Filename = F:\Seq files\Rec-1221-cucumber-whole-000050-355_12_49_22_928.seq
Units = Temperature (C)
Time = 355:13:12:37.113000
FrameNumber = 13943
Preset = 0

2.124047e+01,2.120579e+01,2.118497e+01,2.124047e+01,2.117109e+01,2.115027e+01,2.110166e+01,2.123353e+01,2.114333e+01,2.103219e+01,2.105999e+01,2.111555e+01,2.101134e+01,2.112944e+01,2.112944e+01,2.108083e+01,2.117803e+01,2.116415e+01,2.121966e+01,2.114333e+01,2.109472e+01,2.115721e+01,2.108083e+01,2.128207e+01,2.115027e+01,2.107388e+01,2.110861e+01,2.107388e+01,2.119885e+01,2.117109e+01,2.110861e+01,2.123353e+01,2.119191e+01,2.115721e+01,2.133752e+01,2.116415e+01,2.130980e+01,2.112944e+01,2.113638e+01,2.108083e+01,2.114333e+01,2.112944e+01,2.121272e+01,2.111555e+01,2.113638e+01,2.112250e+01,2.107388e+01,2.103914e+01,2.118497e+01,2.143448e+01,2.114333e+01,2.116415e+01,2.110166e+01,2.112250e+01,2.116415e+01,2.118497e+01,2.116415e+01,2.110166e+01,2.117803e+01,2.133059e+01,2.121272e+01,2.142756e+01,2.136523e+01,2.122660e+01,2.136523e+01,2.144832e+01,2.124740e+01,2.139986e+01,2.110166e+01,2.117109e+01,2.119885e+01,2.123353e+01,2.134445e+01,2.105304e+01,2.108777e+01,2.109472e+01,2.121966e+01,2.136523e+01,2.139293e+01,2.144832e+01,2.139293e+01,2.125434e+01,2.130980e+01,2.112944e+01,2.118497e+01,2.112944e+01,2.117109e+01,2.114333e+01,2.116415e+01,2.117109e+01,2.117109e+01,2.114333e+01,2.109472e+01,2.118497e+01,2.119191e+01,2.119191e+01,2.121272e+01,2.119191e+01,2.121966e+01,2.118497e+01,2.103914e+01,2.102524e+01,2.104609e+01,2.102524e+01,2.105304e+01,2.096267e+01,2.106693e+01,2.109472e+01,2.110861e+01,2.109472e+01,2.108083e+01,2.117803e+01,2.113638e+01,2.109472e+01,2.105999e+01,2.123353e+01,2.114333e+01,2.108083e+01,2.106693e+01,2.108083e+01,2.111555e+01,2.105999e+01,2.114333e+01,2.119885e+01,2.103914e+01,2.111555e+01,2.104609e+01,2.105999e+01,2.115027e+01,2.107388e+01,2.127514e+01,2.105999e+01,2.117803e+01,2.112944e+01,2.127514e+01,2.110166e+01,2.110861e+01,2.116415e+01,2.110861e+01,2.108777e+01,2.111555e+01,2.110166e+01,2.110166e+01,2.111555e+01,2.117109e+01,2.107388e+01,2.126821e+01,2.122660e+01,2.130980e+01,2.124047e+01,2.112250e+01,2.115721e+01,2.107388e+01,2.127514e+01,2.128207e+01,2.112944e+01,2.106693e+01,2.124740e+01,2.114333e+01,2.117109e+01,2.124740e+01,2.117109e+01,2.106693e+01,2.109472e+01,2.116415e+01,2.121966e+01,2.112250e+01,2.093485e+01,2.127514e+01,2.126127e+01,2.114333e+01,2.115027e+01,2.101134e+01,2.113638e+01,2.103914e+01,2.105304e+01,2.125434e+01,2.121272e+01,2.115027e+01,2.114333e+01,2.105999e+01,2.103914e+01,2.113638e+01,2.114333e+01,2.112250e+01,2.124740e+01,2.119885e+01,2.115027e+01,2.114333e+01,2.117803e+01,2.116415e+01,2.106693e+01,2.101134e+01,2.105304e+01,2.112250e+01,2.112250e+01,2.110166e+01,2.111555e+01,2.109472e+01,2.100439e+01,2.111555e+01,2.110861e+01,2.110861e+01,2.116415e+01,2.126127e+01,2.110166e+01,2.108083e+01,2.108777e+01,2.110166e+01,2.126821e+01,2.112250e+01,2.125434e+01,2.118497e+01,2.111555e+01,2.112944e+01,2.115027e+01,2.112944e+01,2.124047e+01,2.132366e+01,2.133752e+01,2.131673e+01,2.131673e+01,2.128207e+01,2.130980e+01,2.132366e+01,2.129594e+01,2.128207e+01,2.115027e+01,2.117803e+01,2.121272e+01,2.117803e+01,2.119885e+01,2.115721e+01,2.129594e+01,2.119885e+01,2.124047e+01,2.111555e+01,2.115027e+01,2.112944e+01,2.108083e+01,2.115027e+01,2.106693e+01,2.106693e+01,2.105999e+01,2.103219e+01,2.106693e+01,2.119885e+01,2.113638e+01,2.109472e+01,2.110166e+01,2.121272e+01,2.101829e+01,2.124047e+01,2.109472e+01,2.118497e+01,2.107388e+01,2.109472e+01,2.111555e+01,2.106693e+01,2.105304e+01,2.110861e+01,2.105304e+01,2.116415e+01,2.098353e+01,2.094180e+01,2.094180e+01,2.115721e+01,2.103914e+01,2.103914e+01,2.099744e+01,2.102524e+01,2.099048e+01,2.099744e+01,2.101829e+01,2.110861e+01,2.108083e+01,2.094876e+01,2.110166e+01,2.094876e+01,2.097658e+01,2.105304e+01,2.093485e+01,2.099048e+01,2.120579e+01,2.102524e+01,2.102524e+01,2.109472e+01,2.107388e+01,2.104609e+01,2.103219e+01,2.106693e+01,2.119191e+01,2.103219e+01,2.114333e+01,2.117109e+01,2.116415e+01,2.116415e+01,2.104609e+01,2.108777e+01,2.111555e+01,2.117803e+01,2.101134e+01,2.101829e+01,2.121966e+01,2.104609e+01,2.103914e+01,2.109472e+01,2.103219e+01,2.112250e+01,2.111555e+01,2.108777e+01,2.102524e+01,2.123353e+01,2.125434e+01,2.113638e+01,2.119885e+01,2.116415e+01,2.117803e+01,2.117109e+01,2.121272e+01,2.118497e+01,2.121966e+01,2.112250e+01,2.120579e+01,2.109472e+01,2.124740e+01,2.108777e+01,2.103914e+01,2.106693e+01,2.121272e+01,2.105304e+01,2.116415e+01,2.113638e+01,2.105999e+01,2.106693e+01,2.103219e+01,2.101829e+01,2.099048e+01,2.101829e+01,2.102524e+01,2.101134e+01,2.092789e+01,2.100439e+01,2.101134e+01,2.094876e+01,2.094876e+01,2.101829e+01,2.100439e+01,2.108777e+01,2.104609e+01,2.096962e+01,2.096962e+01,2.094876e+01,2.109472e+01,2.097658e+01,2.102524e+01,2.094876e+01,2.099744e+01,2.111555e+01,2.101829e+01,2.101134e+01,2.114333e+01,2.101134e+01,2.099048e+01,2.101829e+01,2.106693e+01,2.110166e+01,2.104609e+01,2.105999e+01,2.117109e+01,2.100439e+01,2.101829e+01,2.098353e+01,2.106693e+01,2.109472e+01,2.102524e+01,2.104609e+01,2.113638e+01,2.110166e+01,2.120579e+01,2.113638e+01,2.101829e+01,2.099048e+01,2.078866e+01,2.081652e+01,2.094180e+01,2.114333e+01,2.117109e+01,2.118497e+01,2.119885e+01,2.116415e+01,2.119191e+01,2.119191e+01,2.117803e+01,2.119885e+01,2.121966e+01,2.121272e+01,2.108777e+01,2.110166e+01,2.109472e+01,2.110861e+01,2.112250e+01,2.119191e+01,2.108083e+01,2.115721e+01,2.106693e+01,2.117109e+01,2.125434e+01,2.109472e+01,2.113638e+01,2.124740e+01,2.117109e+01,2.112944e+01,2.123353e+01,2.124740e+01,2.121966e+01,2.115027e+01,2.119885e+01,2.119191e+01,2.122660e+01,2.119191e+01,2.106693e+01,2.133752e+01,2.105304e+01,2.105304e+01,2.112944e+01,2.115027e+01,2.109472e+01,2.109472e+01,2.105304e+01,2.122660e+01,2.111555e+01,2.111555e+01,2.104609e+01,2.099744e+01,2.112250e+01,2.115027e+01,2.112250e+01,2.103219e+01,2.106693e+01,2.102524e+01,2.101134e+01,2.101829e+01,2.101829e+01,2.102524e+01,2.102524e+01,2.118497e+01,2.103219e+01,2.103219e+01,2.111555e+01,2.108083e+01,2.109472e+01,2.112250e+01,2.109472e+01,2.112250e+01,2.113638e+01,2.117803e+01,2.117109e+01,2.105999e+01,2.115027e+01,2.117109e+01,2.121966e+01,2.103219e+01,2.121966e+01,2.099048e+01,2.120579e+01,2.108083e+01,2.100439e+01,2.110166e+01,2.117109e+01,2.115027e+01,2.113638e+01,2.128207e+01,2.108777e+01,2.103219e+01,2.117803e+01,2.120579e+01,2.115721e+01,2.125434e+01,2.115027e+01,2.105999e+01,2.103219e+01,2.103219e+01,2.110166e+01,2.105999e+01,2.105999e+01,2.112944e+01,2.115721e+01,2.116415e+01,2.117109e+01,2.110166e+01,2.120579e+01,2.108083e+01,2.109472e+01,2.114333e+01,2.116415e+01,2.118497e+01,2.106693e+01,2.110861e+01,2.145524e+01,2.121272e+01,2.115027e+01,2.097658e+01,2.110861e+01,2.130980e+01,2.128901e+01,2.110166e+01,2.106693e+01,2.109472e+01,2.103914e+01,2.115027e+01,2.099744e+01,2.110861e+01,2.119191e+01,2.123353e+01,2.121966e+01,2.112250e+01,2.096962e+01,2.102524e+01,2.103219e+01,2.112944e+01,2.107388e+01,2.126127e+01,2.112944e+01,2.115027e+01,2.112250e+01,2.115721e+01,2.110861e+01,2.115721e+01,2.122660e+01,2.109472e+01,2.121966e+01,2.117803e+01,2.088614e+01,2.099744e+01,2.098353e+01,2.099048e+01,2.096962e+01,2.097658e+01,2.104609e+01,2.111555e+01,2.113638e+01,2.110861e+01,2.113638e+01,2.091398e+01,2.089310e+01,2.104609e+01,2.101829e+01,2.099744e+01,2.106693e+01,2.080259e+01,2.080259e+01,2.091398e+01,2.086526e+01,2.085830e+01,2.103914e+01,2.087918e+01,2.105999e+01,2.081652e+01,2.078866e+01,2.078169e+01,2.076079e+01,2.076079e+01,2.079562e+01,2.083741e+01,2.083741e+01,2.080259e+01,2.101829e+01,2.102524e+01,2.101134e+01,2.102524e+01,2.101829e+01,2.110166e+01,2.105304e+01,2.105999e+01,2.113638e+01,2.108083e+01,2.112250e+01,2.098353e+01,2.092093e+01,2.101829e+01,2.099048e+01,2.090702e+01,2.105999e+01,2.112944e+01,2.100439e+01,2.096962e+01,2.103219e+01,2.087222e+01,2.096267e+01,2.099048e+01,2.101829e+01,2.110166e+01,2.111555e+01,2.109472e+01,2.110861e+01,2.101134e+01,2.101134e+01,2.101134e+01,2.092093e+01,2.104609e+01,2.099744e+01,2.112250e+01,2.094876e+01,2.104609e+01,2.105999e+01,2.105304e+01,2.103219e+01,2.099744e+01,2.094180e+01,2.095572e+01,2.113638e+01,2.108083e+01,2.103914e+01,2.089310e+01,2.106693e+01,2.113638e+01,2.096267e+01,2.115721e+01,2.101829e+01,2.115027e+01,2.108777e+01,2.096962e+01,2.100439e+01,2.101134e+01,2.099744e+01,2.101134e+01,2.112250e+01,2.111555e+01,2.078169e+01,2.094180e+01,2.096267e+01,2.094876e+01,2.091398e+01,2.076775e+01,2.110166e+01,2.111555e+01,2.092789e+01,2.110861e+01,2.087222e+01
2.102524e+01,2.103914e+01,2.126821e+01,2.126127e+01,2.116415e+01,2.120579e+01,2.124740e+01,2.135830e+01,2.118497e+01,2.126821e+01,2.112250e+01,2.113638e+01,2.105999e+01,2.114333e+01,2.116415e+01,2.134445e+01,2.131673e+01,2.120579e+01,2.107388e+01,2.108777e+01,2.129594e+01,2.129594e+01,2.109472e+01,2.128901e+01,2.111555e+01,2.125434e+01,2.115721e+01,2.110861e+01,2.116415e+01,2.117109e+01,2.110166e+01,2.114333e+01,2.118497e+01,2.129594e+01,2.114333e+01,2.126821e+01,2.128207e+01,2.126127e+01,2.116415e+01,2.119191e+01,2.114333e+01,2.112944e+01,2.112250e+01,2.110861e+01,2.116415e+01,2.128901e+01,2.110861e+01,2.111555e+01,2.115027e+01,2.110166e+01,2.100439e+01,2.113638e+01,2.101134e+01,2.101134e+01,2.113638e+01,2.114333e+01,2.114333e+01,2.115721e+01,2.130287e+01,2.138601e+01,2.138601e+01,2.135138e+01,2.117803e+01,2.133752e+01,2.142756e+01,2.146216e+01,2.123353e+01,2.124740e+01,2.121966e+01,2.121966e+01,2.113638e+01,2.119885e+01,2.117109e+01,2.114333e+01,2.117803e+01,2.139293e+01,2.126127e+01,2.131673e+01,2.144140e+01,2.160048e+01,2.140678e+01,2.130287e+01,2.126127e+01,2.136523e+01,2.117109e+01,2.134445e+01,2.119191e+01,2.140678e+01,2.117109e+01,2.111555e+01,2.118497e+01,2.114333e+01,2.135830e+01,2.117109e+01,2.112944e+01,2.110166e+01,2.106693e+01,2.099048e+01,2.101829e+01,2.106693e+01,2.119191e+01,2.094180e+01,2.110166e+01,2.125434e+01,2.094876e+01,2.097658e+01,2.096267e+01,2.104609e+01,2.101134e+01,2.112944e+01,2.108777e+01,2.103914e+01,2.104609e+01,2.105304e+01,2.122660e+01,2.124047e+01,2.123353e+01,2.105999e+01,2.106693e+01,2.108083e+01,2.106693e+01,2.119191e+01,2.125434e+01,2.117109e+01,2.103219e+01,2.113638e+01,2.110166e+01,2.126127e+01,2.130980e+01,2.108777e+01,2.117109e+01,2.121966e+01,2.099744e+01,2.110166e+01,2.127514e+01,2.115027e+01,2.111555e+01,2.107388e+01,2.123353e+01,2.105304e+01,2.116415e+01,2.118497e+01,2.125434e+01,2.105999e+01,2.124047e+01,2.105304e+01,2.126127e+01,2.122660e+01,2.120579e+01,2.110166e+01,2.123353e+01,2.111555e+01,2.110861e+01,2.117803e+01,2.100439e+01,2.105304e+01,2.119191e+01,2.108083e+01,2.105999e+01,2.117803e+01,2.109472e+01,2.113638e+01,2.128901e+01,2.124740e+01,2.113638e+01,2.116415e+01,2.116415e+01,2.113638e+01,2.115027e+01,2.115027e+01,2.109472e+01,2.105304e+01,2.110861e+01,2.105999e+01,2.096962e+01,2.105999e+01,2.119885e+01,2.116415e+01,2.121966e+01,2.108777e+01,2.108083e+01,2.119885e+01,2.114333e+01,2.115721e+01,2.112944e+01,2.111555e+01,2.124047e+01,2.124740e+01,2.121966e+01,2.115027e+01,2.117803e+01,2.108083e+01,2.110166e+01,2.106693e+01,2.109472e+01,2.111555e+01,2.111555e+01,2.111555e+01,2.110166e+01,2.110861e+01,2.096267e+01,2.105999e+01,2.111555e+01,2.096267e+01,2.115027e+01,2.112250e+01,2.107388e+01,2.108083e+01,2.110166e+01,2.108777e+01,2.121966e+01,2.111555e+01,2.110166e+01,2.103914e+01,2.110166e+01,2.110166e+01,2.120579e+01,2.139293e+01,2.133059e+01,2.121272e+01,2.130287e+01,2.137216e+01,2.130287e+01,2.131673e+01,2.129594e+01,2.120579e+01,2.127514e+01,2.107388e+01,2.106693e+01,2.115027e+01,2.112250e+01,2.112250e+01,2.135138e+01,2.090702e+01,2.112250e+01,2.112250e+01,2.115721e+01,2.105304e+01,2.125434e+01,2.110166e+01,2.114333e+01,2.115721e+01,2.111555e+01,2.117109e+01,2.121272e+01,2.117109e+01,2.109472e+01,2.111555e+01,2.121272e+01,2.114333e+01,2.120579e+01,2.105999e+01,2.121966e+01,2.105304e+01,2.108083e+01,2.103219e+01,2.104609e+01,2.112250e+01,2.102524e+01,2.100439e+01,2.103914e+01,2.120579e+01,2.121272e+01,2.121272e+01,2.116415e+01,2.106693e+01,2.107388e+01,2.102524e+01,2.113638e+01,2.101829e+01,2.099744e+01,2.115027e+01,2.103219e+01,2.104609e+01,2.104609e+01,2.087222e+01,2.099744e+01,2.104609e+01,2.087918e+01,2.095572e+01,2.094180e+01,2.091398e+01,2.098353e+01,2.123353e+01,2.107388e+01,2.106693e+01,2.103914e+01,2.105304e+01,2.110861e+01,2.112250e+01,2.112944e+01,2.105999e+01,2.098353e+01,2.112944e+01,2.103219e+01,2.114333e+01,2.114333e+01,2.092789e+01,2.103914e+01,2.113638e+01,2.101829e+01,2.103914e+01,2.124047e+01,2.104609e+01,2.124740e+01,2.104609e+01,2.115721e+01,2.119191e+01,2.108083e+01,2.117109e+01,2.100439e+01,2.118497e+01,2.110166e+01,2.108777e+01,2.110861e+01,2.105304e+01,2.127514e+01,2.119191e+01,2.122660e+01,2.120579e+01,2.119885e+01,2.119191e+01,2.119191e+01,2.121272e+01,2.124740e+01,2.113638e+01,2.112250e+01,2.119191e+01,2.114333e+01,2.119885e+01,2.113638e+01,2.118497e+01,2.105999e+01,2.107388e+01,2.104609e+01,2.108777e+01,2.100439e+01,2.101134e+01,2.102524e+01,2.099048e+01,2.097658e+01,2.101829e+01,2.099744e+01,2.098353e+01,2.103219e+01,2.099048e+01,2.105999e+01,2.101829e+01,2.101134e+01,2.108083e+01,2.109472e+01,2.096962e+01,2.105304e+01,2.106693e+01,2.091398e+01,2.115721e+01,2.112944e+01,2.103219e+01,2.115027e+01,2.105304e+01,2.114333e+01,2.102524e+01,2.103914e+01,2.102524e+01,2.108777e+01,2.105999e+01,2.107388e+01,2.104609e+01,2.112944e+01,2.105999e+01,2.115721e+01,2.117803e+01,2.115027e+01,2.115721e+01,2.109472e+01,2.110861e+01,2.101829e+01,2.103219e+01,2.105304e+01,2.100439e+01,2.110861e+01,2.099048e+01,2.089310e+01,2.064923e+01,2.076079e+01,2.096267e+01,2.106693e+01,2.117803e+01,2.126821e+01,2.117109e+01,2.122660e+01,2.120579e+01,2.122660e+01,2.117803e+01,2.104609e+01,2.118497e+01,2.114333e+01,2.113638e+01,2.115027e+01,2.110166e+01,2.112250e+01,2.110861e+01,2.117803e+01,2.113638e+01,2.113638e+01,2.115721e+01,2.117109e+01,2.123353e+01,2.108083e+01,2.103914e+01,2.109472e+01,2.114333e+01,2.121272e+01,2.135830e+01,2.129594e+01,2.116415e+01,2.119191e+01,2.120579e+01,2.119885e+01,2.120579e+01,2.120579e+01,2.103914e+01,2.110166e+01,2.103914e+01,2.105999e+01,2.108083e+01,2.101134e+01,2.119191e+01,2.107388e+01,2.102524e+01,2.112250e+01,2.107388e+01,2.110166e+01,2.101134e+01,2.111555e+01,2.106693e+01,2.105999e+01,2.107388e+01,2.102524e+01,2.098353e+01,2.106693e+01,2.103219e+01,2.110166e+01,2.103914e+01,2.103219e+01,2.115027e+01,2.112250e+01,2.119191e+01,2.107388e+01,2.102524e+01,2.111555e+01,2.113638e+01,2.103914e+01,2.111555e+01,2.111555e+01,2.113638e+01,2.112250e+01,2.112250e+01,2.120579e+01,2.118497e+01,2.115027e+01,2.109472e+01,2.099744e+01,2.114333e+01,2.117109e+01,2.119885e+01,2.110861e+01,2.115721e+01,2.116415e+01,2.113638e+01,2.111555e+01,2.110166e+01,2.126127e+01,2.115027e+01,2.114333e+01,2.112944e+01,2.118497e+01,2.115721e+01,2.115721e+01,2.121272e+01,2.124740e+01,2.115721e+01,2.112250e+01,2.112944e+01,2.111555e+01,2.099048e+01,2.121966e+01,2.112250e+01,2.114333e+01,2.112944e+01,2.112250e+01,2.118497e+01,2.114333e+01,2.113638e+01,2.114333e+01,2.107388e+01,2.110166e+01,2.109472e+01,2.110861e+01,2.110166e+01,2.118497e+01,2.110861e+01,2.112944e+01,2.103219e+01,2.110861e+01,2.129594e+01,2.129594e+01,2.130287e+01,2.112250e+01,2.110861e+01,2.130287e+01,2.123353e+01,2.111555e+01,2.119191e+01,2.109472e+01,2.126127e+01,2.111555e+01,2.117109e+01,2.112250e+01,2.108083e+01,2.107388e+01,2.119191e+01,2.119191e+01,2.113638e+01,2.119191e+01,2.114333e+01,2.114333e+01,2.115721e+01,2.110166e+01,2.111555e+01,2.107388e+01,2.114333e+01,2.117109e+01,2.123353e+01,2.124047e+01,2.098353e+01,2.099048e+01,2.099048e+01,2.097658e+01,2.100439e+01,2.102524e+01,2.109472e+01,2.100439e+01,2.105304e+01,2.099048e+01,2.097658e+01,2.099048e+01,2.098353e+01,2.091398e+01,2.105999e+01,2.078866e+01,2.099048e+01,2.091398e+01,2.085830e+01,2.093485e+01,2.087918e+01,2.090702e+01,2.085134e+01,2.082348e+01,2.102524e+01,2.067016e+01,2.080259e+01,2.080955e+01,2.086526e+01,2.088614e+01,2.090006e+01,2.099744e+01,2.101134e+01,2.101134e+01,2.096962e+01,2.101829e+01,2.099048e+01,2.084437e+01,2.107388e+01,2.110166e+01,2.109472e+01,2.087222e+01,2.108777e+01,2.110166e+01,2.085134e+01,2.103219e+01,2.107388e+01,2.105304e+01,2.071200e+01,2.101134e+01,2.098353e+01,2.087918e+01,2.080259e+01,2.087222e+01,2.094180e+01,2.082348e+01,2.083045e+01,2.087222e+01,2.095572e+01,2.108777e+01,2.107388e+01,2.066318e+01,2.096267e+01,2.062830e+01,2.090702e+01,2.067713e+01,2.085830e+01,2.087222e+01,2.081652e+01,2.067016e+01,2.093485e+01,2.084437e+01,2.074685e+01,2.090702e+01,2.093485e+01,2.081652e+01,2.097658e+01,2.087918e+01,2.100439e+01,2.097658e+01,2.093485e+01,2.103219e+01,2.097658e+01,2.112944e+01,2.112250e+01,2.101134e+01,2.107388e+01,2.103219e+01,2.105304e+01,2.087222e+01,2.105304e+01,2.094180e+01,2.058643e+01,2.055152e+01,2.074685e+01,2.069108e+01,2.060039e+01,2.064923e+01,2.073291e+01,2.063528e+01,2.063528e+01,2.076079e+01,2.055850e+01,2.060736e+01,2.064923e+01
2.113638e+01,2.121272e+01,2.124740e+01,2.108083e+01,2.110166e+01,2.112944e+01,2.118497e+01,2.115027e+01,2.103914e+01,2.118497e+01,2.117109e+01,2.117109e+01,2.110861e+01,2.126127e+01,2.126821e+01,2.111555e+01,2.117803e+01,2.111555e+01,2.105304e+01,2.113638e+01,2.128207e+01,2.127514e+01,2.112944e+01,2.112250e+01,2.110166e+01,2.130287e+01,2.126127e+01,2.112250e+01,2.104609e+01,2.108777e+01,2.110861e+01,2.105304e+01,2.127514e+01,2.122660e+01,2.115721e+01,2.113638e+01,2.121272e+01,2.117803e+01,2.130980e+01,2.113638e+01,2.112250e+01,2.112250e+01,2.108777e+01,2.111555e+01,2.107388e+01,2.126821e+01,2.112944e+01,2.102524e+01,2.106693e+01,2.103219e+01,2.101134e+01,2.110166e+01,2.118497e+01,2.114333e+01,2.115027e+01,2.112944e+01,2.099048e+01,2.112944e+01,2.112250e+01,2.110166e+01,2.127514e+01,2.142063e+01,2.148984e+01,2.119191e+01,2.137908e+01,2.121966e+01,2.148292e+01,2.122660e+01,2.118497e+01,2.121272e+01,2.112250e+01,2.108777e+01,2.119191e+01,2.124740e+01,2.119191e+01,2.119191e+01,2.114333e+01,2.125434e+01,2.146216e+01,2.142756e+01,2.140678e+01,2.132366e+01,2.130287e+01,2.138601e+01,2.121272e+01,2.117109e+01,2.120579e+01,2.138601e+01,2.139986e+01,2.121966e+01,2.110861e+01,2.123353e+01,2.122660e+01,2.108083e+01,2.116415e+01,2.117109e+01,2.131673e+01,2.121966e+01,2.108083e+01,2.099744e+01,2.105304e+01,2.096267e+01,2.120579e+01,2.103219e+01,2.103219e+01,2.094180e+01,2.096962e+01,2.101829e+01,2.115721e+01,2.105999e+01,2.121272e+01,2.105304e+01,2.107388e+01,2.109472e+01,2.107388e+01,2.115721e+01,2.123353e+01,2.123353e+01,2.110861e+01,2.112250e+01,2.111555e+01,2.113638e+01,2.113638e+01,2.114333e+01,2.109472e+01,2.110861e+01,2.108083e+01,2.101829e+01,2.112250e+01,2.105304e+01,2.111555e+01,2.102524e+01,2.113638e+01,2.121272e+01,2.121272e+01,2.128901e+01,2.109472e+01,2.108083e+01,2.109472e+01,2.117803e+01,2.108083e+01,2.117109e+01,2.121966e+01,2.108083e+01,2.124740e+01,2.122660e+01,2.105999e+01,2.108083e+01,2.125434e+01,2.108777e+01,2.110861e+01,2.130287e+01,2.111555e+01,2.110861e+01,2.111555e+01,2.110861e+01,2.116415e+01,2.118497e+01,2.102524e+01,2.118497e+01,2.104609e+01,2.114333e+01,2.108777e+01,2.117803e+01,2.119191e+01,2.110166e+01,2.124047e+01,2.123353e+01,2.115721e+01,2.123353e+01,2.108083e+01,2.105999e+01,2.111555e+01,2.121272e+01,2.125434e+01,2.121966e+01,2.126127e+01,2.121966e+01,2.110166e+01,2.133752e+01,2.117803e+01,2.121966e+01,2.120579e+01,2.105999e+01,2.115027e+01,2.110861e+01,2.109472e+01,2.113638e+01,2.120579e+01,2.121272e+01,2.107388e+01,2.107388e+01,2.109472e+01,2.103914e+01,2.103914e+01,2.100439e+01,2.108777e+01,2.104609e+01,2.110861e+01,2.104609e+01,2.111555e+01,2.110166e+01,2.113638e+01,2.104609e+01,2.109472e+01,2.117803e+01,2.109472e+01,2.116415e+01,2.111555e+01,2.108777e+01,2.123353e+01,2.108083e+01,2.106693e+01,2.103914e+01,2.111555e+01,2.108777e+01,2.117109e+01,2.126127e+01,2.125434e+01,2.122660e+01,2.119885e+01,2.119885e+01,2.116415e+01,2.112944e+01,2.118497e+01,2.112250e+01,2.119191e+01,2.112944e+01,2.116415e+01,2.114333e+01,2.113638e+01,2.118497e+01,2.113638e+01,2.110861e+01,2.112944e+01,2.105304e+01,2.112944e+01,2.112944e+01,2.125434e+01,2.127514e+01,2.116415e+01,2.107388e+01,2.108083e+01,2.105999e+01,2.108777e+01,2.112250e+01,2.110166e+01,2.109472e+01,2.108777e+01,2.116415e+01,2.123353e+01,2.123353e+01,2.107388e+01,2.105304e+01,2.114333e+01,2.116415e+01,2.105304e+01,2.112250e+01,2.108777e+01,2.102524e+01,2.106693e+01,2.110861e+01,2.101829e+01,2.103219e+01,2.110166e+01,2.117803e+01,2.106693e+01,2.096962e+01,2.105304e+01,2.103219e+01,2.101134e+01,2.109472e+01,2.089310e+01,2.108777e+01,2.111555e+01,2.107388e+01,2.087222e+01,2.113638e+01,2.127514e+01,2.096962e+01,2.096962e+01,2.099744e+01,2.102524e+01,2.101134e+01,2.104609e+01,2.090006e+01,2.111555e+01,2.104609e+01,2.100439e+01,2.101134e+01,2.101829e+01,2.099744e+01,2.094876e+01,2.103219e+01,2.108777e+01,2.099744e+01,2.115027e+01,2.103219e+01,2.111555e+01,2.102524e+01,2.119885e+01,2.102524e+01,2.114333e+01,2.122660e+01,2.104609e+01,2.110861e+01,2.104609e+01,2.115721e+01,2.117803e+01,2.115721e+01,2.116415e+01,2.121966e+01,2.108777e+01,2.118497e+01,2.108777e+01,2.114333e+01,2.111555e+01,2.107388e+01,2.121272e+01,2.117109e+01,2.120579e+01,2.114333e+01,2.120579e+01,2.120579e+01,2.121272e+01,2.103914e+01,2.103219e+01,2.101829e+01,2.121272e+01,2.109472e+01,2.123353e+01,2.112944e+01,2.114333e+01,2.120579e+01,2.121966e+01,2.109472e+01,2.104609e+01,2.096267e+01,2.101134e+01,2.084437e+01,2.102524e+01,2.101829e+01,2.124047e+01,2.101134e+01,2.103914e+01,2.096962e+01,2.097658e+01,2.092093e+01,2.103219e+01,2.105304e+01,2.112250e+01,2.102524e+01,2.100439e+01,2.105999e+01,2.092789e+01,2.099048e+01,2.111555e+01,2.097658e+01,2.100439e+01,2.115721e+01,2.108777e+01,2.115027e+01,2.110861e+01,2.104609e+01,2.105304e+01,2.108777e+01,2.105304e+01,2.104609e+01,2.114333e+01,2.103914e+01,2.101134e+01,2.115027e+01,2.115027e+01,2.107388e+01,2.103219e+01,2.105999e+01,2.108777e+01,2.107388e+01,2.108777e+01,2.117109e+01,2.108083e+01,2.107388e+01,2.079562e+01,2.045371e+01,2.079562e+01,2.115027e+01,2.094876e+01,2.114333e+01,2.115721e+01,2.118497e+01,2.124740e+01,2.118497e+01,2.122660e+01,2.112944e+01,2.119885e+01,2.118497e+01,2.110166e+01,2.115027e+01,2.109472e+01,2.112250e+01,2.108777e+01,2.110166e+01,2.124740e+01,2.124740e+01,2.115027e+01,2.108777e+01,2.103219e+01,2.101829e+01,2.110166e+01,2.115721e+01,2.108777e+01,2.110166e+01,2.105304e+01,2.131673e+01,2.121966e+01,2.104609e+01,2.115027e+01,2.119885e+01,2.105304e+01,2.106693e+01,2.119885e+01,2.117803e+01,2.110861e+01,2.110166e+01,2.131673e+01,2.110166e+01,2.121272e+01,2.103219e+01,2.112250e+01,2.105999e+01,2.107388e+01,2.112250e+01,2.105304e+01,2.103219e+01,2.104609e+01,2.104609e+01,2.102524e+01,2.091398e+01,2.090006e+01,2.101829e+01,2.095572e+01,2.126821e+01,2.103219e+01,2.103914e+01,2.110166e+01,2.105304e+01,2.110861e+01,2.119191e+01,2.119885e+01,2.117803e+01,2.105304e+01,2.123353e+01,2.118497e+01,2.110166e+01,2.112250e+01,2.117803e+01,2.120579e+01,2.113638e+01,2.112944e+01,2.112944e+01,2.129594e+01,2.124047e+01,2.123353e+01,2.118497e+01,2.106693e+01,2.122660e+01,2.117109e+01,2.111555e+01,2.126127e+01,2.110861e+01,2.115027e+01,2.113638e+01,2.109472e+01,2.102524e+01,2.112944e+01,2.119191e+01,2.112944e+01,2.115721e+01,2.118497e+01,2.124047e+01,2.111555e+01,2.115721e+01,2.112250e+01,2.111555e+01,2.116415e+01,2.111555e+01,2.121272e+01,2.101829e+01,2.119885e+01,2.130287e+01,2.110166e+01,2.119191e+01,2.112250e+01,2.110861e+01,2.120579e+01,2.104609e+01,2.116415e+01,2.118497e+01,2.121272e+01,2.106693e+01,2.110861e+01,2.130287e+01,2.112250e+01,2.126127e+01,2.116415e+01,2.117109e+01,2.111555e+01,2.109472e+01,2.112250e+01,2.115721e+01,2.128207e+01,2.111555e+01,2.114333e+01,2.110166e+01,2.111555e+01,2.114333e+01,2.111555e+01,2.097658e+01,2.106693e+01,2.091398e+01,2.099744e+01,2.092789e+01,2.092093e+01,2.115027e+01,2.090006e+01,2.112944e+01,2.114333e+01,2.100439e+01,2.099048e+01,2.101829e+01,2.110861e+01,2.105999e+01,2.099744e+01,2.116415e+01,2.085134e+01,2.087918e+01,2.094876e+01,2.095572e+01,2.080955e+01,2.101134e+01,2.105304e+01,2.104609e+01,2.105304e+01,2.087222e+01,2.112250e+01,2.101829e+01,2.100439e+01,2.096962e+01,2.099744e+01,2.111555e+01,2.105304e+01,2.097658e+01,2.087918e+01,2.085134e+01,2.086526e+01,2.103219e+01,2.085134e+01,2.080259e+01,2.078169e+01,2.099744e+01,2.082348e+01,2.090702e+01,2.090702e+01,2.090006e+01,2.089310e+01,2.099048e+01,2.096267e+01,2.100439e+01,2.100439e+01,2.101134e+01,2.094876e+01,2.105304e+01,2.087222e+01,2.087222e+01,2.098353e+01,2.109472e+01,2.083741e+01,2.067713e+01,2.080259e+01,2.083741e+01,2.053057e+01,2.054453e+01,2.074685e+01,2.060736e+01,2.055850e+01,2.069805e+01,2.041176e+01,2.070502e+01,2.044672e+01,2.049564e+01,2.067713e+01,2.082348e+01,2.056548e+01,2.043973e+01,2.062132e+01,2.065621e+01,2.068410e+01,2.038379e+01,2.063528e+01,2.063528e+01,2.059340e+01,2.048865e+01,2.050262e+01,2.050961e+01,2.063528e+01,2.053755e+01,2.065621e+01,2.049564e+01,2.061434e+01,2.050262e+01,2.043973e+01,2.076775e+01,2.049564e+01,2.046070e+01,2.073291e+01,2.055850e+01,2.085134e+01,2.092093e+01,2.092093e+01,2.110861e+01,2.089310e+01,2.107388e+01,2.113638e+01,2.102524e+01,2.087918e+01,2.057944e+01,2.051660e+01,2.077472e+01,2.048865e+01,2.057944e+01,2.048166e+01,2.039078e+01,2.062830e+01,2.057944e+01,2.061434e+01,2.060039e+01,2.063528e+01,2.055152e+01,2.064225e+01,2.073988e+01
2.105304e+01,2.124047e+01,2.112944e+01,2.113638e+01,2.115721e+01,2.110861e+01,2.112250e+01,2.115721e+01,2.106693e+01,2.111555e+01,2.115027e+01,2.113638e+01,2.113638e+01,2.117803e+01,2.128901e+01,2.112250e+01,2.110166e+01,2.112944e+01,2.099048e+01,2.113638e+01,2.098353e+01,2.117109e+01,2.113638e+01,2.115027e+01,2.110861e+01,2.110166e+01,2.111555e+01,2.103914e+01,2.115027e+01,2.112250e+01,2.115027e+01,2.135138e+01,2.116415e+01,2.126127e+01,2.125434e+01,2.126127e+01,2.114333e+01,2.110166e+01,2.115721e+01,2.114333e+01,2.124047e+01,2.111555e+01,2.114333e+01,2.125434e+01,2.104609e+01,2.109472e+01,2.097658e+01,2.103914e+01,2.106693e+01,2.109472e+01,2.110166e+01,2.099048e+01,2.101829e+01,2.097658e+01,2.101829e+01,2.108777e+01,2.122660e+01,2.112250e+01,2.128901e+01,2.113638e+01,2.130980e+01,2.127514e+01,2.119885e+01,2.135138e+01,2.151751e+01,2.133059e+01,2.124047e+01,2.127514e+01,2.114333e+01,2.110166e+01,2.106693e+01,2.095572e+01,2.108083e+01,2.117109e+01,2.110861e+01,2.114333e+01,2.146216e+01,2.145524e+01,2.144832e+01,2.142756e+01,2.145524e+01,2.133059e+01,2.134445e+01,2.124047e+01,2.117109e+01,2.132366e+01,2.116415e+01,2.132366e+01,2.121966e+01,2.110166e+01,2.118497e+01,2.104609e+01,2.105304e+01,2.115027e+01,2.121966e+01,2.100439e+01,2.107388e+01,2.097658e+01,2.096267e+01,2.098353e+01,2.101134e+01,2.105304e+01,2.107388e+01,2.096267e+01,2.095572e+01,2.105999e+01,2.096962e+01,2.102524e+01,2.103914e+01,2.105999e+01,2.107388e+01,2.103914e+01,2.105304e+01,2.108083e+01,2.103219e+01,2.117803e+01,2.109472e+01,2.103219e+01,2.105304e+01,2.087222e+01,2.105999e+01,2.105999e+01,2.104609e+01,2.110166e+01,2.109472e+01,2.108083e+01,2.106693e+01,2.107388e+01,2.113638e+01,2.109472e+01,2.124047e+01,2.105304e+01,2.109472e+01,2.111555e+01,2.114333e+01,2.109472e+01,2.109472e+01,2.106693e+01,2.110166e+01,2.118497e+01,2.107388e+01,2.111555e+01,2.122660e+01,2.106693e+01,2.109472e+01,2.105304e+01,2.110166e+01,2.102524e+01,2.099744e+01,2.107388e+01,2.117803e+01,2.101829e+01,2.117109e+01,2.108083e+01,2.113638e+01,2.104609e+01,2.104609e+01,2.103914e+01,2.105304e+01,2.108083e+01,2.101829e+01,2.108777e+01,2.116415e+01,2.115721e+01,2.119885e+01,2.113638e+01,2.122660e+01,2.114333e+01,2.122660e+01,2.108777e+01,2.117803e+01,2.106693e+01,2.103914e+01,2.097658e+01,2.119191e+01,2.110166e+01,2.112944e+01,2.121966e+01,2.115721e+01,2.105304e+01,2.111555e+01,2.117109e+01,2.110861e+01,2.110861e+01,2.122660e+01,2.115027e+01,2.112250e+01,2.115027e+01,2.116415e+01,2.117109e+01,2.105304e+01,2.118497e+01,2.116415e+01,2.101829e+01,2.123353e+01,2.108083e+01,2.105999e+01,2.108777e+01,2.106693e+01,2.105304e+01,2.090006e+01,2.105999e+01,2.109472e+01,2.109472e+01,2.110166e+01,2.121966e+01,2.113638e+01,2.108083e+01,2.113638e+01,2.121966e+01,2.108777e+01,2.108083e+01,2.107388e+01,2.109472e+01,2.113638e+01,2.110166e+01,2.112944e+01,2.117109e+01,2.112944e+01,2.118497e+01,2.103914e+01,2.112250e+01,2.115721e+01,2.117803e+01,2.110166e+01,2.119191e+01,2.112944e+01,2.108777e+01,2.097658e+01,2.101134e+01,2.112944e+01,2.115721e+01,2.112250e+01,2.107388e+01,2.108777e+01,2.112250e+01,2.108777e+01,2.110166e+01,2.114333e+01,2.101829e+01,2.101829e+01,2.121272e+01,2.116415e+01,2.109472e+01,2.110861e+01,2.117109e+01,2.119191e+01,2.110166e+01,2.110166e+01,2.108083e+01,2.104609e+01,2.103914e+01,2.122660e+01,2.102524e+01,2.099744e+01,2.112250e+01,2.108083e+01,2.101829e+01,2.108083e+01,2.109472e+01,2.116415e+01,2.113638e+01,2.119885e+01,2.117803e+01,2.103914e+01,2.111555e+01,2.095572e+01,2.099048e+01,2.099744e+01,2.104609e+01,2.101134e+01,2.100439e+01,2.098353e+01,2.100439e+01,2.095572e+01,2.110166e+01,2.099048e+01,2.098353e+01,2.099048e+01,2.106693e+01,2.101134e+01,2.094876e+01,2.092789e+01,2.096962e+01,2.104609e+01,2.102524e+01,2.105304e+01,2.092093e+01,2.100439e+01,2.113638e+01,2.094876e+01,2.103914e+01,2.111555e+01,2.099048e+01,2.100439e+01,2.113638e+01,2.108083e+01,2.103914e+01,2.101829e+01,2.099744e+01,2.096962e+01,2.101829e+01,2.103219e+01,2.105304e+01,2.111555e+01,2.101134e+01,2.105304e+01,2.107388e+01,2.107388e+01,2.105999e+01,2.103219e+01,2.110861e+01,2.108777e+01,2.112250e+01,2.108777e+01,2.114333e+01,2.110861e+01,2.110861e+01,2.115027e+01,2.119885e+01,2.117803e+01,2.115027e+01,2.113638e+01,2.105999e+01,2.121966e+01,2.101829e+01,2.110861e+01,2.101134e+01,2.113638e+01,2.117803e+01,2.111555e+01,2.114333e+01,2.116415e+01,2.117109e+01,2.095572e+01,2.104609e+01,2.109472e+01,2.094876e+01,2.099048e+01,2.102524e+01,2.101829e+01,2.108777e+01,2.099744e+01,2.099048e+01,2.100439e+01,2.099744e+01,2.108777e+01,2.096962e+01,2.098353e+01,2.099744e+01,2.099048e+01,2.096267e+01,2.100439e+01,2.102524e+01,2.098353e+01,2.095572e+01,2.095572e+01,2.097658e+01,2.103914e+01,2.105999e+01,2.111555e+01,2.101829e+01,2.089310e+01,2.106693e+01,2.107388e+01,2.102524e+01,2.100439e+01,2.109472e+01,2.115027e+01,2.103914e+01,2.112944e+01,2.102524e+01,2.110861e+01,2.116415e+01,2.103914e+01,2.111555e+01,2.106693e+01,2.113638e+01,2.108083e+01,2.108777e+01,2.108083e+01,2.106693e+01,2.067713e+01,2.020177e+01,2.067016e+01,2.101829e+01,2.112250e+01,2.110166e+01,2.115721e+01,2.110861e+01,2.121272e+01,2.115027e+01,2.117109e+01,2.107388e+01,2.119885e+01,2.106693e+01,2.119191e+01,2.114333e+01,2.119191e+01,2.111555e+01,2.112944e+01,2.115027e+01,2.111555e+01,2.105304e+01,2.112250e+01,2.106693e+01,2.126127e+01,2.099744e+01,2.106693e+01,2.121272e+01,2.099744e+01,2.103914e+01,2.115027e+01,2.104609e+01,2.103219e+01,2.111555e+01,2.105999e+01,2.111555e+01,2.108083e+01,2.117803e+01,2.117109e+01,2.102524e+01,2.109472e+01,2.114333e+01,2.103219e+01,2.104609e+01,2.108083e+01,2.108777e+01,2.117803e+01,2.099744e+01,2.101829e+01,2.103219e+01,2.100439e+01,2.105999e+01,2.092093e+01,2.105304e+01,2.111555e+01,2.096962e+01,2.086526e+01,2.107388e+01,2.100439e+01,2.110861e+01,2.082348e+01,2.103219e+01,2.104609e+01,2.103914e+01,2.101829e+01,2.109472e+01,2.110861e+01,2.103219e+01,2.092093e+01,2.102524e+01,2.098353e+01,2.117109e+01,2.111555e+01,2.112944e+01,2.112944e+01,2.112250e+01,2.114333e+01,2.093485e+01,2.104609e+01,2.109472e+01,2.108083e+01,2.117803e+01,2.108083e+01,2.113638e+01,2.112944e+01,2.110166e+01,2.103914e+01,2.112250e+01,2.114333e+01,2.101134e+01,2.094876e+01,2.105999e+01,2.107388e+01,2.103219e+01,2.105304e+01,2.112250e+01,2.101829e+01,2.106693e+01,2.111555e+01,2.113638e+01,2.110166e+01,2.112944e+01,2.112250e+01,2.104609e+01,2.122660e+01,2.119885e+01,2.099048e+01,2.124740e+01,2.101829e+01,2.105999e+01,2.110861e+01,2.102524e+01,2.103219e+01,2.108777e+01,2.101829e+01,2.112944e+01,2.106693e+01,2.111555e+01,2.115027e+01,2.105304e+01,2.103914e+01,2.106693e+01,2.105999e+01,2.110166e+01,2.101829e+01,2.109472e+01,2.112250e+01,2.109472e+01,2.107388e+01,2.101134e+01,2.116415e+01,2.119885e+01,2.106693e+01,2.101134e+01,2.100439e+01,2.101829e+01,2.108083e+01,2.086526e+01,2.083741e+01,2.103219e+01,2.080259e+01,2.081652e+01,2.055850e+01,2.087918e+01,2.101134e+01,2.090006e+01,2.062830e+01,2.058643e+01,2.055152e+01,2.065621e+01,2.062132e+01,2.048865e+01,2.067713e+01,2.052358e+01,2.055152e+01,2.043973e+01,2.062830e+01,2.080259e+01,2.078866e+01,2.082348e+01,2.085134e+01,2.099744e+01,2.095572e+01,2.101134e+01,2.112944e+01,2.110861e+01,2.096962e+01,2.124740e+01,2.097658e+01,2.109472e+01,2.103219e+01,2.087222e+01,2.075382e+01,2.091398e+01,2.083045e+01,2.087222e+01,2.084437e+01,2.088614e+01,2.099048e+01,2.093485e+01,2.077472e+01,2.091398e+01,2.094876e+01,2.089310e+01,2.083045e+01,2.085830e+01,2.085830e+01,2.088614e+01,2.083741e+01,2.078169e+01,2.090702e+01,2.090702e+01,2.099048e+01,2.085830e+01,2.085134e+01,2.083045e+01,2.065621e+01,2.062830e+01,2.064923e+01,2.061434e+01,2.038379e+01,2.043274e+01,2.041176e+01,2.046769e+01,2.038379e+01,2.029982e+01,2.045371e+01,2.033481e+01,2.036280e+01,2.037679e+01,2.035581e+01,2.047468e+01,2.037679e+01,2.063528e+01,2.045371e+01,2.041875e+01,2.066318e+01,2.039778e+01,2.040477e+01,2.052358e+01,2.055152e+01,2.039078e+01,2.063528e+01,2.050961e+01,2.046070e+01,2.046769e+01,2.039778e+01,2.046070e+01,2.040477e+01,2.062132e+01,2.066318e+01,2.049564e+01,2.056548e+01,2.046070e+01,2.078169e+01,2.063528e+01,2.076775e+01,2.091398e+01,2.094180e+01,2.094180e+01,2.085830e+01,2.055850e+01,2.050262e+01,2.054453e+01,2.056548e+01,2.043973e+01,2.053057e+01,2.050961e+01,2.048865e+01,2.066318e+01,2.062132e+01,2.053057e+01,2.050262e+01,2.054453e+01,2.051660e+01,2.053755e+01,2.052358e+01,2.042575e+01
2.116415e+01,2.112944e+01,2.119885e+01,2.115721e+01,2.126821e+01,2.130980e+01,2.125434e+01,2.112250e+01,2.113638e+01,2.112250e+01,2.124740e+01,2.107388e+01,2.119191e+01,2.112250e+01,2.103914e+01,2.103914e+01,2.108083e+01,2.098353e+01,2.101829e+01,2.112944e+01,2.113638e+01,2.119885e+01,2.118497e+01,2.111555e+01,2.110166e+01,2.110166e+01,2.112250e+01,2.123353e+01,2.112250e+01,2.112944e+01,2.105304e+01,2.111555e+01,2.120579e+01,2.129594e+01,2.118497e+01,2.116415e+01,2.108083e+01,2.112944e+01,2.088614e+01,2.103914e+01,2.104609e+01,2.118497e+01,2.123353e+01,2.112250e+01,2.107388e+01,2.106693e+01,2.123353e+01,2.111555e+01,2.103914e+01,2.106693e+01,2.099744e+01,2.102524e+01,2.112250e+01,2.109472e+01,2.105304e+01,2.125434e+01,2.110166e+01,2.099048e+01,2.124047e+01,2.111555e+01,2.119191e+01,2.115027e+01,2.110861e+01,2.114333e+01,2.127514e+01,2.131673e+01,2.121966e+01,2.126821e+01,2.121966e+01,2.112250e+01,2.105999e+01,2.116415e+01,2.114333e+01,2.112250e+01,2.128207e+01,2.126127e+01,2.123353e+01,2.133752e+01,2.134445e+01,2.142063e+01,2.133059e+01,2.132366e+01,2.137908e+01,2.106693e+01,2.120579e+01,2.117803e+01,2.132366e+01,2.138601e+01,2.118497e+01,2.105999e+01,2.108777e+01,2.108083e+01,2.112250e+01,2.117803e+01,2.105999e+01,2.101829e+01,2.121966e+01,2.107388e+01,2.093485e+01,2.106693e+01,2.107388e+01,2.099744e+01,2.103914e+01,2.076775e+01,2.096267e+01,2.101134e+01,2.099048e+01,2.117803e+01,2.112250e+01,2.099048e+01,2.104609e+01,2.109472e+01,2.105999e+01,2.109472e+01,2.104609e+01,2.110166e+01,2.110861e+01,2.103219e+01,2.104609e+01,2.106693e+01,2.104609e+01,2.106693e+01,2.108083e+01,2.101134e+01,2.108777e+01,2.108083e+01,2.108083e+01,2.105304e+01,2.108083e+01,2.109472e+01,2.108777e+01,2.105999e+01,2.099048e+01,2.113638e+01,2.112250e+01,2.118497e+01,2.110166e+01,2.111555e+01,2.103219e+01,2.106693e+01,2.112250e+01,2.115721e+01,2.105304e+01,2.113638e+01,2.110861e+01,2.112944e+01,2.122660e+01,2.117803e+01,2.110166e+01,2.096267e+01,2.110166e+01,2.103219e+01,2.110861e+01,2.110166e+01,2.108083e+01,2.108777e+01,2.105304e+01,2.103914e+01,2.103219e+01,2.124047e+01,2.117109e+01,2.108083e+01,2.107388e+01,2.103914e+01,2.105304e+01,2.116415e+01,2.124047e+01,2.116415e+01,2.112944e+01,2.107388e+01,2.102524e+01,2.110166e+01,2.107388e+01,2.109472e+01,2.105999e+01,2.110861e+01,2.108083e+01,2.124740e+01,2.121966e+01,2.121272e+01,2.124047e+01,2.108083e+01,2.110861e+01,2.112944e+01,2.112944e+01,2.108777e+01,2.108777e+01,2.121966e+01,2.117109e+01,2.117109e+01,2.115027e+01,2.115027e+01,2.117109e+01,2.110861e+01,2.103914e+01,2.110166e+01,2.106693e+01,2.104609e+01,2.104609e+01,2.106693e+01,2.109472e+01,2.107388e+01,2.105304e+01,2.109472e+01,2.109472e+01,2.120579e+01,2.112250e+01,2.110861e+01,2.110861e+01,2.108777e+01,2.108777e+01,2.103219e+01,2.119191e+01,2.112250e+01,2.109472e+01,2.112944e+01,2.118497e+01,2.114333e+01,2.113638e+01,2.109472e+01,2.111555e+01,2.115027e+01,2.108777e+01,2.126127e+01,2.114333e+01,2.103219e+01,2.117803e+01,2.120579e+01,2.096962e+01,2.094876e+01,2.117803e+01,2.088614e+01,2.105304e+01,2.108083e+01,2.113638e+01,2.108083e+01,2.133752e+01,2.111555e+01,2.107388e+01,2.115027e+01,2.105304e+01,2.114333e+01,2.109472e+01,2.114333e+01,2.117803e+01,2.108083e+01,2.118497e+01,2.115027e+01,2.108777e+01,2.101134e+01,2.108083e+01,2.115027e+01,2.115721e+01,2.100439e+01,2.108083e+01,2.105999e+01,2.109472e+01,2.108777e+01,2.105304e+01,2.105304e+01,2.115027e+01,2.108777e+01,2.115721e+01,2.112250e+01,2.116415e+01,2.112250e+01,2.110861e+01,2.117803e+01,2.096962e+01,2.103914e+01,2.098353e+01,2.111555e+01,2.088614e+01,2.099744e+01,2.091398e+01,2.091398e+01,2.093485e+01,2.083741e+01,2.105999e+01,2.103219e+01,2.099744e+01,2.101829e+01,2.099744e+01,2.101134e+01,2.101829e+01,2.099744e+01,2.100439e+01,2.095572e+01,2.090702e+01,2.106693e+01,2.107388e+01,2.106693e+01,2.090702e+01,2.092789e+01,2.081652e+01,2.094876e+01,2.101829e+01,2.090006e+01,2.085134e+01,2.088614e+01,2.101829e+01,2.102524e+01,2.112250e+01,2.110861e+01,2.110861e+01,2.097658e+01,2.111555e+01,2.101829e+01,2.095572e+01,2.107388e+01,2.094180e+01,2.110166e+01,2.119885e+01,2.107388e+01,2.108777e+01,2.110166e+01,2.110166e+01,2.099048e+01,2.110861e+01,2.115027e+01,2.117109e+01,2.097658e+01,2.103219e+01,2.119885e+01,2.108777e+01,2.105304e+01,2.103219e+01,2.103219e+01,2.104609e+01,2.115027e+01,2.113638e+01,2.113638e+01,2.112250e+01,2.100439e+01,2.101829e+01,2.089310e+01,2.090702e+01,2.096962e+01,2.102524e+01,2.102524e+01,2.094180e+01,2.100439e+01,2.101829e+01,2.103219e+01,2.103219e+01,2.102524e+01,2.103219e+01,2.099048e+01,2.096962e+01,2.096962e+01,2.099744e+01,2.090702e+01,2.102524e+01,2.094876e+01,2.097658e+01,2.115721e+01,2.096267e+01,2.096267e+01,2.103914e+01,2.103914e+01,2.108777e+01,2.103914e+01,2.107388e+01,2.101134e+01,2.112944e+01,2.098353e+01,2.108083e+01,2.110166e+01,2.115027e+01,2.106693e+01,2.105999e+01,2.107388e+01,2.107388e+01,2.112250e+01,2.095572e+01,2.108083e+01,2.110861e+01,2.108777e+01,2.097658e+01,2.096962e+01,2.105999e+01,2.105304e+01,2.067016e+01,2.044672e+01,2.110166e+01,2.099048e+01,2.117803e+01,2.118497e+01,2.115721e+01,2.116415e+01,2.124047e+01,2.117109e+01,2.113638e+01,2.101134e+01,2.118497e+01,2.109472e+01,2.118497e+01,2.112944e+01,2.118497e+01,2.112250e+01,2.105999e+01,2.115027e+01,2.105304e+01,2.117109e+01,2.108083e+01,2.103219e+01,2.115721e+01,2.114333e+01,2.109472e+01,2.095572e+01,2.100439e+01,2.103219e+01,2.101134e+01,2.108083e+01,2.110166e+01,2.116415e+01,2.108777e+01,2.105304e+01,2.110861e+01,2.101134e+01,2.105999e+01,2.108777e+01,2.110861e+01,2.100439e+01,2.108777e+01,2.103219e+01,2.108083e+01,2.109472e+01,2.101134e+01,2.099744e+01,2.101829e+01,2.099744e+01,2.097658e+01,2.102524e+01,2.102524e+01,2.099048e+01,2.103219e+01,2.098353e+01,2.101829e+01,2.090006e+01,2.094876e+01,2.083741e+01,2.115027e+01,2.102524e+01,2.099048e+01,2.103914e+01,2.102524e+01,2.094876e+01,2.113638e+01,2.105304e+01,2.102524e+01,2.106693e+01,2.108083e+01,2.110861e+01,2.095572e+01,2.110861e+01,2.112944e+01,2.110166e+01,2.112250e+01,2.101829e+01,2.113638e+01,2.110166e+01,2.094876e+01,2.106693e+01,2.111555e+01,2.104609e+01,2.113638e+01,2.109472e+01,2.109472e+01,2.101829e+01,2.112250e+01,2.102524e+01,2.105999e+01,2.107388e+01,2.114333e+01,2.112944e+01,2.112944e+01,2.104609e+01,2.112944e+01,2.097658e+01,2.113638e+01,2.111555e+01,2.110861e+01,2.099048e+01,2.100439e+01,2.103219e+01,2.122660e+01,2.121966e+01,2.100439e+01,2.107388e+01,2.110861e+01,2.111555e+01,2.108083e+01,2.114333e+01,2.118497e+01,2.108777e+01,2.109472e+01,2.113638e+01,2.114333e+01,2.103219e+01,2.107388e+01,2.103219e+01,2.106693e+01,2.111555e+01,2.112944e+01,2.102524e+01,2.117803e+01,2.113638e+01,2.119885e+01,2.112250e+01,2.109472e+01,2.107388e+01,2.117109e+01,2.131673e+01,2.109472e+01,2.125434e+01,2.103219e+01,2.069108e+01,2.083045e+01,2.046769e+01,2.075382e+01,2.041875e+01,2.048865e+01,2.055850e+01,2.055850e+01,2.055152e+01,2.055850e+01,2.051660e+01,2.050961e+01,2.039078e+01,2.050262e+01,2.063528e+01,2.042575e+01,2.044672e+01,2.053755e+01,2.041875e+01,2.046070e+01,2.040477e+01,2.048166e+01,2.048865e+01,2.043973e+01,2.073988e+01,2.080259e+01,2.087222e+01,2.090702e+01,2.095572e+01,2.104609e+01,2.094876e+01,2.096962e+01,2.109472e+01,2.089310e+01,2.095572e+01,2.083045e+01,2.066318e+01,2.048166e+01,2.055850e+01,2.057246e+01,2.067016e+01,2.086526e+01,2.078169e+01,2.076775e+01,2.075382e+01,2.083741e+01,2.078866e+01,2.094876e+01,2.092093e+01,2.085830e+01,2.069805e+01,2.078866e+01,2.085830e+01,2.105999e+01,2.082348e+01,2.094876e+01,2.085134e+01,2.096962e+01,2.085134e+01,2.099048e+01,2.074685e+01,2.071200e+01,2.086526e+01,2.069805e+01,2.061434e+01,2.063528e+01,2.051660e+01,2.043274e+01,2.052358e+01,2.039778e+01,2.042575e+01,2.042575e+01,2.040477e+01,2.047468e+01,2.027881e+01,2.049564e+01,2.036280e+01,2.067713e+01,2.048166e+01,2.036980e+01,2.043274e+01,2.043274e+01,2.040477e+01,2.048865e+01,2.035581e+01,2.044672e+01,2.046769e+01,2.041176e+01,2.061434e+01,2.059340e+01,2.053755e+01,2.050961e+01,2.046769e+01,2.056548e+01,2.064923e+01,2.047468e+01,2.048865e+01,2.049564e+01,2.067713e+01,2.071897e+01,2.051660e+01,2.080955e+01,2.087918e+01,2.086526e+01,2.085134e+01,2.055850e+01,2.050961e+01,2.050262e+01,2.053057e+01,2.052358e+01,2.064225e+01,2.065621e+01,2.045371e+01,2.041875e+01,2.054453e+01,2.043274e+01,2.057246e+01,2.053057e+01,2.053057e+01,2.048166e+01,2.051660e+01,2.046769e+01,2.042575e+01
2.117803e+01,2.102524e+01,2.121966e+01,2.113638e+01,2.092789e+01,2.110166e+01,2.119191e+01,2.112944e+01,2.102524e+01,2.108777e+01,2.123353e+01,2.124047e+01,2.110166e+01,2.101134e+01,2.123353e+01,2.105304e+01,2.093485e+01,2.109472e+01,2.105999e+01,2.099744e+01,2.104609e+01,2.110861e+01,2.119191e+01,2.117803e+01,2.110861e+01,2.109472e+01,2.109472e+01,2.101829e+01,2.109472e+01,2.114333e+01,2.111555e+01,2.115721e+01,2.115721e+01,2.111555e+01,2.115027e+01,2.126821e+01,2.102524e+01,2.110166e+01,2.101829e+01,2.083741e+01,2.108083e+01,2.105304e+01,2.113638e+01,2.106693e+01,2.103914e+01,2.128901e+01,2.103914e+01,2.112250e+01,2.108083e+01,2.106693e+01,2.110861e+01,2.094180e+01,2.109472e+01,2.104609e+01,2.100439e+01,2.102524e+01,2.099744e+01,2.098353e+01,2.126821e+01,2.101134e+01,2.119885e+01,2.133752e+01,2.133752e+01,2.132366e+01,2.132366e+01,2.125434e+01,2.127514e+01,2.128901e+01,2.110166e+01,2.093485e+01,2.115721e+01,2.093485e+01,2.113638e+01,2.112944e+01,2.112250e+01,2.122660e+01,2.126821e+01,2.124740e+01,2.125434e+01,2.138601e+01,2.126821e+01,2.139293e+01,2.150368e+01,2.146908e+01,2.124740e+01,2.124740e+01,2.127514e+01,2.126821e+01,2.124047e+01,2.108777e+01,2.113638e+01,2.123353e+01,2.113638e+01,2.111555e+01,2.117109e+01,2.110166e+01,2.115721e+01,2.122660e+01,2.121966e+01,2.100439e+01,2.095572e+01,2.103914e+01,2.097658e+01,2.097658e+01,2.095572e+01,2.094876e+01,2.107388e+01,2.098353e+01,2.105304e+01,2.103219e+01,2.107388e+01,2.105999e+01,2.117803e+01,2.109472e+01,2.116415e+01,2.111555e+01,2.108777e+01,2.108083e+01,2.105999e+01,2.103219e+01,2.106693e+01,2.103914e+01,2.108777e+01,2.105999e+01,2.096962e+01,2.106693e+01,2.102524e+01,2.105304e+01,2.128901e+01,2.103219e+01,2.103914e+01,2.104609e+01,2.106693e+01,2.120579e+01,2.110861e+01,2.112944e+01,2.119885e+01,2.099744e+01,2.109472e+01,2.114333e+01,2.110861e+01,2.112250e+01,2.119191e+01,2.110166e+01,2.113638e+01,2.114333e+01,2.105999e+01,2.112250e+01,2.110166e+01,2.111555e+01,2.117109e+01,2.113638e+01,2.119191e+01,2.113638e+01,2.126127e+01,2.105999e+01,2.116415e+01,2.104609e+01,2.126127e+01,2.109472e+01,2.110861e+01,2.106693e+01,2.105999e+01,2.107388e+01,2.112944e+01,2.107388e+01,2.110166e+01,2.115027e+01,2.115027e+01,2.098353e+01,2.117109e+01,2.107388e+01,2.108083e+01,2.111555e+01,2.110166e+01,2.112250e+01,2.108777e+01,2.106693e+01,2.105999e+01,2.103914e+01,2.115721e+01,2.109472e+01,2.116415e+01,2.108777e+01,2.108777e+01,2.112250e+01,2.120579e+01,2.115721e+01,2.110166e+01,2.116415e+01,2.099048e+01,2.105304e+01,2.114333e+01,2.106693e+01,2.126127e+01,2.101829e+01,2.110861e+01,2.103914e+01,2.105304e+01,2.103914e+01,2.109472e+01,2.115027e+01,2.108777e+01,2.108083e+01,2.105999e+01,2.108083e+01,2.107388e+01,2.111555e+01,2.110861e+01,2.110166e+01,2.110861e+01,2.110861e+01,2.113638e+01,2.112250e+01,2.124740e+01,2.110166e+01,2.111555e+01,2.126127e+01,2.103219e+01,2.119885e+01,2.117109e+01,2.112250e+01,2.110861e+01,2.124047e+01,2.108083e+01,2.114333e+01,2.099048e+01,2.111555e+01,2.108083e+01,2.117109e+01,2.113638e+01,2.107388e+01,2.117803e+01,2.109472e+01,2.105999e+01,2.112944e+01,2.108083e+01,2.112250e+01,2.112250e+01,2.103219e+01,2.115721e+01,2.117803e+01,2.114333e+01,2.115721e+01,2.116415e+01,2.110861e+01,2.116415e+01,2.111555e+01,2.108083e+01,2.107388e+01,2.106693e+01,2.111555e+01,2.097658e+01,2.118497e+01,2.101134e+01,2.100439e+01,2.071897e+01,2.100439e+01,2.106693e+01,2.106693e+01,2.109472e+01,2.124047e+01,2.105304e+01,2.112250e+01,2.109472e+01,2.105304e+01,2.099744e+01,2.108777e+01,2.094876e+01,2.103219e+01,2.094180e+01,2.092789e+01,2.108777e+01,2.098353e+01,2.092789e+01,2.096962e+01,2.099744e+01,2.095572e+01,2.091398e+01,2.094876e+01,2.094876e+01,2.094876e+01,2.099048e+01,2.096267e+01,2.099744e+01,2.101829e+01,2.095572e+01,2.101134e+01,2.104609e+01,2.092093e+01,2.099048e+01,2.107388e+01,2.108083e+01,2.103219e+01,2.080259e+01,2.062132e+01,2.079562e+01,2.086526e+01,2.080259e+01,2.082348e+01,2.090702e+01,2.092789e+01,2.105999e+01,2.101134e+01,2.103219e+01,2.112944e+01,2.111555e+01,2.094180e+01,2.105999e+01,2.106693e+01,2.106693e+01,2.094180e+01,2.119191e+01,2.119885e+01,2.100439e+01,2.114333e+01,2.106693e+01,2.114333e+01,2.101134e+01,2.119191e+01,2.105304e+01,2.107388e+01,2.104609e+01,2.112250e+01,2.100439e+01,2.117803e+01,2.103219e+01,2.111555e+01,2.106693e+01,2.112944e+01,2.110861e+01,2.122660e+01,2.111555e+01,2.095572e+01,2.098353e+01,2.095572e+01,2.099048e+01,2.090702e+01,2.099048e+01,2.103914e+01,2.090702e+01,2.106693e+01,2.094180e+01,2.079562e+01,2.099744e+01,2.092789e+01,2.096962e+01,2.105999e+01,2.095572e+01,2.094876e+01,2.099744e+01,2.094876e+01,2.088614e+01,2.105304e+01,2.096267e+01,2.098353e+01,2.097658e+01,2.097658e+01,2.098353e+01,2.105999e+01,2.102524e+01,2.106693e+01,2.105999e+01,2.102524e+01,2.096962e+01,2.107388e+01,2.101829e+01,2.096962e+01,2.103219e+01,2.096962e+01,2.098353e+01,2.115027e+01,2.096267e+01,2.102524e+01,2.101829e+01,2.105999e+01,2.106693e+01,2.094180e+01,2.101134e+01,2.099048e+01,2.101829e+01,2.100439e+01,2.087222e+01,2.102524e+01,2.111555e+01,2.110166e+01,2.114333e+01,2.105999e+01,2.108083e+01,2.104609e+01,2.121966e+01,2.105999e+01,2.115721e+01,2.112250e+01,2.109472e+01,2.113638e+01,2.109472e+01,2.116415e+01,2.103219e+01,2.102524e+01,2.110166e+01,2.104609e+01,2.119191e+01,2.104609e+01,2.099744e+01,2.108083e+01,2.103219e+01,2.100439e+01,2.108777e+01,2.110166e+01,2.092789e+01,2.094180e+01,2.096267e+01,2.099048e+01,2.110166e+01,2.103914e+01,2.102524e+01,2.102524e+01,2.108083e+01,2.102524e+01,2.104609e+01,2.105304e+01,2.097658e+01,2.092093e+01,2.108777e+01,2.107388e+01,2.106693e+01,2.096962e+01,2.119885e+01,2.101134e+01,2.113638e+01,2.099744e+01,2.097658e+01,2.101134e+01,2.096962e+01,2.103219e+01,2.101134e+01,2.112250e+01,2.100439e+01,2.097658e+01,2.094876e+01,2.105304e+01,2.101829e+01,2.099744e+01,2.087222e+01,2.110861e+01,2.102524e+01,2.097658e+01,2.091398e+01,2.101829e+01,2.105304e+01,2.102524e+01,2.101134e+01,2.116415e+01,2.101829e+01,2.109472e+01,2.110861e+01,2.111555e+01,2.120579e+01,2.110861e+01,2.111555e+01,2.112250e+01,2.113638e+01,2.107388e+01,2.109472e+01,2.110166e+01,2.100439e+01,2.110166e+01,2.110166e+01,2.110861e+01,2.093485e+01,2.099048e+01,2.101134e+01,2.101134e+01,2.108777e+01,2.112250e+01,2.104609e+01,2.089310e+01,2.112250e+01,2.109472e+01,2.110166e+01,2.111555e+01,2.109472e+01,2.108777e+01,2.100439e+01,2.102524e+01,2.101134e+01,2.108777e+01,2.115027e+01,2.098353e+01,2.094180e+01,2.104609e+01,2.108777e+01,2.101829e+01,2.099744e+01,2.108777e+01,2.101134e+01,2.101829e+01,2.096962e+01,2.106693e+01,2.103914e+01,2.106693e+01,2.109472e+01,2.109472e+01,2.115027e+01,2.119885e+01,2.118497e+01,2.105999e+01,2.116415e+01,2.105304e+01,2.095572e+01,2.112250e+01,2.096962e+01,2.098353e+01,2.105999e+01,2.117803e+01,2.104609e+01,2.081652e+01,2.078169e+01,2.063528e+01,2.050961e+01,2.047468e+01,2.053057e+01,2.057246e+01,2.055850e+01,2.055152e+01,2.044672e+01,2.041176e+01,2.043274e+01,2.054453e+01,2.043274e+01,2.044672e+01,2.036280e+01,2.045371e+01,2.045371e+01,2.054453e+01,2.046070e+01,2.053755e+01,2.050262e+01,2.050262e+01,2.055152e+01,2.083045e+01,2.104609e+01,2.075382e+01,2.083741e+01,2.117109e+01,2.094876e+01,2.084437e+01,2.092789e+01,2.090702e+01,2.055850e+01,2.057246e+01,2.049564e+01,2.055850e+01,2.053755e+01,2.047468e+01,2.054453e+01,2.055850e+01,2.055152e+01,2.062132e+01,2.053755e+01,2.052358e+01,2.059340e+01,2.058643e+01,2.055850e+01,2.067713e+01,2.068410e+01,2.067713e+01,2.073291e+01,2.079562e+01,2.077472e+01,2.076079e+01,2.073988e+01,2.100439e+01,2.106693e+01,2.084437e+01,2.087222e+01,2.094180e+01,2.094180e+01,2.102524e+01,2.094876e+01,2.071200e+01,2.056548e+01,2.064225e+01,2.082348e+01,2.050262e+01,2.038379e+01,2.043274e+01,2.041875e+01,2.043973e+01,2.045371e+01,2.034181e+01,2.049564e+01,2.061434e+01,2.051660e+01,2.044672e+01,2.046769e+01,2.047468e+01,2.042575e+01,2.038379e+01,2.064225e+01,2.038379e+01,2.059340e+01,2.038379e+01,2.039078e+01,2.041176e+01,2.033481e+01,2.042575e+01,2.047468e+01,2.051660e+01,2.044672e+01,2.048166e+01,2.067713e+01,2.070502e+01,2.069108e+01,2.059340e+01,2.045371e+01,2.078866e+01,2.082348e+01,2.063528e+01,2.085830e+01,2.055850e+01,2.053755e+01,2.053057e+01,2.048166e+01,2.048166e+01,2.053755e+01,2.048865e+01,2.051660e+01,2.063528e+01,2.064923e+01,2.046070e+01,2.055152e+01,2.055152e+01,2.050262e+01,2.048166e+01,2.043973e+01,2.055850e+01,2.057944e+01,2.050961e+01
2.121272e+01,2.118497e+01,2.115027e+01,2.108777e+01,2.125434e+01,2.110861e+01,2.128207e+01,2.110166e+01,2.124047e+01,2.115027e+01,2.125434e+01,2.123353e+01,2.110861e+01,2.107388e+01,2.099048e+01,2.093485e+01,2.109472e+01,2.124740e+01,2.108083e+01,2.124740e+01,2.111555e+01,2.118497e+01,2.113638e+01,2.109472e+01,2.110861e+01,2.110166e+01,2.103914e+01,2.110861e+01,2.110861e+01,2.113638e+01,2.116415e+01,2.110861e+01,2.091398e+01,2.110166e+01,2.110861e+01,2.108083e+01,2.121966e+01,2.105999e+01,2.115027e+01,2.117109e+01,2.104609e+01,2.112944e+01,2.108083e+01,2.110166e+01,2.112250e+01,2.103219e+01,2.116415e+01,2.117109e+01,2.114333e+01,2.107388e+01,2.099744e+01,2.108777e+01,2.105999e+01,2.094180e+01,2.108777e+01,2.098353e+01,2.097658e+01,2.100439e+01,2.115721e+01,2.115027e+01,2.108777e+01,2.110166e+01,2.115721e+01,2.129594e+01,2.127514e+01,2.132366e+01,2.122660e+01,2.115721e+01,2.121272e+01,2.117109e+01,2.117109e+01,2.115721e+01,2.138601e+01,2.117803e+01,2.123353e+01,2.121272e+01,2.127514e+01,2.137216e+01,2.126821e+01,2.153134e+01,2.117803e+01,2.145524e+01,2.139986e+01,2.153134e+01,2.120579e+01,2.134445e+01,2.121966e+01,2.130287e+01,2.120579e+01,2.115721e+01,2.112944e+01,2.128207e+01,2.105304e+01,2.108083e+01,2.108083e+01,2.099744e+01,2.097658e+01,2.118497e+01,2.090006e+01,2.101829e+01,2.101829e+01,2.092789e+01,2.099744e+01,2.099048e+01,2.100439e+01,2.107388e+01,2.097658e+01,2.103219e+01,2.103914e+01,2.104609e+01,2.101829e+01,2.103914e+01,2.119885e+01,2.110861e+01,2.119191e+01,2.114333e+01,2.104609e+01,2.098353e+01,2.103914e+01,2.104609e+01,2.103219e+01,2.107388e+01,2.105304e+01,2.103914e+01,2.103219e+01,2.105999e+01,2.118497e+01,2.103219e+01,2.119191e+01,2.117109e+01,2.105999e+01,2.123353e+01,2.098353e+01,2.107388e+01,2.112944e+01,2.105999e+01,2.108777e+01,2.107388e+01,2.111555e+01,2.105304e+01,2.126127e+01,2.103219e+01,2.109472e+01,2.107388e+01,2.099744e+01,2.128207e+01,2.115721e+01,2.112944e+01,2.108777e+01,2.111555e+01,2.109472e+01,2.112944e+01,2.116415e+01,2.097658e+01,2.115721e+01,2.116415e+01,2.107388e+01,2.111555e+01,2.112250e+01,2.111555e+01,2.112944e+01,2.105999e+01,2.107388e+01,2.108083e+01,2.109472e+01,2.119191e+01,2.106693e+01,2.119885e+01,2.107388e+01,2.102524e+01,2.115027e+01,2.112944e+01,2.100439e+01,2.102524e+01,2.106693e+01,2.103914e+01,2.105304e+01,2.116415e+01,2.126127e+01,2.123353e+01,2.117803e+01,2.110166e+01,2.108083e+01,2.099048e+01,2.121966e+01,2.115721e+01,2.110166e+01,2.105304e+01,2.116415e+01,2.116415e+01,2.105304e+01,2.092093e+01,2.113638e+01,2.108777e+01,2.104609e+01,2.108083e+01,2.103219e+01,2.105304e+01,2.105999e+01,2.105304e+01,2.101134e+01,2.119191e+01,2.110861e+01,2.104609e+01,2.106693e+01,2.108083e+01,2.107388e+01,2.110861e+01,2.110861e+01,2.112250e+01,2.108083e+01,2.101134e+01,2.113638e+01,2.106693e+01,2.111555e+01,2.110861e+01,2.117109e+01,2.105304e+01,2.121272e+01,2.110861e+01,2.118497e+01,2.110166e+01,2.110861e+01,2.101134e+01,2.102524e+01,2.096267e+01,2.107388e+01,2.112944e+01,2.117803e+01,2.092789e+01,2.110861e+01,2.105999e+01,2.117803e+01,2.101134e+01,2.108777e+01,2.112944e+01,2.115027e+01,2.111555e+01,2.102524e+01,2.116415e+01,2.101829e+01,2.121272e+01,2.103219e+01,2.108083e+01,2.112250e+01,2.111555e+01,2.117803e+01,2.111555e+01,2.110166e+01,2.107388e+01,2.110861e+01,2.101829e+01,2.097658e+01,2.112250e+01,2.097658e+01,2.097658e+01,2.097658e+01,2.107388e+01,2.105304e+01,2.103914e+01,2.101829e+01,2.095572e+01,2.121272e+01,2.102524e+01,2.101829e+01,2.102524e+01,2.101829e+01,2.105304e+01,2.095572e+01,2.091398e+01,2.097658e+01,2.090702e+01,2.101134e+01,2.095572e+01,2.099744e+01,2.097658e+01,2.100439e+01,2.087918e+01,2.098353e+01,2.099048e+01,2.108083e+01,2.094180e+01,2.094876e+01,2.097658e+01,2.097658e+01,2.099048e+01,2.104609e+01,2.092789e+01,2.103219e+01,2.090006e+01,2.087222e+01,2.078169e+01,2.083045e+01,2.082348e+01,2.078866e+01,2.064225e+01,2.082348e+01,2.079562e+01,2.078169e+01,2.075382e+01,2.079562e+01,2.075382e+01,2.085134e+01,2.092789e+01,2.112944e+01,2.107388e+01,2.108083e+01,2.105999e+01,2.105999e+01,2.110166e+01,2.115027e+01,2.119191e+01,2.119191e+01,2.103219e+01,2.110861e+01,2.106693e+01,2.108083e+01,2.105999e+01,2.107388e+01,2.102524e+01,2.103914e+01,2.100439e+01,2.117109e+01,2.124740e+01,2.100439e+01,2.101134e+01,2.120579e+01,2.108083e+01,2.112250e+01,2.109472e+01,2.116415e+01,2.122660e+01,2.101134e+01,2.102524e+01,2.101134e+01,2.099744e+01,2.097658e+01,2.081652e+01,2.088614e+01,2.085830e+01,2.104609e+01,2.092789e+01,2.094876e+01,2.101134e+01,2.111555e+01,2.103914e+01,2.112250e+01,2.099048e+01,2.099048e+01,2.107388e+01,2.099048e+01,2.107388e+01,2.097658e+01,2.096962e+01,2.094876e+01,2.097658e+01,2.096267e+01,2.101829e+01,2.095572e+01,2.103914e+01,2.102524e+01,2.107388e+01,2.103219e+01,2.096962e+01,2.105999e+01,2.106693e+01,2.096267e+01,2.101829e+01,2.103914e+01,2.101829e+01,2.103914e+01,2.096962e+01,2.102524e+01,2.087222e+01,2.092789e+01,2.095572e+01,2.083045e+01,2.094876e+01,2.101829e+01,2.091398e+01,2.100439e+01,2.091398e+01,2.097658e+01,2.110861e+01,2.101134e+01,2.100439e+01,2.115027e+01,2.110166e+01,2.111555e+01,2.109472e+01,2.114333e+01,2.109472e+01,2.108083e+01,2.108083e+01,2.108777e+01,2.112944e+01,2.106693e+01,2.107388e+01,2.113638e+01,2.110861e+01,2.108083e+01,2.097658e+01,2.100439e+01,2.095572e+01,2.098353e+01,2.106693e+01,2.101829e+01,2.111555e+01,2.094180e+01,2.095572e+01,2.094180e+01,2.087918e+01,2.080955e+01,2.098353e+01,2.078169e+01,2.099048e+01,2.098353e+01,2.097658e+01,2.113638e+01,2.100439e+01,2.101829e+01,2.107388e+01,2.100439e+01,2.108083e+01,2.105304e+01,2.094876e+01,2.108777e+01,2.099048e+01,2.098353e+01,2.101829e+01,2.123353e+01,2.103219e+01,2.096267e+01,2.104609e+01,2.101829e+01,2.115027e+01,2.103219e+01,2.108083e+01,2.101829e+01,2.099744e+01,2.107388e+01,2.103219e+01,2.104609e+01,2.103914e+01,2.104609e+01,2.102524e+01,2.103219e+01,2.104609e+01,2.105999e+01,2.101134e+01,2.105304e+01,2.105304e+01,2.093485e+01,2.103914e+01,2.105999e+01,2.110166e+01,2.110166e+01,2.095572e+01,2.110166e+01,2.111555e+01,2.090702e+01,2.111555e+01,2.111555e+01,2.105304e+01,2.109472e+01,2.103219e+01,2.113638e+01,2.101829e+01,2.104609e+01,2.105304e+01,2.093485e+01,2.112250e+01,2.094876e+01,2.102524e+01,2.116415e+01,2.103219e+01,2.106693e+01,2.107388e+01,2.090702e+01,2.107388e+01,2.097658e+01,2.094180e+01,2.110861e+01,2.110166e+01,2.106693e+01,2.110861e+01,2.091398e+01,2.101829e+01,2.106693e+01,2.105999e+01,2.105999e+01,2.103914e+01,2.097658e+01,2.108083e+01,2.110861e+01,2.100439e+01,2.110861e+01,2.099048e+01,2.103914e+01,2.103914e+01,2.108083e+01,2.100439e+01,2.103914e+01,2.101134e+01,2.115721e+01,2.118497e+01,2.103219e+01,2.110861e+01,2.108777e+01,2.096267e+01,2.102524e+01,2.106693e+01,2.096267e+01,2.111555e+01,2.102524e+01,2.103914e+01,2.101829e+01,2.099744e+01,2.064225e+01,2.045371e+01,2.067016e+01,2.056548e+01,2.048865e+01,2.056548e+01,2.055850e+01,2.046070e+01,2.043274e+01,2.042575e+01,2.040477e+01,2.043274e+01,2.043274e+01,2.043973e+01,2.036280e+01,2.045371e+01,2.048865e+01,2.045371e+01,2.048166e+01,2.055850e+01,2.039778e+01,2.055152e+01,2.061434e+01,2.088614e+01,2.080955e+01,2.101134e+01,2.107388e+01,2.098353e+01,2.083045e+01,2.073988e+01,2.057944e+01,2.045371e+01,2.057944e+01,2.055152e+01,2.045371e+01,2.056548e+01,2.057246e+01,2.052358e+01,2.050961e+01,2.053755e+01,2.050262e+01,2.052358e+01,2.082348e+01,2.040477e+01,2.067713e+01,2.042575e+01,2.039778e+01,2.042575e+01,2.043973e+01,2.049564e+01,2.060039e+01,2.066318e+01,2.071200e+01,2.077472e+01,2.077472e+01,2.083741e+01,2.083741e+01,2.082348e+01,2.087918e+01,2.090702e+01,2.102524e+01,2.094180e+01,2.080259e+01,2.090006e+01,2.087222e+01,2.080259e+01,2.069805e+01,2.058643e+01,2.052358e+01,2.060039e+01,2.055850e+01,2.048166e+01,2.041875e+01,2.055850e+01,2.045371e+01,2.059340e+01,2.051660e+01,2.051660e+01,2.048865e+01,2.063528e+01,2.039778e+01,2.039078e+01,2.042575e+01,2.040477e+01,2.048166e+01,2.060736e+01,2.060039e+01,2.046769e+01,2.060039e+01,2.058643e+01,2.048166e+01,2.049564e+01,2.048865e+01,2.069805e+01,2.067016e+01,2.069805e+01,2.066318e+01,2.072594e+01,2.079562e+01,2.087918e+01,2.088614e+01,2.076079e+01,2.053755e+01,2.048166e+01,2.050262e+01,2.057246e+01,2.052358e+01,2.034881e+01,2.039778e+01,2.053755e+01,2.051660e+01,2.053057e+01,2.058643e+01,2.047468e+01,2.052358e+01,2.044672e+01,2.051660e+01,2.049564e+01,2.052358e+01,2.050262e+01,2.065621e+01,2.048166e+01
2.104609e+01,2.108777e+01,2.127514e+01,2.107388e+01,2.119191e+01,2.108083e+01,2.110166e+01,2.106693e+01,2.115027e+01,2.117109e+01,2.119885e+01,2.101134e+01,2.112250e+01,2.106693e+01,2.123353e+01,2.083045e+01,2.115721e+01,2.105304e+01,2.108777e+01,2.121966e+01,2.112250e+01,2.113638e+01,2.110861e+01,2.121966e+01,2.116415e+01,2.096962e+01,2.110861e+01,2.115027e+01,2.106693e+01,2.104609e+01,2.112250e+01,2.118497e+01,2.090702e+01,2.108777e+01,2.105999e+01,2.105999e+01,2.104609e+01,2.102524e+01,2.105304e+01,2.119191e+01,2.120579e+01,2.112944e+01,2.103914e+01,2.100439e+01,2.105304e+01,2.101134e+01,2.115721e+01,2.102524e+01,2.099048e+01,2.118497e+01,2.107388e+01,2.112250e+01,2.101829e+01,2.115027e+01,2.099048e+01,2.095572e+01,2.102524e+01,2.097658e+01,2.102524e+01,2.096267e+01,2.099048e+01,2.088614e+01,2.113638e+01,2.112944e+01,2.117803e+01,2.112250e+01,2.122660e+01,2.117109e+01,2.108083e+01,2.116415e+01,2.144140e+01,2.114333e+01,2.110166e+01,2.114333e+01,2.130287e+01,2.105999e+01,2.128901e+01,2.113638e+01,2.123353e+01,2.134445e+01,2.121966e+01,2.153826e+01,2.129594e+01,2.144140e+01,2.126821e+01,2.127514e+01,2.139293e+01,2.121966e+01,2.138601e+01,2.117803e+01,2.115721e+01,2.101134e+01,2.107388e+01,2.105304e+01,2.099048e+01,2.115027e+01,2.082348e+01,2.092789e+01,2.096962e+01,2.112944e+01,2.098353e+01,2.099744e+01,2.104609e+01,2.104609e+01,2.098353e+01,2.098353e+01,2.102524e+01,2.102524e+01,2.110861e+01,2.115721e+01,2.099744e+01,2.105304e+01,2.108083e+01,2.115721e+01,2.114333e+01,2.117803e+01,2.121272e+01,2.108083e+01,2.110166e+01,2.097658e+01,2.105304e+01,2.099048e+01,2.105304e+01,2.107388e+01,2.109472e+01,2.109472e+01,2.109472e+01,2.098353e+01,2.112944e+01,2.110166e+01,2.124047e+01,2.108083e+01,2.118497e+01,2.112250e+01,2.108083e+01,2.111555e+01,2.108083e+01,2.110861e+01,2.110166e+01,2.111555e+01,2.110166e+01,2.105999e+01,2.105304e+01,2.108777e+01,2.114333e+01,2.105999e+01,2.116415e+01,2.107388e+01,2.109472e+01,2.119191e+01,2.108083e+01,2.111555e+01,2.092789e+01,2.111555e+01,2.104609e+01,2.108083e+01,2.105304e+01,2.107388e+01,2.112250e+01,2.105304e+01,2.109472e+01,2.121272e+01,2.110861e+01,2.108777e+01,2.108083e+01,2.113638e+01,2.107388e+01,2.125434e+01,2.109472e+01,2.119191e+01,2.101134e+01,2.105304e+01,2.100439e+01,2.107388e+01,2.105999e+01,2.102524e+01,2.111555e+01,2.099744e+01,2.098353e+01,2.115721e+01,2.121966e+01,2.109472e+01,2.110166e+01,2.130980e+01,2.101134e+01,2.119191e+01,2.107388e+01,2.127514e+01,2.105304e+01,2.117109e+01,2.105999e+01,2.103914e+01,2.096962e+01,2.113638e+01,2.105304e+01,2.101829e+01,2.103219e+01,2.112250e+01,2.105304e+01,2.106693e+01,2.110861e+01,2.098353e+01,2.097658e+01,2.105999e+01,2.104609e+01,2.108083e+01,2.110166e+01,2.108777e+01,2.112944e+01,2.113638e+01,2.113638e+01,2.099048e+01,2.099048e+01,2.114333e+01,2.126127e+01,2.105999e+01,2.125434e+01,2.117803e+01,2.116415e+01,2.110166e+01,2.112250e+01,2.101829e+01,2.110861e+01,2.096962e+01,2.108777e+01,2.096267e+01,2.092789e+01,2.119191e+01,2.105999e+01,2.103914e+01,2.108777e+01,2.101829e+01,2.103219e+01,2.102524e+01,2.112250e+01,2.108083e+01,2.112250e+01,2.115027e+01,2.103914e+01,2.113638e+01,2.109472e+01,2.117109e+01,2.108083e+01,2.117803e+01,2.110861e+01,2.111555e+01,2.112250e+01,2.107388e+01,2.097658e+01,2.111555e+01,2.100439e+01,2.110861e+01,2.097658e+01,2.098353e+01,2.101829e+01,2.099744e+01,2.108083e+01,2.109472e+01,2.120579e+01,2.104609e+01,2.103914e+01,2.101829e+01,2.099744e+01,2.116415e+01,2.103914e+01,2.100439e+01,2.110861e+01,2.108777e+01,2.091398e+01,2.089310e+01,2.092093e+01,2.092789e+01,2.103219e+01,2.090702e+01,2.105999e+01,2.090702e+01,2.101829e+01,2.101134e+01,2.099744e+01,2.068410e+01,2.098353e+01,2.094180e+01,2.098353e+01,2.096962e+01,2.099048e+01,2.097658e+01,2.094876e+01,2.085830e+01,2.091398e+01,2.090006e+01,2.084437e+01,2.067016e+01,2.079562e+01,2.061434e+01,2.065621e+01,2.054453e+01,2.058643e+01,2.063528e+01,2.052358e+01,2.057246e+01,2.064225e+01,2.063528e+01,2.078169e+01,2.084437e+01,2.083741e+01,2.088614e+01,2.084437e+01,2.106693e+01,2.090006e+01,2.108777e+01,2.101134e+01,2.089310e+01,2.112944e+01,2.107388e+01,2.095572e+01,2.104609e+01,2.111555e+01,2.092789e+01,2.096962e+01,2.087918e+01,2.105999e+01,2.103219e+01,2.097658e+01,2.096267e+01,2.117803e+01,2.099744e+01,2.102524e+01,2.110861e+01,2.104609e+01,2.104609e+01,2.121272e+01,2.102524e+01,2.094180e+01,2.105999e+01,2.097658e+01,2.092789e+01,2.083045e+01,2.084437e+01,2.078169e+01,2.096267e+01,2.095572e+01,2.098353e+01,2.103219e+01,2.102524e+01,2.101134e+01,2.103219e+01,2.102524e+01,2.084437e+01,2.079562e+01,2.082348e+01,2.097658e+01,2.096267e+01,2.100439e+01,2.094180e+01,2.092789e+01,2.096267e+01,2.094876e+01,2.099048e+01,2.100439e+01,2.103219e+01,2.098353e+01,2.099048e+01,2.101134e+01,2.111555e+01,2.096267e+01,2.094876e+01,2.096962e+01,2.087918e+01,2.108777e+01,2.094876e+01,2.099048e+01,2.091398e+01,2.092093e+01,2.103219e+01,2.091398e+01,2.101134e+01,2.094876e+01,2.092093e+01,2.098353e+01,2.066318e+01,2.092789e+01,2.092093e+01,2.089310e+01,2.103914e+01,2.112944e+01,2.101134e+01,2.114333e+01,2.113638e+01,2.109472e+01,2.115027e+01,2.115027e+01,2.104609e+01,2.117109e+01,2.108083e+01,2.112944e+01,2.108777e+01,2.101829e+01,2.103914e+01,2.110166e+01,2.104609e+01,2.101134e+01,2.082348e+01,2.073988e+01,2.092789e+01,2.101134e+01,2.096267e+01,2.088614e+01,2.093485e+01,2.085830e+01,2.092093e+01,2.076775e+01,2.074685e+01,2.067016e+01,2.060736e+01,2.071897e+01,2.073988e+01,2.090702e+01,2.095572e+01,2.096267e+01,2.092093e+01,2.100439e+01,2.101134e+01,2.098353e+01,2.100439e+01,2.099048e+01,2.105999e+01,2.105999e+01,2.099744e+01,2.094180e+01,2.095572e+01,2.105304e+01,2.107388e+01,2.103914e+01,2.103219e+01,2.099744e+01,2.095572e+01,2.103219e+01,2.108777e+01,2.096962e+01,2.110861e+01,2.092093e+01,2.093485e+01,2.096267e+01,2.103219e+01,2.101829e+01,2.099744e+01,2.106693e+01,2.117803e+01,2.101829e+01,2.100439e+01,2.101134e+01,2.103219e+01,2.105304e+01,2.110166e+01,2.102524e+01,2.100439e+01,2.110861e+01,2.105999e+01,2.107388e+01,2.100439e+01,2.112250e+01,2.105999e+01,2.107388e+01,2.110166e+01,2.101829e+01,2.104609e+01,2.103219e+01,2.097658e+01,2.094876e+01,2.098353e+01,2.101134e+01,2.103219e+01,2.114333e+01,2.139293e+01,2.105304e+01,2.088614e+01,2.107388e+01,2.104609e+01,2.100439e+01,2.107388e+01,2.105304e+01,2.103914e+01,2.108777e+01,2.101829e+01,2.106693e+01,2.100439e+01,2.108083e+01,2.104609e+01,2.108083e+01,2.103914e+01,2.095572e+01,2.106693e+01,2.096267e+01,2.079562e+01,2.101134e+01,2.103219e+01,2.126127e+01,2.101134e+01,2.096962e+01,2.101134e+01,2.101134e+01,2.105999e+01,2.105304e+01,2.110861e+01,2.115027e+01,2.110861e+01,2.110861e+01,2.112250e+01,2.112250e+01,2.112250e+01,2.095572e+01,2.115027e+01,2.093485e+01,2.094876e+01,2.096267e+01,2.102524e+01,2.110166e+01,2.099048e+01,2.071200e+01,2.044672e+01,2.057944e+01,2.044672e+01,2.046070e+01,2.045371e+01,2.055152e+01,2.067016e+01,2.047468e+01,2.043973e+01,2.045371e+01,2.039778e+01,2.041875e+01,2.047468e+01,2.045371e+01,2.046070e+01,2.045371e+01,2.043274e+01,2.053755e+01,2.043274e+01,2.052358e+01,2.061434e+01,2.059340e+01,2.068410e+01,2.092093e+01,2.099744e+01,2.103219e+01,2.063528e+01,2.054453e+01,2.046070e+01,2.049564e+01,2.044672e+01,2.053057e+01,2.039078e+01,2.054453e+01,2.047468e+01,2.052358e+01,2.054453e+01,2.051660e+01,2.046769e+01,2.055152e+01,2.036980e+01,2.048865e+01,2.050262e+01,2.050262e+01,2.066318e+01,2.048166e+01,2.043973e+01,2.041875e+01,2.039778e+01,2.060736e+01,2.041176e+01,2.056548e+01,2.055850e+01,2.056548e+01,2.079562e+01,2.080955e+01,2.083741e+01,2.080955e+01,2.101134e+01,2.087222e+01,2.087918e+01,2.078169e+01,2.090006e+01,2.076079e+01,2.085830e+01,2.083741e+01,2.085134e+01,2.068410e+01,2.064923e+01,2.045371e+01,2.046769e+01,2.037679e+01,2.059340e+01,2.043973e+01,2.055850e+01,2.050262e+01,2.044672e+01,2.039778e+01,2.055850e+01,2.055850e+01,2.041176e+01,2.036280e+01,2.041875e+01,2.036280e+01,2.036980e+01,2.056548e+01,2.037679e+01,2.046070e+01,2.040477e+01,2.045371e+01,2.046070e+01,2.050262e+01,2.045371e+01,2.066318e+01,2.064923e+01,2.076775e+01,2.069805e+01,2.071897e+01,2.070502e+01,2.049564e+01,2.050262e+01,2.046769e+01,2.051660e+01,2.039078e+01,2.043973e+01,2.039778e+01,2.044672e+01,2.048865e+01,2.044672e+01,2.044672e+01,2.046070e+01,2.045371e+01,2.042575e+01,2.042575e+01,2.049564e+01,2.047468e+01,2.050961e+01,2.066318e+01,2.053057e+01,2.052358e+01,2.060736e+01
2.126127e+01,2.107388e+01,2.113638e+01,2.107388e+01,2.110166e+01,2.117803e+01,2.108777e+01,2.101134e+01,2.108777e+01,2.096962e+01,2.115721e+01,2.113638e+01,2.101134e+01,2.126821e+01,2.112250e+01,2.105304e+01,2.123353e+01,2.122660e+01,2.110861e+01,2.112250e+01,2.107388e+01,2.120579e+01,2.115027e+01,2.112250e+01,2.111555e+01,2.111555e+01,2.108777e+01,2.117109e+01,2.112250e+01,2.114333e+01,2.103219e+01,2.111555e+01,2.090702e+01,2.124740e+01,2.112250e+01,2.125434e+01,2.106693e+01,2.119885e+01,2.101134e+01,2.115721e+01,2.114333e+01,2.120579e+01,2.104609e+01,2.110166e+01,2.102524e+01,2.101829e+01,2.100439e+01,2.111555e+01,2.117803e+01,2.115721e+01,2.119191e+01,2.105304e+01,2.106693e+01,2.103914e+01,2.101134e+01,2.099744e+01,2.101829e+01,2.109472e+01,2.122660e+01,2.102524e+01,2.097658e+01,2.103219e+01,2.105999e+01,2.109472e+01,2.112944e+01,2.127514e+01,2.128207e+01,2.113638e+01,2.113638e+01,2.115721e+01,2.115721e+01,2.108083e+01,2.113638e+01,2.112250e+01,2.117109e+01,2.110166e+01,2.138601e+01,2.119885e+01,2.141371e+01,2.126127e+01,2.129594e+01,2.127514e+01,2.126127e+01,2.123353e+01,2.127514e+01,2.117109e+01,2.124047e+01,2.136523e+01,2.120579e+01,2.117109e+01,2.114333e+01,2.103914e+01,2.107388e+01,2.102524e+01,2.108777e+01,2.098353e+01,2.092093e+01,2.099048e+01,2.103914e+01,2.090006e+01,2.097658e+01,2.086526e+01,2.110861e+01,2.093485e+01,2.101829e+01,2.096267e+01,2.094876e+01,2.113638e+01,2.099048e+01,2.117109e+01,2.094180e+01,2.112250e+01,2.117109e+01,2.110861e+01,2.119885e+01,2.119191e+01,2.107388e+01,2.101829e+01,2.107388e+01,2.099744e+01,2.100439e+01,2.111555e+01,2.106693e+01,2.108083e+01,2.109472e+01,2.109472e+01,2.110166e+01,2.105999e+01,2.098353e+01,2.133059e+01,2.101134e+01,2.119885e+01,2.112250e+01,2.110861e+01,2.112944e+01,2.110861e+01,2.118497e+01,2.110166e+01,2.106693e+01,2.108777e+01,2.115027e+01,2.117109e+01,2.122660e+01,2.100439e+01,2.101134e+01,2.108083e+01,2.112944e+01,2.119885e+01,2.110166e+01,2.085134e+01,2.114333e+01,2.108083e+01,2.109472e+01,2.117109e+01,2.108777e+01,2.117803e+01,2.107388e+01,2.118497e+01,2.109472e+01,2.105999e+01,2.105999e+01,2.108777e+01,2.103219e+01,2.115721e+01,2.117803e+01,2.117803e+01,2.110861e+01,2.121966e+01,2.094876e+01,2.103219e+01,2.117803e+01,2.114333e+01,2.109472e+01,2.110861e+01,2.109472e+01,2.110861e+01,2.108777e+01,2.110166e+01,2.099744e+01,2.114333e+01,2.106693e+01,2.101134e+01,2.116415e+01,2.096267e+01,2.112250e+01,2.103219e+01,2.104609e+01,2.109472e+01,2.113638e+01,2.099048e+01,2.099048e+01,2.102524e+01,2.117109e+01,2.101134e+01,2.105304e+01,2.105999e+01,2.093485e+01,2.108777e+01,2.108777e+01,2.110166e+01,2.106693e+01,2.103914e+01,2.103219e+01,2.105304e+01,2.106693e+01,2.105304e+01,2.106693e+01,2.112250e+01,2.110166e+01,2.112944e+01,2.112250e+01,2.094180e+01,2.096267e+01,2.101134e+01,2.113638e+01,2.097658e+01,2.100439e+01,2.109472e+01,2.108777e+01,2.117803e+01,2.115721e+01,2.116415e+01,2.108083e+01,2.082348e+01,2.105999e+01,2.099048e+01,2.096267e+01,2.089310e+01,2.098353e+01,2.083741e+01,2.103914e+01,2.102524e+01,2.100439e+01,2.105999e+01,2.108777e+01,2.109472e+01,2.115721e+01,2.110166e+01,2.122660e+01,2.105999e+01,2.094876e+01,2.103219e+01,2.104609e+01,2.106693e+01,2.119885e+01,2.105999e+01,2.113638e+01,2.101829e+01,2.107388e+01,2.110861e+01,2.097658e+01,2.108777e+01,2.100439e+01,2.110166e+01,2.106693e+01,2.100439e+01,2.106693e+01,2.100439e+01,2.107388e+01,2.097658e+01,2.103914e+01,2.103914e+01,2.098353e+01,2.107388e+01,2.099744e+01,2.102524e+01,2.101829e+01,2.096962e+01,2.088614e+01,2.102524e+01,2.104609e+01,2.095572e+01,2.089310e+01,2.094876e+01,2.102524e+01,2.103914e+01,2.094180e+01,2.086526e+01,2.092789e+01,2.085134e+01,2.092789e+01,2.100439e+01,2.095572e+01,2.100439e+01,2.099048e+01,2.087918e+01,2.094876e+01,2.096267e+01,2.085830e+01,2.086526e+01,2.076775e+01,2.087918e+01,2.065621e+01,2.057944e+01,2.049564e+01,2.056548e+01,2.060039e+01,2.067016e+01,2.066318e+01,2.073291e+01,2.060039e+01,2.071200e+01,2.071200e+01,2.071897e+01,2.078866e+01,2.103914e+01,2.084437e+01,2.086526e+01,2.107388e+01,2.108083e+01,2.085830e+01,2.084437e+01,2.083741e+01,2.096962e+01,2.080955e+01,2.072594e+01,2.093485e+01,2.094876e+01,2.082348e+01,2.080259e+01,2.081652e+01,2.070502e+01,2.079562e+01,2.088614e+01,2.091398e+01,2.092789e+01,2.094180e+01,2.094180e+01,2.103219e+01,2.106693e+01,2.107388e+01,2.094180e+01,2.098353e+01,2.102524e+01,2.090702e+01,2.097658e+01,2.090702e+01,2.093485e+01,2.099744e+01,2.099048e+01,2.092093e+01,2.091398e+01,2.093485e+01,2.094876e+01,2.092789e+01,2.099048e+01,2.100439e+01,2.094876e+01,2.091398e+01,2.095572e+01,2.094180e+01,2.094876e+01,2.089310e+01,2.097658e+01,2.098353e+01,2.117109e+01,2.101829e+01,2.093485e+01,2.102524e+01,2.105304e+01,2.110861e+01,2.096267e+01,2.108777e+01,2.110861e+01,2.096962e+01,2.090702e+01,2.098353e+01,2.095572e+01,2.110166e+01,2.086526e+01,2.101134e+01,2.090006e+01,2.091398e+01,2.093485e+01,2.074685e+01,2.080259e+01,2.095572e+01,2.087222e+01,2.084437e+01,2.090702e+01,2.062830e+01,2.071897e+01,2.090702e+01,2.090006e+01,2.092789e+01,2.111555e+01,2.099744e+01,2.101829e+01,2.112250e+01,2.103219e+01,2.112250e+01,2.109472e+01,2.107388e+01,2.105999e+01,2.115721e+01,2.108777e+01,2.105999e+01,2.096267e+01,2.073988e+01,2.076775e+01,2.053755e+01,2.053057e+01,2.056548e+01,2.090702e+01,2.101134e+01,2.094180e+01,2.095572e+01,2.092789e+01,2.077472e+01,2.045371e+01,2.049564e+01,2.074685e+01,2.075382e+01,2.076775e+01,2.089310e+01,2.096267e+01,2.098353e+01,2.088614e+01,2.099744e+01,2.118497e+01,2.099048e+01,2.103219e+01,2.100439e+01,2.093485e+01,2.110861e+01,2.100439e+01,2.099048e+01,2.091398e+01,2.099048e+01,2.104609e+01,2.105999e+01,2.101134e+01,2.105304e+01,2.107388e+01,2.117803e+01,2.112944e+01,2.105304e+01,2.091398e+01,2.115027e+01,2.101134e+01,2.097658e+01,2.105999e+01,2.093485e+01,2.096962e+01,2.103914e+01,2.102524e+01,2.108083e+01,2.099744e+01,2.102524e+01,2.115721e+01,2.101134e+01,2.104609e+01,2.104609e+01,2.104609e+01,2.102524e+01,2.093485e+01,2.107388e+01,2.104609e+01,2.112944e+01,2.107388e+01,2.108083e+01,2.098353e+01,2.099048e+01,2.099744e+01,2.103219e+01,2.108777e+01,2.101829e+01,2.113638e+01,2.123353e+01,2.102524e+01,2.116415e+01,2.103219e+01,2.104609e+01,2.112250e+01,2.105304e+01,2.103219e+01,2.100439e+01,2.105999e+01,2.097658e+01,2.107388e+01,2.103219e+01,2.098353e+01,2.099048e+01,2.105999e+01,2.110166e+01,2.111555e+01,2.105304e+01,2.106693e+01,2.091398e+01,2.107388e+01,2.103219e+01,2.096962e+01,2.104609e+01,2.098353e+01,2.105999e+01,2.106693e+01,2.108777e+01,2.110166e+01,2.107388e+01,2.101829e+01,2.103914e+01,2.094180e+01,2.108777e+01,2.095572e+01,2.095572e+01,2.105999e+01,2.098353e+01,2.108777e+01,2.103914e+01,2.101829e+01,2.115027e+01,2.109472e+01,2.106693e+01,2.105999e+01,2.098353e+01,2.087918e+01,2.103219e+01,2.087222e+01,2.080259e+01,2.083045e+01,2.083741e+01,2.073291e+01,2.064923e+01,2.062132e+01,2.053755e+01,2.050961e+01,2.051660e+01,2.036280e+01,2.041176e+01,2.038379e+01,2.039778e+01,2.039778e+01,2.045371e+01,2.043274e+01,2.050961e+01,2.024380e+01,2.042575e+01,2.043973e+01,2.039078e+01,2.039778e+01,2.059340e+01,2.068410e+01,2.068410e+01,2.090702e+01,2.066318e+01,2.058643e+01,2.060039e+01,2.050961e+01,2.048865e+01,2.055152e+01,2.055850e+01,2.040477e+01,2.054453e+01,2.041176e+01,2.041875e+01,2.056548e+01,2.037679e+01,2.036980e+01,2.050262e+01,2.049564e+01,2.057246e+01,2.046769e+01,2.046769e+01,2.055152e+01,2.050262e+01,2.041176e+01,2.043973e+01,2.048166e+01,2.042575e+01,2.037679e+01,2.044672e+01,2.036980e+01,2.057944e+01,2.062830e+01,2.080955e+01,2.085134e+01,2.094876e+01,2.069108e+01,2.095572e+01,2.096962e+01,2.095572e+01,2.077472e+01,2.087222e+01,2.090702e+01,2.091398e+01,2.083045e+01,2.072594e+01,2.081652e+01,2.069805e+01,2.041875e+01,2.053057e+01,2.055152e+01,2.046769e+01,2.061434e+01,2.048865e+01,2.045371e+01,2.050961e+01,2.059340e+01,2.061434e+01,2.043973e+01,2.060736e+01,2.058643e+01,2.056548e+01,2.050961e+01,2.066318e+01,2.049564e+01,2.055850e+01,2.059340e+01,2.046070e+01,2.052358e+01,2.051660e+01,2.050961e+01,2.074685e+01,2.078169e+01,2.087918e+01,2.067713e+01,2.071897e+01,2.064923e+01,2.042575e+01,2.037679e+01,2.049564e+01,2.048865e+01,2.059340e+01,2.027881e+01,2.034181e+01,2.045371e+01,2.030682e+01,2.053755e+01,2.040477e+01,2.042575e+01,2.040477e+01,2.049564e+01,2.042575e+01,2.044672e+01,2.040477e+01,2.051660e+01,2.050961e+01,2.050262e+01,2.052358e+01,2.062132e+01
2.106693e+01,2.108777e+01,2.105999e+01,2.107388e+01,2.096267e+01,2.117803e+01,2.116415e+01,2.112250e+01,2.117109e+01,2.120579e+01,2.102524e+01,2.124047e+01,2.114333e+01,2.119191e+01,2.120579e+01,2.104609e+01,2.108777e+01,2.109472e+01,2.115721e+01,2.114333e+01,2.111555e+01,2.115721e+01,2.112944e+01,2.112250e+01,2.101134e+01,2.097658e+01,2.111555e+01,2.119191e+01,2.112944e+01,2.106693e+01,2.108083e+01,2.103219e+01,2.113638e+01,2.116415e+01,2.123353e+01,2.124740e+01,2.105304e+01,2.119191e+01,2.103219e+01,2.102524e+01,2.104609e+01,2.121966e+01,2.117803e+01,2.101134e+01,2.113638e+01,2.108777e+01,2.120579e+01,2.105304e+01,2.103219e+01,2.103914e+01,2.103914e+01,2.114333e+01,2.112250e+01,2.097658e+01,2.114333e+01,2.121272e+01,2.115721e+01,2.096267e+01,2.092093e+01,2.115027e+01,2.103219e+01,2.114333e+01,2.110861e+01,2.109472e+01,2.117109e+01,2.119191e+01,2.121966e+01,2.126821e+01,2.110861e+01,2.115721e+01,2.115027e+01,2.108083e+01,2.117109e+01,2.122660e+01,2.130287e+01,2.110861e+01,2.116415e+01,2.122660e+01,2.127514e+01,2.121272e+01,2.121966e+01,2.127514e+01,2.102524e+01,2.123353e+01,2.114333e+01,2.130287e+01,2.116415e+01,2.119885e+01,2.120579e+01,2.118497e+01,2.101829e+01,2.108083e+01,2.118497e+01,2.108083e+01,2.108777e+01,2.117109e+01,2.111555e+01,2.121966e+01,2.097658e+01,2.106693e+01,2.094876e+01,2.099744e+01,2.100439e+01,2.096267e+01,2.111555e+01,2.094876e+01,2.101134e+01,2.104609e+01,2.119191e+01,2.097658e+01,2.117803e+01,2.099744e+01,2.102524e+01,2.117803e+01,2.119885e+01,2.116415e+01,2.115027e+01,2.114333e+01,2.105999e+01,2.106693e+01,2.104609e+01,2.108083e+01,2.108777e+01,2.109472e+01,2.110166e+01,2.110166e+01,2.110861e+01,2.106693e+01,2.110166e+01,2.114333e+01,2.117803e+01,2.118497e+01,2.117109e+01,2.117109e+01,2.120579e+01,2.113638e+01,2.106693e+01,2.110861e+01,2.103219e+01,2.112250e+01,2.110861e+01,2.109472e+01,2.103914e+01,2.117803e+01,2.118497e+01,2.119885e+01,2.119885e+01,2.108777e+01,2.112944e+01,2.124740e+01,2.112944e+01,2.119191e+01,2.108083e+01,2.108777e+01,2.120579e+01,2.107388e+01,2.112944e+01,2.119885e+01,2.105999e+01,2.105999e+01,2.124047e+01,2.118497e+01,2.119885e+01,2.108777e+01,2.107388e+01,2.114333e+01,2.115721e+01,2.103914e+01,2.100439e+01,2.096267e+01,2.103914e+01,2.114333e+01,2.112944e+01,2.103914e+01,2.104609e+01,2.114333e+01,2.113638e+01,2.117109e+01,2.102524e+01,2.110861e+01,2.103219e+01,2.110861e+01,2.131673e+01,2.105304e+01,2.101134e+01,2.115721e+01,2.104609e+01,2.103219e+01,2.103219e+01,2.098353e+01,2.112944e+01,2.104609e+01,2.111555e+01,2.119885e+01,2.113638e+01,2.112944e+01,2.111555e+01,2.110861e+01,2.108777e+01,2.103914e+01,2.101829e+01,2.103219e+01,2.103219e+01,2.112944e+01,2.097658e+01,2.105304e+01,2.108777e+01,2.113638e+01,2.107388e+01,2.109472e+01,2.105999e+01,2.096962e+01,2.094876e+01,2.105304e+01,2.118497e+01,2.104609e+01,2.110166e+01,2.112944e+01,2.096267e+01,2.103914e+01,2.080259e+01,2.099744e+01,2.104609e+01,2.095572e+01,2.089310e+01,2.092093e+01,2.092789e+01,2.091398e+01,2.098353e+01,2.081652e+01,2.102524e+01,2.100439e+01,2.094876e+01,2.101134e+01,2.096962e+01,2.109472e+01,2.092093e+01,2.100439e+01,2.107388e+01,2.095572e+01,2.119191e+01,2.124740e+01,2.106693e+01,2.112944e+01,2.108777e+01,2.114333e+01,2.113638e+01,2.107388e+01,2.106693e+01,2.112250e+01,2.110166e+01,2.109472e+01,2.102524e+01,2.090006e+01,2.096962e+01,2.105304e+01,2.104609e+01,2.096267e+01,2.101829e+01,2.094876e+01,2.101134e+01,2.090702e+01,2.094876e+01,2.099048e+01,2.100439e+01,2.105999e+01,2.101134e+01,2.109472e+01,2.086526e+01,2.084437e+01,2.092093e+01,2.101829e+01,2.103219e+01,2.092789e+01,2.096267e+01,2.110166e+01,2.089310e+01,2.102524e+01,2.085134e+01,2.105999e+01,2.100439e+01,2.096962e+01,2.091398e+01,2.075382e+01,2.090006e+01,2.073988e+01,2.094180e+01,2.081652e+01,2.074685e+01,2.076079e+01,2.066318e+01,2.062830e+01,2.074685e+01,2.055850e+01,2.067016e+01,2.062132e+01,2.062830e+01,2.055152e+01,2.064225e+01,2.072594e+01,2.060039e+01,2.067016e+01,2.062830e+01,2.076079e+01,2.080259e+01,2.071200e+01,2.083741e+01,2.063528e+01,2.063528e+01,2.084437e+01,2.073988e+01,2.076775e+01,2.067016e+01,2.066318e+01,2.067016e+01,2.071200e+01,2.051660e+01,2.055850e+01,2.058643e+01,2.048166e+01,2.063528e+01,2.069108e+01,2.062132e+01,2.064923e+01,2.094180e+01,2.085830e+01,2.069108e+01,2.099048e+01,2.085830e+01,2.106693e+01,2.096267e+01,2.103219e+01,2.103219e+01,2.103219e+01,2.097658e+01,2.099048e+01,2.101829e+01,2.098353e+01,2.101829e+01,2.090006e+01,2.101829e+01,2.094180e+01,2.101829e+01,2.103219e+01,2.101829e+01,2.099744e+01,2.092789e+01,2.084437e+01,2.099744e+01,2.096962e+01,2.090702e+01,2.087222e+01,2.092789e+01,2.113638e+01,2.092789e+01,2.100439e+01,2.094180e+01,2.110861e+01,2.098353e+01,2.099048e+01,2.101134e+01,2.108083e+01,2.110861e+01,2.114333e+01,2.092093e+01,2.106693e+01,2.109472e+01,2.096267e+01,2.095572e+01,2.098353e+01,2.088614e+01,2.085134e+01,2.090006e+01,2.091398e+01,2.094180e+01,2.079562e+01,2.078169e+01,2.067016e+01,2.065621e+01,2.057944e+01,2.057246e+01,2.064923e+01,2.068410e+01,2.070502e+01,2.073988e+01,2.092789e+01,2.096962e+01,2.114333e+01,2.105999e+01,2.108083e+01,2.106693e+01,2.104609e+01,2.103914e+01,2.099048e+01,2.100439e+01,2.090702e+01,2.077472e+01,2.052358e+01,2.053755e+01,2.053057e+01,2.053057e+01,2.039778e+01,2.066318e+01,2.094180e+01,2.099744e+01,2.089310e+01,2.118497e+01,2.090702e+01,2.090006e+01,2.073988e+01,2.071200e+01,2.087918e+01,2.101134e+01,2.105999e+01,2.096962e+01,2.087918e+01,2.092093e+01,2.101134e+01,2.113638e+01,2.113638e+01,2.103219e+01,2.099744e+01,2.099744e+01,2.096962e+01,2.092093e+01,2.096267e+01,2.099048e+01,2.094876e+01,2.118497e+01,2.103219e+01,2.107388e+01,2.101134e+01,2.104609e+01,2.108083e+01,2.105304e+01,2.103219e+01,2.109472e+01,2.104609e+01,2.110166e+01,2.092093e+01,2.108777e+01,2.102524e+01,2.103219e+01,2.099048e+01,2.101134e+01,2.107388e+01,2.101134e+01,2.108083e+01,2.097658e+01,2.114333e+01,2.098353e+01,2.115027e+01,2.109472e+01,2.106693e+01,2.105999e+01,2.109472e+01,2.125434e+01,2.109472e+01,2.110861e+01,2.108777e+01,2.097658e+01,2.111555e+01,2.115027e+01,2.119191e+01,2.119191e+01,2.125434e+01,2.100439e+01,2.106693e+01,2.128901e+01,2.105304e+01,2.130287e+01,2.113638e+01,2.108083e+01,2.107388e+01,2.106693e+01,2.101829e+01,2.109472e+01,2.102524e+01,2.108083e+01,2.104609e+01,2.108083e+01,2.110861e+01,2.096962e+01,2.103914e+01,2.092093e+01,2.103219e+01,2.108777e+01,2.112944e+01,2.090702e+01,2.105999e+01,2.096962e+01,2.105999e+01,2.102524e+01,2.105999e+01,2.102524e+01,2.103219e+01,2.114333e+01,2.112250e+01,2.103219e+01,2.112250e+01,2.110166e+01,2.107388e+01,2.107388e+01,2.108083e+01,2.089310e+01,2.106693e+01,2.119885e+01,2.110166e+01,2.107388e+01,2.125434e+01,2.102524e+01,2.105999e+01,2.108777e+01,2.128901e+01,2.114333e+01,2.100439e+01,2.103219e+01,2.099744e+01,2.105304e+01,2.089310e+01,2.097658e+01,2.084437e+01,2.067016e+01,2.060039e+01,2.074685e+01,2.050961e+01,2.061434e+01,2.057246e+01,2.034181e+01,2.048166e+01,2.046070e+01,2.054453e+01,2.045371e+01,2.048865e+01,2.050961e+01,2.050961e+01,2.054453e+01,2.037679e+01,2.056548e+01,2.038379e+01,2.055850e+01,2.052358e+01,2.064923e+01,2.060039e+01,2.047468e+01,2.056548e+01,2.050262e+01,2.053057e+01,2.057246e+01,2.057246e+01,2.050961e+01,2.056548e+01,2.055152e+01,2.055850e+01,2.053057e+01,2.053057e+01,2.043973e+01,2.053057e+01,2.060039e+01,2.060039e+01,2.043973e+01,2.052358e+01,2.056548e+01,2.057944e+01,2.045371e+01,2.048865e+01,2.055850e+01,2.043274e+01,2.053057e+01,2.053755e+01,2.043973e+01,2.039078e+01,2.035581e+01,2.053755e+01,2.071897e+01,2.080955e+01,2.082348e+01,2.102524e+01,2.082348e+01,2.083741e+01,2.094876e+01,2.091398e+01,2.084437e+01,2.117109e+01,2.090702e+01,2.087918e+01,2.086526e+01,2.083741e+01,2.067713e+01,2.057246e+01,2.057944e+01,2.061434e+01,2.058643e+01,2.054453e+01,2.054453e+01,2.053057e+01,2.057246e+01,2.062830e+01,2.053755e+01,2.060736e+01,2.061434e+01,2.046769e+01,2.046769e+01,2.055152e+01,2.062830e+01,2.055152e+01,2.069805e+01,2.069108e+01,2.074685e+01,2.054453e+01,2.043973e+01,2.077472e+01,2.081652e+01,2.099048e+01,2.081652e+01,2.072594e+01,2.050961e+01,2.058643e+01,2.064923e+01,2.060039e+01,2.055850e+01,2.058643e+01,2.060736e+01,2.053057e+01,2.032782e+01,2.044672e+01,2.041875e+01,2.049564e+01,2.067713e+01,2.055850e+01,2.067713e+01,2.046070e+01,2.035581e+01,2.047468e+01,2.045371e+01,2.043274e+01,2.061434e+01,2.060736e+01,2.069108e+01,2.072594e+01
2.107388e+01,2.110166e+01,2.111555e+01,2.114333e+01,2.110861e+01,2.108083e+01,2.113638e+01,2.105304e+01,2.100439e+01,2.096962e+01,2.095572e+01,2.113638e+01,2.120579e+01,2.124047e+01,2.121966e+01,2.117109e+01,2.109472e+01,2.108083e+01,2.114333e+01,2.117803e+01,2.105999e+01,2.107388e+01,2.107388e+01,2.116415e+01,2.110861e+01,2.111555e+01,2.112250e+01,2.109472e+01,2.108083e+01,2.114333e+01,2.108777e+01,2.109472e+01,2.093485e+01,2.120579e+01,2.115027e+01,2.110166e+01,2.105304e+01,2.103914e+01,2.112944e+01,2.112944e+01,2.117109e+01,2.108777e+01,2.111555e+01,2.099048e+01,2.104609e+01,2.106693e+01,2.117803e+01,2.104609e+01,2.119191e+01,2.117803e+01,2.117109e+01,2.105304e+01,2.114333e+01,2.099048e+01,2.104609e+01,2.107388e+01,2.103914e+01,2.092093e+01,2.099048e+01,2.092093e+01,2.112944e+01,2.104609e+01,2.099048e+01,2.107388e+01,2.117109e+01,2.107388e+01,2.110861e+01,2.115721e+01,2.113638e+01,2.112944e+01,2.109472e+01,2.107388e+01,2.105304e+01,2.098353e+01,2.107388e+01,2.107388e+01,2.117109e+01,2.105304e+01,2.110861e+01,2.112250e+01,2.128207e+01,2.117803e+01,2.123353e+01,2.103914e+01,2.099048e+01,2.104609e+01,2.113638e+01,2.101134e+01,2.120579e+01,2.106693e+01,2.096267e+01,2.105304e+01,2.112944e+01,2.108777e+01,2.104609e+01,2.103219e+01,2.097658e+01,2.099744e+01,2.101829e+01,2.095572e+01,2.101134e+01,2.100439e+01,2.102524e+01,2.108777e+01,2.096962e+01,2.078866e+01,2.096267e+01,2.103219e+01,2.103219e+01,2.099048e+01,2.097658e+01,2.109472e+01,2.115027e+01,2.115027e+01,2.107388e+01,2.118497e+01,2.102524e+01,2.105304e+01,2.113638e+01,2.105304e+01,2.095572e+01,2.105999e+01,2.107388e+01,2.108777e+01,2.089310e+01,2.108083e+01,2.108777e+01,2.108083e+01,2.101829e+01,2.110861e+01,2.103914e+01,2.115721e+01,2.118497e+01,2.114333e+01,2.118497e+01,2.107388e+01,2.105999e+01,2.106693e+01,2.107388e+01,2.110166e+01,2.116415e+01,2.108083e+01,2.104609e+01,2.118497e+01,2.112944e+01,2.112250e+01,2.115027e+01,2.103914e+01,2.111555e+01,2.101134e+01,2.109472e+01,2.125434e+01,2.122660e+01,2.106693e+01,2.110861e+01,2.096267e+01,2.115721e+01,2.111555e+01,2.101134e+01,2.102524e+01,2.117803e+01,2.110861e+01,2.111555e+01,2.112944e+01,2.113638e+01,2.106693e+01,2.101134e+01,2.113638e+01,2.092789e+01,2.115027e+01,2.099048e+01,2.119191e+01,2.096267e+01,2.101134e+01,2.102524e+01,2.104609e+01,2.087222e+01,2.110861e+01,2.099744e+01,2.104609e+01,2.104609e+01,2.111555e+01,2.101829e+01,2.102524e+01,2.099744e+01,2.099048e+01,2.102524e+01,2.102524e+01,2.099048e+01,2.099744e+01,2.098353e+01,2.100439e+01,2.103219e+01,2.109472e+01,2.111555e+01,2.108083e+01,2.106693e+01,2.106693e+01,2.106693e+01,2.106693e+01,2.101134e+01,2.104609e+01,2.102524e+01,2.101829e+01,2.090006e+01,2.087222e+01,2.094876e+01,2.107388e+01,2.088614e+01,2.102524e+01,2.092093e+01,2.094180e+01,2.091398e+01,2.101134e+01,2.092093e+01,2.092789e+01,2.091398e+01,2.085830e+01,2.083045e+01,2.076775e+01,2.090006e+01,2.095572e+01,2.086526e+01,2.095572e+01,2.085830e+01,2.090702e+01,2.075382e+01,2.075382e+01,2.080259e+01,2.096962e+01,2.097658e+01,2.093485e+01,2.086526e+01,2.058643e+01,2.097658e+01,2.071200e+01,2.083741e+01,2.073291e+01,2.072594e+01,2.076079e+01,2.100439e+01,2.103914e+01,2.095572e+01,2.085134e+01,2.095572e+01,2.110861e+01,2.110166e+01,2.094180e+01,2.103914e+01,2.095572e+01,2.094180e+01,2.094180e+01,2.100439e+01,2.092093e+01,2.091398e+01,2.086526e+01,2.086526e+01,2.094876e+01,2.092789e+01,2.089310e+01,2.096962e+01,2.079562e+01,2.079562e+01,2.076775e+01,2.080259e+01,2.101134e+01,2.096962e+01,2.101134e+01,2.088614e+01,2.106693e+01,2.087918e+01,2.087918e+01,2.096962e+01,2.087918e+01,2.090702e+01,2.089310e+01,2.089310e+01,2.082348e+01,2.093485e+01,2.093485e+01,2.088614e+01,2.078866e+01,2.096962e+01,2.079562e+01,2.075382e+01,2.088614e+01,2.074685e+01,2.073291e+01,2.074685e+01,2.067713e+01,2.066318e+01,2.057944e+01,2.043973e+01,2.058643e+01,2.067713e+01,2.053755e+01,2.046769e+01,2.046769e+01,2.064923e+01,2.064923e+01,2.059340e+01,2.070502e+01,2.063528e+01,2.067713e+01,2.076775e+01,2.085134e+01,2.064923e+01,2.064923e+01,2.070502e+01,2.057944e+01,2.062132e+01,2.057246e+01,2.055152e+01,2.054453e+01,2.041176e+01,2.057944e+01,2.048166e+01,2.066318e+01,2.055152e+01,2.043274e+01,2.039778e+01,2.043973e+01,2.049564e+01,2.057246e+01,2.082348e+01,2.080259e+01,2.090006e+01,2.094876e+01,2.082348e+01,2.079562e+01,2.073291e+01,2.085134e+01,2.097658e+01,2.096267e+01,2.096267e+01,2.095572e+01,2.096962e+01,2.092789e+01,2.096267e+01,2.079562e+01,2.084437e+01,2.089310e+01,2.100439e+01,2.090702e+01,2.092789e+01,2.101134e+01,2.095572e+01,2.082348e+01,2.080955e+01,2.091398e+01,2.085830e+01,2.090702e+01,2.088614e+01,2.092093e+01,2.092789e+01,2.099744e+01,2.094876e+01,2.103219e+01,2.096267e+01,2.095572e+01,2.103914e+01,2.105999e+01,2.092093e+01,2.095572e+01,2.096267e+01,2.096267e+01,2.092789e+01,2.094180e+01,2.078866e+01,2.088614e+01,2.086526e+01,2.087918e+01,2.072594e+01,2.092789e+01,2.071200e+01,2.057246e+01,2.048166e+01,2.060039e+01,2.055152e+01,2.039078e+01,2.039078e+01,2.039778e+01,2.037679e+01,2.036980e+01,2.062830e+01,2.079562e+01,2.096962e+01,2.112944e+01,2.108083e+01,2.084437e+01,2.095572e+01,2.086526e+01,2.087222e+01,2.078169e+01,2.078169e+01,2.058643e+01,2.051660e+01,2.053057e+01,2.050961e+01,2.053755e+01,2.051660e+01,2.040477e+01,2.060736e+01,2.084437e+01,2.090702e+01,2.080259e+01,2.085830e+01,2.090006e+01,2.087222e+01,2.084437e+01,2.085830e+01,2.106693e+01,2.103219e+01,2.108083e+01,2.102524e+01,2.099744e+01,2.102524e+01,2.101829e+01,2.096962e+01,2.097658e+01,2.093485e+01,2.095572e+01,2.101829e+01,2.102524e+01,2.091398e+01,2.103219e+01,2.099744e+01,2.102524e+01,2.096962e+01,2.098353e+01,2.105304e+01,2.105999e+01,2.109472e+01,2.099744e+01,2.099744e+01,2.102524e+01,2.105304e+01,2.095572e+01,2.100439e+01,2.101134e+01,2.101134e+01,2.085134e+01,2.095572e+01,2.105304e+01,2.099048e+01,2.101134e+01,2.103219e+01,2.096962e+01,2.106693e+01,2.103914e+01,2.098353e+01,2.100439e+01,2.102524e+01,2.096962e+01,2.096267e+01,2.105304e+01,2.107388e+01,2.109472e+01,2.108777e+01,2.123353e+01,2.114333e+01,2.111555e+01,2.110861e+01,2.126127e+01,2.124740e+01,2.126127e+01,2.125434e+01,2.126127e+01,2.126821e+01,2.115721e+01,2.130980e+01,2.108083e+01,2.104609e+01,2.109472e+01,2.101134e+01,2.093485e+01,2.087918e+01,2.088614e+01,2.096962e+01,2.098353e+01,2.101134e+01,2.101134e+01,2.103219e+01,2.110166e+01,2.109472e+01,2.104609e+01,2.108083e+01,2.096962e+01,2.110861e+01,2.090702e+01,2.098353e+01,2.103914e+01,2.101134e+01,2.100439e+01,2.101829e+01,2.101134e+01,2.099744e+01,2.099048e+01,2.105999e+01,2.098353e+01,2.110861e+01,2.104609e+01,2.108083e+01,2.091398e+01,2.090702e+01,2.107388e+01,2.111555e+01,2.117109e+01,2.112250e+01,2.110861e+01,2.113638e+01,2.101829e+01,2.124740e+01,2.119885e+01,2.120579e+01,2.117109e+01,2.111555e+01,2.111555e+01,2.115027e+01,2.085830e+01,2.084437e+01,2.089310e+01,2.087222e+01,2.072594e+01,2.062830e+01,2.069108e+01,2.050961e+01,2.041875e+01,2.046070e+01,2.039778e+01,2.044672e+01,2.039078e+01,2.037679e+01,2.040477e+01,2.034181e+01,2.043274e+01,2.053057e+01,2.038379e+01,2.038379e+01,2.043973e+01,2.039078e+01,2.046769e+01,2.039778e+01,2.036980e+01,2.038379e+01,2.058643e+01,2.055152e+01,2.049564e+01,2.044672e+01,2.042575e+01,2.046070e+01,2.052358e+01,2.047468e+01,2.046070e+01,2.043973e+01,2.050961e+01,2.042575e+01,2.040477e+01,2.041176e+01,2.043274e+01,2.049564e+01,2.048865e+01,2.042575e+01,2.053755e+01,2.048166e+01,2.043274e+01,2.052358e+01,2.048166e+01,2.050961e+01,2.050961e+01,2.049564e+01,2.055152e+01,2.034181e+01,2.053755e+01,2.041176e+01,2.083045e+01,2.085134e+01,2.088614e+01,2.087222e+01,2.086526e+01,2.093485e+01,2.096962e+01,2.084437e+01,2.079562e+01,2.085830e+01,2.077472e+01,2.086526e+01,2.074685e+01,2.083045e+01,2.081652e+01,2.073291e+01,2.062830e+01,2.062132e+01,2.066318e+01,2.067016e+01,2.071897e+01,2.047468e+01,2.048166e+01,2.060039e+01,2.064225e+01,2.060736e+01,2.048865e+01,2.057944e+01,2.062830e+01,2.065621e+01,2.096267e+01,2.060039e+01,2.067713e+01,2.050961e+01,2.075382e+01,2.076775e+01,2.078169e+01,2.081652e+01,2.077472e+01,2.073988e+01,2.062132e+01,2.062830e+01,2.062132e+01,2.034181e+01,2.046070e+01,2.054453e+01,2.039778e+01,2.052358e+01,2.050961e+01,2.049564e+01,2.046769e+01,2.046070e+01,2.048166e+01,2.048865e+01,2.037679e+01,2.055152e+01,2.041176e+01,2.056548e+01,2.066318e+01,2.039778e+01,2.047468e+01,2.050961e+01,2.041176e+01,2.034181e+01,2.060736e+01
2.108777e+01,2.107388e+01,2.109472e+01,2.115027e+01,2.103914e+01,2.115027e+01,2.112250e+01,2.110861e+01,2.119885e+01,2.103219e+01,2.121272e+01,2.123353e+01,2.110861e+01,2.106693e+01,2.108083e+01,2.104609e+01,2.107388e+01,2.113638e+01,2.110861e+01,2.119191e+01,2.119885e+01,2.110166e+01,2.109472e+01,2.110166e+01,2.110166e+01,2.107388e+01,2.112250e+01,2.135138e+01,2.105304e+01,2.105999e+01,2.110166e+01,2.119885e+01,2.121272e+01,2.106693e+01,2.117803e+01,2.117803e+01,2.104609e+01,2.114333e+01,2.100439e+01,2.111555e+01,2.105304e+01,2.118497e+01,2.103219e+01,2.103219e+01,2.108777e+01,2.102524e+01,2.102524e+01,2.101829e+01,2.104609e+01,2.103219e+01,2.099744e+01,2.098353e+01,2.111555e+01,2.099048e+01,2.096267e+01,2.106693e+01,2.112250e+01,2.109472e+01,2.092789e+01,2.092093e+01,2.108777e+01,2.095572e+01,2.108777e+01,2.107388e+01,2.116415e+01,2.110166e+01,2.099744e+01,2.115027e+01,2.121272e+01,2.112944e+01,2.108777e+01,2.110861e+01,2.117803e+01,2.125434e+01,2.109472e+01,2.118497e+01,2.107388e+01,2.108083e+01,2.098353e+01,2.099744e+01,2.112250e+01,2.090006e+01,2.110166e+01,2.096962e+01,2.110861e+01,2.098353e+01,2.105304e+01,2.115027e+01,2.091398e+01,2.092789e+01,2.088614e+01,2.092789e+01,2.098353e+01,2.101829e+01,2.099744e+01,2.105999e+01,2.084437e+01,2.100439e+01,2.096962e+01,2.100439e+01,2.096962e+01,2.091398e+01,2.098353e+01,2.099744e+01,2.097658e+01,2.094876e+01,2.097658e+01,2.101134e+01,2.094876e+01,2.099744e+01,2.095572e+01,2.110861e+01,2.106693e+01,2.105304e+01,2.119885e+01,2.118497e+01,2.099744e+01,2.116415e+01,2.102524e+01,2.114333e+01,2.110861e+01,2.100439e+01,2.110166e+01,2.108777e+01,2.107388e+01,2.099048e+01,2.106693e+01,2.106693e+01,2.108777e+01,2.108777e+01,2.115721e+01,2.115027e+01,2.118497e+01,2.123353e+01,2.101134e+01,2.103219e+01,2.112944e+01,2.103914e+01,2.110166e+01,2.109472e+01,2.111555e+01,2.124047e+01,2.121272e+01,2.117109e+01,2.109472e+01,2.109472e+01,2.108777e+01,2.111555e+01,2.112944e+01,2.111555e+01,2.119885e+01,2.108777e+01,2.115027e+01,2.103219e+01,2.112944e+01,2.118497e+01,2.104609e+01,2.120579e+01,2.101134e+01,2.105999e+01,2.099744e+01,2.105999e+01,2.106693e+01,2.101134e+01,2.108777e+01,2.099048e+01,2.104609e+01,2.101134e+01,2.093485e+01,2.094876e+01,2.096962e+01,2.116415e+01,2.106693e+01,2.096267e+01,2.093485e+01,2.078169e+01,2.086526e+01,2.085830e+01,2.092093e+01,2.100439e+01,2.096267e+01,2.089310e+01,2.090702e+01,2.099744e+01,2.080259e+01,2.075382e+01,2.078169e+01,2.073988e+01,2.095572e+01,2.064225e+01,2.093485e+01,2.092093e+01,2.099744e+01,2.092093e+01,2.094876e+01,2.091398e+01,2.090702e+01,2.076079e+01,2.089310e+01,2.087918e+01,2.078169e+01,2.081652e+01,2.089310e+01,2.075382e+01,2.089310e+01,2.089310e+01,2.084437e+01,2.087222e+01,2.089310e+01,2.095572e+01,2.090702e+01,2.063528e+01,2.092789e+01,2.077472e+01,2.076775e+01,2.060736e+01,2.058643e+01,2.060736e+01,2.064923e+01,2.096267e+01,2.077472e+01,2.080955e+01,2.063528e+01,2.075382e+01,2.069108e+01,2.063528e+01,2.050262e+01,2.076079e+01,2.077472e+01,2.078169e+01,2.065621e+01,2.078866e+01,2.061434e+01,2.050961e+01,2.053755e+01,2.052358e+01,2.053755e+01,2.064923e+01,2.071200e+01,2.071200e+01,2.073291e+01,2.079562e+01,2.062132e+01,2.049564e+01,2.062132e+01,2.087918e+01,2.084437e+01,2.086526e+01,2.087918e+01,2.084437e+01,2.085134e+01,2.096267e+01,2.090702e+01,2.087918e+01,2.090006e+01,2.090006e+01,2.094876e+01,2.096267e+01,2.097658e+01,2.092789e+01,2.082348e+01,2.092789e+01,2.078866e+01,2.078866e+01,2.078169e+01,2.119191e+01,2.101134e+01,2.100439e+01,2.096962e+01,2.090006e+01,2.085134e+01,2.085134e+01,2.090702e+01,2.094180e+01,2.090006e+01,2.086526e+01,2.086526e+01,2.081652e+01,2.090006e+01,2.090006e+01,2.089310e+01,2.087918e+01,2.095572e+01,2.092093e+01,2.090006e+01,2.073291e+01,2.064923e+01,2.074685e+01,2.062830e+01,2.059340e+01,2.057944e+01,2.060736e+01,2.057246e+01,2.051660e+01,2.043274e+01,2.048865e+01,2.055152e+01,2.046070e+01,2.053057e+01,2.068410e+01,2.054453e+01,2.059340e+01,2.064225e+01,2.070502e+01,2.078169e+01,2.076775e+01,2.076775e+01,2.070502e+01,2.060736e+01,2.059340e+01,2.055850e+01,2.060736e+01,2.046070e+01,2.066318e+01,2.041875e+01,2.042575e+01,2.046769e+01,2.046070e+01,2.043973e+01,2.043973e+01,2.049564e+01,2.039078e+01,2.050262e+01,2.056548e+01,2.087918e+01,2.081652e+01,2.079562e+01,2.078169e+01,2.050961e+01,2.076079e+01,2.069108e+01,2.078169e+01,2.084437e+01,2.088614e+01,2.101134e+01,2.095572e+01,2.071200e+01,2.073988e+01,2.074685e+01,2.078169e+01,2.093485e+01,2.087918e+01,2.085134e+01,2.085134e+01,2.086526e+01,2.081652e+01,2.089310e+01,2.083741e+01,2.101134e+01,2.089310e+01,2.087918e+01,2.089310e+01,2.101829e+01,2.091398e+01,2.090702e+01,2.101829e+01,2.096962e+01,2.086526e+01,2.104609e+01,2.087222e+01,2.106693e+01,2.098353e+01,2.105999e+01,2.103914e+01,2.094180e+01,2.095572e+01,2.090006e+01,2.088614e+01,2.089310e+01,2.071897e+01,2.089310e+01,2.084437e+01,2.088614e+01,2.083045e+01,2.067713e+01,2.057944e+01,2.065621e+01,2.038379e+01,2.041176e+01,2.038379e+01,2.048865e+01,2.050262e+01,2.036980e+01,2.048865e+01,2.050961e+01,2.052358e+01,2.081652e+01,2.097658e+01,2.103914e+01,2.078169e+01,2.068410e+01,2.056548e+01,2.068410e+01,2.055850e+01,2.036980e+01,2.030682e+01,2.045371e+01,2.058643e+01,2.050262e+01,2.043973e+01,2.044672e+01,2.048865e+01,2.062830e+01,2.078866e+01,2.082348e+01,2.071897e+01,2.060736e+01,2.086526e+01,2.087918e+01,2.080955e+01,2.103219e+01,2.108777e+01,2.102524e+01,2.108777e+01,2.101134e+01,2.088614e+01,2.105999e+01,2.096962e+01,2.096962e+01,2.099744e+01,2.098353e+01,2.092789e+01,2.101829e+01,2.108083e+01,2.095572e+01,2.100439e+01,2.098353e+01,2.089310e+01,2.095572e+01,2.093485e+01,2.099744e+01,2.087918e+01,2.100439e+01,2.087222e+01,2.088614e+01,2.097658e+01,2.101134e+01,2.108083e+01,2.100439e+01,2.099048e+01,2.097658e+01,2.100439e+01,2.098353e+01,2.105304e+01,2.103219e+01,2.101829e+01,2.096962e+01,2.106693e+01,2.110166e+01,2.103219e+01,2.098353e+01,2.099744e+01,2.105999e+01,2.098353e+01,2.107388e+01,2.101134e+01,2.105304e+01,2.108777e+01,2.129594e+01,2.130287e+01,2.133059e+01,2.118497e+01,2.121272e+01,2.126127e+01,2.123353e+01,2.124740e+01,2.124740e+01,2.102524e+01,2.125434e+01,2.117803e+01,2.099744e+01,2.116415e+01,2.092789e+01,2.095572e+01,2.104609e+01,2.103914e+01,2.101829e+01,2.099048e+01,2.092789e+01,2.094876e+01,2.100439e+01,2.102524e+01,2.103219e+01,2.108083e+01,2.112944e+01,2.099048e+01,2.113638e+01,2.096962e+01,2.110166e+01,2.090702e+01,2.095572e+01,2.103914e+01,2.099048e+01,2.101134e+01,2.099048e+01,2.117109e+01,2.100439e+01,2.105999e+01,2.107388e+01,2.108083e+01,2.108083e+01,2.099048e+01,2.092789e+01,2.098353e+01,2.105999e+01,2.105304e+01,2.102524e+01,2.107388e+01,2.114333e+01,2.101134e+01,2.117803e+01,2.107388e+01,2.130287e+01,2.113638e+01,2.117109e+01,2.105304e+01,2.122660e+01,2.128207e+01,2.107388e+01,2.084437e+01,2.078169e+01,2.082348e+01,2.094180e+01,2.076775e+01,2.082348e+01,2.071200e+01,2.043973e+01,2.049564e+01,2.050262e+01,2.043973e+01,2.040477e+01,2.034181e+01,2.058643e+01,2.022278e+01,2.048865e+01,2.036280e+01,2.056548e+01,2.052358e+01,2.046070e+01,2.041875e+01,2.041875e+01,2.046070e+01,2.050961e+01,2.050262e+01,2.043274e+01,2.054453e+01,2.047468e+01,2.043274e+01,2.048865e+01,2.042575e+01,2.035581e+01,2.050262e+01,2.037679e+01,2.045371e+01,2.048166e+01,2.055152e+01,2.060039e+01,2.050262e+01,2.037679e+01,2.041875e+01,2.051660e+01,2.044672e+01,2.061434e+01,2.043274e+01,2.041875e+01,2.043274e+01,2.050961e+01,2.050262e+01,2.047468e+01,2.048865e+01,2.043973e+01,2.045371e+01,2.028582e+01,2.044672e+01,2.054453e+01,2.058643e+01,2.060736e+01,2.090702e+01,2.082348e+01,2.092789e+01,2.090006e+01,2.081652e+01,2.083045e+01,2.090702e+01,2.092093e+01,2.085830e+01,2.079562e+01,2.081652e+01,2.097658e+01,2.062132e+01,2.072594e+01,2.072594e+01,2.071200e+01,2.072594e+01,2.072594e+01,2.073291e+01,2.065621e+01,2.060039e+01,2.067016e+01,2.076775e+01,2.068410e+01,2.060039e+01,2.079562e+01,2.060736e+01,2.075382e+01,2.090006e+01,2.075382e+01,2.071897e+01,2.073988e+01,2.074685e+01,2.082348e+01,2.061434e+01,2.077472e+01,2.054453e+01,2.055850e+01,2.058643e+01,2.048865e+01,2.048166e+01,2.043274e+01,2.047468e+01,2.053755e+01,2.036280e+01,2.046769e+01,2.046769e+01,2.048865e+01,2.048166e+01,2.048166e+01,2.047468e+01,2.050961e+01,2.046070e+01,2.046070e+01,2.044672e+01,2.040477e+01,2.047468e+01,2.047468e+01,2.056548e+01,2.037679e+01,2.039778e+01,2.040477e+01,2.034181e+01
2.128207e+01,2.115027e+01,2.105999e+01,2.103219e+01,2.115027e+01,2.099744e+01,2.115027e+01,2.115721e+01,2.117803e+01,2.126127e+01,2.095572e+01,2.111555e+01,2.107388e+01,2.112250e+01,2.114333e+01,2.108777e+01,2.109472e+01,2.108083e+01,2.109472e+01,2.130980e+01,2.113638e+01,2.108777e+01,2.115721e+01,2.106693e+01,2.105999e+01,2.097658e+01,2.103219e+01,2.111555e+01,2.108083e+01,2.111555e+01,2.121966e+01,2.095572e+01,2.115027e+01,2.099744e+01,2.110166e+01,2.113638e+01,2.110166e+01,2.109472e+01,2.099048e+01,2.112250e+01,2.102524e+01,2.103914e+01,2.110166e+01,2.100439e+01,2.103914e+01,2.101829e+01,2.104609e+01,2.105999e+01,2.101829e+01,2.104609e+01,2.107388e+01,2.117109e+01,2.087918e+01,2.092093e+01,2.108083e+01,2.094180e+01,2.110861e+01,2.092789e+01,2.109472e+01,2.110861e+01,2.099048e+01,2.102524e+01,2.095572e+01,2.096267e+01,2.104609e+01,2.115721e+01,2.086526e+01,2.108083e+01,2.110861e+01,2.110166e+01,2.105304e+01,2.108083e+01,2.115721e+01,2.116415e+01,2.091398e+01,2.108083e+01,2.090006e+01,2.090006e+01,2.089310e+01,2.096962e+01,2.101134e+01,2.112250e+01,2.096962e+01,2.113638e+01,2.090702e+01,2.087222e+01,2.101829e+01,2.094180e+01,2.096267e+01,2.090702e+01,2.087918e+01,2.087918e+01,2.112250e+01,2.093485e+01,2.098353e+01,2.099048e+01,2.100439e+01,2.093485e+01,2.104609e+01,2.100439e+01,2.094180e+01,2.104609e+01,2.097658e+01,2.101829e+01,2.096962e+01,2.114333e+01,2.104609e+01,2.099744e+01,2.102524e+01,2.108083e+01,2.106693e+01,2.106693e+01,2.102524e+01,2.097658e+01,2.117109e+01,2.108083e+01,2.102524e+01,2.103219e+01,2.097658e+01,2.106693e+01,2.099048e+01,2.092093e+01,2.111555e+01,2.089310e+01,2.102524e+01,2.108777e+01,2.106693e+01,2.108777e+01,2.102524e+01,2.117803e+01,2.112944e+01,2.120579e+01,2.115027e+01,2.090006e+01,2.123353e+01,2.126821e+01,2.108083e+01,2.097658e+01,2.130287e+01,2.103219e+01,2.103219e+01,2.105304e+01,2.100439e+01,2.107388e+01,2.114333e+01,2.105999e+01,2.105999e+01,2.110166e+01,2.124047e+01,2.112250e+01,2.104609e+01,2.104609e+01,2.105304e+01,2.099744e+01,2.108777e+01,2.100439e+01,2.096962e+01,2.101134e+01,2.092093e+01,2.092789e+01,2.105999e+01,2.094876e+01,2.089310e+01,2.102524e+01,2.090702e+01,2.093485e+01,2.101134e+01,2.089310e+01,2.089310e+01,2.085134e+01,2.090702e+01,2.090006e+01,2.090702e+01,2.095572e+01,2.085830e+01,2.074685e+01,2.091398e+01,2.088614e+01,2.078866e+01,2.083045e+01,2.090702e+01,2.087222e+01,2.073291e+01,2.082348e+01,2.073988e+01,2.075382e+01,2.065621e+01,2.049564e+01,2.050262e+01,2.070502e+01,2.086526e+01,2.079562e+01,2.042575e+01,2.069108e+01,2.071200e+01,2.057944e+01,2.055152e+01,2.073988e+01,2.068410e+01,2.076079e+01,2.073291e+01,2.076079e+01,2.074685e+01,2.070502e+01,2.054453e+01,2.058643e+01,2.064225e+01,2.086526e+01,2.059340e+01,2.062830e+01,2.064225e+01,2.042575e+01,2.045371e+01,2.042575e+01,2.048166e+01,2.049564e+01,2.036280e+01,2.054453e+01,2.035581e+01,2.050262e+01,2.050961e+01,2.051660e+01,2.047468e+01,2.055850e+01,2.035581e+01,2.044672e+01,2.046070e+01,2.067713e+01,2.047468e+01,2.051660e+01,2.047468e+01,2.047468e+01,2.047468e+01,2.049564e+01,2.053057e+01,2.045371e+01,2.041875e+01,2.046769e+01,2.044672e+01,2.064923e+01,2.062132e+01,2.060736e+01,2.050262e+01,2.058643e+01,2.052358e+01,2.049564e+01,2.047468e+01,2.065621e+01,2.072594e+01,2.082348e+01,2.075382e+01,2.085134e+01,2.088614e+01,2.085134e+01,2.069108e+01,2.093485e+01,2.087222e+01,2.090702e+01,2.097658e+01,2.079562e+01,2.083045e+01,2.080955e+01,2.084437e+01,2.083741e+01,2.094180e+01,2.078866e+01,2.079562e+01,2.099048e+01,2.083045e+01,2.101829e+01,2.090702e+01,2.099048e+01,2.092789e+01,2.078169e+01,2.096267e+01,2.100439e+01,2.087222e+01,2.084437e+01,2.087222e+01,2.091398e+01,2.094180e+01,2.081652e+01,2.082348e+01,2.087918e+01,2.082348e+01,2.078169e+01,2.067016e+01,2.067016e+01,2.076079e+01,2.068410e+01,2.064923e+01,2.060039e+01,2.064923e+01,2.051660e+01,2.057944e+01,2.060039e+01,2.057246e+01,2.059340e+01,2.060039e+01,2.057944e+01,2.064225e+01,2.063528e+01,2.061434e+01,2.063528e+01,2.078169e+01,2.073988e+01,2.076079e+01,2.060039e+01,2.071897e+01,2.061434e+01,2.071200e+01,2.059340e+01,2.060039e+01,2.070502e+01,2.046769e+01,2.042575e+01,2.041875e+01,2.042575e+01,2.043973e+01,2.035581e+01,2.053755e+01,2.037679e+01,2.046070e+01,2.053755e+01,2.083045e+01,2.080259e+01,2.057944e+01,2.049564e+01,2.050262e+01,2.051660e+01,2.049564e+01,2.052358e+01,2.051660e+01,2.055850e+01,2.067713e+01,2.064923e+01,2.065621e+01,2.048166e+01,2.064923e+01,2.090006e+01,2.080955e+01,2.090702e+01,2.085134e+01,2.080955e+01,2.085830e+01,2.071897e+01,2.080259e+01,2.077472e+01,2.079562e+01,2.087222e+01,2.095572e+01,2.088614e+01,2.105304e+01,2.103219e+01,2.087222e+01,2.100439e+01,2.103219e+01,2.090702e+01,2.083045e+01,2.106693e+01,2.090006e+01,2.090006e+01,2.088614e+01,2.090006e+01,2.090006e+01,2.103219e+01,2.090702e+01,2.089310e+01,2.089310e+01,2.080955e+01,2.074685e+01,2.089310e+01,2.071200e+01,2.083741e+01,2.073988e+01,2.063528e+01,2.055152e+01,2.039778e+01,2.018775e+01,2.041176e+01,2.037679e+01,2.050262e+01,2.035581e+01,2.049564e+01,2.055850e+01,2.062830e+01,2.082348e+01,2.092789e+01,2.069805e+01,2.049564e+01,2.034881e+01,2.047468e+01,2.054453e+01,2.051660e+01,2.036280e+01,2.048166e+01,2.053057e+01,2.047468e+01,2.048166e+01,2.043274e+01,2.037679e+01,2.055850e+01,2.060039e+01,2.055850e+01,2.058643e+01,2.053755e+01,2.065621e+01,2.076079e+01,2.077472e+01,2.065621e+01,2.073291e+01,2.085830e+01,2.105999e+01,2.112944e+01,2.110166e+01,2.107388e+01,2.087222e+01,2.103219e+01,2.086526e+01,2.101134e+01,2.102524e+01,2.094180e+01,2.105304e+01,2.104609e+01,2.099048e+01,2.090006e+01,2.101829e+01,2.103914e+01,2.092093e+01,2.096962e+01,2.087918e+01,2.088614e+01,2.092789e+01,2.091398e+01,2.097658e+01,2.098353e+01,2.104609e+01,2.090006e+01,2.095572e+01,2.084437e+01,2.092093e+01,2.101134e+01,2.092093e+01,2.097658e+01,2.090006e+01,2.081652e+01,2.103219e+01,2.098353e+01,2.096267e+01,2.105304e+01,2.109472e+01,2.097658e+01,2.092789e+01,2.099048e+01,2.096962e+01,2.094876e+01,2.096267e+01,2.100439e+01,2.101134e+01,2.104609e+01,2.115721e+01,2.112944e+01,2.125434e+01,2.119885e+01,2.123353e+01,2.124740e+01,2.089310e+01,2.102524e+01,2.101829e+01,2.085830e+01,2.103219e+01,2.092789e+01,2.096962e+01,2.092093e+01,2.096962e+01,2.092093e+01,2.104609e+01,2.094876e+01,2.088614e+01,2.096962e+01,2.097658e+01,2.103219e+01,2.111555e+01,2.108083e+01,2.103219e+01,2.098353e+01,2.100439e+01,2.098353e+01,2.103914e+01,2.094876e+01,2.094876e+01,2.097658e+01,2.099744e+01,2.097658e+01,2.117109e+01,2.096962e+01,2.096267e+01,2.094180e+01,2.099744e+01,2.106693e+01,2.107388e+01,2.101829e+01,2.103219e+01,2.087918e+01,2.104609e+01,2.110166e+01,2.108083e+01,2.110166e+01,2.107388e+01,2.105304e+01,2.117109e+01,2.113638e+01,2.101134e+01,2.119885e+01,2.108083e+01,2.116415e+01,2.108777e+01,2.107388e+01,2.103219e+01,2.082348e+01,2.071200e+01,2.036280e+01,2.067713e+01,2.080955e+01,2.069108e+01,2.073988e+01,2.064225e+01,2.045371e+01,2.041875e+01,2.050961e+01,2.046070e+01,2.049564e+01,2.035581e+01,2.057944e+01,2.055152e+01,2.047468e+01,2.043274e+01,2.052358e+01,2.046070e+01,2.045371e+01,2.044672e+01,2.045371e+01,2.047468e+01,2.033481e+01,2.050262e+01,2.041875e+01,2.032782e+01,2.049564e+01,2.047468e+01,2.046769e+01,2.050961e+01,2.050961e+01,2.050262e+01,2.043973e+01,2.050262e+01,2.057246e+01,2.048865e+01,2.050961e+01,2.043973e+01,2.049564e+01,2.048166e+01,2.046769e+01,2.038379e+01,2.043274e+01,2.035581e+01,2.045371e+01,2.045371e+01,2.028582e+01,2.050961e+01,2.057246e+01,2.054453e+01,2.040477e+01,2.040477e+01,2.053057e+01,2.042575e+01,2.056548e+01,2.064225e+01,2.054453e+01,2.065621e+01,2.080955e+01,2.085830e+01,2.090702e+01,2.089310e+01,2.097658e+01,2.085830e+01,2.080955e+01,2.087918e+01,2.083741e+01,2.085134e+01,2.064225e+01,2.040477e+01,2.069805e+01,2.060039e+01,2.074685e+01,2.077472e+01,2.073988e+01,2.060039e+01,2.077472e+01,2.068410e+01,2.079562e+01,2.079562e+01,2.073988e+01,2.062830e+01,2.062132e+01,2.071200e+01,2.073988e+01,2.085830e+01,2.076775e+01,2.067713e+01,2.068410e+01,2.057944e+01,2.050961e+01,2.051660e+01,2.043274e+01,2.047468e+01,2.050961e+01,2.051660e+01,2.050262e+01,2.050262e+01,2.045371e+01,2.049564e+01,2.047468e+01,2.047468e+01,2.018775e+01,2.037679e+01,2.050262e+01,2.040477e+01,2.040477e+01,2.044672e+01,2.041176e+01,2.035581e+01,2.038379e+01,2.048865e+01,2.039778e+01,2.039778e+01,2.055152e+01,2.039078e+01,2.043274e+01,2.041176e+01,2.034181e+01
2.120579e+01,2.108777e+01,2.103219e+01,2.118497e+01,2.103914e+01,2.131673e+01,2.112944e+01,2.112250e+01,2.117803e+01,2.116415e+01,2.110166e+01,2.103914e+01,2.104609e+01,2.110166e+01,2.106693e+01,2.108777e+01,2.110166e+01,2.117109e+01,2.123353e+01,2.114333e+01,2.103219e+01,2.106693e+01,2.110861e+01,2.117803e+01,2.108083e+01,2.108777e+01,2.107388e+01,2.105304e+01,2.114333e+01,2.105304e+01,2.099744e+01,2.110861e+01,2.101829e+01,2.103914e+01,2.105304e+01,2.105304e+01,2.105999e+01,2.108777e+01,2.103914e+01,2.114333e+01,2.101134e+01,2.099048e+01,2.096962e+01,2.094876e+01,2.101829e+01,2.105999e+01,2.101134e+01,2.093485e+01,2.095572e+01,2.103219e+01,2.103914e+01,2.117803e+01,2.110861e+01,2.105999e+01,2.087222e+01,2.107388e+01,2.108777e+01,2.105304e+01,2.105304e+01,2.098353e+01,2.101134e+01,2.108777e+01,2.092093e+01,2.107388e+01,2.098353e+01,2.085134e+01,2.096962e+01,2.112250e+01,2.112250e+01,2.110166e+01,2.107388e+01,2.110861e+01,2.123353e+01,2.110861e+01,2.093485e+01,2.095572e+01,2.102524e+01,2.105999e+01,2.093485e+01,2.095572e+01,2.095572e+01,2.107388e+01,2.101829e+01,2.100439e+01,2.101134e+01,2.094180e+01,2.108777e+01,2.096962e+01,2.098353e+01,2.100439e+01,2.097658e+01,2.090006e+01,2.097658e+01,2.098353e+01,2.097658e+01,2.095572e+01,2.105304e+01,2.100439e+01,2.108777e+01,2.101134e+01,2.107388e+01,2.101829e+01,2.106693e+01,2.107388e+01,2.115721e+01,2.115721e+01,2.108777e+01,2.107388e+01,2.108083e+01,2.105999e+01,2.106693e+01,2.105999e+01,2.103914e+01,2.108777e+01,2.112250e+01,2.112944e+01,2.118497e+01,2.107388e+01,2.104609e+01,2.107388e+01,2.100439e+01,2.112944e+01,2.103914e+01,2.111555e+01,2.110861e+01,2.109472e+01,2.110166e+01,2.112250e+01,2.101134e+01,2.114333e+01,2.112250e+01,2.116415e+01,2.109472e+01,2.108083e+01,2.094876e+01,2.105304e+01,2.108083e+01,2.101134e+01,2.102524e+01,2.110166e+01,2.109472e+01,2.101829e+01,2.105304e+01,2.099744e+01,2.102524e+01,2.110861e+01,2.112944e+01,2.108083e+01,2.106693e+01,2.112250e+01,2.109472e+01,2.101134e+01,2.102524e+01,2.099744e+01,2.099744e+01,2.087222e+01,2.101134e+01,2.093485e+01,2.096267e+01,2.086526e+01,2.092789e+01,2.101134e+01,2.103914e+01,2.085134e+01,2.089310e+01,2.103914e+01,2.071897e+01,2.093485e+01,2.087918e+01,2.093485e+01,2.092789e+01,2.089310e+01,2.084437e+01,2.062132e+01,2.050961e+01,2.046769e+01,2.076079e+01,2.073988e+01,2.071200e+01,2.064225e+01,2.060039e+01,2.069805e+01,2.046769e+01,2.052358e+01,2.042575e+01,2.055152e+01,2.057944e+01,2.043274e+01,2.049564e+01,2.047468e+01,2.038379e+01,2.039078e+01,2.034881e+01,2.045371e+01,2.066318e+01,2.046070e+01,2.042575e+01,2.041176e+01,2.052358e+01,2.043973e+01,2.038379e+01,2.045371e+01,2.049564e+01,2.045371e+01,2.044672e+01,2.044672e+01,2.048865e+01,2.050262e+01,2.055152e+01,2.048865e+01,2.054453e+01,2.025781e+01,2.048166e+01,2.039078e+01,2.049564e+01,2.036980e+01,2.053755e+01,2.047468e+01,2.052358e+01,2.051660e+01,2.047468e+01,2.036280e+01,2.050961e+01,2.046769e+01,2.040477e+01,2.037679e+01,2.039778e+01,2.043973e+01,2.041875e+01,2.044672e+01,2.043973e+01,2.050961e+01,2.045371e+01,2.048865e+01,2.045371e+01,2.045371e+01,2.043973e+01,2.041176e+01,2.040477e+01,2.042575e+01,2.043274e+01,2.049564e+01,2.039778e+01,2.044672e+01,2.043973e+01,2.044672e+01,2.041875e+01,2.046070e+01,2.053057e+01,2.080259e+01,2.072594e+01,2.078169e+01,2.083741e+01,2.084437e+01,2.076775e+01,2.085134e+01,2.083045e+01,2.078169e+01,2.083045e+01,2.083741e+01,2.091398e+01,2.079562e+01,2.092093e+01,2.092789e+01,2.099048e+01,2.086526e+01,2.101829e+01,2.098353e+01,2.083045e+01,2.085830e+01,2.092093e+01,2.078866e+01,2.085830e+01,2.092093e+01,2.077472e+01,2.077472e+01,2.083741e+01,2.094180e+01,2.092789e+01,2.093485e+01,2.094180e+01,2.080955e+01,2.073291e+01,2.078866e+01,2.085830e+01,2.073988e+01,2.074685e+01,2.076775e+01,2.075382e+01,2.057944e+01,2.060736e+01,2.060039e+01,2.050262e+01,2.058643e+01,2.050961e+01,2.060736e+01,2.060039e+01,2.055152e+01,2.050961e+01,2.069108e+01,2.058643e+01,2.050961e+01,2.059340e+01,2.046070e+01,2.060039e+01,2.055850e+01,2.052358e+01,2.069805e+01,2.070502e+01,2.077472e+01,2.067016e+01,2.086526e+01,2.084437e+01,2.078169e+01,2.060039e+01,2.054453e+01,2.055152e+01,2.043973e+01,2.046070e+01,2.046070e+01,2.046070e+01,2.038379e+01,2.035581e+01,2.041176e+01,2.085830e+01,2.086526e+01,2.048166e+01,2.048166e+01,2.047468e+01,2.047468e+01,2.053755e+01,2.054453e+01,2.056548e+01,2.048166e+01,2.053057e+01,2.049564e+01,2.039778e+01,2.030682e+01,2.055152e+01,2.060039e+01,2.056548e+01,2.058643e+01,2.069108e+01,2.078169e+01,2.076775e+01,2.064225e+01,2.073291e+01,2.071200e+01,2.071200e+01,2.085134e+01,2.089310e+01,2.090006e+01,2.097658e+01,2.085830e+01,2.090702e+01,2.101134e+01,2.099744e+01,2.099744e+01,2.093485e+01,2.093485e+01,2.090006e+01,2.127514e+01,2.079562e+01,2.093485e+01,2.087222e+01,2.088614e+01,2.086526e+01,2.090006e+01,2.090702e+01,2.090702e+01,2.085830e+01,2.074685e+01,2.085830e+01,2.072594e+01,2.080955e+01,2.061434e+01,2.043274e+01,2.050262e+01,2.053755e+01,2.055850e+01,2.050262e+01,2.039778e+01,2.046070e+01,2.049564e+01,2.051660e+01,2.049564e+01,2.057944e+01,2.067713e+01,2.043973e+01,2.041176e+01,2.064225e+01,2.047468e+01,2.052358e+01,2.051660e+01,2.047468e+01,2.053755e+01,2.052358e+01,2.050262e+01,2.043973e+01,2.048166e+01,2.046769e+01,2.048865e+01,2.051660e+01,2.047468e+01,2.050961e+01,2.053057e+01,2.058643e+01,2.057944e+01,2.057944e+01,2.059340e+01,2.067713e+01,2.094180e+01,2.105304e+01,2.112944e+01,2.112944e+01,2.112944e+01,2.112944e+01,2.102524e+01,2.092093e+01,2.104609e+01,2.104609e+01,2.114333e+01,2.094180e+01,2.102524e+01,2.098353e+01,2.098353e+01,2.096267e+01,2.097658e+01,2.103914e+01,2.070502e+01,2.108777e+01,2.108777e+01,2.105304e+01,2.096267e+01,2.092093e+01,2.092789e+01,2.104609e+01,2.099048e+01,2.099744e+01,2.080259e+01,2.094180e+01,2.086526e+01,2.095572e+01,2.095572e+01,2.095572e+01,2.096962e+01,2.096962e+01,2.110861e+01,2.096962e+01,2.097658e+01,2.102524e+01,2.103219e+01,2.084437e+01,2.093485e+01,2.094876e+01,2.090006e+01,2.096962e+01,2.100439e+01,2.098353e+01,2.109472e+01,2.102524e+01,2.112250e+01,2.104609e+01,2.101134e+01,2.096962e+01,2.086526e+01,2.099048e+01,2.104609e+01,2.103219e+01,2.105999e+01,2.100439e+01,2.103219e+01,2.094180e+01,2.103219e+01,2.096267e+01,2.096267e+01,2.090702e+01,2.100439e+01,2.100439e+01,2.094876e+01,2.096962e+01,2.112250e+01,2.107388e+01,2.101134e+01,2.112944e+01,2.113638e+01,2.098353e+01,2.097658e+01,2.103219e+01,2.097658e+01,2.100439e+01,2.098353e+01,2.099048e+01,2.099744e+01,2.099744e+01,2.100439e+01,2.085830e+01,2.094180e+01,2.105304e+01,2.104609e+01,2.094180e+01,2.096267e+01,2.090006e+01,2.103219e+01,2.096267e+01,2.108083e+01,2.100439e+01,2.105304e+01,2.103914e+01,2.115721e+01,2.112250e+01,2.114333e+01,2.096962e+01,2.090702e+01,2.109472e+01,2.099744e+01,2.109472e+01,2.107388e+01,2.084437e+01,2.082348e+01,2.057944e+01,2.056548e+01,2.067713e+01,2.067713e+01,2.077472e+01,2.072594e+01,2.071897e+01,2.040477e+01,2.048166e+01,2.061434e+01,2.052358e+01,2.054453e+01,2.047468e+01,2.049564e+01,2.055152e+01,2.043274e+01,2.049564e+01,2.046769e+01,2.043973e+01,2.043274e+01,2.039078e+01,2.049564e+01,2.057944e+01,2.049564e+01,2.037679e+01,2.045371e+01,2.050262e+01,2.049564e+01,2.043274e+01,2.049564e+01,2.049564e+01,2.038379e+01,2.044672e+01,2.046070e+01,2.043973e+01,2.060736e+01,2.049564e+01,2.051660e+01,2.050961e+01,2.050262e+01,2.045371e+01,2.045371e+01,2.044672e+01,2.046070e+01,2.047468e+01,2.046070e+01,2.043274e+01,2.041176e+01,2.055152e+01,2.054453e+01,2.057246e+01,2.043973e+01,2.043274e+01,2.043274e+01,2.062132e+01,2.057246e+01,2.043274e+01,2.053057e+01,2.057246e+01,2.064923e+01,2.073291e+01,2.101829e+01,2.073988e+01,2.078866e+01,2.085830e+01,2.083045e+01,2.083741e+01,2.083741e+01,2.070502e+01,2.057944e+01,2.058643e+01,2.047468e+01,2.048865e+01,2.073988e+01,2.063528e+01,2.053755e+01,2.052358e+01,2.053057e+01,2.049564e+01,2.053057e+01,2.053755e+01,2.057246e+01,2.055850e+01,2.043973e+01,2.043973e+01,2.040477e+01,2.052358e+01,2.056548e+01,2.055152e+01,2.047468e+01,2.047468e+01,2.039078e+01,2.052358e+01,2.067016e+01,2.042575e+01,2.046769e+01,2.052358e+01,2.050262e+01,2.057944e+01,2.050961e+01,2.056548e+01,2.041875e+01,2.043973e+01,2.050961e+01,2.053057e+01,2.046769e+01,2.046769e+01,2.063528e+01,2.053755e+01,2.039778e+01,2.036280e+01,2.036980e+01,2.057944e+01,2.051660e+01,2.050262e+01,2.041176e+01,2.050961e+01,2.060039e+01,2.064225e+01,2.062132e+01
2.111555e+01,2.112250e+01,2.108777e+01,2.115027e+01,2.119191e+01,2.122660e+01,2.113638e+01,2.103914e+01,2.112944e+01,2.103914e+01,2.112250e+01,2.108083e+01,2.108083e+01,2.111555e+01,2.108083e+01,2.107388e+01,2.114333e+01,2.101829e+01,2.121272e+01,2.110166e+01,2.101829e+01,2.130980e+01,2.112250e+01,2.096962e+01,2.112250e+01,2.115027e+01,2.103219e+01,2.112250e+01,2.107388e+01,2.104609e+01,2.117803e+01,2.115027e+01,2.110861e+01,2.099744e+01,2.108083e+01,2.110166e+01,2.105999e+01,2.103219e+01,2.103914e+01,2.105999e+01,2.101134e+01,2.094876e+01,2.088614e+01,2.099744e+01,2.112944e+01,2.101829e+01,2.108777e+01,2.103914e+01,2.105999e+01,2.105999e+01,2.108777e+01,2.107388e+01,2.108777e+01,2.106693e+01,2.103914e+01,2.108083e+01,2.099744e+01,2.104609e+01,2.106693e+01,2.095572e+01,2.093485e+01,2.096267e+01,2.101134e+01,2.107388e+01,2.101829e+01,2.091398e+01,2.107388e+01,2.128901e+01,2.108083e+01,2.117109e+01,2.112250e+01,2.101829e+01,2.117803e+01,2.090702e+01,2.096267e+01,2.096267e+01,2.089310e+01,2.092093e+01,2.095572e+01,2.097658e+01,2.094876e+01,2.100439e+01,2.105304e+01,2.099744e+01,2.092789e+01,2.099048e+01,2.101829e+01,2.099744e+01,2.099048e+01,2.097658e+01,2.111555e+01,2.097658e+01,2.107388e+01,2.111555e+01,2.107388e+01,2.096267e+01,2.096962e+01,2.099048e+01,2.120579e+01,2.102524e+01,2.103219e+01,2.103914e+01,2.112944e+01,2.111555e+01,2.105999e+01,2.111555e+01,2.117803e+01,2.128901e+01,2.104609e+01,2.105999e+01,2.109472e+01,2.111555e+01,2.103219e+01,2.112250e+01,2.118497e+01,2.121966e+01,2.115721e+01,2.125434e+01,2.119191e+01,2.096267e+01,2.108777e+01,2.095572e+01,2.117803e+01,2.113638e+01,2.115027e+01,2.117109e+01,2.108083e+01,2.112250e+01,2.102524e+01,2.122660e+01,2.116415e+01,2.111555e+01,2.117803e+01,2.117803e+01,2.104609e+01,2.100439e+01,2.114333e+01,2.105304e+01,2.101134e+01,2.101134e+01,2.108083e+01,2.105999e+01,2.105304e+01,2.099744e+01,2.110166e+01,2.117109e+01,2.103219e+01,2.106693e+01,2.125434e+01,2.105999e+01,2.105999e+01,2.113638e+01,2.107388e+01,2.085830e+01,2.099744e+01,2.086526e+01,2.093485e+01,2.098353e+01,2.094180e+01,2.067713e+01,2.074685e+01,2.071200e+01,2.078169e+01,2.089310e+01,2.093485e+01,2.085830e+01,2.081652e+01,2.078169e+01,2.084437e+01,2.090702e+01,2.063528e+01,2.064923e+01,2.049564e+01,2.047468e+01,2.048166e+01,2.041176e+01,2.048865e+01,2.051660e+01,2.054453e+01,2.050961e+01,2.048166e+01,2.036980e+01,2.058643e+01,2.046769e+01,2.053057e+01,2.049564e+01,2.052358e+01,2.053057e+01,2.038379e+01,2.050262e+01,2.035581e+01,2.048166e+01,2.039778e+01,2.038379e+01,2.032082e+01,2.034881e+01,2.041176e+01,2.053057e+01,2.052358e+01,2.042575e+01,2.054453e+01,2.041875e+01,2.046769e+01,2.048166e+01,2.071897e+01,2.050262e+01,2.040477e+01,2.050262e+01,2.042575e+01,2.046070e+01,2.049564e+01,2.053057e+01,2.035581e+01,2.041176e+01,2.033481e+01,2.042575e+01,2.050262e+01,2.034881e+01,2.033481e+01,2.047468e+01,2.041176e+01,2.043973e+01,2.049564e+01,2.049564e+01,2.043274e+01,2.040477e+01,2.041176e+01,2.053057e+01,2.068410e+01,2.042575e+01,2.043274e+01,2.048865e+01,2.048166e+01,2.039778e+01,2.048865e+01,2.048166e+01,2.048166e+01,2.046769e+01,2.049564e+01,2.032782e+01,2.032782e+01,2.045371e+01,2.039078e+01,2.038379e+01,2.046070e+01,2.052358e+01,2.047468e+01,2.041176e+01,2.047468e+01,2.048865e+01,2.067713e+01,2.055152e+01,2.075382e+01,2.080259e+01,2.072594e+01,2.088614e+01,2.077472e+01,2.081652e+01,2.083045e+01,2.089310e+01,2.083741e+01,2.096267e+01,2.096962e+01,2.098353e+01,2.092789e+01,2.091398e+01,2.090006e+01,2.085830e+01,2.085830e+01,2.092093e+01,2.099048e+01,2.084437e+01,2.081652e+01,2.085830e+01,2.083045e+01,2.081652e+01,2.073988e+01,2.078866e+01,2.081652e+01,2.090006e+01,2.090006e+01,2.078169e+01,2.086526e+01,2.079562e+01,2.082348e+01,2.085830e+01,2.079562e+01,2.073988e+01,2.076079e+01,2.073988e+01,2.064923e+01,2.067016e+01,2.073291e+01,2.064225e+01,2.062132e+01,2.058643e+01,2.068410e+01,2.071897e+01,2.063528e+01,2.057944e+01,2.064225e+01,2.066318e+01,2.058643e+01,2.063528e+01,2.062830e+01,2.055850e+01,2.057944e+01,2.064225e+01,2.067016e+01,2.080259e+01,2.069108e+01,2.072594e+01,2.064225e+01,2.070502e+01,2.060736e+01,2.066318e+01,2.070502e+01,2.055850e+01,2.043973e+01,2.043274e+01,2.040477e+01,2.050262e+01,2.045371e+01,2.053057e+01,2.078866e+01,2.084437e+01,2.067713e+01,2.053057e+01,2.045371e+01,2.053057e+01,2.048865e+01,2.032082e+01,2.033481e+01,2.046070e+01,2.038379e+01,2.048166e+01,2.045371e+01,2.052358e+01,2.048166e+01,2.056548e+01,2.043973e+01,2.055850e+01,2.067713e+01,2.053057e+01,2.062132e+01,2.073291e+01,2.073291e+01,2.070502e+01,2.071897e+01,2.088614e+01,2.085830e+01,2.089310e+01,2.089310e+01,2.101829e+01,2.101134e+01,2.101829e+01,2.098353e+01,2.105999e+01,2.094876e+01,2.085134e+01,2.090702e+01,2.083045e+01,2.090006e+01,2.087918e+01,2.079562e+01,2.086526e+01,2.087222e+01,2.087918e+01,2.084437e+01,2.090006e+01,2.076775e+01,2.089310e+01,2.086526e+01,2.083741e+01,2.083045e+01,2.057246e+01,2.041875e+01,2.044672e+01,2.039078e+01,2.052358e+01,2.046769e+01,2.046769e+01,2.043274e+01,2.049564e+01,2.049564e+01,2.050961e+01,2.059340e+01,2.049564e+01,2.042575e+01,2.055850e+01,2.064225e+01,2.050961e+01,2.046070e+01,2.051660e+01,2.054453e+01,2.050262e+01,2.052358e+01,2.047468e+01,2.046070e+01,2.046769e+01,2.044672e+01,2.060736e+01,2.043973e+01,2.033481e+01,2.051660e+01,2.033481e+01,2.053755e+01,2.063528e+01,2.048166e+01,2.055152e+01,2.069805e+01,2.080955e+01,2.099048e+01,2.111555e+01,2.110861e+01,2.115027e+01,2.110166e+01,2.105304e+01,2.103914e+01,2.118497e+01,2.119191e+01,2.108083e+01,2.104609e+01,2.108083e+01,2.104609e+01,2.106693e+01,2.094876e+01,2.099048e+01,2.101829e+01,2.103219e+01,2.106693e+01,2.097658e+01,2.099048e+01,2.095572e+01,2.103914e+01,2.094180e+01,2.112944e+01,2.092093e+01,2.092093e+01,2.094876e+01,2.096962e+01,2.091398e+01,2.094180e+01,2.095572e+01,2.094180e+01,2.108083e+01,2.100439e+01,2.104609e+01,2.105999e+01,2.103219e+01,2.099744e+01,2.102524e+01,2.096962e+01,2.115027e+01,2.094180e+01,2.104609e+01,2.099048e+01,2.096962e+01,2.101134e+01,2.099048e+01,2.102524e+01,2.104609e+01,2.115027e+01,2.104609e+01,2.103914e+01,2.102524e+01,2.118497e+01,2.086526e+01,2.103914e+01,2.119191e+01,2.098353e+01,2.094180e+01,2.107388e+01,2.094180e+01,2.100439e+01,2.094180e+01,2.098353e+01,2.096267e+01,2.101134e+01,2.097658e+01,2.098353e+01,2.097658e+01,2.121272e+01,2.098353e+01,2.116415e+01,2.099744e+01,2.098353e+01,2.098353e+01,2.076775e+01,2.097658e+01,2.096267e+01,2.094876e+01,2.096962e+01,2.099744e+01,2.101829e+01,2.101134e+01,2.102524e+01,2.102524e+01,2.099744e+01,2.096267e+01,2.103219e+01,2.091398e+01,2.102524e+01,2.101829e+01,2.106693e+01,2.129594e+01,2.101134e+01,2.112250e+01,2.109472e+01,2.115027e+01,2.105304e+01,2.093485e+01,2.096962e+01,2.099048e+01,2.113638e+01,2.099744e+01,2.092093e+01,2.111555e+01,2.094180e+01,2.084437e+01,2.079562e+01,2.062132e+01,2.063528e+01,2.062132e+01,2.073988e+01,2.080259e+01,2.073291e+01,2.050262e+01,2.049564e+01,2.050262e+01,2.049564e+01,2.049564e+01,2.051660e+01,2.052358e+01,2.055850e+01,2.041875e+01,2.055152e+01,2.053755e+01,2.046070e+01,2.048166e+01,2.048865e+01,2.053755e+01,2.072594e+01,2.047468e+01,2.031382e+01,2.048166e+01,2.040477e+01,2.053057e+01,2.046769e+01,2.050262e+01,2.046769e+01,2.062830e+01,2.043274e+01,2.045371e+01,2.043973e+01,2.052358e+01,2.050262e+01,2.066318e+01,2.041875e+01,2.047468e+01,2.041875e+01,2.046769e+01,2.057246e+01,2.054453e+01,2.060039e+01,2.046070e+01,2.055152e+01,2.052358e+01,2.041875e+01,2.031382e+01,2.050961e+01,2.045371e+01,2.055152e+01,2.042575e+01,2.045371e+01,2.062830e+01,2.029982e+01,2.062132e+01,2.023680e+01,2.040477e+01,2.052358e+01,2.066318e+01,2.077472e+01,2.077472e+01,2.082348e+01,2.087222e+01,2.085134e+01,2.080259e+01,2.059340e+01,2.055152e+01,2.055152e+01,2.051660e+01,2.046769e+01,2.053057e+01,2.057944e+01,2.062132e+01,2.052358e+01,2.055850e+01,2.053755e+01,2.051660e+01,2.048865e+01,2.052358e+01,2.055152e+01,2.053755e+01,2.052358e+01,2.049564e+01,2.050961e+01,2.040477e+01,2.057246e+01,2.045371e+01,2.055152e+01,2.037679e+01,2.052358e+01,2.055152e+01,2.061434e+01,2.053755e+01,2.048166e+01,2.049564e+01,2.053755e+01,2.053755e+01,2.048865e+01,2.046769e+01,2.045371e+01,2.025781e+01,2.032082e+01,2.059340e+01,2.064225e+01,2.053755e+01,2.053057e+01,2.044672e+01,2.046070e+01,2.054453e+01,2.057246e+01,2.051660e+01,2.042575e+01,2.052358e+01,2.047468e+01,2.053057e+01,2.058643e+01,2.067016e+01
2.118497e+01,2.111555e+01,2.116415e+01,2.112944e+01,2.130287e+01,2.119191e+01,2.115721e+01,2.113638e+01,2.092093e+01,2.113638e+01,2.115721e+01,2.109472e+01,2.103914e+01,2.099048e+01,2.096962e+01,2.115721e+01,2.124047e+01,2.099048e+01,2.112944e+01,2.109472e+01,2.116415e+01,2.112944e+01,2.133059e+01,2.123353e+01,2.119885e+01,2.110166e+01,2.113638e+01,2.116415e+01,2.116415e+01,2.118497e+01,2.103914e+01,2.120579e+01,2.112250e+01,2.108777e+01,2.099048e+01,2.104609e+01,2.102524e+01,2.130980e+01,2.103914e+01,2.103914e+01,2.104609e+01,2.101829e+01,2.088614e+01,2.105999e+01,2.107388e+01,2.089310e+01,2.117109e+01,2.099048e+01,2.100439e+01,2.101134e+01,2.101829e+01,2.113638e+01,2.117803e+01,2.103914e+01,2.104609e+01,2.110166e+01,2.101829e+01,2.116415e+01,2.103219e+01,2.108777e+01,2.110166e+01,2.110166e+01,2.105999e+01,2.097658e+01,2.105999e+01,2.110166e+01,2.110166e+01,2.103219e+01,2.107388e+01,2.108083e+01,2.115027e+01,2.113638e+01,2.101134e+01,2.097658e+01,2.099744e+01,2.112250e+01,2.094180e+01,2.090702e+01,2.110166e+01,2.099744e+01,2.108777e+01,2.096962e+01,2.110861e+01,2.102524e+01,2.096267e+01,2.098353e+01,2.098353e+01,2.104609e+01,2.110166e+01,2.105304e+01,2.087918e+01,2.095572e+01,2.110861e+01,2.127514e+01,2.123353e+01,2.099048e+01,2.098353e+01,2.108777e+01,2.106693e+01,2.118497e+01,2.108083e+01,2.105304e+01,2.103219e+01,2.105999e+01,2.109472e+01,2.106693e+01,2.118497e+01,2.114333e+01,2.115721e+01,2.110861e+01,2.115027e+01,2.094180e+01,2.103914e+01,2.119885e+01,2.108777e+01,2.105999e+01,2.121272e+01,2.115721e+01,2.130287e+01,2.108083e+01,2.096267e+01,2.122660e+01,2.119191e+01,2.113638e+01,2.106693e+01,2.101829e+01,2.108083e+01,2.108777e+01,2.100439e+01,2.121966e+01,2.091398e+01,2.098353e+01,2.105304e+01,2.108083e+01,2.108777e+01,2.108083e+01,2.103914e+01,2.115721e+01,2.100439e+01,2.108083e+01,2.104609e+01,2.101829e+01,2.108083e+01,2.098353e+01,2.110166e+01,2.110166e+01,2.106693e+01,2.103914e+01,2.116415e+01,2.101829e+01,2.106693e+01,2.103914e+01,2.094876e+01,2.087222e+01,2.090006e+01,2.064923e+01,2.064923e+01,2.086526e+01,2.072594e+01,2.047468e+01,2.071200e+01,2.057246e+01,2.051660e+01,2.081652e+01,2.072594e+01,2.063528e+01,2.062132e+01,2.065621e+01,2.063528e+01,2.070502e+01,2.059340e+01,2.060736e+01,2.066318e+01,2.046070e+01,2.067713e+01,2.052358e+01,2.046769e+01,2.048865e+01,2.043973e+01,2.046070e+01,2.034881e+01,2.057246e+01,2.026481e+01,2.048166e+01,2.050961e+01,2.052358e+01,2.043274e+01,2.043274e+01,2.041176e+01,2.046070e+01,2.069805e+01,2.038379e+01,2.039078e+01,2.037679e+01,2.044672e+01,2.044672e+01,2.048865e+01,2.053057e+01,2.050262e+01,2.029982e+01,2.039078e+01,2.045371e+01,2.043973e+01,2.045371e+01,2.036980e+01,2.050961e+01,2.049564e+01,2.039078e+01,2.046070e+01,2.048865e+01,2.057944e+01,2.047468e+01,2.048166e+01,2.046769e+01,2.048166e+01,2.050262e+01,2.039078e+01,2.052358e+01,2.046769e+01,2.052358e+01,2.050262e+01,2.043274e+01,2.042575e+01,2.038379e+01,2.042575e+01,2.038379e+01,2.047468e+01,2.063528e+01,2.032082e+01,2.045371e+01,2.043973e+01,2.057246e+01,2.041875e+01,2.046070e+01,2.051660e+01,2.063528e+01,2.047468e+01,2.048166e+01,2.043973e+01,2.050262e+01,2.044672e+01,2.042575e+01,2.045371e+01,2.045371e+01,2.046070e+01,2.052358e+01,2.044672e+01,2.036280e+01,2.042575e+01,2.046070e+01,2.039778e+01,2.041875e+01,2.054453e+01,2.056548e+01,2.066318e+01,2.080259e+01,2.079562e+01,2.078866e+01,2.081652e+01,2.091398e+01,2.092093e+01,2.078866e+01,2.093485e+01,2.069805e+01,2.086526e+01,2.084437e+01,2.083045e+01,2.085830e+01,2.081652e+01,2.085830e+01,2.083045e+01,2.088614e+01,2.086526e+01,2.086526e+01,2.088614e+01,2.080955e+01,2.084437e+01,2.083741e+01,2.093485e+01,2.065621e+01,2.080259e+01,2.085830e+01,2.080955e+01,2.083741e+01,2.076079e+01,2.072594e+01,2.057944e+01,2.064923e+01,2.070502e+01,2.069805e+01,2.070502e+01,2.060039e+01,2.062830e+01,2.052358e+01,2.064225e+01,2.046070e+01,2.068410e+01,2.058643e+01,2.060039e+01,2.062830e+01,2.057246e+01,2.057944e+01,2.055850e+01,2.055850e+01,2.055152e+01,2.055152e+01,2.058643e+01,2.052358e+01,2.067016e+01,2.068410e+01,2.070502e+01,2.064225e+01,2.088614e+01,2.064225e+01,2.072594e+01,2.073988e+01,2.069108e+01,2.069108e+01,2.069805e+01,2.050961e+01,2.078866e+01,2.076079e+01,2.057246e+01,2.078866e+01,2.080955e+01,2.076775e+01,2.087918e+01,2.057944e+01,2.051660e+01,2.050262e+01,2.057944e+01,2.053057e+01,2.055152e+01,2.038379e+01,2.041176e+01,2.048865e+01,2.042575e+01,2.039778e+01,2.041176e+01,2.046070e+01,2.048166e+01,2.050961e+01,2.052358e+01,2.070502e+01,2.070502e+01,2.069805e+01,2.073291e+01,2.077472e+01,2.072594e+01,2.086526e+01,2.078866e+01,2.099048e+01,2.090702e+01,2.099744e+01,2.103219e+01,2.102524e+01,2.094180e+01,2.094180e+01,2.096267e+01,2.094876e+01,2.078169e+01,2.090006e+01,2.083741e+01,2.086526e+01,2.076079e+01,2.094180e+01,2.082348e+01,2.086526e+01,2.071897e+01,2.080955e+01,2.086526e+01,2.077472e+01,2.085134e+01,2.066318e+01,2.069805e+01,2.056548e+01,2.025781e+01,2.043274e+01,2.039078e+01,2.048865e+01,2.045371e+01,2.048166e+01,2.047468e+01,2.048865e+01,2.049564e+01,2.048166e+01,2.058643e+01,2.045371e+01,2.041875e+01,2.046769e+01,2.050961e+01,2.046070e+01,2.049564e+01,2.045371e+01,2.053057e+01,2.047468e+01,2.046070e+01,2.053755e+01,2.046769e+01,2.044672e+01,2.047468e+01,2.046769e+01,2.043274e+01,2.034181e+01,2.050262e+01,2.049564e+01,2.049564e+01,2.048865e+01,2.052358e+01,2.046769e+01,2.052358e+01,2.082348e+01,2.109472e+01,2.117109e+01,2.118497e+01,2.112250e+01,2.096267e+01,2.110166e+01,2.112250e+01,2.103914e+01,2.115027e+01,2.096267e+01,2.109472e+01,2.099744e+01,2.103219e+01,2.098353e+01,2.109472e+01,2.102524e+01,2.098353e+01,2.096267e+01,2.094876e+01,2.097658e+01,2.101134e+01,2.098353e+01,2.098353e+01,2.096267e+01,2.094876e+01,2.094876e+01,2.092093e+01,2.091398e+01,2.105304e+01,2.093485e+01,2.094180e+01,2.092093e+01,2.099048e+01,2.102524e+01,2.101829e+01,2.102524e+01,2.101829e+01,2.095572e+01,2.088614e+01,2.101829e+01,2.097658e+01,2.098353e+01,2.111555e+01,2.101829e+01,2.099744e+01,2.102524e+01,2.104609e+01,2.095572e+01,2.096267e+01,2.101134e+01,2.094876e+01,2.110861e+01,2.101829e+01,2.105999e+01,2.103914e+01,2.093485e+01,2.104609e+01,2.103914e+01,2.096962e+01,2.103219e+01,2.095572e+01,2.099744e+01,2.095572e+01,2.099744e+01,2.094876e+01,2.097658e+01,2.103219e+01,2.089310e+01,2.099048e+01,2.095572e+01,2.115721e+01,2.105304e+01,2.093485e+01,2.105304e+01,2.109472e+01,2.099048e+01,2.102524e+01,2.094876e+01,2.096962e+01,2.098353e+01,2.100439e+01,2.106693e+01,2.090006e+01,2.101134e+01,2.099048e+01,2.103219e+01,2.099048e+01,2.105304e+01,2.095572e+01,2.095572e+01,2.101829e+01,2.102524e+01,2.103219e+01,2.109472e+01,2.107388e+01,2.109472e+01,2.118497e+01,2.112944e+01,2.115027e+01,2.092093e+01,2.107388e+01,2.092093e+01,2.094876e+01,2.096962e+01,2.108777e+01,2.101134e+01,2.099744e+01,2.088614e+01,2.070502e+01,2.058643e+01,2.061434e+01,2.060736e+01,2.080955e+01,2.076079e+01,2.058643e+01,2.046769e+01,2.067713e+01,2.041176e+01,2.048865e+01,2.050262e+01,2.050262e+01,2.048865e+01,2.048166e+01,2.046769e+01,2.050262e+01,2.041176e+01,2.045371e+01,2.041875e+01,2.045371e+01,2.028582e+01,2.046070e+01,2.045371e+01,2.050262e+01,2.036280e+01,2.038379e+01,2.045371e+01,2.058643e+01,2.060736e+01,2.048166e+01,2.053755e+01,2.046070e+01,2.045371e+01,2.063528e+01,2.048166e+01,2.053755e+01,2.052358e+01,2.067713e+01,2.050262e+01,2.080955e+01,2.061434e+01,2.057246e+01,2.049564e+01,2.053755e+01,2.058643e+01,2.041176e+01,2.048865e+01,2.053755e+01,2.048865e+01,2.055850e+01,2.053057e+01,2.039078e+01,2.054453e+01,2.039778e+01,2.060039e+01,2.051660e+01,2.057246e+01,2.045371e+01,2.057944e+01,2.055152e+01,2.062830e+01,2.077472e+01,2.079562e+01,2.082348e+01,2.082348e+01,2.061434e+01,2.074685e+01,2.060039e+01,2.055152e+01,2.069108e+01,2.046769e+01,2.056548e+01,2.039778e+01,2.049564e+01,2.050262e+01,2.050961e+01,2.051660e+01,2.046070e+01,2.048166e+01,2.053057e+01,2.054453e+01,2.051660e+01,2.048166e+01,2.050961e+01,2.050961e+01,2.050961e+01,2.055152e+01,2.047468e+01,2.055850e+01,2.057246e+01,2.048166e+01,2.042575e+01,2.048865e+01,2.055850e+01,2.055152e+01,2.055152e+01,2.057944e+01,2.049564e+01,2.053057e+01,2.051660e+01,2.047468e+01,2.059340e+01,2.031382e+01,2.051660e+01,2.057246e+01,2.051660e+01,2.045371e+01,2.041176e+01,2.043274e+01,2.043973e+01,2.039078e+01,2.053057e+01,2.049564e+01,2.052358e+01,2.055850e+01,2.047468e+01,2.046769e+01,2.050961e+01,2.058643e+01
2.120579e+01,2.119191e+01,2.108777e+01,2.113638e+01,2.110166e+01,2.102524e+01,2.112250e+01,2.099048e+01,2.108083e+01,2.099744e+01,2.107388e+01,2.111555e+01,2.093485e+01,2.119885e+01,2.110166e+01,2.096267e+01,2.111555e+01,2.096962e+01,2.102524e+01,2.115721e+01,2.100439e+01,2.103219e+01,2.099744e+01,2.091398e+01,2.112250e+01,2.102524e+01,2.116415e+01,2.105999e+01,2.088614e+01,2.092789e+01,2.092789e+01,2.110861e+01,2.110166e+01,2.095572e+01,2.101829e+01,2.105304e+01,2.101829e+01,2.102524e+01,2.090006e+01,2.094180e+01,2.095572e+01,2.104609e+01,2.083741e+01,2.085134e+01,2.106693e+01,2.094180e+01,2.101829e+01,2.099048e+01,2.105304e+01,2.103914e+01,2.108083e+01,2.101829e+01,2.101134e+01,2.102524e+01,2.099744e+01,2.103219e+01,2.103219e+01,2.107388e+01,2.101829e+01,2.103914e+01,2.103219e+01,2.113638e+01,2.110861e+01,2.113638e+01,2.102524e+01,2.103914e+01,2.098353e+01,2.105304e+01,2.101829e+01,2.102524e+01,2.117803e+01,2.103914e+01,2.097658e+01,2.115027e+01,2.112944e+01,2.094180e+01,2.094180e+01,2.096962e+01,2.096267e+01,2.097658e+01,2.091398e+01,2.111555e+01,2.108777e+01,2.104609e+01,2.110861e+01,2.100439e+01,2.101134e+01,2.105999e+01,2.114333e+01,2.098353e+01,2.099744e+01,2.102524e+01,2.097658e+01,2.098353e+01,2.110861e+01,2.117109e+01,2.098353e+01,2.114333e+01,2.109472e+01,2.109472e+01,2.108083e+01,2.105304e+01,2.093485e+01,2.094876e+01,2.102524e+01,2.104609e+01,2.101829e+01,2.098353e+01,2.102524e+01,2.112944e+01,2.112250e+01,2.104609e+01,2.115027e+01,2.096962e+01,2.107388e+01,2.105999e+01,2.116415e+01,2.112250e+01,2.097658e+01,2.113638e+01,2.108083e+01,2.110861e+01,2.112250e+01,2.115721e+01,2.105999e+01,2.103219e+01,2.110166e+01,2.099744e+01,2.109472e+01,2.110861e+01,2.105304e+01,2.103914e+01,2.107388e+01,2.101134e+01,2.105304e+01,2.097658e+01,2.101829e+01,2.096962e+01,2.099048e+01,2.101829e+01,2.101829e+01,2.101134e+01,2.110861e+01,2.117803e+01,2.094180e+01,2.110861e+01,2.101134e+01,2.099048e+01,2.104609e+01,2.103219e+01,2.103219e+01,2.075382e+01,2.090702e+01,2.105304e+01,2.086526e+01,2.087918e+01,2.055850e+01,2.055152e+01,2.044672e+01,2.043973e+01,2.044672e+01,2.067713e+01,2.042575e+01,2.045371e+01,2.045371e+01,2.050961e+01,2.046070e+01,2.041875e+01,2.053057e+01,2.043274e+01,2.068410e+01,2.031382e+01,2.043973e+01,2.041176e+01,2.037679e+01,2.033481e+01,2.036980e+01,2.048865e+01,2.045371e+01,2.034881e+01,2.055152e+01,2.043274e+01,2.058643e+01,2.056548e+01,2.053755e+01,2.045371e+01,2.048865e+01,2.043274e+01,2.036980e+01,2.047468e+01,2.045371e+01,2.045371e+01,2.037679e+01,2.045371e+01,2.043274e+01,2.041875e+01,2.039078e+01,2.042575e+01,2.048865e+01,2.023680e+01,2.024380e+01,2.033481e+01,2.039078e+01,2.039078e+01,2.032082e+01,2.036980e+01,2.037679e+01,2.043274e+01,2.050961e+01,2.045371e+01,2.044672e+01,2.039078e+01,2.046070e+01,2.028582e+01,2.024380e+01,2.051660e+01,2.038379e+01,2.039078e+01,2.046769e+01,2.032782e+01,2.041176e+01,2.043973e+01,2.039778e+01,2.048865e+01,2.043274e+01,2.041176e+01,2.039078e+01,2.045371e+01,2.038379e+01,2.038379e+01,2.046070e+01,2.040477e+01,2.046769e+01,2.043973e+01,2.045371e+01,2.037679e+01,2.044672e+01,2.035581e+01,2.046769e+01,2.041176e+01,2.045371e+01,2.048166e+01,2.042575e+01,2.048166e+01,2.046070e+01,2.034881e+01,2.042575e+01,2.037679e+01,2.045371e+01,2.032082e+01,2.041176e+01,2.045371e+01,2.043274e+01,2.042575e+01,2.056548e+01,2.043973e+01,2.064225e+01,2.057944e+01,2.081652e+01,2.087222e+01,2.082348e+01,2.092093e+01,2.091398e+01,2.075382e+01,2.090702e+01,2.085134e+01,2.083741e+01,2.085830e+01,2.085134e+01,2.080955e+01,2.077472e+01,2.085830e+01,2.064923e+01,2.058643e+01,2.079562e+01,2.079562e+01,2.061434e+01,2.053755e+01,2.052358e+01,2.055152e+01,2.058643e+01,2.053755e+01,2.053755e+01,2.078866e+01,2.059340e+01,2.078866e+01,2.081652e+01,2.066318e+01,2.071200e+01,2.067713e+01,2.063528e+01,2.062132e+01,2.054453e+01,2.062132e+01,2.085134e+01,2.063528e+01,2.064923e+01,2.064923e+01,2.057246e+01,2.062830e+01,2.060736e+01,2.057944e+01,2.057246e+01,2.065621e+01,2.064923e+01,2.056548e+01,2.078169e+01,2.058643e+01,2.057246e+01,2.060039e+01,2.069805e+01,2.067016e+01,2.061434e+01,2.090006e+01,2.073988e+01,2.066318e+01,2.064225e+01,2.071897e+01,2.070502e+01,2.075382e+01,2.073291e+01,2.076775e+01,2.065621e+01,2.062830e+01,2.076775e+01,2.089310e+01,2.065621e+01,2.058643e+01,2.060039e+01,2.060039e+01,2.055850e+01,2.045371e+01,2.049564e+01,2.052358e+01,2.041875e+01,2.050262e+01,2.045371e+01,2.053057e+01,2.048865e+01,2.046070e+01,2.048166e+01,2.045371e+01,2.041875e+01,2.050961e+01,2.051660e+01,2.071200e+01,2.082348e+01,2.070502e+01,2.053057e+01,2.080259e+01,2.072594e+01,2.074685e+01,2.080955e+01,2.103914e+01,2.092093e+01,2.114333e+01,2.096962e+01,2.087918e+01,2.099048e+01,2.096267e+01,2.105999e+01,2.090006e+01,2.093485e+01,2.085134e+01,2.086526e+01,2.087918e+01,2.070502e+01,2.073988e+01,2.071200e+01,2.072594e+01,2.070502e+01,2.073988e+01,2.071897e+01,2.062830e+01,2.054453e+01,2.066318e+01,2.055152e+01,2.055850e+01,2.037679e+01,2.042575e+01,2.053755e+01,2.049564e+01,2.049564e+01,2.049564e+01,2.022278e+01,2.050262e+01,2.050262e+01,2.042575e+01,2.054453e+01,2.043973e+01,2.050961e+01,2.044672e+01,2.046769e+01,2.068410e+01,2.049564e+01,2.048166e+01,2.052358e+01,2.045371e+01,2.044672e+01,2.046070e+01,2.046070e+01,2.048865e+01,2.039778e+01,2.050262e+01,2.025781e+01,2.051660e+01,2.055152e+01,2.039078e+01,2.046070e+01,2.052358e+01,2.052358e+01,2.087222e+01,2.089310e+01,2.095572e+01,2.094876e+01,2.119191e+01,2.103914e+01,2.115721e+01,2.105999e+01,2.105999e+01,2.101134e+01,2.092789e+01,2.099048e+01,2.101829e+01,2.108083e+01,2.103914e+01,2.101134e+01,2.112944e+01,2.096962e+01,2.102524e+01,2.096962e+01,2.112944e+01,2.095572e+01,2.107388e+01,2.103914e+01,2.092789e+01,2.097658e+01,2.093485e+01,2.098353e+01,2.080955e+01,2.090702e+01,2.090702e+01,2.090702e+01,2.096267e+01,2.099048e+01,2.096962e+01,2.090006e+01,2.114333e+01,2.095572e+01,2.098353e+01,2.105999e+01,2.101134e+01,2.095572e+01,2.101134e+01,2.093485e+01,2.098353e+01,2.095572e+01,2.096962e+01,2.101829e+01,2.105999e+01,2.089310e+01,2.116415e+01,2.102524e+01,2.113638e+01,2.090006e+01,2.103219e+01,2.099744e+01,2.104609e+01,2.098353e+01,2.099744e+01,2.100439e+01,2.091398e+01,2.089310e+01,2.096267e+01,2.094876e+01,2.093485e+01,2.085134e+01,2.089310e+01,2.099744e+01,2.088614e+01,2.094180e+01,2.099744e+01,2.101134e+01,2.096962e+01,2.103219e+01,2.105304e+01,2.102524e+01,2.101829e+01,2.093485e+01,2.097658e+01,2.094876e+01,2.094876e+01,2.108083e+01,2.091398e+01,2.101134e+01,2.102524e+01,2.095572e+01,2.099048e+01,2.103914e+01,2.092789e+01,2.096267e+01,2.090006e+01,2.108083e+01,2.107388e+01,2.099744e+01,2.093485e+01,2.099744e+01,2.102524e+01,2.111555e+01,2.103914e+01,2.103914e+01,2.103219e+01,2.097658e+01,2.099744e+01,2.094180e+01,2.094180e+01,2.109472e+01,2.110861e+01,2.091398e+01,2.115721e+01,2.076775e+01,2.049564e+01,2.056548e+01,2.089310e+01,2.090702e+01,2.071200e+01,2.046769e+01,2.055152e+01,2.043973e+01,2.049564e+01,2.050961e+01,2.040477e+01,2.048166e+01,2.051660e+01,2.045371e+01,2.054453e+01,2.050262e+01,2.055850e+01,2.038379e+01,2.053755e+01,2.034181e+01,2.050262e+01,2.038379e+01,2.046070e+01,2.047468e+01,2.043973e+01,2.038379e+01,2.041875e+01,2.043973e+01,2.055152e+01,2.051660e+01,2.062830e+01,2.048166e+01,2.038379e+01,2.050961e+01,2.043274e+01,2.049564e+01,2.060736e+01,2.053057e+01,2.048166e+01,2.041176e+01,2.049564e+01,2.045371e+01,2.046070e+01,2.041875e+01,2.043973e+01,2.043274e+01,2.053057e+01,2.051660e+01,2.037679e+01,2.045371e+01,2.048865e+01,2.049564e+01,2.042575e+01,2.057246e+01,2.044672e+01,2.060736e+01,2.064225e+01,2.051660e+01,2.047468e+01,2.047468e+01,2.053755e+01,2.052358e+01,2.057944e+01,2.050262e+01,2.073988e+01,2.058643e+01,2.032782e+01,2.057246e+01,2.041875e+01,2.043973e+01,2.050262e+01,2.053755e+01,2.063528e+01,2.034881e+01,2.050961e+01,2.051660e+01,2.050961e+01,2.036280e+01,2.039078e+01,2.053755e+01,2.055850e+01,2.053057e+01,2.049564e+01,2.049564e+01,2.050262e+01,2.036280e+01,2.050262e+01,2.048865e+01,2.046070e+01,2.057944e+01,2.055850e+01,2.054453e+01,2.050262e+01,2.055850e+01,2.039078e+01,2.046769e+01,2.054453e+01,2.056548e+01,2.056548e+01,2.050961e+01,2.054453e+01,2.048166e+01,2.039078e+01,2.064923e+01,2.043973e+01,2.047468e+01,2.062830e+01,2.041875e+01,2.039778e+01,2.040477e+01,2.042575e+01,2.046070e+01,2.046769e+01,2.030682e+01,2.036980e+01,2.041875e+01,2.047468e+01,2.043973e+01,2.053755e+01
2.100439e+01,2.098353e+01,2.108777e+01,2.094180e+01,2.109472e+01,2.104609e+01,2.085134e+01,2.111555e+01,2.094180e+01,2.085830e+01,2.094876e+01,2.109472e+01,2.108083e+01,2.097658e+01,2.104609e+01,2.098353e+01,2.091398e+01,2.100439e+01,2.101134e+01,2.096962e+01,2.097658e+01,2.103914e+01,2.090702e+01,2.096267e+01,2.091398e+01,2.092789e+01,2.095572e+01,2.096267e+01,2.085134e+01,2.088614e+01,2.080955e+01,2.102524e+01,2.090006e+01,2.091398e+01,2.092789e+01,2.100439e+01,2.096267e+01,2.085830e+01,2.090006e+01,2.063528e+01,2.093485e+01,2.064225e+01,2.084437e+01,2.078169e+01,2.085830e+01,2.083741e+01,2.099048e+01,2.093485e+01,2.091398e+01,2.100439e+01,2.099744e+01,2.096267e+01,2.100439e+01,2.104609e+01,2.100439e+01,2.106693e+01,2.103914e+01,2.094876e+01,2.107388e+01,2.105304e+01,2.112250e+01,2.099744e+01,2.099048e+01,2.099744e+01,2.110861e+01,2.100439e+01,2.105304e+01,2.108777e+01,2.116415e+01,2.098353e+01,2.102524e+01,2.096267e+01,2.096962e+01,2.094876e+01,2.104609e+01,2.095572e+01,2.096267e+01,2.096267e+01,2.101829e+01,2.096267e+01,2.110166e+01,2.110166e+01,2.087222e+01,2.103914e+01,2.096267e+01,2.093485e+01,2.098353e+01,2.107388e+01,2.097658e+01,2.090006e+01,2.089310e+01,2.101829e+01,2.088614e+01,2.108083e+01,2.108777e+01,2.105304e+01,2.120579e+01,2.105999e+01,2.098353e+01,2.106693e+01,2.105999e+01,2.090702e+01,2.099744e+01,2.105304e+01,2.117803e+01,2.094180e+01,2.102524e+01,2.105304e+01,2.096962e+01,2.114333e+01,2.109472e+01,2.096267e+01,2.097658e+01,2.106693e+01,2.107388e+01,2.102524e+01,2.101829e+01,2.098353e+01,2.105304e+01,2.103219e+01,2.110861e+01,2.117109e+01,2.111555e+01,2.110166e+01,2.097658e+01,2.101829e+01,2.100439e+01,2.095572e+01,2.096962e+01,2.103914e+01,2.110166e+01,2.099048e+01,2.102524e+01,2.113638e+01,2.101829e+01,2.108083e+01,2.091398e+01,2.098353e+01,2.094876e+01,2.101134e+01,2.101829e+01,2.106693e+01,2.107388e+01,2.105999e+01,2.105304e+01,2.097658e+01,2.103914e+01,2.104609e+01,2.096962e+01,2.095572e+01,2.093485e+01,2.108083e+01,2.090006e+01,2.100439e+01,2.090006e+01,2.060736e+01,2.046070e+01,2.043274e+01,2.041875e+01,2.045371e+01,2.053057e+01,2.039778e+01,2.043274e+01,2.046769e+01,2.045371e+01,2.047468e+01,2.058643e+01,2.048865e+01,2.045371e+01,2.045371e+01,2.041875e+01,2.043274e+01,2.042575e+01,2.057246e+01,2.046769e+01,2.045371e+01,2.045371e+01,2.046769e+01,2.054453e+01,2.046769e+01,2.044672e+01,2.060039e+01,2.041176e+01,2.050262e+01,2.052358e+01,2.039778e+01,2.046070e+01,2.048865e+01,2.043973e+01,2.035581e+01,2.037679e+01,2.039078e+01,2.039778e+01,2.061434e+01,2.044672e+01,2.034881e+01,2.051660e+01,2.048865e+01,2.045371e+01,2.042575e+01,2.044672e+01,2.039078e+01,2.048865e+01,2.044672e+01,2.047468e+01,2.048166e+01,2.039078e+01,2.048865e+01,2.042575e+01,2.043973e+01,2.043274e+01,2.048166e+01,2.047468e+01,2.049564e+01,2.051660e+01,2.063528e+01,2.046070e+01,2.048166e+01,2.050961e+01,2.048865e+01,2.050262e+01,2.049564e+01,2.033481e+01,2.043274e+01,2.041875e+01,2.044672e+01,2.042575e+01,2.045371e+01,2.044672e+01,2.038379e+01,2.040477e+01,2.047468e+01,2.041875e+01,2.049564e+01,2.039078e+01,2.043274e+01,2.048166e+01,2.043274e+01,2.043973e+01,2.050961e+01,2.043274e+01,2.055850e+01,2.046070e+01,2.047468e+01,2.041176e+01,2.046769e+01,2.054453e+01,2.041176e+01,2.032082e+01,2.047468e+01,2.046769e+01,2.036280e+01,2.048865e+01,2.048166e+01,2.048865e+01,2.050262e+01,2.054453e+01,2.057944e+01,2.081652e+01,2.079562e+01,2.088614e+01,2.092789e+01,2.089310e+01,2.066318e+01,2.063528e+01,2.083741e+01,2.080259e+01,2.081652e+01,2.078169e+01,2.077472e+01,2.058643e+01,2.061434e+01,2.041176e+01,2.061434e+01,2.062132e+01,2.050961e+01,2.047468e+01,2.052358e+01,2.050961e+01,2.056548e+01,2.041176e+01,2.050262e+01,2.050262e+01,2.054453e+01,2.067713e+01,2.079562e+01,2.076079e+01,2.078866e+01,2.087918e+01,2.056548e+01,2.065621e+01,2.067713e+01,2.070502e+01,2.068410e+01,2.063528e+01,2.063528e+01,2.064923e+01,2.052358e+01,2.048166e+01,2.062132e+01,2.051660e+01,2.050961e+01,2.054453e+01,2.070502e+01,2.055850e+01,2.057246e+01,2.055850e+01,2.054453e+01,2.066318e+01,2.094180e+01,2.066318e+01,2.061434e+01,2.059340e+01,2.066318e+01,2.061434e+01,2.071897e+01,2.068410e+01,2.076079e+01,2.076079e+01,2.075382e+01,2.082348e+01,2.082348e+01,2.073988e+01,2.074685e+01,2.077472e+01,2.080955e+01,2.074685e+01,2.062830e+01,2.078866e+01,2.057246e+01,2.057246e+01,2.046769e+01,2.043274e+01,2.052358e+01,2.045371e+01,2.046070e+01,2.034881e+01,2.046070e+01,2.048865e+01,2.049564e+01,2.039778e+01,2.045371e+01,2.066318e+01,2.044672e+01,2.069108e+01,2.070502e+01,2.071897e+01,2.081652e+01,2.072594e+01,2.075382e+01,2.083741e+01,2.083741e+01,2.080259e+01,2.090006e+01,2.089310e+01,2.087222e+01,2.087918e+01,2.078866e+01,2.087222e+01,2.085830e+01,2.065621e+01,2.090702e+01,2.076079e+01,2.068410e+01,2.077472e+01,2.065621e+01,2.070502e+01,2.063528e+01,2.067713e+01,2.050961e+01,2.049564e+01,2.064225e+01,2.050262e+01,2.055152e+01,2.053755e+01,2.041176e+01,2.054453e+01,2.055850e+01,2.043973e+01,2.041875e+01,2.042575e+01,2.048166e+01,2.046070e+01,2.046769e+01,2.050262e+01,2.050262e+01,2.053057e+01,2.054453e+01,2.053755e+01,2.054453e+01,2.052358e+01,2.052358e+01,2.068410e+01,2.052358e+01,2.064225e+01,2.053057e+01,2.059340e+01,2.048166e+01,2.046070e+01,2.052358e+01,2.046070e+01,2.049564e+01,2.051660e+01,2.050262e+01,2.050961e+01,2.067016e+01,2.051660e+01,2.056548e+01,2.044672e+01,2.055850e+01,2.058643e+01,2.080955e+01,2.092093e+01,2.098353e+01,2.079562e+01,2.103914e+01,2.101829e+01,2.098353e+01,2.107388e+01,2.116415e+01,2.106693e+01,2.103219e+01,2.130980e+01,2.126821e+01,2.111555e+01,2.116415e+01,2.102524e+01,2.105999e+01,2.110166e+01,2.120579e+01,2.100439e+01,2.096962e+01,2.103219e+01,2.101134e+01,2.107388e+01,2.092789e+01,2.106693e+01,2.096267e+01,2.096962e+01,2.116415e+01,2.092093e+01,2.090702e+01,2.093485e+01,2.092093e+01,2.097658e+01,2.099048e+01,2.114333e+01,2.099744e+01,2.100439e+01,2.105304e+01,2.100439e+01,2.097658e+01,2.105999e+01,2.096267e+01,2.098353e+01,2.096267e+01,2.098353e+01,2.117803e+01,2.086526e+01,2.103914e+01,2.089310e+01,2.104609e+01,2.096962e+01,2.097658e+01,2.108083e+01,2.105304e+01,2.101829e+01,2.092093e+01,2.092093e+01,2.112250e+01,2.099048e+01,2.096962e+01,2.087918e+01,2.099048e+01,2.092093e+01,2.103219e+01,2.098353e+01,2.085134e+01,2.099048e+01,2.100439e+01,2.095572e+01,2.094876e+01,2.099048e+01,2.098353e+01,2.101134e+01,2.105304e+01,2.105999e+01,2.109472e+01,2.111555e+01,2.107388e+01,2.096267e+01,2.101134e+01,2.108083e+01,2.100439e+01,2.093485e+01,2.103914e+01,2.092093e+01,2.103219e+01,2.095572e+01,2.095572e+01,2.109472e+01,2.098353e+01,2.107388e+01,2.103219e+01,2.109472e+01,2.103219e+01,2.104609e+01,2.105304e+01,2.114333e+01,2.117803e+01,2.109472e+01,2.113638e+01,2.103914e+01,2.096267e+01,2.110166e+01,2.096267e+01,2.098353e+01,2.111555e+01,2.092093e+01,2.092093e+01,2.084437e+01,2.071897e+01,2.087222e+01,2.098353e+01,2.080955e+01,2.064225e+01,2.056548e+01,2.045371e+01,2.046070e+01,2.047468e+01,2.050961e+01,2.040477e+01,2.041176e+01,2.055850e+01,2.055152e+01,2.040477e+01,2.052358e+01,2.041875e+01,2.057944e+01,2.052358e+01,2.045371e+01,2.044672e+01,2.044672e+01,2.058643e+01,2.027881e+01,2.050961e+01,2.035581e+01,2.050262e+01,2.043274e+01,2.057246e+01,2.060736e+01,2.051660e+01,2.051660e+01,2.050961e+01,2.055850e+01,2.040477e+01,2.060039e+01,2.043973e+01,2.052358e+01,2.047468e+01,2.053057e+01,2.039078e+01,2.060039e+01,2.060736e+01,2.041176e+01,2.056548e+01,2.047468e+01,2.043274e+01,2.044672e+01,2.055850e+01,2.056548e+01,2.066318e+01,2.045371e+01,2.046769e+01,2.041176e+01,2.043274e+01,2.062132e+01,2.053057e+01,2.054453e+01,2.050262e+01,2.050262e+01,2.048166e+01,2.041875e+01,2.050961e+01,2.049564e+01,2.034181e+01,2.059340e+01,2.062830e+01,2.053755e+01,2.052358e+01,2.056548e+01,2.049564e+01,2.040477e+01,2.049564e+01,2.047468e+01,2.048865e+01,2.047468e+01,2.048865e+01,2.041176e+01,2.048166e+01,2.042575e+01,2.036980e+01,2.050262e+01,2.052358e+01,2.035581e+01,2.053057e+01,2.055152e+01,2.046769e+01,2.062132e+01,2.046070e+01,2.046769e+01,2.044672e+01,2.041176e+01,2.050961e+01,2.038379e+01,2.044672e+01,2.029982e+01,2.036980e+01,2.055850e+01,2.045371e+01,2.057944e+01,2.036280e+01,2.055152e+01,2.041875e+01,2.064225e+01,2.040477e+01,2.046769e+01,2.055152e+01,2.047468e+01,2.043274e+01,2.059340e+01,2.053057e+01,2.051660e+01,2.057246e+01,2.055850e+01,2.059340e+01,2.055850e+01,2.052358e+01,2.067713e+01,2.048166e+01
2.085830e+01,2.094180e+01,2.102524e+01,2.092093e+01,2.106693e+01,2.087918e+01,2.084437e+01,2.081652e+01,2.083741e+01,2.094180e+01,2.091398e+01,2.092789e+01,2.092789e+01,2.091398e+01,2.067016e+01,2.088614e+01,2.078866e+01,2.089310e+01,2.053755e+01,2.083741e+01,2.066318e+01,2.092093e+01,2.073988e+01,2.069805e+01,2.071200e+01,2.064923e+01,2.070502e+01,2.066318e+01,2.071200e+01,2.087222e+01,2.083045e+01,2.062132e+01,2.068410e+01,2.065621e+01,2.055850e+01,2.070502e+01,2.049564e+01,2.056548e+01,2.058643e+01,2.054453e+01,2.046070e+01,2.059340e+01,2.059340e+01,2.071200e+01,2.062132e+01,2.062830e+01,2.041875e+01,2.089310e+01,2.101134e+01,2.096962e+01,2.097658e+01,2.112250e+01,2.101134e+01,2.096962e+01,2.100439e+01,2.096267e+01,2.101134e+01,2.098353e+01,2.095572e+01,2.105999e+01,2.093485e+01,2.105999e+01,2.098353e+01,2.093485e+01,2.099048e+01,2.099744e+01,2.100439e+01,2.098353e+01,2.101829e+01,2.100439e+01,2.091398e+01,2.096962e+01,2.067016e+01,2.067713e+01,2.087222e+01,2.087918e+01,2.094876e+01,2.092789e+01,2.096267e+01,2.096962e+01,2.124047e+01,2.096962e+01,2.090006e+01,2.105304e+01,2.104609e+01,2.099744e+01,2.096962e+01,2.107388e+01,2.091398e+01,2.084437e+01,2.069108e+01,2.076079e+01,2.108083e+01,2.091398e+01,2.092093e+01,2.091398e+01,2.102524e+01,2.101134e+01,2.093485e+01,2.103219e+01,2.119885e+01,2.108083e+01,2.105304e+01,2.090006e+01,2.090006e+01,2.095572e+01,2.096267e+01,2.094180e+01,2.094180e+01,2.095572e+01,2.093485e+01,2.107388e+01,2.095572e+01,2.092789e+01,2.100439e+01,2.097658e+01,2.098353e+01,2.099744e+01,2.093485e+01,2.089310e+01,2.103914e+01,2.099744e+01,2.114333e+01,2.120579e+01,2.104609e+01,2.106693e+01,2.112944e+01,2.096267e+01,2.089310e+01,2.108083e+01,2.098353e+01,2.097658e+01,2.117109e+01,2.099744e+01,2.095572e+01,2.113638e+01,2.105304e+01,2.099048e+01,2.110166e+01,2.101134e+01,2.108083e+01,2.107388e+01,2.096267e+01,2.090702e+01,2.090006e+01,2.109472e+01,2.106693e+01,2.084437e+01,2.099048e+01,2.087222e+01,2.083045e+01,2.103914e+01,2.081652e+01,2.076079e+01,2.082348e+01,2.045371e+01,2.041176e+01,2.064225e+01,2.038379e+01,2.043973e+01,2.043274e+01,2.041875e+01,2.043973e+01,2.043274e+01,2.041875e+01,2.039778e+01,2.057246e+01,2.047468e+01,2.042575e+01,2.045371e+01,2.044672e+01,2.043274e+01,2.048865e+01,2.039078e+01,2.049564e+01,2.039078e+01,2.046769e+01,2.043973e+01,2.046070e+01,2.041176e+01,2.048166e+01,2.030682e+01,2.047468e+01,2.048166e+01,2.036280e+01,2.050262e+01,2.035581e+01,2.036280e+01,2.050262e+01,2.039078e+01,2.047468e+01,2.039778e+01,2.036980e+01,2.041176e+01,2.042575e+01,2.034881e+01,2.043274e+01,2.046769e+01,2.049564e+01,2.053057e+01,2.041176e+01,2.038379e+01,2.041176e+01,2.036280e+01,2.046769e+01,2.036280e+01,2.051660e+01,2.048865e+01,2.050262e+01,2.047468e+01,2.041176e+01,2.039078e+01,2.046769e+01,2.055850e+01,2.052358e+01,2.057246e+01,2.048166e+01,2.041176e+01,2.041176e+01,2.043274e+01,2.041875e+01,2.043973e+01,2.038379e+01,2.037679e+01,2.040477e+01,2.042575e+01,2.045371e+01,2.046769e+01,2.045371e+01,2.039078e+01,2.034881e+01,2.039078e+01,2.039778e+01,2.041875e+01,2.045371e+01,2.040477e+01,2.049564e+01,2.049564e+01,2.050961e+01,2.042575e+01,2.035581e+01,2.043973e+01,2.046769e+01,2.040477e+01,2.048865e+01,2.068410e+01,2.041875e+01,2.038379e+01,2.037679e+01,2.030682e+01,2.036980e+01,2.031382e+01,2.027881e+01,2.046769e+01,2.039078e+01,2.041875e+01,2.044672e+01,2.053057e+01,2.053057e+01,2.057944e+01,2.092093e+01,2.093485e+01,2.077472e+01,2.062830e+01,2.083045e+01,2.080955e+01,2.060736e+01,2.057246e+01,2.079562e+01,2.046769e+01,2.055152e+01,2.043274e+01,2.036280e+01,2.050262e+01,2.034881e+01,2.036280e+01,2.038379e+01,2.044672e+01,2.036980e+01,2.037679e+01,2.055152e+01,2.047468e+01,2.041176e+01,2.044672e+01,2.056548e+01,2.057944e+01,2.063528e+01,2.051660e+01,2.061434e+01,2.063528e+01,2.067016e+01,2.067016e+01,2.062132e+01,2.062830e+01,2.064923e+01,2.060736e+01,2.062830e+01,2.060039e+01,2.043274e+01,2.042575e+01,2.051660e+01,2.050262e+01,2.057246e+01,2.058643e+01,2.064923e+01,2.055152e+01,2.068410e+01,2.053057e+01,2.054453e+01,2.059340e+01,2.053755e+01,2.060039e+01,2.060039e+01,2.069108e+01,2.063528e+01,2.069108e+01,2.073988e+01,2.067713e+01,2.068410e+01,2.074685e+01,2.075382e+01,2.077472e+01,2.068410e+01,2.076775e+01,2.074685e+01,2.073291e+01,2.078866e+01,2.071200e+01,2.067016e+01,2.069108e+01,2.067016e+01,2.055152e+01,2.050961e+01,2.051660e+01,2.053755e+01,2.044672e+01,2.053057e+01,2.049564e+01,2.045371e+01,2.045371e+01,2.067713e+01,2.050262e+01,2.050961e+01,2.067016e+01,2.046769e+01,2.071897e+01,2.068410e+01,2.070502e+01,2.054453e+01,2.085830e+01,2.079562e+01,2.074685e+01,2.064225e+01,2.077472e+01,2.059340e+01,2.082348e+01,2.056548e+01,2.080955e+01,2.061434e+01,2.069805e+01,2.062830e+01,2.044672e+01,2.062132e+01,2.068410e+01,2.046769e+01,2.050262e+01,2.052358e+01,2.048166e+01,2.053057e+01,2.045371e+01,2.045371e+01,2.046769e+01,2.046070e+01,2.050262e+01,2.050961e+01,2.046769e+01,2.039778e+01,2.042575e+01,2.044672e+01,2.039778e+01,2.039778e+01,2.045371e+01,2.043973e+01,2.046769e+01,2.044672e+01,2.046070e+01,2.046769e+01,2.050961e+01,2.055152e+01,2.053057e+01,2.043973e+01,2.048166e+01,2.050262e+01,2.050262e+01,2.042575e+01,2.049564e+01,2.045371e+01,2.038379e+01,2.055152e+01,2.050961e+01,2.034881e+01,2.052358e+01,2.051660e+01,2.024380e+01,2.049564e+01,2.073291e+01,2.048865e+01,2.048166e+01,2.057944e+01,2.057944e+01,2.050961e+01,2.072594e+01,2.063528e+01,2.079562e+01,2.086526e+01,2.078169e+01,2.094876e+01,2.101829e+01,2.109472e+01,2.101829e+01,2.094876e+01,2.099744e+01,2.110861e+01,2.107388e+01,2.121966e+01,2.113638e+01,2.112250e+01,2.122660e+01,2.115721e+01,2.097658e+01,2.113638e+01,2.096962e+01,2.104609e+01,2.103914e+01,2.099744e+01,2.093485e+01,2.112944e+01,2.097658e+01,2.110166e+01,2.108777e+01,2.090702e+01,2.095572e+01,2.090702e+01,2.090702e+01,2.091398e+01,2.098353e+01,2.097658e+01,2.099744e+01,2.093485e+01,2.092093e+01,2.099048e+01,2.100439e+01,2.091398e+01,2.105304e+01,2.095572e+01,2.094876e+01,2.094876e+01,2.092093e+01,2.089310e+01,2.090702e+01,2.095572e+01,2.071200e+01,2.107388e+01,2.105999e+01,2.084437e+01,2.095572e+01,2.102524e+01,2.087918e+01,2.103219e+01,2.101829e+01,2.099048e+01,2.093485e+01,2.088614e+01,2.094180e+01,2.101829e+01,2.110861e+01,2.101829e+01,2.107388e+01,2.098353e+01,2.098353e+01,2.095572e+01,2.093485e+01,2.098353e+01,2.099744e+01,2.102524e+01,2.108083e+01,2.107388e+01,2.090702e+01,2.093485e+01,2.099744e+01,2.085830e+01,2.101134e+01,2.101134e+01,2.094876e+01,2.099744e+01,2.099048e+01,2.090702e+01,2.099048e+01,2.094180e+01,2.114333e+01,2.094180e+01,2.099048e+01,2.094180e+01,2.103219e+01,2.103914e+01,2.100439e+01,2.115027e+01,2.091398e+01,2.088614e+01,2.090702e+01,2.102524e+01,2.089310e+01,2.095572e+01,2.107388e+01,2.090006e+01,2.094180e+01,2.112250e+01,2.099048e+01,2.111555e+01,2.103219e+01,2.098353e+01,2.076079e+01,2.080955e+01,2.069805e+01,2.062830e+01,2.063528e+01,2.050262e+01,2.041176e+01,2.049564e+01,2.045371e+01,2.043973e+01,2.044672e+01,2.041176e+01,2.048865e+01,2.037679e+01,2.048865e+01,2.057944e+01,2.062132e+01,2.061434e+01,2.036980e+01,2.038379e+01,2.044672e+01,2.052358e+01,2.039778e+01,2.046070e+01,2.036980e+01,2.036980e+01,2.032082e+01,2.048166e+01,2.054453e+01,2.050262e+01,2.050961e+01,2.049564e+01,2.039078e+01,2.048865e+01,2.055152e+01,2.053057e+01,2.042575e+01,2.062132e+01,2.045371e+01,2.041875e+01,2.045371e+01,2.051660e+01,2.060736e+01,2.052358e+01,2.050262e+01,2.051660e+01,2.044672e+01,2.042575e+01,2.040477e+01,2.039778e+01,2.039778e+01,2.037679e+01,2.047468e+01,2.057944e+01,2.041875e+01,2.048865e+01,2.050961e+01,2.044672e+01,2.040477e+01,2.051660e+01,2.051660e+01,2.047468e+01,2.048865e+01,2.035581e+01,2.043274e+01,2.046769e+01,2.050262e+01,2.039078e+01,2.036980e+01,2.041176e+01,2.047468e+01,2.044672e+01,2.045371e+01,2.047468e+01,2.042575e+01,2.038379e+01,2.052358e+01,2.065621e+01,2.047468e+01,2.057944e+01,2.047468e+01,2.043274e+01,2.043274e+01,2.047468e+01,2.049564e+01,2.052358e+01,2.050961e+01,2.040477e+01,2.057246e+01,2.038379e+01,2.044672e+01,2.042575e+01,2.039778e+01,2.049564e+01,2.041176e+01,2.043274e+01,2.054453e+01,2.047468e+01,2.031382e+01,2.040477e+01,2.056548e+01,2.032782e+01,2.053755e+01,2.057944e+01,2.044672e+01,2.058643e+01,2.060039e+01,2.042575e+01,2.057944e+01,2.037679e+01,2.036280e+01,2.050262e+01,2.060736e+01,2.049564e+01,2.035581e+01,2.055850e+01,2.052358e+01,2.051660e+01,2.062132e+01
2.067713e+01,2.057944e+01,2.060736e+01,2.064225e+01,2.059340e+01,2.056548e+01,2.061434e+01,2.071200e+01,2.051660e+01,2.064923e+01,2.055152e+01,2.051660e+01,2.053755e+01,2.055152e+01,2.055850e+01,2.059340e+01,2.076079e+01,2.069108e+01,2.057944e+01,2.058643e+01,2.057944e+01,2.057246e+01,2.070502e+01,2.070502e+01,2.058643e+01,2.053057e+01,2.052358e+01,2.062132e+01,2.045371e+01,2.066318e+01,2.063528e+01,2.063528e+01,2.055152e+01,2.048865e+01,2.058643e+01,2.074685e+01,2.048865e+01,2.041875e+01,2.047468e+01,2.048865e+01,2.062132e+01,2.058643e+01,2.048865e+01,2.057944e+01,2.057944e+01,2.062132e+01,2.070502e+01,2.078169e+01,2.087918e+01,2.095572e+01,2.099744e+01,2.095572e+01,2.094180e+01,2.093485e+01,2.096962e+01,2.099048e+01,2.104609e+01,2.105999e+01,2.101829e+01,2.099744e+01,2.094876e+01,2.096962e+01,2.107388e+01,2.116415e+01,2.101134e+01,2.109472e+01,2.098353e+01,2.092789e+01,2.079562e+01,2.065621e+01,2.094180e+01,2.094180e+01,2.067713e+01,2.069108e+01,2.086526e+01,2.101829e+01,2.092789e+01,2.081652e+01,2.085830e+01,2.090702e+01,2.095572e+01,2.102524e+01,2.101829e+01,2.102524e+01,2.089310e+01,2.081652e+01,2.078866e+01,2.057944e+01,2.057246e+01,2.057944e+01,2.061434e+01,2.059340e+01,2.067016e+01,2.071897e+01,2.085830e+01,2.093485e+01,2.103914e+01,2.090702e+01,2.101829e+01,2.088614e+01,2.100439e+01,2.086526e+01,2.087222e+01,2.110861e+01,2.091398e+01,2.094876e+01,2.094180e+01,2.096962e+01,2.096267e+01,2.094180e+01,2.091398e+01,2.093485e+01,2.095572e+01,2.097658e+01,2.102524e+01,2.103914e+01,2.087918e+01,2.076775e+01,2.098353e+01,2.103914e+01,2.096962e+01,2.102524e+01,2.105999e+01,2.097658e+01,2.105999e+01,2.096962e+01,2.098353e+01,2.096267e+01,2.110166e+01,2.097658e+01,2.103219e+01,2.095572e+01,2.090702e+01,2.094180e+01,2.090006e+01,2.090006e+01,2.090702e+01,2.097658e+01,2.096267e+01,2.099048e+01,2.089310e+01,2.083045e+01,2.075382e+01,2.092093e+01,2.089310e+01,2.079562e+01,2.095572e+01,2.089310e+01,2.087918e+01,2.099744e+01,2.092093e+01,2.085830e+01,2.081652e+01,2.055850e+01,2.048166e+01,2.045371e+01,2.045371e+01,2.045371e+01,2.043274e+01,2.039778e+01,2.041176e+01,2.046070e+01,2.045371e+01,2.040477e+01,2.040477e+01,2.053057e+01,2.051660e+01,2.054453e+01,2.048865e+01,2.041875e+01,2.052358e+01,2.039078e+01,2.048166e+01,2.043274e+01,2.047468e+01,2.048865e+01,2.045371e+01,2.043274e+01,2.043973e+01,2.042575e+01,2.049564e+01,2.038379e+01,2.062830e+01,2.037679e+01,2.051660e+01,2.041176e+01,2.037679e+01,2.033481e+01,2.034881e+01,2.044672e+01,2.041875e+01,2.043274e+01,2.039778e+01,2.050262e+01,2.032082e+01,2.042575e+01,2.032782e+01,2.041875e+01,2.039778e+01,2.039078e+01,2.037679e+01,2.039778e+01,2.045371e+01,2.039078e+01,2.045371e+01,2.040477e+01,2.043274e+01,2.044672e+01,2.045371e+01,2.049564e+01,2.051660e+01,2.041875e+01,2.042575e+01,2.041176e+01,2.043274e+01,2.042575e+01,2.064225e+01,2.043274e+01,2.037679e+01,2.048166e+01,2.047468e+01,2.048865e+01,2.041176e+01,2.042575e+01,2.043274e+01,2.038379e+01,2.037679e+01,2.045371e+01,2.043274e+01,2.039778e+01,2.043274e+01,2.042575e+01,2.041176e+01,2.043274e+01,2.042575e+01,2.044672e+01,2.036980e+01,2.050262e+01,2.050961e+01,2.047468e+01,2.047468e+01,2.044672e+01,2.047468e+01,2.045371e+01,2.038379e+01,2.055152e+01,2.035581e+01,2.035581e+01,2.032782e+01,2.033481e+01,2.039778e+01,2.029982e+01,2.045371e+01,2.043274e+01,2.048166e+01,2.045371e+01,2.047468e+01,2.052358e+01,2.073291e+01,2.061434e+01,2.085134e+01,2.074685e+01,2.083045e+01,2.072594e+01,2.060736e+01,2.051660e+01,2.048865e+01,2.040477e+01,2.041176e+01,2.056548e+01,2.054453e+01,2.039778e+01,2.034881e+01,2.034881e+01,2.039778e+01,2.050262e+01,2.045371e+01,2.052358e+01,2.047468e+01,2.047468e+01,2.052358e+01,2.041875e+01,2.034881e+01,2.041176e+01,2.050961e+01,2.053755e+01,2.067016e+01,2.062132e+01,2.066318e+01,2.070502e+01,2.064923e+01,2.063528e+01,2.060736e+01,2.062830e+01,2.064923e+01,2.062132e+01,2.066318e+01,2.062132e+01,2.041875e+01,2.043274e+01,2.047468e+01,2.046769e+01,2.050961e+01,2.060736e+01,2.072594e+01,2.059340e+01,2.061434e+01,2.071200e+01,2.060736e+01,2.064923e+01,2.049564e+01,2.069805e+01,2.045371e+01,2.067016e+01,2.069108e+01,2.073291e+01,2.071200e+01,2.069805e+01,2.070502e+01,2.072594e+01,2.070502e+01,2.076775e+01,2.067016e+01,2.074685e+01,2.060039e+01,2.073291e+01,2.064923e+01,2.063528e+01,2.069108e+01,2.062830e+01,2.051660e+01,2.048865e+01,2.050961e+01,2.050961e+01,2.051660e+01,2.054453e+01,2.053755e+01,2.050262e+01,2.034181e+01,2.046070e+01,2.046769e+01,2.051660e+01,2.053755e+01,2.046769e+01,2.049564e+01,2.055850e+01,2.069108e+01,2.066318e+01,2.054453e+01,2.066318e+01,2.058643e+01,2.064225e+01,2.057944e+01,2.060736e+01,2.065621e+01,2.060039e+01,2.046070e+01,2.049564e+01,2.048166e+01,2.071897e+01,2.046769e+01,2.051660e+01,2.047468e+01,2.045371e+01,2.045371e+01,2.052358e+01,2.039778e+01,2.045371e+01,2.057246e+01,2.045371e+01,2.044672e+01,2.051660e+01,2.054453e+01,2.056548e+01,2.046070e+01,2.056548e+01,2.053755e+01,2.047468e+01,2.027881e+01,2.048865e+01,2.042575e+01,2.050262e+01,2.046769e+01,2.046070e+01,2.049564e+01,2.055152e+01,2.046769e+01,2.048166e+01,2.063528e+01,2.057944e+01,2.048865e+01,2.045371e+01,2.048865e+01,2.041875e+01,2.044672e+01,2.045371e+01,2.053755e+01,2.056548e+01,2.042575e+01,2.059340e+01,2.049564e+01,2.046769e+01,2.047468e+01,2.046070e+01,2.049564e+01,2.045371e+01,2.046769e+01,2.042575e+01,2.050961e+01,2.044672e+01,2.048865e+01,2.059340e+01,2.075382e+01,2.090006e+01,2.097658e+01,2.099744e+01,2.101829e+01,2.096267e+01,2.090006e+01,2.114333e+01,2.108083e+01,2.093485e+01,2.110861e+01,2.113638e+01,2.108777e+01,2.114333e+01,2.120579e+01,2.110861e+01,2.116415e+01,2.121966e+01,2.108777e+01,2.122660e+01,2.108083e+01,2.109472e+01,2.102524e+01,2.105304e+01,2.089310e+01,2.108777e+01,2.084437e+01,2.110166e+01,2.103219e+01,2.108083e+01,2.094876e+01,2.094876e+01,2.099048e+01,2.086526e+01,2.096962e+01,2.104609e+01,2.101134e+01,2.096267e+01,2.099744e+01,2.108083e+01,2.108777e+01,2.094180e+01,2.097658e+01,2.101134e+01,2.098353e+01,2.117803e+01,2.098353e+01,2.090702e+01,2.090006e+01,2.096962e+01,2.112250e+01,2.112250e+01,2.111555e+01,2.110861e+01,2.109472e+01,2.093485e+01,2.101134e+01,2.090702e+01,2.103914e+01,2.095572e+01,2.091398e+01,2.089310e+01,2.094180e+01,2.092789e+01,2.094876e+01,2.091398e+01,2.099744e+01,2.099744e+01,2.098353e+01,2.096267e+01,2.094876e+01,2.105304e+01,2.104609e+01,2.105999e+01,2.114333e+01,2.103914e+01,2.099048e+01,2.105304e+01,2.095572e+01,2.104609e+01,2.095572e+01,2.105304e+01,2.093485e+01,2.092789e+01,2.099048e+01,2.097658e+01,2.094876e+01,2.094180e+01,2.099048e+01,2.098353e+01,2.099744e+01,2.096962e+01,2.094180e+01,2.088614e+01,2.108083e+01,2.102524e+01,2.106693e+01,2.103914e+01,2.090702e+01,2.099744e+01,2.104609e+01,2.097658e+01,2.085830e+01,2.096267e+01,2.099744e+01,2.108083e+01,2.116415e+01,2.104609e+01,2.099048e+01,2.091398e+01,2.070502e+01,2.054453e+01,2.056548e+01,2.052358e+01,2.048166e+01,2.059340e+01,2.039778e+01,2.057246e+01,2.041176e+01,2.047468e+01,2.047468e+01,2.053057e+01,2.053057e+01,2.057944e+01,2.038379e+01,2.044672e+01,2.059340e+01,2.043973e+01,2.045371e+01,2.035581e+01,2.049564e+01,2.043274e+01,2.046070e+01,2.034881e+01,2.036980e+01,2.048865e+01,2.053755e+01,2.043973e+01,2.035581e+01,2.049564e+01,2.050262e+01,2.040477e+01,2.055152e+01,2.042575e+01,2.046769e+01,2.046070e+01,2.057246e+01,2.044672e+01,2.038379e+01,2.057944e+01,2.051660e+01,2.041875e+01,2.041176e+01,2.048865e+01,2.041875e+01,2.043973e+01,2.046769e+01,2.044672e+01,2.039078e+01,2.036280e+01,2.061434e+01,2.055850e+01,2.057944e+01,2.049564e+01,2.049564e+01,2.050262e+01,2.046070e+01,2.046769e+01,2.069805e+01,2.047468e+01,2.038379e+01,2.061434e+01,2.046070e+01,2.043973e+01,2.053057e+01,2.054453e+01,2.046769e+01,2.051660e+01,2.039778e+01,2.035581e+01,2.050262e+01,2.046070e+01,2.050262e+01,2.048865e+01,2.051660e+01,2.043973e+01,2.027881e+01,2.045371e+01,2.038379e+01,2.051660e+01,2.050262e+01,2.038379e+01,2.077472e+01,2.048166e+01,2.033481e+01,2.042575e+01,2.050262e+01,2.043973e+01,2.040477e+01,2.046070e+01,2.053057e+01,2.043973e+01,2.046070e+01,2.041176e+01,2.048865e+01,2.048166e+01,2.033481e+01,2.041176e+01,2.052358e+01,2.027181e+01,2.049564e+01,2.052358e+01,2.053755e+01,2.050262e+01,2.050262e+01,2.060736e+01,2.046070e+01,2.039778e+01,2.038379e+01,2.048865e+01,2.054453e+01,2.051660e+01,2.046070e+01,2.051660e+01,2.048166e+01,2.051660e+01,2.047468e+01,2.056548e+01
2.054453e+01,2.067016e+01,2.060039e+01,2.067713e+01,2.059340e+01,2.041176e+01,2.049564e+01,2.069805e+01,2.048166e+01,2.069805e+01,2.055152e+01,2.059340e+01,2.057246e+01,2.050961e+01,2.067016e+01,2.058643e+01,2.045371e+01,2.067016e+01,2.050262e+01,2.053755e+01,2.057246e+01,2.044672e+01,2.046769e+01,2.053057e+01,2.061434e+01,2.060039e+01,2.050262e+01,2.060039e+01,2.059340e+01,2.062132e+01,2.052358e+01,2.064225e+01,2.063528e+01,2.062830e+01,2.059340e+01,2.053057e+01,2.054453e+01,2.050262e+01,2.041875e+01,2.053057e+01,2.053755e+01,2.060736e+01,2.051660e+01,2.049564e+01,2.057246e+01,2.059340e+01,2.048166e+01,2.066318e+01,2.078866e+01,2.080955e+01,2.084437e+01,2.093485e+01,2.095572e+01,2.092093e+01,2.094180e+01,2.087222e+01,2.099744e+01,2.096962e+01,2.094180e+01,2.095572e+01,2.097658e+01,2.093485e+01,2.092789e+01,2.098353e+01,2.096962e+01,2.084437e+01,2.082348e+01,2.100439e+01,2.082348e+01,2.078169e+01,2.069108e+01,2.063528e+01,2.046070e+01,2.066318e+01,2.075382e+01,2.083741e+01,2.111555e+01,2.087222e+01,2.095572e+01,2.085134e+01,2.094180e+01,2.087222e+01,2.074685e+01,2.062830e+01,2.088614e+01,2.055850e+01,2.075382e+01,2.056548e+01,2.057944e+01,2.059340e+01,2.062830e+01,2.035581e+01,2.061434e+01,2.071200e+01,2.085830e+01,2.104609e+01,2.088614e+01,2.095572e+01,2.089310e+01,2.093485e+01,2.099048e+01,2.102524e+01,2.102524e+01,2.101829e+01,2.089310e+01,2.100439e+01,2.093485e+01,2.098353e+01,2.090702e+01,2.093485e+01,2.094180e+01,2.097658e+01,2.095572e+01,2.099048e+01,2.103219e+01,2.101134e+01,2.095572e+01,2.108777e+01,2.099744e+01,2.095572e+01,2.096962e+01,2.087918e+01,2.088614e+01,2.115721e+01,2.096267e+01,2.090702e+01,2.102524e+01,2.090006e+01,2.088614e+01,2.108083e+01,2.092093e+01,2.085830e+01,2.097658e+01,2.094876e+01,2.101829e+01,2.098353e+01,2.083045e+01,2.087918e+01,2.094180e+01,2.089310e+01,2.072594e+01,2.070502e+01,2.092093e+01,2.073988e+01,2.064923e+01,2.079562e+01,2.080955e+01,2.066318e+01,2.054453e+01,2.084437e+01,2.061434e+01,2.060736e+01,2.052358e+01,2.050262e+01,2.051660e+01,2.055850e+01,2.049564e+01,2.043973e+01,2.032082e+01,2.041875e+01,2.060039e+01,2.044672e+01,2.039778e+01,2.054453e+01,2.054453e+01,2.043274e+01,2.050262e+01,2.045371e+01,2.052358e+01,2.047468e+01,2.053755e+01,2.048865e+01,2.034181e+01,2.046070e+01,2.043973e+01,2.041875e+01,2.046070e+01,2.036280e+01,2.062132e+01,2.043274e+01,2.044672e+01,2.055152e+01,2.045371e+01,2.045371e+01,2.049564e+01,2.036980e+01,2.036280e+01,2.053057e+01,2.045371e+01,2.042575e+01,2.041176e+01,2.036980e+01,2.043274e+01,2.045371e+01,2.041176e+01,2.036980e+01,2.041176e+01,2.049564e+01,2.041176e+01,2.039078e+01,2.035581e+01,2.043973e+01,2.044672e+01,2.045371e+01,2.041176e+01,2.045371e+01,2.043274e+01,2.042575e+01,2.043274e+01,2.044672e+01,2.048865e+01,2.052358e+01,2.054453e+01,2.057944e+01,2.043274e+01,2.039778e+01,2.048865e+01,2.044672e+01,2.044672e+01,2.047468e+01,2.053057e+01,2.051660e+01,2.036980e+01,2.043274e+01,2.047468e+01,2.036980e+01,2.050961e+01,2.039078e+01,2.033481e+01,2.039778e+01,2.043973e+01,2.043274e+01,2.041176e+01,2.045371e+01,2.052358e+01,2.031382e+01,2.039778e+01,2.053755e+01,2.039078e+01,2.037679e+01,2.041176e+01,2.037679e+01,2.044672e+01,2.042575e+01,2.039778e+01,2.067016e+01,2.039078e+01,2.039778e+01,2.047468e+01,2.031382e+01,2.041875e+01,2.043973e+01,2.032082e+01,2.039778e+01,2.046769e+01,2.041875e+01,2.042575e+01,2.047468e+01,2.077472e+01,2.074685e+01,2.079562e+01,2.068410e+01,2.076079e+01,2.081652e+01,2.049564e+01,2.042575e+01,2.043274e+01,2.048865e+01,2.043973e+01,2.054453e+01,2.047468e+01,2.052358e+01,2.041875e+01,2.037679e+01,2.052358e+01,2.039078e+01,2.036980e+01,2.053755e+01,2.040477e+01,2.040477e+01,2.048865e+01,2.037679e+01,2.048865e+01,2.062132e+01,2.064225e+01,2.067016e+01,2.070502e+01,2.056548e+01,2.062132e+01,2.049564e+01,2.055152e+01,2.070502e+01,2.062830e+01,2.062132e+01,2.074685e+01,2.065621e+01,2.042575e+01,2.062132e+01,2.050961e+01,2.043274e+01,2.043973e+01,2.057944e+01,2.073988e+01,2.052358e+01,2.064923e+01,2.057246e+01,2.059340e+01,2.065621e+01,2.071897e+01,2.067713e+01,2.062132e+01,2.082348e+01,2.067713e+01,2.067016e+01,2.076775e+01,2.068410e+01,2.078169e+01,2.073988e+01,2.076079e+01,2.075382e+01,2.076775e+01,2.076775e+01,2.077472e+01,2.072594e+01,2.099048e+01,2.055850e+01,2.067016e+01,2.053755e+01,2.054453e+01,2.064923e+01,2.060039e+01,2.055850e+01,2.052358e+01,2.057944e+01,2.054453e+01,2.053755e+01,2.055850e+01,2.053755e+01,2.045371e+01,2.056548e+01,2.036280e+01,2.071897e+01,2.053057e+01,2.049564e+01,2.062830e+01,2.053755e+01,2.046070e+01,2.064923e+01,2.069805e+01,2.045371e+01,2.048166e+01,2.050262e+01,2.059340e+01,2.047468e+01,2.040477e+01,2.041176e+01,2.052358e+01,2.048865e+01,2.054453e+01,2.047468e+01,2.046070e+01,2.046769e+01,2.062132e+01,2.060039e+01,2.059340e+01,2.048865e+01,2.060039e+01,2.046769e+01,2.056548e+01,2.057246e+01,2.045371e+01,2.046769e+01,2.045371e+01,2.046070e+01,2.056548e+01,2.043274e+01,2.057944e+01,2.050262e+01,2.058643e+01,2.049564e+01,2.027181e+01,2.058643e+01,2.048865e+01,2.058643e+01,2.044672e+01,2.047468e+01,2.054453e+01,2.050961e+01,2.050961e+01,2.054453e+01,2.052358e+01,2.053755e+01,2.050961e+01,2.042575e+01,2.057944e+01,2.056548e+01,2.051660e+01,2.043274e+01,2.050961e+01,2.047468e+01,2.052358e+01,2.055850e+01,2.048865e+01,2.053057e+01,2.045371e+01,2.050961e+01,2.062830e+01,2.042575e+01,2.035581e+01,2.053755e+01,2.060039e+01,2.060736e+01,2.060736e+01,2.096962e+01,2.101829e+01,2.095572e+01,2.093485e+01,2.093485e+01,2.108777e+01,2.098353e+01,2.092093e+01,2.108083e+01,2.103219e+01,2.116415e+01,2.099744e+01,2.111555e+01,2.108777e+01,2.121272e+01,2.114333e+01,2.114333e+01,2.119191e+01,2.124047e+01,2.110166e+01,2.109472e+01,2.118497e+01,2.108777e+01,2.100439e+01,2.115721e+01,2.103219e+01,2.103914e+01,2.101829e+01,2.099744e+01,2.101134e+01,2.092789e+01,2.096962e+01,2.104609e+01,2.117803e+01,2.110861e+01,2.092789e+01,2.101134e+01,2.098353e+01,2.094180e+01,2.112250e+01,2.096962e+01,2.108777e+01,2.095572e+01,2.085830e+01,2.096267e+01,2.099744e+01,2.107388e+01,2.096962e+01,2.103914e+01,2.107388e+01,2.094876e+01,2.104609e+01,2.102524e+01,2.104609e+01,2.110166e+01,2.103219e+01,2.105304e+01,2.101134e+01,2.103219e+01,2.097658e+01,2.087918e+01,2.101134e+01,2.094876e+01,2.096267e+01,2.099048e+01,2.103219e+01,2.110861e+01,2.101829e+01,2.100439e+01,2.103219e+01,2.105304e+01,2.103219e+01,2.108777e+01,2.105999e+01,2.104609e+01,2.105304e+01,2.102524e+01,2.101134e+01,2.103219e+01,2.099744e+01,2.104609e+01,2.086526e+01,2.082348e+01,2.094876e+01,2.096962e+01,2.108777e+01,2.092093e+01,2.097658e+01,2.092093e+01,2.094180e+01,2.096962e+01,2.104609e+01,2.091398e+01,2.087918e+01,2.085134e+01,2.089310e+01,2.094876e+01,2.112944e+01,2.087222e+01,2.089310e+01,2.090702e+01,2.113638e+01,2.100439e+01,2.112944e+01,2.122660e+01,2.111555e+01,2.119885e+01,2.096962e+01,2.071897e+01,2.076775e+01,2.071897e+01,2.056548e+01,2.046769e+01,2.055152e+01,2.056548e+01,2.050961e+01,2.048166e+01,2.043973e+01,2.046070e+01,2.048865e+01,2.047468e+01,2.049564e+01,2.041875e+01,2.048865e+01,2.048865e+01,2.062132e+01,2.046769e+01,2.048166e+01,2.054453e+01,2.055152e+01,2.053057e+01,2.044672e+01,2.051660e+01,2.050262e+01,2.056548e+01,2.051660e+01,2.044672e+01,2.040477e+01,2.040477e+01,2.053057e+01,2.041875e+01,2.048166e+01,2.049564e+01,2.063528e+01,2.057246e+01,2.061434e+01,2.057246e+01,2.055152e+01,2.062132e+01,2.041176e+01,2.050961e+01,2.041875e+01,2.053057e+01,2.046070e+01,2.048865e+01,2.042575e+01,2.048166e+01,2.046070e+01,2.035581e+01,2.045371e+01,2.042575e+01,2.057246e+01,2.041875e+01,2.046769e+01,2.055850e+01,2.048166e+01,2.035581e+01,2.050961e+01,2.039778e+01,2.060039e+01,2.057944e+01,2.048865e+01,2.046070e+01,2.047468e+01,2.048865e+01,2.041875e+01,2.045371e+01,2.051660e+01,2.046769e+01,2.050262e+01,2.045371e+01,2.057944e+01,2.043274e+01,2.043973e+01,2.057944e+01,2.041875e+01,2.041875e+01,2.045371e+01,2.037679e+01,2.034881e+01,2.050262e+01,2.047468e+01,2.060039e+01,2.043274e+01,2.046070e+01,2.056548e+01,2.048865e+01,2.048865e+01,2.048865e+01,2.043274e+01,2.054453e+01,2.044672e+01,2.063528e+01,2.055850e+01,2.036980e+01,2.049564e+01,2.046070e+01,2.052358e+01,2.050262e+01,2.039778e+01,2.057246e+01,2.034881e+01,2.054453e+01,2.050961e+01,2.035581e+01,2.051660e+01,2.032782e+01,2.036280e+01,2.050961e+01,2.043973e+01,2.049564e+01,2.047468e+01,2.065621e+01,2.046070e+01,2.052358e+01,2.056548e+01,2.055850e+01
2.074685e+01,2.055850e+01,2.059340e+01,2.058643e+01,2.060736e+01,2.045371e+01,2.039078e+01,2.060039e+01,2.048166e+01,2.053755e+01,2.047468e+01,2.052358e+01,2.055152e+01,2.058643e+01,2.055152e+01,2.066318e+01,2.057246e+01,2.050262e+01,2.050262e+01,2.060039e+01,2.048865e+01,2.048865e+01,2.049564e+01,2.053057e+01,2.057246e+01,2.056548e+01,2.050262e+01,2.060039e+01,2.063528e+01,2.074685e+01,2.064923e+01,2.039078e+01,2.056548e+01,2.060039e+01,2.057246e+01,2.057944e+01,2.056548e+01,2.053057e+01,2.056548e+01,2.045371e+01,2.053755e+01,2.050961e+01,2.055152e+01,2.057944e+01,2.053755e+01,2.057246e+01,2.073291e+01,2.064225e+01,2.085134e+01,2.096962e+01,2.096962e+01,2.089310e+01,2.092093e+01,2.094180e+01,2.096962e+01,2.091398e+01,2.087918e+01,2.099048e+01,2.112944e+01,2.094180e+01,2.105304e+01,2.099048e+01,2.098353e+01,2.094876e+01,2.096962e+01,2.082348e+01,2.087918e+01,2.095572e+01,2.079562e+01,2.059340e+01,2.057246e+01,2.062132e+01,2.064923e+01,2.072594e+01,2.070502e+01,2.069108e+01,2.081652e+01,2.088614e+01,2.082348e+01,2.089310e+01,2.086526e+01,2.085830e+01,2.082348e+01,2.078866e+01,2.071897e+01,2.050961e+01,2.056548e+01,2.059340e+01,2.062132e+01,2.060736e+01,2.060039e+01,2.058643e+01,2.059340e+01,2.066318e+01,2.078169e+01,2.083741e+01,2.102524e+01,2.092093e+01,2.095572e+01,2.097658e+01,2.079562e+01,2.105999e+01,2.099744e+01,2.104609e+01,2.090702e+01,2.090702e+01,2.090702e+01,2.092093e+01,2.096962e+01,2.087222e+01,2.092093e+01,2.087918e+01,2.096267e+01,2.102524e+01,2.101829e+01,2.112250e+01,2.093485e+01,2.089310e+01,2.107388e+01,2.088614e+01,2.105999e+01,2.102524e+01,2.092789e+01,2.092789e+01,2.093485e+01,2.099744e+01,2.119191e+01,2.096267e+01,2.110861e+01,2.101829e+01,2.095572e+01,2.088614e+01,2.094180e+01,2.092789e+01,2.093485e+01,2.076079e+01,2.094876e+01,2.086526e+01,2.086526e+01,2.081652e+01,2.090702e+01,2.064225e+01,2.076079e+01,2.052358e+01,2.050961e+01,2.049564e+01,2.050961e+01,2.046070e+01,2.045371e+01,2.057944e+01,2.050262e+01,2.055152e+01,2.039778e+01,2.053755e+01,2.048166e+01,2.055152e+01,2.046769e+01,2.041875e+01,2.053755e+01,2.043973e+01,2.064923e+01,2.043973e+01,2.043274e+01,2.046769e+01,2.039078e+01,2.046070e+01,2.039078e+01,2.042575e+01,2.053755e+01,2.049564e+01,2.051660e+01,2.048865e+01,2.048166e+01,2.040477e+01,2.049564e+01,2.059340e+01,2.045371e+01,2.045371e+01,2.045371e+01,2.048865e+01,2.034881e+01,2.049564e+01,2.038379e+01,2.053057e+01,2.054453e+01,2.059340e+01,2.053755e+01,2.042575e+01,2.037679e+01,2.046769e+01,2.034881e+01,2.046769e+01,2.035581e+01,2.045371e+01,2.043973e+01,2.046070e+01,2.042575e+01,2.052358e+01,2.037679e+01,2.043274e+01,2.043274e+01,2.043274e+01,2.048166e+01,2.048865e+01,2.043973e+01,2.056548e+01,2.040477e+01,2.043973e+01,2.047468e+01,2.049564e+01,2.050961e+01,2.054453e+01,2.041875e+01,2.041176e+01,2.047468e+01,2.043973e+01,2.064923e+01,2.048865e+01,2.053755e+01,2.041176e+01,2.048865e+01,2.046070e+01,2.044672e+01,2.046769e+01,2.050262e+01,2.050262e+01,2.039778e+01,2.051660e+01,2.038379e+01,2.034881e+01,2.043973e+01,2.046070e+01,2.031382e+01,2.046070e+01,2.039078e+01,2.048865e+01,2.037679e+01,2.048865e+01,2.048166e+01,2.053755e+01,2.040477e+01,2.047468e+01,2.045371e+01,2.039078e+01,2.041875e+01,2.044672e+01,2.036980e+01,2.041875e+01,2.039778e+01,2.048166e+01,2.041176e+01,2.041176e+01,2.039778e+01,2.046769e+01,2.046070e+01,2.040477e+01,2.067016e+01,2.067713e+01,2.060039e+01,2.085830e+01,2.099048e+01,2.069108e+01,2.076079e+01,2.061434e+01,2.053755e+01,2.048166e+01,2.056548e+01,2.053057e+01,2.051660e+01,2.048166e+01,2.050961e+01,2.044672e+01,2.042575e+01,2.042575e+01,2.043973e+01,2.042575e+01,2.041176e+01,2.069805e+01,2.033481e+01,2.040477e+01,2.039078e+01,2.053057e+01,2.048865e+01,2.053755e+01,2.055152e+01,2.064923e+01,2.065621e+01,2.067713e+01,2.065621e+01,2.074685e+01,2.065621e+01,2.062132e+01,2.060039e+01,2.069805e+01,2.065621e+01,2.058643e+01,2.058643e+01,2.055152e+01,2.054453e+01,2.045371e+01,2.058643e+01,2.051660e+01,2.049564e+01,2.060736e+01,2.066318e+01,2.060736e+01,2.063528e+01,2.062132e+01,2.059340e+01,2.072594e+01,2.058643e+01,2.071200e+01,2.082348e+01,2.075382e+01,2.069108e+01,2.071897e+01,2.074685e+01,2.069805e+01,2.068410e+01,2.076079e+01,2.067713e+01,2.066318e+01,2.078866e+01,2.064225e+01,2.064225e+01,2.057246e+01,2.055850e+01,2.061434e+01,2.065621e+01,2.055850e+01,2.068410e+01,2.056548e+01,2.064225e+01,2.058643e+01,2.056548e+01,2.070502e+01,2.064923e+01,2.054453e+01,2.047468e+01,2.048166e+01,2.051660e+01,2.056548e+01,2.053755e+01,2.048865e+01,2.048166e+01,2.055850e+01,2.044672e+01,2.055850e+01,2.044672e+01,2.051660e+01,2.049564e+01,2.055850e+01,2.056548e+01,2.041875e+01,2.053755e+01,2.039778e+01,2.065621e+01,2.048865e+01,2.060039e+01,2.055152e+01,2.050262e+01,2.041875e+01,2.060736e+01,2.050262e+01,2.048865e+01,2.061434e+01,2.047468e+01,2.059340e+01,2.046769e+01,2.053057e+01,2.046070e+01,2.046070e+01,2.051660e+01,2.053057e+01,2.057944e+01,2.046070e+01,2.044672e+01,2.045371e+01,2.059340e+01,2.054453e+01,2.057246e+01,2.058643e+01,2.068410e+01,2.059340e+01,2.045371e+01,2.047468e+01,2.056548e+01,2.057246e+01,2.055152e+01,2.054453e+01,2.049564e+01,2.058643e+01,2.043973e+01,2.052358e+01,2.056548e+01,2.055850e+01,2.053057e+01,2.050961e+01,2.052358e+01,2.055152e+01,2.053057e+01,2.053755e+01,2.054453e+01,2.050262e+01,2.041176e+01,2.050961e+01,2.051660e+01,2.060736e+01,2.039778e+01,2.051660e+01,2.046769e+01,2.054453e+01,2.071200e+01,2.071200e+01,2.106693e+01,2.106693e+01,2.103219e+01,2.107388e+01,2.091398e+01,2.104609e+01,2.096962e+01,2.090702e+01,2.088614e+01,2.087918e+01,2.087222e+01,2.111555e+01,2.109472e+01,2.115721e+01,2.094180e+01,2.104609e+01,2.126127e+01,2.126821e+01,2.115721e+01,2.114333e+01,2.106693e+01,2.116415e+01,2.116415e+01,2.119885e+01,2.101134e+01,2.105304e+01,2.107388e+01,2.108777e+01,2.099744e+01,2.114333e+01,2.103219e+01,2.105999e+01,2.106693e+01,2.097658e+01,2.095572e+01,2.098353e+01,2.101134e+01,2.108083e+01,2.112250e+01,2.105304e+01,2.101829e+01,2.092093e+01,2.106693e+01,2.092093e+01,2.090702e+01,2.110861e+01,2.108083e+01,2.109472e+01,2.094876e+01,2.107388e+01,2.088614e+01,2.100439e+01,2.108777e+01,2.107388e+01,2.097658e+01,2.103914e+01,2.104609e+01,2.092093e+01,2.089310e+01,2.095572e+01,2.103914e+01,2.095572e+01,2.099744e+01,2.094180e+01,2.098353e+01,2.096267e+01,2.099048e+01,2.105999e+01,2.105304e+01,2.105999e+01,2.112944e+01,2.103219e+01,2.094876e+01,2.106693e+01,2.105304e+01,2.110861e+01,2.103914e+01,2.104609e+01,2.103914e+01,2.104609e+01,2.101829e+01,2.101829e+01,2.098353e+01,2.106693e+01,2.100439e+01,2.093485e+01,2.092093e+01,2.097658e+01,2.094876e+01,2.097658e+01,2.091398e+01,2.107388e+01,2.094876e+01,2.099048e+01,2.103219e+01,2.104609e+01,2.103914e+01,2.089310e+01,2.089310e+01,2.101134e+01,2.092789e+01,2.098353e+01,2.105999e+01,2.108083e+01,2.120579e+01,2.121966e+01,2.100439e+01,2.096962e+01,2.078866e+01,2.085134e+01,2.055152e+01,2.073291e+01,2.058643e+01,2.053755e+01,2.060736e+01,2.049564e+01,2.056548e+01,2.049564e+01,2.057944e+01,2.045371e+01,2.053057e+01,2.053755e+01,2.050961e+01,2.052358e+01,2.051660e+01,2.064225e+01,2.044672e+01,2.046769e+01,2.049564e+01,2.057246e+01,2.045371e+01,2.048166e+01,2.038379e+01,2.043973e+01,2.046070e+01,2.046769e+01,2.036980e+01,2.054453e+01,2.045371e+01,2.053057e+01,2.062132e+01,2.058643e+01,2.046070e+01,2.060039e+01,2.046070e+01,2.050961e+01,2.058643e+01,2.057246e+01,2.047468e+01,2.061434e+01,2.046070e+01,2.050262e+01,2.055152e+01,2.051660e+01,2.051660e+01,2.048865e+01,2.041176e+01,2.042575e+01,2.046070e+01,2.043274e+01,2.051660e+01,2.046769e+01,2.043274e+01,2.044672e+01,2.050262e+01,2.048166e+01,2.050961e+01,2.064225e+01,2.057246e+01,2.041875e+01,2.048865e+01,2.060039e+01,2.048166e+01,2.050961e+01,2.048166e+01,2.047468e+01,2.059340e+01,2.049564e+01,2.047468e+01,2.046769e+01,2.050262e+01,2.051660e+01,2.052358e+01,2.042575e+01,2.050262e+01,2.053057e+01,2.048865e+01,2.048166e+01,2.036980e+01,2.056548e+01,2.048166e+01,2.038379e+01,2.054453e+01,2.038379e+01,2.042575e+01,2.044672e+01,2.043973e+01,2.046769e+01,2.052358e+01,2.057246e+01,2.060736e+01,2.042575e+01,2.040477e+01,2.041875e+01,2.051660e+01,2.050961e+01,2.028582e+01,2.053755e+01,2.034881e+01,2.057246e+01,2.050961e+01,2.057246e+01,2.053057e+01,2.060039e+01,2.057246e+01,2.041875e+01,2.048865e+01,2.048865e+01,2.048166e+01,2.045371e+01,2.065621e+01,2.047468e+01,2.048166e+01,2.046070e+01,2.046769e+01,2.057944e+01
2.073291e+01,2.071897e+01,2.058643e+01,2.069108e+01,2.070502e+01,2.068410e+01,2.046769e+01,2.043973e+01,2.041875e+01,2.071200e+01,2.060736e+01,2.062132e+01,2.048865e+01,2.046769e+01,2.066318e+01,2.062132e+01,2.064225e+01,2.052358e+01,2.059340e+01,2.060039e+01,2.049564e+01,2.057246e+01,2.052358e+01,2.055152e+01,2.057246e+01,2.062132e+01,2.069805e+01,2.057246e+01,2.060736e+01,2.057246e+01,2.043274e+01,2.060736e+01,2.054453e+01,2.064225e+01,2.062132e+01,2.068410e+01,2.058643e+01,2.068410e+01,2.043973e+01,2.057944e+01,2.052358e+01,2.046070e+01,2.058643e+01,2.061434e+01,2.059340e+01,2.050262e+01,2.052358e+01,2.055850e+01,2.058643e+01,2.091398e+01,2.080955e+01,2.084437e+01,2.076775e+01,2.089310e+01,2.094876e+01,2.090006e+01,2.087222e+01,2.088614e+01,2.092789e+01,2.099744e+01,2.100439e+01,2.088614e+01,2.106693e+01,2.085830e+01,2.095572e+01,2.078169e+01,2.080955e+01,2.079562e+01,2.077472e+01,2.053755e+01,2.053057e+01,2.062132e+01,2.072594e+01,2.064225e+01,2.059340e+01,2.071200e+01,2.083045e+01,2.077472e+01,2.093485e+01,2.075382e+01,2.076775e+01,2.066318e+01,2.063528e+01,2.062830e+01,2.064225e+01,2.056548e+01,2.059340e+01,2.060039e+01,2.057246e+01,2.062830e+01,2.060736e+01,2.062830e+01,2.058643e+01,2.060736e+01,2.065621e+01,2.065621e+01,2.086526e+01,2.094180e+01,2.095572e+01,2.095572e+01,2.101829e+01,2.101829e+01,2.101829e+01,2.093485e+01,2.090006e+01,2.090702e+01,2.090702e+01,2.094876e+01,2.087918e+01,2.087918e+01,2.094876e+01,2.104609e+01,2.089310e+01,2.106693e+01,2.098353e+01,2.105304e+01,2.091398e+01,2.103914e+01,2.094876e+01,2.097658e+01,2.098353e+01,2.102524e+01,2.105999e+01,2.106693e+01,2.090702e+01,2.096267e+01,2.092093e+01,2.095572e+01,2.105999e+01,2.103219e+01,2.085830e+01,2.084437e+01,2.097658e+01,2.093485e+01,2.089310e+01,2.083045e+01,2.091398e+01,2.085134e+01,2.081652e+01,2.052358e+01,2.050961e+01,2.052358e+01,2.051660e+01,2.059340e+01,2.075382e+01,2.048865e+01,2.046769e+01,2.050961e+01,2.052358e+01,2.044672e+01,2.055152e+01,2.041176e+01,2.054453e+01,2.055850e+01,2.045371e+01,2.048166e+01,2.053755e+01,2.054453e+01,2.043274e+01,2.048166e+01,2.064225e+01,2.033481e+01,2.047468e+01,2.045371e+01,2.044672e+01,2.046070e+01,2.050961e+01,2.049564e+01,2.073291e+01,2.050262e+01,2.055152e+01,2.032082e+01,2.051660e+01,2.055152e+01,2.038379e+01,2.054453e+01,2.058643e+01,2.048865e+01,2.043973e+01,2.049564e+01,2.053755e+01,2.039778e+01,2.062132e+01,2.043973e+01,2.052358e+01,2.048865e+01,2.040477e+01,2.040477e+01,2.048865e+01,2.044672e+01,2.043973e+01,2.039078e+01,2.043274e+01,2.041176e+01,2.043274e+01,2.044672e+01,2.057944e+01,2.060039e+01,2.046769e+01,2.060039e+01,2.046769e+01,2.060736e+01,2.034181e+01,2.046070e+01,2.046769e+01,2.055152e+01,2.043274e+01,2.053057e+01,2.041875e+01,2.048166e+01,2.039778e+01,2.049564e+01,2.041875e+01,2.041176e+01,2.058643e+01,2.055850e+01,2.044672e+01,2.049564e+01,2.046070e+01,2.052358e+01,2.052358e+01,2.057246e+01,2.048865e+01,2.052358e+01,2.043274e+01,2.048865e+01,2.037679e+01,2.043274e+01,2.053057e+01,2.036280e+01,2.032782e+01,2.060736e+01,2.033481e+01,2.046769e+01,2.044672e+01,2.054453e+01,2.043973e+01,2.037679e+01,2.041176e+01,2.037679e+01,2.051660e+01,2.048166e+01,2.047468e+01,2.039078e+01,2.046070e+01,2.036280e+01,2.041875e+01,2.037679e+01,2.050961e+01,2.048865e+01,2.036980e+01,2.040477e+01,2.046769e+01,2.047468e+01,2.046769e+01,2.041176e+01,2.048865e+01,2.072594e+01,2.084437e+01,2.076775e+01,2.094876e+01,2.073291e+01,2.074685e+01,2.072594e+01,2.056548e+01,2.035581e+01,2.049564e+01,2.051660e+01,2.046769e+01,2.043973e+01,2.053755e+01,2.042575e+01,2.041176e+01,2.043274e+01,2.048166e+01,2.043973e+01,2.043274e+01,2.044672e+01,2.051660e+01,2.049564e+01,2.034881e+01,2.042575e+01,2.060039e+01,2.046070e+01,2.055152e+01,2.066318e+01,2.062132e+01,2.051660e+01,2.053057e+01,2.059340e+01,2.063528e+01,2.078169e+01,2.058643e+01,2.071200e+01,2.080259e+01,2.069108e+01,2.069805e+01,2.047468e+01,2.047468e+01,2.047468e+01,2.049564e+01,2.056548e+01,2.046769e+01,2.053057e+01,2.056548e+01,2.052358e+01,2.067016e+01,2.055850e+01,2.065621e+01,2.066318e+01,2.060736e+01,2.065621e+01,2.070502e+01,2.069108e+01,2.072594e+01,2.069108e+01,2.082348e+01,2.080955e+01,2.077472e+01,2.079562e+01,2.068410e+01,2.072594e+01,2.075382e+01,2.076775e+01,2.062830e+01,2.060039e+01,2.068410e+01,2.055850e+01,2.057944e+01,2.053057e+01,2.057944e+01,2.053057e+01,2.064225e+01,2.058643e+01,2.073291e+01,2.069805e+01,2.069108e+01,2.055152e+01,2.049564e+01,2.057944e+01,2.049564e+01,2.046070e+01,2.046769e+01,2.060039e+01,2.038379e+01,2.056548e+01,2.049564e+01,2.039778e+01,2.043973e+01,2.053057e+01,2.052358e+01,2.044672e+01,2.041875e+01,2.056548e+01,2.039778e+01,2.056548e+01,2.057246e+01,2.061434e+01,2.050262e+01,2.065621e+01,2.046769e+01,2.064225e+01,2.050262e+01,2.047468e+01,2.048166e+01,2.063528e+01,2.048865e+01,2.053057e+01,2.052358e+01,2.054453e+01,2.055850e+01,2.052358e+01,2.047468e+01,2.050961e+01,2.050262e+01,2.048166e+01,2.048865e+01,2.048865e+01,2.055850e+01,2.048166e+01,2.047468e+01,2.046070e+01,2.043274e+01,2.053057e+01,2.056548e+01,2.044672e+01,2.054453e+01,2.060736e+01,2.055152e+01,2.048865e+01,2.048865e+01,2.048865e+01,2.048166e+01,2.046070e+01,2.053057e+01,2.049564e+01,2.048166e+01,2.049564e+01,2.052358e+01,2.057944e+01,2.053057e+01,2.056548e+01,2.052358e+01,2.036980e+01,2.068410e+01,2.051660e+01,2.055152e+01,2.058643e+01,2.050961e+01,2.037679e+01,2.049564e+01,2.051660e+01,2.065621e+01,2.080259e+01,2.096962e+01,2.110166e+01,2.100439e+01,2.101829e+01,2.106693e+01,2.101829e+01,2.093485e+01,2.092093e+01,2.091398e+01,2.090006e+01,2.109472e+01,2.109472e+01,2.085134e+01,2.093485e+01,2.101829e+01,2.110861e+01,2.105999e+01,2.110861e+01,2.107388e+01,2.123353e+01,2.120579e+01,2.119191e+01,2.119885e+01,2.117109e+01,2.117109e+01,2.116415e+01,2.108777e+01,2.080955e+01,2.098353e+01,2.107388e+01,2.108777e+01,2.102524e+01,2.097658e+01,2.109472e+01,2.101829e+01,2.110166e+01,2.100439e+01,2.103219e+01,2.110166e+01,2.110166e+01,2.106693e+01,2.108777e+01,2.093485e+01,2.090702e+01,2.102524e+01,2.106693e+01,2.095572e+01,2.111555e+01,2.098353e+01,2.097658e+01,2.090702e+01,2.110861e+01,2.112250e+01,2.106693e+01,2.109472e+01,2.110166e+01,2.108083e+01,2.105999e+01,2.099048e+01,2.093485e+01,2.086526e+01,2.090702e+01,2.099744e+01,2.096267e+01,2.100439e+01,2.100439e+01,2.102524e+01,2.105999e+01,2.102524e+01,2.106693e+01,2.108777e+01,2.105304e+01,2.115027e+01,2.103914e+01,2.106693e+01,2.103219e+01,2.103219e+01,2.104609e+01,2.095572e+01,2.103914e+01,2.103219e+01,2.111555e+01,2.104609e+01,2.087222e+01,2.101134e+01,2.099744e+01,2.097658e+01,2.092093e+01,2.092093e+01,2.096962e+01,2.096962e+01,2.099744e+01,2.088614e+01,2.098353e+01,2.094876e+01,2.102524e+01,2.103219e+01,2.095572e+01,2.092789e+01,2.104609e+01,2.101829e+01,2.101134e+01,2.109472e+01,2.092093e+01,2.110861e+01,2.101134e+01,2.096267e+01,2.092093e+01,2.093485e+01,2.091398e+01,2.059340e+01,2.087918e+01,2.071897e+01,2.056548e+01,2.053057e+01,2.052358e+01,2.048166e+01,2.051660e+01,2.053057e+01,2.046070e+01,2.046070e+01,2.056548e+01,2.047468e+01,2.046070e+01,2.049564e+01,2.051660e+01,2.042575e+01,2.062132e+01,2.053057e+01,2.050262e+01,2.055152e+01,2.053057e+01,2.042575e+01,2.039078e+01,2.047468e+01,2.040477e+01,2.048865e+01,2.050262e+01,2.057944e+01,2.053755e+01,2.052358e+01,2.050262e+01,2.053057e+01,2.050961e+01,2.055850e+01,2.062132e+01,2.037679e+01,2.041176e+01,2.054453e+01,2.047468e+01,2.050262e+01,2.052358e+01,2.050262e+01,2.041176e+01,2.059340e+01,2.023680e+01,2.049564e+01,2.051660e+01,2.055850e+01,2.052358e+01,2.044672e+01,2.052358e+01,2.055152e+01,2.046769e+01,2.060039e+01,2.051660e+01,2.038379e+01,2.059340e+01,2.034881e+01,2.053057e+01,2.053057e+01,2.045371e+01,2.050961e+01,2.053755e+01,2.059340e+01,2.044672e+01,2.046769e+01,2.046769e+01,2.057944e+01,2.046769e+01,2.048865e+01,2.043274e+01,2.052358e+01,2.053755e+01,2.050262e+01,2.037679e+01,2.038379e+01,2.053755e+01,2.058643e+01,2.050961e+01,2.035581e+01,2.037679e+01,2.042575e+01,2.053755e+01,2.046769e+01,2.038379e+01,2.055152e+01,2.056548e+01,2.050961e+01,2.050961e+01,2.048166e+01,2.051660e+01,2.043973e+01,2.053057e+01,2.043274e+01,2.043973e+01,2.051660e+01,2.062830e+01,2.055850e+01,2.058643e+01,2.053755e+01,2.056548e+01,2.048865e+01,2.053057e+01,2.053057e+01,2.066318e+01,2.060039e+01,2.052358e+01,2.066318e+01,2.043274e+01,2.055152e+01,2.054453e+01,2.052358e+01,2.043973e+01,2.055152e+01,2.056548e+01
2.060736e+01,2.061434e+01,2.070502e+01,2.058643e+01,2.072594e+01,2.049564e+01,2.073988e+01,2.069805e+01,2.075382e+01,2.053057e+01,2.045371e+01,2.051660e+01,2.059340e+01,2.048865e+01,2.046070e+01,2.047468e+01,2.061434e+01,2.055152e+01,2.060039e+01,2.049564e+01,2.050961e+01,2.050961e+01,2.053755e+01,2.050262e+01,2.049564e+01,2.060736e+01,2.059340e+01,2.078866e+01,2.060736e+01,2.076079e+01,2.065621e+01,2.058643e+01,2.055152e+01,2.057246e+01,2.064225e+01,2.063528e+01,2.062830e+01,2.058643e+01,2.054453e+01,2.054453e+01,2.051660e+01,2.060039e+01,2.057246e+01,2.057246e+01,2.055152e+01,2.054453e+01,2.053057e+01,2.055152e+01,2.055152e+01,2.050961e+01,2.086526e+01,2.090006e+01,2.105999e+01,2.108777e+01,2.093485e+01,2.091398e+01,2.095572e+01,2.087222e+01,2.093485e+01,2.103219e+01,2.092789e+01,2.094180e+01,2.096962e+01,2.094876e+01,2.085134e+01,2.071897e+01,2.085134e+01,2.082348e+01,2.067016e+01,2.049564e+01,2.059340e+01,2.062132e+01,2.061434e+01,2.061434e+01,2.059340e+01,2.066318e+01,2.075382e+01,2.084437e+01,2.077472e+01,2.080259e+01,2.056548e+01,2.075382e+01,2.053057e+01,2.073988e+01,2.061434e+01,2.053755e+01,2.060736e+01,2.067713e+01,2.066318e+01,2.064225e+01,2.057944e+01,2.060736e+01,2.061434e+01,2.060039e+01,2.058643e+01,2.066318e+01,2.094180e+01,2.101134e+01,2.099048e+01,2.098353e+01,2.101829e+01,2.100439e+01,2.089310e+01,2.088614e+01,2.088614e+01,2.090006e+01,2.091398e+01,2.087222e+01,2.083741e+01,2.087918e+01,2.128901e+01,2.091398e+01,2.092789e+01,2.094180e+01,2.092093e+01,2.102524e+01,2.095572e+01,2.099744e+01,2.101829e+01,2.089310e+01,2.093485e+01,2.094180e+01,2.107388e+01,2.096962e+01,2.094876e+01,2.097658e+01,2.098353e+01,2.092093e+01,2.105999e+01,2.097658e+01,2.090006e+01,2.085830e+01,2.087222e+01,2.091398e+01,2.091398e+01,2.071897e+01,2.057246e+01,2.062830e+01,2.053057e+01,2.045371e+01,2.051660e+01,2.044672e+01,2.043973e+01,2.045371e+01,2.057246e+01,2.049564e+01,2.048865e+01,2.050262e+01,2.046070e+01,2.053057e+01,2.045371e+01,2.053755e+01,2.053057e+01,2.047468e+01,2.053057e+01,2.050961e+01,2.055850e+01,2.060039e+01,2.036280e+01,2.060736e+01,2.048865e+01,2.044672e+01,2.056548e+01,2.050262e+01,2.037679e+01,2.043973e+01,2.040477e+01,2.048166e+01,2.058643e+01,2.045371e+01,2.047468e+01,2.048166e+01,2.038379e+01,2.037679e+01,2.030682e+01,2.049564e+01,2.058643e+01,2.053755e+01,2.050961e+01,2.055152e+01,2.049564e+01,2.065621e+01,2.046769e+01,2.048865e+01,2.048166e+01,2.052358e+01,2.050262e+01,2.054453e+01,2.023680e+01,2.052358e+01,2.041875e+01,2.046769e+01,2.041176e+01,2.040477e+01,2.043973e+01,2.041176e+01,2.043973e+01,2.053057e+01,2.046070e+01,2.036980e+01,2.036280e+01,2.043973e+01,2.032082e+01,2.043274e+01,2.044672e+01,2.053755e+01,2.043274e+01,2.049564e+01,2.048166e+01,2.053057e+01,2.052358e+01,2.060039e+01,2.052358e+01,2.039778e+01,2.051660e+01,2.046070e+01,2.046769e+01,2.046070e+01,2.050961e+01,2.050262e+01,2.046070e+01,2.058643e+01,2.050262e+01,2.051660e+01,2.049564e+01,2.034881e+01,2.039078e+01,2.036280e+01,2.048166e+01,2.037679e+01,2.042575e+01,2.051660e+01,2.048166e+01,2.043274e+01,2.036980e+01,2.041176e+01,2.054453e+01,2.050961e+01,2.046769e+01,2.049564e+01,2.046769e+01,2.044672e+01,2.048166e+01,2.044672e+01,2.050961e+01,2.048166e+01,2.049564e+01,2.052358e+01,2.050961e+01,2.040477e+01,2.055850e+01,2.030682e+01,2.049564e+01,2.047468e+01,2.046070e+01,2.055152e+01,2.046070e+01,2.061434e+01,2.079562e+01,2.079562e+01,2.078169e+01,2.090006e+01,2.093485e+01,2.062132e+01,2.054453e+01,2.050961e+01,2.052358e+01,2.050961e+01,2.046070e+01,2.046769e+01,2.048166e+01,2.048166e+01,2.053057e+01,2.042575e+01,2.048865e+01,2.044672e+01,2.041176e+01,2.058643e+01,2.047468e+01,2.052358e+01,2.046070e+01,2.043274e+01,2.040477e+01,2.057246e+01,2.062830e+01,2.064923e+01,2.057246e+01,2.054453e+01,2.053755e+01,2.065621e+01,2.065621e+01,2.057944e+01,2.056548e+01,2.063528e+01,2.061434e+01,2.060736e+01,2.059340e+01,2.053755e+01,2.047468e+01,2.047468e+01,2.045371e+01,2.046769e+01,2.057246e+01,2.059340e+01,2.062830e+01,2.064225e+01,2.062132e+01,2.060736e+01,2.061434e+01,2.063528e+01,2.062830e+01,2.074685e+01,2.069108e+01,2.067713e+01,2.069805e+01,2.066318e+01,2.072594e+01,2.073291e+01,2.081652e+01,2.062132e+01,2.073291e+01,2.064923e+01,2.067016e+01,2.069108e+01,2.067016e+01,2.058643e+01,2.053755e+01,2.041875e+01,2.043973e+01,2.057246e+01,2.050961e+01,2.057246e+01,2.066318e+01,2.056548e+01,2.069108e+01,2.060039e+01,2.062830e+01,2.060039e+01,2.065621e+01,2.060736e+01,2.060736e+01,2.051660e+01,2.058643e+01,2.049564e+01,2.059340e+01,2.045371e+01,2.045371e+01,2.045371e+01,2.049564e+01,2.043274e+01,2.046070e+01,2.044672e+01,2.041176e+01,2.045371e+01,2.041176e+01,2.048865e+01,2.053755e+01,2.050262e+01,2.053057e+01,2.059340e+01,2.046769e+01,2.058643e+01,2.048166e+01,2.058643e+01,2.046769e+01,2.045371e+01,2.049564e+01,2.050961e+01,2.046070e+01,2.057246e+01,2.056548e+01,2.053755e+01,2.052358e+01,2.057944e+01,2.055152e+01,2.046070e+01,2.050262e+01,2.053755e+01,2.053057e+01,2.055152e+01,2.050262e+01,2.048166e+01,2.057246e+01,2.066318e+01,2.058643e+01,2.055152e+01,2.058643e+01,2.060736e+01,2.050262e+01,2.055850e+01,2.050961e+01,2.048166e+01,2.052358e+01,2.058643e+01,2.050262e+01,2.046070e+01,2.053057e+01,2.047468e+01,2.051660e+01,2.046769e+01,2.059340e+01,2.035581e+01,2.046070e+01,2.052358e+01,2.057246e+01,2.048865e+01,2.051660e+01,2.049564e+01,2.036280e+01,2.064225e+01,2.055850e+01,2.063528e+01,2.057944e+01,2.067016e+01,2.076079e+01,2.100439e+01,2.087222e+01,2.096267e+01,2.098353e+01,2.088614e+01,2.090702e+01,2.096962e+01,2.090006e+01,2.089310e+01,2.081652e+01,2.092093e+01,2.094180e+01,2.113638e+01,2.104609e+01,2.094876e+01,2.108777e+01,2.107388e+01,2.112250e+01,2.115027e+01,2.117803e+01,2.113638e+01,2.105999e+01,2.110166e+01,2.121272e+01,2.115721e+01,2.107388e+01,2.111555e+01,2.099048e+01,2.111555e+01,2.104609e+01,2.113638e+01,2.094876e+01,2.106693e+01,2.104609e+01,2.103219e+01,2.101134e+01,2.100439e+01,2.100439e+01,2.095572e+01,2.110166e+01,2.115721e+01,2.110861e+01,2.098353e+01,2.092789e+01,2.102524e+01,2.098353e+01,2.105999e+01,2.103914e+01,2.102524e+01,2.098353e+01,2.106693e+01,2.108083e+01,2.092789e+01,2.090702e+01,2.099048e+01,2.094180e+01,2.099744e+01,2.095572e+01,2.099744e+01,2.099744e+01,2.087918e+01,2.101829e+01,2.101134e+01,2.101134e+01,2.096267e+01,2.088614e+01,2.110861e+01,2.105999e+01,2.110166e+01,2.115721e+01,2.107388e+01,2.103219e+01,2.100439e+01,2.106693e+01,2.105304e+01,2.096962e+01,2.102524e+01,2.103914e+01,2.105999e+01,2.106693e+01,2.092093e+01,2.109472e+01,2.100439e+01,2.101134e+01,2.090702e+01,2.095572e+01,2.096267e+01,2.092789e+01,2.097658e+01,2.096962e+01,2.096962e+01,2.087222e+01,2.101829e+01,2.099744e+01,2.099744e+01,2.093485e+01,2.095572e+01,2.088614e+01,2.096267e+01,2.098353e+01,2.103219e+01,2.108777e+01,2.086526e+01,2.103219e+01,2.108777e+01,2.101134e+01,2.092093e+01,2.073988e+01,2.065621e+01,2.088614e+01,2.087918e+01,2.084437e+01,2.077472e+01,2.064225e+01,2.055152e+01,2.058643e+01,2.053057e+01,2.055850e+01,2.053755e+01,2.045371e+01,2.057246e+01,2.057246e+01,2.050961e+01,2.046070e+01,2.055152e+01,2.045371e+01,2.048865e+01,2.062830e+01,2.048166e+01,2.055152e+01,2.050262e+01,2.053057e+01,2.055850e+01,2.052358e+01,2.042575e+01,2.041875e+01,2.042575e+01,2.039078e+01,2.050961e+01,2.050961e+01,2.043274e+01,2.050961e+01,2.054453e+01,2.059340e+01,2.050961e+01,2.057944e+01,2.056548e+01,2.035581e+01,2.053057e+01,2.053755e+01,2.057944e+01,2.049564e+01,2.037679e+01,2.048166e+01,2.056548e+01,2.050262e+01,2.045371e+01,2.045371e+01,2.050961e+01,2.036980e+01,2.053057e+01,2.053755e+01,2.051660e+01,2.053057e+01,2.065621e+01,2.053755e+01,2.060039e+01,2.055850e+01,2.049564e+01,2.052358e+01,2.069805e+01,2.048865e+01,2.041875e+01,2.055152e+01,2.054453e+01,2.051660e+01,2.044672e+01,2.052358e+01,2.043973e+01,2.055850e+01,2.046070e+01,2.040477e+01,2.050961e+01,2.045371e+01,2.033481e+01,2.043973e+01,2.050262e+01,2.057246e+01,2.048166e+01,2.041875e+01,2.050262e+01,2.041875e+01,2.044672e+01,2.054453e+01,2.053755e+01,2.054453e+01,2.053755e+01,2.033481e+01,2.046070e+01,2.049564e+01,2.041875e+01,2.048865e+01,2.048865e+01,2.053057e+01,2.041176e+01,2.055152e+01,2.049564e+01,2.054453e+01,2.056548e+01,2.053057e+01,2.055850e+01,2.056548e+01,2.053057e+01,2.057246e+01,2.060736e+01,2.050262e+01,2.032082e+01,2.051660e+01,2.049564e+01,2.046769e+01,2.057246e+01,2.083741e+01,2.055152e+01,2.060736e+01,2.060039e+01
2.064225e+01,2.069108e+01,2.054453e+01,2.043973e+01,2.044672e+01,2.042575e+01,2.069805e+01,2.060736e+01,2.041875e+01,2.045371e+01,2.064923e+01,2.052358e+01,2.045371e+01,2.055850e+01,2.052358e+01,2.065621e+01,2.040477e+01,2.036980e+01,2.061434e+01,2.048166e+01,2.048865e+01,2.049564e+01,2.050961e+01,2.058643e+01,2.060736e+01,2.059340e+01,2.046769e+01,2.044672e+01,2.046769e+01,2.043274e+01,2.069805e+01,2.048166e+01,2.055152e+01,2.058643e+01,2.064225e+01,2.063528e+01,2.062132e+01,2.062830e+01,2.048166e+01,2.071200e+01,2.065621e+01,2.056548e+01,2.057944e+01,2.047468e+01,2.055850e+01,2.056548e+01,2.056548e+01,2.048865e+01,2.036980e+01,2.057246e+01,2.090702e+01,2.079562e+01,2.083045e+01,2.092789e+01,2.083741e+01,2.097658e+01,2.099048e+01,2.087222e+01,2.103914e+01,2.087222e+01,2.090702e+01,2.076775e+01,2.091398e+01,2.101829e+01,2.088614e+01,2.073988e+01,2.066318e+01,2.056548e+01,2.054453e+01,2.050262e+01,2.057246e+01,2.047468e+01,2.055152e+01,2.057944e+01,2.062830e+01,2.057944e+01,2.063528e+01,2.055850e+01,2.064923e+01,2.068410e+01,2.058643e+01,2.054453e+01,2.058643e+01,2.050961e+01,2.060736e+01,2.059340e+01,2.058643e+01,2.060039e+01,2.041176e+01,2.064923e+01,2.059340e+01,2.057246e+01,2.064923e+01,2.058643e+01,2.063528e+01,2.067713e+01,2.088614e+01,2.097658e+01,2.093485e+01,2.099048e+01,2.082348e+01,2.086526e+01,2.101134e+01,2.100439e+01,2.092093e+01,2.089310e+01,2.083741e+01,2.090702e+01,2.090702e+01,2.085134e+01,2.092789e+01,2.089310e+01,2.086526e+01,2.093485e+01,2.078169e+01,2.092789e+01,2.090702e+01,2.087222e+01,2.100439e+01,2.092093e+01,2.084437e+01,2.096267e+01,2.109472e+01,2.105304e+01,2.097658e+01,2.091398e+01,2.095572e+01,2.092789e+01,2.091398e+01,2.095572e+01,2.080259e+01,2.071200e+01,2.073988e+01,2.060039e+01,2.062132e+01,2.061434e+01,2.053755e+01,2.062132e+01,2.053057e+01,2.052358e+01,2.052358e+01,2.044672e+01,2.046070e+01,2.049564e+01,2.042575e+01,2.048166e+01,2.051660e+01,2.049564e+01,2.050961e+01,2.049564e+01,2.055850e+01,2.045371e+01,2.043274e+01,2.039078e+01,2.050262e+01,2.053755e+01,2.058643e+01,2.039778e+01,2.042575e+01,2.054453e+01,2.036280e+01,2.048865e+01,2.046070e+01,2.048865e+01,2.047468e+01,2.051660e+01,2.051660e+01,2.053755e+01,2.059340e+01,2.056548e+01,2.045371e+01,2.034181e+01,2.025781e+01,2.038379e+01,2.061434e+01,2.047468e+01,2.055152e+01,2.036980e+01,2.062132e+01,2.046070e+01,2.048865e+01,2.046769e+01,2.054453e+01,2.052358e+01,2.054453e+01,2.056548e+01,2.043973e+01,2.046070e+01,2.045371e+01,2.046070e+01,2.043274e+01,2.039778e+01,2.048865e+01,2.045371e+01,2.041176e+01,2.038379e+01,2.041875e+01,2.036280e+01,2.046070e+01,2.043973e+01,2.043973e+01,2.039778e+01,2.036980e+01,2.045371e+01,2.051660e+01,2.043973e+01,2.044672e+01,2.036980e+01,2.037679e+01,2.046769e+01,2.046769e+01,2.050262e+01,2.045371e+01,2.053057e+01,2.046769e+01,2.043274e+01,2.046070e+01,2.052358e+01,2.055152e+01,2.047468e+01,2.056548e+01,2.041176e+01,2.052358e+01,2.056548e+01,2.055152e+01,2.032082e+01,2.036980e+01,2.042575e+01,2.051660e+01,2.048865e+01,2.036980e+01,2.042575e+01,2.047468e+01,2.040477e+01,2.045371e+01,2.043973e+01,2.048865e+01,2.043274e+01,2.039778e+01,2.041875e+01,2.048865e+01,2.048166e+01,2.039778e+01,2.041176e+01,2.050262e+01,2.046769e+01,2.050961e+01,2.050262e+01,2.033481e+01,2.035581e+01,2.053057e+01,2.045371e+01,2.036980e+01,2.057246e+01,2.049564e+01,2.042575e+01,2.057246e+01,2.045371e+01,2.078866e+01,2.089310e+01,2.077472e+01,2.087918e+01,2.079562e+01,2.050262e+01,2.054453e+01,2.048865e+01,2.037679e+01,2.033481e+01,2.046769e+01,2.049564e+01,2.042575e+01,2.046070e+01,2.041176e+01,2.044672e+01,2.048166e+01,2.050961e+01,2.032782e+01,2.060039e+01,2.037679e+01,2.039078e+01,2.038379e+01,2.046070e+01,2.043274e+01,2.031382e+01,2.042575e+01,2.055850e+01,2.067016e+01,2.054453e+01,2.057944e+01,2.044672e+01,2.044672e+01,2.055850e+01,2.067713e+01,2.061434e+01,2.062830e+01,2.062132e+01,2.062830e+01,2.050262e+01,2.057246e+01,2.045371e+01,2.047468e+01,2.043973e+01,2.045371e+01,2.045371e+01,2.048166e+01,2.051660e+01,2.042575e+01,2.057944e+01,2.060039e+01,2.062132e+01,2.056548e+01,2.067713e+01,2.074685e+01,2.069805e+01,2.070502e+01,2.069805e+01,2.069805e+01,2.071200e+01,2.067713e+01,2.068410e+01,2.064923e+01,2.068410e+01,2.056548e+01,2.056548e+01,2.057944e+01,2.053755e+01,2.055850e+01,2.050961e+01,2.054453e+01,2.062132e+01,2.055850e+01,2.059340e+01,2.060039e+01,2.046070e+01,2.064225e+01,2.064225e+01,2.054453e+01,2.057944e+01,2.053755e+01,2.051660e+01,2.047468e+01,2.043973e+01,2.048166e+01,2.042575e+01,2.057944e+01,2.050262e+01,2.042575e+01,2.043274e+01,2.050961e+01,2.045371e+01,2.048865e+01,2.046769e+01,2.039778e+01,2.049564e+01,2.052358e+01,2.050961e+01,2.051660e+01,2.046070e+01,2.046070e+01,2.043973e+01,2.057944e+01,2.046769e+01,2.059340e+01,2.043274e+01,2.046769e+01,2.046769e+01,2.048865e+01,2.055152e+01,2.064923e+01,2.048166e+01,2.047468e+01,2.046769e+01,2.051660e+01,2.057944e+01,2.045371e+01,2.046769e+01,2.053057e+01,2.046070e+01,2.044672e+01,2.053057e+01,2.046769e+01,2.045371e+01,2.036980e+01,2.051660e+01,2.055850e+01,2.043973e+01,2.059340e+01,2.050262e+01,2.041176e+01,2.047468e+01,2.050262e+01,2.048166e+01,2.050262e+01,2.048166e+01,2.053755e+01,2.060039e+01,2.048865e+01,2.046769e+01,2.052358e+01,2.059340e+01,2.046769e+01,2.050961e+01,2.036280e+01,2.057944e+01,2.055850e+01,2.048865e+01,2.050961e+01,2.050961e+01,2.048166e+01,2.043973e+01,2.055152e+01,2.051660e+01,2.044672e+01,2.069108e+01,2.095572e+01,2.098353e+01,2.085830e+01,2.087918e+01,2.088614e+01,2.099048e+01,2.096267e+01,2.106693e+01,2.099744e+01,2.090702e+01,2.091398e+01,2.090006e+01,2.097658e+01,2.094876e+01,2.101829e+01,2.088614e+01,2.103914e+01,2.087222e+01,2.094180e+01,2.094180e+01,2.094876e+01,2.094876e+01,2.115721e+01,2.099048e+01,2.101829e+01,2.097658e+01,2.103219e+01,2.111555e+01,2.108083e+01,2.097658e+01,2.100439e+01,2.096267e+01,2.096267e+01,2.099744e+01,2.103219e+01,2.099744e+01,2.100439e+01,2.088614e+01,2.093485e+01,2.098353e+01,2.095572e+01,2.101829e+01,2.103219e+01,2.093485e+01,2.100439e+01,2.091398e+01,2.100439e+01,2.101134e+01,2.102524e+01,2.102524e+01,2.103914e+01,2.092789e+01,2.093485e+01,2.101829e+01,2.090006e+01,2.105999e+01,2.099048e+01,2.094180e+01,2.096267e+01,2.099048e+01,2.126127e+01,2.105999e+01,2.101134e+01,2.102524e+01,2.094180e+01,2.090702e+01,2.108777e+01,2.109472e+01,2.109472e+01,2.120579e+01,2.107388e+01,2.106693e+01,2.104609e+01,2.105999e+01,2.092093e+01,2.109472e+01,2.094180e+01,2.095572e+01,2.093485e+01,2.101829e+01,2.105999e+01,2.105304e+01,2.081652e+01,2.099744e+01,2.099744e+01,2.099048e+01,2.098353e+01,2.093485e+01,2.094180e+01,2.090702e+01,2.096962e+01,2.096962e+01,2.094180e+01,2.103219e+01,2.102524e+01,2.096962e+01,2.095572e+01,2.095572e+01,2.101134e+01,2.099744e+01,2.088614e+01,2.099048e+01,2.094180e+01,2.100439e+01,2.108083e+01,2.113638e+01,2.099048e+01,2.075382e+01,2.073988e+01,2.058643e+01,2.073988e+01,2.076079e+01,2.079562e+01,2.083045e+01,2.071897e+01,2.062830e+01,2.053057e+01,2.055152e+01,2.055152e+01,2.056548e+01,2.053057e+01,2.058643e+01,2.055850e+01,2.047468e+01,2.040477e+01,2.048865e+01,2.055850e+01,2.056548e+01,2.047468e+01,2.048166e+01,2.050262e+01,2.024380e+01,2.051660e+01,2.051660e+01,2.042575e+01,2.060039e+01,2.025781e+01,2.049564e+01,2.051660e+01,2.047468e+01,2.043274e+01,2.049564e+01,2.047468e+01,2.046070e+01,2.050262e+01,2.039078e+01,2.040477e+01,2.048865e+01,2.056548e+01,2.054453e+01,2.047468e+01,2.055152e+01,2.050961e+01,2.046769e+01,2.051660e+01,2.057246e+01,2.053057e+01,2.047468e+01,2.050961e+01,2.050961e+01,2.051660e+01,2.050961e+01,2.035581e+01,2.047468e+01,2.047468e+01,2.043973e+01,2.057944e+01,2.064225e+01,2.046769e+01,2.051660e+01,2.048865e+01,2.052358e+01,2.043274e+01,2.052358e+01,2.055850e+01,2.057246e+01,2.048166e+01,2.043274e+01,2.055152e+01,2.045371e+01,2.042575e+01,2.038379e+01,2.046070e+01,2.025781e+01,2.048166e+01,2.048865e+01,2.045371e+01,2.045371e+01,2.039778e+01,2.052358e+01,2.038379e+01,2.040477e+01,2.046769e+01,2.039778e+01,2.039778e+01,2.038379e+01,2.045371e+01,2.036280e+01,2.060736e+01,2.046070e+01,2.048865e+01,2.045371e+01,2.040477e+01,2.047468e+01,2.060039e+01,2.055152e+01,2.055152e+01,2.042575e+01,2.039078e+01,2.041875e+01,2.053755e+01,2.039078e+01,2.050961e+01,2.054453e+01,2.056548e+01,2.051660e+01,2.049564e+01,2.050262e+01,2.039078e+01,2.053755e+01,2.054453e+01,2.055850e+01,2.063528e+01,2.056548e+01,2.053057e+01,2.048166e+01
2.067016e+01,2.052358e+01,2.057246e+01,2.066318e+01,2.062132e+01,2.066318e+01,2.057944e+01,2.044672e+01,2.041176e+01,2.059340e+01,2.055152e+01,2.063528e+01,2.044672e+01,2.050961e+01,2.043274e+01,2.040477e+01,2.050262e+01,2.037679e+01,2.050961e+01,2.062132e+01,2.050262e+01,2.048166e+01,2.060039e+01,2.050262e+01,2.059340e+01,2.043973e+01,2.043973e+01,2.049564e+01,2.044672e+01,2.043973e+01,2.055850e+01,2.063528e+01,2.060736e+01,2.050961e+01,2.055152e+01,2.064225e+01,2.064225e+01,2.046070e+01,2.062830e+01,2.050262e+01,2.053057e+01,2.055152e+01,2.054453e+01,2.060039e+01,2.057944e+01,2.061434e+01,2.050961e+01,2.053057e+01,2.051660e+01,2.069108e+01,2.070502e+01,2.083741e+01,2.082348e+01,2.080955e+01,2.084437e+01,2.082348e+01,2.103914e+01,2.090702e+01,2.090006e+01,2.095572e+01,2.090702e+01,2.083045e+01,2.091398e+01,2.082348e+01,2.057246e+01,2.073291e+01,2.047468e+01,2.058643e+01,2.053057e+01,2.059340e+01,2.059340e+01,2.050961e+01,2.055152e+01,2.060736e+01,2.062132e+01,2.062830e+01,2.059340e+01,2.057944e+01,2.050961e+01,2.047468e+01,2.064225e+01,2.054453e+01,2.058643e+01,2.061434e+01,2.060039e+01,2.057944e+01,2.054453e+01,2.060736e+01,2.060736e+01,2.045371e+01,2.059340e+01,2.053755e+01,2.061434e+01,2.059340e+01,2.053057e+01,2.058643e+01,2.064225e+01,2.097658e+01,2.099744e+01,2.095572e+01,2.087222e+01,2.084437e+01,2.083045e+01,2.085830e+01,2.095572e+01,2.099048e+01,2.095572e+01,2.085134e+01,2.087918e+01,2.084437e+01,2.094180e+01,2.090006e+01,2.087918e+01,2.087918e+01,2.088614e+01,2.094180e+01,2.096267e+01,2.099744e+01,2.094876e+01,2.100439e+01,2.106693e+01,2.109472e+01,2.092093e+01,2.085134e+01,2.084437e+01,2.086526e+01,2.103219e+01,2.092093e+01,2.094180e+01,2.094180e+01,2.074685e+01,2.073291e+01,2.062830e+01,2.056548e+01,2.062830e+01,2.056548e+01,2.055850e+01,2.055850e+01,2.046070e+01,2.047468e+01,2.044672e+01,2.046769e+01,2.046769e+01,2.046070e+01,2.050262e+01,2.050961e+01,2.046070e+01,2.052358e+01,2.048166e+01,2.043274e+01,2.044672e+01,2.057944e+01,2.055850e+01,2.046769e+01,2.055850e+01,2.041875e+01,2.039778e+01,2.059340e+01,2.039078e+01,2.041875e+01,2.055850e+01,2.041875e+01,2.047468e+01,2.038379e+01,2.039078e+01,2.054453e+01,2.055850e+01,2.058643e+01,2.055850e+01,2.037679e+01,2.042575e+01,2.060039e+01,2.056548e+01,2.030682e+01,2.042575e+01,2.046070e+01,2.052358e+01,2.051660e+01,2.053057e+01,2.054453e+01,2.057944e+01,2.039078e+01,2.038379e+01,2.026481e+01,2.058643e+01,2.055152e+01,2.046769e+01,2.058643e+01,2.048166e+01,2.041176e+01,2.043973e+01,2.043973e+01,2.041176e+01,2.045371e+01,2.036280e+01,2.049564e+01,2.045371e+01,2.041875e+01,2.041176e+01,2.044672e+01,2.051660e+01,2.043274e+01,2.033481e+01,2.037679e+01,2.046769e+01,2.037679e+01,2.044672e+01,2.041875e+01,2.043973e+01,2.046769e+01,2.050262e+01,2.046070e+01,2.051660e+01,2.044672e+01,2.046070e+01,2.045371e+01,2.055850e+01,2.046070e+01,2.039778e+01,2.052358e+01,2.056548e+01,2.032782e+01,2.033481e+01,2.057944e+01,2.034881e+01,2.051660e+01,2.047468e+01,2.042575e+01,2.041176e+01,2.055152e+01,2.046769e+01,2.030682e+01,2.047468e+01,2.045371e+01,2.044672e+01,2.040477e+01,2.087918e+01,2.043274e+01,2.043274e+01,2.043274e+01,2.041176e+01,2.031382e+01,2.046070e+01,2.047468e+01,2.049564e+01,2.048865e+01,2.042575e+01,2.050961e+01,2.042575e+01,2.050961e+01,2.034181e+01,2.035581e+01,2.036280e+01,2.041176e+01,2.044672e+01,2.049564e+01,2.046769e+01,2.057944e+01,2.082348e+01,2.089310e+01,2.087222e+01,2.090006e+01,2.089310e+01,2.064923e+01,2.047468e+01,2.039078e+01,2.034181e+01,2.041875e+01,2.043973e+01,2.048865e+01,2.049564e+01,2.046070e+01,2.053057e+01,2.040477e+01,2.039778e+01,2.041875e+01,2.046769e+01,2.049564e+01,2.040477e+01,2.043274e+01,2.035581e+01,2.050961e+01,2.041875e+01,2.043973e+01,2.048166e+01,2.062132e+01,2.062830e+01,2.045371e+01,2.057944e+01,2.054453e+01,2.060736e+01,2.044672e+01,2.051660e+01,2.067016e+01,2.061434e+01,2.063528e+01,2.066318e+01,2.057246e+01,2.047468e+01,2.057246e+01,2.050262e+01,2.047468e+01,2.046070e+01,2.047468e+01,2.066318e+01,2.065621e+01,2.080955e+01,2.046070e+01,2.060039e+01,2.066318e+01,2.058643e+01,2.066318e+01,2.064923e+01,2.068410e+01,2.082348e+01,2.062132e+01,2.063528e+01,2.069805e+01,2.062132e+01,2.064923e+01,2.070502e+01,2.060736e+01,2.070502e+01,2.055152e+01,2.053057e+01,2.046070e+01,2.046769e+01,2.055152e+01,2.054453e+01,2.055850e+01,2.055850e+01,2.057944e+01,2.055152e+01,2.046769e+01,2.060736e+01,2.052358e+01,2.055850e+01,2.063528e+01,2.051660e+01,2.034881e+01,2.050961e+01,2.049564e+01,2.057246e+01,2.034881e+01,2.052358e+01,2.053057e+01,2.045371e+01,2.067713e+01,2.050262e+01,2.069805e+01,2.065621e+01,2.052358e+01,2.043973e+01,2.050262e+01,2.049564e+01,2.052358e+01,2.052358e+01,2.050961e+01,2.059340e+01,2.057944e+01,2.046769e+01,2.043274e+01,2.043973e+01,2.046070e+01,2.062132e+01,2.043274e+01,2.046070e+01,2.050961e+01,2.046070e+01,2.048166e+01,2.050961e+01,2.042575e+01,2.047468e+01,2.050262e+01,2.046769e+01,2.041875e+01,2.044672e+01,2.059340e+01,2.048865e+01,2.055152e+01,2.053057e+01,2.046769e+01,2.047468e+01,2.050961e+01,2.053755e+01,2.055152e+01,2.057246e+01,2.042575e+01,2.055850e+01,2.050262e+01,2.055850e+01,2.045371e+01,2.046070e+01,2.059340e+01,2.050961e+01,2.046769e+01,2.045371e+01,2.051660e+01,2.047468e+01,2.055850e+01,2.050961e+01,2.058643e+01,2.048865e+01,2.045371e+01,2.049564e+01,2.048865e+01,2.047468e+01,2.032082e+01,2.040477e+01,2.048166e+01,2.030682e+01,2.050262e+01,2.053057e+01,2.048166e+01,2.071200e+01,2.085134e+01,2.090702e+01,2.105999e+01,2.099048e+01,2.105304e+01,2.102524e+01,2.098353e+01,2.096267e+01,2.087918e+01,2.099048e+01,2.089310e+01,2.096267e+01,2.099048e+01,2.098353e+01,2.094180e+01,2.099048e+01,2.101829e+01,2.105304e+01,2.091398e+01,2.092093e+01,2.092789e+01,2.092093e+01,2.093485e+01,2.090006e+01,2.096267e+01,2.108083e+01,2.103219e+01,2.109472e+01,2.099744e+01,2.107388e+01,2.110166e+01,2.105999e+01,2.102524e+01,2.101134e+01,2.098353e+01,2.099048e+01,2.095572e+01,2.094180e+01,2.096267e+01,2.094180e+01,2.094180e+01,2.103219e+01,2.089310e+01,2.100439e+01,2.098353e+01,2.108083e+01,2.090006e+01,2.096267e+01,2.094876e+01,2.105304e+01,2.094876e+01,2.094876e+01,2.101829e+01,2.083045e+01,2.096962e+01,2.098353e+01,2.095572e+01,2.093485e+01,2.101829e+01,2.088614e+01,2.105304e+01,2.096962e+01,2.105304e+01,2.091398e+01,2.083741e+01,2.101134e+01,2.106693e+01,2.101134e+01,2.110166e+01,2.102524e+01,2.095572e+01,2.109472e+01,2.101134e+01,2.099744e+01,2.099744e+01,2.094180e+01,2.095572e+01,2.088614e+01,2.099744e+01,2.096962e+01,2.094876e+01,2.104609e+01,2.109472e+01,2.090006e+01,2.090006e+01,2.101829e+01,2.099048e+01,2.096962e+01,2.089310e+01,2.092093e+01,2.090702e+01,2.088614e+01,2.104609e+01,2.098353e+01,2.094876e+01,2.099048e+01,2.095572e+01,2.103219e+01,2.086526e+01,2.101134e+01,2.089310e+01,2.096267e+01,2.092789e+01,2.107388e+01,2.092789e+01,2.099744e+01,2.075382e+01,2.064225e+01,2.048166e+01,2.048865e+01,2.058643e+01,2.068410e+01,2.073988e+01,2.058643e+01,2.085134e+01,2.058643e+01,2.057246e+01,2.057246e+01,2.042575e+01,2.057944e+01,2.053755e+01,2.051660e+01,2.044672e+01,2.056548e+01,2.048865e+01,2.048865e+01,2.050262e+01,2.045371e+01,2.046769e+01,2.044672e+01,2.043274e+01,2.046070e+01,2.044672e+01,2.043973e+01,2.058643e+01,2.045371e+01,2.051660e+01,2.051660e+01,2.044672e+01,2.049564e+01,2.043973e+01,2.050961e+01,2.052358e+01,2.050961e+01,2.058643e+01,2.048865e+01,2.062132e+01,2.051660e+01,2.053057e+01,2.043973e+01,2.046070e+01,2.039778e+01,2.051660e+01,2.050961e+01,2.045371e+01,2.051660e+01,2.049564e+01,2.047468e+01,2.048865e+01,2.048865e+01,2.046769e+01,2.048166e+01,2.048865e+01,2.064923e+01,2.068410e+01,2.053755e+01,2.048865e+01,2.044672e+01,2.048865e+01,2.047468e+01,2.045371e+01,2.041875e+01,2.053755e+01,2.054453e+01,2.038379e+01,2.045371e+01,2.039778e+01,2.057246e+01,2.048166e+01,2.055152e+01,2.051660e+01,2.049564e+01,2.025781e+01,2.046769e+01,2.048865e+01,2.042575e+01,2.045371e+01,2.054453e+01,2.053057e+01,2.050262e+01,2.050262e+01,2.039778e+01,2.053755e+01,2.050961e+01,2.044672e+01,2.037679e+01,2.041875e+01,2.041875e+01,2.032782e+01,2.043274e+01,2.067016e+01,2.049564e+01,2.045371e+01,2.043274e+01,2.039778e+01,2.050262e+01,2.043973e+01,2.045371e+01,2.051660e+01,2.043973e+01,2.064225e+01,2.054453e+01,2.055850e+01,2.050961e+01,2.055152e+01,2.052358e+01,2.053057e+01,2.052358e+01,2.051660e+01,2.053057e+01,2.061434e+01,2.051660e+01,2.058643e+01,2.048865e+01,2.053755e+01
2.061434e+01,2.057944e+01,2.065621e+01,2.071897e+01,2.068410e+01,2.046769e+01,2.051660e+01,2.066318e+01,2.048166e+01,2.043274e+01,2.061434e+01,2.073291e+01,2.049564e+01,2.044672e+01,2.043973e+01,2.050961e+01,2.052358e+01,2.055152e+01,2.050961e+01,2.046070e+01,2.049564e+01,2.046070e+01,2.046769e+01,2.057944e+01,2.051660e+01,2.043973e+01,2.043973e+01,2.055152e+01,2.040477e+01,2.044672e+01,2.044672e+01,2.054453e+01,2.062830e+01,2.043274e+01,2.056548e+01,2.043274e+01,2.048166e+01,2.042575e+01,2.050262e+01,2.055850e+01,2.061434e+01,2.053755e+01,2.056548e+01,2.057944e+01,2.057246e+01,2.033481e+01,2.060039e+01,2.057944e+01,2.054453e+01,2.075382e+01,2.053755e+01,2.094180e+01,2.094876e+01,2.092789e+01,2.087222e+01,2.090702e+01,2.094180e+01,2.094180e+01,2.084437e+01,2.093485e+01,2.095572e+01,2.087222e+01,2.080955e+01,2.087222e+01,2.071897e+01,2.048166e+01,2.051660e+01,2.055850e+01,2.066318e+01,2.054453e+01,2.064225e+01,2.061434e+01,2.057944e+01,2.054453e+01,2.071897e+01,2.062132e+01,2.061434e+01,2.060039e+01,2.060736e+01,2.044672e+01,2.048865e+01,2.063528e+01,2.060736e+01,2.057944e+01,2.048865e+01,2.057246e+01,2.057944e+01,2.053057e+01,2.041875e+01,2.055152e+01,2.060039e+01,2.055152e+01,2.060039e+01,2.066318e+01,2.055850e+01,2.064923e+01,2.070502e+01,2.072594e+01,2.083045e+01,2.085134e+01,2.085830e+01,2.087918e+01,2.086526e+01,2.091398e+01,2.095572e+01,2.096267e+01,2.095572e+01,2.089310e+01,2.092093e+01,2.090006e+01,2.094180e+01,2.092093e+01,2.090702e+01,2.088614e+01,2.087222e+01,2.099048e+01,2.085830e+01,2.086526e+01,2.084437e+01,2.091398e+01,2.092789e+01,2.090702e+01,2.105999e+01,2.091398e+01,2.092093e+01,2.091398e+01,2.099048e+01,2.090702e+01,2.092093e+01,2.096962e+01,2.057246e+01,2.058643e+01,2.055850e+01,2.060736e+01,2.057944e+01,2.056548e+01,2.054453e+01,2.049564e+01,2.051660e+01,2.053755e+01,2.054453e+01,2.046070e+01,2.046070e+01,2.054453e+01,2.048865e+01,2.052358e+01,2.051660e+01,2.048166e+01,2.050961e+01,2.041176e+01,2.050262e+01,2.047468e+01,2.039078e+01,2.043274e+01,2.039778e+01,2.058643e+01,2.043274e+01,2.058643e+01,2.045371e+01,2.041176e+01,2.046070e+01,2.051660e+01,2.039078e+01,2.044672e+01,2.053755e+01,2.048865e+01,2.055152e+01,2.046070e+01,2.060736e+01,2.044672e+01,2.055850e+01,2.040477e+01,2.053057e+01,2.037679e+01,2.048865e+01,2.043274e+01,2.060736e+01,2.040477e+01,2.043274e+01,2.053755e+01,2.047468e+01,2.030682e+01,2.047468e+01,2.053057e+01,2.046070e+01,2.048865e+01,2.048865e+01,2.045371e+01,2.046070e+01,2.047468e+01,2.049564e+01,2.036980e+01,2.034881e+01,2.051660e+01,2.047468e+01,2.041176e+01,2.041176e+01,2.036980e+01,2.039078e+01,2.046070e+01,2.036280e+01,2.044672e+01,2.043973e+01,2.027181e+01,2.059340e+01,2.034181e+01,2.040477e+01,2.048166e+01,2.042575e+01,2.046070e+01,2.049564e+01,2.039778e+01,2.048166e+01,2.042575e+01,2.050262e+01,2.029282e+01,2.046769e+01,2.048865e+01,2.048865e+01,2.050262e+01,2.052358e+01,2.036980e+01,2.037679e+01,2.045371e+01,2.038379e+01,2.055850e+01,2.036980e+01,2.043274e+01,2.045371e+01,2.036980e+01,2.055152e+01,2.052358e+01,2.042575e+01,2.043274e+01,2.041176e+01,2.038379e+01,2.036980e+01,2.046769e+01,2.036280e+01,2.041875e+01,2.039778e+01,2.051660e+01,2.048166e+01,2.048865e+01,2.049564e+01,2.027181e+01,2.040477e+01,2.049564e+01,2.048865e+01,2.036980e+01,2.034181e+01,2.052358e+01,2.036980e+01,2.045371e+01,2.051660e+01,2.044672e+01,2.046769e+01,2.047468e+01,2.083045e+01,2.080955e+01,2.080955e+01,2.068410e+01,2.073291e+01,2.063528e+01,2.062830e+01,2.048865e+01,2.050262e+01,2.048166e+01,2.041875e+01,2.049564e+01,2.039078e+01,2.046769e+01,2.038379e+01,2.036980e+01,2.059340e+01,2.045371e+01,2.035581e+01,2.034881e+01,2.036280e+01,2.040477e+01,2.043973e+01,2.037679e+01,2.044672e+01,2.043973e+01,2.049564e+01,2.050262e+01,2.050961e+01,2.041875e+01,2.055152e+01,2.055152e+01,2.055850e+01,2.061434e+01,2.062132e+01,2.054453e+01,2.062132e+01,2.063528e+01,2.062830e+01,2.050961e+01,2.063528e+01,2.057944e+01,2.057944e+01,2.043274e+01,2.044672e+01,2.048166e+01,2.045371e+01,2.045371e+01,2.061434e+01,2.067016e+01,2.061434e+01,2.068410e+01,2.056548e+01,2.066318e+01,2.057944e+01,2.062830e+01,2.064923e+01,2.067713e+01,2.069108e+01,2.074685e+01,2.063528e+01,2.055850e+01,2.067713e+01,2.060039e+01,2.063528e+01,2.071200e+01,2.048166e+01,2.044672e+01,2.044672e+01,2.047468e+01,2.044672e+01,2.058643e+01,2.050961e+01,2.062132e+01,2.045371e+01,2.046769e+01,2.061434e+01,2.053755e+01,2.054453e+01,2.053755e+01,2.064225e+01,2.048166e+01,2.050262e+01,2.066318e+01,2.068410e+01,2.036280e+01,2.053755e+01,2.040477e+01,2.036980e+01,2.052358e+01,2.041176e+01,2.044672e+01,2.055152e+01,2.066318e+01,2.048865e+01,2.047468e+01,2.051660e+01,2.051660e+01,2.053057e+01,2.050961e+01,2.051660e+01,2.054453e+01,2.053755e+01,2.045371e+01,2.043274e+01,2.043973e+01,2.044672e+01,2.052358e+01,2.046070e+01,2.043973e+01,2.057944e+01,2.048166e+01,2.050262e+01,2.050961e+01,2.057246e+01,2.042575e+01,2.051660e+01,2.053755e+01,2.054453e+01,2.043973e+01,2.051660e+01,2.053057e+01,2.055152e+01,2.043274e+01,2.046070e+01,2.050961e+01,2.048166e+01,2.056548e+01,2.053057e+01,2.037679e+01,2.056548e+01,2.058643e+01,2.052358e+01,2.052358e+01,2.041176e+01,2.064225e+01,2.050262e+01,2.060039e+01,2.055850e+01,2.043973e+01,2.064923e+01,2.054453e+01,2.036980e+01,2.051660e+01,2.040477e+01,2.049564e+01,2.049564e+01,2.052358e+01,2.053057e+01,2.049564e+01,2.045371e+01,2.044672e+01,2.043973e+01,2.043973e+01,2.044672e+01,2.049564e+01,2.069108e+01,2.090006e+01,2.094876e+01,2.094180e+01,2.098353e+01,2.091398e+01,2.105304e+01,2.101829e+01,2.102524e+01,2.092789e+01,2.091398e+01,2.092789e+01,2.104609e+01,2.093485e+01,2.105999e+01,2.099048e+01,2.104609e+01,2.097658e+01,2.096267e+01,2.085830e+01,2.088614e+01,2.093485e+01,2.094180e+01,2.096267e+01,2.089310e+01,2.094876e+01,2.098353e+01,2.101134e+01,2.112944e+01,2.096267e+01,2.096962e+01,2.107388e+01,2.109472e+01,2.106693e+01,2.093485e+01,2.102524e+01,2.099744e+01,2.089310e+01,2.090006e+01,2.091398e+01,2.094876e+01,2.096962e+01,2.094180e+01,2.090702e+01,2.107388e+01,2.099048e+01,2.092789e+01,2.102524e+01,2.106693e+01,2.099744e+01,2.100439e+01,2.105999e+01,2.099048e+01,2.096267e+01,2.094180e+01,2.099048e+01,2.096962e+01,2.097658e+01,2.096267e+01,2.098353e+01,2.103219e+01,2.092093e+01,2.101829e+01,2.103219e+01,2.104609e+01,2.090006e+01,2.111555e+01,2.107388e+01,2.094876e+01,2.103914e+01,2.090702e+01,2.091398e+01,2.090006e+01,2.103914e+01,2.100439e+01,2.095572e+01,2.099048e+01,2.099048e+01,2.096267e+01,2.093485e+01,2.097658e+01,2.096962e+01,2.102524e+01,2.094876e+01,2.100439e+01,2.096962e+01,2.095572e+01,2.101134e+01,2.095572e+01,2.096267e+01,2.090006e+01,2.094876e+01,2.106693e+01,2.096962e+01,2.099048e+01,2.106693e+01,2.105999e+01,2.106693e+01,2.104609e+01,2.096267e+01,2.097658e+01,2.093485e+01,2.099744e+01,2.097658e+01,2.096267e+01,2.090702e+01,2.099048e+01,2.092789e+01,2.071200e+01,2.057246e+01,2.029982e+01,2.056548e+01,2.052358e+01,2.078169e+01,2.080955e+01,2.077472e+01,2.057246e+01,2.054453e+01,2.067713e+01,2.050262e+01,2.051660e+01,2.062830e+01,2.050262e+01,2.056548e+01,2.055152e+01,2.031382e+01,2.049564e+01,2.052358e+01,2.049564e+01,2.050961e+01,2.049564e+01,2.043274e+01,2.044672e+01,2.041875e+01,2.055850e+01,2.050961e+01,2.046070e+01,2.048865e+01,2.041875e+01,2.041176e+01,2.043973e+01,2.046769e+01,2.046070e+01,2.048166e+01,2.046070e+01,2.057944e+01,2.050961e+01,2.039778e+01,2.047468e+01,2.049564e+01,2.052358e+01,2.053057e+01,2.050961e+01,2.045371e+01,2.044672e+01,2.049564e+01,2.051660e+01,2.048166e+01,2.048865e+01,2.046769e+01,2.046769e+01,2.054453e+01,2.045371e+01,2.048166e+01,2.061434e+01,2.043274e+01,2.053057e+01,2.053755e+01,2.052358e+01,2.053057e+01,2.050262e+01,2.043274e+01,2.043274e+01,2.048865e+01,2.041176e+01,2.041176e+01,2.049564e+01,2.056548e+01,2.055850e+01,2.056548e+01,2.053057e+01,2.053057e+01,2.042575e+01,2.049564e+01,2.050262e+01,2.043274e+01,2.046769e+01,2.054453e+01,2.041875e+01,2.039778e+01,2.048166e+01,2.041875e+01,2.043973e+01,2.046070e+01,2.042575e+01,2.049564e+01,2.053057e+01,2.048166e+01,2.041875e+01,2.057944e+01,2.048865e+01,2.048865e+01,2.045371e+01,2.043973e+01,2.048865e+01,2.055152e+01,2.043973e+01,2.053755e+01,2.055152e+01,2.045371e+01,2.054453e+01,2.056548e+01,2.046769e+01,2.042575e+01,2.036980e+01,2.046769e+01,2.054453e+01,2.050262e+01,2.052358e+01,2.046070e+01,2.048865e+01,2.037679e+01,2.046769e+01,2.057246e+01,2.052358e+01,2.052358e+01
2.053057e+01,2.055152e+01,2.061434e+01,2.053057e+01,2.058643e+01,2.060736e+01,2.060736e+01,2.056548e+01,2.041176e+01,2.055152e+01,2.059340e+01,2.044672e+01,2.054453e+01,2.046070e+01,2.053755e+01,2.055152e+01,2.052358e+01,2.048865e+01,2.041176e+01,2.046070e+01,2.041176e+01,2.044672e+01,2.049564e+01,2.048865e+01,2.031382e+01,2.039778e+01,2.039778e+01,2.041176e+01,2.041176e+01,2.049564e+01,2.042575e+01,2.044672e+01,2.058643e+01,2.045371e+01,2.046769e+01,2.059340e+01,2.045371e+01,2.047468e+01,2.053755e+01,2.055152e+01,2.057246e+01,2.042575e+01,2.048865e+01,2.050961e+01,2.049564e+01,2.046769e+01,2.057246e+01,2.051660e+01,2.054453e+01,2.064225e+01,2.065621e+01,2.072594e+01,2.105999e+01,2.093485e+01,2.094180e+01,2.088614e+01,2.096962e+01,2.101134e+01,2.090702e+01,2.094876e+01,2.083045e+01,2.088614e+01,2.068410e+01,2.070502e+01,2.067713e+01,2.053755e+01,2.055850e+01,2.064923e+01,2.055850e+01,2.043973e+01,2.060736e+01,2.051660e+01,2.053755e+01,2.062830e+01,2.057944e+01,2.062830e+01,2.060736e+01,2.050262e+01,2.050262e+01,2.046769e+01,2.057246e+01,2.065621e+01,2.058643e+01,2.066318e+01,2.057246e+01,2.044672e+01,2.050961e+01,2.061434e+01,2.043973e+01,2.067713e+01,2.046769e+01,2.060736e+01,2.053057e+01,2.062132e+01,2.060736e+01,2.073988e+01,2.062830e+01,2.076079e+01,2.076775e+01,2.093485e+01,2.094180e+01,2.090006e+01,2.080955e+01,2.087918e+01,2.086526e+01,2.093485e+01,2.092093e+01,2.076079e+01,2.088614e+01,2.084437e+01,2.092093e+01,2.092093e+01,2.094180e+01,2.096267e+01,2.093485e+01,2.094876e+01,2.089310e+01,2.088614e+01,2.092789e+01,2.097658e+01,2.098353e+01,2.099744e+01,2.107388e+01,2.086526e+01,2.079562e+01,2.101829e+01,2.092093e+01,2.091398e+01,2.077472e+01,2.073988e+01,2.058643e+01,2.036980e+01,2.054453e+01,2.057944e+01,2.054453e+01,2.057246e+01,2.026481e+01,2.050262e+01,2.054453e+01,2.048166e+01,2.042575e+01,2.044672e+01,2.050262e+01,2.049564e+01,2.054453e+01,2.050961e+01,2.043274e+01,2.039778e+01,2.045371e+01,2.078169e+01,2.041875e+01,2.043973e+01,2.057944e+01,2.049564e+01,2.047468e+01,2.055152e+01,2.049564e+01,2.055152e+01,2.050262e+01,2.055850e+01,2.046769e+01,2.046769e+01,2.040477e+01,2.041875e+01,2.055850e+01,2.046769e+01,2.043274e+01,2.059340e+01,2.049564e+01,2.039778e+01,2.043973e+01,2.039078e+01,2.067016e+01,2.032782e+01,2.048166e+01,2.042575e+01,2.047468e+01,2.051660e+01,2.048865e+01,2.060039e+01,2.055152e+01,2.047468e+01,2.051660e+01,2.043274e+01,2.055152e+01,2.042575e+01,2.048865e+01,2.067713e+01,2.050262e+01,2.062132e+01,2.043274e+01,2.050961e+01,2.044672e+01,2.041875e+01,2.050961e+01,2.047468e+01,2.039778e+01,2.042575e+01,2.040477e+01,2.041176e+01,2.043973e+01,2.046070e+01,2.046070e+01,2.046070e+01,2.053755e+01,2.041875e+01,2.039778e+01,2.046769e+01,2.048865e+01,2.052358e+01,2.052358e+01,2.040477e+01,2.062132e+01,2.054453e+01,2.046769e+01,2.050262e+01,2.046769e+01,2.052358e+01,2.054453e+01,2.047468e+01,2.055850e+01,2.040477e+01,2.045371e+01,2.067713e+01,2.049564e+01,2.041176e+01,2.037679e+01,2.022278e+01,2.039078e+01,2.037679e+01,2.028582e+01,2.039778e+01,2.052358e+01,2.038379e+01,2.041875e+01,2.043973e+01,2.046070e+01,2.042575e+01,2.043274e+01,2.039778e+01,2.043973e+01,2.043973e+01,2.041176e+01,2.048166e+01,2.052358e+01,2.041176e+01,2.048166e+01,2.047468e+01,2.033481e+01,2.049564e+01,2.038379e+01,2.057246e+01,2.036980e+01,2.052358e+01,2.046070e+01,2.046769e+01,2.046769e+01,2.064923e+01,2.079562e+01,2.088614e+01,2.083741e+01,2.084437e+01,2.088614e+01,2.060736e+01,2.060039e+01,2.046070e+01,2.044672e+01,2.042575e+01,2.047468e+01,2.050262e+01,2.050262e+01,2.046070e+01,2.046769e+01,2.036280e+01,2.046769e+01,2.041875e+01,2.055850e+01,2.045371e+01,2.037679e+01,2.039078e+01,2.053057e+01,2.042575e+01,2.049564e+01,2.046769e+01,2.050961e+01,2.042575e+01,2.056548e+01,2.064923e+01,2.053755e+01,2.054453e+01,2.063528e+01,2.053755e+01,2.060039e+01,2.064923e+01,2.062132e+01,2.065621e+01,2.065621e+01,2.065621e+01,2.047468e+01,2.052358e+01,2.062132e+01,2.049564e+01,2.044672e+01,2.068410e+01,2.045371e+01,2.046070e+01,2.067713e+01,2.055850e+01,2.057246e+01,2.065621e+01,2.058643e+01,2.066318e+01,2.063528e+01,2.068410e+01,2.060736e+01,2.071200e+01,2.060736e+01,2.069805e+01,2.066318e+01,2.057944e+01,2.068410e+01,2.055850e+01,2.065621e+01,2.052358e+01,2.055850e+01,2.056548e+01,2.054453e+01,2.055152e+01,2.053755e+01,2.057246e+01,2.050961e+01,2.050961e+01,2.060039e+01,2.043973e+01,2.057944e+01,2.055152e+01,2.052358e+01,2.054453e+01,2.050961e+01,2.053755e+01,2.046769e+01,2.045371e+01,2.047468e+01,2.050961e+01,2.061434e+01,2.065621e+01,2.038379e+01,2.060039e+01,2.049564e+01,2.040477e+01,2.043973e+01,2.071200e+01,2.073291e+01,2.050961e+01,2.046070e+01,2.053755e+01,2.054453e+01,2.049564e+01,2.046769e+01,2.053057e+01,2.053057e+01,2.062132e+01,2.062830e+01,2.043274e+01,2.048166e+01,2.047468e+01,2.054453e+01,2.047468e+01,2.048166e+01,2.059340e+01,2.053755e+01,2.053755e+01,2.043973e+01,2.053057e+01,2.046070e+01,2.053755e+01,2.059340e+01,2.046769e+01,2.042575e+01,2.057246e+01,2.046070e+01,2.042575e+01,2.043274e+01,2.048865e+01,2.041875e+01,2.055152e+01,2.053057e+01,2.057246e+01,2.057944e+01,2.044672e+01,2.046070e+01,2.065621e+01,2.057246e+01,2.056548e+01,2.055152e+01,2.045371e+01,2.046070e+01,2.046070e+01,2.066318e+01,2.050961e+01,2.045371e+01,2.057246e+01,2.039778e+01,2.050262e+01,2.057944e+01,2.037679e+01,2.053755e+01,2.032082e+01,2.064225e+01,2.050961e+01,2.039778e+01,2.042575e+01,2.045371e+01,2.052358e+01,2.053755e+01,2.075382e+01,2.090006e+01,2.088614e+01,2.094876e+01,2.101829e+01,2.090702e+01,2.091398e+01,2.087918e+01,2.094876e+01,2.095572e+01,2.095572e+01,2.092789e+01,2.093485e+01,2.101134e+01,2.097658e+01,2.101134e+01,2.096962e+01,2.094876e+01,2.085134e+01,2.088614e+01,2.094180e+01,2.086526e+01,2.096962e+01,2.092093e+01,2.095572e+01,2.095572e+01,2.090006e+01,2.103914e+01,2.086526e+01,2.105999e+01,2.110166e+01,2.082348e+01,2.096962e+01,2.098353e+01,2.110166e+01,2.111555e+01,2.099048e+01,2.110166e+01,2.089310e+01,2.099048e+01,2.110861e+01,2.097658e+01,2.105999e+01,2.094180e+01,2.089310e+01,2.092093e+01,2.103914e+01,2.097658e+01,2.105304e+01,2.105999e+01,2.105304e+01,2.096267e+01,2.103219e+01,2.096962e+01,2.100439e+01,2.100439e+01,2.095572e+01,2.100439e+01,2.100439e+01,2.101829e+01,2.096962e+01,2.095572e+01,2.100439e+01,2.101829e+01,2.098353e+01,2.099744e+01,2.089310e+01,2.105304e+01,2.097658e+01,2.099744e+01,2.092789e+01,2.101134e+01,2.088614e+01,2.091398e+01,2.094876e+01,2.100439e+01,2.096267e+01,2.093485e+01,2.099048e+01,2.085134e+01,2.092789e+01,2.091398e+01,2.101134e+01,2.095572e+01,2.100439e+01,2.084437e+01,2.090702e+01,2.100439e+01,2.096962e+01,2.099048e+01,2.067713e+01,2.096267e+01,2.103914e+01,2.105304e+01,2.106693e+01,2.104609e+01,2.085830e+01,2.107388e+01,2.099048e+01,2.094876e+01,2.095572e+01,2.090702e+01,2.092789e+01,2.094180e+01,2.090702e+01,2.093485e+01,2.095572e+01,2.079562e+01,2.068410e+01,2.039778e+01,2.049564e+01,2.053057e+01,2.057944e+01,2.080955e+01,2.084437e+01,2.060736e+01,2.060736e+01,2.041875e+01,2.062830e+01,2.062132e+01,2.031382e+01,2.061434e+01,2.038379e+01,2.045371e+01,2.051660e+01,2.047468e+01,2.056548e+01,2.053057e+01,2.044672e+01,2.043973e+01,2.063528e+01,2.048865e+01,2.046070e+01,2.043973e+01,2.061434e+01,2.049564e+01,2.056548e+01,2.048865e+01,2.047468e+01,2.050961e+01,2.050961e+01,2.046769e+01,2.052358e+01,2.050262e+01,2.050262e+01,2.058643e+01,2.057246e+01,2.050961e+01,2.049564e+01,2.041176e+01,2.043973e+01,2.043973e+01,2.048865e+01,2.048865e+01,2.051660e+01,2.050961e+01,2.049564e+01,2.048166e+01,2.052358e+01,2.046769e+01,2.047468e+01,2.050961e+01,2.053057e+01,2.050262e+01,2.049564e+01,2.052358e+01,2.053755e+01,2.058643e+01,2.050961e+01,2.053057e+01,2.055850e+01,2.046070e+01,2.040477e+01,2.043274e+01,2.053755e+01,2.047468e+01,2.056548e+01,2.054453e+01,2.040477e+01,2.056548e+01,2.041875e+01,2.037679e+01,2.055850e+01,2.027881e+01,2.044672e+01,2.048865e+01,2.043973e+01,2.051660e+01,2.055850e+01,2.046070e+01,2.042575e+01,2.046769e+01,2.043973e+01,2.046070e+01,2.046769e+01,2.041875e+01,2.060736e+01,2.048166e+01,2.046769e+01,2.060039e+01,2.042575e+01,2.046070e+01,2.057944e+01,2.046769e+01,2.043973e+01,2.045371e+01,2.046070e+01,2.048865e+01,2.043274e+01,2.042575e+01,2.059340e+01,2.039778e+01,2.052358e+01,2.046769e+01,2.051660e+01,2.051660e+01,2.054453e+01,2.053057e+01,2.047468e+01,2.059340e+01,2.065621e+01,2.062830e+01,2.053755e+01,2.051660e+01,2.049564e+01
2.062830e+01,2.073988e+01,2.067016e+01,2.055850e+01,2.067016e+01,2.066318e+01,2.061434e+01,2.055850e+01,2.046769e+01,2.046769e+01,2.057246e+01,2.045371e+01,2.048865e+01,2.051660e+01,2.059340e+01,2.054453e+01,2.046769e+01,2.044672e+01,2.044672e+01,2.043274e+01,2.044672e+01,2.032782e+01,2.048166e+01,2.046769e+01,2.035581e+01,2.032782e+01,2.034181e+01,2.047468e+01,2.046070e+01,2.041176e+01,2.041875e+01,2.041875e+01,2.056548e+01,2.046769e+01,2.043274e+01,2.045371e+01,2.049564e+01,2.054453e+01,2.047468e+01,2.051660e+01,2.057246e+01,2.046070e+01,2.045371e+01,2.055850e+01,2.056548e+01,2.047468e+01,2.051660e+01,2.058643e+01,2.056548e+01,2.062830e+01,2.076079e+01,2.067713e+01,2.078866e+01,2.096267e+01,2.088614e+01,2.085830e+01,2.101829e+01,2.090006e+01,2.103914e+01,2.094876e+01,2.088614e+01,2.063528e+01,2.078169e+01,2.073988e+01,2.056548e+01,2.066318e+01,2.056548e+01,2.072594e+01,2.053057e+01,2.051660e+01,2.065621e+01,2.057944e+01,2.050961e+01,2.053755e+01,2.048166e+01,2.060736e+01,2.048166e+01,2.057944e+01,2.062830e+01,2.060736e+01,2.056548e+01,2.060039e+01,2.057944e+01,2.062132e+01,2.051660e+01,2.064923e+01,2.048166e+01,2.052358e+01,2.048865e+01,2.057246e+01,2.046769e+01,2.052358e+01,2.068410e+01,2.059340e+01,2.055850e+01,2.057246e+01,2.070502e+01,2.074685e+01,2.071897e+01,2.091398e+01,2.077472e+01,2.090006e+01,2.089310e+01,2.090702e+01,2.084437e+01,2.087918e+01,2.092789e+01,2.089310e+01,2.090006e+01,2.080955e+01,2.088614e+01,2.097658e+01,2.090702e+01,2.092789e+01,2.097658e+01,2.087918e+01,2.094876e+01,2.083741e+01,2.085830e+01,2.096267e+01,2.092093e+01,2.090006e+01,2.076079e+01,2.095572e+01,2.087918e+01,2.101134e+01,2.100439e+01,2.091398e+01,2.080259e+01,2.067016e+01,2.061434e+01,2.057944e+01,2.046769e+01,2.047468e+01,2.051660e+01,2.048166e+01,2.043274e+01,2.041875e+01,2.043274e+01,2.041176e+01,2.046070e+01,2.044672e+01,2.053755e+01,2.047468e+01,2.057246e+01,2.046070e+01,2.050961e+01,2.039778e+01,2.045371e+01,2.044672e+01,2.058643e+01,2.046769e+01,2.069108e+01,2.036980e+01,2.036980e+01,2.048166e+01,2.052358e+01,2.043274e+01,2.036980e+01,2.043973e+01,2.043973e+01,2.043973e+01,2.045371e+01,2.049564e+01,2.039778e+01,2.045371e+01,2.061434e+01,2.051660e+01,2.048166e+01,2.048166e+01,2.056548e+01,2.045371e+01,2.051660e+01,2.037679e+01,2.057246e+01,2.042575e+01,2.050961e+01,2.043274e+01,2.053057e+01,2.047468e+01,2.060039e+01,2.048166e+01,2.039078e+01,2.039078e+01,2.051660e+01,2.043973e+01,2.050961e+01,2.050262e+01,2.040477e+01,2.052358e+01,2.043274e+01,2.046070e+01,2.060039e+01,2.045371e+01,2.052358e+01,2.053057e+01,2.046070e+01,2.043973e+01,2.042575e+01,2.029282e+01,2.038379e+01,2.032782e+01,2.050961e+01,2.040477e+01,2.055152e+01,2.053057e+01,2.037679e+01,2.045371e+01,2.051660e+01,2.048166e+01,2.048166e+01,2.046070e+01,2.048865e+01,2.060736e+01,2.039778e+01,2.041176e+01,2.032782e+01,2.047468e+01,2.051660e+01,2.040477e+01,2.048166e+01,2.046070e+01,2.047468e+01,2.046769e+01,2.053057e+01,2.033481e+01,2.053755e+01,2.043274e+01,2.037679e+01,2.060039e+01,2.035581e+01,2.049564e+01,2.032782e+01,2.032782e+01,2.043274e+01,2.044672e+01,2.048166e+01,2.045371e+01,2.046070e+01,2.043274e+01,2.045371e+01,2.053755e+01,2.037679e+01,2.035581e+01,2.052358e+01,2.049564e+01,2.042575e+01,2.036980e+01,2.041176e+01,2.033481e+01,2.050262e+01,2.041875e+01,2.034881e+01,2.039778e+01,2.043973e+01,2.057246e+01,2.053755e+01,2.076775e+01,2.085134e+01,2.080259e+01,2.078169e+01,2.081652e+01,2.073291e+01,2.062132e+01,2.044672e+01,2.043973e+01,2.041875e+01,2.036980e+01,2.039778e+01,2.055152e+01,2.048865e+01,2.043973e+01,2.041875e+01,2.049564e+01,2.044672e+01,2.032082e+01,2.034881e+01,2.039778e+01,2.042575e+01,2.057944e+01,2.058643e+01,2.048865e+01,2.060039e+01,2.046769e+01,2.048865e+01,2.028582e+01,2.057246e+01,2.056548e+01,2.053755e+01,2.051660e+01,2.062132e+01,2.067016e+01,2.062132e+01,2.064225e+01,2.068410e+01,2.062830e+01,2.066318e+01,2.065621e+01,2.066318e+01,2.046070e+01,2.062830e+01,2.050961e+01,2.049564e+01,2.046769e+01,2.060039e+01,2.044672e+01,2.050262e+01,2.064225e+01,2.057246e+01,2.052358e+01,2.060736e+01,2.062132e+01,2.056548e+01,2.056548e+01,2.057246e+01,2.059340e+01,2.062830e+01,2.058643e+01,2.057246e+01,2.062132e+01,2.067016e+01,2.060039e+01,2.060736e+01,2.069805e+01,2.056548e+01,2.053057e+01,2.058643e+01,2.055152e+01,2.057944e+01,2.060736e+01,2.051660e+01,2.041875e+01,2.058643e+01,2.053755e+01,2.053057e+01,2.050961e+01,2.058643e+01,2.051660e+01,2.050262e+01,2.054453e+01,2.050262e+01,2.044672e+01,2.037679e+01,2.050961e+01,2.046070e+01,2.037679e+01,2.055850e+01,2.057246e+01,2.034881e+01,2.041176e+01,2.043973e+01,2.044672e+01,2.049564e+01,2.042575e+01,2.045371e+01,2.054453e+01,2.055152e+01,2.054453e+01,2.053755e+01,2.055152e+01,2.053057e+01,2.041875e+01,2.047468e+01,2.040477e+01,2.043973e+01,2.058643e+01,2.046769e+01,2.057246e+01,2.055152e+01,2.042575e+01,2.044672e+01,2.055850e+01,2.053057e+01,2.050961e+01,2.034881e+01,2.053755e+01,2.043973e+01,2.051660e+01,2.041176e+01,2.048166e+01,2.050961e+01,2.037679e+01,2.046769e+01,2.043274e+01,2.047468e+01,2.054453e+01,2.056548e+01,2.046769e+01,2.054453e+01,2.050262e+01,2.064225e+01,2.053755e+01,2.054453e+01,2.054453e+01,2.050262e+01,2.041875e+01,2.045371e+01,2.054453e+01,2.052358e+01,2.049564e+01,2.052358e+01,2.040477e+01,2.048865e+01,2.052358e+01,2.051660e+01,2.048166e+01,2.044672e+01,2.050961e+01,2.050961e+01,2.041875e+01,2.060736e+01,2.041875e+01,2.043274e+01,2.047468e+01,2.049564e+01,2.074685e+01,2.081652e+01,2.094876e+01,2.090702e+01,2.084437e+01,2.097658e+01,2.098353e+01,2.092789e+01,2.084437e+01,2.096962e+01,2.095572e+01,2.094180e+01,2.092789e+01,2.092789e+01,2.098353e+01,2.090702e+01,2.097658e+01,2.096962e+01,2.088614e+01,2.092093e+01,2.095572e+01,2.099744e+01,2.092093e+01,2.091398e+01,2.091398e+01,2.095572e+01,2.090702e+01,2.084437e+01,2.092789e+01,2.096267e+01,2.092093e+01,2.094180e+01,2.092093e+01,2.096962e+01,2.112250e+01,2.096962e+01,2.094180e+01,2.090006e+01,2.103914e+01,2.090702e+01,2.091398e+01,2.086526e+01,2.092093e+01,2.088614e+01,2.097658e+01,2.113638e+01,2.092093e+01,2.101829e+01,2.101829e+01,2.103219e+01,2.099744e+01,2.087222e+01,2.096962e+01,2.099048e+01,2.094180e+01,2.100439e+01,2.097658e+01,2.096267e+01,2.087222e+01,2.081652e+01,2.090006e+01,2.089310e+01,2.099048e+01,2.103219e+01,2.101829e+01,2.093485e+01,2.099744e+01,2.092789e+01,2.088614e+01,2.085830e+01,2.090702e+01,2.097658e+01,2.096267e+01,2.095572e+01,2.094876e+01,2.092789e+01,2.095572e+01,2.096267e+01,2.097658e+01,2.091398e+01,2.099048e+01,2.092789e+01,2.094180e+01,2.080955e+01,2.090006e+01,2.085134e+01,2.085134e+01,2.085830e+01,2.098353e+01,2.099744e+01,2.092789e+01,2.101134e+01,2.109472e+01,2.108777e+01,2.103219e+01,2.087918e+01,2.092789e+01,2.105304e+01,2.101829e+01,2.093485e+01,2.090702e+01,2.094876e+01,2.091398e+01,2.094876e+01,2.096267e+01,2.098353e+01,2.094876e+01,2.093485e+01,2.076775e+01,2.072594e+01,2.049564e+01,2.050262e+01,2.062830e+01,2.081652e+01,2.081652e+01,2.061434e+01,2.052358e+01,2.062830e+01,2.050262e+01,2.043973e+01,2.056548e+01,2.054453e+01,2.057246e+01,2.060039e+01,2.049564e+01,2.046070e+01,2.043973e+01,2.050262e+01,2.050262e+01,2.054453e+01,2.056548e+01,2.060736e+01,2.055850e+01,2.048166e+01,2.058643e+01,2.050961e+01,2.043973e+01,2.046769e+01,2.053755e+01,2.048865e+01,2.052358e+01,2.052358e+01,2.050961e+01,2.057246e+01,2.043274e+01,2.046070e+01,2.052358e+01,2.044672e+01,2.043973e+01,2.050262e+01,2.054453e+01,2.036280e+01,2.042575e+01,2.046070e+01,2.069108e+01,2.042575e+01,2.043274e+01,2.047468e+01,2.037679e+01,2.053057e+01,2.053755e+01,2.053057e+01,2.051660e+01,2.067016e+01,2.069805e+01,2.054453e+01,2.052358e+01,2.051660e+01,2.045371e+01,2.053755e+01,2.048166e+01,2.050262e+01,2.050961e+01,2.047468e+01,2.040477e+01,2.056548e+01,2.048865e+01,2.052358e+01,2.042575e+01,2.047468e+01,2.053057e+01,2.046070e+01,2.050262e+01,2.047468e+01,2.043973e+01,2.043973e+01,2.048166e+01,2.041176e+01,2.041176e+01,2.041176e+01,2.040477e+01,2.065621e+01,2.039778e+01,2.055152e+01,2.054453e+01,2.055152e+01,2.055850e+01,2.055850e+01,2.053057e+01,2.046070e+01,2.046070e+01,2.040477e+01,2.049564e+01,2.045371e+01,2.048166e+01,2.050262e+01,2.046769e+01,2.048166e+01,2.041875e+01,2.048865e+01,2.050961e+01,2.054453e+01,2.054453e+01,2.053755e+01,2.053755e+01,2.058643e+01,2.050262e+01,2.059340e+01,2.057944e+01,2.055152e+01,2.062132e+01,2.041176e+01,2.054453e+01,2.065621e+01,2.051660e+01
2.067016e+01,2.067713e+01,2.066318e+01,2.065621e+01,2.067016e+01,2.057944e+01,2.063528e+01,2.060039e+01,2.056548e+01,2.053057e+01,2.053755e+01,2.049564e+01,2.064225e+01,2.054453e+01,2.053057e+01,2.057246e+01,2.055850e+01,2.041176e+01,2.051660e+01,2.046769e+01,2.044672e+01,2.034181e+01,2.032082e+01,2.033481e+01,2.046769e+01,2.040477e+01,2.034181e+01,2.067016e+01,2.043274e+01,2.041176e+01,2.038379e+01,2.044672e+01,2.046070e+01,2.048166e+01,2.036980e+01,2.056548e+01,2.050961e+01,2.046769e+01,2.051660e+01,2.050262e+01,2.045371e+01,2.043973e+01,2.045371e+01,2.049564e+01,2.049564e+01,2.048865e+01,2.054453e+01,2.045371e+01,2.052358e+01,2.052358e+01,2.067016e+01,2.063528e+01,2.088614e+01,2.080259e+01,2.089310e+01,2.079562e+01,2.101134e+01,2.096267e+01,2.102524e+01,2.103219e+01,2.080259e+01,2.090702e+01,2.082348e+01,2.064923e+01,2.078169e+01,2.055850e+01,2.060039e+01,2.066318e+01,2.057246e+01,2.050961e+01,2.055152e+01,2.053057e+01,2.063528e+01,2.054453e+01,2.057944e+01,2.062830e+01,2.062132e+01,2.058643e+01,2.059340e+01,2.064923e+01,2.068410e+01,2.067713e+01,2.060039e+01,2.061434e+01,2.071200e+01,2.070502e+01,2.068410e+01,2.060039e+01,2.066318e+01,2.060039e+01,2.060736e+01,2.065621e+01,2.057944e+01,2.060039e+01,2.073291e+01,2.059340e+01,2.073988e+01,2.073988e+01,2.073988e+01,2.094180e+01,2.089310e+01,2.091398e+01,2.081652e+01,2.081652e+01,2.087222e+01,2.086526e+01,2.085134e+01,2.092789e+01,2.088614e+01,2.088614e+01,2.092789e+01,2.087918e+01,2.083741e+01,2.090702e+01,2.089310e+01,2.087222e+01,2.092789e+01,2.088614e+01,2.091398e+01,2.091398e+01,2.094876e+01,2.096962e+01,2.076775e+01,2.069805e+01,2.089310e+01,2.105304e+01,2.094876e+01,2.095572e+01,2.083741e+01,2.055850e+01,2.032782e+01,2.053755e+01,2.049564e+01,2.049564e+01,2.041176e+01,2.034881e+01,2.046769e+01,2.049564e+01,2.047468e+01,2.046769e+01,2.046070e+01,2.042575e+01,2.053755e+01,2.046070e+01,2.050262e+01,2.059340e+01,2.057246e+01,2.053755e+01,2.041176e+01,2.063528e+01,2.046070e+01,2.046769e+01,2.043973e+01,2.039778e+01,2.041875e+01,2.060039e+01,2.052358e+01,2.042575e+01,2.043973e+01,2.057246e+01,2.045371e+01,2.039778e+01,2.055152e+01,2.051660e+01,2.041875e+01,2.054453e+01,2.050961e+01,2.049564e+01,2.060736e+01,2.040477e+01,2.053755e+01,2.048166e+01,2.037679e+01,2.039078e+01,2.050262e+01,2.035581e+01,2.046070e+01,2.057944e+01,2.053057e+01,2.046769e+01,2.052358e+01,2.043274e+01,2.034181e+01,2.050961e+01,2.049564e+01,2.057944e+01,2.050262e+01,2.055850e+01,2.050262e+01,2.046769e+01,2.039778e+01,2.039778e+01,2.041875e+01,2.053057e+01,2.049564e+01,2.043973e+01,2.041176e+01,2.040477e+01,2.043274e+01,2.040477e+01,2.029982e+01,2.038379e+01,2.043973e+01,2.041176e+01,2.048166e+01,2.047468e+01,2.056548e+01,2.043973e+01,2.053755e+01,2.055152e+01,2.050262e+01,2.048166e+01,2.043274e+01,2.043274e+01,2.043274e+01,2.045371e+01,2.018775e+01,2.052358e+01,2.077472e+01,2.056548e+01,2.045371e+01,2.049564e+01,2.048166e+01,2.045371e+01,2.034181e+01,2.053057e+01,2.053057e+01,2.040477e+01,2.022278e+01,2.045371e+01,2.038379e+01,2.048166e+01,2.043973e+01,2.040477e+01,2.045371e+01,2.046070e+01,2.040477e+01,2.043973e+01,2.043274e+01,2.055850e+01,2.043973e+01,2.047468e+01,2.042575e+01,2.042575e+01,2.058643e+01,2.046070e+01,2.049564e+01,2.046769e+01,2.036280e+01,2.055152e+01,2.041176e+01,2.053755e+01,2.051660e+01,2.044672e+01,2.046769e+01,2.052358e+01,2.050262e+01,2.078866e+01,2.084437e+01,2.080955e+01,2.085830e+01,2.080955e+01,2.083045e+01,2.055152e+01,2.048166e+01,2.046769e+01,2.053057e+01,2.049564e+01,2.045371e+01,2.039078e+01,2.050262e+01,2.047468e+01,2.044672e+01,2.034181e+01,2.036980e+01,2.051660e+01,2.039778e+01,2.039778e+01,2.055152e+01,2.057944e+01,2.057944e+01,2.044672e+01,2.059340e+01,2.044672e+01,2.059340e+01,2.049564e+01,2.052358e+01,2.057944e+01,2.057944e+01,2.067713e+01,2.066318e+01,2.064923e+01,2.060039e+01,2.059340e+01,2.069108e+01,2.069108e+01,2.066318e+01,2.057944e+01,2.053755e+01,2.058643e+01,2.062132e+01,2.058643e+01,2.056548e+01,2.053755e+01,2.048865e+01,2.053057e+01,2.055152e+01,2.051660e+01,2.054453e+01,2.059340e+01,2.057944e+01,2.073291e+01,2.053057e+01,2.057246e+01,2.076775e+01,2.062132e+01,2.062830e+01,2.054453e+01,2.055850e+01,2.063528e+01,2.057246e+01,2.061434e+01,2.065621e+01,2.062830e+01,2.059340e+01,2.058643e+01,2.063528e+01,2.057944e+01,2.063528e+01,2.062830e+01,2.052358e+01,2.056548e+01,2.048166e+01,2.054453e+01,2.052358e+01,2.046769e+01,2.062132e+01,2.048865e+01,2.048166e+01,2.051660e+01,2.061434e+01,2.054453e+01,2.043973e+01,2.049564e+01,2.055850e+01,2.054453e+01,2.057944e+01,2.047468e+01,2.046070e+01,2.057246e+01,2.047468e+01,2.043973e+01,2.048865e+01,2.043973e+01,2.055152e+01,2.055850e+01,2.051660e+01,2.043973e+01,2.051660e+01,2.059340e+01,2.051660e+01,2.055850e+01,2.051660e+01,2.046769e+01,2.054453e+01,2.052358e+01,2.045371e+01,2.043973e+01,2.053057e+01,2.041176e+01,2.055152e+01,2.055152e+01,2.053057e+01,2.057246e+01,2.055152e+01,2.057944e+01,2.043973e+01,2.046070e+01,2.058643e+01,2.062830e+01,2.062132e+01,2.051660e+01,2.053057e+01,2.051660e+01,2.055152e+01,2.051660e+01,2.039778e+01,2.052358e+01,2.073291e+01,2.053755e+01,2.052358e+01,2.035581e+01,2.044672e+01,2.053057e+01,2.055850e+01,2.042575e+01,2.042575e+01,2.050262e+01,2.053755e+01,2.056548e+01,2.041875e+01,2.055152e+01,2.054453e+01,2.039078e+01,2.050961e+01,2.050961e+01,2.036280e+01,2.039078e+01,2.055152e+01,2.055152e+01,2.053057e+01,2.050262e+01,2.058643e+01,2.044672e+01,2.043973e+01,2.071200e+01,2.088614e+01,2.094180e+01,2.088614e+01,2.096962e+01,2.096267e+01,2.086526e+01,2.095572e+01,2.082348e+01,2.096267e+01,2.096267e+01,2.094876e+01,2.106693e+01,2.099744e+01,2.100439e+01,2.098353e+01,2.096267e+01,2.091398e+01,2.096962e+01,2.093485e+01,2.086526e+01,2.096267e+01,2.078866e+01,2.094180e+01,2.096962e+01,2.090702e+01,2.088614e+01,2.085830e+01,2.087918e+01,2.101134e+01,2.096962e+01,2.094876e+01,2.108083e+01,2.092093e+01,2.092093e+01,2.090006e+01,2.109472e+01,2.096962e+01,2.096962e+01,2.108777e+01,2.096267e+01,2.094876e+01,2.101134e+01,2.110166e+01,2.092789e+01,2.128207e+01,2.099744e+01,2.097658e+01,2.093485e+01,2.092789e+01,2.098353e+01,2.097658e+01,2.102524e+01,2.100439e+01,2.101134e+01,2.093485e+01,2.080955e+01,2.115721e+01,2.099744e+01,2.093485e+01,2.096267e+01,2.093485e+01,2.092093e+01,2.093485e+01,2.088614e+01,2.093485e+01,2.101829e+01,2.099744e+01,2.105304e+01,2.092093e+01,2.099048e+01,2.108777e+01,2.107388e+01,2.106693e+01,2.091398e+01,2.094876e+01,2.097658e+01,2.094180e+01,2.094876e+01,2.094180e+01,2.093485e+01,2.093485e+01,2.101829e+01,2.093485e+01,2.093485e+01,2.085830e+01,2.097658e+01,2.087222e+01,2.094180e+01,2.079562e+01,2.096267e+01,2.090006e+01,2.106693e+01,2.104609e+01,2.103914e+01,2.103219e+01,2.103914e+01,2.108777e+01,2.107388e+01,2.092093e+01,2.103914e+01,2.095572e+01,2.094180e+01,2.094180e+01,2.094180e+01,2.090006e+01,2.099048e+01,2.083045e+01,2.099048e+01,2.076775e+01,2.069108e+01,2.055152e+01,2.069805e+01,2.072594e+01,2.076079e+01,2.060039e+01,2.060736e+01,2.059340e+01,2.050961e+01,2.054453e+01,2.059340e+01,2.055152e+01,2.067713e+01,2.055152e+01,2.044672e+01,2.059340e+01,2.048865e+01,2.053755e+01,2.045371e+01,2.049564e+01,2.050961e+01,2.046769e+01,2.044672e+01,2.047468e+01,2.040477e+01,2.050262e+01,2.051660e+01,2.053755e+01,2.048166e+01,2.048865e+01,2.054453e+01,2.058643e+01,2.053057e+01,2.053057e+01,2.056548e+01,2.050262e+01,2.057944e+01,2.052358e+01,2.050262e+01,2.039778e+01,2.041176e+01,2.049564e+01,2.034181e+01,2.038379e+01,2.048166e+01,2.038379e+01,2.043973e+01,2.039078e+01,2.043973e+01,2.057944e+01,2.059340e+01,2.059340e+01,2.056548e+01,2.072594e+01,2.051660e+01,2.053057e+01,2.062830e+01,2.043274e+01,2.042575e+01,2.048865e+01,2.062132e+01,2.046070e+01,2.048166e+01,2.049564e+01,2.048166e+01,2.050262e+01,2.051660e+01,2.053755e+01,2.064923e+01,2.053755e+01,2.041875e+01,2.050262e+01,2.044672e+01,2.049564e+01,2.050961e+01,2.044672e+01,2.037679e+01,2.040477e+01,2.043274e+01,2.062132e+01,2.067016e+01,2.064923e+01,2.065621e+01,2.060039e+01,2.035581e+01,2.048166e+01,2.059340e+01,2.055152e+01,2.058643e+01,2.041875e+01,2.045371e+01,2.053057e+01,2.050961e+01,2.050961e+01,2.043973e+01,2.050262e+01,2.049564e+01,2.055152e+01,2.047468e+01,2.054453e+01,2.056548e+01,2.057944e+01,2.035581e+01,2.054453e+01,2.038379e+01,2.057246e+01,2.056548e+01,2.050961e+01,2.054453e+01,2.046070e+01,2.062830e+01,2.062830e+01,2.067016e+01,2.064225e+01,2.055152e+01
2.071200e+01,2.062132e+01,2.071897e+01,2.074685e+01,2.070502e+01,2.063528e+01,2.059340e+01,2.049564e+01,2.064923e+01,2.050961e+01,2.048865e+01,2.053057e+01,2.053755e+01,2.053057e+01,2.062830e+01,2.059340e+01,2.048166e+01,2.044672e+01,2.042575e+01,2.044672e+01,2.053755e+01,2.037679e+01,2.046070e+01,2.053755e+01,2.030682e+01,2.035581e+01,2.041176e+01,2.039078e+01,2.039778e+01,2.041176e+01,2.034181e+01,2.043274e+01,2.046070e+01,2.044672e+01,2.046070e+01,2.043274e+01,2.039778e+01,2.043973e+01,2.046769e+01,2.043274e+01,2.043973e+01,2.048166e+01,2.067713e+01,2.042575e+01,2.044672e+01,2.052358e+01,2.046769e+01,2.044672e+01,2.048865e+01,2.044672e+01,2.046769e+01,2.069805e+01,2.070502e+01,2.092093e+01,2.095572e+01,2.093485e+01,2.099744e+01,2.083045e+01,2.089310e+01,2.090702e+01,2.091398e+01,2.083045e+01,2.060039e+01,2.067016e+01,2.060736e+01,2.049564e+01,2.041875e+01,2.060039e+01,2.055850e+01,2.042575e+01,2.053057e+01,2.053057e+01,2.051660e+01,2.059340e+01,2.061434e+01,2.062830e+01,2.066318e+01,2.065621e+01,2.055850e+01,2.057944e+01,2.056548e+01,2.061434e+01,2.059340e+01,2.044672e+01,2.055850e+01,2.060039e+01,2.059340e+01,2.063528e+01,2.063528e+01,2.053057e+01,2.053755e+01,2.062132e+01,2.058643e+01,2.064225e+01,2.060039e+01,2.071897e+01,2.073291e+01,2.069805e+01,2.069108e+01,2.073988e+01,2.078866e+01,2.087918e+01,2.076775e+01,2.082348e+01,2.087222e+01,2.087918e+01,2.090702e+01,2.087918e+01,2.105304e+01,2.090006e+01,2.086526e+01,2.090006e+01,2.090006e+01,2.086526e+01,2.078169e+01,2.087222e+01,2.094180e+01,2.085134e+01,2.087222e+01,2.076775e+01,2.091398e+01,2.097658e+01,2.076775e+01,2.082348e+01,2.072594e+01,2.095572e+01,2.096962e+01,2.080259e+01,2.064923e+01,2.067713e+01,2.048166e+01,2.059340e+01,2.050262e+01,2.042575e+01,2.052358e+01,2.048166e+01,2.051660e+01,2.045371e+01,2.045371e+01,2.046769e+01,2.050262e+01,2.042575e+01,2.042575e+01,2.053755e+01,2.052358e+01,2.057944e+01,2.055152e+01,2.034181e+01,2.039078e+01,2.042575e+01,2.040477e+01,2.046070e+01,2.047468e+01,2.045371e+01,2.040477e+01,2.043973e+01,2.050961e+01,2.044672e+01,2.043973e+01,2.051660e+01,2.046769e+01,2.059340e+01,2.053057e+01,2.043274e+01,2.052358e+01,2.048865e+01,2.061434e+01,2.050262e+01,2.048865e+01,2.050961e+01,2.052358e+01,2.048865e+01,2.036280e+01,2.053057e+01,2.041875e+01,2.046070e+01,2.048865e+01,2.048865e+01,2.047468e+01,2.045371e+01,2.034181e+01,2.051660e+01,2.046070e+01,2.054453e+01,2.053755e+01,2.053057e+01,2.053057e+01,2.055152e+01,2.053755e+01,2.050961e+01,2.050961e+01,2.050961e+01,2.053755e+01,2.040477e+01,2.041875e+01,2.055850e+01,2.042575e+01,2.039778e+01,2.039078e+01,2.044672e+01,2.048166e+01,2.046769e+01,2.039778e+01,2.036280e+01,2.040477e+01,2.041176e+01,2.043274e+01,2.048166e+01,2.053057e+01,2.050262e+01,2.043973e+01,2.056548e+01,2.049564e+01,2.042575e+01,2.059340e+01,2.045371e+01,2.058643e+01,2.053755e+01,2.043274e+01,2.044672e+01,2.048166e+01,2.049564e+01,2.048865e+01,2.054453e+01,2.052358e+01,2.055152e+01,2.054453e+01,2.036280e+01,2.055152e+01,2.059340e+01,2.035581e+01,2.029982e+01,2.046769e+01,2.048865e+01,2.048865e+01,2.041176e+01,2.046070e+01,2.049564e+01,2.065621e+01,2.033481e+01,2.036280e+01,2.046769e+01,2.055850e+01,2.048166e+01,2.040477e+01,2.044672e+01,2.036280e+01,2.041875e+01,2.044672e+01,2.034881e+01,2.051660e+01,2.057246e+01,2.048166e+01,2.046070e+01,2.046769e+01,2.046769e+01,2.054453e+01,2.078169e+01,2.082348e+01,2.081652e+01,2.080955e+01,2.080259e+01,2.084437e+01,2.070502e+01,2.050262e+01,2.046070e+01,2.050961e+01,2.036280e+01,2.044672e+01,2.052358e+01,2.038379e+01,2.043973e+01,2.052358e+01,2.047468e+01,2.051660e+01,2.037679e+01,2.043973e+01,2.052358e+01,2.053755e+01,2.044672e+01,2.069108e+01,2.060039e+01,2.065621e+01,2.058643e+01,2.046070e+01,2.052358e+01,2.057246e+01,2.046769e+01,2.055152e+01,2.060039e+01,2.060736e+01,2.067713e+01,2.062132e+01,2.062830e+01,2.074685e+01,2.064225e+01,2.054453e+01,2.072594e+01,2.064923e+01,2.063528e+01,2.050961e+01,2.058643e+01,2.064923e+01,2.056548e+01,2.061434e+01,2.041875e+01,2.054453e+01,2.053755e+01,2.053755e+01,2.048865e+01,2.044672e+01,2.062830e+01,2.058643e+01,2.056548e+01,2.053057e+01,2.053755e+01,2.058643e+01,2.071200e+01,2.057944e+01,2.059340e+01,2.063528e+01,2.056548e+01,2.056548e+01,2.046070e+01,2.058643e+01,2.057944e+01,2.059340e+01,2.056548e+01,2.061434e+01,2.055152e+01,2.055152e+01,2.042575e+01,2.054453e+01,2.055152e+01,2.036980e+01,2.058643e+01,2.053057e+01,2.050262e+01,2.044672e+01,2.059340e+01,2.057944e+01,2.053057e+01,2.053755e+01,2.048166e+01,2.052358e+01,2.056548e+01,2.055152e+01,2.057246e+01,2.045371e+01,2.046769e+01,2.043274e+01,2.058643e+01,2.043973e+01,2.053057e+01,2.043973e+01,2.054453e+01,2.046070e+01,2.048166e+01,2.057246e+01,2.061434e+01,2.050262e+01,2.052358e+01,2.045371e+01,2.039078e+01,2.049564e+01,2.045371e+01,2.057246e+01,2.058643e+01,2.071200e+01,2.053755e+01,2.057246e+01,2.060039e+01,2.055850e+01,2.034881e+01,2.055850e+01,2.046769e+01,2.039778e+01,2.046769e+01,2.058643e+01,2.052358e+01,2.048166e+01,2.059340e+01,2.050961e+01,2.050961e+01,2.043274e+01,2.049564e+01,2.044672e+01,2.050961e+01,2.053057e+01,2.053057e+01,2.039078e+01,2.051660e+01,2.050262e+01,2.046070e+01,2.042575e+01,2.055152e+01,2.037679e+01,2.051660e+01,2.045371e+01,2.044672e+01,2.048166e+01,2.074685e+01,2.049564e+01,2.053755e+01,2.053755e+01,2.048865e+01,2.053057e+01,2.048865e+01,2.048166e+01,2.046070e+01,2.034881e+01,2.058643e+01,2.043973e+01,2.064923e+01,2.065621e+01,2.073988e+01,2.078169e+01,2.078866e+01,2.093485e+01,2.092789e+01,2.094876e+01,2.090702e+01,2.108083e+01,2.099744e+01,2.094876e+01,2.091398e+01,2.091398e+01,2.098353e+01,2.103219e+01,2.095572e+01,2.093485e+01,2.092789e+01,2.098353e+01,2.083045e+01,2.089310e+01,2.107388e+01,2.087222e+01,2.088614e+01,2.092093e+01,2.093485e+01,2.106693e+01,2.090702e+01,2.099048e+01,2.094180e+01,2.087222e+01,2.071897e+01,2.094876e+01,2.094180e+01,2.090702e+01,2.093485e+01,2.096962e+01,2.094876e+01,2.099744e+01,2.102524e+01,2.099744e+01,2.098353e+01,2.099744e+01,2.097658e+01,2.096267e+01,2.098353e+01,2.099744e+01,2.099048e+01,2.092093e+01,2.094876e+01,2.108777e+01,2.102524e+01,2.104609e+01,2.101829e+01,2.099744e+01,2.101134e+01,2.099744e+01,2.102524e+01,2.084437e+01,2.092789e+01,2.092789e+01,2.073988e+01,2.094180e+01,2.093485e+01,2.096962e+01,2.101829e+01,2.098353e+01,2.090702e+01,2.095572e+01,2.092093e+01,2.087918e+01,2.092789e+01,2.090702e+01,2.094180e+01,2.086526e+01,2.086526e+01,2.086526e+01,2.102524e+01,2.085830e+01,2.100439e+01,2.097658e+01,2.092789e+01,2.081652e+01,2.092093e+01,2.097658e+01,2.083741e+01,2.096962e+01,2.101829e+01,2.096267e+01,2.097658e+01,2.092093e+01,2.092789e+01,2.088614e+01,2.101134e+01,2.105999e+01,2.094876e+01,2.107388e+01,2.096962e+01,2.101134e+01,2.101134e+01,2.092093e+01,2.101829e+01,2.102524e+01,2.094876e+01,2.089310e+01,2.087918e+01,2.096962e+01,2.079562e+01,2.102524e+01,2.082348e+01,2.069108e+01,2.072594e+01,2.067016e+01,2.076079e+01,2.070502e+01,2.076079e+01,2.054453e+01,2.049564e+01,2.072594e+01,2.055850e+01,2.043973e+01,2.040477e+01,2.047468e+01,2.054453e+01,2.060039e+01,2.042575e+01,2.052358e+01,2.057246e+01,2.041176e+01,2.050961e+01,2.038379e+01,2.044672e+01,2.057246e+01,2.056548e+01,2.054453e+01,2.043274e+01,2.048166e+01,2.041875e+01,2.047468e+01,2.053057e+01,2.050961e+01,2.041176e+01,2.049564e+01,2.041875e+01,2.053057e+01,2.062830e+01,2.050961e+01,2.055152e+01,2.048865e+01,2.051660e+01,2.049564e+01,2.039078e+01,2.054453e+01,2.034181e+01,2.059340e+01,2.052358e+01,2.043274e+01,2.043973e+01,2.043973e+01,2.049564e+01,2.050262e+01,2.054453e+01,2.056548e+01,2.055152e+01,2.053057e+01,2.060039e+01,2.070502e+01,2.052358e+01,2.046769e+01,2.042575e+01,2.041176e+01,2.069108e+01,2.048166e+01,2.046769e+01,2.053755e+01,2.055850e+01,2.059340e+01,2.048865e+01,2.052358e+01,2.057246e+01,2.062830e+01,2.050961e+01,2.051660e+01,2.053755e+01,2.048865e+01,2.041875e+01,2.040477e+01,2.044672e+01,2.044672e+01,2.045371e+01,2.046769e+01,2.046070e+01,2.066318e+01,2.049564e+01,2.042575e+01,2.042575e+01,2.043274e+01,2.064225e+01,2.039778e+01,2.043274e+01,2.049564e+01,2.044672e+01,2.042575e+01,2.046070e+01,2.035581e+01,2.052358e+01,2.041176e+01,2.041875e+01,2.047468e+01,2.054453e+01,2.047468e+01,2.052358e+01,2.053755e+01,2.057246e+01,2.057246e+01,2.052358e+01,2.060736e+01,2.055152e+01,2.048865e+01,2.061434e+01,2.055152e+01,2.055152e+01,2.053057e+01,2.058643e+01,2.053755e+01,2.052358e+01
2.069108e+01,2.062830e+01,2.080955e+01,2.067016e+01,2.063528e+01,2.061434e+01,2.059340e+01,2.062132e+01,2.054453e+01,2.048865e+01,2.071200e+01,2.071200e+01,2.051660e+01,2.055152e+01,2.050961e+01,2.049564e+01,2.043973e+01,2.043274e+01,2.043274e+01,2.036280e+01,2.034181e+01,2.032782e+01,2.041875e+01,2.032082e+01,2.039778e+01,2.042575e+01,2.036980e+01,2.045371e+01,2.034881e+01,2.043274e+01,2.031382e+01,2.034181e+01,2.030682e+01,2.037679e+01,2.043274e+01,2.046769e+01,2.031382e+01,2.043274e+01,2.046070e+01,2.045371e+01,2.043973e+01,2.043973e+01,2.045371e+01,2.029982e+01,2.032082e+01,2.043973e+01,2.043274e+01,2.046070e+01,2.047468e+01,2.050961e+01,2.040477e+01,2.057246e+01,2.062132e+01,2.087918e+01,2.096267e+01,2.083045e+01,2.091398e+01,2.078169e+01,2.082348e+01,2.083741e+01,2.085830e+01,2.059340e+01,2.049564e+01,2.057246e+01,2.055850e+01,2.060039e+01,2.047468e+01,2.055850e+01,2.053755e+01,2.053057e+01,2.035581e+01,2.078169e+01,2.050262e+01,2.046070e+01,2.058643e+01,2.060039e+01,2.062830e+01,2.062830e+01,2.057246e+01,2.053057e+01,2.049564e+01,2.064225e+01,2.051660e+01,2.051660e+01,2.060736e+01,2.064923e+01,2.057944e+01,2.055152e+01,2.062132e+01,2.055152e+01,2.054453e+01,2.062132e+01,2.058643e+01,2.062132e+01,2.063528e+01,2.066318e+01,2.061434e+01,2.068410e+01,2.067016e+01,2.072594e+01,2.080259e+01,2.083045e+01,2.085134e+01,2.078866e+01,2.073988e+01,2.081652e+01,2.071897e+01,2.085830e+01,2.089310e+01,2.073291e+01,2.093485e+01,2.091398e+01,2.087918e+01,2.086526e+01,2.086526e+01,2.084437e+01,2.086526e+01,2.087918e+01,2.090702e+01,2.083045e+01,2.078866e+01,2.059340e+01,2.073988e+01,2.055850e+01,2.071897e+01,2.090702e+01,2.094876e+01,2.064225e+01,2.080259e+01,2.039078e+01,2.033481e+01,2.033481e+01,2.034181e+01,2.054453e+01,2.043973e+01,2.037679e+01,2.048166e+01,2.044672e+01,2.039778e+01,2.051660e+01,2.050262e+01,2.049564e+01,2.046769e+01,2.050961e+01,2.041875e+01,2.053057e+01,2.058643e+01,2.038379e+01,2.026481e+01,2.039078e+01,2.043973e+01,2.039778e+01,2.035581e+01,2.040477e+01,2.053755e+01,2.050262e+01,2.045371e+01,2.043274e+01,2.046769e+01,2.050961e+01,2.048865e+01,2.057944e+01,2.060736e+01,2.042575e+01,2.040477e+01,2.041875e+01,2.051660e+01,2.051660e+01,2.055152e+01,2.047468e+01,2.050961e+01,2.024380e+01,2.036980e+01,2.049564e+01,2.046070e+01,2.051660e+01,2.048865e+01,2.053755e+01,2.067016e+01,2.051660e+01,2.036980e+01,2.036980e+01,2.029982e+01,2.048865e+01,2.050961e+01,2.039078e+01,2.047468e+01,2.048865e+01,2.043274e+01,2.039078e+01,2.044672e+01,2.049564e+01,2.046769e+01,2.029982e+01,2.041875e+01,2.043973e+01,2.058643e+01,2.050262e+01,2.039778e+01,2.046769e+01,2.036280e+01,2.046769e+01,2.040477e+01,2.036280e+01,2.059340e+01,2.041875e+01,2.042575e+01,2.051660e+01,2.055152e+01,2.056548e+01,2.048865e+01,2.043274e+01,2.039778e+01,2.044672e+01,2.046769e+01,2.058643e+01,2.058643e+01,2.042575e+01,2.039778e+01,2.046769e+01,2.043973e+01,2.054453e+01,2.046070e+01,2.053057e+01,2.060039e+01,2.053057e+01,2.049564e+01,2.033481e+01,2.047468e+01,2.050961e+01,2.048865e+01,2.053755e+01,2.046070e+01,2.046070e+01,2.045371e+01,2.041176e+01,2.047468e+01,2.043274e+01,2.053755e+01,2.053755e+01,2.041875e+01,2.042575e+01,2.050961e+01,2.039778e+01,2.038379e+01,2.055152e+01,2.049564e+01,2.042575e+01,2.046070e+01,2.048166e+01,2.043274e+01,2.045371e+01,2.047468e+01,2.046769e+01,2.043274e+01,2.047468e+01,2.062132e+01,2.082348e+01,2.086526e+01,2.078169e+01,2.084437e+01,2.078169e+01,2.078169e+01,2.071897e+01,2.055850e+01,2.041176e+01,2.040477e+01,2.060736e+01,2.049564e+01,2.047468e+01,2.036280e+01,2.039078e+01,2.029282e+01,2.050262e+01,2.054453e+01,2.039078e+01,2.052358e+01,2.046070e+01,2.043274e+01,2.061434e+01,2.055850e+01,2.060039e+01,2.059340e+01,2.055850e+01,2.055850e+01,2.057944e+01,2.053755e+01,2.054453e+01,2.063528e+01,2.060039e+01,2.057944e+01,2.070502e+01,2.062132e+01,2.054453e+01,2.064923e+01,2.063528e+01,2.063528e+01,2.056548e+01,2.055152e+01,2.060736e+01,2.067016e+01,2.052358e+01,2.055850e+01,2.055850e+01,2.055850e+01,2.053755e+01,2.055152e+01,2.046769e+01,2.041875e+01,2.057246e+01,2.042575e+01,2.046070e+01,2.053057e+01,2.048865e+01,2.052358e+01,2.052358e+01,2.055850e+01,2.060736e+01,2.062132e+01,2.062830e+01,2.061434e+01,2.058643e+01,2.061434e+01,2.067016e+01,2.068410e+01,2.058643e+01,2.061434e+01,2.060736e+01,2.057944e+01,2.057944e+01,2.069108e+01,2.039078e+01,2.041176e+01,2.036280e+01,2.040477e+01,2.038379e+01,2.054453e+01,2.043274e+01,2.043274e+01,2.058643e+01,2.043274e+01,2.057944e+01,2.056548e+01,2.057944e+01,2.055152e+01,2.043274e+01,2.040477e+01,2.054453e+01,2.049564e+01,2.047468e+01,2.042575e+01,2.044672e+01,2.043274e+01,2.044672e+01,2.044672e+01,2.046070e+01,2.044672e+01,2.054453e+01,2.051660e+01,2.057246e+01,2.049564e+01,2.047468e+01,2.068410e+01,2.046070e+01,2.049564e+01,2.053057e+01,2.046070e+01,2.056548e+01,2.055152e+01,2.043973e+01,2.046070e+01,2.053057e+01,2.051660e+01,2.058643e+01,2.036280e+01,2.056548e+01,2.055850e+01,2.048865e+01,2.048865e+01,2.049564e+01,2.054453e+01,2.055152e+01,2.039778e+01,2.043973e+01,2.051660e+01,2.043973e+01,2.043274e+01,2.057246e+01,2.053057e+01,2.048865e+01,2.053057e+01,2.047468e+01,2.045371e+01,2.036280e+01,2.071200e+01,2.047468e+01,2.049564e+01,2.053057e+01,2.049564e+01,2.055152e+01,2.054453e+01,2.049564e+01,2.039778e+01,2.054453e+01,2.051660e+01,2.053057e+01,2.041875e+01,2.052358e+01,2.040477e+01,2.036980e+01,2.046070e+01,2.046070e+01,2.044672e+01,2.046769e+01,2.049564e+01,2.063528e+01,2.057246e+01,2.095572e+01,2.094180e+01,2.101829e+01,2.080955e+01,2.083045e+01,2.099048e+01,2.090006e+01,2.094180e+01,2.096267e+01,2.099048e+01,2.096962e+01,2.096267e+01,2.088614e+01,2.089310e+01,2.112250e+01,2.098353e+01,2.087918e+01,2.090006e+01,2.093485e+01,2.096962e+01,2.107388e+01,2.097658e+01,2.092093e+01,2.089310e+01,2.097658e+01,2.097658e+01,2.091398e+01,2.091398e+01,2.089310e+01,2.088614e+01,2.090702e+01,2.091398e+01,2.095572e+01,2.091398e+01,2.105999e+01,2.101829e+01,2.102524e+01,2.092093e+01,2.096267e+01,2.091398e+01,2.105999e+01,2.102524e+01,2.105999e+01,2.103219e+01,2.092093e+01,2.092093e+01,2.108777e+01,2.094876e+01,2.085830e+01,2.100439e+01,2.100439e+01,2.084437e+01,2.101134e+01,2.098353e+01,2.090702e+01,2.094876e+01,2.092789e+01,2.092789e+01,2.090702e+01,2.091398e+01,2.105999e+01,2.080259e+01,2.099048e+01,2.092789e+01,2.095572e+01,2.098353e+01,2.092789e+01,2.110861e+01,2.097658e+01,2.092789e+01,2.092789e+01,2.090006e+01,2.099744e+01,2.089310e+01,2.090006e+01,2.087222e+01,2.098353e+01,2.077472e+01,2.092789e+01,2.091398e+01,2.093485e+01,2.083045e+01,2.094180e+01,2.094876e+01,2.094180e+01,2.094180e+01,2.092789e+01,2.087222e+01,2.102524e+01,2.102524e+01,2.092789e+01,2.103219e+01,2.105999e+01,2.103914e+01,2.106693e+01,2.103914e+01,2.102524e+01,2.096267e+01,2.099744e+01,2.099048e+01,2.090702e+01,2.108777e+01,2.095572e+01,2.098353e+01,2.091398e+01,2.102524e+01,2.083045e+01,2.094876e+01,2.076079e+01,2.060039e+01,2.067713e+01,2.060039e+01,2.078169e+01,2.059340e+01,2.052358e+01,2.055850e+01,2.050961e+01,2.055850e+01,2.062830e+01,2.050961e+01,2.048166e+01,2.051660e+01,2.044672e+01,2.045371e+01,2.043973e+01,2.055850e+01,2.058643e+01,2.052358e+01,2.050961e+01,2.053057e+01,2.047468e+01,2.049564e+01,2.048166e+01,2.043274e+01,2.043274e+01,2.041875e+01,2.041875e+01,2.042575e+01,2.055152e+01,2.055850e+01,2.052358e+01,2.052358e+01,2.053057e+01,2.050262e+01,2.052358e+01,2.049564e+01,2.048166e+01,2.049564e+01,2.050961e+01,2.055850e+01,2.032782e+01,2.051660e+01,2.060736e+01,2.032782e+01,2.041875e+01,2.057246e+01,2.044672e+01,2.049564e+01,2.060736e+01,2.056548e+01,2.048166e+01,2.057944e+01,2.063528e+01,2.050961e+01,2.048865e+01,2.053755e+01,2.053755e+01,2.046070e+01,2.044672e+01,2.073988e+01,2.050961e+01,2.048865e+01,2.052358e+01,2.053057e+01,2.049564e+01,2.048865e+01,2.052358e+01,2.055850e+01,2.053755e+01,2.053057e+01,2.041875e+01,2.051660e+01,2.050262e+01,2.042575e+01,2.044672e+01,2.043274e+01,2.057944e+01,2.041875e+01,2.045371e+01,2.053057e+01,2.055850e+01,2.050262e+01,2.050262e+01,2.043973e+01,2.055850e+01,2.053755e+01,2.053057e+01,2.055850e+01,2.049564e+01,2.042575e+01,2.073988e+01,2.058643e+01,2.048865e+01,2.043973e+01,2.045371e+01,2.043973e+01,2.044672e+01,2.056548e+01,2.044672e+01,2.050961e+01,2.046769e+01,2.048166e+01,2.047468e+01,2.043973e+01,2.062830e+01,2.046070e+01,2.052358e+01,2.062830e+01,2.065621e+01,2.044672e+01,2.054453e+01,2.065621e+01,2.055152e+01
2.067713e+01,2.055850e+01,2.066318e+01,2.066318e+01,2.065621e+01,2.060736e+01,2.062830e+01,2.071200e+01,2.073291e+01,2.071200e+01,2.071200e+01,2.050262e+01,2.066318e+01,2.049564e+01,2.054453e+01,2.048865e+01,2.064923e+01,2.034881e+01,2.047468e+01,2.045371e+01,2.038379e+01,2.041176e+01,2.045371e+01,2.045371e+01,2.030682e+01,2.025781e+01,2.035581e+01,2.042575e+01,2.036980e+01,2.032782e+01,2.041176e+01,2.037679e+01,2.041875e+01,2.048166e+01,2.040477e+01,2.036280e+01,2.045371e+01,2.048166e+01,2.034881e+01,2.036280e+01,2.045371e+01,2.043973e+01,2.036280e+01,2.025080e+01,2.034881e+01,2.046769e+01,2.043973e+01,2.042575e+01,2.027881e+01,2.043274e+01,2.051660e+01,2.071200e+01,2.084437e+01,2.085830e+01,2.094876e+01,2.089310e+01,2.076079e+01,2.090702e+01,2.083741e+01,2.106693e+01,2.090006e+01,2.074685e+01,2.066318e+01,2.055850e+01,2.055152e+01,2.070502e+01,2.060039e+01,2.060039e+01,2.043274e+01,2.059340e+01,2.057246e+01,2.056548e+01,2.055850e+01,2.053755e+01,2.060736e+01,2.047468e+01,2.071897e+01,2.050262e+01,2.067713e+01,2.051660e+01,2.062830e+01,2.068410e+01,2.054453e+01,2.076079e+01,2.079562e+01,2.064923e+01,2.057246e+01,2.055850e+01,2.054453e+01,2.065621e+01,2.064923e+01,2.063528e+01,2.065621e+01,2.063528e+01,2.061434e+01,2.062830e+01,2.062132e+01,2.073988e+01,2.073291e+01,2.070502e+01,2.075382e+01,2.091398e+01,2.075382e+01,2.083741e+01,2.086526e+01,2.085830e+01,2.068410e+01,2.085134e+01,2.092789e+01,2.067016e+01,2.076775e+01,2.085830e+01,2.076775e+01,2.087222e+01,2.084437e+01,2.085134e+01,2.067713e+01,2.086526e+01,2.078866e+01,2.073988e+01,2.086526e+01,2.069108e+01,2.057944e+01,2.077472e+01,2.073988e+01,2.076079e+01,2.093485e+01,2.064225e+01,2.084437e+01,2.046769e+01,2.048166e+01,2.046769e+01,2.048865e+01,2.051660e+01,2.057246e+01,2.055152e+01,2.046769e+01,2.044672e+01,2.051660e+01,2.060736e+01,2.050961e+01,2.043973e+01,2.042575e+01,2.041875e+01,2.051660e+01,2.049564e+01,2.045371e+01,2.039078e+01,2.057944e+01,2.045371e+01,2.048166e+01,2.052358e+01,2.039078e+01,2.058643e+01,2.042575e+01,2.043973e+01,2.041875e+01,2.043973e+01,2.041875e+01,2.046769e+01,2.043973e+01,2.040477e+01,2.060039e+01,2.043973e+01,2.041176e+01,2.041176e+01,2.048865e+01,2.050262e+01,2.050262e+01,2.052358e+01,2.050262e+01,2.056548e+01,2.045371e+01,2.037679e+01,2.041875e+01,2.046070e+01,2.043973e+01,2.049564e+01,2.048166e+01,2.044672e+01,2.053755e+01,2.044672e+01,2.055152e+01,2.043973e+01,2.055152e+01,2.054453e+01,2.044672e+01,2.057246e+01,2.048865e+01,2.045371e+01,2.055850e+01,2.046070e+01,2.045371e+01,2.042575e+01,2.044672e+01,2.037679e+01,2.040477e+01,2.049564e+01,2.047468e+01,2.036280e+01,2.039778e+01,2.041875e+01,2.050961e+01,2.051660e+01,2.052358e+01,2.041176e+01,2.041875e+01,2.041875e+01,2.046070e+01,2.049564e+01,2.050961e+01,2.058643e+01,2.048166e+01,2.056548e+01,2.042575e+01,2.047468e+01,2.051660e+01,2.054453e+01,2.048865e+01,2.046070e+01,2.049564e+01,2.055152e+01,2.044672e+01,2.041176e+01,2.052358e+01,2.044672e+01,2.055152e+01,2.048166e+01,2.044672e+01,2.036980e+01,2.039778e+01,2.043274e+01,2.043973e+01,2.062132e+01,2.045371e+01,2.045371e+01,2.050961e+01,2.045371e+01,2.043973e+01,2.040477e+01,2.042575e+01,2.033481e+01,2.052358e+01,2.043973e+01,2.049564e+01,2.046070e+01,2.054453e+01,2.031382e+01,2.046070e+01,2.048166e+01,2.044672e+01,2.043274e+01,2.040477e+01,2.044672e+01,2.061434e+01,2.053755e+01,2.062830e+01,2.074685e+01,2.080955e+01,2.076079e+01,2.083741e+01,2.081652e+01,2.073291e+01,2.059340e+01,2.044672e+01,2.039078e+01,2.057944e+01,2.040477e+01,2.036980e+01,2.046769e+01,2.050961e+01,2.032782e+01,2.034881e+01,2.048166e+01,2.050961e+01,2.063528e+01,2.073291e+01,2.050961e+01,2.050961e+01,2.054453e+01,2.052358e+01,2.067713e+01,2.046769e+01,2.064225e+01,2.057944e+01,2.057944e+01,2.050262e+01,2.052358e+01,2.060039e+01,2.059340e+01,2.060039e+01,2.067016e+01,2.059340e+01,2.069108e+01,2.063528e+01,2.068410e+01,2.061434e+01,2.064225e+01,2.063528e+01,2.064225e+01,2.067713e+01,2.055850e+01,2.063528e+01,2.055152e+01,2.056548e+01,2.058643e+01,2.056548e+01,2.057246e+01,2.076079e+01,2.058643e+01,2.060039e+01,2.064225e+01,2.064923e+01,2.057246e+01,2.052358e+01,2.055152e+01,2.067016e+01,2.062830e+01,2.066318e+01,2.064923e+01,2.064923e+01,2.065621e+01,2.056548e+01,2.067016e+01,2.058643e+01,2.060039e+01,2.056548e+01,2.048166e+01,2.067713e+01,2.065621e+01,2.051660e+01,2.036980e+01,2.053755e+01,2.043973e+01,2.043274e+01,2.045371e+01,2.044672e+01,2.041875e+01,2.043274e+01,2.060736e+01,2.048166e+01,2.054453e+01,2.059340e+01,2.060039e+01,2.057246e+01,2.055152e+01,2.052358e+01,2.045371e+01,2.046070e+01,2.050961e+01,2.044672e+01,2.050262e+01,2.055152e+01,2.040477e+01,2.057246e+01,2.055850e+01,2.057246e+01,2.060039e+01,2.053057e+01,2.057944e+01,2.056548e+01,2.048865e+01,2.042575e+01,2.053057e+01,2.052358e+01,2.052358e+01,2.052358e+01,2.051660e+01,2.053057e+01,2.069805e+01,2.052358e+01,2.046070e+01,2.048166e+01,2.059340e+01,2.056548e+01,2.056548e+01,2.058643e+01,2.053057e+01,2.043973e+01,2.062132e+01,2.041176e+01,2.061434e+01,2.049564e+01,2.044672e+01,2.043973e+01,2.042575e+01,2.046070e+01,2.047468e+01,2.064225e+01,2.057944e+01,2.055152e+01,2.048865e+01,2.050961e+01,2.046769e+01,2.047468e+01,2.050961e+01,2.051660e+01,2.046769e+01,2.054453e+01,2.057246e+01,2.053057e+01,2.039078e+01,2.050262e+01,2.047468e+01,2.048166e+01,2.048865e+01,2.050262e+01,2.038379e+01,2.036980e+01,2.038379e+01,2.033481e+01,2.039778e+01,2.054453e+01,2.045371e+01,2.049564e+01,2.060039e+01,2.062132e+01,2.076775e+01,2.100439e+01,2.094180e+01,2.081652e+01,2.090702e+01,2.091398e+01,2.090702e+01,2.096267e+01,2.087222e+01,2.085134e+01,2.102524e+01,2.099744e+01,2.104609e+01,2.099048e+01,2.097658e+01,2.096962e+01,2.103219e+01,2.085134e+01,2.109472e+01,2.101134e+01,2.088614e+01,2.098353e+01,2.096267e+01,2.090006e+01,2.080259e+01,2.091398e+01,2.116415e+01,2.088614e+01,2.089310e+01,2.094180e+01,2.087918e+01,2.087918e+01,2.094876e+01,2.094180e+01,2.103219e+01,2.092093e+01,2.103219e+01,2.103914e+01,2.092789e+01,2.110861e+01,2.094180e+01,2.104609e+01,2.095572e+01,2.093485e+01,2.101829e+01,2.097658e+01,2.102524e+01,2.098353e+01,2.103219e+01,2.099744e+01,2.100439e+01,2.101134e+01,2.096962e+01,2.094876e+01,2.091398e+01,2.090006e+01,2.092789e+01,2.102524e+01,2.100439e+01,2.098353e+01,2.092789e+01,2.092093e+01,2.094876e+01,2.111555e+01,2.089310e+01,2.109472e+01,2.102524e+01,2.094180e+01,2.100439e+01,2.094180e+01,2.093485e+01,2.092093e+01,2.094180e+01,2.105999e+01,2.094876e+01,2.099048e+01,2.099048e+01,2.096267e+01,2.088614e+01,2.094180e+01,2.083741e+01,2.092093e+01,2.090702e+01,2.094876e+01,2.083045e+01,2.094876e+01,2.087918e+01,2.099048e+01,2.081652e+01,2.097658e+01,2.104609e+01,2.104609e+01,2.095572e+01,2.097658e+01,2.081652e+01,2.083741e+01,2.101829e+01,2.098353e+01,2.088614e+01,2.095572e+01,2.091398e+01,2.101829e+01,2.091398e+01,2.101134e+01,2.101829e+01,2.104609e+01,2.097658e+01,2.096267e+01,2.077472e+01,2.068410e+01,2.063528e+01,2.078169e+01,2.078169e+01,2.062830e+01,2.032782e+01,2.078169e+01,2.062830e+01,2.052358e+01,2.048166e+01,2.045371e+01,2.069805e+01,2.062132e+01,2.055850e+01,2.043973e+01,2.042575e+01,2.048865e+01,2.063528e+01,2.060039e+01,2.048865e+01,2.048865e+01,2.047468e+01,2.052358e+01,2.055152e+01,2.048865e+01,2.039778e+01,2.059340e+01,2.048166e+01,2.040477e+01,2.051660e+01,2.046769e+01,2.053057e+01,2.056548e+01,2.048865e+01,2.050961e+01,2.053057e+01,2.055850e+01,2.046769e+01,2.062830e+01,2.050262e+01,2.050961e+01,2.050961e+01,2.059340e+01,2.048865e+01,2.046769e+01,2.055152e+01,2.044672e+01,2.057944e+01,2.067016e+01,2.062132e+01,2.050961e+01,2.059340e+01,2.055850e+01,2.056548e+01,2.062132e+01,2.053057e+01,2.037679e+01,2.037679e+01,2.049564e+01,2.052358e+01,2.050961e+01,2.057246e+01,2.053057e+01,2.054453e+01,2.056548e+01,2.054453e+01,2.061434e+01,2.053755e+01,2.055850e+01,2.054453e+01,2.055152e+01,2.057246e+01,2.050961e+01,2.042575e+01,2.040477e+01,2.044672e+01,2.064923e+01,2.049564e+01,2.052358e+01,2.060039e+01,2.050262e+01,2.064225e+01,2.069805e+01,2.052358e+01,2.044672e+01,2.050262e+01,2.049564e+01,2.046070e+01,2.062132e+01,2.055850e+01,2.058643e+01,2.056548e+01,2.060039e+01,2.051660e+01,2.048166e+01,2.054453e+01,2.061434e+01,2.057246e+01,2.057246e+01,2.055152e+01,2.055152e+01,2.054453e+01,2.042575e+01,2.057246e+01,2.043274e+01,2.070502e+01,2.052358e+01,2.069805e+01,2.050961e+01,2.067713e+01,2.063528e+01,2.043274e+01,2.064225e+01,2.061434e+01
2.075382e+01,2.079562e+01,2.075382e+01,2.076775e+01,2.068410e+01,2.077472e+01,2.057944e+01,2.071897e+01,2.062132e+01,2.069805e+01,2.071897e+01,2.053755e+01,2.051660e+01,2.057246e+01,2.052358e+01,2.044672e+01,2.041176e+01,2.065621e+01,2.044672e+01,2.038379e+01,2.049564e+01,2.055152e+01,2.036280e+01,2.044672e+01,2.029982e+01,2.029282e+01,2.036980e+01,2.048166e+01,2.039778e+01,2.039078e+01,2.039778e+01,2.032082e+01,2.032782e+01,2.036980e+01,2.046070e+01,2.043973e+01,2.031382e+01,2.034881e+01,2.034881e+01,2.034881e+01,2.045371e+01,2.044672e+01,2.044672e+01,2.050262e+01,2.032782e+01,2.046769e+01,2.038379e+01,2.041875e+01,2.044672e+01,2.042575e+01,2.045371e+01,2.053057e+01,2.053057e+01,2.099744e+01,2.080259e+01,2.071897e+01,2.073291e+01,2.063528e+01,2.083741e+01,2.091398e+01,2.069805e+01,2.051660e+01,2.046769e+01,2.055152e+01,2.047468e+01,2.053057e+01,2.055152e+01,2.058643e+01,2.067016e+01,2.036980e+01,2.060736e+01,2.063528e+01,2.049564e+01,2.066318e+01,2.061434e+01,2.044672e+01,2.061434e+01,2.069805e+01,2.053057e+01,2.055152e+01,2.067016e+01,2.069108e+01,2.071200e+01,2.063528e+01,2.057944e+01,2.060039e+01,2.057944e+01,2.064923e+01,2.063528e+01,2.055850e+01,2.060039e+01,2.059340e+01,2.067016e+01,2.071897e+01,2.062830e+01,2.064225e+01,2.062830e+01,2.069108e+01,2.067713e+01,2.069108e+01,2.066318e+01,2.076079e+01,2.078866e+01,2.076775e+01,2.075382e+01,2.071897e+01,2.085830e+01,2.086526e+01,2.063528e+01,2.057944e+01,2.057246e+01,2.064923e+01,2.078866e+01,2.061434e+01,2.096267e+01,2.063528e+01,2.068410e+01,2.083045e+01,2.070502e+01,2.073291e+01,2.079562e+01,2.079562e+01,2.053755e+01,2.062830e+01,2.064923e+01,2.079562e+01,2.092789e+01,2.073291e+01,2.046769e+01,2.064225e+01,2.052358e+01,2.029982e+01,2.041875e+01,2.060039e+01,2.057246e+01,2.041875e+01,2.066318e+01,2.055152e+01,2.047468e+01,2.052358e+01,2.043274e+01,2.048166e+01,2.048865e+01,2.055850e+01,2.049564e+01,2.045371e+01,2.047468e+01,2.053755e+01,2.055152e+01,2.034181e+01,2.069108e+01,2.033481e+01,2.034181e+01,2.033481e+01,2.043973e+01,2.046070e+01,2.053755e+01,2.041176e+01,2.043274e+01,2.046769e+01,2.052358e+01,2.051660e+01,2.040477e+01,2.043973e+01,2.041176e+01,2.040477e+01,2.053057e+01,2.053755e+01,2.048166e+01,2.050262e+01,2.048865e+01,2.046070e+01,2.057944e+01,2.040477e+01,2.039778e+01,2.043973e+01,2.056548e+01,2.043274e+01,2.041176e+01,2.050262e+01,2.044672e+01,2.035581e+01,2.052358e+01,2.048166e+01,2.040477e+01,2.049564e+01,2.038379e+01,2.048166e+01,2.049564e+01,2.047468e+01,2.047468e+01,2.039778e+01,2.044672e+01,2.043274e+01,2.038379e+01,2.041875e+01,2.034881e+01,2.042575e+01,2.039078e+01,2.035581e+01,2.044672e+01,2.071200e+01,2.050262e+01,2.046769e+01,2.052358e+01,2.048865e+01,2.039078e+01,2.044672e+01,2.050262e+01,2.047468e+01,2.041875e+01,2.046070e+01,2.042575e+01,2.041176e+01,2.046769e+01,2.026481e+01,2.046070e+01,2.049564e+01,2.037679e+01,2.055850e+01,2.055850e+01,2.050262e+01,2.053755e+01,2.045371e+01,2.039778e+01,2.045371e+01,2.044672e+01,2.044672e+01,2.046070e+01,2.043274e+01,2.043274e+01,2.035581e+01,2.043274e+01,2.044672e+01,2.045371e+01,2.052358e+01,2.053057e+01,2.040477e+01,2.040477e+01,2.055850e+01,2.057944e+01,2.043274e+01,2.049564e+01,2.034881e+01,2.037679e+01,2.049564e+01,2.042575e+01,2.048166e+01,2.033481e+01,2.052358e+01,2.046769e+01,2.048166e+01,2.046070e+01,2.047468e+01,2.041176e+01,2.056548e+01,2.062830e+01,2.080259e+01,2.087222e+01,2.076775e+01,2.070502e+01,2.085134e+01,2.073291e+01,2.062132e+01,2.055850e+01,2.038379e+01,2.036980e+01,2.040477e+01,2.055152e+01,2.039078e+01,2.039078e+01,2.036980e+01,2.039778e+01,2.053755e+01,2.053755e+01,2.043274e+01,2.043973e+01,2.042575e+01,2.051660e+01,2.053755e+01,2.050262e+01,2.054453e+01,2.055152e+01,2.051660e+01,2.057944e+01,2.054453e+01,2.062132e+01,2.058643e+01,2.055152e+01,2.062132e+01,2.062132e+01,2.068410e+01,2.067016e+01,2.062132e+01,2.065621e+01,2.068410e+01,2.069108e+01,2.064923e+01,2.056548e+01,2.065621e+01,2.061434e+01,2.055152e+01,2.055850e+01,2.055850e+01,2.057944e+01,2.061434e+01,2.049564e+01,2.056548e+01,2.060039e+01,2.060039e+01,2.060039e+01,2.063528e+01,2.055850e+01,2.046769e+01,2.057944e+01,2.055850e+01,2.062132e+01,2.060039e+01,2.062132e+01,2.061434e+01,2.062132e+01,2.051660e+01,2.060039e+01,2.060039e+01,2.061434e+01,2.062132e+01,2.058643e+01,2.051660e+01,2.055850e+01,2.043274e+01,2.043973e+01,2.039778e+01,2.045371e+01,2.046070e+01,2.041875e+01,2.039778e+01,2.058643e+01,2.041875e+01,2.045371e+01,2.052358e+01,2.058643e+01,2.060039e+01,2.061434e+01,2.056548e+01,2.055850e+01,2.056548e+01,2.052358e+01,2.049564e+01,2.047468e+01,2.046769e+01,2.037679e+01,2.045371e+01,2.044672e+01,2.054453e+01,2.053057e+01,2.047468e+01,2.050262e+01,2.054453e+01,2.049564e+01,2.048865e+01,2.048865e+01,2.063528e+01,2.059340e+01,2.050961e+01,2.052358e+01,2.048166e+01,2.053057e+01,2.050961e+01,2.046070e+01,2.033481e+01,2.072594e+01,2.051660e+01,2.049564e+01,2.053755e+01,2.051660e+01,2.052358e+01,2.054453e+01,2.051660e+01,2.042575e+01,2.046769e+01,2.046070e+01,2.048166e+01,2.042575e+01,2.039778e+01,2.046769e+01,2.041875e+01,2.053755e+01,2.055152e+01,2.057944e+01,2.048166e+01,2.048865e+01,2.046070e+01,2.054453e+01,2.046070e+01,2.048865e+01,2.046769e+01,2.048865e+01,2.050961e+01,2.052358e+01,2.062830e+01,2.052358e+01,2.053057e+01,2.049564e+01,2.053057e+01,2.046070e+01,2.044672e+01,2.041875e+01,2.038379e+01,2.050961e+01,2.037679e+01,2.038379e+01,2.039778e+01,2.050961e+01,2.048166e+01,2.054453e+01,2.069108e+01,2.079562e+01,2.094876e+01,2.078169e+01,2.088614e+01,2.089310e+01,2.093485e+01,2.087222e+01,2.089310e+01,2.085134e+01,2.086526e+01,2.087918e+01,2.092789e+01,2.086526e+01,2.090702e+01,2.095572e+01,2.096962e+01,2.097658e+01,2.090006e+01,2.092789e+01,2.092093e+01,2.085830e+01,2.089310e+01,2.095572e+01,2.099048e+01,2.094180e+01,2.094876e+01,2.086526e+01,2.082348e+01,2.088614e+01,2.088614e+01,2.090006e+01,2.081652e+01,2.096962e+01,2.087222e+01,2.095572e+01,2.093485e+01,2.101829e+01,2.091398e+01,2.088614e+01,2.110861e+01,2.117803e+01,2.115721e+01,2.093485e+01,2.102524e+01,2.105304e+01,2.094876e+01,2.106693e+01,2.101829e+01,2.096962e+01,2.109472e+01,2.088614e+01,2.098353e+01,2.094876e+01,2.101134e+01,2.094180e+01,2.099744e+01,2.097658e+01,2.102524e+01,2.083045e+01,2.094180e+01,2.092789e+01,2.093485e+01,2.090702e+01,2.097658e+01,2.094180e+01,2.085830e+01,2.094180e+01,2.095572e+01,2.101134e+01,2.093485e+01,2.094876e+01,2.096267e+01,2.090702e+01,2.108777e+01,2.092093e+01,2.090702e+01,2.090702e+01,2.080955e+01,2.088614e+01,2.090702e+01,2.086526e+01,2.086526e+01,2.085830e+01,2.096267e+01,2.095572e+01,2.092093e+01,2.081652e+01,2.105304e+01,2.094876e+01,2.090006e+01,2.101829e+01,2.102524e+01,2.088614e+01,2.106693e+01,2.094180e+01,2.085830e+01,2.095572e+01,2.096962e+01,2.090702e+01,2.098353e+01,2.096962e+01,2.087918e+01,2.099048e+01,2.090006e+01,2.095572e+01,2.090006e+01,2.097658e+01,2.087222e+01,2.083045e+01,2.096267e+01,2.078169e+01,2.063528e+01,2.075382e+01,2.082348e+01,2.077472e+01,2.056548e+01,2.050961e+01,2.051660e+01,2.044672e+01,2.055850e+01,2.049564e+01,2.032782e+01,2.046769e+01,2.050262e+01,2.060039e+01,2.046769e+01,2.053755e+01,2.044672e+01,2.049564e+01,2.050961e+01,2.046070e+01,2.044672e+01,2.050262e+01,2.051660e+01,2.055850e+01,2.051660e+01,2.042575e+01,2.050262e+01,2.050262e+01,2.055850e+01,2.054453e+01,2.055152e+01,2.057944e+01,2.052358e+01,2.048166e+01,2.051660e+01,2.051660e+01,2.060736e+01,2.067713e+01,2.054453e+01,2.056548e+01,2.059340e+01,2.048865e+01,2.060736e+01,2.047468e+01,2.048166e+01,2.046070e+01,2.046070e+01,2.048166e+01,2.055850e+01,2.053057e+01,2.055850e+01,2.053755e+01,2.064923e+01,2.056548e+01,2.049564e+01,2.050961e+01,2.057246e+01,2.034881e+01,2.045371e+01,2.073291e+01,2.057246e+01,2.048865e+01,2.051660e+01,2.061434e+01,2.046070e+01,2.061434e+01,2.056548e+01,2.056548e+01,2.059340e+01,2.051660e+01,2.060736e+01,2.060039e+01,2.048865e+01,2.043973e+01,2.046769e+01,2.053755e+01,2.054453e+01,2.052358e+01,2.048166e+01,2.043274e+01,2.066318e+01,2.060736e+01,2.067016e+01,2.048865e+01,2.057944e+01,2.045371e+01,2.057944e+01,2.057944e+01,2.046769e+01,2.062830e+01,2.052358e+01,2.055152e+01,2.054453e+01,2.043973e+01,2.046769e+01,2.060039e+01,2.055152e+01,2.056548e+01,2.064923e+01,2.064923e+01,2.046769e+01,2.051660e+01,2.050961e+01,2.058643e+01,2.052358e+01,2.057944e+01,2.064923e+01,2.050262e+01,2.062830e+01,2.047468e+01,2.063528e+01,2.063528e+01,2.061434e+01
2.087918e+01,2.086526e+01,2.081652e+01,2.056548e+01,2.063528e+01,2.062132e+01,2.060039e+01,2.056548e+01,2.052358e+01,2.057944e+01,2.064923e+01,2.071200e+01,2.065621e+01,2.072594e+01,2.074685e+01,2.069108e+01,2.036280e+01,2.039078e+01,2.044672e+01,2.048865e+01,2.044672e+01,2.040477e+01,2.047468e+01,2.037679e+01,2.040477e+01,2.027881e+01,2.048166e+01,2.046769e+01,2.027881e+01,2.029282e+01,2.043274e+01,2.030682e+01,2.032082e+01,2.035581e+01,2.029982e+01,2.034881e+01,2.036980e+01,2.032082e+01,2.027881e+01,2.029982e+01,2.043973e+01,2.032082e+01,2.038379e+01,2.034181e+01,2.032782e+01,2.048865e+01,2.041176e+01,2.038379e+01,2.042575e+01,2.044672e+01,2.048166e+01,2.061434e+01,2.071200e+01,2.080259e+01,2.058643e+01,2.076775e+01,2.064225e+01,2.063528e+01,2.073291e+01,2.090006e+01,2.071897e+01,2.053755e+01,2.048865e+01,2.050262e+01,2.052358e+01,2.048166e+01,2.051660e+01,2.052358e+01,2.058643e+01,2.057944e+01,2.062830e+01,2.053755e+01,2.062830e+01,2.049564e+01,2.052358e+01,2.060736e+01,2.062830e+01,2.058643e+01,2.055152e+01,2.054453e+01,2.069108e+01,2.056548e+01,2.064923e+01,2.061434e+01,2.057246e+01,2.059340e+01,2.060039e+01,2.067713e+01,2.071200e+01,2.057944e+01,2.062132e+01,2.066318e+01,2.080955e+01,2.066318e+01,2.064225e+01,2.060736e+01,2.055152e+01,2.067016e+01,2.060039e+01,2.073291e+01,2.053057e+01,2.074685e+01,2.073988e+01,2.076775e+01,2.076775e+01,2.062830e+01,2.062132e+01,2.059340e+01,2.057944e+01,2.055152e+01,2.054453e+01,2.053755e+01,2.056548e+01,2.055152e+01,2.058643e+01,2.061434e+01,2.065621e+01,2.060039e+01,2.048865e+01,2.053057e+01,2.062830e+01,2.046070e+01,2.043973e+01,2.043973e+01,2.072594e+01,2.092093e+01,2.095572e+01,2.086526e+01,2.069108e+01,2.047468e+01,2.052358e+01,2.053755e+01,2.047468e+01,2.055850e+01,2.048166e+01,2.053057e+01,2.063528e+01,2.048865e+01,2.063528e+01,2.039778e+01,2.054453e+01,2.036280e+01,2.048865e+01,2.049564e+01,2.060039e+01,2.048865e+01,2.038379e+01,2.055152e+01,2.052358e+01,2.043973e+01,2.048865e+01,2.040477e+01,2.051660e+01,2.036980e+01,2.046769e+01,2.050961e+01,2.042575e+01,2.050262e+01,2.046769e+01,2.046769e+01,2.043274e+01,2.055850e+01,2.042575e+01,2.041875e+01,2.039078e+01,2.039078e+01,2.042575e+01,2.047468e+01,2.049564e+01,2.045371e+01,2.046070e+01,2.045371e+01,2.048166e+01,2.044672e+01,2.043274e+01,2.041875e+01,2.046070e+01,2.042575e+01,2.036980e+01,2.057944e+01,2.055850e+01,2.055152e+01,2.055152e+01,2.046070e+01,2.046769e+01,2.051660e+01,2.042575e+01,2.048166e+01,2.049564e+01,2.048865e+01,2.042575e+01,2.050262e+01,2.038379e+01,2.050961e+01,2.039078e+01,2.041176e+01,2.036980e+01,2.038379e+01,2.036980e+01,2.049564e+01,2.032082e+01,2.045371e+01,2.055152e+01,2.040477e+01,2.050961e+01,2.035581e+01,2.056548e+01,2.052358e+01,2.055850e+01,2.046070e+01,2.048865e+01,2.046769e+01,2.046070e+01,2.048865e+01,2.046769e+01,2.043274e+01,2.046070e+01,2.043274e+01,2.057246e+01,2.051660e+01,2.055152e+01,2.048865e+01,2.027881e+01,2.041875e+01,2.041176e+01,2.046070e+01,2.048166e+01,2.043274e+01,2.046769e+01,2.042575e+01,2.040477e+01,2.046070e+01,2.055152e+01,2.050262e+01,2.048166e+01,2.046070e+01,2.041875e+01,2.055850e+01,2.041176e+01,2.039778e+01,2.046769e+01,2.031382e+01,2.048865e+01,2.050961e+01,2.048166e+01,2.052358e+01,2.048166e+01,2.047468e+01,2.047468e+01,2.044672e+01,2.036980e+01,2.039078e+01,2.043973e+01,2.042575e+01,2.047468e+01,2.057944e+01,2.060039e+01,2.082348e+01,2.087918e+01,2.077472e+01,2.084437e+01,2.076775e+01,2.069108e+01,2.041176e+01,2.060736e+01,2.057944e+01,2.055152e+01,2.051660e+01,2.050961e+01,2.039078e+01,2.044672e+01,2.045371e+01,2.037679e+01,2.035581e+01,2.056548e+01,2.054453e+01,2.053755e+01,2.050262e+01,2.050961e+01,2.043274e+01,2.050262e+01,2.053057e+01,2.049564e+01,2.054453e+01,2.064225e+01,2.064225e+01,2.060736e+01,2.062132e+01,2.056548e+01,2.080259e+01,2.059340e+01,2.059340e+01,2.064225e+01,2.068410e+01,2.066318e+01,2.070502e+01,2.069108e+01,2.050262e+01,2.060039e+01,2.055152e+01,2.069108e+01,2.057246e+01,2.062132e+01,2.052358e+01,2.053057e+01,2.064923e+01,2.073291e+01,2.057246e+01,2.062132e+01,2.048166e+01,2.061434e+01,2.062132e+01,2.063528e+01,2.046769e+01,2.057246e+01,2.059340e+01,2.062132e+01,2.059340e+01,2.064923e+01,2.062830e+01,2.064923e+01,2.048865e+01,2.056548e+01,2.061434e+01,2.064923e+01,2.048865e+01,2.062830e+01,2.060039e+01,2.062830e+01,2.060039e+01,2.063528e+01,2.041176e+01,2.039078e+01,2.036980e+01,2.034881e+01,2.037679e+01,2.049564e+01,2.046070e+01,2.052358e+01,2.061434e+01,2.066318e+01,2.068410e+01,2.067016e+01,2.059340e+01,2.056548e+01,2.054453e+01,2.050262e+01,2.047468e+01,2.047468e+01,2.065621e+01,2.049564e+01,2.041176e+01,2.046070e+01,2.054453e+01,2.054453e+01,2.049564e+01,2.046769e+01,2.042575e+01,2.052358e+01,2.049564e+01,2.048865e+01,2.052358e+01,2.050961e+01,2.048166e+01,2.052358e+01,2.036280e+01,2.049564e+01,2.054453e+01,2.048865e+01,2.049564e+01,2.054453e+01,2.046070e+01,2.054453e+01,2.053755e+01,2.050961e+01,2.050262e+01,2.052358e+01,2.050961e+01,2.046769e+01,2.045371e+01,2.051660e+01,2.046070e+01,2.039778e+01,2.050961e+01,2.046769e+01,2.048865e+01,2.057944e+01,2.058643e+01,2.059340e+01,2.047468e+01,2.045371e+01,2.055152e+01,2.053755e+01,2.050262e+01,2.046769e+01,2.051660e+01,2.048865e+01,2.049564e+01,2.053057e+01,2.053057e+01,2.050262e+01,2.053755e+01,2.037679e+01,2.049564e+01,2.043274e+01,2.050262e+01,2.038379e+01,2.033481e+01,2.054453e+01,2.042575e+01,2.052358e+01,2.050961e+01,2.049564e+01,2.054453e+01,2.061434e+01,2.062132e+01,2.058643e+01,2.086526e+01,2.084437e+01,2.091398e+01,2.092789e+01,2.093485e+01,2.102524e+01,2.089310e+01,2.092789e+01,2.092789e+01,2.090006e+01,2.092093e+01,2.094876e+01,2.087918e+01,2.092789e+01,2.092093e+01,2.094876e+01,2.091398e+01,2.098353e+01,2.092093e+01,2.090702e+01,2.088614e+01,2.094876e+01,2.085134e+01,2.093485e+01,2.091398e+01,2.089310e+01,2.089310e+01,2.089310e+01,2.092789e+01,2.090702e+01,2.095572e+01,2.096267e+01,2.092093e+01,2.098353e+01,2.102524e+01,2.106693e+01,2.108083e+01,2.110861e+01,2.108777e+01,2.089310e+01,2.094180e+01,2.098353e+01,2.104609e+01,2.102524e+01,2.096267e+01,2.101134e+01,2.103914e+01,2.098353e+01,2.088614e+01,2.091398e+01,2.098353e+01,2.102524e+01,2.093485e+01,2.103219e+01,2.102524e+01,2.097658e+01,2.096962e+01,2.096267e+01,2.094180e+01,2.090702e+01,2.091398e+01,2.086526e+01,2.106693e+01,2.088614e+01,2.091398e+01,2.101134e+01,2.091398e+01,2.094876e+01,2.094876e+01,2.094876e+01,2.094180e+01,2.093485e+01,2.094876e+01,2.090006e+01,2.086526e+01,2.087918e+01,2.092789e+01,2.087222e+01,2.089310e+01,2.084437e+01,2.099744e+01,2.087918e+01,2.092789e+01,2.092093e+01,2.092093e+01,2.087222e+01,2.083741e+01,2.087222e+01,2.092789e+01,2.085134e+01,2.094180e+01,2.083045e+01,2.093485e+01,2.094876e+01,2.089310e+01,2.090006e+01,2.094180e+01,2.094180e+01,2.096962e+01,2.087918e+01,2.089310e+01,2.094876e+01,2.089310e+01,2.068410e+01,2.092093e+01,2.097658e+01,2.094876e+01,2.105304e+01,2.080259e+01,2.064923e+01,2.074685e+01,2.080955e+01,2.101829e+01,2.081652e+01,2.062132e+01,2.076079e+01,2.051660e+01,2.062830e+01,2.062830e+01,2.055152e+01,2.049564e+01,2.064225e+01,2.059340e+01,2.046769e+01,2.057246e+01,2.069108e+01,2.062830e+01,2.056548e+01,2.055152e+01,2.059340e+01,2.060039e+01,2.057246e+01,2.055850e+01,2.058643e+01,2.049564e+01,2.048166e+01,2.049564e+01,2.047468e+01,2.052358e+01,2.058643e+01,2.051660e+01,2.043973e+01,2.049564e+01,2.060039e+01,2.055152e+01,2.048865e+01,2.062830e+01,2.052358e+01,2.050961e+01,2.065621e+01,2.053755e+01,2.050961e+01,2.050262e+01,2.050961e+01,2.042575e+01,2.055152e+01,2.052358e+01,2.055152e+01,2.065621e+01,2.053057e+01,2.064923e+01,2.052358e+01,2.069108e+01,2.057246e+01,2.062132e+01,2.050262e+01,2.053755e+01,2.057246e+01,2.055850e+01,2.053755e+01,2.055152e+01,2.059340e+01,2.060039e+01,2.048865e+01,2.048166e+01,2.060736e+01,2.058643e+01,2.039778e+01,2.051660e+01,2.044672e+01,2.065621e+01,2.048865e+01,2.053057e+01,2.053057e+01,2.041875e+01,2.053057e+01,2.050262e+01,2.049564e+01,2.053057e+01,2.048865e+01,2.048865e+01,2.055152e+01,2.050262e+01,2.050961e+01,2.068410e+01,2.049564e+01,2.061434e+01,2.060039e+01,2.057944e+01,2.056548e+01,2.059340e+01,2.055152e+01,2.055850e+01,2.060039e+01,2.042575e+01,2.057246e+01,2.036280e+01,2.057246e+01,2.058643e+01,2.057944e+01,2.042575e+01,2.057944e+01,2.053755e+01,2.053755e+01,2.057246e+01,2.053057e+01,2.050262e+01,2.044672e+01,2.039778e+01,2.065621e+01,2.062132e+01,2.061434e+01,2.062830e+01
2.074685e+01,2.086526e+01,2.071200e+01,2.076079e+01,2.074685e+01,2.073291e+01,2.078866e+01,2.071200e+01,2.057246e+01,2.072594e+01,2.056548e+01,2.062132e+01,2.059340e+01,2.062830e+01,2.059340e+01,2.060039e+01,2.065621e+01,2.056548e+01,2.047468e+01,2.037679e+01,2.048865e+01,2.046070e+01,2.041875e+01,2.039078e+01,2.032782e+01,2.045371e+01,2.029982e+01,2.027881e+01,2.039778e+01,2.038379e+01,2.038379e+01,2.034181e+01,2.033481e+01,2.046070e+01,2.039778e+01,2.044672e+01,2.029982e+01,2.034181e+01,2.029282e+01,2.042575e+01,2.046769e+01,2.036280e+01,2.031382e+01,2.033481e+01,2.035581e+01,2.036280e+01,2.045371e+01,2.041176e+01,2.046769e+01,2.046769e+01,2.043973e+01,2.050961e+01,2.066318e+01,2.075382e+01,2.057944e+01,2.066318e+01,2.060039e+01,2.080955e+01,2.103219e+01,2.065621e+01,2.060039e+01,2.049564e+01,2.048865e+01,2.048166e+01,2.060736e+01,2.057246e+01,2.053755e+01,2.060736e+01,2.060039e+01,2.058643e+01,2.053057e+01,2.048166e+01,2.066318e+01,2.053755e+01,2.057246e+01,2.067016e+01,2.058643e+01,2.062830e+01,2.064923e+01,2.058643e+01,2.055850e+01,2.058643e+01,2.063528e+01,2.062132e+01,2.062132e+01,2.060736e+01,2.055850e+01,2.060736e+01,2.064923e+01,2.067713e+01,2.072594e+01,2.067016e+01,2.078866e+01,2.063528e+01,2.071897e+01,2.072594e+01,2.062830e+01,2.060736e+01,2.064923e+01,2.053057e+01,2.051660e+01,2.053057e+01,2.060039e+01,2.060039e+01,2.058643e+01,2.070502e+01,2.047468e+01,2.050262e+01,2.050262e+01,2.055850e+01,2.057246e+01,2.060039e+01,2.060039e+01,2.051660e+01,2.059340e+01,2.068410e+01,2.052358e+01,2.062132e+01,2.067016e+01,2.054453e+01,2.055850e+01,2.049564e+01,2.055850e+01,2.067713e+01,2.074685e+01,2.096267e+01,2.095572e+01,2.067713e+01,2.069108e+01,2.064923e+01,2.066318e+01,2.054453e+01,2.041176e+01,2.053755e+01,2.050961e+01,2.048865e+01,2.050262e+01,2.050961e+01,2.044672e+01,2.046070e+01,2.049564e+01,2.048865e+01,2.050961e+01,2.061434e+01,2.045371e+01,2.056548e+01,2.054453e+01,2.062830e+01,2.049564e+01,2.059340e+01,2.054453e+01,2.041875e+01,2.046070e+01,2.043274e+01,2.048166e+01,2.046070e+01,2.049564e+01,2.045371e+01,2.042575e+01,2.046070e+01,2.041875e+01,2.043274e+01,2.043274e+01,2.040477e+01,2.035581e+01,2.054453e+01,2.048166e+01,2.046070e+01,2.048865e+01,2.044672e+01,2.048166e+01,2.045371e+01,2.044672e+01,2.053057e+01,2.044672e+01,2.054453e+01,2.032782e+01,2.043274e+01,2.053057e+01,2.058643e+01,2.046070e+01,2.045371e+01,2.053755e+01,2.053057e+01,2.048166e+01,2.051660e+01,2.060736e+01,2.041875e+01,2.059340e+01,2.045371e+01,2.050961e+01,2.053057e+01,2.044672e+01,2.048865e+01,2.040477e+01,2.050961e+01,2.040477e+01,2.050262e+01,2.043973e+01,2.047468e+01,2.036280e+01,2.040477e+01,2.043274e+01,2.042575e+01,2.049564e+01,2.050262e+01,2.050262e+01,2.055850e+01,2.050961e+01,2.045371e+01,2.047468e+01,2.042575e+01,2.050262e+01,2.048166e+01,2.050262e+01,2.044672e+01,2.049564e+01,2.039778e+01,2.053057e+01,2.050961e+01,2.048166e+01,2.050262e+01,2.041176e+01,2.049564e+01,2.043973e+01,2.040477e+01,2.044672e+01,2.039778e+01,2.035581e+01,2.033481e+01,2.042575e+01,2.044672e+01,2.042575e+01,2.057944e+01,2.051660e+01,2.064225e+01,2.035581e+01,2.036980e+01,2.036980e+01,2.051660e+01,2.055152e+01,2.058643e+01,2.039778e+01,2.046070e+01,2.053057e+01,2.047468e+01,2.033481e+01,2.036980e+01,2.034181e+01,2.050961e+01,2.039778e+01,2.043973e+01,2.048865e+01,2.050961e+01,2.052358e+01,2.057944e+01,2.061434e+01,2.074685e+01,2.079562e+01,2.080955e+01,2.067713e+01,2.085830e+01,2.060736e+01,2.069805e+01,2.056548e+01,2.055152e+01,2.043973e+01,2.041875e+01,2.039078e+01,2.047468e+01,2.039078e+01,2.050262e+01,2.037679e+01,2.047468e+01,2.041176e+01,2.048865e+01,2.048865e+01,2.051660e+01,2.050961e+01,2.050961e+01,2.050262e+01,2.052358e+01,2.053057e+01,2.066318e+01,2.060039e+01,2.068410e+01,2.055850e+01,2.059340e+01,2.066318e+01,2.059340e+01,2.055850e+01,2.062132e+01,2.067713e+01,2.070502e+01,2.065621e+01,2.075382e+01,2.060736e+01,2.055850e+01,2.070502e+01,2.061434e+01,2.058643e+01,2.063528e+01,2.067016e+01,2.047468e+01,2.051660e+01,2.063528e+01,2.065621e+01,2.057944e+01,2.066318e+01,2.063528e+01,2.053755e+01,2.057246e+01,2.064225e+01,2.059340e+01,2.058643e+01,2.067713e+01,2.067016e+01,2.069805e+01,2.069805e+01,2.065621e+01,2.060039e+01,2.064923e+01,2.050961e+01,2.064225e+01,2.048166e+01,2.067016e+01,2.060736e+01,2.054453e+01,2.055152e+01,2.053057e+01,2.068410e+01,2.055152e+01,2.039078e+01,2.039078e+01,2.040477e+01,2.043973e+01,2.048166e+01,2.055152e+01,2.057944e+01,2.055850e+01,2.065621e+01,2.073988e+01,2.063528e+01,2.069805e+01,2.075382e+01,2.060039e+01,2.059340e+01,2.058643e+01,2.052358e+01,2.055850e+01,2.053057e+01,2.050262e+01,2.060039e+01,2.046769e+01,2.049564e+01,2.049564e+01,2.057944e+01,2.050262e+01,2.052358e+01,2.062830e+01,2.056548e+01,2.052358e+01,2.063528e+01,2.049564e+01,2.050961e+01,2.072594e+01,2.051660e+01,2.055850e+01,2.054453e+01,2.044672e+01,2.048166e+01,2.050961e+01,2.049564e+01,2.083045e+01,2.054453e+01,2.050262e+01,2.048865e+01,2.055152e+01,2.050262e+01,2.049564e+01,2.047468e+01,2.044672e+01,2.048166e+01,2.048865e+01,2.050961e+01,2.047468e+01,2.059340e+01,2.048865e+01,2.044672e+01,2.059340e+01,2.057246e+01,2.048166e+01,2.045371e+01,2.046769e+01,2.058643e+01,2.048166e+01,2.053755e+01,2.057944e+01,2.054453e+01,2.046769e+01,2.067713e+01,2.054453e+01,2.049564e+01,2.036980e+01,2.050961e+01,2.048166e+01,2.040477e+01,2.050262e+01,2.051660e+01,2.050961e+01,2.041176e+01,2.042575e+01,2.053755e+01,2.055152e+01,2.043274e+01,2.057246e+01,2.048166e+01,2.088614e+01,2.076079e+01,2.088614e+01,2.078866e+01,2.082348e+01,2.094876e+01,2.085830e+01,2.085830e+01,2.084437e+01,2.086526e+01,2.085830e+01,2.084437e+01,2.093485e+01,2.091398e+01,2.090702e+01,2.096962e+01,2.092093e+01,2.092093e+01,2.104609e+01,2.093485e+01,2.093485e+01,2.094180e+01,2.088614e+01,2.101829e+01,2.085134e+01,2.081652e+01,2.087918e+01,2.089310e+01,2.081652e+01,2.085134e+01,2.087918e+01,2.079562e+01,2.105304e+01,2.092093e+01,2.101829e+01,2.095572e+01,2.106693e+01,2.105304e+01,2.108083e+01,2.108777e+01,2.094876e+01,2.099744e+01,2.101829e+01,2.098353e+01,2.089310e+01,2.096267e+01,2.099048e+01,2.101134e+01,2.101829e+01,2.106693e+01,2.105304e+01,2.107388e+01,2.098353e+01,2.075382e+01,2.095572e+01,2.100439e+01,2.100439e+01,2.099744e+01,2.092789e+01,2.092789e+01,2.094180e+01,2.094876e+01,2.105304e+01,2.087222e+01,2.086526e+01,2.104609e+01,2.094180e+01,2.104609e+01,2.092093e+01,2.093485e+01,2.097658e+01,2.101134e+01,2.089310e+01,2.089310e+01,2.091398e+01,2.087222e+01,2.090006e+01,2.090702e+01,2.092093e+01,2.085830e+01,2.096267e+01,2.094876e+01,2.090702e+01,2.093485e+01,2.094180e+01,2.086526e+01,2.087222e+01,2.096267e+01,2.087222e+01,2.088614e+01,2.085830e+01,2.088614e+01,2.096962e+01,2.095572e+01,2.092789e+01,2.095572e+01,2.083741e+01,2.084437e+01,2.099744e+01,2.085134e+01,2.102524e+01,2.101829e+01,2.090702e+01,2.091398e+01,2.091398e+01,2.094180e+01,2.100439e+01,2.096962e+01,2.094180e+01,2.081652e+01,2.092093e+01,2.083045e+01,2.090006e+01,2.084437e+01,2.085134e+01,2.071200e+01,2.050961e+01,2.064923e+01,2.047468e+01,2.055152e+01,2.052358e+01,2.062830e+01,2.055152e+01,2.060039e+01,2.048166e+01,2.055850e+01,2.062830e+01,2.053057e+01,2.060039e+01,2.051660e+01,2.048865e+01,2.043973e+01,2.049564e+01,2.055152e+01,2.069108e+01,2.047468e+01,2.048865e+01,2.048865e+01,2.047468e+01,2.051660e+01,2.048166e+01,2.043973e+01,2.072594e+01,2.055152e+01,2.047468e+01,2.051660e+01,2.062132e+01,2.063528e+01,2.061434e+01,2.054453e+01,2.055152e+01,2.062132e+01,2.053755e+01,2.053057e+01,2.052358e+01,2.050961e+01,2.057944e+01,2.048166e+01,2.063528e+01,2.059340e+01,2.060736e+01,2.063528e+01,2.062132e+01,2.064225e+01,2.062830e+01,2.068410e+01,2.060039e+01,2.054453e+01,2.056548e+01,2.057246e+01,2.047468e+01,2.061434e+01,2.060736e+01,2.061434e+01,2.057944e+01,2.053057e+01,2.048166e+01,2.056548e+01,2.053057e+01,2.046070e+01,2.053057e+01,2.061434e+01,2.053057e+01,2.046769e+01,2.042575e+01,2.055152e+01,2.056548e+01,2.055850e+01,2.062132e+01,2.060736e+01,2.058643e+01,2.056548e+01,2.048166e+01,2.055152e+01,2.058643e+01,2.053057e+01,2.050961e+01,2.048166e+01,2.062132e+01,2.056548e+01,2.059340e+01,2.062830e+01,2.046070e+01,2.055850e+01,2.054453e+01,2.045371e+01,2.059340e+01,2.054453e+01,2.054453e+01,2.053057e+01,2.065621e+01,2.058643e+01,2.052358e+01,2.060736e+01,2.055850e+01,2.050961e+01,2.058643e+01,2.067713e+01,2.062830e+01,2.063528e+01,2.065621e+01,2.062830e+01,2.065621e+01
2.077472e+01,2.071897e+01,2.074685e+01,2.076775e+01,2.073291e+01,2.076775e+01,2.071897e+01,2.067016e+01,2.068410e+01,2.066318e+01,2.060039e+01,2.076775e+01,2.067016e+01,2.066318e+01,2.060736e+01,2.060039e+01,2.070502e+01,2.067713e+01,2.048865e+01,2.046769e+01,2.050961e+01,2.047468e+01,2.034881e+01,2.041875e+01,2.041176e+01,2.047468e+01,2.020877e+01,2.033481e+01,2.039078e+01,2.036980e+01,2.029282e+01,2.037679e+01,2.027881e+01,2.035581e+01,2.045371e+01,2.041875e+01,2.039778e+01,2.033481e+01,2.029982e+01,2.039778e+01,2.011063e+01,2.045371e+01,2.039078e+01,2.037679e+01,2.039778e+01,2.060736e+01,2.032082e+01,2.036980e+01,2.046769e+01,2.050262e+01,2.047468e+01,2.071897e+01,2.074685e+01,2.071200e+01,2.067016e+01,2.073291e+01,2.057944e+01,2.071897e+01,2.083741e+01,2.074685e+01,2.074685e+01,2.065621e+01,2.065621e+01,2.050961e+01,2.062830e+01,2.050262e+01,2.059340e+01,2.059340e+01,2.073291e+01,2.051660e+01,2.064225e+01,2.046769e+01,2.050961e+01,2.057944e+01,2.064923e+01,2.064225e+01,2.064923e+01,2.064923e+01,2.082348e+01,2.060736e+01,2.055850e+01,2.069108e+01,2.063528e+01,2.072594e+01,2.062830e+01,2.061434e+01,2.065621e+01,2.073291e+01,2.055850e+01,2.061434e+01,2.059340e+01,2.064225e+01,2.076775e+01,2.060736e+01,2.055152e+01,2.073988e+01,2.066318e+01,2.063528e+01,2.070502e+01,2.062132e+01,2.062830e+01,2.058643e+01,2.059340e+01,2.064923e+01,2.062830e+01,2.058643e+01,2.057944e+01,2.061434e+01,2.060039e+01,2.054453e+01,2.056548e+01,2.062830e+01,2.057246e+01,2.060039e+01,2.060039e+01,2.060736e+01,2.057944e+01,2.063528e+01,2.060736e+01,2.061434e+01,2.060039e+01,2.064923e+01,2.051660e+01,2.071897e+01,2.090702e+01,2.095572e+01,2.103219e+01,2.070502e+01,2.061434e+01,2.062830e+01,2.057246e+01,2.059340e+01,2.056548e+01,2.047468e+01,2.057246e+01,2.062830e+01,2.053755e+01,2.045371e+01,2.064923e+01,2.055850e+01,2.061434e+01,2.053755e+01,2.057246e+01,2.056548e+01,2.054453e+01,2.055152e+01,2.052358e+01,2.049564e+01,2.053755e+01,2.043973e+01,2.039778e+01,2.050262e+01,2.038379e+01,2.053057e+01,2.047468e+01,2.046769e+01,2.043973e+01,2.048166e+01,2.051660e+01,2.048166e+01,2.046070e+01,2.047468e+01,2.044672e+01,2.041875e+01,2.045371e+01,2.049564e+01,2.059340e+01,2.060039e+01,2.060736e+01,2.046070e+01,2.049564e+01,2.057246e+01,2.044672e+01,2.053057e+01,2.043274e+01,2.042575e+01,2.050262e+01,2.060039e+01,2.057246e+01,2.050961e+01,2.055152e+01,2.048166e+01,2.057246e+01,2.059340e+01,2.050961e+01,2.050961e+01,2.039778e+01,2.051660e+01,2.050262e+01,2.053057e+01,2.031382e+01,2.048166e+01,2.044672e+01,2.052358e+01,2.046769e+01,2.039778e+01,2.044672e+01,2.041875e+01,2.046070e+01,2.046769e+01,2.046769e+01,2.058643e+01,2.049564e+01,2.045371e+01,2.048166e+01,2.043274e+01,2.045371e+01,2.046769e+01,2.046769e+01,2.048166e+01,2.052358e+01,2.048865e+01,2.047468e+01,2.053755e+01,2.048166e+01,2.049564e+01,2.046070e+01,2.059340e+01,2.057246e+01,2.049564e+01,2.056548e+01,2.048166e+01,2.049564e+01,2.040477e+01,2.046070e+01,2.043274e+01,2.029982e+01,2.043973e+01,2.042575e+01,2.043973e+01,2.032782e+01,2.051660e+01,2.041176e+01,2.034881e+01,2.037679e+01,2.036980e+01,2.036980e+01,2.049564e+01,2.022979e+01,2.040477e+01,2.042575e+01,2.054453e+01,2.042575e+01,2.042575e+01,2.048865e+01,2.045371e+01,2.032782e+01,2.033481e+01,2.036980e+01,2.046769e+01,2.053755e+01,2.050262e+01,2.053057e+01,2.052358e+01,2.050262e+01,2.060039e+01,2.073988e+01,2.078169e+01,2.066318e+01,2.066318e+01,2.068410e+01,2.064923e+01,2.067713e+01,2.067713e+01,2.042575e+01,2.056548e+01,2.057246e+01,2.054453e+01,2.040477e+01,2.046070e+01,2.048166e+01,2.046769e+01,2.046769e+01,2.039778e+01,2.042575e+01,2.045371e+01,2.043274e+01,2.046769e+01,2.043274e+01,2.053755e+01,2.051660e+01,2.052358e+01,2.056548e+01,2.067713e+01,2.057246e+01,2.064225e+01,2.064923e+01,2.060039e+01,2.061434e+01,2.059340e+01,2.053755e+01,2.060736e+01,2.062132e+01,2.056548e+01,2.055152e+01,2.072594e+01,2.074685e+01,2.056548e+01,2.067016e+01,2.059340e+01,2.055152e+01,2.064225e+01,2.051660e+01,2.042575e+01,2.063528e+01,2.060736e+01,2.055152e+01,2.066318e+01,2.064225e+01,2.067713e+01,2.067016e+01,2.064923e+01,2.059340e+01,2.062132e+01,2.054453e+01,2.067016e+01,2.066318e+01,2.069108e+01,2.068410e+01,2.058643e+01,2.068410e+01,2.047468e+01,2.062830e+01,2.065621e+01,2.065621e+01,2.055152e+01,2.067713e+01,2.068410e+01,2.053755e+01,2.053057e+01,2.046070e+01,2.043274e+01,2.039078e+01,2.034881e+01,2.052358e+01,2.053057e+01,2.060039e+01,2.048166e+01,2.074685e+01,2.079562e+01,2.062830e+01,2.071897e+01,2.080955e+01,2.072594e+01,2.053057e+01,2.067016e+01,2.070502e+01,2.071897e+01,2.065621e+01,2.070502e+01,2.060039e+01,2.059340e+01,2.050262e+01,2.050961e+01,2.055152e+01,2.048865e+01,2.061434e+01,2.063528e+01,2.057944e+01,2.050961e+01,2.063528e+01,2.048865e+01,2.047468e+01,2.051660e+01,2.048166e+01,2.055152e+01,2.052358e+01,2.064923e+01,2.043274e+01,2.055152e+01,2.053057e+01,2.062132e+01,2.053755e+01,2.064225e+01,2.050961e+01,2.052358e+01,2.049564e+01,2.048865e+01,2.048865e+01,2.056548e+01,2.044672e+01,2.054453e+01,2.046769e+01,2.058643e+01,2.053057e+01,2.046070e+01,2.058643e+01,2.050961e+01,2.053057e+01,2.050262e+01,2.060039e+01,2.048865e+01,2.057944e+01,2.057246e+01,2.055152e+01,2.048166e+01,2.050961e+01,2.045371e+01,2.050262e+01,2.051660e+01,2.051660e+01,2.050262e+01,2.052358e+01,2.039078e+01,2.038379e+01,2.053057e+01,2.053057e+01,2.053755e+01,2.053057e+01,2.036280e+01,2.046769e+01,2.042575e+01,2.053755e+01,2.054453e+01,2.069108e+01,2.051660e+01,2.073291e+01,2.073988e+01,2.108083e+01,2.084437e+01,2.090006e+01,2.090006e+01,2.079562e+01,2.083741e+01,2.083741e+01,2.087918e+01,2.087918e+01,2.094180e+01,2.078169e+01,2.093485e+01,2.094180e+01,2.091398e+01,2.094180e+01,2.090006e+01,2.106693e+01,2.099744e+01,2.087918e+01,2.106693e+01,2.094180e+01,2.101829e+01,2.094876e+01,2.105999e+01,2.087918e+01,2.103219e+01,2.090006e+01,2.088614e+01,2.100439e+01,2.092789e+01,2.099048e+01,2.096962e+01,2.099744e+01,2.095572e+01,2.096962e+01,2.106693e+01,2.133059e+01,2.109472e+01,2.107388e+01,2.102524e+01,2.090702e+01,2.092789e+01,2.096267e+01,2.110166e+01,2.098353e+01,2.103914e+01,2.095572e+01,2.102524e+01,2.104609e+01,2.110166e+01,2.104609e+01,2.098353e+01,2.102524e+01,2.101134e+01,2.101134e+01,2.094180e+01,2.100439e+01,2.099744e+01,2.092093e+01,2.095572e+01,2.097658e+01,2.103219e+01,2.094876e+01,2.085830e+01,2.091398e+01,2.103219e+01,2.099048e+01,2.103219e+01,2.092093e+01,2.095572e+01,2.099744e+01,2.103219e+01,2.092789e+01,2.096267e+01,2.089310e+01,2.092789e+01,2.095572e+01,2.090702e+01,2.091398e+01,2.094876e+01,2.090702e+01,2.091398e+01,2.094180e+01,2.093485e+01,2.092789e+01,2.108777e+01,2.088614e+01,2.089310e+01,2.083741e+01,2.095572e+01,2.091398e+01,2.086526e+01,2.094180e+01,2.100439e+01,2.095572e+01,2.097658e+01,2.092093e+01,2.080955e+01,2.101829e+01,2.083045e+01,2.089310e+01,2.099744e+01,2.090006e+01,2.099048e+01,2.092093e+01,2.079562e+01,2.082348e+01,2.081652e+01,2.085134e+01,2.089310e+01,2.086526e+01,2.098353e+01,2.086526e+01,2.065621e+01,2.080259e+01,2.059340e+01,2.063528e+01,2.048865e+01,2.067713e+01,2.056548e+01,2.059340e+01,2.057944e+01,2.058643e+01,2.057944e+01,2.055152e+01,2.049564e+01,2.062830e+01,2.069108e+01,2.049564e+01,2.060736e+01,2.052358e+01,2.060736e+01,2.061434e+01,2.062132e+01,2.056548e+01,2.046070e+01,2.063528e+01,2.053755e+01,2.060039e+01,2.047468e+01,2.057944e+01,2.067016e+01,2.048166e+01,2.055152e+01,2.051660e+01,2.036280e+01,2.057246e+01,2.058643e+01,2.057944e+01,2.055152e+01,2.062132e+01,2.062132e+01,2.065621e+01,2.049564e+01,2.062830e+01,2.067016e+01,2.051660e+01,2.054453e+01,2.055850e+01,2.056548e+01,2.061434e+01,2.069805e+01,2.059340e+01,2.059340e+01,2.061434e+01,2.061434e+01,2.059340e+01,2.062830e+01,2.064225e+01,2.058643e+01,2.057246e+01,2.046070e+01,2.052358e+01,2.046070e+01,2.055850e+01,2.055850e+01,2.049564e+01,2.056548e+01,2.047468e+01,2.057246e+01,2.048166e+01,2.073291e+01,2.057246e+01,2.055152e+01,2.052358e+01,2.056548e+01,2.048166e+01,2.053057e+01,2.068410e+01,2.048865e+01,2.049564e+01,2.048865e+01,2.057246e+01,2.046070e+01,2.048865e+01,2.046070e+01,2.048865e+01,2.062830e+01,2.061434e+01,2.058643e+01,2.053755e+01,2.050262e+01,2.055850e+01,2.056548e+01,2.051660e+01,2.055152e+01,2.057246e+01,2.057246e+01,2.057246e+01,2.057944e+01,2.056548e+01,2.052358e+01,2.057944e+01,2.054453e+01,2.056548e+01,2.064923e+01,2.061434e+01,2.067016e+01,2.071200e+01,2.064923e+01,2.071897e+01,2.068410e+01
2.078866e+01,2.081652e+01,2.074685e+01,2.066318e+01,2.078169e+01,2.071200e+01,2.071897e+01,2.070502e+01,2.069108e+01,2.076079e+01,2.064923e+01,2.063528e+01,2.062132e+01,2.063528e+01,2.069805e+01,2.054453e+01,2.059340e+01,2.061434e+01,2.053057e+01,2.053755e+01,2.053755e+01,2.041875e+01,2.053057e+01,2.039778e+01,2.046070e+01,2.041875e+01,2.026481e+01,2.045371e+01,2.043973e+01,2.050961e+01,2.041875e+01,2.027181e+01,2.027881e+01,2.031382e+01,2.044672e+01,2.043274e+01,2.041176e+01,2.049564e+01,2.027881e+01,2.028582e+01,2.031382e+01,2.036280e+01,2.042575e+01,2.038379e+01,2.048865e+01,2.040477e+01,2.046769e+01,2.036980e+01,2.038379e+01,2.062132e+01,2.048166e+01,2.065621e+01,2.079562e+01,2.073291e+01,2.071200e+01,2.066318e+01,2.076079e+01,2.076775e+01,2.082348e+01,2.058643e+01,2.067016e+01,2.043973e+01,2.053755e+01,2.048166e+01,2.044672e+01,2.053755e+01,2.046769e+01,2.056548e+01,2.048865e+01,2.062830e+01,2.053755e+01,2.054453e+01,2.052358e+01,2.073988e+01,2.064923e+01,2.066318e+01,2.069108e+01,2.060039e+01,2.067016e+01,2.067016e+01,2.060039e+01,2.067016e+01,2.065621e+01,2.060039e+01,2.062830e+01,2.063528e+01,2.072594e+01,2.083045e+01,2.085134e+01,2.078169e+01,2.080955e+01,2.069805e+01,2.067713e+01,2.055850e+01,2.051660e+01,2.067713e+01,2.068410e+01,2.059340e+01,2.069108e+01,2.071200e+01,2.060736e+01,2.059340e+01,2.062830e+01,2.056548e+01,2.053057e+01,2.055850e+01,2.064923e+01,2.059340e+01,2.063528e+01,2.058643e+01,2.064225e+01,2.059340e+01,2.060039e+01,2.056548e+01,2.060039e+01,2.062132e+01,2.059340e+01,2.060736e+01,2.067016e+01,2.060039e+01,2.068410e+01,2.060736e+01,2.055152e+01,2.061434e+01,2.083045e+01,2.101134e+01,2.098353e+01,2.074685e+01,2.069108e+01,2.064923e+01,2.064923e+01,2.062132e+01,2.059340e+01,2.060039e+01,2.051660e+01,2.055850e+01,2.054453e+01,2.064225e+01,2.048865e+01,2.051660e+01,2.055850e+01,2.057944e+01,2.053057e+01,2.039078e+01,2.056548e+01,2.056548e+01,2.058643e+01,2.038379e+01,2.053755e+01,2.053755e+01,2.056548e+01,2.032082e+01,2.052358e+01,2.050262e+01,2.071897e+01,2.045371e+01,2.048166e+01,2.046769e+01,2.054453e+01,2.046769e+01,2.037679e+01,2.034181e+01,2.046070e+01,2.039778e+01,2.039078e+01,2.048865e+01,2.060736e+01,2.040477e+01,2.046070e+01,2.048166e+01,2.046070e+01,2.062830e+01,2.040477e+01,2.043274e+01,2.044672e+01,2.057246e+01,2.053755e+01,2.053057e+01,2.039078e+01,2.057944e+01,2.054453e+01,2.057944e+01,2.043973e+01,2.060039e+01,2.055850e+01,2.055850e+01,2.057944e+01,2.055152e+01,2.027881e+01,2.042575e+01,2.049564e+01,2.042575e+01,2.046769e+01,2.056548e+01,2.042575e+01,2.048865e+01,2.043973e+01,2.042575e+01,2.043973e+01,2.055850e+01,2.034881e+01,2.049564e+01,2.057246e+01,2.043274e+01,2.048865e+01,2.045371e+01,2.045371e+01,2.046769e+01,2.042575e+01,2.055152e+01,2.056548e+01,2.046070e+01,2.046769e+01,2.049564e+01,2.050262e+01,2.053057e+01,2.053057e+01,2.039778e+01,2.051660e+01,2.052358e+01,2.039778e+01,2.046769e+01,2.040477e+01,2.041176e+01,2.045371e+01,2.043274e+01,2.038379e+01,2.042575e+01,2.042575e+01,2.041875e+01,2.042575e+01,2.046769e+01,2.044672e+01,2.041875e+01,2.046070e+01,2.039778e+01,2.039078e+01,2.036980e+01,2.057246e+01,2.057246e+01,2.043973e+01,2.048166e+01,2.041875e+01,2.040477e+01,2.032782e+01,2.039078e+01,2.046769e+01,2.034881e+01,2.046769e+01,2.047468e+01,2.048166e+01,2.053057e+01,2.053755e+01,2.054453e+01,2.050262e+01,2.071897e+01,2.078866e+01,2.063528e+01,2.068410e+01,2.073988e+01,2.064923e+01,2.068410e+01,2.060736e+01,2.059340e+01,2.055152e+01,2.057944e+01,2.055850e+01,2.045371e+01,2.069108e+01,2.062830e+01,2.054453e+01,2.043973e+01,2.044672e+01,2.041875e+01,2.045371e+01,2.043274e+01,2.045371e+01,2.053057e+01,2.048166e+01,2.055152e+01,2.050262e+01,2.057246e+01,2.057246e+01,2.063528e+01,2.064225e+01,2.051660e+01,2.057944e+01,2.063528e+01,2.058643e+01,2.062830e+01,2.046769e+01,2.050961e+01,2.059340e+01,2.069108e+01,2.065621e+01,2.053755e+01,2.074685e+01,2.073988e+01,2.067016e+01,2.064923e+01,2.057944e+01,2.057246e+01,2.055850e+01,2.062830e+01,2.063528e+01,2.063528e+01,2.062830e+01,2.069805e+01,2.060039e+01,2.064225e+01,2.067016e+01,2.056548e+01,2.061434e+01,2.064225e+01,2.062830e+01,2.063528e+01,2.067713e+01,2.067713e+01,2.057944e+01,2.054453e+01,2.071200e+01,2.049564e+01,2.046769e+01,2.062132e+01,2.050961e+01,2.062132e+01,2.049564e+01,2.050961e+01,2.070502e+01,2.048865e+01,2.052358e+01,2.048166e+01,2.039778e+01,2.035581e+01,2.051660e+01,2.065621e+01,2.046769e+01,2.055152e+01,2.065621e+01,2.064923e+01,2.057944e+01,2.053755e+01,2.061434e+01,2.077472e+01,2.058643e+01,2.061434e+01,2.067713e+01,2.073988e+01,2.066318e+01,2.060736e+01,2.057246e+01,2.060039e+01,2.055152e+01,2.046769e+01,2.050961e+01,2.047468e+01,2.053057e+01,2.049564e+01,2.054453e+01,2.060736e+01,2.063528e+01,2.060039e+01,2.047468e+01,2.045371e+01,2.052358e+01,2.052358e+01,2.054453e+01,2.058643e+01,2.062132e+01,2.062830e+01,2.051660e+01,2.053057e+01,2.060039e+01,2.050262e+01,2.053755e+01,2.057944e+01,2.051660e+01,2.045371e+01,2.064923e+01,2.045371e+01,2.062830e+01,2.054453e+01,2.040477e+01,2.053755e+01,2.056548e+01,2.054453e+01,2.050961e+01,2.055152e+01,2.062830e+01,2.050262e+01,2.056548e+01,2.053755e+01,2.050961e+01,2.055850e+01,2.042575e+01,2.041176e+01,2.060039e+01,2.057944e+01,2.046070e+01,2.054453e+01,2.052358e+01,2.041176e+01,2.050262e+01,2.038379e+01,2.039778e+01,2.043973e+01,2.049564e+01,2.050961e+01,2.047468e+01,2.050961e+01,2.054453e+01,2.054453e+01,2.043274e+01,2.053057e+01,2.050262e+01,2.051660e+01,2.052358e+01,2.071897e+01,2.069108e+01,2.090006e+01,2.094876e+01,2.092789e+01,2.092789e+01,2.099744e+01,2.086526e+01,2.083741e+01,2.094876e+01,2.101134e+01,2.081652e+01,2.096962e+01,2.093485e+01,2.094180e+01,2.085830e+01,2.092093e+01,2.101134e+01,2.105304e+01,2.091398e+01,2.096267e+01,2.101829e+01,2.104609e+01,2.089310e+01,2.090006e+01,2.095572e+01,2.083045e+01,2.102524e+01,2.098353e+01,2.099048e+01,2.094180e+01,2.094876e+01,2.098353e+01,2.102524e+01,2.098353e+01,2.102524e+01,2.106693e+01,2.105999e+01,2.108777e+01,2.098353e+01,2.114333e+01,2.115027e+01,2.111555e+01,2.110861e+01,2.103219e+01,2.105999e+01,2.106693e+01,2.108083e+01,2.099744e+01,2.099744e+01,2.096962e+01,2.099048e+01,2.098353e+01,2.104609e+01,2.103219e+01,2.104609e+01,2.101829e+01,2.095572e+01,2.094180e+01,2.103219e+01,2.104609e+01,2.104609e+01,2.102524e+01,2.092789e+01,2.097658e+01,2.090006e+01,2.097658e+01,2.093485e+01,2.099744e+01,2.103219e+01,2.096267e+01,2.100439e+01,2.099048e+01,2.094876e+01,2.089310e+01,2.091398e+01,2.092789e+01,2.092093e+01,2.086526e+01,2.090702e+01,2.094180e+01,2.095572e+01,2.090006e+01,2.076775e+01,2.091398e+01,2.088614e+01,2.090006e+01,2.108083e+01,2.085134e+01,2.093485e+01,2.108083e+01,2.099048e+01,2.087222e+01,2.094180e+01,2.096267e+01,2.092093e+01,2.100439e+01,2.097658e+01,2.101829e+01,2.094180e+01,2.089310e+01,2.091398e+01,2.086526e+01,2.086526e+01,2.090702e+01,2.100439e+01,2.095572e+01,2.096267e+01,2.087918e+01,2.089310e+01,2.093485e+01,2.090702e+01,2.090006e+01,2.072594e+01,2.078866e+01,2.066318e+01,2.071200e+01,2.057944e+01,2.063528e+01,2.061434e+01,2.063528e+01,2.075382e+01,2.052358e+01,2.055152e+01,2.057944e+01,2.057246e+01,2.064923e+01,2.045371e+01,2.050262e+01,2.067016e+01,2.067713e+01,2.046769e+01,2.062132e+01,2.063528e+01,2.057944e+01,2.048166e+01,2.062132e+01,2.057944e+01,2.063528e+01,2.057246e+01,2.066318e+01,2.048865e+01,2.049564e+01,2.062830e+01,2.053755e+01,2.065621e+01,2.055850e+01,2.064225e+01,2.054453e+01,2.054453e+01,2.053057e+01,2.051660e+01,2.062132e+01,2.063528e+01,2.062830e+01,2.062132e+01,2.058643e+01,2.051660e+01,2.053057e+01,2.066318e+01,2.064923e+01,2.061434e+01,2.062132e+01,2.053755e+01,2.061434e+01,2.067016e+01,2.063528e+01,2.046769e+01,2.042575e+01,2.064225e+01,2.076775e+01,2.066318e+01,2.059340e+01,2.058643e+01,2.050961e+01,2.054453e+01,2.052358e+01,2.057246e+01,2.053057e+01,2.061434e+01,2.048166e+01,2.070502e+01,2.062132e+01,2.060039e+01,2.058643e+01,2.057944e+01,2.057246e+01,2.055850e+01,2.059340e+01,2.050262e+01,2.053057e+01,2.060736e+01,2.071897e+01,2.054453e+01,2.058643e+01,2.044672e+01,2.060039e+01,2.052358e+01,2.060736e+01,2.057246e+01,2.058643e+01,2.060039e+01,2.052358e+01,2.069805e+01,2.054453e+01,2.053755e+01,2.053057e+01,2.053755e+01,2.047468e+01,2.060736e+01,2.057944e+01,2.059340e+01,2.052358e+01,2.054453e+01,2.055850e+01,2.053755e+01,2.064225e+01,2.056548e+01,2.062132e+01,2.064225e+01,2.069805e+01,2.058643e+01,2.071200e+01
2.075382e+01,2.068410e+01,2.087918e+01,2.074685e+01,2.055850e+01,2.093485e+01,2.071200e+01,2.070502e+01,2.061434e+01,2.065621e+01,2.069108e+01,2.069805e+01,2.058643e+01,2.058643e+01,2.065621e+01,2.062830e+01,2.060039e+01,2.069108e+01,2.063528e+01,2.053057e+01,2.062132e+01,2.039778e+01,2.043274e+01,2.047468e+01,2.046070e+01,2.034181e+01,2.037679e+01,2.027181e+01,2.043973e+01,2.046070e+01,2.037679e+01,2.041176e+01,2.037679e+01,2.029282e+01,2.045371e+01,2.036280e+01,2.044672e+01,2.048166e+01,2.028582e+01,2.032082e+01,2.036280e+01,2.039078e+01,2.038379e+01,2.043973e+01,2.058643e+01,2.038379e+01,2.055850e+01,2.054453e+01,2.041176e+01,2.038379e+01,2.047468e+01,2.069108e+01,2.098353e+01,2.084437e+01,2.069108e+01,2.057944e+01,2.069108e+01,2.078866e+01,2.075382e+01,2.055850e+01,2.062132e+01,2.048865e+01,2.060039e+01,2.060039e+01,2.053755e+01,2.047468e+01,2.045371e+01,2.050262e+01,2.048166e+01,2.054453e+01,2.055850e+01,2.052358e+01,2.055850e+01,2.059340e+01,2.066318e+01,2.081652e+01,2.064225e+01,2.060736e+01,2.065621e+01,2.067713e+01,2.064225e+01,2.069108e+01,2.068410e+01,2.071897e+01,2.072594e+01,2.062830e+01,2.067016e+01,2.073988e+01,2.069805e+01,2.067713e+01,2.073291e+01,2.072594e+01,2.065621e+01,2.074685e+01,2.068410e+01,2.072594e+01,2.071200e+01,2.074685e+01,2.061434e+01,2.067016e+01,2.064225e+01,2.059340e+01,2.060736e+01,2.057944e+01,2.053057e+01,2.050262e+01,2.071897e+01,2.048166e+01,2.063528e+01,2.057944e+01,2.057246e+01,2.060736e+01,2.062132e+01,2.062830e+01,2.062132e+01,2.057944e+01,2.060039e+01,2.063528e+01,2.063528e+01,2.060736e+01,2.059340e+01,2.062830e+01,2.064923e+01,2.076079e+01,2.064225e+01,2.087222e+01,2.076775e+01,2.092789e+01,2.062132e+01,2.056548e+01,2.061434e+01,2.057944e+01,2.053755e+01,2.050961e+01,2.055850e+01,2.056548e+01,2.056548e+01,2.043973e+01,2.046769e+01,2.063528e+01,2.061434e+01,2.053057e+01,2.053057e+01,2.036980e+01,2.047468e+01,2.041176e+01,2.053755e+01,2.061434e+01,2.046070e+01,2.047468e+01,2.040477e+01,2.046769e+01,2.054453e+01,2.048865e+01,2.045371e+01,2.042575e+01,2.044672e+01,2.053755e+01,2.046769e+01,2.043274e+01,2.043973e+01,2.054453e+01,2.041875e+01,2.044672e+01,2.039078e+01,2.059340e+01,2.039778e+01,2.062132e+01,2.044672e+01,2.045371e+01,2.040477e+01,2.053755e+01,2.056548e+01,2.044672e+01,2.043274e+01,2.053755e+01,2.042575e+01,2.056548e+01,2.044672e+01,2.044672e+01,2.052358e+01,2.048865e+01,2.048166e+01,2.049564e+01,2.037679e+01,2.050961e+01,2.036980e+01,2.057944e+01,2.053755e+01,2.028582e+01,2.041176e+01,2.048166e+01,2.048865e+01,2.058643e+01,2.041875e+01,2.034881e+01,2.058643e+01,2.046769e+01,2.039778e+01,2.044672e+01,2.043973e+01,2.050961e+01,2.041176e+01,2.041875e+01,2.041875e+01,2.046769e+01,2.029282e+01,2.041176e+01,2.045371e+01,2.054453e+01,2.049564e+01,2.035581e+01,2.046769e+01,2.041875e+01,2.052358e+01,2.049564e+01,2.042575e+01,2.044672e+01,2.047468e+01,2.053057e+01,2.052358e+01,2.034881e+01,2.050961e+01,2.032082e+01,2.048166e+01,2.045371e+01,2.028582e+01,2.042575e+01,2.040477e+01,2.048865e+01,2.037679e+01,2.047468e+01,2.038379e+01,2.048865e+01,2.041875e+01,2.054453e+01,2.037679e+01,2.036980e+01,2.038379e+01,2.046769e+01,2.043274e+01,2.035581e+01,2.042575e+01,2.039778e+01,2.032082e+01,2.039078e+01,2.032782e+01,2.033481e+01,2.042575e+01,2.041875e+01,2.026481e+01,2.034881e+01,2.049564e+01,2.046769e+01,2.050961e+01,2.072594e+01,2.059340e+01,2.064225e+01,2.074685e+01,2.058643e+01,2.057246e+01,2.062132e+01,2.058643e+01,2.060039e+01,2.056548e+01,2.057944e+01,2.056548e+01,2.062132e+01,2.066318e+01,2.045371e+01,2.050961e+01,2.047468e+01,2.048166e+01,2.045371e+01,2.043274e+01,2.043274e+01,2.044672e+01,2.060736e+01,2.053057e+01,2.050961e+01,2.049564e+01,2.047468e+01,2.055152e+01,2.053755e+01,2.049564e+01,2.049564e+01,2.046769e+01,2.047468e+01,2.048166e+01,2.060039e+01,2.057944e+01,2.047468e+01,2.052358e+01,2.053755e+01,2.055850e+01,2.059340e+01,2.055152e+01,2.069108e+01,2.053755e+01,2.057944e+01,2.063528e+01,2.064225e+01,2.064923e+01,2.064225e+01,2.067016e+01,2.067713e+01,2.062830e+01,2.055152e+01,2.053755e+01,2.067713e+01,2.064923e+01,2.063528e+01,2.064225e+01,2.063528e+01,2.059340e+01,2.068410e+01,2.068410e+01,2.057246e+01,2.059340e+01,2.067713e+01,2.050961e+01,2.048166e+01,2.048865e+01,2.049564e+01,2.046769e+01,2.045371e+01,2.053755e+01,2.067016e+01,2.047468e+01,2.032082e+01,2.050961e+01,2.033481e+01,2.037679e+01,2.035581e+01,2.034881e+01,2.041875e+01,2.055152e+01,2.047468e+01,2.062830e+01,2.067016e+01,2.076775e+01,2.055152e+01,2.061434e+01,2.052358e+01,2.074685e+01,2.069805e+01,2.071897e+01,2.088614e+01,2.062132e+01,2.065621e+01,2.058643e+01,2.057246e+01,2.054453e+01,2.047468e+01,2.048166e+01,2.058643e+01,2.062132e+01,2.050961e+01,2.059340e+01,2.061434e+01,2.049564e+01,2.053057e+01,2.057944e+01,2.041176e+01,2.053755e+01,2.062830e+01,2.048865e+01,2.055850e+01,2.055152e+01,2.050961e+01,2.056548e+01,2.052358e+01,2.050262e+01,2.041875e+01,2.044672e+01,2.049564e+01,2.049564e+01,2.050961e+01,2.055152e+01,2.045371e+01,2.055850e+01,2.054453e+01,2.052358e+01,2.045371e+01,2.058643e+01,2.060736e+01,2.053755e+01,2.053755e+01,2.047468e+01,2.060039e+01,2.041875e+01,2.055152e+01,2.045371e+01,2.054453e+01,2.043973e+01,2.048166e+01,2.054453e+01,2.058643e+01,2.046070e+01,2.048865e+01,2.046769e+01,2.045371e+01,2.044672e+01,2.041176e+01,2.046769e+01,2.042575e+01,2.055850e+01,2.051660e+01,2.053057e+01,2.044672e+01,2.054453e+01,2.056548e+01,2.053057e+01,2.046769e+01,2.052358e+01,2.049564e+01,2.043274e+01,2.092093e+01,2.071897e+01,2.093485e+01,2.094180e+01,2.090006e+01,2.090006e+01,2.090006e+01,2.085830e+01,2.077472e+01,2.112250e+01,2.086526e+01,2.097658e+01,2.095572e+01,2.081652e+01,2.098353e+01,2.096267e+01,2.092093e+01,2.096267e+01,2.094876e+01,2.105304e+01,2.103914e+01,2.100439e+01,2.090006e+01,2.090702e+01,2.092093e+01,2.092789e+01,2.085830e+01,2.094180e+01,2.099744e+01,2.099048e+01,2.102524e+01,2.090006e+01,2.086526e+01,2.097658e+01,2.094876e+01,2.102524e+01,2.103219e+01,2.108777e+01,2.108777e+01,2.093485e+01,2.094876e+01,2.092093e+01,2.105999e+01,2.101829e+01,2.096962e+01,2.102524e+01,2.103219e+01,2.106693e+01,2.101829e+01,2.088614e+01,2.099048e+01,2.097658e+01,2.096267e+01,2.096962e+01,2.099744e+01,2.103219e+01,2.094180e+01,2.094180e+01,2.101829e+01,2.102524e+01,2.082348e+01,2.081652e+01,2.100439e+01,2.087222e+01,2.096267e+01,2.085134e+01,2.094876e+01,2.098353e+01,2.094180e+01,2.099048e+01,2.094180e+01,2.094180e+01,2.090702e+01,2.087918e+01,2.088614e+01,2.093485e+01,2.090702e+01,2.092093e+01,2.106693e+01,2.091398e+01,2.089310e+01,2.090006e+01,2.093485e+01,2.078169e+01,2.090006e+01,2.090702e+01,2.090006e+01,2.081652e+01,2.085830e+01,2.087918e+01,2.090006e+01,2.083741e+01,2.099744e+01,2.115721e+01,2.097658e+01,2.100439e+01,2.094876e+01,2.099048e+01,2.094180e+01,2.085830e+01,2.092093e+01,2.096267e+01,2.099048e+01,2.101829e+01,2.084437e+01,2.119191e+01,2.100439e+01,2.088614e+01,2.095572e+01,2.100439e+01,2.095572e+01,2.093485e+01,2.098353e+01,2.094180e+01,2.067713e+01,2.077472e+01,2.062830e+01,2.064225e+01,2.064923e+01,2.064225e+01,2.071897e+01,2.066318e+01,2.055152e+01,2.052358e+01,2.041176e+01,2.060736e+01,2.053057e+01,2.051660e+01,2.055152e+01,2.062830e+01,2.062830e+01,2.052358e+01,2.059340e+01,2.048865e+01,2.054453e+01,2.046769e+01,2.057944e+01,2.047468e+01,2.059340e+01,2.053057e+01,2.063528e+01,2.066318e+01,2.052358e+01,2.050961e+01,2.064225e+01,2.058643e+01,2.064923e+01,2.055850e+01,2.065621e+01,2.053755e+01,2.056548e+01,2.053057e+01,2.061434e+01,2.061434e+01,2.055152e+01,2.063528e+01,2.050262e+01,2.053057e+01,2.065621e+01,2.068410e+01,2.061434e+01,2.049564e+01,2.060736e+01,2.069805e+01,2.054453e+01,2.060039e+01,2.061434e+01,2.064225e+01,2.046070e+01,2.051660e+01,2.057944e+01,2.064225e+01,2.048865e+01,2.066318e+01,2.064225e+01,2.055850e+01,2.053755e+01,2.057246e+01,2.059340e+01,2.056548e+01,2.043973e+01,2.065621e+01,2.055152e+01,2.064225e+01,2.054453e+01,2.048865e+01,2.054453e+01,2.055850e+01,2.053057e+01,2.032082e+01,2.050262e+01,2.038379e+01,2.056548e+01,2.046070e+01,2.060736e+01,2.049564e+01,2.037679e+01,2.060736e+01,2.050961e+01,2.057944e+01,2.053057e+01,2.052358e+01,2.053057e+01,2.050961e+01,2.039778e+01,2.049564e+01,2.052358e+01,2.057944e+01,2.050262e+01,2.051660e+01,2.048166e+01,2.050961e+01,2.059340e+01,2.062132e+01,2.062830e+01,2.082348e+01,2.057944e+01,2.055850e+01,2.062830e+01,2.060039e+01,2.062132e+01,2.068410e+01,2.069805e+01
2.076775e+01,2.074685e+01,2.075382e+01,2.074685e+01,2.073291e+01,2.071200e+01,2.087222e+01,2.069805e+01,2.069805e+01,2.085134e+01,2.071897e+01,2.061434e+01,2.064923e+01,2.063528e+01,2.069805e+01,2.067016e+01,2.071897e+01,2.067713e+01,2.053057e+01,2.054453e+01,2.050961e+01,2.054453e+01,2.041875e+01,2.043274e+01,2.038379e+01,2.061434e+01,2.056548e+01,2.035581e+01,2.043973e+01,2.040477e+01,2.031382e+01,2.046769e+01,2.043973e+01,2.046070e+01,2.044672e+01,2.048166e+01,2.037679e+01,2.039778e+01,2.028582e+01,2.036980e+01,2.046769e+01,2.043973e+01,2.042575e+01,2.037679e+01,2.046769e+01,2.058643e+01,2.039778e+01,2.045371e+01,2.048865e+01,2.053755e+01,2.074685e+01,2.076079e+01,2.085830e+01,2.079562e+01,2.079562e+01,2.070502e+01,2.074685e+01,2.077472e+01,2.055152e+01,2.056548e+01,2.045371e+01,2.039078e+01,2.046070e+01,2.048865e+01,2.050961e+01,2.044672e+01,2.062132e+01,2.053057e+01,2.061434e+01,2.057246e+01,2.051660e+01,2.069805e+01,2.053755e+01,2.065621e+01,2.061434e+01,2.062830e+01,2.060039e+01,2.057944e+01,2.062132e+01,2.077472e+01,2.069108e+01,2.079562e+01,2.073291e+01,2.068410e+01,2.065621e+01,2.070502e+01,2.074685e+01,2.076079e+01,2.072594e+01,2.069108e+01,2.067016e+01,2.067713e+01,2.063528e+01,2.068410e+01,2.086526e+01,2.071897e+01,2.060039e+01,2.073291e+01,2.070502e+01,2.061434e+01,2.074685e+01,2.048865e+01,2.045371e+01,2.053057e+01,2.052358e+01,2.056548e+01,2.055152e+01,2.058643e+01,2.057246e+01,2.064923e+01,2.066318e+01,2.058643e+01,2.060736e+01,2.060039e+01,2.062132e+01,2.057246e+01,2.068410e+01,2.059340e+01,2.061434e+01,2.057944e+01,2.051660e+01,2.061434e+01,2.060736e+01,2.082348e+01,2.096962e+01,2.081652e+01,2.076079e+01,2.074685e+01,2.076775e+01,2.057246e+01,2.064923e+01,2.056548e+01,2.062132e+01,2.051660e+01,2.057944e+01,2.065621e+01,2.057246e+01,2.059340e+01,2.046070e+01,2.054453e+01,2.058643e+01,2.048166e+01,2.046070e+01,2.040477e+01,2.047468e+01,2.059340e+01,2.058643e+01,2.048865e+01,2.052358e+01,2.049564e+01,2.046769e+01,2.050961e+01,2.042575e+01,2.046070e+01,2.042575e+01,2.041176e+01,2.043973e+01,2.048865e+01,2.048166e+01,2.034881e+01,2.046070e+01,2.041875e+01,2.046070e+01,2.038379e+01,2.041875e+01,2.055850e+01,2.058643e+01,2.062830e+01,2.044672e+01,2.043973e+01,2.048166e+01,2.046070e+01,2.056548e+01,2.041176e+01,2.035581e+01,2.049564e+01,2.036980e+01,2.042575e+01,2.041176e+01,2.060039e+01,2.050961e+01,2.051660e+01,2.050262e+01,2.050961e+01,2.054453e+01,2.045371e+01,2.052358e+01,2.054453e+01,2.055850e+01,2.046070e+01,2.052358e+01,2.046070e+01,2.046070e+01,2.044672e+01,2.039078e+01,2.047468e+01,2.040477e+01,2.055152e+01,2.035581e+01,2.049564e+01,2.039078e+01,2.036280e+01,2.053755e+01,2.033481e+01,2.049564e+01,2.055850e+01,2.036980e+01,2.043973e+01,2.036280e+01,2.054453e+01,2.044672e+01,2.034881e+01,2.048865e+01,2.047468e+01,2.042575e+01,2.036280e+01,2.042575e+01,2.046070e+01,2.042575e+01,2.053057e+01,2.055152e+01,2.043973e+01,2.042575e+01,2.045371e+01,2.046769e+01,2.042575e+01,2.043973e+01,2.043274e+01,2.034881e+01,2.038379e+01,2.045371e+01,2.047468e+01,2.050262e+01,2.040477e+01,2.037679e+01,2.034181e+01,2.054453e+01,2.044672e+01,2.043973e+01,2.057246e+01,2.044672e+01,2.044672e+01,2.040477e+01,2.048865e+01,2.029982e+01,2.035581e+01,2.034181e+01,2.028582e+01,2.029982e+01,2.030682e+01,2.038379e+01,2.027181e+01,2.036980e+01,2.032082e+01,2.045371e+01,2.068410e+01,2.074685e+01,2.055850e+01,2.063528e+01,2.057944e+01,2.037679e+01,2.046070e+01,2.045371e+01,2.056548e+01,2.055152e+01,2.056548e+01,2.055152e+01,2.050961e+01,2.062830e+01,2.055152e+01,2.057944e+01,2.055152e+01,2.053755e+01,2.044672e+01,2.048865e+01,2.049564e+01,2.046769e+01,2.029282e+01,2.039078e+01,2.064225e+01,2.041176e+01,2.047468e+01,2.053755e+01,2.055152e+01,2.064225e+01,2.057944e+01,2.046769e+01,2.043973e+01,2.050262e+01,2.050961e+01,2.053057e+01,2.048166e+01,2.048166e+01,2.059340e+01,2.060039e+01,2.060736e+01,2.062132e+01,2.056548e+01,2.048865e+01,2.070502e+01,2.052358e+01,2.063528e+01,2.053057e+01,2.064923e+01,2.050961e+01,2.065621e+01,2.070502e+01,2.065621e+01,2.064225e+01,2.067713e+01,2.036980e+01,2.064225e+01,2.060736e+01,2.063528e+01,2.060039e+01,2.057246e+01,2.066318e+01,2.057246e+01,2.042575e+01,2.048865e+01,2.048865e+01,2.051660e+01,2.049564e+01,2.050961e+01,2.066318e+01,2.049564e+01,2.041176e+01,2.029982e+01,2.042575e+01,2.039078e+01,2.040477e+01,2.037679e+01,2.037679e+01,2.033481e+01,2.033481e+01,2.044672e+01,2.047468e+01,2.061434e+01,2.047468e+01,2.060736e+01,2.057944e+01,2.055152e+01,2.055850e+01,2.067713e+01,2.063528e+01,2.062132e+01,2.065621e+01,2.062830e+01,2.064923e+01,2.061434e+01,2.057944e+01,2.049564e+01,2.052358e+01,2.064923e+01,2.036280e+01,2.050961e+01,2.048166e+01,2.059340e+01,2.046769e+01,2.060736e+01,2.047468e+01,2.057944e+01,2.048865e+01,2.047468e+01,2.048865e+01,2.055152e+01,2.047468e+01,2.072594e+01,2.053057e+01,2.054453e+01,2.059340e+01,2.056548e+01,2.049564e+01,2.060039e+01,2.050961e+01,2.064923e+01,2.054453e+01,2.050262e+01,2.057246e+01,2.043973e+01,2.043973e+01,2.036980e+01,2.046769e+01,2.040477e+01,2.053755e+01,2.041176e+01,2.055850e+01,2.049564e+01,2.046769e+01,2.055152e+01,2.053755e+01,2.045371e+01,2.043973e+01,2.046070e+01,2.052358e+01,2.063528e+01,2.044672e+01,2.058643e+01,2.044672e+01,2.053755e+01,2.041875e+01,2.047468e+01,2.049564e+01,2.044672e+01,2.046769e+01,2.055850e+01,2.046769e+01,2.055850e+01,2.045371e+01,2.043274e+01,2.041176e+01,2.056548e+01,2.054453e+01,2.052358e+01,2.053755e+01,2.062132e+01,2.047468e+01,2.061434e+01,2.096267e+01,2.090702e+01,2.088614e+01,2.085830e+01,2.086526e+01,2.087918e+01,2.089310e+01,2.094876e+01,2.097658e+01,2.092093e+01,2.092093e+01,2.092789e+01,2.096962e+01,2.096267e+01,2.096962e+01,2.087222e+01,2.092789e+01,2.094180e+01,2.094180e+01,2.094876e+01,2.091398e+01,2.091398e+01,2.079562e+01,2.085134e+01,2.096962e+01,2.094876e+01,2.102524e+01,2.099048e+01,2.101134e+01,2.102524e+01,2.085134e+01,2.087222e+01,2.102524e+01,2.096267e+01,2.103219e+01,2.101134e+01,2.093485e+01,2.109472e+01,2.092789e+01,2.090006e+01,2.085830e+01,2.094180e+01,2.102524e+01,2.094876e+01,2.099744e+01,2.106693e+01,2.104609e+01,2.105304e+01,2.086526e+01,2.097658e+01,2.090702e+01,2.103914e+01,2.107388e+01,2.083045e+01,2.101829e+01,2.098353e+01,2.094876e+01,2.092093e+01,2.082348e+01,2.080259e+01,2.089310e+01,2.098353e+01,2.092093e+01,2.087222e+01,2.096267e+01,2.099744e+01,2.094876e+01,2.092789e+01,2.106693e+01,2.096962e+01,2.092093e+01,2.093485e+01,2.085830e+01,2.086526e+01,2.087918e+01,2.087918e+01,2.090702e+01,2.093485e+01,2.101134e+01,2.084437e+01,2.095572e+01,2.095572e+01,2.092789e+01,2.096962e+01,2.098353e+01,2.092093e+01,2.093485e+01,2.083045e+01,2.089310e+01,2.094180e+01,2.085134e+01,2.081652e+01,2.101134e+01,2.096962e+01,2.091398e+01,2.090702e+01,2.088614e+01,2.095572e+01,2.092789e+01,2.087918e+01,2.097658e+01,2.088614e+01,2.092789e+01,2.083045e+01,2.087918e+01,2.087222e+01,2.086526e+01,2.091398e+01,2.101134e+01,2.101134e+01,2.096962e+01,2.096962e+01,2.091398e+01,2.091398e+01,2.073988e+01,2.078169e+01,2.062830e+01,2.062830e+01,2.071897e+01,2.073988e+01,2.064225e+01,2.053755e+01,2.054453e+01,2.049564e+01,2.053755e+01,2.049564e+01,2.058643e+01,2.059340e+01,2.049564e+01,2.060039e+01,2.057246e+01,2.056548e+01,2.059340e+01,2.060736e+01,2.046070e+01,2.068410e+01,2.051660e+01,2.060736e+01,2.053755e+01,2.053755e+01,2.057246e+01,2.050961e+01,2.060039e+01,2.061434e+01,2.059340e+01,2.060039e+01,2.060736e+01,2.055152e+01,2.044672e+01,2.038379e+01,2.059340e+01,2.047468e+01,2.048865e+01,2.060039e+01,2.048166e+01,2.057246e+01,2.069805e+01,2.060039e+01,2.064225e+01,2.064923e+01,2.058643e+01,2.064923e+01,2.064923e+01,2.053057e+01,2.058643e+01,2.053057e+01,2.068410e+01,2.069108e+01,2.060039e+01,2.062830e+01,2.053057e+01,2.065621e+01,2.062132e+01,2.056548e+01,2.056548e+01,2.056548e+01,2.055152e+01,2.060736e+01,2.063528e+01,2.057944e+01,2.066318e+01,2.045371e+01,2.053057e+01,2.061434e+01,2.057944e+01,2.046769e+01,2.056548e+01,2.055850e+01,2.075382e+01,2.057246e+01,2.053755e+01,2.050961e+01,2.060039e+01,2.060039e+01,2.041176e+01,2.064225e+01,2.061434e+01,2.064923e+01,2.055850e+01,2.049564e+01,2.069108e+01,2.055850e+01,2.048166e+01,2.054453e+01,2.051660e+01,2.046769e+01,2.048166e+01,2.069805e+01,2.046769e+01,2.066318e+01,2.057944e+01,2.062830e+01,2.072594e+01,2.058643e+01,2.055152e+01,2.048865e+01,2.050961e+01,2.055152e+01,2.062132e+01,2.055152e+01,2.070502e+01,2.057246e+01
2.067016e+01,2.073988e+01,2.073291e+01,2.060039e+01,2.073291e+01,2.068410e+01,2.085830e+01,2.069805e+01,2.070502e+01,2.074685e+01,2.070502e+01,2.076079e+01,2.069805e+01,2.064923e+01,2.065621e+01,2.071200e+01,2.069805e+01,2.054453e+01,2.067713e+01,2.057246e+01,2.053755e+01,2.054453e+01,2.060039e+01,2.062830e+01,2.053057e+01,2.057944e+01,2.057944e+01,2.046070e+01,2.048865e+01,2.046769e+01,2.042575e+01,2.048166e+01,2.044672e+01,2.045371e+01,2.040477e+01,2.042575e+01,2.046070e+01,2.037679e+01,2.046070e+01,2.053755e+01,2.036980e+01,2.027181e+01,2.047468e+01,2.042575e+01,2.043973e+01,2.041875e+01,2.039078e+01,2.053057e+01,2.046769e+01,2.053755e+01,2.075382e+01,2.073291e+01,2.090006e+01,2.086526e+01,2.067713e+01,2.081652e+01,2.093485e+01,2.065621e+01,2.064923e+01,2.055152e+01,2.046070e+01,2.049564e+01,2.042575e+01,2.057944e+01,2.067016e+01,2.069805e+01,2.050262e+01,2.046070e+01,2.053755e+01,2.062132e+01,2.071897e+01,2.071200e+01,2.065621e+01,2.060736e+01,2.072594e+01,2.061434e+01,2.080955e+01,2.064225e+01,2.069108e+01,2.059340e+01,2.071897e+01,2.069108e+01,2.076775e+01,2.074685e+01,2.076079e+01,2.071200e+01,2.076775e+01,2.073291e+01,2.074685e+01,2.060736e+01,2.070502e+01,2.084437e+01,2.064923e+01,2.079562e+01,2.076775e+01,2.071897e+01,2.074685e+01,2.070502e+01,2.061434e+01,2.074685e+01,2.059340e+01,2.072594e+01,2.049564e+01,2.048865e+01,2.072594e+01,2.061434e+01,2.055850e+01,2.060039e+01,2.076079e+01,2.060039e+01,2.057944e+01,2.058643e+01,2.062830e+01,2.056548e+01,2.075382e+01,2.067016e+01,2.067713e+01,2.055850e+01,2.059340e+01,2.057944e+01,2.060736e+01,2.061434e+01,2.067713e+01,2.077472e+01,2.096267e+01,2.080259e+01,2.084437e+01,2.080259e+01,2.064225e+01,2.057246e+01,2.050262e+01,2.063528e+01,2.049564e+01,2.062830e+01,2.056548e+01,2.057944e+01,2.057246e+01,2.062830e+01,2.062132e+01,2.060039e+01,2.046769e+01,2.048166e+01,2.055850e+01,2.050961e+01,2.041176e+01,2.057246e+01,2.059340e+01,2.055152e+01,2.053755e+01,2.056548e+01,2.051660e+01,2.053057e+01,2.050961e+01,2.046070e+01,2.041875e+01,2.043973e+01,2.044672e+01,2.047468e+01,2.048865e+01,2.053057e+01,2.046070e+01,2.053755e+01,2.046769e+01,2.048865e+01,2.047468e+01,2.048865e+01,2.051660e+01,2.048166e+01,2.046769e+01,2.047468e+01,2.030682e+01,2.050961e+01,2.051660e+01,2.061434e+01,2.037679e+01,2.057944e+01,2.050262e+01,2.044672e+01,2.041875e+01,2.057944e+01,2.052358e+01,2.043973e+01,2.044672e+01,2.041176e+01,2.053755e+01,2.041176e+01,2.046769e+01,2.057246e+01,2.043973e+01,2.049564e+01,2.051660e+01,2.051660e+01,2.047468e+01,2.042575e+01,2.034181e+01,2.041176e+01,2.060039e+01,2.060736e+01,2.036980e+01,2.050961e+01,2.039078e+01,2.041176e+01,2.036980e+01,2.032782e+01,2.041875e+01,2.046769e+01,2.050961e+01,2.039778e+01,2.046769e+01,2.048865e+01,2.043274e+01,2.042575e+01,2.047468e+01,2.040477e+01,2.043973e+01,2.055152e+01,2.050262e+01,2.051660e+01,2.050961e+01,2.044672e+01,2.052358e+01,2.048865e+01,2.038379e+01,2.053755e+01,2.044672e+01,2.041875e+01,2.041875e+01,2.039078e+01,2.037679e+01,2.044672e+01,2.032082e+01,2.043274e+01,2.050961e+01,2.050961e+01,2.055850e+01,2.028582e+01,2.039778e+01,2.044672e+01,2.043973e+01,2.046769e+01,2.044672e+01,2.032082e+01,2.039778e+01,2.032082e+01,2.029982e+01,2.032082e+01,2.032782e+01,2.025080e+01,2.029982e+01,2.026481e+01,2.023680e+01,2.027181e+01,2.021578e+01,2.019476e+01,2.025080e+01,2.046769e+01,2.069805e+01,2.055850e+01,2.053057e+01,2.043274e+01,2.034881e+01,2.032082e+01,2.034181e+01,2.033481e+01,2.053057e+01,2.054453e+01,2.051660e+01,2.056548e+01,2.064923e+01,2.047468e+01,2.056548e+01,2.047468e+01,2.060039e+01,2.050961e+01,2.051660e+01,2.030682e+01,2.031382e+01,2.050262e+01,2.043274e+01,2.043274e+01,2.043973e+01,2.048166e+01,2.055152e+01,2.055152e+01,2.057246e+01,2.051660e+01,2.049564e+01,2.050961e+01,2.046769e+01,2.056548e+01,2.048166e+01,2.062132e+01,2.059340e+01,2.060039e+01,2.080955e+01,2.067016e+01,2.062132e+01,2.066318e+01,2.066318e+01,2.069108e+01,2.063528e+01,2.079562e+01,2.067713e+01,2.076775e+01,2.063528e+01,2.066318e+01,2.057246e+01,2.058643e+01,2.070502e+01,2.064225e+01,2.064225e+01,2.064225e+01,2.062830e+01,2.044672e+01,2.055152e+01,2.056548e+01,2.073988e+01,2.059340e+01,2.055152e+01,2.053057e+01,2.060039e+01,2.045371e+01,2.057944e+01,2.065621e+01,2.063528e+01,2.045371e+01,2.035581e+01,2.029982e+01,2.037679e+01,2.057246e+01,2.048865e+01,2.038379e+01,2.033481e+01,2.030682e+01,2.034881e+01,2.036980e+01,2.048865e+01,2.049564e+01,2.053057e+01,2.067016e+01,2.059340e+01,2.057246e+01,2.055850e+01,2.057246e+01,2.064225e+01,2.068410e+01,2.064225e+01,2.059340e+01,2.064225e+01,2.065621e+01,2.064225e+01,2.067713e+01,2.066318e+01,2.066318e+01,2.057944e+01,2.049564e+01,2.052358e+01,2.052358e+01,2.061434e+01,2.056548e+01,2.049564e+01,2.048166e+01,2.058643e+01,2.045371e+01,2.057246e+01,2.047468e+01,2.062132e+01,2.053755e+01,2.051660e+01,2.057246e+01,2.055152e+01,2.057944e+01,2.058643e+01,2.039778e+01,2.045371e+01,2.050961e+01,2.054453e+01,2.052358e+01,2.051660e+01,2.057944e+01,2.042575e+01,2.053057e+01,2.065621e+01,2.055152e+01,2.051660e+01,2.064225e+01,2.081652e+01,2.049564e+01,2.049564e+01,2.051660e+01,2.059340e+01,2.044672e+01,2.036280e+01,2.049564e+01,2.061434e+01,2.053057e+01,2.052358e+01,2.048166e+01,2.048166e+01,2.048166e+01,2.041875e+01,2.051660e+01,2.047468e+01,2.041875e+01,2.037679e+01,2.050961e+01,2.053057e+01,2.050262e+01,2.043973e+01,2.053057e+01,2.044672e+01,2.043973e+01,2.053755e+01,2.063528e+01,2.054453e+01,2.048865e+01,2.069108e+01,2.073291e+01,2.078169e+01,2.085134e+01,2.094180e+01,2.086526e+01,2.099048e+01,2.102524e+01,2.080259e+01,2.090006e+01,2.090006e+01,2.097658e+01,2.094876e+01,2.099048e+01,2.097658e+01,2.097658e+01,2.087918e+01,2.099744e+01,2.094876e+01,2.096267e+01,2.103914e+01,2.086526e+01,2.096962e+01,2.105304e+01,2.101134e+01,2.090702e+01,2.084437e+01,2.097658e+01,2.106693e+01,2.094180e+01,2.102524e+01,2.101134e+01,2.089310e+01,2.100439e+01,2.096267e+01,2.103914e+01,2.103914e+01,2.098353e+01,2.102524e+01,2.092789e+01,2.092789e+01,2.088614e+01,2.094876e+01,2.090702e+01,2.093485e+01,2.095572e+01,2.100439e+01,2.105304e+01,2.094180e+01,2.085830e+01,2.094876e+01,2.092789e+01,2.094876e+01,2.095572e+01,2.094180e+01,2.097658e+01,2.096962e+01,2.096267e+01,2.094876e+01,2.101134e+01,2.080259e+01,2.090702e+01,2.094180e+01,2.090702e+01,2.096267e+01,2.101134e+01,2.096962e+01,2.105999e+01,2.098353e+01,2.079562e+01,2.092789e+01,2.094876e+01,2.086526e+01,2.091398e+01,2.101134e+01,2.089310e+01,2.086526e+01,2.092093e+01,2.089310e+01,2.093485e+01,2.087222e+01,2.096962e+01,2.091398e+01,2.081652e+01,2.090006e+01,2.091398e+01,2.087918e+01,2.096267e+01,2.103914e+01,2.101829e+01,2.098353e+01,2.094876e+01,2.096267e+01,2.091398e+01,2.090006e+01,2.094876e+01,2.101829e+01,2.101829e+01,2.087222e+01,2.099048e+01,2.092789e+01,2.090006e+01,2.090006e+01,2.094876e+01,2.083741e+01,2.101134e+01,2.103914e+01,2.099744e+01,2.106693e+01,2.085830e+01,2.101829e+01,2.092093e+01,2.101829e+01,2.091398e+01,2.094876e+01,2.092789e+01,2.076079e+01,2.065621e+01,2.064225e+01,2.067016e+01,2.060736e+01,2.044672e+01,2.067016e+01,2.078866e+01,2.070502e+01,2.054453e+01,2.061434e+01,2.065621e+01,2.060039e+01,2.054453e+01,2.057944e+01,2.055850e+01,2.063528e+01,2.057944e+01,2.064225e+01,2.055152e+01,2.057944e+01,2.057246e+01,2.059340e+01,2.061434e+01,2.062132e+01,2.050961e+01,2.062132e+01,2.064923e+01,2.064923e+01,2.045371e+01,2.054453e+01,2.058643e+01,2.072594e+01,2.050262e+01,2.055152e+01,2.047468e+01,2.043973e+01,2.051660e+01,2.061434e+01,2.061434e+01,2.049564e+01,2.063528e+01,2.059340e+01,2.070502e+01,2.058643e+01,2.058643e+01,2.062132e+01,2.062830e+01,2.068410e+01,2.055152e+01,2.069805e+01,2.057944e+01,2.059340e+01,2.062830e+01,2.059340e+01,2.051660e+01,2.064225e+01,2.075382e+01,2.061434e+01,2.042575e+01,2.057944e+01,2.060039e+01,2.065621e+01,2.058643e+01,2.066318e+01,2.058643e+01,2.050961e+01,2.055850e+01,2.049564e+01,2.054453e+01,2.035581e+01,2.060039e+01,2.046070e+01,2.059340e+01,2.053057e+01,2.069108e+01,2.057944e+01,2.050961e+01,2.058643e+01,2.060039e+01,2.067713e+01,2.062132e+01,2.062830e+01,2.051660e+01,2.061434e+01,2.054453e+01,2.056548e+01,2.062830e+01,2.048865e+01,2.063528e+01,2.046769e+01,2.046769e+01,2.050262e+01,2.049564e+01,2.068410e+01,2.067016e+01,2.060736e+01,2.060736e+01,2.059340e+01,2.064923e+01,2.052358e+01,2.067016e+01,2.053057e+01,2.060736e+01,2.062830e+01,2.057944e+01,2.057944e+01,2.048166e+01
2.064923e+01,2.068410e+01,2.069805e+01,2.073988e+01,2.069805e+01,2.086526e+01,2.086526e+01,2.073988e+01,2.071200e+01,2.073291e+01,2.069805e+01,2.079562e+01,2.070502e+01,2.069805e+01,2.078169e+01,2.076775e+01,2.073988e+01,2.057944e+01,2.052358e+01,2.057944e+01,2.036980e+01,2.052358e+01,2.050262e+01,2.060736e+01,2.048865e+01,2.050262e+01,2.062132e+01,2.048865e+01,2.042575e+01,2.055152e+01,2.048166e+01,2.049564e+01,2.046769e+01,2.044672e+01,2.039078e+01,2.046769e+01,2.052358e+01,2.040477e+01,2.048865e+01,2.039078e+01,2.036280e+01,2.036980e+01,2.043973e+01,2.043973e+01,2.041875e+01,2.048865e+01,2.040477e+01,2.076079e+01,2.058643e+01,2.055152e+01,2.056548e+01,2.088614e+01,2.090702e+01,2.069805e+01,2.079562e+01,2.069108e+01,2.071200e+01,2.071897e+01,2.063528e+01,2.036980e+01,2.040477e+01,2.059340e+01,2.060039e+01,2.042575e+01,2.045371e+01,2.060039e+01,2.050961e+01,2.049564e+01,2.053755e+01,2.067016e+01,2.053755e+01,2.056548e+01,2.062132e+01,2.076079e+01,2.070502e+01,2.083741e+01,2.066318e+01,2.065621e+01,2.067713e+01,2.074685e+01,2.077472e+01,2.067016e+01,2.073291e+01,2.071200e+01,2.072594e+01,2.071897e+01,2.074685e+01,2.074685e+01,2.069108e+01,2.072594e+01,2.076079e+01,2.068410e+01,2.064923e+01,2.069805e+01,2.067016e+01,2.070502e+01,2.078169e+01,2.069805e+01,2.069805e+01,2.071200e+01,2.076079e+01,2.076079e+01,2.055850e+01,2.073988e+01,2.071200e+01,2.050961e+01,2.050262e+01,2.067016e+01,2.064225e+01,2.055152e+01,2.060736e+01,2.057944e+01,2.055850e+01,2.063528e+01,2.083045e+01,2.062132e+01,2.059340e+01,2.061434e+01,2.064923e+01,2.060039e+01,2.059340e+01,2.062830e+01,2.060736e+01,2.085134e+01,2.083741e+01,2.092789e+01,2.099744e+01,2.077472e+01,2.074685e+01,2.062830e+01,2.056548e+01,2.057944e+01,2.050961e+01,2.064923e+01,2.060039e+01,2.057944e+01,2.056548e+01,2.059340e+01,2.059340e+01,2.048865e+01,2.046769e+01,2.050961e+01,2.060039e+01,2.045371e+01,2.046769e+01,2.054453e+01,2.052358e+01,2.060736e+01,2.055152e+01,2.061434e+01,2.050961e+01,2.036980e+01,2.061434e+01,2.053057e+01,2.051660e+01,2.050961e+01,2.046769e+01,2.048166e+01,2.048166e+01,2.051660e+01,2.045371e+01,2.043274e+01,2.039778e+01,2.057246e+01,2.060039e+01,2.050961e+01,2.046070e+01,2.046769e+01,2.045371e+01,2.043274e+01,2.043973e+01,2.052358e+01,2.060039e+01,2.050961e+01,2.049564e+01,2.055152e+01,2.055152e+01,2.045371e+01,2.052358e+01,2.043973e+01,2.049564e+01,2.049564e+01,2.048166e+01,2.044672e+01,2.063528e+01,2.044672e+01,2.047468e+01,2.054453e+01,2.054453e+01,2.043274e+01,2.046070e+01,2.048865e+01,2.038379e+01,2.060736e+01,2.060039e+01,2.046070e+01,2.038379e+01,2.043274e+01,2.039778e+01,2.047468e+01,2.038379e+01,2.050961e+01,2.039078e+01,2.048166e+01,2.048166e+01,2.046769e+01,2.047468e+01,2.052358e+01,2.041176e+01,2.053057e+01,2.030682e+01,2.036980e+01,2.031382e+01,2.036980e+01,2.039078e+01,2.056548e+01,2.041176e+01,2.046070e+01,2.043274e+01,2.051660e+01,2.053057e+01,2.052358e+01,2.046769e+01,2.046070e+01,2.043274e+01,2.053057e+01,2.036980e+01,2.038379e+01,2.048865e+01,2.048166e+01,2.043973e+01,2.041176e+01,2.039778e+01,2.044672e+01,2.047468e+01,2.033481e+01,2.036280e+01,2.060039e+01,2.044672e+01,2.043973e+01,2.042575e+01,2.043973e+01,2.042575e+01,2.036980e+01,2.040477e+01,2.032082e+01,2.027881e+01,2.042575e+01,2.028582e+01,2.028582e+01,2.022278e+01,2.022979e+01,2.010362e+01,2.043274e+01,2.027181e+01,2.042575e+01,2.031382e+01,2.037679e+01,2.032782e+01,2.026481e+01,2.024380e+01,2.021578e+01,2.026481e+01,2.025781e+01,2.048166e+01,2.030682e+01,2.053057e+01,2.047468e+01,2.069108e+01,2.045371e+01,2.064225e+01,2.043274e+01,2.053057e+01,2.035581e+01,2.045371e+01,2.045371e+01,2.056548e+01,2.029282e+01,2.064225e+01,2.049564e+01,2.052358e+01,2.052358e+01,2.054453e+01,2.052358e+01,2.050961e+01,2.050961e+01,2.048166e+01,2.046769e+01,2.045371e+01,2.048166e+01,2.055850e+01,2.048166e+01,2.055850e+01,2.059340e+01,2.065621e+01,2.071200e+01,2.065621e+01,2.064923e+01,2.065621e+01,2.064923e+01,2.064225e+01,2.080259e+01,2.078866e+01,2.053755e+01,2.062830e+01,2.062132e+01,2.064225e+01,2.065621e+01,2.063528e+01,2.064923e+01,2.058643e+01,2.063528e+01,2.057944e+01,2.060039e+01,2.060039e+01,2.056548e+01,2.060039e+01,2.056548e+01,2.065621e+01,2.060736e+01,2.051660e+01,2.048865e+01,2.051660e+01,2.048166e+01,2.064923e+01,2.046769e+01,2.043274e+01,2.060039e+01,2.048166e+01,2.033481e+01,2.030682e+01,2.046769e+01,2.035581e+01,2.033481e+01,2.032782e+01,2.031382e+01,2.043973e+01,2.046769e+01,2.044672e+01,2.057246e+01,2.056548e+01,2.068410e+01,2.066318e+01,2.062132e+01,2.058643e+01,2.060736e+01,2.060039e+01,2.058643e+01,2.065621e+01,2.055152e+01,2.060736e+01,2.062830e+01,2.050262e+01,2.064923e+01,2.048166e+01,2.049564e+01,2.060736e+01,2.057944e+01,2.050262e+01,2.055850e+01,2.048865e+01,2.047468e+01,2.050961e+01,2.050262e+01,2.052358e+01,2.052358e+01,2.052358e+01,2.053755e+01,2.064225e+01,2.053755e+01,2.055152e+01,2.058643e+01,2.056548e+01,2.052358e+01,2.053755e+01,2.056548e+01,2.053755e+01,2.052358e+01,2.050961e+01,2.062132e+01,2.045371e+01,2.048166e+01,2.056548e+01,2.048166e+01,2.064225e+01,2.055850e+01,2.044672e+01,2.050961e+01,2.048865e+01,2.065621e+01,2.060736e+01,2.054453e+01,2.047468e+01,2.048166e+01,2.062830e+01,2.050262e+01,2.053057e+01,2.057944e+01,2.049564e+01,2.047468e+01,2.042575e+01,2.047468e+01,2.034181e+01,2.047468e+01,2.045371e+01,2.070502e+01,2.054453e+01,2.047468e+01,2.052358e+01,2.060736e+01,2.049564e+01,2.055152e+01,2.055850e+01,2.048865e+01,2.054453e+01,2.071897e+01,2.049564e+01,2.073291e+01,2.081652e+01,2.098353e+01,2.096962e+01,2.088614e+01,2.096962e+01,2.093485e+01,2.102524e+01,2.091398e+01,2.094876e+01,2.101134e+01,2.096962e+01,2.100439e+01,2.091398e+01,2.098353e+01,2.085830e+01,2.110166e+01,2.092093e+01,2.094876e+01,2.092093e+01,2.097658e+01,2.092093e+01,2.094876e+01,2.087222e+01,2.093485e+01,2.094876e+01,2.090006e+01,2.088614e+01,2.099048e+01,2.098353e+01,2.095572e+01,2.092093e+01,2.102524e+01,2.096962e+01,2.096962e+01,2.102524e+01,2.092789e+01,2.078866e+01,2.092093e+01,2.094180e+01,2.101829e+01,2.092789e+01,2.093485e+01,2.092789e+01,2.095572e+01,2.095572e+01,2.097658e+01,2.085830e+01,2.087918e+01,2.091398e+01,2.096962e+01,2.104609e+01,2.092789e+01,2.103219e+01,2.102524e+01,2.100439e+01,2.108083e+01,2.110861e+01,2.095572e+01,2.108083e+01,2.087918e+01,2.098353e+01,2.093485e+01,2.102524e+01,2.091398e+01,2.091398e+01,2.094180e+01,2.095572e+01,2.093485e+01,2.102524e+01,2.092093e+01,2.093485e+01,2.101134e+01,2.102524e+01,2.101134e+01,2.087918e+01,2.092789e+01,2.090006e+01,2.083741e+01,2.096962e+01,2.090006e+01,2.090702e+01,2.087918e+01,2.092789e+01,2.092789e+01,2.097658e+01,2.099048e+01,2.087222e+01,2.096267e+01,2.092093e+01,2.096267e+01,2.097658e+01,2.096962e+01,2.089310e+01,2.092093e+01,2.083045e+01,2.100439e+01,2.090006e+01,2.092093e+01,2.098353e+01,2.093485e+01,2.090006e+01,2.087918e+01,2.101134e+01,2.088614e+01,2.085830e+01,2.102524e+01,2.114333e+01,2.101829e+01,2.091398e+01,2.103914e+01,2.099744e+01,2.097658e+01,2.097658e+01,2.084437e+01,2.078866e+01,2.055850e+01,2.066318e+01,2.067016e+01,2.061434e+01,2.062132e+01,2.055850e+01,2.067016e+01,2.054453e+01,2.060039e+01,2.060736e+01,2.054453e+01,2.058643e+01,2.070502e+01,2.052358e+01,2.051660e+01,2.062132e+01,2.055152e+01,2.063528e+01,2.053057e+01,2.050262e+01,2.058643e+01,2.057246e+01,2.053755e+01,2.067713e+01,2.060736e+01,2.047468e+01,2.055152e+01,2.064225e+01,2.055152e+01,2.057944e+01,2.061434e+01,2.073291e+01,2.067713e+01,2.064225e+01,2.051660e+01,2.060039e+01,2.067713e+01,2.047468e+01,2.058643e+01,2.065621e+01,2.061434e+01,2.067713e+01,2.063528e+01,2.062132e+01,2.060736e+01,2.057944e+01,2.063528e+01,2.065621e+01,2.057246e+01,2.070502e+01,2.048166e+01,2.059340e+01,2.048865e+01,2.061434e+01,2.059340e+01,2.048865e+01,2.064923e+01,2.077472e+01,2.054453e+01,2.041176e+01,2.061434e+01,2.055850e+01,2.066318e+01,2.054453e+01,2.050961e+01,2.063528e+01,2.052358e+01,2.047468e+01,2.050961e+01,2.053755e+01,2.047468e+01,2.050262e+01,2.052358e+01,2.053057e+01,2.056548e+01,2.053755e+01,2.057246e+01,2.048865e+01,2.060039e+01,2.068410e+01,2.056548e+01,2.057944e+01,2.052358e+01,2.059340e+01,2.050961e+01,2.049564e+01,2.075382e+01,2.047468e+01,2.046070e+01,2.043274e+01,2.039778e+01,2.066318e+01,2.060039e+01,2.051660e+01,2.067713e+01,2.062830e+01,2.061434e+01,2.063528e+01,2.064225e+01,2.054453e+01,2.062132e+01,2.067713e+01,2.070502e+01,2.067713e+01,2.041875e+01,2.065621e+01,2.078169e+01
2.066318e+01,2.078169e+01,2.069108e+01,2.066318e+01,2.086526e+01,2.085134e+01,2.087918e+01,2.063528e+01,2.084437e+01,2.073988e+01,2.071897e+01,2.074685e+01,2.076775e+01,2.069108e+01,2.064225e+01,2.067713e+01,2.071897e+01,2.075382e+01,2.072594e+01,2.059340e+01,2.055850e+01,2.067016e+01,2.060039e+01,2.055850e+01,2.054453e+01,2.057944e+01,2.050961e+01,2.055152e+01,2.060039e+01,2.043274e+01,2.041875e+01,2.056548e+01,2.064225e+01,2.052358e+01,2.040477e+01,2.051660e+01,2.046070e+01,2.060736e+01,2.047468e+01,2.027881e+01,2.050262e+01,2.046070e+01,2.046769e+01,2.048166e+01,2.045371e+01,2.053057e+01,2.043973e+01,2.049564e+01,2.062830e+01,2.069805e+01,2.075382e+01,2.079562e+01,2.068410e+01,2.089310e+01,2.077472e+01,2.071200e+01,2.071897e+01,2.064225e+01,2.058643e+01,2.059340e+01,2.066318e+01,2.043973e+01,2.061434e+01,2.053755e+01,2.060736e+01,2.064923e+01,2.057944e+01,2.055152e+01,2.072594e+01,2.070502e+01,2.073291e+01,2.072594e+01,2.067016e+01,2.068410e+01,2.057944e+01,2.070502e+01,2.057246e+01,2.069108e+01,2.068410e+01,2.072594e+01,2.074685e+01,2.079562e+01,2.084437e+01,2.078866e+01,2.072594e+01,2.073291e+01,2.076079e+01,2.076775e+01,2.076079e+01,2.050961e+01,2.078866e+01,2.080259e+01,2.073291e+01,2.073988e+01,2.077472e+01,2.071200e+01,2.073988e+01,2.077472e+01,2.067016e+01,2.064923e+01,2.060736e+01,2.066318e+01,2.069805e+01,2.069805e+01,2.067016e+01,2.052358e+01,2.060039e+01,2.061434e+01,2.060736e+01,2.053755e+01,2.061434e+01,2.056548e+01,2.055850e+01,2.055850e+01,2.068410e+01,2.056548e+01,2.058643e+01,2.057246e+01,2.056548e+01,2.067713e+01,2.059340e+01,2.060039e+01,2.076775e+01,2.082348e+01,2.086526e+01,2.092093e+01,2.085134e+01,2.075382e+01,2.060736e+01,2.058643e+01,2.056548e+01,2.053755e+01,2.057944e+01,2.066318e+01,2.058643e+01,2.055850e+01,2.057944e+01,2.064923e+01,2.059340e+01,2.048166e+01,2.062830e+01,2.048166e+01,2.050961e+01,2.048865e+01,2.063528e+01,2.048166e+01,2.048865e+01,2.055850e+01,2.055850e+01,2.059340e+01,2.047468e+01,2.051660e+01,2.039778e+01,2.050262e+01,2.057246e+01,2.045371e+01,2.050961e+01,2.050262e+01,2.041176e+01,2.043973e+01,2.052358e+01,2.043274e+01,2.041875e+01,2.039078e+01,2.048166e+01,2.047468e+01,2.056548e+01,2.045371e+01,2.044672e+01,2.044672e+01,2.048166e+01,2.048865e+01,2.036280e+01,2.053057e+01,2.042575e+01,2.043973e+01,2.046070e+01,2.043274e+01,2.055152e+01,2.045371e+01,2.043274e+01,2.053057e+01,2.040477e+01,2.043973e+01,2.048865e+01,2.048166e+01,2.048166e+01,2.055850e+01,2.049564e+01,2.041176e+01,2.043973e+01,2.044672e+01,2.055152e+01,2.051660e+01,2.056548e+01,2.036980e+01,2.037679e+01,2.038379e+01,2.041875e+01,2.054453e+01,2.037679e+01,2.057944e+01,2.032082e+01,2.041176e+01,2.036280e+01,2.046769e+01,2.049564e+01,2.042575e+01,2.045371e+01,2.048865e+01,2.044672e+01,2.031382e+01,2.041875e+01,2.041176e+01,2.049564e+01,2.055850e+01,2.043274e+01,2.046769e+01,2.044672e+01,2.046070e+01,2.053755e+01,2.053057e+01,2.044672e+01,2.041176e+01,2.041176e+01,2.052358e+01,2.055152e+01,2.042575e+01,2.052358e+01,2.038379e+01,2.034881e+01,2.053755e+01,2.051660e+01,2.036980e+01,2.050262e+01,2.032082e+01,2.030682e+01,2.039078e+01,2.043973e+01,2.044672e+01,2.041875e+01,2.029982e+01,2.043973e+01,2.017373e+01,2.033481e+01,2.034881e+01,2.029982e+01,2.022979e+01,2.042575e+01,2.029982e+01,2.001941e+01,2.010362e+01,2.008959e+01,2.012466e+01,2.009660e+01,1.997728e+01,2.005451e+01,2.028582e+01,2.036280e+01,2.020177e+01,2.010362e+01,2.021578e+01,2.033481e+01,2.018775e+01,2.034881e+01,2.036980e+01,2.054453e+01,2.034181e+01,2.043274e+01,2.053057e+01,2.050262e+01,2.059340e+01,2.050961e+01,2.050961e+01,2.055850e+01,2.029282e+01,2.045371e+01,2.062132e+01,2.045371e+01,2.033481e+01,2.044672e+01,2.047468e+01,2.052358e+01,2.052358e+01,2.067713e+01,2.057246e+01,2.068410e+01,2.063528e+01,2.050961e+01,2.052358e+01,2.066318e+01,2.060736e+01,2.048865e+01,2.054453e+01,2.071897e+01,2.070502e+01,2.069805e+01,2.068410e+01,2.064923e+01,2.069805e+01,2.055850e+01,2.072594e+01,2.067016e+01,2.078866e+01,2.054453e+01,2.058643e+01,2.064923e+01,2.063528e+01,2.060039e+01,2.064923e+01,2.057246e+01,2.083045e+01,2.060736e+01,2.061434e+01,2.050961e+01,2.067016e+01,2.053057e+01,2.055152e+01,2.056548e+01,2.060736e+01,2.064225e+01,2.050262e+01,2.055152e+01,2.056548e+01,2.050961e+01,2.050961e+01,2.050262e+01,2.030682e+01,2.048865e+01,2.043274e+01,2.035581e+01,2.040477e+01,2.048865e+01,2.030682e+01,2.020877e+01,2.029282e+01,2.031382e+01,2.033481e+01,2.034881e+01,2.047468e+01,2.044672e+01,2.055850e+01,2.065621e+01,2.059340e+01,2.058643e+01,2.048166e+01,2.054453e+01,2.066318e+01,2.056548e+01,2.048865e+01,2.048865e+01,2.049564e+01,2.047468e+01,2.061434e+01,2.048865e+01,2.043973e+01,2.064923e+01,2.034881e+01,2.053057e+01,2.051660e+01,2.058643e+01,2.048166e+01,2.047468e+01,2.051660e+01,2.055850e+01,2.051660e+01,2.051660e+01,2.052358e+01,2.053755e+01,2.053057e+01,2.053057e+01,2.056548e+01,2.056548e+01,2.059340e+01,2.055152e+01,2.050262e+01,2.053755e+01,2.045371e+01,2.052358e+01,2.048166e+01,2.053755e+01,2.046070e+01,2.050262e+01,2.049564e+01,2.048166e+01,2.060736e+01,2.047468e+01,2.049564e+01,2.048865e+01,2.048865e+01,2.051660e+01,2.056548e+01,2.048166e+01,2.054453e+01,2.053057e+01,2.051660e+01,2.053755e+01,2.043274e+01,2.049564e+01,2.048865e+01,2.052358e+01,2.046070e+01,2.048865e+01,2.051660e+01,2.048166e+01,2.048865e+01,2.051660e+01,2.045371e+01,2.052358e+01,2.043973e+01,2.055850e+01,2.062132e+01,2.051660e+01,2.057246e+01,2.045371e+01,2.046769e+01,2.055850e+01,2.069108e+01,2.085134e+01,2.099744e+01,2.094180e+01,2.103914e+01,2.082348e+01,2.101134e+01,2.098353e+01,2.093485e+01,2.093485e+01,2.095572e+01,2.090006e+01,2.097658e+01,2.091398e+01,2.094876e+01,2.092789e+01,2.108083e+01,2.098353e+01,2.101829e+01,2.101829e+01,2.097658e+01,2.095572e+01,2.104609e+01,2.099744e+01,2.096267e+01,2.101829e+01,2.103219e+01,2.103219e+01,2.103219e+01,2.088614e+01,2.096962e+01,2.091398e+01,2.098353e+01,2.099048e+01,2.101829e+01,2.101134e+01,2.085830e+01,2.084437e+01,2.095572e+01,2.100439e+01,2.108777e+01,2.101829e+01,2.091398e+01,2.085830e+01,2.088614e+01,2.095572e+01,2.098353e+01,2.105999e+01,2.101134e+01,2.088614e+01,2.090702e+01,2.102524e+01,2.091398e+01,2.101829e+01,2.104609e+01,2.097658e+01,2.103219e+01,2.100439e+01,2.092093e+01,2.094876e+01,2.094180e+01,2.097658e+01,2.093485e+01,2.094876e+01,2.093485e+01,2.093485e+01,2.092789e+01,2.087918e+01,2.092093e+01,2.098353e+01,2.093485e+01,2.091398e+01,2.092789e+01,2.085134e+01,2.099048e+01,2.109472e+01,2.090006e+01,2.089310e+01,2.094876e+01,2.093485e+01,2.087222e+01,2.097658e+01,2.092093e+01,2.092789e+01,2.096267e+01,2.097658e+01,2.099744e+01,2.096267e+01,2.083741e+01,2.094876e+01,2.099744e+01,2.096267e+01,2.094876e+01,2.095572e+01,2.090006e+01,2.092789e+01,2.090702e+01,2.086526e+01,2.090702e+01,2.094876e+01,2.081652e+01,2.091398e+01,2.080955e+01,2.091398e+01,2.091398e+01,2.090702e+01,2.085134e+01,2.099744e+01,2.103219e+01,2.103219e+01,2.091398e+01,2.099048e+01,2.089310e+01,2.092789e+01,2.087918e+01,2.078169e+01,2.078866e+01,2.051660e+01,2.064923e+01,2.064225e+01,2.066318e+01,2.041875e+01,2.055152e+01,2.065621e+01,2.060039e+01,2.062830e+01,2.056548e+01,2.049564e+01,2.062132e+01,2.048865e+01,2.052358e+01,2.051660e+01,2.053057e+01,2.055152e+01,2.053755e+01,2.067713e+01,2.054453e+01,2.053755e+01,2.047468e+01,2.056548e+01,2.060736e+01,2.057944e+01,2.046769e+01,2.045371e+01,2.055850e+01,2.056548e+01,2.071897e+01,2.047468e+01,2.075382e+01,2.067713e+01,2.041176e+01,2.066318e+01,2.064225e+01,2.052358e+01,2.064225e+01,2.048865e+01,2.055152e+01,2.066318e+01,2.053057e+01,2.067713e+01,2.061434e+01,2.063528e+01,2.067016e+01,2.064923e+01,2.057944e+01,2.069805e+01,2.056548e+01,2.055152e+01,2.051660e+01,2.053755e+01,2.057944e+01,2.061434e+01,2.060039e+01,2.065621e+01,2.057944e+01,2.056548e+01,2.059340e+01,2.062132e+01,2.050262e+01,2.056548e+01,2.056548e+01,2.053755e+01,2.055152e+01,2.048865e+01,2.049564e+01,2.056548e+01,2.053755e+01,2.059340e+01,2.050961e+01,2.039778e+01,2.048865e+01,2.051660e+01,2.055152e+01,2.047468e+01,2.058643e+01,2.059340e+01,2.048865e+01,2.059340e+01,2.058643e+01,2.058643e+01,2.060039e+01,2.047468e+01,2.046070e+01,2.052358e+01,2.043973e+01,2.053755e+01,2.064225e+01,2.046070e+01,2.041875e+01,2.044672e+01,2.053057e+01,2.042575e+01,2.053057e+01,2.054453e+01,2.053057e+01,2.067016e+01,2.050961e+01,2.062132e+01,2.060736e+01,2.064225e+01,2.050961e+01,2.063528e+01,2.050961e+01
2.062132e+01,2.075382e+01,2.076775e+01,2.069108e+01,2.086526e+01,2.068410e+01,2.067016e+01,2.064923e+01,2.073291e+01,2.071897e+01,2.067713e+01,2.071200e+01,2.067713e+01,2.077472e+01,2.074685e+01,2.074685e+01,2.069805e+01,2.080259e+01,2.062132e+01,2.076775e+01,2.055850e+01,2.070502e+01,2.069108e+01,2.064225e+01,2.063528e+01,2.040477e+01,2.034881e+01,2.063528e+01,2.056548e+01,2.053755e+01,2.047468e+01,2.058643e+01,2.064923e+01,2.058643e+01,2.060736e+01,2.055850e+01,2.053057e+01,2.055152e+01,2.057944e+01,2.060039e+01,2.062830e+01,2.044672e+01,2.053057e+01,2.060736e+01,2.064923e+01,2.049564e+01,2.039778e+01,2.049564e+01,2.078169e+01,2.063528e+01,2.068410e+01,2.087918e+01,2.090702e+01,2.083741e+01,2.092789e+01,2.086526e+01,2.068410e+01,2.064225e+01,2.068410e+01,2.060736e+01,2.059340e+01,2.053057e+01,2.049564e+01,2.059340e+01,2.054453e+01,2.057246e+01,2.064923e+01,2.064225e+01,2.079562e+01,2.066318e+01,2.062830e+01,2.077472e+01,2.074685e+01,2.078866e+01,2.060039e+01,2.081652e+01,2.064923e+01,2.086526e+01,2.074685e+01,2.073291e+01,2.074685e+01,2.080259e+01,2.071897e+01,2.073291e+01,2.075382e+01,2.077472e+01,2.079562e+01,2.076079e+01,2.080955e+01,2.071200e+01,2.074685e+01,2.078169e+01,2.072594e+01,2.073291e+01,2.068410e+01,2.075382e+01,2.071200e+01,2.068410e+01,2.064225e+01,2.063528e+01,2.062132e+01,2.069805e+01,2.067016e+01,2.068410e+01,2.067713e+01,2.064923e+01,2.063528e+01,2.064923e+01,2.062830e+01,2.057246e+01,2.061434e+01,2.060736e+01,2.087918e+01,2.060736e+01,2.062830e+01,2.061434e+01,2.063528e+01,2.057246e+01,2.062132e+01,2.066318e+01,2.060039e+01,2.061434e+01,2.088614e+01,2.086526e+01,2.107388e+01,2.090702e+01,2.077472e+01,2.070502e+01,2.053755e+01,2.060039e+01,2.042575e+01,2.052358e+01,2.058643e+01,2.057246e+01,2.062830e+01,2.056548e+01,2.062830e+01,2.057246e+01,2.060736e+01,2.046070e+01,2.064225e+01,2.046070e+01,2.048865e+01,2.061434e+01,2.062132e+01,2.062830e+01,2.049564e+01,2.053057e+01,2.048865e+01,2.056548e+01,2.062830e+01,2.046769e+01,2.055850e+01,2.049564e+01,2.055850e+01,2.059340e+01,2.055152e+01,2.056548e+01,2.048865e+01,2.046769e+01,2.034181e+01,2.046769e+01,2.055850e+01,2.057944e+01,2.053755e+01,2.057246e+01,2.048166e+01,2.046070e+01,2.046070e+01,2.044672e+01,2.046769e+01,2.044672e+01,2.041875e+01,2.040477e+01,2.048166e+01,2.041875e+01,2.046769e+01,2.048865e+01,2.050262e+01,2.058643e+01,2.042575e+01,2.048865e+01,2.048166e+01,2.056548e+01,2.063528e+01,2.055152e+01,2.050262e+01,2.050262e+01,2.044672e+01,2.052358e+01,2.045371e+01,2.060736e+01,2.052358e+01,2.045371e+01,2.060039e+01,2.041875e+01,2.036980e+01,2.045371e+01,2.039078e+01,2.036280e+01,2.043973e+01,2.047468e+01,2.038379e+01,2.036980e+01,2.046070e+01,2.046769e+01,2.071200e+01,2.034881e+01,2.046070e+01,2.032782e+01,2.053057e+01,2.040477e+01,2.050262e+01,2.044672e+01,2.043973e+01,2.056548e+01,2.049564e+01,2.055152e+01,2.039078e+01,2.051660e+01,2.043973e+01,2.046769e+01,2.035581e+01,2.050961e+01,2.036980e+01,2.055850e+01,2.043274e+01,2.041875e+01,2.050262e+01,2.041176e+01,2.039778e+01,2.041176e+01,2.039078e+01,2.037679e+01,2.041875e+01,2.053057e+01,2.039078e+01,2.045371e+01,2.042575e+01,2.044672e+01,2.031382e+01,2.034181e+01,2.039078e+01,2.036280e+01,2.036980e+01,2.030682e+01,2.029982e+01,2.032782e+01,2.024380e+01,2.027881e+01,2.008257e+01,2.023680e+01,2.006854e+01,2.016672e+01,1.990703e+01,2.009660e+01,1.996324e+01,2.013868e+01,2.022278e+01,2.028582e+01,2.009660e+01,2.012466e+01,2.016672e+01,2.034881e+01,2.036980e+01,2.046070e+01,2.036280e+01,2.046070e+01,2.048166e+01,2.054453e+01,2.050262e+01,2.047468e+01,2.057944e+01,2.046070e+01,2.049564e+01,2.058643e+01,2.050961e+01,2.057246e+01,2.046769e+01,2.056548e+01,2.046769e+01,2.052358e+01,2.069108e+01,2.069805e+01,2.060039e+01,2.060039e+01,2.055152e+01,2.056548e+01,2.051660e+01,2.062132e+01,2.062132e+01,2.062132e+01,2.060039e+01,2.060736e+01,2.057944e+01,2.068410e+01,2.069108e+01,2.082348e+01,2.071200e+01,2.073291e+01,2.062132e+01,2.065621e+01,2.065621e+01,2.055850e+01,2.062132e+01,2.062830e+01,2.063528e+01,2.063528e+01,2.058643e+01,2.065621e+01,2.061434e+01,2.050262e+01,2.060039e+01,2.055850e+01,2.053755e+01,2.053057e+01,2.060736e+01,2.063528e+01,2.062132e+01,2.060039e+01,2.066318e+01,2.052358e+01,2.055850e+01,2.051660e+01,2.053755e+01,2.048865e+01,2.052358e+01,2.029282e+01,2.044672e+01,2.027881e+01,2.036980e+01,2.032782e+01,2.036980e+01,2.027181e+01,2.019476e+01,2.011764e+01,2.021578e+01,2.038379e+01,2.034181e+01,2.053057e+01,2.040477e+01,2.058643e+01,2.063528e+01,2.046070e+01,2.059340e+01,2.050262e+01,2.045371e+01,2.057246e+01,2.057246e+01,2.059340e+01,2.060039e+01,2.046769e+01,2.039078e+01,2.051660e+01,2.045371e+01,2.052358e+01,2.050961e+01,2.056548e+01,2.064225e+01,2.058643e+01,2.062830e+01,2.058643e+01,2.051660e+01,2.053057e+01,2.052358e+01,2.054453e+01,2.060736e+01,2.055152e+01,2.058643e+01,2.058643e+01,2.054453e+01,2.057246e+01,2.053755e+01,2.055152e+01,2.054453e+01,2.064923e+01,2.055850e+01,2.057246e+01,2.050262e+01,2.046070e+01,2.050961e+01,2.056548e+01,2.053057e+01,2.048865e+01,2.048166e+01,2.057246e+01,2.049564e+01,2.046769e+01,2.057246e+01,2.055152e+01,2.046769e+01,2.053755e+01,2.047468e+01,2.041176e+01,2.045371e+01,2.053755e+01,2.049564e+01,2.059340e+01,2.061434e+01,2.043274e+01,2.050961e+01,2.041176e+01,2.042575e+01,2.046070e+01,2.059340e+01,2.049564e+01,2.052358e+01,2.051660e+01,2.045371e+01,2.057944e+01,2.054453e+01,2.043973e+01,2.067016e+01,2.053755e+01,2.054453e+01,2.069805e+01,2.050961e+01,2.057944e+01,2.078169e+01,2.088614e+01,2.092093e+01,2.090006e+01,2.100439e+01,2.092789e+01,2.085830e+01,2.099744e+01,2.094180e+01,2.095572e+01,2.103219e+01,2.100439e+01,2.095572e+01,2.096267e+01,2.100439e+01,2.094876e+01,2.096267e+01,2.105999e+01,2.097658e+01,2.094180e+01,2.096267e+01,2.103219e+01,2.105304e+01,2.105999e+01,2.099048e+01,2.098353e+01,2.100439e+01,2.102524e+01,2.095572e+01,2.099744e+01,2.090702e+01,2.094180e+01,2.099048e+01,2.103219e+01,2.091398e+01,2.099744e+01,2.102524e+01,2.094180e+01,2.096962e+01,2.095572e+01,2.092093e+01,2.101829e+01,2.093485e+01,2.091398e+01,2.094180e+01,2.105999e+01,2.103219e+01,2.102524e+01,2.094180e+01,2.101134e+01,2.101134e+01,2.094876e+01,2.096267e+01,2.097658e+01,2.094180e+01,2.097658e+01,2.110861e+01,2.103219e+01,2.086526e+01,2.095572e+01,2.099744e+01,2.096962e+01,2.095572e+01,2.086526e+01,2.092789e+01,2.090702e+01,2.101134e+01,2.096267e+01,2.085830e+01,2.099744e+01,2.102524e+01,2.097658e+01,2.101134e+01,2.101829e+01,2.087918e+01,2.096962e+01,2.089310e+01,2.094180e+01,2.103219e+01,2.117109e+01,2.092093e+01,2.096962e+01,2.092093e+01,2.097658e+01,2.101134e+01,2.101829e+01,2.101134e+01,2.092093e+01,2.085830e+01,2.093485e+01,2.097658e+01,2.094180e+01,2.094876e+01,2.090006e+01,2.087222e+01,2.080955e+01,2.092093e+01,2.100439e+01,2.095572e+01,2.095572e+01,2.103219e+01,2.084437e+01,2.087918e+01,2.100439e+01,2.082348e+01,2.093485e+01,2.099048e+01,2.094876e+01,2.103219e+01,2.095572e+01,2.101134e+01,2.087222e+01,2.090702e+01,2.078866e+01,2.082348e+01,2.061434e+01,2.058643e+01,2.053057e+01,2.053755e+01,2.062132e+01,2.055850e+01,2.060736e+01,2.067016e+01,2.064225e+01,2.045371e+01,2.057944e+01,2.055850e+01,2.054453e+01,2.067016e+01,2.068410e+01,2.054453e+01,2.067016e+01,2.055850e+01,2.055152e+01,2.058643e+01,2.053057e+01,2.056548e+01,2.046769e+01,2.050961e+01,2.042575e+01,2.041176e+01,2.043274e+01,2.043973e+01,2.055152e+01,2.069805e+01,2.042575e+01,2.049564e+01,2.069805e+01,2.064225e+01,2.055152e+01,2.049564e+01,2.053057e+01,2.054453e+01,2.062830e+01,2.060736e+01,2.054453e+01,2.062132e+01,2.067016e+01,2.064923e+01,2.062132e+01,2.060039e+01,2.061434e+01,2.060736e+01,2.060736e+01,2.059340e+01,2.060039e+01,2.060039e+01,2.046769e+01,2.052358e+01,2.054453e+01,2.053057e+01,2.053057e+01,2.069108e+01,2.058643e+01,2.060736e+01,2.067016e+01,2.057944e+01,2.051660e+01,2.050961e+01,2.064923e+01,2.048865e+01,2.048166e+01,2.050961e+01,2.064923e+01,2.060039e+01,2.050961e+01,2.057944e+01,2.055850e+01,2.055850e+01,2.055152e+01,2.068410e+01,2.048865e+01,2.059340e+01,2.048166e+01,2.060039e+01,2.057944e+01,2.053755e+01,2.055850e+01,2.052358e+01,2.060736e+01,2.057246e+01,2.050262e+01,2.052358e+01,2.054453e+01,2.049564e+01,2.059340e+01,2.060736e+01,2.043274e+01,2.048865e+01,2.051660e+01,2.046070e+01,2.045371e+01,2.069108e+01,2.052358e+01,2.048865e+01,2.072594e+01,2.062830e+01,2.058643e+01,2.054453e+01,2.066318e+01,2.053755e+01,2.062132e+01
2.071200e+01,2.076775e+01,2.068410e+01,2.065621e+01,2.076079e+01,2.069108e+01,2.068410e+01,2.073291e+01,2.064225e+01,2.069108e+01,2.069805e+01,2.070502e+01,2.069108e+01,2.077472e+01,2.074685e+01,2.078169e+01,2.070502e+01,2.055850e+01,2.068410e+01,2.071200e+01,2.086526e+01,2.081652e+01,2.065621e+01,2.067713e+01,2.069108e+01,2.061434e+01,2.052358e+01,2.055850e+01,2.077472e+01,2.065621e+01,2.062830e+01,2.060039e+01,2.067713e+01,2.054453e+01,2.067016e+01,2.055850e+01,2.068410e+01,2.054453e+01,2.057944e+01,2.069108e+01,2.060039e+01,2.046070e+01,2.048865e+01,2.060039e+01,2.072594e+01,2.050961e+01,2.062830e+01,2.058643e+01,2.041176e+01,2.062132e+01,2.073988e+01,2.078866e+01,2.092789e+01,2.096962e+01,2.090006e+01,2.069108e+01,2.067016e+01,2.053057e+01,2.060736e+01,2.059340e+01,2.063528e+01,2.060736e+01,2.071897e+01,2.061434e+01,2.062132e+01,2.062132e+01,2.071897e+01,2.065621e+01,2.067016e+01,2.071200e+01,2.074685e+01,2.076079e+01,2.071200e+01,2.071200e+01,2.069108e+01,2.070502e+01,2.085134e+01,2.073988e+01,2.072594e+01,2.055850e+01,2.076079e+01,2.076079e+01,2.073988e+01,2.074685e+01,2.076079e+01,2.075382e+01,2.073988e+01,2.076775e+01,2.075382e+01,2.072594e+01,2.080259e+01,2.079562e+01,2.076079e+01,2.083045e+01,2.071200e+01,2.070502e+01,2.076079e+01,2.067713e+01,2.063528e+01,2.060039e+01,2.058643e+01,2.056548e+01,2.067713e+01,2.069108e+01,2.067016e+01,2.064225e+01,2.060736e+01,2.062132e+01,2.075382e+01,2.062132e+01,2.060039e+01,2.062830e+01,2.065621e+01,2.058643e+01,2.067713e+01,2.077472e+01,2.057246e+01,2.058643e+01,2.070502e+01,2.075382e+01,2.060039e+01,2.079562e+01,2.087918e+01,2.087222e+01,2.088614e+01,2.073291e+01,2.071200e+01,2.074685e+01,2.055850e+01,2.058643e+01,2.060736e+01,2.057246e+01,2.058643e+01,2.056548e+01,2.056548e+01,2.055152e+01,2.055850e+01,2.046769e+01,2.057944e+01,2.062132e+01,2.057944e+01,2.064225e+01,2.058643e+01,2.060039e+01,2.046769e+01,2.049564e+01,2.052358e+01,2.052358e+01,2.052358e+01,2.062830e+01,2.060039e+01,2.067713e+01,2.059340e+01,2.056548e+01,2.060736e+01,2.053755e+01,2.053057e+01,2.038379e+01,2.044672e+01,2.056548e+01,2.050262e+01,2.048865e+01,2.041875e+01,2.055152e+01,2.034881e+01,2.048166e+01,2.043274e+01,2.044672e+01,2.044672e+01,2.042575e+01,2.045371e+01,2.048865e+01,2.043274e+01,2.048166e+01,2.041875e+01,2.050262e+01,2.057246e+01,2.041875e+01,2.045371e+01,2.044672e+01,2.048865e+01,2.056548e+01,2.050961e+01,2.052358e+01,2.050262e+01,2.053057e+01,2.057246e+01,2.051660e+01,2.053755e+01,2.054453e+01,2.050262e+01,2.043973e+01,2.042575e+01,2.040477e+01,2.047468e+01,2.039078e+01,2.049564e+01,2.043973e+01,2.053057e+01,2.040477e+01,2.048166e+01,2.039778e+01,2.043274e+01,2.060736e+01,2.047468e+01,2.048865e+01,2.044672e+01,2.046769e+01,2.046769e+01,2.043274e+01,2.035581e+01,2.046070e+01,2.059340e+01,2.041176e+01,2.049564e+01,2.052358e+01,2.049564e+01,2.050262e+01,2.043274e+01,2.048865e+01,2.052358e+01,2.051660e+01,2.053755e+01,2.037679e+01,2.050961e+01,2.043973e+01,2.046769e+01,2.046769e+01,2.043973e+01,2.047468e+01,2.038379e+01,2.041176e+01,2.038379e+01,2.041176e+01,2.043973e+01,2.034881e+01,2.034881e+01,2.039778e+01,2.033481e+01,2.034881e+01,2.035581e+01,2.039778e+01,2.038379e+01,2.031382e+01,2.022278e+01,2.034181e+01,2.027881e+01,2.039778e+01,2.025080e+01,2.015971e+01,2.015971e+01,2.011764e+01,2.006854e+01,2.001239e+01,1.987892e+01,1.994216e+01,2.009660e+01,1.999133e+01,1.995621e+01,2.002643e+01,2.004047e+01,2.004749e+01,2.012466e+01,2.016672e+01,2.033481e+01,2.035581e+01,2.046769e+01,2.042575e+01,2.037679e+01,2.046769e+01,2.052358e+01,2.045371e+01,2.058643e+01,2.043973e+01,2.036980e+01,2.044672e+01,2.046769e+01,2.058643e+01,2.057246e+01,2.048865e+01,2.051660e+01,2.053755e+01,2.055850e+01,2.058643e+01,2.070502e+01,2.063528e+01,2.065621e+01,2.067713e+01,2.046070e+01,2.066318e+01,2.056548e+01,2.066318e+01,2.071200e+01,2.067713e+01,2.071200e+01,2.063528e+01,2.068410e+01,2.063528e+01,2.068410e+01,2.062830e+01,2.065621e+01,2.068410e+01,2.062830e+01,2.058643e+01,2.053755e+01,2.059340e+01,2.060736e+01,2.046070e+01,2.067016e+01,2.046070e+01,2.062830e+01,2.063528e+01,2.060039e+01,2.053755e+01,2.050262e+01,2.056548e+01,2.053755e+01,2.053755e+01,2.052358e+01,2.060736e+01,2.048865e+01,2.062132e+01,2.057246e+01,2.055850e+01,2.054453e+01,2.052358e+01,2.052358e+01,2.053057e+01,2.040477e+01,2.029282e+01,2.036980e+01,2.032082e+01,2.036280e+01,2.017373e+01,2.014569e+01,2.026481e+01,2.030682e+01,2.033481e+01,2.040477e+01,2.056548e+01,2.050262e+01,2.041176e+01,2.041176e+01,2.060039e+01,2.064225e+01,2.038379e+01,2.051660e+01,2.046070e+01,2.053057e+01,2.060039e+01,2.045371e+01,2.048166e+01,2.045371e+01,2.057944e+01,2.051660e+01,2.048865e+01,2.064225e+01,2.056548e+01,2.055152e+01,2.061434e+01,2.057944e+01,2.057246e+01,2.055850e+01,2.055850e+01,2.058643e+01,2.049564e+01,2.055850e+01,2.080259e+01,2.053057e+01,2.053755e+01,2.051660e+01,2.053755e+01,2.057944e+01,2.060039e+01,2.046769e+01,2.052358e+01,2.050961e+01,2.055152e+01,2.052358e+01,2.051660e+01,2.049564e+01,2.045371e+01,2.045371e+01,2.050961e+01,2.056548e+01,2.051660e+01,2.049564e+01,2.052358e+01,2.058643e+01,2.060736e+01,2.055850e+01,2.038379e+01,2.055152e+01,2.053755e+01,2.057944e+01,2.050262e+01,2.056548e+01,2.043973e+01,2.047468e+01,2.042575e+01,2.043973e+01,2.048865e+01,2.045371e+01,2.039778e+01,2.055152e+01,2.049564e+01,2.056548e+01,2.055152e+01,2.056548e+01,2.050262e+01,2.057246e+01,2.063528e+01,2.057944e+01,2.055850e+01,2.048166e+01,2.047468e+01,2.059340e+01,2.062132e+01,2.068410e+01,2.085134e+01,2.089310e+01,2.099048e+01,2.090006e+01,2.103914e+01,2.091398e+01,2.094876e+01,2.103914e+01,2.110861e+01,2.099048e+01,2.098353e+01,2.097658e+01,2.101134e+01,2.101134e+01,2.110861e+01,2.091398e+01,2.096267e+01,2.092093e+01,2.094180e+01,2.094180e+01,2.102524e+01,2.101134e+01,2.108083e+01,2.101134e+01,2.090006e+01,2.104609e+01,2.109472e+01,2.096962e+01,2.100439e+01,2.099048e+01,2.100439e+01,2.104609e+01,2.086526e+01,2.092093e+01,2.092789e+01,2.085134e+01,2.096962e+01,2.093485e+01,2.086526e+01,2.098353e+01,2.091398e+01,2.093485e+01,2.097658e+01,2.098353e+01,2.089310e+01,2.096267e+01,2.099744e+01,2.097658e+01,2.101134e+01,2.101134e+01,2.094180e+01,2.099744e+01,2.101829e+01,2.092093e+01,2.103219e+01,2.103219e+01,2.099048e+01,2.110166e+01,2.094180e+01,2.104609e+01,2.087222e+01,2.096267e+01,2.097658e+01,2.095572e+01,2.103219e+01,2.094876e+01,2.091398e+01,2.094180e+01,2.090702e+01,2.098353e+01,2.099048e+01,2.103914e+01,2.098353e+01,2.083741e+01,2.101829e+01,2.108083e+01,2.104609e+01,2.095572e+01,2.103914e+01,2.096267e+01,2.094180e+01,2.101134e+01,2.095572e+01,2.097658e+01,2.098353e+01,2.102524e+01,2.092789e+01,2.096267e+01,2.087222e+01,2.096962e+01,2.092789e+01,2.095572e+01,2.094180e+01,2.096962e+01,2.092789e+01,2.081652e+01,2.083045e+01,2.096267e+01,2.089310e+01,2.089310e+01,2.085830e+01,2.089310e+01,2.094180e+01,2.094876e+01,2.099048e+01,2.092093e+01,2.094180e+01,2.090702e+01,2.094180e+01,2.087918e+01,2.086526e+01,2.085830e+01,2.087918e+01,2.084437e+01,2.067016e+01,2.067016e+01,2.064225e+01,2.049564e+01,2.064225e+01,2.055850e+01,2.046070e+01,2.054453e+01,2.061434e+01,2.053755e+01,2.052358e+01,2.050262e+01,2.050262e+01,2.056548e+01,2.048865e+01,2.046769e+01,2.067713e+01,2.062830e+01,2.051660e+01,2.055152e+01,2.070502e+01,2.066318e+01,2.052358e+01,2.045371e+01,2.055850e+01,2.054453e+01,2.063528e+01,2.053057e+01,2.059340e+01,2.052358e+01,2.033481e+01,2.052358e+01,2.065621e+01,2.051660e+01,2.061434e+01,2.053057e+01,2.064923e+01,2.059340e+01,2.061434e+01,2.061434e+01,2.053057e+01,2.051660e+01,2.064225e+01,2.050961e+01,2.057944e+01,2.060736e+01,2.053057e+01,2.063528e+01,2.059340e+01,2.055152e+01,2.061434e+01,2.060039e+01,2.054453e+01,2.046769e+01,2.054453e+01,2.053755e+01,2.061434e+01,2.057944e+01,2.069108e+01,2.034181e+01,2.067016e+01,2.057944e+01,2.066318e+01,2.054453e+01,2.049564e+01,2.065621e+01,2.049564e+01,2.043973e+01,2.048166e+01,2.050961e+01,2.039778e+01,2.041176e+01,2.056548e+01,2.051660e+01,2.047468e+01,2.045371e+01,2.025080e+01,2.051660e+01,2.046769e+01,2.054453e+01,2.046769e+01,2.059340e+01,2.069108e+01,2.069805e+01,2.050262e+01,2.048865e+01,2.044672e+01,2.048166e+01,2.057246e+01,2.061434e+01,2.040477e+01,2.055850e+01,2.065621e+01,2.046070e+01,2.044672e+01,2.062830e+01,2.057246e+01,2.052358e+01,2.054453e+01,2.057246e+01,2.053755e+01,2.050262e+01,2.054453e+01,2.050961e+01,2.054453e+01,2.064923e+01,2.078866e+01
2.069108e+01,2.067016e+01,2.080259e+01,2.054453e+01,2.071200e+01,2.062830e+01,2.073291e+01,2.062830e+01,2.069108e+01,2.063528e+01,2.064923e+01,2.064923e+01,2.081652e+01,2.069805e+01,2.072594e+01,2.073988e+01,2.067713e+01,2.068410e+01,2.060736e+01,2.067713e+01,2.060736e+01,2.083741e+01,2.068410e+01,2.068410e+01,2.064225e+01,2.073291e+01,2.063528e+01,2.064225e+01,2.063528e+01,2.061434e+01,2.074685e+01,2.064923e+01,2.057944e+01,2.073291e+01,2.050961e+01,2.071200e+01,2.071897e+01,2.056548e+01,2.054453e+01,2.058643e+01,2.060736e+01,2.046769e+01,2.050961e+01,2.073291e+01,2.069805e+01,2.041875e+01,2.062830e+01,2.044672e+01,2.056548e+01,2.060736e+01,2.075382e+01,2.086526e+01,2.084437e+01,2.069108e+01,2.076079e+01,2.072594e+01,2.070502e+01,2.060039e+01,2.064923e+01,2.066318e+01,2.060039e+01,2.057944e+01,2.067016e+01,2.061434e+01,2.042575e+01,2.063528e+01,2.078169e+01,2.068410e+01,2.076079e+01,2.071897e+01,2.067016e+01,2.067016e+01,2.075382e+01,2.065621e+01,2.076775e+01,2.057944e+01,2.065621e+01,2.072594e+01,2.070502e+01,2.071897e+01,2.076775e+01,2.075382e+01,2.071200e+01,2.075382e+01,2.077472e+01,2.061434e+01,2.076079e+01,2.069108e+01,2.069805e+01,2.070502e+01,2.075382e+01,2.078169e+01,2.069108e+01,2.076079e+01,2.064923e+01,2.073291e+01,2.076079e+01,2.069805e+01,2.067713e+01,2.065621e+01,2.063528e+01,2.064923e+01,2.060039e+01,2.066318e+01,2.060736e+01,2.064923e+01,2.069108e+01,2.061434e+01,2.062132e+01,2.076079e+01,2.073988e+01,2.060736e+01,2.057944e+01,2.062132e+01,2.061434e+01,2.060736e+01,2.054453e+01,2.056548e+01,2.073988e+01,2.069108e+01,2.068410e+01,2.084437e+01,2.092789e+01,2.097658e+01,2.086526e+01,2.072594e+01,2.061434e+01,2.064923e+01,2.055152e+01,2.066318e+01,2.062830e+01,2.064923e+01,2.061434e+01,2.067713e+01,2.052358e+01,2.056548e+01,2.067016e+01,2.047468e+01,2.060039e+01,2.058643e+01,2.062132e+01,2.053755e+01,2.052358e+01,2.064225e+01,2.053057e+01,2.056548e+01,2.055850e+01,2.050961e+01,2.049564e+01,2.055850e+01,2.067713e+01,2.056548e+01,2.053057e+01,2.041176e+01,2.056548e+01,2.051660e+01,2.040477e+01,2.057246e+01,2.046070e+01,2.057246e+01,2.046070e+01,2.039778e+01,2.060039e+01,2.044672e+01,2.041176e+01,2.058643e+01,2.043973e+01,2.045371e+01,2.043973e+01,2.046769e+01,2.045371e+01,2.046769e+01,2.042575e+01,2.050262e+01,2.048166e+01,2.040477e+01,2.049564e+01,2.046769e+01,2.042575e+01,2.055850e+01,2.043274e+01,2.045371e+01,2.053755e+01,2.048865e+01,2.051660e+01,2.051660e+01,2.025080e+01,2.045371e+01,2.043274e+01,2.042575e+01,2.045371e+01,2.057246e+01,2.046070e+01,2.042575e+01,2.042575e+01,2.046070e+01,2.056548e+01,2.050262e+01,2.050961e+01,2.051660e+01,2.047468e+01,2.045371e+01,2.038379e+01,2.047468e+01,2.041176e+01,2.045371e+01,2.043274e+01,2.040477e+01,2.037679e+01,2.048166e+01,2.046769e+01,2.045371e+01,2.043973e+01,2.059340e+01,2.051660e+01,2.043274e+01,2.042575e+01,2.052358e+01,2.039778e+01,2.046070e+01,2.046070e+01,2.041875e+01,2.043973e+01,2.044672e+01,2.043274e+01,2.047468e+01,2.046769e+01,2.037679e+01,2.020877e+01,2.043973e+01,2.039078e+01,2.045371e+01,2.036980e+01,2.038379e+01,2.046070e+01,2.034881e+01,2.040477e+01,2.039778e+01,2.046769e+01,2.041176e+01,2.028582e+01,2.025080e+01,2.030682e+01,2.039778e+01,2.022979e+01,2.036980e+01,2.038379e+01,2.027881e+01,2.025080e+01,2.026481e+01,2.024380e+01,2.005451e+01,2.004047e+01,1.997026e+01,2.000537e+01,1.971006e+01,1.988594e+01,1.987892e+01,1.987892e+01,1.997026e+01,1.990000e+01,2.005451e+01,2.017373e+01,2.022979e+01,2.018074e+01,2.026481e+01,2.034881e+01,2.041176e+01,2.037679e+01,2.046070e+01,2.041875e+01,2.046070e+01,2.046769e+01,2.047468e+01,2.043274e+01,2.057246e+01,2.043973e+01,2.054453e+01,2.046070e+01,2.060039e+01,2.048166e+01,2.060736e+01,2.055850e+01,2.065621e+01,2.060736e+01,2.059340e+01,2.069805e+01,2.067016e+01,2.068410e+01,2.064225e+01,2.063528e+01,2.069108e+01,2.068410e+01,2.073291e+01,2.072594e+01,2.063528e+01,2.079562e+01,2.064923e+01,2.067016e+01,2.064923e+01,2.071200e+01,2.069108e+01,2.064225e+01,2.061434e+01,2.061434e+01,2.063528e+01,2.062132e+01,2.066318e+01,2.066318e+01,2.046070e+01,2.056548e+01,2.057246e+01,2.053755e+01,2.055152e+01,2.051660e+01,2.061434e+01,2.055152e+01,2.064225e+01,2.050961e+01,2.060039e+01,2.061434e+01,2.057944e+01,2.054453e+01,2.055152e+01,2.042575e+01,2.054453e+01,2.044672e+01,2.046070e+01,2.042575e+01,2.046769e+01,2.032082e+01,2.032782e+01,2.025781e+01,2.023680e+01,2.022278e+01,2.033481e+01,2.033481e+01,2.032782e+01,2.051660e+01,2.040477e+01,2.041875e+01,2.061434e+01,2.041176e+01,2.049564e+01,2.047468e+01,2.043973e+01,2.061434e+01,2.056548e+01,2.055152e+01,2.050961e+01,2.043973e+01,2.057246e+01,2.048166e+01,2.047468e+01,2.055152e+01,2.046769e+01,2.065621e+01,2.053755e+01,2.057944e+01,2.057246e+01,2.057246e+01,2.067016e+01,2.053057e+01,2.055850e+01,2.055850e+01,2.057944e+01,2.058643e+01,2.053057e+01,2.057944e+01,2.056548e+01,2.055850e+01,2.055850e+01,2.053057e+01,2.054453e+01,2.055850e+01,2.063528e+01,2.051660e+01,2.057246e+01,2.057944e+01,2.048865e+01,2.046070e+01,2.048865e+01,2.044672e+01,2.057246e+01,2.062132e+01,2.057246e+01,2.057944e+01,2.048166e+01,2.049564e+01,2.060736e+01,2.058643e+01,2.052358e+01,2.057944e+01,2.060039e+01,2.057246e+01,2.057944e+01,2.059340e+01,2.049564e+01,2.062132e+01,2.067016e+01,2.060736e+01,2.049564e+01,2.040477e+01,2.050262e+01,2.048166e+01,2.043274e+01,2.050961e+01,2.048166e+01,2.057246e+01,2.051660e+01,2.056548e+01,2.053057e+01,2.045371e+01,2.044672e+01,2.045371e+01,2.043274e+01,2.055850e+01,2.050262e+01,2.077472e+01,2.078866e+01,2.088614e+01,2.103914e+01,2.112944e+01,2.104609e+01,2.086526e+01,2.087222e+01,2.082348e+01,2.087918e+01,2.100439e+01,2.094876e+01,2.102524e+01,2.105304e+01,2.093485e+01,2.095572e+01,2.095572e+01,2.094876e+01,2.096962e+01,2.093485e+01,2.096267e+01,2.109472e+01,2.108083e+01,2.114333e+01,2.103219e+01,2.099744e+01,2.103914e+01,2.092789e+01,2.098353e+01,2.110166e+01,2.091398e+01,2.095572e+01,2.105999e+01,2.106693e+01,2.102524e+01,2.095572e+01,2.097658e+01,2.099744e+01,2.077472e+01,2.094180e+01,2.108777e+01,2.107388e+01,2.096267e+01,2.090006e+01,2.095572e+01,2.097658e+01,2.096962e+01,2.094180e+01,2.093485e+01,2.100439e+01,2.095572e+01,2.099048e+01,2.090702e+01,2.097658e+01,2.093485e+01,2.094876e+01,2.093485e+01,2.105304e+01,2.094876e+01,2.092789e+01,2.099048e+01,2.098353e+01,2.096962e+01,2.086526e+01,2.097658e+01,2.103219e+01,2.096962e+01,2.094876e+01,2.110166e+01,2.105999e+01,2.112250e+01,2.103914e+01,2.085134e+01,2.099048e+01,2.101134e+01,2.093485e+01,2.103219e+01,2.105304e+01,2.103914e+01,2.105999e+01,2.093485e+01,2.099048e+01,2.099048e+01,2.096962e+01,2.098353e+01,2.099048e+01,2.095572e+01,2.096267e+01,2.095572e+01,2.087222e+01,2.097658e+01,2.094876e+01,2.095572e+01,2.078866e+01,2.091398e+01,2.080259e+01,2.078169e+01,2.083741e+01,2.094180e+01,2.083741e+01,2.090006e+01,2.091398e+01,2.090006e+01,2.084437e+01,2.094180e+01,2.080955e+01,2.088614e+01,2.092789e+01,2.083741e+01,2.096267e+01,2.085830e+01,2.080259e+01,2.083045e+01,2.087918e+01,2.068410e+01,2.082348e+01,2.064923e+01,2.050961e+01,2.053755e+01,2.052358e+01,2.054453e+01,2.053057e+01,2.054453e+01,2.049564e+01,2.055850e+01,2.041176e+01,2.049564e+01,2.055152e+01,2.055152e+01,2.050262e+01,2.050961e+01,2.043274e+01,2.069805e+01,2.052358e+01,2.053755e+01,2.055850e+01,2.067713e+01,2.048865e+01,2.056548e+01,2.045371e+01,2.053755e+01,2.062132e+01,2.048865e+01,2.059340e+01,2.054453e+01,2.046070e+01,2.053057e+01,2.049564e+01,2.060736e+01,2.051660e+01,2.053057e+01,2.041176e+01,2.059340e+01,2.055850e+01,2.055152e+01,2.060039e+01,2.061434e+01,2.051660e+01,2.058643e+01,2.057944e+01,2.049564e+01,2.057944e+01,2.060039e+01,2.051660e+01,2.056548e+01,2.057246e+01,2.064923e+01,2.056548e+01,2.057246e+01,2.076775e+01,2.060736e+01,2.050961e+01,2.048166e+01,2.055850e+01,2.066318e+01,2.067713e+01,2.062132e+01,2.063528e+01,2.040477e+01,2.063528e+01,2.053755e+01,2.051660e+01,2.057944e+01,2.043973e+01,2.057246e+01,2.053057e+01,2.057944e+01,2.043274e+01,2.050262e+01,2.062132e+01,2.048865e+01,2.051660e+01,2.045371e+01,2.045371e+01,2.058643e+01,2.050262e+01,2.062830e+01,2.056548e+01,2.050961e+01,2.055850e+01,2.053755e+01,2.043973e+01,2.055152e+01,2.056548e+01,2.058643e+01,2.059340e+01,2.049564e+01,2.048166e+01,2.055152e+01,2.050961e+01,2.044672e+01,2.063528e+01,2.057944e+01,2.045371e+01,2.053057e+01,2.060736e+01,2.046769e+01,2.067016e+01,2.047468e+01,2.065621e+01,2.060039e+01,2.048865e+01
2.081652e+01,2.060039e+01,2.071200e+01,2.067016e+01,2.074685e+01,2.058643e+01,2.063528e+01,2.062830e+01,2.062830e+01,2.065621e+01,2.062830e+01,2.071897e+01,2.081652e+01,2.073988e+01,2.069108e+01,2.063528e+01,2.071897e+01,2.069805e+01,2.076079e+01,2.069805e+01,2.060736e+01,2.080955e+01,2.062132e+01,2.067016e+01,2.062132e+01,2.066318e+01,2.060736e+01,2.073988e+01,2.077472e+01,2.067713e+01,2.066318e+01,2.082348e+01,2.071897e+01,2.069805e+01,2.073291e+01,2.053755e+01,2.062132e+01,2.067016e+01,2.060736e+01,2.060736e+01,2.063528e+01,2.054453e+01,2.055152e+01,2.072594e+01,2.059340e+01,2.066318e+01,2.060736e+01,2.060736e+01,2.062132e+01,2.062830e+01,2.083741e+01,2.095572e+01,2.080955e+01,2.081652e+01,2.076775e+01,2.059340e+01,2.056548e+01,2.058643e+01,2.059340e+01,2.063528e+01,2.073291e+01,2.045371e+01,2.054453e+01,2.061434e+01,2.061434e+01,2.076079e+01,2.067016e+01,2.062830e+01,2.069108e+01,2.074685e+01,2.065621e+01,2.071897e+01,2.071200e+01,2.068410e+01,2.066318e+01,2.073291e+01,2.070502e+01,2.076079e+01,2.072594e+01,2.072594e+01,2.075382e+01,2.076079e+01,2.077472e+01,2.076775e+01,2.067713e+01,2.073291e+01,2.087222e+01,2.064225e+01,2.065621e+01,2.069108e+01,2.071200e+01,2.063528e+01,2.060736e+01,2.063528e+01,2.064923e+01,2.065621e+01,2.068410e+01,2.078169e+01,2.053057e+01,2.065621e+01,2.062132e+01,2.071200e+01,2.064225e+01,2.068410e+01,2.059340e+01,2.052358e+01,2.055152e+01,2.058643e+01,2.056548e+01,2.046070e+01,2.062830e+01,2.064225e+01,2.062132e+01,2.062132e+01,2.056548e+01,2.063528e+01,2.067016e+01,2.057944e+01,2.072594e+01,2.062830e+01,2.057246e+01,2.078866e+01,2.100439e+01,2.090006e+01,2.083045e+01,2.065621e+01,2.065621e+01,2.057944e+01,2.057246e+01,2.046070e+01,2.055152e+01,2.047468e+01,2.060039e+01,2.065621e+01,2.059340e+01,2.063528e+01,2.055850e+01,2.060736e+01,2.043973e+01,2.044672e+01,2.060039e+01,2.062830e+01,2.064225e+01,2.064225e+01,2.048166e+01,2.047468e+01,2.049564e+01,2.053057e+01,2.057246e+01,2.055152e+01,2.061434e+01,2.026481e+01,2.059340e+01,2.072594e+01,2.050961e+01,2.054453e+01,2.036280e+01,2.055850e+01,2.048166e+01,2.057944e+01,2.043973e+01,2.047468e+01,2.057246e+01,2.047468e+01,2.046769e+01,2.062132e+01,2.069108e+01,2.046769e+01,2.046769e+01,2.055850e+01,2.043973e+01,2.042575e+01,2.038379e+01,2.044672e+01,2.043274e+01,2.039778e+01,2.046070e+01,2.042575e+01,2.050961e+01,2.047468e+01,2.045371e+01,2.046070e+01,2.047468e+01,2.046070e+01,2.050961e+01,2.032782e+01,2.051660e+01,2.044672e+01,2.043274e+01,2.043274e+01,2.043973e+01,2.044672e+01,2.046769e+01,2.042575e+01,2.053057e+01,2.041176e+01,2.053755e+01,2.042575e+01,2.037679e+01,2.036280e+01,2.046769e+01,2.046769e+01,2.039778e+01,2.052358e+01,2.037679e+01,2.046769e+01,2.036980e+01,2.046769e+01,2.048865e+01,2.043973e+01,2.041176e+01,2.036280e+01,2.034881e+01,2.045371e+01,2.043274e+01,2.041875e+01,2.041176e+01,2.039778e+01,2.050262e+01,2.048865e+01,2.044672e+01,2.020877e+01,2.041875e+01,2.049564e+01,2.044672e+01,2.041176e+01,2.046070e+01,2.036980e+01,2.044672e+01,2.044672e+01,2.044672e+01,2.046070e+01,2.047468e+01,2.044672e+01,2.046769e+01,2.035581e+01,2.038379e+01,2.038379e+01,2.034881e+01,2.036980e+01,2.033481e+01,2.031382e+01,2.032082e+01,2.032082e+01,2.027881e+01,2.030682e+01,2.030682e+01,2.022979e+01,2.028582e+01,2.011764e+01,2.024380e+01,2.005451e+01,2.001941e+01,1.999133e+01,1.990703e+01,1.987189e+01,1.985079e+01,1.991406e+01,1.994216e+01,1.990000e+01,2.004749e+01,2.008257e+01,2.001941e+01,2.027881e+01,2.030682e+01,2.039778e+01,2.033481e+01,2.042575e+01,2.039778e+01,2.042575e+01,2.040477e+01,2.048166e+01,2.043274e+01,2.041176e+01,2.055850e+01,2.050961e+01,2.044672e+01,2.056548e+01,2.054453e+01,2.054453e+01,2.060039e+01,2.064923e+01,2.069108e+01,2.046769e+01,2.068410e+01,2.050262e+01,2.055850e+01,2.069108e+01,2.064225e+01,2.069805e+01,2.070502e+01,2.051660e+01,2.067016e+01,2.051660e+01,2.061434e+01,2.068410e+01,2.064225e+01,2.063528e+01,2.071897e+01,2.072594e+01,2.071200e+01,2.064923e+01,2.063528e+01,2.055850e+01,2.056548e+01,2.057246e+01,2.050961e+01,2.048865e+01,2.064225e+01,2.053057e+01,2.061434e+01,2.062132e+01,2.049564e+01,2.052358e+01,2.055152e+01,2.050262e+01,2.057944e+01,2.059340e+01,2.046769e+01,2.048166e+01,2.055850e+01,2.062830e+01,2.053755e+01,2.049564e+01,2.039778e+01,2.042575e+01,2.049564e+01,2.048166e+01,2.043274e+01,2.041875e+01,2.022278e+01,2.036280e+01,2.034881e+01,2.027881e+01,2.018775e+01,2.011764e+01,2.014569e+01,2.029282e+01,2.013167e+01,2.029982e+01,2.035581e+01,2.040477e+01,2.048166e+01,2.042575e+01,2.049564e+01,2.053057e+01,2.054453e+01,2.034881e+01,2.043274e+01,2.041875e+01,2.042575e+01,2.048865e+01,2.049564e+01,2.044672e+01,2.057246e+01,2.062830e+01,2.059340e+01,2.060736e+01,2.067713e+01,2.057944e+01,2.051660e+01,2.058643e+01,2.046769e+01,2.058643e+01,2.048166e+01,2.042575e+01,2.058643e+01,2.054453e+01,2.058643e+01,2.046769e+01,2.050262e+01,2.062830e+01,2.055850e+01,2.057944e+01,2.056548e+01,2.052358e+01,2.056548e+01,2.048166e+01,2.054453e+01,2.052358e+01,2.053057e+01,2.050262e+01,2.049564e+01,2.052358e+01,2.067713e+01,2.060736e+01,2.049564e+01,2.048166e+01,2.048865e+01,2.058643e+01,2.053755e+01,2.048865e+01,2.061434e+01,2.049564e+01,2.052358e+01,2.057246e+01,2.054453e+01,2.062132e+01,2.060039e+01,2.058643e+01,2.048166e+01,2.039778e+01,2.043973e+01,2.048865e+01,2.034181e+01,2.039778e+01,2.048166e+01,2.039078e+01,2.047468e+01,2.049564e+01,2.054453e+01,2.046769e+01,2.047468e+01,2.046769e+01,2.050961e+01,2.045371e+01,2.058643e+01,2.059340e+01,2.071897e+01,2.087222e+01,2.087222e+01,2.090006e+01,2.087918e+01,2.086526e+01,2.085830e+01,2.105304e+01,2.102524e+01,2.092093e+01,2.093485e+01,2.088614e+01,2.090006e+01,2.087918e+01,2.097658e+01,2.072594e+01,2.096267e+01,2.088614e+01,2.088614e+01,2.095572e+01,2.100439e+01,2.107388e+01,2.096962e+01,2.098353e+01,2.095572e+01,2.114333e+01,2.118497e+01,2.107388e+01,2.100439e+01,2.099048e+01,2.094180e+01,2.090702e+01,2.107388e+01,2.096267e+01,2.085830e+01,2.098353e+01,2.099744e+01,2.083045e+01,2.087918e+01,2.087222e+01,2.086526e+01,2.085134e+01,2.095572e+01,2.087222e+01,2.090702e+01,2.095572e+01,2.092789e+01,2.094180e+01,2.102524e+01,2.104609e+01,2.110166e+01,2.108083e+01,2.105304e+01,2.102524e+01,2.091398e+01,2.101829e+01,2.102524e+01,2.122660e+01,2.109472e+01,2.113638e+01,2.107388e+01,2.101829e+01,2.096267e+01,2.099048e+01,2.099744e+01,2.099744e+01,2.101829e+01,2.090702e+01,2.098353e+01,2.087918e+01,2.085830e+01,2.088614e+01,2.099048e+01,2.095572e+01,2.096267e+01,2.102524e+01,2.100439e+01,2.098353e+01,2.103219e+01,2.099744e+01,2.095572e+01,2.098353e+01,2.088614e+01,2.090702e+01,2.092789e+01,2.092789e+01,2.090006e+01,2.087918e+01,2.094180e+01,2.094876e+01,2.097658e+01,2.094876e+01,2.097658e+01,2.094876e+01,2.094876e+01,2.092093e+01,2.083045e+01,2.092789e+01,2.083045e+01,2.083045e+01,2.085830e+01,2.110861e+01,2.091398e+01,2.087222e+01,2.093485e+01,2.088614e+01,2.094180e+01,2.090702e+01,2.076079e+01,2.088614e+01,2.092093e+01,2.087918e+01,2.084437e+01,2.072594e+01,2.077472e+01,2.071200e+01,2.076079e+01,2.061434e+01,2.054453e+01,2.057246e+01,2.053057e+01,2.046769e+01,2.048166e+01,2.051660e+01,2.057944e+01,2.048166e+01,2.059340e+01,2.055152e+01,2.047468e+01,2.062830e+01,2.046070e+01,2.064225e+01,2.068410e+01,2.060736e+01,2.056548e+01,2.049564e+01,2.053057e+01,2.041176e+01,2.052358e+01,2.042575e+01,2.054453e+01,2.056548e+01,2.046769e+01,2.053755e+01,2.052358e+01,2.053057e+01,2.045371e+01,2.067016e+01,2.050961e+01,2.053755e+01,2.050262e+01,2.053755e+01,2.048865e+01,2.057944e+01,2.056548e+01,2.048166e+01,2.054453e+01,2.048865e+01,2.054453e+01,2.043973e+01,2.057246e+01,2.060736e+01,2.057944e+01,2.046769e+01,2.055850e+01,2.055152e+01,2.059340e+01,2.043274e+01,2.036280e+01,2.052358e+01,2.057944e+01,2.057246e+01,2.062132e+01,2.058643e+01,2.030682e+01,2.041176e+01,2.048166e+01,2.050961e+01,2.051660e+01,2.052358e+01,2.053057e+01,2.048865e+01,2.048166e+01,2.046769e+01,2.047468e+01,2.041875e+01,2.053755e+01,2.053057e+01,2.055850e+01,2.061434e+01,2.057944e+01,2.064225e+01,2.038379e+01,2.058643e+01,2.045371e+01,2.048865e+01,2.052358e+01,2.060039e+01,2.053057e+01,2.055152e+01,2.048166e+01,2.051660e+01,2.057944e+01,2.056548e+01,2.054453e+01,2.050262e+01,2.053057e+01,2.022979e+01,2.054453e+01,2.060039e+01,2.053755e+01,2.046769e+01,2.036280e+01,2.046769e+01,2.070502e+01,2.049564e+01,2.053755e+01,2.060039e+01,2.050262e+01,2.043274e+01,2.050262e+01,2.051660e+01
2.056548e+01,2.072594e+01,2.062132e+01,2.069108e+01,2.076079e+01,2.063528e+01,2.076079e+01,2.068410e+01,2.072594e+01,2.067713e+01,2.062830e+01,2.067016e+01,2.067016e+01,2.062830e+01,2.076775e+01,2.076775e+01,2.064225e+01,2.076079e+01,2.063528e+01,2.076775e+01,2.079562e+01,2.073291e+01,2.076775e+01,2.073291e+01,2.073988e+01,2.074685e+01,2.068410e+01,2.068410e+01,2.073291e+01,2.068410e+01,2.069805e+01,2.073988e+01,2.076775e+01,2.076775e+01,2.076079e+01,2.078866e+01,2.075382e+01,2.071897e+01,2.062132e+01,2.078866e+01,2.066318e+01,2.066318e+01,2.052358e+01,2.061434e+01,2.062132e+01,2.062830e+01,2.063528e+01,2.070502e+01,2.071897e+01,2.071897e+01,2.083045e+01,2.083045e+01,2.090702e+01,2.081652e+01,2.058643e+01,2.032782e+01,2.056548e+01,2.076775e+01,2.054453e+01,2.070502e+01,2.069108e+01,2.067016e+01,2.080955e+01,2.077472e+01,2.063528e+01,2.080259e+01,2.072594e+01,2.069108e+01,2.074685e+01,2.075382e+01,2.074685e+01,2.071200e+01,2.076775e+01,2.069805e+01,2.068410e+01,2.067713e+01,2.069108e+01,2.074685e+01,2.072594e+01,2.058643e+01,2.054453e+01,2.076775e+01,2.061434e+01,2.083741e+01,2.078866e+01,2.067713e+01,2.086526e+01,2.067713e+01,2.066318e+01,2.061434e+01,2.073291e+01,2.075382e+01,2.073291e+01,2.059340e+01,2.076079e+01,2.060736e+01,2.075382e+01,2.076079e+01,2.060039e+01,2.060039e+01,2.055152e+01,2.065621e+01,2.065621e+01,2.056548e+01,2.056548e+01,2.060039e+01,2.051660e+01,2.050961e+01,2.052358e+01,2.064225e+01,2.050262e+01,2.068410e+01,2.069108e+01,2.060736e+01,2.067713e+01,2.063528e+01,2.069108e+01,2.066318e+01,2.064923e+01,2.067016e+01,2.073291e+01,2.085830e+01,2.091398e+01,2.092789e+01,2.090006e+01,2.059340e+01,2.055850e+01,2.064923e+01,2.059340e+01,2.062132e+01,2.053057e+01,2.065621e+01,2.060736e+01,2.062830e+01,2.062830e+01,2.061434e+01,2.057944e+01,2.072594e+01,2.049564e+01,2.046769e+01,2.062132e+01,2.057944e+01,2.060039e+01,2.058643e+01,2.064923e+01,2.061434e+01,2.060736e+01,2.058643e+01,2.057944e+01,2.055850e+01,2.048865e+01,2.053755e+01,2.055152e+01,2.060039e+01,2.053057e+01,2.052358e+01,2.046070e+01,2.048865e+01,2.053755e+01,2.042575e+01,2.055850e+01,2.048865e+01,2.057944e+01,2.043274e+01,2.065621e+01,2.048865e+01,2.046769e+01,2.043973e+01,2.047468e+01,2.050262e+01,2.043274e+01,2.046070e+01,2.040477e+01,2.046769e+01,2.040477e+01,2.041875e+01,2.045371e+01,2.043973e+01,2.047468e+01,2.034881e+01,2.050262e+01,2.047468e+01,2.043973e+01,2.058643e+01,2.048865e+01,2.056548e+01,2.046070e+01,2.041875e+01,2.043274e+01,2.040477e+01,2.064923e+01,2.043274e+01,2.045371e+01,2.041875e+01,2.055850e+01,2.047468e+01,2.037679e+01,2.037679e+01,2.039778e+01,2.047468e+01,2.046769e+01,2.047468e+01,2.046769e+01,2.050262e+01,2.048865e+01,2.046070e+01,2.041176e+01,2.046070e+01,2.046070e+01,2.048166e+01,2.046070e+01,2.045371e+01,2.045371e+01,2.067016e+01,2.047468e+01,2.050961e+01,2.051660e+01,2.053057e+01,2.050262e+01,2.045371e+01,2.042575e+01,2.043973e+01,2.045371e+01,2.032782e+01,2.044672e+01,2.047468e+01,2.039778e+01,2.057246e+01,2.041875e+01,2.046769e+01,2.043973e+01,2.044672e+01,2.040477e+01,2.047468e+01,2.048166e+01,2.043973e+01,2.037679e+01,2.038379e+01,2.028582e+01,2.030682e+01,2.029982e+01,2.022979e+01,2.033481e+01,2.018074e+01,2.030682e+01,2.022278e+01,2.025781e+01,2.025781e+01,2.023680e+01,2.006854e+01,2.010362e+01,2.006854e+01,1.997728e+01,1.995621e+01,1.986485e+01,1.988594e+01,1.992109e+01,1.987189e+01,1.982969e+01,1.982266e+01,1.997026e+01,2.001941e+01,2.022979e+01,2.019476e+01,2.011063e+01,2.015270e+01,2.029982e+01,2.039778e+01,2.045371e+01,2.036980e+01,2.043274e+01,2.051660e+01,2.052358e+01,2.043973e+01,2.054453e+01,2.053755e+01,2.055152e+01,2.056548e+01,2.059340e+01,2.049564e+01,2.057246e+01,2.050961e+01,2.065621e+01,2.064923e+01,2.062830e+01,2.067713e+01,2.068410e+01,2.069805e+01,2.068410e+01,2.069805e+01,2.064225e+01,2.055152e+01,2.072594e+01,2.073988e+01,2.086526e+01,2.076079e+01,2.070502e+01,2.067713e+01,2.070502e+01,2.067713e+01,2.071200e+01,2.065621e+01,2.053755e+01,2.060039e+01,2.064923e+01,2.058643e+01,2.067713e+01,2.065621e+01,2.053057e+01,2.067713e+01,2.061434e+01,2.050961e+01,2.053057e+01,2.052358e+01,2.050262e+01,2.055850e+01,2.060039e+01,2.055152e+01,2.059340e+01,2.051660e+01,2.060039e+01,2.066318e+01,2.049564e+01,2.059340e+01,2.050262e+01,2.050961e+01,2.047468e+01,2.044672e+01,2.050262e+01,2.050961e+01,2.036280e+01,2.028582e+01,2.032082e+01,2.034181e+01,2.014569e+01,2.025781e+01,2.013868e+01,2.011063e+01,2.028582e+01,2.030682e+01,2.037679e+01,2.045371e+01,2.060039e+01,2.050961e+01,2.056548e+01,2.058643e+01,2.051660e+01,2.052358e+01,2.046070e+01,2.048865e+01,2.054453e+01,2.064225e+01,2.039778e+01,2.055850e+01,2.060736e+01,2.056548e+01,2.055152e+01,2.067713e+01,2.060736e+01,2.064923e+01,2.068410e+01,2.062132e+01,2.062830e+01,2.061434e+01,2.055850e+01,2.057944e+01,2.060039e+01,2.060039e+01,2.060736e+01,2.064225e+01,2.053057e+01,2.054453e+01,2.053755e+01,2.060736e+01,2.048166e+01,2.057944e+01,2.054453e+01,2.059340e+01,2.053057e+01,2.050262e+01,2.042575e+01,2.054453e+01,2.053755e+01,2.053755e+01,2.047468e+01,2.057944e+01,2.051660e+01,2.053057e+01,2.051660e+01,2.048865e+01,2.051660e+01,2.059340e+01,2.055850e+01,2.048166e+01,2.056548e+01,2.054453e+01,2.055152e+01,2.057944e+01,2.063528e+01,2.053057e+01,2.050961e+01,2.045371e+01,2.053755e+01,2.053057e+01,2.041875e+01,2.034181e+01,2.051660e+01,2.055850e+01,2.055152e+01,2.056548e+01,2.058643e+01,2.058643e+01,2.048865e+01,2.055850e+01,2.051660e+01,2.042575e+01,2.057944e+01,2.058643e+01,2.071200e+01,2.071200e+01,2.089310e+01,2.100439e+01,2.088614e+01,2.090006e+01,2.088614e+01,2.110861e+01,2.084437e+01,2.110861e+01,2.099744e+01,2.103219e+01,2.105304e+01,2.092789e+01,2.073291e+01,2.092789e+01,2.093485e+01,2.096267e+01,2.096267e+01,2.105999e+01,2.096962e+01,2.101134e+01,2.105304e+01,2.105999e+01,2.113638e+01,2.099048e+01,2.105304e+01,2.108777e+01,2.108777e+01,2.113638e+01,2.096267e+01,2.099744e+01,2.100439e+01,2.098353e+01,2.110166e+01,2.092093e+01,2.080259e+01,2.090702e+01,2.092093e+01,2.083045e+01,2.095572e+01,2.088614e+01,2.105999e+01,2.085134e+01,2.096962e+01,2.098353e+01,2.100439e+01,2.096962e+01,2.109472e+01,2.108777e+01,2.104609e+01,2.103914e+01,2.109472e+01,2.103914e+01,2.105999e+01,2.105999e+01,2.101829e+01,2.110166e+01,2.105999e+01,2.114333e+01,2.103914e+01,2.101829e+01,2.104609e+01,2.108777e+01,2.106693e+01,2.103219e+01,2.101134e+01,2.104609e+01,2.100439e+01,2.096962e+01,2.089310e+01,2.094180e+01,2.088614e+01,2.101134e+01,2.097658e+01,2.105999e+01,2.101829e+01,2.099048e+01,2.101134e+01,2.106693e+01,2.090006e+01,2.085134e+01,2.096962e+01,2.096962e+01,2.086526e+01,2.088614e+01,2.101829e+01,2.093485e+01,2.098353e+01,2.099744e+01,2.094876e+01,2.092789e+01,2.093485e+01,2.094180e+01,2.082348e+01,2.095572e+01,2.094180e+01,2.092789e+01,2.097658e+01,2.089310e+01,2.091398e+01,2.087222e+01,2.087222e+01,2.108777e+01,2.084437e+01,2.086526e+01,2.078169e+01,2.078866e+01,2.082348e+01,2.088614e+01,2.083045e+01,2.084437e+01,2.075382e+01,2.069805e+01,2.083741e+01,2.077472e+01,2.068410e+01,2.067016e+01,2.046070e+01,2.046769e+01,2.053057e+01,2.046070e+01,2.056548e+01,2.046769e+01,2.050262e+01,2.055850e+01,2.046769e+01,2.050262e+01,2.064225e+01,2.065621e+01,2.060736e+01,2.069108e+01,2.054453e+01,2.048865e+01,2.041875e+01,2.049564e+01,2.047468e+01,2.060039e+01,2.068410e+01,2.063528e+01,2.041875e+01,2.044672e+01,2.060736e+01,2.060736e+01,2.051660e+01,2.052358e+01,2.048865e+01,2.043274e+01,2.055850e+01,2.053755e+01,2.050262e+01,2.055850e+01,2.056548e+01,2.051660e+01,2.051660e+01,2.061434e+01,2.062132e+01,2.071897e+01,2.055152e+01,2.041875e+01,2.067713e+01,2.054453e+01,2.068410e+01,2.062830e+01,2.048166e+01,2.057944e+01,2.057246e+01,2.055850e+01,2.053755e+01,2.064225e+01,2.055152e+01,2.054453e+01,2.051660e+01,2.051660e+01,2.046070e+01,2.048865e+01,2.061434e+01,2.048865e+01,2.049564e+01,2.050961e+01,2.048166e+01,2.049564e+01,2.053057e+01,2.046070e+01,2.057944e+01,2.051660e+01,2.055152e+01,2.051660e+01,2.060039e+01,2.055850e+01,2.060039e+01,2.048166e+01,2.041875e+01,2.043973e+01,2.054453e+01,2.051660e+01,2.048166e+01,2.048166e+01,2.051660e+01,2.050961e+01,2.059340e+01,2.051660e+01,2.044672e+01,2.046070e+01,2.057246e+01,2.050961e+01,2.055152e+01,2.053755e+01,2.056548e+01,2.051660e+01,2.050262e+01,2.048865e+01,2.060736e+01,2.055850e+01,2.055850e+01,2.062132e+01,2.051660e+01,2.044672e+01,2.045371e+01,2.051660e+01,2.069108e+01,2.073291e+01
2.067713e+01,2.069805e+01,2.055850e+01,2.069108e+01,2.048166e+01,2.062830e+01,2.068410e+01,2.069805e+01,2.066318e+01,2.076775e+01,2.060039e+01,2.078169e+01,2.068410e+01,2.090702e+01,2.075382e+01,2.062830e+01,2.078866e+01,2.066318e+01,2.070502e+01,2.062830e+01,2.067016e+01,2.062830e+01,2.071200e+01,2.062132e+01,2.075382e+01,2.075382e+01,2.070502e+01,2.062830e+01,2.070502e+01,2.082348e+01,2.080955e+01,2.069108e+01,2.077472e+01,2.078169e+01,2.076775e+01,2.073988e+01,2.075382e+01,2.074685e+01,2.083741e+01,2.078169e+01,2.060736e+01,2.068410e+01,2.069805e+01,2.063528e+01,2.071897e+01,2.059340e+01,2.075382e+01,2.073291e+01,2.072594e+01,2.085134e+01,2.096267e+01,2.087918e+01,2.084437e+01,2.085830e+01,2.076775e+01,2.074685e+01,2.078866e+01,2.059340e+01,2.064225e+01,2.070502e+01,2.081652e+01,2.070502e+01,2.067713e+01,2.064225e+01,2.056548e+01,2.058643e+01,2.084437e+01,2.074685e+01,2.075382e+01,2.073291e+01,2.071200e+01,2.072594e+01,2.069108e+01,2.078169e+01,2.071200e+01,2.070502e+01,2.073291e+01,2.073291e+01,2.074685e+01,2.073291e+01,2.083045e+01,2.073988e+01,2.080259e+01,2.065621e+01,2.082348e+01,2.070502e+01,2.067016e+01,2.065621e+01,2.067016e+01,2.065621e+01,2.069108e+01,2.077472e+01,2.073988e+01,2.077472e+01,2.080955e+01,2.068410e+01,2.078866e+01,2.053057e+01,2.071897e+01,2.069108e+01,2.064225e+01,2.066318e+01,2.065621e+01,2.067713e+01,2.065621e+01,2.065621e+01,2.054453e+01,2.062830e+01,2.048166e+01,2.073291e+01,2.063528e+01,2.066318e+01,2.062830e+01,2.053755e+01,2.070502e+01,2.062132e+01,2.061434e+01,2.063528e+01,2.067713e+01,2.041176e+01,2.081652e+01,2.092789e+01,2.087222e+01,2.093485e+01,2.073988e+01,2.062132e+01,2.055850e+01,2.065621e+01,2.066318e+01,2.053755e+01,2.065621e+01,2.067713e+01,2.065621e+01,2.061434e+01,2.062132e+01,2.056548e+01,2.061434e+01,2.060039e+01,2.059340e+01,2.059340e+01,2.062132e+01,2.061434e+01,2.067713e+01,2.065621e+01,2.048865e+01,2.062132e+01,2.069108e+01,2.063528e+01,2.061434e+01,2.058643e+01,2.046070e+01,2.050961e+01,2.054453e+01,2.053057e+01,2.055152e+01,2.051660e+01,2.052358e+01,2.053057e+01,2.045371e+01,2.060039e+01,2.043973e+01,2.060736e+01,2.060736e+01,2.057944e+01,2.047468e+01,2.045371e+01,2.050262e+01,2.043274e+01,2.046070e+01,2.046769e+01,2.040477e+01,2.041176e+01,2.052358e+01,2.062132e+01,2.046070e+01,2.046769e+01,2.037679e+01,2.046769e+01,2.048166e+01,2.053755e+01,2.051660e+01,2.044672e+01,2.050961e+01,2.062132e+01,2.055850e+01,2.042575e+01,2.055152e+01,2.038379e+01,2.038379e+01,2.043274e+01,2.044672e+01,2.046769e+01,2.045371e+01,2.041875e+01,2.039778e+01,2.060039e+01,2.048166e+01,2.036280e+01,2.053755e+01,2.037679e+01,2.041176e+01,2.047468e+01,2.041176e+01,2.046070e+01,2.037679e+01,2.046070e+01,2.042575e+01,2.044672e+01,2.044672e+01,2.047468e+01,2.056548e+01,2.043973e+01,2.048166e+01,2.044672e+01,2.041875e+01,2.035581e+01,2.043274e+01,2.055850e+01,2.034181e+01,2.051660e+01,2.051660e+01,2.045371e+01,2.044672e+01,2.045371e+01,2.032782e+01,2.046070e+01,2.041176e+01,2.042575e+01,2.034881e+01,2.046070e+01,2.041176e+01,2.048865e+01,2.048166e+01,2.045371e+01,2.042575e+01,2.041875e+01,2.044672e+01,2.033481e+01,2.029282e+01,2.029282e+01,2.027181e+01,2.028582e+01,2.032082e+01,2.015270e+01,2.027881e+01,2.022979e+01,2.022278e+01,2.018775e+01,2.025781e+01,2.022979e+01,2.008959e+01,2.003345e+01,1.997026e+01,1.992811e+01,1.987892e+01,1.985782e+01,1.990703e+01,1.985079e+01,1.983673e+01,1.990703e+01,1.996324e+01,2.004047e+01,2.008257e+01,2.016672e+01,2.010362e+01,2.033481e+01,2.026481e+01,2.034181e+01,2.039778e+01,2.040477e+01,2.044672e+01,2.045371e+01,2.064225e+01,2.037679e+01,2.057246e+01,2.058643e+01,2.050262e+01,2.062132e+01,2.061434e+01,2.064923e+01,2.054453e+01,2.055850e+01,2.064225e+01,2.064225e+01,2.066318e+01,2.066318e+01,2.066318e+01,2.068410e+01,2.063528e+01,2.071897e+01,2.063528e+01,2.064923e+01,2.071200e+01,2.073988e+01,2.072594e+01,2.071200e+01,2.071200e+01,2.069108e+01,2.067016e+01,2.070502e+01,2.068410e+01,2.070502e+01,2.058643e+01,2.053755e+01,2.055152e+01,2.055152e+01,2.053755e+01,2.064225e+01,2.065621e+01,2.067016e+01,2.059340e+01,2.063528e+01,2.046070e+01,2.061434e+01,2.055152e+01,2.053755e+01,2.053755e+01,2.055152e+01,2.055152e+01,2.064923e+01,2.053057e+01,2.050262e+01,2.051660e+01,2.046769e+01,2.046769e+01,2.050262e+01,2.050262e+01,2.046070e+01,2.037679e+01,2.051660e+01,2.034881e+01,2.034881e+01,2.057944e+01,2.032082e+01,2.029282e+01,2.027181e+01,2.027881e+01,2.018775e+01,2.018775e+01,2.038379e+01,2.060039e+01,2.057246e+01,2.039778e+01,2.050262e+01,2.050961e+01,2.057944e+01,2.061434e+01,2.050961e+01,2.067016e+01,2.055152e+01,2.040477e+01,2.065621e+01,2.055850e+01,2.067713e+01,2.069805e+01,2.053057e+01,2.064225e+01,2.069805e+01,2.062830e+01,2.062830e+01,2.062830e+01,2.065621e+01,2.064923e+01,2.065621e+01,2.064225e+01,2.057944e+01,2.058643e+01,2.045371e+01,2.046070e+01,2.062132e+01,2.051660e+01,2.060736e+01,2.062830e+01,2.053755e+01,2.057944e+01,2.050262e+01,2.057246e+01,2.046769e+01,2.049564e+01,2.053057e+01,2.042575e+01,2.043274e+01,2.060039e+01,2.050262e+01,2.053755e+01,2.055152e+01,2.051660e+01,2.057246e+01,2.053057e+01,2.050961e+01,2.060736e+01,2.045371e+01,2.051660e+01,2.050262e+01,2.053755e+01,2.055152e+01,2.053755e+01,2.048166e+01,2.053755e+01,2.060736e+01,2.061434e+01,2.046070e+01,2.048865e+01,2.049564e+01,2.050262e+01,2.046070e+01,2.045371e+01,2.050262e+01,2.053755e+01,2.053755e+01,2.048865e+01,2.054453e+01,2.062830e+01,2.061434e+01,2.055850e+01,2.046070e+01,2.045371e+01,2.058643e+01,2.060736e+01,2.091398e+01,2.090006e+01,2.096962e+01,2.088614e+01,2.098353e+01,2.103914e+01,2.108777e+01,2.116415e+01,2.103914e+01,2.086526e+01,2.102524e+01,2.101829e+01,2.093485e+01,2.099744e+01,2.090702e+01,2.095572e+01,2.098353e+01,2.100439e+01,2.098353e+01,2.105999e+01,2.105999e+01,2.098353e+01,2.094180e+01,2.099744e+01,2.103219e+01,2.101829e+01,2.104609e+01,2.113638e+01,2.107388e+01,2.105999e+01,2.090006e+01,2.087222e+01,2.101829e+01,2.087222e+01,2.084437e+01,2.095572e+01,2.089310e+01,2.090006e+01,2.084437e+01,2.099744e+01,2.096267e+01,2.088614e+01,2.086526e+01,2.093485e+01,2.103914e+01,2.093485e+01,2.095572e+01,2.099744e+01,2.115027e+01,2.112250e+01,2.111555e+01,2.111555e+01,2.108777e+01,2.108777e+01,2.098353e+01,2.121272e+01,2.110861e+01,2.113638e+01,2.112944e+01,2.117803e+01,2.121272e+01,2.111555e+01,2.110861e+01,2.103219e+01,2.101829e+01,2.124740e+01,2.113638e+01,2.093485e+01,2.097658e+01,2.098353e+01,2.094876e+01,2.096962e+01,2.090006e+01,2.099744e+01,2.101829e+01,2.096962e+01,2.103219e+01,2.099744e+01,2.099048e+01,2.095572e+01,2.097658e+01,2.096962e+01,2.096267e+01,2.096962e+01,2.087222e+01,2.087918e+01,2.084437e+01,2.095572e+01,2.092093e+01,2.101829e+01,2.099744e+01,2.090006e+01,2.078169e+01,2.092789e+01,2.091398e+01,2.092093e+01,2.088614e+01,2.090006e+01,2.086526e+01,2.096962e+01,2.087918e+01,2.096267e+01,2.082348e+01,2.095572e+01,2.090006e+01,2.090006e+01,2.087918e+01,2.105304e+01,2.098353e+01,2.086526e+01,2.087918e+01,2.083045e+01,2.081652e+01,2.064225e+01,2.059340e+01,2.092093e+01,2.077472e+01,2.062132e+01,2.059340e+01,2.053057e+01,2.050262e+01,2.053755e+01,2.049564e+01,2.059340e+01,2.050262e+01,2.062830e+01,2.064923e+01,2.065621e+01,2.051660e+01,2.058643e+01,2.055152e+01,2.049564e+01,2.041176e+01,2.060736e+01,2.043274e+01,2.044672e+01,2.045371e+01,2.044672e+01,2.057246e+01,2.066318e+01,2.047468e+01,2.068410e+01,2.048865e+01,2.047468e+01,2.045371e+01,2.043274e+01,2.055152e+01,2.044672e+01,2.051660e+01,2.064923e+01,2.053755e+01,2.055152e+01,2.052358e+01,2.047468e+01,2.062132e+01,2.054453e+01,2.057944e+01,2.063528e+01,2.049564e+01,2.055152e+01,2.048166e+01,2.054453e+01,2.053057e+01,2.047468e+01,2.055850e+01,2.046070e+01,2.070502e+01,2.062830e+01,2.048865e+01,2.064225e+01,2.050961e+01,2.048166e+01,2.052358e+01,2.046070e+01,2.047468e+01,2.050262e+01,2.043973e+01,2.037679e+01,2.050262e+01,2.057944e+01,2.051660e+01,2.046070e+01,2.049564e+01,2.050262e+01,2.044672e+01,2.050961e+01,2.052358e+01,2.035581e+01,2.049564e+01,2.057944e+01,2.045371e+01,2.043274e+01,2.050961e+01,2.041875e+01,2.047468e+01,2.049564e+01,2.048166e+01,2.043973e+01,2.064923e+01,2.068410e+01,2.052358e+01,2.053755e+01,2.048166e+01,2.055152e+01,2.047468e+01,2.053755e+01,2.062132e+01,2.051660e+01,2.055850e+01,2.059340e+01,2.043973e+01,2.053755e+01,2.061434e+01,2.068410e+01,2.055152e+01,2.050262e+01,2.051660e+01,2.050961e+01,2.048166e+01,2.067016e+01,2.044672e+01
2.073988e+01,2.067713e+01,2.071200e+01,2.077472e+01,2.073291e+01,2.067713e+01,2.069805e+01,2.068410e+01,2.054453e+01,2.071200e+01,2.071897e+01,2.087222e+01,2.057944e+01,2.078169e+01,2.075382e+01,2.078866e+01,2.078169e+01,2.069108e+01,2.067713e+01,2.085134e+01,2.071200e+01,2.076775e+01,2.073988e+01,2.062132e+01,2.078866e+01,2.074685e+01,2.078169e+01,2.073291e+01,2.077472e+01,2.085830e+01,2.075382e+01,2.074685e+01,2.078169e+01,2.077472e+01,2.076079e+01,2.080259e+01,2.085134e+01,2.080259e+01,2.076079e+01,2.076775e+01,2.079562e+01,2.071200e+01,2.071200e+01,2.094876e+01,2.094180e+01,2.078866e+01,2.076079e+01,2.078169e+01,2.081652e+01,2.086526e+01,2.085830e+01,2.086526e+01,2.084437e+01,2.082348e+01,2.073291e+01,2.073291e+01,2.069805e+01,2.074685e+01,2.061434e+01,2.078169e+01,2.070502e+01,2.071200e+01,2.073988e+01,2.061434e+01,2.085830e+01,2.079562e+01,2.071897e+01,2.084437e+01,2.064923e+01,2.062132e+01,2.086526e+01,2.076079e+01,2.071200e+01,2.078169e+01,2.073988e+01,2.071200e+01,2.085134e+01,2.069108e+01,2.073291e+01,2.076079e+01,2.065621e+01,2.064923e+01,2.079562e+01,2.074685e+01,2.077472e+01,2.067713e+01,2.066318e+01,2.066318e+01,2.064923e+01,2.064225e+01,2.076775e+01,2.076079e+01,2.071200e+01,2.073291e+01,2.078169e+01,2.064225e+01,2.067713e+01,2.066318e+01,2.062132e+01,2.073988e+01,2.069108e+01,2.068410e+01,2.065621e+01,2.067713e+01,2.064225e+01,2.052358e+01,2.065621e+01,2.067016e+01,2.070502e+01,2.061434e+01,2.061434e+01,2.063528e+01,2.065621e+01,2.078866e+01,2.082348e+01,2.064923e+01,2.073988e+01,2.067016e+01,2.066318e+01,2.068410e+01,2.073291e+01,2.094180e+01,2.080259e+01,2.096267e+01,2.091398e+01,2.064225e+01,2.055152e+01,2.071200e+01,2.056548e+01,2.053755e+01,2.057246e+01,2.062830e+01,2.060039e+01,2.095572e+01,2.071200e+01,2.062132e+01,2.069108e+01,2.057944e+01,2.049564e+01,2.070502e+01,2.072594e+01,2.069108e+01,2.064923e+01,2.066318e+01,2.063528e+01,2.067713e+01,2.057246e+01,2.059340e+01,2.055152e+01,2.058643e+01,2.060039e+01,2.081652e+01,2.059340e+01,2.053755e+01,2.061434e+01,2.056548e+01,2.051660e+01,2.047468e+01,2.055850e+01,2.059340e+01,2.048865e+01,2.060736e+01,2.060736e+01,2.058643e+01,2.060039e+01,2.055850e+01,2.064923e+01,2.064225e+01,2.047468e+01,2.055850e+01,2.049564e+01,2.050961e+01,2.051660e+01,2.055850e+01,2.049564e+01,2.048166e+01,2.050961e+01,2.050262e+01,2.038379e+01,2.059340e+01,2.043274e+01,2.045371e+01,2.062830e+01,2.043274e+01,2.048865e+01,2.064225e+01,2.057944e+01,2.057944e+01,2.050262e+01,2.045371e+01,2.042575e+01,2.048166e+01,2.041176e+01,2.055850e+01,2.041875e+01,2.045371e+01,2.058643e+01,2.061434e+01,2.051660e+01,2.050262e+01,2.036980e+01,2.050262e+01,2.047468e+01,2.036980e+01,2.046769e+01,2.039778e+01,2.043973e+01,2.043274e+01,2.042575e+01,2.043973e+01,2.036280e+01,2.050961e+01,2.048166e+01,2.050961e+01,2.047468e+01,2.048865e+01,2.054453e+01,2.041875e+01,2.053057e+01,2.046769e+01,2.046070e+01,2.046769e+01,2.046070e+01,2.041875e+01,2.044672e+01,2.043973e+01,2.040477e+01,2.045371e+01,2.050262e+01,2.043973e+01,2.048166e+01,2.043973e+01,2.046070e+01,2.047468e+01,2.045371e+01,2.043274e+01,2.041176e+01,2.034181e+01,2.036980e+01,2.025080e+01,2.020177e+01,2.021578e+01,2.026481e+01,2.018074e+01,2.025781e+01,2.029282e+01,2.022979e+01,2.025080e+01,2.013167e+01,2.039778e+01,2.004749e+01,2.002643e+01,1.999133e+01,1.986485e+01,1.992109e+01,1.987892e+01,1.981563e+01,1.980859e+01,1.973118e+01,1.991406e+01,1.986485e+01,1.994216e+01,1.997026e+01,2.018775e+01,2.033481e+01,2.022278e+01,2.029982e+01,2.043973e+01,2.032082e+01,2.039078e+01,2.045371e+01,2.041176e+01,2.050961e+01,2.043274e+01,2.048865e+01,2.066318e+01,2.063528e+01,2.060736e+01,2.084437e+01,2.060736e+01,2.051660e+01,2.066318e+01,2.069108e+01,2.061434e+01,2.064225e+01,2.067016e+01,2.067016e+01,2.068410e+01,2.069805e+01,2.071897e+01,2.057246e+01,2.072594e+01,2.051660e+01,2.073988e+01,2.064923e+01,2.078169e+01,2.073291e+01,2.068410e+01,2.069805e+01,2.067016e+01,2.069805e+01,2.067016e+01,2.069805e+01,2.072594e+01,2.064923e+01,2.064225e+01,2.058643e+01,2.057944e+01,2.043973e+01,2.069108e+01,2.060736e+01,2.062132e+01,2.055152e+01,2.064225e+01,2.044672e+01,2.055850e+01,2.058643e+01,2.054453e+01,2.059340e+01,2.056548e+01,2.056548e+01,2.065621e+01,2.056548e+01,2.055152e+01,2.053057e+01,2.051660e+01,2.059340e+01,2.062132e+01,2.053755e+01,2.055152e+01,2.039078e+01,2.036280e+01,2.040477e+01,2.019476e+01,2.026481e+01,2.032082e+01,2.022979e+01,2.023680e+01,2.016672e+01,2.035581e+01,2.032082e+01,2.039778e+01,2.029282e+01,2.056548e+01,2.051660e+01,2.057944e+01,2.059340e+01,2.049564e+01,2.065621e+01,2.059340e+01,2.065621e+01,2.055152e+01,2.053057e+01,2.067713e+01,2.057944e+01,2.048166e+01,2.062132e+01,2.070502e+01,2.066318e+01,2.068410e+01,2.062830e+01,2.063528e+01,2.069805e+01,2.062132e+01,2.062132e+01,2.071200e+01,2.063528e+01,2.067713e+01,2.064923e+01,2.062132e+01,2.062830e+01,2.063528e+01,2.056548e+01,2.055152e+01,2.050262e+01,2.058643e+01,2.064225e+01,2.056548e+01,2.068410e+01,2.053057e+01,2.053755e+01,2.049564e+01,2.047468e+01,2.063528e+01,2.062132e+01,2.056548e+01,2.057246e+01,2.048865e+01,2.048865e+01,2.050262e+01,2.057246e+01,2.057944e+01,2.064923e+01,2.057246e+01,2.052358e+01,2.057246e+01,2.058643e+01,2.059340e+01,2.054453e+01,2.049564e+01,2.053755e+01,2.046769e+01,2.050961e+01,2.051660e+01,2.061434e+01,2.055152e+01,2.052358e+01,2.050262e+01,2.061434e+01,2.061434e+01,2.056548e+01,2.082348e+01,2.064225e+01,2.065621e+01,2.063528e+01,2.062132e+01,2.055850e+01,2.073988e+01,2.058643e+01,2.079562e+01,2.084437e+01,2.096267e+01,2.085830e+01,2.106693e+01,2.110166e+01,2.110861e+01,2.109472e+01,2.105999e+01,2.106693e+01,2.103914e+01,2.108777e+01,2.099744e+01,2.097658e+01,2.101134e+01,2.100439e+01,2.108083e+01,2.101134e+01,2.107388e+01,2.112250e+01,2.113638e+01,2.114333e+01,2.104609e+01,2.099744e+01,2.101134e+01,2.103914e+01,2.115721e+01,2.105304e+01,2.108777e+01,2.092093e+01,2.109472e+01,2.108777e+01,2.101829e+01,2.101134e+01,2.095572e+01,2.099744e+01,2.086526e+01,2.092093e+01,2.096962e+01,2.099744e+01,2.100439e+01,2.092093e+01,2.092093e+01,2.096962e+01,2.095572e+01,2.097658e+01,2.097658e+01,2.096962e+01,2.112944e+01,2.119191e+01,2.108083e+01,2.110861e+01,2.111555e+01,2.105304e+01,2.105999e+01,2.109472e+01,2.117109e+01,2.117803e+01,2.126821e+01,2.114333e+01,2.102524e+01,2.112944e+01,2.110166e+01,2.122660e+01,2.111555e+01,2.102524e+01,2.103914e+01,2.098353e+01,2.104609e+01,2.099744e+01,2.099744e+01,2.099744e+01,2.100439e+01,2.099048e+01,2.089310e+01,2.100439e+01,2.101134e+01,2.097658e+01,2.094180e+01,2.096962e+01,2.085134e+01,2.093485e+01,2.087918e+01,2.102524e+01,2.083741e+01,2.087918e+01,2.098353e+01,2.101134e+01,2.119191e+01,2.092093e+01,2.098353e+01,2.087222e+01,2.091398e+01,2.093485e+01,2.092093e+01,2.090006e+01,2.089310e+01,2.090702e+01,2.090006e+01,2.094180e+01,2.097658e+01,2.078866e+01,2.080259e+01,2.094180e+01,2.099048e+01,2.083741e+01,2.085134e+01,2.090006e+01,2.095572e+01,2.090006e+01,2.098353e+01,2.083045e+01,2.065621e+01,2.069108e+01,2.091398e+01,2.076079e+01,2.060736e+01,2.064923e+01,2.048865e+01,2.060039e+01,2.056548e+01,2.040477e+01,2.061434e+01,2.051660e+01,2.047468e+01,2.055850e+01,2.050961e+01,2.063528e+01,2.057944e+01,2.043973e+01,2.044672e+01,2.059340e+01,2.051660e+01,2.046070e+01,2.051660e+01,2.055152e+01,2.073988e+01,2.057246e+01,2.057246e+01,2.060039e+01,2.053057e+01,2.059340e+01,2.047468e+01,2.049564e+01,2.061434e+01,2.050961e+01,2.048865e+01,2.053057e+01,2.057944e+01,2.050961e+01,2.053755e+01,2.061434e+01,2.055152e+01,2.045371e+01,2.048166e+01,2.060736e+01,2.062830e+01,2.064923e+01,2.066318e+01,2.050961e+01,2.057944e+01,2.048166e+01,2.048865e+01,2.063528e+01,2.058643e+01,2.054453e+01,2.064923e+01,2.056548e+01,2.043973e+01,2.054453e+01,2.043973e+01,2.067016e+01,2.047468e+01,2.053755e+01,2.063528e+01,2.060039e+01,2.048166e+01,2.051660e+01,2.051660e+01,2.050262e+01,2.055152e+01,2.066318e+01,2.050961e+01,2.049564e+01,2.052358e+01,2.050961e+01,2.056548e+01,2.053057e+01,2.056548e+01,2.061434e+01,2.050961e+01,2.044672e+01,2.043973e+01,2.062830e+01,2.067016e+01,2.061434e+01,2.068410e+01,2.051660e+01,2.048166e+01,2.054453e+01,2.064923e+01,2.058643e+01,2.064923e+01,2.043973e+01,2.050961e+01,2.048865e+01,2.053057e+01,2.062830e+01,2.059340e+01,2.049564e+01,2.050961e+01,2.043973e+01,2.048865e+01,2.056548e+01,2.052358e+01,2.060736e+01,2.052358e+01,2.066318e+01,2.094876e+01,2.050262e+01,2.065621e+01
2.066318e+01,2.065621e+01,2.064923e+01,2.067016e+01,2.064923e+01,2.051660e+01,2.066318e+01,2.070502e+01,2.064225e+01,2.057944e+01,2.075382e+01,2.065621e+01,2.072594e+01,2.062830e+01,2.060736e+01,2.072594e+01,2.076079e+01,2.069805e+01,2.077472e+01,2.069805e+01,2.071200e+01,2.069108e+01,2.068410e+01,2.072594e+01,2.075382e+01,2.075382e+01,2.078169e+01,2.074685e+01,2.082348e+01,2.071897e+01,2.072594e+01,2.084437e+01,2.086526e+01,2.083045e+01,2.079562e+01,2.085830e+01,2.078169e+01,2.080259e+01,2.071897e+01,2.076079e+01,2.059340e+01,2.069805e+01,2.078866e+01,2.080955e+01,2.082348e+01,2.075382e+01,2.062132e+01,2.070502e+01,2.070502e+01,2.086526e+01,2.085134e+01,2.085134e+01,2.108083e+01,2.071897e+01,2.075382e+01,2.078866e+01,2.071200e+01,2.078169e+01,2.059340e+01,2.060039e+01,2.060039e+01,2.069805e+01,2.069805e+01,2.064225e+01,2.070502e+01,2.072594e+01,2.085134e+01,2.073988e+01,2.078169e+01,2.072594e+01,2.068410e+01,2.067713e+01,2.072594e+01,2.073988e+01,2.064923e+01,2.075382e+01,2.072594e+01,2.065621e+01,2.071200e+01,2.071897e+01,2.068410e+01,2.074685e+01,2.079562e+01,2.076079e+01,2.066318e+01,2.065621e+01,2.063528e+01,2.065621e+01,2.064923e+01,2.065621e+01,2.075382e+01,2.059340e+01,2.042575e+01,2.075382e+01,2.083045e+01,2.067713e+01,2.059340e+01,2.058643e+01,2.062132e+01,2.069108e+01,2.067713e+01,2.086526e+01,2.061434e+01,2.055850e+01,2.065621e+01,2.057944e+01,2.059340e+01,2.063528e+01,2.054453e+01,2.049564e+01,2.053755e+01,2.056548e+01,2.063528e+01,2.080955e+01,2.050961e+01,2.057944e+01,2.073988e+01,2.071897e+01,2.069805e+01,2.070502e+01,2.082348e+01,2.078866e+01,2.087918e+01,2.080259e+01,2.058643e+01,2.057944e+01,2.060039e+01,2.060039e+01,2.061434e+01,2.065621e+01,2.057246e+01,2.064225e+01,2.067713e+01,2.059340e+01,2.064225e+01,2.066318e+01,2.049564e+01,2.058643e+01,2.067016e+01,2.061434e+01,2.063528e+01,2.070502e+01,2.063528e+01,2.060039e+01,2.062830e+01,2.065621e+01,2.064225e+01,2.056548e+01,2.064923e+01,2.060039e+01,2.060736e+01,2.062132e+01,2.060039e+01,2.078169e+01,2.057246e+01,2.050961e+01,2.057246e+01,2.062830e+01,2.057246e+01,2.059340e+01,2.060039e+01,2.044672e+01,2.044672e+01,2.061434e+01,2.057246e+01,2.055152e+01,2.066318e+01,2.060736e+01,2.056548e+01,2.060736e+01,2.059340e+01,2.046070e+01,2.042575e+01,2.042575e+01,2.050262e+01,2.050961e+01,2.044672e+01,2.038379e+01,2.055152e+01,2.036980e+01,2.051660e+01,2.039778e+01,2.051660e+01,2.041875e+01,2.048166e+01,2.053755e+01,2.052358e+01,2.051660e+01,2.049564e+01,2.042575e+01,2.050961e+01,2.041176e+01,2.040477e+01,2.055850e+01,2.043973e+01,2.041875e+01,2.046769e+01,2.053057e+01,2.054453e+01,2.055152e+01,2.051660e+01,2.042575e+01,2.047468e+01,2.044672e+01,2.065621e+01,2.040477e+01,2.043274e+01,2.047468e+01,2.043274e+01,2.050961e+01,2.050262e+01,2.041176e+01,2.029282e+01,2.046769e+01,2.057944e+01,2.045371e+01,2.060039e+01,2.046070e+01,2.054453e+01,2.052358e+01,2.043274e+01,2.048865e+01,2.041875e+01,2.041176e+01,2.042575e+01,2.043274e+01,2.040477e+01,2.051660e+01,2.049564e+01,2.041875e+01,2.050961e+01,2.049564e+01,2.045371e+01,2.041875e+01,2.043274e+01,2.047468e+01,2.045371e+01,2.046769e+01,2.038379e+01,2.026481e+01,2.019476e+01,2.024380e+01,2.019476e+01,2.023680e+01,2.022278e+01,2.013868e+01,2.025781e+01,2.025781e+01,2.020877e+01,2.018074e+01,2.006152e+01,2.014569e+01,2.000537e+01,1.987892e+01,1.986485e+01,1.985079e+01,1.983673e+01,1.982266e+01,1.981563e+01,1.980156e+01,1.987189e+01,1.984376e+01,2.010362e+01,1.998431e+01,2.013868e+01,2.018074e+01,2.028582e+01,2.041875e+01,2.041875e+01,2.043274e+01,2.039778e+01,2.046070e+01,2.041875e+01,2.046070e+01,2.063528e+01,2.060039e+01,2.050262e+01,2.062830e+01,2.057246e+01,2.062830e+01,2.069108e+01,2.066318e+01,2.066318e+01,2.049564e+01,2.065621e+01,2.046769e+01,2.062830e+01,2.069805e+01,2.070502e+01,2.071897e+01,2.071897e+01,2.050961e+01,2.073291e+01,2.067713e+01,2.069805e+01,2.062132e+01,2.074685e+01,2.080259e+01,2.068410e+01,2.085134e+01,2.066318e+01,2.064225e+01,2.062132e+01,2.055152e+01,2.060736e+01,2.057944e+01,2.075382e+01,2.051660e+01,2.060736e+01,2.059340e+01,2.060039e+01,2.048865e+01,2.056548e+01,2.053755e+01,2.062132e+01,2.053057e+01,2.053057e+01,2.060039e+01,2.051660e+01,2.051660e+01,2.054453e+01,2.047468e+01,2.050961e+01,2.052358e+01,2.055850e+01,2.055850e+01,2.046769e+01,2.052358e+01,2.043973e+01,2.039078e+01,2.043274e+01,2.041176e+01,2.032782e+01,2.038379e+01,2.030682e+01,2.017373e+01,2.030682e+01,2.026481e+01,2.040477e+01,2.039778e+01,2.042575e+01,2.050262e+01,2.049564e+01,2.046070e+01,2.043973e+01,2.064225e+01,2.051660e+01,2.060736e+01,2.052358e+01,2.055850e+01,2.056548e+01,2.061434e+01,2.062830e+01,2.073988e+01,2.065621e+01,2.064225e+01,2.076775e+01,2.068410e+01,2.066318e+01,2.050961e+01,2.063528e+01,2.064923e+01,2.068410e+01,2.071897e+01,2.058643e+01,2.066318e+01,2.062132e+01,2.055152e+01,2.060736e+01,2.061434e+01,2.056548e+01,2.062132e+01,2.059340e+01,2.050961e+01,2.050961e+01,2.049564e+01,2.058643e+01,2.046070e+01,2.055850e+01,2.053057e+01,2.050961e+01,2.069805e+01,2.066318e+01,2.057246e+01,2.060039e+01,2.053755e+01,2.052358e+01,2.050262e+01,2.052358e+01,2.051660e+01,2.054453e+01,2.053057e+01,2.058643e+01,2.044672e+01,2.057944e+01,2.056548e+01,2.059340e+01,2.051660e+01,2.046070e+01,2.060039e+01,2.060736e+01,2.062830e+01,2.063528e+01,2.062132e+01,2.054453e+01,2.060039e+01,2.049564e+01,2.052358e+01,2.052358e+01,2.050262e+01,2.062132e+01,2.070502e+01,2.053755e+01,2.055850e+01,2.048166e+01,2.058643e+01,2.063528e+01,2.057944e+01,2.071200e+01,2.074685e+01,2.084437e+01,2.088614e+01,2.074685e+01,2.080259e+01,2.109472e+01,2.105304e+01,2.109472e+01,2.117109e+01,2.101134e+01,2.096962e+01,2.108083e+01,2.099744e+01,2.101829e+01,2.114333e+01,2.110166e+01,2.101829e+01,2.101134e+01,2.108777e+01,2.112944e+01,2.103914e+01,2.091398e+01,2.096962e+01,2.096267e+01,2.095572e+01,2.110166e+01,2.095572e+01,2.109472e+01,2.103914e+01,2.097658e+01,2.104609e+01,2.087222e+01,2.099048e+01,2.090702e+01,2.083741e+01,2.100439e+01,2.096267e+01,2.100439e+01,2.098353e+01,2.101829e+01,2.103219e+01,2.103219e+01,2.097658e+01,2.104609e+01,2.100439e+01,2.096267e+01,2.095572e+01,2.112250e+01,2.109472e+01,2.115027e+01,2.113638e+01,2.106693e+01,2.108083e+01,2.106693e+01,2.114333e+01,2.105304e+01,2.107388e+01,2.105999e+01,2.110861e+01,2.115721e+01,2.114333e+01,2.110861e+01,2.108777e+01,2.104609e+01,2.094876e+01,2.099048e+01,2.094180e+01,2.105999e+01,2.100439e+01,2.096962e+01,2.094180e+01,2.102524e+01,2.098353e+01,2.090702e+01,2.090702e+01,2.094876e+01,2.096962e+01,2.099744e+01,2.103219e+01,2.094180e+01,2.112250e+01,2.100439e+01,2.084437e+01,2.094180e+01,2.090702e+01,2.094180e+01,2.092093e+01,2.091398e+01,2.106693e+01,2.094180e+01,2.089310e+01,2.090702e+01,2.081652e+01,2.087918e+01,2.090702e+01,2.090006e+01,2.089310e+01,2.089310e+01,2.091398e+01,2.090006e+01,2.081652e+01,2.103219e+01,2.099048e+01,2.095572e+01,2.087222e+01,2.092789e+01,2.086526e+01,2.089310e+01,2.096267e+01,2.087918e+01,2.098353e+01,2.073988e+01,2.066318e+01,2.066318e+01,2.069108e+01,2.072594e+01,2.077472e+01,2.048166e+01,2.057944e+01,2.050262e+01,2.056548e+01,2.047468e+01,2.048166e+01,2.049564e+01,2.048166e+01,2.051660e+01,2.055152e+01,2.062830e+01,2.063528e+01,2.044672e+01,2.037679e+01,2.047468e+01,2.053755e+01,2.056548e+01,2.053755e+01,2.055152e+01,2.043274e+01,2.036980e+01,2.067016e+01,2.069805e+01,2.066318e+01,2.055152e+01,2.045371e+01,2.039078e+01,2.035581e+01,2.061434e+01,2.051660e+01,2.055152e+01,2.053057e+01,2.051660e+01,2.048865e+01,2.048166e+01,2.054453e+01,2.060736e+01,2.048865e+01,2.062132e+01,2.064923e+01,2.047468e+01,2.053755e+01,2.070502e+01,2.051660e+01,2.064225e+01,2.065621e+01,2.067713e+01,2.054453e+01,2.061434e+01,2.056548e+01,2.050961e+01,2.046070e+01,2.046769e+01,2.048166e+01,2.045371e+01,2.050961e+01,2.060736e+01,2.053057e+01,2.060736e+01,2.060736e+01,2.039778e+01,2.064923e+01,2.050961e+01,2.046070e+01,2.043973e+01,2.053755e+01,2.041875e+01,2.053057e+01,2.033481e+01,2.038379e+01,2.022278e+01,2.034881e+01,2.052358e+01,2.048865e+01,2.047468e+01,2.048166e+01,2.062132e+01,2.060039e+01,2.055850e+01,2.056548e+01,2.053057e+01,2.050961e+01,2.043274e+01,2.055850e+01,2.060736e+01,2.047468e+01,2.046769e+01,2.051660e+01,2.043973e+01,2.053057e+01,2.057944e+01,2.060039e+01,2.055152e+01,2.060736e+01,2.050961e+01,2.045371e+01,2.060736e+01,2.045371e+01,2.047468e+01,2.051660e+01,2.052358e+01,2.048865e+01,2.046769e+01,2.048865e+01
2.070502e+01,2.066318e+01,2.066318e+01,2.064225e+01,2.049564e+01,2.059340e+01,2.068410e+01,2.067016e+01,2.060039e+01,2.062830e+01,2.073988e+01,2.076079e+01,2.070502e+01,2.065621e+01,2.064923e+01,2.072594e+01,2.066318e+01,2.067713e+01,2.070502e+01,2.077472e+01,2.070502e+01,2.072594e+01,2.064923e+01,2.069805e+01,2.062132e+01,2.075382e+01,2.078169e+01,2.070502e+01,2.078169e+01,2.081652e+01,2.083741e+01,2.067713e+01,2.075382e+01,2.079562e+01,2.078866e+01,2.086526e+01,2.078169e+01,2.074685e+01,2.071200e+01,2.070502e+01,2.090702e+01,2.076079e+01,2.062132e+01,2.080259e+01,2.090702e+01,2.087222e+01,2.087222e+01,2.078866e+01,2.067713e+01,2.104609e+01,2.088614e+01,2.085134e+01,2.086526e+01,2.071200e+01,2.073988e+01,2.074685e+01,2.079562e+01,2.087222e+01,2.066318e+01,2.062132e+01,2.089310e+01,2.069805e+01,2.087222e+01,2.072594e+01,2.083045e+01,2.083741e+01,2.074685e+01,2.074685e+01,2.067016e+01,2.085134e+01,2.072594e+01,2.080259e+01,2.076775e+01,2.071200e+01,2.081652e+01,2.080259e+01,2.058643e+01,2.064225e+01,2.073291e+01,2.068410e+01,2.067713e+01,2.076079e+01,2.070502e+01,2.076775e+01,2.072594e+01,2.079562e+01,2.083045e+01,2.073988e+01,2.064923e+01,2.064225e+01,2.068410e+01,2.045371e+01,2.065621e+01,2.076079e+01,2.062830e+01,2.080955e+01,2.061434e+01,2.067016e+01,2.067713e+01,2.068410e+01,2.068410e+01,2.065621e+01,2.067713e+01,2.051660e+01,2.056548e+01,2.060039e+01,2.066318e+01,2.051660e+01,2.059340e+01,2.066318e+01,2.055850e+01,2.057944e+01,2.062830e+01,2.061434e+01,2.062830e+01,2.064225e+01,2.066318e+01,2.063528e+01,2.067713e+01,2.087222e+01,2.095572e+01,2.110166e+01,2.092093e+01,2.078169e+01,2.064225e+01,2.048865e+01,2.056548e+01,2.036980e+01,2.060039e+01,2.059340e+01,2.068410e+01,2.056548e+01,2.075382e+01,2.057246e+01,2.062132e+01,2.057246e+01,2.062132e+01,2.060039e+01,2.061434e+01,2.060736e+01,2.062830e+01,2.065621e+01,2.060039e+01,2.069108e+01,2.067016e+01,2.055152e+01,2.064923e+01,2.063528e+01,2.064225e+01,2.060039e+01,2.066318e+01,2.068410e+01,2.064225e+01,2.059340e+01,2.061434e+01,2.060039e+01,2.056548e+01,2.061434e+01,2.064225e+01,2.057246e+01,2.048865e+01,2.054453e+01,2.050961e+01,2.060736e+01,2.061434e+01,2.055152e+01,2.058643e+01,2.055850e+01,2.054453e+01,2.041875e+01,2.060736e+01,2.085134e+01,2.057246e+01,2.059340e+01,2.043973e+01,2.046769e+01,2.048166e+01,2.045371e+01,2.055850e+01,2.053755e+01,2.044672e+01,2.049564e+01,2.046769e+01,2.057246e+01,2.060039e+01,2.053057e+01,2.050961e+01,2.054453e+01,2.050961e+01,2.054453e+01,2.047468e+01,2.048166e+01,2.050961e+01,2.043973e+01,2.056548e+01,2.050262e+01,2.019476e+01,2.048865e+01,2.048865e+01,2.053755e+01,2.050262e+01,2.049564e+01,2.039778e+01,2.050262e+01,2.049564e+01,2.049564e+01,2.046070e+01,2.049564e+01,2.043973e+01,2.044672e+01,2.046769e+01,2.044672e+01,2.052358e+01,2.057246e+01,2.051660e+01,2.045371e+01,2.042575e+01,2.048865e+01,2.060736e+01,2.048166e+01,2.046769e+01,2.048865e+01,2.049564e+01,2.046070e+01,2.048166e+01,2.041176e+01,2.043973e+01,2.041875e+01,2.047468e+01,2.041875e+01,2.051660e+01,2.050262e+01,2.041875e+01,2.047468e+01,2.048166e+01,2.040477e+01,2.034881e+01,2.033481e+01,2.038379e+01,2.032782e+01,2.022278e+01,2.025781e+01,2.017373e+01,2.024380e+01,2.027181e+01,2.026481e+01,2.022979e+01,2.011063e+01,2.019476e+01,2.004047e+01,1.997026e+01,1.987892e+01,1.994216e+01,1.983673e+01,1.985079e+01,1.976638e+01,1.973822e+01,1.983673e+01,1.968189e+01,1.990703e+01,1.985079e+01,1.975230e+01,1.996324e+01,2.006152e+01,2.010362e+01,2.011764e+01,2.027881e+01,2.027181e+01,2.031382e+01,2.035581e+01,2.044672e+01,2.060039e+01,2.041176e+01,2.046070e+01,2.055152e+01,2.051660e+01,2.064923e+01,2.062830e+01,2.065621e+01,2.062830e+01,2.081652e+01,2.067713e+01,2.069805e+01,2.059340e+01,2.067016e+01,2.067016e+01,2.063528e+01,2.067713e+01,2.064923e+01,2.062132e+01,2.070502e+01,2.071200e+01,2.069108e+01,2.072594e+01,2.053755e+01,2.068410e+01,2.063528e+01,2.067713e+01,2.065621e+01,2.066318e+01,2.066318e+01,2.066318e+01,2.056548e+01,2.056548e+01,2.060039e+01,2.061434e+01,2.057246e+01,2.049564e+01,2.055152e+01,2.055152e+01,2.054453e+01,2.065621e+01,2.047468e+01,2.063528e+01,2.060736e+01,2.051660e+01,2.061434e+01,2.055152e+01,2.050262e+01,2.052358e+01,2.046070e+01,2.041176e+01,2.045371e+01,2.048865e+01,2.053755e+01,2.046070e+01,2.058643e+01,2.055152e+01,2.041875e+01,2.039778e+01,2.043973e+01,2.042575e+01,2.046769e+01,2.038379e+01,2.038379e+01,2.040477e+01,2.026481e+01,2.039778e+01,2.036980e+01,2.034881e+01,2.038379e+01,2.048865e+01,2.037679e+01,2.046769e+01,2.043973e+01,2.046769e+01,2.047468e+01,2.050262e+01,2.059340e+01,2.060039e+01,2.052358e+01,2.069108e+01,2.059340e+01,2.075382e+01,2.064225e+01,2.068410e+01,2.068410e+01,2.068410e+01,2.069805e+01,2.071200e+01,2.065621e+01,2.065621e+01,2.064923e+01,2.070502e+01,2.067016e+01,2.066318e+01,2.064225e+01,2.062132e+01,2.052358e+01,2.061434e+01,2.063528e+01,2.052358e+01,2.050961e+01,2.056548e+01,2.050961e+01,2.058643e+01,2.048166e+01,2.058643e+01,2.069805e+01,2.057246e+01,2.070502e+01,2.055850e+01,2.043274e+01,2.055152e+01,2.056548e+01,2.053057e+01,2.059340e+01,2.055152e+01,2.052358e+01,2.063528e+01,2.056548e+01,2.062830e+01,2.061434e+01,2.061434e+01,2.059340e+01,2.060736e+01,2.053057e+01,2.051660e+01,2.057944e+01,2.058643e+01,2.050262e+01,2.048166e+01,2.053057e+01,2.048865e+01,2.059340e+01,2.054453e+01,2.046070e+01,2.047468e+01,2.062132e+01,2.050961e+01,2.067713e+01,2.058643e+01,2.065621e+01,2.058643e+01,2.050262e+01,2.058643e+01,2.064225e+01,2.064923e+01,2.053755e+01,2.070502e+01,2.076079e+01,2.096267e+01,2.092789e+01,2.084437e+01,2.096962e+01,2.096267e+01,2.089310e+01,2.105999e+01,2.114333e+01,2.096962e+01,2.098353e+01,2.108777e+01,2.098353e+01,2.102524e+01,2.106693e+01,2.104609e+01,2.108083e+01,2.100439e+01,2.103914e+01,2.109472e+01,2.092093e+01,2.093485e+01,2.087222e+01,2.098353e+01,2.099744e+01,2.101829e+01,2.093485e+01,2.091398e+01,2.103219e+01,2.100439e+01,2.096267e+01,2.096962e+01,2.101134e+01,2.088614e+01,2.092093e+01,2.096962e+01,2.103219e+01,2.101829e+01,2.105999e+01,2.094876e+01,2.100439e+01,2.108777e+01,2.112250e+01,2.102524e+01,2.103219e+01,2.116415e+01,2.117803e+01,2.111555e+01,2.114333e+01,2.112250e+01,2.102524e+01,2.111555e+01,2.127514e+01,2.103219e+01,2.103914e+01,2.113638e+01,2.109472e+01,2.090702e+01,2.112250e+01,2.117803e+01,2.106693e+01,2.114333e+01,2.114333e+01,2.112944e+01,2.108083e+01,2.117803e+01,2.103219e+01,2.107388e+01,2.104609e+01,2.101829e+01,2.097658e+01,2.096267e+01,2.117109e+01,2.098353e+01,2.098353e+01,2.097658e+01,2.080259e+01,2.083045e+01,2.091398e+01,2.090006e+01,2.094180e+01,2.101134e+01,2.096962e+01,2.092789e+01,2.102524e+01,2.094876e+01,2.101134e+01,2.089310e+01,2.096267e+01,2.093485e+01,2.081652e+01,2.092093e+01,2.091398e+01,2.090006e+01,2.071200e+01,2.087918e+01,2.099744e+01,2.082348e+01,2.087222e+01,2.083741e+01,2.076079e+01,2.083741e+01,2.087222e+01,2.102524e+01,2.088614e+01,2.099744e+01,2.096962e+01,2.092789e+01,2.089310e+01,2.089310e+01,2.076775e+01,2.078169e+01,2.064225e+01,2.079562e+01,2.076775e+01,2.071897e+01,2.057944e+01,2.055850e+01,2.060039e+01,2.050961e+01,2.043973e+01,2.064225e+01,2.048865e+01,2.048865e+01,2.053057e+01,2.057944e+01,2.039078e+01,2.053057e+01,2.060736e+01,2.041176e+01,2.057944e+01,2.039778e+01,2.052358e+01,2.055850e+01,2.040477e+01,2.039078e+01,2.043274e+01,2.048166e+01,2.055850e+01,2.043274e+01,2.043973e+01,2.050961e+01,2.050262e+01,2.053057e+01,2.071200e+01,2.057246e+01,2.055152e+01,2.055152e+01,2.051660e+01,2.050262e+01,2.052358e+01,2.057944e+01,2.058643e+01,2.053755e+01,2.051660e+01,2.046070e+01,2.057944e+01,2.055850e+01,2.060039e+01,2.067713e+01,2.062132e+01,2.064225e+01,2.057944e+01,2.047468e+01,2.062132e+01,2.057944e+01,2.046769e+01,2.062830e+01,2.050961e+01,2.055152e+01,2.047468e+01,2.048166e+01,2.039078e+01,2.054453e+01,2.057944e+01,2.055152e+01,2.058643e+01,2.055152e+01,2.048865e+01,2.050262e+01,2.055850e+01,2.046070e+01,2.055152e+01,2.061434e+01,2.053057e+01,2.034881e+01,2.053755e+01,2.053755e+01,2.057246e+01,2.061434e+01,2.060736e+01,2.044672e+01,2.055152e+01,2.041176e+01,2.043274e+01,2.055850e+01,2.041875e+01,2.046769e+01,2.045371e+01,2.041176e+01,2.044672e+01,2.051660e+01,2.043274e+01,2.046769e+01,2.057246e+01,2.056548e+01,2.055152e+01,2.051660e+01,2.051660e+01,2.055850e+01,2.058643e+01,2.047468e+01,2.051660e+01,2.061434e+01,2.041875e+01,2.056548e+01,2.054453e+01,2.045371e+01,2.050262e+01,2.049564e+01
2.065621e+01,2.067016e+01,2.063528e+01,2.070502e+01,2.068410e+01,2.050961e+01,2.045371e+01,2.072594e+01,2.053755e+01,2.056548e+01,2.060039e+01,2.060736e+01,2.077472e+01,2.069805e+01,2.074685e+01,2.069108e+01,2.066318e+01,2.067016e+01,2.069108e+01,2.073988e+01,2.071200e+01,2.070502e+01,2.071200e+01,2.069108e+01,2.069805e+01,2.068410e+01,2.068410e+01,2.059340e+01,2.067713e+01,2.078169e+01,2.082348e+01,2.067713e+01,2.065621e+01,2.065621e+01,2.070502e+01,2.062830e+01,2.064923e+01,2.064923e+01,2.073291e+01,2.074685e+01,2.071200e+01,2.064225e+01,2.076079e+01,2.074685e+01,2.077472e+01,2.071200e+01,2.074685e+01,2.075382e+01,2.088614e+01,2.091398e+01,2.084437e+01,2.080955e+01,2.072594e+01,2.077472e+01,2.071200e+01,2.082348e+01,2.074685e+01,2.075382e+01,2.076775e+01,2.064225e+01,2.069108e+01,2.069108e+01,2.066318e+01,2.064225e+01,2.071200e+01,2.077472e+01,2.078866e+01,2.081652e+01,2.066318e+01,2.073988e+01,2.071200e+01,2.068410e+01,2.065621e+01,2.067016e+01,2.069108e+01,2.064225e+01,2.074685e+01,2.072594e+01,2.077472e+01,2.077472e+01,2.073291e+01,2.073988e+01,2.060736e+01,2.071200e+01,2.069108e+01,2.062132e+01,2.064225e+01,2.080259e+01,2.076079e+01,2.057944e+01,2.064225e+01,2.064225e+01,2.055850e+01,2.065621e+01,2.061434e+01,2.066318e+01,2.063528e+01,2.067713e+01,2.061434e+01,2.064225e+01,2.066318e+01,2.067016e+01,2.057944e+01,2.060736e+01,2.050961e+01,2.062132e+01,2.060039e+01,2.063528e+01,2.055850e+01,2.062830e+01,2.055152e+01,2.064225e+01,2.055850e+01,2.063528e+01,2.063528e+01,2.064225e+01,2.070502e+01,2.069108e+01,2.081652e+01,2.069805e+01,2.098353e+01,2.099744e+01,2.085830e+01,2.083045e+01,2.060736e+01,2.057944e+01,2.053057e+01,2.054453e+01,2.063528e+01,2.062132e+01,2.062132e+01,2.060736e+01,2.060039e+01,2.058643e+01,2.051660e+01,2.063528e+01,2.064225e+01,2.062132e+01,2.069108e+01,2.059340e+01,2.057246e+01,2.073291e+01,2.056548e+01,2.056548e+01,2.066318e+01,2.066318e+01,2.064225e+01,2.048166e+01,2.061434e+01,2.087918e+01,2.063528e+01,2.062132e+01,2.064923e+01,2.071897e+01,2.062830e+01,2.060736e+01,2.068410e+01,2.064923e+01,2.060736e+01,2.054453e+01,2.055152e+01,2.054453e+01,2.054453e+01,2.060039e+01,2.063528e+01,2.056548e+01,2.059340e+01,2.050262e+01,2.054453e+01,2.058643e+01,2.058643e+01,2.044672e+01,2.043274e+01,2.053755e+01,2.057246e+01,2.060039e+01,2.053755e+01,2.050961e+01,2.052358e+01,2.054453e+01,2.042575e+01,2.039078e+01,2.050262e+01,2.046769e+01,2.048865e+01,2.057246e+01,2.055850e+01,2.048865e+01,2.049564e+01,2.055850e+01,2.038379e+01,2.036980e+01,2.054453e+01,2.049564e+01,2.053057e+01,2.043274e+01,2.048166e+01,2.051660e+01,2.048865e+01,2.052358e+01,2.043274e+01,2.052358e+01,2.054453e+01,2.044672e+01,2.046070e+01,2.041875e+01,2.041176e+01,2.046070e+01,2.043973e+01,2.045371e+01,2.045371e+01,2.039078e+01,2.045371e+01,2.032082e+01,2.060039e+01,2.045371e+01,2.043973e+01,2.060039e+01,2.047468e+01,2.047468e+01,2.043973e+01,2.041875e+01,2.048166e+01,2.046070e+01,2.048166e+01,2.050262e+01,2.041875e+01,2.045371e+01,2.041176e+01,2.045371e+01,2.043973e+01,2.049564e+01,2.047468e+01,2.040477e+01,2.043274e+01,2.038379e+01,2.037679e+01,2.032782e+01,2.026481e+01,2.032082e+01,2.016672e+01,2.011764e+01,2.013868e+01,2.023680e+01,2.003345e+01,2.025080e+01,2.013868e+01,2.020877e+01,2.007556e+01,2.007556e+01,1.999835e+01,1.997026e+01,1.984376e+01,1.993514e+01,1.990000e+01,1.973118e+01,1.966076e+01,1.966780e+01,1.959028e+01,1.975934e+01,1.962552e+01,1.982266e+01,1.982266e+01,1.997728e+01,2.006854e+01,2.004749e+01,2.034881e+01,2.029282e+01,2.038379e+01,2.039078e+01,2.046769e+01,2.044672e+01,2.043973e+01,2.062132e+01,2.069805e+01,2.058643e+01,2.061434e+01,2.060039e+01,2.057246e+01,2.063528e+01,2.064923e+01,2.062132e+01,2.055152e+01,2.064923e+01,2.062830e+01,2.064923e+01,2.064225e+01,2.067016e+01,2.067713e+01,2.060039e+01,2.056548e+01,2.073988e+01,2.064923e+01,2.066318e+01,2.064225e+01,2.075382e+01,2.065621e+01,2.065621e+01,2.067713e+01,2.067016e+01,2.066318e+01,2.067016e+01,2.077472e+01,2.064923e+01,2.055850e+01,2.063528e+01,2.046769e+01,2.058643e+01,2.062830e+01,2.061434e+01,2.048865e+01,2.061434e+01,2.053057e+01,2.046769e+01,2.049564e+01,2.049564e+01,2.050961e+01,2.053755e+01,2.057944e+01,2.060736e+01,2.060736e+01,2.040477e+01,2.046769e+01,2.042575e+01,2.040477e+01,2.046070e+01,2.040477e+01,2.043973e+01,2.054453e+01,2.050262e+01,2.038379e+01,2.043274e+01,2.036280e+01,2.040477e+01,2.029982e+01,2.039078e+01,2.022278e+01,2.039078e+01,2.036980e+01,2.039078e+01,2.041875e+01,2.046070e+01,2.050262e+01,2.041176e+01,2.043973e+01,2.047468e+01,2.055850e+01,2.052358e+01,2.055850e+01,2.054453e+01,2.064923e+01,2.057944e+01,2.052358e+01,2.048865e+01,2.072594e+01,2.055850e+01,2.064923e+01,2.064225e+01,2.065621e+01,2.067016e+01,2.065621e+01,2.065621e+01,2.060039e+01,2.067713e+01,2.070502e+01,2.064225e+01,2.057246e+01,2.062132e+01,2.062132e+01,2.062132e+01,2.053755e+01,2.053755e+01,2.055152e+01,2.062132e+01,2.059340e+01,2.058643e+01,2.066318e+01,2.060736e+01,2.056548e+01,2.062830e+01,2.059340e+01,2.056548e+01,2.080955e+01,2.050262e+01,2.070502e+01,2.053057e+01,2.067713e+01,2.053755e+01,2.055850e+01,2.052358e+01,2.066318e+01,2.066318e+01,2.052358e+01,2.055850e+01,2.069108e+01,2.057944e+01,2.056548e+01,2.057246e+01,2.052358e+01,2.057246e+01,2.053755e+01,2.052358e+01,2.047468e+01,2.046769e+01,2.057246e+01,2.053755e+01,2.060736e+01,2.064923e+01,2.058643e+01,2.060736e+01,2.058643e+01,2.052358e+01,2.056548e+01,2.056548e+01,2.063528e+01,2.070502e+01,2.053057e+01,2.055850e+01,2.067016e+01,2.058643e+01,2.080259e+01,2.092789e+01,2.092093e+01,2.083741e+01,2.091398e+01,2.108083e+01,2.108083e+01,2.102524e+01,2.097658e+01,2.097658e+01,2.109472e+01,2.108777e+01,2.114333e+01,2.115721e+01,2.101134e+01,2.104609e+01,2.101829e+01,2.105304e+01,2.105304e+01,2.097658e+01,2.115721e+01,2.096267e+01,2.092789e+01,2.108083e+01,2.111555e+01,2.101134e+01,2.105304e+01,2.099048e+01,2.096267e+01,2.094876e+01,2.094876e+01,2.082348e+01,2.096962e+01,2.083741e+01,2.083045e+01,2.093485e+01,2.098353e+01,2.094180e+01,2.099048e+01,2.094180e+01,2.108083e+01,2.101134e+01,2.117803e+01,2.113638e+01,2.105999e+01,2.112250e+01,2.108083e+01,2.101134e+01,2.107388e+01,2.096962e+01,2.106693e+01,2.105999e+01,2.115721e+01,2.115721e+01,2.112944e+01,2.112250e+01,2.112944e+01,2.098353e+01,2.112250e+01,2.096962e+01,2.110861e+01,2.105999e+01,2.131673e+01,2.119191e+01,2.131673e+01,2.113638e+01,2.108777e+01,2.110166e+01,2.110861e+01,2.117803e+01,2.096962e+01,2.077472e+01,2.119885e+01,2.094180e+01,2.096267e+01,2.099744e+01,2.088614e+01,2.092789e+01,2.085830e+01,2.094876e+01,2.092093e+01,2.086526e+01,2.080955e+01,2.099744e+01,2.085134e+01,2.087918e+01,2.099744e+01,2.086526e+01,2.084437e+01,2.083045e+01,2.083045e+01,2.088614e+01,2.088614e+01,2.088614e+01,2.077472e+01,2.085134e+01,2.103219e+01,2.085830e+01,2.091398e+01,2.083045e+01,2.088614e+01,2.090006e+01,2.086526e+01,2.099744e+01,2.078866e+01,2.087222e+01,2.078169e+01,2.083741e+01,2.080259e+01,2.091398e+01,2.084437e+01,2.061434e+01,2.064225e+01,2.071897e+01,2.076775e+01,2.075382e+01,2.070502e+01,2.051660e+01,2.044672e+01,2.054453e+01,2.045371e+01,2.039778e+01,2.046769e+01,2.040477e+01,2.043274e+01,2.053755e+01,2.047468e+01,2.052358e+01,2.055850e+01,2.049564e+01,2.046769e+01,2.060736e+01,2.056548e+01,2.057944e+01,2.057246e+01,2.056548e+01,2.046070e+01,2.043274e+01,2.042575e+01,2.050961e+01,2.056548e+01,2.050262e+01,2.050961e+01,2.057944e+01,2.058643e+01,2.054453e+01,2.050961e+01,2.053755e+01,2.053057e+01,2.057246e+01,2.049564e+01,2.046769e+01,2.053755e+01,2.043973e+01,2.055850e+01,2.054453e+01,2.060039e+01,2.058643e+01,2.062830e+01,2.054453e+01,2.062132e+01,2.064225e+01,2.052358e+01,2.054453e+01,2.050262e+01,2.047468e+01,2.048166e+01,2.048865e+01,2.050262e+01,2.050262e+01,2.065621e+01,2.060736e+01,2.043973e+01,2.048166e+01,2.049564e+01,2.063528e+01,2.057246e+01,2.048865e+01,2.047468e+01,2.043274e+01,2.071897e+01,2.074685e+01,2.043274e+01,2.048865e+01,2.030682e+01,2.057944e+01,2.052358e+01,2.043274e+01,2.051660e+01,2.057944e+01,2.044672e+01,2.057246e+01,2.042575e+01,2.051660e+01,2.049564e+01,2.058643e+01,2.050961e+01,2.043973e+01,2.010362e+01,2.045371e+01,2.041875e+01,2.066318e+01,2.039078e+01,2.044672e+01,2.057246e+01,2.039778e+01,2.061434e+01,2.049564e+01,2.050262e+01,2.043973e+01,2.052358e+01,2.056548e+01,2.051660e+01,2.046769e+01,2.053057e+01,2.049564e+01,2.076775e+01,2.045371e+01,2.052358e+01,2.060039e+01
2.065621e+01,2.067713e+01,2.052358e+01,2.069805e+01,2.064923e+01,2.063528e+01,2.069805e+01,2.069805e+01,2.055850e+01,2.050961e+01,2.078169e+01,2.078866e+01,2.079562e+01,2.066318e+01,2.065621e+01,2.063528e+01,2.062830e+01,2.073291e+01,2.069805e+01,2.070502e+01,2.073291e+01,2.074685e+01,2.070502e+01,2.076079e+01,2.069108e+01,2.064923e+01,2.085830e+01,2.067713e+01,2.064225e+01,2.067016e+01,2.064225e+01,2.080955e+01,2.069805e+01,2.082348e+01,2.073988e+01,2.071200e+01,2.074685e+01,2.095572e+01,2.060736e+01,2.074685e+01,2.062132e+01,2.076775e+01,2.076079e+01,2.073988e+01,2.074685e+01,2.071200e+01,2.087918e+01,2.076775e+01,2.087222e+01,2.085830e+01,2.083045e+01,2.083045e+01,2.078169e+01,2.072594e+01,2.069805e+01,2.072594e+01,2.067016e+01,2.067016e+01,2.078866e+01,2.059340e+01,2.068410e+01,2.067713e+01,2.082348e+01,2.073291e+01,2.083045e+01,2.069108e+01,2.067016e+01,2.067713e+01,2.074685e+01,2.069805e+01,2.069108e+01,2.071897e+01,2.066318e+01,2.071200e+01,2.057944e+01,2.062830e+01,2.067016e+01,2.053755e+01,2.072594e+01,2.068410e+01,2.067016e+01,2.073291e+01,2.055850e+01,2.057246e+01,2.072594e+01,2.076079e+01,2.082348e+01,2.069108e+01,2.069108e+01,2.060736e+01,2.067713e+01,2.065621e+01,2.062830e+01,2.068410e+01,2.063528e+01,2.062830e+01,2.060736e+01,2.068410e+01,2.071897e+01,2.064923e+01,2.059340e+01,2.058643e+01,2.062830e+01,2.066318e+01,2.057944e+01,2.069805e+01,2.065621e+01,2.058643e+01,2.057246e+01,2.054453e+01,2.060039e+01,2.062132e+01,2.070502e+01,2.060039e+01,2.066318e+01,2.096267e+01,2.070502e+01,2.071897e+01,2.077472e+01,2.087222e+01,2.108083e+01,2.097658e+01,2.065621e+01,2.060039e+01,2.067713e+01,2.059340e+01,2.059340e+01,2.052358e+01,2.063528e+01,2.061434e+01,2.073291e+01,2.051660e+01,2.050262e+01,2.069805e+01,2.060039e+01,2.062830e+01,2.066318e+01,2.060736e+01,2.059340e+01,2.069805e+01,2.073988e+01,2.057246e+01,2.074685e+01,2.062132e+01,2.062132e+01,2.066318e+01,2.071200e+01,2.064225e+01,2.064225e+01,2.062830e+01,2.064225e+01,2.064225e+01,2.062132e+01,2.061434e+01,2.067713e+01,2.064225e+01,2.067016e+01,2.050961e+01,2.059340e+01,2.058643e+01,2.062830e+01,2.061434e+01,2.044672e+01,2.062132e+01,2.059340e+01,2.062132e+01,2.057246e+01,2.053755e+01,2.057246e+01,2.055850e+01,2.051660e+01,2.050262e+01,2.048166e+01,2.047468e+01,2.067016e+01,2.048166e+01,2.072594e+01,2.055850e+01,2.050961e+01,2.050262e+01,2.055152e+01,2.048865e+01,2.053755e+01,2.056548e+01,2.056548e+01,2.055152e+01,2.048166e+01,2.048865e+01,2.048865e+01,2.059340e+01,2.056548e+01,2.043274e+01,2.049564e+01,2.055152e+01,2.054453e+01,2.044672e+01,2.050961e+01,2.048166e+01,2.047468e+01,2.049564e+01,2.045371e+01,2.046070e+01,2.043973e+01,2.041176e+01,2.052358e+01,2.046769e+01,2.053057e+01,2.050961e+01,2.050961e+01,2.057944e+01,2.048166e+01,2.043274e+01,2.051660e+01,2.059340e+01,2.058643e+01,2.048166e+01,2.052358e+01,2.046070e+01,2.053755e+01,2.041176e+01,2.038379e+01,2.043973e+01,2.047468e+01,2.050961e+01,2.046769e+01,2.050961e+01,2.041875e+01,2.041176e+01,2.051660e+01,2.053057e+01,2.053057e+01,2.048865e+01,2.047468e+01,2.046769e+01,2.037679e+01,2.039778e+01,2.038379e+01,2.037679e+01,2.024380e+01,2.027881e+01,2.023680e+01,2.022979e+01,2.020177e+01,2.006152e+01,2.011764e+01,2.032082e+01,2.027181e+01,2.008257e+01,2.008257e+01,1.999133e+01,2.001941e+01,2.001239e+01,1.996324e+01,1.985782e+01,1.987892e+01,1.983673e+01,1.975230e+01,1.942800e+01,1.955502e+01,1.956207e+01,1.968189e+01,1.973822e+01,1.974526e+01,2.004047e+01,2.008257e+01,1.996324e+01,2.008257e+01,2.029982e+01,2.035581e+01,2.058643e+01,2.048865e+01,2.044672e+01,2.054453e+01,2.065621e+01,2.053057e+01,2.062132e+01,2.059340e+01,2.073291e+01,2.075382e+01,2.065621e+01,2.063528e+01,2.062830e+01,2.064923e+01,2.066318e+01,2.067016e+01,2.065621e+01,2.067016e+01,2.068410e+01,2.060736e+01,2.066318e+01,2.073988e+01,2.064923e+01,2.069108e+01,2.073988e+01,2.068410e+01,2.070502e+01,2.067016e+01,2.081652e+01,2.068410e+01,2.071897e+01,2.065621e+01,2.069108e+01,2.067713e+01,2.070502e+01,2.057246e+01,2.056548e+01,2.057944e+01,2.059340e+01,2.058643e+01,2.061434e+01,2.058643e+01,2.052358e+01,2.055152e+01,2.063528e+01,2.067016e+01,2.055850e+01,2.053057e+01,2.057246e+01,2.056548e+01,2.056548e+01,2.057246e+01,2.051660e+01,2.049564e+01,2.050262e+01,2.043274e+01,2.055152e+01,2.054453e+01,2.041875e+01,2.040477e+01,2.048865e+01,2.055152e+01,2.044672e+01,2.053057e+01,2.052358e+01,2.032082e+01,2.035581e+01,2.036980e+01,2.037679e+01,2.040477e+01,2.042575e+01,2.031382e+01,2.043274e+01,2.039078e+01,2.048166e+01,2.046769e+01,2.046070e+01,2.048166e+01,2.051660e+01,2.051660e+01,2.054453e+01,2.064225e+01,2.056548e+01,2.057944e+01,2.063528e+01,2.064225e+01,2.065621e+01,2.076079e+01,2.071200e+01,2.072594e+01,2.068410e+01,2.072594e+01,2.073988e+01,2.076079e+01,2.078866e+01,2.078866e+01,2.063528e+01,2.071897e+01,2.053755e+01,2.069805e+01,2.076079e+01,2.060039e+01,2.069805e+01,2.065621e+01,2.058643e+01,2.057944e+01,2.067016e+01,2.072594e+01,2.073291e+01,2.071200e+01,2.086526e+01,2.073988e+01,2.082348e+01,2.077472e+01,2.085830e+01,2.076775e+01,2.051660e+01,2.076775e+01,2.064923e+01,2.057944e+01,2.065621e+01,2.054453e+01,2.058643e+01,2.065621e+01,2.057246e+01,2.061434e+01,2.060736e+01,2.059340e+01,2.057246e+01,2.058643e+01,2.069805e+01,2.063528e+01,2.055850e+01,2.057246e+01,2.050961e+01,2.068410e+01,2.055152e+01,2.052358e+01,2.060736e+01,2.063528e+01,2.064225e+01,2.077472e+01,2.058643e+01,2.059340e+01,2.067016e+01,2.062830e+01,2.087918e+01,2.062132e+01,2.055152e+01,2.071200e+01,2.080259e+01,2.104609e+01,2.094180e+01,2.088614e+01,2.104609e+01,2.093485e+01,2.093485e+01,2.093485e+01,2.094180e+01,2.100439e+01,2.108083e+01,2.112250e+01,2.119885e+01,2.108083e+01,2.111555e+01,2.112250e+01,2.108777e+01,2.106693e+01,2.107388e+01,2.123353e+01,2.093485e+01,2.115027e+01,2.091398e+01,2.097658e+01,2.098353e+01,2.098353e+01,2.094180e+01,2.095572e+01,2.091398e+01,2.094876e+01,2.092093e+01,2.100439e+01,2.096962e+01,2.099744e+01,2.093485e+01,2.085830e+01,2.109472e+01,2.104609e+01,2.104609e+01,2.115721e+01,2.119885e+01,2.121966e+01,2.119191e+01,2.122660e+01,2.125434e+01,2.103914e+01,2.114333e+01,2.098353e+01,2.097658e+01,2.099048e+01,2.124740e+01,2.105304e+01,2.119885e+01,2.130287e+01,2.112250e+01,2.110861e+01,2.111555e+01,2.119885e+01,2.113638e+01,2.115721e+01,2.111555e+01,2.108777e+01,2.103219e+01,2.112250e+01,2.121966e+01,2.111555e+01,2.110861e+01,2.110861e+01,2.108777e+01,2.103914e+01,2.101829e+01,2.117109e+01,2.101829e+01,2.096962e+01,2.114333e+01,2.098353e+01,2.097658e+01,2.092789e+01,2.092789e+01,2.078169e+01,2.097658e+01,2.085830e+01,2.075382e+01,2.092789e+01,2.094180e+01,2.085830e+01,2.091398e+01,2.096962e+01,2.099048e+01,2.095572e+01,2.090702e+01,2.092093e+01,2.096962e+01,2.087918e+01,2.098353e+01,2.087918e+01,2.088614e+01,2.085134e+01,2.088614e+01,2.099048e+01,2.085134e+01,2.083045e+01,2.081652e+01,2.090702e+01,2.087918e+01,2.103219e+01,2.093485e+01,2.086526e+01,2.102524e+01,2.085830e+01,2.091398e+01,2.083045e+01,2.080259e+01,2.061434e+01,2.070502e+01,2.071897e+01,2.092789e+01,2.070502e+01,2.046070e+01,2.062132e+01,2.046070e+01,2.057246e+01,2.041875e+01,2.053057e+01,2.034181e+01,2.055850e+01,2.057944e+01,2.053755e+01,2.053057e+01,2.055152e+01,2.053755e+01,2.050262e+01,2.057246e+01,2.061434e+01,2.054453e+01,2.059340e+01,2.054453e+01,2.045371e+01,2.043973e+01,2.050262e+01,2.049564e+01,2.049564e+01,2.048865e+01,2.052358e+01,2.050961e+01,2.055850e+01,2.059340e+01,2.057246e+01,2.039778e+01,2.034881e+01,2.052358e+01,2.049564e+01,2.058643e+01,2.050262e+01,2.056548e+01,2.054453e+01,2.056548e+01,2.062132e+01,2.060039e+01,2.057246e+01,2.040477e+01,2.057246e+01,2.046769e+01,2.042575e+01,2.062830e+01,2.043274e+01,2.050961e+01,2.055850e+01,2.059340e+01,2.059340e+01,2.057246e+01,2.054453e+01,2.053057e+01,2.059340e+01,2.056548e+01,2.052358e+01,2.054453e+01,2.045371e+01,2.057246e+01,2.071200e+01,2.043274e+01,2.045371e+01,2.046070e+01,2.039078e+01,2.050262e+01,2.048865e+01,2.057944e+01,2.052358e+01,2.048166e+01,2.048865e+01,2.052358e+01,2.058643e+01,2.041176e+01,2.055850e+01,2.054453e+01,2.043274e+01,2.046769e+01,2.057246e+01,2.041176e+01,2.059340e+01,2.046070e+01,2.047468e+01,2.053057e+01,2.052358e+01,2.059340e+01,2.044672e+01,2.055850e+01,2.057246e+01,2.049564e+01,2.059340e+01,2.050961e+01,2.057246e+01,2.054453e+01,2.060736e+01,2.055850e+01,2.050262e+01,2.057246e+01,2.058643e+01,2.048865e+01,2.053755e+01,2.055152e+01
2.065621e+01,2.050961e+01,2.064225e+01,2.068410e+01,2.051660e+01,2.061434e+01,2.065621e+01,2.062830e+01,2.062830e+01,2.080259e+01,2.077472e+01,2.059340e+01,2.068410e+01,2.064923e+01,2.063528e+01,2.074685e+01,2.060736e+01,2.064225e+01,2.058643e+01,2.092093e+01,2.071897e+01,2.053755e+01,2.070502e+01,2.046769e+01,2.068410e+01,2.069108e+01,2.078169e+01,2.078169e+01,2.062830e+01,2.064225e+01,2.071897e+01,2.080259e+01,2.076079e+01,2.071897e+01,2.071897e+01,2.083045e+01,2.078866e+01,2.073988e+01,2.065621e+01,2.072594e+01,2.064923e+01,2.064225e+01,2.067713e+01,2.064923e+01,2.071200e+01,2.074685e+01,2.071897e+01,2.084437e+01,2.087222e+01,2.084437e+01,2.087918e+01,2.083741e+01,2.076775e+01,2.092093e+01,2.071897e+01,2.071200e+01,2.068410e+01,2.063528e+01,2.067016e+01,2.071200e+01,2.074685e+01,2.070502e+01,2.078866e+01,2.074685e+01,2.070502e+01,2.071200e+01,2.066318e+01,2.060736e+01,2.075382e+01,2.083045e+01,2.069108e+01,2.062132e+01,2.066318e+01,2.074685e+01,2.065621e+01,2.060736e+01,2.069108e+01,2.076079e+01,2.074685e+01,2.058643e+01,2.065621e+01,2.072594e+01,2.062132e+01,2.073291e+01,2.077472e+01,2.069108e+01,2.069108e+01,2.071897e+01,2.068410e+01,2.059340e+01,2.067016e+01,2.061434e+01,2.068410e+01,2.070502e+01,2.071897e+01,2.066318e+01,2.063528e+01,2.057944e+01,2.069805e+01,2.067016e+01,2.066318e+01,2.068410e+01,2.054453e+01,2.064923e+01,2.067016e+01,2.061434e+01,2.045371e+01,2.052358e+01,2.060736e+01,2.056548e+01,2.058643e+01,2.057246e+01,2.048865e+01,2.057246e+01,2.048865e+01,2.067713e+01,2.063528e+01,2.067713e+01,2.069108e+01,2.088614e+01,2.108083e+01,2.092789e+01,2.062132e+01,2.055850e+01,2.053057e+01,2.053755e+01,2.055152e+01,2.057246e+01,2.060039e+01,2.063528e+01,2.062830e+01,2.065621e+01,2.048865e+01,2.055850e+01,2.052358e+01,2.055850e+01,2.065621e+01,2.058643e+01,2.056548e+01,2.060039e+01,2.060039e+01,2.058643e+01,2.054453e+01,2.060736e+01,2.062830e+01,2.057246e+01,2.069108e+01,2.064225e+01,2.062830e+01,2.050961e+01,2.062132e+01,2.068410e+01,2.064225e+01,2.064225e+01,2.061434e+01,2.056548e+01,2.067016e+01,2.048865e+01,2.067016e+01,2.060039e+01,2.063528e+01,2.060039e+01,2.069108e+01,2.047468e+01,2.062830e+01,2.064923e+01,2.064225e+01,2.049564e+01,2.060736e+01,2.043973e+01,2.055152e+01,2.062830e+01,2.050961e+01,2.067713e+01,2.041875e+01,2.047468e+01,2.049564e+01,2.053755e+01,2.047468e+01,2.050262e+01,2.055152e+01,2.043274e+01,2.055152e+01,2.061434e+01,2.058643e+01,2.067016e+01,2.053755e+01,2.052358e+01,2.048166e+01,2.054453e+01,2.057246e+01,2.057944e+01,2.056548e+01,2.048865e+01,2.056548e+01,2.053755e+01,2.049564e+01,2.045371e+01,2.048166e+01,2.047468e+01,2.044672e+01,2.044672e+01,2.043973e+01,2.049564e+01,2.039778e+01,2.051660e+01,2.039778e+01,2.048865e+01,2.049564e+01,2.056548e+01,2.045371e+01,2.052358e+01,2.055152e+01,2.044672e+01,2.043274e+01,2.048166e+01,2.041875e+01,2.049564e+01,2.045371e+01,2.046769e+01,2.037679e+01,2.048865e+01,2.046070e+01,2.046769e+01,2.050961e+01,2.046070e+01,2.045371e+01,2.036280e+01,2.041176e+01,2.052358e+01,2.045371e+01,2.041176e+01,2.039078e+01,2.047468e+01,2.036980e+01,2.031382e+01,2.029982e+01,2.018775e+01,2.023680e+01,2.009660e+01,2.014569e+01,2.011063e+01,2.017373e+01,2.012466e+01,1.999835e+01,2.006854e+01,2.005451e+01,2.005451e+01,2.014569e+01,2.001941e+01,1.997728e+01,2.002643e+01,1.982266e+01,1.984376e+01,1.979452e+01,1.967484e+01,1.967484e+01,1.953386e+01,1.951975e+01,1.939268e+01,1.952681e+01,1.971006e+01,1.970302e+01,1.971006e+01,1.978045e+01,2.013167e+01,2.019476e+01,2.028582e+01,2.035581e+01,2.028582e+01,2.032082e+01,2.045371e+01,2.054453e+01,2.052358e+01,2.055850e+01,2.054453e+01,2.058643e+01,2.063528e+01,2.062830e+01,2.064225e+01,2.071200e+01,2.058643e+01,2.062132e+01,2.064923e+01,2.067016e+01,2.077472e+01,2.069108e+01,2.064923e+01,2.067016e+01,2.067016e+01,2.064225e+01,2.069805e+01,2.065621e+01,2.067713e+01,2.080955e+01,2.071200e+01,2.066318e+01,2.083045e+01,2.066318e+01,2.070502e+01,2.071200e+01,2.068410e+01,2.062830e+01,2.055850e+01,2.060039e+01,2.050961e+01,2.067016e+01,2.050262e+01,2.052358e+01,2.057246e+01,2.064923e+01,2.056548e+01,2.059340e+01,2.053755e+01,2.051660e+01,2.055152e+01,2.060736e+01,2.061434e+01,2.064225e+01,2.058643e+01,2.060039e+01,2.045371e+01,2.040477e+01,2.044672e+01,2.044672e+01,2.041176e+01,2.024380e+01,2.046769e+01,2.039778e+01,2.041176e+01,2.050262e+01,2.039078e+01,2.034181e+01,2.051660e+01,2.034181e+01,2.021578e+01,2.034181e+01,2.040477e+01,2.036980e+01,2.039778e+01,2.032782e+01,2.048166e+01,2.028582e+01,2.027181e+01,2.046070e+01,2.037679e+01,2.047468e+01,2.039078e+01,2.034881e+01,2.069108e+01,2.069805e+01,2.053057e+01,2.061434e+01,2.061434e+01,2.067713e+01,2.062830e+01,2.062830e+01,2.064225e+01,2.059340e+01,2.072594e+01,2.064923e+01,2.062132e+01,2.069108e+01,2.061434e+01,2.096267e+01,2.072594e+01,2.078866e+01,2.077472e+01,2.072594e+01,2.075382e+01,2.065621e+01,2.064225e+01,2.063528e+01,2.069108e+01,2.071200e+01,2.064923e+01,2.068410e+01,2.061434e+01,2.080259e+01,2.078866e+01,2.069108e+01,2.067016e+01,2.075382e+01,2.057944e+01,2.074685e+01,2.072594e+01,2.057944e+01,2.057944e+01,2.051660e+01,2.057246e+01,2.054453e+01,2.069108e+01,2.065621e+01,2.057944e+01,2.062132e+01,2.062132e+01,2.059340e+01,2.064923e+01,2.062830e+01,2.055152e+01,2.059340e+01,2.051660e+01,2.060039e+01,2.052358e+01,2.055850e+01,2.057246e+01,2.058643e+01,2.051660e+01,2.051660e+01,2.056548e+01,2.060039e+01,2.075382e+01,2.061434e+01,2.054453e+01,2.041875e+01,2.048865e+01,2.057944e+01,2.057944e+01,2.058643e+01,2.057246e+01,2.106693e+01,2.091398e+01,2.096267e+01,2.088614e+01,2.093485e+01,2.093485e+01,2.108777e+01,2.100439e+01,2.095572e+01,2.098353e+01,2.101134e+01,2.103914e+01,2.099744e+01,2.114333e+01,2.104609e+01,2.094180e+01,2.094180e+01,2.105999e+01,2.124047e+01,2.096962e+01,2.093485e+01,2.097658e+01,2.092093e+01,2.097658e+01,2.098353e+01,2.094180e+01,2.097658e+01,2.094180e+01,2.092093e+01,2.098353e+01,2.092093e+01,2.080955e+01,2.108777e+01,2.090702e+01,2.095572e+01,2.091398e+01,2.107388e+01,2.114333e+01,2.116415e+01,2.116415e+01,2.129594e+01,2.118497e+01,2.117109e+01,2.116415e+01,2.111555e+01,2.111555e+01,2.105304e+01,2.106693e+01,2.103219e+01,2.126821e+01,2.110166e+01,2.103914e+01,2.110166e+01,2.103914e+01,2.106693e+01,2.107388e+01,2.110861e+01,2.105304e+01,2.106693e+01,2.097658e+01,2.112944e+01,2.105304e+01,2.112250e+01,2.110166e+01,2.117803e+01,2.110861e+01,2.107388e+01,2.109472e+01,2.105999e+01,2.101829e+01,2.101134e+01,2.099048e+01,2.102524e+01,2.101829e+01,2.099048e+01,2.096962e+01,2.098353e+01,2.088614e+01,2.095572e+01,2.092789e+01,2.080259e+01,2.076079e+01,2.087918e+01,2.091398e+01,2.089310e+01,2.075382e+01,2.092093e+01,2.091398e+01,2.091398e+01,2.079562e+01,2.085830e+01,2.093485e+01,2.091398e+01,2.087222e+01,2.085830e+01,2.097658e+01,2.084437e+01,2.095572e+01,2.098353e+01,2.085134e+01,2.092093e+01,2.099048e+01,2.090006e+01,2.087222e+01,2.101829e+01,2.090702e+01,2.095572e+01,2.092789e+01,2.079562e+01,2.090006e+01,2.083741e+01,2.087918e+01,2.069108e+01,2.076775e+01,2.081652e+01,2.094876e+01,2.071200e+01,2.045371e+01,2.046070e+01,2.051660e+01,2.042575e+01,2.053755e+01,2.053755e+01,2.035581e+01,2.036280e+01,2.036980e+01,2.048166e+01,2.049564e+01,2.041176e+01,2.055850e+01,2.055152e+01,2.056548e+01,2.041176e+01,2.054453e+01,2.048166e+01,2.044672e+01,2.049564e+01,2.047468e+01,2.055152e+01,2.046769e+01,2.040477e+01,2.039078e+01,2.050961e+01,2.045371e+01,2.044672e+01,2.048865e+01,2.049564e+01,2.059340e+01,2.056548e+01,2.059340e+01,2.055850e+01,2.048166e+01,2.058643e+01,2.055152e+01,2.050262e+01,2.048865e+01,2.057246e+01,2.054453e+01,2.054453e+01,2.057944e+01,2.046769e+01,2.056548e+01,2.047468e+01,2.055850e+01,2.048166e+01,2.056548e+01,2.050961e+01,2.050961e+01,2.060039e+01,2.049564e+01,2.050262e+01,2.053057e+01,2.054453e+01,2.051660e+01,2.051660e+01,2.051660e+01,2.052358e+01,2.043973e+01,2.036280e+01,2.043973e+01,2.036280e+01,2.030682e+01,2.057246e+01,2.051660e+01,2.053057e+01,2.055152e+01,2.043274e+01,2.048865e+01,2.048166e+01,2.046070e+01,2.039078e+01,2.038379e+01,2.055850e+01,2.055152e+01,2.043973e+01,2.053755e+01,2.053057e+01,2.042575e+01,2.060736e+01,2.043274e+01,2.048166e+01,2.056548e+01,2.053755e+01,2.065621e+01,2.051660e+01,2.060736e+01,2.060736e+01,2.060736e+01,2.058643e+01,2.053755e+01,2.058643e+01,2.051660e+01,2.055152e+01,2.046070e+01,2.040477e+01,2.039778e+01,2.061434e+01,2.057944e+01,2.050961e+01,2.052358e+01
2.048865e+01,2.059340e+01,2.064923e+01,2.050262e+01,2.067713e+01,2.063528e+01,2.064225e+01,2.064225e+01,2.047468e+01,2.073291e+01,2.043973e+01,2.076079e+01,2.062132e+01,2.060736e+01,2.074685e+01,2.064923e+01,2.064225e+01,2.055850e+01,2.058643e+01,2.067713e+01,2.067713e+01,2.071897e+01,2.085830e+01,2.055152e+01,2.096962e+01,2.087222e+01,2.064225e+01,2.055850e+01,2.074685e+01,2.073291e+01,2.079562e+01,2.080955e+01,2.073988e+01,2.076079e+01,2.080259e+01,2.083045e+01,2.070502e+01,2.069805e+01,2.065621e+01,2.068410e+01,2.075382e+01,2.073291e+01,2.076775e+01,2.067016e+01,2.071897e+01,2.078866e+01,2.077472e+01,2.085830e+01,2.091398e+01,2.081652e+01,2.091398e+01,2.076079e+01,2.076079e+01,2.071897e+01,2.068410e+01,2.071897e+01,2.081652e+01,2.080955e+01,2.082348e+01,2.074685e+01,2.063528e+01,2.069108e+01,2.067713e+01,2.077472e+01,2.064923e+01,2.068410e+01,2.077472e+01,2.067016e+01,2.069108e+01,2.065621e+01,2.067713e+01,2.059340e+01,2.060039e+01,2.062830e+01,2.064225e+01,2.067713e+01,2.071897e+01,2.072594e+01,2.075382e+01,2.073291e+01,2.069108e+01,2.078169e+01,2.071897e+01,2.066318e+01,2.069805e+01,2.062830e+01,2.071897e+01,2.068410e+01,2.065621e+01,2.056548e+01,2.055850e+01,2.053755e+01,2.069108e+01,2.064923e+01,2.064923e+01,2.057944e+01,2.069805e+01,2.068410e+01,2.060736e+01,2.067713e+01,2.055152e+01,2.056548e+01,2.054453e+01,2.066318e+01,2.060039e+01,2.061434e+01,2.065621e+01,2.052358e+01,2.056548e+01,2.061434e+01,2.072594e+01,2.061434e+01,2.061434e+01,2.058643e+01,2.046769e+01,2.049564e+01,2.062132e+01,2.067713e+01,2.069805e+01,2.087222e+01,2.107388e+01,2.090006e+01,2.066318e+01,2.057246e+01,2.060736e+01,2.055850e+01,2.065621e+01,2.051660e+01,2.050961e+01,2.048865e+01,2.062830e+01,2.060736e+01,2.062132e+01,2.069805e+01,2.050961e+01,2.055152e+01,2.064923e+01,2.057944e+01,2.055850e+01,2.058643e+01,2.057246e+01,2.064923e+01,2.073291e+01,2.066318e+01,2.078169e+01,2.064923e+01,2.067713e+01,2.054453e+01,2.059340e+01,2.068410e+01,2.064923e+01,2.080955e+01,2.063528e+01,2.063528e+01,2.067016e+01,2.071200e+01,2.068410e+01,2.061434e+01,2.059340e+01,2.057246e+01,2.059340e+01,2.060736e+01,2.060039e+01,2.056548e+01,2.058643e+01,2.064225e+01,2.061434e+01,2.060736e+01,2.053057e+01,2.059340e+01,2.057944e+01,2.039778e+01,2.052358e+01,2.055152e+01,2.050262e+01,2.054453e+01,2.052358e+01,2.036280e+01,2.050961e+01,2.051660e+01,2.053057e+01,2.050961e+01,2.063528e+01,2.067016e+01,2.065621e+01,2.063528e+01,2.053057e+01,2.046769e+01,2.053057e+01,2.056548e+01,2.055850e+01,2.055850e+01,2.055850e+01,2.043973e+01,2.057246e+01,2.044672e+01,2.053057e+01,2.049564e+01,2.048166e+01,2.046769e+01,2.046070e+01,2.047468e+01,2.043274e+01,2.041875e+01,2.052358e+01,2.041176e+01,2.051660e+01,2.052358e+01,2.039778e+01,2.053057e+01,2.050262e+01,2.043973e+01,2.060736e+01,2.057944e+01,2.055850e+01,2.046769e+01,2.052358e+01,2.054453e+01,2.043973e+01,2.050262e+01,2.048166e+01,2.048865e+01,2.050262e+01,2.040477e+01,2.051660e+01,2.050262e+01,2.043274e+01,2.048166e+01,2.048865e+01,2.056548e+01,2.050961e+01,2.043274e+01,2.044672e+01,2.041176e+01,2.044672e+01,2.036280e+01,2.025781e+01,2.030682e+01,2.018074e+01,2.017373e+01,2.018074e+01,2.013167e+01,2.017373e+01,2.011063e+01,2.003345e+01,2.017373e+01,2.011063e+01,2.020177e+01,2.022979e+01,2.004749e+01,2.005451e+01,1.999835e+01,1.993514e+01,2.001941e+01,1.975934e+01,1.964666e+01,1.965371e+01,1.959733e+01,1.947036e+01,1.939975e+01,1.944918e+01,1.954797e+01,1.968893e+01,1.995621e+01,1.995621e+01,1.994919e+01,2.013868e+01,2.022278e+01,2.032082e+01,2.046070e+01,2.041875e+01,2.060736e+01,2.041176e+01,2.053057e+01,2.054453e+01,2.062830e+01,2.067016e+01,2.067016e+01,2.062830e+01,2.068410e+01,2.069108e+01,2.062132e+01,2.070502e+01,2.073291e+01,2.065621e+01,2.071200e+01,2.071897e+01,2.067713e+01,2.068410e+01,2.067016e+01,2.067713e+01,2.066318e+01,2.062132e+01,2.086526e+01,2.066318e+01,2.066318e+01,2.069108e+01,2.077472e+01,2.068410e+01,2.069108e+01,2.071200e+01,2.062830e+01,2.058643e+01,2.059340e+01,2.059340e+01,2.066318e+01,2.062132e+01,2.047468e+01,2.056548e+01,2.062132e+01,2.060736e+01,2.054453e+01,2.064225e+01,2.050262e+01,2.050961e+01,2.062830e+01,2.058643e+01,2.054453e+01,2.057246e+01,2.062132e+01,2.059340e+01,2.047468e+01,2.046070e+01,2.044672e+01,2.057246e+01,2.043973e+01,2.065621e+01,2.048865e+01,2.063528e+01,2.054453e+01,2.042575e+01,2.039778e+01,2.050262e+01,2.053057e+01,2.036980e+01,2.040477e+01,2.036980e+01,2.034181e+01,2.041176e+01,2.041875e+01,2.037679e+01,2.053755e+01,2.048166e+01,2.046070e+01,2.048865e+01,2.039078e+01,2.050262e+01,2.049564e+01,2.056548e+01,2.053057e+01,2.051660e+01,2.056548e+01,2.064225e+01,2.064225e+01,2.055152e+01,2.054453e+01,2.057246e+01,2.062830e+01,2.071897e+01,2.078169e+01,2.069805e+01,2.064225e+01,2.077472e+01,2.071200e+01,2.079562e+01,2.076775e+01,2.078866e+01,2.078866e+01,2.074685e+01,2.076079e+01,2.075382e+01,2.074685e+01,2.059340e+01,2.069108e+01,2.076775e+01,2.080259e+01,2.076079e+01,2.081652e+01,2.083741e+01,2.080259e+01,2.064225e+01,2.078169e+01,2.080955e+01,2.076775e+01,2.080955e+01,2.078866e+01,2.064225e+01,2.067713e+01,2.067016e+01,2.066318e+01,2.055152e+01,2.062132e+01,2.063528e+01,2.063528e+01,2.062132e+01,2.078866e+01,2.061434e+01,2.066318e+01,2.054453e+01,2.064225e+01,2.059340e+01,2.061434e+01,2.053057e+01,2.064225e+01,2.053755e+01,2.060736e+01,2.058643e+01,2.069108e+01,2.072594e+01,2.068410e+01,2.060039e+01,2.060736e+01,2.064923e+01,2.064923e+01,2.050961e+01,2.067016e+01,2.060039e+01,2.055850e+01,2.057246e+01,2.064225e+01,2.104609e+01,2.107388e+01,2.106693e+01,2.110861e+01,2.115027e+01,2.110166e+01,2.105304e+01,2.096962e+01,2.083741e+01,2.096962e+01,2.099048e+01,2.094180e+01,2.091398e+01,2.092789e+01,2.088614e+01,2.105304e+01,2.091398e+01,2.095572e+01,2.101134e+01,2.100439e+01,2.099744e+01,2.097658e+01,2.092789e+01,2.096267e+01,2.095572e+01,2.094180e+01,2.094876e+01,2.090006e+01,2.107388e+01,2.099744e+01,2.103914e+01,2.097658e+01,2.085134e+01,2.090702e+01,2.112250e+01,2.117109e+01,2.121272e+01,2.114333e+01,2.132366e+01,2.125434e+01,2.122660e+01,2.121272e+01,2.121272e+01,2.113638e+01,2.108083e+01,2.104609e+01,2.100439e+01,2.110861e+01,2.109472e+01,2.108777e+01,2.112250e+01,2.107388e+01,2.105999e+01,2.108777e+01,2.110166e+01,2.108083e+01,2.101829e+01,2.112250e+01,2.113638e+01,2.105304e+01,2.107388e+01,2.108777e+01,2.111555e+01,2.105304e+01,2.112944e+01,2.112944e+01,2.114333e+01,2.117109e+01,2.108777e+01,2.099744e+01,2.110166e+01,2.105304e+01,2.104609e+01,2.099744e+01,2.099744e+01,2.100439e+01,2.090702e+01,2.090006e+01,2.086526e+01,2.093485e+01,2.092789e+01,2.079562e+01,2.092093e+01,2.085134e+01,2.087918e+01,2.089310e+01,2.080955e+01,2.093485e+01,2.094180e+01,2.099048e+01,2.096267e+01,2.097658e+01,2.100439e+01,2.088614e+01,2.086526e+01,2.088614e+01,2.085830e+01,2.088614e+01,2.094876e+01,2.085134e+01,2.086526e+01,2.083741e+01,2.087222e+01,2.078169e+01,2.091398e+01,2.090006e+01,2.086526e+01,2.116415e+01,2.081652e+01,2.096267e+01,2.087222e+01,2.078169e+01,2.085830e+01,2.073988e+01,2.092093e+01,2.094180e+01,2.066318e+01,2.069108e+01,2.050262e+01,2.046769e+01,2.047468e+01,2.054453e+01,2.047468e+01,2.046769e+01,2.048865e+01,2.057944e+01,2.044672e+01,2.050961e+01,2.058643e+01,2.045371e+01,2.056548e+01,2.048865e+01,2.053057e+01,2.043973e+01,2.046769e+01,2.054453e+01,2.052358e+01,2.053057e+01,2.048865e+01,2.076775e+01,2.046070e+01,2.050262e+01,2.046070e+01,2.052358e+01,2.055850e+01,2.043274e+01,2.055152e+01,2.037679e+01,2.045371e+01,2.049564e+01,2.044672e+01,2.049564e+01,2.047468e+01,2.052358e+01,2.057246e+01,2.060736e+01,2.044672e+01,2.062830e+01,2.046070e+01,2.047468e+01,2.046769e+01,2.048166e+01,2.055152e+01,2.053057e+01,2.046070e+01,2.057944e+01,2.046070e+01,2.055850e+01,2.050262e+01,2.057246e+01,2.057944e+01,2.061434e+01,2.046070e+01,2.060736e+01,2.050262e+01,2.051660e+01,2.062830e+01,2.045371e+01,2.061434e+01,2.046070e+01,2.043973e+01,2.034181e+01,2.052358e+01,2.062132e+01,2.048865e+01,2.062132e+01,2.052358e+01,2.046769e+01,2.050961e+01,2.055152e+01,2.054453e+01,2.051660e+01,2.041176e+01,2.050262e+01,2.051660e+01,2.049564e+01,2.037679e+01,2.058643e+01,2.053057e+01,2.046769e+01,2.053057e+01,2.064225e+01,2.037679e+01,2.038379e+01,2.046070e+01,2.053755e+01,2.060736e+01,2.055152e+01,2.059340e+01,2.057944e+01,2.051660e+01,2.055850e+01,2.052358e+01,2.039778e+01,2.050961e+01,2.055850e+01,2.053755e+01,2.053057e+01,2.053755e+01,2.052358e+01
2.064923e+01,2.067713e+01,2.074685e+01,2.071200e+01,2.063528e+01,2.064225e+01,2.050961e+01,2.050262e+01,2.065621e+01,2.067713e+01,2.052358e+01,2.055152e+01,2.073291e+01,2.057944e+01,2.058643e+01,2.073291e+01,2.072594e+01,2.060736e+01,2.064923e+01,2.064923e+01,2.062132e+01,2.069108e+01,2.060039e+01,2.072594e+01,2.073291e+01,2.055850e+01,2.077472e+01,2.056548e+01,2.076775e+01,2.058643e+01,2.069108e+01,2.074685e+01,2.070502e+01,2.069805e+01,2.076775e+01,2.073988e+01,2.078866e+01,2.063528e+01,2.062132e+01,2.072594e+01,2.067016e+01,2.067016e+01,2.053755e+01,2.076775e+01,2.072594e+01,2.076775e+01,2.084437e+01,2.080259e+01,2.083741e+01,2.087222e+01,2.089310e+01,2.092093e+01,2.077472e+01,2.073291e+01,2.057246e+01,2.064225e+01,2.067713e+01,2.060039e+01,2.062132e+01,2.063528e+01,2.075382e+01,2.067713e+01,2.067016e+01,2.080259e+01,2.063528e+01,2.076775e+01,2.072594e+01,2.075382e+01,2.064923e+01,2.060039e+01,2.058643e+01,2.066318e+01,2.075382e+01,2.062830e+01,2.064225e+01,2.057944e+01,2.067016e+01,2.058643e+01,2.065621e+01,2.054453e+01,2.069108e+01,2.057246e+01,2.064923e+01,2.057246e+01,2.070502e+01,2.060736e+01,2.095572e+01,2.069805e+01,2.062830e+01,2.064923e+01,2.057944e+01,2.056548e+01,2.060039e+01,2.069108e+01,2.048865e+01,2.063528e+01,2.053755e+01,2.068410e+01,2.067713e+01,2.062830e+01,2.054453e+01,2.040477e+01,2.054453e+01,2.071897e+01,2.059340e+01,2.048166e+01,2.057944e+01,2.043274e+01,2.064225e+01,2.046070e+01,2.059340e+01,2.073988e+01,2.046070e+01,2.051660e+01,2.052358e+01,2.042575e+01,2.060039e+01,2.075382e+01,2.076775e+01,2.091398e+01,2.103219e+01,2.094876e+01,2.064225e+01,2.060736e+01,2.058643e+01,2.046769e+01,2.057944e+01,2.046070e+01,2.057944e+01,2.050262e+01,2.049564e+01,2.055850e+01,2.058643e+01,2.067016e+01,2.062132e+01,2.067016e+01,2.052358e+01,2.059340e+01,2.055152e+01,2.066318e+01,2.055850e+01,2.057944e+01,2.071897e+01,2.067713e+01,2.069108e+01,2.070502e+01,2.057246e+01,2.062830e+01,2.062830e+01,2.067713e+01,2.069805e+01,2.062132e+01,2.054453e+01,2.064225e+01,2.062132e+01,2.052358e+01,2.057944e+01,2.059340e+01,2.067016e+01,2.059340e+01,2.048166e+01,2.052358e+01,2.064923e+01,2.063528e+01,2.065621e+01,2.057944e+01,2.062830e+01,2.060736e+01,2.057944e+01,2.058643e+01,2.050961e+01,2.054453e+01,2.055152e+01,2.048865e+01,2.055152e+01,2.062830e+01,2.055850e+01,2.072594e+01,2.048865e+01,2.054453e+01,2.054453e+01,2.040477e+01,2.055850e+01,2.047468e+01,2.063528e+01,2.062132e+01,2.055850e+01,2.056548e+01,2.057944e+01,2.055152e+01,2.054453e+01,2.051660e+01,2.052358e+01,2.056548e+01,2.056548e+01,2.055152e+01,2.050961e+01,2.048865e+01,2.048865e+01,2.047468e+01,2.054453e+01,2.049564e+01,2.049564e+01,2.043973e+01,2.048166e+01,2.051660e+01,2.046070e+01,2.045371e+01,2.048166e+01,2.051660e+01,2.051660e+01,2.053057e+01,2.045371e+01,2.050961e+01,2.049564e+01,2.054453e+01,2.056548e+01,2.036280e+01,2.050961e+01,2.051660e+01,2.046769e+01,2.046769e+01,2.048865e+01,2.042575e+01,2.052358e+01,2.044672e+01,2.043973e+01,2.044672e+01,2.051660e+01,2.052358e+01,2.046070e+01,2.055152e+01,2.042575e+01,2.045371e+01,2.034881e+01,2.035581e+01,2.020877e+01,2.013167e+01,2.017373e+01,2.013868e+01,2.015971e+01,2.013167e+01,2.012466e+01,2.011764e+01,2.018775e+01,2.020877e+01,2.000537e+01,2.007556e+01,2.020877e+01,2.006152e+01,1.999835e+01,1.997728e+01,1.985079e+01,1.970302e+01,1.979452e+01,1.965371e+01,1.951975e+01,1.949153e+01,1.956913e+01,1.949153e+01,1.946330e+01,1.949153e+01,1.971710e+01,1.971006e+01,1.986485e+01,1.995621e+01,2.027881e+01,2.022278e+01,2.024380e+01,2.020177e+01,2.029982e+01,2.034181e+01,2.055850e+01,2.043274e+01,2.053057e+01,2.064225e+01,2.070502e+01,2.067713e+01,2.058643e+01,2.071200e+01,2.060039e+01,2.063528e+01,2.053057e+01,2.069108e+01,2.073988e+01,2.068410e+01,2.078866e+01,2.062830e+01,2.073988e+01,2.064225e+01,2.066318e+01,2.062830e+01,2.064225e+01,2.062132e+01,2.069108e+01,2.068410e+01,2.074685e+01,2.070502e+01,2.066318e+01,2.078169e+01,2.071200e+01,2.069108e+01,2.055152e+01,2.068410e+01,2.057944e+01,2.048865e+01,2.061434e+01,2.057246e+01,2.057944e+01,2.057944e+01,2.046070e+01,2.058643e+01,2.055850e+01,2.057944e+01,2.067016e+01,2.056548e+01,2.064225e+01,2.055152e+01,2.055152e+01,2.049564e+01,2.053057e+01,2.052358e+01,2.047468e+01,2.057944e+01,2.060736e+01,2.053057e+01,2.053057e+01,2.050262e+01,2.058643e+01,2.049564e+01,2.047468e+01,2.041176e+01,2.042575e+01,2.033481e+01,2.027881e+01,2.031382e+01,2.027181e+01,2.029982e+01,2.043274e+01,2.041176e+01,2.037679e+01,2.029982e+01,2.043973e+01,2.042575e+01,2.044672e+01,2.046070e+01,2.055152e+01,2.053057e+01,2.053057e+01,2.055850e+01,2.066318e+01,2.061434e+01,2.038379e+01,2.062830e+01,2.058643e+01,2.055850e+01,2.062132e+01,2.063528e+01,2.065621e+01,2.070502e+01,2.060039e+01,2.064923e+01,2.065621e+01,2.066318e+01,2.081652e+01,2.076775e+01,2.080955e+01,2.087918e+01,2.070502e+01,2.074685e+01,2.076079e+01,2.073291e+01,2.072594e+01,2.067713e+01,2.074685e+01,2.063528e+01,2.081652e+01,2.083741e+01,2.076079e+01,2.080955e+01,2.078866e+01,2.073291e+01,2.067016e+01,2.064225e+01,2.075382e+01,2.073988e+01,2.058643e+01,2.063528e+01,2.071200e+01,2.074685e+01,2.073988e+01,2.076079e+01,2.064225e+01,2.052358e+01,2.063528e+01,2.062830e+01,2.067713e+01,2.065621e+01,2.063528e+01,2.062132e+01,2.060039e+01,2.057246e+01,2.050961e+01,2.057246e+01,2.055850e+01,2.057246e+01,2.060039e+01,2.067713e+01,2.049564e+01,2.059340e+01,2.057944e+01,2.055850e+01,2.053755e+01,2.070502e+01,2.067713e+01,2.069108e+01,2.057944e+01,2.059340e+01,2.060736e+01,2.060039e+01,2.085830e+01,2.109472e+01,2.094876e+01,2.107388e+01,2.107388e+01,2.106693e+01,2.103914e+01,2.103219e+01,2.092789e+01,2.090006e+01,2.090006e+01,2.095572e+01,2.081652e+01,2.087222e+01,2.097658e+01,2.103914e+01,2.094876e+01,2.091398e+01,2.092789e+01,2.094180e+01,2.097658e+01,2.096267e+01,2.097658e+01,2.094876e+01,2.079562e+01,2.080259e+01,2.094876e+01,2.112250e+01,2.094180e+01,2.096267e+01,2.096267e+01,2.103914e+01,2.111555e+01,2.113638e+01,2.125434e+01,2.121966e+01,2.126127e+01,2.119885e+01,2.114333e+01,2.096267e+01,2.133752e+01,2.115721e+01,2.120579e+01,2.125434e+01,2.108083e+01,2.112250e+01,2.106693e+01,2.108083e+01,2.108083e+01,2.112250e+01,2.102524e+01,2.107388e+01,2.105999e+01,2.104609e+01,2.101134e+01,2.098353e+01,2.101134e+01,2.103914e+01,2.111555e+01,2.111555e+01,2.099744e+01,2.107388e+01,2.098353e+01,2.092789e+01,2.111555e+01,2.109472e+01,2.109472e+01,2.097658e+01,2.100439e+01,2.103914e+01,2.111555e+01,2.105999e+01,2.103914e+01,2.103219e+01,2.096267e+01,2.101134e+01,2.096267e+01,2.099744e+01,2.090006e+01,2.092789e+01,2.091398e+01,2.090006e+01,2.094180e+01,2.092789e+01,2.092789e+01,2.086526e+01,2.082348e+01,2.085830e+01,2.087918e+01,2.101829e+01,2.090006e+01,2.093485e+01,2.090006e+01,2.092789e+01,2.085830e+01,2.086526e+01,2.086526e+01,2.094180e+01,2.085830e+01,2.090006e+01,2.089310e+01,2.087222e+01,2.090702e+01,2.076079e+01,2.092093e+01,2.102524e+01,2.086526e+01,2.097658e+01,2.083741e+01,2.096962e+01,2.095572e+01,2.081652e+01,2.069805e+01,2.069108e+01,2.086526e+01,2.070502e+01,2.076079e+01,2.056548e+01,2.048166e+01,2.049564e+01,2.048865e+01,2.055152e+01,2.043274e+01,2.055850e+01,2.048166e+01,2.060039e+01,2.051660e+01,2.048166e+01,2.055152e+01,2.054453e+01,2.056548e+01,2.051660e+01,2.037679e+01,2.041875e+01,2.048166e+01,2.053755e+01,2.043274e+01,2.053057e+01,2.051660e+01,2.048865e+01,2.047468e+01,2.052358e+01,2.048865e+01,2.051660e+01,2.041176e+01,2.042575e+01,2.050262e+01,2.050961e+01,2.028582e+01,2.049564e+01,2.062132e+01,2.055152e+01,2.043973e+01,2.048865e+01,2.051660e+01,2.048166e+01,2.049564e+01,2.043274e+01,2.055850e+01,2.042575e+01,2.058643e+01,2.062132e+01,2.048865e+01,2.052358e+01,2.036980e+01,2.062830e+01,2.049564e+01,2.036280e+01,2.054453e+01,2.046070e+01,2.054453e+01,2.050262e+01,2.046070e+01,2.038379e+01,2.046769e+01,2.044672e+01,2.049564e+01,2.041875e+01,2.044672e+01,2.039778e+01,2.037679e+01,2.050961e+01,2.044672e+01,2.053755e+01,2.052358e+01,2.053755e+01,2.052358e+01,2.046769e+01,2.053755e+01,2.050262e+01,2.039078e+01,2.045371e+01,2.048865e+01,2.048865e+01,2.055850e+01,2.057944e+01,2.038379e+01,2.034881e+01,2.046070e+01,2.050961e+01,2.059340e+01,2.048166e+01,2.043973e+01,2.066318e+01,2.057246e+01,2.063528e+01,2.048865e+01,2.055850e+01,2.058643e+01,2.051660e+01,2.053057e+01,2.042575e+01,2.053057e+01,2.047468e+01,2.037679e+01,2.045371e+01,2.053755e+01,2.057246e+01,2.055152e+01,2.057944e+01
2.051660e+01,2.066318e+01,2.055850e+01,2.065621e+01,2.065621e+01,2.068410e+01,2.062830e+01,2.056548e+01,2.054453e+01,2.060039e+01,2.052358e+01,2.062830e+01,2.063528e+01,2.073291e+01,2.072594e+01,2.068410e+01,2.057944e+01,2.060736e+01,2.079562e+01,2.064225e+01,2.067713e+01,2.067713e+01,2.072594e+01,2.085134e+01,2.073291e+01,2.068410e+01,2.067016e+01,2.069108e+01,2.073291e+01,2.067713e+01,2.078866e+01,2.080955e+01,2.065621e+01,2.093485e+01,2.094180e+01,2.079562e+01,2.069805e+01,2.063528e+01,2.061434e+01,2.067016e+01,2.076775e+01,2.074685e+01,2.067016e+01,2.070502e+01,2.080955e+01,2.086526e+01,2.088614e+01,2.083741e+01,2.087918e+01,2.085134e+01,2.090702e+01,2.085830e+01,2.073988e+01,2.071200e+01,2.059340e+01,2.056548e+01,2.057246e+01,2.061434e+01,2.078866e+01,2.065621e+01,2.070502e+01,2.058643e+01,2.073291e+01,2.069805e+01,2.062132e+01,2.078169e+01,2.065621e+01,2.067016e+01,2.069108e+01,2.069108e+01,2.065621e+01,2.073988e+01,2.064225e+01,2.068410e+01,2.064225e+01,2.057944e+01,2.064225e+01,2.059340e+01,2.063528e+01,2.055850e+01,2.057944e+01,2.066318e+01,2.069108e+01,2.059340e+01,2.069108e+01,2.060736e+01,2.071200e+01,2.058643e+01,2.064225e+01,2.065621e+01,2.062132e+01,2.062830e+01,2.058643e+01,2.060736e+01,2.066318e+01,2.046769e+01,2.067713e+01,2.070502e+01,2.057246e+01,2.048166e+01,2.052358e+01,2.050262e+01,2.042575e+01,2.069805e+01,2.053057e+01,2.050961e+01,2.054453e+01,2.055850e+01,2.059340e+01,2.081652e+01,2.064225e+01,2.051660e+01,2.044672e+01,2.044672e+01,2.059340e+01,2.049564e+01,2.047468e+01,2.067713e+01,2.082348e+01,2.107388e+01,2.101134e+01,2.094876e+01,2.061434e+01,2.056548e+01,2.048166e+01,2.050262e+01,2.053755e+01,2.043973e+01,2.059340e+01,2.051660e+01,2.053755e+01,2.067713e+01,2.055850e+01,2.050262e+01,2.060039e+01,2.062830e+01,2.052358e+01,2.057246e+01,2.053755e+01,2.058643e+01,2.057944e+01,2.067016e+01,2.060736e+01,2.063528e+01,2.060039e+01,2.067713e+01,2.061434e+01,2.061434e+01,2.062132e+01,2.064225e+01,2.060039e+01,2.068410e+01,2.066318e+01,2.064225e+01,2.069108e+01,2.062830e+01,2.068410e+01,2.055152e+01,2.061434e+01,2.054453e+01,2.062132e+01,2.056548e+01,2.064923e+01,2.064923e+01,2.063528e+01,2.064923e+01,2.063528e+01,2.064923e+01,2.063528e+01,2.060039e+01,2.060039e+01,2.067016e+01,2.062830e+01,2.039778e+01,2.057944e+01,2.060736e+01,2.059340e+01,2.069805e+01,2.056548e+01,2.050262e+01,2.060736e+01,2.055850e+01,2.060039e+01,2.062830e+01,2.046070e+01,2.048865e+01,2.056548e+01,2.045371e+01,2.049564e+01,2.045371e+01,2.055152e+01,2.047468e+01,2.052358e+01,2.043973e+01,2.055152e+01,2.056548e+01,2.049564e+01,2.055152e+01,2.065621e+01,2.054453e+01,2.042575e+01,2.055152e+01,2.049564e+01,2.048865e+01,2.043973e+01,2.067016e+01,2.052358e+01,2.048865e+01,2.050262e+01,2.051660e+01,2.050961e+01,2.048865e+01,2.043274e+01,2.053057e+01,2.044672e+01,2.059340e+01,2.053057e+01,2.051660e+01,2.048865e+01,2.052358e+01,2.057944e+01,2.048865e+01,2.043274e+01,2.053755e+01,2.050262e+01,2.043973e+01,2.045371e+01,2.041875e+01,2.036280e+01,2.053057e+01,2.057246e+01,2.062132e+01,2.040477e+01,2.054453e+01,2.031382e+01,2.032082e+01,2.033481e+01,2.025080e+01,2.018775e+01,2.022979e+01,2.016672e+01,2.005451e+01,2.014569e+01,2.011764e+01,1.998431e+01,2.014569e+01,2.012466e+01,2.004749e+01,2.021578e+01,2.006854e+01,2.001941e+01,2.003345e+01,1.994919e+01,1.982969e+01,1.966780e+01,1.968893e+01,1.968189e+01,1.965371e+01,1.948447e+01,1.949153e+01,1.949859e+01,1.952681e+01,1.980859e+01,1.971710e+01,1.997728e+01,2.013167e+01,2.015270e+01,2.018074e+01,2.030682e+01,2.022278e+01,2.035581e+01,2.046769e+01,2.044672e+01,2.046070e+01,2.060039e+01,2.044672e+01,2.057246e+01,2.057944e+01,2.066318e+01,2.070502e+01,2.066318e+01,2.054453e+01,2.071897e+01,2.066318e+01,2.065621e+01,2.067713e+01,2.063528e+01,2.063528e+01,2.076079e+01,2.081652e+01,2.080955e+01,2.073291e+01,2.059340e+01,2.067713e+01,2.068410e+01,2.070502e+01,2.062830e+01,2.068410e+01,2.067713e+01,2.078866e+01,2.078169e+01,2.071200e+01,2.060039e+01,2.059340e+01,2.048865e+01,2.055850e+01,2.054453e+01,2.067016e+01,2.058643e+01,2.052358e+01,2.082348e+01,2.066318e+01,2.057944e+01,2.084437e+01,2.049564e+01,2.062132e+01,2.053057e+01,2.054453e+01,2.053057e+01,2.054453e+01,2.051660e+01,2.055850e+01,2.060039e+01,2.054453e+01,2.062132e+01,2.046769e+01,2.046769e+01,2.050961e+01,2.053057e+01,2.046769e+01,2.059340e+01,2.035581e+01,2.057246e+01,2.032082e+01,2.049564e+01,2.028582e+01,2.022979e+01,2.025080e+01,2.029982e+01,2.027881e+01,2.023680e+01,2.047468e+01,2.047468e+01,2.031382e+01,2.041176e+01,2.032782e+01,2.046769e+01,2.048166e+01,2.065621e+01,2.051660e+01,2.052358e+01,2.051660e+01,2.044672e+01,2.055850e+01,2.054453e+01,2.063528e+01,2.056548e+01,2.067713e+01,2.068410e+01,2.064225e+01,2.060736e+01,2.065621e+01,2.073291e+01,2.059340e+01,2.064923e+01,2.076079e+01,2.075382e+01,2.073291e+01,2.076079e+01,2.074685e+01,2.075382e+01,2.075382e+01,2.078169e+01,2.074685e+01,2.067713e+01,2.085830e+01,2.075382e+01,2.082348e+01,2.076775e+01,2.069805e+01,2.074685e+01,2.080955e+01,2.069108e+01,2.070502e+01,2.071200e+01,2.071897e+01,2.065621e+01,2.075382e+01,2.071200e+01,2.070502e+01,2.067016e+01,2.073988e+01,2.074685e+01,2.073988e+01,2.064923e+01,2.062830e+01,2.069108e+01,2.064923e+01,2.076775e+01,2.067016e+01,2.060039e+01,2.062132e+01,2.061434e+01,2.067016e+01,2.082348e+01,2.057246e+01,2.057246e+01,2.064225e+01,2.056548e+01,2.058643e+01,2.069805e+01,2.056548e+01,2.055850e+01,2.062830e+01,2.067016e+01,2.057246e+01,2.061434e+01,2.060736e+01,2.057246e+01,2.085134e+01,2.085830e+01,2.102524e+01,2.124740e+01,2.108083e+01,2.122660e+01,2.110861e+01,2.096962e+01,2.108777e+01,2.095572e+01,2.096267e+01,2.089310e+01,2.099744e+01,2.099048e+01,2.086526e+01,2.113638e+01,2.094180e+01,2.095572e+01,2.088614e+01,2.094180e+01,2.092789e+01,2.092093e+01,2.092789e+01,2.087918e+01,2.097658e+01,2.099744e+01,2.105999e+01,2.080955e+01,2.089310e+01,2.094876e+01,2.094876e+01,2.117109e+01,2.098353e+01,2.123353e+01,2.123353e+01,2.123353e+01,2.157974e+01,2.123353e+01,2.124047e+01,2.117803e+01,2.113638e+01,2.127514e+01,2.121272e+01,2.103914e+01,2.113638e+01,2.106693e+01,2.102524e+01,2.092789e+01,2.105999e+01,2.105999e+01,2.110166e+01,2.114333e+01,2.106693e+01,2.111555e+01,2.102524e+01,2.108083e+01,2.112944e+01,2.112944e+01,2.105999e+01,2.105304e+01,2.110861e+01,2.110166e+01,2.107388e+01,2.109472e+01,2.112250e+01,2.096267e+01,2.117109e+01,2.112944e+01,2.112944e+01,2.110166e+01,2.110166e+01,2.105304e+01,2.115721e+01,2.111555e+01,2.100439e+01,2.099048e+01,2.098353e+01,2.100439e+01,2.092093e+01,2.085134e+01,2.091398e+01,2.090006e+01,2.085830e+01,2.085830e+01,2.088614e+01,2.084437e+01,2.086526e+01,2.088614e+01,2.096962e+01,2.081652e+01,2.096962e+01,2.105999e+01,2.107388e+01,2.090702e+01,2.085830e+01,2.086526e+01,2.085830e+01,2.085134e+01,2.086526e+01,2.085830e+01,2.097658e+01,2.082348e+01,2.087918e+01,2.097658e+01,2.088614e+01,2.092093e+01,2.090702e+01,2.097658e+01,2.090702e+01,2.077472e+01,2.087222e+01,2.104609e+01,2.078866e+01,2.080955e+01,2.070502e+01,2.073988e+01,2.076775e+01,2.076079e+01,2.067016e+01,2.047468e+01,2.053755e+01,2.055152e+01,2.045371e+01,2.046769e+01,2.044672e+01,2.050262e+01,2.053755e+01,2.050961e+01,2.044672e+01,2.053057e+01,2.056548e+01,2.048865e+01,2.048166e+01,2.046070e+01,2.045371e+01,2.041176e+01,2.054453e+01,2.050961e+01,2.051660e+01,2.054453e+01,2.054453e+01,2.053057e+01,2.046769e+01,2.055152e+01,2.053057e+01,2.047468e+01,2.069108e+01,2.055152e+01,2.038379e+01,2.051660e+01,2.053057e+01,2.057246e+01,2.048865e+01,2.039778e+01,2.049564e+01,2.054453e+01,2.047468e+01,2.056548e+01,2.059340e+01,2.052358e+01,2.059340e+01,2.052358e+01,2.062830e+01,2.052358e+01,2.054453e+01,2.060736e+01,2.064225e+01,2.068410e+01,2.048166e+01,2.050961e+01,2.056548e+01,2.067016e+01,2.050262e+01,2.043274e+01,2.060736e+01,2.048166e+01,2.064923e+01,2.049564e+01,2.053057e+01,2.054453e+01,2.040477e+01,2.037679e+01,2.059340e+01,2.040477e+01,2.056548e+01,2.053057e+01,2.050961e+01,2.046070e+01,2.045371e+01,2.052358e+01,2.053755e+01,2.041875e+01,2.050262e+01,2.053057e+01,2.025080e+01,2.046769e+01,2.058643e+01,2.058643e+01,2.052358e+01,2.030682e+01,2.049564e+01,2.054453e+01,2.051660e+01,2.047468e+01,2.044672e+01,2.054453e+01,2.053755e+01,2.058643e+01,2.042575e+01,2.057246e+01,2.050961e+01,2.055152e+01,2.054453e+01,2.053057e+01,2.055850e+01,2.048166e+01,2.043274e+01,2.064225e+01,2.050961e+01,2.056548e+01,2.057246e+01
2.057246e+01,2.063528e+01,2.058643e+01,2.067016e+01,2.069108e+01,2.051660e+01,2.062830e+01,2.071897e+01,2.060039e+01,2.055850e+01,2.057944e+01,2.053057e+01,2.070502e+01,2.063528e+01,2.061434e+01,2.066318e+01,2.067016e+01,2.073988e+01,2.072594e+01,2.076079e+01,2.069108e+01,2.076079e+01,2.073988e+01,2.096962e+01,2.064923e+01,2.071897e+01,2.065621e+01,2.062132e+01,2.059340e+01,2.078169e+01,2.069805e+01,2.068410e+01,2.090702e+01,2.067713e+01,2.069108e+01,2.076775e+01,2.053755e+01,2.069805e+01,2.068410e+01,2.054453e+01,2.070502e+01,2.056548e+01,2.059340e+01,2.072594e+01,2.077472e+01,2.083045e+01,2.073988e+01,2.083045e+01,2.083741e+01,2.088614e+01,2.087918e+01,2.087222e+01,2.079562e+01,2.056548e+01,2.039778e+01,2.060039e+01,2.061434e+01,2.080955e+01,2.064225e+01,2.062830e+01,2.078169e+01,2.062830e+01,2.075382e+01,2.058643e+01,2.072594e+01,2.065621e+01,2.062830e+01,2.070502e+01,2.067713e+01,2.064923e+01,2.053057e+01,2.068410e+01,2.072594e+01,2.052358e+01,2.048865e+01,2.073988e+01,2.066318e+01,2.065621e+01,2.060039e+01,2.055850e+01,2.054453e+01,2.078169e+01,2.059340e+01,2.058643e+01,2.064225e+01,2.071200e+01,2.070502e+01,2.050961e+01,2.053057e+01,2.057246e+01,2.065621e+01,2.048865e+01,2.058643e+01,2.064225e+01,2.069805e+01,2.067713e+01,2.069108e+01,2.062132e+01,2.054453e+01,2.058643e+01,2.060736e+01,2.058643e+01,2.056548e+01,2.048166e+01,2.051660e+01,2.057944e+01,2.048166e+01,2.041875e+01,2.040477e+01,2.055152e+01,2.058643e+01,2.054453e+01,2.046070e+01,2.049564e+01,2.061434e+01,2.050961e+01,2.064923e+01,2.069805e+01,2.103914e+01,2.093485e+01,2.105999e+01,2.093485e+01,2.073291e+01,2.059340e+01,2.057944e+01,2.055850e+01,2.062132e+01,2.049564e+01,2.056548e+01,2.050961e+01,2.057944e+01,2.052358e+01,2.051660e+01,2.055152e+01,2.052358e+01,2.059340e+01,2.053755e+01,2.056548e+01,2.048166e+01,2.057246e+01,2.060039e+01,2.056548e+01,2.060039e+01,2.064923e+01,2.056548e+01,2.066318e+01,2.065621e+01,2.059340e+01,2.061434e+01,2.060736e+01,2.065621e+01,2.060039e+01,2.068410e+01,2.064225e+01,2.063528e+01,2.064923e+01,2.054453e+01,2.053057e+01,2.064923e+01,2.063528e+01,2.055152e+01,2.071897e+01,2.071897e+01,2.064923e+01,2.062132e+01,2.062830e+01,2.062132e+01,2.063528e+01,2.059340e+01,2.062830e+01,2.058643e+01,2.053755e+01,2.064225e+01,2.055152e+01,2.055850e+01,2.071200e+01,2.057246e+01,2.058643e+01,2.056548e+01,2.055152e+01,2.056548e+01,2.054453e+01,2.044672e+01,2.053755e+01,2.057944e+01,2.049564e+01,2.053755e+01,2.064225e+01,2.066318e+01,2.062132e+01,2.046070e+01,2.056548e+01,2.053755e+01,2.050262e+01,2.046070e+01,2.055152e+01,2.055850e+01,2.048865e+01,2.048865e+01,2.047468e+01,2.055152e+01,2.051660e+01,2.045371e+01,2.061434e+01,2.048166e+01,2.048166e+01,2.048865e+01,2.052358e+01,2.055850e+01,2.055152e+01,2.045371e+01,2.053057e+01,2.044672e+01,2.054453e+01,2.048166e+01,2.053057e+01,2.054453e+01,2.059340e+01,2.046070e+01,2.049564e+01,2.049564e+01,2.050961e+01,2.053057e+01,2.043973e+01,2.049564e+01,2.046070e+01,2.041875e+01,2.054453e+01,2.050961e+01,2.048865e+01,2.051660e+01,2.042575e+01,2.031382e+01,2.037679e+01,2.029982e+01,2.007556e+01,2.008257e+01,2.044672e+01,2.006854e+01,2.013868e+01,2.015971e+01,2.006152e+01,2.012466e+01,2.009660e+01,2.005451e+01,2.013167e+01,2.005451e+01,2.013167e+01,2.028582e+01,2.015971e+01,2.010362e+01,1.997026e+01,1.994216e+01,1.990703e+01,1.970302e+01,1.985079e+01,1.964666e+01,1.952681e+01,1.950564e+01,1.949859e+01,1.951270e+01,1.958323e+01,1.975934e+01,1.985079e+01,1.991406e+01,1.999133e+01,2.004749e+01,2.004749e+01,2.023680e+01,2.022979e+01,2.043973e+01,2.041875e+01,2.040477e+01,2.046070e+01,2.061434e+01,2.056548e+01,2.058643e+01,2.055152e+01,2.063528e+01,2.076079e+01,2.064225e+01,2.064225e+01,2.056548e+01,2.065621e+01,2.069805e+01,2.070502e+01,2.072594e+01,2.070502e+01,2.062132e+01,2.073291e+01,2.062830e+01,2.073291e+01,2.065621e+01,2.061434e+01,2.076079e+01,2.073291e+01,2.070502e+01,2.057944e+01,2.067713e+01,2.066318e+01,2.073988e+01,2.062830e+01,2.070502e+01,2.059340e+01,2.059340e+01,2.063528e+01,2.064225e+01,2.064923e+01,2.053057e+01,2.050262e+01,2.060736e+01,2.060039e+01,2.055152e+01,2.057944e+01,2.053057e+01,2.054453e+01,2.048166e+01,2.048166e+01,2.055152e+01,2.055152e+01,2.050961e+01,2.054453e+01,2.056548e+01,2.063528e+01,2.048865e+01,2.046070e+01,2.067016e+01,2.039078e+01,2.053057e+01,2.050961e+01,2.051660e+01,2.042575e+01,2.052358e+01,2.035581e+01,2.033481e+01,2.030682e+01,2.034881e+01,2.031382e+01,2.027181e+01,2.030682e+01,2.030682e+01,2.044672e+01,2.042575e+01,2.040477e+01,2.053755e+01,2.042575e+01,2.054453e+01,2.050262e+01,2.051660e+01,2.048166e+01,2.046070e+01,2.047468e+01,2.039078e+01,2.057246e+01,2.050961e+01,2.057944e+01,2.050262e+01,2.063528e+01,2.066318e+01,2.064225e+01,2.059340e+01,2.062132e+01,2.062830e+01,2.064923e+01,2.064923e+01,2.072594e+01,2.065621e+01,2.079562e+01,2.077472e+01,2.083045e+01,2.081652e+01,2.068410e+01,2.078866e+01,2.071200e+01,2.064923e+01,2.064225e+01,2.076775e+01,2.075382e+01,2.067713e+01,2.071897e+01,2.078169e+01,2.062132e+01,2.067713e+01,2.053057e+01,2.071200e+01,2.069108e+01,2.071897e+01,2.066318e+01,2.063528e+01,2.074685e+01,2.071200e+01,2.075382e+01,2.080259e+01,2.069805e+01,2.062830e+01,2.055850e+01,2.064225e+01,2.065621e+01,2.060736e+01,2.060736e+01,2.067016e+01,2.071897e+01,2.055152e+01,2.051660e+01,2.058643e+01,2.055850e+01,2.061434e+01,2.066318e+01,2.059340e+01,2.059340e+01,2.057246e+01,2.060039e+01,2.060736e+01,2.059340e+01,2.046769e+01,2.054453e+01,2.062830e+01,2.057944e+01,2.077472e+01,2.065621e+01,2.087918e+01,2.103219e+01,2.107388e+01,2.106693e+01,2.108777e+01,2.101829e+01,2.101134e+01,2.109472e+01,2.101829e+01,2.092789e+01,2.097658e+01,2.103914e+01,2.102524e+01,2.122660e+01,2.096962e+01,2.099048e+01,2.092789e+01,2.092789e+01,2.093485e+01,2.092093e+01,2.098353e+01,2.094876e+01,2.092093e+01,2.089310e+01,2.083045e+01,2.085830e+01,2.092789e+01,2.108083e+01,2.094876e+01,2.094180e+01,2.108083e+01,2.119885e+01,2.122660e+01,2.123353e+01,2.111555e+01,2.117803e+01,2.101829e+01,2.115027e+01,2.119191e+01,2.103219e+01,2.114333e+01,2.121966e+01,2.099744e+01,2.120579e+01,2.099048e+01,2.106693e+01,2.106693e+01,2.110166e+01,2.103914e+01,2.112250e+01,2.110166e+01,2.115027e+01,2.112250e+01,2.103914e+01,2.101134e+01,2.102524e+01,2.111555e+01,2.111555e+01,2.105999e+01,2.114333e+01,2.110166e+01,2.112944e+01,2.094876e+01,2.112250e+01,2.110861e+01,2.111555e+01,2.115721e+01,2.106693e+01,2.108777e+01,2.107388e+01,2.110166e+01,2.115721e+01,2.101134e+01,2.118497e+01,2.109472e+01,2.109472e+01,2.101829e+01,2.105999e+01,2.092789e+01,2.094876e+01,2.088614e+01,2.097658e+01,2.095572e+01,2.090006e+01,2.087918e+01,2.100439e+01,2.083741e+01,2.090702e+01,2.082348e+01,2.097658e+01,2.095572e+01,2.090006e+01,2.090702e+01,2.087222e+01,2.083741e+01,2.090702e+01,2.083045e+01,2.092093e+01,2.088614e+01,2.085830e+01,2.087222e+01,2.087222e+01,2.087222e+01,2.093485e+01,2.092789e+01,2.092093e+01,2.074685e+01,2.100439e+01,2.101134e+01,2.103219e+01,2.094876e+01,2.080955e+01,2.080955e+01,2.066318e+01,2.067713e+01,2.064225e+01,2.067713e+01,2.062132e+01,2.062830e+01,2.055850e+01,2.044672e+01,2.048166e+01,2.053057e+01,2.055850e+01,2.038379e+01,2.055152e+01,2.057246e+01,2.055152e+01,2.043274e+01,2.055850e+01,2.043973e+01,2.053057e+01,2.044672e+01,2.055850e+01,2.053755e+01,2.048865e+01,2.043274e+01,2.060039e+01,2.050961e+01,2.043973e+01,2.044672e+01,2.041875e+01,2.036280e+01,2.051660e+01,2.045371e+01,2.044672e+01,2.051660e+01,2.038379e+01,2.045371e+01,2.044672e+01,2.043973e+01,2.046769e+01,2.047468e+01,2.049564e+01,2.051660e+01,2.057246e+01,2.048166e+01,2.049564e+01,2.048865e+01,2.063528e+01,2.061434e+01,2.050262e+01,2.051660e+01,2.056548e+01,2.054453e+01,2.045371e+01,2.052358e+01,2.056548e+01,2.049564e+01,2.046769e+01,2.045371e+01,2.039778e+01,2.049564e+01,2.046769e+01,2.039078e+01,2.043973e+01,2.041875e+01,2.044672e+01,2.041875e+01,2.045371e+01,2.049564e+01,2.039078e+01,2.046769e+01,2.053057e+01,2.048865e+01,2.052358e+01,2.052358e+01,2.047468e+01,2.053057e+01,2.046070e+01,2.060736e+01,2.048865e+01,2.052358e+01,2.047468e+01,2.060039e+01,2.046769e+01,2.059340e+01,2.048865e+01,2.050262e+01,2.062132e+01,2.047468e+01,2.056548e+01,2.050262e+01,2.060736e+01,2.045371e+01,2.048166e+01,2.062830e+01,2.059340e+01,2.051660e+01,2.039778e+01,2.055152e+01,2.036980e+01,2.046769e+01,2.053057e+01,2.053755e+01,2.053755e+01,2.064923e+01,2.052358e+01,2.057246e+01,2.055152e+01
2.051660e+01,2.062830e+01,2.060039e+01,2.062830e+01,2.055152e+01,2.062830e+01,2.062830e+01,2.067016e+01,2.039078e+01,2.057944e+01,2.062132e+01,2.056548e+01,2.069805e+01,2.055152e+01,2.051660e+01,2.060736e+01,2.050961e+01,2.051660e+01,2.062830e+01,2.064225e+01,2.066318e+01,2.067016e+01,2.069108e+01,2.064225e+01,2.068410e+01,2.067713e+01,2.064225e+01,2.058643e+01,2.059340e+01,2.067713e+01,2.062132e+01,2.060039e+01,2.076775e+01,2.070502e+01,2.080955e+01,2.064923e+01,2.067713e+01,2.058643e+01,2.056548e+01,2.070502e+01,2.072594e+01,2.070502e+01,2.047468e+01,2.062830e+01,2.076775e+01,2.078866e+01,2.082348e+01,2.081652e+01,2.082348e+01,2.083045e+01,2.090702e+01,2.070502e+01,2.067016e+01,2.061434e+01,2.048865e+01,2.067713e+01,2.058643e+01,2.072594e+01,2.058643e+01,2.061434e+01,2.067016e+01,2.068410e+01,2.064225e+01,2.075382e+01,2.069108e+01,2.077472e+01,2.061434e+01,2.056548e+01,2.067016e+01,2.070502e+01,2.055850e+01,2.054453e+01,2.050262e+01,2.067016e+01,2.067016e+01,2.076079e+01,2.057246e+01,2.069805e+01,2.060736e+01,2.057246e+01,2.055850e+01,2.058643e+01,2.062132e+01,2.060039e+01,2.069108e+01,2.057246e+01,2.062132e+01,2.063528e+01,2.052358e+01,2.052358e+01,2.063528e+01,2.060736e+01,2.060039e+01,2.057944e+01,2.055152e+01,2.045371e+01,2.046070e+01,2.046769e+01,2.051660e+01,2.051660e+01,2.062132e+01,2.054453e+01,2.037679e+01,2.055850e+01,2.046070e+01,2.045371e+01,2.048166e+01,2.056548e+01,2.049564e+01,2.056548e+01,2.044672e+01,2.060039e+01,2.043973e+01,2.052358e+01,2.047468e+01,2.056548e+01,2.061434e+01,2.084437e+01,2.104609e+01,2.108083e+01,2.096267e+01,2.094876e+01,2.057944e+01,2.055850e+01,2.051660e+01,2.041176e+01,2.053755e+01,2.053755e+01,2.057246e+01,2.057944e+01,2.045371e+01,2.057246e+01,2.046769e+01,2.054453e+01,2.051660e+01,2.056548e+01,2.053755e+01,2.055152e+01,2.046769e+01,2.056548e+01,2.055850e+01,2.055850e+01,2.067713e+01,2.055152e+01,2.060039e+01,2.059340e+01,2.061434e+01,2.054453e+01,2.065621e+01,2.060039e+01,2.069805e+01,2.064225e+01,2.065621e+01,2.056548e+01,2.077472e+01,2.060736e+01,2.078169e+01,2.058643e+01,2.048166e+01,2.054453e+01,2.065621e+01,2.064923e+01,2.052358e+01,2.064923e+01,2.061434e+01,2.061434e+01,2.066318e+01,2.058643e+01,2.069108e+01,2.057246e+01,2.060039e+01,2.060039e+01,2.054453e+01,2.055850e+01,2.056548e+01,2.063528e+01,2.052358e+01,2.051660e+01,2.050961e+01,2.058643e+01,2.058643e+01,2.055850e+01,2.059340e+01,2.059340e+01,2.055850e+01,2.066318e+01,2.057246e+01,2.048865e+01,2.059340e+01,2.058643e+01,2.052358e+01,2.053755e+01,2.043973e+01,2.050262e+01,2.058643e+01,2.047468e+01,2.054453e+01,2.047468e+01,2.055850e+01,2.046769e+01,2.052358e+01,2.042575e+01,2.045371e+01,2.055152e+01,2.050262e+01,2.059340e+01,2.065621e+01,2.050262e+01,2.047468e+01,2.057944e+01,2.052358e+01,2.050961e+01,2.055152e+01,2.051660e+01,2.042575e+01,2.053057e+01,2.053057e+01,2.051660e+01,2.062132e+01,2.046769e+01,2.045371e+01,2.046070e+01,2.047468e+01,2.048865e+01,2.052358e+01,2.055152e+01,2.053057e+01,2.044672e+01,2.039778e+01,2.051660e+01,2.050961e+01,2.048166e+01,2.039078e+01,2.041176e+01,2.039778e+01,2.026481e+01,2.022278e+01,2.018775e+01,2.001941e+01,2.011063e+01,2.009660e+01,2.006854e+01,2.007556e+01,2.006854e+01,2.002643e+01,1.998431e+01,2.008959e+01,1.997728e+01,1.998431e+01,2.004047e+01,2.015270e+01,1.999133e+01,1.994216e+01,1.982266e+01,1.987189e+01,1.966076e+01,1.953386e+01,1.961143e+01,1.952681e+01,1.952681e+01,1.959028e+01,1.949859e+01,1.966076e+01,1.987189e+01,1.996324e+01,2.011063e+01,2.015971e+01,2.020877e+01,2.026481e+01,2.047468e+01,2.035581e+01,2.042575e+01,2.044672e+01,2.041875e+01,2.043274e+01,2.050961e+01,2.057944e+01,2.061434e+01,2.055152e+01,2.058643e+01,2.062132e+01,2.072594e+01,2.063528e+01,2.057944e+01,2.067016e+01,2.070502e+01,2.066318e+01,2.080955e+01,2.076775e+01,2.076775e+01,2.083741e+01,2.069108e+01,2.063528e+01,2.066318e+01,2.069805e+01,2.070502e+01,2.070502e+01,2.069108e+01,2.062830e+01,2.067016e+01,2.067713e+01,2.062132e+01,2.060039e+01,2.070502e+01,2.059340e+01,2.060039e+01,2.062830e+01,2.053755e+01,2.050262e+01,2.062132e+01,2.057246e+01,2.060039e+01,2.039778e+01,2.055152e+01,2.055152e+01,2.055152e+01,2.057246e+01,2.051660e+01,2.062830e+01,2.060039e+01,2.058643e+01,2.055152e+01,2.047468e+01,2.049564e+01,2.053755e+01,2.064225e+01,2.040477e+01,2.044672e+01,2.057944e+01,2.047468e+01,2.036980e+01,2.050961e+01,2.035581e+01,2.039778e+01,2.041875e+01,2.032082e+01,2.022979e+01,2.024380e+01,2.036280e+01,2.012466e+01,2.042575e+01,2.029282e+01,2.038379e+01,2.029982e+01,2.046769e+01,2.023680e+01,2.047468e+01,2.045371e+01,2.049564e+01,2.041875e+01,2.043274e+01,2.041875e+01,2.041875e+01,2.053755e+01,2.040477e+01,2.041176e+01,2.057944e+01,2.062830e+01,2.060736e+01,2.066318e+01,2.058643e+01,2.057246e+01,2.062132e+01,2.076079e+01,2.075382e+01,2.066318e+01,2.071897e+01,2.057246e+01,2.074685e+01,2.080955e+01,2.069805e+01,2.070502e+01,2.062830e+01,2.066318e+01,2.062132e+01,2.064225e+01,2.077472e+01,2.071897e+01,2.081652e+01,2.069805e+01,2.070502e+01,2.066318e+01,2.068410e+01,2.068410e+01,2.069108e+01,2.071200e+01,2.074685e+01,2.069108e+01,2.065621e+01,2.062132e+01,2.061434e+01,2.071200e+01,2.076079e+01,2.060736e+01,2.071200e+01,2.061434e+01,2.067713e+01,2.064923e+01,2.069108e+01,2.065621e+01,2.055850e+01,2.062132e+01,2.060736e+01,2.057246e+01,2.055152e+01,2.055152e+01,2.064225e+01,2.062132e+01,2.058643e+01,2.057246e+01,2.058643e+01,2.055850e+01,2.063528e+01,2.060039e+01,2.058643e+01,2.062132e+01,2.059340e+01,2.053755e+01,2.055152e+01,2.054453e+01,2.073988e+01,2.091398e+01,2.095572e+01,2.091398e+01,2.102524e+01,2.103219e+01,2.102524e+01,2.105304e+01,2.101829e+01,2.116415e+01,2.118497e+01,2.099048e+01,2.101829e+01,2.099048e+01,2.085830e+01,2.101134e+01,2.096962e+01,2.089310e+01,2.090006e+01,2.084437e+01,2.092093e+01,2.089310e+01,2.087918e+01,2.096267e+01,2.087918e+01,2.092789e+01,2.089310e+01,2.091398e+01,2.094180e+01,2.096962e+01,2.099744e+01,2.120579e+01,2.112250e+01,2.107388e+01,2.112250e+01,2.121272e+01,2.120579e+01,2.123353e+01,2.119191e+01,2.119885e+01,2.117109e+01,2.108777e+01,2.109472e+01,2.104609e+01,2.110861e+01,2.117803e+01,2.101829e+01,2.099048e+01,2.104609e+01,2.105999e+01,2.106693e+01,2.117109e+01,2.108777e+01,2.094180e+01,2.099744e+01,2.101829e+01,2.101134e+01,2.101134e+01,2.105999e+01,2.101829e+01,2.103219e+01,2.102524e+01,2.104609e+01,2.109472e+01,2.097658e+01,2.127514e+01,2.111555e+01,2.114333e+01,2.112944e+01,2.136523e+01,2.113638e+01,2.106693e+01,2.111555e+01,2.126821e+01,2.104609e+01,2.099744e+01,2.090006e+01,2.087918e+01,2.092093e+01,2.085134e+01,2.095572e+01,2.096962e+01,2.094180e+01,2.086526e+01,2.085134e+01,2.087918e+01,2.085134e+01,2.083045e+01,2.087918e+01,2.085830e+01,2.083741e+01,2.093485e+01,2.086526e+01,2.087918e+01,2.085134e+01,2.087222e+01,2.096962e+01,2.087222e+01,2.094876e+01,2.082348e+01,2.074685e+01,2.087222e+01,2.088614e+01,2.068410e+01,2.091398e+01,2.091398e+01,2.081652e+01,2.079562e+01,2.087918e+01,2.102524e+01,2.081652e+01,2.104609e+01,2.089310e+01,2.070502e+01,2.077472e+01,2.077472e+01,2.069805e+01,2.065621e+01,2.060736e+01,2.046070e+01,2.042575e+01,2.043274e+01,2.044672e+01,2.053057e+01,2.057246e+01,2.041875e+01,2.053057e+01,2.055152e+01,2.056548e+01,2.039778e+01,2.055152e+01,2.045371e+01,2.043274e+01,2.041875e+01,2.041176e+01,2.060736e+01,2.044672e+01,2.050961e+01,2.056548e+01,2.067713e+01,2.043274e+01,2.047468e+01,2.055152e+01,2.048166e+01,2.048166e+01,2.040477e+01,2.043973e+01,2.033481e+01,2.048166e+01,2.053755e+01,2.043274e+01,2.050262e+01,2.053755e+01,2.036280e+01,2.048166e+01,2.048865e+01,2.053755e+01,2.052358e+01,2.049564e+01,2.050262e+01,2.049564e+01,2.057246e+01,2.050961e+01,2.053057e+01,2.053755e+01,2.036980e+01,2.051660e+01,2.052358e+01,2.046769e+01,2.047468e+01,2.048865e+01,2.055152e+01,2.039078e+01,2.055850e+01,2.053755e+01,2.044672e+01,2.060039e+01,2.043973e+01,2.042575e+01,2.050961e+01,2.055850e+01,2.036980e+01,2.040477e+01,2.042575e+01,2.050262e+01,2.053755e+01,2.046769e+01,2.034181e+01,2.041875e+01,2.040477e+01,2.043274e+01,2.044672e+01,2.037679e+01,2.046070e+01,2.047468e+01,2.057246e+01,2.050262e+01,2.052358e+01,2.054453e+01,2.053057e+01,2.057246e+01,2.050262e+01,2.047468e+01,2.063528e+01,2.036280e+01,2.050262e+01,2.039778e+01,2.048166e+01,2.054453e+01,2.041875e+01,2.047468e+01,2.050262e+01,2.048166e+01,2.043973e+01,2.038379e+01,2.050961e+01,2.043973e+01,2.047468e+01,2.043973e+01,2.064225e+01
2.048865e+01,2.052358e+01,2.052358e+01,2.048865e+01,2.053057e+01,2.048166e+01,2.053755e+01,2.064923e+01,2.057944e+01,2.070502e+01,2.056548e+01,2.053755e+01,2.050961e+01,2.064923e+01,2.057944e+01,2.058643e+01,2.057246e+01,2.060736e+01,2.060039e+01,2.064225e+01,2.066318e+01,2.060736e+01,2.077472e+01,2.064225e+01,2.062830e+01,2.069805e+01,2.057246e+01,2.061434e+01,2.051660e+01,2.067713e+01,2.071200e+01,2.077472e+01,2.069108e+01,2.063528e+01,2.057246e+01,2.055850e+01,2.062132e+01,2.046070e+01,2.069805e+01,2.073291e+01,2.057944e+01,2.058643e+01,2.069805e+01,2.071200e+01,2.072594e+01,2.078866e+01,2.094876e+01,2.079562e+01,2.082348e+01,2.083741e+01,2.084437e+01,2.081652e+01,2.080955e+01,2.073988e+01,2.069108e+01,2.067713e+01,2.065621e+01,2.073291e+01,2.064923e+01,2.057246e+01,2.054453e+01,2.067016e+01,2.076079e+01,2.073988e+01,2.075382e+01,2.067016e+01,2.062830e+01,2.064225e+01,2.067016e+01,2.056548e+01,2.071200e+01,2.070502e+01,2.066318e+01,2.070502e+01,2.066318e+01,2.068410e+01,2.068410e+01,2.054453e+01,2.057944e+01,2.054453e+01,2.062132e+01,2.065621e+01,2.062830e+01,2.053057e+01,2.060736e+01,2.053755e+01,2.054453e+01,2.055850e+01,2.047468e+01,2.048166e+01,2.057246e+01,2.058643e+01,2.055152e+01,2.069805e+01,2.067016e+01,2.063528e+01,2.062830e+01,2.061434e+01,2.057944e+01,2.052358e+01,2.055152e+01,2.057246e+01,2.044672e+01,2.050262e+01,2.050262e+01,2.042575e+01,2.049564e+01,2.036280e+01,2.045371e+01,2.054453e+01,2.050961e+01,2.050961e+01,2.056548e+01,2.045371e+01,2.056548e+01,2.048865e+01,2.057944e+01,2.068410e+01,2.110166e+01,2.106693e+01,2.092093e+01,2.079562e+01,2.067713e+01,2.066318e+01,2.050262e+01,2.051660e+01,2.053755e+01,2.051660e+01,2.053057e+01,2.052358e+01,2.052358e+01,2.053057e+01,2.049564e+01,2.046070e+01,2.053755e+01,2.042575e+01,2.052358e+01,2.052358e+01,2.054453e+01,2.054453e+01,2.056548e+01,2.065621e+01,2.057246e+01,2.053755e+01,2.073988e+01,2.071897e+01,2.059340e+01,2.062132e+01,2.059340e+01,2.058643e+01,2.063528e+01,2.062132e+01,2.059340e+01,2.049564e+01,2.057246e+01,2.053755e+01,2.055850e+01,2.053755e+01,2.055152e+01,2.055152e+01,2.051660e+01,2.064923e+01,2.070502e+01,2.064923e+01,2.061434e+01,2.056548e+01,2.069108e+01,2.062132e+01,2.066318e+01,2.061434e+01,2.062830e+01,2.051660e+01,2.065621e+01,2.054453e+01,2.057246e+01,2.043274e+01,2.055850e+01,2.058643e+01,2.055152e+01,2.050961e+01,2.060736e+01,2.055152e+01,2.055850e+01,2.055152e+01,2.055152e+01,2.055850e+01,2.064225e+01,2.057944e+01,2.066318e+01,2.060039e+01,2.057246e+01,2.056548e+01,2.057246e+01,2.055152e+01,2.056548e+01,2.048865e+01,2.051660e+01,2.048865e+01,2.052358e+01,2.048865e+01,2.059340e+01,2.053755e+01,2.053755e+01,2.062830e+01,2.053755e+01,2.061434e+01,2.053755e+01,2.049564e+01,2.058643e+01,2.062830e+01,2.054453e+01,2.055152e+01,2.052358e+01,2.054453e+01,2.055850e+01,2.046070e+01,2.053057e+01,2.045371e+01,2.053755e+01,2.055850e+01,2.048166e+01,2.054453e+01,2.057246e+01,2.052358e+01,2.053755e+01,2.048166e+01,2.048865e+01,2.052358e+01,2.050961e+01,2.045371e+01,2.048865e+01,2.041176e+01,2.036280e+01,2.035581e+01,2.027181e+01,2.036980e+01,2.016672e+01,2.019476e+01,2.018775e+01,2.011764e+01,2.014569e+01,1.997026e+01,1.996324e+01,2.001239e+01,2.007556e+01,1.997728e+01,1.993514e+01,2.006152e+01,2.006152e+01,2.006152e+01,2.001941e+01,2.002643e+01,1.997728e+01,1.990000e+01,1.990703e+01,1.985079e+01,1.967484e+01,1.956207e+01,1.950564e+01,1.949859e+01,1.962552e+01,1.977341e+01,1.990703e+01,1.985079e+01,1.993514e+01,1.996324e+01,2.020877e+01,2.020877e+01,2.040477e+01,2.036280e+01,2.041875e+01,2.043274e+01,2.048166e+01,2.043274e+01,2.047468e+01,2.063528e+01,2.060039e+01,2.059340e+01,2.058643e+01,2.062132e+01,2.062132e+01,2.060039e+01,2.052358e+01,2.072594e+01,2.060736e+01,2.067016e+01,2.067016e+01,2.069805e+01,2.073988e+01,2.071897e+01,2.073291e+01,2.076775e+01,2.075382e+01,2.069108e+01,2.069108e+01,2.071897e+01,2.069805e+01,2.062830e+01,2.071200e+01,2.067713e+01,2.066318e+01,2.059340e+01,2.060736e+01,2.059340e+01,2.059340e+01,2.058643e+01,2.052358e+01,2.059340e+01,2.063528e+01,2.062830e+01,2.050262e+01,2.060039e+01,2.058643e+01,2.050262e+01,2.055152e+01,2.055152e+01,2.058643e+01,2.051660e+01,2.053755e+01,2.047468e+01,2.054453e+01,2.054453e+01,2.066318e+01,2.055850e+01,2.047468e+01,2.050961e+01,2.052358e+01,2.052358e+01,2.053057e+01,2.059340e+01,2.058643e+01,2.048166e+01,2.055850e+01,2.046070e+01,2.036980e+01,2.029282e+01,2.028582e+01,2.033481e+01,2.027881e+01,2.038379e+01,2.044672e+01,2.041176e+01,2.004047e+01,2.040477e+01,2.032082e+01,2.041176e+01,2.043274e+01,2.040477e+01,2.059340e+01,2.043274e+01,2.053057e+01,2.046070e+01,2.038379e+01,2.050961e+01,2.046769e+01,2.048865e+01,2.046769e+01,2.057944e+01,2.061434e+01,2.061434e+01,2.055850e+01,2.060736e+01,2.073988e+01,2.066318e+01,2.067016e+01,2.069108e+01,2.066318e+01,2.067016e+01,2.065621e+01,2.075382e+01,2.065621e+01,2.064225e+01,2.064923e+01,2.064923e+01,2.062830e+01,2.066318e+01,2.069805e+01,2.069805e+01,2.067016e+01,2.057246e+01,2.070502e+01,2.069805e+01,2.067016e+01,2.069805e+01,2.071200e+01,2.071200e+01,2.068410e+01,2.066318e+01,2.046769e+01,2.062830e+01,2.056548e+01,2.060736e+01,2.067016e+01,2.064923e+01,2.060736e+01,2.067713e+01,2.071897e+01,2.070502e+01,2.074685e+01,2.060736e+01,2.064225e+01,2.055850e+01,2.046769e+01,2.060039e+01,2.058643e+01,2.050262e+01,2.064225e+01,2.057944e+01,2.063528e+01,2.062830e+01,2.060039e+01,2.058643e+01,2.057246e+01,2.056548e+01,2.041176e+01,2.051660e+01,2.058643e+01,2.059340e+01,2.075382e+01,2.058643e+01,2.053057e+01,2.092789e+01,2.090006e+01,2.096962e+01,2.099744e+01,2.093485e+01,2.096962e+01,2.102524e+01,2.099744e+01,2.115027e+01,2.108083e+01,2.090702e+01,2.103914e+01,2.095572e+01,2.099744e+01,2.098353e+01,2.088614e+01,2.092093e+01,2.092093e+01,2.083045e+01,2.085830e+01,2.085830e+01,2.085134e+01,2.087222e+01,2.087222e+01,2.080259e+01,2.100439e+01,2.095572e+01,2.092789e+01,2.094180e+01,2.103219e+01,2.103219e+01,2.099048e+01,2.097658e+01,2.105304e+01,2.099048e+01,2.106693e+01,2.097658e+01,2.117109e+01,2.092789e+01,2.096962e+01,2.097658e+01,2.111555e+01,2.112250e+01,2.098353e+01,2.102524e+01,2.105304e+01,2.101829e+01,2.101829e+01,2.108083e+01,2.111555e+01,2.096962e+01,2.095572e+01,2.103219e+01,2.088614e+01,2.099744e+01,2.108777e+01,2.103219e+01,2.105999e+01,2.103914e+01,2.110166e+01,2.107388e+01,2.105304e+01,2.110861e+01,2.095572e+01,2.111555e+01,2.115027e+01,2.110861e+01,2.108777e+01,2.115027e+01,2.121272e+01,2.110166e+01,2.112250e+01,2.122660e+01,2.118497e+01,2.111555e+01,2.094876e+01,2.109472e+01,2.093485e+01,2.091398e+01,2.095572e+01,2.094876e+01,2.097658e+01,2.086526e+01,2.085134e+01,2.084437e+01,2.094180e+01,2.084437e+01,2.083741e+01,2.087918e+01,2.082348e+01,2.096267e+01,2.092093e+01,2.095572e+01,2.089310e+01,2.088614e+01,2.094180e+01,2.090702e+01,2.096267e+01,2.083741e+01,2.081652e+01,2.078169e+01,2.083045e+01,2.094180e+01,2.096267e+01,2.093485e+01,2.094180e+01,2.077472e+01,2.096962e+01,2.088614e+01,2.091398e+01,2.100439e+01,2.090702e+01,2.094180e+01,2.067016e+01,2.078866e+01,2.085830e+01,2.073988e+01,2.050961e+01,2.056548e+01,2.041875e+01,2.047468e+01,2.036280e+01,2.048166e+01,2.048166e+01,2.050262e+01,2.048865e+01,2.042575e+01,2.057944e+01,2.045371e+01,2.053755e+01,2.043274e+01,2.044672e+01,2.047468e+01,2.044672e+01,2.044672e+01,2.048865e+01,2.051660e+01,2.049564e+01,2.049564e+01,2.036280e+01,2.040477e+01,2.053057e+01,2.050262e+01,2.034181e+01,2.057944e+01,2.047468e+01,2.046769e+01,2.048166e+01,2.044672e+01,2.048865e+01,2.048166e+01,2.056548e+01,2.050961e+01,2.058643e+01,2.046769e+01,2.048865e+01,2.049564e+01,2.032082e+01,2.046070e+01,2.049564e+01,2.053057e+01,2.057944e+01,2.053057e+01,2.036980e+01,2.046070e+01,2.044672e+01,2.033481e+01,2.045371e+01,2.048865e+01,2.053057e+01,2.053057e+01,2.055850e+01,2.039078e+01,2.051660e+01,2.059340e+01,2.046769e+01,2.046769e+01,2.049564e+01,2.048166e+01,2.055850e+01,2.046769e+01,2.051660e+01,2.050262e+01,2.034881e+01,2.043973e+01,2.037679e+01,2.057944e+01,2.037679e+01,2.060736e+01,2.052358e+01,2.045371e+01,2.046070e+01,2.048865e+01,2.046769e+01,2.048166e+01,2.055152e+01,2.060736e+01,2.049564e+01,2.055850e+01,2.046070e+01,2.048865e+01,2.052358e+01,2.054453e+01,2.051660e+01,2.042575e+01,2.041176e+01,2.052358e+01,2.050961e+01,2.045371e+01,2.055152e+01,2.046070e+01,2.050961e+01,2.054453e+01,2.052358e+01,2.041176e+01,2.055850e+01,2.052358e+01,2.058643e+01,2.053755e+01
2.053755e+01,2.057944e+01,2.059340e+01,2.052358e+01,2.062132e+01,2.053057e+01,2.067016e+01,2.069108e+01,2.055152e+01,2.055152e+01,2.058643e+01,2.060736e+01,2.057944e+01,2.056548e+01,2.059340e+01,2.054453e+01,2.061434e+01,2.064225e+01,2.064225e+01,2.060039e+01,2.064225e+01,2.069108e+01,2.070502e+01,2.067713e+01,2.067713e+01,2.064225e+01,2.075382e+01,2.070502e+01,2.054453e+01,2.070502e+01,2.065621e+01,2.051660e+01,2.068410e+01,2.069805e+01,2.068410e+01,2.071897e+01,2.071200e+01,2.071200e+01,2.075382e+01,2.076775e+01,2.059340e+01,2.076079e+01,2.055850e+01,2.076079e+01,2.077472e+01,2.083741e+01,2.083045e+01,2.083741e+01,2.092789e+01,2.082348e+01,2.086526e+01,2.078169e+01,2.073291e+01,2.069108e+01,2.069805e+01,2.066318e+01,2.067016e+01,2.062830e+01,2.065621e+01,2.073291e+01,2.073291e+01,2.075382e+01,2.071200e+01,2.067713e+01,2.067713e+01,2.067016e+01,2.057246e+01,2.069805e+01,2.066318e+01,2.054453e+01,2.059340e+01,2.069805e+01,2.065621e+01,2.068410e+01,2.054453e+01,2.066318e+01,2.064923e+01,2.068410e+01,2.064225e+01,2.064225e+01,2.059340e+01,2.063528e+01,2.061434e+01,2.069805e+01,2.064225e+01,2.043274e+01,2.067713e+01,2.050961e+01,2.069805e+01,2.058643e+01,2.067713e+01,2.057246e+01,2.060039e+01,2.062132e+01,2.056548e+01,2.065621e+01,2.042575e+01,2.042575e+01,2.053057e+01,2.057944e+01,2.056548e+01,2.045371e+01,2.053755e+01,2.054453e+01,2.050262e+01,2.057246e+01,2.049564e+01,2.046070e+01,2.048166e+01,2.048865e+01,2.053057e+01,2.047468e+01,2.048166e+01,2.048166e+01,2.059340e+01,2.051660e+01,2.054453e+01,2.062132e+01,2.108777e+01,2.104609e+01,2.101134e+01,2.074685e+01,2.054453e+01,2.055152e+01,2.049564e+01,2.039078e+01,2.059340e+01,2.042575e+01,2.042575e+01,2.049564e+01,2.061434e+01,2.055152e+01,2.051660e+01,2.040477e+01,2.056548e+01,2.050961e+01,2.054453e+01,2.053057e+01,2.049564e+01,2.048865e+01,2.055152e+01,2.055152e+01,2.065621e+01,2.056548e+01,2.055152e+01,2.060736e+01,2.064923e+01,2.066318e+01,2.062132e+01,2.055850e+01,2.060039e+01,2.058643e+01,2.068410e+01,2.061434e+01,2.050961e+01,2.063528e+01,2.052358e+01,2.071200e+01,2.056548e+01,2.055850e+01,2.051660e+01,2.053057e+01,2.053755e+01,2.062830e+01,2.061434e+01,2.065621e+01,2.060736e+01,2.057246e+01,2.057944e+01,2.064225e+01,2.055850e+01,2.062132e+01,2.050262e+01,2.057246e+01,2.062132e+01,2.057944e+01,2.071897e+01,2.060736e+01,2.057246e+01,2.058643e+01,2.062830e+01,2.067713e+01,2.065621e+01,2.044672e+01,2.050961e+01,2.066318e+01,2.062132e+01,2.065621e+01,2.064923e+01,2.056548e+01,2.059340e+01,2.065621e+01,2.058643e+01,2.054453e+01,2.070502e+01,2.062830e+01,2.047468e+01,2.052358e+01,2.046070e+01,2.055152e+01,2.049564e+01,2.057944e+01,2.062830e+01,2.050262e+01,2.073291e+01,2.062830e+01,2.055850e+01,2.071897e+01,2.048865e+01,2.057944e+01,2.053057e+01,2.054453e+01,2.057246e+01,2.060736e+01,2.048865e+01,2.050961e+01,2.050262e+01,2.057944e+01,2.052358e+01,2.055152e+01,2.060039e+01,2.053755e+01,2.055152e+01,2.061434e+01,2.060039e+01,2.056548e+01,2.047468e+01,2.060736e+01,2.050961e+01,2.048166e+01,2.048865e+01,2.049564e+01,2.048865e+01,2.033481e+01,2.035581e+01,2.036980e+01,2.015971e+01,2.030682e+01,2.016672e+01,2.015270e+01,1.999835e+01,1.997026e+01,1.996324e+01,1.997728e+01,1.996324e+01,1.997026e+01,2.003345e+01,2.014569e+01,2.015270e+01,2.013167e+01,2.012466e+01,2.001941e+01,2.001239e+01,1.992109e+01,1.992109e+01,1.981563e+01,1.982969e+01,1.974526e+01,1.982266e+01,1.978749e+01,1.990703e+01,1.991406e+01,1.989297e+01,2.004047e+01,2.014569e+01,2.024380e+01,2.025080e+01,2.022278e+01,2.041176e+01,2.024380e+01,2.043973e+01,2.044672e+01,2.048166e+01,2.053057e+01,2.056548e+01,2.052358e+01,2.063528e+01,2.064923e+01,2.060736e+01,2.058643e+01,2.065621e+01,2.060736e+01,2.062132e+01,2.069108e+01,2.062830e+01,2.067016e+01,2.071897e+01,2.070502e+01,2.073291e+01,2.071897e+01,2.073291e+01,2.071200e+01,2.068410e+01,2.069805e+01,2.064923e+01,2.071897e+01,2.074685e+01,2.061434e+01,2.066318e+01,2.064225e+01,2.067713e+01,2.066318e+01,2.060039e+01,2.061434e+01,2.054453e+01,2.058643e+01,2.064225e+01,2.059340e+01,2.055152e+01,2.062830e+01,2.053057e+01,2.057944e+01,2.053755e+01,2.062132e+01,2.049564e+01,2.050961e+01,2.053057e+01,2.050961e+01,2.056548e+01,2.059340e+01,2.061434e+01,2.052358e+01,2.046070e+01,2.059340e+01,2.060039e+01,2.056548e+01,2.060736e+01,2.060039e+01,2.059340e+01,2.050961e+01,2.053057e+01,2.043973e+01,2.042575e+01,2.043274e+01,2.038379e+01,2.034881e+01,2.028582e+01,2.027181e+01,2.029282e+01,2.028582e+01,2.039078e+01,2.043973e+01,2.041875e+01,2.045371e+01,2.040477e+01,2.028582e+01,2.045371e+01,2.043973e+01,2.045371e+01,2.045371e+01,2.045371e+01,2.054453e+01,2.044672e+01,2.041176e+01,2.041176e+01,2.054453e+01,2.051660e+01,2.054453e+01,2.064225e+01,2.058643e+01,2.057944e+01,2.060736e+01,2.068410e+01,2.060039e+01,2.071897e+01,2.067713e+01,2.069805e+01,2.055152e+01,2.061434e+01,2.077472e+01,2.061434e+01,2.064923e+01,2.067016e+01,2.063528e+01,2.067016e+01,2.073291e+01,2.064225e+01,2.069108e+01,2.058643e+01,2.066318e+01,2.067713e+01,2.077472e+01,2.067713e+01,2.068410e+01,2.069805e+01,2.067016e+01,2.073291e+01,2.066318e+01,2.067016e+01,2.066318e+01,2.043973e+01,2.055850e+01,2.068410e+01,2.069108e+01,2.057944e+01,2.069108e+01,2.070502e+01,2.073291e+01,2.071200e+01,2.073291e+01,2.050961e+01,2.055850e+01,2.062132e+01,2.058643e+01,2.056548e+01,2.057246e+01,2.060039e+01,2.060736e+01,2.062132e+01,2.057246e+01,2.056548e+01,2.060039e+01,2.055850e+01,2.053755e+01,2.053755e+01,2.064225e+01,2.058643e+01,2.057944e+01,2.053755e+01,2.071897e+01,2.064225e+01,2.067713e+01,2.087918e+01,2.068410e+01,2.090006e+01,2.091398e+01,2.093485e+01,2.105304e+01,2.107388e+01,2.108083e+01,2.108777e+01,2.108777e+01,2.115027e+01,2.106693e+01,2.115721e+01,2.117109e+01,2.096267e+01,2.085134e+01,2.090006e+01,2.099048e+01,2.085830e+01,2.091398e+01,2.103914e+01,2.090006e+01,2.088614e+01,2.090702e+01,2.092093e+01,2.092093e+01,2.092789e+01,2.085830e+01,2.094180e+01,2.096962e+01,2.101134e+01,2.104609e+01,2.097658e+01,2.101134e+01,2.094180e+01,2.112944e+01,2.112250e+01,2.113638e+01,2.096962e+01,2.087918e+01,2.105999e+01,2.098353e+01,2.102524e+01,2.100439e+01,2.101829e+01,2.098353e+01,2.096962e+01,2.105999e+01,2.094876e+01,2.101829e+01,2.106693e+01,2.106693e+01,2.095572e+01,2.096962e+01,2.090702e+01,2.098353e+01,2.099048e+01,2.106693e+01,2.091398e+01,2.096267e+01,2.104609e+01,2.105304e+01,2.112944e+01,2.103219e+01,2.107388e+01,2.110166e+01,2.126127e+01,2.123353e+01,2.110166e+01,2.122660e+01,2.119191e+01,2.123353e+01,2.108083e+01,2.109472e+01,2.119885e+01,2.092789e+01,2.092789e+01,2.087918e+01,2.089310e+01,2.096962e+01,2.093485e+01,2.091398e+01,2.090702e+01,2.085830e+01,2.088614e+01,2.086526e+01,2.083045e+01,2.080955e+01,2.083741e+01,2.089310e+01,2.090006e+01,2.084437e+01,2.087918e+01,2.086526e+01,2.092789e+01,2.091398e+01,2.098353e+01,2.090702e+01,2.095572e+01,2.087222e+01,2.078169e+01,2.094180e+01,2.110861e+01,2.095572e+01,2.090702e+01,2.085134e+01,2.101134e+01,2.089310e+01,2.103219e+01,2.074685e+01,2.103914e+01,2.098353e+01,2.078866e+01,2.094180e+01,2.078866e+01,2.069805e+01,2.057944e+01,2.060039e+01,2.060736e+01,2.048166e+01,2.048166e+01,2.052358e+01,2.053755e+01,2.055152e+01,2.054453e+01,2.055850e+01,2.058643e+01,2.052358e+01,2.043274e+01,2.048865e+01,2.071897e+01,2.046070e+01,2.050262e+01,2.049564e+01,2.050262e+01,2.049564e+01,2.050262e+01,2.049564e+01,2.043274e+01,2.055152e+01,2.039078e+01,2.057246e+01,2.053755e+01,2.053755e+01,2.048166e+01,2.046070e+01,2.043973e+01,2.045371e+01,2.047468e+01,2.042575e+01,2.045371e+01,2.062830e+01,2.056548e+01,2.057246e+01,2.045371e+01,2.047468e+01,2.053755e+01,2.048166e+01,2.050961e+01,2.050961e+01,2.055152e+01,2.038379e+01,2.052358e+01,2.047468e+01,2.054453e+01,2.054453e+01,2.058643e+01,2.056548e+01,2.055152e+01,2.050961e+01,2.042575e+01,2.049564e+01,2.048166e+01,2.059340e+01,2.053057e+01,2.053755e+01,2.053057e+01,2.044672e+01,2.053755e+01,2.053755e+01,2.057246e+01,2.050262e+01,2.062132e+01,2.045371e+01,2.045371e+01,2.037679e+01,2.055152e+01,2.043274e+01,2.081652e+01,2.061434e+01,2.051660e+01,2.053755e+01,2.050262e+01,2.049564e+01,2.051660e+01,2.049564e+01,2.055850e+01,2.053755e+01,2.053755e+01,2.049564e+01,2.060039e+01,2.051660e+01,2.043973e+01,2.053755e+01,2.036980e+01,2.054453e+01,2.050262e+01,2.050262e+01,2.057246e+01,2.051660e+01,2.061434e+01,2.062132e+01,2.043274e+01,2.052358e+01,2.054453e+01,2.053755e+01,2.051660e+01,2.049564e+01
2.062132e+01,2.061434e+01,2.054453e+01,2.050262e+01,2.057246e+01,2.062830e+01,2.055850e+01,2.058643e+01,2.057246e+01,2.057944e+01,2.062830e+01,2.057246e+01,2.057944e+01,2.055152e+01,2.057246e+01,2.069108e+01,2.066318e+01,2.092789e+01,2.060736e+01,2.069108e+01,2.060736e+01,2.065621e+01,2.067713e+01,2.053057e+01,2.069108e+01,2.063528e+01,2.077472e+01,2.070502e+01,2.057944e+01,2.069108e+01,2.069805e+01,2.068410e+01,2.067016e+01,2.071897e+01,2.078866e+01,2.073988e+01,2.055152e+01,2.078169e+01,2.076079e+01,2.079562e+01,2.072594e+01,2.072594e+01,2.060736e+01,2.078169e+01,2.081652e+01,2.085830e+01,2.084437e+01,2.094180e+01,2.086526e+01,2.086526e+01,2.072594e+01,2.073291e+01,2.068410e+01,2.071200e+01,2.063528e+01,2.058643e+01,2.069108e+01,2.076079e+01,2.069108e+01,2.070502e+01,2.075382e+01,2.073988e+01,2.072594e+01,2.079562e+01,2.067713e+01,2.062132e+01,2.071200e+01,2.073291e+01,2.067713e+01,2.064923e+01,2.067713e+01,2.066318e+01,2.060039e+01,2.059340e+01,2.067016e+01,2.067713e+01,2.057246e+01,2.062830e+01,2.067016e+01,2.062132e+01,2.066318e+01,2.071897e+01,2.064225e+01,2.062830e+01,2.069805e+01,2.064923e+01,2.053755e+01,2.071897e+01,2.066318e+01,2.060736e+01,2.064923e+01,2.067713e+01,2.066318e+01,2.090006e+01,2.065621e+01,2.053755e+01,2.054453e+01,2.057944e+01,2.059340e+01,2.057246e+01,2.061434e+01,2.055850e+01,2.053057e+01,2.058643e+01,2.060736e+01,2.048166e+01,2.044672e+01,2.048865e+01,2.065621e+01,2.053755e+01,2.064923e+01,2.056548e+01,2.060736e+01,2.050961e+01,2.060736e+01,2.060039e+01,2.056548e+01,2.075382e+01,2.104609e+01,2.111555e+01,2.100439e+01,2.099744e+01,2.055152e+01,2.048865e+01,2.051660e+01,2.046070e+01,2.052358e+01,2.059340e+01,2.051660e+01,2.055850e+01,2.055850e+01,2.050262e+01,2.062830e+01,2.045371e+01,2.069108e+01,2.062830e+01,2.053057e+01,2.054453e+01,2.053755e+01,2.053755e+01,2.066318e+01,2.056548e+01,2.067016e+01,2.055152e+01,2.056548e+01,2.057944e+01,2.066318e+01,2.061434e+01,2.065621e+01,2.060039e+01,2.057246e+01,2.061434e+01,2.062830e+01,2.062132e+01,2.062132e+01,2.053755e+01,2.061434e+01,2.055152e+01,2.055152e+01,2.052358e+01,2.051660e+01,2.053755e+01,2.053755e+01,2.057944e+01,2.064923e+01,2.064923e+01,2.064923e+01,2.062830e+01,2.072594e+01,2.060736e+01,2.060039e+01,2.062132e+01,2.085134e+01,2.063528e+01,2.053057e+01,2.069805e+01,2.058643e+01,2.066318e+01,2.057246e+01,2.055850e+01,2.068410e+01,2.065621e+01,2.062830e+01,2.049564e+01,2.060736e+01,2.054453e+01,2.066318e+01,2.059340e+01,2.055850e+01,2.069805e+01,2.062830e+01,2.058643e+01,2.057246e+01,2.061434e+01,2.054453e+01,2.059340e+01,2.048865e+01,2.050262e+01,2.059340e+01,2.050262e+01,2.053755e+01,2.055850e+01,2.057246e+01,2.056548e+01,2.057944e+01,2.057944e+01,2.058643e+01,2.058643e+01,2.048166e+01,2.072594e+01,2.047468e+01,2.061434e+01,2.065621e+01,2.057246e+01,2.059340e+01,2.058643e+01,2.068410e+01,2.062830e+01,2.076079e+01,2.053755e+01,2.065621e+01,2.058643e+01,2.055850e+01,2.058643e+01,2.055152e+01,2.062132e+01,2.061434e+01,2.052358e+01,2.061434e+01,2.050262e+01,2.054453e+01,2.055152e+01,2.039778e+01,2.041176e+01,2.022278e+01,2.013167e+01,2.006854e+01,2.020177e+01,2.002643e+01,2.003345e+01,1.997728e+01,1.997026e+01,1.998431e+01,1.993514e+01,1.995621e+01,2.006152e+01,1.997026e+01,1.997026e+01,2.000537e+01,2.007556e+01,2.003345e+01,1.985782e+01,2.014569e+01,1.995621e+01,1.992109e+01,1.990703e+01,1.975934e+01,1.979452e+01,1.990703e+01,1.997026e+01,1.999133e+01,2.000537e+01,2.009660e+01,2.006152e+01,2.011764e+01,2.021578e+01,2.025080e+01,2.036980e+01,2.048166e+01,2.042575e+01,2.032782e+01,2.045371e+01,2.048865e+01,2.055850e+01,2.053755e+01,2.073988e+01,2.065621e+01,2.062830e+01,2.062830e+01,2.065621e+01,2.063528e+01,2.064923e+01,2.064923e+01,2.078169e+01,2.075382e+01,2.067016e+01,2.087222e+01,2.069108e+01,2.067713e+01,2.072594e+01,2.069108e+01,2.073988e+01,2.073988e+01,2.068410e+01,2.078169e+01,2.069805e+01,2.070502e+01,2.070502e+01,2.085830e+01,2.069108e+01,2.055152e+01,2.059340e+01,2.057944e+01,2.058643e+01,2.057944e+01,2.056548e+01,2.056548e+01,2.054453e+01,2.080259e+01,2.060736e+01,2.053755e+01,2.060039e+01,2.056548e+01,2.059340e+01,2.064225e+01,2.062830e+01,2.062830e+01,2.057944e+01,2.050961e+01,2.059340e+01,2.082348e+01,2.057246e+01,2.057944e+01,2.059340e+01,2.066318e+01,2.057944e+01,2.058643e+01,2.057246e+01,2.055850e+01,2.048166e+01,2.053057e+01,2.051660e+01,2.043274e+01,2.045371e+01,2.042575e+01,2.032082e+01,2.029982e+01,2.027181e+01,2.042575e+01,2.032082e+01,2.040477e+01,2.030682e+01,2.042575e+01,2.040477e+01,2.041875e+01,2.027881e+01,2.050262e+01,2.039778e+01,2.041176e+01,2.039778e+01,2.041875e+01,2.042575e+01,2.043274e+01,2.042575e+01,2.032082e+01,2.035581e+01,2.048865e+01,2.053755e+01,2.054453e+01,2.058643e+01,2.055152e+01,2.062830e+01,2.067016e+01,2.073291e+01,2.064225e+01,2.077472e+01,2.078866e+01,2.069108e+01,2.076079e+01,2.078169e+01,2.061434e+01,2.064923e+01,2.061434e+01,2.073291e+01,2.066318e+01,2.078866e+01,2.064923e+01,2.063528e+01,2.076775e+01,2.053755e+01,2.082348e+01,2.071897e+01,2.067713e+01,2.068410e+01,2.065621e+01,2.069108e+01,2.069108e+01,2.070502e+01,2.065621e+01,2.064225e+01,2.059340e+01,2.062830e+01,2.055850e+01,2.069805e+01,2.087222e+01,2.066318e+01,2.069108e+01,2.069805e+01,2.072594e+01,2.073291e+01,2.062132e+01,2.060736e+01,2.053755e+01,2.062830e+01,2.053057e+01,2.055850e+01,2.058643e+01,2.054453e+01,2.055152e+01,2.060736e+01,2.057944e+01,2.057944e+01,2.066318e+01,2.054453e+01,2.055152e+01,2.073988e+01,2.062132e+01,2.053755e+01,2.056548e+01,2.055152e+01,2.056548e+01,2.068410e+01,2.090702e+01,2.087918e+01,2.092093e+01,2.103914e+01,2.092093e+01,2.103219e+01,2.097658e+01,2.096962e+01,2.109472e+01,2.101134e+01,2.115721e+01,2.110166e+01,2.117803e+01,2.112944e+01,2.094180e+01,2.099048e+01,2.099048e+01,2.100439e+01,2.102524e+01,2.101134e+01,2.087222e+01,2.089310e+01,2.090702e+01,2.092789e+01,2.094180e+01,2.073988e+01,2.093485e+01,2.094180e+01,2.095572e+01,2.094876e+01,2.085830e+01,2.093485e+01,2.091398e+01,2.098353e+01,2.088614e+01,2.087918e+01,2.094876e+01,2.110166e+01,2.090006e+01,2.090702e+01,2.095572e+01,2.099744e+01,2.099744e+01,2.092789e+01,2.102524e+01,2.096267e+01,2.101134e+01,2.105999e+01,2.103914e+01,2.088614e+01,2.094180e+01,2.094876e+01,2.093485e+01,2.094180e+01,2.093485e+01,2.101829e+01,2.099048e+01,2.092093e+01,2.101134e+01,2.096962e+01,2.112944e+01,2.094876e+01,2.095572e+01,2.108777e+01,2.106693e+01,2.106693e+01,2.108083e+01,2.115027e+01,2.115721e+01,2.109472e+01,2.112944e+01,2.102524e+01,2.101134e+01,2.105304e+01,2.086526e+01,2.105999e+01,2.090702e+01,2.094876e+01,2.093485e+01,2.093485e+01,2.092093e+01,2.086526e+01,2.086526e+01,2.089310e+01,2.097658e+01,2.094876e+01,2.090006e+01,2.080259e+01,2.091398e+01,2.090702e+01,2.096962e+01,2.095572e+01,2.090006e+01,2.098353e+01,2.096962e+01,2.080955e+01,2.089310e+01,2.098353e+01,2.106693e+01,2.096267e+01,2.083045e+01,2.099744e+01,2.094180e+01,2.093485e+01,2.094876e+01,2.087222e+01,2.101134e+01,2.094876e+01,2.094180e+01,2.091398e+01,2.098353e+01,2.095572e+01,2.089310e+01,2.096962e+01,2.085134e+01,2.067713e+01,2.069108e+01,2.060736e+01,2.047468e+01,2.055850e+01,2.052358e+01,2.048865e+01,2.050961e+01,2.050961e+01,2.036280e+01,2.057944e+01,2.041875e+01,2.046070e+01,2.043973e+01,2.046070e+01,2.043973e+01,2.058643e+01,2.041875e+01,2.048166e+01,2.051660e+01,2.049564e+01,2.054453e+01,2.048166e+01,2.036280e+01,2.055152e+01,2.053755e+01,2.048865e+01,2.050262e+01,2.053755e+01,2.053755e+01,2.043973e+01,2.060039e+01,2.056548e+01,2.053755e+01,2.050961e+01,2.043973e+01,2.063528e+01,2.053057e+01,2.052358e+01,2.042575e+01,2.056548e+01,2.049564e+01,2.050961e+01,2.046070e+01,2.054453e+01,2.048865e+01,2.040477e+01,2.052358e+01,2.044672e+01,2.042575e+01,2.046070e+01,2.052358e+01,2.046769e+01,2.043973e+01,2.044672e+01,2.053057e+01,2.054453e+01,2.053755e+01,2.039078e+01,2.055152e+01,2.051660e+01,2.054453e+01,2.032782e+01,2.048166e+01,2.053755e+01,2.048865e+01,2.033481e+01,2.055152e+01,2.047468e+01,2.052358e+01,2.039778e+01,2.048166e+01,2.046070e+01,2.041176e+01,2.062132e+01,2.057246e+01,2.055850e+01,2.050262e+01,2.057246e+01,2.044672e+01,2.039078e+01,2.059340e+01,2.042575e+01,2.048865e+01,2.051660e+01,2.056548e+01,2.053755e+01,2.059340e+01,2.057246e+01,2.049564e+01,2.054453e+01,2.057246e+01,2.055152e+01,2.047468e+01,2.048865e+01,2.053057e+01,2.050262e+01,2.060736e+01,2.043973e+01,2.057944e+01,2.053057e+01,2.052358e+01,2.048865e+01
2.067016e+01,2.061434e+01,2.057246e+01,2.061434e+01,2.054453e+01,2.054453e+01,2.056548e+01,2.062830e+01,2.058643e+01,2.062830e+01,2.056548e+01,2.066318e+01,2.064923e+01,2.062830e+01,2.060039e+01,2.054453e+01,2.069805e+01,2.071200e+01,2.055850e+01,2.059340e+01,2.058643e+01,2.062132e+01,2.063528e+01,2.064225e+01,2.071897e+01,2.056548e+01,2.068410e+01,2.065621e+01,2.072594e+01,2.068410e+01,2.068410e+01,2.070502e+01,2.069108e+01,2.069805e+01,2.073988e+01,2.080259e+01,2.091398e+01,2.092789e+01,2.064225e+01,2.077472e+01,2.061434e+01,2.061434e+01,2.064225e+01,2.085830e+01,2.080259e+01,2.080955e+01,2.087918e+01,2.079562e+01,2.092093e+01,2.073988e+01,2.075382e+01,2.071200e+01,2.068410e+01,2.062830e+01,2.063528e+01,2.070502e+01,2.065621e+01,2.067713e+01,2.072594e+01,2.069805e+01,2.052358e+01,2.057944e+01,2.058643e+01,2.057944e+01,2.064225e+01,2.077472e+01,2.073291e+01,2.065621e+01,2.085830e+01,2.067713e+01,2.062132e+01,2.065621e+01,2.066318e+01,2.071200e+01,2.064923e+01,2.061434e+01,2.061434e+01,2.064923e+01,2.065621e+01,2.064225e+01,2.060039e+01,2.074685e+01,2.061434e+01,2.064225e+01,2.070502e+01,2.051660e+01,2.065621e+01,2.059340e+01,2.070502e+01,2.069108e+01,2.066318e+01,2.063528e+01,2.055152e+01,2.059340e+01,2.062830e+01,2.051660e+01,2.054453e+01,2.055850e+01,2.053057e+01,2.051660e+01,2.063528e+01,2.060736e+01,2.057246e+01,2.050961e+01,2.052358e+01,2.048166e+01,2.047468e+01,2.048166e+01,2.048166e+01,2.067713e+01,2.049564e+01,2.060736e+01,2.039778e+01,2.066318e+01,2.050961e+01,2.057246e+01,2.062132e+01,2.089310e+01,2.096267e+01,2.102524e+01,2.106693e+01,2.095572e+01,2.055850e+01,2.055152e+01,2.044672e+01,2.046070e+01,2.050262e+01,2.071897e+01,2.043274e+01,2.067016e+01,2.050262e+01,2.053057e+01,2.052358e+01,2.062830e+01,2.060736e+01,2.063528e+01,2.042575e+01,2.062132e+01,2.069108e+01,2.043274e+01,2.062132e+01,2.059340e+01,2.048166e+01,2.060039e+01,2.058643e+01,2.055850e+01,2.064923e+01,2.059340e+01,2.060039e+01,2.060736e+01,2.057246e+01,2.058643e+01,2.061434e+01,2.065621e+01,2.055152e+01,2.072594e+01,2.071200e+01,2.062830e+01,2.052358e+01,2.052358e+01,2.061434e+01,2.054453e+01,2.056548e+01,2.066318e+01,2.062830e+01,2.060039e+01,2.069805e+01,2.060736e+01,2.059340e+01,2.062830e+01,2.055850e+01,2.060736e+01,2.061434e+01,2.060736e+01,2.063528e+01,2.069805e+01,2.050262e+01,2.062132e+01,2.050262e+01,2.056548e+01,2.048865e+01,2.063528e+01,2.055850e+01,2.053057e+01,2.057944e+01,2.057246e+01,2.062132e+01,2.072594e+01,2.071200e+01,2.065621e+01,2.069108e+01,2.060039e+01,2.054453e+01,2.057246e+01,2.064225e+01,2.062132e+01,2.059340e+01,2.062132e+01,2.061434e+01,2.057246e+01,2.058643e+01,2.059340e+01,2.050961e+01,2.059340e+01,2.057246e+01,2.058643e+01,2.060736e+01,2.051660e+01,2.060039e+01,2.057944e+01,2.064225e+01,2.057944e+01,2.056548e+01,2.065621e+01,2.066318e+01,2.063528e+01,2.051660e+01,2.044672e+01,2.058643e+01,2.073291e+01,2.062830e+01,2.056548e+01,2.052358e+01,2.060039e+01,2.060736e+01,2.060736e+01,2.063528e+01,2.060736e+01,2.058643e+01,2.061434e+01,2.042575e+01,2.042575e+01,2.037679e+01,2.037679e+01,2.040477e+01,2.001239e+01,2.011764e+01,2.010362e+01,2.008257e+01,2.008257e+01,1.997728e+01,1.997728e+01,1.995621e+01,1.994919e+01,1.994919e+01,1.997728e+01,2.008257e+01,1.999133e+01,2.014569e+01,1.999835e+01,1.998431e+01,2.003345e+01,1.997026e+01,1.985079e+01,1.992811e+01,1.995621e+01,1.985782e+01,1.997026e+01,1.978749e+01,2.006854e+01,2.007556e+01,2.008959e+01,2.006152e+01,2.023680e+01,2.029282e+01,2.021578e+01,2.037679e+01,2.029282e+01,2.049564e+01,2.043973e+01,2.045371e+01,2.043973e+01,2.046769e+01,2.050262e+01,2.062830e+01,2.059340e+01,2.051660e+01,2.060736e+01,2.067016e+01,2.071200e+01,2.064923e+01,2.065621e+01,2.065621e+01,2.076079e+01,2.076079e+01,2.070502e+01,2.067016e+01,2.069805e+01,2.071897e+01,2.071897e+01,2.069805e+01,2.079562e+01,2.077472e+01,2.069805e+01,2.067713e+01,2.070502e+01,2.072594e+01,2.069805e+01,2.068410e+01,2.059340e+01,2.067713e+01,2.063528e+01,2.067713e+01,2.065621e+01,2.057246e+01,2.067713e+01,2.060039e+01,2.063528e+01,2.056548e+01,2.055850e+01,2.062830e+01,2.076079e+01,2.055152e+01,2.059340e+01,2.065621e+01,2.062132e+01,2.056548e+01,2.071200e+01,2.060736e+01,2.053057e+01,2.070502e+01,2.060039e+01,2.060039e+01,2.062830e+01,2.065621e+01,2.069108e+01,2.062132e+01,2.059340e+01,2.057944e+01,2.078866e+01,2.058643e+01,2.054453e+01,2.052358e+01,2.053755e+01,2.039778e+01,2.034181e+01,2.031382e+01,2.032782e+01,2.030682e+01,2.033481e+01,2.030682e+01,2.037679e+01,2.037679e+01,2.034881e+01,2.038379e+01,2.041176e+01,2.047468e+01,2.055850e+01,2.051660e+01,2.041875e+01,2.053755e+01,2.036280e+01,2.040477e+01,2.045371e+01,2.039078e+01,2.050262e+01,2.051660e+01,2.051660e+01,2.053755e+01,2.055152e+01,2.057944e+01,2.063528e+01,2.059340e+01,2.053057e+01,2.063528e+01,2.074685e+01,2.058643e+01,2.065621e+01,2.062132e+01,2.064923e+01,2.076775e+01,2.060039e+01,2.073988e+01,2.064225e+01,2.053057e+01,2.070502e+01,2.070502e+01,2.058643e+01,2.062830e+01,2.062132e+01,2.067016e+01,2.064225e+01,2.065621e+01,2.070502e+01,2.071897e+01,2.068410e+01,2.071200e+01,2.071897e+01,2.067016e+01,2.069805e+01,2.069108e+01,2.055850e+01,2.056548e+01,2.048865e+01,2.060039e+01,2.067713e+01,2.073988e+01,2.069805e+01,2.083741e+01,2.073291e+01,2.069108e+01,2.060736e+01,2.059340e+01,2.055850e+01,2.060039e+01,2.057944e+01,2.055850e+01,2.066318e+01,2.058643e+01,2.054453e+01,2.061434e+01,2.053755e+01,2.062132e+01,2.057944e+01,2.058643e+01,2.077472e+01,2.067713e+01,2.051660e+01,2.053755e+01,2.057246e+01,2.062830e+01,2.084437e+01,2.084437e+01,2.090006e+01,2.090006e+01,2.083045e+01,2.094876e+01,2.112250e+01,2.096267e+01,2.093485e+01,2.107388e+01,2.105999e+01,2.098353e+01,2.116415e+01,2.106693e+01,2.113638e+01,2.115027e+01,2.098353e+01,2.087918e+01,2.098353e+01,2.099744e+01,2.100439e+01,2.087918e+01,2.083045e+01,2.096962e+01,2.092093e+01,2.092093e+01,2.092789e+01,2.091398e+01,2.092093e+01,2.090702e+01,2.093485e+01,2.092093e+01,2.090006e+01,2.089310e+01,2.094180e+01,2.091398e+01,2.093485e+01,2.091398e+01,2.109472e+01,2.095572e+01,2.087918e+01,2.088614e+01,2.098353e+01,2.093485e+01,2.101134e+01,2.094180e+01,2.092789e+01,2.088614e+01,2.100439e+01,2.086526e+01,2.092093e+01,2.096962e+01,2.093485e+01,2.094876e+01,2.096962e+01,2.090702e+01,2.088614e+01,2.100439e+01,2.096962e+01,2.102524e+01,2.105999e+01,2.094180e+01,2.092093e+01,2.083741e+01,2.092093e+01,2.105999e+01,2.109472e+01,2.112250e+01,2.110166e+01,2.121966e+01,2.105999e+01,2.099744e+01,2.078866e+01,2.090702e+01,2.104609e+01,2.093485e+01,2.099744e+01,2.095572e+01,2.087222e+01,2.099744e+01,2.092093e+01,2.082348e+01,2.085134e+01,2.088614e+01,2.088614e+01,2.096962e+01,2.090006e+01,2.092789e+01,2.092093e+01,2.094180e+01,2.096267e+01,2.090702e+01,2.092093e+01,2.087918e+01,2.099744e+01,2.095572e+01,2.097658e+01,2.103914e+01,2.100439e+01,2.087918e+01,2.090702e+01,2.095572e+01,2.096267e+01,2.110166e+01,2.112944e+01,2.097658e+01,2.100439e+01,2.094876e+01,2.095572e+01,2.096267e+01,2.108083e+01,2.089310e+01,2.094876e+01,2.093485e+01,2.078866e+01,2.083045e+01,2.090006e+01,2.061434e+01,2.049564e+01,2.050262e+01,2.057246e+01,2.063528e+01,2.053755e+01,2.051660e+01,2.049564e+01,2.053755e+01,2.053057e+01,2.053057e+01,2.058643e+01,2.046769e+01,2.048166e+01,2.055850e+01,2.045371e+01,2.052358e+01,2.049564e+01,2.052358e+01,2.050262e+01,2.063528e+01,2.047468e+01,2.053057e+01,2.048865e+01,2.050961e+01,2.054453e+01,2.055850e+01,2.053057e+01,2.051660e+01,2.043973e+01,2.055850e+01,2.053057e+01,2.044672e+01,2.053057e+01,2.061434e+01,2.040477e+01,2.041176e+01,2.056548e+01,2.055152e+01,2.041875e+01,2.057246e+01,2.048166e+01,2.046769e+01,2.048166e+01,2.059340e+01,2.046769e+01,2.045371e+01,2.041875e+01,2.059340e+01,2.059340e+01,2.053755e+01,2.045371e+01,2.052358e+01,2.052358e+01,2.053057e+01,2.045371e+01,2.053755e+01,2.055152e+01,2.062830e+01,2.060039e+01,2.061434e+01,2.047468e+01,2.049564e+01,2.036980e+01,2.046769e+01,2.061434e+01,2.033481e+01,2.039078e+01,2.037679e+01,2.053057e+01,2.075382e+01,2.048865e+01,2.050961e+01,2.055152e+01,2.060736e+01,2.049564e+01,2.050262e+01,2.054453e+01,2.049564e+01,2.060039e+01,2.049564e+01,2.053755e+01,2.048865e+01,2.050961e+01,2.057246e+01,2.050961e+01,2.055850e+01,2.051660e+01,2.067016e+01,2.059340e+01,2.055152e+01,2.059340e+01,2.056548e+01,2.056548e+01,2.055850e+01,2.044672e+01,2.050262e+01,2.045371e+01,2.052358e+01,2.055152e+01,2.054453e+01,2.054453e+01
2.063528e+01,2.061434e+01,2.053057e+01,2.051660e+01,2.055152e+01,2.050961e+01,2.053755e+01,2.055152e+01,2.054453e+01,2.064225e+01,2.062132e+01,2.061434e+01,2.057944e+01,2.055850e+01,2.065621e+01,2.053755e+01,2.062830e+01,2.064923e+01,2.058643e+01,2.064225e+01,2.060039e+01,2.078169e+01,2.062830e+01,2.073291e+01,2.062132e+01,2.069108e+01,2.063528e+01,2.064225e+01,2.064225e+01,2.062132e+01,2.071200e+01,2.064923e+01,2.071897e+01,2.071200e+01,2.080259e+01,2.072594e+01,2.076079e+01,2.073988e+01,2.075382e+01,2.076775e+01,2.061434e+01,2.069805e+01,2.055850e+01,2.076079e+01,2.075382e+01,2.090006e+01,2.084437e+01,2.090702e+01,2.072594e+01,2.071200e+01,2.070502e+01,2.076775e+01,2.068410e+01,2.069805e+01,2.062830e+01,2.071897e+01,2.062132e+01,2.071897e+01,2.054453e+01,2.048166e+01,2.064923e+01,2.057246e+01,2.060039e+01,2.066318e+01,2.065621e+01,2.067713e+01,2.064923e+01,2.069108e+01,2.066318e+01,2.065621e+01,2.067016e+01,2.062830e+01,2.067016e+01,2.064923e+01,2.057944e+01,2.064225e+01,2.057246e+01,2.065621e+01,2.069805e+01,2.064923e+01,2.062830e+01,2.064225e+01,2.062132e+01,2.047468e+01,2.063528e+01,2.061434e+01,2.068410e+01,2.066318e+01,2.061434e+01,2.062132e+01,2.064923e+01,2.056548e+01,2.065621e+01,2.064923e+01,2.055152e+01,2.061434e+01,2.056548e+01,2.055850e+01,2.047468e+01,2.056548e+01,2.039778e+01,2.050961e+01,2.052358e+01,2.061434e+01,2.046769e+01,2.047468e+01,2.045371e+01,2.048166e+01,2.048865e+01,2.055152e+01,2.050262e+01,2.067016e+01,2.052358e+01,2.048166e+01,2.065621e+01,2.047468e+01,2.076079e+01,2.078169e+01,2.101134e+01,2.087918e+01,2.101134e+01,2.083741e+01,2.056548e+01,2.053057e+01,2.049564e+01,2.050961e+01,2.054453e+01,2.048865e+01,2.054453e+01,2.057944e+01,2.043274e+01,2.057944e+01,2.042575e+01,2.064225e+01,2.053755e+01,2.053057e+01,2.045371e+01,2.053057e+01,2.071200e+01,2.060039e+01,2.060736e+01,2.062830e+01,2.055152e+01,2.062132e+01,2.056548e+01,2.055850e+01,2.051660e+01,2.056548e+01,2.056548e+01,2.055152e+01,2.064225e+01,2.064225e+01,2.062830e+01,2.055152e+01,2.060736e+01,2.060736e+01,2.055850e+01,2.050262e+01,2.053755e+01,2.050262e+01,2.055152e+01,2.066318e+01,2.052358e+01,2.062830e+01,2.061434e+01,2.062830e+01,2.062830e+01,2.067713e+01,2.060039e+01,2.057944e+01,2.061434e+01,2.057246e+01,2.058643e+01,2.064923e+01,2.060736e+01,2.060736e+01,2.061434e+01,2.056548e+01,2.059340e+01,2.074685e+01,2.053755e+01,2.076775e+01,2.067016e+01,2.055152e+01,2.066318e+01,2.059340e+01,2.073291e+01,2.055850e+01,2.051660e+01,2.040477e+01,2.050961e+01,2.050961e+01,2.056548e+01,2.055152e+01,2.054453e+01,2.064225e+01,2.050262e+01,2.062132e+01,2.048166e+01,2.051660e+01,2.060039e+01,2.060039e+01,2.061434e+01,2.055152e+01,2.058643e+01,2.053057e+01,2.052358e+01,2.054453e+01,2.055152e+01,2.069108e+01,2.057246e+01,2.047468e+01,2.062830e+01,2.058643e+01,2.057944e+01,2.066318e+01,2.060039e+01,2.057944e+01,2.050961e+01,2.053755e+01,2.061434e+01,2.057944e+01,2.055152e+01,2.061434e+01,2.057246e+01,2.065621e+01,2.056548e+01,2.051660e+01,2.062830e+01,2.052358e+01,2.062830e+01,2.041176e+01,2.041875e+01,2.027881e+01,2.025080e+01,2.014569e+01,2.020177e+01,2.007556e+01,2.009660e+01,2.004047e+01,1.998431e+01,1.997728e+01,1.998431e+01,1.996324e+01,1.995621e+01,2.004047e+01,2.004749e+01,1.998431e+01,2.000537e+01,2.001239e+01,1.998431e+01,1.992109e+01,1.984376e+01,1.994919e+01,1.992811e+01,1.994919e+01,1.987189e+01,1.990703e+01,2.006854e+01,2.006152e+01,2.008257e+01,2.015270e+01,2.017373e+01,2.024380e+01,2.025080e+01,2.019476e+01,2.042575e+01,2.024380e+01,2.044672e+01,2.034881e+01,2.043274e+01,2.044672e+01,2.036980e+01,2.049564e+01,2.051660e+01,2.048865e+01,2.064923e+01,2.066318e+01,2.062132e+01,2.067016e+01,2.064923e+01,2.069108e+01,2.065621e+01,2.064923e+01,2.067713e+01,2.067016e+01,2.070502e+01,2.067713e+01,2.071897e+01,2.066318e+01,2.071200e+01,2.078866e+01,2.075382e+01,2.070502e+01,2.067713e+01,2.073291e+01,2.075382e+01,2.063528e+01,2.058643e+01,2.060736e+01,2.062830e+01,2.067016e+01,2.059340e+01,2.062830e+01,2.059340e+01,2.053057e+01,2.055850e+01,2.054453e+01,2.055850e+01,2.050961e+01,2.049564e+01,2.057246e+01,2.064225e+01,2.050262e+01,2.053057e+01,2.064923e+01,2.049564e+01,2.060039e+01,2.060039e+01,2.060736e+01,2.067713e+01,2.053057e+01,2.071200e+01,2.066318e+01,2.061434e+01,2.060039e+01,2.065621e+01,2.063528e+01,2.062830e+01,2.041875e+01,2.057944e+01,2.044672e+01,2.045371e+01,2.050262e+01,2.039078e+01,2.032082e+01,2.035581e+01,2.033481e+01,2.031382e+01,2.040477e+01,2.038379e+01,2.041176e+01,2.041875e+01,2.039078e+01,2.032782e+01,2.045371e+01,2.045371e+01,2.036280e+01,2.040477e+01,2.048865e+01,2.039778e+01,2.031382e+01,2.030682e+01,2.034181e+01,2.035581e+01,2.038379e+01,2.053755e+01,2.041176e+01,2.053755e+01,2.059340e+01,2.055152e+01,2.054453e+01,2.060736e+01,2.069108e+01,2.056548e+01,2.055850e+01,2.056548e+01,2.060736e+01,2.059340e+01,2.066318e+01,2.061434e+01,2.076079e+01,2.059340e+01,2.083741e+01,2.062830e+01,2.060736e+01,2.069108e+01,2.060039e+01,2.062132e+01,2.062830e+01,2.069805e+01,2.057944e+01,2.069805e+01,2.060736e+01,2.060736e+01,2.062830e+01,2.065621e+01,2.060736e+01,2.080955e+01,2.065621e+01,2.057944e+01,2.055850e+01,2.055850e+01,2.061434e+01,2.067713e+01,2.070502e+01,2.060039e+01,2.072594e+01,2.057944e+01,2.071200e+01,2.069108e+01,2.054453e+01,2.046070e+01,2.061434e+01,2.055850e+01,2.051660e+01,2.061434e+01,2.056548e+01,2.053755e+01,2.057246e+01,2.057246e+01,2.056548e+01,2.053755e+01,2.062132e+01,2.055152e+01,2.051660e+01,2.050262e+01,2.053057e+01,2.048865e+01,2.051660e+01,2.048166e+01,2.079562e+01,2.087222e+01,2.083741e+01,2.081652e+01,2.091398e+01,2.099048e+01,2.094180e+01,2.089310e+01,2.113638e+01,2.092789e+01,2.099048e+01,2.103914e+01,2.112250e+01,2.107388e+01,2.094876e+01,2.089310e+01,2.090006e+01,2.087918e+01,2.094876e+01,2.094180e+01,2.098353e+01,2.082348e+01,2.081652e+01,2.083741e+01,2.097658e+01,2.090006e+01,2.090006e+01,2.092093e+01,2.084437e+01,2.090702e+01,2.092789e+01,2.087918e+01,2.086526e+01,2.101134e+01,2.094180e+01,2.091398e+01,2.088614e+01,2.094180e+01,2.096267e+01,2.088614e+01,2.090702e+01,2.095572e+01,2.100439e+01,2.087222e+01,2.099744e+01,2.098353e+01,2.085830e+01,2.087918e+01,2.091398e+01,2.097658e+01,2.074685e+01,2.090006e+01,2.071897e+01,2.085830e+01,2.071897e+01,2.094876e+01,2.090006e+01,2.088614e+01,2.091398e+01,2.092789e+01,2.101829e+01,2.093485e+01,2.094180e+01,2.093485e+01,2.092093e+01,2.094180e+01,2.082348e+01,2.092789e+01,2.094180e+01,2.103914e+01,2.097658e+01,2.080259e+01,2.096267e+01,2.096962e+01,2.092093e+01,2.091398e+01,2.089310e+01,2.093485e+01,2.105304e+01,2.092093e+01,2.085830e+01,2.085830e+01,2.098353e+01,2.091398e+01,2.091398e+01,2.095572e+01,2.092093e+01,2.094876e+01,2.094876e+01,2.099744e+01,2.096962e+01,2.099744e+01,2.091398e+01,2.087918e+01,2.088614e+01,2.090702e+01,2.090006e+01,2.099048e+01,2.087918e+01,2.094180e+01,2.099048e+01,2.098353e+01,2.094180e+01,2.085830e+01,2.110861e+01,2.095572e+01,2.096267e+01,2.101829e+01,2.094180e+01,2.102524e+01,2.091398e+01,2.099744e+01,2.093485e+01,2.092789e+01,2.091398e+01,2.083045e+01,2.065621e+01,2.063528e+01,2.061434e+01,2.037679e+01,2.052358e+01,2.047468e+01,2.052358e+01,2.048865e+01,2.045371e+01,2.050262e+01,2.050961e+01,2.050961e+01,2.052358e+01,2.045371e+01,2.045371e+01,2.041875e+01,2.046769e+01,2.053057e+01,2.048166e+01,2.052358e+01,2.053057e+01,2.053057e+01,2.071897e+01,2.035581e+01,2.045371e+01,2.036980e+01,2.055850e+01,2.048166e+01,2.055850e+01,2.050262e+01,2.053057e+01,2.048166e+01,2.050262e+01,2.043973e+01,2.052358e+01,2.054453e+01,2.048166e+01,2.046070e+01,2.052358e+01,2.053755e+01,2.052358e+01,2.055850e+01,2.047468e+01,2.048166e+01,2.055850e+01,2.047468e+01,2.058643e+01,2.051660e+01,2.060039e+01,2.056548e+01,2.041875e+01,2.051660e+01,2.050961e+01,2.041176e+01,2.043274e+01,2.047468e+01,2.038379e+01,2.041875e+01,2.036980e+01,2.053057e+01,2.043973e+01,2.047468e+01,2.044672e+01,2.048166e+01,2.048865e+01,2.046769e+01,2.054453e+01,2.057944e+01,2.048166e+01,2.036980e+01,2.046070e+01,2.047468e+01,2.043973e+01,2.051660e+01,2.041875e+01,2.028582e+01,2.053755e+01,2.057246e+01,2.051660e+01,2.051660e+01,2.051660e+01,2.044672e+01,2.052358e+01,2.043274e+01,2.048865e+01,2.048166e+01,2.046769e+01,2.048166e+01,2.047468e+01,2.060039e+01,2.050262e+01,2.050961e+01,2.050262e+01,2.049564e+01,2.053755e+01,2.046070e+01,2.050961e+01,2.042575e+01,2.039778e+01,2.053755e+01,2.056548e+01,2.053755e+01,2.055152e+01
2.064225e+01,2.055850e+01,2.063528e+01,2.056548e+01,2.057246e+01,2.052358e+01,2.053755e+01,2.054453e+01,2.055850e+01,2.062132e+01,2.063528e+01,2.062830e+01,2.050961e+01,2.067713e+01,2.055850e+01,2.056548e+01,2.063528e+01,2.066318e+01,2.062132e+01,2.075382e+01,2.065621e+01,2.054453e+01,2.062132e+01,2.044672e+01,2.044672e+01,2.063528e+01,2.060736e+01,2.062132e+01,2.061434e+01,2.067713e+01,2.068410e+01,2.064225e+01,2.062830e+01,2.068410e+01,2.071897e+01,2.079562e+01,2.072594e+01,2.063528e+01,2.060736e+01,2.077472e+01,2.066318e+01,2.059340e+01,2.060736e+01,2.069805e+01,2.065621e+01,2.091398e+01,2.080955e+01,2.070502e+01,2.069805e+01,2.055152e+01,2.053755e+01,2.057944e+01,2.071200e+01,2.076079e+01,2.073988e+01,2.071897e+01,2.068410e+01,2.061434e+01,2.064923e+01,2.073291e+01,2.077472e+01,2.064225e+01,2.055850e+01,2.060736e+01,2.059340e+01,2.065621e+01,2.063528e+01,2.055152e+01,2.064923e+01,2.060736e+01,2.062830e+01,2.059340e+01,2.062830e+01,2.064923e+01,2.060039e+01,2.052358e+01,2.055850e+01,2.060736e+01,2.060736e+01,2.057246e+01,2.077472e+01,2.064225e+01,2.060736e+01,2.071897e+01,2.062132e+01,2.060736e+01,2.062830e+01,2.067016e+01,2.070502e+01,2.070502e+01,2.066318e+01,2.063528e+01,2.060736e+01,2.063528e+01,2.060039e+01,2.057944e+01,2.059340e+01,2.048865e+01,2.053057e+01,2.054453e+01,2.051660e+01,2.048865e+01,2.041875e+01,2.059340e+01,2.048166e+01,2.044672e+01,2.053057e+01,2.050961e+01,2.046769e+01,2.049564e+01,2.043973e+01,2.036980e+01,2.039078e+01,2.060039e+01,2.058643e+01,2.048166e+01,2.067713e+01,2.085830e+01,2.102524e+01,2.112944e+01,2.096267e+01,2.096962e+01,2.055850e+01,2.041875e+01,2.049564e+01,2.051660e+01,2.054453e+01,2.052358e+01,2.052358e+01,2.043274e+01,2.050961e+01,2.056548e+01,2.053755e+01,2.050262e+01,2.050961e+01,2.049564e+01,2.053755e+01,2.045371e+01,2.048166e+01,2.046070e+01,2.048865e+01,2.065621e+01,2.050961e+01,2.053057e+01,2.050961e+01,2.053057e+01,2.056548e+01,2.064225e+01,2.055850e+01,2.056548e+01,2.061434e+01,2.055850e+01,2.063528e+01,2.061434e+01,2.055850e+01,2.059340e+01,2.068410e+01,2.063528e+01,2.054453e+01,2.052358e+01,2.062132e+01,2.067016e+01,2.054453e+01,2.055152e+01,2.060039e+01,2.064923e+01,2.069108e+01,2.058643e+01,2.046769e+01,2.065621e+01,2.062830e+01,2.062830e+01,2.054453e+01,2.065621e+01,2.063528e+01,2.069108e+01,2.067713e+01,2.058643e+01,2.056548e+01,2.064225e+01,2.059340e+01,2.064923e+01,2.074685e+01,2.060736e+01,2.068410e+01,2.064225e+01,2.059340e+01,2.061434e+01,2.066318e+01,2.056548e+01,2.054453e+01,2.065621e+01,2.052358e+01,2.057246e+01,2.057246e+01,2.057246e+01,2.051660e+01,2.055152e+01,2.061434e+01,2.060736e+01,2.047468e+01,2.053057e+01,2.060736e+01,2.057944e+01,2.044672e+01,2.061434e+01,2.059340e+01,2.063528e+01,2.055152e+01,2.057246e+01,2.062132e+01,2.062830e+01,2.061434e+01,2.064923e+01,2.066318e+01,2.058643e+01,2.055850e+01,2.052358e+01,2.057944e+01,2.057944e+01,2.046769e+01,2.064923e+01,2.048166e+01,2.056548e+01,2.064225e+01,2.055152e+01,2.062830e+01,2.071897e+01,2.069805e+01,2.046070e+01,2.046070e+01,2.057246e+01,2.032782e+01,2.034881e+01,2.014569e+01,2.018775e+01,2.016672e+01,2.010362e+01,2.007556e+01,2.004749e+01,1.992109e+01,1.984376e+01,1.987892e+01,1.985079e+01,1.982969e+01,1.999835e+01,1.983673e+01,1.995621e+01,1.997026e+01,2.001239e+01,1.999133e+01,2.001941e+01,1.992811e+01,1.992811e+01,1.997026e+01,1.982266e+01,1.991406e+01,1.997728e+01,2.007556e+01,2.011764e+01,2.015971e+01,2.018074e+01,2.018074e+01,2.023680e+01,2.044672e+01,2.031382e+01,2.048865e+01,2.047468e+01,2.043973e+01,2.042575e+01,2.054453e+01,2.043973e+01,2.046769e+01,2.047468e+01,2.062132e+01,2.053057e+01,2.063528e+01,2.066318e+01,2.070502e+01,2.067016e+01,2.066318e+01,2.064225e+01,2.067713e+01,2.072594e+01,2.075382e+01,2.067016e+01,2.068410e+01,2.067016e+01,2.069805e+01,2.080259e+01,2.076079e+01,2.081652e+01,2.071200e+01,2.070502e+01,2.069108e+01,2.068410e+01,2.067016e+01,2.067713e+01,2.066318e+01,2.065621e+01,2.074685e+01,2.062830e+01,2.069108e+01,2.053755e+01,2.062132e+01,2.060039e+01,2.053755e+01,2.065621e+01,2.062132e+01,2.041875e+01,2.064923e+01,2.064225e+01,2.064923e+01,2.069805e+01,2.067016e+01,2.066318e+01,2.070502e+01,2.081652e+01,2.064923e+01,2.064225e+01,2.063528e+01,2.071200e+01,2.071897e+01,2.071897e+01,2.062132e+01,2.056548e+01,2.058643e+01,2.070502e+01,2.057944e+01,2.057246e+01,2.057944e+01,2.053057e+01,2.043274e+01,2.037679e+01,2.034881e+01,2.032782e+01,2.039078e+01,2.041875e+01,2.022979e+01,2.036280e+01,2.044672e+01,2.038379e+01,2.053755e+01,2.042575e+01,2.038379e+01,2.042575e+01,2.043274e+01,2.043274e+01,2.041875e+01,2.049564e+01,2.038379e+01,2.038379e+01,2.039078e+01,2.040477e+01,2.032082e+01,2.040477e+01,2.055152e+01,2.051660e+01,2.048166e+01,2.067016e+01,2.055850e+01,2.052358e+01,2.056548e+01,2.053057e+01,2.048865e+01,2.061434e+01,2.044672e+01,2.050961e+01,2.048865e+01,2.048166e+01,2.065621e+01,2.057246e+01,2.054453e+01,2.063528e+01,2.064923e+01,2.065621e+01,2.064923e+01,2.066318e+01,2.067713e+01,2.063528e+01,2.063528e+01,2.063528e+01,2.058643e+01,2.057944e+01,2.060736e+01,2.067713e+01,2.064923e+01,2.069805e+01,2.073291e+01,2.064923e+01,2.058643e+01,2.055850e+01,2.057944e+01,2.067016e+01,2.062132e+01,2.064923e+01,2.069108e+01,2.074685e+01,2.079562e+01,2.071897e+01,2.067713e+01,2.060736e+01,2.051660e+01,2.050961e+01,2.056548e+01,2.044672e+01,2.048865e+01,2.055152e+01,2.056548e+01,2.045371e+01,2.053755e+01,2.044672e+01,2.048865e+01,2.051660e+01,2.057944e+01,2.050961e+01,2.046769e+01,2.051660e+01,2.050961e+01,2.047468e+01,2.054453e+01,2.049564e+01,2.070502e+01,2.085830e+01,2.067713e+01,2.087918e+01,2.092093e+01,2.107388e+01,2.112250e+01,2.094876e+01,2.105304e+01,2.089310e+01,2.112250e+01,2.103219e+01,2.080259e+01,2.090006e+01,2.096962e+01,2.078866e+01,2.075382e+01,2.092093e+01,2.084437e+01,2.094180e+01,2.090006e+01,2.092789e+01,2.083045e+01,2.099744e+01,2.092093e+01,2.087222e+01,2.074685e+01,2.085134e+01,2.090702e+01,2.092093e+01,2.091398e+01,2.090006e+01,2.099744e+01,2.090702e+01,2.094876e+01,2.085134e+01,2.090006e+01,2.087918e+01,2.096962e+01,2.087918e+01,2.090702e+01,2.101134e+01,2.100439e+01,2.092789e+01,2.083741e+01,2.086526e+01,2.089310e+01,2.087222e+01,2.064923e+01,2.089310e+01,2.093485e+01,2.085830e+01,2.087918e+01,2.081652e+01,2.093485e+01,2.090702e+01,2.076079e+01,2.087222e+01,2.082348e+01,2.092789e+01,2.088614e+01,2.082348e+01,2.073291e+01,2.092093e+01,2.073988e+01,2.086526e+01,2.085830e+01,2.084437e+01,2.083045e+01,2.096267e+01,2.095572e+01,2.092789e+01,2.078169e+01,2.088614e+01,2.092789e+01,2.092789e+01,2.085830e+01,2.098353e+01,2.090702e+01,2.093485e+01,2.094876e+01,2.092093e+01,2.085134e+01,2.094180e+01,2.086526e+01,2.104609e+01,2.093485e+01,2.087918e+01,2.097658e+01,2.089310e+01,2.093485e+01,2.088614e+01,2.087222e+01,2.091398e+01,2.090006e+01,2.089310e+01,2.097658e+01,2.100439e+01,2.093485e+01,2.102524e+01,2.085134e+01,2.098353e+01,2.081652e+01,2.089310e+01,2.091398e+01,2.088614e+01,2.097658e+01,2.092789e+01,2.099048e+01,2.088614e+01,2.096962e+01,2.096267e+01,2.092093e+01,2.090006e+01,2.089310e+01,2.085134e+01,2.069108e+01,2.055152e+01,2.055850e+01,2.039778e+01,2.046769e+01,2.048865e+01,2.048166e+01,2.047468e+01,2.047468e+01,2.066318e+01,2.046769e+01,2.053755e+01,2.046769e+01,2.043274e+01,2.050961e+01,2.035581e+01,2.043274e+01,2.053755e+01,2.050262e+01,2.054453e+01,2.050262e+01,2.047468e+01,2.035581e+01,2.045371e+01,2.046769e+01,2.048166e+01,2.057246e+01,2.048166e+01,2.042575e+01,2.058643e+01,2.048865e+01,2.036280e+01,2.055850e+01,2.056548e+01,2.037679e+01,2.039078e+01,2.054453e+01,2.057246e+01,2.046769e+01,2.046070e+01,2.053057e+01,2.057944e+01,2.052358e+01,2.049564e+01,2.047468e+01,2.047468e+01,2.057944e+01,2.060039e+01,2.050961e+01,2.043973e+01,2.024380e+01,2.046769e+01,2.048865e+01,2.046070e+01,2.052358e+01,2.041176e+01,2.032082e+01,2.052358e+01,2.040477e+01,2.051660e+01,2.045371e+01,2.046070e+01,2.048166e+01,2.047468e+01,2.046769e+01,2.050262e+01,2.053057e+01,2.048865e+01,2.040477e+01,2.042575e+01,2.049564e+01,2.043274e+01,2.048166e+01,2.053057e+01,2.058643e+01,2.053755e+01,2.033481e+01,2.054453e+01,2.051660e+01,2.051660e+01,2.064923e+01,2.038379e+01,2.055850e+01,2.050262e+01,2.046769e+01,2.047468e+01,2.055850e+01,2.063528e+01,2.048166e+01,2.060736e+01,2.051660e+01,2.062132e+01,2.050262e+01,2.056548e+01,2.056548e+01,2.055152e+01,2.055152e+01,2.054453e+01,2.042575e+01,2.051660e+01,2.053057e+01,2.063528e+01
2.064923e+01,2.053057e+01,2.055152e+01,2.053755e+01,2.053057e+01,2.059340e+01,2.057246e+01,2.060039e+01,2.060736e+01,2.068410e+01,2.054453e+01,2.071897e+01,2.056548e+01,2.055152e+01,2.063528e+01,2.062132e+01,2.062830e+01,2.062132e+01,2.069108e+01,2.066318e+01,2.078169e+01,2.051660e+01,2.059340e+01,2.053755e+01,2.074685e+01,2.064225e+01,2.057944e+01,2.060736e+01,2.061434e+01,2.059340e+01,2.057944e+01,2.071200e+01,2.062132e+01,2.070502e+01,2.050262e+01,2.070502e+01,2.069805e+01,2.073988e+01,2.075382e+01,2.060736e+01,2.073291e+01,2.067713e+01,2.067713e+01,2.069108e+01,2.079562e+01,2.080955e+01,2.080259e+01,2.071897e+01,2.053057e+01,2.068410e+01,2.067016e+01,2.070502e+01,2.067713e+01,2.064923e+01,2.067016e+01,2.075382e+01,2.068410e+01,2.069108e+01,2.063528e+01,2.069805e+01,2.067016e+01,2.061434e+01,2.071200e+01,2.064923e+01,2.076775e+01,2.077472e+01,2.066318e+01,2.057944e+01,2.058643e+01,2.057246e+01,2.063528e+01,2.064923e+01,2.070502e+01,2.058643e+01,2.056548e+01,2.061434e+01,2.057944e+01,2.059340e+01,2.058643e+01,2.060039e+01,2.062132e+01,2.081652e+01,2.068410e+01,2.072594e+01,2.066318e+01,2.070502e+01,2.078169e+01,2.066318e+01,2.069805e+01,2.076079e+01,2.079562e+01,2.097658e+01,2.099048e+01,2.094876e+01,2.059340e+01,2.058643e+01,2.058643e+01,2.054453e+01,2.050961e+01,2.060736e+01,2.064923e+01,2.063528e+01,2.050262e+01,2.055152e+01,2.057944e+01,2.060736e+01,2.057246e+01,2.051660e+01,2.054453e+01,2.055850e+01,2.049564e+01,2.050262e+01,2.045371e+01,2.067713e+01,2.064225e+01,2.061434e+01,2.088614e+01,2.105304e+01,2.128901e+01,2.094180e+01,2.106693e+01,2.100439e+01,2.091398e+01,2.053755e+01,2.039778e+01,2.036280e+01,2.044672e+01,2.051660e+01,2.046070e+01,2.055152e+01,2.052358e+01,2.048166e+01,2.060039e+01,2.050961e+01,2.050961e+01,2.051660e+01,2.050262e+01,2.043274e+01,2.045371e+01,2.046769e+01,2.046769e+01,2.057246e+01,2.060039e+01,2.052358e+01,2.053755e+01,2.050262e+01,2.057246e+01,2.051660e+01,2.060736e+01,2.054453e+01,2.059340e+01,2.052358e+01,2.069108e+01,2.063528e+01,2.054453e+01,2.050262e+01,2.053057e+01,2.043274e+01,2.059340e+01,2.048865e+01,2.056548e+01,2.048865e+01,2.060736e+01,2.060039e+01,2.062830e+01,2.057246e+01,2.069108e+01,2.068410e+01,2.053755e+01,2.048166e+01,2.053057e+01,2.061434e+01,2.063528e+01,2.063528e+01,2.060736e+01,2.062830e+01,2.059340e+01,2.062132e+01,2.052358e+01,2.051660e+01,2.060736e+01,2.053057e+01,2.069108e+01,2.064923e+01,2.061434e+01,2.062132e+01,2.055850e+01,2.058643e+01,2.060736e+01,2.071200e+01,2.043274e+01,2.058643e+01,2.057246e+01,2.055152e+01,2.057246e+01,2.053755e+01,2.057246e+01,2.061434e+01,2.062132e+01,2.047468e+01,2.057944e+01,2.061434e+01,2.063528e+01,2.061434e+01,2.046070e+01,2.060039e+01,2.057246e+01,2.045371e+01,2.057246e+01,2.064923e+01,2.062830e+01,2.057246e+01,2.061434e+01,2.052358e+01,2.061434e+01,2.061434e+01,2.056548e+01,2.057944e+01,2.056548e+01,2.053755e+01,2.053755e+01,2.067016e+01,2.052358e+01,2.048865e+01,2.050961e+01,2.051660e+01,2.055850e+01,2.054453e+01,2.064225e+01,2.064923e+01,2.052358e+01,2.043973e+01,2.043274e+01,2.032782e+01,2.011764e+01,2.015971e+01,2.009660e+01,1.996324e+01,1.999835e+01,2.004047e+01,1.994919e+01,1.982969e+01,1.981563e+01,1.982266e+01,1.982969e+01,1.982969e+01,1.983673e+01,2.000537e+01,2.000537e+01,2.014569e+01,1.997728e+01,2.004749e+01,2.001941e+01,1.992811e+01,1.993514e+01,1.988594e+01,1.995621e+01,1.989297e+01,2.010362e+01,2.017373e+01,2.022979e+01,2.018074e+01,2.041176e+01,2.029982e+01,2.033481e+01,2.025781e+01,2.047468e+01,2.033481e+01,2.037679e+01,2.047468e+01,2.044672e+01,2.062132e+01,2.052358e+01,2.043973e+01,2.083741e+01,2.060039e+01,2.050961e+01,2.062132e+01,2.062132e+01,2.073988e+01,2.072594e+01,2.066318e+01,2.077472e+01,2.075382e+01,2.074685e+01,2.076775e+01,2.064923e+01,2.071200e+01,2.069108e+01,2.067713e+01,2.069805e+01,2.071200e+01,2.060039e+01,2.068410e+01,2.067713e+01,2.066318e+01,2.092093e+01,2.064225e+01,2.077472e+01,2.061434e+01,2.073988e+01,2.068410e+01,2.060736e+01,2.064923e+01,2.046769e+01,2.055152e+01,2.062132e+01,2.050262e+01,2.050961e+01,2.048166e+01,2.053057e+01,2.065621e+01,2.050961e+01,2.067713e+01,2.056548e+01,2.066318e+01,2.065621e+01,2.071200e+01,2.071897e+01,2.066318e+01,2.064923e+01,2.056548e+01,2.057944e+01,2.059340e+01,2.060736e+01,2.056548e+01,2.057944e+01,2.055850e+01,2.057246e+01,2.061434e+01,2.060039e+01,2.054453e+01,2.052358e+01,2.060039e+01,2.046769e+01,2.037679e+01,2.032782e+01,2.041875e+01,2.043274e+01,2.048166e+01,2.047468e+01,2.039778e+01,2.045371e+01,2.046070e+01,2.041875e+01,2.037679e+01,2.048166e+01,2.045371e+01,2.039078e+01,2.025080e+01,2.032082e+01,2.027881e+01,2.025781e+01,2.029982e+01,2.041875e+01,2.029282e+01,2.042575e+01,2.054453e+01,2.053057e+01,2.041875e+01,2.053057e+01,2.054453e+01,2.052358e+01,2.053755e+01,2.049564e+01,2.046070e+01,2.047468e+01,2.056548e+01,2.062830e+01,2.067016e+01,2.064225e+01,2.053057e+01,2.056548e+01,2.060736e+01,2.065621e+01,2.058643e+01,2.062830e+01,2.056548e+01,2.062830e+01,2.068410e+01,2.059340e+01,2.057246e+01,2.059340e+01,2.061434e+01,2.060039e+01,2.057246e+01,2.055850e+01,2.062132e+01,2.070502e+01,2.061434e+01,2.055850e+01,2.059340e+01,2.070502e+01,2.067713e+01,2.065621e+01,2.071897e+01,2.064923e+01,2.064923e+01,2.065621e+01,2.066318e+01,2.071897e+01,2.048865e+01,2.051660e+01,2.043973e+01,2.057246e+01,2.054453e+01,2.054453e+01,2.053755e+01,2.050961e+01,2.057246e+01,2.047468e+01,2.059340e+01,2.052358e+01,2.054453e+01,2.052358e+01,2.050961e+01,2.050262e+01,2.048865e+01,2.050262e+01,2.046769e+01,2.046769e+01,2.047468e+01,2.059340e+01,2.066318e+01,2.046070e+01,2.063528e+01,2.092789e+01,2.092093e+01,2.088614e+01,2.087222e+01,2.115027e+01,2.090006e+01,2.081652e+01,2.083045e+01,2.091398e+01,2.078866e+01,2.068410e+01,2.069805e+01,2.076775e+01,2.078866e+01,2.092093e+01,2.089310e+01,2.071897e+01,2.076079e+01,2.082348e+01,2.092093e+01,2.087918e+01,2.085134e+01,2.086526e+01,2.078169e+01,2.090006e+01,2.087918e+01,2.084437e+01,2.076775e+01,2.080259e+01,2.084437e+01,2.083045e+01,2.088614e+01,2.075382e+01,2.087222e+01,2.089310e+01,2.093485e+01,2.092789e+01,2.092093e+01,2.100439e+01,2.086526e+01,2.074685e+01,2.081652e+01,2.070502e+01,2.068410e+01,2.071200e+01,2.069108e+01,2.066318e+01,2.067713e+01,2.064225e+01,2.063528e+01,2.063528e+01,2.078866e+01,2.080955e+01,2.073291e+01,2.069108e+01,2.071200e+01,2.071897e+01,2.074685e+01,2.075382e+01,2.070502e+01,2.069805e+01,2.078866e+01,2.076775e+01,2.098353e+01,2.083741e+01,2.096962e+01,2.099048e+01,2.083045e+01,2.090006e+01,2.093485e+01,2.083045e+01,2.092093e+01,2.090006e+01,2.078169e+01,2.075382e+01,2.098353e+01,2.097658e+01,2.076775e+01,2.094876e+01,2.097658e+01,2.080259e+01,2.096267e+01,2.087918e+01,2.092093e+01,2.088614e+01,2.101134e+01,2.094876e+01,2.094180e+01,2.084437e+01,2.087918e+01,2.090702e+01,2.090702e+01,2.085134e+01,2.092789e+01,2.094876e+01,2.099744e+01,2.099744e+01,2.083045e+01,2.090006e+01,2.087918e+01,2.094180e+01,2.099048e+01,2.086526e+01,2.098353e+01,2.099744e+01,2.087918e+01,2.096962e+01,2.087918e+01,2.081652e+01,2.092789e+01,2.088614e+01,2.086526e+01,2.058643e+01,2.062132e+01,2.053057e+01,2.056548e+01,2.053057e+01,2.042575e+01,2.067016e+01,2.046769e+01,2.045371e+01,2.041875e+01,2.050262e+01,2.047468e+01,2.040477e+01,2.049564e+01,2.049564e+01,2.041176e+01,2.048865e+01,2.061434e+01,2.053057e+01,2.048865e+01,2.055850e+01,2.056548e+01,2.034881e+01,2.035581e+01,2.046070e+01,2.047468e+01,2.050262e+01,2.039778e+01,2.049564e+01,2.053057e+01,2.063528e+01,2.046769e+01,2.053755e+01,2.054453e+01,2.050961e+01,2.057944e+01,2.038379e+01,2.052358e+01,2.036980e+01,2.047468e+01,2.052358e+01,2.053057e+01,2.055850e+01,2.045371e+01,2.050961e+01,2.050961e+01,2.050961e+01,2.048166e+01,2.046769e+01,2.042575e+01,2.052358e+01,2.043973e+01,2.041875e+01,2.034881e+01,2.049564e+01,2.045371e+01,2.055152e+01,2.038379e+01,2.042575e+01,2.039078e+01,2.046070e+01,2.045371e+01,2.044672e+01,2.054453e+01,2.032782e+01,2.043973e+01,2.053755e+01,2.051660e+01,2.041176e+01,2.025080e+01,2.057246e+01,2.042575e+01,2.044672e+01,2.045371e+01,2.045371e+01,2.056548e+01,2.063528e+01,2.050262e+01,2.055152e+01,2.041875e+01,2.041176e+01,2.048166e+01,2.050961e+01,2.062830e+01,2.046769e+01,2.065621e+01,2.063528e+01,2.064923e+01,2.053057e+01,2.057944e+01,2.047468e+01,2.048166e+01,2.048166e+01,2.047468e+01,2.059340e+01,2.051660e+01,2.050961e+01,2.041875e+01,2.054453e+01,2.054453e+01,2.055152e+01,2.055850e+01
2.062830e+01,2.053057e+01,2.056548e+01,2.057246e+01,2.059340e+01,2.057944e+01,2.050961e+01,2.048166e+01,2.052358e+01,2.053755e+01,2.050262e+01,2.069805e+01,2.062830e+01,2.062830e+01,2.054453e+01,2.062132e+01,2.061434e+01,2.057944e+01,2.066318e+01,2.064923e+01,2.063528e+01,2.053755e+01,2.053057e+01,2.050262e+01,2.069108e+01,2.056548e+01,2.057944e+01,2.056548e+01,2.060736e+01,2.057246e+01,2.071200e+01,2.057944e+01,2.055850e+01,2.045371e+01,2.051660e+01,2.069108e+01,2.071897e+01,2.071897e+01,2.059340e+01,2.062830e+01,2.060039e+01,2.065621e+01,2.072594e+01,2.066318e+01,2.085830e+01,2.076079e+01,2.074685e+01,2.062132e+01,2.058643e+01,2.070502e+01,2.057246e+01,2.057246e+01,2.062830e+01,2.072594e+01,2.062132e+01,2.062132e+01,2.073988e+01,2.062132e+01,2.064225e+01,2.078169e+01,2.060039e+01,2.055850e+01,2.058643e+01,2.071200e+01,2.058643e+01,2.056548e+01,2.067713e+01,2.047468e+01,2.062830e+01,2.060736e+01,2.061434e+01,2.054453e+01,2.070502e+01,2.057246e+01,2.055152e+01,2.053057e+01,2.054453e+01,2.057246e+01,2.060736e+01,2.065621e+01,2.073988e+01,2.062830e+01,2.072594e+01,2.086526e+01,2.084437e+01,2.115721e+01,2.130980e+01,2.123353e+01,2.107388e+01,2.096962e+01,2.107388e+01,2.128901e+01,2.132366e+01,2.107388e+01,2.089310e+01,2.061434e+01,2.053057e+01,2.053755e+01,2.056548e+01,2.051660e+01,2.062830e+01,2.043973e+01,2.053057e+01,2.063528e+01,2.079562e+01,2.056548e+01,2.073291e+01,2.058643e+01,2.082348e+01,2.066318e+01,2.067713e+01,2.069108e+01,2.083741e+01,2.063528e+01,2.078866e+01,2.056548e+01,2.073291e+01,2.118497e+01,2.144140e+01,2.114333e+01,2.118497e+01,2.110861e+01,2.105304e+01,2.060039e+01,2.054453e+01,2.047468e+01,2.042575e+01,2.037679e+01,2.046070e+01,2.048865e+01,2.053755e+01,2.047468e+01,2.053057e+01,2.050262e+01,2.046769e+01,2.045371e+01,2.047468e+01,2.048166e+01,2.050262e+01,2.048865e+01,2.055152e+01,2.050961e+01,2.050262e+01,2.057246e+01,2.060039e+01,2.057944e+01,2.056548e+01,2.057944e+01,2.061434e+01,2.056548e+01,2.061434e+01,2.052358e+01,2.050262e+01,2.053057e+01,2.057246e+01,2.067016e+01,2.051660e+01,2.053057e+01,2.059340e+01,2.048865e+01,2.048865e+01,2.055850e+01,2.048166e+01,2.062830e+01,2.057944e+01,2.066318e+01,2.057944e+01,2.068410e+01,2.053755e+01,2.050262e+01,2.058643e+01,2.053057e+01,2.052358e+01,2.053755e+01,2.047468e+01,2.050262e+01,2.067713e+01,2.049564e+01,2.056548e+01,2.052358e+01,2.067016e+01,2.049564e+01,2.065621e+01,2.065621e+01,2.058643e+01,2.062830e+01,2.050961e+01,2.061434e+01,2.058643e+01,2.055850e+01,2.056548e+01,2.050961e+01,2.054453e+01,2.050262e+01,2.053057e+01,2.054453e+01,2.048166e+01,2.062830e+01,2.049564e+01,2.045371e+01,2.060736e+01,2.063528e+01,2.055152e+01,2.067713e+01,2.064923e+01,2.061434e+01,2.064225e+01,2.053057e+01,2.053755e+01,2.065621e+01,2.061434e+01,2.058643e+01,2.061434e+01,2.055152e+01,2.054453e+01,2.063528e+01,2.050961e+01,2.057944e+01,2.057944e+01,2.055850e+01,2.060039e+01,2.048865e+01,2.047468e+01,2.056548e+01,2.050961e+01,2.058643e+01,2.052358e+01,2.064225e+01,2.055850e+01,2.052358e+01,2.050262e+01,2.057944e+01,2.036280e+01,2.021578e+01,2.021578e+01,2.004047e+01,2.010362e+01,1.994919e+01,1.998431e+01,1.994919e+01,1.992109e+01,1.987189e+01,1.980156e+01,1.983673e+01,1.980859e+01,2.003345e+01,1.987189e+01,2.000537e+01,1.994216e+01,1.999835e+01,1.996324e+01,2.006854e+01,2.001239e+01,1.996324e+01,1.999133e+01,1.992811e+01,2.006152e+01,1.997026e+01,2.004749e+01,2.025781e+01,2.022278e+01,2.022278e+01,2.022278e+01,2.038379e+01,2.038379e+01,2.043274e+01,2.046070e+01,2.038379e+01,2.041176e+01,2.041875e+01,2.040477e+01,2.043973e+01,2.050961e+01,2.043274e+01,2.049564e+01,2.054453e+01,2.059340e+01,2.060039e+01,2.065621e+01,2.069805e+01,2.065621e+01,2.067713e+01,2.067713e+01,2.047468e+01,2.075382e+01,2.072594e+01,2.068410e+01,2.067713e+01,2.057944e+01,2.057944e+01,2.057944e+01,2.079562e+01,2.070502e+01,2.071200e+01,2.076775e+01,2.064923e+01,2.059340e+01,2.075382e+01,2.062830e+01,2.066318e+01,2.067016e+01,2.056548e+01,2.055850e+01,2.048166e+01,2.048865e+01,2.059340e+01,2.046769e+01,2.051660e+01,2.062830e+01,2.050961e+01,2.054453e+01,2.064923e+01,2.062830e+01,2.062132e+01,2.056548e+01,2.067016e+01,2.067016e+01,2.071200e+01,2.073988e+01,2.063528e+01,2.062132e+01,2.068410e+01,2.071897e+01,2.071897e+01,2.057246e+01,2.060736e+01,2.055152e+01,2.058643e+01,2.057944e+01,2.055850e+01,2.036280e+01,2.050262e+01,2.048865e+01,2.053057e+01,2.034181e+01,2.036980e+01,2.037679e+01,2.032782e+01,2.045371e+01,2.043274e+01,2.041875e+01,2.045371e+01,2.041875e+01,2.047468e+01,2.048166e+01,2.043274e+01,2.041875e+01,2.054453e+01,2.037679e+01,2.033481e+01,2.038379e+01,2.032782e+01,2.025781e+01,2.028582e+01,2.032782e+01,2.046769e+01,2.043274e+01,2.044672e+01,2.052358e+01,2.058643e+01,2.039778e+01,2.057246e+01,2.046070e+01,2.050961e+01,2.052358e+01,2.058643e+01,2.057246e+01,2.045371e+01,2.051660e+01,2.046769e+01,2.053755e+01,2.052358e+01,2.057246e+01,2.057246e+01,2.059340e+01,2.058643e+01,2.060039e+01,2.063528e+01,2.061434e+01,2.062132e+01,2.058643e+01,2.057944e+01,2.061434e+01,2.058643e+01,2.062132e+01,2.063528e+01,2.062830e+01,2.061434e+01,2.057246e+01,2.056548e+01,2.071897e+01,2.067713e+01,2.053755e+01,2.064225e+01,2.063528e+01,2.062132e+01,2.064225e+01,2.065621e+01,2.074685e+01,2.077472e+01,2.050961e+01,2.056548e+01,2.052358e+01,2.053057e+01,2.048166e+01,2.053057e+01,2.055850e+01,2.027181e+01,2.041875e+01,2.051660e+01,2.051660e+01,2.042575e+01,2.046070e+01,2.056548e+01,2.057246e+01,2.050961e+01,2.048166e+01,2.046070e+01,2.047468e+01,2.048865e+01,2.053755e+01,2.048166e+01,2.066318e+01,2.046769e+01,2.053057e+01,2.087918e+01,2.087222e+01,2.092093e+01,2.085830e+01,2.081652e+01,2.083741e+01,2.076775e+01,2.094180e+01,2.083741e+01,2.060736e+01,2.065621e+01,2.055152e+01,2.061434e+01,2.069805e+01,2.067016e+01,2.072594e+01,2.071897e+01,2.071200e+01,2.080259e+01,2.076079e+01,2.069805e+01,2.078169e+01,2.073291e+01,2.074685e+01,2.062830e+01,2.083045e+01,2.079562e+01,2.079562e+01,2.080955e+01,2.078866e+01,2.067016e+01,2.078866e+01,2.071200e+01,2.078866e+01,2.080955e+01,2.075382e+01,2.070502e+01,2.085830e+01,2.061434e+01,2.070502e+01,2.087918e+01,2.062830e+01,2.058643e+01,2.057944e+01,2.054453e+01,2.061434e+01,2.060736e+01,2.062830e+01,2.060039e+01,2.050961e+01,2.051660e+01,2.053755e+01,2.035581e+01,2.057246e+01,2.060039e+01,2.051660e+01,2.075382e+01,2.055152e+01,2.058643e+01,2.057246e+01,2.069108e+01,2.071200e+01,2.072594e+01,2.077472e+01,2.076079e+01,2.092789e+01,2.083741e+01,2.094876e+01,2.088614e+01,2.094876e+01,2.089310e+01,2.079562e+01,2.073988e+01,2.077472e+01,2.084437e+01,2.078866e+01,2.085134e+01,2.080955e+01,2.085134e+01,2.079562e+01,2.087222e+01,2.094876e+01,2.092789e+01,2.087222e+01,2.092093e+01,2.079562e+01,2.086526e+01,2.097658e+01,2.083045e+01,2.090006e+01,2.087918e+01,2.103914e+01,2.094180e+01,2.085830e+01,2.082348e+01,2.087918e+01,2.091398e+01,2.087918e+01,2.090702e+01,2.085830e+01,2.096962e+01,2.078866e+01,2.092789e+01,2.098353e+01,2.090006e+01,2.091398e+01,2.099048e+01,2.094180e+01,2.089310e+01,2.088614e+01,2.088614e+01,2.101829e+01,2.097658e+01,2.067016e+01,2.038379e+01,2.062830e+01,2.055850e+01,2.047468e+01,2.048865e+01,2.045371e+01,2.043973e+01,2.050961e+01,2.053755e+01,2.052358e+01,2.048166e+01,2.046769e+01,2.050961e+01,2.053755e+01,2.052358e+01,2.053755e+01,2.041875e+01,2.050961e+01,2.042575e+01,2.050961e+01,2.041875e+01,2.043973e+01,2.038379e+01,2.046070e+01,2.039078e+01,2.041176e+01,2.050961e+01,2.041176e+01,2.039778e+01,2.057944e+01,2.046070e+01,2.053057e+01,2.054453e+01,2.056548e+01,2.055152e+01,2.055152e+01,2.043973e+01,2.037679e+01,2.050262e+01,2.055850e+01,2.054453e+01,2.050961e+01,2.057944e+01,2.060736e+01,2.053057e+01,2.046070e+01,2.052358e+01,2.042575e+01,2.048166e+01,2.041176e+01,2.052358e+01,2.050961e+01,2.042575e+01,2.050262e+01,2.055850e+01,2.052358e+01,2.057246e+01,2.046070e+01,2.040477e+01,2.037679e+01,2.041176e+01,2.045371e+01,2.050961e+01,2.045371e+01,2.052358e+01,2.040477e+01,2.048865e+01,2.051660e+01,2.053755e+01,2.055850e+01,2.041176e+01,2.043973e+01,2.047468e+01,2.048865e+01,2.064225e+01,2.047468e+01,2.046769e+01,2.044672e+01,2.046070e+01,2.063528e+01,2.048865e+01,2.048865e+01,2.053057e+01,2.048166e+01,2.048166e+01,2.060039e+01,2.058643e+01,2.050961e+01,2.054453e+01,2.046070e+01,2.054453e+01,2.047468e+01,2.065621e+01,2.055850e+01,2.057944e+01,2.049564e+01,2.052358e+01,2.043973e+01,2.058643e+01,2.055850e+01,2.048865e+01
2.064225e+01,2.060039e+01,2.064225e+01,2.055850e+01,2.070502e+01,2.048166e+01,2.057246e+01,2.049564e+01,2.052358e+01,2.052358e+01,2.067713e+01,2.064923e+01,2.050961e+01,2.058643e+01,2.060736e+01,2.058643e+01,2.064225e+01,2.072594e+01,2.064923e+01,2.079562e+01,2.065621e+01,2.064225e+01,2.057944e+01,2.055850e+01,2.058643e+01,2.060039e+01,2.057944e+01,2.057246e+01,2.062132e+01,2.057246e+01,2.055152e+01,2.059340e+01,2.057944e+01,2.057246e+01,2.067713e+01,2.057944e+01,2.059340e+01,2.070502e+01,2.071200e+01,2.070502e+01,2.073988e+01,2.073291e+01,2.073988e+01,2.080259e+01,2.071897e+01,2.085134e+01,2.080955e+01,2.077472e+01,2.067713e+01,2.055152e+01,2.055152e+01,2.064923e+01,2.064923e+01,2.064923e+01,2.069805e+01,2.073988e+01,2.076775e+01,2.060736e+01,2.067713e+01,2.076775e+01,2.069108e+01,2.061434e+01,2.066318e+01,2.062830e+01,2.058643e+01,2.057944e+01,2.060039e+01,2.059340e+01,2.078866e+01,2.050262e+01,2.053755e+01,2.057246e+01,2.068410e+01,2.054453e+01,2.069108e+01,2.058643e+01,2.052358e+01,2.054453e+01,2.066318e+01,2.050961e+01,2.063528e+01,2.080259e+01,2.086526e+01,2.099744e+01,2.115027e+01,2.133752e+01,2.164884e+01,2.137216e+01,2.124740e+01,2.110861e+01,2.121966e+01,2.148984e+01,2.139293e+01,2.136523e+01,2.135138e+01,2.093485e+01,2.090006e+01,2.060736e+01,2.050961e+01,2.065621e+01,2.054453e+01,2.067016e+01,2.087222e+01,2.090006e+01,2.091398e+01,2.090702e+01,2.075382e+01,2.083741e+01,2.092093e+01,2.091398e+01,2.090006e+01,2.086526e+01,2.110166e+01,2.107388e+01,2.103914e+01,2.084437e+01,2.101829e+01,2.124740e+01,2.176620e+01,2.166265e+01,2.142063e+01,2.130980e+01,2.116415e+01,2.092093e+01,2.046070e+01,2.036980e+01,2.045371e+01,2.051660e+01,2.039078e+01,2.048166e+01,2.043274e+01,2.053755e+01,2.045371e+01,2.050262e+01,2.050961e+01,2.048865e+01,2.049564e+01,2.058643e+01,2.046769e+01,2.043973e+01,2.046070e+01,2.051660e+01,2.050961e+01,2.053057e+01,2.058643e+01,2.052358e+01,2.050961e+01,2.057944e+01,2.051660e+01,2.058643e+01,2.058643e+01,2.051660e+01,2.053755e+01,2.055850e+01,2.064923e+01,2.070502e+01,2.061434e+01,2.069108e+01,2.050262e+01,2.060736e+01,2.058643e+01,2.059340e+01,2.057944e+01,2.067713e+01,2.056548e+01,2.069805e+01,2.064225e+01,2.064225e+01,2.061434e+01,2.059340e+01,2.062132e+01,2.055152e+01,2.043274e+01,2.053057e+01,2.046070e+01,2.046769e+01,2.050961e+01,2.069805e+01,2.050961e+01,2.060039e+01,2.062132e+01,2.062132e+01,2.063528e+01,2.046070e+01,2.055152e+01,2.057246e+01,2.064225e+01,2.064923e+01,2.063528e+01,2.056548e+01,2.055152e+01,2.056548e+01,2.050961e+01,2.056548e+01,2.060039e+01,2.062830e+01,2.055152e+01,2.065621e+01,2.053057e+01,2.063528e+01,2.061434e+01,2.039778e+01,2.057246e+01,2.055850e+01,2.062830e+01,2.062830e+01,2.068410e+01,2.057246e+01,2.065621e+01,2.065621e+01,2.053755e+01,2.061434e+01,2.062132e+01,2.056548e+01,2.054453e+01,2.055152e+01,2.055850e+01,2.058643e+01,2.050961e+01,2.048166e+01,2.074685e+01,2.058643e+01,2.053755e+01,2.054453e+01,2.051660e+01,2.059340e+01,2.056548e+01,2.066318e+01,2.064225e+01,2.044672e+01,2.043274e+01,2.033481e+01,2.036280e+01,2.039778e+01,2.036980e+01,2.016672e+01,2.015270e+01,2.018074e+01,2.004047e+01,2.006854e+01,1.989297e+01,1.987189e+01,1.983673e+01,1.983673e+01,1.982266e+01,2.001239e+01,1.987189e+01,2.006152e+01,1.997026e+01,1.997026e+01,2.006152e+01,1.999835e+01,2.004749e+01,1.998431e+01,1.995621e+01,2.001941e+01,1.992109e+01,2.001941e+01,2.006152e+01,2.005451e+01,2.022278e+01,2.025080e+01,2.025781e+01,2.034881e+01,2.039078e+01,2.041875e+01,2.047468e+01,2.050262e+01,2.046769e+01,2.055152e+01,2.057246e+01,2.054453e+01,2.057246e+01,2.053057e+01,2.053755e+01,2.064923e+01,2.067016e+01,2.055152e+01,2.060736e+01,2.061434e+01,2.076079e+01,2.069108e+01,2.071897e+01,2.045371e+01,2.071200e+01,2.068410e+01,2.064923e+01,2.076079e+01,2.066318e+01,2.068410e+01,2.073291e+01,2.071897e+01,2.071897e+01,2.071200e+01,2.072594e+01,2.071897e+01,2.076079e+01,2.073291e+01,2.087222e+01,2.069805e+01,2.071897e+01,2.050262e+01,2.070502e+01,2.075382e+01,2.054453e+01,2.052358e+01,2.060736e+01,2.056548e+01,2.060039e+01,2.062830e+01,2.062132e+01,2.065621e+01,2.063528e+01,2.066318e+01,2.057944e+01,2.078169e+01,2.062132e+01,2.067713e+01,2.063528e+01,2.066318e+01,2.069108e+01,2.073291e+01,2.062132e+01,2.072594e+01,2.050262e+01,2.057246e+01,2.058643e+01,2.058643e+01,2.058643e+01,2.047468e+01,2.048865e+01,2.058643e+01,2.052358e+01,2.053057e+01,2.047468e+01,2.050961e+01,2.043274e+01,2.043973e+01,2.036980e+01,2.052358e+01,2.050961e+01,2.046769e+01,2.044672e+01,2.052358e+01,2.045371e+01,2.041875e+01,2.050262e+01,2.044672e+01,2.034181e+01,2.030682e+01,2.032082e+01,2.039078e+01,2.029282e+01,2.026481e+01,2.036980e+01,2.040477e+01,2.056548e+01,2.046070e+01,2.046070e+01,2.053755e+01,2.038379e+01,2.054453e+01,2.052358e+01,2.054453e+01,2.052358e+01,2.054453e+01,2.051660e+01,2.057944e+01,2.061434e+01,2.048865e+01,2.055850e+01,2.067016e+01,2.057944e+01,2.060736e+01,2.067016e+01,2.064225e+01,2.059340e+01,2.062132e+01,2.057944e+01,2.062132e+01,2.058643e+01,2.062830e+01,2.060736e+01,2.056548e+01,2.066318e+01,2.061434e+01,2.059340e+01,2.067713e+01,2.065621e+01,2.069805e+01,2.071200e+01,2.059340e+01,2.069805e+01,2.067016e+01,2.067016e+01,2.062830e+01,2.064923e+01,2.076079e+01,2.057246e+01,2.067713e+01,2.064923e+01,2.058643e+01,2.051660e+01,2.053755e+01,2.046070e+01,2.037679e+01,2.043973e+01,2.053057e+01,2.053755e+01,2.063528e+01,2.053057e+01,2.043973e+01,2.045371e+01,2.050961e+01,2.050262e+01,2.048166e+01,2.052358e+01,2.046769e+01,2.052358e+01,2.046769e+01,2.045371e+01,2.053755e+01,2.048166e+01,2.051660e+01,2.055152e+01,2.057246e+01,2.085830e+01,2.085134e+01,2.086526e+01,2.064225e+01,2.081652e+01,2.073291e+01,2.062132e+01,2.059340e+01,2.055152e+01,2.068410e+01,2.052358e+01,2.055850e+01,2.057944e+01,2.065621e+01,2.059340e+01,2.054453e+01,2.057944e+01,2.064923e+01,2.055152e+01,2.069108e+01,2.070502e+01,2.076079e+01,2.064225e+01,2.079562e+01,2.073291e+01,2.057944e+01,2.058643e+01,2.063528e+01,2.059340e+01,2.062132e+01,2.064923e+01,2.057246e+01,2.076079e+01,2.070502e+01,2.068410e+01,2.075382e+01,2.069805e+01,2.063528e+01,2.062830e+01,2.066318e+01,2.062830e+01,2.062132e+01,2.048166e+01,2.060736e+01,2.044672e+01,2.048166e+01,2.060039e+01,2.053755e+01,2.056548e+01,2.056548e+01,2.044672e+01,2.055850e+01,2.052358e+01,2.048166e+01,2.041875e+01,2.056548e+01,2.051660e+01,2.055850e+01,2.050961e+01,2.069108e+01,2.064923e+01,2.066318e+01,2.071200e+01,2.077472e+01,2.083045e+01,2.080955e+01,2.076079e+01,2.085830e+01,2.097658e+01,2.087918e+01,2.063528e+01,2.084437e+01,2.066318e+01,2.077472e+01,2.082348e+01,2.075382e+01,2.083741e+01,2.073988e+01,2.098353e+01,2.093485e+01,2.079562e+01,2.096962e+01,2.080955e+01,2.097658e+01,2.094180e+01,2.093485e+01,2.100439e+01,2.095572e+01,2.092789e+01,2.088614e+01,2.086526e+01,2.087222e+01,2.090702e+01,2.094876e+01,2.096267e+01,2.086526e+01,2.099744e+01,2.102524e+01,2.104609e+01,2.081652e+01,2.083741e+01,2.094180e+01,2.101134e+01,2.095572e+01,2.096962e+01,2.092093e+01,2.098353e+01,2.081652e+01,2.103219e+01,2.080259e+01,2.085830e+01,2.083741e+01,2.078169e+01,2.064225e+01,2.057246e+01,2.062830e+01,2.054453e+01,2.039078e+01,2.050961e+01,2.055152e+01,2.048865e+01,2.048865e+01,2.048166e+01,2.034181e+01,2.048166e+01,2.051660e+01,2.058643e+01,2.067713e+01,2.061434e+01,2.043274e+01,2.041176e+01,2.043274e+01,2.055152e+01,2.057246e+01,2.046769e+01,2.041875e+01,2.053755e+01,2.046769e+01,2.038379e+01,2.052358e+01,2.049564e+01,2.050961e+01,2.058643e+01,2.055850e+01,2.056548e+01,2.060039e+01,2.059340e+01,2.054453e+01,2.043274e+01,2.054453e+01,2.055850e+01,2.057944e+01,2.055850e+01,2.056548e+01,2.043274e+01,2.050961e+01,2.055850e+01,2.042575e+01,2.050262e+01,2.050961e+01,2.050961e+01,2.042575e+01,2.043973e+01,2.032082e+01,2.048865e+01,2.037679e+01,2.041875e+01,2.053755e+01,2.052358e+01,2.050961e+01,2.053057e+01,2.053755e+01,2.050262e+01,2.042575e+01,2.039078e+01,2.046070e+01,2.044672e+01,2.051660e+01,2.038379e+01,2.053755e+01,2.057246e+01,2.051660e+01,2.048166e+01,2.035581e+01,2.046769e+01,2.047468e+01,2.046070e+01,2.049564e+01,2.057246e+01,2.053057e+01,2.056548e+01,2.051660e+01,2.043973e+01,2.053755e+01,2.049564e+01,2.063528e+01,2.067713e+01,2.054453e+01,2.043973e+01,2.050262e+01,2.047468e+01,2.057246e+01,2.058643e+01,2.047468e+01,2.047468e+01,2.046070e+01,2.050262e+01,2.039078e+01,2.049564e+01,2.050262e+01,2.069805e+01,2.064923e+01,2.054453e+01,2.054453e+01
2.061434e+01,2.058643e+01,2.055850e+01,2.051660e+01,2.055152e+01,2.057246e+01,2.056548e+01,2.061434e+01,2.055152e+01,2.038379e+01,2.060736e+01,2.054453e+01,2.056548e+01,2.060039e+01,2.057246e+01,2.060736e+01,2.057944e+01,2.067016e+01,2.039778e+01,2.064225e+01,2.049564e+01,2.066318e+01,2.065621e+01,2.051660e+01,2.060736e+01,2.059340e+01,2.057246e+01,2.058643e+01,2.053057e+01,2.053755e+01,2.055850e+01,2.067713e+01,2.067713e+01,2.061434e+01,2.061434e+01,2.058643e+01,2.067713e+01,2.071200e+01,2.055152e+01,2.060736e+01,2.073291e+01,2.070502e+01,2.070502e+01,2.076079e+01,2.086526e+01,2.087222e+01,2.092093e+01,2.065621e+01,2.091398e+01,2.062830e+01,2.053755e+01,2.060736e+01,2.073988e+01,2.072594e+01,2.063528e+01,2.061434e+01,2.060736e+01,2.060039e+01,2.071897e+01,2.063528e+01,2.070502e+01,2.064923e+01,2.063528e+01,2.057944e+01,2.079562e+01,2.066318e+01,2.069805e+01,2.053755e+01,2.061434e+01,2.060736e+01,2.056548e+01,2.059340e+01,2.059340e+01,2.061434e+01,2.055152e+01,2.056548e+01,2.073291e+01,2.054453e+01,2.062132e+01,2.070502e+01,2.058643e+01,2.074685e+01,2.086526e+01,2.108777e+01,2.105999e+01,2.125434e+01,2.166265e+01,2.182828e+01,2.166265e+01,2.133752e+01,2.117803e+01,2.128207e+01,2.133059e+01,2.145524e+01,2.150368e+01,2.134445e+01,2.094876e+01,2.099048e+01,2.085830e+01,2.078169e+01,2.088614e+01,2.090006e+01,2.091398e+01,2.129594e+01,2.126821e+01,2.115721e+01,2.116415e+01,2.110861e+01,2.104609e+01,2.085134e+01,2.090006e+01,2.086526e+01,2.094180e+01,2.110861e+01,2.107388e+01,2.096267e+01,2.080259e+01,2.111555e+01,2.165575e+01,2.166956e+01,2.186965e+01,2.187654e+01,2.164193e+01,2.107388e+01,2.058643e+01,2.043274e+01,2.036280e+01,2.046769e+01,2.048865e+01,2.051660e+01,2.052358e+01,2.039778e+01,2.043274e+01,2.052358e+01,2.047468e+01,2.046070e+01,2.053057e+01,2.055152e+01,2.060736e+01,2.058643e+01,2.039078e+01,2.038379e+01,2.046769e+01,2.057246e+01,2.055850e+01,2.051660e+01,2.051660e+01,2.060736e+01,2.047468e+01,2.047468e+01,2.056548e+01,2.055850e+01,2.049564e+01,2.051660e+01,2.051660e+01,2.055850e+01,2.059340e+01,2.057944e+01,2.052358e+01,2.060736e+01,2.051660e+01,2.062830e+01,2.048865e+01,2.059340e+01,2.069108e+01,2.065621e+01,2.057944e+01,2.060736e+01,2.061434e+01,2.057944e+01,2.056548e+01,2.060039e+01,2.060039e+01,2.046769e+01,2.055152e+01,2.046769e+01,2.059340e+01,2.060039e+01,2.050262e+01,2.053057e+01,2.050262e+01,2.058643e+01,2.066318e+01,2.055850e+01,2.065621e+01,2.057246e+01,2.066318e+01,2.051660e+01,2.056548e+01,2.053057e+01,2.054453e+01,2.053755e+01,2.052358e+01,2.053057e+01,2.052358e+01,2.050262e+01,2.051660e+01,2.064923e+01,2.053057e+01,2.055850e+01,2.045371e+01,2.050961e+01,2.062830e+01,2.059340e+01,2.054453e+01,2.057246e+01,2.062132e+01,2.058643e+01,2.047468e+01,2.062132e+01,2.054453e+01,2.061434e+01,2.055850e+01,2.061434e+01,2.059340e+01,2.057944e+01,2.055850e+01,2.057246e+01,2.060736e+01,2.057944e+01,2.051660e+01,2.052358e+01,2.060736e+01,2.054453e+01,2.073291e+01,2.060039e+01,2.067016e+01,2.062830e+01,2.066318e+01,2.064225e+01,2.058643e+01,2.048166e+01,2.033481e+01,2.040477e+01,2.027881e+01,2.027181e+01,2.019476e+01,2.010362e+01,2.011063e+01,2.011764e+01,2.007556e+01,1.988594e+01,2.004047e+01,1.997728e+01,1.997728e+01,1.985079e+01,2.002643e+01,2.001941e+01,1.992109e+01,1.998431e+01,1.995621e+01,2.011063e+01,2.007556e+01,2.001239e+01,1.997026e+01,2.005451e+01,1.999835e+01,2.003345e+01,2.001941e+01,2.007556e+01,2.018775e+01,2.027181e+01,2.029982e+01,2.037679e+01,2.036280e+01,2.047468e+01,2.049564e+01,2.041176e+01,2.043274e+01,2.041875e+01,2.045371e+01,2.049564e+01,2.042575e+01,2.053057e+01,2.059340e+01,2.053755e+01,2.054453e+01,2.055850e+01,2.061434e+01,2.076079e+01,2.061434e+01,2.071200e+01,2.060736e+01,2.065621e+01,2.077472e+01,2.071897e+01,2.071200e+01,2.058643e+01,2.069805e+01,2.056548e+01,2.060039e+01,2.079562e+01,2.078169e+01,2.073988e+01,2.076775e+01,2.065621e+01,2.078169e+01,2.072594e+01,2.079562e+01,2.065621e+01,2.062830e+01,2.054453e+01,2.060039e+01,2.056548e+01,2.048865e+01,2.055850e+01,2.039078e+01,2.057944e+01,2.055850e+01,2.055850e+01,2.049564e+01,2.069108e+01,2.053057e+01,2.056548e+01,2.058643e+01,2.068410e+01,2.065621e+01,2.064225e+01,2.065621e+01,2.060736e+01,2.074685e+01,2.073291e+01,2.063528e+01,2.055152e+01,2.052358e+01,2.057246e+01,2.062132e+01,2.055850e+01,2.055850e+01,2.042575e+01,2.046769e+01,2.051660e+01,2.053057e+01,2.049564e+01,2.049564e+01,2.040477e+01,2.048865e+01,2.050961e+01,2.042575e+01,2.045371e+01,2.048865e+01,2.042575e+01,2.046769e+01,2.043973e+01,2.050961e+01,2.040477e+01,2.041176e+01,2.044672e+01,2.028582e+01,2.031382e+01,2.039778e+01,2.024380e+01,2.029282e+01,2.039078e+01,2.039078e+01,2.039778e+01,2.039778e+01,2.046769e+01,2.054453e+01,2.051660e+01,2.053057e+01,2.054453e+01,2.057246e+01,2.051660e+01,2.055850e+01,2.051660e+01,2.072594e+01,2.053755e+01,2.050961e+01,2.057246e+01,2.053755e+01,2.057246e+01,2.048865e+01,2.059340e+01,2.065621e+01,2.057944e+01,2.058643e+01,2.053057e+01,2.053057e+01,2.064923e+01,2.054453e+01,2.057246e+01,2.057944e+01,2.063528e+01,2.062830e+01,2.061434e+01,2.069108e+01,2.064225e+01,2.062132e+01,2.069108e+01,2.060039e+01,2.069108e+01,2.071200e+01,2.064923e+01,2.060736e+01,2.070502e+01,2.069108e+01,2.062132e+01,2.070502e+01,2.059340e+01,2.055850e+01,2.053755e+01,2.048865e+01,2.043274e+01,2.050262e+01,2.055152e+01,2.029982e+01,2.050961e+01,2.051660e+01,2.060736e+01,2.049564e+01,2.045371e+01,2.044672e+01,2.049564e+01,2.048166e+01,2.053057e+01,2.050262e+01,2.055152e+01,2.051660e+01,2.043973e+01,2.050262e+01,2.051660e+01,2.050961e+01,2.051660e+01,2.053755e+01,2.048865e+01,2.065621e+01,2.067713e+01,2.066318e+01,2.063528e+01,2.043973e+01,2.046769e+01,2.043973e+01,2.044672e+01,2.046769e+01,2.043973e+01,2.049564e+01,2.048166e+01,2.030682e+01,2.046070e+01,2.044672e+01,2.044672e+01,2.047468e+01,2.053755e+01,2.067713e+01,2.064923e+01,2.057246e+01,2.056548e+01,2.046070e+01,2.061434e+01,2.047468e+01,2.044672e+01,2.053057e+01,2.045371e+01,2.051660e+01,2.047468e+01,2.061434e+01,2.053057e+01,2.064923e+01,2.043274e+01,2.058643e+01,2.058643e+01,2.061434e+01,2.064225e+01,2.046769e+01,2.046769e+01,2.048865e+01,2.058643e+01,2.044672e+01,2.064225e+01,2.044672e+01,2.045371e+01,2.040477e+01,2.046070e+01,2.037679e+01,2.044672e+01,2.044672e+01,2.051660e+01,2.045371e+01,2.048865e+01,2.037679e+01,2.052358e+01,2.042575e+01,2.034881e+01,2.030682e+01,2.053755e+01,2.034181e+01,2.053755e+01,2.075382e+01,2.070502e+01,2.056548e+01,2.073988e+01,2.082348e+01,2.086526e+01,2.085134e+01,2.067016e+01,2.068410e+01,2.082348e+01,2.064923e+01,2.075382e+01,2.060039e+01,2.062132e+01,2.065621e+01,2.083045e+01,2.089310e+01,2.082348e+01,2.078866e+01,2.077472e+01,2.074685e+01,2.073988e+01,2.080955e+01,2.082348e+01,2.078169e+01,2.090006e+01,2.072594e+01,2.086526e+01,2.090006e+01,2.090702e+01,2.086526e+01,2.099048e+01,2.097658e+01,2.091398e+01,2.086526e+01,2.084437e+01,2.087222e+01,2.096962e+01,2.070502e+01,2.091398e+01,2.090006e+01,2.090702e+01,2.088614e+01,2.096267e+01,2.095572e+01,2.090702e+01,2.095572e+01,2.087222e+01,2.079562e+01,2.078866e+01,2.061434e+01,2.062132e+01,2.046769e+01,2.057944e+01,2.046769e+01,2.044672e+01,2.044672e+01,2.043973e+01,2.044672e+01,2.063528e+01,2.046070e+01,2.047468e+01,2.050262e+01,2.048865e+01,2.043274e+01,2.046769e+01,2.049564e+01,2.042575e+01,2.049564e+01,2.063528e+01,2.050262e+01,2.050961e+01,2.039078e+01,2.048865e+01,2.051660e+01,2.053057e+01,2.041875e+01,2.040477e+01,2.054453e+01,2.041176e+01,2.055850e+01,2.030682e+01,2.055152e+01,2.041875e+01,2.053755e+01,2.055850e+01,2.039078e+01,2.054453e+01,2.043973e+01,2.054453e+01,2.041176e+01,2.052358e+01,2.060736e+01,2.041176e+01,2.046070e+01,2.043973e+01,2.050262e+01,2.049564e+01,2.040477e+01,2.053755e+01,2.047468e+01,2.057944e+01,2.053755e+01,2.054453e+01,2.041176e+01,2.060039e+01,2.044672e+01,2.047468e+01,2.053755e+01,2.052358e+01,2.043973e+01,2.044672e+01,2.040477e+01,2.059340e+01,2.050961e+01,2.055152e+01,2.053057e+01,2.040477e+01,2.039778e+01,2.059340e+01,2.048865e+01,2.040477e+01,2.048166e+01,2.032782e+01,2.046070e+01,2.043973e+01,2.062830e+01,2.048166e+01,2.047468e+01,2.054453e+01,2.048865e+01,2.060736e+01,2.058643e+01,2.051660e+01,2.048166e+01,2.061434e+01,2.054453e+01,2.048865e+01,2.048865e+01,2.048865e+01,2.050961e+01,2.055850e+01,2.059340e+01,2.055152e+01,2.050262e+01,2.057246e+01,2.044672e+01,2.057944e+01,2.054453e+01,2.053057e+01,2.053057e+01,2.052358e+01
2.062132e+01,2.058643e+01,2.055850e+01,2.057246e+01,2.046769e+01,2.052358e+01,2.055850e+01,2.060039e+01,2.057246e+01,2.055152e+01,2.067713e+01,2.057944e+01,2.055152e+01,2.067016e+01,2.065621e+01,2.058643e+01,2.064225e+01,2.054453e+01,2.062830e+01,2.060736e+01,2.065621e+01,2.060039e+01,2.060039e+01,2.069108e+01,2.064225e+01,2.057246e+01,2.060736e+01,2.062132e+01,2.057944e+01,2.063528e+01,2.068410e+01,2.080955e+01,2.055850e+01,2.057246e+01,2.066318e+01,2.059340e+01,2.057944e+01,2.061434e+01,2.064923e+01,2.068410e+01,2.062830e+01,2.067713e+01,2.061434e+01,2.078169e+01,2.085134e+01,2.088614e+01,2.078866e+01,2.075382e+01,2.067713e+01,2.053057e+01,2.068410e+01,2.057246e+01,2.059340e+01,2.074685e+01,2.057944e+01,2.061434e+01,2.066318e+01,2.076079e+01,2.061434e+01,2.074685e+01,2.065621e+01,2.064225e+01,2.062132e+01,2.075382e+01,2.071897e+01,2.057246e+01,2.062830e+01,2.063528e+01,2.060039e+01,2.061434e+01,2.064923e+01,2.061434e+01,2.063528e+01,2.063528e+01,2.055152e+01,2.067713e+01,2.070502e+01,2.070502e+01,2.099048e+01,2.072594e+01,2.081652e+01,2.099744e+01,2.092093e+01,2.102524e+01,2.110861e+01,2.144140e+01,2.143448e+01,2.162121e+01,2.163503e+01,2.153134e+01,2.122660e+01,2.139293e+01,2.124740e+01,2.136523e+01,2.169028e+01,2.183518e+01,2.142063e+01,2.139293e+01,2.138601e+01,2.121966e+01,2.130980e+01,2.130287e+01,2.141371e+01,2.142756e+01,2.142063e+01,2.148984e+01,2.143448e+01,2.117803e+01,2.105304e+01,2.092093e+01,2.098353e+01,2.110166e+01,2.115027e+01,2.135138e+01,2.153134e+01,2.124047e+01,2.104609e+01,2.110861e+01,2.105304e+01,2.133752e+01,2.165575e+01,2.190411e+01,2.189721e+01,2.142063e+01,2.060039e+01,2.035581e+01,2.039778e+01,2.036980e+01,2.052358e+01,2.046070e+01,2.051660e+01,2.053755e+01,2.039078e+01,2.053057e+01,2.046070e+01,2.049564e+01,2.046769e+01,2.050262e+01,2.053755e+01,2.055152e+01,2.055152e+01,2.055152e+01,2.057944e+01,2.035581e+01,2.062830e+01,2.059340e+01,2.063528e+01,2.042575e+01,2.055850e+01,2.055152e+01,2.054453e+01,2.062830e+01,2.032782e+01,2.068410e+01,2.052358e+01,2.052358e+01,2.057944e+01,2.055850e+01,2.061434e+01,2.045371e+01,2.057944e+01,2.062132e+01,2.043274e+01,2.052358e+01,2.052358e+01,2.053755e+01,2.057944e+01,2.065621e+01,2.061434e+01,2.046070e+01,2.060039e+01,2.055152e+01,2.063528e+01,2.060736e+01,2.041875e+01,2.062132e+01,2.058643e+01,2.064225e+01,2.051660e+01,2.065621e+01,2.066318e+01,2.055152e+01,2.054453e+01,2.067713e+01,2.062830e+01,2.067713e+01,2.060039e+01,2.053755e+01,2.063528e+01,2.058643e+01,2.055152e+01,2.054453e+01,2.050961e+01,2.052358e+01,2.048865e+01,2.054453e+01,2.058643e+01,2.055850e+01,2.053057e+01,2.059340e+01,2.060736e+01,2.063528e+01,2.060736e+01,2.057944e+01,2.059340e+01,2.062830e+01,2.055850e+01,2.053755e+01,2.055850e+01,2.057944e+01,2.058643e+01,2.067016e+01,2.064923e+01,2.060039e+01,2.053057e+01,2.062132e+01,2.048166e+01,2.050961e+01,2.046769e+01,2.048865e+01,2.050262e+01,2.057246e+01,2.054453e+01,2.057246e+01,2.057944e+01,2.069805e+01,2.064923e+01,2.061434e+01,2.064225e+01,2.063528e+01,2.056548e+01,2.049564e+01,2.039078e+01,2.035581e+01,2.025080e+01,2.025781e+01,2.025080e+01,2.020877e+01,2.026481e+01,2.020177e+01,2.026481e+01,2.005451e+01,1.989297e+01,2.000537e+01,2.004047e+01,2.006152e+01,2.008257e+01,2.013167e+01,2.025080e+01,2.011764e+01,2.004047e+01,2.010362e+01,2.009660e+01,2.008257e+01,2.008257e+01,1.995621e+01,1.994919e+01,2.000537e+01,2.004749e+01,2.014569e+01,2.015971e+01,2.019476e+01,2.018775e+01,2.029982e+01,2.029282e+01,2.032782e+01,2.043274e+01,2.035581e+01,2.044672e+01,2.048865e+01,2.037679e+01,2.055152e+01,2.043274e+01,2.042575e+01,2.046070e+01,2.067016e+01,2.057246e+01,2.062830e+01,2.064923e+01,2.062830e+01,2.063528e+01,2.071200e+01,2.064923e+01,2.067713e+01,2.066318e+01,2.068410e+01,2.068410e+01,2.070502e+01,2.070502e+01,2.070502e+01,2.076775e+01,2.078169e+01,2.067016e+01,2.069805e+01,2.051660e+01,2.077472e+01,2.068410e+01,2.074685e+01,2.066318e+01,2.055152e+01,2.053755e+01,2.064923e+01,2.057246e+01,2.055152e+01,2.053755e+01,2.051660e+01,2.060039e+01,2.045371e+01,2.058643e+01,2.047468e+01,2.066318e+01,2.073988e+01,2.066318e+01,2.068410e+01,2.065621e+01,2.067016e+01,2.061434e+01,2.067016e+01,2.080259e+01,2.079562e+01,2.085830e+01,2.059340e+01,2.062132e+01,2.071200e+01,2.071897e+01,2.065621e+01,2.050262e+01,2.059340e+01,2.067713e+01,2.064923e+01,2.049564e+01,2.053755e+01,2.052358e+01,2.027881e+01,2.050262e+01,2.048865e+01,2.057944e+01,2.042575e+01,2.050961e+01,2.048865e+01,2.048865e+01,2.046769e+01,2.044672e+01,2.048865e+01,2.044672e+01,2.040477e+01,2.043274e+01,2.039778e+01,2.027881e+01,2.043973e+01,2.027881e+01,2.027181e+01,2.025080e+01,2.041176e+01,2.038379e+01,2.041875e+01,2.043274e+01,2.046070e+01,2.033481e+01,2.053057e+01,2.051660e+01,2.053057e+01,2.056548e+01,2.055850e+01,2.060039e+01,2.061434e+01,2.059340e+01,2.053057e+01,2.060736e+01,2.065621e+01,2.064225e+01,2.064225e+01,2.055850e+01,2.058643e+01,2.060736e+01,2.065621e+01,2.060736e+01,2.094876e+01,2.067713e+01,2.056548e+01,2.064225e+01,2.063528e+01,2.067016e+01,2.067713e+01,2.064225e+01,2.062132e+01,2.052358e+01,2.071200e+01,2.061434e+01,2.065621e+01,2.072594e+01,2.062132e+01,2.069108e+01,2.063528e+01,2.071200e+01,2.064225e+01,2.067713e+01,2.071200e+01,2.071200e+01,2.064225e+01,2.064923e+01,2.057944e+01,2.053755e+01,2.055850e+01,2.043973e+01,2.049564e+01,2.051660e+01,2.050262e+01,2.050262e+01,2.050262e+01,2.038379e+01,2.043973e+01,2.043973e+01,2.040477e+01,2.049564e+01,2.050961e+01,2.046070e+01,2.053057e+01,2.045371e+01,2.041875e+01,2.046769e+01,2.051660e+01,2.050262e+01,2.046769e+01,2.050262e+01,2.055152e+01,2.046769e+01,2.043274e+01,2.048166e+01,2.048166e+01,2.045371e+01,2.046070e+01,2.046769e+01,2.044672e+01,2.043973e+01,2.045371e+01,2.049564e+01,2.046070e+01,2.046769e+01,2.043973e+01,2.062132e+01,2.046769e+01,2.052358e+01,2.059340e+01,2.046769e+01,2.052358e+01,2.049564e+01,2.053057e+01,2.045371e+01,2.049564e+01,2.045371e+01,2.047468e+01,2.043274e+01,2.046070e+01,2.034181e+01,2.066318e+01,2.048166e+01,2.050262e+01,2.065621e+01,2.036980e+01,2.041176e+01,2.053057e+01,2.039778e+01,2.064225e+01,2.048166e+01,2.048166e+01,2.042575e+01,2.058643e+01,2.043274e+01,2.066318e+01,2.046070e+01,2.063528e+01,2.051660e+01,2.040477e+01,2.042575e+01,2.048166e+01,2.049564e+01,2.052358e+01,2.038379e+01,2.055850e+01,2.055152e+01,2.055152e+01,2.054453e+01,2.044672e+01,2.045371e+01,2.056548e+01,2.038379e+01,2.058643e+01,2.037679e+01,2.054453e+01,2.053057e+01,2.055152e+01,2.060039e+01,2.058643e+01,2.062132e+01,2.053057e+01,2.062132e+01,2.048865e+01,2.041875e+01,2.060039e+01,2.057944e+01,2.055152e+01,2.072594e+01,2.063528e+01,2.063528e+01,2.062830e+01,2.079562e+01,2.067016e+01,2.066318e+01,2.073988e+01,2.074685e+01,2.067713e+01,2.079562e+01,2.068410e+01,2.064225e+01,2.062132e+01,2.091398e+01,2.063528e+01,2.075382e+01,2.069805e+01,2.092093e+01,2.083741e+01,2.089310e+01,2.099744e+01,2.078866e+01,2.101134e+01,2.075382e+01,2.087918e+01,2.093485e+01,2.094180e+01,2.090702e+01,2.092093e+01,2.091398e+01,2.090702e+01,2.087222e+01,2.096962e+01,2.096962e+01,2.082348e+01,2.074685e+01,2.070502e+01,2.056548e+01,2.043274e+01,2.049564e+01,2.045371e+01,2.055152e+01,2.060039e+01,2.058643e+01,2.048865e+01,2.048865e+01,2.041875e+01,2.071200e+01,2.051660e+01,2.048166e+01,2.053057e+01,2.041176e+01,2.050961e+01,2.050262e+01,2.047468e+01,2.050961e+01,2.059340e+01,2.043973e+01,2.055850e+01,2.047468e+01,2.041875e+01,2.058643e+01,2.050961e+01,2.055152e+01,2.053057e+01,2.055850e+01,2.050961e+01,2.050262e+01,2.049564e+01,2.050961e+01,2.057246e+01,2.051660e+01,2.056548e+01,2.053755e+01,2.051660e+01,2.053755e+01,2.043973e+01,2.041176e+01,2.052358e+01,2.054453e+01,2.055850e+01,2.046070e+01,2.041875e+01,2.052358e+01,2.047468e+01,2.043274e+01,2.039078e+01,2.040477e+01,2.032782e+01,2.035581e+01,2.042575e+01,2.050961e+01,2.040477e+01,2.051660e+01,2.053755e+01,2.046769e+01,2.043274e+01,2.053755e+01,2.055850e+01,2.060039e+01,2.055850e+01,2.048166e+01,2.050262e+01,2.044672e+01,2.052358e+01,2.063528e+01,2.064225e+01,2.048166e+01,2.048865e+01,2.039778e+01,2.048166e+01,2.055850e+01,2.048166e+01,2.046769e+01,2.053057e+01,2.055850e+01,2.052358e+01,2.060039e+01,2.065621e+01,2.057246e+01,2.065621e+01,2.060736e+01,2.047468e+01,2.055850e+01,2.039078e+01,2.057944e+01,2.058643e+01,2.038379e+01,2.031382e+01,2.056548e+01,2.050961e+01,2.067713e+01,2.066318e+01,2.053057e+01,2.048865e+01,2.057246e+01,2.073988e+01
2.060039e+01,2.048166e+01,2.058643e+01,2.053755e+01,2.055850e+01,2.071200e+01,2.060736e+01,2.057246e+01,2.067016e+01,2.058643e+01,2.057944e+01,2.061434e+01,2.067713e+01,2.058643e+01,2.060039e+01,2.067016e+01,2.053057e+01,2.059340e+01,2.061434e+01,2.065621e+01,2.062132e+01,2.058643e+01,2.060736e+01,2.069805e+01,2.061434e+01,2.055850e+01,2.057246e+01,2.057246e+01,2.057246e+01,2.080259e+01,2.056548e+01,2.067713e+01,2.071200e+01,2.071897e+01,2.059340e+01,2.066318e+01,2.062830e+01,2.065621e+01,2.066318e+01,2.067713e+01,2.069805e+01,2.086526e+01,2.075382e+01,2.117109e+01,2.085830e+01,2.092789e+01,2.085134e+01,2.070502e+01,2.067713e+01,2.068410e+01,2.057944e+01,2.055850e+01,2.067016e+01,2.069108e+01,2.062132e+01,2.060736e+01,2.062132e+01,2.062830e+01,2.062132e+01,2.064923e+01,2.071200e+01,2.069108e+01,2.084437e+01,2.068410e+01,2.064923e+01,2.081652e+01,2.062132e+01,2.081652e+01,2.078866e+01,2.060039e+01,2.069805e+01,2.080955e+01,2.060039e+01,2.071200e+01,2.076775e+01,2.101829e+01,2.101134e+01,2.100439e+01,2.101134e+01,2.083045e+01,2.105304e+01,2.092093e+01,2.115027e+01,2.081652e+01,2.103219e+01,2.108777e+01,2.153826e+01,2.158665e+01,2.162812e+01,2.163503e+01,2.119885e+01,2.131673e+01,2.138601e+01,2.137216e+01,2.157283e+01,2.182828e+01,2.212436e+01,2.202806e+01,2.186275e+01,2.204182e+01,2.187654e+01,2.191100e+01,2.185586e+01,2.180070e+01,2.162121e+01,2.187654e+01,2.182139e+01,2.171790e+01,2.109472e+01,2.117803e+01,2.110166e+01,2.156592e+01,2.120579e+01,2.135830e+01,2.152443e+01,2.146908e+01,2.121966e+01,2.108083e+01,2.105999e+01,2.103219e+01,2.128207e+01,2.128901e+01,2.137908e+01,2.138601e+01,2.072594e+01,2.049564e+01,2.039778e+01,2.055850e+01,2.039078e+01,2.060736e+01,2.065621e+01,2.055850e+01,2.033481e+01,2.050961e+01,2.055850e+01,2.043973e+01,2.046070e+01,2.046769e+01,2.048865e+01,2.048166e+01,2.054453e+01,2.050961e+01,2.053755e+01,2.060039e+01,2.055850e+01,2.060736e+01,2.050262e+01,2.056548e+01,2.056548e+01,2.047468e+01,2.057944e+01,2.054453e+01,2.055152e+01,2.057246e+01,2.057944e+01,2.048865e+01,2.053057e+01,2.050262e+01,2.048166e+01,2.051660e+01,2.045371e+01,2.051660e+01,2.061434e+01,2.067016e+01,2.061434e+01,2.062132e+01,2.058643e+01,2.060039e+01,2.058643e+01,2.060039e+01,2.058643e+01,2.059340e+01,2.057944e+01,2.050961e+01,2.058643e+01,2.045371e+01,2.048865e+01,2.059340e+01,2.055152e+01,2.052358e+01,2.062132e+01,2.061434e+01,2.064923e+01,2.057246e+01,2.063528e+01,2.057944e+01,2.060039e+01,2.063528e+01,2.048865e+01,2.057944e+01,2.055850e+01,2.057944e+01,2.056548e+01,2.051660e+01,2.061434e+01,2.053057e+01,2.052358e+01,2.053755e+01,2.055152e+01,2.049564e+01,2.059340e+01,2.058643e+01,2.065621e+01,2.067016e+01,2.068410e+01,2.061434e+01,2.057246e+01,2.055152e+01,2.057246e+01,2.053755e+01,2.053057e+01,2.062830e+01,2.050262e+01,2.065621e+01,2.047468e+01,2.048865e+01,2.055152e+01,2.048166e+01,2.049564e+01,2.068410e+01,2.067713e+01,2.062830e+01,2.054453e+01,2.055850e+01,2.055850e+01,2.046070e+01,2.057246e+01,2.065621e+01,2.063528e+01,2.083741e+01,2.060736e+01,2.055152e+01,2.041875e+01,2.043274e+01,2.029982e+01,2.024380e+01,2.029982e+01,2.022278e+01,2.023680e+01,2.032782e+01,2.027881e+01,2.027181e+01,2.010362e+01,2.005451e+01,2.022278e+01,2.006854e+01,2.027181e+01,2.009660e+01,2.006854e+01,2.021578e+01,2.008959e+01,1.997728e+01,2.004047e+01,1.999835e+01,2.006152e+01,1.994919e+01,1.992811e+01,1.998431e+01,2.009660e+01,2.017373e+01,2.018074e+01,2.027181e+01,2.029982e+01,2.020877e+01,2.022979e+01,2.034181e+01,2.041875e+01,2.036980e+01,2.041875e+01,2.043274e+01,2.052358e+01,2.038379e+01,2.052358e+01,2.044672e+01,2.046070e+01,2.062132e+01,2.062830e+01,2.069108e+01,2.076775e+01,2.076775e+01,2.089310e+01,2.069108e+01,2.067016e+01,2.064923e+01,2.067016e+01,2.067016e+01,2.072594e+01,2.069805e+01,2.071200e+01,2.072594e+01,2.073988e+01,2.067713e+01,2.076079e+01,2.077472e+01,2.077472e+01,2.069108e+01,2.071897e+01,2.070502e+01,2.057246e+01,2.068410e+01,2.063528e+01,2.062830e+01,2.054453e+01,2.051660e+01,2.048166e+01,2.055850e+01,2.057246e+01,2.050961e+01,2.058643e+01,2.057246e+01,2.073291e+01,2.071200e+01,2.063528e+01,2.069805e+01,2.071897e+01,2.062830e+01,2.064923e+01,2.068410e+01,2.067713e+01,2.067713e+01,2.068410e+01,2.065621e+01,2.076079e+01,2.064923e+01,2.062830e+01,2.062132e+01,2.065621e+01,2.055152e+01,2.067016e+01,2.062132e+01,2.061434e+01,2.052358e+01,2.055850e+01,2.055152e+01,2.050961e+01,2.053057e+01,2.048865e+01,2.058643e+01,2.044672e+01,2.042575e+01,2.044672e+01,2.041176e+01,2.038379e+01,2.043973e+01,2.043973e+01,2.041176e+01,2.049564e+01,2.041875e+01,2.041176e+01,2.043274e+01,2.025080e+01,2.046070e+01,2.024380e+01,2.036280e+01,2.036980e+01,2.042575e+01,2.043973e+01,2.048865e+01,2.055152e+01,2.049564e+01,2.053755e+01,2.047468e+01,2.053755e+01,2.053755e+01,2.050961e+01,2.056548e+01,2.060736e+01,2.063528e+01,2.067713e+01,2.073291e+01,2.071200e+01,2.061434e+01,2.067016e+01,2.056548e+01,2.060736e+01,2.061434e+01,2.067016e+01,2.065621e+01,2.061434e+01,2.060039e+01,2.071200e+01,2.070502e+01,2.068410e+01,2.066318e+01,2.068410e+01,2.066318e+01,2.062830e+01,2.064225e+01,2.072594e+01,2.073291e+01,2.070502e+01,2.067713e+01,2.067016e+01,2.069108e+01,2.079562e+01,2.059340e+01,2.071897e+01,2.070502e+01,2.071200e+01,2.059340e+01,2.066318e+01,2.040477e+01,2.058643e+01,2.045371e+01,2.042575e+01,2.045371e+01,2.041875e+01,2.046769e+01,2.050961e+01,2.049564e+01,2.053755e+01,2.048865e+01,2.046070e+01,2.045371e+01,2.046070e+01,2.046769e+01,2.040477e+01,2.054453e+01,2.054453e+01,2.053057e+01,2.042575e+01,2.045371e+01,2.043274e+01,2.048865e+01,2.045371e+01,2.039778e+01,2.044672e+01,2.045371e+01,2.043274e+01,2.045371e+01,2.037679e+01,2.047468e+01,2.043274e+01,2.043274e+01,2.047468e+01,2.044672e+01,2.046070e+01,2.047468e+01,2.043973e+01,2.035581e+01,2.041176e+01,2.048166e+01,2.059340e+01,2.048166e+01,2.054453e+01,2.044672e+01,2.052358e+01,2.048865e+01,2.050961e+01,2.048865e+01,2.046769e+01,2.050961e+01,2.053057e+01,2.041875e+01,2.044672e+01,2.050262e+01,2.064923e+01,2.051660e+01,2.047468e+01,2.041875e+01,2.050262e+01,2.045371e+01,2.042575e+01,2.041176e+01,2.055850e+01,2.039078e+01,2.040477e+01,2.055152e+01,2.057944e+01,2.057944e+01,2.062132e+01,2.060039e+01,2.046070e+01,2.053057e+01,2.049564e+01,2.046070e+01,2.046769e+01,2.054453e+01,2.047468e+01,2.053755e+01,2.053755e+01,2.055152e+01,2.055850e+01,2.053755e+01,2.055850e+01,2.045371e+01,2.048865e+01,2.065621e+01,2.035581e+01,2.064225e+01,2.053057e+01,2.054453e+01,2.053057e+01,2.060039e+01,2.056548e+01,2.061434e+01,2.048166e+01,2.050961e+01,2.054453e+01,2.065621e+01,2.058643e+01,2.048166e+01,2.049564e+01,2.050262e+01,2.053755e+01,2.067016e+01,2.052358e+01,2.063528e+01,2.060039e+01,2.057246e+01,2.060736e+01,2.078169e+01,2.057246e+01,2.055152e+01,2.050262e+01,2.053755e+01,2.059340e+01,2.054453e+01,2.062830e+01,2.079562e+01,2.080955e+01,2.087222e+01,2.053755e+01,2.060039e+01,2.083741e+01,2.085134e+01,2.100439e+01,2.067713e+01,2.090006e+01,2.091398e+01,2.094876e+01,2.100439e+01,2.091398e+01,2.087222e+01,2.085134e+01,2.080259e+01,2.081652e+01,2.074685e+01,2.077472e+01,2.068410e+01,2.060736e+01,2.046769e+01,2.053057e+01,2.044672e+01,2.048166e+01,2.058643e+01,2.062132e+01,2.046769e+01,2.053057e+01,2.052358e+01,2.048166e+01,2.061434e+01,2.043973e+01,2.060736e+01,2.036980e+01,2.050262e+01,2.058643e+01,2.043973e+01,2.055152e+01,2.046070e+01,2.026481e+01,2.055152e+01,2.049564e+01,2.061434e+01,2.054453e+01,2.043274e+01,2.053755e+01,2.055850e+01,2.049564e+01,2.054453e+01,2.054453e+01,2.050262e+01,2.054453e+01,2.053755e+01,2.053755e+01,2.055850e+01,2.039778e+01,2.050262e+01,2.053057e+01,2.054453e+01,2.049564e+01,2.060039e+01,2.055850e+01,2.049564e+01,2.050961e+01,2.050961e+01,2.054453e+01,2.053057e+01,2.044672e+01,2.053057e+01,2.041875e+01,2.050262e+01,2.053755e+01,2.051660e+01,2.051660e+01,2.053057e+01,2.051660e+01,2.053057e+01,2.052358e+01,2.052358e+01,2.052358e+01,2.047468e+01,2.047468e+01,2.049564e+01,2.053755e+01,2.045371e+01,2.044672e+01,2.061434e+01,2.037679e+01,2.048865e+01,2.050262e+01,2.036280e+01,2.049564e+01,2.049564e+01,2.056548e+01,2.059340e+01,2.059340e+01,2.054453e+01,2.061434e+01,2.039778e+01,2.053057e+01,2.057246e+01,2.048166e+01,2.064225e+01,2.046769e+01,2.058643e+01,2.063528e+01,2.050262e+01,2.036980e+01,2.062132e+01,2.042575e+01,2.050961e+01,2.042575e+01,2.055850e+01,2.039078e+01,2.047468e+01,2.050262e+01,2.053755e+01,2.058643e+01,2.069805e+01
2.057246e+01,2.057944e+01,2.055152e+01,2.055152e+01,2.054453e+01,2.050961e+01,2.054453e+01,2.064923e+01,2.059340e+01,2.057944e+01,2.058643e+01,2.063528e+01,2.064225e+01,2.062830e+01,2.063528e+01,2.058643e+01,2.060736e+01,2.057246e+01,2.051660e+01,2.055152e+01,2.069805e+01,2.056548e+01,2.057944e+01,2.059340e+01,2.057246e+01,2.058643e+01,2.062132e+01,2.060736e+01,2.060736e+01,2.058643e+01,2.057944e+01,2.067016e+01,2.070502e+01,2.064225e+01,2.069805e+01,2.060736e+01,2.064923e+01,2.061434e+01,2.063528e+01,2.069108e+01,2.067016e+01,2.070502e+01,2.063528e+01,2.092093e+01,2.103219e+01,2.089310e+01,2.074685e+01,2.079562e+01,2.087918e+01,2.078866e+01,2.075382e+01,2.036280e+01,2.074685e+01,2.067016e+01,2.063528e+01,2.071897e+01,2.052358e+01,2.062132e+01,2.057246e+01,2.062132e+01,2.072594e+01,2.061434e+01,2.069108e+01,2.070502e+01,2.064225e+01,2.064923e+01,2.081652e+01,2.078866e+01,2.084437e+01,2.080955e+01,2.082348e+01,2.073988e+01,2.088614e+01,2.080259e+01,2.092789e+01,2.099048e+01,2.103914e+01,2.115721e+01,2.136523e+01,2.117109e+01,2.101829e+01,2.097658e+01,2.106693e+01,2.108777e+01,2.108777e+01,2.111555e+01,2.139986e+01,2.161430e+01,2.162121e+01,2.137908e+01,2.130980e+01,2.105999e+01,2.124047e+01,2.134445e+01,2.146908e+01,2.161430e+01,2.222057e+01,2.226865e+01,2.228924e+01,2.245386e+01,2.261821e+01,2.292566e+01,2.286424e+01,2.202806e+01,2.185586e+01,2.190411e+01,2.192477e+01,2.179380e+01,2.126821e+01,2.118497e+01,2.128207e+01,2.170409e+01,2.162812e+01,2.128901e+01,2.142756e+01,2.119885e+01,2.104609e+01,2.105304e+01,2.105304e+01,2.099744e+01,2.103914e+01,2.115027e+01,2.107388e+01,2.078169e+01,2.060039e+01,2.039778e+01,2.039778e+01,2.039078e+01,2.037679e+01,2.065621e+01,2.028582e+01,2.040477e+01,2.043973e+01,2.041875e+01,2.045371e+01,2.038379e+01,2.046070e+01,2.052358e+01,2.054453e+01,2.052358e+01,2.051660e+01,2.053755e+01,2.061434e+01,2.050961e+01,2.046769e+01,2.062132e+01,2.055152e+01,2.048166e+01,2.056548e+01,2.056548e+01,2.064225e+01,2.055850e+01,2.058643e+01,2.064225e+01,2.048166e+01,2.049564e+01,2.048166e+01,2.049564e+01,2.049564e+01,2.048166e+01,2.043973e+01,2.050961e+01,2.041875e+01,2.064225e+01,2.062830e+01,2.057246e+01,2.048166e+01,2.058643e+01,2.049564e+01,2.058643e+01,2.055850e+01,2.048865e+01,2.060736e+01,2.063528e+01,2.064923e+01,2.051660e+01,2.056548e+01,2.057246e+01,2.066318e+01,2.057246e+01,2.055850e+01,2.036980e+01,2.059340e+01,2.053057e+01,2.057246e+01,2.058643e+01,2.053755e+01,2.060736e+01,2.052358e+01,2.048865e+01,2.053755e+01,2.053755e+01,2.051660e+01,2.048865e+01,2.053755e+01,2.055152e+01,2.051660e+01,2.055850e+01,2.054453e+01,2.053057e+01,2.048166e+01,2.068410e+01,2.058643e+01,2.048166e+01,2.055850e+01,2.053057e+01,2.053057e+01,2.051660e+01,2.051660e+01,2.053755e+01,2.061434e+01,2.066318e+01,2.062132e+01,2.061434e+01,2.052358e+01,2.055850e+01,2.053755e+01,2.059340e+01,2.049564e+01,2.053057e+01,2.052358e+01,2.054453e+01,2.058643e+01,2.056548e+01,2.050961e+01,2.057944e+01,2.067016e+01,2.055850e+01,2.059340e+01,2.064225e+01,2.053057e+01,2.050961e+01,2.050262e+01,2.045371e+01,2.039778e+01,2.025781e+01,2.027881e+01,2.034181e+01,2.029982e+01,2.020877e+01,2.039078e+01,2.022979e+01,2.028582e+01,2.011063e+01,2.013868e+01,2.014569e+01,2.022278e+01,2.010362e+01,2.008257e+01,2.024380e+01,2.026481e+01,1.992811e+01,1.994216e+01,1.999835e+01,1.994919e+01,2.004749e+01,1.996324e+01,2.004047e+01,2.008257e+01,2.015270e+01,2.007556e+01,2.017373e+01,2.014569e+01,2.027181e+01,2.025080e+01,2.029982e+01,2.048166e+01,2.039078e+01,2.045371e+01,2.044672e+01,2.042575e+01,2.048865e+01,2.049564e+01,2.050961e+01,2.054453e+01,2.058643e+01,2.064923e+01,2.062132e+01,2.063528e+01,2.064923e+01,2.064923e+01,2.069108e+01,2.067016e+01,2.065621e+01,2.066318e+01,2.064923e+01,2.071897e+01,2.069805e+01,2.073291e+01,2.065621e+01,2.071897e+01,2.071897e+01,2.067016e+01,2.076079e+01,2.073988e+01,2.075382e+01,2.075382e+01,2.069108e+01,2.069805e+01,2.057944e+01,2.074685e+01,2.055850e+01,2.060736e+01,2.057246e+01,2.053755e+01,2.055152e+01,2.056548e+01,2.054453e+01,2.049564e+01,2.080955e+01,2.065621e+01,2.069108e+01,2.071897e+01,2.070502e+01,2.074685e+01,2.072594e+01,2.064225e+01,2.058643e+01,2.068410e+01,2.079562e+01,2.067016e+01,2.067016e+01,2.066318e+01,2.065621e+01,2.051660e+01,2.062830e+01,2.057944e+01,2.069108e+01,2.069805e+01,2.053755e+01,2.067016e+01,2.054453e+01,2.050961e+01,2.055850e+01,2.054453e+01,2.050961e+01,2.055850e+01,2.044672e+01,2.049564e+01,2.039778e+01,2.043274e+01,2.049564e+01,2.054453e+01,2.043973e+01,2.027181e+01,2.045371e+01,2.046769e+01,2.042575e+01,2.033481e+01,2.041176e+01,2.041875e+01,2.043973e+01,2.036280e+01,2.048865e+01,2.050961e+01,2.048166e+01,2.043274e+01,2.042575e+01,2.044672e+01,2.049564e+01,2.039078e+01,2.053057e+01,2.045371e+01,2.045371e+01,2.060039e+01,2.059340e+01,2.063528e+01,2.059340e+01,2.064923e+01,2.066318e+01,2.062132e+01,2.064923e+01,2.062132e+01,2.062132e+01,2.064225e+01,2.064923e+01,2.068410e+01,2.064225e+01,2.068410e+01,2.067016e+01,2.065621e+01,2.060736e+01,2.064225e+01,2.067713e+01,2.069805e+01,2.065621e+01,2.068410e+01,2.073988e+01,2.068410e+01,2.070502e+01,2.062132e+01,2.070502e+01,2.072594e+01,2.070502e+01,2.066318e+01,2.059340e+01,2.068410e+01,2.050961e+01,2.062132e+01,2.063528e+01,2.039778e+01,2.049564e+01,2.057944e+01,2.045371e+01,2.043973e+01,2.050262e+01,2.048865e+01,2.051660e+01,2.050262e+01,2.039778e+01,2.043274e+01,2.044672e+01,2.051660e+01,2.042575e+01,2.050262e+01,2.052358e+01,2.044672e+01,2.039778e+01,2.052358e+01,2.052358e+01,2.045371e+01,2.047468e+01,2.048865e+01,2.046769e+01,2.040477e+01,2.048166e+01,2.044672e+01,2.041875e+01,2.045371e+01,2.043274e+01,2.046070e+01,2.049564e+01,2.036980e+01,2.043973e+01,2.045371e+01,2.043274e+01,2.044672e+01,2.044672e+01,2.045371e+01,2.043973e+01,2.048865e+01,2.049564e+01,2.034181e+01,2.034881e+01,2.049564e+01,2.057246e+01,2.050961e+01,2.055850e+01,2.048166e+01,2.051660e+01,2.044672e+01,2.050262e+01,2.037679e+01,2.045371e+01,2.047468e+01,2.055152e+01,2.052358e+01,2.048865e+01,2.052358e+01,2.040477e+01,2.050262e+01,2.043973e+01,2.044672e+01,2.041176e+01,2.045371e+01,2.048865e+01,2.074685e+01,2.057944e+01,2.050961e+01,2.049564e+01,2.035581e+01,2.039778e+01,2.043274e+01,2.047468e+01,2.039778e+01,2.049564e+01,2.053057e+01,2.057246e+01,2.050961e+01,2.054453e+01,2.039078e+01,2.041176e+01,2.047468e+01,2.046070e+01,2.048166e+01,2.048166e+01,2.039778e+01,2.046070e+01,2.050262e+01,2.055152e+01,2.063528e+01,2.051660e+01,2.050961e+01,2.055152e+01,2.050961e+01,2.050961e+01,2.044672e+01,2.046070e+01,2.043274e+01,2.039078e+01,2.049564e+01,2.052358e+01,2.044672e+01,2.056548e+01,2.049564e+01,2.048865e+01,2.048865e+01,2.047468e+01,2.062132e+01,2.051660e+01,2.050961e+01,2.056548e+01,2.060039e+01,2.057944e+01,2.057944e+01,2.048865e+01,2.047468e+01,2.045371e+01,2.054453e+01,2.058643e+01,2.057944e+01,2.054453e+01,2.071200e+01,2.057944e+01,2.069108e+01,2.070502e+01,2.060736e+01,2.069805e+01,2.074685e+01,2.082348e+01,2.089310e+01,2.090702e+01,2.089310e+01,2.085134e+01,2.101829e+01,2.088614e+01,2.081652e+01,2.081652e+01,2.082348e+01,2.073988e+01,2.074685e+01,2.060039e+01,2.057246e+01,2.049564e+01,2.043973e+01,2.051660e+01,2.053755e+01,2.047468e+01,2.053057e+01,2.068410e+01,2.047468e+01,2.048166e+01,2.044672e+01,2.046070e+01,2.043973e+01,2.043973e+01,2.046070e+01,2.057246e+01,2.055152e+01,2.046070e+01,2.043973e+01,2.042575e+01,2.059340e+01,2.058643e+01,2.055152e+01,2.046769e+01,2.046070e+01,2.049564e+01,2.043973e+01,2.054453e+01,2.048166e+01,2.052358e+01,2.048865e+01,2.054453e+01,2.055152e+01,2.041875e+01,2.056548e+01,2.053755e+01,2.057246e+01,2.050961e+01,2.047468e+01,2.062830e+01,2.062830e+01,2.050262e+01,2.050262e+01,2.049564e+01,2.040477e+01,2.061434e+01,2.054453e+01,2.050262e+01,2.036980e+01,2.048865e+01,2.050262e+01,2.052358e+01,2.048865e+01,2.051660e+01,2.050262e+01,2.048865e+01,2.054453e+01,2.050262e+01,2.042575e+01,2.043274e+01,2.046070e+01,2.037679e+01,2.053057e+01,2.061434e+01,2.048166e+01,2.037679e+01,2.046769e+01,2.041176e+01,2.048865e+01,2.046769e+01,2.041176e+01,2.046070e+01,2.050262e+01,2.049564e+01,2.053755e+01,2.053057e+01,2.053755e+01,2.056548e+01,2.055152e+01,2.053755e+01,2.041875e+01,2.045371e+01,2.051660e+01,2.046070e+01,2.064225e+01,2.048166e+01,2.054453e+01,2.060736e+01,2.032782e+01,2.053755e+01,2.055850e+01,2.052358e+01,2.047468e+01,2.065621e+01,2.044672e+01,2.059340e+01,2.049564e+01,2.050262e+01
2.064923e+01,2.048865e+01,2.048865e+01,2.050262e+01,2.053755e+01,2.071897e+01,2.071897e+01,2.053057e+01,2.062132e+01,2.060039e+01,2.063528e+01,2.057246e+01,2.056548e+01,2.053057e+01,2.051660e+01,2.058643e+01,2.055152e+01,2.061434e+01,2.067713e+01,2.053755e+01,2.062132e+01,2.057246e+01,2.062830e+01,2.062830e+01,2.058643e+01,2.055152e+01,2.052358e+01,2.062132e+01,2.058643e+01,2.062132e+01,2.065621e+01,2.069108e+01,2.068410e+01,2.069805e+01,2.076775e+01,2.069108e+01,2.058643e+01,2.064923e+01,2.064923e+01,2.066318e+01,2.073988e+01,2.080955e+01,2.067016e+01,2.078866e+01,2.081652e+01,2.096267e+01,2.078866e+01,2.082348e+01,2.079562e+01,2.057246e+01,2.070502e+01,2.068410e+01,2.060039e+01,2.071200e+01,2.066318e+01,2.060039e+01,2.058643e+01,2.060039e+01,2.054453e+01,2.054453e+01,2.058643e+01,2.075382e+01,2.071200e+01,2.090006e+01,2.089310e+01,2.064225e+01,2.080955e+01,2.099048e+01,2.085830e+01,2.098353e+01,2.101829e+01,2.083741e+01,2.102524e+01,2.093485e+01,2.094180e+01,2.106693e+01,2.112250e+01,2.112250e+01,2.116415e+01,2.100439e+01,2.094876e+01,2.103219e+01,2.096267e+01,2.105304e+01,2.109472e+01,2.128901e+01,2.131673e+01,2.133752e+01,2.135830e+01,2.136523e+01,2.124047e+01,2.125434e+01,2.137908e+01,2.127514e+01,2.162121e+01,2.159356e+01,2.162121e+01,2.213124e+01,2.241273e+01,2.276863e+01,2.290519e+01,2.324580e+01,2.342926e+01,2.281645e+01,2.199364e+01,2.171099e+01,2.175930e+01,2.176620e+01,2.151751e+01,2.115721e+01,2.140678e+01,2.137908e+01,2.197299e+01,2.112250e+01,2.117803e+01,2.133752e+01,2.117109e+01,2.115721e+01,2.116415e+01,2.109472e+01,2.125434e+01,2.129594e+01,2.102524e+01,2.069805e+01,2.052358e+01,2.038379e+01,2.034181e+01,2.039778e+01,2.049564e+01,2.039078e+01,2.062132e+01,2.047468e+01,2.040477e+01,2.048865e+01,2.042575e+01,2.043973e+01,2.040477e+01,2.041176e+01,2.040477e+01,2.041176e+01,2.057246e+01,2.055152e+01,2.052358e+01,2.049564e+01,2.048166e+01,2.057246e+01,2.051660e+01,2.045371e+01,2.052358e+01,2.050262e+01,2.032782e+01,2.051660e+01,2.034181e+01,2.055152e+01,2.050961e+01,2.048166e+01,2.050961e+01,2.050262e+01,2.047468e+01,2.052358e+01,2.043274e+01,2.048865e+01,2.053057e+01,2.062132e+01,2.055152e+01,2.060736e+01,2.060039e+01,2.059340e+01,2.069108e+01,2.053057e+01,2.060736e+01,2.056548e+01,2.049564e+01,2.051660e+01,2.053755e+01,2.058643e+01,2.053057e+01,2.047468e+01,2.048865e+01,2.057246e+01,2.056548e+01,2.056548e+01,2.064923e+01,2.055850e+01,2.051660e+01,2.055152e+01,2.071897e+01,2.048166e+01,2.050961e+01,2.045371e+01,2.050262e+01,2.050961e+01,2.060736e+01,2.055152e+01,2.054453e+01,2.055850e+01,2.055152e+01,2.055152e+01,2.053755e+01,2.053755e+01,2.053057e+01,2.066318e+01,2.059340e+01,2.049564e+01,2.055850e+01,2.060039e+01,2.065621e+01,2.049564e+01,2.070502e+01,2.068410e+01,2.065621e+01,2.062132e+01,2.068410e+01,2.064923e+01,2.049564e+01,2.053057e+01,2.053057e+01,2.058643e+01,2.051660e+01,2.029282e+01,2.054453e+01,2.057944e+01,2.057944e+01,2.053057e+01,2.053755e+01,2.060736e+01,2.052358e+01,2.049564e+01,2.060736e+01,2.059340e+01,2.050262e+01,2.045371e+01,2.051660e+01,2.032782e+01,2.039078e+01,2.061434e+01,2.042575e+01,2.035581e+01,2.028582e+01,2.040477e+01,2.024380e+01,2.038379e+01,2.032082e+01,2.027181e+01,2.016672e+01,2.025080e+01,2.025080e+01,2.020177e+01,2.024380e+01,2.032082e+01,2.007556e+01,2.029282e+01,2.012466e+01,2.010362e+01,2.008959e+01,2.011764e+01,1.992109e+01,2.005451e+01,2.001941e+01,2.008257e+01,2.008959e+01,2.013868e+01,2.013167e+01,2.019476e+01,2.024380e+01,2.034181e+01,2.029282e+01,2.037679e+01,2.036280e+01,2.052358e+01,2.059340e+01,2.053755e+01,2.033481e+01,2.055850e+01,2.046070e+01,2.049564e+01,2.071200e+01,2.056548e+01,2.062132e+01,2.059340e+01,2.057944e+01,2.053755e+01,2.065621e+01,2.064923e+01,2.067016e+01,2.066318e+01,2.067016e+01,2.066318e+01,2.073291e+01,2.067713e+01,2.070502e+01,2.076775e+01,2.053057e+01,2.075382e+01,2.069108e+01,2.062132e+01,2.067016e+01,2.064923e+01,2.055850e+01,2.068410e+01,2.056548e+01,2.052358e+01,2.063528e+01,2.050961e+01,2.064225e+01,2.053057e+01,2.055152e+01,2.055850e+01,2.053755e+01,2.060736e+01,2.060039e+01,2.069805e+01,2.067016e+01,2.071897e+01,2.071897e+01,2.055850e+01,2.066318e+01,2.064225e+01,2.073988e+01,2.073988e+01,2.060039e+01,2.069108e+01,2.077472e+01,2.064225e+01,2.062132e+01,2.061434e+01,2.061434e+01,2.064225e+01,2.060736e+01,2.052358e+01,2.064923e+01,2.060039e+01,2.066318e+01,2.054453e+01,2.053755e+01,2.050262e+01,2.041176e+01,2.061434e+01,2.051660e+01,2.057944e+01,2.046769e+01,2.055850e+01,2.052358e+01,2.052358e+01,2.045371e+01,2.041875e+01,2.050262e+01,2.053057e+01,2.048865e+01,2.054453e+01,2.034881e+01,2.036280e+01,2.034181e+01,2.046769e+01,2.032082e+01,2.046070e+01,2.045371e+01,2.040477e+01,2.047468e+01,2.043274e+01,2.040477e+01,2.046769e+01,2.057944e+01,2.054453e+01,2.057944e+01,2.062132e+01,2.060039e+01,2.034181e+01,2.062132e+01,2.060736e+01,2.048865e+01,2.056548e+01,2.059340e+01,2.064225e+01,2.063528e+01,2.067016e+01,2.062830e+01,2.066318e+01,2.064225e+01,2.059340e+01,2.062830e+01,2.065621e+01,2.062830e+01,2.064923e+01,2.056548e+01,2.067016e+01,2.068410e+01,2.066318e+01,2.066318e+01,2.073988e+01,2.070502e+01,2.067016e+01,2.063528e+01,2.046070e+01,2.073291e+01,2.066318e+01,2.057246e+01,2.069108e+01,2.064923e+01,2.039078e+01,2.062830e+01,2.046769e+01,2.041176e+01,2.039778e+01,2.038379e+01,2.043973e+01,2.044672e+01,2.050961e+01,2.043973e+01,2.038379e+01,2.039078e+01,2.039078e+01,2.055850e+01,2.047468e+01,2.041875e+01,2.054453e+01,2.049564e+01,2.050262e+01,2.042575e+01,2.048166e+01,2.037679e+01,2.034181e+01,2.043274e+01,2.044672e+01,2.046769e+01,2.054453e+01,2.041176e+01,2.043274e+01,2.048166e+01,2.041875e+01,2.046070e+01,2.049564e+01,2.058643e+01,2.050961e+01,2.050262e+01,2.045371e+01,2.044672e+01,2.044672e+01,2.046769e+01,2.052358e+01,2.046070e+01,2.043274e+01,2.031382e+01,2.034881e+01,2.060736e+01,2.038379e+01,2.050961e+01,2.051660e+01,2.048865e+01,2.046769e+01,2.049564e+01,2.049564e+01,2.048166e+01,2.055850e+01,2.045371e+01,2.046070e+01,2.050262e+01,2.036980e+01,2.043274e+01,2.043973e+01,2.040477e+01,2.046070e+01,2.047468e+01,2.042575e+01,2.047468e+01,2.047468e+01,2.048865e+01,2.057944e+01,2.052358e+01,2.041176e+01,2.047468e+01,2.040477e+01,2.048166e+01,2.046769e+01,2.041176e+01,2.042575e+01,2.057246e+01,2.062830e+01,2.055152e+01,2.055152e+01,2.044672e+01,2.059340e+01,2.056548e+01,2.046070e+01,2.042575e+01,2.054453e+01,2.046070e+01,2.050961e+01,2.049564e+01,2.050262e+01,2.055850e+01,2.056548e+01,2.058643e+01,2.049564e+01,2.055152e+01,2.055152e+01,2.055152e+01,2.045371e+01,2.049564e+01,2.048166e+01,2.046070e+01,2.048166e+01,2.045371e+01,2.050961e+01,2.049564e+01,2.049564e+01,2.032082e+01,2.064923e+01,2.044672e+01,2.044672e+01,2.056548e+01,2.055850e+01,2.056548e+01,2.056548e+01,2.051660e+01,2.055152e+01,2.053755e+01,2.046070e+01,2.064225e+01,2.048166e+01,2.053755e+01,2.046769e+01,2.053755e+01,2.046769e+01,2.056548e+01,2.069108e+01,2.070502e+01,2.060039e+01,2.070502e+01,2.073291e+01,2.068410e+01,2.084437e+01,2.069805e+01,2.083741e+01,2.089310e+01,2.082348e+01,2.080259e+01,2.079562e+01,2.080955e+01,2.069805e+01,2.048166e+01,2.057246e+01,2.040477e+01,2.044672e+01,2.062132e+01,2.039078e+01,2.048166e+01,2.051660e+01,2.050262e+01,2.049564e+01,2.065621e+01,2.064225e+01,2.044672e+01,2.060736e+01,2.057246e+01,2.057246e+01,2.039778e+01,2.050262e+01,2.053755e+01,2.048166e+01,2.060736e+01,2.056548e+01,2.045371e+01,2.057246e+01,2.046769e+01,2.041176e+01,2.041875e+01,2.042575e+01,2.055152e+01,2.050262e+01,2.055850e+01,2.050961e+01,2.051660e+01,2.043274e+01,2.053755e+01,2.042575e+01,2.047468e+01,2.052358e+01,2.051660e+01,2.048166e+01,2.050961e+01,2.052358e+01,2.069108e+01,2.029282e+01,2.036280e+01,2.048166e+01,2.041176e+01,2.046070e+01,2.046769e+01,2.039778e+01,2.046070e+01,2.046070e+01,2.047468e+01,2.051660e+01,2.037679e+01,2.050961e+01,2.052358e+01,2.048865e+01,2.054453e+01,2.039778e+01,2.053755e+01,2.044672e+01,2.053057e+01,2.061434e+01,2.050262e+01,2.047468e+01,2.040477e+01,2.044672e+01,2.050961e+01,2.046769e+01,2.043973e+01,2.051660e+01,2.045371e+01,2.048865e+01,2.053057e+01,2.052358e+01,2.054453e+01,2.041176e+01,2.052358e+01,2.057944e+01,2.041176e+01,2.046769e+01,2.045371e+01,2.045371e+01,2.060736e+01,2.062830e+01,2.048865e+01,2.064923e+01,2.051660e+01,2.034881e+01,2.047468e+01,2.045371e+01,2.036980e+01,2.048166e+01,2.043274e+01,2.041875e+01,2.043274e+01,2.047468e+01,2.060039e+01,2.043973e+01
2.069805e+01,2.058643e+01,2.059340e+01,2.050262e+01,2.060039e+01,2.060736e+01,2.074685e+01,2.057246e+01,2.057246e+01,2.061434e+01,2.053755e+01,2.034881e+01,2.061434e+01,2.053057e+01,2.064225e+01,2.052358e+01,2.067713e+01,2.057246e+01,2.061434e+01,2.079562e+01,2.060039e+01,2.055152e+01,2.056548e+01,2.054453e+01,2.056548e+01,2.063528e+01,2.062132e+01,2.044672e+01,2.059340e+01,2.066318e+01,2.062830e+01,2.060039e+01,2.060736e+01,2.062132e+01,2.061434e+01,2.061434e+01,2.063528e+01,2.060736e+01,2.076775e+01,2.071897e+01,2.074685e+01,2.090702e+01,2.091398e+01,2.079562e+01,2.093485e+01,2.112250e+01,2.087222e+01,2.078169e+01,2.087222e+01,2.085134e+01,2.054453e+01,2.076079e+01,2.069108e+01,2.051660e+01,2.059340e+01,2.069108e+01,2.062830e+01,2.058643e+01,2.070502e+01,2.053057e+01,2.060039e+01,2.065621e+01,2.089310e+01,2.090702e+01,2.111555e+01,2.108083e+01,2.093485e+01,2.110861e+01,2.105304e+01,2.108083e+01,2.104609e+01,2.084437e+01,2.105304e+01,2.104609e+01,2.107388e+01,2.099744e+01,2.115721e+01,2.111555e+01,2.112944e+01,2.112250e+01,2.106693e+01,2.108777e+01,2.109472e+01,2.103219e+01,2.110166e+01,2.132366e+01,2.131673e+01,2.145524e+01,2.157283e+01,2.135830e+01,2.128901e+01,2.131673e+01,2.133059e+01,2.164193e+01,2.178000e+01,2.180070e+01,2.144832e+01,2.144832e+01,2.171099e+01,2.208310e+01,2.249497e+01,2.295976e+01,2.308245e+01,2.283694e+01,2.186275e+01,2.156592e+01,2.128901e+01,2.131673e+01,2.117803e+01,2.115721e+01,2.122660e+01,2.125434e+01,2.153134e+01,2.111555e+01,2.121966e+01,2.116415e+01,2.118497e+01,2.119191e+01,2.112944e+01,2.133059e+01,2.137908e+01,2.161430e+01,2.125434e+01,2.097658e+01,2.039778e+01,2.042575e+01,2.039078e+01,2.030682e+01,2.040477e+01,2.041875e+01,2.036280e+01,2.032082e+01,2.048166e+01,2.043274e+01,2.034881e+01,2.055152e+01,2.041176e+01,2.036980e+01,2.055850e+01,2.047468e+01,2.041176e+01,2.049564e+01,2.048166e+01,2.049564e+01,2.050262e+01,2.052358e+01,2.053755e+01,2.055850e+01,2.046769e+01,2.052358e+01,2.057944e+01,2.057944e+01,2.056548e+01,2.049564e+01,2.063528e+01,2.050961e+01,2.048166e+01,2.047468e+01,2.046070e+01,2.041875e+01,2.046769e+01,2.054453e+01,2.063528e+01,2.053057e+01,2.052358e+01,2.049564e+01,2.060736e+01,2.047468e+01,2.066318e+01,2.053755e+01,2.062830e+01,2.052358e+01,2.050961e+01,2.055152e+01,2.056548e+01,2.061434e+01,2.059340e+01,2.055850e+01,2.056548e+01,2.056548e+01,2.049564e+01,2.048865e+01,2.062830e+01,2.055850e+01,2.053057e+01,2.052358e+01,2.052358e+01,2.064225e+01,2.055850e+01,2.057246e+01,2.057246e+01,2.055850e+01,2.054453e+01,2.050262e+01,2.055850e+01,2.060736e+01,2.053057e+01,2.053057e+01,2.055152e+01,2.053057e+01,2.057246e+01,2.059340e+01,2.055850e+01,2.055850e+01,2.062132e+01,2.050961e+01,2.050262e+01,2.048865e+01,2.057944e+01,2.051660e+01,2.050961e+01,2.064923e+01,2.060736e+01,2.050961e+01,2.055850e+01,2.046769e+01,2.053755e+01,2.055152e+01,2.054453e+01,2.052358e+01,2.055152e+01,2.055850e+01,2.054453e+01,2.055850e+01,2.055850e+01,2.045371e+01,2.057246e+01,2.063528e+01,2.058643e+01,2.059340e+01,2.051660e+01,2.043973e+01,2.051660e+01,2.048166e+01,2.043973e+01,2.043274e+01,2.034181e+01,2.039778e+01,2.032782e+01,2.023680e+01,2.035581e+01,2.024380e+01,2.022278e+01,2.030682e+01,2.025080e+01,2.026481e+01,2.013868e+01,2.027881e+01,2.016672e+01,2.025781e+01,2.022979e+01,1.999133e+01,2.016672e+01,1.997728e+01,2.006854e+01,2.002643e+01,2.011764e+01,2.008257e+01,2.003345e+01,2.011764e+01,2.007556e+01,2.029282e+01,2.026481e+01,2.032082e+01,2.035581e+01,2.036280e+01,2.039078e+01,2.036980e+01,2.026481e+01,2.041176e+01,2.041875e+01,2.034181e+01,2.040477e+01,2.048166e+01,2.051660e+01,2.047468e+01,2.042575e+01,2.048865e+01,2.063528e+01,2.059340e+01,2.053755e+01,2.060039e+01,2.066318e+01,2.075382e+01,2.062830e+01,2.055850e+01,2.068410e+01,2.067713e+01,2.071897e+01,2.071897e+01,2.073291e+01,2.077472e+01,2.066318e+01,2.064923e+01,2.067016e+01,2.063528e+01,2.067016e+01,2.065621e+01,2.064923e+01,2.069108e+01,2.061434e+01,2.058643e+01,2.063528e+01,2.043274e+01,2.052358e+01,2.054453e+01,2.053057e+01,2.049564e+01,2.078169e+01,2.075382e+01,2.057944e+01,2.070502e+01,2.074685e+01,2.061434e+01,2.066318e+01,2.069805e+01,2.067713e+01,2.072594e+01,2.067713e+01,2.059340e+01,2.071897e+01,2.065621e+01,2.066318e+01,2.065621e+01,2.062132e+01,2.062132e+01,2.061434e+01,2.061434e+01,2.062830e+01,2.064923e+01,2.058643e+01,2.068410e+01,2.055850e+01,2.053755e+01,2.055152e+01,2.059340e+01,2.055152e+01,2.052358e+01,2.048166e+01,2.051660e+01,2.048166e+01,2.054453e+01,2.057944e+01,2.043973e+01,2.044672e+01,2.044672e+01,2.046769e+01,2.043274e+01,2.055850e+01,2.039078e+01,2.041875e+01,2.037679e+01,2.046070e+01,2.038379e+01,2.050961e+01,2.046769e+01,2.043274e+01,2.046769e+01,2.043274e+01,2.047468e+01,2.053057e+01,2.057944e+01,2.055850e+01,2.053057e+01,2.065621e+01,2.061434e+01,2.059340e+01,2.061434e+01,2.070502e+01,2.060736e+01,2.046070e+01,2.060039e+01,2.062830e+01,2.066318e+01,2.067713e+01,2.069108e+01,2.064923e+01,2.063528e+01,2.062830e+01,2.060039e+01,2.061434e+01,2.068410e+01,2.066318e+01,2.070502e+01,2.068410e+01,2.069108e+01,2.066318e+01,2.059340e+01,2.067016e+01,2.066318e+01,2.065621e+01,2.060039e+01,2.072594e+01,2.063528e+01,2.072594e+01,2.067713e+01,2.060736e+01,2.070502e+01,2.059340e+01,2.052358e+01,2.042575e+01,2.034181e+01,2.046769e+01,2.037679e+01,2.048166e+01,2.050262e+01,2.047468e+01,2.047468e+01,2.038379e+01,2.048166e+01,2.048865e+01,2.034881e+01,2.053057e+01,2.046070e+01,2.040477e+01,2.048865e+01,2.041875e+01,2.050262e+01,2.044672e+01,2.037679e+01,2.044672e+01,2.040477e+01,2.044672e+01,2.039078e+01,2.046070e+01,2.041176e+01,2.042575e+01,2.037679e+01,2.039778e+01,2.045371e+01,2.043973e+01,2.044672e+01,2.051660e+01,2.037679e+01,2.047468e+01,2.048166e+01,2.051660e+01,2.048865e+01,2.044672e+01,2.043274e+01,2.034881e+01,2.052358e+01,2.034881e+01,2.036280e+01,2.040477e+01,2.045371e+01,2.052358e+01,2.046070e+01,2.051660e+01,2.051660e+01,2.048865e+01,2.053057e+01,2.041875e+01,2.051660e+01,2.046070e+01,2.041875e+01,2.050961e+01,2.034881e+01,2.048865e+01,2.043973e+01,2.045371e+01,2.046769e+01,2.043973e+01,2.048166e+01,2.051660e+01,2.044672e+01,2.056548e+01,2.055850e+01,2.061434e+01,2.039778e+01,2.043274e+01,2.044672e+01,2.048865e+01,2.060039e+01,2.058643e+01,2.049564e+01,2.048865e+01,2.049564e+01,2.051660e+01,2.057246e+01,2.042575e+01,2.059340e+01,2.046070e+01,2.045371e+01,2.057246e+01,2.045371e+01,2.046769e+01,2.048166e+01,2.044672e+01,2.036280e+01,2.040477e+01,2.048865e+01,2.053057e+01,2.037679e+01,2.048166e+01,2.041875e+01,2.048865e+01,2.049564e+01,2.048865e+01,2.046070e+01,2.049564e+01,2.044672e+01,2.052358e+01,2.049564e+01,2.036280e+01,2.049564e+01,2.047468e+01,2.053057e+01,2.050961e+01,2.039078e+01,2.053755e+01,2.053057e+01,2.046070e+01,2.042575e+01,2.052358e+01,2.034181e+01,2.041176e+01,2.050262e+01,2.034881e+01,2.042575e+01,2.052358e+01,2.040477e+01,2.048865e+01,2.041176e+01,2.050961e+01,2.062830e+01,2.049564e+01,2.054453e+01,2.057246e+01,2.064225e+01,2.057944e+01,2.071897e+01,2.071897e+01,2.065621e+01,2.070502e+01,2.077472e+01,2.081652e+01,2.080955e+01,2.085830e+01,2.060039e+01,2.049564e+01,2.050961e+01,2.046769e+01,2.048865e+01,2.047468e+01,2.057944e+01,2.050961e+01,2.058643e+01,2.053755e+01,2.047468e+01,2.048865e+01,2.046769e+01,2.053057e+01,2.055850e+01,2.063528e+01,2.060039e+01,2.041176e+01,2.055850e+01,2.055850e+01,2.061434e+01,2.050961e+01,2.055850e+01,2.050262e+01,2.055152e+01,2.042575e+01,2.052358e+01,2.056548e+01,2.047468e+01,2.055152e+01,2.045371e+01,2.050262e+01,2.055152e+01,2.051660e+01,2.041176e+01,2.056548e+01,2.050262e+01,2.048865e+01,2.055850e+01,2.055850e+01,2.056548e+01,2.049564e+01,2.049564e+01,2.061434e+01,2.041176e+01,2.050961e+01,2.054453e+01,2.047468e+01,2.041875e+01,2.046769e+01,2.037679e+01,2.054453e+01,2.055850e+01,2.040477e+01,2.037679e+01,2.045371e+01,2.050961e+01,2.050262e+01,2.043274e+01,2.039778e+01,2.040477e+01,2.053057e+01,2.046769e+01,2.044672e+01,2.048166e+01,2.046769e+01,2.047468e+01,2.049564e+01,2.034881e+01,2.042575e+01,2.046769e+01,2.046769e+01,2.044672e+01,2.045371e+01,2.049564e+01,2.049564e+01,2.050961e+01,2.052358e+01,2.056548e+01,2.041875e+01,2.056548e+01,2.062132e+01,2.056548e+01,2.043274e+01,2.041176e+01,2.049564e+01,2.054453e+01,2.050262e+01,2.053755e+01,2.041875e+01,2.036980e+01,2.053057e+01,2.067713e+01,2.038379e+01,2.057944e+01,2.041176e+01,2.067713e+01,2.048166e+01,2.046070e+01,2.048166e+01,2.046070e+01
2.050262e+01,2.050961e+01,2.057246e+01,2.062830e+01,2.060736e+01,2.058643e+01,2.063528e+01,2.061434e+01,2.055152e+01,2.058643e+01,2.048865e+01,2.053057e+01,2.057944e+01,2.054453e+01,2.062830e+01,2.059340e+01,2.069805e+01,2.064923e+01,2.058643e+01,2.080259e+01,2.065621e+01,2.053755e+01,2.060039e+01,2.062132e+01,2.090006e+01,2.062830e+01,2.052358e+01,2.061434e+01,2.064225e+01,2.060736e+01,2.064923e+01,2.060736e+01,2.063528e+01,2.066318e+01,2.069805e+01,2.066318e+01,2.082348e+01,2.071200e+01,2.076079e+01,2.076079e+01,2.100439e+01,2.104609e+01,2.089310e+01,2.109472e+01,2.091398e+01,2.112250e+01,2.089310e+01,2.099048e+01,2.092789e+01,2.090702e+01,2.088614e+01,2.076775e+01,2.076775e+01,2.068410e+01,2.061434e+01,2.074685e+01,2.057944e+01,2.052358e+01,2.069108e+01,2.065621e+01,2.070502e+01,2.085134e+01,2.078866e+01,2.094180e+01,2.113638e+01,2.121966e+01,2.142063e+01,2.119885e+01,2.119191e+01,2.120579e+01,2.106693e+01,2.096267e+01,2.101829e+01,2.099744e+01,2.107388e+01,2.109472e+01,2.114333e+01,2.117109e+01,2.105304e+01,2.117803e+01,2.112944e+01,2.126821e+01,2.108777e+01,2.105304e+01,2.108777e+01,2.130980e+01,2.133752e+01,2.169718e+01,2.168337e+01,2.144140e+01,2.137216e+01,2.144832e+01,2.166956e+01,2.177310e+01,2.178690e+01,2.190411e+01,2.164193e+01,2.124740e+01,2.143448e+01,2.174550e+01,2.175240e+01,2.194544e+01,2.195921e+01,2.163503e+01,2.153134e+01,2.117109e+01,2.118497e+01,2.107388e+01,2.112250e+01,2.112250e+01,2.120579e+01,2.130980e+01,2.110166e+01,2.115721e+01,2.124740e+01,2.121272e+01,2.131673e+01,2.115721e+01,2.133752e+01,2.147600e+01,2.171790e+01,2.160739e+01,2.141371e+01,2.082348e+01,2.041176e+01,2.039078e+01,2.039778e+01,2.038379e+01,2.042575e+01,2.042575e+01,2.044672e+01,2.044672e+01,2.037679e+01,2.039078e+01,2.042575e+01,2.032782e+01,2.046769e+01,2.041176e+01,2.045371e+01,2.048166e+01,2.055152e+01,2.049564e+01,2.055850e+01,2.050262e+01,2.053057e+01,2.052358e+01,2.054453e+01,2.058643e+01,2.060039e+01,2.048865e+01,2.053057e+01,2.055850e+01,2.056548e+01,2.062830e+01,2.047468e+01,2.053755e+01,2.051660e+01,2.045371e+01,2.049564e+01,2.051660e+01,2.046769e+01,2.053057e+01,2.044672e+01,2.046070e+01,2.052358e+01,2.057944e+01,2.048865e+01,2.063528e+01,2.059340e+01,2.048166e+01,2.056548e+01,2.054453e+01,2.055850e+01,2.040477e+01,2.050961e+01,2.041875e+01,2.055152e+01,2.057246e+01,2.057944e+01,2.051660e+01,2.052358e+01,2.053057e+01,2.055152e+01,2.049564e+01,2.055152e+01,2.050262e+01,2.053755e+01,2.054453e+01,2.057944e+01,2.049564e+01,2.060039e+01,2.055850e+01,2.052358e+01,2.051660e+01,2.057246e+01,2.051660e+01,2.053755e+01,2.055850e+01,2.053755e+01,2.056548e+01,2.060736e+01,2.056548e+01,2.056548e+01,2.051660e+01,2.058643e+01,2.049564e+01,2.049564e+01,2.049564e+01,2.066318e+01,2.060039e+01,2.053755e+01,2.060736e+01,2.061434e+01,2.051660e+01,2.055850e+01,2.057246e+01,2.052358e+01,2.055850e+01,2.053057e+01,2.048865e+01,2.056548e+01,2.052358e+01,2.055850e+01,2.056548e+01,2.051660e+01,2.068410e+01,2.066318e+01,2.058643e+01,2.062132e+01,2.065621e+01,2.050262e+01,2.049564e+01,2.050262e+01,2.043274e+01,2.049564e+01,2.050262e+01,2.035581e+01,2.033481e+01,2.039078e+01,2.039778e+01,2.035581e+01,2.036980e+01,2.038379e+01,2.036280e+01,2.025080e+01,2.028582e+01,2.016672e+01,2.029282e+01,2.015270e+01,2.026481e+01,2.033481e+01,2.015971e+01,2.006152e+01,2.013167e+01,2.012466e+01,2.011764e+01,2.013167e+01,2.009660e+01,2.004749e+01,2.006854e+01,2.012466e+01,2.011764e+01,2.027181e+01,2.015971e+01,2.027181e+01,2.032782e+01,2.036980e+01,2.026481e+01,2.033481e+01,2.036280e+01,2.039778e+01,2.041875e+01,2.041875e+01,2.041875e+01,2.048865e+01,2.050262e+01,2.050262e+01,2.060736e+01,2.058643e+01,2.064225e+01,2.062132e+01,2.060039e+01,2.067016e+01,2.062132e+01,2.067713e+01,2.059340e+01,2.060736e+01,2.069108e+01,2.067016e+01,2.060736e+01,2.058643e+01,2.073988e+01,2.076079e+01,2.075382e+01,2.064923e+01,2.067713e+01,2.070502e+01,2.063528e+01,2.058643e+01,2.062830e+01,2.075382e+01,2.060736e+01,2.062830e+01,2.051660e+01,2.060736e+01,2.046070e+01,2.053057e+01,2.052358e+01,2.060039e+01,2.049564e+01,2.064225e+01,2.063528e+01,2.070502e+01,2.067713e+01,2.069108e+01,2.068410e+01,2.069108e+01,2.062132e+01,2.077472e+01,2.074685e+01,2.064923e+01,2.073291e+01,2.055850e+01,2.051660e+01,2.060736e+01,2.059340e+01,2.059340e+01,2.060039e+01,2.063528e+01,2.064225e+01,2.057246e+01,2.065621e+01,2.060736e+01,2.060039e+01,2.055850e+01,2.043274e+01,2.059340e+01,2.048166e+01,2.063528e+01,2.055850e+01,2.057944e+01,2.052358e+01,2.050262e+01,2.062132e+01,2.051660e+01,2.050262e+01,2.036280e+01,2.066318e+01,2.046769e+01,2.040477e+01,2.036280e+01,2.039078e+01,2.036280e+01,2.043274e+01,2.043274e+01,2.050961e+01,2.046070e+01,2.046070e+01,2.039778e+01,2.054453e+01,2.055152e+01,2.057246e+01,2.055152e+01,2.052358e+01,2.046769e+01,2.055850e+01,2.059340e+01,2.066318e+01,2.062132e+01,2.071200e+01,2.063528e+01,2.076079e+01,2.062132e+01,2.068410e+01,2.072594e+01,2.071897e+01,2.064225e+01,2.062132e+01,2.064923e+01,2.067713e+01,2.058643e+01,2.067713e+01,2.067713e+01,2.070502e+01,2.071200e+01,2.070502e+01,2.070502e+01,2.064225e+01,2.065621e+01,2.066318e+01,2.062132e+01,2.070502e+01,2.069805e+01,2.071200e+01,2.071897e+01,2.069108e+01,2.067016e+01,2.068410e+01,2.050961e+01,2.049564e+01,2.045371e+01,2.045371e+01,2.047468e+01,2.043973e+01,2.027181e+01,2.050262e+01,2.046769e+01,2.047468e+01,2.044672e+01,2.043973e+01,2.053057e+01,2.050262e+01,2.045371e+01,2.051660e+01,2.041875e+01,2.045371e+01,2.039078e+01,2.041176e+01,2.043973e+01,2.047468e+01,2.035581e+01,2.044672e+01,2.051660e+01,2.045371e+01,2.046070e+01,2.044672e+01,2.042575e+01,2.043973e+01,2.045371e+01,2.050961e+01,2.041176e+01,2.050262e+01,2.040477e+01,2.047468e+01,2.037679e+01,2.044672e+01,2.043973e+01,2.046070e+01,2.056548e+01,2.041176e+01,2.041875e+01,2.039778e+01,2.062132e+01,2.054453e+01,2.041176e+01,2.049564e+01,2.056548e+01,2.060736e+01,2.057246e+01,2.045371e+01,2.051660e+01,2.048166e+01,2.050961e+01,2.039778e+01,2.037679e+01,2.046070e+01,2.060736e+01,2.052358e+01,2.051660e+01,2.038379e+01,2.046070e+01,2.048166e+01,2.050262e+01,2.050262e+01,2.050961e+01,2.058643e+01,2.043274e+01,2.055850e+01,2.050961e+01,2.053057e+01,2.050961e+01,2.060736e+01,2.050961e+01,2.041875e+01,2.039778e+01,2.044672e+01,2.050961e+01,2.049564e+01,2.048865e+01,2.055850e+01,2.036980e+01,2.053755e+01,2.043973e+01,2.043274e+01,2.041176e+01,2.048865e+01,2.046769e+01,2.049564e+01,2.049564e+01,2.050961e+01,2.050262e+01,2.051660e+01,2.052358e+01,2.048865e+01,2.049564e+01,2.043274e+01,2.053755e+01,2.055850e+01,2.048166e+01,2.053057e+01,2.051660e+01,2.056548e+01,2.048166e+01,2.053057e+01,2.043973e+01,2.057944e+01,2.050961e+01,2.053057e+01,2.042575e+01,2.055850e+01,2.054453e+01,2.049564e+01,2.055850e+01,2.049564e+01,2.057246e+01,2.059340e+01,2.048865e+01,2.043973e+01,2.050961e+01,2.042575e+01,2.041176e+01,2.043973e+01,2.048865e+01,2.043274e+01,2.050961e+01,2.047468e+01,2.040477e+01,2.052358e+01,2.056548e+01,2.055850e+01,2.064225e+01,2.068410e+01,2.062830e+01,2.070502e+01,2.063528e+01,2.072594e+01,2.077472e+01,2.067016e+01,2.062132e+01,2.062830e+01,2.058643e+01,2.057944e+01,2.054453e+01,2.041176e+01,2.062132e+01,2.048166e+01,2.053057e+01,2.060736e+01,2.050262e+01,2.052358e+01,2.043973e+01,2.067713e+01,2.060736e+01,2.054453e+01,2.043274e+01,2.043973e+01,2.054453e+01,2.045371e+01,2.058643e+01,2.057246e+01,2.058643e+01,2.059340e+01,2.055152e+01,2.051660e+01,2.053755e+01,2.045371e+01,2.053057e+01,2.062830e+01,2.047468e+01,2.052358e+01,2.051660e+01,2.046769e+01,2.052358e+01,2.041176e+01,2.042575e+01,2.044672e+01,2.055850e+01,2.048166e+01,2.055152e+01,2.057246e+01,2.067713e+01,2.069805e+01,2.046070e+01,2.040477e+01,2.057944e+01,2.048166e+01,2.043274e+01,2.047468e+01,2.039778e+01,2.044672e+01,2.052358e+01,2.050262e+01,2.047468e+01,2.055850e+01,2.052358e+01,2.053057e+01,2.040477e+01,2.046070e+01,2.053755e+01,2.046769e+01,2.041875e+01,2.049564e+01,2.043973e+01,2.049564e+01,2.053755e+01,2.046070e+01,2.045371e+01,2.046769e+01,2.041176e+01,2.044672e+01,2.062830e+01,2.053057e+01,2.053057e+01,2.053057e+01,2.055152e+01,2.056548e+01,2.043973e+01,2.055850e+01,2.045371e+01,2.055850e+01,2.058643e+01,2.044672e+01,2.041875e+01,2.050961e+01,2.046070e+01,2.057944e+01,2.063528e+01,2.050262e+01,2.034881e+01,2.038379e+01,2.052358e+01,2.046769e+01,2.041176e+01,2.046070e+01,2.044672e+01,2.055152e+01,2.053057e+01,2.052358e+01,2.063528e+01,2.044672e+01
2.050262e+01,2.049564e+01,2.069108e+01,2.050961e+01,2.050262e+01,2.055850e+01,2.060736e+01,2.053057e+01,2.060039e+01,2.062132e+01,2.050961e+01,2.060039e+01,2.058643e+01,2.061434e+01,2.071897e+01,2.067713e+01,2.070502e+01,2.057944e+01,2.060039e+01,2.076079e+01,2.054453e+01,2.064225e+01,2.060736e+01,2.061434e+01,2.062132e+01,2.060736e+01,2.057944e+01,2.064923e+01,2.063528e+01,2.060736e+01,2.056548e+01,2.066318e+01,2.062830e+01,2.060039e+01,2.057944e+01,2.060039e+01,2.071200e+01,2.079562e+01,2.076775e+01,2.107388e+01,2.105999e+01,2.116415e+01,2.096267e+01,2.099048e+01,2.105999e+01,2.110861e+01,2.104609e+01,2.100439e+01,2.105304e+01,2.097658e+01,2.100439e+01,2.086526e+01,2.086526e+01,2.078866e+01,2.080955e+01,2.072594e+01,2.076079e+01,2.069805e+01,2.081652e+01,2.077472e+01,2.084437e+01,2.078169e+01,2.085830e+01,2.117109e+01,2.115721e+01,2.152443e+01,2.139986e+01,2.143448e+01,2.120579e+01,2.111555e+01,2.117109e+01,2.105304e+01,2.093485e+01,2.103219e+01,2.092789e+01,2.096962e+01,2.095572e+01,2.110861e+01,2.104609e+01,2.117109e+01,2.108777e+01,2.107388e+01,2.108083e+01,2.119191e+01,2.133059e+01,2.135138e+01,2.157974e+01,2.183518e+01,2.183518e+01,2.142756e+01,2.147600e+01,2.136523e+01,2.180070e+01,2.180070e+01,2.196610e+01,2.172480e+01,2.155900e+01,2.146908e+01,2.151751e+01,2.152443e+01,2.132366e+01,2.115027e+01,2.089310e+01,2.099744e+01,2.108777e+01,2.110166e+01,2.101134e+01,2.102524e+01,2.107388e+01,2.098353e+01,2.110861e+01,2.111555e+01,2.124047e+01,2.119191e+01,2.124047e+01,2.117803e+01,2.124740e+01,2.120579e+01,2.118497e+01,2.136523e+01,2.173170e+01,2.164884e+01,2.164884e+01,2.101829e+01,2.055152e+01,2.050961e+01,2.041875e+01,2.046070e+01,2.042575e+01,2.039078e+01,2.034181e+01,2.041875e+01,2.043274e+01,2.041176e+01,2.028582e+01,2.046769e+01,2.046769e+01,2.043973e+01,2.044672e+01,2.049564e+01,2.051660e+01,2.050262e+01,2.054453e+01,2.050961e+01,2.050961e+01,2.051660e+01,2.056548e+01,2.051660e+01,2.045371e+01,2.057944e+01,2.049564e+01,2.051660e+01,2.050262e+01,2.046070e+01,2.043274e+01,2.043274e+01,2.043973e+01,2.045371e+01,2.047468e+01,2.053057e+01,2.053755e+01,2.053755e+01,2.052358e+01,2.052358e+01,2.052358e+01,2.046070e+01,2.057246e+01,2.047468e+01,2.055850e+01,2.049564e+01,2.050262e+01,2.049564e+01,2.051660e+01,2.048865e+01,2.046769e+01,2.059340e+01,2.044672e+01,2.061434e+01,2.062830e+01,2.043973e+01,2.050262e+01,2.046070e+01,2.066318e+01,2.055850e+01,2.057246e+01,2.053755e+01,2.052358e+01,2.048166e+01,2.053755e+01,2.048865e+01,2.058643e+01,2.050961e+01,2.058643e+01,2.056548e+01,2.055850e+01,2.050262e+01,2.050961e+01,2.054453e+01,2.055152e+01,2.060039e+01,2.060736e+01,2.060039e+01,2.058643e+01,2.053057e+01,2.048865e+01,2.048865e+01,2.036980e+01,2.061434e+01,2.060039e+01,2.053057e+01,2.064225e+01,2.053755e+01,2.057246e+01,2.057944e+01,2.057944e+01,2.055850e+01,2.056548e+01,2.053057e+01,2.053755e+01,2.045371e+01,2.050961e+01,2.057944e+01,2.055850e+01,2.053755e+01,2.054453e+01,2.049564e+01,2.059340e+01,2.061434e+01,2.067016e+01,2.060736e+01,2.051660e+01,2.059340e+01,2.057944e+01,2.050262e+01,2.039778e+01,2.050961e+01,2.034881e+01,2.031382e+01,2.055152e+01,2.042575e+01,2.038379e+01,2.039778e+01,2.039078e+01,2.023680e+01,2.027881e+01,2.025781e+01,2.021578e+01,2.036980e+01,2.020177e+01,2.019476e+01,2.020177e+01,2.011063e+01,2.029982e+01,2.008959e+01,2.015971e+01,2.014569e+01,2.011063e+01,2.012466e+01,2.004749e+01,2.011063e+01,2.024380e+01,2.022278e+01,2.016672e+01,2.016672e+01,2.021578e+01,2.032782e+01,2.020177e+01,2.035581e+01,2.050262e+01,2.035581e+01,2.035581e+01,2.046070e+01,2.037679e+01,2.039778e+01,2.050961e+01,2.049564e+01,2.041875e+01,2.056548e+01,2.046769e+01,2.051660e+01,2.062132e+01,2.055850e+01,2.055152e+01,2.067016e+01,2.058643e+01,2.057246e+01,2.064225e+01,2.056548e+01,2.056548e+01,2.055850e+01,2.071897e+01,2.077472e+01,2.076079e+01,2.075382e+01,2.058643e+01,2.066318e+01,2.078866e+01,2.064923e+01,2.069108e+01,2.061434e+01,2.060039e+01,2.060039e+01,2.055152e+01,2.044672e+01,2.048166e+01,2.048865e+01,2.050262e+01,2.053057e+01,2.057246e+01,2.060736e+01,2.063528e+01,2.071897e+01,2.070502e+01,2.057246e+01,2.071200e+01,2.047468e+01,2.071200e+01,2.069108e+01,2.072594e+01,2.064225e+01,2.067016e+01,2.051660e+01,2.053755e+01,2.063528e+01,2.064923e+01,2.061434e+01,2.062132e+01,2.060039e+01,2.066318e+01,2.055850e+01,2.060039e+01,2.064225e+01,2.059340e+01,2.060736e+01,2.060039e+01,2.050262e+01,2.044672e+01,2.057944e+01,2.059340e+01,2.049564e+01,2.067713e+01,2.052358e+01,2.062132e+01,2.044672e+01,2.043274e+01,2.043973e+01,2.047468e+01,2.047468e+01,2.029982e+01,2.047468e+01,2.040477e+01,2.037679e+01,2.040477e+01,2.044672e+01,2.052358e+01,2.063528e+01,2.043973e+01,2.041875e+01,2.050961e+01,2.056548e+01,2.054453e+01,2.053755e+01,2.066318e+01,2.048865e+01,2.051660e+01,2.059340e+01,2.062830e+01,2.067016e+01,2.062132e+01,2.056548e+01,2.064923e+01,2.071200e+01,2.057246e+01,2.068410e+01,2.071200e+01,2.065621e+01,2.073988e+01,2.064923e+01,2.064225e+01,2.064225e+01,2.075382e+01,2.068410e+01,2.074685e+01,2.065621e+01,2.060039e+01,2.067713e+01,2.069108e+01,2.062830e+01,2.069805e+01,2.066318e+01,2.064225e+01,2.053057e+01,2.050961e+01,2.067713e+01,2.070502e+01,2.070502e+01,2.062132e+01,2.050961e+01,2.051660e+01,2.044672e+01,2.044672e+01,2.040477e+01,2.045371e+01,2.042575e+01,2.049564e+01,2.050262e+01,2.036280e+01,2.041875e+01,2.034181e+01,2.048865e+01,2.047468e+01,2.036980e+01,2.045371e+01,2.046070e+01,2.043973e+01,2.053057e+01,2.049564e+01,2.041875e+01,2.034881e+01,2.046769e+01,2.047468e+01,2.046070e+01,2.039778e+01,2.046070e+01,2.036280e+01,2.037679e+01,2.039778e+01,2.046070e+01,2.044672e+01,2.041875e+01,2.047468e+01,2.048865e+01,2.047468e+01,2.041176e+01,2.042575e+01,2.041875e+01,2.059340e+01,2.044672e+01,2.041875e+01,2.038379e+01,2.044672e+01,2.041875e+01,2.036980e+01,2.047468e+01,2.043274e+01,2.034181e+01,2.043274e+01,2.052358e+01,2.050961e+01,2.062132e+01,2.047468e+01,2.047468e+01,2.043973e+01,2.036980e+01,2.042575e+01,2.056548e+01,2.063528e+01,2.048865e+01,2.049564e+01,2.052358e+01,2.039778e+01,2.043973e+01,2.050961e+01,2.052358e+01,2.050262e+01,2.059340e+01,2.070502e+01,2.059340e+01,2.044672e+01,2.052358e+01,2.052358e+01,2.053057e+01,2.040477e+01,2.051660e+01,2.038379e+01,2.046070e+01,2.045371e+01,2.053057e+01,2.048865e+01,2.048166e+01,2.049564e+01,2.048865e+01,2.050262e+01,2.053057e+01,2.045371e+01,2.046769e+01,2.048865e+01,2.045371e+01,2.044672e+01,2.046070e+01,2.050961e+01,2.052358e+01,2.050961e+01,2.046070e+01,2.050262e+01,2.055850e+01,2.051660e+01,2.053057e+01,2.050961e+01,2.053755e+01,2.049564e+01,2.057944e+01,2.049564e+01,2.050961e+01,2.048865e+01,2.045371e+01,2.058643e+01,2.055152e+01,2.053057e+01,2.041176e+01,2.055152e+01,2.053755e+01,2.060039e+01,2.040477e+01,2.044672e+01,2.048865e+01,2.039078e+01,2.043274e+01,2.049564e+01,2.048166e+01,2.047468e+01,2.041875e+01,2.049564e+01,2.050961e+01,2.060736e+01,2.051660e+01,2.050262e+01,2.056548e+01,2.055152e+01,2.041176e+01,2.054453e+01,2.065621e+01,2.042575e+01,2.050262e+01,2.055850e+01,2.043973e+01,2.061434e+01,2.078169e+01,2.071200e+01,2.064923e+01,2.060039e+01,2.052358e+01,2.053755e+01,2.050961e+01,2.055850e+01,2.049564e+01,2.051660e+01,2.043274e+01,2.049564e+01,2.047468e+01,2.053755e+01,2.039778e+01,2.052358e+01,2.050262e+01,2.052358e+01,2.049564e+01,2.050961e+01,2.050262e+01,2.048865e+01,2.049564e+01,2.048166e+01,2.048865e+01,2.050961e+01,2.046769e+01,2.044672e+01,2.046070e+01,2.050262e+01,2.049564e+01,2.040477e+01,2.050262e+01,2.025781e+01,2.048166e+01,2.053057e+01,2.061434e+01,2.042575e+01,2.052358e+01,2.051660e+01,2.058643e+01,2.051660e+01,2.052358e+01,2.053057e+01,2.050262e+01,2.060039e+01,2.039078e+01,2.062132e+01,2.045371e+01,2.048865e+01,2.043973e+01,2.039778e+01,2.035581e+01,2.050961e+01,2.056548e+01,2.041176e+01,2.045371e+01,2.052358e+01,2.044672e+01,2.039078e+01,2.035581e+01,2.035581e+01,2.052358e+01,2.045371e+01,2.044672e+01,2.039778e+01,2.045371e+01,2.046070e+01,2.048166e+01,2.054453e+01,2.048865e+01,2.049564e+01,2.048865e+01,2.055850e+01,2.050262e+01,2.050262e+01,2.050961e+01,2.043274e+01,2.043973e+01,2.049564e+01,2.064923e+01,2.054453e+01,2.053057e+01,2.035581e+01,2.050262e+01,2.053755e+01,2.041176e+01,2.038379e+01,2.064923e+01,2.043973e+01,2.042575e+01,2.057944e+01,2.039078e+01,2.054453e+01,2.052358e+01,2.044672e+01,2.036280e+01,2.054453e+01,2.056548e+01,2.058643e+01,2.042575e+01,2.053057e+01,2.048865e+01
2.050961e+01,2.049564e+01,2.059340e+01,2.048166e+01,2.059340e+01,2.062132e+01,2.053755e+01,2.060039e+01,2.057246e+01,2.055152e+01,2.062132e+01,2.049564e+01,2.053057e+01,2.050961e+01,2.061434e+01,2.060039e+01,2.070502e+01,2.071897e+01,2.065621e+01,2.060736e+01,2.059340e+01,2.064923e+01,2.059340e+01,2.047468e+01,2.060039e+01,2.061434e+01,2.062132e+01,2.065621e+01,2.066318e+01,2.059340e+01,2.067016e+01,2.075382e+01,2.063528e+01,2.062132e+01,2.065621e+01,2.077472e+01,2.090006e+01,2.108083e+01,2.123353e+01,2.118497e+01,2.133059e+01,2.116415e+01,2.101134e+01,2.105304e+01,2.121966e+01,2.113638e+01,2.120579e+01,2.129594e+01,2.128901e+01,2.111555e+01,2.118497e+01,2.131673e+01,2.105999e+01,2.115721e+01,2.090006e+01,2.087222e+01,2.076079e+01,2.085134e+01,2.093485e+01,2.085830e+01,2.089310e+01,2.091398e+01,2.114333e+01,2.118497e+01,2.136523e+01,2.159356e+01,2.160048e+01,2.135138e+01,2.118497e+01,2.139293e+01,2.117803e+01,2.107388e+01,2.117803e+01,2.104609e+01,2.101829e+01,2.108777e+01,2.112250e+01,2.097658e+01,2.101134e+01,2.106693e+01,2.107388e+01,2.108777e+01,2.145524e+01,2.146216e+01,2.149676e+01,2.183518e+01,2.176620e+01,2.187654e+01,2.166265e+01,2.186965e+01,2.151751e+01,2.138601e+01,2.157283e+01,2.173170e+01,2.151059e+01,2.151059e+01,2.126127e+01,2.152443e+01,2.148984e+01,2.148984e+01,2.141371e+01,2.128207e+01,2.120579e+01,2.099048e+01,2.116415e+01,2.107388e+01,2.115721e+01,2.103914e+01,2.105304e+01,2.109472e+01,2.102524e+01,2.123353e+01,2.144140e+01,2.140678e+01,2.144832e+01,2.110166e+01,2.121272e+01,2.121272e+01,2.139293e+01,2.139986e+01,2.155900e+01,2.173170e+01,2.131673e+01,2.107388e+01,2.045371e+01,2.045371e+01,2.053057e+01,2.039778e+01,2.036280e+01,2.034881e+01,2.042575e+01,2.034181e+01,2.048865e+01,2.038379e+01,2.042575e+01,2.052358e+01,2.041176e+01,2.045371e+01,2.047468e+01,2.039778e+01,2.048865e+01,2.049564e+01,2.049564e+01,2.052358e+01,2.050961e+01,2.046769e+01,2.047468e+01,2.048865e+01,2.051660e+01,2.054453e+01,2.053057e+01,2.051660e+01,2.052358e+01,2.060736e+01,2.052358e+01,2.042575e+01,2.041875e+01,2.051660e+01,2.053755e+01,2.052358e+01,2.047468e+01,2.046769e+01,2.059340e+01,2.048865e+01,2.055152e+01,2.050262e+01,2.048166e+01,2.044672e+01,2.050262e+01,2.049564e+01,2.057944e+01,2.050262e+01,2.049564e+01,2.057246e+01,2.041875e+01,2.054453e+01,2.057246e+01,2.056548e+01,2.058643e+01,2.060736e+01,2.065621e+01,2.063528e+01,2.062132e+01,2.057246e+01,2.058643e+01,2.053057e+01,2.053755e+01,2.053755e+01,2.057944e+01,2.052358e+01,2.054453e+01,2.056548e+01,2.051660e+01,2.053755e+01,2.061434e+01,2.058643e+01,2.055152e+01,2.050961e+01,2.048865e+01,2.050262e+01,2.052358e+01,2.055152e+01,2.050262e+01,2.049564e+01,2.047468e+01,2.037679e+01,2.049564e+01,2.054453e+01,2.062830e+01,2.060736e+01,2.055850e+01,2.047468e+01,2.049564e+01,2.046769e+01,2.048166e+01,2.061434e+01,2.053057e+01,2.043973e+01,2.059340e+01,2.058643e+01,2.053057e+01,2.055152e+01,2.055152e+01,2.059340e+01,2.059340e+01,2.055850e+01,2.067713e+01,2.056548e+01,2.057246e+01,2.053057e+01,2.053057e+01,2.055850e+01,2.048166e+01,2.054453e+01,2.050262e+01,2.045371e+01,2.049564e+01,2.049564e+01,2.043274e+01,2.044672e+01,2.040477e+01,2.038379e+01,2.036280e+01,2.036280e+01,2.036280e+01,2.034181e+01,2.032782e+01,2.030682e+01,2.023680e+01,2.033481e+01,2.027881e+01,2.034881e+01,2.032782e+01,2.020177e+01,2.028582e+01,2.022979e+01,2.018074e+01,2.031382e+01,2.007556e+01,2.015270e+01,2.013167e+01,2.013868e+01,2.020877e+01,2.030682e+01,2.024380e+01,2.021578e+01,2.033481e+01,2.029982e+01,2.030682e+01,2.039778e+01,2.034881e+01,2.046070e+01,2.041875e+01,2.028582e+01,2.036280e+01,2.041875e+01,2.020877e+01,2.039778e+01,2.044672e+01,2.055850e+01,2.053057e+01,2.063528e+01,2.062132e+01,2.057944e+01,2.062132e+01,2.050961e+01,2.060736e+01,2.060039e+01,2.068410e+01,2.069108e+01,2.073988e+01,2.060039e+01,2.062132e+01,2.075382e+01,2.075382e+01,2.071200e+01,2.070502e+01,2.062132e+01,2.080259e+01,2.060736e+01,2.066318e+01,2.068410e+01,2.057944e+01,2.053057e+01,2.050961e+01,2.050262e+01,2.047468e+01,2.054453e+01,2.055152e+01,2.057246e+01,2.059340e+01,2.070502e+01,2.070502e+01,2.064225e+01,2.070502e+01,2.071897e+01,2.070502e+01,2.070502e+01,2.071897e+01,2.071897e+01,2.069108e+01,2.067016e+01,2.068410e+01,2.077472e+01,2.068410e+01,2.059340e+01,2.057246e+01,2.069108e+01,2.069805e+01,2.070502e+01,2.070502e+01,2.064225e+01,2.065621e+01,2.062132e+01,2.060039e+01,2.062830e+01,2.055152e+01,2.051660e+01,2.052358e+01,2.052358e+01,2.064923e+01,2.049564e+01,2.046070e+01,2.043973e+01,2.046070e+01,2.045371e+01,2.046070e+01,2.053057e+01,2.048865e+01,2.047468e+01,2.036980e+01,2.048166e+01,2.043274e+01,2.043274e+01,2.043274e+01,2.050961e+01,2.050262e+01,2.048865e+01,2.050961e+01,2.055850e+01,2.061434e+01,2.053755e+01,2.055152e+01,2.055850e+01,2.065621e+01,2.053057e+01,2.066318e+01,2.064923e+01,2.075382e+01,2.055152e+01,2.056548e+01,2.070502e+01,2.062132e+01,2.082348e+01,2.064225e+01,2.063528e+01,2.064923e+01,2.062830e+01,2.062830e+01,2.062132e+01,2.073988e+01,2.066318e+01,2.069108e+01,2.069108e+01,2.068410e+01,2.068410e+01,2.066318e+01,2.060039e+01,2.066318e+01,2.070502e+01,2.062132e+01,2.067713e+01,2.069805e+01,2.066318e+01,2.069108e+01,2.088614e+01,2.071200e+01,2.050961e+01,2.044672e+01,2.043973e+01,2.047468e+01,2.043973e+01,2.043973e+01,2.042575e+01,2.042575e+01,2.039778e+01,2.050961e+01,2.043973e+01,2.049564e+01,2.036280e+01,2.048166e+01,2.043973e+01,2.055850e+01,2.046070e+01,2.045371e+01,2.046070e+01,2.046070e+01,2.047468e+01,2.045371e+01,2.036280e+01,2.041176e+01,2.047468e+01,2.049564e+01,2.044672e+01,2.050961e+01,2.043274e+01,2.043973e+01,2.044672e+01,2.046769e+01,2.039778e+01,2.051660e+01,2.054453e+01,2.049564e+01,2.037679e+01,2.041875e+01,2.053755e+01,2.044672e+01,2.054453e+01,2.050262e+01,2.038379e+01,2.041176e+01,2.050961e+01,2.055152e+01,2.040477e+01,2.046769e+01,2.043973e+01,2.041176e+01,2.043973e+01,2.043973e+01,2.055152e+01,2.042575e+01,2.041176e+01,2.045371e+01,2.042575e+01,2.043973e+01,2.056548e+01,2.052358e+01,2.048865e+01,2.047468e+01,2.046070e+01,2.041875e+01,2.046769e+01,2.051660e+01,2.050262e+01,2.051660e+01,2.057246e+01,2.055152e+01,2.047468e+01,2.052358e+01,2.044672e+01,2.051660e+01,2.052358e+01,2.050262e+01,2.039778e+01,2.050961e+01,2.053755e+01,2.048166e+01,2.052358e+01,2.043973e+01,2.050262e+01,2.053057e+01,2.049564e+01,2.046070e+01,2.046070e+01,2.051660e+01,2.054453e+01,2.046070e+01,2.044672e+01,2.066318e+01,2.049564e+01,2.036280e+01,2.053755e+01,2.048166e+01,2.052358e+01,2.048166e+01,2.055152e+01,2.049564e+01,2.053755e+01,2.053755e+01,2.054453e+01,2.052358e+01,2.046769e+01,2.044672e+01,2.049564e+01,2.052358e+01,2.053755e+01,2.053755e+01,2.054453e+01,2.055152e+01,2.055152e+01,2.051660e+01,2.051660e+01,2.059340e+01,2.049564e+01,2.050262e+01,2.052358e+01,2.044672e+01,2.045371e+01,2.044672e+01,2.042575e+01,2.041875e+01,2.028582e+01,2.049564e+01,2.049564e+01,2.043973e+01,2.046769e+01,2.045371e+01,2.057944e+01,2.055850e+01,2.058643e+01,2.053755e+01,2.053057e+01,2.051660e+01,2.047468e+01,2.049564e+01,2.050961e+01,2.052358e+01,2.057944e+01,2.046769e+01,2.054453e+01,2.050961e+01,2.056548e+01,2.052358e+01,2.062830e+01,2.047468e+01,2.050961e+01,2.048166e+01,2.048166e+01,2.047468e+01,2.039778e+01,2.065621e+01,2.057246e+01,2.055152e+01,2.048865e+01,2.054453e+01,2.048865e+01,2.049564e+01,2.046769e+01,2.059340e+01,2.043274e+01,2.041875e+01,2.052358e+01,2.057944e+01,2.050262e+01,2.042575e+01,2.044672e+01,2.046070e+01,2.046070e+01,2.047468e+01,2.053057e+01,2.050262e+01,2.055850e+01,2.055850e+01,2.048865e+01,2.050961e+01,2.050961e+01,2.053755e+01,2.046070e+01,2.051660e+01,2.050961e+01,2.058643e+01,2.043274e+01,2.041875e+01,2.049564e+01,2.055850e+01,2.057944e+01,2.041176e+01,2.049564e+01,2.047468e+01,2.036980e+01,2.046070e+01,2.051660e+01,2.057246e+01,2.067713e+01,2.039078e+01,2.053755e+01,2.046070e+01,2.047468e+01,2.047468e+01,2.048166e+01,2.050961e+01,2.050961e+01,2.046070e+01,2.051660e+01,2.050262e+01,2.050961e+01,2.055850e+01,2.055850e+01,2.064225e+01,2.060039e+01,2.046070e+01,2.049564e+01,2.048865e+01,2.049564e+01,2.062132e+01,2.053755e+01,2.045371e+01,2.050262e+01,2.050961e+01,2.046769e+01,2.056548e+01,2.060039e+01,2.049564e+01,2.048865e+01,2.041176e+01,2.047468e+01,2.058643e+01,2.043274e+01,2.054453e+01,2.060039e+01,2.041176e+01,2.060039e+01,2.053057e+01,2.044672e+01,2.057246e+01,2.055152e+01,2.049564e+01,2.057944e+01,2.046769e+01,2.049564e+01
2.050961e+01,2.060736e+01,2.054453e+01,2.049564e+01,2.073988e+01,2.058643e+01,2.054453e+01,2.059340e+01,2.053057e+01,2.051660e+01,2.062132e+01,2.061434e+01,2.053755e+01,2.053755e+01,2.052358e+01,2.057246e+01,2.056548e+01,2.070502e+01,2.065621e+01,2.044672e+01,2.059340e+01,2.055152e+01,2.059340e+01,2.060039e+01,2.063528e+01,2.060736e+01,2.062132e+01,2.064225e+01,2.047468e+01,2.067713e+01,2.067713e+01,2.066318e+01,2.065621e+01,2.076775e+01,2.071897e+01,2.080259e+01,2.092789e+01,2.097658e+01,2.143448e+01,2.133752e+01,2.139293e+01,2.115721e+01,2.115721e+01,2.104609e+01,2.115721e+01,2.101134e+01,2.119885e+01,2.126127e+01,2.128901e+01,2.162812e+01,2.131673e+01,2.149676e+01,2.128901e+01,2.110861e+01,2.103914e+01,2.105304e+01,2.085134e+01,2.090702e+01,2.101134e+01,2.109472e+01,2.115721e+01,2.119191e+01,2.118497e+01,2.126821e+01,2.127514e+01,2.166956e+01,2.168337e+01,2.160048e+01,2.121272e+01,2.101134e+01,2.119191e+01,2.096267e+01,2.100439e+01,2.099744e+01,2.092093e+01,2.109472e+01,2.133059e+01,2.117803e+01,2.127514e+01,2.123353e+01,2.124740e+01,2.145524e+01,2.176620e+01,2.194544e+01,2.186275e+01,2.188343e+01,2.189032e+01,2.212436e+01,2.193166e+01,2.182139e+01,2.157283e+01,2.151059e+01,2.153134e+01,2.155900e+01,2.142063e+01,2.152443e+01,2.139986e+01,2.110166e+01,2.130980e+01,2.133059e+01,2.139986e+01,2.149676e+01,2.142063e+01,2.118497e+01,2.117109e+01,2.115027e+01,2.105304e+01,2.094180e+01,2.095572e+01,2.105999e+01,2.133059e+01,2.120579e+01,2.149676e+01,2.161430e+01,2.120579e+01,2.121966e+01,2.108083e+01,2.111555e+01,2.137908e+01,2.146216e+01,2.147600e+01,2.153134e+01,2.137216e+01,2.081652e+01,2.043274e+01,2.050961e+01,2.038379e+01,2.039778e+01,2.039778e+01,2.042575e+01,2.048166e+01,2.034881e+01,2.047468e+01,2.050961e+01,2.048865e+01,2.045371e+01,2.041176e+01,2.041875e+01,2.047468e+01,2.040477e+01,2.048166e+01,2.045371e+01,2.047468e+01,2.050961e+01,2.050262e+01,2.055850e+01,2.047468e+01,2.048865e+01,2.049564e+01,2.055850e+01,2.046070e+01,2.050262e+01,2.055152e+01,2.052358e+01,2.041176e+01,2.053755e+01,2.050262e+01,2.050262e+01,2.039778e+01,2.052358e+01,2.050961e+01,2.043973e+01,2.048865e+01,2.048865e+01,2.046769e+01,2.041176e+01,2.048166e+01,2.043274e+01,2.046070e+01,2.050961e+01,2.048166e+01,2.050262e+01,2.048166e+01,2.045371e+01,2.047468e+01,2.062830e+01,2.069108e+01,2.049564e+01,2.048166e+01,2.050961e+01,2.053057e+01,2.055850e+01,2.060039e+01,2.055152e+01,2.053755e+01,2.047468e+01,2.060039e+01,2.046769e+01,2.050262e+01,2.053057e+01,2.080955e+01,2.058643e+01,2.046769e+01,2.031382e+01,2.046769e+01,2.045371e+01,2.052358e+01,2.047468e+01,2.046070e+01,2.053057e+01,2.055850e+01,2.055152e+01,2.049564e+01,2.039078e+01,2.063528e+01,2.050961e+01,2.048166e+01,2.050262e+01,2.055152e+01,2.050262e+01,2.041875e+01,2.051660e+01,2.045371e+01,2.044672e+01,2.053057e+01,2.048865e+01,2.050961e+01,2.049564e+01,2.050961e+01,2.048166e+01,2.045371e+01,2.053755e+01,2.062830e+01,2.046070e+01,2.055152e+01,2.063528e+01,2.049564e+01,2.058643e+01,2.063528e+01,2.057246e+01,2.050961e+01,2.026481e+01,2.055152e+01,2.047468e+01,2.039078e+01,2.057944e+01,2.057246e+01,2.051660e+01,2.048865e+01,2.051660e+01,2.036280e+01,2.039778e+01,2.041176e+01,2.042575e+01,2.023680e+01,2.036280e+01,2.043274e+01,2.039078e+01,2.036280e+01,2.028582e+01,2.026481e+01,2.020877e+01,2.040477e+01,2.023680e+01,2.020177e+01,2.025781e+01,2.015971e+01,2.022979e+01,2.015971e+01,2.015971e+01,2.015971e+01,2.013167e+01,2.011764e+01,2.014569e+01,2.024380e+01,2.020177e+01,2.015270e+01,2.030682e+01,2.032782e+01,2.034881e+01,2.036980e+01,2.027181e+01,2.028582e+01,2.037679e+01,2.037679e+01,2.016672e+01,2.029982e+01,2.038379e+01,2.032082e+01,2.050262e+01,2.053755e+01,2.056548e+01,2.069805e+01,2.057246e+01,2.062132e+01,2.067016e+01,2.061434e+01,2.054453e+01,2.046769e+01,2.044672e+01,2.065621e+01,2.071200e+01,2.060736e+01,2.073291e+01,2.074685e+01,2.072594e+01,2.064923e+01,2.065621e+01,2.062830e+01,2.069108e+01,2.073291e+01,2.057246e+01,2.042575e+01,2.055850e+01,2.054453e+01,2.061434e+01,2.039078e+01,2.054453e+01,2.044672e+01,2.057944e+01,2.067016e+01,2.071897e+01,2.068410e+01,2.062132e+01,2.064225e+01,2.069108e+01,2.074685e+01,2.064923e+01,2.070502e+01,2.068410e+01,2.078866e+01,2.068410e+01,2.065621e+01,2.057944e+01,2.067016e+01,2.064225e+01,2.068410e+01,2.069108e+01,2.062830e+01,2.064225e+01,2.069805e+01,2.055850e+01,2.058643e+01,2.064923e+01,2.060039e+01,2.047468e+01,2.059340e+01,2.053755e+01,2.053755e+01,2.050961e+01,2.052358e+01,2.053755e+01,2.049564e+01,2.047468e+01,2.054453e+01,2.043274e+01,2.046769e+01,2.041176e+01,2.051660e+01,2.046070e+01,2.048865e+01,2.041875e+01,2.044672e+01,2.051660e+01,2.046070e+01,2.051660e+01,2.045371e+01,2.045371e+01,2.051660e+01,2.055152e+01,2.057944e+01,2.055152e+01,2.065621e+01,2.059340e+01,2.062830e+01,2.067713e+01,2.062132e+01,2.064225e+01,2.063528e+01,2.062132e+01,2.060736e+01,2.071897e+01,2.067016e+01,2.074685e+01,2.067713e+01,2.067713e+01,2.076079e+01,2.069108e+01,2.068410e+01,2.071200e+01,2.071897e+01,2.071200e+01,2.070502e+01,2.069108e+01,2.067016e+01,2.068410e+01,2.069108e+01,2.069108e+01,2.069805e+01,2.071200e+01,2.065621e+01,2.056548e+01,2.064923e+01,2.068410e+01,2.070502e+01,2.064923e+01,2.050262e+01,2.060039e+01,2.043274e+01,2.053755e+01,2.064923e+01,2.042575e+01,2.039078e+01,2.044672e+01,2.036280e+01,2.035581e+01,2.035581e+01,2.033481e+01,2.045371e+01,2.037679e+01,2.046070e+01,2.045371e+01,2.046769e+01,2.045371e+01,2.040477e+01,2.050262e+01,2.043973e+01,2.048166e+01,2.050262e+01,2.046769e+01,2.046769e+01,2.050262e+01,2.046070e+01,2.041875e+01,2.046769e+01,2.043973e+01,2.040477e+01,2.049564e+01,2.056548e+01,2.037679e+01,2.047468e+01,2.038379e+01,2.048865e+01,2.044672e+01,2.046769e+01,2.045371e+01,2.050262e+01,2.035581e+01,2.053057e+01,2.036280e+01,2.043973e+01,2.066318e+01,2.041176e+01,2.037679e+01,2.045371e+01,2.043274e+01,2.050961e+01,2.045371e+01,2.040477e+01,2.047468e+01,2.043973e+01,2.041176e+01,2.047468e+01,2.041875e+01,2.039778e+01,2.042575e+01,2.046769e+01,2.046769e+01,2.048166e+01,2.043973e+01,2.039778e+01,2.046769e+01,2.054453e+01,2.051660e+01,2.053057e+01,2.048166e+01,2.045371e+01,2.044672e+01,2.048865e+01,2.050961e+01,2.048166e+01,2.048166e+01,2.064923e+01,2.045371e+01,2.045371e+01,2.053057e+01,2.046769e+01,2.045371e+01,2.051660e+01,2.050961e+01,2.053755e+01,2.057944e+01,2.050961e+01,2.046769e+01,2.029282e+01,2.044672e+01,2.064225e+01,2.045371e+01,2.040477e+01,2.048166e+01,2.051660e+01,2.052358e+01,2.050961e+01,2.055850e+01,2.067016e+01,2.049564e+01,2.048166e+01,2.051660e+01,2.051660e+01,2.052358e+01,2.049564e+01,2.042575e+01,2.046769e+01,2.046070e+01,2.053755e+01,2.053755e+01,2.048166e+01,2.036280e+01,2.056548e+01,2.057944e+01,2.055152e+01,2.057246e+01,2.053755e+01,2.056548e+01,2.054453e+01,2.041875e+01,2.055850e+01,2.048865e+01,2.058643e+01,2.059340e+01,2.046070e+01,2.046070e+01,2.042575e+01,2.041176e+01,2.046070e+01,2.062132e+01,2.039778e+01,2.057246e+01,2.053755e+01,2.046070e+01,2.045371e+01,2.052358e+01,2.053755e+01,2.038379e+01,2.052358e+01,2.051660e+01,2.054453e+01,2.043973e+01,2.054453e+01,2.050262e+01,2.049564e+01,2.048865e+01,2.051660e+01,2.050262e+01,2.044672e+01,2.048865e+01,2.050961e+01,2.048865e+01,2.056548e+01,2.039778e+01,2.052358e+01,2.055152e+01,2.055850e+01,2.062132e+01,2.045371e+01,2.053057e+01,2.047468e+01,2.048166e+01,2.042575e+01,2.048166e+01,2.065621e+01,2.046769e+01,2.063528e+01,2.057246e+01,2.054453e+01,2.049564e+01,2.046070e+01,2.045371e+01,2.042575e+01,2.054453e+01,2.041176e+01,2.039778e+01,2.044672e+01,2.051660e+01,2.050262e+01,2.042575e+01,2.048865e+01,2.046769e+01,2.051660e+01,2.051660e+01,2.054453e+01,2.048865e+01,2.052358e+01,2.042575e+01,2.049564e+01,2.045371e+01,2.052358e+01,2.055850e+01,2.039078e+01,2.055152e+01,2.049564e+01,2.048865e+01,2.057944e+01,2.049564e+01,2.051660e+01,2.053755e+01,2.050961e+01,2.040477e+01,2.022278e+01,2.036980e+01,2.037679e+01,2.053755e+01,2.044672e+01,2.048865e+01,2.049564e+01,2.036280e+01,2.060736e+01,2.045371e+01,2.051660e+01,2.050961e+01,2.048166e+01,2.048166e+01,2.041176e+01,2.051660e+01,2.046769e+01,2.054453e+01,2.053755e+01,2.055850e+01,2.057246e+01,2.033481e+01,2.029982e+01,2.054453e+01,2.038379e+01,2.049564e+01,2.019476e+01,2.040477e+01,2.050961e+01,2.048865e+01,2.050262e+01,2.046070e+01,2.044672e+01,2.050262e+01,2.052358e+01,2.050262e+01,2.046769e+01,2.039778e+01,2.050961e+01,2.032082e+01,2.054453e+01,2.058643e+01
2.052358e+01,2.064225e+01,2.057944e+01,2.064923e+01,2.048865e+01,2.050262e+01,2.045371e+01,2.061434e+01,2.055850e+01,2.063528e+01,2.057246e+01,2.058643e+01,2.060039e+01,2.050961e+01,2.052358e+01,2.060736e+01,2.069805e+01,2.072594e+01,2.067016e+01,2.060736e+01,2.064923e+01,2.059340e+01,2.057944e+01,2.058643e+01,2.046769e+01,2.063528e+01,2.057944e+01,2.059340e+01,2.077472e+01,2.069108e+01,2.059340e+01,2.067016e+01,2.062132e+01,2.065621e+01,2.065621e+01,2.080955e+01,2.096962e+01,2.122660e+01,2.122660e+01,2.124740e+01,2.135138e+01,2.134445e+01,2.107388e+01,2.117109e+01,2.100439e+01,2.110166e+01,2.103219e+01,2.129594e+01,2.105304e+01,2.151059e+01,2.148984e+01,2.144832e+01,2.160048e+01,2.126127e+01,2.132366e+01,2.105999e+01,2.109472e+01,2.102524e+01,2.110861e+01,2.134445e+01,2.118497e+01,2.120579e+01,2.125434e+01,2.121272e+01,2.121272e+01,2.139293e+01,2.163503e+01,2.187654e+01,2.142063e+01,2.144832e+01,2.110166e+01,2.103219e+01,2.091398e+01,2.099048e+01,2.113638e+01,2.133752e+01,2.145524e+01,2.135830e+01,2.138601e+01,2.135138e+01,2.139293e+01,2.153826e+01,2.180759e+01,2.202806e+01,2.228238e+01,2.224118e+01,2.235786e+01,2.230983e+01,2.224804e+01,2.161430e+01,2.164884e+01,2.174550e+01,2.182828e+01,2.183518e+01,2.153826e+01,2.124740e+01,2.133752e+01,2.124047e+01,2.105999e+01,2.131673e+01,2.135830e+01,2.142756e+01,2.143448e+01,2.140678e+01,2.135830e+01,2.097658e+01,2.108777e+01,2.092789e+01,2.099744e+01,2.128207e+01,2.130287e+01,2.153826e+01,2.164884e+01,2.173860e+01,2.164884e+01,2.114333e+01,2.082348e+01,2.120579e+01,2.121272e+01,2.117803e+01,2.140678e+01,2.131673e+01,2.103914e+01,2.071897e+01,2.050262e+01,2.043973e+01,2.036280e+01,2.046070e+01,2.039078e+01,2.041875e+01,2.043274e+01,2.032782e+01,2.046070e+01,2.047468e+01,2.042575e+01,2.046769e+01,2.044672e+01,2.045371e+01,2.044672e+01,2.049564e+01,2.050262e+01,2.046769e+01,2.046769e+01,2.051660e+01,2.036280e+01,2.046769e+01,2.048166e+01,2.048865e+01,2.055152e+01,2.055850e+01,2.048166e+01,2.057246e+01,2.055850e+01,2.049564e+01,2.037679e+01,2.047468e+01,2.038379e+01,2.037679e+01,2.046769e+01,2.039778e+01,2.043973e+01,2.041176e+01,2.048865e+01,2.050262e+01,2.049564e+01,2.047468e+01,2.042575e+01,2.044672e+01,2.051660e+01,2.047468e+01,2.048166e+01,2.032082e+01,2.032782e+01,2.047468e+01,2.050262e+01,2.048166e+01,2.045371e+01,2.057944e+01,2.048865e+01,2.057944e+01,2.055850e+01,2.057246e+01,2.053057e+01,2.056548e+01,2.058643e+01,2.052358e+01,2.053755e+01,2.049564e+01,2.051660e+01,2.054453e+01,2.060039e+01,2.046769e+01,2.047468e+01,2.058643e+01,2.046070e+01,2.046769e+01,2.052358e+01,2.050262e+01,2.048865e+01,2.050262e+01,2.043973e+01,2.055152e+01,2.046070e+01,2.044672e+01,2.053755e+01,2.050262e+01,2.046070e+01,2.049564e+01,2.047468e+01,2.050961e+01,2.045371e+01,2.050262e+01,2.048166e+01,2.045371e+01,2.052358e+01,2.047468e+01,2.038379e+01,2.048166e+01,2.046769e+01,2.038379e+01,2.048166e+01,2.055152e+01,2.062132e+01,2.057246e+01,2.055850e+01,2.068410e+01,2.065621e+01,2.055152e+01,2.055850e+01,2.053755e+01,2.062132e+01,2.061434e+01,2.060039e+01,2.060039e+01,2.042575e+01,2.060039e+01,2.060736e+01,2.043973e+01,2.057944e+01,2.048865e+01,2.037679e+01,2.042575e+01,2.036980e+01,2.038379e+01,2.042575e+01,2.045371e+01,2.030682e+01,2.025781e+01,2.041875e+01,2.025781e+01,2.022979e+01,2.025080e+01,2.027881e+01,2.026481e+01,2.025781e+01,2.018074e+01,2.026481e+01,2.023680e+01,2.021578e+01,2.018074e+01,2.014569e+01,2.019476e+01,2.005451e+01,2.023680e+01,2.018074e+01,2.018775e+01,2.018074e+01,2.036280e+01,2.034881e+01,2.032082e+01,2.035581e+01,2.033481e+01,2.034181e+01,2.027881e+01,2.027881e+01,2.022278e+01,2.015971e+01,2.035581e+01,2.036980e+01,2.043973e+01,2.046070e+01,2.049564e+01,2.048865e+01,2.053755e+01,2.053057e+01,2.063528e+01,2.055152e+01,2.055152e+01,2.059340e+01,2.059340e+01,2.061434e+01,2.062830e+01,2.060039e+01,2.059340e+01,2.065621e+01,2.067016e+01,2.063528e+01,2.063528e+01,2.060039e+01,2.060039e+01,2.065621e+01,2.048865e+01,2.055850e+01,2.059340e+01,2.050262e+01,2.054453e+01,2.048865e+01,2.057246e+01,2.069108e+01,2.070502e+01,2.068410e+01,2.061434e+01,2.068410e+01,2.063528e+01,2.073988e+01,2.070502e+01,2.071200e+01,2.067713e+01,2.069108e+01,2.070502e+01,2.076079e+01,2.061434e+01,2.076079e+01,2.080955e+01,2.061434e+01,2.060039e+01,2.066318e+01,2.065621e+01,2.073291e+01,2.074685e+01,2.057246e+01,2.065621e+01,2.058643e+01,2.065621e+01,2.062830e+01,2.060039e+01,2.060736e+01,2.054453e+01,2.042575e+01,2.055152e+01,2.050961e+01,2.043274e+01,2.050961e+01,2.048166e+01,2.047468e+01,2.042575e+01,2.046769e+01,2.050262e+01,2.046070e+01,2.042575e+01,2.046070e+01,2.051660e+01,2.049564e+01,2.047468e+01,2.052358e+01,2.053057e+01,2.055850e+01,2.051660e+01,2.054453e+01,2.055152e+01,2.060736e+01,2.053057e+01,2.063528e+01,2.064923e+01,2.057944e+01,2.064923e+01,2.070502e+01,2.060039e+01,2.071200e+01,2.067016e+01,2.067713e+01,2.069108e+01,2.062830e+01,2.066318e+01,2.067016e+01,2.069108e+01,2.068410e+01,2.073291e+01,2.072594e+01,2.070502e+01,2.073291e+01,2.071200e+01,2.060736e+01,2.072594e+01,2.057246e+01,2.075382e+01,2.055850e+01,2.067016e+01,2.076775e+01,2.068410e+01,2.064923e+01,2.057944e+01,2.057944e+01,2.062132e+01,2.070502e+01,2.046769e+01,2.058643e+01,2.048166e+01,2.045371e+01,2.039778e+01,2.043274e+01,2.046769e+01,2.043274e+01,2.036980e+01,2.036280e+01,2.048865e+01,2.035581e+01,2.046070e+01,2.045371e+01,2.042575e+01,2.044672e+01,2.049564e+01,2.035581e+01,2.036280e+01,2.046769e+01,2.048865e+01,2.043973e+01,2.049564e+01,2.041176e+01,2.036280e+01,2.046769e+01,2.043274e+01,2.034181e+01,2.045371e+01,2.032082e+01,2.044672e+01,2.042575e+01,2.041875e+01,2.055850e+01,2.040477e+01,2.053755e+01,2.047468e+01,2.048166e+01,2.043973e+01,2.039778e+01,2.048166e+01,2.046070e+01,2.038379e+01,2.046769e+01,2.044672e+01,2.057246e+01,2.061434e+01,2.041176e+01,2.043274e+01,2.055850e+01,2.046070e+01,2.043274e+01,2.041875e+01,2.056548e+01,2.051660e+01,2.051660e+01,2.046769e+01,2.040477e+01,2.038379e+01,2.043274e+01,2.057944e+01,2.044672e+01,2.060736e+01,2.044672e+01,2.043274e+01,2.041176e+01,2.041875e+01,2.041176e+01,2.050961e+01,2.044672e+01,2.054453e+01,2.050961e+01,2.041875e+01,2.042575e+01,2.047468e+01,2.060736e+01,2.048865e+01,2.050961e+01,2.060039e+01,2.045371e+01,2.045371e+01,2.046769e+01,2.041176e+01,2.039078e+01,2.043274e+01,2.041875e+01,2.055850e+01,2.055152e+01,2.061434e+01,2.064923e+01,2.046070e+01,2.050961e+01,2.053057e+01,2.051660e+01,2.056548e+01,2.042575e+01,2.057944e+01,2.052358e+01,2.057246e+01,2.048865e+01,2.047468e+01,2.057246e+01,2.057246e+01,2.050961e+01,2.041875e+01,2.050262e+01,2.048865e+01,2.053057e+01,2.050961e+01,2.047468e+01,2.042575e+01,2.036280e+01,2.050961e+01,2.052358e+01,2.050961e+01,2.046070e+01,2.047468e+01,2.055152e+01,2.049564e+01,2.032782e+01,2.050262e+01,2.041875e+01,2.043274e+01,2.057246e+01,2.048166e+01,2.044672e+01,2.055152e+01,2.048865e+01,2.030682e+01,2.049564e+01,2.053057e+01,2.044672e+01,2.052358e+01,2.057246e+01,2.054453e+01,2.051660e+01,2.053755e+01,2.049564e+01,2.039778e+01,2.043973e+01,2.052358e+01,2.051660e+01,2.056548e+01,2.060039e+01,2.050262e+01,2.048865e+01,2.041875e+01,2.048166e+01,2.039078e+01,2.050262e+01,2.036280e+01,2.045371e+01,2.048166e+01,2.045371e+01,2.043274e+01,2.043973e+01,2.043274e+01,2.041875e+01,2.054453e+01,2.053755e+01,2.057944e+01,2.051660e+01,2.056548e+01,2.044672e+01,2.064225e+01,2.064225e+01,2.048166e+01,2.047468e+01,2.052358e+01,2.051660e+01,2.040477e+01,2.036280e+01,2.048166e+01,2.054453e+01,2.041875e+01,2.043973e+01,2.049564e+01,2.042575e+01,2.048865e+01,2.050262e+01,2.060039e+01,2.049564e+01,2.049564e+01,2.053057e+01,2.073291e+01,2.055850e+01,2.051660e+01,2.049564e+01,2.047468e+01,2.049564e+01,2.047468e+01,2.052358e+01,2.041176e+01,2.043274e+01,2.042575e+01,2.047468e+01,2.038379e+01,2.043274e+01,2.045371e+01,2.051660e+01,2.050961e+01,2.050961e+01,2.047468e+01,2.039078e+01,2.053755e+01,2.037679e+01,2.050961e+01,2.050262e+01,2.039778e+01,2.041875e+01,2.045371e+01,2.041176e+01,2.043973e+01,2.046070e+01,2.042575e+01,2.046070e+01,2.054453e+01,2.043274e+01,2.046769e+01,2.055850e+01,2.042575e+01,2.043274e+01,2.055152e+01,2.055850e+01,2.053057e+01,2.055152e+01,2.055152e+01,2.057246e+01,2.044672e+01,2.048865e+01,2.052358e+01,2.055152e+01,2.039078e+01,2.043274e+01,2.058643e+01,2.044672e+01,2.057944e+01,2.035581e+01,2.038379e+01,2.060039e+01,2.046070e+01,2.057246e+01,2.046769e+01,2.053057e+01,2.050961e+01
2.054453e+01,2.072594e+01,2.064225e+01,2.053755e+01,2.061434e+01,2.056548e+01,2.061434e+01,2.071897e+01,2.053755e+01,2.055152e+01,2.055152e+01,2.055850e+01,2.049564e+01,2.053057e+01,2.055152e+01,2.058643e+01,2.062830e+01,2.051660e+01,2.048166e+01,2.065621e+01,2.058643e+01,2.060736e+01,2.057246e+01,2.058643e+01,2.059340e+01,2.060736e+01,2.061434e+01,2.067713e+01,2.069805e+01,2.064225e+01,2.069805e+01,2.071200e+01,2.067713e+01,2.068410e+01,2.083045e+01,2.096962e+01,2.127514e+01,2.121272e+01,2.121966e+01,2.125434e+01,2.128207e+01,2.117109e+01,2.108777e+01,2.110861e+01,2.117109e+01,2.118497e+01,2.103219e+01,2.119191e+01,2.116415e+01,2.126821e+01,2.148984e+01,2.141371e+01,2.146216e+01,2.146908e+01,2.139293e+01,2.116415e+01,2.111555e+01,2.137908e+01,2.113638e+01,2.122660e+01,2.122660e+01,2.123353e+01,2.123353e+01,2.129594e+01,2.120579e+01,2.140678e+01,2.122660e+01,2.158665e+01,2.151059e+01,2.148292e+01,2.151059e+01,2.106693e+01,2.113638e+01,2.105999e+01,2.102524e+01,2.135830e+01,2.144140e+01,2.147600e+01,2.148292e+01,2.148292e+01,2.137908e+01,2.154517e+01,2.157283e+01,2.191788e+01,2.199364e+01,2.236472e+01,2.267977e+01,2.267293e+01,2.235100e+01,2.180070e+01,2.159356e+01,2.155900e+01,2.177310e+01,2.193855e+01,2.178690e+01,2.144832e+01,2.141371e+01,2.134445e+01,2.117803e+01,2.094876e+01,2.121272e+01,2.128207e+01,2.139986e+01,2.145524e+01,2.132366e+01,2.103914e+01,2.112944e+01,2.109472e+01,2.110166e+01,2.112250e+01,2.153134e+01,2.208310e+01,2.196610e+01,2.167647e+01,2.130287e+01,2.119885e+01,2.105999e+01,2.116415e+01,2.139293e+01,2.118497e+01,2.151059e+01,2.137908e+01,2.096962e+01,2.060736e+01,2.054453e+01,2.050262e+01,2.036980e+01,2.050262e+01,2.038379e+01,2.041875e+01,2.042575e+01,2.038379e+01,2.033481e+01,2.048865e+01,2.049564e+01,2.041875e+01,2.043274e+01,2.048865e+01,2.046070e+01,2.044672e+01,2.050961e+01,2.054453e+01,2.061434e+01,2.069108e+01,2.053755e+01,2.046769e+01,2.045371e+01,2.047468e+01,2.051660e+01,2.046070e+01,2.049564e+01,2.062132e+01,2.059340e+01,2.053057e+01,2.057246e+01,2.057246e+01,2.073988e+01,2.053755e+01,2.043973e+01,2.048166e+01,2.049564e+01,2.051660e+01,2.050961e+01,2.053755e+01,2.053755e+01,2.046769e+01,2.044672e+01,2.047468e+01,2.046070e+01,2.048166e+01,2.051660e+01,2.049564e+01,2.043973e+01,2.045371e+01,2.044672e+01,2.051660e+01,2.037679e+01,2.058643e+01,2.057944e+01,2.069805e+01,2.045371e+01,2.041875e+01,2.064225e+01,2.041176e+01,2.052358e+01,2.054453e+01,2.046070e+01,2.056548e+01,2.052358e+01,2.051660e+01,2.047468e+01,2.039078e+01,2.050961e+01,2.060736e+01,2.053057e+01,2.047468e+01,2.050262e+01,2.049564e+01,2.055152e+01,2.049564e+01,2.037679e+01,2.058643e+01,2.050262e+01,2.045371e+01,2.048865e+01,2.047468e+01,2.048166e+01,2.049564e+01,2.046070e+01,2.047468e+01,2.048166e+01,2.048166e+01,2.053057e+01,2.044672e+01,2.043274e+01,2.043274e+01,2.053057e+01,2.047468e+01,2.047468e+01,2.064225e+01,2.064923e+01,2.041875e+01,2.060736e+01,2.062132e+01,2.093485e+01,2.069108e+01,2.076775e+01,2.066318e+01,2.064225e+01,2.060039e+01,2.062830e+01,2.061434e+01,2.057944e+01,2.040477e+01,2.057944e+01,2.057246e+01,2.054453e+01,2.056548e+01,2.069108e+01,2.064923e+01,2.057246e+01,2.049564e+01,2.042575e+01,2.041875e+01,2.048865e+01,2.043973e+01,2.046769e+01,2.025781e+01,2.042575e+01,2.039078e+01,2.034881e+01,2.041875e+01,2.041875e+01,2.029982e+01,2.027881e+01,2.029982e+01,2.024380e+01,2.018074e+01,2.014569e+01,2.027881e+01,2.028582e+01,2.018074e+01,2.010362e+01,2.024380e+01,2.020877e+01,2.010362e+01,2.013167e+01,2.035581e+01,2.018775e+01,2.014569e+01,2.010362e+01,2.017373e+01,2.050961e+01,2.047468e+01,2.021578e+01,2.034181e+01,2.016672e+01,2.032782e+01,2.034881e+01,2.047468e+01,2.033481e+01,2.057246e+01,2.047468e+01,2.048865e+01,2.057944e+01,2.050262e+01,2.050961e+01,2.043973e+01,2.055850e+01,2.043274e+01,2.058643e+01,2.060736e+01,2.062830e+01,2.073988e+01,2.060736e+01,2.060736e+01,2.067016e+01,2.079562e+01,2.058643e+01,2.052358e+01,2.060736e+01,2.071200e+01,2.059340e+01,2.056548e+01,2.063528e+01,2.054453e+01,2.055850e+01,2.060736e+01,2.062830e+01,2.060039e+01,2.060736e+01,2.065621e+01,2.062830e+01,2.069805e+01,2.070502e+01,2.069108e+01,2.069805e+01,2.068410e+01,2.071200e+01,2.065621e+01,2.070502e+01,2.071200e+01,2.069805e+01,2.064225e+01,2.064923e+01,2.066318e+01,2.067016e+01,2.069805e+01,2.064225e+01,2.060039e+01,2.070502e+01,2.068410e+01,2.067713e+01,2.065621e+01,2.053755e+01,2.060039e+01,2.051660e+01,2.048865e+01,2.053755e+01,2.050262e+01,2.049564e+01,2.051660e+01,2.053755e+01,2.060039e+01,2.049564e+01,2.037679e+01,2.046070e+01,2.046769e+01,2.042575e+01,2.047468e+01,2.048865e+01,2.050961e+01,2.055152e+01,2.054453e+01,2.053057e+01,2.055850e+01,2.054453e+01,2.060039e+01,2.057944e+01,2.076775e+01,2.060736e+01,2.071897e+01,2.068410e+01,2.061434e+01,2.067713e+01,2.083045e+01,2.093485e+01,2.070502e+01,2.068410e+01,2.072594e+01,2.073291e+01,2.074685e+01,2.066318e+01,2.053755e+01,2.067713e+01,2.073291e+01,2.066318e+01,2.066318e+01,2.072594e+01,2.078169e+01,2.072594e+01,2.070502e+01,2.063528e+01,2.067713e+01,2.069108e+01,2.069805e+01,2.060736e+01,2.063528e+01,2.067016e+01,2.067713e+01,2.077472e+01,2.064225e+01,2.070502e+01,2.055850e+01,2.061434e+01,2.064225e+01,2.048166e+01,2.059340e+01,2.064225e+01,2.038379e+01,2.041875e+01,2.044672e+01,2.035581e+01,2.039778e+01,2.035581e+01,2.039078e+01,2.041176e+01,2.039078e+01,2.050262e+01,2.043973e+01,2.041176e+01,2.047468e+01,2.041875e+01,2.047468e+01,2.044672e+01,2.042575e+01,2.041875e+01,2.047468e+01,2.039078e+01,2.037679e+01,2.050961e+01,2.036980e+01,2.049564e+01,2.036980e+01,2.045371e+01,2.043274e+01,2.048166e+01,2.050262e+01,2.051660e+01,2.053755e+01,2.046769e+01,2.038379e+01,2.033481e+01,2.032782e+01,2.050961e+01,2.048166e+01,2.043973e+01,2.053755e+01,2.032782e+01,2.054453e+01,2.045371e+01,2.038379e+01,2.043973e+01,2.046070e+01,2.043274e+01,2.047468e+01,2.043973e+01,2.043973e+01,2.053057e+01,2.042575e+01,2.053057e+01,2.059340e+01,2.041176e+01,2.043973e+01,2.045371e+01,2.058643e+01,2.055152e+01,2.060736e+01,2.046070e+01,2.054453e+01,2.043274e+01,2.053057e+01,2.044672e+01,2.057246e+01,2.049564e+01,2.054453e+01,2.046070e+01,2.050262e+01,2.051660e+01,2.046769e+01,2.053057e+01,2.049564e+01,2.053057e+01,2.058643e+01,2.046070e+01,2.036980e+01,2.050961e+01,2.055850e+01,2.046769e+01,2.050961e+01,2.042575e+01,2.046070e+01,2.048166e+01,2.048166e+01,2.046070e+01,2.041875e+01,2.051660e+01,2.047468e+01,2.048865e+01,2.051660e+01,2.048865e+01,2.061434e+01,2.046070e+01,2.050262e+01,2.051660e+01,2.053057e+01,2.048166e+01,2.050262e+01,2.053755e+01,2.046070e+01,2.048166e+01,2.049564e+01,2.048166e+01,2.045371e+01,2.047468e+01,2.048166e+01,2.053755e+01,2.043973e+01,2.045371e+01,2.050961e+01,2.046070e+01,2.055152e+01,2.056548e+01,2.044672e+01,2.038379e+01,2.052358e+01,2.043973e+01,2.038379e+01,2.050961e+01,2.041875e+01,2.036980e+01,2.056548e+01,2.057944e+01,2.058643e+01,2.050961e+01,2.057246e+01,2.051660e+01,2.054453e+01,2.050961e+01,2.048865e+01,2.054453e+01,2.054453e+01,2.053057e+01,2.051660e+01,2.058643e+01,2.050961e+01,2.056548e+01,2.050961e+01,2.060039e+01,2.057246e+01,2.044672e+01,2.048166e+01,2.057944e+01,2.051660e+01,2.051660e+01,2.041176e+01,2.065621e+01,2.043973e+01,2.039078e+01,2.050961e+01,2.062830e+01,2.058643e+01,2.043274e+01,2.050961e+01,2.043973e+01,2.043973e+01,2.036980e+01,2.057246e+01,2.064225e+01,2.044672e+01,2.057246e+01,2.051660e+01,2.053755e+01,2.050262e+01,2.053057e+01,2.052358e+01,2.048865e+01,2.056548e+01,2.055850e+01,2.046070e+01,2.053755e+01,2.041875e+01,2.043274e+01,2.055152e+01,2.045371e+01,2.042575e+01,2.045371e+01,2.046070e+01,2.050961e+01,2.051660e+01,2.052358e+01,2.050961e+01,2.055850e+01,2.057246e+01,2.048166e+01,2.045371e+01,2.054453e+01,2.042575e+01,2.048865e+01,2.041875e+01,2.053755e+01,2.034881e+01,2.060736e+01,2.050961e+01,2.046769e+01,2.048166e+01,2.045371e+01,2.050262e+01,2.053755e+01,2.039078e+01,2.044672e+01,2.055850e+01,2.049564e+01,2.053755e+01,2.048166e+01,2.047468e+01,2.043973e+01,2.052358e+01,2.044672e+01,2.052358e+01,2.043274e+01,2.041875e+01,2.050961e+01,2.051660e+01,2.047468e+01,2.048166e+01,2.048865e+01,2.054453e+01,2.039078e+01,2.045371e+01,2.041176e+01,2.043274e+01,2.042575e+01,2.048166e+01,2.047468e+01,2.038379e+01,2.048166e+01,2.047468e+01,2.046769e+01,2.053755e+01,2.055152e+01,2.052358e+01,2.070502e+01,2.069108e+01,2.046769e+01,2.072594e+01,2.051660e+01,2.051660e+01,2.050262e+01,2.047468e+01
2.059340e+01,2.053755e+01,2.062830e+01,2.057246e+01,2.060039e+01,2.063528e+01,2.048865e+01,2.052358e+01,2.060039e+01,2.064225e+01,2.057246e+01,2.054453e+01,2.052358e+01,2.050961e+01,2.053755e+01,2.062830e+01,2.063528e+01,2.062132e+01,2.064225e+01,2.057944e+01,2.060736e+01,2.055152e+01,2.061434e+01,2.058643e+01,2.057246e+01,2.057246e+01,2.064225e+01,2.054453e+01,2.057246e+01,2.076079e+01,2.065621e+01,2.070502e+01,2.067016e+01,2.088614e+01,2.090006e+01,2.106693e+01,2.130287e+01,2.130287e+01,2.132366e+01,2.121966e+01,2.122660e+01,2.115721e+01,2.110166e+01,2.114333e+01,2.101134e+01,2.110166e+01,2.109472e+01,2.105304e+01,2.106693e+01,2.120579e+01,2.114333e+01,2.129594e+01,2.133752e+01,2.118497e+01,2.134445e+01,2.131673e+01,2.110861e+01,2.108083e+01,2.117109e+01,2.135830e+01,2.118497e+01,2.109472e+01,2.122660e+01,2.138601e+01,2.118497e+01,2.123353e+01,2.127514e+01,2.129594e+01,2.146908e+01,2.155209e+01,2.152443e+01,2.146216e+01,2.118497e+01,2.109472e+01,2.133059e+01,2.135830e+01,2.146908e+01,2.144140e+01,2.150368e+01,2.148292e+01,2.137216e+01,2.151751e+01,2.146908e+01,2.149676e+01,2.190411e+01,2.245386e+01,2.278913e+01,2.272763e+01,2.257714e+01,2.190411e+01,2.166956e+01,2.124740e+01,2.169718e+01,2.184897e+01,2.170409e+01,2.138601e+01,2.127514e+01,2.134445e+01,2.127514e+01,2.109472e+01,2.113638e+01,2.136523e+01,2.133059e+01,2.144140e+01,2.144832e+01,2.115721e+01,2.112944e+01,2.104609e+01,2.113638e+01,2.110861e+01,2.130287e+01,2.178000e+01,2.179380e+01,2.166956e+01,2.128207e+01,2.108777e+01,2.121966e+01,2.137216e+01,2.135830e+01,2.137216e+01,2.117803e+01,2.118497e+01,2.093485e+01,2.071897e+01,2.042575e+01,2.041875e+01,2.027881e+01,2.039078e+01,2.053057e+01,2.040477e+01,2.045371e+01,2.044672e+01,2.043274e+01,2.043274e+01,2.029982e+01,2.043973e+01,2.029282e+01,2.050961e+01,2.049564e+01,2.048166e+01,2.053057e+01,2.048166e+01,2.043973e+01,2.046769e+01,2.049564e+01,2.053755e+01,2.057944e+01,2.059340e+01,2.055850e+01,2.055152e+01,2.046070e+01,2.053057e+01,2.048166e+01,2.049564e+01,2.049564e+01,2.033481e+01,2.053755e+01,2.036980e+01,2.045371e+01,2.034181e+01,2.048166e+01,2.044672e+01,2.045371e+01,2.044672e+01,2.047468e+01,2.048865e+01,2.048865e+01,2.046070e+01,2.049564e+01,2.049564e+01,2.050262e+01,2.041176e+01,2.050961e+01,2.045371e+01,2.042575e+01,2.054453e+01,2.043973e+01,2.057944e+01,2.042575e+01,2.048865e+01,2.041176e+01,2.048166e+01,2.051660e+01,2.046769e+01,2.046769e+01,2.047468e+01,2.055850e+01,2.048865e+01,2.045371e+01,2.050262e+01,2.050961e+01,2.034181e+01,2.033481e+01,2.048865e+01,2.052358e+01,2.043274e+01,2.047468e+01,2.048865e+01,2.048166e+01,2.056548e+01,2.059340e+01,2.042575e+01,2.049564e+01,2.054453e+01,2.046769e+01,2.048865e+01,2.039078e+01,2.046769e+01,2.048166e+01,2.046769e+01,2.048166e+01,2.040477e+01,2.050961e+01,2.045371e+01,2.045371e+01,2.048166e+01,2.060039e+01,2.030682e+01,2.051660e+01,2.064923e+01,2.063528e+01,2.062830e+01,2.053755e+01,2.060039e+01,2.057944e+01,2.058643e+01,2.068410e+01,2.068410e+01,2.060039e+01,2.060039e+01,2.058643e+01,2.057944e+01,2.040477e+01,2.038379e+01,2.055850e+01,2.058643e+01,2.046769e+01,2.057944e+01,2.056548e+01,2.037679e+01,2.050961e+01,2.045371e+01,2.044672e+01,2.046070e+01,2.047468e+01,2.030682e+01,2.045371e+01,2.046769e+01,2.047468e+01,2.032782e+01,2.036280e+01,2.029282e+01,2.032782e+01,2.034181e+01,2.024380e+01,2.025781e+01,2.022979e+01,2.020877e+01,2.024380e+01,2.020877e+01,2.025781e+01,2.011764e+01,2.023680e+01,2.005451e+01,2.005451e+01,2.003345e+01,2.004047e+01,2.007556e+01,2.010362e+01,2.032782e+01,2.010362e+01,2.013167e+01,2.015971e+01,2.018074e+01,2.015270e+01,2.017373e+01,2.018074e+01,2.016672e+01,2.035581e+01,2.034181e+01,2.049564e+01,2.044672e+01,2.045371e+01,2.057944e+01,2.049564e+01,2.053755e+01,2.062830e+01,2.053057e+01,2.067016e+01,2.051660e+01,2.054453e+01,2.060039e+01,2.058643e+01,2.050961e+01,2.049564e+01,2.053755e+01,2.061434e+01,2.061434e+01,2.054453e+01,2.066318e+01,2.074685e+01,2.060039e+01,2.059340e+01,2.051660e+01,2.055850e+01,2.049564e+01,2.054453e+01,2.057246e+01,2.067016e+01,2.067016e+01,2.068410e+01,2.064225e+01,2.071897e+01,2.074685e+01,2.062132e+01,2.066318e+01,2.067016e+01,2.063528e+01,2.067016e+01,2.071897e+01,2.079562e+01,2.065621e+01,2.064225e+01,2.062830e+01,2.064225e+01,2.061434e+01,2.063528e+01,2.075382e+01,2.064225e+01,2.069108e+01,2.070502e+01,2.068410e+01,2.038379e+01,2.054453e+01,2.046070e+01,2.038379e+01,2.061434e+01,2.062830e+01,2.063528e+01,2.046769e+01,2.051660e+01,2.041176e+01,2.039778e+01,2.053057e+01,2.034881e+01,2.046769e+01,2.044672e+01,2.039778e+01,2.043274e+01,2.046769e+01,2.045371e+01,2.050262e+01,2.053755e+01,2.050961e+01,2.053755e+01,2.054453e+01,2.055152e+01,2.056548e+01,2.054453e+01,2.060039e+01,2.073291e+01,2.065621e+01,2.067016e+01,2.066318e+01,2.059340e+01,2.064225e+01,2.058643e+01,2.069108e+01,2.073291e+01,2.063528e+01,2.062132e+01,2.064225e+01,2.065621e+01,2.073291e+01,2.077472e+01,2.077472e+01,2.067713e+01,2.068410e+01,2.085830e+01,2.063528e+01,2.063528e+01,2.076079e+01,2.074685e+01,2.071897e+01,2.071897e+01,2.068410e+01,2.062830e+01,2.057944e+01,2.062830e+01,2.068410e+01,2.067713e+01,2.067016e+01,2.063528e+01,2.052358e+01,2.053755e+01,2.064923e+01,2.044672e+01,2.053057e+01,2.032782e+01,2.040477e+01,2.036980e+01,2.035581e+01,2.040477e+01,2.032082e+01,2.039778e+01,2.045371e+01,2.033481e+01,2.043973e+01,2.041875e+01,2.041875e+01,2.042575e+01,2.040477e+01,2.043274e+01,2.041176e+01,2.046070e+01,2.046070e+01,2.040477e+01,2.045371e+01,2.046070e+01,2.043973e+01,2.036980e+01,2.038379e+01,2.049564e+01,2.022979e+01,2.043973e+01,2.041875e+01,2.041176e+01,2.048166e+01,2.041875e+01,2.045371e+01,2.039778e+01,2.033481e+01,2.040477e+01,2.044672e+01,2.054453e+01,2.043274e+01,2.051660e+01,2.048865e+01,2.046769e+01,2.044672e+01,2.048865e+01,2.044672e+01,2.057246e+01,2.036280e+01,2.031382e+01,2.040477e+01,2.041176e+01,2.037679e+01,2.053057e+01,2.055152e+01,2.044672e+01,2.056548e+01,2.040477e+01,2.039078e+01,2.047468e+01,2.041176e+01,2.055152e+01,2.054453e+01,2.048865e+01,2.053057e+01,2.055850e+01,2.050262e+01,2.058643e+01,2.052358e+01,2.045371e+01,2.055850e+01,2.051660e+01,2.048865e+01,2.046070e+01,2.046769e+01,2.050961e+01,2.046070e+01,2.038379e+01,2.049564e+01,2.044672e+01,2.037679e+01,2.043274e+01,2.041176e+01,2.055850e+01,2.048865e+01,2.035581e+01,2.041176e+01,2.046769e+01,2.047468e+01,2.045371e+01,2.053057e+01,2.041875e+01,2.046769e+01,2.050262e+01,2.044672e+01,2.040477e+01,2.051660e+01,2.048166e+01,2.049564e+01,2.053755e+01,2.053057e+01,2.046769e+01,2.048865e+01,2.055850e+01,2.048166e+01,2.050961e+01,2.059340e+01,2.049564e+01,2.051660e+01,2.050262e+01,2.053755e+01,2.039078e+01,2.056548e+01,2.051660e+01,2.050961e+01,2.026481e+01,2.057246e+01,2.048865e+01,2.039078e+01,2.053057e+01,2.048166e+01,2.050262e+01,2.045371e+01,2.072594e+01,2.048865e+01,2.050262e+01,2.054453e+01,2.060736e+01,2.048166e+01,2.048166e+01,2.048865e+01,2.051660e+01,2.051660e+01,2.055152e+01,2.055152e+01,2.046070e+01,2.046070e+01,2.053057e+01,2.046070e+01,2.054453e+01,2.050961e+01,2.053755e+01,2.051660e+01,2.048166e+01,2.046070e+01,2.046769e+01,2.039778e+01,2.053057e+01,2.050961e+01,2.049564e+01,2.046769e+01,2.053755e+01,2.043973e+01,2.057944e+01,2.045371e+01,2.054453e+01,2.041875e+01,2.054453e+01,2.040477e+01,2.040477e+01,2.039078e+01,2.041875e+01,2.048865e+01,2.058643e+01,2.047468e+01,2.064923e+01,2.043973e+01,2.054453e+01,2.044672e+01,2.062132e+01,2.047468e+01,2.046769e+01,2.051660e+01,2.051660e+01,2.044672e+01,2.033481e+01,2.043274e+01,2.043274e+01,2.046769e+01,2.040477e+01,2.045371e+01,2.048865e+01,2.046070e+01,2.045371e+01,2.046769e+01,2.051660e+01,2.057944e+01,2.048865e+01,2.055152e+01,2.048865e+01,2.043973e+01,2.041875e+01,2.046070e+01,2.044672e+01,2.043274e+01,2.042575e+01,2.043973e+01,2.046769e+01,2.048166e+01,2.038379e+01,2.042575e+01,2.040477e+01,2.060039e+01,2.037679e+01,2.040477e+01,2.043274e+01,2.045371e+01,2.046769e+01,2.051660e+01,2.044672e+01,2.042575e+01,2.042575e+01,2.048166e+01,2.039778e+01,2.039778e+01,2.043274e+01,2.015270e+01,2.039778e+01,2.042575e+01,2.046070e+01,2.036280e+01,2.051660e+01,2.052358e+01,2.032782e+01,2.057944e+01,2.050961e+01,2.055152e+01,2.043274e+01,2.057246e+01,2.049564e+01,2.043973e+01,2.046070e+01,2.046070e+01,2.040477e+01,2.055152e+01,2.040477e+01,2.053057e+01,2.046769e+01,2.048166e+01,2.048166e+01,2.052358e+01,2.055850e+01,2.055850e+01,2.043973e+01,2.060736e+01
2.055152e+01,2.057246e+01,2.058643e+01,2.063528e+01,2.059340e+01,2.067016e+01,2.055850e+01,2.058643e+01,2.056548e+01,2.065621e+01,2.064923e+01,2.050262e+01,2.067713e+01,2.067713e+01,2.055850e+01,2.064225e+01,2.058643e+01,2.062830e+01,2.059340e+01,2.063528e+01,2.060039e+01,2.058643e+01,2.059340e+01,2.058643e+01,2.062132e+01,2.062830e+01,2.060736e+01,2.059340e+01,2.069805e+01,2.064923e+01,2.083045e+01,2.072594e+01,2.078866e+01,2.105999e+01,2.112250e+01,2.105999e+01,2.130980e+01,2.141371e+01,2.160048e+01,2.133059e+01,2.140678e+01,2.133059e+01,2.117803e+01,2.110861e+01,2.119191e+01,2.105999e+01,2.110861e+01,2.120579e+01,2.107388e+01,2.110861e+01,2.112944e+01,2.117109e+01,2.112944e+01,2.139293e+01,2.148292e+01,2.133059e+01,2.110166e+01,2.110861e+01,2.133752e+01,2.141371e+01,2.120579e+01,2.119191e+01,2.129594e+01,2.138601e+01,2.166265e+01,2.130980e+01,2.131673e+01,2.138601e+01,2.144832e+01,2.155900e+01,2.155209e+01,2.147600e+01,2.146908e+01,2.130980e+01,2.139986e+01,2.146216e+01,2.148984e+01,2.151751e+01,2.149676e+01,2.170409e+01,2.152443e+01,2.148292e+01,2.150368e+01,2.153826e+01,2.150368e+01,2.200741e+01,2.243329e+01,2.237158e+01,2.224804e+01,2.171099e+01,2.153134e+01,2.126821e+01,2.162121e+01,2.169028e+01,2.180070e+01,2.149676e+01,2.131673e+01,2.117803e+01,2.126127e+01,2.108083e+01,2.119885e+01,2.110166e+01,2.099744e+01,2.115027e+01,2.107388e+01,2.116415e+01,2.121272e+01,2.112944e+01,2.126821e+01,2.128901e+01,2.114333e+01,2.151059e+01,2.166265e+01,2.150368e+01,2.151059e+01,2.110861e+01,2.115027e+01,2.121272e+01,2.160739e+01,2.142063e+01,2.125434e+01,2.098353e+01,2.094180e+01,2.057246e+01,2.053057e+01,2.031382e+01,2.056548e+01,2.055152e+01,2.043973e+01,2.040477e+01,2.039078e+01,2.041875e+01,2.042575e+01,2.070502e+01,2.032082e+01,2.043274e+01,2.043973e+01,2.052358e+01,2.052358e+01,2.049564e+01,2.054453e+01,2.050262e+01,2.052358e+01,2.050961e+01,2.038379e+01,2.057246e+01,2.048166e+01,2.046769e+01,2.052358e+01,2.053057e+01,2.046769e+01,2.052358e+01,2.050262e+01,2.057246e+01,2.053057e+01,2.050262e+01,2.052358e+01,2.046769e+01,2.062830e+01,2.053057e+01,2.049564e+01,2.050262e+01,2.046769e+01,2.053057e+01,2.056548e+01,2.050961e+01,2.055850e+01,2.036980e+01,2.044672e+01,2.044672e+01,2.055850e+01,2.062830e+01,2.043274e+01,2.050961e+01,2.050961e+01,2.055152e+01,2.050262e+01,2.057944e+01,2.043973e+01,2.047468e+01,2.049564e+01,2.039778e+01,2.050262e+01,2.046070e+01,2.057246e+01,2.049564e+01,2.047468e+01,2.057944e+01,2.060736e+01,2.054453e+01,2.046070e+01,2.057246e+01,2.058643e+01,2.053755e+01,2.041176e+01,2.048166e+01,2.048865e+01,2.050262e+01,2.059340e+01,2.051660e+01,2.053057e+01,2.057944e+01,2.058643e+01,2.055850e+01,2.051660e+01,2.045371e+01,2.048166e+01,2.049564e+01,2.049564e+01,2.049564e+01,2.042575e+01,2.041176e+01,2.043274e+01,2.049564e+01,2.048865e+01,2.037679e+01,2.036980e+01,2.053755e+01,2.050262e+01,2.053755e+01,2.063528e+01,2.056548e+01,2.064923e+01,2.068410e+01,2.069108e+01,2.067713e+01,2.069805e+01,2.063528e+01,2.067713e+01,2.059340e+01,2.057246e+01,2.059340e+01,2.055850e+01,2.051660e+01,2.060039e+01,2.049564e+01,2.058643e+01,2.067016e+01,2.062132e+01,2.054453e+01,2.055152e+01,2.055152e+01,2.046769e+01,2.051660e+01,2.036280e+01,2.048166e+01,2.048865e+01,2.046769e+01,2.057944e+01,2.045371e+01,2.034881e+01,2.032082e+01,2.030682e+01,2.041176e+01,2.032082e+01,2.027181e+01,2.027181e+01,2.041875e+01,2.033481e+01,2.018074e+01,2.029982e+01,2.013167e+01,2.013167e+01,2.008257e+01,2.004047e+01,2.008257e+01,2.008257e+01,2.013868e+01,1.996324e+01,2.011764e+01,2.015270e+01,2.006854e+01,2.015971e+01,2.020877e+01,2.017373e+01,2.018074e+01,2.013167e+01,2.016672e+01,2.036280e+01,2.020177e+01,2.027881e+01,2.047468e+01,2.052358e+01,2.049564e+01,2.049564e+01,2.055850e+01,2.054453e+01,2.051660e+01,2.060039e+01,2.057246e+01,2.064225e+01,2.057944e+01,2.058643e+01,2.062132e+01,2.058643e+01,2.063528e+01,2.046769e+01,2.055152e+01,2.057246e+01,2.075382e+01,2.057246e+01,2.060039e+01,2.058643e+01,2.058643e+01,2.059340e+01,2.062132e+01,2.050961e+01,2.056548e+01,2.067713e+01,2.067016e+01,2.069805e+01,2.064225e+01,2.066318e+01,2.069108e+01,2.062132e+01,2.068410e+01,2.069805e+01,2.067713e+01,2.068410e+01,2.069805e+01,2.061434e+01,2.073988e+01,2.065621e+01,2.064225e+01,2.065621e+01,2.067016e+01,2.068410e+01,2.069805e+01,2.078169e+01,2.071897e+01,2.064923e+01,2.067016e+01,2.067713e+01,2.063528e+01,2.060039e+01,2.063528e+01,2.060736e+01,2.059340e+01,2.049564e+01,2.041875e+01,2.046070e+01,2.041875e+01,2.055152e+01,2.032782e+01,2.048166e+01,2.033481e+01,2.050961e+01,2.048166e+01,2.050262e+01,2.059340e+01,2.050262e+01,2.052358e+01,2.063528e+01,2.054453e+01,2.070502e+01,2.062830e+01,2.062830e+01,2.057246e+01,2.064225e+01,2.063528e+01,2.070502e+01,2.070502e+01,2.073988e+01,2.062132e+01,2.062132e+01,2.071200e+01,2.067713e+01,2.067713e+01,2.074685e+01,2.064225e+01,2.076079e+01,2.076079e+01,2.065621e+01,2.069108e+01,2.063528e+01,2.078169e+01,2.071897e+01,2.059340e+01,2.067016e+01,2.065621e+01,2.062830e+01,2.064923e+01,2.074685e+01,2.076775e+01,2.067713e+01,2.073291e+01,2.067713e+01,2.062830e+01,2.064923e+01,2.079562e+01,2.065621e+01,2.064225e+01,2.053755e+01,2.059340e+01,2.055850e+01,2.048865e+01,2.043274e+01,2.043274e+01,2.045371e+01,2.036980e+01,2.034881e+01,2.041875e+01,2.042575e+01,2.034881e+01,2.038379e+01,2.044672e+01,2.036980e+01,2.044672e+01,2.043973e+01,2.048166e+01,2.048166e+01,2.046070e+01,2.035581e+01,2.041875e+01,2.048865e+01,2.036980e+01,2.045371e+01,2.037679e+01,2.046070e+01,2.040477e+01,2.048865e+01,2.046769e+01,2.044672e+01,2.043274e+01,2.044672e+01,2.043274e+01,2.044672e+01,2.049564e+01,2.048865e+01,2.052358e+01,2.041875e+01,2.043274e+01,2.042575e+01,2.044672e+01,2.053057e+01,2.046769e+01,2.047468e+01,2.049564e+01,2.046070e+01,2.044672e+01,2.043274e+01,2.042575e+01,2.040477e+01,2.041176e+01,2.048166e+01,2.045371e+01,2.047468e+01,2.044672e+01,2.046769e+01,2.044672e+01,2.044672e+01,2.041875e+01,2.049564e+01,2.046070e+01,2.036980e+01,2.055850e+01,2.056548e+01,2.052358e+01,2.058643e+01,2.048865e+01,2.058643e+01,2.048865e+01,2.040477e+01,2.050262e+01,2.056548e+01,2.054453e+01,2.050262e+01,2.059340e+01,2.056548e+01,2.060039e+01,2.062830e+01,2.062132e+01,2.044672e+01,2.051660e+01,2.045371e+01,2.049564e+01,2.053057e+01,2.053755e+01,2.060039e+01,2.052358e+01,2.058643e+01,2.050961e+01,2.065621e+01,2.053057e+01,2.056548e+01,2.069108e+01,2.052358e+01,2.053755e+01,2.038379e+01,2.050961e+01,2.047468e+01,2.049564e+01,2.050262e+01,2.055850e+01,2.057246e+01,2.057246e+01,2.056548e+01,2.043973e+01,2.053755e+01,2.052358e+01,2.049564e+01,2.055850e+01,2.045371e+01,2.043973e+01,2.053755e+01,2.064923e+01,2.056548e+01,2.048865e+01,2.048865e+01,2.043274e+01,2.049564e+01,2.054453e+01,2.057246e+01,2.038379e+01,2.057944e+01,2.051660e+01,2.050961e+01,2.049564e+01,2.055152e+01,2.047468e+01,2.054453e+01,2.046070e+01,2.060039e+01,2.040477e+01,2.052358e+01,2.055850e+01,2.051660e+01,2.050262e+01,2.051660e+01,2.053755e+01,2.057944e+01,2.050961e+01,2.059340e+01,2.055152e+01,2.056548e+01,2.052358e+01,2.058643e+01,2.051660e+01,2.057246e+01,2.046070e+01,2.045371e+01,2.053057e+01,2.051660e+01,2.060039e+01,2.065621e+01,2.048865e+01,2.055152e+01,2.057944e+01,2.060039e+01,2.058643e+01,2.034181e+01,2.046769e+01,2.053755e+01,2.047468e+01,2.046769e+01,2.046070e+01,2.058643e+01,2.046769e+01,2.048166e+01,2.060039e+01,2.041875e+01,2.064923e+01,2.046070e+01,2.054453e+01,2.053057e+01,2.042575e+01,2.065621e+01,2.048166e+01,2.048865e+01,2.047468e+01,2.055152e+01,2.032782e+01,2.067016e+01,2.046070e+01,2.044672e+01,2.041176e+01,2.046070e+01,2.042575e+01,2.046070e+01,2.063528e+01,2.041176e+01,2.046070e+01,2.050262e+01,2.044672e+01,2.053755e+01,2.046070e+01,2.048166e+01,2.046070e+01,2.041875e+01,2.043274e+01,2.049564e+01,2.043274e+01,2.046070e+01,2.041875e+01,2.041176e+01,2.039078e+01,2.058643e+01,2.049564e+01,2.041875e+01,2.048166e+01,2.055850e+01,2.050262e+01,2.046769e+01,2.042575e+01,2.046769e+01,2.044672e+01,2.040477e+01,2.044672e+01,2.045371e+01,2.048166e+01,2.053755e+01,2.043274e+01,2.050961e+01,2.048865e+01,2.053755e+01,2.046070e+01,2.048865e+01,2.053755e+01,2.052358e+01,2.048166e+01,2.043973e+01,2.060736e+01,2.054453e+01,2.049564e+01,2.049564e+01,2.052358e+01,2.041176e+01,2.055152e+01,2.050961e+01,2.056548e+01,2.050961e+01,2.062830e+01,2.069108e+01,2.053057e+01,2.066318e+01,2.046070e+01,2.053057e+01,2.053057e+01,2.053755e+01,2.050961e+01
2.057944e+01,2.058643e+01,2.058643e+01,2.064923e+01,2.067713e+01,2.064225e+01,2.060039e+01,2.059340e+01,2.057944e+01,2.056548e+01,2.060039e+01,2.069108e+01,2.053755e+01,2.064923e+01,2.063528e+01,2.053057e+01,2.064225e+01,2.056548e+01,2.063528e+01,2.053057e+01,2.066318e+01,2.062830e+01,2.071200e+01,2.054453e+01,2.071200e+01,2.060039e+01,2.075382e+01,2.060736e+01,2.062132e+01,2.073988e+01,2.080259e+01,2.078169e+01,2.086526e+01,2.116415e+01,2.132366e+01,2.121272e+01,2.143448e+01,2.150368e+01,2.164884e+01,2.146216e+01,2.137908e+01,2.121966e+01,2.129594e+01,2.135138e+01,2.116415e+01,2.115721e+01,2.121272e+01,2.119885e+01,2.115721e+01,2.110861e+01,2.110861e+01,2.112944e+01,2.101829e+01,2.118497e+01,2.110166e+01,2.110166e+01,2.108083e+01,2.107388e+01,2.108777e+01,2.123353e+01,2.135138e+01,2.136523e+01,2.138601e+01,2.136523e+01,2.180759e+01,2.156592e+01,2.138601e+01,2.139986e+01,2.142756e+01,2.155900e+01,2.147600e+01,2.148984e+01,2.135138e+01,2.136523e+01,2.144140e+01,2.146216e+01,2.150368e+01,2.176620e+01,2.180759e+01,2.159356e+01,2.150368e+01,2.151751e+01,2.152443e+01,2.151751e+01,2.160739e+01,2.164884e+01,2.178690e+01,2.168337e+01,2.164884e+01,2.162812e+01,2.121966e+01,2.102524e+01,2.108777e+01,2.117803e+01,2.141371e+01,2.156592e+01,2.143448e+01,2.143448e+01,2.119191e+01,2.135830e+01,2.112250e+01,2.112944e+01,2.117109e+01,2.117109e+01,2.113638e+01,2.111555e+01,2.112944e+01,2.120579e+01,2.148984e+01,2.133752e+01,2.085134e+01,2.137216e+01,2.132366e+01,2.124047e+01,2.125434e+01,2.120579e+01,2.114333e+01,2.126821e+01,2.150368e+01,2.160048e+01,2.146216e+01,2.097658e+01,2.074685e+01,2.056548e+01,2.047468e+01,2.046769e+01,2.038379e+01,2.057944e+01,2.054453e+01,2.043973e+01,2.042575e+01,2.045371e+01,2.045371e+01,2.069805e+01,2.039778e+01,2.041176e+01,2.041875e+01,2.052358e+01,2.052358e+01,2.050961e+01,2.053755e+01,2.043973e+01,2.052358e+01,2.045371e+01,2.049564e+01,2.047468e+01,2.053057e+01,2.050262e+01,2.052358e+01,2.050262e+01,2.052358e+01,2.062830e+01,2.046070e+01,2.049564e+01,2.053755e+01,2.050961e+01,2.041875e+01,2.043973e+01,2.052358e+01,2.050262e+01,2.048865e+01,2.049564e+01,2.053057e+01,2.048166e+01,2.054453e+01,2.055152e+01,2.046070e+01,2.027881e+01,2.048865e+01,2.050961e+01,2.057246e+01,2.045371e+01,2.045371e+01,2.048166e+01,2.048865e+01,2.047468e+01,2.055850e+01,2.048865e+01,2.036280e+01,2.046070e+01,2.052358e+01,2.047468e+01,2.058643e+01,2.047468e+01,2.060039e+01,2.061434e+01,2.045371e+01,2.046769e+01,2.050262e+01,2.054453e+01,2.056548e+01,2.047468e+01,2.041875e+01,2.053755e+01,2.041176e+01,2.047468e+01,2.046070e+01,2.051660e+01,2.053057e+01,2.057246e+01,2.052358e+01,2.043973e+01,2.039778e+01,2.048166e+01,2.049564e+01,2.048865e+01,2.052358e+01,2.055850e+01,2.050961e+01,2.046070e+01,2.042575e+01,2.053057e+01,2.047468e+01,2.053057e+01,2.046070e+01,2.044672e+01,2.041176e+01,2.041176e+01,2.053755e+01,2.053057e+01,2.062830e+01,2.065621e+01,2.065621e+01,2.066318e+01,2.067016e+01,2.063528e+01,2.067713e+01,2.048865e+01,2.066318e+01,2.056548e+01,2.067016e+01,2.054453e+01,2.054453e+01,2.060736e+01,2.058643e+01,2.056548e+01,2.056548e+01,2.071897e+01,2.060039e+01,2.046769e+01,2.055152e+01,2.057944e+01,2.053057e+01,2.045371e+01,2.051660e+01,2.041875e+01,2.041176e+01,2.053755e+01,2.034181e+01,2.046070e+01,2.053057e+01,2.054453e+01,2.032782e+01,2.029982e+01,2.029982e+01,2.025080e+01,2.025080e+01,2.026481e+01,2.026481e+01,2.015270e+01,2.029982e+01,2.029282e+01,2.054453e+01,2.006152e+01,2.016672e+01,2.004047e+01,2.004047e+01,2.000537e+01,1.995621e+01,2.009660e+01,2.014569e+01,2.015971e+01,2.017373e+01,2.015270e+01,2.017373e+01,2.018074e+01,2.018074e+01,2.016672e+01,2.032082e+01,2.037679e+01,2.040477e+01,2.039078e+01,2.051660e+01,2.042575e+01,2.051660e+01,2.056548e+01,2.053057e+01,2.055850e+01,2.055850e+01,2.056548e+01,2.061434e+01,2.053057e+01,2.060039e+01,2.069108e+01,2.058643e+01,2.060039e+01,2.057944e+01,2.060039e+01,2.057944e+01,2.063528e+01,2.061434e+01,2.053057e+01,2.062830e+01,2.049564e+01,2.056548e+01,2.062830e+01,2.055152e+01,2.055850e+01,2.067016e+01,2.058643e+01,2.060736e+01,2.058643e+01,2.064923e+01,2.072594e+01,2.069805e+01,2.057944e+01,2.064225e+01,2.067713e+01,2.066318e+01,2.075382e+01,2.071200e+01,2.064225e+01,2.076079e+01,2.067713e+01,2.072594e+01,2.075382e+01,2.070502e+01,2.067016e+01,2.063528e+01,2.071897e+01,2.063528e+01,2.066318e+01,2.062830e+01,2.063528e+01,2.047468e+01,2.041176e+01,2.043973e+01,2.053755e+01,2.046070e+01,2.028582e+01,2.030682e+01,2.035581e+01,2.029982e+01,2.050961e+01,2.038379e+01,2.045371e+01,2.053057e+01,2.044672e+01,2.055850e+01,2.062132e+01,2.056548e+01,2.055152e+01,2.070502e+01,2.052358e+01,2.068410e+01,2.065621e+01,2.069108e+01,2.058643e+01,2.057246e+01,2.064225e+01,2.057246e+01,2.067713e+01,2.064923e+01,2.062830e+01,2.064225e+01,2.068410e+01,2.068410e+01,2.067713e+01,2.063528e+01,2.077472e+01,2.073291e+01,2.076079e+01,2.068410e+01,2.062132e+01,2.066318e+01,2.071897e+01,2.065621e+01,2.068410e+01,2.087222e+01,2.087918e+01,2.076775e+01,2.061434e+01,2.068410e+01,2.071897e+01,2.076079e+01,2.069805e+01,2.064923e+01,2.062830e+01,2.059340e+01,2.064225e+01,2.064225e+01,2.069108e+01,2.060736e+01,2.057246e+01,2.050262e+01,2.042575e+01,2.047468e+01,2.040477e+01,2.036280e+01,2.034881e+01,2.036980e+01,2.038379e+01,2.039778e+01,2.039778e+01,2.033481e+01,2.041875e+01,2.045371e+01,2.042575e+01,2.042575e+01,2.046070e+01,2.041875e+01,2.043973e+01,2.039778e+01,2.043973e+01,2.035581e+01,2.053057e+01,2.056548e+01,2.053755e+01,2.041875e+01,2.045371e+01,2.048865e+01,2.040477e+01,2.040477e+01,2.078169e+01,2.042575e+01,2.039078e+01,2.044672e+01,2.053755e+01,2.043973e+01,2.046769e+01,2.041875e+01,2.043973e+01,2.043274e+01,2.048166e+01,2.037679e+01,2.044672e+01,2.047468e+01,2.050262e+01,2.043274e+01,2.039778e+01,2.040477e+01,2.045371e+01,2.045371e+01,2.040477e+01,2.047468e+01,2.044672e+01,2.048865e+01,2.047468e+01,2.049564e+01,2.048166e+01,2.044672e+01,2.047468e+01,2.048166e+01,2.048865e+01,2.047468e+01,2.057944e+01,2.051660e+01,2.062132e+01,2.046769e+01,2.047468e+01,2.057246e+01,2.043973e+01,2.055152e+01,2.053755e+01,2.062132e+01,2.062132e+01,2.053057e+01,2.048166e+01,2.057246e+01,2.050961e+01,2.059340e+01,2.052358e+01,2.038379e+01,2.053057e+01,2.044672e+01,2.053057e+01,2.046769e+01,2.042575e+01,2.050961e+01,2.046769e+01,2.049564e+01,2.047468e+01,2.043274e+01,2.046769e+01,2.048166e+01,2.041176e+01,2.051660e+01,2.044672e+01,2.036980e+01,2.052358e+01,2.043973e+01,2.040477e+01,2.051660e+01,2.054453e+01,2.048865e+01,2.049564e+01,2.054453e+01,2.062132e+01,2.046769e+01,2.044672e+01,2.049564e+01,2.051660e+01,2.048166e+01,2.048166e+01,2.064923e+01,2.050961e+01,2.055152e+01,2.050961e+01,2.053057e+01,2.052358e+01,2.050961e+01,2.033481e+01,2.057246e+01,2.053755e+01,2.044672e+01,2.042575e+01,2.041875e+01,2.050262e+01,2.055152e+01,2.050961e+01,2.056548e+01,2.057246e+01,2.046769e+01,2.045371e+01,2.052358e+01,2.071897e+01,2.052358e+01,2.050262e+01,2.055152e+01,2.050961e+01,2.057944e+01,2.057944e+01,2.069108e+01,2.058643e+01,2.043274e+01,2.049564e+01,2.057246e+01,2.055152e+01,2.052358e+01,2.041176e+01,2.050961e+01,2.048166e+01,2.044672e+01,2.055850e+01,2.052358e+01,2.053057e+01,2.057944e+01,2.048865e+01,2.055152e+01,2.054453e+01,2.041875e+01,2.041875e+01,2.050961e+01,2.048865e+01,2.053755e+01,2.048166e+01,2.046070e+01,2.048865e+01,2.049564e+01,2.050262e+01,2.063528e+01,2.056548e+01,2.056548e+01,2.044672e+01,2.057246e+01,2.063528e+01,2.038379e+01,2.048865e+01,2.053057e+01,2.052358e+01,2.048865e+01,2.048166e+01,2.048166e+01,2.046070e+01,2.046070e+01,2.049564e+01,2.057246e+01,2.047468e+01,2.048166e+01,2.052358e+01,2.050961e+01,2.050961e+01,2.056548e+01,2.034881e+01,2.044672e+01,2.054453e+01,2.048166e+01,2.051660e+01,2.055152e+01,2.041875e+01,2.045371e+01,2.047468e+01,2.039778e+01,2.046070e+01,2.046769e+01,2.040477e+01,2.043973e+01,2.038379e+01,2.040477e+01,2.043973e+01,2.041875e+01,2.043274e+01,2.050961e+01,2.050961e+01,2.036280e+01,2.034881e+01,2.041875e+01,2.043973e+01,2.050262e+01,2.065621e+01,2.046070e+01,2.046769e+01,2.036280e+01,2.055850e+01,2.053755e+01,2.051660e+01,2.059340e+01,2.053057e+01,2.050961e+01,2.050961e+01,2.046769e+01,2.050262e+01,2.047468e+01,2.044672e+01,2.048166e+01,2.048166e+01,2.054453e+01,2.053057e+01,2.046070e+01,2.057246e+01,2.056548e+01,2.047468e+01,2.035581e+01,2.068410e+01,2.041176e+01,2.050262e+01,2.050961e+01,2.053755e+01,2.059340e+01,2.058643e+01
2.061434e+01,2.053755e+01,2.056548e+01,2.053755e+01,2.064923e+01,2.067713e+01,2.064923e+01,2.053057e+01,2.053057e+01,2.062830e+01,2.061434e+01,2.052358e+01,2.066318e+01,2.054453e+01,2.057944e+01,2.066318e+01,2.064923e+01,2.060736e+01,2.060039e+01,2.056548e+01,2.065621e+01,2.065621e+01,2.071200e+01,2.064225e+01,2.059340e+01,2.057246e+01,2.063528e+01,2.057944e+01,2.055152e+01,2.053057e+01,2.090006e+01,2.087222e+01,2.088614e+01,2.126127e+01,2.128207e+01,2.144832e+01,2.130287e+01,2.156592e+01,2.173170e+01,2.167647e+01,2.141371e+01,2.124047e+01,2.125434e+01,2.126127e+01,2.121272e+01,2.119885e+01,2.138601e+01,2.164193e+01,2.132366e+01,2.112944e+01,2.108777e+01,2.106693e+01,2.104609e+01,2.108083e+01,2.105304e+01,2.105999e+01,2.108777e+01,2.105304e+01,2.116415e+01,2.110166e+01,2.142756e+01,2.153826e+01,2.164193e+01,2.135138e+01,2.146216e+01,2.161430e+01,2.155209e+01,2.156592e+01,2.180759e+01,2.182139e+01,2.180759e+01,2.162812e+01,2.155209e+01,2.135830e+01,2.142756e+01,2.148292e+01,2.171790e+01,2.169718e+01,2.166265e+01,2.171790e+01,2.164193e+01,2.148292e+01,2.152443e+01,2.155209e+01,2.190411e+01,2.189032e+01,2.163503e+01,2.184897e+01,2.175930e+01,2.158665e+01,2.151751e+01,2.122660e+01,2.103219e+01,2.094876e+01,2.102524e+01,2.118497e+01,2.133059e+01,2.136523e+01,2.108777e+01,2.119885e+01,2.118497e+01,2.117803e+01,2.116415e+01,2.116415e+01,2.119885e+01,2.119191e+01,2.115721e+01,2.126127e+01,2.146908e+01,2.139293e+01,2.116415e+01,2.112944e+01,2.112250e+01,2.128207e+01,2.124740e+01,2.122660e+01,2.115027e+01,2.118497e+01,2.144832e+01,2.138601e+01,2.120579e+01,2.094180e+01,2.084437e+01,2.070502e+01,2.047468e+01,2.055850e+01,2.025080e+01,2.046070e+01,2.041176e+01,2.038379e+01,2.036980e+01,2.038379e+01,2.043973e+01,2.046070e+01,2.050262e+01,2.046070e+01,2.039778e+01,2.051660e+01,2.046769e+01,2.048865e+01,2.043973e+01,2.050961e+01,2.051660e+01,2.046769e+01,2.047468e+01,2.047468e+01,2.052358e+01,2.037679e+01,2.058643e+01,2.049564e+01,2.050961e+01,2.053057e+01,2.055152e+01,2.046769e+01,2.050961e+01,2.043274e+01,2.048166e+01,2.049564e+01,2.051660e+01,2.052358e+01,2.051660e+01,2.025781e+01,2.040477e+01,2.044672e+01,2.055152e+01,2.053755e+01,2.050262e+01,2.049564e+01,2.048166e+01,2.050262e+01,2.042575e+01,2.049564e+01,2.041875e+01,2.040477e+01,2.048865e+01,2.048166e+01,2.049564e+01,2.053057e+01,2.031382e+01,2.034881e+01,2.053057e+01,2.055850e+01,2.055152e+01,2.055152e+01,2.052358e+01,2.046070e+01,2.050262e+01,2.041176e+01,2.046070e+01,2.051660e+01,2.053755e+01,2.045371e+01,2.050961e+01,2.042575e+01,2.044672e+01,2.049564e+01,2.044672e+01,2.048166e+01,2.044672e+01,2.051660e+01,2.055152e+01,2.044672e+01,2.051660e+01,2.048166e+01,2.054453e+01,2.045371e+01,2.050262e+01,2.046769e+01,2.050961e+01,2.048865e+01,2.041875e+01,2.048166e+01,2.050961e+01,2.035581e+01,2.036280e+01,2.036980e+01,2.075382e+01,2.055850e+01,2.057944e+01,2.067016e+01,2.063528e+01,2.067016e+01,2.074685e+01,2.066318e+01,2.067016e+01,2.067016e+01,2.051660e+01,2.067713e+01,2.056548e+01,2.061434e+01,2.064225e+01,2.058643e+01,2.057246e+01,2.060039e+01,2.060736e+01,2.051660e+01,2.053057e+01,2.043973e+01,2.057944e+01,2.059340e+01,2.055152e+01,2.053755e+01,2.050961e+01,2.055152e+01,2.056548e+01,2.046769e+01,2.051660e+01,2.046769e+01,2.046769e+01,2.043973e+01,2.046070e+01,2.041875e+01,2.032782e+01,2.035581e+01,2.036280e+01,2.027881e+01,2.033481e+01,2.026481e+01,2.018074e+01,2.030682e+01,2.027181e+01,2.027881e+01,2.023680e+01,2.028582e+01,2.018074e+01,2.004047e+01,2.000537e+01,1.979452e+01,1.997728e+01,1.991406e+01,2.012466e+01,2.004749e+01,2.006854e+01,2.008257e+01,2.008959e+01,2.017373e+01,2.013167e+01,2.018775e+01,2.022278e+01,2.025080e+01,2.040477e+01,2.025781e+01,2.038379e+01,2.048166e+01,2.051660e+01,2.046769e+01,2.050961e+01,2.050961e+01,2.045371e+01,2.052358e+01,2.051660e+01,2.048166e+01,2.060736e+01,2.051660e+01,2.066318e+01,2.059340e+01,2.062830e+01,2.063528e+01,2.062830e+01,2.060039e+01,2.067713e+01,2.056548e+01,2.061434e+01,2.051660e+01,2.050262e+01,2.057246e+01,2.044672e+01,2.061434e+01,2.061434e+01,2.063528e+01,2.066318e+01,2.061434e+01,2.064923e+01,2.063528e+01,2.065621e+01,2.071200e+01,2.069108e+01,2.067713e+01,2.072594e+01,2.066318e+01,2.067016e+01,2.065621e+01,2.072594e+01,2.072594e+01,2.065621e+01,2.069108e+01,2.069108e+01,2.080259e+01,2.073291e+01,2.075382e+01,2.063528e+01,2.060736e+01,2.065621e+01,2.062830e+01,2.059340e+01,2.064225e+01,2.059340e+01,2.041176e+01,2.060039e+01,2.034181e+01,2.036980e+01,2.032782e+01,2.035581e+01,2.046070e+01,2.047468e+01,2.052358e+01,2.059340e+01,2.044672e+01,2.052358e+01,2.062132e+01,2.049564e+01,2.065621e+01,2.069805e+01,2.053057e+01,2.071200e+01,2.055850e+01,2.068410e+01,2.055152e+01,2.073291e+01,2.083045e+01,2.067713e+01,2.067016e+01,2.067016e+01,2.067713e+01,2.071897e+01,2.067016e+01,2.064923e+01,2.070502e+01,2.082348e+01,2.060736e+01,2.069108e+01,2.073291e+01,2.075382e+01,2.069108e+01,2.073988e+01,2.071200e+01,2.062132e+01,2.070502e+01,2.064923e+01,2.064923e+01,2.070502e+01,2.069805e+01,2.071897e+01,2.072594e+01,2.066318e+01,2.078866e+01,2.069805e+01,2.072594e+01,2.066318e+01,2.065621e+01,2.063528e+01,2.067016e+01,2.052358e+01,2.063528e+01,2.041875e+01,2.041875e+01,2.045371e+01,2.037679e+01,2.039778e+01,2.038379e+01,2.035581e+01,2.038379e+01,2.039778e+01,2.050961e+01,2.041176e+01,2.036980e+01,2.039778e+01,2.036980e+01,2.040477e+01,2.041176e+01,2.043973e+01,2.048166e+01,2.037679e+01,2.036280e+01,2.053057e+01,2.037679e+01,2.041176e+01,2.046070e+01,2.039078e+01,2.048865e+01,2.041875e+01,2.045371e+01,2.046070e+01,2.043274e+01,2.048166e+01,2.043274e+01,2.044672e+01,2.055152e+01,2.031382e+01,2.051660e+01,2.045371e+01,2.046769e+01,2.040477e+01,2.048166e+01,2.041176e+01,2.058643e+01,2.053057e+01,2.039078e+01,2.049564e+01,2.044672e+01,2.042575e+01,2.034181e+01,2.050961e+01,2.045371e+01,2.048865e+01,2.046769e+01,2.049564e+01,2.046769e+01,2.046070e+01,2.045371e+01,2.046769e+01,2.046769e+01,2.049564e+01,2.048865e+01,2.053057e+01,2.054453e+01,2.055152e+01,2.046070e+01,2.048166e+01,2.043973e+01,2.051660e+01,2.057944e+01,2.040477e+01,2.052358e+01,2.053057e+01,2.051660e+01,2.051660e+01,2.055152e+01,2.057944e+01,2.055152e+01,2.040477e+01,2.046769e+01,2.050262e+01,2.040477e+01,2.043274e+01,2.046070e+01,2.049564e+01,2.042575e+01,2.042575e+01,2.055850e+01,2.036280e+01,2.057246e+01,2.038379e+01,2.060736e+01,2.053755e+01,2.049564e+01,2.040477e+01,2.050262e+01,2.034181e+01,2.050262e+01,2.043274e+01,2.050961e+01,2.048865e+01,2.050262e+01,2.046769e+01,2.053755e+01,2.054453e+01,2.053057e+01,2.047468e+01,2.043973e+01,2.050262e+01,2.053057e+01,2.043973e+01,2.048166e+01,2.059340e+01,2.044672e+01,2.048865e+01,2.049564e+01,2.052358e+01,2.055850e+01,2.049564e+01,2.049564e+01,2.048166e+01,2.056548e+01,2.043274e+01,2.049564e+01,2.050961e+01,2.043973e+01,2.058643e+01,2.051660e+01,2.057246e+01,2.050961e+01,2.057944e+01,2.044672e+01,2.044672e+01,2.058643e+01,2.048865e+01,2.053057e+01,2.059340e+01,2.055152e+01,2.048865e+01,2.048166e+01,2.050262e+01,2.057246e+01,2.048166e+01,2.052358e+01,2.057246e+01,2.066318e+01,2.054453e+01,2.046769e+01,2.051660e+01,2.057944e+01,2.050262e+01,2.055850e+01,2.053057e+01,2.047468e+01,2.053755e+01,2.056548e+01,2.055152e+01,2.048166e+01,2.034181e+01,2.056548e+01,2.058643e+01,2.052358e+01,2.047468e+01,2.048166e+01,2.051660e+01,2.048865e+01,2.046769e+01,2.027881e+01,2.051660e+01,2.058643e+01,2.054453e+01,2.050262e+01,2.049564e+01,2.044672e+01,2.039078e+01,2.048865e+01,2.051660e+01,2.049564e+01,2.049564e+01,2.054453e+01,2.039778e+01,2.045371e+01,2.042575e+01,2.049564e+01,2.045371e+01,2.048166e+01,2.046070e+01,2.050961e+01,2.039778e+01,2.052358e+01,2.048166e+01,2.038379e+01,2.039078e+01,2.050961e+01,2.039078e+01,2.037679e+01,2.040477e+01,2.055850e+01,2.043973e+01,2.042575e+01,2.044672e+01,2.053755e+01,2.044672e+01,2.040477e+01,2.057944e+01,2.045371e+01,2.041176e+01,2.041176e+01,2.043274e+01,2.052358e+01,2.050262e+01,2.074685e+01,2.050961e+01,2.039078e+01,2.041176e+01,2.041875e+01,2.053755e+01,2.048166e+01,2.043973e+01,2.046769e+01,2.050262e+01,2.055850e+01,2.052358e+01,2.055152e+01,2.046070e+01,2.049564e+01,2.046769e+01,2.043973e+01,2.039078e+01,2.048865e+01,2.049564e+01,2.045371e+01,2.047468e+01,2.050262e+01,2.052358e+01,2.035581e+01,2.046769e+01,2.052358e+01,2.053057e+01,2.048166e+01,2.049564e+01,2.048166e+01,2.048865e+01,2.051660e+01,2.052358e+01,2.052358e+01,2.055850e+01,2.067713e+01
2.039778e+01,2.058643e+01,2.050262e+01,2.055152e+01,2.050262e+01,2.054453e+01,2.060039e+01,2.058643e+01,2.056548e+01,2.068410e+01,2.053755e+01,2.055850e+01,2.067713e+01,2.060039e+01,2.063528e+01,2.061434e+01,2.060736e+01,2.081652e+01,2.050961e+01,2.062830e+01,2.053057e+01,2.059340e+01,2.058643e+01,2.059340e+01,2.056548e+01,2.055152e+01,2.059340e+01,2.059340e+01,2.053057e+01,2.072594e+01,2.072594e+01,2.095572e+01,2.123353e+01,2.144140e+01,2.128901e+01,2.118497e+01,2.124740e+01,2.142063e+01,2.164884e+01,2.164884e+01,2.157974e+01,2.134445e+01,2.123353e+01,2.120579e+01,2.138601e+01,2.148984e+01,2.166956e+01,2.139293e+01,2.133752e+01,2.103219e+01,2.119885e+01,2.110166e+01,2.105304e+01,2.108777e+01,2.105304e+01,2.105304e+01,2.106693e+01,2.116415e+01,2.107388e+01,2.115721e+01,2.139986e+01,2.160739e+01,2.160739e+01,2.154517e+01,2.138601e+01,2.162812e+01,2.140678e+01,2.160048e+01,2.181449e+01,2.182828e+01,2.223431e+01,2.200053e+01,2.201429e+01,2.168337e+01,2.153134e+01,2.146216e+01,2.145524e+01,2.146908e+01,2.166956e+01,2.175240e+01,2.167647e+01,2.166265e+01,2.146216e+01,2.162812e+01,2.182828e+01,2.181449e+01,2.164884e+01,2.164193e+01,2.164884e+01,2.161430e+01,2.161430e+01,2.160048e+01,2.112944e+01,2.119885e+01,2.089310e+01,2.101829e+01,2.108777e+01,2.110861e+01,2.099048e+01,2.115721e+01,2.117803e+01,2.115027e+01,2.128901e+01,2.119191e+01,2.143448e+01,2.146216e+01,2.147600e+01,2.148984e+01,2.130980e+01,2.132366e+01,2.117109e+01,2.114333e+01,2.123353e+01,2.149676e+01,2.142756e+01,2.152443e+01,2.139293e+01,2.119191e+01,2.119191e+01,2.108777e+01,2.087918e+01,2.082348e+01,2.081652e+01,2.069108e+01,2.041176e+01,2.039778e+01,2.032082e+01,2.034881e+01,2.041875e+01,2.043973e+01,2.038379e+01,2.052358e+01,2.048166e+01,2.043973e+01,2.034881e+01,2.043274e+01,2.040477e+01,2.048865e+01,2.052358e+01,2.048865e+01,2.050262e+01,2.048865e+01,2.050262e+01,2.037679e+01,2.035581e+01,2.053057e+01,2.051660e+01,2.050262e+01,2.036280e+01,2.053755e+01,2.048166e+01,2.052358e+01,2.044672e+01,2.053057e+01,2.045371e+01,2.043274e+01,2.050262e+01,2.037679e+01,2.052358e+01,2.054453e+01,2.044672e+01,2.051660e+01,2.049564e+01,2.050262e+01,2.049564e+01,2.033481e+01,2.041176e+01,2.042575e+01,2.046070e+01,2.044672e+01,2.045371e+01,2.039778e+01,2.050961e+01,2.050961e+01,2.036980e+01,2.044672e+01,2.047468e+01,2.045371e+01,2.036980e+01,2.046769e+01,2.050262e+01,2.056548e+01,2.050262e+01,2.044672e+01,2.050961e+01,2.053755e+01,2.056548e+01,2.041875e+01,2.048166e+01,2.044672e+01,2.050262e+01,2.048865e+01,2.055152e+01,2.045371e+01,2.049564e+01,2.057944e+01,2.047468e+01,2.047468e+01,2.043973e+01,2.053057e+01,2.053755e+01,2.054453e+01,2.050262e+01,2.056548e+01,2.052358e+01,2.042575e+01,2.046070e+01,2.045371e+01,2.041875e+01,2.043274e+01,2.048865e+01,2.043973e+01,2.041875e+01,2.048166e+01,2.038379e+01,2.036280e+01,2.042575e+01,2.048865e+01,2.060039e+01,2.068410e+01,2.062830e+01,2.067713e+01,2.065621e+01,2.065621e+01,2.064225e+01,2.067713e+01,2.057246e+01,2.067713e+01,2.066318e+01,2.057246e+01,2.055850e+01,2.057246e+01,2.050961e+01,2.055850e+01,2.056548e+01,2.055152e+01,2.056548e+01,2.056548e+01,2.057944e+01,2.058643e+01,2.054453e+01,2.055850e+01,2.056548e+01,2.057246e+01,2.048166e+01,2.051660e+01,2.036980e+01,2.038379e+01,2.040477e+01,2.042575e+01,2.045371e+01,2.048166e+01,2.035581e+01,2.034181e+01,2.025080e+01,2.030682e+01,2.033481e+01,2.026481e+01,2.034881e+01,2.032082e+01,2.017373e+01,2.020177e+01,2.030682e+01,2.029982e+01,2.012466e+01,2.008257e+01,2.000537e+01,1.991406e+01,1.999133e+01,1.999133e+01,1.995621e+01,1.989297e+01,1.997728e+01,1.997728e+01,1.997026e+01,2.018775e+01,2.002643e+01,2.015270e+01,2.015270e+01,2.022278e+01,2.025781e+01,2.026481e+01,2.034881e+01,2.051660e+01,2.047468e+01,2.048166e+01,2.047468e+01,2.048865e+01,2.049564e+01,2.045371e+01,2.056548e+01,2.057944e+01,2.052358e+01,2.059340e+01,2.060039e+01,2.058643e+01,2.062830e+01,2.057944e+01,2.064923e+01,2.057246e+01,2.055850e+01,2.060039e+01,2.054453e+01,2.061434e+01,2.059340e+01,2.061434e+01,2.045371e+01,2.041875e+01,2.062132e+01,2.058643e+01,2.068410e+01,2.066318e+01,2.064225e+01,2.062830e+01,2.065621e+01,2.064225e+01,2.059340e+01,2.067713e+01,2.078169e+01,2.081652e+01,2.068410e+01,2.076079e+01,2.064225e+01,2.069108e+01,2.060039e+01,2.058643e+01,2.081652e+01,2.056548e+01,2.076079e+01,2.063528e+01,2.062132e+01,2.062132e+01,2.062830e+01,2.062132e+01,2.057944e+01,2.060736e+01,2.036280e+01,2.043274e+01,2.041176e+01,2.046769e+01,2.031382e+01,2.048166e+01,2.041875e+01,2.034881e+01,2.039078e+01,2.026481e+01,2.056548e+01,2.053755e+01,2.058643e+01,2.057944e+01,2.052358e+01,2.068410e+01,2.063528e+01,2.052358e+01,2.067713e+01,2.066318e+01,2.057246e+01,2.055850e+01,2.073291e+01,2.076079e+01,2.064923e+01,2.065621e+01,2.069108e+01,2.057246e+01,2.071897e+01,2.069805e+01,2.073291e+01,2.066318e+01,2.070502e+01,2.062830e+01,2.069108e+01,2.059340e+01,2.073988e+01,2.078169e+01,2.069805e+01,2.073988e+01,2.070502e+01,2.063528e+01,2.065621e+01,2.070502e+01,2.062830e+01,2.072594e+01,2.065621e+01,2.071897e+01,2.070502e+01,2.076079e+01,2.067016e+01,2.066318e+01,2.072594e+01,2.066318e+01,2.067016e+01,2.061434e+01,2.053755e+01,2.055850e+01,2.055850e+01,2.045371e+01,2.032082e+01,2.043973e+01,2.039778e+01,2.034181e+01,2.039078e+01,2.051660e+01,2.036980e+01,2.039778e+01,2.039778e+01,2.027881e+01,2.048166e+01,2.039778e+01,2.045371e+01,2.040477e+01,2.041176e+01,2.040477e+01,2.039078e+01,2.054453e+01,2.041176e+01,2.033481e+01,2.053755e+01,2.052358e+01,2.048865e+01,2.049564e+01,2.047468e+01,2.048166e+01,2.040477e+01,2.036980e+01,2.046070e+01,2.038379e+01,2.043274e+01,2.050961e+01,2.040477e+01,2.041875e+01,2.050961e+01,2.043274e+01,2.042575e+01,2.037679e+01,2.034881e+01,2.041875e+01,2.042575e+01,2.040477e+01,2.052358e+01,2.041875e+01,2.046769e+01,2.034181e+01,2.048865e+01,2.053057e+01,2.043274e+01,2.053057e+01,2.062830e+01,2.044672e+01,2.048865e+01,2.046769e+01,2.047468e+01,2.046769e+01,2.034881e+01,2.048865e+01,2.048166e+01,2.046769e+01,2.053057e+01,2.053057e+01,2.046070e+01,2.046769e+01,2.046769e+01,2.058643e+01,2.048166e+01,2.039778e+01,2.050961e+01,2.042575e+01,2.053755e+01,2.052358e+01,2.060039e+01,2.046769e+01,2.050262e+01,2.049564e+01,2.056548e+01,2.048865e+01,2.053057e+01,2.043274e+01,2.041875e+01,2.048166e+01,2.050262e+01,2.040477e+01,2.048166e+01,2.054453e+01,2.052358e+01,2.041176e+01,2.051660e+01,2.048166e+01,2.052358e+01,2.041176e+01,2.041875e+01,2.050961e+01,2.039078e+01,2.047468e+01,2.055850e+01,2.046070e+01,2.055850e+01,2.045371e+01,2.053057e+01,2.046070e+01,2.059340e+01,2.048865e+01,2.057944e+01,2.043973e+01,2.051660e+01,2.043973e+01,2.057944e+01,2.055850e+01,2.054453e+01,2.054453e+01,2.052358e+01,2.052358e+01,2.052358e+01,2.050961e+01,2.052358e+01,2.055152e+01,2.050262e+01,2.044672e+01,2.052358e+01,2.040477e+01,2.050961e+01,2.048865e+01,2.054453e+01,2.051660e+01,2.058643e+01,2.053755e+01,2.054453e+01,2.049564e+01,2.051660e+01,2.050961e+01,2.074685e+01,2.043973e+01,2.060039e+01,2.048166e+01,2.057944e+01,2.056548e+01,2.046769e+01,2.049564e+01,2.050961e+01,2.053755e+01,2.060039e+01,2.059340e+01,2.051660e+01,2.051660e+01,2.048865e+01,2.050961e+01,2.056548e+01,2.056548e+01,2.048865e+01,2.050262e+01,2.050961e+01,2.052358e+01,2.044672e+01,2.031382e+01,2.057246e+01,2.053755e+01,2.053755e+01,2.046769e+01,2.047468e+01,2.062132e+01,2.049564e+01,2.035581e+01,2.043973e+01,2.043274e+01,2.044672e+01,2.043973e+01,2.048166e+01,2.036980e+01,2.039078e+01,2.040477e+01,2.048166e+01,2.053755e+01,2.041875e+01,2.048166e+01,2.057944e+01,2.064225e+01,2.056548e+01,2.048166e+01,2.043973e+01,2.043973e+01,2.050961e+01,2.047468e+01,2.043973e+01,2.050262e+01,2.034881e+01,2.051660e+01,2.048166e+01,2.043274e+01,2.042575e+01,2.039078e+01,2.054453e+01,2.053755e+01,2.053057e+01,2.048166e+01,2.048865e+01,2.044672e+01,2.041176e+01,2.055152e+01,2.039078e+01,2.042575e+01,2.044672e+01,2.043973e+01,2.037679e+01,2.052358e+01,2.027181e+01,2.040477e+01,2.048865e+01,2.053057e+01,2.048865e+01,2.040477e+01,2.043973e+01,2.042575e+01,2.046070e+01,2.047468e+01,2.056548e+01,2.054453e+01,2.057944e+01,2.053755e+01,2.048865e+01,2.047468e+01,2.042575e+01,2.041875e+01,2.053057e+01,2.037679e+01,2.047468e+01,2.047468e+01,2.050961e+01,2.053755e+01,2.042575e+01,2.050262e+01,2.062830e+01,2.055152e+01,2.050262e+01,2.045371e+01,2.048166e+01,2.046769e+01,2.043274e+01,2.048166e+01,2.047468e+01,2.050262e+01,2.050961e+01,2.051660e+01
2.060736e+01,2.054453e+01,2.057944e+01,2.060736e+01,2.053755e+01,2.053057e+01,2.063528e+01,2.061434e+01,2.062132e+01,2.066318e+01,2.069108e+01,2.060039e+01,2.060039e+01,2.059340e+01,2.064225e+01,2.064923e+01,2.066318e+01,2.083045e+01,2.068410e+01,2.084437e+01,2.064923e+01,2.060736e+01,2.057944e+01,2.073988e+01,2.057944e+01,2.057246e+01,2.068410e+01,2.065621e+01,2.055152e+01,2.069805e+01,2.076775e+01,2.092789e+01,2.118497e+01,2.147600e+01,2.155209e+01,2.141371e+01,2.121272e+01,2.143448e+01,2.144140e+01,2.160048e+01,2.160048e+01,2.135830e+01,2.137216e+01,2.146908e+01,2.141371e+01,2.166956e+01,2.180759e+01,2.200741e+01,2.158665e+01,2.111555e+01,2.111555e+01,2.119885e+01,2.111555e+01,2.135138e+01,2.135830e+01,2.122660e+01,2.133752e+01,2.139293e+01,2.141371e+01,2.142756e+01,2.171790e+01,2.180070e+01,2.160048e+01,2.137216e+01,2.121966e+01,2.134445e+01,2.146908e+01,2.175240e+01,2.209686e+01,2.214499e+01,2.210373e+01,2.210373e+01,2.198676e+01,2.182828e+01,2.171790e+01,2.170409e+01,2.167647e+01,2.163503e+01,2.170409e+01,2.170409e+01,2.180070e+01,2.141371e+01,2.144140e+01,2.155209e+01,2.157974e+01,2.207622e+01,2.180070e+01,2.165575e+01,2.210373e+01,2.217935e+01,2.220683e+01,2.219996e+01,2.188343e+01,2.124047e+01,2.117803e+01,2.119885e+01,2.116415e+01,2.116415e+01,2.111555e+01,2.115721e+01,2.115721e+01,2.133059e+01,2.139293e+01,2.145524e+01,2.174550e+01,2.181449e+01,2.164193e+01,2.149676e+01,2.165575e+01,2.148984e+01,2.113638e+01,2.133059e+01,2.140678e+01,2.157283e+01,2.157974e+01,2.157974e+01,2.146908e+01,2.139293e+01,2.113638e+01,2.136523e+01,2.115027e+01,2.079562e+01,2.080955e+01,2.070502e+01,2.057246e+01,2.045371e+01,2.041875e+01,2.040477e+01,2.045371e+01,2.041176e+01,2.050961e+01,2.048166e+01,2.040477e+01,2.048166e+01,2.051660e+01,2.039078e+01,2.038379e+01,2.048865e+01,2.056548e+01,2.053057e+01,2.049564e+01,2.050961e+01,2.048865e+01,2.047468e+01,2.053755e+01,2.052358e+01,2.051660e+01,2.056548e+01,2.049564e+01,2.048166e+01,2.057246e+01,2.037679e+01,2.041875e+01,2.048865e+01,2.041875e+01,2.053057e+01,2.048865e+01,2.055152e+01,2.041176e+01,2.044672e+01,2.054453e+01,2.051660e+01,2.052358e+01,2.042575e+01,2.053755e+01,2.042575e+01,2.050262e+01,2.051660e+01,2.046769e+01,2.039778e+01,2.041176e+01,2.041176e+01,2.038379e+01,2.054453e+01,2.051660e+01,2.036980e+01,2.050961e+01,2.047468e+01,2.054453e+01,2.042575e+01,2.056548e+01,2.057944e+01,2.050262e+01,2.054453e+01,2.054453e+01,2.043274e+01,2.046769e+01,2.053057e+01,2.048865e+01,2.053755e+01,2.042575e+01,2.041176e+01,2.046070e+01,2.055850e+01,2.042575e+01,2.040477e+01,2.053057e+01,2.044672e+01,2.057246e+01,2.041875e+01,2.052358e+01,2.052358e+01,2.041875e+01,2.053755e+01,2.050961e+01,2.053057e+01,2.054453e+01,2.054453e+01,2.047468e+01,2.053755e+01,2.046769e+01,2.048865e+01,2.043274e+01,2.043973e+01,2.052358e+01,2.054453e+01,2.054453e+01,2.064225e+01,2.071200e+01,2.064923e+01,2.071200e+01,2.070502e+01,2.067016e+01,2.069108e+01,2.064923e+01,2.068410e+01,2.064225e+01,2.066318e+01,2.057246e+01,2.064923e+01,2.057246e+01,2.055850e+01,2.049564e+01,2.055850e+01,2.067016e+01,2.054453e+01,2.058643e+01,2.071897e+01,2.069805e+01,2.059340e+01,2.060736e+01,2.050262e+01,2.055850e+01,2.053755e+01,2.057944e+01,2.044672e+01,2.041875e+01,2.040477e+01,2.040477e+01,2.052358e+01,2.058643e+01,2.038379e+01,2.041875e+01,2.044672e+01,2.035581e+01,2.033481e+01,2.035581e+01,2.025080e+01,2.030682e+01,2.031382e+01,2.024380e+01,2.030682e+01,2.029982e+01,2.032082e+01,2.031382e+01,2.006854e+01,2.015270e+01,1.996324e+01,2.004749e+01,1.990000e+01,2.008257e+01,1.990703e+01,1.989297e+01,1.991406e+01,2.008959e+01,2.005451e+01,2.006854e+01,2.015270e+01,2.020177e+01,2.025080e+01,2.036980e+01,2.027181e+01,2.041875e+01,2.036980e+01,2.048166e+01,2.050262e+01,2.046070e+01,2.048865e+01,2.048865e+01,2.046769e+01,2.041176e+01,2.056548e+01,2.052358e+01,2.047468e+01,2.056548e+01,2.048865e+01,2.066318e+01,2.057246e+01,2.058643e+01,2.057246e+01,2.057944e+01,2.067713e+01,2.056548e+01,2.062132e+01,2.046769e+01,2.053057e+01,2.057246e+01,2.057246e+01,2.054453e+01,2.061434e+01,2.064225e+01,2.063528e+01,2.057246e+01,2.062132e+01,2.062132e+01,2.066318e+01,2.068410e+01,2.080259e+01,2.068410e+01,2.076079e+01,2.073291e+01,2.073291e+01,2.057944e+01,2.058643e+01,2.073291e+01,2.069108e+01,2.060039e+01,2.058643e+01,2.054453e+01,2.062830e+01,2.062132e+01,2.062132e+01,2.062132e+01,2.064225e+01,2.050262e+01,2.060736e+01,2.052358e+01,2.050961e+01,2.048166e+01,2.053755e+01,2.033481e+01,2.050262e+01,2.032782e+01,2.047468e+01,2.046769e+01,2.057246e+01,2.055850e+01,2.057246e+01,2.058643e+01,2.076079e+01,2.064225e+01,2.049564e+01,2.064225e+01,2.062830e+01,2.072594e+01,2.064225e+01,2.062132e+01,2.072594e+01,2.072594e+01,2.074685e+01,2.090006e+01,2.071897e+01,2.075382e+01,2.068410e+01,2.073291e+01,2.074685e+01,2.069108e+01,2.066318e+01,2.070502e+01,2.067713e+01,2.069108e+01,2.069805e+01,2.077472e+01,2.076079e+01,2.067713e+01,2.076079e+01,2.077472e+01,2.069805e+01,2.077472e+01,2.069108e+01,2.064225e+01,2.072594e+01,2.072594e+01,2.073988e+01,2.076079e+01,2.075382e+01,2.073291e+01,2.069108e+01,2.075382e+01,2.068410e+01,2.067016e+01,2.055152e+01,2.053057e+01,2.047468e+01,2.044672e+01,2.046070e+01,2.038379e+01,2.043274e+01,2.046769e+01,2.041875e+01,2.052358e+01,2.043274e+01,2.036280e+01,2.048865e+01,2.041875e+01,2.041176e+01,2.046769e+01,2.034181e+01,2.040477e+01,2.042575e+01,2.038379e+01,2.043274e+01,2.046070e+01,2.049564e+01,2.048166e+01,2.051660e+01,2.054453e+01,2.049564e+01,2.055152e+01,2.039778e+01,2.048166e+01,2.039778e+01,2.048166e+01,2.037679e+01,2.043973e+01,2.046769e+01,2.039778e+01,2.053755e+01,2.048166e+01,2.053057e+01,2.047468e+01,2.054453e+01,2.042575e+01,2.044672e+01,2.039078e+01,2.044672e+01,2.041875e+01,2.050961e+01,2.047468e+01,2.036980e+01,2.050262e+01,2.055850e+01,2.051660e+01,2.041875e+01,2.056548e+01,2.053755e+01,2.046769e+01,2.051660e+01,2.054453e+01,2.060736e+01,2.046769e+01,2.047468e+01,2.046070e+01,2.050961e+01,2.051660e+01,2.055152e+01,2.048865e+01,2.046070e+01,2.045371e+01,2.046769e+01,2.046769e+01,2.052358e+01,2.053755e+01,2.050262e+01,2.050262e+01,2.053755e+01,2.074685e+01,2.055850e+01,2.080259e+01,2.055152e+01,2.040477e+01,2.056548e+01,2.046769e+01,2.039078e+01,2.043973e+01,2.044672e+01,2.046070e+01,2.055850e+01,2.060736e+01,2.050262e+01,2.053755e+01,2.038379e+01,2.055152e+01,2.055850e+01,2.055152e+01,2.058643e+01,2.053755e+01,2.053057e+01,2.047468e+01,2.048166e+01,2.058643e+01,2.064225e+01,2.048166e+01,2.048166e+01,2.054453e+01,2.053755e+01,2.050961e+01,2.060039e+01,2.053755e+01,2.054453e+01,2.052358e+01,2.041875e+01,2.049564e+01,2.055152e+01,2.065621e+01,2.059340e+01,2.055152e+01,2.058643e+01,2.054453e+01,2.047468e+01,2.052358e+01,2.055850e+01,2.050262e+01,2.054453e+01,2.055850e+01,2.060736e+01,2.050262e+01,2.043973e+01,2.064923e+01,2.041875e+01,2.050262e+01,2.076775e+01,2.053755e+01,2.046769e+01,2.048166e+01,2.055850e+01,2.055152e+01,2.055850e+01,2.047468e+01,2.047468e+01,2.046769e+01,2.049564e+01,2.044672e+01,2.053755e+01,2.050262e+01,2.055850e+01,2.047468e+01,2.043274e+01,2.042575e+01,2.057944e+01,2.043973e+01,2.049564e+01,2.051660e+01,2.047468e+01,2.049564e+01,2.058643e+01,2.057944e+01,2.050961e+01,2.050262e+01,2.053755e+01,2.052358e+01,2.053057e+01,2.055850e+01,2.044672e+01,2.046070e+01,2.048865e+01,2.056548e+01,2.049564e+01,2.042575e+01,2.059340e+01,2.035581e+01,2.046769e+01,2.051660e+01,2.055850e+01,2.054453e+01,2.049564e+01,2.039778e+01,2.048865e+01,2.050961e+01,2.057246e+01,2.044672e+01,2.057944e+01,2.043973e+01,2.053755e+01,2.048865e+01,2.052358e+01,2.053057e+01,2.036280e+01,2.050961e+01,2.051660e+01,2.056548e+01,2.044672e+01,2.046070e+01,2.043973e+01,2.050961e+01,2.046070e+01,2.053057e+01,2.048166e+01,2.051660e+01,2.048166e+01,2.044672e+01,2.050262e+01,2.046070e+01,2.048865e+01,2.046070e+01,2.053057e+01,2.054453e+01,2.053057e+01,2.056548e+01,2.050961e+01,2.058643e+01,2.041875e+01,2.050961e+01,2.051660e+01,2.050961e+01,2.049564e+01,2.041875e+01,2.055152e+01,2.037679e+01,2.049564e+01,2.046769e+01,2.048865e+01,2.056548e+01,2.054453e+01,2.057944e+01,2.056548e+01,2.062830e+01,2.043973e+01,2.048865e+01,2.046769e+01,2.051660e+01,2.050262e+01,2.045371e+01,2.049564e+01,2.039078e+01,2.046070e+01,2.043274e+01,2.048865e+01,2.049564e+01,2.062830e+01,2.052358e+01,2.047468e+01,2.057944e+01,2.038379e+01,2.048865e+01,2.051660e+01,2.055850e+01,2.049564e+01,2.057944e+01,2.054453e+01
2.057944e+01,2.057246e+01,2.047468e+01,2.051660e+01,2.054453e+01,2.067016e+01,2.055850e+01,2.062132e+01,2.051660e+01,2.058643e+01,2.051660e+01,2.052358e+01,2.060736e+01,2.060039e+01,2.060736e+01,2.061434e+01,2.063528e+01,2.063528e+01,2.052358e+01,2.069108e+01,2.053755e+01,2.060039e+01,2.053057e+01,2.052358e+01,2.055850e+01,2.051660e+01,2.053755e+01,2.062132e+01,2.067713e+01,2.080955e+01,2.090006e+01,2.094876e+01,2.120579e+01,2.132366e+01,2.152443e+01,2.124740e+01,2.115721e+01,2.121272e+01,2.112944e+01,2.112250e+01,2.121272e+01,2.126127e+01,2.137216e+01,2.140678e+01,2.126127e+01,2.134445e+01,2.143448e+01,2.148984e+01,2.158665e+01,2.139293e+01,2.132366e+01,2.114333e+01,2.130980e+01,2.149676e+01,2.143448e+01,2.128207e+01,2.153134e+01,2.162121e+01,2.169718e+01,2.169028e+01,2.194544e+01,2.203494e+01,2.168337e+01,2.137216e+01,2.124047e+01,2.130980e+01,2.141371e+01,2.161430e+01,2.207622e+01,2.206246e+01,2.215186e+01,2.211749e+01,2.221370e+01,2.200741e+01,2.189032e+01,2.164193e+01,2.165575e+01,2.160739e+01,2.165575e+01,2.161430e+01,2.134445e+01,2.142063e+01,2.137216e+01,2.140678e+01,2.146908e+01,2.155209e+01,2.159356e+01,2.182139e+01,2.204870e+01,2.219309e+01,2.252237e+01,2.266609e+01,2.269345e+01,2.188343e+01,2.152443e+01,2.130980e+01,2.125434e+01,2.113638e+01,2.116415e+01,2.110166e+01,2.115027e+01,2.113638e+01,2.121272e+01,2.148292e+01,2.164193e+01,2.177310e+01,2.178000e+01,2.153134e+01,2.150368e+01,2.131673e+01,2.132366e+01,2.130287e+01,2.148292e+01,2.148292e+01,2.143448e+01,2.154517e+01,2.149676e+01,2.138601e+01,2.121272e+01,2.106693e+01,2.117803e+01,2.081652e+01,2.076079e+01,2.066318e+01,2.053755e+01,2.032082e+01,2.035581e+01,2.042575e+01,2.039078e+01,2.037679e+01,2.048166e+01,2.053057e+01,2.040477e+01,2.048166e+01,2.045371e+01,2.042575e+01,2.047468e+01,2.052358e+01,2.048865e+01,2.052358e+01,2.041875e+01,2.047468e+01,2.040477e+01,2.051660e+01,2.047468e+01,2.047468e+01,2.042575e+01,2.048865e+01,2.050961e+01,2.055850e+01,2.050961e+01,2.038379e+01,2.046769e+01,2.043973e+01,2.045371e+01,2.042575e+01,2.050262e+01,2.046769e+01,2.043973e+01,2.046070e+01,2.043973e+01,2.052358e+01,2.046070e+01,2.051660e+01,2.036280e+01,2.050961e+01,2.044672e+01,2.051660e+01,2.046769e+01,2.042575e+01,2.048865e+01,2.039778e+01,2.044672e+01,2.049564e+01,2.037679e+01,2.044672e+01,2.050961e+01,2.053057e+01,2.043274e+01,2.041176e+01,2.054453e+01,2.046070e+01,2.048865e+01,2.052358e+01,2.043274e+01,2.044672e+01,2.046769e+01,2.045371e+01,2.046769e+01,2.040477e+01,2.041176e+01,2.039078e+01,2.037679e+01,2.039778e+01,2.037679e+01,2.043274e+01,2.037679e+01,2.044672e+01,2.050262e+01,2.029282e+01,2.026481e+01,2.050262e+01,2.047468e+01,2.049564e+01,2.054453e+01,2.054453e+01,2.047468e+01,2.035581e+01,2.045371e+01,2.034181e+01,2.045371e+01,2.041875e+01,2.045371e+01,2.043973e+01,2.053057e+01,2.057246e+01,2.043973e+01,2.047468e+01,2.069805e+01,2.070502e+01,2.072594e+01,2.058643e+01,2.068410e+01,2.069805e+01,2.067016e+01,2.064923e+01,2.053755e+01,2.064225e+01,2.060736e+01,2.054453e+01,2.056548e+01,2.058643e+01,2.058643e+01,2.051660e+01,2.051660e+01,2.053057e+01,2.062830e+01,2.064225e+01,2.057246e+01,2.048166e+01,2.054453e+01,2.054453e+01,2.054453e+01,2.049564e+01,2.050961e+01,2.046769e+01,2.056548e+01,2.045371e+01,2.039078e+01,2.057246e+01,2.039078e+01,2.036980e+01,2.033481e+01,2.039778e+01,2.036980e+01,2.032782e+01,2.030682e+01,2.022278e+01,2.032782e+01,2.036280e+01,2.034181e+01,2.035581e+01,2.031382e+01,2.040477e+01,2.005451e+01,2.010362e+01,2.005451e+01,2.008257e+01,1.976638e+01,1.990703e+01,1.987892e+01,1.994919e+01,1.994216e+01,1.990000e+01,2.018775e+01,1.998431e+01,2.008257e+01,2.003345e+01,2.018775e+01,2.023680e+01,2.029282e+01,2.034881e+01,2.035581e+01,2.022979e+01,2.044672e+01,2.043274e+01,2.051660e+01,2.047468e+01,2.049564e+01,2.050262e+01,2.051660e+01,2.041176e+01,2.044672e+01,2.045371e+01,2.043973e+01,2.047468e+01,2.051660e+01,2.058643e+01,2.070502e+01,2.058643e+01,2.056548e+01,2.054453e+01,2.048865e+01,2.046070e+01,2.046769e+01,2.055152e+01,2.043274e+01,2.039778e+01,2.041875e+01,2.064225e+01,2.057944e+01,2.059340e+01,2.055850e+01,2.060039e+01,2.057246e+01,2.069805e+01,2.065621e+01,2.070502e+01,2.069805e+01,2.060736e+01,2.080955e+01,2.067016e+01,2.063528e+01,2.060039e+01,2.057944e+01,2.060039e+01,2.056548e+01,2.060039e+01,2.063528e+01,2.064225e+01,2.062132e+01,2.063528e+01,2.058643e+01,2.060736e+01,2.046769e+01,2.050262e+01,2.041176e+01,2.039778e+01,2.035581e+01,2.034881e+01,2.032782e+01,2.048865e+01,2.046070e+01,2.056548e+01,2.046769e+01,2.036980e+01,2.057246e+01,2.053755e+01,2.059340e+01,2.069805e+01,2.065621e+01,2.064923e+01,2.053057e+01,2.065621e+01,2.068410e+01,2.062132e+01,2.068410e+01,2.069108e+01,2.068410e+01,2.071897e+01,2.071897e+01,2.068410e+01,2.058643e+01,2.073988e+01,2.073291e+01,2.073291e+01,2.067713e+01,2.064225e+01,2.062132e+01,2.073988e+01,2.071897e+01,2.067016e+01,2.072594e+01,2.076775e+01,2.076079e+01,2.076775e+01,2.077472e+01,2.073988e+01,2.078866e+01,2.068410e+01,2.079562e+01,2.069805e+01,2.068410e+01,2.082348e+01,2.070502e+01,2.082348e+01,2.067016e+01,2.068410e+01,2.069108e+01,2.066318e+01,2.048166e+01,2.047468e+01,2.050961e+01,2.043973e+01,2.042575e+01,2.043973e+01,2.044672e+01,2.039078e+01,2.042575e+01,2.039778e+01,2.044672e+01,2.049564e+01,2.043274e+01,2.044672e+01,2.039778e+01,2.041875e+01,2.036980e+01,2.031382e+01,2.048166e+01,2.037679e+01,2.051660e+01,2.041176e+01,2.045371e+01,2.049564e+01,2.050262e+01,2.048865e+01,2.046769e+01,2.047468e+01,2.037679e+01,2.048865e+01,2.046769e+01,2.043973e+01,2.044672e+01,2.048166e+01,2.043274e+01,2.043274e+01,2.054453e+01,2.044672e+01,2.040477e+01,2.043973e+01,2.048166e+01,2.042575e+01,2.055152e+01,2.041875e+01,2.050961e+01,2.038379e+01,2.041875e+01,2.045371e+01,2.059340e+01,2.048166e+01,2.039078e+01,2.041875e+01,2.039078e+01,2.047468e+01,2.052358e+01,2.049564e+01,2.059340e+01,2.047468e+01,2.047468e+01,2.050262e+01,2.047468e+01,2.047468e+01,2.046769e+01,2.046070e+01,2.045371e+01,2.053057e+01,2.043274e+01,2.044672e+01,2.042575e+01,2.047468e+01,2.046070e+01,2.048865e+01,2.050262e+01,2.050262e+01,2.049564e+01,2.053755e+01,2.048865e+01,2.051660e+01,2.069108e+01,2.053755e+01,2.055152e+01,2.053057e+01,2.052358e+01,2.060736e+01,2.055152e+01,2.058643e+01,2.053755e+01,2.044672e+01,2.044672e+01,2.042575e+01,2.048166e+01,2.054453e+01,2.044672e+01,2.050961e+01,2.054453e+01,2.051660e+01,2.047468e+01,2.051660e+01,2.048865e+01,2.048166e+01,2.062132e+01,2.054453e+01,2.043274e+01,2.053755e+01,2.049564e+01,2.051660e+01,2.049564e+01,2.062132e+01,2.045371e+01,2.041875e+01,2.053057e+01,2.043274e+01,2.048865e+01,2.036280e+01,2.045371e+01,2.060736e+01,2.055152e+01,2.047468e+01,2.062830e+01,2.053057e+01,2.050262e+01,2.041875e+01,2.048865e+01,2.046769e+01,2.046769e+01,2.045371e+01,2.043274e+01,2.043274e+01,2.043973e+01,2.060736e+01,2.039778e+01,2.049564e+01,2.047468e+01,2.047468e+01,2.050262e+01,2.048166e+01,2.043274e+01,2.058643e+01,2.061434e+01,2.028582e+01,2.058643e+01,2.056548e+01,2.048166e+01,2.050262e+01,2.048166e+01,2.054453e+01,2.054453e+01,2.043973e+01,2.053057e+01,2.043274e+01,2.043274e+01,2.052358e+01,2.057944e+01,2.048865e+01,2.049564e+01,2.036280e+01,2.057246e+01,2.048166e+01,2.045371e+01,2.049564e+01,2.048865e+01,2.048865e+01,2.054453e+01,2.049564e+01,2.053057e+01,2.060736e+01,2.060039e+01,2.060736e+01,2.060736e+01,2.061434e+01,2.038379e+01,2.043973e+01,2.053755e+01,2.052358e+01,2.046769e+01,2.044672e+01,2.053057e+01,2.050961e+01,2.050961e+01,2.057944e+01,2.047468e+01,2.043274e+01,2.060736e+01,2.057246e+01,2.043973e+01,2.053755e+01,2.046769e+01,2.028582e+01,2.054453e+01,2.050262e+01,2.048865e+01,2.042575e+01,2.046769e+01,2.071897e+01,2.043274e+01,2.053057e+01,2.047468e+01,2.050262e+01,2.041176e+01,2.049564e+01,2.037679e+01,2.052358e+01,2.049564e+01,2.042575e+01,2.036280e+01,2.041875e+01,2.043973e+01,2.042575e+01,2.039078e+01,2.055152e+01,2.037679e+01,2.052358e+01,2.045371e+01,2.040477e+01,2.039778e+01,2.056548e+01,2.044672e+01,2.041875e+01,2.048166e+01,2.046070e+01,2.031382e+01,2.034181e+01,2.042575e+01,2.054453e+01,2.032782e+01,2.057246e+01,2.046769e+01,2.055152e+01,2.050961e+01,2.045371e+01,2.042575e+01,2.049564e+01,2.045371e+01,2.043274e+01,2.053057e+01,2.055152e+01,2.037679e+01,2.050961e+01,2.049564e+01,2.052358e+01,2.029982e+01,2.057944e+01,2.043973e+01,2.047468e+01,2.044672e+01,2.047468e+01,2.054453e+01,2.048865e+01,2.061434e+01,2.046769e+01
2.055152e+01,2.057944e+01,2.057246e+01,2.053755e+01,2.055850e+01,2.057246e+01,2.062132e+01,2.053755e+01,2.053755e+01,2.061434e+01,2.062132e+01,2.059340e+01,2.056548e+01,2.065621e+01,2.065621e+01,2.069805e+01,2.067713e+01,2.067016e+01,2.065621e+01,2.055850e+01,2.060736e+01,2.061434e+01,2.055152e+01,2.066318e+01,2.052358e+01,2.055152e+01,2.061434e+01,2.065621e+01,2.076079e+01,2.084437e+01,2.099744e+01,2.090702e+01,2.116415e+01,2.115721e+01,2.120579e+01,2.135138e+01,2.126127e+01,2.116415e+01,2.116415e+01,2.130980e+01,2.125434e+01,2.123353e+01,2.136523e+01,2.136523e+01,2.112944e+01,2.117803e+01,2.122660e+01,2.137216e+01,2.142063e+01,2.121272e+01,2.139986e+01,2.140678e+01,2.153134e+01,2.133752e+01,2.144140e+01,2.162812e+01,2.169718e+01,2.169718e+01,2.171790e+01,2.192477e+01,2.189721e+01,2.206246e+01,2.169718e+01,2.169718e+01,2.138601e+01,2.153134e+01,2.143448e+01,2.181449e+01,2.210373e+01,2.217935e+01,2.216561e+01,2.225491e+01,2.211061e+01,2.187654e+01,2.196610e+01,2.175930e+01,2.164884e+01,2.164193e+01,2.174550e+01,2.166265e+01,2.145524e+01,2.130980e+01,2.135830e+01,2.134445e+01,2.143448e+01,2.155900e+01,2.155900e+01,2.169028e+01,2.191788e+01,2.218622e+01,2.215873e+01,2.250182e+01,2.256345e+01,2.232356e+01,2.185586e+01,2.175930e+01,2.175930e+01,2.157283e+01,2.133752e+01,2.131673e+01,2.110861e+01,2.112250e+01,2.130287e+01,2.137216e+01,2.151059e+01,2.176620e+01,2.151751e+01,2.166956e+01,2.151751e+01,2.159356e+01,2.138601e+01,2.135830e+01,2.157283e+01,2.155209e+01,2.126127e+01,2.124047e+01,2.117803e+01,2.121966e+01,2.121966e+01,2.092093e+01,2.093485e+01,2.088614e+01,2.068410e+01,2.058643e+01,2.038379e+01,2.041176e+01,2.050262e+01,2.048166e+01,2.040477e+01,2.043973e+01,2.051660e+01,2.037679e+01,2.050262e+01,2.050961e+01,2.046070e+01,2.045371e+01,2.048166e+01,2.053057e+01,2.057246e+01,2.049564e+01,2.050961e+01,2.051660e+01,2.048865e+01,2.053057e+01,2.052358e+01,2.041875e+01,2.047468e+01,2.043274e+01,2.055850e+01,2.040477e+01,2.053755e+01,2.049564e+01,2.040477e+01,2.045371e+01,2.048166e+01,2.054453e+01,2.043274e+01,2.048166e+01,2.058643e+01,2.048865e+01,2.044672e+01,2.049564e+01,2.034881e+01,2.050961e+01,2.041176e+01,2.050262e+01,2.053755e+01,2.048166e+01,2.058643e+01,2.053057e+01,2.043274e+01,2.045371e+01,2.040477e+01,2.036980e+01,2.036980e+01,2.046769e+01,2.034881e+01,2.047468e+01,2.046769e+01,2.047468e+01,2.043973e+01,2.046769e+01,2.046070e+01,2.033481e+01,2.054453e+01,2.042575e+01,2.046769e+01,2.041176e+01,2.052358e+01,2.040477e+01,2.050961e+01,2.046070e+01,2.039778e+01,2.046769e+01,2.040477e+01,2.041176e+01,2.047468e+01,2.048166e+01,2.045371e+01,2.043274e+01,2.049564e+01,2.053755e+01,2.050961e+01,2.048865e+01,2.062830e+01,2.047468e+01,2.055152e+01,2.044672e+01,2.046070e+01,2.045371e+01,2.050961e+01,2.030682e+01,2.048166e+01,2.037679e+01,2.052358e+01,2.048865e+01,2.037679e+01,2.065621e+01,2.061434e+01,2.068410e+01,2.072594e+01,2.059340e+01,2.067713e+01,2.069108e+01,2.073291e+01,2.072594e+01,2.075382e+01,2.064225e+01,2.057246e+01,2.063528e+01,2.057944e+01,2.055850e+01,2.058643e+01,2.051660e+01,2.052358e+01,2.062830e+01,2.060039e+01,2.056548e+01,2.050961e+01,2.050262e+01,2.052358e+01,2.049564e+01,2.054453e+01,2.052358e+01,2.048865e+01,2.054453e+01,2.041176e+01,2.044672e+01,2.041176e+01,2.038379e+01,2.040477e+01,2.034181e+01,2.036980e+01,2.041875e+01,2.043973e+01,2.038379e+01,2.036980e+01,2.037679e+01,2.033481e+01,2.029982e+01,2.036980e+01,2.032782e+01,2.034881e+01,2.015270e+01,2.010362e+01,2.028582e+01,2.007556e+01,2.011764e+01,2.003345e+01,2.003345e+01,1.988594e+01,1.988594e+01,1.990000e+01,1.986485e+01,1.998431e+01,1.992811e+01,1.994216e+01,2.018074e+01,2.020177e+01,2.039078e+01,2.025080e+01,2.039778e+01,2.037679e+01,2.026481e+01,2.039078e+01,2.044672e+01,2.049564e+01,2.050262e+01,2.048166e+01,2.047468e+01,2.049564e+01,2.041875e+01,2.049564e+01,2.053755e+01,2.048166e+01,2.057944e+01,2.049564e+01,2.044672e+01,2.055850e+01,2.056548e+01,2.056548e+01,2.055850e+01,2.046070e+01,2.028582e+01,2.052358e+01,2.056548e+01,2.044672e+01,2.050262e+01,2.050961e+01,2.056548e+01,2.045371e+01,2.048166e+01,2.062132e+01,2.060039e+01,2.067016e+01,2.059340e+01,2.067713e+01,2.064923e+01,2.071897e+01,2.069108e+01,2.071897e+01,2.062132e+01,2.074685e+01,2.057246e+01,2.077472e+01,2.060736e+01,2.073291e+01,2.059340e+01,2.053057e+01,2.060039e+01,2.058643e+01,2.067016e+01,2.056548e+01,2.059340e+01,2.062132e+01,2.051660e+01,2.048865e+01,2.048865e+01,2.048865e+01,2.055850e+01,2.032082e+01,2.055850e+01,2.054453e+01,2.053057e+01,2.044672e+01,2.057944e+01,2.057944e+01,2.057246e+01,2.056548e+01,2.055850e+01,2.064225e+01,2.064923e+01,2.067016e+01,2.064923e+01,2.067713e+01,2.064923e+01,2.068410e+01,2.076775e+01,2.076079e+01,2.065621e+01,2.071200e+01,2.067016e+01,2.059340e+01,2.060039e+01,2.062830e+01,2.071200e+01,2.060736e+01,2.067713e+01,2.063528e+01,2.071200e+01,2.061434e+01,2.073291e+01,2.069108e+01,2.064225e+01,2.080955e+01,2.080259e+01,2.069108e+01,2.065621e+01,2.068410e+01,2.073988e+01,2.068410e+01,2.067016e+01,2.078866e+01,2.085134e+01,2.071897e+01,2.068410e+01,2.073291e+01,2.069108e+01,2.064923e+01,2.067713e+01,2.047468e+01,2.051660e+01,2.041875e+01,2.053755e+01,2.050961e+01,2.046070e+01,2.041176e+01,2.048166e+01,2.053057e+01,2.039078e+01,2.046070e+01,2.036280e+01,2.042575e+01,2.043973e+01,2.043973e+01,2.034181e+01,2.037679e+01,2.036980e+01,2.041176e+01,2.050262e+01,2.048865e+01,2.050262e+01,2.041176e+01,2.039778e+01,2.050262e+01,2.050961e+01,2.053755e+01,2.053057e+01,2.046070e+01,2.055152e+01,2.048865e+01,2.043274e+01,2.046769e+01,2.046769e+01,2.045371e+01,2.045371e+01,2.052358e+01,2.043274e+01,2.051660e+01,2.050262e+01,2.043973e+01,2.050262e+01,2.046769e+01,2.055850e+01,2.051660e+01,2.042575e+01,2.041176e+01,2.043973e+01,2.051660e+01,2.060039e+01,2.039078e+01,2.046070e+01,2.044672e+01,2.054453e+01,2.043274e+01,2.046070e+01,2.052358e+01,2.050961e+01,2.055850e+01,2.058643e+01,2.057246e+01,2.059340e+01,2.048166e+01,2.047468e+01,2.046769e+01,2.048166e+01,2.046070e+01,2.043973e+01,2.045371e+01,2.053755e+01,2.075382e+01,2.042575e+01,2.053755e+01,2.053755e+01,2.046070e+01,2.051660e+01,2.057944e+01,2.050262e+01,2.053755e+01,2.054453e+01,2.048166e+01,2.044672e+01,2.059340e+01,2.053755e+01,2.058643e+01,2.038379e+01,2.055152e+01,2.053755e+01,2.054453e+01,2.051660e+01,2.050961e+01,2.054453e+01,2.051660e+01,2.050262e+01,2.048166e+01,2.050961e+01,2.039078e+01,2.051660e+01,2.050961e+01,2.049564e+01,2.055850e+01,2.039778e+01,2.039078e+01,2.042575e+01,2.048166e+01,2.050961e+01,2.062132e+01,2.049564e+01,2.058643e+01,2.060039e+01,2.050961e+01,2.043973e+01,2.053755e+01,2.061434e+01,2.056548e+01,2.048166e+01,2.061434e+01,2.048865e+01,2.046769e+01,2.049564e+01,2.053755e+01,2.048865e+01,2.055152e+01,2.048166e+01,2.056548e+01,2.057944e+01,2.050262e+01,2.048166e+01,2.060039e+01,2.048166e+01,2.050961e+01,2.066318e+01,2.069108e+01,2.045371e+01,2.037679e+01,2.053057e+01,2.060736e+01,2.059340e+01,2.049564e+01,2.050961e+01,2.060039e+01,2.055850e+01,2.057246e+01,2.045371e+01,2.046769e+01,2.048865e+01,2.046070e+01,2.053755e+01,2.049564e+01,2.043274e+01,2.046769e+01,2.051660e+01,2.045371e+01,2.048865e+01,2.052358e+01,2.057246e+01,2.056548e+01,2.048865e+01,2.056548e+01,2.045371e+01,2.055152e+01,2.056548e+01,2.055850e+01,2.055850e+01,2.051660e+01,2.051660e+01,2.044672e+01,2.043274e+01,2.055850e+01,2.050961e+01,2.049564e+01,2.052358e+01,2.057246e+01,2.043274e+01,2.041176e+01,2.042575e+01,2.053755e+01,2.044672e+01,2.050262e+01,2.029982e+01,2.053057e+01,2.054453e+01,2.047468e+01,2.050262e+01,2.047468e+01,2.051660e+01,2.053755e+01,2.056548e+01,2.046070e+01,2.061434e+01,2.050961e+01,2.050262e+01,2.070502e+01,2.052358e+01,2.050262e+01,2.043973e+01,2.056548e+01,2.046769e+01,2.040477e+01,2.048865e+01,2.047468e+01,2.048865e+01,2.045371e+01,2.043274e+01,2.046769e+01,2.054453e+01,2.043973e+01,2.052358e+01,2.039778e+01,2.035581e+01,2.062132e+01,2.051660e+01,2.047468e+01,2.041176e+01,2.046769e+01,2.043973e+01,2.053755e+01,2.051660e+01,2.049564e+01,2.046769e+01,2.039078e+01,2.055152e+01,2.047468e+01,2.051660e+01,2.053755e+01,2.048865e+01,2.048166e+01,2.049564e+01,2.049564e+01,2.042575e+01,2.046070e+01,2.051660e+01,2.046769e+01,2.041176e+01,2.043973e+01,2.053755e+01,2.046769e+01,2.055152e+01,2.043274e+01,2.030682e+01,2.051660e+01,2.041176e+01,2.050961e+01,2.047468e+01,2.044672e+01,2.042575e+01,2.056548e+01,2.055850e+01,2.050961e+01,2.057944e+01
2.060039e+01,2.057944e+01,2.051660e+01,2.060039e+01,2.076775e+01,2.062132e+01,2.050961e+01,2.055152e+01,2.059340e+01,2.057246e+01,2.056548e+01,2.054453e+01,2.053057e+01,2.053755e+01,2.064225e+01,2.072594e+01,2.062132e+01,2.062132e+01,2.049564e+01,2.052358e+01,2.046070e+01,2.049564e+01,2.051660e+01,2.056548e+01,2.067016e+01,2.059340e+01,2.062830e+01,2.061434e+01,2.064923e+01,2.087918e+01,2.096267e+01,2.111555e+01,2.130980e+01,2.133059e+01,2.120579e+01,2.123353e+01,2.130980e+01,2.112250e+01,2.112944e+01,2.114333e+01,2.122660e+01,2.125434e+01,2.135830e+01,2.121966e+01,2.112250e+01,2.108777e+01,2.130980e+01,2.140678e+01,2.152443e+01,2.136523e+01,2.133059e+01,2.148292e+01,2.133752e+01,2.130287e+01,2.135830e+01,2.159356e+01,2.151751e+01,2.162812e+01,2.155900e+01,2.147600e+01,2.141371e+01,2.174550e+01,2.168337e+01,2.169718e+01,2.153826e+01,2.141371e+01,2.151751e+01,2.180070e+01,2.211061e+01,2.209686e+01,2.235100e+01,2.212436e+01,2.180759e+01,2.151751e+01,2.157974e+01,2.143448e+01,2.161430e+01,2.162812e+01,2.164884e+01,2.160739e+01,2.150368e+01,2.136523e+01,2.135830e+01,2.141371e+01,2.159356e+01,2.154517e+01,2.155900e+01,2.168337e+01,2.179380e+01,2.193166e+01,2.214499e+01,2.224804e+01,2.235100e+01,2.205558e+01,2.193855e+01,2.189032e+01,2.184207e+01,2.169718e+01,2.158665e+01,2.130980e+01,2.119885e+01,2.112250e+01,2.118497e+01,2.150368e+01,2.149676e+01,2.150368e+01,2.154517e+01,2.146216e+01,2.146216e+01,2.169028e+01,2.163503e+01,2.139293e+01,2.150368e+01,2.137216e+01,2.110166e+01,2.108777e+01,2.104609e+01,2.107388e+01,2.106693e+01,2.090006e+01,2.088614e+01,2.069805e+01,2.077472e+01,2.073291e+01,2.039778e+01,2.039778e+01,2.055152e+01,2.053057e+01,2.043973e+01,2.037679e+01,2.046769e+01,2.046769e+01,2.053755e+01,2.040477e+01,2.042575e+01,2.051660e+01,2.047468e+01,2.036980e+01,2.040477e+01,2.057944e+01,2.041875e+01,2.049564e+01,2.059340e+01,2.056548e+01,2.045371e+01,2.057944e+01,2.059340e+01,2.042575e+01,2.055850e+01,2.039078e+01,2.041176e+01,2.049564e+01,2.045371e+01,2.041176e+01,2.047468e+01,2.050961e+01,2.064225e+01,2.045371e+01,2.041875e+01,2.052358e+01,2.052358e+01,2.049564e+01,2.051660e+01,2.048865e+01,2.048865e+01,2.051660e+01,2.051660e+01,2.057944e+01,2.044672e+01,2.049564e+01,2.045371e+01,2.045371e+01,2.037679e+01,2.053057e+01,2.042575e+01,2.045371e+01,2.050262e+01,2.050262e+01,2.049564e+01,2.053057e+01,2.054453e+01,2.043973e+01,2.043973e+01,2.044672e+01,2.050262e+01,2.050262e+01,2.045371e+01,2.037679e+01,2.043973e+01,2.046769e+01,2.042575e+01,2.036280e+01,2.049564e+01,2.041176e+01,2.048865e+01,2.048865e+01,2.048865e+01,2.048166e+01,2.045371e+01,2.055152e+01,2.045371e+01,2.046070e+01,2.043274e+01,2.039078e+01,2.054453e+01,2.058643e+01,2.045371e+01,2.048166e+01,2.043274e+01,2.044672e+01,2.041176e+01,2.050961e+01,2.043973e+01,2.039778e+01,2.042575e+01,2.043274e+01,2.051660e+01,2.055850e+01,2.054453e+01,2.065621e+01,2.062830e+01,2.062830e+01,2.070502e+01,2.068410e+01,2.075382e+01,2.072594e+01,2.067713e+01,2.065621e+01,2.060039e+01,2.060736e+01,2.056548e+01,2.058643e+01,2.059340e+01,2.057944e+01,2.051660e+01,2.050262e+01,2.060736e+01,2.053755e+01,2.059340e+01,2.046769e+01,2.049564e+01,2.052358e+01,2.049564e+01,2.050961e+01,2.024380e+01,2.043274e+01,2.053755e+01,2.047468e+01,2.055850e+01,2.036280e+01,2.039078e+01,2.043973e+01,2.039078e+01,2.035581e+01,2.032082e+01,2.035581e+01,2.036980e+01,2.035581e+01,2.027181e+01,2.033481e+01,2.031382e+01,2.034181e+01,2.034881e+01,2.032782e+01,2.034881e+01,2.033481e+01,2.031382e+01,2.025080e+01,2.024380e+01,2.018074e+01,2.001941e+01,1.987189e+01,1.989297e+01,1.987189e+01,1.989297e+01,1.992811e+01,2.015270e+01,2.006152e+01,2.019476e+01,2.032082e+01,2.034181e+01,2.036980e+01,2.038379e+01,2.036980e+01,2.036980e+01,2.034881e+01,2.052358e+01,2.050262e+01,2.050262e+01,2.050262e+01,2.053057e+01,2.053057e+01,2.055152e+01,2.047468e+01,2.053057e+01,2.048865e+01,2.048166e+01,2.046070e+01,2.062830e+01,2.055152e+01,2.050262e+01,2.048166e+01,2.051660e+01,2.045371e+01,2.037679e+01,2.048865e+01,2.048166e+01,2.055152e+01,2.052358e+01,2.058643e+01,2.053755e+01,2.058643e+01,2.057246e+01,2.060736e+01,2.073291e+01,2.056548e+01,2.065621e+01,2.067713e+01,2.064225e+01,2.063528e+01,2.067016e+01,2.060039e+01,2.073291e+01,2.074685e+01,2.056548e+01,2.066318e+01,2.060736e+01,2.064923e+01,2.064225e+01,2.050262e+01,2.057944e+01,2.065621e+01,2.059340e+01,2.047468e+01,2.061434e+01,2.049564e+01,2.044672e+01,2.038379e+01,2.039078e+01,2.054453e+01,2.052358e+01,2.057246e+01,2.059340e+01,2.057944e+01,2.060736e+01,2.057944e+01,2.058643e+01,2.071200e+01,2.054453e+01,2.070502e+01,2.072594e+01,2.064923e+01,2.055850e+01,2.066318e+01,2.068410e+01,2.069108e+01,2.070502e+01,2.070502e+01,2.074685e+01,2.067713e+01,2.067713e+01,2.092789e+01,2.067016e+01,2.073988e+01,2.076775e+01,2.071200e+01,2.064225e+01,2.069108e+01,2.064923e+01,2.069805e+01,2.067713e+01,2.072594e+01,2.069805e+01,2.076079e+01,2.071200e+01,2.069108e+01,2.080955e+01,2.078169e+01,2.076775e+01,2.069805e+01,2.068410e+01,2.073988e+01,2.071200e+01,2.067016e+01,2.084437e+01,2.075382e+01,2.080259e+01,2.071897e+01,2.073988e+01,2.068410e+01,2.064225e+01,2.066318e+01,2.040477e+01,2.037679e+01,2.043274e+01,2.036980e+01,2.039778e+01,2.046070e+01,2.041875e+01,2.042575e+01,2.045371e+01,2.043274e+01,2.046070e+01,2.044672e+01,2.044672e+01,2.048166e+01,2.041875e+01,2.046769e+01,2.054453e+01,2.051660e+01,2.046070e+01,2.039078e+01,2.050961e+01,2.051660e+01,2.048166e+01,2.050262e+01,2.057246e+01,2.046769e+01,2.052358e+01,2.033481e+01,2.040477e+01,2.042575e+01,2.037679e+01,2.048166e+01,2.035581e+01,2.042575e+01,2.057944e+01,2.041176e+01,2.046769e+01,2.046769e+01,2.049564e+01,2.051660e+01,2.048865e+01,2.046769e+01,2.040477e+01,2.057944e+01,2.060039e+01,2.039078e+01,2.039078e+01,2.049564e+01,2.053755e+01,2.057246e+01,2.052358e+01,2.050961e+01,2.049564e+01,2.046769e+01,2.055152e+01,2.053057e+01,2.053057e+01,2.059340e+01,2.061434e+01,2.056548e+01,2.047468e+01,2.047468e+01,2.041875e+01,2.055152e+01,2.048166e+01,2.042575e+01,2.044672e+01,2.051660e+01,2.052358e+01,2.050262e+01,2.053755e+01,2.052358e+01,2.046070e+01,2.054453e+01,2.052358e+01,2.053755e+01,2.052358e+01,2.050961e+01,2.058643e+01,2.057246e+01,2.055152e+01,2.056548e+01,2.057246e+01,2.050262e+01,2.050961e+01,2.050961e+01,2.056548e+01,2.060736e+01,2.058643e+01,2.054453e+01,2.048865e+01,2.048865e+01,2.052358e+01,2.060736e+01,2.050961e+01,2.047468e+01,2.054453e+01,2.045371e+01,2.055152e+01,2.050961e+01,2.056548e+01,2.046769e+01,2.043274e+01,2.053057e+01,2.061434e+01,2.050961e+01,2.064923e+01,2.057246e+01,2.040477e+01,2.046070e+01,2.050961e+01,2.039778e+01,2.032082e+01,2.055152e+01,2.046070e+01,2.050262e+01,2.049564e+01,2.068410e+01,2.056548e+01,2.057246e+01,2.057246e+01,2.047468e+01,2.046769e+01,2.055850e+01,2.060039e+01,2.055152e+01,2.059340e+01,2.050262e+01,2.046769e+01,2.046769e+01,2.048166e+01,2.048166e+01,2.050262e+01,2.035581e+01,2.056548e+01,2.049564e+01,2.055152e+01,2.048865e+01,2.053057e+01,2.057944e+01,2.057944e+01,2.054453e+01,2.053755e+01,2.043973e+01,2.048865e+01,2.043274e+01,2.036280e+01,2.041176e+01,2.050961e+01,2.042575e+01,2.044672e+01,2.055850e+01,2.051660e+01,2.057246e+01,2.050961e+01,2.053057e+01,2.048166e+01,2.050262e+01,2.053755e+01,2.055152e+01,2.053057e+01,2.058643e+01,2.061434e+01,2.053057e+01,2.041176e+01,2.038379e+01,2.052358e+01,2.053057e+01,2.043973e+01,2.048166e+01,2.055850e+01,2.046070e+01,2.037679e+01,2.041176e+01,2.046769e+01,2.044672e+01,2.047468e+01,2.048865e+01,2.048166e+01,2.033481e+01,2.064225e+01,2.056548e+01,2.052358e+01,2.048865e+01,2.049564e+01,2.048865e+01,2.057944e+01,2.044672e+01,2.052358e+01,2.055850e+01,2.046769e+01,2.050961e+01,2.045371e+01,2.051660e+01,2.038379e+01,2.055850e+01,2.048166e+01,2.049564e+01,2.047468e+01,2.050262e+01,2.046769e+01,2.057944e+01,2.041875e+01,2.043274e+01,2.042575e+01,2.044672e+01,2.039778e+01,2.052358e+01,2.064923e+01,2.051660e+01,2.046070e+01,2.047468e+01,2.053755e+01,2.065621e+01,2.030682e+01,2.057246e+01,2.057944e+01,2.050262e+01,2.036280e+01,2.042575e+01,2.053755e+01,2.067016e+01,2.056548e+01,2.048865e+01,2.048865e+01,2.060736e+01,2.059340e+01,2.048865e+01,2.052358e+01,2.043973e+01,2.056548e+01,2.056548e+01,2.055850e+01,2.051660e+01,2.041176e+01,2.052358e+01,2.051660e+01,2.052358e+01,2.057944e+01,2.043973e+01,2.034181e+01,2.046070e+01,2.046769e+01,2.048865e+01,2.050262e+01,2.055152e+01,2.053755e+01,2.051660e+01
2.065621e+01,2.054453e+01,2.029982e+01,2.055152e+01,2.065621e+01,2.048166e+01,2.053057e+01,2.046769e+01,2.061434e+01,2.045371e+01,2.053755e+01,2.070502e+01,2.064225e+01,2.072594e+01,2.067713e+01,2.062132e+01,2.062132e+01,2.063528e+01,2.057246e+01,2.057944e+01,2.061434e+01,2.060039e+01,2.052358e+01,2.062132e+01,2.068410e+01,2.062830e+01,2.062830e+01,2.064923e+01,2.077472e+01,2.085134e+01,2.109472e+01,2.124740e+01,2.135138e+01,2.120579e+01,2.132366e+01,2.137216e+01,2.152443e+01,2.137908e+01,2.146908e+01,2.125434e+01,2.115027e+01,2.112944e+01,2.110861e+01,2.073291e+01,2.118497e+01,2.105999e+01,2.124740e+01,2.135830e+01,2.144140e+01,2.140678e+01,2.145524e+01,2.137216e+01,2.131673e+01,2.142063e+01,2.138601e+01,2.146216e+01,2.150368e+01,2.146216e+01,2.126127e+01,2.126127e+01,2.144832e+01,2.146216e+01,2.150368e+01,2.155900e+01,2.155209e+01,2.174550e+01,2.153134e+01,2.154517e+01,2.171099e+01,2.202118e+01,2.196610e+01,2.192477e+01,2.169718e+01,2.155900e+01,2.146908e+01,2.138601e+01,2.151751e+01,2.174550e+01,2.148292e+01,2.178000e+01,2.175240e+01,2.134445e+01,2.144832e+01,2.160048e+01,2.169718e+01,2.158665e+01,2.164884e+01,2.160739e+01,2.157974e+01,2.190411e+01,2.210373e+01,2.211061e+01,2.215186e+01,2.188343e+01,2.177310e+01,2.188343e+01,2.186275e+01,2.185586e+01,2.162121e+01,2.132366e+01,2.125434e+01,2.124047e+01,2.121272e+01,2.132366e+01,2.150368e+01,2.153134e+01,2.157283e+01,2.151059e+01,2.134445e+01,2.150368e+01,2.155209e+01,2.166956e+01,2.132366e+01,2.131673e+01,2.091398e+01,2.087918e+01,2.081652e+01,2.083045e+01,2.080259e+01,2.084437e+01,2.073988e+01,2.077472e+01,2.073988e+01,2.071200e+01,2.050262e+01,2.053057e+01,2.039078e+01,2.041875e+01,2.047468e+01,2.055850e+01,2.038379e+01,2.043274e+01,2.043973e+01,2.051660e+01,2.031382e+01,2.043973e+01,2.041875e+01,2.035581e+01,2.057246e+01,2.048865e+01,2.043973e+01,2.035581e+01,2.055850e+01,2.038379e+01,2.056548e+01,2.055850e+01,2.043973e+01,2.042575e+01,2.058643e+01,2.049564e+01,2.047468e+01,2.043274e+01,2.044672e+01,2.050262e+01,2.044672e+01,2.048166e+01,2.046769e+01,2.039778e+01,2.034881e+01,2.041875e+01,2.041176e+01,2.051660e+01,2.048865e+01,2.047468e+01,2.052358e+01,2.049564e+01,2.053755e+01,2.041875e+01,2.043973e+01,2.043973e+01,2.041176e+01,2.043274e+01,2.043973e+01,2.037679e+01,2.036980e+01,2.045371e+01,2.056548e+01,2.041875e+01,2.048166e+01,2.047468e+01,2.041176e+01,2.043973e+01,2.045371e+01,2.046769e+01,2.048865e+01,2.045371e+01,2.048865e+01,2.041176e+01,2.050961e+01,2.049564e+01,2.033481e+01,2.039078e+01,2.037679e+01,2.046070e+01,2.041875e+01,2.035581e+01,2.043274e+01,2.046070e+01,2.048166e+01,2.034181e+01,2.046769e+01,2.045371e+01,2.048166e+01,2.047468e+01,2.046070e+01,2.046070e+01,2.050961e+01,2.045371e+01,2.051660e+01,2.046769e+01,2.047468e+01,2.036980e+01,2.047468e+01,2.047468e+01,2.046769e+01,2.053057e+01,2.039778e+01,2.039778e+01,2.048166e+01,2.068410e+01,2.078169e+01,2.053755e+01,2.069805e+01,2.060736e+01,2.072594e+01,2.078866e+01,2.072594e+01,2.053755e+01,2.062132e+01,2.072594e+01,2.059340e+01,2.059340e+01,2.058643e+01,2.051660e+01,2.052358e+01,2.048166e+01,2.046769e+01,2.057944e+01,2.050262e+01,2.046070e+01,2.051660e+01,2.046070e+01,2.053057e+01,2.049564e+01,2.048166e+01,2.051660e+01,2.042575e+01,2.039078e+01,2.041875e+01,2.044672e+01,2.044672e+01,2.041875e+01,2.032782e+01,2.032782e+01,2.049564e+01,2.040477e+01,2.034181e+01,2.032082e+01,2.031382e+01,2.032082e+01,2.032782e+01,2.032082e+01,2.031382e+01,2.033481e+01,2.048865e+01,2.031382e+01,2.030682e+01,2.035581e+01,2.028582e+01,2.031382e+01,2.001941e+01,2.001239e+01,1.998431e+01,1.990000e+01,2.001941e+01,2.007556e+01,2.014569e+01,2.016672e+01,2.019476e+01,2.036280e+01,2.020877e+01,2.025080e+01,2.024380e+01,2.029282e+01,2.035581e+01,2.043973e+01,2.054453e+01,2.049564e+01,2.052358e+01,2.047468e+01,2.052358e+01,2.058643e+01,2.045371e+01,2.045371e+01,2.057246e+01,2.049564e+01,2.042575e+01,2.050262e+01,2.047468e+01,2.040477e+01,2.046769e+01,2.050961e+01,2.053755e+01,2.043274e+01,2.053755e+01,2.049564e+01,2.052358e+01,2.050262e+01,2.053057e+01,2.043973e+01,2.057246e+01,2.059340e+01,2.062132e+01,2.054453e+01,2.064225e+01,2.060736e+01,2.068410e+01,2.064225e+01,2.067713e+01,2.066318e+01,2.067016e+01,2.059340e+01,2.062132e+01,2.067016e+01,2.069108e+01,2.062830e+01,2.064225e+01,2.062132e+01,2.062132e+01,2.062830e+01,2.046070e+01,2.064225e+01,2.057246e+01,2.064225e+01,2.046769e+01,2.054453e+01,2.042575e+01,2.041176e+01,2.050262e+01,2.050262e+01,2.047468e+01,2.058643e+01,2.059340e+01,2.062830e+01,2.060736e+01,2.061434e+01,2.062830e+01,2.060039e+01,2.063528e+01,2.056548e+01,2.060039e+01,2.062132e+01,2.067016e+01,2.066318e+01,2.085134e+01,2.066318e+01,2.062830e+01,2.067016e+01,2.064225e+01,2.078866e+01,2.064923e+01,2.072594e+01,2.068410e+01,2.065621e+01,2.069108e+01,2.064225e+01,2.067713e+01,2.062132e+01,2.067016e+01,2.069108e+01,2.071200e+01,2.066318e+01,2.080955e+01,2.067016e+01,2.074685e+01,2.072594e+01,2.085830e+01,2.078169e+01,2.071200e+01,2.075382e+01,2.067713e+01,2.069108e+01,2.076079e+01,2.085830e+01,2.071897e+01,2.083741e+01,2.084437e+01,2.083045e+01,2.066318e+01,2.065621e+01,2.054453e+01,2.048865e+01,2.060039e+01,2.036980e+01,2.038379e+01,2.038379e+01,2.050262e+01,2.043274e+01,2.052358e+01,2.043274e+01,2.047468e+01,2.051660e+01,2.044672e+01,2.043274e+01,2.032782e+01,2.047468e+01,2.041176e+01,2.037679e+01,2.055850e+01,2.053755e+01,2.041176e+01,2.041875e+01,2.048166e+01,2.043274e+01,2.064923e+01,2.049564e+01,2.046070e+01,2.043973e+01,2.046769e+01,2.026481e+01,2.048865e+01,2.038379e+01,2.045371e+01,2.050262e+01,2.050262e+01,2.048166e+01,2.043274e+01,2.040477e+01,2.029282e+01,2.047468e+01,2.047468e+01,2.047468e+01,2.038379e+01,2.050262e+01,2.043274e+01,2.042575e+01,2.051660e+01,2.054453e+01,2.057944e+01,2.051660e+01,2.042575e+01,2.044672e+01,2.044672e+01,2.054453e+01,2.052358e+01,2.048166e+01,2.043274e+01,2.046070e+01,2.046070e+01,2.050262e+01,2.050961e+01,2.044672e+01,2.058643e+01,2.047468e+01,2.047468e+01,2.048166e+01,2.046070e+01,2.046070e+01,2.046070e+01,2.044672e+01,2.053755e+01,2.054453e+01,2.057944e+01,2.050262e+01,2.048865e+01,2.050262e+01,2.050961e+01,2.057246e+01,2.050961e+01,2.053057e+01,2.056548e+01,2.043274e+01,2.053057e+01,2.057246e+01,2.042575e+01,2.049564e+01,2.055850e+01,2.056548e+01,2.054453e+01,2.055850e+01,2.049564e+01,2.057246e+01,2.051660e+01,2.048865e+01,2.053755e+01,2.043274e+01,2.045371e+01,2.050961e+01,2.050262e+01,2.049564e+01,2.048865e+01,2.042575e+01,2.046769e+01,2.058643e+01,2.050961e+01,2.048166e+01,2.048166e+01,2.048865e+01,2.057246e+01,2.056548e+01,2.057944e+01,2.040477e+01,2.051660e+01,2.052358e+01,2.050961e+01,2.052358e+01,2.044672e+01,2.047468e+01,2.057246e+01,2.046070e+01,2.053057e+01,2.054453e+01,2.050961e+01,2.050262e+01,2.047468e+01,2.051660e+01,2.057246e+01,2.047468e+01,2.067016e+01,2.055152e+01,2.046070e+01,2.053755e+01,2.051660e+01,2.052358e+01,2.062132e+01,2.057246e+01,2.047468e+01,2.056548e+01,2.055152e+01,2.049564e+01,2.060736e+01,2.056548e+01,2.049564e+01,2.051660e+01,2.050262e+01,2.050961e+01,2.056548e+01,2.058643e+01,2.045371e+01,2.044672e+01,2.060736e+01,2.058643e+01,2.043973e+01,2.044672e+01,2.046769e+01,2.039778e+01,2.056548e+01,2.055152e+01,2.037679e+01,2.051660e+01,2.053057e+01,2.054453e+01,2.053755e+01,2.043973e+01,2.051660e+01,2.038379e+01,2.050961e+01,2.049564e+01,2.052358e+01,2.057246e+01,2.050262e+01,2.053755e+01,2.045371e+01,2.057944e+01,2.045371e+01,2.050262e+01,2.055152e+01,2.043973e+01,2.041875e+01,2.049564e+01,2.051660e+01,2.053755e+01,2.049564e+01,2.056548e+01,2.062132e+01,2.051660e+01,2.047468e+01,2.055152e+01,2.038379e+01,2.058643e+01,2.045371e+01,2.050262e+01,2.043973e+01,2.048166e+01,2.041875e+01,2.041875e+01,2.052358e+01,2.037679e+01,2.032782e+01,2.036980e+01,2.040477e+01,2.043973e+01,2.028582e+01,2.054453e+01,2.050961e+01,2.059340e+01,2.053057e+01,2.046070e+01,2.046070e+01,2.046769e+01,2.048166e+01,2.049564e+01,2.045371e+01,2.044672e+01,2.048865e+01,2.037679e+01,2.055850e+01,2.050262e+01,2.046070e+01,2.050262e+01,2.045371e+01,2.050961e+01,2.045371e+01,2.035581e+01,2.052358e+01,2.048166e+01,2.038379e+01,2.039078e+01,2.046769e+01,2.041875e+01,2.044672e+01,2.041176e+01,2.058643e+01,2.037679e+01,2.052358e+01,2.046769e+01,2.051660e+01,2.050961e+01,2.047468e+01,2.053755e+01,2.057944e+01,2.047468e+01,2.046769e+01,2.045371e+01,2.044672e+01,2.051660e+01,2.064225e+01,2.063528e+01,2.034881e+01,2.051660e+01
2.066318e+01,2.058643e+01,2.055152e+01,2.062132e+01,2.057944e+01,2.063528e+01,2.057246e+01,2.057944e+01,2.057944e+01,2.052358e+01,2.052358e+01,2.051660e+01,2.049564e+01,2.057944e+01,2.065621e+01,2.060039e+01,2.062132e+01,2.061434e+01,2.055152e+01,2.069108e+01,2.060736e+01,2.071897e+01,2.071200e+01,2.063528e+01,2.070502e+01,2.057944e+01,2.063528e+01,2.069108e+01,2.091398e+01,2.089310e+01,2.112944e+01,2.110166e+01,2.136523e+01,2.141371e+01,2.134445e+01,2.133059e+01,2.155209e+01,2.153134e+01,2.153826e+01,2.142063e+01,2.127514e+01,2.117109e+01,2.128207e+01,2.110166e+01,2.133059e+01,2.115721e+01,2.103219e+01,2.137216e+01,2.137908e+01,2.142063e+01,2.128901e+01,2.133059e+01,2.135138e+01,2.134445e+01,2.137908e+01,2.168337e+01,2.154517e+01,2.128207e+01,2.137216e+01,2.117109e+01,2.131673e+01,2.135138e+01,2.138601e+01,2.139986e+01,2.151751e+01,2.168337e+01,2.172480e+01,2.171099e+01,2.173170e+01,2.170409e+01,2.195921e+01,2.166956e+01,2.130287e+01,2.128901e+01,2.164884e+01,2.153134e+01,2.153134e+01,2.153134e+01,2.160048e+01,2.160739e+01,2.175930e+01,2.137908e+01,2.163503e+01,2.165575e+01,2.195921e+01,2.198676e+01,2.197987e+01,2.182139e+01,2.195921e+01,2.162121e+01,2.184207e+01,2.208998e+01,2.240587e+01,2.210373e+01,2.184897e+01,2.179380e+01,2.192477e+01,2.189032e+01,2.185586e+01,2.135138e+01,2.130287e+01,2.118497e+01,2.132366e+01,2.152443e+01,2.161430e+01,2.161430e+01,2.164193e+01,2.152443e+01,2.154517e+01,2.150368e+01,2.130287e+01,2.126127e+01,2.128901e+01,2.137216e+01,2.099744e+01,2.084437e+01,2.069108e+01,2.073988e+01,2.083045e+01,2.076079e+01,2.054453e+01,2.061434e+01,2.057944e+01,2.067016e+01,2.025781e+01,2.055152e+01,2.040477e+01,2.053057e+01,2.041875e+01,2.041875e+01,2.030682e+01,2.042575e+01,2.041875e+01,2.049564e+01,2.059340e+01,2.056548e+01,2.044672e+01,2.047468e+01,2.044672e+01,2.045371e+01,2.047468e+01,2.040477e+01,2.063528e+01,2.060039e+01,2.049564e+01,2.041875e+01,2.043274e+01,2.041176e+01,2.041875e+01,2.053057e+01,2.054453e+01,2.051660e+01,2.048865e+01,2.048865e+01,2.047468e+01,2.051660e+01,2.053057e+01,2.058643e+01,2.042575e+01,2.042575e+01,2.056548e+01,2.036280e+01,2.048166e+01,2.047468e+01,2.040477e+01,2.046070e+01,2.050961e+01,2.041176e+01,2.043274e+01,2.037679e+01,2.043973e+01,2.045371e+01,2.037679e+01,2.043274e+01,2.048865e+01,2.051660e+01,2.054453e+01,2.054453e+01,2.048865e+01,2.053057e+01,2.046769e+01,2.036980e+01,2.040477e+01,2.045371e+01,2.048166e+01,2.040477e+01,2.039778e+01,2.041176e+01,2.044672e+01,2.046769e+01,2.046769e+01,2.046070e+01,2.037679e+01,2.037679e+01,2.048865e+01,2.045371e+01,2.047468e+01,2.044672e+01,2.046769e+01,2.045371e+01,2.048166e+01,2.044672e+01,2.046070e+01,2.048166e+01,2.041875e+01,2.045371e+01,2.046070e+01,2.048166e+01,2.048166e+01,2.049564e+01,2.048166e+01,2.039078e+01,2.040477e+01,2.048166e+01,2.048865e+01,2.041176e+01,2.040477e+01,2.049564e+01,2.053057e+01,2.064923e+01,2.063528e+01,2.067016e+01,2.072594e+01,2.066318e+01,2.064923e+01,2.065621e+01,2.062132e+01,2.064923e+01,2.068410e+01,2.063528e+01,2.057944e+01,2.067713e+01,2.060736e+01,2.060039e+01,2.050262e+01,2.055850e+01,2.057944e+01,2.059340e+01,2.061434e+01,2.058643e+01,2.055152e+01,2.050262e+01,2.057246e+01,2.051660e+01,2.053057e+01,2.043973e+01,2.043973e+01,2.043274e+01,2.042575e+01,2.042575e+01,2.030682e+01,2.025781e+01,2.041875e+01,2.033481e+01,2.029282e+01,2.029282e+01,2.032782e+01,2.030682e+01,2.034181e+01,2.041176e+01,2.032082e+01,2.032082e+01,2.032082e+01,2.037679e+01,2.032782e+01,2.044672e+01,2.032082e+01,2.031382e+01,2.025080e+01,2.030682e+01,2.007556e+01,2.001239e+01,1.992109e+01,1.991406e+01,2.010362e+01,1.991406e+01,2.014569e+01,1.998431e+01,2.007556e+01,2.015270e+01,2.019476e+01,2.023680e+01,2.035581e+01,2.044672e+01,2.051660e+01,2.048166e+01,2.050961e+01,2.048865e+01,2.052358e+01,2.057944e+01,2.052358e+01,2.057944e+01,2.053755e+01,2.050262e+01,2.055850e+01,2.048166e+01,2.055850e+01,2.049564e+01,2.043973e+01,2.046070e+01,2.049564e+01,2.032782e+01,2.044672e+01,2.043973e+01,2.033481e+01,2.033481e+01,2.042575e+01,2.041176e+01,2.047468e+01,2.045371e+01,2.050961e+01,2.057944e+01,2.063528e+01,2.060736e+01,2.064923e+01,2.068410e+01,2.060736e+01,2.068410e+01,2.061434e+01,2.065621e+01,2.065621e+01,2.067016e+01,2.063528e+01,2.057246e+01,2.062830e+01,2.064923e+01,2.061434e+01,2.066318e+01,2.065621e+01,2.056548e+01,2.059340e+01,2.062830e+01,2.057944e+01,2.050262e+01,2.045371e+01,2.060736e+01,2.048166e+01,2.057944e+01,2.049564e+01,2.050262e+01,2.058643e+01,2.071897e+01,2.057246e+01,2.065621e+01,2.053755e+01,2.062830e+01,2.060039e+01,2.066318e+01,2.060736e+01,2.065621e+01,2.066318e+01,2.068410e+01,2.061434e+01,2.073291e+01,2.065621e+01,2.069805e+01,2.070502e+01,2.083741e+01,2.064225e+01,2.067713e+01,2.068410e+01,2.071897e+01,2.067713e+01,2.066318e+01,2.068410e+01,2.073291e+01,2.073988e+01,2.067713e+01,2.066318e+01,2.067016e+01,2.096962e+01,2.071200e+01,2.069805e+01,2.064923e+01,2.061434e+01,2.069805e+01,2.064923e+01,2.071897e+01,2.067713e+01,2.065621e+01,2.065621e+01,2.066318e+01,2.071897e+01,2.070502e+01,2.084437e+01,2.081652e+01,2.069108e+01,2.078866e+01,2.060736e+01,2.068410e+01,2.062132e+01,2.046070e+01,2.043274e+01,2.034881e+01,2.046070e+01,2.041875e+01,2.042575e+01,2.028582e+01,2.050262e+01,2.048865e+01,2.051660e+01,2.046769e+01,2.048166e+01,2.043973e+01,2.051660e+01,2.045371e+01,2.060736e+01,2.048166e+01,2.045371e+01,2.049564e+01,2.049564e+01,2.049564e+01,2.050262e+01,2.048865e+01,2.052358e+01,2.046070e+01,2.050961e+01,2.046769e+01,2.050961e+01,2.047468e+01,2.045371e+01,2.053057e+01,2.045371e+01,2.051660e+01,2.052358e+01,2.046769e+01,2.050961e+01,2.028582e+01,2.052358e+01,2.047468e+01,2.049564e+01,2.048865e+01,2.052358e+01,2.046070e+01,2.050262e+01,2.057944e+01,2.057246e+01,2.043274e+01,2.036980e+01,2.049564e+01,2.055850e+01,2.056548e+01,2.051660e+01,2.040477e+01,2.052358e+01,2.052358e+01,2.049564e+01,2.052358e+01,2.045371e+01,2.060736e+01,2.059340e+01,2.053755e+01,2.051660e+01,2.047468e+01,2.050262e+01,2.046070e+01,2.048166e+01,2.053755e+01,2.044672e+01,2.048166e+01,2.059340e+01,2.057944e+01,2.046070e+01,2.059340e+01,2.048166e+01,2.049564e+01,2.047468e+01,2.044672e+01,2.055152e+01,2.078169e+01,2.058643e+01,2.057246e+01,2.050262e+01,2.044672e+01,2.052358e+01,2.049564e+01,2.046769e+01,2.060039e+01,2.055850e+01,2.054453e+01,2.051660e+01,2.055152e+01,2.055850e+01,2.048166e+01,2.044672e+01,2.050961e+01,2.042575e+01,2.057246e+01,2.044672e+01,2.050961e+01,2.054453e+01,2.053057e+01,2.050961e+01,2.057246e+01,2.050961e+01,2.060736e+01,2.046070e+01,2.052358e+01,2.048166e+01,2.057944e+01,2.053057e+01,2.053057e+01,2.056548e+01,2.066318e+01,2.067016e+01,2.057944e+01,2.040477e+01,2.046070e+01,2.049564e+01,2.050262e+01,2.053057e+01,2.055850e+01,2.052358e+01,2.055850e+01,2.060039e+01,2.048166e+01,2.054453e+01,2.052358e+01,2.067713e+01,2.053755e+01,2.062132e+01,2.051660e+01,2.064225e+01,2.046769e+01,2.050262e+01,2.063528e+01,2.057944e+01,2.055152e+01,2.047468e+01,2.048865e+01,2.051660e+01,2.051660e+01,2.046070e+01,2.048166e+01,2.052358e+01,2.062132e+01,2.048166e+01,2.049564e+01,2.062132e+01,2.062830e+01,2.042575e+01,2.055850e+01,2.054453e+01,2.042575e+01,2.055850e+01,2.040477e+01,2.050262e+01,2.043973e+01,2.038379e+01,2.054453e+01,2.048865e+01,2.054453e+01,2.053057e+01,2.044672e+01,2.052358e+01,2.050961e+01,2.041176e+01,2.041176e+01,2.046769e+01,2.055850e+01,2.060736e+01,2.050262e+01,2.057944e+01,2.053755e+01,2.053057e+01,2.060736e+01,2.050961e+01,2.054453e+01,2.046070e+01,2.042575e+01,2.060736e+01,2.053755e+01,2.050262e+01,2.044672e+01,2.042575e+01,2.052358e+01,2.050961e+01,2.056548e+01,2.055152e+01,2.038379e+01,2.042575e+01,2.050262e+01,2.038379e+01,2.053755e+01,2.050961e+01,2.050262e+01,2.036980e+01,2.046070e+01,2.048166e+01,2.052358e+01,2.050262e+01,2.045371e+01,2.041875e+01,2.038379e+01,2.053057e+01,2.053057e+01,2.042575e+01,2.046070e+01,2.043973e+01,2.043973e+01,2.057246e+01,2.048865e+01,2.036980e+01,2.046769e+01,2.046769e+01,2.047468e+01,2.038379e+01,2.048865e+01,2.048865e+01,2.040477e+01,2.039078e+01,2.060039e+01,2.043973e+01,2.046769e+01,2.054453e+01,2.048865e+01,2.048166e+01,2.045371e+01,2.039078e+01,2.045371e+01,2.055850e+01,2.057944e+01,2.048166e+01,2.036980e+01,2.045371e+01,2.083045e+01,2.052358e+01,2.051660e+01,2.050262e+01,2.056548e+01,2.046070e+01,2.057246e+01,2.051660e+01,2.043274e+01,2.046769e+01,2.051660e+01,2.052358e+01,2.055152e+01,2.050262e+01,2.049564e+01
2.090006e+01,2.058643e+01,2.053057e+01,2.057246e+01,2.057246e+01,2.064225e+01,2.052358e+01,2.062830e+01,2.054453e+01,2.051660e+01,2.050262e+01,2.062830e+01,2.050262e+01,2.053755e+01,2.061434e+01,2.064923e+01,2.068410e+01,2.046769e+01,2.042575e+01,2.070502e+01,2.065621e+01,2.060039e+01,2.073291e+01,2.075382e+01,2.069805e+01,2.062830e+01,2.064225e+01,2.068410e+01,2.087222e+01,2.099744e+01,2.117803e+01,2.119191e+01,2.136523e+01,2.139293e+01,2.119885e+01,2.128207e+01,2.131673e+01,2.151059e+01,2.151751e+01,2.174550e+01,2.131673e+01,2.133059e+01,2.120579e+01,2.112944e+01,2.121272e+01,2.121272e+01,2.134445e+01,2.130980e+01,2.142063e+01,2.140678e+01,2.119191e+01,2.115721e+01,2.133752e+01,2.135138e+01,2.141371e+01,2.148292e+01,2.160048e+01,2.146908e+01,2.127514e+01,2.119885e+01,2.128901e+01,2.134445e+01,2.146216e+01,2.135830e+01,2.136523e+01,2.155209e+01,2.169028e+01,2.166265e+01,2.151751e+01,2.173860e+01,2.171099e+01,2.172480e+01,2.137216e+01,2.115721e+01,2.151059e+01,2.146908e+01,2.155900e+01,2.147600e+01,2.150368e+01,2.131673e+01,2.155900e+01,2.155209e+01,2.191788e+01,2.178690e+01,2.198676e+01,2.186275e+01,2.201429e+01,2.217935e+01,2.201429e+01,2.157283e+01,2.175240e+01,2.172480e+01,2.193855e+01,2.196610e+01,2.170409e+01,2.172480e+01,2.178690e+01,2.153134e+01,2.135138e+01,2.121966e+01,2.107388e+01,2.136523e+01,2.148292e+01,2.144832e+01,2.130287e+01,2.137908e+01,2.148984e+01,2.148292e+01,2.128207e+01,2.128207e+01,2.126127e+01,2.104609e+01,2.102524e+01,2.117109e+01,2.103914e+01,2.084437e+01,2.085134e+01,2.071897e+01,2.070502e+01,2.068410e+01,2.067713e+01,2.069108e+01,2.056548e+01,2.043274e+01,2.043274e+01,2.042575e+01,2.048166e+01,2.050262e+01,2.054453e+01,2.045371e+01,2.043973e+01,2.022278e+01,2.043973e+01,2.059340e+01,2.041176e+01,2.038379e+01,2.046070e+01,2.040477e+01,2.041875e+01,2.036980e+01,2.046769e+01,2.043973e+01,2.051660e+01,2.052358e+01,2.044672e+01,2.042575e+01,2.045371e+01,2.053755e+01,2.057246e+01,2.052358e+01,2.050262e+01,2.055152e+01,2.055850e+01,2.051660e+01,2.041875e+01,2.043274e+01,2.052358e+01,2.041875e+01,2.049564e+01,2.046769e+01,2.047468e+01,2.035581e+01,2.052358e+01,2.049564e+01,2.039078e+01,2.047468e+01,2.043973e+01,2.038379e+01,2.055850e+01,2.051660e+01,2.039078e+01,2.046769e+01,2.046070e+01,2.041176e+01,2.051660e+01,2.043274e+01,2.042575e+01,2.034881e+01,2.040477e+01,2.044672e+01,2.044672e+01,2.048166e+01,2.045371e+01,2.041176e+01,2.051660e+01,2.043973e+01,2.046769e+01,2.047468e+01,2.040477e+01,2.036980e+01,2.049564e+01,2.046769e+01,2.046070e+01,2.036980e+01,2.046070e+01,2.035581e+01,2.046769e+01,2.040477e+01,2.041875e+01,2.046769e+01,2.043973e+01,2.048865e+01,2.042575e+01,2.044672e+01,2.043274e+01,2.035581e+01,2.048166e+01,2.036980e+01,2.048865e+01,2.045371e+01,2.043973e+01,2.040477e+01,2.044672e+01,2.034881e+01,2.045371e+01,2.041875e+01,2.041875e+01,2.043274e+01,2.049564e+01,2.054453e+01,2.055152e+01,2.059340e+01,2.062830e+01,2.064225e+01,2.072594e+01,2.057944e+01,2.062830e+01,2.061434e+01,2.057944e+01,2.062830e+01,2.059340e+01,2.059340e+01,2.062132e+01,2.065621e+01,2.058643e+01,2.046070e+01,2.062132e+01,2.046769e+01,2.060736e+01,2.057944e+01,2.048166e+01,2.048865e+01,2.053755e+01,2.045371e+01,2.043274e+01,2.043973e+01,2.040477e+01,2.039078e+01,2.032782e+01,2.039778e+01,2.030682e+01,2.024380e+01,2.030682e+01,2.041176e+01,2.040477e+01,2.029982e+01,2.034181e+01,2.052358e+01,2.034181e+01,2.032082e+01,2.033481e+01,2.033481e+01,2.041176e+01,2.041875e+01,2.034181e+01,2.043274e+01,2.033481e+01,2.030682e+01,2.032082e+01,2.025781e+01,2.022979e+01,2.013868e+01,2.011764e+01,2.001239e+01,2.007556e+01,2.014569e+01,2.015971e+01,2.015971e+01,2.019476e+01,2.018775e+01,2.019476e+01,2.022278e+01,2.036980e+01,2.035581e+01,2.050961e+01,2.057246e+01,2.048166e+01,2.043973e+01,2.043274e+01,2.049564e+01,2.049564e+01,2.053755e+01,2.046769e+01,2.071200e+01,2.057246e+01,2.060039e+01,2.048166e+01,2.046769e+01,2.046070e+01,2.038379e+01,2.049564e+01,2.033481e+01,2.036980e+01,2.032782e+01,2.033481e+01,2.038379e+01,2.038379e+01,2.047468e+01,2.052358e+01,2.055152e+01,2.056548e+01,2.063528e+01,2.057944e+01,2.055152e+01,2.050262e+01,2.065621e+01,2.060736e+01,2.052358e+01,2.060039e+01,2.064225e+01,2.058643e+01,2.059340e+01,2.064923e+01,2.064225e+01,2.064225e+01,2.055152e+01,2.066318e+01,2.062830e+01,2.055850e+01,2.056548e+01,2.057246e+01,2.041875e+01,2.067713e+01,2.060736e+01,2.060039e+01,2.062830e+01,2.066318e+01,2.051660e+01,2.048865e+01,2.067713e+01,2.056548e+01,2.059340e+01,2.067016e+01,2.066318e+01,2.068410e+01,2.064225e+01,2.064225e+01,2.062132e+01,2.064923e+01,2.063528e+01,2.060039e+01,2.064225e+01,2.060039e+01,2.062830e+01,2.062132e+01,2.061434e+01,2.069805e+01,2.069805e+01,2.065621e+01,2.068410e+01,2.065621e+01,2.073291e+01,2.076775e+01,2.072594e+01,2.072594e+01,2.076079e+01,2.065621e+01,2.070502e+01,2.066318e+01,2.069108e+01,2.071200e+01,2.069805e+01,2.069108e+01,2.084437e+01,2.069108e+01,2.062830e+01,2.057944e+01,2.067016e+01,2.064923e+01,2.061434e+01,2.067016e+01,2.069108e+01,2.066318e+01,2.073988e+01,2.075382e+01,2.082348e+01,2.076775e+01,2.071897e+01,2.069108e+01,2.060736e+01,2.067713e+01,2.053057e+01,2.050262e+01,2.040477e+01,2.038379e+01,2.036980e+01,2.049564e+01,2.050262e+01,2.048865e+01,2.048865e+01,2.058643e+01,2.061434e+01,2.045371e+01,2.039778e+01,2.044672e+01,2.039078e+01,2.048166e+01,2.034881e+01,2.048166e+01,2.042575e+01,2.046769e+01,2.044672e+01,2.046769e+01,2.049564e+01,2.048865e+01,2.066318e+01,2.053057e+01,2.048166e+01,2.047468e+01,2.045371e+01,2.050262e+01,2.056548e+01,2.055850e+01,2.057246e+01,2.051660e+01,2.050262e+01,2.057246e+01,2.047468e+01,2.047468e+01,2.047468e+01,2.049564e+01,2.047468e+01,2.055152e+01,2.051660e+01,2.043274e+01,2.051660e+01,2.041176e+01,2.041875e+01,2.041875e+01,2.056548e+01,2.055152e+01,2.047468e+01,2.050262e+01,2.051660e+01,2.050961e+01,2.048166e+01,2.050262e+01,2.043973e+01,2.045371e+01,2.043973e+01,2.048166e+01,2.051660e+01,2.048865e+01,2.044672e+01,2.048865e+01,2.052358e+01,2.055850e+01,2.056548e+01,2.046070e+01,2.062830e+01,2.051660e+01,2.053755e+01,2.060736e+01,2.054453e+01,2.057944e+01,2.059340e+01,2.057246e+01,2.054453e+01,2.057944e+01,2.049564e+01,2.059340e+01,2.043973e+01,2.054453e+01,2.057246e+01,2.059340e+01,2.047468e+01,2.056548e+01,2.055850e+01,2.050961e+01,2.052358e+01,2.053755e+01,2.048865e+01,2.045371e+01,2.073291e+01,2.043973e+01,2.046070e+01,2.050961e+01,2.053057e+01,2.048865e+01,2.052358e+01,2.049564e+01,2.048865e+01,2.053057e+01,2.062830e+01,2.049564e+01,2.047468e+01,2.045371e+01,2.046070e+01,2.043274e+01,2.053755e+01,2.041176e+01,2.037679e+01,2.055152e+01,2.054453e+01,2.052358e+01,2.043973e+01,2.058643e+01,2.046070e+01,2.058643e+01,2.050262e+01,2.057944e+01,2.046769e+01,2.059340e+01,2.060039e+01,2.057944e+01,2.052358e+01,2.045371e+01,2.051660e+01,2.048166e+01,2.035581e+01,2.060039e+01,2.050961e+01,2.064225e+01,2.048166e+01,2.041875e+01,2.057944e+01,2.051660e+01,2.053755e+01,2.046070e+01,2.053057e+01,2.050262e+01,2.060736e+01,2.057944e+01,2.052358e+01,2.051660e+01,2.050262e+01,2.044672e+01,2.039778e+01,2.045371e+01,2.041875e+01,2.048166e+01,2.043973e+01,2.052358e+01,2.050961e+01,2.046070e+01,2.047468e+01,2.041176e+01,2.053755e+01,2.050961e+01,2.057944e+01,2.054453e+01,2.053755e+01,2.055850e+01,2.053755e+01,2.046070e+01,2.045371e+01,2.051660e+01,2.046769e+01,2.046769e+01,2.046769e+01,2.052358e+01,2.054453e+01,2.057944e+01,2.063528e+01,2.050262e+01,2.041875e+01,2.046769e+01,2.042575e+01,2.050262e+01,2.043973e+01,2.040477e+01,2.056548e+01,2.045371e+01,2.053057e+01,2.050262e+01,2.041875e+01,2.050961e+01,2.078169e+01,2.039778e+01,2.041875e+01,2.034881e+01,2.046070e+01,2.046769e+01,2.050262e+01,2.018074e+01,2.038379e+01,2.042575e+01,2.054453e+01,2.048166e+01,2.041176e+01,2.037679e+01,2.048865e+01,2.044672e+01,2.040477e+01,2.043973e+01,2.055850e+01,2.051660e+01,2.044672e+01,2.043973e+01,2.050961e+01,2.041176e+01,2.045371e+01,2.041875e+01,2.044672e+01,2.043973e+01,2.047468e+01,2.050961e+01,2.052358e+01,2.040477e+01,2.039078e+01,2.042575e+01,2.039778e+01,2.041875e+01,2.040477e+01,2.050262e+01,2.046070e+01,2.040477e+01,2.029982e+01,2.046070e+01,2.041875e+01,2.052358e+01,2.049564e+01,2.041176e+01,2.031382e+01,2.041875e+01,2.045371e+01,2.050262e+01,2.043973e+01,2.041176e+01,2.060039e+01,2.047468e+01,2.048166e+01,2.041875e+01,2.046769e+01,2.041875e+01,2.050262e+01,2.069108e+01,2.053057e+01,2.059340e+01,2.052358e+01
2.064923e+01,2.061434e+01,2.044672e+01,2.059340e+01,2.053057e+01,2.062830e+01,2.057944e+01,2.055152e+01,2.060039e+01,2.050262e+01,2.061434e+01,2.051660e+01,2.050262e+01,2.069108e+01,2.069108e+01,2.054453e+01,2.057246e+01,2.041875e+01,2.046070e+01,2.053755e+01,2.069108e+01,2.060736e+01,2.058643e+01,2.044672e+01,2.046769e+01,2.067713e+01,2.065621e+01,2.063528e+01,2.083741e+01,2.092789e+01,2.114333e+01,2.122660e+01,2.128901e+01,2.117109e+01,2.126127e+01,2.130980e+01,2.127514e+01,2.126127e+01,2.125434e+01,2.127514e+01,2.123353e+01,2.122660e+01,2.112944e+01,2.119191e+01,2.138601e+01,2.116415e+01,2.136523e+01,2.134445e+01,2.124047e+01,2.124740e+01,2.136523e+01,2.137216e+01,2.113638e+01,2.132366e+01,2.139293e+01,2.143448e+01,2.142063e+01,2.140678e+01,2.127514e+01,2.111555e+01,2.103219e+01,2.108777e+01,2.130980e+01,2.132366e+01,2.124740e+01,2.151059e+01,2.156592e+01,2.171790e+01,2.171099e+01,2.173860e+01,2.178690e+01,2.176620e+01,2.148984e+01,2.136523e+01,2.148292e+01,2.149676e+01,2.150368e+01,2.151751e+01,2.151059e+01,2.155900e+01,2.153826e+01,2.161430e+01,2.178690e+01,2.164193e+01,2.192477e+01,2.164884e+01,2.193855e+01,2.202118e+01,2.201429e+01,2.176620e+01,2.171099e+01,2.159356e+01,2.146908e+01,2.153134e+01,2.155209e+01,2.171099e+01,2.151059e+01,2.124047e+01,2.121272e+01,2.115721e+01,2.117803e+01,2.134445e+01,2.151059e+01,2.154517e+01,2.134445e+01,2.131673e+01,2.128901e+01,2.121272e+01,2.108083e+01,2.106693e+01,2.096267e+01,2.102524e+01,2.103914e+01,2.099048e+01,2.099744e+01,2.085134e+01,2.085134e+01,2.086526e+01,2.072594e+01,2.070502e+01,2.062830e+01,2.049564e+01,2.049564e+01,2.053057e+01,2.043973e+01,2.044672e+01,2.054453e+01,2.039778e+01,2.044672e+01,2.036980e+01,2.021578e+01,2.043274e+01,2.031382e+01,2.043274e+01,2.038379e+01,2.043973e+01,2.046769e+01,2.048865e+01,2.048865e+01,2.050961e+01,2.051660e+01,2.062830e+01,2.048865e+01,2.047468e+01,2.045371e+01,2.046070e+01,2.042575e+01,2.043274e+01,2.054453e+01,2.055850e+01,2.044672e+01,2.053057e+01,2.054453e+01,2.052358e+01,2.048166e+01,2.043274e+01,2.049564e+01,2.044672e+01,2.045371e+01,2.046769e+01,2.048865e+01,2.032082e+01,2.043973e+01,2.053755e+01,2.048865e+01,2.053057e+01,2.046070e+01,2.047468e+01,2.052358e+01,2.046769e+01,2.037679e+01,2.042575e+01,2.038379e+01,2.047468e+01,2.044672e+01,2.035581e+01,2.041875e+01,2.048166e+01,2.043274e+01,2.048865e+01,2.041176e+01,2.043973e+01,2.046769e+01,2.046769e+01,2.043973e+01,2.045371e+01,2.045371e+01,2.040477e+01,2.043973e+01,2.045371e+01,2.045371e+01,2.048166e+01,2.038379e+01,2.035581e+01,2.046769e+01,2.045371e+01,2.037679e+01,2.037679e+01,2.041176e+01,2.039778e+01,2.039778e+01,2.044672e+01,2.043973e+01,2.053057e+01,2.027181e+01,2.047468e+01,2.048166e+01,2.047468e+01,2.046769e+01,2.051660e+01,2.048865e+01,2.043274e+01,2.045371e+01,2.045371e+01,2.041176e+01,2.037679e+01,2.043973e+01,2.044672e+01,2.050961e+01,2.048865e+01,2.050262e+01,2.065621e+01,2.055152e+01,2.064225e+01,2.061434e+01,2.055152e+01,2.061434e+01,2.062830e+01,2.060736e+01,2.072594e+01,2.055850e+01,2.057246e+01,2.061434e+01,2.064923e+01,2.057944e+01,2.065621e+01,2.062132e+01,2.059340e+01,2.053057e+01,2.050961e+01,2.055152e+01,2.047468e+01,2.048166e+01,2.044672e+01,2.042575e+01,2.045371e+01,2.032782e+01,2.031382e+01,2.034181e+01,2.032782e+01,2.026481e+01,2.040477e+01,2.034181e+01,2.032782e+01,2.031382e+01,2.029982e+01,2.031382e+01,2.033481e+01,2.032782e+01,2.034881e+01,2.032782e+01,2.038379e+01,2.031382e+01,2.034181e+01,2.033481e+01,2.041176e+01,2.041176e+01,2.032082e+01,2.019476e+01,2.021578e+01,2.018775e+01,2.004749e+01,2.030682e+01,2.029982e+01,2.013167e+01,2.013167e+01,2.014569e+01,2.017373e+01,2.019476e+01,2.018775e+01,2.015971e+01,2.013868e+01,2.036280e+01,2.027181e+01,2.031382e+01,2.044672e+01,2.055152e+01,2.053755e+01,2.053755e+01,2.041176e+01,2.051660e+01,2.046769e+01,2.053057e+01,2.055850e+01,2.052358e+01,2.048865e+01,2.059340e+01,2.054453e+01,2.057944e+01,2.051660e+01,2.056548e+01,2.040477e+01,2.039778e+01,2.034181e+01,2.030682e+01,2.042575e+01,2.038379e+01,2.041176e+01,2.042575e+01,2.048865e+01,2.057246e+01,2.060039e+01,2.051660e+01,2.058643e+01,2.060736e+01,2.064923e+01,2.058643e+01,2.062132e+01,2.063528e+01,2.064923e+01,2.071897e+01,2.067016e+01,2.067713e+01,2.067713e+01,2.065621e+01,2.053755e+01,2.053057e+01,2.069805e+01,2.053755e+01,2.056548e+01,2.056548e+01,2.049564e+01,2.059340e+01,2.062830e+01,2.055850e+01,2.055850e+01,2.048166e+01,2.055152e+01,2.052358e+01,2.057944e+01,2.061434e+01,2.068410e+01,2.060736e+01,2.061434e+01,2.064923e+01,2.061434e+01,2.057944e+01,2.060039e+01,2.061434e+01,2.062830e+01,2.069805e+01,2.067016e+01,2.062830e+01,2.066318e+01,2.064225e+01,2.065621e+01,2.067713e+01,2.068410e+01,2.069108e+01,2.058643e+01,2.064225e+01,2.069805e+01,2.066318e+01,2.060039e+01,2.066318e+01,2.068410e+01,2.059340e+01,2.064923e+01,2.065621e+01,2.066318e+01,2.067016e+01,2.064225e+01,2.057246e+01,2.070502e+01,2.058643e+01,2.059340e+01,2.060039e+01,2.062830e+01,2.064225e+01,2.065621e+01,2.062830e+01,2.084437e+01,2.069108e+01,2.072594e+01,2.084437e+01,2.078169e+01,2.069108e+01,2.062132e+01,2.073291e+01,2.067713e+01,2.057246e+01,2.050262e+01,2.048865e+01,2.034181e+01,2.043274e+01,2.048865e+01,2.054453e+01,2.043973e+01,2.044672e+01,2.048865e+01,2.039078e+01,2.043274e+01,2.043274e+01,2.039078e+01,2.047468e+01,2.036280e+01,2.038379e+01,2.043274e+01,2.055850e+01,2.046769e+01,2.044672e+01,2.047468e+01,2.046070e+01,2.046070e+01,2.047468e+01,2.046769e+01,2.040477e+01,2.050961e+01,2.050961e+01,2.044672e+01,2.046769e+01,2.044672e+01,2.053755e+01,2.035581e+01,2.044672e+01,2.052358e+01,2.049564e+01,2.049564e+01,2.045371e+01,2.049564e+01,2.049564e+01,2.049564e+01,2.053057e+01,2.048166e+01,2.049564e+01,2.049564e+01,2.048865e+01,2.046070e+01,2.055152e+01,2.055850e+01,2.048865e+01,2.051660e+01,2.039078e+01,2.038379e+01,2.046769e+01,2.046070e+01,2.043274e+01,2.051660e+01,2.050262e+01,2.050262e+01,2.049564e+01,2.050262e+01,2.062132e+01,2.053057e+01,2.050262e+01,2.047468e+01,2.055850e+01,2.061434e+01,2.043973e+01,2.050961e+01,2.055152e+01,2.054453e+01,2.057246e+01,2.064225e+01,2.056548e+01,2.059340e+01,2.055152e+01,2.055152e+01,2.047468e+01,2.050262e+01,2.051660e+01,2.040477e+01,2.050961e+01,2.055850e+01,2.046769e+01,2.052358e+01,2.048166e+01,2.046769e+01,2.050961e+01,2.049564e+01,2.050961e+01,2.053755e+01,2.053755e+01,2.060736e+01,2.041875e+01,2.046070e+01,2.034181e+01,2.050961e+01,2.053755e+01,2.057944e+01,2.050262e+01,2.050961e+01,2.060039e+01,2.066318e+01,2.064923e+01,2.040477e+01,2.051660e+01,2.048166e+01,2.056548e+01,2.059340e+01,2.050961e+01,2.050961e+01,2.050262e+01,2.046070e+01,2.048865e+01,2.054453e+01,2.055850e+01,2.057246e+01,2.060039e+01,2.044672e+01,2.060039e+01,2.054453e+01,2.057944e+01,2.056548e+01,2.041176e+01,2.062132e+01,2.055152e+01,2.059340e+01,2.031382e+01,2.048865e+01,2.049564e+01,2.057246e+01,2.047468e+01,2.053755e+01,2.046769e+01,2.056548e+01,2.053755e+01,2.053057e+01,2.052358e+01,2.056548e+01,2.053057e+01,2.049564e+01,2.060736e+01,2.057944e+01,2.061434e+01,2.048865e+01,2.041875e+01,2.045371e+01,2.044672e+01,2.046070e+01,2.057246e+01,2.047468e+01,2.044672e+01,2.053755e+01,2.043973e+01,2.040477e+01,2.039778e+01,2.049564e+01,2.054453e+01,2.052358e+01,2.051660e+01,2.050961e+01,2.053755e+01,2.044672e+01,2.044672e+01,2.054453e+01,2.050961e+01,2.047468e+01,2.050961e+01,2.034181e+01,2.049564e+01,2.053755e+01,2.048166e+01,2.043973e+01,2.064923e+01,2.054453e+01,2.041875e+01,2.045371e+01,2.041176e+01,2.053755e+01,2.049564e+01,2.047468e+01,2.036280e+01,2.052358e+01,2.050961e+01,2.042575e+01,2.040477e+01,2.047468e+01,2.048166e+01,2.068410e+01,2.050961e+01,2.044672e+01,2.047468e+01,2.054453e+01,2.019476e+01,2.049564e+01,2.051660e+01,2.048865e+01,2.050961e+01,2.033481e+01,2.050961e+01,2.035581e+01,2.048166e+01,2.044672e+01,2.048865e+01,2.050961e+01,2.048166e+01,2.038379e+01,2.041875e+01,2.039078e+01,2.041875e+01,2.039078e+01,2.043274e+01,2.046769e+01,2.045371e+01,2.049564e+01,2.041875e+01,2.048166e+01,2.044672e+01,2.044672e+01,2.041176e+01,2.047468e+01,2.042575e+01,2.042575e+01,2.046070e+01,2.046070e+01,2.043973e+01,2.043274e+01,2.055850e+01,2.051660e+01,2.046070e+01,2.034181e+01,2.054453e+01,2.039078e+01,2.048166e+01,2.050961e+01,2.043274e+01,2.043274e+01,2.047468e+01,2.052358e+01,2.054453e+01,2.040477e+01,2.048865e+01,2.051660e+01,2.039778e+01,2.049564e+01,2.055850e+01,2.037679e+01,2.050262e+01,2.050262e+01
2.041875e+01,2.060736e+01,2.064225e+01,2.064225e+01,2.064923e+01,2.060736e+01,2.064923e+01,2.062132e+01,2.055850e+01,2.054453e+01,2.061434e+01,2.046769e+01,2.055152e+01,2.062830e+01,2.062132e+01,2.060736e+01,2.066318e+01,2.067016e+01,2.062132e+01,2.064225e+01,2.056548e+01,2.064225e+01,2.055152e+01,2.055850e+01,2.064225e+01,2.066318e+01,2.063528e+01,2.063528e+01,2.110166e+01,2.090702e+01,2.108777e+01,2.114333e+01,2.127514e+01,2.135830e+01,2.128207e+01,2.145524e+01,2.135830e+01,2.126127e+01,2.122660e+01,2.119191e+01,2.121966e+01,2.112250e+01,2.130980e+01,2.125434e+01,2.131673e+01,2.134445e+01,2.135830e+01,2.144140e+01,2.142063e+01,2.142063e+01,2.142063e+01,2.123353e+01,2.124047e+01,2.132366e+01,2.133059e+01,2.124047e+01,2.119191e+01,2.121966e+01,2.096962e+01,2.097658e+01,2.101829e+01,2.115721e+01,2.130980e+01,2.122660e+01,2.143448e+01,2.134445e+01,2.169028e+01,2.175240e+01,2.170409e+01,2.176620e+01,2.170409e+01,2.131673e+01,2.129594e+01,2.134445e+01,2.164884e+01,2.169028e+01,2.151059e+01,2.167647e+01,2.152443e+01,2.169028e+01,2.165575e+01,2.151751e+01,2.159356e+01,2.160048e+01,2.164884e+01,2.162121e+01,2.151751e+01,2.164193e+01,2.185586e+01,2.173860e+01,2.167647e+01,2.160048e+01,2.148292e+01,2.138601e+01,2.151751e+01,2.157974e+01,2.150368e+01,2.126127e+01,2.109472e+01,2.117109e+01,2.119885e+01,2.137216e+01,2.135830e+01,2.129594e+01,2.128901e+01,2.123353e+01,2.124740e+01,2.104609e+01,2.115027e+01,2.103219e+01,2.096267e+01,2.098353e+01,2.075382e+01,2.071897e+01,2.099048e+01,2.069805e+01,2.082348e+01,2.067713e+01,2.077472e+01,2.078866e+01,2.063528e+01,2.057944e+01,2.047468e+01,2.044672e+01,2.044672e+01,2.046070e+01,2.039078e+01,2.045371e+01,2.048865e+01,2.041875e+01,2.041875e+01,2.053057e+01,2.058643e+01,2.046070e+01,2.041176e+01,2.050262e+01,2.047468e+01,2.050961e+01,2.044672e+01,2.058643e+01,2.046769e+01,2.050961e+01,2.048166e+01,2.046070e+01,2.043973e+01,2.046070e+01,2.045371e+01,2.044672e+01,2.039778e+01,2.040477e+01,2.041176e+01,2.038379e+01,2.041176e+01,2.053755e+01,2.043973e+01,2.048166e+01,2.041875e+01,2.041176e+01,2.046070e+01,2.049564e+01,2.049564e+01,2.048865e+01,2.048166e+01,2.046769e+01,2.045371e+01,2.044672e+01,2.046769e+01,2.041176e+01,2.040477e+01,2.043973e+01,2.046769e+01,2.040477e+01,2.049564e+01,2.034181e+01,2.041875e+01,2.046769e+01,2.048865e+01,2.048166e+01,2.045371e+01,2.045371e+01,2.033481e+01,2.039778e+01,2.043274e+01,2.043973e+01,2.041875e+01,2.043973e+01,2.040477e+01,2.041875e+01,2.042575e+01,2.041176e+01,2.041875e+01,2.044672e+01,2.041875e+01,2.038379e+01,2.041875e+01,2.035581e+01,2.042575e+01,2.015971e+01,2.035581e+01,2.043274e+01,2.042575e+01,2.040477e+01,2.043274e+01,2.041875e+01,2.044672e+01,2.046769e+01,2.048865e+01,2.021578e+01,2.046769e+01,2.032782e+01,2.043274e+01,2.039778e+01,2.035581e+01,2.043973e+01,2.037679e+01,2.039078e+01,2.032782e+01,2.040477e+01,2.042575e+01,2.052358e+01,2.050262e+01,2.052358e+01,2.067713e+01,2.056548e+01,2.057246e+01,2.058643e+01,2.056548e+01,2.053755e+01,2.055152e+01,2.059340e+01,2.064923e+01,2.062830e+01,2.055850e+01,2.048865e+01,2.065621e+01,2.053057e+01,2.059340e+01,2.045371e+01,2.048865e+01,2.052358e+01,2.048166e+01,2.048865e+01,2.039778e+01,2.036280e+01,2.036980e+01,2.032082e+01,2.032082e+01,2.031382e+01,2.036280e+01,2.032782e+01,2.032782e+01,2.031382e+01,2.028582e+01,2.035581e+01,2.031382e+01,2.029982e+01,2.040477e+01,2.031382e+01,2.032082e+01,2.030682e+01,2.032082e+01,2.036980e+01,2.035581e+01,2.028582e+01,2.041176e+01,2.038379e+01,2.046070e+01,2.040477e+01,2.032782e+01,2.033481e+01,2.011063e+01,2.020877e+01,2.016672e+01,2.013868e+01,2.011063e+01,2.023680e+01,2.015971e+01,2.019476e+01,2.034881e+01,2.020177e+01,2.022278e+01,2.011764e+01,2.018074e+01,2.030682e+01,2.038379e+01,2.032782e+01,2.050961e+01,2.047468e+01,2.052358e+01,2.049564e+01,2.048865e+01,2.056548e+01,2.046769e+01,2.039778e+01,2.063528e+01,2.052358e+01,2.050961e+01,2.057944e+01,2.045371e+01,2.039778e+01,2.040477e+01,2.022979e+01,2.039078e+01,2.036280e+01,2.033481e+01,2.029982e+01,2.025080e+01,2.043973e+01,2.041176e+01,2.047468e+01,2.044672e+01,2.056548e+01,2.048865e+01,2.055850e+01,2.057246e+01,2.050961e+01,2.057246e+01,2.056548e+01,2.065621e+01,2.057944e+01,2.057944e+01,2.060039e+01,2.060736e+01,2.049564e+01,2.062132e+01,2.064225e+01,2.047468e+01,2.052358e+01,2.060039e+01,2.061434e+01,2.056548e+01,2.053057e+01,2.052358e+01,2.062132e+01,2.054453e+01,2.065621e+01,2.053057e+01,2.057944e+01,2.056548e+01,2.055152e+01,2.059340e+01,2.063528e+01,2.069108e+01,2.067016e+01,2.065621e+01,2.068410e+01,2.067713e+01,2.060039e+01,2.066318e+01,2.059340e+01,2.064225e+01,2.062830e+01,2.062830e+01,2.058643e+01,2.069108e+01,2.060736e+01,2.065621e+01,2.067016e+01,2.070502e+01,2.065621e+01,2.064225e+01,2.064923e+01,2.065621e+01,2.052358e+01,2.060736e+01,2.048166e+01,2.062132e+01,2.062132e+01,2.062830e+01,2.064225e+01,2.067713e+01,2.062830e+01,2.060736e+01,2.055850e+01,2.058643e+01,2.062132e+01,2.061434e+01,2.057944e+01,2.060736e+01,2.061434e+01,2.061434e+01,2.062830e+01,2.065621e+01,2.083741e+01,2.067016e+01,2.073988e+01,2.073291e+01,2.067713e+01,2.069805e+01,2.064923e+01,2.055152e+01,2.046769e+01,2.046769e+01,2.039778e+01,2.045371e+01,2.048166e+01,2.050262e+01,2.051660e+01,2.048166e+01,2.034181e+01,2.051660e+01,2.038379e+01,2.057246e+01,2.034181e+01,2.040477e+01,2.039078e+01,2.041875e+01,2.040477e+01,2.047468e+01,2.043274e+01,2.043973e+01,2.039778e+01,2.041875e+01,2.046070e+01,2.048166e+01,2.047468e+01,2.056548e+01,2.050262e+01,2.043973e+01,2.048865e+01,2.053057e+01,2.052358e+01,2.053057e+01,2.032082e+01,2.042575e+01,2.046769e+01,2.049564e+01,2.051660e+01,2.046769e+01,2.050961e+01,2.049564e+01,2.049564e+01,2.068410e+01,2.047468e+01,2.048865e+01,2.053057e+01,2.042575e+01,2.039078e+01,2.050961e+01,2.066318e+01,2.040477e+01,2.037679e+01,2.039078e+01,2.048166e+01,2.047468e+01,2.041176e+01,2.054453e+01,2.046070e+01,2.051660e+01,2.048166e+01,2.050262e+01,2.058643e+01,2.059340e+01,2.061434e+01,2.052358e+01,2.053057e+01,2.053755e+01,2.050262e+01,2.050262e+01,2.044672e+01,2.063528e+01,2.063528e+01,2.048865e+01,2.059340e+01,2.057944e+01,2.055850e+01,2.055152e+01,2.055152e+01,2.050262e+01,2.050961e+01,2.053057e+01,2.053057e+01,2.046070e+01,2.052358e+01,2.055850e+01,2.058643e+01,2.046769e+01,2.048865e+01,2.050262e+01,2.049564e+01,2.039778e+01,2.043973e+01,2.049564e+01,2.050262e+01,2.043973e+01,2.046070e+01,2.045371e+01,2.045371e+01,2.055850e+01,2.055152e+01,2.049564e+01,2.047468e+01,2.047468e+01,2.048865e+01,2.046070e+01,2.057246e+01,2.050262e+01,2.035581e+01,2.048166e+01,2.049564e+01,2.048865e+01,2.048865e+01,2.050262e+01,2.046769e+01,2.034181e+01,2.047468e+01,2.050961e+01,2.053057e+01,2.059340e+01,2.046070e+01,2.044672e+01,2.044672e+01,2.046769e+01,2.044672e+01,2.046769e+01,2.050262e+01,2.064225e+01,2.046070e+01,2.050262e+01,2.046070e+01,2.045371e+01,2.050961e+01,2.037679e+01,2.039078e+01,2.050961e+01,2.047468e+01,2.044672e+01,2.049564e+01,2.056548e+01,2.053755e+01,2.055152e+01,2.040477e+01,2.058643e+01,2.046769e+01,2.060736e+01,2.046769e+01,2.050961e+01,2.048166e+01,2.048865e+01,2.047468e+01,2.046769e+01,2.057246e+01,2.046769e+01,2.053057e+01,2.039778e+01,2.046070e+01,2.047468e+01,2.053755e+01,2.051660e+01,2.050961e+01,2.041176e+01,2.046070e+01,2.053057e+01,2.051660e+01,2.052358e+01,2.052358e+01,2.041176e+01,2.043973e+01,2.055152e+01,2.046070e+01,2.042575e+01,2.042575e+01,2.055152e+01,2.055152e+01,2.045371e+01,2.048166e+01,2.052358e+01,2.042575e+01,2.043973e+01,2.048166e+01,2.043973e+01,2.040477e+01,2.047468e+01,2.054453e+01,2.047468e+01,2.048166e+01,2.050262e+01,2.049564e+01,2.043973e+01,2.048865e+01,2.043973e+01,2.046070e+01,2.043274e+01,2.039778e+01,2.043274e+01,2.048865e+01,2.050262e+01,2.052358e+01,2.038379e+01,2.034181e+01,2.037679e+01,2.041176e+01,2.038379e+01,2.036280e+01,2.041875e+01,2.036280e+01,2.049564e+01,2.045371e+01,2.036980e+01,2.068410e+01,2.039778e+01,2.046769e+01,2.037679e+01,2.042575e+01,2.047468e+01,2.039778e+01,2.044672e+01,2.045371e+01,2.045371e+01,2.043274e+01,2.041176e+01,2.041875e+01,2.039778e+01,2.049564e+01,2.039078e+01,2.051660e+01,2.039778e+01,2.045371e+01,2.036980e+01,2.042575e+01,2.042575e+01,2.046070e+01,2.044672e+01,2.049564e+01,2.052358e+01,2.046769e+01,2.043274e+01,2.050262e+01,2.058643e+01,2.045371e+01,2.046769e+01,2.041875e+01,2.045371e+01,2.036980e+01,2.057246e+01,2.053755e+01,2.056548e+01,2.045371e+01,2.050262e+01,2.048865e+01
2.048166e+01,2.066318e+01,2.061434e+01,2.060039e+01,2.067713e+01,2.049564e+01,2.066318e+01,2.051660e+01,2.048865e+01,2.057246e+01,2.062132e+01,2.044672e+01,2.060039e+01,2.062132e+01,2.053755e+01,2.061434e+01,2.057246e+01,2.049564e+01,2.054453e+01,2.058643e+01,2.060736e+01,2.053057e+01,2.075382e+01,2.068410e+01,2.070502e+01,2.062830e+01,2.064923e+01,2.063528e+01,2.069108e+01,2.090702e+01,2.108083e+01,2.108777e+01,2.146216e+01,2.144140e+01,2.143448e+01,2.144140e+01,2.128207e+01,2.135138e+01,2.128901e+01,2.104609e+01,2.108083e+01,2.115721e+01,2.138601e+01,2.140678e+01,2.138601e+01,2.126821e+01,2.138601e+01,2.144832e+01,2.154517e+01,2.140678e+01,2.124047e+01,2.138601e+01,2.130287e+01,2.130287e+01,2.130287e+01,2.128207e+01,2.105999e+01,2.103219e+01,2.101829e+01,2.117109e+01,2.103914e+01,2.093485e+01,2.097658e+01,2.110166e+01,2.130980e+01,2.166265e+01,2.174550e+01,2.184897e+01,2.184897e+01,2.176620e+01,2.156592e+01,2.138601e+01,2.135138e+01,2.139986e+01,2.170409e+01,2.210373e+01,2.168337e+01,2.164193e+01,2.155900e+01,2.177310e+01,2.159356e+01,2.163503e+01,2.152443e+01,2.143448e+01,2.142756e+01,2.160048e+01,2.146216e+01,2.148984e+01,2.153134e+01,2.182139e+01,2.173170e+01,2.167647e+01,2.148292e+01,2.131673e+01,2.127514e+01,2.119885e+01,2.112944e+01,2.100439e+01,2.101134e+01,2.105304e+01,2.114333e+01,2.121272e+01,2.121966e+01,2.172480e+01,2.149676e+01,2.125434e+01,2.108083e+01,2.108083e+01,2.105999e+01,2.080259e+01,2.090702e+01,2.079562e+01,2.096267e+01,2.071897e+01,2.070502e+01,2.087222e+01,2.084437e+01,2.085830e+01,2.087222e+01,2.078866e+01,2.082348e+01,2.064225e+01,2.050961e+01,2.042575e+01,2.042575e+01,2.038379e+01,2.047468e+01,2.050961e+01,2.041176e+01,2.049564e+01,2.055850e+01,2.044672e+01,2.043274e+01,2.039778e+01,2.040477e+01,2.045371e+01,2.053057e+01,2.051660e+01,2.051660e+01,2.053755e+01,2.055850e+01,2.047468e+01,2.046769e+01,2.049564e+01,2.037679e+01,2.047468e+01,2.041176e+01,2.052358e+01,2.049564e+01,2.055850e+01,2.053755e+01,2.053057e+01,2.039778e+01,2.049564e+01,2.046070e+01,2.048865e+01,2.049564e+01,2.048166e+01,2.044672e+01,2.047468e+01,2.041875e+01,2.046070e+01,2.046070e+01,2.041875e+01,2.048865e+01,2.045371e+01,2.039078e+01,2.046070e+01,2.043973e+01,2.044672e+01,2.041176e+01,2.042575e+01,2.048166e+01,2.042575e+01,2.041875e+01,2.036980e+01,2.049564e+01,2.037679e+01,2.046070e+01,2.045371e+01,2.046769e+01,2.041176e+01,2.033481e+01,2.044672e+01,2.043274e+01,2.047468e+01,2.041176e+01,2.045371e+01,2.039078e+01,2.048865e+01,2.037679e+01,2.037679e+01,2.037679e+01,2.039078e+01,2.036980e+01,2.044672e+01,2.045371e+01,2.045371e+01,2.034881e+01,2.041176e+01,2.044672e+01,2.042575e+01,2.040477e+01,2.041875e+01,2.043973e+01,2.044672e+01,2.022278e+01,2.046769e+01,2.038379e+01,2.036980e+01,2.050262e+01,2.035581e+01,2.041176e+01,2.040477e+01,2.034881e+01,2.046769e+01,2.032782e+01,2.035581e+01,2.037679e+01,2.043973e+01,2.054453e+01,2.051660e+01,2.053755e+01,2.055152e+01,2.069805e+01,2.055850e+01,2.058643e+01,2.054453e+01,2.059340e+01,2.057944e+01,2.056548e+01,2.055152e+01,2.056548e+01,2.051660e+01,2.060736e+01,2.054453e+01,2.059340e+01,2.047468e+01,2.050262e+01,2.050262e+01,2.045371e+01,2.043973e+01,2.051660e+01,2.039778e+01,2.034181e+01,2.029982e+01,2.032082e+01,2.032782e+01,2.004047e+01,2.032782e+01,2.033481e+01,2.025080e+01,2.034881e+01,2.029282e+01,2.036980e+01,2.032082e+01,2.034881e+01,2.027881e+01,2.039078e+01,2.034181e+01,2.032082e+01,2.027881e+01,2.041176e+01,2.028582e+01,2.039778e+01,2.044672e+01,2.042575e+01,2.036980e+01,2.029282e+01,2.013167e+01,2.036980e+01,2.030682e+01,2.009660e+01,2.026481e+01,2.025080e+01,2.025080e+01,2.015270e+01,2.018074e+01,2.020177e+01,2.019476e+01,2.013167e+01,2.024380e+01,2.021578e+01,2.027181e+01,2.029282e+01,2.036980e+01,2.037679e+01,2.045371e+01,2.048166e+01,2.037679e+01,2.041875e+01,2.052358e+01,2.048865e+01,2.050262e+01,2.041176e+01,2.042575e+01,2.056548e+01,2.044672e+01,2.050961e+01,2.057246e+01,2.043274e+01,2.032082e+01,2.039778e+01,2.023680e+01,2.029982e+01,2.037679e+01,2.037679e+01,2.036280e+01,2.040477e+01,2.045371e+01,2.041875e+01,2.053755e+01,2.055152e+01,2.053057e+01,2.057246e+01,2.068410e+01,2.055850e+01,2.060736e+01,2.062830e+01,2.064225e+01,2.063528e+01,2.066318e+01,2.059340e+01,2.053755e+01,2.055850e+01,2.056548e+01,2.063528e+01,2.057246e+01,2.060039e+01,2.045371e+01,2.054453e+01,2.055152e+01,2.061434e+01,2.053057e+01,2.056548e+01,2.049564e+01,2.062830e+01,2.069108e+01,2.056548e+01,2.062132e+01,2.062132e+01,2.067016e+01,2.055152e+01,2.069108e+01,2.068410e+01,2.064923e+01,2.060736e+01,2.063528e+01,2.058643e+01,2.064923e+01,2.059340e+01,2.060736e+01,2.064225e+01,2.057944e+01,2.061434e+01,2.056548e+01,2.057944e+01,2.064923e+01,2.060736e+01,2.064225e+01,2.072594e+01,2.063528e+01,2.064225e+01,2.059340e+01,2.062132e+01,2.062830e+01,2.062830e+01,2.062132e+01,2.059340e+01,2.062132e+01,2.062830e+01,2.047468e+01,2.043274e+01,2.055850e+01,2.054453e+01,2.057246e+01,2.063528e+01,2.059340e+01,2.058643e+01,2.062132e+01,2.059340e+01,2.060736e+01,2.081652e+01,2.064923e+01,2.067713e+01,2.064923e+01,2.071200e+01,2.067016e+01,2.053057e+01,2.060039e+01,2.050262e+01,2.057246e+01,2.053057e+01,2.050262e+01,2.043973e+01,2.053057e+01,2.051660e+01,2.039078e+01,2.046070e+01,2.051660e+01,2.050262e+01,2.044672e+01,2.053755e+01,2.039078e+01,2.039778e+01,2.035581e+01,2.049564e+01,2.041176e+01,2.036280e+01,2.043973e+01,2.043973e+01,2.046769e+01,2.046070e+01,2.046769e+01,2.043274e+01,2.050262e+01,2.050961e+01,2.047468e+01,2.046070e+01,2.046070e+01,2.046769e+01,2.055152e+01,2.037679e+01,2.049564e+01,2.045371e+01,2.036280e+01,2.050262e+01,2.046769e+01,2.050262e+01,2.050262e+01,2.049564e+01,2.046769e+01,2.046769e+01,2.048166e+01,2.047468e+01,2.046070e+01,2.041176e+01,2.040477e+01,2.060736e+01,2.049564e+01,2.050262e+01,2.046070e+01,2.042575e+01,2.048166e+01,2.048166e+01,2.046769e+01,2.044672e+01,2.059340e+01,2.043973e+01,2.054453e+01,2.046769e+01,2.041875e+01,2.042575e+01,2.050961e+01,2.048865e+01,2.041875e+01,2.053057e+01,2.051660e+01,2.039778e+01,2.046769e+01,2.047468e+01,2.053057e+01,2.049564e+01,2.055152e+01,2.046769e+01,2.054453e+01,2.050262e+01,2.055152e+01,2.052358e+01,2.050262e+01,2.050961e+01,2.050262e+01,2.055152e+01,2.052358e+01,2.053057e+01,2.046769e+01,2.047468e+01,2.048166e+01,2.047468e+01,2.053057e+01,2.039778e+01,2.050961e+01,2.047468e+01,2.033481e+01,2.042575e+01,2.046070e+01,2.048166e+01,2.048166e+01,2.055152e+01,2.047468e+01,2.049564e+01,2.048166e+01,2.049564e+01,2.053057e+01,2.053057e+01,2.047468e+01,2.049564e+01,2.054453e+01,2.050961e+01,2.053755e+01,2.050262e+01,2.054453e+01,2.052358e+01,2.048166e+01,2.048865e+01,2.052358e+01,2.046070e+01,2.052358e+01,2.060039e+01,2.041875e+01,2.047468e+01,2.046769e+01,2.051660e+01,2.053755e+01,2.048166e+01,2.046070e+01,2.053057e+01,2.040477e+01,2.060736e+01,2.040477e+01,2.049564e+01,2.039778e+01,2.051660e+01,2.045371e+01,2.057944e+01,2.053057e+01,2.067016e+01,2.054453e+01,2.057246e+01,2.057246e+01,2.041176e+01,2.054453e+01,2.044672e+01,2.053057e+01,2.047468e+01,2.046070e+01,2.055152e+01,2.040477e+01,2.050262e+01,2.048865e+01,2.046070e+01,2.050262e+01,2.055152e+01,2.048166e+01,2.043274e+01,2.056548e+01,2.050961e+01,2.043973e+01,2.047468e+01,2.051660e+01,2.050262e+01,2.038379e+01,2.050961e+01,2.054453e+01,2.054453e+01,2.052358e+01,2.046769e+01,2.041875e+01,2.050262e+01,2.047468e+01,2.045371e+01,2.050961e+01,2.048166e+01,2.041875e+01,2.041875e+01,2.043274e+01,2.049564e+01,2.046070e+01,2.041176e+01,2.049564e+01,2.021578e+01,2.048865e+01,2.046070e+01,2.041176e+01,2.040477e+01,2.054453e+01,2.050262e+01,2.052358e+01,2.050961e+01,2.046070e+01,2.031382e+01,2.036980e+01,2.041176e+01,2.042575e+01,2.048166e+01,2.046769e+01,2.033481e+01,2.034181e+01,2.060736e+01,2.029982e+01,2.034881e+01,2.041875e+01,2.048166e+01,2.043973e+01,2.043274e+01,2.031382e+01,2.044672e+01,2.043274e+01,2.038379e+01,2.034881e+01,2.037679e+01,2.040477e+01,2.045371e+01,2.045371e+01,2.038379e+01,2.039778e+01,2.042575e+01,2.039078e+01,2.030682e+01,2.036280e+01,2.041875e+01,2.041176e+01,2.048865e+01,2.008959e+01,2.038379e+01,2.053755e+01,2.046070e+01,2.038379e+01,2.036980e+01,2.046070e+01,2.052358e+01,2.034881e+01,2.041176e+01,2.055152e+01,2.055152e+01,2.042575e+01,2.047468e+01,2.050262e+01,2.039778e+01,2.048166e+01,2.053057e+01,2.045371e+01,2.044672e+01,2.041875e+01,2.053057e+01,2.055152e+01,2.056548e+01,2.055152e+01,2.048166e+01,2.056548e+01
2.063528e+01,2.039078e+01,2.051660e+01,2.041875e+01,2.060039e+01,2.050961e+01,2.050961e+01,2.050262e+01,2.048865e+01,2.055850e+01,2.050262e+01,2.064225e+01,2.061434e+01,2.060736e+01,2.063528e+01,2.067016e+01,2.049564e+01,2.048865e+01,2.056548e+01,2.064225e+01,2.056548e+01,2.067016e+01,2.055850e+01,2.056548e+01,2.059340e+01,2.065621e+01,2.061434e+01,2.073988e+01,2.077472e+01,2.092789e+01,2.094876e+01,2.107388e+01,2.135138e+01,2.147600e+01,2.144140e+01,2.139986e+01,2.151059e+01,2.119885e+01,2.133059e+01,2.119191e+01,2.119191e+01,2.113638e+01,2.129594e+01,2.126821e+01,2.121272e+01,2.110166e+01,2.144140e+01,2.141371e+01,2.166956e+01,2.126821e+01,2.126821e+01,2.151751e+01,2.155209e+01,2.130980e+01,2.129594e+01,2.108777e+01,2.119191e+01,2.101829e+01,2.108777e+01,2.105999e+01,2.101134e+01,2.095572e+01,2.094180e+01,2.121966e+01,2.112944e+01,2.131673e+01,2.167647e+01,2.157974e+01,2.158665e+01,2.180759e+01,2.158665e+01,2.125434e+01,2.137216e+01,2.141371e+01,2.150368e+01,2.185586e+01,2.190411e+01,2.212436e+01,2.192477e+01,2.192477e+01,2.162812e+01,2.163503e+01,2.142756e+01,2.143448e+01,2.144140e+01,2.142756e+01,2.140678e+01,2.148292e+01,2.181449e+01,2.180070e+01,2.165575e+01,2.152443e+01,2.155209e+01,2.153826e+01,2.130980e+01,2.117803e+01,2.103914e+01,2.115027e+01,2.099744e+01,2.099048e+01,2.098353e+01,2.120579e+01,2.083045e+01,2.124740e+01,2.123353e+01,2.124047e+01,2.094876e+01,2.101829e+01,2.083741e+01,2.097658e+01,2.087222e+01,2.085134e+01,2.084437e+01,2.073291e+01,2.071897e+01,2.086526e+01,2.075382e+01,2.081652e+01,2.087918e+01,2.087918e+01,2.091398e+01,2.069108e+01,2.054453e+01,2.049564e+01,2.046769e+01,2.036980e+01,2.043973e+01,2.052358e+01,2.036980e+01,2.051660e+01,2.036280e+01,2.058643e+01,2.041875e+01,2.040477e+01,2.039078e+01,2.053057e+01,2.049564e+01,2.039778e+01,2.035581e+01,2.055850e+01,2.052358e+01,2.049564e+01,2.053755e+01,2.041176e+01,2.052358e+01,2.032782e+01,2.050262e+01,2.036980e+01,2.046769e+01,2.042575e+01,2.046070e+01,2.039778e+01,2.046070e+01,2.045371e+01,2.043973e+01,2.041176e+01,2.048166e+01,2.046070e+01,2.045371e+01,2.046769e+01,2.046769e+01,2.043973e+01,2.047468e+01,2.042575e+01,2.050961e+01,2.043274e+01,2.046070e+01,2.039778e+01,2.041176e+01,2.047468e+01,2.046070e+01,2.046769e+01,2.048166e+01,2.042575e+01,2.027181e+01,2.039078e+01,2.043274e+01,2.050262e+01,2.048166e+01,2.046769e+01,2.043274e+01,2.041176e+01,2.040477e+01,2.039778e+01,2.040477e+01,2.043274e+01,2.040477e+01,2.040477e+01,2.039078e+01,2.040477e+01,2.036280e+01,2.047468e+01,2.041875e+01,2.044672e+01,2.039078e+01,2.040477e+01,2.040477e+01,2.036980e+01,2.044672e+01,2.041875e+01,2.037679e+01,2.037679e+01,2.041875e+01,2.042575e+01,2.041176e+01,2.044672e+01,2.041176e+01,2.039778e+01,2.043274e+01,2.038379e+01,2.037679e+01,2.039778e+01,2.034181e+01,2.039078e+01,2.040477e+01,2.046769e+01,2.035581e+01,2.043973e+01,2.040477e+01,2.034881e+01,2.046070e+01,2.047468e+01,2.052358e+01,2.050961e+01,2.050961e+01,2.053755e+01,2.055152e+01,2.055152e+01,2.053057e+01,2.053755e+01,2.054453e+01,2.055152e+01,2.047468e+01,2.050961e+01,2.060039e+01,2.057246e+01,2.045371e+01,2.041176e+01,2.046070e+01,2.051660e+01,2.041176e+01,2.046769e+01,2.047468e+01,2.040477e+01,2.042575e+01,2.039778e+01,2.051660e+01,2.031382e+01,2.028582e+01,2.028582e+01,2.032782e+01,2.032782e+01,2.024380e+01,2.034181e+01,2.032082e+01,2.020877e+01,2.024380e+01,2.026481e+01,2.033481e+01,2.033481e+01,2.027181e+01,2.041176e+01,2.040477e+01,2.027881e+01,2.041176e+01,2.044672e+01,2.043973e+01,2.030682e+01,2.034181e+01,2.029982e+01,2.015270e+01,2.028582e+01,2.015971e+01,2.013868e+01,2.027881e+01,2.020177e+01,2.024380e+01,2.024380e+01,2.022278e+01,2.017373e+01,2.015270e+01,2.019476e+01,2.028582e+01,2.033481e+01,2.039778e+01,2.043274e+01,2.039778e+01,2.043973e+01,2.040477e+01,2.049564e+01,2.044672e+01,2.044672e+01,2.041176e+01,2.039078e+01,2.053057e+01,2.049564e+01,2.048865e+01,2.048166e+01,2.043973e+01,2.039778e+01,2.040477e+01,2.022979e+01,2.021578e+01,2.023680e+01,2.022278e+01,2.039078e+01,2.027881e+01,2.039778e+01,2.043274e+01,2.041176e+01,2.046769e+01,2.044672e+01,2.065621e+01,2.057944e+01,2.058643e+01,2.061434e+01,2.065621e+01,2.057944e+01,2.063528e+01,2.071200e+01,2.060039e+01,2.058643e+01,2.056548e+01,2.056548e+01,2.062132e+01,2.049564e+01,2.060039e+01,2.050961e+01,2.061434e+01,2.053755e+01,2.050961e+01,2.057944e+01,2.055152e+01,2.057944e+01,2.056548e+01,2.068410e+01,2.057246e+01,2.067016e+01,2.061434e+01,2.062132e+01,2.068410e+01,2.057944e+01,2.069805e+01,2.055850e+01,2.061434e+01,2.067713e+01,2.067016e+01,2.064923e+01,2.059340e+01,2.062132e+01,2.058643e+01,2.055152e+01,2.063528e+01,2.056548e+01,2.060736e+01,2.057944e+01,2.054453e+01,2.064225e+01,2.060039e+01,2.057944e+01,2.067713e+01,2.050262e+01,2.062830e+01,2.058643e+01,2.060736e+01,2.055850e+01,2.057246e+01,2.059340e+01,2.056548e+01,2.050961e+01,2.064923e+01,2.043973e+01,2.056548e+01,2.058643e+01,2.056548e+01,2.060039e+01,2.055850e+01,2.056548e+01,2.058643e+01,2.060736e+01,2.060039e+01,2.066318e+01,2.067016e+01,2.060039e+01,2.064923e+01,2.065621e+01,2.064923e+01,2.049564e+01,2.030682e+01,2.048166e+01,2.046070e+01,2.035581e+01,2.046070e+01,2.045371e+01,2.039078e+01,2.047468e+01,2.036980e+01,2.039778e+01,2.044672e+01,2.040477e+01,2.046070e+01,2.045371e+01,2.054453e+01,2.038379e+01,2.038379e+01,2.042575e+01,2.040477e+01,2.039078e+01,2.036980e+01,2.036980e+01,2.043973e+01,2.044672e+01,2.045371e+01,2.039778e+01,2.046070e+01,2.039778e+01,2.045371e+01,2.043973e+01,2.048166e+01,2.047468e+01,2.054453e+01,2.029282e+01,2.034181e+01,2.050961e+01,2.043274e+01,2.054453e+01,2.039078e+01,2.074685e+01,2.039078e+01,2.045371e+01,2.045371e+01,2.044672e+01,2.053755e+01,2.047468e+01,2.046070e+01,2.048166e+01,2.053057e+01,2.054453e+01,2.055850e+01,2.047468e+01,2.038379e+01,2.046769e+01,2.043274e+01,2.057246e+01,2.049564e+01,2.039078e+01,2.054453e+01,2.053057e+01,2.048166e+01,2.062830e+01,2.060736e+01,2.043973e+01,2.055152e+01,2.043973e+01,2.044672e+01,2.050262e+01,2.056548e+01,2.047468e+01,2.047468e+01,2.048865e+01,2.048865e+01,2.050262e+01,2.057944e+01,2.043973e+01,2.053755e+01,2.054453e+01,2.050262e+01,2.057246e+01,2.052358e+01,2.053755e+01,2.055152e+01,2.055850e+01,2.049564e+01,2.054453e+01,2.053057e+01,2.054453e+01,2.047468e+01,2.047468e+01,2.050262e+01,2.064225e+01,2.043973e+01,2.038379e+01,2.044672e+01,2.043274e+01,2.047468e+01,2.049564e+01,2.041176e+01,2.046070e+01,2.059340e+01,2.048865e+01,2.046070e+01,2.050262e+01,2.051660e+01,2.045371e+01,2.046070e+01,2.049564e+01,2.051660e+01,2.046769e+01,2.049564e+01,2.049564e+01,2.046070e+01,2.046070e+01,2.043973e+01,2.046070e+01,2.054453e+01,2.054453e+01,2.044672e+01,2.053057e+01,2.048865e+01,2.039078e+01,2.041875e+01,2.043973e+01,2.041176e+01,2.039078e+01,2.050961e+01,2.048865e+01,2.040477e+01,2.061434e+01,2.046769e+01,2.046769e+01,2.041875e+01,2.064225e+01,2.039778e+01,2.051660e+01,2.043274e+01,2.055152e+01,2.049564e+01,2.044672e+01,2.055152e+01,2.045371e+01,2.050262e+01,2.055850e+01,2.047468e+01,2.049564e+01,2.050262e+01,2.045371e+01,2.047468e+01,2.035581e+01,2.047468e+01,2.041176e+01,2.046070e+01,2.046070e+01,2.048865e+01,2.050262e+01,2.047468e+01,2.053755e+01,2.050961e+01,2.040477e+01,2.053755e+01,2.048166e+01,2.048865e+01,2.053755e+01,2.050262e+01,2.045371e+01,2.050262e+01,2.055152e+01,2.054453e+01,2.051660e+01,2.047468e+01,2.051660e+01,2.032082e+01,2.036280e+01,2.053057e+01,2.041176e+01,2.045371e+01,2.043274e+01,2.044672e+01,2.023680e+01,2.041176e+01,2.043973e+01,2.047468e+01,2.041176e+01,2.041176e+01,2.028582e+01,2.043274e+01,2.041176e+01,2.056548e+01,2.046070e+01,2.051660e+01,2.054453e+01,2.033481e+01,2.039778e+01,2.057246e+01,2.039078e+01,2.037679e+01,2.048865e+01,2.039078e+01,2.048865e+01,2.039778e+01,2.041875e+01,2.038379e+01,2.045371e+01,2.044672e+01,2.046070e+01,2.047468e+01,2.034881e+01,2.028582e+01,2.046070e+01,2.035581e+01,2.041176e+01,2.041176e+01,2.037679e+01,2.036980e+01,2.037679e+01,2.048865e+01,2.037679e+01,2.034881e+01,2.044672e+01,2.045371e+01,2.044672e+01,2.046070e+01,2.042575e+01,2.044672e+01,2.045371e+01,2.050262e+01,2.042575e+01,2.046070e+01,2.050262e+01,2.043973e+01,2.057246e+01,2.046769e+01,2.041176e+01,2.036280e+01,2.053057e+01,2.048865e+01,2.041176e+01,2.051660e+01,2.042575e+01,2.056548e+01,2.039078e+01,2.042575e+01,2.051660e+01,2.046769e+01,2.038379e+01,2.051660e+01,2.039778e+01,2.048865e+01,2.053057e+01,2.047468e+01,2.060736e+01
2.064225e+01,2.057944e+01,2.039778e+01,2.065621e+01,2.060039e+01,2.056548e+01,2.057944e+01,2.060039e+01,2.053057e+01,2.061434e+01,2.056548e+01,2.060736e+01,2.042575e+01,2.057246e+01,2.057246e+01,2.062132e+01,2.064923e+01,2.050262e+01,2.059340e+01,2.055850e+01,2.055850e+01,2.064923e+01,2.057944e+01,2.060039e+01,2.063528e+01,2.073988e+01,2.063528e+01,2.078169e+01,2.068410e+01,2.096267e+01,2.104609e+01,2.131673e+01,2.144140e+01,2.139293e+01,2.148292e+01,2.137908e+01,2.135830e+01,2.146216e+01,2.143448e+01,2.142756e+01,2.123353e+01,2.131673e+01,2.136523e+01,2.122660e+01,2.128207e+01,2.132366e+01,2.130287e+01,2.148292e+01,2.166956e+01,2.144832e+01,2.151059e+01,2.169028e+01,2.144832e+01,2.145524e+01,2.116415e+01,2.132366e+01,2.119885e+01,2.122660e+01,2.101134e+01,2.129594e+01,2.117109e+01,2.121272e+01,2.104609e+01,2.103219e+01,2.108777e+01,2.110861e+01,2.129594e+01,2.146216e+01,2.147600e+01,2.145524e+01,2.123353e+01,2.111555e+01,2.104609e+01,2.139986e+01,2.171099e+01,2.185586e+01,2.212436e+01,2.213124e+01,2.195921e+01,2.192477e+01,2.194544e+01,2.157974e+01,2.126127e+01,2.134445e+01,2.142756e+01,2.133752e+01,2.137908e+01,2.159356e+01,2.164884e+01,2.161430e+01,2.149676e+01,2.135830e+01,2.148984e+01,2.146908e+01,2.136523e+01,2.124047e+01,2.119191e+01,2.128901e+01,2.119191e+01,2.098353e+01,2.110861e+01,2.099048e+01,2.095572e+01,2.096267e+01,2.099048e+01,2.099048e+01,2.101134e+01,2.099048e+01,2.099744e+01,2.085134e+01,2.094876e+01,2.085134e+01,2.081652e+01,2.092789e+01,2.073291e+01,2.072594e+01,2.080259e+01,2.086526e+01,2.085830e+01,2.108777e+01,2.090006e+01,2.108083e+01,2.063528e+01,2.049564e+01,2.055152e+01,2.046070e+01,2.040477e+01,2.045371e+01,2.043973e+01,2.046769e+01,2.055850e+01,2.052358e+01,2.045371e+01,2.048865e+01,2.051660e+01,2.047468e+01,2.053057e+01,2.056548e+01,2.043274e+01,2.051660e+01,2.055152e+01,2.057246e+01,2.041875e+01,2.043274e+01,2.041875e+01,2.052358e+01,2.041176e+01,2.048166e+01,2.044672e+01,2.041875e+01,2.055152e+01,2.051660e+01,2.048865e+01,2.050262e+01,2.049564e+01,2.044672e+01,2.050961e+01,2.047468e+01,2.051660e+01,2.048865e+01,2.048865e+01,2.046769e+01,2.043973e+01,2.041875e+01,2.044672e+01,2.050961e+01,2.048865e+01,2.042575e+01,2.048865e+01,2.056548e+01,2.046070e+01,2.045371e+01,2.050262e+01,2.043973e+01,2.041176e+01,2.044672e+01,2.036280e+01,2.045371e+01,2.053755e+01,2.049564e+01,2.046070e+01,2.036280e+01,2.049564e+01,2.040477e+01,2.053755e+01,2.038379e+01,2.043274e+01,2.040477e+01,2.038379e+01,2.037679e+01,2.028582e+01,2.041176e+01,2.041176e+01,2.039078e+01,2.042575e+01,2.042575e+01,2.047468e+01,2.051660e+01,2.039778e+01,2.039078e+01,2.039778e+01,2.039078e+01,2.043274e+01,2.041176e+01,2.050961e+01,2.041176e+01,2.041875e+01,2.039778e+01,2.043274e+01,2.046769e+01,2.041875e+01,2.041176e+01,2.040477e+01,2.046769e+01,2.039778e+01,2.041176e+01,2.041176e+01,2.041176e+01,2.036980e+01,2.049564e+01,2.045371e+01,2.057944e+01,2.047468e+01,2.060039e+01,2.049564e+01,2.050961e+01,2.057246e+01,2.050262e+01,2.056548e+01,2.049564e+01,2.055152e+01,2.050262e+01,2.048166e+01,2.041875e+01,2.045371e+01,2.039078e+01,2.050262e+01,2.041176e+01,2.044672e+01,2.049564e+01,2.058643e+01,2.054453e+01,2.046769e+01,2.042575e+01,2.046769e+01,2.037679e+01,2.034181e+01,2.033481e+01,2.030682e+01,2.023680e+01,2.027181e+01,2.030682e+01,2.029982e+01,2.018775e+01,2.029982e+01,2.024380e+01,2.029282e+01,2.021578e+01,2.027181e+01,2.031382e+01,2.032082e+01,2.025781e+01,2.039078e+01,2.035581e+01,2.036980e+01,2.042575e+01,2.040477e+01,2.035581e+01,2.036280e+01,2.047468e+01,2.030682e+01,2.030682e+01,2.032782e+01,2.029982e+01,2.022278e+01,2.020877e+01,2.024380e+01,2.029982e+01,2.034181e+01,2.020877e+01,2.013167e+01,2.017373e+01,2.035581e+01,2.024380e+01,2.038379e+01,2.036280e+01,2.043274e+01,2.047468e+01,2.043274e+01,2.048166e+01,2.044672e+01,2.050961e+01,2.053057e+01,2.050262e+01,2.050961e+01,2.051660e+01,2.054453e+01,2.035581e+01,2.039078e+01,2.043274e+01,2.020877e+01,2.029982e+01,2.032082e+01,2.030682e+01,2.034181e+01,2.034881e+01,2.037679e+01,2.039778e+01,2.050262e+01,2.049564e+01,2.054453e+01,2.048865e+01,2.053755e+01,2.067016e+01,2.046769e+01,2.063528e+01,2.067016e+01,2.060039e+01,2.064923e+01,2.063528e+01,2.060736e+01,2.058643e+01,2.057944e+01,2.056548e+01,2.070502e+01,2.051660e+01,2.069108e+01,2.047468e+01,2.054453e+01,2.062132e+01,2.060039e+01,2.055152e+01,2.055152e+01,2.068410e+01,2.063528e+01,2.068410e+01,2.070502e+01,2.068410e+01,2.062132e+01,2.062830e+01,2.057944e+01,2.069805e+01,2.067016e+01,2.056548e+01,2.066318e+01,2.067016e+01,2.064225e+01,2.060736e+01,2.066318e+01,2.066318e+01,2.068410e+01,2.060039e+01,2.057246e+01,2.060736e+01,2.060039e+01,2.064225e+01,2.062830e+01,2.053755e+01,2.069108e+01,2.055152e+01,2.058643e+01,2.057944e+01,2.060736e+01,2.063528e+01,2.067016e+01,2.064225e+01,2.062132e+01,2.060039e+01,2.064225e+01,2.064923e+01,2.071897e+01,2.055152e+01,2.051660e+01,2.057944e+01,2.054453e+01,2.057944e+01,2.056548e+01,2.056548e+01,2.053755e+01,2.053755e+01,2.066318e+01,2.064923e+01,2.067713e+01,2.064225e+01,2.064225e+01,2.068410e+01,2.064923e+01,2.055850e+01,2.051660e+01,2.048166e+01,2.055152e+01,2.049564e+01,2.041176e+01,2.033481e+01,2.050961e+01,2.056548e+01,2.041875e+01,2.050262e+01,2.036980e+01,2.036280e+01,2.054453e+01,2.043973e+01,2.048166e+01,2.044672e+01,2.043274e+01,2.037679e+01,2.040477e+01,2.043274e+01,2.043973e+01,2.041875e+01,2.046070e+01,2.043274e+01,2.048865e+01,2.032782e+01,2.048865e+01,2.055152e+01,2.054453e+01,2.055152e+01,2.046769e+01,2.043973e+01,2.054453e+01,2.030682e+01,2.039078e+01,2.040477e+01,2.055850e+01,2.043274e+01,2.044672e+01,2.060039e+01,2.039778e+01,2.057246e+01,2.057246e+01,2.047468e+01,2.049564e+01,2.050961e+01,2.048166e+01,2.053755e+01,2.038379e+01,2.057246e+01,2.057944e+01,2.049564e+01,2.053755e+01,2.050961e+01,2.050961e+01,2.057246e+01,2.053057e+01,2.055152e+01,2.046070e+01,2.046769e+01,2.050961e+01,2.049564e+01,2.053755e+01,2.046070e+01,2.039778e+01,2.067713e+01,2.043973e+01,2.060736e+01,2.043274e+01,2.067016e+01,2.053755e+01,2.048166e+01,2.048166e+01,2.050262e+01,2.050961e+01,2.056548e+01,2.053057e+01,2.057246e+01,2.047468e+01,2.057246e+01,2.056548e+01,2.060736e+01,2.060736e+01,2.048166e+01,2.059340e+01,2.050961e+01,2.054453e+01,2.047468e+01,2.050961e+01,2.056548e+01,2.049564e+01,2.051660e+01,2.046769e+01,2.046769e+01,2.041176e+01,2.057944e+01,2.046070e+01,2.057246e+01,2.057246e+01,2.046769e+01,2.053755e+01,2.046070e+01,2.047468e+01,2.050961e+01,2.048166e+01,2.046769e+01,2.057246e+01,2.052358e+01,2.049564e+01,2.053755e+01,2.050262e+01,2.052358e+01,2.046769e+01,2.055850e+01,2.045371e+01,2.042575e+01,2.051660e+01,2.053755e+01,2.046769e+01,2.046769e+01,2.049564e+01,2.047468e+01,2.044672e+01,2.043274e+01,2.044672e+01,2.043973e+01,2.038379e+01,2.066318e+01,2.051660e+01,2.039778e+01,2.062830e+01,2.060039e+01,2.044672e+01,2.047468e+01,2.053057e+01,2.060039e+01,2.040477e+01,2.055850e+01,2.048166e+01,2.046070e+01,2.056548e+01,2.049564e+01,2.046070e+01,2.055850e+01,2.050262e+01,2.048166e+01,2.050262e+01,2.051660e+01,2.049564e+01,2.046769e+01,2.043274e+01,2.042575e+01,2.040477e+01,2.048865e+01,2.053755e+01,2.050961e+01,2.047468e+01,2.051660e+01,2.050262e+01,2.050961e+01,2.049564e+01,2.044672e+01,2.042575e+01,2.050961e+01,2.041176e+01,2.039078e+01,2.047468e+01,2.051660e+01,2.049564e+01,2.052358e+01,2.053755e+01,2.047468e+01,2.046070e+01,2.053057e+01,2.055152e+01,2.048865e+01,2.048865e+01,2.039778e+01,2.044672e+01,2.048166e+01,2.044672e+01,2.041176e+01,2.046070e+01,2.042575e+01,2.041176e+01,2.058643e+01,2.056548e+01,2.037679e+01,2.044672e+01,2.053057e+01,2.034881e+01,2.054453e+01,2.039078e+01,2.048166e+01,2.041875e+01,2.047468e+01,2.046769e+01,2.037679e+01,2.046769e+01,2.046070e+01,2.034181e+01,2.033481e+01,2.034881e+01,2.041176e+01,2.043973e+01,2.044672e+01,2.046070e+01,2.042575e+01,2.044672e+01,2.040477e+01,2.050262e+01,2.048865e+01,2.038379e+01,2.048865e+01,2.049564e+01,2.037679e+01,2.051660e+01,2.039078e+01,2.054453e+01,2.050961e+01,2.048166e+01,2.048166e+01,2.043973e+01,2.049564e+01,2.048865e+01,2.048166e+01,2.049564e+01,2.061434e+01,2.064923e+01,2.043973e+01,2.044672e+01,2.034181e+01,2.055152e+01,2.043274e+01,2.043274e+01,2.043973e+01,2.041176e+01,2.062132e+01,2.037679e+01,2.051660e+01,2.057246e+01,2.050262e+01,2.043274e+01,2.052358e+01,2.050262e+01,2.047468e+01,2.043274e+01,2.058643e+01,2.057246e+01,2.049564e+01,2.041176e+01,2.056548e+01
2.055850e+01,2.057944e+01,2.055152e+01,2.060736e+01,2.051660e+01,2.060039e+01,2.057246e+01,2.067713e+01,2.057944e+01,2.078866e+01,2.057246e+01,2.062830e+01,2.062830e+01,2.065621e+01,2.063528e+01,2.073291e+01,2.051660e+01,2.056548e+01,2.055850e+01,2.060736e+01,2.062830e+01,2.067016e+01,2.060736e+01,2.059340e+01,2.078866e+01,2.083045e+01,2.083741e+01,2.087918e+01,2.080259e+01,2.128207e+01,2.142756e+01,2.131673e+01,2.136523e+01,2.137216e+01,2.133752e+01,2.133752e+01,2.155900e+01,2.160048e+01,2.178690e+01,2.164884e+01,2.137216e+01,2.134445e+01,2.157283e+01,2.131673e+01,2.117803e+01,2.111555e+01,2.117803e+01,2.143448e+01,2.146908e+01,2.151059e+01,2.160048e+01,2.150368e+01,2.133059e+01,2.164193e+01,2.121966e+01,2.121966e+01,2.115027e+01,2.121272e+01,2.126821e+01,2.131673e+01,2.112944e+01,2.128207e+01,2.097658e+01,2.097658e+01,2.113638e+01,2.099744e+01,2.117803e+01,2.128207e+01,2.129594e+01,2.126127e+01,2.130287e+01,2.107388e+01,2.135830e+01,2.145524e+01,2.174550e+01,2.166956e+01,2.173170e+01,2.191100e+01,2.165575e+01,2.164884e+01,2.158665e+01,2.129594e+01,2.119885e+01,2.126127e+01,2.145524e+01,2.126821e+01,2.152443e+01,2.169028e+01,2.159356e+01,2.169028e+01,2.148292e+01,2.144140e+01,2.139293e+01,2.151751e+01,2.145524e+01,2.123353e+01,2.115027e+01,2.124740e+01,2.118497e+01,2.121966e+01,2.117803e+01,2.096267e+01,2.094180e+01,2.092093e+01,2.094180e+01,2.094180e+01,2.100439e+01,2.094180e+01,2.093485e+01,2.098353e+01,2.093485e+01,2.093485e+01,2.080259e+01,2.092093e+01,2.092789e+01,2.095572e+01,2.087918e+01,2.090006e+01,2.086526e+01,2.107388e+01,2.096267e+01,2.090702e+01,2.071897e+01,2.062830e+01,2.048166e+01,2.050961e+01,2.060736e+01,2.041875e+01,2.041176e+01,2.045371e+01,2.045371e+01,2.048865e+01,2.050961e+01,2.050262e+01,2.041176e+01,2.041176e+01,2.046769e+01,2.043274e+01,2.037679e+01,2.055850e+01,2.053755e+01,2.042575e+01,2.055152e+01,2.040477e+01,2.043973e+01,2.050262e+01,2.042575e+01,2.046769e+01,2.046769e+01,2.045371e+01,2.048166e+01,2.049564e+01,2.051660e+01,2.050262e+01,2.050961e+01,2.051660e+01,2.050961e+01,2.046769e+01,2.048166e+01,2.047468e+01,2.048865e+01,2.045371e+01,2.039778e+01,2.042575e+01,2.044672e+01,2.043973e+01,2.049564e+01,2.050262e+01,2.042575e+01,2.041875e+01,2.038379e+01,2.049564e+01,2.040477e+01,2.036980e+01,2.036980e+01,2.036980e+01,2.054453e+01,2.046769e+01,2.048166e+01,2.039078e+01,2.043274e+01,2.043274e+01,2.046070e+01,2.041176e+01,2.040477e+01,2.037679e+01,2.041176e+01,2.039078e+01,2.039778e+01,2.041176e+01,2.037679e+01,2.042575e+01,2.041176e+01,2.040477e+01,2.039078e+01,2.037679e+01,2.052358e+01,2.050961e+01,2.045371e+01,2.034881e+01,2.037679e+01,2.046070e+01,2.042575e+01,2.041875e+01,2.043274e+01,2.037679e+01,2.042575e+01,2.041875e+01,2.048166e+01,2.040477e+01,2.039778e+01,2.041875e+01,2.046769e+01,2.041875e+01,2.040477e+01,2.038379e+01,2.040477e+01,2.043274e+01,2.043973e+01,2.057246e+01,2.049564e+01,2.048865e+01,2.052358e+01,2.050961e+01,2.057944e+01,2.055152e+01,2.055850e+01,2.055850e+01,2.055152e+01,2.055152e+01,2.050961e+01,2.059340e+01,2.057246e+01,2.053755e+01,2.053755e+01,2.043973e+01,2.045371e+01,2.048166e+01,2.044672e+01,2.045371e+01,2.047468e+01,2.040477e+01,2.043973e+01,2.049564e+01,2.053057e+01,2.039078e+01,2.035581e+01,2.034181e+01,2.028582e+01,2.026481e+01,2.028582e+01,2.020877e+01,2.026481e+01,2.029982e+01,2.018074e+01,2.018074e+01,2.022278e+01,2.027181e+01,2.019476e+01,2.028582e+01,2.046070e+01,2.043274e+01,2.057944e+01,2.044672e+01,2.040477e+01,2.039078e+01,2.049564e+01,2.050961e+01,2.041875e+01,2.047468e+01,2.041875e+01,2.030682e+01,2.022979e+01,2.026481e+01,2.020177e+01,2.026481e+01,2.032082e+01,2.021578e+01,2.033481e+01,2.024380e+01,2.025080e+01,2.022979e+01,2.025080e+01,2.036980e+01,2.039778e+01,2.032782e+01,2.036980e+01,2.041875e+01,2.048865e+01,2.054453e+01,2.051660e+01,2.051660e+01,2.052358e+01,2.049564e+01,2.052358e+01,2.050961e+01,2.051660e+01,2.041176e+01,2.052358e+01,2.032782e+01,2.046070e+01,2.031382e+01,2.029282e+01,2.027881e+01,2.027881e+01,2.029282e+01,2.030682e+01,2.037679e+01,2.041875e+01,2.061434e+01,2.052358e+01,2.053755e+01,2.062132e+01,2.068410e+01,2.064225e+01,2.062132e+01,2.067713e+01,2.060736e+01,2.062132e+01,2.062132e+01,2.061434e+01,2.062132e+01,2.055850e+01,2.050961e+01,2.051660e+01,2.045371e+01,2.055152e+01,2.060736e+01,2.050262e+01,2.057246e+01,2.060039e+01,2.060736e+01,2.056548e+01,2.055152e+01,2.068410e+01,2.061434e+01,2.058643e+01,2.067713e+01,2.066318e+01,2.065621e+01,2.065621e+01,2.066318e+01,2.067016e+01,2.065621e+01,2.066318e+01,2.057246e+01,2.054453e+01,2.059340e+01,2.053755e+01,2.067016e+01,2.064225e+01,2.060736e+01,2.062830e+01,2.058643e+01,2.060736e+01,2.061434e+01,2.057944e+01,2.064923e+01,2.061434e+01,2.061434e+01,2.043973e+01,2.064923e+01,2.060736e+01,2.058643e+01,2.054453e+01,2.069805e+01,2.055152e+01,2.067016e+01,2.057944e+01,2.082348e+01,2.062830e+01,2.060736e+01,2.062132e+01,2.056548e+01,2.062132e+01,2.050961e+01,2.056548e+01,2.049564e+01,2.062830e+01,2.060039e+01,2.050961e+01,2.057944e+01,2.062830e+01,2.067016e+01,2.064225e+01,2.050262e+01,2.064923e+01,2.059340e+01,2.064225e+01,2.052358e+01,2.050262e+01,2.051660e+01,2.046769e+01,2.044672e+01,2.045371e+01,2.047468e+01,2.040477e+01,2.037679e+01,2.053755e+01,2.042575e+01,2.046769e+01,2.047468e+01,2.041875e+01,2.043973e+01,2.046769e+01,2.040477e+01,2.043274e+01,2.042575e+01,2.048865e+01,2.044672e+01,2.041176e+01,2.053755e+01,2.048166e+01,2.048865e+01,2.044672e+01,2.060736e+01,2.046769e+01,2.047468e+01,2.051660e+01,2.047468e+01,2.047468e+01,2.054453e+01,2.039778e+01,2.045371e+01,2.044672e+01,2.060736e+01,2.045371e+01,2.041875e+01,2.060736e+01,2.041176e+01,2.050961e+01,2.050262e+01,2.050961e+01,2.050262e+01,2.039078e+01,2.050961e+01,2.043973e+01,2.053755e+01,2.048166e+01,2.050262e+01,2.046769e+01,2.050961e+01,2.051660e+01,2.050961e+01,2.052358e+01,2.047468e+01,2.053057e+01,2.049564e+01,2.052358e+01,2.043274e+01,2.045371e+01,2.041176e+01,2.057246e+01,2.053057e+01,2.046070e+01,2.060736e+01,2.055152e+01,2.050961e+01,2.050262e+01,2.052358e+01,2.045371e+01,2.066318e+01,2.052358e+01,2.049564e+01,2.059340e+01,2.061434e+01,2.055152e+01,2.053057e+01,2.053755e+01,2.053755e+01,2.053755e+01,2.060039e+01,2.050961e+01,2.046769e+01,2.048865e+01,2.041875e+01,2.051660e+01,2.053755e+01,2.053057e+01,2.047468e+01,2.055850e+01,2.041875e+01,2.057944e+01,2.058643e+01,2.057246e+01,2.057246e+01,2.052358e+01,2.056548e+01,2.051660e+01,2.055152e+01,2.062830e+01,2.050961e+01,2.057944e+01,2.052358e+01,2.056548e+01,2.046070e+01,2.055152e+01,2.053755e+01,2.049564e+01,2.050262e+01,2.046070e+01,2.047468e+01,2.060039e+01,2.049564e+01,2.053057e+01,2.053057e+01,2.050262e+01,2.047468e+01,2.060039e+01,2.057944e+01,2.057246e+01,2.048865e+01,2.046070e+01,2.049564e+01,2.058643e+01,2.049564e+01,2.048865e+01,2.039078e+01,2.044672e+01,2.039778e+01,2.045371e+01,2.055850e+01,2.057944e+01,2.053755e+01,2.050262e+01,2.053755e+01,2.050961e+01,2.054453e+01,2.054453e+01,2.045371e+01,2.052358e+01,2.049564e+01,2.053755e+01,2.049564e+01,2.037679e+01,2.046769e+01,2.047468e+01,2.039078e+01,2.041875e+01,2.046769e+01,2.047468e+01,2.047468e+01,2.043973e+01,2.051660e+01,2.043973e+01,2.049564e+01,2.053755e+01,2.053755e+01,2.050262e+01,2.044672e+01,2.053057e+01,2.048865e+01,2.047468e+01,2.039778e+01,2.048166e+01,2.051660e+01,2.049564e+01,2.056548e+01,2.054453e+01,2.054453e+01,2.052358e+01,2.057246e+01,2.048865e+01,2.053755e+01,2.054453e+01,2.056548e+01,2.044672e+01,2.049564e+01,2.037679e+01,2.047468e+01,2.044672e+01,2.036980e+01,2.053057e+01,2.042575e+01,2.053755e+01,2.054453e+01,2.042575e+01,2.044672e+01,2.056548e+01,2.054453e+01,2.050961e+01,2.053057e+01,2.044672e+01,2.043973e+01,2.041176e+01,2.046070e+01,2.035581e+01,2.041875e+01,2.048865e+01,2.048166e+01,2.042575e+01,2.050262e+01,2.044672e+01,2.046070e+01,2.041176e+01,2.049564e+01,2.049564e+01,2.051660e+01,2.036980e+01,2.049564e+01,2.043973e+01,2.040477e+01,2.046769e+01,2.048166e+01,2.051660e+01,2.047468e+01,2.049564e+01,2.046769e+01,2.051660e+01,2.045371e+01,2.035581e+01,2.048865e+01,2.050262e+01,2.052358e+01,2.048865e+01,2.053057e+01,2.046769e+01,2.056548e+01,2.050262e+01,2.047468e+01,2.044672e+01,2.043274e+01,2.052358e+01,2.048166e+01,2.046769e+01,2.048166e+01,2.052358e+01,2.039778e+01,2.042575e+01,2.046070e+01,2.043973e+01,2.043973e+01,2.049564e+01,2.048865e+01,2.050262e+01,2.041176e+01,2.043973e+01,2.052358e+01,2.048166e+01,2.052358e+01
2.057944e+01,2.059340e+01,2.053057e+01,2.060039e+01,2.064923e+01,2.071200e+01,2.051660e+01,2.060039e+01,2.056548e+01,2.045371e+01,2.051660e+01,2.062830e+01,2.054453e+01,2.073291e+01,2.057246e+01,2.048865e+01,2.054453e+01,2.069108e+01,2.057246e+01,2.060039e+01,2.059340e+01,2.060736e+01,2.059340e+01,2.071200e+01,2.067016e+01,2.080955e+01,2.088614e+01,2.106693e+01,2.117109e+01,2.128901e+01,2.133752e+01,2.147600e+01,2.162121e+01,2.145524e+01,2.135138e+01,2.164884e+01,2.148984e+01,2.180759e+01,2.186275e+01,2.196610e+01,2.167647e+01,2.157283e+01,2.135138e+01,2.141371e+01,2.129594e+01,2.118497e+01,2.115721e+01,2.126821e+01,2.145524e+01,2.135138e+01,2.137908e+01,2.131673e+01,2.127514e+01,2.132366e+01,2.135830e+01,2.137908e+01,2.125434e+01,2.115721e+01,2.111555e+01,2.115027e+01,2.132366e+01,2.131673e+01,2.096962e+01,2.117109e+01,2.110861e+01,2.097658e+01,2.099048e+01,2.117803e+01,2.126127e+01,2.133752e+01,2.143448e+01,2.126127e+01,2.138601e+01,2.165575e+01,2.177310e+01,2.174550e+01,2.158665e+01,2.162121e+01,2.188343e+01,2.163503e+01,2.143448e+01,2.144832e+01,2.145524e+01,2.126127e+01,2.129594e+01,2.146908e+01,2.186965e+01,2.191100e+01,2.193166e+01,2.188343e+01,2.153134e+01,2.138601e+01,2.151751e+01,2.153826e+01,2.152443e+01,2.141371e+01,2.110861e+01,2.135138e+01,2.127514e+01,2.131673e+01,2.123353e+01,2.114333e+01,2.091398e+01,2.090006e+01,2.082348e+01,2.078866e+01,2.086526e+01,2.096267e+01,2.097658e+01,2.096267e+01,2.104609e+01,2.104609e+01,2.098353e+01,2.098353e+01,2.087222e+01,2.113638e+01,2.111555e+01,2.083741e+01,2.095572e+01,2.093485e+01,2.092093e+01,2.097658e+01,2.092789e+01,2.069108e+01,2.049564e+01,2.053057e+01,2.048166e+01,2.053057e+01,2.047468e+01,2.046070e+01,2.055152e+01,2.059340e+01,2.048166e+01,2.050961e+01,2.050961e+01,2.053755e+01,2.039078e+01,2.046769e+01,2.041875e+01,2.050262e+01,2.045371e+01,2.052358e+01,2.049564e+01,2.048166e+01,2.050961e+01,2.046769e+01,2.053755e+01,2.047468e+01,2.051660e+01,2.046769e+01,2.041176e+01,2.038379e+01,2.046769e+01,2.049564e+01,2.038379e+01,2.048166e+01,2.045371e+01,2.048865e+01,2.054453e+01,2.036980e+01,2.049564e+01,2.049564e+01,2.049564e+01,2.052358e+01,2.052358e+01,2.050961e+01,2.050262e+01,2.046070e+01,2.044672e+01,2.042575e+01,2.046769e+01,2.047468e+01,2.045371e+01,2.053057e+01,2.050961e+01,2.043274e+01,2.053755e+01,2.040477e+01,2.055850e+01,2.043973e+01,2.045371e+01,2.054453e+01,2.043973e+01,2.053057e+01,2.039778e+01,2.043274e+01,2.043973e+01,2.045371e+01,2.039078e+01,2.044672e+01,2.050262e+01,2.049564e+01,2.038379e+01,2.039078e+01,2.038379e+01,2.038379e+01,2.040477e+01,2.039078e+01,2.052358e+01,2.050262e+01,2.050961e+01,2.043274e+01,2.036280e+01,2.037679e+01,2.037679e+01,2.042575e+01,2.040477e+01,2.045371e+01,2.044672e+01,2.041875e+01,2.043973e+01,2.043973e+01,2.038379e+01,2.039078e+01,2.046769e+01,2.050961e+01,2.043973e+01,2.052358e+01,2.054453e+01,2.047468e+01,2.051660e+01,2.050262e+01,2.060039e+01,2.050262e+01,2.056548e+01,2.055152e+01,2.055152e+01,2.062132e+01,2.053057e+01,2.054453e+01,2.077472e+01,2.057246e+01,2.053057e+01,2.053057e+01,2.060039e+01,2.059340e+01,2.046769e+01,2.048865e+01,2.043973e+01,2.056548e+01,2.055152e+01,2.045371e+01,2.044672e+01,2.044672e+01,2.044672e+01,2.039778e+01,2.032782e+01,2.050262e+01,2.045371e+01,2.028582e+01,2.027881e+01,2.028582e+01,2.022278e+01,2.020877e+01,2.020177e+01,2.018074e+01,2.022979e+01,2.024380e+01,2.032082e+01,2.043973e+01,2.044672e+01,2.040477e+01,2.055152e+01,2.036280e+01,2.031382e+01,2.053057e+01,2.039778e+01,2.043274e+01,2.032782e+01,2.048166e+01,2.037679e+01,2.025080e+01,2.037679e+01,2.037679e+01,2.037679e+01,2.036280e+01,2.022979e+01,2.031382e+01,2.020177e+01,2.020177e+01,2.022979e+01,2.035581e+01,2.026481e+01,2.041875e+01,2.041875e+01,2.042575e+01,2.045371e+01,2.046070e+01,2.053755e+01,2.046769e+01,2.047468e+01,2.053057e+01,2.046769e+01,2.053057e+01,2.052358e+01,2.041875e+01,2.037679e+01,2.038379e+01,2.037679e+01,2.049564e+01,2.032782e+01,2.027181e+01,2.031382e+01,2.022278e+01,2.022979e+01,2.033481e+01,2.037679e+01,2.043274e+01,2.047468e+01,2.042575e+01,2.049564e+01,2.047468e+01,2.055152e+01,2.049564e+01,2.051660e+01,2.060039e+01,2.062132e+01,2.059340e+01,2.062132e+01,2.060039e+01,2.061434e+01,2.059340e+01,2.056548e+01,2.057944e+01,2.055850e+01,2.052358e+01,2.043274e+01,2.062830e+01,2.060736e+01,2.062830e+01,2.057944e+01,2.060039e+01,2.062830e+01,2.059340e+01,2.085830e+01,2.071200e+01,2.069805e+01,2.069805e+01,2.074685e+01,2.064225e+01,2.062830e+01,2.071200e+01,2.065621e+01,2.064923e+01,2.064923e+01,2.067016e+01,2.062132e+01,2.055152e+01,2.056548e+01,2.060736e+01,2.069108e+01,2.060039e+01,2.060736e+01,2.060039e+01,2.060736e+01,2.060736e+01,2.071200e+01,2.064225e+01,2.068410e+01,2.056548e+01,2.061434e+01,2.059340e+01,2.067016e+01,2.048166e+01,2.082348e+01,2.068410e+01,2.068410e+01,2.066318e+01,2.056548e+01,2.060736e+01,2.062132e+01,2.075382e+01,2.059340e+01,2.058643e+01,2.060039e+01,2.053057e+01,2.057944e+01,2.054453e+01,2.047468e+01,2.064923e+01,2.057944e+01,2.058643e+01,2.057944e+01,2.060736e+01,2.060039e+01,2.063528e+01,2.053057e+01,2.041176e+01,2.051660e+01,2.061434e+01,2.042575e+01,2.051660e+01,2.050961e+01,2.048166e+01,2.055850e+01,2.045371e+01,2.046070e+01,2.041875e+01,2.051660e+01,2.055152e+01,2.054453e+01,2.058643e+01,2.048166e+01,2.043973e+01,2.043274e+01,2.042575e+01,2.043274e+01,2.042575e+01,2.052358e+01,2.056548e+01,2.055850e+01,2.050961e+01,2.042575e+01,2.041176e+01,2.075382e+01,2.049564e+01,2.046070e+01,2.046769e+01,2.060039e+01,2.043973e+01,2.046769e+01,2.050961e+01,2.053755e+01,2.055152e+01,2.050262e+01,2.042575e+01,2.046769e+01,2.062132e+01,2.064923e+01,2.054453e+01,2.048865e+01,2.048166e+01,2.048865e+01,2.054453e+01,2.046070e+01,2.049564e+01,2.041176e+01,2.052358e+01,2.050961e+01,2.048166e+01,2.055152e+01,2.058643e+01,2.054453e+01,2.048865e+01,2.050961e+01,2.053755e+01,2.057246e+01,2.048865e+01,2.054453e+01,2.064225e+01,2.056548e+01,2.052358e+01,2.058643e+01,2.050262e+01,2.057246e+01,2.057246e+01,2.062132e+01,2.051660e+01,2.062132e+01,2.060039e+01,2.043274e+01,2.041176e+01,2.064923e+01,2.044672e+01,2.044672e+01,2.054453e+01,2.051660e+01,2.062830e+01,2.053755e+01,2.059340e+01,2.055152e+01,2.066318e+01,2.052358e+01,2.055850e+01,2.050961e+01,2.051660e+01,2.050961e+01,2.059340e+01,2.049564e+01,2.044672e+01,2.059340e+01,2.057246e+01,2.058643e+01,2.050262e+01,2.051660e+01,2.050262e+01,2.046769e+01,2.056548e+01,2.050961e+01,2.068410e+01,2.062830e+01,2.055850e+01,2.058643e+01,2.052358e+01,2.055152e+01,2.071897e+01,2.047468e+01,2.056548e+01,2.049564e+01,2.048865e+01,2.047468e+01,2.051660e+01,2.048166e+01,2.043973e+01,2.048865e+01,2.046070e+01,2.048865e+01,2.057944e+01,2.050262e+01,2.048865e+01,2.048865e+01,2.059340e+01,2.052358e+01,2.053755e+01,2.067713e+01,2.070502e+01,2.063528e+01,2.063528e+01,2.048865e+01,2.040477e+01,2.051660e+01,2.041875e+01,2.049564e+01,2.052358e+01,2.053057e+01,2.054453e+01,2.052358e+01,2.051660e+01,2.051660e+01,2.053057e+01,2.060039e+01,2.044672e+01,2.048865e+01,2.050961e+01,2.046769e+01,2.060039e+01,2.048865e+01,2.048865e+01,2.053057e+01,2.045371e+01,2.047468e+01,2.053057e+01,2.046070e+01,2.053057e+01,2.048166e+01,2.054453e+01,2.048166e+01,2.050961e+01,2.048166e+01,2.050961e+01,2.036280e+01,2.054453e+01,2.062132e+01,2.041176e+01,2.049564e+01,2.066318e+01,2.054453e+01,2.046070e+01,2.055850e+01,2.043973e+01,2.038379e+01,2.044672e+01,2.050262e+01,2.063528e+01,2.050961e+01,2.046769e+01,2.056548e+01,2.051660e+01,2.044672e+01,2.046769e+01,2.062830e+01,2.049564e+01,2.043973e+01,2.034181e+01,2.043274e+01,2.052358e+01,2.054453e+01,2.047468e+01,2.057246e+01,2.047468e+01,2.048166e+01,2.057246e+01,2.043274e+01,2.071200e+01,2.048865e+01,2.046070e+01,2.043274e+01,2.041176e+01,2.039778e+01,2.043973e+01,2.048166e+01,2.042575e+01,2.043973e+01,2.056548e+01,2.048166e+01,2.041176e+01,2.053057e+01,2.039078e+01,2.052358e+01,2.041176e+01,2.046769e+01,2.039778e+01,2.038379e+01,2.041176e+01,2.041176e+01,2.040477e+01,2.048166e+01,2.054453e+01,2.052358e+01,2.048865e+01,2.046070e+01,2.049564e+01,2.049564e+01,2.048865e+01,2.038379e+01,2.065621e+01,2.057246e+01,2.045371e+01,2.049564e+01,2.043274e+01,2.049564e+01,2.052358e+01,2.047468e+01,2.047468e+01,2.050961e+01,2.050961e+01,2.053755e+01,2.053057e+01,2.049564e+01,2.056548e+01,2.048865e+01,2.051660e+01,2.048865e+01,2.036980e+01,2.047468e+01,2.050961e+01,2.054453e+01,2.055152e+01,2.055850e+01,2.055152e+01
2.071200e+01,2.043274e+01,2.057246e+01,2.056548e+01,2.060039e+01,2.053755e+01,2.055850e+01,2.050262e+01,2.060736e+01,2.066318e+01,2.055152e+01,2.064225e+01,2.053755e+01,2.064923e+01,2.053755e+01,2.056548e+01,2.057944e+01,2.055152e+01,2.057944e+01,2.068410e+01,2.074685e+01,2.058643e+01,2.060736e+01,2.065621e+01,2.062132e+01,2.094180e+01,2.103914e+01,2.130287e+01,2.130287e+01,2.153826e+01,2.164193e+01,2.143448e+01,2.159356e+01,2.139293e+01,2.124047e+01,2.146908e+01,2.167647e+01,2.178000e+01,2.182828e+01,2.151751e+01,2.164193e+01,2.151059e+01,2.143448e+01,2.126821e+01,2.132366e+01,2.126127e+01,2.132366e+01,2.135138e+01,2.153826e+01,2.146908e+01,2.134445e+01,2.138601e+01,2.135830e+01,2.134445e+01,2.131673e+01,2.117803e+01,2.130287e+01,2.125434e+01,2.113638e+01,2.116415e+01,2.121272e+01,2.128901e+01,2.127514e+01,2.124740e+01,2.122660e+01,2.119885e+01,2.084437e+01,2.104609e+01,2.118497e+01,2.124047e+01,2.134445e+01,2.136523e+01,2.145524e+01,2.137216e+01,2.168337e+01,2.164884e+01,2.147600e+01,2.164884e+01,2.164193e+01,2.161430e+01,2.162121e+01,2.153134e+01,2.151059e+01,2.151751e+01,2.149676e+01,2.159356e+01,2.191788e+01,2.220683e+01,2.250182e+01,2.248127e+01,2.202806e+01,2.150368e+01,2.150368e+01,2.163503e+01,2.145524e+01,2.153134e+01,2.124047e+01,2.112944e+01,2.119191e+01,2.131673e+01,2.133059e+01,2.120579e+01,2.094180e+01,2.092093e+01,2.060736e+01,2.062830e+01,2.099048e+01,2.110861e+01,2.103219e+01,2.107388e+01,2.107388e+01,2.109472e+01,2.104609e+01,2.098353e+01,2.113638e+01,2.117109e+01,2.108083e+01,2.100439e+01,2.085830e+01,2.095572e+01,2.094180e+01,2.092093e+01,2.060736e+01,2.067713e+01,2.053755e+01,2.044672e+01,2.048865e+01,2.037679e+01,2.051660e+01,2.049564e+01,2.054453e+01,2.050961e+01,2.052358e+01,2.046769e+01,2.049564e+01,2.036280e+01,2.047468e+01,2.039078e+01,2.044672e+01,2.055850e+01,2.057246e+01,2.048166e+01,2.050961e+01,2.053755e+01,2.046070e+01,2.043274e+01,2.048865e+01,2.046070e+01,2.044672e+01,2.048166e+01,2.046070e+01,2.041176e+01,2.038379e+01,2.044672e+01,2.044672e+01,2.038379e+01,2.046070e+01,2.052358e+01,2.047468e+01,2.034181e+01,2.047468e+01,2.052358e+01,2.034181e+01,2.043973e+01,2.044672e+01,2.058643e+01,2.042575e+01,2.035581e+01,2.034181e+01,2.044672e+01,2.043274e+01,2.041875e+01,2.039078e+01,2.040477e+01,2.034881e+01,2.031382e+01,2.053755e+01,2.052358e+01,2.042575e+01,2.048166e+01,2.045371e+01,2.048166e+01,2.037679e+01,2.040477e+01,2.045371e+01,2.041176e+01,2.044672e+01,2.046070e+01,2.057944e+01,2.043274e+01,2.043973e+01,2.050262e+01,2.041875e+01,2.042575e+01,2.039078e+01,2.034181e+01,2.044672e+01,2.049564e+01,2.041176e+01,2.043274e+01,2.039078e+01,2.046769e+01,2.035581e+01,2.044672e+01,2.046769e+01,2.046769e+01,2.041176e+01,2.048865e+01,2.040477e+01,2.039778e+01,2.044672e+01,2.037679e+01,2.043973e+01,2.045371e+01,2.018074e+01,2.037679e+01,2.039778e+01,2.040477e+01,2.039778e+01,2.046769e+01,2.055850e+01,2.055152e+01,2.056548e+01,2.054453e+01,2.062132e+01,2.041176e+01,2.051660e+01,2.051660e+01,2.056548e+01,2.054453e+01,2.047468e+01,2.060039e+01,2.053755e+01,2.061434e+01,2.053057e+01,2.055152e+01,2.057246e+01,2.046769e+01,2.055152e+01,2.049564e+01,2.050961e+01,2.046769e+01,2.042575e+01,2.043274e+01,2.047468e+01,2.041875e+01,2.046070e+01,2.030682e+01,2.027181e+01,2.032082e+01,2.037679e+01,2.029982e+01,2.017373e+01,2.027181e+01,2.021578e+01,2.018775e+01,2.018074e+01,2.018074e+01,2.027881e+01,2.028582e+01,2.042575e+01,2.034881e+01,2.041176e+01,2.042575e+01,2.026481e+01,2.053755e+01,2.038379e+01,2.034881e+01,2.040477e+01,2.048865e+01,2.036980e+01,2.034881e+01,2.043274e+01,2.037679e+01,2.033481e+01,2.032782e+01,2.035581e+01,2.039778e+01,2.023680e+01,2.041176e+01,2.029282e+01,2.025080e+01,2.029982e+01,2.028582e+01,2.024380e+01,2.028582e+01,2.044672e+01,2.043274e+01,2.029282e+01,2.043973e+01,2.049564e+01,2.052358e+01,2.050262e+01,2.041176e+01,2.041875e+01,2.043274e+01,2.048166e+01,2.030682e+01,2.039778e+01,2.039778e+01,2.034881e+01,2.032782e+01,2.022278e+01,2.022278e+01,2.030682e+01,2.048865e+01,2.035581e+01,2.033481e+01,2.049564e+01,2.049564e+01,2.053755e+01,2.051660e+01,2.059340e+01,2.055152e+01,2.051660e+01,2.055850e+01,2.058643e+01,2.062132e+01,2.060039e+01,2.060039e+01,2.055850e+01,2.053755e+01,2.050262e+01,2.052358e+01,2.050961e+01,2.053057e+01,2.062132e+01,2.050262e+01,2.066318e+01,2.052358e+01,2.057246e+01,2.066318e+01,2.062132e+01,2.060039e+01,2.059340e+01,2.059340e+01,2.059340e+01,2.059340e+01,2.057944e+01,2.067713e+01,2.062132e+01,2.068410e+01,2.067713e+01,2.072594e+01,2.067713e+01,2.067016e+01,2.064923e+01,2.053057e+01,2.060736e+01,2.055850e+01,2.061434e+01,2.061434e+01,2.059340e+01,2.067016e+01,2.067016e+01,2.059340e+01,2.068410e+01,2.064923e+01,2.067713e+01,2.063528e+01,2.058643e+01,2.062132e+01,2.071200e+01,2.050262e+01,2.067713e+01,2.067713e+01,2.066318e+01,2.064923e+01,2.061434e+01,2.064923e+01,2.068410e+01,2.062132e+01,2.063528e+01,2.055152e+01,2.057246e+01,2.062132e+01,2.058643e+01,2.053755e+01,2.047468e+01,2.057246e+01,2.067016e+01,2.061434e+01,2.065621e+01,2.063528e+01,2.056548e+01,2.062132e+01,2.053755e+01,2.041875e+01,2.046769e+01,2.042575e+01,2.039778e+01,2.044672e+01,2.045371e+01,2.049564e+01,2.043274e+01,2.050961e+01,2.053057e+01,2.051660e+01,2.054453e+01,2.049564e+01,2.034881e+01,2.053755e+01,2.042575e+01,2.043274e+01,2.048865e+01,2.047468e+01,2.041176e+01,2.050961e+01,2.044672e+01,2.053057e+01,2.051660e+01,2.048166e+01,2.050961e+01,2.048166e+01,2.048166e+01,2.049564e+01,2.046769e+01,2.050961e+01,2.048865e+01,2.051660e+01,2.046769e+01,2.053755e+01,2.039078e+01,2.055152e+01,2.039778e+01,2.042575e+01,2.045371e+01,2.062132e+01,2.047468e+01,2.057944e+01,2.049564e+01,2.060736e+01,2.052358e+01,2.049564e+01,2.057944e+01,2.049564e+01,2.039778e+01,2.057246e+01,2.052358e+01,2.053057e+01,2.056548e+01,2.046769e+01,2.048865e+01,2.043274e+01,2.050262e+01,2.053755e+01,2.050961e+01,2.052358e+01,2.050262e+01,2.043973e+01,2.058643e+01,2.054453e+01,2.045371e+01,2.047468e+01,2.053755e+01,2.056548e+01,2.055152e+01,2.048865e+01,2.042575e+01,2.041875e+01,2.052358e+01,2.050262e+01,2.039778e+01,2.043274e+01,2.053755e+01,2.056548e+01,2.049564e+01,2.062132e+01,2.056548e+01,2.051660e+01,2.052358e+01,2.057246e+01,2.047468e+01,2.057944e+01,2.048865e+01,2.048166e+01,2.048865e+01,2.046070e+01,2.053057e+01,2.056548e+01,2.044672e+01,2.055152e+01,2.061434e+01,2.049564e+01,2.061434e+01,2.048865e+01,2.043274e+01,2.057246e+01,2.048166e+01,2.048166e+01,2.048166e+01,2.041875e+01,2.053057e+01,2.060736e+01,2.054453e+01,2.053057e+01,2.057944e+01,2.042575e+01,2.050262e+01,2.048865e+01,2.071200e+01,2.047468e+01,2.046769e+01,2.044672e+01,2.043973e+01,2.045371e+01,2.053755e+01,2.052358e+01,2.052358e+01,2.049564e+01,2.053755e+01,2.054453e+01,2.055850e+01,2.058643e+01,2.048865e+01,2.057246e+01,2.060736e+01,2.060039e+01,2.062830e+01,2.050262e+01,2.042575e+01,2.051660e+01,2.047468e+01,2.055850e+01,2.051660e+01,2.054453e+01,2.053057e+01,2.041176e+01,2.053057e+01,2.050961e+01,2.050262e+01,2.050262e+01,2.046769e+01,2.043274e+01,2.048166e+01,2.052358e+01,2.046769e+01,2.050961e+01,2.050961e+01,2.048166e+01,2.048865e+01,2.046070e+01,2.043973e+01,2.039078e+01,2.050961e+01,2.039778e+01,2.046769e+01,2.043973e+01,2.057944e+01,2.057944e+01,2.057246e+01,2.040477e+01,2.052358e+01,2.044672e+01,2.055850e+01,2.035581e+01,2.050262e+01,2.052358e+01,2.054453e+01,2.052358e+01,2.052358e+01,2.046070e+01,2.056548e+01,2.047468e+01,2.047468e+01,2.054453e+01,2.044672e+01,2.055152e+01,2.053057e+01,2.045371e+01,2.039078e+01,2.049564e+01,2.048865e+01,2.030682e+01,2.043973e+01,2.039078e+01,2.054453e+01,2.054453e+01,2.034881e+01,2.046070e+01,2.050961e+01,2.041176e+01,2.051660e+01,2.050961e+01,2.038379e+01,2.035581e+01,2.036280e+01,2.034881e+01,2.039778e+01,2.049564e+01,2.043274e+01,2.017373e+01,2.047468e+01,2.042575e+01,2.042575e+01,2.050961e+01,2.044672e+01,2.040477e+01,2.036980e+01,2.041176e+01,2.045371e+01,2.039778e+01,2.040477e+01,2.043274e+01,2.043973e+01,2.040477e+01,2.054453e+01,2.055152e+01,2.045371e+01,2.050262e+01,2.035581e+01,2.048865e+01,2.049564e+01,2.048865e+01,2.060736e+01,2.050262e+01,2.039778e+01,2.055152e+01,2.047468e+01,2.050961e+01,2.043973e+01,2.047468e+01,2.050961e+01,2.044672e+01,2.037679e+01,2.045371e+01,2.053057e+01,2.037679e+01,2.039078e+01,2.052358e+01,2.044672e+01,2.043973e+01,2.052358e+01,2.048166e+01,2.050961e+01,2.051660e+01,2.050262e+01,2.041176e+01,2.047468e+01,2.047468e+01
2.070502e+01,2.044672e+01,2.053057e+01,2.053755e+01,2.071200e+01,2.062830e+01,2.050961e+01,2.057246e+01,2.039078e+01,2.065621e+01,2.062830e+01,2.062132e+01,2.047468e+01,2.048865e+01,2.048865e+01,2.054453e+01,2.059340e+01,2.058643e+01,2.058643e+01,2.062830e+01,2.067016e+01,2.061434e+01,2.060736e+01,2.080259e+01,2.064923e+01,2.095572e+01,2.131673e+01,2.156592e+01,2.169028e+01,2.160739e+01,2.160048e+01,2.166956e+01,2.160739e+01,2.140678e+01,2.146216e+01,2.153134e+01,2.169028e+01,2.181449e+01,2.178690e+01,2.164884e+01,2.150368e+01,2.141371e+01,2.148984e+01,2.140678e+01,2.141371e+01,2.137216e+01,2.154517e+01,2.137908e+01,2.163503e+01,2.167647e+01,2.166265e+01,2.154517e+01,2.135138e+01,2.138601e+01,2.137216e+01,2.136523e+01,2.137216e+01,2.133752e+01,2.117803e+01,2.119885e+01,2.130980e+01,2.124740e+01,2.127514e+01,2.137216e+01,2.132366e+01,2.127514e+01,2.117803e+01,2.119191e+01,2.117803e+01,2.118497e+01,2.126127e+01,2.133059e+01,2.133752e+01,2.140678e+01,2.146216e+01,2.150368e+01,2.173170e+01,2.171790e+01,2.160048e+01,2.174550e+01,2.166956e+01,2.165575e+01,2.151751e+01,2.146908e+01,2.166956e+01,2.171790e+01,2.191100e+01,2.257714e+01,2.287107e+01,2.255661e+01,2.192477e+01,2.156592e+01,2.151751e+01,2.146216e+01,2.162121e+01,2.146908e+01,2.151059e+01,2.126127e+01,2.115721e+01,2.121966e+01,2.120579e+01,2.107388e+01,2.101829e+01,2.095572e+01,2.080955e+01,2.081652e+01,2.096267e+01,2.107388e+01,2.110861e+01,2.140678e+01,2.115721e+01,2.115721e+01,2.124047e+01,2.119191e+01,2.123353e+01,2.121966e+01,2.118497e+01,2.103914e+01,2.098353e+01,2.085830e+01,2.092789e+01,2.070502e+01,2.078866e+01,2.057944e+01,2.053755e+01,2.050262e+01,2.046070e+01,2.047468e+01,2.036980e+01,2.048166e+01,2.050262e+01,2.044672e+01,2.030682e+01,2.043973e+01,2.049564e+01,2.041875e+01,2.046769e+01,2.036980e+01,2.043973e+01,2.045371e+01,2.037679e+01,2.046070e+01,2.035581e+01,2.048166e+01,2.038379e+01,2.039078e+01,2.058643e+01,2.050262e+01,2.046769e+01,2.042575e+01,2.044672e+01,2.041176e+01,2.043274e+01,2.046769e+01,2.042575e+01,2.045371e+01,2.041176e+01,2.053057e+01,2.046070e+01,2.046070e+01,2.035581e+01,2.041176e+01,2.043973e+01,2.045371e+01,2.048166e+01,2.044672e+01,2.042575e+01,2.055850e+01,2.031382e+01,2.053057e+01,2.046070e+01,2.039778e+01,2.045371e+01,2.043973e+01,2.041875e+01,2.038379e+01,2.037679e+01,2.053057e+01,2.053057e+01,2.048166e+01,2.046769e+01,2.045371e+01,2.042575e+01,2.041176e+01,2.042575e+01,2.039778e+01,2.043274e+01,2.040477e+01,2.046769e+01,2.041875e+01,2.042575e+01,2.039078e+01,2.045371e+01,2.041875e+01,2.038379e+01,2.018074e+01,2.037679e+01,2.036980e+01,2.040477e+01,2.038379e+01,2.048865e+01,2.036280e+01,2.036280e+01,2.038379e+01,2.034181e+01,2.032082e+01,2.043274e+01,2.036280e+01,2.039778e+01,2.036280e+01,2.036980e+01,2.033481e+01,2.043274e+01,2.046769e+01,2.039778e+01,2.047468e+01,2.037679e+01,2.036980e+01,2.035581e+01,2.056548e+01,2.049564e+01,2.053057e+01,2.055152e+01,2.055850e+01,2.053057e+01,2.042575e+01,2.058643e+01,2.055152e+01,2.055850e+01,2.057246e+01,2.053755e+01,2.053755e+01,2.050262e+01,2.048166e+01,2.058643e+01,2.062830e+01,2.050262e+01,2.054453e+01,2.054453e+01,2.053755e+01,2.048865e+01,2.043274e+01,2.044672e+01,2.043274e+01,2.045371e+01,2.045371e+01,2.046769e+01,2.034181e+01,2.034181e+01,2.038379e+01,2.027881e+01,2.027881e+01,2.024380e+01,2.022979e+01,2.022278e+01,2.020177e+01,2.025781e+01,2.023680e+01,2.025080e+01,2.023680e+01,2.036980e+01,2.037679e+01,2.032782e+01,2.053057e+01,2.038379e+01,2.031382e+01,2.041875e+01,2.050262e+01,2.044672e+01,2.040477e+01,2.043274e+01,2.046769e+01,2.032782e+01,2.031382e+01,2.040477e+01,2.035581e+01,2.030682e+01,2.041176e+01,2.026481e+01,2.033481e+01,2.032082e+01,2.029282e+01,2.036980e+01,2.023680e+01,2.036980e+01,2.036280e+01,2.046070e+01,2.044672e+01,2.044672e+01,2.043973e+01,2.048166e+01,2.056548e+01,2.055152e+01,2.040477e+01,2.043973e+01,2.038379e+01,2.042575e+01,2.041176e+01,2.039778e+01,2.036980e+01,2.024380e+01,2.022979e+01,2.027181e+01,2.020877e+01,2.025080e+01,2.035581e+01,2.029282e+01,2.046769e+01,2.039078e+01,2.043973e+01,2.057944e+01,2.055152e+01,2.058643e+01,2.054453e+01,2.059340e+01,2.053057e+01,2.051660e+01,2.055152e+01,2.055152e+01,2.060039e+01,2.057246e+01,2.064923e+01,2.050262e+01,2.055152e+01,2.047468e+01,2.050262e+01,2.062830e+01,2.051660e+01,2.052358e+01,2.064225e+01,2.054453e+01,2.062830e+01,2.062132e+01,2.055850e+01,2.065621e+01,2.060039e+01,2.058643e+01,2.058643e+01,2.062132e+01,2.068410e+01,2.061434e+01,2.062830e+01,2.067016e+01,2.064923e+01,2.062132e+01,2.067016e+01,2.060736e+01,2.065621e+01,2.054453e+01,2.060736e+01,2.067713e+01,2.062132e+01,2.058643e+01,2.059340e+01,2.063528e+01,2.064225e+01,2.066318e+01,2.067713e+01,2.080955e+01,2.043274e+01,2.071200e+01,2.051660e+01,2.050262e+01,2.060736e+01,2.064923e+01,2.068410e+01,2.069108e+01,2.068410e+01,2.069108e+01,2.060039e+01,2.057944e+01,2.062830e+01,2.055850e+01,2.057246e+01,2.064225e+01,2.058643e+01,2.060039e+01,2.056548e+01,2.048865e+01,2.060736e+01,2.058643e+01,2.057246e+01,2.060736e+01,2.069805e+01,2.060039e+01,2.049564e+01,2.053057e+01,2.043973e+01,2.046070e+01,2.041176e+01,2.040477e+01,2.038379e+01,2.046769e+01,2.046769e+01,2.033481e+01,2.053057e+01,2.047468e+01,2.044672e+01,2.046769e+01,2.044672e+01,2.038379e+01,2.043274e+01,2.044672e+01,2.043973e+01,2.041875e+01,2.044672e+01,2.044672e+01,2.048865e+01,2.050961e+01,2.049564e+01,2.053057e+01,2.053057e+01,2.043973e+01,2.050961e+01,2.046769e+01,2.043973e+01,2.046769e+01,2.049564e+01,2.050262e+01,2.053755e+01,2.039778e+01,2.050961e+01,2.053755e+01,2.055850e+01,2.056548e+01,2.054453e+01,2.046070e+01,2.047468e+01,2.052358e+01,2.052358e+01,2.053057e+01,2.054453e+01,2.069108e+01,2.047468e+01,2.058643e+01,2.039078e+01,2.043274e+01,2.058643e+01,2.055850e+01,2.057246e+01,2.050961e+01,2.054453e+01,2.047468e+01,2.053057e+01,2.047468e+01,2.036980e+01,2.046769e+01,2.053057e+01,2.052358e+01,2.053755e+01,2.055152e+01,2.052358e+01,2.053755e+01,2.052358e+01,2.054453e+01,2.044672e+01,2.039778e+01,2.046769e+01,2.050961e+01,2.047468e+01,2.047468e+01,2.044672e+01,2.053057e+01,2.056548e+01,2.048865e+01,2.055850e+01,2.051660e+01,2.051660e+01,2.060736e+01,2.049564e+01,2.048166e+01,2.055850e+01,2.054453e+01,2.050262e+01,2.054453e+01,2.057246e+01,2.057944e+01,2.058643e+01,2.050262e+01,2.054453e+01,2.057246e+01,2.057944e+01,2.050961e+01,2.043973e+01,2.059340e+01,2.066318e+01,2.057944e+01,2.050961e+01,2.060736e+01,2.057944e+01,2.057944e+01,2.042575e+01,2.059340e+01,2.043274e+01,2.056548e+01,2.054453e+01,2.055152e+01,2.053755e+01,2.053057e+01,2.050262e+01,2.051660e+01,2.037679e+01,2.039078e+01,2.041875e+01,2.058643e+01,2.045371e+01,2.047468e+01,2.053755e+01,2.055850e+01,2.052358e+01,2.033481e+01,2.052358e+01,2.043973e+01,2.055152e+01,2.043973e+01,2.058643e+01,2.057944e+01,2.058643e+01,2.046769e+01,2.050961e+01,2.050961e+01,2.050961e+01,2.040477e+01,2.041875e+01,2.052358e+01,2.055850e+01,2.053057e+01,2.055850e+01,2.050961e+01,2.059340e+01,2.053755e+01,2.050961e+01,2.046070e+01,2.048865e+01,2.042575e+01,2.050262e+01,2.041176e+01,2.048865e+01,2.051660e+01,2.042575e+01,2.038379e+01,2.046769e+01,2.043274e+01,2.046070e+01,2.036980e+01,2.059340e+01,2.036280e+01,2.049564e+01,2.053057e+01,2.043274e+01,2.053057e+01,2.053057e+01,2.050961e+01,2.044672e+01,2.051660e+01,2.052358e+01,2.048166e+01,2.046070e+01,2.045371e+01,2.042575e+01,2.043274e+01,2.045371e+01,2.043973e+01,2.050262e+01,2.048166e+01,2.041176e+01,2.036280e+01,2.053755e+01,2.050961e+01,2.047468e+01,2.050961e+01,2.043973e+01,2.041176e+01,2.043973e+01,2.047468e+01,2.044672e+01,2.054453e+01,2.050961e+01,2.043274e+01,2.044672e+01,2.047468e+01,2.025781e+01,2.049564e+01,2.039078e+01,2.039778e+01,2.041875e+01,2.041875e+01,2.043973e+01,2.050961e+01,2.048865e+01,2.039078e+01,2.044672e+01,2.048865e+01,2.047468e+01,2.054453e+01,2.039078e+01,2.039078e+01,2.048865e+01,2.041176e+01,2.036980e+01,2.050262e+01,2.047468e+01,2.041875e+01,2.048865e+01,2.041176e+01,2.050961e+01,2.044672e+01,2.044672e+01,2.048166e+01,2.050961e+01,2.046769e+01,2.045371e+01,2.038379e+01,2.064923e+01,2.043274e+01,2.052358e+01,2.057944e+01,2.062830e+01,2.059340e+01,2.044672e+01,2.056548e+01,2.048166e+01,2.057246e+01,2.036980e+01,2.049564e+01,2.051660e+01,2.039778e+01,2.055850e+01,2.043973e+01,2.041176e+01,2.048166e+01,2.043973e+01,2.049564e+01,2.044672e+01,2.042575e+01,2.052358e+01,2.044672e+01,2.046070e+01,2.054453e+01,2.053755e+01
2.062132e+01,2.062830e+01,2.058643e+01,2.053057e+01,2.044672e+01,2.050262e+01,2.057944e+01,2.055850e+01,2.053755e+01,2.052358e+01,2.068410e+01,2.066318e+01,2.065621e+01,2.069108e+01,2.046769e+01,2.057944e+01,2.055152e+01,2.053057e+01,2.061434e+01,2.057944e+01,2.060736e+01,2.067713e+01,2.071897e+01,2.080259e+01,2.091398e+01,2.102524e+01,2.124740e+01,2.154517e+01,2.186275e+01,2.172480e+01,2.180070e+01,2.180759e+01,2.144832e+01,2.148292e+01,2.149676e+01,2.166956e+01,2.180759e+01,2.175930e+01,2.196610e+01,2.165575e+01,2.168337e+01,2.162812e+01,2.146908e+01,2.142063e+01,2.145524e+01,2.167647e+01,2.168337e+01,2.172480e+01,2.167647e+01,2.175240e+01,2.195233e+01,2.198676e+01,2.153134e+01,2.148984e+01,2.143448e+01,2.143448e+01,2.139293e+01,2.134445e+01,2.128901e+01,2.126127e+01,2.130287e+01,2.145524e+01,2.144140e+01,2.142063e+01,2.166265e+01,2.154517e+01,2.120579e+01,2.102524e+01,2.125434e+01,2.129594e+01,2.133752e+01,2.132366e+01,2.135830e+01,2.142756e+01,2.137908e+01,2.144832e+01,2.166956e+01,2.160048e+01,2.159356e+01,2.130980e+01,2.129594e+01,2.147600e+01,2.146908e+01,2.164193e+01,2.169028e+01,2.162812e+01,2.191100e+01,2.262505e+01,2.266609e+01,2.255661e+01,2.193855e+01,2.169028e+01,2.147600e+01,2.160048e+01,2.152443e+01,2.140678e+01,2.130287e+01,2.112250e+01,2.094876e+01,2.105304e+01,2.116415e+01,2.115027e+01,2.092789e+01,2.092789e+01,2.099048e+01,2.098353e+01,2.119191e+01,2.124047e+01,2.156592e+01,2.137216e+01,2.121272e+01,2.121966e+01,2.144140e+01,2.124047e+01,2.137216e+01,2.136523e+01,2.122660e+01,2.123353e+01,2.109472e+01,2.095572e+01,2.090702e+01,2.074685e+01,2.064225e+01,2.061434e+01,2.054453e+01,2.064225e+01,2.046070e+01,2.043973e+01,2.047468e+01,2.050961e+01,2.055152e+01,2.033481e+01,2.043973e+01,2.043274e+01,2.040477e+01,2.042575e+01,2.048166e+01,2.046769e+01,2.049564e+01,2.039778e+01,2.044672e+01,2.039778e+01,2.046769e+01,2.039778e+01,2.040477e+01,2.043274e+01,2.056548e+01,2.041176e+01,2.040477e+01,2.046769e+01,2.042575e+01,2.045371e+01,2.066318e+01,2.043274e+01,2.042575e+01,2.044672e+01,2.043274e+01,2.043274e+01,2.043973e+01,2.033481e+01,2.045371e+01,2.045371e+01,2.044672e+01,2.039778e+01,2.050961e+01,2.039078e+01,2.063528e+01,2.029282e+01,2.044672e+01,2.036280e+01,2.039078e+01,2.043973e+01,2.037679e+01,2.048166e+01,2.036980e+01,2.033481e+01,2.036980e+01,2.034881e+01,2.044672e+01,2.041875e+01,2.050961e+01,2.051660e+01,2.041176e+01,2.045371e+01,2.045371e+01,2.043274e+01,2.044672e+01,2.042575e+01,2.046769e+01,2.041875e+01,2.041875e+01,2.033481e+01,2.041875e+01,2.039778e+01,2.040477e+01,2.025080e+01,2.039778e+01,2.046070e+01,2.034181e+01,2.046070e+01,2.046769e+01,2.036980e+01,2.048166e+01,2.047468e+01,2.043274e+01,2.028582e+01,2.038379e+01,2.042575e+01,2.029282e+01,2.046070e+01,2.045371e+01,2.045371e+01,2.048166e+01,2.041176e+01,2.040477e+01,2.036980e+01,2.048865e+01,2.037679e+01,2.036980e+01,2.038379e+01,2.040477e+01,2.055152e+01,2.055850e+01,2.056548e+01,2.056548e+01,2.054453e+01,2.057246e+01,2.053755e+01,2.055850e+01,2.053755e+01,2.064923e+01,2.069805e+01,2.069805e+01,2.057246e+01,2.048865e+01,2.058643e+01,2.053755e+01,2.073988e+01,2.053755e+01,2.048865e+01,2.050961e+01,2.044672e+01,2.044672e+01,2.044672e+01,2.040477e+01,2.038379e+01,2.043973e+01,2.044672e+01,2.045371e+01,2.042575e+01,2.034881e+01,2.032082e+01,2.037679e+01,2.022979e+01,2.023680e+01,2.022278e+01,2.019476e+01,2.018775e+01,2.035581e+01,2.027181e+01,2.034881e+01,2.031382e+01,2.045371e+01,2.054453e+01,2.052358e+01,2.053755e+01,2.053057e+01,2.054453e+01,2.054453e+01,2.052358e+01,2.053057e+01,2.046070e+01,2.048865e+01,2.046769e+01,2.047468e+01,2.035581e+01,2.042575e+01,2.037679e+01,2.046070e+01,2.042575e+01,2.042575e+01,2.027881e+01,2.029282e+01,2.039078e+01,2.031382e+01,2.035581e+01,2.030682e+01,2.034181e+01,2.043274e+01,2.042575e+01,2.060039e+01,2.062132e+01,2.052358e+01,2.049564e+01,2.050961e+01,2.050262e+01,2.046769e+01,2.040477e+01,2.034181e+01,2.034881e+01,2.035581e+01,2.020877e+01,2.035581e+01,2.025080e+01,2.030682e+01,2.030682e+01,2.042575e+01,2.038379e+01,2.048166e+01,2.046070e+01,2.046070e+01,2.054453e+01,2.056548e+01,2.056548e+01,2.055850e+01,2.055850e+01,2.057246e+01,2.052358e+01,2.059340e+01,2.053755e+01,2.053755e+01,2.059340e+01,2.053057e+01,2.050262e+01,2.054453e+01,2.055850e+01,2.054453e+01,2.054453e+01,2.062830e+01,2.059340e+01,2.069108e+01,2.067713e+01,2.063528e+01,2.063528e+01,2.067713e+01,2.060039e+01,2.065621e+01,2.055152e+01,2.061434e+01,2.062830e+01,2.062830e+01,2.068410e+01,2.062830e+01,2.063528e+01,2.050961e+01,2.064225e+01,2.055152e+01,2.069108e+01,2.063528e+01,2.063528e+01,2.067713e+01,2.066318e+01,2.060039e+01,2.055152e+01,2.057944e+01,2.067016e+01,2.057944e+01,2.068410e+01,2.054453e+01,2.064225e+01,2.070502e+01,2.072594e+01,2.067713e+01,2.057246e+01,2.063528e+01,2.068410e+01,2.067016e+01,2.069108e+01,2.073988e+01,2.060039e+01,2.064923e+01,2.064225e+01,2.060039e+01,2.060039e+01,2.073291e+01,2.067713e+01,2.070502e+01,2.054453e+01,2.066318e+01,2.057944e+01,2.063528e+01,2.060736e+01,2.057246e+01,2.061434e+01,2.055152e+01,2.057246e+01,2.055152e+01,2.032782e+01,2.054453e+01,2.061434e+01,2.042575e+01,2.053057e+01,2.041875e+01,2.052358e+01,2.054453e+01,2.055152e+01,2.041875e+01,2.039778e+01,2.044672e+01,2.035581e+01,2.048166e+01,2.041875e+01,2.053057e+01,2.049564e+01,2.042575e+01,2.044672e+01,2.051660e+01,2.046769e+01,2.053057e+01,2.056548e+01,2.051660e+01,2.051660e+01,2.061434e+01,2.047468e+01,2.048166e+01,2.048865e+01,2.051660e+01,2.050961e+01,2.050262e+01,2.057944e+01,2.048166e+01,2.053057e+01,2.054453e+01,2.048865e+01,2.046070e+01,2.044672e+01,2.052358e+01,2.067713e+01,2.049564e+01,2.039078e+01,2.049564e+01,2.063528e+01,2.047468e+01,2.046769e+01,2.045371e+01,2.046070e+01,2.046769e+01,2.045371e+01,2.041176e+01,2.059340e+01,2.053755e+01,2.058643e+01,2.040477e+01,2.052358e+01,2.053755e+01,2.055850e+01,2.054453e+01,2.055850e+01,2.050961e+01,2.058643e+01,2.057944e+01,2.050961e+01,2.058643e+01,2.062830e+01,2.056548e+01,2.055850e+01,2.060736e+01,2.067016e+01,2.048166e+01,2.063528e+01,2.055152e+01,2.063528e+01,2.062132e+01,2.060039e+01,2.049564e+01,2.058643e+01,2.053057e+01,2.055152e+01,2.046070e+01,2.060736e+01,2.062830e+01,2.057944e+01,2.050262e+01,2.050961e+01,2.054453e+01,2.046769e+01,2.043973e+01,2.048166e+01,2.067713e+01,2.050961e+01,2.061434e+01,2.060039e+01,2.054453e+01,2.053057e+01,2.060039e+01,2.060736e+01,2.051660e+01,2.045371e+01,2.058643e+01,2.055850e+01,2.048166e+01,2.060039e+01,2.053057e+01,2.058643e+01,2.057944e+01,2.061434e+01,2.050262e+01,2.055850e+01,2.053755e+01,2.051660e+01,2.057944e+01,2.057246e+01,2.046070e+01,2.047468e+01,2.048166e+01,2.046070e+01,2.056548e+01,2.043973e+01,2.048166e+01,2.059340e+01,2.053755e+01,2.055850e+01,2.055850e+01,2.056548e+01,2.057944e+01,2.048865e+01,2.046070e+01,2.049564e+01,2.046769e+01,2.050262e+01,2.043973e+01,2.060039e+01,2.047468e+01,2.048865e+01,2.043274e+01,2.057246e+01,2.057944e+01,2.050961e+01,2.046769e+01,2.054453e+01,2.048865e+01,2.036280e+01,2.049564e+01,2.043274e+01,2.050961e+01,2.050961e+01,2.057246e+01,2.050961e+01,2.050961e+01,2.036980e+01,2.053755e+01,2.046769e+01,2.044672e+01,2.043274e+01,2.042575e+01,2.053057e+01,2.062830e+01,2.048865e+01,2.049564e+01,2.046769e+01,2.051660e+01,2.038379e+01,2.048865e+01,2.048166e+01,2.055850e+01,2.055850e+01,2.046070e+01,2.043973e+01,2.050262e+01,2.048166e+01,2.053057e+01,2.053057e+01,2.047468e+01,2.046769e+01,2.041176e+01,2.045371e+01,2.051660e+01,2.043274e+01,2.036280e+01,2.032782e+01,2.041875e+01,2.050262e+01,2.041875e+01,2.039778e+01,2.032782e+01,2.043973e+01,2.042575e+01,2.041176e+01,2.052358e+01,2.046769e+01,2.044672e+01,2.039078e+01,2.048865e+01,2.046070e+01,2.048166e+01,2.034881e+01,2.034181e+01,2.046070e+01,2.043274e+01,2.048865e+01,2.048865e+01,2.017373e+01,2.045371e+01,2.055152e+01,2.053057e+01,2.048865e+01,2.037679e+01,2.040477e+01,2.050262e+01,2.046070e+01,2.037679e+01,2.044672e+01,2.050961e+01,2.050961e+01,2.053057e+01,2.044672e+01,2.040477e+01,2.043973e+01,2.049564e+01,2.059340e+01,2.036980e+01,2.056548e+01,2.054453e+01,2.055152e+01,2.041176e+01,2.041875e+01,2.063528e+01,2.049564e+01,2.049564e+01,2.048166e+01,2.053057e+01,2.048865e+01,2.053057e+01,2.048865e+01,2.057944e+01,2.051660e+01,2.058643e+01,2.056548e+01,2.062830e+01,2.046769e+01,2.053755e+01,2.048865e+01,2.062132e+01,2.047468e+01,2.051660e+01,2.041875e+01,2.053755e+01,2.055850e+01,2.054453e+01,2.052358e+01
2.061434e+01,2.050961e+01,2.071897e+01,2.057246e+01,2.055850e+01,2.060039e+01,2.058643e+01,2.063528e+01,2.060736e+01,2.056548e+01,2.071200e+01,2.061434e+01,2.046769e+01,2.048166e+01,2.064923e+01,2.080259e+01,2.056548e+01,2.067713e+01,2.060736e+01,2.067713e+01,2.063528e+01,2.067713e+01,2.081652e+01,2.080955e+01,2.108777e+01,2.132366e+01,2.138601e+01,2.148292e+01,2.169718e+01,2.183518e+01,2.180070e+01,2.180070e+01,2.166265e+01,2.158665e+01,2.144832e+01,2.175930e+01,2.180759e+01,2.195233e+01,2.182139e+01,2.169028e+01,2.143448e+01,2.136523e+01,2.139293e+01,2.144832e+01,2.166956e+01,2.171790e+01,2.173170e+01,2.192477e+01,2.193166e+01,2.186965e+01,2.204182e+01,2.204182e+01,2.168337e+01,2.166265e+01,2.141371e+01,2.140678e+01,2.157283e+01,2.130287e+01,2.123353e+01,2.128207e+01,2.136523e+01,2.128901e+01,2.157283e+01,2.187654e+01,2.218622e+01,2.176620e+01,2.126127e+01,2.143448e+01,2.117109e+01,2.116415e+01,2.142756e+01,2.151059e+01,2.147600e+01,2.152443e+01,2.137216e+01,2.142063e+01,2.122660e+01,2.161430e+01,2.153826e+01,2.133059e+01,2.131673e+01,2.129594e+01,2.130287e+01,2.153826e+01,2.163503e+01,2.172480e+01,2.183518e+01,2.219309e+01,2.219309e+01,2.217248e+01,2.193855e+01,2.146908e+01,2.154517e+01,2.146216e+01,2.142756e+01,2.101829e+01,2.092093e+01,2.092093e+01,2.091398e+01,2.096267e+01,2.108083e+01,2.118497e+01,2.110861e+01,2.109472e+01,2.089310e+01,2.112944e+01,2.119885e+01,2.133752e+01,2.157283e+01,2.157283e+01,2.142063e+01,2.124047e+01,2.120579e+01,2.122660e+01,2.139986e+01,2.142063e+01,2.136523e+01,2.150368e+01,2.149676e+01,2.104609e+01,2.086526e+01,2.051660e+01,2.069805e+01,2.052358e+01,2.051660e+01,2.040477e+01,2.048166e+01,2.050961e+01,2.057944e+01,2.050262e+01,2.053755e+01,2.049564e+01,2.042575e+01,2.049564e+01,2.040477e+01,2.048166e+01,2.043274e+01,2.051660e+01,2.053057e+01,2.041875e+01,2.043274e+01,2.042575e+01,2.045371e+01,2.041176e+01,2.039778e+01,2.057246e+01,2.041176e+01,2.053057e+01,2.043274e+01,2.046769e+01,2.059340e+01,2.046769e+01,2.038379e+01,2.045371e+01,2.045371e+01,2.041176e+01,2.045371e+01,2.045371e+01,2.043274e+01,2.048865e+01,2.043973e+01,2.047468e+01,2.050961e+01,2.047468e+01,2.041176e+01,2.052358e+01,2.044672e+01,2.052358e+01,2.052358e+01,2.044672e+01,2.058643e+01,2.036280e+01,2.043274e+01,2.043274e+01,2.043973e+01,2.040477e+01,2.046070e+01,2.043973e+01,2.041176e+01,2.039778e+01,2.042575e+01,2.040477e+01,2.036280e+01,2.039078e+01,2.037679e+01,2.046070e+01,2.039778e+01,2.041176e+01,2.037679e+01,2.043973e+01,2.041176e+01,2.034181e+01,2.043973e+01,2.043274e+01,2.044672e+01,2.030682e+01,2.033481e+01,2.040477e+01,2.045371e+01,2.044672e+01,2.050262e+01,2.048865e+01,2.039778e+01,2.042575e+01,2.044672e+01,2.028582e+01,2.047468e+01,2.035581e+01,2.046769e+01,2.043973e+01,2.046070e+01,2.044672e+01,2.040477e+01,2.047468e+01,2.045371e+01,2.037679e+01,2.040477e+01,2.049564e+01,2.053755e+01,2.040477e+01,2.040477e+01,2.055850e+01,2.055850e+01,2.049564e+01,2.057944e+01,2.055152e+01,2.057944e+01,2.057944e+01,2.057246e+01,2.046769e+01,2.069108e+01,2.061434e+01,2.055850e+01,2.057246e+01,2.056548e+01,2.060736e+01,2.060039e+01,2.053057e+01,2.053755e+01,2.053057e+01,2.057944e+01,2.042575e+01,2.047468e+01,2.048865e+01,2.047468e+01,2.038379e+01,2.036980e+01,2.046070e+01,2.053057e+01,2.029982e+01,2.045371e+01,2.046070e+01,2.029982e+01,2.039778e+01,2.032782e+01,2.030682e+01,2.021578e+01,2.027181e+01,2.030682e+01,2.036280e+01,2.043973e+01,2.042575e+01,2.037679e+01,2.029982e+01,2.053755e+01,2.053057e+01,2.052358e+01,2.043274e+01,2.046070e+01,2.043973e+01,2.043274e+01,2.043973e+01,2.055152e+01,2.045371e+01,2.051660e+01,2.048166e+01,2.050262e+01,2.046070e+01,2.046070e+01,2.048865e+01,2.047468e+01,2.041875e+01,2.031382e+01,2.032082e+01,2.032782e+01,2.035581e+01,2.030682e+01,2.043973e+01,2.043274e+01,2.041875e+01,2.048865e+01,2.051660e+01,2.051660e+01,2.052358e+01,2.050961e+01,2.051660e+01,2.041176e+01,2.041875e+01,2.036280e+01,2.039078e+01,2.039778e+01,2.026481e+01,2.019476e+01,2.015971e+01,2.020177e+01,2.030682e+01,2.034881e+01,2.047468e+01,2.045371e+01,2.043274e+01,2.052358e+01,2.054453e+01,2.053755e+01,2.055152e+01,2.057944e+01,2.072594e+01,2.056548e+01,2.057246e+01,2.061434e+01,2.050961e+01,2.052358e+01,2.052358e+01,2.049564e+01,2.062132e+01,2.047468e+01,2.062830e+01,2.064225e+01,2.060039e+01,2.060736e+01,2.069108e+01,2.062830e+01,2.090702e+01,2.064923e+01,2.045371e+01,2.063528e+01,2.064225e+01,2.063528e+01,2.063528e+01,2.057944e+01,2.062830e+01,2.058643e+01,2.063528e+01,2.065621e+01,2.059340e+01,2.057246e+01,2.061434e+01,2.061434e+01,2.067016e+01,2.069805e+01,2.064923e+01,2.069108e+01,2.058643e+01,2.063528e+01,2.050262e+01,2.055850e+01,2.056548e+01,2.061434e+01,2.058643e+01,2.060736e+01,2.068410e+01,2.067713e+01,2.056548e+01,2.053755e+01,2.057246e+01,2.071897e+01,2.067016e+01,2.069805e+01,2.069108e+01,2.069805e+01,2.073988e+01,2.065621e+01,2.069805e+01,2.062132e+01,2.057944e+01,2.071200e+01,2.071200e+01,2.065621e+01,2.068410e+01,2.067016e+01,2.067016e+01,2.059340e+01,2.062132e+01,2.057246e+01,2.056548e+01,2.059340e+01,2.058643e+01,2.057944e+01,2.054453e+01,2.057246e+01,2.043973e+01,2.054453e+01,2.041176e+01,2.041176e+01,2.036980e+01,2.032082e+01,2.057246e+01,2.045371e+01,2.043973e+01,2.045371e+01,2.045371e+01,2.052358e+01,2.053057e+01,2.046070e+01,2.043973e+01,2.049564e+01,2.041875e+01,2.043973e+01,2.044672e+01,2.048865e+01,2.052358e+01,2.053755e+01,2.051660e+01,2.055850e+01,2.053755e+01,2.050262e+01,2.064923e+01,2.052358e+01,2.061434e+01,2.050262e+01,2.053057e+01,2.053755e+01,2.053755e+01,2.062132e+01,2.057944e+01,2.046769e+01,2.047468e+01,2.046070e+01,2.053057e+01,2.048865e+01,2.048166e+01,2.057944e+01,2.058643e+01,2.064923e+01,2.060736e+01,2.065621e+01,2.046070e+01,2.049564e+01,2.048865e+01,2.055850e+01,2.050262e+01,2.055850e+01,2.046070e+01,2.055850e+01,2.057246e+01,2.054453e+01,2.054453e+01,2.053755e+01,2.048166e+01,2.062830e+01,2.052358e+01,2.050262e+01,2.048865e+01,2.055850e+01,2.055152e+01,2.054453e+01,2.053057e+01,2.050262e+01,2.055850e+01,2.050262e+01,2.064225e+01,2.051660e+01,2.047468e+01,2.053755e+01,2.058643e+01,2.057944e+01,2.057246e+01,2.050961e+01,2.052358e+01,2.050961e+01,2.056548e+01,2.057944e+01,2.067016e+01,2.053755e+01,2.060736e+01,2.053057e+01,2.057944e+01,2.062830e+01,2.051660e+01,2.063528e+01,2.055850e+01,2.050961e+01,2.054453e+01,2.054453e+01,2.053057e+01,2.041875e+01,2.048865e+01,2.056548e+01,2.055850e+01,2.054453e+01,2.044672e+01,2.062132e+01,2.058643e+01,2.060736e+01,2.059340e+01,2.057246e+01,2.056548e+01,2.060039e+01,2.051660e+01,2.055850e+01,2.057246e+01,2.055850e+01,2.050961e+01,2.050262e+01,2.053755e+01,2.048166e+01,2.046769e+01,2.043973e+01,2.062132e+01,2.052358e+01,2.053057e+01,2.057944e+01,2.040477e+01,2.058643e+01,2.052358e+01,2.057944e+01,2.058643e+01,2.050961e+01,2.047468e+01,2.058643e+01,2.039778e+01,2.046769e+01,2.052358e+01,2.052358e+01,2.047468e+01,2.048166e+01,2.051660e+01,2.044672e+01,2.058643e+01,2.062132e+01,2.046769e+01,2.057246e+01,2.043973e+01,2.064225e+01,2.035581e+01,2.058643e+01,2.042575e+01,2.052358e+01,2.047468e+01,2.055152e+01,2.053755e+01,2.052358e+01,2.047468e+01,2.047468e+01,2.046769e+01,2.055850e+01,2.034181e+01,2.043274e+01,2.043274e+01,2.046070e+01,2.052358e+01,2.046769e+01,2.044672e+01,2.056548e+01,2.049564e+01,2.046769e+01,2.048865e+01,2.049564e+01,2.048865e+01,2.056548e+01,2.046070e+01,2.050961e+01,2.049564e+01,2.048166e+01,2.046769e+01,2.047468e+01,2.046769e+01,2.041875e+01,2.056548e+01,2.039078e+01,2.032782e+01,2.048166e+01,2.041875e+01,2.051660e+01,2.046769e+01,2.052358e+01,2.049564e+01,2.053755e+01,2.051660e+01,2.046070e+01,2.054453e+01,2.048865e+01,2.043274e+01,2.054453e+01,2.045371e+01,2.057246e+01,2.045371e+01,2.045371e+01,2.038379e+01,2.042575e+01,2.055152e+01,2.036280e+01,2.047468e+01,2.047468e+01,2.038379e+01,2.050262e+01,2.055850e+01,2.056548e+01,2.043973e+01,2.042575e+01,2.043274e+01,2.050262e+01,2.043973e+01,2.047468e+01,2.037679e+01,2.054453e+01,2.058643e+01,2.060736e+01,2.053057e+01,2.053057e+01,2.057944e+01,2.050262e+01,2.037679e+01,2.053755e+01,2.050262e+01,2.046070e+01,2.050262e+01,2.047468e+01,2.049564e+01,2.052358e+01,2.047468e+01,2.052358e+01,2.046769e+01,2.056548e+01,2.050262e+01,2.062132e+01,2.048865e+01,2.046769e+01,2.066318e+01,2.048166e+01,2.051660e+01,2.046769e+01,2.052358e+01,2.047468e+01,2.047468e+01,2.046070e+01,2.048865e+01,2.044672e+01,2.052358e+01,2.053755e+01,2.050262e+01
2.062132e+01,2.067713e+01,2.058643e+01,2.067713e+01,2.059340e+01,2.062132e+01,2.057944e+01,2.082348e+01,2.055152e+01,2.056548e+01,2.068410e+01,2.055850e+01,2.064923e+01,2.065621e+01,2.064923e+01,2.064923e+01,2.054453e+01,2.057246e+01,2.069108e+01,2.062132e+01,2.067713e+01,2.087918e+01,2.081652e+01,2.107388e+01,2.133752e+01,2.141371e+01,2.159356e+01,2.144140e+01,2.160048e+01,2.179380e+01,2.172480e+01,2.186965e+01,2.180759e+01,2.148292e+01,2.140678e+01,2.149676e+01,2.166265e+01,2.173170e+01,2.197987e+01,2.194544e+01,2.198676e+01,2.179380e+01,2.137216e+01,2.139986e+01,2.139293e+01,2.169028e+01,2.186965e+01,2.170409e+01,2.183518e+01,2.202118e+01,2.238530e+01,2.223431e+01,2.208998e+01,2.173860e+01,2.160048e+01,2.160739e+01,2.133059e+01,2.121272e+01,2.124047e+01,2.128901e+01,2.117109e+01,2.135830e+01,2.169028e+01,2.185586e+01,2.228924e+01,2.216561e+01,2.179380e+01,2.146216e+01,2.119191e+01,2.116415e+01,2.119191e+01,2.151751e+01,2.172480e+01,2.162812e+01,2.143448e+01,2.139293e+01,2.111555e+01,2.137216e+01,2.163503e+01,2.142756e+01,2.131673e+01,2.099744e+01,2.101134e+01,2.140678e+01,2.154517e+01,2.158665e+01,2.171099e+01,2.190411e+01,2.189032e+01,2.168337e+01,2.161430e+01,2.133059e+01,2.146908e+01,2.134445e+01,2.133752e+01,2.107388e+01,2.099744e+01,2.094876e+01,2.092789e+01,2.094180e+01,2.115027e+01,2.115027e+01,2.108083e+01,2.106693e+01,2.106693e+01,2.105304e+01,2.108083e+01,2.139986e+01,2.157283e+01,2.158665e+01,2.147600e+01,2.121272e+01,2.106693e+01,2.121966e+01,2.114333e+01,2.163503e+01,2.166265e+01,2.170409e+01,2.151751e+01,2.121966e+01,2.087222e+01,2.060039e+01,2.049564e+01,2.050262e+01,2.046769e+01,2.046769e+01,2.053755e+01,2.048166e+01,2.047468e+01,2.048166e+01,2.039078e+01,2.036980e+01,2.055850e+01,2.042575e+01,2.038379e+01,2.048166e+01,2.047468e+01,2.044672e+01,2.043274e+01,2.042575e+01,2.046769e+01,2.044672e+01,2.054453e+01,2.044672e+01,2.047468e+01,2.043274e+01,2.057246e+01,2.057246e+01,2.041176e+01,2.046070e+01,2.060039e+01,2.046769e+01,2.046769e+01,2.046769e+01,2.046070e+01,2.048865e+01,2.041176e+01,2.045371e+01,2.045371e+01,2.044672e+01,2.053057e+01,2.048865e+01,2.049564e+01,2.049564e+01,2.051660e+01,2.049564e+01,2.050262e+01,2.053755e+01,2.053057e+01,2.041875e+01,2.040477e+01,2.046070e+01,2.040477e+01,2.043973e+01,2.036280e+01,2.041875e+01,2.039778e+01,2.045371e+01,2.036980e+01,2.046769e+01,2.051660e+01,2.052358e+01,2.047468e+01,2.043274e+01,2.044672e+01,2.039078e+01,2.042575e+01,2.050262e+01,2.043973e+01,2.041875e+01,2.038379e+01,2.037679e+01,2.043973e+01,2.029982e+01,2.046070e+01,2.039778e+01,2.043274e+01,2.038379e+01,2.036980e+01,2.033481e+01,2.031382e+01,2.039078e+01,2.037679e+01,2.032082e+01,2.048865e+01,2.039078e+01,2.042575e+01,2.027881e+01,2.046769e+01,2.043973e+01,2.047468e+01,2.043973e+01,2.044672e+01,2.053057e+01,2.037679e+01,2.039778e+01,2.043973e+01,2.034181e+01,2.036280e+01,2.040477e+01,2.042575e+01,2.049564e+01,2.053755e+01,2.056548e+01,2.059340e+01,2.060736e+01,2.053755e+01,2.057944e+01,2.057944e+01,2.060736e+01,2.061434e+01,2.055850e+01,2.057944e+01,2.069108e+01,2.059340e+01,2.057246e+01,2.052358e+01,2.053755e+01,2.057246e+01,2.055152e+01,2.050961e+01,2.055850e+01,2.059340e+01,2.049564e+01,2.051660e+01,2.060736e+01,2.046769e+01,2.047468e+01,2.046769e+01,2.047468e+01,2.045371e+01,2.048166e+01,2.046070e+01,2.041875e+01,2.035581e+01,2.039078e+01,2.029282e+01,2.027181e+01,2.027181e+01,2.042575e+01,2.043274e+01,2.042575e+01,2.054453e+01,2.047468e+01,2.043973e+01,2.053057e+01,2.056548e+01,2.053755e+01,2.041875e+01,2.048865e+01,2.046769e+01,2.051660e+01,2.044672e+01,2.050262e+01,2.050961e+01,2.056548e+01,2.050961e+01,2.050262e+01,2.055850e+01,2.049564e+01,2.055850e+01,2.049564e+01,2.036980e+01,2.035581e+01,2.034181e+01,2.042575e+01,2.042575e+01,2.037679e+01,2.043973e+01,2.041875e+01,2.045371e+01,2.044672e+01,2.049564e+01,2.050961e+01,2.039778e+01,2.051660e+01,2.037679e+01,2.042575e+01,2.045371e+01,2.035581e+01,2.022278e+01,2.022278e+01,2.024380e+01,2.022278e+01,2.027881e+01,2.034181e+01,2.037679e+01,2.047468e+01,2.042575e+01,2.041176e+01,2.052358e+01,2.057246e+01,2.057246e+01,2.054453e+01,2.052358e+01,2.050961e+01,2.056548e+01,2.048865e+01,2.050961e+01,2.050961e+01,2.051660e+01,2.053057e+01,2.050262e+01,2.064225e+01,2.053057e+01,2.048166e+01,2.048166e+01,2.062132e+01,2.071200e+01,2.067016e+01,2.070502e+01,2.067713e+01,2.047468e+01,2.064225e+01,2.066318e+01,2.064225e+01,2.061434e+01,2.056548e+01,2.054453e+01,2.056548e+01,2.071897e+01,2.064923e+01,2.064225e+01,2.060736e+01,2.062132e+01,2.065621e+01,2.064225e+01,2.071200e+01,2.069108e+01,2.069108e+01,2.063528e+01,2.069108e+01,2.060736e+01,2.060736e+01,2.057944e+01,2.065621e+01,2.065621e+01,2.076079e+01,2.068410e+01,2.071897e+01,2.070502e+01,2.069108e+01,2.068410e+01,2.069108e+01,2.069805e+01,2.061434e+01,2.072594e+01,2.067016e+01,2.071200e+01,2.069805e+01,2.067713e+01,2.068410e+01,2.066318e+01,2.076775e+01,2.062830e+01,2.069805e+01,2.073291e+01,2.064225e+01,2.055152e+01,2.063528e+01,2.056548e+01,2.057944e+01,2.064923e+01,2.058643e+01,2.057944e+01,2.057246e+01,2.057246e+01,2.054453e+01,2.050262e+01,2.042575e+01,2.043274e+01,2.054453e+01,2.055850e+01,2.042575e+01,2.055850e+01,2.047468e+01,2.046070e+01,2.042575e+01,2.046070e+01,2.047468e+01,2.050961e+01,2.055850e+01,2.052358e+01,2.040477e+01,2.053057e+01,2.054453e+01,2.042575e+01,2.049564e+01,2.050262e+01,2.050262e+01,2.051660e+01,2.053057e+01,2.054453e+01,2.056548e+01,2.053755e+01,2.050961e+01,2.051660e+01,2.058643e+01,2.058643e+01,2.051660e+01,2.054453e+01,2.052358e+01,2.044672e+01,2.045371e+01,2.048865e+01,2.045371e+01,2.043973e+01,2.061434e+01,2.057246e+01,2.057944e+01,2.035581e+01,2.060039e+01,2.060736e+01,2.043973e+01,2.048865e+01,2.045371e+01,2.052358e+01,2.048865e+01,2.057944e+01,2.058643e+01,2.053057e+01,2.058643e+01,2.040477e+01,2.054453e+01,2.053755e+01,2.057944e+01,2.060736e+01,2.052358e+01,2.050961e+01,2.063528e+01,2.056548e+01,2.050262e+01,2.053755e+01,2.056548e+01,2.053755e+01,2.051660e+01,2.057944e+01,2.051660e+01,2.066318e+01,2.056548e+01,2.062132e+01,2.057944e+01,2.056548e+01,2.043274e+01,2.048865e+01,2.060039e+01,2.061434e+01,2.050961e+01,2.062132e+01,2.050262e+01,2.055152e+01,2.055152e+01,2.059340e+01,2.050961e+01,2.059340e+01,2.058643e+01,2.051660e+01,2.049564e+01,2.066318e+01,2.051660e+01,2.057246e+01,2.068410e+01,2.059340e+01,2.057246e+01,2.055850e+01,2.062132e+01,2.062132e+01,2.060736e+01,2.055152e+01,2.043973e+01,2.062132e+01,2.059340e+01,2.057246e+01,2.051660e+01,2.056548e+01,2.055152e+01,2.055850e+01,2.061434e+01,2.062830e+01,2.055152e+01,2.050961e+01,2.053755e+01,2.048166e+01,2.045371e+01,2.043274e+01,2.052358e+01,2.043274e+01,2.053755e+01,2.050262e+01,2.046070e+01,2.069108e+01,2.057944e+01,2.050262e+01,2.059340e+01,2.058643e+01,2.055152e+01,2.045371e+01,2.048166e+01,2.058643e+01,2.043973e+01,2.052358e+01,2.046769e+01,2.047468e+01,2.057944e+01,2.047468e+01,2.062132e+01,2.057246e+01,2.060736e+01,2.053057e+01,2.045371e+01,2.038379e+01,2.038379e+01,2.046070e+01,2.063528e+01,2.047468e+01,2.043274e+01,2.042575e+01,2.053755e+01,2.050961e+01,2.050961e+01,2.045371e+01,2.057246e+01,2.048865e+01,2.062132e+01,2.040477e+01,2.048865e+01,2.063528e+01,2.048865e+01,2.048166e+01,2.051660e+01,2.053057e+01,2.048166e+01,2.073988e+01,2.050262e+01,2.048865e+01,2.050262e+01,2.045371e+01,2.041176e+01,2.044672e+01,2.053057e+01,2.046070e+01,2.048166e+01,2.047468e+01,2.043973e+01,2.043274e+01,2.049564e+01,2.046070e+01,2.032782e+01,2.036980e+01,2.041875e+01,2.041176e+01,2.049564e+01,2.050961e+01,2.044672e+01,2.054453e+01,2.050262e+01,2.061434e+01,2.041176e+01,2.043973e+01,2.050262e+01,2.051660e+01,2.045371e+01,2.055152e+01,2.060039e+01,2.053755e+01,2.057944e+01,2.040477e+01,2.046070e+01,2.039778e+01,2.039778e+01,2.029982e+01,2.032782e+01,2.041875e+01,2.050961e+01,2.054453e+01,2.057246e+01,2.043973e+01,2.043973e+01,2.056548e+01,2.047468e+01,2.036280e+01,2.037679e+01,2.043973e+01,2.050961e+01,2.060736e+01,2.059340e+01,2.060736e+01,2.046769e+01,2.059340e+01,2.046769e+01,2.035581e+01,2.061434e+01,2.053755e+01,2.051660e+01,2.048166e+01,2.045371e+01,2.060039e+01,2.060039e+01,2.053755e+01,2.055850e+01,2.049564e+01,2.053057e+01,2.051660e+01,2.034881e+01,2.049564e+01,2.062132e+01,2.045371e+01,2.037679e+01,2.041875e+01,2.039078e+01,2.048865e+01,2.028582e+01,2.058643e+01,2.047468e+01,2.044672e+01,2.048865e+01,2.056548e+01,2.055152e+01,2.068410e+01,2.054453e+01
2.054453e+01,2.057944e+01,2.053755e+01,2.058643e+01,2.058643e+01,2.057246e+01,2.060039e+01,2.053057e+01,2.058643e+01,2.056548e+01,2.062132e+01,2.065621e+01,2.066318e+01,2.064923e+01,2.060039e+01,2.055850e+01,2.061434e+01,2.059340e+01,2.060736e+01,2.061434e+01,2.070502e+01,2.073988e+01,2.082348e+01,2.107388e+01,2.135138e+01,2.142063e+01,2.145524e+01,2.144140e+01,2.173860e+01,2.184207e+01,2.178000e+01,2.185586e+01,2.186275e+01,2.185586e+01,2.151059e+01,2.156592e+01,2.160048e+01,2.171099e+01,2.182139e+01,2.198676e+01,2.217935e+01,2.178690e+01,2.151751e+01,2.134445e+01,2.134445e+01,2.151059e+01,2.173170e+01,2.181449e+01,2.200741e+01,2.235100e+01,2.259083e+01,2.273446e+01,2.274813e+01,2.232356e+01,2.167647e+01,2.143448e+01,2.118497e+01,2.126127e+01,2.110861e+01,2.090702e+01,2.111555e+01,2.130980e+01,2.165575e+01,2.182828e+01,2.226178e+01,2.191788e+01,2.158665e+01,2.157974e+01,2.118497e+01,2.116415e+01,2.127514e+01,2.145524e+01,2.164884e+01,2.162812e+01,2.147600e+01,2.144140e+01,2.111555e+01,2.137216e+01,2.159356e+01,2.146216e+01,2.148292e+01,2.101134e+01,2.127514e+01,2.115721e+01,2.138601e+01,2.145524e+01,2.154517e+01,2.155209e+01,2.150368e+01,2.128901e+01,2.133059e+01,2.111555e+01,2.117109e+01,2.120579e+01,2.137908e+01,2.124047e+01,2.110861e+01,2.099048e+01,2.097658e+01,2.099744e+01,2.101829e+01,2.094876e+01,2.103914e+01,2.106693e+01,2.121966e+01,2.110166e+01,2.126127e+01,2.139986e+01,2.155900e+01,2.156592e+01,2.157974e+01,2.116415e+01,2.112944e+01,2.116415e+01,2.130287e+01,2.178000e+01,2.182828e+01,2.182139e+01,2.171099e+01,2.128901e+01,2.063528e+01,2.053755e+01,2.051660e+01,2.049564e+01,2.050961e+01,2.047468e+01,2.048865e+01,2.050262e+01,2.038379e+01,2.050262e+01,2.070502e+01,2.052358e+01,2.051660e+01,2.047468e+01,2.058643e+01,2.052358e+01,2.052358e+01,2.040477e+01,2.051660e+01,2.047468e+01,2.042575e+01,2.042575e+01,2.055850e+01,2.042575e+01,2.048166e+01,2.038379e+01,2.054453e+01,2.053755e+01,2.055152e+01,2.046070e+01,2.050961e+01,2.043973e+01,2.045371e+01,2.043973e+01,2.046769e+01,2.045371e+01,2.042575e+01,2.043274e+01,2.055152e+01,2.043274e+01,2.053057e+01,2.055152e+01,2.042575e+01,2.046070e+01,2.054453e+01,2.049564e+01,2.051660e+01,2.051660e+01,2.050262e+01,2.044672e+01,2.054453e+01,2.038379e+01,2.051660e+01,2.047468e+01,2.041875e+01,2.040477e+01,2.046070e+01,2.042575e+01,2.041875e+01,2.036980e+01,2.045371e+01,2.048166e+01,2.048166e+01,2.047468e+01,2.048166e+01,2.032782e+01,2.060039e+01,2.041875e+01,2.040477e+01,2.036280e+01,2.042575e+01,2.041875e+01,2.030682e+01,2.043274e+01,2.034881e+01,2.039778e+01,2.043274e+01,2.046070e+01,2.026481e+01,2.030682e+01,2.041875e+01,2.033481e+01,2.031382e+01,2.032082e+01,2.048166e+01,2.046070e+01,2.037679e+01,2.043274e+01,2.046769e+01,2.042575e+01,2.041875e+01,2.041875e+01,2.040477e+01,2.042575e+01,2.047468e+01,2.048166e+01,2.047468e+01,2.044672e+01,2.038379e+01,2.041875e+01,2.043973e+01,2.054453e+01,2.047468e+01,2.060039e+01,2.052358e+01,2.069108e+01,2.055850e+01,2.055850e+01,2.042575e+01,2.054453e+01,2.057246e+01,2.060736e+01,2.063528e+01,2.061434e+01,2.064225e+01,2.067713e+01,2.056548e+01,2.055152e+01,2.057944e+01,2.058643e+01,2.058643e+01,2.054453e+01,2.053057e+01,2.041875e+01,2.047468e+01,2.060039e+01,2.048166e+01,2.055850e+01,2.053057e+01,2.043973e+01,2.046769e+01,2.048865e+01,2.054453e+01,2.057944e+01,2.041176e+01,2.040477e+01,2.040477e+01,2.041875e+01,2.032082e+01,2.035581e+01,2.045371e+01,2.043274e+01,2.046070e+01,2.045371e+01,2.047468e+01,2.052358e+01,2.054453e+01,2.054453e+01,2.054453e+01,2.057944e+01,2.044672e+01,2.053057e+01,2.053057e+01,2.056548e+01,2.058643e+01,2.055152e+01,2.052358e+01,2.055152e+01,2.058643e+01,2.044672e+01,2.057944e+01,2.050961e+01,2.053755e+01,2.046070e+01,2.042575e+01,2.029982e+01,2.036980e+01,2.043973e+01,2.042575e+01,2.051660e+01,2.050961e+01,2.050961e+01,2.049564e+01,2.046769e+01,2.050262e+01,2.045371e+01,2.047468e+01,2.040477e+01,2.043973e+01,2.040477e+01,2.021578e+01,2.021578e+01,2.015971e+01,2.019476e+01,2.038379e+01,2.030682e+01,2.056548e+01,2.043973e+01,2.044672e+01,2.053755e+01,2.051660e+01,2.055152e+01,2.041176e+01,2.049564e+01,2.057246e+01,2.058643e+01,2.055152e+01,2.055152e+01,2.051660e+01,2.049564e+01,2.062132e+01,2.049564e+01,2.058643e+01,2.049564e+01,2.062830e+01,2.060736e+01,2.057944e+01,2.067713e+01,2.057246e+01,2.062830e+01,2.050262e+01,2.062132e+01,2.065621e+01,2.064923e+01,2.063528e+01,2.067713e+01,2.062132e+01,2.057944e+01,2.073291e+01,2.055152e+01,2.067016e+01,2.067016e+01,2.060039e+01,2.064923e+01,2.059340e+01,2.062830e+01,2.064225e+01,2.065621e+01,2.064225e+01,2.062132e+01,2.068410e+01,2.066318e+01,2.048166e+01,2.050262e+01,2.065621e+01,2.063528e+01,2.067016e+01,2.069108e+01,2.060736e+01,2.078866e+01,2.066318e+01,2.069805e+01,2.067016e+01,2.072594e+01,2.073988e+01,2.073988e+01,2.058643e+01,2.067016e+01,2.062830e+01,2.067016e+01,2.063528e+01,2.071200e+01,2.072594e+01,2.064923e+01,2.075382e+01,2.074685e+01,2.071200e+01,2.068410e+01,2.069108e+01,2.067713e+01,2.060736e+01,2.061434e+01,2.067016e+01,2.060039e+01,2.061434e+01,2.053057e+01,2.056548e+01,2.050262e+01,2.047468e+01,2.053057e+01,2.050262e+01,2.040477e+01,2.042575e+01,2.050262e+01,2.044672e+01,2.042575e+01,2.048865e+01,2.053057e+01,2.052358e+01,2.052358e+01,2.042575e+01,2.055850e+01,2.045371e+01,2.048865e+01,2.047468e+01,2.049564e+01,2.043274e+01,2.051660e+01,2.046070e+01,2.046769e+01,2.054453e+01,2.052358e+01,2.053755e+01,2.058643e+01,2.054453e+01,2.052358e+01,2.053755e+01,2.062830e+01,2.047468e+01,2.067016e+01,2.051660e+01,2.052358e+01,2.055152e+01,2.049564e+01,2.051660e+01,2.043973e+01,2.045371e+01,2.046769e+01,2.053057e+01,2.056548e+01,2.047468e+01,2.053057e+01,2.053755e+01,2.050961e+01,2.049564e+01,2.052358e+01,2.053057e+01,2.054453e+01,2.057944e+01,2.057944e+01,2.053755e+01,2.056548e+01,2.052358e+01,2.058643e+01,2.064225e+01,2.057246e+01,2.055152e+01,2.057944e+01,2.062132e+01,2.055850e+01,2.050961e+01,2.062132e+01,2.050961e+01,2.068410e+01,2.053057e+01,2.057944e+01,2.054453e+01,2.055850e+01,2.057944e+01,2.060039e+01,2.057246e+01,2.054453e+01,2.055850e+01,2.060039e+01,2.052358e+01,2.057944e+01,2.051660e+01,2.053057e+01,2.051660e+01,2.052358e+01,2.050961e+01,2.054453e+01,2.061434e+01,2.048166e+01,2.054453e+01,2.057246e+01,2.052358e+01,2.053057e+01,2.055850e+01,2.054453e+01,2.053755e+01,2.062132e+01,2.055152e+01,2.060039e+01,2.060039e+01,2.057944e+01,2.051660e+01,2.055850e+01,2.049564e+01,2.062132e+01,2.060736e+01,2.060039e+01,2.060039e+01,2.057944e+01,2.056548e+01,2.055850e+01,2.046769e+01,2.054453e+01,2.058643e+01,2.053057e+01,2.052358e+01,2.057944e+01,2.042575e+01,2.050262e+01,2.050961e+01,2.048166e+01,2.048865e+01,2.051660e+01,2.071200e+01,2.051660e+01,2.044672e+01,2.055850e+01,2.058643e+01,2.057944e+01,2.048166e+01,2.048865e+01,2.043274e+01,2.049564e+01,2.050262e+01,2.050961e+01,2.054453e+01,2.053755e+01,2.050961e+01,2.056548e+01,2.046769e+01,2.063528e+01,2.061434e+01,2.032782e+01,2.064225e+01,2.041176e+01,2.025080e+01,2.047468e+01,2.066318e+01,2.053755e+01,2.043274e+01,2.041176e+01,2.050262e+01,2.041176e+01,2.041176e+01,2.050961e+01,2.053057e+01,2.048166e+01,2.047468e+01,2.046070e+01,2.046769e+01,2.049564e+01,2.036980e+01,2.049564e+01,2.050961e+01,2.048166e+01,2.042575e+01,2.050262e+01,2.051660e+01,2.042575e+01,2.047468e+01,2.042575e+01,2.050262e+01,2.053057e+01,2.047468e+01,2.060736e+01,2.048166e+01,2.048865e+01,2.050961e+01,2.058643e+01,2.048166e+01,2.043973e+01,2.046070e+01,2.046769e+01,2.051660e+01,2.041875e+01,2.044672e+01,2.057944e+01,2.035581e+01,2.046769e+01,2.041176e+01,2.036980e+01,2.045371e+01,2.048166e+01,2.053057e+01,2.050961e+01,2.050262e+01,2.057246e+01,2.040477e+01,2.050262e+01,2.046070e+01,2.046769e+01,2.036280e+01,2.055850e+01,2.046070e+01,2.049564e+01,2.036280e+01,2.041875e+01,2.046070e+01,2.053755e+01,2.055850e+01,2.050262e+01,2.041176e+01,2.053755e+01,2.045371e+01,2.042575e+01,2.036980e+01,2.054453e+01,2.047468e+01,2.044672e+01,2.050262e+01,2.061434e+01,2.060736e+01,2.050262e+01,2.053057e+01,2.048865e+01,2.029282e+01,2.049564e+01,2.038379e+01,2.053755e+01,2.060736e+01,2.055152e+01,2.052358e+01,2.050262e+01,2.049564e+01,2.059340e+01,2.051660e+01,2.049564e+01,2.061434e+01,2.044672e+01,2.051660e+01,2.039078e+01,2.048166e+01,2.032082e+01,2.063528e+01,2.036280e+01,2.037679e+01,2.055850e+01,2.056548e+01,2.038379e+01,2.048166e+01,2.064923e+01,2.046070e+01,2.059340e+01,2.053755e+01,2.049564e+01
2.055152e+01,2.052358e+01,2.071200e+01,2.057246e+01,2.056548e+01,2.059340e+01,2.061434e+01,2.060736e+01,2.062132e+01,2.057944e+01,2.060736e+01,2.070502e+01,2.059340e+01,2.062132e+01,2.078169e+01,2.065621e+01,2.058643e+01,2.058643e+01,2.062132e+01,2.076079e+01,2.076079e+01,2.090006e+01,2.102524e+01,2.105304e+01,2.140678e+01,2.138601e+01,2.141371e+01,2.154517e+01,2.173860e+01,2.178000e+01,2.186275e+01,2.200741e+01,2.206934e+01,2.195233e+01,2.171099e+01,2.153826e+01,2.149676e+01,2.160739e+01,2.183518e+01,2.197987e+01,2.248812e+01,2.204870e+01,2.175930e+01,2.133059e+01,2.130980e+01,2.153826e+01,2.163503e+01,2.175240e+01,2.184207e+01,2.221370e+01,2.256345e+01,2.296658e+01,2.279596e+01,2.230297e+01,2.158665e+01,2.136523e+01,2.126127e+01,2.134445e+01,2.117109e+01,2.124740e+01,2.115027e+01,2.121966e+01,2.133059e+01,2.172480e+01,2.179380e+01,2.161430e+01,2.140678e+01,2.120579e+01,2.124047e+01,2.117109e+01,2.127514e+01,2.142063e+01,2.162812e+01,2.156592e+01,2.158665e+01,2.140678e+01,2.135830e+01,2.135138e+01,2.143448e+01,2.142756e+01,2.135138e+01,2.122660e+01,2.098353e+01,2.099048e+01,2.137216e+01,2.127514e+01,2.151059e+01,2.144140e+01,2.121272e+01,2.111555e+01,2.116415e+01,2.107388e+01,2.112250e+01,2.129594e+01,2.127514e+01,2.119191e+01,2.115721e+01,2.124740e+01,2.092093e+01,2.101829e+01,2.108083e+01,2.122660e+01,2.109472e+01,2.127514e+01,2.121272e+01,2.112250e+01,2.142756e+01,2.142756e+01,2.141371e+01,2.156592e+01,2.140678e+01,2.123353e+01,2.120579e+01,2.117803e+01,2.163503e+01,2.171099e+01,2.197987e+01,2.185586e+01,2.157283e+01,2.115027e+01,2.064923e+01,2.054453e+01,2.050262e+01,2.043274e+01,2.043274e+01,2.051660e+01,2.050961e+01,2.046769e+01,2.051660e+01,2.049564e+01,2.048865e+01,2.051660e+01,2.045371e+01,2.041176e+01,2.055152e+01,2.046769e+01,2.044672e+01,2.055152e+01,2.041176e+01,2.043274e+01,2.039078e+01,2.047468e+01,2.043274e+01,2.056548e+01,2.034881e+01,2.052358e+01,2.051660e+01,2.043274e+01,2.043973e+01,2.046769e+01,2.048166e+01,2.057944e+01,2.049564e+01,2.047468e+01,2.047468e+01,2.046769e+01,2.047468e+01,2.048166e+01,2.052358e+01,2.052358e+01,2.051660e+01,2.041875e+01,2.042575e+01,2.049564e+01,2.046769e+01,2.052358e+01,2.049564e+01,2.052358e+01,2.048865e+01,2.050262e+01,2.039078e+01,2.039778e+01,2.046070e+01,2.039778e+01,2.053755e+01,2.041176e+01,2.060039e+01,2.036980e+01,2.034181e+01,2.046769e+01,2.042575e+01,2.043274e+01,2.053057e+01,2.046070e+01,2.049564e+01,2.035581e+01,2.038379e+01,2.059340e+01,2.042575e+01,2.043973e+01,2.043973e+01,2.043973e+01,2.041176e+01,2.033481e+01,2.044672e+01,2.043274e+01,2.044672e+01,2.039078e+01,2.045371e+01,2.043973e+01,2.041176e+01,2.043274e+01,2.031382e+01,2.040477e+01,2.041875e+01,2.039778e+01,2.037679e+01,2.041176e+01,2.041176e+01,2.045371e+01,2.032082e+01,2.039078e+01,2.041176e+01,2.037679e+01,2.047468e+01,2.046070e+01,2.040477e+01,2.041176e+01,2.037679e+01,2.045371e+01,2.046070e+01,2.050961e+01,2.060039e+01,2.060736e+01,2.063528e+01,2.053057e+01,2.059340e+01,2.059340e+01,2.057944e+01,2.064225e+01,2.060039e+01,2.057246e+01,2.060039e+01,2.058643e+01,2.061434e+01,2.061434e+01,2.060039e+01,2.052358e+01,2.064923e+01,2.058643e+01,2.059340e+01,2.055850e+01,2.059340e+01,2.056548e+01,2.057944e+01,2.064225e+01,2.051660e+01,2.048166e+01,2.050961e+01,2.054453e+01,2.052358e+01,2.050262e+01,2.046769e+01,2.039778e+01,2.037679e+01,2.047468e+01,2.044672e+01,2.039778e+01,2.029282e+01,2.029282e+01,2.048166e+01,2.047468e+01,2.045371e+01,2.047468e+01,2.048865e+01,2.053057e+01,2.075382e+01,2.046070e+01,2.046070e+01,2.060039e+01,2.059340e+01,2.062830e+01,2.053755e+01,2.049564e+01,2.056548e+01,2.059340e+01,2.054453e+01,2.053755e+01,2.055152e+01,2.050262e+01,2.053755e+01,2.054453e+01,2.047468e+01,2.043973e+01,2.043274e+01,2.044672e+01,2.046070e+01,2.043973e+01,2.043274e+01,2.046769e+01,2.052358e+01,2.041875e+01,2.043973e+01,2.043274e+01,2.043973e+01,2.047468e+01,2.044672e+01,2.036280e+01,2.042575e+01,2.041875e+01,2.026481e+01,2.022979e+01,2.019476e+01,2.011764e+01,2.033481e+01,2.036980e+01,2.022278e+01,2.039078e+01,2.053755e+01,2.051660e+01,2.043274e+01,2.055152e+01,2.056548e+01,2.055850e+01,2.050961e+01,2.049564e+01,2.048166e+01,2.049564e+01,2.060039e+01,2.050961e+01,2.060736e+01,2.055152e+01,2.064225e+01,2.057944e+01,2.050262e+01,2.053755e+01,2.056548e+01,2.063528e+01,2.060039e+01,2.055152e+01,2.063528e+01,2.058643e+01,2.065621e+01,2.062132e+01,2.061434e+01,2.065621e+01,2.055152e+01,2.062132e+01,2.067713e+01,2.061434e+01,2.054453e+01,2.073291e+01,2.065621e+01,2.062132e+01,2.062830e+01,2.057246e+01,2.050961e+01,2.060736e+01,2.053755e+01,2.055152e+01,2.053755e+01,2.067713e+01,2.060736e+01,2.064923e+01,2.069805e+01,2.064923e+01,2.066318e+01,2.054453e+01,2.069108e+01,2.067016e+01,2.068410e+01,2.064923e+01,2.066318e+01,2.064923e+01,2.069805e+01,2.067713e+01,2.081652e+01,2.071200e+01,2.073291e+01,2.071897e+01,2.067713e+01,2.073988e+01,2.063528e+01,2.075382e+01,2.071897e+01,2.073988e+01,2.071200e+01,2.059340e+01,2.068410e+01,2.079562e+01,2.071200e+01,2.064923e+01,2.065621e+01,2.067016e+01,2.069805e+01,2.055850e+01,2.057944e+01,2.055152e+01,2.049564e+01,2.046070e+01,2.053057e+01,2.052358e+01,2.039778e+01,2.039778e+01,2.048166e+01,2.041875e+01,2.045371e+01,2.048166e+01,2.041875e+01,2.041176e+01,2.048865e+01,2.054453e+01,2.042575e+01,2.050262e+01,2.048166e+01,2.054453e+01,2.044672e+01,2.043274e+01,2.043973e+01,2.045371e+01,2.046769e+01,2.057944e+01,2.057246e+01,2.057944e+01,2.062830e+01,2.057944e+01,2.064923e+01,2.048865e+01,2.052358e+01,2.063528e+01,2.055850e+01,2.041875e+01,2.055152e+01,2.055152e+01,2.051660e+01,2.049564e+01,2.058643e+01,2.049564e+01,2.051660e+01,2.053057e+01,2.061434e+01,2.073291e+01,2.042575e+01,2.050961e+01,2.049564e+01,2.057944e+01,2.052358e+01,2.048865e+01,2.056548e+01,2.057944e+01,2.050262e+01,2.061434e+01,2.051660e+01,2.053057e+01,2.061434e+01,2.052358e+01,2.059340e+01,2.043274e+01,2.061434e+01,2.060039e+01,2.055152e+01,2.050262e+01,2.051660e+01,2.053057e+01,2.067713e+01,2.052358e+01,2.054453e+01,2.051660e+01,2.059340e+01,2.053755e+01,2.053755e+01,2.064225e+01,2.059340e+01,2.067713e+01,2.054453e+01,2.059340e+01,2.055152e+01,2.053755e+01,2.067713e+01,2.067016e+01,2.060736e+01,2.062830e+01,2.062830e+01,2.048865e+01,2.052358e+01,2.055850e+01,2.055850e+01,2.057944e+01,2.055850e+01,2.064225e+01,2.056548e+01,2.055152e+01,2.056548e+01,2.057944e+01,2.061434e+01,2.057944e+01,2.060736e+01,2.060736e+01,2.059340e+01,2.059340e+01,2.046070e+01,2.056548e+01,2.058643e+01,2.057246e+01,2.073291e+01,2.055850e+01,2.054453e+01,2.055850e+01,2.057246e+01,2.056548e+01,2.060039e+01,2.048166e+01,2.049564e+01,2.055850e+01,2.060039e+01,2.046070e+01,2.051660e+01,2.050961e+01,2.048865e+01,2.049564e+01,2.048865e+01,2.041875e+01,2.057246e+01,2.057246e+01,2.056548e+01,2.057246e+01,2.056548e+01,2.057246e+01,2.047468e+01,2.052358e+01,2.055152e+01,2.053057e+01,2.042575e+01,2.049564e+01,2.059340e+01,2.051660e+01,2.053755e+01,2.052358e+01,2.051660e+01,2.048865e+01,2.050961e+01,2.047468e+01,2.045371e+01,2.043274e+01,2.045371e+01,2.041875e+01,2.046769e+01,2.044672e+01,2.052358e+01,2.052358e+01,2.044672e+01,2.047468e+01,2.045371e+01,2.045371e+01,2.053057e+01,2.043973e+01,2.048865e+01,2.038379e+01,2.047468e+01,2.046769e+01,2.050262e+01,2.043274e+01,2.051660e+01,2.041176e+01,2.052358e+01,2.047468e+01,2.038379e+01,2.054453e+01,2.043973e+01,2.042575e+01,2.057246e+01,2.052358e+01,2.063528e+01,2.043973e+01,2.046070e+01,2.056548e+01,2.046769e+01,2.042575e+01,2.050262e+01,2.045371e+01,2.043274e+01,2.043274e+01,2.044672e+01,2.050262e+01,2.053057e+01,2.043274e+01,2.048865e+01,2.053755e+01,2.044672e+01,2.055152e+01,2.036980e+01,2.062132e+01,2.044672e+01,2.048865e+01,2.049564e+01,2.043973e+01,2.032782e+01,2.044672e+01,2.043973e+01,2.046769e+01,2.046070e+01,2.046070e+01,2.050262e+01,2.046769e+01,2.048865e+01,2.048166e+01,2.057246e+01,2.041176e+01,2.044672e+01,2.046769e+01,2.052358e+01,2.052358e+01,2.046070e+01,2.049564e+01,2.049564e+01,2.048865e+01,2.050262e+01,2.049564e+01,2.048865e+01,2.029982e+01,2.046769e+01,2.059340e+01,2.040477e+01,2.058643e+01,2.053057e+01,2.059340e+01,2.048865e+01,2.051660e+01,2.050961e+01,2.055850e+01,2.055152e+01,2.041875e+01,2.048166e+01,2.041875e+01,2.057246e+01,2.061434e+01,2.050961e+01,2.053057e+01,2.048865e+01,2.045371e+01,2.030682e+01,2.050262e+01,2.051660e+01,2.055850e+01,2.049564e+01,2.065621e+01,2.057944e+01,2.043973e+01,2.060736e+01,2.056548e+01
2.054453e+01,2.057944e+01,2.052358e+01,2.057246e+01,2.055850e+01,2.051660e+01,2.054453e+01,2.057246e+01,2.055152e+01,2.062132e+01,2.057246e+01,2.070502e+01,2.062830e+01,2.074685e+01,2.057944e+01,2.059340e+01,2.069108e+01,2.059340e+01,2.060039e+01,2.076775e+01,2.098353e+01,2.102524e+01,2.130287e+01,2.140678e+01,2.135830e+01,2.129594e+01,2.140678e+01,2.141371e+01,2.181449e+01,2.182828e+01,2.197987e+01,2.202806e+01,2.175930e+01,2.191788e+01,2.157974e+01,2.160739e+01,2.175240e+01,2.175930e+01,2.177310e+01,2.178690e+01,2.210373e+01,2.203494e+01,2.164193e+01,2.135138e+01,2.130287e+01,2.131673e+01,2.147600e+01,2.151751e+01,2.177310e+01,2.208310e+01,2.229610e+01,2.275497e+01,2.243329e+01,2.219309e+01,2.149676e+01,2.139293e+01,2.133752e+01,2.139986e+01,2.138601e+01,2.159356e+01,2.141371e+01,2.141371e+01,2.143448e+01,2.171099e+01,2.169028e+01,2.144140e+01,2.131673e+01,2.118497e+01,2.119885e+01,2.111555e+01,2.118497e+01,2.141371e+01,2.135138e+01,2.141371e+01,2.140678e+01,2.146908e+01,2.137216e+01,2.137908e+01,2.127514e+01,2.128207e+01,2.118497e+01,2.098353e+01,2.077472e+01,2.098353e+01,2.099744e+01,2.101134e+01,2.123353e+01,2.120579e+01,2.105999e+01,2.105304e+01,2.103914e+01,2.108777e+01,2.105999e+01,2.119191e+01,2.105304e+01,2.127514e+01,2.128207e+01,2.104609e+01,2.115027e+01,2.112944e+01,2.108777e+01,2.115027e+01,2.135138e+01,2.151751e+01,2.154517e+01,2.155900e+01,2.145524e+01,2.135830e+01,2.145524e+01,2.147600e+01,2.142756e+01,2.124740e+01,2.108777e+01,2.127514e+01,2.164193e+01,2.191100e+01,2.200741e+01,2.162812e+01,2.121966e+01,2.068410e+01,2.045371e+01,2.053755e+01,2.053755e+01,2.050961e+01,2.054453e+01,2.046769e+01,2.053755e+01,2.044672e+01,2.048166e+01,2.049564e+01,2.049564e+01,2.051660e+01,2.046769e+01,2.046769e+01,2.045371e+01,2.039778e+01,2.046769e+01,2.043973e+01,2.048865e+01,2.049564e+01,2.043973e+01,2.049564e+01,2.047468e+01,2.042575e+01,2.050961e+01,2.046070e+01,2.045371e+01,2.035581e+01,2.046769e+01,2.053755e+01,2.045371e+01,2.027881e+01,2.045371e+01,2.051660e+01,2.044672e+01,2.047468e+01,2.041875e+01,2.046070e+01,2.048865e+01,2.047468e+01,2.041176e+01,2.052358e+01,2.048166e+01,2.043973e+01,2.050262e+01,2.055850e+01,2.036280e+01,2.053057e+01,2.050262e+01,2.055152e+01,2.045371e+01,2.045371e+01,2.038379e+01,2.047468e+01,2.042575e+01,2.051660e+01,2.052358e+01,2.039078e+01,2.042575e+01,2.035581e+01,2.055850e+01,2.039078e+01,2.048166e+01,2.041176e+01,2.043274e+01,2.045371e+01,2.040477e+01,2.039078e+01,2.043274e+01,2.048166e+01,2.043274e+01,2.047468e+01,2.040477e+01,2.042575e+01,2.039078e+01,2.046769e+01,2.048865e+01,2.049564e+01,2.050961e+01,2.039778e+01,2.064225e+01,2.042575e+01,2.040477e+01,2.043973e+01,2.044672e+01,2.040477e+01,2.049564e+01,2.048166e+01,2.043274e+01,2.049564e+01,2.028582e+01,2.038379e+01,2.046070e+01,2.050961e+01,2.042575e+01,2.042575e+01,2.043274e+01,2.046769e+01,2.037679e+01,2.046769e+01,2.053057e+01,2.062830e+01,2.057246e+01,2.058643e+01,2.068410e+01,2.063528e+01,2.060736e+01,2.066318e+01,2.064225e+01,2.053057e+01,2.062132e+01,2.055850e+01,2.058643e+01,2.061434e+01,2.064225e+01,2.062132e+01,2.060736e+01,2.052358e+01,2.059340e+01,2.057944e+01,2.053755e+01,2.057944e+01,2.050961e+01,2.060736e+01,2.057944e+01,2.048865e+01,2.060039e+01,2.055850e+01,2.054453e+01,2.055152e+01,2.060736e+01,2.055152e+01,2.048865e+01,2.050961e+01,2.054453e+01,2.053755e+01,2.049564e+01,2.045371e+01,2.046769e+01,2.031382e+01,2.044672e+01,2.046769e+01,2.048865e+01,2.044672e+01,2.050262e+01,2.050961e+01,2.054453e+01,2.052358e+01,2.050961e+01,2.056548e+01,2.054453e+01,2.055152e+01,2.057944e+01,2.058643e+01,2.057944e+01,2.056548e+01,2.057246e+01,2.060039e+01,2.055152e+01,2.063528e+01,2.053057e+01,2.052358e+01,2.060039e+01,2.046769e+01,2.045371e+01,2.048865e+01,2.046070e+01,2.044672e+01,2.044672e+01,2.046070e+01,2.048865e+01,2.050961e+01,2.039078e+01,2.044672e+01,2.051660e+01,2.042575e+01,2.048865e+01,2.033481e+01,2.039078e+01,2.042575e+01,2.039778e+01,2.018074e+01,2.015270e+01,2.010362e+01,2.009660e+01,2.034181e+01,2.037679e+01,2.041875e+01,2.041176e+01,2.053755e+01,2.050262e+01,2.053057e+01,2.053755e+01,2.051660e+01,2.060736e+01,2.055850e+01,2.053755e+01,2.043274e+01,2.036980e+01,2.048166e+01,2.043274e+01,2.060039e+01,2.059340e+01,2.059340e+01,2.060736e+01,2.060039e+01,2.055152e+01,2.057944e+01,2.071897e+01,2.055152e+01,2.061434e+01,2.061434e+01,2.059340e+01,2.063528e+01,2.055152e+01,2.053057e+01,2.059340e+01,2.057246e+01,2.056548e+01,2.060039e+01,2.065621e+01,2.067713e+01,2.062132e+01,2.057944e+01,2.057944e+01,2.056548e+01,2.052358e+01,2.057944e+01,2.060736e+01,2.059340e+01,2.059340e+01,2.068410e+01,2.070502e+01,2.064923e+01,2.062830e+01,2.062132e+01,2.064225e+01,2.063528e+01,2.067016e+01,2.067016e+01,2.057246e+01,2.068410e+01,2.073988e+01,2.064923e+01,2.071200e+01,2.078866e+01,2.064225e+01,2.071897e+01,2.071897e+01,2.069805e+01,2.067713e+01,2.073988e+01,2.076079e+01,2.073988e+01,2.071200e+01,2.073988e+01,2.066318e+01,2.071200e+01,2.071897e+01,2.063528e+01,2.069108e+01,2.066318e+01,2.067016e+01,2.061434e+01,2.072594e+01,2.046769e+01,2.057246e+01,2.055152e+01,2.055850e+01,2.044672e+01,2.056548e+01,2.055152e+01,2.054453e+01,2.041875e+01,2.043274e+01,2.055152e+01,2.041875e+01,2.041875e+01,2.045371e+01,2.049564e+01,2.042575e+01,2.044672e+01,2.047468e+01,2.047468e+01,2.039778e+01,2.050961e+01,2.039078e+01,2.055850e+01,2.043973e+01,2.054453e+01,2.050961e+01,2.058643e+01,2.053057e+01,2.054453e+01,2.060039e+01,2.055850e+01,2.055152e+01,2.056548e+01,2.049564e+01,2.053755e+01,2.062132e+01,2.043274e+01,2.054453e+01,2.052358e+01,2.048865e+01,2.049564e+01,2.048865e+01,2.056548e+01,2.054453e+01,2.064225e+01,2.057246e+01,2.055850e+01,2.056548e+01,2.046070e+01,2.053755e+01,2.054453e+01,2.049564e+01,2.051660e+01,2.048865e+01,2.057246e+01,2.057944e+01,2.055152e+01,2.050262e+01,2.048865e+01,2.050961e+01,2.050961e+01,2.057944e+01,2.057944e+01,2.062132e+01,2.050961e+01,2.058643e+01,2.054453e+01,2.054453e+01,2.060039e+01,2.051660e+01,2.057246e+01,2.051660e+01,2.056548e+01,2.053057e+01,2.052358e+01,2.055850e+01,2.051660e+01,2.059340e+01,2.053755e+01,2.059340e+01,2.050262e+01,2.050961e+01,2.062132e+01,2.050961e+01,2.057944e+01,2.062830e+01,2.050262e+01,2.062132e+01,2.066318e+01,2.055850e+01,2.048865e+01,2.053755e+01,2.053755e+01,2.053755e+01,2.055152e+01,2.062830e+01,2.056548e+01,2.059340e+01,2.062132e+01,2.060736e+01,2.062132e+01,2.062132e+01,2.061434e+01,2.059340e+01,2.060039e+01,2.054453e+01,2.054453e+01,2.060736e+01,2.060039e+01,2.071897e+01,2.055850e+01,2.055850e+01,2.053057e+01,2.058643e+01,2.052358e+01,2.063528e+01,2.054453e+01,2.046070e+01,2.044672e+01,2.047468e+01,2.046769e+01,2.048166e+01,2.051660e+01,2.067016e+01,2.050262e+01,2.049564e+01,2.049564e+01,2.060736e+01,2.059340e+01,2.059340e+01,2.046769e+01,2.061434e+01,2.041176e+01,2.050262e+01,2.069108e+01,2.052358e+01,2.054453e+01,2.048865e+01,2.050262e+01,2.055850e+01,2.055850e+01,2.055850e+01,2.046070e+01,2.050262e+01,2.065621e+01,2.060736e+01,2.043274e+01,2.053755e+01,2.049564e+01,2.049564e+01,2.043274e+01,2.046070e+01,2.042575e+01,2.055850e+01,2.051660e+01,2.048865e+01,2.043973e+01,2.048166e+01,2.052358e+01,2.066318e+01,2.046769e+01,2.043274e+01,2.043973e+01,2.046070e+01,2.055152e+01,2.048166e+01,2.048865e+01,2.050262e+01,2.055850e+01,2.055152e+01,2.055850e+01,2.047468e+01,2.053755e+01,2.043973e+01,2.041875e+01,2.039778e+01,2.053755e+01,2.048865e+01,2.046769e+01,2.046769e+01,2.036280e+01,2.046769e+01,2.041176e+01,2.056548e+01,2.041176e+01,2.043973e+01,2.044672e+01,2.050961e+01,2.043274e+01,2.053755e+01,2.044672e+01,2.045371e+01,2.039778e+01,2.046769e+01,2.050961e+01,2.055152e+01,2.052358e+01,2.051660e+01,2.055850e+01,2.047468e+01,2.029982e+01,2.042575e+01,2.055152e+01,2.045371e+01,2.043973e+01,2.028582e+01,2.047468e+01,2.046769e+01,2.045371e+01,2.053755e+01,2.036980e+01,2.042575e+01,2.055152e+01,2.046769e+01,2.039778e+01,2.046769e+01,2.052358e+01,2.040477e+01,2.051660e+01,2.048865e+01,2.046070e+01,2.048865e+01,2.050262e+01,2.040477e+01,2.034881e+01,2.039778e+01,2.058643e+01,2.062132e+01,2.056548e+01,2.041176e+01,2.048865e+01,2.058643e+01,2.055850e+01,2.049564e+01,2.053755e+01,2.068410e+01,2.050262e+01,2.055152e+01,2.057246e+01,2.044672e+01,2.041875e+01,2.056548e+01,2.032082e+01,2.057246e+01,2.048166e+01,2.048166e+01,2.060736e+01,2.057246e+01,2.048166e+01,2.047468e+01,2.055850e+01,2.064923e+01,2.053755e+01,2.061434e+01,2.062830e+01
2.055850e+01,2.055152e+01,2.057944e+01,2.056548e+01,2.055850e+01,2.050961e+01,2.056548e+01,2.055152e+01,2.056548e+01,2.051660e+01,2.059340e+01,2.053057e+01,2.062830e+01,2.062132e+01,2.060039e+01,2.060736e+01,2.071200e+01,2.059340e+01,2.060736e+01,2.075382e+01,2.100439e+01,2.125434e+01,2.126821e+01,2.142063e+01,2.133059e+01,2.117109e+01,2.124740e+01,2.131673e+01,2.155209e+01,2.160048e+01,2.191100e+01,2.208310e+01,2.184207e+01,2.155209e+01,2.130980e+01,2.160739e+01,2.156592e+01,2.165575e+01,2.155209e+01,2.178000e+01,2.178000e+01,2.170409e+01,2.139986e+01,2.134445e+01,2.134445e+01,2.131673e+01,2.124047e+01,2.149676e+01,2.153134e+01,2.183518e+01,2.186965e+01,2.191100e+01,2.164884e+01,2.156592e+01,2.144832e+01,2.157974e+01,2.151059e+01,2.144832e+01,2.161430e+01,2.189721e+01,2.157974e+01,2.139986e+01,2.139986e+01,2.174550e+01,2.173860e+01,2.157283e+01,2.130980e+01,2.130980e+01,2.112250e+01,2.117109e+01,2.115721e+01,2.119191e+01,2.130980e+01,2.114333e+01,2.138601e+01,2.139986e+01,2.139293e+01,2.133752e+01,2.129594e+01,2.118497e+01,2.093485e+01,2.078169e+01,2.091398e+01,2.083045e+01,2.099048e+01,2.082348e+01,2.115721e+01,2.106693e+01,2.119885e+01,2.108083e+01,2.105999e+01,2.102524e+01,2.109472e+01,2.113638e+01,2.112250e+01,2.109472e+01,2.125434e+01,2.127514e+01,2.121272e+01,2.133059e+01,2.131673e+01,2.130287e+01,2.135138e+01,2.165575e+01,2.182828e+01,2.164884e+01,2.151059e+01,2.144140e+01,2.141371e+01,2.153134e+01,2.125434e+01,2.106693e+01,2.126127e+01,2.148292e+01,2.197299e+01,2.198676e+01,2.197987e+01,2.142063e+01,2.063528e+01,2.063528e+01,2.041875e+01,2.052358e+01,2.052358e+01,2.050961e+01,2.051660e+01,2.055152e+01,2.049564e+01,2.039078e+01,2.043274e+01,2.036280e+01,2.050961e+01,2.048865e+01,2.055850e+01,2.048865e+01,2.046769e+01,2.041875e+01,2.046070e+01,2.045371e+01,2.053057e+01,2.055152e+01,2.053755e+01,2.046769e+01,2.048865e+01,2.042575e+01,2.043274e+01,2.044672e+01,2.041875e+01,2.046769e+01,2.047468e+01,2.047468e+01,2.052358e+01,2.050262e+01,2.047468e+01,2.046769e+01,2.050262e+01,2.045371e+01,2.046070e+01,2.044672e+01,2.048865e+01,2.044672e+01,2.040477e+01,2.040477e+01,2.046769e+01,2.049564e+01,2.037679e+01,2.048166e+01,2.049564e+01,2.047468e+01,2.053755e+01,2.038379e+01,2.040477e+01,2.053057e+01,2.040477e+01,2.039778e+01,2.050262e+01,2.048865e+01,2.039078e+01,2.045371e+01,2.041176e+01,2.040477e+01,2.041176e+01,2.035581e+01,2.046769e+01,2.048865e+01,2.040477e+01,2.048865e+01,2.045371e+01,2.043973e+01,2.045371e+01,2.039078e+01,2.043274e+01,2.045371e+01,2.042575e+01,2.041875e+01,2.040477e+01,2.047468e+01,2.027181e+01,2.041875e+01,2.038379e+01,2.036280e+01,2.040477e+01,2.032782e+01,2.039078e+01,2.048166e+01,2.044672e+01,2.043274e+01,2.048166e+01,2.045371e+01,2.027881e+01,2.046070e+01,2.046769e+01,2.029282e+01,2.048865e+01,2.048865e+01,2.048166e+01,2.046769e+01,2.043274e+01,2.043274e+01,2.041176e+01,2.050961e+01,2.046070e+01,2.057944e+01,2.055850e+01,2.063528e+01,2.061434e+01,2.063528e+01,2.059340e+01,2.057246e+01,2.064923e+01,2.063528e+01,2.070502e+01,2.059340e+01,2.058643e+01,2.061434e+01,2.062132e+01,2.059340e+01,2.058643e+01,2.058643e+01,2.054453e+01,2.052358e+01,2.051660e+01,2.061434e+01,2.054453e+01,2.053755e+01,2.058643e+01,2.063528e+01,2.062830e+01,2.050262e+01,2.056548e+01,2.052358e+01,2.053057e+01,2.053057e+01,2.054453e+01,2.050961e+01,2.048865e+01,2.048166e+01,2.055152e+01,2.053755e+01,2.046769e+01,2.053057e+01,2.054453e+01,2.056548e+01,2.052358e+01,2.045371e+01,2.053755e+01,2.042575e+01,2.048166e+01,2.050262e+01,2.056548e+01,2.063528e+01,2.060039e+01,2.060736e+01,2.046769e+01,2.057246e+01,2.052358e+01,2.054453e+01,2.062132e+01,2.057944e+01,2.060039e+01,2.048865e+01,2.056548e+01,2.060736e+01,2.048166e+01,2.045371e+01,2.048865e+01,2.045371e+01,2.047468e+01,2.032082e+01,2.042575e+01,2.041875e+01,2.046769e+01,2.045371e+01,2.045371e+01,2.039778e+01,2.041176e+01,2.038379e+01,2.041176e+01,2.027181e+01,2.027181e+01,2.032782e+01,2.025080e+01,2.021578e+01,2.011063e+01,2.027181e+01,2.032082e+01,2.036980e+01,2.041176e+01,2.039078e+01,2.043274e+01,2.053057e+01,2.044672e+01,2.053057e+01,2.051660e+01,2.053057e+01,2.053057e+01,2.045371e+01,2.050262e+01,2.049564e+01,2.036980e+01,2.061434e+01,2.046769e+01,2.065621e+01,2.048865e+01,2.057246e+01,2.051660e+01,2.055152e+01,2.069805e+01,2.055152e+01,2.070502e+01,2.062830e+01,2.063528e+01,2.061434e+01,2.063528e+01,2.053057e+01,2.063528e+01,2.060039e+01,2.063528e+01,2.062132e+01,2.060039e+01,2.057944e+01,2.060039e+01,2.058643e+01,2.057246e+01,2.056548e+01,2.055152e+01,2.058643e+01,2.054453e+01,2.062132e+01,2.053755e+01,2.054453e+01,2.057944e+01,2.058643e+01,2.064225e+01,2.059340e+01,2.060736e+01,2.064225e+01,2.057246e+01,2.062132e+01,2.068410e+01,2.056548e+01,2.067713e+01,2.062132e+01,2.073291e+01,2.066318e+01,2.067016e+01,2.070502e+01,2.063528e+01,2.064923e+01,2.069805e+01,2.076079e+01,2.072594e+01,2.069108e+01,2.069108e+01,2.066318e+01,2.074685e+01,2.070502e+01,2.063528e+01,2.063528e+01,2.069805e+01,2.062830e+01,2.071897e+01,2.079562e+01,2.039778e+01,2.076775e+01,2.060039e+01,2.053755e+01,2.061434e+01,2.055850e+01,2.048166e+01,2.050961e+01,2.043973e+01,2.047468e+01,2.047468e+01,2.048865e+01,2.048865e+01,2.060736e+01,2.062830e+01,2.043274e+01,2.049564e+01,2.045371e+01,2.052358e+01,2.048865e+01,2.039778e+01,2.039778e+01,2.046769e+01,2.053057e+01,2.039778e+01,2.043973e+01,2.053755e+01,2.045371e+01,2.052358e+01,2.050262e+01,2.056548e+01,2.052358e+01,2.053057e+01,2.048865e+01,2.057246e+01,2.062132e+01,2.063528e+01,2.047468e+01,2.061434e+01,2.050262e+01,2.049564e+01,2.050262e+01,2.050262e+01,2.049564e+01,2.051660e+01,2.048166e+01,2.045371e+01,2.050262e+01,2.046070e+01,2.051660e+01,2.046070e+01,2.054453e+01,2.054453e+01,2.050262e+01,2.049564e+01,2.057944e+01,2.043973e+01,2.055152e+01,2.050961e+01,2.055152e+01,2.048865e+01,2.052358e+01,2.056548e+01,2.058643e+01,2.058643e+01,2.050961e+01,2.060039e+01,2.054453e+01,2.067016e+01,2.056548e+01,2.068410e+01,2.038379e+01,2.060736e+01,2.050961e+01,2.055850e+01,2.056548e+01,2.029982e+01,2.055850e+01,2.067016e+01,2.052358e+01,2.060736e+01,2.063528e+01,2.065621e+01,2.075382e+01,2.048865e+01,2.057246e+01,2.062830e+01,2.061434e+01,2.048166e+01,2.053755e+01,2.053755e+01,2.057246e+01,2.062132e+01,2.052358e+01,2.057944e+01,2.057944e+01,2.055152e+01,2.050262e+01,2.056548e+01,2.055850e+01,2.056548e+01,2.056548e+01,2.060736e+01,2.058643e+01,2.057944e+01,2.057246e+01,2.053057e+01,2.055152e+01,2.055850e+01,2.069805e+01,2.055152e+01,2.060736e+01,2.053057e+01,2.050961e+01,2.054453e+01,2.055850e+01,2.055152e+01,2.050262e+01,2.054453e+01,2.048865e+01,2.056548e+01,2.048865e+01,2.044672e+01,2.048166e+01,2.050262e+01,2.051660e+01,2.064923e+01,2.048166e+01,2.048166e+01,2.046070e+01,2.043274e+01,2.043973e+01,2.060736e+01,2.043274e+01,2.046769e+01,2.050262e+01,2.055152e+01,2.055152e+01,2.048166e+01,2.051660e+01,2.055850e+01,2.050262e+01,2.041875e+01,2.055152e+01,2.050961e+01,2.053755e+01,2.057246e+01,2.036980e+01,2.050961e+01,2.059340e+01,2.062830e+01,2.044672e+01,2.051660e+01,2.043274e+01,2.050262e+01,2.046769e+01,2.041176e+01,2.041875e+01,2.043973e+01,2.044672e+01,2.053057e+01,2.053057e+01,2.049564e+01,2.039778e+01,2.044672e+01,2.048166e+01,2.044672e+01,2.046070e+01,2.049564e+01,2.049564e+01,2.050262e+01,2.047468e+01,2.041176e+01,2.043973e+01,2.046769e+01,2.040477e+01,2.052358e+01,2.049564e+01,2.052358e+01,2.038379e+01,2.053755e+01,2.032082e+01,2.049564e+01,2.036980e+01,2.048166e+01,2.050262e+01,2.046070e+01,2.053755e+01,2.045371e+01,2.059340e+01,2.036980e+01,2.044672e+01,2.036280e+01,2.043274e+01,2.049564e+01,2.055152e+01,2.051660e+01,2.053755e+01,2.044672e+01,2.053057e+01,2.052358e+01,2.036980e+01,2.039778e+01,2.045371e+01,2.049564e+01,2.046070e+01,2.043973e+01,2.046070e+01,2.043274e+01,2.046070e+01,2.046070e+01,2.048865e+01,2.055850e+01,2.053755e+01,2.050262e+01,2.047468e+01,2.041875e+01,2.051660e+01,2.053057e+01,2.046070e+01,2.043973e+01,2.046769e+01,2.050961e+01,2.044672e+01,2.048865e+01,2.049564e+01,2.046070e+01,2.046769e+01,2.057944e+01,2.038379e+01,2.039778e+01,2.040477e+01,2.051660e+01,2.052358e+01,2.042575e+01,2.046070e+01,2.043274e+01,2.055850e+01,2.056548e+01,2.059340e+01,2.058643e+01,2.040477e+01,2.062132e+01,2.060736e+01,2.046070e+01,2.046070e+01,2.060039e+01,2.064923e+01,2.055850e+01,2.058643e+01,2.050961e+01,2.047468e+01,2.048865e+01,2.058643e+01,2.056548e+01,2.052358e+01,2.063528e+01,2.060039e+01
2.064225e+01,2.050961e+01,2.046769e+01,2.048865e+01,2.050961e+01,2.052358e+01,2.063528e+01,2.053755e+01,2.058643e+01,2.057944e+01,2.058643e+01,2.057246e+01,2.054453e+01,2.060039e+01,2.046769e+01,2.055152e+01,2.067713e+01,2.054453e+01,2.066318e+01,2.078169e+01,2.098353e+01,2.121272e+01,2.124740e+01,2.132366e+01,2.128207e+01,2.121272e+01,2.119885e+01,2.135138e+01,2.161430e+01,2.176620e+01,2.176620e+01,2.151751e+01,2.155209e+01,2.133059e+01,2.128901e+01,2.134445e+01,2.151751e+01,2.151751e+01,2.175930e+01,2.155900e+01,2.159356e+01,2.153826e+01,2.142063e+01,2.117803e+01,2.130980e+01,2.124740e+01,2.133752e+01,2.157974e+01,2.158665e+01,2.158665e+01,2.152443e+01,2.134445e+01,2.143448e+01,2.142756e+01,2.140678e+01,2.151059e+01,2.162812e+01,2.165575e+01,2.161430e+01,2.155209e+01,2.164884e+01,2.144832e+01,2.149676e+01,2.171790e+01,2.155209e+01,2.155209e+01,2.147600e+01,2.141371e+01,2.110166e+01,2.117109e+01,2.120579e+01,2.115027e+01,2.112250e+01,2.105999e+01,2.096962e+01,2.139986e+01,2.121966e+01,2.133752e+01,2.115027e+01,2.095572e+01,2.084437e+01,2.092093e+01,2.071897e+01,2.087222e+01,2.072594e+01,2.082348e+01,2.083045e+01,2.084437e+01,2.105999e+01,2.108083e+01,2.121272e+01,2.111555e+01,2.128207e+01,2.107388e+01,2.103219e+01,2.131673e+01,2.128207e+01,2.145524e+01,2.146216e+01,2.160048e+01,2.124740e+01,2.135138e+01,2.153134e+01,2.153826e+01,2.169718e+01,2.169028e+01,2.178690e+01,2.146908e+01,2.133752e+01,2.141371e+01,2.134445e+01,2.125434e+01,2.144140e+01,2.166956e+01,2.200741e+01,2.207622e+01,2.162121e+01,2.110166e+01,2.073291e+01,2.057944e+01,2.051660e+01,2.050961e+01,2.045371e+01,2.049564e+01,2.048865e+01,2.050961e+01,2.050961e+01,2.059340e+01,2.051660e+01,2.051660e+01,2.054453e+01,2.048865e+01,2.046769e+01,2.055152e+01,2.037679e+01,2.053755e+01,2.046070e+01,2.051660e+01,2.046070e+01,2.050262e+01,2.034881e+01,2.039778e+01,2.062132e+01,2.044672e+01,2.045371e+01,2.043274e+01,2.039078e+01,2.040477e+01,2.048865e+01,2.051660e+01,2.052358e+01,2.053755e+01,2.046769e+01,2.050961e+01,2.043274e+01,2.044672e+01,2.027181e+01,2.043973e+01,2.038379e+01,2.044672e+01,2.039778e+01,2.036280e+01,2.040477e+01,2.048865e+01,2.045371e+01,2.039778e+01,2.038379e+01,2.036980e+01,2.046070e+01,2.047468e+01,2.023680e+01,2.041875e+01,2.049564e+01,2.053057e+01,2.044672e+01,2.039778e+01,2.036980e+01,2.039778e+01,2.036280e+01,2.050262e+01,2.043973e+01,2.043973e+01,2.048166e+01,2.043274e+01,2.043973e+01,2.039778e+01,2.039078e+01,2.053057e+01,2.043274e+01,2.043274e+01,2.046769e+01,2.040477e+01,2.036980e+01,2.045371e+01,2.039078e+01,2.039778e+01,2.039778e+01,2.041875e+01,2.038379e+01,2.043973e+01,2.045371e+01,2.035581e+01,2.041875e+01,2.046769e+01,2.047468e+01,2.041176e+01,2.043274e+01,2.029982e+01,2.045371e+01,2.046070e+01,2.041176e+01,2.046769e+01,2.050262e+01,2.039078e+01,2.046070e+01,2.050262e+01,2.041176e+01,2.039778e+01,2.040477e+01,2.039778e+01,2.047468e+01,2.051660e+01,2.053057e+01,2.069108e+01,2.062830e+01,2.068410e+01,2.066318e+01,2.064225e+01,2.066318e+01,2.061434e+01,2.064225e+01,2.064923e+01,2.056548e+01,2.062132e+01,2.053057e+01,2.069108e+01,2.065621e+01,2.058643e+01,2.061434e+01,2.054453e+01,2.056548e+01,2.055152e+01,2.059340e+01,2.057246e+01,2.066318e+01,2.059340e+01,2.053755e+01,2.054453e+01,2.055152e+01,2.055850e+01,2.055850e+01,2.055850e+01,2.055850e+01,2.050961e+01,2.048166e+01,2.049564e+01,2.046070e+01,2.046769e+01,2.052358e+01,2.054453e+01,2.053755e+01,2.050262e+01,2.054453e+01,2.055850e+01,2.056548e+01,2.057246e+01,2.051660e+01,2.053755e+01,2.067016e+01,2.059340e+01,2.047468e+01,2.052358e+01,2.046769e+01,2.060039e+01,2.055850e+01,2.053755e+01,2.058643e+01,2.058643e+01,2.058643e+01,2.057944e+01,2.057246e+01,2.057944e+01,2.054453e+01,2.052358e+01,2.053057e+01,2.054453e+01,2.049564e+01,2.043274e+01,2.050262e+01,2.040477e+01,2.036280e+01,2.048865e+01,2.045371e+01,2.048865e+01,2.041176e+01,2.040477e+01,2.038379e+01,2.036980e+01,2.028582e+01,2.025080e+01,2.023680e+01,2.018074e+01,2.009660e+01,2.020177e+01,2.034881e+01,2.030682e+01,2.039078e+01,2.044672e+01,2.042575e+01,2.045371e+01,2.043274e+01,2.052358e+01,2.046769e+01,2.046070e+01,2.055850e+01,2.045371e+01,2.046769e+01,2.048865e+01,2.041176e+01,2.069805e+01,2.065621e+01,2.052358e+01,2.056548e+01,2.065621e+01,2.056548e+01,2.050262e+01,2.064225e+01,2.058643e+01,2.064225e+01,2.056548e+01,2.060039e+01,2.055850e+01,2.054453e+01,2.055152e+01,2.058643e+01,2.060039e+01,2.062132e+01,2.055850e+01,2.056548e+01,2.059340e+01,2.057944e+01,2.057944e+01,2.057944e+01,2.055850e+01,2.053755e+01,2.057944e+01,2.055152e+01,2.055152e+01,2.051660e+01,2.056548e+01,2.057944e+01,2.064225e+01,2.062830e+01,2.062132e+01,2.064225e+01,2.061434e+01,2.058643e+01,2.050262e+01,2.062830e+01,2.079562e+01,2.066318e+01,2.066318e+01,2.062830e+01,2.065621e+01,2.067713e+01,2.064923e+01,2.071897e+01,2.070502e+01,2.071200e+01,2.076775e+01,2.069108e+01,2.060736e+01,2.067713e+01,2.069108e+01,2.073291e+01,2.060736e+01,2.069805e+01,2.069108e+01,2.068410e+01,2.087222e+01,2.047468e+01,2.073291e+01,2.064923e+01,2.067713e+01,2.057246e+01,2.052358e+01,2.051660e+01,2.050961e+01,2.053057e+01,2.050262e+01,2.055850e+01,2.039778e+01,2.040477e+01,2.036980e+01,2.043973e+01,2.043274e+01,2.041875e+01,2.060039e+01,2.045371e+01,2.043274e+01,2.048166e+01,2.048166e+01,2.048166e+01,2.050262e+01,2.049564e+01,2.048865e+01,2.049564e+01,2.035581e+01,2.063528e+01,2.061434e+01,2.051660e+01,2.059340e+01,2.044672e+01,2.060039e+01,2.059340e+01,2.060039e+01,2.053755e+01,2.061434e+01,2.046769e+01,2.042575e+01,2.053057e+01,2.050961e+01,2.060039e+01,2.056548e+01,2.055152e+01,2.053755e+01,2.058643e+01,2.055152e+01,2.066318e+01,2.046769e+01,2.060039e+01,2.053057e+01,2.042575e+01,2.051660e+01,2.050262e+01,2.052358e+01,2.055850e+01,2.050961e+01,2.055850e+01,2.058643e+01,2.053057e+01,2.048865e+01,2.050262e+01,2.068410e+01,2.050262e+01,2.059340e+01,2.054453e+01,2.050262e+01,2.041176e+01,2.056548e+01,2.058643e+01,2.050961e+01,2.048166e+01,2.057944e+01,2.049564e+01,2.039078e+01,2.064225e+01,2.041176e+01,2.064923e+01,2.053057e+01,2.050961e+01,2.067713e+01,2.052358e+01,2.053755e+01,2.057246e+01,2.060039e+01,2.048865e+01,2.034881e+01,2.048166e+01,2.053057e+01,2.064923e+01,2.055850e+01,2.052358e+01,2.057944e+01,2.055850e+01,2.057246e+01,2.056548e+01,2.063528e+01,2.057944e+01,2.057944e+01,2.058643e+01,2.055850e+01,2.052358e+01,2.046070e+01,2.060039e+01,2.057944e+01,2.055850e+01,2.055850e+01,2.050262e+01,2.044672e+01,2.055152e+01,2.058643e+01,2.064225e+01,2.055850e+01,2.053755e+01,2.053755e+01,2.050961e+01,2.056548e+01,2.057246e+01,2.044672e+01,2.048166e+01,2.050262e+01,2.058643e+01,2.048166e+01,2.064923e+01,2.048166e+01,2.048865e+01,2.052358e+01,2.048166e+01,2.058643e+01,2.048865e+01,2.062830e+01,2.053755e+01,2.049564e+01,2.051660e+01,2.043274e+01,2.061434e+01,2.050961e+01,2.053755e+01,2.051660e+01,2.058643e+01,2.057246e+01,2.053755e+01,2.055850e+01,2.046769e+01,2.055152e+01,2.050961e+01,2.046769e+01,2.049564e+01,2.050262e+01,2.044672e+01,2.060039e+01,2.053755e+01,2.038379e+01,2.043973e+01,2.042575e+01,2.046070e+01,2.043973e+01,2.044672e+01,2.044672e+01,2.048865e+01,2.051660e+01,2.048166e+01,2.048166e+01,2.056548e+01,2.051660e+01,2.050961e+01,2.051660e+01,2.054453e+01,2.047468e+01,2.048166e+01,2.050262e+01,2.048166e+01,2.044672e+01,2.038379e+01,2.043274e+01,2.043973e+01,2.053057e+01,2.048166e+01,2.045371e+01,2.051660e+01,2.043274e+01,2.041176e+01,2.051660e+01,2.047468e+01,2.047468e+01,2.046070e+01,2.041176e+01,2.046769e+01,2.056548e+01,2.039778e+01,2.041176e+01,2.039078e+01,2.036280e+01,2.041176e+01,2.042575e+01,2.035581e+01,2.029982e+01,2.048865e+01,2.053057e+01,2.055850e+01,2.037679e+01,2.043973e+01,2.037679e+01,2.060039e+01,2.063528e+01,2.048166e+01,2.048865e+01,2.043973e+01,2.049564e+01,2.043973e+01,2.059340e+01,2.050961e+01,2.057246e+01,2.050961e+01,2.050262e+01,2.050961e+01,2.042575e+01,2.042575e+01,2.050961e+01,2.052358e+01,2.037679e+01,2.039078e+01,2.043274e+01,2.052358e+01,2.048166e+01,2.048166e+01,2.051660e+01,2.044672e+01,2.041875e+01,2.039778e+01,2.062830e+01,2.061434e+01,2.043274e+01,2.053057e+01,2.046070e+01,2.057944e+01,2.050961e+01,2.050262e+01,2.056548e+01,2.029982e+01,2.056548e+01,2.057944e+01,2.062132e+01,2.051660e+01,2.047468e+01,2.054453e+01,2.043274e+01,2.054453e+01,2.057944e+01,2.055850e+01,2.055152e+01,2.059340e+01,2.048166e+01,2.048166e+01,2.062132e+01,2.048166e+01,2.064225e+01,2.046769e+01,2.052358e+01
2.054453e+01,2.054453e+01,2.054453e+01,2.050961e+01,2.050262e+01,2.061434e+01,2.060736e+01,2.055850e+01,2.060039e+01,2.059340e+01,2.057246e+01,2.057944e+01,2.048865e+01,2.057944e+01,2.060736e+01,2.060039e+01,2.073291e+01,2.060736e+01,2.075382e+01,2.089310e+01,2.097658e+01,2.120579e+01,2.118497e+01,2.114333e+01,2.121272e+01,2.124047e+01,2.135830e+01,2.137908e+01,2.139293e+01,2.173170e+01,2.146216e+01,2.156592e+01,2.134445e+01,2.138601e+01,2.134445e+01,2.153134e+01,2.148984e+01,2.154517e+01,2.158665e+01,2.175240e+01,2.141371e+01,2.120579e+01,2.130980e+01,2.134445e+01,2.149676e+01,2.148292e+01,2.148292e+01,2.151751e+01,2.157283e+01,2.157974e+01,2.153826e+01,2.142756e+01,2.166265e+01,2.160048e+01,2.180759e+01,2.158665e+01,2.173170e+01,2.169718e+01,2.157974e+01,2.162121e+01,2.163503e+01,2.144140e+01,2.160048e+01,2.159356e+01,2.154517e+01,2.169028e+01,2.149676e+01,2.132366e+01,2.138601e+01,2.133059e+01,2.142756e+01,2.139986e+01,2.137216e+01,2.115721e+01,2.106693e+01,2.102524e+01,2.117109e+01,2.120579e+01,2.112250e+01,2.094180e+01,2.077472e+01,2.075382e+01,2.077472e+01,2.077472e+01,2.079562e+01,2.080259e+01,2.072594e+01,2.079562e+01,2.090006e+01,2.093485e+01,2.110166e+01,2.117803e+01,2.132366e+01,2.116415e+01,2.115027e+01,2.120579e+01,2.142756e+01,2.177310e+01,2.152443e+01,2.159356e+01,2.145524e+01,2.137216e+01,2.122660e+01,2.132366e+01,2.144140e+01,2.161430e+01,2.167647e+01,2.162121e+01,2.148292e+01,2.143448e+01,2.145524e+01,2.144140e+01,2.153826e+01,2.157283e+01,2.192477e+01,2.193855e+01,2.158665e+01,2.096267e+01,2.053755e+01,2.046769e+01,2.048166e+01,2.054453e+01,2.053755e+01,2.051660e+01,2.041875e+01,2.054453e+01,2.054453e+01,2.047468e+01,2.056548e+01,2.053755e+01,2.049564e+01,2.051660e+01,2.046070e+01,2.041875e+01,2.053057e+01,2.043973e+01,2.044672e+01,2.048166e+01,2.039078e+01,2.048166e+01,2.048166e+01,2.040477e+01,2.046070e+01,2.044672e+01,2.036280e+01,2.045371e+01,2.041875e+01,2.050262e+01,2.052358e+01,2.050262e+01,2.048865e+01,2.041875e+01,2.049564e+01,2.050961e+01,2.046769e+01,2.048865e+01,2.048166e+01,2.043973e+01,2.046070e+01,2.043973e+01,2.047468e+01,2.039078e+01,2.046769e+01,2.043274e+01,2.044672e+01,2.041176e+01,2.046769e+01,2.046769e+01,2.054453e+01,2.046070e+01,2.039078e+01,2.053755e+01,2.042575e+01,2.040477e+01,2.042575e+01,2.033481e+01,2.036980e+01,2.046070e+01,2.051660e+01,2.036280e+01,2.042575e+01,2.043274e+01,2.044672e+01,2.047468e+01,2.039078e+01,2.045371e+01,2.046070e+01,2.053755e+01,2.035581e+01,2.043973e+01,2.047468e+01,2.039778e+01,2.041176e+01,2.030682e+01,2.050262e+01,2.050262e+01,2.049564e+01,2.041875e+01,2.041176e+01,2.046769e+01,2.045371e+01,2.041176e+01,2.038379e+01,2.045371e+01,2.040477e+01,2.046070e+01,2.040477e+01,2.039778e+01,2.044672e+01,2.036280e+01,2.044672e+01,2.048865e+01,2.051660e+01,2.032782e+01,2.036280e+01,2.041176e+01,2.045371e+01,2.039078e+01,2.043274e+01,2.051660e+01,2.036980e+01,2.047468e+01,2.057246e+01,2.061434e+01,2.073988e+01,2.065621e+01,2.067713e+01,2.061434e+01,2.061434e+01,2.061434e+01,2.069108e+01,2.059340e+01,2.057246e+01,2.063528e+01,2.069108e+01,2.067016e+01,2.062132e+01,2.060736e+01,2.068410e+01,2.060736e+01,2.061434e+01,2.057944e+01,2.056548e+01,2.058643e+01,2.059340e+01,2.054453e+01,2.055850e+01,2.057246e+01,2.059340e+01,2.057944e+01,2.053755e+01,2.051660e+01,2.052358e+01,2.041176e+01,2.051660e+01,2.048166e+01,2.048166e+01,2.048865e+01,2.059340e+01,2.057944e+01,2.056548e+01,2.055850e+01,2.055850e+01,2.054453e+01,2.044672e+01,2.057944e+01,2.060039e+01,2.058643e+01,2.054453e+01,2.052358e+01,2.048865e+01,2.054453e+01,2.047468e+01,2.054453e+01,2.060039e+01,2.060039e+01,2.057944e+01,2.050262e+01,2.055850e+01,2.048865e+01,2.055850e+01,2.058643e+01,2.050961e+01,2.051660e+01,2.053755e+01,2.053755e+01,2.052358e+01,2.051660e+01,2.041176e+01,2.046769e+01,2.033481e+01,2.050262e+01,2.052358e+01,2.046070e+01,2.052358e+01,2.042575e+01,2.039778e+01,2.042575e+01,2.034881e+01,2.038379e+01,2.024380e+01,2.023680e+01,2.013167e+01,2.018775e+01,2.037679e+01,2.036280e+01,2.039078e+01,2.039778e+01,2.046070e+01,2.049564e+01,2.048865e+01,2.049564e+01,2.047468e+01,2.048865e+01,2.043973e+01,2.044672e+01,2.057246e+01,2.051660e+01,2.056548e+01,2.058643e+01,2.061434e+01,2.062132e+01,2.051660e+01,2.054453e+01,2.057944e+01,2.056548e+01,2.053057e+01,2.053755e+01,2.042575e+01,2.047468e+01,2.059340e+01,2.058643e+01,2.058643e+01,2.060039e+01,2.050262e+01,2.055152e+01,2.061434e+01,2.057246e+01,2.057944e+01,2.058643e+01,2.057246e+01,2.057944e+01,2.062132e+01,2.053755e+01,2.056548e+01,2.055152e+01,2.060736e+01,2.055152e+01,2.055850e+01,2.059340e+01,2.055850e+01,2.062132e+01,2.065621e+01,2.057944e+01,2.056548e+01,2.062132e+01,2.060736e+01,2.061434e+01,2.066318e+01,2.067713e+01,2.071200e+01,2.073988e+01,2.069805e+01,2.073988e+01,2.064225e+01,2.075382e+01,2.076079e+01,2.067713e+01,2.064225e+01,2.068410e+01,2.067713e+01,2.068410e+01,2.067016e+01,2.071897e+01,2.073988e+01,2.068410e+01,2.078169e+01,2.071897e+01,2.070502e+01,2.065621e+01,2.069108e+01,2.065621e+01,2.068410e+01,2.055152e+01,2.059340e+01,2.050262e+01,2.052358e+01,2.051660e+01,2.062132e+01,2.057944e+01,2.039078e+01,2.035581e+01,2.040477e+01,2.048865e+01,2.046070e+01,2.041176e+01,2.039778e+01,2.047468e+01,2.056548e+01,2.040477e+01,2.057944e+01,2.046070e+01,2.051660e+01,2.050961e+01,2.045371e+01,2.044672e+01,2.048865e+01,2.043973e+01,2.052358e+01,2.062132e+01,2.047468e+01,2.057944e+01,2.055850e+01,2.048166e+01,2.058643e+01,2.048166e+01,2.064225e+01,2.050961e+01,2.050961e+01,2.056548e+01,2.056548e+01,2.055850e+01,2.046769e+01,2.044672e+01,2.052358e+01,2.051660e+01,2.054453e+01,2.050961e+01,2.057246e+01,2.046769e+01,2.048865e+01,2.046769e+01,2.052358e+01,2.042575e+01,2.046070e+01,2.055850e+01,2.052358e+01,2.050961e+01,2.046769e+01,2.054453e+01,2.049564e+01,2.043274e+01,2.049564e+01,2.055152e+01,2.048166e+01,2.055850e+01,2.053755e+01,2.055850e+01,2.057944e+01,2.046769e+01,2.053755e+01,2.043973e+01,2.060039e+01,2.063528e+01,2.046070e+01,2.053057e+01,2.054453e+01,2.049564e+01,2.053057e+01,2.064923e+01,2.043973e+01,2.060736e+01,2.051660e+01,2.051660e+01,2.062830e+01,2.052358e+01,2.047468e+01,2.053755e+01,2.057246e+01,2.035581e+01,2.051660e+01,2.056548e+01,2.055850e+01,2.059340e+01,2.054453e+01,2.064225e+01,2.048865e+01,2.062830e+01,2.047468e+01,2.056548e+01,2.049564e+01,2.056548e+01,2.055152e+01,2.046070e+01,2.048166e+01,2.058643e+01,2.052358e+01,2.055152e+01,2.055850e+01,2.058643e+01,2.052358e+01,2.046769e+01,2.052358e+01,2.052358e+01,2.064225e+01,2.052358e+01,2.055152e+01,2.053755e+01,2.053755e+01,2.059340e+01,2.064923e+01,2.051660e+01,2.046769e+01,2.054453e+01,2.051660e+01,2.044672e+01,2.050262e+01,2.047468e+01,2.050262e+01,2.064923e+01,2.051660e+01,2.050262e+01,2.046769e+01,2.047468e+01,2.053057e+01,2.047468e+01,2.054453e+01,2.049564e+01,2.056548e+01,2.045371e+01,2.052358e+01,2.045371e+01,2.057246e+01,2.033481e+01,2.049564e+01,2.055152e+01,2.045371e+01,2.043973e+01,2.047468e+01,2.060736e+01,2.046769e+01,2.053755e+01,2.061434e+01,2.041875e+01,2.048865e+01,2.053755e+01,2.047468e+01,2.046769e+01,2.048865e+01,2.045371e+01,2.045371e+01,2.048865e+01,2.045371e+01,2.041176e+01,2.051660e+01,2.047468e+01,2.046769e+01,2.050961e+01,2.046769e+01,2.046769e+01,2.049564e+01,2.046070e+01,2.045371e+01,2.043274e+01,2.043274e+01,2.044672e+01,2.042575e+01,2.046070e+01,2.044672e+01,2.047468e+01,2.044672e+01,2.048166e+01,2.038379e+01,2.050262e+01,2.048865e+01,2.048166e+01,2.046769e+01,2.037679e+01,2.043274e+01,2.040477e+01,2.040477e+01,2.036980e+01,2.049564e+01,2.042575e+01,2.043973e+01,2.041875e+01,2.030682e+01,2.055152e+01,2.033481e+01,2.038379e+01,2.036980e+01,2.050262e+01,2.039078e+01,2.046769e+01,2.052358e+01,2.039778e+01,2.049564e+01,2.046070e+01,2.042575e+01,2.049564e+01,2.046769e+01,2.047468e+01,2.046769e+01,2.055850e+01,2.054453e+01,2.048865e+01,2.036280e+01,2.043274e+01,2.048166e+01,2.043274e+01,2.040477e+01,2.047468e+01,2.037679e+01,2.041176e+01,2.045371e+01,2.045371e+01,2.046070e+01,2.046769e+01,2.045371e+01,2.041176e+01,2.037679e+01,2.038379e+01,2.043274e+01,2.048166e+01,2.043274e+01,2.055152e+01,2.051660e+01,2.055850e+01,2.045371e+01,2.045371e+01,2.057246e+01,2.057944e+01,2.060039e+01,2.059340e+01,2.048166e+01,2.046769e+01,2.053057e+01,2.054453e+01,2.053057e+01,2.057246e+01,2.056548e+01,2.056548e+01,2.062132e+01,2.046769e+01,2.045371e+01,2.046769e+01,2.056548e+01,2.064225e+01,2.045371e+01,2.053057e+01
2.048865e+01,2.052358e+01,2.062132e+01,2.056548e+01,2.062830e+01,2.050961e+01,2.063528e+01,2.050961e+01,2.057944e+01,2.061434e+01,2.065621e+01,2.058643e+01,2.058643e+01,2.057246e+01,2.057944e+01,2.061434e+01,2.062132e+01,2.069805e+01,2.076079e+01,2.110861e+01,2.119191e+01,2.117803e+01,2.131673e+01,2.126821e+01,2.119885e+01,2.128207e+01,2.127514e+01,2.138601e+01,2.142063e+01,2.148292e+01,2.151059e+01,2.142063e+01,2.140678e+01,2.135138e+01,2.137908e+01,2.157283e+01,2.151751e+01,2.159356e+01,2.162121e+01,2.163503e+01,2.141371e+01,2.135138e+01,2.128207e+01,2.133059e+01,2.135830e+01,2.151059e+01,2.155209e+01,2.155209e+01,2.170409e+01,2.154517e+01,2.147600e+01,2.162121e+01,2.173170e+01,2.163503e+01,2.204870e+01,2.180759e+01,2.175930e+01,2.176620e+01,2.160739e+01,2.164193e+01,2.146216e+01,2.162121e+01,2.155209e+01,2.172480e+01,2.181449e+01,2.153826e+01,2.124047e+01,2.142063e+01,2.133059e+01,2.139986e+01,2.138601e+01,2.160048e+01,2.164193e+01,2.147600e+01,2.125434e+01,2.112250e+01,2.117803e+01,2.096267e+01,2.092789e+01,2.087918e+01,2.078169e+01,2.080259e+01,2.080955e+01,2.076079e+01,2.053057e+01,2.081652e+01,2.078866e+01,2.069805e+01,2.073988e+01,2.087222e+01,2.101134e+01,2.115721e+01,2.115027e+01,2.119885e+01,2.115027e+01,2.124740e+01,2.160048e+01,2.171790e+01,2.151751e+01,2.182828e+01,2.148984e+01,2.135138e+01,2.117803e+01,2.134445e+01,2.117109e+01,2.130980e+01,2.153134e+01,2.131673e+01,2.140678e+01,2.143448e+01,2.135138e+01,2.156592e+01,2.151751e+01,2.184207e+01,2.163503e+01,2.193166e+01,2.128207e+01,2.062132e+01,2.049564e+01,2.052358e+01,2.051660e+01,2.041875e+01,2.053755e+01,2.054453e+01,2.047468e+01,2.052358e+01,2.039778e+01,2.046070e+01,2.046070e+01,2.053057e+01,2.057944e+01,2.046769e+01,2.046769e+01,2.045371e+01,2.046070e+01,2.055152e+01,2.046070e+01,2.045371e+01,2.046769e+01,2.048166e+01,2.050262e+01,2.046769e+01,2.052358e+01,2.043274e+01,2.039778e+01,2.043274e+01,2.038379e+01,2.051660e+01,2.053057e+01,2.049564e+01,2.046769e+01,2.043274e+01,2.050961e+01,2.050961e+01,2.064225e+01,2.046769e+01,2.046070e+01,2.046769e+01,2.046070e+01,2.046769e+01,2.044672e+01,2.047468e+01,2.048865e+01,2.043973e+01,2.047468e+01,2.051660e+01,2.046070e+01,2.044672e+01,2.043973e+01,2.039778e+01,2.038379e+01,2.043973e+01,2.042575e+01,2.049564e+01,2.042575e+01,2.042575e+01,2.034181e+01,2.051660e+01,2.046769e+01,2.052358e+01,2.037679e+01,2.041875e+01,2.043274e+01,2.039078e+01,2.044672e+01,2.041875e+01,2.029982e+01,2.039778e+01,2.045371e+01,2.029982e+01,2.037679e+01,2.044672e+01,2.041176e+01,2.044672e+01,2.042575e+01,2.050262e+01,2.048166e+01,2.050961e+01,2.045371e+01,2.040477e+01,2.045371e+01,2.046070e+01,2.041875e+01,2.042575e+01,2.044672e+01,2.047468e+01,2.054453e+01,2.047468e+01,2.043973e+01,2.034881e+01,2.046769e+01,2.046070e+01,2.042575e+01,2.043274e+01,2.032782e+01,2.045371e+01,2.038379e+01,2.040477e+01,2.043973e+01,2.046070e+01,2.055152e+01,2.046070e+01,2.057944e+01,2.054453e+01,2.062132e+01,2.062132e+01,2.057944e+01,2.060039e+01,2.059340e+01,2.053755e+01,2.065621e+01,2.060736e+01,2.069805e+01,2.060736e+01,2.063528e+01,2.064923e+01,2.062830e+01,2.068410e+01,2.060039e+01,2.057944e+01,2.063528e+01,2.056548e+01,2.062132e+01,2.057944e+01,2.066318e+01,2.056548e+01,2.057246e+01,2.051660e+01,2.055152e+01,2.053755e+01,2.055850e+01,2.055152e+01,2.053755e+01,2.054453e+01,2.055850e+01,2.052358e+01,2.051660e+01,2.052358e+01,2.058643e+01,2.057944e+01,2.058643e+01,2.059340e+01,2.055850e+01,2.054453e+01,2.055850e+01,2.058643e+01,2.060736e+01,2.059340e+01,2.060736e+01,2.057944e+01,2.046769e+01,2.050961e+01,2.053755e+01,2.030682e+01,2.052358e+01,2.058643e+01,2.056548e+01,2.062830e+01,2.061434e+01,2.060039e+01,2.055850e+01,2.056548e+01,2.054453e+01,2.053057e+01,2.057944e+01,2.050961e+01,2.050961e+01,2.052358e+01,2.046769e+01,2.044672e+01,2.047468e+01,2.041176e+01,2.045371e+01,2.056548e+01,2.044672e+01,2.039078e+01,2.042575e+01,2.043274e+01,2.033481e+01,2.025781e+01,2.025781e+01,2.021578e+01,2.025080e+01,2.027181e+01,2.032082e+01,2.046070e+01,2.042575e+01,2.039078e+01,2.043973e+01,2.044672e+01,2.034181e+01,2.051660e+01,2.048166e+01,2.043274e+01,2.046070e+01,2.050262e+01,2.053755e+01,2.047468e+01,2.051660e+01,2.049564e+01,2.055850e+01,2.051660e+01,2.047468e+01,2.057944e+01,2.049564e+01,2.055152e+01,2.062132e+01,2.056548e+01,2.060736e+01,2.060736e+01,2.060736e+01,2.058643e+01,2.069108e+01,2.053755e+01,2.060736e+01,2.060039e+01,2.064225e+01,2.055152e+01,2.062830e+01,2.060736e+01,2.057944e+01,2.053755e+01,2.055152e+01,2.066318e+01,2.054453e+01,2.054453e+01,2.053057e+01,2.061434e+01,2.056548e+01,2.056548e+01,2.058643e+01,2.062830e+01,2.061434e+01,2.058643e+01,2.060039e+01,2.059340e+01,2.065621e+01,2.067016e+01,2.068410e+01,2.057944e+01,2.061434e+01,2.069805e+01,2.075382e+01,2.076079e+01,2.064225e+01,2.077472e+01,2.067713e+01,2.081652e+01,2.064923e+01,2.071200e+01,2.076079e+01,2.074685e+01,2.068410e+01,2.077472e+01,2.066318e+01,2.069108e+01,2.075382e+01,2.071897e+01,2.073988e+01,2.066318e+01,2.055850e+01,2.076079e+01,2.070502e+01,2.054453e+01,2.064225e+01,2.046070e+01,2.048166e+01,2.048865e+01,2.057944e+01,2.046769e+01,2.049564e+01,2.049564e+01,2.051660e+01,2.043274e+01,2.053057e+01,2.057246e+01,2.044672e+01,2.052358e+01,2.050961e+01,2.040477e+01,2.050262e+01,2.044672e+01,2.044672e+01,2.046070e+01,2.046769e+01,2.048166e+01,2.049564e+01,2.045371e+01,2.047468e+01,2.046070e+01,2.049564e+01,2.057944e+01,2.056548e+01,2.057246e+01,2.056548e+01,2.055152e+01,2.056548e+01,2.052358e+01,2.053755e+01,2.053057e+01,2.060736e+01,2.048865e+01,2.054453e+01,2.047468e+01,2.039078e+01,2.053057e+01,2.051660e+01,2.055850e+01,2.051660e+01,2.049564e+01,2.047468e+01,2.065621e+01,2.046070e+01,2.049564e+01,2.051660e+01,2.051660e+01,2.041875e+01,2.053057e+01,2.055152e+01,2.054453e+01,2.046769e+01,2.050961e+01,2.057944e+01,2.053057e+01,2.054453e+01,2.056548e+01,2.050961e+01,2.055850e+01,2.055850e+01,2.055152e+01,2.057246e+01,2.065621e+01,2.050262e+01,2.064225e+01,2.062132e+01,2.050262e+01,2.053057e+01,2.058643e+01,2.045371e+01,2.051660e+01,2.065621e+01,2.066318e+01,2.054453e+01,2.050961e+01,2.061434e+01,2.055850e+01,2.054453e+01,2.050961e+01,2.060039e+01,2.050961e+01,2.054453e+01,2.062830e+01,2.057944e+01,2.059340e+01,2.067016e+01,2.062132e+01,2.052358e+01,2.053057e+01,2.065621e+01,2.053755e+01,2.060736e+01,2.060736e+01,2.050961e+01,2.047468e+01,2.055152e+01,2.049564e+01,2.051660e+01,2.055850e+01,2.055850e+01,2.051660e+01,2.053755e+01,2.050961e+01,2.053057e+01,2.054453e+01,2.049564e+01,2.050262e+01,2.070502e+01,2.052358e+01,2.047468e+01,2.051660e+01,2.057246e+01,2.061434e+01,2.039078e+01,2.048166e+01,2.046070e+01,2.052358e+01,2.053755e+01,2.056548e+01,2.048166e+01,2.053057e+01,2.052358e+01,2.057944e+01,2.053755e+01,2.049564e+01,2.053755e+01,2.051660e+01,2.049564e+01,2.050262e+01,2.046769e+01,2.048865e+01,2.059340e+01,2.056548e+01,2.043274e+01,2.057246e+01,2.046070e+01,2.056548e+01,2.048865e+01,2.044672e+01,2.050262e+01,2.047468e+01,2.055850e+01,2.052358e+01,2.054453e+01,2.057246e+01,2.052358e+01,2.052358e+01,2.039078e+01,2.046070e+01,2.042575e+01,2.051660e+01,2.040477e+01,2.047468e+01,2.055850e+01,2.058643e+01,2.039778e+01,2.034881e+01,2.039778e+01,2.036980e+01,2.048865e+01,2.052358e+01,2.048865e+01,2.048865e+01,2.050262e+01,2.037679e+01,2.048166e+01,2.041875e+01,2.041875e+01,2.048865e+01,2.025781e+01,2.039778e+01,2.043274e+01,2.046769e+01,2.034181e+01,2.046070e+01,2.039778e+01,2.046769e+01,2.045371e+01,2.048166e+01,2.039078e+01,2.048166e+01,2.047468e+01,2.055850e+01,2.057944e+01,2.051660e+01,2.045371e+01,2.040477e+01,2.041176e+01,2.036980e+01,2.043973e+01,2.042575e+01,2.041176e+01,2.043274e+01,2.046070e+01,2.043973e+01,2.049564e+01,2.049564e+01,2.041875e+01,2.047468e+01,2.043274e+01,2.039078e+01,2.045371e+01,2.033481e+01,2.049564e+01,2.052358e+01,2.051660e+01,2.048166e+01,2.053057e+01,2.047468e+01,2.046070e+01,2.036280e+01,2.052358e+01,2.041176e+01,2.043973e+01,2.053057e+01,2.049564e+01,2.046769e+01,2.049564e+01,2.047468e+01,2.052358e+01,2.044672e+01,2.042575e+01,2.058643e+01,2.038379e+01,2.046070e+01,2.050961e+01,2.047468e+01,2.052358e+01,2.053755e+01,2.048865e+01,2.048865e+01,2.046769e+01,2.071897e+01,2.055850e+01,2.039778e+01,2.052358e+01,2.048865e+01,2.046070e+01,2.046769e+01,2.048166e+01,2.056548e+01,2.043274e+01,2.051660e+01,2.055152e+01,2.045371e+01,2.042575e+01,2.046769e+01,2.054453e+01,2.056548e+01,2.059340e+01,2.062132e+01
2.050961e+01,2.053057e+01,2.053057e+01,2.058643e+01,2.050961e+01,2.053057e+01,2.063528e+01,2.060039e+01,2.050961e+01,2.035581e+01,2.060039e+01,2.057246e+01,2.048865e+01,2.059340e+01,2.053057e+01,2.062132e+01,2.053755e+01,2.077472e+01,2.084437e+01,2.116415e+01,2.126821e+01,2.146908e+01,2.124740e+01,2.127514e+01,2.132366e+01,2.145524e+01,2.147600e+01,2.153134e+01,2.169028e+01,2.145524e+01,2.142063e+01,2.143448e+01,2.132366e+01,2.129594e+01,2.159356e+01,2.157974e+01,2.161430e+01,2.155209e+01,2.155209e+01,2.162121e+01,2.169718e+01,2.164884e+01,2.128901e+01,2.133059e+01,2.127514e+01,2.148984e+01,2.174550e+01,2.157283e+01,2.179380e+01,2.153134e+01,2.140678e+01,2.158665e+01,2.171099e+01,2.200053e+01,2.207622e+01,2.228924e+01,2.219309e+01,2.216561e+01,2.204870e+01,2.193166e+01,2.168337e+01,2.159356e+01,2.158665e+01,2.156592e+01,2.133059e+01,2.145524e+01,2.138601e+01,2.113638e+01,2.124740e+01,2.141371e+01,2.139986e+01,2.150368e+01,2.166265e+01,2.164193e+01,2.160048e+01,2.151059e+01,2.137908e+01,2.125434e+01,2.094876e+01,2.092093e+01,2.085830e+01,2.087918e+01,2.078866e+01,2.064923e+01,2.080259e+01,2.070502e+01,2.077472e+01,2.068410e+01,2.067713e+01,2.076775e+01,2.090006e+01,2.110166e+01,2.107388e+01,2.119191e+01,2.114333e+01,2.137908e+01,2.144832e+01,2.168337e+01,2.186275e+01,2.165575e+01,2.148292e+01,2.119885e+01,2.132366e+01,2.117803e+01,2.116415e+01,2.118497e+01,2.110166e+01,2.117109e+01,2.126821e+01,2.142063e+01,2.133059e+01,2.125434e+01,2.134445e+01,2.130980e+01,2.135830e+01,2.117109e+01,2.093485e+01,2.062132e+01,2.061434e+01,2.046070e+01,2.048166e+01,2.047468e+01,2.057246e+01,2.053057e+01,2.063528e+01,2.048166e+01,2.048865e+01,2.049564e+01,2.041875e+01,2.043973e+01,2.043973e+01,2.044672e+01,2.051660e+01,2.048166e+01,2.046070e+01,2.046070e+01,2.041875e+01,2.046769e+01,2.053755e+01,2.065621e+01,2.048166e+01,2.046070e+01,2.039078e+01,2.039078e+01,2.042575e+01,2.039778e+01,2.047468e+01,2.040477e+01,2.041875e+01,2.040477e+01,2.052358e+01,2.046070e+01,2.046070e+01,2.032782e+01,2.045371e+01,2.045371e+01,2.045371e+01,2.041875e+01,2.043973e+01,2.044672e+01,2.043973e+01,2.041875e+01,2.046769e+01,2.043973e+01,2.043274e+01,2.043274e+01,2.044672e+01,2.039778e+01,2.042575e+01,2.041176e+01,2.036980e+01,2.044672e+01,2.046070e+01,2.037679e+01,2.047468e+01,2.045371e+01,2.051660e+01,2.041875e+01,2.046070e+01,2.032082e+01,2.046070e+01,2.046769e+01,2.048166e+01,2.041875e+01,2.041875e+01,2.043274e+01,2.034881e+01,2.035581e+01,2.034181e+01,2.048865e+01,2.038379e+01,2.050262e+01,2.036280e+01,2.048166e+01,2.031382e+01,2.048166e+01,2.035581e+01,2.039078e+01,2.046769e+01,2.043274e+01,2.050262e+01,2.042575e+01,2.040477e+01,2.038379e+01,2.047468e+01,2.046769e+01,2.045371e+01,2.043973e+01,2.040477e+01,2.047468e+01,2.046070e+01,2.032782e+01,2.054453e+01,2.032082e+01,2.038379e+01,2.036980e+01,2.046769e+01,2.032082e+01,2.052358e+01,2.046769e+01,2.060736e+01,2.055152e+01,2.079562e+01,2.062830e+01,2.081652e+01,2.066318e+01,2.065621e+01,2.067713e+01,2.061434e+01,2.066318e+01,2.066318e+01,2.064225e+01,2.064225e+01,2.062132e+01,2.069805e+01,2.060736e+01,2.065621e+01,2.060039e+01,2.060039e+01,2.060736e+01,2.062830e+01,2.058643e+01,2.067016e+01,2.056548e+01,2.058643e+01,2.056548e+01,2.057944e+01,2.055152e+01,2.063528e+01,2.064225e+01,2.063528e+01,2.060039e+01,2.059340e+01,2.040477e+01,2.060736e+01,2.050961e+01,2.051660e+01,2.057246e+01,2.056548e+01,2.057246e+01,2.051660e+01,2.055850e+01,2.055850e+01,2.055152e+01,2.056548e+01,2.054453e+01,2.062830e+01,2.061434e+01,2.053755e+01,2.050262e+01,2.055850e+01,2.046769e+01,2.050961e+01,2.046769e+01,2.052358e+01,2.067016e+01,2.062830e+01,2.058643e+01,2.062830e+01,2.053057e+01,2.058643e+01,2.055152e+01,2.058643e+01,2.052358e+01,2.055850e+01,2.049564e+01,2.050961e+01,2.048865e+01,2.047468e+01,2.048166e+01,2.048865e+01,2.042575e+01,2.054453e+01,2.043274e+01,2.046070e+01,2.043274e+01,2.044672e+01,2.029982e+01,2.029282e+01,2.037679e+01,2.023680e+01,2.022979e+01,2.024380e+01,2.030682e+01,2.027181e+01,2.041176e+01,2.037679e+01,2.043274e+01,2.050262e+01,2.040477e+01,2.050262e+01,2.053057e+01,2.042575e+01,2.046070e+01,2.048865e+01,2.045371e+01,2.048166e+01,2.053755e+01,2.048166e+01,2.054453e+01,2.057246e+01,2.050961e+01,2.046070e+01,2.061434e+01,2.052358e+01,2.049564e+01,2.064923e+01,2.054453e+01,2.060736e+01,2.060039e+01,2.044672e+01,2.046070e+01,2.050961e+01,2.053755e+01,2.051660e+01,2.058643e+01,2.064225e+01,2.064923e+01,2.056548e+01,2.054453e+01,2.053057e+01,2.060039e+01,2.057246e+01,2.057246e+01,2.053057e+01,2.057246e+01,2.060039e+01,2.058643e+01,2.057944e+01,2.058643e+01,2.057246e+01,2.062132e+01,2.064225e+01,2.060039e+01,2.062830e+01,2.062132e+01,2.067016e+01,2.069805e+01,2.063528e+01,2.064225e+01,2.060039e+01,2.067713e+01,2.071200e+01,2.064923e+01,2.064225e+01,2.073988e+01,2.066318e+01,2.066318e+01,2.073291e+01,2.068410e+01,2.065621e+01,2.066318e+01,2.071897e+01,2.065621e+01,2.073291e+01,2.075382e+01,2.076079e+01,2.072594e+01,2.060736e+01,2.062132e+01,2.065621e+01,2.070502e+01,2.067016e+01,2.067713e+01,2.057246e+01,2.067016e+01,2.055152e+01,2.053755e+01,2.047468e+01,2.055850e+01,2.056548e+01,2.047468e+01,2.050961e+01,2.051660e+01,2.052358e+01,2.050961e+01,2.050961e+01,2.046070e+01,2.054453e+01,2.046769e+01,2.046769e+01,2.046769e+01,2.044672e+01,2.042575e+01,2.041875e+01,2.026481e+01,2.046070e+01,2.043274e+01,2.050961e+01,2.048865e+01,2.055152e+01,2.056548e+01,2.057246e+01,2.057944e+01,2.059340e+01,2.052358e+01,2.048865e+01,2.061434e+01,2.055152e+01,2.056548e+01,2.055850e+01,2.053755e+01,2.052358e+01,2.055850e+01,2.048166e+01,2.040477e+01,2.050961e+01,2.048865e+01,2.052358e+01,2.058643e+01,2.055850e+01,2.060039e+01,2.041875e+01,2.054453e+01,2.049564e+01,2.062132e+01,2.063528e+01,2.048865e+01,2.048865e+01,2.050262e+01,2.045371e+01,2.060736e+01,2.046769e+01,2.062132e+01,2.053057e+01,2.056548e+01,2.053057e+01,2.052358e+01,2.050961e+01,2.055850e+01,2.064225e+01,2.046769e+01,2.057246e+01,2.057246e+01,2.067016e+01,2.047468e+01,2.055850e+01,2.051660e+01,2.057944e+01,2.055152e+01,2.057246e+01,2.060736e+01,2.051660e+01,2.062132e+01,2.060039e+01,2.049564e+01,2.029982e+01,2.050961e+01,2.050961e+01,2.055152e+01,2.060736e+01,2.052358e+01,2.044672e+01,2.050262e+01,2.053755e+01,2.051660e+01,2.053057e+01,2.046070e+01,2.060736e+01,2.060039e+01,2.062830e+01,2.046070e+01,2.050961e+01,2.044672e+01,2.052358e+01,2.053755e+01,2.055152e+01,2.053755e+01,2.051660e+01,2.048166e+01,2.057944e+01,2.057246e+01,2.049564e+01,2.050961e+01,2.062132e+01,2.056548e+01,2.050961e+01,2.066318e+01,2.046070e+01,2.059340e+01,2.056548e+01,2.055850e+01,2.050961e+01,2.054453e+01,2.051660e+01,2.048865e+01,2.048865e+01,2.048865e+01,2.047468e+01,2.051660e+01,2.054453e+01,2.061434e+01,2.053057e+01,2.049564e+01,2.049564e+01,2.043973e+01,2.040477e+01,2.045371e+01,2.053057e+01,2.046769e+01,2.057246e+01,2.047468e+01,2.036980e+01,2.057944e+01,2.055850e+01,2.048865e+01,2.052358e+01,2.045371e+01,2.053057e+01,2.051660e+01,2.050961e+01,2.050961e+01,2.050262e+01,2.052358e+01,2.036980e+01,2.048865e+01,2.050961e+01,2.034181e+01,2.059340e+01,2.041875e+01,2.046769e+01,2.050961e+01,2.053755e+01,2.045371e+01,2.048166e+01,2.056548e+01,2.060039e+01,2.046769e+01,2.047468e+01,2.047468e+01,2.047468e+01,2.044672e+01,2.036280e+01,2.046769e+01,2.042575e+01,2.045371e+01,2.039778e+01,2.041176e+01,2.045371e+01,2.070502e+01,2.047468e+01,2.043973e+01,2.048166e+01,2.048166e+01,2.044672e+01,2.048865e+01,2.041176e+01,2.037679e+01,2.050262e+01,2.041176e+01,2.037679e+01,2.051660e+01,2.039078e+01,2.053057e+01,2.045371e+01,2.048166e+01,2.043973e+01,2.039778e+01,2.046769e+01,2.041176e+01,2.040477e+01,2.040477e+01,2.048166e+01,2.057944e+01,2.051660e+01,2.038379e+01,2.034181e+01,2.034881e+01,2.041875e+01,2.041875e+01,2.040477e+01,2.050961e+01,2.048166e+01,2.041176e+01,2.039078e+01,2.046070e+01,2.039778e+01,2.048166e+01,2.049564e+01,2.049564e+01,2.052358e+01,2.050961e+01,2.039078e+01,2.047468e+01,2.043274e+01,2.046070e+01,2.052358e+01,2.045371e+01,2.048166e+01,2.048166e+01,2.054453e+01,2.056548e+01,2.037679e+01,2.038379e+01,2.046769e+01,2.049564e+01,2.049564e+01,2.057246e+01,2.057944e+01,2.044672e+01,2.045371e+01,2.053057e+01,2.055152e+01,2.047468e+01,2.055850e+01,2.054453e+01,2.062830e+01,2.051660e+01,2.051660e+01,2.053755e+01,2.054453e+01,2.045371e+01,2.057246e+01,2.048166e+01,2.043274e+01,2.043973e+01,2.074685e+01,2.044672e+01,2.064923e+01,2.053057e+01
2.052358e+01,2.053057e+01,2.051660e+01,2.051660e+01,2.087222e+01,2.053755e+01,2.064225e+01,2.052358e+01,2.056548e+01,2.053755e+01,2.053755e+01,2.058643e+01,2.056548e+01,2.064225e+01,2.060736e+01,2.076079e+01,2.078169e+01,2.092789e+01,2.084437e+01,2.114333e+01,2.113638e+01,2.141371e+01,2.147600e+01,2.134445e+01,2.143448e+01,2.148292e+01,2.165575e+01,2.164193e+01,2.174550e+01,2.161430e+01,2.145524e+01,2.141371e+01,2.139986e+01,2.139986e+01,2.149676e+01,2.169718e+01,2.171790e+01,2.180070e+01,2.171099e+01,2.180070e+01,2.177310e+01,2.175240e+01,2.146908e+01,2.138601e+01,2.130980e+01,2.128901e+01,2.137908e+01,2.151751e+01,2.157283e+01,2.147600e+01,2.148292e+01,2.155209e+01,2.168337e+01,2.195233e+01,2.228924e+01,2.228238e+01,2.235786e+01,2.230983e+01,2.215186e+01,2.202806e+01,2.191788e+01,2.162812e+01,2.157283e+01,2.161430e+01,2.152443e+01,2.133059e+01,2.153826e+01,2.117803e+01,2.143448e+01,2.124047e+01,2.123353e+01,2.145524e+01,2.165575e+01,2.164193e+01,2.166265e+01,2.164884e+01,2.146216e+01,2.148292e+01,2.125434e+01,2.095572e+01,2.072594e+01,2.081652e+01,2.066318e+01,2.080259e+01,2.080955e+01,2.071200e+01,2.075382e+01,2.067016e+01,2.075382e+01,2.069108e+01,2.089310e+01,2.081652e+01,2.112944e+01,2.105304e+01,2.119885e+01,2.142756e+01,2.149676e+01,2.166265e+01,2.164193e+01,2.190411e+01,2.153826e+01,2.134445e+01,2.119885e+01,2.109472e+01,2.109472e+01,2.106693e+01,2.110166e+01,2.113638e+01,2.110166e+01,2.126821e+01,2.129594e+01,2.126821e+01,2.115721e+01,2.126821e+01,2.128207e+01,2.101134e+01,2.062830e+01,2.060039e+01,2.053057e+01,2.047468e+01,2.049564e+01,2.048865e+01,2.059340e+01,2.046769e+01,2.052358e+01,2.050262e+01,2.047468e+01,2.050262e+01,2.047468e+01,2.043973e+01,2.048166e+01,2.045371e+01,2.062830e+01,2.048865e+01,2.046769e+01,2.044672e+01,2.041875e+01,2.046070e+01,2.046070e+01,2.048166e+01,2.043274e+01,2.044672e+01,2.039078e+01,2.043973e+01,2.041875e+01,2.044672e+01,2.043973e+01,2.046769e+01,2.048865e+01,2.045371e+01,2.073291e+01,2.046070e+01,2.039778e+01,2.043973e+01,2.041875e+01,2.044672e+01,2.043973e+01,2.044672e+01,2.043973e+01,2.044672e+01,2.042575e+01,2.043973e+01,2.047468e+01,2.046769e+01,2.041875e+01,2.050262e+01,2.048166e+01,2.036980e+01,2.051660e+01,2.045371e+01,2.049564e+01,2.034881e+01,2.040477e+01,2.047468e+01,2.043973e+01,2.042575e+01,2.052358e+01,2.033481e+01,2.046070e+01,2.041176e+01,2.053755e+01,2.043973e+01,2.035581e+01,2.048166e+01,2.039078e+01,2.030682e+01,2.041176e+01,2.050262e+01,2.047468e+01,2.037679e+01,2.036280e+01,2.039078e+01,2.039078e+01,2.039078e+01,2.048865e+01,2.050961e+01,2.026481e+01,2.047468e+01,2.034181e+01,2.033481e+01,2.048865e+01,2.042575e+01,2.043274e+01,2.039778e+01,2.043973e+01,2.042575e+01,2.043973e+01,2.033481e+01,2.046769e+01,2.048166e+01,2.034881e+01,2.034181e+01,2.047468e+01,2.046070e+01,2.046769e+01,2.043274e+01,2.044672e+01,2.041176e+01,2.034881e+01,2.058643e+01,2.048865e+01,2.054453e+01,2.060736e+01,2.061434e+01,2.053755e+01,2.048865e+01,2.061434e+01,2.064225e+01,2.070502e+01,2.063528e+01,2.065621e+01,2.069108e+01,2.060039e+01,2.060039e+01,2.059340e+01,2.060039e+01,2.062132e+01,2.059340e+01,2.057246e+01,2.057944e+01,2.059340e+01,2.057246e+01,2.066318e+01,2.058643e+01,2.067713e+01,2.056548e+01,2.060736e+01,2.055152e+01,2.055850e+01,2.050262e+01,2.061434e+01,2.056548e+01,2.053057e+01,2.062830e+01,2.060039e+01,2.059340e+01,2.057944e+01,2.059340e+01,2.059340e+01,2.059340e+01,2.057944e+01,2.054453e+01,2.063528e+01,2.057246e+01,2.055152e+01,2.060736e+01,2.057944e+01,2.051660e+01,2.055850e+01,2.060039e+01,2.064225e+01,2.052358e+01,2.053755e+01,2.057246e+01,2.055152e+01,2.051660e+01,2.048166e+01,2.056548e+01,2.063528e+01,2.053755e+01,2.054453e+01,2.042575e+01,2.053755e+01,2.067713e+01,2.055850e+01,2.067016e+01,2.059340e+01,2.059340e+01,2.049564e+01,2.046070e+01,2.053057e+01,2.047468e+01,2.041875e+01,2.046769e+01,2.046070e+01,2.043973e+01,2.042575e+01,2.029982e+01,2.031382e+01,2.028582e+01,2.027181e+01,2.028582e+01,2.023680e+01,2.037679e+01,2.036980e+01,2.050961e+01,2.047468e+01,2.044672e+01,2.043973e+01,2.050961e+01,2.054453e+01,2.035581e+01,2.041875e+01,2.052358e+01,2.050961e+01,2.051660e+01,2.054453e+01,2.048865e+01,2.050262e+01,2.048166e+01,2.059340e+01,2.046769e+01,2.043973e+01,2.046070e+01,2.052358e+01,2.055152e+01,2.064923e+01,2.060736e+01,2.057944e+01,2.056548e+01,2.047468e+01,2.049564e+01,2.058643e+01,2.060039e+01,2.055152e+01,2.057944e+01,2.062830e+01,2.062132e+01,2.064225e+01,2.053755e+01,2.060039e+01,2.063528e+01,2.060736e+01,2.054453e+01,2.048166e+01,2.066318e+01,2.060736e+01,2.069805e+01,2.057246e+01,2.055850e+01,2.064225e+01,2.060736e+01,2.062132e+01,2.065621e+01,2.067016e+01,2.063528e+01,2.067016e+01,2.069805e+01,2.069805e+01,2.065621e+01,2.062830e+01,2.068410e+01,2.071897e+01,2.070502e+01,2.065621e+01,2.078169e+01,2.056548e+01,2.065621e+01,2.084437e+01,2.069805e+01,2.069805e+01,2.071200e+01,2.067016e+01,2.072594e+01,2.073291e+01,2.076079e+01,2.071200e+01,2.062830e+01,2.067713e+01,2.070502e+01,2.062132e+01,2.071200e+01,2.069805e+01,2.071200e+01,2.057944e+01,2.059340e+01,2.049564e+01,2.042575e+01,2.043973e+01,2.048865e+01,2.054453e+01,2.034181e+01,2.053755e+01,2.053057e+01,2.040477e+01,2.049564e+01,2.049564e+01,2.053057e+01,2.050262e+01,2.045371e+01,2.050262e+01,2.042575e+01,2.041176e+01,2.053755e+01,2.050262e+01,2.043274e+01,2.045371e+01,2.041875e+01,2.050262e+01,2.046769e+01,2.051660e+01,2.057944e+01,2.058643e+01,2.064225e+01,2.057944e+01,2.053755e+01,2.054453e+01,2.056548e+01,2.055850e+01,2.057944e+01,2.057944e+01,2.055152e+01,2.053755e+01,2.045371e+01,2.041875e+01,2.044672e+01,2.060039e+01,2.051660e+01,2.060039e+01,2.057944e+01,2.060039e+01,2.049564e+01,2.048166e+01,2.045371e+01,2.053755e+01,2.057246e+01,2.063528e+01,2.050262e+01,2.059340e+01,2.048865e+01,2.050262e+01,2.056548e+01,2.058643e+01,2.062830e+01,2.046070e+01,2.057246e+01,2.055850e+01,2.062132e+01,2.058643e+01,2.054453e+01,2.044672e+01,2.057944e+01,2.053057e+01,2.057246e+01,2.068410e+01,2.055850e+01,2.047468e+01,2.053057e+01,2.053057e+01,2.051660e+01,2.059340e+01,2.055850e+01,2.053755e+01,2.051660e+01,2.052358e+01,2.053755e+01,2.065621e+01,2.057246e+01,2.060736e+01,2.055152e+01,2.053057e+01,2.062132e+01,2.055152e+01,2.056548e+01,2.055152e+01,2.067713e+01,2.063528e+01,2.064923e+01,2.055850e+01,2.054453e+01,2.055850e+01,2.054453e+01,2.062132e+01,2.046769e+01,2.055152e+01,2.055850e+01,2.056548e+01,2.057944e+01,2.053057e+01,2.050262e+01,2.068410e+01,2.055152e+01,2.050961e+01,2.049564e+01,2.049564e+01,2.048166e+01,2.044672e+01,2.065621e+01,2.064225e+01,2.058643e+01,2.053755e+01,2.060039e+01,2.053755e+01,2.058643e+01,2.049564e+01,2.054453e+01,2.063528e+01,2.063528e+01,2.053057e+01,2.050961e+01,2.049564e+01,2.054453e+01,2.058643e+01,2.055850e+01,2.046070e+01,2.051660e+01,2.055850e+01,2.041875e+01,2.055152e+01,2.055152e+01,2.051660e+01,2.058643e+01,2.045371e+01,2.045371e+01,2.047468e+01,2.050961e+01,2.050262e+01,2.048865e+01,2.057246e+01,2.043973e+01,2.050262e+01,2.051660e+01,2.047468e+01,2.049564e+01,2.050961e+01,2.048865e+01,2.047468e+01,2.046769e+01,2.035581e+01,2.048166e+01,2.033481e+01,2.044672e+01,2.043973e+01,2.060736e+01,2.052358e+01,2.039078e+01,2.057246e+01,2.045371e+01,2.046070e+01,2.047468e+01,2.046769e+01,2.041875e+01,2.041875e+01,2.046769e+01,2.043973e+01,2.055152e+01,2.042575e+01,2.062830e+01,2.041875e+01,2.075382e+01,2.045371e+01,2.053755e+01,2.044672e+01,2.046070e+01,2.037679e+01,2.039778e+01,2.048865e+01,2.048166e+01,2.034881e+01,2.035581e+01,2.037679e+01,2.043274e+01,2.044672e+01,2.045371e+01,2.046070e+01,2.046070e+01,2.038379e+01,2.040477e+01,2.038379e+01,2.045371e+01,2.045371e+01,2.042575e+01,2.043274e+01,2.052358e+01,2.040477e+01,2.050262e+01,2.036280e+01,2.041176e+01,2.042575e+01,2.017373e+01,2.041875e+01,2.055850e+01,2.045371e+01,2.050262e+01,2.041176e+01,2.048865e+01,2.046070e+01,2.032782e+01,2.043274e+01,2.046769e+01,2.042575e+01,2.045371e+01,2.048865e+01,2.042575e+01,2.061434e+01,2.047468e+01,2.047468e+01,2.046769e+01,2.048865e+01,2.049564e+01,2.040477e+01,2.054453e+01,2.053057e+01,2.052358e+01,2.053755e+01,2.052358e+01,2.055152e+01,2.054453e+01,2.051660e+01,2.057944e+01,2.052358e+01,2.047468e+01,2.048865e+01,2.054453e+01,2.054453e+01,2.052358e+01,2.066318e+01,2.057944e+01,2.054453e+01,2.053057e+01,2.039078e+01,2.055850e+01,2.054453e+01,2.057944e+01,2.055152e+01,2.066318e+01,2.072594e+01,2.064923e+01,2.057246e+01,2.058643e+01
2.059340e+01,2.064225e+01,2.064923e+01,2.065621e+01,2.050961e+01,2.050262e+01,2.048166e+01,2.057944e+01,2.056548e+01,2.050262e+01,2.055850e+01,2.055152e+01,2.051660e+01,2.058643e+01,2.071200e+01,2.062830e+01,2.077472e+01,2.085134e+01,2.094876e+01,2.126821e+01,2.132366e+01,2.128207e+01,2.143448e+01,2.152443e+01,2.142756e+01,2.144140e+01,2.183518e+01,2.182139e+01,2.177310e+01,2.178000e+01,2.151751e+01,2.146216e+01,2.116415e+01,2.136523e+01,2.141371e+01,2.164193e+01,2.178690e+01,2.170409e+01,2.155209e+01,2.164884e+01,2.184207e+01,2.206246e+01,2.183518e+01,2.135830e+01,2.130287e+01,2.134445e+01,2.135138e+01,2.146908e+01,2.160739e+01,2.159356e+01,2.152443e+01,2.160048e+01,2.178690e+01,2.197987e+01,2.212436e+01,2.232356e+01,2.241273e+01,2.261821e+01,2.230983e+01,2.186965e+01,2.169028e+01,2.153134e+01,2.127514e+01,2.149676e+01,2.135138e+01,2.144832e+01,2.113638e+01,2.116415e+01,2.112944e+01,2.112250e+01,2.122660e+01,2.124047e+01,2.145524e+01,2.148292e+01,2.150368e+01,2.145524e+01,2.144140e+01,2.124047e+01,2.125434e+01,2.097658e+01,2.098353e+01,2.088614e+01,2.065621e+01,2.053755e+01,2.067713e+01,2.068410e+01,2.072594e+01,2.070502e+01,2.073988e+01,2.068410e+01,2.080955e+01,2.107388e+01,2.111555e+01,2.106693e+01,2.141371e+01,2.148292e+01,2.146908e+01,2.148984e+01,2.171099e+01,2.179380e+01,2.149676e+01,2.142756e+01,2.126821e+01,2.116415e+01,2.138601e+01,2.121272e+01,2.112944e+01,2.126821e+01,2.112250e+01,2.111555e+01,2.114333e+01,2.133752e+01,2.115027e+01,2.126821e+01,2.108777e+01,2.082348e+01,2.068410e+01,2.055850e+01,2.042575e+01,2.052358e+01,2.057246e+01,2.051660e+01,2.050961e+01,2.052358e+01,2.052358e+01,2.050961e+01,2.048166e+01,2.047468e+01,2.043274e+01,2.048166e+01,2.055152e+01,2.063528e+01,2.043973e+01,2.043973e+01,2.046070e+01,2.043973e+01,2.043274e+01,2.044672e+01,2.046769e+01,2.049564e+01,2.051660e+01,2.048166e+01,2.053755e+01,2.042575e+01,2.055152e+01,2.053057e+01,2.037679e+01,2.046769e+01,2.054453e+01,2.050262e+01,2.063528e+01,2.048166e+01,2.053755e+01,2.050961e+01,2.041875e+01,2.044672e+01,2.044672e+01,2.038379e+01,2.043274e+01,2.044672e+01,2.043274e+01,2.045371e+01,2.045371e+01,2.044672e+01,2.047468e+01,2.048166e+01,2.041875e+01,2.043973e+01,2.044672e+01,2.045371e+01,2.037679e+01,2.048166e+01,2.041875e+01,2.049564e+01,2.049564e+01,2.046070e+01,2.036980e+01,2.044672e+01,2.045371e+01,2.046769e+01,2.037679e+01,2.036980e+01,2.034181e+01,2.053057e+01,2.046769e+01,2.051660e+01,2.041176e+01,2.037679e+01,2.050961e+01,2.036280e+01,2.032782e+01,2.043274e+01,2.039778e+01,2.049564e+01,2.039078e+01,2.046070e+01,2.044672e+01,2.048865e+01,2.041176e+01,2.043973e+01,2.040477e+01,2.050961e+01,2.036980e+01,2.042575e+01,2.043973e+01,2.043274e+01,2.046769e+01,2.050262e+01,2.038379e+01,2.041875e+01,2.046070e+01,2.058643e+01,2.048166e+01,2.048166e+01,2.050961e+01,2.036280e+01,2.048865e+01,2.041875e+01,2.046070e+01,2.030682e+01,2.045371e+01,2.050961e+01,2.056548e+01,2.063528e+01,2.058643e+01,2.062132e+01,2.063528e+01,2.082348e+01,2.062132e+01,2.063528e+01,2.053057e+01,2.065621e+01,2.060039e+01,2.068410e+01,2.058643e+01,2.069805e+01,2.062830e+01,2.062132e+01,2.062132e+01,2.057944e+01,2.063528e+01,2.058643e+01,2.061434e+01,2.064923e+01,2.061434e+01,2.056548e+01,2.064225e+01,2.062132e+01,2.060736e+01,2.055152e+01,2.061434e+01,2.060736e+01,2.060039e+01,2.053755e+01,2.060736e+01,2.059340e+01,2.062132e+01,2.058643e+01,2.059340e+01,2.066318e+01,2.059340e+01,2.058643e+01,2.060736e+01,2.062830e+01,2.064923e+01,2.065621e+01,2.059340e+01,2.059340e+01,2.052358e+01,2.053755e+01,2.054453e+01,2.058643e+01,2.054453e+01,2.049564e+01,2.051660e+01,2.048865e+01,2.067016e+01,2.062132e+01,2.057246e+01,2.060039e+01,2.054453e+01,2.053755e+01,2.057246e+01,2.062132e+01,2.055152e+01,2.059340e+01,2.062132e+01,2.053755e+01,2.052358e+01,2.051660e+01,2.045371e+01,2.046769e+01,2.042575e+01,2.043973e+01,2.045371e+01,2.038379e+01,2.036280e+01,2.052358e+01,2.032082e+01,2.029282e+01,2.023680e+01,2.024380e+01,2.021578e+01,2.036980e+01,2.021578e+01,2.036280e+01,2.038379e+01,2.045371e+01,2.047468e+01,2.041176e+01,2.061434e+01,2.057944e+01,2.041176e+01,2.048865e+01,2.049564e+01,2.050262e+01,2.049564e+01,2.051660e+01,2.054453e+01,2.052358e+01,2.055152e+01,2.053057e+01,2.057944e+01,2.062132e+01,2.053057e+01,2.053755e+01,2.055152e+01,2.062830e+01,2.055152e+01,2.063528e+01,2.059340e+01,2.053057e+01,2.060736e+01,2.060039e+01,2.057246e+01,2.060039e+01,2.052358e+01,2.059340e+01,2.058643e+01,2.055152e+01,2.052358e+01,2.057944e+01,2.053057e+01,2.055152e+01,2.053057e+01,2.058643e+01,2.071897e+01,2.063528e+01,2.062132e+01,2.062132e+01,2.058643e+01,2.061434e+01,2.061434e+01,2.070502e+01,2.066318e+01,2.066318e+01,2.069108e+01,2.065621e+01,2.071200e+01,2.069805e+01,2.071897e+01,2.064923e+01,2.071897e+01,2.058643e+01,2.063528e+01,2.065621e+01,2.069108e+01,2.080259e+01,2.073291e+01,2.083045e+01,2.068410e+01,2.067016e+01,2.065621e+01,2.073988e+01,2.065621e+01,2.068410e+01,2.067016e+01,2.064225e+01,2.071200e+01,2.064225e+01,2.067713e+01,2.071897e+01,2.064225e+01,2.067016e+01,2.055152e+01,2.055850e+01,2.043274e+01,2.054453e+01,2.050961e+01,2.046769e+01,2.048166e+01,2.038379e+01,2.053755e+01,2.051660e+01,2.050262e+01,2.051660e+01,2.050262e+01,2.048865e+01,2.049564e+01,2.052358e+01,2.052358e+01,2.043274e+01,2.039778e+01,2.039078e+01,2.046769e+01,2.050262e+01,2.046769e+01,2.046769e+01,2.046769e+01,2.057246e+01,2.050961e+01,2.055152e+01,2.053755e+01,2.055850e+01,2.054453e+01,2.057944e+01,2.057944e+01,2.057944e+01,2.057246e+01,2.055152e+01,2.055152e+01,2.054453e+01,2.051660e+01,2.043973e+01,2.045371e+01,2.050961e+01,2.053755e+01,2.051660e+01,2.062830e+01,2.048865e+01,2.058643e+01,2.053755e+01,2.064923e+01,2.061434e+01,2.048865e+01,2.063528e+01,2.057246e+01,2.048865e+01,2.067016e+01,2.069805e+01,2.066318e+01,2.060736e+01,2.058643e+01,2.062132e+01,2.060039e+01,2.060736e+01,2.055152e+01,2.050961e+01,2.059340e+01,2.058643e+01,2.057944e+01,2.059340e+01,2.041875e+01,2.062132e+01,2.055850e+01,2.053057e+01,2.065621e+01,2.049564e+01,2.059340e+01,2.057246e+01,2.058643e+01,2.050262e+01,2.053755e+01,2.052358e+01,2.051660e+01,2.059340e+01,2.057944e+01,2.050961e+01,2.069805e+01,2.064225e+01,2.057944e+01,2.062132e+01,2.062132e+01,2.054453e+01,2.055152e+01,2.061434e+01,2.058643e+01,2.055850e+01,2.060039e+01,2.061434e+01,2.052358e+01,2.057246e+01,2.055152e+01,2.060736e+01,2.055850e+01,2.056548e+01,2.056548e+01,2.060039e+01,2.057246e+01,2.053755e+01,2.064225e+01,2.048865e+01,2.057944e+01,2.055152e+01,2.048865e+01,2.069108e+01,2.048166e+01,2.058643e+01,2.062132e+01,2.055850e+01,2.047468e+01,2.062830e+01,2.047468e+01,2.049564e+01,2.055850e+01,2.050262e+01,2.048166e+01,2.042575e+01,2.065621e+01,2.064225e+01,2.057246e+01,2.055850e+01,2.048865e+01,2.060039e+01,2.061434e+01,2.050961e+01,2.046070e+01,2.062132e+01,2.053057e+01,2.047468e+01,2.051660e+01,2.046070e+01,2.048166e+01,2.054453e+01,2.049564e+01,2.052358e+01,2.048865e+01,2.046769e+01,2.052358e+01,2.046070e+01,2.049564e+01,2.043973e+01,2.048166e+01,2.050262e+01,2.050262e+01,2.052358e+01,2.047468e+01,2.047468e+01,2.046769e+01,2.048865e+01,2.051660e+01,2.043973e+01,2.053755e+01,2.046070e+01,2.062132e+01,2.042575e+01,2.048865e+01,2.051660e+01,2.042575e+01,2.048865e+01,2.044672e+01,2.043274e+01,2.055850e+01,2.050961e+01,2.052358e+01,2.054453e+01,2.036280e+01,2.043973e+01,2.043274e+01,2.044672e+01,2.046070e+01,2.045371e+01,2.056548e+01,2.032782e+01,2.041176e+01,2.050262e+01,2.043274e+01,2.050262e+01,2.051660e+01,2.036980e+01,2.029982e+01,2.043274e+01,2.048166e+01,2.048166e+01,2.048166e+01,2.048865e+01,2.046070e+01,2.049564e+01,2.046070e+01,2.032082e+01,2.038379e+01,2.049564e+01,2.048166e+01,2.044672e+01,2.047468e+01,2.041176e+01,2.043274e+01,2.041176e+01,2.039078e+01,2.041875e+01,2.045371e+01,2.046070e+01,2.047468e+01,2.048166e+01,2.046769e+01,2.048166e+01,2.057246e+01,2.041875e+01,2.055850e+01,2.043973e+01,2.044672e+01,2.045371e+01,2.048166e+01,2.044672e+01,2.047468e+01,2.039778e+01,2.048166e+01,2.053057e+01,2.057944e+01,2.043973e+01,2.057944e+01,2.044672e+01,2.049564e+01,2.050961e+01,2.043973e+01,2.050961e+01,2.056548e+01,2.059340e+01,2.046070e+01,2.054453e+01,2.050262e+01,2.056548e+01,2.055850e+01,2.052358e+01,2.055152e+01,2.050961e+01,2.065621e+01,2.060736e+01,2.053057e+01,2.052358e+01,2.044672e+01,2.054453e+01,2.057246e+01,2.076079e+01,2.056548e+01,2.066318e+01,2.052358e+01,2.056548e+01,2.056548e+01,2.057944e+01
2.071200e+01,2.069108e+01,2.071897e+01,2.048865e+01,2.048166e+01,2.053057e+01,2.052358e+01,2.069805e+01,2.047468e+01,2.054453e+01,2.052358e+01,2.054453e+01,2.057246e+01,2.060736e+01,2.060039e+01,2.067713e+01,2.081652e+01,2.090006e+01,2.092093e+01,2.113638e+01,2.133752e+01,2.117803e+01,2.123353e+01,2.133059e+01,2.144832e+01,2.146216e+01,2.186965e+01,2.179380e+01,2.182828e+01,2.184207e+01,2.149676e+01,2.139293e+01,2.129594e+01,2.144140e+01,2.146908e+01,2.151751e+01,2.154517e+01,2.149676e+01,2.149676e+01,2.151059e+01,2.147600e+01,2.175240e+01,2.171790e+01,2.149676e+01,2.137908e+01,2.139986e+01,2.143448e+01,2.163503e+01,2.162812e+01,2.169718e+01,2.165575e+01,2.158665e+01,2.160048e+01,2.172480e+01,2.191788e+01,2.226178e+01,2.229610e+01,2.227551e+01,2.228238e+01,2.195921e+01,2.178690e+01,2.157283e+01,2.123353e+01,2.130287e+01,2.141371e+01,2.139293e+01,2.134445e+01,2.094180e+01,2.094876e+01,2.106693e+01,2.110166e+01,2.117109e+01,2.112250e+01,2.120579e+01,2.120579e+01,2.126821e+01,2.121966e+01,2.101829e+01,2.114333e+01,2.107388e+01,2.096962e+01,2.092789e+01,2.091398e+01,2.069108e+01,2.069108e+01,2.076079e+01,2.073988e+01,2.076079e+01,2.079562e+01,2.083045e+01,2.076775e+01,2.080955e+01,2.099744e+01,2.101829e+01,2.126127e+01,2.157283e+01,2.165575e+01,2.146908e+01,2.136523e+01,2.157974e+01,2.143448e+01,2.139293e+01,2.135138e+01,2.133059e+01,2.108777e+01,2.117803e+01,2.106693e+01,2.096267e+01,2.096267e+01,2.110861e+01,2.128901e+01,2.135138e+01,2.129594e+01,2.118497e+01,2.111555e+01,2.094180e+01,2.086526e+01,2.071897e+01,2.046070e+01,2.040477e+01,2.047468e+01,2.048865e+01,2.064225e+01,2.050961e+01,2.047468e+01,2.048865e+01,2.048166e+01,2.043274e+01,2.049564e+01,2.040477e+01,2.048166e+01,2.050262e+01,2.042575e+01,2.046769e+01,2.045371e+01,2.041875e+01,2.041176e+01,2.046769e+01,2.049564e+01,2.047468e+01,2.040477e+01,2.043973e+01,2.053057e+01,2.042575e+01,2.039078e+01,2.053755e+01,2.050262e+01,2.039078e+01,2.042575e+01,2.052358e+01,2.056548e+01,2.055850e+01,2.043973e+01,2.041176e+01,2.043973e+01,2.039778e+01,2.044672e+01,2.042575e+01,2.057246e+01,2.046070e+01,2.046769e+01,2.041875e+01,2.044672e+01,2.040477e+01,2.044672e+01,2.049564e+01,2.035581e+01,2.043973e+01,2.043274e+01,2.040477e+01,2.043973e+01,2.044672e+01,2.044672e+01,2.040477e+01,2.041875e+01,2.042575e+01,2.047468e+01,2.045371e+01,2.044672e+01,2.033481e+01,2.038379e+01,2.048865e+01,2.041875e+01,2.032782e+01,2.048166e+01,2.049564e+01,2.036280e+01,2.047468e+01,2.036980e+01,2.043274e+01,2.034881e+01,2.039778e+01,2.027881e+01,2.043973e+01,2.045371e+01,2.030682e+01,2.049564e+01,2.048865e+01,2.043973e+01,2.044672e+01,2.047468e+01,2.042575e+01,2.039078e+01,2.036280e+01,2.036280e+01,2.043274e+01,2.044672e+01,2.051660e+01,2.046769e+01,2.044672e+01,2.041875e+01,2.047468e+01,2.039078e+01,2.049564e+01,2.041875e+01,2.031382e+01,2.044672e+01,2.041176e+01,2.030682e+01,2.039778e+01,2.040477e+01,2.041176e+01,2.063528e+01,2.064225e+01,2.060736e+01,2.057246e+01,2.060736e+01,2.053057e+01,2.061434e+01,2.057944e+01,2.055850e+01,2.056548e+01,2.056548e+01,2.071200e+01,2.055152e+01,2.068410e+01,2.067713e+01,2.067713e+01,2.068410e+01,2.062132e+01,2.057944e+01,2.057944e+01,2.062132e+01,2.049564e+01,2.068410e+01,2.057246e+01,2.052358e+01,2.055152e+01,2.053057e+01,2.050262e+01,2.054453e+01,2.062132e+01,2.051660e+01,2.056548e+01,2.056548e+01,2.060039e+01,2.057246e+01,2.053755e+01,2.062830e+01,2.060039e+01,2.063528e+01,2.066318e+01,2.061434e+01,2.064225e+01,2.061434e+01,2.073988e+01,2.069108e+01,2.054453e+01,2.071897e+01,2.053755e+01,2.050262e+01,2.055152e+01,2.054453e+01,2.057246e+01,2.055152e+01,2.048865e+01,2.043274e+01,2.048166e+01,2.056548e+01,2.060736e+01,2.053057e+01,2.049564e+01,2.062830e+01,2.050961e+01,2.060039e+01,2.052358e+01,2.050961e+01,2.055152e+01,2.055850e+01,2.050961e+01,2.056548e+01,2.050961e+01,2.033481e+01,2.022278e+01,2.047468e+01,2.045371e+01,2.043973e+01,2.036280e+01,2.032082e+01,2.023680e+01,2.025781e+01,2.027881e+01,2.023680e+01,2.018775e+01,2.038379e+01,2.044672e+01,2.035581e+01,2.046769e+01,2.045371e+01,2.046769e+01,2.039078e+01,2.041176e+01,2.060039e+01,2.056548e+01,2.049564e+01,2.048865e+01,2.050262e+01,2.049564e+01,2.048166e+01,2.050262e+01,2.045371e+01,2.034181e+01,2.067713e+01,2.053057e+01,2.056548e+01,2.055850e+01,2.053057e+01,2.053755e+01,2.057944e+01,2.048166e+01,2.062830e+01,2.064923e+01,2.057246e+01,2.062132e+01,2.043973e+01,2.045371e+01,2.062830e+01,2.059340e+01,2.057246e+01,2.053755e+01,2.050262e+01,2.059340e+01,2.061434e+01,2.061434e+01,2.066318e+01,2.060039e+01,2.060736e+01,2.065621e+01,2.060736e+01,2.055152e+01,2.060039e+01,2.061434e+01,2.066318e+01,2.068410e+01,2.067016e+01,2.064225e+01,2.069108e+01,2.065621e+01,2.073988e+01,2.067713e+01,2.066318e+01,2.070502e+01,2.062830e+01,2.067016e+01,2.074685e+01,2.076079e+01,2.077472e+01,2.072594e+01,2.071200e+01,2.057246e+01,2.068410e+01,2.067713e+01,2.069108e+01,2.069108e+01,2.069805e+01,2.057944e+01,2.062830e+01,2.058643e+01,2.063528e+01,2.072594e+01,2.073291e+01,2.072594e+01,2.071200e+01,2.070502e+01,2.050961e+01,2.043973e+01,2.047468e+01,2.048865e+01,2.060736e+01,2.049564e+01,2.047468e+01,2.051660e+01,2.053755e+01,2.043274e+01,2.047468e+01,2.050262e+01,2.048166e+01,2.050262e+01,2.048166e+01,2.049564e+01,2.052358e+01,2.053057e+01,2.050961e+01,2.042575e+01,2.047468e+01,2.044672e+01,2.048865e+01,2.048865e+01,2.048865e+01,2.048865e+01,2.047468e+01,2.046769e+01,2.046769e+01,2.055152e+01,2.055850e+01,2.059340e+01,2.060039e+01,2.056548e+01,2.059340e+01,2.055152e+01,2.053057e+01,2.042575e+01,2.050961e+01,2.055152e+01,2.036280e+01,2.047468e+01,2.045371e+01,2.060039e+01,2.057944e+01,2.055850e+01,2.058643e+01,2.050961e+01,2.059340e+01,2.049564e+01,2.046769e+01,2.049564e+01,2.048865e+01,2.050961e+01,2.051660e+01,2.055152e+01,2.059340e+01,2.057944e+01,2.048166e+01,2.052358e+01,2.053755e+01,2.043274e+01,2.052358e+01,2.057246e+01,2.053057e+01,2.057246e+01,2.048166e+01,2.057246e+01,2.062132e+01,2.057944e+01,2.048166e+01,2.055850e+01,2.052358e+01,2.064923e+01,2.053755e+01,2.064923e+01,2.048865e+01,2.048865e+01,2.051660e+01,2.067016e+01,2.058643e+01,2.057944e+01,2.057944e+01,2.055850e+01,2.060736e+01,2.055850e+01,2.056548e+01,2.056548e+01,2.062830e+01,2.053057e+01,2.056548e+01,2.066318e+01,2.053755e+01,2.057944e+01,2.058643e+01,2.041875e+01,2.055850e+01,2.059340e+01,2.048166e+01,2.063528e+01,2.055152e+01,2.052358e+01,2.065621e+01,2.054453e+01,2.058643e+01,2.053057e+01,2.056548e+01,2.058643e+01,2.062830e+01,2.059340e+01,2.050961e+01,2.048865e+01,2.053057e+01,2.045371e+01,2.060736e+01,2.046769e+01,2.057246e+01,2.048166e+01,2.056548e+01,2.052358e+01,2.049564e+01,2.047468e+01,2.049564e+01,2.048166e+01,2.049564e+01,2.052358e+01,2.058643e+01,2.060039e+01,2.054453e+01,2.053755e+01,2.053755e+01,2.048865e+01,2.059340e+01,2.041875e+01,2.057944e+01,2.059340e+01,2.050262e+01,2.060039e+01,2.046070e+01,2.055850e+01,2.057944e+01,2.048865e+01,2.055152e+01,2.051660e+01,2.046769e+01,2.046070e+01,2.052358e+01,2.048166e+01,2.047468e+01,2.038379e+01,2.051660e+01,2.052358e+01,2.048166e+01,2.050961e+01,2.045371e+01,2.035581e+01,2.032082e+01,2.035581e+01,2.039778e+01,2.046769e+01,2.046070e+01,2.041875e+01,2.042575e+01,2.042575e+01,2.043973e+01,2.045371e+01,2.043973e+01,2.045371e+01,2.043973e+01,2.043274e+01,2.035581e+01,2.045371e+01,2.058643e+01,2.038379e+01,2.041875e+01,2.037679e+01,2.040477e+01,2.041176e+01,2.046070e+01,2.050262e+01,2.057944e+01,2.053755e+01,2.053755e+01,2.031382e+01,2.047468e+01,2.052358e+01,2.047468e+01,2.049564e+01,2.046769e+01,2.048865e+01,2.043973e+01,2.050961e+01,2.043973e+01,2.053755e+01,2.032782e+01,2.049564e+01,2.050961e+01,2.042575e+01,2.049564e+01,2.055152e+01,2.036280e+01,2.043973e+01,2.034881e+01,2.053755e+01,2.055152e+01,2.036980e+01,2.045371e+01,2.039778e+01,2.046070e+01,2.045371e+01,2.046769e+01,2.050961e+01,2.048865e+01,2.043274e+01,2.043973e+01,2.043274e+01,2.047468e+01,2.041875e+01,2.054453e+01,2.047468e+01,2.039778e+01,2.045371e+01,2.048166e+01,2.059340e+01,2.039778e+01,2.036280e+01,2.053057e+01,2.070502e+01,2.054453e+01,2.055152e+01,2.050262e+01,2.048865e+01,2.051660e+01,2.054453e+01,2.050262e+01,2.053057e+01,2.057246e+01,2.057246e+01,2.050262e+01,2.048166e+01,2.054453e+01,2.057246e+01,2.050262e+01,2.050961e+01,2.049564e+01,2.050961e+01,2.045371e+01,2.054453e+01,2.049564e+01,2.055152e+01,2.060039e+01,2.057944e+01,2.052358e+01,2.052358e+01,2.050961e+01,2.056548e+01
2.061434e+01,2.053057e+01,2.059340e+01,2.048865e+01,2.027181e+01,2.055850e+01,2.050262e+01,2.048865e+01,2.053755e+01,2.052358e+01,2.055152e+01,2.054453e+01,2.058643e+01,2.056548e+01,2.056548e+01,2.062830e+01,2.078169e+01,2.090006e+01,2.103219e+01,2.121272e+01,2.128901e+01,2.119885e+01,2.128901e+01,2.126127e+01,2.125434e+01,2.144140e+01,2.152443e+01,2.188343e+01,2.184207e+01,2.187654e+01,2.159356e+01,2.149676e+01,2.163503e+01,2.128901e+01,2.137216e+01,2.141371e+01,2.143448e+01,2.151059e+01,2.151751e+01,2.148984e+01,2.138601e+01,2.144140e+01,2.144832e+01,2.137908e+01,2.147600e+01,2.155900e+01,2.154517e+01,2.130287e+01,2.154517e+01,2.159356e+01,2.159356e+01,2.193166e+01,2.208998e+01,2.190411e+01,2.180070e+01,2.187654e+01,2.177310e+01,2.182828e+01,2.178000e+01,2.163503e+01,2.151059e+01,2.132366e+01,2.144140e+01,2.146216e+01,2.157283e+01,2.184897e+01,2.151059e+01,2.135138e+01,2.109472e+01,2.115721e+01,2.097658e+01,2.100439e+01,2.099744e+01,2.098353e+01,2.101829e+01,2.121272e+01,2.093485e+01,2.102524e+01,2.105304e+01,2.103914e+01,2.104609e+01,2.088614e+01,2.069108e+01,2.093485e+01,2.090702e+01,2.073988e+01,2.083741e+01,2.086526e+01,2.084437e+01,2.076775e+01,2.078866e+01,2.087918e+01,2.099048e+01,2.134445e+01,2.126821e+01,2.138601e+01,2.157283e+01,2.157283e+01,2.136523e+01,2.133752e+01,2.130287e+01,2.137216e+01,2.148984e+01,2.132366e+01,2.137908e+01,2.132366e+01,2.113638e+01,2.102524e+01,2.104609e+01,2.110861e+01,2.121272e+01,2.137908e+01,2.148292e+01,2.111555e+01,2.113638e+01,2.108083e+01,2.089310e+01,2.054453e+01,2.048865e+01,2.045371e+01,2.043274e+01,2.045371e+01,2.051660e+01,2.044672e+01,2.044672e+01,2.050262e+01,2.045371e+01,2.046070e+01,2.049564e+01,2.035581e+01,2.051660e+01,2.050961e+01,2.042575e+01,2.049564e+01,2.042575e+01,2.043274e+01,2.046769e+01,2.043973e+01,2.043973e+01,2.053057e+01,2.055152e+01,2.033481e+01,2.041176e+01,2.050262e+01,2.042575e+01,2.050262e+01,2.047468e+01,2.046070e+01,2.050961e+01,2.055152e+01,2.041176e+01,2.055152e+01,2.048865e+01,2.041875e+01,2.040477e+01,2.041176e+01,2.058643e+01,2.047468e+01,2.039778e+01,2.045371e+01,2.046769e+01,2.043973e+01,2.042575e+01,2.044672e+01,2.048166e+01,2.035581e+01,2.034181e+01,2.041176e+01,2.039778e+01,2.043973e+01,2.043973e+01,2.041176e+01,2.039078e+01,2.035581e+01,2.039078e+01,2.046769e+01,2.047468e+01,2.042575e+01,2.036280e+01,2.044672e+01,2.033481e+01,2.038379e+01,2.033481e+01,2.045371e+01,2.040477e+01,2.040477e+01,2.045371e+01,2.038379e+01,2.039078e+01,2.037679e+01,2.029982e+01,2.039778e+01,2.043973e+01,2.050262e+01,2.048166e+01,2.024380e+01,2.036980e+01,2.039778e+01,2.041875e+01,2.032782e+01,2.036280e+01,2.041176e+01,2.044672e+01,2.042575e+01,2.034181e+01,2.029982e+01,2.048166e+01,2.025080e+01,2.045371e+01,2.044672e+01,2.037679e+01,2.032782e+01,2.034181e+01,2.043274e+01,2.041176e+01,2.032782e+01,2.034181e+01,2.036980e+01,2.031382e+01,2.041176e+01,2.038379e+01,2.062132e+01,2.062132e+01,2.058643e+01,2.057246e+01,2.065621e+01,2.060736e+01,2.060039e+01,2.060039e+01,2.055152e+01,2.062132e+01,2.060039e+01,2.056548e+01,2.062132e+01,2.057944e+01,2.062830e+01,2.068410e+01,2.064225e+01,2.060039e+01,2.073988e+01,2.059340e+01,2.042575e+01,2.053057e+01,2.043274e+01,2.060039e+01,2.059340e+01,2.055850e+01,2.053755e+01,2.054453e+01,2.035581e+01,2.056548e+01,2.046070e+01,2.052358e+01,2.060736e+01,2.061434e+01,2.058643e+01,2.059340e+01,2.054453e+01,2.064225e+01,2.062132e+01,2.064923e+01,2.055850e+01,2.068410e+01,2.064225e+01,2.060039e+01,2.064225e+01,2.057944e+01,2.057246e+01,2.056548e+01,2.054453e+01,2.055850e+01,2.055850e+01,2.056548e+01,2.060039e+01,2.052358e+01,2.054453e+01,2.055850e+01,2.056548e+01,2.064923e+01,2.058643e+01,2.054453e+01,2.055850e+01,2.055152e+01,2.054453e+01,2.055152e+01,2.051660e+01,2.065621e+01,2.049564e+01,2.046769e+01,2.048865e+01,2.048166e+01,2.045371e+01,2.051660e+01,2.046070e+01,2.052358e+01,2.041176e+01,2.024380e+01,2.034181e+01,2.029982e+01,2.030682e+01,2.030682e+01,2.024380e+01,2.029982e+01,2.018074e+01,2.042575e+01,2.046769e+01,2.047468e+01,2.046769e+01,2.043274e+01,2.039078e+01,2.038379e+01,2.037679e+01,2.039078e+01,2.052358e+01,2.050961e+01,2.051660e+01,2.048166e+01,2.050961e+01,2.060736e+01,2.052358e+01,2.060736e+01,2.034181e+01,2.055152e+01,2.052358e+01,2.042575e+01,2.046070e+01,2.048865e+01,2.056548e+01,2.055850e+01,2.057944e+01,2.057944e+01,2.058643e+01,2.044672e+01,2.058643e+01,2.060039e+01,2.044672e+01,2.061434e+01,2.059340e+01,2.057944e+01,2.057944e+01,2.063528e+01,2.067713e+01,2.059340e+01,2.059340e+01,2.062132e+01,2.063528e+01,2.053057e+01,2.054453e+01,2.057246e+01,2.055850e+01,2.062830e+01,2.063528e+01,2.067016e+01,2.064923e+01,2.068410e+01,2.067016e+01,2.068410e+01,2.066318e+01,2.070502e+01,2.073988e+01,2.065621e+01,2.074685e+01,2.069108e+01,2.072594e+01,2.075382e+01,2.067016e+01,2.070502e+01,2.069805e+01,2.065621e+01,2.064923e+01,2.068410e+01,2.072594e+01,2.071897e+01,2.068410e+01,2.065621e+01,2.069805e+01,2.071897e+01,2.062132e+01,2.066318e+01,2.065621e+01,2.069108e+01,2.069805e+01,2.070502e+01,2.061434e+01,2.060736e+01,2.048166e+01,2.047468e+01,2.062132e+01,2.048865e+01,2.048865e+01,2.047468e+01,2.048166e+01,2.049564e+01,2.042575e+01,2.038379e+01,2.043973e+01,2.045371e+01,2.046769e+01,2.045371e+01,2.039778e+01,2.044672e+01,2.040477e+01,2.056548e+01,2.051660e+01,2.056548e+01,2.058643e+01,2.049564e+01,2.045371e+01,2.055850e+01,2.055850e+01,2.050961e+01,2.056548e+01,2.057944e+01,2.071200e+01,2.051660e+01,2.057246e+01,2.055152e+01,2.055850e+01,2.050262e+01,2.054453e+01,2.057944e+01,2.049564e+01,2.053057e+01,2.040477e+01,2.058643e+01,2.054453e+01,2.053755e+01,2.038379e+01,2.053755e+01,2.057246e+01,2.048865e+01,2.057944e+01,2.050961e+01,2.053057e+01,2.053057e+01,2.052358e+01,2.059340e+01,2.046769e+01,2.036980e+01,2.054453e+01,2.054453e+01,2.050961e+01,2.050262e+01,2.044672e+01,2.053057e+01,2.059340e+01,2.052358e+01,2.064225e+01,2.063528e+01,2.054453e+01,2.055850e+01,2.044672e+01,2.055152e+01,2.062132e+01,2.048166e+01,2.052358e+01,2.053057e+01,2.053057e+01,2.051660e+01,2.057246e+01,2.061434e+01,2.044672e+01,2.050961e+01,2.067016e+01,2.057944e+01,2.056548e+01,2.057944e+01,2.056548e+01,2.054453e+01,2.064225e+01,2.057246e+01,2.057246e+01,2.058643e+01,2.057246e+01,2.060039e+01,2.057246e+01,2.057246e+01,2.058643e+01,2.056548e+01,2.063528e+01,2.046070e+01,2.064225e+01,2.065621e+01,2.050262e+01,2.049564e+01,2.049564e+01,2.052358e+01,2.051660e+01,2.053755e+01,2.048865e+01,2.062830e+01,2.066318e+01,2.062132e+01,2.053057e+01,2.057944e+01,2.048166e+01,2.066318e+01,2.060039e+01,2.056548e+01,2.057246e+01,2.049564e+01,2.051660e+01,2.056548e+01,2.052358e+01,2.055152e+01,2.057246e+01,2.053057e+01,2.057944e+01,2.057944e+01,2.057944e+01,2.055152e+01,2.062132e+01,2.053057e+01,2.055152e+01,2.050262e+01,2.056548e+01,2.041875e+01,2.047468e+01,2.056548e+01,2.057944e+01,2.055152e+01,2.043973e+01,2.046769e+01,2.047468e+01,2.049564e+01,2.054453e+01,2.053755e+01,2.056548e+01,2.048166e+01,2.047468e+01,2.048865e+01,2.048865e+01,2.039078e+01,2.044672e+01,2.045371e+01,2.053755e+01,2.054453e+01,2.046769e+01,2.049564e+01,2.046769e+01,2.051660e+01,2.045371e+01,2.055152e+01,2.043274e+01,2.044672e+01,2.041875e+01,2.045371e+01,2.038379e+01,2.041875e+01,2.042575e+01,2.045371e+01,2.049564e+01,2.046769e+01,2.043274e+01,2.044672e+01,2.053755e+01,2.041875e+01,2.044672e+01,2.053057e+01,2.039078e+01,2.032782e+01,2.043274e+01,2.050961e+01,2.050961e+01,2.050961e+01,2.049564e+01,2.036980e+01,2.050262e+01,2.044672e+01,2.035581e+01,2.034181e+01,2.044672e+01,2.045371e+01,2.051660e+01,2.048166e+01,2.032782e+01,2.048166e+01,2.048166e+01,2.040477e+01,2.038379e+01,2.039778e+01,2.049564e+01,2.037679e+01,2.048166e+01,2.041875e+01,2.050262e+01,2.045371e+01,2.043973e+01,2.042575e+01,2.050961e+01,2.034881e+01,2.041875e+01,2.043274e+01,2.051660e+01,2.046769e+01,2.045371e+01,2.049564e+01,2.042575e+01,2.046070e+01,2.040477e+01,2.043973e+01,2.023680e+01,2.046070e+01,2.069108e+01,2.048166e+01,2.049564e+01,2.051660e+01,2.051660e+01,2.053057e+01,2.055152e+01,2.050262e+01,2.049564e+01,2.053755e+01,2.048865e+01,2.050961e+01,2.052358e+01,2.052358e+01,2.050262e+01,2.053755e+01,2.043973e+01,2.061434e+01,2.054453e+01,2.044672e+01,2.055850e+01,2.059340e+01,2.055152e+01,2.049564e+01,2.050961e+01,2.047468e+01,2.063528e+01,2.043973e+01,2.050961e+01,2.058643e+01,2.054453e+01,2.059340e+01,2.061434e+01,2.064923e+01,2.051660e+01,2.047468e+01,2.055850e+01
2.069108e+01,2.054453e+01,2.071897e+01,2.063528e+01,2.058643e+01,2.049564e+01,2.046070e+01,2.055850e+01,2.048865e+01,2.065621e+01,2.071200e+01,2.060039e+01,2.055850e+01,2.069108e+01,2.060736e+01,2.075382e+01,2.086526e+01,2.087918e+01,2.108083e+01,2.135830e+01,2.143448e+01,2.133752e+01,2.126821e+01,2.123353e+01,2.124740e+01,2.145524e+01,2.155209e+01,2.151059e+01,2.184897e+01,2.196610e+01,2.157974e+01,2.145524e+01,2.164193e+01,2.136523e+01,2.130287e+01,2.143448e+01,2.152443e+01,2.153134e+01,2.148292e+01,2.148984e+01,2.142756e+01,2.134445e+01,2.135830e+01,2.126821e+01,2.168337e+01,2.153134e+01,2.137216e+01,2.161430e+01,2.157283e+01,2.157283e+01,2.162812e+01,2.189721e+01,2.195921e+01,2.206934e+01,2.202806e+01,2.181449e+01,2.160739e+01,2.157283e+01,2.151059e+01,2.157974e+01,2.165575e+01,2.148984e+01,2.138601e+01,2.160739e+01,2.185586e+01,2.206246e+01,2.208998e+01,2.169028e+01,2.131673e+01,2.126127e+01,2.112250e+01,2.119191e+01,2.106693e+01,2.105999e+01,2.093485e+01,2.102524e+01,2.102524e+01,2.104609e+01,2.102524e+01,2.102524e+01,2.108777e+01,2.104609e+01,2.102524e+01,2.101829e+01,2.105999e+01,2.112250e+01,2.103914e+01,2.110861e+01,2.110861e+01,2.105999e+01,2.103219e+01,2.090006e+01,2.096962e+01,2.108777e+01,2.119885e+01,2.134445e+01,2.162121e+01,2.151751e+01,2.134445e+01,2.112250e+01,2.114333e+01,2.128207e+01,2.137216e+01,2.142063e+01,2.180759e+01,2.164884e+01,2.130287e+01,2.101829e+01,2.110166e+01,2.108777e+01,2.094876e+01,2.110861e+01,2.111555e+01,2.108083e+01,2.087222e+01,2.090006e+01,2.085830e+01,2.069805e+01,2.052358e+01,2.048166e+01,2.046769e+01,2.048166e+01,2.048166e+01,2.044672e+01,2.042575e+01,2.043973e+01,2.039078e+01,2.039078e+01,2.042575e+01,2.049564e+01,2.053755e+01,2.047468e+01,2.043973e+01,2.048166e+01,2.040477e+01,2.064225e+01,2.053057e+01,2.045371e+01,2.050262e+01,2.047468e+01,2.040477e+01,2.038379e+01,2.053057e+01,2.055152e+01,2.048865e+01,2.039778e+01,2.051660e+01,2.048865e+01,2.041176e+01,2.052358e+01,2.048865e+01,2.050961e+01,2.048166e+01,2.051660e+01,2.050262e+01,2.055850e+01,2.040477e+01,2.041875e+01,2.050262e+01,2.048166e+01,2.039078e+01,2.042575e+01,2.041875e+01,2.044672e+01,2.048865e+01,2.041176e+01,2.053755e+01,2.042575e+01,2.053057e+01,2.055850e+01,2.041875e+01,2.050961e+01,2.044672e+01,2.046070e+01,2.046769e+01,2.038379e+01,2.044672e+01,2.047468e+01,2.034881e+01,2.046070e+01,2.039078e+01,2.041176e+01,2.053057e+01,2.052358e+01,2.049564e+01,2.041875e+01,2.047468e+01,2.050961e+01,2.036280e+01,2.029982e+01,2.041176e+01,2.053755e+01,2.057944e+01,2.055850e+01,2.051660e+01,2.039778e+01,2.039778e+01,2.042575e+01,2.033481e+01,2.043274e+01,2.042575e+01,2.041875e+01,2.040477e+01,2.043274e+01,2.053057e+01,2.047468e+01,2.046070e+01,2.045371e+01,2.050262e+01,2.040477e+01,2.037679e+01,2.039078e+01,2.030682e+01,2.035581e+01,2.036980e+01,2.038379e+01,2.036280e+01,2.048166e+01,2.044672e+01,2.036280e+01,2.042575e+01,2.050961e+01,2.049564e+01,2.069108e+01,2.060039e+01,2.062830e+01,2.062132e+01,2.069108e+01,2.060039e+01,2.062830e+01,2.065621e+01,2.063528e+01,2.064225e+01,2.070502e+01,2.076079e+01,2.067713e+01,2.068410e+01,2.064923e+01,2.064225e+01,2.071897e+01,2.077472e+01,2.071897e+01,2.071200e+01,2.069108e+01,2.065621e+01,2.060039e+01,2.057246e+01,2.053755e+01,2.050961e+01,2.053755e+01,2.057944e+01,2.048865e+01,2.058643e+01,2.056548e+01,2.052358e+01,2.060736e+01,2.060039e+01,2.062132e+01,2.064923e+01,2.063528e+01,2.064923e+01,2.062830e+01,2.062830e+01,2.060039e+01,2.060736e+01,2.061434e+01,2.078866e+01,2.055152e+01,2.056548e+01,2.060736e+01,2.053755e+01,2.057246e+01,2.060039e+01,2.055850e+01,2.059340e+01,2.055152e+01,2.060736e+01,2.073291e+01,2.066318e+01,2.050961e+01,2.053755e+01,2.055850e+01,2.078169e+01,2.055850e+01,2.056548e+01,2.050262e+01,2.050262e+01,2.062132e+01,2.058643e+01,2.053057e+01,2.052358e+01,2.048166e+01,2.050262e+01,2.051660e+01,2.039078e+01,2.048865e+01,2.040477e+01,2.033481e+01,2.034881e+01,2.034181e+01,2.028582e+01,2.032082e+01,2.031382e+01,2.033481e+01,2.036280e+01,2.043973e+01,2.048865e+01,2.065621e+01,2.046769e+01,2.046070e+01,2.043274e+01,2.043274e+01,2.051660e+01,2.053755e+01,2.050961e+01,2.065621e+01,2.049564e+01,2.067713e+01,2.044672e+01,2.045371e+01,2.057944e+01,2.060736e+01,2.057944e+01,2.058643e+01,2.053057e+01,2.058643e+01,2.056548e+01,2.055850e+01,2.065621e+01,2.053057e+01,2.062830e+01,2.059340e+01,2.062830e+01,2.062830e+01,2.060039e+01,2.051660e+01,2.060736e+01,2.060736e+01,2.061434e+01,2.072594e+01,2.060039e+01,2.060039e+01,2.058643e+01,2.059340e+01,2.070502e+01,2.067713e+01,2.054453e+01,2.064923e+01,2.063528e+01,2.065621e+01,2.068410e+01,2.060736e+01,2.067713e+01,2.071897e+01,2.072594e+01,2.065621e+01,2.066318e+01,2.066318e+01,2.070502e+01,2.067713e+01,2.067016e+01,2.074685e+01,2.078866e+01,2.073291e+01,2.067713e+01,2.067016e+01,2.067713e+01,2.069108e+01,2.069108e+01,2.069805e+01,2.070502e+01,2.071897e+01,2.060039e+01,2.061434e+01,2.067016e+01,2.072594e+01,2.060039e+01,2.070502e+01,2.060736e+01,2.067713e+01,2.068410e+01,2.073291e+01,2.070502e+01,2.080955e+01,2.067016e+01,2.048865e+01,2.050961e+01,2.050961e+01,2.061434e+01,2.048865e+01,2.053057e+01,2.054453e+01,2.046769e+01,2.041875e+01,2.044672e+01,2.046070e+01,2.046070e+01,2.049564e+01,2.042575e+01,2.058643e+01,2.038379e+01,2.048865e+01,2.046769e+01,2.052358e+01,2.055850e+01,2.056548e+01,2.049564e+01,2.053755e+01,2.050961e+01,2.058643e+01,2.050262e+01,2.058643e+01,2.064923e+01,2.059340e+01,2.042575e+01,2.057944e+01,2.050262e+01,2.058643e+01,2.055850e+01,2.061434e+01,2.056548e+01,2.054453e+01,2.058643e+01,2.053057e+01,2.053057e+01,2.045371e+01,2.050961e+01,2.047468e+01,2.055850e+01,2.054453e+01,2.055152e+01,2.055850e+01,2.058643e+01,2.062132e+01,2.048166e+01,2.051660e+01,2.050262e+01,2.057246e+01,2.062132e+01,2.055152e+01,2.057944e+01,2.053057e+01,2.056548e+01,2.057246e+01,2.056548e+01,2.050262e+01,2.053755e+01,2.052358e+01,2.050262e+01,2.055850e+01,2.060736e+01,2.062830e+01,2.059340e+01,2.050961e+01,2.063528e+01,2.056548e+01,2.059340e+01,2.055850e+01,2.058643e+01,2.060039e+01,2.055152e+01,2.067016e+01,2.059340e+01,2.066318e+01,2.057246e+01,2.064225e+01,2.062132e+01,2.059340e+01,2.055850e+01,2.045371e+01,2.058643e+01,2.057944e+01,2.053755e+01,2.056548e+01,2.055850e+01,2.055850e+01,2.057944e+01,2.060736e+01,2.060039e+01,2.055850e+01,2.061434e+01,2.064923e+01,2.064923e+01,2.048166e+01,2.066318e+01,2.054453e+01,2.051660e+01,2.054453e+01,2.053057e+01,2.053755e+01,2.067016e+01,2.047468e+01,2.064923e+01,2.058643e+01,2.065621e+01,2.062132e+01,2.042575e+01,2.053057e+01,2.054453e+01,2.055152e+01,2.055850e+01,2.049564e+01,2.053755e+01,2.056548e+01,2.044672e+01,2.053057e+01,2.055152e+01,2.056548e+01,2.046769e+01,2.042575e+01,2.053057e+01,2.059340e+01,2.056548e+01,2.052358e+01,2.049564e+01,2.048865e+01,2.053755e+01,2.049564e+01,2.053057e+01,2.048865e+01,2.049564e+01,2.062830e+01,2.057944e+01,2.048166e+01,2.051660e+01,2.060736e+01,2.052358e+01,2.053057e+01,2.059340e+01,2.058643e+01,2.053755e+01,2.048166e+01,2.062132e+01,2.046070e+01,2.047468e+01,2.053057e+01,2.050262e+01,2.050262e+01,2.045371e+01,2.043973e+01,2.044672e+01,2.050961e+01,2.042575e+01,2.045371e+01,2.050262e+01,2.044672e+01,2.039078e+01,2.048166e+01,2.043973e+01,2.046070e+01,2.057246e+01,2.048865e+01,2.055152e+01,2.045371e+01,2.038379e+01,2.039078e+01,2.041875e+01,2.046070e+01,2.043973e+01,2.040477e+01,2.047468e+01,2.050262e+01,2.042575e+01,2.050961e+01,2.047468e+01,2.050262e+01,2.053057e+01,2.050961e+01,2.055850e+01,2.052358e+01,2.044672e+01,2.039078e+01,2.053755e+01,2.043973e+01,2.048865e+01,2.050262e+01,2.051660e+01,2.052358e+01,2.050262e+01,2.049564e+01,2.050961e+01,2.049564e+01,2.034181e+01,2.058643e+01,2.057246e+01,2.046769e+01,2.042575e+01,2.047468e+01,2.043973e+01,2.046070e+01,2.050961e+01,2.051660e+01,2.055850e+01,2.046769e+01,2.049564e+01,2.043274e+01,2.055850e+01,2.059340e+01,2.060736e+01,2.057944e+01,2.044672e+01,2.048865e+01,2.057944e+01,2.048166e+01,2.066318e+01,2.055152e+01,2.055152e+01,2.051660e+01,2.036980e+01,2.052358e+01,2.050262e+01,2.060039e+01,2.048865e+01,2.058643e+01,2.051660e+01,2.057246e+01,2.053057e+01,2.047468e+01,2.048166e+01,2.072594e+01,2.042575e+01,2.063528e+01,2.059340e+01,2.062132e+01,2.062132e+01,2.053755e+01,2.048166e+01,2.048166e+01,2.048865e+01,2.051660e+01,2.049564e+01,2.050961e+01,2.062132e+01,2.060039e+01,2.055850e+01,2.055152e+01,2.056548e+01,2.052358e+01,2.064225e+01,2.060736e+01
2.055850e+01,2.049564e+01,2.052358e+01,2.046769e+01,2.049564e+01,2.050961e+01,2.056548e+01,2.049564e+01,2.054453e+01,2.054453e+01,2.057246e+01,2.055152e+01,2.057246e+01,2.052358e+01,2.052358e+01,2.061434e+01,2.085830e+01,2.090702e+01,2.107388e+01,2.130287e+01,2.128901e+01,2.126821e+01,2.130980e+01,2.124047e+01,2.142063e+01,2.146216e+01,2.150368e+01,2.153134e+01,2.155900e+01,2.184897e+01,2.156592e+01,2.158665e+01,2.149676e+01,2.138601e+01,2.144140e+01,2.144832e+01,2.169718e+01,2.179380e+01,2.178000e+01,2.159356e+01,2.152443e+01,2.141371e+01,2.126821e+01,2.143448e+01,2.143448e+01,2.139986e+01,2.167647e+01,2.142063e+01,2.145524e+01,2.156592e+01,2.141371e+01,2.162812e+01,2.181449e+01,2.224804e+01,2.226865e+01,2.183518e+01,2.182139e+01,2.180070e+01,2.186965e+01,2.162121e+01,2.168337e+01,2.143448e+01,2.144832e+01,2.148292e+01,2.185586e+01,2.212436e+01,2.223431e+01,2.214499e+01,2.161430e+01,2.162812e+01,2.147600e+01,2.130287e+01,2.126127e+01,2.103219e+01,2.099744e+01,2.104609e+01,2.091398e+01,2.095572e+01,2.097658e+01,2.112250e+01,2.104609e+01,2.102524e+01,2.108777e+01,2.106693e+01,2.135830e+01,2.114333e+01,2.112944e+01,2.115721e+01,2.133752e+01,2.138601e+01,2.130287e+01,2.110861e+01,2.121272e+01,2.121966e+01,2.136523e+01,2.160739e+01,2.153826e+01,2.159356e+01,2.146216e+01,2.115721e+01,2.117109e+01,2.137908e+01,2.136523e+01,2.170409e+01,2.184897e+01,2.171099e+01,2.128901e+01,2.110861e+01,2.121966e+01,2.119191e+01,2.137216e+01,2.112250e+01,2.089310e+01,2.087918e+01,2.071897e+01,2.087918e+01,2.078169e+01,2.065621e+01,2.050961e+01,2.046769e+01,2.048166e+01,2.047468e+01,2.041176e+01,2.053057e+01,2.041875e+01,2.039078e+01,2.049564e+01,2.046769e+01,2.048166e+01,2.040477e+01,2.041875e+01,2.050961e+01,2.044672e+01,2.043274e+01,2.053755e+01,2.044672e+01,2.046769e+01,2.048166e+01,2.056548e+01,2.049564e+01,2.050262e+01,2.032782e+01,2.048865e+01,2.039778e+01,2.049564e+01,2.053755e+01,2.054453e+01,2.051660e+01,2.040477e+01,2.045371e+01,2.039778e+01,2.046070e+01,2.042575e+01,2.044672e+01,2.041875e+01,2.041176e+01,2.049564e+01,2.043274e+01,2.046070e+01,2.048865e+01,2.048865e+01,2.044672e+01,2.047468e+01,2.045371e+01,2.046769e+01,2.042575e+01,2.053057e+01,2.056548e+01,2.044672e+01,2.052358e+01,2.041176e+01,2.040477e+01,2.039078e+01,2.038379e+01,2.042575e+01,2.041875e+01,2.042575e+01,2.052358e+01,2.043274e+01,2.035581e+01,2.036980e+01,2.043274e+01,2.041176e+01,2.043973e+01,2.043973e+01,2.048865e+01,2.054453e+01,2.041875e+01,2.048166e+01,2.041176e+01,2.045371e+01,2.050961e+01,2.046070e+01,2.050262e+01,2.044672e+01,2.036980e+01,2.041176e+01,2.044672e+01,2.037679e+01,2.050961e+01,2.052358e+01,2.043973e+01,2.043274e+01,2.039778e+01,2.043973e+01,2.050961e+01,2.039778e+01,2.037679e+01,2.038379e+01,2.045371e+01,2.043274e+01,2.034181e+01,2.036980e+01,2.030682e+01,2.046769e+01,2.040477e+01,2.034881e+01,2.041875e+01,2.036280e+01,2.043274e+01,2.044672e+01,2.046769e+01,2.055850e+01,2.062830e+01,2.064923e+01,2.063528e+01,2.063528e+01,2.061434e+01,2.067713e+01,2.062132e+01,2.057246e+01,2.067016e+01,2.067713e+01,2.065621e+01,2.069805e+01,2.067713e+01,2.067713e+01,2.064923e+01,2.063528e+01,2.062830e+01,2.076775e+01,2.076775e+01,2.066318e+01,2.053755e+01,2.065621e+01,2.061434e+01,2.053755e+01,2.039778e+01,2.052358e+01,2.053755e+01,2.054453e+01,2.052358e+01,2.060039e+01,2.050961e+01,2.051660e+01,2.056548e+01,2.056548e+01,2.054453e+01,2.061434e+01,2.055850e+01,2.074685e+01,2.069805e+01,2.053057e+01,2.083045e+01,2.058643e+01,2.062830e+01,2.063528e+01,2.056548e+01,2.059340e+01,2.057246e+01,2.057944e+01,2.061434e+01,2.058643e+01,2.055152e+01,2.052358e+01,2.054453e+01,2.053057e+01,2.049564e+01,2.054453e+01,2.053057e+01,2.058643e+01,2.057246e+01,2.056548e+01,2.070502e+01,2.061434e+01,2.048865e+01,2.049564e+01,2.051660e+01,2.061434e+01,2.055850e+01,2.060039e+01,2.050262e+01,2.051660e+01,2.049564e+01,2.046070e+01,2.036280e+01,2.040477e+01,2.040477e+01,2.036980e+01,2.028582e+01,2.032082e+01,2.028582e+01,2.029982e+01,2.032782e+01,2.041176e+01,2.040477e+01,2.043274e+01,2.044672e+01,2.050262e+01,2.043973e+01,2.042575e+01,2.040477e+01,2.045371e+01,2.047468e+01,2.053057e+01,2.052358e+01,2.044672e+01,2.062830e+01,2.047468e+01,2.052358e+01,2.055152e+01,2.055152e+01,2.051660e+01,2.059340e+01,2.053057e+01,2.056548e+01,2.058643e+01,2.068410e+01,2.053057e+01,2.060736e+01,2.054453e+01,2.058643e+01,2.064923e+01,2.067713e+01,2.062830e+01,2.062132e+01,2.062132e+01,2.060039e+01,2.058643e+01,2.057944e+01,2.064225e+01,2.064923e+01,2.062132e+01,2.072594e+01,2.064225e+01,2.061434e+01,2.060736e+01,2.057246e+01,2.066318e+01,2.067016e+01,2.056548e+01,2.074685e+01,2.073291e+01,2.064923e+01,2.067713e+01,2.067016e+01,2.066318e+01,2.071897e+01,2.070502e+01,2.068410e+01,2.069108e+01,2.064923e+01,2.074685e+01,2.068410e+01,2.060736e+01,2.066318e+01,2.066318e+01,2.063528e+01,2.069108e+01,2.069108e+01,2.066318e+01,2.078169e+01,2.069805e+01,2.068410e+01,2.064923e+01,2.064225e+01,2.071897e+01,2.071200e+01,2.069108e+01,2.071200e+01,2.064923e+01,2.066318e+01,2.069108e+01,2.076775e+01,2.064225e+01,2.050961e+01,2.058643e+01,2.050262e+01,2.049564e+01,2.047468e+01,2.056548e+01,2.050262e+01,2.052358e+01,2.041176e+01,2.044672e+01,2.045371e+01,2.044672e+01,2.047468e+01,2.057944e+01,2.041176e+01,2.048166e+01,2.057944e+01,2.055850e+01,2.050262e+01,2.053057e+01,2.052358e+01,2.040477e+01,2.053755e+01,2.055152e+01,2.059340e+01,2.057944e+01,2.061434e+01,2.066318e+01,2.046769e+01,2.052358e+01,2.055850e+01,2.052358e+01,2.051660e+01,2.050961e+01,2.046070e+01,2.053057e+01,2.055850e+01,2.066318e+01,2.050262e+01,2.057944e+01,2.051660e+01,2.048865e+01,2.048166e+01,2.070502e+01,2.051660e+01,2.058643e+01,2.059340e+01,2.051660e+01,2.058643e+01,2.062132e+01,2.058643e+01,2.047468e+01,2.048166e+01,2.051660e+01,2.048166e+01,2.058643e+01,2.050262e+01,2.051660e+01,2.067713e+01,2.051660e+01,2.054453e+01,2.059340e+01,2.057944e+01,2.059340e+01,2.062830e+01,2.049564e+01,2.053057e+01,2.064225e+01,2.053755e+01,2.055152e+01,2.064225e+01,2.056548e+01,2.066318e+01,2.052358e+01,2.047468e+01,2.064225e+01,2.057944e+01,2.060039e+01,2.053057e+01,2.069108e+01,2.059340e+01,2.055850e+01,2.055152e+01,2.064923e+01,2.057944e+01,2.060039e+01,2.056548e+01,2.060039e+01,2.057944e+01,2.057246e+01,2.057246e+01,2.063528e+01,2.056548e+01,2.058643e+01,2.053755e+01,2.050961e+01,2.051660e+01,2.050961e+01,2.064923e+01,2.048865e+01,2.049564e+01,2.047468e+01,2.055152e+01,2.053057e+01,2.049564e+01,2.057246e+01,2.046769e+01,2.053755e+01,2.060039e+01,2.060039e+01,2.060039e+01,2.049564e+01,2.050262e+01,2.046070e+01,2.062132e+01,2.057246e+01,2.048865e+01,2.043973e+01,2.057944e+01,2.051660e+01,2.048865e+01,2.057944e+01,2.050262e+01,2.049564e+01,2.057246e+01,2.044672e+01,2.051660e+01,2.058643e+01,2.051660e+01,2.043973e+01,2.057246e+01,2.053057e+01,2.060039e+01,2.060039e+01,2.048865e+01,2.061434e+01,2.046769e+01,2.046070e+01,2.060039e+01,2.046070e+01,2.054453e+01,2.051660e+01,2.047468e+01,2.063528e+01,2.048865e+01,2.061434e+01,2.062830e+01,2.047468e+01,2.047468e+01,2.046070e+01,2.045371e+01,2.041176e+01,2.048865e+01,2.060736e+01,2.043274e+01,2.044672e+01,2.046769e+01,2.044672e+01,2.044672e+01,2.043973e+01,2.046070e+01,2.043973e+01,2.047468e+01,2.046769e+01,2.046070e+01,2.045371e+01,2.046070e+01,2.035581e+01,2.039778e+01,2.032082e+01,2.045371e+01,2.046070e+01,2.042575e+01,2.050961e+01,2.049564e+01,2.046769e+01,2.042575e+01,2.039778e+01,2.044672e+01,2.046769e+01,2.050961e+01,2.040477e+01,2.043973e+01,2.047468e+01,2.057246e+01,2.069108e+01,2.034881e+01,2.035581e+01,2.034881e+01,2.048166e+01,2.049564e+01,2.034881e+01,2.044672e+01,2.041176e+01,2.053755e+01,2.045371e+01,2.043973e+01,2.049564e+01,2.043973e+01,2.046070e+01,2.039078e+01,2.037679e+01,2.047468e+01,2.046070e+01,2.039078e+01,2.041176e+01,2.048166e+01,2.044672e+01,2.050262e+01,2.057944e+01,2.063528e+01,2.048166e+01,2.050262e+01,2.048865e+01,2.042575e+01,2.044672e+01,2.050262e+01,2.040477e+01,2.045371e+01,2.040477e+01,2.059340e+01,2.053755e+01,2.050961e+01,2.040477e+01,2.049564e+01,2.039778e+01,2.055152e+01,2.053755e+01,2.051660e+01,2.046070e+01,2.051660e+01,2.050961e+01,2.067016e+01,2.052358e+01,2.059340e+01,2.057944e+01,2.060736e+01,2.061434e+01,2.058643e+01,2.048166e+01,2.051660e+01,2.057944e+01,2.051660e+01,2.055152e+01,2.050262e+01,2.046769e+01,2.057246e+01,2.062132e+01,2.050262e+01,2.061434e+01,2.060039e+01,2.061434e+01,2.052358e+01,2.063528e+01,2.064923e+01
2.055152e+01,2.069805e+01,2.059340e+01,2.054453e+01,2.055152e+01,2.038379e+01,2.059340e+01,2.053057e+01,2.063528e+01,2.051660e+01,2.063528e+01,2.058643e+01,2.055850e+01,2.069805e+01,2.070502e+01,2.078866e+01,2.087918e+01,2.085134e+01,2.115721e+01,2.142756e+01,2.145524e+01,2.142063e+01,2.126127e+01,2.124740e+01,2.126821e+01,2.151751e+01,2.139293e+01,2.153134e+01,2.157974e+01,2.164193e+01,2.158665e+01,2.147600e+01,2.138601e+01,2.137908e+01,2.140678e+01,2.153826e+01,2.158665e+01,2.164193e+01,2.175930e+01,2.163503e+01,2.169028e+01,2.153826e+01,2.163503e+01,2.144832e+01,2.153826e+01,2.171099e+01,2.157974e+01,2.160048e+01,2.155209e+01,2.161430e+01,2.162812e+01,2.142063e+01,2.166956e+01,2.177310e+01,2.198676e+01,2.200053e+01,2.185586e+01,2.195921e+01,2.220683e+01,2.191100e+01,2.184897e+01,2.169718e+01,2.165575e+01,2.147600e+01,2.147600e+01,2.185586e+01,2.210373e+01,2.219996e+01,2.200741e+01,2.178690e+01,2.162121e+01,2.137216e+01,2.131673e+01,2.128901e+01,2.106693e+01,2.097658e+01,2.098353e+01,2.094876e+01,2.100439e+01,2.098353e+01,2.107388e+01,2.130287e+01,2.114333e+01,2.128207e+01,2.141371e+01,2.142756e+01,2.148292e+01,2.160739e+01,2.187654e+01,2.176620e+01,2.155209e+01,2.144140e+01,2.121966e+01,2.133059e+01,2.142756e+01,2.162812e+01,2.167647e+01,2.163503e+01,2.133059e+01,2.130980e+01,2.130287e+01,2.143448e+01,2.168337e+01,2.203494e+01,2.209686e+01,2.213811e+01,2.184207e+01,2.137216e+01,2.128207e+01,2.108083e+01,2.112944e+01,2.093485e+01,2.073291e+01,2.068410e+01,2.086526e+01,2.060736e+01,2.060736e+01,2.053755e+01,2.053057e+01,2.053755e+01,2.050262e+01,2.060736e+01,2.051660e+01,2.050262e+01,2.044672e+01,2.045371e+01,2.047468e+01,2.049564e+01,2.046070e+01,2.052358e+01,2.043973e+01,2.049564e+01,2.039778e+01,2.051660e+01,2.043973e+01,2.053755e+01,2.053755e+01,2.047468e+01,2.055850e+01,2.058643e+01,2.059340e+01,2.032082e+01,2.048865e+01,2.049564e+01,2.060039e+01,2.051660e+01,2.050961e+01,2.041176e+01,2.044672e+01,2.050961e+01,2.053057e+01,2.043973e+01,2.077472e+01,2.046070e+01,2.043973e+01,2.046070e+01,2.039778e+01,2.044672e+01,2.048166e+01,2.043274e+01,2.048166e+01,2.050262e+01,2.049564e+01,2.047468e+01,2.050262e+01,2.049564e+01,2.046070e+01,2.044672e+01,2.050262e+01,2.048865e+01,2.043973e+01,2.043973e+01,2.045371e+01,2.037679e+01,2.050262e+01,2.039078e+01,2.034881e+01,2.049564e+01,2.055152e+01,2.043274e+01,2.036980e+01,2.046070e+01,2.043973e+01,2.043973e+01,2.048865e+01,2.053755e+01,2.035581e+01,2.058643e+01,2.058643e+01,2.046769e+01,2.044672e+01,2.045371e+01,2.046769e+01,2.052358e+01,2.052358e+01,2.046769e+01,2.065621e+01,2.042575e+01,2.036980e+01,2.040477e+01,2.048865e+01,2.037679e+01,2.042575e+01,2.046769e+01,2.036980e+01,2.034881e+01,2.050262e+01,2.037679e+01,2.044672e+01,2.043973e+01,2.044672e+01,2.044672e+01,2.048166e+01,2.050961e+01,2.048865e+01,2.041176e+01,2.039778e+01,2.037679e+01,2.043274e+01,2.045371e+01,2.053057e+01,2.056548e+01,2.062132e+01,2.050961e+01,2.069108e+01,2.071897e+01,2.057246e+01,2.069805e+01,2.074685e+01,2.071897e+01,2.061434e+01,2.070502e+01,2.063528e+01,2.063528e+01,2.067016e+01,2.065621e+01,2.063528e+01,2.056548e+01,2.060039e+01,2.060039e+01,2.060736e+01,2.054453e+01,2.064225e+01,2.049564e+01,2.050961e+01,2.059340e+01,2.053755e+01,2.055850e+01,2.051660e+01,2.057246e+01,2.036980e+01,2.056548e+01,2.053755e+01,2.048865e+01,2.052358e+01,2.051660e+01,2.056548e+01,2.057944e+01,2.062830e+01,2.064923e+01,2.067016e+01,2.061434e+01,2.060736e+01,2.062132e+01,2.061434e+01,2.064225e+01,2.064225e+01,2.058643e+01,2.064225e+01,2.061434e+01,2.057944e+01,2.058643e+01,2.055152e+01,2.071200e+01,2.057944e+01,2.064225e+01,2.076775e+01,2.074685e+01,2.075382e+01,2.054453e+01,2.057944e+01,2.056548e+01,2.057944e+01,2.075382e+01,2.056548e+01,2.047468e+01,2.053755e+01,2.049564e+01,2.049564e+01,2.048166e+01,2.051660e+01,2.048166e+01,2.045371e+01,2.051660e+01,2.043973e+01,2.052358e+01,2.041875e+01,2.036980e+01,2.035581e+01,2.036980e+01,2.030682e+01,2.037679e+01,2.037679e+01,2.036280e+01,2.048166e+01,2.049564e+01,2.042575e+01,2.046070e+01,2.046070e+01,2.045371e+01,2.046070e+01,2.044672e+01,2.055850e+01,2.048166e+01,2.054453e+01,2.055152e+01,2.054453e+01,2.050262e+01,2.055152e+01,2.050262e+01,2.044672e+01,2.051660e+01,2.060039e+01,2.053057e+01,2.053057e+01,2.051660e+01,2.066318e+01,2.051660e+01,2.048166e+01,2.069108e+01,2.070502e+01,2.057246e+01,2.064225e+01,2.059340e+01,2.065621e+01,2.061434e+01,2.050262e+01,2.057944e+01,2.064225e+01,2.060736e+01,2.069108e+01,2.060039e+01,2.064225e+01,2.069805e+01,2.064225e+01,2.061434e+01,2.060736e+01,2.057246e+01,2.059340e+01,2.071200e+01,2.070502e+01,2.073988e+01,2.067713e+01,2.077472e+01,2.071897e+01,2.073988e+01,2.069108e+01,2.070502e+01,2.069805e+01,2.073291e+01,2.066318e+01,2.069805e+01,2.065621e+01,2.066318e+01,2.066318e+01,2.062132e+01,2.066318e+01,2.064225e+01,2.068410e+01,2.067016e+01,2.067016e+01,2.068410e+01,2.066318e+01,2.069108e+01,2.068410e+01,2.069805e+01,2.065621e+01,2.080955e+01,2.076079e+01,2.067016e+01,2.064923e+01,2.080955e+01,2.080955e+01,2.080955e+01,2.057944e+01,2.060039e+01,2.065621e+01,2.054453e+01,2.055152e+01,2.055152e+01,2.055850e+01,2.056548e+01,2.050961e+01,2.042575e+01,2.059340e+01,2.044672e+01,2.062830e+01,2.050262e+01,2.057944e+01,2.044672e+01,2.053755e+01,2.053057e+01,2.048865e+01,2.057944e+01,2.055850e+01,2.050262e+01,2.039078e+01,2.057246e+01,2.045371e+01,2.045371e+01,2.062132e+01,2.064225e+01,2.062132e+01,2.056548e+01,2.060039e+01,2.058643e+01,2.057246e+01,2.055850e+01,2.051660e+01,2.050262e+01,2.057944e+01,2.049564e+01,2.068410e+01,2.053755e+01,2.048166e+01,2.047468e+01,2.080955e+01,2.053755e+01,2.053755e+01,2.060736e+01,2.060736e+01,2.057246e+01,2.067016e+01,2.046769e+01,2.058643e+01,2.058643e+01,2.048865e+01,2.050961e+01,2.055850e+01,2.057944e+01,2.057246e+01,2.055850e+01,2.051660e+01,2.057944e+01,2.057246e+01,2.057944e+01,2.050262e+01,2.050961e+01,2.050262e+01,2.067016e+01,2.064225e+01,2.062830e+01,2.059340e+01,2.057944e+01,2.062830e+01,2.055850e+01,2.054453e+01,2.046070e+01,2.050961e+01,2.058643e+01,2.065621e+01,2.067016e+01,2.055850e+01,2.058643e+01,2.069108e+01,2.054453e+01,2.050961e+01,2.062132e+01,2.059340e+01,2.055850e+01,2.057944e+01,2.062132e+01,2.064225e+01,2.053057e+01,2.055152e+01,2.061434e+01,2.057246e+01,2.060039e+01,2.053755e+01,2.054453e+01,2.061434e+01,2.051660e+01,2.044672e+01,2.055152e+01,2.055152e+01,2.048166e+01,2.057944e+01,2.049564e+01,2.051660e+01,2.062132e+01,2.053057e+01,2.051660e+01,2.048166e+01,2.046769e+01,2.058643e+01,2.055152e+01,2.057246e+01,2.054453e+01,2.057944e+01,2.070502e+01,2.050961e+01,2.055850e+01,2.060039e+01,2.041875e+01,2.044672e+01,2.057944e+01,2.057246e+01,2.046070e+01,2.044672e+01,2.060039e+01,2.048166e+01,2.051660e+01,2.055152e+01,2.049564e+01,2.055850e+01,2.049564e+01,2.050262e+01,2.047468e+01,2.052358e+01,2.050262e+01,2.053755e+01,2.058643e+01,2.035581e+01,2.050262e+01,2.046070e+01,2.050262e+01,2.051660e+01,2.050262e+01,2.049564e+01,2.047468e+01,2.047468e+01,2.046070e+01,2.047468e+01,2.046769e+01,2.043973e+01,2.046070e+01,2.041875e+01,2.041875e+01,2.051660e+01,2.043973e+01,2.046070e+01,2.043274e+01,2.048166e+01,2.047468e+01,2.064225e+01,2.046070e+01,2.040477e+01,2.046769e+01,2.045371e+01,2.046769e+01,2.046070e+01,2.045371e+01,2.040477e+01,2.045371e+01,2.046769e+01,2.048166e+01,2.045371e+01,2.050961e+01,2.060039e+01,2.045371e+01,2.034881e+01,2.050961e+01,2.046070e+01,2.045371e+01,2.024380e+01,2.041875e+01,2.048166e+01,2.051660e+01,2.043274e+01,2.044672e+01,2.041176e+01,2.042575e+01,2.039078e+01,2.050262e+01,2.042575e+01,2.048166e+01,2.042575e+01,2.050262e+01,2.054453e+01,2.052358e+01,2.053057e+01,2.052358e+01,2.050262e+01,2.040477e+01,2.043274e+01,2.047468e+01,2.045371e+01,2.046769e+01,2.048865e+01,2.052358e+01,2.048166e+01,2.054453e+01,2.041176e+01,2.046769e+01,2.048865e+01,2.047468e+01,2.035581e+01,2.056548e+01,2.043973e+01,2.043274e+01,2.058643e+01,2.052358e+01,2.048865e+01,2.051660e+01,2.036980e+01,2.043274e+01,2.056548e+01,2.062830e+01,2.037679e+01,2.048166e+01,2.049564e+01,2.052358e+01,2.048865e+01,2.051660e+01,2.054453e+01,2.083045e+01,2.053057e+01,2.047468e+01,2.050262e+01,2.069805e+01,2.064923e+01,2.060039e+01,2.060039e+01,2.064225e+01,2.053755e+01,2.063528e+01,2.055850e+01,2.073988e+01,2.055850e+01,2.048865e+01,2.057944e+01,2.051660e+01,2.055152e+01,2.058643e+01,2.061434e+01,2.060039e+01,2.067016e+01,2.058643e+01,2.056548e+01,2.055850e+01
2.053057e+01,2.055850e+01,2.051660e+01,2.048166e+01,2.054453e+01,2.046769e+01,2.054453e+01,2.053755e+01,2.050262e+01,2.054453e+01,2.058643e+01,2.062132e+01,2.067713e+01,2.048166e+01,2.064923e+01,2.069805e+01,2.099744e+01,2.111555e+01,2.127514e+01,2.143448e+01,2.148984e+01,2.150368e+01,2.160739e+01,2.161430e+01,2.151059e+01,2.146908e+01,2.151059e+01,2.135138e+01,2.151751e+01,2.151059e+01,2.156592e+01,2.156592e+01,2.156592e+01,2.133059e+01,2.134445e+01,2.121272e+01,2.131673e+01,2.162812e+01,2.163503e+01,2.169718e+01,2.161430e+01,2.155900e+01,2.152443e+01,2.149676e+01,2.136523e+01,2.156592e+01,2.152443e+01,2.166956e+01,2.158665e+01,2.154517e+01,2.135138e+01,2.136523e+01,2.122660e+01,2.145524e+01,2.169718e+01,2.168337e+01,2.164884e+01,2.194544e+01,2.198676e+01,2.219309e+01,2.208998e+01,2.175930e+01,2.150368e+01,2.145524e+01,2.147600e+01,2.150368e+01,2.171790e+01,2.202118e+01,2.200053e+01,2.204182e+01,2.161430e+01,2.150368e+01,2.141371e+01,2.124047e+01,2.135138e+01,2.108083e+01,2.085134e+01,2.087222e+01,2.097658e+01,2.092093e+01,2.104609e+01,2.104609e+01,2.104609e+01,2.117803e+01,2.136523e+01,2.153826e+01,2.157283e+01,2.176620e+01,2.191788e+01,2.162121e+01,2.187654e+01,2.162812e+01,2.124740e+01,2.121272e+01,2.126821e+01,2.141371e+01,2.166956e+01,2.165575e+01,2.139986e+01,2.130980e+01,2.143448e+01,2.170409e+01,2.197987e+01,2.215186e+01,2.226178e+01,2.224118e+01,2.191100e+01,2.139293e+01,2.132366e+01,2.125434e+01,2.139293e+01,2.098353e+01,2.076079e+01,2.056548e+01,2.056548e+01,2.057246e+01,2.053057e+01,2.057944e+01,2.039778e+01,2.053057e+01,2.051660e+01,2.051660e+01,2.038379e+01,2.036980e+01,2.037679e+01,2.047468e+01,2.041875e+01,2.035581e+01,2.042575e+01,2.037679e+01,2.044672e+01,2.041875e+01,2.039078e+01,2.041875e+01,2.046769e+01,2.046070e+01,2.042575e+01,2.041176e+01,2.052358e+01,2.042575e+01,2.057944e+01,2.051660e+01,2.047468e+01,2.046070e+01,2.050262e+01,2.041875e+01,2.050961e+01,2.042575e+01,2.042575e+01,2.041875e+01,2.045371e+01,2.041875e+01,2.040477e+01,2.045371e+01,2.043274e+01,2.041176e+01,2.039078e+01,2.050961e+01,2.041875e+01,2.040477e+01,2.044672e+01,2.043973e+01,2.031382e+01,2.041875e+01,2.048865e+01,2.050961e+01,2.047468e+01,2.043973e+01,2.045371e+01,2.043973e+01,2.041875e+01,2.039778e+01,2.040477e+01,2.041176e+01,2.048166e+01,2.048166e+01,2.044672e+01,2.039778e+01,2.041176e+01,2.039078e+01,2.038379e+01,2.043274e+01,2.042575e+01,2.050262e+01,2.041875e+01,2.034881e+01,2.049564e+01,2.044672e+01,2.039078e+01,2.043973e+01,2.046070e+01,2.029982e+01,2.048166e+01,2.032082e+01,2.043274e+01,2.039778e+01,2.042575e+01,2.043973e+01,2.043973e+01,2.046070e+01,2.039778e+01,2.039778e+01,2.049564e+01,2.040477e+01,2.042575e+01,2.037679e+01,2.057246e+01,2.036980e+01,2.048166e+01,2.039778e+01,2.038379e+01,2.043973e+01,2.044672e+01,2.036280e+01,2.039778e+01,2.035581e+01,2.046070e+01,2.046070e+01,2.046070e+01,2.034881e+01,2.042575e+01,2.045371e+01,2.048166e+01,2.055850e+01,2.056548e+01,2.063528e+01,2.062830e+01,2.064923e+01,2.053755e+01,2.067713e+01,2.063528e+01,2.062830e+01,2.063528e+01,2.067016e+01,2.055850e+01,2.067016e+01,2.066318e+01,2.063528e+01,2.055850e+01,2.071200e+01,2.057246e+01,2.055850e+01,2.060039e+01,2.060039e+01,2.050262e+01,2.050262e+01,2.045371e+01,2.051660e+01,2.049564e+01,2.055152e+01,2.048865e+01,2.041875e+01,2.056548e+01,2.041875e+01,2.060736e+01,2.060736e+01,2.058643e+01,2.061434e+01,2.059340e+01,2.062132e+01,2.069108e+01,2.062830e+01,2.070502e+01,2.060736e+01,2.069805e+01,2.064225e+01,2.063528e+01,2.062132e+01,2.067016e+01,2.049564e+01,2.064923e+01,2.049564e+01,2.055850e+01,2.053755e+01,2.060039e+01,2.058643e+01,2.053057e+01,2.055152e+01,2.060736e+01,2.046769e+01,2.052358e+01,2.057246e+01,2.057246e+01,2.048166e+01,2.053755e+01,2.050262e+01,2.052358e+01,2.050961e+01,2.046769e+01,2.054453e+01,2.048865e+01,2.048865e+01,2.035581e+01,2.054453e+01,2.038379e+01,2.041176e+01,2.039778e+01,2.036280e+01,2.034881e+01,2.034881e+01,2.035581e+01,2.031382e+01,2.033481e+01,2.025080e+01,2.047468e+01,2.046769e+01,2.053057e+01,2.047468e+01,2.049564e+01,2.041176e+01,2.044672e+01,2.048166e+01,2.051660e+01,2.048166e+01,2.043274e+01,2.042575e+01,2.044672e+01,2.055850e+01,2.056548e+01,2.043274e+01,2.053057e+01,2.049564e+01,2.057246e+01,2.062132e+01,2.059340e+01,2.057246e+01,2.062132e+01,2.059340e+01,2.063528e+01,2.063528e+01,2.064923e+01,2.068410e+01,2.069805e+01,2.069108e+01,2.075382e+01,2.060039e+01,2.059340e+01,2.062830e+01,2.057246e+01,2.060736e+01,2.072594e+01,2.070502e+01,2.067713e+01,2.057944e+01,2.065621e+01,2.061434e+01,2.068410e+01,2.064923e+01,2.067713e+01,2.064225e+01,2.068410e+01,2.067016e+01,2.069805e+01,2.072594e+01,2.065621e+01,2.067713e+01,2.071897e+01,2.067016e+01,2.068410e+01,2.071897e+01,2.067016e+01,2.070502e+01,2.062132e+01,2.060736e+01,2.064923e+01,2.065621e+01,2.056548e+01,2.064225e+01,2.066318e+01,2.060039e+01,2.064225e+01,2.067713e+01,2.060736e+01,2.065621e+01,2.067713e+01,2.075382e+01,2.068410e+01,2.062132e+01,2.067713e+01,2.064225e+01,2.059340e+01,2.068410e+01,2.073988e+01,2.077472e+01,2.069805e+01,2.057944e+01,2.066318e+01,2.057944e+01,2.057246e+01,2.054453e+01,2.050262e+01,2.043973e+01,2.041176e+01,2.041176e+01,2.039778e+01,2.048865e+01,2.049564e+01,2.046769e+01,2.053057e+01,2.041875e+01,2.060039e+01,2.043973e+01,2.057246e+01,2.048865e+01,2.049564e+01,2.054453e+01,2.052358e+01,2.049564e+01,2.051660e+01,2.051660e+01,2.054453e+01,2.057246e+01,2.051660e+01,2.045371e+01,2.053755e+01,2.048865e+01,2.050262e+01,2.061434e+01,2.055152e+01,2.050961e+01,2.046769e+01,2.050262e+01,2.056548e+01,2.048865e+01,2.049564e+01,2.048166e+01,2.048865e+01,2.050262e+01,2.043973e+01,2.055850e+01,2.054453e+01,2.059340e+01,2.055850e+01,2.044672e+01,2.045371e+01,2.054453e+01,2.047468e+01,2.050262e+01,2.051660e+01,2.051660e+01,2.054453e+01,2.044672e+01,2.055850e+01,2.055850e+01,2.048865e+01,2.059340e+01,2.060736e+01,2.057246e+01,2.060039e+01,2.062830e+01,2.064225e+01,2.045371e+01,2.062830e+01,2.057944e+01,2.059340e+01,2.042575e+01,2.051660e+01,2.055850e+01,2.046070e+01,2.046769e+01,2.059340e+01,2.047468e+01,2.057246e+01,2.053057e+01,2.053755e+01,2.070502e+01,2.055152e+01,2.053755e+01,2.056548e+01,2.055152e+01,2.056548e+01,2.058643e+01,2.057246e+01,2.055850e+01,2.061434e+01,2.057246e+01,2.059340e+01,2.058643e+01,2.058643e+01,2.057246e+01,2.057246e+01,2.058643e+01,2.062132e+01,2.050262e+01,2.048166e+01,2.061434e+01,2.057944e+01,2.060736e+01,2.055850e+01,2.059340e+01,2.064923e+01,2.058643e+01,2.062132e+01,2.059340e+01,2.058643e+01,2.046070e+01,2.052358e+01,2.051660e+01,2.051660e+01,2.046769e+01,2.067016e+01,2.046769e+01,2.057944e+01,2.061434e+01,2.039778e+01,2.062132e+01,2.058643e+01,2.057246e+01,2.057246e+01,2.046769e+01,2.049564e+01,2.061434e+01,2.053057e+01,2.059340e+01,2.051660e+01,2.046769e+01,2.039078e+01,2.048865e+01,2.053057e+01,2.055152e+01,2.055850e+01,2.053057e+01,2.046070e+01,2.046769e+01,2.053755e+01,2.045371e+01,2.049564e+01,2.050262e+01,2.049564e+01,2.048166e+01,2.051660e+01,2.046769e+01,2.046769e+01,2.046070e+01,2.043973e+01,2.029982e+01,2.041875e+01,2.035581e+01,2.039078e+01,2.050961e+01,2.042575e+01,2.045371e+01,2.046070e+01,2.031382e+01,2.043274e+01,2.042575e+01,2.045371e+01,2.048166e+01,2.043973e+01,2.044672e+01,2.047468e+01,2.047468e+01,2.056548e+01,2.043274e+01,2.041875e+01,2.035581e+01,2.045371e+01,2.045371e+01,2.046769e+01,2.043274e+01,2.046769e+01,2.044672e+01,2.025781e+01,2.046070e+01,2.048166e+01,2.036980e+01,2.039078e+01,2.053057e+01,2.038379e+01,2.037679e+01,2.045371e+01,2.046769e+01,2.041176e+01,2.046769e+01,2.051660e+01,2.051660e+01,2.047468e+01,2.053755e+01,2.045371e+01,2.043274e+01,2.047468e+01,2.050961e+01,2.039078e+01,2.041875e+01,2.042575e+01,2.051660e+01,2.051660e+01,2.043274e+01,2.045371e+01,2.035581e+01,2.042575e+01,2.046070e+01,2.044672e+01,2.046769e+01,2.044672e+01,2.064225e+01,2.030682e+01,2.055152e+01,2.050961e+01,2.048865e+01,2.039078e+01,2.037679e+01,2.055850e+01,2.047468e+01,2.064225e+01,2.039778e+01,2.034881e+01,2.041875e+01,2.039778e+01,2.049564e+01,2.039778e+01,2.057246e+01,2.048166e+01,2.053057e+01,2.051660e+01,2.050262e+01,2.049564e+01,2.049564e+01,2.049564e+01,2.051660e+01,2.049564e+01,2.043973e+01,2.049564e+01,2.060039e+01,2.048865e+01,2.061434e+01,2.038379e+01,2.054453e+01,2.055152e+01,2.050262e+01,2.060039e+01,2.062830e+01,2.060736e+01,2.055850e+01,2.060039e+01,2.062132e+01,2.062132e+01,2.062830e+01,2.060039e+01,2.056548e+01
2.060039e+01,2.048166e+01,2.053057e+01,2.051660e+01,2.055152e+01,2.043973e+01,2.056548e+01,2.054453e+01,2.064923e+01,2.065621e+01,2.045371e+01,2.055152e+01,2.069805e+01,2.071897e+01,2.078169e+01,2.092093e+01,2.106693e+01,2.121272e+01,2.133059e+01,2.158665e+01,2.148984e+01,2.153134e+01,2.151059e+01,2.160739e+01,2.148292e+01,2.147600e+01,2.142063e+01,2.149676e+01,2.142756e+01,2.160048e+01,2.154517e+01,2.144140e+01,2.130980e+01,2.139986e+01,2.123353e+01,2.136523e+01,2.129594e+01,2.144140e+01,2.153134e+01,2.181449e+01,2.170409e+01,2.162812e+01,2.163503e+01,2.159356e+01,2.141371e+01,2.148984e+01,2.152443e+01,2.158665e+01,2.165575e+01,2.155209e+01,2.151751e+01,2.126821e+01,2.121966e+01,2.136523e+01,2.157283e+01,2.155209e+01,2.171790e+01,2.175930e+01,2.183518e+01,2.219996e+01,2.173170e+01,2.169718e+01,2.152443e+01,2.127514e+01,2.139986e+01,2.138601e+01,2.151059e+01,2.151059e+01,2.151059e+01,2.151751e+01,2.146908e+01,2.144140e+01,2.139986e+01,2.140678e+01,2.151059e+01,2.128207e+01,2.112944e+01,2.093485e+01,2.087222e+01,2.091398e+01,2.103219e+01,2.111555e+01,2.108777e+01,2.116415e+01,2.126127e+01,2.139293e+01,2.164193e+01,2.171790e+01,2.185586e+01,2.183518e+01,2.186965e+01,2.169028e+01,2.144140e+01,2.125434e+01,2.133059e+01,2.126821e+01,2.148292e+01,2.146908e+01,2.130980e+01,2.148292e+01,2.171790e+01,2.173860e+01,2.222744e+01,2.224118e+01,2.261821e+01,2.272763e+01,2.197299e+01,2.155209e+01,2.137216e+01,2.153826e+01,2.141371e+01,2.103219e+01,2.084437e+01,2.078169e+01,2.072594e+01,2.055850e+01,2.056548e+01,2.044672e+01,2.050262e+01,2.039778e+01,2.049564e+01,2.049564e+01,2.044672e+01,2.043973e+01,2.034181e+01,2.045371e+01,2.048865e+01,2.044672e+01,2.039778e+01,2.050262e+01,2.050961e+01,2.047468e+01,2.051660e+01,2.043274e+01,2.034881e+01,2.044672e+01,2.043973e+01,2.048166e+01,2.047468e+01,2.053755e+01,2.034881e+01,2.043973e+01,2.039778e+01,2.039778e+01,2.043973e+01,2.043973e+01,2.046769e+01,2.050262e+01,2.037679e+01,2.041875e+01,2.041176e+01,2.043274e+01,2.040477e+01,2.039778e+01,2.039778e+01,2.046769e+01,2.050262e+01,2.039078e+01,2.050262e+01,2.049564e+01,2.047468e+01,2.043973e+01,2.039778e+01,2.049564e+01,2.039778e+01,2.046070e+01,2.048166e+01,2.050961e+01,2.039778e+01,2.044672e+01,2.052358e+01,2.033481e+01,2.036280e+01,2.047468e+01,2.038379e+01,2.046070e+01,2.048865e+01,2.043274e+01,2.036980e+01,2.039078e+01,2.037679e+01,2.042575e+01,2.038379e+01,2.043274e+01,2.039078e+01,2.032782e+01,2.043973e+01,2.039778e+01,2.042575e+01,2.046070e+01,2.042575e+01,2.039778e+01,2.046070e+01,2.042575e+01,2.038379e+01,2.038379e+01,2.041875e+01,2.045371e+01,2.045371e+01,2.043274e+01,2.047468e+01,2.039778e+01,2.046070e+01,2.039778e+01,2.049564e+01,2.039778e+01,2.046070e+01,2.050262e+01,2.044672e+01,2.040477e+01,2.041176e+01,2.043274e+01,2.037679e+01,2.046070e+01,2.032782e+01,2.035581e+01,2.039078e+01,2.034881e+01,2.040477e+01,2.036280e+01,2.035581e+01,2.050262e+01,2.046769e+01,2.050961e+01,2.050262e+01,2.057246e+01,2.071200e+01,2.068410e+01,2.053057e+01,2.067016e+01,2.064225e+01,2.063528e+01,2.064225e+01,2.065621e+01,2.064225e+01,2.060039e+01,2.065621e+01,2.060736e+01,2.063528e+01,2.058643e+01,2.054453e+01,2.062132e+01,2.069108e+01,2.051660e+01,2.050961e+01,2.052358e+01,2.048865e+01,2.053057e+01,2.045371e+01,2.053057e+01,2.048865e+01,2.050262e+01,2.047468e+01,2.049564e+01,2.048166e+01,2.045371e+01,2.056548e+01,2.056548e+01,2.056548e+01,2.056548e+01,2.059340e+01,2.083741e+01,2.068410e+01,2.055850e+01,2.065621e+01,2.071200e+01,2.064225e+01,2.065621e+01,2.062830e+01,2.064923e+01,2.053755e+01,2.057944e+01,2.067713e+01,2.055850e+01,2.065621e+01,2.056548e+01,2.053057e+01,2.054453e+01,2.056548e+01,2.050961e+01,2.057246e+01,2.057246e+01,2.055152e+01,2.054453e+01,2.045371e+01,2.046769e+01,2.051660e+01,2.048166e+01,2.048166e+01,2.048166e+01,2.050961e+01,2.045371e+01,2.048166e+01,2.050961e+01,2.042575e+01,2.039778e+01,2.044672e+01,2.041176e+01,2.050961e+01,2.038379e+01,2.034881e+01,2.030682e+01,2.034881e+01,2.036280e+01,2.046769e+01,2.051660e+01,2.036280e+01,2.034881e+01,2.041176e+01,2.039078e+01,2.040477e+01,2.042575e+01,2.045371e+01,2.040477e+01,2.046769e+01,2.049564e+01,2.050961e+01,2.055850e+01,2.053057e+01,2.057246e+01,2.055850e+01,2.056548e+01,2.054453e+01,2.052358e+01,2.053755e+01,2.057944e+01,2.054453e+01,2.060736e+01,2.055850e+01,2.063528e+01,2.063528e+01,2.071897e+01,2.061434e+01,2.060736e+01,2.062830e+01,2.058643e+01,2.071897e+01,2.057246e+01,2.058643e+01,2.062830e+01,2.064225e+01,2.064225e+01,2.064225e+01,2.070502e+01,2.071200e+01,2.064225e+01,2.062132e+01,2.062830e+01,2.061434e+01,2.070502e+01,2.066318e+01,2.064225e+01,2.063528e+01,2.078169e+01,2.073988e+01,2.073988e+01,2.067713e+01,2.064225e+01,2.072594e+01,2.065621e+01,2.068410e+01,2.065621e+01,2.063528e+01,2.083741e+01,2.060039e+01,2.060736e+01,2.078866e+01,2.062132e+01,2.068410e+01,2.065621e+01,2.068410e+01,2.062132e+01,2.064923e+01,2.065621e+01,2.066318e+01,2.072594e+01,2.067713e+01,2.058643e+01,2.064225e+01,2.069805e+01,2.064923e+01,2.076079e+01,2.067713e+01,2.067713e+01,2.068410e+01,2.083045e+01,2.073291e+01,2.064923e+01,2.043973e+01,2.038379e+01,2.041176e+01,2.055152e+01,2.054453e+01,2.045371e+01,2.048166e+01,2.061434e+01,2.048166e+01,2.048865e+01,2.046769e+01,2.048865e+01,2.051660e+01,2.055152e+01,2.057246e+01,2.055152e+01,2.046070e+01,2.050262e+01,2.048166e+01,2.048865e+01,2.047468e+01,2.048865e+01,2.050961e+01,2.042575e+01,2.057944e+01,2.056548e+01,2.055850e+01,2.055152e+01,2.050262e+01,2.054453e+01,2.049564e+01,2.052358e+01,2.051660e+01,2.041176e+01,2.053755e+01,2.056548e+01,2.048865e+01,2.043274e+01,2.050961e+01,2.054453e+01,2.049564e+01,2.056548e+01,2.056548e+01,2.053057e+01,2.055152e+01,2.045371e+01,2.053755e+01,2.046070e+01,2.048166e+01,2.047468e+01,2.061434e+01,2.053755e+01,2.045371e+01,2.060039e+01,2.067713e+01,2.048865e+01,2.050961e+01,2.055850e+01,2.060039e+01,2.060736e+01,2.038379e+01,2.047468e+01,2.060736e+01,2.053057e+01,2.060736e+01,2.057246e+01,2.060039e+01,2.056548e+01,2.056548e+01,2.053755e+01,2.055152e+01,2.047468e+01,2.054453e+01,2.055850e+01,2.061434e+01,2.053755e+01,2.054453e+01,2.054453e+01,2.053057e+01,2.053755e+01,2.058643e+01,2.056548e+01,2.053057e+01,2.053755e+01,2.043274e+01,2.060736e+01,2.058643e+01,2.057246e+01,2.058643e+01,2.053057e+01,2.055152e+01,2.055152e+01,2.057944e+01,2.050262e+01,2.057246e+01,2.055152e+01,2.058643e+01,2.052358e+01,2.050961e+01,2.053755e+01,2.066318e+01,2.057246e+01,2.050961e+01,2.048166e+01,2.062830e+01,2.054453e+01,2.060736e+01,2.050262e+01,2.063528e+01,2.052358e+01,2.050961e+01,2.050262e+01,2.051660e+01,2.057944e+01,2.052358e+01,2.045371e+01,2.060736e+01,2.060736e+01,2.050961e+01,2.058643e+01,2.055152e+01,2.059340e+01,2.058643e+01,2.051660e+01,2.057246e+01,2.049564e+01,2.048865e+01,2.062132e+01,2.055850e+01,2.047468e+01,2.045371e+01,2.057944e+01,2.054453e+01,2.045371e+01,2.053755e+01,2.053057e+01,2.051660e+01,2.048166e+01,2.057944e+01,2.048865e+01,2.049564e+01,2.044672e+01,2.049564e+01,2.047468e+01,2.050262e+01,2.047468e+01,2.051660e+01,2.043973e+01,2.046070e+01,2.041176e+01,2.066318e+01,2.043274e+01,2.044672e+01,2.043274e+01,2.043973e+01,2.049564e+01,2.043973e+01,2.043973e+01,2.044672e+01,2.044672e+01,2.046769e+01,2.049564e+01,2.043973e+01,2.031382e+01,2.041176e+01,2.042575e+01,2.036980e+01,2.036980e+01,2.046070e+01,2.042575e+01,2.048166e+01,2.048865e+01,2.043973e+01,2.038379e+01,2.048166e+01,2.048166e+01,2.041875e+01,2.046769e+01,2.039078e+01,2.039078e+01,2.050262e+01,2.046769e+01,2.044672e+01,2.034881e+01,2.043973e+01,2.045371e+01,2.043274e+01,2.040477e+01,2.053057e+01,2.016672e+01,2.050961e+01,2.041875e+01,2.042575e+01,2.046070e+01,2.053057e+01,2.037679e+01,2.050961e+01,2.049564e+01,2.043274e+01,2.046070e+01,2.057944e+01,2.036980e+01,2.046070e+01,2.046769e+01,2.035581e+01,2.046769e+01,2.046769e+01,2.046070e+01,2.046769e+01,2.059340e+01,2.056548e+01,2.055850e+01,2.038379e+01,2.049564e+01,2.035581e+01,2.064923e+01,2.035581e+01,2.039778e+01,2.043274e+01,2.061434e+01,2.046769e+01,2.039778e+01,2.048865e+01,2.057246e+01,2.050262e+01,2.049564e+01,2.065621e+01,2.048166e+01,2.049564e+01,2.060039e+01,2.049564e+01,2.048166e+01,2.050961e+01,2.057246e+01,2.046769e+01,2.054453e+01,2.051660e+01,2.051660e+01,2.057944e+01,2.029282e+01,2.051660e+01,2.057944e+01,2.063528e+01,2.055152e+01,2.060736e+01,2.058643e+01,2.066318e+01,2.055850e+01,2.050961e+01,2.062132e+01,2.053057e+01,2.057246e+01
2.048166e+01,2.051660e+01,2.060736e+01,2.064225e+01,2.056548e+01,2.052358e+01,2.039778e+01,2.058643e+01,2.063528e+01,2.055152e+01,2.061434e+01,2.052358e+01,2.046070e+01,2.076775e+01,2.076775e+01,2.077472e+01,2.103219e+01,2.144832e+01,2.151059e+01,2.148984e+01,2.153826e+01,2.151059e+01,2.153826e+01,2.164193e+01,2.151751e+01,2.158665e+01,2.137908e+01,2.153134e+01,2.148984e+01,2.167647e+01,2.153826e+01,2.142063e+01,2.156592e+01,2.155900e+01,2.133752e+01,2.153826e+01,2.141371e+01,2.129594e+01,2.150368e+01,2.144140e+01,2.153826e+01,2.166956e+01,2.163503e+01,2.166956e+01,2.162812e+01,2.142063e+01,2.151751e+01,2.155900e+01,2.168337e+01,2.170409e+01,2.151751e+01,2.136523e+01,2.120579e+01,2.119191e+01,2.142756e+01,2.144832e+01,2.147600e+01,2.157283e+01,2.173170e+01,2.173860e+01,2.172480e+01,2.165575e+01,2.155209e+01,2.146216e+01,2.143448e+01,2.152443e+01,2.138601e+01,2.131673e+01,2.128901e+01,2.121272e+01,2.150368e+01,2.135830e+01,2.142756e+01,2.144832e+01,2.152443e+01,2.147600e+01,2.122660e+01,2.116415e+01,2.123353e+01,2.098353e+01,2.128901e+01,2.128901e+01,2.139986e+01,2.117109e+01,2.122660e+01,2.144832e+01,2.153826e+01,2.157974e+01,2.146908e+01,2.169028e+01,2.146908e+01,2.144832e+01,2.124740e+01,2.126127e+01,2.127514e+01,2.133059e+01,2.130980e+01,2.127514e+01,2.146216e+01,2.153134e+01,2.176620e+01,2.174550e+01,2.212436e+01,2.222744e+01,2.260452e+01,2.296658e+01,2.237158e+01,2.169028e+01,2.151751e+01,2.153826e+01,2.152443e+01,2.146908e+01,2.120579e+01,2.089310e+01,2.094180e+01,2.056548e+01,2.059340e+01,2.039078e+01,2.039078e+01,2.070502e+01,2.043274e+01,2.038379e+01,2.045371e+01,2.046769e+01,2.032782e+01,2.046769e+01,2.046769e+01,2.046070e+01,2.047468e+01,2.046769e+01,2.048166e+01,2.045371e+01,2.050262e+01,2.043973e+01,2.041176e+01,2.041176e+01,2.046769e+01,2.043973e+01,2.047468e+01,2.048166e+01,2.044672e+01,2.045371e+01,2.046070e+01,2.045371e+01,2.044672e+01,2.041875e+01,2.047468e+01,2.042575e+01,2.046769e+01,2.041176e+01,2.041875e+01,2.039778e+01,2.036280e+01,2.042575e+01,2.047468e+01,2.039778e+01,2.037679e+01,2.051660e+01,2.047468e+01,2.046769e+01,2.055850e+01,2.041176e+01,2.046769e+01,2.032782e+01,2.048865e+01,2.042575e+01,2.046769e+01,2.039778e+01,2.041875e+01,2.045371e+01,2.046769e+01,2.034181e+01,2.048166e+01,2.040477e+01,2.036980e+01,2.040477e+01,2.046769e+01,2.040477e+01,2.043274e+01,2.048166e+01,2.036280e+01,2.036980e+01,2.042575e+01,2.038379e+01,2.048865e+01,2.046070e+01,2.045371e+01,2.039778e+01,2.041176e+01,2.047468e+01,2.032782e+01,2.046070e+01,2.046769e+01,2.041176e+01,2.034181e+01,2.045371e+01,2.047468e+01,2.034181e+01,2.046070e+01,2.037679e+01,2.040477e+01,2.037679e+01,2.039778e+01,2.044672e+01,2.039078e+01,2.054453e+01,2.035581e+01,2.038379e+01,2.037679e+01,2.042575e+01,2.041176e+01,2.043274e+01,2.041176e+01,2.041176e+01,2.033481e+01,2.029982e+01,2.030682e+01,2.043274e+01,2.041875e+01,2.039078e+01,2.046070e+01,2.047468e+01,2.060736e+01,2.058643e+01,2.059340e+01,2.062132e+01,2.054453e+01,2.053057e+01,2.053057e+01,2.061434e+01,2.064225e+01,2.061434e+01,2.060039e+01,2.054453e+01,2.063528e+01,2.061434e+01,2.066318e+01,2.064923e+01,2.053755e+01,2.057944e+01,2.056548e+01,2.055850e+01,2.058643e+01,2.053057e+01,2.050961e+01,2.039778e+01,2.053755e+01,2.041875e+01,2.041875e+01,2.039778e+01,2.039078e+01,2.042575e+01,2.043274e+01,2.047468e+01,2.059340e+01,2.046070e+01,2.055850e+01,2.053755e+01,2.059340e+01,2.050961e+01,2.066318e+01,2.063528e+01,2.064923e+01,2.055152e+01,2.062830e+01,2.067016e+01,2.064225e+01,2.067713e+01,2.064225e+01,2.059340e+01,2.061434e+01,2.067016e+01,2.059340e+01,2.067016e+01,2.061434e+01,2.053755e+01,2.055850e+01,2.050961e+01,2.053057e+01,2.052358e+01,2.053755e+01,2.046070e+01,2.053755e+01,2.045371e+01,2.041875e+01,2.041875e+01,2.041875e+01,2.041875e+01,2.043973e+01,2.036280e+01,2.037679e+01,2.038379e+01,2.034881e+01,2.035581e+01,2.040477e+01,2.041875e+01,2.041176e+01,2.044672e+01,2.035581e+01,2.032782e+01,2.032082e+01,2.034181e+01,2.035581e+01,2.039778e+01,2.033481e+01,2.050961e+01,2.035581e+01,2.031382e+01,2.034881e+01,2.036980e+01,2.042575e+01,2.047468e+01,2.042575e+01,2.046070e+01,2.056548e+01,2.045371e+01,2.050262e+01,2.052358e+01,2.040477e+01,2.050961e+01,2.057246e+01,2.059340e+01,2.043274e+01,2.051660e+01,2.060736e+01,2.054453e+01,2.065621e+01,2.062132e+01,2.064225e+01,2.066318e+01,2.064225e+01,2.062132e+01,2.064225e+01,2.061434e+01,2.064225e+01,2.060736e+01,2.055850e+01,2.054453e+01,2.051660e+01,2.057944e+01,2.063528e+01,2.069108e+01,2.069805e+01,2.063528e+01,2.070502e+01,2.070502e+01,2.072594e+01,2.063528e+01,2.069108e+01,2.072594e+01,2.073291e+01,2.060736e+01,2.066318e+01,2.073291e+01,2.072594e+01,2.070502e+01,2.074685e+01,2.064923e+01,2.080259e+01,2.059340e+01,2.063528e+01,2.070502e+01,2.073291e+01,2.063528e+01,2.056548e+01,2.061434e+01,2.060736e+01,2.068410e+01,2.065621e+01,2.066318e+01,2.055850e+01,2.061434e+01,2.064923e+01,2.063528e+01,2.063528e+01,2.069108e+01,2.067713e+01,2.069805e+01,2.071897e+01,2.071200e+01,2.071200e+01,2.076775e+01,2.080955e+01,2.069108e+01,2.080259e+01,2.064923e+01,2.065621e+01,2.057944e+01,2.048166e+01,2.041875e+01,2.055152e+01,2.051660e+01,2.049564e+01,2.057246e+01,2.050262e+01,2.046070e+01,2.045371e+01,2.048865e+01,2.046070e+01,2.050961e+01,2.054453e+01,2.045371e+01,2.049564e+01,2.046769e+01,2.050262e+01,2.051660e+01,2.050262e+01,2.049564e+01,2.048166e+01,2.054453e+01,2.046070e+01,2.056548e+01,2.050262e+01,2.048166e+01,2.055850e+01,2.054453e+01,2.056548e+01,2.055850e+01,2.053755e+01,2.058643e+01,2.058643e+01,2.046769e+01,2.057246e+01,2.055152e+01,2.060736e+01,2.055850e+01,2.061434e+01,2.050262e+01,2.049564e+01,2.053057e+01,2.058643e+01,2.055850e+01,2.054453e+01,2.053057e+01,2.048865e+01,2.051660e+01,2.046769e+01,2.052358e+01,2.060736e+01,2.064923e+01,2.053057e+01,2.051660e+01,2.050961e+01,2.060039e+01,2.046769e+01,2.046769e+01,2.048166e+01,2.059340e+01,2.076079e+01,2.060039e+01,2.060039e+01,2.048166e+01,2.057944e+01,2.041875e+01,2.049564e+01,2.058643e+01,2.055152e+01,2.057944e+01,2.055152e+01,2.046070e+01,2.055850e+01,2.060039e+01,2.057246e+01,2.055850e+01,2.055152e+01,2.053755e+01,2.053057e+01,2.057246e+01,2.055850e+01,2.051660e+01,2.039778e+01,2.057246e+01,2.060039e+01,2.061434e+01,2.053057e+01,2.057246e+01,2.057246e+01,2.058643e+01,2.054453e+01,2.053755e+01,2.053057e+01,2.056548e+01,2.052358e+01,2.051660e+01,2.056548e+01,2.051660e+01,2.061434e+01,2.057944e+01,2.055850e+01,2.060736e+01,2.051660e+01,2.061434e+01,2.059340e+01,2.055850e+01,2.066318e+01,2.055152e+01,2.050262e+01,2.051660e+01,2.050262e+01,2.060039e+01,2.050961e+01,2.053057e+01,2.050961e+01,2.041176e+01,2.059340e+01,2.060736e+01,2.061434e+01,2.064225e+01,2.054453e+01,2.056548e+01,2.047468e+01,2.055152e+01,2.053755e+01,2.054453e+01,2.055152e+01,2.040477e+01,2.052358e+01,2.053057e+01,2.050961e+01,2.053057e+01,2.049564e+01,2.048166e+01,2.048865e+01,2.045371e+01,2.043274e+01,2.041875e+01,2.048166e+01,2.051660e+01,2.047468e+01,2.051660e+01,2.042575e+01,2.042575e+01,2.050262e+01,2.049564e+01,2.042575e+01,2.043274e+01,2.041176e+01,2.047468e+01,2.050262e+01,2.048865e+01,2.046070e+01,2.041875e+01,2.043973e+01,2.043973e+01,2.039078e+01,2.043274e+01,2.043274e+01,2.046769e+01,2.042575e+01,2.043274e+01,2.041875e+01,2.036980e+01,2.036980e+01,2.050961e+01,2.043274e+01,2.056548e+01,2.043274e+01,2.043274e+01,2.045371e+01,2.049564e+01,2.053755e+01,2.039078e+01,2.052358e+01,2.046070e+01,2.042575e+01,2.041875e+01,2.038379e+01,2.041176e+01,2.047468e+01,2.039778e+01,2.042575e+01,2.041176e+01,2.044672e+01,2.043274e+01,2.043973e+01,2.049564e+01,2.046769e+01,2.041875e+01,2.052358e+01,2.046769e+01,2.053755e+01,2.039078e+01,2.053057e+01,2.051660e+01,2.043973e+01,2.049564e+01,2.046769e+01,2.053057e+01,2.051660e+01,2.055152e+01,2.048166e+01,2.042575e+01,2.050262e+01,2.048166e+01,2.035581e+01,2.041875e+01,2.050262e+01,2.046070e+01,2.053057e+01,2.051660e+01,2.048865e+01,2.044672e+01,2.049564e+01,2.047468e+01,2.050262e+01,2.053755e+01,2.049564e+01,2.060736e+01,2.055152e+01,2.055152e+01,2.040477e+01,2.057246e+01,2.041176e+01,2.061434e+01,2.048865e+01,2.051660e+01,2.050961e+01,2.050961e+01,2.053057e+01,2.053057e+01,2.049564e+01,2.050961e+01,2.057944e+01,2.046769e+01,2.050961e+01,2.051660e+01,2.062132e+01,2.056548e+01,2.052358e+01,2.055850e+01,2.062132e+01,2.053755e+01,2.055850e+01,2.055152e+01,2.057944e+01,2.055152e+01,2.058643e+01,2.063528e+01,2.073988e+01,2.056548e+01
2.050961e+01,2.052358e+01,2.055850e+01,2.057246e+01,2.064923e+01,2.039078e+01,2.049564e+01,2.050961e+01,2.046769e+01,2.067713e+01,2.066318e+01,2.060736e+01,2.054453e+01,2.064923e+01,2.082348e+01,2.104609e+01,2.121966e+01,2.137216e+01,2.155209e+01,2.151751e+01,2.137216e+01,2.153826e+01,2.153134e+01,2.162121e+01,2.158665e+01,2.152443e+01,2.157283e+01,2.139986e+01,2.146216e+01,2.147600e+01,2.136523e+01,2.151059e+01,2.128207e+01,2.155209e+01,2.141371e+01,2.154517e+01,2.148292e+01,2.142063e+01,2.129594e+01,2.144140e+01,2.142063e+01,2.153134e+01,2.160739e+01,2.166956e+01,2.167647e+01,2.137908e+01,2.153826e+01,2.150368e+01,2.166265e+01,2.169718e+01,2.156592e+01,2.148292e+01,2.137216e+01,2.146216e+01,2.133059e+01,2.145524e+01,2.134445e+01,2.141371e+01,2.145524e+01,2.171099e+01,2.159356e+01,2.173860e+01,2.170409e+01,2.140678e+01,2.128901e+01,2.145524e+01,2.141371e+01,2.132366e+01,2.118497e+01,2.119191e+01,2.136523e+01,2.126821e+01,2.135830e+01,2.158665e+01,2.144832e+01,2.145524e+01,2.128207e+01,2.119191e+01,2.135138e+01,2.126127e+01,2.137216e+01,2.166265e+01,2.166956e+01,2.163503e+01,2.141371e+01,2.138601e+01,2.139293e+01,2.146216e+01,2.146216e+01,2.162812e+01,2.146216e+01,2.144140e+01,2.124740e+01,2.142756e+01,2.128901e+01,2.137216e+01,2.146216e+01,2.148292e+01,2.145524e+01,2.137908e+01,2.162812e+01,2.183518e+01,2.207622e+01,2.223431e+01,2.255661e+01,2.298704e+01,2.282328e+01,2.213811e+01,2.155900e+01,2.169028e+01,2.185586e+01,2.178000e+01,2.148984e+01,2.110166e+01,2.091398e+01,2.072594e+01,2.057246e+01,2.063528e+01,2.053057e+01,2.039778e+01,2.066318e+01,2.043973e+01,2.036280e+01,2.043274e+01,2.047468e+01,2.039778e+01,2.047468e+01,2.048166e+01,2.049564e+01,2.050961e+01,2.043274e+01,2.048166e+01,2.042575e+01,2.045371e+01,2.043274e+01,2.044672e+01,2.045371e+01,2.041176e+01,2.038379e+01,2.042575e+01,2.041176e+01,2.040477e+01,2.046070e+01,2.039778e+01,2.045371e+01,2.042575e+01,2.046070e+01,2.039778e+01,2.041875e+01,2.042575e+01,2.043973e+01,2.046070e+01,2.046769e+01,2.055152e+01,2.052358e+01,2.036980e+01,2.041176e+01,2.039078e+01,2.042575e+01,2.045371e+01,2.042575e+01,2.042575e+01,2.047468e+01,2.050262e+01,2.036280e+01,2.053057e+01,2.047468e+01,2.040477e+01,2.043274e+01,2.046070e+01,2.048865e+01,2.035581e+01,2.046070e+01,2.031382e+01,2.045371e+01,2.042575e+01,2.048166e+01,2.039778e+01,2.036980e+01,2.039778e+01,2.039078e+01,2.049564e+01,2.044672e+01,2.042575e+01,2.048166e+01,2.039078e+01,2.046769e+01,2.048865e+01,2.043274e+01,2.050961e+01,2.044672e+01,2.045371e+01,2.045371e+01,2.043973e+01,2.044672e+01,2.044672e+01,2.043973e+01,2.037679e+01,2.048166e+01,2.043973e+01,2.043973e+01,2.036280e+01,2.040477e+01,2.041176e+01,2.043274e+01,2.046070e+01,2.046769e+01,2.051660e+01,2.041176e+01,2.053057e+01,2.042575e+01,2.038379e+01,2.039078e+01,2.042575e+01,2.036980e+01,2.037679e+01,2.029982e+01,2.040477e+01,2.043274e+01,2.035581e+01,2.037679e+01,2.056548e+01,2.054453e+01,2.057944e+01,2.061434e+01,2.058643e+01,2.060736e+01,2.053057e+01,2.050262e+01,2.064225e+01,2.064225e+01,2.062132e+01,2.065621e+01,2.061434e+01,2.063528e+01,2.055152e+01,2.062830e+01,2.055152e+01,2.059340e+01,2.059340e+01,2.053755e+01,2.051660e+01,2.050262e+01,2.048865e+01,2.047468e+01,2.042575e+01,2.048166e+01,2.041176e+01,2.052358e+01,2.041176e+01,2.051660e+01,2.043274e+01,2.049564e+01,2.055152e+01,2.056548e+01,2.057246e+01,2.058643e+01,2.057246e+01,2.058643e+01,2.057944e+01,2.054453e+01,2.066318e+01,2.067016e+01,2.065621e+01,2.063528e+01,2.064225e+01,2.057944e+01,2.067016e+01,2.059340e+01,2.058643e+01,2.067016e+01,2.062830e+01,2.050961e+01,2.065621e+01,2.054453e+01,2.052358e+01,2.054453e+01,2.055850e+01,2.049564e+01,2.050961e+01,2.055152e+01,2.051660e+01,2.046769e+01,2.052358e+01,2.043274e+01,2.043274e+01,2.039078e+01,2.048166e+01,2.034181e+01,2.034181e+01,2.043973e+01,2.036280e+01,2.043274e+01,2.039078e+01,2.039778e+01,2.046070e+01,2.046769e+01,2.039078e+01,2.049564e+01,2.034181e+01,2.039078e+01,2.034181e+01,2.035581e+01,2.034181e+01,2.039078e+01,2.051660e+01,2.036980e+01,2.046769e+01,2.041176e+01,2.022979e+01,2.041176e+01,2.042575e+01,2.039778e+01,2.038379e+01,2.029982e+01,2.047468e+01,2.041875e+01,2.042575e+01,2.044672e+01,2.046070e+01,2.057944e+01,2.044672e+01,2.057246e+01,2.062132e+01,2.061434e+01,2.064225e+01,2.079562e+01,2.077472e+01,2.059340e+01,2.063528e+01,2.064225e+01,2.067016e+01,2.063528e+01,2.061434e+01,2.064225e+01,2.060736e+01,2.060039e+01,2.061434e+01,2.055152e+01,2.065621e+01,2.064225e+01,2.068410e+01,2.079562e+01,2.071897e+01,2.062132e+01,2.070502e+01,2.071897e+01,2.069108e+01,2.069108e+01,2.072594e+01,2.065621e+01,2.060039e+01,2.064225e+01,2.058643e+01,2.069108e+01,2.070502e+01,2.068410e+01,2.064225e+01,2.070502e+01,2.071200e+01,2.069108e+01,2.065621e+01,2.078169e+01,2.061434e+01,2.065621e+01,2.062132e+01,2.061434e+01,2.067713e+01,2.073988e+01,2.065621e+01,2.062830e+01,2.062132e+01,2.064923e+01,2.069108e+01,2.060736e+01,2.057944e+01,2.062132e+01,2.059340e+01,2.065621e+01,2.071897e+01,2.071897e+01,2.073291e+01,2.070502e+01,2.081652e+01,2.075382e+01,2.078866e+01,2.064225e+01,2.067713e+01,2.062830e+01,2.057246e+01,2.052358e+01,2.062132e+01,2.057944e+01,2.050262e+01,2.036280e+01,2.041176e+01,2.044672e+01,2.050961e+01,2.048865e+01,2.049564e+01,2.054453e+01,2.047468e+01,2.046769e+01,2.048166e+01,2.042575e+01,2.046070e+01,2.045371e+01,2.050262e+01,2.058643e+01,2.051660e+01,2.050961e+01,2.055152e+01,2.060736e+01,2.050262e+01,2.057246e+01,2.057246e+01,2.064225e+01,2.053057e+01,2.045371e+01,2.055152e+01,2.055152e+01,2.053755e+01,2.051660e+01,2.055850e+01,2.055152e+01,2.043973e+01,2.052358e+01,2.050262e+01,2.040477e+01,2.057944e+01,2.055850e+01,2.050262e+01,2.053057e+01,2.051660e+01,2.050262e+01,2.060736e+01,2.053755e+01,2.055152e+01,2.047468e+01,2.057944e+01,2.052358e+01,2.060039e+01,2.054453e+01,2.055152e+01,2.059340e+01,2.055152e+01,2.057246e+01,2.051660e+01,2.065621e+01,2.060736e+01,2.045371e+01,2.062132e+01,2.057246e+01,2.057246e+01,2.059340e+01,2.054453e+01,2.050961e+01,2.055850e+01,2.060039e+01,2.053057e+01,2.049564e+01,2.054453e+01,2.055152e+01,2.053755e+01,2.057944e+01,2.054453e+01,2.055152e+01,2.056548e+01,2.051660e+01,2.058643e+01,2.063528e+01,2.053755e+01,2.060736e+01,2.064225e+01,2.059340e+01,2.058643e+01,2.057944e+01,2.051660e+01,2.054453e+01,2.053057e+01,2.049564e+01,2.049564e+01,2.050262e+01,2.058643e+01,2.055152e+01,2.055850e+01,2.055152e+01,2.054453e+01,2.059340e+01,2.054453e+01,2.047468e+01,2.053057e+01,2.053057e+01,2.048166e+01,2.055152e+01,2.058643e+01,2.052358e+01,2.053755e+01,2.053057e+01,2.055152e+01,2.048865e+01,2.051660e+01,2.051660e+01,2.057246e+01,2.054453e+01,2.054453e+01,2.048865e+01,2.048865e+01,2.057246e+01,2.067713e+01,2.067713e+01,2.056548e+01,2.063528e+01,2.053057e+01,2.056548e+01,2.053755e+01,2.067713e+01,2.047468e+01,2.047468e+01,2.051660e+01,2.050262e+01,2.041875e+01,2.049564e+01,2.055152e+01,2.046769e+01,2.047468e+01,2.043274e+01,2.053057e+01,2.053057e+01,2.044672e+01,2.053057e+01,2.050262e+01,2.043973e+01,2.035581e+01,2.040477e+01,2.049564e+01,2.045371e+01,2.048865e+01,2.050961e+01,2.047468e+01,2.044672e+01,2.047468e+01,2.046070e+01,2.043973e+01,2.045371e+01,2.042575e+01,2.043274e+01,2.046070e+01,2.042575e+01,2.041176e+01,2.059340e+01,2.047468e+01,2.041875e+01,2.041176e+01,2.045371e+01,2.050262e+01,2.035581e+01,2.036980e+01,2.038379e+01,2.043973e+01,2.051660e+01,2.048865e+01,2.037679e+01,2.055850e+01,2.043973e+01,2.044672e+01,2.041176e+01,2.039078e+01,2.041875e+01,2.043973e+01,2.041176e+01,2.041875e+01,2.050262e+01,2.041875e+01,2.043973e+01,2.072594e+01,2.054453e+01,2.042575e+01,2.050262e+01,2.046070e+01,2.051660e+01,2.042575e+01,2.051660e+01,2.051660e+01,2.050961e+01,2.050961e+01,2.050262e+01,2.062830e+01,2.046070e+01,2.035581e+01,2.031382e+01,2.062132e+01,2.034881e+01,2.039778e+01,2.032782e+01,2.051660e+01,2.039778e+01,2.057944e+01,2.059340e+01,2.053755e+01,2.045371e+01,2.057944e+01,2.051660e+01,2.041176e+01,2.059340e+01,2.043274e+01,2.046070e+01,2.041176e+01,2.055850e+01,2.044672e+01,2.041176e+01,2.049564e+01,2.043274e+01,2.046769e+01,2.055152e+01,2.053755e+01,2.060039e+01,2.050262e+01,2.046769e+01,2.050262e+01,2.055850e+01,2.057246e+01,2.050961e+01,2.062830e+01,2.064923e+01,2.064225e+01,2.066318e+01,2.063528e+01,2.050961e+01,2.059340e+01,2.058643e+01,2.057944e+01,2.062830e+01,2.063528e+01,2.068410e+01,2.062132e+01,2.073291e+01,2.056548e+01,2.072594e+01,2.073291e+01
2.057944e+01,2.062830e+01,2.049564e+01,2.050961e+01,2.050961e+01,2.064225e+01,2.041176e+01,2.048166e+01,2.037679e+01,2.053755e+01,2.067713e+01,2.064225e+01,2.046070e+01,2.068410e+01,2.086526e+01,2.081652e+01,2.135138e+01,2.155209e+01,2.155900e+01,2.158665e+01,2.122660e+01,2.152443e+01,2.144832e+01,2.161430e+01,2.150368e+01,2.180759e+01,2.155209e+01,2.147600e+01,2.130287e+01,2.151059e+01,2.149676e+01,2.142756e+01,2.135830e+01,2.154517e+01,2.155900e+01,2.162121e+01,2.155900e+01,2.149676e+01,2.144832e+01,2.124047e+01,2.120579e+01,2.124740e+01,2.164884e+01,2.162121e+01,2.174550e+01,2.149676e+01,2.133752e+01,2.126821e+01,2.152443e+01,2.156592e+01,2.156592e+01,2.155900e+01,2.149676e+01,2.139986e+01,2.137216e+01,2.143448e+01,2.137908e+01,2.143448e+01,2.137908e+01,2.141371e+01,2.148984e+01,2.144140e+01,2.148984e+01,2.137216e+01,2.141371e+01,2.130980e+01,2.126821e+01,2.124047e+01,2.121272e+01,2.152443e+01,2.119885e+01,2.117109e+01,2.108083e+01,2.110861e+01,2.119191e+01,2.122660e+01,2.134445e+01,2.107388e+01,2.124740e+01,2.119885e+01,2.128901e+01,2.168337e+01,2.170409e+01,2.157974e+01,2.165575e+01,2.155900e+01,2.145524e+01,2.142063e+01,2.143448e+01,2.145524e+01,2.123353e+01,2.123353e+01,2.122660e+01,2.123353e+01,2.154517e+01,2.175240e+01,2.180759e+01,2.164193e+01,2.171099e+01,2.173170e+01,2.184897e+01,2.188343e+01,2.173860e+01,2.197987e+01,2.242644e+01,2.287107e+01,2.272763e+01,2.234414e+01,2.181449e+01,2.184207e+01,2.190411e+01,2.191788e+01,2.176620e+01,2.133752e+01,2.096267e+01,2.067016e+01,2.068410e+01,2.048166e+01,2.040477e+01,2.053057e+01,2.048865e+01,2.043973e+01,2.050262e+01,2.046769e+01,2.049564e+01,2.044672e+01,2.045371e+01,2.046769e+01,2.048166e+01,2.046769e+01,2.051660e+01,2.049564e+01,2.042575e+01,2.043274e+01,2.042575e+01,2.045371e+01,2.041176e+01,2.046070e+01,2.049564e+01,2.036980e+01,2.049564e+01,2.043973e+01,2.039078e+01,2.046769e+01,2.041176e+01,2.053057e+01,2.043274e+01,2.048865e+01,2.040477e+01,2.043973e+01,2.047468e+01,2.045371e+01,2.041176e+01,2.036280e+01,2.048865e+01,2.048166e+01,2.051660e+01,2.039778e+01,2.041875e+01,2.037679e+01,2.043973e+01,2.044672e+01,2.055850e+01,2.046769e+01,2.052358e+01,2.047468e+01,2.052358e+01,2.048166e+01,2.041176e+01,2.045371e+01,2.048865e+01,2.028582e+01,2.048166e+01,2.045371e+01,2.041176e+01,2.028582e+01,2.043973e+01,2.041176e+01,2.040477e+01,2.051660e+01,2.040477e+01,2.052358e+01,2.041176e+01,2.041875e+01,2.035581e+01,2.049564e+01,2.037679e+01,2.046070e+01,2.043274e+01,2.039778e+01,2.041176e+01,2.041176e+01,2.046769e+01,2.047468e+01,2.034181e+01,2.034881e+01,2.033481e+01,2.047468e+01,2.046070e+01,2.046070e+01,2.042575e+01,2.038379e+01,2.043274e+01,2.038379e+01,2.050961e+01,2.039778e+01,2.037679e+01,2.036980e+01,2.046769e+01,2.043973e+01,2.041875e+01,2.039078e+01,2.048865e+01,2.038379e+01,2.046769e+01,2.033481e+01,2.040477e+01,2.041875e+01,2.046769e+01,2.036980e+01,2.039078e+01,2.041875e+01,2.050961e+01,2.057246e+01,2.054453e+01,2.053057e+01,2.058643e+01,2.045371e+01,2.055850e+01,2.064923e+01,2.058643e+01,2.059340e+01,2.053057e+01,2.060736e+01,2.060736e+01,2.055850e+01,2.058643e+01,2.058643e+01,2.056548e+01,2.064225e+01,2.057246e+01,2.047468e+01,2.049564e+01,2.055850e+01,2.047468e+01,2.052358e+01,2.055152e+01,2.043274e+01,2.046070e+01,2.042575e+01,2.050262e+01,2.050961e+01,2.050262e+01,2.049564e+01,2.058643e+01,2.055850e+01,2.054453e+01,2.060039e+01,2.050961e+01,2.055850e+01,2.064923e+01,2.066318e+01,2.060039e+01,2.065621e+01,2.064225e+01,2.063528e+01,2.053755e+01,2.064225e+01,2.066318e+01,2.055850e+01,2.069805e+01,2.063528e+01,2.054453e+01,2.056548e+01,2.052358e+01,2.049564e+01,2.054453e+01,2.053755e+01,2.050262e+01,2.046070e+01,2.054453e+01,2.049564e+01,2.041176e+01,2.041176e+01,2.039778e+01,2.042575e+01,2.038379e+01,2.037679e+01,2.038379e+01,2.031382e+01,2.029282e+01,2.039078e+01,2.031382e+01,2.030682e+01,2.045371e+01,2.042575e+01,2.043973e+01,2.048865e+01,2.035581e+01,2.050262e+01,2.033481e+01,2.036280e+01,2.037679e+01,2.034881e+01,2.037679e+01,2.036280e+01,2.034181e+01,2.040477e+01,2.029282e+01,2.043274e+01,2.018775e+01,2.036980e+01,2.042575e+01,2.046769e+01,2.039078e+01,2.048166e+01,2.046769e+01,2.047468e+01,2.051660e+01,2.050961e+01,2.053755e+01,2.064225e+01,2.050262e+01,2.060736e+01,2.057246e+01,2.061434e+01,2.060736e+01,2.051660e+01,2.064225e+01,2.064225e+01,2.065621e+01,2.062830e+01,2.063528e+01,2.062132e+01,2.062132e+01,2.055152e+01,2.062132e+01,2.064225e+01,2.055850e+01,2.066318e+01,2.067016e+01,2.064923e+01,2.072594e+01,2.073988e+01,2.074685e+01,2.074685e+01,2.062132e+01,2.055850e+01,2.065621e+01,2.066318e+01,2.068410e+01,2.059340e+01,2.071200e+01,2.057944e+01,2.059340e+01,2.068410e+01,2.064923e+01,2.069805e+01,2.071897e+01,2.064225e+01,2.074685e+01,2.068410e+01,2.073291e+01,2.064225e+01,2.064225e+01,2.063528e+01,2.067016e+01,2.067016e+01,2.059340e+01,2.069805e+01,2.060736e+01,2.061434e+01,2.061434e+01,2.067016e+01,2.073291e+01,2.071897e+01,2.064225e+01,2.061434e+01,2.069108e+01,2.070502e+01,2.074685e+01,2.076079e+01,2.070502e+01,2.069805e+01,2.069805e+01,2.066318e+01,2.071200e+01,2.071200e+01,2.053057e+01,2.048166e+01,2.048166e+01,2.050262e+01,2.044672e+01,2.036280e+01,2.049564e+01,2.050961e+01,2.053755e+01,2.051660e+01,2.050262e+01,2.047468e+01,2.052358e+01,2.046769e+01,2.048865e+01,2.050262e+01,2.048865e+01,2.047468e+01,2.051660e+01,2.046070e+01,2.052358e+01,2.050961e+01,2.048865e+01,2.051660e+01,2.053755e+01,2.055850e+01,2.060736e+01,2.057246e+01,2.055850e+01,2.051660e+01,2.052358e+01,2.053057e+01,2.051660e+01,2.055152e+01,2.055850e+01,2.057944e+01,2.050262e+01,2.062830e+01,2.053755e+01,2.054453e+01,2.057944e+01,2.048865e+01,2.053057e+01,2.052358e+01,2.051660e+01,2.049564e+01,2.052358e+01,2.053755e+01,2.057246e+01,2.052358e+01,2.053755e+01,2.056548e+01,2.050961e+01,2.053057e+01,2.060039e+01,2.055850e+01,2.051660e+01,2.054453e+01,2.051660e+01,2.056548e+01,2.054453e+01,2.057246e+01,2.057944e+01,2.060736e+01,2.052358e+01,2.055850e+01,2.053755e+01,2.050961e+01,2.058643e+01,2.058643e+01,2.057246e+01,2.055152e+01,2.059340e+01,2.053057e+01,2.060736e+01,2.055152e+01,2.048166e+01,2.048166e+01,2.055850e+01,2.049564e+01,2.053755e+01,2.060039e+01,2.055152e+01,2.055152e+01,2.056548e+01,2.050961e+01,2.060736e+01,2.067713e+01,2.056548e+01,2.052358e+01,2.055152e+01,2.053057e+01,2.046769e+01,2.063528e+01,2.067016e+01,2.055152e+01,2.054453e+01,2.043973e+01,2.045371e+01,2.058643e+01,2.046769e+01,2.049564e+01,2.047468e+01,2.049564e+01,2.057944e+01,2.051660e+01,2.060736e+01,2.057246e+01,2.055152e+01,2.047468e+01,2.053755e+01,2.060039e+01,2.052358e+01,2.058643e+01,2.055152e+01,2.052358e+01,2.053057e+01,2.061434e+01,2.049564e+01,2.051660e+01,2.047468e+01,2.050961e+01,2.067713e+01,2.055152e+01,2.055152e+01,2.050262e+01,2.053057e+01,2.050262e+01,2.044672e+01,2.047468e+01,2.046070e+01,2.046070e+01,2.037679e+01,2.036980e+01,2.055850e+01,2.041875e+01,2.051660e+01,2.057246e+01,2.048865e+01,2.044672e+01,2.041875e+01,2.053057e+01,2.045371e+01,2.052358e+01,2.048166e+01,2.047468e+01,2.039078e+01,2.040477e+01,2.048865e+01,2.041176e+01,2.041176e+01,2.044672e+01,2.041875e+01,2.045371e+01,2.045371e+01,2.045371e+01,2.045371e+01,2.034881e+01,2.046769e+01,2.045371e+01,2.043973e+01,2.038379e+01,2.046769e+01,2.043973e+01,2.054453e+01,2.043973e+01,2.051660e+01,2.050961e+01,2.042575e+01,2.049564e+01,2.047468e+01,2.047468e+01,2.045371e+01,2.039778e+01,2.044672e+01,2.041875e+01,2.043274e+01,2.043973e+01,2.044672e+01,2.041176e+01,2.041176e+01,2.044672e+01,2.048865e+01,2.047468e+01,2.045371e+01,2.040477e+01,2.043274e+01,2.060039e+01,2.043274e+01,2.045371e+01,2.047468e+01,2.054453e+01,2.049564e+01,2.055152e+01,2.032082e+01,2.046070e+01,2.057944e+01,2.060736e+01,2.043274e+01,2.044672e+01,2.039778e+01,2.057944e+01,2.048166e+01,2.049564e+01,2.044672e+01,2.037679e+01,2.050961e+01,2.046769e+01,2.048166e+01,2.048865e+01,2.050262e+01,2.046070e+01,2.050262e+01,2.051660e+01,2.050961e+01,2.051660e+01,2.041176e+01,2.058643e+01,2.055850e+01,2.042575e+01,2.053755e+01,2.058643e+01,2.055850e+01,2.050961e+01,2.062830e+01,2.045371e+01,2.054453e+01,2.049564e+01,2.052358e+01,2.059340e+01,2.062132e+01,2.051660e+01,2.057246e+01,2.057246e+01,2.057944e+01,2.058643e+01,2.062132e+01,2.062132e+01,2.064923e+01,2.060039e+01,2.067016e+01,2.057944e+01,2.050961e+01,2.050262e+01,2.062830e+01,2.065621e+01,2.063528e+01,2.063528e+01,2.074685e+01,2.060736e+01,2.061434e+01,2.071897e+01
2.051660e+01,2.057944e+01,2.061434e+01,2.050262e+01,2.065621e+01,2.051660e+01,2.050262e+01,2.057246e+01,2.061434e+01,2.051660e+01,2.055152e+01,2.057246e+01,2.061434e+01,2.078866e+01,2.087918e+01,2.096962e+01,2.139293e+01,2.137216e+01,2.165575e+01,2.156592e+01,2.124047e+01,2.119885e+01,2.128207e+01,2.153134e+01,2.153134e+01,2.182828e+01,2.159356e+01,2.152443e+01,2.150368e+01,2.133059e+01,2.151059e+01,2.153134e+01,2.153826e+01,2.155900e+01,2.145524e+01,2.147600e+01,2.154517e+01,2.153826e+01,2.131673e+01,2.119885e+01,2.123353e+01,2.121966e+01,2.124047e+01,2.152443e+01,2.157974e+01,2.162812e+01,2.126127e+01,2.128901e+01,2.130287e+01,2.130287e+01,2.135830e+01,2.136523e+01,2.139293e+01,2.126127e+01,2.119885e+01,2.146908e+01,2.134445e+01,2.126821e+01,2.115721e+01,2.128207e+01,2.145524e+01,2.124047e+01,2.148984e+01,2.152443e+01,2.140678e+01,2.141371e+01,2.127514e+01,2.121966e+01,2.123353e+01,2.130287e+01,2.149676e+01,2.126127e+01,2.116415e+01,2.104609e+01,2.127514e+01,2.120579e+01,2.119885e+01,2.119191e+01,2.132366e+01,2.128901e+01,2.137216e+01,2.142063e+01,2.155900e+01,2.166265e+01,2.160739e+01,2.139986e+01,2.151059e+01,2.144140e+01,2.154517e+01,2.154517e+01,2.160739e+01,2.159356e+01,2.126821e+01,2.133059e+01,2.156592e+01,2.170409e+01,2.217935e+01,2.218622e+01,2.178000e+01,2.176620e+01,2.174550e+01,2.171790e+01,2.175240e+01,2.166265e+01,2.213124e+01,2.212436e+01,2.235100e+01,2.200053e+01,2.170409e+01,2.179380e+01,2.187654e+01,2.198676e+01,2.172480e+01,2.135138e+01,2.079562e+01,2.069805e+01,2.064923e+01,2.046769e+01,2.053755e+01,2.036980e+01,2.055152e+01,2.046070e+01,2.042575e+01,2.051660e+01,2.050961e+01,2.048865e+01,2.041176e+01,2.054453e+01,2.039778e+01,2.039078e+01,2.053755e+01,2.041176e+01,2.061434e+01,2.042575e+01,2.043973e+01,2.044672e+01,2.046070e+01,2.043274e+01,2.047468e+01,2.047468e+01,2.045371e+01,2.048166e+01,2.041176e+01,2.048865e+01,2.043274e+01,2.055152e+01,2.045371e+01,2.041875e+01,2.047468e+01,2.044672e+01,2.042575e+01,2.041875e+01,2.045371e+01,2.048166e+01,2.047468e+01,2.041875e+01,2.040477e+01,2.037679e+01,2.038379e+01,2.039778e+01,2.038379e+01,2.036980e+01,2.053057e+01,2.043274e+01,2.048166e+01,2.046070e+01,2.050961e+01,2.057246e+01,2.043973e+01,2.054453e+01,2.057944e+01,2.050961e+01,2.047468e+01,2.039078e+01,2.046070e+01,2.046070e+01,2.041176e+01,2.041176e+01,2.041875e+01,2.043973e+01,2.039078e+01,2.041875e+01,2.042575e+01,2.048166e+01,2.046769e+01,2.047468e+01,2.046769e+01,2.042575e+01,2.052358e+01,2.048865e+01,2.047468e+01,2.048865e+01,2.041875e+01,2.046070e+01,2.056548e+01,2.039778e+01,2.053755e+01,2.040477e+01,2.048865e+01,2.036280e+01,2.040477e+01,2.043274e+01,2.041176e+01,2.039778e+01,2.049564e+01,2.039778e+01,2.038379e+01,2.043274e+01,2.048865e+01,2.034181e+01,2.046070e+01,2.058643e+01,2.039078e+01,2.042575e+01,2.047468e+01,2.029282e+01,2.046769e+01,2.037679e+01,2.046769e+01,2.046070e+01,2.051660e+01,2.053057e+01,2.058643e+01,2.039778e+01,2.062132e+01,2.048166e+01,2.053057e+01,2.046769e+01,2.060039e+01,2.061434e+01,2.055850e+01,2.060736e+01,2.062830e+01,2.056548e+01,2.060039e+01,2.062830e+01,2.059340e+01,2.060736e+01,2.055152e+01,2.055850e+01,2.064225e+01,2.058643e+01,2.048865e+01,2.047468e+01,2.055850e+01,2.040477e+01,2.043973e+01,2.055850e+01,2.055152e+01,2.040477e+01,2.044672e+01,2.049564e+01,2.051660e+01,2.053057e+01,2.051660e+01,2.053755e+01,2.069108e+01,2.053755e+01,2.054453e+01,2.066318e+01,2.064225e+01,2.065621e+01,2.058643e+01,2.063528e+01,2.062830e+01,2.064923e+01,2.064225e+01,2.061434e+01,2.064225e+01,2.058643e+01,2.052358e+01,2.055152e+01,2.051660e+01,2.062132e+01,2.060039e+01,2.057246e+01,2.050262e+01,2.054453e+01,2.054453e+01,2.053755e+01,2.057944e+01,2.055850e+01,2.047468e+01,2.045371e+01,2.045371e+01,2.033481e+01,2.048166e+01,2.034181e+01,2.030682e+01,2.031382e+01,2.029282e+01,2.034881e+01,2.040477e+01,2.041875e+01,2.028582e+01,2.038379e+01,2.043973e+01,2.044672e+01,2.041176e+01,2.049564e+01,2.036280e+01,2.058643e+01,2.041875e+01,2.040477e+01,2.040477e+01,2.040477e+01,2.041875e+01,2.043973e+01,2.028582e+01,2.033481e+01,2.030682e+01,2.041875e+01,2.022979e+01,2.031382e+01,2.039078e+01,2.040477e+01,2.049564e+01,2.046070e+01,2.053057e+01,2.050961e+01,2.064225e+01,2.062830e+01,2.055850e+01,2.063528e+01,2.056548e+01,2.058643e+01,2.064225e+01,2.058643e+01,2.054453e+01,2.061434e+01,2.062132e+01,2.064923e+01,2.052358e+01,2.073291e+01,2.063528e+01,2.062132e+01,2.061434e+01,2.070502e+01,2.053057e+01,2.069805e+01,2.066318e+01,2.071897e+01,2.071200e+01,2.069805e+01,2.060039e+01,2.062830e+01,2.062132e+01,2.070502e+01,2.060039e+01,2.062132e+01,2.055850e+01,2.058643e+01,2.065621e+01,2.069108e+01,2.067713e+01,2.065621e+01,2.067713e+01,2.070502e+01,2.064923e+01,2.073291e+01,2.069108e+01,2.066318e+01,2.073988e+01,2.061434e+01,2.064225e+01,2.076775e+01,2.064225e+01,2.070502e+01,2.071200e+01,2.064923e+01,2.065621e+01,2.068410e+01,2.060736e+01,2.071200e+01,2.061434e+01,2.069805e+01,2.071897e+01,2.066318e+01,2.071200e+01,2.062830e+01,2.059340e+01,2.069108e+01,2.075382e+01,2.076775e+01,2.065621e+01,2.087222e+01,2.068410e+01,2.067016e+01,2.059340e+01,2.065621e+01,2.050262e+01,2.048865e+01,2.048166e+01,2.046769e+01,2.046769e+01,2.053057e+01,2.048166e+01,2.054453e+01,2.053057e+01,2.046769e+01,2.048166e+01,2.051660e+01,2.049564e+01,2.050262e+01,2.048166e+01,2.048166e+01,2.050262e+01,2.050262e+01,2.056548e+01,2.048865e+01,2.053755e+01,2.057246e+01,2.057246e+01,2.061434e+01,2.054453e+01,2.055152e+01,2.054453e+01,2.055850e+01,2.053057e+01,2.055152e+01,2.058643e+01,2.059340e+01,2.057246e+01,2.053057e+01,2.053755e+01,2.063528e+01,2.065621e+01,2.060736e+01,2.057944e+01,2.064923e+01,2.056548e+01,2.053755e+01,2.055152e+01,2.056548e+01,2.057944e+01,2.050961e+01,2.062132e+01,2.060736e+01,2.062830e+01,2.057246e+01,2.055850e+01,2.066318e+01,2.055850e+01,2.055850e+01,2.055850e+01,2.052358e+01,2.051660e+01,2.056548e+01,2.059340e+01,2.055152e+01,2.061434e+01,2.063528e+01,2.063528e+01,2.054453e+01,2.060736e+01,2.053057e+01,2.061434e+01,2.058643e+01,2.060039e+01,2.044672e+01,2.058643e+01,2.082348e+01,2.061434e+01,2.061434e+01,2.053057e+01,2.053755e+01,2.056548e+01,2.056548e+01,2.062830e+01,2.064225e+01,2.058643e+01,2.064923e+01,2.062830e+01,2.050961e+01,2.069805e+01,2.056548e+01,2.057246e+01,2.057944e+01,2.058643e+01,2.059340e+01,2.064225e+01,2.053755e+01,2.053057e+01,2.048865e+01,2.058643e+01,2.061434e+01,2.060736e+01,2.050961e+01,2.058643e+01,2.050961e+01,2.050961e+01,2.056548e+01,2.055850e+01,2.057246e+01,2.059340e+01,2.057246e+01,2.049564e+01,2.050262e+01,2.069108e+01,2.060736e+01,2.054453e+01,2.051660e+01,2.057246e+01,2.055850e+01,2.053057e+01,2.055152e+01,2.055850e+01,2.060039e+01,2.046070e+01,2.059340e+01,2.055850e+01,2.050961e+01,2.056548e+01,2.053057e+01,2.046070e+01,2.048166e+01,2.045371e+01,2.048865e+01,2.047468e+01,2.062132e+01,2.049564e+01,2.046769e+01,2.062132e+01,2.055152e+01,2.053755e+01,2.050961e+01,2.053755e+01,2.055152e+01,2.041875e+01,2.046070e+01,2.054453e+01,2.050961e+01,2.041176e+01,2.043973e+01,2.040477e+01,2.054453e+01,2.050262e+01,2.045371e+01,2.058643e+01,2.050961e+01,2.043274e+01,2.045371e+01,2.052358e+01,2.053755e+01,2.036280e+01,2.043973e+01,2.045371e+01,2.036980e+01,2.060736e+01,2.043274e+01,2.054453e+01,2.040477e+01,2.053057e+01,2.049564e+01,2.050262e+01,2.052358e+01,2.051660e+01,2.050961e+01,2.047468e+01,2.039078e+01,2.051660e+01,2.053755e+01,2.044672e+01,2.043274e+01,2.057944e+01,2.044672e+01,2.050262e+01,2.047468e+01,2.039078e+01,2.046070e+01,2.040477e+01,2.043274e+01,2.046769e+01,2.045371e+01,2.045371e+01,2.048865e+01,2.049564e+01,2.042575e+01,2.048166e+01,2.047468e+01,2.050961e+01,2.053057e+01,2.054453e+01,2.059340e+01,2.046769e+01,2.036980e+01,2.034881e+01,2.037679e+01,2.043274e+01,2.044672e+01,2.046769e+01,2.044672e+01,2.050262e+01,2.053057e+01,2.050961e+01,2.050961e+01,2.050961e+01,2.059340e+01,2.045371e+01,2.044672e+01,2.054453e+01,2.051660e+01,2.053755e+01,2.047468e+01,2.046769e+01,2.046769e+01,2.056548e+01,2.045371e+01,2.042575e+01,2.050262e+01,2.057246e+01,2.046769e+01,2.060039e+01,2.055152e+01,2.052358e+01,2.056548e+01,2.058643e+01,2.057944e+01,2.057944e+01,2.062132e+01,2.062830e+01,2.063528e+01,2.056548e+01,2.069805e+01,2.063528e+01,2.053755e+01,2.065621e+01,2.068410e+01,2.070502e+01,2.053057e+01,2.064923e+01,2.052358e+01,2.064923e+01,2.060039e+01,2.053057e+01,2.064923e+01,2.064923e+01,2.057944e+01,2.058643e+01,2.054453e+01
2.059340e+01,2.060039e+01,2.053755e+01,2.064923e+01,2.066318e+01,2.050961e+01,2.050961e+01,2.051660e+01,2.048865e+01,2.064225e+01,2.052358e+01,2.053057e+01,2.054453e+01,2.085134e+01,2.087222e+01,2.092093e+01,2.110861e+01,2.119885e+01,2.137908e+01,2.136523e+01,2.119885e+01,2.120579e+01,2.121966e+01,2.136523e+01,2.146216e+01,2.160739e+01,2.151751e+01,2.124047e+01,2.123353e+01,2.109472e+01,2.138601e+01,2.134445e+01,2.155900e+01,2.155900e+01,2.159356e+01,2.155209e+01,2.142756e+01,2.132366e+01,2.126127e+01,2.133059e+01,2.107388e+01,2.108083e+01,2.150368e+01,2.128901e+01,2.144140e+01,2.139986e+01,2.139986e+01,2.129594e+01,2.124740e+01,2.134445e+01,2.126127e+01,2.126127e+01,2.143448e+01,2.115721e+01,2.112944e+01,2.115027e+01,2.133752e+01,2.116415e+01,2.097658e+01,2.119191e+01,2.122660e+01,2.130980e+01,2.150368e+01,2.134445e+01,2.148292e+01,2.142756e+01,2.139293e+01,2.131673e+01,2.128207e+01,2.129594e+01,2.151751e+01,2.144140e+01,2.141371e+01,2.096962e+01,2.101829e+01,2.098353e+01,2.123353e+01,2.126127e+01,2.119885e+01,2.130980e+01,2.131673e+01,2.139293e+01,2.120579e+01,2.140678e+01,2.117803e+01,2.116415e+01,2.114333e+01,2.123353e+01,2.133752e+01,2.149676e+01,2.169718e+01,2.142063e+01,2.137216e+01,2.137216e+01,2.151751e+01,2.179380e+01,2.239216e+01,2.248812e+01,2.217248e+01,2.191100e+01,2.173860e+01,2.173860e+01,2.185586e+01,2.152443e+01,2.162121e+01,2.160739e+01,2.161430e+01,2.160739e+01,2.133752e+01,2.155209e+01,2.187654e+01,2.184207e+01,2.171099e+01,2.101829e+01,2.067713e+01,2.064923e+01,2.053755e+01,2.049564e+01,2.046769e+01,2.055152e+01,2.048166e+01,2.055152e+01,2.043973e+01,2.040477e+01,2.050961e+01,2.048166e+01,2.044672e+01,2.035581e+01,2.040477e+01,2.039778e+01,2.050262e+01,2.050961e+01,2.039778e+01,2.044672e+01,2.040477e+01,2.054453e+01,2.046070e+01,2.050961e+01,2.039078e+01,2.050961e+01,2.053057e+01,2.050262e+01,2.053755e+01,2.048166e+01,2.044672e+01,2.047468e+01,2.048865e+01,2.042575e+01,2.051660e+01,2.036280e+01,2.044672e+01,2.044672e+01,2.044672e+01,2.041176e+01,2.047468e+01,2.052358e+01,2.043973e+01,2.039078e+01,2.040477e+01,2.045371e+01,2.040477e+01,2.049564e+01,2.048865e+01,2.050262e+01,2.042575e+01,2.048166e+01,2.046070e+01,2.038379e+01,2.041875e+01,2.046769e+01,2.042575e+01,2.037679e+01,2.043973e+01,2.043274e+01,2.043274e+01,2.044672e+01,2.046769e+01,2.035581e+01,2.034881e+01,2.043973e+01,2.048166e+01,2.043274e+01,2.041875e+01,2.041176e+01,2.046070e+01,2.043973e+01,2.037679e+01,2.053755e+01,2.039078e+01,2.041875e+01,2.046769e+01,2.045371e+01,2.055152e+01,2.041176e+01,2.039778e+01,2.038379e+01,2.036280e+01,2.034881e+01,2.048166e+01,2.048865e+01,2.042575e+01,2.042575e+01,2.038379e+01,2.048166e+01,2.037679e+01,2.046769e+01,2.044672e+01,2.043973e+01,2.047468e+01,2.046070e+01,2.044672e+01,2.037679e+01,2.042575e+01,2.038379e+01,2.045371e+01,2.040477e+01,2.038379e+01,2.039778e+01,2.041875e+01,2.046070e+01,2.055152e+01,2.036980e+01,2.043274e+01,2.038379e+01,2.038379e+01,2.038379e+01,2.041176e+01,2.041176e+01,2.052358e+01,2.044672e+01,2.054453e+01,2.046769e+01,2.050961e+01,2.063528e+01,2.055850e+01,2.054453e+01,2.062132e+01,2.058643e+01,2.064923e+01,2.057944e+01,2.059340e+01,2.042575e+01,2.057246e+01,2.050961e+01,2.049564e+01,2.056548e+01,2.050262e+01,2.053755e+01,2.046769e+01,2.047468e+01,2.049564e+01,2.047468e+01,2.048166e+01,2.054453e+01,2.054453e+01,2.047468e+01,2.059340e+01,2.065621e+01,2.061434e+01,2.057944e+01,2.065621e+01,2.059340e+01,2.062830e+01,2.060039e+01,2.063528e+01,2.057944e+01,2.065621e+01,2.067016e+01,2.069805e+01,2.062132e+01,2.060039e+01,2.059340e+01,2.057246e+01,2.053755e+01,2.055152e+01,2.065621e+01,2.053057e+01,2.055152e+01,2.048865e+01,2.046070e+01,2.053057e+01,2.045371e+01,2.050262e+01,2.051660e+01,2.045371e+01,2.027181e+01,2.034181e+01,2.039778e+01,2.028582e+01,2.031382e+01,2.033481e+01,2.033481e+01,2.035581e+01,2.029982e+01,2.037679e+01,2.041176e+01,2.048865e+01,2.045371e+01,2.046070e+01,2.048865e+01,2.048865e+01,2.043973e+01,2.044672e+01,2.042575e+01,2.043274e+01,2.041875e+01,2.039078e+01,2.027881e+01,2.027181e+01,2.034181e+01,2.027181e+01,2.037679e+01,2.027881e+01,2.041176e+01,2.039778e+01,2.032782e+01,2.056548e+01,2.025781e+01,2.042575e+01,2.057246e+01,2.057246e+01,2.055850e+01,2.062132e+01,2.058643e+01,2.060736e+01,2.060736e+01,2.057944e+01,2.067016e+01,2.063528e+01,2.067016e+01,2.057944e+01,2.064225e+01,2.061434e+01,2.061434e+01,2.060736e+01,2.061434e+01,2.063528e+01,2.070502e+01,2.070502e+01,2.071897e+01,2.073988e+01,2.064923e+01,2.068410e+01,2.064225e+01,2.069108e+01,2.067016e+01,2.066318e+01,2.062132e+01,2.057246e+01,2.055850e+01,2.070502e+01,2.067713e+01,2.057944e+01,2.071897e+01,2.067713e+01,2.069805e+01,2.061434e+01,2.069108e+01,2.071897e+01,2.065621e+01,2.073291e+01,2.070502e+01,2.054453e+01,2.066318e+01,2.067016e+01,2.065621e+01,2.065621e+01,2.066318e+01,2.073291e+01,2.068410e+01,2.062132e+01,2.062132e+01,2.067016e+01,2.063528e+01,2.071200e+01,2.078866e+01,2.064923e+01,2.062132e+01,2.073291e+01,2.072594e+01,2.070502e+01,2.065621e+01,2.070502e+01,2.063528e+01,2.073291e+01,2.070502e+01,2.078866e+01,2.064923e+01,2.069805e+01,2.065621e+01,2.070502e+01,2.050262e+01,2.047468e+01,2.047468e+01,2.048865e+01,2.052358e+01,2.052358e+01,2.046769e+01,2.054453e+01,2.049564e+01,2.053755e+01,2.050262e+01,2.047468e+01,2.048166e+01,2.045371e+01,2.047468e+01,2.047468e+01,2.052358e+01,2.046070e+01,2.050262e+01,2.054453e+01,2.052358e+01,2.058643e+01,2.058643e+01,2.063528e+01,2.057246e+01,2.057246e+01,2.063528e+01,2.049564e+01,2.058643e+01,2.056548e+01,2.055152e+01,2.055850e+01,2.051660e+01,2.060736e+01,2.064923e+01,2.060039e+01,2.046769e+01,2.060736e+01,2.050961e+01,2.057246e+01,2.065621e+01,2.064225e+01,2.047468e+01,2.062830e+01,2.064923e+01,2.052358e+01,2.057246e+01,2.057944e+01,2.041875e+01,2.050262e+01,2.055152e+01,2.054453e+01,2.054453e+01,2.053057e+01,2.053755e+01,2.052358e+01,2.055850e+01,2.061434e+01,2.061434e+01,2.042575e+01,2.062830e+01,2.060039e+01,2.056548e+01,2.050961e+01,2.053057e+01,2.061434e+01,2.060736e+01,2.056548e+01,2.045371e+01,2.058643e+01,2.048166e+01,2.053755e+01,2.065621e+01,2.057944e+01,2.059340e+01,2.054453e+01,2.055152e+01,2.060039e+01,2.053057e+01,2.050961e+01,2.052358e+01,2.064923e+01,2.053057e+01,2.067713e+01,2.064923e+01,2.055850e+01,2.057246e+01,2.058643e+01,2.048865e+01,2.056548e+01,2.050961e+01,2.062830e+01,2.064923e+01,2.085830e+01,2.059340e+01,2.058643e+01,2.051660e+01,2.048166e+01,2.053755e+01,2.064225e+01,2.056548e+01,2.059340e+01,2.043973e+01,2.058643e+01,2.059340e+01,2.055152e+01,2.060039e+01,2.057944e+01,2.060039e+01,2.058643e+01,2.057246e+01,2.055152e+01,2.043973e+01,2.051660e+01,2.053755e+01,2.064225e+01,2.065621e+01,2.048166e+01,2.063528e+01,2.057246e+01,2.050262e+01,2.053057e+01,2.055850e+01,2.051660e+01,2.046769e+01,2.053057e+01,2.039778e+01,2.050262e+01,2.039778e+01,2.039778e+01,2.054453e+01,2.040477e+01,2.051660e+01,2.053755e+01,2.039078e+01,2.051660e+01,2.049564e+01,2.052358e+01,2.052358e+01,2.044672e+01,2.042575e+01,2.056548e+01,2.039078e+01,2.039778e+01,2.039078e+01,2.062830e+01,2.043973e+01,2.036980e+01,2.047468e+01,2.053057e+01,2.053057e+01,2.041875e+01,2.046769e+01,2.043274e+01,2.040477e+01,2.042575e+01,2.048166e+01,2.051660e+01,2.055152e+01,2.053755e+01,2.046769e+01,2.050262e+01,2.048865e+01,2.046070e+01,2.042575e+01,2.042575e+01,2.046769e+01,2.043973e+01,2.046070e+01,2.039078e+01,2.041875e+01,2.051660e+01,2.055152e+01,2.037679e+01,2.049564e+01,2.040477e+01,2.041176e+01,2.044672e+01,2.039778e+01,2.033481e+01,2.050961e+01,2.044672e+01,2.045371e+01,2.048166e+01,2.046769e+01,2.046070e+01,2.047468e+01,2.048166e+01,2.047468e+01,2.048865e+01,2.051660e+01,2.060039e+01,2.039778e+01,2.055850e+01,2.043973e+01,2.042575e+01,2.039078e+01,2.050262e+01,2.043274e+01,2.048865e+01,2.050262e+01,2.048865e+01,2.044672e+01,2.034181e+01,2.043274e+01,2.046769e+01,2.046769e+01,2.048166e+01,2.041176e+01,2.051660e+01,2.049564e+01,2.049564e+01,2.048166e+01,2.053057e+01,2.059340e+01,2.052358e+01,2.060039e+01,2.043274e+01,2.047468e+01,2.048166e+01,2.053057e+01,2.052358e+01,2.063528e+01,2.060039e+01,2.055850e+01,2.049564e+01,2.059340e+01,2.054453e+01,2.062830e+01,2.057944e+01,2.063528e+01,2.062830e+01,2.074685e+01,2.073291e+01,2.071200e+01,2.055850e+01,2.056548e+01,2.066318e+01,2.053057e+01,2.053057e+01,2.053057e+01,2.050961e+01,2.070502e+01,2.049564e+01,2.064923e+01,2.068410e+01,2.054453e+01,2.070502e+01,2.060039e+01
2.059340e+01,2.062830e+01,2.049564e+01,2.058643e+01,2.048865e+01,2.062132e+01,2.050961e+01,2.055850e+01,2.055152e+01,2.059340e+01,2.051660e+01,2.051660e+01,2.064225e+01,2.063528e+01,2.065621e+01,2.090006e+01,2.105304e+01,2.105304e+01,2.137908e+01,2.108083e+01,2.124740e+01,2.121272e+01,2.120579e+01,2.121272e+01,2.130980e+01,2.128901e+01,2.116415e+01,2.128207e+01,2.108083e+01,2.123353e+01,2.135138e+01,2.137216e+01,2.160048e+01,2.160739e+01,2.153826e+01,2.128207e+01,2.138601e+01,2.130980e+01,2.133059e+01,2.121966e+01,2.129594e+01,2.110166e+01,2.110861e+01,2.115721e+01,2.125434e+01,2.129594e+01,2.155209e+01,2.140678e+01,2.128207e+01,2.129594e+01,2.124047e+01,2.116415e+01,2.128207e+01,2.119885e+01,2.121272e+01,2.103914e+01,2.111555e+01,2.116415e+01,2.121966e+01,2.121272e+01,2.125434e+01,2.141371e+01,2.143448e+01,2.140678e+01,2.149676e+01,2.148292e+01,2.150368e+01,2.151751e+01,2.133752e+01,2.128901e+01,2.135830e+01,2.147600e+01,2.112944e+01,2.101829e+01,2.102524e+01,2.125434e+01,2.130287e+01,2.155209e+01,2.152443e+01,2.154517e+01,2.144140e+01,2.132366e+01,2.108777e+01,2.117803e+01,2.127514e+01,2.150368e+01,2.140678e+01,2.117803e+01,2.146908e+01,2.147600e+01,2.131673e+01,2.147600e+01,2.143448e+01,2.133059e+01,2.139293e+01,2.185586e+01,2.221370e+01,2.268661e+01,2.207622e+01,2.192477e+01,2.173860e+01,2.169718e+01,2.146216e+01,2.148984e+01,2.147600e+01,2.160048e+01,2.121272e+01,2.122660e+01,2.107388e+01,2.143448e+01,2.172480e+01,2.169028e+01,2.131673e+01,2.076775e+01,2.055152e+01,2.048865e+01,2.043274e+01,2.046769e+01,2.047468e+01,2.058643e+01,2.049564e+01,2.046070e+01,2.048166e+01,2.044672e+01,2.044672e+01,2.047468e+01,2.045371e+01,2.045371e+01,2.055152e+01,2.039078e+01,2.048865e+01,2.045371e+01,2.047468e+01,2.041875e+01,2.048865e+01,2.042575e+01,2.043274e+01,2.044672e+01,2.044672e+01,2.041176e+01,2.048166e+01,2.053755e+01,2.050961e+01,2.046769e+01,2.050262e+01,2.039778e+01,2.046070e+01,2.043274e+01,2.053755e+01,2.046769e+01,2.051660e+01,2.046769e+01,2.046769e+01,2.046769e+01,2.046070e+01,2.050262e+01,2.036280e+01,2.040477e+01,2.051660e+01,2.035581e+01,2.034881e+01,2.050961e+01,2.048865e+01,2.041176e+01,2.041176e+01,2.042575e+01,2.054453e+01,2.053057e+01,2.041875e+01,2.051660e+01,2.045371e+01,2.039078e+01,2.050961e+01,2.052358e+01,2.039078e+01,2.047468e+01,2.045371e+01,2.035581e+01,2.041176e+01,2.043973e+01,2.044672e+01,2.049564e+01,2.042575e+01,2.041875e+01,2.041875e+01,2.040477e+01,2.049564e+01,2.046070e+01,2.048166e+01,2.057246e+01,2.040477e+01,2.038379e+01,2.036280e+01,2.041176e+01,2.040477e+01,2.041176e+01,2.035581e+01,2.043274e+01,2.036280e+01,2.047468e+01,2.049564e+01,2.038379e+01,2.038379e+01,2.039078e+01,2.037679e+01,2.047468e+01,2.046769e+01,2.040477e+01,2.040477e+01,2.046070e+01,2.035581e+01,2.040477e+01,2.039778e+01,2.052358e+01,2.038379e+01,2.046070e+01,2.041875e+01,2.037679e+01,2.045371e+01,2.042575e+01,2.039778e+01,2.037679e+01,2.040477e+01,2.047468e+01,2.039778e+01,2.046769e+01,2.045371e+01,2.042575e+01,2.046769e+01,2.049564e+01,2.041875e+01,2.043973e+01,2.048865e+01,2.046070e+01,2.045371e+01,2.062830e+01,2.055152e+01,2.055152e+01,2.057944e+01,2.056548e+01,2.057944e+01,2.062132e+01,2.041875e+01,2.047468e+01,2.043973e+01,2.064923e+01,2.046070e+01,2.041875e+01,2.044672e+01,2.047468e+01,2.050262e+01,2.057944e+01,2.053755e+01,2.057246e+01,2.054453e+01,2.050961e+01,2.064923e+01,2.054453e+01,2.064923e+01,2.063528e+01,2.060039e+01,2.062132e+01,2.068410e+01,2.056548e+01,2.062132e+01,2.062830e+01,2.061434e+01,2.064225e+01,2.064225e+01,2.058643e+01,2.057944e+01,2.052358e+01,2.055152e+01,2.056548e+01,2.056548e+01,2.054453e+01,2.054453e+01,2.048865e+01,2.048865e+01,2.053057e+01,2.050961e+01,2.045371e+01,2.045371e+01,2.042575e+01,2.029282e+01,2.028582e+01,2.032082e+01,2.034181e+01,2.027881e+01,2.029282e+01,2.029982e+01,2.038379e+01,2.033481e+01,2.044672e+01,2.039778e+01,2.052358e+01,2.041875e+01,2.050961e+01,2.040477e+01,2.041176e+01,2.046769e+01,2.048166e+01,2.047468e+01,2.037679e+01,2.033481e+01,2.039078e+01,2.039778e+01,2.041176e+01,2.039778e+01,2.029982e+01,2.041875e+01,2.030682e+01,2.025080e+01,2.034881e+01,2.035581e+01,2.046769e+01,2.050262e+01,2.049564e+01,2.060039e+01,2.034181e+01,2.054453e+01,2.054453e+01,2.053057e+01,2.055152e+01,2.061434e+01,2.060039e+01,2.057246e+01,2.065621e+01,2.058643e+01,2.063528e+01,2.062132e+01,2.057246e+01,2.065621e+01,2.050961e+01,2.058643e+01,2.055850e+01,2.065621e+01,2.065621e+01,2.060736e+01,2.071200e+01,2.072594e+01,2.071200e+01,2.070502e+01,2.067713e+01,2.064923e+01,2.067016e+01,2.070502e+01,2.057944e+01,2.066318e+01,2.067713e+01,2.069108e+01,2.060736e+01,2.064923e+01,2.075382e+01,2.074685e+01,2.063528e+01,2.069108e+01,2.066318e+01,2.064923e+01,2.070502e+01,2.063528e+01,2.067713e+01,2.061434e+01,2.055152e+01,2.067016e+01,2.064225e+01,2.064923e+01,2.060039e+01,2.064923e+01,2.068410e+01,2.064225e+01,2.063528e+01,2.066318e+01,2.067016e+01,2.064923e+01,2.071897e+01,2.075382e+01,2.072594e+01,2.073988e+01,2.074685e+01,2.066318e+01,2.066318e+01,2.072594e+01,2.067016e+01,2.065621e+01,2.080955e+01,2.083045e+01,2.064225e+01,2.067016e+01,2.072594e+01,2.052358e+01,2.046070e+01,2.048166e+01,2.046769e+01,2.028582e+01,2.054453e+01,2.050262e+01,2.046769e+01,2.046769e+01,2.053755e+01,2.055152e+01,2.049564e+01,2.060736e+01,2.048865e+01,2.048166e+01,2.048865e+01,2.052358e+01,2.049564e+01,2.046070e+01,2.048865e+01,2.052358e+01,2.046769e+01,2.055152e+01,2.048865e+01,2.062830e+01,2.061434e+01,2.058643e+01,2.057246e+01,2.059340e+01,2.058643e+01,2.060039e+01,2.058643e+01,2.058643e+01,2.052358e+01,2.056548e+01,2.050961e+01,2.055152e+01,2.053057e+01,2.054453e+01,2.053057e+01,2.052358e+01,2.053057e+01,2.048865e+01,2.052358e+01,2.064225e+01,2.056548e+01,2.059340e+01,2.052358e+01,2.057246e+01,2.057944e+01,2.056548e+01,2.055850e+01,2.050961e+01,2.055152e+01,2.046070e+01,2.051660e+01,2.050961e+01,2.061434e+01,2.061434e+01,2.060039e+01,2.060736e+01,2.045371e+01,2.051660e+01,2.061434e+01,2.061434e+01,2.065621e+01,2.053755e+01,2.060736e+01,2.056548e+01,2.048166e+01,2.061434e+01,2.050262e+01,2.053057e+01,2.057944e+01,2.067016e+01,2.061434e+01,2.060736e+01,2.058643e+01,2.059340e+01,2.056548e+01,2.053057e+01,2.055850e+01,2.050262e+01,2.060736e+01,2.053057e+01,2.058643e+01,2.061434e+01,2.064923e+01,2.057944e+01,2.056548e+01,2.044672e+01,2.054453e+01,2.053057e+01,2.055152e+01,2.057246e+01,2.061434e+01,2.059340e+01,2.061434e+01,2.053057e+01,2.049564e+01,2.060736e+01,2.063528e+01,2.055152e+01,2.061434e+01,2.061434e+01,2.064923e+01,2.063528e+01,2.054453e+01,2.059340e+01,2.059340e+01,2.056548e+01,2.058643e+01,2.057246e+01,2.053755e+01,2.061434e+01,2.054453e+01,2.050961e+01,2.062830e+01,2.060736e+01,2.053057e+01,2.064923e+01,2.062132e+01,2.052358e+01,2.058643e+01,2.057944e+01,2.050961e+01,2.046769e+01,2.048166e+01,2.042575e+01,2.044672e+01,2.052358e+01,2.046070e+01,2.048865e+01,2.046769e+01,2.043274e+01,2.044672e+01,2.044672e+01,2.049564e+01,2.047468e+01,2.054453e+01,2.054453e+01,2.056548e+01,2.041875e+01,2.039078e+01,2.046070e+01,2.041875e+01,2.048166e+01,2.043973e+01,2.053057e+01,2.044672e+01,2.036980e+01,2.057246e+01,2.047468e+01,2.041176e+01,2.058643e+01,2.050262e+01,2.042575e+01,2.049564e+01,2.043973e+01,2.046070e+01,2.048166e+01,2.058643e+01,2.050961e+01,2.057246e+01,2.043973e+01,2.038379e+01,2.043973e+01,2.046769e+01,2.035581e+01,2.047468e+01,2.040477e+01,2.048166e+01,2.042575e+01,2.055152e+01,2.039078e+01,2.041875e+01,2.041176e+01,2.041875e+01,2.050262e+01,2.039078e+01,2.043274e+01,2.048166e+01,2.043274e+01,2.048865e+01,2.053755e+01,2.048166e+01,2.047468e+01,2.048865e+01,2.048865e+01,2.041176e+01,2.049564e+01,2.048865e+01,2.057246e+01,2.066318e+01,2.036980e+01,2.057246e+01,2.041176e+01,2.040477e+01,2.034181e+01,2.046070e+01,2.051660e+01,2.046769e+01,2.052358e+01,2.060736e+01,2.045371e+01,2.060039e+01,2.047468e+01,2.046070e+01,2.042575e+01,2.057246e+01,2.047468e+01,2.034881e+01,2.043274e+01,2.048865e+01,2.053057e+01,2.046769e+01,2.046070e+01,2.056548e+01,2.053057e+01,2.048166e+01,2.060736e+01,2.056548e+01,2.055850e+01,2.057944e+01,2.061434e+01,2.053755e+01,2.052358e+01,2.064225e+01,2.068410e+01,2.064225e+01,2.078866e+01,2.080955e+01,2.064225e+01,2.064923e+01,2.054453e+01,2.063528e+01,2.058643e+01,2.054453e+01,2.055850e+01,2.060736e+01,2.060039e+01,2.073291e+01,2.067016e+01,2.057246e+01,2.049564e+01,2.057944e+01,2.059340e+01,2.060736e+01,2.055152e+01,2.052358e+01
2.054453e+01,2.053057e+01,2.057944e+01,2.062830e+01,2.067016e+01,2.047468e+01,2.067713e+01,2.050262e+01,2.058643e+01,2.055152e+01,2.057246e+01,2.048865e+01,2.059340e+01,2.065621e+01,2.067016e+01,2.085134e+01,2.105304e+01,2.111555e+01,2.110861e+01,2.108083e+01,2.119191e+01,2.121272e+01,2.119885e+01,2.122660e+01,2.118497e+01,2.105999e+01,2.108083e+01,2.104609e+01,2.107388e+01,2.104609e+01,2.110861e+01,2.124740e+01,2.165575e+01,2.157974e+01,2.139293e+01,2.126821e+01,2.154517e+01,2.136523e+01,2.131673e+01,2.134445e+01,2.135138e+01,2.107388e+01,2.119191e+01,2.127514e+01,2.137908e+01,2.153134e+01,2.141371e+01,2.127514e+01,2.127514e+01,2.127514e+01,2.132366e+01,2.135830e+01,2.114333e+01,2.135138e+01,2.108777e+01,2.086526e+01,2.109472e+01,2.114333e+01,2.108083e+01,2.125434e+01,2.135830e+01,2.143448e+01,2.142063e+01,2.144140e+01,2.150368e+01,2.152443e+01,2.151751e+01,2.153134e+01,2.135138e+01,2.120579e+01,2.111555e+01,2.119191e+01,2.105304e+01,2.100439e+01,2.100439e+01,2.130980e+01,2.139293e+01,2.186275e+01,2.191100e+01,2.184897e+01,2.143448e+01,2.130287e+01,2.111555e+01,2.120579e+01,2.146908e+01,2.139293e+01,2.164884e+01,2.164193e+01,2.152443e+01,2.128207e+01,2.146216e+01,2.158665e+01,2.147600e+01,2.139293e+01,2.119191e+01,2.139293e+01,2.174550e+01,2.179380e+01,2.175240e+01,2.164193e+01,2.151751e+01,2.144140e+01,2.124740e+01,2.147600e+01,2.137908e+01,2.123353e+01,2.121272e+01,2.109472e+01,2.115721e+01,2.138601e+01,2.160048e+01,2.156592e+01,2.138601e+01,2.083045e+01,2.057944e+01,2.050961e+01,2.044672e+01,2.046070e+01,2.051660e+01,2.048166e+01,2.048865e+01,2.030682e+01,2.042575e+01,2.049564e+01,2.044672e+01,2.039078e+01,2.039778e+01,2.035581e+01,2.049564e+01,2.028582e+01,2.048166e+01,2.043274e+01,2.047468e+01,2.045371e+01,2.052358e+01,2.043973e+01,2.047468e+01,2.046070e+01,2.046070e+01,2.053755e+01,2.044672e+01,2.044672e+01,2.048166e+01,2.046769e+01,2.054453e+01,2.046769e+01,2.055850e+01,2.043973e+01,2.057944e+01,2.043274e+01,2.041176e+01,2.049564e+01,2.041875e+01,2.046070e+01,2.045371e+01,2.037679e+01,2.039078e+01,2.036980e+01,2.053057e+01,2.053057e+01,2.039778e+01,2.031382e+01,2.048166e+01,2.053755e+01,2.039778e+01,2.053755e+01,2.051660e+01,2.060736e+01,2.048865e+01,2.050262e+01,2.050262e+01,2.046070e+01,2.048865e+01,2.039778e+01,2.052358e+01,2.050262e+01,2.040477e+01,2.045371e+01,2.041875e+01,2.046070e+01,2.042575e+01,2.040477e+01,2.042575e+01,2.038379e+01,2.046070e+01,2.047468e+01,2.047468e+01,2.041176e+01,2.041176e+01,2.044672e+01,2.055850e+01,2.040477e+01,2.053057e+01,2.039778e+01,2.039078e+01,2.036980e+01,2.048865e+01,2.042575e+01,2.055152e+01,2.043274e+01,2.041176e+01,2.043973e+01,2.039078e+01,2.040477e+01,2.032782e+01,2.036980e+01,2.029282e+01,2.032782e+01,2.042575e+01,2.034881e+01,2.034181e+01,2.038379e+01,2.039778e+01,2.048865e+01,2.041176e+01,2.040477e+01,2.034881e+01,2.046070e+01,2.057246e+01,2.036980e+01,2.039778e+01,2.037679e+01,2.038379e+01,2.038379e+01,2.041875e+01,2.046070e+01,2.040477e+01,2.038379e+01,2.042575e+01,2.041176e+01,2.043274e+01,2.040477e+01,2.054453e+01,2.041875e+01,2.051660e+01,2.053755e+01,2.058643e+01,2.059340e+01,2.052358e+01,2.062132e+01,2.058643e+01,2.048166e+01,2.064923e+01,2.054453e+01,2.050961e+01,2.044672e+01,2.053755e+01,2.043973e+01,2.053755e+01,2.051660e+01,2.054453e+01,2.050961e+01,2.054453e+01,2.052358e+01,2.058643e+01,2.054453e+01,2.048865e+01,2.058643e+01,2.055850e+01,2.071897e+01,2.061434e+01,2.063528e+01,2.064225e+01,2.063528e+01,2.053755e+01,2.063528e+01,2.069108e+01,2.060039e+01,2.064923e+01,2.066318e+01,2.069108e+01,2.057944e+01,2.057246e+01,2.056548e+01,2.060736e+01,2.069805e+01,2.055850e+01,2.048166e+01,2.049564e+01,2.046769e+01,2.052358e+01,2.050961e+01,2.053057e+01,2.032782e+01,2.046070e+01,2.026481e+01,2.027181e+01,2.014569e+01,2.027181e+01,2.026481e+01,2.041176e+01,2.032082e+01,2.035581e+01,2.041176e+01,2.046070e+01,2.043973e+01,2.046070e+01,2.044672e+01,2.046070e+01,2.048166e+01,2.043274e+01,2.048865e+01,2.043274e+01,2.043973e+01,2.043274e+01,2.039078e+01,2.040477e+01,2.043973e+01,2.036280e+01,2.036980e+01,2.041875e+01,2.027181e+01,2.028582e+01,2.027181e+01,2.047468e+01,2.041875e+01,2.053057e+01,2.055152e+01,2.055152e+01,2.060039e+01,2.056548e+01,2.052358e+01,2.060039e+01,2.060039e+01,2.060736e+01,2.057944e+01,2.056548e+01,2.063528e+01,2.059340e+01,2.060736e+01,2.062830e+01,2.060039e+01,2.062830e+01,2.064225e+01,2.057944e+01,2.060736e+01,2.061434e+01,2.061434e+01,2.064923e+01,2.062830e+01,2.067016e+01,2.064923e+01,2.072594e+01,2.067713e+01,2.070502e+01,2.068410e+01,2.067016e+01,2.067016e+01,2.070502e+01,2.062132e+01,2.060736e+01,2.058643e+01,2.065621e+01,2.064225e+01,2.073988e+01,2.069108e+01,2.057246e+01,2.068410e+01,2.068410e+01,2.068410e+01,2.067713e+01,2.064225e+01,2.067016e+01,2.053755e+01,2.069805e+01,2.064225e+01,2.064225e+01,2.064923e+01,2.064923e+01,2.063528e+01,2.064923e+01,2.070502e+01,2.064923e+01,2.060736e+01,2.077472e+01,2.071200e+01,2.076079e+01,2.071200e+01,2.074685e+01,2.068410e+01,2.068410e+01,2.071897e+01,2.070502e+01,2.062830e+01,2.066318e+01,2.062830e+01,2.060736e+01,2.065621e+01,2.066318e+01,2.064225e+01,2.060039e+01,2.036980e+01,2.045371e+01,2.039778e+01,2.047468e+01,2.050961e+01,2.046070e+01,2.053057e+01,2.047468e+01,2.043274e+01,2.049564e+01,2.050262e+01,2.048865e+01,2.048865e+01,2.050961e+01,2.046070e+01,2.041875e+01,2.043274e+01,2.045371e+01,2.053755e+01,2.055850e+01,2.054453e+01,2.046769e+01,2.049564e+01,2.057246e+01,2.051660e+01,2.059340e+01,2.052358e+01,2.056548e+01,2.056548e+01,2.058643e+01,2.055850e+01,2.058643e+01,2.055152e+01,2.055850e+01,2.050262e+01,2.050961e+01,2.048865e+01,2.055152e+01,2.057246e+01,2.055850e+01,2.055152e+01,2.050961e+01,2.050961e+01,2.050961e+01,2.060736e+01,2.049564e+01,2.053057e+01,2.055152e+01,2.055152e+01,2.053057e+01,2.056548e+01,2.057944e+01,2.054453e+01,2.048865e+01,2.051660e+01,2.056548e+01,2.065621e+01,2.058643e+01,2.057944e+01,2.046070e+01,2.062830e+01,2.057246e+01,2.060039e+01,2.056548e+01,2.061434e+01,2.058643e+01,2.059340e+01,2.056548e+01,2.060736e+01,2.060039e+01,2.053755e+01,2.050961e+01,2.056548e+01,2.055152e+01,2.059340e+01,2.059340e+01,2.050262e+01,2.057246e+01,2.055850e+01,2.061434e+01,2.053057e+01,2.050262e+01,2.062132e+01,2.058643e+01,2.057246e+01,2.055152e+01,2.059340e+01,2.059340e+01,2.058643e+01,2.053057e+01,2.039078e+01,2.055850e+01,2.060736e+01,2.055152e+01,2.057246e+01,2.053755e+01,2.051660e+01,2.062830e+01,2.057246e+01,2.069108e+01,2.059340e+01,2.046070e+01,2.059340e+01,2.034181e+01,2.057944e+01,2.047468e+01,2.062132e+01,2.051660e+01,2.061434e+01,2.057246e+01,2.056548e+01,2.052358e+01,2.055850e+01,2.054453e+01,2.054453e+01,2.047468e+01,2.060736e+01,2.055152e+01,2.051660e+01,2.045371e+01,2.064225e+01,2.053755e+01,2.039778e+01,2.053755e+01,2.050262e+01,2.052358e+01,2.043973e+01,2.041176e+01,2.052358e+01,2.053755e+01,2.048166e+01,2.050961e+01,2.048865e+01,2.043973e+01,2.052358e+01,2.048166e+01,2.047468e+01,2.048166e+01,2.047468e+01,2.041176e+01,2.043973e+01,2.043274e+01,2.041176e+01,2.046769e+01,2.043973e+01,2.038379e+01,2.054453e+01,2.047468e+01,2.041176e+01,2.047468e+01,2.052358e+01,2.045371e+01,2.041176e+01,2.051660e+01,2.048166e+01,2.048865e+01,2.053755e+01,2.047468e+01,2.042575e+01,2.048166e+01,2.050961e+01,2.055850e+01,2.041875e+01,2.045371e+01,2.038379e+01,2.043274e+01,2.039778e+01,2.052358e+01,2.050262e+01,2.055850e+01,2.053755e+01,2.054453e+01,2.039778e+01,2.053057e+01,2.039778e+01,2.039078e+01,2.039078e+01,2.029282e+01,2.043973e+01,2.036280e+01,2.044672e+01,2.037679e+01,2.039778e+01,2.053755e+01,2.048865e+01,2.047468e+01,2.048865e+01,2.042575e+01,2.048166e+01,2.051660e+01,2.029282e+01,2.048166e+01,2.041875e+01,2.050262e+01,2.042575e+01,2.037679e+01,2.040477e+01,2.044672e+01,2.041176e+01,2.055152e+01,2.052358e+01,2.052358e+01,2.046769e+01,2.051660e+01,2.046070e+01,2.041875e+01,2.046070e+01,2.046769e+01,2.041875e+01,2.050961e+01,2.050961e+01,2.052358e+01,2.050961e+01,2.047468e+01,2.053755e+01,2.048865e+01,2.045371e+01,2.080259e+01,2.056548e+01,2.054453e+01,2.065621e+01,2.060736e+01,2.057246e+01,2.062132e+01,2.060039e+01,2.053755e+01,2.057246e+01,2.065621e+01,2.068410e+01,2.064225e+01,2.067016e+01,2.062830e+01,2.060736e+01,2.048865e+01,2.063528e+01,2.058643e+01,2.060039e+01,2.058643e+01,2.057944e+01,2.067016e+01,2.057246e+01,2.055152e+01,2.068410e+01,2.053755e+01,2.067016e+01,2.050262e+01,2.056548e+01,2.056548e+01,2.060039e+01
2.056548e+01,2.053755e+01,2.054453e+01,2.053057e+01,2.047468e+01,2.052358e+01,2.055152e+01,2.053057e+01,2.048166e+01,2.055850e+01,2.057944e+01,2.078169e+01,2.060039e+01,2.071200e+01,2.096267e+01,2.077472e+01,2.105999e+01,2.099744e+01,2.105304e+01,2.116415e+01,2.103219e+01,2.107388e+01,2.096962e+01,2.108083e+01,2.106693e+01,2.106693e+01,2.107388e+01,2.105304e+01,2.108083e+01,2.105999e+01,2.107388e+01,2.128901e+01,2.134445e+01,2.133059e+01,2.135138e+01,2.144140e+01,2.128901e+01,2.135830e+01,2.131673e+01,2.139986e+01,2.134445e+01,2.144140e+01,2.134445e+01,2.144140e+01,2.133752e+01,2.133752e+01,2.144832e+01,2.151751e+01,2.146908e+01,2.136523e+01,2.127514e+01,2.131673e+01,2.124047e+01,2.123353e+01,2.107388e+01,2.106693e+01,2.087222e+01,2.108083e+01,2.108777e+01,2.126821e+01,2.142063e+01,2.151751e+01,2.148984e+01,2.148984e+01,2.146908e+01,2.141371e+01,2.142063e+01,2.146216e+01,2.132366e+01,2.128901e+01,2.119885e+01,2.122660e+01,2.111555e+01,2.109472e+01,2.100439e+01,2.118497e+01,2.160048e+01,2.178000e+01,2.219309e+01,2.218622e+01,2.185586e+01,2.141371e+01,2.130980e+01,2.143448e+01,2.142756e+01,2.161430e+01,2.167647e+01,2.171790e+01,2.160739e+01,2.150368e+01,2.146908e+01,2.161430e+01,2.144832e+01,2.108777e+01,2.111555e+01,2.111555e+01,2.119191e+01,2.136523e+01,2.153826e+01,2.135830e+01,2.117803e+01,2.126821e+01,2.122660e+01,2.109472e+01,2.110861e+01,2.102524e+01,2.096267e+01,2.096267e+01,2.123353e+01,2.145524e+01,2.189721e+01,2.178690e+01,2.140678e+01,2.088614e+01,2.056548e+01,2.055850e+01,2.043973e+01,2.046070e+01,2.047468e+01,2.046769e+01,2.046769e+01,2.046769e+01,2.041176e+01,2.043274e+01,2.036980e+01,2.048865e+01,2.047468e+01,2.047468e+01,2.046070e+01,2.049564e+01,2.046769e+01,2.046769e+01,2.048865e+01,2.034181e+01,2.036280e+01,2.039078e+01,2.045371e+01,2.044672e+01,2.053057e+01,2.056548e+01,2.052358e+01,2.045371e+01,2.047468e+01,2.050961e+01,2.048865e+01,2.047468e+01,2.047468e+01,2.057944e+01,2.045371e+01,2.043973e+01,2.049564e+01,2.050961e+01,2.050262e+01,2.041875e+01,2.042575e+01,2.043274e+01,2.046070e+01,2.036980e+01,2.041875e+01,2.050961e+01,2.048166e+01,2.046769e+01,2.046769e+01,2.035581e+01,2.039078e+01,2.034881e+01,2.040477e+01,2.040477e+01,2.046070e+01,2.043274e+01,2.044672e+01,2.024380e+01,2.027881e+01,2.046070e+01,2.049564e+01,2.036980e+01,2.038379e+01,2.032782e+01,2.043274e+01,2.046070e+01,2.042575e+01,2.040477e+01,2.045371e+01,2.050262e+01,2.052358e+01,2.039778e+01,2.041875e+01,2.046070e+01,2.039078e+01,2.040477e+01,2.037679e+01,2.036980e+01,2.043274e+01,2.041176e+01,2.039078e+01,2.046769e+01,2.041875e+01,2.041176e+01,2.036280e+01,2.049564e+01,2.043274e+01,2.041176e+01,2.035581e+01,2.034881e+01,2.040477e+01,2.039778e+01,2.043274e+01,2.045371e+01,2.047468e+01,2.038379e+01,2.049564e+01,2.047468e+01,2.037679e+01,2.039778e+01,2.036980e+01,2.041176e+01,2.033481e+01,2.046769e+01,2.043973e+01,2.044672e+01,2.038379e+01,2.055850e+01,2.038379e+01,2.041875e+01,2.039778e+01,2.039778e+01,2.041875e+01,2.045371e+01,2.035581e+01,2.045371e+01,2.048865e+01,2.044672e+01,2.039778e+01,2.038379e+01,2.053057e+01,2.052358e+01,2.055850e+01,2.058643e+01,2.060736e+01,2.057944e+01,2.060039e+01,2.059340e+01,2.057944e+01,2.061434e+01,2.053755e+01,2.053755e+01,2.050262e+01,2.045371e+01,2.056548e+01,2.055152e+01,2.056548e+01,2.053755e+01,2.053057e+01,2.056548e+01,2.060736e+01,2.060039e+01,2.057246e+01,2.056548e+01,2.070502e+01,2.051660e+01,2.066318e+01,2.064923e+01,2.050262e+01,2.060736e+01,2.062830e+01,2.078866e+01,2.079562e+01,2.063528e+01,2.063528e+01,2.067713e+01,2.055152e+01,2.067016e+01,2.053057e+01,2.060736e+01,2.058643e+01,2.056548e+01,2.050961e+01,2.055850e+01,2.053755e+01,2.048166e+01,2.055850e+01,2.049564e+01,2.043274e+01,2.043274e+01,2.030682e+01,2.029282e+01,2.031382e+01,2.034181e+01,2.028582e+01,2.036280e+01,2.041875e+01,2.034881e+01,2.034881e+01,2.038379e+01,2.040477e+01,2.039078e+01,2.042575e+01,2.043274e+01,2.045371e+01,2.048166e+01,2.050961e+01,2.048865e+01,2.038379e+01,2.045371e+01,2.044672e+01,2.042575e+01,2.043274e+01,2.043973e+01,2.043973e+01,2.041875e+01,2.033481e+01,2.026481e+01,2.041875e+01,2.033481e+01,2.039778e+01,2.041176e+01,2.039778e+01,2.052358e+01,2.051660e+01,2.059340e+01,2.061434e+01,2.058643e+01,2.061434e+01,2.075382e+01,2.062830e+01,2.062830e+01,2.061434e+01,2.062830e+01,2.069805e+01,2.064225e+01,2.061434e+01,2.072594e+01,2.061434e+01,2.064225e+01,2.067016e+01,2.062830e+01,2.060039e+01,2.064225e+01,2.069108e+01,2.070502e+01,2.064923e+01,2.064923e+01,2.067016e+01,2.069805e+01,2.065621e+01,2.067016e+01,2.069108e+01,2.065621e+01,2.059340e+01,2.060736e+01,2.060736e+01,2.062830e+01,2.070502e+01,2.064225e+01,2.065621e+01,2.070502e+01,2.076079e+01,2.067016e+01,2.068410e+01,2.067016e+01,2.057944e+01,2.069108e+01,2.064923e+01,2.060039e+01,2.059340e+01,2.062830e+01,2.062132e+01,2.064225e+01,2.063528e+01,2.061434e+01,2.060736e+01,2.073988e+01,2.069805e+01,2.068410e+01,2.068410e+01,2.071897e+01,2.073291e+01,2.059340e+01,2.057246e+01,2.070502e+01,2.068410e+01,2.071200e+01,2.067016e+01,2.057246e+01,2.060736e+01,2.074685e+01,2.073988e+01,2.070502e+01,2.066318e+01,2.048865e+01,2.056548e+01,2.054453e+01,2.048865e+01,2.048865e+01,2.048166e+01,2.047468e+01,2.045371e+01,2.047468e+01,2.045371e+01,2.048166e+01,2.073988e+01,2.047468e+01,2.048865e+01,2.060039e+01,2.050262e+01,2.051660e+01,2.044672e+01,2.049564e+01,2.054453e+01,2.053057e+01,2.043973e+01,2.048166e+01,2.046070e+01,2.055152e+01,2.063528e+01,2.053755e+01,2.056548e+01,2.056548e+01,2.057246e+01,2.053755e+01,2.053057e+01,2.053755e+01,2.043274e+01,2.057246e+01,2.050262e+01,2.049564e+01,2.047468e+01,2.051660e+01,2.058643e+01,2.055152e+01,2.055152e+01,2.047468e+01,2.050961e+01,2.050262e+01,2.055152e+01,2.059340e+01,2.061434e+01,2.054453e+01,2.048166e+01,2.050262e+01,2.046070e+01,2.044672e+01,2.047468e+01,2.057944e+01,2.050961e+01,2.051660e+01,2.052358e+01,2.053755e+01,2.051660e+01,2.067016e+01,2.057944e+01,2.054453e+01,2.070502e+01,2.066318e+01,2.064225e+01,2.057944e+01,2.058643e+01,2.062830e+01,2.057944e+01,2.055152e+01,2.055850e+01,2.052358e+01,2.060039e+01,2.048865e+01,2.058643e+01,2.059340e+01,2.050262e+01,2.057944e+01,2.058643e+01,2.058643e+01,2.053057e+01,2.055850e+01,2.053057e+01,2.059340e+01,2.052358e+01,2.056548e+01,2.058643e+01,2.059340e+01,2.054453e+01,2.060039e+01,2.057944e+01,2.057246e+01,2.050961e+01,2.050262e+01,2.061434e+01,2.046769e+01,2.057246e+01,2.048166e+01,2.057246e+01,2.055152e+01,2.050262e+01,2.057246e+01,2.059340e+01,2.061434e+01,2.059340e+01,2.046070e+01,2.065621e+01,2.061434e+01,2.050961e+01,2.059340e+01,2.049564e+01,2.060736e+01,2.054453e+01,2.057944e+01,2.050961e+01,2.061434e+01,2.050961e+01,2.051660e+01,2.059340e+01,2.048166e+01,2.048865e+01,2.045371e+01,2.044672e+01,2.053057e+01,2.055152e+01,2.050262e+01,2.044672e+01,2.043274e+01,2.041875e+01,2.057246e+01,2.048166e+01,2.042575e+01,2.053057e+01,2.049564e+01,2.049564e+01,2.041875e+01,2.051660e+01,2.050262e+01,2.043973e+01,2.057246e+01,2.046769e+01,2.043973e+01,2.051660e+01,2.046070e+01,2.060039e+01,2.043274e+01,2.039078e+01,2.039078e+01,2.048865e+01,2.044672e+01,2.039078e+01,2.051660e+01,2.043274e+01,2.050262e+01,2.038379e+01,2.049564e+01,2.048865e+01,2.058643e+01,2.044672e+01,2.042575e+01,2.051660e+01,2.050961e+01,2.039078e+01,2.042575e+01,2.039078e+01,2.057246e+01,2.040477e+01,2.034881e+01,2.043274e+01,2.040477e+01,2.041176e+01,2.041176e+01,2.042575e+01,2.055152e+01,2.055152e+01,2.043973e+01,2.039078e+01,2.047468e+01,2.038379e+01,2.041875e+01,2.039078e+01,2.036980e+01,2.053755e+01,2.046769e+01,2.045371e+01,2.071897e+01,2.048166e+01,2.049564e+01,2.046769e+01,2.046769e+01,2.039078e+01,2.046769e+01,2.044672e+01,2.043274e+01,2.039778e+01,2.039078e+01,2.044672e+01,2.043973e+01,2.044672e+01,2.058643e+01,2.042575e+01,2.045371e+01,2.038379e+01,2.043973e+01,2.039078e+01,2.042575e+01,2.044672e+01,2.046070e+01,2.048865e+01,2.046769e+01,2.034881e+01,2.057246e+01,2.049564e+01,2.036980e+01,2.047468e+01,2.052358e+01,2.053057e+01,2.046769e+01,2.062830e+01,2.044672e+01,2.055152e+01,2.050961e+01,2.048166e+01,2.069108e+01,2.062830e+01,2.065621e+01,2.064225e+01,2.064923e+01,2.063528e+01,2.066318e+01,2.063528e+01,2.078866e+01,2.064225e+01,2.068410e+01,2.052358e+01,2.066318e+01,2.058643e+01,2.053755e+01,2.062132e+01,2.053057e+01,2.055152e+01,2.055850e+01,2.057246e+01,2.051660e+01,2.061434e+01,2.057246e+01,2.077472e+01,2.070502e+01,2.060039e+01,2.053755e+01
2.053755e+01,2.053057e+01,2.048166e+01,2.070502e+01,2.052358e+01,2.044672e+01,2.050262e+01,2.054453e+01,2.048865e+01,2.050961e+01,2.061434e+01,2.055850e+01,2.053755e+01,2.060736e+01,2.071200e+01,2.060736e+01,2.092789e+01,2.101134e+01,2.098353e+01,2.104609e+01,2.095572e+01,2.086526e+01,2.108083e+01,2.105304e+01,2.084437e+01,2.088614e+01,2.103914e+01,2.087918e+01,2.108083e+01,2.105999e+01,2.107388e+01,2.114333e+01,2.111555e+01,2.118497e+01,2.108083e+01,2.123353e+01,2.137908e+01,2.155209e+01,2.131673e+01,2.144832e+01,2.138601e+01,2.148292e+01,2.146908e+01,2.134445e+01,2.133059e+01,2.124047e+01,2.126821e+01,2.136523e+01,2.126821e+01,2.125434e+01,2.115721e+01,2.126127e+01,2.117109e+01,2.127514e+01,2.106693e+01,2.115027e+01,2.103219e+01,2.104609e+01,2.111555e+01,2.109472e+01,2.121966e+01,2.143448e+01,2.149676e+01,2.148984e+01,2.124740e+01,2.138601e+01,2.132366e+01,2.112944e+01,2.111555e+01,2.112944e+01,2.112250e+01,2.115721e+01,2.113638e+01,2.099048e+01,2.130287e+01,2.124740e+01,2.137216e+01,2.193166e+01,2.233728e+01,2.226178e+01,2.197299e+01,2.186965e+01,2.186965e+01,2.148292e+01,2.157283e+01,2.171099e+01,2.178690e+01,2.186965e+01,2.193166e+01,2.174550e+01,2.160739e+01,2.161430e+01,2.160048e+01,2.133752e+01,2.115027e+01,2.121966e+01,2.094876e+01,2.110166e+01,2.097658e+01,2.112944e+01,2.106693e+01,2.108083e+01,2.100439e+01,2.096962e+01,2.099048e+01,2.081652e+01,2.100439e+01,2.096267e+01,2.113638e+01,2.138601e+01,2.160739e+01,2.174550e+01,2.143448e+01,2.087222e+01,2.046769e+01,2.052358e+01,2.047468e+01,2.046769e+01,2.044672e+01,2.048166e+01,2.045371e+01,2.046769e+01,2.048865e+01,2.049564e+01,2.041875e+01,2.044672e+01,2.046769e+01,2.039778e+01,2.050262e+01,2.043973e+01,2.043973e+01,2.050262e+01,2.053755e+01,2.035581e+01,2.047468e+01,2.034881e+01,2.046769e+01,2.042575e+01,2.040477e+01,2.056548e+01,2.041875e+01,2.046769e+01,2.050961e+01,2.048865e+01,2.050262e+01,2.047468e+01,2.042575e+01,2.042575e+01,2.046769e+01,2.049564e+01,2.051660e+01,2.041176e+01,2.032082e+01,2.052358e+01,2.048865e+01,2.051660e+01,2.050961e+01,2.036980e+01,2.050262e+01,2.046769e+01,2.047468e+01,2.025080e+01,2.050961e+01,2.042575e+01,2.047468e+01,2.046070e+01,2.039778e+01,2.041875e+01,2.051660e+01,2.043973e+01,2.048865e+01,2.043973e+01,2.036980e+01,2.036280e+01,2.027881e+01,2.051660e+01,2.046070e+01,2.057944e+01,2.055152e+01,2.059340e+01,2.043274e+01,2.050961e+01,2.040477e+01,2.039078e+01,2.057944e+01,2.050262e+01,2.041176e+01,2.043973e+01,2.040477e+01,2.046769e+01,2.035581e+01,2.037679e+01,2.052358e+01,2.040477e+01,2.048166e+01,2.044672e+01,2.048166e+01,2.041875e+01,2.043274e+01,2.050961e+01,2.046070e+01,2.037679e+01,2.039778e+01,2.039778e+01,2.063528e+01,2.053755e+01,2.046070e+01,2.047468e+01,2.043973e+01,2.036280e+01,2.040477e+01,2.042575e+01,2.039078e+01,2.035581e+01,2.031382e+01,2.043274e+01,2.038379e+01,2.038379e+01,2.036980e+01,2.046070e+01,2.036280e+01,2.041176e+01,2.050262e+01,2.039078e+01,2.039778e+01,2.041875e+01,2.033481e+01,2.046070e+01,2.042575e+01,2.047468e+01,2.046070e+01,2.042575e+01,2.046070e+01,2.045371e+01,2.041875e+01,2.050961e+01,2.048166e+01,2.053057e+01,2.047468e+01,2.053755e+01,2.064225e+01,2.043973e+01,2.046769e+01,2.055152e+01,2.066318e+01,2.050262e+01,2.060736e+01,2.054453e+01,2.054453e+01,2.056548e+01,2.049564e+01,2.050262e+01,2.058643e+01,2.058643e+01,2.059340e+01,2.060736e+01,2.060039e+01,2.060039e+01,2.058643e+01,2.067713e+01,2.068410e+01,2.061434e+01,2.066318e+01,2.063528e+01,2.071200e+01,2.061434e+01,2.061434e+01,2.052358e+01,2.064225e+01,2.050262e+01,2.066318e+01,2.048865e+01,2.061434e+01,2.050262e+01,2.048166e+01,2.056548e+01,2.051660e+01,2.055850e+01,2.048865e+01,2.057944e+01,2.053057e+01,2.055152e+01,2.042575e+01,2.040477e+01,2.039778e+01,2.034881e+01,2.027181e+01,2.043973e+01,2.019476e+01,2.043274e+01,2.035581e+01,2.046769e+01,2.044672e+01,2.043973e+01,2.038379e+01,2.042575e+01,2.043274e+01,2.045371e+01,2.043973e+01,2.045371e+01,2.046070e+01,2.046769e+01,2.042575e+01,2.056548e+01,2.044672e+01,2.046070e+01,2.042575e+01,2.048166e+01,2.042575e+01,2.043274e+01,2.040477e+01,2.039078e+01,2.035581e+01,2.043973e+01,2.044672e+01,2.045371e+01,2.054453e+01,2.047468e+01,2.060736e+01,2.064923e+01,2.057944e+01,2.058643e+01,2.060039e+01,2.062132e+01,2.064225e+01,2.062132e+01,2.063528e+01,2.059340e+01,2.060736e+01,2.058643e+01,2.062132e+01,2.069108e+01,2.069805e+01,2.070502e+01,2.065621e+01,2.069108e+01,2.067713e+01,2.069805e+01,2.060736e+01,2.066318e+01,2.062830e+01,2.066318e+01,2.071897e+01,2.068410e+01,2.066318e+01,2.076079e+01,2.071200e+01,2.063528e+01,2.061434e+01,2.064923e+01,2.064225e+01,2.062830e+01,2.064225e+01,2.064923e+01,2.069805e+01,2.050961e+01,2.050961e+01,2.059340e+01,2.068410e+01,2.055152e+01,2.066318e+01,2.057246e+01,2.069805e+01,2.067016e+01,2.068410e+01,2.062830e+01,2.067016e+01,2.060736e+01,2.064225e+01,2.060039e+01,2.065621e+01,2.071897e+01,2.062830e+01,2.071897e+01,2.060736e+01,2.071200e+01,2.060039e+01,2.067713e+01,2.065621e+01,2.058643e+01,2.048166e+01,2.066318e+01,2.060039e+01,2.053057e+01,2.057944e+01,2.059340e+01,2.057246e+01,2.054453e+01,2.055152e+01,2.055152e+01,2.048166e+01,2.049564e+01,2.038379e+01,2.052358e+01,2.047468e+01,2.044672e+01,2.048166e+01,2.044672e+01,2.051660e+01,2.039078e+01,2.050262e+01,2.048865e+01,2.051660e+01,2.052358e+01,2.043274e+01,2.050262e+01,2.051660e+01,2.046070e+01,2.046070e+01,2.056548e+01,2.055850e+01,2.053755e+01,2.052358e+01,2.060736e+01,2.065621e+01,2.027881e+01,2.055152e+01,2.057246e+01,2.055152e+01,2.055850e+01,2.050961e+01,2.043274e+01,2.059340e+01,2.051660e+01,2.059340e+01,2.047468e+01,2.048166e+01,2.057246e+01,2.055152e+01,2.045371e+01,2.047468e+01,2.045371e+01,2.050961e+01,2.051660e+01,2.055152e+01,2.050961e+01,2.039078e+01,2.057246e+01,2.057246e+01,2.048166e+01,2.050262e+01,2.048865e+01,2.052358e+01,2.057944e+01,2.048865e+01,2.053057e+01,2.051660e+01,2.050961e+01,2.054453e+01,2.054453e+01,2.057246e+01,2.050961e+01,2.055152e+01,2.064225e+01,2.063528e+01,2.057944e+01,2.059340e+01,2.060736e+01,2.062830e+01,2.052358e+01,2.060039e+01,2.058643e+01,2.062132e+01,2.050262e+01,2.058643e+01,2.049564e+01,2.060736e+01,2.060039e+01,2.058643e+01,2.050262e+01,2.057944e+01,2.046769e+01,2.052358e+01,2.050961e+01,2.068410e+01,2.057944e+01,2.057944e+01,2.062830e+01,2.053057e+01,2.054453e+01,2.059340e+01,2.052358e+01,2.048865e+01,2.059340e+01,2.045371e+01,2.050262e+01,2.057944e+01,2.053755e+01,2.055850e+01,2.050961e+01,2.050961e+01,2.052358e+01,2.057246e+01,2.035581e+01,2.061434e+01,2.043973e+01,2.054453e+01,2.051660e+01,2.048865e+01,2.057944e+01,2.058643e+01,2.048865e+01,2.045371e+01,2.052358e+01,2.050961e+01,2.050961e+01,2.051660e+01,2.050961e+01,2.050961e+01,2.052358e+01,2.039078e+01,2.050961e+01,2.049564e+01,2.050961e+01,2.051660e+01,2.038379e+01,2.042575e+01,2.040477e+01,2.041875e+01,2.052358e+01,2.057246e+01,2.057944e+01,2.046769e+01,2.044672e+01,2.046769e+01,2.054453e+01,2.046769e+01,2.047468e+01,2.056548e+01,2.037679e+01,2.045371e+01,2.037679e+01,2.043973e+01,2.036980e+01,2.069805e+01,2.049564e+01,2.043973e+01,2.041176e+01,2.052358e+01,2.046070e+01,2.047468e+01,2.046070e+01,2.048865e+01,2.042575e+01,2.046070e+01,2.045371e+01,2.050262e+01,2.046769e+01,2.048166e+01,2.048166e+01,2.043973e+01,2.051660e+01,2.056548e+01,2.042575e+01,2.038379e+01,2.040477e+01,2.040477e+01,2.049564e+01,2.039778e+01,2.039078e+01,2.038379e+01,2.041176e+01,2.042575e+01,2.048166e+01,2.045371e+01,2.040477e+01,2.045371e+01,2.040477e+01,2.048166e+01,2.043973e+01,2.043973e+01,2.050262e+01,2.049564e+01,2.037679e+01,2.039778e+01,2.047468e+01,2.048166e+01,2.050262e+01,2.048166e+01,2.049564e+01,2.047468e+01,2.053755e+01,2.040477e+01,2.041176e+01,2.050961e+01,2.047468e+01,2.044672e+01,2.038379e+01,2.046070e+01,2.032782e+01,2.044672e+01,2.040477e+01,2.048865e+01,2.039778e+01,2.053057e+01,2.058643e+01,2.042575e+01,2.038379e+01,2.043973e+01,2.044672e+01,2.046769e+01,2.041176e+01,2.047468e+01,2.048166e+01,2.050262e+01,2.030682e+01,2.046070e+01,2.042575e+01,2.055850e+01,2.053755e+01,2.053057e+01,2.056548e+01,2.062830e+01,2.058643e+01,2.070502e+01,2.061434e+01,2.055152e+01,2.049564e+01,2.066318e+01,2.056548e+01,2.053755e+01,2.064225e+01,2.057944e+01,2.055152e+01,2.049564e+01,2.062830e+01,2.059340e+01,2.057944e+01,2.059340e+01,2.050961e+01,2.061434e+01,2.051660e+01,2.061434e+01,2.048865e+01,2.054453e+01,2.057944e+01,2.072594e+01,2.055152e+01,2.051660e+01,2.046769e+01
2.057944e+01,2.037679e+01,2.045371e+01,2.056548e+01,2.057944e+01,2.048865e+01,2.050262e+01,2.055850e+01,2.046070e+01,2.064225e+01,2.054453e+01,2.060736e+01,2.050961e+01,2.063528e+01,2.060736e+01,2.084437e+01,2.094876e+01,2.080955e+01,2.097658e+01,2.078866e+01,2.077472e+01,2.096267e+01,2.094180e+01,2.076775e+01,2.090702e+01,2.067016e+01,2.070502e+01,2.087918e+01,2.096962e+01,2.089310e+01,2.101829e+01,2.104609e+01,2.103219e+01,2.101134e+01,2.094876e+01,2.102524e+01,2.115027e+01,2.127514e+01,2.133059e+01,2.155900e+01,2.130287e+01,2.151059e+01,2.145524e+01,2.146216e+01,2.137216e+01,2.126127e+01,2.109472e+01,2.112250e+01,2.121966e+01,2.121272e+01,2.102524e+01,2.108083e+01,2.098353e+01,2.139293e+01,2.125434e+01,2.120579e+01,2.122660e+01,2.119191e+01,2.126127e+01,2.126127e+01,2.117109e+01,2.123353e+01,2.124047e+01,2.128207e+01,2.108777e+01,2.111555e+01,2.107388e+01,2.110166e+01,2.112250e+01,2.111555e+01,2.112944e+01,2.115027e+01,2.125434e+01,2.099744e+01,2.131673e+01,2.119885e+01,2.138601e+01,2.160739e+01,2.197299e+01,2.228924e+01,2.250867e+01,2.228924e+01,2.215186e+01,2.177310e+01,2.170409e+01,2.183518e+01,2.184897e+01,2.195233e+01,2.195233e+01,2.191100e+01,2.193166e+01,2.195233e+01,2.197987e+01,2.162121e+01,2.119885e+01,2.119191e+01,2.128207e+01,2.105999e+01,2.103219e+01,2.105304e+01,2.108083e+01,2.093485e+01,2.088614e+01,2.103219e+01,2.092093e+01,2.083045e+01,2.094180e+01,2.099744e+01,2.105304e+01,2.135830e+01,2.162121e+01,2.159356e+01,2.139986e+01,2.088614e+01,2.058643e+01,2.050262e+01,2.041176e+01,2.043274e+01,2.051660e+01,2.044672e+01,2.046769e+01,2.045371e+01,2.039078e+01,2.050961e+01,2.049564e+01,2.041176e+01,2.030682e+01,2.049564e+01,2.041875e+01,2.048166e+01,2.045371e+01,2.047468e+01,2.043274e+01,2.036980e+01,2.039778e+01,2.042575e+01,2.034181e+01,2.045371e+01,2.032082e+01,2.043973e+01,2.036280e+01,2.049564e+01,2.046070e+01,2.057246e+01,2.057246e+01,2.044672e+01,2.050961e+01,2.048865e+01,2.041176e+01,2.045371e+01,2.042575e+01,2.047468e+01,2.046769e+01,2.048865e+01,2.045371e+01,2.047468e+01,2.039078e+01,2.048166e+01,2.039778e+01,2.046769e+01,2.046769e+01,2.046769e+01,2.043274e+01,2.059340e+01,2.042575e+01,2.036980e+01,2.047468e+01,2.041875e+01,2.042575e+01,2.038379e+01,2.039778e+01,2.052358e+01,2.049564e+01,2.040477e+01,2.039778e+01,2.047468e+01,2.041875e+01,2.029282e+01,2.037679e+01,2.041875e+01,2.048865e+01,2.053057e+01,2.047468e+01,2.046070e+01,2.039078e+01,2.050961e+01,2.046070e+01,2.044672e+01,2.043973e+01,2.040477e+01,2.039778e+01,2.038379e+01,2.040477e+01,2.052358e+01,2.039778e+01,2.041176e+01,2.048865e+01,2.045371e+01,2.049564e+01,2.050262e+01,2.046769e+01,2.047468e+01,2.046070e+01,2.046769e+01,2.044672e+01,2.053057e+01,2.043274e+01,2.046070e+01,2.045371e+01,2.041875e+01,2.038379e+01,2.040477e+01,2.039078e+01,2.050961e+01,2.037679e+01,2.041875e+01,2.041875e+01,2.034881e+01,2.043973e+01,2.053057e+01,2.047468e+01,2.037679e+01,2.041875e+01,2.045371e+01,2.043274e+01,2.062132e+01,2.040477e+01,2.046070e+01,2.033481e+01,2.040477e+01,2.046070e+01,2.041176e+01,2.047468e+01,2.043973e+01,2.042575e+01,2.042575e+01,2.043274e+01,2.064225e+01,2.043274e+01,2.055850e+01,2.055152e+01,2.047468e+01,2.045371e+01,2.046769e+01,2.062132e+01,2.055850e+01,2.062132e+01,2.048166e+01,2.053057e+01,2.055850e+01,2.053755e+01,2.054453e+01,2.053755e+01,2.062830e+01,2.060736e+01,2.049564e+01,2.054453e+01,2.062830e+01,2.068410e+01,2.066318e+01,2.066318e+01,2.055152e+01,2.061434e+01,2.053755e+01,2.054453e+01,2.053057e+01,2.050961e+01,2.050262e+01,2.052358e+01,2.048166e+01,2.059340e+01,2.064923e+01,2.050262e+01,2.065621e+01,2.043973e+01,2.052358e+01,2.058643e+01,2.051660e+01,2.058643e+01,2.058643e+01,2.048865e+01,2.043973e+01,2.048166e+01,2.034881e+01,2.033481e+01,2.041176e+01,2.032082e+01,2.028582e+01,2.049564e+01,2.038379e+01,2.045371e+01,2.045371e+01,2.043973e+01,2.043274e+01,2.043274e+01,2.055152e+01,2.043274e+01,2.043274e+01,2.047468e+01,2.050262e+01,2.039078e+01,2.047468e+01,2.056548e+01,2.055152e+01,2.041875e+01,2.044672e+01,2.045371e+01,2.045371e+01,2.046070e+01,2.045371e+01,2.043973e+01,2.041875e+01,2.039778e+01,2.038379e+01,2.042575e+01,2.042575e+01,2.046769e+01,2.059340e+01,2.060039e+01,2.043973e+01,2.059340e+01,2.057246e+01,2.060039e+01,2.063528e+01,2.063528e+01,2.060039e+01,2.059340e+01,2.064225e+01,2.067713e+01,2.062830e+01,2.061434e+01,2.067713e+01,2.063528e+01,2.081652e+01,2.072594e+01,2.074685e+01,2.062132e+01,2.062132e+01,2.060736e+01,2.066318e+01,2.073988e+01,2.066318e+01,2.067713e+01,2.063528e+01,2.067016e+01,2.065621e+01,2.076775e+01,2.066318e+01,2.060039e+01,2.065621e+01,2.064923e+01,2.066318e+01,2.067713e+01,2.067016e+01,2.057246e+01,2.062132e+01,2.073291e+01,2.073988e+01,2.070502e+01,2.071897e+01,2.059340e+01,2.057944e+01,2.050961e+01,2.043973e+01,2.056548e+01,2.064923e+01,2.058643e+01,2.062830e+01,2.062830e+01,2.063528e+01,2.064923e+01,2.069108e+01,2.067713e+01,2.062132e+01,2.067713e+01,2.071897e+01,2.057246e+01,2.051660e+01,2.049564e+01,2.052358e+01,2.056548e+01,2.047468e+01,2.049564e+01,2.058643e+01,2.057246e+01,2.054453e+01,2.046070e+01,2.041176e+01,2.055850e+01,2.054453e+01,2.039078e+01,2.041176e+01,2.042575e+01,2.043274e+01,2.040477e+01,2.048865e+01,2.050961e+01,2.043274e+01,2.048865e+01,2.034881e+01,2.045371e+01,2.046769e+01,2.038379e+01,2.050961e+01,2.048865e+01,2.053755e+01,2.046070e+01,2.051660e+01,2.048865e+01,2.053057e+01,2.051660e+01,2.048166e+01,2.052358e+01,2.050262e+01,2.068410e+01,2.054453e+01,2.064225e+01,2.056548e+01,2.062132e+01,2.046769e+01,2.063528e+01,2.057246e+01,2.035581e+01,2.050961e+01,2.062830e+01,2.045371e+01,2.053057e+01,2.045371e+01,2.056548e+01,2.046070e+01,2.062132e+01,2.056548e+01,2.054453e+01,2.041176e+01,2.053057e+01,2.061434e+01,2.053057e+01,2.051660e+01,2.053755e+01,2.048166e+01,2.058643e+01,2.060039e+01,2.057944e+01,2.049564e+01,2.051660e+01,2.053755e+01,2.054453e+01,2.061434e+01,2.055152e+01,2.049564e+01,2.061434e+01,2.060736e+01,2.060039e+01,2.049564e+01,2.049564e+01,2.050961e+01,2.045371e+01,2.051660e+01,2.053755e+01,2.049564e+01,2.056548e+01,2.062132e+01,2.050262e+01,2.059340e+01,2.064225e+01,2.055850e+01,2.055152e+01,2.053755e+01,2.048166e+01,2.058643e+01,2.057246e+01,2.061434e+01,2.065621e+01,2.053057e+01,2.048166e+01,2.054453e+01,2.050262e+01,2.051660e+01,2.053057e+01,2.046769e+01,2.055152e+01,2.055850e+01,2.055152e+01,2.055152e+01,2.055850e+01,2.048166e+01,2.044672e+01,2.057246e+01,2.052358e+01,2.050961e+01,2.052358e+01,2.060039e+01,2.047468e+01,2.044672e+01,2.056548e+01,2.055152e+01,2.050961e+01,2.051660e+01,2.053755e+01,2.052358e+01,2.053057e+01,2.053057e+01,2.048166e+01,2.050262e+01,2.052358e+01,2.048865e+01,2.064225e+01,2.046769e+01,2.049564e+01,2.050262e+01,2.053755e+01,2.050262e+01,2.050961e+01,2.048166e+01,2.049564e+01,2.050961e+01,2.041875e+01,2.041875e+01,2.050961e+01,2.050961e+01,2.044672e+01,2.053755e+01,2.048166e+01,2.053057e+01,2.048166e+01,2.057246e+01,2.047468e+01,2.052358e+01,2.046769e+01,2.041176e+01,2.045371e+01,2.042575e+01,2.055850e+01,2.045371e+01,2.039778e+01,2.046769e+01,2.051660e+01,2.054453e+01,2.043973e+01,2.048865e+01,2.048166e+01,2.049564e+01,2.037679e+01,2.046070e+01,2.049564e+01,2.053755e+01,2.040477e+01,2.037679e+01,2.036280e+01,2.046769e+01,2.048865e+01,2.047468e+01,2.036280e+01,2.039078e+01,2.040477e+01,2.037679e+01,2.044672e+01,2.040477e+01,2.048166e+01,2.039078e+01,2.041875e+01,2.038379e+01,2.058643e+01,2.041875e+01,2.043973e+01,2.046070e+01,2.041176e+01,2.044672e+01,2.044672e+01,2.048865e+01,2.040477e+01,2.046769e+01,2.050961e+01,2.036980e+01,2.035581e+01,2.049564e+01,2.059340e+01,2.048166e+01,2.046769e+01,2.046769e+01,2.043973e+01,2.049564e+01,2.036980e+01,2.050961e+01,2.048166e+01,2.051660e+01,2.036280e+01,2.050961e+01,2.039778e+01,2.036980e+01,2.043973e+01,2.049564e+01,2.053057e+01,2.043274e+01,2.055152e+01,2.040477e+01,2.045371e+01,2.045371e+01,2.043274e+01,2.056548e+01,2.048865e+01,2.039778e+01,2.048166e+01,2.053755e+01,2.047468e+01,2.053755e+01,2.043274e+01,2.053057e+01,2.054453e+01,2.056548e+01,2.057944e+01,2.067016e+01,2.060039e+01,2.060039e+01,2.060039e+01,2.064923e+01,2.066318e+01,2.059340e+01,2.061434e+01,2.063528e+01,2.073988e+01,2.051660e+01,2.064225e+01,2.050961e+01,2.062132e+01,2.060736e+01,2.060736e+01,2.059340e+01,2.051660e+01,2.058643e+01,2.048865e+01,2.048166e+01,2.050961e+01,2.071200e+01,2.078866e+01,2.053057e+01,2.054453e+01,2.060039e+01,2.047468e+01,2.055152e+01
2.057944e+01,2.059340e+01,2.053057e+01,2.053057e+01,2.055152e+01,2.051660e+01,2.054453e+01,2.045371e+01,2.055850e+01,2.062830e+01,2.057246e+01,2.068410e+01,2.060736e+01,2.060039e+01,2.060736e+01,2.063528e+01,2.094876e+01,2.099048e+01,2.081652e+01,2.099744e+01,2.097658e+01,2.085134e+01,2.083045e+01,2.085830e+01,2.082348e+01,2.102524e+01,2.071200e+01,2.090702e+01,2.075382e+01,2.093485e+01,2.090006e+01,2.092789e+01,2.099048e+01,2.103914e+01,2.086526e+01,2.098353e+01,2.115721e+01,2.110166e+01,2.131673e+01,2.134445e+01,2.138601e+01,2.142063e+01,2.142063e+01,2.142756e+01,2.148984e+01,2.137216e+01,2.117803e+01,2.117109e+01,2.122660e+01,2.126821e+01,2.108777e+01,2.095572e+01,2.121272e+01,2.118497e+01,2.118497e+01,2.121966e+01,2.121272e+01,2.119191e+01,2.124047e+01,2.117803e+01,2.111555e+01,2.115027e+01,2.124047e+01,2.123353e+01,2.115721e+01,2.108777e+01,2.109472e+01,2.110166e+01,2.112944e+01,2.119885e+01,2.124047e+01,2.110861e+01,2.128207e+01,2.121966e+01,2.122660e+01,2.119885e+01,2.134445e+01,2.151059e+01,2.184207e+01,2.224804e+01,2.226178e+01,2.245386e+01,2.252922e+01,2.213811e+01,2.173170e+01,2.192477e+01,2.167647e+01,2.178690e+01,2.184207e+01,2.194544e+01,2.196610e+01,2.198676e+01,2.235786e+01,2.181449e+01,2.181449e+01,2.165575e+01,2.166265e+01,2.122660e+01,2.099744e+01,2.100439e+01,2.098353e+01,2.099744e+01,2.104609e+01,2.103219e+01,2.103219e+01,2.097658e+01,2.106693e+01,2.126127e+01,2.124740e+01,2.138601e+01,2.179380e+01,2.183518e+01,2.162121e+01,2.110166e+01,2.063528e+01,2.057246e+01,2.050262e+01,2.043973e+01,2.039778e+01,2.045371e+01,2.043973e+01,2.042575e+01,2.042575e+01,2.046769e+01,2.036280e+01,2.054453e+01,2.039078e+01,2.039778e+01,2.054453e+01,2.039078e+01,2.046070e+01,2.050262e+01,2.044672e+01,2.042575e+01,2.046769e+01,2.045371e+01,2.040477e+01,2.041176e+01,2.043973e+01,2.047468e+01,2.055152e+01,2.041875e+01,2.050961e+01,2.046769e+01,2.053057e+01,2.041875e+01,2.043274e+01,2.051660e+01,2.044672e+01,2.041176e+01,2.043274e+01,2.050262e+01,2.051660e+01,2.042575e+01,2.044672e+01,2.049564e+01,2.048865e+01,2.043973e+01,2.035581e+01,2.045371e+01,2.042575e+01,2.041875e+01,2.056548e+01,2.044672e+01,2.046769e+01,2.046070e+01,2.053755e+01,2.041875e+01,2.049564e+01,2.043973e+01,2.048865e+01,2.041176e+01,2.053755e+01,2.041875e+01,2.045371e+01,2.049564e+01,2.033481e+01,2.043973e+01,2.046070e+01,2.042575e+01,2.047468e+01,2.047468e+01,2.042575e+01,2.047468e+01,2.053755e+01,2.046769e+01,2.050961e+01,2.045371e+01,2.042575e+01,2.041875e+01,2.047468e+01,2.046070e+01,2.047468e+01,2.048166e+01,2.047468e+01,2.045371e+01,2.043973e+01,2.039778e+01,2.056548e+01,2.043274e+01,2.033481e+01,2.046769e+01,2.044672e+01,2.041176e+01,2.053755e+01,2.045371e+01,2.046070e+01,2.046769e+01,2.046070e+01,2.042575e+01,2.043973e+01,2.045371e+01,2.041176e+01,2.040477e+01,2.041875e+01,2.039778e+01,2.043274e+01,2.045371e+01,2.039778e+01,2.048166e+01,2.046070e+01,2.053755e+01,2.046769e+01,2.039778e+01,2.044672e+01,2.046769e+01,2.039778e+01,2.039778e+01,2.043973e+01,2.039778e+01,2.039778e+01,2.046070e+01,2.046070e+01,2.042575e+01,2.040477e+01,2.043274e+01,2.046070e+01,2.068410e+01,2.051660e+01,2.057944e+01,2.048865e+01,2.064923e+01,2.051660e+01,2.062132e+01,2.057944e+01,2.051660e+01,2.055850e+01,2.053057e+01,2.063528e+01,2.055850e+01,2.061434e+01,2.053755e+01,2.062830e+01,2.069108e+01,2.067713e+01,2.063528e+01,2.050262e+01,2.064225e+01,2.070502e+01,2.064923e+01,2.069108e+01,2.069805e+01,2.054453e+01,2.064923e+01,2.063528e+01,2.053057e+01,2.055152e+01,2.066318e+01,2.055152e+01,2.053057e+01,2.051660e+01,2.062830e+01,2.054453e+01,2.063528e+01,2.046070e+01,2.052358e+01,2.062132e+01,2.055850e+01,2.057246e+01,2.049564e+01,2.052358e+01,2.046070e+01,2.038379e+01,2.048865e+01,2.038379e+01,2.052358e+01,2.053755e+01,2.036280e+01,2.036280e+01,2.041176e+01,2.046070e+01,2.036980e+01,2.037679e+01,2.050262e+01,2.042575e+01,2.046769e+01,2.049564e+01,2.048166e+01,2.043973e+01,2.048166e+01,2.055850e+01,2.050961e+01,2.060039e+01,2.054453e+01,2.048166e+01,2.052358e+01,2.047468e+01,2.045371e+01,2.032082e+01,2.048166e+01,2.049564e+01,2.043274e+01,2.047468e+01,2.040477e+01,2.042575e+01,2.059340e+01,2.055152e+01,2.056548e+01,2.057246e+01,2.055152e+01,2.057246e+01,2.053057e+01,2.069805e+01,2.052358e+01,2.056548e+01,2.062132e+01,2.050961e+01,2.062830e+01,2.060736e+01,2.061434e+01,2.076775e+01,2.067713e+01,2.069108e+01,2.067016e+01,2.069108e+01,2.061434e+01,2.057944e+01,2.064225e+01,2.068410e+01,2.064923e+01,2.067713e+01,2.069108e+01,2.060039e+01,2.069108e+01,2.068410e+01,2.069805e+01,2.062830e+01,2.070502e+01,2.060039e+01,2.066318e+01,2.062132e+01,2.067016e+01,2.064923e+01,2.063528e+01,2.065621e+01,2.061434e+01,2.060039e+01,2.060736e+01,2.059340e+01,2.059340e+01,2.062830e+01,2.064225e+01,2.060736e+01,2.050961e+01,2.067713e+01,2.065621e+01,2.063528e+01,2.062830e+01,2.068410e+01,2.057944e+01,2.060039e+01,2.071897e+01,2.062830e+01,2.068410e+01,2.069108e+01,2.059340e+01,2.060736e+01,2.066318e+01,2.064225e+01,2.046070e+01,2.048865e+01,2.047468e+01,2.045371e+01,2.049564e+01,2.054453e+01,2.049564e+01,2.053755e+01,2.057246e+01,2.048865e+01,2.052358e+01,2.050961e+01,2.047468e+01,2.043973e+01,2.050961e+01,2.052358e+01,2.043274e+01,2.043274e+01,2.048166e+01,2.052358e+01,2.050262e+01,2.054453e+01,2.046769e+01,2.039778e+01,2.048166e+01,2.043973e+01,2.050262e+01,2.053755e+01,2.055850e+01,2.050961e+01,2.048865e+01,2.048865e+01,2.068410e+01,2.049564e+01,2.060736e+01,2.048166e+01,2.043274e+01,2.054453e+01,2.052358e+01,2.053057e+01,2.055152e+01,2.057246e+01,2.055850e+01,2.057944e+01,2.038379e+01,2.053057e+01,2.041176e+01,2.045371e+01,2.048166e+01,2.058643e+01,2.047468e+01,2.057246e+01,2.066318e+01,2.050961e+01,2.054453e+01,2.052358e+01,2.050262e+01,2.065621e+01,2.064225e+01,2.055152e+01,2.036980e+01,2.049564e+01,2.045371e+01,2.063528e+01,2.048166e+01,2.045371e+01,2.051660e+01,2.068410e+01,2.066318e+01,2.059340e+01,2.055152e+01,2.055850e+01,2.060039e+01,2.049564e+01,2.062830e+01,2.062830e+01,2.066318e+01,2.054453e+01,2.066318e+01,2.054453e+01,2.055152e+01,2.055850e+01,2.052358e+01,2.036980e+01,2.058643e+01,2.056548e+01,2.058643e+01,2.046769e+01,2.048865e+01,2.057944e+01,2.059340e+01,2.062830e+01,2.062830e+01,2.061434e+01,2.044672e+01,2.048865e+01,2.054453e+01,2.049564e+01,2.062132e+01,2.048865e+01,2.048166e+01,2.069805e+01,2.062132e+01,2.051660e+01,2.057246e+01,2.059340e+01,2.046070e+01,2.050961e+01,2.053755e+01,2.051660e+01,2.059340e+01,2.055152e+01,2.054453e+01,2.053057e+01,2.046769e+01,2.064225e+01,2.059340e+01,2.064923e+01,2.056548e+01,2.043274e+01,2.047468e+01,2.053755e+01,2.058643e+01,2.043274e+01,2.053057e+01,2.045371e+01,2.046769e+01,2.048865e+01,2.053057e+01,2.052358e+01,2.053755e+01,2.055850e+01,2.053755e+01,2.050961e+01,2.049564e+01,2.048166e+01,2.054453e+01,2.054453e+01,2.041875e+01,2.041875e+01,2.049564e+01,2.060736e+01,2.062830e+01,2.052358e+01,2.057246e+01,2.045371e+01,2.056548e+01,2.053057e+01,2.044672e+01,2.039778e+01,2.047468e+01,2.043973e+01,2.043973e+01,2.045371e+01,2.047468e+01,2.071200e+01,2.041875e+01,2.049564e+01,2.045371e+01,2.046070e+01,2.048166e+01,2.047468e+01,2.048865e+01,2.050262e+01,2.039778e+01,2.046769e+01,2.038379e+01,2.050262e+01,2.043973e+01,2.048865e+01,2.040477e+01,2.046769e+01,2.048166e+01,2.054453e+01,2.043274e+01,2.041875e+01,2.045371e+01,2.048166e+01,2.040477e+01,2.041176e+01,2.041176e+01,2.048865e+01,2.047468e+01,2.057246e+01,2.050961e+01,2.067016e+01,2.045371e+01,2.043973e+01,2.041875e+01,2.048166e+01,2.043973e+01,2.043274e+01,2.051660e+01,2.050262e+01,2.052358e+01,2.065621e+01,2.047468e+01,2.046070e+01,2.047468e+01,2.041176e+01,2.048865e+01,2.049564e+01,2.050961e+01,2.045371e+01,2.038379e+01,2.039078e+01,2.046070e+01,2.044672e+01,2.048865e+01,2.043274e+01,2.043973e+01,2.043274e+01,2.051660e+01,2.053057e+01,2.040477e+01,2.049564e+01,2.040477e+01,2.039078e+01,2.043973e+01,2.046070e+01,2.046070e+01,2.029282e+01,2.061434e+01,2.049564e+01,2.046769e+01,2.041875e+01,2.046769e+01,2.057944e+01,2.053755e+01,2.067016e+01,2.060736e+01,2.055850e+01,2.061434e+01,2.060736e+01,2.071897e+01,2.061434e+01,2.068410e+01,2.076775e+01,2.067713e+01,2.060736e+01,2.063528e+01,2.065621e+01,2.064225e+01,2.065621e+01,2.057944e+01,2.058643e+01,2.048865e+01,2.060039e+01,2.064923e+01,2.041176e+01,2.050961e+01,2.050961e+01,2.048166e+01,2.049564e+01,2.049564e+01,2.055152e+01,2.058643e+01,2.055152e+01,2.055850e+01,2.061434e+01,2.052358e+01
2.061434e+01,2.055152e+01,2.067016e+01,2.058643e+01,2.048166e+01,2.055850e+01,2.053057e+01,2.048865e+01,2.060736e+01,2.065621e+01,2.061434e+01,2.073988e+01,2.060736e+01,2.055152e+01,2.062830e+01,2.076079e+01,2.076079e+01,2.098353e+01,2.085134e+01,2.077472e+01,2.092093e+01,2.085830e+01,2.094876e+01,2.083045e+01,2.077472e+01,2.068410e+01,2.070502e+01,2.079562e+01,2.079562e+01,2.091398e+01,2.073988e+01,2.101829e+01,2.079562e+01,2.085830e+01,2.092789e+01,2.107388e+01,2.103219e+01,2.101829e+01,2.107388e+01,2.111555e+01,2.130287e+01,2.126821e+01,2.139986e+01,2.141371e+01,2.141371e+01,2.141371e+01,2.135830e+01,2.122660e+01,2.120579e+01,2.121272e+01,2.123353e+01,2.137216e+01,2.126821e+01,2.122660e+01,2.124740e+01,2.139986e+01,2.134445e+01,2.117803e+01,2.125434e+01,2.119191e+01,2.120579e+01,2.124047e+01,2.116415e+01,2.120579e+01,2.126127e+01,2.112944e+01,2.107388e+01,2.108777e+01,2.101829e+01,2.121966e+01,2.105999e+01,2.124047e+01,2.141371e+01,2.131673e+01,2.134445e+01,2.133752e+01,2.135830e+01,2.152443e+01,2.181449e+01,2.204182e+01,2.239901e+01,2.248812e+01,2.252237e+01,2.233042e+01,2.185586e+01,2.190411e+01,2.170409e+01,2.182139e+01,2.190411e+01,2.188343e+01,2.210373e+01,2.217935e+01,2.222057e+01,2.214499e+01,2.209686e+01,2.178000e+01,2.169028e+01,2.138601e+01,2.134445e+01,2.135830e+01,2.134445e+01,2.108777e+01,2.123353e+01,2.134445e+01,2.107388e+01,2.117803e+01,2.130980e+01,2.137216e+01,2.140678e+01,2.158665e+01,2.157283e+01,2.166956e+01,2.157283e+01,2.094180e+01,2.048166e+01,2.053057e+01,2.041176e+01,2.051660e+01,2.041176e+01,2.048166e+01,2.044672e+01,2.056548e+01,2.057944e+01,2.057246e+01,2.048865e+01,2.034881e+01,2.040477e+01,2.044672e+01,2.038379e+01,2.050262e+01,2.042575e+01,2.052358e+01,2.047468e+01,2.054453e+01,2.054453e+01,2.047468e+01,2.047468e+01,2.043973e+01,2.056548e+01,2.043274e+01,2.041176e+01,2.060736e+01,2.045371e+01,2.043274e+01,2.050961e+01,2.049564e+01,2.050262e+01,2.049564e+01,2.048166e+01,2.044672e+01,2.049564e+01,2.051660e+01,2.050262e+01,2.050262e+01,2.046769e+01,2.051660e+01,2.037679e+01,2.046070e+01,2.040477e+01,2.043973e+01,2.042575e+01,2.046070e+01,2.042575e+01,2.044672e+01,2.047468e+01,2.055850e+01,2.053057e+01,2.041875e+01,2.046070e+01,2.046769e+01,2.048865e+01,2.038379e+01,2.051660e+01,2.048166e+01,2.039078e+01,2.045371e+01,2.038379e+01,2.043274e+01,2.057246e+01,2.039778e+01,2.050262e+01,2.055850e+01,2.046769e+01,2.047468e+01,2.048166e+01,2.050262e+01,2.047468e+01,2.046070e+01,2.043973e+01,2.048865e+01,2.050961e+01,2.043973e+01,2.050961e+01,2.048865e+01,2.055850e+01,2.047468e+01,2.041875e+01,2.048865e+01,2.043274e+01,2.041176e+01,2.043973e+01,2.041875e+01,2.043274e+01,2.039778e+01,2.041875e+01,2.043274e+01,2.042575e+01,2.055152e+01,2.046769e+01,2.042575e+01,2.045371e+01,2.050262e+01,2.046769e+01,2.044672e+01,2.042575e+01,2.041875e+01,2.036280e+01,2.045371e+01,2.048166e+01,2.044672e+01,2.041176e+01,2.049564e+01,2.048865e+01,2.043274e+01,2.047468e+01,2.040477e+01,2.046070e+01,2.045371e+01,2.054453e+01,2.036280e+01,2.042575e+01,2.046769e+01,2.043973e+01,2.039778e+01,2.040477e+01,2.045371e+01,2.046769e+01,2.044672e+01,2.039778e+01,2.046070e+01,2.060039e+01,2.043274e+01,2.057944e+01,2.087918e+01,2.062132e+01,2.053057e+01,2.059340e+01,2.066318e+01,2.060039e+01,2.055850e+01,2.059340e+01,2.060736e+01,2.064923e+01,2.062132e+01,2.056548e+01,2.057246e+01,2.062132e+01,2.051660e+01,2.065621e+01,2.071897e+01,2.069805e+01,2.069805e+01,2.066318e+01,2.060736e+01,2.055850e+01,2.059340e+01,2.053057e+01,2.052358e+01,2.067713e+01,2.050961e+01,2.061434e+01,2.048865e+01,2.050262e+01,2.050262e+01,2.043274e+01,2.042575e+01,2.038379e+01,2.043274e+01,2.051660e+01,2.045371e+01,2.057246e+01,2.053057e+01,2.045371e+01,2.036280e+01,2.041176e+01,2.030682e+01,2.042575e+01,2.036280e+01,2.042575e+01,2.041176e+01,2.052358e+01,2.044672e+01,2.038379e+01,2.037679e+01,2.046769e+01,2.050961e+01,2.046070e+01,2.063528e+01,2.057944e+01,2.048166e+01,2.048865e+01,2.054453e+01,2.055152e+01,2.050961e+01,2.051660e+01,2.045371e+01,2.045371e+01,2.048865e+01,2.044672e+01,2.041176e+01,2.046070e+01,2.043973e+01,2.041176e+01,2.044672e+01,2.045371e+01,2.054453e+01,2.056548e+01,2.061434e+01,2.062830e+01,2.058643e+01,2.076079e+01,2.068410e+01,2.069108e+01,2.056548e+01,2.050961e+01,2.062830e+01,2.066318e+01,2.060039e+01,2.062830e+01,2.062830e+01,2.076079e+01,2.080955e+01,2.069108e+01,2.059340e+01,2.071200e+01,2.067016e+01,2.067016e+01,2.067713e+01,2.064923e+01,2.061434e+01,2.067713e+01,2.067713e+01,2.057944e+01,2.061434e+01,2.067713e+01,2.071200e+01,2.062132e+01,2.073988e+01,2.069805e+01,2.068410e+01,2.067016e+01,2.069108e+01,2.067016e+01,2.064225e+01,2.082348e+01,2.063528e+01,2.053755e+01,2.061434e+01,2.067713e+01,2.058643e+01,2.061434e+01,2.057944e+01,2.064923e+01,2.060039e+01,2.060736e+01,2.057246e+01,2.062132e+01,2.064923e+01,2.058643e+01,2.060039e+01,2.062132e+01,2.062830e+01,2.057246e+01,2.046070e+01,2.065621e+01,2.043973e+01,2.051660e+01,2.051660e+01,2.050961e+01,2.043973e+01,2.046769e+01,2.047468e+01,2.050262e+01,2.047468e+01,2.053057e+01,2.050961e+01,2.049564e+01,2.048166e+01,2.050961e+01,2.057944e+01,2.041875e+01,2.044672e+01,2.050262e+01,2.044672e+01,2.045371e+01,2.048166e+01,2.056548e+01,2.042575e+01,2.048865e+01,2.043973e+01,2.046769e+01,2.048166e+01,2.045371e+01,2.045371e+01,2.048166e+01,2.051660e+01,2.064923e+01,2.053057e+01,2.053057e+01,2.050961e+01,2.053755e+01,2.055850e+01,2.053755e+01,2.056548e+01,2.056548e+01,2.059340e+01,2.055850e+01,2.057944e+01,2.050961e+01,2.059340e+01,2.054453e+01,2.060039e+01,2.057246e+01,2.050961e+01,2.053755e+01,2.055152e+01,2.046769e+01,2.060039e+01,2.041875e+01,2.057246e+01,2.048865e+01,2.055152e+01,2.052358e+01,2.053057e+01,2.053057e+01,2.052358e+01,2.060736e+01,2.050961e+01,2.055850e+01,2.052358e+01,2.052358e+01,2.046070e+01,2.054453e+01,2.062132e+01,2.055152e+01,2.055152e+01,2.056548e+01,2.064225e+01,2.055152e+01,2.057944e+01,2.059340e+01,2.052358e+01,2.050262e+01,2.050262e+01,2.050262e+01,2.064225e+01,2.057944e+01,2.064225e+01,2.062132e+01,2.060039e+01,2.052358e+01,2.055152e+01,2.053755e+01,2.055152e+01,2.057246e+01,2.052358e+01,2.046070e+01,2.050961e+01,2.055152e+01,2.056548e+01,2.053057e+01,2.067016e+01,2.062132e+01,2.057944e+01,2.053755e+01,2.053755e+01,2.050262e+01,2.050961e+01,2.058643e+01,2.052358e+01,2.052358e+01,2.061434e+01,2.060736e+01,2.053755e+01,2.056548e+01,2.053057e+01,2.057944e+01,2.060736e+01,2.060736e+01,2.047468e+01,2.045371e+01,2.052358e+01,2.052358e+01,2.063528e+01,2.052358e+01,2.066318e+01,2.042575e+01,2.060039e+01,2.050262e+01,2.053755e+01,2.055850e+01,2.060039e+01,2.048166e+01,2.055152e+01,2.050262e+01,2.057944e+01,2.055850e+01,2.062132e+01,2.060736e+01,2.051660e+01,2.060039e+01,2.062830e+01,2.055152e+01,2.052358e+01,2.053755e+01,2.053057e+01,2.053755e+01,2.047468e+01,2.058643e+01,2.060736e+01,2.043973e+01,2.045371e+01,2.052358e+01,2.045371e+01,2.057944e+01,2.052358e+01,2.060736e+01,2.053057e+01,2.044672e+01,2.047468e+01,2.055152e+01,2.045371e+01,2.048865e+01,2.060736e+01,2.051660e+01,2.053755e+01,2.055152e+01,2.053755e+01,2.045371e+01,2.046070e+01,2.050262e+01,2.046769e+01,2.043274e+01,2.044672e+01,2.046070e+01,2.057944e+01,2.041176e+01,2.041875e+01,2.049564e+01,2.048166e+01,2.050961e+01,2.052358e+01,2.059340e+01,2.041176e+01,2.041875e+01,2.045371e+01,2.038379e+01,2.041176e+01,2.046769e+01,2.036980e+01,2.050262e+01,2.043274e+01,2.047468e+01,2.060736e+01,2.043973e+01,2.046769e+01,2.047468e+01,2.043274e+01,2.041176e+01,2.048865e+01,2.043973e+01,2.039778e+01,2.046769e+01,2.039778e+01,2.041176e+01,2.048166e+01,2.050262e+01,2.041176e+01,2.042575e+01,2.042575e+01,2.049564e+01,2.042575e+01,2.036280e+01,2.039078e+01,2.035581e+01,2.036980e+01,2.039078e+01,2.046769e+01,2.040477e+01,2.040477e+01,2.053755e+01,2.050961e+01,2.039078e+01,2.043973e+01,2.045371e+01,2.044672e+01,2.036980e+01,2.052358e+01,2.043274e+01,2.048166e+01,2.050961e+01,2.049564e+01,2.055152e+01,2.045371e+01,2.049564e+01,2.055152e+01,2.044672e+01,2.059340e+01,2.060039e+01,2.057246e+01,2.071897e+01,2.069108e+01,2.060736e+01,2.062830e+01,2.058643e+01,2.056548e+01,2.061434e+01,2.053755e+01,2.056548e+01,2.054453e+01,2.054453e+01,2.055850e+01,2.055152e+01,2.066318e+01,2.053057e+01,2.058643e+01,2.062132e+01,2.059340e+01,2.064923e+01,2.041875e+01,2.047468e+01,2.056548e+01,2.053755e+01,2.053755e+01,2.061434e+01,2.062830e+01,2.055850e+01,2.057944e+01,2.050262e+01,2.053755e+01
2.046070e+01,2.057944e+01,2.050262e+01,2.046769e+01,2.052358e+01,2.055850e+01,2.055152e+01,2.054453e+01,2.056548e+01,2.064923e+01,2.061434e+01,2.059340e+01,2.060039e+01,2.064923e+01,2.065621e+01,2.067713e+01,2.073291e+01,2.074685e+01,2.085134e+01,2.075382e+01,2.085830e+01,2.070502e+01,2.080259e+01,2.068410e+01,2.086526e+01,2.061434e+01,2.069108e+01,2.065621e+01,2.077472e+01,2.077472e+01,2.072594e+01,2.080955e+01,2.083045e+01,2.079562e+01,2.087918e+01,2.088614e+01,2.096962e+01,2.100439e+01,2.108777e+01,2.111555e+01,2.107388e+01,2.110861e+01,2.106693e+01,2.118497e+01,2.146216e+01,2.137908e+01,2.139293e+01,2.134445e+01,2.135138e+01,2.143448e+01,2.136523e+01,2.130980e+01,2.124740e+01,2.126127e+01,2.142063e+01,2.125434e+01,2.125434e+01,2.122660e+01,2.113638e+01,2.126127e+01,2.133059e+01,2.106693e+01,2.115721e+01,2.080259e+01,2.114333e+01,2.110861e+01,2.108083e+01,2.124740e+01,2.119191e+01,2.125434e+01,2.117109e+01,2.129594e+01,2.143448e+01,2.142756e+01,2.135138e+01,2.142756e+01,2.137908e+01,2.160739e+01,2.167647e+01,2.180759e+01,2.197987e+01,2.199364e+01,2.209686e+01,2.192477e+01,2.178690e+01,2.173860e+01,2.171790e+01,2.152443e+01,2.174550e+01,2.178690e+01,2.204870e+01,2.191100e+01,2.190411e+01,2.212436e+01,2.212436e+01,2.185586e+01,2.167647e+01,2.166265e+01,2.152443e+01,2.135830e+01,2.145524e+01,2.146216e+01,2.149676e+01,2.144140e+01,2.141371e+01,2.130980e+01,2.137216e+01,2.156592e+01,2.128207e+01,2.135138e+01,2.137216e+01,2.160048e+01,2.118497e+01,2.066318e+01,2.055152e+01,2.043274e+01,2.053755e+01,2.038379e+01,2.044672e+01,2.046070e+01,2.043973e+01,2.055152e+01,2.053755e+01,2.049564e+01,2.054453e+01,2.055850e+01,2.057246e+01,2.038379e+01,2.053057e+01,2.039078e+01,2.041176e+01,2.055152e+01,2.053755e+01,2.051660e+01,2.036980e+01,2.043274e+01,2.039778e+01,2.041875e+01,2.065621e+01,2.037679e+01,2.043973e+01,2.042575e+01,2.041875e+01,2.050262e+01,2.036980e+01,2.043274e+01,2.050961e+01,2.049564e+01,2.042575e+01,2.049564e+01,2.041176e+01,2.046070e+01,2.043973e+01,2.041875e+01,2.032782e+01,2.048166e+01,2.040477e+01,2.046769e+01,2.046070e+01,2.043274e+01,2.034181e+01,2.029282e+01,2.045371e+01,2.036280e+01,2.044672e+01,2.045371e+01,2.044672e+01,2.046769e+01,2.045371e+01,2.048865e+01,2.049564e+01,2.048865e+01,2.047468e+01,2.046769e+01,2.046070e+01,2.045371e+01,2.036980e+01,2.048166e+01,2.036980e+01,2.049564e+01,2.047468e+01,2.046070e+01,2.043274e+01,2.040477e+01,2.043274e+01,2.044672e+01,2.046070e+01,2.048865e+01,2.046769e+01,2.048865e+01,2.052358e+01,2.041875e+01,2.043274e+01,2.048166e+01,2.041875e+01,2.043274e+01,2.044672e+01,2.044672e+01,2.042575e+01,2.043274e+01,2.045371e+01,2.041176e+01,2.044672e+01,2.036280e+01,2.043274e+01,2.046769e+01,2.043274e+01,2.042575e+01,2.041875e+01,2.042575e+01,2.046070e+01,2.042575e+01,2.034181e+01,2.040477e+01,2.039078e+01,2.042575e+01,2.044672e+01,2.046070e+01,2.039078e+01,2.047468e+01,2.047468e+01,2.042575e+01,2.046769e+01,2.056548e+01,2.047468e+01,2.046070e+01,2.045371e+01,2.041176e+01,2.044672e+01,2.044672e+01,2.040477e+01,2.036280e+01,2.034881e+01,2.046070e+01,2.041176e+01,2.039778e+01,2.041875e+01,2.047468e+01,2.046070e+01,2.048166e+01,2.039778e+01,2.044672e+01,2.049564e+01,2.045371e+01,2.050262e+01,2.048166e+01,2.048865e+01,2.060039e+01,2.045371e+01,2.058643e+01,2.064923e+01,2.066318e+01,2.064923e+01,2.062830e+01,2.060736e+01,2.054453e+01,2.060039e+01,2.057246e+01,2.061434e+01,2.057944e+01,2.062132e+01,2.069805e+01,2.057944e+01,2.053755e+01,2.050262e+01,2.069108e+01,2.049564e+01,2.053057e+01,2.073988e+01,2.060039e+01,2.061434e+01,2.055850e+01,2.054453e+01,2.048865e+01,2.053057e+01,2.053057e+01,2.055152e+01,2.039778e+01,2.053057e+01,2.041875e+01,2.047468e+01,2.042575e+01,2.044672e+01,2.046769e+01,2.040477e+01,2.041875e+01,2.036980e+01,2.039078e+01,2.039078e+01,2.039778e+01,2.037679e+01,2.039778e+01,2.046769e+01,2.046070e+01,2.041176e+01,2.048166e+01,2.036980e+01,2.058643e+01,2.054453e+01,2.046070e+01,2.047468e+01,2.054453e+01,2.043973e+01,2.055152e+01,2.045371e+01,2.048865e+01,2.044672e+01,2.041176e+01,2.043973e+01,2.042575e+01,2.049564e+01,2.041875e+01,2.039778e+01,2.047468e+01,2.051660e+01,2.049564e+01,2.052358e+01,2.054453e+01,2.057246e+01,2.063528e+01,2.058643e+01,2.070502e+01,2.054453e+01,2.048166e+01,2.057246e+01,2.062132e+01,2.060736e+01,2.062132e+01,2.059340e+01,2.060039e+01,2.068410e+01,2.064923e+01,2.075382e+01,2.070502e+01,2.066318e+01,2.076775e+01,2.064225e+01,2.068410e+01,2.062132e+01,2.063528e+01,2.069108e+01,2.068410e+01,2.062132e+01,2.066318e+01,2.064225e+01,2.059340e+01,2.067016e+01,2.072594e+01,2.067713e+01,2.064923e+01,2.063528e+01,2.061434e+01,2.059340e+01,2.057944e+01,2.060039e+01,2.062132e+01,2.063528e+01,2.062830e+01,2.057944e+01,2.063528e+01,2.052358e+01,2.055152e+01,2.062830e+01,2.056548e+01,2.056548e+01,2.039078e+01,2.050961e+01,2.055152e+01,2.050262e+01,2.060039e+01,2.060736e+01,2.047468e+01,2.064923e+01,2.062132e+01,2.064923e+01,2.053057e+01,2.048166e+01,2.046070e+01,2.048865e+01,2.043274e+01,2.053057e+01,2.049564e+01,2.053755e+01,2.049564e+01,2.053755e+01,2.045371e+01,2.043973e+01,2.048865e+01,2.046070e+01,2.048166e+01,2.046769e+01,2.043274e+01,2.053057e+01,2.041875e+01,2.047468e+01,2.043274e+01,2.046769e+01,2.043973e+01,2.044672e+01,2.046769e+01,2.048865e+01,2.053755e+01,2.050961e+01,2.053755e+01,2.048865e+01,2.053057e+01,2.042575e+01,2.049564e+01,2.038379e+01,2.053057e+01,2.052358e+01,2.046070e+01,2.055850e+01,2.052358e+01,2.057944e+01,2.058643e+01,2.055152e+01,2.050262e+01,2.046769e+01,2.062132e+01,2.059340e+01,2.053755e+01,2.048166e+01,2.055152e+01,2.060039e+01,2.046769e+01,2.061434e+01,2.060039e+01,2.053057e+01,2.053755e+01,2.053057e+01,2.059340e+01,2.050961e+01,2.058643e+01,2.055152e+01,2.048166e+01,2.039778e+01,2.056548e+01,2.055152e+01,2.062132e+01,2.052358e+01,2.049564e+01,2.068410e+01,2.051660e+01,2.063528e+01,2.055152e+01,2.045371e+01,2.053057e+01,2.052358e+01,2.051660e+01,2.063528e+01,2.053057e+01,2.052358e+01,2.061434e+01,2.055152e+01,2.054453e+01,2.055850e+01,2.064923e+01,2.062830e+01,2.055850e+01,2.050961e+01,2.055152e+01,2.056548e+01,2.057246e+01,2.053057e+01,2.048166e+01,2.053057e+01,2.042575e+01,2.044672e+01,2.057944e+01,2.047468e+01,2.048166e+01,2.059340e+01,2.060736e+01,2.052358e+01,2.052358e+01,2.043274e+01,2.048865e+01,2.056548e+01,2.051660e+01,2.054453e+01,2.055152e+01,2.048166e+01,2.060039e+01,2.056548e+01,2.054453e+01,2.057944e+01,2.057246e+01,2.057246e+01,2.044672e+01,2.055850e+01,2.055850e+01,2.054453e+01,2.048166e+01,2.056548e+01,2.050961e+01,2.062132e+01,2.053057e+01,2.052358e+01,2.055152e+01,2.043973e+01,2.053057e+01,2.047468e+01,2.058643e+01,2.053057e+01,2.058643e+01,2.054453e+01,2.055850e+01,2.056548e+01,2.050961e+01,2.058643e+01,2.055850e+01,2.055850e+01,2.048865e+01,2.057944e+01,2.054453e+01,2.050961e+01,2.051660e+01,2.047468e+01,2.046769e+01,2.036280e+01,2.057944e+01,2.047468e+01,2.041176e+01,2.048865e+01,2.042575e+01,2.060039e+01,2.048166e+01,2.048166e+01,2.048166e+01,2.044672e+01,2.048166e+01,2.050961e+01,2.055152e+01,2.048865e+01,2.055152e+01,2.053057e+01,2.048865e+01,2.038379e+01,2.044672e+01,2.043274e+01,2.041176e+01,2.041875e+01,2.036980e+01,2.048865e+01,2.050961e+01,2.041875e+01,2.032082e+01,2.035581e+01,2.043274e+01,2.049564e+01,2.054453e+01,2.049564e+01,2.048865e+01,2.032782e+01,2.050262e+01,2.046769e+01,2.039778e+01,2.049564e+01,2.037679e+01,2.047468e+01,2.050961e+01,2.050961e+01,2.048865e+01,2.048865e+01,2.047468e+01,2.043973e+01,2.049564e+01,2.043274e+01,2.048166e+01,2.043274e+01,2.043274e+01,2.039778e+01,2.043274e+01,2.040477e+01,2.040477e+01,2.043274e+01,2.045371e+01,2.043973e+01,2.044672e+01,2.043973e+01,2.043973e+01,2.041176e+01,2.043973e+01,2.049564e+01,2.038379e+01,2.050961e+01,2.038379e+01,2.036980e+01,2.039078e+01,2.043274e+01,2.039778e+01,2.048166e+01,2.053755e+01,2.054453e+01,2.043274e+01,2.050961e+01,2.048865e+01,2.042575e+01,2.048166e+01,2.055850e+01,2.049564e+01,2.050262e+01,2.057944e+01,2.055152e+01,2.060736e+01,2.053755e+01,2.055850e+01,2.060039e+01,2.063528e+01,2.061434e+01,2.062132e+01,2.062132e+01,2.060039e+01,2.060736e+01,2.043973e+01,2.048865e+01,2.061434e+01,2.057944e+01,2.057944e+01,2.067713e+01,2.054453e+01,2.053755e+01,2.050262e+01,2.060736e+01,2.065621e+01,2.069805e+01,2.050262e+01,2.050262e+01,2.055850e+01,2.047468e+01,2.047468e+01,2.048865e+01,2.052358e+01,2.053755e+01,2.046769e+01,2.053057e+01,2.048166e+01,2.050262e+01,2.059340e+01
2.060039e+01,2.052358e+01,2.050961e+01,2.045371e+01,2.069805e+01,2.051660e+01,2.067016e+01,2.053755e+01,2.053057e+01,2.054453e+01,2.055850e+01,2.066318e+01,2.055152e+01,2.062830e+01,2.064923e+01,2.059340e+01,2.079562e+01,2.055152e+01,2.073291e+01,2.073291e+01,2.071897e+01,2.070502e+01,2.068410e+01,2.076079e+01,2.065621e+01,2.061434e+01,2.059340e+01,2.061434e+01,2.055850e+01,2.074685e+01,2.071897e+01,2.079562e+01,2.067016e+01,2.085134e+01,2.080955e+01,2.080259e+01,2.071897e+01,2.092789e+01,2.089310e+01,2.099048e+01,2.103914e+01,2.110166e+01,2.122660e+01,2.120579e+01,2.123353e+01,2.140678e+01,2.137908e+01,2.137216e+01,2.119191e+01,2.128901e+01,2.141371e+01,2.149676e+01,2.142063e+01,2.145524e+01,2.150368e+01,2.141371e+01,2.130980e+01,2.117109e+01,2.124740e+01,2.124047e+01,2.133059e+01,2.126821e+01,2.110166e+01,2.115027e+01,2.121966e+01,2.117803e+01,2.131673e+01,2.129594e+01,2.149676e+01,2.135830e+01,2.150368e+01,2.149676e+01,2.146216e+01,2.149676e+01,2.146216e+01,2.145524e+01,2.155209e+01,2.165575e+01,2.150368e+01,2.155209e+01,2.166956e+01,2.182139e+01,2.160739e+01,2.164193e+01,2.156592e+01,2.153134e+01,2.156592e+01,2.177310e+01,2.189721e+01,2.189721e+01,2.193855e+01,2.178690e+01,2.176620e+01,2.208310e+01,2.189721e+01,2.171099e+01,2.169718e+01,2.172480e+01,2.137216e+01,2.145524e+01,2.171099e+01,2.171790e+01,2.169028e+01,2.171099e+01,2.141371e+01,2.136523e+01,2.139986e+01,2.135138e+01,2.128207e+01,2.121272e+01,2.135138e+01,2.111555e+01,2.078169e+01,2.067016e+01,2.055152e+01,2.039778e+01,2.041875e+01,2.044672e+01,2.047468e+01,2.046769e+01,2.027881e+01,2.048865e+01,2.053755e+01,2.045371e+01,2.054453e+01,2.053057e+01,2.046769e+01,2.048865e+01,2.051660e+01,2.039778e+01,2.043973e+01,2.051660e+01,2.037679e+01,2.045371e+01,2.040477e+01,2.033481e+01,2.052358e+01,2.050961e+01,2.034181e+01,2.047468e+01,2.052358e+01,2.038379e+01,2.046769e+01,2.038379e+01,2.052358e+01,2.034181e+01,2.050262e+01,2.048166e+01,2.042575e+01,2.045371e+01,2.041176e+01,2.040477e+01,2.048166e+01,2.042575e+01,2.046769e+01,2.046769e+01,2.046769e+01,2.048865e+01,2.045371e+01,2.041176e+01,2.041176e+01,2.043274e+01,2.041875e+01,2.041875e+01,2.042575e+01,2.043973e+01,2.043274e+01,2.046070e+01,2.043973e+01,2.050961e+01,2.048865e+01,2.048166e+01,2.055850e+01,2.048166e+01,2.041176e+01,2.039778e+01,2.036980e+01,2.037679e+01,2.044672e+01,2.041176e+01,2.041875e+01,2.037679e+01,2.045371e+01,2.043973e+01,2.046070e+01,2.044672e+01,2.046769e+01,2.046769e+01,2.050262e+01,2.043274e+01,2.046769e+01,2.041176e+01,2.029282e+01,2.051660e+01,2.047468e+01,2.039078e+01,2.035581e+01,2.041875e+01,2.041176e+01,2.032782e+01,2.039778e+01,2.040477e+01,2.033481e+01,2.028582e+01,2.042575e+01,2.053755e+01,2.041875e+01,2.048865e+01,2.050262e+01,2.053057e+01,2.041875e+01,2.043973e+01,2.030682e+01,2.019476e+01,2.045371e+01,2.048166e+01,2.039078e+01,2.047468e+01,2.046769e+01,2.035581e+01,2.046769e+01,2.040477e+01,2.041875e+01,2.039778e+01,2.042575e+01,2.047468e+01,2.043274e+01,2.041875e+01,2.036980e+01,2.060039e+01,2.029282e+01,2.050961e+01,2.033481e+01,2.039778e+01,2.038379e+01,2.035581e+01,2.046070e+01,2.046769e+01,2.038379e+01,2.041875e+01,2.048166e+01,2.043973e+01,2.046769e+01,2.046070e+01,2.045371e+01,2.051660e+01,2.051660e+01,2.060039e+01,2.048166e+01,2.059340e+01,2.053057e+01,2.064923e+01,2.066318e+01,2.063528e+01,2.057246e+01,2.051660e+01,2.053755e+01,2.058643e+01,2.057246e+01,2.062132e+01,2.066318e+01,2.060039e+01,2.056548e+01,2.062830e+01,2.056548e+01,2.064225e+01,2.052358e+01,2.055152e+01,2.050961e+01,2.047468e+01,2.053057e+01,2.061434e+01,2.050961e+01,2.053755e+01,2.052358e+01,2.055152e+01,2.048865e+01,2.053057e+01,2.052358e+01,2.046769e+01,2.042575e+01,2.043973e+01,2.040477e+01,2.044672e+01,2.043973e+01,2.043274e+01,2.039778e+01,2.035581e+01,2.048166e+01,2.038379e+01,2.041176e+01,2.043274e+01,2.043973e+01,2.037679e+01,2.042575e+01,2.048865e+01,2.048865e+01,2.053057e+01,2.050262e+01,2.055850e+01,2.048865e+01,2.043973e+01,2.041875e+01,2.052358e+01,2.049564e+01,2.045371e+01,2.044672e+01,2.041875e+01,2.045371e+01,2.057246e+01,2.041875e+01,2.049564e+01,2.043274e+01,2.042575e+01,2.046769e+01,2.054453e+01,2.048865e+01,2.050961e+01,2.052358e+01,2.062132e+01,2.055152e+01,2.060736e+01,2.046769e+01,2.049564e+01,2.058643e+01,2.061434e+01,2.062132e+01,2.071200e+01,2.067713e+01,2.064225e+01,2.065621e+01,2.069805e+01,2.066318e+01,2.069108e+01,2.065621e+01,2.060736e+01,2.067016e+01,2.059340e+01,2.066318e+01,2.065621e+01,2.064225e+01,2.062830e+01,2.062830e+01,2.059340e+01,2.058643e+01,2.060039e+01,2.067016e+01,2.064225e+01,2.052358e+01,2.062132e+01,2.056548e+01,2.057246e+01,2.064225e+01,2.060039e+01,2.060039e+01,2.061434e+01,2.065621e+01,2.062830e+01,2.063528e+01,2.060039e+01,2.080955e+01,2.062830e+01,2.060039e+01,2.057246e+01,2.063528e+01,2.057246e+01,2.051660e+01,2.050961e+01,2.056548e+01,2.048865e+01,2.059340e+01,2.051660e+01,2.049564e+01,2.052358e+01,2.047468e+01,2.049564e+01,2.048865e+01,2.051660e+01,2.050961e+01,2.050262e+01,2.043274e+01,2.055850e+01,2.051660e+01,2.054453e+01,2.048865e+01,2.047468e+01,2.050262e+01,2.044672e+01,2.044672e+01,2.043973e+01,2.050961e+01,2.044672e+01,2.052358e+01,2.050262e+01,2.050262e+01,2.045371e+01,2.041875e+01,2.060736e+01,2.046070e+01,2.044672e+01,2.057944e+01,2.041176e+01,2.050262e+01,2.049564e+01,2.050262e+01,2.051660e+01,2.048166e+01,2.049564e+01,2.051660e+01,2.053057e+01,2.057944e+01,2.054453e+01,2.045371e+01,2.053057e+01,2.057246e+01,2.052358e+01,2.052358e+01,2.053755e+01,2.053057e+01,2.062132e+01,2.050961e+01,2.048865e+01,2.051660e+01,2.057246e+01,2.056548e+01,2.045371e+01,2.060039e+01,2.046769e+01,2.058643e+01,2.061434e+01,2.054453e+01,2.052358e+01,2.048865e+01,2.048166e+01,2.048865e+01,2.067713e+01,2.067016e+01,2.043973e+01,2.054453e+01,2.060736e+01,2.063528e+01,2.055152e+01,2.053057e+01,2.049564e+01,2.053057e+01,2.053755e+01,2.054453e+01,2.053755e+01,2.055152e+01,2.062132e+01,2.053057e+01,2.058643e+01,2.051660e+01,2.057246e+01,2.046769e+01,2.043274e+01,2.050961e+01,2.053057e+01,2.064923e+01,2.050262e+01,2.053057e+01,2.053755e+01,2.053755e+01,2.056548e+01,2.053755e+01,2.055152e+01,2.056548e+01,2.053057e+01,2.060039e+01,2.053755e+01,2.060736e+01,2.060039e+01,2.060736e+01,2.050262e+01,2.054453e+01,2.053755e+01,2.055850e+01,2.050961e+01,2.051660e+01,2.050961e+01,2.053057e+01,2.053755e+01,2.058643e+01,2.059340e+01,2.058643e+01,2.055152e+01,2.057246e+01,2.056548e+01,2.048865e+01,2.053057e+01,2.048166e+01,2.060736e+01,2.056548e+01,2.049564e+01,2.064225e+01,2.054453e+01,2.053755e+01,2.051660e+01,2.057944e+01,2.057246e+01,2.053755e+01,2.055152e+01,2.053755e+01,2.060736e+01,2.050961e+01,2.038379e+01,2.052358e+01,2.056548e+01,2.057246e+01,2.047468e+01,2.056548e+01,2.056548e+01,2.055152e+01,2.051660e+01,2.055152e+01,2.053057e+01,2.056548e+01,2.034881e+01,2.052358e+01,2.043973e+01,2.047468e+01,2.046070e+01,2.043274e+01,2.050961e+01,2.049564e+01,2.055850e+01,2.046070e+01,2.049564e+01,2.038379e+01,2.045371e+01,2.048166e+01,2.049564e+01,2.050262e+01,2.049564e+01,2.049564e+01,2.044672e+01,2.051660e+01,2.051660e+01,2.035581e+01,2.039078e+01,2.048865e+01,2.041176e+01,2.039778e+01,2.050961e+01,2.058643e+01,2.041875e+01,2.046070e+01,2.047468e+01,2.050262e+01,2.048865e+01,2.043973e+01,2.046769e+01,2.031382e+01,2.035581e+01,2.041176e+01,2.047468e+01,2.043274e+01,2.050961e+01,2.048865e+01,2.046769e+01,2.048166e+01,2.050961e+01,2.047468e+01,2.048865e+01,2.039778e+01,2.048865e+01,2.047468e+01,2.067713e+01,2.046070e+01,2.041176e+01,2.053755e+01,2.040477e+01,2.041875e+01,2.046769e+01,2.046769e+01,2.046070e+01,2.044672e+01,2.039778e+01,2.048166e+01,2.041875e+01,2.044672e+01,2.051660e+01,2.039778e+01,2.037679e+01,2.041875e+01,2.048865e+01,2.036980e+01,2.040477e+01,2.041875e+01,2.048865e+01,2.039778e+01,2.043274e+01,2.041875e+01,2.039778e+01,2.051660e+01,2.044672e+01,2.043973e+01,2.050262e+01,2.050262e+01,2.048865e+01,2.048865e+01,2.046769e+01,2.058643e+01,2.042575e+01,2.058643e+01,2.060736e+01,2.064923e+01,2.068410e+01,2.064225e+01,2.058643e+01,2.065621e+01,2.043973e+01,2.053755e+01,2.057944e+01,2.060736e+01,2.064225e+01,2.057944e+01,2.058643e+01,2.051660e+01,2.062132e+01,2.051660e+01,2.048865e+01,2.054453e+01,2.052358e+01,2.062830e+01,2.061434e+01,2.057944e+01,2.050262e+01,2.057944e+01,2.059340e+01,2.046769e+01,2.055850e+01,2.049564e+01,2.053755e+01,2.053057e+01,2.057944e+01,2.056548e+01,2.055850e+01,2.057944e+01,2.043973e+01
2.063528e+01,2.059340e+01,2.063528e+01,2.069805e+01,2.069108e+01,2.055152e+01,2.058643e+01,2.059340e+01,2.073988e+01,2.059340e+01,2.064923e+01,2.067016e+01,2.055152e+01,2.064225e+01,2.062830e+01,2.062830e+01,2.068410e+01,2.055850e+01,2.073291e+01,2.066318e+01,2.060736e+01,2.061434e+01,2.066318e+01,2.064923e+01,2.063528e+01,2.062132e+01,2.067713e+01,2.056548e+01,2.063528e+01,2.060736e+01,2.061434e+01,2.062830e+01,2.076079e+01,2.075382e+01,2.085830e+01,2.096962e+01,2.095572e+01,2.085830e+01,2.083045e+01,2.096267e+01,2.085830e+01,2.103219e+01,2.122660e+01,2.117803e+01,2.144140e+01,2.139986e+01,2.118497e+01,2.134445e+01,2.115027e+01,2.132366e+01,2.134445e+01,2.142756e+01,2.147600e+01,2.131673e+01,2.137908e+01,2.122660e+01,2.138601e+01,2.125434e+01,2.131673e+01,2.146216e+01,2.148984e+01,2.139986e+01,2.146908e+01,2.131673e+01,2.137908e+01,2.135138e+01,2.137216e+01,2.174550e+01,2.146216e+01,2.146908e+01,2.154517e+01,2.151059e+01,2.170409e+01,2.158665e+01,2.155900e+01,2.171099e+01,2.178000e+01,2.175240e+01,2.152443e+01,2.151059e+01,2.146908e+01,2.168337e+01,2.163503e+01,2.145524e+01,2.153826e+01,2.162121e+01,2.178690e+01,2.176620e+01,2.182139e+01,2.179380e+01,2.176620e+01,2.175240e+01,2.160048e+01,2.171790e+01,2.174550e+01,2.146908e+01,2.168337e+01,2.144140e+01,2.139293e+01,2.140678e+01,2.142756e+01,2.169028e+01,2.166265e+01,2.178000e+01,2.165575e+01,2.159356e+01,2.130980e+01,2.133059e+01,2.133752e+01,2.132366e+01,2.105304e+01,2.086526e+01,2.076775e+01,2.068410e+01,2.052358e+01,2.052358e+01,2.051660e+01,2.036280e+01,2.050262e+01,2.048865e+01,2.045371e+01,2.046769e+01,2.045371e+01,2.069805e+01,2.051660e+01,2.054453e+01,2.054453e+01,2.046769e+01,2.045371e+01,2.050262e+01,2.045371e+01,2.052358e+01,2.040477e+01,2.052358e+01,2.052358e+01,2.050262e+01,2.048166e+01,2.045371e+01,2.050262e+01,2.045371e+01,2.053755e+01,2.051660e+01,2.054453e+01,2.043973e+01,2.052358e+01,2.044672e+01,2.050262e+01,2.053755e+01,2.074685e+01,2.046769e+01,2.043274e+01,2.043274e+01,2.044672e+01,2.046769e+01,2.049564e+01,2.046769e+01,2.049564e+01,2.043274e+01,2.044672e+01,2.030682e+01,2.064225e+01,2.050262e+01,2.041176e+01,2.057246e+01,2.036980e+01,2.041875e+01,2.048166e+01,2.055850e+01,2.046070e+01,2.053057e+01,2.053057e+01,2.031382e+01,2.044672e+01,2.058643e+01,2.050262e+01,2.052358e+01,2.049564e+01,2.049564e+01,2.051660e+01,2.050961e+01,2.049564e+01,2.053057e+01,2.055152e+01,2.043973e+01,2.046070e+01,2.051660e+01,2.050262e+01,2.044672e+01,2.053755e+01,2.041875e+01,2.050961e+01,2.048865e+01,2.048865e+01,2.050262e+01,2.043973e+01,2.048166e+01,2.039078e+01,2.048865e+01,2.047468e+01,2.046070e+01,2.043274e+01,2.039078e+01,2.050262e+01,2.054453e+01,2.051660e+01,2.048865e+01,2.053057e+01,2.051660e+01,2.041176e+01,2.051660e+01,2.050262e+01,2.050262e+01,2.032082e+01,2.050961e+01,2.046070e+01,2.035581e+01,2.049564e+01,2.046769e+01,2.044672e+01,2.039778e+01,2.036980e+01,2.043274e+01,2.047468e+01,2.039778e+01,2.048166e+01,2.045371e+01,2.044672e+01,2.043274e+01,2.046769e+01,2.043973e+01,2.048865e+01,2.050961e+01,2.048166e+01,2.034881e+01,2.045371e+01,2.044672e+01,2.057246e+01,2.043274e+01,2.046070e+01,2.051660e+01,2.036980e+01,2.046070e+01,2.048865e+01,2.041875e+01,2.044672e+01,2.059340e+01,2.058643e+01,2.060736e+01,2.062830e+01,2.061434e+01,2.063528e+01,2.062830e+01,2.062132e+01,2.062830e+01,2.061434e+01,2.060736e+01,2.062830e+01,2.067016e+01,2.067713e+01,2.057944e+01,2.066318e+01,2.057944e+01,2.053755e+01,2.057246e+01,2.057246e+01,2.055850e+01,2.050961e+01,2.053057e+01,2.065621e+01,2.064225e+01,2.056548e+01,2.055850e+01,2.060039e+01,2.057944e+01,2.058643e+01,2.056548e+01,2.052358e+01,2.047468e+01,2.047468e+01,2.046769e+01,2.046769e+01,2.041875e+01,2.042575e+01,2.066318e+01,2.046070e+01,2.034881e+01,2.048166e+01,2.047468e+01,2.042575e+01,2.041176e+01,2.040477e+01,2.038379e+01,2.037679e+01,2.041176e+01,2.056548e+01,2.044672e+01,2.046769e+01,2.047468e+01,2.058643e+01,2.060736e+01,2.050961e+01,2.046769e+01,2.048865e+01,2.047468e+01,2.045371e+01,2.055152e+01,2.044672e+01,2.041875e+01,2.046769e+01,2.042575e+01,2.047468e+01,2.053057e+01,2.040477e+01,2.043274e+01,2.041176e+01,2.053057e+01,2.060736e+01,2.057944e+01,2.055152e+01,2.058643e+01,2.048865e+01,2.045371e+01,2.060736e+01,2.060039e+01,2.060736e+01,2.062132e+01,2.061434e+01,2.062132e+01,2.068410e+01,2.062132e+01,2.064923e+01,2.064923e+01,2.073988e+01,2.064923e+01,2.063528e+01,2.069108e+01,2.062830e+01,2.060736e+01,2.061434e+01,2.064923e+01,2.063528e+01,2.053057e+01,2.064923e+01,2.058643e+01,2.061434e+01,2.065621e+01,2.057944e+01,2.053057e+01,2.062132e+01,2.057944e+01,2.063528e+01,2.060039e+01,2.054453e+01,2.055152e+01,2.060039e+01,2.069108e+01,2.067713e+01,2.063528e+01,2.065621e+01,2.064225e+01,2.062830e+01,2.066318e+01,2.053755e+01,2.062830e+01,2.065621e+01,2.052358e+01,2.059340e+01,2.051660e+01,2.056548e+01,2.055152e+01,2.041176e+01,2.059340e+01,2.043274e+01,2.060039e+01,2.062830e+01,2.061434e+01,2.053057e+01,2.048166e+01,2.048166e+01,2.043973e+01,2.041875e+01,2.043973e+01,2.043973e+01,2.055850e+01,2.051660e+01,2.048865e+01,2.054453e+01,2.053057e+01,2.048166e+01,2.047468e+01,2.046070e+01,2.047468e+01,2.054453e+01,2.042575e+01,2.062830e+01,2.057944e+01,2.057246e+01,2.058643e+01,2.051660e+01,2.054453e+01,2.061434e+01,2.054453e+01,2.044672e+01,2.055850e+01,2.052358e+01,2.055850e+01,2.048166e+01,2.046070e+01,2.044672e+01,2.050961e+01,2.052358e+01,2.050961e+01,2.048865e+01,2.059340e+01,2.057944e+01,2.055152e+01,2.057944e+01,2.051660e+01,2.049564e+01,2.054453e+01,2.053057e+01,2.060736e+01,2.055152e+01,2.052358e+01,2.048865e+01,2.047468e+01,2.054453e+01,2.073988e+01,2.044672e+01,2.055850e+01,2.062830e+01,2.069805e+01,2.063528e+01,2.060039e+01,2.068410e+01,2.055152e+01,2.057944e+01,2.060736e+01,2.057246e+01,2.062830e+01,2.056548e+01,2.065621e+01,2.053057e+01,2.065621e+01,2.051660e+01,2.053057e+01,2.053755e+01,2.047468e+01,2.062830e+01,2.056548e+01,2.067713e+01,2.052358e+01,2.055850e+01,2.055850e+01,2.055152e+01,2.056548e+01,2.052358e+01,2.050961e+01,2.058643e+01,2.055850e+01,2.059340e+01,2.060039e+01,2.053057e+01,2.050961e+01,2.055152e+01,2.060039e+01,2.058643e+01,2.057944e+01,2.047468e+01,2.048865e+01,2.056548e+01,2.059340e+01,2.051660e+01,2.053755e+01,2.062132e+01,2.058643e+01,2.057246e+01,2.050961e+01,2.050961e+01,2.051660e+01,2.042575e+01,2.051660e+01,2.053057e+01,2.051660e+01,2.055850e+01,2.060736e+01,2.055850e+01,2.059340e+01,2.059340e+01,2.050262e+01,2.053057e+01,2.061434e+01,2.043274e+01,2.048166e+01,2.055152e+01,2.055850e+01,2.053755e+01,2.047468e+01,2.051660e+01,2.052358e+01,2.051660e+01,2.055152e+01,2.054453e+01,2.054453e+01,2.055152e+01,2.053057e+01,2.053755e+01,2.053755e+01,2.055850e+01,2.052358e+01,2.057944e+01,2.059340e+01,2.055850e+01,2.055850e+01,2.035581e+01,2.053755e+01,2.048865e+01,2.055850e+01,2.048166e+01,2.050961e+01,2.047468e+01,2.055152e+01,2.049564e+01,2.051660e+01,2.049564e+01,2.050961e+01,2.051660e+01,2.057944e+01,2.050961e+01,2.046769e+01,2.046769e+01,2.047468e+01,2.049564e+01,2.044672e+01,2.048166e+01,2.049564e+01,2.053755e+01,2.048865e+01,2.053755e+01,2.053057e+01,2.041875e+01,2.046769e+01,2.050262e+01,2.038379e+01,2.041875e+01,2.045371e+01,2.044672e+01,2.049564e+01,2.048865e+01,2.046070e+01,2.045371e+01,2.046769e+01,2.043274e+01,2.048166e+01,2.044672e+01,2.042575e+01,2.054453e+01,2.047468e+01,2.041176e+01,2.041176e+01,2.046070e+01,2.046070e+01,2.042575e+01,2.047468e+01,2.048865e+01,2.046070e+01,2.023680e+01,2.048166e+01,2.043973e+01,2.046070e+01,2.045371e+01,2.048166e+01,2.050262e+01,2.046769e+01,2.043973e+01,2.048166e+01,2.053057e+01,2.050262e+01,2.060039e+01,2.051660e+01,2.049564e+01,2.046769e+01,2.053057e+01,2.053057e+01,2.053057e+01,2.050961e+01,2.044672e+01,2.038379e+01,2.055152e+01,2.054453e+01,2.046769e+01,2.041176e+01,2.044672e+01,2.057944e+01,2.053057e+01,2.046769e+01,2.048166e+01,2.049564e+01,2.050961e+01,2.053755e+01,2.047468e+01,2.041875e+01,2.048865e+01,2.059340e+01,2.061434e+01,2.063528e+01,2.058643e+01,2.062132e+01,2.064923e+01,2.071897e+01,2.079562e+01,2.064923e+01,2.074685e+01,2.060736e+01,2.047468e+01,2.057944e+01,2.058643e+01,2.052358e+01,2.063528e+01,2.057944e+01,2.052358e+01,2.052358e+01,2.055850e+01,2.055152e+01,2.061434e+01,2.051660e+01,2.073988e+01,2.060039e+01,2.052358e+01,2.050961e+01,2.055152e+01,2.060736e+01,2.073291e+01,2.055152e+01,2.067713e+01,2.057944e+01,2.055850e+01,2.059340e+01,2.040477e+01,2.055152e+01
2.068410e+01,2.060039e+01,2.071200e+01,2.057246e+01,2.055850e+01,2.063528e+01,2.053755e+01,2.060039e+01,2.055850e+01,2.054453e+01,2.053057e+01,2.056548e+01,2.089310e+01,2.055152e+01,2.068410e+01,2.065621e+01,2.059340e+01,2.067713e+01,2.069108e+01,2.059340e+01,2.053057e+01,2.060039e+01,2.064225e+01,2.064225e+01,2.062830e+01,2.067016e+01,2.060736e+01,2.060039e+01,2.067016e+01,2.055850e+01,2.065621e+01,2.069108e+01,2.060736e+01,2.087918e+01,2.071200e+01,2.064923e+01,2.077472e+01,2.083741e+01,2.068410e+01,2.091398e+01,2.096267e+01,2.094180e+01,2.099048e+01,2.109472e+01,2.117109e+01,2.118497e+01,2.114333e+01,2.112250e+01,2.111555e+01,2.119191e+01,2.135830e+01,2.135138e+01,2.147600e+01,2.120579e+01,2.132366e+01,2.142063e+01,2.121966e+01,2.139293e+01,2.131673e+01,2.173170e+01,2.165575e+01,2.176620e+01,2.180070e+01,2.160739e+01,2.157283e+01,2.146908e+01,2.173860e+01,2.155900e+01,2.171790e+01,2.151751e+01,2.151751e+01,2.153134e+01,2.166956e+01,2.163503e+01,2.163503e+01,2.182828e+01,2.188343e+01,2.158665e+01,2.148984e+01,2.147600e+01,2.144140e+01,2.153134e+01,2.149676e+01,2.136523e+01,2.144140e+01,2.150368e+01,2.161430e+01,2.179380e+01,2.170409e+01,2.180070e+01,2.180070e+01,2.152443e+01,2.155900e+01,2.149676e+01,2.139293e+01,2.146216e+01,2.144140e+01,2.134445e+01,2.148292e+01,2.149676e+01,2.146216e+01,2.164884e+01,2.162121e+01,2.144832e+01,2.137908e+01,2.128901e+01,2.101829e+01,2.132366e+01,2.130287e+01,2.097658e+01,2.100439e+01,2.077472e+01,2.060736e+01,2.056548e+01,2.051660e+01,2.056548e+01,2.056548e+01,2.055850e+01,2.047468e+01,2.046769e+01,2.044672e+01,2.050262e+01,2.054453e+01,2.064225e+01,2.049564e+01,2.050961e+01,2.052358e+01,2.046070e+01,2.055152e+01,2.055850e+01,2.041176e+01,2.041875e+01,2.036280e+01,2.047468e+01,2.049564e+01,2.041875e+01,2.055152e+01,2.048166e+01,2.043274e+01,2.048865e+01,2.049564e+01,2.040477e+01,2.052358e+01,2.046070e+01,2.036980e+01,2.048865e+01,2.050262e+01,2.050961e+01,2.046070e+01,2.047468e+01,2.044672e+01,2.043274e+01,2.048166e+01,2.043274e+01,2.041176e+01,2.055152e+01,2.048865e+01,2.043274e+01,2.044672e+01,2.041875e+01,2.040477e+01,2.041875e+01,2.048166e+01,2.043274e+01,2.051660e+01,2.048166e+01,2.053057e+01,2.057944e+01,2.053057e+01,2.046769e+01,2.054453e+01,2.044672e+01,2.053057e+01,2.049564e+01,2.040477e+01,2.041875e+01,2.048865e+01,2.053057e+01,2.050961e+01,2.051660e+01,2.055850e+01,2.048865e+01,2.034181e+01,2.048865e+01,2.047468e+01,2.049564e+01,2.048865e+01,2.045371e+01,2.042575e+01,2.046070e+01,2.053755e+01,2.037679e+01,2.048865e+01,2.048865e+01,2.053755e+01,2.035581e+01,2.045371e+01,2.045371e+01,2.045371e+01,2.048166e+01,2.045371e+01,2.046769e+01,2.029282e+01,2.044672e+01,2.047468e+01,2.036980e+01,2.048166e+01,2.048166e+01,2.052358e+01,2.044672e+01,2.034881e+01,2.043973e+01,2.050262e+01,2.048166e+01,2.039778e+01,2.038379e+01,2.036280e+01,2.031382e+01,2.053755e+01,2.052358e+01,2.041875e+01,2.048865e+01,2.045371e+01,2.043973e+01,2.045371e+01,2.047468e+01,2.043973e+01,2.043973e+01,2.048865e+01,2.048865e+01,2.052358e+01,2.036980e+01,2.035581e+01,2.041875e+01,2.040477e+01,2.056548e+01,2.048865e+01,2.051660e+01,2.048166e+01,2.049564e+01,2.050262e+01,2.046070e+01,2.045371e+01,2.044672e+01,2.059340e+01,2.060039e+01,2.062830e+01,2.061434e+01,2.061434e+01,2.049564e+01,2.060039e+01,2.062830e+01,2.060039e+01,2.067016e+01,2.062830e+01,2.059340e+01,2.055152e+01,2.066318e+01,2.055152e+01,2.063528e+01,2.050262e+01,2.051660e+01,2.062830e+01,2.047468e+01,2.063528e+01,2.055152e+01,2.048166e+01,2.055152e+01,2.052358e+01,2.060039e+01,2.048865e+01,2.048865e+01,2.050961e+01,2.052358e+01,2.050961e+01,2.053755e+01,2.054453e+01,2.054453e+01,2.050262e+01,2.052358e+01,2.041176e+01,2.041176e+01,2.039778e+01,2.043973e+01,2.039078e+01,2.042575e+01,2.039778e+01,2.038379e+01,2.040477e+01,2.045371e+01,2.045371e+01,2.041176e+01,2.044672e+01,2.042575e+01,2.042575e+01,2.042575e+01,2.049564e+01,2.048865e+01,2.066318e+01,2.054453e+01,2.055152e+01,2.058643e+01,2.049564e+01,2.060736e+01,2.048166e+01,2.044672e+01,2.048166e+01,2.055152e+01,2.048865e+01,2.050961e+01,2.048865e+01,2.054453e+01,2.043274e+01,2.062830e+01,2.055152e+01,2.055850e+01,2.051660e+01,2.048865e+01,2.062830e+01,2.053755e+01,2.054453e+01,2.056548e+01,2.073291e+01,2.060039e+01,2.066318e+01,2.060039e+01,2.062132e+01,2.037679e+01,2.069805e+01,2.065621e+01,2.067713e+01,2.067713e+01,2.076079e+01,2.070502e+01,2.064923e+01,2.055850e+01,2.063528e+01,2.062830e+01,2.073291e+01,2.063528e+01,2.069108e+01,2.067713e+01,2.068410e+01,2.066318e+01,2.068410e+01,2.062132e+01,2.063528e+01,2.069805e+01,2.051660e+01,2.070502e+01,2.063528e+01,2.063528e+01,2.061434e+01,2.074685e+01,2.070502e+01,2.069805e+01,2.060736e+01,2.067713e+01,2.064225e+01,2.060736e+01,2.073988e+01,2.077472e+01,2.069805e+01,2.063528e+01,2.059340e+01,2.049564e+01,2.058643e+01,2.053755e+01,2.046769e+01,2.054453e+01,2.044672e+01,2.047468e+01,2.047468e+01,2.059340e+01,2.044672e+01,2.048865e+01,2.053057e+01,2.043274e+01,2.050961e+01,2.054453e+01,2.044672e+01,2.035581e+01,2.055152e+01,2.055850e+01,2.053755e+01,2.049564e+01,2.047468e+01,2.055152e+01,2.047468e+01,2.047468e+01,2.046070e+01,2.050262e+01,2.046070e+01,2.050262e+01,2.048166e+01,2.053057e+01,2.062132e+01,2.050961e+01,2.066318e+01,2.057944e+01,2.060039e+01,2.060039e+01,2.060039e+01,2.053755e+01,2.048865e+01,2.050262e+01,2.051660e+01,2.048166e+01,2.054453e+01,2.050961e+01,2.064225e+01,2.043274e+01,2.057944e+01,2.054453e+01,2.054453e+01,2.052358e+01,2.060039e+01,2.050961e+01,2.052358e+01,2.065621e+01,2.051660e+01,2.053755e+01,2.050961e+01,2.060039e+01,2.057246e+01,2.053755e+01,2.053755e+01,2.058643e+01,2.051660e+01,2.064225e+01,2.059340e+01,2.062132e+01,2.066318e+01,2.058643e+01,2.064923e+01,2.058643e+01,2.055152e+01,2.057246e+01,2.060039e+01,2.057944e+01,2.054453e+01,2.058643e+01,2.053057e+01,2.055850e+01,2.048166e+01,2.055850e+01,2.059340e+01,2.053057e+01,2.067016e+01,2.065621e+01,2.051660e+01,2.057944e+01,2.053057e+01,2.078169e+01,2.055850e+01,2.044672e+01,2.058643e+01,2.053755e+01,2.053755e+01,2.023680e+01,2.055152e+01,2.060736e+01,2.055850e+01,2.066318e+01,2.057944e+01,2.060736e+01,2.054453e+01,2.062830e+01,2.061434e+01,2.053057e+01,2.057246e+01,2.055152e+01,2.053755e+01,2.055850e+01,2.053057e+01,2.055850e+01,2.051660e+01,2.054453e+01,2.062132e+01,2.055152e+01,2.050961e+01,2.058643e+01,2.054453e+01,2.057944e+01,2.055850e+01,2.053057e+01,2.059340e+01,2.062830e+01,2.048166e+01,2.034881e+01,2.048865e+01,2.047468e+01,2.053755e+01,2.057944e+01,2.053755e+01,2.052358e+01,2.055152e+01,2.059340e+01,2.055850e+01,2.057246e+01,2.052358e+01,2.054453e+01,2.055152e+01,2.048865e+01,2.052358e+01,2.054453e+01,2.054453e+01,2.046769e+01,2.054453e+01,2.046769e+01,2.056548e+01,2.051660e+01,2.042575e+01,2.055850e+01,2.053057e+01,2.048166e+01,2.048865e+01,2.053755e+01,2.053755e+01,2.043274e+01,2.053755e+01,2.052358e+01,2.043274e+01,2.046769e+01,2.054453e+01,2.050961e+01,2.044672e+01,2.024380e+01,2.051660e+01,2.058643e+01,2.044672e+01,2.050262e+01,2.048166e+01,2.046070e+01,2.057246e+01,2.038379e+01,2.043973e+01,2.043973e+01,2.046769e+01,2.041875e+01,2.045371e+01,2.049564e+01,2.048865e+01,2.041875e+01,2.043274e+01,2.055850e+01,2.046769e+01,2.048865e+01,2.044672e+01,2.048166e+01,2.043274e+01,2.050262e+01,2.048865e+01,2.042575e+01,2.049564e+01,2.053057e+01,2.048166e+01,2.047468e+01,2.041176e+01,2.046769e+01,2.049564e+01,2.041875e+01,2.043274e+01,2.049564e+01,2.050961e+01,2.041875e+01,2.046070e+01,2.062132e+01,2.043274e+01,2.048166e+01,2.034881e+01,2.045371e+01,2.052358e+01,2.046070e+01,2.052358e+01,2.048865e+01,2.049564e+01,2.048865e+01,2.043274e+01,2.050961e+01,2.050961e+01,2.046769e+01,2.039778e+01,2.053755e+01,2.049564e+01,2.048166e+01,2.018074e+01,2.034881e+01,2.040477e+01,2.039778e+01,2.046769e+01,2.050961e+01,2.047468e+01,2.046070e+01,2.052358e+01,2.051660e+01,2.069805e+01,2.055850e+01,2.048865e+01,2.057246e+01,2.054453e+01,2.055850e+01,2.045371e+01,2.052358e+01,2.058643e+01,2.060736e+01,2.067713e+01,2.061434e+01,2.062830e+01,2.062830e+01,2.076079e+01,2.040477e+01,2.060736e+01,2.057944e+01,2.053755e+01,2.057944e+01,2.048865e+01,2.059340e+01,2.046070e+01,2.057246e+01,2.059340e+01,2.052358e+01,2.056548e+01,2.052358e+01,2.048865e+01,2.062830e+01,2.062132e+01,2.050961e+01,2.047468e+01,2.056548e+01,2.049564e+01,2.067713e+01,2.056548e+01,2.053057e+01,2.060039e+01,2.059340e+01,2.061434e+01,2.063528e+01,2.053755e+01,2.060736e+01
2.060039e+01,2.067016e+01,2.059340e+01,2.067016e+01,2.053057e+01,2.054453e+01,2.053057e+01,2.050961e+01,2.057944e+01,2.062830e+01,2.067016e+01,2.061434e+01,2.057944e+01,2.064923e+01,2.052358e+01,2.055850e+01,2.069805e+01,2.069805e+01,2.053755e+01,2.069108e+01,2.064923e+01,2.064923e+01,2.050961e+01,2.063528e+01,2.063528e+01,2.067713e+01,2.062132e+01,2.067713e+01,2.069108e+01,2.059340e+01,2.056548e+01,2.067016e+01,2.071200e+01,2.065621e+01,2.068410e+01,2.066318e+01,2.075382e+01,2.069805e+01,2.078169e+01,2.086526e+01,2.077472e+01,2.091398e+01,2.087918e+01,2.092789e+01,2.105999e+01,2.096267e+01,2.115721e+01,2.090702e+01,2.090702e+01,2.103914e+01,2.103219e+01,2.134445e+01,2.121272e+01,2.141371e+01,2.121272e+01,2.129594e+01,2.135830e+01,2.133752e+01,2.138601e+01,2.160048e+01,2.162121e+01,2.173860e+01,2.181449e+01,2.163503e+01,2.153826e+01,2.155209e+01,2.143448e+01,2.161430e+01,2.165575e+01,2.142063e+01,2.145524e+01,2.170409e+01,2.167647e+01,2.191788e+01,2.188343e+01,2.197987e+01,2.202118e+01,2.196610e+01,2.157283e+01,2.144140e+01,2.140678e+01,2.144140e+01,2.135138e+01,2.130287e+01,2.133752e+01,2.143448e+01,2.144140e+01,2.144832e+01,2.157974e+01,2.160739e+01,2.164193e+01,2.176620e+01,2.139293e+01,2.141371e+01,2.146216e+01,2.141371e+01,2.127514e+01,2.130980e+01,2.134445e+01,2.138601e+01,2.159356e+01,2.148984e+01,2.160048e+01,2.148984e+01,2.131673e+01,2.107388e+01,2.119885e+01,2.108777e+01,2.096267e+01,2.096267e+01,2.080259e+01,2.060736e+01,2.059340e+01,2.060039e+01,2.053057e+01,2.043973e+01,2.047468e+01,2.053755e+01,2.055152e+01,2.046070e+01,2.034881e+01,2.047468e+01,2.047468e+01,2.053057e+01,2.048166e+01,2.055850e+01,2.047468e+01,2.048166e+01,2.055850e+01,2.056548e+01,2.061434e+01,2.060039e+01,2.053755e+01,2.053755e+01,2.056548e+01,2.057246e+01,2.050961e+01,2.050262e+01,2.056548e+01,2.041875e+01,2.048166e+01,2.053755e+01,2.052358e+01,2.047468e+01,2.039778e+01,2.047468e+01,2.039778e+01,2.046070e+01,2.044672e+01,2.043973e+01,2.044672e+01,2.046769e+01,2.044672e+01,2.046070e+01,2.046769e+01,2.050961e+01,2.054453e+01,2.043274e+01,2.042575e+01,2.048166e+01,2.039078e+01,2.043274e+01,2.048166e+01,2.042575e+01,2.046769e+01,2.053057e+01,2.046070e+01,2.051660e+01,2.050262e+01,2.051660e+01,2.043973e+01,2.046769e+01,2.048865e+01,2.048166e+01,2.046070e+01,2.048166e+01,2.048166e+01,2.039078e+01,2.050262e+01,2.051660e+01,2.045371e+01,2.034881e+01,2.046769e+01,2.048166e+01,2.048865e+01,2.045371e+01,2.049564e+01,2.056548e+01,2.039778e+01,2.051660e+01,2.051660e+01,2.036980e+01,2.036280e+01,2.049564e+01,2.050262e+01,2.045371e+01,2.051660e+01,2.053755e+01,2.046769e+01,2.027181e+01,2.051660e+01,2.050262e+01,2.048865e+01,2.046070e+01,2.058643e+01,2.048166e+01,2.044672e+01,2.048865e+01,2.047468e+01,2.048166e+01,2.039778e+01,2.054453e+01,2.047468e+01,2.048166e+01,2.043274e+01,2.041875e+01,2.049564e+01,2.037679e+01,2.043973e+01,2.032082e+01,2.041176e+01,2.048166e+01,2.046769e+01,2.050262e+01,2.055152e+01,2.047468e+01,2.032782e+01,2.046070e+01,2.044672e+01,2.046070e+01,2.043274e+01,2.046070e+01,2.046070e+01,2.038379e+01,2.052358e+01,2.045371e+01,2.041875e+01,2.046070e+01,2.045371e+01,2.048865e+01,2.048166e+01,2.046769e+01,2.049564e+01,2.048865e+01,2.056548e+01,2.055850e+01,2.045371e+01,2.060736e+01,2.061434e+01,2.050262e+01,2.055152e+01,2.059340e+01,2.061434e+01,2.068410e+01,2.050262e+01,2.060736e+01,2.063528e+01,2.069108e+01,2.068410e+01,2.057246e+01,2.060736e+01,2.053755e+01,2.052358e+01,2.057246e+01,2.062830e+01,2.053755e+01,2.065621e+01,2.057246e+01,2.053057e+01,2.053755e+01,2.057246e+01,2.057944e+01,2.048865e+01,2.054453e+01,2.057246e+01,2.048865e+01,2.054453e+01,2.049564e+01,2.048166e+01,2.053755e+01,2.055850e+01,2.039078e+01,2.041176e+01,2.039078e+01,2.039778e+01,2.039778e+01,2.048865e+01,2.045371e+01,2.050262e+01,2.052358e+01,2.042575e+01,2.041875e+01,2.041176e+01,2.039778e+01,2.043274e+01,2.048865e+01,2.044672e+01,2.054453e+01,2.037679e+01,2.051660e+01,2.052358e+01,2.056548e+01,2.048166e+01,2.046769e+01,2.047468e+01,2.048865e+01,2.044672e+01,2.049564e+01,2.044672e+01,2.046769e+01,2.043973e+01,2.048166e+01,2.050961e+01,2.044672e+01,2.063528e+01,2.054453e+01,2.048865e+01,2.051660e+01,2.055152e+01,2.065621e+01,2.064225e+01,2.060039e+01,2.060736e+01,2.062830e+01,2.060039e+01,2.062132e+01,2.065621e+01,2.068410e+01,2.064225e+01,2.070502e+01,2.070502e+01,2.070502e+01,2.067016e+01,2.071897e+01,2.066318e+01,2.065621e+01,2.072594e+01,2.058643e+01,2.055152e+01,2.071897e+01,2.061434e+01,2.061434e+01,2.062132e+01,2.059340e+01,2.062132e+01,2.064923e+01,2.068410e+01,2.067016e+01,2.062830e+01,2.055850e+01,2.069108e+01,2.062830e+01,2.061434e+01,2.054453e+01,2.059340e+01,2.080259e+01,2.074685e+01,2.064225e+01,2.060736e+01,2.073291e+01,2.062132e+01,2.067713e+01,2.060736e+01,2.069805e+01,2.057944e+01,2.053755e+01,2.053755e+01,2.056548e+01,2.048865e+01,2.046070e+01,2.056548e+01,2.044672e+01,2.047468e+01,2.050961e+01,2.044672e+01,2.048166e+01,2.050961e+01,2.060736e+01,2.039778e+01,2.048865e+01,2.050961e+01,2.052358e+01,2.050961e+01,2.046769e+01,2.043973e+01,2.043274e+01,2.056548e+01,2.055850e+01,2.053755e+01,2.056548e+01,2.043274e+01,2.050262e+01,2.053755e+01,2.053755e+01,2.051660e+01,2.049564e+01,2.055850e+01,2.055152e+01,2.050262e+01,2.043973e+01,2.055850e+01,2.050961e+01,2.044672e+01,2.060736e+01,2.050961e+01,2.061434e+01,2.041176e+01,2.048166e+01,2.050961e+01,2.049564e+01,2.049564e+01,2.057246e+01,2.060736e+01,2.051660e+01,2.060039e+01,2.055152e+01,2.059340e+01,2.058643e+01,2.039778e+01,2.052358e+01,2.062830e+01,2.053755e+01,2.053755e+01,2.046070e+01,2.050961e+01,2.041875e+01,2.055152e+01,2.053755e+01,2.055850e+01,2.055152e+01,2.048166e+01,2.061434e+01,2.060039e+01,2.056548e+01,2.057944e+01,2.054453e+01,2.057246e+01,2.050262e+01,2.056548e+01,2.054453e+01,2.067016e+01,2.064225e+01,2.058643e+01,2.056548e+01,2.055152e+01,2.053057e+01,2.053057e+01,2.050961e+01,2.061434e+01,2.058643e+01,2.050961e+01,2.054453e+01,2.057246e+01,2.064225e+01,2.047468e+01,2.050961e+01,2.053057e+01,2.053755e+01,2.062132e+01,2.053057e+01,2.055850e+01,2.059340e+01,2.050961e+01,2.057246e+01,2.058643e+01,2.058643e+01,2.057944e+01,2.057246e+01,2.064225e+01,2.062132e+01,2.056548e+01,2.059340e+01,2.056548e+01,2.050961e+01,2.061434e+01,2.050961e+01,2.064225e+01,2.061434e+01,2.050262e+01,2.050961e+01,2.057246e+01,2.055152e+01,2.062132e+01,2.056548e+01,2.055850e+01,2.057944e+01,2.063528e+01,2.053057e+01,2.055850e+01,2.050961e+01,2.052358e+01,2.062132e+01,2.055850e+01,2.061434e+01,2.052358e+01,2.046769e+01,2.053755e+01,2.055152e+01,2.057246e+01,2.053755e+01,2.056548e+01,2.054453e+01,2.046070e+01,2.050961e+01,2.054453e+01,2.052358e+01,2.053755e+01,2.052358e+01,2.055152e+01,2.056548e+01,2.055850e+01,2.041875e+01,2.050961e+01,2.046769e+01,2.052358e+01,2.038379e+01,2.046070e+01,2.040477e+01,2.056548e+01,2.048865e+01,2.047468e+01,2.047468e+01,2.047468e+01,2.046769e+01,2.053057e+01,2.060736e+01,2.046769e+01,2.046769e+01,2.046769e+01,2.053755e+01,2.050262e+01,2.048865e+01,2.052358e+01,2.038379e+01,2.053057e+01,2.055152e+01,2.046769e+01,2.046070e+01,2.025781e+01,2.046070e+01,2.048865e+01,2.050961e+01,2.048865e+01,2.041875e+01,2.043973e+01,2.052358e+01,2.057944e+01,2.039078e+01,2.057246e+01,2.055850e+01,2.037679e+01,2.053755e+01,2.050262e+01,2.049564e+01,2.048166e+01,2.044672e+01,2.045371e+01,2.046070e+01,2.048865e+01,2.046769e+01,2.041875e+01,2.039078e+01,2.047468e+01,2.041875e+01,2.041176e+01,2.049564e+01,2.052358e+01,2.045371e+01,2.041875e+01,2.043973e+01,2.045371e+01,2.046070e+01,2.046070e+01,2.046070e+01,2.045371e+01,2.055152e+01,2.051660e+01,2.048865e+01,2.053755e+01,2.052358e+01,2.036980e+01,2.056548e+01,2.050262e+01,2.055850e+01,2.048166e+01,2.048166e+01,2.051660e+01,2.050961e+01,2.042575e+01,2.052358e+01,2.041875e+01,2.070502e+01,2.053057e+01,2.048865e+01,2.044672e+01,2.048865e+01,2.060039e+01,2.048166e+01,2.050961e+01,2.050961e+01,2.062132e+01,2.071200e+01,2.067016e+01,2.057944e+01,2.063528e+01,2.061434e+01,2.060039e+01,2.064225e+01,2.065621e+01,2.063528e+01,2.062830e+01,2.055152e+01,2.057944e+01,2.060039e+01,2.059340e+01,2.060736e+01,2.062132e+01,2.057246e+01,2.046070e+01,2.061434e+01,2.062132e+01,2.046769e+01,2.062132e+01,2.062132e+01,2.050262e+01,2.050961e+01,2.066318e+01,2.064225e+01,2.050262e+01,2.068410e+01,2.060039e+01,2.060736e+01,2.057944e+01,2.046070e+01,2.052358e+01,2.059340e+01,2.050262e+01,2.057246e+01,2.060039e+01,2.067713e+01
2.062132e+01,2.069805e+01,2.066318e+01,2.060736e+01,2.067713e+01,2.069805e+01,2.053755e+01,2.065621e+01,2.050262e+01,2.060736e+01,2.066318e+01,2.065621e+01,2.062132e+01,2.062132e+01,2.067016e+01,2.061434e+01,2.057944e+01,2.060039e+01,2.063528e+01,2.061434e+01,2.067713e+01,2.066318e+01,2.062132e+01,2.062830e+01,2.062132e+01,2.045371e+01,2.043973e+01,2.065621e+01,2.056548e+01,2.049564e+01,2.057246e+01,2.053057e+01,2.057944e+01,2.062132e+01,2.071897e+01,2.085830e+01,2.080259e+01,2.073988e+01,2.070502e+01,2.074685e+01,2.069805e+01,2.083045e+01,2.083741e+01,2.079562e+01,2.101134e+01,2.094876e+01,2.099744e+01,2.092789e+01,2.097658e+01,2.117803e+01,2.099744e+01,2.118497e+01,2.119885e+01,2.121272e+01,2.118497e+01,2.124740e+01,2.132366e+01,2.116415e+01,2.136523e+01,2.147600e+01,2.167647e+01,2.149676e+01,2.164884e+01,2.160048e+01,2.164193e+01,2.161430e+01,2.160739e+01,2.155209e+01,2.148292e+01,2.142756e+01,2.142756e+01,2.157283e+01,2.152443e+01,2.186275e+01,2.204182e+01,2.197299e+01,2.211749e+01,2.201429e+01,2.180759e+01,2.149676e+01,2.137216e+01,2.130287e+01,2.127514e+01,2.121966e+01,2.142756e+01,2.123353e+01,2.126821e+01,2.137216e+01,2.131673e+01,2.149676e+01,2.137908e+01,2.135830e+01,2.134445e+01,2.120579e+01,2.131673e+01,2.126127e+01,2.123353e+01,2.124740e+01,2.123353e+01,2.124047e+01,2.126127e+01,2.120579e+01,2.121272e+01,2.123353e+01,2.126127e+01,2.098353e+01,2.077472e+01,2.076079e+01,2.072594e+01,2.068410e+01,2.071200e+01,2.060039e+01,2.073988e+01,2.053057e+01,2.055152e+01,2.047468e+01,2.045371e+01,2.057944e+01,2.055850e+01,2.043973e+01,2.055152e+01,2.048166e+01,2.052358e+01,2.059340e+01,2.046769e+01,2.040477e+01,2.038379e+01,2.042575e+01,2.046769e+01,2.058643e+01,2.052358e+01,2.055850e+01,2.045371e+01,2.044672e+01,2.058643e+01,2.047468e+01,2.056548e+01,2.052358e+01,2.027181e+01,2.063528e+01,2.050961e+01,2.049564e+01,2.047468e+01,2.057944e+01,2.039778e+01,2.041875e+01,2.043973e+01,2.046070e+01,2.048865e+01,2.054453e+01,2.049564e+01,2.055152e+01,2.045371e+01,2.046070e+01,2.050961e+01,2.045371e+01,2.041875e+01,2.052358e+01,2.049564e+01,2.042575e+01,2.041875e+01,2.046769e+01,2.050961e+01,2.064225e+01,2.048166e+01,2.048166e+01,2.048865e+01,2.048865e+01,2.050961e+01,2.039078e+01,2.053057e+01,2.047468e+01,2.057246e+01,2.048166e+01,2.044672e+01,2.043274e+01,2.044672e+01,2.045371e+01,2.050961e+01,2.050961e+01,2.050961e+01,2.054453e+01,2.041176e+01,2.050961e+01,2.050961e+01,2.050262e+01,2.043274e+01,2.060736e+01,2.046070e+01,2.046769e+01,2.048166e+01,2.050262e+01,2.048865e+01,2.035581e+01,2.048865e+01,2.053755e+01,2.052358e+01,2.048166e+01,2.051660e+01,2.050961e+01,2.050262e+01,2.071897e+01,2.046769e+01,2.051660e+01,2.046070e+01,2.045371e+01,2.050262e+01,2.047468e+01,2.047468e+01,2.046070e+01,2.050961e+01,2.050262e+01,2.048166e+01,2.048166e+01,2.039078e+01,2.040477e+01,2.043274e+01,2.041875e+01,2.049564e+01,2.043973e+01,2.048865e+01,2.039778e+01,2.050961e+01,2.046769e+01,2.037679e+01,2.046769e+01,2.046070e+01,2.044672e+01,2.046769e+01,2.044672e+01,2.041176e+01,2.048166e+01,2.039778e+01,2.040477e+01,2.048865e+01,2.047468e+01,2.052358e+01,2.048865e+01,2.049564e+01,2.048166e+01,2.047468e+01,2.047468e+01,2.048166e+01,2.065621e+01,2.053057e+01,2.048865e+01,2.056548e+01,2.060039e+01,2.057246e+01,2.069805e+01,2.064923e+01,2.059340e+01,2.057246e+01,2.061434e+01,2.061434e+01,2.067713e+01,2.066318e+01,2.061434e+01,2.064225e+01,2.060736e+01,2.046070e+01,2.050262e+01,2.050961e+01,2.049564e+01,2.053755e+01,2.058643e+01,2.048865e+01,2.049564e+01,2.048865e+01,2.048865e+01,2.056548e+01,2.055850e+01,2.047468e+01,2.045371e+01,2.055152e+01,2.061434e+01,2.057944e+01,2.048865e+01,2.046070e+01,2.039078e+01,2.047468e+01,2.034181e+01,2.043973e+01,2.036980e+01,2.053057e+01,2.042575e+01,2.041176e+01,2.044672e+01,2.040477e+01,2.039778e+01,2.041875e+01,2.048166e+01,2.047468e+01,2.036980e+01,2.043973e+01,2.046070e+01,2.055152e+01,2.056548e+01,2.048865e+01,2.054453e+01,2.053057e+01,2.053057e+01,2.043973e+01,2.058643e+01,2.053057e+01,2.046070e+01,2.049564e+01,2.046070e+01,2.042575e+01,2.041176e+01,2.051660e+01,2.044672e+01,2.053755e+01,2.053057e+01,2.062830e+01,2.057246e+01,2.056548e+01,2.064923e+01,2.068410e+01,2.067713e+01,2.060736e+01,2.057246e+01,2.060736e+01,2.063528e+01,2.064225e+01,2.066318e+01,2.058643e+01,2.067713e+01,2.070502e+01,2.074685e+01,2.071200e+01,2.075382e+01,2.064923e+01,2.069805e+01,2.071897e+01,2.068410e+01,2.053057e+01,2.062132e+01,2.062830e+01,2.064225e+01,2.068410e+01,2.063528e+01,2.068410e+01,2.064225e+01,2.069805e+01,2.060736e+01,2.063528e+01,2.059340e+01,2.053755e+01,2.067713e+01,2.071200e+01,2.071200e+01,2.057246e+01,2.064923e+01,2.071897e+01,2.062830e+01,2.073291e+01,2.075382e+01,2.064225e+01,2.062830e+01,2.061434e+01,2.069108e+01,2.059340e+01,2.053057e+01,2.051660e+01,2.060039e+01,2.053755e+01,2.054453e+01,2.052358e+01,2.046769e+01,2.046070e+01,2.048166e+01,2.048166e+01,2.048865e+01,2.044672e+01,2.048166e+01,2.048166e+01,2.045371e+01,2.041875e+01,2.045371e+01,2.051660e+01,2.053755e+01,2.053057e+01,2.048865e+01,2.055850e+01,2.055850e+01,2.046070e+01,2.051660e+01,2.048865e+01,2.046070e+01,2.060039e+01,2.041875e+01,2.059340e+01,2.037679e+01,2.042575e+01,2.053057e+01,2.054453e+01,2.054453e+01,2.059340e+01,2.050262e+01,2.057944e+01,2.048166e+01,2.066318e+01,2.051660e+01,2.049564e+01,2.044672e+01,2.047468e+01,2.043973e+01,2.050961e+01,2.058643e+01,2.048865e+01,2.048166e+01,2.055850e+01,2.056548e+01,2.055152e+01,2.054453e+01,2.062132e+01,2.059340e+01,2.056548e+01,2.058643e+01,2.060039e+01,2.076079e+01,2.048166e+01,2.053057e+01,2.058643e+01,2.053755e+01,2.057246e+01,2.058643e+01,2.053057e+01,2.059340e+01,2.057944e+01,2.057246e+01,2.061434e+01,2.055850e+01,2.059340e+01,2.049564e+01,2.057246e+01,2.048166e+01,2.052358e+01,2.062830e+01,2.054453e+01,2.057246e+01,2.051660e+01,2.062830e+01,2.055850e+01,2.059340e+01,2.056548e+01,2.061434e+01,2.055850e+01,2.064225e+01,2.055850e+01,2.051660e+01,2.053057e+01,2.050961e+01,2.051660e+01,2.056548e+01,2.064225e+01,2.039078e+01,2.060039e+01,2.053057e+01,2.059340e+01,2.055152e+01,2.070502e+01,2.058643e+01,2.055850e+01,2.055152e+01,2.060736e+01,2.060736e+01,2.062830e+01,2.062132e+01,2.069805e+01,2.060736e+01,2.058643e+01,2.060039e+01,2.059340e+01,2.049564e+01,2.060039e+01,2.053755e+01,2.054453e+01,2.055850e+01,2.046070e+01,2.055850e+01,2.056548e+01,2.051660e+01,2.054453e+01,2.053755e+01,2.052358e+01,2.052358e+01,2.053755e+01,2.048865e+01,2.054453e+01,2.059340e+01,2.049564e+01,2.058643e+01,2.052358e+01,2.059340e+01,2.058643e+01,2.060039e+01,2.053755e+01,2.053755e+01,2.049564e+01,2.051660e+01,2.050262e+01,2.056548e+01,2.053755e+01,2.056548e+01,2.054453e+01,2.046070e+01,2.067016e+01,2.059340e+01,2.043274e+01,2.043274e+01,2.047468e+01,2.044672e+01,2.044672e+01,2.060039e+01,2.052358e+01,2.053057e+01,2.062830e+01,2.060039e+01,2.042575e+01,2.052358e+01,2.043973e+01,2.048166e+01,2.046070e+01,2.044672e+01,2.055850e+01,2.048166e+01,2.051660e+01,2.043973e+01,2.041875e+01,2.047468e+01,2.048166e+01,2.054453e+01,2.042575e+01,2.047468e+01,2.053057e+01,2.039778e+01,2.053057e+01,2.055152e+01,2.056548e+01,2.041875e+01,2.043973e+01,2.045371e+01,2.050961e+01,2.053057e+01,2.055850e+01,2.048166e+01,2.039778e+01,2.054453e+01,2.057246e+01,2.053057e+01,2.036280e+01,2.050262e+01,2.052358e+01,2.050961e+01,2.065621e+01,2.055152e+01,2.055152e+01,2.045371e+01,2.047468e+01,2.033481e+01,2.051660e+01,2.050262e+01,2.043973e+01,2.052358e+01,2.048166e+01,2.039778e+01,2.048166e+01,2.053057e+01,2.050961e+01,2.057246e+01,2.062830e+01,2.043973e+01,2.044672e+01,2.047468e+01,2.050262e+01,2.046070e+01,2.052358e+01,2.055850e+01,2.053057e+01,2.056548e+01,2.059340e+01,2.043274e+01,2.039078e+01,2.048865e+01,2.043274e+01,2.053057e+01,2.053057e+01,2.050961e+01,2.060039e+01,2.054453e+01,2.050961e+01,2.048865e+01,2.052358e+01,2.052358e+01,2.054453e+01,2.048865e+01,2.058643e+01,2.053755e+01,2.055850e+01,2.065621e+01,2.064923e+01,2.064923e+01,2.061434e+01,2.062132e+01,2.071200e+01,2.058643e+01,2.064225e+01,2.060039e+01,2.060039e+01,2.055850e+01,2.064923e+01,2.046769e+01,2.061434e+01,2.061434e+01,2.048166e+01,2.054453e+01,2.059340e+01,2.064225e+01,2.056548e+01,2.044672e+01,2.051660e+01,2.062132e+01,2.070502e+01,2.071897e+01,2.064923e+01,2.053755e+01,2.055152e+01,2.060736e+01,2.062830e+01,2.060736e+01,2.062830e+01,2.043274e+01,2.050961e+01,2.057246e+01,2.050961e+01,2.061434e+01,2.053755e+01,2.057246e+01
2.069108e+01,2.060736e+01,2.066318e+01,2.056548e+01,2.058643e+01,2.057944e+01,2.055850e+01,2.057246e+01,2.054453e+01,2.064225e+01,2.064923e+01,2.053755e+01,2.065621e+01,2.064225e+01,2.064923e+01,2.052358e+01,2.071897e+01,2.051660e+01,2.065621e+01,2.053057e+01,2.064923e+01,2.064225e+01,2.062830e+01,2.047468e+01,2.059340e+01,2.061434e+01,2.058643e+01,2.080955e+01,2.050961e+01,2.057944e+01,2.055850e+01,2.053755e+01,2.068410e+01,2.059340e+01,2.073291e+01,2.072594e+01,2.072594e+01,2.065621e+01,2.072594e+01,2.083741e+01,2.087918e+01,2.069805e+01,2.071200e+01,2.078169e+01,2.085134e+01,2.080259e+01,2.083741e+01,2.090006e+01,2.087222e+01,2.089310e+01,2.094876e+01,2.093485e+01,2.117109e+01,2.123353e+01,2.120579e+01,2.118497e+01,2.133059e+01,2.129594e+01,2.136523e+01,2.140678e+01,2.157283e+01,2.149676e+01,2.133752e+01,2.154517e+01,2.155900e+01,2.157283e+01,2.157974e+01,2.166956e+01,2.150368e+01,2.146216e+01,2.139986e+01,2.144832e+01,2.151059e+01,2.182828e+01,2.195921e+01,2.211749e+01,2.241958e+01,2.199364e+01,2.191788e+01,2.184897e+01,2.146216e+01,2.136523e+01,2.144832e+01,2.139986e+01,2.140678e+01,2.137908e+01,2.128901e+01,2.135138e+01,2.152443e+01,2.139293e+01,2.137908e+01,2.132366e+01,2.128207e+01,2.111555e+01,2.137216e+01,2.119885e+01,2.145524e+01,2.151751e+01,2.117109e+01,2.127514e+01,2.123353e+01,2.102524e+01,2.112944e+01,2.103914e+01,2.104609e+01,2.099048e+01,2.075382e+01,2.073291e+01,2.064225e+01,2.071897e+01,2.073291e+01,2.070502e+01,2.060736e+01,2.064225e+01,2.046769e+01,2.058643e+01,2.055850e+01,2.042575e+01,2.052358e+01,2.046070e+01,2.033481e+01,2.053057e+01,2.060736e+01,2.054453e+01,2.051660e+01,2.055152e+01,2.048166e+01,2.043973e+01,2.043973e+01,2.062830e+01,2.041176e+01,2.042575e+01,2.050961e+01,2.054453e+01,2.061434e+01,2.048166e+01,2.046070e+01,2.060736e+01,2.049564e+01,2.048865e+01,2.034181e+01,2.053057e+01,2.053755e+01,2.046769e+01,2.060039e+01,2.043274e+01,2.043973e+01,2.042575e+01,2.045371e+01,2.057246e+01,2.048865e+01,2.042575e+01,2.039078e+01,2.041176e+01,2.046070e+01,2.038379e+01,2.038379e+01,2.043274e+01,2.043274e+01,2.042575e+01,2.044672e+01,2.041176e+01,2.051660e+01,2.032082e+01,2.060039e+01,2.057944e+01,2.055850e+01,2.050262e+01,2.048865e+01,2.048166e+01,2.046070e+01,2.037679e+01,2.044672e+01,2.048865e+01,2.048865e+01,2.048865e+01,2.051660e+01,2.042575e+01,2.042575e+01,2.048166e+01,2.050961e+01,2.046070e+01,2.043274e+01,2.050961e+01,2.050262e+01,2.053755e+01,2.045371e+01,2.046070e+01,2.050961e+01,2.057246e+01,2.062132e+01,2.042575e+01,2.044672e+01,2.048166e+01,2.032782e+01,2.053057e+01,2.035581e+01,2.051660e+01,2.042575e+01,2.046769e+01,2.048166e+01,2.054453e+01,2.047468e+01,2.046070e+01,2.048166e+01,2.044672e+01,2.045371e+01,2.047468e+01,2.041875e+01,2.055850e+01,2.048865e+01,2.054453e+01,2.042575e+01,2.047468e+01,2.045371e+01,2.044672e+01,2.042575e+01,2.044672e+01,2.039078e+01,2.049564e+01,2.049564e+01,2.050262e+01,2.049564e+01,2.050961e+01,2.043973e+01,2.041875e+01,2.042575e+01,2.039778e+01,2.039778e+01,2.050262e+01,2.046070e+01,2.049564e+01,2.050961e+01,2.044672e+01,2.041875e+01,2.046070e+01,2.056548e+01,2.048865e+01,2.058643e+01,2.049564e+01,2.048166e+01,2.048166e+01,2.047468e+01,2.048865e+01,2.050961e+01,2.062830e+01,2.048166e+01,2.055850e+01,2.059340e+01,2.067713e+01,2.065621e+01,2.057944e+01,2.047468e+01,2.067713e+01,2.069805e+01,2.069108e+01,2.068410e+01,2.054453e+01,2.055152e+01,2.059340e+01,2.060736e+01,2.060039e+01,2.065621e+01,2.052358e+01,2.048166e+01,2.050961e+01,2.050262e+01,2.053057e+01,2.053755e+01,2.052358e+01,2.051660e+01,2.056548e+01,2.055850e+01,2.048166e+01,2.048865e+01,2.050961e+01,2.050262e+01,2.048865e+01,2.046070e+01,2.041176e+01,2.039778e+01,2.037679e+01,2.045371e+01,2.035581e+01,2.045371e+01,2.038379e+01,2.042575e+01,2.051660e+01,2.038379e+01,2.039778e+01,2.041176e+01,2.044672e+01,2.043274e+01,2.024380e+01,2.050262e+01,2.046769e+01,2.046769e+01,2.050961e+01,2.052358e+01,2.052358e+01,2.052358e+01,2.048166e+01,2.054453e+01,2.053755e+01,2.049564e+01,2.045371e+01,2.043973e+01,2.043973e+01,2.042575e+01,2.043274e+01,2.055850e+01,2.043274e+01,2.046070e+01,2.056548e+01,2.053057e+01,2.060039e+01,2.062830e+01,2.060039e+01,2.067713e+01,2.060039e+01,2.082348e+01,2.062830e+01,2.070502e+01,2.064225e+01,2.061434e+01,2.069805e+01,2.059340e+01,2.060736e+01,2.065621e+01,2.063528e+01,2.066318e+01,2.071897e+01,2.071200e+01,2.069108e+01,2.061434e+01,2.062830e+01,2.056548e+01,2.067016e+01,2.074685e+01,2.064225e+01,2.065621e+01,2.067016e+01,2.066318e+01,2.074685e+01,2.067713e+01,2.060039e+01,2.071200e+01,2.064923e+01,2.060736e+01,2.049564e+01,2.067016e+01,2.069108e+01,2.073988e+01,2.070502e+01,2.067713e+01,2.076079e+01,2.064225e+01,2.076775e+01,2.067713e+01,2.071897e+01,2.060736e+01,2.067016e+01,2.055152e+01,2.064923e+01,2.058643e+01,2.053755e+01,2.054453e+01,2.051660e+01,2.055850e+01,2.050262e+01,2.055152e+01,2.047468e+01,2.043973e+01,2.048865e+01,2.053057e+01,2.042575e+01,2.045371e+01,2.058643e+01,2.046769e+01,2.062830e+01,2.055152e+01,2.052358e+01,2.053057e+01,2.051660e+01,2.045371e+01,2.055152e+01,2.046070e+01,2.041875e+01,2.043274e+01,2.042575e+01,2.057944e+01,2.057944e+01,2.048166e+01,2.053057e+01,2.050961e+01,2.048166e+01,2.047468e+01,2.048865e+01,2.048865e+01,2.056548e+01,2.056548e+01,2.050961e+01,2.045371e+01,2.057944e+01,2.043973e+01,2.041875e+01,2.048865e+01,2.058643e+01,2.050961e+01,2.046769e+01,2.054453e+01,2.056548e+01,2.060736e+01,2.060736e+01,2.058643e+01,2.060736e+01,2.062132e+01,2.060039e+01,2.058643e+01,2.052358e+01,2.053755e+01,2.049564e+01,2.050262e+01,2.049564e+01,2.057944e+01,2.059340e+01,2.056548e+01,2.053057e+01,2.064923e+01,2.057246e+01,2.055152e+01,2.061434e+01,2.059340e+01,2.060039e+01,2.065621e+01,2.046769e+01,2.048865e+01,2.050961e+01,2.053057e+01,2.055850e+01,2.061434e+01,2.051660e+01,2.057246e+01,2.053755e+01,2.050961e+01,2.052358e+01,2.066318e+01,2.054453e+01,2.057246e+01,2.066318e+01,2.067016e+01,2.053755e+01,2.049564e+01,2.052358e+01,2.052358e+01,2.063528e+01,2.064225e+01,2.054453e+01,2.062132e+01,2.032082e+01,2.053057e+01,2.062132e+01,2.055152e+01,2.067016e+01,2.064923e+01,2.058643e+01,2.057944e+01,2.055850e+01,2.063528e+01,2.063528e+01,2.064225e+01,2.067713e+01,2.056548e+01,2.048166e+01,2.058643e+01,2.055152e+01,2.062132e+01,2.055850e+01,2.056548e+01,2.055850e+01,2.057944e+01,2.055152e+01,2.060736e+01,2.057944e+01,2.057944e+01,2.062830e+01,2.060039e+01,2.059340e+01,2.055152e+01,2.050961e+01,2.056548e+01,2.052358e+01,2.057246e+01,2.056548e+01,2.051660e+01,2.058643e+01,2.055850e+01,2.052358e+01,2.054453e+01,2.053755e+01,2.054453e+01,2.053057e+01,2.056548e+01,2.059340e+01,2.060039e+01,2.050262e+01,2.049564e+01,2.048166e+01,2.059340e+01,2.054453e+01,2.059340e+01,2.053057e+01,2.047468e+01,2.048865e+01,2.048166e+01,2.050262e+01,2.046070e+01,2.046769e+01,2.049564e+01,2.043973e+01,2.041176e+01,2.056548e+01,2.054453e+01,2.050262e+01,2.048865e+01,2.053057e+01,2.053755e+01,2.055152e+01,2.046070e+01,2.053755e+01,2.053057e+01,2.052358e+01,2.055152e+01,2.048865e+01,2.054453e+01,2.050262e+01,2.040477e+01,2.041176e+01,2.041875e+01,2.051660e+01,2.041176e+01,2.048166e+01,2.046070e+01,2.043274e+01,2.044672e+01,2.055850e+01,2.047468e+01,2.041176e+01,2.042575e+01,2.046070e+01,2.055152e+01,2.045371e+01,2.046070e+01,2.049564e+01,2.039078e+01,2.042575e+01,2.055152e+01,2.045371e+01,2.046070e+01,2.053057e+01,2.046070e+01,2.040477e+01,2.043973e+01,2.041176e+01,2.046769e+01,2.045371e+01,2.037679e+01,2.043274e+01,2.050262e+01,2.040477e+01,2.047468e+01,2.049564e+01,2.061434e+01,2.055850e+01,2.045371e+01,2.046769e+01,2.050961e+01,2.055152e+01,2.053755e+01,2.053755e+01,2.046769e+01,2.056548e+01,2.046070e+01,2.038379e+01,2.050262e+01,2.048166e+01,2.050262e+01,2.049564e+01,2.058643e+01,2.040477e+01,2.048865e+01,2.052358e+01,2.052358e+01,2.053755e+01,2.053755e+01,2.062830e+01,2.061434e+01,2.064225e+01,2.068410e+01,2.061434e+01,2.061434e+01,2.064923e+01,2.060736e+01,2.061434e+01,2.067016e+01,2.055850e+01,2.066318e+01,2.060039e+01,2.067016e+01,2.067016e+01,2.064923e+01,2.057246e+01,2.059340e+01,2.078169e+01,2.057944e+01,2.062132e+01,2.048865e+01,2.060039e+01,2.058643e+01,2.066318e+01,2.062830e+01,2.046769e+01,2.067016e+01,2.067713e+01,2.058643e+01,2.062132e+01,2.048865e+01,2.060039e+01,2.057246e+01,2.047468e+01,2.058643e+01,2.057944e+01,2.058643e+01,2.059340e+01,2.060039e+01,2.061434e+01,2.064225e+01,2.059340e+01,2.052358e+01,2.057246e+01
2.059340e+01,2.068410e+01,2.069108e+01,2.069805e+01,2.048865e+01,2.064923e+01,2.064225e+01,2.053755e+01,2.047468e+01,2.057944e+01,2.051660e+01,2.055850e+01,2.067713e+01,2.064225e+01,2.069805e+01,2.057246e+01,2.064923e+01,2.061434e+01,2.061434e+01,2.064923e+01,2.063528e+01,2.063528e+01,2.050262e+01,2.051660e+01,2.054453e+01,2.053755e+01,2.046769e+01,2.063528e+01,2.050961e+01,2.058643e+01,2.064923e+01,2.063528e+01,2.067016e+01,2.062830e+01,2.060736e+01,2.090006e+01,2.067016e+01,2.069108e+01,2.072594e+01,2.062830e+01,2.063528e+01,2.069108e+01,2.084437e+01,2.074685e+01,2.078169e+01,2.071897e+01,2.083045e+01,2.078169e+01,2.089310e+01,2.091398e+01,2.094876e+01,2.092789e+01,2.100439e+01,2.100439e+01,2.099048e+01,2.115027e+01,2.108083e+01,2.118497e+01,2.120579e+01,2.121966e+01,2.142756e+01,2.149676e+01,2.148984e+01,2.128901e+01,2.153134e+01,2.146216e+01,2.158665e+01,2.153134e+01,2.136523e+01,2.150368e+01,2.153826e+01,2.153134e+01,2.165575e+01,2.172480e+01,2.184207e+01,2.195921e+01,2.197987e+01,2.193166e+01,2.173860e+01,2.163503e+01,2.166265e+01,2.151059e+01,2.132366e+01,2.139986e+01,2.140678e+01,2.140678e+01,2.126821e+01,2.124740e+01,2.114333e+01,2.151751e+01,2.145524e+01,2.134445e+01,2.110166e+01,2.115721e+01,2.111555e+01,2.113638e+01,2.115721e+01,2.124047e+01,2.137908e+01,2.117109e+01,2.103219e+01,2.108777e+01,2.098353e+01,2.110166e+01,2.090006e+01,2.078866e+01,2.075382e+01,2.074685e+01,2.069108e+01,2.075382e+01,2.070502e+01,2.064225e+01,2.060039e+01,2.058643e+01,2.050262e+01,2.048166e+01,2.049564e+01,2.051660e+01,2.050262e+01,2.054453e+01,2.047468e+01,2.047468e+01,2.057246e+01,2.055152e+01,2.049564e+01,2.043973e+01,2.050262e+01,2.044672e+01,2.051660e+01,2.045371e+01,2.049564e+01,2.044672e+01,2.045371e+01,2.052358e+01,2.047468e+01,2.050262e+01,2.049564e+01,2.049564e+01,2.057246e+01,2.055152e+01,2.040477e+01,2.054453e+01,2.055850e+01,2.053755e+01,2.055850e+01,2.056548e+01,2.043973e+01,2.046769e+01,2.057944e+01,2.043274e+01,2.054453e+01,2.056548e+01,2.052358e+01,2.043274e+01,2.038379e+01,2.038379e+01,2.038379e+01,2.037679e+01,2.054453e+01,2.046070e+01,2.048865e+01,2.042575e+01,2.047468e+01,2.043973e+01,2.044672e+01,2.048166e+01,2.046070e+01,2.045371e+01,2.049564e+01,2.061434e+01,2.048865e+01,2.048166e+01,2.039778e+01,2.041875e+01,2.048166e+01,2.051660e+01,2.049564e+01,2.050262e+01,2.047468e+01,2.053057e+01,2.051660e+01,2.042575e+01,2.057246e+01,2.069108e+01,2.055152e+01,2.048166e+01,2.053057e+01,2.048865e+01,2.047468e+01,2.040477e+01,2.054453e+01,2.043274e+01,2.055152e+01,2.050262e+01,2.048865e+01,2.048865e+01,2.046070e+01,2.053755e+01,2.046769e+01,2.050961e+01,2.048865e+01,2.042575e+01,2.043274e+01,2.043274e+01,2.057944e+01,2.057246e+01,2.053755e+01,2.041176e+01,2.044672e+01,2.048166e+01,2.053755e+01,2.046070e+01,2.049564e+01,2.046769e+01,2.045371e+01,2.045371e+01,2.045371e+01,2.047468e+01,2.046769e+01,2.050961e+01,2.046769e+01,2.048865e+01,2.050262e+01,2.046769e+01,2.043973e+01,2.052358e+01,2.040477e+01,2.044672e+01,2.054453e+01,2.050961e+01,2.040477e+01,2.046070e+01,2.046070e+01,2.044672e+01,2.043274e+01,2.051660e+01,2.048865e+01,2.046070e+01,2.060736e+01,2.055152e+01,2.048865e+01,2.047468e+01,2.051660e+01,2.050262e+01,2.050961e+01,2.048865e+01,2.043973e+01,2.055152e+01,2.051660e+01,2.053057e+01,2.068410e+01,2.060039e+01,2.070502e+01,2.057246e+01,2.062830e+01,2.062830e+01,2.057944e+01,2.061434e+01,2.055152e+01,2.064225e+01,2.053057e+01,2.053057e+01,2.055850e+01,2.064225e+01,2.060039e+01,2.050961e+01,2.048166e+01,2.053755e+01,2.052358e+01,2.048166e+01,2.053057e+01,2.047468e+01,2.034181e+01,2.050961e+01,2.052358e+01,2.048865e+01,2.040477e+01,2.051660e+01,2.046070e+01,2.040477e+01,2.046769e+01,2.041176e+01,2.046070e+01,2.046769e+01,2.036980e+01,2.039078e+01,2.038379e+01,2.057944e+01,2.043973e+01,2.050961e+01,2.039778e+01,2.039078e+01,2.041875e+01,2.042575e+01,2.048865e+01,2.048166e+01,2.059340e+01,2.056548e+01,2.046070e+01,2.052358e+01,2.053057e+01,2.076079e+01,2.050961e+01,2.050961e+01,2.050961e+01,2.051660e+01,2.042575e+01,2.037679e+01,2.048865e+01,2.043973e+01,2.047468e+01,2.046070e+01,2.044672e+01,2.053057e+01,2.062132e+01,2.058643e+01,2.060039e+01,2.064923e+01,2.068410e+01,2.061434e+01,2.080955e+01,2.063528e+01,2.073988e+01,2.067016e+01,2.069805e+01,2.069108e+01,2.056548e+01,2.068410e+01,2.064225e+01,2.065621e+01,2.063528e+01,2.057246e+01,2.065621e+01,2.071200e+01,2.072594e+01,2.064923e+01,2.064225e+01,2.066318e+01,2.066318e+01,2.068410e+01,2.069805e+01,2.073988e+01,2.073988e+01,2.069108e+01,2.071897e+01,2.064225e+01,2.064225e+01,2.062830e+01,2.064923e+01,2.067713e+01,2.063528e+01,2.066318e+01,2.069108e+01,2.073291e+01,2.064923e+01,2.073291e+01,2.072594e+01,2.067016e+01,2.076079e+01,2.067713e+01,2.057944e+01,2.038379e+01,2.055850e+01,2.055152e+01,2.053755e+01,2.052358e+01,2.052358e+01,2.055850e+01,2.056548e+01,2.042575e+01,2.051660e+01,2.043274e+01,2.050961e+01,2.056548e+01,2.048865e+01,2.044672e+01,2.045371e+01,2.055850e+01,2.053057e+01,2.055850e+01,2.052358e+01,2.043274e+01,2.055152e+01,2.051660e+01,2.046769e+01,2.035581e+01,2.046070e+01,2.049564e+01,2.060736e+01,2.048865e+01,2.058643e+01,2.049564e+01,2.030682e+01,2.043274e+01,2.048865e+01,2.049564e+01,2.045371e+01,2.056548e+01,2.053057e+01,2.048865e+01,2.057944e+01,2.055850e+01,2.051660e+01,2.058643e+01,2.058643e+01,2.040477e+01,2.041176e+01,2.043274e+01,2.060736e+01,2.057246e+01,2.060039e+01,2.055152e+01,2.052358e+01,2.060039e+01,2.057944e+01,2.046769e+01,2.056548e+01,2.043274e+01,2.051660e+01,2.050961e+01,2.062132e+01,2.053755e+01,2.049564e+01,2.054453e+01,2.053057e+01,2.057246e+01,2.060736e+01,2.053755e+01,2.064225e+01,2.057944e+01,2.057246e+01,2.054453e+01,2.052358e+01,2.061434e+01,2.052358e+01,2.059340e+01,2.050961e+01,2.052358e+01,2.056548e+01,2.054453e+01,2.053755e+01,2.052358e+01,2.052358e+01,2.061434e+01,2.067713e+01,2.054453e+01,2.083045e+01,2.053755e+01,2.048865e+01,2.058643e+01,2.057246e+01,2.063528e+01,2.050961e+01,2.050961e+01,2.053755e+01,2.060039e+01,2.056548e+01,2.056548e+01,2.048865e+01,2.053755e+01,2.050961e+01,2.059340e+01,2.062132e+01,2.064923e+01,2.063528e+01,2.058643e+01,2.067713e+01,2.056548e+01,2.052358e+01,2.067016e+01,2.064225e+01,2.064225e+01,2.046769e+01,2.062132e+01,2.055850e+01,2.053057e+01,2.038379e+01,2.063528e+01,2.053755e+01,2.059340e+01,2.057944e+01,2.056548e+01,2.054453e+01,2.054453e+01,2.031382e+01,2.053755e+01,2.058643e+01,2.062132e+01,2.060039e+01,2.060736e+01,2.053057e+01,2.056548e+01,2.049564e+01,2.059340e+01,2.059340e+01,2.062830e+01,2.058643e+01,2.060039e+01,2.062132e+01,2.052358e+01,2.048865e+01,2.056548e+01,2.060736e+01,2.052358e+01,2.060039e+01,2.061434e+01,2.058643e+01,2.060039e+01,2.059340e+01,2.058643e+01,2.053057e+01,2.048166e+01,2.060039e+01,2.057246e+01,2.049564e+01,2.055850e+01,2.043274e+01,2.050262e+01,2.048166e+01,2.043973e+01,2.049564e+01,2.053755e+01,2.046070e+01,2.044672e+01,2.053057e+01,2.060039e+01,2.056548e+01,2.057246e+01,2.051660e+01,2.043973e+01,2.046769e+01,2.053057e+01,2.056548e+01,2.056548e+01,2.053755e+01,2.047468e+01,2.054453e+01,2.053755e+01,2.053057e+01,2.052358e+01,2.036280e+01,2.046769e+01,2.046070e+01,2.044672e+01,2.043973e+01,2.041875e+01,2.046769e+01,2.048865e+01,2.053057e+01,2.045371e+01,2.048166e+01,2.052358e+01,2.043274e+01,2.043973e+01,2.050961e+01,2.047468e+01,2.050262e+01,2.047468e+01,2.043274e+01,2.041176e+01,2.043274e+01,2.053057e+01,2.054453e+01,2.045371e+01,2.049564e+01,2.043274e+01,2.046070e+01,2.048166e+01,2.050262e+01,2.045371e+01,2.060039e+01,2.044672e+01,2.059340e+01,2.046070e+01,2.057246e+01,2.053755e+01,2.055152e+01,2.045371e+01,2.053755e+01,2.055850e+01,2.043973e+01,2.049564e+01,2.050961e+01,2.050961e+01,2.048865e+01,2.049564e+01,2.040477e+01,2.058643e+01,2.053057e+01,2.055850e+01,2.051660e+01,2.059340e+01,2.046070e+01,2.052358e+01,2.055850e+01,2.052358e+01,2.064923e+01,2.067016e+01,2.062830e+01,2.067016e+01,2.067016e+01,2.067713e+01,2.064225e+01,2.056548e+01,2.062132e+01,2.059340e+01,2.061434e+01,2.064923e+01,2.064225e+01,2.057246e+01,2.062830e+01,2.059340e+01,2.067713e+01,2.055152e+01,2.062830e+01,2.061434e+01,2.057246e+01,2.057246e+01,2.062830e+01,2.064225e+01,2.062830e+01,2.052358e+01,2.065621e+01,2.047468e+01,2.054453e+01,2.060736e+01,2.068410e+01,2.052358e+01,2.059340e+01,2.065621e+01,2.057246e+01,2.050262e+01,2.056548e+01,2.065621e+01,2.052358e+01,2.060039e+01,2.057944e+01,2.055152e+01,2.057246e+01,2.074685e+01
2.062830e+01,2.067016e+01,2.060736e+01,2.060736e+01,2.065621e+01,2.060039e+01,2.051660e+01,2.060736e+01,2.061434e+01,2.064225e+01,2.064923e+01,2.066318e+01,2.062830e+01,2.067713e+01,2.067016e+01,2.057944e+01,2.062830e+01,2.060736e+01,2.061434e+01,2.064923e+01,2.058643e+01,2.065621e+01,2.060039e+01,2.062830e+01,2.062132e+01,2.058643e+01,2.054453e+01,2.062830e+01,2.045371e+01,2.059340e+01,2.061434e+01,2.053057e+01,2.062830e+01,2.055850e+01,2.063528e+01,2.058643e+01,2.056548e+01,2.064225e+01,2.061434e+01,2.062830e+01,2.063528e+01,2.073291e+01,2.074685e+01,2.075382e+01,2.076079e+01,2.076775e+01,2.080259e+01,2.080259e+01,2.073988e+01,2.084437e+01,2.094876e+01,2.089310e+01,2.096267e+01,2.073291e+01,2.071897e+01,2.099048e+01,2.116415e+01,2.095572e+01,2.119885e+01,2.129594e+01,2.124740e+01,2.125434e+01,2.153134e+01,2.152443e+01,2.153134e+01,2.131673e+01,2.141371e+01,2.146216e+01,2.151751e+01,2.150368e+01,2.155209e+01,2.157283e+01,2.154517e+01,2.155209e+01,2.170409e+01,2.169718e+01,2.192477e+01,2.176620e+01,2.166265e+01,2.171790e+01,2.161430e+01,2.135830e+01,2.138601e+01,2.145524e+01,2.124047e+01,2.122660e+01,2.130980e+01,2.117803e+01,2.119191e+01,2.130287e+01,2.122660e+01,2.130287e+01,2.119191e+01,2.108777e+01,2.099048e+01,2.101134e+01,2.118497e+01,2.139986e+01,2.146216e+01,2.143448e+01,2.144140e+01,2.109472e+01,2.097658e+01,2.115721e+01,2.101829e+01,2.078866e+01,2.075382e+01,2.073988e+01,2.071897e+01,2.064923e+01,2.055152e+01,2.046769e+01,2.062132e+01,2.054453e+01,2.050961e+01,2.044672e+01,2.050262e+01,2.048865e+01,2.048166e+01,2.046070e+01,2.049564e+01,2.041176e+01,2.053755e+01,2.054453e+01,2.054453e+01,2.056548e+01,2.053755e+01,2.041176e+01,2.047468e+01,2.042575e+01,2.044672e+01,2.046070e+01,2.056548e+01,2.049564e+01,2.055850e+01,2.058643e+01,2.047468e+01,2.047468e+01,2.050961e+01,2.046070e+01,2.053755e+01,2.052358e+01,2.048865e+01,2.056548e+01,2.048865e+01,2.053057e+01,2.059340e+01,2.043973e+01,2.058643e+01,2.043973e+01,2.047468e+01,2.055152e+01,2.040477e+01,2.046070e+01,2.055850e+01,2.056548e+01,2.040477e+01,2.042575e+01,2.055152e+01,2.048166e+01,2.044672e+01,2.048865e+01,2.052358e+01,2.043274e+01,2.042575e+01,2.043274e+01,2.039078e+01,2.049564e+01,2.044672e+01,2.048865e+01,2.043274e+01,2.041875e+01,2.040477e+01,2.046769e+01,2.042575e+01,2.051660e+01,2.050961e+01,2.048166e+01,2.051660e+01,2.048865e+01,2.048166e+01,2.054453e+01,2.035581e+01,2.051660e+01,2.050262e+01,2.053057e+01,2.052358e+01,2.050262e+01,2.047468e+01,2.058643e+01,2.047468e+01,2.038379e+01,2.043973e+01,2.038379e+01,2.048166e+01,2.049564e+01,2.043973e+01,2.048166e+01,2.049564e+01,2.043274e+01,2.042575e+01,2.042575e+01,2.044672e+01,2.054453e+01,2.046070e+01,2.055152e+01,2.045371e+01,2.046070e+01,2.041875e+01,2.042575e+01,2.048865e+01,2.052358e+01,2.045371e+01,2.043973e+01,2.040477e+01,2.050961e+01,2.046070e+01,2.049564e+01,2.052358e+01,2.053057e+01,2.050961e+01,2.048166e+01,2.064225e+01,2.054453e+01,2.046769e+01,2.041875e+01,2.043973e+01,2.051660e+01,2.055152e+01,2.051660e+01,2.039078e+01,2.045371e+01,2.044672e+01,2.041875e+01,2.046070e+01,2.043973e+01,2.051660e+01,2.048865e+01,2.043973e+01,2.048865e+01,2.050961e+01,2.048166e+01,2.045371e+01,2.048166e+01,2.053057e+01,2.049564e+01,2.061434e+01,2.046070e+01,2.055152e+01,2.046769e+01,2.060039e+01,2.064923e+01,2.064923e+01,2.057246e+01,2.050961e+01,2.059340e+01,2.062830e+01,2.056548e+01,2.055152e+01,2.060039e+01,2.058643e+01,2.053755e+01,2.057246e+01,2.052358e+01,2.055152e+01,2.052358e+01,2.048865e+01,2.053057e+01,2.046070e+01,2.048865e+01,2.055850e+01,2.046070e+01,2.054453e+01,2.050262e+01,2.049564e+01,2.038379e+01,2.044672e+01,2.036980e+01,2.038379e+01,2.039078e+01,2.041875e+01,2.047468e+01,2.046070e+01,2.045371e+01,2.043973e+01,2.041875e+01,2.062830e+01,2.055850e+01,2.039078e+01,2.039078e+01,2.041875e+01,2.052358e+01,2.039778e+01,2.050262e+01,2.046070e+01,2.040477e+01,2.045371e+01,2.052358e+01,2.050262e+01,2.053755e+01,2.053755e+01,2.050961e+01,2.051660e+01,2.052358e+01,2.051660e+01,2.050961e+01,2.036280e+01,2.048166e+01,2.044672e+01,2.044672e+01,2.044672e+01,2.042575e+01,2.043973e+01,2.050262e+01,2.053057e+01,2.054453e+01,2.053057e+01,2.062830e+01,2.058643e+01,2.057246e+01,2.074685e+01,2.061434e+01,2.057944e+01,2.069108e+01,2.068410e+01,2.061434e+01,2.069805e+01,2.068410e+01,2.058643e+01,2.065621e+01,2.059340e+01,2.071200e+01,2.061434e+01,2.060736e+01,2.064225e+01,2.064225e+01,2.061434e+01,2.057246e+01,2.066318e+01,2.056548e+01,2.063528e+01,2.075382e+01,2.067016e+01,2.064923e+01,2.062830e+01,2.062830e+01,2.073291e+01,2.069805e+01,2.063528e+01,2.065621e+01,2.064923e+01,2.071897e+01,2.064923e+01,2.068410e+01,2.067713e+01,2.069805e+01,2.069805e+01,2.064923e+01,2.063528e+01,2.062132e+01,2.061434e+01,2.057246e+01,2.052358e+01,2.053755e+01,2.054453e+01,2.053755e+01,2.054453e+01,2.039778e+01,2.037679e+01,2.050961e+01,2.054453e+01,2.048865e+01,2.047468e+01,2.048166e+01,2.045371e+01,2.046070e+01,2.043973e+01,2.049564e+01,2.050262e+01,2.053755e+01,2.052358e+01,2.053755e+01,2.051660e+01,2.049564e+01,2.052358e+01,2.048166e+01,2.057246e+01,2.052358e+01,2.052358e+01,2.043973e+01,2.033481e+01,2.041875e+01,2.055850e+01,2.058643e+01,2.058643e+01,2.055152e+01,2.057944e+01,2.061434e+01,2.059340e+01,2.048166e+01,2.055850e+01,2.053755e+01,2.045371e+01,2.067713e+01,2.055152e+01,2.062830e+01,2.059340e+01,2.052358e+01,2.064225e+01,2.050961e+01,2.053057e+01,2.058643e+01,2.055152e+01,2.055152e+01,2.055850e+01,2.054453e+01,2.056548e+01,2.052358e+01,2.056548e+01,2.050961e+01,2.050961e+01,2.071200e+01,2.060736e+01,2.050961e+01,2.051660e+01,2.056548e+01,2.047468e+01,2.057246e+01,2.050262e+01,2.057944e+01,2.046769e+01,2.058643e+01,2.058643e+01,2.059340e+01,2.055152e+01,2.053755e+01,2.044672e+01,2.058643e+01,2.058643e+01,2.060039e+01,2.060736e+01,2.055850e+01,2.066318e+01,2.054453e+01,2.063528e+01,2.053755e+01,2.057246e+01,2.055850e+01,2.060736e+01,2.062132e+01,2.052358e+01,2.048166e+01,2.053755e+01,2.063528e+01,2.064225e+01,2.062132e+01,2.057246e+01,2.055152e+01,2.057944e+01,2.056548e+01,2.057944e+01,2.059340e+01,2.054453e+01,2.048865e+01,2.065621e+01,2.067016e+01,2.064225e+01,2.060736e+01,2.061434e+01,2.066318e+01,2.043274e+01,2.052358e+01,2.071200e+01,2.060736e+01,2.064923e+01,2.048166e+01,2.046769e+01,2.055850e+01,2.052358e+01,2.055152e+01,2.060039e+01,2.053057e+01,2.055152e+01,2.053755e+01,2.057246e+01,2.052358e+01,2.057246e+01,2.056548e+01,2.062132e+01,2.061434e+01,2.067016e+01,2.062132e+01,2.057246e+01,2.067713e+01,2.053755e+01,2.056548e+01,2.059340e+01,2.055850e+01,2.062132e+01,2.057246e+01,2.050961e+01,2.062132e+01,2.059340e+01,2.052358e+01,2.057944e+01,2.049564e+01,2.061434e+01,2.055850e+01,2.057246e+01,2.049564e+01,2.042575e+01,2.057944e+01,2.055152e+01,2.057246e+01,2.057944e+01,2.046070e+01,2.048166e+01,2.052358e+01,2.048865e+01,2.053755e+01,2.055152e+01,2.049564e+01,2.041875e+01,2.048865e+01,2.045371e+01,2.058643e+01,2.044672e+01,2.052358e+01,2.046070e+01,2.044672e+01,2.055850e+01,2.056548e+01,2.057944e+01,2.057246e+01,2.043274e+01,2.043274e+01,2.038379e+01,2.049564e+01,2.050262e+01,2.052358e+01,2.047468e+01,2.046070e+01,2.062132e+01,2.053057e+01,2.045371e+01,2.046070e+01,2.043973e+01,2.047468e+01,2.042575e+01,2.048865e+01,2.044672e+01,2.049564e+01,2.043274e+01,2.050262e+01,2.048166e+01,2.043973e+01,2.047468e+01,2.046070e+01,2.052358e+01,2.053755e+01,2.053755e+01,2.039778e+01,2.048166e+01,2.048865e+01,2.048865e+01,2.049564e+01,2.041176e+01,2.039778e+01,2.048166e+01,2.047468e+01,2.045371e+01,2.053755e+01,2.048166e+01,2.041176e+01,2.044672e+01,2.052358e+01,2.047468e+01,2.056548e+01,2.055152e+01,2.041875e+01,2.054453e+01,2.048865e+01,2.046070e+01,2.044672e+01,2.045371e+01,2.048166e+01,2.049564e+01,2.051660e+01,2.055850e+01,2.052358e+01,2.048865e+01,2.054453e+01,2.052358e+01,2.062830e+01,2.053057e+01,2.054453e+01,2.050262e+01,2.048166e+01,2.069108e+01,2.066318e+01,2.063528e+01,2.053755e+01,2.060736e+01,2.061434e+01,2.064225e+01,2.060736e+01,2.058643e+01,2.062830e+01,2.088614e+01,2.058643e+01,2.057944e+01,2.058643e+01,2.057944e+01,2.060736e+01,2.064923e+01,2.060039e+01,2.062830e+01,2.055152e+01,2.060736e+01,2.052358e+01,2.052358e+01,2.055850e+01,2.055152e+01,2.067016e+01,2.062830e+01,2.056548e+01,2.063528e+01,2.062830e+01,2.064923e+01,2.063528e+01,2.056548e+01,2.057246e+01,2.057246e+01,2.056548e+01,2.057944e+01,2.064225e+01,2.061434e+01,2.059340e+01,2.053755e+01,2.055850e+01
2.060736e+01,2.057944e+01,2.058643e+01,2.064923e+01,2.062830e+01,2.069805e+01,2.050961e+01,2.054453e+01,2.054453e+01,2.053755e+01,2.057944e+01,2.056548e+01,2.052358e+01,2.067713e+01,2.062132e+01,2.054453e+01,2.055850e+01,2.062830e+01,2.049564e+01,2.044672e+01,2.062830e+01,2.064923e+01,2.053755e+01,2.057944e+01,2.061434e+01,2.050961e+01,2.053057e+01,2.060736e+01,2.057246e+01,2.062830e+01,2.064923e+01,2.055152e+01,2.058643e+01,2.056548e+01,2.050961e+01,2.067713e+01,2.063528e+01,2.064225e+01,2.062132e+01,2.062830e+01,2.055152e+01,2.058643e+01,2.063528e+01,2.071200e+01,2.074685e+01,2.069805e+01,2.071897e+01,2.080955e+01,2.080955e+01,2.076775e+01,2.081652e+01,2.071897e+01,2.071200e+01,2.071897e+01,2.060736e+01,2.087918e+01,2.074685e+01,2.095572e+01,2.092789e+01,2.105999e+01,2.117109e+01,2.130980e+01,2.143448e+01,2.119885e+01,2.143448e+01,2.144140e+01,2.151059e+01,2.149676e+01,2.173860e+01,2.173170e+01,2.171099e+01,2.173860e+01,2.183518e+01,2.186275e+01,2.184897e+01,2.178000e+01,2.180759e+01,2.184897e+01,2.174550e+01,2.166265e+01,2.153134e+01,2.144140e+01,2.146908e+01,2.145524e+01,2.145524e+01,2.133752e+01,2.117803e+01,2.111555e+01,2.125434e+01,2.116415e+01,2.125434e+01,2.133059e+01,2.117803e+01,2.103914e+01,2.105999e+01,2.099744e+01,2.122660e+01,2.147600e+01,2.142756e+01,2.148984e+01,2.144140e+01,2.112250e+01,2.118497e+01,2.108777e+01,2.096962e+01,2.094180e+01,2.092093e+01,2.096267e+01,2.072594e+01,2.065621e+01,2.053755e+01,2.053057e+01,2.050262e+01,2.050961e+01,2.044672e+01,2.050961e+01,2.049564e+01,2.055850e+01,2.049564e+01,2.048865e+01,2.052358e+01,2.043973e+01,2.054453e+01,2.050961e+01,2.046070e+01,2.052358e+01,2.041875e+01,2.057944e+01,2.031382e+01,2.049564e+01,2.046070e+01,2.053057e+01,2.052358e+01,2.052358e+01,2.039778e+01,2.057246e+01,2.046769e+01,2.059340e+01,2.048166e+01,2.053755e+01,2.050961e+01,2.055152e+01,2.055152e+01,2.054453e+01,2.053057e+01,2.054453e+01,2.046769e+01,2.043973e+01,2.057944e+01,2.048865e+01,2.047468e+01,2.043274e+01,2.050262e+01,2.053057e+01,2.048865e+01,2.054453e+01,2.052358e+01,2.046769e+01,2.041875e+01,2.047468e+01,2.048166e+01,2.049564e+01,2.043274e+01,2.046769e+01,2.044672e+01,2.046070e+01,2.056548e+01,2.039078e+01,2.046070e+01,2.052358e+01,2.046070e+01,2.043973e+01,2.051660e+01,2.043973e+01,2.048865e+01,2.047468e+01,2.046769e+01,2.046070e+01,2.053057e+01,2.054453e+01,2.053057e+01,2.054453e+01,2.057944e+01,2.043274e+01,2.043973e+01,2.043274e+01,2.052358e+01,2.051660e+01,2.044672e+01,2.046070e+01,2.041875e+01,2.036280e+01,2.043973e+01,2.048166e+01,2.041875e+01,2.038379e+01,2.051660e+01,2.047468e+01,2.055850e+01,2.042575e+01,2.050262e+01,2.045371e+01,2.042575e+01,2.043973e+01,2.046070e+01,2.051660e+01,2.043973e+01,2.043274e+01,2.046070e+01,2.047468e+01,2.050262e+01,2.044672e+01,2.044672e+01,2.049564e+01,2.038379e+01,2.046769e+01,2.048865e+01,2.047468e+01,2.053057e+01,2.045371e+01,2.051660e+01,2.050262e+01,2.052358e+01,2.050262e+01,2.047468e+01,2.039778e+01,2.044672e+01,2.053755e+01,2.047468e+01,2.043973e+01,2.043274e+01,2.050961e+01,2.039078e+01,2.044672e+01,2.046070e+01,2.044672e+01,2.050961e+01,2.048865e+01,2.050961e+01,2.048865e+01,2.042575e+01,2.048865e+01,2.051660e+01,2.037679e+01,2.037679e+01,2.050262e+01,2.049564e+01,2.057944e+01,2.048865e+01,2.048166e+01,2.056548e+01,2.053057e+01,2.060736e+01,2.052358e+01,2.068410e+01,2.053755e+01,2.050961e+01,2.050262e+01,2.058643e+01,2.056548e+01,2.057944e+01,2.058643e+01,2.060039e+01,2.050262e+01,2.048865e+01,2.050262e+01,2.044672e+01,2.043274e+01,2.051660e+01,2.054453e+01,2.041176e+01,2.048865e+01,2.043274e+01,2.043274e+01,2.041176e+01,2.046070e+01,2.046070e+01,2.043274e+01,2.046070e+01,2.045371e+01,2.041176e+01,2.043973e+01,2.043274e+01,2.046769e+01,2.038379e+01,2.034181e+01,2.041176e+01,2.041875e+01,2.039778e+01,2.040477e+01,2.039778e+01,2.048865e+01,2.040477e+01,2.039078e+01,2.049564e+01,2.053057e+01,2.048865e+01,2.051660e+01,2.048166e+01,2.051660e+01,2.048865e+01,2.054453e+01,2.053057e+01,2.057246e+01,2.048865e+01,2.053057e+01,2.036280e+01,2.037679e+01,2.044672e+01,2.044672e+01,2.046070e+01,2.046769e+01,2.041875e+01,2.041176e+01,2.048865e+01,2.053057e+01,2.057944e+01,2.058643e+01,2.058643e+01,2.061434e+01,2.060039e+01,2.057944e+01,2.064923e+01,2.066318e+01,2.068410e+01,2.069108e+01,2.069108e+01,2.069805e+01,2.056548e+01,2.061434e+01,2.060039e+01,2.062132e+01,2.062132e+01,2.069108e+01,2.067713e+01,2.068410e+01,2.060736e+01,2.062830e+01,2.069805e+01,2.064923e+01,2.069805e+01,2.061434e+01,2.069805e+01,2.068410e+01,2.061434e+01,2.064225e+01,2.068410e+01,2.061434e+01,2.064225e+01,2.063528e+01,2.064225e+01,2.065621e+01,2.064923e+01,2.070502e+01,2.066318e+01,2.065621e+01,2.067016e+01,2.069805e+01,2.064923e+01,2.058643e+01,2.057944e+01,2.058643e+01,2.057944e+01,2.048865e+01,2.040477e+01,2.037679e+01,2.053057e+01,2.042575e+01,2.064225e+01,2.029982e+01,2.050961e+01,2.051660e+01,2.048166e+01,2.051660e+01,2.050262e+01,2.048166e+01,2.046769e+01,2.047468e+01,2.051660e+01,2.048865e+01,2.055152e+01,2.048166e+01,2.055850e+01,2.052358e+01,2.053755e+01,2.044672e+01,2.050961e+01,2.055152e+01,2.060039e+01,2.048166e+01,2.057246e+01,2.048865e+01,2.048865e+01,2.043274e+01,2.041875e+01,2.045371e+01,2.065621e+01,2.055850e+01,2.049564e+01,2.050961e+01,2.051660e+01,2.052358e+01,2.049564e+01,2.054453e+01,2.067016e+01,2.054453e+01,2.050961e+01,2.048865e+01,2.048865e+01,2.048865e+01,2.058643e+01,2.056548e+01,2.060736e+01,2.057944e+01,2.053755e+01,2.062830e+01,2.060039e+01,2.062830e+01,2.056548e+01,2.051660e+01,2.063528e+01,2.056548e+01,2.054453e+01,2.052358e+01,2.051660e+01,2.052358e+01,2.053755e+01,2.047468e+01,2.057944e+01,2.052358e+01,2.063528e+01,2.052358e+01,2.054453e+01,2.059340e+01,2.041875e+01,2.052358e+01,2.054453e+01,2.060736e+01,2.057944e+01,2.055850e+01,2.053755e+01,2.058643e+01,2.056548e+01,2.050262e+01,2.059340e+01,2.057944e+01,2.063528e+01,2.057944e+01,2.057246e+01,2.048166e+01,2.060039e+01,2.045371e+01,2.057944e+01,2.055850e+01,2.053057e+01,2.055850e+01,2.055850e+01,2.049564e+01,2.059340e+01,2.048865e+01,2.054453e+01,2.064923e+01,2.053755e+01,2.060039e+01,2.057246e+01,2.057944e+01,2.065621e+01,2.067016e+01,2.057944e+01,2.062830e+01,2.062830e+01,2.065621e+01,2.055850e+01,2.061434e+01,2.052358e+01,2.034181e+01,2.054453e+01,2.057944e+01,2.057944e+01,2.052358e+01,2.057246e+01,2.054453e+01,2.059340e+01,2.057944e+01,2.056548e+01,2.055152e+01,2.055152e+01,2.061434e+01,2.059340e+01,2.057246e+01,2.059340e+01,2.051660e+01,2.046070e+01,2.053755e+01,2.053057e+01,2.059340e+01,2.055152e+01,2.059340e+01,2.057246e+01,2.055152e+01,2.050961e+01,2.058643e+01,2.052358e+01,2.060736e+01,2.047468e+01,2.065621e+01,2.052358e+01,2.049564e+01,2.048865e+01,2.055850e+01,2.055850e+01,2.056548e+01,2.045371e+01,2.055850e+01,2.057246e+01,2.056548e+01,2.042575e+01,2.045371e+01,2.048166e+01,2.051660e+01,2.047468e+01,2.038379e+01,2.042575e+01,2.047468e+01,2.043274e+01,2.043274e+01,2.047468e+01,2.040477e+01,2.060039e+01,2.044672e+01,2.038379e+01,2.046070e+01,2.041875e+01,2.043274e+01,2.043274e+01,2.042575e+01,2.036280e+01,2.051660e+01,2.036280e+01,2.037679e+01,2.048865e+01,2.046769e+01,2.043274e+01,2.047468e+01,2.042575e+01,2.043973e+01,2.048865e+01,2.042575e+01,2.048865e+01,2.046769e+01,2.050961e+01,2.049564e+01,2.041875e+01,2.039778e+01,2.045371e+01,2.046070e+01,2.048166e+01,2.042575e+01,2.048166e+01,2.056548e+01,2.057246e+01,2.044672e+01,2.036980e+01,2.030682e+01,2.045371e+01,2.045371e+01,2.042575e+01,2.040477e+01,2.058643e+01,2.048166e+01,2.043274e+01,2.045371e+01,2.047468e+01,2.050262e+01,2.049564e+01,2.043274e+01,2.055152e+01,2.041176e+01,2.050961e+01,2.036280e+01,2.057246e+01,2.053755e+01,2.049564e+01,2.047468e+01,2.046070e+01,2.046769e+01,2.033481e+01,2.064225e+01,2.057944e+01,2.051660e+01,2.048865e+01,2.053057e+01,2.061434e+01,2.057944e+01,2.048865e+01,2.071200e+01,2.046769e+01,2.046070e+01,2.063528e+01,2.050961e+01,2.069108e+01,2.065621e+01,2.062830e+01,2.060039e+01,2.057246e+01,2.057944e+01,2.062830e+01,2.061434e+01,2.067713e+01,2.061434e+01,2.058643e+01,2.057246e+01,2.054453e+01,2.062830e+01,2.053057e+01,2.060736e+01,2.063528e+01,2.068410e+01,2.056548e+01,2.054453e+01,2.055152e+01,2.054453e+01,2.055152e+01,2.055850e+01,2.064225e+01,2.061434e+01,2.060039e+01,2.050262e+01,2.055850e+01,2.063528e+01,2.051660e+01,2.053057e+01,2.055152e+01,2.053755e+01,2.055152e+01,2.055850e+01,2.056548e+01,2.070502e+01,2.061434e+01,2.053755e+01
2.068410e+01,2.064923e+01,2.062132e+01,2.062830e+01,2.061434e+01,2.055152e+01,2.067016e+01,2.062132e+01,2.062830e+01,2.074685e+01,2.067016e+01,2.058643e+01,2.062132e+01,2.061434e+01,2.060736e+01,2.064225e+01,2.067713e+01,2.062132e+01,2.048166e+01,2.063528e+01,2.051660e+01,2.051660e+01,2.059340e+01,2.048166e+01,2.063528e+01,2.055152e+01,2.047468e+01,2.055152e+01,2.057246e+01,2.055850e+01,2.057944e+01,2.053057e+01,2.065621e+01,2.062830e+01,2.064225e+01,2.063528e+01,2.065621e+01,2.046070e+01,2.065621e+01,2.060736e+01,2.060736e+01,2.064923e+01,2.069108e+01,2.070502e+01,2.073988e+01,2.066318e+01,2.069108e+01,2.049564e+01,2.072594e+01,2.073291e+01,2.069108e+01,2.064923e+01,2.064225e+01,2.075382e+01,2.078169e+01,2.071200e+01,2.067713e+01,2.064923e+01,2.092093e+01,2.092093e+01,2.100439e+01,2.117803e+01,2.130980e+01,2.136523e+01,2.139986e+01,2.140678e+01,2.151751e+01,2.151751e+01,2.174550e+01,2.177310e+01,2.186965e+01,2.182139e+01,2.172480e+01,2.172480e+01,2.173170e+01,2.177310e+01,2.173170e+01,2.178690e+01,2.161430e+01,2.146908e+01,2.150368e+01,2.128207e+01,2.151751e+01,2.146216e+01,2.148984e+01,2.142756e+01,2.125434e+01,2.110861e+01,2.116415e+01,2.119191e+01,2.120579e+01,2.134445e+01,2.132366e+01,2.108777e+01,2.130980e+01,2.131673e+01,2.108083e+01,2.135830e+01,2.146216e+01,2.149676e+01,2.162121e+01,2.129594e+01,2.096962e+01,2.098353e+01,2.104609e+01,2.107388e+01,2.079562e+01,2.073291e+01,2.084437e+01,2.052358e+01,2.049564e+01,2.049564e+01,2.053755e+01,2.050961e+01,2.050961e+01,2.049564e+01,2.049564e+01,2.043973e+01,2.051660e+01,2.046070e+01,2.053755e+01,2.056548e+01,2.050262e+01,2.043973e+01,2.052358e+01,2.046769e+01,2.043274e+01,2.040477e+01,2.053057e+01,2.041875e+01,2.048166e+01,2.052358e+01,2.051660e+01,2.048865e+01,2.043973e+01,2.047468e+01,2.043973e+01,2.046769e+01,2.051660e+01,2.053057e+01,2.051660e+01,2.051660e+01,2.053057e+01,2.056548e+01,2.055850e+01,2.051660e+01,2.053057e+01,2.050262e+01,2.052358e+01,2.045371e+01,2.042575e+01,2.046070e+01,2.042575e+01,2.041875e+01,2.044672e+01,2.053057e+01,2.048166e+01,2.050262e+01,2.045371e+01,2.039078e+01,2.043274e+01,2.047468e+01,2.046769e+01,2.043973e+01,2.053057e+01,2.053755e+01,2.051660e+01,2.044672e+01,2.050262e+01,2.051660e+01,2.053057e+01,2.044672e+01,2.041875e+01,2.056548e+01,2.041875e+01,2.050262e+01,2.046070e+01,2.048166e+01,2.048166e+01,2.046769e+01,2.053755e+01,2.055152e+01,2.050961e+01,2.048166e+01,2.050961e+01,2.050961e+01,2.050262e+01,2.043973e+01,2.042575e+01,2.045371e+01,2.052358e+01,2.043973e+01,2.048166e+01,2.039078e+01,2.037679e+01,2.047468e+01,2.040477e+01,2.050262e+01,2.042575e+01,2.050961e+01,2.054453e+01,2.055152e+01,2.053755e+01,2.055152e+01,2.045371e+01,2.046070e+01,2.046070e+01,2.043274e+01,2.049564e+01,2.050961e+01,2.037679e+01,2.048865e+01,2.048865e+01,2.046769e+01,2.046769e+01,2.043274e+01,2.038379e+01,2.051660e+01,2.051660e+01,2.045371e+01,2.043973e+01,2.049564e+01,2.047468e+01,2.036980e+01,2.034881e+01,2.043973e+01,2.039078e+01,2.043274e+01,2.043274e+01,2.042575e+01,2.050961e+01,2.049564e+01,2.039078e+01,2.043973e+01,2.046070e+01,2.045371e+01,2.043973e+01,2.041875e+01,2.048166e+01,2.046769e+01,2.043973e+01,2.048865e+01,2.046070e+01,2.051660e+01,2.047468e+01,2.050961e+01,2.053057e+01,2.051660e+01,2.046070e+01,2.062830e+01,2.064225e+01,2.055850e+01,2.052358e+01,2.050262e+01,2.062132e+01,2.053755e+01,2.056548e+01,2.046769e+01,2.039078e+01,2.059340e+01,2.045371e+01,2.054453e+01,2.048865e+01,2.035581e+01,2.054453e+01,2.046769e+01,2.048166e+01,2.048166e+01,2.044672e+01,2.050262e+01,2.048166e+01,2.050262e+01,2.055850e+01,2.046070e+01,2.048865e+01,2.046070e+01,2.046769e+01,2.043274e+01,2.036980e+01,2.043274e+01,2.039078e+01,2.051660e+01,2.044672e+01,2.043973e+01,2.043274e+01,2.036280e+01,2.043973e+01,2.038379e+01,2.048865e+01,2.046070e+01,2.052358e+01,2.041875e+01,2.040477e+01,2.050262e+01,2.049564e+01,2.049564e+01,2.046769e+01,2.050961e+01,2.049564e+01,2.048865e+01,2.060039e+01,2.053755e+01,2.050961e+01,2.055152e+01,2.053755e+01,2.053057e+01,2.038379e+01,2.039078e+01,2.045371e+01,2.046769e+01,2.043973e+01,2.046769e+01,2.046769e+01,2.047468e+01,2.048865e+01,2.054453e+01,2.050961e+01,2.061434e+01,2.054453e+01,2.059340e+01,2.056548e+01,2.060039e+01,2.084437e+01,2.067713e+01,2.068410e+01,2.064225e+01,2.064225e+01,2.057246e+01,2.063528e+01,2.069108e+01,2.061434e+01,2.065621e+01,2.067016e+01,2.061434e+01,2.062830e+01,2.062830e+01,2.066318e+01,2.063528e+01,2.058643e+01,2.060736e+01,2.061434e+01,2.055850e+01,2.076079e+01,2.061434e+01,2.068410e+01,2.059340e+01,2.062132e+01,2.059340e+01,2.064923e+01,2.069108e+01,2.059340e+01,2.063528e+01,2.069108e+01,2.063528e+01,2.067713e+01,2.064923e+01,2.057944e+01,2.064225e+01,2.063528e+01,2.057944e+01,2.053755e+01,2.057246e+01,2.043274e+01,2.039778e+01,2.052358e+01,2.046769e+01,2.046070e+01,2.050262e+01,2.047468e+01,2.045371e+01,2.050262e+01,2.051660e+01,2.050262e+01,2.058643e+01,2.050262e+01,2.047468e+01,2.047468e+01,2.048166e+01,2.043973e+01,2.053755e+01,2.050961e+01,2.052358e+01,2.043274e+01,2.054453e+01,2.055850e+01,2.046769e+01,2.057246e+01,2.054453e+01,2.036980e+01,2.053755e+01,2.052358e+01,2.054453e+01,2.055850e+01,2.053057e+01,2.046769e+01,2.058643e+01,2.048166e+01,2.051660e+01,2.052358e+01,2.055152e+01,2.049564e+01,2.051660e+01,2.050262e+01,2.052358e+01,2.050262e+01,2.060736e+01,2.048865e+01,2.048865e+01,2.048166e+01,2.047468e+01,2.060039e+01,2.056548e+01,2.057246e+01,2.056548e+01,2.055152e+01,2.053755e+01,2.055152e+01,2.055850e+01,2.056548e+01,2.063528e+01,2.053755e+01,2.054453e+01,2.053057e+01,2.055152e+01,2.050961e+01,2.059340e+01,2.054453e+01,2.051660e+01,2.052358e+01,2.062830e+01,2.062830e+01,2.050961e+01,2.054453e+01,2.051660e+01,2.067016e+01,2.053755e+01,2.059340e+01,2.057944e+01,2.050961e+01,2.047468e+01,2.057944e+01,2.057246e+01,2.059340e+01,2.058643e+01,2.062132e+01,2.053057e+01,2.053755e+01,2.055850e+01,2.058643e+01,2.065621e+01,2.046070e+01,2.063528e+01,2.051660e+01,2.053057e+01,2.054453e+01,2.053057e+01,2.057944e+01,2.062132e+01,2.052358e+01,2.052358e+01,2.055152e+01,2.053057e+01,2.060736e+01,2.055850e+01,2.053755e+01,2.050961e+01,2.062132e+01,2.053755e+01,2.055850e+01,2.053057e+01,2.053057e+01,2.048865e+01,2.054453e+01,2.057246e+01,2.052358e+01,2.060039e+01,2.055152e+01,2.054453e+01,2.051660e+01,2.050961e+01,2.057246e+01,2.057246e+01,2.057246e+01,2.056548e+01,2.064225e+01,2.050961e+01,2.060039e+01,2.053755e+01,2.060736e+01,2.058643e+01,2.057246e+01,2.068410e+01,2.053755e+01,2.057246e+01,2.057944e+01,2.056548e+01,2.060039e+01,2.055850e+01,2.053755e+01,2.043274e+01,2.050262e+01,2.060736e+01,2.050262e+01,2.049564e+01,2.051660e+01,2.060039e+01,2.057246e+01,2.054453e+01,2.055850e+01,2.052358e+01,2.058643e+01,2.054453e+01,2.053755e+01,2.037679e+01,2.053755e+01,2.051660e+01,2.051660e+01,2.048166e+01,2.058643e+01,2.043274e+01,2.040477e+01,2.045371e+01,2.039778e+01,2.041176e+01,2.039778e+01,2.060039e+01,2.061434e+01,2.053755e+01,2.057944e+01,2.048865e+01,2.054453e+01,2.039078e+01,2.050262e+01,2.048166e+01,2.039778e+01,2.038379e+01,2.052358e+01,2.042575e+01,2.035581e+01,2.053057e+01,2.053057e+01,2.048166e+01,2.042575e+01,2.053755e+01,2.049564e+01,2.048166e+01,2.050262e+01,2.043274e+01,2.049564e+01,2.048166e+01,2.043274e+01,2.050262e+01,2.058643e+01,2.046769e+01,2.039078e+01,2.062830e+01,2.049564e+01,2.051660e+01,2.046070e+01,2.043274e+01,2.049564e+01,2.043973e+01,2.052358e+01,2.041875e+01,2.050961e+01,2.055850e+01,2.040477e+01,2.046070e+01,2.054453e+01,2.043274e+01,2.062830e+01,2.041176e+01,2.052358e+01,2.049564e+01,2.043274e+01,2.045371e+01,2.050961e+01,2.036980e+01,2.042575e+01,2.040477e+01,2.054453e+01,2.046769e+01,2.059340e+01,2.050961e+01,2.059340e+01,2.057944e+01,2.046769e+01,2.055152e+01,2.047468e+01,2.062830e+01,2.055850e+01,2.069108e+01,2.050262e+01,2.059340e+01,2.071200e+01,2.058643e+01,2.044672e+01,2.054453e+01,2.063528e+01,2.071200e+01,2.058643e+01,2.055152e+01,2.054453e+01,2.054453e+01,2.057944e+01,2.062830e+01,2.057944e+01,2.057944e+01,2.067713e+01,2.067713e+01,2.061434e+01,2.062132e+01,2.061434e+01,2.059340e+01,2.051660e+01,2.056548e+01,2.065621e+01,2.058643e+01,2.062132e+01,2.054453e+01,2.069805e+01,2.052358e+01,2.053755e+01,2.054453e+01,2.067016e+01,2.055152e+01,2.057246e+01,2.060039e+01,2.050262e+01,2.055850e+01,2.057944e+01,2.055152e+01,2.057944e+01,2.053755e+01,2.064923e+01,2.060736e+01,2.054453e+01,2.061434e+01,2.050262e+01,2.052358e+01
2.060736e+01,2.064923e+01,2.061434e+01,2.061434e+01,2.057944e+01,2.061434e+01,2.059340e+01,2.070502e+01,2.067016e+01,2.053755e+01,2.052358e+01,2.059340e+01,2.059340e+01,2.064225e+01,2.064225e+01,2.050961e+01,2.061434e+01,2.061434e+01,2.057246e+01,2.068410e+01,2.061434e+01,2.063528e+01,2.053755e+01,2.054453e+01,2.051660e+01,2.045371e+01,2.061434e+01,2.060039e+01,2.053057e+01,2.056548e+01,2.052358e+01,2.061434e+01,2.054453e+01,2.064923e+01,2.054453e+01,2.053755e+01,2.062830e+01,2.062830e+01,2.063528e+01,2.060736e+01,2.060736e+01,2.055850e+01,2.067713e+01,2.064225e+01,2.073988e+01,2.074685e+01,2.072594e+01,2.076775e+01,2.062132e+01,2.054453e+01,2.075382e+01,2.067713e+01,2.071897e+01,2.075382e+01,2.073291e+01,2.065621e+01,2.059340e+01,2.096267e+01,2.071200e+01,2.090702e+01,2.090006e+01,2.090006e+01,2.115721e+01,2.117803e+01,2.139986e+01,2.135830e+01,2.146216e+01,2.151059e+01,2.185586e+01,2.181449e+01,2.185586e+01,2.172480e+01,2.188343e+01,2.179380e+01,2.174550e+01,2.197299e+01,2.178690e+01,2.186275e+01,2.170409e+01,2.169718e+01,2.152443e+01,2.143448e+01,2.151751e+01,2.136523e+01,2.136523e+01,2.140678e+01,2.140678e+01,2.117109e+01,2.112250e+01,2.102524e+01,2.121966e+01,2.130980e+01,2.132366e+01,2.133059e+01,2.130980e+01,2.129594e+01,2.127514e+01,2.142063e+01,2.135138e+01,2.150368e+01,2.151059e+01,2.133752e+01,2.105999e+01,2.104609e+01,2.107388e+01,2.094876e+01,2.090006e+01,2.087222e+01,2.080955e+01,2.059340e+01,2.066318e+01,2.058643e+01,2.053057e+01,2.050961e+01,2.064225e+01,2.061434e+01,2.050262e+01,2.048865e+01,2.041875e+01,2.040477e+01,2.039778e+01,2.051660e+01,2.051660e+01,2.058643e+01,2.048166e+01,2.055850e+01,2.046070e+01,2.050262e+01,2.054453e+01,2.050961e+01,2.046070e+01,2.048865e+01,2.048865e+01,2.048166e+01,2.048865e+01,2.051660e+01,2.048865e+01,2.054453e+01,2.047468e+01,2.048166e+01,2.050262e+01,2.049564e+01,2.053755e+01,2.053755e+01,2.042575e+01,2.048166e+01,2.048166e+01,2.055850e+01,2.051660e+01,2.051660e+01,2.052358e+01,2.046070e+01,2.047468e+01,2.053057e+01,2.049564e+01,2.055152e+01,2.047468e+01,2.046769e+01,2.046070e+01,2.055152e+01,2.037679e+01,2.060736e+01,2.047468e+01,2.037679e+01,2.048865e+01,2.041875e+01,2.047468e+01,2.043973e+01,2.056548e+01,2.048166e+01,2.055850e+01,2.046070e+01,2.045371e+01,2.055152e+01,2.043274e+01,2.043973e+01,2.045371e+01,2.045371e+01,2.053057e+01,2.053755e+01,2.046769e+01,2.052358e+01,2.047468e+01,2.050262e+01,2.054453e+01,2.046769e+01,2.041875e+01,2.048166e+01,2.046070e+01,2.043973e+01,2.037679e+01,2.043274e+01,2.046070e+01,2.053755e+01,2.048166e+01,2.058643e+01,2.049564e+01,2.041176e+01,2.055850e+01,2.048166e+01,2.049564e+01,2.053057e+01,2.048166e+01,2.042575e+01,2.060039e+01,2.045371e+01,2.045371e+01,2.043274e+01,2.051660e+01,2.039778e+01,2.050262e+01,2.053755e+01,2.049564e+01,2.035581e+01,2.046769e+01,2.049564e+01,2.053057e+01,2.046769e+01,2.049564e+01,2.053755e+01,2.052358e+01,2.046070e+01,2.036980e+01,2.048166e+01,2.053755e+01,2.039078e+01,2.043274e+01,2.044672e+01,2.048865e+01,2.054453e+01,2.053057e+01,2.050961e+01,2.042575e+01,2.044672e+01,2.040477e+01,2.049564e+01,2.044672e+01,2.048865e+01,2.043973e+01,2.048865e+01,2.049564e+01,2.044672e+01,2.039078e+01,2.071200e+01,2.049564e+01,2.057246e+01,2.046070e+01,2.053057e+01,2.052358e+01,2.054453e+01,2.053057e+01,2.057246e+01,2.053057e+01,2.050262e+01,2.047468e+01,2.047468e+01,2.051660e+01,2.057944e+01,2.045371e+01,2.046769e+01,2.046769e+01,2.048166e+01,2.050262e+01,2.048865e+01,2.055152e+01,2.049564e+01,2.046070e+01,2.044672e+01,2.041875e+01,2.044672e+01,2.044672e+01,2.048865e+01,2.028582e+01,2.046070e+01,2.050961e+01,2.038379e+01,2.044672e+01,2.045371e+01,2.043973e+01,2.043973e+01,2.039078e+01,2.046070e+01,2.039078e+01,2.043274e+01,2.042575e+01,2.041176e+01,2.036980e+01,2.042575e+01,2.039078e+01,2.043274e+01,2.038379e+01,2.021578e+01,2.048166e+01,2.045371e+01,2.045371e+01,2.050262e+01,2.055152e+01,2.049564e+01,2.056548e+01,2.059340e+01,2.053755e+01,2.057246e+01,2.057246e+01,2.055152e+01,2.037679e+01,2.044672e+01,2.049564e+01,2.034881e+01,2.049564e+01,2.055850e+01,2.043973e+01,2.045371e+01,2.040477e+01,2.046769e+01,2.048865e+01,2.053057e+01,2.052358e+01,2.053755e+01,2.052358e+01,2.059340e+01,2.059340e+01,2.064923e+01,2.069805e+01,2.064923e+01,2.062132e+01,2.069108e+01,2.062830e+01,2.067016e+01,2.060039e+01,2.067713e+01,2.062132e+01,2.063528e+01,2.062132e+01,2.062830e+01,2.061434e+01,2.061434e+01,2.058643e+01,2.057944e+01,2.072594e+01,2.062132e+01,2.068410e+01,2.058643e+01,2.062830e+01,2.057246e+01,2.055152e+01,2.060039e+01,2.059340e+01,2.065621e+01,2.060039e+01,2.066318e+01,2.055850e+01,2.064923e+01,2.058643e+01,2.069108e+01,2.065621e+01,2.065621e+01,2.064225e+01,2.046769e+01,2.057246e+01,2.048865e+01,2.051660e+01,2.053057e+01,2.051660e+01,2.048865e+01,2.048865e+01,2.041176e+01,2.043973e+01,2.051660e+01,2.055152e+01,2.046070e+01,2.050961e+01,2.050961e+01,2.052358e+01,2.050961e+01,2.049564e+01,2.049564e+01,2.048166e+01,2.067713e+01,2.050961e+01,2.055152e+01,2.048865e+01,2.054453e+01,2.049564e+01,2.053057e+01,2.055850e+01,2.040477e+01,2.055850e+01,2.055152e+01,2.048166e+01,2.053755e+01,2.032782e+01,2.050262e+01,2.043973e+01,2.048865e+01,2.045371e+01,2.043973e+01,2.050961e+01,2.060039e+01,2.065621e+01,2.060039e+01,2.057944e+01,2.059340e+01,2.050961e+01,2.053755e+01,2.052358e+01,2.048865e+01,2.053057e+01,2.048865e+01,2.043274e+01,2.048865e+01,2.055850e+01,2.064923e+01,2.059340e+01,2.055850e+01,2.057246e+01,2.057944e+01,2.050961e+01,2.062830e+01,2.057246e+01,2.062132e+01,2.061434e+01,2.054453e+01,2.050961e+01,2.053057e+01,2.056548e+01,2.050961e+01,2.064923e+01,2.053755e+01,2.041875e+01,2.057246e+01,2.050961e+01,2.054453e+01,2.053755e+01,2.051660e+01,2.053755e+01,2.066318e+01,2.051660e+01,2.059340e+01,2.049564e+01,2.057944e+01,2.062830e+01,2.061434e+01,2.061434e+01,2.062132e+01,2.056548e+01,2.059340e+01,2.062132e+01,2.053755e+01,2.060736e+01,2.067016e+01,2.058643e+01,2.046769e+01,2.054453e+01,2.048166e+01,2.055152e+01,2.056548e+01,2.050961e+01,2.062132e+01,2.048166e+01,2.051660e+01,2.059340e+01,2.054453e+01,2.057246e+01,2.057944e+01,2.060039e+01,2.060039e+01,2.060039e+01,2.061434e+01,2.064923e+01,2.052358e+01,2.058643e+01,2.055152e+01,2.055850e+01,2.055850e+01,2.055850e+01,2.058643e+01,2.057246e+01,2.048865e+01,2.053057e+01,2.055152e+01,2.053057e+01,2.060736e+01,2.048865e+01,2.050262e+01,2.060039e+01,2.050262e+01,2.059340e+01,2.048166e+01,2.055152e+01,2.058643e+01,2.049564e+01,2.064923e+01,2.053057e+01,2.050262e+01,2.053057e+01,2.050262e+01,2.059340e+01,2.054453e+01,2.055152e+01,2.059340e+01,2.055850e+01,2.058643e+01,2.048865e+01,2.050262e+01,2.048865e+01,2.058643e+01,2.055850e+01,2.058643e+01,2.058643e+01,2.053755e+01,2.047468e+01,2.050262e+01,2.054453e+01,2.057944e+01,2.043973e+01,2.057246e+01,2.049564e+01,2.046070e+01,2.054453e+01,2.043274e+01,2.042575e+01,2.047468e+01,2.048865e+01,2.046769e+01,2.041176e+01,2.041875e+01,2.049564e+01,2.045371e+01,2.046070e+01,2.036280e+01,2.055850e+01,2.045371e+01,2.047468e+01,2.044672e+01,2.053755e+01,2.040477e+01,2.041176e+01,2.049564e+01,2.055850e+01,2.055850e+01,2.046769e+01,2.051660e+01,2.043973e+01,2.044672e+01,2.049564e+01,2.044672e+01,2.041875e+01,2.050961e+01,2.051660e+01,2.050262e+01,2.054453e+01,2.049564e+01,2.046070e+01,2.066318e+01,2.046769e+01,2.043274e+01,2.051660e+01,2.041875e+01,2.044672e+01,2.050262e+01,2.044672e+01,2.053057e+01,2.055850e+01,2.053755e+01,2.050961e+01,2.048166e+01,2.043274e+01,2.048166e+01,2.042575e+01,2.046070e+01,2.044672e+01,2.041176e+01,2.053057e+01,2.020177e+01,2.056548e+01,2.056548e+01,2.053057e+01,2.056548e+01,2.048865e+01,2.057246e+01,2.050961e+01,2.056548e+01,2.059340e+01,2.057944e+01,2.045371e+01,2.041875e+01,2.057944e+01,2.054453e+01,2.045371e+01,2.053057e+01,2.064923e+01,2.057944e+01,2.064225e+01,2.057246e+01,2.061434e+01,2.086526e+01,2.069108e+01,2.050262e+01,2.048865e+01,2.060736e+01,2.053755e+01,2.064923e+01,2.053755e+01,2.054453e+01,2.057246e+01,2.053057e+01,2.058643e+01,2.057944e+01,2.068410e+01,2.066318e+01,2.065621e+01,2.050262e+01,2.050961e+01,2.052358e+01,2.061434e+01,2.061434e+01,2.057944e+01,2.065621e+01,2.073988e+01,2.046070e+01,2.055152e+01,2.047468e+01,2.055850e+01,2.054453e+01,2.057246e+01,2.085830e+01,2.069805e+01,2.061434e+01,2.058643e+01,2.060736e+01,2.060039e+01,2.056548e+01,2.062132e+01,2.060736e+01,2.052358e+01,2.060736e+01,2.063528e+01,2.050262e+01,2.062830e+01,2.046070e+01
2.056548e+01,2.059340e+01,2.055850e+01,2.072594e+01,2.071897e+01,2.061434e+01,2.066318e+01,2.066318e+01,2.064923e+01,2.057246e+01,2.055850e+01,2.057944e+01,2.083045e+01,2.081652e+01,2.052358e+01,2.064923e+01,2.067016e+01,2.062830e+01,2.061434e+01,2.071200e+01,2.071200e+01,2.057944e+01,2.046769e+01,2.057944e+01,2.050961e+01,2.065621e+01,2.056548e+01,2.050262e+01,2.050961e+01,2.053755e+01,2.052358e+01,2.059340e+01,2.063528e+01,2.043973e+01,2.065621e+01,2.064225e+01,2.047468e+01,2.048865e+01,2.054453e+01,2.058643e+01,2.046769e+01,2.057944e+01,2.057246e+01,2.055152e+01,2.069108e+01,2.055850e+01,2.074685e+01,2.072594e+01,2.068410e+01,2.064923e+01,2.073988e+01,2.069805e+01,2.078169e+01,2.075382e+01,2.067016e+01,2.073291e+01,2.077472e+01,2.066318e+01,2.066318e+01,2.070502e+01,2.086526e+01,2.075382e+01,2.087222e+01,2.117109e+01,2.106693e+01,2.122660e+01,2.117803e+01,2.136523e+01,2.155900e+01,2.190411e+01,2.209686e+01,2.173170e+01,2.189032e+01,2.175930e+01,2.173860e+01,2.178690e+01,2.211061e+01,2.186965e+01,2.191100e+01,2.162121e+01,2.157974e+01,2.157974e+01,2.148292e+01,2.146908e+01,2.141371e+01,2.147600e+01,2.128901e+01,2.115027e+01,2.119885e+01,2.121272e+01,2.124740e+01,2.130980e+01,2.132366e+01,2.135830e+01,2.139986e+01,2.144140e+01,2.151751e+01,2.142063e+01,2.140678e+01,2.117109e+01,2.115027e+01,2.110166e+01,2.108083e+01,2.097658e+01,2.096267e+01,2.101829e+01,2.105304e+01,2.093485e+01,2.087222e+01,2.083045e+01,2.060736e+01,2.053755e+01,2.050961e+01,2.044672e+01,2.050262e+01,2.048166e+01,2.055152e+01,2.039078e+01,2.058643e+01,2.056548e+01,2.038379e+01,2.052358e+01,2.056548e+01,2.048166e+01,2.055152e+01,2.051660e+01,2.043973e+01,2.046769e+01,2.053057e+01,2.054453e+01,2.049564e+01,2.049564e+01,2.046769e+01,2.050262e+01,2.053755e+01,2.039778e+01,2.054453e+01,2.050961e+01,2.048865e+01,2.050961e+01,2.050961e+01,2.050262e+01,2.064923e+01,2.053755e+01,2.054453e+01,2.049564e+01,2.053057e+01,2.055850e+01,2.050262e+01,2.050961e+01,2.053755e+01,2.048166e+01,2.050961e+01,2.045371e+01,2.047468e+01,2.053057e+01,2.046769e+01,2.047468e+01,2.046769e+01,2.048166e+01,2.047468e+01,2.046769e+01,2.045371e+01,2.039778e+01,2.049564e+01,2.049564e+01,2.051660e+01,2.055152e+01,2.053057e+01,2.050262e+01,2.058643e+01,2.044672e+01,2.040477e+01,2.043274e+01,2.048166e+01,2.047468e+01,2.041176e+01,2.042575e+01,2.053057e+01,2.046070e+01,2.047468e+01,2.054453e+01,2.046070e+01,2.049564e+01,2.057944e+01,2.069108e+01,2.051660e+01,2.046070e+01,2.042575e+01,2.034881e+01,2.036980e+01,2.053755e+01,2.036280e+01,2.043274e+01,2.047468e+01,2.055850e+01,2.056548e+01,2.042575e+01,2.052358e+01,2.052358e+01,2.050961e+01,2.051660e+01,2.043274e+01,2.050961e+01,2.043973e+01,2.043973e+01,2.044672e+01,2.046769e+01,2.052358e+01,2.050262e+01,2.046769e+01,2.044672e+01,2.050262e+01,2.048166e+01,2.049564e+01,2.039778e+01,2.037679e+01,2.047468e+01,2.039778e+01,2.053755e+01,2.051660e+01,2.052358e+01,2.046769e+01,2.045371e+01,2.041176e+01,2.042575e+01,2.041875e+01,2.039078e+01,2.044672e+01,2.056548e+01,2.053057e+01,2.042575e+01,2.042575e+01,2.046769e+01,2.052358e+01,2.057944e+01,2.045371e+01,2.047468e+01,2.046769e+01,2.041875e+01,2.051660e+01,2.043973e+01,2.039078e+01,2.043973e+01,2.048166e+01,2.049564e+01,2.046070e+01,2.050262e+01,2.048865e+01,2.061434e+01,2.050262e+01,2.049564e+01,2.052358e+01,2.050262e+01,2.049564e+01,2.045371e+01,2.061434e+01,2.038379e+01,2.054453e+01,2.055850e+01,2.059340e+01,2.046769e+01,2.041875e+01,2.048865e+01,2.052358e+01,2.047468e+01,2.046070e+01,2.049564e+01,2.050262e+01,2.046070e+01,2.045371e+01,2.053057e+01,2.056548e+01,2.043274e+01,2.046070e+01,2.039778e+01,2.049564e+01,2.048166e+01,2.046070e+01,2.046070e+01,2.046070e+01,2.044672e+01,2.044672e+01,2.043274e+01,2.043973e+01,2.043274e+01,2.044672e+01,2.040477e+01,2.046769e+01,2.046070e+01,2.046769e+01,2.055152e+01,2.051660e+01,2.050961e+01,2.048166e+01,2.046769e+01,2.048166e+01,2.047468e+01,2.056548e+01,2.060736e+01,2.058643e+01,2.060736e+01,2.056548e+01,2.055850e+01,2.055152e+01,2.048865e+01,2.053057e+01,2.042575e+01,2.041875e+01,2.047468e+01,2.045371e+01,2.045371e+01,2.050262e+01,2.049564e+01,2.048166e+01,2.053057e+01,2.055850e+01,2.057246e+01,2.055152e+01,2.057944e+01,2.058643e+01,2.065621e+01,2.060736e+01,2.060039e+01,2.060736e+01,2.060039e+01,2.059340e+01,2.067016e+01,2.067713e+01,2.067016e+01,2.069805e+01,2.068410e+01,2.064225e+01,2.064923e+01,2.063528e+01,2.064923e+01,2.062830e+01,2.062830e+01,2.050961e+01,2.069108e+01,2.067713e+01,2.069108e+01,2.070502e+01,2.062830e+01,2.056548e+01,2.064923e+01,2.055850e+01,2.061434e+01,2.060039e+01,2.059340e+01,2.062132e+01,2.050961e+01,2.055850e+01,2.062830e+01,2.063528e+01,2.055850e+01,2.060736e+01,2.048166e+01,2.064923e+01,2.050262e+01,2.048166e+01,2.048865e+01,2.044672e+01,2.050961e+01,2.042575e+01,2.043973e+01,2.046769e+01,2.059340e+01,2.055152e+01,2.050262e+01,2.042575e+01,2.060039e+01,2.058643e+01,2.050262e+01,2.063528e+01,2.048865e+01,2.048865e+01,2.058643e+01,2.052358e+01,2.052358e+01,2.051660e+01,2.043973e+01,2.053057e+01,2.050262e+01,2.052358e+01,2.056548e+01,2.046769e+01,2.060039e+01,2.060039e+01,2.055850e+01,2.050961e+01,2.055152e+01,2.050961e+01,2.057246e+01,2.046769e+01,2.048865e+01,2.055850e+01,2.055152e+01,2.057246e+01,2.050961e+01,2.062830e+01,2.050262e+01,2.057246e+01,2.045371e+01,2.043973e+01,2.055152e+01,2.053755e+01,2.048865e+01,2.054453e+01,2.055152e+01,2.052358e+01,2.061434e+01,2.054453e+01,2.061434e+01,2.050961e+01,2.060736e+01,2.063528e+01,2.050961e+01,2.055152e+01,2.063528e+01,2.055850e+01,2.050262e+01,2.061434e+01,2.047468e+01,2.056548e+01,2.051660e+01,2.064923e+01,2.063528e+01,2.052358e+01,2.055850e+01,2.056548e+01,2.062132e+01,2.053755e+01,2.049564e+01,2.063528e+01,2.050961e+01,2.058643e+01,2.067016e+01,2.062830e+01,2.053057e+01,2.052358e+01,2.062830e+01,2.063528e+01,2.065621e+01,2.051660e+01,2.063528e+01,2.050961e+01,2.057944e+01,2.057246e+01,2.058643e+01,2.067016e+01,2.059340e+01,2.052358e+01,2.064225e+01,2.056548e+01,2.057246e+01,2.061434e+01,2.057944e+01,2.058643e+01,2.056548e+01,2.050262e+01,2.050961e+01,2.059340e+01,2.061434e+01,2.057246e+01,2.062132e+01,2.065621e+01,2.059340e+01,2.051660e+01,2.063528e+01,2.042575e+01,2.051660e+01,2.057246e+01,2.076079e+01,2.053057e+01,2.056548e+01,2.054453e+01,2.055850e+01,2.060736e+01,2.066318e+01,2.064225e+01,2.056548e+01,2.061434e+01,2.053057e+01,2.060039e+01,2.057246e+01,2.058643e+01,2.064225e+01,2.064225e+01,2.064923e+01,2.068410e+01,2.038379e+01,2.048166e+01,2.062132e+01,2.054453e+01,2.063528e+01,2.050961e+01,2.055850e+01,2.054453e+01,2.057944e+01,2.048166e+01,2.064225e+01,2.068410e+01,2.063528e+01,2.055850e+01,2.057246e+01,2.056548e+01,2.058643e+01,2.053755e+01,2.055152e+01,2.053755e+01,2.052358e+01,2.056548e+01,2.055152e+01,2.055152e+01,2.050262e+01,2.050961e+01,2.047468e+01,2.050262e+01,2.050262e+01,2.043973e+01,2.049564e+01,2.070502e+01,2.039778e+01,2.049564e+01,2.053057e+01,2.040477e+01,2.043274e+01,2.057944e+01,2.055850e+01,2.057944e+01,2.043274e+01,2.050262e+01,2.048166e+01,2.048166e+01,2.046070e+01,2.045371e+01,2.057246e+01,2.050262e+01,2.054453e+01,2.058643e+01,2.043274e+01,2.044672e+01,2.042575e+01,2.053755e+01,2.062830e+01,2.043274e+01,2.054453e+01,2.055850e+01,2.062830e+01,2.050262e+01,2.049564e+01,2.047468e+01,2.046769e+01,2.041176e+01,2.056548e+01,2.053057e+01,2.057246e+01,2.055152e+01,2.055152e+01,2.051660e+01,2.051660e+01,2.045371e+01,2.053057e+01,2.041875e+01,2.050961e+01,2.060736e+01,2.062830e+01,2.052358e+01,2.050262e+01,2.054453e+01,2.057246e+01,2.057944e+01,2.047468e+01,2.044672e+01,2.051660e+01,2.048166e+01,2.058643e+01,2.054453e+01,2.059340e+01,2.056548e+01,2.060736e+01,2.051660e+01,2.054453e+01,2.056548e+01,2.051660e+01,2.050262e+01,2.060039e+01,2.055152e+01,2.060736e+01,2.056548e+01,2.056548e+01,2.064923e+01,2.063528e+01,2.046769e+01,2.064225e+01,2.064225e+01,2.060736e+01,2.078866e+01,2.064225e+01,2.052358e+01,2.057246e+01,2.066318e+01,2.055850e+01,2.053057e+01,2.061434e+01,2.059340e+01,2.057246e+01,2.067713e+01,2.067016e+01,2.064225e+01,2.055152e+01,2.057944e+01,2.053755e+01,2.054453e+01,2.063528e+01,2.078169e+01,2.064923e+01,2.067016e+01,2.056548e+01,2.071897e+01,2.067016e+01,2.051660e+01,2.061434e+01,2.083045e+01,2.060039e+01,2.070502e+01,2.064225e+01,2.059340e+01,2.066318e+01,2.062830e+01,2.065621e+01,2.067016e+01,2.057246e+01,2.062132e+01,2.057246e+01,2.057246e+01,2.066318e+01,2.050961e+01,2.052358e+01
2.059340e+01,2.061434e+01,2.056548e+01,2.064923e+01,2.070502e+01,2.052358e+01,2.053057e+01,2.064225e+01,2.048166e+01,2.050961e+01,2.067016e+01,2.064923e+01,2.057246e+01,2.064225e+01,2.064923e+01,2.055152e+01,2.055152e+01,2.062830e+01,2.045371e+01,2.049564e+01,2.055850e+01,2.052358e+01,2.053057e+01,2.047468e+01,2.052358e+01,2.048865e+01,2.060039e+01,2.056548e+01,2.050262e+01,2.051660e+01,2.053755e+01,2.054453e+01,2.045371e+01,2.047468e+01,2.055850e+01,2.067713e+01,2.067016e+01,2.060736e+01,2.055152e+01,2.057246e+01,2.060736e+01,2.055850e+01,2.054453e+01,2.053755e+01,2.050961e+01,2.051660e+01,2.072594e+01,2.060039e+01,2.057944e+01,2.071897e+01,2.060039e+01,2.074685e+01,2.069805e+01,2.066318e+01,2.063528e+01,2.067713e+01,2.069108e+01,2.064923e+01,2.067016e+01,2.074685e+01,2.067713e+01,2.068410e+01,2.073988e+01,2.092789e+01,2.078169e+01,2.102524e+01,2.107388e+01,2.112944e+01,2.135138e+01,2.146216e+01,2.148292e+01,2.146908e+01,2.147600e+01,2.165575e+01,2.153134e+01,2.162121e+01,2.158665e+01,2.193855e+01,2.197987e+01,2.186275e+01,2.178690e+01,2.144140e+01,2.139986e+01,2.127514e+01,2.146908e+01,2.138601e+01,2.129594e+01,2.103914e+01,2.115027e+01,2.109472e+01,2.124740e+01,2.126821e+01,2.121966e+01,2.142063e+01,2.148292e+01,2.142063e+01,2.146908e+01,2.150368e+01,2.115721e+01,2.126821e+01,2.117109e+01,2.115721e+01,2.110166e+01,2.104609e+01,2.094180e+01,2.094180e+01,2.108777e+01,2.103914e+01,2.090006e+01,2.082348e+01,2.068410e+01,2.060736e+01,2.063528e+01,2.068410e+01,2.053755e+01,2.048865e+01,2.053755e+01,2.046070e+01,2.051660e+01,2.055152e+01,2.046070e+01,2.041176e+01,2.057246e+01,2.042575e+01,2.046070e+01,2.043274e+01,2.045371e+01,2.055152e+01,2.062132e+01,2.046070e+01,2.050262e+01,2.046769e+01,2.042575e+01,2.047468e+01,2.051660e+01,2.047468e+01,2.051660e+01,2.048166e+01,2.050262e+01,2.051660e+01,2.059340e+01,2.050262e+01,2.069108e+01,2.056548e+01,2.051660e+01,2.052358e+01,2.053755e+01,2.047468e+01,2.053057e+01,2.052358e+01,2.047468e+01,2.050961e+01,2.050262e+01,2.053057e+01,2.046070e+01,2.047468e+01,2.044672e+01,2.043973e+01,2.048166e+01,2.043274e+01,2.043973e+01,2.045371e+01,2.050961e+01,2.046769e+01,2.045371e+01,2.046769e+01,2.052358e+01,2.046070e+01,2.055152e+01,2.046769e+01,2.055850e+01,2.041176e+01,2.047468e+01,2.042575e+01,2.041875e+01,2.067016e+01,2.049564e+01,2.047468e+01,2.048166e+01,2.053057e+01,2.046769e+01,2.050961e+01,2.044672e+01,2.049564e+01,2.050262e+01,2.051660e+01,2.047468e+01,2.036980e+01,2.046769e+01,2.049564e+01,2.046769e+01,2.048166e+01,2.052358e+01,2.052358e+01,2.039778e+01,2.062132e+01,2.058643e+01,2.053755e+01,2.050262e+01,2.050262e+01,2.041176e+01,2.051660e+01,2.046769e+01,2.043274e+01,2.040477e+01,2.043973e+01,2.048166e+01,2.041875e+01,2.046070e+01,2.057246e+01,2.049564e+01,2.046070e+01,2.045371e+01,2.041875e+01,2.047468e+01,2.039778e+01,2.045371e+01,2.039078e+01,2.050961e+01,2.049564e+01,2.041176e+01,2.049564e+01,2.043973e+01,2.048865e+01,2.046070e+01,2.043274e+01,2.044672e+01,2.043973e+01,2.045371e+01,2.045371e+01,2.041875e+01,2.042575e+01,2.037679e+01,2.050262e+01,2.051660e+01,2.043973e+01,2.042575e+01,2.049564e+01,2.044672e+01,2.044672e+01,2.042575e+01,2.043274e+01,2.048865e+01,2.046769e+01,2.049564e+01,2.053057e+01,2.043973e+01,2.055850e+01,2.043274e+01,2.062132e+01,2.045371e+01,2.041875e+01,2.049564e+01,2.043973e+01,2.043973e+01,2.036280e+01,2.039078e+01,2.036280e+01,2.040477e+01,2.039078e+01,2.052358e+01,2.049564e+01,2.043274e+01,2.067016e+01,2.065621e+01,2.041875e+01,2.036280e+01,2.046769e+01,2.046070e+01,2.047468e+01,2.053057e+01,2.043973e+01,2.042575e+01,2.049564e+01,2.047468e+01,2.036280e+01,2.038379e+01,2.042575e+01,2.045371e+01,2.049564e+01,2.047468e+01,2.040477e+01,2.044672e+01,2.041176e+01,2.043274e+01,2.046070e+01,2.043274e+01,2.043274e+01,2.043274e+01,2.039078e+01,2.039078e+01,2.050262e+01,2.047468e+01,2.046070e+01,2.048166e+01,2.046769e+01,2.054453e+01,2.048865e+01,2.057944e+01,2.050262e+01,2.059340e+01,2.061434e+01,2.057944e+01,2.047468e+01,2.055850e+01,2.052358e+01,2.050961e+01,2.052358e+01,2.050262e+01,2.053057e+01,2.050262e+01,2.045371e+01,2.048166e+01,2.047468e+01,2.043973e+01,2.051660e+01,2.053057e+01,2.043973e+01,2.058643e+01,2.049564e+01,2.061434e+01,2.064923e+01,2.040477e+01,2.063528e+01,2.062132e+01,2.067016e+01,2.058643e+01,2.062132e+01,2.063528e+01,2.064225e+01,2.064225e+01,2.064923e+01,2.058643e+01,2.071897e+01,2.062830e+01,2.055152e+01,2.059340e+01,2.058643e+01,2.050262e+01,2.060039e+01,2.058643e+01,2.054453e+01,2.053755e+01,2.059340e+01,2.060736e+01,2.055152e+01,2.057944e+01,2.056548e+01,2.057944e+01,2.054453e+01,2.056548e+01,2.053057e+01,2.060736e+01,2.053057e+01,2.053057e+01,2.050961e+01,2.050262e+01,2.055152e+01,2.048865e+01,2.047468e+01,2.049564e+01,2.052358e+01,2.048865e+01,2.050961e+01,2.045371e+01,2.046070e+01,2.046070e+01,2.042575e+01,2.045371e+01,2.043274e+01,2.043274e+01,2.046070e+01,2.051660e+01,2.050262e+01,2.056548e+01,2.050961e+01,2.046070e+01,2.046769e+01,2.050961e+01,2.055152e+01,2.050262e+01,2.048166e+01,2.053057e+01,2.045371e+01,2.057944e+01,2.058643e+01,2.054453e+01,2.057944e+01,2.057246e+01,2.055850e+01,2.053057e+01,2.046769e+01,2.057944e+01,2.047468e+01,2.054453e+01,2.049564e+01,2.051660e+01,2.055152e+01,2.053755e+01,2.054453e+01,2.055152e+01,2.053755e+01,2.058643e+01,2.050961e+01,2.041875e+01,2.048166e+01,2.054453e+01,2.046769e+01,2.053755e+01,2.059340e+01,2.055152e+01,2.055850e+01,2.055850e+01,2.053755e+01,2.062132e+01,2.060039e+01,2.060039e+01,2.053057e+01,2.055152e+01,2.055850e+01,2.055152e+01,2.058643e+01,2.053755e+01,2.059340e+01,2.055152e+01,2.056548e+01,2.055850e+01,2.046070e+01,2.057246e+01,2.057944e+01,2.053057e+01,2.062830e+01,2.054453e+01,2.050262e+01,2.052358e+01,2.051660e+01,2.069805e+01,2.051660e+01,2.053755e+01,2.060039e+01,2.061434e+01,2.053057e+01,2.061434e+01,2.052358e+01,2.045371e+01,2.048865e+01,2.051660e+01,2.049564e+01,2.047468e+01,2.050961e+01,2.052358e+01,2.064923e+01,2.062830e+01,2.067713e+01,2.055152e+01,2.053755e+01,2.057944e+01,2.055850e+01,2.053755e+01,2.050961e+01,2.053057e+01,2.050961e+01,2.048166e+01,2.054453e+01,2.062132e+01,2.060039e+01,2.057246e+01,2.052358e+01,2.053057e+01,2.052358e+01,2.053057e+01,2.053057e+01,2.053755e+01,2.053057e+01,2.051660e+01,2.053057e+01,2.060039e+01,2.052358e+01,2.060039e+01,2.055850e+01,2.063528e+01,2.054453e+01,2.048166e+01,2.064225e+01,2.060736e+01,2.050961e+01,2.060736e+01,2.060736e+01,2.046070e+01,2.050961e+01,2.048865e+01,2.048865e+01,2.062132e+01,2.044672e+01,2.057246e+01,2.057246e+01,2.051660e+01,2.050961e+01,2.060039e+01,2.060736e+01,2.055850e+01,2.055152e+01,2.047468e+01,2.056548e+01,2.070502e+01,2.049564e+01,2.053057e+01,2.056548e+01,2.051660e+01,2.053057e+01,2.049564e+01,2.049564e+01,2.052358e+01,2.050961e+01,2.045371e+01,2.035581e+01,2.050961e+01,2.057246e+01,2.052358e+01,2.053755e+01,2.038379e+01,2.046070e+01,2.049564e+01,2.048166e+01,2.039778e+01,2.048166e+01,2.048865e+01,2.037679e+01,2.057246e+01,2.048865e+01,2.038379e+01,2.036280e+01,2.044672e+01,2.046769e+01,2.039078e+01,2.051660e+01,2.041176e+01,2.043274e+01,2.043973e+01,2.041176e+01,2.039778e+01,2.045371e+01,2.043274e+01,2.039778e+01,2.046769e+01,2.051660e+01,2.040477e+01,2.042575e+01,2.051660e+01,2.043274e+01,2.048166e+01,2.045371e+01,2.045371e+01,2.044672e+01,2.062132e+01,2.067713e+01,2.051660e+01,2.046070e+01,2.046769e+01,2.053755e+01,2.046769e+01,2.048166e+01,2.050961e+01,2.073988e+01,2.047468e+01,2.046769e+01,2.048865e+01,2.052358e+01,2.043973e+01,2.056548e+01,2.040477e+01,2.054453e+01,2.046070e+01,2.053057e+01,2.046070e+01,2.048166e+01,2.048166e+01,2.058643e+01,2.055850e+01,2.059340e+01,2.051660e+01,2.059340e+01,2.050262e+01,2.049564e+01,2.045371e+01,2.048166e+01,2.050961e+01,2.060039e+01,2.050961e+01,2.053755e+01,2.052358e+01,2.059340e+01,2.056548e+01,2.062830e+01,2.063528e+01,2.062830e+01,2.056548e+01,2.053057e+01,2.057944e+01,2.051660e+01,2.055850e+01,2.050961e+01,2.056548e+01,2.058643e+01,2.055850e+01,2.050262e+01,2.046769e+01,2.055152e+01,2.066318e+01,2.049564e+01,2.066318e+01,2.082348e+01,2.061434e+01,2.043274e+01,2.040477e+01,2.060736e+01,2.062132e+01,2.069805e+01,2.066318e+01,2.071897e+01,2.062132e+01,2.064225e+01,2.062830e+01,2.055850e+01,2.062830e+01,2.056548e+01,2.063528e+01,2.071897e+01,2.063528e+01,2.066318e+01,2.071200e+01,2.058643e+01,2.059340e+01,2.058643e+01,2.053057e+01,2.057246e+01,2.054453e+01,2.057246e+01,2.057246e+01,2.058643e+01
2.056548e+01,2.057246e+01,2.057246e+01,2.057944e+01,2.059340e+01,2.054453e+01,2.057246e+01,2.062132e+01,2.048865e+01,2.062830e+01,2.054453e+01,2.043973e+01,2.043973e+01,2.046769e+01,2.064225e+01,2.049564e+01,2.045371e+01,2.044672e+01,2.050262e+01,2.055152e+01,2.060736e+01,2.058643e+01,2.046769e+01,2.042575e+01,2.051660e+01,2.048166e+01,2.078866e+01,2.059340e+01,2.046070e+01,2.044672e+01,2.055850e+01,2.050961e+01,2.046769e+01,2.048166e+01,2.043973e+01,2.046070e+01,2.047468e+01,2.038379e+01,2.048865e+01,2.038379e+01,2.054453e+01,2.055152e+01,2.052358e+01,2.053057e+01,2.055850e+01,2.050262e+01,2.048166e+01,2.053755e+01,2.053057e+01,2.040477e+01,2.056548e+01,2.060039e+01,2.060039e+01,2.057944e+01,2.057944e+01,2.065621e+01,2.059340e+01,2.073291e+01,2.068410e+01,2.088614e+01,2.077472e+01,2.071897e+01,2.071897e+01,2.069108e+01,2.073291e+01,2.085134e+01,2.071200e+01,2.092093e+01,2.106693e+01,2.111555e+01,2.110166e+01,2.125434e+01,2.121966e+01,2.124740e+01,2.132366e+01,2.149676e+01,2.162812e+01,2.173170e+01,2.181449e+01,2.183518e+01,2.158665e+01,2.125434e+01,2.119885e+01,2.124047e+01,2.137216e+01,2.130287e+01,2.123353e+01,2.095572e+01,2.109472e+01,2.114333e+01,2.128207e+01,2.132366e+01,2.130287e+01,2.121966e+01,2.148984e+01,2.146908e+01,2.168337e+01,2.146216e+01,2.131673e+01,2.112944e+01,2.115027e+01,2.112250e+01,2.112944e+01,2.111555e+01,2.111555e+01,2.113638e+01,2.119885e+01,2.122660e+01,2.098353e+01,2.091398e+01,2.065621e+01,2.067016e+01,2.059340e+01,2.048166e+01,2.046769e+01,2.053057e+01,2.059340e+01,2.039778e+01,2.050961e+01,2.040477e+01,2.062132e+01,2.040477e+01,2.049564e+01,2.039778e+01,2.041875e+01,2.041875e+01,2.042575e+01,2.043274e+01,2.053755e+01,2.044672e+01,2.050961e+01,2.049564e+01,2.049564e+01,2.049564e+01,2.054453e+01,2.044672e+01,2.048166e+01,2.047468e+01,2.053057e+01,2.050961e+01,2.049564e+01,2.048166e+01,2.050961e+01,2.047468e+01,2.063528e+01,2.043973e+01,2.052358e+01,2.053755e+01,2.060039e+01,2.050961e+01,2.045371e+01,2.050262e+01,2.049564e+01,2.044672e+01,2.050262e+01,2.055850e+01,2.046769e+01,2.050262e+01,2.048166e+01,2.048166e+01,2.046769e+01,2.052358e+01,2.055152e+01,2.048865e+01,2.036280e+01,2.057944e+01,2.050262e+01,2.053057e+01,2.050961e+01,2.051660e+01,2.055152e+01,2.039778e+01,2.041875e+01,2.053057e+01,2.050262e+01,2.044672e+01,2.046070e+01,2.048166e+01,2.044672e+01,2.046070e+01,2.043973e+01,2.051660e+01,2.049564e+01,2.058643e+01,2.059340e+01,2.047468e+01,2.046769e+01,2.042575e+01,2.042575e+01,2.048166e+01,2.031382e+01,2.049564e+01,2.041176e+01,2.043274e+01,2.043274e+01,2.043973e+01,2.051660e+01,2.049564e+01,2.048166e+01,2.046070e+01,2.039078e+01,2.050961e+01,2.044672e+01,2.043274e+01,2.046769e+01,2.046070e+01,2.043973e+01,2.043973e+01,2.049564e+01,2.042575e+01,2.043274e+01,2.041176e+01,2.046070e+01,2.044672e+01,2.036980e+01,2.043973e+01,2.045371e+01,2.043274e+01,2.043973e+01,2.052358e+01,2.047468e+01,2.048865e+01,2.049564e+01,2.049564e+01,2.050961e+01,2.041875e+01,2.048865e+01,2.044672e+01,2.051660e+01,2.035581e+01,2.052358e+01,2.051660e+01,2.036980e+01,2.039778e+01,2.051660e+01,2.046769e+01,2.044672e+01,2.058643e+01,2.051660e+01,2.043973e+01,2.044672e+01,2.043973e+01,2.047468e+01,2.048865e+01,2.046769e+01,2.050961e+01,2.040477e+01,2.041875e+01,2.065621e+01,2.051660e+01,2.060039e+01,2.041176e+01,2.046769e+01,2.041176e+01,2.053057e+01,2.043274e+01,2.039778e+01,2.057246e+01,2.046769e+01,2.047468e+01,2.038379e+01,2.043274e+01,2.046769e+01,2.050262e+01,2.047468e+01,2.044672e+01,2.050961e+01,2.042575e+01,2.048865e+01,2.046769e+01,2.043274e+01,2.042575e+01,2.043274e+01,2.044672e+01,2.045371e+01,2.045371e+01,2.050262e+01,2.047468e+01,2.041875e+01,2.046769e+01,2.046070e+01,2.042575e+01,2.033481e+01,2.031382e+01,2.046070e+01,2.042575e+01,2.043274e+01,2.043274e+01,2.042575e+01,2.043274e+01,2.045371e+01,2.046769e+01,2.046070e+01,2.046070e+01,2.046070e+01,2.050961e+01,2.053755e+01,2.050262e+01,2.050262e+01,2.067713e+01,2.041176e+01,2.055850e+01,2.059340e+01,2.058643e+01,2.055850e+01,2.047468e+01,2.053057e+01,2.044672e+01,2.051660e+01,2.048166e+01,2.044672e+01,2.050961e+01,2.048166e+01,2.044672e+01,2.048865e+01,2.046769e+01,2.050262e+01,2.048865e+01,2.060039e+01,2.048166e+01,2.052358e+01,2.051660e+01,2.059340e+01,2.061434e+01,2.055850e+01,2.074685e+01,2.064225e+01,2.060736e+01,2.070502e+01,2.052358e+01,2.076775e+01,2.070502e+01,2.061434e+01,2.060736e+01,2.056548e+01,2.055152e+01,2.060039e+01,2.062830e+01,2.059340e+01,2.048865e+01,2.053057e+01,2.055152e+01,2.055850e+01,2.054453e+01,2.056548e+01,2.059340e+01,2.056548e+01,2.053755e+01,2.057944e+01,2.057246e+01,2.055152e+01,2.053755e+01,2.048865e+01,2.055152e+01,2.051660e+01,2.042575e+01,2.045371e+01,2.049564e+01,2.046070e+01,2.056548e+01,2.050961e+01,2.044672e+01,2.048166e+01,2.051660e+01,2.049564e+01,2.040477e+01,2.050961e+01,2.048865e+01,2.038379e+01,2.045371e+01,2.054453e+01,2.046070e+01,2.053057e+01,2.050262e+01,2.047468e+01,2.047468e+01,2.049564e+01,2.051660e+01,2.043274e+01,2.054453e+01,2.063528e+01,2.045371e+01,2.054453e+01,2.044672e+01,2.052358e+01,2.037679e+01,2.057944e+01,2.055850e+01,2.049564e+01,2.054453e+01,2.051660e+01,2.052358e+01,2.047468e+01,2.048166e+01,2.053057e+01,2.053755e+01,2.043973e+01,2.054453e+01,2.054453e+01,2.046070e+01,2.039778e+01,2.051660e+01,2.053057e+01,2.045371e+01,2.052358e+01,2.055850e+01,2.046769e+01,2.057944e+01,2.052358e+01,2.056548e+01,2.057944e+01,2.056548e+01,2.060039e+01,2.064923e+01,2.063528e+01,2.055850e+01,2.057246e+01,2.053057e+01,2.053755e+01,2.054453e+01,2.055850e+01,2.054453e+01,2.053057e+01,2.054453e+01,2.056548e+01,2.056548e+01,2.057944e+01,2.055152e+01,2.058643e+01,2.056548e+01,2.050262e+01,2.053755e+01,2.052358e+01,2.050961e+01,2.052358e+01,2.065621e+01,2.062830e+01,2.064923e+01,2.051660e+01,2.063528e+01,2.064923e+01,2.055850e+01,2.050961e+01,2.045371e+01,2.053057e+01,2.069108e+01,2.060039e+01,2.052358e+01,2.056548e+01,2.060736e+01,2.057246e+01,2.050961e+01,2.053755e+01,2.052358e+01,2.052358e+01,2.064225e+01,2.051660e+01,2.052358e+01,2.057246e+01,2.073291e+01,2.053057e+01,2.058643e+01,2.048166e+01,2.062830e+01,2.062132e+01,2.058643e+01,2.054453e+01,2.057944e+01,2.058643e+01,2.060039e+01,2.055850e+01,2.053755e+01,2.053755e+01,2.053057e+01,2.056548e+01,2.055850e+01,2.057944e+01,2.054453e+01,2.053755e+01,2.054453e+01,2.056548e+01,2.060039e+01,2.062830e+01,2.062132e+01,2.058643e+01,2.053057e+01,2.060736e+01,2.050262e+01,2.065621e+01,2.062132e+01,2.050262e+01,2.060039e+01,2.058643e+01,2.048166e+01,2.054453e+01,2.043973e+01,2.046769e+01,2.059340e+01,2.050262e+01,2.048865e+01,2.061434e+01,2.060736e+01,2.059340e+01,2.041875e+01,2.049564e+01,2.043973e+01,2.055850e+01,2.052358e+01,2.048865e+01,2.053057e+01,2.051660e+01,2.055152e+01,2.046070e+01,2.053755e+01,2.046070e+01,2.043973e+01,2.043973e+01,2.039078e+01,2.043274e+01,2.054453e+01,2.045371e+01,2.050262e+01,2.044672e+01,2.049564e+01,2.050961e+01,2.042575e+01,2.041176e+01,2.039778e+01,2.044672e+01,2.042575e+01,2.046769e+01,2.048865e+01,2.041875e+01,2.034181e+01,2.052358e+01,2.046769e+01,2.048865e+01,2.053755e+01,2.043973e+01,2.059340e+01,2.041875e+01,2.045371e+01,2.044672e+01,2.040477e+01,2.053755e+01,2.044672e+01,2.051660e+01,2.039078e+01,2.039778e+01,2.052358e+01,2.050262e+01,2.061434e+01,2.058643e+01,2.053755e+01,2.056548e+01,2.050961e+01,2.039778e+01,2.030682e+01,2.048865e+01,2.053755e+01,2.055850e+01,2.048166e+01,2.052358e+01,2.048865e+01,2.049564e+01,2.048166e+01,2.048166e+01,2.045371e+01,2.050961e+01,2.053755e+01,2.032082e+01,2.052358e+01,2.044672e+01,2.042575e+01,2.050262e+01,2.049564e+01,2.050262e+01,2.053057e+01,2.051660e+01,2.048166e+01,2.055152e+01,2.055850e+01,2.061434e+01,2.060039e+01,2.050961e+01,2.050961e+01,2.046769e+01,2.064225e+01,2.063528e+01,2.056548e+01,2.060736e+01,2.055850e+01,2.054453e+01,2.055850e+01,2.050961e+01,2.057246e+01,2.062132e+01,2.057944e+01,2.064225e+01,2.052358e+01,2.058643e+01,2.064225e+01,2.053755e+01,2.047468e+01,2.051660e+01,2.055850e+01,2.052358e+01,2.050961e+01,2.052358e+01,2.048166e+01,2.064225e+01,2.050961e+01,2.061434e+01,2.055850e+01,2.055850e+01,2.060039e+01,2.069108e+01,2.057944e+01,2.076079e+01,2.065621e+01,2.061434e+01,2.049564e+01,2.053057e+01,2.062132e+01,2.068410e+01,2.053057e+01,2.062830e+01,2.056548e+01,2.055850e+01,2.069805e+01,2.060736e+01,2.059340e+01,2.056548e+01,2.058643e+01,2.056548e+01,2.050262e+01,2.054453e+01,2.055850e+01,2.060039e+01,2.053755e+01
2.064923e+01,2.058643e+01,2.061434e+01,2.063528e+01,2.060736e+01,2.050262e+01,2.063528e+01,2.055850e+01,2.052358e+01,2.046769e+01,2.044672e+01,2.053057e+01,2.061434e+01,2.048166e+01,2.064225e+01,2.039778e+01,2.063528e+01,2.060039e+01,2.048865e+01,2.054453e+01,2.057246e+01,2.048865e+01,2.050262e+01,2.047468e+01,2.044672e+01,2.052358e+01,2.050262e+01,2.062132e+01,2.048166e+01,2.048166e+01,2.057944e+01,2.046070e+01,2.053057e+01,2.057246e+01,2.046769e+01,2.057246e+01,2.053755e+01,2.055152e+01,2.054453e+01,2.048865e+01,2.048166e+01,2.048865e+01,2.054453e+01,2.048166e+01,2.043973e+01,2.050961e+01,2.043973e+01,2.049564e+01,2.045371e+01,2.041176e+01,2.051660e+01,2.056548e+01,2.059340e+01,2.066318e+01,2.056548e+01,2.061434e+01,2.053057e+01,2.057246e+01,2.068410e+01,2.071897e+01,2.074685e+01,2.067016e+01,2.072594e+01,2.063528e+01,2.066318e+01,2.074685e+01,2.067016e+01,2.068410e+01,2.084437e+01,2.087222e+01,2.085134e+01,2.097658e+01,2.116415e+01,2.121272e+01,2.115721e+01,2.117803e+01,2.133752e+01,2.137216e+01,2.157283e+01,2.156592e+01,2.140678e+01,2.126127e+01,2.124047e+01,2.099048e+01,2.119885e+01,2.094876e+01,2.094180e+01,2.091398e+01,2.107388e+01,2.096962e+01,2.109472e+01,2.114333e+01,2.112250e+01,2.117109e+01,2.139293e+01,2.137216e+01,2.147600e+01,2.132366e+01,2.125434e+01,2.120579e+01,2.111555e+01,2.110861e+01,2.108777e+01,2.092789e+01,2.090702e+01,2.094180e+01,2.094876e+01,2.108083e+01,2.103219e+01,2.095572e+01,2.088614e+01,2.063528e+01,2.046070e+01,2.059340e+01,2.042575e+01,2.051660e+01,2.050262e+01,2.059340e+01,2.056548e+01,2.039778e+01,2.037679e+01,2.039778e+01,2.055152e+01,2.043973e+01,2.041176e+01,2.046070e+01,2.036280e+01,2.055152e+01,2.052358e+01,2.052358e+01,2.044672e+01,2.048865e+01,2.056548e+01,2.048166e+01,2.043973e+01,2.050961e+01,2.052358e+01,2.047468e+01,2.050262e+01,2.055850e+01,2.051660e+01,2.053057e+01,2.052358e+01,2.054453e+01,2.047468e+01,2.057246e+01,2.042575e+01,2.053057e+01,2.053755e+01,2.048865e+01,2.043973e+01,2.048865e+01,2.043274e+01,2.045371e+01,2.048166e+01,2.043274e+01,2.051660e+01,2.046070e+01,2.044672e+01,2.045371e+01,2.050262e+01,2.036980e+01,2.047468e+01,2.048166e+01,2.041875e+01,2.048865e+01,2.053057e+01,2.040477e+01,2.055850e+01,2.048166e+01,2.046769e+01,2.041176e+01,2.052358e+01,2.054453e+01,2.049564e+01,2.048865e+01,2.045371e+01,2.048865e+01,2.055152e+01,2.052358e+01,2.043973e+01,2.046769e+01,2.052358e+01,2.054453e+01,2.047468e+01,2.041176e+01,2.047468e+01,2.057246e+01,2.048166e+01,2.061434e+01,2.050262e+01,2.046070e+01,2.043274e+01,2.048865e+01,2.051660e+01,2.049564e+01,2.043973e+01,2.048166e+01,2.041875e+01,2.046070e+01,2.050262e+01,2.038379e+01,2.048166e+01,2.041875e+01,2.047468e+01,2.046769e+01,2.043274e+01,2.045371e+01,2.045371e+01,2.048166e+01,2.047468e+01,2.041176e+01,2.040477e+01,2.044672e+01,2.043973e+01,2.047468e+01,2.043274e+01,2.048166e+01,2.041875e+01,2.053057e+01,2.043973e+01,2.050961e+01,2.046769e+01,2.051660e+01,2.046769e+01,2.044672e+01,2.039078e+01,2.046769e+01,2.043973e+01,2.038379e+01,2.053755e+01,2.048865e+01,2.036280e+01,2.041875e+01,2.046070e+01,2.039078e+01,2.049564e+01,2.045371e+01,2.044672e+01,2.046769e+01,2.043973e+01,2.046769e+01,2.048865e+01,2.048166e+01,2.046070e+01,2.050262e+01,2.044672e+01,2.046769e+01,2.043973e+01,2.039078e+01,2.039078e+01,2.042575e+01,2.043973e+01,2.046769e+01,2.048166e+01,2.039078e+01,2.047468e+01,2.045371e+01,2.035581e+01,2.041875e+01,2.048166e+01,2.042575e+01,2.047468e+01,2.045371e+01,2.053057e+01,2.036280e+01,2.038379e+01,2.050961e+01,2.046769e+01,2.041176e+01,2.041176e+01,2.048166e+01,2.046769e+01,2.039778e+01,2.047468e+01,2.048865e+01,2.041176e+01,2.039078e+01,2.048865e+01,2.048865e+01,2.026481e+01,2.041176e+01,2.045371e+01,2.046070e+01,2.039078e+01,2.035581e+01,2.046070e+01,2.047468e+01,2.047468e+01,2.048166e+01,2.043973e+01,2.046769e+01,2.045371e+01,2.046070e+01,2.044672e+01,2.045371e+01,2.046769e+01,2.048166e+01,2.052358e+01,2.055152e+01,2.055850e+01,2.067016e+01,2.057246e+01,2.060039e+01,2.052358e+01,2.049564e+01,2.050262e+01,2.041176e+01,2.050961e+01,2.041875e+01,2.045371e+01,2.044672e+01,2.047468e+01,2.048166e+01,2.046769e+01,2.047468e+01,2.049564e+01,2.049564e+01,2.047468e+01,2.050961e+01,2.043274e+01,2.035581e+01,2.050961e+01,2.039078e+01,2.058643e+01,2.052358e+01,2.059340e+01,2.055152e+01,2.057944e+01,2.064225e+01,2.063528e+01,2.070502e+01,2.056548e+01,2.056548e+01,2.062830e+01,2.060039e+01,2.059340e+01,2.053755e+01,2.052358e+01,2.053755e+01,2.053755e+01,2.055152e+01,2.048166e+01,2.055152e+01,2.054453e+01,2.052358e+01,2.057246e+01,2.054453e+01,2.052358e+01,2.041875e+01,2.043973e+01,2.050262e+01,2.049564e+01,2.052358e+01,2.045371e+01,2.046070e+01,2.048865e+01,2.050262e+01,2.046769e+01,2.040477e+01,2.044672e+01,2.044672e+01,2.046070e+01,2.050262e+01,2.043274e+01,2.039778e+01,2.048865e+01,2.052358e+01,2.043274e+01,2.049564e+01,2.050961e+01,2.049564e+01,2.050262e+01,2.045371e+01,2.046070e+01,2.047468e+01,2.050262e+01,2.047468e+01,2.044672e+01,2.049564e+01,2.048865e+01,2.047468e+01,2.058643e+01,2.047468e+01,2.050961e+01,2.055850e+01,2.050961e+01,2.053057e+01,2.049564e+01,2.050961e+01,2.060736e+01,2.053755e+01,2.041176e+01,2.052358e+01,2.056548e+01,2.048865e+01,2.049564e+01,2.053755e+01,2.053755e+01,2.054453e+01,2.054453e+01,2.053057e+01,2.053057e+01,2.057944e+01,2.050262e+01,2.043274e+01,2.049564e+01,2.057944e+01,2.056548e+01,2.053057e+01,2.052358e+01,2.059340e+01,2.053057e+01,2.053755e+01,2.057246e+01,2.062132e+01,2.057246e+01,2.055850e+01,2.057944e+01,2.053057e+01,2.050961e+01,2.057246e+01,2.056548e+01,2.049564e+01,2.046070e+01,2.055152e+01,2.054453e+01,2.064923e+01,2.057944e+01,2.059340e+01,2.054453e+01,2.050961e+01,2.051660e+01,2.057246e+01,2.062830e+01,2.062830e+01,2.055850e+01,2.062830e+01,2.050262e+01,2.063528e+01,2.050262e+01,2.053755e+01,2.054453e+01,2.051660e+01,2.052358e+01,2.054453e+01,2.057944e+01,2.048166e+01,2.055850e+01,2.064225e+01,2.055850e+01,2.066318e+01,2.063528e+01,2.073291e+01,2.060736e+01,2.057944e+01,2.057246e+01,2.056548e+01,2.055152e+01,2.055152e+01,2.053755e+01,2.054453e+01,2.066318e+01,2.056548e+01,2.055850e+01,2.055850e+01,2.057246e+01,2.056548e+01,2.055850e+01,2.060736e+01,2.044672e+01,2.052358e+01,2.053057e+01,2.044672e+01,2.044672e+01,2.047468e+01,2.051660e+01,2.064225e+01,2.053755e+01,2.034181e+01,2.053755e+01,2.067713e+01,2.060039e+01,2.053755e+01,2.056548e+01,2.053755e+01,2.050961e+01,2.053057e+01,2.045371e+01,2.061434e+01,2.048166e+01,2.046769e+01,2.064225e+01,2.046769e+01,2.046070e+01,2.050262e+01,2.047468e+01,2.053057e+01,2.053057e+01,2.057944e+01,2.048166e+01,2.054453e+01,2.048865e+01,2.057944e+01,2.059340e+01,2.057246e+01,2.055152e+01,2.050961e+01,2.053057e+01,2.046070e+01,2.054453e+01,2.049564e+01,2.055850e+01,2.050262e+01,2.053057e+01,2.053057e+01,2.040477e+01,2.053057e+01,2.036280e+01,2.056548e+01,2.041875e+01,2.053057e+01,2.046769e+01,2.048865e+01,2.043973e+01,2.046070e+01,2.053057e+01,2.043274e+01,2.029982e+01,2.047468e+01,2.041176e+01,2.051660e+01,2.039078e+01,2.051660e+01,2.055850e+01,2.045371e+01,2.042575e+01,2.049564e+01,2.046070e+01,2.050961e+01,2.043274e+01,2.036980e+01,2.044672e+01,2.043274e+01,2.046769e+01,2.034181e+01,2.047468e+01,2.039778e+01,2.056548e+01,2.046769e+01,2.059340e+01,2.064923e+01,2.064923e+01,2.059340e+01,2.055850e+01,2.053755e+01,2.041176e+01,2.036980e+01,2.049564e+01,2.047468e+01,2.048865e+01,2.057246e+01,2.048166e+01,2.036980e+01,2.050961e+01,2.046070e+01,2.041875e+01,2.060039e+01,2.053755e+01,2.055152e+01,2.043274e+01,2.054453e+01,2.055850e+01,2.050961e+01,2.053057e+01,2.048865e+01,2.049564e+01,2.054453e+01,2.049564e+01,2.059340e+01,2.047468e+01,2.052358e+01,2.045371e+01,2.052358e+01,2.058643e+01,2.049564e+01,2.053755e+01,2.059340e+01,2.061434e+01,2.050262e+01,2.061434e+01,2.051660e+01,2.063528e+01,2.058643e+01,2.058643e+01,2.060039e+01,2.053755e+01,2.050961e+01,2.050262e+01,2.052358e+01,2.061434e+01,2.056548e+01,2.050961e+01,2.054453e+01,2.069805e+01,2.062132e+01,2.054453e+01,2.056548e+01,2.057246e+01,2.060736e+01,2.066318e+01,2.055152e+01,2.056548e+01,2.067016e+01,2.060039e+01,2.062132e+01,2.064225e+01,2.062830e+01,2.060736e+01,2.053057e+01,2.053057e+01,2.063528e+01,2.062132e+01,2.060736e+01,2.049564e+01,2.058643e+01,2.058643e+01,2.058643e+01,2.054453e+01,2.051660e+01,2.053755e+01,2.057246e+01,2.055850e+01,2.053755e+01,2.055152e+01,2.058643e+01,2.055152e+01,2.057944e+01,2.053755e+01,2.056548e+01
2.064923e+01,2.058643e+01,2.059340e+01,2.057246e+01,2.059340e+01,2.060736e+01,2.053057e+01,2.059340e+01,2.057944e+01,2.057246e+01,2.047468e+01,2.060736e+01,2.060736e+01,2.060039e+01,2.046769e+01,2.050262e+01,2.052358e+01,2.043973e+01,2.055152e+01,2.055152e+01,2.047468e+01,2.053057e+01,2.057246e+01,2.053057e+01,2.053755e+01,2.049564e+01,2.054453e+01,2.036980e+01,2.053057e+01,2.053755e+01,2.046070e+01,2.051660e+01,2.041875e+01,2.058643e+01,2.050961e+01,2.055152e+01,2.055152e+01,2.055152e+01,2.055152e+01,2.046070e+01,2.036280e+01,2.054453e+01,2.047468e+01,2.059340e+01,2.031382e+01,2.044672e+01,2.041176e+01,2.051660e+01,2.046769e+01,2.051660e+01,2.060736e+01,2.060736e+01,2.061434e+01,2.065621e+01,2.062830e+01,2.065621e+01,2.060039e+01,2.058643e+01,2.061434e+01,2.064225e+01,2.074685e+01,2.065621e+01,2.068410e+01,2.075382e+01,2.069108e+01,2.069805e+01,2.072594e+01,2.073988e+01,2.081652e+01,2.083045e+01,2.076775e+01,2.091398e+01,2.088614e+01,2.111555e+01,2.099744e+01,2.115027e+01,2.133752e+01,2.142063e+01,2.135830e+01,2.153134e+01,2.135138e+01,2.122660e+01,2.097658e+01,2.090006e+01,2.093485e+01,2.095572e+01,2.093485e+01,2.092789e+01,2.087222e+01,2.092789e+01,2.110861e+01,2.087918e+01,2.080259e+01,2.099744e+01,2.107388e+01,2.104609e+01,2.129594e+01,2.128207e+01,2.111555e+01,2.110166e+01,2.105999e+01,2.101829e+01,2.088614e+01,2.076079e+01,2.067016e+01,2.081652e+01,2.064923e+01,2.095572e+01,2.101829e+01,2.101829e+01,2.063528e+01,2.060736e+01,2.058643e+01,2.044672e+01,2.043274e+01,2.043274e+01,2.045371e+01,2.048865e+01,2.048166e+01,2.051660e+01,2.047468e+01,2.039078e+01,2.046769e+01,2.043973e+01,2.039778e+01,2.037679e+01,2.044672e+01,2.052358e+01,2.048166e+01,2.054453e+01,2.040477e+01,2.041875e+01,2.049564e+01,2.043973e+01,2.048865e+01,2.054453e+01,2.050262e+01,2.047468e+01,2.053057e+01,2.047468e+01,2.053057e+01,2.052358e+01,2.062830e+01,2.052358e+01,2.057246e+01,2.059340e+01,2.057246e+01,2.057246e+01,2.042575e+01,2.044672e+01,2.047468e+01,2.053057e+01,2.048865e+01,2.046070e+01,2.047468e+01,2.048166e+01,2.048166e+01,2.048865e+01,2.048166e+01,2.048166e+01,2.048865e+01,2.050262e+01,2.053057e+01,2.046769e+01,2.045371e+01,2.071200e+01,2.053755e+01,2.032082e+01,2.046070e+01,2.048865e+01,2.050961e+01,2.041176e+01,2.043973e+01,2.055152e+01,2.051660e+01,2.052358e+01,2.041875e+01,2.044672e+01,2.048166e+01,2.048166e+01,2.050961e+01,2.048865e+01,2.043973e+01,2.046769e+01,2.054453e+01,2.040477e+01,2.046070e+01,2.046070e+01,2.048166e+01,2.048166e+01,2.051660e+01,2.049564e+01,2.049564e+01,2.044672e+01,2.048166e+01,2.049564e+01,2.048865e+01,2.046769e+01,2.048865e+01,2.044672e+01,2.050262e+01,2.042575e+01,2.036980e+01,2.050262e+01,2.048166e+01,2.045371e+01,2.046769e+01,2.047468e+01,2.048865e+01,2.053755e+01,2.050262e+01,2.051660e+01,2.054453e+01,2.044672e+01,2.044672e+01,2.046070e+01,2.047468e+01,2.050961e+01,2.048166e+01,2.048865e+01,2.056548e+01,2.043973e+01,2.051660e+01,2.053057e+01,2.043973e+01,2.041176e+01,2.051660e+01,2.046769e+01,2.044672e+01,2.053755e+01,2.043973e+01,2.038379e+01,2.038379e+01,2.048166e+01,2.047468e+01,2.038379e+01,2.048166e+01,2.042575e+01,2.045371e+01,2.050961e+01,2.053755e+01,2.053755e+01,2.046769e+01,2.045371e+01,2.047468e+01,2.043973e+01,2.044672e+01,2.046769e+01,2.040477e+01,2.051660e+01,2.041176e+01,2.041875e+01,2.046769e+01,2.041176e+01,2.052358e+01,2.040477e+01,2.050961e+01,2.038379e+01,2.057246e+01,2.048166e+01,2.046769e+01,2.050262e+01,2.048865e+01,2.048166e+01,2.046769e+01,2.041176e+01,2.048166e+01,2.039778e+01,2.051660e+01,2.046769e+01,2.051660e+01,2.044672e+01,2.045371e+01,2.050961e+01,2.048166e+01,2.044672e+01,2.048166e+01,2.041875e+01,2.053755e+01,2.045371e+01,2.049564e+01,2.046769e+01,2.050961e+01,2.043274e+01,2.043274e+01,2.048166e+01,2.044672e+01,2.039078e+01,2.046070e+01,2.036280e+01,2.048865e+01,2.045371e+01,2.035581e+01,2.046070e+01,2.059340e+01,2.046070e+01,2.050262e+01,2.051660e+01,2.052358e+01,2.050262e+01,2.052358e+01,2.053755e+01,2.060039e+01,2.048865e+01,2.053057e+01,2.048166e+01,2.051660e+01,2.049564e+01,2.057246e+01,2.046070e+01,2.054453e+01,2.056548e+01,2.047468e+01,2.040477e+01,2.053755e+01,2.051660e+01,2.046769e+01,2.050961e+01,2.052358e+01,2.050961e+01,2.053057e+01,2.039078e+01,2.054453e+01,2.056548e+01,2.052358e+01,2.055152e+01,2.057944e+01,2.054453e+01,2.064923e+01,2.063528e+01,2.062132e+01,2.053755e+01,2.055850e+01,2.055152e+01,2.057944e+01,2.053057e+01,2.060736e+01,2.058643e+01,2.052358e+01,2.051660e+01,2.053755e+01,2.056548e+01,2.050961e+01,2.055152e+01,2.043973e+01,2.055850e+01,2.059340e+01,2.055850e+01,2.045371e+01,2.051660e+01,2.043274e+01,2.041875e+01,2.043274e+01,2.048865e+01,2.064225e+01,2.042575e+01,2.048166e+01,2.045371e+01,2.046769e+01,2.045371e+01,2.044672e+01,2.055850e+01,2.055152e+01,2.040477e+01,2.053057e+01,2.053057e+01,2.050961e+01,2.053755e+01,2.041176e+01,2.044672e+01,2.043973e+01,2.050262e+01,2.048865e+01,2.049564e+01,2.049564e+01,2.049564e+01,2.046070e+01,2.049564e+01,2.047468e+01,2.050262e+01,2.057246e+01,2.050262e+01,2.055850e+01,2.057246e+01,2.053755e+01,2.049564e+01,2.049564e+01,2.051660e+01,2.052358e+01,2.057246e+01,2.050961e+01,2.049564e+01,2.057944e+01,2.050961e+01,2.049564e+01,2.050262e+01,2.055850e+01,2.054453e+01,2.054453e+01,2.051660e+01,2.053057e+01,2.053057e+01,2.050961e+01,2.053755e+01,2.052358e+01,2.050262e+01,2.054453e+01,2.046070e+01,2.055850e+01,2.062132e+01,2.050961e+01,2.060039e+01,2.057246e+01,2.054453e+01,2.057246e+01,2.063528e+01,2.057944e+01,2.056548e+01,2.055152e+01,2.055152e+01,2.050262e+01,2.057944e+01,2.058643e+01,2.049564e+01,2.060039e+01,2.057246e+01,2.058643e+01,2.058643e+01,2.057944e+01,2.065621e+01,2.054453e+01,2.054453e+01,2.052358e+01,2.052358e+01,2.062132e+01,2.054453e+01,2.054453e+01,2.061434e+01,2.063528e+01,2.064923e+01,2.050262e+01,2.059340e+01,2.062132e+01,2.055152e+01,2.056548e+01,2.055152e+01,2.055850e+01,2.055152e+01,2.057246e+01,2.052358e+01,2.062132e+01,2.052358e+01,2.070502e+01,2.067713e+01,2.072594e+01,2.070502e+01,2.057944e+01,2.054453e+01,2.057246e+01,2.048865e+01,2.046769e+01,2.053755e+01,2.053057e+01,2.053755e+01,2.061434e+01,2.056548e+01,2.058643e+01,2.056548e+01,2.060039e+01,2.056548e+01,2.057246e+01,2.056548e+01,2.058643e+01,2.053057e+01,2.060736e+01,2.062132e+01,2.049564e+01,2.065621e+01,2.060039e+01,2.065621e+01,2.059340e+01,2.053755e+01,2.060736e+01,2.055152e+01,2.050961e+01,2.055152e+01,2.056548e+01,2.046769e+01,2.048166e+01,2.045371e+01,2.051660e+01,2.062132e+01,2.055850e+01,2.047468e+01,2.062132e+01,2.062830e+01,2.049564e+01,2.052358e+01,2.057944e+01,2.059340e+01,2.055850e+01,2.036980e+01,2.059340e+01,2.058643e+01,2.056548e+01,2.056548e+01,2.065621e+01,2.057246e+01,2.058643e+01,2.067016e+01,2.044672e+01,2.057246e+01,2.050961e+01,2.041875e+01,2.055152e+01,2.051660e+01,2.057944e+01,2.046769e+01,2.034881e+01,2.036980e+01,2.044672e+01,2.035581e+01,2.046070e+01,2.048865e+01,2.049564e+01,2.043274e+01,2.057944e+01,2.042575e+01,2.057944e+01,2.056548e+01,2.039778e+01,2.046070e+01,2.060039e+01,2.045371e+01,2.046769e+01,2.042575e+01,2.053755e+01,2.043973e+01,2.037679e+01,2.043973e+01,2.043274e+01,2.047468e+01,2.048166e+01,2.042575e+01,2.046769e+01,2.046769e+01,2.052358e+01,2.045371e+01,2.048865e+01,2.047468e+01,2.047468e+01,2.055850e+01,2.057246e+01,2.059340e+01,2.043973e+01,2.043973e+01,2.053755e+01,2.050262e+01,2.049564e+01,2.048865e+01,2.048865e+01,2.055152e+01,2.046769e+01,2.062830e+01,2.053755e+01,2.055850e+01,2.050262e+01,2.055152e+01,2.046070e+01,2.031382e+01,2.042575e+01,2.028582e+01,2.051660e+01,2.053057e+01,2.050961e+01,2.053057e+01,2.050262e+01,2.050961e+01,2.052358e+01,2.050961e+01,2.054453e+01,2.036280e+01,2.048865e+01,2.046070e+01,2.062830e+01,2.050262e+01,2.064225e+01,2.062830e+01,2.053057e+01,2.057944e+01,2.057246e+01,2.056548e+01,2.050262e+01,2.053057e+01,2.050961e+01,2.057944e+01,2.054453e+01,2.061434e+01,2.054453e+01,2.053755e+01,2.057246e+01,2.058643e+01,2.053057e+01,2.056548e+01,2.048865e+01,2.055152e+01,2.067016e+01,2.055850e+01,2.065621e+01,2.061434e+01,2.053755e+01,2.058643e+01,2.050262e+01,2.064225e+01,2.069108e+01,2.061434e+01,2.059340e+01,2.066318e+01,2.062132e+01,2.061434e+01,2.062830e+01,2.059340e+01,2.067713e+01,2.064225e+01,2.062830e+01,2.064923e+01,2.075382e+01,2.057944e+01,2.057246e+01,2.060736e+01,2.055850e+01,2.051660e+01,2.054453e+01,2.057944e+01,2.058643e+01,2.055152e+01,2.056548e+01,2.056548e+01,2.070502e+01,2.065621e+01
2.057944e+01,2.062132e+01,2.062132e+01,2.058643e+01,2.058643e+01,2.061434e+01,2.054453e+01,2.056548e+01,2.047468e+01,2.043973e+01,2.048166e+01,2.046769e+01,2.060736e+01,2.049564e+01,2.043973e+01,2.055152e+01,2.060736e+01,2.062830e+01,2.045371e+01,2.050262e+01,2.045371e+01,2.042575e+01,2.041176e+01,2.041176e+01,2.048166e+01,2.044672e+01,2.050262e+01,2.048166e+01,2.043274e+01,2.054453e+01,2.062830e+01,2.044672e+01,2.051660e+01,2.050262e+01,2.056548e+01,2.053057e+01,2.050961e+01,2.045371e+01,2.051660e+01,2.051660e+01,2.041875e+01,2.064225e+01,2.041875e+01,2.058643e+01,2.052358e+01,2.051660e+01,2.051660e+01,2.064923e+01,2.052358e+01,2.050961e+01,2.061434e+01,2.053755e+01,2.060039e+01,2.061434e+01,2.061434e+01,2.059340e+01,2.053057e+01,2.060736e+01,2.055850e+01,2.072594e+01,2.074685e+01,2.067016e+01,2.063528e+01,2.067713e+01,2.067713e+01,2.066318e+01,2.068410e+01,2.068410e+01,2.073291e+01,2.077472e+01,2.068410e+01,2.087222e+01,2.092789e+01,2.066318e+01,2.090702e+01,2.080259e+01,2.108777e+01,2.113638e+01,2.110861e+01,2.131673e+01,2.115027e+01,2.084437e+01,2.076775e+01,2.084437e+01,2.083741e+01,2.073988e+01,2.082348e+01,2.092789e+01,2.091398e+01,2.069805e+01,2.071897e+01,2.083741e+01,2.102524e+01,2.092093e+01,2.106693e+01,2.100439e+01,2.097658e+01,2.092093e+01,2.084437e+01,2.090702e+01,2.078866e+01,2.084437e+01,2.078866e+01,2.069108e+01,2.064923e+01,2.064225e+01,2.069805e+01,2.072594e+01,2.086526e+01,2.081652e+01,2.064923e+01,2.048865e+01,2.050262e+01,2.049564e+01,2.058643e+01,2.056548e+01,2.053755e+01,2.041875e+01,2.038379e+01,2.051660e+01,2.047468e+01,2.056548e+01,2.055152e+01,2.043274e+01,2.048166e+01,2.041875e+01,2.046070e+01,2.040477e+01,2.055152e+01,2.051660e+01,2.046070e+01,2.056548e+01,2.031382e+01,2.045371e+01,2.049564e+01,2.039778e+01,2.043274e+01,2.046769e+01,2.050961e+01,2.062132e+01,2.053755e+01,2.049564e+01,2.055850e+01,2.053057e+01,2.051660e+01,2.058643e+01,2.041176e+01,2.052358e+01,2.050961e+01,2.048166e+01,2.051660e+01,2.043973e+01,2.043274e+01,2.053057e+01,2.041875e+01,2.055152e+01,2.050961e+01,2.048166e+01,2.051660e+01,2.050961e+01,2.050961e+01,2.048865e+01,2.039078e+01,2.052358e+01,2.052358e+01,2.041176e+01,2.043973e+01,2.048865e+01,2.050961e+01,2.056548e+01,2.053057e+01,2.044672e+01,2.047468e+01,2.044672e+01,2.050961e+01,2.050262e+01,2.042575e+01,2.045371e+01,2.043973e+01,2.051660e+01,2.050961e+01,2.050262e+01,2.045371e+01,2.053057e+01,2.053755e+01,2.049564e+01,2.046769e+01,2.045371e+01,2.048865e+01,2.048166e+01,2.046769e+01,2.046769e+01,2.057246e+01,2.052358e+01,2.039078e+01,2.039778e+01,2.040477e+01,2.044672e+01,2.048865e+01,2.048166e+01,2.046070e+01,2.050961e+01,2.052358e+01,2.048166e+01,2.048865e+01,2.048166e+01,2.042575e+01,2.046070e+01,2.043973e+01,2.039078e+01,2.044672e+01,2.050262e+01,2.036980e+01,2.035581e+01,2.040477e+01,2.038379e+01,2.045371e+01,2.048865e+01,2.044672e+01,2.048865e+01,2.046070e+01,2.045371e+01,2.043274e+01,2.043274e+01,2.046769e+01,2.049564e+01,2.052358e+01,2.035581e+01,2.043973e+01,2.039078e+01,2.038379e+01,2.046070e+01,2.046070e+01,2.045371e+01,2.048166e+01,2.049564e+01,2.041875e+01,2.055850e+01,2.047468e+01,2.043973e+01,2.049564e+01,2.048166e+01,2.046769e+01,2.043973e+01,2.049564e+01,2.047468e+01,2.053057e+01,2.043274e+01,2.046070e+01,2.046769e+01,2.047468e+01,2.042575e+01,2.042575e+01,2.040477e+01,2.039778e+01,2.041176e+01,2.042575e+01,2.046070e+01,2.048166e+01,2.046070e+01,2.048865e+01,2.044672e+01,2.050961e+01,2.050262e+01,2.051660e+01,2.052358e+01,2.048166e+01,2.037679e+01,2.046070e+01,2.052358e+01,2.047468e+01,2.048865e+01,2.048865e+01,2.050961e+01,2.048166e+01,2.042575e+01,2.042575e+01,2.043274e+01,2.041875e+01,2.045371e+01,2.046070e+01,2.050262e+01,2.048166e+01,2.050961e+01,2.047468e+01,2.050961e+01,2.046070e+01,2.043973e+01,2.046070e+01,2.046070e+01,2.046769e+01,2.043973e+01,2.048865e+01,2.045371e+01,2.042575e+01,2.046769e+01,2.050961e+01,2.050961e+01,2.052358e+01,2.064225e+01,2.064923e+01,2.064923e+01,2.050262e+01,2.060039e+01,2.044672e+01,2.057246e+01,2.057246e+01,2.048865e+01,2.041176e+01,2.048865e+01,2.044672e+01,2.059340e+01,2.041176e+01,2.050262e+01,2.045371e+01,2.043973e+01,2.045371e+01,2.045371e+01,2.048865e+01,2.047468e+01,2.052358e+01,2.049564e+01,2.053057e+01,2.041176e+01,2.053755e+01,2.051660e+01,2.055152e+01,2.054453e+01,2.047468e+01,2.053057e+01,2.060736e+01,2.060039e+01,2.059340e+01,2.049564e+01,2.049564e+01,2.043973e+01,2.051660e+01,2.048166e+01,2.060039e+01,2.051660e+01,2.044672e+01,2.050961e+01,2.051660e+01,2.043274e+01,2.048166e+01,2.052358e+01,2.052358e+01,2.057246e+01,2.041875e+01,2.042575e+01,2.041176e+01,2.049564e+01,2.052358e+01,2.039778e+01,2.054453e+01,2.046070e+01,2.043274e+01,2.061434e+01,2.042575e+01,2.039778e+01,2.045371e+01,2.046769e+01,2.048166e+01,2.050262e+01,2.046769e+01,2.041875e+01,2.043274e+01,2.042575e+01,2.046070e+01,2.047468e+01,2.041875e+01,2.050961e+01,2.050262e+01,2.057246e+01,2.048166e+01,2.072594e+01,2.053755e+01,2.049564e+01,2.044672e+01,2.058643e+01,2.053755e+01,2.054453e+01,2.057944e+01,2.036280e+01,2.043973e+01,2.050961e+01,2.038379e+01,2.062132e+01,2.053057e+01,2.063528e+01,2.050961e+01,2.049564e+01,2.055152e+01,2.038379e+01,2.054453e+01,2.060039e+01,2.058643e+01,2.050262e+01,2.055152e+01,2.053057e+01,2.052358e+01,2.051660e+01,2.055850e+01,2.053057e+01,2.046769e+01,2.058643e+01,2.056548e+01,2.054453e+01,2.055152e+01,2.057246e+01,2.066318e+01,2.053755e+01,2.053057e+01,2.053755e+01,2.055152e+01,2.059340e+01,2.062830e+01,2.055152e+01,2.057246e+01,2.056548e+01,2.052358e+01,2.053057e+01,2.055850e+01,2.055850e+01,2.061434e+01,2.060736e+01,2.054453e+01,2.050961e+01,2.055152e+01,2.047468e+01,2.049564e+01,2.067016e+01,2.062132e+01,2.056548e+01,2.056548e+01,2.043274e+01,2.060039e+01,2.060736e+01,2.056548e+01,2.063528e+01,2.064225e+01,2.058643e+01,2.057944e+01,2.065621e+01,2.055152e+01,2.055850e+01,2.043973e+01,2.055850e+01,2.055850e+01,2.057246e+01,2.048166e+01,2.047468e+01,2.050961e+01,2.059340e+01,2.048865e+01,2.059340e+01,2.049564e+01,2.056548e+01,2.047468e+01,2.049564e+01,2.044672e+01,2.061434e+01,2.056548e+01,2.055850e+01,2.051660e+01,2.061434e+01,2.061434e+01,2.052358e+01,2.053755e+01,2.057944e+01,2.059340e+01,2.054453e+01,2.061434e+01,2.058643e+01,2.055850e+01,2.059340e+01,2.047468e+01,2.060736e+01,2.058643e+01,2.052358e+01,2.059340e+01,2.055850e+01,2.059340e+01,2.060039e+01,2.054453e+01,2.060039e+01,2.055850e+01,2.046070e+01,2.053755e+01,2.057246e+01,2.061434e+01,2.048865e+01,2.062830e+01,2.049564e+01,2.055850e+01,2.051660e+01,2.051660e+01,2.050262e+01,2.056548e+01,2.056548e+01,2.042575e+01,2.056548e+01,2.050262e+01,2.049564e+01,2.054453e+01,2.050961e+01,2.066318e+01,2.068410e+01,2.071200e+01,2.054453e+01,2.042575e+01,2.053057e+01,2.050961e+01,2.058643e+01,2.060736e+01,2.055152e+01,2.050262e+01,2.051660e+01,2.029982e+01,2.054453e+01,2.052358e+01,2.030682e+01,2.052358e+01,2.057246e+01,2.051660e+01,2.050262e+01,2.050262e+01,2.042575e+01,2.053057e+01,2.048166e+01,2.057246e+01,2.055850e+01,2.042575e+01,2.045371e+01,2.041176e+01,2.048166e+01,2.043973e+01,2.044672e+01,2.046070e+01,2.046769e+01,2.044672e+01,2.042575e+01,2.049564e+01,2.043973e+01,2.044672e+01,2.048166e+01,2.049564e+01,2.045371e+01,2.044672e+01,2.050262e+01,2.057246e+01,2.046769e+01,2.048865e+01,2.045371e+01,2.040477e+01,2.043973e+01,2.048865e+01,2.050262e+01,2.054453e+01,2.047468e+01,2.059340e+01,2.050262e+01,2.046769e+01,2.058643e+01,2.049564e+01,2.041176e+01,2.055850e+01,2.055850e+01,2.043274e+01,2.055850e+01,2.043274e+01,2.045371e+01,2.043274e+01,2.056548e+01,2.057944e+01,2.050961e+01,2.041875e+01,2.055152e+01,2.053755e+01,2.051660e+01,2.053755e+01,2.063528e+01,2.055850e+01,2.057944e+01,2.060039e+01,2.057246e+01,2.066318e+01,2.067713e+01,2.063528e+01,2.062830e+01,2.056548e+01,2.058643e+01,2.054453e+01,2.055850e+01,2.051660e+01,2.055850e+01,2.055850e+01,2.050262e+01,2.048166e+01,2.049564e+01,2.048166e+01,2.050262e+01,2.043274e+01,2.060039e+01,2.063528e+01,2.068410e+01,2.048166e+01,2.067713e+01,2.057246e+01,2.058643e+01,2.060736e+01,2.062132e+01,2.063528e+01,2.060736e+01,2.067016e+01,2.067713e+01,2.054453e+01,2.066318e+01,2.069108e+01,2.061434e+01,2.067016e+01,2.057944e+01,2.055152e+01,2.059340e+01,2.060736e+01,2.056548e+01,2.059340e+01,2.058643e+01,2.059340e+01,2.057246e+01,2.046769e+01,2.056548e+01,2.044672e+01,2.054453e+01,2.063528e+01,2.073988e+01,2.050961e+01,2.064225e+01,2.057246e+01,2.055152e+01
2.059340e+01,2.053755e+01,2.062830e+01,2.060039e+01,2.055850e+01,2.055152e+01,2.053057e+01,2.053057e+01,2.047468e+01,2.053057e+01,2.058643e+01,2.057246e+01,2.053057e+01,2.042575e+01,2.040477e+01,2.041176e+01,2.052358e+01,2.060039e+01,2.048865e+01,2.048166e+01,2.055152e+01,2.050262e+01,2.041875e+01,2.045371e+01,2.055850e+01,2.047468e+01,2.054453e+01,2.048865e+01,2.051660e+01,2.042575e+01,2.046769e+01,2.055850e+01,2.052358e+01,2.042575e+01,2.052358e+01,2.054453e+01,2.047468e+01,2.039078e+01,2.048166e+01,2.050961e+01,2.045371e+01,2.046769e+01,2.037679e+01,2.047468e+01,2.055850e+01,2.054453e+01,2.043274e+01,2.050262e+01,2.055152e+01,2.060736e+01,2.038379e+01,2.039778e+01,2.058643e+01,2.042575e+01,2.052358e+01,2.060736e+01,2.053755e+01,2.057944e+01,2.057246e+01,2.053057e+01,2.062132e+01,2.050961e+01,2.060039e+01,2.067016e+01,2.065621e+01,2.069805e+01,2.067713e+01,2.074685e+01,2.076079e+01,2.076775e+01,2.072594e+01,2.070502e+01,2.069108e+01,2.065621e+01,2.071200e+01,2.080955e+01,2.082348e+01,2.103219e+01,2.089310e+01,2.086526e+01,2.091398e+01,2.075382e+01,2.079562e+01,2.067016e+01,2.065621e+01,2.067713e+01,2.067713e+01,2.057246e+01,2.071897e+01,2.066318e+01,2.069805e+01,2.071200e+01,2.067713e+01,2.081652e+01,2.079562e+01,2.089310e+01,2.073988e+01,2.076775e+01,2.065621e+01,2.083045e+01,2.076079e+01,2.087918e+01,2.076775e+01,2.073988e+01,2.067713e+01,2.055152e+01,2.055850e+01,2.059340e+01,2.061434e+01,2.042575e+01,2.042575e+01,2.051660e+01,2.062132e+01,2.046769e+01,2.060039e+01,2.053755e+01,2.052358e+01,2.044672e+01,2.048166e+01,2.048865e+01,2.048865e+01,2.067016e+01,2.050262e+01,2.042575e+01,2.053755e+01,2.057944e+01,2.050262e+01,2.051660e+01,2.037679e+01,2.041875e+01,2.048166e+01,2.045371e+01,2.043274e+01,2.045371e+01,2.043973e+01,2.043274e+01,2.051660e+01,2.048865e+01,2.053755e+01,2.045371e+01,2.064225e+01,2.053057e+01,2.055152e+01,2.060736e+01,2.058643e+01,2.042575e+01,2.056548e+01,2.037679e+01,2.049564e+01,2.050262e+01,2.048865e+01,2.035581e+01,2.043973e+01,2.048166e+01,2.057246e+01,2.043973e+01,2.043973e+01,2.043973e+01,2.048166e+01,2.050961e+01,2.051660e+01,2.050262e+01,2.039778e+01,2.046070e+01,2.048166e+01,2.054453e+01,2.041176e+01,2.038379e+01,2.050961e+01,2.055152e+01,2.046070e+01,2.040477e+01,2.050961e+01,2.053755e+01,2.055152e+01,2.041875e+01,2.041176e+01,2.044672e+01,2.048166e+01,2.047468e+01,2.048865e+01,2.053755e+01,2.053755e+01,2.053755e+01,2.037679e+01,2.040477e+01,2.045371e+01,2.043973e+01,2.045371e+01,2.046769e+01,2.050961e+01,2.032082e+01,2.051660e+01,2.048865e+01,2.053755e+01,2.050961e+01,2.042575e+01,2.048865e+01,2.044672e+01,2.042575e+01,2.045371e+01,2.046769e+01,2.051660e+01,2.050262e+01,2.055850e+01,2.047468e+01,2.048166e+01,2.046769e+01,2.046769e+01,2.046769e+01,2.048166e+01,2.046769e+01,2.048166e+01,2.040477e+01,2.038379e+01,2.046769e+01,2.046769e+01,2.049564e+01,2.042575e+01,2.052358e+01,2.041875e+01,2.056548e+01,2.045371e+01,2.039778e+01,2.040477e+01,2.046769e+01,2.047468e+01,2.044672e+01,2.039078e+01,2.048166e+01,2.039778e+01,2.047468e+01,2.044672e+01,2.043973e+01,2.046769e+01,2.043973e+01,2.043274e+01,2.046769e+01,2.050961e+01,2.050262e+01,2.050961e+01,2.047468e+01,2.046769e+01,2.043973e+01,2.048166e+01,2.043973e+01,2.041875e+01,2.049564e+01,2.053057e+01,2.048865e+01,2.045371e+01,2.042575e+01,2.044672e+01,2.039078e+01,2.041875e+01,2.041176e+01,2.040477e+01,2.039078e+01,2.036980e+01,2.044672e+01,2.051660e+01,2.045371e+01,2.046070e+01,2.050262e+01,2.036980e+01,2.050262e+01,2.051660e+01,2.035581e+01,2.042575e+01,2.037679e+01,2.045371e+01,2.049564e+01,2.046070e+01,2.044672e+01,2.043973e+01,2.041875e+01,2.043973e+01,2.041875e+01,2.039078e+01,2.038379e+01,2.046070e+01,2.052358e+01,2.041176e+01,2.046070e+01,2.039778e+01,2.050262e+01,2.029282e+01,2.048166e+01,2.047468e+01,2.037679e+01,2.039778e+01,2.045371e+01,2.041176e+01,2.043973e+01,2.052358e+01,2.060039e+01,2.055850e+01,2.053057e+01,2.062830e+01,2.055850e+01,2.049564e+01,2.056548e+01,2.060039e+01,2.051660e+01,2.057944e+01,2.054453e+01,2.060736e+01,2.041875e+01,2.041176e+01,2.050961e+01,2.051660e+01,2.055152e+01,2.054453e+01,2.047468e+01,2.050262e+01,2.059340e+01,2.039078e+01,2.045371e+01,2.053057e+01,2.049564e+01,2.049564e+01,2.049564e+01,2.053057e+01,2.037679e+01,2.048865e+01,2.053057e+01,2.055152e+01,2.053755e+01,2.048865e+01,2.050961e+01,2.050262e+01,2.059340e+01,2.062830e+01,2.056548e+01,2.051660e+01,2.054453e+01,2.053057e+01,2.050262e+01,2.050961e+01,2.053057e+01,2.053755e+01,2.047468e+01,2.041176e+01,2.045371e+01,2.047468e+01,2.052358e+01,2.043973e+01,2.048865e+01,2.043274e+01,2.041875e+01,2.040477e+01,2.041176e+01,2.040477e+01,2.042575e+01,2.046769e+01,2.066318e+01,2.052358e+01,2.047468e+01,2.043274e+01,2.040477e+01,2.042575e+01,2.043274e+01,2.045371e+01,2.046070e+01,2.050262e+01,2.043973e+01,2.043973e+01,2.051660e+01,2.043973e+01,2.051660e+01,2.053755e+01,2.053057e+01,2.051660e+01,2.055152e+01,2.050961e+01,2.057246e+01,2.046769e+01,2.044672e+01,2.041176e+01,2.059340e+01,2.046769e+01,2.039778e+01,2.052358e+01,2.053057e+01,2.054453e+01,2.055152e+01,2.053057e+01,2.064923e+01,2.044672e+01,2.050961e+01,2.054453e+01,2.056548e+01,2.050262e+01,2.058643e+01,2.041875e+01,2.059340e+01,2.027181e+01,2.050961e+01,2.051660e+01,2.052358e+01,2.053755e+01,2.053057e+01,2.048166e+01,2.055850e+01,2.058643e+01,2.054453e+01,2.055152e+01,2.059340e+01,2.061434e+01,2.052358e+01,2.056548e+01,2.056548e+01,2.055850e+01,2.062132e+01,2.060039e+01,2.053755e+01,2.058643e+01,2.046769e+01,2.055850e+01,2.053755e+01,2.055152e+01,2.052358e+01,2.050961e+01,2.053755e+01,2.048865e+01,2.054453e+01,2.053057e+01,2.054453e+01,2.059340e+01,2.051660e+01,2.048166e+01,2.055152e+01,2.060039e+01,2.060039e+01,2.054453e+01,2.057246e+01,2.060736e+01,2.062132e+01,2.062830e+01,2.060039e+01,2.060736e+01,2.058643e+01,2.060736e+01,2.058643e+01,2.057246e+01,2.067713e+01,2.059340e+01,2.052358e+01,2.055850e+01,2.069805e+01,2.064225e+01,2.048865e+01,2.061434e+01,2.052358e+01,2.048166e+01,2.060039e+01,2.057246e+01,2.048166e+01,2.056548e+01,2.052358e+01,2.053755e+01,2.048166e+01,2.054453e+01,2.061434e+01,2.058643e+01,2.062132e+01,2.059340e+01,2.059340e+01,2.057944e+01,2.048865e+01,2.051660e+01,2.058643e+01,2.052358e+01,2.062830e+01,2.059340e+01,2.064225e+01,2.060039e+01,2.056548e+01,2.055152e+01,2.059340e+01,2.063528e+01,2.058643e+01,2.050262e+01,2.058643e+01,2.050961e+01,2.054453e+01,2.064225e+01,2.060736e+01,2.057246e+01,2.063528e+01,2.044672e+01,2.048865e+01,2.062830e+01,2.054453e+01,2.064923e+01,2.053755e+01,2.045371e+01,2.057246e+01,2.053755e+01,2.054453e+01,2.046070e+01,2.050961e+01,2.057944e+01,2.059340e+01,2.057944e+01,2.055850e+01,2.044672e+01,2.046070e+01,2.046769e+01,2.045371e+01,2.055152e+01,2.058643e+01,2.055152e+01,2.044672e+01,2.057246e+01,2.048865e+01,2.059340e+01,2.055850e+01,2.052358e+01,2.050262e+01,2.054453e+01,2.050262e+01,2.056548e+01,2.040477e+01,2.041875e+01,2.040477e+01,2.067016e+01,2.043973e+01,2.044672e+01,2.058643e+01,2.056548e+01,2.039778e+01,2.048865e+01,2.046070e+01,2.036980e+01,2.060736e+01,2.048166e+01,2.041875e+01,2.044672e+01,2.047468e+01,2.044672e+01,2.044672e+01,2.048166e+01,2.048865e+01,2.049564e+01,2.043274e+01,2.047468e+01,2.045371e+01,2.050262e+01,2.052358e+01,2.055850e+01,2.064225e+01,2.053057e+01,2.061434e+01,2.045371e+01,2.049564e+01,2.050262e+01,2.057246e+01,2.046070e+01,2.044672e+01,2.057944e+01,2.056548e+01,2.046070e+01,2.041176e+01,2.041176e+01,2.050961e+01,2.067016e+01,2.043274e+01,2.053755e+01,2.050961e+01,2.050262e+01,2.046070e+01,2.053755e+01,2.042575e+01,2.041176e+01,2.036280e+01,2.048865e+01,2.057246e+01,2.067016e+01,2.050961e+01,2.053057e+01,2.050961e+01,2.054453e+01,2.053057e+01,2.050262e+01,2.057246e+01,2.064923e+01,2.066318e+01,2.050262e+01,2.057944e+01,2.057944e+01,2.049564e+01,2.060736e+01,2.058643e+01,2.060736e+01,2.060039e+01,2.053755e+01,2.059340e+01,2.048166e+01,2.050262e+01,2.057246e+01,2.064225e+01,2.059340e+01,2.054453e+01,2.060736e+01,2.062132e+01,2.062132e+01,2.059340e+01,2.045371e+01,2.062132e+01,2.043973e+01,2.059340e+01,2.067713e+01,2.062132e+01,2.055152e+01,2.066318e+01,2.066318e+01,2.063528e+01,2.071897e+01,2.064923e+01,2.067016e+01,2.062830e+01,2.061434e+01,2.051660e+01,2.055850e+01,2.062132e+01,2.061434e+01,2.061434e+01,2.054453e+01,2.055850e+01,2.055152e+01,2.054453e+01,2.058643e+01,2.055850e+01,2.062830e+01,2.048865e+01,2.075382e+01,2.053057e+01,2.067016e+01,2.056548e+01
2.050961e+01,2.064225e+01,2.051660e+01,2.057246e+01,2.053057e+01,2.055850e+01,2.048166e+01,2.056548e+01,2.059340e+01,2.045371e+01,2.043274e+01,2.059340e+01,2.043274e+01,2.041875e+01,2.047468e+01,2.043274e+01,2.045371e+01,2.058643e+01,2.059340e+01,2.055850e+01,2.043973e+01,2.057944e+01,2.034881e+01,2.034881e+01,2.036980e+01,2.045371e+01,2.050262e+01,2.032082e+01,2.041176e+01,2.048166e+01,2.051660e+01,2.048865e+01,2.036280e+01,2.053755e+01,2.053057e+01,2.048166e+01,2.050961e+01,2.048166e+01,2.039078e+01,2.040477e+01,2.035581e+01,2.039778e+01,2.032782e+01,2.046769e+01,2.039778e+01,2.041875e+01,2.051660e+01,2.041176e+01,2.046769e+01,2.042575e+01,2.041176e+01,2.047468e+01,2.039778e+01,2.045371e+01,2.041176e+01,2.057944e+01,2.040477e+01,2.036980e+01,2.056548e+01,2.048865e+01,2.062830e+01,2.047468e+01,2.067016e+01,2.051660e+01,2.061434e+01,2.068410e+01,2.063528e+01,2.062830e+01,2.078169e+01,2.071200e+01,2.067713e+01,2.068410e+01,2.069108e+01,2.066318e+01,2.066318e+01,2.065621e+01,2.065621e+01,2.074685e+01,2.069805e+01,2.065621e+01,2.080259e+01,2.065621e+01,2.067713e+01,2.073291e+01,2.065621e+01,2.061434e+01,2.053755e+01,2.056548e+01,2.060039e+01,2.054453e+01,2.057246e+01,2.061434e+01,2.058643e+01,2.076775e+01,2.064225e+01,2.064923e+01,2.064923e+01,2.068410e+01,2.051660e+01,2.064923e+01,2.081652e+01,2.073988e+01,2.060039e+01,2.067016e+01,2.051660e+01,2.064923e+01,2.052358e+01,2.057246e+01,2.048865e+01,2.050262e+01,2.052358e+01,2.056548e+01,2.055152e+01,2.039778e+01,2.049564e+01,2.060736e+01,2.046070e+01,2.045371e+01,2.041875e+01,2.041176e+01,2.034881e+01,2.049564e+01,2.051660e+01,2.048865e+01,2.049564e+01,2.050961e+01,2.044672e+01,2.046769e+01,2.053057e+01,2.050262e+01,2.040477e+01,2.041176e+01,2.043274e+01,2.046070e+01,2.050262e+01,2.062830e+01,2.050961e+01,2.045371e+01,2.040477e+01,2.042575e+01,2.057944e+01,2.043973e+01,2.049564e+01,2.054453e+01,2.053057e+01,2.053755e+01,2.053755e+01,2.053057e+01,2.058643e+01,2.051660e+01,2.057944e+01,2.045371e+01,2.044672e+01,2.052358e+01,2.052358e+01,2.039078e+01,2.052358e+01,2.052358e+01,2.050262e+01,2.055850e+01,2.051660e+01,2.050262e+01,2.043973e+01,2.052358e+01,2.048865e+01,2.046769e+01,2.045371e+01,2.051660e+01,2.057944e+01,2.051660e+01,2.053755e+01,2.043274e+01,2.051660e+01,2.054453e+01,2.053755e+01,2.037679e+01,2.055152e+01,2.046070e+01,2.043274e+01,2.047468e+01,2.046769e+01,2.057246e+01,2.053057e+01,2.046070e+01,2.036980e+01,2.049564e+01,2.041176e+01,2.050262e+01,2.048166e+01,2.048865e+01,2.050961e+01,2.050961e+01,2.041176e+01,2.057246e+01,2.036980e+01,2.050961e+01,2.048865e+01,2.046769e+01,2.044672e+01,2.046070e+01,2.047468e+01,2.050961e+01,2.041176e+01,2.053057e+01,2.045371e+01,2.045371e+01,2.047468e+01,2.046769e+01,2.046070e+01,2.049564e+01,2.048865e+01,2.038379e+01,2.039778e+01,2.036980e+01,2.048166e+01,2.041875e+01,2.050262e+01,2.041875e+01,2.041875e+01,2.050961e+01,2.041875e+01,2.041176e+01,2.044672e+01,2.047468e+01,2.043973e+01,2.041875e+01,2.042575e+01,2.040477e+01,2.039778e+01,2.053057e+01,2.039078e+01,2.048865e+01,2.047468e+01,2.040477e+01,2.047468e+01,2.045371e+01,2.046769e+01,2.050961e+01,2.043973e+01,2.048166e+01,2.050262e+01,2.049564e+01,2.046070e+01,2.045371e+01,2.049564e+01,2.045371e+01,2.046070e+01,2.041875e+01,2.042575e+01,2.047468e+01,2.047468e+01,2.048166e+01,2.042575e+01,2.043973e+01,2.041176e+01,2.042575e+01,2.041875e+01,2.039778e+01,2.040477e+01,2.044672e+01,2.045371e+01,2.044672e+01,2.046769e+01,2.046070e+01,2.049564e+01,2.050961e+01,2.046070e+01,2.046769e+01,2.046769e+01,2.041875e+01,2.045371e+01,2.047468e+01,2.041875e+01,2.040477e+01,2.048166e+01,2.034881e+01,2.033481e+01,2.039078e+01,2.043274e+01,2.043973e+01,2.053057e+01,2.051660e+01,2.043973e+01,2.045371e+01,2.042575e+01,2.039778e+01,2.039078e+01,2.042575e+01,2.042575e+01,2.039078e+01,2.040477e+01,2.043274e+01,2.062132e+01,2.046769e+01,2.037679e+01,2.059340e+01,2.052358e+01,2.057944e+01,2.062830e+01,2.051660e+01,2.057246e+01,2.062830e+01,2.061434e+01,2.048166e+01,2.044672e+01,2.036980e+01,2.055850e+01,2.046769e+01,2.041875e+01,2.049564e+01,2.058643e+01,2.056548e+01,2.053057e+01,2.046769e+01,2.052358e+01,2.043274e+01,2.043274e+01,2.043973e+01,2.040477e+01,2.051660e+01,2.044672e+01,2.053057e+01,2.047468e+01,2.048166e+01,2.043973e+01,2.048865e+01,2.039078e+01,2.047468e+01,2.051660e+01,2.050961e+01,2.048865e+01,2.052358e+01,2.050262e+01,2.061434e+01,2.061434e+01,2.059340e+01,2.036280e+01,2.039078e+01,2.046769e+01,2.042575e+01,2.043973e+01,2.039778e+01,2.052358e+01,2.046070e+01,2.050262e+01,2.048166e+01,2.039778e+01,2.047468e+01,2.043274e+01,2.043274e+01,2.038379e+01,2.042575e+01,2.036280e+01,2.046070e+01,2.057246e+01,2.043973e+01,2.030682e+01,2.046769e+01,2.047468e+01,2.041176e+01,2.046769e+01,2.047468e+01,2.046769e+01,2.043973e+01,2.043274e+01,2.046769e+01,2.045371e+01,2.045371e+01,2.050262e+01,2.049564e+01,2.053755e+01,2.050961e+01,2.050262e+01,2.051660e+01,2.043274e+01,2.057246e+01,2.055152e+01,2.046769e+01,2.046769e+01,2.048166e+01,2.056548e+01,2.046769e+01,2.055850e+01,2.048865e+01,2.050262e+01,2.056548e+01,2.052358e+01,2.055850e+01,2.052358e+01,2.052358e+01,2.050961e+01,2.053057e+01,2.053057e+01,2.054453e+01,2.048865e+01,2.056548e+01,2.057246e+01,2.056548e+01,2.053057e+01,2.054453e+01,2.053755e+01,2.049564e+01,2.048166e+01,2.056548e+01,2.047468e+01,2.057246e+01,2.047468e+01,2.046070e+01,2.051660e+01,2.057246e+01,2.052358e+01,2.060736e+01,2.055152e+01,2.057246e+01,2.060039e+01,2.059340e+01,2.058643e+01,2.057944e+01,2.056548e+01,2.044672e+01,2.054453e+01,2.050961e+01,2.055850e+01,2.051660e+01,2.055152e+01,2.050262e+01,2.065621e+01,2.071897e+01,2.049564e+01,2.068410e+01,2.065621e+01,2.058643e+01,2.053755e+01,2.054453e+01,2.057246e+01,2.055152e+01,2.060039e+01,2.060039e+01,2.057246e+01,2.052358e+01,2.057246e+01,2.054453e+01,2.053057e+01,2.067016e+01,2.064225e+01,2.056548e+01,2.059340e+01,2.057246e+01,2.043274e+01,2.070502e+01,2.039778e+01,2.052358e+01,2.048865e+01,2.052358e+01,2.058643e+01,2.057246e+01,2.049564e+01,2.053755e+01,2.050961e+01,2.053057e+01,2.055850e+01,2.051660e+01,2.054453e+01,2.056548e+01,2.060039e+01,2.053755e+01,2.055850e+01,2.058643e+01,2.059340e+01,2.054453e+01,2.058643e+01,2.064225e+01,2.047468e+01,2.049564e+01,2.052358e+01,2.047468e+01,2.050961e+01,2.058643e+01,2.050961e+01,2.064225e+01,2.060736e+01,2.055850e+01,2.056548e+01,2.057944e+01,2.056548e+01,2.052358e+01,2.048865e+01,2.059340e+01,2.046070e+01,2.061434e+01,2.061434e+01,2.065621e+01,2.053755e+01,2.060039e+01,2.055152e+01,2.059340e+01,2.056548e+01,2.055152e+01,2.051660e+01,2.046070e+01,2.047468e+01,2.048865e+01,2.049564e+01,2.053057e+01,2.053057e+01,2.050262e+01,2.049564e+01,2.048166e+01,2.043973e+01,2.050262e+01,2.034881e+01,2.051660e+01,2.053057e+01,2.041176e+01,2.051660e+01,2.050262e+01,2.055152e+01,2.052358e+01,2.051660e+01,2.049564e+01,2.047468e+01,2.053057e+01,2.048166e+01,2.054453e+01,2.046070e+01,2.046070e+01,2.054453e+01,2.058643e+01,2.053057e+01,2.052358e+01,2.043973e+01,2.046769e+01,2.050961e+01,2.041176e+01,2.046070e+01,2.036980e+01,2.055152e+01,2.055152e+01,2.048166e+01,2.047468e+01,2.046769e+01,2.051660e+01,2.053057e+01,2.051660e+01,2.048166e+01,2.049564e+01,2.041875e+01,2.045371e+01,2.045371e+01,2.047468e+01,2.045371e+01,2.047468e+01,2.052358e+01,2.046070e+01,2.050262e+01,2.039078e+01,2.056548e+01,2.048865e+01,2.048865e+01,2.059340e+01,2.063528e+01,2.037679e+01,2.051660e+01,2.051660e+01,2.040477e+01,2.041875e+01,2.053057e+01,2.051660e+01,2.050262e+01,2.045371e+01,2.047468e+01,2.056548e+01,2.050961e+01,2.055152e+01,2.044672e+01,2.059340e+01,2.050961e+01,2.051660e+01,2.050262e+01,2.068410e+01,2.064225e+01,2.063528e+01,2.070502e+01,2.060736e+01,2.059340e+01,2.067713e+01,2.062830e+01,2.067713e+01,2.063528e+01,2.051660e+01,2.050961e+01,2.060736e+01,2.057944e+01,2.062132e+01,2.053755e+01,2.053755e+01,2.057246e+01,2.056548e+01,2.054453e+01,2.048865e+01,2.053057e+01,2.055850e+01,2.052358e+01,2.053057e+01,2.046070e+01,2.051660e+01,2.060736e+01,2.049564e+01,2.067016e+01,2.062132e+01,2.060736e+01,2.061434e+01,2.062132e+01,2.056548e+01,2.057246e+01,2.062132e+01,2.043274e+01,2.064225e+01,2.062830e+01,2.057944e+01,2.057246e+01,2.057944e+01,2.062132e+01,2.060736e+01,2.060039e+01,2.060736e+01,2.063528e+01,2.055152e+01,2.050262e+01,2.061434e+01,2.065621e+01,2.056548e+01,2.048865e+01,2.057944e+01,2.057944e+01,2.055850e+01,2.073291e+01,2.069108e+01,2.048865e+01,2.060736e+01
2.078169e+01,2.050961e+01,2.057246e+01,2.058643e+01,2.060039e+01,2.050961e+01,2.062830e+01,2.050262e+01,2.047468e+01,2.044672e+01,2.050961e+01,2.042575e+01,2.043973e+01,2.041875e+01,2.039078e+01,2.044672e+01,2.049564e+01,2.054453e+01,2.038379e+01,2.049564e+01,2.054453e+01,2.060736e+01,2.039078e+01,2.051660e+01,2.041176e+01,2.049564e+01,2.063528e+01,2.048865e+01,2.036280e+01,2.057246e+01,2.040477e+01,2.055152e+01,2.048166e+01,2.055850e+01,2.044672e+01,2.039078e+01,2.048865e+01,2.039778e+01,2.045371e+01,2.043973e+01,2.040477e+01,2.041875e+01,2.037679e+01,2.038379e+01,2.039778e+01,2.042575e+01,2.048865e+01,2.044672e+01,2.048166e+01,2.042575e+01,2.039778e+01,2.040477e+01,2.039778e+01,2.041176e+01,2.041875e+01,2.036980e+01,2.032082e+01,2.047468e+01,2.045371e+01,2.058643e+01,2.045371e+01,2.050262e+01,2.060039e+01,2.055152e+01,2.067713e+01,2.060039e+01,2.062132e+01,2.064225e+01,2.069108e+01,2.064225e+01,2.069108e+01,2.072594e+01,2.065621e+01,2.064923e+01,2.064225e+01,2.060736e+01,2.062132e+01,2.068410e+01,2.058643e+01,2.058643e+01,2.074685e+01,2.071897e+01,2.075382e+01,2.069805e+01,2.050262e+01,2.054453e+01,2.067016e+01,2.056548e+01,2.053057e+01,2.046769e+01,2.064923e+01,2.064923e+01,2.069805e+01,2.057246e+01,2.064225e+01,2.053755e+01,2.061434e+01,2.067713e+01,2.057944e+01,2.055152e+01,2.053755e+01,2.050961e+01,2.051660e+01,2.042575e+01,2.053755e+01,2.036280e+01,2.036980e+01,2.053057e+01,2.041176e+01,2.057944e+01,2.045371e+01,2.053057e+01,2.054453e+01,2.057944e+01,2.056548e+01,2.043973e+01,2.045371e+01,2.048865e+01,2.049564e+01,2.048865e+01,2.043973e+01,2.046769e+01,2.051660e+01,2.048865e+01,2.047468e+01,2.044672e+01,2.048865e+01,2.046769e+01,2.046070e+01,2.039778e+01,2.060039e+01,2.043274e+01,2.042575e+01,2.039078e+01,2.036980e+01,2.043973e+01,2.043274e+01,2.036980e+01,2.049564e+01,2.053057e+01,2.043274e+01,2.039778e+01,2.043973e+01,2.057944e+01,2.058643e+01,2.043274e+01,2.041875e+01,2.049564e+01,2.039778e+01,2.059340e+01,2.046070e+01,2.048865e+01,2.053057e+01,2.045371e+01,2.057944e+01,2.041875e+01,2.048865e+01,2.049564e+01,2.042575e+01,2.053755e+01,2.041176e+01,2.046070e+01,2.050961e+01,2.045371e+01,2.047468e+01,2.042575e+01,2.048865e+01,2.043274e+01,2.047468e+01,2.051660e+01,2.044672e+01,2.049564e+01,2.052358e+01,2.055152e+01,2.055152e+01,2.039778e+01,2.048166e+01,2.041176e+01,2.043973e+01,2.045371e+01,2.047468e+01,2.049564e+01,2.049564e+01,2.054453e+01,2.050961e+01,2.051660e+01,2.057246e+01,2.052358e+01,2.049564e+01,2.044672e+01,2.051660e+01,2.050961e+01,2.048865e+01,2.051660e+01,2.052358e+01,2.043274e+01,2.038379e+01,2.054453e+01,2.044672e+01,2.053057e+01,2.041875e+01,2.046070e+01,2.046070e+01,2.045371e+01,2.045371e+01,2.055850e+01,2.044672e+01,2.042575e+01,2.055152e+01,2.045371e+01,2.041176e+01,2.055152e+01,2.035581e+01,2.034881e+01,2.055152e+01,2.042575e+01,2.044672e+01,2.053057e+01,2.046070e+01,2.037679e+01,2.040477e+01,2.046769e+01,2.046769e+01,2.042575e+01,2.052358e+01,2.046070e+01,2.040477e+01,2.041875e+01,2.041875e+01,2.046769e+01,2.045371e+01,2.041875e+01,2.047468e+01,2.056548e+01,2.057246e+01,2.046070e+01,2.053057e+01,2.048166e+01,2.046769e+01,2.039778e+01,2.048865e+01,2.048865e+01,2.046769e+01,2.052358e+01,2.050961e+01,2.042575e+01,2.042575e+01,2.045371e+01,2.043973e+01,2.042575e+01,2.046070e+01,2.040477e+01,2.043973e+01,2.048865e+01,2.041176e+01,2.038379e+01,2.039078e+01,2.043274e+01,2.046070e+01,2.043274e+01,2.042575e+01,2.040477e+01,2.043274e+01,2.045371e+01,2.048166e+01,2.044672e+01,2.042575e+01,2.048166e+01,2.044672e+01,2.045371e+01,2.046070e+01,2.044672e+01,2.045371e+01,2.050961e+01,2.039778e+01,2.039778e+01,2.044672e+01,2.041875e+01,2.041176e+01,2.036980e+01,2.046769e+01,2.041176e+01,2.039078e+01,2.048166e+01,2.043274e+01,2.036280e+01,2.039078e+01,2.041176e+01,2.042575e+01,2.038379e+01,2.038379e+01,2.046769e+01,2.034181e+01,2.038379e+01,2.046769e+01,2.047468e+01,2.043973e+01,2.055152e+01,2.057944e+01,2.054453e+01,2.056548e+01,2.059340e+01,2.055152e+01,2.060039e+01,2.050262e+01,2.047468e+01,2.047468e+01,2.041176e+01,2.044672e+01,2.050961e+01,2.053057e+01,2.054453e+01,2.046070e+01,2.049564e+01,2.050262e+01,2.056548e+01,2.043274e+01,2.052358e+01,2.056548e+01,2.032082e+01,2.046070e+01,2.046070e+01,2.048865e+01,2.047468e+01,2.048166e+01,2.039778e+01,2.041176e+01,2.041875e+01,2.041176e+01,2.048865e+01,2.043274e+01,2.034881e+01,2.040477e+01,2.041176e+01,2.057246e+01,2.034181e+01,2.042575e+01,2.046070e+01,2.028582e+01,2.043274e+01,2.049564e+01,2.053057e+01,2.045371e+01,2.046769e+01,2.042575e+01,2.044672e+01,2.039778e+01,2.046070e+01,2.053755e+01,2.043274e+01,2.042575e+01,2.043973e+01,2.041176e+01,2.039078e+01,2.046070e+01,2.039778e+01,2.048865e+01,2.046070e+01,2.046070e+01,2.057944e+01,2.061434e+01,2.051660e+01,2.040477e+01,2.044672e+01,2.044672e+01,2.049564e+01,2.042575e+01,2.041176e+01,2.044672e+01,2.050262e+01,2.046769e+01,2.053057e+01,2.038379e+01,2.048166e+01,2.056548e+01,2.044672e+01,2.053755e+01,2.039778e+01,2.041875e+01,2.049564e+01,2.042575e+01,2.039778e+01,2.045371e+01,2.042575e+01,2.048865e+01,2.057246e+01,2.041176e+01,2.043274e+01,2.053755e+01,2.060736e+01,2.050961e+01,2.050961e+01,2.051660e+01,2.048166e+01,2.046769e+01,2.050961e+01,2.036280e+01,2.051660e+01,2.049564e+01,2.039078e+01,2.050961e+01,2.050262e+01,2.056548e+01,2.055850e+01,2.049564e+01,2.053755e+01,2.055152e+01,2.049564e+01,2.053755e+01,2.061434e+01,2.056548e+01,2.057246e+01,2.064225e+01,2.056548e+01,2.048865e+01,2.058643e+01,2.062830e+01,2.062132e+01,2.058643e+01,2.053057e+01,2.054453e+01,2.050961e+01,2.054453e+01,2.059340e+01,2.050262e+01,2.053755e+01,2.054453e+01,2.054453e+01,2.050961e+01,2.050961e+01,2.064923e+01,2.060736e+01,2.054453e+01,2.056548e+01,2.055850e+01,2.067713e+01,2.058643e+01,2.057246e+01,2.057944e+01,2.045371e+01,2.055850e+01,2.047468e+01,2.062830e+01,2.052358e+01,2.062830e+01,2.053057e+01,2.064923e+01,2.066318e+01,2.046769e+01,2.066318e+01,2.062830e+01,2.052358e+01,2.054453e+01,2.055850e+01,2.052358e+01,2.055850e+01,2.058643e+01,2.056548e+01,2.069108e+01,2.062830e+01,2.053057e+01,2.053755e+01,2.060039e+01,2.063528e+01,2.059340e+01,2.061434e+01,2.056548e+01,2.049564e+01,2.053057e+01,2.060736e+01,2.056548e+01,2.054453e+01,2.053057e+01,2.064923e+01,2.044672e+01,2.048865e+01,2.062132e+01,2.057246e+01,2.050961e+01,2.055152e+01,2.050262e+01,2.060039e+01,2.060736e+01,2.053755e+01,2.052358e+01,2.056548e+01,2.060039e+01,2.057246e+01,2.054453e+01,2.057944e+01,2.057246e+01,2.048166e+01,2.053755e+01,2.053057e+01,2.053755e+01,2.052358e+01,2.050961e+01,2.057246e+01,2.049564e+01,2.045371e+01,2.046769e+01,2.049564e+01,2.050262e+01,2.050961e+01,2.050961e+01,2.054453e+01,2.053755e+01,2.048166e+01,2.055850e+01,2.051660e+01,2.050262e+01,2.049564e+01,2.043973e+01,2.047468e+01,2.048166e+01,2.050961e+01,2.046070e+01,2.048865e+01,2.043274e+01,2.046769e+01,2.046769e+01,2.046070e+01,2.062830e+01,2.060039e+01,2.057246e+01,2.060039e+01,2.056548e+01,2.051660e+01,2.048166e+01,2.048166e+01,2.051660e+01,2.050262e+01,2.049564e+01,2.046769e+01,2.043973e+01,2.041176e+01,2.046070e+01,2.045371e+01,2.047468e+01,2.044672e+01,2.043973e+01,2.052358e+01,2.054453e+01,2.050961e+01,2.053755e+01,2.058643e+01,2.053057e+01,2.044672e+01,2.053057e+01,2.047468e+01,2.053057e+01,2.046070e+01,2.051660e+01,2.050262e+01,2.048865e+01,2.048166e+01,2.048166e+01,2.046769e+01,2.063528e+01,2.043274e+01,2.062132e+01,2.059340e+01,2.041176e+01,2.041176e+01,2.050961e+01,2.048865e+01,2.046070e+01,2.050961e+01,2.045371e+01,2.048166e+01,2.043274e+01,2.055152e+01,2.064225e+01,2.055850e+01,2.052358e+01,2.055850e+01,2.047468e+01,2.051660e+01,2.051660e+01,2.049564e+01,2.066318e+01,2.073988e+01,2.063528e+01,2.057246e+01,2.055850e+01,2.064923e+01,2.064923e+01,2.057944e+01,2.060736e+01,2.061434e+01,2.045371e+01,2.041875e+01,2.048865e+01,2.058643e+01,2.057246e+01,2.059340e+01,2.057944e+01,2.059340e+01,2.057944e+01,2.041875e+01,2.040477e+01,2.066318e+01,2.045371e+01,2.076775e+01,2.048865e+01,2.049564e+01,2.060039e+01,2.052358e+01,2.063528e+01,2.060039e+01,2.049564e+01,2.053755e+01,2.049564e+01,2.043973e+01,2.046070e+01,2.046769e+01,2.063528e+01,2.069805e+01,2.060039e+01,2.047468e+01,2.064225e+01,2.060039e+01,2.063528e+01,2.045371e+01,2.056548e+01,2.060039e+01,2.055152e+01,2.059340e+01,2.066318e+01,2.052358e+01,2.055850e+01,2.058643e+01,2.057246e+01,2.043973e+01,2.048865e+01,2.060039e+01,2.049564e+01,2.055152e+01,2.057246e+01,2.057944e+01
2.058643e+01,2.050262e+01,2.048166e+01,2.059340e+01,2.050262e+01,2.049564e+01,2.050262e+01,2.043973e+01,2.049564e+01,2.058643e+01,2.053755e+01,2.055152e+01,2.045371e+01,2.043973e+01,2.045371e+01,2.043973e+01,2.035581e+01,2.059340e+01,2.050262e+01,2.039078e+01,2.059340e+01,2.051660e+01,2.048166e+01,2.033481e+01,2.039778e+01,2.045371e+01,2.036980e+01,2.061434e+01,2.049564e+01,2.041875e+01,2.038379e+01,2.044672e+01,2.050262e+01,2.053057e+01,2.053755e+01,2.040477e+01,2.046769e+01,2.044672e+01,2.042575e+01,2.035581e+01,2.041875e+01,2.041875e+01,2.035581e+01,2.037679e+01,2.043274e+01,2.039778e+01,2.042575e+01,2.051660e+01,2.043973e+01,2.049564e+01,2.050961e+01,2.040477e+01,2.041875e+01,2.050262e+01,2.041176e+01,2.041176e+01,2.043973e+01,2.044672e+01,2.051660e+01,2.048166e+01,2.048865e+01,2.040477e+01,2.045371e+01,2.052358e+01,2.057246e+01,2.057944e+01,2.063528e+01,2.064923e+01,2.065621e+01,2.076775e+01,2.068410e+01,2.064923e+01,2.064225e+01,2.064225e+01,2.064225e+01,2.062830e+01,2.067016e+01,2.064923e+01,2.064225e+01,2.062132e+01,2.064225e+01,2.069805e+01,2.067713e+01,2.066318e+01,2.062132e+01,2.054453e+01,2.041875e+01,2.053057e+01,2.041875e+01,2.055152e+01,2.050961e+01,2.060736e+01,2.060039e+01,2.052358e+01,2.051660e+01,2.056548e+01,2.048865e+01,2.045371e+01,2.038379e+01,2.053755e+01,2.051660e+01,2.042575e+01,2.052358e+01,2.039078e+01,2.048166e+01,2.054453e+01,2.036980e+01,2.053755e+01,2.054453e+01,2.045371e+01,2.052358e+01,2.039078e+01,2.053057e+01,2.039078e+01,2.043973e+01,2.050961e+01,2.051660e+01,2.047468e+01,2.036980e+01,2.045371e+01,2.040477e+01,2.042575e+01,2.041875e+01,2.050961e+01,2.051660e+01,2.055152e+01,2.029282e+01,2.044672e+01,2.045371e+01,2.043973e+01,2.055152e+01,2.046070e+01,2.048166e+01,2.046769e+01,2.041176e+01,2.042575e+01,2.048166e+01,2.042575e+01,2.046769e+01,2.045371e+01,2.053755e+01,2.043973e+01,2.043274e+01,2.055152e+01,2.055850e+01,2.057246e+01,2.035581e+01,2.057944e+01,2.048865e+01,2.044672e+01,2.055152e+01,2.047468e+01,2.034881e+01,2.041875e+01,2.039078e+01,2.052358e+01,2.041875e+01,2.046070e+01,2.055152e+01,2.053057e+01,2.044672e+01,2.037679e+01,2.043973e+01,2.048865e+01,2.045371e+01,2.049564e+01,2.049564e+01,2.039778e+01,2.046070e+01,2.050961e+01,2.046070e+01,2.047468e+01,2.048865e+01,2.048166e+01,2.055850e+01,2.049564e+01,2.043274e+01,2.050262e+01,2.043274e+01,2.046070e+01,2.056548e+01,2.046070e+01,2.053755e+01,2.046769e+01,2.056548e+01,2.050961e+01,2.053755e+01,2.048865e+01,2.050262e+01,2.053755e+01,2.053755e+01,2.052358e+01,2.052358e+01,2.039078e+01,2.039778e+01,2.057944e+01,2.047468e+01,2.046070e+01,2.044672e+01,2.041875e+01,2.045371e+01,2.053755e+01,2.042575e+01,2.041176e+01,2.048865e+01,2.048865e+01,2.046070e+01,2.045371e+01,2.044672e+01,2.048865e+01,2.041875e+01,2.052358e+01,2.058643e+01,2.036280e+01,2.057944e+01,2.048865e+01,2.051660e+01,2.060039e+01,2.046769e+01,2.046070e+01,2.039778e+01,2.037679e+01,2.051660e+01,2.048865e+01,2.042575e+01,2.041176e+01,2.041875e+01,2.041176e+01,2.043973e+01,2.053057e+01,2.046769e+01,2.041875e+01,2.048865e+01,2.043973e+01,2.043973e+01,2.047468e+01,2.045371e+01,2.036280e+01,2.045371e+01,2.053755e+01,2.052358e+01,2.052358e+01,2.039778e+01,2.038379e+01,2.052358e+01,2.046769e+01,2.046769e+01,2.041875e+01,2.039778e+01,2.044672e+01,2.044672e+01,2.045371e+01,2.042575e+01,2.043973e+01,2.034181e+01,2.041176e+01,2.042575e+01,2.042575e+01,2.043274e+01,2.043274e+01,2.043973e+01,2.044672e+01,2.046070e+01,2.048865e+01,2.044672e+01,2.043973e+01,2.049564e+01,2.043973e+01,2.044672e+01,2.050262e+01,2.044672e+01,2.055850e+01,2.050262e+01,2.042575e+01,2.038379e+01,2.035581e+01,2.042575e+01,2.037679e+01,2.042575e+01,2.044672e+01,2.048166e+01,2.038379e+01,2.046769e+01,2.043274e+01,2.032782e+01,2.042575e+01,2.044672e+01,2.041875e+01,2.041875e+01,2.039078e+01,2.041875e+01,2.050262e+01,2.037679e+01,2.045371e+01,2.051660e+01,2.051660e+01,2.048865e+01,2.045371e+01,2.055850e+01,2.052358e+01,2.047468e+01,2.058643e+01,2.047468e+01,2.054453e+01,2.057944e+01,2.058643e+01,2.045371e+01,2.035581e+01,2.041176e+01,2.041875e+01,2.038379e+01,2.047468e+01,2.032782e+01,2.053755e+01,2.046769e+01,2.046070e+01,2.046769e+01,2.044672e+01,2.045371e+01,2.041875e+01,2.049564e+01,2.050961e+01,2.043973e+01,2.037679e+01,2.050961e+01,2.037679e+01,2.050262e+01,2.046769e+01,2.048166e+01,2.048865e+01,2.039078e+01,2.041875e+01,2.036280e+01,2.040477e+01,2.046769e+01,2.042575e+01,2.035581e+01,2.035581e+01,2.048166e+01,2.048166e+01,2.046769e+01,2.037679e+01,2.046070e+01,2.049564e+01,2.046769e+01,2.027881e+01,2.029282e+01,2.039778e+01,2.053755e+01,2.044672e+01,2.042575e+01,2.044672e+01,2.047468e+01,2.046769e+01,2.041176e+01,2.036280e+01,2.046070e+01,2.046769e+01,2.044672e+01,2.044672e+01,2.049564e+01,2.039778e+01,2.043274e+01,2.044672e+01,2.055850e+01,2.041875e+01,2.041875e+01,2.048166e+01,2.048865e+01,2.046769e+01,2.051660e+01,2.051660e+01,2.042575e+01,2.048865e+01,2.038379e+01,2.050262e+01,2.046769e+01,2.043274e+01,2.046070e+01,2.050961e+01,2.053755e+01,2.046769e+01,2.052358e+01,2.048166e+01,2.052358e+01,2.055850e+01,2.050262e+01,2.055850e+01,2.048865e+01,2.055152e+01,2.041875e+01,2.048865e+01,2.055850e+01,2.047468e+01,2.052358e+01,2.056548e+01,2.054453e+01,2.054453e+01,2.051660e+01,2.051660e+01,2.049564e+01,2.053057e+01,2.055152e+01,2.057246e+01,2.056548e+01,2.057944e+01,2.058643e+01,2.058643e+01,2.053755e+01,2.066318e+01,2.055152e+01,2.064225e+01,2.046070e+01,2.057944e+01,2.058643e+01,2.062830e+01,2.062830e+01,2.063528e+01,2.055850e+01,2.040477e+01,2.056548e+01,2.055850e+01,2.050262e+01,2.051660e+01,2.048865e+01,2.053057e+01,2.055152e+01,2.059340e+01,2.058643e+01,2.054453e+01,2.064923e+01,2.060736e+01,2.053057e+01,2.052358e+01,2.053755e+01,2.062830e+01,2.059340e+01,2.057944e+01,2.057944e+01,2.055152e+01,2.048865e+01,2.067016e+01,2.055152e+01,2.055152e+01,2.051660e+01,2.052358e+01,2.066318e+01,2.040477e+01,2.063528e+01,2.061434e+01,2.061434e+01,2.058643e+01,2.046769e+01,2.059340e+01,2.053755e+01,2.053057e+01,2.053057e+01,2.052358e+01,2.049564e+01,2.053755e+01,2.049564e+01,2.065621e+01,2.060039e+01,2.049564e+01,2.057246e+01,2.057944e+01,2.056548e+01,2.055152e+01,2.056548e+01,2.050961e+01,2.045371e+01,2.057246e+01,2.057246e+01,2.057944e+01,2.057944e+01,2.055152e+01,2.062830e+01,2.054453e+01,2.056548e+01,2.055152e+01,2.053755e+01,2.057944e+01,2.059340e+01,2.046070e+01,2.057944e+01,2.055850e+01,2.058643e+01,2.047468e+01,2.053057e+01,2.046070e+01,2.055152e+01,2.053755e+01,2.055850e+01,2.055152e+01,2.051660e+01,2.033481e+01,2.046070e+01,2.058643e+01,2.055850e+01,2.053755e+01,2.048865e+01,2.051660e+01,2.044672e+01,2.051660e+01,2.050262e+01,2.053755e+01,2.048166e+01,2.047468e+01,2.052358e+01,2.053057e+01,2.043274e+01,2.041176e+01,2.042575e+01,2.058643e+01,2.032082e+01,2.053755e+01,2.049564e+01,2.049564e+01,2.045371e+01,2.044672e+01,2.043973e+01,2.041875e+01,2.046070e+01,2.054453e+01,2.062132e+01,2.051660e+01,2.048166e+01,2.045371e+01,2.054453e+01,2.051660e+01,2.041176e+01,2.042575e+01,2.039078e+01,2.049564e+01,2.046769e+01,2.045371e+01,2.038379e+01,2.055850e+01,2.043274e+01,2.046070e+01,2.043973e+01,2.050961e+01,2.049564e+01,2.048865e+01,2.050961e+01,2.053057e+01,2.055152e+01,2.055152e+01,2.053057e+01,2.053755e+01,2.055152e+01,2.059340e+01,2.052358e+01,2.055152e+01,2.053755e+01,2.048865e+01,2.045371e+01,2.057246e+01,2.064225e+01,2.059340e+01,2.056548e+01,2.039778e+01,2.053755e+01,2.049564e+01,2.050262e+01,2.050961e+01,2.049564e+01,2.053057e+01,2.067713e+01,2.046070e+01,2.045371e+01,2.050961e+01,2.052358e+01,2.054453e+01,2.057246e+01,2.057944e+01,2.046070e+01,2.058643e+01,2.044672e+01,2.049564e+01,2.052358e+01,2.065621e+01,2.055850e+01,2.059340e+01,2.060039e+01,2.064923e+01,2.060736e+01,2.053755e+01,2.064923e+01,2.055152e+01,2.048166e+01,2.046769e+01,2.056548e+01,2.058643e+01,2.059340e+01,2.057944e+01,2.060039e+01,2.054453e+01,2.063528e+01,2.062132e+01,2.052358e+01,2.060039e+01,2.078866e+01,2.047468e+01,2.053057e+01,2.060736e+01,2.061434e+01,2.066318e+01,2.067016e+01,2.064225e+01,2.065621e+01,2.054453e+01,2.069805e+01,2.062830e+01,2.051660e+01,2.053057e+01,2.047468e+01,2.067713e+01,2.074685e+01,2.049564e+01,2.066318e+01,2.050262e+01,2.062830e+01,2.055850e+01,2.067016e+01,2.056548e+01,2.054453e+01,2.051660e+01,2.062830e+01,2.060039e+01,2.052358e+01,2.061434e+01,2.069108e+01,2.051660e+01,2.048865e+01,2.058643e+01,2.062132e+01,2.053057e+01,2.057246e+01,2.060039e+01
2.051660e+01,2.064225e+01,2.061434e+01,2.051660e+01,2.045371e+01,2.059340e+01,2.048166e+01,2.048166e+01,2.045371e+01,2.042575e+01,2.046070e+01,2.043274e+01,2.034881e+01,2.050961e+01,2.030682e+01,2.047468e+01,2.052358e+01,2.040477e+01,2.047468e+01,2.041176e+01,2.041176e+01,2.050262e+01,2.043973e+01,2.034181e+01,2.058643e+01,2.039778e+01,2.041875e+01,2.042575e+01,2.044672e+01,2.037679e+01,2.025781e+01,2.045371e+01,2.055152e+01,2.041875e+01,2.041875e+01,2.039778e+01,2.040477e+01,2.042575e+01,2.043973e+01,2.041176e+01,2.053755e+01,2.038379e+01,2.039778e+01,2.041176e+01,2.039078e+01,2.041176e+01,2.053755e+01,2.045371e+01,2.043274e+01,2.048166e+01,2.046769e+01,2.042575e+01,2.040477e+01,2.043973e+01,2.040477e+01,2.056548e+01,2.046769e+01,2.043973e+01,2.052358e+01,2.029282e+01,2.046070e+01,2.046070e+01,2.036280e+01,2.035581e+01,2.062132e+01,2.062830e+01,2.078866e+01,2.059340e+01,2.059340e+01,2.069805e+01,2.066318e+01,2.062132e+01,2.080955e+01,2.061434e+01,2.053755e+01,2.068410e+01,2.071200e+01,2.070502e+01,2.071200e+01,2.067713e+01,2.071897e+01,2.069108e+01,2.064923e+01,2.064923e+01,2.067713e+01,2.061434e+01,2.051660e+01,2.050961e+01,2.059340e+01,2.051660e+01,2.046769e+01,2.045371e+01,2.034881e+01,2.046070e+01,2.041875e+01,2.055152e+01,2.053057e+01,2.061434e+01,2.034181e+01,2.046070e+01,2.043274e+01,2.040477e+01,2.038379e+01,2.038379e+01,2.043973e+01,2.046769e+01,2.039778e+01,2.050961e+01,2.035581e+01,2.049564e+01,2.044672e+01,2.043274e+01,2.043973e+01,2.041176e+01,2.043973e+01,2.046769e+01,2.048865e+01,2.048166e+01,2.043973e+01,2.047468e+01,2.049564e+01,2.048865e+01,2.047468e+01,2.053057e+01,2.043274e+01,2.044672e+01,2.043973e+01,2.048166e+01,2.046070e+01,2.052358e+01,2.051660e+01,2.036980e+01,2.049564e+01,2.037679e+01,2.049564e+01,2.052358e+01,2.042575e+01,2.043973e+01,2.056548e+01,2.043274e+01,2.055152e+01,2.049564e+01,2.046769e+01,2.052358e+01,2.046070e+01,2.048865e+01,2.050961e+01,2.049564e+01,2.048166e+01,2.056548e+01,2.047468e+01,2.055152e+01,2.043973e+01,2.055152e+01,2.030682e+01,2.055152e+01,2.041875e+01,2.060039e+01,2.058643e+01,2.057944e+01,2.055850e+01,2.059340e+01,2.049564e+01,2.050262e+01,2.047468e+01,2.045371e+01,2.052358e+01,2.053057e+01,2.048166e+01,2.046769e+01,2.050262e+01,2.043973e+01,2.053057e+01,2.056548e+01,2.053755e+01,2.050262e+01,2.046769e+01,2.046769e+01,2.048166e+01,2.046070e+01,2.046769e+01,2.046070e+01,2.058643e+01,2.053755e+01,2.041176e+01,2.041176e+01,2.053755e+01,2.046769e+01,2.064923e+01,2.029282e+01,2.041176e+01,2.037679e+01,2.058643e+01,2.050961e+01,2.055850e+01,2.048166e+01,2.048865e+01,2.043973e+01,2.044672e+01,2.039778e+01,2.043973e+01,2.041875e+01,2.048166e+01,2.040477e+01,2.050262e+01,2.046769e+01,2.042575e+01,2.046070e+01,2.043973e+01,2.041176e+01,2.041875e+01,2.039778e+01,2.050961e+01,2.045371e+01,2.050961e+01,2.050961e+01,2.046070e+01,2.041875e+01,2.046070e+01,2.043274e+01,2.043274e+01,2.044672e+01,2.043973e+01,2.046070e+01,2.040477e+01,2.049564e+01,2.040477e+01,2.041875e+01,2.039778e+01,2.039778e+01,2.056548e+01,2.034881e+01,2.055850e+01,2.035581e+01,2.034881e+01,2.043274e+01,2.042575e+01,2.045371e+01,2.042575e+01,2.055152e+01,2.048865e+01,2.043274e+01,2.051660e+01,2.039778e+01,2.046070e+01,2.036280e+01,2.042575e+01,2.046070e+01,2.060039e+01,2.044672e+01,2.042575e+01,2.036980e+01,2.031382e+01,2.043973e+01,2.032082e+01,2.041176e+01,2.045371e+01,2.043973e+01,2.036980e+01,2.040477e+01,2.050262e+01,2.064225e+01,2.046769e+01,2.053755e+01,2.043973e+01,2.046070e+01,2.049564e+01,2.041176e+01,2.044672e+01,2.043973e+01,2.042575e+01,2.052358e+01,2.041875e+01,2.040477e+01,2.044672e+01,2.046070e+01,2.040477e+01,2.039078e+01,2.041176e+01,2.045371e+01,2.043973e+01,2.042575e+01,2.034881e+01,2.038379e+01,2.045371e+01,2.041875e+01,2.045371e+01,2.044672e+01,2.042575e+01,2.042575e+01,2.033481e+01,2.036980e+01,2.050262e+01,2.047468e+01,2.048166e+01,2.055152e+01,2.048865e+01,2.044672e+01,2.057944e+01,2.057944e+01,2.050961e+01,2.053755e+01,2.052358e+01,2.049564e+01,2.055850e+01,2.043274e+01,2.040477e+01,2.041176e+01,2.042575e+01,2.055152e+01,2.040477e+01,2.050262e+01,2.046769e+01,2.049564e+01,2.047468e+01,2.046070e+01,2.046070e+01,2.045371e+01,2.042575e+01,2.049564e+01,2.046070e+01,2.046769e+01,2.047468e+01,2.048166e+01,2.046070e+01,2.049564e+01,2.049564e+01,2.043973e+01,2.044672e+01,2.049564e+01,2.035581e+01,2.041176e+01,2.043274e+01,2.041176e+01,2.041176e+01,2.049564e+01,2.036980e+01,2.046070e+01,2.041875e+01,2.037679e+01,2.046769e+01,2.039078e+01,2.042575e+01,2.044672e+01,2.041875e+01,2.045371e+01,2.039078e+01,2.038379e+01,2.037679e+01,2.038379e+01,2.041176e+01,2.053057e+01,2.043973e+01,2.042575e+01,2.048865e+01,2.046769e+01,2.034181e+01,2.047468e+01,2.048865e+01,2.050262e+01,2.049564e+01,2.057246e+01,2.031382e+01,2.040477e+01,2.041875e+01,2.041875e+01,2.039078e+01,2.042575e+01,2.048166e+01,2.044672e+01,2.043973e+01,2.046769e+01,2.051660e+01,2.052358e+01,2.049564e+01,2.050961e+01,2.051660e+01,2.055850e+01,2.044672e+01,2.049564e+01,2.043973e+01,2.048166e+01,2.049564e+01,2.050961e+01,2.046070e+01,2.049564e+01,2.043274e+01,2.048865e+01,2.055850e+01,2.052358e+01,2.044672e+01,2.041176e+01,2.053057e+01,2.040477e+01,2.056548e+01,2.050262e+01,2.062830e+01,2.053755e+01,2.060736e+01,2.053755e+01,2.055152e+01,2.054453e+01,2.053755e+01,2.060736e+01,2.057944e+01,2.049564e+01,2.048865e+01,2.048166e+01,2.053057e+01,2.060736e+01,2.040477e+01,2.059340e+01,2.055850e+01,2.056548e+01,2.057944e+01,2.056548e+01,2.061434e+01,2.062830e+01,2.053057e+01,2.050961e+01,2.054453e+01,2.048865e+01,2.051660e+01,2.050961e+01,2.050961e+01,2.051660e+01,2.052358e+01,2.060039e+01,2.069108e+01,2.055850e+01,2.063528e+01,2.056548e+01,2.065621e+01,2.063528e+01,2.053755e+01,2.054453e+01,2.057246e+01,2.057944e+01,2.055152e+01,2.053057e+01,2.049564e+01,2.048865e+01,2.050961e+01,2.050262e+01,2.057246e+01,2.050961e+01,2.052358e+01,2.063528e+01,2.055152e+01,2.050961e+01,2.051660e+01,2.046070e+01,2.060039e+01,2.048865e+01,2.051660e+01,2.049564e+01,2.057246e+01,2.059340e+01,2.051660e+01,2.067016e+01,2.053755e+01,2.055850e+01,2.048166e+01,2.055152e+01,2.064923e+01,2.060736e+01,2.057246e+01,2.059340e+01,2.056548e+01,2.049564e+01,2.054453e+01,2.054453e+01,2.056548e+01,2.046070e+01,2.058643e+01,2.055152e+01,2.064923e+01,2.062830e+01,2.055152e+01,2.053755e+01,2.057246e+01,2.049564e+01,2.052358e+01,2.057246e+01,2.053755e+01,2.046070e+01,2.050262e+01,2.057246e+01,2.057246e+01,2.051660e+01,2.042575e+01,2.052358e+01,2.048865e+01,2.050961e+01,2.056548e+01,2.055850e+01,2.054453e+01,2.051660e+01,2.051660e+01,2.056548e+01,2.049564e+01,2.048865e+01,2.051660e+01,2.049564e+01,2.050262e+01,2.053755e+01,2.055152e+01,2.053755e+01,2.048166e+01,2.050262e+01,2.050262e+01,2.042575e+01,2.046769e+01,2.050961e+01,2.033481e+01,2.042575e+01,2.050262e+01,2.036980e+01,2.043973e+01,2.043973e+01,2.058643e+01,2.045371e+01,2.044672e+01,2.047468e+01,2.061434e+01,2.053057e+01,2.055152e+01,2.050262e+01,2.052358e+01,2.043973e+01,2.049564e+01,2.050262e+01,2.043274e+01,2.049564e+01,2.047468e+01,2.057246e+01,2.052358e+01,2.047468e+01,2.046769e+01,2.046769e+01,2.060039e+01,2.041875e+01,2.049564e+01,2.055152e+01,2.040477e+01,2.043274e+01,2.042575e+01,2.039778e+01,2.057246e+01,2.067016e+01,2.053755e+01,2.047468e+01,2.055850e+01,2.053057e+01,2.049564e+01,2.050262e+01,2.050262e+01,2.053057e+01,2.048166e+01,2.055152e+01,2.058643e+01,2.060736e+01,2.060736e+01,2.059340e+01,2.048166e+01,2.050961e+01,2.053755e+01,2.053057e+01,2.045371e+01,2.043274e+01,2.054453e+01,2.050262e+01,2.041875e+01,2.049564e+01,2.054453e+01,2.057944e+01,2.052358e+01,2.048166e+01,2.060039e+01,2.051660e+01,2.050262e+01,2.064923e+01,2.063528e+01,2.044672e+01,2.066318e+01,2.060736e+01,2.052358e+01,2.051660e+01,2.049564e+01,2.048166e+01,2.035581e+01,2.057246e+01,2.043274e+01,2.058643e+01,2.057944e+01,2.055850e+01,2.046769e+01,2.055152e+01,2.064923e+01,2.057944e+01,2.060039e+01,2.059340e+01,2.062132e+01,2.046070e+01,2.053755e+01,2.055850e+01,2.060736e+01,2.063528e+01,2.061434e+01,2.056548e+01,2.060736e+01,2.051660e+01,2.056548e+01,2.066318e+01,2.064923e+01,2.048166e+01,2.061434e+01,2.051660e+01,2.055850e+01,2.062830e+01,2.063528e+01,2.047468e+01,2.072594e+01,2.048166e+01,2.056548e+01,2.069805e+01,2.063528e+01,2.063528e+01,2.057246e+01,2.055152e+01,2.060736e+01,2.062830e+01,2.060039e+01,2.064225e+01,2.050262e+01,2.053755e+01,2.056548e+01,2.052358e+01,2.056548e+01,2.062830e+01
2.048166e+01,2.051660e+01,2.048865e+01,2.055152e+01,2.045371e+01,2.036280e+01,2.062830e+01,2.049564e+01,2.043973e+01,2.044672e+01,2.046769e+01,2.048865e+01,2.039778e+01,2.057944e+01,2.048166e+01,2.035581e+01,2.039078e+01,2.056548e+01,2.040477e+01,2.041176e+01,2.039778e+01,2.039078e+01,2.038379e+01,2.043274e+01,2.036980e+01,2.038379e+01,2.042575e+01,2.042575e+01,2.042575e+01,2.032082e+01,2.022979e+01,2.038379e+01,2.025080e+01,2.041176e+01,2.040477e+01,2.041176e+01,2.041176e+01,2.042575e+01,2.041176e+01,2.041875e+01,2.014569e+01,2.038379e+01,2.045371e+01,2.037679e+01,2.041176e+01,2.039778e+01,2.037679e+01,2.038379e+01,2.042575e+01,2.041875e+01,2.041176e+01,2.037679e+01,2.043274e+01,2.044672e+01,2.041176e+01,2.044672e+01,2.034881e+01,2.031382e+01,2.046769e+01,2.055152e+01,2.037679e+01,2.048865e+01,2.046769e+01,2.047468e+01,2.055152e+01,2.063528e+01,2.070502e+01,2.056548e+01,2.066318e+01,2.067016e+01,2.064923e+01,2.064923e+01,2.067713e+01,2.066318e+01,2.070502e+01,2.061434e+01,2.059340e+01,2.071897e+01,2.069805e+01,2.071897e+01,2.073988e+01,2.068410e+01,2.065621e+01,2.073291e+01,2.063528e+01,2.071897e+01,2.064923e+01,2.050262e+01,2.058643e+01,2.047468e+01,2.046769e+01,2.048865e+01,2.043973e+01,2.047468e+01,2.044672e+01,2.049564e+01,2.050262e+01,2.044672e+01,2.043274e+01,2.048865e+01,2.048166e+01,2.039778e+01,2.047468e+01,2.043274e+01,2.041875e+01,2.044672e+01,2.037679e+01,2.053057e+01,2.046769e+01,2.044672e+01,2.042575e+01,2.041176e+01,2.053057e+01,2.050262e+01,2.045371e+01,2.048865e+01,2.050262e+01,2.047468e+01,2.044672e+01,2.048865e+01,2.039078e+01,2.042575e+01,2.048166e+01,2.040477e+01,2.046769e+01,2.040477e+01,2.043274e+01,2.041875e+01,2.046769e+01,2.039078e+01,2.051660e+01,2.048166e+01,2.041875e+01,2.046769e+01,2.052358e+01,2.048865e+01,2.053057e+01,2.054453e+01,2.051660e+01,2.053755e+01,2.055152e+01,2.053755e+01,2.052358e+01,2.047468e+01,2.050262e+01,2.051660e+01,2.048166e+01,2.062830e+01,2.050262e+01,2.034881e+01,2.044672e+01,2.043274e+01,2.047468e+01,2.053057e+01,2.057246e+01,2.053057e+01,2.041875e+01,2.054453e+01,2.050961e+01,2.050961e+01,2.057246e+01,2.063528e+01,2.061434e+01,2.044672e+01,2.048865e+01,2.048865e+01,2.042575e+01,2.048865e+01,2.051660e+01,2.049564e+01,2.051660e+01,2.050961e+01,2.046070e+01,2.053755e+01,2.049564e+01,2.053755e+01,2.054453e+01,2.048865e+01,2.057944e+01,2.047468e+01,2.050961e+01,2.046070e+01,2.052358e+01,2.046769e+01,2.047468e+01,2.046070e+01,2.055850e+01,2.053755e+01,2.050961e+01,2.052358e+01,2.041176e+01,2.052358e+01,2.048166e+01,2.055850e+01,2.049564e+01,2.052358e+01,2.043973e+01,2.052358e+01,2.048166e+01,2.040477e+01,2.044672e+01,2.052358e+01,2.038379e+01,2.041176e+01,2.041176e+01,2.043274e+01,2.050961e+01,2.042575e+01,2.050262e+01,2.041875e+01,2.043274e+01,2.041176e+01,2.050961e+01,2.037679e+01,2.040477e+01,2.045371e+01,2.049564e+01,2.039778e+01,2.046769e+01,2.045371e+01,2.044672e+01,2.047468e+01,2.039778e+01,2.044672e+01,2.049564e+01,2.038379e+01,2.038379e+01,2.043274e+01,2.048166e+01,2.047468e+01,2.045371e+01,2.043973e+01,2.041176e+01,2.043973e+01,2.050961e+01,2.047468e+01,2.039778e+01,2.035581e+01,2.039778e+01,2.053755e+01,2.049564e+01,2.047468e+01,2.050262e+01,2.048865e+01,2.037679e+01,2.042575e+01,2.048166e+01,2.043973e+01,2.046769e+01,2.051660e+01,2.038379e+01,2.045371e+01,2.046070e+01,2.038379e+01,2.040477e+01,2.039778e+01,2.046070e+01,2.043973e+01,2.043973e+01,2.048166e+01,2.046070e+01,2.057246e+01,2.050262e+01,2.046070e+01,2.050262e+01,2.039778e+01,2.046070e+01,2.041875e+01,2.046070e+01,2.042575e+01,2.042575e+01,2.053755e+01,2.038379e+01,2.040477e+01,2.043973e+01,2.045371e+01,2.039778e+01,2.035581e+01,2.045371e+01,2.045371e+01,2.042575e+01,2.039078e+01,2.041875e+01,2.039078e+01,2.044672e+01,2.048166e+01,2.045371e+01,2.045371e+01,2.044672e+01,2.066318e+01,2.050262e+01,2.049564e+01,2.038379e+01,2.041176e+01,2.065621e+01,2.056548e+01,2.050262e+01,2.058643e+01,2.055850e+01,2.064923e+01,2.053057e+01,2.058643e+01,2.054453e+01,2.049564e+01,2.050961e+01,2.045371e+01,2.056548e+01,2.044672e+01,2.041875e+01,2.043973e+01,2.039078e+01,2.041875e+01,2.047468e+01,2.047468e+01,2.046769e+01,2.048166e+01,2.048865e+01,2.050961e+01,2.047468e+01,2.046070e+01,2.043973e+01,2.041176e+01,2.046070e+01,2.046070e+01,2.049564e+01,2.041875e+01,2.046070e+01,2.045371e+01,2.048166e+01,2.038379e+01,2.046769e+01,2.046070e+01,2.047468e+01,2.041176e+01,2.043973e+01,2.041875e+01,2.044672e+01,2.045371e+01,2.046769e+01,2.046070e+01,2.043973e+01,2.044672e+01,2.049564e+01,2.040477e+01,2.036980e+01,2.041875e+01,2.046769e+01,2.036280e+01,2.032782e+01,2.039078e+01,2.046070e+01,2.042575e+01,2.036980e+01,2.034881e+01,2.037679e+01,2.048865e+01,2.045371e+01,2.044672e+01,2.046070e+01,2.046769e+01,2.043274e+01,2.048166e+01,2.042575e+01,2.042575e+01,2.042575e+01,2.043274e+01,2.038379e+01,2.047468e+01,2.045371e+01,2.055850e+01,2.044672e+01,2.043973e+01,2.051660e+01,2.048166e+01,2.043274e+01,2.046769e+01,2.060039e+01,2.039778e+01,2.036980e+01,2.047468e+01,2.048166e+01,2.045371e+01,2.049564e+01,2.062830e+01,2.048166e+01,2.046769e+01,2.064225e+01,2.043973e+01,2.054453e+01,2.049564e+01,2.042575e+01,2.056548e+01,2.042575e+01,2.048166e+01,2.054453e+01,2.048865e+01,2.052358e+01,2.040477e+01,2.057944e+01,2.055152e+01,2.050961e+01,2.056548e+01,2.057246e+01,2.062132e+01,2.063528e+01,2.053755e+01,2.052358e+01,2.055152e+01,2.057246e+01,2.055850e+01,2.051660e+01,2.061434e+01,2.044672e+01,2.052358e+01,2.060039e+01,2.060736e+01,2.060736e+01,2.060736e+01,2.055152e+01,2.056548e+01,2.054453e+01,2.056548e+01,2.060039e+01,2.045371e+01,2.046070e+01,2.053755e+01,2.060039e+01,2.052358e+01,2.053057e+01,2.056548e+01,2.066318e+01,2.064225e+01,2.058643e+01,2.060039e+01,2.059340e+01,2.053755e+01,2.056548e+01,2.054453e+01,2.057246e+01,2.053057e+01,2.055152e+01,2.046070e+01,2.060736e+01,2.051660e+01,2.061434e+01,2.048166e+01,2.057246e+01,2.060736e+01,2.060039e+01,2.062132e+01,2.056548e+01,2.057944e+01,2.053755e+01,2.067016e+01,2.053057e+01,2.049564e+01,2.065621e+01,2.061434e+01,2.056548e+01,2.064923e+01,2.055850e+01,2.058643e+01,2.052358e+01,2.060736e+01,2.055850e+01,2.056548e+01,2.057246e+01,2.055850e+01,2.053057e+01,2.048865e+01,2.058643e+01,2.056548e+01,2.062132e+01,2.053755e+01,2.057944e+01,2.055850e+01,2.050262e+01,2.054453e+01,2.059340e+01,2.051660e+01,2.050262e+01,2.050961e+01,2.053057e+01,2.057944e+01,2.058643e+01,2.063528e+01,2.056548e+01,2.043973e+01,2.061434e+01,2.053755e+01,2.055850e+01,2.052358e+01,2.048865e+01,2.056548e+01,2.060039e+01,2.050961e+01,2.047468e+01,2.050262e+01,2.060736e+01,2.050262e+01,2.050262e+01,2.050262e+01,2.052358e+01,2.050961e+01,2.048865e+01,2.048865e+01,2.052358e+01,2.056548e+01,2.047468e+01,2.046769e+01,2.039078e+01,2.050262e+01,2.048865e+01,2.052358e+01,2.058643e+01,2.046769e+01,2.043973e+01,2.036980e+01,2.053755e+01,2.055850e+01,2.062830e+01,2.046070e+01,2.043973e+01,2.050961e+01,2.055850e+01,2.045371e+01,2.056548e+01,2.043973e+01,2.055152e+01,2.055152e+01,2.050961e+01,2.039078e+01,2.050262e+01,2.050262e+01,2.052358e+01,2.052358e+01,2.048865e+01,2.052358e+01,2.057246e+01,2.060039e+01,2.055152e+01,2.046070e+01,2.048166e+01,2.049564e+01,2.053057e+01,2.039078e+01,2.055850e+01,2.059340e+01,2.052358e+01,2.040477e+01,2.049564e+01,2.046769e+01,2.054453e+01,2.047468e+01,2.048166e+01,2.055152e+01,2.053057e+01,2.057944e+01,2.053755e+01,2.053755e+01,2.053755e+01,2.053057e+01,2.055850e+01,2.050262e+01,2.051660e+01,2.046070e+01,2.045371e+01,2.048166e+01,2.048865e+01,2.053057e+01,2.046070e+01,2.044672e+01,2.052358e+01,2.052358e+01,2.053755e+01,2.041176e+01,2.056548e+01,2.059340e+01,2.053057e+01,2.057944e+01,2.065621e+01,2.062830e+01,2.064923e+01,2.062830e+01,2.067016e+01,2.055152e+01,2.053057e+01,2.079562e+01,2.064923e+01,2.061434e+01,2.067713e+01,2.051660e+01,2.034181e+01,2.056548e+01,2.055850e+01,2.076079e+01,2.059340e+01,2.062132e+01,2.055850e+01,2.059340e+01,2.057944e+01,2.062830e+01,2.053057e+01,2.039078e+01,2.055850e+01,2.055850e+01,2.059340e+01,2.060039e+01,2.057246e+01,2.063528e+01,2.061434e+01,2.061434e+01,2.050961e+01,2.062830e+01,2.060736e+01,2.065621e+01,2.055850e+01,2.060039e+01,2.064923e+01,2.051660e+01,2.063528e+01,2.061434e+01,2.066318e+01,2.070502e+01,2.066318e+01,2.050961e+01,2.055152e+01,2.055850e+01,2.057246e+01,2.053755e+01,2.053755e+01,2.049564e+01,2.053057e+01,2.050262e+01,2.048166e+01,2.057944e+01,2.061434e+01,2.055152e+01,2.062830e+01,2.055850e+01
2.051660e+01,2.055152e+01,2.043973e+01,2.049564e+01,2.051660e+01,2.045371e+01,2.055152e+01,2.046769e+01,2.041176e+01,2.044672e+01,2.050262e+01,2.055850e+01,2.041875e+01,2.040477e+01,2.036280e+01,2.037679e+01,2.046070e+01,2.039078e+01,2.039778e+01,2.036980e+01,2.039778e+01,2.041176e+01,2.055152e+01,2.053057e+01,2.037679e+01,2.033481e+01,2.035581e+01,2.046769e+01,2.041176e+01,2.037679e+01,2.048166e+01,2.039778e+01,2.036980e+01,2.038379e+01,2.040477e+01,2.040477e+01,2.041176e+01,2.041176e+01,2.038379e+01,2.038379e+01,2.036980e+01,2.040477e+01,2.041875e+01,2.042575e+01,2.044672e+01,2.036980e+01,2.028582e+01,2.041875e+01,2.053755e+01,2.041176e+01,2.037679e+01,2.038379e+01,2.039078e+01,2.037679e+01,2.041875e+01,2.042575e+01,2.048166e+01,2.039078e+01,2.051660e+01,2.052358e+01,2.057944e+01,2.034181e+01,2.054453e+01,2.044672e+01,2.058643e+01,2.062132e+01,2.057944e+01,2.056548e+01,2.060039e+01,2.062830e+01,2.067713e+01,2.071200e+01,2.062132e+01,2.071897e+01,2.066318e+01,2.056548e+01,2.066318e+01,2.065621e+01,2.064225e+01,2.070502e+01,2.069805e+01,2.064923e+01,2.073988e+01,2.070502e+01,2.066318e+01,2.061434e+01,2.062132e+01,2.053755e+01,2.064923e+01,2.046769e+01,2.050961e+01,2.040477e+01,2.041176e+01,2.056548e+01,2.053057e+01,2.050262e+01,2.045371e+01,2.043973e+01,2.040477e+01,2.042575e+01,2.043274e+01,2.045371e+01,2.040477e+01,2.040477e+01,2.044672e+01,2.043274e+01,2.050262e+01,2.039078e+01,2.052358e+01,2.040477e+01,2.050961e+01,2.044672e+01,2.046769e+01,2.046769e+01,2.044672e+01,2.043274e+01,2.039078e+01,2.058643e+01,2.051660e+01,2.041176e+01,2.048865e+01,2.043973e+01,2.047468e+01,2.049564e+01,2.050262e+01,2.053755e+01,2.032782e+01,2.049564e+01,2.043973e+01,2.047468e+01,2.039078e+01,2.042575e+01,2.051660e+01,2.048166e+01,2.046070e+01,2.051660e+01,2.053057e+01,2.053755e+01,2.043973e+01,2.041875e+01,2.053755e+01,2.071897e+01,2.048865e+01,2.046070e+01,2.039778e+01,2.046070e+01,2.057944e+01,2.054453e+01,2.055152e+01,2.054453e+01,2.062830e+01,2.060039e+01,2.054453e+01,2.060039e+01,2.052358e+01,2.051660e+01,2.054453e+01,2.052358e+01,2.053755e+01,2.046070e+01,2.059340e+01,2.062830e+01,2.045371e+01,2.048865e+01,2.044672e+01,2.046769e+01,2.048865e+01,2.052358e+01,2.049564e+01,2.049564e+01,2.044672e+01,2.036980e+01,2.036280e+01,2.041875e+01,2.048166e+01,2.055152e+01,2.052358e+01,2.049564e+01,2.054453e+01,2.048865e+01,2.046769e+01,2.050961e+01,2.046769e+01,2.048166e+01,2.040477e+01,2.046769e+01,2.046769e+01,2.050262e+01,2.054453e+01,2.054453e+01,2.048865e+01,2.039778e+01,2.046769e+01,2.051660e+01,2.054453e+01,2.044672e+01,2.050262e+01,2.048865e+01,2.048166e+01,2.042575e+01,2.046769e+01,2.037679e+01,2.046070e+01,2.044672e+01,2.043973e+01,2.049564e+01,2.053057e+01,2.040477e+01,2.041176e+01,2.042575e+01,2.045371e+01,2.048166e+01,2.039778e+01,2.041176e+01,2.049564e+01,2.047468e+01,2.060736e+01,2.048166e+01,2.041176e+01,2.043973e+01,2.039778e+01,2.042575e+01,2.040477e+01,2.039778e+01,2.048166e+01,2.041176e+01,2.046769e+01,2.053755e+01,2.053057e+01,2.039078e+01,2.050961e+01,2.046070e+01,2.034181e+01,2.050961e+01,2.043973e+01,2.047468e+01,2.048166e+01,2.043973e+01,2.042575e+01,2.046769e+01,2.048865e+01,2.050262e+01,2.043973e+01,2.048166e+01,2.046769e+01,2.043973e+01,2.039778e+01,2.049564e+01,2.036980e+01,2.039778e+01,2.035581e+01,2.041875e+01,2.037679e+01,2.057246e+01,2.040477e+01,2.046070e+01,2.046769e+01,2.048865e+01,2.047468e+01,2.045371e+01,2.042575e+01,2.049564e+01,2.043274e+01,2.050262e+01,2.046769e+01,2.046070e+01,2.046070e+01,2.046070e+01,2.045371e+01,2.039778e+01,2.048865e+01,2.041176e+01,2.041875e+01,2.045371e+01,2.043973e+01,2.044672e+01,2.045371e+01,2.039078e+01,2.041176e+01,2.036280e+01,2.034181e+01,2.044672e+01,2.043973e+01,2.041875e+01,2.043274e+01,2.041176e+01,2.047468e+01,2.041875e+01,2.039078e+01,2.041875e+01,2.041875e+01,2.039778e+01,2.039778e+01,2.038379e+01,2.050262e+01,2.056548e+01,2.039078e+01,2.060039e+01,2.053057e+01,2.060736e+01,2.060736e+01,2.053057e+01,2.064923e+01,2.050961e+01,2.046769e+01,2.050262e+01,2.056548e+01,2.037679e+01,2.051660e+01,2.044672e+01,2.044672e+01,2.041875e+01,2.050961e+01,2.044672e+01,2.046769e+01,2.046769e+01,2.042575e+01,2.050262e+01,2.050262e+01,2.051660e+01,2.044672e+01,2.046769e+01,2.047468e+01,2.039778e+01,2.037679e+01,2.043274e+01,2.037679e+01,2.041176e+01,2.039778e+01,2.037679e+01,2.035581e+01,2.042575e+01,2.036980e+01,2.047468e+01,2.039078e+01,2.046070e+01,2.045371e+01,2.035581e+01,2.042575e+01,2.039078e+01,2.040477e+01,2.043274e+01,2.047468e+01,2.045371e+01,2.033481e+01,2.045371e+01,2.032782e+01,2.036280e+01,2.046769e+01,2.033481e+01,2.039078e+01,2.038379e+01,2.043274e+01,2.044672e+01,2.042575e+01,2.043973e+01,2.045371e+01,2.046070e+01,2.047468e+01,2.046070e+01,2.034881e+01,2.036280e+01,2.039778e+01,2.041875e+01,2.048166e+01,2.041875e+01,2.057246e+01,2.043973e+01,2.039078e+01,2.043973e+01,2.051660e+01,2.053057e+01,2.053755e+01,2.048865e+01,2.053057e+01,2.049564e+01,2.048166e+01,2.048865e+01,2.057246e+01,2.050262e+01,2.050961e+01,2.062830e+01,2.048166e+01,2.048865e+01,2.044672e+01,2.046769e+01,2.057246e+01,2.043973e+01,2.053755e+01,2.050961e+01,2.051660e+01,2.042575e+01,2.040477e+01,2.051660e+01,2.054453e+01,2.053755e+01,2.048865e+01,2.054453e+01,2.050262e+01,2.060736e+01,2.054453e+01,2.055152e+01,2.060039e+01,2.053755e+01,2.059340e+01,2.050961e+01,2.057944e+01,2.052358e+01,2.039778e+01,2.057944e+01,2.058643e+01,2.059340e+01,2.057944e+01,2.055152e+01,2.065621e+01,2.062132e+01,2.054453e+01,2.058643e+01,2.059340e+01,2.054453e+01,2.069108e+01,2.053057e+01,2.053755e+01,2.050961e+01,2.050961e+01,2.053057e+01,2.056548e+01,2.049564e+01,2.050961e+01,2.055850e+01,2.054453e+01,2.057944e+01,2.061434e+01,2.055850e+01,2.054453e+01,2.053755e+01,2.053755e+01,2.059340e+01,2.060039e+01,2.057246e+01,2.055152e+01,2.057246e+01,2.042575e+01,2.057246e+01,2.057246e+01,2.057246e+01,2.055850e+01,2.057944e+01,2.056548e+01,2.057246e+01,2.057246e+01,2.054453e+01,2.048865e+01,2.057944e+01,2.066318e+01,2.057944e+01,2.055152e+01,2.057944e+01,2.057246e+01,2.053755e+01,2.049564e+01,2.055850e+01,2.053755e+01,2.055850e+01,2.052358e+01,2.062132e+01,2.064225e+01,2.054453e+01,2.055152e+01,2.054453e+01,2.053057e+01,2.050961e+01,2.055850e+01,2.055152e+01,2.055152e+01,2.049564e+01,2.053755e+01,2.059340e+01,2.053057e+01,2.052358e+01,2.053755e+01,2.056548e+01,2.055152e+01,2.069108e+01,2.055850e+01,2.052358e+01,2.061434e+01,2.056548e+01,2.048865e+01,2.054453e+01,2.049564e+01,2.055850e+01,2.041875e+01,2.058643e+01,2.054453e+01,2.058643e+01,2.060736e+01,2.048166e+01,2.047468e+01,2.068410e+01,2.050961e+01,2.055850e+01,2.047468e+01,2.040477e+01,2.053057e+01,2.049564e+01,2.048166e+01,2.057944e+01,2.051660e+01,2.042575e+01,2.048166e+01,2.052358e+01,2.043973e+01,2.046070e+01,2.061434e+01,2.039778e+01,2.041875e+01,2.036980e+01,2.044672e+01,2.043973e+01,2.052358e+01,2.053057e+01,2.043274e+01,2.046769e+01,2.052358e+01,2.045371e+01,2.053057e+01,2.053755e+01,2.055152e+01,2.050961e+01,2.054453e+01,2.046070e+01,2.038379e+01,2.052358e+01,2.060039e+01,2.057246e+01,2.050262e+01,2.055850e+01,2.058643e+01,2.050262e+01,2.053057e+01,2.048166e+01,2.060736e+01,2.048865e+01,2.047468e+01,2.053057e+01,2.057246e+01,2.046070e+01,2.057246e+01,2.041875e+01,2.045371e+01,2.053057e+01,2.052358e+01,2.058643e+01,2.063528e+01,2.057246e+01,2.050961e+01,2.047468e+01,2.053057e+01,2.041176e+01,2.067713e+01,2.058643e+01,2.057246e+01,2.045371e+01,2.046070e+01,2.050262e+01,2.049564e+01,2.047468e+01,2.044672e+01,2.052358e+01,2.048865e+01,2.048865e+01,2.047468e+01,2.056548e+01,2.055152e+01,2.055850e+01,2.051660e+01,2.053755e+01,2.055850e+01,2.051660e+01,2.060736e+01,2.068410e+01,2.064225e+01,2.055850e+01,2.053755e+01,2.053755e+01,2.072594e+01,2.067713e+01,2.050262e+01,2.063528e+01,2.063528e+01,2.062830e+01,2.057944e+01,2.058643e+01,2.060736e+01,2.051660e+01,2.061434e+01,2.073291e+01,2.055152e+01,2.062132e+01,2.061434e+01,2.062830e+01,2.047468e+01,2.047468e+01,2.055850e+01,2.078866e+01,2.061434e+01,2.058643e+01,2.059340e+01,2.055850e+01,2.053755e+01,2.072594e+01,2.069108e+01,2.064225e+01,2.049564e+01,2.056548e+01,2.050262e+01,2.034881e+01,2.061434e+01,2.055152e+01,2.055152e+01,2.053755e+01,2.062132e+01,2.065621e+01,2.070502e+01,2.064923e+01,2.064225e+01,2.054453e+01,2.054453e+01,2.060039e+01,2.050262e+01,2.051660e+01,2.053755e+01,2.050961e+01,2.046070e+01,2.060736e+01,2.060736e+01,2.060039e+01,2.063528e+01,2.058643e+01
2.056548e+01,2.050961e+01,2.042575e+01,2.039778e+01,2.040477e+01,2.038379e+01,2.049564e+01,2.042575e+01,2.052358e+01,2.043973e+01,2.043973e+01,2.040477e+01,2.041176e+01,2.036280e+01,2.045371e+01,2.032782e+01,2.037679e+01,2.039778e+01,2.041176e+01,2.040477e+01,2.037679e+01,2.050262e+01,2.037679e+01,2.035581e+01,2.034181e+01,2.035581e+01,2.036280e+01,2.039078e+01,2.034881e+01,2.031382e+01,2.046070e+01,2.039778e+01,2.037679e+01,2.041176e+01,2.041176e+01,2.040477e+01,2.039778e+01,2.041875e+01,2.041176e+01,2.039078e+01,2.034881e+01,2.037679e+01,2.033481e+01,2.043274e+01,2.039778e+01,2.029982e+01,2.034181e+01,2.039078e+01,2.044672e+01,2.027181e+01,2.039078e+01,2.040477e+01,2.041176e+01,2.031382e+01,2.034881e+01,2.038379e+01,2.034181e+01,2.039778e+01,2.049564e+01,2.034181e+01,2.039078e+01,2.041176e+01,2.043274e+01,2.042575e+01,2.048166e+01,2.042575e+01,2.047468e+01,2.054453e+01,2.063528e+01,2.063528e+01,2.057246e+01,2.072594e+01,2.069805e+01,2.062830e+01,2.060039e+01,2.066318e+01,2.067713e+01,2.067016e+01,2.070502e+01,2.067713e+01,2.060039e+01,2.056548e+01,2.065621e+01,2.062830e+01,2.061434e+01,2.066318e+01,2.059340e+01,2.067016e+01,2.064923e+01,2.034881e+01,2.047468e+01,2.045371e+01,2.045371e+01,2.049564e+01,2.039078e+01,2.038379e+01,2.039778e+01,2.045371e+01,2.039778e+01,2.038379e+01,2.050961e+01,2.034881e+01,2.037679e+01,2.044672e+01,2.046070e+01,2.037679e+01,2.046769e+01,2.039778e+01,2.043973e+01,2.041875e+01,2.043274e+01,2.028582e+01,2.044672e+01,2.046070e+01,2.046769e+01,2.050262e+01,2.045371e+01,2.036980e+01,2.036980e+01,2.050961e+01,2.036280e+01,2.046070e+01,2.044672e+01,2.046769e+01,2.041875e+01,2.041176e+01,2.043274e+01,2.036980e+01,2.036280e+01,2.042575e+01,2.044672e+01,2.039778e+01,2.045371e+01,2.050262e+01,2.051660e+01,2.039778e+01,2.053755e+01,2.045371e+01,2.038379e+01,2.045371e+01,2.046769e+01,2.043274e+01,2.044672e+01,2.050262e+01,2.046070e+01,2.045371e+01,2.054453e+01,2.050262e+01,2.046769e+01,2.055850e+01,2.053755e+01,2.044672e+01,2.055850e+01,2.054453e+01,2.039778e+01,2.055152e+01,2.053057e+01,2.040477e+01,2.049564e+01,2.048865e+01,2.042575e+01,2.046070e+01,2.042575e+01,2.046070e+01,2.050262e+01,2.048166e+01,2.050262e+01,2.048166e+01,2.042575e+01,2.045371e+01,2.046769e+01,2.042575e+01,2.036280e+01,2.039078e+01,2.049564e+01,2.046769e+01,2.048166e+01,2.045371e+01,2.050262e+01,2.051660e+01,2.053057e+01,2.048865e+01,2.045371e+01,2.048166e+01,2.045371e+01,2.046769e+01,2.046070e+01,2.051660e+01,2.043274e+01,2.049564e+01,2.043274e+01,2.055152e+01,2.040477e+01,2.041875e+01,2.052358e+01,2.048865e+01,2.027181e+01,2.047468e+01,2.041176e+01,2.050262e+01,2.049564e+01,2.048166e+01,2.048166e+01,2.041176e+01,2.043973e+01,2.041176e+01,2.042575e+01,2.037679e+01,2.048865e+01,2.040477e+01,2.045371e+01,2.038379e+01,2.047468e+01,2.047468e+01,2.037679e+01,2.047468e+01,2.040477e+01,2.042575e+01,2.046070e+01,2.042575e+01,2.041176e+01,2.044672e+01,2.041176e+01,2.043274e+01,2.043274e+01,2.031382e+01,2.040477e+01,2.048865e+01,2.048166e+01,2.046769e+01,2.063528e+01,2.044672e+01,2.034881e+01,2.041176e+01,2.037679e+01,2.037679e+01,2.039078e+01,2.043973e+01,2.046070e+01,2.049564e+01,2.041176e+01,2.041176e+01,2.040477e+01,2.046070e+01,2.048865e+01,2.045371e+01,2.036980e+01,2.043973e+01,2.039078e+01,2.034881e+01,2.041176e+01,2.034881e+01,2.043973e+01,2.041875e+01,2.034881e+01,2.038379e+01,2.041875e+01,2.037679e+01,2.046070e+01,2.046769e+01,2.041176e+01,2.046070e+01,2.038379e+01,2.048865e+01,2.048865e+01,2.053057e+01,2.044672e+01,2.048166e+01,2.030682e+01,2.047468e+01,2.043274e+01,2.042575e+01,2.036280e+01,2.041875e+01,2.045371e+01,2.046070e+01,2.041176e+01,2.041875e+01,2.035581e+01,2.032082e+01,2.043973e+01,2.046070e+01,2.039778e+01,2.043274e+01,2.040477e+01,2.043973e+01,2.037679e+01,2.043274e+01,2.037679e+01,2.039778e+01,2.033481e+01,2.039778e+01,2.044672e+01,2.041875e+01,2.040477e+01,2.056548e+01,2.059340e+01,2.065621e+01,2.055152e+01,2.060736e+01,2.061434e+01,2.058643e+01,2.058643e+01,2.058643e+01,2.051660e+01,2.055152e+01,2.043973e+01,2.044672e+01,2.045371e+01,2.043274e+01,2.045371e+01,2.047468e+01,2.044672e+01,2.047468e+01,2.057246e+01,2.049564e+01,2.036280e+01,2.046070e+01,2.048166e+01,2.044672e+01,2.043973e+01,2.036280e+01,2.043274e+01,2.043274e+01,2.036280e+01,2.041176e+01,2.036980e+01,2.039078e+01,2.041875e+01,2.039078e+01,2.034881e+01,2.039078e+01,2.047468e+01,2.033481e+01,2.045371e+01,2.033481e+01,2.041176e+01,2.046070e+01,2.043274e+01,2.041176e+01,2.040477e+01,2.046070e+01,2.032782e+01,2.043274e+01,2.046769e+01,2.048166e+01,2.034181e+01,2.034181e+01,2.040477e+01,2.034181e+01,2.036980e+01,2.045371e+01,2.038379e+01,2.039778e+01,2.043274e+01,2.046070e+01,2.051660e+01,2.043274e+01,2.046769e+01,2.048166e+01,2.041875e+01,2.041176e+01,2.040477e+01,2.046769e+01,2.050262e+01,2.039078e+01,2.046769e+01,2.039078e+01,2.036980e+01,2.047468e+01,2.043274e+01,2.045371e+01,2.048865e+01,2.054453e+01,2.045371e+01,2.039078e+01,2.043973e+01,2.049564e+01,2.050262e+01,2.055850e+01,2.040477e+01,2.053755e+01,2.046769e+01,2.048865e+01,2.047468e+01,2.052358e+01,2.050262e+01,2.044672e+01,2.048865e+01,2.043973e+01,2.050961e+01,2.052358e+01,2.053755e+01,2.034881e+01,2.051660e+01,2.056548e+01,2.052358e+01,2.056548e+01,2.050961e+01,2.041875e+01,2.062830e+01,2.053755e+01,2.059340e+01,2.047468e+01,2.046070e+01,2.050961e+01,2.055152e+01,2.046769e+01,2.031382e+01,2.052358e+01,2.055850e+01,2.052358e+01,2.054453e+01,2.055850e+01,2.057246e+01,2.056548e+01,2.048865e+01,2.041875e+01,2.051660e+01,2.060736e+01,2.050961e+01,2.050262e+01,2.057944e+01,2.048865e+01,2.045371e+01,2.056548e+01,2.049564e+01,2.048865e+01,2.054453e+01,2.053755e+01,2.061434e+01,2.056548e+01,2.057944e+01,2.055850e+01,2.055152e+01,2.058643e+01,2.051660e+01,2.053755e+01,2.055850e+01,2.055152e+01,2.045371e+01,2.057944e+01,2.048865e+01,2.057246e+01,2.055152e+01,2.057246e+01,2.055850e+01,2.048865e+01,2.051660e+01,2.060736e+01,2.049564e+01,2.053755e+01,2.047468e+01,2.046070e+01,2.043274e+01,2.053057e+01,2.063528e+01,2.057944e+01,2.050961e+01,2.057944e+01,2.060039e+01,2.062830e+01,2.048166e+01,2.050262e+01,2.055152e+01,2.053057e+01,2.048166e+01,2.065621e+01,2.053755e+01,2.046769e+01,2.049564e+01,2.052358e+01,2.046769e+01,2.050961e+01,2.049564e+01,2.060736e+01,2.058643e+01,2.054453e+01,2.055152e+01,2.064225e+01,2.064225e+01,2.069805e+01,2.056548e+01,2.055152e+01,2.057944e+01,2.048865e+01,2.059340e+01,2.058643e+01,2.043274e+01,2.047468e+01,2.046769e+01,2.053057e+01,2.053057e+01,2.041875e+01,2.041176e+01,2.055152e+01,2.044672e+01,2.063528e+01,2.051660e+01,2.053057e+01,2.054453e+01,2.051660e+01,2.044672e+01,2.046769e+01,2.052358e+01,2.051660e+01,2.055850e+01,2.049564e+01,2.050262e+01,2.041176e+01,2.048865e+01,2.052358e+01,2.044672e+01,2.044672e+01,2.042575e+01,2.058643e+01,2.048865e+01,2.051660e+01,2.055152e+01,2.047468e+01,2.050961e+01,2.055850e+01,2.057944e+01,2.046070e+01,2.043973e+01,2.047468e+01,2.055850e+01,2.059340e+01,2.056548e+01,2.059340e+01,2.052358e+01,2.046769e+01,2.039078e+01,2.050262e+01,2.050262e+01,2.059340e+01,2.027181e+01,2.048166e+01,2.049564e+01,2.046070e+01,2.050961e+01,2.061434e+01,2.054453e+01,2.039778e+01,2.051660e+01,2.055152e+01,2.038379e+01,2.057246e+01,2.055850e+01,2.059340e+01,2.050262e+01,2.056548e+01,2.062132e+01,2.063528e+01,2.047468e+01,2.045371e+01,2.043274e+01,2.047468e+01,2.046769e+01,2.048865e+01,2.053755e+01,2.057246e+01,2.046070e+01,2.048865e+01,2.057246e+01,2.053755e+01,2.043973e+01,2.057246e+01,2.048865e+01,2.047468e+01,2.047468e+01,2.053057e+01,2.050961e+01,2.051660e+01,2.055850e+01,2.049564e+01,2.049564e+01,2.052358e+01,2.054453e+01,2.060039e+01,2.059340e+01,2.062830e+01,2.065621e+01,2.064923e+01,2.055850e+01,2.063528e+01,2.057246e+01,2.046070e+01,2.052358e+01,2.052358e+01,2.055850e+01,2.053755e+01,2.063528e+01,2.065621e+01,2.053755e+01,2.052358e+01,2.057944e+01,2.055850e+01,2.066318e+01,2.050961e+01,2.063528e+01,2.065621e+01,2.053057e+01,2.050262e+01,2.053755e+01,2.054453e+01,2.065621e+01,2.055152e+01,2.057246e+01,2.053057e+01,2.050961e+01,2.052358e+01,2.065621e+01,2.062132e+01,2.065621e+01,2.055152e+01,2.053057e+01,2.058643e+01,2.059340e+01,2.062132e+01,2.055850e+01,2.053057e+01,2.067713e+01,2.048166e+01,2.057944e+01,2.062132e+01,2.045371e+01,2.053057e+01,2.043973e+01,2.047468e+01,2.050262e+01,2.050961e+01,2.053755e+01,2.051660e+01,2.061434e+01,2.054453e+01,2.062132e+01,2.057944e+01,2.061434e+01,2.062132e+01
2.052358e+01,2.048166e+01,2.046070e+01,2.050961e+01,2.057944e+01,2.041875e+01,2.049564e+01,2.039078e+01,2.037679e+01,2.037679e+01,2.041176e+01,2.035581e+01,2.038379e+01,2.042575e+01,2.041875e+01,2.038379e+01,2.041875e+01,2.040477e+01,2.039778e+01,2.039778e+01,2.039778e+01,2.037679e+01,2.046070e+01,2.048865e+01,2.034181e+01,2.029282e+01,2.042575e+01,2.025781e+01,2.036980e+01,2.041176e+01,2.036280e+01,2.036980e+01,2.034181e+01,2.038379e+01,2.045371e+01,2.029982e+01,2.039078e+01,2.037679e+01,2.042575e+01,2.038379e+01,2.043274e+01,2.041875e+01,2.039078e+01,2.036980e+01,2.043973e+01,2.039778e+01,2.036280e+01,2.041176e+01,2.044672e+01,2.040477e+01,2.037679e+01,2.036980e+01,2.041176e+01,2.036980e+01,2.037679e+01,2.046070e+01,2.046070e+01,2.041875e+01,2.033481e+01,2.039078e+01,2.041176e+01,2.036280e+01,2.039778e+01,2.036980e+01,2.042575e+01,2.046769e+01,2.050961e+01,2.055850e+01,2.061434e+01,2.077472e+01,2.057246e+01,2.063528e+01,2.062132e+01,2.060039e+01,2.053057e+01,2.051660e+01,2.065621e+01,2.056548e+01,2.064923e+01,2.058643e+01,2.068410e+01,2.051660e+01,2.053755e+01,2.067016e+01,2.064225e+01,2.063528e+01,2.052358e+01,2.055850e+01,2.060736e+01,2.066318e+01,2.064923e+01,2.041176e+01,2.036980e+01,2.042575e+01,2.052358e+01,2.048166e+01,2.039778e+01,2.043973e+01,2.036980e+01,2.034881e+01,2.038379e+01,2.041875e+01,2.041176e+01,2.043973e+01,2.043973e+01,2.041875e+01,2.039778e+01,2.032782e+01,2.038379e+01,2.048865e+01,2.032082e+01,2.034181e+01,2.048166e+01,2.046769e+01,2.046070e+01,2.042575e+01,2.043274e+01,2.050961e+01,2.036280e+01,2.048166e+01,2.034181e+01,2.046769e+01,2.044672e+01,2.025781e+01,2.034181e+01,2.037679e+01,2.036980e+01,2.040477e+01,2.050262e+01,2.049564e+01,2.034181e+01,2.047468e+01,2.048166e+01,2.053755e+01,2.046769e+01,2.040477e+01,2.043274e+01,2.043274e+01,2.042575e+01,2.043274e+01,2.047468e+01,2.043973e+01,2.043274e+01,2.046070e+01,2.041875e+01,2.040477e+01,2.043973e+01,2.048865e+01,2.051660e+01,2.052358e+01,2.044672e+01,2.041176e+01,2.047468e+01,2.041875e+01,2.061434e+01,2.066318e+01,2.057246e+01,2.048166e+01,2.051660e+01,2.046769e+01,2.043274e+01,2.046769e+01,2.043973e+01,2.051660e+01,2.046070e+01,2.053755e+01,2.051660e+01,2.049564e+01,2.052358e+01,2.048865e+01,2.048865e+01,2.048865e+01,2.047468e+01,2.037679e+01,2.046070e+01,2.038379e+01,2.049564e+01,2.046769e+01,2.048865e+01,2.043973e+01,2.050961e+01,2.049564e+01,2.050961e+01,2.047468e+01,2.048865e+01,2.073988e+01,2.050262e+01,2.049564e+01,2.053755e+01,2.050961e+01,2.055850e+01,2.040477e+01,2.036980e+01,2.041875e+01,2.053755e+01,2.044672e+01,2.045371e+01,2.043274e+01,2.043274e+01,2.041875e+01,2.032782e+01,2.036980e+01,2.053057e+01,2.038379e+01,2.041176e+01,2.040477e+01,2.044672e+01,2.041176e+01,2.057246e+01,2.038379e+01,2.040477e+01,2.047468e+01,2.047468e+01,2.048166e+01,2.045371e+01,2.045371e+01,2.048865e+01,2.041176e+01,2.040477e+01,2.060039e+01,2.049564e+01,2.047468e+01,2.043274e+01,2.041875e+01,2.041875e+01,2.036980e+01,2.039778e+01,2.039078e+01,2.049564e+01,2.048865e+01,2.044672e+01,2.047468e+01,2.036280e+01,2.035581e+01,2.042575e+01,2.046070e+01,2.041176e+01,2.042575e+01,2.050262e+01,2.044672e+01,2.045371e+01,2.043274e+01,2.046070e+01,2.041176e+01,2.039778e+01,2.048166e+01,2.047468e+01,2.038379e+01,2.047468e+01,2.023680e+01,2.034181e+01,2.036980e+01,2.041176e+01,2.043973e+01,2.042575e+01,2.040477e+01,2.041176e+01,2.044672e+01,2.032782e+01,2.044672e+01,2.037679e+01,2.040477e+01,2.036280e+01,2.041176e+01,2.046769e+01,2.045371e+01,2.034881e+01,2.043274e+01,2.046769e+01,2.045371e+01,2.043274e+01,2.043973e+01,2.037679e+01,2.039078e+01,2.032782e+01,2.039778e+01,2.043274e+01,2.046769e+01,2.042575e+01,2.044672e+01,2.043973e+01,2.048865e+01,2.038379e+01,2.039078e+01,2.038379e+01,2.041176e+01,2.041176e+01,2.045371e+01,2.048166e+01,2.048865e+01,2.043973e+01,2.043274e+01,2.050961e+01,2.052358e+01,2.043973e+01,2.044672e+01,2.051660e+01,2.053755e+01,2.063528e+01,2.064923e+01,2.060039e+01,2.063528e+01,2.059340e+01,2.055152e+01,2.046769e+01,2.047468e+01,2.043274e+01,2.050262e+01,2.050262e+01,2.037679e+01,2.058643e+01,2.046070e+01,2.045371e+01,2.048166e+01,2.045371e+01,2.047468e+01,2.046070e+01,2.038379e+01,2.048166e+01,2.040477e+01,2.043973e+01,2.039778e+01,2.043973e+01,2.042575e+01,2.041176e+01,2.038379e+01,2.036280e+01,2.041875e+01,2.040477e+01,2.044672e+01,2.053057e+01,2.036980e+01,2.039778e+01,2.036280e+01,2.043973e+01,2.039778e+01,2.039778e+01,2.036980e+01,2.041875e+01,2.039778e+01,2.040477e+01,2.045371e+01,2.046769e+01,2.032082e+01,2.032082e+01,2.049564e+01,2.033481e+01,2.034181e+01,2.041875e+01,2.036980e+01,2.041875e+01,2.036280e+01,2.036280e+01,2.040477e+01,2.041176e+01,2.035581e+01,2.050262e+01,2.047468e+01,2.044672e+01,2.043274e+01,2.046769e+01,2.046769e+01,2.053755e+01,2.046070e+01,2.045371e+01,2.048865e+01,2.041176e+01,2.041176e+01,2.053755e+01,2.033481e+01,2.052358e+01,2.049564e+01,2.039078e+01,2.047468e+01,2.048166e+01,2.051660e+01,2.055152e+01,2.051660e+01,2.048865e+01,2.048166e+01,2.046769e+01,2.047468e+01,2.057246e+01,2.046070e+01,2.054453e+01,2.046070e+01,2.050961e+01,2.049564e+01,2.051660e+01,2.051660e+01,2.050961e+01,2.053057e+01,2.032782e+01,2.053057e+01,2.053755e+01,2.052358e+01,2.053057e+01,2.054453e+01,2.044672e+01,2.045371e+01,2.065621e+01,2.055850e+01,2.056548e+01,2.047468e+01,2.061434e+01,2.052358e+01,2.050961e+01,2.052358e+01,2.046070e+01,2.054453e+01,2.055152e+01,2.052358e+01,2.060039e+01,2.051660e+01,2.061434e+01,2.053755e+01,2.051660e+01,2.056548e+01,2.058643e+01,2.057246e+01,2.057944e+01,2.059340e+01,2.050262e+01,2.066318e+01,2.060736e+01,2.055850e+01,2.064923e+01,2.057944e+01,2.064225e+01,2.060736e+01,2.060736e+01,2.065621e+01,2.053755e+01,2.057246e+01,2.055152e+01,2.060736e+01,2.053755e+01,2.050961e+01,2.051660e+01,2.046769e+01,2.061434e+01,2.063528e+01,2.064225e+01,2.057246e+01,2.055850e+01,2.057246e+01,2.054453e+01,2.053755e+01,2.063528e+01,2.059340e+01,2.053057e+01,2.057246e+01,2.051660e+01,2.060736e+01,2.050961e+01,2.056548e+01,2.054453e+01,2.049564e+01,2.056548e+01,2.060039e+01,2.051660e+01,2.055152e+01,2.061434e+01,2.050262e+01,2.051660e+01,2.054453e+01,2.053755e+01,2.058643e+01,2.050262e+01,2.055850e+01,2.057246e+01,2.054453e+01,2.062132e+01,2.055152e+01,2.053057e+01,2.050961e+01,2.065621e+01,2.059340e+01,2.057246e+01,2.050961e+01,2.062132e+01,2.057944e+01,2.061434e+01,2.057944e+01,2.051660e+01,2.060039e+01,2.051660e+01,2.058643e+01,2.043973e+01,2.055850e+01,2.057246e+01,2.045371e+01,2.044672e+01,2.053057e+01,2.054453e+01,2.057246e+01,2.048865e+01,2.041875e+01,2.046769e+01,2.044672e+01,2.043973e+01,2.041875e+01,2.053755e+01,2.040477e+01,2.036980e+01,2.051660e+01,2.043274e+01,2.055152e+01,2.050262e+01,2.049564e+01,2.051660e+01,2.059340e+01,2.053057e+01,2.043973e+01,2.046769e+01,2.043274e+01,2.046070e+01,2.058643e+01,2.059340e+01,2.034881e+01,2.055152e+01,2.044672e+01,2.049564e+01,2.052358e+01,2.046769e+01,2.047468e+01,2.046070e+01,2.058643e+01,2.053057e+01,2.060039e+01,2.054453e+01,2.048865e+01,2.053057e+01,2.050262e+01,2.044672e+01,2.067016e+01,2.056548e+01,2.048865e+01,2.049564e+01,2.059340e+01,2.054453e+01,2.047468e+01,2.046769e+01,2.045371e+01,2.060039e+01,2.054453e+01,2.050262e+01,2.051660e+01,2.048166e+01,2.062132e+01,2.059340e+01,2.041875e+01,2.039078e+01,2.045371e+01,2.046769e+01,2.048166e+01,2.052358e+01,2.053755e+01,2.061434e+01,2.059340e+01,2.065621e+01,2.057246e+01,2.059340e+01,2.050961e+01,2.046070e+01,2.045371e+01,2.045371e+01,2.050961e+01,2.044672e+01,2.047468e+01,2.047468e+01,2.051660e+01,2.058643e+01,2.049564e+01,2.050262e+01,2.048166e+01,2.050961e+01,2.049564e+01,2.056548e+01,2.067713e+01,2.057246e+01,2.062132e+01,2.067016e+01,2.057944e+01,2.050961e+01,2.068410e+01,2.054453e+01,2.050961e+01,2.051660e+01,2.055152e+01,2.048865e+01,2.063528e+01,2.052358e+01,2.055850e+01,2.051660e+01,2.062830e+01,2.055850e+01,2.059340e+01,2.056548e+01,2.048865e+01,2.059340e+01,2.065621e+01,2.051660e+01,2.050961e+01,2.053755e+01,2.050262e+01,2.065621e+01,2.053057e+01,2.055850e+01,2.071200e+01,2.064923e+01,2.050961e+01,2.067713e+01,2.062830e+01,2.061434e+01,2.063528e+01,2.063528e+01,2.056548e+01,2.060736e+01,2.060736e+01,2.060039e+01,2.069805e+01,2.069108e+01,2.069108e+01,2.053057e+01,2.052358e+01,2.040477e+01,2.055850e+01,2.053755e+01,2.050961e+01,2.050961e+01,2.050961e+01,2.050961e+01,2.048166e+01,2.055152e+01,2.055152e+01,2.060039e+01,2.062132e+01,2.062132e+01,2.062132e+01
2.033481e+01,2.060039e+01,2.044672e+01,2.038379e+01,2.036980e+01,2.039778e+01,2.048166e+01,2.037679e+01,2.034881e+01,2.049564e+01,2.033481e+01,2.048166e+01,2.049564e+01,2.057246e+01,2.032082e+01,2.034181e+01,2.039778e+01,2.041176e+01,2.040477e+01,2.038379e+01,2.032082e+01,2.039778e+01,2.040477e+01,2.034881e+01,2.024380e+01,2.041176e+01,2.035581e+01,2.034881e+01,2.029282e+01,2.038379e+01,2.036280e+01,2.039778e+01,2.036980e+01,2.038379e+01,2.037679e+01,2.040477e+01,2.035581e+01,2.039778e+01,2.036980e+01,2.038379e+01,2.025781e+01,2.033481e+01,2.038379e+01,2.037679e+01,2.038379e+01,2.037679e+01,2.046769e+01,2.041176e+01,2.027881e+01,2.040477e+01,2.039778e+01,2.043274e+01,2.041176e+01,2.045371e+01,2.039778e+01,2.053755e+01,2.039778e+01,2.032082e+01,2.040477e+01,2.032782e+01,2.041176e+01,2.038379e+01,2.041176e+01,2.043274e+01,2.049564e+01,2.055850e+01,2.043274e+01,2.055152e+01,2.042575e+01,2.055152e+01,2.053057e+01,2.052358e+01,2.050961e+01,2.048166e+01,2.065621e+01,2.053755e+01,2.049564e+01,2.054453e+01,2.054453e+01,2.046070e+01,2.045371e+01,2.066318e+01,2.059340e+01,2.054453e+01,2.050262e+01,2.064923e+01,2.055850e+01,2.060736e+01,2.049564e+01,2.050961e+01,2.068410e+01,2.043973e+01,2.053755e+01,2.039078e+01,2.048166e+01,2.033481e+01,2.044672e+01,2.041176e+01,2.039078e+01,2.048166e+01,2.035581e+01,2.039778e+01,2.041875e+01,2.041176e+01,2.018074e+01,2.041875e+01,2.045371e+01,2.036280e+01,2.043274e+01,2.036980e+01,2.040477e+01,2.033481e+01,2.047468e+01,2.043973e+01,2.046070e+01,2.045371e+01,2.047468e+01,2.050961e+01,2.037679e+01,2.035581e+01,2.049564e+01,2.034881e+01,2.043274e+01,2.048865e+01,2.039778e+01,2.041875e+01,2.048865e+01,2.046769e+01,2.041176e+01,2.056548e+01,2.047468e+01,2.046769e+01,2.043274e+01,2.045371e+01,2.041176e+01,2.046769e+01,2.045371e+01,2.050262e+01,2.047468e+01,2.043274e+01,2.041875e+01,2.042575e+01,2.043274e+01,2.041875e+01,2.045371e+01,2.044672e+01,2.057944e+01,2.054453e+01,2.050262e+01,2.041176e+01,2.048166e+01,2.044672e+01,2.060039e+01,2.060736e+01,2.048166e+01,2.055850e+01,2.050262e+01,2.047468e+01,2.048865e+01,2.052358e+01,2.049564e+01,2.046769e+01,2.043973e+01,2.048865e+01,2.049564e+01,2.046769e+01,2.052358e+01,2.051660e+01,2.041176e+01,2.033481e+01,2.045371e+01,2.044672e+01,2.041176e+01,2.046769e+01,2.048166e+01,2.050262e+01,2.043973e+01,2.049564e+01,2.046070e+01,2.052358e+01,2.043973e+01,2.046070e+01,2.046769e+01,2.046769e+01,2.046769e+01,2.047468e+01,2.048865e+01,2.053755e+01,2.056548e+01,2.055152e+01,2.041176e+01,2.043973e+01,2.041176e+01,2.035581e+01,2.047468e+01,2.045371e+01,2.042575e+01,2.043973e+01,2.042575e+01,2.043973e+01,2.050961e+01,2.050262e+01,2.043274e+01,2.056548e+01,2.052358e+01,2.052358e+01,2.043274e+01,2.039078e+01,2.053057e+01,2.045371e+01,2.039778e+01,2.041875e+01,2.040477e+01,2.049564e+01,2.043274e+01,2.045371e+01,2.048166e+01,2.043973e+01,2.039078e+01,2.053755e+01,2.050262e+01,2.043274e+01,2.046070e+01,2.048166e+01,2.043973e+01,2.036980e+01,2.042575e+01,2.055152e+01,2.041176e+01,2.043973e+01,2.043973e+01,2.038379e+01,2.046769e+01,2.040477e+01,2.052358e+01,2.039078e+01,2.044672e+01,2.049564e+01,2.056548e+01,2.061434e+01,2.042575e+01,2.043973e+01,2.046070e+01,2.046070e+01,2.047468e+01,2.043973e+01,2.039078e+01,2.047468e+01,2.049564e+01,2.041176e+01,2.042575e+01,2.046769e+01,2.041176e+01,2.038379e+01,2.039778e+01,2.041176e+01,2.038379e+01,2.043973e+01,2.039078e+01,2.046070e+01,2.043973e+01,2.040477e+01,2.036980e+01,2.044672e+01,2.043274e+01,2.044672e+01,2.046070e+01,2.043274e+01,2.045371e+01,2.041875e+01,2.041176e+01,2.041875e+01,2.036980e+01,2.041176e+01,2.042575e+01,2.036980e+01,2.041176e+01,2.036980e+01,2.041875e+01,2.046769e+01,2.040477e+01,2.040477e+01,2.038379e+01,2.040477e+01,2.042575e+01,2.037679e+01,2.045371e+01,2.040477e+01,2.039778e+01,2.043973e+01,2.050262e+01,2.041875e+01,2.050262e+01,2.051660e+01,2.053057e+01,2.057246e+01,2.058643e+01,2.058643e+01,2.056548e+01,2.057246e+01,2.070502e+01,2.058643e+01,2.064225e+01,2.059340e+01,2.056548e+01,2.053057e+01,2.046070e+01,2.048166e+01,2.047468e+01,2.040477e+01,2.040477e+01,2.042575e+01,2.046769e+01,2.041176e+01,2.045371e+01,2.048166e+01,2.043274e+01,2.045371e+01,2.038379e+01,2.043274e+01,2.046769e+01,2.043274e+01,2.044672e+01,2.036280e+01,2.039778e+01,2.036980e+01,2.038379e+01,2.050262e+01,2.034881e+01,2.038379e+01,2.047468e+01,2.037679e+01,2.048865e+01,2.046070e+01,2.037679e+01,2.034181e+01,2.043274e+01,2.032082e+01,2.039078e+01,2.044672e+01,2.038379e+01,2.039078e+01,2.039778e+01,2.043274e+01,2.030682e+01,2.032082e+01,2.032782e+01,2.045371e+01,2.034881e+01,2.033481e+01,2.037679e+01,2.039078e+01,2.046070e+01,2.035581e+01,2.037679e+01,2.060039e+01,2.032782e+01,2.046070e+01,2.043973e+01,2.053755e+01,2.043274e+01,2.053057e+01,2.036280e+01,2.036980e+01,2.048865e+01,2.038379e+01,2.048166e+01,2.034881e+01,2.045371e+01,2.036980e+01,2.039778e+01,2.049564e+01,2.037679e+01,2.053755e+01,2.053057e+01,2.058643e+01,2.050961e+01,2.049564e+01,2.049564e+01,2.044672e+01,2.048166e+01,2.051660e+01,2.047468e+01,2.048166e+01,2.046070e+01,2.048166e+01,2.048166e+01,2.051660e+01,2.053057e+01,2.052358e+01,2.048166e+01,2.046070e+01,2.056548e+01,2.051660e+01,2.054453e+01,2.053057e+01,2.055152e+01,2.045371e+01,2.054453e+01,2.053057e+01,2.055850e+01,2.053057e+01,2.058643e+01,2.053755e+01,2.046070e+01,2.045371e+01,2.057246e+01,2.051660e+01,2.056548e+01,2.055850e+01,2.056548e+01,2.055850e+01,2.057246e+01,2.053057e+01,2.056548e+01,2.055152e+01,2.055850e+01,2.050262e+01,2.053057e+01,2.057944e+01,2.050961e+01,2.058643e+01,2.050262e+01,2.060736e+01,2.056548e+01,2.069805e+01,2.054453e+01,2.055850e+01,2.063528e+01,2.060039e+01,2.060039e+01,2.053057e+01,2.059340e+01,2.061434e+01,2.060736e+01,2.060736e+01,2.053057e+01,2.057944e+01,2.053755e+01,2.053057e+01,2.059340e+01,2.046070e+01,2.055850e+01,2.053755e+01,2.056548e+01,2.055152e+01,2.046769e+01,2.051660e+01,2.058643e+01,2.052358e+01,2.053057e+01,2.046070e+01,2.065621e+01,2.048865e+01,2.049564e+01,2.049564e+01,2.054453e+01,2.053057e+01,2.055850e+01,2.056548e+01,2.048865e+01,2.060039e+01,2.057246e+01,2.053057e+01,2.049564e+01,2.052358e+01,2.050262e+01,2.055152e+01,2.053755e+01,2.065621e+01,2.053755e+01,2.058643e+01,2.053755e+01,2.050961e+01,2.066318e+01,2.053755e+01,2.060736e+01,2.064225e+01,2.050262e+01,2.068410e+01,2.056548e+01,2.061434e+01,2.055152e+01,2.034181e+01,2.058643e+01,2.060039e+01,2.056548e+01,2.053755e+01,2.053057e+01,2.057246e+01,2.055850e+01,2.052358e+01,2.041875e+01,2.049564e+01,2.057246e+01,2.054453e+01,2.050262e+01,2.060039e+01,2.048166e+01,2.053755e+01,2.042575e+01,2.054453e+01,2.048865e+01,2.045371e+01,2.044672e+01,2.046070e+01,2.041176e+01,2.055850e+01,2.053057e+01,2.045371e+01,2.048865e+01,2.045371e+01,2.045371e+01,2.043973e+01,2.055152e+01,2.054453e+01,2.030682e+01,2.048865e+01,2.044672e+01,2.059340e+01,2.054453e+01,2.047468e+01,2.041176e+01,2.047468e+01,2.045371e+01,2.046769e+01,2.062132e+01,2.058643e+01,2.058643e+01,2.046070e+01,2.043274e+01,2.052358e+01,2.046769e+01,2.043274e+01,2.050961e+01,2.050262e+01,2.046070e+01,2.028582e+01,2.053057e+01,2.048865e+01,2.046070e+01,2.056548e+01,2.057246e+01,2.046070e+01,2.055850e+01,2.058643e+01,2.054453e+01,2.057246e+01,2.051660e+01,2.058643e+01,2.059340e+01,2.052358e+01,2.055152e+01,2.060039e+01,2.050262e+01,2.048166e+01,2.048865e+01,2.045371e+01,2.057246e+01,2.056548e+01,2.063528e+01,2.059340e+01,2.056548e+01,2.048166e+01,2.057246e+01,2.054453e+01,2.058643e+01,2.055850e+01,2.060039e+01,2.049564e+01,2.047468e+01,2.054453e+01,2.048865e+01,2.051660e+01,2.033481e+01,2.049564e+01,2.053755e+01,2.064923e+01,2.071200e+01,2.067713e+01,2.073988e+01,2.073291e+01,2.069805e+01,2.062132e+01,2.060039e+01,2.062132e+01,2.066318e+01,2.054453e+01,2.054453e+01,2.062830e+01,2.054453e+01,2.064923e+01,2.060039e+01,2.064225e+01,2.064225e+01,2.059340e+01,2.071200e+01,2.069108e+01,2.048166e+01,2.050961e+01,2.058643e+01,2.053755e+01,2.057944e+01,2.055850e+01,2.060736e+01,2.055850e+01,2.046070e+01,2.065621e+01,2.053755e+01,2.064923e+01,2.071897e+01,2.070502e+01,2.057246e+01,2.069805e+01,2.060039e+01,2.062830e+01,2.046769e+01,2.064225e+01,2.064225e+01,2.053755e+01,2.064225e+01,2.059340e+01,2.071200e+01,2.057246e+01,2.050961e+01,2.062132e+01,2.056548e+01,2.056548e+01,2.048865e+01,2.052358e+01,2.051660e+01,2.050961e+01,2.050961e+01,2.065621e+01,2.062830e+01,2.063528e+01,2.062132e+01,2.057944e+01,2.061434e+01,2.064923e+01
2.034181e+01,2.043274e+01,2.044672e+01,2.055850e+01,2.045371e+01,2.023680e+01,2.040477e+01,2.038379e+01,2.043973e+01,2.039778e+01,2.035581e+01,2.043973e+01,2.041176e+01,2.059340e+01,2.035581e+01,2.038379e+01,2.040477e+01,2.029982e+01,2.032082e+01,2.031382e+01,2.034881e+01,2.039778e+01,2.029982e+01,2.035581e+01,2.041875e+01,2.034181e+01,2.027881e+01,2.036980e+01,2.034181e+01,2.039778e+01,2.039078e+01,2.034881e+01,2.043274e+01,2.047468e+01,2.044672e+01,2.038379e+01,2.037679e+01,2.038379e+01,2.045371e+01,2.032082e+01,2.036980e+01,2.041875e+01,2.036980e+01,2.036280e+01,2.031382e+01,2.041875e+01,2.041176e+01,2.035581e+01,2.036280e+01,2.029982e+01,2.034881e+01,2.025781e+01,2.036280e+01,2.049564e+01,2.042575e+01,2.043973e+01,2.040477e+01,2.035581e+01,2.041875e+01,2.039778e+01,2.031382e+01,2.039778e+01,2.052358e+01,2.040477e+01,2.041875e+01,2.045371e+01,2.047468e+01,2.040477e+01,2.055850e+01,2.050961e+01,2.048865e+01,2.050262e+01,2.047468e+01,2.053755e+01,2.048865e+01,2.054453e+01,2.048865e+01,2.043973e+01,2.046070e+01,2.053057e+01,2.055850e+01,2.057246e+01,2.055152e+01,2.047468e+01,2.048865e+01,2.046769e+01,2.047468e+01,2.055152e+01,2.055850e+01,2.041176e+01,2.042575e+01,2.038379e+01,2.036980e+01,2.040477e+01,2.032782e+01,2.033481e+01,2.022278e+01,2.044672e+01,2.036980e+01,2.032082e+01,2.048865e+01,2.042575e+01,2.035581e+01,2.040477e+01,2.037679e+01,2.043274e+01,2.036280e+01,2.020877e+01,2.039078e+01,2.038379e+01,2.043274e+01,2.035581e+01,2.039778e+01,2.037679e+01,2.043973e+01,2.042575e+01,2.041176e+01,2.048865e+01,2.041176e+01,2.039078e+01,2.056548e+01,2.049564e+01,2.048166e+01,2.045371e+01,2.043973e+01,2.032782e+01,2.037679e+01,2.039078e+01,2.043274e+01,2.039778e+01,2.053755e+01,2.047468e+01,2.046769e+01,2.040477e+01,2.044672e+01,2.039778e+01,2.042575e+01,2.048865e+01,2.046769e+01,2.042575e+01,2.052358e+01,2.050961e+01,2.043274e+01,2.034181e+01,2.054453e+01,2.048865e+01,2.045371e+01,2.049564e+01,2.038379e+01,2.045371e+01,2.062132e+01,2.049564e+01,2.046070e+01,2.047468e+01,2.053755e+01,2.043973e+01,2.048865e+01,2.045371e+01,2.048166e+01,2.052358e+01,2.044672e+01,2.046070e+01,2.039778e+01,2.053755e+01,2.047468e+01,2.053057e+01,2.043973e+01,2.054453e+01,2.050262e+01,2.047468e+01,2.047468e+01,2.043973e+01,2.053057e+01,2.046769e+01,2.044672e+01,2.053057e+01,2.045371e+01,2.046070e+01,2.045371e+01,2.046070e+01,2.050262e+01,2.050262e+01,2.049564e+01,2.061434e+01,2.050262e+01,2.046070e+01,2.046769e+01,2.046769e+01,2.048166e+01,2.052358e+01,2.041875e+01,2.040477e+01,2.031382e+01,2.048865e+01,2.047468e+01,2.049564e+01,2.049564e+01,2.041176e+01,2.043973e+01,2.039778e+01,2.040477e+01,2.044672e+01,2.050262e+01,2.050262e+01,2.050961e+01,2.040477e+01,2.047468e+01,2.050961e+01,2.050961e+01,2.048166e+01,2.050961e+01,2.043973e+01,2.048166e+01,2.043274e+01,2.046769e+01,2.043274e+01,2.045371e+01,2.042575e+01,2.037679e+01,2.046769e+01,2.052358e+01,2.046070e+01,2.041176e+01,2.035581e+01,2.034881e+01,2.039078e+01,2.040477e+01,2.046070e+01,2.042575e+01,2.043274e+01,2.038379e+01,2.043274e+01,2.038379e+01,2.039078e+01,2.034881e+01,2.039078e+01,2.040477e+01,2.041875e+01,2.058643e+01,2.046769e+01,2.047468e+01,2.041875e+01,2.043973e+01,2.039078e+01,2.039078e+01,2.040477e+01,2.043973e+01,2.046070e+01,2.050961e+01,2.027881e+01,2.049564e+01,2.034881e+01,2.039778e+01,2.043274e+01,2.037679e+01,2.043973e+01,2.036280e+01,2.041875e+01,2.043973e+01,2.043274e+01,2.045371e+01,2.041875e+01,2.043274e+01,2.046769e+01,2.042575e+01,2.041176e+01,2.033481e+01,2.031382e+01,2.046070e+01,2.043973e+01,2.044672e+01,2.026481e+01,2.048166e+01,2.039778e+01,2.043274e+01,2.039078e+01,2.041875e+01,2.044672e+01,2.041176e+01,2.048865e+01,2.042575e+01,2.043973e+01,2.040477e+01,2.039078e+01,2.041875e+01,2.037679e+01,2.039078e+01,2.042575e+01,2.040477e+01,2.034881e+01,2.044672e+01,2.026481e+01,2.048166e+01,2.049564e+01,2.040477e+01,2.053057e+01,2.055152e+01,2.059340e+01,2.058643e+01,2.060039e+01,2.063528e+01,2.063528e+01,2.055850e+01,2.049564e+01,2.051660e+01,2.048865e+01,2.036980e+01,2.041875e+01,2.042575e+01,2.056548e+01,2.039778e+01,2.046070e+01,2.033481e+01,2.046769e+01,2.037679e+01,2.029282e+01,2.053755e+01,2.044672e+01,2.043973e+01,2.045371e+01,2.039778e+01,2.044672e+01,2.044672e+01,2.031382e+01,2.036980e+01,2.034881e+01,2.048166e+01,2.050262e+01,2.037679e+01,2.036980e+01,2.048865e+01,2.053755e+01,2.027181e+01,2.028582e+01,2.039778e+01,2.041176e+01,2.039778e+01,2.034181e+01,2.032782e+01,2.039778e+01,2.043973e+01,2.038379e+01,2.034181e+01,2.037679e+01,2.031382e+01,2.032082e+01,2.036980e+01,2.036980e+01,2.038379e+01,2.034881e+01,2.034181e+01,2.037679e+01,2.035581e+01,2.035581e+01,2.038379e+01,2.057246e+01,2.034881e+01,2.045371e+01,2.042575e+01,2.039778e+01,2.043274e+01,2.048865e+01,2.040477e+01,2.039078e+01,2.043973e+01,2.046070e+01,2.035581e+01,2.036980e+01,2.043274e+01,2.050262e+01,2.037679e+01,2.039078e+01,2.054453e+01,2.057246e+01,2.044672e+01,2.053755e+01,2.043973e+01,2.042575e+01,2.029982e+01,2.043973e+01,2.046070e+01,2.049564e+01,2.058643e+01,2.050961e+01,2.048865e+01,2.054453e+01,2.048865e+01,2.052358e+01,2.054453e+01,2.046769e+01,2.052358e+01,2.045371e+01,2.050961e+01,2.044672e+01,2.051660e+01,2.053755e+01,2.051660e+01,2.049564e+01,2.050262e+01,2.053057e+01,2.057944e+01,2.054453e+01,2.043274e+01,2.058643e+01,2.051660e+01,2.049564e+01,2.052358e+01,2.065621e+01,2.053057e+01,2.057944e+01,2.053057e+01,2.063528e+01,2.053057e+01,2.048865e+01,2.053755e+01,2.054453e+01,2.058643e+01,2.055152e+01,2.053057e+01,2.053755e+01,2.053057e+01,2.051660e+01,2.059340e+01,2.056548e+01,2.054453e+01,2.052358e+01,2.056548e+01,2.052358e+01,2.051660e+01,2.048166e+01,2.053057e+01,2.060736e+01,2.041176e+01,2.058643e+01,2.066318e+01,2.060736e+01,2.062830e+01,2.048865e+01,2.053057e+01,2.064225e+01,2.058643e+01,2.062132e+01,2.055152e+01,2.050262e+01,2.060736e+01,2.054453e+01,2.060736e+01,2.054453e+01,2.049564e+01,2.060736e+01,2.055850e+01,2.046070e+01,2.045371e+01,2.058643e+01,2.048865e+01,2.048166e+01,2.050262e+01,2.051660e+01,2.058643e+01,2.057944e+01,2.056548e+01,2.048865e+01,2.048166e+01,2.053057e+01,2.053057e+01,2.053755e+01,2.072594e+01,2.048166e+01,2.060039e+01,2.062132e+01,2.054453e+01,2.063528e+01,2.054453e+01,2.062830e+01,2.053057e+01,2.050262e+01,2.061434e+01,2.053755e+01,2.049564e+01,2.057246e+01,2.062830e+01,2.062132e+01,2.060736e+01,2.052358e+01,2.051660e+01,2.053755e+01,2.047468e+01,2.055152e+01,2.055850e+01,2.048865e+01,2.053755e+01,2.055850e+01,2.043973e+01,2.046070e+01,2.046070e+01,2.044672e+01,2.045371e+01,2.046769e+01,2.055850e+01,2.043973e+01,2.042575e+01,2.053057e+01,2.048865e+01,2.040477e+01,2.049564e+01,2.052358e+01,2.044672e+01,2.054453e+01,2.050961e+01,2.044672e+01,2.046070e+01,2.049564e+01,2.046769e+01,2.048865e+01,2.052358e+01,2.044672e+01,2.046070e+01,2.039778e+01,2.051660e+01,2.048865e+01,2.046769e+01,2.046769e+01,2.044672e+01,2.047468e+01,2.060736e+01,2.051660e+01,2.046070e+01,2.047468e+01,2.048865e+01,2.052358e+01,2.055850e+01,2.050961e+01,2.043274e+01,2.053057e+01,2.056548e+01,2.057246e+01,2.053057e+01,2.053057e+01,2.061434e+01,2.055850e+01,2.057246e+01,2.055850e+01,2.049564e+01,2.046769e+01,2.060039e+01,2.053755e+01,2.045371e+01,2.055850e+01,2.058643e+01,2.056548e+01,2.043973e+01,2.061434e+01,2.056548e+01,2.062830e+01,2.053057e+01,2.056548e+01,2.055850e+01,2.046070e+01,2.059340e+01,2.050961e+01,2.057944e+01,2.059340e+01,2.054453e+01,2.049564e+01,2.053057e+01,2.044672e+01,2.046769e+01,2.047468e+01,2.046070e+01,2.049564e+01,2.055850e+01,2.054453e+01,2.048865e+01,2.054453e+01,2.055152e+01,2.047468e+01,2.048166e+01,2.060039e+01,2.063528e+01,2.074685e+01,2.073291e+01,2.057944e+01,2.068410e+01,2.058643e+01,2.063528e+01,2.053755e+01,2.053057e+01,2.051660e+01,2.063528e+01,2.055152e+01,2.058643e+01,2.059340e+01,2.057944e+01,2.065621e+01,2.046769e+01,2.047468e+01,2.048865e+01,2.048865e+01,2.048166e+01,2.053755e+01,2.056548e+01,2.048166e+01,2.054453e+01,2.053057e+01,2.068410e+01,2.062830e+01,2.069108e+01,2.069805e+01,2.068410e+01,2.070502e+01,2.057246e+01,2.057944e+01,2.055850e+01,2.062830e+01,2.051660e+01,2.054453e+01,2.061434e+01,2.060039e+01,2.064225e+01,2.071897e+01,2.064225e+01,2.059340e+01,2.079562e+01,2.051660e+01,2.050262e+01,2.055850e+01,2.062132e+01,2.060736e+01,2.045371e+01,2.053057e+01,2.048166e+01,2.053755e+01,2.054453e+01,2.066318e+01,2.056548e+01,2.064225e+01,2.058643e+01,2.060039e+01,2.058643e+01,2.062830e+01
2.022979e+01,2.055850e+01,2.046769e+01,2.045371e+01,2.025781e+01,2.037679e+01,2.032082e+01,2.039778e+01,2.038379e+01,2.039078e+01,2.035581e+01,2.033481e+01,2.035581e+01,2.036980e+01,2.048166e+01,2.029282e+01,2.032082e+01,2.040477e+01,2.034881e+01,2.048166e+01,2.034881e+01,2.036980e+01,2.043274e+01,2.034181e+01,2.033481e+01,2.043973e+01,2.028582e+01,2.029982e+01,2.039078e+01,2.042575e+01,2.036980e+01,2.026481e+01,2.032782e+01,2.033481e+01,2.038379e+01,2.043973e+01,2.041875e+01,2.036980e+01,2.042575e+01,2.030682e+01,2.036980e+01,2.039078e+01,2.037679e+01,2.027881e+01,2.039078e+01,2.046769e+01,2.039078e+01,2.033481e+01,2.026481e+01,2.025080e+01,2.033481e+01,2.033481e+01,2.037679e+01,2.037679e+01,2.043973e+01,2.041875e+01,2.032082e+01,2.038379e+01,2.038379e+01,2.048865e+01,2.053057e+01,2.043973e+01,2.039078e+01,2.039778e+01,2.025080e+01,2.040477e+01,2.029982e+01,2.048865e+01,2.039078e+01,2.034181e+01,2.035581e+01,2.039078e+01,2.039778e+01,2.043274e+01,2.030682e+01,2.044672e+01,2.032082e+01,2.045371e+01,2.049564e+01,2.040477e+01,2.057944e+01,2.041875e+01,2.037679e+01,2.048865e+01,2.043973e+01,2.051660e+01,2.036280e+01,2.045371e+01,2.046769e+01,2.047468e+01,2.038379e+01,2.042575e+01,2.039078e+01,2.036280e+01,2.039778e+01,2.043973e+01,2.046769e+01,2.034881e+01,2.040477e+01,2.027181e+01,2.038379e+01,2.032782e+01,2.021578e+01,2.044672e+01,2.037679e+01,2.029282e+01,2.035581e+01,2.039078e+01,2.043274e+01,2.041176e+01,2.042575e+01,2.029282e+01,2.046070e+01,2.044672e+01,2.047468e+01,2.041875e+01,2.036980e+01,2.041875e+01,2.040477e+01,2.053755e+01,2.057944e+01,2.037679e+01,2.041875e+01,2.048166e+01,2.044672e+01,2.043973e+01,2.036280e+01,2.049564e+01,2.039078e+01,2.049564e+01,2.043274e+01,2.043274e+01,2.046769e+01,2.041875e+01,2.050262e+01,2.045371e+01,2.039778e+01,2.043274e+01,2.043274e+01,2.041875e+01,2.041875e+01,2.043274e+01,2.044672e+01,2.042575e+01,2.050961e+01,2.046070e+01,2.041875e+01,2.059340e+01,2.034181e+01,2.062132e+01,2.056548e+01,2.063528e+01,2.039778e+01,2.057944e+01,2.046769e+01,2.048865e+01,2.044672e+01,2.043973e+01,2.051660e+01,2.050961e+01,2.052358e+01,2.046070e+01,2.041176e+01,2.041176e+01,2.053057e+01,2.052358e+01,2.057944e+01,2.048865e+01,2.039078e+01,2.048166e+01,2.053755e+01,2.048865e+01,2.055850e+01,2.051660e+01,2.046769e+01,2.052358e+01,2.047468e+01,2.046070e+01,2.038379e+01,2.046070e+01,2.045371e+01,2.048865e+01,2.046070e+01,2.046070e+01,2.048166e+01,2.049564e+01,2.053057e+01,2.048166e+01,2.055152e+01,2.040477e+01,2.053057e+01,2.053057e+01,2.044672e+01,2.048166e+01,2.046070e+01,2.041176e+01,2.046769e+01,2.046070e+01,2.041875e+01,2.045371e+01,2.050961e+01,2.042575e+01,2.048166e+01,2.039078e+01,2.057246e+01,2.045371e+01,2.055152e+01,2.041176e+01,2.046769e+01,2.050262e+01,2.041176e+01,2.046070e+01,2.049564e+01,2.040477e+01,2.040477e+01,2.044672e+01,2.046769e+01,2.025781e+01,2.041176e+01,2.035581e+01,2.040477e+01,2.040477e+01,2.058643e+01,2.049564e+01,2.057944e+01,2.045371e+01,2.043973e+01,2.042575e+01,2.042575e+01,2.041875e+01,2.039778e+01,2.040477e+01,2.044672e+01,2.043973e+01,2.037679e+01,2.043274e+01,2.053057e+01,2.046070e+01,2.036280e+01,2.042575e+01,2.041875e+01,2.042575e+01,2.039078e+01,2.040477e+01,2.041875e+01,2.040477e+01,2.047468e+01,2.043274e+01,2.050262e+01,2.041875e+01,2.048865e+01,2.043274e+01,2.044672e+01,2.039778e+01,2.011063e+01,2.045371e+01,2.035581e+01,2.045371e+01,2.043274e+01,2.038379e+01,2.043274e+01,2.036280e+01,2.040477e+01,2.043274e+01,2.040477e+01,2.040477e+01,2.040477e+01,2.044672e+01,2.045371e+01,2.035581e+01,2.045371e+01,2.035581e+01,2.032782e+01,2.041176e+01,2.036980e+01,2.040477e+01,2.025781e+01,2.042575e+01,2.041875e+01,2.045371e+01,2.039778e+01,2.044672e+01,2.042575e+01,2.040477e+01,2.040477e+01,2.039078e+01,2.042575e+01,2.047468e+01,2.040477e+01,2.035581e+01,2.036280e+01,2.032782e+01,2.034881e+01,2.039778e+01,2.045371e+01,2.039778e+01,2.063528e+01,2.052358e+01,2.057246e+01,2.060039e+01,2.060736e+01,2.058643e+01,2.061434e+01,2.060039e+01,2.065621e+01,2.052358e+01,2.041875e+01,2.042575e+01,2.038379e+01,2.048865e+01,2.037679e+01,2.043274e+01,2.048865e+01,2.046769e+01,2.036980e+01,2.048865e+01,2.038379e+01,2.037679e+01,2.047468e+01,2.039078e+01,2.021578e+01,2.045371e+01,2.041875e+01,2.045371e+01,2.037679e+01,2.039078e+01,2.035581e+01,2.042575e+01,2.047468e+01,2.035581e+01,2.037679e+01,2.032082e+01,2.040477e+01,2.041176e+01,2.039778e+01,2.048166e+01,2.036980e+01,2.040477e+01,2.041875e+01,2.037679e+01,2.039078e+01,2.038379e+01,2.037679e+01,2.035581e+01,2.039078e+01,2.029282e+01,2.028582e+01,2.044672e+01,2.034881e+01,2.030682e+01,2.035581e+01,2.034181e+01,2.029282e+01,2.035581e+01,2.039778e+01,2.043973e+01,2.042575e+01,2.043274e+01,2.039078e+01,2.042575e+01,2.038379e+01,2.037679e+01,2.038379e+01,2.041176e+01,2.042575e+01,2.038379e+01,2.048865e+01,2.041176e+01,2.036280e+01,2.038379e+01,2.051660e+01,2.042575e+01,2.036980e+01,2.052358e+01,2.043973e+01,2.048166e+01,2.049564e+01,2.041875e+01,2.050961e+01,2.064225e+01,2.048166e+01,2.049564e+01,2.050262e+01,2.048865e+01,2.049564e+01,2.048166e+01,2.059340e+01,2.049564e+01,2.050262e+01,2.051660e+01,2.052358e+01,2.048166e+01,2.046769e+01,2.053755e+01,2.046070e+01,2.048166e+01,2.049564e+01,2.056548e+01,2.045371e+01,2.048865e+01,2.050961e+01,2.051660e+01,2.046769e+01,2.053057e+01,2.053755e+01,2.060039e+01,2.043274e+01,2.057246e+01,2.043274e+01,2.062830e+01,2.062132e+01,2.057246e+01,2.052358e+01,2.062132e+01,2.046769e+01,2.052358e+01,2.050262e+01,2.061434e+01,2.050262e+01,2.047468e+01,2.051660e+01,2.055850e+01,2.055152e+01,2.055850e+01,2.046769e+01,2.049564e+01,2.057246e+01,2.071897e+01,2.057246e+01,2.062830e+01,2.067713e+01,2.064923e+01,2.060736e+01,2.060039e+01,2.066318e+01,2.055152e+01,2.046070e+01,2.053755e+01,2.061434e+01,2.060736e+01,2.053755e+01,2.057944e+01,2.045371e+01,2.059340e+01,2.057944e+01,2.060736e+01,2.050961e+01,2.050262e+01,2.055850e+01,2.053755e+01,2.057246e+01,2.055152e+01,2.050961e+01,2.053057e+01,2.051660e+01,2.050961e+01,2.050961e+01,2.053057e+01,2.052358e+01,2.056548e+01,2.055152e+01,2.050961e+01,2.052358e+01,2.053057e+01,2.057944e+01,2.055850e+01,2.055152e+01,2.056548e+01,2.055850e+01,2.053755e+01,2.065621e+01,2.060039e+01,2.057246e+01,2.065621e+01,2.057944e+01,2.047468e+01,2.050262e+01,2.046769e+01,2.050961e+01,2.061434e+01,2.050961e+01,2.055152e+01,2.049564e+01,2.034181e+01,2.046070e+01,2.042575e+01,2.054453e+01,2.054453e+01,2.055152e+01,2.050961e+01,2.049564e+01,2.053755e+01,2.059340e+01,2.052358e+01,2.052358e+01,2.062132e+01,2.055152e+01,2.050262e+01,2.057246e+01,2.048166e+01,2.044672e+01,2.044672e+01,2.041176e+01,2.053057e+01,2.043973e+01,2.043274e+01,2.041176e+01,2.044672e+01,2.048865e+01,2.050961e+01,2.046070e+01,2.042575e+01,2.043973e+01,2.046070e+01,2.048166e+01,2.056548e+01,2.039778e+01,2.052358e+01,2.041176e+01,2.042575e+01,2.060039e+01,2.050262e+01,2.050262e+01,2.048166e+01,2.052358e+01,2.048865e+01,2.054453e+01,2.055850e+01,2.052358e+01,2.054453e+01,2.047468e+01,2.048166e+01,2.045371e+01,2.055850e+01,2.060736e+01,2.049564e+01,2.046070e+01,2.049564e+01,2.056548e+01,2.051660e+01,2.050262e+01,2.050262e+01,2.049564e+01,2.046070e+01,2.057944e+01,2.044672e+01,2.043274e+01,2.058643e+01,2.045371e+01,2.053057e+01,2.057944e+01,2.057246e+01,2.053057e+01,2.051660e+01,2.064225e+01,2.049564e+01,2.061434e+01,2.045371e+01,2.048865e+01,2.062132e+01,2.047468e+01,2.048166e+01,2.057944e+01,2.047468e+01,2.046769e+01,2.053057e+01,2.046769e+01,2.046769e+01,2.024380e+01,2.052358e+01,2.045371e+01,2.055850e+01,2.050262e+01,2.060736e+01,2.068410e+01,2.059340e+01,2.067016e+01,2.069108e+01,2.064923e+01,2.066318e+01,2.071200e+01,2.066318e+01,2.052358e+01,2.050961e+01,2.064923e+01,2.059340e+01,2.054453e+01,2.063528e+01,2.057944e+01,2.052358e+01,2.056548e+01,2.061434e+01,2.046769e+01,2.044672e+01,2.047468e+01,2.070502e+01,2.065621e+01,2.062830e+01,2.053057e+01,2.045371e+01,2.055152e+01,2.047468e+01,2.055850e+01,2.059340e+01,2.051660e+01,2.058643e+01,2.060736e+01,2.055152e+01,2.066318e+01,2.071200e+01,2.062830e+01,2.061434e+01,2.048166e+01,2.063528e+01,2.052358e+01,2.062830e+01,2.060039e+01,2.063528e+01,2.073988e+01,2.047468e+01,2.065621e+01,2.048865e+01,2.068410e+01,2.056548e+01,2.051660e+01,2.051660e+01,2.060039e+01,2.053057e+01,2.060039e+01,2.057246e+01,2.047468e+01,2.068410e+01,2.064923e+01,2.064225e+01,2.064225e+01,2.052358e+01,2.062132e+01,2.071897e+01,2.052358e+01,2.058643e+01
2.041875e+01,2.055152e+01,2.041176e+01,2.040477e+01,2.041176e+01,2.041176e+01,2.043274e+01,2.041176e+01,2.042575e+01,2.045371e+01,2.043973e+01,2.043274e+01,2.041176e+01,2.036980e+01,2.037679e+01,2.036280e+01,2.039078e+01,2.037679e+01,2.048865e+01,2.053755e+01,2.043274e+01,2.046070e+01,2.036280e+01,2.030682e+01,2.028582e+01,2.031382e+01,2.036280e+01,2.034181e+01,2.045371e+01,2.040477e+01,2.027881e+01,2.035581e+01,2.042575e+01,2.034881e+01,2.046070e+01,2.027181e+01,2.037679e+01,2.040477e+01,2.020877e+01,2.040477e+01,2.036980e+01,2.029282e+01,2.034181e+01,2.039778e+01,2.027181e+01,2.038379e+01,2.041875e+01,2.034881e+01,2.041875e+01,2.033481e+01,2.033481e+01,2.038379e+01,2.035581e+01,2.039778e+01,2.041875e+01,2.036980e+01,2.043973e+01,2.042575e+01,2.033481e+01,2.045371e+01,2.045371e+01,2.037679e+01,2.025781e+01,2.036980e+01,2.041176e+01,2.042575e+01,2.052358e+01,2.043274e+01,2.040477e+01,2.041875e+01,2.034881e+01,2.046769e+01,2.054453e+01,2.053057e+01,2.048865e+01,2.043274e+01,2.041176e+01,2.030682e+01,2.041176e+01,2.038379e+01,2.041875e+01,2.046769e+01,2.042575e+01,2.048166e+01,2.045371e+01,2.037679e+01,2.043274e+01,2.045371e+01,2.046769e+01,2.041875e+01,2.041875e+01,2.039778e+01,2.045371e+01,2.041875e+01,2.035581e+01,2.041176e+01,2.031382e+01,2.044672e+01,2.044672e+01,2.041875e+01,2.045371e+01,2.043973e+01,2.029982e+01,2.032782e+01,2.044672e+01,2.045371e+01,2.036980e+01,2.038379e+01,2.033481e+01,2.041176e+01,2.035581e+01,2.043973e+01,2.040477e+01,2.031382e+01,2.038379e+01,2.039078e+01,2.041875e+01,2.043973e+01,2.042575e+01,2.032782e+01,2.041176e+01,2.036980e+01,2.042575e+01,2.033481e+01,2.039778e+01,2.029982e+01,2.032082e+01,2.053057e+01,2.040477e+01,2.039778e+01,2.050262e+01,2.050961e+01,2.046070e+01,2.047468e+01,2.053057e+01,2.050961e+01,2.041176e+01,2.048865e+01,2.036280e+01,2.050961e+01,2.045371e+01,2.039778e+01,2.043973e+01,2.053755e+01,2.043274e+01,2.047468e+01,2.048865e+01,2.048865e+01,2.050262e+01,2.048166e+01,2.048166e+01,2.043973e+01,2.046070e+01,2.048865e+01,2.055850e+01,2.048865e+01,2.046769e+01,2.044672e+01,2.046769e+01,2.049564e+01,2.055850e+01,2.041176e+01,2.048166e+01,2.046769e+01,2.050262e+01,2.047468e+01,2.050262e+01,2.048865e+01,2.046070e+01,2.047468e+01,2.048166e+01,2.050961e+01,2.053755e+01,2.050961e+01,2.041875e+01,2.045371e+01,2.043274e+01,2.048166e+01,2.038379e+01,2.054453e+01,2.052358e+01,2.049564e+01,2.053057e+01,2.043973e+01,2.046769e+01,2.046070e+01,2.047468e+01,2.052358e+01,2.055850e+01,2.050961e+01,2.056548e+01,2.044672e+01,2.042575e+01,2.041176e+01,2.050961e+01,2.051660e+01,2.046070e+01,2.051660e+01,2.042575e+01,2.043274e+01,2.045371e+01,2.046769e+01,2.045371e+01,2.051660e+01,2.042575e+01,2.040477e+01,2.049564e+01,2.046769e+01,2.043274e+01,2.048166e+01,2.050262e+01,2.049564e+01,2.031382e+01,2.047468e+01,2.043973e+01,2.039778e+01,2.053755e+01,2.032082e+01,2.042575e+01,2.032082e+01,2.048865e+01,2.039778e+01,2.045371e+01,2.049564e+01,2.057246e+01,2.040477e+01,2.039778e+01,2.043274e+01,2.046769e+01,2.040477e+01,2.041176e+01,2.042575e+01,2.039078e+01,2.036980e+01,2.042575e+01,2.046769e+01,2.044672e+01,2.050262e+01,2.049564e+01,2.046070e+01,2.035581e+01,2.048865e+01,2.045371e+01,2.060039e+01,2.041176e+01,2.041176e+01,2.030682e+01,2.049564e+01,2.053755e+01,2.046769e+01,2.056548e+01,2.058643e+01,2.059340e+01,2.055152e+01,2.035581e+01,2.034881e+01,2.041176e+01,2.034181e+01,2.043973e+01,2.040477e+01,2.041875e+01,2.039778e+01,2.043973e+01,2.045371e+01,2.041875e+01,2.035581e+01,2.038379e+01,2.041176e+01,2.040477e+01,2.034881e+01,2.038379e+01,2.039078e+01,2.047468e+01,2.027181e+01,2.040477e+01,2.040477e+01,2.041875e+01,2.042575e+01,2.041875e+01,2.039078e+01,2.043274e+01,2.038379e+01,2.041176e+01,2.042575e+01,2.040477e+01,2.036280e+01,2.038379e+01,2.041176e+01,2.046070e+01,2.040477e+01,2.041176e+01,2.030682e+01,2.032782e+01,2.036280e+01,2.036980e+01,2.043274e+01,2.055850e+01,2.064923e+01,2.067713e+01,2.074685e+01,2.063528e+01,2.068410e+01,2.060736e+01,2.051660e+01,2.050961e+01,2.053057e+01,2.050961e+01,2.036980e+01,2.039778e+01,2.039078e+01,2.039078e+01,2.041176e+01,2.039778e+01,2.048865e+01,2.044672e+01,2.055850e+01,2.033481e+01,2.041176e+01,2.041875e+01,2.040477e+01,2.043973e+01,2.045371e+01,2.044672e+01,2.029982e+01,2.024380e+01,2.045371e+01,2.036980e+01,2.047468e+01,2.043274e+01,2.044672e+01,2.034181e+01,2.051660e+01,2.045371e+01,2.032082e+01,2.043274e+01,2.039078e+01,2.041176e+01,2.040477e+01,2.028582e+01,2.039778e+01,2.041176e+01,2.041875e+01,2.036980e+01,2.039078e+01,2.037679e+01,2.032082e+01,2.042575e+01,2.038379e+01,2.028582e+01,2.042575e+01,2.046769e+01,2.042575e+01,2.036280e+01,2.035581e+01,2.038379e+01,2.042575e+01,2.048865e+01,2.046070e+01,2.041875e+01,2.039078e+01,2.039078e+01,2.039778e+01,2.039078e+01,2.052358e+01,2.051660e+01,2.046070e+01,2.044672e+01,2.050262e+01,2.036280e+01,2.045371e+01,2.049564e+01,2.043274e+01,2.050262e+01,2.045371e+01,2.044672e+01,2.056548e+01,2.056548e+01,2.049564e+01,2.046769e+01,2.048166e+01,2.039078e+01,2.037679e+01,2.052358e+01,2.053057e+01,2.048865e+01,2.048166e+01,2.055152e+01,2.053057e+01,2.050961e+01,2.050961e+01,2.038379e+01,2.048865e+01,2.039778e+01,2.050961e+01,2.050961e+01,2.048166e+01,2.050262e+01,2.046070e+01,2.048166e+01,2.050262e+01,2.053057e+01,2.050961e+01,2.052358e+01,2.054453e+01,2.062132e+01,2.048166e+01,2.056548e+01,2.050961e+01,2.053755e+01,2.057246e+01,2.062830e+01,2.065621e+01,2.055850e+01,2.055152e+01,2.053057e+01,2.046769e+01,2.049564e+01,2.058643e+01,2.050961e+01,2.054453e+01,2.051660e+01,2.055152e+01,2.055850e+01,2.055152e+01,2.046769e+01,2.054453e+01,2.048865e+01,2.059340e+01,2.064923e+01,2.056548e+01,2.056548e+01,2.060039e+01,2.059340e+01,2.064923e+01,2.048865e+01,2.046769e+01,2.049564e+01,2.057246e+01,2.057944e+01,2.056548e+01,2.057944e+01,2.064225e+01,2.057246e+01,2.054453e+01,2.054453e+01,2.054453e+01,2.060039e+01,2.059340e+01,2.055152e+01,2.058643e+01,2.048166e+01,2.053755e+01,2.057944e+01,2.060039e+01,2.058643e+01,2.061434e+01,2.042575e+01,2.053755e+01,2.047468e+01,2.047468e+01,2.058643e+01,2.055152e+01,2.050262e+01,2.053057e+01,2.058643e+01,2.059340e+01,2.058643e+01,2.055152e+01,2.058643e+01,2.055152e+01,2.056548e+01,2.057246e+01,2.062132e+01,2.053755e+01,2.052358e+01,2.055152e+01,2.055850e+01,2.058643e+01,2.060736e+01,2.059340e+01,2.048166e+01,2.054453e+01,2.053755e+01,2.053057e+01,2.052358e+01,2.048865e+01,2.053755e+01,2.054453e+01,2.046769e+01,2.054453e+01,2.053057e+01,2.053057e+01,2.044672e+01,2.055152e+01,2.050262e+01,2.051660e+01,2.048865e+01,2.058643e+01,2.044672e+01,2.051660e+01,2.048865e+01,2.053755e+01,2.055152e+01,2.046070e+01,2.050961e+01,2.043274e+01,2.050262e+01,2.048865e+01,2.043973e+01,2.048166e+01,2.044672e+01,2.041176e+01,2.048166e+01,2.045371e+01,2.040477e+01,2.053755e+01,2.052358e+01,2.055152e+01,2.053057e+01,2.048865e+01,2.049564e+01,2.050961e+01,2.047468e+01,2.048865e+01,2.047468e+01,2.049564e+01,2.054453e+01,2.056548e+01,2.058643e+01,2.050961e+01,2.047468e+01,2.050262e+01,2.063528e+01,2.044672e+01,2.051660e+01,2.055850e+01,2.050961e+01,2.064225e+01,2.053755e+01,2.050961e+01,2.051660e+01,2.050262e+01,2.053057e+01,2.048166e+01,2.049564e+01,2.046769e+01,2.058643e+01,2.047468e+01,2.045371e+01,2.056548e+01,2.059340e+01,2.057246e+01,2.057246e+01,2.064225e+01,2.051660e+01,2.045371e+01,2.062830e+01,2.049564e+01,2.061434e+01,2.045371e+01,2.060039e+01,2.060736e+01,2.052358e+01,2.051660e+01,2.055850e+01,2.055850e+01,2.056548e+01,2.050961e+01,2.053755e+01,2.053755e+01,2.051660e+01,2.053057e+01,2.050961e+01,2.048865e+01,2.060736e+01,2.063528e+01,2.062830e+01,2.073291e+01,2.065621e+01,2.066318e+01,2.071200e+01,2.071200e+01,2.060039e+01,2.060736e+01,2.062132e+01,2.053057e+01,2.062830e+01,2.057246e+01,2.059340e+01,2.054453e+01,2.060039e+01,2.063528e+01,2.061434e+01,2.062830e+01,2.067713e+01,2.064225e+01,2.066318e+01,2.055152e+01,2.055152e+01,2.049564e+01,2.060736e+01,2.069805e+01,2.063528e+01,2.063528e+01,2.057246e+01,2.053755e+01,2.064225e+01,2.063528e+01,2.063528e+01,2.046769e+01,2.062830e+01,2.055850e+01,2.057944e+01,2.060736e+01,2.058643e+01,2.051660e+01,2.073291e+01,2.073291e+01,2.069108e+01,2.071200e+01,2.064923e+01,2.064923e+01,2.075382e+01,2.064225e+01,2.056548e+01,2.060736e+01,2.055152e+01,2.058643e+01,2.057246e+01,2.057944e+01,2.046070e+01,2.059340e+01,2.042575e+01,2.062132e+01,2.064225e+01,2.062830e+01,2.054453e+01,2.055850e+01,2.056548e+01,2.060039e+01
2.029282e+01,2.029282e+01,2.040477e+01,2.054453e+01,2.039078e+01,2.028582e+01,2.039778e+01,2.040477e+01,2.042575e+01,2.036980e+01,2.036280e+01,2.039078e+01,2.038379e+01,2.036980e+01,2.039078e+01,2.036980e+01,2.032082e+01,2.040477e+01,2.051660e+01,2.028582e+01,2.036980e+01,2.034181e+01,2.036980e+01,2.045371e+01,1.995621e+01,2.031382e+01,2.041875e+01,2.039078e+01,2.028582e+01,2.032082e+01,2.046769e+01,2.034881e+01,2.032782e+01,2.038379e+01,2.032082e+01,2.021578e+01,2.039078e+01,2.032782e+01,2.030682e+01,2.038379e+01,2.030682e+01,2.030682e+01,2.031382e+01,2.041176e+01,2.027181e+01,2.029982e+01,2.033481e+01,2.045371e+01,2.049564e+01,2.041176e+01,2.037679e+01,2.032782e+01,2.032782e+01,2.032782e+01,2.043274e+01,2.042575e+01,2.042575e+01,2.046769e+01,2.043973e+01,2.053057e+01,2.035581e+01,2.041875e+01,2.041176e+01,2.037679e+01,2.037679e+01,2.039778e+01,2.046070e+01,2.035581e+01,2.046769e+01,2.034881e+01,2.037679e+01,2.037679e+01,2.034881e+01,2.034181e+01,2.039778e+01,2.043973e+01,2.027181e+01,2.041875e+01,2.038379e+01,2.034181e+01,2.048166e+01,2.039778e+01,2.046070e+01,2.025781e+01,2.037679e+01,2.037679e+01,2.046769e+01,2.045371e+01,2.041176e+01,2.048865e+01,2.039778e+01,2.036980e+01,2.043274e+01,2.043274e+01,2.045371e+01,2.040477e+01,2.035581e+01,2.044672e+01,2.039778e+01,2.031382e+01,2.034881e+01,2.039778e+01,2.046769e+01,2.034881e+01,2.033481e+01,2.027881e+01,2.037679e+01,2.039078e+01,2.043274e+01,2.032082e+01,2.022979e+01,2.027881e+01,2.028582e+01,2.027881e+01,2.046769e+01,2.041176e+01,2.035581e+01,2.043973e+01,2.046070e+01,2.038379e+01,2.036280e+01,2.041875e+01,2.036980e+01,2.032782e+01,2.037679e+01,2.041176e+01,2.042575e+01,2.033481e+01,2.036280e+01,2.039078e+01,2.040477e+01,2.049564e+01,2.034181e+01,2.039078e+01,2.034881e+01,2.040477e+01,2.041176e+01,2.039778e+01,2.043973e+01,2.041176e+01,2.055152e+01,2.047468e+01,2.036980e+01,2.046070e+01,2.052358e+01,2.050262e+01,2.058643e+01,2.053755e+01,2.049564e+01,2.048166e+01,2.049564e+01,2.053057e+01,2.048865e+01,2.064923e+01,2.048865e+01,2.053755e+01,2.048865e+01,2.052358e+01,2.052358e+01,2.050961e+01,2.046769e+01,2.043973e+01,2.041176e+01,2.053755e+01,2.050262e+01,2.050262e+01,2.048865e+01,2.048166e+01,2.048166e+01,2.050961e+01,2.048865e+01,2.040477e+01,2.034881e+01,2.039078e+01,2.050262e+01,2.054453e+01,2.053057e+01,2.051660e+01,2.043973e+01,2.039778e+01,2.053755e+01,2.038379e+01,2.050262e+01,2.051660e+01,2.054453e+01,2.054453e+01,2.038379e+01,2.038379e+01,2.047468e+01,2.050262e+01,2.046769e+01,2.055152e+01,2.039078e+01,2.048865e+01,2.051660e+01,2.054453e+01,2.046769e+01,2.044672e+01,2.049564e+01,2.048166e+01,2.043973e+01,2.050961e+01,2.042575e+01,2.050961e+01,2.046070e+01,2.043973e+01,2.048166e+01,2.044672e+01,2.049564e+01,2.046070e+01,2.046070e+01,2.041875e+01,2.050961e+01,2.044672e+01,2.046070e+01,2.047468e+01,2.045371e+01,2.045371e+01,2.047468e+01,2.050262e+01,2.046769e+01,2.055152e+01,2.034881e+01,2.054453e+01,2.044672e+01,2.041176e+01,2.048166e+01,2.046070e+01,2.055152e+01,2.039778e+01,2.038379e+01,2.038379e+01,2.043973e+01,2.036980e+01,2.047468e+01,2.038379e+01,2.058643e+01,2.046769e+01,2.049564e+01,2.039778e+01,2.041875e+01,2.039078e+01,2.043274e+01,2.040477e+01,2.039778e+01,2.040477e+01,2.041875e+01,2.055152e+01,2.057944e+01,2.053057e+01,2.046070e+01,2.055850e+01,2.059340e+01,2.036980e+01,2.032082e+01,2.029982e+01,2.038379e+01,2.041875e+01,2.044672e+01,2.036980e+01,2.037679e+01,2.039078e+01,2.035581e+01,2.027181e+01,2.035581e+01,2.053755e+01,2.041176e+01,2.037679e+01,2.035581e+01,2.034881e+01,2.041875e+01,2.043274e+01,2.036980e+01,2.043973e+01,2.036980e+01,2.039078e+01,2.041875e+01,2.043973e+01,2.039078e+01,2.039778e+01,2.039778e+01,2.041176e+01,2.046070e+01,2.036280e+01,2.043274e+01,2.043973e+01,2.038379e+01,2.046070e+01,2.040477e+01,2.038379e+01,2.044672e+01,2.037679e+01,2.045371e+01,2.045371e+01,2.041176e+01,2.048166e+01,2.054453e+01,2.058643e+01,2.060736e+01,2.059340e+01,2.079562e+01,2.068410e+01,2.074685e+01,2.069108e+01,2.064923e+01,2.057944e+01,2.046070e+01,2.052358e+01,2.040477e+01,2.036280e+01,2.051660e+01,2.037679e+01,2.038379e+01,2.049564e+01,2.046070e+01,2.036280e+01,2.039778e+01,2.039778e+01,2.050961e+01,2.041176e+01,2.039078e+01,2.045371e+01,2.043973e+01,2.043973e+01,2.016672e+01,2.046769e+01,2.048865e+01,2.030682e+01,2.032082e+01,2.034181e+01,2.037679e+01,2.038379e+01,2.043274e+01,2.041875e+01,2.042575e+01,2.031382e+01,2.036280e+01,2.043274e+01,2.030682e+01,2.041875e+01,2.038379e+01,2.041176e+01,2.039078e+01,2.034881e+01,2.034181e+01,2.034881e+01,2.032782e+01,2.033481e+01,2.032782e+01,2.034181e+01,2.034881e+01,2.037679e+01,2.036280e+01,2.037679e+01,2.041176e+01,2.043274e+01,2.046070e+01,2.043274e+01,2.035581e+01,2.044672e+01,2.041875e+01,2.039778e+01,2.042575e+01,2.051660e+01,2.048865e+01,2.046070e+01,2.037679e+01,2.053755e+01,2.045371e+01,2.043973e+01,2.044672e+01,2.043274e+01,2.043973e+01,2.046769e+01,2.043274e+01,2.042575e+01,2.034881e+01,2.048865e+01,2.045371e+01,2.046769e+01,2.052358e+01,2.039078e+01,2.050961e+01,2.055152e+01,2.055850e+01,2.053057e+01,2.053755e+01,2.052358e+01,2.052358e+01,2.041875e+01,2.049564e+01,2.045371e+01,2.049564e+01,2.050262e+01,2.046769e+01,2.045371e+01,2.051660e+01,2.048865e+01,2.048865e+01,2.047468e+01,2.052358e+01,2.050262e+01,2.058643e+01,2.047468e+01,2.061434e+01,2.050262e+01,2.040477e+01,2.050262e+01,2.038379e+01,2.060736e+01,2.050262e+01,2.054453e+01,2.055152e+01,2.059340e+01,2.053755e+01,2.053057e+01,2.056548e+01,2.057944e+01,2.052358e+01,2.053755e+01,2.055850e+01,2.055850e+01,2.055850e+01,2.049564e+01,2.053057e+01,2.058643e+01,2.060039e+01,2.048865e+01,2.048166e+01,2.065621e+01,2.053755e+01,2.058643e+01,2.060736e+01,2.060736e+01,2.064225e+01,2.062830e+01,2.055152e+01,2.055850e+01,2.055152e+01,2.051660e+01,2.045371e+01,2.061434e+01,2.051660e+01,2.051660e+01,2.054453e+01,2.060736e+01,2.055850e+01,2.056548e+01,2.059340e+01,2.051660e+01,2.057246e+01,2.053057e+01,2.060039e+01,2.058643e+01,2.049564e+01,2.062132e+01,2.054453e+01,2.057246e+01,2.050961e+01,2.055850e+01,2.055850e+01,2.050262e+01,2.053755e+01,2.062830e+01,2.062830e+01,2.060039e+01,2.056548e+01,2.057944e+01,2.058643e+01,2.057246e+01,2.057246e+01,2.061434e+01,2.058643e+01,2.064923e+01,2.053755e+01,2.048865e+01,2.050262e+01,2.048865e+01,2.050961e+01,2.052358e+01,2.053755e+01,2.064225e+01,2.055850e+01,2.051660e+01,2.048865e+01,2.051660e+01,2.054453e+01,2.059340e+01,2.063528e+01,2.053057e+01,2.050961e+01,2.056548e+01,2.054453e+01,2.054453e+01,2.054453e+01,2.063528e+01,2.048865e+01,2.058643e+01,2.048865e+01,2.054453e+01,2.057246e+01,2.053057e+01,2.053057e+01,2.041875e+01,2.050961e+01,2.043274e+01,2.046769e+01,2.048166e+01,2.046769e+01,2.048865e+01,2.048865e+01,2.048166e+01,2.046769e+01,2.044672e+01,2.043274e+01,2.052358e+01,2.040477e+01,2.031382e+01,2.053057e+01,2.053057e+01,2.059340e+01,2.050262e+01,2.048865e+01,2.048166e+01,2.047468e+01,2.048865e+01,2.051660e+01,2.053057e+01,2.045371e+01,2.048166e+01,2.048865e+01,2.061434e+01,2.046769e+01,2.048865e+01,2.053057e+01,2.060039e+01,2.063528e+01,2.059340e+01,2.048865e+01,2.063528e+01,2.048166e+01,2.054453e+01,2.063528e+01,2.045371e+01,2.048865e+01,2.050262e+01,2.054453e+01,2.056548e+01,2.055152e+01,2.056548e+01,2.055850e+01,2.053755e+01,2.055152e+01,2.067016e+01,2.055152e+01,2.063528e+01,2.047468e+01,2.044672e+01,2.057246e+01,2.058643e+01,2.053755e+01,2.067016e+01,2.061434e+01,2.073988e+01,2.052358e+01,2.048166e+01,2.048865e+01,2.055850e+01,2.050262e+01,2.050961e+01,2.052358e+01,2.050961e+01,2.050262e+01,2.049564e+01,2.052358e+01,2.071897e+01,2.073988e+01,2.067713e+01,2.066318e+01,2.066318e+01,2.067016e+01,2.069108e+01,2.055152e+01,2.076079e+01,2.067016e+01,2.049564e+01,2.053057e+01,2.053057e+01,2.053057e+01,2.052358e+01,2.060039e+01,2.047468e+01,2.057944e+01,2.070502e+01,2.046769e+01,2.048166e+01,2.072594e+01,2.053755e+01,2.060039e+01,2.061434e+01,2.071897e+01,2.060736e+01,2.060039e+01,2.066318e+01,2.050961e+01,2.057246e+01,2.061434e+01,2.055152e+01,2.066318e+01,2.057944e+01,2.055850e+01,2.048166e+01,2.062132e+01,2.064923e+01,2.060736e+01,2.053057e+01,2.060039e+01,2.073291e+01,2.077472e+01,2.058643e+01,2.055152e+01,2.059340e+01,2.047468e+01,2.060039e+01,2.060736e+01,2.062132e+01,2.056548e+01,2.047468e+01,2.058643e+01,2.059340e+01,2.050262e+01,2.038379e+01,2.067016e+01,2.062830e+01,2.043274e+01,2.061434e+01,2.062830e+01,2.050961e+01,2.073291e+01,2.062830e+01
2.027181e+01,2.046769e+01,2.029982e+01,2.037679e+01,2.039778e+01,2.035581e+01,2.050262e+01,2.041176e+01,2.035581e+01,2.036980e+01,2.034181e+01,2.039078e+01,2.032082e+01,2.039078e+01,2.046070e+01,2.036980e+01,2.036280e+01,2.039778e+01,2.036980e+01,2.035581e+01,2.034181e+01,2.018775e+01,2.032782e+01,2.033481e+01,2.034881e+01,2.036980e+01,2.034881e+01,2.038379e+01,2.029282e+01,2.024380e+01,2.031382e+01,2.019476e+01,2.029982e+01,2.034881e+01,2.042575e+01,2.022979e+01,2.025080e+01,2.027881e+01,2.039078e+01,2.039078e+01,2.039778e+01,2.034881e+01,2.039778e+01,2.040477e+01,2.036980e+01,2.032782e+01,2.044672e+01,2.031382e+01,2.044672e+01,2.043274e+01,2.041875e+01,2.032782e+01,2.035581e+01,2.039778e+01,2.041875e+01,2.036980e+01,2.036980e+01,2.038379e+01,2.044672e+01,2.038379e+01,2.035581e+01,2.040477e+01,2.029982e+01,2.039778e+01,2.043274e+01,2.035581e+01,2.032782e+01,2.034181e+01,2.043973e+01,2.051660e+01,2.035581e+01,2.032082e+01,2.032082e+01,2.039078e+01,2.042575e+01,2.041875e+01,2.035581e+01,2.038379e+01,2.027181e+01,2.040477e+01,2.041176e+01,2.042575e+01,2.036980e+01,2.036980e+01,2.040477e+01,2.035581e+01,2.040477e+01,2.041176e+01,2.041176e+01,2.041176e+01,2.036980e+01,2.038379e+01,2.043973e+01,2.050961e+01,2.046070e+01,2.053755e+01,2.041176e+01,2.041176e+01,2.034881e+01,2.033481e+01,2.043274e+01,2.040477e+01,2.026481e+01,2.028582e+01,2.039778e+01,2.029282e+01,2.039778e+01,2.031382e+01,2.039778e+01,2.030682e+01,2.034181e+01,2.045371e+01,2.029982e+01,2.036280e+01,2.030682e+01,2.039778e+01,2.048865e+01,2.044672e+01,2.039078e+01,2.044672e+01,2.043973e+01,2.043274e+01,2.037679e+01,2.040477e+01,2.040477e+01,2.040477e+01,2.036980e+01,2.037679e+01,2.036980e+01,2.027181e+01,2.042575e+01,2.039778e+01,2.035581e+01,2.038379e+01,2.036280e+01,2.038379e+01,2.045371e+01,2.036280e+01,2.044672e+01,2.036980e+01,2.043973e+01,2.044672e+01,2.050262e+01,2.048166e+01,2.048166e+01,2.041875e+01,2.043274e+01,2.049564e+01,2.049564e+01,2.054453e+01,2.060736e+01,2.043973e+01,2.046769e+01,2.048865e+01,2.047468e+01,2.048865e+01,2.046070e+01,2.046070e+01,2.050262e+01,2.050262e+01,2.047468e+01,2.046769e+01,2.046070e+01,2.044672e+01,2.053057e+01,2.048166e+01,2.055152e+01,2.050961e+01,2.048865e+01,2.047468e+01,2.034881e+01,2.049564e+01,2.045371e+01,2.047468e+01,2.046769e+01,2.042575e+01,2.047468e+01,2.043973e+01,2.040477e+01,2.039778e+01,2.047468e+01,2.035581e+01,2.051660e+01,2.046769e+01,2.049564e+01,2.044672e+01,2.053057e+01,2.053057e+01,2.056548e+01,2.045371e+01,2.043274e+01,2.039078e+01,2.051660e+01,2.043274e+01,2.050961e+01,2.055850e+01,2.050961e+01,2.043274e+01,2.046070e+01,2.048865e+01,2.050961e+01,2.048166e+01,2.055850e+01,2.044672e+01,2.046769e+01,2.051660e+01,2.048166e+01,2.043274e+01,2.044672e+01,2.048166e+01,2.051660e+01,2.047468e+01,2.041176e+01,2.046769e+01,2.047468e+01,2.048865e+01,2.046769e+01,2.046070e+01,2.053755e+01,2.048166e+01,2.034881e+01,2.048865e+01,2.046769e+01,2.048865e+01,2.048865e+01,2.039778e+01,2.058643e+01,2.045371e+01,2.057944e+01,2.056548e+01,2.048166e+01,2.043973e+01,2.036980e+01,2.036280e+01,2.043973e+01,2.037679e+01,2.048865e+01,2.053057e+01,2.055850e+01,2.059340e+01,2.034181e+01,2.049564e+01,2.057246e+01,2.062132e+01,2.060736e+01,2.040477e+01,2.041875e+01,2.043274e+01,2.053755e+01,2.043973e+01,2.041875e+01,2.057944e+01,2.048166e+01,2.039778e+01,2.046070e+01,2.038379e+01,2.033481e+01,2.031382e+01,2.038379e+01,2.045371e+01,2.043274e+01,2.044672e+01,2.046070e+01,2.051660e+01,2.049564e+01,2.042575e+01,2.041176e+01,2.050961e+01,2.040477e+01,2.033481e+01,2.033481e+01,2.044672e+01,2.039778e+01,2.018074e+01,2.040477e+01,2.039078e+01,2.042575e+01,2.036980e+01,2.039078e+01,2.041176e+01,2.043274e+01,2.042575e+01,2.042575e+01,2.040477e+01,2.034881e+01,2.037679e+01,2.041875e+01,2.046070e+01,2.043973e+01,2.044672e+01,2.042575e+01,2.037679e+01,2.035581e+01,2.036980e+01,2.043274e+01,2.046070e+01,2.042575e+01,2.055152e+01,2.062830e+01,2.063528e+01,2.062132e+01,2.063528e+01,2.066318e+01,2.053057e+01,2.053057e+01,2.049564e+01,2.044672e+01,2.029982e+01,2.034881e+01,2.033481e+01,2.041176e+01,2.037679e+01,2.041176e+01,2.038379e+01,2.039778e+01,2.038379e+01,2.042575e+01,2.044672e+01,2.048865e+01,2.034181e+01,2.036980e+01,2.032082e+01,2.035581e+01,2.034881e+01,2.043274e+01,2.046070e+01,2.035581e+01,2.031382e+01,2.034881e+01,2.031382e+01,2.039778e+01,2.032782e+01,2.033481e+01,2.037679e+01,2.043973e+01,2.041875e+01,2.031382e+01,2.034881e+01,2.028582e+01,2.025080e+01,2.040477e+01,2.043274e+01,2.037679e+01,2.037679e+01,2.034881e+01,2.034181e+01,2.036280e+01,2.032082e+01,2.033481e+01,2.039078e+01,2.035581e+01,2.040477e+01,2.040477e+01,2.043274e+01,2.038379e+01,2.034881e+01,2.045371e+01,2.039078e+01,2.050961e+01,2.036980e+01,2.042575e+01,2.043973e+01,2.036980e+01,2.038379e+01,2.039778e+01,2.045371e+01,2.036280e+01,2.037679e+01,2.038379e+01,2.040477e+01,2.040477e+01,2.044672e+01,2.048166e+01,2.041176e+01,2.043973e+01,2.047468e+01,2.039078e+01,2.041875e+01,2.039078e+01,2.051660e+01,2.039078e+01,2.042575e+01,2.050262e+01,2.046769e+01,2.062830e+01,2.053057e+01,2.045371e+01,2.039778e+01,2.041176e+01,2.039078e+01,2.046769e+01,2.043274e+01,2.043274e+01,2.048166e+01,2.041176e+01,2.047468e+01,2.045371e+01,2.046769e+01,2.058643e+01,2.047468e+01,2.052358e+01,2.055850e+01,2.048865e+01,2.051660e+01,2.052358e+01,2.039778e+01,2.049564e+01,2.039778e+01,2.043274e+01,2.051660e+01,2.054453e+01,2.053755e+01,2.046070e+01,2.060736e+01,2.040477e+01,2.057944e+01,2.057944e+01,2.055850e+01,2.053057e+01,2.039078e+01,2.053057e+01,2.055850e+01,2.035581e+01,2.052358e+01,2.053755e+01,2.050961e+01,2.066318e+01,2.050262e+01,2.046769e+01,2.057944e+01,2.057246e+01,2.050262e+01,2.050961e+01,2.060736e+01,2.060736e+01,2.059340e+01,2.051660e+01,2.048166e+01,2.048166e+01,2.055152e+01,2.050262e+01,2.052358e+01,2.058643e+01,2.055850e+01,2.053057e+01,2.053057e+01,2.049564e+01,2.052358e+01,2.060039e+01,2.042575e+01,2.056548e+01,2.064225e+01,2.053755e+01,2.067713e+01,2.055850e+01,2.056548e+01,2.055152e+01,2.055152e+01,2.060039e+01,2.053755e+01,2.050961e+01,2.047468e+01,2.051660e+01,2.049564e+01,2.050262e+01,2.049564e+01,2.051660e+01,2.052358e+01,2.057246e+01,2.057246e+01,2.060736e+01,2.055850e+01,2.052358e+01,2.066318e+01,2.056548e+01,2.048865e+01,2.060039e+01,2.051660e+01,2.052358e+01,2.055850e+01,2.050262e+01,2.054453e+01,2.053755e+01,2.075382e+01,2.049564e+01,2.050961e+01,2.054453e+01,2.047468e+01,2.052358e+01,2.051660e+01,2.050961e+01,2.050961e+01,2.037679e+01,2.050961e+01,2.048865e+01,2.046769e+01,2.056548e+01,2.048166e+01,2.063528e+01,2.052358e+01,2.046769e+01,2.044672e+01,2.044672e+01,2.053755e+01,2.050262e+01,2.043274e+01,2.047468e+01,2.047468e+01,2.048166e+01,2.039778e+01,2.071200e+01,2.050262e+01,2.050961e+01,2.051660e+01,2.049564e+01,2.052358e+01,2.053755e+01,2.054453e+01,2.049564e+01,2.050262e+01,2.046769e+01,2.050961e+01,2.047468e+01,2.048865e+01,2.048865e+01,2.048166e+01,2.048865e+01,2.055152e+01,2.055152e+01,2.050961e+01,2.058643e+01,2.046070e+01,2.050961e+01,2.049564e+01,2.048166e+01,2.056548e+01,2.048166e+01,2.051660e+01,2.048166e+01,2.055850e+01,2.057944e+01,2.059340e+01,2.060736e+01,2.051660e+01,2.065621e+01,2.060039e+01,2.061434e+01,2.047468e+01,2.063528e+01,2.062132e+01,2.033481e+01,2.048166e+01,2.057246e+01,2.054453e+01,2.054453e+01,2.054453e+01,2.060039e+01,2.046070e+01,2.048865e+01,2.053755e+01,2.046070e+01,2.046769e+01,2.055850e+01,2.063528e+01,2.048865e+01,2.050961e+01,2.062132e+01,2.052358e+01,2.050262e+01,2.052358e+01,2.051660e+01,2.057944e+01,2.048865e+01,2.048166e+01,2.057246e+01,2.064923e+01,2.066318e+01,2.066318e+01,2.060736e+01,2.053755e+01,2.051660e+01,2.056548e+01,2.069108e+01,2.064225e+01,2.060039e+01,2.069108e+01,2.053755e+01,2.057944e+01,2.061434e+01,2.055850e+01,2.054453e+01,2.069805e+01,2.045371e+01,2.062830e+01,2.061434e+01,2.067016e+01,2.069805e+01,2.039778e+01,2.063528e+01,2.060736e+01,2.059340e+01,2.051660e+01,2.057246e+01,2.063528e+01,2.066318e+01,2.051660e+01,2.057944e+01,2.064225e+01,2.057944e+01,2.062830e+01,2.073988e+01,2.060039e+01,2.057246e+01,2.066318e+01,2.053755e+01,2.062132e+01,2.070502e+01,2.052358e+01,2.060736e+01,2.053755e+01,2.067713e+01,2.065621e+01,2.048865e+01,2.067016e+01,2.057944e+01,2.054453e+01,2.055850e+01,2.064923e+01,2.046070e+01,2.058643e+01,2.070502e+01,2.058643e+01,2.060736e+01,2.052358e+01,2.062132e+01,2.048865e+01,2.073988e+01,2.046769e+01,2.055850e+01,2.062830e+01
2.053057e+01,2.039778e+01,2.028582e+01,2.050961e+01,2.050961e+01,2.036980e+01,2.041875e+01,2.037679e+01,2.032782e+01,2.033481e+01,2.033481e+01,2.032782e+01,2.034181e+01,2.038379e+01,2.068410e+01,2.038379e+01,2.039078e+01,2.038379e+01,2.036280e+01,2.046769e+01,2.027181e+01,2.036280e+01,2.041875e+01,2.035581e+01,2.038379e+01,2.034881e+01,2.031382e+01,2.032782e+01,2.034181e+01,2.034181e+01,2.027181e+01,2.032782e+01,2.040477e+01,2.029982e+01,2.043973e+01,2.048166e+01,2.039778e+01,2.047468e+01,2.026481e+01,2.029982e+01,2.030682e+01,2.044672e+01,2.032082e+01,2.035581e+01,2.047468e+01,2.048166e+01,2.047468e+01,2.030682e+01,2.040477e+01,2.037679e+01,2.034181e+01,2.034181e+01,2.032082e+01,2.033481e+01,2.028582e+01,2.043274e+01,2.039778e+01,2.040477e+01,2.043274e+01,2.038379e+01,2.050961e+01,2.034881e+01,2.057246e+01,2.032082e+01,2.038379e+01,2.037679e+01,2.036280e+01,2.045371e+01,2.042575e+01,2.032782e+01,2.030682e+01,2.032082e+01,2.041176e+01,2.043973e+01,2.033481e+01,2.039078e+01,2.043274e+01,2.036280e+01,2.042575e+01,2.044672e+01,2.046070e+01,2.044672e+01,2.032782e+01,2.035581e+01,2.043274e+01,2.039078e+01,2.041176e+01,2.039778e+01,2.036980e+01,2.038379e+01,2.040477e+01,2.048166e+01,2.042575e+01,2.043973e+01,2.041875e+01,2.041176e+01,2.042575e+01,2.043973e+01,2.041176e+01,2.042575e+01,2.033481e+01,2.034881e+01,2.039078e+01,2.033481e+01,2.031382e+01,2.027881e+01,2.037679e+01,2.032082e+01,2.040477e+01,2.047468e+01,2.029282e+01,2.043274e+01,2.036280e+01,2.037679e+01,2.045371e+01,2.040477e+01,2.044672e+01,2.043274e+01,2.043274e+01,2.044672e+01,2.031382e+01,2.039078e+01,2.043274e+01,2.042575e+01,2.040477e+01,2.040477e+01,2.042575e+01,2.043274e+01,2.034881e+01,2.039778e+01,2.046769e+01,2.037679e+01,2.038379e+01,2.041875e+01,2.039078e+01,2.058643e+01,2.038379e+01,2.044672e+01,2.033481e+01,2.025080e+01,2.037679e+01,2.037679e+01,2.046070e+01,2.047468e+01,2.048166e+01,2.048166e+01,2.050262e+01,2.046070e+01,2.043973e+01,2.055152e+01,2.048166e+01,2.042575e+01,2.052358e+01,2.059340e+01,2.052358e+01,2.045371e+01,2.048166e+01,2.048166e+01,2.048865e+01,2.060039e+01,2.050262e+01,2.047468e+01,2.055850e+01,2.047468e+01,2.051660e+01,2.060039e+01,2.049564e+01,2.050262e+01,2.046769e+01,2.060736e+01,2.048166e+01,2.046070e+01,2.048865e+01,2.055152e+01,2.051660e+01,2.058643e+01,2.060039e+01,2.049564e+01,2.038379e+01,2.054453e+01,2.055152e+01,2.050961e+01,2.051660e+01,2.050262e+01,2.049564e+01,2.066318e+01,2.054453e+01,2.050262e+01,2.053755e+01,2.039778e+01,2.060736e+01,2.040477e+01,2.051660e+01,2.053755e+01,2.048865e+01,2.042575e+01,2.055152e+01,2.056548e+01,2.062830e+01,2.046070e+01,2.056548e+01,2.050262e+01,2.044672e+01,2.049564e+01,2.046769e+01,2.038379e+01,2.045371e+01,2.044672e+01,2.049564e+01,2.048166e+01,2.041176e+01,2.048166e+01,2.050262e+01,2.050961e+01,2.050262e+01,2.049564e+01,2.048166e+01,2.046070e+01,2.044672e+01,2.051660e+01,2.043973e+01,2.050961e+01,2.059340e+01,2.060736e+01,2.069108e+01,2.047468e+01,2.061434e+01,2.067713e+01,2.054453e+01,2.060039e+01,2.061434e+01,2.062830e+01,2.066318e+01,2.063528e+01,2.067713e+01,2.067713e+01,2.072594e+01,2.067016e+01,2.060039e+01,2.058643e+01,2.055850e+01,2.051660e+01,2.038379e+01,2.062132e+01,2.067016e+01,2.041176e+01,2.060736e+01,2.059340e+01,2.056548e+01,2.060736e+01,2.059340e+01,2.041875e+01,2.054453e+01,2.057246e+01,2.035581e+01,2.034881e+01,2.036280e+01,2.037679e+01,2.036980e+01,2.043973e+01,2.049564e+01,2.047468e+01,2.046070e+01,2.045371e+01,2.032782e+01,2.035581e+01,2.039778e+01,2.039078e+01,2.037679e+01,2.038379e+01,2.034881e+01,2.036280e+01,2.036980e+01,2.022979e+01,2.036980e+01,2.037679e+01,2.039078e+01,2.043973e+01,2.035581e+01,2.041176e+01,2.043274e+01,2.041176e+01,2.045371e+01,2.039778e+01,2.046070e+01,2.039078e+01,2.041875e+01,2.044672e+01,2.042575e+01,2.042575e+01,2.042575e+01,2.039778e+01,2.036280e+01,2.038379e+01,2.041875e+01,2.051660e+01,2.050262e+01,2.062830e+01,2.064225e+01,2.065621e+01,2.055152e+01,2.057246e+01,2.072594e+01,2.064225e+01,2.056548e+01,2.048166e+01,2.055850e+01,2.056548e+01,2.036280e+01,2.036980e+01,2.049564e+01,2.045371e+01,2.044672e+01,2.048166e+01,2.046769e+01,2.053755e+01,2.046769e+01,2.044672e+01,2.047468e+01,2.043274e+01,2.050262e+01,2.039078e+01,2.041176e+01,2.035581e+01,2.032782e+01,2.039778e+01,2.044672e+01,2.045371e+01,2.032082e+01,2.038379e+01,2.031382e+01,2.041176e+01,2.043274e+01,2.040477e+01,2.041875e+01,2.038379e+01,2.033481e+01,2.043274e+01,2.046769e+01,2.038379e+01,2.028582e+01,2.039078e+01,2.030682e+01,2.036980e+01,2.036280e+01,2.035581e+01,2.043274e+01,2.036980e+01,2.046769e+01,2.037679e+01,2.036280e+01,2.041875e+01,2.034881e+01,2.035581e+01,2.041176e+01,2.040477e+01,2.043973e+01,2.041875e+01,2.043274e+01,2.053057e+01,2.045371e+01,2.040477e+01,2.040477e+01,2.045371e+01,2.046769e+01,2.050961e+01,2.045371e+01,2.039778e+01,2.053057e+01,2.037679e+01,2.046070e+01,2.043274e+01,2.040477e+01,2.041875e+01,2.043973e+01,2.045371e+01,2.046070e+01,2.040477e+01,2.040477e+01,2.049564e+01,2.038379e+01,2.049564e+01,2.059340e+01,2.044672e+01,2.047468e+01,2.056548e+01,2.038379e+01,2.055850e+01,2.056548e+01,2.047468e+01,2.051660e+01,2.049564e+01,2.050961e+01,2.050961e+01,2.048865e+01,2.049564e+01,2.046070e+01,2.050262e+01,2.049564e+01,2.050262e+01,2.046769e+01,2.058643e+01,2.050262e+01,2.058643e+01,2.046070e+01,2.058643e+01,2.040477e+01,2.050262e+01,2.053755e+01,2.058643e+01,2.046070e+01,2.059340e+01,2.056548e+01,2.053755e+01,2.060736e+01,2.034181e+01,2.052358e+01,2.063528e+01,2.054453e+01,2.051660e+01,2.058643e+01,2.054453e+01,2.057246e+01,2.055152e+01,2.050961e+01,2.055152e+01,2.063528e+01,2.085134e+01,2.064225e+01,2.052358e+01,2.064923e+01,2.068410e+01,2.063528e+01,2.057944e+01,2.062830e+01,2.054453e+01,2.057246e+01,2.050961e+01,2.062830e+01,2.053057e+01,2.048865e+01,2.055850e+01,2.055850e+01,2.055850e+01,2.063528e+01,2.055152e+01,2.055850e+01,2.058643e+01,2.039778e+01,2.057944e+01,2.063528e+01,2.059340e+01,2.055152e+01,2.060039e+01,2.062830e+01,2.064225e+01,2.063528e+01,2.056548e+01,2.048865e+01,2.055850e+01,2.055152e+01,2.043973e+01,2.057944e+01,2.056548e+01,2.068410e+01,2.053057e+01,2.080955e+01,2.050961e+01,2.063528e+01,2.055850e+01,2.067016e+01,2.057246e+01,2.057246e+01,2.060039e+01,2.053057e+01,2.048166e+01,2.065621e+01,2.055152e+01,2.049564e+01,2.055152e+01,2.054453e+01,2.056548e+01,2.056548e+01,2.053057e+01,2.055152e+01,2.055152e+01,2.055152e+01,2.062830e+01,2.062132e+01,2.060736e+01,2.061434e+01,2.033481e+01,2.053755e+01,2.054453e+01,2.069805e+01,2.053057e+01,2.065621e+01,2.059340e+01,2.053057e+01,2.060039e+01,2.041875e+01,2.048166e+01,2.047468e+01,2.048865e+01,2.053057e+01,2.053755e+01,2.041176e+01,2.052358e+01,2.050262e+01,2.044672e+01,2.046769e+01,2.053755e+01,2.053057e+01,2.055152e+01,2.050262e+01,2.054453e+01,2.052358e+01,2.046769e+01,2.053057e+01,2.061434e+01,2.040477e+01,2.061434e+01,2.064225e+01,2.062830e+01,2.059340e+01,2.050262e+01,2.049564e+01,2.064923e+01,2.050961e+01,2.051660e+01,2.046769e+01,2.062830e+01,2.066318e+01,2.055850e+01,2.069108e+01,2.053755e+01,2.057944e+01,2.065621e+01,2.057246e+01,2.060039e+01,2.061434e+01,2.053057e+01,2.061434e+01,2.059340e+01,2.058643e+01,2.057944e+01,2.045371e+01,2.064225e+01,2.047468e+01,2.067713e+01,2.047468e+01,2.061434e+01,2.053057e+01,2.048865e+01,2.062132e+01,2.061434e+01,2.048166e+01,2.047468e+01,2.057246e+01,2.043973e+01,2.060736e+01,2.060736e+01,2.062830e+01,2.049564e+01,2.049564e+01,2.055152e+01,2.053057e+01,2.053057e+01,2.054453e+01,2.059340e+01,2.056548e+01,2.060736e+01,2.060736e+01,2.063528e+01,2.064923e+01,2.070502e+01,2.065621e+01,2.065621e+01,2.058643e+01,2.066318e+01,2.053057e+01,2.076079e+01,2.060736e+01,2.050262e+01,2.067016e+01,2.056548e+01,2.061434e+01,2.060039e+01,2.057944e+01,2.048865e+01,2.060736e+01,2.066318e+01,2.055850e+01,2.064923e+01,2.069108e+01,2.062132e+01,2.073291e+01,2.062830e+01,2.074685e+01,2.063528e+01,2.049564e+01,2.048166e+01,2.061434e+01,2.057944e+01,2.062830e+01,2.057246e+01,2.055850e+01,2.065621e+01,2.057944e+01,2.061434e+01,2.059340e+01,2.065621e+01,2.059340e+01,2.080955e+01,2.072594e+01,2.065621e+01,2.053057e+01,2.057246e+01,2.056548e+01,2.061434e+01,2.058643e+01,2.066318e+01,2.059340e+01,2.060736e+01,2.060736e+01,2.067713e+01,2.057944e+01,2.071897e+01,2.064923e+01,2.057246e+01,2.055850e+01,2.057944e+01,2.071897e+01,2.055152e+01,2.059340e+01,2.060736e+01,2.073988e+01,2.082348e+01,2.062830e+01,2.063528e+01
2.053057e+01,2.059340e+01,2.062830e+01,2.038379e+01,2.044672e+01,2.038379e+01,2.028582e+01,2.039778e+01,2.039778e+01,2.041875e+01,2.036980e+01,2.035581e+01,2.033481e+01,2.037679e+01,2.039778e+01,2.039778e+01,2.039078e+01,2.039078e+01,2.044672e+01,2.038379e+01,2.039778e+01,2.034881e+01,2.035581e+01,2.032782e+01,2.035581e+01,2.041176e+01,2.038379e+01,2.033481e+01,2.034881e+01,2.033481e+01,2.032082e+01,2.035581e+01,2.038379e+01,2.044672e+01,2.041875e+01,2.064225e+01,2.044672e+01,2.039778e+01,2.041176e+01,2.039778e+01,2.039778e+01,2.034181e+01,2.042575e+01,2.042575e+01,2.045371e+01,2.030682e+01,2.048865e+01,2.041875e+01,2.034181e+01,2.032782e+01,2.032782e+01,2.032782e+01,2.044672e+01,2.039078e+01,2.036980e+01,2.035581e+01,2.034881e+01,2.039078e+01,2.046769e+01,2.050262e+01,2.039078e+01,2.032082e+01,2.035581e+01,2.048865e+01,2.042575e+01,2.042575e+01,2.043973e+01,2.036280e+01,2.043973e+01,2.041176e+01,2.037679e+01,2.044672e+01,2.038379e+01,2.046070e+01,2.039078e+01,2.042575e+01,2.037679e+01,2.039778e+01,2.033481e+01,2.045371e+01,2.043274e+01,2.042575e+01,2.039778e+01,2.039778e+01,2.042575e+01,2.038379e+01,2.037679e+01,2.039078e+01,2.039778e+01,2.041875e+01,2.037679e+01,2.038379e+01,2.050961e+01,2.038379e+01,2.036280e+01,2.039778e+01,2.039778e+01,2.034881e+01,2.036280e+01,2.046769e+01,2.038379e+01,2.034881e+01,2.039078e+01,2.041176e+01,2.031382e+01,2.039778e+01,2.039078e+01,2.040477e+01,2.040477e+01,2.041176e+01,2.034881e+01,2.029282e+01,2.036280e+01,2.039778e+01,2.038379e+01,2.041176e+01,2.043274e+01,2.045371e+01,2.041176e+01,2.042575e+01,2.043973e+01,2.037679e+01,2.040477e+01,2.038379e+01,2.042575e+01,2.041875e+01,2.040477e+01,2.045371e+01,2.043274e+01,2.026481e+01,2.028582e+01,2.047468e+01,2.048166e+01,2.040477e+01,2.039078e+01,2.032082e+01,2.039078e+01,2.043973e+01,2.041875e+01,2.041875e+01,2.043274e+01,2.044672e+01,2.070502e+01,2.048865e+01,2.042575e+01,2.048166e+01,2.046070e+01,2.051660e+01,2.054453e+01,2.050961e+01,2.058643e+01,2.053755e+01,2.046769e+01,2.049564e+01,2.057944e+01,2.060736e+01,2.055850e+01,2.044672e+01,2.061434e+01,2.046070e+01,2.046070e+01,2.043973e+01,2.057246e+01,2.058643e+01,2.049564e+01,2.042575e+01,2.048166e+01,2.055152e+01,2.079562e+01,2.057944e+01,2.049564e+01,2.050262e+01,2.053057e+01,2.046769e+01,2.056548e+01,2.050262e+01,2.057944e+01,2.057944e+01,2.053057e+01,2.058643e+01,2.045371e+01,2.051660e+01,2.039078e+01,2.046769e+01,2.057944e+01,2.055850e+01,2.054453e+01,2.038379e+01,2.058643e+01,2.060039e+01,2.060736e+01,2.056548e+01,2.041176e+01,2.054453e+01,2.062132e+01,2.055152e+01,2.055152e+01,2.053755e+01,2.052358e+01,2.050961e+01,2.060039e+01,2.049564e+01,2.046070e+01,2.040477e+01,2.053057e+01,2.057246e+01,2.043274e+01,2.063528e+01,2.043274e+01,2.044672e+01,2.046769e+01,2.045371e+01,2.045371e+01,2.048166e+01,2.047468e+01,2.048865e+01,2.046769e+01,2.048865e+01,2.049564e+01,2.051660e+01,2.052358e+01,2.068410e+01,2.069108e+01,2.069108e+01,2.069108e+01,2.064923e+01,2.073291e+01,2.073291e+01,2.073988e+01,2.073988e+01,2.069805e+01,2.072594e+01,2.067713e+01,2.073291e+01,2.060039e+01,2.071897e+01,2.071200e+01,2.069805e+01,2.059340e+01,2.064225e+01,2.057246e+01,2.057246e+01,2.057944e+01,2.041875e+01,2.063528e+01,2.062830e+01,2.060736e+01,2.062132e+01,2.061434e+01,2.060039e+01,2.051660e+01,2.062132e+01,2.043973e+01,2.055152e+01,2.060039e+01,2.041176e+01,2.035581e+01,2.045371e+01,2.052358e+01,2.050961e+01,2.050262e+01,2.043973e+01,2.047468e+01,2.046769e+01,2.047468e+01,2.043274e+01,2.046769e+01,2.037679e+01,2.041875e+01,2.038379e+01,2.050262e+01,2.050262e+01,2.046070e+01,2.043973e+01,2.035581e+01,2.044672e+01,2.037679e+01,2.043274e+01,2.046070e+01,2.037679e+01,2.039778e+01,2.039778e+01,2.040477e+01,2.041176e+01,2.042575e+01,2.037679e+01,2.041875e+01,2.048166e+01,2.039078e+01,2.038379e+01,2.042575e+01,2.039778e+01,2.048166e+01,2.039078e+01,2.040477e+01,2.057246e+01,2.056548e+01,2.062830e+01,2.067016e+01,2.063528e+01,2.071200e+01,2.073291e+01,2.053755e+01,2.074685e+01,2.063528e+01,2.063528e+01,2.054453e+01,2.043274e+01,2.048166e+01,2.056548e+01,2.043973e+01,2.042575e+01,2.039778e+01,2.041176e+01,2.046769e+01,2.048865e+01,2.043973e+01,2.045371e+01,2.038379e+01,2.041176e+01,2.050262e+01,2.039078e+01,2.039778e+01,2.034181e+01,2.034181e+01,2.036280e+01,2.033481e+01,2.044672e+01,2.044672e+01,2.046070e+01,2.035581e+01,2.035581e+01,2.033481e+01,2.043973e+01,2.039778e+01,2.033481e+01,2.032782e+01,2.026481e+01,2.033481e+01,2.034881e+01,2.044672e+01,2.046070e+01,2.027181e+01,2.032782e+01,2.043973e+01,2.032782e+01,2.025080e+01,2.037679e+01,2.043973e+01,2.043274e+01,2.042575e+01,2.036280e+01,2.046769e+01,2.039078e+01,2.041875e+01,2.045371e+01,2.042575e+01,2.046769e+01,2.047468e+01,2.041176e+01,2.046070e+01,2.043973e+01,2.035581e+01,2.046070e+01,2.036980e+01,2.049564e+01,2.043973e+01,2.049564e+01,2.048166e+01,2.040477e+01,2.037679e+01,2.040477e+01,2.040477e+01,2.047468e+01,2.043274e+01,2.039778e+01,2.040477e+01,2.041875e+01,2.068410e+01,2.045371e+01,2.054453e+01,2.039778e+01,2.045371e+01,2.054453e+01,2.052358e+01,2.051660e+01,2.053755e+01,2.046070e+01,2.060039e+01,2.041176e+01,2.050262e+01,2.050262e+01,2.048865e+01,2.046070e+01,2.046769e+01,2.045371e+01,2.053755e+01,2.049564e+01,2.043973e+01,2.055850e+01,2.051660e+01,2.048865e+01,2.053755e+01,2.051660e+01,2.050262e+01,2.054453e+01,2.059340e+01,2.062830e+01,2.056548e+01,2.062830e+01,2.042575e+01,2.046070e+01,2.061434e+01,2.058643e+01,2.060736e+01,2.055152e+01,2.051660e+01,2.051660e+01,2.057944e+01,2.060736e+01,2.050961e+01,2.048865e+01,2.062132e+01,2.062830e+01,2.050262e+01,2.052358e+01,2.064225e+01,2.053057e+01,2.057246e+01,2.067713e+01,2.065621e+01,2.055152e+01,2.057944e+01,2.055850e+01,2.062830e+01,2.062132e+01,2.059340e+01,2.058643e+01,2.057944e+01,2.057246e+01,2.065621e+01,2.055152e+01,2.056548e+01,2.055850e+01,2.057944e+01,2.057944e+01,2.061434e+01,2.057944e+01,2.060039e+01,2.061434e+01,2.057246e+01,2.064225e+01,2.056548e+01,2.051660e+01,2.062132e+01,2.057944e+01,2.069108e+01,2.056548e+01,2.057944e+01,2.053755e+01,2.056548e+01,2.055152e+01,2.053755e+01,2.057246e+01,2.055850e+01,2.051660e+01,2.065621e+01,2.060736e+01,2.055850e+01,2.057944e+01,2.056548e+01,2.060039e+01,2.053755e+01,2.058643e+01,2.060736e+01,2.054453e+01,2.053755e+01,2.068410e+01,2.066318e+01,2.055152e+01,2.056548e+01,2.055152e+01,2.055152e+01,2.054453e+01,2.063528e+01,2.055850e+01,2.062830e+01,2.046769e+01,2.060039e+01,2.062132e+01,2.055850e+01,2.060039e+01,2.058643e+01,2.055152e+01,2.048166e+01,2.063528e+01,2.057246e+01,2.063528e+01,2.053057e+01,2.048865e+01,2.049564e+01,2.052358e+01,2.050961e+01,2.049564e+01,2.065621e+01,2.053057e+01,2.052358e+01,2.047468e+01,2.053057e+01,2.050961e+01,2.050961e+01,2.050262e+01,2.056548e+01,2.057944e+01,2.053755e+01,2.052358e+01,2.052358e+01,2.041875e+01,2.053057e+01,2.049564e+01,2.064225e+01,2.063528e+01,2.059340e+01,2.059340e+01,2.051660e+01,2.064923e+01,2.062830e+01,2.060039e+01,2.063528e+01,2.063528e+01,2.050262e+01,2.055850e+01,2.050262e+01,2.052358e+01,2.068410e+01,2.055850e+01,2.064225e+01,2.068410e+01,2.048865e+01,2.038379e+01,2.074685e+01,2.058643e+01,2.052358e+01,2.056548e+01,2.067713e+01,2.059340e+01,2.065621e+01,2.064225e+01,2.062132e+01,2.062830e+01,2.056548e+01,2.055152e+01,2.065621e+01,2.055152e+01,2.057944e+01,2.050961e+01,2.064923e+01,2.062830e+01,2.058643e+01,2.059340e+01,2.059340e+01,2.048166e+01,2.046769e+01,2.048166e+01,2.050262e+01,2.051660e+01,2.055152e+01,2.050262e+01,2.066318e+01,2.061434e+01,2.049564e+01,2.062830e+01,2.063528e+01,2.060736e+01,2.063528e+01,2.064923e+01,2.065621e+01,2.058643e+01,2.066318e+01,2.065621e+01,2.067016e+01,2.074685e+01,2.064923e+01,2.052358e+01,2.062830e+01,2.039078e+01,2.051660e+01,2.063528e+01,2.059340e+01,2.058643e+01,2.059340e+01,2.066318e+01,2.073291e+01,2.060039e+01,2.083045e+01,2.079562e+01,2.073291e+01,2.057246e+01,2.057246e+01,2.056548e+01,2.055850e+01,2.059340e+01,2.071200e+01,2.056548e+01,2.069108e+01,2.057944e+01,2.060736e+01,2.063528e+01,2.067016e+01,2.059340e+01,2.061434e+01,2.066318e+01,2.067713e+01,2.059340e+01,2.064225e+01,2.056548e+01,2.057944e+01,2.056548e+01,2.074685e+01,2.053755e+01,2.061434e+01,2.061434e+01,2.059340e+01,2.061434e+01,2.060039e+01,2.065621e+01,2.059340e+01,2.059340e+01,2.055152e+01,2.072594e+01,2.046070e+01,2.060736e+01,2.055850e+01,2.070502e+01,2.060039e+01,2.062830e+01,2.068410e+01,2.065621e+01,2.084437e+01,2.064225e+01
2.047468e+01,2.045371e+01,2.040477e+01,2.039078e+01,2.031382e+01,2.036280e+01,2.041875e+01,2.039778e+01,2.041176e+01,2.042575e+01,2.041875e+01,2.025080e+01,2.032082e+01,2.043973e+01,2.040477e+01,2.042575e+01,2.041176e+01,2.041176e+01,2.029982e+01,2.041875e+01,2.041176e+01,2.035581e+01,2.032082e+01,2.032782e+01,2.041176e+01,2.030682e+01,2.029282e+01,2.038379e+01,2.031382e+01,2.025781e+01,2.030682e+01,2.032782e+01,2.037679e+01,2.039078e+01,2.034881e+01,2.033481e+01,2.041875e+01,2.027881e+01,2.029982e+01,2.029282e+01,2.042575e+01,2.041875e+01,2.043274e+01,2.044672e+01,2.043973e+01,2.032082e+01,2.033481e+01,2.036280e+01,2.044672e+01,2.035581e+01,2.034881e+01,2.047468e+01,2.039778e+01,2.036280e+01,2.043274e+01,2.039078e+01,2.034181e+01,2.035581e+01,2.036980e+01,2.038379e+01,2.035581e+01,2.049564e+01,2.053755e+01,2.041176e+01,2.043274e+01,2.039078e+01,2.041875e+01,2.022979e+01,2.041875e+01,2.039778e+01,2.032082e+01,2.045371e+01,2.038379e+01,2.042575e+01,2.056548e+01,2.038379e+01,2.041875e+01,2.047468e+01,2.049564e+01,2.043973e+01,2.037679e+01,2.040477e+01,2.038379e+01,2.036280e+01,2.041875e+01,2.035581e+01,2.037679e+01,2.034181e+01,2.039078e+01,2.042575e+01,2.039078e+01,2.037679e+01,2.042575e+01,2.041875e+01,2.036280e+01,2.039778e+01,2.041176e+01,2.036280e+01,2.039078e+01,2.041176e+01,2.033481e+01,2.036280e+01,2.041875e+01,2.032082e+01,2.035581e+01,2.037679e+01,2.039078e+01,2.034181e+01,2.034881e+01,2.042575e+01,2.042575e+01,2.038379e+01,2.036280e+01,2.036980e+01,2.039778e+01,2.040477e+01,2.044672e+01,2.036280e+01,2.042575e+01,2.044672e+01,2.043274e+01,2.034881e+01,2.041875e+01,2.036280e+01,2.036280e+01,2.038379e+01,2.037679e+01,2.025781e+01,2.035581e+01,2.031382e+01,2.046070e+01,2.036280e+01,2.034181e+01,2.031382e+01,2.037679e+01,2.043973e+01,2.041875e+01,2.046070e+01,2.043973e+01,2.039778e+01,2.041176e+01,2.064923e+01,2.039778e+01,2.040477e+01,2.051660e+01,2.046769e+01,2.041875e+01,2.051660e+01,2.043274e+01,2.046070e+01,2.044672e+01,2.053057e+01,2.044672e+01,2.048865e+01,2.049564e+01,2.069108e+01,2.057944e+01,2.056548e+01,2.068410e+01,2.058643e+01,2.050961e+01,2.046769e+01,2.048166e+01,2.061434e+01,2.046070e+01,2.056548e+01,2.063528e+01,2.060039e+01,2.051660e+01,2.053755e+01,2.054453e+01,2.056548e+01,2.047468e+01,2.055850e+01,2.052358e+01,2.050961e+01,2.053755e+01,2.052358e+01,2.055152e+01,2.048865e+01,2.035581e+01,2.042575e+01,2.046070e+01,2.050262e+01,2.058643e+01,2.060736e+01,2.060039e+01,2.064923e+01,2.062132e+01,2.066318e+01,2.060736e+01,2.063528e+01,2.060736e+01,2.065621e+01,2.056548e+01,2.059340e+01,2.060736e+01,2.069805e+01,2.063528e+01,2.060039e+01,2.067713e+01,2.050961e+01,2.057944e+01,2.048166e+01,2.056548e+01,2.055850e+01,2.048865e+01,2.054453e+01,2.050262e+01,2.045371e+01,2.048865e+01,2.048166e+01,2.056548e+01,2.047468e+01,2.048865e+01,2.054453e+01,2.052358e+01,2.060039e+01,2.051660e+01,2.056548e+01,2.050961e+01,2.072594e+01,2.074685e+01,2.074685e+01,2.064923e+01,2.067016e+01,2.071200e+01,2.075382e+01,2.061434e+01,2.074685e+01,2.075382e+01,2.073988e+01,2.064923e+01,2.063528e+01,2.066318e+01,2.056548e+01,2.059340e+01,2.072594e+01,2.070502e+01,2.067713e+01,2.068410e+01,2.067713e+01,2.071200e+01,2.064225e+01,2.059340e+01,2.064225e+01,2.060039e+01,2.067713e+01,2.065621e+01,2.067016e+01,2.042575e+01,2.050961e+01,2.052358e+01,2.055152e+01,2.053057e+01,2.057246e+01,2.042575e+01,2.054453e+01,2.058643e+01,2.049564e+01,2.054453e+01,2.061434e+01,2.048166e+01,2.046769e+01,2.043274e+01,2.039078e+01,2.045371e+01,2.036980e+01,2.040477e+01,2.036280e+01,2.041176e+01,2.036280e+01,2.036280e+01,2.037679e+01,2.038379e+01,2.036280e+01,2.038379e+01,2.039078e+01,2.041875e+01,2.055152e+01,2.039078e+01,2.033481e+01,2.037679e+01,2.042575e+01,2.036280e+01,2.037679e+01,2.044672e+01,2.030682e+01,2.041875e+01,2.026481e+01,2.038379e+01,2.039778e+01,2.041875e+01,2.049564e+01,2.055850e+01,2.051660e+01,2.056548e+01,2.065621e+01,2.052358e+01,2.068410e+01,2.071897e+01,2.060736e+01,2.064923e+01,2.066318e+01,2.054453e+01,2.050961e+01,2.033481e+01,2.045371e+01,2.033481e+01,2.044672e+01,2.051660e+01,2.046070e+01,2.048865e+01,2.044672e+01,2.046769e+01,2.045371e+01,2.043274e+01,2.046769e+01,2.034881e+01,2.048865e+01,2.033481e+01,2.038379e+01,2.041176e+01,2.032782e+01,2.045371e+01,2.037679e+01,2.034181e+01,2.042575e+01,2.041176e+01,2.046769e+01,2.043973e+01,2.034181e+01,2.037679e+01,2.034181e+01,2.024380e+01,2.036980e+01,2.039078e+01,2.035581e+01,2.033481e+01,2.027881e+01,2.029282e+01,2.029282e+01,2.036280e+01,2.022979e+01,2.046769e+01,2.037679e+01,2.041875e+01,2.033481e+01,2.039778e+01,2.041875e+01,2.036280e+01,2.047468e+01,2.032082e+01,2.044672e+01,2.036980e+01,2.041176e+01,2.050262e+01,2.040477e+01,2.053755e+01,2.046070e+01,2.057944e+01,2.043973e+01,2.035581e+01,2.034181e+01,2.049564e+01,2.039778e+01,2.049564e+01,2.044672e+01,2.043973e+01,2.045371e+01,2.042575e+01,2.043973e+01,2.048865e+01,2.043973e+01,2.040477e+01,2.040477e+01,2.041176e+01,2.041875e+01,2.045371e+01,2.041875e+01,2.043274e+01,2.054453e+01,2.067016e+01,2.053057e+01,2.054453e+01,2.048865e+01,2.056548e+01,2.048865e+01,2.055152e+01,2.050961e+01,2.036980e+01,2.055850e+01,2.051660e+01,2.046070e+01,2.053057e+01,2.051660e+01,2.046070e+01,2.048865e+01,2.049564e+01,2.050262e+01,2.062830e+01,2.050262e+01,2.050262e+01,2.047468e+01,2.047468e+01,2.042575e+01,2.053057e+01,2.058643e+01,2.039078e+01,2.058643e+01,2.052358e+01,2.055850e+01,2.056548e+01,2.083045e+01,2.050262e+01,2.057246e+01,2.046769e+01,2.050262e+01,2.064225e+01,2.060039e+01,2.053755e+01,2.053057e+01,2.050262e+01,2.056548e+01,2.051660e+01,2.058643e+01,2.050262e+01,2.060039e+01,2.064923e+01,2.051660e+01,2.055850e+01,2.046769e+01,2.055152e+01,2.058643e+01,2.062830e+01,2.064225e+01,2.053755e+01,2.058643e+01,2.055850e+01,2.058643e+01,2.058643e+01,2.060039e+01,2.058643e+01,2.057246e+01,2.056548e+01,2.060736e+01,2.048166e+01,2.055152e+01,2.058643e+01,2.059340e+01,2.060736e+01,2.052358e+01,2.055850e+01,2.055850e+01,2.052358e+01,2.050961e+01,2.062132e+01,2.057944e+01,2.046070e+01,2.059340e+01,2.057944e+01,2.057944e+01,2.057944e+01,2.057246e+01,2.053755e+01,2.053057e+01,2.060736e+01,2.060039e+01,2.060039e+01,2.053057e+01,2.064225e+01,2.060039e+01,2.059340e+01,2.055850e+01,2.054453e+01,2.060039e+01,2.062830e+01,2.055850e+01,2.057246e+01,2.058643e+01,2.055152e+01,2.061434e+01,2.056548e+01,2.060039e+01,2.052358e+01,2.057246e+01,2.062132e+01,2.050262e+01,2.062132e+01,2.053057e+01,2.057246e+01,2.054453e+01,2.048166e+01,2.048166e+01,2.058643e+01,2.057246e+01,2.053755e+01,2.061434e+01,2.053057e+01,2.051660e+01,2.050262e+01,2.051660e+01,2.055152e+01,2.052358e+01,2.052358e+01,2.053057e+01,2.055152e+01,2.051660e+01,2.052358e+01,2.052358e+01,2.053755e+01,2.058643e+01,2.054453e+01,2.054453e+01,2.057246e+01,2.053755e+01,2.053057e+01,2.053755e+01,2.055850e+01,2.053057e+01,2.057246e+01,2.057944e+01,2.053755e+01,2.060736e+01,2.051660e+01,2.052358e+01,2.056548e+01,2.062830e+01,2.059340e+01,2.050262e+01,2.060736e+01,2.057246e+01,2.060736e+01,2.053755e+01,2.071200e+01,2.053755e+01,2.063528e+01,2.062132e+01,2.062830e+01,2.062132e+01,2.058643e+01,2.058643e+01,2.064923e+01,2.054453e+01,2.063528e+01,2.065621e+01,2.051660e+01,2.056548e+01,2.053755e+01,2.052358e+01,2.057246e+01,2.050262e+01,2.050262e+01,2.056548e+01,2.053755e+01,2.065621e+01,2.051660e+01,2.060736e+01,2.052358e+01,2.056548e+01,2.061434e+01,2.048166e+01,2.054453e+01,2.066318e+01,2.050961e+01,2.051660e+01,2.071897e+01,2.064923e+01,2.057944e+01,2.049564e+01,2.046769e+01,2.067016e+01,2.066318e+01,2.066318e+01,2.063528e+01,2.062830e+01,2.057944e+01,2.056548e+01,2.040477e+01,2.056548e+01,2.064225e+01,2.068410e+01,2.064923e+01,2.056548e+01,2.062132e+01,2.064923e+01,2.041875e+01,2.058643e+01,2.054453e+01,2.059340e+01,2.050961e+01,2.050262e+01,2.060736e+01,2.070502e+01,2.079562e+01,2.063528e+01,2.063528e+01,2.072594e+01,2.063528e+01,2.057246e+01,2.067713e+01,2.048166e+01,2.067713e+01,2.056548e+01,2.055850e+01,2.060736e+01,2.067713e+01,2.053755e+01,2.058643e+01,2.064225e+01,2.060736e+01,2.069108e+01,2.058643e+01,2.054453e+01,2.070502e+01,2.071897e+01,2.054453e+01,2.057246e+01,2.062830e+01,2.062830e+01,2.057944e+01,2.061434e+01,2.062830e+01,2.060736e+01,2.069805e+01,2.060039e+01,2.061434e+01,2.067016e+01,2.053755e+01,2.055850e+01,2.069805e+01,2.069108e+01,2.058643e+01,2.071200e+01,2.063528e+01,2.072594e+01,2.071897e+01,2.066318e+01,2.062830e+01,2.064923e+01
2.048865e+01,2.046070e+01,2.036980e+01,2.042575e+01,2.036280e+01,2.042575e+01,2.043274e+01,2.041176e+01,2.039078e+01,2.033481e+01,2.036980e+01,2.036280e+01,2.036280e+01,2.037679e+01,2.038379e+01,2.036980e+01,2.043973e+01,2.027181e+01,2.033481e+01,2.041176e+01,2.034881e+01,2.036280e+01,2.032782e+01,2.037679e+01,2.032782e+01,2.038379e+01,2.035581e+01,2.038379e+01,2.043274e+01,2.042575e+01,2.034181e+01,2.037679e+01,2.023680e+01,2.045371e+01,2.032082e+01,2.035581e+01,2.036980e+01,2.029982e+01,2.043274e+01,2.040477e+01,2.039078e+01,2.034181e+01,2.036980e+01,2.042575e+01,2.046769e+01,2.034181e+01,2.050961e+01,2.036980e+01,2.029982e+01,2.036280e+01,2.036980e+01,2.038379e+01,2.046769e+01,2.050961e+01,2.047468e+01,2.051660e+01,2.038379e+01,2.035581e+01,2.033481e+01,2.027181e+01,2.032782e+01,2.039078e+01,2.048166e+01,2.033481e+01,2.043274e+01,2.038379e+01,2.038379e+01,2.043274e+01,2.039078e+01,2.041176e+01,2.044672e+01,2.043973e+01,2.047468e+01,2.038379e+01,2.039778e+01,2.040477e+01,2.050961e+01,2.039078e+01,2.043274e+01,2.045371e+01,2.038379e+01,2.047468e+01,2.032782e+01,2.039078e+01,2.049564e+01,2.039778e+01,2.034181e+01,2.036280e+01,2.041875e+01,2.038379e+01,2.038379e+01,2.036980e+01,2.046070e+01,2.040477e+01,2.039778e+01,2.037679e+01,2.034881e+01,2.034881e+01,2.045371e+01,2.034881e+01,2.032782e+01,2.036280e+01,2.027881e+01,2.034181e+01,2.027881e+01,2.027881e+01,2.036980e+01,2.039078e+01,2.041875e+01,2.035581e+01,2.034881e+01,2.030682e+01,2.038379e+01,2.036280e+01,2.032782e+01,2.042575e+01,2.036280e+01,2.045371e+01,2.058643e+01,2.029982e+01,2.042575e+01,2.034881e+01,2.037679e+01,2.041875e+01,2.029282e+01,2.023680e+01,2.037679e+01,2.032082e+01,2.036280e+01,2.041176e+01,2.036980e+01,2.048166e+01,2.038379e+01,2.040477e+01,2.041875e+01,2.036280e+01,2.043274e+01,2.039778e+01,2.041176e+01,2.041875e+01,2.038379e+01,2.048865e+01,2.051660e+01,2.040477e+01,2.044672e+01,2.042575e+01,2.046070e+01,2.037679e+01,2.047468e+01,2.047468e+01,2.052358e+01,2.054453e+01,2.048166e+01,2.043973e+01,2.054453e+01,2.058643e+01,2.062132e+01,2.060736e+01,2.061434e+01,2.049564e+01,2.060039e+01,2.061434e+01,2.057944e+01,2.068410e+01,2.063528e+01,2.060039e+01,2.057246e+01,2.062132e+01,2.058643e+01,2.055850e+01,2.046769e+01,2.055152e+01,2.053755e+01,2.046070e+01,2.048865e+01,2.054453e+01,2.050262e+01,2.053755e+01,2.043274e+01,2.050961e+01,2.048865e+01,2.045371e+01,2.048865e+01,2.050961e+01,2.061434e+01,2.063528e+01,2.059340e+01,2.063528e+01,2.065621e+01,2.067016e+01,2.061434e+01,2.073988e+01,2.070502e+01,2.072594e+01,2.068410e+01,2.057944e+01,2.073988e+01,2.072594e+01,2.064225e+01,2.062830e+01,2.073988e+01,2.069108e+01,2.071200e+01,2.070502e+01,2.059340e+01,2.091398e+01,2.060736e+01,2.069805e+01,2.060039e+01,2.055850e+01,2.049564e+01,2.065621e+01,2.048166e+01,2.057246e+01,2.060736e+01,2.051660e+01,2.050961e+01,2.059340e+01,2.057944e+01,2.070502e+01,2.060736e+01,2.062132e+01,2.062830e+01,2.063528e+01,2.058643e+01,2.055152e+01,2.063528e+01,2.062830e+01,2.076775e+01,2.062830e+01,2.062132e+01,2.071897e+01,2.066318e+01,2.083741e+01,2.072594e+01,2.063528e+01,2.062830e+01,2.071897e+01,2.068410e+01,2.067016e+01,2.071897e+01,2.072594e+01,2.061434e+01,2.064225e+01,2.056548e+01,2.057246e+01,2.067713e+01,2.062132e+01,2.059340e+01,2.062830e+01,2.042575e+01,2.059340e+01,2.059340e+01,2.054453e+01,2.055850e+01,2.050961e+01,2.054453e+01,2.053057e+01,2.057944e+01,2.057944e+01,2.055152e+01,2.052358e+01,2.057944e+01,2.046769e+01,2.043973e+01,2.043973e+01,2.045371e+01,2.034181e+01,2.037679e+01,2.039078e+01,2.042575e+01,2.034181e+01,2.036280e+01,2.044672e+01,2.036980e+01,2.041875e+01,2.039078e+01,2.040477e+01,2.037679e+01,2.039078e+01,2.046769e+01,2.040477e+01,2.045371e+01,2.036980e+01,2.039778e+01,2.043274e+01,2.034881e+01,2.036280e+01,2.034181e+01,2.039078e+01,2.034181e+01,2.037679e+01,2.035581e+01,2.033481e+01,2.034881e+01,2.044672e+01,2.062830e+01,2.055152e+01,2.064225e+01,2.071200e+01,2.073988e+01,2.068410e+01,2.067016e+01,2.056548e+01,2.055850e+01,2.053057e+01,2.052358e+01,2.043973e+01,2.042575e+01,2.039778e+01,2.025080e+01,2.046769e+01,2.043274e+01,2.043274e+01,2.042575e+01,2.039778e+01,2.048166e+01,2.042575e+01,2.053057e+01,2.048166e+01,2.033481e+01,2.031382e+01,2.037679e+01,2.041176e+01,2.034881e+01,2.035581e+01,2.035581e+01,2.035581e+01,2.037679e+01,2.041176e+01,2.045371e+01,2.033481e+01,2.040477e+01,2.039078e+01,2.032082e+01,2.039078e+01,2.037679e+01,2.036980e+01,2.037679e+01,2.036280e+01,2.028582e+01,2.029282e+01,2.034181e+01,2.034881e+01,2.034181e+01,2.028582e+01,2.046070e+01,2.040477e+01,2.027881e+01,2.025781e+01,2.041176e+01,2.039078e+01,2.036980e+01,2.040477e+01,2.044672e+01,2.044672e+01,2.042575e+01,2.043973e+01,2.043973e+01,2.042575e+01,2.046769e+01,2.044672e+01,2.036980e+01,2.033481e+01,2.035581e+01,2.046070e+01,2.043973e+01,2.050262e+01,2.048166e+01,2.041176e+01,2.041176e+01,2.047468e+01,2.041875e+01,2.043973e+01,2.039778e+01,2.032782e+01,2.050262e+01,2.040477e+01,2.053057e+01,2.050961e+01,2.048166e+01,2.051660e+01,2.058643e+01,2.053755e+01,2.044672e+01,2.051660e+01,2.048166e+01,2.048166e+01,2.050262e+01,2.057944e+01,2.047468e+01,2.051660e+01,2.036980e+01,2.061434e+01,2.050262e+01,2.052358e+01,2.051660e+01,2.051660e+01,2.050961e+01,2.048865e+01,2.048865e+01,2.048865e+01,2.049564e+01,2.052358e+01,2.043274e+01,2.049564e+01,2.048865e+01,2.048865e+01,2.051660e+01,2.046769e+01,2.057944e+01,2.050262e+01,2.053057e+01,2.044672e+01,2.048865e+01,2.058643e+01,2.055850e+01,2.060736e+01,2.054453e+01,2.056548e+01,2.063528e+01,2.046769e+01,2.047468e+01,2.049564e+01,2.050961e+01,2.054453e+01,2.052358e+01,2.051660e+01,2.053057e+01,2.041176e+01,2.067016e+01,2.064923e+01,2.062132e+01,2.057944e+01,2.050262e+01,2.058643e+01,2.054453e+01,2.055152e+01,2.056548e+01,2.052358e+01,2.054453e+01,2.058643e+01,2.050961e+01,2.060039e+01,2.059340e+01,2.054453e+01,2.060736e+01,2.061434e+01,2.061434e+01,2.063528e+01,2.055152e+01,2.051660e+01,2.055850e+01,2.059340e+01,2.055152e+01,2.059340e+01,2.060736e+01,2.059340e+01,2.059340e+01,2.039778e+01,2.059340e+01,2.057944e+01,2.061434e+01,2.058643e+01,2.057246e+01,2.066318e+01,2.062132e+01,2.045371e+01,2.050961e+01,2.065621e+01,2.054453e+01,2.053755e+01,2.064923e+01,2.053057e+01,2.061434e+01,2.059340e+01,2.061434e+01,2.057944e+01,2.055152e+01,2.057246e+01,2.057246e+01,2.062132e+01,2.057944e+01,2.062830e+01,2.046769e+01,2.060039e+01,2.063528e+01,2.048865e+01,2.052358e+01,2.058643e+01,2.060039e+01,2.058643e+01,2.058643e+01,2.053755e+01,2.058643e+01,2.053755e+01,2.048865e+01,2.056548e+01,2.050262e+01,2.064923e+01,2.053755e+01,2.052358e+01,2.056548e+01,2.048166e+01,2.057944e+01,2.049564e+01,2.051660e+01,2.051660e+01,2.049564e+01,2.053057e+01,2.052358e+01,2.052358e+01,2.061434e+01,2.050262e+01,2.055850e+01,2.050262e+01,2.054453e+01,2.046070e+01,2.060736e+01,2.058643e+01,2.054453e+01,2.049564e+01,2.063528e+01,2.055850e+01,2.056548e+01,2.061434e+01,2.056548e+01,2.064225e+01,2.064923e+01,2.060736e+01,2.054453e+01,2.054453e+01,2.057246e+01,2.053057e+01,2.061434e+01,2.057944e+01,2.060039e+01,2.058643e+01,2.062830e+01,2.059340e+01,2.062132e+01,2.057944e+01,2.055152e+01,2.053755e+01,2.062830e+01,2.055152e+01,2.062132e+01,2.053755e+01,2.077472e+01,2.048166e+01,2.056548e+01,2.055850e+01,2.055850e+01,2.056548e+01,2.056548e+01,2.051660e+01,2.054453e+01,2.062830e+01,2.059340e+01,2.060736e+01,2.061434e+01,2.064923e+01,2.056548e+01,2.067713e+01,2.048166e+01,2.047468e+01,2.066318e+01,2.048865e+01,2.056548e+01,2.047468e+01,2.058643e+01,2.061434e+01,2.056548e+01,2.066318e+01,2.069108e+01,2.064225e+01,2.062830e+01,2.064225e+01,2.069805e+01,2.063528e+01,2.052358e+01,2.059340e+01,2.059340e+01,2.059340e+01,2.059340e+01,2.053057e+01,2.061434e+01,2.076079e+01,2.062830e+01,2.057944e+01,2.054453e+01,2.053755e+01,2.061434e+01,2.048865e+01,2.055152e+01,2.058643e+01,2.055152e+01,2.067713e+01,2.061434e+01,2.056548e+01,2.072594e+01,2.072594e+01,2.072594e+01,2.052358e+01,2.055152e+01,2.065621e+01,2.066318e+01,2.055850e+01,2.059340e+01,2.058643e+01,2.061434e+01,2.066318e+01,2.059340e+01,2.058643e+01,2.073988e+01,2.058643e+01,2.054453e+01,2.060039e+01,2.062132e+01,2.062830e+01,2.067713e+01,2.059340e+01,2.071897e+01,2.059340e+01,2.064923e+01,2.061434e+01,2.066318e+01,2.070502e+01,2.061434e+01,2.060039e+01,2.057944e+01,2.061434e+01,2.066318e+01,2.063528e+01,2.065621e+01,2.067713e+01,2.067016e+01,2.065621e+01,2.069108e+01,2.060736e+01
2.061434e+01,2.046070e+01,2.043973e+01,2.044672e+01,2.025781e+01,2.040477e+01,2.036980e+01,2.048166e+01,2.041875e+01,2.044672e+01,2.036280e+01,2.037679e+01,2.044672e+01,2.041875e+01,2.043973e+01,2.043973e+01,2.046769e+01,2.046769e+01,2.044672e+01,2.032082e+01,2.046070e+01,2.038379e+01,2.035581e+01,2.028582e+01,2.039778e+01,2.039778e+01,2.032782e+01,2.029282e+01,2.050262e+01,2.039778e+01,2.038379e+01,2.062830e+01,2.033481e+01,2.043274e+01,2.032782e+01,2.045371e+01,2.032082e+01,2.020177e+01,2.049564e+01,2.028582e+01,2.026481e+01,2.027181e+01,2.032082e+01,2.043274e+01,2.033481e+01,2.036980e+01,2.052358e+01,2.048166e+01,2.037679e+01,2.040477e+01,2.053057e+01,2.042575e+01,2.036280e+01,2.036280e+01,2.048865e+01,2.037679e+01,2.045371e+01,2.045371e+01,2.032782e+01,2.028582e+01,2.037679e+01,2.048166e+01,2.039778e+01,2.040477e+01,2.039778e+01,2.038379e+01,2.042575e+01,2.040477e+01,2.042575e+01,2.040477e+01,2.038379e+01,2.039078e+01,2.039778e+01,2.041875e+01,2.041875e+01,2.039778e+01,2.037679e+01,2.053755e+01,2.042575e+01,2.047468e+01,2.035581e+01,2.042575e+01,2.035581e+01,2.036980e+01,2.040477e+01,2.040477e+01,2.039078e+01,2.046070e+01,2.039778e+01,2.041176e+01,2.045371e+01,2.048865e+01,2.047468e+01,2.042575e+01,2.041176e+01,2.039078e+01,2.040477e+01,2.036980e+01,2.036280e+01,2.045371e+01,2.034181e+01,2.051660e+01,2.031382e+01,2.033481e+01,2.036980e+01,2.037679e+01,2.035581e+01,2.038379e+01,2.038379e+01,2.039778e+01,2.041176e+01,2.041875e+01,2.042575e+01,2.035581e+01,2.038379e+01,2.048166e+01,2.036280e+01,2.036980e+01,2.046070e+01,2.029282e+01,2.039078e+01,2.034181e+01,2.043274e+01,2.039078e+01,2.045371e+01,2.040477e+01,2.031382e+01,2.035581e+01,2.042575e+01,2.041176e+01,2.045371e+01,2.041875e+01,2.045371e+01,2.040477e+01,2.039078e+01,2.043973e+01,2.041176e+01,2.039078e+01,2.039778e+01,2.040477e+01,2.040477e+01,2.042575e+01,2.043274e+01,2.042575e+01,2.055152e+01,2.048865e+01,2.044672e+01,2.047468e+01,2.048166e+01,2.049564e+01,2.046769e+01,2.055850e+01,2.053755e+01,2.055850e+01,2.053057e+01,2.060736e+01,2.069108e+01,2.067016e+01,2.047468e+01,2.068410e+01,2.066318e+01,2.055152e+01,2.069108e+01,2.069805e+01,2.074685e+01,2.060039e+01,2.055152e+01,2.058643e+01,2.053057e+01,2.053755e+01,2.048166e+01,2.048166e+01,2.053057e+01,2.055152e+01,2.053755e+01,2.054453e+01,2.046769e+01,2.057246e+01,2.048865e+01,2.066318e+01,2.080955e+01,2.067713e+01,2.080955e+01,2.074685e+01,2.055152e+01,2.060736e+01,2.069108e+01,2.066318e+01,2.069805e+01,2.074685e+01,2.060039e+01,2.067016e+01,2.071897e+01,2.072594e+01,2.070502e+01,2.076079e+01,2.073988e+01,2.077472e+01,2.076775e+01,2.065621e+01,2.073291e+01,2.071200e+01,2.067713e+01,2.069805e+01,2.073291e+01,2.070502e+01,2.069108e+01,2.064923e+01,2.072594e+01,2.074685e+01,2.056548e+01,2.067016e+01,2.053755e+01,2.060039e+01,2.063528e+01,2.043973e+01,2.073988e+01,2.046769e+01,2.069805e+01,2.060736e+01,2.067016e+01,2.061434e+01,2.064923e+01,2.072594e+01,2.066318e+01,2.071200e+01,2.074685e+01,2.062830e+01,2.069108e+01,2.075382e+01,2.064923e+01,2.059340e+01,2.057246e+01,2.070502e+01,2.057944e+01,2.060736e+01,2.070502e+01,2.061434e+01,2.064225e+01,2.070502e+01,2.071200e+01,2.062132e+01,2.064923e+01,2.046070e+01,2.062830e+01,2.061434e+01,2.073291e+01,2.062132e+01,2.063528e+01,2.043973e+01,2.062132e+01,2.065621e+01,2.065621e+01,2.066318e+01,2.056548e+01,2.054453e+01,2.053755e+01,2.060736e+01,2.064923e+01,2.048166e+01,2.060039e+01,2.054453e+01,2.060039e+01,2.053057e+01,2.050262e+01,2.052358e+01,2.039778e+01,2.043973e+01,2.037679e+01,2.031382e+01,2.035581e+01,2.040477e+01,2.036280e+01,2.034181e+01,2.042575e+01,2.039078e+01,2.038379e+01,2.038379e+01,2.048865e+01,2.044672e+01,2.050262e+01,2.030682e+01,2.042575e+01,2.044672e+01,2.039078e+01,2.033481e+01,2.038379e+01,2.037679e+01,2.037679e+01,2.036980e+01,2.034881e+01,2.041875e+01,2.050961e+01,2.055850e+01,2.051660e+01,2.055850e+01,2.063528e+01,2.058643e+01,2.074685e+01,2.051660e+01,2.070502e+01,2.060039e+01,2.058643e+01,2.056548e+01,2.060039e+01,2.058643e+01,2.052358e+01,2.049564e+01,2.044672e+01,2.035581e+01,2.041875e+01,2.043973e+01,2.042575e+01,2.048166e+01,2.041176e+01,2.043973e+01,2.044672e+01,2.047468e+01,2.041176e+01,2.039078e+01,2.047468e+01,2.039778e+01,2.036980e+01,2.040477e+01,2.036980e+01,2.045371e+01,2.043274e+01,2.036980e+01,2.052358e+01,2.046070e+01,2.037679e+01,2.028582e+01,2.037679e+01,2.033481e+01,2.029982e+01,2.027181e+01,2.028582e+01,2.034881e+01,2.039078e+01,2.032782e+01,2.033481e+01,2.028582e+01,2.032082e+01,2.039778e+01,2.043274e+01,2.034181e+01,2.035581e+01,2.047468e+01,2.046070e+01,2.048865e+01,2.034181e+01,2.046070e+01,2.034181e+01,2.036280e+01,2.030682e+01,2.041176e+01,2.046769e+01,2.027181e+01,2.044672e+01,2.040477e+01,2.044672e+01,2.050262e+01,2.046769e+01,2.034881e+01,2.036280e+01,2.048166e+01,2.044672e+01,2.043274e+01,2.046070e+01,2.042575e+01,2.043274e+01,2.048166e+01,2.042575e+01,2.042575e+01,2.051660e+01,2.043973e+01,2.043274e+01,2.048865e+01,2.055152e+01,2.045371e+01,2.037679e+01,2.049564e+01,2.039778e+01,2.039778e+01,2.050262e+01,2.050262e+01,2.047468e+01,2.042575e+01,2.053057e+01,2.036280e+01,2.053755e+01,2.043973e+01,2.051660e+01,2.047468e+01,2.055850e+01,2.053755e+01,2.048865e+01,2.050961e+01,2.049564e+01,2.046769e+01,2.051660e+01,2.050262e+01,2.056548e+01,2.052358e+01,2.055152e+01,2.050262e+01,2.050262e+01,2.055152e+01,2.050262e+01,2.056548e+01,2.051660e+01,2.064923e+01,2.057944e+01,2.056548e+01,2.056548e+01,2.055850e+01,2.060736e+01,2.064923e+01,2.061434e+01,2.049564e+01,2.053057e+01,2.064225e+01,2.060039e+01,2.050262e+01,2.053057e+01,2.057944e+01,2.056548e+01,2.068410e+01,2.055152e+01,2.071200e+01,2.062132e+01,2.060039e+01,2.059340e+01,2.056548e+01,2.055152e+01,2.060039e+01,2.058643e+01,2.056548e+01,2.060736e+01,2.053755e+01,2.060736e+01,2.069108e+01,2.062830e+01,2.052358e+01,2.060039e+01,2.061434e+01,2.055850e+01,2.053057e+01,2.064225e+01,2.057246e+01,2.062132e+01,2.046769e+01,2.055850e+01,2.052358e+01,2.053057e+01,2.060736e+01,2.057944e+01,2.060736e+01,2.057944e+01,2.056548e+01,2.066318e+01,2.057944e+01,2.057944e+01,2.059340e+01,2.058643e+01,2.056548e+01,2.057944e+01,2.067713e+01,2.065621e+01,2.060039e+01,2.066318e+01,2.053057e+01,2.062132e+01,2.064923e+01,2.060039e+01,2.060039e+01,2.062132e+01,2.056548e+01,2.056548e+01,2.069805e+01,2.059340e+01,2.059340e+01,2.063528e+01,2.069805e+01,2.057944e+01,2.063528e+01,2.062132e+01,2.049564e+01,2.061434e+01,2.060039e+01,2.058643e+01,2.058643e+01,2.055850e+01,2.059340e+01,2.058643e+01,2.065621e+01,2.055152e+01,2.059340e+01,2.060039e+01,2.067713e+01,2.051660e+01,2.055152e+01,2.067016e+01,2.049564e+01,2.053755e+01,2.053755e+01,2.050262e+01,2.060039e+01,2.055850e+01,2.057246e+01,2.050961e+01,2.048865e+01,2.059340e+01,2.053755e+01,2.057246e+01,2.059340e+01,2.063528e+01,2.050262e+01,2.060039e+01,2.050262e+01,2.052358e+01,2.055850e+01,2.054453e+01,2.052358e+01,2.061434e+01,2.066318e+01,2.055152e+01,2.063528e+01,2.049564e+01,2.069805e+01,2.052358e+01,2.062132e+01,2.055152e+01,2.062132e+01,2.056548e+01,2.064225e+01,2.062132e+01,2.065621e+01,2.049564e+01,2.064923e+01,2.061434e+01,2.064923e+01,2.069108e+01,2.063528e+01,2.051660e+01,2.053755e+01,2.062830e+01,2.050262e+01,2.061434e+01,2.046769e+01,2.053057e+01,2.061434e+01,2.053755e+01,2.063528e+01,2.062830e+01,2.068410e+01,2.059340e+01,2.057944e+01,2.058643e+01,2.059340e+01,2.057944e+01,2.070502e+01,2.057246e+01,2.050961e+01,2.074685e+01,2.065621e+01,2.056548e+01,2.063528e+01,2.065621e+01,2.053755e+01,2.056548e+01,2.070502e+01,2.067016e+01,2.068410e+01,2.065621e+01,2.059340e+01,2.070502e+01,2.068410e+01,2.062830e+01,2.064923e+01,2.061434e+01,2.077472e+01,2.061434e+01,2.063528e+01,2.057944e+01,2.064225e+01,2.056548e+01,2.064225e+01,2.064923e+01,2.063528e+01,2.062132e+01,2.060736e+01,2.046070e+01,2.059340e+01,2.060039e+01,2.057246e+01,2.055152e+01,2.068410e+01,2.060736e+01,2.064923e+01,2.062132e+01,2.061434e+01,2.067016e+01,2.060039e+01,2.069108e+01,2.056548e+01,2.061434e+01,2.062132e+01,2.056548e+01,2.067016e+01,2.064225e+01,2.068410e+01,2.060039e+01,2.062830e+01,2.062132e+01,2.062132e+01,2.067016e+01,2.062830e+01,2.061434e+01,2.068410e+01,2.061434e+01,2.065621e+01,2.059340e+01,2.070502e+01,2.066318e+01,2.063528e+01,2.067016e+01,2.070502e+01,2.060736e+01,2.060039e+01,2.068410e+01,2.068410e+01,2.068410e+01,2.063528e+01,2.071200e+01,2.066318e+01,2.064923e+01,2.076079e+01,2.070502e+01,2.071200e+01
2.046070e+01,2.061434e+01,2.049564e+01,2.043274e+01,2.044672e+01,2.046070e+01,2.045371e+01,2.050262e+01,2.043973e+01,2.054453e+01,2.041875e+01,2.039078e+01,2.048166e+01,2.048865e+01,2.032782e+01,2.047468e+01,2.046769e+01,2.045371e+01,2.046769e+01,2.045371e+01,2.029982e+01,2.032782e+01,2.034881e+01,2.041875e+01,2.033481e+01,2.039078e+01,2.041875e+01,2.029982e+01,2.042575e+01,2.041875e+01,2.041176e+01,2.033481e+01,2.041875e+01,2.040477e+01,2.044672e+01,2.039778e+01,2.036280e+01,2.028582e+01,2.038379e+01,2.027881e+01,2.046769e+01,2.043973e+01,2.041875e+01,2.043973e+01,2.036980e+01,2.032782e+01,2.034881e+01,2.040477e+01,2.053057e+01,2.041176e+01,2.049564e+01,2.040477e+01,2.043274e+01,2.045371e+01,2.053057e+01,2.049564e+01,2.033481e+01,2.038379e+01,2.032782e+01,2.034181e+01,2.036280e+01,2.046070e+01,2.043274e+01,2.030682e+01,2.038379e+01,2.034881e+01,2.037679e+01,2.040477e+01,2.044672e+01,2.043274e+01,2.041875e+01,2.039778e+01,2.035581e+01,2.045371e+01,2.050961e+01,2.036280e+01,2.040477e+01,2.039078e+01,2.041176e+01,2.043973e+01,2.039778e+01,2.040477e+01,2.041176e+01,2.041875e+01,2.040477e+01,2.039078e+01,2.041176e+01,2.043973e+01,2.035581e+01,2.043973e+01,2.048166e+01,2.034881e+01,2.041875e+01,2.033481e+01,2.043274e+01,2.047468e+01,2.036980e+01,2.037679e+01,2.033481e+01,2.034181e+01,2.046769e+01,2.039078e+01,2.036280e+01,2.036980e+01,2.036980e+01,2.033481e+01,2.039078e+01,2.039778e+01,2.039078e+01,2.038379e+01,2.036280e+01,2.036980e+01,2.039778e+01,2.043274e+01,2.033481e+01,2.033481e+01,2.032082e+01,2.035581e+01,2.039778e+01,2.043274e+01,2.036980e+01,2.036980e+01,2.041875e+01,2.027881e+01,2.028582e+01,2.038379e+01,2.036280e+01,2.036280e+01,2.034181e+01,2.037679e+01,2.038379e+01,2.038379e+01,2.040477e+01,2.036980e+01,2.049564e+01,2.025781e+01,2.041875e+01,2.037679e+01,2.032782e+01,2.035581e+01,2.042575e+01,2.042575e+01,2.050262e+01,2.047468e+01,2.054453e+01,2.044672e+01,2.043274e+01,2.048166e+01,2.051660e+01,2.051660e+01,2.052358e+01,2.052358e+01,2.066318e+01,2.048865e+01,2.066318e+01,2.072594e+01,2.052358e+01,2.068410e+01,2.066318e+01,2.069108e+01,2.071897e+01,2.071200e+01,2.071200e+01,2.069805e+01,2.067016e+01,2.069805e+01,2.062830e+01,2.062830e+01,2.062132e+01,2.050262e+01,2.052358e+01,2.050262e+01,2.054453e+01,2.047468e+01,2.048865e+01,2.050961e+01,2.045371e+01,2.055152e+01,2.052358e+01,2.062132e+01,2.063528e+01,2.060736e+01,2.068410e+01,2.060039e+01,2.063528e+01,2.060039e+01,2.071200e+01,2.064923e+01,2.068410e+01,2.065621e+01,2.061434e+01,2.063528e+01,2.069108e+01,2.073291e+01,2.072594e+01,2.071200e+01,2.076079e+01,2.065621e+01,2.069805e+01,2.073988e+01,2.073291e+01,2.069805e+01,2.071200e+01,2.069805e+01,2.070502e+01,2.067713e+01,2.070502e+01,2.067016e+01,2.067016e+01,2.068410e+01,2.067713e+01,2.067016e+01,2.060736e+01,2.067713e+01,2.069805e+01,2.062132e+01,2.065621e+01,2.065621e+01,2.062830e+01,2.066318e+01,2.068410e+01,2.063528e+01,2.062132e+01,2.066318e+01,2.076775e+01,2.057944e+01,2.062830e+01,2.060736e+01,2.073291e+01,2.060039e+01,2.055850e+01,2.071897e+01,2.064225e+01,2.055850e+01,2.056548e+01,2.060736e+01,2.067016e+01,2.060736e+01,2.061434e+01,2.069108e+01,2.063528e+01,2.057246e+01,2.067713e+01,2.060039e+01,2.062830e+01,2.055850e+01,2.065621e+01,2.064225e+01,2.063528e+01,2.054453e+01,2.064225e+01,2.064225e+01,2.064225e+01,2.066318e+01,2.054453e+01,2.059340e+01,2.055152e+01,2.060736e+01,2.064225e+01,2.063528e+01,2.061434e+01,2.055152e+01,2.068410e+01,2.063528e+01,2.051660e+01,2.039778e+01,2.037679e+01,2.036280e+01,2.043274e+01,2.053057e+01,2.033481e+01,2.047468e+01,2.039078e+01,2.038379e+01,2.036980e+01,2.043973e+01,2.043274e+01,2.043274e+01,2.046070e+01,2.048166e+01,2.042575e+01,2.049564e+01,2.049564e+01,2.046070e+01,2.039778e+01,2.047468e+01,2.058643e+01,2.044672e+01,2.037679e+01,2.034881e+01,2.036980e+01,2.039078e+01,2.034181e+01,2.038379e+01,2.053057e+01,2.056548e+01,2.051660e+01,2.063528e+01,2.058643e+01,2.062132e+01,2.073291e+01,2.066318e+01,2.064923e+01,2.060736e+01,2.053755e+01,2.060039e+01,2.039778e+01,2.043973e+01,2.042575e+01,2.042575e+01,2.050961e+01,2.041176e+01,2.043973e+01,2.045371e+01,2.042575e+01,2.041875e+01,2.049564e+01,2.041875e+01,2.045371e+01,2.050262e+01,2.036980e+01,2.041176e+01,2.045371e+01,2.032082e+01,2.042575e+01,2.036980e+01,2.032782e+01,2.041875e+01,2.043274e+01,2.046070e+01,2.041875e+01,2.040477e+01,2.036980e+01,2.041176e+01,2.027881e+01,2.026481e+01,2.036280e+01,2.037679e+01,2.029982e+01,2.034881e+01,2.038379e+01,2.042575e+01,2.031382e+01,2.042575e+01,2.043973e+01,2.035581e+01,2.036980e+01,2.037679e+01,2.034181e+01,2.034881e+01,2.042575e+01,2.050961e+01,2.036980e+01,2.035581e+01,2.039078e+01,2.036280e+01,2.039778e+01,2.045371e+01,2.049564e+01,2.046769e+01,2.037679e+01,2.049564e+01,2.037679e+01,2.043274e+01,2.046070e+01,2.043973e+01,2.043274e+01,2.041176e+01,2.043973e+01,2.041875e+01,2.041875e+01,2.041176e+01,2.048166e+01,2.041875e+01,2.046769e+01,2.049564e+01,2.052358e+01,2.051660e+01,2.043274e+01,2.055152e+01,2.047468e+01,2.046769e+01,2.045371e+01,2.048865e+01,2.044672e+01,2.036980e+01,2.039778e+01,2.046769e+01,2.053057e+01,2.047468e+01,2.054453e+01,2.053057e+01,2.051660e+01,2.048865e+01,2.049564e+01,2.052358e+01,2.050262e+01,2.048865e+01,2.050961e+01,2.050961e+01,2.049564e+01,2.046769e+01,2.046769e+01,2.051660e+01,2.048865e+01,2.051660e+01,2.052358e+01,2.048865e+01,2.054453e+01,2.056548e+01,2.048166e+01,2.053057e+01,2.048166e+01,2.051660e+01,2.053755e+01,2.057246e+01,2.059340e+01,2.045371e+01,2.057246e+01,2.050961e+01,2.039778e+01,2.057246e+01,2.048166e+01,2.062132e+01,2.063528e+01,2.051660e+01,2.055152e+01,2.049564e+01,2.050961e+01,2.060736e+01,2.057246e+01,2.054453e+01,2.057944e+01,2.057246e+01,2.059340e+01,2.058643e+01,2.055850e+01,2.057944e+01,2.050961e+01,2.057944e+01,2.053755e+01,2.064225e+01,2.060039e+01,2.059340e+01,2.060039e+01,2.056548e+01,2.063528e+01,2.057246e+01,2.060039e+01,2.062830e+01,2.053755e+01,2.065621e+01,2.057246e+01,2.057246e+01,2.057246e+01,2.057246e+01,2.067713e+01,2.050262e+01,2.059340e+01,2.057944e+01,2.057246e+01,2.058643e+01,2.060039e+01,2.062132e+01,2.067016e+01,2.066318e+01,2.066318e+01,2.059340e+01,2.058643e+01,2.050961e+01,2.062132e+01,2.062830e+01,2.065621e+01,2.046070e+01,2.057246e+01,2.060039e+01,2.057246e+01,2.055152e+01,2.053755e+01,2.054453e+01,2.055152e+01,2.066318e+01,2.053057e+01,2.056548e+01,2.052358e+01,2.056548e+01,2.051660e+01,2.063528e+01,2.061434e+01,2.050262e+01,2.055850e+01,2.055850e+01,2.054453e+01,2.054453e+01,2.066318e+01,2.060039e+01,2.061434e+01,2.062132e+01,2.062132e+01,2.064923e+01,2.050262e+01,2.062830e+01,2.053057e+01,2.051660e+01,2.055850e+01,2.053057e+01,2.054453e+01,2.057246e+01,2.048865e+01,2.052358e+01,2.052358e+01,2.051660e+01,2.050262e+01,2.053057e+01,2.049564e+01,2.053755e+01,2.051660e+01,2.050961e+01,2.069805e+01,2.052358e+01,2.052358e+01,2.062830e+01,2.055850e+01,2.052358e+01,2.066318e+01,2.067016e+01,2.062132e+01,2.066318e+01,2.051660e+01,2.062132e+01,2.052358e+01,2.063528e+01,2.062830e+01,2.057944e+01,2.067016e+01,2.064923e+01,2.062132e+01,2.064923e+01,2.062830e+01,2.058643e+01,2.057246e+01,2.061434e+01,2.054453e+01,2.052358e+01,2.056548e+01,2.067713e+01,2.059340e+01,2.060736e+01,2.061434e+01,2.057944e+01,2.060736e+01,2.059340e+01,2.060736e+01,2.066318e+01,2.067016e+01,2.064923e+01,2.062132e+01,2.064923e+01,2.061434e+01,2.047468e+01,2.062132e+01,2.064225e+01,2.060736e+01,2.053755e+01,2.048865e+01,2.072594e+01,2.060736e+01,2.061434e+01,2.061434e+01,2.063528e+01,2.057944e+01,2.067713e+01,2.069108e+01,2.069805e+01,2.059340e+01,2.065621e+01,2.064225e+01,2.062132e+01,2.053057e+01,2.062830e+01,2.059340e+01,2.068410e+01,2.058643e+01,2.059340e+01,2.071200e+01,2.060736e+01,2.058643e+01,2.070502e+01,2.051660e+01,2.058643e+01,2.062830e+01,2.062830e+01,2.058643e+01,2.055152e+01,2.071200e+01,2.065621e+01,2.064225e+01,2.070502e+01,2.060736e+01,2.062132e+01,2.070502e+01,2.068410e+01,2.069108e+01,2.062132e+01,2.064225e+01,2.058643e+01,2.067713e+01,2.062132e+01,2.069805e+01,2.067713e+01,2.062830e+01,2.054453e+01,2.052358e+01,2.068410e+01,2.055850e+01,2.068410e+01,2.058643e+01,2.069108e+01,2.069805e+01,2.066318e+01,2.064225e+01,2.058643e+01,2.057246e+01,2.049564e+01,2.073988e+01,2.060736e+01,2.067713e+01,2.071200e+01,2.059340e+01,2.079562e+01,2.064923e+01,2.055152e+01,2.071200e+01,2.053057e+01,2.068410e+01,2.062132e+01,2.069108e+01,2.076079e+01,2.068410e+01,2.071897e+01
2.059340e+01,2.052358e+01,2.050961e+01,2.049564e+01,2.050961e+01,2.048865e+01,2.047468e+01,2.044672e+01,2.044672e+01,2.043274e+01,2.052358e+01,2.040477e+01,2.041875e+01,2.043973e+01,2.043973e+01,2.052358e+01,2.045371e+01,2.051660e+01,2.036980e+01,2.046070e+01,2.046070e+01,2.027881e+01,2.041875e+01,2.042575e+01,2.044672e+01,2.038379e+01,2.033481e+01,2.040477e+01,2.040477e+01,2.036980e+01,2.031382e+01,2.043274e+01,2.036280e+01,2.043274e+01,2.042575e+01,2.047468e+01,2.052358e+01,2.050961e+01,2.045371e+01,2.034181e+01,2.032782e+01,2.033481e+01,2.046070e+01,2.050262e+01,2.048166e+01,2.025781e+01,2.031382e+01,2.036980e+01,2.055850e+01,2.055850e+01,2.046769e+01,2.045371e+01,2.049564e+01,2.052358e+01,2.032082e+01,2.036980e+01,2.038379e+01,2.047468e+01,2.050961e+01,2.047468e+01,2.049564e+01,2.046070e+01,2.032782e+01,2.039078e+01,2.036980e+01,2.039778e+01,2.044672e+01,2.035581e+01,2.041176e+01,2.043274e+01,2.035581e+01,2.046769e+01,2.042575e+01,2.048865e+01,2.043973e+01,2.052358e+01,2.038379e+01,2.041176e+01,2.037679e+01,2.040477e+01,2.042575e+01,2.039778e+01,2.049564e+01,2.029282e+01,2.041176e+01,2.043274e+01,2.045371e+01,2.037679e+01,2.036280e+01,2.042575e+01,2.033481e+01,2.029982e+01,2.023680e+01,2.042575e+01,2.032782e+01,2.045371e+01,2.037679e+01,2.043274e+01,2.040477e+01,2.048865e+01,2.050262e+01,2.041176e+01,2.037679e+01,2.039078e+01,2.035581e+01,2.022278e+01,2.022979e+01,2.037679e+01,2.039778e+01,2.039778e+01,2.040477e+01,2.043274e+01,2.039078e+01,2.034881e+01,2.034181e+01,2.046070e+01,2.041875e+01,2.036280e+01,2.039078e+01,2.043274e+01,2.041875e+01,2.048865e+01,2.039778e+01,2.042575e+01,2.039078e+01,2.039078e+01,2.039778e+01,2.043274e+01,2.038379e+01,2.022278e+01,2.043274e+01,2.032082e+01,2.035581e+01,2.037679e+01,2.043973e+01,2.039078e+01,2.039778e+01,2.045371e+01,2.031382e+01,2.041176e+01,2.050961e+01,2.043973e+01,2.051660e+01,2.043973e+01,2.040477e+01,2.051660e+01,2.042575e+01,2.049564e+01,2.050262e+01,2.049564e+01,2.050961e+01,2.057246e+01,2.063528e+01,2.069805e+01,2.067713e+01,2.069805e+01,2.066318e+01,2.073988e+01,2.063528e+01,2.062132e+01,2.069805e+01,2.073291e+01,2.069805e+01,2.067016e+01,2.067016e+01,2.067016e+01,2.060039e+01,2.071200e+01,2.056548e+01,2.044672e+01,2.055152e+01,2.048166e+01,2.045371e+01,2.046769e+01,2.039078e+01,2.050262e+01,2.049564e+01,2.048166e+01,2.043973e+01,2.046769e+01,2.049564e+01,2.060736e+01,2.071897e+01,2.062830e+01,2.060736e+01,2.058643e+01,2.073988e+01,2.072594e+01,2.064225e+01,2.075382e+01,2.070502e+01,2.073988e+01,2.074685e+01,2.073291e+01,2.072594e+01,2.067016e+01,2.064923e+01,2.073291e+01,2.067016e+01,2.070502e+01,2.069108e+01,2.071200e+01,2.075382e+01,2.076775e+01,2.075382e+01,2.070502e+01,2.060039e+01,2.073988e+01,2.071897e+01,2.060039e+01,2.067713e+01,2.064225e+01,2.055850e+01,2.063528e+01,2.066318e+01,2.061434e+01,2.066318e+01,2.064225e+01,2.066318e+01,2.066318e+01,2.071200e+01,2.071897e+01,2.068410e+01,2.073988e+01,2.064225e+01,2.069108e+01,2.065621e+01,2.067713e+01,2.069108e+01,2.062132e+01,2.057944e+01,2.061434e+01,2.060736e+01,2.058643e+01,2.062830e+01,2.059340e+01,2.057944e+01,2.071200e+01,2.057944e+01,2.067016e+01,2.067713e+01,2.060039e+01,2.064923e+01,2.061434e+01,2.057944e+01,2.062132e+01,2.062830e+01,2.053755e+01,2.062132e+01,2.060736e+01,2.052358e+01,2.065621e+01,2.050961e+01,2.067016e+01,2.053057e+01,2.064923e+01,2.057944e+01,2.059340e+01,2.048865e+01,2.046769e+01,2.066318e+01,2.060736e+01,2.053057e+01,2.054453e+01,2.058643e+01,2.057944e+01,2.041176e+01,2.032782e+01,2.054453e+01,2.034881e+01,2.042575e+01,2.043973e+01,2.040477e+01,2.039778e+01,2.045371e+01,2.039778e+01,2.047468e+01,2.048166e+01,2.038379e+01,2.043973e+01,2.038379e+01,2.035581e+01,2.049564e+01,2.032782e+01,2.047468e+01,2.045371e+01,2.034181e+01,2.037679e+01,2.041176e+01,2.043973e+01,2.039078e+01,2.046070e+01,2.042575e+01,2.036980e+01,2.048865e+01,2.056548e+01,2.053755e+01,2.056548e+01,2.071897e+01,2.057944e+01,2.060039e+01,2.072594e+01,2.058643e+01,2.050262e+01,2.065621e+01,2.059340e+01,2.042575e+01,2.038379e+01,2.048865e+01,2.043973e+01,2.044672e+01,2.048166e+01,2.055152e+01,2.046070e+01,2.043274e+01,2.042575e+01,2.052358e+01,2.046769e+01,2.043274e+01,2.048166e+01,2.047468e+01,2.046070e+01,2.043973e+01,2.034181e+01,2.036280e+01,2.036980e+01,2.040477e+01,2.049564e+01,2.038379e+01,2.036280e+01,2.036280e+01,2.039078e+01,2.037679e+01,2.034881e+01,2.034881e+01,2.037679e+01,2.037679e+01,2.034181e+01,2.032782e+01,2.036980e+01,2.036980e+01,2.039078e+01,2.039078e+01,2.037679e+01,2.034181e+01,2.036980e+01,2.036280e+01,2.032782e+01,2.028582e+01,2.042575e+01,2.032082e+01,2.041875e+01,2.046070e+01,2.046070e+01,2.039078e+01,2.038379e+01,2.039778e+01,2.043973e+01,2.043973e+01,2.048166e+01,2.047468e+01,2.042575e+01,2.036980e+01,2.046769e+01,2.041176e+01,2.043973e+01,2.043973e+01,2.058643e+01,2.041176e+01,2.050262e+01,2.043274e+01,2.041875e+01,2.049564e+01,2.049564e+01,2.043973e+01,2.054453e+01,2.047468e+01,2.053755e+01,2.048865e+01,2.046070e+01,2.038379e+01,2.054453e+01,2.040477e+01,2.061434e+01,2.040477e+01,2.052358e+01,2.053755e+01,2.044672e+01,2.049564e+01,2.049564e+01,2.047468e+01,2.039778e+01,2.041875e+01,2.046070e+01,2.055152e+01,2.054453e+01,2.052358e+01,2.050262e+01,2.050961e+01,2.053057e+01,2.050961e+01,2.053755e+01,2.043973e+01,2.051660e+01,2.040477e+01,2.053057e+01,2.053057e+01,2.044672e+01,2.052358e+01,2.066318e+01,2.061434e+01,2.057246e+01,2.062132e+01,2.057246e+01,2.057246e+01,2.059340e+01,2.060039e+01,2.060736e+01,2.061434e+01,2.059340e+01,2.054453e+01,2.059340e+01,2.048865e+01,2.054453e+01,2.052358e+01,2.057246e+01,2.062830e+01,2.062830e+01,2.059340e+01,2.053755e+01,2.056548e+01,2.069108e+01,2.060736e+01,2.058643e+01,2.060736e+01,2.057944e+01,2.058643e+01,2.060736e+01,2.062830e+01,2.062132e+01,2.057246e+01,2.070502e+01,2.060039e+01,2.059340e+01,2.060736e+01,2.055152e+01,2.062132e+01,2.055850e+01,2.054453e+01,2.056548e+01,2.067713e+01,2.067016e+01,2.058643e+01,2.050262e+01,2.052358e+01,2.048166e+01,2.059340e+01,2.055152e+01,2.046769e+01,2.066318e+01,2.057944e+01,2.060736e+01,2.067016e+01,2.064923e+01,2.050262e+01,2.050961e+01,2.055152e+01,2.056548e+01,2.062132e+01,2.062830e+01,2.064225e+01,2.064225e+01,2.063528e+01,2.064225e+01,2.053755e+01,2.057246e+01,2.045371e+01,2.056548e+01,2.057944e+01,2.059340e+01,2.060039e+01,2.056548e+01,2.067713e+01,2.061434e+01,2.048166e+01,2.064225e+01,2.058643e+01,2.050961e+01,2.053755e+01,2.064225e+01,2.050961e+01,2.059340e+01,2.060039e+01,2.072594e+01,2.054453e+01,2.062830e+01,2.053057e+01,2.060039e+01,2.064225e+01,2.061434e+01,2.056548e+01,2.060039e+01,2.055152e+01,2.046769e+01,2.048865e+01,2.051660e+01,2.052358e+01,2.068410e+01,2.049564e+01,2.053755e+01,2.052358e+01,2.053755e+01,2.052358e+01,2.059340e+01,2.050961e+01,2.059340e+01,2.062132e+01,2.047468e+01,2.058643e+01,2.054453e+01,2.052358e+01,2.059340e+01,2.058643e+01,2.051660e+01,2.056548e+01,2.064225e+01,2.067016e+01,2.063528e+01,2.060736e+01,2.061434e+01,2.050262e+01,2.062830e+01,2.060736e+01,2.054453e+01,2.057246e+01,2.066318e+01,2.062132e+01,2.061434e+01,2.060039e+01,2.073988e+01,2.063528e+01,2.060039e+01,2.070502e+01,2.069108e+01,2.069108e+01,2.067713e+01,2.064225e+01,2.064225e+01,2.054453e+01,2.051660e+01,2.059340e+01,2.060039e+01,2.061434e+01,2.061434e+01,2.059340e+01,2.060736e+01,2.061434e+01,2.060736e+01,2.062132e+01,2.062132e+01,2.071897e+01,2.060736e+01,2.062830e+01,2.061434e+01,2.071200e+01,2.057944e+01,2.064225e+01,2.073988e+01,2.064225e+01,2.060039e+01,2.060736e+01,2.069805e+01,2.062132e+01,2.067016e+01,2.063528e+01,2.065621e+01,2.057246e+01,2.056548e+01,2.071200e+01,2.057246e+01,2.062830e+01,2.079562e+01,2.064923e+01,2.056548e+01,2.071897e+01,2.062830e+01,2.054453e+01,2.064225e+01,2.053057e+01,2.053057e+01,2.061434e+01,2.055152e+01,2.061434e+01,2.058643e+01,2.057944e+01,2.048166e+01,2.062830e+01,2.061434e+01,2.061434e+01,2.058643e+01,2.061434e+01,2.050961e+01,2.062132e+01,2.069108e+01,2.062132e+01,2.060736e+01,2.080259e+01,2.067713e+01,2.074685e+01,2.057944e+01,2.071897e+01,2.060736e+01,2.056548e+01,2.064225e+01,2.066318e+01,2.062830e+01,2.047468e+01,2.069805e+01,2.067713e+01,2.073291e+01,2.071897e+01,2.069108e+01,2.063528e+01,2.063528e+01,2.082348e+01,2.080259e+01,2.083045e+01,2.059340e+01,2.060039e+01,2.063528e+01,2.079562e+01,2.055850e+01,2.068410e+01,2.069805e+01,2.060039e+01,2.070502e+01,2.069108e+01,2.073988e+01,2.071897e+01,2.070502e+01
2.039078e+01,2.053755e+01,2.056548e+01,2.056548e+01,2.048166e+01,2.069108e+01,2.050262e+01,2.045371e+01,2.046769e+01,2.046769e+01,2.043973e+01,2.037679e+01,2.041875e+01,2.044672e+01,2.058643e+01,2.044672e+01,2.040477e+01,2.040477e+01,2.048865e+01,2.062132e+01,2.047468e+01,2.046769e+01,2.044672e+01,2.044672e+01,2.046070e+01,2.044672e+01,2.041875e+01,2.041176e+01,2.045371e+01,2.043274e+01,2.043274e+01,2.047468e+01,2.044672e+01,2.046769e+01,2.041875e+01,2.047468e+01,2.036280e+01,2.043973e+01,2.039778e+01,2.040477e+01,2.039778e+01,2.044672e+01,2.057246e+01,2.044672e+01,2.043274e+01,2.053057e+01,2.039078e+01,2.041875e+01,2.055152e+01,2.032782e+01,2.051660e+01,2.046070e+01,2.052358e+01,2.053755e+01,2.040477e+01,2.041176e+01,2.050262e+01,2.028582e+01,2.048166e+01,2.053755e+01,2.044672e+01,2.046070e+01,2.051660e+01,2.043973e+01,2.038379e+01,2.041875e+01,2.041176e+01,2.045371e+01,2.046070e+01,2.041176e+01,2.043274e+01,2.041875e+01,2.042575e+01,2.044672e+01,2.049564e+01,2.036280e+01,2.038379e+01,2.043274e+01,2.041176e+01,2.043274e+01,2.038379e+01,2.057944e+01,2.048865e+01,2.046769e+01,2.043973e+01,2.042575e+01,2.062830e+01,2.042575e+01,2.039778e+01,2.048166e+01,2.040477e+01,2.047468e+01,2.043274e+01,2.046769e+01,2.047468e+01,2.047468e+01,2.036980e+01,2.033481e+01,2.053057e+01,2.034181e+01,2.034881e+01,2.049564e+01,2.042575e+01,2.031382e+01,2.029982e+01,2.041176e+01,2.045371e+01,2.036280e+01,2.043973e+01,2.039778e+01,2.041875e+01,2.046070e+01,2.049564e+01,2.039078e+01,2.043973e+01,2.052358e+01,2.035581e+01,2.046070e+01,2.045371e+01,2.042575e+01,2.041176e+01,2.040477e+01,2.042575e+01,2.041176e+01,2.043274e+01,2.032782e+01,2.031382e+01,2.039778e+01,2.037679e+01,2.046769e+01,2.035581e+01,2.046769e+01,2.044672e+01,2.034181e+01,2.037679e+01,2.045371e+01,2.048166e+01,2.048166e+01,2.044672e+01,2.047468e+01,2.050961e+01,2.042575e+01,2.045371e+01,2.043973e+01,2.046070e+01,2.043274e+01,2.062132e+01,2.048865e+01,2.052358e+01,2.064225e+01,2.055850e+01,2.057944e+01,2.061434e+01,2.065621e+01,2.071897e+01,2.067016e+01,2.078866e+01,2.067016e+01,2.066318e+01,2.072594e+01,2.073291e+01,2.069108e+01,2.074685e+01,2.064923e+01,2.064225e+01,2.057246e+01,2.060039e+01,2.062132e+01,2.058643e+01,2.050961e+01,2.051660e+01,2.039078e+01,2.045371e+01,2.046769e+01,2.039078e+01,2.040477e+01,2.057944e+01,2.046070e+01,2.044672e+01,2.061434e+01,2.054453e+01,2.048865e+01,2.061434e+01,2.057246e+01,2.057944e+01,2.074685e+01,2.064923e+01,2.057246e+01,2.072594e+01,2.066318e+01,2.064923e+01,2.070502e+01,2.072594e+01,2.071897e+01,2.076775e+01,2.064225e+01,2.064225e+01,2.066318e+01,2.071200e+01,2.069108e+01,2.073291e+01,2.067713e+01,2.079562e+01,2.062830e+01,2.076079e+01,2.076775e+01,2.059340e+01,2.067016e+01,2.059340e+01,2.073291e+01,2.069805e+01,2.069108e+01,2.069805e+01,2.062830e+01,2.068410e+01,2.064923e+01,2.067713e+01,2.062132e+01,2.068410e+01,2.067713e+01,2.070502e+01,2.068410e+01,2.068410e+01,2.077472e+01,2.057246e+01,2.069805e+01,2.067713e+01,2.065621e+01,2.064923e+01,2.066318e+01,2.065621e+01,2.057246e+01,2.061434e+01,2.062830e+01,2.055152e+01,2.057944e+01,2.059340e+01,2.048166e+01,2.062132e+01,2.062132e+01,2.067713e+01,2.062132e+01,2.060039e+01,2.060736e+01,2.074685e+01,2.062830e+01,2.059340e+01,2.057944e+01,2.060039e+01,2.055152e+01,2.065621e+01,2.064923e+01,2.067016e+01,2.058643e+01,2.064923e+01,2.058643e+01,2.062132e+01,2.062132e+01,2.063528e+01,2.062830e+01,2.059340e+01,2.066318e+01,2.058643e+01,2.055850e+01,2.055152e+01,2.056548e+01,2.055850e+01,2.043274e+01,2.055850e+01,2.041176e+01,2.039778e+01,2.041875e+01,2.045371e+01,2.039078e+01,2.043274e+01,2.046070e+01,2.048166e+01,2.046769e+01,2.046070e+01,2.050961e+01,2.050262e+01,2.037679e+01,2.047468e+01,2.048865e+01,2.050262e+01,2.042575e+01,2.039778e+01,2.035581e+01,2.050961e+01,2.045371e+01,2.041176e+01,2.047468e+01,2.043973e+01,2.041875e+01,2.058643e+01,2.044672e+01,2.060736e+01,2.055152e+01,2.076079e+01,2.061434e+01,2.068410e+01,2.062830e+01,2.054453e+01,2.055850e+01,2.060736e+01,2.043274e+01,2.042575e+01,2.045371e+01,2.046070e+01,2.052358e+01,2.044672e+01,2.048865e+01,2.046070e+01,2.048166e+01,2.046070e+01,2.043973e+01,2.043973e+01,2.047468e+01,2.040477e+01,2.047468e+01,2.046769e+01,2.042575e+01,2.039078e+01,2.044672e+01,2.048166e+01,2.040477e+01,2.047468e+01,2.052358e+01,2.041875e+01,2.044672e+01,2.036980e+01,2.038379e+01,2.036980e+01,2.040477e+01,2.044672e+01,2.041176e+01,2.032082e+01,2.042575e+01,2.035581e+01,2.041176e+01,2.043274e+01,2.042575e+01,2.036980e+01,2.035581e+01,2.037679e+01,2.035581e+01,2.039778e+01,2.034181e+01,2.035581e+01,2.027181e+01,2.034881e+01,2.044672e+01,2.044672e+01,2.046070e+01,2.047468e+01,2.045371e+01,2.037679e+01,2.043973e+01,2.044672e+01,2.044672e+01,2.041176e+01,2.039778e+01,2.037679e+01,2.038379e+01,2.051660e+01,2.043274e+01,2.043274e+01,2.042575e+01,2.045371e+01,2.042575e+01,2.046769e+01,2.042575e+01,2.046769e+01,2.050961e+01,2.054453e+01,2.057246e+01,2.053057e+01,2.054453e+01,2.055152e+01,2.049564e+01,2.046070e+01,2.052358e+01,2.045371e+01,2.060736e+01,2.049564e+01,2.055152e+01,2.046070e+01,2.049564e+01,2.046070e+01,2.056548e+01,2.050262e+01,2.039778e+01,2.067713e+01,2.046769e+01,2.057246e+01,2.050262e+01,2.050262e+01,2.053755e+01,2.053057e+01,2.049564e+01,2.053755e+01,2.057944e+01,2.050961e+01,2.050262e+01,2.044672e+01,2.046769e+01,2.053057e+01,2.060039e+01,2.057944e+01,2.053057e+01,2.056548e+01,2.060736e+01,2.046769e+01,2.060736e+01,2.065621e+01,2.050961e+01,2.064225e+01,2.057944e+01,2.062132e+01,2.055850e+01,2.050262e+01,2.043274e+01,2.067713e+01,2.053057e+01,2.064923e+01,2.054453e+01,2.058643e+01,2.055152e+01,2.066318e+01,2.060736e+01,2.060039e+01,2.057944e+01,2.060039e+01,2.058643e+01,2.059340e+01,2.062132e+01,2.060736e+01,2.060039e+01,2.060039e+01,2.057246e+01,2.055152e+01,2.057246e+01,2.060039e+01,2.062830e+01,2.062132e+01,2.062830e+01,2.061434e+01,2.060039e+01,2.057246e+01,2.062830e+01,2.062830e+01,2.055152e+01,2.056548e+01,2.060736e+01,2.054453e+01,2.073291e+01,2.057246e+01,2.058643e+01,2.055850e+01,2.066318e+01,2.054453e+01,2.052358e+01,2.067713e+01,2.067016e+01,2.063528e+01,2.055152e+01,2.067713e+01,2.059340e+01,2.053057e+01,2.064923e+01,2.064923e+01,2.056548e+01,2.065621e+01,2.059340e+01,2.048865e+01,2.057246e+01,2.061434e+01,2.058643e+01,2.053755e+01,2.061434e+01,2.052358e+01,2.064923e+01,2.063528e+01,2.051660e+01,2.049564e+01,2.070502e+01,2.049564e+01,2.053057e+01,2.074685e+01,2.053755e+01,2.050961e+01,2.054453e+01,2.073988e+01,2.063528e+01,2.067713e+01,2.062132e+01,2.060736e+01,2.050262e+01,2.062830e+01,2.065621e+01,2.057944e+01,2.059340e+01,2.057944e+01,2.067713e+01,2.043274e+01,2.055850e+01,2.071200e+01,2.070502e+01,2.068410e+01,2.071897e+01,2.055850e+01,2.053057e+01,2.053755e+01,2.060736e+01,2.058643e+01,2.057246e+01,2.050961e+01,2.060736e+01,2.062830e+01,2.062132e+01,2.057246e+01,2.049564e+01,2.055850e+01,2.053755e+01,2.060039e+01,2.062830e+01,2.065621e+01,2.053755e+01,2.055850e+01,2.061434e+01,2.066318e+01,2.053057e+01,2.065621e+01,2.058643e+01,2.054453e+01,2.053755e+01,2.064225e+01,2.065621e+01,2.062132e+01,2.062132e+01,2.068410e+01,2.063528e+01,2.069108e+01,2.055152e+01,2.068410e+01,2.061434e+01,2.068410e+01,2.051660e+01,2.063528e+01,2.064225e+01,2.056548e+01,2.072594e+01,2.066318e+01,2.062132e+01,2.064923e+01,2.060736e+01,2.060736e+01,2.060039e+01,2.062132e+01,2.058643e+01,2.083045e+01,2.068410e+01,2.071200e+01,2.060736e+01,2.058643e+01,2.058643e+01,2.068410e+01,2.061434e+01,2.061434e+01,2.061434e+01,2.060039e+01,2.064923e+01,2.076079e+01,2.063528e+01,2.073988e+01,2.065621e+01,2.064923e+01,2.078169e+01,2.063528e+01,2.064923e+01,2.059340e+01,2.064225e+01,2.077472e+01,2.073291e+01,2.071200e+01,2.062132e+01,2.069108e+01,2.057944e+01,2.065621e+01,2.060736e+01,2.057944e+01,2.036980e+01,2.049564e+01,2.067016e+01,2.068410e+01,2.064225e+01,2.067016e+01,2.061434e+01,2.050961e+01,2.064923e+01,2.062132e+01,2.057246e+01,2.050961e+01,2.060039e+01,2.063528e+01,2.062830e+01,2.071200e+01,2.064923e+01,2.069108e+01,2.060736e+01,2.066318e+01,2.064225e+01,2.059340e+01,2.069108e+01,2.065621e+01,2.065621e+01,2.071200e+01,2.069805e+01,2.094180e+01,2.057246e+01,2.073988e+01,2.053057e+01,2.080259e+01,2.081652e+01,2.083741e+01,2.082348e+01,2.080259e+01,2.061434e+01,2.061434e+01,2.053057e+01,2.064923e+01,2.067713e+01,2.050961e+01,2.057944e+01,2.065621e+01,2.067016e+01,2.072594e+01,2.080259e+01,2.069805e+01,2.071897e+01
2.057246e+01,2.058643e+01,2.053755e+01,2.044672e+01,2.048865e+01,2.052358e+01,2.046070e+01,2.050961e+01,2.050262e+01,2.055850e+01,2.043973e+01,2.062132e+01,2.048865e+01,2.044672e+01,2.048865e+01,2.049564e+01,2.050262e+01,2.052358e+01,2.047468e+01,2.047468e+01,2.046070e+01,2.048166e+01,2.043973e+01,2.039078e+01,2.058643e+01,2.042575e+01,2.055850e+01,2.043973e+01,2.051660e+01,2.045371e+01,2.043973e+01,2.073988e+01,2.046070e+01,2.052358e+01,2.041875e+01,2.050961e+01,2.041875e+01,2.046769e+01,2.046070e+01,2.036980e+01,2.043973e+01,2.049564e+01,2.044672e+01,2.046070e+01,2.047468e+01,2.052358e+01,2.049564e+01,2.053057e+01,2.041875e+01,2.044672e+01,2.046769e+01,2.048865e+01,2.045371e+01,2.048166e+01,2.049564e+01,2.046070e+01,2.050961e+01,2.053057e+01,2.048865e+01,2.044672e+01,2.041176e+01,2.043973e+01,2.055152e+01,2.048166e+01,2.055152e+01,2.050262e+01,2.048865e+01,2.055152e+01,2.050262e+01,2.042575e+01,2.044672e+01,2.048166e+01,2.040477e+01,2.050262e+01,2.051660e+01,2.049564e+01,2.039078e+01,2.053057e+01,2.046070e+01,2.050262e+01,2.053057e+01,2.048865e+01,2.053057e+01,2.041875e+01,2.042575e+01,2.057944e+01,2.053057e+01,2.043274e+01,2.048166e+01,2.050961e+01,2.049564e+01,2.047468e+01,2.046070e+01,2.046070e+01,2.043274e+01,2.045371e+01,2.049564e+01,2.053057e+01,2.043973e+01,2.042575e+01,2.030682e+01,2.043973e+01,2.043973e+01,2.028582e+01,2.044672e+01,2.043274e+01,2.039778e+01,2.041875e+01,2.037679e+01,2.038379e+01,2.039778e+01,2.039078e+01,2.030682e+01,2.043973e+01,2.051660e+01,2.036280e+01,2.039778e+01,2.048166e+01,2.044672e+01,2.046070e+01,2.042575e+01,2.048166e+01,2.042575e+01,2.041875e+01,2.040477e+01,2.040477e+01,2.038379e+01,2.043274e+01,2.040477e+01,2.037679e+01,2.041875e+01,2.034181e+01,2.034881e+01,2.048865e+01,2.048865e+01,2.046769e+01,2.050961e+01,2.046070e+01,2.049564e+01,2.055152e+01,2.047468e+01,2.060736e+01,2.043274e+01,2.055152e+01,2.044672e+01,2.048166e+01,2.069805e+01,2.062132e+01,2.064225e+01,2.057246e+01,2.068410e+01,2.072594e+01,2.069805e+01,2.078866e+01,2.067016e+01,2.085830e+01,2.065621e+01,2.068410e+01,2.067713e+01,2.069805e+01,2.069805e+01,2.068410e+01,2.061434e+01,2.068410e+01,2.064225e+01,2.067016e+01,2.054453e+01,2.058643e+01,2.043973e+01,2.050262e+01,2.043274e+01,2.045371e+01,2.038379e+01,2.045371e+01,2.036980e+01,2.040477e+01,2.046070e+01,2.041875e+01,2.057944e+01,2.046769e+01,2.059340e+01,2.052358e+01,2.057944e+01,2.055850e+01,2.053755e+01,2.061434e+01,2.064225e+01,2.064225e+01,2.068410e+01,2.067016e+01,2.066318e+01,2.054453e+01,2.067713e+01,2.059340e+01,2.054453e+01,2.060039e+01,2.063528e+01,2.067016e+01,2.070502e+01,2.069108e+01,2.068410e+01,2.071200e+01,2.066318e+01,2.069108e+01,2.073291e+01,2.078169e+01,2.068410e+01,2.065621e+01,2.069805e+01,2.066318e+01,2.068410e+01,2.062132e+01,2.057246e+01,2.059340e+01,2.070502e+01,2.058643e+01,2.073988e+01,2.065621e+01,2.053755e+01,2.067713e+01,2.067016e+01,2.066318e+01,2.074685e+01,2.060736e+01,2.069805e+01,2.068410e+01,2.054453e+01,2.070502e+01,2.067016e+01,2.064923e+01,2.063528e+01,2.057944e+01,2.061434e+01,2.060039e+01,2.065621e+01,2.059340e+01,2.067713e+01,2.065621e+01,2.061434e+01,2.060736e+01,2.061434e+01,2.057944e+01,2.061434e+01,2.058643e+01,2.061434e+01,2.061434e+01,2.060736e+01,2.071897e+01,2.062132e+01,2.050961e+01,2.067016e+01,2.066318e+01,2.064225e+01,2.055152e+01,2.067016e+01,2.061434e+01,2.064923e+01,2.061434e+01,2.052358e+01,2.062830e+01,2.064923e+01,2.058643e+01,2.062132e+01,2.053057e+01,2.056548e+01,2.060039e+01,2.069108e+01,2.039078e+01,2.055850e+01,2.041875e+01,2.045371e+01,2.042575e+01,2.042575e+01,2.039778e+01,2.048166e+01,2.040477e+01,2.043973e+01,2.046769e+01,2.050262e+01,2.049564e+01,2.049564e+01,2.051660e+01,2.050961e+01,2.051660e+01,2.050262e+01,2.040477e+01,2.049564e+01,2.050262e+01,2.052358e+01,2.039078e+01,2.047468e+01,2.050262e+01,2.041875e+01,2.044672e+01,2.055152e+01,2.061434e+01,2.060039e+01,2.042575e+01,2.060736e+01,2.063528e+01,2.064225e+01,2.066318e+01,2.071200e+01,2.063528e+01,2.069805e+01,2.057246e+01,2.046070e+01,2.051660e+01,2.052358e+01,2.055152e+01,2.053057e+01,2.048166e+01,2.048865e+01,2.043274e+01,2.045371e+01,2.052358e+01,2.048166e+01,2.044672e+01,2.041176e+01,2.046070e+01,2.046070e+01,2.046769e+01,2.044672e+01,2.043973e+01,2.048166e+01,2.034881e+01,2.048865e+01,2.049564e+01,2.043274e+01,2.047468e+01,2.038379e+01,2.039078e+01,2.038379e+01,2.039778e+01,2.044672e+01,2.035581e+01,2.036980e+01,2.039778e+01,2.029282e+01,2.053057e+01,2.055850e+01,2.046070e+01,2.036280e+01,2.050961e+01,2.043973e+01,2.037679e+01,2.036980e+01,2.037679e+01,2.053755e+01,2.035581e+01,2.032082e+01,2.041875e+01,2.044672e+01,2.048865e+01,2.046769e+01,2.048166e+01,2.046070e+01,2.043274e+01,2.043274e+01,2.065621e+01,2.038379e+01,2.053755e+01,2.060039e+01,2.043274e+01,2.046070e+01,2.041176e+01,2.046769e+01,2.041875e+01,2.048865e+01,2.051660e+01,2.056548e+01,2.042575e+01,2.050961e+01,2.052358e+01,2.050262e+01,2.052358e+01,2.053755e+01,2.053057e+01,2.049564e+01,2.048166e+01,2.050262e+01,2.053755e+01,2.057246e+01,2.052358e+01,2.051660e+01,2.064225e+01,2.050961e+01,2.057246e+01,2.048166e+01,2.050961e+01,2.054453e+01,2.049564e+01,2.048865e+01,2.052358e+01,2.052358e+01,2.043274e+01,2.052358e+01,2.054453e+01,2.053057e+01,2.054453e+01,2.056548e+01,2.054453e+01,2.043973e+01,2.047468e+01,2.049564e+01,2.046769e+01,2.051660e+01,2.057246e+01,2.061434e+01,2.057944e+01,2.058643e+01,2.060039e+01,2.061434e+01,2.053057e+01,2.058643e+01,2.051660e+01,2.053755e+01,2.062132e+01,2.053755e+01,2.059340e+01,2.065621e+01,2.056548e+01,2.055850e+01,2.062132e+01,2.056548e+01,2.052358e+01,2.064923e+01,2.058643e+01,2.061434e+01,2.062830e+01,2.077472e+01,2.060039e+01,2.062830e+01,2.060039e+01,2.060736e+01,2.061434e+01,2.058643e+01,2.058643e+01,2.062132e+01,2.062132e+01,2.058643e+01,2.060736e+01,2.060736e+01,2.057246e+01,2.059340e+01,2.061434e+01,2.071200e+01,2.064923e+01,2.067016e+01,2.077472e+01,2.067713e+01,2.063528e+01,2.069108e+01,2.061434e+01,2.054453e+01,2.062830e+01,2.058643e+01,2.068410e+01,2.057944e+01,2.056548e+01,2.060736e+01,2.054453e+01,2.067016e+01,2.056548e+01,2.068410e+01,2.064225e+01,2.063528e+01,2.066318e+01,2.055152e+01,2.068410e+01,2.067016e+01,2.067713e+01,2.065621e+01,2.060736e+01,2.057246e+01,2.067713e+01,2.067713e+01,2.062830e+01,2.061434e+01,2.061434e+01,2.055152e+01,2.065621e+01,2.052358e+01,2.062132e+01,2.068410e+01,2.064225e+01,2.056548e+01,2.064225e+01,2.066318e+01,2.060039e+01,2.067713e+01,2.073988e+01,2.068410e+01,2.061434e+01,2.067016e+01,2.084437e+01,2.065621e+01,2.053057e+01,2.053755e+01,2.066318e+01,2.058643e+01,2.067016e+01,2.053057e+01,2.062132e+01,2.056548e+01,2.054453e+01,2.060039e+01,2.057246e+01,2.068410e+01,2.069805e+01,2.063528e+01,2.069805e+01,2.067016e+01,2.061434e+01,2.062132e+01,2.082348e+01,2.054453e+01,2.075382e+01,2.065621e+01,2.060039e+01,2.058643e+01,2.048865e+01,2.054453e+01,2.061434e+01,2.065621e+01,2.057944e+01,2.062132e+01,2.061434e+01,2.062132e+01,2.063528e+01,2.055152e+01,2.055850e+01,2.056548e+01,2.065621e+01,2.075382e+01,2.043274e+01,2.068410e+01,2.071897e+01,2.051660e+01,2.071897e+01,2.060039e+01,2.070502e+01,2.054453e+01,2.057944e+01,2.073291e+01,2.067713e+01,2.067016e+01,2.060039e+01,2.067713e+01,2.068410e+01,2.061434e+01,2.069108e+01,2.060736e+01,2.055152e+01,2.061434e+01,2.064923e+01,2.065621e+01,2.067016e+01,2.063528e+01,2.063528e+01,2.069108e+01,2.064225e+01,2.058643e+01,2.066318e+01,2.057246e+01,2.048166e+01,2.071897e+01,2.062132e+01,2.063528e+01,2.061434e+01,2.060736e+01,2.060039e+01,2.061434e+01,2.077472e+01,2.078169e+01,2.068410e+01,2.076775e+01,2.054453e+01,2.056548e+01,2.058643e+01,2.059340e+01,2.065621e+01,2.065621e+01,2.073291e+01,2.065621e+01,2.061434e+01,2.072594e+01,2.072594e+01,2.073291e+01,2.068410e+01,2.067016e+01,2.068410e+01,2.058643e+01,2.062830e+01,2.068410e+01,2.067713e+01,2.061434e+01,2.059340e+01,2.062132e+01,2.058643e+01,2.061434e+01,2.064923e+01,2.057944e+01,2.063528e+01,2.066318e+01,2.069805e+01,2.062830e+01,2.063528e+01,2.050262e+01,2.062132e+01,2.062830e+01,2.072594e+01,2.064923e+01,2.071897e+01,2.066318e+01,2.058643e+01,2.057246e+01,2.076775e+01,2.057944e+01,2.057944e+01,2.069805e+01,2.060039e+01,2.057944e+01,2.064923e+01,2.063528e+01,2.063528e+01,2.066318e+01,2.060736e+01,2.078169e+01,2.059340e+01,2.055850e+01,2.072594e+01,2.071897e+01,2.060039e+01,2.067016e+01,2.065621e+01,2.064923e+01,2.065621e+01,2.069805e+01,2.071200e+01
2.053755e+01,2.050961e+01,2.050262e+01,2.049564e+01,2.063528e+01,2.046769e+01,2.056548e+01,2.055850e+01,2.060039e+01,2.051660e+01,2.052358e+01,2.060039e+01,2.057944e+01,2.061434e+01,2.050961e+01,2.050262e+01,2.050262e+01,2.056548e+01,2.048865e+01,2.046070e+01,2.047468e+01,2.048166e+01,2.043973e+01,2.042575e+01,2.043274e+01,2.045371e+01,2.037679e+01,2.039778e+01,2.049564e+01,2.040477e+01,2.047468e+01,2.050262e+01,2.046070e+01,2.064923e+01,2.043274e+01,2.043973e+01,2.043274e+01,2.041875e+01,2.041875e+01,2.043274e+01,2.048865e+01,2.042575e+01,2.048166e+01,2.046070e+01,2.046769e+01,2.055152e+01,2.048865e+01,2.053057e+01,2.057246e+01,2.058643e+01,2.043973e+01,2.045371e+01,2.043973e+01,2.047468e+01,2.043973e+01,2.053057e+01,2.051660e+01,2.047468e+01,2.053755e+01,2.048865e+01,2.045371e+01,2.043973e+01,2.042575e+01,2.043274e+01,2.047468e+01,2.043973e+01,2.063528e+01,2.043973e+01,2.043973e+01,2.050961e+01,2.042575e+01,2.040477e+01,2.050262e+01,2.038379e+01,2.041176e+01,2.044672e+01,2.038379e+01,2.044672e+01,2.041176e+01,2.049564e+01,2.041875e+01,2.049564e+01,2.046769e+01,2.045371e+01,2.041875e+01,2.052358e+01,2.050262e+01,2.039078e+01,2.041176e+01,2.049564e+01,2.047468e+01,2.050262e+01,2.049564e+01,2.047468e+01,2.047468e+01,2.036980e+01,2.048166e+01,2.043274e+01,2.035581e+01,2.046769e+01,2.046070e+01,2.048166e+01,2.044672e+01,2.033481e+01,2.044672e+01,2.021578e+01,2.042575e+01,2.044672e+01,2.039778e+01,2.052358e+01,2.045371e+01,2.046769e+01,2.039778e+01,2.036280e+01,2.046769e+01,2.047468e+01,2.043973e+01,2.043274e+01,2.042575e+01,2.043274e+01,2.043274e+01,2.040477e+01,2.041875e+01,2.048865e+01,2.047468e+01,2.036280e+01,2.043274e+01,2.044672e+01,2.042575e+01,2.042575e+01,2.037679e+01,2.046769e+01,2.034181e+01,2.048865e+01,2.031382e+01,2.034881e+01,2.053057e+01,2.053057e+01,2.032082e+01,2.046070e+01,2.062830e+01,2.054453e+01,2.053057e+01,2.060736e+01,2.055152e+01,2.059340e+01,2.059340e+01,2.065621e+01,2.053057e+01,2.067713e+01,2.067713e+01,2.059340e+01,2.071897e+01,2.073291e+01,2.073988e+01,2.078169e+01,2.068410e+01,2.069805e+01,2.066318e+01,2.075382e+01,2.068410e+01,2.073988e+01,2.065621e+01,2.066318e+01,2.064923e+01,2.057246e+01,2.060039e+01,2.048166e+01,2.055850e+01,2.048166e+01,2.036280e+01,2.030682e+01,2.040477e+01,2.039778e+01,2.039778e+01,2.037679e+01,2.045371e+01,2.045371e+01,2.055850e+01,2.046769e+01,2.045371e+01,2.048166e+01,2.055152e+01,2.042575e+01,2.055152e+01,2.058643e+01,2.062132e+01,2.051660e+01,2.062132e+01,2.051660e+01,2.051660e+01,2.055152e+01,2.067016e+01,2.060736e+01,2.063528e+01,2.060039e+01,2.057944e+01,2.068410e+01,2.071200e+01,2.067713e+01,2.073291e+01,2.073291e+01,2.070502e+01,2.066318e+01,2.062830e+01,2.077472e+01,2.073988e+01,2.065621e+01,2.063528e+01,2.067016e+01,2.067713e+01,2.055152e+01,2.064225e+01,2.069805e+01,2.066318e+01,2.057944e+01,2.067713e+01,2.067713e+01,2.065621e+01,2.071897e+01,2.061434e+01,2.071200e+01,2.057246e+01,2.060039e+01,2.067016e+01,2.058643e+01,2.066318e+01,2.057246e+01,2.068410e+01,2.062830e+01,2.062830e+01,2.062830e+01,2.057246e+01,2.066318e+01,2.069108e+01,2.068410e+01,2.062132e+01,2.069108e+01,2.060039e+01,2.063528e+01,2.059340e+01,2.057944e+01,2.059340e+01,2.060039e+01,2.073988e+01,2.061434e+01,2.065621e+01,2.072594e+01,2.071200e+01,2.071200e+01,2.066318e+01,2.046769e+01,2.060736e+01,2.059340e+01,2.060039e+01,2.062132e+01,2.064225e+01,2.050262e+01,2.062830e+01,2.062132e+01,2.060736e+01,2.057944e+01,2.061434e+01,2.057944e+01,2.057246e+01,2.059340e+01,2.053755e+01,2.053755e+01,2.050961e+01,2.045371e+01,2.041875e+01,2.047468e+01,2.051660e+01,2.043973e+01,2.048865e+01,2.044672e+01,2.047468e+01,2.046070e+01,2.055850e+01,2.050961e+01,2.050961e+01,2.051660e+01,2.045371e+01,2.034881e+01,2.048166e+01,2.039078e+01,2.039778e+01,2.044672e+01,2.045371e+01,2.047468e+01,2.048865e+01,2.050961e+01,2.047468e+01,2.048166e+01,2.050961e+01,2.029282e+01,2.064225e+01,2.056548e+01,2.067016e+01,2.066318e+01,2.074685e+01,2.056548e+01,2.060736e+01,2.062830e+01,2.060736e+01,2.060039e+01,2.056548e+01,2.048166e+01,2.054453e+01,2.050262e+01,2.051660e+01,2.046070e+01,2.053755e+01,2.046769e+01,2.042575e+01,2.066318e+01,2.060039e+01,2.046769e+01,2.048865e+01,2.048166e+01,2.049564e+01,2.048865e+01,2.045371e+01,2.044672e+01,2.048865e+01,2.048166e+01,2.044672e+01,2.046769e+01,2.045371e+01,2.053755e+01,2.039778e+01,2.049564e+01,2.039778e+01,2.045371e+01,2.041176e+01,2.040477e+01,2.040477e+01,2.048166e+01,2.037679e+01,2.052358e+01,2.052358e+01,2.039778e+01,2.050961e+01,2.041176e+01,2.036980e+01,2.046769e+01,2.042575e+01,2.040477e+01,2.052358e+01,2.051660e+01,2.041176e+01,2.043973e+01,2.043274e+01,2.038379e+01,2.046070e+01,2.048166e+01,2.048166e+01,2.047468e+01,2.051660e+01,2.053755e+01,2.049564e+01,2.054453e+01,2.047468e+01,2.048865e+01,2.047468e+01,2.046070e+01,2.048166e+01,2.056548e+01,2.050262e+01,2.039778e+01,2.045371e+01,2.046769e+01,2.054453e+01,2.054453e+01,2.053057e+01,2.053755e+01,2.053755e+01,2.051660e+01,2.055152e+01,2.054453e+01,2.053755e+01,2.046769e+01,2.058643e+01,2.045371e+01,2.057944e+01,2.057944e+01,2.056548e+01,2.052358e+01,2.052358e+01,2.047468e+01,2.061434e+01,2.050961e+01,2.048166e+01,2.054453e+01,2.062830e+01,2.057944e+01,2.057944e+01,2.048865e+01,2.052358e+01,2.053057e+01,2.053057e+01,2.052358e+01,2.049564e+01,2.063528e+01,2.047468e+01,2.056548e+01,2.053755e+01,2.053057e+01,2.057246e+01,2.053755e+01,2.058643e+01,2.056548e+01,2.061434e+01,2.054453e+01,2.064923e+01,2.062830e+01,2.062132e+01,2.069805e+01,2.063528e+01,2.067016e+01,2.057246e+01,2.055850e+01,2.055850e+01,2.068410e+01,2.069805e+01,2.062132e+01,2.062830e+01,2.069805e+01,2.058643e+01,2.067713e+01,2.062830e+01,2.071200e+01,2.061434e+01,2.060736e+01,2.062830e+01,2.064225e+01,2.063528e+01,2.060736e+01,2.064923e+01,2.056548e+01,2.062132e+01,2.060736e+01,2.071200e+01,2.060736e+01,2.064225e+01,2.062132e+01,2.071897e+01,2.058643e+01,2.064923e+01,2.062830e+01,2.061434e+01,2.070502e+01,2.048166e+01,2.055152e+01,2.071897e+01,2.073988e+01,2.057944e+01,2.059340e+01,2.064225e+01,2.065621e+01,2.055152e+01,2.077472e+01,2.069805e+01,2.064923e+01,2.066318e+01,2.055850e+01,2.067713e+01,2.067016e+01,2.067016e+01,2.067016e+01,2.068410e+01,2.067016e+01,2.067016e+01,2.063528e+01,2.072594e+01,2.063528e+01,2.067016e+01,2.064923e+01,2.063528e+01,2.063528e+01,2.063528e+01,2.064225e+01,2.053755e+01,2.064225e+01,2.062830e+01,2.059340e+01,2.062830e+01,2.059340e+01,2.064225e+01,2.075382e+01,2.073988e+01,2.081652e+01,2.064225e+01,2.060736e+01,2.069805e+01,2.062132e+01,2.064923e+01,2.053755e+01,2.065621e+01,2.057246e+01,2.060039e+01,2.068410e+01,2.048865e+01,2.055850e+01,2.057944e+01,2.072594e+01,2.066318e+01,2.069108e+01,2.059340e+01,2.071897e+01,2.055850e+01,2.064225e+01,2.059340e+01,2.069805e+01,2.055152e+01,2.062830e+01,2.064225e+01,2.067016e+01,2.069108e+01,2.064923e+01,2.064225e+01,2.064923e+01,2.053755e+01,2.055850e+01,2.058643e+01,2.053057e+01,2.061434e+01,2.061434e+01,2.064225e+01,2.061434e+01,2.065621e+01,2.069108e+01,2.060736e+01,2.073988e+01,2.075382e+01,2.064923e+01,2.058643e+01,2.047468e+01,2.059340e+01,2.061434e+01,2.075382e+01,2.060736e+01,2.059340e+01,2.064923e+01,2.071200e+01,2.062830e+01,2.069108e+01,2.062132e+01,2.073988e+01,2.057246e+01,2.068410e+01,2.067016e+01,2.061434e+01,2.064923e+01,2.068410e+01,2.061434e+01,2.070502e+01,2.066318e+01,2.064923e+01,2.067016e+01,2.062830e+01,2.069108e+01,2.064225e+01,2.064225e+01,2.062830e+01,2.067713e+01,2.064225e+01,2.069108e+01,2.060039e+01,2.067016e+01,2.060039e+01,2.060736e+01,2.077472e+01,2.073988e+01,2.072594e+01,2.062830e+01,2.077472e+01,2.067016e+01,2.072594e+01,2.064225e+01,2.067016e+01,2.072594e+01,2.055850e+01,2.066318e+01,2.052358e+01,2.072594e+01,2.071897e+01,2.070502e+01,2.076775e+01,2.067016e+01,2.075382e+01,2.065621e+01,2.055850e+01,2.060736e+01,2.062132e+01,2.065621e+01,2.080259e+01,2.055850e+01,2.060736e+01,2.062132e+01,2.080259e+01,2.064923e+01,2.067016e+01,2.060736e+01,2.075382e+01,2.062830e+01,2.062830e+01,2.085830e+01,2.073291e+01,2.072594e+01,2.074685e+01,2.073988e+01,2.063528e+01,2.073988e+01,2.071200e+01,2.075382e+01,2.076775e+01,2.075382e+01,2.076775e+01,2.060039e+01,2.075382e+01,2.061434e+01,2.062132e+01,2.064923e+01,2.062132e+01,2.067713e+01,2.067016e+01,2.068410e+01,2.057944e+01,2.062830e+01,2.075382e+01,2.064923e+01,2.071897e+01,2.061434e+01,2.061434e+01,2.065621e+01,2.066318e+01,2.067713e+01,2.068410e+01,2.071200e+01
2.049564e+01,2.048865e+01,2.055850e+01,2.046769e+01,2.046070e+01,2.049564e+01,2.050262e+01,2.051660e+01,2.055152e+01,2.055850e+01,2.060039e+01,2.051660e+01,2.055850e+01,2.054453e+01,2.047468e+01,2.065621e+01,2.048865e+01,2.046769e+01,2.053057e+01,2.059340e+01,2.050262e+01,2.045371e+01,2.042575e+01,2.050961e+01,2.040477e+01,2.055850e+01,2.060039e+01,2.080259e+01,2.054453e+01,2.052358e+01,2.045371e+01,2.050262e+01,2.048166e+01,2.052358e+01,2.050262e+01,2.051660e+01,2.050262e+01,2.051660e+01,2.050262e+01,2.043973e+01,2.048865e+01,2.052358e+01,2.053755e+01,2.050262e+01,2.056548e+01,2.054453e+01,2.044672e+01,2.049564e+01,2.037679e+01,2.054453e+01,2.056548e+01,2.057246e+01,2.047468e+01,2.049564e+01,2.045371e+01,2.043274e+01,2.050961e+01,2.053057e+01,2.050961e+01,2.043973e+01,2.046769e+01,2.048865e+01,2.045371e+01,2.053057e+01,2.048166e+01,2.059340e+01,2.044672e+01,2.048865e+01,2.042575e+01,2.051660e+01,2.047468e+01,2.042575e+01,2.050262e+01,2.044672e+01,2.046070e+01,2.048865e+01,2.048865e+01,2.041875e+01,2.043274e+01,2.048166e+01,2.054453e+01,2.058643e+01,2.048166e+01,2.051660e+01,2.047468e+01,2.040477e+01,2.043274e+01,2.043274e+01,2.043973e+01,2.048865e+01,2.050961e+01,2.050961e+01,2.043973e+01,2.047468e+01,2.052358e+01,2.045371e+01,2.050262e+01,2.048865e+01,2.045371e+01,2.036980e+01,2.047468e+01,2.045371e+01,2.039078e+01,2.048166e+01,2.039778e+01,2.046070e+01,2.042575e+01,2.035581e+01,2.041176e+01,2.047468e+01,2.044672e+01,2.046769e+01,2.050262e+01,2.034181e+01,2.046769e+01,2.048865e+01,2.041176e+01,2.046769e+01,2.043274e+01,2.041875e+01,2.040477e+01,2.043973e+01,2.036280e+01,2.043274e+01,2.038379e+01,2.049564e+01,2.043274e+01,2.045371e+01,2.045371e+01,2.051660e+01,2.048166e+01,2.047468e+01,2.046769e+01,2.034181e+01,2.049564e+01,2.034881e+01,2.045371e+01,2.048865e+01,2.058643e+01,2.050262e+01,2.051660e+01,2.051660e+01,2.052358e+01,2.065621e+01,2.062830e+01,2.065621e+01,2.062132e+01,2.083741e+01,2.078169e+01,2.067016e+01,2.066318e+01,2.073291e+01,2.071897e+01,2.078169e+01,2.069108e+01,2.073291e+01,2.066318e+01,2.071200e+01,2.064225e+01,2.062132e+01,2.072594e+01,2.060039e+01,2.066318e+01,2.064923e+01,2.048166e+01,2.060736e+01,2.055152e+01,2.047468e+01,2.043973e+01,2.057246e+01,2.041176e+01,2.039078e+01,2.039778e+01,2.040477e+01,2.039778e+01,2.039778e+01,2.039078e+01,2.041176e+01,2.043973e+01,2.047468e+01,2.050961e+01,2.052358e+01,2.055850e+01,2.056548e+01,2.056548e+01,2.054453e+01,2.059340e+01,2.049564e+01,2.047468e+01,2.043973e+01,2.049564e+01,2.054453e+01,2.069108e+01,2.050961e+01,2.053755e+01,2.060039e+01,2.071897e+01,2.062132e+01,2.067713e+01,2.064923e+01,2.062132e+01,2.069108e+01,2.063528e+01,2.071200e+01,2.065621e+01,2.065621e+01,2.065621e+01,2.062132e+01,2.050961e+01,2.061434e+01,2.064225e+01,2.066318e+01,2.049564e+01,2.064923e+01,2.062830e+01,2.058643e+01,2.058643e+01,2.075382e+01,2.053755e+01,2.075382e+01,2.061434e+01,2.062132e+01,2.058643e+01,2.062830e+01,2.061434e+01,2.061434e+01,2.064225e+01,2.067016e+01,2.075382e+01,2.064923e+01,2.062830e+01,2.063528e+01,2.069108e+01,2.064225e+01,2.073988e+01,2.068410e+01,2.073291e+01,2.062132e+01,2.060736e+01,2.065621e+01,2.060736e+01,2.061434e+01,2.062132e+01,2.062830e+01,2.067016e+01,2.061434e+01,2.060736e+01,2.059340e+01,2.057246e+01,2.055850e+01,2.064923e+01,2.058643e+01,2.069108e+01,2.060736e+01,2.060736e+01,2.062830e+01,2.064225e+01,2.059340e+01,2.060039e+01,2.072594e+01,2.049564e+01,2.068410e+01,2.050262e+01,2.059340e+01,2.052358e+01,2.051660e+01,2.056548e+01,2.048865e+01,2.057246e+01,2.047468e+01,2.050961e+01,2.050961e+01,2.045371e+01,2.043973e+01,2.051660e+01,2.051660e+01,2.036280e+01,2.050262e+01,2.047468e+01,2.048865e+01,2.047468e+01,2.050262e+01,2.049564e+01,2.041875e+01,2.048865e+01,2.048865e+01,2.040477e+01,2.050961e+01,2.048166e+01,2.055152e+01,2.050961e+01,2.041176e+01,2.053755e+01,2.050262e+01,2.052358e+01,2.052358e+01,2.037679e+01,2.069108e+01,2.064923e+01,2.065621e+01,2.064923e+01,2.052358e+01,2.071897e+01,2.055850e+01,2.065621e+01,2.063528e+01,2.060736e+01,2.051660e+01,2.048865e+01,2.052358e+01,2.051660e+01,2.048865e+01,2.050961e+01,2.052358e+01,2.053057e+01,2.055850e+01,2.063528e+01,2.048865e+01,2.050961e+01,2.046769e+01,2.047468e+01,2.044672e+01,2.042575e+01,2.048166e+01,2.050262e+01,2.048166e+01,2.034181e+01,2.045371e+01,2.053057e+01,2.043973e+01,2.041875e+01,2.047468e+01,2.055850e+01,2.048166e+01,2.048166e+01,2.047468e+01,2.049564e+01,2.046070e+01,2.045371e+01,2.047468e+01,2.045371e+01,2.050961e+01,2.055152e+01,2.049564e+01,2.045371e+01,2.043274e+01,2.046769e+01,2.038379e+01,2.043274e+01,2.044672e+01,2.041875e+01,2.043274e+01,2.052358e+01,2.045371e+01,2.045371e+01,2.051660e+01,2.050961e+01,2.049564e+01,2.048166e+01,2.051660e+01,2.053755e+01,2.049564e+01,2.050961e+01,2.051660e+01,2.049564e+01,2.052358e+01,2.053057e+01,2.045371e+01,2.039778e+01,2.041875e+01,2.041875e+01,2.048865e+01,2.050961e+01,2.048865e+01,2.051660e+01,2.055850e+01,2.045371e+01,2.057944e+01,2.060039e+01,2.051660e+01,2.052358e+01,2.047468e+01,2.057944e+01,2.062132e+01,2.060039e+01,2.057246e+01,2.060039e+01,2.060736e+01,2.050961e+01,2.056548e+01,2.055152e+01,2.046070e+01,2.051660e+01,2.049564e+01,2.050961e+01,2.050262e+01,2.053755e+01,2.049564e+01,2.050961e+01,2.061434e+01,2.044672e+01,2.055850e+01,2.064225e+01,2.050961e+01,2.058643e+01,2.054453e+01,2.050961e+01,2.067713e+01,2.060736e+01,2.050961e+01,2.054453e+01,2.055152e+01,2.061434e+01,2.056548e+01,2.067713e+01,2.057944e+01,2.050961e+01,2.061434e+01,2.064923e+01,2.058643e+01,2.064225e+01,2.055850e+01,2.059340e+01,2.057944e+01,2.061434e+01,2.062830e+01,2.066318e+01,2.050961e+01,2.054453e+01,2.064923e+01,2.067016e+01,2.071200e+01,2.065621e+01,2.062830e+01,2.060736e+01,2.064225e+01,2.067016e+01,2.069108e+01,2.060736e+01,2.069805e+01,2.068410e+01,2.059340e+01,2.055850e+01,2.059340e+01,2.065621e+01,2.060039e+01,2.062830e+01,2.061434e+01,2.062830e+01,2.062830e+01,2.069108e+01,2.062830e+01,2.064923e+01,2.064923e+01,2.060039e+01,2.061434e+01,2.061434e+01,2.065621e+01,2.063528e+01,2.061434e+01,2.071200e+01,2.063528e+01,2.068410e+01,2.064923e+01,2.063528e+01,2.064225e+01,2.066318e+01,2.060039e+01,2.064923e+01,2.069108e+01,2.069108e+01,2.067016e+01,2.068410e+01,2.061434e+01,2.067016e+01,2.062132e+01,2.068410e+01,2.060736e+01,2.067713e+01,2.064923e+01,2.062132e+01,2.059340e+01,2.063528e+01,2.062132e+01,2.060039e+01,2.061434e+01,2.061434e+01,2.064225e+01,2.071200e+01,2.060736e+01,2.056548e+01,2.072594e+01,2.058643e+01,2.071200e+01,2.071897e+01,2.063528e+01,2.062830e+01,2.064225e+01,2.078169e+01,2.069108e+01,2.073988e+01,2.070502e+01,2.057246e+01,2.074685e+01,2.057944e+01,2.068410e+01,2.053057e+01,2.067713e+01,2.070502e+01,2.062132e+01,2.057944e+01,2.058643e+01,2.089310e+01,2.064225e+01,2.061434e+01,2.067713e+01,2.063528e+01,2.063528e+01,2.054453e+01,2.066318e+01,2.069108e+01,2.060039e+01,2.063528e+01,2.057246e+01,2.055152e+01,2.062132e+01,2.059340e+01,2.063528e+01,2.064923e+01,2.067713e+01,2.070502e+01,2.071897e+01,2.058643e+01,2.068410e+01,2.073988e+01,2.067016e+01,2.066318e+01,2.073988e+01,2.072594e+01,2.073291e+01,2.060736e+01,2.075382e+01,2.066318e+01,2.067016e+01,2.064923e+01,2.064225e+01,2.067713e+01,2.067713e+01,2.073988e+01,2.062132e+01,2.071897e+01,2.067713e+01,2.067713e+01,2.075382e+01,2.060736e+01,2.069805e+01,2.062830e+01,2.062132e+01,2.067016e+01,2.073988e+01,2.064225e+01,2.067713e+01,2.067713e+01,2.062830e+01,2.061434e+01,2.062132e+01,2.047468e+01,2.069805e+01,2.073988e+01,2.060039e+01,2.071897e+01,2.078169e+01,2.079562e+01,2.063528e+01,2.062830e+01,2.071200e+01,2.075382e+01,2.073988e+01,2.070502e+01,2.066318e+01,2.071200e+01,2.061434e+01,2.075382e+01,2.072594e+01,2.059340e+01,2.078866e+01,2.062830e+01,2.060736e+01,2.061434e+01,2.071897e+01,2.067016e+01,2.057944e+01,2.057246e+01,2.063528e+01,2.067016e+01,2.067016e+01,2.070502e+01,2.069108e+01,2.062830e+01,2.081652e+01,2.071897e+01,2.060039e+01,2.054453e+01,2.076775e+01,2.065621e+01,2.067016e+01,2.066318e+01,2.062830e+01,2.064225e+01,2.067713e+01,2.075382e+01,2.078866e+01,2.081652e+01,2.068410e+01,2.073291e+01,2.071200e+01,2.075382e+01,2.077472e+01,2.072594e+01,2.076775e+01,2.060039e+01,2.064225e+01,2.060736e+01,2.066318e+01,2.080259e+01,2.071200e+01,2.062830e+01,2.071897e+01,2.072594e+01,2.070502e+01,2.071897e+01,2.065621e+01,2.063528e+01,2.069108e+01,2.062132e+01,2.067713e+01,2.076079e+01,2.067713e+01,2.067713e+01,2.069805e+01
2.062132e+01,2.062132e+01,2.060736e+01,2.062830e+01,2.062830e+01,2.059340e+01,2.058643e+01,2.056548e+01,2.057246e+01,2.060039e+01,2.062132e+01,2.062132e+01,2.064923e+01,2.049564e+01,2.052358e+01,2.048166e+01,2.055850e+01,2.059340e+01,2.053755e+01,2.051660e+01,2.062132e+01,2.067016e+01,2.047468e+01,2.058643e+01,2.054453e+01,2.051660e+01,2.069805e+01,2.035581e+01,2.050262e+01,2.051660e+01,2.043973e+01,2.057944e+01,2.054453e+01,2.053057e+01,2.047468e+01,2.052358e+01,2.053755e+01,2.050961e+01,2.052358e+01,2.052358e+01,2.047468e+01,2.053057e+01,2.052358e+01,2.053057e+01,2.049564e+01,2.044672e+01,2.049564e+01,2.055850e+01,2.048166e+01,2.052358e+01,2.058643e+01,2.054453e+01,2.059340e+01,2.045371e+01,2.051660e+01,2.043973e+01,2.050262e+01,2.053755e+01,2.060736e+01,2.052358e+01,2.061434e+01,2.053755e+01,2.061434e+01,2.043973e+01,2.065621e+01,2.050961e+01,2.050262e+01,2.055152e+01,2.055152e+01,2.066318e+01,2.050961e+01,2.045371e+01,2.048865e+01,2.048166e+01,2.053057e+01,2.050262e+01,2.045371e+01,2.046769e+01,2.055850e+01,2.050961e+01,2.054453e+01,2.050961e+01,2.044672e+01,2.057246e+01,2.043274e+01,2.049564e+01,2.056548e+01,2.046769e+01,2.039078e+01,2.050961e+01,2.053057e+01,2.053057e+01,2.050262e+01,2.054453e+01,2.053755e+01,2.055152e+01,2.053057e+01,2.055850e+01,2.045371e+01,2.050262e+01,2.048865e+01,2.048166e+01,2.048166e+01,2.043274e+01,2.043973e+01,2.042575e+01,2.046070e+01,2.046769e+01,2.055850e+01,2.046769e+01,2.043274e+01,2.052358e+01,2.042575e+01,2.050961e+01,2.052358e+01,2.048166e+01,2.046070e+01,2.059340e+01,2.045371e+01,2.029982e+01,2.041875e+01,2.043973e+01,2.047468e+01,2.038379e+01,2.043973e+01,2.042575e+01,2.050961e+01,2.053755e+01,2.039078e+01,2.044672e+01,2.058643e+01,2.050961e+01,2.045371e+01,2.052358e+01,2.050262e+01,2.043973e+01,2.055850e+01,2.052358e+01,2.051660e+01,2.061434e+01,2.039778e+01,2.048166e+01,2.060039e+01,2.058643e+01,2.063528e+01,2.065621e+01,2.062830e+01,2.065621e+01,2.080955e+01,2.082348e+01,2.080955e+01,2.076775e+01,2.071200e+01,2.074685e+01,2.067016e+01,2.069805e+01,2.063528e+01,2.065621e+01,2.072594e+01,2.066318e+01,2.059340e+01,2.069805e+01,2.069108e+01,2.067016e+01,2.059340e+01,2.066318e+01,2.060039e+01,2.058643e+01,2.043973e+01,2.056548e+01,2.045371e+01,2.043274e+01,2.039078e+01,2.043274e+01,2.037679e+01,2.042575e+01,2.034181e+01,2.051660e+01,2.045371e+01,2.042575e+01,2.052358e+01,2.060039e+01,2.055152e+01,2.055850e+01,2.052358e+01,2.058643e+01,2.047468e+01,2.050262e+01,2.052358e+01,2.052358e+01,2.042575e+01,2.052358e+01,2.054453e+01,2.067713e+01,2.070502e+01,2.065621e+01,2.071200e+01,2.071200e+01,2.056548e+01,2.065621e+01,2.065621e+01,2.071897e+01,2.076079e+01,2.069805e+01,2.068410e+01,2.066318e+01,2.067016e+01,2.059340e+01,2.065621e+01,2.063528e+01,2.060039e+01,2.064923e+01,2.059340e+01,2.062830e+01,2.065621e+01,2.057944e+01,2.071897e+01,2.070502e+01,2.064923e+01,2.058643e+01,2.064225e+01,2.055152e+01,2.056548e+01,2.063528e+01,2.060736e+01,2.055850e+01,2.059340e+01,2.062830e+01,2.064225e+01,2.066318e+01,2.062132e+01,2.063528e+01,2.067713e+01,2.066318e+01,2.066318e+01,2.058643e+01,2.058643e+01,2.059340e+01,2.061434e+01,2.067016e+01,2.058643e+01,2.058643e+01,2.059340e+01,2.059340e+01,2.063528e+01,2.060039e+01,2.057944e+01,2.062132e+01,2.070502e+01,2.053755e+01,2.069108e+01,2.057246e+01,2.056548e+01,2.057944e+01,2.058643e+01,2.064923e+01,2.060039e+01,2.062830e+01,2.067016e+01,2.065621e+01,2.072594e+01,2.066318e+01,2.060039e+01,2.061434e+01,2.056548e+01,2.052358e+01,2.063528e+01,2.062132e+01,2.040477e+01,2.053755e+01,2.039078e+01,2.046070e+01,2.042575e+01,2.047468e+01,2.054453e+01,2.052358e+01,2.060039e+01,2.048166e+01,2.044672e+01,2.048166e+01,2.046769e+01,2.047468e+01,2.053057e+01,2.046070e+01,2.042575e+01,2.047468e+01,2.048166e+01,2.054453e+01,2.050262e+01,2.057246e+01,2.055152e+01,2.055152e+01,2.054453e+01,2.049564e+01,2.056548e+01,2.050961e+01,2.056548e+01,2.058643e+01,2.059340e+01,2.067016e+01,2.071897e+01,2.066318e+01,2.068410e+01,2.064923e+01,2.062132e+01,2.066318e+01,2.066318e+01,2.050262e+01,2.034881e+01,2.053755e+01,2.054453e+01,2.058643e+01,2.048865e+01,2.052358e+01,2.048865e+01,2.043274e+01,2.055850e+01,2.055152e+01,2.060736e+01,2.061434e+01,2.053755e+01,2.048865e+01,2.046070e+01,2.050961e+01,2.043274e+01,2.049564e+01,2.052358e+01,2.049564e+01,2.042575e+01,2.047468e+01,2.045371e+01,2.049564e+01,2.051660e+01,2.050961e+01,2.046769e+01,2.041875e+01,2.047468e+01,2.037679e+01,2.046769e+01,2.039078e+01,2.037679e+01,2.052358e+01,2.055850e+01,2.046769e+01,2.046769e+01,2.043274e+01,2.054453e+01,2.043973e+01,2.034181e+01,2.043274e+01,2.047468e+01,2.054453e+01,2.040477e+01,2.051660e+01,2.046769e+01,2.045371e+01,2.048865e+01,2.046769e+01,2.049564e+01,2.048166e+01,2.050961e+01,2.050961e+01,2.053755e+01,2.052358e+01,2.055850e+01,2.054453e+01,2.053755e+01,2.044672e+01,2.057246e+01,2.064923e+01,2.052358e+01,2.052358e+01,2.060736e+01,2.053755e+01,2.053057e+01,2.054453e+01,2.057246e+01,2.053755e+01,2.048865e+01,2.056548e+01,2.048865e+01,2.055850e+01,2.055152e+01,2.061434e+01,2.061434e+01,2.060736e+01,2.057246e+01,2.058643e+01,2.059340e+01,2.055152e+01,2.060039e+01,2.057944e+01,2.056548e+01,2.046070e+01,2.048166e+01,2.049564e+01,2.060736e+01,2.060039e+01,2.048865e+01,2.060039e+01,2.045371e+01,2.051660e+01,2.057944e+01,2.030682e+01,2.052358e+01,2.054453e+01,2.053755e+01,2.053755e+01,2.067016e+01,2.062830e+01,2.062830e+01,2.060736e+01,2.061434e+01,2.060736e+01,2.062830e+01,2.069108e+01,2.050961e+01,2.064225e+01,2.069108e+01,2.061434e+01,2.060039e+01,2.065621e+01,2.054453e+01,2.053755e+01,2.060039e+01,2.057944e+01,2.056548e+01,2.076775e+01,2.067713e+01,2.068410e+01,2.061434e+01,2.071897e+01,2.062830e+01,2.074685e+01,2.068410e+01,2.073291e+01,2.069805e+01,2.070502e+01,2.070502e+01,2.069805e+01,2.061434e+01,2.067713e+01,2.068410e+01,2.069108e+01,2.064923e+01,2.066318e+01,2.064923e+01,2.074685e+01,2.069805e+01,2.068410e+01,2.073291e+01,2.068410e+01,2.071897e+01,2.062132e+01,2.061434e+01,2.057944e+01,2.064225e+01,2.071200e+01,2.060039e+01,2.067016e+01,2.064225e+01,2.069805e+01,2.071897e+01,2.066318e+01,2.068410e+01,2.068410e+01,2.062132e+01,2.065621e+01,2.067016e+01,2.065621e+01,2.070502e+01,2.064923e+01,2.064225e+01,2.076079e+01,2.080259e+01,2.064225e+01,2.067713e+01,2.067713e+01,2.064923e+01,2.070502e+01,2.064923e+01,2.057246e+01,2.061434e+01,2.062132e+01,2.064225e+01,2.076775e+01,2.063528e+01,2.071200e+01,2.065621e+01,2.069108e+01,2.073988e+01,2.075382e+01,2.060039e+01,2.065621e+01,2.076079e+01,2.071200e+01,2.071200e+01,2.071200e+01,2.070502e+01,2.062132e+01,2.060736e+01,2.070502e+01,2.060039e+01,2.068410e+01,2.071200e+01,2.053057e+01,2.069805e+01,2.071200e+01,2.067016e+01,2.069108e+01,2.063528e+01,2.062132e+01,2.060736e+01,2.067713e+01,2.062830e+01,2.070502e+01,2.064225e+01,2.061434e+01,2.071200e+01,2.064923e+01,2.064225e+01,2.062830e+01,2.063528e+01,2.059340e+01,2.080955e+01,2.079562e+01,2.067016e+01,2.064225e+01,2.062132e+01,2.065621e+01,2.070502e+01,2.069805e+01,2.058643e+01,2.075382e+01,2.061434e+01,2.072594e+01,2.072594e+01,2.072594e+01,2.067016e+01,2.071897e+01,2.055152e+01,2.069108e+01,2.069805e+01,2.060736e+01,2.067713e+01,2.073988e+01,2.067016e+01,2.065621e+01,2.068410e+01,2.067713e+01,2.078866e+01,2.070502e+01,2.062830e+01,2.062830e+01,2.074685e+01,2.063528e+01,2.067713e+01,2.071897e+01,2.067016e+01,2.067016e+01,2.066318e+01,2.065621e+01,2.069108e+01,2.063528e+01,2.064923e+01,2.069108e+01,2.067713e+01,2.058643e+01,2.067016e+01,2.080259e+01,2.063528e+01,2.079562e+01,2.083045e+01,2.062132e+01,2.076775e+01,2.066318e+01,2.073988e+01,2.073988e+01,2.063528e+01,2.072594e+01,2.064923e+01,2.073291e+01,2.074685e+01,2.070502e+01,2.075382e+01,2.060039e+01,2.070502e+01,2.063528e+01,2.067016e+01,2.067016e+01,2.060736e+01,2.062132e+01,2.060039e+01,2.064225e+01,2.065621e+01,2.065621e+01,2.065621e+01,2.084437e+01,2.064225e+01,2.060039e+01,2.080955e+01,2.071200e+01,2.075382e+01,2.069805e+01,2.065621e+01,2.067713e+01,2.068410e+01,2.067016e+01,2.074685e+01,2.067713e+01,2.075382e+01,2.076079e+01,2.060736e+01,2.072594e+01,2.071897e+01,2.060736e+01,2.060736e+01,2.075382e+01,2.074685e+01,2.073291e+01,2.078169e+01,2.067713e+01,2.077472e+01,2.064225e+01,2.063528e+01,2.071897e+01,2.067016e+01,2.070502e+01,2.064923e+01,2.075382e+01,2.073988e+01,2.066318e+01,2.077472e+01,2.078169e+01,2.078169e+01,2.062132e+01,2.069805e+01,2.077472e+01,2.080955e+01,2.064225e+01
2.062830e+01,2.063528e+01,2.064225e+01,2.067713e+01,2.062132e+01,2.068410e+01,2.051660e+01,2.062830e+01,2.055850e+01,2.058643e+01,2.067016e+01,2.064225e+01,2.087222e+01,2.063528e+01,2.064923e+01,2.054453e+01,2.056548e+01,2.056548e+01,2.059340e+01,2.055152e+01,2.057944e+01,2.049564e+01,2.050961e+01,2.060736e+01,2.055850e+01,2.064923e+01,2.038379e+01,2.069108e+01,2.057944e+01,2.047468e+01,2.059340e+01,2.060736e+01,2.058643e+01,2.058643e+01,2.064225e+01,2.059340e+01,2.061434e+01,2.068410e+01,2.050262e+01,2.067016e+01,2.068410e+01,2.043973e+01,2.051660e+01,2.048865e+01,2.055152e+01,2.050262e+01,2.055152e+01,2.055152e+01,2.049564e+01,2.052358e+01,2.050262e+01,2.058643e+01,2.050262e+01,2.055850e+01,2.057246e+01,2.057246e+01,2.058643e+01,2.056548e+01,2.022979e+01,2.047468e+01,2.048865e+01,2.047468e+01,2.053755e+01,2.062132e+01,2.057246e+01,2.059340e+01,2.048166e+01,2.053755e+01,2.058643e+01,2.050961e+01,2.039078e+01,2.050961e+01,2.051660e+01,2.054453e+01,2.051660e+01,2.058643e+01,2.060736e+01,2.047468e+01,2.050961e+01,2.060039e+01,2.067016e+01,2.045371e+01,2.066318e+01,2.046769e+01,2.061434e+01,2.052358e+01,2.045371e+01,2.050262e+01,2.055850e+01,2.051660e+01,2.055850e+01,2.057246e+01,2.055152e+01,2.053755e+01,2.062830e+01,2.050262e+01,2.056548e+01,2.048865e+01,2.047468e+01,2.046769e+01,2.048166e+01,2.048166e+01,2.053755e+01,2.041176e+01,2.046769e+01,2.055152e+01,2.053057e+01,2.048166e+01,2.058643e+01,2.043973e+01,2.045371e+01,2.057944e+01,2.044672e+01,2.054453e+01,2.047468e+01,2.056548e+01,2.062132e+01,2.056548e+01,2.042575e+01,2.048865e+01,2.060736e+01,2.063528e+01,2.045371e+01,2.043973e+01,2.046070e+01,2.049564e+01,2.055850e+01,2.055152e+01,2.060039e+01,2.046070e+01,2.050262e+01,2.048865e+01,2.053057e+01,2.054453e+01,2.053755e+01,2.045371e+01,2.054453e+01,2.057944e+01,2.055152e+01,2.058643e+01,2.057246e+01,2.076079e+01,2.066318e+01,2.062830e+01,2.065621e+01,2.077472e+01,2.072594e+01,2.069108e+01,2.073291e+01,2.071897e+01,2.065621e+01,2.073291e+01,2.072594e+01,2.068410e+01,2.068410e+01,2.069805e+01,2.090702e+01,2.069805e+01,2.072594e+01,2.071200e+01,2.069108e+01,2.070502e+01,2.064225e+01,2.065621e+01,2.068410e+01,2.058643e+01,2.062132e+01,2.060736e+01,2.058643e+01,2.055850e+01,2.043274e+01,2.046769e+01,2.053057e+01,2.048865e+01,2.055850e+01,2.047468e+01,2.048166e+01,2.064923e+01,2.045371e+01,2.054453e+01,2.050961e+01,2.057944e+01,2.055850e+01,2.064225e+01,2.055152e+01,2.056548e+01,2.059340e+01,2.061434e+01,2.056548e+01,2.052358e+01,2.049564e+01,2.051660e+01,2.050961e+01,2.048865e+01,2.064225e+01,2.060736e+01,2.062830e+01,2.056548e+01,2.061434e+01,2.065621e+01,2.076079e+01,2.065621e+01,2.068410e+01,2.069805e+01,2.064923e+01,2.071200e+01,2.067713e+01,2.067016e+01,2.060039e+01,2.057944e+01,2.070502e+01,2.066318e+01,2.069805e+01,2.069805e+01,2.067016e+01,2.059340e+01,2.060039e+01,2.059340e+01,2.062132e+01,2.069108e+01,2.067713e+01,2.057246e+01,2.055850e+01,2.055152e+01,2.054453e+01,2.055850e+01,2.064923e+01,2.069108e+01,2.071897e+01,2.067713e+01,2.069108e+01,2.064225e+01,2.065621e+01,2.063528e+01,2.069805e+01,2.076775e+01,2.062830e+01,2.061434e+01,2.057944e+01,2.062830e+01,2.060039e+01,2.060039e+01,2.062132e+01,2.065621e+01,2.060736e+01,2.071200e+01,2.073291e+01,2.065621e+01,2.057246e+01,2.071897e+01,2.071200e+01,2.055850e+01,2.056548e+01,2.057944e+01,2.062830e+01,2.058643e+01,2.068410e+01,2.064923e+01,2.062132e+01,2.065621e+01,2.063528e+01,2.070502e+01,2.061434e+01,2.063528e+01,2.055152e+01,2.055152e+01,2.066318e+01,2.064923e+01,2.064225e+01,2.062132e+01,2.066318e+01,2.048166e+01,2.048166e+01,2.062830e+01,2.056548e+01,2.060039e+01,2.048166e+01,2.046769e+01,2.064225e+01,2.053057e+01,2.051660e+01,2.055850e+01,2.048865e+01,2.049564e+01,2.050961e+01,2.051660e+01,2.050961e+01,2.048865e+01,2.053755e+01,2.054453e+01,2.043973e+01,2.055152e+01,2.050262e+01,2.062132e+01,2.057944e+01,2.057246e+01,2.057944e+01,2.063528e+01,2.061434e+01,2.069108e+01,2.069108e+01,2.063528e+01,2.070502e+01,2.071897e+01,2.053755e+01,2.060039e+01,2.056548e+01,2.057246e+01,2.065621e+01,2.050961e+01,2.050262e+01,2.053755e+01,2.053755e+01,2.059340e+01,2.048865e+01,2.055850e+01,2.054453e+01,2.056548e+01,2.058643e+01,2.050961e+01,2.057246e+01,2.055152e+01,2.053755e+01,2.055850e+01,2.050961e+01,2.053057e+01,2.053057e+01,2.051660e+01,2.044672e+01,2.046070e+01,2.049564e+01,2.048166e+01,2.055850e+01,2.057944e+01,2.053057e+01,2.048865e+01,2.050961e+01,2.045371e+01,2.051660e+01,2.064225e+01,2.053057e+01,2.057246e+01,2.043973e+01,2.046070e+01,2.051660e+01,2.045371e+01,2.053755e+01,2.049564e+01,2.041875e+01,2.053755e+01,2.051660e+01,2.048166e+01,2.049564e+01,2.050961e+01,2.051660e+01,2.056548e+01,2.051660e+01,2.057944e+01,2.049564e+01,2.046070e+01,2.055850e+01,2.056548e+01,2.050262e+01,2.062132e+01,2.052358e+01,2.055850e+01,2.047468e+01,2.057246e+01,2.056548e+01,2.066318e+01,2.056548e+01,2.053057e+01,2.067016e+01,2.056548e+01,2.046769e+01,2.055152e+01,2.057246e+01,2.051660e+01,2.048865e+01,2.049564e+01,2.056548e+01,2.058643e+01,2.057246e+01,2.057944e+01,2.055850e+01,2.060039e+01,2.057944e+01,2.062830e+01,2.061434e+01,2.062132e+01,2.063528e+01,2.054453e+01,2.051660e+01,2.059340e+01,2.052358e+01,2.057246e+01,2.061434e+01,2.061434e+01,2.057944e+01,2.057944e+01,2.061434e+01,2.060736e+01,2.053057e+01,2.054453e+01,2.053755e+01,2.060039e+01,2.059340e+01,2.072594e+01,2.061434e+01,2.071897e+01,2.067713e+01,2.060736e+01,2.062830e+01,2.067713e+01,2.058643e+01,2.060736e+01,2.069805e+01,2.070502e+01,2.071897e+01,2.060039e+01,2.059340e+01,2.069805e+01,2.063528e+01,2.057944e+01,2.068410e+01,2.073988e+01,2.060039e+01,2.065621e+01,2.071200e+01,2.070502e+01,2.062132e+01,2.077472e+01,2.070502e+01,2.068410e+01,2.066318e+01,2.071897e+01,2.071200e+01,2.067713e+01,2.067713e+01,2.058643e+01,2.069805e+01,2.064225e+01,2.063528e+01,2.064225e+01,2.072594e+01,2.067016e+01,2.067016e+01,2.063528e+01,2.068410e+01,2.064923e+01,2.071200e+01,2.065621e+01,2.067016e+01,2.069805e+01,2.069805e+01,2.059340e+01,2.070502e+01,2.068410e+01,2.069805e+01,2.074685e+01,2.070502e+01,2.069805e+01,2.063528e+01,2.070502e+01,2.071200e+01,2.076775e+01,2.066318e+01,2.070502e+01,2.067016e+01,2.069108e+01,2.085830e+01,2.083045e+01,2.078169e+01,2.077472e+01,2.069805e+01,2.077472e+01,2.069108e+01,2.064923e+01,2.064923e+01,2.067713e+01,2.064923e+01,2.067713e+01,2.064923e+01,2.071200e+01,2.079562e+01,2.085830e+01,2.068410e+01,2.069805e+01,2.073988e+01,2.064923e+01,2.064923e+01,2.071200e+01,2.070502e+01,2.068410e+01,2.065621e+01,2.068410e+01,2.069805e+01,2.069108e+01,2.073291e+01,2.071897e+01,2.070502e+01,2.071897e+01,2.067713e+01,2.057944e+01,2.075382e+01,2.073291e+01,2.067016e+01,2.070502e+01,2.064225e+01,2.064923e+01,2.057944e+01,2.057246e+01,2.062132e+01,2.075382e+01,2.067016e+01,2.071200e+01,2.062830e+01,2.055850e+01,2.066318e+01,2.067713e+01,2.058643e+01,2.062830e+01,2.068410e+01,2.072594e+01,2.075382e+01,2.072594e+01,2.066318e+01,2.068410e+01,2.069805e+01,2.071897e+01,2.067016e+01,2.071200e+01,2.063528e+01,2.080259e+01,2.073988e+01,2.069805e+01,2.072594e+01,2.069108e+01,2.067016e+01,2.071200e+01,2.076079e+01,2.076775e+01,2.067016e+01,2.065621e+01,2.067713e+01,2.074685e+01,2.079562e+01,2.076775e+01,2.067713e+01,2.064923e+01,2.067713e+01,2.065621e+01,2.070502e+01,2.079562e+01,2.063528e+01,2.058643e+01,2.058643e+01,2.067016e+01,2.076775e+01,2.067016e+01,2.078866e+01,2.067713e+01,2.068410e+01,2.066318e+01,2.074685e+01,2.066318e+01,2.067713e+01,2.064225e+01,2.068410e+01,2.072594e+01,2.076079e+01,2.077472e+01,2.074685e+01,2.080955e+01,2.070502e+01,2.076775e+01,2.069108e+01,2.071200e+01,2.076079e+01,2.072594e+01,2.070502e+01,2.071200e+01,2.071200e+01,2.063528e+01,2.088614e+01,2.062830e+01,2.061434e+01,2.071897e+01,2.067016e+01,2.064225e+01,2.058643e+01,2.069805e+01,2.058643e+01,2.064923e+01,2.064225e+01,2.069108e+01,2.066318e+01,2.082348e+01,2.083045e+01,2.067713e+01,2.069805e+01,2.062830e+01,2.073291e+01,2.070502e+01,2.068410e+01,2.071200e+01,2.068410e+01,2.069108e+01,2.067713e+01,2.070502e+01,2.075382e+01,2.076775e+01,2.064923e+01,2.067016e+01,2.068410e+01,2.063528e+01,2.076079e+01,2.061434e+01,2.069108e+01,2.073988e+01,2.071897e+01,2.076775e+01,2.078169e+01,2.057944e+01,2.069108e+01,2.069805e+01,2.077472e+01,2.069805e+01,2.075382e+01,2.076775e+01,2.067713e+01,2.069108e+01,2.066318e+01,2.078866e+01,2.077472e+01,2.082348e+01,2.078866e+01,2.071897e+01,2.068410e+01,2.060039e+01
2.050262e+01,2.065621e+01,2.065621e+01,2.054453e+01,2.060039e+01,2.067713e+01,2.053057e+01,2.056548e+01,2.063528e+01,2.054453e+01,2.072594e+01,2.076775e+01,2.055152e+01,2.054453e+01,2.053755e+01,2.048865e+01,2.064225e+01,2.064225e+01,2.060736e+01,2.059340e+01,2.056548e+01,2.065621e+01,2.059340e+01,2.066318e+01,2.054453e+01,2.050961e+01,2.058643e+01,2.054453e+01,2.053755e+01,2.061434e+01,2.046070e+01,2.058643e+01,2.053755e+01,2.059340e+01,2.057944e+01,2.060736e+01,2.052358e+01,2.053755e+01,2.063528e+01,2.065621e+01,2.060039e+01,2.053755e+01,2.063528e+01,2.051660e+01,2.052358e+01,2.055850e+01,2.064923e+01,2.054453e+01,2.055152e+01,2.055152e+01,2.055850e+01,2.050262e+01,2.060736e+01,2.048166e+01,2.059340e+01,2.058643e+01,2.057246e+01,2.061434e+01,2.059340e+01,2.053057e+01,2.067713e+01,2.057944e+01,2.050262e+01,2.050262e+01,2.060736e+01,2.051660e+01,2.052358e+01,2.053057e+01,2.055152e+01,2.057246e+01,2.063528e+01,2.055152e+01,2.055152e+01,2.058643e+01,2.062132e+01,2.041875e+01,2.058643e+01,2.050262e+01,2.057944e+01,2.062132e+01,2.050262e+01,2.064923e+01,2.067016e+01,2.067016e+01,2.059340e+01,2.051660e+01,2.057246e+01,2.058643e+01,2.047468e+01,2.041176e+01,2.061434e+01,2.062132e+01,2.058643e+01,2.055152e+01,2.056548e+01,2.052358e+01,2.057246e+01,2.050961e+01,2.051660e+01,2.046070e+01,2.052358e+01,2.048865e+01,2.049564e+01,2.052358e+01,2.045371e+01,2.039778e+01,2.050262e+01,2.045371e+01,2.046070e+01,2.056548e+01,2.057246e+01,2.061434e+01,2.048166e+01,2.048166e+01,2.050961e+01,2.037679e+01,2.039778e+01,2.060039e+01,2.060039e+01,2.040477e+01,2.054453e+01,2.053755e+01,2.053057e+01,2.044672e+01,2.055850e+01,2.053057e+01,2.046070e+01,2.041176e+01,2.060039e+01,2.046769e+01,2.048865e+01,2.057944e+01,2.050262e+01,2.048865e+01,2.050262e+01,2.057246e+01,2.055850e+01,2.057246e+01,2.062132e+01,2.060039e+01,2.069108e+01,2.064225e+01,2.066318e+01,2.076079e+01,2.071200e+01,2.071897e+01,2.073988e+01,2.069108e+01,2.073988e+01,2.075382e+01,2.071200e+01,2.076775e+01,2.072594e+01,2.074685e+01,2.070502e+01,2.069108e+01,2.073291e+01,2.073988e+01,2.069108e+01,2.066318e+01,2.073291e+01,2.066318e+01,2.069805e+01,2.064225e+01,2.065621e+01,2.063528e+01,2.050961e+01,2.057944e+01,2.064225e+01,2.066318e+01,2.050262e+01,2.049564e+01,2.052358e+01,2.052358e+01,2.046769e+01,2.053755e+01,2.053755e+01,2.050262e+01,2.060736e+01,2.061434e+01,2.061434e+01,2.057944e+01,2.057944e+01,2.060039e+01,2.062830e+01,2.060039e+01,2.055152e+01,2.051660e+01,2.048865e+01,2.053057e+01,2.045371e+01,2.043274e+01,2.046070e+01,2.045371e+01,2.051660e+01,2.048865e+01,2.057944e+01,2.060039e+01,2.067713e+01,2.075382e+01,2.074685e+01,2.066318e+01,2.066318e+01,2.064923e+01,2.065621e+01,2.070502e+01,2.062830e+01,2.074685e+01,2.066318e+01,2.056548e+01,2.061434e+01,2.055850e+01,2.059340e+01,2.060039e+01,2.062132e+01,2.060736e+01,2.073988e+01,2.064923e+01,2.058643e+01,2.059340e+01,2.059340e+01,2.048865e+01,2.056548e+01,2.057246e+01,2.053755e+01,2.054453e+01,2.055850e+01,2.057944e+01,2.059340e+01,2.068410e+01,2.066318e+01,2.063528e+01,2.063528e+01,2.064225e+01,2.063528e+01,2.078866e+01,2.062830e+01,2.064225e+01,2.063528e+01,2.064225e+01,2.073988e+01,2.064923e+01,2.057944e+01,2.056548e+01,2.057246e+01,2.066318e+01,2.069108e+01,2.053755e+01,2.060736e+01,2.062830e+01,2.057246e+01,2.069805e+01,2.061434e+01,2.053755e+01,2.057944e+01,2.068410e+01,2.064225e+01,2.065621e+01,2.068410e+01,2.058643e+01,2.064225e+01,2.064225e+01,2.063528e+01,2.062830e+01,2.061434e+01,2.062132e+01,2.057944e+01,2.061434e+01,2.067016e+01,2.056548e+01,2.052358e+01,2.048166e+01,2.057246e+01,2.050262e+01,2.051660e+01,2.055850e+01,2.065621e+01,2.046769e+01,2.045371e+01,2.046070e+01,2.045371e+01,2.045371e+01,2.046769e+01,2.050262e+01,2.045371e+01,2.046769e+01,2.055850e+01,2.039078e+01,2.057944e+01,2.046070e+01,2.057944e+01,2.055152e+01,2.048865e+01,2.053755e+01,2.055850e+01,2.058643e+01,2.057944e+01,2.070502e+01,2.061434e+01,2.063528e+01,2.071200e+01,2.071897e+01,2.067016e+01,2.063528e+01,2.071897e+01,2.060039e+01,2.060736e+01,2.060736e+01,2.070502e+01,2.053057e+01,2.051660e+01,2.050961e+01,2.053057e+01,2.056548e+01,2.052358e+01,2.056548e+01,2.057944e+01,2.050262e+01,2.060039e+01,2.060039e+01,2.050961e+01,2.043274e+01,2.056548e+01,2.049564e+01,2.053755e+01,2.053057e+01,2.045371e+01,2.054453e+01,2.049564e+01,2.049564e+01,2.053755e+01,2.053755e+01,2.051660e+01,2.050961e+01,2.049564e+01,2.050262e+01,2.046769e+01,2.050961e+01,2.051660e+01,2.052358e+01,2.050262e+01,2.049564e+01,2.055850e+01,2.060039e+01,2.049564e+01,2.046070e+01,2.056548e+01,2.049564e+01,2.052358e+01,2.051660e+01,2.048865e+01,2.048166e+01,2.048166e+01,2.050961e+01,2.052358e+01,2.053057e+01,2.052358e+01,2.047468e+01,2.058643e+01,2.050961e+01,2.053057e+01,2.067713e+01,2.051660e+01,2.050961e+01,2.053755e+01,2.054453e+01,2.056548e+01,2.051660e+01,2.057944e+01,2.070502e+01,2.063528e+01,2.053057e+01,2.057246e+01,2.058643e+01,2.056548e+01,2.062132e+01,2.071200e+01,2.060039e+01,2.047468e+01,2.048865e+01,2.065621e+01,2.059340e+01,2.056548e+01,2.064225e+01,2.050262e+01,2.064225e+01,2.062132e+01,2.052358e+01,2.055152e+01,2.062132e+01,2.055850e+01,2.060039e+01,2.062830e+01,2.055850e+01,2.053755e+01,2.050961e+01,2.063528e+01,2.060736e+01,2.055152e+01,2.062132e+01,2.058643e+01,2.055152e+01,2.063528e+01,2.059340e+01,2.059340e+01,2.062830e+01,2.057246e+01,2.055850e+01,2.058643e+01,2.062830e+01,2.063528e+01,2.064225e+01,2.064923e+01,2.062830e+01,2.060736e+01,2.065621e+01,2.056548e+01,2.064225e+01,2.064923e+01,2.062830e+01,2.069805e+01,2.059340e+01,2.064923e+01,2.060039e+01,2.067016e+01,2.067016e+01,2.070502e+01,2.067016e+01,2.063528e+01,2.068410e+01,2.076079e+01,2.070502e+01,2.076079e+01,2.071897e+01,2.075382e+01,2.060039e+01,2.074685e+01,2.068410e+01,2.071897e+01,2.064225e+01,2.064225e+01,2.065621e+01,2.071200e+01,2.068410e+01,2.068410e+01,2.069108e+01,2.062132e+01,2.073988e+01,2.067016e+01,2.077472e+01,2.071897e+01,2.062830e+01,2.070502e+01,2.065621e+01,2.060039e+01,2.071200e+01,2.067713e+01,2.076775e+01,2.067016e+01,2.069108e+01,2.067016e+01,2.072594e+01,2.070502e+01,2.072594e+01,2.070502e+01,2.073291e+01,2.060039e+01,2.068410e+01,2.067713e+01,2.083045e+01,2.065621e+01,2.074685e+01,2.063528e+01,2.066318e+01,2.069108e+01,2.063528e+01,2.060039e+01,2.068410e+01,2.067016e+01,2.078169e+01,2.064923e+01,2.070502e+01,2.067713e+01,2.082348e+01,2.079562e+01,2.064225e+01,2.065621e+01,2.078169e+01,2.063528e+01,2.067713e+01,2.069805e+01,2.065621e+01,2.071897e+01,2.062132e+01,2.064923e+01,2.064225e+01,2.071897e+01,2.062830e+01,2.073291e+01,2.072594e+01,2.073291e+01,2.069108e+01,2.056548e+01,2.070502e+01,2.071897e+01,2.076775e+01,2.064923e+01,2.064225e+01,2.067713e+01,2.062830e+01,2.060039e+01,2.065621e+01,2.056548e+01,2.057944e+01,2.067713e+01,2.066318e+01,2.067713e+01,2.067713e+01,2.069108e+01,2.068410e+01,2.059340e+01,2.068410e+01,2.060039e+01,2.055152e+01,2.063528e+01,2.069108e+01,2.076775e+01,2.065621e+01,2.073988e+01,2.065621e+01,2.061434e+01,2.061434e+01,2.064923e+01,2.060736e+01,2.062830e+01,2.065621e+01,2.089310e+01,2.068410e+01,2.077472e+01,2.068410e+01,2.073291e+01,2.067713e+01,2.069805e+01,2.066318e+01,2.050262e+01,2.072594e+01,2.068410e+01,2.077472e+01,2.072594e+01,2.069805e+01,2.073291e+01,2.076079e+01,2.072594e+01,2.069805e+01,2.073291e+01,2.073291e+01,2.067016e+01,2.067713e+01,2.067713e+01,2.078866e+01,2.064923e+01,2.069108e+01,2.076079e+01,2.069805e+01,2.063528e+01,2.065621e+01,2.073291e+01,2.062830e+01,2.060736e+01,2.078866e+01,2.071200e+01,2.072594e+01,2.073988e+01,2.065621e+01,2.065621e+01,2.081652e+01,2.078866e+01,2.059340e+01,2.064225e+01,2.076775e+01,2.066318e+01,2.069805e+01,2.065621e+01,2.065621e+01,2.084437e+01,2.082348e+01,2.069108e+01,2.056548e+01,2.053755e+01,2.065621e+01,2.068410e+01,2.075382e+01,2.063528e+01,2.070502e+01,2.067016e+01,2.081652e+01,2.067016e+01,2.062132e+01,2.078866e+01,2.071897e+01,2.066318e+01,2.062830e+01,2.073988e+01,2.078866e+01,2.084437e+01,2.075382e+01,2.067016e+01,2.067016e+01,2.069108e+01,2.073291e+01,2.077472e+01,2.076775e+01,2.073291e+01,2.067016e+01,2.067713e+01,2.099744e+01,2.066318e+01,2.071897e+01,2.067713e+01,2.075382e+01,2.062830e+01,2.071897e+01,2.071897e+01,2.066318e+01,2.068410e+01,2.073988e+01,2.076079e+01,2.077472e+01,2.071200e+01,2.072594e+01,2.072594e+01,2.071200e+01,2.073291e+01,2.067016e+01,2.081652e+01,2.069108e+01,2.079562e+01,2.076079e+01,2.077472e+01,2.062830e+01
2.060736e+01,2.047468e+01,2.048166e+01,2.066318e+01,2.065621e+01,2.062830e+01,2.063528e+01,2.054453e+01,2.056548e+01,2.069805e+01,2.067713e+01,2.075382e+01,2.053755e+01,2.060039e+01,2.064923e+01,2.065621e+01,2.058643e+01,2.060736e+01,2.062830e+01,2.063528e+01,2.057944e+01,2.064225e+01,2.053057e+01,2.054453e+01,2.061434e+01,2.069108e+01,2.060039e+01,2.053755e+01,2.061434e+01,2.064225e+01,2.046769e+01,2.053057e+01,2.058643e+01,2.072594e+01,2.058643e+01,2.061434e+01,2.059340e+01,2.053057e+01,2.057246e+01,2.052358e+01,2.064225e+01,2.063528e+01,2.062132e+01,2.054453e+01,2.054453e+01,2.055152e+01,2.052358e+01,2.055850e+01,2.060039e+01,2.057944e+01,2.057944e+01,2.055850e+01,2.060039e+01,2.053755e+01,2.063528e+01,2.057944e+01,2.050961e+01,2.054453e+01,2.060736e+01,2.054453e+01,2.050262e+01,2.067016e+01,2.062132e+01,2.064923e+01,2.058643e+01,2.056548e+01,2.055850e+01,2.056548e+01,2.056548e+01,2.064225e+01,2.057246e+01,2.053057e+01,2.062830e+01,2.053057e+01,2.064225e+01,2.050961e+01,2.064225e+01,2.055152e+01,2.052358e+01,2.068410e+01,2.067713e+01,2.050262e+01,2.048865e+01,2.065621e+01,2.047468e+01,2.063528e+01,2.045371e+01,2.041176e+01,2.063528e+01,2.051660e+01,2.058643e+01,2.054453e+01,2.053755e+01,2.051660e+01,2.054453e+01,2.053755e+01,2.050262e+01,2.063528e+01,2.050961e+01,2.048166e+01,2.056548e+01,2.057246e+01,2.055152e+01,2.056548e+01,2.048166e+01,2.046070e+01,2.046769e+01,2.060736e+01,2.057246e+01,2.053057e+01,2.060039e+01,2.057944e+01,2.049564e+01,2.061434e+01,2.051660e+01,2.058643e+01,2.052358e+01,2.059340e+01,2.057246e+01,2.059340e+01,2.055152e+01,2.050961e+01,2.048865e+01,2.050961e+01,2.050961e+01,2.069108e+01,2.052358e+01,2.048865e+01,2.059340e+01,2.052358e+01,2.063528e+01,2.050961e+01,2.062830e+01,2.055850e+01,2.054453e+01,2.055152e+01,2.058643e+01,2.062132e+01,2.064225e+01,2.070502e+01,2.071897e+01,2.073291e+01,2.071200e+01,2.070502e+01,2.073291e+01,2.069108e+01,2.087918e+01,2.085830e+01,2.086526e+01,2.075382e+01,2.073988e+01,2.071200e+01,2.076079e+01,2.069805e+01,2.067713e+01,2.069108e+01,2.050262e+01,2.067016e+01,2.070502e+01,2.069805e+01,2.071897e+01,2.067016e+01,2.067713e+01,2.071897e+01,2.064923e+01,2.061434e+01,2.061434e+01,2.061434e+01,2.057944e+01,2.064225e+01,2.059340e+01,2.058643e+01,2.054453e+01,2.051660e+01,2.068410e+01,2.071200e+01,2.053057e+01,2.064923e+01,2.066318e+01,2.060736e+01,2.058643e+01,2.055152e+01,2.055850e+01,2.057944e+01,2.067016e+01,2.073291e+01,2.058643e+01,2.060736e+01,2.069108e+01,2.067713e+01,2.045371e+01,2.045371e+01,2.045371e+01,2.063528e+01,2.046769e+01,2.051660e+01,2.060736e+01,2.076775e+01,2.068410e+01,2.074685e+01,2.077472e+01,2.071200e+01,2.071200e+01,2.069805e+01,2.070502e+01,2.069108e+01,2.058643e+01,2.057246e+01,2.063528e+01,2.064225e+01,2.068410e+01,2.057246e+01,2.057246e+01,2.067713e+01,2.062830e+01,2.064923e+01,2.064923e+01,2.064923e+01,2.065621e+01,2.060736e+01,2.053057e+01,2.052358e+01,2.050961e+01,2.051660e+01,2.050262e+01,2.055850e+01,2.055850e+01,2.060039e+01,2.059340e+01,2.059340e+01,2.063528e+01,2.064923e+01,2.067713e+01,2.058643e+01,2.056548e+01,2.071200e+01,2.069108e+01,2.062132e+01,2.062132e+01,2.058643e+01,2.060039e+01,2.060039e+01,2.060736e+01,2.060039e+01,2.057246e+01,2.063528e+01,2.058643e+01,2.062132e+01,2.061434e+01,2.061434e+01,2.063528e+01,2.055850e+01,2.058643e+01,2.059340e+01,2.067713e+01,2.060039e+01,2.062132e+01,2.062830e+01,2.050961e+01,2.057246e+01,2.061434e+01,2.058643e+01,2.059340e+01,2.076775e+01,2.064923e+01,2.066318e+01,2.067713e+01,2.067713e+01,2.073988e+01,2.071897e+01,2.066318e+01,2.053057e+01,2.048865e+01,2.057246e+01,2.053755e+01,2.047468e+01,2.051660e+01,2.067016e+01,2.061434e+01,2.044672e+01,2.057246e+01,2.048865e+01,2.061434e+01,2.055850e+01,2.042575e+01,2.049564e+01,2.060736e+01,2.055850e+01,2.051660e+01,2.051660e+01,2.060039e+01,2.059340e+01,2.060039e+01,2.057246e+01,2.057246e+01,2.057944e+01,2.059340e+01,2.057944e+01,2.060039e+01,2.060039e+01,2.069108e+01,2.067713e+01,2.066318e+01,2.065621e+01,2.063528e+01,2.071200e+01,2.059340e+01,2.056548e+01,2.055850e+01,2.055850e+01,2.052358e+01,2.062132e+01,2.058643e+01,2.063528e+01,2.062132e+01,2.061434e+01,2.055152e+01,2.055850e+01,2.050262e+01,2.067016e+01,2.059340e+01,2.059340e+01,2.062830e+01,2.055152e+01,2.053755e+01,2.050961e+01,2.054453e+01,2.056548e+01,2.048166e+01,2.048865e+01,2.058643e+01,2.066318e+01,2.057246e+01,2.056548e+01,2.048166e+01,2.054453e+01,2.055152e+01,2.056548e+01,2.062132e+01,2.059340e+01,2.053755e+01,2.059340e+01,2.044672e+01,2.049564e+01,2.053057e+01,2.056548e+01,2.037679e+01,2.046769e+01,2.048166e+01,2.060039e+01,2.053057e+01,2.061434e+01,2.055850e+01,2.049564e+01,2.066318e+01,2.071200e+01,2.060039e+01,2.058643e+01,2.060736e+01,2.068410e+01,2.055850e+01,2.069805e+01,2.051660e+01,2.061434e+01,2.062132e+01,2.054453e+01,2.053755e+01,2.063528e+01,2.062830e+01,2.058643e+01,2.059340e+01,2.059340e+01,2.055152e+01,2.060039e+01,2.070502e+01,2.058643e+01,2.058643e+01,2.050262e+01,2.051660e+01,2.060039e+01,2.057944e+01,2.060039e+01,2.052358e+01,2.060736e+01,2.067016e+01,2.066318e+01,2.064923e+01,2.064225e+01,2.073291e+01,2.060736e+01,2.063528e+01,2.055850e+01,2.057246e+01,2.057944e+01,2.058643e+01,2.056548e+01,2.057944e+01,2.060736e+01,2.062132e+01,2.058643e+01,2.063528e+01,2.058643e+01,2.059340e+01,2.062830e+01,2.062132e+01,2.064923e+01,2.063528e+01,2.064225e+01,2.067713e+01,2.071897e+01,2.064225e+01,2.062830e+01,2.056548e+01,2.066318e+01,2.066318e+01,2.070502e+01,2.072594e+01,2.071200e+01,2.065621e+01,2.060736e+01,2.067713e+01,2.062132e+01,2.069108e+01,2.072594e+01,2.061434e+01,2.064225e+01,2.064225e+01,2.064923e+01,2.065621e+01,2.065621e+01,2.073291e+01,2.069805e+01,2.073291e+01,2.066318e+01,2.075382e+01,2.064923e+01,2.070502e+01,2.060039e+01,2.065621e+01,2.068410e+01,2.064923e+01,2.071897e+01,2.065621e+01,2.060736e+01,2.067016e+01,2.060736e+01,2.073988e+01,2.077472e+01,2.070502e+01,2.074685e+01,2.069805e+01,2.064225e+01,2.064923e+01,2.061434e+01,2.064225e+01,2.069805e+01,2.058643e+01,2.067713e+01,2.074685e+01,2.071200e+01,2.069108e+01,2.071200e+01,2.072594e+01,2.067713e+01,2.071897e+01,2.071897e+01,2.069805e+01,2.068410e+01,2.071200e+01,2.064225e+01,2.073988e+01,2.069108e+01,2.064923e+01,2.063528e+01,2.083045e+01,2.072594e+01,2.071897e+01,2.067016e+01,2.076775e+01,2.071897e+01,2.067016e+01,2.066318e+01,2.059340e+01,2.072594e+01,2.069805e+01,2.064923e+01,2.072594e+01,2.075382e+01,2.067713e+01,2.069108e+01,2.067713e+01,2.070502e+01,2.062830e+01,2.073291e+01,2.073291e+01,2.071897e+01,2.065621e+01,2.069108e+01,2.067016e+01,2.068410e+01,2.061434e+01,2.069108e+01,2.063528e+01,2.069805e+01,2.062830e+01,2.071897e+01,2.083741e+01,2.069108e+01,2.071200e+01,2.070502e+01,2.070502e+01,2.060039e+01,2.074685e+01,2.064923e+01,2.054453e+01,2.069805e+01,2.065621e+01,2.064923e+01,2.071200e+01,2.069805e+01,2.071200e+01,2.074685e+01,2.073291e+01,2.064225e+01,2.065621e+01,2.067713e+01,2.072594e+01,2.076079e+01,2.064225e+01,2.076079e+01,2.058643e+01,2.060736e+01,2.068410e+01,2.062830e+01,2.076775e+01,2.070502e+01,2.064225e+01,2.073291e+01,2.075382e+01,2.074685e+01,2.067016e+01,2.080259e+01,2.080259e+01,2.059340e+01,2.076775e+01,2.071200e+01,2.069108e+01,2.073988e+01,2.061434e+01,2.071897e+01,2.083741e+01,2.080259e+01,2.076079e+01,2.057944e+01,2.076775e+01,2.076079e+01,2.070502e+01,2.070502e+01,2.076079e+01,2.067713e+01,2.068410e+01,2.069805e+01,2.068410e+01,2.068410e+01,2.068410e+01,2.068410e+01,2.069108e+01,2.075382e+01,2.067713e+01,2.077472e+01,2.084437e+01,2.072594e+01,2.072594e+01,2.082348e+01,2.072594e+01,2.062132e+01,2.073988e+01,2.074685e+01,2.070502e+01,2.073291e+01,2.077472e+01,2.071200e+01,2.071897e+01,2.071200e+01,2.073988e+01,2.066318e+01,2.071200e+01,2.068410e+01,2.072594e+01,2.071897e+01,2.067713e+01,2.066318e+01,2.061434e+01,2.080955e+01,2.073291e+01,2.067713e+01,2.067713e+01,2.067016e+01,2.064923e+01,2.067713e+01,2.069108e+01,2.064923e+01,2.062132e+01,2.072594e+01,2.067016e+01,2.069108e+01,2.069108e+01,2.066318e+01,2.069108e+01,2.069805e+01,2.073291e+01,2.074685e+01,2.078169e+01,2.068410e+01,2.078169e+01,2.071897e+01,2.071897e+01,2.081652e+01,2.071897e+01,2.075382e+01,2.059340e+01,2.073988e+01,2.076079e+01,2.074685e+01,2.076775e+01,2.076775e+01,2.065621e+01,2.076775e+01,2.069805e+01,2.073291e+01,2.067713e+01,2.071200e+01,2.069108e+01,2.073291e+01,2.073988e+01,2.077472e+01,2.074685e+01,2.062830e+01,2.076079e+01,2.070502e+01
2.063528e+01,2.062132e+01,2.063528e+01,2.065621e+01,2.062132e+01,2.064923e+01,2.063528e+01,2.062830e+01,2.072594e+01,2.066318e+01,2.075382e+01,2.054453e+01,2.075382e+01,2.092789e+01,2.070502e+01,2.053755e+01,2.069805e+01,2.065621e+01,2.058643e+01,2.061434e+01,2.062132e+01,2.064225e+01,2.064225e+01,2.063528e+01,2.051660e+01,2.073291e+01,2.067713e+01,2.060039e+01,2.058643e+01,2.065621e+01,2.064225e+01,2.063528e+01,2.063528e+01,2.062132e+01,2.062132e+01,2.067713e+01,2.064225e+01,2.067016e+01,2.062132e+01,2.068410e+01,2.058643e+01,2.051660e+01,2.050961e+01,2.057944e+01,2.054453e+01,2.070502e+01,2.059340e+01,2.067016e+01,2.067713e+01,2.060039e+01,2.057246e+01,2.057246e+01,2.064225e+01,2.051660e+01,2.063528e+01,2.069805e+01,2.050262e+01,2.071897e+01,2.069805e+01,2.062132e+01,2.071200e+01,2.062830e+01,2.070502e+01,2.060736e+01,2.063528e+01,2.051660e+01,2.057246e+01,2.064225e+01,2.062132e+01,2.062132e+01,2.057944e+01,2.070502e+01,2.064923e+01,2.062132e+01,2.063528e+01,2.064225e+01,2.064923e+01,2.073988e+01,2.053755e+01,2.067713e+01,2.067016e+01,2.067713e+01,2.055850e+01,2.058643e+01,2.064225e+01,2.060736e+01,2.062132e+01,2.060736e+01,2.062132e+01,2.050262e+01,2.061434e+01,2.053755e+01,2.058643e+01,2.058643e+01,2.060736e+01,2.050262e+01,2.060039e+01,2.055850e+01,2.050961e+01,2.055152e+01,2.062830e+01,2.059340e+01,2.059340e+01,2.053755e+01,2.058643e+01,2.049564e+01,2.051660e+01,2.058643e+01,2.060039e+01,2.064225e+01,2.057246e+01,2.062830e+01,2.064923e+01,2.055850e+01,2.055152e+01,2.066318e+01,2.052358e+01,2.060736e+01,2.057246e+01,2.061434e+01,2.056548e+01,2.066318e+01,2.058643e+01,2.061434e+01,2.058643e+01,2.057246e+01,2.071200e+01,2.062830e+01,2.060736e+01,2.059340e+01,2.053057e+01,2.064923e+01,2.062132e+01,2.057246e+01,2.069805e+01,2.062132e+01,2.071897e+01,2.062132e+01,2.071897e+01,2.070502e+01,2.068410e+01,2.074685e+01,2.073988e+01,2.071897e+01,2.076775e+01,2.063528e+01,2.067016e+01,2.084437e+01,2.076775e+01,2.069108e+01,2.071897e+01,2.073291e+01,2.070502e+01,2.073988e+01,2.073988e+01,2.071897e+01,2.069805e+01,2.072594e+01,2.068410e+01,2.070502e+01,2.068410e+01,2.066318e+01,2.069805e+01,2.067713e+01,2.064225e+01,2.061434e+01,2.065621e+01,2.065621e+01,2.070502e+01,2.064923e+01,2.060736e+01,2.057246e+01,2.064923e+01,2.053057e+01,2.056548e+01,2.060039e+01,2.060736e+01,2.070502e+01,2.069805e+01,2.059340e+01,2.075382e+01,2.073291e+01,2.062830e+01,2.073291e+01,2.064225e+01,2.055850e+01,2.064923e+01,2.070502e+01,2.069108e+01,2.050961e+01,2.053057e+01,2.066318e+01,2.048865e+01,2.057944e+01,2.060039e+01,2.052358e+01,2.052358e+01,2.067713e+01,2.067713e+01,2.075382e+01,2.071897e+01,2.069108e+01,2.070502e+01,2.071200e+01,2.070502e+01,2.069805e+01,2.070502e+01,2.076079e+01,2.074685e+01,2.054453e+01,2.065621e+01,2.059340e+01,2.063528e+01,2.061434e+01,2.063528e+01,2.073988e+01,2.075382e+01,2.064225e+01,2.067016e+01,2.056548e+01,2.062132e+01,2.049564e+01,2.046769e+01,2.053755e+01,2.058643e+01,2.053057e+01,2.062830e+01,2.057944e+01,2.056548e+01,2.070502e+01,2.062830e+01,2.062132e+01,2.060736e+01,2.060039e+01,2.060736e+01,2.062132e+01,2.060736e+01,2.064225e+01,2.069805e+01,2.073291e+01,2.058643e+01,2.064225e+01,2.058643e+01,2.058643e+01,2.055152e+01,2.069805e+01,2.068410e+01,2.069108e+01,2.064923e+01,2.069805e+01,2.055850e+01,2.063528e+01,2.054453e+01,2.060736e+01,2.060736e+01,2.067016e+01,2.067016e+01,2.064923e+01,2.064225e+01,2.062132e+01,2.060736e+01,2.071897e+01,2.064225e+01,2.074685e+01,2.072594e+01,2.076775e+01,2.066318e+01,2.067713e+01,2.069805e+01,2.064923e+01,2.069108e+01,2.057944e+01,2.067713e+01,2.067016e+01,2.069805e+01,2.070502e+01,2.057944e+01,2.059340e+01,2.061434e+01,2.060736e+01,2.063528e+01,2.055850e+01,2.055850e+01,2.058643e+01,2.064923e+01,2.052358e+01,2.055152e+01,2.062830e+01,2.057246e+01,2.048166e+01,2.062830e+01,2.066318e+01,2.053057e+01,2.063528e+01,2.055850e+01,2.065621e+01,2.058643e+01,2.059340e+01,2.072594e+01,2.067713e+01,2.071897e+01,2.062132e+01,2.073291e+01,2.064225e+01,2.070502e+01,2.065621e+01,2.050961e+01,2.069805e+01,2.053057e+01,2.060736e+01,2.060736e+01,2.060039e+01,2.066318e+01,2.064225e+01,2.061434e+01,2.063528e+01,2.049564e+01,2.054453e+01,2.065621e+01,2.062132e+01,2.061434e+01,2.059340e+01,2.060039e+01,2.067713e+01,2.057944e+01,2.056548e+01,2.051660e+01,2.058643e+01,2.060039e+01,2.055152e+01,2.058643e+01,2.051660e+01,2.061434e+01,2.052358e+01,2.052358e+01,2.064225e+01,2.053755e+01,2.072594e+01,2.062132e+01,2.056548e+01,2.060039e+01,2.061434e+01,2.056548e+01,2.056548e+01,2.060736e+01,2.057246e+01,2.058643e+01,2.051660e+01,2.051660e+01,2.063528e+01,2.062830e+01,2.060039e+01,2.061434e+01,2.053755e+01,2.053057e+01,2.062830e+01,2.060039e+01,2.058643e+01,2.061434e+01,2.059340e+01,2.063528e+01,2.060736e+01,2.064225e+01,2.064923e+01,2.063528e+01,2.060039e+01,2.067016e+01,2.069805e+01,2.066318e+01,2.059340e+01,2.059340e+01,2.057944e+01,2.066318e+01,2.063528e+01,2.055152e+01,2.064923e+01,2.071200e+01,2.064225e+01,2.053057e+01,2.065621e+01,2.061434e+01,2.062132e+01,2.063528e+01,2.066318e+01,2.065621e+01,2.069805e+01,2.063528e+01,2.073291e+01,2.053755e+01,2.067016e+01,2.065621e+01,2.062830e+01,2.055152e+01,2.055850e+01,2.056548e+01,2.063528e+01,2.062132e+01,2.063528e+01,2.064225e+01,2.060039e+01,2.062830e+01,2.061434e+01,2.062132e+01,2.063528e+01,2.069108e+01,2.062830e+01,2.064923e+01,2.064923e+01,2.071200e+01,2.062830e+01,2.068410e+01,2.062830e+01,2.074685e+01,2.068410e+01,2.064225e+01,2.070502e+01,2.071897e+01,2.076775e+01,2.068410e+01,2.070502e+01,2.076079e+01,2.061434e+01,2.066318e+01,2.071200e+01,2.071897e+01,2.069805e+01,2.064225e+01,2.068410e+01,2.064923e+01,2.068410e+01,2.067016e+01,2.069805e+01,2.068410e+01,2.068410e+01,2.069108e+01,2.067713e+01,2.067713e+01,2.063528e+01,2.069108e+01,2.060736e+01,2.072594e+01,2.072594e+01,2.069805e+01,2.068410e+01,2.071897e+01,2.075382e+01,2.074685e+01,2.076079e+01,2.069805e+01,2.078169e+01,2.077472e+01,2.073291e+01,2.071897e+01,2.065621e+01,2.071200e+01,2.068410e+01,2.071897e+01,2.069108e+01,2.067713e+01,2.071200e+01,2.069805e+01,2.067016e+01,2.077472e+01,2.070502e+01,2.077472e+01,2.060039e+01,2.079562e+01,2.070502e+01,2.077472e+01,2.082348e+01,2.083045e+01,2.076079e+01,2.082348e+01,2.082348e+01,2.069108e+01,2.070502e+01,2.080259e+01,2.073291e+01,2.074685e+01,2.068410e+01,2.079562e+01,2.092789e+01,2.083741e+01,2.071200e+01,2.067713e+01,2.064225e+01,2.067016e+01,2.073291e+01,2.071200e+01,2.070502e+01,2.075382e+01,2.067016e+01,2.071897e+01,2.076079e+01,2.070502e+01,2.072594e+01,2.076775e+01,2.078866e+01,2.067016e+01,2.077472e+01,2.074685e+01,2.073988e+01,2.060736e+01,2.069108e+01,2.068410e+01,2.073988e+01,2.071200e+01,2.073988e+01,2.079562e+01,2.073988e+01,2.067016e+01,2.073291e+01,2.077472e+01,2.070502e+01,2.075382e+01,2.072594e+01,2.076775e+01,2.069108e+01,2.072594e+01,2.070502e+01,2.078866e+01,2.073291e+01,2.071897e+01,2.076775e+01,2.069805e+01,2.070502e+01,2.078866e+01,2.078866e+01,2.080955e+01,2.078169e+01,2.069805e+01,2.076775e+01,2.089310e+01,2.071897e+01,2.073291e+01,2.068410e+01,2.069108e+01,2.078169e+01,2.072594e+01,2.065621e+01,2.076079e+01,2.078866e+01,2.078169e+01,2.068410e+01,2.068410e+01,2.069805e+01,2.085830e+01,2.070502e+01,2.068410e+01,2.067713e+01,2.079562e+01,2.076775e+01,2.072594e+01,2.070502e+01,2.078169e+01,2.073988e+01,2.070502e+01,2.082348e+01,2.072594e+01,2.070502e+01,2.075382e+01,2.068410e+01,2.067713e+01,2.069108e+01,2.077472e+01,2.076775e+01,2.076079e+01,2.071200e+01,2.079562e+01,2.080259e+01,2.078169e+01,2.071897e+01,2.073988e+01,2.079562e+01,2.076079e+01,2.078866e+01,2.069805e+01,2.065621e+01,2.076775e+01,2.081652e+01,2.079562e+01,2.071200e+01,2.069805e+01,2.076079e+01,2.080259e+01,2.070502e+01,2.075382e+01,2.073291e+01,2.070502e+01,2.083045e+01,2.065621e+01,2.080955e+01,2.065621e+01,2.071200e+01,2.067016e+01,2.067713e+01,2.069108e+01,2.082348e+01,2.070502e+01,2.067016e+01,2.069805e+01,2.075382e+01,2.068410e+01,2.075382e+01,2.076079e+01,2.074685e+01,2.069108e+01,2.071897e+01,2.067016e+01,2.067713e+01,2.080259e+01,2.075382e+01,2.073291e+01,2.077472e+01,2.068410e+01,2.076775e+01,2.086526e+01,2.083741e+01,2.080259e+01,2.084437e+01,2.068410e+01,2.073988e+01,2.078169e+01,2.068410e+01,2.076079e+01,2.065621e+01,2.067016e+01,2.075382e+01,2.057246e+01,2.075382e+01,2.071200e+01,2.069805e+01,2.072594e+01,2.079562e+01,2.079562e+01,2.082348e+01,2.059340e+01,2.083045e+01,2.067713e+01,2.062830e+01
2.087222e+01,2.075382e+01,2.069108e+01,2.063528e+01,2.057944e+01,2.057944e+01,2.052358e+01,2.068410e+01,2.078866e+01,2.071897e+01,2.062830e+01,2.053755e+01,2.077472e+01,2.062132e+01,2.066318e+01,2.069805e+01,2.066318e+01,2.068410e+01,2.066318e+01,2.062132e+01,2.069108e+01,2.064923e+01,2.063528e+01,2.064225e+01,2.065621e+01,2.063528e+01,2.069108e+01,2.067016e+01,2.057944e+01,2.062830e+01,2.058643e+01,2.063528e+01,2.051660e+01,2.062132e+01,2.059340e+01,2.068410e+01,2.064225e+01,2.064225e+01,2.061434e+01,2.066318e+01,2.064923e+01,2.064225e+01,2.061434e+01,2.062830e+01,2.062830e+01,2.057944e+01,2.071200e+01,2.055850e+01,2.062830e+01,2.065621e+01,2.070502e+01,2.060039e+01,2.069805e+01,2.062132e+01,2.074685e+01,2.063528e+01,2.071897e+01,2.065621e+01,2.057246e+01,2.072594e+01,2.058643e+01,2.066318e+01,2.063528e+01,2.067016e+01,2.062132e+01,2.075382e+01,2.055850e+01,2.057246e+01,2.074685e+01,2.072594e+01,2.067713e+01,2.057944e+01,2.063528e+01,2.065621e+01,2.062830e+01,2.064923e+01,2.072594e+01,2.071897e+01,2.062830e+01,2.064225e+01,2.056548e+01,2.066318e+01,2.056548e+01,2.062830e+01,2.061434e+01,2.064923e+01,2.066318e+01,2.067016e+01,2.062132e+01,2.062830e+01,2.056548e+01,2.059340e+01,2.054453e+01,2.060736e+01,2.062132e+01,2.051660e+01,2.069108e+01,2.069108e+01,2.067713e+01,2.055152e+01,2.062830e+01,2.060736e+01,2.046769e+01,2.055152e+01,2.046070e+01,2.061434e+01,2.060039e+01,2.059340e+01,2.055152e+01,2.055152e+01,2.051660e+01,2.051660e+01,2.064225e+01,2.054453e+01,2.048166e+01,2.058643e+01,2.061434e+01,2.064923e+01,2.052358e+01,2.073988e+01,2.056548e+01,2.062830e+01,2.055850e+01,2.062830e+01,2.062132e+01,2.064923e+01,2.056548e+01,2.065621e+01,2.064225e+01,2.063528e+01,2.054453e+01,2.063528e+01,2.064923e+01,2.057944e+01,2.058643e+01,2.056548e+01,2.069108e+01,2.072594e+01,2.067713e+01,2.068410e+01,2.070502e+01,2.071200e+01,2.071200e+01,2.070502e+01,2.069805e+01,2.073988e+01,2.083741e+01,2.072594e+01,2.070502e+01,2.070502e+01,2.074685e+01,2.072594e+01,2.069108e+01,2.076775e+01,2.078169e+01,2.070502e+01,2.067713e+01,2.068410e+01,2.069108e+01,2.069108e+01,2.078169e+01,2.062132e+01,2.064923e+01,2.064923e+01,2.071200e+01,2.071897e+01,2.067016e+01,2.072594e+01,2.071897e+01,2.064923e+01,2.061434e+01,2.062132e+01,2.060039e+01,2.062830e+01,2.055152e+01,2.060736e+01,2.072594e+01,2.069805e+01,2.061434e+01,2.073291e+01,2.073291e+01,2.074685e+01,2.067016e+01,2.066318e+01,2.070502e+01,2.069108e+01,2.064225e+01,2.069805e+01,2.074685e+01,2.071897e+01,2.065621e+01,2.050262e+01,2.069805e+01,2.050262e+01,2.066318e+01,2.060039e+01,2.056548e+01,2.064923e+01,2.067713e+01,2.067713e+01,2.071897e+01,2.067016e+01,2.071200e+01,2.071897e+01,2.071200e+01,2.079562e+01,2.073291e+01,2.071897e+01,2.064923e+01,2.063528e+01,2.061434e+01,2.060039e+01,2.065621e+01,2.064225e+01,2.061434e+01,2.065621e+01,2.066318e+01,2.064225e+01,2.065621e+01,2.074685e+01,2.062132e+01,2.048166e+01,2.053755e+01,2.049564e+01,2.056548e+01,2.058643e+01,2.055152e+01,2.061434e+01,2.053755e+01,2.057944e+01,2.060736e+01,2.062830e+01,2.061434e+01,2.059340e+01,2.072594e+01,2.066318e+01,2.060039e+01,2.062830e+01,2.071897e+01,2.063528e+01,2.066318e+01,2.060736e+01,2.060736e+01,2.068410e+01,2.071897e+01,2.067713e+01,2.067713e+01,2.073291e+01,2.067016e+01,2.071200e+01,2.065621e+01,2.060736e+01,2.069805e+01,2.076079e+01,2.064225e+01,2.063528e+01,2.062132e+01,2.063528e+01,2.057246e+01,2.075382e+01,2.057944e+01,2.062830e+01,2.075382e+01,2.075382e+01,2.067713e+01,2.067016e+01,2.070502e+01,2.069108e+01,2.067713e+01,2.057246e+01,2.071200e+01,2.057944e+01,2.055152e+01,2.060039e+01,2.062830e+01,2.070502e+01,2.066318e+01,2.067016e+01,2.062132e+01,2.057246e+01,2.059340e+01,2.062830e+01,2.055152e+01,2.064923e+01,2.056548e+01,2.057944e+01,2.055850e+01,2.048166e+01,2.066318e+01,2.061434e+01,2.077472e+01,2.060736e+01,2.057246e+01,2.056548e+01,2.062132e+01,2.059340e+01,2.058643e+01,2.068410e+01,2.060736e+01,2.070502e+01,2.072594e+01,2.064923e+01,2.069805e+01,2.071200e+01,2.060736e+01,2.062830e+01,2.067016e+01,2.060736e+01,2.067713e+01,2.051660e+01,2.062830e+01,2.057246e+01,2.062132e+01,2.064225e+01,2.063528e+01,2.069108e+01,2.062132e+01,2.064923e+01,2.055850e+01,2.062132e+01,2.060736e+01,2.063528e+01,2.053057e+01,2.050961e+01,2.063528e+01,2.055850e+01,2.064225e+01,2.062830e+01,2.056548e+01,2.067016e+01,2.062830e+01,2.069108e+01,2.062830e+01,2.064923e+01,2.057944e+01,2.055850e+01,2.066318e+01,2.062830e+01,2.050961e+01,2.054453e+01,2.060039e+01,2.053755e+01,2.053057e+01,2.062830e+01,2.057246e+01,2.054453e+01,2.062132e+01,2.062830e+01,2.054453e+01,2.053755e+01,2.054453e+01,2.052358e+01,2.053057e+01,2.062132e+01,2.065621e+01,2.064225e+01,2.071200e+01,2.067713e+01,2.062132e+01,2.067016e+01,2.053057e+01,2.059340e+01,2.062132e+01,2.063528e+01,2.062132e+01,2.061434e+01,2.062132e+01,2.058643e+01,2.068410e+01,2.070502e+01,2.066318e+01,2.064225e+01,2.064225e+01,2.069108e+01,2.064923e+01,2.060039e+01,2.066318e+01,2.054453e+01,2.063528e+01,2.057246e+01,2.060039e+01,2.065621e+01,2.063528e+01,2.067713e+01,2.065621e+01,2.066318e+01,2.075382e+01,2.071897e+01,2.070502e+01,2.072594e+01,2.064923e+01,2.057246e+01,2.062830e+01,2.062132e+01,2.064225e+01,2.064225e+01,2.064225e+01,2.063528e+01,2.062132e+01,2.060736e+01,2.063528e+01,2.063528e+01,2.066318e+01,2.064225e+01,2.067016e+01,2.064225e+01,2.064225e+01,2.065621e+01,2.064923e+01,2.060736e+01,2.069805e+01,2.064225e+01,2.069108e+01,2.064923e+01,2.067713e+01,2.071200e+01,2.075382e+01,2.069805e+01,2.064923e+01,2.072594e+01,2.076079e+01,2.069805e+01,2.079562e+01,2.062830e+01,2.062830e+01,2.078169e+01,2.063528e+01,2.073988e+01,2.067713e+01,2.073988e+01,2.064225e+01,2.065621e+01,2.068410e+01,2.073291e+01,2.066318e+01,2.067016e+01,2.068410e+01,2.069805e+01,2.067713e+01,2.072594e+01,2.067713e+01,2.070502e+01,2.069805e+01,2.067016e+01,2.073988e+01,2.061434e+01,2.078866e+01,2.076775e+01,2.078169e+01,2.069805e+01,2.071200e+01,2.066318e+01,2.072594e+01,2.073988e+01,2.067713e+01,2.073988e+01,2.076775e+01,2.080259e+01,2.076775e+01,2.069805e+01,2.068410e+01,2.070502e+01,2.073988e+01,2.074685e+01,2.074685e+01,2.078169e+01,2.080955e+01,2.070502e+01,2.069805e+01,2.069108e+01,2.075382e+01,2.077472e+01,2.071897e+01,2.065621e+01,2.078169e+01,2.071897e+01,2.081652e+01,2.068410e+01,2.070502e+01,2.069805e+01,2.067713e+01,2.082348e+01,2.077472e+01,2.069805e+01,2.067016e+01,2.068410e+01,2.075382e+01,2.067713e+01,2.067016e+01,2.074685e+01,2.068410e+01,2.071897e+01,2.069805e+01,2.069805e+01,2.070502e+01,2.074685e+01,2.073988e+01,2.076079e+01,2.075382e+01,2.073291e+01,2.077472e+01,2.075382e+01,2.081652e+01,2.073988e+01,2.072594e+01,2.061434e+01,2.067016e+01,2.062132e+01,2.079562e+01,2.073291e+01,2.076079e+01,2.073988e+01,2.071200e+01,2.076079e+01,2.076079e+01,2.072594e+01,2.078169e+01,2.078866e+01,2.069108e+01,2.064923e+01,2.071897e+01,2.067016e+01,2.078169e+01,2.064923e+01,2.067713e+01,2.069108e+01,2.080955e+01,2.080955e+01,2.085134e+01,2.078169e+01,2.072594e+01,2.076775e+01,2.080955e+01,2.083741e+01,2.083045e+01,2.092093e+01,2.076775e+01,2.072594e+01,2.062132e+01,2.082348e+01,2.074685e+01,2.076079e+01,2.076079e+01,2.070502e+01,2.071200e+01,2.069805e+01,2.075382e+01,2.078169e+01,2.072594e+01,2.073291e+01,2.071897e+01,2.073988e+01,2.070502e+01,2.073291e+01,2.078169e+01,2.082348e+01,2.081652e+01,2.071200e+01,2.082348e+01,2.086526e+01,2.069108e+01,2.076079e+01,2.069805e+01,2.076775e+01,2.061434e+01,2.076079e+01,2.067713e+01,2.076079e+01,2.080259e+01,2.080259e+01,2.076775e+01,2.075382e+01,2.072594e+01,2.071897e+01,2.075382e+01,2.095572e+01,2.076079e+01,2.069108e+01,2.078169e+01,2.084437e+01,2.076079e+01,2.078169e+01,2.071200e+01,2.074685e+01,2.072594e+01,2.069805e+01,2.069805e+01,2.076775e+01,2.071897e+01,2.080955e+01,2.061434e+01,2.076079e+01,2.071897e+01,2.064923e+01,2.068410e+01,2.069805e+01,2.068410e+01,2.067713e+01,2.069108e+01,2.071200e+01,2.073291e+01,2.065621e+01,2.073988e+01,2.085830e+01,2.085830e+01,2.081652e+01,2.076079e+01,2.071200e+01,2.071897e+01,2.069108e+01,2.067713e+01,2.071200e+01,2.071200e+01,2.067713e+01,2.067713e+01,2.073988e+01,2.083045e+01,2.080259e+01,2.073988e+01,2.079562e+01,2.063528e+01,2.067016e+01,2.069805e+01,2.080955e+01,2.077472e+01,2.063528e+01,2.079562e+01,2.071200e+01,2.067713e+01,2.078169e+01,2.070502e+01,2.059340e+01,2.079562e+01,2.083045e+01,2.081652e+01,2.078866e+01,2.065621e+01,2.058643e+01,2.086526e+01,2.085134e+01
2.076775e+01,2.067713e+01,2.086526e+01,2.077472e+01,2.064923e+01,2.067713e+01,2.064923e+01,2.078169e+01,2.070502e+01,2.070502e+01,2.081652e+01,2.065621e+01,2.068410e+01,2.061434e+01,2.075382e+01,2.064923e+01,2.058643e+01,2.064225e+01,2.062830e+01,2.064923e+01,2.067016e+01,2.062830e+01,2.067016e+01,2.064225e+01,2.059340e+01,2.061434e+01,2.069108e+01,2.067016e+01,2.054453e+01,2.067016e+01,2.064923e+01,2.067016e+01,2.067016e+01,2.068410e+01,2.066318e+01,2.063528e+01,2.069108e+01,2.057944e+01,2.071897e+01,2.063528e+01,2.067713e+01,2.064225e+01,2.077472e+01,2.062830e+01,2.065621e+01,2.062830e+01,2.062830e+01,2.064923e+01,2.073988e+01,2.062132e+01,2.064225e+01,2.070502e+01,2.071897e+01,2.069805e+01,2.072594e+01,2.061434e+01,2.063528e+01,2.066318e+01,2.064225e+01,2.060039e+01,2.067713e+01,2.064225e+01,2.069805e+01,2.065621e+01,2.066318e+01,2.071897e+01,2.069108e+01,2.078866e+01,2.074685e+01,2.063528e+01,2.056548e+01,2.062830e+01,2.061434e+01,2.055850e+01,2.061434e+01,2.067713e+01,2.062830e+01,2.067713e+01,2.061434e+01,2.058643e+01,2.067016e+01,2.083045e+01,2.069108e+01,2.066318e+01,2.062830e+01,2.055152e+01,2.065621e+01,2.058643e+01,2.060736e+01,2.050961e+01,2.056548e+01,2.055850e+01,2.055850e+01,2.064923e+01,2.066318e+01,2.055850e+01,2.079562e+01,2.063528e+01,2.069805e+01,2.065621e+01,2.067016e+01,2.073291e+01,2.064225e+01,2.063528e+01,2.059340e+01,2.048865e+01,2.059340e+01,2.051660e+01,2.059340e+01,2.058643e+01,2.064225e+01,2.077472e+01,2.055152e+01,2.053057e+01,2.061434e+01,2.062830e+01,2.061434e+01,2.065621e+01,2.067713e+01,2.065621e+01,2.054453e+01,2.057944e+01,2.064923e+01,2.060039e+01,2.067713e+01,2.060736e+01,2.060039e+01,2.054453e+01,2.055152e+01,2.059340e+01,2.069805e+01,2.062830e+01,2.065621e+01,2.055152e+01,2.069108e+01,2.057246e+01,2.069805e+01,2.070502e+01,2.085134e+01,2.068410e+01,2.073988e+01,2.079562e+01,2.079562e+01,2.077472e+01,2.083741e+01,2.081652e+01,2.072594e+01,2.073988e+01,2.073291e+01,2.073291e+01,2.075382e+01,2.075382e+01,2.074685e+01,2.079562e+01,2.067713e+01,2.064923e+01,2.080259e+01,2.068410e+01,2.068410e+01,2.068410e+01,2.065621e+01,2.062132e+01,2.071200e+01,2.067713e+01,2.071897e+01,2.067016e+01,2.073291e+01,2.072594e+01,2.069108e+01,2.069108e+01,2.067713e+01,2.076775e+01,2.082348e+01,2.072594e+01,2.064225e+01,2.071897e+01,2.067016e+01,2.074685e+01,2.064225e+01,2.082348e+01,2.065621e+01,2.066318e+01,2.073291e+01,2.071200e+01,2.064923e+01,2.083741e+01,2.070502e+01,2.062132e+01,2.071200e+01,2.073988e+01,2.068410e+01,2.062132e+01,2.064923e+01,2.067016e+01,2.064923e+01,2.067713e+01,2.060736e+01,2.067713e+01,2.070502e+01,2.067016e+01,2.066318e+01,2.064923e+01,2.067713e+01,2.071897e+01,2.072594e+01,2.064923e+01,2.070502e+01,2.083045e+01,2.068410e+01,2.068410e+01,2.071897e+01,2.060039e+01,2.065621e+01,2.061434e+01,2.065621e+01,2.070502e+01,2.071897e+01,2.068410e+01,2.050961e+01,2.062830e+01,2.056548e+01,2.050961e+01,2.047468e+01,2.050961e+01,2.062132e+01,2.053057e+01,2.052358e+01,2.064225e+01,2.055850e+01,2.061434e+01,2.057246e+01,2.055850e+01,2.064923e+01,2.064923e+01,2.062830e+01,2.060736e+01,2.061434e+01,2.061434e+01,2.056548e+01,2.072594e+01,2.063528e+01,2.064225e+01,2.067016e+01,2.064225e+01,2.067016e+01,2.069108e+01,2.060736e+01,2.071200e+01,2.064225e+01,2.061434e+01,2.060039e+01,2.062830e+01,2.057944e+01,2.066318e+01,2.061434e+01,2.061434e+01,2.072594e+01,2.062132e+01,2.053057e+01,2.062830e+01,2.064225e+01,2.063528e+01,2.064923e+01,2.069108e+01,2.069108e+01,2.066318e+01,2.071897e+01,2.069108e+01,2.063528e+01,2.071897e+01,2.062830e+01,2.064923e+01,2.068410e+01,2.067713e+01,2.073291e+01,2.059340e+01,2.055850e+01,2.062132e+01,2.059340e+01,2.060736e+01,2.066318e+01,2.058643e+01,2.046070e+01,2.062830e+01,2.063528e+01,2.064225e+01,2.065621e+01,2.066318e+01,2.062830e+01,2.065621e+01,2.076079e+01,2.059340e+01,2.060039e+01,2.069108e+01,2.070502e+01,2.064923e+01,2.065621e+01,2.065621e+01,2.069805e+01,2.062132e+01,2.072594e+01,2.062830e+01,2.072594e+01,2.067016e+01,2.068410e+01,2.067016e+01,2.056548e+01,2.060039e+01,2.071200e+01,2.057246e+01,2.060736e+01,2.067016e+01,2.061434e+01,2.064225e+01,2.064923e+01,2.063528e+01,2.069805e+01,2.069108e+01,2.061434e+01,2.071200e+01,2.064225e+01,2.063528e+01,2.061434e+01,2.067016e+01,2.068410e+01,2.066318e+01,2.059340e+01,2.057246e+01,2.071897e+01,2.064923e+01,2.068410e+01,2.067713e+01,2.051660e+01,2.065621e+01,2.063528e+01,2.060039e+01,2.067713e+01,2.056548e+01,2.064923e+01,2.063528e+01,2.062830e+01,2.062132e+01,2.060039e+01,2.059340e+01,2.053057e+01,2.059340e+01,2.076775e+01,2.071897e+01,2.055850e+01,2.055850e+01,2.055850e+01,2.060736e+01,2.060736e+01,2.059340e+01,2.062830e+01,2.062132e+01,2.071897e+01,2.064923e+01,2.062132e+01,2.064225e+01,2.067016e+01,2.067016e+01,2.064923e+01,2.060736e+01,2.065621e+01,2.059340e+01,2.066318e+01,2.070502e+01,2.068410e+01,2.071200e+01,2.064923e+01,2.057246e+01,2.060736e+01,2.060736e+01,2.069805e+01,2.066318e+01,2.059340e+01,2.069805e+01,2.062830e+01,2.076775e+01,2.060736e+01,2.075382e+01,2.071897e+01,2.061434e+01,2.068410e+01,2.064225e+01,2.071200e+01,2.065621e+01,2.070502e+01,2.066318e+01,2.073291e+01,2.067016e+01,2.061434e+01,2.057246e+01,2.067713e+01,2.060039e+01,2.061434e+01,2.060039e+01,2.062830e+01,2.064923e+01,2.094876e+01,2.066318e+01,2.065621e+01,2.064225e+01,2.065621e+01,2.065621e+01,2.064923e+01,2.064923e+01,2.068410e+01,2.067713e+01,2.069108e+01,2.068410e+01,2.068410e+01,2.080259e+01,2.069108e+01,2.072594e+01,2.076775e+01,2.075382e+01,2.071897e+01,2.076775e+01,2.068410e+01,2.067713e+01,2.069805e+01,2.071200e+01,2.077472e+01,2.065621e+01,2.077472e+01,2.075382e+01,2.073988e+01,2.064923e+01,2.069108e+01,2.069108e+01,2.069108e+01,2.067713e+01,2.067016e+01,2.069108e+01,2.068410e+01,2.083741e+01,2.062830e+01,2.067713e+01,2.066318e+01,2.066318e+01,2.069805e+01,2.060039e+01,2.073988e+01,2.068410e+01,2.067713e+01,2.081652e+01,2.082348e+01,2.071897e+01,2.078169e+01,2.083045e+01,2.078866e+01,2.065621e+01,2.067713e+01,2.063528e+01,2.063528e+01,2.071897e+01,2.073291e+01,2.071200e+01,2.078169e+01,2.071897e+01,2.075382e+01,2.073291e+01,2.073988e+01,2.084437e+01,2.084437e+01,2.069108e+01,2.071897e+01,2.077472e+01,2.078169e+01,2.067016e+01,2.068410e+01,2.073291e+01,2.074685e+01,2.071897e+01,2.076775e+01,2.073988e+01,2.083741e+01,2.075382e+01,2.067016e+01,2.087222e+01,2.068410e+01,2.083741e+01,2.078866e+01,2.071897e+01,2.085830e+01,2.076079e+01,2.065621e+01,2.070502e+01,2.077472e+01,2.068410e+01,2.070502e+01,2.073988e+01,2.077472e+01,2.076775e+01,2.071897e+01,2.076079e+01,2.075382e+01,2.072594e+01,2.075382e+01,2.057944e+01,2.080955e+01,2.062132e+01,2.073291e+01,2.081652e+01,2.067713e+01,2.074685e+01,2.073988e+01,2.073291e+01,2.069108e+01,2.071200e+01,2.074685e+01,2.074685e+01,2.057246e+01,2.078866e+01,2.076775e+01,2.080259e+01,2.078866e+01,2.066318e+01,2.069108e+01,2.069108e+01,2.071200e+01,2.082348e+01,2.072594e+01,2.067713e+01,2.067016e+01,2.071200e+01,2.081652e+01,2.076775e+01,2.075382e+01,2.082348e+01,2.076775e+01,2.076079e+01,2.071200e+01,2.078169e+01,2.076079e+01,2.071897e+01,2.073291e+01,2.083741e+01,2.076079e+01,2.079562e+01,2.077472e+01,2.076775e+01,2.071897e+01,2.080259e+01,2.073291e+01,2.069805e+01,2.079562e+01,2.082348e+01,2.073291e+01,2.078866e+01,2.073988e+01,2.072594e+01,2.071897e+01,2.074685e+01,2.086526e+01,2.072594e+01,2.096267e+01,2.081652e+01,2.072594e+01,2.068410e+01,2.066318e+01,2.077472e+01,2.071897e+01,2.076775e+01,2.082348e+01,2.067713e+01,2.073988e+01,2.078169e+01,2.071897e+01,2.073988e+01,2.078866e+01,2.072594e+01,2.074685e+01,2.075382e+01,2.067713e+01,2.072594e+01,2.086526e+01,2.081652e+01,2.076775e+01,2.075382e+01,2.082348e+01,2.078866e+01,2.068410e+01,2.071200e+01,2.071200e+01,2.055152e+01,2.067016e+01,2.067713e+01,2.064225e+01,2.067713e+01,2.068410e+01,2.069805e+01,2.072594e+01,2.076775e+01,2.070502e+01,2.056548e+01,2.067713e+01,2.071200e+01,2.067016e+01,2.076079e+01,2.078866e+01,2.076079e+01,2.074685e+01,2.075382e+01,2.076775e+01,2.063528e+01,2.067713e+01,2.085134e+01,2.064923e+01,2.069108e+01,2.067016e+01,2.067713e+01,2.061434e+01,2.070502e+01,2.085134e+01,2.087222e+01,2.085830e+01,2.085830e+01,2.078169e+01,2.083741e+01,2.081652e+01,2.073291e+01,2.067016e+01,2.078169e+01,2.080955e+01,2.075382e+01,2.058643e+01,2.071897e+01,2.073291e+01,2.076079e+01,2.071897e+01,2.064225e+01,2.075382e+01,2.058643e+01,2.062830e+01,2.079562e+01,2.077472e+01,2.083045e+01
2.067713e+01,2.068410e+01,2.070502e+01,2.085830e+01,2.064923e+01,2.076079e+01,2.073988e+01,2.078866e+01,2.069805e+01,2.067713e+01,2.069108e+01,2.061434e+01,2.075382e+01,2.062132e+01,2.062830e+01,2.071897e+01,2.062132e+01,2.071200e+01,2.070502e+01,2.065621e+01,2.065621e+01,2.072594e+01,2.062830e+01,2.071897e+01,2.066318e+01,2.064225e+01,2.066318e+01,2.058643e+01,2.068410e+01,2.080259e+01,2.063528e+01,2.064923e+01,2.069805e+01,2.064923e+01,2.067713e+01,2.068410e+01,2.067713e+01,2.070502e+01,2.069108e+01,2.066318e+01,2.060736e+01,2.058643e+01,2.075382e+01,2.065621e+01,2.068410e+01,2.069108e+01,2.066318e+01,2.065621e+01,2.067713e+01,2.076079e+01,2.068410e+01,2.076079e+01,2.067016e+01,2.073988e+01,2.069805e+01,2.062830e+01,2.064225e+01,2.073291e+01,2.064923e+01,2.078169e+01,2.060736e+01,2.071200e+01,2.073988e+01,2.073291e+01,2.080259e+01,2.073988e+01,2.068410e+01,2.071200e+01,2.069108e+01,2.069805e+01,2.066318e+01,2.062830e+01,2.073988e+01,2.065621e+01,2.064923e+01,2.070502e+01,2.073291e+01,2.068410e+01,2.064923e+01,2.062830e+01,2.071200e+01,2.074685e+01,2.062132e+01,2.063528e+01,2.071200e+01,2.064225e+01,2.062132e+01,2.053755e+01,2.066318e+01,2.056548e+01,2.076079e+01,2.066318e+01,2.066318e+01,2.064923e+01,2.067016e+01,2.062132e+01,2.071200e+01,2.061434e+01,2.069805e+01,2.072594e+01,2.064923e+01,2.077472e+01,2.059340e+01,2.069108e+01,2.064923e+01,2.059340e+01,2.056548e+01,2.067713e+01,2.066318e+01,2.065621e+01,2.075382e+01,2.067016e+01,2.067713e+01,2.064225e+01,2.064923e+01,2.067713e+01,2.059340e+01,2.071897e+01,2.054453e+01,2.057246e+01,2.067016e+01,2.067713e+01,2.062132e+01,2.060736e+01,2.055850e+01,2.060736e+01,2.055152e+01,2.058643e+01,2.057944e+01,2.060736e+01,2.060736e+01,2.066318e+01,2.063528e+01,2.054453e+01,2.055850e+01,2.071200e+01,2.071897e+01,2.073291e+01,2.074685e+01,2.086526e+01,2.083741e+01,2.084437e+01,2.082348e+01,2.071897e+01,2.077472e+01,2.069805e+01,2.076079e+01,2.084437e+01,2.075382e+01,2.068410e+01,2.074685e+01,2.076775e+01,2.070502e+01,2.076079e+01,2.077472e+01,2.066318e+01,2.072594e+01,2.070502e+01,2.064225e+01,2.067016e+01,2.063528e+01,2.064923e+01,2.067016e+01,2.069805e+01,2.065621e+01,2.067713e+01,2.067016e+01,2.069805e+01,2.061434e+01,2.076775e+01,2.073988e+01,2.076079e+01,2.083045e+01,2.060039e+01,2.072594e+01,2.069108e+01,2.071897e+01,2.076079e+01,2.078866e+01,2.069805e+01,2.064923e+01,2.073988e+01,2.071200e+01,2.080259e+01,2.083741e+01,2.065621e+01,2.080259e+01,2.067713e+01,2.076775e+01,2.068410e+01,2.075382e+01,2.065621e+01,2.072594e+01,2.072594e+01,2.067016e+01,2.067016e+01,2.071200e+01,2.068410e+01,2.073988e+01,2.067016e+01,2.069805e+01,2.072594e+01,2.073291e+01,2.070502e+01,2.075382e+01,2.076079e+01,2.076079e+01,2.078169e+01,2.071897e+01,2.063528e+01,2.073291e+01,2.071897e+01,2.071200e+01,2.070502e+01,2.072594e+01,2.071200e+01,2.064225e+01,2.065621e+01,2.070502e+01,2.050262e+01,2.057944e+01,2.066318e+01,2.063528e+01,2.055152e+01,2.061434e+01,2.052358e+01,2.057944e+01,2.063528e+01,2.054453e+01,2.054453e+01,2.057944e+01,2.064923e+01,2.057944e+01,2.066318e+01,2.064225e+01,2.060736e+01,2.063528e+01,2.064225e+01,2.062830e+01,2.062830e+01,2.062132e+01,2.057944e+01,2.069805e+01,2.062132e+01,2.070502e+01,2.068410e+01,2.067713e+01,2.066318e+01,2.067713e+01,2.064923e+01,2.062830e+01,2.061434e+01,2.059340e+01,2.069108e+01,2.063528e+01,2.062830e+01,2.061434e+01,2.062830e+01,2.060039e+01,2.062132e+01,2.060039e+01,2.060039e+01,2.060039e+01,2.067713e+01,2.073988e+01,2.069805e+01,2.066318e+01,2.065621e+01,2.071897e+01,2.069108e+01,2.075382e+01,2.067016e+01,2.069805e+01,2.057246e+01,2.058643e+01,2.061434e+01,2.060039e+01,2.059340e+01,2.057246e+01,2.064225e+01,2.074685e+01,2.065621e+01,2.062132e+01,2.073291e+01,2.067016e+01,2.065621e+01,2.066318e+01,2.063528e+01,2.060039e+01,2.065621e+01,2.073291e+01,2.057944e+01,2.059340e+01,2.062132e+01,2.067713e+01,2.059340e+01,2.064923e+01,2.060039e+01,2.065621e+01,2.062830e+01,2.071200e+01,2.064923e+01,2.060736e+01,2.066318e+01,2.067713e+01,2.067713e+01,2.048166e+01,2.069108e+01,2.064225e+01,2.066318e+01,2.057246e+01,2.057246e+01,2.066318e+01,2.053755e+01,2.056548e+01,2.066318e+01,2.060736e+01,2.067713e+01,2.068410e+01,2.071897e+01,2.062132e+01,2.063528e+01,2.059340e+01,2.071897e+01,2.062132e+01,2.057246e+01,2.064225e+01,2.071200e+01,2.066318e+01,2.056548e+01,2.063528e+01,2.064923e+01,2.055850e+01,2.063528e+01,2.064923e+01,2.068410e+01,2.074685e+01,2.069108e+01,2.072594e+01,2.065621e+01,2.062830e+01,2.062132e+01,2.068410e+01,2.061434e+01,2.060039e+01,2.060736e+01,2.069805e+01,2.057246e+01,2.069805e+01,2.057246e+01,2.060736e+01,2.062132e+01,2.062132e+01,2.067016e+01,2.060736e+01,2.063528e+01,2.064225e+01,2.067016e+01,2.063528e+01,2.063528e+01,2.065621e+01,2.064225e+01,2.064923e+01,2.064225e+01,2.067713e+01,2.061434e+01,2.067016e+01,2.052358e+01,2.071897e+01,2.067713e+01,2.064225e+01,2.060039e+01,2.064923e+01,2.059340e+01,2.062132e+01,2.069108e+01,2.077472e+01,2.060039e+01,2.062830e+01,2.065621e+01,2.066318e+01,2.065621e+01,2.062830e+01,2.071200e+01,2.064225e+01,2.072594e+01,2.068410e+01,2.068410e+01,2.064225e+01,2.071200e+01,2.068410e+01,2.074685e+01,2.074685e+01,2.068410e+01,2.067713e+01,2.067713e+01,2.063528e+01,2.063528e+01,2.064923e+01,2.064923e+01,2.063528e+01,2.067016e+01,2.057246e+01,2.064923e+01,2.063528e+01,2.064923e+01,2.067016e+01,2.069805e+01,2.072594e+01,2.070502e+01,2.069108e+01,2.068410e+01,2.069108e+01,2.073291e+01,2.080955e+01,2.076775e+01,2.077472e+01,2.073988e+01,2.075382e+01,2.077472e+01,2.070502e+01,2.068410e+01,2.066318e+01,2.068410e+01,2.069805e+01,2.078169e+01,2.078866e+01,2.073988e+01,2.070502e+01,2.066318e+01,2.070502e+01,2.071200e+01,2.069108e+01,2.068410e+01,2.069108e+01,2.069108e+01,2.067016e+01,2.073988e+01,2.071200e+01,2.070502e+01,2.069805e+01,2.072594e+01,2.068410e+01,2.070502e+01,2.071200e+01,2.075382e+01,2.076775e+01,2.069108e+01,2.068410e+01,2.082348e+01,2.067713e+01,2.066318e+01,2.067713e+01,2.080955e+01,2.078169e+01,2.069805e+01,2.067016e+01,2.077472e+01,2.071897e+01,2.079562e+01,2.065621e+01,2.077472e+01,2.064225e+01,2.078866e+01,2.071200e+01,2.069805e+01,2.078866e+01,2.076079e+01,2.085830e+01,2.072594e+01,2.073291e+01,2.080259e+01,2.069805e+01,2.076775e+01,2.079562e+01,2.080259e+01,2.073291e+01,2.072594e+01,2.073988e+01,2.075382e+01,2.072594e+01,2.087918e+01,2.074685e+01,2.074685e+01,2.075382e+01,2.069108e+01,2.087222e+01,2.077472e+01,2.072594e+01,2.073988e+01,2.068410e+01,2.075382e+01,2.078866e+01,2.076079e+01,2.078866e+01,2.074685e+01,2.072594e+01,2.073291e+01,2.071200e+01,2.073988e+01,2.080259e+01,2.074685e+01,2.075382e+01,2.079562e+01,2.077472e+01,2.076079e+01,2.068410e+01,2.067016e+01,2.071200e+01,2.078169e+01,2.071200e+01,2.078169e+01,2.072594e+01,2.070502e+01,2.071200e+01,2.072594e+01,2.069108e+01,2.067016e+01,2.070502e+01,2.067713e+01,2.072594e+01,2.072594e+01,2.070502e+01,2.068410e+01,2.083045e+01,2.066318e+01,2.066318e+01,2.080259e+01,2.079562e+01,2.078169e+01,2.076775e+01,2.077472e+01,2.076079e+01,2.076775e+01,2.079562e+01,2.078169e+01,2.083045e+01,2.080259e+01,2.077472e+01,2.074685e+01,2.076775e+01,2.086526e+01,2.077472e+01,2.072594e+01,2.071200e+01,2.078169e+01,2.079562e+01,2.071200e+01,2.071897e+01,2.067016e+01,2.067713e+01,2.078866e+01,2.076775e+01,2.069108e+01,2.070502e+01,2.082348e+01,2.076079e+01,2.082348e+01,2.080955e+01,2.079562e+01,2.076079e+01,2.067713e+01,2.074685e+01,2.078866e+01,2.074685e+01,2.069108e+01,2.072594e+01,2.080259e+01,2.075382e+01,2.069805e+01,2.076079e+01,2.075382e+01,2.077472e+01,2.074685e+01,2.066318e+01,2.083045e+01,2.080955e+01,2.087918e+01,2.067016e+01,2.068410e+01,2.071200e+01,2.086526e+01,2.078169e+01,2.076775e+01,2.073291e+01,2.069805e+01,2.070502e+01,2.082348e+01,2.067713e+01,2.080259e+01,2.068410e+01,2.070502e+01,2.071897e+01,2.073291e+01,2.071200e+01,2.078169e+01,2.074685e+01,2.078169e+01,2.067713e+01,2.070502e+01,2.069805e+01,2.068410e+01,2.076775e+01,2.077472e+01,2.077472e+01,2.076775e+01,2.076775e+01,2.080259e+01,2.069108e+01,2.080955e+01,2.077472e+01,2.066318e+01,2.064225e+01,2.071897e+01,2.071200e+01,2.071200e+01,2.080955e+01,2.090006e+01,2.077472e+01,2.076079e+01,2.081652e+01,2.071200e+01,2.079562e+01,2.071200e+01,2.068410e+01,2.074685e+01,2.079562e+01,2.073291e+01,2.071897e+01,2.076775e+01,2.073291e+01,2.074685e+01,2.071897e+01,2.077472e+01,2.070502e+01,2.073291e+01,2.078866e+01,2.077472e+01,2.081652e+01,2.084437e+01
2.072594e+01,2.089310e+01,2.073988e+01,2.065621e+01,2.069805e+01,2.069805e+01,2.072594e+01,2.073291e+01,2.083045e+01,2.064923e+01,2.078866e+01,2.076775e+01,2.073988e+01,2.074685e+01,2.072594e+01,2.080955e+01,2.083045e+01,2.073291e+01,2.063528e+01,2.066318e+01,2.086526e+01,2.073988e+01,2.075382e+01,2.077472e+01,2.062830e+01,2.075382e+01,2.069108e+01,2.067016e+01,2.073291e+01,2.081652e+01,2.071897e+01,2.080955e+01,2.065621e+01,2.067016e+01,2.069108e+01,2.070502e+01,2.071897e+01,2.054453e+01,2.056548e+01,2.071897e+01,2.067016e+01,2.064923e+01,2.060039e+01,2.061434e+01,2.065621e+01,2.071897e+01,2.070502e+01,2.067713e+01,2.055850e+01,2.069805e+01,2.068410e+01,2.076775e+01,2.087918e+01,2.067713e+01,2.062132e+01,2.062132e+01,2.076079e+01,2.067713e+01,2.060736e+01,2.062132e+01,2.075382e+01,2.073291e+01,2.067016e+01,2.067016e+01,2.070502e+01,2.057944e+01,2.070502e+01,2.067713e+01,2.069108e+01,2.065621e+01,2.078169e+01,2.069108e+01,2.069805e+01,2.071200e+01,2.069108e+01,2.067016e+01,2.060039e+01,2.069108e+01,2.064923e+01,2.064923e+01,2.075382e+01,2.076775e+01,2.056548e+01,2.058643e+01,2.064225e+01,2.072594e+01,2.064225e+01,2.065621e+01,2.080259e+01,2.059340e+01,2.063528e+01,2.059340e+01,2.070502e+01,2.062830e+01,2.063528e+01,2.068410e+01,2.066318e+01,2.073291e+01,2.068410e+01,2.073291e+01,2.064225e+01,2.071200e+01,2.072594e+01,2.064923e+01,2.064225e+01,2.066318e+01,2.057246e+01,2.069108e+01,2.062830e+01,2.065621e+01,2.068410e+01,2.048865e+01,2.064225e+01,2.064225e+01,2.058643e+01,2.064923e+01,2.063528e+01,2.064225e+01,2.075382e+01,2.058643e+01,2.070502e+01,2.058643e+01,2.074685e+01,2.063528e+01,2.050262e+01,2.060039e+01,2.064923e+01,2.064923e+01,2.072594e+01,2.066318e+01,2.058643e+01,2.062830e+01,2.052358e+01,2.068410e+01,2.058643e+01,2.057944e+01,2.071200e+01,2.073988e+01,2.068410e+01,2.069805e+01,2.076079e+01,2.083045e+01,2.084437e+01,2.069108e+01,2.076079e+01,2.080259e+01,2.071897e+01,2.088614e+01,2.073291e+01,2.076079e+01,2.071897e+01,2.071897e+01,2.076775e+01,2.074685e+01,2.077472e+01,2.065621e+01,2.078169e+01,2.063528e+01,2.064923e+01,2.064923e+01,2.063528e+01,2.067713e+01,2.064923e+01,2.077472e+01,2.076775e+01,2.066318e+01,2.071200e+01,2.069805e+01,2.058643e+01,2.069108e+01,2.063528e+01,2.073291e+01,2.075382e+01,2.067016e+01,2.073988e+01,2.082348e+01,2.068410e+01,2.085134e+01,2.080259e+01,2.080259e+01,2.064225e+01,2.080955e+01,2.077472e+01,2.078169e+01,2.073291e+01,2.078169e+01,2.086526e+01,2.082348e+01,2.075382e+01,2.076079e+01,2.077472e+01,2.073988e+01,2.070502e+01,2.072594e+01,2.076775e+01,2.072594e+01,2.080955e+01,2.084437e+01,2.070502e+01,2.076079e+01,2.081652e+01,2.071897e+01,2.075382e+01,2.070502e+01,2.074685e+01,2.071897e+01,2.072594e+01,2.076775e+01,2.080955e+01,2.076079e+01,2.073291e+01,2.072594e+01,2.066318e+01,2.072594e+01,2.068410e+01,2.069805e+01,2.065621e+01,2.072594e+01,2.064923e+01,2.071200e+01,2.078866e+01,2.077472e+01,2.063528e+01,2.062132e+01,2.069108e+01,2.063528e+01,2.058643e+01,2.062830e+01,2.060736e+01,2.056548e+01,2.056548e+01,2.056548e+01,2.056548e+01,2.057944e+01,2.063528e+01,2.065621e+01,2.072594e+01,2.065621e+01,2.071897e+01,2.061434e+01,2.061434e+01,2.062132e+01,2.062132e+01,2.081652e+01,2.069805e+01,2.063528e+01,2.069108e+01,2.065621e+01,2.064923e+01,2.064923e+01,2.060736e+01,2.059340e+01,2.067713e+01,2.057944e+01,2.061434e+01,2.060039e+01,2.058643e+01,2.059340e+01,2.060736e+01,2.057246e+01,2.065621e+01,2.069805e+01,2.069108e+01,2.071200e+01,2.068410e+01,2.064225e+01,2.070502e+01,2.074685e+01,2.056548e+01,2.070502e+01,2.069108e+01,2.068410e+01,2.064923e+01,2.064225e+01,2.073291e+01,2.062132e+01,2.065621e+01,2.064225e+01,2.070502e+01,2.065621e+01,2.069805e+01,2.064923e+01,2.059340e+01,2.067713e+01,2.061434e+01,2.057944e+01,2.060736e+01,2.062132e+01,2.061434e+01,2.062132e+01,2.061434e+01,2.057944e+01,2.076079e+01,2.058643e+01,2.064923e+01,2.060736e+01,2.069108e+01,2.058643e+01,2.067713e+01,2.064225e+01,2.070502e+01,2.065621e+01,2.071200e+01,2.066318e+01,2.067016e+01,2.067713e+01,2.067016e+01,2.069805e+01,2.055152e+01,2.072594e+01,2.069108e+01,2.065621e+01,2.066318e+01,2.067713e+01,2.066318e+01,2.065621e+01,2.067016e+01,2.068410e+01,2.067016e+01,2.060736e+01,2.057944e+01,2.063528e+01,2.061434e+01,2.062830e+01,2.073988e+01,2.067016e+01,2.071200e+01,2.055850e+01,2.071897e+01,2.069805e+01,2.067016e+01,2.065621e+01,2.064923e+01,2.062830e+01,2.067016e+01,2.064923e+01,2.064225e+01,2.060736e+01,2.069108e+01,2.067713e+01,2.066318e+01,2.066318e+01,2.062830e+01,2.062132e+01,2.060736e+01,2.075382e+01,2.067713e+01,2.056548e+01,2.058643e+01,2.071897e+01,2.062830e+01,2.062132e+01,2.066318e+01,2.064923e+01,2.066318e+01,2.061434e+01,2.068410e+01,2.066318e+01,2.066318e+01,2.067713e+01,2.068410e+01,2.065621e+01,2.063528e+01,2.067016e+01,2.064225e+01,2.062830e+01,2.070502e+01,2.056548e+01,2.060039e+01,2.069805e+01,2.052358e+01,2.070502e+01,2.072594e+01,2.069108e+01,2.064923e+01,2.071200e+01,2.063528e+01,2.059340e+01,2.063528e+01,2.070502e+01,2.060736e+01,2.062132e+01,2.067713e+01,2.073988e+01,2.071897e+01,2.072594e+01,2.070502e+01,2.072594e+01,2.071897e+01,2.071200e+01,2.070502e+01,2.069805e+01,2.069108e+01,2.072594e+01,2.067713e+01,2.071200e+01,2.075382e+01,2.077472e+01,2.064923e+01,2.064225e+01,2.068410e+01,2.068410e+01,2.068410e+01,2.067713e+01,2.065621e+01,2.080955e+01,2.068410e+01,2.069805e+01,2.069805e+01,2.070502e+01,2.067016e+01,2.069805e+01,2.062132e+01,2.069108e+01,2.071897e+01,2.071897e+01,2.072594e+01,2.071897e+01,2.071897e+01,2.076079e+01,2.076079e+01,2.075382e+01,2.067016e+01,2.075382e+01,2.077472e+01,2.074685e+01,2.067016e+01,2.076775e+01,2.075382e+01,2.072594e+01,2.065621e+01,2.073988e+01,2.070502e+01,2.070502e+01,2.076775e+01,2.073291e+01,2.076775e+01,2.078169e+01,2.077472e+01,2.073988e+01,2.071200e+01,2.081652e+01,2.073291e+01,2.070502e+01,2.074685e+01,2.078169e+01,2.076079e+01,2.075382e+01,2.078866e+01,2.079562e+01,2.079562e+01,2.065621e+01,2.077472e+01,2.079562e+01,2.079562e+01,2.063528e+01,2.076079e+01,2.065621e+01,2.069108e+01,2.068410e+01,2.068410e+01,2.075382e+01,2.072594e+01,2.086526e+01,2.078866e+01,2.087222e+01,2.069805e+01,2.072594e+01,2.077472e+01,2.078169e+01,2.078866e+01,2.076079e+01,2.078866e+01,2.078169e+01,2.081652e+01,2.081652e+01,2.072594e+01,2.076775e+01,2.070502e+01,2.068410e+01,2.086526e+01,2.073988e+01,2.076079e+01,2.073291e+01,2.083045e+01,2.071897e+01,2.072594e+01,2.072594e+01,2.066318e+01,2.073988e+01,2.076079e+01,2.079562e+01,2.076775e+01,2.076775e+01,2.080259e+01,2.076079e+01,2.069805e+01,2.070502e+01,2.076775e+01,2.078866e+01,2.076079e+01,2.077472e+01,2.082348e+01,2.077472e+01,2.068410e+01,2.078866e+01,2.073291e+01,2.077472e+01,2.069805e+01,2.077472e+01,2.065621e+01,2.062132e+01,2.075382e+01,2.081652e+01,2.082348e+01,2.076775e+01,2.078866e+01,2.081652e+01,2.080259e+01,2.075382e+01,2.076775e+01,2.068410e+01,2.083045e+01,2.074685e+01,2.066318e+01,2.072594e+01,2.074685e+01,2.073291e+01,2.076775e+01,2.074685e+01,2.070502e+01,2.076079e+01,2.092789e+01,2.082348e+01,2.078866e+01,2.081652e+01,2.070502e+01,2.074685e+01,2.080259e+01,2.076775e+01,2.078866e+01,2.078866e+01,2.076079e+01,2.072594e+01,2.068410e+01,2.076079e+01,2.071200e+01,2.077472e+01,2.070502e+01,2.077472e+01,2.073291e+01,2.064225e+01,2.073988e+01,2.067713e+01,2.071897e+01,2.077472e+01,2.082348e+01,2.083045e+01,2.083741e+01,2.085830e+01,2.083045e+01,2.083741e+01,2.074685e+01,2.078866e+01,2.065621e+01,2.075382e+01,2.076775e+01,2.073291e+01,2.078169e+01,2.072594e+01,2.069805e+01,2.073988e+01,2.073291e+01,2.071200e+01,2.070502e+01,2.093485e+01,2.073291e+01,2.078169e+01,2.078169e+01,2.076775e+01,2.078866e+01,2.074685e+01,2.074685e+01,2.072594e+01,2.075382e+01,2.071200e+01,2.069108e+01,2.069108e+01,2.069108e+01,2.070502e+01,2.083045e+01,2.071200e+01,2.064923e+01,2.079562e+01,2.077472e+01,2.079562e+01,2.072594e+01,2.080955e+01,2.073291e+01,2.070502e+01,2.069805e+01,2.086526e+01,2.073988e+01,2.077472e+01,2.078169e+01,2.078866e+01,2.069108e+01,2.076775e+01,2.076775e+01,2.080259e+01,2.066318e+01,2.071897e+01,2.068410e+01,2.073988e+01,2.070502e+01,2.073291e+01,2.076079e+01,2.079562e+01,2.074685e+01,2.082348e+01,2.074685e+01,2.076079e+01,2.077472e+01,2.075382e+01,2.067016e+01,2.076775e+01,2.071897e+01,2.068410e+01,2.064225e+01,2.061434e+01,2.071897e+01,2.068410e+01,2.072594e+01,2.078866e+01,2.076775e+01,2.067713e+01,2.075382e+01,2.060039e+01,2.058643e+01,2.080259e+01
2.049564e+01,2.072594e+01,2.073291e+01,2.073291e+01,2.050961e+01,2.070502e+01,2.083045e+01,2.072594e+01,2.044672e+01,2.078866e+01,2.075382e+01,2.069108e+01,2.064225e+01,2.071200e+01,2.076079e+01,2.061434e+01,2.078866e+01,2.069805e+01,2.064923e+01,2.067016e+01,2.067016e+01,2.076079e+01,2.067713e+01,2.064923e+01,2.083741e+01,2.073988e+01,2.055850e+01,2.067713e+01,2.073291e+01,2.068410e+01,2.071200e+01,2.064923e+01,2.065621e+01,2.068410e+01,2.071897e+01,2.070502e+01,2.065621e+01,2.069805e+01,2.061434e+01,2.071897e+01,2.058643e+01,2.066318e+01,2.067016e+01,2.068410e+01,2.064225e+01,2.069108e+01,2.068410e+01,2.069805e+01,2.077472e+01,2.062132e+01,2.071897e+01,2.066318e+01,2.067713e+01,2.070502e+01,2.072594e+01,2.061434e+01,2.065621e+01,2.069805e+01,2.057246e+01,2.061434e+01,2.066318e+01,2.070502e+01,2.071897e+01,2.075382e+01,2.068410e+01,2.069805e+01,2.059340e+01,2.067713e+01,2.070502e+01,2.072594e+01,2.069805e+01,2.066318e+01,2.067016e+01,2.076079e+01,2.071897e+01,2.067016e+01,2.065621e+01,2.084437e+01,2.064225e+01,2.077472e+01,2.080955e+01,2.068410e+01,2.064923e+01,2.069805e+01,2.064225e+01,2.057944e+01,2.068410e+01,2.076079e+01,2.065621e+01,2.068410e+01,2.058643e+01,2.076079e+01,2.062830e+01,2.073988e+01,2.064923e+01,2.066318e+01,2.064923e+01,2.071200e+01,2.066318e+01,2.066318e+01,2.067016e+01,2.043973e+01,2.072594e+01,2.060039e+01,2.079562e+01,2.055850e+01,2.062132e+01,2.055850e+01,2.068410e+01,2.069108e+01,2.073988e+01,2.067713e+01,2.065621e+01,2.064923e+01,2.064923e+01,2.061434e+01,2.068410e+01,2.065621e+01,2.067713e+01,2.064923e+01,2.075382e+01,2.074685e+01,2.053057e+01,2.068410e+01,2.057944e+01,2.060736e+01,2.050961e+01,2.058643e+01,2.058643e+01,2.058643e+01,2.057246e+01,2.057944e+01,2.053057e+01,2.047468e+01,2.051660e+01,2.060736e+01,2.074685e+01,2.071200e+01,2.072594e+01,2.073988e+01,2.068410e+01,2.083045e+01,2.077472e+01,2.080259e+01,2.079562e+01,2.071897e+01,2.074685e+01,2.079562e+01,2.081652e+01,2.090702e+01,2.073291e+01,2.072594e+01,2.075382e+01,2.077472e+01,2.066318e+01,2.065621e+01,2.071200e+01,2.073291e+01,2.069805e+01,2.065621e+01,2.065621e+01,2.066318e+01,2.080259e+01,2.076775e+01,2.069108e+01,2.065621e+01,2.068410e+01,2.072594e+01,2.057944e+01,2.067016e+01,2.076775e+01,2.078866e+01,2.067016e+01,2.078866e+01,2.076775e+01,2.076775e+01,2.073988e+01,2.076775e+01,2.079562e+01,2.080259e+01,2.076775e+01,2.078866e+01,2.073291e+01,2.075382e+01,2.078866e+01,2.072594e+01,2.083045e+01,2.080259e+01,2.080259e+01,2.075382e+01,2.076775e+01,2.075382e+01,2.076079e+01,2.076775e+01,2.070502e+01,2.070502e+01,2.067016e+01,2.069108e+01,2.083741e+01,2.085134e+01,2.071200e+01,2.082348e+01,2.071897e+01,2.077472e+01,2.075382e+01,2.073988e+01,2.076775e+01,2.078169e+01,2.076079e+01,2.065621e+01,2.073291e+01,2.071897e+01,2.070502e+01,2.072594e+01,2.069108e+01,2.073291e+01,2.070502e+01,2.071200e+01,2.069108e+01,2.053755e+01,2.074685e+01,2.055152e+01,2.053755e+01,2.063528e+01,2.055152e+01,2.053057e+01,2.061434e+01,2.059340e+01,2.067016e+01,2.060736e+01,2.055850e+01,2.067713e+01,2.056548e+01,2.055850e+01,2.060736e+01,2.067016e+01,2.063528e+01,2.063528e+01,2.065621e+01,2.064225e+01,2.061434e+01,2.062830e+01,2.062132e+01,2.062132e+01,2.064225e+01,2.064225e+01,2.055152e+01,2.062830e+01,2.066318e+01,2.059340e+01,2.063528e+01,2.065621e+01,2.064225e+01,2.064225e+01,2.058643e+01,2.060039e+01,2.061434e+01,2.055152e+01,2.067713e+01,2.060039e+01,2.054453e+01,2.053057e+01,2.063528e+01,2.052358e+01,2.053057e+01,2.062132e+01,2.072594e+01,2.060039e+01,2.054453e+01,2.069805e+01,2.076079e+01,2.068410e+01,2.067016e+01,2.064923e+01,2.073988e+01,2.063528e+01,2.062132e+01,2.066318e+01,2.070502e+01,2.066318e+01,2.052358e+01,2.073988e+01,2.059340e+01,2.067713e+01,2.067016e+01,2.060039e+01,2.060736e+01,2.067713e+01,2.064225e+01,2.063528e+01,2.067016e+01,2.062132e+01,2.062132e+01,2.062830e+01,2.061434e+01,2.070502e+01,2.060039e+01,2.066318e+01,2.066318e+01,2.068410e+01,2.062830e+01,2.070502e+01,2.067016e+01,2.063528e+01,2.064225e+01,2.064225e+01,2.057944e+01,2.071897e+01,2.062132e+01,2.058643e+01,2.058643e+01,2.063528e+01,2.064923e+01,2.057246e+01,2.064923e+01,2.072594e+01,2.067016e+01,2.069108e+01,2.056548e+01,2.059340e+01,2.057944e+01,2.056548e+01,2.061434e+01,2.065621e+01,2.069805e+01,2.062132e+01,2.067016e+01,2.069805e+01,2.071200e+01,2.056548e+01,2.064225e+01,2.066318e+01,2.071200e+01,2.062830e+01,2.064923e+01,2.065621e+01,2.071897e+01,2.064923e+01,2.063528e+01,2.068410e+01,2.066318e+01,2.067016e+01,2.067016e+01,2.071897e+01,2.060039e+01,2.070502e+01,2.069805e+01,2.063528e+01,2.061434e+01,2.069805e+01,2.059340e+01,2.064923e+01,2.067713e+01,2.071200e+01,2.064225e+01,2.060039e+01,2.062132e+01,2.066318e+01,2.078169e+01,2.068410e+01,2.069805e+01,2.067016e+01,2.064923e+01,2.064225e+01,2.071200e+01,2.060039e+01,2.064225e+01,2.060039e+01,2.064225e+01,2.071200e+01,2.063528e+01,2.064225e+01,2.064923e+01,2.061434e+01,2.066318e+01,2.065621e+01,2.067016e+01,2.067016e+01,2.068410e+01,2.063528e+01,2.062830e+01,2.060039e+01,2.062830e+01,2.071200e+01,2.075382e+01,2.067713e+01,2.067016e+01,2.069805e+01,2.072594e+01,2.070502e+01,2.071897e+01,2.072594e+01,2.059340e+01,2.057944e+01,2.062132e+01,2.075382e+01,2.076775e+01,2.078866e+01,2.069108e+01,2.065621e+01,2.065621e+01,2.066318e+01,2.078866e+01,2.065621e+01,2.071897e+01,2.062830e+01,2.069805e+01,2.064923e+01,2.073291e+01,2.069805e+01,2.073291e+01,2.070502e+01,2.081652e+01,2.070502e+01,2.080259e+01,2.073988e+01,2.071897e+01,2.076775e+01,2.074685e+01,2.071200e+01,2.070502e+01,2.074685e+01,2.069108e+01,2.075382e+01,2.072594e+01,2.076079e+01,2.072594e+01,2.074685e+01,2.073291e+01,2.067016e+01,2.071200e+01,2.073291e+01,2.072594e+01,2.069805e+01,2.072594e+01,2.069108e+01,2.071897e+01,2.071897e+01,2.071897e+01,2.070502e+01,2.076079e+01,2.069108e+01,2.068410e+01,2.068410e+01,2.072594e+01,2.059340e+01,2.074685e+01,2.075382e+01,2.067016e+01,2.073988e+01,2.071200e+01,2.073988e+01,2.077472e+01,2.077472e+01,2.077472e+01,2.064923e+01,2.064225e+01,2.078866e+01,2.067713e+01,2.072594e+01,2.067713e+01,2.077472e+01,2.084437e+01,2.083741e+01,2.070502e+01,2.074685e+01,2.076775e+01,2.083741e+01,2.079562e+01,2.067016e+01,2.083741e+01,2.073291e+01,2.071200e+01,2.074685e+01,2.071897e+01,2.076079e+01,2.071897e+01,2.087222e+01,2.089310e+01,2.072594e+01,2.076775e+01,2.080259e+01,2.066318e+01,2.077472e+01,2.069805e+01,2.085134e+01,2.075382e+01,2.076079e+01,2.067713e+01,2.073988e+01,2.072594e+01,2.071897e+01,2.078169e+01,2.073291e+01,2.069805e+01,2.069805e+01,2.069108e+01,2.064225e+01,2.069108e+01,2.077472e+01,2.077472e+01,2.083045e+01,2.080259e+01,2.077472e+01,2.060039e+01,2.067713e+01,2.064225e+01,2.069108e+01,2.064923e+01,2.077472e+01,2.073291e+01,2.065621e+01,2.075382e+01,2.079562e+01,2.079562e+01,2.076079e+01,2.078866e+01,2.080955e+01,2.073291e+01,2.073988e+01,2.077472e+01,2.080955e+01,2.073291e+01,2.076775e+01,2.071200e+01,2.064923e+01,2.071897e+01,2.067713e+01,2.084437e+01,2.071200e+01,2.070502e+01,2.073988e+01,2.076775e+01,2.091398e+01,2.080259e+01,2.084437e+01,2.071200e+01,2.072594e+01,2.075382e+01,2.076079e+01,2.077472e+01,2.074685e+01,2.078866e+01,2.085134e+01,2.071897e+01,2.066318e+01,2.071200e+01,2.069108e+01,2.082348e+01,2.076775e+01,2.062830e+01,2.063528e+01,2.067713e+01,2.085134e+01,2.069805e+01,2.076775e+01,2.073988e+01,2.069805e+01,2.063528e+01,2.078169e+01,2.079562e+01,2.074685e+01,2.086526e+01,2.080259e+01,2.076775e+01,2.071200e+01,2.082348e+01,2.070502e+01,2.077472e+01,2.070502e+01,2.076079e+01,2.067713e+01,2.070502e+01,2.067713e+01,2.072594e+01,2.076775e+01,2.071897e+01,2.067016e+01,2.075382e+01,2.069805e+01,2.069805e+01,2.076775e+01,2.066318e+01,2.084437e+01,2.068410e+01,2.076775e+01,2.080955e+01,2.069108e+01,2.073291e+01,2.066318e+01,2.066318e+01,2.073291e+01,2.064923e+01,2.075382e+01,2.068410e+01,2.070502e+01,2.076079e+01,2.070502e+01,2.068410e+01,2.083741e+01,2.076775e+01,2.080259e+01,2.076775e+01,2.081652e+01,2.078169e+01,2.077472e+01,2.078169e+01,2.073291e+01,2.075382e+01,2.076079e+01,2.069108e+01,2.066318e+01,2.068410e+01,2.078866e+01,2.068410e+01,2.074685e+01,2.076775e+01,2.075382e+01,2.090006e+01,2.070502e+01,2.069805e+01,2.071897e+01,2.071897e+01,2.080259e+01,2.069805e+01,2.073291e+01,2.069805e+01,2.070502e+01,2.069108e+01,2.069805e+01,2.069108e+01,2.071200e+01,2.078169e+01,2.066318e+01,2.068410e+01,2.062830e+01,2.060736e+01,2.072594e+01,2.075382e+01,2.080955e+01
2.071897e+01,2.092093e+01,2.072594e+01,2.075382e+01,2.078169e+01,2.067016e+01,2.083045e+01,2.073988e+01,2.082348e+01,2.064923e+01,2.086526e+01,2.078866e+01,2.083045e+01,2.066318e+01,2.073988e+01,2.076079e+01,2.067713e+01,2.077472e+01,2.079562e+01,2.083045e+01,2.065621e+01,2.071200e+01,2.056548e+01,2.072594e+01,2.053755e+01,2.080955e+01,2.083741e+01,2.063528e+01,2.062830e+01,2.072594e+01,2.055850e+01,2.070502e+01,2.069108e+01,2.068410e+01,2.079562e+01,2.072594e+01,2.074685e+01,2.070502e+01,2.069108e+01,2.067713e+01,2.059340e+01,2.064923e+01,2.056548e+01,2.066318e+01,2.070502e+01,2.069805e+01,2.072594e+01,2.076079e+01,2.078169e+01,2.075382e+01,2.083741e+01,2.064225e+01,2.065621e+01,2.081652e+01,2.067016e+01,2.068410e+01,2.068410e+01,2.074685e+01,2.064923e+01,2.077472e+01,2.069805e+01,2.074685e+01,2.071897e+01,2.072594e+01,2.062830e+01,2.071897e+01,2.065621e+01,2.071897e+01,2.069108e+01,2.074685e+01,2.064923e+01,2.077472e+01,2.072594e+01,2.071897e+01,2.066318e+01,2.074685e+01,2.080955e+01,2.067016e+01,2.071200e+01,2.074685e+01,2.079562e+01,2.074685e+01,2.073988e+01,2.066318e+01,2.076775e+01,2.080259e+01,2.062830e+01,2.064923e+01,2.064225e+01,2.076079e+01,2.075382e+01,2.072594e+01,2.074685e+01,2.072594e+01,2.075382e+01,2.068410e+01,2.080955e+01,2.075382e+01,2.083741e+01,2.073291e+01,2.064923e+01,2.073291e+01,2.079562e+01,2.069108e+01,2.068410e+01,2.054453e+01,2.057944e+01,2.057246e+01,2.069108e+01,2.070502e+01,2.072594e+01,2.068410e+01,2.062132e+01,2.068410e+01,2.081652e+01,2.065621e+01,2.068410e+01,2.066318e+01,2.069805e+01,2.061434e+01,2.071200e+01,2.076079e+01,2.073988e+01,2.069108e+01,2.063528e+01,2.073988e+01,2.063528e+01,2.068410e+01,2.067713e+01,2.064225e+01,2.058643e+01,2.056548e+01,2.064923e+01,2.064923e+01,2.067016e+01,2.066318e+01,2.072594e+01,2.075382e+01,2.078169e+01,2.076775e+01,2.083045e+01,2.078866e+01,2.083045e+01,2.078866e+01,2.081652e+01,2.075382e+01,2.074685e+01,2.076775e+01,2.076775e+01,2.073988e+01,2.069108e+01,2.073291e+01,2.078866e+01,2.069108e+01,2.077472e+01,2.076079e+01,2.073988e+01,2.067016e+01,2.067713e+01,2.070502e+01,2.074685e+01,2.081652e+01,2.070502e+01,2.067016e+01,2.067713e+01,2.066318e+01,2.072594e+01,2.080259e+01,2.078866e+01,2.073988e+01,2.074685e+01,2.059340e+01,2.078169e+01,2.076775e+01,2.072594e+01,2.071200e+01,2.073988e+01,2.079562e+01,2.080259e+01,2.076775e+01,2.081652e+01,2.073291e+01,2.081652e+01,2.073291e+01,2.073988e+01,2.083045e+01,2.086526e+01,2.085830e+01,2.078866e+01,2.083045e+01,2.075382e+01,2.074685e+01,2.076079e+01,2.080259e+01,2.073291e+01,2.076079e+01,2.071200e+01,2.082348e+01,2.076079e+01,2.068410e+01,2.084437e+01,2.081652e+01,2.080259e+01,2.073291e+01,2.076079e+01,2.078169e+01,2.082348e+01,2.078866e+01,2.075382e+01,2.083045e+01,2.073291e+01,2.067016e+01,2.073291e+01,2.074685e+01,2.073291e+01,2.076775e+01,2.079562e+01,2.073291e+01,2.073291e+01,2.078169e+01,2.069108e+01,2.055152e+01,2.060039e+01,2.062132e+01,2.055850e+01,2.053755e+01,2.061434e+01,2.064225e+01,2.068410e+01,2.066318e+01,2.067016e+01,2.057246e+01,2.067713e+01,2.066318e+01,2.061434e+01,2.057246e+01,2.069805e+01,2.052358e+01,2.067713e+01,2.062132e+01,2.065621e+01,2.066318e+01,2.065621e+01,2.071200e+01,2.064923e+01,2.064225e+01,2.057246e+01,2.061434e+01,2.061434e+01,2.057246e+01,2.069805e+01,2.070502e+01,2.069108e+01,2.060039e+01,2.069108e+01,2.073291e+01,2.064225e+01,2.063528e+01,2.065621e+01,2.053755e+01,2.060736e+01,2.057944e+01,2.060736e+01,2.065621e+01,2.067713e+01,2.060736e+01,2.063528e+01,2.056548e+01,2.061434e+01,2.079562e+01,2.071897e+01,2.078169e+01,2.076775e+01,2.067016e+01,2.065621e+01,2.068410e+01,2.064225e+01,2.066318e+01,2.064923e+01,2.067016e+01,2.065621e+01,2.072594e+01,2.067016e+01,2.057246e+01,2.063528e+01,2.064923e+01,2.064923e+01,2.060039e+01,2.062132e+01,2.067713e+01,2.064225e+01,2.063528e+01,2.073988e+01,2.069108e+01,2.079562e+01,2.071897e+01,2.064225e+01,2.064225e+01,2.066318e+01,2.058643e+01,2.080259e+01,2.071897e+01,2.067713e+01,2.072594e+01,2.064923e+01,2.070502e+01,2.071200e+01,2.064923e+01,2.066318e+01,2.072594e+01,2.080259e+01,2.068410e+01,2.066318e+01,2.080955e+01,2.064923e+01,2.067713e+01,2.065621e+01,2.068410e+01,2.072594e+01,2.062830e+01,2.067016e+01,2.073988e+01,2.067016e+01,2.077472e+01,2.078866e+01,2.063528e+01,2.071200e+01,2.054453e+01,2.071897e+01,2.060039e+01,2.062830e+01,2.068410e+01,2.064923e+01,2.064225e+01,2.063528e+01,2.064225e+01,2.057246e+01,2.060736e+01,2.063528e+01,2.064923e+01,2.067016e+01,2.067016e+01,2.068410e+01,2.066318e+01,2.072594e+01,2.067016e+01,2.064225e+01,2.075382e+01,2.067713e+01,2.070502e+01,2.062132e+01,2.074685e+01,2.067016e+01,2.074685e+01,2.070502e+01,2.076775e+01,2.081652e+01,2.073988e+01,2.067713e+01,2.073988e+01,2.067016e+01,2.069108e+01,2.067016e+01,2.062830e+01,2.072594e+01,2.060039e+01,2.067713e+01,2.085134e+01,2.076079e+01,2.073988e+01,2.073291e+01,2.070502e+01,2.070502e+01,2.074685e+01,2.066318e+01,2.079562e+01,2.066318e+01,2.065621e+01,2.059340e+01,2.068410e+01,2.071200e+01,2.071200e+01,2.074685e+01,2.073988e+01,2.069805e+01,2.074685e+01,2.070502e+01,2.075382e+01,2.061434e+01,2.070502e+01,2.069805e+01,2.073291e+01,2.073988e+01,2.073291e+01,2.073988e+01,2.078169e+01,2.075382e+01,2.073291e+01,2.062830e+01,2.080955e+01,2.067713e+01,2.072594e+01,2.065621e+01,2.067016e+01,2.069805e+01,2.073291e+01,2.069805e+01,2.080259e+01,2.076775e+01,2.076775e+01,2.072594e+01,2.071897e+01,2.070502e+01,2.071897e+01,2.076079e+01,2.072594e+01,2.077472e+01,2.072594e+01,2.070502e+01,2.067713e+01,2.071200e+01,2.069805e+01,2.077472e+01,2.074685e+01,2.071200e+01,2.069108e+01,2.077472e+01,2.074685e+01,2.074685e+01,2.069805e+01,2.068410e+01,2.071200e+01,2.071897e+01,2.071200e+01,2.071897e+01,2.069805e+01,2.073988e+01,2.073291e+01,2.080259e+01,2.071200e+01,2.073988e+01,2.078169e+01,2.087918e+01,2.065621e+01,2.067713e+01,2.074685e+01,2.081652e+01,2.076079e+01,2.075382e+01,2.068410e+01,2.080955e+01,2.068410e+01,2.078866e+01,2.074685e+01,2.073291e+01,2.067713e+01,2.071897e+01,2.076775e+01,2.078866e+01,2.066318e+01,2.067713e+01,2.065621e+01,2.071200e+01,2.069108e+01,2.070502e+01,2.072594e+01,2.073291e+01,2.085830e+01,2.074685e+01,2.078866e+01,2.078169e+01,2.071200e+01,2.074685e+01,2.076079e+01,2.072594e+01,2.084437e+01,2.076775e+01,2.070502e+01,2.080955e+01,2.070502e+01,2.072594e+01,2.087918e+01,2.077472e+01,2.072594e+01,2.075382e+01,2.083045e+01,2.083741e+01,2.074685e+01,2.067713e+01,2.073291e+01,2.071200e+01,2.067713e+01,2.080259e+01,2.072594e+01,2.083045e+01,2.076775e+01,2.061434e+01,2.086526e+01,2.071200e+01,2.071200e+01,2.076775e+01,2.073291e+01,2.077472e+01,2.073291e+01,2.069108e+01,2.076775e+01,2.078866e+01,2.070502e+01,2.073988e+01,2.071200e+01,2.076775e+01,2.064225e+01,2.075382e+01,2.083045e+01,2.064923e+01,2.077472e+01,2.076775e+01,2.067016e+01,2.076775e+01,2.069108e+01,2.081652e+01,2.081652e+01,2.105999e+01,2.077472e+01,2.073988e+01,2.077472e+01,2.073291e+01,2.071897e+01,2.071200e+01,2.088614e+01,2.077472e+01,2.080955e+01,2.089310e+01,2.080955e+01,2.077472e+01,2.073988e+01,2.078866e+01,2.064225e+01,2.076775e+01,2.082348e+01,2.079562e+01,2.063528e+01,2.081652e+01,2.069805e+01,2.073291e+01,2.077472e+01,2.074685e+01,2.069108e+01,2.078169e+01,2.082348e+01,2.084437e+01,2.071897e+01,2.066318e+01,2.076775e+01,2.081652e+01,2.073291e+01,2.075382e+01,2.083045e+01,2.083741e+01,2.075382e+01,2.071897e+01,2.084437e+01,2.075382e+01,2.080955e+01,2.066318e+01,2.076079e+01,2.078169e+01,2.081652e+01,2.070502e+01,2.076775e+01,2.072594e+01,2.066318e+01,2.082348e+01,2.075382e+01,2.076079e+01,2.061434e+01,2.085134e+01,2.078866e+01,2.078866e+01,2.077472e+01,2.073291e+01,2.068410e+01,2.075382e+01,2.078169e+01,2.084437e+01,2.076079e+01,2.071897e+01,2.069108e+01,2.074685e+01,2.067016e+01,2.069108e+01,2.064225e+01,2.064923e+01,2.069805e+01,2.079562e+01,2.084437e+01,2.070502e+01,2.068410e+01,2.076775e+01,2.071200e+01,2.071200e+01,2.079562e+01,2.079562e+01,2.080955e+01,2.079562e+01,2.055850e+01,2.076775e+01,2.069805e+01,2.066318e+01,2.077472e+01,2.081652e+01,2.058643e+01,2.081652e+01,2.070502e+01,2.076775e+01,2.073988e+01,2.075382e+01,2.069805e+01,2.075382e+01,2.076775e+01,2.068410e+01,2.077472e+01,2.062132e+01,2.074685e+01,2.076775e+01,2.071200e+01,2.067016e+01,2.067016e+01,2.068410e+01,2.069805e+01,2.066318e+01,2.072594e+01,2.080955e+01,2.073988e+01,2.083045e+01,2.066318e+01,2.066318e+01,2.080955e+01,2.083741e+01,2.082348e+01
2.071897e+01,2.076079e+01,2.076079e+01,2.077472e+01,2.078169e+01,2.076079e+01,2.077472e+01,2.071897e+01,2.071897e+01,2.078169e+01,2.067016e+01,2.077472e+01,2.089310e+01,2.075382e+01,2.071200e+01,2.073988e+01,2.075382e+01,2.067016e+01,2.084437e+01,2.067713e+01,2.074685e+01,2.075382e+01,2.077472e+01,2.074685e+01,2.065621e+01,2.077472e+01,2.067016e+01,2.073291e+01,2.072594e+01,2.073291e+01,2.080955e+01,2.072594e+01,2.074685e+01,2.071897e+01,2.084437e+01,2.081652e+01,2.068410e+01,2.071897e+01,2.071200e+01,2.073291e+01,2.069805e+01,2.066318e+01,2.069108e+01,2.073988e+01,2.068410e+01,2.083045e+01,2.071200e+01,2.064225e+01,2.079562e+01,2.072594e+01,2.073291e+01,2.071200e+01,2.085134e+01,2.077472e+01,2.065621e+01,2.076079e+01,2.055850e+01,2.071200e+01,2.062132e+01,2.072594e+01,2.067713e+01,2.067713e+01,2.067713e+01,2.055850e+01,2.077472e+01,2.071897e+01,2.071200e+01,2.068410e+01,2.071200e+01,2.069805e+01,2.072594e+01,2.071200e+01,2.068410e+01,2.067713e+01,2.077472e+01,2.062132e+01,2.073988e+01,2.067016e+01,2.075382e+01,2.078866e+01,2.073988e+01,2.073291e+01,2.065621e+01,2.069805e+01,2.075382e+01,2.069805e+01,2.078866e+01,2.076079e+01,2.082348e+01,2.064923e+01,2.083741e+01,2.075382e+01,2.073988e+01,2.082348e+01,2.066318e+01,2.080259e+01,2.073291e+01,2.076079e+01,2.073988e+01,2.075382e+01,2.076079e+01,2.071897e+01,2.073988e+01,2.080259e+01,2.068410e+01,2.076079e+01,2.059340e+01,2.060736e+01,2.071897e+01,2.071897e+01,2.064923e+01,2.061434e+01,2.079562e+01,2.060736e+01,2.075382e+01,2.072594e+01,2.067713e+01,2.069108e+01,2.067016e+01,2.067016e+01,2.064923e+01,2.071200e+01,2.062132e+01,2.076775e+01,2.068410e+01,2.066318e+01,2.063528e+01,2.055850e+01,2.057246e+01,2.065621e+01,2.061434e+01,2.061434e+01,2.062132e+01,2.070502e+01,2.075382e+01,2.068410e+01,2.073291e+01,2.083045e+01,2.072594e+01,2.071897e+01,2.072594e+01,2.081652e+01,2.080259e+01,2.073988e+01,2.072594e+01,2.083741e+01,2.074685e+01,2.076775e+01,2.078169e+01,2.073988e+01,2.071897e+01,2.071897e+01,2.071200e+01,2.077472e+01,2.073988e+01,2.071200e+01,2.073291e+01,2.069108e+01,2.064923e+01,2.076775e+01,2.080955e+01,2.078169e+01,2.073988e+01,2.071897e+01,2.076775e+01,2.079562e+01,2.070502e+01,2.067016e+01,2.069108e+01,2.073988e+01,2.074685e+01,2.071897e+01,2.078866e+01,2.080955e+01,2.076775e+01,2.077472e+01,2.078866e+01,2.075382e+01,2.078169e+01,2.083045e+01,2.072594e+01,2.083045e+01,2.086526e+01,2.076775e+01,2.081652e+01,2.083045e+01,2.078866e+01,2.083045e+01,2.082348e+01,2.078169e+01,2.073988e+01,2.073988e+01,2.077472e+01,2.074685e+01,2.075382e+01,2.078866e+01,2.071200e+01,2.080259e+01,2.083045e+01,2.074685e+01,2.083045e+01,2.079562e+01,2.075382e+01,2.078866e+01,2.077472e+01,2.073291e+01,2.079562e+01,2.079562e+01,2.064225e+01,2.074685e+01,2.072594e+01,2.071897e+01,2.068410e+01,2.064225e+01,2.067016e+01,2.065621e+01,2.073291e+01,2.078866e+01,2.069805e+01,2.079562e+01,2.073291e+01,2.069108e+01,2.076775e+01,2.074685e+01,2.078169e+01,2.065621e+01,2.060039e+01,2.055152e+01,2.060736e+01,2.060039e+01,2.055850e+01,2.057944e+01,2.067713e+01,2.057944e+01,2.067016e+01,2.061434e+01,2.063528e+01,2.064923e+01,2.062132e+01,2.064225e+01,2.069108e+01,2.076079e+01,2.063528e+01,2.071200e+01,2.067713e+01,2.065621e+01,2.062132e+01,2.067016e+01,2.071200e+01,2.060039e+01,2.072594e+01,2.066318e+01,2.067713e+01,2.077472e+01,2.060736e+01,2.059340e+01,2.069108e+01,2.051660e+01,2.068410e+01,2.061434e+01,2.065621e+01,2.067016e+01,2.063528e+01,2.057944e+01,2.068410e+01,2.060736e+01,2.065621e+01,2.053057e+01,2.053755e+01,2.064225e+01,2.087222e+01,2.071200e+01,2.076775e+01,2.065621e+01,2.064225e+01,2.064923e+01,2.064923e+01,2.068410e+01,2.067016e+01,2.067713e+01,2.066318e+01,2.073291e+01,2.070502e+01,2.066318e+01,2.065621e+01,2.064923e+01,2.071200e+01,2.067713e+01,2.063528e+01,2.067713e+01,2.067016e+01,2.067713e+01,2.078169e+01,2.073988e+01,2.065621e+01,2.070502e+01,2.069805e+01,2.068410e+01,2.069805e+01,2.071200e+01,2.070502e+01,2.068410e+01,2.070502e+01,2.070502e+01,2.065621e+01,2.074685e+01,2.071200e+01,2.073988e+01,2.064923e+01,2.067713e+01,2.069108e+01,2.060736e+01,2.071897e+01,2.074685e+01,2.073291e+01,2.069108e+01,2.067016e+01,2.076775e+01,2.068410e+01,2.076079e+01,2.071200e+01,2.072594e+01,2.060736e+01,2.058643e+01,2.076079e+01,2.064225e+01,2.073291e+01,2.072594e+01,2.071897e+01,2.073988e+01,2.069805e+01,2.070502e+01,2.064923e+01,2.066318e+01,2.072594e+01,2.069805e+01,2.065621e+01,2.068410e+01,2.067713e+01,2.064923e+01,2.068410e+01,2.073988e+01,2.068410e+01,2.067713e+01,2.066318e+01,2.067016e+01,2.071897e+01,2.067016e+01,2.073291e+01,2.065621e+01,2.068410e+01,2.072594e+01,2.079562e+01,2.067713e+01,2.077472e+01,2.083741e+01,2.057944e+01,2.064225e+01,2.076775e+01,2.076775e+01,2.075382e+01,2.068410e+01,2.085134e+01,2.074685e+01,2.069108e+01,2.078169e+01,2.073988e+01,2.071200e+01,2.077472e+01,2.078866e+01,2.073291e+01,2.066318e+01,2.072594e+01,2.065621e+01,2.078169e+01,2.077472e+01,2.063528e+01,2.051660e+01,2.064923e+01,2.072594e+01,2.075382e+01,2.074685e+01,2.080259e+01,2.092093e+01,2.071897e+01,2.074685e+01,2.077472e+01,2.075382e+01,2.076079e+01,2.062132e+01,2.073988e+01,2.063528e+01,2.072594e+01,2.074685e+01,2.074685e+01,2.074685e+01,2.074685e+01,2.088614e+01,2.069108e+01,2.072594e+01,2.067016e+01,2.076775e+01,2.071200e+01,2.072594e+01,2.072594e+01,2.069805e+01,2.069108e+01,2.072594e+01,2.075382e+01,2.074685e+01,2.071897e+01,2.073291e+01,2.071897e+01,2.073988e+01,2.073988e+01,2.071200e+01,2.073988e+01,2.073988e+01,2.080955e+01,2.076079e+01,2.070502e+01,2.065621e+01,2.071897e+01,2.069805e+01,2.071200e+01,2.069108e+01,2.075382e+01,2.067016e+01,2.069805e+01,2.074685e+01,2.069805e+01,2.076079e+01,2.074685e+01,2.070502e+01,2.073988e+01,2.074685e+01,2.073291e+01,2.072594e+01,2.071897e+01,2.072594e+01,2.080955e+01,2.073291e+01,2.071897e+01,2.070502e+01,2.082348e+01,2.071897e+01,2.076079e+01,2.070502e+01,2.076079e+01,2.069805e+01,2.075382e+01,2.078169e+01,2.080259e+01,2.079562e+01,2.073988e+01,2.078866e+01,2.078169e+01,2.073291e+01,2.079562e+01,2.078169e+01,2.070502e+01,2.067713e+01,2.072594e+01,2.070502e+01,2.072594e+01,2.073988e+01,2.070502e+01,2.087222e+01,2.081652e+01,2.084437e+01,2.078169e+01,2.076775e+01,2.076079e+01,2.076079e+01,2.071897e+01,2.076079e+01,2.073291e+01,2.085134e+01,2.086526e+01,2.076775e+01,2.078169e+01,2.080259e+01,2.072594e+01,2.078866e+01,2.069108e+01,2.066318e+01,2.064923e+01,2.075382e+01,2.077472e+01,2.073291e+01,2.069805e+01,2.078866e+01,2.071897e+01,2.078866e+01,2.076079e+01,2.077472e+01,2.084437e+01,2.071897e+01,2.076775e+01,2.083045e+01,2.076079e+01,2.076079e+01,2.083045e+01,2.077472e+01,2.080955e+01,2.078169e+01,2.065621e+01,2.071897e+01,2.078866e+01,2.077472e+01,2.074685e+01,2.076079e+01,2.080259e+01,2.078866e+01,2.079562e+01,2.073291e+01,2.079562e+01,2.071897e+01,2.076775e+01,2.081652e+01,2.075382e+01,2.079562e+01,2.077472e+01,2.075382e+01,2.076079e+01,2.081652e+01,2.078169e+01,2.073291e+01,2.072594e+01,2.071200e+01,2.083741e+01,2.092789e+01,2.076079e+01,2.083741e+01,2.075382e+01,2.082348e+01,2.073291e+01,2.085134e+01,2.080259e+01,2.083741e+01,2.079562e+01,2.083045e+01,2.073291e+01,2.083045e+01,2.074685e+01,2.069108e+01,2.080259e+01,2.075382e+01,2.078169e+01,2.078866e+01,2.080259e+01,2.065621e+01,2.076079e+01,2.068410e+01,2.080955e+01,2.080259e+01,2.071897e+01,2.088614e+01,2.062132e+01,2.078866e+01,2.071200e+01,2.086526e+01,2.078866e+01,2.072594e+01,2.073291e+01,2.070502e+01,2.085830e+01,2.065621e+01,2.073988e+01,2.073988e+01,2.075382e+01,2.078866e+01,2.071200e+01,2.081652e+01,2.074685e+01,2.074685e+01,2.075382e+01,2.076079e+01,2.076775e+01,2.069805e+01,2.073291e+01,2.073988e+01,2.075382e+01,2.071897e+01,2.069805e+01,2.081652e+01,2.066318e+01,2.071200e+01,2.078169e+01,2.077472e+01,2.071200e+01,2.085830e+01,2.075382e+01,2.069108e+01,2.080955e+01,2.081652e+01,2.072594e+01,2.073291e+01,2.070502e+01,2.078169e+01,2.071897e+01,2.074685e+01,2.083045e+01,2.063528e+01,2.078169e+01,2.059340e+01,2.058643e+01,2.066318e+01,2.073988e+01,2.078169e+01,2.081652e+01,2.073988e+01,2.082348e+01,2.082348e+01,2.071200e+01,2.070502e+01,2.075382e+01,2.071897e+01,2.073988e+01,2.076079e+01,2.076775e+01,2.076775e+01,2.074685e+01,2.072594e+01,2.073988e+01,2.069108e+01,2.099048e+01,2.072594e+01,2.067713e+01,2.086526e+01,2.078866e+01,2.071897e+01,2.084437e+01,2.073988e+01,2.067016e+01,2.068410e+01,2.060039e+01,2.077472e+01,2.063528e+01,2.089310e+01
2.071200e+01,2.077472e+01,2.076775e+01,2.076079e+01,2.064225e+01,2.077472e+01,2.074685e+01,2.075382e+01,2.078169e+01,2.077472e+01,2.082348e+01,2.075382e+01,2.082348e+01,2.073988e+01,2.076079e+01,2.095572e+01,2.078866e+01,2.077472e+01,2.065621e+01,2.077472e+01,2.069108e+01,2.078169e+01,2.078169e+01,2.072594e+01,2.071200e+01,2.079562e+01,2.067713e+01,2.072594e+01,2.070502e+01,2.068410e+01,2.064923e+01,2.083741e+01,2.076079e+01,2.075382e+01,2.083741e+01,2.083045e+01,2.071200e+01,2.068410e+01,2.071897e+01,2.068410e+01,2.073291e+01,2.070502e+01,2.071897e+01,2.073291e+01,2.067016e+01,2.072594e+01,2.074685e+01,2.080259e+01,2.054453e+01,2.078169e+01,2.070502e+01,2.064225e+01,2.082348e+01,2.077472e+01,2.077472e+01,2.068410e+01,2.065621e+01,2.074685e+01,2.070502e+01,2.069805e+01,2.074685e+01,2.073988e+01,2.066318e+01,2.073988e+01,2.071200e+01,2.070502e+01,2.083045e+01,2.071897e+01,2.081652e+01,2.070502e+01,2.076079e+01,2.078169e+01,2.077472e+01,2.071200e+01,2.077472e+01,2.078866e+01,2.068410e+01,2.078169e+01,2.076775e+01,2.075382e+01,2.080955e+01,2.091398e+01,2.077472e+01,2.065621e+01,2.073291e+01,2.064923e+01,2.071200e+01,2.069805e+01,2.069108e+01,2.072594e+01,2.073988e+01,2.072594e+01,2.073988e+01,2.070502e+01,2.061434e+01,2.075382e+01,2.074685e+01,2.073988e+01,2.081652e+01,2.070502e+01,2.079562e+01,2.075382e+01,2.073291e+01,2.062830e+01,2.066318e+01,2.061434e+01,2.067016e+01,2.058643e+01,2.073291e+01,2.075382e+01,2.054453e+01,2.064225e+01,2.065621e+01,2.066318e+01,2.072594e+01,2.077472e+01,2.069805e+01,2.080259e+01,2.062830e+01,2.067016e+01,2.083045e+01,2.060736e+01,2.078866e+01,2.073988e+01,2.068410e+01,2.051660e+01,2.060039e+01,2.064923e+01,2.056548e+01,2.062830e+01,2.074685e+01,2.060736e+01,2.077472e+01,2.061434e+01,2.061434e+01,2.070502e+01,2.070502e+01,2.078169e+01,2.070502e+01,2.083045e+01,2.074685e+01,2.083045e+01,2.078169e+01,2.085134e+01,2.079562e+01,2.087222e+01,2.077472e+01,2.080955e+01,2.076775e+01,2.084437e+01,2.067713e+01,2.071200e+01,2.077472e+01,2.084437e+01,2.073291e+01,2.084437e+01,2.064923e+01,2.073988e+01,2.067016e+01,2.068410e+01,2.066318e+01,2.076079e+01,2.073988e+01,2.071200e+01,2.068410e+01,2.073291e+01,2.079562e+01,2.074685e+01,2.083045e+01,2.082348e+01,2.082348e+01,2.080955e+01,2.073291e+01,2.071200e+01,2.081652e+01,2.078169e+01,2.078169e+01,2.078169e+01,2.072594e+01,2.073988e+01,2.073988e+01,2.075382e+01,2.074685e+01,2.085134e+01,2.089310e+01,2.083741e+01,2.079562e+01,2.078866e+01,2.083045e+01,2.077472e+01,2.078169e+01,2.076079e+01,2.078169e+01,2.074685e+01,2.082348e+01,2.078866e+01,2.078866e+01,2.072594e+01,2.076775e+01,2.083045e+01,2.073291e+01,2.071897e+01,2.080955e+01,2.077472e+01,2.073988e+01,2.070502e+01,2.081652e+01,2.078169e+01,2.069805e+01,2.069805e+01,2.070502e+01,2.072594e+01,2.069108e+01,2.069108e+01,2.069108e+01,2.070502e+01,2.080955e+01,2.078169e+01,2.080259e+01,2.076775e+01,2.077472e+01,2.070502e+01,2.077472e+01,2.062830e+01,2.064225e+01,2.061434e+01,2.057246e+01,2.061434e+01,2.057944e+01,2.055850e+01,2.063528e+01,2.062132e+01,2.067713e+01,2.061434e+01,2.067016e+01,2.058643e+01,2.058643e+01,2.071200e+01,2.065621e+01,2.062132e+01,2.067016e+01,2.062132e+01,2.064225e+01,2.073988e+01,2.069805e+01,2.067016e+01,2.059340e+01,2.067016e+01,2.055152e+01,2.065621e+01,2.060039e+01,2.063528e+01,2.061434e+01,2.066318e+01,2.062132e+01,2.062132e+01,2.063528e+01,2.064923e+01,2.061434e+01,2.059340e+01,2.064225e+01,2.063528e+01,2.070502e+01,2.066318e+01,2.064225e+01,2.059340e+01,2.068410e+01,2.053057e+01,2.051660e+01,2.053755e+01,2.059340e+01,2.071200e+01,2.064923e+01,2.069108e+01,2.065621e+01,2.078866e+01,2.070502e+01,2.069108e+01,2.064225e+01,2.068410e+01,2.064923e+01,2.073291e+01,2.070502e+01,2.076079e+01,2.069108e+01,2.069805e+01,2.064923e+01,2.063528e+01,2.069805e+01,2.067713e+01,2.067713e+01,2.070502e+01,2.076079e+01,2.076079e+01,2.080259e+01,2.069805e+01,2.069108e+01,2.065621e+01,2.061434e+01,2.071897e+01,2.071200e+01,2.063528e+01,2.069805e+01,2.059340e+01,2.070502e+01,2.067016e+01,2.062830e+01,2.074685e+01,2.066318e+01,2.066318e+01,2.067713e+01,2.069108e+01,2.071897e+01,2.060736e+01,2.067016e+01,2.073988e+01,2.067713e+01,2.069108e+01,2.073988e+01,2.065621e+01,2.078169e+01,2.073988e+01,2.069108e+01,2.073988e+01,2.072594e+01,2.071897e+01,2.072594e+01,2.071897e+01,2.073988e+01,2.071897e+01,2.063528e+01,2.067016e+01,2.067713e+01,2.053755e+01,2.073291e+01,2.073291e+01,2.069108e+01,2.069108e+01,2.061434e+01,2.072594e+01,2.067713e+01,2.068410e+01,2.067016e+01,2.069805e+01,2.067713e+01,2.070502e+01,2.069108e+01,2.073291e+01,2.074685e+01,2.067713e+01,2.065621e+01,2.067713e+01,2.079562e+01,2.072594e+01,2.064923e+01,2.069805e+01,2.078866e+01,2.066318e+01,2.074685e+01,2.069805e+01,2.074685e+01,2.070502e+01,2.076775e+01,2.069805e+01,2.069805e+01,2.067713e+01,2.094180e+01,2.062830e+01,2.073291e+01,2.076079e+01,2.069805e+01,2.070502e+01,2.067016e+01,2.066318e+01,2.067713e+01,2.065621e+01,2.068410e+01,2.068410e+01,2.067016e+01,2.069805e+01,2.067713e+01,2.064923e+01,2.073291e+01,2.073988e+01,2.076079e+01,2.074685e+01,2.062830e+01,2.074685e+01,2.071200e+01,2.078866e+01,2.073988e+01,2.070502e+01,2.071200e+01,2.065621e+01,2.073291e+01,2.071200e+01,2.075382e+01,2.068410e+01,2.065621e+01,2.067713e+01,2.070502e+01,2.066318e+01,2.069108e+01,2.068410e+01,2.071200e+01,2.074685e+01,2.078169e+01,2.081652e+01,2.071897e+01,2.074685e+01,2.073988e+01,2.076079e+01,2.083045e+01,2.079562e+01,2.077472e+01,2.074685e+01,2.069805e+01,2.080259e+01,2.070502e+01,2.069108e+01,2.075382e+01,2.071200e+01,2.076079e+01,2.069108e+01,2.071897e+01,2.076079e+01,2.076079e+01,2.073291e+01,2.076079e+01,2.076079e+01,2.070502e+01,2.070502e+01,2.071897e+01,2.069805e+01,2.072594e+01,2.070502e+01,2.071897e+01,2.082348e+01,2.071897e+01,2.070502e+01,2.076775e+01,2.071200e+01,2.060039e+01,2.072594e+01,2.076079e+01,2.067713e+01,2.071897e+01,2.072594e+01,2.071897e+01,2.069108e+01,2.095572e+01,2.083741e+01,2.074685e+01,2.080259e+01,2.074685e+01,2.083045e+01,2.077472e+01,2.075382e+01,2.074685e+01,2.074685e+01,2.067016e+01,2.070502e+01,2.076775e+01,2.073988e+01,2.071200e+01,2.072594e+01,2.078866e+01,2.074685e+01,2.082348e+01,2.071200e+01,2.081652e+01,2.076775e+01,2.082348e+01,2.077472e+01,2.074685e+01,2.079562e+01,2.087918e+01,2.086526e+01,2.079562e+01,2.078866e+01,2.078169e+01,2.093485e+01,2.068410e+01,2.067016e+01,2.074685e+01,2.071897e+01,2.067016e+01,2.084437e+01,2.074685e+01,2.077472e+01,2.073988e+01,2.077472e+01,2.082348e+01,2.081652e+01,2.080259e+01,2.084437e+01,2.073988e+01,2.072594e+01,2.080259e+01,2.086526e+01,2.081652e+01,2.078866e+01,2.078866e+01,2.074685e+01,2.078866e+01,2.078169e+01,2.070502e+01,2.073988e+01,2.074685e+01,2.072594e+01,2.082348e+01,2.078169e+01,2.080955e+01,2.079562e+01,2.079562e+01,2.080259e+01,2.078169e+01,2.073291e+01,2.074685e+01,2.069805e+01,2.069108e+01,2.078169e+01,2.075382e+01,2.077472e+01,2.073988e+01,2.069108e+01,2.084437e+01,2.074685e+01,2.078866e+01,2.073291e+01,2.073291e+01,2.073291e+01,2.070502e+01,2.092093e+01,2.075382e+01,2.076775e+01,2.079562e+01,2.085830e+01,2.075382e+01,2.083045e+01,2.074685e+01,2.083045e+01,2.071200e+01,2.071897e+01,2.080955e+01,2.085134e+01,2.081652e+01,2.073988e+01,2.076775e+01,2.071200e+01,2.088614e+01,2.078866e+01,2.078866e+01,2.081652e+01,2.080259e+01,2.069108e+01,2.073988e+01,2.072594e+01,2.068410e+01,2.085830e+01,2.078169e+01,2.076079e+01,2.078866e+01,2.085134e+01,2.069805e+01,2.083045e+01,2.087918e+01,2.083045e+01,2.078866e+01,2.071897e+01,2.078866e+01,2.073988e+01,2.083741e+01,2.086526e+01,2.081652e+01,2.069805e+01,2.080955e+01,2.080955e+01,2.074685e+01,2.090006e+01,2.071897e+01,2.086526e+01,2.086526e+01,2.078866e+01,2.083045e+01,2.057944e+01,2.076079e+01,2.092093e+01,2.071200e+01,2.090702e+01,2.074685e+01,2.073988e+01,2.074685e+01,2.077472e+01,2.076775e+01,2.073988e+01,2.075382e+01,2.071897e+01,2.071897e+01,2.079562e+01,2.065621e+01,2.073291e+01,2.076775e+01,2.073988e+01,2.067016e+01,2.058643e+01,2.087918e+01,2.071200e+01,2.068410e+01,2.069805e+01,2.076079e+01,2.081652e+01,2.078866e+01,2.072594e+01,2.077472e+01,2.070502e+01,2.070502e+01,2.058643e+01,2.083045e+01,2.062830e+01,2.069108e+01,2.092789e+01,2.076775e+01,2.067713e+01,2.068410e+01,2.074685e+01,2.069805e+01,2.066318e+01,2.087222e+01,2.065621e+01,2.081652e+01,2.078169e+01,2.077472e+01,2.079562e+01,2.077472e+01,2.081652e+01,2.081652e+01,2.077472e+01,2.070502e+01,2.076775e+01
2.080955e+01,2.078866e+01,2.070502e+01,2.076775e+01,2.076079e+01,2.087222e+01,2.075382e+01,2.073988e+01,2.084437e+01,2.078169e+01,2.071200e+01,2.083741e+01,2.071200e+01,2.080955e+01,2.082348e+01,2.074685e+01,2.071897e+01,2.076775e+01,2.082348e+01,2.064923e+01,2.069805e+01,2.075382e+01,2.073988e+01,2.063528e+01,2.071897e+01,2.074685e+01,2.065621e+01,2.069108e+01,2.069108e+01,2.069108e+01,2.076775e+01,2.071897e+01,2.081652e+01,2.072594e+01,2.075382e+01,2.078866e+01,2.078866e+01,2.069108e+01,2.062132e+01,2.067016e+01,2.070502e+01,2.069108e+01,2.067713e+01,2.067713e+01,2.076775e+01,2.068410e+01,2.080259e+01,2.071200e+01,2.083045e+01,2.082348e+01,2.076079e+01,2.073291e+01,2.057246e+01,2.066318e+01,2.070502e+01,2.067016e+01,2.069108e+01,2.076775e+01,2.073291e+01,2.071200e+01,2.068410e+01,2.071200e+01,2.069805e+01,2.076775e+01,2.071897e+01,2.079562e+01,2.085134e+01,2.078169e+01,2.070502e+01,2.072594e+01,2.071897e+01,2.068410e+01,2.077472e+01,2.076775e+01,2.066318e+01,2.062830e+01,2.070502e+01,2.069805e+01,2.073291e+01,2.071897e+01,2.074685e+01,2.076079e+01,2.072594e+01,2.065621e+01,2.079562e+01,2.081652e+01,2.065621e+01,2.076775e+01,2.064225e+01,2.068410e+01,2.065621e+01,2.068410e+01,2.072594e+01,2.069805e+01,2.073988e+01,2.057944e+01,2.080955e+01,2.075382e+01,2.072594e+01,2.075382e+01,2.067016e+01,2.076079e+01,2.076775e+01,2.063528e+01,2.073988e+01,2.063528e+01,2.077472e+01,2.074685e+01,2.064923e+01,2.070502e+01,2.061434e+01,2.067016e+01,2.083741e+01,2.064225e+01,2.075382e+01,2.069805e+01,2.070502e+01,2.070502e+01,2.060039e+01,2.070502e+01,2.063528e+01,2.076079e+01,2.065621e+01,2.072594e+01,2.072594e+01,2.060736e+01,2.062830e+01,2.065621e+01,2.063528e+01,2.061434e+01,2.083045e+01,2.072594e+01,2.074685e+01,2.068410e+01,2.070502e+01,2.071200e+01,2.073291e+01,2.071897e+01,2.076775e+01,2.083045e+01,2.083741e+01,2.071897e+01,2.081652e+01,2.069805e+01,2.067016e+01,2.078169e+01,2.081652e+01,2.076079e+01,2.072594e+01,2.067713e+01,2.067713e+01,2.075382e+01,2.069805e+01,2.077472e+01,2.067016e+01,2.076079e+01,2.066318e+01,2.058643e+01,2.063528e+01,2.067713e+01,2.077472e+01,2.071897e+01,2.072594e+01,2.066318e+01,2.069108e+01,2.070502e+01,2.068410e+01,2.077472e+01,2.067713e+01,2.080259e+01,2.069108e+01,2.082348e+01,2.073291e+01,2.071200e+01,2.071200e+01,2.071897e+01,2.073291e+01,2.073291e+01,2.080259e+01,2.065621e+01,2.075382e+01,2.078169e+01,2.072594e+01,2.081652e+01,2.078169e+01,2.070502e+01,2.085830e+01,2.077472e+01,2.079562e+01,2.076079e+01,2.075382e+01,2.073988e+01,2.069805e+01,2.074685e+01,2.073988e+01,2.083741e+01,2.076079e+01,2.079562e+01,2.076079e+01,2.067713e+01,2.080259e+01,2.071200e+01,2.071200e+01,2.071200e+01,2.082348e+01,2.076775e+01,2.078169e+01,2.071200e+01,2.085134e+01,2.070502e+01,2.076079e+01,2.076079e+01,2.068410e+01,2.076079e+01,2.077472e+01,2.083741e+01,2.076775e+01,2.078169e+01,2.073291e+01,2.075382e+01,2.071200e+01,2.073291e+01,2.080955e+01,2.068410e+01,2.066318e+01,2.058643e+01,2.060736e+01,2.058643e+01,2.064923e+01,2.057944e+01,2.059340e+01,2.067016e+01,2.057246e+01,2.072594e+01,2.057246e+01,2.063528e+01,2.067713e+01,2.064225e+01,2.064225e+01,2.062830e+01,2.067713e+01,2.064225e+01,2.066318e+01,2.062132e+01,2.082348e+01,2.059340e+01,2.064923e+01,2.058643e+01,2.062830e+01,2.069108e+01,2.063528e+01,2.062132e+01,2.062830e+01,2.071200e+01,2.056548e+01,2.061434e+01,2.060736e+01,2.068410e+01,2.064225e+01,2.064225e+01,2.069108e+01,2.067713e+01,2.063528e+01,2.064225e+01,2.054453e+01,2.063528e+01,2.055152e+01,2.055850e+01,2.039078e+01,2.053057e+01,2.069108e+01,2.078866e+01,2.064225e+01,2.074685e+01,2.066318e+01,2.067016e+01,2.065621e+01,2.062132e+01,2.064225e+01,2.067713e+01,2.070502e+01,2.073988e+01,2.059340e+01,2.066318e+01,2.064225e+01,2.069108e+01,2.069805e+01,2.070502e+01,2.067016e+01,2.065621e+01,2.076079e+01,2.073291e+01,2.075382e+01,2.057246e+01,2.069108e+01,2.068410e+01,2.063528e+01,2.069805e+01,2.069108e+01,2.067016e+01,2.068410e+01,2.070502e+01,2.071200e+01,2.065621e+01,2.064923e+01,2.071200e+01,2.071200e+01,2.076079e+01,2.066318e+01,2.072594e+01,2.074685e+01,2.070502e+01,2.073988e+01,2.069805e+01,2.069108e+01,2.067016e+01,2.071200e+01,2.073988e+01,2.064923e+01,2.073291e+01,2.072594e+01,2.062132e+01,2.076079e+01,2.073988e+01,2.071200e+01,2.069805e+01,2.057944e+01,2.071200e+01,2.068410e+01,2.069108e+01,2.066318e+01,2.074685e+01,2.069108e+01,2.069805e+01,2.070502e+01,2.071897e+01,2.068410e+01,2.064923e+01,2.067016e+01,2.067016e+01,2.068410e+01,2.063528e+01,2.080259e+01,2.070502e+01,2.067016e+01,2.070502e+01,2.071897e+01,2.075382e+01,2.069108e+01,2.066318e+01,2.068410e+01,2.068410e+01,2.067016e+01,2.061434e+01,2.080955e+01,2.065621e+01,2.073291e+01,2.079562e+01,2.067713e+01,2.074685e+01,2.071897e+01,2.064923e+01,2.067016e+01,2.067016e+01,2.078866e+01,2.069108e+01,2.064225e+01,2.064225e+01,2.077472e+01,2.078866e+01,2.067016e+01,2.044672e+01,2.066318e+01,2.067016e+01,2.075382e+01,2.067016e+01,2.078169e+01,2.071897e+01,2.068410e+01,2.070502e+01,2.069805e+01,2.073988e+01,2.073291e+01,2.073988e+01,2.067016e+01,2.071897e+01,2.062830e+01,2.085830e+01,2.074685e+01,2.065621e+01,2.071200e+01,2.070502e+01,2.071200e+01,2.073988e+01,2.060039e+01,2.070502e+01,2.069108e+01,2.070502e+01,2.084437e+01,2.065621e+01,2.066318e+01,2.068410e+01,2.067713e+01,2.074685e+01,2.065621e+01,2.069805e+01,2.080955e+01,2.070502e+01,2.070502e+01,2.070502e+01,2.073988e+01,2.071897e+01,2.076079e+01,2.085830e+01,2.073291e+01,2.072594e+01,2.073291e+01,2.079562e+01,2.071200e+01,2.073291e+01,2.068410e+01,2.070502e+01,2.075382e+01,2.072594e+01,2.071200e+01,2.067713e+01,2.077472e+01,2.071200e+01,2.077472e+01,2.069805e+01,2.073291e+01,2.076775e+01,2.075382e+01,2.077472e+01,2.069108e+01,2.069108e+01,2.072594e+01,2.078169e+01,2.076079e+01,2.073988e+01,2.080259e+01,2.068410e+01,2.075382e+01,2.071200e+01,2.078169e+01,2.076079e+01,2.073291e+01,2.072594e+01,2.062830e+01,2.075382e+01,2.084437e+01,2.081652e+01,2.072594e+01,2.073291e+01,2.084437e+01,2.082348e+01,2.069805e+01,2.063528e+01,2.071200e+01,2.077472e+01,2.069805e+01,2.086526e+01,2.085830e+01,2.088614e+01,2.073291e+01,2.077472e+01,2.078169e+01,2.079562e+01,2.080259e+01,2.072594e+01,2.069108e+01,2.080259e+01,2.076079e+01,2.074685e+01,2.078866e+01,2.083741e+01,2.081652e+01,2.078866e+01,2.067713e+01,2.075382e+01,2.073291e+01,2.071897e+01,2.080259e+01,2.078866e+01,2.082348e+01,2.078866e+01,2.072594e+01,2.075382e+01,2.071897e+01,2.073988e+01,2.069805e+01,2.070502e+01,2.080259e+01,2.080259e+01,2.077472e+01,2.081652e+01,2.082348e+01,2.078169e+01,2.080955e+01,2.076775e+01,2.074685e+01,2.073291e+01,2.076079e+01,2.076079e+01,2.068410e+01,2.079562e+01,2.070502e+01,2.076079e+01,2.077472e+01,2.076775e+01,2.077472e+01,2.075382e+01,2.068410e+01,2.083741e+01,2.068410e+01,2.078169e+01,2.073988e+01,2.071200e+01,2.068410e+01,2.075382e+01,2.077472e+01,2.069805e+01,2.077472e+01,2.075382e+01,2.072594e+01,2.083741e+01,2.078169e+01,2.076775e+01,2.091398e+01,2.087222e+01,2.085830e+01,2.073291e+01,2.073291e+01,2.078169e+01,2.075382e+01,2.080259e+01,2.083741e+01,2.067713e+01,2.071897e+01,2.072594e+01,2.076079e+01,2.076775e+01,2.076775e+01,2.075382e+01,2.083045e+01,2.073988e+01,2.070502e+01,2.072594e+01,2.067016e+01,2.078866e+01,2.074685e+01,2.080259e+01,2.081652e+01,2.082348e+01,2.082348e+01,2.074685e+01,2.077472e+01,2.066318e+01,2.072594e+01,2.080955e+01,2.068410e+01,2.076079e+01,2.077472e+01,2.076079e+01,2.073291e+01,2.073988e+01,2.078866e+01,2.075382e+01,2.062830e+01,2.078866e+01,2.085830e+01,2.085134e+01,2.083045e+01,2.076079e+01,2.080955e+01,2.083045e+01,2.073988e+01,2.077472e+01,2.082348e+01,2.071897e+01,2.070502e+01,2.083045e+01,2.080259e+01,2.080955e+01,2.072594e+01,2.074685e+01,2.069108e+01,2.072594e+01,2.076775e+01,2.072594e+01,2.075382e+01,2.076775e+01,2.076775e+01,2.076775e+01,2.078866e+01,2.074685e+01,2.083741e+01,2.072594e+01,2.075382e+01,2.076775e+01,2.071200e+01,2.073988e+01,2.075382e+01,2.067713e+01,2.080259e+01,2.067016e+01,2.078866e+01,2.064225e+01,2.066318e+01,2.080955e+01,2.074685e+01,2.071897e+01,2.075382e+01,2.085134e+01,2.092789e+01,2.083741e+01,2.085134e+01,2.071897e+01,2.073291e+01,2.073291e+01,2.075382e+01,2.077472e+01,2.072594e+01,2.070502e+01,2.069805e+01,2.069805e+01,2.067713e+01,2.068410e+01,2.069108e+01,2.067713e+01,2.078169e+01,2.069108e+01,2.075382e+01,2.071897e+01,2.078169e+01,2.076079e+01,2.071897e+01,2.070502e+01,2.069805e+01,2.079562e+01
2.082348e+01,2.083741e+01,2.080955e+01,2.070502e+01,2.076775e+01,2.083741e+01,2.073291e+01,2.075382e+01,2.077472e+01,2.073988e+01,2.071200e+01,2.082348e+01,2.083045e+01,2.079562e+01,2.082348e+01,2.083741e+01,2.076079e+01,2.076079e+01,2.075382e+01,2.062830e+01,2.073988e+01,2.070502e+01,2.076079e+01,2.067016e+01,2.067713e+01,2.073291e+01,2.073988e+01,2.071897e+01,2.076775e+01,2.068410e+01,2.075382e+01,2.073291e+01,2.069108e+01,2.069108e+01,2.082348e+01,2.074685e+01,2.082348e+01,2.082348e+01,2.061434e+01,2.066318e+01,2.076079e+01,2.064923e+01,2.073988e+01,2.075382e+01,2.068410e+01,2.071897e+01,2.069108e+01,2.073291e+01,2.070502e+01,2.072594e+01,2.071897e+01,2.061434e+01,2.074685e+01,2.076775e+01,2.082348e+01,2.075382e+01,2.067713e+01,2.067713e+01,2.072594e+01,2.084437e+01,2.071200e+01,2.071897e+01,2.080955e+01,2.078169e+01,2.080259e+01,2.067713e+01,2.072594e+01,2.080259e+01,2.073291e+01,2.072594e+01,2.067016e+01,2.068410e+01,2.075382e+01,2.070502e+01,2.070502e+01,2.078866e+01,2.069805e+01,2.078866e+01,2.076775e+01,2.077472e+01,2.074685e+01,2.073988e+01,2.090006e+01,2.079562e+01,2.075382e+01,2.068410e+01,2.070502e+01,2.066318e+01,2.075382e+01,2.064225e+01,2.070502e+01,2.084437e+01,2.080259e+01,2.072594e+01,2.072594e+01,2.078866e+01,2.076079e+01,2.076775e+01,2.080955e+01,2.063528e+01,2.072594e+01,2.072594e+01,2.064923e+01,2.060736e+01,2.075382e+01,2.063528e+01,2.065621e+01,2.060736e+01,2.062830e+01,2.070502e+01,2.065621e+01,2.064923e+01,2.060039e+01,2.060039e+01,2.060736e+01,2.057246e+01,2.070502e+01,2.070502e+01,2.057944e+01,2.060039e+01,2.063528e+01,2.058643e+01,2.054453e+01,2.064923e+01,2.057246e+01,2.054453e+01,2.054453e+01,2.054453e+01,2.067016e+01,2.069108e+01,2.074685e+01,2.074685e+01,2.072594e+01,2.064225e+01,2.069108e+01,2.071200e+01,2.071200e+01,2.081652e+01,2.073291e+01,2.078169e+01,2.077472e+01,2.076775e+01,2.087222e+01,2.079562e+01,2.080259e+01,2.078169e+01,2.082348e+01,2.080259e+01,2.083045e+01,2.080259e+01,2.074685e+01,2.078169e+01,2.083741e+01,2.078866e+01,2.072594e+01,2.085830e+01,2.064923e+01,2.081652e+01,2.063528e+01,2.064923e+01,2.072594e+01,2.072594e+01,2.078169e+01,2.068410e+01,2.078866e+01,2.076775e+01,2.077472e+01,2.072594e+01,2.073291e+01,2.073291e+01,2.068410e+01,2.071200e+01,2.069805e+01,2.073291e+01,2.053057e+01,2.070502e+01,2.070502e+01,2.064225e+01,2.076079e+01,2.073291e+01,2.069805e+01,2.076079e+01,2.075382e+01,2.073291e+01,2.074685e+01,2.076775e+01,2.072594e+01,2.076079e+01,2.082348e+01,2.071897e+01,2.078866e+01,2.071897e+01,2.070502e+01,2.071897e+01,2.065621e+01,2.069805e+01,2.080259e+01,2.066318e+01,2.075382e+01,2.069108e+01,2.073988e+01,2.075382e+01,2.075382e+01,2.067713e+01,2.074685e+01,2.071897e+01,2.070502e+01,2.071200e+01,2.070502e+01,2.078169e+01,2.088614e+01,2.073988e+01,2.069805e+01,2.069108e+01,2.071897e+01,2.067016e+01,2.065621e+01,2.076775e+01,2.071897e+01,2.075382e+01,2.074685e+01,2.074685e+01,2.071897e+01,2.069805e+01,2.062830e+01,2.058643e+01,2.064225e+01,2.064923e+01,2.061434e+01,2.069805e+01,2.060736e+01,2.058643e+01,2.061434e+01,2.062132e+01,2.060736e+01,2.062830e+01,2.073988e+01,2.063528e+01,2.064225e+01,2.063528e+01,2.068410e+01,2.069805e+01,2.067016e+01,2.064225e+01,2.066318e+01,2.068410e+01,2.067713e+01,2.069108e+01,2.067713e+01,2.064225e+01,2.071897e+01,2.065621e+01,2.063528e+01,2.056548e+01,2.064225e+01,2.067016e+01,2.063528e+01,2.059340e+01,2.067713e+01,2.063528e+01,2.068410e+01,2.068410e+01,2.067016e+01,2.052358e+01,2.054453e+01,2.067713e+01,2.055152e+01,2.044672e+01,2.039078e+01,2.036280e+01,2.057944e+01,2.077472e+01,2.062132e+01,2.060736e+01,2.064225e+01,2.070502e+01,2.071897e+01,2.076079e+01,2.062830e+01,2.067713e+01,2.064923e+01,2.076079e+01,2.078169e+01,2.074685e+01,2.072594e+01,2.065621e+01,2.072594e+01,2.060736e+01,2.064923e+01,2.064923e+01,2.073988e+01,2.070502e+01,2.069108e+01,2.068410e+01,2.069108e+01,2.067016e+01,2.065621e+01,2.078169e+01,2.072594e+01,2.073291e+01,2.071897e+01,2.071897e+01,2.070502e+01,2.067713e+01,2.071897e+01,2.076079e+01,2.079562e+01,2.067016e+01,2.067016e+01,2.071200e+01,2.071200e+01,2.069805e+01,2.075382e+01,2.070502e+01,2.071897e+01,2.067713e+01,2.077472e+01,2.069108e+01,2.076079e+01,2.067016e+01,2.078169e+01,2.078169e+01,2.079562e+01,2.078866e+01,2.064225e+01,2.071200e+01,2.067713e+01,2.071200e+01,2.075382e+01,2.070502e+01,2.071897e+01,2.071200e+01,2.068410e+01,2.068410e+01,2.070502e+01,2.070502e+01,2.069805e+01,2.068410e+01,2.067016e+01,2.068410e+01,2.076775e+01,2.071897e+01,2.069108e+01,2.060736e+01,2.067016e+01,2.066318e+01,2.071200e+01,2.071200e+01,2.069108e+01,2.069108e+01,2.070502e+01,2.059340e+01,2.060736e+01,2.072594e+01,2.064225e+01,2.071897e+01,2.071897e+01,2.080955e+01,2.066318e+01,2.066318e+01,2.076079e+01,2.069805e+01,2.064225e+01,2.065621e+01,2.067016e+01,2.070502e+01,2.064923e+01,2.069108e+01,2.071897e+01,2.069805e+01,2.071200e+01,2.066318e+01,2.071200e+01,2.067713e+01,2.070502e+01,2.062132e+01,2.081652e+01,2.070502e+01,2.067016e+01,2.069108e+01,2.069108e+01,2.067713e+01,2.073291e+01,2.069805e+01,2.075382e+01,2.073988e+01,2.073988e+01,2.085830e+01,2.073291e+01,2.078169e+01,2.083045e+01,2.074685e+01,2.069805e+01,2.073988e+01,2.072594e+01,2.068410e+01,2.073291e+01,2.066318e+01,2.080259e+01,2.067713e+01,2.071200e+01,2.068410e+01,2.069805e+01,2.068410e+01,2.064225e+01,2.069108e+01,2.073291e+01,2.069108e+01,2.083045e+01,2.071897e+01,2.075382e+01,2.074685e+01,2.078169e+01,2.074685e+01,2.083045e+01,2.083045e+01,2.080955e+01,2.083045e+01,2.076775e+01,2.068410e+01,2.076775e+01,2.087222e+01,2.071897e+01,2.071897e+01,2.071200e+01,2.079562e+01,2.080259e+01,2.078866e+01,2.074685e+01,2.075382e+01,2.073988e+01,2.072594e+01,2.080259e+01,2.073988e+01,2.072594e+01,2.083741e+01,2.069108e+01,2.068410e+01,2.081652e+01,2.074685e+01,2.072594e+01,2.073291e+01,2.073988e+01,2.073988e+01,2.071897e+01,2.069805e+01,2.076775e+01,2.073988e+01,2.074685e+01,2.076079e+01,2.082348e+01,2.063528e+01,2.078169e+01,2.080955e+01,2.069805e+01,2.079562e+01,2.078866e+01,2.080259e+01,2.079562e+01,2.078866e+01,2.083045e+01,2.064923e+01,2.084437e+01,2.080259e+01,2.076079e+01,2.083045e+01,2.083045e+01,2.083741e+01,2.083741e+01,2.078169e+01,2.074685e+01,2.077472e+01,2.057246e+01,2.076079e+01,2.081652e+01,2.078169e+01,2.071897e+01,2.085830e+01,2.073291e+01,2.078866e+01,2.069805e+01,2.068410e+01,2.068410e+01,2.071897e+01,2.076775e+01,2.078169e+01,2.076775e+01,2.074685e+01,2.075382e+01,2.071897e+01,2.072594e+01,2.079562e+01,2.076775e+01,2.078866e+01,2.073291e+01,2.076775e+01,2.078169e+01,2.073291e+01,2.086526e+01,2.073988e+01,2.073291e+01,2.073291e+01,2.073291e+01,2.071200e+01,2.076775e+01,2.078169e+01,2.081652e+01,2.072594e+01,2.073988e+01,2.078866e+01,2.078866e+01,2.072594e+01,2.083741e+01,2.086526e+01,2.069805e+01,2.070502e+01,2.072594e+01,2.069805e+01,2.075382e+01,2.067713e+01,2.066318e+01,2.067016e+01,2.074685e+01,2.071200e+01,2.087918e+01,2.078866e+01,2.078169e+01,2.078866e+01,2.071200e+01,2.073291e+01,2.071897e+01,2.071200e+01,2.087222e+01,2.074685e+01,2.071200e+01,2.078169e+01,2.082348e+01,2.078866e+01,2.084437e+01,2.072594e+01,2.072594e+01,2.073988e+01,2.081652e+01,2.079562e+01,2.082348e+01,2.069805e+01,2.081652e+01,2.078866e+01,2.074685e+01,2.076079e+01,2.077472e+01,2.079562e+01,2.076079e+01,2.075382e+01,2.072594e+01,2.070502e+01,2.069805e+01,2.068410e+01,2.073988e+01,2.075382e+01,2.070502e+01,2.078866e+01,2.082348e+01,2.079562e+01,2.076079e+01,2.068410e+01,2.073291e+01,2.067016e+01,2.074685e+01,2.079562e+01,2.083045e+01,2.083045e+01,2.073291e+01,2.081652e+01,2.073988e+01,2.080259e+01,2.071200e+01,2.071897e+01,2.075382e+01,2.082348e+01,2.075382e+01,2.062830e+01,2.067713e+01,2.060736e+01,2.057246e+01,2.072594e+01,2.079562e+01,2.078169e+01,2.081652e+01,2.073988e+01,2.069108e+01,2.087222e+01,2.073988e+01,2.067713e+01,2.074685e+01,2.076079e+01,2.074685e+01,2.080259e+01,2.074685e+01,2.078169e+01,2.064225e+01,2.066318e+01,2.069805e+01,2.076775e+01,2.081652e+01,2.065621e+01,2.066318e+01,2.064923e+01,2.073988e+01,2.073291e+01,2.074685e+01,2.076079e+01,2.078169e+01,2.077472e+01,2.080259e+01,2.062132e+01,2.097658e+01,2.071200e+01,2.079562e+01,2.073291e+01,2.070502e+01,2.081652e+01,2.059340e+01,2.078169e+01,2.069108e+01,2.069805e+01,2.077472e+01,2.077472e+01,2.074685e+01,2.076079e+01,2.064225e+01,2.070502e+01,2.071200e+01,2.077472e+01,2.073988e+01,2.074685e+01,2.073988e+01,2.073291e+01,2.073291e+01,2.069805e+01
2.064923e+01,2.079562e+01,2.081652e+01,2.060736e+01,2.085134e+01,2.065621e+01,2.071200e+01,2.070502e+01,2.073988e+01,2.076775e+01,2.078169e+01,2.082348e+01,2.083741e+01,2.070502e+01,2.085830e+01,2.071897e+01,2.078169e+01,2.077472e+01,2.076775e+01,2.076079e+01,2.078169e+01,2.083045e+01,2.075382e+01,2.070502e+01,2.070502e+01,2.068410e+01,2.069805e+01,2.066318e+01,2.077472e+01,2.070502e+01,2.077472e+01,2.073988e+01,2.071200e+01,2.069805e+01,2.083045e+01,2.076775e+01,2.075382e+01,2.079562e+01,2.073988e+01,2.081652e+01,2.067016e+01,2.067016e+01,2.070502e+01,2.072594e+01,2.075382e+01,2.068410e+01,2.081652e+01,2.068410e+01,2.079562e+01,2.090006e+01,2.088614e+01,2.071897e+01,2.078866e+01,2.084437e+01,2.071897e+01,2.069108e+01,2.080955e+01,2.075382e+01,2.069805e+01,2.069805e+01,2.078866e+01,2.075382e+01,2.077472e+01,2.076079e+01,2.078169e+01,2.071897e+01,2.077472e+01,2.078169e+01,2.074685e+01,2.073291e+01,2.069108e+01,2.069108e+01,2.076775e+01,2.073988e+01,2.064923e+01,2.075382e+01,2.074685e+01,2.078169e+01,2.074685e+01,2.078169e+01,2.073291e+01,2.078169e+01,2.073988e+01,2.075382e+01,2.072594e+01,2.071200e+01,2.072594e+01,2.082348e+01,2.076079e+01,2.071200e+01,2.070502e+01,2.074685e+01,2.072594e+01,2.071897e+01,2.077472e+01,2.074685e+01,2.079562e+01,2.078169e+01,2.071897e+01,2.079562e+01,2.064225e+01,2.073291e+01,2.062830e+01,2.069805e+01,2.070502e+01,2.064923e+01,2.071200e+01,2.080955e+01,2.064923e+01,2.073291e+01,2.068410e+01,2.068410e+01,2.063528e+01,2.071200e+01,2.066318e+01,2.064225e+01,2.078169e+01,2.068410e+01,2.060736e+01,2.055850e+01,2.053057e+01,2.051660e+01,2.052358e+01,2.046769e+01,2.052358e+01,2.054453e+01,2.055850e+01,2.060736e+01,2.065621e+01,2.076775e+01,2.078169e+01,2.068410e+01,2.063528e+01,2.069108e+01,2.067713e+01,2.075382e+01,2.069108e+01,2.071897e+01,2.078169e+01,2.079562e+01,2.080259e+01,2.076079e+01,2.076775e+01,2.068410e+01,2.085830e+01,2.078866e+01,2.084437e+01,2.079562e+01,2.078169e+01,2.078866e+01,2.076775e+01,2.081652e+01,2.085830e+01,2.085134e+01,2.068410e+01,2.062132e+01,2.082348e+01,2.071897e+01,2.075382e+01,2.077472e+01,2.076775e+01,2.069108e+01,2.074685e+01,2.074685e+01,2.069805e+01,2.068410e+01,2.068410e+01,2.079562e+01,2.075382e+01,2.076079e+01,2.073291e+01,2.080955e+01,2.075382e+01,2.073291e+01,2.070502e+01,2.072594e+01,2.067713e+01,2.067016e+01,2.068410e+01,2.069805e+01,2.064225e+01,2.064225e+01,2.070502e+01,2.062830e+01,2.069805e+01,2.062830e+01,2.080259e+01,2.063528e+01,2.076079e+01,2.069108e+01,2.069108e+01,2.069805e+01,2.071200e+01,2.072594e+01,2.073988e+01,2.071897e+01,2.070502e+01,2.067016e+01,2.077472e+01,2.073291e+01,2.076079e+01,2.074685e+01,2.076775e+01,2.080259e+01,2.073291e+01,2.067016e+01,2.078169e+01,2.075382e+01,2.080259e+01,2.080955e+01,2.074685e+01,2.071897e+01,2.068410e+01,2.065621e+01,2.076079e+01,2.074685e+01,2.069108e+01,2.071200e+01,2.072594e+01,2.073291e+01,2.077472e+01,2.077472e+01,2.071200e+01,2.069805e+01,2.074685e+01,2.077472e+01,2.063528e+01,2.067016e+01,2.056548e+01,2.060736e+01,2.057944e+01,2.067713e+01,2.057944e+01,2.068410e+01,2.074685e+01,2.060736e+01,2.067016e+01,2.060039e+01,2.067016e+01,2.060039e+01,2.055152e+01,2.067016e+01,2.062830e+01,2.060736e+01,2.062132e+01,2.062830e+01,2.067713e+01,2.068410e+01,2.064923e+01,2.067016e+01,2.062830e+01,2.064923e+01,2.065621e+01,2.068410e+01,2.071897e+01,2.058643e+01,2.067016e+01,2.057246e+01,2.059340e+01,2.067713e+01,2.067016e+01,2.061434e+01,2.068410e+01,2.073988e+01,2.054453e+01,2.054453e+01,2.057246e+01,2.062132e+01,2.039778e+01,2.034881e+01,2.055850e+01,2.058643e+01,2.073988e+01,2.059340e+01,2.060736e+01,2.069108e+01,2.060736e+01,2.073291e+01,2.068410e+01,2.076775e+01,2.076775e+01,2.067016e+01,2.060736e+01,2.064225e+01,2.073988e+01,2.073988e+01,2.073291e+01,2.059340e+01,2.077472e+01,2.064923e+01,2.071200e+01,2.071200e+01,2.069805e+01,2.069805e+01,2.067713e+01,2.068410e+01,2.075382e+01,2.067713e+01,2.072594e+01,2.073988e+01,2.074685e+01,2.067016e+01,2.071200e+01,2.071897e+01,2.071897e+01,2.071897e+01,2.078169e+01,2.073988e+01,2.072594e+01,2.067713e+01,2.077472e+01,2.074685e+01,2.070502e+01,2.071200e+01,2.069108e+01,2.069805e+01,2.073291e+01,2.068410e+01,2.069805e+01,2.079562e+01,2.082348e+01,2.077472e+01,2.058643e+01,2.071200e+01,2.063528e+01,2.069805e+01,2.080955e+01,2.066318e+01,2.065621e+01,2.085830e+01,2.069108e+01,2.070502e+01,2.075382e+01,2.070502e+01,2.067016e+01,2.067016e+01,2.069805e+01,2.067713e+01,2.066318e+01,2.068410e+01,2.071897e+01,2.064923e+01,2.071200e+01,2.079562e+01,2.061434e+01,2.080259e+01,2.076079e+01,2.078169e+01,2.067713e+01,2.069108e+01,2.071200e+01,2.066318e+01,2.070502e+01,2.078169e+01,2.078866e+01,2.077472e+01,2.069108e+01,2.076079e+01,2.073291e+01,2.070502e+01,2.074685e+01,2.067713e+01,2.067713e+01,2.078866e+01,2.066318e+01,2.073988e+01,2.067713e+01,2.069805e+01,2.071200e+01,2.069108e+01,2.069108e+01,2.064225e+01,2.069108e+01,2.069108e+01,2.073291e+01,2.072594e+01,2.071897e+01,2.073988e+01,2.071897e+01,2.071897e+01,2.076079e+01,2.073988e+01,2.076775e+01,2.072594e+01,2.073988e+01,2.074685e+01,2.080259e+01,2.072594e+01,2.073291e+01,2.078866e+01,2.074685e+01,2.073988e+01,2.075382e+01,2.074685e+01,2.068410e+01,2.071897e+01,2.070502e+01,2.067713e+01,2.069108e+01,2.064923e+01,2.067016e+01,2.067713e+01,2.065621e+01,2.067713e+01,2.072594e+01,2.076079e+01,2.073291e+01,2.073291e+01,2.070502e+01,2.073988e+01,2.075382e+01,2.074685e+01,2.083741e+01,2.081652e+01,2.076079e+01,2.075382e+01,2.077472e+01,2.082348e+01,2.081652e+01,2.076079e+01,2.073988e+01,2.069805e+01,2.083741e+01,2.072594e+01,2.072594e+01,2.073291e+01,2.076079e+01,2.073291e+01,2.074685e+01,2.069805e+01,2.076775e+01,2.069108e+01,2.079562e+01,2.077472e+01,2.072594e+01,2.076079e+01,2.073988e+01,2.074685e+01,2.078866e+01,2.076775e+01,2.073291e+01,2.076775e+01,2.075382e+01,2.078169e+01,2.076079e+01,2.076775e+01,2.080259e+01,2.075382e+01,2.078169e+01,2.078169e+01,2.077472e+01,2.086526e+01,2.081652e+01,2.069108e+01,2.078866e+01,2.078866e+01,2.083045e+01,2.080955e+01,2.067016e+01,2.083045e+01,2.082348e+01,2.076079e+01,2.076775e+01,2.075382e+01,2.076775e+01,2.080259e+01,2.074685e+01,2.076775e+01,2.078866e+01,2.078169e+01,2.078169e+01,2.078866e+01,2.076775e+01,2.076775e+01,2.084437e+01,2.083045e+01,2.082348e+01,2.079562e+01,2.075382e+01,2.066318e+01,2.076775e+01,2.071897e+01,2.080259e+01,2.069108e+01,2.073988e+01,2.073988e+01,2.074685e+01,2.078866e+01,2.090702e+01,2.078169e+01,2.075382e+01,2.076775e+01,2.080955e+01,2.071200e+01,2.083045e+01,2.071200e+01,2.069805e+01,2.075382e+01,2.075382e+01,2.075382e+01,2.076775e+01,2.072594e+01,2.073291e+01,2.079562e+01,2.069805e+01,2.073988e+01,2.087222e+01,2.074685e+01,2.083045e+01,2.074685e+01,2.080955e+01,2.085830e+01,2.064225e+01,2.076079e+01,2.084437e+01,2.071200e+01,2.074685e+01,2.074685e+01,2.074685e+01,2.076079e+01,2.076775e+01,2.089310e+01,2.075382e+01,2.075382e+01,2.078866e+01,2.077472e+01,2.071897e+01,2.081652e+01,2.101829e+01,2.078866e+01,2.071897e+01,2.083741e+01,2.087918e+01,2.083045e+01,2.072594e+01,2.084437e+01,2.078169e+01,2.068410e+01,2.084437e+01,2.082348e+01,2.073988e+01,2.076079e+01,2.077472e+01,2.087222e+01,2.081652e+01,2.068410e+01,2.080955e+01,2.076079e+01,2.072594e+01,2.073988e+01,2.076775e+01,2.079562e+01,2.076775e+01,2.078169e+01,2.078866e+01,2.070502e+01,2.069805e+01,2.068410e+01,2.071200e+01,2.076079e+01,2.072594e+01,2.080955e+01,2.078169e+01,2.076775e+01,2.078169e+01,2.062830e+01,2.076775e+01,2.067713e+01,2.067016e+01,2.073988e+01,2.078866e+01,2.081652e+01,2.078169e+01,2.082348e+01,2.080955e+01,2.076079e+01,2.083741e+01,2.075382e+01,2.081652e+01,2.077472e+01,2.071200e+01,2.082348e+01,2.069805e+01,2.078169e+01,2.078866e+01,2.080955e+01,2.078866e+01,2.070502e+01,2.075382e+01,2.073988e+01,2.076775e+01,2.080259e+01,2.075382e+01,2.069805e+01,2.077472e+01,2.072594e+01,2.086526e+01,2.083045e+01,2.061434e+01,2.076079e+01,2.081652e+01,2.078169e+01,2.077472e+01,2.068410e+01,2.077472e+01,2.064225e+01,2.084437e+01,2.074685e+01,2.069805e+01,2.072594e+01,2.069805e+01,2.076775e+01,2.073291e+01,2.076775e+01,2.078866e+01,2.076775e+01,2.073988e+01,2.078169e+01,2.096267e+01,2.073291e+01,2.083045e+01,2.078866e+01,2.069805e+01,2.077472e+01,2.079562e+01,2.077472e+01,2.081652e+01,2.067713e+01,2.070502e+01,2.074685e+01,2.080259e+01,2.073988e+01,2.069805e+01,2.073291e+01,2.072594e+01,2.076775e+01,2.078169e+01,2.076079e+01,2.080955e+01,2.071200e+01
2.083045e+01,2.082348e+01,2.080259e+01,2.073291e+01,2.083045e+01,2.083741e+01,2.069108e+01,2.077472e+01,2.073291e+01,2.071200e+01,2.073988e+01,2.076079e+01,2.076079e+01,2.080955e+01,2.078866e+01,2.074685e+01,2.078866e+01,2.071200e+01,2.076079e+01,2.076775e+01,2.069108e+01,2.076775e+01,2.067713e+01,2.075382e+01,2.071200e+01,2.075382e+01,2.080955e+01,2.071200e+01,2.071897e+01,2.072594e+01,2.073291e+01,2.076079e+01,2.067713e+01,2.072594e+01,2.069805e+01,2.067016e+01,2.081652e+01,2.078169e+01,2.067713e+01,2.076079e+01,2.079562e+01,2.080259e+01,2.069805e+01,2.072594e+01,2.071200e+01,2.073291e+01,2.080259e+01,2.075382e+01,2.067713e+01,2.069805e+01,2.070502e+01,2.084437e+01,2.086526e+01,2.078866e+01,2.085830e+01,2.073291e+01,2.080955e+01,2.072594e+01,2.075382e+01,2.071897e+01,2.073291e+01,2.081652e+01,2.075382e+01,2.076079e+01,2.076775e+01,2.077472e+01,2.065621e+01,2.075382e+01,2.070502e+01,2.070502e+01,2.070502e+01,2.078866e+01,2.076079e+01,2.074685e+01,2.068410e+01,2.069108e+01,2.077472e+01,2.067016e+01,2.080259e+01,2.074685e+01,2.075382e+01,2.078866e+01,2.078866e+01,2.071897e+01,2.078866e+01,2.076775e+01,2.077472e+01,2.073291e+01,2.070502e+01,2.070502e+01,2.071897e+01,2.073291e+01,2.082348e+01,2.080259e+01,2.070502e+01,2.084437e+01,2.076079e+01,2.073291e+01,2.071897e+01,2.069805e+01,2.078169e+01,2.083741e+01,2.066318e+01,2.079562e+01,2.065621e+01,2.069108e+01,2.075382e+01,2.071200e+01,2.076079e+01,2.065621e+01,2.071200e+01,2.072594e+01,2.051660e+01,2.068410e+01,2.060736e+01,2.064923e+01,2.053057e+01,2.053755e+01,2.057944e+01,2.052358e+01,2.053755e+01,2.052358e+01,2.067713e+01,2.055152e+01,2.050262e+01,2.055850e+01,2.060039e+01,2.057944e+01,2.052358e+01,2.073291e+01,2.060736e+01,2.067713e+01,2.073291e+01,2.065621e+01,2.067016e+01,2.076775e+01,2.068410e+01,2.070502e+01,2.081652e+01,2.071897e+01,2.080955e+01,2.080955e+01,2.079562e+01,2.078169e+01,2.072594e+01,2.090702e+01,2.078866e+01,2.075382e+01,2.079562e+01,2.078866e+01,2.080955e+01,2.077472e+01,2.076775e+01,2.081652e+01,2.079562e+01,2.063528e+01,2.071897e+01,2.070502e+01,2.067713e+01,2.082348e+01,2.072594e+01,2.068410e+01,2.084437e+01,2.073988e+01,2.066318e+01,2.069108e+01,2.072594e+01,2.074685e+01,2.076079e+01,2.074685e+01,2.078866e+01,2.072594e+01,2.076079e+01,2.073291e+01,2.068410e+01,2.069108e+01,2.072594e+01,2.056548e+01,2.060039e+01,2.069108e+01,2.061434e+01,2.067016e+01,2.060039e+01,2.060039e+01,2.057944e+01,2.067016e+01,2.070502e+01,2.076079e+01,2.073988e+01,2.068410e+01,2.067016e+01,2.071200e+01,2.069108e+01,2.070502e+01,2.071200e+01,2.067713e+01,2.079562e+01,2.067016e+01,2.085134e+01,2.073988e+01,2.073291e+01,2.075382e+01,2.079562e+01,2.074685e+01,2.071200e+01,2.076079e+01,2.073988e+01,2.075382e+01,2.076775e+01,2.067713e+01,2.071897e+01,2.070502e+01,2.075382e+01,2.069108e+01,2.064923e+01,2.070502e+01,2.087918e+01,2.073988e+01,2.066318e+01,2.069108e+01,2.072594e+01,2.071200e+01,2.071200e+01,2.070502e+01,2.064923e+01,2.065621e+01,2.070502e+01,2.066318e+01,2.072594e+01,2.060736e+01,2.066318e+01,2.066318e+01,2.056548e+01,2.064225e+01,2.062830e+01,2.064225e+01,2.062132e+01,2.062132e+01,2.063528e+01,2.064225e+01,2.069805e+01,2.072594e+01,2.062132e+01,2.062132e+01,2.064923e+01,2.071897e+01,2.062132e+01,2.061434e+01,2.072594e+01,2.070502e+01,2.071200e+01,2.063528e+01,2.071200e+01,2.073988e+01,2.056548e+01,2.069108e+01,2.061434e+01,2.050961e+01,2.058643e+01,2.066318e+01,2.064225e+01,2.063528e+01,2.057246e+01,2.055850e+01,2.056548e+01,2.055850e+01,2.061434e+01,2.055152e+01,2.055850e+01,2.022979e+01,2.055152e+01,2.077472e+01,2.074685e+01,2.080955e+01,2.063528e+01,2.064923e+01,2.074685e+01,2.061434e+01,2.063528e+01,2.070502e+01,2.077472e+01,2.057944e+01,2.066318e+01,2.073988e+01,2.075382e+01,2.071200e+01,2.072594e+01,2.066318e+01,2.071200e+01,2.068410e+01,2.069805e+01,2.068410e+01,2.065621e+01,2.071897e+01,2.067713e+01,2.067016e+01,2.069108e+01,2.073291e+01,2.073988e+01,2.073291e+01,2.071897e+01,2.069805e+01,2.067016e+01,2.074685e+01,2.074685e+01,2.071897e+01,2.067016e+01,2.073291e+01,2.077472e+01,2.069805e+01,2.071200e+01,2.072594e+01,2.064225e+01,2.069805e+01,2.064225e+01,2.073988e+01,2.069805e+01,2.075382e+01,2.067016e+01,2.078866e+01,2.071897e+01,2.069805e+01,2.057246e+01,2.073291e+01,2.064923e+01,2.078169e+01,2.081652e+01,2.064225e+01,2.066318e+01,2.068410e+01,2.070502e+01,2.070502e+01,2.073988e+01,2.065621e+01,2.070502e+01,2.067713e+01,2.065621e+01,2.080955e+01,2.068410e+01,2.070502e+01,2.080955e+01,2.071200e+01,2.065621e+01,2.078169e+01,2.083045e+01,2.087222e+01,2.069805e+01,2.070502e+01,2.057246e+01,2.069108e+01,2.067016e+01,2.071897e+01,2.074685e+01,2.073988e+01,2.077472e+01,2.077472e+01,2.080259e+01,2.071200e+01,2.074685e+01,2.072594e+01,2.078169e+01,2.068410e+01,2.065621e+01,2.083045e+01,2.075382e+01,2.067713e+01,2.067016e+01,2.067016e+01,2.070502e+01,2.067016e+01,2.087918e+01,2.076775e+01,2.078169e+01,2.079562e+01,2.077472e+01,2.076079e+01,2.078866e+01,2.078169e+01,2.070502e+01,2.071897e+01,2.070502e+01,2.073291e+01,2.072594e+01,2.068410e+01,2.078169e+01,2.072594e+01,2.073988e+01,2.079562e+01,2.072594e+01,2.079562e+01,2.074685e+01,2.076079e+01,2.077472e+01,2.076079e+01,2.072594e+01,2.076079e+01,2.064923e+01,2.073988e+01,2.078866e+01,2.073291e+01,2.078866e+01,2.067713e+01,2.063528e+01,2.075382e+01,2.069108e+01,2.069108e+01,2.069108e+01,2.082348e+01,2.083741e+01,2.071200e+01,2.081652e+01,2.081652e+01,2.085830e+01,2.070502e+01,2.080259e+01,2.085134e+01,2.080259e+01,2.077472e+01,2.078866e+01,2.077472e+01,2.076079e+01,2.083045e+01,2.070502e+01,2.069108e+01,2.081652e+01,2.075382e+01,2.083045e+01,2.085134e+01,2.069805e+01,2.073291e+01,2.069108e+01,2.076079e+01,2.075382e+01,2.061434e+01,2.080259e+01,2.087222e+01,2.069108e+01,2.077472e+01,2.078169e+01,2.067016e+01,2.078169e+01,2.083045e+01,2.083045e+01,2.078866e+01,2.075382e+01,2.080259e+01,2.077472e+01,2.076079e+01,2.071897e+01,2.076775e+01,2.078169e+01,2.067016e+01,2.078866e+01,2.082348e+01,2.074685e+01,2.075382e+01,2.072594e+01,2.079562e+01,2.080955e+01,2.069108e+01,2.073291e+01,2.071897e+01,2.078866e+01,2.077472e+01,2.076079e+01,2.078866e+01,2.078866e+01,2.080955e+01,2.074685e+01,2.072594e+01,2.076079e+01,2.076775e+01,2.081652e+01,2.080955e+01,2.082348e+01,2.086526e+01,2.082348e+01,2.064225e+01,2.083045e+01,2.076079e+01,2.069108e+01,2.083045e+01,2.065621e+01,2.065621e+01,2.078866e+01,2.069108e+01,2.077472e+01,2.072594e+01,2.075382e+01,2.085134e+01,2.085134e+01,2.069805e+01,2.072594e+01,2.070502e+01,2.080259e+01,2.078169e+01,2.079562e+01,2.076775e+01,2.073291e+01,2.076079e+01,2.073988e+01,2.073291e+01,2.074685e+01,2.075382e+01,2.079562e+01,2.077472e+01,2.087222e+01,2.085134e+01,2.080955e+01,2.078169e+01,2.083741e+01,2.075382e+01,2.087222e+01,2.069805e+01,2.071200e+01,2.071200e+01,2.071897e+01,2.074685e+01,2.080259e+01,2.062830e+01,2.073988e+01,2.071200e+01,2.071897e+01,2.085830e+01,2.080955e+01,2.078866e+01,2.077472e+01,2.080955e+01,2.079562e+01,2.076775e+01,2.072594e+01,2.080259e+01,2.089310e+01,2.078169e+01,2.070502e+01,2.080955e+01,2.083045e+01,2.080259e+01,2.083741e+01,2.074685e+01,2.074685e+01,2.083741e+01,2.074685e+01,2.069805e+01,2.077472e+01,2.080955e+01,2.078169e+01,2.076775e+01,2.075382e+01,2.076079e+01,2.072594e+01,2.081652e+01,2.086526e+01,2.077472e+01,2.076079e+01,2.076775e+01,2.072594e+01,2.070502e+01,2.073988e+01,2.084437e+01,2.079562e+01,2.081652e+01,2.083045e+01,2.078169e+01,2.065621e+01,2.081652e+01,2.073291e+01,2.073988e+01,2.077472e+01,2.088614e+01,2.083045e+01,2.078169e+01,2.090006e+01,2.074685e+01,2.079562e+01,2.078866e+01,2.078866e+01,2.073291e+01,2.079562e+01,2.080955e+01,2.078866e+01,2.074685e+01,2.082348e+01,2.083741e+01,2.072594e+01,2.071200e+01,2.076079e+01,2.071897e+01,2.076775e+01,2.061434e+01,2.077472e+01,2.074685e+01,2.075382e+01,2.065621e+01,2.071897e+01,2.078169e+01,2.079562e+01,2.083045e+01,2.087918e+01,2.073291e+01,2.079562e+01,2.077472e+01,2.071200e+01,2.071200e+01,2.067713e+01,2.080259e+01,2.067713e+01,2.079562e+01,2.079562e+01,2.071897e+01,2.072594e+01,2.077472e+01,2.075382e+01,2.082348e+01,2.064923e+01,2.080259e+01,2.082348e+01,2.061434e+01,2.082348e+01,2.072594e+01,2.076079e+01,2.090702e+01,2.070502e+01,2.078866e+01,2.069805e+01,2.069805e+01,2.067016e+01,2.076079e+01,2.076775e+01,2.072594e+01,2.075382e+01,2.078866e+01,2.080955e+01,2.073988e+01,2.077472e+01,2.075382e+01,2.076079e+01,2.083741e+01,2.076079e+01,2.073988e+01
2.064923e+01,2.073291e+01,2.069108e+01,2.086526e+01,2.080955e+01,2.069108e+01,2.075382e+01,2.071200e+01,2.069108e+01,2.074685e+01,2.076775e+01,2.078169e+01,2.084437e+01,2.075382e+01,2.071200e+01,2.078169e+01,2.085830e+01,2.073988e+01,2.077472e+01,2.076079e+01,2.067713e+01,2.073291e+01,2.084437e+01,2.078169e+01,2.074685e+01,2.069805e+01,2.075382e+01,2.073291e+01,2.073291e+01,2.076079e+01,2.074685e+01,2.063528e+01,2.069805e+01,2.075382e+01,2.073291e+01,2.078169e+01,2.083741e+01,2.072594e+01,2.071200e+01,2.071200e+01,2.069108e+01,2.067016e+01,2.078866e+01,2.079562e+01,2.071200e+01,2.073988e+01,2.068410e+01,2.074685e+01,2.075382e+01,2.077472e+01,2.080259e+01,2.070502e+01,2.078169e+01,2.085134e+01,2.083045e+01,2.083741e+01,2.071200e+01,2.074685e+01,2.073291e+01,2.067016e+01,2.080259e+01,2.073291e+01,2.068410e+01,2.076079e+01,2.079562e+01,2.093485e+01,2.077472e+01,2.073988e+01,2.071200e+01,2.073291e+01,2.074685e+01,2.072594e+01,2.083045e+01,2.076775e+01,2.074685e+01,2.076079e+01,2.076079e+01,2.073988e+01,2.070502e+01,2.084437e+01,2.073988e+01,2.073988e+01,2.071200e+01,2.082348e+01,2.076079e+01,2.078169e+01,2.062830e+01,2.072594e+01,2.076079e+01,2.073291e+01,2.072594e+01,2.082348e+01,2.073291e+01,2.073291e+01,2.080955e+01,2.080955e+01,2.080259e+01,2.082348e+01,2.083741e+01,2.073291e+01,2.073291e+01,2.071897e+01,2.071897e+01,2.068410e+01,2.067713e+01,2.071200e+01,2.062830e+01,2.072594e+01,2.073988e+01,2.062132e+01,2.060039e+01,2.036280e+01,2.053057e+01,2.048166e+01,2.053755e+01,2.050961e+01,2.053755e+01,2.051660e+01,2.055152e+01,2.052358e+01,2.053755e+01,2.046769e+01,2.060039e+01,2.048166e+01,2.062132e+01,2.059340e+01,2.064225e+01,2.059340e+01,2.065621e+01,2.070502e+01,2.060039e+01,2.060039e+01,2.059340e+01,2.076775e+01,2.065621e+01,2.077472e+01,2.076079e+01,2.065621e+01,2.078866e+01,2.073291e+01,2.078866e+01,2.076079e+01,2.085134e+01,2.078866e+01,2.079562e+01,2.075382e+01,2.076775e+01,2.076775e+01,2.067713e+01,2.073988e+01,2.071897e+01,2.066318e+01,2.074685e+01,2.083741e+01,2.073291e+01,2.076775e+01,2.064225e+01,2.069108e+01,2.068410e+01,2.069805e+01,2.071897e+01,2.076775e+01,2.072594e+01,2.073988e+01,2.067713e+01,2.075382e+01,2.073988e+01,2.075382e+01,2.081652e+01,2.080955e+01,2.080259e+01,2.078866e+01,2.067016e+01,2.072594e+01,2.060736e+01,2.055850e+01,2.067713e+01,2.057246e+01,2.052358e+01,2.055850e+01,2.066318e+01,2.058643e+01,2.069805e+01,2.057246e+01,2.060736e+01,2.071200e+01,2.069805e+01,2.062830e+01,2.066318e+01,2.069805e+01,2.069805e+01,2.073988e+01,2.081652e+01,2.069108e+01,2.076775e+01,2.067016e+01,2.064225e+01,2.066318e+01,2.067713e+01,2.072594e+01,2.073291e+01,2.074685e+01,2.080955e+01,2.079562e+01,2.072594e+01,2.070502e+01,2.072594e+01,2.075382e+01,2.073291e+01,2.068410e+01,2.071200e+01,2.072594e+01,2.067016e+01,2.072594e+01,2.069805e+01,2.069805e+01,2.071200e+01,2.070502e+01,2.060039e+01,2.078169e+01,2.071200e+01,2.069805e+01,2.072594e+01,2.071897e+01,2.071200e+01,2.067713e+01,2.062830e+01,2.068410e+01,2.063528e+01,2.060039e+01,2.062830e+01,2.060039e+01,2.067713e+01,2.067713e+01,2.066318e+01,2.066318e+01,2.067713e+01,2.064225e+01,2.058643e+01,2.067016e+01,2.069108e+01,2.072594e+01,2.062132e+01,2.067713e+01,2.062132e+01,2.067713e+01,2.066318e+01,2.069805e+01,2.062132e+01,2.073988e+01,2.068410e+01,2.062830e+01,2.070502e+01,2.059340e+01,2.070502e+01,2.075382e+01,2.055152e+01,2.062132e+01,2.069108e+01,2.069805e+01,2.061434e+01,2.066318e+01,2.065621e+01,2.073291e+01,2.065621e+01,2.068410e+01,2.050961e+01,2.055850e+01,2.044672e+01,2.053057e+01,2.053057e+01,2.055850e+01,2.062132e+01,2.074685e+01,2.075382e+01,2.064225e+01,2.067713e+01,2.076079e+01,2.071200e+01,2.065621e+01,2.072594e+01,2.071200e+01,2.067016e+01,2.071200e+01,2.074685e+01,2.075382e+01,2.067713e+01,2.064225e+01,2.068410e+01,2.069805e+01,2.069805e+01,2.071200e+01,2.069108e+01,2.071897e+01,2.068410e+01,2.074685e+01,2.064923e+01,2.072594e+01,2.074685e+01,2.073988e+01,2.072594e+01,2.064225e+01,2.067713e+01,2.064923e+01,2.072594e+01,2.077472e+01,2.069108e+01,2.071200e+01,2.074685e+01,2.069108e+01,2.075382e+01,2.073291e+01,2.073988e+01,2.076079e+01,2.070502e+01,2.070502e+01,2.070502e+01,2.072594e+01,2.067713e+01,2.069108e+01,2.068410e+01,2.066318e+01,2.071897e+01,2.069108e+01,2.067016e+01,2.077472e+01,2.065621e+01,2.066318e+01,2.075382e+01,2.075382e+01,2.066318e+01,2.063528e+01,2.067713e+01,2.073988e+01,2.073988e+01,2.067713e+01,2.062830e+01,2.069108e+01,2.074685e+01,2.073988e+01,2.080955e+01,2.071897e+01,2.067713e+01,2.083741e+01,2.065621e+01,2.085830e+01,2.069108e+01,2.071200e+01,2.064923e+01,2.067713e+01,2.073291e+01,2.069108e+01,2.064225e+01,2.069108e+01,2.069805e+01,2.074685e+01,2.077472e+01,2.076079e+01,2.069108e+01,2.075382e+01,2.073291e+01,2.076775e+01,2.067016e+01,2.064225e+01,2.073988e+01,2.067016e+01,2.087222e+01,2.089310e+01,2.068410e+01,2.072594e+01,2.068410e+01,2.069108e+01,2.071897e+01,2.072594e+01,2.078169e+01,2.070502e+01,2.081652e+01,2.072594e+01,2.071200e+01,2.071897e+01,2.076775e+01,2.069805e+01,2.069805e+01,2.069805e+01,2.071200e+01,2.073988e+01,2.083741e+01,2.072594e+01,2.079562e+01,2.073291e+01,2.076079e+01,2.073988e+01,2.076775e+01,2.072594e+01,2.071200e+01,2.077472e+01,2.078866e+01,2.068410e+01,2.073291e+01,2.078866e+01,2.089310e+01,2.085134e+01,2.078866e+01,2.067713e+01,2.083045e+01,2.083045e+01,2.069805e+01,2.070502e+01,2.067713e+01,2.071897e+01,2.073988e+01,2.083045e+01,2.076079e+01,2.072594e+01,2.085830e+01,2.078866e+01,2.074685e+01,2.076775e+01,2.073988e+01,2.074685e+01,2.071897e+01,2.077472e+01,2.073291e+01,2.073291e+01,2.080259e+01,2.080955e+01,2.082348e+01,2.075382e+01,2.072594e+01,2.079562e+01,2.072594e+01,2.071897e+01,2.069108e+01,2.073291e+01,2.078169e+01,2.073291e+01,2.079562e+01,2.078866e+01,2.069805e+01,2.078169e+01,2.083045e+01,2.083045e+01,2.083045e+01,2.075382e+01,2.076079e+01,2.076079e+01,2.075382e+01,2.076775e+01,2.078866e+01,2.081652e+01,2.078169e+01,2.069805e+01,2.076079e+01,2.071897e+01,2.077472e+01,2.080955e+01,2.086526e+01,2.085830e+01,2.071897e+01,2.076775e+01,2.071897e+01,2.081652e+01,2.082348e+01,2.080955e+01,2.077472e+01,2.078169e+01,2.071897e+01,2.084437e+01,2.074685e+01,2.080259e+01,2.073988e+01,2.076775e+01,2.078169e+01,2.090702e+01,2.091398e+01,2.083045e+01,2.078169e+01,2.082348e+01,2.078169e+01,2.071897e+01,2.074685e+01,2.076079e+01,2.071200e+01,2.067713e+01,2.071200e+01,2.073988e+01,2.073988e+01,2.073988e+01,2.075382e+01,2.076079e+01,2.081652e+01,2.071200e+01,2.071200e+01,2.073988e+01,2.079562e+01,2.074685e+01,2.073988e+01,2.073291e+01,2.078866e+01,2.080955e+01,2.074685e+01,2.084437e+01,2.080955e+01,2.083045e+01,2.061434e+01,2.082348e+01,2.090702e+01,2.078866e+01,2.081652e+01,2.081652e+01,2.076079e+01,2.071200e+01,2.073988e+01,2.071200e+01,2.069108e+01,2.082348e+01,2.071897e+01,2.086526e+01,2.087918e+01,2.072594e+01,2.068410e+01,2.083045e+01,2.076775e+01,2.079562e+01,2.072594e+01,2.078169e+01,2.078866e+01,2.077472e+01,2.071897e+01,2.076775e+01,2.078866e+01,2.072594e+01,2.078866e+01,2.090702e+01,2.080259e+01,2.080955e+01,2.081652e+01,2.079562e+01,2.083045e+01,2.078866e+01,2.074685e+01,2.078866e+01,2.075382e+01,2.076775e+01,2.069805e+01,2.080955e+01,2.080259e+01,2.071200e+01,2.076079e+01,2.081652e+01,2.073988e+01,2.078169e+01,2.072594e+01,2.078866e+01,2.078866e+01,2.067713e+01,2.074685e+01,2.071897e+01,2.077472e+01,2.074685e+01,2.075382e+01,2.079562e+01,2.078169e+01,2.080955e+01,2.070502e+01,2.079562e+01,2.077472e+01,2.076775e+01,2.080259e+01,2.073291e+01,2.076079e+01,2.068410e+01,2.083045e+01,2.082348e+01,2.069805e+01,2.077472e+01,2.078169e+01,2.099048e+01,2.072594e+01,2.080955e+01,2.073291e+01,2.082348e+01,2.082348e+01,2.070502e+01,2.067713e+01,2.074685e+01,2.082348e+01,2.070502e+01,2.082348e+01,2.086526e+01,2.078169e+01,2.078169e+01,2.073291e+01,2.073291e+01,2.066318e+01,2.075382e+01,2.078169e+01,2.072594e+01,2.082348e+01,2.083045e+01,2.072594e+01,2.076079e+01,2.080955e+01,2.064225e+01,2.076079e+01,2.087222e+01,2.074685e+01,2.089310e+01,2.074685e+01,2.078169e+01,2.087918e+01,2.081652e+01,2.067713e+01,2.068410e+01,2.083741e+01,2.076079e+01,2.076775e+01,2.087918e+01,2.076775e+01,2.068410e+01,2.075382e+01,2.084437e+01,2.090006e+01,2.076079e+01,2.066318e+01,2.082348e+01,2.070502e+01,2.081652e+01,2.062132e+01,2.078169e+01,2.078169e+01,2.080955e+01,2.080955e+01,2.071897e+01,2.076775e+01,2.078169e+01,2.075382e+01,2.066318e+01,2.069108e+01,2.069108e+01
2.076775e+01,2.078866e+01,2.081652e+01,2.083741e+01,2.069108e+01,2.071200e+01,2.072594e+01,2.073988e+01,2.074685e+01,2.073988e+01,2.077472e+01,2.079562e+01,2.074685e+01,2.080259e+01,2.086526e+01,2.071897e+01,2.094876e+01,2.099744e+01,2.080259e+01,2.067016e+01,2.078866e+01,2.075382e+01,2.080955e+01,2.076775e+01,2.061434e+01,2.059340e+01,2.074685e+01,2.067713e+01,2.080259e+01,2.082348e+01,2.078866e+01,2.076079e+01,2.076079e+01,2.076079e+01,2.071897e+01,2.085134e+01,2.072594e+01,2.075382e+01,2.084437e+01,2.078169e+01,2.073988e+01,2.078169e+01,2.071897e+01,2.069108e+01,2.079562e+01,2.069805e+01,2.079562e+01,2.076079e+01,2.075382e+01,2.085830e+01,2.067713e+01,2.071897e+01,2.083741e+01,2.078169e+01,2.076775e+01,2.074685e+01,2.083045e+01,2.072594e+01,2.067016e+01,2.085134e+01,2.078866e+01,2.076775e+01,2.082348e+01,2.077472e+01,2.100439e+01,2.076775e+01,2.065621e+01,2.097658e+01,2.077472e+01,2.083045e+01,2.072594e+01,2.073988e+01,2.073988e+01,2.078866e+01,2.074685e+01,2.073988e+01,2.071200e+01,2.068410e+01,2.075382e+01,2.067713e+01,2.075382e+01,2.073988e+01,2.069805e+01,2.082348e+01,2.088614e+01,2.087222e+01,2.071897e+01,2.072594e+01,2.076079e+01,2.078169e+01,2.078169e+01,2.076775e+01,2.085134e+01,2.078866e+01,2.086526e+01,2.085134e+01,2.070502e+01,2.068410e+01,2.087222e+01,2.071200e+01,2.080955e+01,2.069108e+01,2.069108e+01,2.059340e+01,2.058643e+01,2.070502e+01,2.064923e+01,2.060736e+01,2.055152e+01,2.041875e+01,2.039078e+01,2.040477e+01,2.044672e+01,2.046769e+01,2.053057e+01,2.051660e+01,2.064923e+01,2.055850e+01,2.050961e+01,2.061434e+01,2.049564e+01,2.053755e+01,2.048865e+01,2.053755e+01,2.064225e+01,2.057246e+01,2.058643e+01,2.060736e+01,2.075382e+01,2.063528e+01,2.073988e+01,2.071897e+01,2.077472e+01,2.078866e+01,2.069805e+01,2.071897e+01,2.081652e+01,2.069805e+01,2.076775e+01,2.071897e+01,2.076079e+01,2.077472e+01,2.069805e+01,2.080259e+01,2.075382e+01,2.074685e+01,2.078169e+01,2.073988e+01,2.055152e+01,2.071897e+01,2.073291e+01,2.087918e+01,2.072594e+01,2.081652e+01,2.061434e+01,2.071897e+01,2.082348e+01,2.068410e+01,2.069805e+01,2.091398e+01,2.088614e+01,2.063528e+01,2.080955e+01,2.071897e+01,2.070502e+01,2.068410e+01,2.088614e+01,2.073291e+01,2.076079e+01,2.076079e+01,2.070502e+01,2.066318e+01,2.061434e+01,2.071200e+01,2.056548e+01,2.060736e+01,2.058643e+01,2.057944e+01,2.055152e+01,2.050961e+01,2.055850e+01,2.055850e+01,2.076775e+01,2.056548e+01,2.057944e+01,2.056548e+01,2.060736e+01,2.062132e+01,2.058643e+01,2.058643e+01,2.068410e+01,2.076775e+01,2.064923e+01,2.070502e+01,2.068410e+01,2.072594e+01,2.074685e+01,2.073291e+01,2.068410e+01,2.073988e+01,2.076079e+01,2.080955e+01,2.071897e+01,2.076079e+01,2.067713e+01,2.069805e+01,2.077472e+01,2.077472e+01,2.076079e+01,2.074685e+01,2.077472e+01,2.075382e+01,2.073988e+01,2.073988e+01,2.069805e+01,2.071200e+01,2.071897e+01,2.071200e+01,2.065621e+01,2.071897e+01,2.072594e+01,2.071897e+01,2.076775e+01,2.080955e+01,2.073988e+01,2.073988e+01,2.071897e+01,2.068410e+01,2.062132e+01,2.060039e+01,2.057944e+01,2.062132e+01,2.060039e+01,2.069108e+01,2.065621e+01,2.067713e+01,2.075382e+01,2.060736e+01,2.065621e+01,2.062830e+01,2.057944e+01,2.063528e+01,2.065621e+01,2.061434e+01,2.067016e+01,2.060039e+01,2.070502e+01,2.071200e+01,2.064225e+01,2.064225e+01,2.051660e+01,2.073291e+01,2.069108e+01,2.060039e+01,2.065621e+01,2.068410e+01,2.068410e+01,2.056548e+01,2.068410e+01,2.067713e+01,2.067713e+01,2.060736e+01,2.069108e+01,2.058643e+01,2.058643e+01,2.059340e+01,2.062830e+01,2.047468e+01,2.055152e+01,2.053755e+01,2.043274e+01,2.057246e+01,2.060039e+01,2.070502e+01,2.069805e+01,2.064923e+01,2.070502e+01,2.071200e+01,2.068410e+01,2.071897e+01,2.076079e+01,2.064923e+01,2.076079e+01,2.073291e+01,2.069805e+01,2.065621e+01,2.065621e+01,2.074685e+01,2.067016e+01,2.069805e+01,2.073291e+01,2.068410e+01,2.063528e+01,2.064225e+01,2.067016e+01,2.062132e+01,2.072594e+01,2.071200e+01,2.065621e+01,2.067016e+01,2.071200e+01,2.073291e+01,2.068410e+01,2.067713e+01,2.075382e+01,2.067713e+01,2.065621e+01,2.076079e+01,2.076775e+01,2.073988e+01,2.069108e+01,2.072594e+01,2.072594e+01,2.071897e+01,2.069805e+01,2.071897e+01,2.067016e+01,2.076079e+01,2.072594e+01,2.071200e+01,2.067713e+01,2.083045e+01,2.083741e+01,2.074685e+01,2.070502e+01,2.063528e+01,2.064225e+01,2.068410e+01,2.073291e+01,2.070502e+01,2.073988e+01,2.073988e+01,2.069805e+01,2.071897e+01,2.071200e+01,2.076079e+01,2.064923e+01,2.069805e+01,2.068410e+01,2.073291e+01,2.069805e+01,2.069108e+01,2.069108e+01,2.077472e+01,2.083741e+01,2.073988e+01,2.067713e+01,2.067713e+01,2.071897e+01,2.067016e+01,2.069108e+01,2.073291e+01,2.073291e+01,2.078866e+01,2.074685e+01,2.076079e+01,2.076079e+01,2.078169e+01,2.068410e+01,2.074685e+01,2.076775e+01,2.075382e+01,2.064225e+01,2.074685e+01,2.078866e+01,2.067016e+01,2.069108e+01,2.073291e+01,2.065621e+01,2.070502e+01,2.071200e+01,2.062830e+01,2.082348e+01,2.078866e+01,2.071897e+01,2.078866e+01,2.077472e+01,2.067713e+01,2.073291e+01,2.077472e+01,2.071200e+01,2.073291e+01,2.077472e+01,2.080259e+01,2.075382e+01,2.078169e+01,2.073988e+01,2.065621e+01,2.080955e+01,2.080259e+01,2.064225e+01,2.074685e+01,2.065621e+01,2.062132e+01,2.076079e+01,2.075382e+01,2.067016e+01,2.077472e+01,2.071200e+01,2.077472e+01,2.081652e+01,2.069108e+01,2.073988e+01,2.076079e+01,2.072594e+01,2.080259e+01,2.076775e+01,2.071200e+01,2.076079e+01,2.073988e+01,2.078169e+01,2.081652e+01,2.085830e+01,2.070502e+01,2.076775e+01,2.090006e+01,2.071200e+01,2.073988e+01,2.075382e+01,2.076775e+01,2.063528e+01,2.080259e+01,2.076079e+01,2.077472e+01,2.075382e+01,2.078169e+01,2.069108e+01,2.080955e+01,2.076775e+01,2.076079e+01,2.064225e+01,2.069805e+01,2.069805e+01,2.063528e+01,2.077472e+01,2.069108e+01,2.083045e+01,2.081652e+01,2.073988e+01,2.085134e+01,2.078866e+01,2.075382e+01,2.073291e+01,2.076079e+01,2.076079e+01,2.076079e+01,2.074685e+01,2.076079e+01,2.078866e+01,2.073988e+01,2.068410e+01,2.081652e+01,2.066318e+01,2.069805e+01,2.076079e+01,2.079562e+01,2.077472e+01,2.077472e+01,2.080955e+01,2.082348e+01,2.074685e+01,2.069805e+01,2.082348e+01,2.076775e+01,2.069108e+01,2.078866e+01,2.080955e+01,2.081652e+01,2.083741e+01,2.074685e+01,2.076079e+01,2.076079e+01,2.069108e+01,2.079562e+01,2.082348e+01,2.080259e+01,2.080955e+01,2.078169e+01,2.069805e+01,2.078866e+01,2.084437e+01,2.079562e+01,2.073988e+01,2.083741e+01,2.074685e+01,2.080955e+01,2.073291e+01,2.083741e+01,2.073291e+01,2.073988e+01,2.078169e+01,2.073291e+01,2.078169e+01,2.073988e+01,2.076079e+01,2.073291e+01,2.080259e+01,2.063528e+01,2.078169e+01,2.073988e+01,2.073988e+01,2.085134e+01,2.085830e+01,2.071200e+01,2.060736e+01,2.082348e+01,2.083741e+01,2.073988e+01,2.075382e+01,2.081652e+01,2.085830e+01,2.067713e+01,2.085830e+01,2.081652e+01,2.083741e+01,2.070502e+01,2.080955e+01,2.078169e+01,2.083045e+01,2.079562e+01,2.083741e+01,2.079562e+01,2.067016e+01,2.072594e+01,2.082348e+01,2.081652e+01,2.078169e+01,2.074685e+01,2.076775e+01,2.083741e+01,2.080259e+01,2.075382e+01,2.071897e+01,2.082348e+01,2.085134e+01,2.080955e+01,2.077472e+01,2.081652e+01,2.076079e+01,2.087918e+01,2.085830e+01,2.084437e+01,2.081652e+01,2.073291e+01,2.072594e+01,2.069805e+01,2.071897e+01,2.075382e+01,2.078866e+01,2.075382e+01,2.069108e+01,2.080955e+01,2.069805e+01,2.074685e+01,2.075382e+01,2.071897e+01,2.076775e+01,2.083741e+01,2.073291e+01,2.080259e+01,2.074685e+01,2.077472e+01,2.071200e+01,2.080955e+01,2.076775e+01,2.071897e+01,2.075382e+01,2.074685e+01,2.079562e+01,2.078169e+01,2.085134e+01,2.078169e+01,2.083045e+01,2.078169e+01,2.072594e+01,2.087222e+01,2.073988e+01,2.090006e+01,2.080955e+01,2.074685e+01,2.071200e+01,2.073988e+01,2.073291e+01,2.071200e+01,2.071200e+01,2.083045e+01,2.084437e+01,2.076079e+01,2.073291e+01,2.073988e+01,2.077472e+01,2.076079e+01,2.075382e+01,2.079562e+01,2.074685e+01,2.064923e+01,2.077472e+01,2.086526e+01,2.066318e+01,2.071897e+01,2.076775e+01,2.074685e+01,2.083045e+01,2.080955e+01,2.078169e+01,2.076079e+01,2.076079e+01,2.070502e+01,2.076775e+01,2.084437e+01,2.074685e+01,2.073291e+01,2.083741e+01,2.069805e+01,2.070502e+01,2.083045e+01,2.080955e+01,2.077472e+01,2.071897e+01,2.078169e+01,2.081652e+01,2.078866e+01,2.078866e+01,2.083741e+01,2.073988e+01,2.073988e+01,2.083741e+01,2.087222e+01,2.087222e+01,2.078169e+01,2.080259e+01,2.083741e+01,2.078169e+01,2.076775e+01,2.084437e+01,2.072594e+01,2.074685e+01,2.073291e+01,2.072594e+01,2.067713e+01
2.074685e+01,2.085134e+01,2.071897e+01,2.073988e+01,2.069805e+01,2.081652e+01,2.074685e+01,2.073291e+01,2.072594e+01,2.069805e+01,2.070502e+01,2.080259e+01,2.078866e+01,2.054453e+01,2.070502e+01,2.071897e+01,2.077472e+01,2.080955e+01,2.078169e+01,2.067016e+01,2.076775e+01,2.080955e+01,2.083045e+01,2.069108e+01,2.080259e+01,2.059340e+01,2.071200e+01,2.080955e+01,2.068410e+01,2.081652e+01,2.076775e+01,2.074685e+01,2.078866e+01,2.076079e+01,2.092789e+01,2.081652e+01,2.077472e+01,2.067713e+01,2.073291e+01,2.071897e+01,2.070502e+01,2.069805e+01,2.078866e+01,2.087222e+01,2.069805e+01,2.071200e+01,2.073291e+01,2.070502e+01,2.066318e+01,2.065621e+01,2.075382e+01,2.070502e+01,2.081652e+01,2.072594e+01,2.074685e+01,2.073291e+01,2.079562e+01,2.080259e+01,2.078169e+01,2.071200e+01,2.066318e+01,2.069805e+01,2.075382e+01,2.067016e+01,2.065621e+01,2.076079e+01,2.073988e+01,2.071897e+01,2.074685e+01,2.067016e+01,2.076079e+01,2.080259e+01,2.077472e+01,2.080259e+01,2.079562e+01,2.073291e+01,2.073988e+01,2.070502e+01,2.072594e+01,2.073291e+01,2.087222e+01,2.078169e+01,2.071897e+01,2.083741e+01,2.073988e+01,2.068410e+01,2.078169e+01,2.077472e+01,2.073291e+01,2.073291e+01,2.076775e+01,2.074685e+01,2.073988e+01,2.075382e+01,2.069805e+01,2.081652e+01,2.077472e+01,2.069805e+01,2.087222e+01,2.078866e+01,2.067016e+01,2.075382e+01,2.056548e+01,2.062132e+01,2.067016e+01,2.063528e+01,2.057944e+01,2.061434e+01,2.044672e+01,2.037679e+01,2.038379e+01,2.051660e+01,2.036280e+01,2.048865e+01,2.048865e+01,2.055850e+01,2.048865e+01,2.064225e+01,2.059340e+01,2.053057e+01,2.055850e+01,2.046769e+01,2.066318e+01,2.062132e+01,2.060736e+01,2.061434e+01,2.068410e+01,2.059340e+01,2.062132e+01,2.059340e+01,2.065621e+01,2.068410e+01,2.075382e+01,2.073988e+01,2.071897e+01,2.069108e+01,2.053755e+01,2.077472e+01,2.072594e+01,2.067016e+01,2.073988e+01,2.063528e+01,2.074685e+01,2.074685e+01,2.074685e+01,2.076079e+01,2.063528e+01,2.061434e+01,2.076079e+01,2.071897e+01,2.075382e+01,2.072594e+01,2.077472e+01,2.076079e+01,2.067713e+01,2.069108e+01,2.075382e+01,2.065621e+01,2.087222e+01,2.083045e+01,2.063528e+01,2.067713e+01,2.077472e+01,2.069108e+01,2.074685e+01,2.076079e+01,2.075382e+01,2.083741e+01,2.078866e+01,2.073988e+01,2.078169e+01,2.063528e+01,2.069108e+01,2.069108e+01,2.063528e+01,2.060039e+01,2.060039e+01,2.057246e+01,2.055850e+01,2.053755e+01,2.048865e+01,2.054453e+01,2.052358e+01,2.053057e+01,2.060736e+01,2.060736e+01,2.058643e+01,2.058643e+01,2.062830e+01,2.065621e+01,2.064225e+01,2.069805e+01,2.072594e+01,2.063528e+01,2.076079e+01,2.070502e+01,2.071897e+01,2.063528e+01,2.066318e+01,2.085134e+01,2.077472e+01,2.084437e+01,2.076079e+01,2.071200e+01,2.072594e+01,2.067713e+01,2.068410e+01,2.062132e+01,2.062830e+01,2.071200e+01,2.075382e+01,2.073988e+01,2.073291e+01,2.059340e+01,2.071897e+01,2.078866e+01,2.076775e+01,2.071200e+01,2.063528e+01,2.065621e+01,2.067016e+01,2.069108e+01,2.071897e+01,2.066318e+01,2.070502e+01,2.071897e+01,2.072594e+01,2.074685e+01,2.065621e+01,2.069108e+01,2.059340e+01,2.058643e+01,2.058643e+01,2.060039e+01,2.055850e+01,2.071200e+01,2.068410e+01,2.071897e+01,2.061434e+01,2.063528e+01,2.062830e+01,2.060736e+01,2.059340e+01,2.067016e+01,2.069108e+01,2.057944e+01,2.061434e+01,2.064225e+01,2.065621e+01,2.067713e+01,2.055850e+01,2.063528e+01,2.064923e+01,2.060736e+01,2.060039e+01,2.053755e+01,2.066318e+01,2.064923e+01,2.068410e+01,2.067713e+01,2.067713e+01,2.067713e+01,2.062830e+01,2.062132e+01,2.067016e+01,2.062132e+01,2.067713e+01,2.066318e+01,2.057246e+01,2.048865e+01,2.053755e+01,2.055152e+01,2.047468e+01,2.065621e+01,2.061434e+01,2.062132e+01,2.067713e+01,2.072594e+01,2.069108e+01,2.067016e+01,2.068410e+01,2.066318e+01,2.069108e+01,2.064923e+01,2.067713e+01,2.069805e+01,2.065621e+01,2.070502e+01,2.073291e+01,2.067016e+01,2.069805e+01,2.065621e+01,2.067016e+01,2.069805e+01,2.068410e+01,2.071200e+01,2.073291e+01,2.069108e+01,2.067713e+01,2.062132e+01,2.071200e+01,2.062132e+01,2.068410e+01,2.076079e+01,2.066318e+01,2.078169e+01,2.073988e+01,2.076079e+01,2.076079e+01,2.071200e+01,2.069805e+01,2.065621e+01,2.073988e+01,2.073291e+01,2.076079e+01,2.067713e+01,2.069805e+01,2.071897e+01,2.087222e+01,2.066318e+01,2.071200e+01,2.071200e+01,2.070502e+01,2.085830e+01,2.076079e+01,2.061434e+01,2.062132e+01,2.069805e+01,2.067016e+01,2.072594e+01,2.071200e+01,2.067016e+01,2.069108e+01,2.069805e+01,2.076775e+01,2.075382e+01,2.069108e+01,2.065621e+01,2.068410e+01,2.075382e+01,2.078866e+01,2.066318e+01,2.081652e+01,2.085134e+01,2.067016e+01,2.072594e+01,2.069805e+01,2.069108e+01,2.078169e+01,2.071897e+01,2.073988e+01,2.069108e+01,2.072594e+01,2.064225e+01,2.081652e+01,2.076079e+01,2.076775e+01,2.076079e+01,2.075382e+01,2.074685e+01,2.076775e+01,2.071897e+01,2.072594e+01,2.076775e+01,2.067713e+01,2.067016e+01,2.078866e+01,2.068410e+01,2.069805e+01,2.071200e+01,2.065621e+01,2.073291e+01,2.073291e+01,2.076775e+01,2.069805e+01,2.079562e+01,2.080259e+01,2.073291e+01,2.078866e+01,2.078169e+01,2.080955e+01,2.074685e+01,2.071200e+01,2.069805e+01,2.076775e+01,2.078169e+01,2.074685e+01,2.076079e+01,2.069108e+01,2.076079e+01,2.060736e+01,2.072594e+01,2.064923e+01,2.075382e+01,2.076775e+01,2.077472e+01,2.076775e+01,2.076079e+01,2.075382e+01,2.069108e+01,2.074685e+01,2.072594e+01,2.069108e+01,2.080259e+01,2.083741e+01,2.073988e+01,2.068410e+01,2.064225e+01,2.063528e+01,2.073988e+01,2.074685e+01,2.074685e+01,2.075382e+01,2.086526e+01,2.078169e+01,2.066318e+01,2.080955e+01,2.067713e+01,2.073291e+01,2.078866e+01,2.078866e+01,2.080259e+01,2.072594e+01,2.076775e+01,2.073291e+01,2.069805e+01,2.073988e+01,2.077472e+01,2.067713e+01,2.073988e+01,2.072594e+01,2.076079e+01,2.075382e+01,2.073291e+01,2.064225e+01,2.079562e+01,2.071897e+01,2.068410e+01,2.071200e+01,2.071897e+01,2.077472e+01,2.082348e+01,2.075382e+01,2.073291e+01,2.081652e+01,2.076079e+01,2.082348e+01,2.076079e+01,2.075382e+01,2.075382e+01,2.076775e+01,2.070502e+01,2.069805e+01,2.072594e+01,2.062830e+01,2.078866e+01,2.071897e+01,2.071200e+01,2.079562e+01,2.086526e+01,2.073291e+01,2.069805e+01,2.072594e+01,2.083045e+01,2.082348e+01,2.073988e+01,2.078866e+01,2.080259e+01,2.075382e+01,2.071897e+01,2.075382e+01,2.082348e+01,2.074685e+01,2.078169e+01,2.071897e+01,2.070502e+01,2.080955e+01,2.079562e+01,2.080259e+01,2.076079e+01,2.092093e+01,2.081652e+01,2.076079e+01,2.083741e+01,2.080259e+01,2.088614e+01,2.078169e+01,2.073291e+01,2.075382e+01,2.073988e+01,2.081652e+01,2.080259e+01,2.075382e+01,2.079562e+01,2.077472e+01,2.073988e+01,2.071897e+01,2.072594e+01,2.076079e+01,2.080259e+01,2.073988e+01,2.070502e+01,2.076079e+01,2.073291e+01,2.075382e+01,2.083045e+01,2.078169e+01,2.077472e+01,2.083741e+01,2.069805e+01,2.086526e+01,2.080259e+01,2.073988e+01,2.077472e+01,2.080955e+01,2.081652e+01,2.071200e+01,2.083045e+01,2.087222e+01,2.075382e+01,2.078866e+01,2.072594e+01,2.084437e+01,2.071897e+01,2.077472e+01,2.066318e+01,2.071200e+01,2.084437e+01,2.076079e+01,2.074685e+01,2.071200e+01,2.082348e+01,2.076079e+01,2.067016e+01,2.080955e+01,2.079562e+01,2.072594e+01,2.072594e+01,2.078866e+01,2.085830e+01,2.071897e+01,2.080259e+01,2.072594e+01,2.070502e+01,2.070502e+01,2.071200e+01,2.059340e+01,2.074685e+01,2.073988e+01,2.080259e+01,2.072594e+01,2.073291e+01,2.074685e+01,2.070502e+01,2.073291e+01,2.078169e+01,2.071897e+01,2.076775e+01,2.080259e+01,2.079562e+01,2.075382e+01,2.076775e+01,2.074685e+01,2.078169e+01,2.082348e+01,2.078866e+01,2.077472e+01,2.078169e+01,2.077472e+01,2.078169e+01,2.080259e+01,2.080259e+01,2.073988e+01,2.071897e+01,2.066318e+01,2.070502e+01,2.075382e+01,2.067713e+01,2.079562e+01,2.067016e+01,2.073291e+01,2.082348e+01,2.079562e+01,2.068410e+01,2.076775e+01,2.071200e+01,2.072594e+01,2.078169e+01,2.076079e+01,2.063528e+01,2.074685e+01,2.070502e+01,2.078169e+01,2.070502e+01,2.062132e+01,2.066318e+01,2.076079e+01,2.077472e+01,2.083045e+01,2.069108e+01,2.077472e+01,2.082348e+01,2.073988e+01,2.076079e+01,2.065621e+01,2.076775e+01,2.066318e+01,2.087222e+01,2.065621e+01,2.087222e+01,2.083045e+01,2.085830e+01,2.066318e+01,2.085134e+01,2.081652e+01,2.091398e+01,2.088614e+01,2.076775e+01,2.074685e+01,2.071897e+01,2.069108e+01,2.085134e+01,2.070502e+01,2.071200e+01,2.073988e+01,2.078169e+01,2.072594e+01,2.082348e+01,2.079562e+01,2.069108e+01,2.077472e+01,2.071897e+01,2.075382e+01,2.073291e+01,2.072594e+01,2.065621e+01,2.085134e+01,2.063528e+01,2.084437e+01,2.070502e+01
2.074685e+01,2.079562e+01,2.073291e+01,2.073291e+01,2.070502e+01,2.073988e+01,2.080259e+01,2.080955e+01,2.074685e+01,2.071897e+01,2.068410e+01,2.075382e+01,2.081652e+01,2.078866e+01,2.083045e+01,2.078169e+01,2.075382e+01,2.076775e+01,2.086526e+01,2.073988e+01,2.071897e+01,2.072594e+01,2.053057e+01,2.059340e+01,2.083045e+01,2.080955e+01,2.072594e+01,2.084437e+01,2.076079e+01,2.064923e+01,2.065621e+01,2.067016e+01,2.083045e+01,2.076079e+01,2.078866e+01,2.071897e+01,2.073291e+01,2.074685e+01,2.079562e+01,2.067713e+01,2.071897e+01,2.079562e+01,2.080259e+01,2.069108e+01,2.071897e+01,2.071897e+01,2.063528e+01,2.078866e+01,2.079562e+01,2.085134e+01,2.082348e+01,2.070502e+01,2.085134e+01,2.073988e+01,2.076079e+01,2.070502e+01,2.076775e+01,2.073988e+01,2.062830e+01,2.075382e+01,2.071897e+01,2.077472e+01,2.080259e+01,2.075382e+01,2.078866e+01,2.078169e+01,2.068410e+01,2.074685e+01,2.072594e+01,2.073988e+01,2.075382e+01,2.073988e+01,2.083741e+01,2.083045e+01,2.081652e+01,2.076079e+01,2.076775e+01,2.076079e+01,2.069805e+01,2.083741e+01,2.069108e+01,2.089310e+01,2.082348e+01,2.078866e+01,2.090006e+01,2.078169e+01,2.083045e+01,2.062132e+01,2.073988e+01,2.074685e+01,2.074685e+01,2.081652e+01,2.077472e+01,2.072594e+01,2.091398e+01,2.085134e+01,2.074685e+01,2.079562e+01,2.081652e+01,2.069108e+01,2.078866e+01,2.089310e+01,2.062830e+01,2.071200e+01,2.064923e+01,2.064225e+01,2.056548e+01,2.060736e+01,2.051660e+01,2.049564e+01,2.047468e+01,2.049564e+01,2.048166e+01,2.051660e+01,2.052358e+01,2.055152e+01,2.060736e+01,2.060736e+01,2.060039e+01,2.063528e+01,2.057944e+01,2.050961e+01,2.062132e+01,2.060736e+01,2.066318e+01,2.060736e+01,2.060736e+01,2.060736e+01,2.069805e+01,2.073291e+01,2.076079e+01,2.071200e+01,2.077472e+01,2.076775e+01,2.057944e+01,2.075382e+01,2.076775e+01,2.070502e+01,2.077472e+01,2.078169e+01,2.071897e+01,2.072594e+01,2.078866e+01,2.076079e+01,2.075382e+01,2.069805e+01,2.077472e+01,2.071897e+01,2.071897e+01,2.071897e+01,2.078866e+01,2.071200e+01,2.078866e+01,2.078169e+01,2.074685e+01,2.078866e+01,2.073988e+01,2.074685e+01,2.064923e+01,2.071200e+01,2.081652e+01,2.068410e+01,2.071200e+01,2.066318e+01,2.062830e+01,2.083741e+01,2.072594e+01,2.071200e+01,2.077472e+01,2.071897e+01,2.069805e+01,2.069805e+01,2.064225e+01,2.060039e+01,2.065621e+01,2.058643e+01,2.053755e+01,2.046769e+01,2.055850e+01,2.058643e+01,2.048166e+01,2.052358e+01,2.050262e+01,2.050262e+01,2.052358e+01,2.051660e+01,2.071200e+01,2.057246e+01,2.053755e+01,2.058643e+01,2.057246e+01,2.068410e+01,2.060736e+01,2.067016e+01,2.075382e+01,2.067016e+01,2.074685e+01,2.079562e+01,2.066318e+01,2.072594e+01,2.076775e+01,2.065621e+01,2.077472e+01,2.072594e+01,2.079562e+01,2.076775e+01,2.078866e+01,2.077472e+01,2.070502e+01,2.078169e+01,2.067016e+01,2.068410e+01,2.066318e+01,2.073291e+01,2.072594e+01,2.070502e+01,2.072594e+01,2.070502e+01,2.069108e+01,2.073988e+01,2.067713e+01,2.072594e+01,2.069805e+01,2.068410e+01,2.071897e+01,2.069108e+01,2.071897e+01,2.061434e+01,2.065621e+01,2.060039e+01,2.059340e+01,2.060039e+01,2.055850e+01,2.053057e+01,2.063528e+01,2.066318e+01,2.065621e+01,2.069108e+01,2.063528e+01,2.064923e+01,2.067016e+01,2.066318e+01,2.061434e+01,2.064923e+01,2.065621e+01,2.060736e+01,2.065621e+01,2.069108e+01,2.064923e+01,2.064923e+01,2.062830e+01,2.065621e+01,2.062132e+01,2.065621e+01,2.064225e+01,2.066318e+01,2.066318e+01,2.066318e+01,2.066318e+01,2.060039e+01,2.061434e+01,2.072594e+01,2.059340e+01,2.058643e+01,2.055152e+01,2.057944e+01,2.065621e+01,2.060736e+01,2.056548e+01,2.054453e+01,2.056548e+01,2.064923e+01,2.060736e+01,2.067713e+01,2.067016e+01,2.076079e+01,2.072594e+01,2.062830e+01,2.069805e+01,2.068410e+01,2.068410e+01,2.067713e+01,2.067016e+01,2.063528e+01,2.062830e+01,2.066318e+01,2.073988e+01,2.068410e+01,2.071200e+01,2.069108e+01,2.071200e+01,2.064225e+01,2.067713e+01,2.063528e+01,2.070502e+01,2.073291e+01,2.068410e+01,2.064923e+01,2.082348e+01,2.083045e+01,2.087918e+01,2.076775e+01,2.075382e+01,2.076775e+01,2.063528e+01,2.076079e+01,2.063528e+01,2.067016e+01,2.063528e+01,2.062830e+01,2.070502e+01,2.069805e+01,2.070502e+01,2.068410e+01,2.067016e+01,2.071200e+01,2.069108e+01,2.071897e+01,2.074685e+01,2.074685e+01,2.071200e+01,2.067713e+01,2.068410e+01,2.071897e+01,2.076775e+01,2.068410e+01,2.071200e+01,2.064225e+01,2.073988e+01,2.071897e+01,2.075382e+01,2.071897e+01,2.075382e+01,2.071200e+01,2.062132e+01,2.076775e+01,2.075382e+01,2.078169e+01,2.066318e+01,2.072594e+01,2.071897e+01,2.079562e+01,2.071897e+01,2.071200e+01,2.071200e+01,2.073291e+01,2.071897e+01,2.071200e+01,2.078169e+01,2.082348e+01,2.069108e+01,2.071200e+01,2.065621e+01,2.075382e+01,2.073291e+01,2.072594e+01,2.076079e+01,2.069805e+01,2.073291e+01,2.073291e+01,2.083741e+01,2.071200e+01,2.074685e+01,2.066318e+01,2.067713e+01,2.063528e+01,2.069805e+01,2.075382e+01,2.071897e+01,2.078866e+01,2.067016e+01,2.079562e+01,2.077472e+01,2.069805e+01,2.069108e+01,2.078866e+01,2.081652e+01,2.081652e+01,2.077472e+01,2.078169e+01,2.069108e+01,2.071200e+01,2.078866e+01,2.083741e+01,2.074685e+01,2.075382e+01,2.069805e+01,2.079562e+01,2.065621e+01,2.074685e+01,2.067016e+01,2.061434e+01,2.069805e+01,2.071200e+01,2.071897e+01,2.073988e+01,2.073988e+01,2.072594e+01,2.072594e+01,2.069108e+01,2.071200e+01,2.068410e+01,2.071897e+01,2.068410e+01,2.080955e+01,2.067713e+01,2.078169e+01,2.080955e+01,2.077472e+01,2.077472e+01,2.079562e+01,2.072594e+01,2.079562e+01,2.082348e+01,2.077472e+01,2.076079e+01,2.071897e+01,2.071200e+01,2.076775e+01,2.077472e+01,2.078866e+01,2.076775e+01,2.067016e+01,2.080955e+01,2.078866e+01,2.072594e+01,2.076079e+01,2.074685e+01,2.081652e+01,2.074685e+01,2.077472e+01,2.071200e+01,2.069108e+01,2.073988e+01,2.076079e+01,2.066318e+01,2.073291e+01,2.085134e+01,2.082348e+01,2.069805e+01,2.074685e+01,2.073291e+01,2.071897e+01,2.077472e+01,2.073988e+01,2.080259e+01,2.076079e+01,2.073988e+01,2.076079e+01,2.082348e+01,2.080955e+01,2.079562e+01,2.079562e+01,2.076775e+01,2.087918e+01,2.079562e+01,2.071897e+01,2.083045e+01,2.079562e+01,2.074685e+01,2.082348e+01,2.073988e+01,2.084437e+01,2.084437e+01,2.082348e+01,2.080259e+01,2.078866e+01,2.073291e+01,2.070502e+01,2.083741e+01,2.078866e+01,2.076775e+01,2.074685e+01,2.077472e+01,2.077472e+01,2.081652e+01,2.077472e+01,2.068410e+01,2.076775e+01,2.076775e+01,2.083045e+01,2.072594e+01,2.073988e+01,2.080259e+01,2.083045e+01,2.078169e+01,2.069805e+01,2.076775e+01,2.077472e+01,2.075382e+01,2.073988e+01,2.077472e+01,2.076079e+01,2.076079e+01,2.076079e+01,2.080259e+01,2.083741e+01,2.071200e+01,2.071200e+01,2.074685e+01,2.080259e+01,2.078866e+01,2.071897e+01,2.072594e+01,2.079562e+01,2.082348e+01,2.073291e+01,2.080955e+01,2.083741e+01,2.077472e+01,2.082348e+01,2.078169e+01,2.072594e+01,2.066318e+01,2.080259e+01,2.073291e+01,2.066318e+01,2.067016e+01,2.083741e+01,2.081652e+01,2.080955e+01,2.083045e+01,2.076079e+01,2.052358e+01,2.071897e+01,2.070502e+01,2.078169e+01,2.071897e+01,2.076775e+01,2.084437e+01,2.074685e+01,2.081652e+01,2.076079e+01,2.081652e+01,2.077472e+01,2.077472e+01,2.078169e+01,2.072594e+01,2.082348e+01,2.078866e+01,2.077472e+01,2.074685e+01,2.079562e+01,2.069805e+01,2.071200e+01,2.076775e+01,2.073988e+01,2.071200e+01,2.080259e+01,2.073291e+01,2.073291e+01,2.079562e+01,2.073988e+01,2.076079e+01,2.069108e+01,2.070502e+01,2.067016e+01,2.073988e+01,2.079562e+01,2.079562e+01,2.073988e+01,2.076079e+01,2.080955e+01,2.073988e+01,2.059340e+01,2.071200e+01,2.076079e+01,2.075382e+01,2.077472e+01,2.078866e+01,2.070502e+01,2.078169e+01,2.071897e+01,2.071200e+01,2.070502e+01,2.071200e+01,2.073291e+01,2.066318e+01,2.083741e+01,2.076079e+01,2.082348e+01,2.081652e+01,2.077472e+01,2.077472e+01,2.082348e+01,2.081652e+01,2.080259e+01,2.083045e+01,2.066318e+01,2.073291e+01,2.074685e+01,2.080955e+01,2.076775e+01,2.075382e+01,2.069805e+01,2.069108e+01,2.066318e+01,2.077472e+01,2.078169e+01,2.072594e+01,2.057246e+01,2.080955e+01,2.081652e+01,2.076079e+01,2.081652e+01,2.076079e+01,2.076079e+01,2.069805e+01,2.074685e+01,2.074685e+01,2.079562e+01,2.068410e+01,2.079562e+01,2.068410e+01,2.081652e+01,2.080259e+01,2.085830e+01,2.074685e+01,2.083045e+01,2.085830e+01,2.081652e+01,2.066318e+01,2.071897e+01,2.072594e+01,2.085830e+01,2.080955e+01,2.081652e+01,2.074685e+01,2.057944e+01,2.085134e+01,2.080259e+01,2.073291e+01,2.077472e+01,2.071200e+01,2.083741e+01,2.062830e+01,2.078866e+01,2.067016e+01,2.064225e+01,2.074685e+01
2.077472e+01,2.076775e+01,2.078866e+01,2.081652e+01,2.074685e+01,2.085134e+01,2.082348e+01,2.070502e+01,2.071897e+01,2.069108e+01,2.081652e+01,2.073988e+01,2.079562e+01,2.071200e+01,2.079562e+01,2.070502e+01,2.069108e+01,2.079562e+01,2.084437e+01,2.083045e+01,2.079562e+01,2.083045e+01,2.083741e+01,2.084437e+01,2.078169e+01,2.071200e+01,2.070502e+01,2.074685e+01,2.087918e+01,2.076079e+01,2.078169e+01,2.076775e+01,2.076079e+01,2.078866e+01,2.078169e+01,2.082348e+01,2.062132e+01,2.060039e+01,2.064923e+01,2.076079e+01,2.073988e+01,2.074685e+01,2.074685e+01,2.085830e+01,2.083045e+01,2.073291e+01,2.079562e+01,2.083045e+01,2.059340e+01,2.071200e+01,2.085830e+01,2.087222e+01,2.071200e+01,2.078169e+01,2.073988e+01,2.080259e+01,2.071897e+01,2.081652e+01,2.074685e+01,2.081652e+01,2.077472e+01,2.075382e+01,2.076775e+01,2.072594e+01,2.076079e+01,2.072594e+01,2.072594e+01,2.074685e+01,2.085830e+01,2.083045e+01,2.076775e+01,2.081652e+01,2.079562e+01,2.078866e+01,2.081652e+01,2.079562e+01,2.075382e+01,2.078866e+01,2.067016e+01,2.078866e+01,2.068410e+01,2.080259e+01,2.081652e+01,2.080955e+01,2.085134e+01,2.067713e+01,2.087918e+01,2.073988e+01,2.074685e+01,2.073988e+01,2.073291e+01,2.076775e+01,2.075382e+01,2.070502e+01,2.078169e+01,2.069108e+01,2.082348e+01,2.071897e+01,2.085134e+01,2.069805e+01,2.078169e+01,2.085134e+01,2.068410e+01,2.064923e+01,2.056548e+01,2.053755e+01,2.048166e+01,2.052358e+01,2.048865e+01,2.047468e+01,2.048166e+01,2.047468e+01,2.048166e+01,2.051660e+01,2.040477e+01,2.053755e+01,2.056548e+01,2.055152e+01,2.058643e+01,2.064923e+01,2.057944e+01,2.062132e+01,2.048166e+01,2.064225e+01,2.063528e+01,2.064225e+01,2.064225e+01,2.080259e+01,2.067713e+01,2.077472e+01,2.075382e+01,2.076775e+01,2.071897e+01,2.071897e+01,2.068410e+01,2.080955e+01,2.076079e+01,2.067713e+01,2.079562e+01,2.068410e+01,2.069108e+01,2.076775e+01,2.073291e+01,2.074685e+01,2.078866e+01,2.072594e+01,2.075382e+01,2.069805e+01,2.068410e+01,2.069805e+01,2.070502e+01,2.078866e+01,2.080259e+01,2.078169e+01,2.069108e+01,2.075382e+01,2.075382e+01,2.069108e+01,2.064225e+01,2.073988e+01,2.071200e+01,2.069805e+01,2.074685e+01,2.069108e+01,2.071897e+01,2.068410e+01,2.072594e+01,2.071897e+01,2.070502e+01,2.064225e+01,2.071200e+01,2.057246e+01,2.061434e+01,2.063528e+01,2.061434e+01,2.053755e+01,2.056548e+01,2.057246e+01,2.052358e+01,2.045371e+01,2.055850e+01,2.058643e+01,2.052358e+01,2.051660e+01,2.062132e+01,2.058643e+01,2.057246e+01,2.067016e+01,2.063528e+01,2.067713e+01,2.050262e+01,2.060736e+01,2.062132e+01,2.059340e+01,2.067016e+01,2.073988e+01,2.077472e+01,2.078866e+01,2.078866e+01,2.068410e+01,2.081652e+01,2.080259e+01,2.082348e+01,2.078169e+01,2.080259e+01,2.074685e+01,2.079562e+01,2.078866e+01,2.064923e+01,2.073988e+01,2.079562e+01,2.071200e+01,2.073291e+01,2.075382e+01,2.078169e+01,2.072594e+01,2.079562e+01,2.077472e+01,2.079562e+01,2.072594e+01,2.068410e+01,2.069108e+01,2.069108e+01,2.071897e+01,2.071897e+01,2.068410e+01,2.062132e+01,2.062132e+01,2.073988e+01,2.062132e+01,2.061434e+01,2.059340e+01,2.058643e+01,2.069805e+01,2.064923e+01,2.060736e+01,2.063528e+01,2.058643e+01,2.066318e+01,2.065621e+01,2.060736e+01,2.067016e+01,2.066318e+01,2.057246e+01,2.064225e+01,2.063528e+01,2.067016e+01,2.070502e+01,2.064923e+01,2.064225e+01,2.062132e+01,2.062132e+01,2.063528e+01,2.064225e+01,2.065621e+01,2.065621e+01,2.066318e+01,2.065621e+01,2.061434e+01,2.063528e+01,2.062830e+01,2.066318e+01,2.067016e+01,2.069108e+01,2.065621e+01,2.064225e+01,2.064225e+01,2.059340e+01,2.066318e+01,2.071200e+01,2.064225e+01,2.060736e+01,2.064923e+01,2.065621e+01,2.061434e+01,2.062830e+01,2.069108e+01,2.067713e+01,2.064225e+01,2.069108e+01,2.067016e+01,2.065621e+01,2.065621e+01,2.064225e+01,2.071897e+01,2.065621e+01,2.064923e+01,2.069108e+01,2.073988e+01,2.067713e+01,2.078866e+01,2.064923e+01,2.062830e+01,2.065621e+01,2.070502e+01,2.075382e+01,2.064923e+01,2.067016e+01,2.079562e+01,2.068410e+01,2.074685e+01,2.074685e+01,2.072594e+01,2.066318e+01,2.076079e+01,2.068410e+01,2.072594e+01,2.067713e+01,2.067016e+01,2.071200e+01,2.062132e+01,2.065621e+01,2.067713e+01,2.069805e+01,2.066318e+01,2.069108e+01,2.081652e+01,2.071897e+01,2.070502e+01,2.072594e+01,2.069108e+01,2.076079e+01,2.072594e+01,2.071897e+01,2.061434e+01,2.064923e+01,2.071200e+01,2.068410e+01,2.074685e+01,2.068410e+01,2.073988e+01,2.076775e+01,2.070502e+01,2.068410e+01,2.068410e+01,2.064923e+01,2.076079e+01,2.077472e+01,2.068410e+01,2.069108e+01,2.073988e+01,2.075382e+01,2.074685e+01,2.074685e+01,2.071200e+01,2.072594e+01,2.070502e+01,2.080955e+01,2.073988e+01,2.079562e+01,2.080955e+01,2.076079e+01,2.079562e+01,2.079562e+01,2.073291e+01,2.076775e+01,2.077472e+01,2.075382e+01,2.080955e+01,2.078866e+01,2.075382e+01,2.078866e+01,2.071897e+01,2.071200e+01,2.066318e+01,2.073988e+01,2.079562e+01,2.069805e+01,2.082348e+01,2.072594e+01,2.074685e+01,2.080259e+01,2.080259e+01,2.071897e+01,2.079562e+01,2.071897e+01,2.070502e+01,2.073988e+01,2.079562e+01,2.078866e+01,2.069108e+01,2.085134e+01,2.067713e+01,2.085134e+01,2.069108e+01,2.069108e+01,2.069805e+01,2.067016e+01,2.077472e+01,2.070502e+01,2.075382e+01,2.073988e+01,2.073988e+01,2.069108e+01,2.069108e+01,2.074685e+01,2.076079e+01,2.075382e+01,2.075382e+01,2.072594e+01,2.073988e+01,2.079562e+01,2.074685e+01,2.069108e+01,2.071200e+01,2.061434e+01,2.076775e+01,2.076079e+01,2.076079e+01,2.075382e+01,2.076079e+01,2.076079e+01,2.074685e+01,2.083045e+01,2.079562e+01,2.081652e+01,2.078169e+01,2.076079e+01,2.067713e+01,2.076079e+01,2.079562e+01,2.077472e+01,2.076775e+01,2.083741e+01,2.076079e+01,2.071897e+01,2.079562e+01,2.074685e+01,2.075382e+01,2.081652e+01,2.075382e+01,2.077472e+01,2.069805e+01,2.073291e+01,2.074685e+01,2.079562e+01,2.076775e+01,2.080259e+01,2.097658e+01,2.072594e+01,2.077472e+01,2.074685e+01,2.074685e+01,2.076079e+01,2.077472e+01,2.073988e+01,2.074685e+01,2.085134e+01,2.074685e+01,2.082348e+01,2.082348e+01,2.075382e+01,2.076079e+01,2.070502e+01,2.080259e+01,2.085830e+01,2.082348e+01,2.073988e+01,2.075382e+01,2.079562e+01,2.083741e+01,2.079562e+01,2.084437e+01,2.080259e+01,2.078866e+01,2.080955e+01,2.070502e+01,2.078866e+01,2.080955e+01,2.078866e+01,2.075382e+01,2.080955e+01,2.075382e+01,2.076775e+01,2.076079e+01,2.068410e+01,2.064923e+01,2.083741e+01,2.071897e+01,2.083741e+01,2.083045e+01,2.081652e+01,2.078169e+01,2.077472e+01,2.081652e+01,2.081652e+01,2.057944e+01,2.072594e+01,2.069108e+01,2.072594e+01,2.080955e+01,2.070502e+01,2.080955e+01,2.078169e+01,2.077472e+01,2.077472e+01,2.073291e+01,2.076079e+01,2.072594e+01,2.088614e+01,2.079562e+01,2.073988e+01,2.069108e+01,2.073988e+01,2.077472e+01,2.070502e+01,2.082348e+01,2.074685e+01,2.083741e+01,2.079562e+01,2.078169e+01,2.076079e+01,2.076775e+01,2.076079e+01,2.077472e+01,2.081652e+01,2.080259e+01,2.086526e+01,2.085134e+01,2.078866e+01,2.076775e+01,2.078169e+01,2.079562e+01,2.073291e+01,2.075382e+01,2.074685e+01,2.082348e+01,2.072594e+01,2.074685e+01,2.075382e+01,2.076079e+01,2.082348e+01,2.080259e+01,2.080955e+01,2.076079e+01,2.082348e+01,2.080955e+01,2.077472e+01,2.087222e+01,2.076079e+01,2.076079e+01,2.086526e+01,2.073988e+01,2.073988e+01,2.068410e+01,2.078169e+01,2.071897e+01,2.073988e+01,2.074685e+01,2.071200e+01,2.070502e+01,2.073291e+01,2.078169e+01,2.073291e+01,2.075382e+01,2.073291e+01,2.069108e+01,2.073291e+01,2.074685e+01,2.080259e+01,2.081652e+01,2.081652e+01,2.083045e+01,2.071897e+01,2.080955e+01,2.077472e+01,2.075382e+01,2.074685e+01,2.073988e+01,2.074685e+01,2.076079e+01,2.075382e+01,2.076775e+01,2.069108e+01,2.078866e+01,2.073988e+01,2.078169e+01,2.077472e+01,2.070502e+01,2.081652e+01,2.073988e+01,2.078866e+01,2.075382e+01,2.080259e+01,2.080955e+01,2.071200e+01,2.082348e+01,2.069108e+01,2.075382e+01,2.069108e+01,2.073988e+01,2.087222e+01,2.073291e+01,2.071200e+01,2.057944e+01,2.053755e+01,2.080259e+01,2.070502e+01,2.083045e+01,2.070502e+01,2.068410e+01,2.071897e+01,2.076079e+01,2.077472e+01,2.057246e+01,2.074685e+01,2.063528e+01,2.077472e+01,2.070502e+01,2.074685e+01,2.087222e+01,2.071897e+01,2.073291e+01,2.067016e+01,2.076079e+01,2.070502e+01,2.089310e+01,2.080259e+01,2.070502e+01,2.071200e+01,2.071200e+01,2.085134e+01,2.077472e+01,2.085830e+01,2.083045e+01,2.080259e+01,2.080955e+01,2.084437e+01,2.084437e+01,2.074685e+01,2.071200e+01,2.073291e+01,2.070502e+01,2.076775e+01,2.085134e+01,2.085830e+01,2.049564e+01,2.083045e+01,2.085134e+01,2.080259e+01
2.078169e+01,2.085134e+01,2.075382e+01,2.078866e+01,2.080259e+01,2.081652e+01,2.082348e+01,2.071200e+01,2.071200e+01,2.067713e+01,2.082348e+01,2.077472e+01,2.069805e+01,2.081652e+01,2.066318e+01,2.076775e+01,2.076079e+01,2.070502e+01,2.069805e+01,2.086526e+01,2.081652e+01,2.078169e+01,2.083741e+01,2.074685e+01,2.073291e+01,2.077472e+01,2.068410e+01,2.070502e+01,2.090702e+01,2.075382e+01,2.083045e+01,2.062830e+01,2.083045e+01,2.080955e+01,2.078866e+01,2.078169e+01,2.064225e+01,2.074685e+01,2.078866e+01,2.078866e+01,2.069805e+01,2.083741e+01,2.075382e+01,2.081652e+01,2.079562e+01,2.087222e+01,2.083741e+01,2.082348e+01,2.073291e+01,2.078866e+01,2.078169e+01,2.070502e+01,2.081652e+01,2.073291e+01,2.071897e+01,2.076775e+01,2.078866e+01,2.078169e+01,2.073291e+01,2.076775e+01,2.083741e+01,2.080259e+01,2.083741e+01,2.075382e+01,2.076775e+01,2.081652e+01,2.074685e+01,2.074685e+01,2.074685e+01,2.072594e+01,2.080259e+01,2.060736e+01,2.077472e+01,2.079562e+01,2.080259e+01,2.076775e+01,2.080259e+01,2.076079e+01,2.076079e+01,2.078866e+01,2.077472e+01,2.073988e+01,2.078866e+01,2.087222e+01,2.081652e+01,2.073988e+01,2.089310e+01,2.076079e+01,2.078866e+01,2.075382e+01,2.073988e+01,2.073291e+01,2.081652e+01,2.076079e+01,2.076079e+01,2.076775e+01,2.077472e+01,2.074685e+01,2.080955e+01,2.079562e+01,2.073291e+01,2.078169e+01,2.067713e+01,2.067713e+01,2.048865e+01,2.047468e+01,2.039778e+01,2.050262e+01,2.051660e+01,2.047468e+01,2.046070e+01,2.050961e+01,2.050961e+01,2.047468e+01,2.052358e+01,2.055152e+01,2.072594e+01,2.055152e+01,2.055152e+01,2.055850e+01,2.056548e+01,2.062132e+01,2.067713e+01,2.063528e+01,2.064923e+01,2.063528e+01,2.061434e+01,2.067016e+01,2.069108e+01,2.078169e+01,2.083741e+01,2.071897e+01,2.077472e+01,2.075382e+01,2.074685e+01,2.064225e+01,2.079562e+01,2.064225e+01,2.072594e+01,2.071897e+01,2.070502e+01,2.071897e+01,2.065621e+01,2.066318e+01,2.062830e+01,2.075382e+01,2.074685e+01,2.071897e+01,2.073291e+01,2.079562e+01,2.078866e+01,2.073988e+01,2.076775e+01,2.075382e+01,2.069805e+01,2.076079e+01,2.087918e+01,2.069108e+01,2.070502e+01,2.069108e+01,2.067713e+01,2.067016e+01,2.073291e+01,2.063528e+01,2.075382e+01,2.065621e+01,2.065621e+01,2.067016e+01,2.068410e+01,2.065621e+01,2.057944e+01,2.073988e+01,2.066318e+01,2.060736e+01,2.058643e+01,2.055850e+01,2.049564e+01,2.056548e+01,2.053755e+01,2.046769e+01,2.055850e+01,2.053057e+01,2.054453e+01,2.049564e+01,2.055152e+01,2.071200e+01,2.055152e+01,2.065621e+01,2.062132e+01,2.061434e+01,2.062830e+01,2.058643e+01,2.071200e+01,2.068410e+01,2.062830e+01,2.085830e+01,2.058643e+01,2.061434e+01,2.078169e+01,2.064225e+01,2.074685e+01,2.073988e+01,2.078169e+01,2.074685e+01,2.076079e+01,2.077472e+01,2.076079e+01,2.081652e+01,2.073291e+01,2.074685e+01,2.078169e+01,2.070502e+01,2.071897e+01,2.060736e+01,2.071200e+01,2.068410e+01,2.069805e+01,2.066318e+01,2.071897e+01,2.080955e+01,2.078169e+01,2.069108e+01,2.076775e+01,2.069108e+01,2.067713e+01,2.067713e+01,2.060736e+01,2.060736e+01,2.065621e+01,2.064923e+01,2.065621e+01,2.064225e+01,2.060736e+01,2.062830e+01,2.057944e+01,2.066318e+01,2.068410e+01,2.068410e+01,2.059340e+01,2.066318e+01,2.065621e+01,2.064923e+01,2.066318e+01,2.060039e+01,2.064923e+01,2.056548e+01,2.060736e+01,2.059340e+01,2.055152e+01,2.069805e+01,2.060736e+01,2.055152e+01,2.077472e+01,2.060736e+01,2.069108e+01,2.053755e+01,2.063528e+01,2.063528e+01,2.067713e+01,2.062830e+01,2.067016e+01,2.066318e+01,2.063528e+01,2.054453e+01,2.065621e+01,2.060039e+01,2.064225e+01,2.067713e+01,2.071200e+01,2.065621e+01,2.062132e+01,2.071200e+01,2.066318e+01,2.064225e+01,2.063528e+01,2.071200e+01,2.073291e+01,2.064923e+01,2.069805e+01,2.066318e+01,2.066318e+01,2.064225e+01,2.064923e+01,2.067016e+01,2.064225e+01,2.064923e+01,2.069108e+01,2.073291e+01,2.075382e+01,2.068410e+01,2.071897e+01,2.066318e+01,2.069805e+01,2.077472e+01,2.067016e+01,2.077472e+01,2.069108e+01,2.071897e+01,2.078169e+01,2.073988e+01,2.076079e+01,2.076079e+01,2.076079e+01,2.072594e+01,2.070502e+01,2.070502e+01,2.071200e+01,2.079562e+01,2.073988e+01,2.064225e+01,2.066318e+01,2.062830e+01,2.072594e+01,2.070502e+01,2.067016e+01,2.070502e+01,2.060736e+01,2.075382e+01,2.071897e+01,2.084437e+01,2.073988e+01,2.072594e+01,2.071897e+01,2.078866e+01,2.068410e+01,2.067713e+01,2.066318e+01,2.069805e+01,2.076079e+01,2.073988e+01,2.073988e+01,2.077472e+01,2.068410e+01,2.070502e+01,2.080955e+01,2.076775e+01,2.069108e+01,2.088614e+01,2.085830e+01,2.072594e+01,2.073988e+01,2.070502e+01,2.073291e+01,2.074685e+01,2.071897e+01,2.075382e+01,2.076775e+01,2.074685e+01,2.069108e+01,2.066318e+01,2.077472e+01,2.080259e+01,2.068410e+01,2.066318e+01,2.084437e+01,2.077472e+01,2.070502e+01,2.067713e+01,2.078866e+01,2.078169e+01,2.068410e+01,2.065621e+01,2.092093e+01,2.072594e+01,2.071200e+01,2.065621e+01,2.062830e+01,2.083741e+01,2.081652e+01,2.077472e+01,2.075382e+01,2.078866e+01,2.096267e+01,2.079562e+01,2.073291e+01,2.074685e+01,2.081652e+01,2.067016e+01,2.078866e+01,2.069108e+01,2.071897e+01,2.068410e+01,2.061434e+01,2.099744e+01,2.083045e+01,2.080955e+01,2.085134e+01,2.062830e+01,2.072594e+01,2.067016e+01,2.072594e+01,2.073988e+01,2.069805e+01,2.067713e+01,2.074685e+01,2.069805e+01,2.069805e+01,2.078866e+01,2.073988e+01,2.079562e+01,2.072594e+01,2.073291e+01,2.072594e+01,2.078866e+01,2.077472e+01,2.069108e+01,2.071897e+01,2.071200e+01,2.070502e+01,2.073988e+01,2.079562e+01,2.079562e+01,2.075382e+01,2.081652e+01,2.079562e+01,2.079562e+01,2.071897e+01,2.071897e+01,2.073291e+01,2.073291e+01,2.069108e+01,2.073291e+01,2.071897e+01,2.080955e+01,2.073291e+01,2.073291e+01,2.070502e+01,2.073291e+01,2.079562e+01,2.073291e+01,2.071897e+01,2.074685e+01,2.074685e+01,2.073291e+01,2.073291e+01,2.075382e+01,2.073291e+01,2.071897e+01,2.078866e+01,2.073988e+01,2.082348e+01,2.071200e+01,2.078866e+01,2.073291e+01,2.079562e+01,2.082348e+01,2.083045e+01,2.079562e+01,2.077472e+01,2.076079e+01,2.077472e+01,2.083045e+01,2.057944e+01,2.084437e+01,2.057246e+01,2.070502e+01,2.069805e+01,2.070502e+01,2.078169e+01,2.075382e+01,2.076079e+01,2.074685e+01,2.079562e+01,2.081652e+01,2.078169e+01,2.076079e+01,2.080259e+01,2.069108e+01,2.077472e+01,2.081652e+01,2.080955e+01,2.073988e+01,2.077472e+01,2.076079e+01,2.067713e+01,2.068410e+01,2.071897e+01,2.073291e+01,2.080259e+01,2.076775e+01,2.075382e+01,2.075382e+01,2.083045e+01,2.082348e+01,2.062830e+01,2.075382e+01,2.078169e+01,2.076079e+01,2.069108e+01,2.071200e+01,2.080259e+01,2.075382e+01,2.078169e+01,2.064923e+01,2.080955e+01,2.078169e+01,2.080955e+01,2.075382e+01,2.075382e+01,2.079562e+01,2.081652e+01,2.073988e+01,2.071897e+01,2.073988e+01,2.071200e+01,2.080955e+01,2.073988e+01,2.077472e+01,2.078169e+01,2.080955e+01,2.076775e+01,2.070502e+01,2.080955e+01,2.070502e+01,2.074685e+01,2.071200e+01,2.089310e+01,2.090702e+01,2.080955e+01,2.081652e+01,2.079562e+01,2.080955e+01,2.076079e+01,2.071897e+01,2.076079e+01,2.075382e+01,2.071200e+01,2.080259e+01,2.074685e+01,2.075382e+01,2.073988e+01,2.079562e+01,2.076079e+01,2.082348e+01,2.077472e+01,2.082348e+01,2.071897e+01,2.075382e+01,2.078169e+01,2.081652e+01,2.087918e+01,2.090702e+01,2.069108e+01,2.073988e+01,2.071897e+01,2.076775e+01,2.077472e+01,2.077472e+01,2.076079e+01,2.076775e+01,2.072594e+01,2.073291e+01,2.079562e+01,2.071200e+01,2.079562e+01,2.067016e+01,2.071200e+01,2.067713e+01,2.073988e+01,2.080259e+01,2.083741e+01,2.071200e+01,2.071897e+01,2.087918e+01,2.072594e+01,2.067713e+01,2.076775e+01,2.078169e+01,2.075382e+01,2.079562e+01,2.080955e+01,2.068410e+01,2.078866e+01,2.069108e+01,2.070502e+01,2.083045e+01,2.070502e+01,2.079562e+01,2.081652e+01,2.074685e+01,2.077472e+01,2.075382e+01,2.073291e+01,2.071200e+01,2.064923e+01,2.076775e+01,2.064923e+01,2.078169e+01,2.070502e+01,2.072594e+01,2.078866e+01,2.074685e+01,2.083741e+01,2.074685e+01,2.078169e+01,2.074685e+01,2.082348e+01,2.076775e+01,2.071200e+01,2.067016e+01,2.084437e+01,2.073988e+01,2.057246e+01,2.060039e+01,2.073291e+01,2.074685e+01,2.067016e+01,2.092789e+01,2.070502e+01,2.073291e+01,2.085134e+01,2.075382e+01,2.072594e+01,2.071897e+01,2.069108e+01,2.079562e+01,2.082348e+01,2.069108e+01,2.071897e+01,2.071200e+01,2.070502e+01,2.071897e+01,2.072594e+01,2.074685e+01,2.083741e+01,2.084437e+01,2.067016e+01,2.079562e+01,2.072594e+01,2.070502e+01,2.073988e+01,2.075382e+01,2.072594e+01,2.078866e+01,2.077472e+01,2.080259e+01,2.083045e+01,2.070502e+01,2.080259e+01,2.069805e+01
2.082348e+01,2.070502e+01,2.076079e+01,2.083741e+01,2.083741e+01,2.073291e+01,2.078866e+01,2.071200e+01,2.071200e+01,2.068410e+01,2.071897e+01,2.066318e+01,2.080259e+01,2.073988e+01,2.105304e+01,2.078866e+01,2.078866e+01,2.085134e+01,2.082348e+01,2.078169e+01,2.085134e+01,2.085134e+01,2.081652e+01,2.078866e+01,2.076079e+01,2.074685e+01,2.074685e+01,2.065621e+01,2.082348e+01,2.068410e+01,2.075382e+01,2.080955e+01,2.078169e+01,2.078169e+01,2.073988e+01,2.080259e+01,2.070502e+01,2.081652e+01,2.078866e+01,2.080259e+01,2.080259e+01,2.081652e+01,2.081652e+01,2.068410e+01,2.079562e+01,2.080955e+01,2.082348e+01,2.074685e+01,2.086526e+01,2.079562e+01,2.086526e+01,2.075382e+01,2.077472e+01,2.083045e+01,2.076079e+01,2.075382e+01,2.069805e+01,2.078169e+01,2.081652e+01,2.085134e+01,2.080259e+01,2.073988e+01,2.079562e+01,2.083741e+01,2.074685e+01,2.077472e+01,2.072594e+01,2.072594e+01,2.076079e+01,2.083045e+01,2.080955e+01,2.073988e+01,2.082348e+01,2.078169e+01,2.076775e+01,2.080259e+01,2.086526e+01,2.079562e+01,2.067713e+01,2.073291e+01,2.076775e+01,2.078169e+01,2.083741e+01,2.083741e+01,2.083741e+01,2.076775e+01,2.074685e+01,2.075382e+01,2.085134e+01,2.081652e+01,2.090702e+01,2.076775e+01,2.079562e+01,2.077472e+01,2.078866e+01,2.078866e+01,2.080259e+01,2.076079e+01,2.078866e+01,2.071200e+01,2.072594e+01,2.064923e+01,2.043973e+01,2.065621e+01,2.057944e+01,2.045371e+01,2.046769e+01,2.049564e+01,2.070502e+01,2.043274e+01,2.041875e+01,2.047468e+01,2.050262e+01,2.044672e+01,2.041875e+01,2.053057e+01,2.051660e+01,2.055850e+01,2.065621e+01,2.064225e+01,2.062830e+01,2.051660e+01,2.059340e+01,2.062830e+01,2.064225e+01,2.064923e+01,2.060736e+01,2.077472e+01,2.076775e+01,2.083045e+01,2.084437e+01,2.071200e+01,2.071200e+01,2.076775e+01,2.071200e+01,2.067016e+01,2.071200e+01,2.065621e+01,2.066318e+01,2.070502e+01,2.071897e+01,2.070502e+01,2.078169e+01,2.068410e+01,2.080955e+01,2.076079e+01,2.067713e+01,2.078866e+01,2.077472e+01,2.085830e+01,2.078866e+01,2.082348e+01,2.075382e+01,2.076775e+01,2.073988e+01,2.073291e+01,2.073291e+01,2.071897e+01,2.085134e+01,2.074685e+01,2.070502e+01,2.071897e+01,2.067016e+01,2.063528e+01,2.064225e+01,2.083045e+01,2.060736e+01,2.078169e+01,2.071897e+01,2.067713e+01,2.071897e+01,2.062132e+01,2.063528e+01,2.057944e+01,2.060039e+01,2.055850e+01,2.055850e+01,2.056548e+01,2.050961e+01,2.053057e+01,2.058643e+01,2.055850e+01,2.057246e+01,2.053755e+01,2.054453e+01,2.068410e+01,2.074685e+01,2.061434e+01,2.055850e+01,2.060039e+01,2.054453e+01,2.067016e+01,2.068410e+01,2.063528e+01,2.062830e+01,2.071897e+01,2.067713e+01,2.078169e+01,2.067016e+01,2.079562e+01,2.073988e+01,2.076079e+01,2.073988e+01,2.077472e+01,2.076079e+01,2.076079e+01,2.080259e+01,2.083741e+01,2.070502e+01,2.085830e+01,2.066318e+01,2.062830e+01,2.071897e+01,2.071897e+01,2.076775e+01,2.069805e+01,2.070502e+01,2.076079e+01,2.063528e+01,2.080259e+01,2.076079e+01,2.073291e+01,2.070502e+01,2.068410e+01,2.069805e+01,2.070502e+01,2.069108e+01,2.062830e+01,2.071897e+01,2.071897e+01,2.062132e+01,2.067016e+01,2.065621e+01,2.075382e+01,2.067016e+01,2.066318e+01,2.062830e+01,2.067713e+01,2.062132e+01,2.068410e+01,2.068410e+01,2.061434e+01,2.060736e+01,2.062132e+01,2.061434e+01,2.064225e+01,2.058643e+01,2.064225e+01,2.064225e+01,2.059340e+01,2.060736e+01,2.061434e+01,2.062132e+01,2.062132e+01,2.057246e+01,2.065621e+01,2.065621e+01,2.069805e+01,2.067016e+01,2.064225e+01,2.063528e+01,2.064923e+01,2.068410e+01,2.061434e+01,2.062830e+01,2.066318e+01,2.069108e+01,2.070502e+01,2.063528e+01,2.061434e+01,2.064923e+01,2.077472e+01,2.080955e+01,2.076079e+01,2.066318e+01,2.073988e+01,2.070502e+01,2.069108e+01,2.068410e+01,2.065621e+01,2.067713e+01,2.068410e+01,2.060736e+01,2.069805e+01,2.063528e+01,2.066318e+01,2.068410e+01,2.066318e+01,2.069108e+01,2.069805e+01,2.075382e+01,2.073291e+01,2.066318e+01,2.069108e+01,2.073291e+01,2.079562e+01,2.078169e+01,2.076775e+01,2.078866e+01,2.076079e+01,2.077472e+01,2.076775e+01,2.074685e+01,2.073291e+01,2.071200e+01,2.076079e+01,2.077472e+01,2.071200e+01,2.075382e+01,2.069805e+01,2.075382e+01,2.073291e+01,2.070502e+01,2.079562e+01,2.059340e+01,2.077472e+01,2.074685e+01,2.077472e+01,2.076079e+01,2.072594e+01,2.072594e+01,2.071200e+01,2.072594e+01,2.075382e+01,2.072594e+01,2.068410e+01,2.065621e+01,2.070502e+01,2.078169e+01,2.072594e+01,2.075382e+01,2.079562e+01,2.076079e+01,2.080955e+01,2.077472e+01,2.069108e+01,2.078169e+01,2.080955e+01,2.072594e+01,2.071897e+01,2.070502e+01,2.071200e+01,2.078169e+01,2.073988e+01,2.076775e+01,2.078169e+01,2.063528e+01,2.076079e+01,2.075382e+01,2.076775e+01,2.069805e+01,2.068410e+01,2.076079e+01,2.073988e+01,2.067713e+01,2.069805e+01,2.072594e+01,2.074685e+01,2.061434e+01,2.064225e+01,2.073291e+01,2.073291e+01,2.072594e+01,2.073291e+01,2.073291e+01,2.072594e+01,2.083045e+01,2.071897e+01,2.072594e+01,2.072594e+01,2.076079e+01,2.076775e+01,2.060039e+01,2.078866e+01,2.080259e+01,2.080955e+01,2.082348e+01,2.070502e+01,2.069805e+01,2.071897e+01,2.067713e+01,2.069805e+01,2.086526e+01,2.083741e+01,2.079562e+01,2.072594e+01,2.069108e+01,2.069805e+01,2.069108e+01,2.083045e+01,2.069108e+01,2.073291e+01,2.077472e+01,2.067713e+01,2.078866e+01,2.071200e+01,2.080259e+01,2.073291e+01,2.079562e+01,2.065621e+01,2.074685e+01,2.072594e+01,2.071200e+01,2.070502e+01,2.065621e+01,2.071200e+01,2.075382e+01,2.073291e+01,2.067713e+01,2.069108e+01,2.075382e+01,2.083045e+01,2.080955e+01,2.079562e+01,2.083045e+01,2.083741e+01,2.073291e+01,2.085134e+01,2.073291e+01,2.074685e+01,2.074685e+01,2.076079e+01,2.081652e+01,2.075382e+01,2.070502e+01,2.081652e+01,2.073988e+01,2.073291e+01,2.078866e+01,2.074685e+01,2.067016e+01,2.066318e+01,2.076079e+01,2.079562e+01,2.077472e+01,2.087918e+01,2.073291e+01,2.069805e+01,2.073988e+01,2.078169e+01,2.078169e+01,2.071200e+01,2.069108e+01,2.078866e+01,2.077472e+01,2.082348e+01,2.082348e+01,2.083741e+01,2.080259e+01,2.081652e+01,2.071897e+01,2.082348e+01,2.072594e+01,2.080259e+01,2.067713e+01,2.071200e+01,2.076079e+01,2.069108e+01,2.076775e+01,2.080259e+01,2.080955e+01,2.073988e+01,2.071200e+01,2.076079e+01,2.071897e+01,2.071200e+01,2.071897e+01,2.074685e+01,2.072594e+01,2.079562e+01,2.081652e+01,2.082348e+01,2.079562e+01,2.083045e+01,2.074685e+01,2.070502e+01,2.077472e+01,2.078169e+01,2.076079e+01,2.073988e+01,2.077472e+01,2.073988e+01,2.081652e+01,2.079562e+01,2.074685e+01,2.073988e+01,2.074685e+01,2.073291e+01,2.072594e+01,2.077472e+01,2.071897e+01,2.082348e+01,2.078169e+01,2.081652e+01,2.081652e+01,2.078866e+01,2.067016e+01,2.073291e+01,2.079562e+01,2.080955e+01,2.079562e+01,2.073291e+01,2.076079e+01,2.067713e+01,2.079562e+01,2.079562e+01,2.074685e+01,2.074685e+01,2.079562e+01,2.080955e+01,2.074685e+01,2.076079e+01,2.076775e+01,2.080955e+01,2.074685e+01,2.079562e+01,2.077472e+01,2.087222e+01,2.077472e+01,2.078866e+01,2.078169e+01,2.073291e+01,2.073988e+01,2.083741e+01,2.070502e+01,2.071200e+01,2.071200e+01,2.073988e+01,2.080259e+01,2.077472e+01,2.074685e+01,2.085830e+01,2.083045e+01,2.083045e+01,2.077472e+01,2.080955e+01,2.071200e+01,2.076079e+01,2.086526e+01,2.058643e+01,2.074685e+01,2.086526e+01,2.080259e+01,2.069108e+01,2.078169e+01,2.072594e+01,2.073988e+01,2.078866e+01,2.080259e+01,2.080955e+01,2.078169e+01,2.079562e+01,2.077472e+01,2.081652e+01,2.082348e+01,2.070502e+01,2.072594e+01,2.083045e+01,2.079562e+01,2.078866e+01,2.083741e+01,2.082348e+01,2.073988e+01,2.071897e+01,2.069805e+01,2.067016e+01,2.076079e+01,2.083741e+01,2.080955e+01,2.092093e+01,2.077472e+01,2.078169e+01,2.078866e+01,2.076775e+01,2.077472e+01,2.072594e+01,2.081652e+01,2.071897e+01,2.076079e+01,2.073291e+01,2.077472e+01,2.087222e+01,2.085830e+01,2.085134e+01,2.076079e+01,2.084437e+01,2.074685e+01,2.076775e+01,2.078169e+01,2.080259e+01,2.073291e+01,2.080955e+01,2.072594e+01,2.084437e+01,2.069108e+01,2.081652e+01,2.075382e+01,2.075382e+01,2.071897e+01,2.071200e+01,2.069805e+01,2.067713e+01,2.085830e+01,2.071897e+01,2.075382e+01,2.066318e+01,2.073291e+01,2.085830e+01,2.075382e+01,2.091398e+01,2.076775e+01,2.076079e+01,2.078169e+01,2.073988e+01,2.070502e+01,2.078866e+01,2.077472e+01,2.069108e+01,2.085830e+01,2.099048e+01,2.070502e+01,2.071200e+01,2.080259e+01,2.080259e+01,2.081652e+01,2.080259e+01,2.064225e+01,2.065621e+01,2.088614e+01,2.081652e+01,2.076775e+01,2.076079e+01,2.078169e+01,2.080955e+01,2.070502e+01,2.081652e+01,2.075382e+01,2.085830e+01,2.078169e+01,2.078169e+01
2.082348e+01,2.084437e+01,2.083045e+01,2.076775e+01,2.076079e+01,2.079562e+01,2.072594e+01,2.085830e+01,2.085134e+01,2.083741e+01,2.075382e+01,2.071897e+01,2.067016e+01,2.075382e+01,2.079562e+01,2.077472e+01,2.068410e+01,2.069805e+01,2.068410e+01,2.069108e+01,2.074685e+01,2.072594e+01,2.072594e+01,2.079562e+01,2.079562e+01,2.067016e+01,2.074685e+01,2.075382e+01,2.073291e+01,2.077472e+01,2.086526e+01,2.093485e+01,2.078169e+01,2.076775e+01,2.076775e+01,2.073988e+01,2.067713e+01,2.064225e+01,2.076079e+01,2.080955e+01,2.084437e+01,2.076775e+01,2.076775e+01,2.076079e+01,2.079562e+01,2.080259e+01,2.085830e+01,2.087222e+01,2.085134e+01,2.076775e+01,2.086526e+01,2.077472e+01,2.082348e+01,2.071200e+01,2.081652e+01,2.078866e+01,2.080955e+01,2.066318e+01,2.084437e+01,2.083741e+01,2.084437e+01,2.084437e+01,2.085134e+01,2.062132e+01,2.080259e+01,2.077472e+01,2.071200e+01,2.080955e+01,2.073988e+01,2.071200e+01,2.076079e+01,2.078169e+01,2.080955e+01,2.080955e+01,2.080259e+01,2.081652e+01,2.078169e+01,2.071200e+01,2.071897e+01,2.075382e+01,2.083741e+01,2.080955e+01,2.071200e+01,2.074685e+01,2.078169e+01,2.080955e+01,2.079562e+01,2.076079e+01,2.078866e+01,2.078169e+01,2.085830e+01,2.079562e+01,2.080259e+01,2.077472e+01,2.081652e+01,2.064923e+01,2.080955e+01,2.071897e+01,2.078866e+01,2.075382e+01,2.072594e+01,2.066318e+01,2.043274e+01,2.063528e+01,2.037679e+01,2.064923e+01,2.037679e+01,2.039778e+01,2.041875e+01,2.044672e+01,2.039078e+01,2.027181e+01,2.030682e+01,2.043274e+01,2.040477e+01,2.056548e+01,2.046070e+01,2.072594e+01,2.060736e+01,2.063528e+01,2.052358e+01,2.070502e+01,2.064923e+01,2.070502e+01,2.061434e+01,2.072594e+01,2.075382e+01,2.073291e+01,2.080955e+01,2.072594e+01,2.071897e+01,2.080259e+01,2.065621e+01,2.073988e+01,2.073988e+01,2.062830e+01,2.062830e+01,2.062132e+01,2.066318e+01,2.064923e+01,2.070502e+01,2.077472e+01,2.072594e+01,2.076079e+01,2.074685e+01,2.076079e+01,2.076079e+01,2.083741e+01,2.069108e+01,2.071200e+01,2.076079e+01,2.072594e+01,2.075382e+01,2.071897e+01,2.073988e+01,2.073988e+01,2.071200e+01,2.075382e+01,2.068410e+01,2.071200e+01,2.067016e+01,2.068410e+01,2.064225e+01,2.064225e+01,2.076775e+01,2.067713e+01,2.072594e+01,2.067016e+01,2.058643e+01,2.067713e+01,2.059340e+01,2.065621e+01,2.060039e+01,2.055850e+01,2.055152e+01,2.061434e+01,2.055152e+01,2.057944e+01,2.053755e+01,2.053057e+01,2.056548e+01,2.055152e+01,2.055152e+01,2.056548e+01,2.055152e+01,2.056548e+01,2.057944e+01,2.057246e+01,2.060039e+01,2.071897e+01,2.066318e+01,2.067016e+01,2.054453e+01,2.056548e+01,2.072594e+01,2.065621e+01,2.067713e+01,2.066318e+01,2.070502e+01,2.065621e+01,2.068410e+01,2.068410e+01,2.069805e+01,2.071897e+01,2.075382e+01,2.082348e+01,2.071200e+01,2.073291e+01,2.067713e+01,2.077472e+01,2.064225e+01,2.073988e+01,2.068410e+01,2.068410e+01,2.069805e+01,2.076775e+01,2.071897e+01,2.069108e+01,2.070502e+01,2.074685e+01,2.071897e+01,2.080259e+01,2.080259e+01,2.069108e+01,2.080259e+01,2.065621e+01,2.064225e+01,2.062132e+01,2.070502e+01,2.063528e+01,2.062830e+01,2.065621e+01,2.064923e+01,2.063528e+01,2.066318e+01,2.061434e+01,2.063528e+01,2.069108e+01,2.067016e+01,2.067016e+01,2.067713e+01,2.055850e+01,2.064225e+01,2.065621e+01,2.060736e+01,2.068410e+01,2.060039e+01,2.057944e+01,2.069805e+01,2.067016e+01,2.058643e+01,2.057944e+01,2.055152e+01,2.053057e+01,2.064923e+01,2.060736e+01,2.066318e+01,2.060736e+01,2.057944e+01,2.067016e+01,2.062132e+01,2.063528e+01,2.064225e+01,2.064923e+01,2.064225e+01,2.065621e+01,2.071897e+01,2.066318e+01,2.069108e+01,2.070502e+01,2.071200e+01,2.069805e+01,2.079562e+01,2.068410e+01,2.067713e+01,2.068410e+01,2.060039e+01,2.062830e+01,2.073988e+01,2.064225e+01,2.065621e+01,2.065621e+01,2.059340e+01,2.064923e+01,2.070502e+01,2.069108e+01,2.071200e+01,2.064923e+01,2.064923e+01,2.063528e+01,2.069108e+01,2.068410e+01,2.083045e+01,2.068410e+01,2.055850e+01,2.060039e+01,2.080955e+01,2.072594e+01,2.078866e+01,2.076775e+01,2.078866e+01,2.078169e+01,2.075382e+01,2.075382e+01,2.070502e+01,2.077472e+01,2.078866e+01,2.072594e+01,2.070502e+01,2.075382e+01,2.073291e+01,2.074685e+01,2.071200e+01,2.068410e+01,2.082348e+01,2.079562e+01,2.075382e+01,2.071897e+01,2.072594e+01,2.076775e+01,2.075382e+01,2.069108e+01,2.073291e+01,2.078169e+01,2.068410e+01,2.076775e+01,2.074685e+01,2.075382e+01,2.069108e+01,2.070502e+01,2.080955e+01,2.077472e+01,2.059340e+01,2.075382e+01,2.062132e+01,2.060736e+01,2.077472e+01,2.077472e+01,2.076775e+01,2.080955e+01,2.071897e+01,2.071200e+01,2.074685e+01,2.075382e+01,2.076775e+01,2.077472e+01,2.076775e+01,2.073988e+01,2.069805e+01,2.071200e+01,2.077472e+01,2.071897e+01,2.067713e+01,2.069108e+01,2.065621e+01,2.067016e+01,2.069108e+01,2.075382e+01,2.078866e+01,2.080259e+01,2.067016e+01,2.077472e+01,2.073291e+01,2.073988e+01,2.087222e+01,2.062830e+01,2.073291e+01,2.083045e+01,2.072594e+01,2.070502e+01,2.079562e+01,2.076775e+01,2.074685e+01,2.064225e+01,2.080259e+01,2.075382e+01,2.078169e+01,2.076079e+01,2.072594e+01,2.080955e+01,2.076079e+01,2.074685e+01,2.058643e+01,2.085134e+01,2.075382e+01,2.075382e+01,2.079562e+01,2.084437e+01,2.084437e+01,2.086526e+01,2.064225e+01,2.072594e+01,2.067713e+01,2.072594e+01,2.067713e+01,2.065621e+01,2.068410e+01,2.074685e+01,2.071897e+01,2.083741e+01,2.080259e+01,2.075382e+01,2.073291e+01,2.067713e+01,2.073291e+01,2.071897e+01,2.075382e+01,2.073291e+01,2.076079e+01,2.078866e+01,2.078169e+01,2.081652e+01,2.077472e+01,2.068410e+01,2.086526e+01,2.085830e+01,2.078169e+01,2.072594e+01,2.085830e+01,2.071897e+01,2.081652e+01,2.070502e+01,2.070502e+01,2.073291e+01,2.084437e+01,2.084437e+01,2.079562e+01,2.075382e+01,2.074685e+01,2.079562e+01,2.067016e+01,2.078169e+01,2.076775e+01,2.071897e+01,2.077472e+01,2.079562e+01,2.073988e+01,2.074685e+01,2.073988e+01,2.077472e+01,2.073291e+01,2.082348e+01,2.076079e+01,2.072594e+01,2.078866e+01,2.075382e+01,2.078169e+01,2.080955e+01,2.082348e+01,2.078866e+01,2.076079e+01,2.073988e+01,2.073291e+01,2.060736e+01,2.060039e+01,2.072594e+01,2.076775e+01,2.076079e+01,2.073988e+01,2.078169e+01,2.082348e+01,2.081652e+01,2.073988e+01,2.076775e+01,2.073988e+01,2.076775e+01,2.077472e+01,2.069805e+01,2.081652e+01,2.071897e+01,2.073988e+01,2.076775e+01,2.079562e+01,2.075382e+01,2.073291e+01,2.069805e+01,2.081652e+01,2.077472e+01,2.078169e+01,2.076079e+01,2.072594e+01,2.078169e+01,2.072594e+01,2.067016e+01,2.071897e+01,2.070502e+01,2.071897e+01,2.070502e+01,2.073988e+01,2.071200e+01,2.074685e+01,2.071897e+01,2.080955e+01,2.078866e+01,2.078866e+01,2.081652e+01,2.079562e+01,2.073291e+01,2.089310e+01,2.076079e+01,2.074685e+01,2.078169e+01,2.084437e+01,2.073291e+01,2.073988e+01,2.072594e+01,2.076079e+01,2.075382e+01,2.083741e+01,2.072594e+01,2.080259e+01,2.079562e+01,2.078866e+01,2.079562e+01,2.071897e+01,2.084437e+01,2.083045e+01,2.071200e+01,2.087222e+01,2.078169e+01,2.082348e+01,2.079562e+01,2.072594e+01,2.073988e+01,2.072594e+01,2.073291e+01,2.070502e+01,2.076079e+01,2.077472e+01,2.076775e+01,2.072594e+01,2.076079e+01,2.070502e+01,2.068410e+01,2.083741e+01,2.071200e+01,2.083045e+01,2.075382e+01,2.077472e+01,2.068410e+01,2.058643e+01,2.078169e+01,2.081652e+01,2.084437e+01,2.076775e+01,2.063528e+01,2.082348e+01,2.079562e+01,2.075382e+01,2.075382e+01,2.074685e+01,2.076775e+01,2.078169e+01,2.075382e+01,2.072594e+01,2.079562e+01,2.081652e+01,2.071200e+01,2.076775e+01,2.076079e+01,2.083045e+01,2.075382e+01,2.072594e+01,2.073291e+01,2.080259e+01,2.078866e+01,2.078169e+01,2.073988e+01,2.070502e+01,2.080259e+01,2.078169e+01,2.077472e+01,2.077472e+01,2.075382e+01,2.074685e+01,2.073291e+01,2.073291e+01,2.078169e+01,2.071200e+01,2.080955e+01,2.086526e+01,2.071897e+01,2.070502e+01,2.071897e+01,2.071897e+01,2.072594e+01,2.085830e+01,2.090006e+01,2.069108e+01,2.071200e+01,2.071897e+01,2.078866e+01,2.077472e+01,2.076775e+01,2.082348e+01,2.071897e+01,2.076775e+01,2.058643e+01,2.087918e+01,2.062132e+01,2.068410e+01,2.074685e+01,2.073291e+01,2.073988e+01,2.072594e+01,2.063528e+01,2.066318e+01,2.084437e+01,2.067713e+01,2.080259e+01,2.075382e+01,2.092789e+01,2.077472e+01,2.078169e+01,2.075382e+01,2.069805e+01,2.075382e+01,2.073291e+01,2.069108e+01,2.067016e+01,2.078169e+01,2.086526e+01,2.085134e+01,2.061434e+01,2.082348e+01,2.082348e+01,2.080955e+01,2.084437e+01,2.074685e+01,2.084437e+01,2.075382e+01,2.075382e+01,2.067713e+01,2.076775e+01,2.080259e+01,2.078866e+01,2.076079e+01,2.078866e+01,2.074685e+01,2.083045e+01
2.084437e+01,2.078866e+01,2.076775e+01,2.074685e+01,2.078866e+01,2.079562e+01,2.080955e+01,2.067713e+01,2.067713e+01,2.076775e+01,2.069108e+01,2.077472e+01,2.071200e+01,2.081652e+01,2.091398e+01,2.071897e+01,2.076775e+01,2.075382e+01,2.079562e+01,2.072594e+01,2.075382e+01,2.073291e+01,2.080259e+01,2.076079e+01,2.085830e+01,2.071897e+01,2.075382e+01,2.071897e+01,2.072594e+01,2.085134e+01,2.073988e+01,2.071200e+01,2.069805e+01,2.080955e+01,2.078866e+01,2.082348e+01,2.085134e+01,2.082348e+01,2.070502e+01,2.080955e+01,2.080259e+01,2.080955e+01,2.083045e+01,2.069805e+01,2.090702e+01,2.077472e+01,2.064225e+01,2.078866e+01,2.076775e+01,2.079562e+01,2.073988e+01,2.078866e+01,2.071897e+01,2.082348e+01,2.090006e+01,2.084437e+01,2.083741e+01,2.085134e+01,2.080955e+01,2.085134e+01,2.085134e+01,2.083045e+01,2.083741e+01,2.080955e+01,2.082348e+01,2.080955e+01,2.082348e+01,2.072594e+01,2.078866e+01,2.081652e+01,2.082348e+01,2.075382e+01,2.078169e+01,2.079562e+01,2.077472e+01,2.084437e+01,2.078169e+01,2.078169e+01,2.071200e+01,2.082348e+01,2.071200e+01,2.076775e+01,2.071200e+01,2.073291e+01,2.080259e+01,2.075382e+01,2.085134e+01,2.076079e+01,2.055850e+01,2.076079e+01,2.079562e+01,2.078169e+01,2.079562e+01,2.079562e+01,2.080259e+01,2.078866e+01,2.079562e+01,2.065621e+01,2.078169e+01,2.073291e+01,2.065621e+01,2.032782e+01,2.034881e+01,2.038379e+01,2.039078e+01,2.049564e+01,2.039778e+01,2.036980e+01,2.037679e+01,2.045371e+01,2.028582e+01,2.040477e+01,2.039078e+01,2.036280e+01,2.041875e+01,2.059340e+01,2.046070e+01,2.061434e+01,2.048166e+01,2.064225e+01,2.063528e+01,2.058643e+01,2.064225e+01,2.072594e+01,2.072594e+01,2.068410e+01,2.071897e+01,2.078866e+01,2.074685e+01,2.070502e+01,2.075382e+01,2.070502e+01,2.072594e+01,2.067016e+01,2.066318e+01,2.062132e+01,2.070502e+01,2.068410e+01,2.067016e+01,2.061434e+01,2.073291e+01,2.069805e+01,2.067713e+01,2.071200e+01,2.066318e+01,2.070502e+01,2.075382e+01,2.071897e+01,2.071200e+01,2.073988e+01,2.076079e+01,2.071897e+01,2.075382e+01,2.074685e+01,2.078169e+01,2.071897e+01,2.081652e+01,2.067713e+01,2.076775e+01,2.065621e+01,2.057246e+01,2.064225e+01,2.064225e+01,2.068410e+01,2.072594e+01,2.060039e+01,2.064923e+01,2.060039e+01,2.067713e+01,2.072594e+01,2.073291e+01,2.057246e+01,2.068410e+01,2.067016e+01,2.056548e+01,2.052358e+01,2.052358e+01,2.051660e+01,2.052358e+01,2.053755e+01,2.056548e+01,2.057246e+01,2.046769e+01,2.053755e+01,2.057944e+01,2.053755e+01,2.060039e+01,2.059340e+01,2.065621e+01,2.069108e+01,2.053755e+01,2.064923e+01,2.069805e+01,2.071897e+01,2.061434e+01,2.060736e+01,2.071897e+01,2.070502e+01,2.070502e+01,2.072594e+01,2.069108e+01,2.070502e+01,2.080259e+01,2.069805e+01,2.085830e+01,2.072594e+01,2.082348e+01,2.071897e+01,2.084437e+01,2.069108e+01,2.059340e+01,2.064923e+01,2.060039e+01,2.070502e+01,2.067713e+01,2.069108e+01,2.071897e+01,2.083045e+01,2.071200e+01,2.074685e+01,2.062830e+01,2.073291e+01,2.076079e+01,2.067016e+01,2.082348e+01,2.061434e+01,2.078169e+01,2.066318e+01,2.062830e+01,2.066318e+01,2.057246e+01,2.070502e+01,2.062830e+01,2.056548e+01,2.061434e+01,2.062132e+01,2.062132e+01,2.068410e+01,2.064225e+01,2.067713e+01,2.069108e+01,2.055152e+01,2.056548e+01,2.059340e+01,2.060736e+01,2.062132e+01,2.058643e+01,2.064225e+01,2.067713e+01,2.059340e+01,2.054453e+01,2.057944e+01,2.061434e+01,2.061434e+01,2.068410e+01,2.054453e+01,2.062132e+01,2.064225e+01,2.060736e+01,2.062830e+01,2.064225e+01,2.064923e+01,2.071200e+01,2.066318e+01,2.063528e+01,2.062830e+01,2.064923e+01,2.064923e+01,2.068410e+01,2.064225e+01,2.068410e+01,2.065621e+01,2.068410e+01,2.074685e+01,2.073291e+01,2.073291e+01,2.066318e+01,2.067016e+01,2.071200e+01,2.076079e+01,2.076775e+01,2.076079e+01,2.060039e+01,2.067713e+01,2.075382e+01,2.069108e+01,2.071200e+01,2.070502e+01,2.064923e+01,2.064225e+01,2.067016e+01,2.068410e+01,2.067713e+01,2.067016e+01,2.079562e+01,2.075382e+01,2.069108e+01,2.075382e+01,2.079562e+01,2.080259e+01,2.079562e+01,2.076775e+01,2.076775e+01,2.078866e+01,2.075382e+01,2.075382e+01,2.073291e+01,2.076775e+01,2.067713e+01,2.074685e+01,2.071200e+01,2.076079e+01,2.071897e+01,2.076775e+01,2.069108e+01,2.077472e+01,2.057246e+01,2.075382e+01,2.077472e+01,2.068410e+01,2.067713e+01,2.069108e+01,2.078866e+01,2.077472e+01,2.074685e+01,2.072594e+01,2.075382e+01,2.071897e+01,2.070502e+01,2.075382e+01,2.066318e+01,2.068410e+01,2.068410e+01,2.075382e+01,2.076079e+01,2.067016e+01,2.065621e+01,2.067713e+01,2.073291e+01,2.071200e+01,2.069805e+01,2.081652e+01,2.071897e+01,2.070502e+01,2.073988e+01,2.078169e+01,2.078169e+01,2.068410e+01,2.074685e+01,2.071897e+01,2.069805e+01,2.073291e+01,2.071200e+01,2.071897e+01,2.069108e+01,2.082348e+01,2.078169e+01,2.071200e+01,2.067016e+01,2.071200e+01,2.078169e+01,2.074685e+01,2.071897e+01,2.067713e+01,2.066318e+01,2.066318e+01,2.071897e+01,2.072594e+01,2.072594e+01,2.071897e+01,2.076079e+01,2.076775e+01,2.062830e+01,2.077472e+01,2.078866e+01,2.077472e+01,2.074685e+01,2.063528e+01,2.071897e+01,2.071897e+01,2.072594e+01,2.076079e+01,2.088614e+01,2.075382e+01,2.078866e+01,2.071200e+01,2.078866e+01,2.077472e+01,2.078169e+01,2.073988e+01,2.071897e+01,2.075382e+01,2.080259e+01,2.073988e+01,2.068410e+01,2.070502e+01,2.078169e+01,2.076079e+01,2.070502e+01,2.075382e+01,2.076079e+01,2.075382e+01,2.075382e+01,2.073988e+01,2.078866e+01,2.062830e+01,2.067713e+01,2.078866e+01,2.079562e+01,2.081652e+01,2.080259e+01,2.080955e+01,2.083741e+01,2.076775e+01,2.085134e+01,2.088614e+01,2.072594e+01,2.086526e+01,2.071200e+01,2.075382e+01,2.071200e+01,2.069805e+01,2.071897e+01,2.086526e+01,2.071200e+01,2.069805e+01,2.071897e+01,2.076775e+01,2.080259e+01,2.073988e+01,2.074685e+01,2.073291e+01,2.072594e+01,2.080955e+01,2.072594e+01,2.065621e+01,2.073988e+01,2.076079e+01,2.076775e+01,2.080955e+01,2.076775e+01,2.085830e+01,2.079562e+01,2.067713e+01,2.071897e+01,2.070502e+01,2.080259e+01,2.073988e+01,2.078169e+01,2.082348e+01,2.075382e+01,2.080259e+01,2.076775e+01,2.057944e+01,2.077472e+01,2.078866e+01,2.073291e+01,2.072594e+01,2.079562e+01,2.078866e+01,2.083045e+01,2.073291e+01,2.070502e+01,2.071897e+01,2.070502e+01,2.073291e+01,2.071200e+01,2.070502e+01,2.072594e+01,2.071897e+01,2.083741e+01,2.066318e+01,2.081652e+01,2.085830e+01,2.080955e+01,2.076775e+01,2.076079e+01,2.074685e+01,2.069108e+01,2.077472e+01,2.078866e+01,2.071200e+01,2.078866e+01,2.068410e+01,2.074685e+01,2.078866e+01,2.078169e+01,2.069805e+01,2.061434e+01,2.066318e+01,2.073988e+01,2.082348e+01,2.082348e+01,2.078866e+01,2.078866e+01,2.076775e+01,2.073988e+01,2.073291e+01,2.079562e+01,2.078866e+01,2.074685e+01,2.078866e+01,2.083045e+01,2.078169e+01,2.085134e+01,2.071897e+01,2.071897e+01,2.074685e+01,2.083045e+01,2.079562e+01,2.078866e+01,2.069805e+01,2.074685e+01,2.075382e+01,2.069805e+01,2.073988e+01,2.069805e+01,2.074685e+01,2.087222e+01,2.073291e+01,2.068410e+01,2.076775e+01,2.073291e+01,2.085134e+01,2.075382e+01,2.073988e+01,2.071200e+01,2.079562e+01,2.076775e+01,2.073291e+01,2.075382e+01,2.079562e+01,2.074685e+01,2.073291e+01,2.070502e+01,2.082348e+01,2.080955e+01,2.094180e+01,2.080259e+01,2.075382e+01,2.080259e+01,2.078866e+01,2.071200e+01,2.071200e+01,2.069805e+01,2.073988e+01,2.071200e+01,2.077472e+01,2.079562e+01,2.078169e+01,2.082348e+01,2.077472e+01,2.081652e+01,2.080955e+01,2.080259e+01,2.080259e+01,2.068410e+01,2.073291e+01,2.073291e+01,2.074685e+01,2.074685e+01,2.078169e+01,2.071897e+01,2.069108e+01,2.073291e+01,2.081652e+01,2.076775e+01,2.078866e+01,2.078866e+01,2.090006e+01,2.080259e+01,2.076079e+01,2.076079e+01,2.078169e+01,2.076775e+01,2.076775e+01,2.070502e+01,2.072594e+01,2.077472e+01,2.071200e+01,2.090006e+01,2.088614e+01,2.070502e+01,2.070502e+01,2.082348e+01,2.073291e+01,2.071897e+01,2.071200e+01,2.092789e+01,2.074685e+01,2.069805e+01,2.073988e+01,2.069805e+01,2.073988e+01,2.077472e+01,2.074685e+01,2.079562e+01,2.072594e+01,2.069108e+01,2.071897e+01,2.086526e+01,2.067713e+01,2.067016e+01,2.066318e+01,2.073291e+01,2.070502e+01,2.074685e+01,2.077472e+01,2.078169e+01,2.078866e+01,2.076079e+01,2.081652e+01,2.073988e+01,2.078169e+01,2.078169e+01,2.080955e+01,2.076079e+01,2.073988e+01,2.076775e+01,2.078866e+01,2.085134e+01,2.078169e+01,2.080259e+01,2.073291e+01,2.081652e+01,2.080259e+01,2.073988e+01,2.068410e+01,2.082348e+01,2.074685e+01,2.079562e+01,2.083741e+01,2.071200e+01,2.074685e+01,2.083045e+01,2.073291e+01,2.080259e+01,2.079562e+01,2.074685e+01,2.084437e+01
2.066318e+01,2.085134e+01,2.080259e+01,2.083045e+01,2.085134e+01,2.060736e+01,2.071897e+01,2.078866e+01,2.067713e+01,2.069108e+01,2.070502e+01,2.071200e+01,2.072594e+01,2.069805e+01,2.088614e+01,2.071200e+01,2.069805e+01,2.084437e+01,2.068410e+01,2.086526e+01,2.080955e+01,2.067713e+01,2.071200e+01,2.061434e+01,2.062132e+01,2.076079e+01,2.072594e+01,2.070502e+01,2.081652e+01,2.071897e+01,2.072594e+01,2.080955e+01,2.068410e+01,2.070502e+01,2.072594e+01,2.078169e+01,2.082348e+01,2.074685e+01,2.071200e+01,2.083741e+01,2.081652e+01,2.078866e+01,2.081652e+01,2.072594e+01,2.086526e+01,2.076079e+01,2.067713e+01,2.092789e+01,2.084437e+01,2.074685e+01,2.075382e+01,2.078169e+01,2.076079e+01,2.078866e+01,2.084437e+01,2.069805e+01,2.085134e+01,2.059340e+01,2.080259e+01,2.085830e+01,2.080259e+01,2.080955e+01,2.083741e+01,2.076775e+01,2.070502e+01,2.078169e+01,2.079562e+01,2.080955e+01,2.073988e+01,2.079562e+01,2.080259e+01,2.079562e+01,2.067713e+01,2.087222e+01,2.083045e+01,2.081652e+01,2.079562e+01,2.064225e+01,2.079562e+01,2.070502e+01,2.078866e+01,2.083045e+01,2.077472e+01,2.076775e+01,2.081652e+01,2.078169e+01,2.080955e+01,2.073988e+01,2.076079e+01,2.078866e+01,2.085830e+01,2.076775e+01,2.078866e+01,2.080259e+01,2.076775e+01,2.076775e+01,2.073291e+01,2.076775e+01,2.059340e+01,2.059340e+01,2.057944e+01,2.032082e+01,2.028582e+01,2.029982e+01,2.041875e+01,2.039078e+01,2.037679e+01,2.041875e+01,2.033481e+01,2.036980e+01,2.032782e+01,2.045371e+01,2.037679e+01,2.044672e+01,2.056548e+01,2.046070e+01,2.057246e+01,2.059340e+01,2.048166e+01,2.064923e+01,2.062132e+01,2.070502e+01,2.062830e+01,2.062132e+01,2.069805e+01,2.073988e+01,2.072594e+01,2.070502e+01,2.079562e+01,2.077472e+01,2.071897e+01,2.067016e+01,2.072594e+01,2.062830e+01,2.067713e+01,2.066318e+01,2.069108e+01,2.060736e+01,2.060039e+01,2.072594e+01,2.064923e+01,2.062830e+01,2.073988e+01,2.071200e+01,2.064923e+01,2.067016e+01,2.074685e+01,2.075382e+01,2.074685e+01,2.073988e+01,2.074685e+01,2.071897e+01,2.069805e+01,2.077472e+01,2.078866e+01,2.070502e+01,2.072594e+01,2.079562e+01,2.090006e+01,2.084437e+01,2.070502e+01,2.063528e+01,2.075382e+01,2.059340e+01,2.059340e+01,2.068410e+01,2.071200e+01,2.067713e+01,2.070502e+01,2.069108e+01,2.062830e+01,2.057944e+01,2.064923e+01,2.055850e+01,2.056548e+01,2.071200e+01,2.056548e+01,2.073291e+01,2.060736e+01,2.058643e+01,2.051660e+01,2.059340e+01,2.048166e+01,2.060039e+01,2.058643e+01,2.058643e+01,2.055850e+01,2.055850e+01,2.066318e+01,2.060039e+01,2.060736e+01,2.064923e+01,2.064225e+01,2.077472e+01,2.072594e+01,2.074685e+01,2.057246e+01,2.072594e+01,2.073988e+01,2.075382e+01,2.067713e+01,2.075382e+01,2.073988e+01,2.072594e+01,2.081652e+01,2.069805e+01,2.071897e+01,2.067713e+01,2.067016e+01,2.078866e+01,2.066318e+01,2.066318e+01,2.063528e+01,2.063528e+01,2.065621e+01,2.071200e+01,2.067016e+01,2.071897e+01,2.072594e+01,2.077472e+01,2.071897e+01,2.076775e+01,2.067713e+01,2.066318e+01,2.064225e+01,2.078866e+01,2.062132e+01,2.061434e+01,2.069805e+01,2.061434e+01,2.055850e+01,2.060736e+01,2.057944e+01,2.059340e+01,2.063528e+01,2.053057e+01,2.060039e+01,2.048166e+01,2.063528e+01,2.067713e+01,2.066318e+01,2.053755e+01,2.057944e+01,2.057246e+01,2.058643e+01,2.059340e+01,2.067713e+01,2.061434e+01,2.063528e+01,2.063528e+01,2.064225e+01,2.055152e+01,2.065621e+01,2.061434e+01,2.062830e+01,2.060039e+01,2.062132e+01,2.062830e+01,2.062830e+01,2.067713e+01,2.063528e+01,2.064225e+01,2.064923e+01,2.068410e+01,2.062132e+01,2.064225e+01,2.076079e+01,2.078866e+01,2.068410e+01,2.070502e+01,2.070502e+01,2.076079e+01,2.076079e+01,2.077472e+01,2.071200e+01,2.077472e+01,2.057944e+01,2.071200e+01,2.064225e+01,2.067016e+01,2.069108e+01,2.079562e+01,2.063528e+01,2.070502e+01,2.059340e+01,2.070502e+01,2.063528e+01,2.068410e+01,2.062830e+01,2.073291e+01,2.082348e+01,2.055850e+01,2.055850e+01,2.062132e+01,2.066318e+01,2.075382e+01,2.064923e+01,2.067016e+01,2.077472e+01,2.063528e+01,2.078169e+01,2.068410e+01,2.080955e+01,2.071200e+01,2.071200e+01,2.080259e+01,2.070502e+01,2.069805e+01,2.073291e+01,2.073291e+01,2.073988e+01,2.073988e+01,2.070502e+01,2.071200e+01,2.068410e+01,2.071200e+01,2.071897e+01,2.067016e+01,2.073988e+01,2.071200e+01,2.076079e+01,2.071897e+01,2.078866e+01,2.074685e+01,2.071200e+01,2.067016e+01,2.071897e+01,2.078866e+01,2.080259e+01,2.070502e+01,2.079562e+01,2.069108e+01,2.067713e+01,2.071200e+01,2.071897e+01,2.068410e+01,2.064923e+01,2.063528e+01,2.073988e+01,2.071200e+01,2.071897e+01,2.071897e+01,2.077472e+01,2.076775e+01,2.066318e+01,2.073291e+01,2.066318e+01,2.071200e+01,2.073291e+01,2.073291e+01,2.073291e+01,2.073291e+01,2.073291e+01,2.075382e+01,2.063528e+01,2.073988e+01,2.073291e+01,2.082348e+01,2.075382e+01,2.076079e+01,2.079562e+01,2.074685e+01,2.076775e+01,2.073988e+01,2.071897e+01,2.069805e+01,2.071897e+01,2.073988e+01,2.073291e+01,2.074685e+01,2.076079e+01,2.077472e+01,2.074685e+01,2.078169e+01,2.074685e+01,2.074685e+01,2.072594e+01,2.083045e+01,2.083741e+01,2.069805e+01,2.071200e+01,2.071897e+01,2.069805e+01,2.073291e+01,2.073291e+01,2.071200e+01,2.080259e+01,2.075382e+01,2.076079e+01,2.078866e+01,2.074685e+01,2.069805e+01,2.073988e+01,2.070502e+01,2.069108e+01,2.072594e+01,2.071897e+01,2.074685e+01,2.072594e+01,2.076775e+01,2.083045e+01,2.070502e+01,2.078866e+01,2.073291e+01,2.073988e+01,2.073988e+01,2.076775e+01,2.076079e+01,2.076079e+01,2.079562e+01,2.078169e+01,2.087222e+01,2.077472e+01,2.078169e+01,2.086526e+01,2.089310e+01,2.072594e+01,2.085830e+01,2.082348e+01,2.083045e+01,2.082348e+01,2.073291e+01,2.072594e+01,2.071200e+01,2.067713e+01,2.076079e+01,2.071897e+01,2.062830e+01,2.080955e+01,2.076079e+01,2.083045e+01,2.069805e+01,2.069805e+01,2.069805e+01,2.070502e+01,2.068410e+01,2.073291e+01,2.076775e+01,2.071897e+01,2.073988e+01,2.077472e+01,2.066318e+01,2.077472e+01,2.067016e+01,2.070502e+01,2.074685e+01,2.073291e+01,2.081652e+01,2.071897e+01,2.083045e+01,2.075382e+01,2.079562e+01,2.078169e+01,2.080259e+01,2.073291e+01,2.074685e+01,2.071897e+01,2.070502e+01,2.076775e+01,2.079562e+01,2.071897e+01,2.069108e+01,2.073291e+01,2.073988e+01,2.070502e+01,2.073988e+01,2.073988e+01,2.063528e+01,2.069108e+01,2.073291e+01,2.075382e+01,2.072594e+01,2.076079e+01,2.083045e+01,2.078169e+01,2.080955e+01,2.070502e+01,2.079562e+01,2.076079e+01,2.076775e+01,2.082348e+01,2.076079e+01,2.071897e+01,2.067713e+01,2.069805e+01,2.078866e+01,2.082348e+01,2.073988e+01,2.067016e+01,2.068410e+01,2.082348e+01,2.080955e+01,2.076775e+01,2.076775e+01,2.078169e+01,2.071200e+01,2.072594e+01,2.076775e+01,2.078866e+01,2.077472e+01,2.078866e+01,2.083045e+01,2.076775e+01,2.074685e+01,2.072594e+01,2.072594e+01,2.086526e+01,2.071200e+01,2.077472e+01,2.080259e+01,2.073988e+01,2.078866e+01,2.071200e+01,2.070502e+01,2.061434e+01,2.071897e+01,2.072594e+01,2.070502e+01,2.072594e+01,2.083741e+01,2.081652e+01,2.082348e+01,2.071200e+01,2.071200e+01,2.074685e+01,2.075382e+01,2.075382e+01,2.076079e+01,2.073291e+01,2.076079e+01,2.074685e+01,2.079562e+01,2.069805e+01,2.075382e+01,2.072594e+01,2.068410e+01,2.069108e+01,2.069805e+01,2.074685e+01,2.069108e+01,2.078866e+01,2.081652e+01,2.066318e+01,2.076079e+01,2.076079e+01,2.071200e+01,2.077472e+01,2.080955e+01,2.073291e+01,2.079562e+01,2.075382e+01,2.073291e+01,2.078169e+01,2.078169e+01,2.087222e+01,2.071200e+01,2.080955e+01,2.084437e+01,2.073988e+01,2.080259e+01,2.075382e+01,2.077472e+01,2.076079e+01,2.068410e+01,2.071200e+01,2.078169e+01,2.078866e+01,2.076775e+01,2.099744e+01,2.074685e+01,2.093485e+01,2.075382e+01,2.078169e+01,2.069108e+01,2.079562e+01,2.077472e+01,2.073291e+01,2.071200e+01,2.071897e+01,2.074685e+01,2.075382e+01,2.071200e+01,2.083741e+01,2.074685e+01,2.069108e+01,2.074685e+01,2.070502e+01,2.070502e+01,2.073988e+01,2.076079e+01,2.085134e+01,2.070502e+01,2.084437e+01,2.073988e+01,2.073291e+01,2.073988e+01,2.073291e+01,2.076079e+01,2.083045e+01,2.078169e+01,2.083045e+01,2.070502e+01,2.077472e+01,2.071200e+01,2.073988e+01,2.078866e+01,2.080259e+01,2.073988e+01,2.075382e+01,2.074685e+01,2.075382e+01,2.115721e+01,2.076775e+01,2.078866e+01,2.073988e+01,2.073988e+01,2.079562e+01,2.077472e+01,2.078169e+01,2.065621e+01,2.076079e+01,2.070502e+01,2.081652e+01,2.066318e+01,2.078169e+01,2.076775e+01,2.076079e+01,2.067713e+01,2.075382e+01,2.085830e+01,2.078866e+01,2.080955e+01,2.086526e+01,2.076775e+01,2.073988e+01,2.073988e+01,2.073291e+01,2.078866e+01,2.083045e+01,2.080955e+01
2.067016e+01,2.076775e+01,2.077472e+01,2.080955e+01,2.073291e+01,2.076079e+01,2.085134e+01,2.076079e+01,2.078169e+01,2.072594e+01,2.076775e+01,2.072594e+01,2.080259e+01,2.070502e+01,2.071200e+01,2.076775e+01,2.084437e+01,2.063528e+01,2.069108e+01,2.067016e+01,2.067016e+01,2.067713e+01,2.078169e+01,2.073291e+01,2.070502e+01,2.068410e+01,2.074685e+01,2.073291e+01,2.079562e+01,2.075382e+01,2.080955e+01,2.074685e+01,2.077472e+01,2.077472e+01,2.077472e+01,2.074685e+01,2.069805e+01,2.084437e+01,2.084437e+01,2.073291e+01,2.078866e+01,2.081652e+01,2.071200e+01,2.071200e+01,2.069805e+01,2.090702e+01,2.082348e+01,2.077472e+01,2.092789e+01,2.075382e+01,2.078866e+01,2.074685e+01,2.085134e+01,2.076775e+01,2.080955e+01,2.084437e+01,2.083045e+01,2.080259e+01,2.084437e+01,2.084437e+01,2.082348e+01,2.083045e+01,2.078169e+01,2.082348e+01,2.073291e+01,2.081652e+01,2.071200e+01,2.075382e+01,2.080955e+01,2.078169e+01,2.083045e+01,2.077472e+01,2.088614e+01,2.075382e+01,2.084437e+01,2.085134e+01,2.081652e+01,2.085830e+01,2.072594e+01,2.087918e+01,2.082348e+01,2.075382e+01,2.074685e+01,2.086526e+01,2.077472e+01,2.087222e+01,2.084437e+01,2.078169e+01,2.079562e+01,2.071200e+01,2.077472e+01,2.082348e+01,2.076775e+01,2.080259e+01,2.076079e+01,2.071200e+01,2.087222e+01,2.064923e+01,2.053057e+01,2.030682e+01,2.046769e+01,2.042575e+01,2.031382e+01,2.033481e+01,2.036280e+01,2.034881e+01,2.034881e+01,2.036980e+01,2.041176e+01,2.044672e+01,2.047468e+01,2.032082e+01,2.043973e+01,2.049564e+01,2.061434e+01,2.046769e+01,2.053755e+01,2.057246e+01,2.062132e+01,2.067016e+01,2.068410e+01,2.068410e+01,2.068410e+01,2.069805e+01,2.070502e+01,2.071200e+01,2.069805e+01,2.077472e+01,2.069108e+01,2.075382e+01,2.078169e+01,2.067713e+01,2.070502e+01,2.066318e+01,2.072594e+01,2.065621e+01,2.071200e+01,2.051660e+01,2.062830e+01,2.062132e+01,2.071200e+01,2.060736e+01,2.061434e+01,2.073291e+01,2.069108e+01,2.063528e+01,2.069108e+01,2.071897e+01,2.075382e+01,2.072594e+01,2.064225e+01,2.080259e+01,2.076079e+01,2.075382e+01,2.083045e+01,2.070502e+01,2.067016e+01,2.072594e+01,2.064225e+01,2.065621e+01,2.069805e+01,2.060039e+01,2.064225e+01,2.064923e+01,2.071897e+01,2.065621e+01,2.071897e+01,2.065621e+01,2.068410e+01,2.064225e+01,2.069108e+01,2.065621e+01,2.059340e+01,2.069108e+01,2.059340e+01,2.051660e+01,2.060039e+01,2.059340e+01,2.070502e+01,2.050961e+01,2.059340e+01,2.051660e+01,2.054453e+01,2.057246e+01,2.057246e+01,2.060039e+01,2.062132e+01,2.060736e+01,2.062830e+01,2.064225e+01,2.065621e+01,2.063528e+01,2.072594e+01,2.075382e+01,2.076079e+01,2.072594e+01,2.060039e+01,2.073291e+01,2.068410e+01,2.065621e+01,2.081652e+01,2.073291e+01,2.078169e+01,2.073291e+01,2.079562e+01,2.073291e+01,2.075382e+01,2.071897e+01,2.067713e+01,2.078866e+01,2.067016e+01,2.065621e+01,2.073291e+01,2.068410e+01,2.067713e+01,2.056548e+01,2.069805e+01,2.075382e+01,2.080955e+01,2.062830e+01,2.073988e+01,2.069108e+01,2.062132e+01,2.065621e+01,2.063528e+01,2.060736e+01,2.062830e+01,2.067016e+01,2.064923e+01,2.061434e+01,2.057944e+01,2.065621e+01,2.058643e+01,2.059340e+01,2.064923e+01,2.060039e+01,2.061434e+01,2.067016e+01,2.062132e+01,2.057944e+01,2.066318e+01,2.060736e+01,2.067016e+01,2.056548e+01,2.060736e+01,2.057944e+01,2.068410e+01,2.073291e+01,2.048865e+01,2.057944e+01,2.057944e+01,2.057246e+01,2.064225e+01,2.064923e+01,2.060039e+01,2.060039e+01,2.062132e+01,2.057246e+01,2.058643e+01,2.055850e+01,2.067016e+01,2.061434e+01,2.055850e+01,2.064225e+01,2.066318e+01,2.073291e+01,2.067016e+01,2.067016e+01,2.067713e+01,2.067713e+01,2.066318e+01,2.061434e+01,2.069108e+01,2.064923e+01,2.075382e+01,2.076079e+01,2.077472e+01,2.072594e+01,2.053755e+01,2.073988e+01,2.060736e+01,2.068410e+01,2.074685e+01,2.064225e+01,2.069108e+01,2.073988e+01,2.064923e+01,2.070502e+01,2.071200e+01,2.070502e+01,2.075382e+01,2.065621e+01,2.060736e+01,2.069108e+01,2.070502e+01,2.069805e+01,2.076079e+01,2.074685e+01,2.071200e+01,2.064923e+01,2.075382e+01,2.067016e+01,2.082348e+01,2.071897e+01,2.070502e+01,2.070502e+01,2.070502e+01,2.073291e+01,2.071897e+01,2.071897e+01,2.072594e+01,2.072594e+01,2.071200e+01,2.069108e+01,2.069805e+01,2.075382e+01,2.070502e+01,2.075382e+01,2.067016e+01,2.073988e+01,2.076079e+01,2.070502e+01,2.070502e+01,2.072594e+01,2.076079e+01,2.075382e+01,2.074685e+01,2.075382e+01,2.075382e+01,2.069108e+01,2.068410e+01,2.079562e+01,2.069108e+01,2.076775e+01,2.075382e+01,2.071897e+01,2.075382e+01,2.075382e+01,2.067016e+01,2.078866e+01,2.076079e+01,2.072594e+01,2.078169e+01,2.069108e+01,2.072594e+01,2.074685e+01,2.074685e+01,2.071897e+01,2.073988e+01,2.067016e+01,2.071897e+01,2.072594e+01,2.068410e+01,2.073988e+01,2.072594e+01,2.078866e+01,2.074685e+01,2.076775e+01,2.077472e+01,2.076775e+01,2.080259e+01,2.071897e+01,2.074685e+01,2.071897e+01,2.073988e+01,2.073988e+01,2.078866e+01,2.071200e+01,2.071200e+01,2.081652e+01,2.076079e+01,2.076775e+01,2.076079e+01,2.073988e+01,2.071200e+01,2.076079e+01,2.071897e+01,2.073988e+01,2.071200e+01,2.073988e+01,2.071897e+01,2.072594e+01,2.072594e+01,2.078866e+01,2.071897e+01,2.073291e+01,2.073988e+01,2.073988e+01,2.073988e+01,2.079562e+01,2.071200e+01,2.071897e+01,2.071897e+01,2.068410e+01,2.071200e+01,2.072594e+01,2.078169e+01,2.074685e+01,2.071897e+01,2.074685e+01,2.077472e+01,2.078866e+01,2.077472e+01,2.078169e+01,2.069805e+01,2.075382e+01,2.077472e+01,2.068410e+01,2.085134e+01,2.087918e+01,2.075382e+01,2.078169e+01,2.082348e+01,2.082348e+01,2.078169e+01,2.080955e+01,2.072594e+01,2.085134e+01,2.085134e+01,2.080259e+01,2.076775e+01,2.073291e+01,2.066318e+01,2.072594e+01,2.081652e+01,2.069108e+01,2.070502e+01,2.073988e+01,2.078866e+01,2.074685e+01,2.076775e+01,2.069108e+01,2.067713e+01,2.083741e+01,2.071200e+01,2.073988e+01,2.073988e+01,2.073291e+01,2.074685e+01,2.076079e+01,2.078866e+01,2.076775e+01,2.075382e+01,2.069108e+01,2.079562e+01,2.074685e+01,2.076079e+01,2.078169e+01,2.073291e+01,2.076079e+01,2.075382e+01,2.080955e+01,2.055850e+01,2.078866e+01,2.069805e+01,2.076775e+01,2.082348e+01,2.074685e+01,2.078866e+01,2.078169e+01,2.080259e+01,2.076775e+01,2.074685e+01,2.071200e+01,2.078169e+01,2.076079e+01,2.074685e+01,2.073988e+01,2.074685e+01,2.074685e+01,2.079562e+01,2.073988e+01,2.076079e+01,2.075382e+01,2.078866e+01,2.075382e+01,2.077472e+01,2.073988e+01,2.080259e+01,2.078169e+01,2.076775e+01,2.078866e+01,2.079562e+01,2.080955e+01,2.079562e+01,2.079562e+01,2.080955e+01,2.081652e+01,2.062132e+01,2.078169e+01,2.075382e+01,2.074685e+01,2.081652e+01,2.076775e+01,2.078866e+01,2.079562e+01,2.073988e+01,2.076079e+01,2.072594e+01,2.074685e+01,2.091398e+01,2.064225e+01,2.096962e+01,2.081652e+01,2.076775e+01,2.073988e+01,2.073291e+01,2.081652e+01,2.078866e+01,2.080955e+01,2.077472e+01,2.076079e+01,2.074685e+01,2.073988e+01,2.074685e+01,2.071200e+01,2.070502e+01,2.075382e+01,2.071200e+01,2.071897e+01,2.071200e+01,2.071897e+01,2.076775e+01,2.073291e+01,2.076079e+01,2.076775e+01,2.076079e+01,2.076775e+01,2.076079e+01,2.078866e+01,2.075382e+01,2.078866e+01,2.076775e+01,2.075382e+01,2.067713e+01,2.075382e+01,2.080955e+01,2.080259e+01,2.071200e+01,2.087918e+01,2.073988e+01,2.066318e+01,2.080955e+01,2.070502e+01,2.076775e+01,2.070502e+01,2.081652e+01,2.079562e+01,2.073988e+01,2.087918e+01,2.071897e+01,2.087222e+01,2.090006e+01,2.080259e+01,2.083045e+01,2.073988e+01,2.078866e+01,2.081652e+01,2.079562e+01,2.078169e+01,2.085830e+01,2.076775e+01,2.076079e+01,2.069805e+01,2.077472e+01,2.079562e+01,2.078169e+01,2.075382e+01,2.070502e+01,2.077472e+01,2.076775e+01,2.081652e+01,2.078866e+01,2.071200e+01,2.078169e+01,2.083741e+01,2.080955e+01,2.076775e+01,2.062132e+01,2.073988e+01,2.074685e+01,2.073291e+01,2.073291e+01,2.080259e+01,2.063528e+01,2.083045e+01,2.071897e+01,2.071897e+01,2.070502e+01,2.073291e+01,2.072594e+01,2.075382e+01,2.071897e+01,2.083045e+01,2.073988e+01,2.074685e+01,2.085134e+01,2.095572e+01,2.074685e+01,2.078866e+01,2.064225e+01,2.073988e+01,2.071200e+01,2.068410e+01,2.083741e+01,2.080259e+01,2.073988e+01,2.073291e+01,2.077472e+01,2.072594e+01,2.070502e+01,2.146908e+01,2.081652e+01,2.071200e+01,2.079562e+01,2.077472e+01,2.076775e+01,2.080259e+01,2.074685e+01,2.071200e+01,2.070502e+01,2.092789e+01,2.087918e+01,2.073988e+01,2.074685e+01,2.078866e+01,2.086526e+01,2.068410e+01,2.080955e+01,2.076079e+01,2.069805e+01,2.074685e+01,2.084437e+01,2.072594e+01,2.081652e+01,2.070502e+01,2.073988e+01,2.074685e+01,2.076775e+01,2.076775e+01
2.076079e+01,2.081652e+01,2.083045e+01,2.076775e+01,2.078866e+01,2.076079e+01,2.077472e+01,2.064923e+01,2.078169e+01,2.076079e+01,2.069108e+01,2.079562e+01,2.076079e+01,2.080259e+01,2.088614e+01,2.072594e+01,2.082348e+01,2.071200e+01,2.067016e+01,2.077472e+01,2.078169e+01,2.078169e+01,2.077472e+01,2.069805e+01,2.074685e+01,2.073988e+01,2.088614e+01,2.073291e+01,2.073291e+01,2.071897e+01,2.075382e+01,2.078169e+01,2.078866e+01,2.078866e+01,2.068410e+01,2.073291e+01,2.066318e+01,2.071200e+01,2.076079e+01,2.074685e+01,2.079562e+01,2.089310e+01,2.096267e+01,2.079562e+01,2.071897e+01,2.073988e+01,2.075382e+01,2.070502e+01,2.090006e+01,2.092789e+01,2.080259e+01,2.079562e+01,2.071200e+01,2.080955e+01,2.072594e+01,2.082348e+01,2.083045e+01,2.083741e+01,2.082348e+01,2.081652e+01,2.081652e+01,2.079562e+01,2.083741e+01,2.074685e+01,2.077472e+01,2.093485e+01,2.085134e+01,2.078866e+01,2.072594e+01,2.078866e+01,2.076775e+01,2.074685e+01,2.089310e+01,2.082348e+01,2.085134e+01,2.087222e+01,2.083741e+01,2.085830e+01,2.081652e+01,2.079562e+01,2.092789e+01,2.080259e+01,2.079562e+01,2.089310e+01,2.076775e+01,2.077472e+01,2.092093e+01,2.075382e+01,2.076079e+01,2.083045e+01,2.076079e+01,2.077472e+01,2.076079e+01,2.073291e+01,2.067713e+01,2.072594e+01,2.061434e+01,2.050262e+01,2.058643e+01,2.032782e+01,2.031382e+01,2.029982e+01,2.027881e+01,2.032782e+01,2.029282e+01,2.029282e+01,2.032782e+01,2.032082e+01,2.025781e+01,2.044672e+01,2.050961e+01,2.034181e+01,2.047468e+01,2.060736e+01,2.064225e+01,2.063528e+01,2.062132e+01,2.064923e+01,2.066318e+01,2.065621e+01,2.064225e+01,2.070502e+01,2.062830e+01,2.066318e+01,2.079562e+01,2.069805e+01,2.071200e+01,2.076079e+01,2.073988e+01,2.075382e+01,2.078169e+01,2.073988e+01,2.070502e+01,2.072594e+01,2.064923e+01,2.070502e+01,2.067016e+01,2.059340e+01,2.055850e+01,2.064923e+01,2.070502e+01,2.073988e+01,2.071200e+01,2.067016e+01,2.071200e+01,2.070502e+01,2.066318e+01,2.073988e+01,2.094876e+01,2.073291e+01,2.069108e+01,2.074685e+01,2.078866e+01,2.077472e+01,2.063528e+01,2.073291e+01,2.074685e+01,2.066318e+01,2.067713e+01,2.067016e+01,2.069108e+01,2.069108e+01,2.067713e+01,2.058643e+01,2.059340e+01,2.068410e+01,2.067016e+01,2.074685e+01,2.067713e+01,2.069108e+01,2.073988e+01,2.060039e+01,2.063528e+01,2.055850e+01,2.064923e+01,2.056548e+01,2.058643e+01,2.050262e+01,2.056548e+01,2.049564e+01,2.054453e+01,2.057246e+01,2.067016e+01,2.054453e+01,2.064923e+01,2.060039e+01,2.059340e+01,2.052358e+01,2.057944e+01,2.079562e+01,2.070502e+01,2.064923e+01,2.067713e+01,2.070502e+01,2.076079e+01,2.070502e+01,2.073988e+01,2.076079e+01,2.076775e+01,2.071200e+01,2.074685e+01,2.075382e+01,2.072594e+01,2.083045e+01,2.078866e+01,2.078866e+01,2.074685e+01,2.069108e+01,2.080259e+01,2.077472e+01,2.068410e+01,2.072594e+01,2.068410e+01,2.073291e+01,2.062132e+01,2.061434e+01,2.071897e+01,2.070502e+01,2.076775e+01,2.064923e+01,2.073988e+01,2.073291e+01,2.064225e+01,2.067016e+01,2.076775e+01,2.067016e+01,2.064225e+01,2.063528e+01,2.054453e+01,2.062830e+01,2.061434e+01,2.073291e+01,2.063528e+01,2.060039e+01,2.061434e+01,2.060039e+01,2.061434e+01,2.054453e+01,2.049564e+01,2.061434e+01,2.058643e+01,2.060736e+01,2.059340e+01,2.063528e+01,2.060039e+01,2.056548e+01,2.067713e+01,2.056548e+01,2.054453e+01,2.054453e+01,2.059340e+01,2.067016e+01,2.061434e+01,2.065621e+01,2.061434e+01,2.066318e+01,2.069805e+01,2.071200e+01,2.048166e+01,2.069108e+01,2.054453e+01,2.059340e+01,2.062132e+01,2.067016e+01,2.064225e+01,2.065621e+01,2.067713e+01,2.069805e+01,2.062830e+01,2.071200e+01,2.071897e+01,2.071200e+01,2.069108e+01,2.074685e+01,2.071200e+01,2.072594e+01,2.057246e+01,2.074685e+01,2.071897e+01,2.069108e+01,2.062830e+01,2.069805e+01,2.068410e+01,2.071897e+01,2.072594e+01,2.074685e+01,2.069108e+01,2.073988e+01,2.080259e+01,2.062830e+01,2.071897e+01,2.073988e+01,2.074685e+01,2.071897e+01,2.076079e+01,2.068410e+01,2.072594e+01,2.068410e+01,2.073988e+01,2.073291e+01,2.075382e+01,2.072594e+01,2.081652e+01,2.071200e+01,2.069805e+01,2.071200e+01,2.070502e+01,2.071200e+01,2.071897e+01,2.073988e+01,2.071200e+01,2.069108e+01,2.070502e+01,2.074685e+01,2.069805e+01,2.063528e+01,2.076775e+01,2.064225e+01,2.062132e+01,2.073291e+01,2.076775e+01,2.076775e+01,2.075382e+01,2.075382e+01,2.073988e+01,2.076775e+01,2.075382e+01,2.073988e+01,2.072594e+01,2.078169e+01,2.071897e+01,2.080955e+01,2.072594e+01,2.071897e+01,2.072594e+01,2.070502e+01,2.074685e+01,2.073988e+01,2.076079e+01,2.080955e+01,2.080955e+01,2.078169e+01,2.067713e+01,2.072594e+01,2.078169e+01,2.073988e+01,2.068410e+01,2.073291e+01,2.076775e+01,2.078169e+01,2.076775e+01,2.073988e+01,2.067016e+01,2.074685e+01,2.078866e+01,2.081652e+01,2.079562e+01,2.067713e+01,2.076775e+01,2.077472e+01,2.072594e+01,2.071897e+01,2.076079e+01,2.075382e+01,2.074685e+01,2.076079e+01,2.077472e+01,2.073988e+01,2.073291e+01,2.075382e+01,2.073291e+01,2.083741e+01,2.078169e+01,2.073988e+01,2.070502e+01,2.080955e+01,2.084437e+01,2.078866e+01,2.071897e+01,2.071897e+01,2.069805e+01,2.071897e+01,2.078169e+01,2.071897e+01,2.079562e+01,2.074685e+01,2.078866e+01,2.080955e+01,2.071200e+01,2.078866e+01,2.073988e+01,2.073988e+01,2.080955e+01,2.073988e+01,2.076775e+01,2.070502e+01,2.074685e+01,2.071897e+01,2.076775e+01,2.076079e+01,2.073988e+01,2.081652e+01,2.078866e+01,2.078169e+01,2.078169e+01,2.078169e+01,2.078866e+01,2.073988e+01,2.068410e+01,2.088614e+01,2.072594e+01,2.084437e+01,2.079562e+01,2.090702e+01,2.073988e+01,2.077472e+01,2.080259e+01,2.073988e+01,2.080259e+01,2.078169e+01,2.076079e+01,2.068410e+01,2.067713e+01,2.071897e+01,2.073291e+01,2.082348e+01,2.076079e+01,2.071897e+01,2.069108e+01,2.067016e+01,2.070502e+01,2.072594e+01,2.069805e+01,2.071897e+01,2.069805e+01,2.086526e+01,2.072594e+01,2.069805e+01,2.074685e+01,2.076775e+01,2.076079e+01,2.078169e+01,2.076775e+01,2.076775e+01,2.069805e+01,2.069805e+01,2.065621e+01,2.083741e+01,2.078866e+01,2.083045e+01,2.078169e+01,2.083741e+01,2.078169e+01,2.074685e+01,2.083045e+01,2.078866e+01,2.071897e+01,2.074685e+01,2.077472e+01,2.073988e+01,2.078866e+01,2.073988e+01,2.078866e+01,2.067713e+01,2.081652e+01,2.079562e+01,2.073988e+01,2.073988e+01,2.075382e+01,2.077472e+01,2.080955e+01,2.077472e+01,2.081652e+01,2.079562e+01,2.080955e+01,2.069108e+01,2.080955e+01,2.078169e+01,2.076775e+01,2.079562e+01,2.074685e+01,2.082348e+01,2.074685e+01,2.076775e+01,2.069108e+01,2.081652e+01,2.071897e+01,2.083045e+01,2.076775e+01,2.076775e+01,2.082348e+01,2.080259e+01,2.073291e+01,2.080955e+01,2.076775e+01,2.072594e+01,2.076079e+01,2.083741e+01,2.071200e+01,2.077472e+01,2.071200e+01,2.078169e+01,2.082348e+01,2.074685e+01,2.078866e+01,2.076079e+01,2.073988e+01,2.078169e+01,2.072594e+01,2.082348e+01,2.082348e+01,2.079562e+01,2.086526e+01,2.078866e+01,2.071897e+01,2.081652e+01,2.074685e+01,2.073291e+01,2.068410e+01,2.072594e+01,2.072594e+01,2.071897e+01,2.074685e+01,2.072594e+01,2.078169e+01,2.078169e+01,2.085134e+01,2.080259e+01,2.078866e+01,2.078866e+01,2.078169e+01,2.073988e+01,2.090006e+01,2.074685e+01,2.077472e+01,2.077472e+01,2.077472e+01,2.078866e+01,2.074685e+01,2.067713e+01,2.085830e+01,2.088614e+01,2.068410e+01,2.080259e+01,2.084437e+01,2.074685e+01,2.086526e+01,2.075382e+01,2.081652e+01,2.083741e+01,2.072594e+01,2.083741e+01,2.074685e+01,2.079562e+01,2.069108e+01,2.082348e+01,2.083741e+01,2.075382e+01,2.080259e+01,2.078169e+01,2.076079e+01,2.075382e+01,2.075382e+01,2.078169e+01,2.078169e+01,2.078169e+01,2.078169e+01,2.073291e+01,2.075382e+01,2.078169e+01,2.080259e+01,2.083741e+01,2.080259e+01,2.078169e+01,2.078169e+01,2.076775e+01,2.079562e+01,2.080955e+01,2.083741e+01,2.080955e+01,2.083045e+01,2.075382e+01,2.080259e+01,2.069805e+01,2.075382e+01,2.073291e+01,2.071200e+01,2.077472e+01,2.072594e+01,2.069108e+01,2.083045e+01,2.076775e+01,2.090006e+01,2.098353e+01,2.073291e+01,2.077472e+01,2.073988e+01,2.064225e+01,2.073291e+01,2.080259e+01,2.071897e+01,2.079562e+01,2.075382e+01,2.072594e+01,2.073988e+01,2.075382e+01,2.073988e+01,2.090702e+01,2.075382e+01,2.069108e+01,2.068410e+01,2.076775e+01,2.074685e+01,2.083045e+01,2.078169e+01,2.076079e+01,2.076079e+01,2.075382e+01,2.099744e+01,2.071897e+01,2.070502e+01,2.068410e+01,2.074685e+01,2.073291e+01,2.076079e+01,2.092093e+01,2.094180e+01,2.090006e+01,2.076079e+01,2.081652e+01,2.069805e+01,2.077472e+01,2.066318e+01,2.082348e+01,2.085134e+01,2.071200e+01,2.076079e+01,2.085830e+01,2.079562e+01,2.078169e+01
2.073291e+01,2.070502e+01,2.078169e+01,2.086526e+01,2.084437e+01,2.080259e+01,2.079562e+01,2.080259e+01,2.068410e+01,2.080259e+01,2.074685e+01,2.073988e+01,2.076775e+01,2.078169e+01,2.068410e+01,2.078866e+01,2.065621e+01,2.067713e+01,2.066318e+01,2.070502e+01,2.076079e+01,2.083045e+01,2.075382e+01,2.079562e+01,2.069805e+01,2.078866e+01,2.083741e+01,2.079562e+01,2.073988e+01,2.080259e+01,2.075382e+01,2.073988e+01,2.079562e+01,2.078169e+01,2.076079e+01,2.074685e+01,2.073291e+01,2.081652e+01,2.080259e+01,2.072594e+01,2.083045e+01,2.067713e+01,2.074685e+01,2.076775e+01,2.062132e+01,2.078866e+01,2.077472e+01,2.081652e+01,2.086526e+01,2.082348e+01,2.076079e+01,2.080955e+01,2.073988e+01,2.078866e+01,2.082348e+01,2.074685e+01,2.078866e+01,2.081652e+01,2.082348e+01,2.083741e+01,2.078866e+01,2.076775e+01,2.076079e+01,2.081652e+01,2.083741e+01,2.087222e+01,2.079562e+01,2.068410e+01,2.075382e+01,2.083741e+01,2.071200e+01,2.087222e+01,2.083741e+01,2.084437e+01,2.083741e+01,2.084437e+01,2.083045e+01,2.080259e+01,2.072594e+01,2.086526e+01,2.081652e+01,2.080259e+01,2.082348e+01,2.069108e+01,2.076079e+01,2.076079e+01,2.084437e+01,2.076079e+01,2.077472e+01,2.076079e+01,2.078169e+01,2.067016e+01,2.089310e+01,2.081652e+01,2.063528e+01,2.054453e+01,2.062132e+01,2.044672e+01,2.043973e+01,2.035581e+01,2.036980e+01,2.026481e+01,2.033481e+01,2.022278e+01,2.024380e+01,2.028582e+01,2.012466e+01,2.025781e+01,2.040477e+01,2.053755e+01,2.055152e+01,2.057246e+01,2.058643e+01,2.054453e+01,2.064923e+01,2.061434e+01,2.061434e+01,2.067016e+01,2.061434e+01,2.067016e+01,2.060736e+01,2.065621e+01,2.072594e+01,2.071897e+01,2.068410e+01,2.077472e+01,2.070502e+01,2.071200e+01,2.078169e+01,2.070502e+01,2.062830e+01,2.058643e+01,2.064225e+01,2.060039e+01,2.067713e+01,2.060039e+01,2.063528e+01,2.065621e+01,2.060039e+01,2.060736e+01,2.062132e+01,2.062132e+01,2.062830e+01,2.064225e+01,2.071200e+01,2.071897e+01,2.071897e+01,2.075382e+01,2.073291e+01,2.075382e+01,2.069805e+01,2.070502e+01,2.069805e+01,2.064923e+01,2.070502e+01,2.073291e+01,2.075382e+01,2.072594e+01,2.073291e+01,2.069108e+01,2.069805e+01,2.070502e+01,2.073988e+01,2.070502e+01,2.066318e+01,2.071200e+01,2.061434e+01,2.069805e+01,2.085134e+01,2.073988e+01,2.070502e+01,2.062132e+01,2.063528e+01,2.062132e+01,2.061434e+01,2.067016e+01,2.059340e+01,2.066318e+01,2.071200e+01,2.055152e+01,2.057246e+01,2.055152e+01,2.056548e+01,2.056548e+01,2.056548e+01,2.063528e+01,2.062830e+01,2.060736e+01,2.068410e+01,2.065621e+01,2.060736e+01,2.065621e+01,2.076775e+01,2.073291e+01,2.075382e+01,2.071200e+01,2.069108e+01,2.068410e+01,2.065621e+01,2.076079e+01,2.078866e+01,2.073291e+01,2.075382e+01,2.076079e+01,2.083045e+01,2.076079e+01,2.069805e+01,2.074685e+01,2.080259e+01,2.078169e+01,2.078169e+01,2.069108e+01,2.071897e+01,2.076079e+01,2.062830e+01,2.071897e+01,2.067016e+01,2.070502e+01,2.080259e+01,2.079562e+01,2.076775e+01,2.067016e+01,2.069108e+01,2.077472e+01,2.061434e+01,2.069108e+01,2.058643e+01,2.068410e+01,2.068410e+01,2.067016e+01,2.062830e+01,2.061434e+01,2.065621e+01,2.064923e+01,2.062830e+01,2.051660e+01,2.062132e+01,2.060736e+01,2.058643e+01,2.057944e+01,2.063528e+01,2.062132e+01,2.053755e+01,2.064225e+01,2.070502e+01,2.059340e+01,2.053057e+01,2.066318e+01,2.064923e+01,2.055152e+01,2.057944e+01,2.058643e+01,2.061434e+01,2.069108e+01,2.054453e+01,2.062830e+01,2.067016e+01,2.062132e+01,2.060039e+01,2.058643e+01,2.071897e+01,2.067016e+01,2.058643e+01,2.065621e+01,2.080955e+01,2.067016e+01,2.078866e+01,2.064923e+01,2.071897e+01,2.065621e+01,2.061434e+01,2.076079e+01,2.073988e+01,2.059340e+01,2.070502e+01,2.059340e+01,2.077472e+01,2.078169e+01,2.065621e+01,2.073291e+01,2.070502e+01,2.069805e+01,2.071897e+01,2.068410e+01,2.066318e+01,2.073988e+01,2.073291e+01,2.062132e+01,2.068410e+01,2.078866e+01,2.071200e+01,2.075382e+01,2.072594e+01,2.071897e+01,2.065621e+01,2.069805e+01,2.073291e+01,2.073291e+01,2.073291e+01,2.076079e+01,2.073988e+01,2.062830e+01,2.071200e+01,2.073988e+01,2.081652e+01,2.069805e+01,2.071200e+01,2.070502e+01,2.070502e+01,2.072594e+01,2.069108e+01,2.070502e+01,2.073988e+01,2.075382e+01,2.076079e+01,2.061434e+01,2.071897e+01,2.065621e+01,2.069108e+01,2.067713e+01,2.075382e+01,2.078866e+01,2.078866e+01,2.071897e+01,2.073988e+01,2.076079e+01,2.076775e+01,2.076775e+01,2.073988e+01,2.084437e+01,2.076079e+01,2.090006e+01,2.075382e+01,2.067713e+01,2.068410e+01,2.071897e+01,2.060039e+01,2.071200e+01,2.082348e+01,2.068410e+01,2.069805e+01,2.079562e+01,2.074685e+01,2.073988e+01,2.075382e+01,2.072594e+01,2.074685e+01,2.071200e+01,2.071897e+01,2.067713e+01,2.074685e+01,2.067016e+01,2.076079e+01,2.067016e+01,2.087918e+01,2.069108e+01,2.076775e+01,2.071200e+01,2.075382e+01,2.076079e+01,2.075382e+01,2.075382e+01,2.070502e+01,2.076079e+01,2.076775e+01,2.077472e+01,2.074685e+01,2.078866e+01,2.073988e+01,2.073988e+01,2.080259e+01,2.080955e+01,2.085134e+01,2.080955e+01,2.064225e+01,2.072594e+01,2.087918e+01,2.078169e+01,2.069805e+01,2.071200e+01,2.071897e+01,2.073291e+01,2.074685e+01,2.074685e+01,2.078169e+01,2.077472e+01,2.074685e+01,2.081652e+01,2.076079e+01,2.075382e+01,2.075382e+01,2.073988e+01,2.073988e+01,2.068410e+01,2.071897e+01,2.078169e+01,2.076079e+01,2.074685e+01,2.073291e+01,2.073291e+01,2.078169e+01,2.072594e+01,2.087222e+01,2.073988e+01,2.081652e+01,2.078866e+01,2.074685e+01,2.077472e+01,2.069805e+01,2.091398e+01,2.076079e+01,2.082348e+01,2.088614e+01,2.076079e+01,2.077472e+01,2.078866e+01,2.081652e+01,2.080259e+01,2.080259e+01,2.074685e+01,2.076079e+01,2.064923e+01,2.069805e+01,2.073988e+01,2.073988e+01,2.069108e+01,2.079562e+01,2.067713e+01,2.079562e+01,2.078866e+01,2.079562e+01,2.069108e+01,2.070502e+01,2.073988e+01,2.069108e+01,2.083741e+01,2.073291e+01,2.082348e+01,2.076775e+01,2.076775e+01,2.078866e+01,2.078169e+01,2.074685e+01,2.078169e+01,2.072594e+01,2.076775e+01,2.071200e+01,2.080259e+01,2.069805e+01,2.076775e+01,2.068410e+01,2.073988e+01,2.073291e+01,2.078866e+01,2.090006e+01,2.075382e+01,2.072594e+01,2.076775e+01,2.080259e+01,2.083741e+01,2.073988e+01,2.071897e+01,2.076775e+01,2.080259e+01,2.076775e+01,2.080955e+01,2.081652e+01,2.079562e+01,2.078866e+01,2.075382e+01,2.080955e+01,2.080955e+01,2.085830e+01,2.073988e+01,2.072594e+01,2.078169e+01,2.073291e+01,2.067016e+01,2.073988e+01,2.078169e+01,2.076775e+01,2.067713e+01,2.076775e+01,2.078169e+01,2.073291e+01,2.075382e+01,2.074685e+01,2.077472e+01,2.074685e+01,2.083741e+01,2.079562e+01,2.071897e+01,2.083741e+01,2.076079e+01,2.087222e+01,2.082348e+01,2.080955e+01,2.071200e+01,2.078169e+01,2.070502e+01,2.083741e+01,2.089310e+01,2.075382e+01,2.078866e+01,2.074685e+01,2.075382e+01,2.077472e+01,2.069805e+01,2.067016e+01,2.078866e+01,2.075382e+01,2.068410e+01,2.076079e+01,2.094180e+01,2.083741e+01,2.087222e+01,2.081652e+01,2.079562e+01,2.071200e+01,2.069108e+01,2.070502e+01,2.078866e+01,2.077472e+01,2.077472e+01,2.053057e+01,2.077472e+01,2.074685e+01,2.076079e+01,2.074685e+01,2.080259e+01,2.073988e+01,2.075382e+01,2.080955e+01,2.077472e+01,2.079562e+01,2.085830e+01,2.080259e+01,2.080259e+01,2.078866e+01,2.086526e+01,2.073291e+01,2.077472e+01,2.083741e+01,2.085830e+01,2.078866e+01,2.079562e+01,2.073988e+01,2.085830e+01,2.076079e+01,2.073291e+01,2.073291e+01,2.076079e+01,2.078866e+01,2.083045e+01,2.079562e+01,2.085134e+01,2.083045e+01,2.078866e+01,2.080259e+01,2.078169e+01,2.076079e+01,2.078866e+01,2.079562e+01,2.072594e+01,2.076079e+01,2.076775e+01,2.080259e+01,2.078866e+01,2.079562e+01,2.081652e+01,2.084437e+01,2.085134e+01,2.072594e+01,2.069805e+01,2.080955e+01,2.069805e+01,2.079562e+01,2.087918e+01,2.078866e+01,2.078866e+01,2.079562e+01,2.079562e+01,2.082348e+01,2.083045e+01,2.073291e+01,2.070502e+01,2.072594e+01,2.083045e+01,2.071200e+01,2.080259e+01,2.069108e+01,2.076775e+01,2.075382e+01,2.075382e+01,2.076775e+01,2.078866e+01,2.085830e+01,2.060039e+01,2.075382e+01,2.073291e+01,2.075382e+01,2.064225e+01,2.072594e+01,2.072594e+01,2.075382e+01,2.076775e+01,2.075382e+01,2.066318e+01,2.071200e+01,2.076079e+01,2.073291e+01,2.069108e+01,2.086526e+01,2.073291e+01,2.073291e+01,2.071200e+01,2.068410e+01,2.073291e+01,2.076079e+01,2.070502e+01,2.072594e+01,2.076079e+01,2.079562e+01,2.070502e+01,2.070502e+01,2.073988e+01,2.076079e+01,2.076079e+01,2.073988e+01,2.090702e+01,2.089310e+01,2.079562e+01,2.080259e+01,2.085134e+01,2.071897e+01,2.085830e+01,2.087222e+01,2.075382e+01,2.083741e+01,2.079562e+01
2.076775e+01,2.073988e+01,2.076079e+01,2.078866e+01,2.073988e+01,2.073988e+01,2.078866e+01,2.071200e+01,2.080259e+01,2.074685e+01,2.073291e+01,2.075382e+01,2.078866e+01,2.074685e+01,2.069805e+01,2.083045e+01,2.066318e+01,2.064923e+01,2.076775e+01,2.064923e+01,2.073988e+01,2.076775e+01,2.078866e+01,2.078866e+01,2.078866e+01,2.072594e+01,2.086526e+01,2.075382e+01,2.075382e+01,2.073291e+01,2.077472e+01,2.080259e+01,2.081652e+01,2.078866e+01,2.078169e+01,2.076775e+01,2.073988e+01,2.073291e+01,2.076775e+01,2.078169e+01,2.076775e+01,2.071200e+01,2.082348e+01,2.080259e+01,2.080259e+01,2.088614e+01,2.076775e+01,2.076775e+01,2.076079e+01,2.076079e+01,2.081652e+01,2.077472e+01,2.080955e+01,2.077472e+01,2.079562e+01,2.076775e+01,2.082348e+01,2.069108e+01,2.083045e+01,2.071897e+01,2.085134e+01,2.078169e+01,2.087222e+01,2.092093e+01,2.075382e+01,2.078169e+01,2.084437e+01,2.077472e+01,2.086526e+01,2.085830e+01,2.075382e+01,2.086526e+01,2.085134e+01,2.083741e+01,2.086526e+01,2.098353e+01,2.080955e+01,2.080259e+01,2.076079e+01,2.074685e+01,2.073988e+01,2.079562e+01,2.080955e+01,2.085134e+01,2.080259e+01,2.091398e+01,2.076079e+01,2.076079e+01,2.078866e+01,2.078866e+01,2.077472e+01,2.079562e+01,2.074685e+01,2.068410e+01,2.054453e+01,2.055850e+01,2.057246e+01,2.051660e+01,2.044672e+01,2.043274e+01,2.021578e+01,2.028582e+01,2.018074e+01,2.013868e+01,2.007556e+01,2.012466e+01,2.011063e+01,2.027881e+01,2.055850e+01,2.050262e+01,2.059340e+01,2.062830e+01,2.060736e+01,2.069108e+01,2.064923e+01,2.060736e+01,2.060736e+01,2.063528e+01,2.068410e+01,2.057944e+01,2.067016e+01,2.066318e+01,2.058643e+01,2.070502e+01,2.070502e+01,2.071897e+01,2.070502e+01,2.071897e+01,2.077472e+01,2.066318e+01,2.067016e+01,2.060039e+01,2.069805e+01,2.070502e+01,2.065621e+01,2.064225e+01,2.063528e+01,2.061434e+01,2.057944e+01,2.059340e+01,2.059340e+01,2.057944e+01,2.063528e+01,2.064923e+01,2.076775e+01,2.055850e+01,2.073988e+01,2.080955e+01,2.074685e+01,2.064923e+01,2.064225e+01,2.071897e+01,2.071897e+01,2.069108e+01,2.072594e+01,2.071200e+01,2.071897e+01,2.071200e+01,2.073988e+01,2.073291e+01,2.073988e+01,2.062132e+01,2.071897e+01,2.071897e+01,2.063528e+01,2.070502e+01,2.062132e+01,2.069108e+01,2.067016e+01,2.056548e+01,2.064923e+01,2.071200e+01,2.060736e+01,2.061434e+01,2.060736e+01,2.055152e+01,2.058643e+01,2.064923e+01,2.062132e+01,2.064923e+01,2.056548e+01,2.055152e+01,2.056548e+01,2.056548e+01,2.059340e+01,2.060736e+01,2.062830e+01,2.062132e+01,2.079562e+01,2.061434e+01,2.071200e+01,2.068410e+01,2.073988e+01,2.069805e+01,2.076079e+01,2.073988e+01,2.073988e+01,2.075382e+01,2.077472e+01,2.073988e+01,2.075382e+01,2.075382e+01,2.074685e+01,2.073291e+01,2.070502e+01,2.076079e+01,2.070502e+01,2.079562e+01,2.073988e+01,2.078169e+01,2.074685e+01,2.076775e+01,2.069805e+01,2.078866e+01,2.074685e+01,2.071200e+01,2.064923e+01,2.079562e+01,2.059340e+01,2.066318e+01,2.085830e+01,2.062830e+01,2.068410e+01,2.067016e+01,2.069805e+01,2.055850e+01,2.058643e+01,2.066318e+01,2.050262e+01,2.065621e+01,2.060039e+01,2.060039e+01,2.060039e+01,2.063528e+01,2.062830e+01,2.057944e+01,2.057246e+01,2.058643e+01,2.067713e+01,2.053755e+01,2.060039e+01,2.062132e+01,2.064923e+01,2.071200e+01,2.062132e+01,2.063528e+01,2.067713e+01,2.064923e+01,2.057944e+01,2.061434e+01,2.060039e+01,2.061434e+01,2.059340e+01,2.066318e+01,2.055152e+01,2.057246e+01,2.050961e+01,2.060039e+01,2.061434e+01,2.058643e+01,2.064923e+01,2.071200e+01,2.071897e+01,2.072594e+01,2.062132e+01,2.062830e+01,2.064225e+01,2.068410e+01,2.069108e+01,2.060736e+01,2.068410e+01,2.074685e+01,2.067713e+01,2.071200e+01,2.085830e+01,2.064923e+01,2.071897e+01,2.069108e+01,2.077472e+01,2.079562e+01,2.068410e+01,2.072594e+01,2.067016e+01,2.067016e+01,2.071897e+01,2.072594e+01,2.073291e+01,2.071200e+01,2.068410e+01,2.080259e+01,2.075382e+01,2.067016e+01,2.076079e+01,2.069805e+01,2.066318e+01,2.075382e+01,2.075382e+01,2.056548e+01,2.069805e+01,2.073988e+01,2.072594e+01,2.071200e+01,2.071200e+01,2.064923e+01,2.067713e+01,2.067016e+01,2.070502e+01,2.058643e+01,2.070502e+01,2.058643e+01,2.068410e+01,2.073988e+01,2.063528e+01,2.076079e+01,2.076079e+01,2.072594e+01,2.070502e+01,2.067713e+01,2.067713e+01,2.070502e+01,2.071897e+01,2.073291e+01,2.070502e+01,2.076079e+01,2.068410e+01,2.074685e+01,2.076775e+01,2.081652e+01,2.078169e+01,2.077472e+01,2.080259e+01,2.080259e+01,2.066318e+01,2.069805e+01,2.069805e+01,2.068410e+01,2.079562e+01,2.081652e+01,2.074685e+01,2.073291e+01,2.073291e+01,2.076775e+01,2.078866e+01,2.076079e+01,2.077472e+01,2.075382e+01,2.071897e+01,2.071200e+01,2.081652e+01,2.075382e+01,2.081652e+01,2.069108e+01,2.075382e+01,2.080955e+01,2.080259e+01,2.067016e+01,2.065621e+01,2.077472e+01,2.076079e+01,2.076079e+01,2.079562e+01,2.071200e+01,2.076775e+01,2.075382e+01,2.079562e+01,2.073291e+01,2.073291e+01,2.079562e+01,2.074685e+01,2.076775e+01,2.070502e+01,2.073988e+01,2.073988e+01,2.072594e+01,2.073988e+01,2.083045e+01,2.073988e+01,2.067713e+01,2.071200e+01,2.076775e+01,2.077472e+01,2.070502e+01,2.079562e+01,2.075382e+01,2.079562e+01,2.075382e+01,2.073291e+01,2.073988e+01,2.083741e+01,2.069108e+01,2.075382e+01,2.064923e+01,2.076775e+01,2.072594e+01,2.073988e+01,2.077472e+01,2.073291e+01,2.070502e+01,2.076079e+01,2.069108e+01,2.069108e+01,2.071897e+01,2.069805e+01,2.075382e+01,2.071897e+01,2.080259e+01,2.078866e+01,2.073988e+01,2.076079e+01,2.089310e+01,2.092093e+01,2.089310e+01,2.090006e+01,2.082348e+01,2.087918e+01,2.078169e+01,2.078169e+01,2.084437e+01,2.076775e+01,2.080955e+01,2.073988e+01,2.081652e+01,2.069805e+01,2.072594e+01,2.070502e+01,2.078169e+01,2.077472e+01,2.072594e+01,2.081652e+01,2.071897e+01,2.082348e+01,2.071897e+01,2.069108e+01,2.071897e+01,2.077472e+01,2.087222e+01,2.078866e+01,2.076079e+01,2.085134e+01,2.075382e+01,2.077472e+01,2.076079e+01,2.073291e+01,2.073988e+01,2.073988e+01,2.071200e+01,2.079562e+01,2.076079e+01,2.077472e+01,2.078866e+01,2.077472e+01,2.074685e+01,2.075382e+01,2.078866e+01,2.076775e+01,2.069805e+01,2.076775e+01,2.086526e+01,2.081652e+01,2.080955e+01,2.080955e+01,2.074685e+01,2.069805e+01,2.081652e+01,2.078169e+01,2.083741e+01,2.075382e+01,2.074685e+01,2.083045e+01,2.079562e+01,2.080259e+01,2.080955e+01,2.082348e+01,2.087918e+01,2.071897e+01,2.089310e+01,2.083741e+01,2.074685e+01,2.078866e+01,2.076079e+01,2.071897e+01,2.080259e+01,2.073988e+01,2.077472e+01,2.069805e+01,2.073988e+01,2.073988e+01,2.075382e+01,2.076775e+01,2.077472e+01,2.076079e+01,2.087222e+01,2.078169e+01,2.076775e+01,2.073988e+01,2.077472e+01,2.079562e+01,2.071200e+01,2.075382e+01,2.084437e+01,2.087918e+01,2.080955e+01,2.079562e+01,2.076775e+01,2.074685e+01,2.079562e+01,2.083045e+01,2.087222e+01,2.080955e+01,2.076775e+01,2.080259e+01,2.073291e+01,2.072594e+01,2.074685e+01,2.076775e+01,2.080955e+01,2.085830e+01,2.080955e+01,2.070502e+01,2.071897e+01,2.074685e+01,2.080955e+01,2.078169e+01,2.075382e+01,2.083741e+01,2.078866e+01,2.074685e+01,2.079562e+01,2.082348e+01,2.080955e+01,2.083045e+01,2.067016e+01,2.079562e+01,2.087918e+01,2.078169e+01,2.078866e+01,2.086526e+01,2.078866e+01,2.086526e+01,2.085134e+01,2.079562e+01,2.085830e+01,2.084437e+01,2.075382e+01,2.089310e+01,2.082348e+01,2.090702e+01,2.084437e+01,2.087918e+01,2.087222e+01,2.071200e+01,2.071200e+01,2.078866e+01,2.082348e+01,2.069108e+01,2.072594e+01,2.075382e+01,2.078169e+01,2.077472e+01,2.072594e+01,2.077472e+01,2.092789e+01,2.075382e+01,2.076079e+01,2.072594e+01,2.078169e+01,2.076775e+01,2.078169e+01,2.071200e+01,2.073291e+01,2.083741e+01,2.084437e+01,2.072594e+01,2.078866e+01,2.078866e+01,2.080259e+01,2.080955e+01,2.076775e+01,2.076079e+01,2.070502e+01,2.069805e+01,2.078866e+01,2.077472e+01,2.075382e+01,2.064225e+01,2.068410e+01,2.067713e+01,2.072594e+01,2.070502e+01,2.071200e+01,2.071200e+01,2.072594e+01,2.077472e+01,2.076079e+01,2.076079e+01,2.079562e+01,2.075382e+01,2.076775e+01,2.072594e+01,2.073291e+01,2.070502e+01,2.067016e+01,2.076775e+01,2.065621e+01,2.090006e+01,2.076079e+01,2.083045e+01,2.076079e+01,2.076079e+01,2.078866e+01,2.069805e+01,2.066318e+01,2.069805e+01,2.068410e+01,2.077472e+01,2.070502e+01,2.075382e+01,2.080259e+01,2.074685e+01,2.069805e+01,2.082348e+01,2.072594e+01,2.079562e+01,2.071897e+01,2.087918e+01,2.090702e+01,2.074685e+01,2.080955e+01,2.079562e+01,2.072594e+01,2.075382e+01,2.063528e+01,2.076775e+01,2.071897e+01,2.084437e+01,2.083045e+01,2.085134e+01,2.083045e+01,2.067713e+01,2.082348e+01
2.076775e+01,2.079562e+01,2.073291e+01,2.086526e+01,2.077472e+01,2.078169e+01,2.080259e+01,2.076775e+01,2.076079e+01,2.077472e+01,2.077472e+01,2.080955e+01,2.082348e+01,2.079562e+01,2.078169e+01,2.086526e+01,2.074685e+01,2.078169e+01,2.076775e+01,2.075382e+01,2.078169e+01,2.075382e+01,2.084437e+01,2.079562e+01,2.073988e+01,2.085830e+01,2.080955e+01,2.075382e+01,2.064923e+01,2.078866e+01,2.079562e+01,2.083045e+01,2.076079e+01,2.091398e+01,2.077472e+01,2.080259e+01,2.078169e+01,2.079562e+01,2.070502e+01,2.076079e+01,2.070502e+01,2.072594e+01,2.070502e+01,2.078866e+01,2.083741e+01,2.077472e+01,2.067713e+01,2.078169e+01,2.086526e+01,2.086526e+01,2.090702e+01,2.077472e+01,2.082348e+01,2.076079e+01,2.079562e+01,2.076775e+01,2.086526e+01,2.080259e+01,2.071897e+01,2.079562e+01,2.083741e+01,2.087918e+01,2.082348e+01,2.084437e+01,2.077472e+01,2.080259e+01,2.078866e+01,2.103219e+01,2.086526e+01,2.085134e+01,2.087222e+01,2.073291e+01,2.079562e+01,2.087918e+01,2.081652e+01,2.083045e+01,2.083045e+01,2.080955e+01,2.078169e+01,2.080259e+01,2.076079e+01,2.076775e+01,2.078866e+01,2.080259e+01,2.076079e+01,2.068410e+01,2.076079e+01,2.076775e+01,2.075382e+01,2.082348e+01,2.080955e+01,2.077472e+01,2.062830e+01,2.067016e+01,2.053755e+01,2.049564e+01,2.050961e+01,2.053057e+01,2.051660e+01,2.050262e+01,2.037679e+01,2.025781e+01,2.029982e+01,2.032782e+01,2.029282e+01,2.036280e+01,2.050262e+01,2.055152e+01,2.063528e+01,2.060039e+01,2.057944e+01,2.060736e+01,2.062830e+01,2.062132e+01,2.066318e+01,2.069108e+01,2.062132e+01,2.067713e+01,2.070502e+01,2.065621e+01,2.070502e+01,2.073291e+01,2.072594e+01,2.071200e+01,2.071897e+01,2.073988e+01,2.071897e+01,2.070502e+01,2.055850e+01,2.062830e+01,2.069108e+01,2.066318e+01,2.069108e+01,2.076079e+01,2.064225e+01,2.061434e+01,2.062132e+01,2.063528e+01,2.060736e+01,2.060736e+01,2.060039e+01,2.059340e+01,2.067016e+01,2.065621e+01,2.081652e+01,2.073291e+01,2.048865e+01,2.071897e+01,2.074685e+01,2.069108e+01,2.073291e+01,2.071200e+01,2.068410e+01,2.073988e+01,2.072594e+01,2.071897e+01,2.071897e+01,2.074685e+01,2.067713e+01,2.076775e+01,2.072594e+01,2.073291e+01,2.070502e+01,2.071897e+01,2.071200e+01,2.073291e+01,2.064225e+01,2.066318e+01,2.060736e+01,2.070502e+01,2.066318e+01,2.063528e+01,2.057944e+01,2.060039e+01,2.057246e+01,2.067016e+01,2.060736e+01,2.060039e+01,2.070502e+01,2.053755e+01,2.056548e+01,2.057246e+01,2.056548e+01,2.059340e+01,2.060039e+01,2.067016e+01,2.060736e+01,2.066318e+01,2.066318e+01,2.067016e+01,2.070502e+01,2.072594e+01,2.071200e+01,2.073291e+01,2.074685e+01,2.075382e+01,2.074685e+01,2.071200e+01,2.072594e+01,2.073291e+01,2.085830e+01,2.076775e+01,2.077472e+01,2.078866e+01,2.073988e+01,2.073291e+01,2.080955e+01,2.077472e+01,2.069805e+01,2.077472e+01,2.075382e+01,2.074685e+01,2.071200e+01,2.080955e+01,2.072594e+01,2.075382e+01,2.078169e+01,2.082348e+01,2.081652e+01,2.075382e+01,2.071897e+01,2.055850e+01,2.073291e+01,2.066318e+01,2.066318e+01,2.060736e+01,2.060736e+01,2.070502e+01,2.062830e+01,2.064225e+01,2.060736e+01,2.059340e+01,2.060039e+01,2.057944e+01,2.062132e+01,2.062830e+01,2.066318e+01,2.070502e+01,2.064923e+01,2.054453e+01,2.069805e+01,2.054453e+01,2.069108e+01,2.062830e+01,2.068410e+01,2.068410e+01,2.062830e+01,2.055850e+01,2.069805e+01,2.063528e+01,2.064225e+01,2.060039e+01,2.045371e+01,2.061434e+01,2.053057e+01,2.054453e+01,2.062132e+01,2.063528e+01,2.069805e+01,2.057246e+01,2.060736e+01,2.063528e+01,2.060736e+01,2.073291e+01,2.062132e+01,2.060039e+01,2.068410e+01,2.064923e+01,2.062132e+01,2.064225e+01,2.069805e+01,2.063528e+01,2.066318e+01,2.067713e+01,2.073988e+01,2.064225e+01,2.067713e+01,2.068410e+01,2.067016e+01,2.075382e+01,2.077472e+01,2.067713e+01,2.071897e+01,2.060736e+01,2.074685e+01,2.071200e+01,2.074685e+01,2.070502e+01,2.064225e+01,2.077472e+01,2.062830e+01,2.068410e+01,2.062830e+01,2.070502e+01,2.068410e+01,2.082348e+01,2.070502e+01,2.073291e+01,2.067016e+01,2.071200e+01,2.073988e+01,2.072594e+01,2.072594e+01,2.089310e+01,2.069805e+01,2.088614e+01,2.069108e+01,2.069805e+01,2.069805e+01,2.069805e+01,2.071200e+01,2.058643e+01,2.071897e+01,2.071897e+01,2.074685e+01,2.062132e+01,2.070502e+01,2.072594e+01,2.062132e+01,2.069108e+01,2.074685e+01,2.076775e+01,2.078169e+01,2.075382e+01,2.075382e+01,2.078169e+01,2.077472e+01,2.071200e+01,2.078866e+01,2.074685e+01,2.078169e+01,2.075382e+01,2.071200e+01,2.069108e+01,2.079562e+01,2.067713e+01,2.078866e+01,2.069108e+01,2.067713e+01,2.070502e+01,2.074685e+01,2.078169e+01,2.076079e+01,2.077472e+01,2.077472e+01,2.077472e+01,2.076775e+01,2.074685e+01,2.070502e+01,2.076775e+01,2.073988e+01,2.078866e+01,2.069108e+01,2.079562e+01,2.074685e+01,2.079562e+01,2.076079e+01,2.075382e+01,2.073988e+01,2.076775e+01,2.076079e+01,2.074685e+01,2.079562e+01,2.076775e+01,2.071897e+01,2.076775e+01,2.078169e+01,2.074685e+01,2.078169e+01,2.083045e+01,2.076775e+01,2.071200e+01,2.084437e+01,2.079562e+01,2.065621e+01,2.073988e+01,2.076775e+01,2.069805e+01,2.070502e+01,2.072594e+01,2.073291e+01,2.072594e+01,2.079562e+01,2.080259e+01,2.079562e+01,2.071200e+01,2.074685e+01,2.076079e+01,2.076775e+01,2.076079e+01,2.081652e+01,2.068410e+01,2.074685e+01,2.071897e+01,2.073291e+01,2.076079e+01,2.073291e+01,2.073988e+01,2.076079e+01,2.083045e+01,2.070502e+01,2.072594e+01,2.072594e+01,2.073988e+01,2.079562e+01,2.078866e+01,2.078169e+01,2.081652e+01,2.082348e+01,2.080259e+01,2.076079e+01,2.084437e+01,2.083741e+01,2.079562e+01,2.075382e+01,2.077472e+01,2.083045e+01,2.074685e+01,2.078866e+01,2.077472e+01,2.069805e+01,2.075382e+01,2.071200e+01,2.074685e+01,2.065621e+01,2.080259e+01,2.073988e+01,2.076079e+01,2.078866e+01,2.072594e+01,2.079562e+01,2.075382e+01,2.073291e+01,2.081652e+01,2.079562e+01,2.072594e+01,2.083741e+01,2.091398e+01,2.090006e+01,2.075382e+01,2.076079e+01,2.076079e+01,2.075382e+01,2.077472e+01,2.078169e+01,2.076079e+01,2.078169e+01,2.080955e+01,2.085134e+01,2.078169e+01,2.076775e+01,2.073988e+01,2.081652e+01,2.071200e+01,2.083741e+01,2.077472e+01,2.075382e+01,2.078169e+01,2.073291e+01,2.081652e+01,2.083045e+01,2.082348e+01,2.071897e+01,2.085134e+01,2.081652e+01,2.082348e+01,2.081652e+01,2.085134e+01,2.083045e+01,2.084437e+01,2.081652e+01,2.078169e+01,2.077472e+01,2.082348e+01,2.087222e+01,2.081652e+01,2.074685e+01,2.076775e+01,2.077472e+01,2.085830e+01,2.071897e+01,2.083045e+01,2.079562e+01,2.069108e+01,2.079562e+01,2.082348e+01,2.074685e+01,2.074685e+01,2.077472e+01,2.082348e+01,2.074685e+01,2.075382e+01,2.072594e+01,2.076775e+01,2.083045e+01,2.076775e+01,2.080259e+01,2.072594e+01,2.085134e+01,2.070502e+01,2.082348e+01,2.065621e+01,2.078866e+01,2.079562e+01,2.077472e+01,2.078866e+01,2.078866e+01,2.094180e+01,2.074685e+01,2.076079e+01,2.070502e+01,2.076775e+01,2.077472e+01,2.065621e+01,2.085830e+01,2.088614e+01,2.070502e+01,2.084437e+01,2.076079e+01,2.076775e+01,2.068410e+01,2.078169e+01,2.078866e+01,2.076079e+01,2.070502e+01,2.084437e+01,2.071200e+01,2.082348e+01,2.078866e+01,2.078169e+01,2.075382e+01,2.077472e+01,2.084437e+01,2.076079e+01,2.084437e+01,2.080259e+01,2.072594e+01,2.085830e+01,2.073988e+01,2.073988e+01,2.086526e+01,2.080955e+01,2.083741e+01,2.078169e+01,2.069805e+01,2.074685e+01,2.067016e+01,2.083741e+01,2.085134e+01,2.087918e+01,2.083045e+01,2.077472e+01,2.080259e+01,2.076775e+01,2.078866e+01,2.064923e+01,2.071897e+01,2.078169e+01,2.080259e+01,2.078169e+01,2.080955e+01,2.085134e+01,2.073291e+01,2.074685e+01,2.073291e+01,2.077472e+01,2.072594e+01,2.078169e+01,2.078169e+01,2.078169e+01,2.083741e+01,2.074685e+01,2.076775e+01,2.073291e+01,2.081652e+01,2.075382e+01,2.069108e+01,2.067016e+01,2.083741e+01,2.086526e+01,2.083741e+01,2.080955e+01,2.081652e+01,2.075382e+01,2.076775e+01,2.075382e+01,2.077472e+01,2.075382e+01,2.074685e+01,2.069805e+01,2.076775e+01,2.074685e+01,2.080259e+01,2.075382e+01,2.082348e+01,2.075382e+01,2.060039e+01,2.071897e+01,2.081652e+01,2.079562e+01,2.090006e+01,2.075382e+01,2.072594e+01,2.076079e+01,2.073291e+01,2.075382e+01,2.076775e+01,2.085830e+01,2.073988e+01,2.073988e+01,2.087222e+01,2.076079e+01,2.071897e+01,2.070502e+01,2.082348e+01,2.086526e+01,2.078866e+01,2.099048e+01,2.063528e+01,2.072594e+01,2.073291e+01,2.080955e+01,2.071200e+01,2.086526e+01,2.089310e+01,2.086526e+01,2.080259e+01,2.073291e+01,2.082348e+01,2.080955e+01,2.079562e+01,2.080259e+01,2.079562e+01,2.078169e+01,2.083741e+01,2.076775e+01,2.076775e+01,2.079562e+01,2.076775e+01,2.080955e+01
2.084437e+01,2.079562e+01,2.062132e+01,2.073291e+01,2.073291e+01,2.078169e+01,2.073291e+01,2.073291e+01,2.076775e+01,2.077472e+01,2.076079e+01,2.072594e+01,2.083741e+01,2.076079e+01,2.079562e+01,2.066318e+01,2.074685e+01,2.067016e+01,2.074685e+01,2.069108e+01,2.066318e+01,2.081652e+01,2.082348e+01,2.077472e+01,2.069108e+01,2.070502e+01,2.070502e+01,2.076775e+01,2.072594e+01,2.078169e+01,2.081652e+01,2.083741e+01,2.083741e+01,2.083045e+01,2.077472e+01,2.078169e+01,2.076775e+01,2.074685e+01,2.077472e+01,2.071897e+01,2.071897e+01,2.073291e+01,2.085134e+01,2.069805e+01,2.084437e+01,2.076079e+01,2.076775e+01,2.081652e+01,2.087918e+01,2.085134e+01,2.086526e+01,2.078866e+01,2.084437e+01,2.078866e+01,2.078866e+01,2.076775e+01,2.078866e+01,2.086526e+01,2.080259e+01,2.084437e+01,2.090702e+01,2.085830e+01,2.078169e+01,2.085134e+01,2.076775e+01,2.079562e+01,2.081652e+01,2.085134e+01,2.083045e+01,2.080259e+01,2.083045e+01,2.085830e+01,2.071200e+01,2.083045e+01,2.080955e+01,2.080955e+01,2.074685e+01,2.080955e+01,2.075382e+01,2.075382e+01,2.079562e+01,2.077472e+01,2.090006e+01,2.077472e+01,2.090702e+01,2.072594e+01,2.073291e+01,2.075382e+01,2.083045e+01,2.078169e+01,2.077472e+01,2.063528e+01,2.074685e+01,2.063528e+01,2.048865e+01,2.060039e+01,2.060736e+01,2.060039e+01,2.043274e+01,2.039078e+01,2.035581e+01,2.029282e+01,2.028582e+01,2.048865e+01,2.044672e+01,2.047468e+01,2.054453e+01,2.057246e+01,2.057246e+01,2.056548e+01,2.061434e+01,2.065621e+01,2.064225e+01,2.063528e+01,2.070502e+01,2.062830e+01,2.072594e+01,2.062132e+01,2.069805e+01,2.071897e+01,2.069805e+01,2.060039e+01,2.070502e+01,2.064225e+01,2.069805e+01,2.062830e+01,2.071897e+01,2.069805e+01,2.059340e+01,2.066318e+01,2.060736e+01,2.055850e+01,2.053057e+01,2.063528e+01,2.064225e+01,2.061434e+01,2.064225e+01,2.041176e+01,2.057944e+01,2.055850e+01,2.062132e+01,2.055152e+01,2.065621e+01,2.062830e+01,2.066318e+01,2.067016e+01,2.075382e+01,2.050961e+01,2.070502e+01,2.073291e+01,2.070502e+01,2.074685e+01,2.073291e+01,2.081652e+01,2.069805e+01,2.067016e+01,2.070502e+01,2.066318e+01,2.069108e+01,2.065621e+01,2.068410e+01,2.071897e+01,2.071200e+01,2.061434e+01,2.070502e+01,2.071200e+01,2.061434e+01,2.064923e+01,2.067016e+01,2.067016e+01,2.064923e+01,2.060039e+01,2.056548e+01,2.060736e+01,2.061434e+01,2.057246e+01,2.055152e+01,2.058643e+01,2.067713e+01,2.067016e+01,2.055850e+01,2.073291e+01,2.056548e+01,2.062830e+01,2.055850e+01,2.062132e+01,2.065621e+01,2.064225e+01,2.064225e+01,2.071897e+01,2.069805e+01,2.071897e+01,2.069108e+01,2.072594e+01,2.071897e+01,2.074685e+01,2.079562e+01,2.078866e+01,2.072594e+01,2.072594e+01,2.073988e+01,2.074685e+01,2.076079e+01,2.073291e+01,2.072594e+01,2.101134e+01,2.073291e+01,2.074685e+01,2.069108e+01,2.078169e+01,2.076775e+01,2.060736e+01,2.070502e+01,2.070502e+01,2.078169e+01,2.079562e+01,2.074685e+01,2.077472e+01,2.078866e+01,2.070502e+01,2.071897e+01,2.070502e+01,2.071200e+01,2.068410e+01,2.057944e+01,2.065621e+01,2.064225e+01,2.066318e+01,2.055152e+01,2.056548e+01,2.053057e+01,2.058643e+01,2.058643e+01,2.057944e+01,2.063528e+01,2.073988e+01,2.061434e+01,2.060736e+01,2.064923e+01,2.052358e+01,2.058643e+01,2.060736e+01,2.057944e+01,2.061434e+01,2.062830e+01,2.055850e+01,2.058643e+01,2.061434e+01,2.066318e+01,2.052358e+01,2.059340e+01,2.063528e+01,2.057246e+01,2.058643e+01,2.065621e+01,2.050961e+01,2.059340e+01,2.064923e+01,2.057944e+01,2.057944e+01,2.061434e+01,2.064225e+01,2.071897e+01,2.064225e+01,2.064923e+01,2.059340e+01,2.069108e+01,2.062132e+01,2.062830e+01,2.057944e+01,2.062132e+01,2.061434e+01,2.071200e+01,2.068410e+01,2.062830e+01,2.081652e+01,2.065621e+01,2.070502e+01,2.067016e+01,2.069108e+01,2.068410e+01,2.062830e+01,2.062132e+01,2.071897e+01,2.069805e+01,2.076079e+01,2.068410e+01,2.071897e+01,2.073988e+01,2.069108e+01,2.064225e+01,2.068410e+01,2.070502e+01,2.073988e+01,2.071897e+01,2.072594e+01,2.069805e+01,2.062830e+01,2.071200e+01,2.068410e+01,2.075382e+01,2.071897e+01,2.068410e+01,2.069805e+01,2.067713e+01,2.065621e+01,2.065621e+01,2.069805e+01,2.062830e+01,2.064225e+01,2.058643e+01,2.062830e+01,2.065621e+01,2.063528e+01,2.069108e+01,2.072594e+01,2.069805e+01,2.069805e+01,2.067713e+01,2.060039e+01,2.070502e+01,2.064225e+01,2.074685e+01,2.073988e+01,2.072594e+01,2.076079e+01,2.076079e+01,2.086526e+01,2.079562e+01,2.075382e+01,2.073988e+01,2.071200e+01,2.081652e+01,2.079562e+01,2.072594e+01,2.071897e+01,2.070502e+01,2.073988e+01,2.078169e+01,2.070502e+01,2.073291e+01,2.073988e+01,2.067713e+01,2.071897e+01,2.076775e+01,2.080955e+01,2.074685e+01,2.073988e+01,2.080259e+01,2.071200e+01,2.076775e+01,2.071897e+01,2.074685e+01,2.078866e+01,2.072594e+01,2.080955e+01,2.077472e+01,2.074685e+01,2.076079e+01,2.076775e+01,2.075382e+01,2.075382e+01,2.078169e+01,2.069108e+01,2.066318e+01,2.064923e+01,2.081652e+01,2.083741e+01,2.082348e+01,2.067713e+01,2.074685e+01,2.079562e+01,2.083741e+01,2.078169e+01,2.074685e+01,2.076079e+01,2.073988e+01,2.076079e+01,2.067713e+01,2.073291e+01,2.064225e+01,2.071897e+01,2.073988e+01,2.077472e+01,2.076079e+01,2.076079e+01,2.077472e+01,2.075382e+01,2.080259e+01,2.077472e+01,2.069108e+01,2.073988e+01,2.073988e+01,2.067713e+01,2.072594e+01,2.073291e+01,2.078866e+01,2.071897e+01,2.071200e+01,2.080259e+01,2.071200e+01,2.071200e+01,2.073988e+01,2.069108e+01,2.073291e+01,2.076079e+01,2.073988e+01,2.078169e+01,2.074685e+01,2.075382e+01,2.076079e+01,2.074685e+01,2.081652e+01,2.073291e+01,2.076775e+01,2.078866e+01,2.074685e+01,2.072594e+01,2.077472e+01,2.076079e+01,2.076775e+01,2.088614e+01,2.084437e+01,2.071200e+01,2.077472e+01,2.074685e+01,2.078169e+01,2.078169e+01,2.077472e+01,2.077472e+01,2.080955e+01,2.072594e+01,2.069108e+01,2.076775e+01,2.078866e+01,2.077472e+01,2.072594e+01,2.088614e+01,2.073988e+01,2.077472e+01,2.076079e+01,2.074685e+01,2.072594e+01,2.075382e+01,2.071200e+01,2.076079e+01,2.080259e+01,2.075382e+01,2.078866e+01,2.067016e+01,2.078169e+01,2.071897e+01,2.082348e+01,2.080955e+01,2.073988e+01,2.073291e+01,2.074685e+01,2.074685e+01,2.082348e+01,2.074685e+01,2.075382e+01,2.080259e+01,2.076079e+01,2.076079e+01,2.080955e+01,2.080955e+01,2.085830e+01,2.080955e+01,2.074685e+01,2.078169e+01,2.083045e+01,2.075382e+01,2.080955e+01,2.080955e+01,2.076775e+01,2.078866e+01,2.070502e+01,2.080955e+01,2.078866e+01,2.074685e+01,2.071897e+01,2.080955e+01,2.081652e+01,2.083045e+01,2.080955e+01,2.076775e+01,2.077472e+01,2.075382e+01,2.078866e+01,2.079562e+01,2.074685e+01,2.071897e+01,2.078866e+01,2.071200e+01,2.076079e+01,2.081652e+01,2.080955e+01,2.076079e+01,2.083045e+01,2.073988e+01,2.080259e+01,2.078169e+01,2.079562e+01,2.079562e+01,2.078866e+01,2.088614e+01,2.078866e+01,2.071897e+01,2.069805e+01,2.078169e+01,2.073988e+01,2.071200e+01,2.072594e+01,2.078866e+01,2.083045e+01,2.074685e+01,2.080259e+01,2.075382e+01,2.069108e+01,2.079562e+01,2.073291e+01,2.075382e+01,2.076775e+01,2.079562e+01,2.088614e+01,2.078169e+01,2.078866e+01,2.080259e+01,2.081652e+01,2.073988e+01,2.076775e+01,2.078866e+01,2.073988e+01,2.076079e+01,2.077472e+01,2.087918e+01,2.075382e+01,2.071897e+01,2.076775e+01,2.087222e+01,2.065621e+01,2.086526e+01,2.079562e+01,2.080259e+01,2.078169e+01,2.081652e+01,2.075382e+01,2.087918e+01,2.085830e+01,2.071200e+01,2.088614e+01,2.076079e+01,2.087222e+01,2.083741e+01,2.078169e+01,2.075382e+01,2.073988e+01,2.076079e+01,2.082348e+01,2.081652e+01,2.077472e+01,2.069805e+01,2.079562e+01,2.080955e+01,2.080955e+01,2.071200e+01,2.071897e+01,2.076775e+01,2.082348e+01,2.075382e+01,2.064225e+01,2.070502e+01,2.086526e+01,2.083045e+01,2.076079e+01,2.079562e+01,2.078169e+01,2.078866e+01,2.075382e+01,2.073988e+01,2.067713e+01,2.078169e+01,2.080259e+01,2.079562e+01,2.076775e+01,2.077472e+01,2.079562e+01,2.080259e+01,2.076079e+01,2.067016e+01,2.076775e+01,2.076079e+01,2.075382e+01,2.080259e+01,2.076775e+01,2.085830e+01,2.067016e+01,2.068410e+01,2.063528e+01,2.071200e+01,2.073988e+01,2.064225e+01,2.073291e+01,2.074685e+01,2.078866e+01,2.092093e+01,2.078169e+01,2.077472e+01,2.079562e+01,2.076775e+01,2.086526e+01,2.084437e+01,2.057944e+01,2.066318e+01,2.072594e+01,2.076775e+01,2.074685e+01,2.080259e+01,2.081652e+01,2.073988e+01,2.084437e+01,2.073988e+01,2.078169e+01,2.078169e+01,2.087222e+01,2.073291e+01,2.079562e+01,2.074685e+01,2.080955e+01,2.082348e+01,2.078866e+01,2.079562e+01,2.075382e+01,2.079562e+01,2.076775e+01,2.089310e+01,2.083741e+01,2.075382e+01,2.081652e+01,2.077472e+01
2.076775e+01,2.071897e+01,2.062132e+01,2.075382e+01,2.076079e+01,2.066318e+01,2.076079e+01,2.078866e+01,2.071897e+01,2.069108e+01,2.063528e+01,2.080259e+01,2.079562e+01,2.082348e+01,2.064923e+01,2.080955e+01,2.076775e+01,2.074685e+01,2.069108e+01,2.078866e+01,2.070502e+01,2.067713e+01,2.080259e+01,2.076775e+01,2.071200e+01,2.071200e+01,2.068410e+01,2.067016e+01,2.075382e+01,2.075382e+01,2.078866e+01,2.080259e+01,2.078169e+01,2.082348e+01,2.075382e+01,2.064923e+01,2.074685e+01,2.074685e+01,2.069805e+01,2.083741e+01,2.085134e+01,2.070502e+01,2.085134e+01,2.076775e+01,2.076775e+01,2.080259e+01,2.076775e+01,2.079562e+01,2.083045e+01,2.074685e+01,2.076775e+01,2.082348e+01,2.084437e+01,2.080259e+01,2.076775e+01,2.078866e+01,2.080955e+01,2.078169e+01,2.083741e+01,2.085830e+01,2.083741e+01,2.090702e+01,2.092093e+01,2.081652e+01,2.083045e+01,2.090006e+01,2.086526e+01,2.092093e+01,2.079562e+01,2.082348e+01,2.083045e+01,2.084437e+01,2.077472e+01,2.075382e+01,2.073291e+01,2.082348e+01,2.076079e+01,2.101829e+01,2.078169e+01,2.085830e+01,2.084437e+01,2.076775e+01,2.083741e+01,2.070502e+01,2.086526e+01,2.076775e+01,2.075382e+01,2.075382e+01,2.075382e+01,2.061434e+01,2.073291e+01,2.067713e+01,2.060736e+01,2.060039e+01,2.061434e+01,2.061434e+01,2.060039e+01,2.054453e+01,2.058643e+01,2.051660e+01,2.052358e+01,2.053057e+01,2.058643e+01,2.050262e+01,2.049564e+01,2.057246e+01,2.057246e+01,2.053057e+01,2.067713e+01,2.057944e+01,2.064923e+01,2.067016e+01,2.064923e+01,2.063528e+01,2.057944e+01,2.065621e+01,2.063528e+01,2.063528e+01,2.069108e+01,2.069108e+01,2.071897e+01,2.070502e+01,2.073291e+01,2.069108e+01,2.071200e+01,2.070502e+01,2.057944e+01,2.066318e+01,2.058643e+01,2.063528e+01,2.052358e+01,2.049564e+01,2.060039e+01,2.055152e+01,2.056548e+01,2.057944e+01,2.051660e+01,2.060736e+01,2.057944e+01,2.063528e+01,2.057246e+01,2.062132e+01,2.064923e+01,2.062132e+01,2.071200e+01,2.051660e+01,2.064923e+01,2.073291e+01,2.060736e+01,2.074685e+01,2.064923e+01,2.073988e+01,2.069805e+01,2.074685e+01,2.078866e+01,2.069108e+01,2.067713e+01,2.069108e+01,2.067016e+01,2.074685e+01,2.066318e+01,2.072594e+01,2.067016e+01,2.072594e+01,2.067713e+01,2.064225e+01,2.057944e+01,2.073291e+01,2.065621e+01,2.063528e+01,2.056548e+01,2.054453e+01,2.056548e+01,2.053755e+01,2.059340e+01,2.057246e+01,2.058643e+01,2.057246e+01,2.062830e+01,2.053755e+01,2.058643e+01,2.057944e+01,2.057944e+01,2.060736e+01,2.062830e+01,2.069805e+01,2.067713e+01,2.067016e+01,2.067713e+01,2.068410e+01,2.071897e+01,2.070502e+01,2.067713e+01,2.069108e+01,2.070502e+01,2.070502e+01,2.070502e+01,2.078169e+01,2.080259e+01,2.078866e+01,2.076775e+01,2.080955e+01,2.074685e+01,2.074685e+01,2.070502e+01,2.069108e+01,2.076775e+01,2.071200e+01,2.068410e+01,2.071897e+01,2.072594e+01,2.074685e+01,2.071897e+01,2.078169e+01,2.076079e+01,2.075382e+01,2.071200e+01,2.067016e+01,2.071897e+01,2.080259e+01,2.071200e+01,2.071200e+01,2.069108e+01,2.071200e+01,2.066318e+01,2.063528e+01,2.057246e+01,2.052358e+01,2.060039e+01,2.054453e+01,2.060039e+01,2.056548e+01,2.057944e+01,2.058643e+01,2.058643e+01,2.062132e+01,2.060039e+01,2.062830e+01,2.064225e+01,2.050961e+01,2.062132e+01,2.060736e+01,2.060736e+01,2.053057e+01,2.059340e+01,2.061434e+01,2.057246e+01,2.056548e+01,2.064225e+01,2.055152e+01,2.062830e+01,2.055152e+01,2.040477e+01,2.059340e+01,2.050262e+01,2.059340e+01,2.062830e+01,2.070502e+01,2.057246e+01,2.064225e+01,2.061434e+01,2.062132e+01,2.060736e+01,2.062830e+01,2.058643e+01,2.064923e+01,2.061434e+01,2.068410e+01,2.065621e+01,2.061434e+01,2.062132e+01,2.069805e+01,2.060736e+01,2.064225e+01,2.067713e+01,2.079562e+01,2.064923e+01,2.071200e+01,2.067016e+01,2.065621e+01,2.075382e+01,2.064225e+01,2.063528e+01,2.067713e+01,2.070502e+01,2.069108e+01,2.070502e+01,2.074685e+01,2.064225e+01,2.064923e+01,2.063528e+01,2.066318e+01,2.071200e+01,2.067016e+01,2.067016e+01,2.066318e+01,2.069108e+01,2.067016e+01,2.073291e+01,2.074685e+01,2.070502e+01,2.063528e+01,2.068410e+01,2.068410e+01,2.065621e+01,2.064923e+01,2.068410e+01,2.067713e+01,2.062830e+01,2.062132e+01,2.062830e+01,2.077472e+01,2.057944e+01,2.053057e+01,2.067713e+01,2.077472e+01,2.071200e+01,2.071200e+01,2.067016e+01,2.064923e+01,2.060039e+01,2.059340e+01,2.072594e+01,2.064225e+01,2.076079e+01,2.072594e+01,2.064923e+01,2.078866e+01,2.070502e+01,2.071200e+01,2.065621e+01,2.069805e+01,2.068410e+01,2.071200e+01,2.076079e+01,2.069805e+01,2.065621e+01,2.075382e+01,2.075382e+01,2.069805e+01,2.071200e+01,2.073988e+01,2.071897e+01,2.080955e+01,2.069805e+01,2.079562e+01,2.072594e+01,2.075382e+01,2.082348e+01,2.069108e+01,2.069108e+01,2.074685e+01,2.073988e+01,2.073988e+01,2.075382e+01,2.084437e+01,2.074685e+01,2.084437e+01,2.076775e+01,2.081652e+01,2.075382e+01,2.076079e+01,2.079562e+01,2.063528e+01,2.066318e+01,2.069108e+01,2.069108e+01,2.076079e+01,2.081652e+01,2.070502e+01,2.078169e+01,2.084437e+01,2.084437e+01,2.078169e+01,2.078169e+01,2.070502e+01,2.078169e+01,2.078169e+01,2.072594e+01,2.069805e+01,2.078866e+01,2.070502e+01,2.067713e+01,2.073988e+01,2.068410e+01,2.066318e+01,2.077472e+01,2.085134e+01,2.080259e+01,2.078169e+01,2.075382e+01,2.076775e+01,2.066318e+01,2.078169e+01,2.073291e+01,2.073291e+01,2.073988e+01,2.070502e+01,2.076775e+01,2.083741e+01,2.073291e+01,2.073291e+01,2.078169e+01,2.070502e+01,2.067713e+01,2.074685e+01,2.073291e+01,2.077472e+01,2.072594e+01,2.079562e+01,2.078169e+01,2.074685e+01,2.078169e+01,2.076775e+01,2.076079e+01,2.083741e+01,2.074685e+01,2.084437e+01,2.080259e+01,2.082348e+01,2.074685e+01,2.073988e+01,2.074685e+01,2.073291e+01,2.075382e+01,2.077472e+01,2.075382e+01,2.076775e+01,2.081652e+01,2.086526e+01,2.083045e+01,2.071200e+01,2.076775e+01,2.080955e+01,2.080955e+01,2.074685e+01,2.075382e+01,2.076079e+01,2.078866e+01,2.073291e+01,2.076775e+01,2.076079e+01,2.074685e+01,2.073988e+01,2.073988e+01,2.080259e+01,2.076775e+01,2.077472e+01,2.074685e+01,2.079562e+01,2.080259e+01,2.076079e+01,2.074685e+01,2.071200e+01,2.073291e+01,2.073988e+01,2.077472e+01,2.072594e+01,2.078866e+01,2.072594e+01,2.077472e+01,2.080259e+01,2.080955e+01,2.078169e+01,2.079562e+01,2.080955e+01,2.083741e+01,2.074685e+01,2.079562e+01,2.084437e+01,2.081652e+01,2.078866e+01,2.080259e+01,2.078169e+01,2.079562e+01,2.076079e+01,2.078169e+01,2.074685e+01,2.076775e+01,2.075382e+01,2.071200e+01,2.080259e+01,2.067016e+01,2.071897e+01,2.080955e+01,2.073291e+01,2.075382e+01,2.072594e+01,2.076775e+01,2.075382e+01,2.074685e+01,2.069805e+01,2.071897e+01,2.074685e+01,2.073988e+01,2.082348e+01,2.073988e+01,2.080259e+01,2.077472e+01,2.076775e+01,2.076079e+01,2.078169e+01,2.069108e+01,2.072594e+01,2.069108e+01,2.090702e+01,2.080955e+01,2.083045e+01,2.073988e+01,2.072594e+01,2.080259e+01,2.076775e+01,2.075382e+01,2.077472e+01,2.074685e+01,2.076775e+01,2.076079e+01,2.080955e+01,2.071200e+01,2.066318e+01,2.078169e+01,2.072594e+01,2.080259e+01,2.080955e+01,2.062830e+01,2.075382e+01,2.078866e+01,2.079562e+01,2.075382e+01,2.084437e+01,2.079562e+01,2.087222e+01,2.082348e+01,2.059340e+01,2.078866e+01,2.077472e+01,2.078169e+01,2.074685e+01,2.080259e+01,2.076079e+01,2.076079e+01,2.082348e+01,2.075382e+01,2.080259e+01,2.081652e+01,2.080259e+01,2.070502e+01,2.083045e+01,2.086526e+01,2.083741e+01,2.071200e+01,2.085134e+01,2.078866e+01,2.081652e+01,2.076079e+01,2.071897e+01,2.076775e+01,2.081652e+01,2.073988e+01,2.069108e+01,2.069108e+01,2.070502e+01,2.086526e+01,2.073988e+01,2.082348e+01,2.071200e+01,2.066318e+01,2.076775e+01,2.083741e+01,2.075382e+01,2.081652e+01,2.070502e+01,2.067713e+01,2.076079e+01,2.071897e+01,2.078169e+01,2.083741e+01,2.069108e+01,2.079562e+01,2.082348e+01,2.078866e+01,2.084437e+01,2.075382e+01,2.078866e+01,2.074685e+01,2.071897e+01,2.071200e+01,2.080259e+01,2.064225e+01,2.069805e+01,2.080259e+01,2.080259e+01,2.074685e+01,2.072594e+01,2.066318e+01,2.069805e+01,2.090006e+01,2.075382e+01,2.071897e+01,2.084437e+01,2.073291e+01,2.075382e+01,2.074685e+01,2.076079e+01,2.063528e+01,2.076775e+01,2.077472e+01,2.074685e+01,2.070502e+01,2.077472e+01,2.080955e+01,2.084437e+01,2.078866e+01,2.080259e+01,2.078169e+01,2.074685e+01,2.071897e+01,2.073988e+01,2.074685e+01,2.078866e+01,2.076775e+01,2.085134e+01,2.069805e+01,2.074685e+01,2.078169e+01,2.064923e+01,2.073291e+01,2.084437e+01,2.083741e+01,2.076079e+01,2.076775e+01,2.077472e+01,2.077472e+01,2.078866e+01,2.071897e+01,2.067713e+01,2.069805e+01,2.080259e+01,2.073988e+01,2.084437e+01
2.079562e+01,2.086526e+01,2.073291e+01,2.078169e+01,2.073291e+01,2.074685e+01,2.069805e+01,2.076079e+01,2.071897e+01,2.073988e+01,2.085134e+01,2.078866e+01,2.079562e+01,2.076775e+01,2.070502e+01,2.068410e+01,2.076775e+01,2.067713e+01,2.086526e+01,2.076079e+01,2.073291e+01,2.069108e+01,2.067016e+01,2.064225e+01,2.077472e+01,2.080955e+01,2.070502e+01,2.076775e+01,2.065621e+01,2.064225e+01,2.082348e+01,2.085830e+01,2.083741e+01,2.084437e+01,2.077472e+01,2.073291e+01,2.074685e+01,2.071200e+01,2.070502e+01,2.084437e+01,2.071200e+01,2.069805e+01,2.082348e+01,2.069805e+01,2.071897e+01,2.082348e+01,2.084437e+01,2.081652e+01,2.076775e+01,2.081652e+01,2.081652e+01,2.081652e+01,2.072594e+01,2.081652e+01,2.085830e+01,2.080259e+01,2.087918e+01,2.083741e+01,2.088614e+01,2.087918e+01,2.091398e+01,2.084437e+01,2.089310e+01,2.087918e+01,2.089310e+01,2.093485e+01,2.071200e+01,2.071897e+01,2.089310e+01,2.091398e+01,2.089310e+01,2.083045e+01,2.076775e+01,2.082348e+01,2.089310e+01,2.077472e+01,2.084437e+01,2.078866e+01,2.076775e+01,2.087222e+01,2.085830e+01,2.080259e+01,2.075382e+01,2.076079e+01,2.078169e+01,2.073291e+01,2.078866e+01,2.074685e+01,2.077472e+01,2.069108e+01,2.056548e+01,2.069805e+01,2.057246e+01,2.062830e+01,2.063528e+01,2.062132e+01,2.062132e+01,2.059340e+01,2.053755e+01,2.060039e+01,2.053057e+01,2.057944e+01,2.056548e+01,2.050262e+01,2.047468e+01,2.050961e+01,2.054453e+01,2.055152e+01,2.054453e+01,2.065621e+01,2.069108e+01,2.067016e+01,2.067713e+01,2.066318e+01,2.064923e+01,2.069108e+01,2.063528e+01,2.062830e+01,2.072594e+01,2.073291e+01,2.070502e+01,2.068410e+01,2.070502e+01,2.066318e+01,2.069108e+01,2.083045e+01,2.067713e+01,2.056548e+01,2.057944e+01,2.054453e+01,2.065621e+01,2.053755e+01,2.052358e+01,2.055152e+01,2.057246e+01,2.047468e+01,2.060039e+01,2.059340e+01,2.060039e+01,2.057246e+01,2.064225e+01,2.060039e+01,2.062830e+01,2.067016e+01,2.079562e+01,2.062830e+01,2.066318e+01,2.064923e+01,2.071897e+01,2.069108e+01,2.076079e+01,2.068410e+01,2.072594e+01,2.069805e+01,2.082348e+01,2.067016e+01,2.065621e+01,2.069108e+01,2.069805e+01,2.074685e+01,2.073291e+01,2.062830e+01,2.071897e+01,2.060736e+01,2.062132e+01,2.057246e+01,2.060039e+01,2.065621e+01,2.063528e+01,2.063528e+01,2.059340e+01,2.064923e+01,2.059340e+01,2.055152e+01,2.062830e+01,2.057944e+01,2.055152e+01,2.058643e+01,2.055850e+01,2.056548e+01,2.055152e+01,2.062132e+01,2.057246e+01,2.063528e+01,2.063528e+01,2.064923e+01,2.064923e+01,2.071200e+01,2.071897e+01,2.069805e+01,2.069108e+01,2.070502e+01,2.069805e+01,2.069108e+01,2.070502e+01,2.070502e+01,2.073291e+01,2.071200e+01,2.080955e+01,2.076775e+01,2.071897e+01,2.071200e+01,2.069805e+01,2.075382e+01,2.074685e+01,2.077472e+01,2.075382e+01,2.074685e+01,2.078866e+01,2.083045e+01,2.073291e+01,2.080955e+01,2.073291e+01,2.069108e+01,2.078866e+01,2.074685e+01,2.077472e+01,2.069805e+01,2.071200e+01,2.072594e+01,2.069108e+01,2.075382e+01,2.076079e+01,2.067713e+01,2.071200e+01,2.062132e+01,2.058643e+01,2.060736e+01,2.058643e+01,2.074685e+01,2.058643e+01,2.059340e+01,2.058643e+01,2.062132e+01,2.060736e+01,2.060736e+01,2.064225e+01,2.068410e+01,2.062830e+01,2.062830e+01,2.060736e+01,2.060039e+01,2.059340e+01,2.056548e+01,2.060039e+01,2.066318e+01,2.053755e+01,2.053755e+01,2.053057e+01,2.052358e+01,2.050262e+01,2.048865e+01,2.055850e+01,2.054453e+01,2.059340e+01,2.056548e+01,2.054453e+01,2.046769e+01,2.059340e+01,2.055152e+01,2.066318e+01,2.060736e+01,2.057246e+01,2.062830e+01,2.059340e+01,2.049564e+01,2.062830e+01,2.055152e+01,2.064225e+01,2.064225e+01,2.062830e+01,2.064225e+01,2.067713e+01,2.057944e+01,2.070502e+01,2.064923e+01,2.064225e+01,2.078169e+01,2.070502e+01,2.068410e+01,2.075382e+01,2.072594e+01,2.068410e+01,2.069108e+01,2.069108e+01,2.069108e+01,2.069805e+01,2.069805e+01,2.069805e+01,2.069805e+01,2.067713e+01,2.070502e+01,2.066318e+01,2.070502e+01,2.071200e+01,2.066318e+01,2.071200e+01,2.067016e+01,2.068410e+01,2.061434e+01,2.067713e+01,2.073291e+01,2.067016e+01,2.064923e+01,2.074685e+01,2.064225e+01,2.067016e+01,2.063528e+01,2.061434e+01,2.060736e+01,2.082348e+01,2.060039e+01,2.069805e+01,2.067016e+01,2.050262e+01,2.070502e+01,2.071897e+01,2.066318e+01,2.064923e+01,2.065621e+01,2.065621e+01,2.063528e+01,2.060736e+01,2.077472e+01,2.062132e+01,2.082348e+01,2.090702e+01,2.073291e+01,2.066318e+01,2.077472e+01,2.071897e+01,2.073291e+01,2.069108e+01,2.070502e+01,2.076079e+01,2.065621e+01,2.067713e+01,2.073988e+01,2.076775e+01,2.075382e+01,2.079562e+01,2.072594e+01,2.071200e+01,2.071200e+01,2.072594e+01,2.073291e+01,2.075382e+01,2.067016e+01,2.072594e+01,2.079562e+01,2.075382e+01,2.074685e+01,2.073291e+01,2.076775e+01,2.078866e+01,2.073291e+01,2.078866e+01,2.079562e+01,2.075382e+01,2.077472e+01,2.075382e+01,2.076775e+01,2.080259e+01,2.077472e+01,2.077472e+01,2.083741e+01,2.071897e+01,2.083741e+01,2.076775e+01,2.067713e+01,2.082348e+01,2.082348e+01,2.076079e+01,2.073291e+01,2.073291e+01,2.073988e+01,2.076079e+01,2.073988e+01,2.076775e+01,2.078169e+01,2.072594e+01,2.078866e+01,2.076079e+01,2.075382e+01,2.076775e+01,2.073988e+01,2.078866e+01,2.080955e+01,2.078866e+01,2.079562e+01,2.078866e+01,2.073291e+01,2.070502e+01,2.078866e+01,2.076079e+01,2.075382e+01,2.075382e+01,2.076079e+01,2.071200e+01,2.072594e+01,2.072594e+01,2.070502e+01,2.078169e+01,2.074685e+01,2.076775e+01,2.075382e+01,2.071200e+01,2.070502e+01,2.080259e+01,2.075382e+01,2.075382e+01,2.070502e+01,2.073291e+01,2.076079e+01,2.075382e+01,2.081652e+01,2.073988e+01,2.074685e+01,2.069108e+01,2.081652e+01,2.069805e+01,2.073291e+01,2.081652e+01,2.078866e+01,2.073291e+01,2.073988e+01,2.078169e+01,2.083741e+01,2.076079e+01,2.076079e+01,2.081652e+01,2.071897e+01,2.074685e+01,2.076775e+01,2.078866e+01,2.083741e+01,2.086526e+01,2.072594e+01,2.076079e+01,2.078866e+01,2.074685e+01,2.075382e+01,2.078169e+01,2.073988e+01,2.076079e+01,2.068410e+01,2.071200e+01,2.083741e+01,2.072594e+01,2.078866e+01,2.078866e+01,2.079562e+01,2.081652e+01,2.084437e+01,2.082348e+01,2.073988e+01,2.076775e+01,2.074685e+01,2.076079e+01,2.083045e+01,2.078866e+01,2.078866e+01,2.078866e+01,2.083045e+01,2.076079e+01,2.082348e+01,2.085134e+01,2.086526e+01,2.085830e+01,2.071200e+01,2.082348e+01,2.076079e+01,2.076079e+01,2.076079e+01,2.076775e+01,2.078866e+01,2.077472e+01,2.076775e+01,2.076079e+01,2.074685e+01,2.074685e+01,2.071897e+01,2.081652e+01,2.076079e+01,2.079562e+01,2.076079e+01,2.073988e+01,2.077472e+01,2.073291e+01,2.075382e+01,2.075382e+01,2.073291e+01,2.075382e+01,2.072594e+01,2.080955e+01,2.071200e+01,2.071897e+01,2.071200e+01,2.073988e+01,2.077472e+01,2.073988e+01,2.072594e+01,2.083741e+01,2.081652e+01,2.078866e+01,2.078866e+01,2.064923e+01,2.083741e+01,2.069805e+01,2.069805e+01,2.078169e+01,2.073291e+01,2.062830e+01,2.075382e+01,2.066318e+01,2.081652e+01,2.083045e+01,2.080259e+01,2.078866e+01,2.069108e+01,2.077472e+01,2.094180e+01,2.078169e+01,2.079562e+01,2.075382e+01,2.080259e+01,2.083741e+01,2.081652e+01,2.074685e+01,2.077472e+01,2.080955e+01,2.073988e+01,2.080955e+01,2.078169e+01,2.073291e+01,2.072594e+01,2.077472e+01,2.076079e+01,2.078866e+01,2.079562e+01,2.071897e+01,2.073988e+01,2.087222e+01,2.079562e+01,2.078169e+01,2.075382e+01,2.076775e+01,2.082348e+01,2.066318e+01,2.083741e+01,2.085134e+01,2.065621e+01,2.076079e+01,2.085134e+01,2.083045e+01,2.077472e+01,2.078866e+01,2.067713e+01,2.078866e+01,2.071200e+01,2.068410e+01,2.079562e+01,2.071200e+01,2.085830e+01,2.092093e+01,2.093485e+01,2.078866e+01,2.073291e+01,2.075382e+01,2.076079e+01,2.066318e+01,2.080259e+01,2.079562e+01,2.069805e+01,2.090702e+01,2.084437e+01,2.075382e+01,2.068410e+01,2.085134e+01,2.083741e+01,2.072594e+01,2.075382e+01,2.080259e+01,2.076079e+01,2.074685e+01,2.078169e+01,2.073988e+01,2.077472e+01,2.079562e+01,2.064923e+01,2.073291e+01,2.067016e+01,2.080259e+01,2.072594e+01,2.085830e+01,2.070502e+01,2.074685e+01,2.083741e+01,2.085830e+01,2.076775e+01,2.081652e+01,2.073988e+01,2.072594e+01,2.062132e+01,2.062132e+01,2.063528e+01,2.074685e+01,2.088614e+01,2.073988e+01,2.073988e+01,2.073988e+01,2.081652e+01,2.083741e+01,2.072594e+01,2.073988e+01,2.083741e+01,2.073988e+01,2.073988e+01,2.076775e+01,2.073988e+01,2.076079e+01,2.073988e+01,2.078169e+01,2.075382e+01,2.076775e+01,2.078866e+01,2.085134e+01,2.083741e+01,2.084437e+01,2.083741e+01,2.080955e+01,2.064225e+01,2.076775e+01,2.073291e+01,2.073988e+01,2.068410e+01,2.071200e+01,2.076775e+01,2.073988e+01,2.083045e+01
2.078169e+01,2.079562e+01,2.075382e+01,2.073988e+01,2.078866e+01,2.082348e+01,2.080259e+01,2.075382e+01,2.078866e+01,2.071200e+01,2.083741e+01,2.074685e+01,2.075382e+01,2.073988e+01,2.068410e+01,2.073291e+01,2.070502e+01,2.068410e+01,2.099048e+01,2.071200e+01,2.077472e+01,2.067713e+01,2.075382e+01,2.078866e+01,2.067713e+01,2.073988e+01,2.064923e+01,2.067016e+01,2.060736e+01,2.079562e+01,2.062830e+01,2.076079e+01,2.083741e+01,2.078866e+01,2.067016e+01,2.072594e+01,2.075382e+01,2.073988e+01,2.067713e+01,2.071200e+01,2.090702e+01,2.071897e+01,2.080955e+01,2.076079e+01,2.080259e+01,2.081652e+01,2.080259e+01,2.078169e+01,2.082348e+01,2.082348e+01,2.079562e+01,2.081652e+01,2.079562e+01,2.078169e+01,2.077472e+01,2.090006e+01,2.081652e+01,2.079562e+01,2.080259e+01,2.083045e+01,2.080955e+01,2.086526e+01,2.084437e+01,2.089310e+01,2.086526e+01,2.085830e+01,2.093485e+01,2.078866e+01,2.083741e+01,2.083045e+01,2.080259e+01,2.079562e+01,2.073291e+01,2.069108e+01,2.078169e+01,2.083045e+01,2.077472e+01,2.085830e+01,2.078866e+01,2.088614e+01,2.085134e+01,2.083045e+01,2.087918e+01,2.071897e+01,2.076775e+01,2.075382e+01,2.069805e+01,2.070502e+01,2.070502e+01,2.060039e+01,2.057944e+01,2.066318e+01,2.059340e+01,2.063528e+01,2.054453e+01,2.063528e+01,2.062132e+01,2.063528e+01,2.055850e+01,2.056548e+01,2.064923e+01,2.053755e+01,2.048166e+01,2.046070e+01,2.053755e+01,2.056548e+01,2.041875e+01,2.057944e+01,2.057246e+01,2.062132e+01,2.066318e+01,2.062830e+01,2.067713e+01,2.067713e+01,2.066318e+01,2.060039e+01,2.067713e+01,2.071897e+01,2.078866e+01,2.062132e+01,2.062830e+01,2.064923e+01,2.064225e+01,2.063528e+01,2.057944e+01,2.066318e+01,2.056548e+01,2.067016e+01,2.060039e+01,2.061434e+01,2.057246e+01,2.055152e+01,2.051660e+01,2.050262e+01,2.043973e+01,2.043973e+01,2.048166e+01,2.057246e+01,2.055850e+01,2.053755e+01,2.062830e+01,2.057246e+01,2.067016e+01,2.071897e+01,2.075382e+01,2.061434e+01,2.076079e+01,2.067016e+01,2.067713e+01,2.066318e+01,2.080259e+01,2.071897e+01,2.071897e+01,2.074685e+01,2.073988e+01,2.064225e+01,2.066318e+01,2.069805e+01,2.067713e+01,2.067016e+01,2.069108e+01,2.073988e+01,2.073988e+01,2.067016e+01,2.071200e+01,2.058643e+01,2.069805e+01,2.067016e+01,2.060736e+01,2.061434e+01,2.054453e+01,2.056548e+01,2.057944e+01,2.055152e+01,2.051660e+01,2.058643e+01,2.053755e+01,2.045371e+01,2.051660e+01,2.054453e+01,2.055152e+01,2.057944e+01,2.061434e+01,2.060039e+01,2.062132e+01,2.066318e+01,2.071200e+01,2.059340e+01,2.076079e+01,2.074685e+01,2.073291e+01,2.074685e+01,2.070502e+01,2.072594e+01,2.074685e+01,2.069108e+01,2.071897e+01,2.073291e+01,2.071200e+01,2.066318e+01,2.076775e+01,2.076079e+01,2.076775e+01,2.072594e+01,2.076079e+01,2.075382e+01,2.073291e+01,2.072594e+01,2.071200e+01,2.072594e+01,2.077472e+01,2.083741e+01,2.066318e+01,2.070502e+01,2.070502e+01,2.069108e+01,2.073291e+01,2.070502e+01,2.070502e+01,2.069805e+01,2.071897e+01,2.064923e+01,2.070502e+01,2.072594e+01,2.069108e+01,2.052358e+01,2.053057e+01,2.051660e+01,2.053755e+01,2.058643e+01,2.064923e+01,2.059340e+01,2.057944e+01,2.054453e+01,2.059340e+01,2.055850e+01,2.064225e+01,2.069108e+01,2.039078e+01,2.066318e+01,2.060736e+01,2.057944e+01,2.055152e+01,2.059340e+01,2.060039e+01,2.053057e+01,2.056548e+01,2.066318e+01,2.057246e+01,2.066318e+01,2.049564e+01,2.048865e+01,2.043973e+01,2.055152e+01,2.054453e+01,2.043274e+01,2.064225e+01,2.047468e+01,2.053755e+01,2.051660e+01,2.062132e+01,2.061434e+01,2.063528e+01,2.058643e+01,2.062830e+01,2.060736e+01,2.071897e+01,2.064923e+01,2.076775e+01,2.071200e+01,2.058643e+01,2.067016e+01,2.062132e+01,2.065621e+01,2.065621e+01,2.067016e+01,2.076079e+01,2.058643e+01,2.071897e+01,2.062830e+01,2.066318e+01,2.067016e+01,2.062830e+01,2.063528e+01,2.060736e+01,2.062830e+01,2.067713e+01,2.071897e+01,2.067016e+01,2.070502e+01,2.064923e+01,2.068410e+01,2.061434e+01,2.064225e+01,2.066318e+01,2.067016e+01,2.067016e+01,2.065621e+01,2.068410e+01,2.064225e+01,2.070502e+01,2.066318e+01,2.067016e+01,2.063528e+01,2.062132e+01,2.057944e+01,2.066318e+01,2.070502e+01,2.064923e+01,2.060039e+01,2.056548e+01,2.062830e+01,2.057246e+01,2.067713e+01,2.064225e+01,2.063528e+01,2.076079e+01,2.071200e+01,2.078866e+01,2.068410e+01,2.068410e+01,2.067016e+01,2.065621e+01,2.068410e+01,2.080955e+01,2.073988e+01,2.067016e+01,2.071200e+01,2.069805e+01,2.068410e+01,2.073988e+01,2.067713e+01,2.075382e+01,2.073988e+01,2.076775e+01,2.068410e+01,2.073988e+01,2.068410e+01,2.077472e+01,2.073291e+01,2.071897e+01,2.076775e+01,2.076775e+01,2.073988e+01,2.069108e+01,2.070502e+01,2.071897e+01,2.069805e+01,2.062830e+01,2.068410e+01,2.076079e+01,2.077472e+01,2.081652e+01,2.074685e+01,2.079562e+01,2.077472e+01,2.079562e+01,2.073988e+01,2.073988e+01,2.070502e+01,2.076775e+01,2.076079e+01,2.067016e+01,2.072594e+01,2.069805e+01,2.067713e+01,2.079562e+01,2.071897e+01,2.071200e+01,2.079562e+01,2.067016e+01,2.079562e+01,2.074685e+01,2.071897e+01,2.067016e+01,2.075382e+01,2.073988e+01,2.077472e+01,2.077472e+01,2.076775e+01,2.071200e+01,2.072594e+01,2.078866e+01,2.080259e+01,2.072594e+01,2.078169e+01,2.077472e+01,2.078169e+01,2.078169e+01,2.074685e+01,2.071897e+01,2.076775e+01,2.075382e+01,2.081652e+01,2.076775e+01,2.073291e+01,2.075382e+01,2.068410e+01,2.077472e+01,2.073988e+01,2.069108e+01,2.075382e+01,2.073988e+01,2.060736e+01,2.075382e+01,2.069108e+01,2.073291e+01,2.070502e+01,2.071897e+01,2.068410e+01,2.076079e+01,2.071200e+01,2.075382e+01,2.079562e+01,2.075382e+01,2.082348e+01,2.079562e+01,2.086526e+01,2.076079e+01,2.080955e+01,2.080259e+01,2.081652e+01,2.076775e+01,2.074685e+01,2.073988e+01,2.075382e+01,2.083741e+01,2.080955e+01,2.076079e+01,2.073988e+01,2.073988e+01,2.077472e+01,2.078169e+01,2.076079e+01,2.073291e+01,2.075382e+01,2.070502e+01,2.071897e+01,2.072594e+01,2.076775e+01,2.074685e+01,2.079562e+01,2.076079e+01,2.070502e+01,2.071897e+01,2.071200e+01,2.072594e+01,2.071897e+01,2.076775e+01,2.073988e+01,2.078169e+01,2.078169e+01,2.076079e+01,2.065621e+01,2.076775e+01,2.076775e+01,2.078866e+01,2.073988e+01,2.078866e+01,2.081652e+01,2.081652e+01,2.078169e+01,2.062830e+01,2.080259e+01,2.076775e+01,2.072594e+01,2.073988e+01,2.075382e+01,2.080955e+01,2.083741e+01,2.070502e+01,2.084437e+01,2.077472e+01,2.078866e+01,2.073291e+01,2.077472e+01,2.082348e+01,2.080955e+01,2.076079e+01,2.074685e+01,2.077472e+01,2.080955e+01,2.076775e+01,2.073291e+01,2.075382e+01,2.076079e+01,2.071200e+01,2.076079e+01,2.073988e+01,2.077472e+01,2.063528e+01,2.078866e+01,2.094180e+01,2.074685e+01,2.079562e+01,2.072594e+01,2.067016e+01,2.071200e+01,2.080955e+01,2.075382e+01,2.076079e+01,2.073291e+01,2.073988e+01,2.073988e+01,2.078866e+01,2.071200e+01,2.080955e+01,2.087222e+01,2.078866e+01,2.075382e+01,2.073291e+01,2.071897e+01,2.079562e+01,2.073988e+01,2.078866e+01,2.097658e+01,2.073291e+01,2.080259e+01,2.077472e+01,2.085134e+01,2.080955e+01,2.076079e+01,2.080259e+01,2.083045e+01,2.087918e+01,2.077472e+01,2.071200e+01,2.080955e+01,2.081652e+01,2.083045e+01,2.071200e+01,2.073988e+01,2.064923e+01,2.077472e+01,2.086526e+01,2.074685e+01,2.078866e+01,2.076079e+01,2.076775e+01,2.076775e+01,2.079562e+01,2.080955e+01,2.083741e+01,2.071200e+01,2.079562e+01,2.081652e+01,2.072594e+01,2.073988e+01,2.080955e+01,2.084437e+01,2.080259e+01,2.071897e+01,2.084437e+01,2.078169e+01,2.073291e+01,2.058643e+01,2.075382e+01,2.080955e+01,2.071897e+01,2.075382e+01,2.069805e+01,2.071200e+01,2.080955e+01,2.080259e+01,2.075382e+01,2.081652e+01,2.079562e+01,2.087222e+01,2.092789e+01,2.071200e+01,2.076775e+01,2.075382e+01,2.077472e+01,2.078866e+01,2.076079e+01,2.079562e+01,2.080955e+01,2.080259e+01,2.092093e+01,2.078866e+01,2.078169e+01,2.074685e+01,2.078169e+01,2.081652e+01,2.076775e+01,2.081652e+01,2.073988e+01,2.072594e+01,2.065621e+01,2.077472e+01,2.080259e+01,2.067016e+01,2.071200e+01,2.071200e+01,2.071897e+01,2.076079e+01,2.071897e+01,2.076079e+01,2.069108e+01,2.087222e+01,2.076775e+01,2.071897e+01,2.054453e+01,2.071897e+01,2.064923e+01,2.074685e+01,2.062830e+01,2.062132e+01,2.074685e+01,2.072594e+01,2.064923e+01,2.075382e+01,2.085134e+01,2.072594e+01,2.068410e+01,2.072594e+01,2.074685e+01,2.089310e+01,2.078169e+01,2.072594e+01,2.081652e+01,2.082348e+01,2.071897e+01,2.064923e+01,2.086526e+01,2.083741e+01,2.080259e+01,2.084437e+01,2.071897e+01,2.065621e+01,2.075382e+01,2.083045e+01,2.075382e+01,2.073291e+01,2.071897e+01,2.077472e+01,2.080259e+01,2.090702e+01,2.069805e+01,2.083741e+01
2.078866e+01,2.080259e+01,2.076079e+01,2.074685e+01,2.078866e+01,2.080955e+01,2.086526e+01,2.064923e+01,2.076775e+01,2.059340e+01,2.078866e+01,2.087918e+01,2.073988e+01,2.075382e+01,2.070502e+01,2.055152e+01,2.081652e+01,2.070502e+01,2.071200e+01,2.072594e+01,2.094876e+01,2.072594e+01,2.078169e+01,2.078169e+01,2.067016e+01,2.060736e+01,2.071200e+01,2.058643e+01,2.076775e+01,2.082348e+01,2.074685e+01,2.062132e+01,2.077472e+01,2.081652e+01,2.080955e+01,2.074685e+01,2.080955e+01,2.073988e+01,2.069108e+01,2.085134e+01,2.071200e+01,2.076775e+01,2.079562e+01,2.076775e+01,2.076775e+01,2.080259e+01,2.079562e+01,2.078866e+01,2.069108e+01,2.080955e+01,2.081652e+01,2.083045e+01,2.086526e+01,2.078866e+01,2.080955e+01,2.085830e+01,2.089310e+01,2.080955e+01,2.083045e+01,2.085830e+01,2.082348e+01,2.083741e+01,2.090006e+01,2.090702e+01,2.089310e+01,2.087918e+01,2.089310e+01,2.086526e+01,2.076775e+01,2.076775e+01,2.088614e+01,2.081652e+01,2.094876e+01,2.092789e+01,2.073988e+01,2.084437e+01,2.080259e+01,2.085830e+01,2.084437e+01,2.088614e+01,2.092789e+01,2.090006e+01,2.078866e+01,2.072594e+01,2.077472e+01,2.076079e+01,2.079562e+01,2.066318e+01,2.060736e+01,2.063528e+01,2.066318e+01,2.058643e+01,2.057944e+01,2.065621e+01,2.065621e+01,2.064225e+01,2.062830e+01,2.064923e+01,2.062830e+01,2.062132e+01,2.060039e+01,2.057944e+01,2.060736e+01,2.050262e+01,2.059340e+01,2.050262e+01,2.055152e+01,2.058643e+01,2.069805e+01,2.072594e+01,2.067713e+01,2.060736e+01,2.067016e+01,2.067016e+01,2.062132e+01,2.068410e+01,2.068410e+01,2.070502e+01,2.068410e+01,2.075382e+01,2.076775e+01,2.069108e+01,2.071200e+01,2.069805e+01,2.065621e+01,2.063528e+01,2.064923e+01,2.064225e+01,2.059340e+01,2.057246e+01,2.056548e+01,2.051660e+01,2.050262e+01,2.053755e+01,2.049564e+01,2.055850e+01,2.056548e+01,2.058643e+01,2.057944e+01,2.055850e+01,2.058643e+01,2.059340e+01,2.060039e+01,2.059340e+01,2.072594e+01,2.061434e+01,2.062132e+01,2.067713e+01,2.063528e+01,2.070502e+01,2.068410e+01,2.067016e+01,2.066318e+01,2.072594e+01,2.063528e+01,2.064923e+01,2.066318e+01,2.036280e+01,2.067713e+01,2.069108e+01,2.072594e+01,2.074685e+01,2.061434e+01,2.064923e+01,2.058643e+01,2.057944e+01,2.068410e+01,2.067016e+01,2.067016e+01,2.067016e+01,2.050961e+01,2.063528e+01,2.057246e+01,2.064923e+01,2.057944e+01,2.057246e+01,2.060736e+01,2.046769e+01,2.052358e+01,2.049564e+01,2.055152e+01,2.060736e+01,2.053755e+01,2.062132e+01,2.078169e+01,2.061434e+01,2.073988e+01,2.072594e+01,2.076775e+01,2.078169e+01,2.069805e+01,2.074685e+01,2.078169e+01,2.069805e+01,2.073291e+01,2.074685e+01,2.070502e+01,2.073291e+01,2.076079e+01,2.078866e+01,2.064923e+01,2.074685e+01,2.065621e+01,2.073988e+01,2.071200e+01,2.072594e+01,2.076775e+01,2.069805e+01,2.071897e+01,2.075382e+01,2.086526e+01,2.071200e+01,2.070502e+01,2.075382e+01,2.080259e+01,2.069805e+01,2.069108e+01,2.065621e+01,2.078169e+01,2.080259e+01,2.073988e+01,2.073988e+01,2.067016e+01,2.065621e+01,2.062830e+01,2.060736e+01,2.060039e+01,2.062830e+01,2.061434e+01,2.051660e+01,2.049564e+01,2.059340e+01,2.058643e+01,2.060736e+01,2.062830e+01,2.067713e+01,2.059340e+01,2.070502e+01,2.065621e+01,2.063528e+01,2.066318e+01,2.062132e+01,2.060039e+01,2.055850e+01,2.060039e+01,2.059340e+01,2.073291e+01,2.057944e+01,2.053057e+01,2.051660e+01,2.046769e+01,2.064225e+01,2.059340e+01,2.060039e+01,2.057944e+01,2.053755e+01,2.057944e+01,2.050262e+01,2.065621e+01,2.048865e+01,2.064225e+01,2.064923e+01,2.060039e+01,2.066318e+01,2.063528e+01,2.059340e+01,2.053755e+01,2.060736e+01,2.071897e+01,2.080259e+01,2.067713e+01,2.071200e+01,2.062830e+01,2.066318e+01,2.069108e+01,2.078169e+01,2.069805e+01,2.066318e+01,2.076775e+01,2.076079e+01,2.068410e+01,2.070502e+01,2.063528e+01,2.062830e+01,2.060039e+01,2.071897e+01,2.071897e+01,2.067016e+01,2.074685e+01,2.067016e+01,2.065621e+01,2.064923e+01,2.063528e+01,2.069108e+01,2.065621e+01,2.064923e+01,2.065621e+01,2.067713e+01,2.065621e+01,2.064225e+01,2.060736e+01,2.063528e+01,2.060736e+01,2.069108e+01,2.059340e+01,2.071200e+01,2.053755e+01,2.060736e+01,2.060039e+01,2.058643e+01,2.057246e+01,2.062132e+01,2.061434e+01,2.067016e+01,2.065621e+01,2.068410e+01,2.067016e+01,2.071897e+01,2.060736e+01,2.069108e+01,2.074685e+01,2.084437e+01,2.075382e+01,2.069108e+01,2.080955e+01,2.069108e+01,2.081652e+01,2.076775e+01,2.071200e+01,2.076079e+01,2.067016e+01,2.066318e+01,2.073988e+01,2.067016e+01,2.076775e+01,2.067713e+01,2.076775e+01,2.077472e+01,2.074685e+01,2.076775e+01,2.077472e+01,2.078169e+01,2.073291e+01,2.074685e+01,2.071200e+01,2.076079e+01,2.069108e+01,2.075382e+01,2.062830e+01,2.067713e+01,2.074685e+01,2.076079e+01,2.077472e+01,2.076775e+01,2.077472e+01,2.076079e+01,2.079562e+01,2.076775e+01,2.076079e+01,2.081652e+01,2.080259e+01,2.080955e+01,2.081652e+01,2.069805e+01,2.064923e+01,2.073291e+01,2.078866e+01,2.069108e+01,2.072594e+01,2.069805e+01,2.081652e+01,2.080259e+01,2.083045e+01,2.074685e+01,2.081652e+01,2.076079e+01,2.073988e+01,2.072594e+01,2.073988e+01,2.072594e+01,2.072594e+01,2.071897e+01,2.077472e+01,2.062830e+01,2.078169e+01,2.078169e+01,2.078169e+01,2.073988e+01,2.076079e+01,2.070502e+01,2.076079e+01,2.077472e+01,2.086526e+01,2.072594e+01,2.077472e+01,2.078169e+01,2.079562e+01,2.073988e+01,2.069108e+01,2.076079e+01,2.069805e+01,2.076079e+01,2.067713e+01,2.077472e+01,2.085830e+01,2.073291e+01,2.078866e+01,2.083045e+01,2.075382e+01,2.073988e+01,2.065621e+01,2.073988e+01,2.074685e+01,2.076775e+01,2.075382e+01,2.077472e+01,2.076775e+01,2.085134e+01,2.085134e+01,2.083741e+01,2.082348e+01,2.076079e+01,2.072594e+01,2.079562e+01,2.077472e+01,2.063528e+01,2.080955e+01,2.076775e+01,2.077472e+01,2.074685e+01,2.071897e+01,2.082348e+01,2.083045e+01,2.080259e+01,2.064923e+01,2.080259e+01,2.085830e+01,2.078866e+01,2.073988e+01,2.071897e+01,2.076775e+01,2.077472e+01,2.073291e+01,2.078866e+01,2.076079e+01,2.076775e+01,2.089310e+01,2.078866e+01,2.083045e+01,2.077472e+01,2.078866e+01,2.077472e+01,2.076775e+01,2.079562e+01,2.073291e+01,2.076079e+01,2.076079e+01,2.076079e+01,2.091398e+01,2.076775e+01,2.065621e+01,2.079562e+01,2.078169e+01,2.076079e+01,2.077472e+01,2.082348e+01,2.073291e+01,2.069805e+01,2.084437e+01,2.085830e+01,2.076775e+01,2.071200e+01,2.071897e+01,2.084437e+01,2.089310e+01,2.076079e+01,2.070502e+01,2.074685e+01,2.077472e+01,2.078169e+01,2.082348e+01,2.075382e+01,2.081652e+01,2.080259e+01,2.071200e+01,2.076775e+01,2.076079e+01,2.076079e+01,2.075382e+01,2.076079e+01,2.076775e+01,2.074685e+01,2.074685e+01,2.075382e+01,2.076079e+01,2.075382e+01,2.076775e+01,2.078169e+01,2.078169e+01,2.080259e+01,2.078866e+01,2.080259e+01,2.068410e+01,2.076775e+01,2.079562e+01,2.073291e+01,2.073291e+01,2.072594e+01,2.072594e+01,2.071897e+01,2.070502e+01,2.082348e+01,2.082348e+01,2.080955e+01,2.080955e+01,2.077472e+01,2.081652e+01,2.073291e+01,2.078169e+01,2.085830e+01,2.081652e+01,2.078169e+01,2.074685e+01,2.072594e+01,2.076775e+01,2.079562e+01,2.065621e+01,2.068410e+01,2.083045e+01,2.069108e+01,2.081652e+01,2.067016e+01,2.071897e+01,2.071200e+01,2.084437e+01,2.082348e+01,2.069805e+01,2.084437e+01,2.076079e+01,2.075382e+01,2.073291e+01,2.074685e+01,2.075382e+01,2.078866e+01,2.076775e+01,2.075382e+01,2.086526e+01,2.078866e+01,2.077472e+01,2.090006e+01,2.070502e+01,2.083045e+01,2.075382e+01,2.078169e+01,2.079562e+01,2.079562e+01,2.067713e+01,2.078866e+01,2.077472e+01,2.071200e+01,2.078169e+01,2.071897e+01,2.069805e+01,2.083045e+01,2.069805e+01,2.078866e+01,2.077472e+01,2.083741e+01,2.074685e+01,2.074685e+01,2.072594e+01,2.080259e+01,2.074685e+01,2.074685e+01,2.082348e+01,2.090702e+01,2.078169e+01,2.080259e+01,2.092789e+01,2.080259e+01,2.074685e+01,2.078169e+01,2.069108e+01,2.074685e+01,2.073988e+01,2.067016e+01,2.091398e+01,2.068410e+01,2.069108e+01,2.064923e+01,2.067016e+01,2.068410e+01,2.081652e+01,2.071897e+01,2.080259e+01,2.073988e+01,2.079562e+01,2.081652e+01,2.076775e+01,2.079562e+01,2.080955e+01,2.080259e+01,2.078169e+01,2.077472e+01,2.078866e+01,2.059340e+01,2.076775e+01,2.083045e+01,2.077472e+01,2.067016e+01,2.072594e+01,2.071897e+01,2.071897e+01,2.073988e+01,2.067713e+01,2.071200e+01,2.069805e+01,2.069805e+01,2.073291e+01,2.080259e+01,2.069805e+01,2.076775e+01,2.075382e+01,2.085830e+01,2.063528e+01,2.085830e+01,2.082348e+01,2.083741e+01,2.080259e+01,2.078866e+01,2.064225e+01,2.085830e+01,2.073988e+01,2.069805e+01,2.079562e+01,2.081652e+01,2.078866e+01,2.069805e+01,2.083741e+01,2.086526e+01
2.078866e+01,2.080955e+01,2.072594e+01,2.084437e+01,2.078866e+01,2.085134e+01,2.086526e+01,2.077472e+01,2.084437e+01,2.078169e+01,2.069108e+01,2.071200e+01,2.083045e+01,2.079562e+01,2.073291e+01,2.069108e+01,2.073988e+01,2.068410e+01,2.074685e+01,2.078866e+01,2.076775e+01,2.067713e+01,2.078169e+01,2.066318e+01,2.079562e+01,2.063528e+01,2.075382e+01,2.085830e+01,2.074685e+01,2.092093e+01,2.077472e+01,2.080955e+01,2.069805e+01,2.083045e+01,2.078866e+01,2.085830e+01,2.080259e+01,2.078866e+01,2.078169e+01,2.083045e+01,2.074685e+01,2.072594e+01,2.084437e+01,2.077472e+01,2.078866e+01,2.076775e+01,2.075382e+01,2.086526e+01,2.078866e+01,2.076775e+01,2.083045e+01,2.081652e+01,2.077472e+01,2.091398e+01,2.080259e+01,2.095572e+01,2.093485e+01,2.104609e+01,2.087222e+01,2.088614e+01,2.085134e+01,2.091398e+01,2.087222e+01,2.085134e+01,2.087222e+01,2.077472e+01,2.082348e+01,2.085134e+01,2.083741e+01,2.095572e+01,2.094876e+01,2.082348e+01,2.096267e+01,2.091398e+01,2.093485e+01,2.085134e+01,2.083045e+01,2.088614e+01,2.087222e+01,2.073988e+01,2.088614e+01,2.086526e+01,2.096267e+01,2.078866e+01,2.084437e+01,2.075382e+01,2.063528e+01,2.060736e+01,2.069108e+01,2.069805e+01,2.071897e+01,2.064225e+01,2.066318e+01,2.063528e+01,2.060039e+01,2.067016e+01,2.058643e+01,2.063528e+01,2.062132e+01,2.060736e+01,2.061434e+01,2.051660e+01,2.055850e+01,2.059340e+01,2.045371e+01,2.055850e+01,2.058643e+01,2.056548e+01,2.063528e+01,2.068410e+01,2.067016e+01,2.078866e+01,2.072594e+01,2.068410e+01,2.070502e+01,2.069108e+01,2.068410e+01,2.073291e+01,2.067016e+01,2.076079e+01,2.069108e+01,2.064225e+01,2.066318e+01,2.067016e+01,2.058643e+01,2.061434e+01,2.060039e+01,2.049564e+01,2.055850e+01,2.049564e+01,2.051660e+01,2.059340e+01,2.056548e+01,2.050961e+01,2.052358e+01,2.048865e+01,2.048166e+01,2.063528e+01,2.065621e+01,2.058643e+01,2.058643e+01,2.064923e+01,2.060736e+01,2.069108e+01,2.061434e+01,2.065621e+01,2.066318e+01,2.072594e+01,2.071897e+01,2.079562e+01,2.067016e+01,2.065621e+01,2.067713e+01,2.069805e+01,2.072594e+01,2.075382e+01,2.064923e+01,2.060736e+01,2.069805e+01,2.068410e+01,2.068410e+01,2.071897e+01,2.072594e+01,2.080259e+01,2.069805e+01,2.076775e+01,2.067713e+01,2.057944e+01,2.069805e+01,2.067016e+01,2.060039e+01,2.067016e+01,2.060736e+01,2.060039e+01,2.050262e+01,2.058643e+01,2.069108e+01,2.054453e+01,2.054453e+01,2.051660e+01,2.055850e+01,2.066318e+01,2.071200e+01,2.061434e+01,2.067016e+01,2.062132e+01,2.080955e+01,2.074685e+01,2.075382e+01,2.083045e+01,2.074685e+01,2.078866e+01,2.072594e+01,2.074685e+01,2.072594e+01,2.074685e+01,2.072594e+01,2.073291e+01,2.078866e+01,2.072594e+01,2.071897e+01,2.075382e+01,2.079562e+01,2.073291e+01,2.073291e+01,2.090702e+01,2.075382e+01,2.079562e+01,2.080955e+01,2.071897e+01,2.073291e+01,2.058643e+01,2.074685e+01,2.071897e+01,2.079562e+01,2.073988e+01,2.070502e+01,2.070502e+01,2.064923e+01,2.073291e+01,2.069108e+01,2.067016e+01,2.066318e+01,2.083045e+01,2.070502e+01,2.063528e+01,2.059340e+01,2.060736e+01,2.061434e+01,2.061434e+01,2.059340e+01,2.061434e+01,2.061434e+01,2.055850e+01,2.063528e+01,2.057944e+01,2.064923e+01,2.066318e+01,2.066318e+01,2.067713e+01,2.058643e+01,2.049564e+01,2.056548e+01,2.066318e+01,2.063528e+01,2.060736e+01,2.055850e+01,2.061434e+01,2.064923e+01,2.061434e+01,2.048865e+01,2.063528e+01,2.055850e+01,2.064225e+01,2.055850e+01,2.058643e+01,2.060736e+01,2.057944e+01,2.061434e+01,2.064923e+01,2.064225e+01,2.062830e+01,2.057246e+01,2.058643e+01,2.067713e+01,2.064225e+01,2.061434e+01,2.063528e+01,2.063528e+01,2.063528e+01,2.075382e+01,2.067016e+01,2.077472e+01,2.069108e+01,2.061434e+01,2.073988e+01,2.063528e+01,2.078866e+01,2.074685e+01,2.079562e+01,2.071200e+01,2.064923e+01,2.070502e+01,2.064225e+01,2.074685e+01,2.073988e+01,2.073988e+01,2.073988e+01,2.074685e+01,2.071200e+01,2.072594e+01,2.067016e+01,2.068410e+01,2.066318e+01,2.067713e+01,2.077472e+01,2.067713e+01,2.066318e+01,2.073291e+01,2.064225e+01,2.061434e+01,2.058643e+01,2.064923e+01,2.066318e+01,2.053755e+01,2.067713e+01,2.078169e+01,2.069805e+01,2.060039e+01,2.059340e+01,2.059340e+01,2.058643e+01,2.058643e+01,2.066318e+01,2.064225e+01,2.053057e+01,2.064225e+01,2.076079e+01,2.071200e+01,2.072594e+01,2.078169e+01,2.069108e+01,2.075382e+01,2.076775e+01,2.078866e+01,2.077472e+01,2.067016e+01,2.066318e+01,2.074685e+01,2.078169e+01,2.071200e+01,2.075382e+01,2.069805e+01,2.064225e+01,2.077472e+01,2.067016e+01,2.071200e+01,2.075382e+01,2.067713e+01,2.073988e+01,2.075382e+01,2.071200e+01,2.071200e+01,2.100439e+01,2.069108e+01,2.075382e+01,2.073988e+01,2.078169e+01,2.076775e+01,2.076775e+01,2.077472e+01,2.075382e+01,2.067016e+01,2.076775e+01,2.076079e+01,2.077472e+01,2.076079e+01,2.080259e+01,2.078866e+01,2.077472e+01,2.071897e+01,2.080955e+01,2.078866e+01,2.071200e+01,2.074685e+01,2.073988e+01,2.073291e+01,2.078866e+01,2.069805e+01,2.080259e+01,2.080259e+01,2.069805e+01,2.078169e+01,2.069108e+01,2.065621e+01,2.062830e+01,2.071200e+01,2.076079e+01,2.072594e+01,2.076079e+01,2.078866e+01,2.070502e+01,2.078866e+01,2.077472e+01,2.076775e+01,2.073291e+01,2.086526e+01,2.079562e+01,2.076775e+01,2.080259e+01,2.078866e+01,2.072594e+01,2.081652e+01,2.067016e+01,2.085134e+01,2.064923e+01,2.077472e+01,2.071897e+01,2.073988e+01,2.073988e+01,2.078169e+01,2.078169e+01,2.077472e+01,2.076775e+01,2.073988e+01,2.078169e+01,2.074685e+01,2.080259e+01,2.075382e+01,2.073291e+01,2.079562e+01,2.090006e+01,2.076775e+01,2.080259e+01,2.076775e+01,2.078169e+01,2.079562e+01,2.077472e+01,2.075382e+01,2.078169e+01,2.069805e+01,2.076079e+01,2.075382e+01,2.076775e+01,2.074685e+01,2.103914e+01,2.083045e+01,2.083741e+01,2.076775e+01,2.069805e+01,2.075382e+01,2.068410e+01,2.078866e+01,2.074685e+01,2.074685e+01,2.086526e+01,2.076775e+01,2.075382e+01,2.073291e+01,2.070502e+01,2.073291e+01,2.084437e+01,2.080259e+01,2.080259e+01,2.073988e+01,2.076775e+01,2.083741e+01,2.086526e+01,2.077472e+01,2.075382e+01,2.076079e+01,2.077472e+01,2.078169e+01,2.075382e+01,2.076079e+01,2.074685e+01,2.077472e+01,2.070502e+01,2.080259e+01,2.070502e+01,2.073988e+01,2.079562e+01,2.064225e+01,2.072594e+01,2.076079e+01,2.073291e+01,2.074685e+01,2.080955e+01,2.078169e+01,2.085134e+01,2.073988e+01,2.085134e+01,2.073988e+01,2.083045e+01,2.073988e+01,2.080259e+01,2.077472e+01,2.079562e+01,2.077472e+01,2.073291e+01,2.083045e+01,2.078866e+01,2.083045e+01,2.075382e+01,2.070502e+01,2.078169e+01,2.067016e+01,2.069805e+01,2.075382e+01,2.078866e+01,2.073291e+01,2.071897e+01,2.076079e+01,2.080955e+01,2.075382e+01,2.069108e+01,2.083045e+01,2.077472e+01,2.076079e+01,2.074685e+01,2.079562e+01,2.067016e+01,2.074685e+01,2.078169e+01,2.076079e+01,2.075382e+01,2.073988e+01,2.080259e+01,2.080955e+01,2.076775e+01,2.067713e+01,2.075382e+01,2.078866e+01,2.078866e+01,2.083045e+01,2.080955e+01,2.072594e+01,2.078866e+01,2.067016e+01,2.080955e+01,2.071200e+01,2.081652e+01,2.072594e+01,2.077472e+01,2.095572e+01,2.083045e+01,2.077472e+01,2.081652e+01,2.084437e+01,2.086526e+01,2.074685e+01,2.079562e+01,2.082348e+01,2.083045e+01,2.080955e+01,2.083045e+01,2.091398e+01,2.081652e+01,2.081652e+01,2.073291e+01,2.081652e+01,2.078169e+01,2.080259e+01,2.078866e+01,2.067016e+01,2.085830e+01,2.085830e+01,2.080259e+01,2.077472e+01,2.078866e+01,2.080259e+01,2.076775e+01,2.076775e+01,2.077472e+01,2.077472e+01,2.072594e+01,2.080955e+01,2.073291e+01,2.075382e+01,2.078169e+01,2.080259e+01,2.081652e+01,2.077472e+01,2.079562e+01,2.090006e+01,2.076079e+01,2.071897e+01,2.071897e+01,2.077472e+01,2.074685e+01,2.058643e+01,2.087222e+01,2.080259e+01,2.079562e+01,2.090006e+01,2.083045e+01,2.078169e+01,2.076775e+01,2.091398e+01,2.094180e+01,2.085134e+01,2.078866e+01,2.076079e+01,2.073988e+01,2.074685e+01,2.073291e+01,2.078866e+01,2.079562e+01,2.084437e+01,2.078866e+01,2.067713e+01,2.070502e+01,2.070502e+01,2.081652e+01,2.073291e+01,2.083045e+01,2.071897e+01,2.084437e+01,2.071200e+01,2.076079e+01,2.072594e+01,2.071200e+01,2.066318e+01,2.076079e+01,2.069805e+01,2.071200e+01,2.072594e+01,2.075382e+01,2.064923e+01,2.086526e+01,2.075382e+01,2.078169e+01,2.071200e+01,2.079562e+01,2.069108e+01,2.082348e+01,2.069805e+01,2.070502e+01,2.075382e+01,2.080259e+01,2.078866e+01,2.074685e+01,2.082348e+01,2.080259e+01,2.074685e+01,2.083741e+01,2.065621e+01,2.078169e+01,2.083045e+01,2.071897e+01,2.073291e+01,2.073291e+01,2.085830e+01,2.081652e+01,2.086526e+01,2.080955e+01,2.082348e+01,2.083741e+01,2.082348e+01,2.085134e+01
2.076775e+01,2.083045e+01,2.069805e+01,2.080259e+01,2.079562e+01,2.078866e+01,2.064923e+01,2.087918e+01,2.079562e+01,2.079562e+01,2.067713e+01,2.074685e+01,2.099048e+01,2.076079e+01,2.083741e+01,2.085830e+01,2.071200e+01,2.075382e+01,2.073988e+01,2.070502e+01,2.080955e+01,2.068410e+01,2.079562e+01,2.067713e+01,2.081652e+01,2.078169e+01,2.078866e+01,2.073988e+01,2.069805e+01,2.078866e+01,2.062830e+01,2.071200e+01,2.075382e+01,2.071200e+01,2.068410e+01,2.068410e+01,2.077472e+01,2.079562e+01,2.073988e+01,2.074685e+01,2.064923e+01,2.075382e+01,2.078169e+01,2.064225e+01,2.073988e+01,2.074685e+01,2.073988e+01,2.076775e+01,2.078866e+01,2.078866e+01,2.084437e+01,2.083045e+01,2.087222e+01,2.089310e+01,2.087918e+01,2.098353e+01,2.083045e+01,2.094876e+01,2.099744e+01,2.087918e+01,2.086526e+01,2.090006e+01,2.090702e+01,2.090006e+01,2.090702e+01,2.091398e+01,2.083741e+01,2.095572e+01,2.077472e+01,2.090702e+01,2.084437e+01,2.090702e+01,2.085830e+01,2.094876e+01,2.094876e+01,2.084437e+01,2.085830e+01,2.083741e+01,2.088614e+01,2.090702e+01,2.088614e+01,2.085830e+01,2.083741e+01,2.069805e+01,2.081652e+01,2.073988e+01,2.074685e+01,2.068410e+01,2.053057e+01,2.048865e+01,2.054453e+01,2.055152e+01,2.073291e+01,2.062830e+01,2.063528e+01,2.068410e+01,2.062132e+01,2.059340e+01,2.056548e+01,2.060039e+01,2.056548e+01,2.055850e+01,2.062132e+01,2.049564e+01,2.059340e+01,2.064923e+01,2.044672e+01,2.075382e+01,2.061434e+01,2.069108e+01,2.070502e+01,2.064923e+01,2.067016e+01,2.076079e+01,2.063528e+01,2.077472e+01,2.076775e+01,2.069108e+01,2.067713e+01,2.069108e+01,2.071897e+01,2.066318e+01,2.062132e+01,2.067016e+01,2.064225e+01,2.042575e+01,2.059340e+01,2.045371e+01,2.057944e+01,2.046769e+01,2.045371e+01,2.041176e+01,2.053057e+01,2.043274e+01,2.048865e+01,2.050961e+01,2.050961e+01,2.052358e+01,2.058643e+01,2.067016e+01,2.066318e+01,2.058643e+01,2.062830e+01,2.070502e+01,2.075382e+01,2.064923e+01,2.068410e+01,2.073988e+01,2.072594e+01,2.071897e+01,2.067016e+01,2.067713e+01,2.076775e+01,2.074685e+01,2.066318e+01,2.063528e+01,2.061434e+01,2.058643e+01,2.059340e+01,2.064923e+01,2.072594e+01,2.058643e+01,2.069805e+01,2.060039e+01,2.057944e+01,2.057246e+01,2.071897e+01,2.071200e+01,2.071200e+01,2.057944e+01,2.062132e+01,2.051660e+01,2.049564e+01,2.059340e+01,2.051660e+01,2.054453e+01,2.055850e+01,2.059340e+01,2.062830e+01,2.059340e+01,2.060736e+01,2.055850e+01,2.061434e+01,2.054453e+01,2.069108e+01,2.062132e+01,2.078169e+01,2.076079e+01,2.068410e+01,2.076079e+01,2.077472e+01,2.066318e+01,2.076775e+01,2.076775e+01,2.080955e+01,2.082348e+01,2.080259e+01,2.078866e+01,2.069805e+01,2.077472e+01,2.062830e+01,2.062830e+01,2.071897e+01,2.081652e+01,2.078866e+01,2.076775e+01,2.077472e+01,2.061434e+01,2.071200e+01,2.079562e+01,2.066318e+01,2.073291e+01,2.075382e+01,2.076079e+01,2.071897e+01,2.071897e+01,2.076079e+01,2.071897e+01,2.061434e+01,2.062132e+01,2.067016e+01,2.057944e+01,2.064225e+01,2.065621e+01,2.065621e+01,2.058643e+01,2.058643e+01,2.062830e+01,2.043274e+01,2.063528e+01,2.061434e+01,2.054453e+01,2.057246e+01,2.053755e+01,2.064225e+01,2.058643e+01,2.053755e+01,2.055850e+01,2.055850e+01,2.067016e+01,2.058643e+01,2.056548e+01,2.060736e+01,2.062132e+01,2.057246e+01,2.055850e+01,2.064225e+01,2.055152e+01,2.055152e+01,2.062132e+01,2.061434e+01,2.064225e+01,2.048166e+01,2.062830e+01,2.060039e+01,2.062132e+01,2.060736e+01,2.060039e+01,2.062132e+01,2.061434e+01,2.064923e+01,2.055850e+01,2.055850e+01,2.069805e+01,2.054453e+01,2.060736e+01,2.057944e+01,2.067713e+01,2.053755e+01,2.071897e+01,2.069108e+01,2.073291e+01,2.071897e+01,2.062830e+01,2.076079e+01,2.069108e+01,2.066318e+01,2.066318e+01,2.068410e+01,2.069805e+01,2.066318e+01,2.070502e+01,2.061434e+01,2.074685e+01,2.068410e+01,2.064923e+01,2.073291e+01,2.064225e+01,2.071200e+01,2.061434e+01,2.069108e+01,2.065621e+01,2.067016e+01,2.070502e+01,2.063528e+01,2.066318e+01,2.066318e+01,2.063528e+01,2.063528e+01,2.060039e+01,2.055850e+01,2.059340e+01,2.060736e+01,2.060736e+01,2.062830e+01,2.062830e+01,2.065621e+01,2.056548e+01,2.060736e+01,2.058643e+01,2.059340e+01,2.056548e+01,2.064923e+01,2.064225e+01,2.066318e+01,2.068410e+01,2.062830e+01,2.069805e+01,2.070502e+01,2.065621e+01,2.071200e+01,2.064923e+01,2.064923e+01,2.076775e+01,2.077472e+01,2.078169e+01,2.078169e+01,2.080259e+01,2.080259e+01,2.071200e+01,2.070502e+01,2.076079e+01,2.069805e+01,2.064923e+01,2.075382e+01,2.066318e+01,2.076079e+01,2.067016e+01,2.076079e+01,2.073988e+01,2.080955e+01,2.075382e+01,2.089310e+01,2.069108e+01,2.097658e+01,2.076079e+01,2.074685e+01,2.076079e+01,2.075382e+01,2.069108e+01,2.078169e+01,2.073988e+01,2.075382e+01,2.076775e+01,2.076775e+01,2.067016e+01,2.078169e+01,2.080259e+01,2.071897e+01,2.076775e+01,2.073291e+01,2.076079e+01,2.078169e+01,2.067016e+01,2.075382e+01,2.067713e+01,2.076079e+01,2.075382e+01,2.072594e+01,2.076079e+01,2.077472e+01,2.080955e+01,2.080955e+01,2.071200e+01,2.079562e+01,2.068410e+01,2.072594e+01,2.062830e+01,2.067713e+01,2.071897e+01,2.075382e+01,2.078866e+01,2.075382e+01,2.077472e+01,2.068410e+01,2.081652e+01,2.078866e+01,2.076079e+01,2.083045e+01,2.071897e+01,2.069805e+01,2.071897e+01,2.083045e+01,2.069108e+01,2.076775e+01,2.071200e+01,2.065621e+01,2.073291e+01,2.076079e+01,2.068410e+01,2.076079e+01,2.073291e+01,2.081652e+01,2.075382e+01,2.075382e+01,2.085830e+01,2.071897e+01,2.074685e+01,2.076775e+01,2.077472e+01,2.068410e+01,2.076775e+01,2.073988e+01,2.078866e+01,2.077472e+01,2.077472e+01,2.078169e+01,2.078866e+01,2.076775e+01,2.064225e+01,2.071200e+01,2.080955e+01,2.067713e+01,2.069805e+01,2.077472e+01,2.076775e+01,2.078866e+01,2.070502e+01,2.076775e+01,2.072594e+01,2.077472e+01,2.069805e+01,2.073988e+01,2.069805e+01,2.067713e+01,2.069805e+01,2.068410e+01,2.076775e+01,2.070502e+01,2.073291e+01,2.084437e+01,2.069805e+01,2.073988e+01,2.070502e+01,2.071897e+01,2.078866e+01,2.080955e+01,2.078866e+01,2.073291e+01,2.071200e+01,2.079562e+01,2.066318e+01,2.077472e+01,2.074685e+01,2.071200e+01,2.071200e+01,2.078169e+01,2.073988e+01,2.073988e+01,2.073291e+01,2.080955e+01,2.078169e+01,2.077472e+01,2.074685e+01,2.069805e+01,2.068410e+01,2.078169e+01,2.069108e+01,2.067713e+01,2.075382e+01,2.080955e+01,2.076775e+01,2.087222e+01,2.080259e+01,2.068410e+01,2.072594e+01,2.069108e+01,2.075382e+01,2.087918e+01,2.076775e+01,2.078169e+01,2.075382e+01,2.056548e+01,2.082348e+01,2.076079e+01,2.071200e+01,2.067713e+01,2.076079e+01,2.077472e+01,2.073988e+01,2.078169e+01,2.076079e+01,2.074685e+01,2.076775e+01,2.078866e+01,2.080259e+01,2.071200e+01,2.076775e+01,2.076079e+01,2.069805e+01,2.067016e+01,2.056548e+01,2.068410e+01,2.073291e+01,2.084437e+01,2.071897e+01,2.078866e+01,2.076079e+01,2.076775e+01,2.078866e+01,2.074685e+01,2.077472e+01,2.064225e+01,2.071897e+01,2.080259e+01,2.080259e+01,2.073988e+01,2.080955e+01,2.071897e+01,2.072594e+01,2.074685e+01,2.071200e+01,2.076775e+01,2.073988e+01,2.071200e+01,2.062830e+01,2.071897e+01,2.073291e+01,2.071897e+01,2.074685e+01,2.070502e+01,2.075382e+01,2.071897e+01,2.083045e+01,2.082348e+01,2.076079e+01,2.075382e+01,2.076079e+01,2.076079e+01,2.068410e+01,2.073291e+01,2.073988e+01,2.075382e+01,2.071897e+01,2.085134e+01,2.069805e+01,2.071897e+01,2.066318e+01,2.078169e+01,2.080955e+01,2.073988e+01,2.077472e+01,2.073988e+01,2.078866e+01,2.078866e+01,2.079562e+01,2.073988e+01,2.069108e+01,2.068410e+01,2.070502e+01,2.073988e+01,2.074685e+01,2.074685e+01,2.073988e+01,2.088614e+01,2.076775e+01,2.078169e+01,2.080955e+01,2.072594e+01,2.081652e+01,2.064923e+01,2.073988e+01,2.085830e+01,2.078169e+01,2.075382e+01,2.075382e+01,2.076079e+01,2.067713e+01,2.060736e+01,2.080259e+01,2.063528e+01,2.073291e+01,2.064923e+01,2.078169e+01,2.073988e+01,2.075382e+01,2.060039e+01,2.067713e+01,2.080955e+01,2.076775e+01,2.073988e+01,2.069108e+01,2.081652e+01,2.079562e+01,2.070502e+01,2.071200e+01,2.073988e+01,2.087918e+01,2.075382e+01,2.074685e+01,2.062132e+01,2.067016e+01,2.069108e+01,2.082348e+01,2.081652e+01,2.072594e+01,2.076775e+01,2.073291e+01,2.072594e+01,2.073988e+01,2.072594e+01,2.071200e+01,2.077472e+01,2.075382e+01,2.073291e+01,2.079562e+01,2.065621e+01,2.073291e+01,2.076775e+01,2.070502e+01,2.073988e+01,2.078866e+01,2.078866e+01,2.077472e+01,2.066318e+01,2.085134e+01,2.080955e+01,2.076079e+01,2.080259e+01,2.071897e+01,2.090006e+01,2.068410e+01,2.077472e+01,2.088614e+01,2.080955e+01,2.080259e+01,2.079562e+01,2.078169e+01,2.077472e+01,2.084437e+01
2.078866e+01,2.073988e+01,2.071200e+01,2.090006e+01,2.090702e+01,2.091398e+01,2.059340e+01,2.083741e+01,2.085134e+01,2.082348e+01,2.080259e+01,2.073988e+01,2.076775e+01,2.072594e+01,2.080955e+01,2.072594e+01,2.078866e+01,2.069805e+01,2.088614e+01,2.083045e+01,2.071897e+01,2.085134e+01,2.069108e+01,2.078866e+01,2.076079e+01,2.078169e+01,2.080955e+01,2.080259e+01,2.056548e+01,2.078169e+01,2.081652e+01,2.083741e+01,2.067713e+01,2.064923e+01,2.076079e+01,2.083741e+01,2.071897e+01,2.077472e+01,2.077472e+01,2.076079e+01,2.076079e+01,2.089310e+01,2.075382e+01,2.077472e+01,2.083741e+01,2.076079e+01,2.079562e+01,2.073291e+01,2.078169e+01,2.080955e+01,2.086526e+01,2.085134e+01,2.090006e+01,2.082348e+01,2.089310e+01,2.082348e+01,2.085830e+01,2.084437e+01,2.081652e+01,2.083741e+01,2.096267e+01,2.080259e+01,2.078866e+01,2.090702e+01,2.087222e+01,2.085830e+01,2.095572e+01,2.079562e+01,2.085830e+01,2.096962e+01,2.096267e+01,2.069805e+01,2.089310e+01,2.090006e+01,2.087918e+01,2.083741e+01,2.087222e+01,2.087222e+01,2.076079e+01,2.090702e+01,2.075382e+01,2.072594e+01,2.086526e+01,2.076079e+01,2.077472e+01,2.074685e+01,2.050961e+01,2.049564e+01,2.053755e+01,2.071200e+01,2.061434e+01,2.057246e+01,2.059340e+01,2.060736e+01,2.057944e+01,2.063528e+01,2.069108e+01,2.072594e+01,2.059340e+01,2.057944e+01,2.057944e+01,2.061434e+01,2.056548e+01,2.059340e+01,2.054453e+01,2.057246e+01,2.057246e+01,2.060736e+01,2.060039e+01,2.065621e+01,2.067016e+01,2.070502e+01,2.069805e+01,2.073291e+01,2.069108e+01,2.065621e+01,2.071200e+01,2.069108e+01,2.074685e+01,2.067016e+01,2.081652e+01,2.077472e+01,2.071897e+01,2.058643e+01,2.066318e+01,2.050262e+01,2.043973e+01,2.057944e+01,2.044672e+01,2.043973e+01,2.043274e+01,2.050262e+01,2.046070e+01,2.047468e+01,2.050961e+01,2.048166e+01,2.060736e+01,2.050262e+01,2.066318e+01,2.067016e+01,2.064225e+01,2.060039e+01,2.036980e+01,2.066318e+01,2.064225e+01,2.069805e+01,2.065621e+01,2.064923e+01,2.076775e+01,2.074685e+01,2.070502e+01,2.068410e+01,2.075382e+01,2.066318e+01,2.075382e+01,2.064923e+01,2.067016e+01,2.059340e+01,2.043973e+01,2.062830e+01,2.060039e+01,2.067016e+01,2.065621e+01,2.066318e+01,2.062830e+01,2.068410e+01,2.057246e+01,2.066318e+01,2.066318e+01,2.067713e+01,2.062830e+01,2.068410e+01,2.061434e+01,2.060039e+01,2.053057e+01,2.063528e+01,2.059340e+01,2.062132e+01,2.057944e+01,2.059340e+01,2.069108e+01,2.050961e+01,2.069805e+01,2.078866e+01,2.076079e+01,2.076775e+01,2.071200e+01,2.071897e+01,2.071200e+01,2.070502e+01,2.078866e+01,2.073988e+01,2.078169e+01,2.081652e+01,2.067713e+01,2.078169e+01,2.078169e+01,2.074685e+01,2.076775e+01,2.077472e+01,2.071897e+01,2.071897e+01,2.071200e+01,2.075382e+01,2.067016e+01,2.077472e+01,2.074685e+01,2.064923e+01,2.077472e+01,2.071200e+01,2.071200e+01,2.078169e+01,2.072594e+01,2.071200e+01,2.068410e+01,2.066318e+01,2.073988e+01,2.077472e+01,2.067016e+01,2.064923e+01,2.068410e+01,2.063528e+01,2.069108e+01,2.063528e+01,2.066318e+01,2.057944e+01,2.057246e+01,2.064923e+01,2.046769e+01,2.061434e+01,2.058643e+01,2.060039e+01,2.060039e+01,2.054453e+01,2.065621e+01,2.060039e+01,2.063528e+01,2.060039e+01,2.062132e+01,2.060039e+01,2.063528e+01,2.056548e+01,2.058643e+01,2.063528e+01,2.053755e+01,2.053755e+01,2.055152e+01,2.062132e+01,2.055850e+01,2.047468e+01,2.062830e+01,2.062132e+01,2.050262e+01,2.065621e+01,2.064225e+01,2.057944e+01,2.058643e+01,2.061434e+01,2.060039e+01,2.062830e+01,2.062830e+01,2.066318e+01,2.055152e+01,2.067016e+01,2.053755e+01,2.059340e+01,2.053755e+01,2.071897e+01,2.065621e+01,2.068410e+01,2.065621e+01,2.076775e+01,2.073988e+01,2.069108e+01,2.077472e+01,2.073988e+01,2.066318e+01,2.066318e+01,2.064225e+01,2.065621e+01,2.062132e+01,2.073988e+01,2.071897e+01,2.076079e+01,2.075382e+01,2.068410e+01,2.078169e+01,2.063528e+01,2.064225e+01,2.063528e+01,2.062830e+01,2.069108e+01,2.067016e+01,2.077472e+01,2.067016e+01,2.066318e+01,2.067016e+01,2.066318e+01,2.065621e+01,2.064225e+01,2.057246e+01,2.070502e+01,2.059340e+01,2.059340e+01,2.062830e+01,2.064225e+01,2.063528e+01,2.054453e+01,2.058643e+01,2.058643e+01,2.060736e+01,2.068410e+01,2.061434e+01,2.064225e+01,2.066318e+01,2.069108e+01,2.065621e+01,2.077472e+01,2.090006e+01,2.060736e+01,2.080955e+01,2.074685e+01,2.067016e+01,2.072594e+01,2.076775e+01,2.075382e+01,2.079562e+01,2.076079e+01,2.076079e+01,2.076079e+01,2.071200e+01,2.079562e+01,2.067713e+01,2.069108e+01,2.077472e+01,2.077472e+01,2.075382e+01,2.069108e+01,2.070502e+01,2.069108e+01,2.079562e+01,2.071200e+01,2.069805e+01,2.072594e+01,2.078866e+01,2.069805e+01,2.073291e+01,2.076775e+01,2.067713e+01,2.077472e+01,2.079562e+01,2.076775e+01,2.073988e+01,2.075382e+01,2.076079e+01,2.080955e+01,2.073988e+01,2.074685e+01,2.076775e+01,2.075382e+01,2.070502e+01,2.075382e+01,2.071897e+01,2.073988e+01,2.069108e+01,2.076775e+01,2.071200e+01,2.067713e+01,2.077472e+01,2.078169e+01,2.069108e+01,2.079562e+01,2.080259e+01,2.076775e+01,2.071200e+01,2.065621e+01,2.070502e+01,2.063528e+01,2.071897e+01,2.076079e+01,2.072594e+01,2.073291e+01,2.071897e+01,2.073291e+01,2.075382e+01,2.077472e+01,2.072594e+01,2.076079e+01,2.073988e+01,2.074685e+01,2.076079e+01,2.070502e+01,2.073291e+01,2.069805e+01,2.071200e+01,2.071200e+01,2.077472e+01,2.076079e+01,2.073291e+01,2.071897e+01,2.072594e+01,2.072594e+01,2.069108e+01,2.069108e+01,2.075382e+01,2.071200e+01,2.075382e+01,2.076775e+01,2.074685e+01,2.075382e+01,2.074685e+01,2.084437e+01,2.076775e+01,2.077472e+01,2.078866e+01,2.078866e+01,2.078169e+01,2.078169e+01,2.078866e+01,2.077472e+01,2.078866e+01,2.076775e+01,2.072594e+01,2.077472e+01,2.078169e+01,2.076775e+01,2.081652e+01,2.074685e+01,2.073291e+01,2.071200e+01,2.079562e+01,2.074685e+01,2.071200e+01,2.070502e+01,2.090702e+01,2.078169e+01,2.082348e+01,2.076079e+01,2.077472e+01,2.079562e+01,2.070502e+01,2.083045e+01,2.082348e+01,2.080955e+01,2.074685e+01,2.080955e+01,2.073988e+01,2.075382e+01,2.085830e+01,2.076079e+01,2.072594e+01,2.071897e+01,2.067016e+01,2.075382e+01,2.073988e+01,2.069108e+01,2.074685e+01,2.073988e+01,2.076775e+01,2.071897e+01,2.074685e+01,2.071200e+01,2.071897e+01,2.070502e+01,2.071200e+01,2.073291e+01,2.074685e+01,2.073988e+01,2.079562e+01,2.070502e+01,2.071200e+01,2.080259e+01,2.080955e+01,2.078866e+01,2.084437e+01,2.074685e+01,2.073988e+01,2.075382e+01,2.076775e+01,2.075382e+01,2.077472e+01,2.076079e+01,2.085134e+01,2.077472e+01,2.079562e+01,2.077472e+01,2.076775e+01,2.068410e+01,2.076079e+01,2.078866e+01,2.078169e+01,2.076079e+01,2.080259e+01,2.084437e+01,2.076775e+01,2.075382e+01,2.078169e+01,2.076079e+01,2.078169e+01,2.077472e+01,2.071897e+01,2.078169e+01,2.077472e+01,2.077472e+01,2.073988e+01,2.078866e+01,2.078866e+01,2.071897e+01,2.079562e+01,2.067713e+01,2.079562e+01,2.059340e+01,2.075382e+01,2.074685e+01,2.078866e+01,2.072594e+01,2.078866e+01,2.078866e+01,2.069805e+01,2.080259e+01,2.069108e+01,2.078169e+01,2.074685e+01,2.071200e+01,2.077472e+01,2.078169e+01,2.085830e+01,2.071897e+01,2.069805e+01,2.072594e+01,2.071897e+01,2.089310e+01,2.082348e+01,2.078866e+01,2.072594e+01,2.073988e+01,2.079562e+01,2.079562e+01,2.076775e+01,2.078169e+01,2.079562e+01,2.075382e+01,2.083045e+01,2.069108e+01,2.070502e+01,2.082348e+01,2.081652e+01,2.076079e+01,2.089310e+01,2.083045e+01,2.080259e+01,2.078169e+01,2.079562e+01,2.077472e+01,2.080259e+01,2.069805e+01,2.079562e+01,2.065621e+01,2.076079e+01,2.080259e+01,2.071200e+01,2.075382e+01,2.075382e+01,2.076775e+01,2.081652e+01,2.076775e+01,2.071897e+01,2.078866e+01,2.085134e+01,2.063528e+01,2.078866e+01,2.085830e+01,2.069108e+01,2.080955e+01,2.082348e+01,2.076079e+01,2.073291e+01,2.090006e+01,2.087222e+01,2.073291e+01,2.087918e+01,2.082348e+01,2.076079e+01,2.080259e+01,2.078866e+01,2.071200e+01,2.091398e+01,2.078866e+01,2.073291e+01,2.071200e+01,2.071200e+01,2.082348e+01,2.071897e+01,2.075382e+01,2.080955e+01,2.071200e+01,2.069108e+01,2.088614e+01,2.072594e+01,2.073988e+01,2.064923e+01,2.074685e+01,2.084437e+01,2.069108e+01,2.066318e+01,2.078169e+01,2.068410e+01,2.079562e+01,2.076775e+01,2.074685e+01,2.071200e+01,2.082348e+01,2.066318e+01,2.078169e+01,2.071897e+01,2.079562e+01,2.082348e+01,2.073291e+01,2.065621e+01,2.069108e+01,2.072594e+01,2.083045e+01,2.079562e+01,2.063528e+01,2.069805e+01,2.079562e+01,2.069805e+01,2.082348e+01,2.070502e+01,2.072594e+01,2.076775e+01,2.074685e+01,2.090702e+01,2.077472e+01,2.075382e+01,2.068410e+01,2.076775e+01,2.073291e+01,2.083045e+01,2.073988e+01
2.072594e+01,2.090702e+01,2.071200e+01,2.088614e+01,2.092789e+01,2.081652e+01,2.083045e+01,2.092789e+01,2.080259e+01,2.078169e+01,2.080259e+01,2.076079e+01,2.074685e+01,2.083045e+01,2.075382e+01,2.083045e+01,2.073291e+01,2.076079e+01,2.078866e+01,2.083045e+01,2.082348e+01,2.085134e+01,2.076079e+01,2.078169e+01,2.078866e+01,2.077472e+01,2.078866e+01,2.057944e+01,2.079562e+01,2.080259e+01,2.077472e+01,2.071200e+01,2.073291e+01,2.074685e+01,2.085830e+01,2.080955e+01,2.078866e+01,2.079562e+01,2.078169e+01,2.073988e+01,2.067713e+01,2.082348e+01,2.074685e+01,2.078169e+01,2.073988e+01,2.083045e+01,2.080259e+01,2.082348e+01,2.084437e+01,2.083045e+01,2.083741e+01,2.083741e+01,2.090702e+01,2.087918e+01,2.091398e+01,2.086526e+01,2.081652e+01,2.091398e+01,2.090006e+01,2.081652e+01,2.095572e+01,2.098353e+01,2.089310e+01,2.086526e+01,2.090006e+01,2.083741e+01,2.088614e+01,2.083741e+01,2.082348e+01,2.081652e+01,2.090702e+01,2.092789e+01,2.088614e+01,2.086526e+01,2.092093e+01,2.089310e+01,2.078866e+01,2.083741e+01,2.078169e+01,2.085830e+01,2.087918e+01,2.080955e+01,2.085830e+01,2.083045e+01,2.079562e+01,2.061434e+01,2.055152e+01,2.066318e+01,2.067713e+01,2.069805e+01,2.065621e+01,2.062132e+01,2.064923e+01,2.066318e+01,2.062830e+01,2.062830e+01,2.067713e+01,2.060039e+01,2.069108e+01,2.077472e+01,2.066318e+01,2.066318e+01,2.063528e+01,2.054453e+01,2.056548e+01,2.057944e+01,2.062132e+01,2.061434e+01,2.073291e+01,2.062830e+01,2.070502e+01,2.068410e+01,2.074685e+01,2.071200e+01,2.067713e+01,2.069108e+01,2.067713e+01,2.065621e+01,2.084437e+01,2.067016e+01,2.064923e+01,2.069805e+01,2.057944e+01,2.057246e+01,2.073291e+01,2.044672e+01,2.045371e+01,2.034881e+01,2.053755e+01,2.041176e+01,2.043274e+01,2.046070e+01,2.048865e+01,2.059340e+01,2.054453e+01,2.057246e+01,2.052358e+01,2.052358e+01,2.064225e+01,2.064225e+01,2.067016e+01,2.066318e+01,2.059340e+01,2.065621e+01,2.074685e+01,2.066318e+01,2.063528e+01,2.071897e+01,2.071200e+01,2.071200e+01,2.081652e+01,2.070502e+01,2.061434e+01,2.065621e+01,2.062132e+01,2.071897e+01,2.074685e+01,2.056548e+01,2.056548e+01,2.067713e+01,2.064225e+01,2.063528e+01,2.057246e+01,2.069108e+01,2.060039e+01,2.055152e+01,2.055850e+01,2.064225e+01,2.059340e+01,2.062132e+01,2.062132e+01,2.060736e+01,2.056548e+01,2.067713e+01,2.050961e+01,2.054453e+01,2.058643e+01,2.060039e+01,2.058643e+01,2.062830e+01,2.056548e+01,2.068410e+01,2.067016e+01,2.061434e+01,2.070502e+01,2.074685e+01,2.076079e+01,2.080259e+01,2.069108e+01,2.069108e+01,2.064225e+01,2.073291e+01,2.073988e+01,2.087918e+01,2.087222e+01,2.086526e+01,2.078866e+01,2.079562e+01,2.080955e+01,2.078866e+01,2.069805e+01,2.067713e+01,2.066318e+01,2.068410e+01,2.067016e+01,2.062830e+01,2.074685e+01,2.063528e+01,2.077472e+01,2.073291e+01,2.070502e+01,2.072594e+01,2.073988e+01,2.073988e+01,2.070502e+01,2.064923e+01,2.062830e+01,2.072594e+01,2.064225e+01,2.062132e+01,2.063528e+01,2.064225e+01,2.062830e+01,2.062830e+01,2.058643e+01,2.060039e+01,2.053057e+01,2.062830e+01,2.064923e+01,2.054453e+01,2.061434e+01,2.051660e+01,2.064225e+01,2.060736e+01,2.052358e+01,2.062132e+01,2.062132e+01,2.068410e+01,2.057944e+01,2.061434e+01,2.057246e+01,2.057246e+01,2.057246e+01,2.063528e+01,2.060039e+01,2.062132e+01,2.052358e+01,2.068410e+01,2.065621e+01,2.047468e+01,2.043973e+01,2.057944e+01,2.061434e+01,2.077472e+01,2.067016e+01,2.060736e+01,2.060736e+01,2.055152e+01,2.061434e+01,2.073291e+01,2.062830e+01,2.066318e+01,2.065621e+01,2.067016e+01,2.064225e+01,2.072594e+01,2.083741e+01,2.071200e+01,2.066318e+01,2.069805e+01,2.072594e+01,2.073291e+01,2.067713e+01,2.067016e+01,2.080259e+01,2.080259e+01,2.071200e+01,2.075382e+01,2.067713e+01,2.064923e+01,2.073988e+01,2.078866e+01,2.062830e+01,2.063528e+01,2.067016e+01,2.062132e+01,2.062830e+01,2.067016e+01,2.058643e+01,2.069108e+01,2.069108e+01,2.083741e+01,2.067016e+01,2.065621e+01,2.071200e+01,2.069108e+01,2.064923e+01,2.066318e+01,2.063528e+01,2.069805e+01,2.069108e+01,2.061434e+01,2.067016e+01,2.062830e+01,2.060039e+01,2.070502e+01,2.057246e+01,2.061434e+01,2.061434e+01,2.062132e+01,2.059340e+01,2.060736e+01,2.064923e+01,2.075382e+01,2.062830e+01,2.067016e+01,2.073291e+01,2.064225e+01,2.073988e+01,2.071200e+01,2.064923e+01,2.072594e+01,2.077472e+01,2.080259e+01,2.064225e+01,2.069805e+01,2.078866e+01,2.072594e+01,2.074685e+01,2.068410e+01,2.066318e+01,2.078866e+01,2.067016e+01,2.071897e+01,2.075382e+01,2.064923e+01,2.061434e+01,2.080955e+01,2.075382e+01,2.068410e+01,2.074685e+01,2.072594e+01,2.069805e+01,2.069805e+01,2.074685e+01,2.077472e+01,2.078169e+01,2.078169e+01,2.069108e+01,2.071200e+01,2.078866e+01,2.074685e+01,2.081652e+01,2.085134e+01,2.070502e+01,2.073988e+01,2.073988e+01,2.076079e+01,2.076775e+01,2.073988e+01,2.080955e+01,2.075382e+01,2.061434e+01,2.076775e+01,2.076079e+01,2.073291e+01,2.076775e+01,2.073291e+01,2.079562e+01,2.078866e+01,2.067016e+01,2.069805e+01,2.070502e+01,2.078866e+01,2.075382e+01,2.078169e+01,2.074685e+01,2.071897e+01,2.070502e+01,2.072594e+01,2.074685e+01,2.076079e+01,2.074685e+01,2.073988e+01,2.075382e+01,2.072594e+01,2.071897e+01,2.076775e+01,2.076775e+01,2.071200e+01,2.069805e+01,2.071897e+01,2.076775e+01,2.076079e+01,2.071200e+01,2.078169e+01,2.075382e+01,2.076079e+01,2.075382e+01,2.076775e+01,2.083045e+01,2.069108e+01,2.080955e+01,2.064923e+01,2.068410e+01,2.071200e+01,2.077472e+01,2.077472e+01,2.075382e+01,2.078169e+01,2.075382e+01,2.073988e+01,2.077472e+01,2.075382e+01,2.075382e+01,2.079562e+01,2.062830e+01,2.072594e+01,2.074685e+01,2.079562e+01,2.075382e+01,2.078169e+01,2.078866e+01,2.069108e+01,2.069108e+01,2.076079e+01,2.072594e+01,2.065621e+01,2.074685e+01,2.072594e+01,2.078169e+01,2.080259e+01,2.076079e+01,2.076079e+01,2.073291e+01,2.071200e+01,2.087918e+01,2.068410e+01,2.073988e+01,2.078169e+01,2.085134e+01,2.083045e+01,2.082348e+01,2.069108e+01,2.080259e+01,2.074685e+01,2.075382e+01,2.076775e+01,2.077472e+01,2.078866e+01,2.074685e+01,2.076079e+01,2.092789e+01,2.071897e+01,2.077472e+01,2.077472e+01,2.072594e+01,2.073291e+01,2.078169e+01,2.080259e+01,2.078866e+01,2.078866e+01,2.080955e+01,2.078169e+01,2.077472e+01,2.080955e+01,2.096962e+01,2.066318e+01,2.073291e+01,2.078866e+01,2.081652e+01,2.080955e+01,2.073988e+01,2.073291e+01,2.079562e+01,2.070502e+01,2.066318e+01,2.073988e+01,2.078866e+01,2.078169e+01,2.074685e+01,2.065621e+01,2.073988e+01,2.075382e+01,2.074685e+01,2.064225e+01,2.063528e+01,2.064225e+01,2.076775e+01,2.069108e+01,2.071200e+01,2.078866e+01,2.073291e+01,2.081652e+01,2.077472e+01,2.071200e+01,2.075382e+01,2.071897e+01,2.078866e+01,2.075382e+01,2.075382e+01,2.083741e+01,2.075382e+01,2.069805e+01,2.071200e+01,2.080955e+01,2.080955e+01,2.079562e+01,2.076775e+01,2.085830e+01,2.077472e+01,2.074685e+01,2.073291e+01,2.070502e+01,2.074685e+01,2.083045e+01,2.078866e+01,2.073988e+01,2.079562e+01,2.083045e+01,2.078866e+01,2.077472e+01,2.069108e+01,2.073291e+01,2.086526e+01,2.072594e+01,2.081652e+01,2.076079e+01,2.080955e+01,2.079562e+01,2.076079e+01,2.070502e+01,2.074685e+01,2.083045e+01,2.083045e+01,2.074685e+01,2.077472e+01,2.080955e+01,2.077472e+01,2.079562e+01,2.066318e+01,2.064225e+01,2.083045e+01,2.081652e+01,2.080259e+01,2.076775e+01,2.076775e+01,2.071897e+01,2.071897e+01,2.077472e+01,2.085134e+01,2.077472e+01,2.061434e+01,2.078866e+01,2.076079e+01,2.078169e+01,2.075382e+01,2.076079e+01,2.076775e+01,2.079562e+01,2.079562e+01,2.075382e+01,2.078169e+01,2.078866e+01,2.092789e+01,2.076079e+01,2.083741e+01,2.077472e+01,2.083741e+01,2.085134e+01,2.085830e+01,2.073291e+01,2.064923e+01,2.080259e+01,2.071200e+01,2.072594e+01,2.073988e+01,2.073988e+01,2.077472e+01,2.085830e+01,2.073988e+01,2.057944e+01,2.078169e+01,2.070502e+01,2.070502e+01,2.083045e+01,2.070502e+01,2.082348e+01,2.094180e+01,2.104609e+01,2.076775e+01,2.078169e+01,2.079562e+01,2.074685e+01,2.083045e+01,2.071200e+01,2.071200e+01,2.072594e+01,2.063528e+01,2.072594e+01,2.085134e+01,2.073988e+01,2.065621e+01,2.080955e+01,2.082348e+01,2.080259e+01,2.075382e+01,2.067713e+01,2.072594e+01,2.079562e+01,2.076775e+01,2.079562e+01,2.073988e+01,2.080259e+01,2.079562e+01,2.079562e+01,2.068410e+01,2.068410e+01,2.064225e+01,2.073291e+01,2.067713e+01,2.073291e+01,2.068410e+01,2.069108e+01,2.082348e+01,2.078169e+01,2.072594e+01,2.071897e+01,2.073291e+01,2.065621e+01,2.072594e+01,2.061434e+01,2.071897e+01,2.081652e+01,2.069805e+01,2.071200e+01,2.076775e+01,2.071897e+01,2.064923e+01,2.067016e+01
2.071200e+01,2.073988e+01,2.073988e+01,2.077472e+01,2.092093e+01,2.070502e+01,2.080259e+01,2.086526e+01,2.086526e+01,2.080955e+01,2.078866e+01,2.083045e+01,2.085134e+01,2.089310e+01,2.080955e+01,2.082348e+01,2.071897e+01,2.076079e+01,2.071200e+01,2.088614e+01,2.080259e+01,2.083045e+01,2.080259e+01,2.068410e+01,2.072594e+01,2.076775e+01,2.079562e+01,2.083741e+01,2.071200e+01,2.076079e+01,2.076079e+01,2.076079e+01,2.090006e+01,2.073988e+01,2.076775e+01,2.076775e+01,2.076079e+01,2.090702e+01,2.076775e+01,2.085830e+01,2.069108e+01,2.075382e+01,2.074685e+01,2.069108e+01,2.096962e+01,2.073291e+01,2.084437e+01,2.085134e+01,2.082348e+01,2.081652e+01,2.074685e+01,2.082348e+01,2.078169e+01,2.081652e+01,2.088614e+01,2.081652e+01,2.082348e+01,2.099048e+01,2.083741e+01,2.087918e+01,2.093485e+01,2.095572e+01,2.087222e+01,2.087918e+01,2.090702e+01,2.104609e+01,2.080259e+01,2.077472e+01,2.081652e+01,2.092093e+01,2.084437e+01,2.090702e+01,2.095572e+01,2.079562e+01,2.084437e+01,2.091398e+01,2.085134e+01,2.094876e+01,2.083741e+01,2.085134e+01,2.075382e+01,2.079562e+01,2.087918e+01,2.079562e+01,2.074685e+01,2.062830e+01,2.064923e+01,2.067016e+01,2.064923e+01,2.062830e+01,2.062830e+01,2.071897e+01,2.057944e+01,2.062132e+01,2.067016e+01,2.065621e+01,2.071200e+01,2.069108e+01,2.062830e+01,2.069108e+01,2.065621e+01,2.060736e+01,2.064225e+01,2.057944e+01,2.057944e+01,2.062830e+01,2.059340e+01,2.068410e+01,2.060736e+01,2.062830e+01,2.067016e+01,2.068410e+01,2.068410e+01,2.077472e+01,2.067713e+01,2.068410e+01,2.077472e+01,2.073988e+01,2.067016e+01,2.065621e+01,2.060736e+01,2.073291e+01,2.067016e+01,2.070502e+01,2.067713e+01,2.054453e+01,2.053755e+01,2.046769e+01,2.053057e+01,2.046070e+01,2.041875e+01,2.050262e+01,2.043274e+01,2.048166e+01,2.048865e+01,2.055850e+01,2.062132e+01,2.062830e+01,2.063528e+01,2.059340e+01,2.067016e+01,2.072594e+01,2.057944e+01,2.065621e+01,2.062830e+01,2.066318e+01,2.070502e+01,2.068410e+01,2.069805e+01,2.062830e+01,2.068410e+01,2.069108e+01,2.064225e+01,2.074685e+01,2.076775e+01,2.066318e+01,2.064923e+01,2.062830e+01,2.067016e+01,2.062132e+01,2.061434e+01,2.058643e+01,2.063528e+01,2.062830e+01,2.063528e+01,2.057944e+01,2.069805e+01,2.064225e+01,2.058643e+01,2.058643e+01,2.064225e+01,2.064225e+01,2.068410e+01,2.062830e+01,2.053755e+01,2.058643e+01,2.060039e+01,2.062132e+01,2.057246e+01,2.057246e+01,2.069108e+01,2.062830e+01,2.061434e+01,2.070502e+01,2.067713e+01,2.067016e+01,2.072594e+01,2.071897e+01,2.073291e+01,2.069108e+01,2.070502e+01,2.076079e+01,2.080259e+01,2.065621e+01,2.081652e+01,2.078866e+01,2.076079e+01,2.070502e+01,2.075382e+01,2.071897e+01,2.070502e+01,2.071200e+01,2.076775e+01,2.076079e+01,2.067016e+01,2.076079e+01,2.071897e+01,2.073291e+01,2.074685e+01,2.080259e+01,2.081652e+01,2.073988e+01,2.061434e+01,2.062132e+01,2.071897e+01,2.062830e+01,2.069108e+01,2.064923e+01,2.062132e+01,2.064923e+01,2.064225e+01,2.055152e+01,2.057944e+01,2.055152e+01,2.060039e+01,2.054453e+01,2.058643e+01,2.049564e+01,2.053755e+01,2.058643e+01,2.061434e+01,2.065621e+01,2.056548e+01,2.053057e+01,2.057944e+01,2.062132e+01,2.063528e+01,2.063528e+01,2.072594e+01,2.061434e+01,2.060736e+01,2.056548e+01,2.060736e+01,2.060039e+01,2.053755e+01,2.054453e+01,2.056548e+01,2.057944e+01,2.060736e+01,2.060039e+01,2.059340e+01,2.052358e+01,2.060736e+01,2.069805e+01,2.065621e+01,2.062830e+01,2.064923e+01,2.064923e+01,2.062132e+01,2.064923e+01,2.064923e+01,2.073291e+01,2.069805e+01,2.073291e+01,2.070502e+01,2.068410e+01,2.076079e+01,2.065621e+01,2.075382e+01,2.088614e+01,2.073988e+01,2.073988e+01,2.072594e+01,2.070502e+01,2.072594e+01,2.067713e+01,2.080955e+01,2.068410e+01,2.067016e+01,2.062830e+01,2.062830e+01,2.060736e+01,2.067016e+01,2.077472e+01,2.067713e+01,2.055152e+01,2.062830e+01,2.075382e+01,2.064225e+01,2.068410e+01,2.066318e+01,2.076079e+01,2.071200e+01,2.067713e+01,2.067713e+01,2.067713e+01,2.071897e+01,2.067016e+01,2.064923e+01,2.061434e+01,2.058643e+01,2.060039e+01,2.069805e+01,2.059340e+01,2.059340e+01,2.069805e+01,2.067016e+01,2.068410e+01,2.062830e+01,2.064923e+01,2.061434e+01,2.063528e+01,2.059340e+01,2.064923e+01,2.066318e+01,2.079562e+01,2.067713e+01,2.071897e+01,2.080259e+01,2.071897e+01,2.069805e+01,2.062132e+01,2.067713e+01,2.065621e+01,2.076079e+01,2.076079e+01,2.080259e+01,2.072594e+01,2.073988e+01,2.075382e+01,2.071200e+01,2.072594e+01,2.069805e+01,2.069805e+01,2.069805e+01,2.080955e+01,2.083741e+01,2.067016e+01,2.076079e+01,2.082348e+01,2.069805e+01,2.069108e+01,2.067016e+01,2.075382e+01,2.072594e+01,2.069108e+01,2.069805e+01,2.078866e+01,2.068410e+01,2.078866e+01,2.079562e+01,2.071897e+01,2.085134e+01,2.073291e+01,2.072594e+01,2.078866e+01,2.075382e+01,2.083045e+01,2.084437e+01,2.082348e+01,2.071897e+01,2.069108e+01,2.064225e+01,2.078169e+01,2.077472e+01,2.073291e+01,2.080955e+01,2.082348e+01,2.076775e+01,2.072594e+01,2.075382e+01,2.069805e+01,2.080955e+01,2.067016e+01,2.081652e+01,2.080259e+01,2.083045e+01,2.078866e+01,2.076079e+01,2.062830e+01,2.073988e+01,2.073988e+01,2.076775e+01,2.071897e+01,2.067016e+01,2.071200e+01,2.076079e+01,2.073988e+01,2.074685e+01,2.071897e+01,2.073291e+01,2.069805e+01,2.071200e+01,2.078169e+01,2.069108e+01,2.077472e+01,2.076079e+01,2.079562e+01,2.070502e+01,2.071200e+01,2.073988e+01,2.087222e+01,2.069108e+01,2.069108e+01,2.074685e+01,2.076079e+01,2.073291e+01,2.076775e+01,2.076079e+01,2.073988e+01,2.071897e+01,2.076079e+01,2.076775e+01,2.074685e+01,2.081652e+01,2.083045e+01,2.080259e+01,2.080955e+01,2.080955e+01,2.074685e+01,2.077472e+01,2.073291e+01,2.066318e+01,2.080955e+01,2.077472e+01,2.076775e+01,2.070502e+01,2.075382e+01,2.072594e+01,2.074685e+01,2.078169e+01,2.078169e+01,2.077472e+01,2.083741e+01,2.085830e+01,2.073988e+01,2.085134e+01,2.077472e+01,2.077472e+01,2.079562e+01,2.076775e+01,2.067016e+01,2.080259e+01,2.073988e+01,2.069805e+01,2.074685e+01,2.078866e+01,2.083045e+01,2.077472e+01,2.079562e+01,2.078169e+01,2.080259e+01,2.085134e+01,2.078866e+01,2.075382e+01,2.074685e+01,2.078866e+01,2.063528e+01,2.085134e+01,2.078866e+01,2.072594e+01,2.072594e+01,2.066318e+01,2.080955e+01,2.077472e+01,2.065621e+01,2.078169e+01,2.070502e+01,2.080259e+01,2.080955e+01,2.081652e+01,2.080955e+01,2.077472e+01,2.070502e+01,2.072594e+01,2.068410e+01,2.068410e+01,2.076775e+01,2.080259e+01,2.083741e+01,2.076079e+01,2.077472e+01,2.066318e+01,2.064923e+01,2.079562e+01,2.086526e+01,2.076079e+01,2.072594e+01,2.076079e+01,2.078866e+01,2.069805e+01,2.078169e+01,2.072594e+01,2.074685e+01,2.073988e+01,2.073291e+01,2.071897e+01,2.064923e+01,2.079562e+01,2.080259e+01,2.074685e+01,2.074685e+01,2.076775e+01,2.083045e+01,2.083741e+01,2.083045e+01,2.080955e+01,2.082348e+01,2.085134e+01,2.063528e+01,2.080955e+01,2.078169e+01,2.078169e+01,2.076775e+01,2.070502e+01,2.078866e+01,2.081652e+01,2.080955e+01,2.078169e+01,2.080259e+01,2.071897e+01,2.076079e+01,2.073988e+01,2.076775e+01,2.078866e+01,2.075382e+01,2.073291e+01,2.076079e+01,2.083045e+01,2.080259e+01,2.073291e+01,2.073988e+01,2.071897e+01,2.082348e+01,2.076079e+01,2.076079e+01,2.075382e+01,2.076079e+01,2.078866e+01,2.072594e+01,2.076079e+01,2.059340e+01,2.075382e+01,2.078866e+01,2.084437e+01,2.076775e+01,2.086526e+01,2.077472e+01,2.078866e+01,2.074685e+01,2.074685e+01,2.085830e+01,2.083741e+01,2.088614e+01,2.074685e+01,2.072594e+01,2.074685e+01,2.076775e+01,2.074685e+01,2.080259e+01,2.078866e+01,2.081652e+01,2.077472e+01,2.076775e+01,2.074685e+01,2.087918e+01,2.074685e+01,2.073291e+01,2.079562e+01,2.083741e+01,2.073988e+01,2.078169e+01,2.087222e+01,2.072594e+01,2.076775e+01,2.073291e+01,2.077472e+01,2.072594e+01,2.092789e+01,2.073291e+01,2.078169e+01,2.083741e+01,2.071897e+01,2.070502e+01,2.078169e+01,2.073988e+01,2.075382e+01,2.069108e+01,2.069805e+01,2.069108e+01,2.075382e+01,2.063528e+01,2.073291e+01,2.071897e+01,2.083045e+01,2.073988e+01,2.080259e+01,2.091398e+01,2.069805e+01,2.076079e+01,2.069805e+01,2.071897e+01,2.080259e+01,2.062132e+01,2.078169e+01,2.065621e+01,2.066318e+01,2.068410e+01,2.070502e+01,2.076775e+01,2.081652e+01,2.082348e+01,2.078866e+01,2.073988e+01,2.080259e+01,2.076079e+01,2.079562e+01,2.073291e+01,2.073988e+01,2.072594e+01,2.075382e+01,2.068410e+01,2.082348e+01,2.074685e+01,2.082348e+01,2.081652e+01,2.079562e+01,2.076079e+01,2.075382e+01,2.079562e+01,2.071200e+01,2.074685e+01,2.078169e+01,2.070502e+01,2.075382e+01,2.075382e+01,2.085830e+01,2.080259e+01,2.077472e+01,2.073291e+01
2.084437e+01,2.071897e+01,2.072594e+01,2.081652e+01,2.078866e+01,2.074685e+01,2.083045e+01,2.082348e+01,2.081652e+01,2.078169e+01,2.079562e+01,2.078169e+01,2.078169e+01,2.077472e+01,2.077472e+01,2.085830e+01,2.070502e+01,2.077472e+01,2.063528e+01,2.087222e+01,2.085134e+01,2.082348e+01,2.090006e+01,2.069805e+01,2.078169e+01,2.079562e+01,2.063528e+01,2.072594e+01,2.079562e+01,2.073988e+01,2.080955e+01,2.078866e+01,2.081652e+01,2.071897e+01,2.079562e+01,2.088614e+01,2.078866e+01,2.077472e+01,2.072594e+01,2.074685e+01,2.088614e+01,2.076079e+01,2.073291e+01,2.076775e+01,2.084437e+01,2.078169e+01,2.084437e+01,2.069108e+01,2.072594e+01,2.083045e+01,2.082348e+01,2.086526e+01,2.082348e+01,2.090702e+01,2.094876e+01,2.092789e+01,2.087222e+01,2.091398e+01,2.105999e+01,2.092789e+01,2.090006e+01,2.070502e+01,2.090702e+01,2.092093e+01,2.080955e+01,2.085830e+01,2.085134e+01,2.087918e+01,2.095572e+01,2.086526e+01,2.088614e+01,2.082348e+01,2.087918e+01,2.087222e+01,2.082348e+01,2.095572e+01,2.082348e+01,2.083045e+01,2.083045e+01,2.087222e+01,2.086526e+01,2.078866e+01,2.076079e+01,2.077472e+01,2.062132e+01,2.055152e+01,2.053755e+01,2.057246e+01,2.053755e+01,2.064923e+01,2.060736e+01,2.061434e+01,2.064225e+01,2.067016e+01,2.069805e+01,2.068410e+01,2.066318e+01,2.065621e+01,2.066318e+01,2.067713e+01,2.064225e+01,2.062830e+01,2.053057e+01,2.052358e+01,2.057944e+01,2.067016e+01,2.063528e+01,2.061434e+01,2.061434e+01,2.060039e+01,2.064225e+01,2.071897e+01,2.076775e+01,2.071897e+01,2.080955e+01,2.083045e+01,2.067713e+01,2.064923e+01,2.068410e+01,2.071200e+01,2.070502e+01,2.067713e+01,2.063528e+01,2.067713e+01,2.053755e+01,2.048865e+01,2.052358e+01,2.057944e+01,2.048166e+01,2.040477e+01,2.048865e+01,2.044672e+01,2.052358e+01,2.046769e+01,2.057944e+01,2.063528e+01,2.063528e+01,2.060736e+01,2.065621e+01,2.062132e+01,2.068410e+01,2.066318e+01,2.073988e+01,2.064225e+01,2.062830e+01,2.064923e+01,2.071897e+01,2.064923e+01,2.071200e+01,2.064225e+01,2.070502e+01,2.076079e+01,2.064923e+01,2.072594e+01,2.063528e+01,2.059340e+01,2.064923e+01,2.059340e+01,2.065621e+01,2.058643e+01,2.064923e+01,2.065621e+01,2.063528e+01,2.064225e+01,2.058643e+01,2.064923e+01,2.055850e+01,2.064923e+01,2.063528e+01,2.061434e+01,2.062830e+01,2.062830e+01,2.069108e+01,2.064225e+01,2.067016e+01,2.058643e+01,2.064923e+01,2.060736e+01,2.057944e+01,2.064923e+01,2.069805e+01,2.061434e+01,2.062830e+01,2.064225e+01,2.070502e+01,2.065621e+01,2.079562e+01,2.062132e+01,2.078169e+01,2.071200e+01,2.071897e+01,2.079562e+01,2.071200e+01,2.078169e+01,2.085134e+01,2.089310e+01,2.082348e+01,2.071897e+01,2.081652e+01,2.070502e+01,2.072594e+01,2.070502e+01,2.079562e+01,2.078169e+01,2.069805e+01,2.066318e+01,2.065621e+01,2.073291e+01,2.078169e+01,2.071200e+01,2.075382e+01,2.079562e+01,2.058643e+01,2.074685e+01,2.062132e+01,2.068410e+01,2.070502e+01,2.065621e+01,2.062830e+01,2.060736e+01,2.061434e+01,2.057246e+01,2.059340e+01,2.062132e+01,2.059340e+01,2.053057e+01,2.051660e+01,2.057944e+01,2.054453e+01,2.064923e+01,2.060039e+01,2.060736e+01,2.048865e+01,2.061434e+01,2.058643e+01,2.062830e+01,2.057944e+01,2.064225e+01,2.055152e+01,2.065621e+01,2.060039e+01,2.057944e+01,2.062132e+01,2.056548e+01,2.059340e+01,2.058643e+01,2.056548e+01,2.062830e+01,2.048865e+01,2.058643e+01,2.063528e+01,2.065621e+01,2.068410e+01,2.063528e+01,2.057944e+01,2.063528e+01,2.064923e+01,2.065621e+01,2.066318e+01,2.068410e+01,2.073291e+01,2.067713e+01,2.069805e+01,2.084437e+01,2.071200e+01,2.069108e+01,2.078866e+01,2.067016e+01,2.071897e+01,2.069805e+01,2.070502e+01,2.073291e+01,2.067713e+01,2.072594e+01,2.080955e+01,2.080259e+01,2.070502e+01,2.073988e+01,2.071200e+01,2.062830e+01,2.067016e+01,2.065621e+01,2.063528e+01,2.069108e+01,2.069108e+01,2.061434e+01,2.062830e+01,2.068410e+01,2.066318e+01,2.064225e+01,2.065621e+01,2.064923e+01,2.060039e+01,2.074685e+01,2.067016e+01,2.069805e+01,2.067713e+01,2.066318e+01,2.067016e+01,2.070502e+01,2.069805e+01,2.062132e+01,2.070502e+01,2.067713e+01,2.065621e+01,2.069108e+01,2.069108e+01,2.067016e+01,2.057246e+01,2.066318e+01,2.067016e+01,2.066318e+01,2.062830e+01,2.069108e+01,2.071200e+01,2.067713e+01,2.073291e+01,2.073988e+01,2.067713e+01,2.066318e+01,2.060039e+01,2.077472e+01,2.077472e+01,2.081652e+01,2.080259e+01,2.067713e+01,2.078169e+01,2.073988e+01,2.072594e+01,2.069108e+01,2.078169e+01,2.067713e+01,2.069108e+01,2.060039e+01,2.054453e+01,2.077472e+01,2.078866e+01,2.071200e+01,2.071897e+01,2.073291e+01,2.069108e+01,2.076079e+01,2.069805e+01,2.069108e+01,2.071897e+01,2.083045e+01,2.073291e+01,2.068410e+01,2.068410e+01,2.066318e+01,2.071897e+01,2.071200e+01,2.073291e+01,2.076079e+01,2.076079e+01,2.079562e+01,2.078169e+01,2.079562e+01,2.071897e+01,2.070502e+01,2.069805e+01,2.084437e+01,2.082348e+01,2.069805e+01,2.081652e+01,2.071200e+01,2.065621e+01,2.076079e+01,2.084437e+01,2.073291e+01,2.071897e+01,2.075382e+01,2.067713e+01,2.069805e+01,2.068410e+01,2.079562e+01,2.071897e+01,2.074685e+01,2.079562e+01,2.072594e+01,2.071200e+01,2.075382e+01,2.066318e+01,2.067016e+01,2.074685e+01,2.067713e+01,2.073291e+01,2.073291e+01,2.069108e+01,2.069805e+01,2.072594e+01,2.070502e+01,2.070502e+01,2.072594e+01,2.070502e+01,2.079562e+01,2.079562e+01,2.076079e+01,2.073291e+01,2.073291e+01,2.071897e+01,2.068410e+01,2.070502e+01,2.070502e+01,2.077472e+01,2.060039e+01,2.078169e+01,2.076775e+01,2.073988e+01,2.072594e+01,2.071897e+01,2.073988e+01,2.078866e+01,2.074685e+01,2.078866e+01,2.071897e+01,2.073988e+01,2.076775e+01,2.073988e+01,2.074685e+01,2.071897e+01,2.073291e+01,2.083045e+01,2.073988e+01,2.072594e+01,2.073988e+01,2.072594e+01,2.075382e+01,2.083045e+01,2.080259e+01,2.080955e+01,2.076079e+01,2.076079e+01,2.075382e+01,2.077472e+01,2.094180e+01,2.080955e+01,2.080259e+01,2.081652e+01,2.076079e+01,2.080955e+01,2.089310e+01,2.085134e+01,2.079562e+01,2.062830e+01,2.069805e+01,2.075382e+01,2.074685e+01,2.073291e+01,2.078866e+01,2.080955e+01,2.073291e+01,2.079562e+01,2.085134e+01,2.078866e+01,2.080955e+01,2.071200e+01,2.073988e+01,2.081652e+01,2.067016e+01,2.064225e+01,2.083741e+01,2.071897e+01,2.067016e+01,2.077472e+01,2.074685e+01,2.081652e+01,2.080955e+01,2.080259e+01,2.072594e+01,2.072594e+01,2.078866e+01,2.073988e+01,2.064225e+01,2.069805e+01,2.075382e+01,2.072594e+01,2.073291e+01,2.076079e+01,2.072594e+01,2.075382e+01,2.069108e+01,2.064225e+01,2.078169e+01,2.068410e+01,2.079562e+01,2.065621e+01,2.064923e+01,2.078866e+01,2.071200e+01,2.069108e+01,2.079562e+01,2.072594e+01,2.080955e+01,2.062132e+01,2.073988e+01,2.080259e+01,2.071897e+01,2.073291e+01,2.075382e+01,2.075382e+01,2.083045e+01,2.071897e+01,2.082348e+01,2.077472e+01,2.075382e+01,2.078866e+01,2.078866e+01,2.073988e+01,2.075382e+01,2.076079e+01,2.071897e+01,2.071897e+01,2.077472e+01,2.076079e+01,2.076775e+01,2.079562e+01,2.077472e+01,2.077472e+01,2.071897e+01,2.071897e+01,2.080259e+01,2.077472e+01,2.080259e+01,2.079562e+01,2.086526e+01,2.086526e+01,2.081652e+01,2.069805e+01,2.071897e+01,2.085134e+01,2.074685e+01,2.076775e+01,2.076079e+01,2.069108e+01,2.073988e+01,2.076079e+01,2.077472e+01,2.076775e+01,2.083045e+01,2.078866e+01,2.059340e+01,2.072594e+01,2.077472e+01,2.084437e+01,2.078169e+01,2.079562e+01,2.073988e+01,2.077472e+01,2.080259e+01,2.086526e+01,2.076079e+01,2.080259e+01,2.078866e+01,2.081652e+01,2.079562e+01,2.070502e+01,2.074685e+01,2.078169e+01,2.080259e+01,2.077472e+01,2.083045e+01,2.073291e+01,2.083045e+01,2.076775e+01,2.076079e+01,2.076775e+01,2.074685e+01,2.073988e+01,2.083045e+01,2.065621e+01,2.080955e+01,2.084437e+01,2.071200e+01,2.075382e+01,2.072594e+01,2.074685e+01,2.089310e+01,2.090702e+01,2.073988e+01,2.073291e+01,2.077472e+01,2.083741e+01,2.069108e+01,2.079562e+01,2.069805e+01,2.073988e+01,2.069805e+01,2.073988e+01,2.071200e+01,2.067713e+01,2.069805e+01,2.067016e+01,2.073988e+01,2.081652e+01,2.073291e+01,2.076079e+01,2.074685e+01,2.075382e+01,2.069805e+01,2.085830e+01,2.073988e+01,2.077472e+01,2.061434e+01,2.078866e+01,2.070502e+01,2.065621e+01,2.070502e+01,2.075382e+01,2.082348e+01,2.070502e+01,2.083045e+01,2.078169e+01,2.075382e+01,2.079562e+01,2.076775e+01,2.076775e+01,2.066318e+01,2.080955e+01,2.067016e+01,2.068410e+01,2.085830e+01,2.074685e+01,2.073291e+01,2.074685e+01,2.082348e+01,2.083045e+01,2.071200e+01,2.083045e+01,2.070502e+01,2.092093e+01,2.071897e+01,2.088614e+01,2.071897e+01,2.073291e+01,2.071897e+01,2.082348e+01,2.085830e+01,2.071200e+01,2.073291e+01
2.082348e+01,2.092789e+01,2.074685e+01,2.072594e+01,2.081652e+01,2.073291e+01,2.075382e+01,2.080259e+01,2.073291e+01,2.078866e+01,2.078866e+01,2.085830e+01,2.087222e+01,2.100439e+01,2.087918e+01,2.080259e+01,2.085830e+01,2.086526e+01,2.080259e+01,2.083741e+01,2.089310e+01,2.081652e+01,2.079562e+01,2.080955e+01,2.076079e+01,2.082348e+01,2.070502e+01,2.076775e+01,2.068410e+01,2.083741e+01,2.075382e+01,2.078169e+01,2.076079e+01,2.075382e+01,2.071897e+01,2.080955e+01,2.089310e+01,2.076775e+01,2.085830e+01,2.083741e+01,2.075382e+01,2.076775e+01,2.076079e+01,2.078866e+01,2.078866e+01,2.083741e+01,2.082348e+01,2.082348e+01,2.081652e+01,2.085134e+01,2.083045e+01,2.085134e+01,2.086526e+01,2.087918e+01,2.090702e+01,2.099048e+01,2.086526e+01,2.085134e+01,2.087918e+01,2.084437e+01,2.091398e+01,2.094876e+01,2.101134e+01,2.093485e+01,2.090006e+01,2.079562e+01,2.092789e+01,2.091398e+01,2.087222e+01,2.092789e+01,2.093485e+01,2.092789e+01,2.092093e+01,2.086526e+01,2.089310e+01,2.080259e+01,2.086526e+01,2.083741e+01,2.080955e+01,2.080259e+01,2.076775e+01,2.085830e+01,2.080259e+01,2.050262e+01,2.051660e+01,2.058643e+01,2.055850e+01,2.051660e+01,2.067713e+01,2.069108e+01,2.067016e+01,2.069108e+01,2.065621e+01,2.069108e+01,2.069108e+01,2.071200e+01,2.069805e+01,2.067713e+01,2.067713e+01,2.062132e+01,2.066318e+01,2.064225e+01,2.062830e+01,2.052358e+01,2.056548e+01,2.056548e+01,2.055152e+01,2.069108e+01,2.069805e+01,2.066318e+01,2.073291e+01,2.076079e+01,2.083045e+01,2.076775e+01,2.072594e+01,2.069805e+01,2.076079e+01,2.069108e+01,2.066318e+01,2.069108e+01,2.063528e+01,2.065621e+01,2.058643e+01,2.062132e+01,2.054453e+01,2.049564e+01,2.050262e+01,2.042575e+01,2.042575e+01,2.048865e+01,2.048166e+01,2.056548e+01,2.063528e+01,2.047468e+01,2.052358e+01,2.058643e+01,2.057246e+01,2.069108e+01,2.066318e+01,2.067016e+01,2.062132e+01,2.072594e+01,2.070502e+01,2.062132e+01,2.063528e+01,2.069108e+01,2.060736e+01,2.073988e+01,2.071897e+01,2.074685e+01,2.073291e+01,2.080259e+01,2.076775e+01,2.067713e+01,2.061434e+01,2.080259e+01,2.062830e+01,2.063528e+01,2.064225e+01,2.067713e+01,2.055152e+01,2.061434e+01,2.064225e+01,2.062132e+01,2.063528e+01,2.064923e+01,2.064225e+01,2.067016e+01,2.066318e+01,2.067016e+01,2.065621e+01,2.055850e+01,2.064923e+01,2.063528e+01,2.066318e+01,2.073291e+01,2.067016e+01,2.060039e+01,2.060736e+01,2.062132e+01,2.077472e+01,2.058643e+01,2.063528e+01,2.065621e+01,2.075382e+01,2.070502e+01,2.083045e+01,2.080259e+01,2.076775e+01,2.080259e+01,2.061434e+01,2.074685e+01,2.074685e+01,2.073988e+01,2.072594e+01,2.071897e+01,2.073291e+01,2.071897e+01,2.083741e+01,2.071897e+01,2.071200e+01,2.080259e+01,2.076775e+01,2.078866e+01,2.089310e+01,2.080259e+01,2.080955e+01,2.068410e+01,2.076775e+01,2.076079e+01,2.073291e+01,2.078169e+01,2.072594e+01,2.059340e+01,2.073291e+01,2.073291e+01,2.067713e+01,2.067016e+01,2.063528e+01,2.068410e+01,2.059340e+01,2.061434e+01,2.063528e+01,2.064225e+01,2.055850e+01,2.060039e+01,2.043973e+01,2.069108e+01,2.048166e+01,2.058643e+01,2.050262e+01,2.048166e+01,2.069805e+01,2.064225e+01,2.062830e+01,2.062830e+01,2.080259e+01,2.064225e+01,2.063528e+01,2.055850e+01,2.057246e+01,2.058643e+01,2.059340e+01,2.060736e+01,2.063528e+01,2.055850e+01,2.060039e+01,2.069805e+01,2.064225e+01,2.061434e+01,2.062132e+01,2.053057e+01,2.069108e+01,2.068410e+01,2.069805e+01,2.067713e+01,2.064923e+01,2.064923e+01,2.062830e+01,2.069108e+01,2.069805e+01,2.069108e+01,2.072594e+01,2.071897e+01,2.067016e+01,2.077472e+01,2.069108e+01,2.067016e+01,2.067713e+01,2.072594e+01,2.064225e+01,2.074685e+01,2.076775e+01,2.083741e+01,2.067016e+01,2.077472e+01,2.075382e+01,2.071200e+01,2.073291e+01,2.062830e+01,2.069805e+01,2.066318e+01,2.067016e+01,2.071200e+01,2.064225e+01,2.070502e+01,2.067016e+01,2.069108e+01,2.063528e+01,2.067016e+01,2.069805e+01,2.076079e+01,2.066318e+01,2.067016e+01,2.069805e+01,2.072594e+01,2.073988e+01,2.067713e+01,2.070502e+01,2.071200e+01,2.071897e+01,2.069805e+01,2.071200e+01,2.069108e+01,2.060039e+01,2.064923e+01,2.060039e+01,2.065621e+01,2.057246e+01,2.058643e+01,2.058643e+01,2.069108e+01,2.064225e+01,2.068410e+01,2.066318e+01,2.078866e+01,2.073988e+01,2.071897e+01,2.073988e+01,2.074685e+01,2.077472e+01,2.077472e+01,2.082348e+01,2.067016e+01,2.081652e+01,2.082348e+01,2.080259e+01,2.073291e+01,2.070502e+01,2.071897e+01,2.074685e+01,2.076079e+01,2.073988e+01,2.073988e+01,2.056548e+01,2.069805e+01,2.065621e+01,2.069805e+01,2.076775e+01,2.071897e+01,2.074685e+01,2.079562e+01,2.079562e+01,2.083045e+01,2.091398e+01,2.069805e+01,2.067713e+01,2.069108e+01,2.072594e+01,2.084437e+01,2.073988e+01,2.075382e+01,2.073988e+01,2.084437e+01,2.073988e+01,2.080955e+01,2.080955e+01,2.078169e+01,2.083741e+01,2.071897e+01,2.076079e+01,2.070502e+01,2.069805e+01,2.080955e+01,2.070502e+01,2.083741e+01,2.066318e+01,2.072594e+01,2.077472e+01,2.079562e+01,2.078866e+01,2.078169e+01,2.073988e+01,2.077472e+01,2.081652e+01,2.069108e+01,2.079562e+01,2.072594e+01,2.078169e+01,2.076079e+01,2.071897e+01,2.071200e+01,2.081652e+01,2.073291e+01,2.071200e+01,2.067713e+01,2.082348e+01,2.079562e+01,2.068410e+01,2.073988e+01,2.075382e+01,2.083045e+01,2.076079e+01,2.076775e+01,2.078866e+01,2.075382e+01,2.061434e+01,2.083741e+01,2.076775e+01,2.075382e+01,2.085830e+01,2.081652e+01,2.075382e+01,2.086526e+01,2.078866e+01,2.071897e+01,2.076079e+01,2.077472e+01,2.071897e+01,2.079562e+01,2.076775e+01,2.073291e+01,2.075382e+01,2.072594e+01,2.080259e+01,2.074685e+01,2.073988e+01,2.071200e+01,2.075382e+01,2.073291e+01,2.061434e+01,2.071897e+01,2.071897e+01,2.085830e+01,2.076079e+01,2.076079e+01,2.076079e+01,2.083045e+01,2.078866e+01,2.078169e+01,2.085134e+01,2.079562e+01,2.078169e+01,2.075382e+01,2.073291e+01,2.076079e+01,2.073988e+01,2.080259e+01,2.075382e+01,2.074685e+01,2.080955e+01,2.073988e+01,2.081652e+01,2.076079e+01,2.076079e+01,2.078169e+01,2.069805e+01,2.086526e+01,2.080955e+01,2.073988e+01,2.067016e+01,2.082348e+01,2.060039e+01,2.081652e+01,2.069108e+01,2.072594e+01,2.076079e+01,2.078169e+01,2.078169e+01,2.085134e+01,2.085134e+01,2.086526e+01,2.066318e+01,2.076775e+01,2.067016e+01,2.074685e+01,2.080955e+01,2.080955e+01,2.083741e+01,2.082348e+01,2.080259e+01,2.074685e+01,2.071200e+01,2.078169e+01,2.075382e+01,2.070502e+01,2.073291e+01,2.073291e+01,2.065621e+01,2.081652e+01,2.083045e+01,2.083741e+01,2.083741e+01,2.080259e+01,2.065621e+01,2.077472e+01,2.077472e+01,2.075382e+01,2.079562e+01,2.076079e+01,2.080955e+01,2.074685e+01,2.072594e+01,2.075382e+01,2.062132e+01,2.082348e+01,2.085134e+01,2.080955e+01,2.073291e+01,2.083741e+01,2.078866e+01,2.087918e+01,2.083741e+01,2.086526e+01,2.078866e+01,2.083741e+01,2.081652e+01,2.082348e+01,2.083741e+01,2.068410e+01,2.076775e+01,2.079562e+01,2.077472e+01,2.074685e+01,2.090006e+01,2.077472e+01,2.081652e+01,2.070502e+01,2.078866e+01,2.073291e+01,2.075382e+01,2.075382e+01,2.085830e+01,2.076775e+01,2.071897e+01,2.073988e+01,2.077472e+01,2.075382e+01,2.086526e+01,2.071897e+01,2.090006e+01,2.081652e+01,2.069108e+01,2.090006e+01,2.076775e+01,2.072594e+01,2.071897e+01,2.056548e+01,2.077472e+01,2.080259e+01,2.073988e+01,2.078169e+01,2.083045e+01,2.087222e+01,2.083045e+01,2.073988e+01,2.073988e+01,2.081652e+01,2.083045e+01,2.069108e+01,2.083741e+01,2.068410e+01,2.084437e+01,2.071897e+01,2.084437e+01,2.081652e+01,2.071200e+01,2.071200e+01,2.079562e+01,2.078169e+01,2.078169e+01,2.079562e+01,2.073291e+01,2.082348e+01,2.077472e+01,2.067016e+01,2.069805e+01,2.071200e+01,2.077472e+01,2.078169e+01,2.064923e+01,2.083741e+01,2.075382e+01,2.071897e+01,2.071897e+01,2.064923e+01,2.078866e+01,2.089310e+01,2.078169e+01,2.087918e+01,2.078866e+01,2.083741e+01,2.073291e+01,2.078866e+01,2.076775e+01,2.071897e+01,2.076775e+01,2.075382e+01,2.069108e+01,2.074685e+01,2.076775e+01,2.073291e+01,2.073988e+01,2.078169e+01,2.079562e+01,2.074685e+01,2.080955e+01,2.081652e+01,2.069108e+01,2.067713e+01,2.070502e+01,2.080259e+01,2.084437e+01,2.083741e+01,2.062830e+01,2.081652e+01,2.070502e+01,2.079562e+01,2.084437e+01,2.068410e+01,2.067713e+01,2.074685e+01,2.076079e+01,2.075382e+01,2.075382e+01,2.078169e+01,2.080259e+01,2.073988e+01,2.074685e+01,2.069805e+01,2.082348e+01,2.083045e+01,2.073988e+01,2.076079e+01,2.071200e+01,2.084437e+01,2.084437e+01,2.082348e+01,2.092789e+01,2.084437e+01,2.090702e+01,2.069805e+01,2.072594e+01,2.076079e+01,2.066318e+01,2.084437e+01,2.082348e+01,2.078169e+01,2.078866e+01,2.094180e+01
2.090006e+01,2.082348e+01,2.076079e+01,2.084437e+01,2.080259e+01,2.085134e+01,2.085134e+01,2.083045e+01,2.076079e+01,2.083741e+01,2.078866e+01,2.094180e+01,2.078866e+01,2.098353e+01,2.099048e+01,2.080259e+01,2.085134e+01,2.080259e+01,2.085830e+01,2.085134e+01,2.085830e+01,2.089310e+01,2.084437e+01,2.081652e+01,2.087918e+01,2.094876e+01,2.082348e+01,2.073291e+01,2.083741e+01,2.085830e+01,2.072594e+01,2.086526e+01,2.088614e+01,2.090702e+01,2.089310e+01,2.076775e+01,2.074685e+01,2.079562e+01,2.077472e+01,2.081652e+01,2.073291e+01,2.084437e+01,2.079562e+01,2.096962e+01,2.070502e+01,2.071897e+01,2.069805e+01,2.081652e+01,2.085134e+01,2.089310e+01,2.078169e+01,2.089310e+01,2.087222e+01,2.080259e+01,2.084437e+01,2.100439e+01,2.086526e+01,2.086526e+01,2.091398e+01,2.087918e+01,2.101829e+01,2.090702e+01,2.092789e+01,2.095572e+01,2.092789e+01,2.092789e+01,2.093485e+01,2.091398e+01,2.092093e+01,2.089310e+01,2.090006e+01,2.087918e+01,2.097658e+01,2.098353e+01,2.089310e+01,2.061434e+01,2.085134e+01,2.082348e+01,2.082348e+01,2.081652e+01,2.084437e+01,2.079562e+01,2.066318e+01,2.050961e+01,2.050262e+01,2.044672e+01,2.048166e+01,2.056548e+01,2.061434e+01,2.059340e+01,2.060736e+01,2.065621e+01,2.060736e+01,2.066318e+01,2.067713e+01,2.072594e+01,2.067016e+01,2.070502e+01,2.067713e+01,2.068410e+01,2.063528e+01,2.062830e+01,2.064923e+01,2.061434e+01,2.057246e+01,2.064923e+01,2.060039e+01,2.063528e+01,2.061434e+01,2.064923e+01,2.073988e+01,2.073291e+01,2.071897e+01,2.073291e+01,2.072594e+01,2.074685e+01,2.071200e+01,2.074685e+01,2.073291e+01,2.069108e+01,2.077472e+01,2.067016e+01,2.069805e+01,2.060736e+01,2.063528e+01,2.058643e+01,2.046769e+01,2.048166e+01,2.061434e+01,2.053057e+01,2.049564e+01,2.067713e+01,2.069805e+01,2.062132e+01,2.064225e+01,2.050961e+01,2.058643e+01,2.067016e+01,2.066318e+01,2.064923e+01,2.062132e+01,2.073291e+01,2.062830e+01,2.069805e+01,2.066318e+01,2.066318e+01,2.062132e+01,2.069805e+01,2.067016e+01,2.073291e+01,2.078866e+01,2.076079e+01,2.069108e+01,2.060039e+01,2.062132e+01,2.064923e+01,2.064923e+01,2.062132e+01,2.064225e+01,2.064923e+01,2.059340e+01,2.050961e+01,2.060736e+01,2.059340e+01,2.063528e+01,2.071897e+01,2.065621e+01,2.072594e+01,2.065621e+01,2.062132e+01,2.068410e+01,2.057246e+01,2.062132e+01,2.067713e+01,2.055850e+01,2.066318e+01,2.066318e+01,2.064923e+01,2.060039e+01,2.059340e+01,2.066318e+01,2.064923e+01,2.067016e+01,2.065621e+01,2.068410e+01,2.069108e+01,2.073291e+01,2.078169e+01,2.079562e+01,2.076079e+01,2.079562e+01,2.073988e+01,2.077472e+01,2.071200e+01,2.074685e+01,2.073291e+01,2.074685e+01,2.075382e+01,2.078866e+01,2.081652e+01,2.076775e+01,2.071200e+01,2.078169e+01,2.077472e+01,2.077472e+01,2.073988e+01,2.067713e+01,2.073291e+01,2.072594e+01,2.075382e+01,2.071897e+01,2.072594e+01,2.072594e+01,2.058643e+01,2.063528e+01,2.068410e+01,2.064923e+01,2.063528e+01,2.062830e+01,2.061434e+01,2.062830e+01,2.060039e+01,2.050961e+01,2.053755e+01,2.057944e+01,2.062830e+01,2.063528e+01,2.053755e+01,2.050961e+01,2.060039e+01,2.046070e+01,2.053755e+01,2.055152e+01,2.055152e+01,2.060039e+01,2.062132e+01,2.064923e+01,2.067016e+01,2.064225e+01,2.067016e+01,2.063528e+01,2.061434e+01,2.064225e+01,2.053057e+01,2.055850e+01,2.069108e+01,2.067016e+01,2.064225e+01,2.064225e+01,2.066318e+01,2.076079e+01,2.067016e+01,2.068410e+01,2.068410e+01,2.067016e+01,2.074685e+01,2.072594e+01,2.069108e+01,2.073988e+01,2.071897e+01,2.070502e+01,2.083045e+01,2.077472e+01,2.075382e+01,2.054453e+01,2.073988e+01,2.073988e+01,2.069108e+01,2.076079e+01,2.080259e+01,2.073291e+01,2.069108e+01,2.081652e+01,2.064923e+01,2.068410e+01,2.067713e+01,2.072594e+01,2.067016e+01,2.071897e+01,2.063528e+01,2.069108e+01,2.071200e+01,2.065621e+01,2.072594e+01,2.067016e+01,2.067713e+01,2.070502e+01,2.062830e+01,2.069108e+01,2.067016e+01,2.069108e+01,2.067016e+01,2.073988e+01,2.067713e+01,2.059340e+01,2.067713e+01,2.068410e+01,2.064225e+01,2.069108e+01,2.071897e+01,2.060736e+01,2.069805e+01,2.069108e+01,2.066318e+01,2.064225e+01,2.062132e+01,2.067713e+01,2.071897e+01,2.064225e+01,2.060039e+01,2.064225e+01,2.065621e+01,2.069805e+01,2.062830e+01,2.067016e+01,2.067713e+01,2.067713e+01,2.078169e+01,2.076775e+01,2.078169e+01,2.073291e+01,2.076775e+01,2.073988e+01,2.068410e+01,2.075382e+01,2.086526e+01,2.076079e+01,2.071897e+01,2.081652e+01,2.077472e+01,2.076775e+01,2.070502e+01,2.069805e+01,2.075382e+01,2.076775e+01,2.076775e+01,2.078866e+01,2.079562e+01,2.067713e+01,2.076079e+01,2.073291e+01,2.078866e+01,2.076775e+01,2.078866e+01,2.080955e+01,2.071897e+01,2.074685e+01,2.074685e+01,2.068410e+01,2.071897e+01,2.071200e+01,2.083741e+01,2.070502e+01,2.078866e+01,2.077472e+01,2.066318e+01,2.072594e+01,2.072594e+01,2.074685e+01,2.071200e+01,2.075382e+01,2.071897e+01,2.082348e+01,2.081652e+01,2.080955e+01,2.083045e+01,2.080259e+01,2.075382e+01,2.076079e+01,2.071897e+01,2.076079e+01,2.080259e+01,2.076775e+01,2.071200e+01,2.065621e+01,2.073291e+01,2.081652e+01,2.082348e+01,2.073988e+01,2.070502e+01,2.073291e+01,2.072594e+01,2.083741e+01,2.079562e+01,2.064923e+01,2.064923e+01,2.084437e+01,2.067713e+01,2.081652e+01,2.077472e+01,2.073988e+01,2.075382e+01,2.074685e+01,2.073291e+01,2.076079e+01,2.082348e+01,2.074685e+01,2.087918e+01,2.076775e+01,2.082348e+01,2.073988e+01,2.073988e+01,2.073291e+01,2.073988e+01,2.081652e+01,2.071897e+01,2.092789e+01,2.076775e+01,2.070502e+01,2.077472e+01,2.074685e+01,2.085830e+01,2.078169e+01,2.074685e+01,2.073291e+01,2.073291e+01,2.078169e+01,2.082348e+01,2.078866e+01,2.074685e+01,2.072594e+01,2.081652e+01,2.078866e+01,2.080955e+01,2.073988e+01,2.076079e+01,2.084437e+01,2.074685e+01,2.083045e+01,2.071897e+01,2.080955e+01,2.078169e+01,2.076775e+01,2.083741e+01,2.094180e+01,2.076775e+01,2.076775e+01,2.080955e+01,2.076079e+01,2.071200e+01,2.069805e+01,2.074685e+01,2.069108e+01,2.075382e+01,2.083045e+01,2.092093e+01,2.073291e+01,2.090702e+01,2.078866e+01,2.064225e+01,2.083045e+01,2.082348e+01,2.075382e+01,2.079562e+01,2.078866e+01,2.080955e+01,2.078866e+01,2.071897e+01,2.078866e+01,2.084437e+01,2.077472e+01,2.082348e+01,2.071897e+01,2.075382e+01,2.077472e+01,2.080259e+01,2.075382e+01,2.078866e+01,2.080955e+01,2.083741e+01,2.079562e+01,2.080955e+01,2.075382e+01,2.081652e+01,2.083741e+01,2.080955e+01,2.076775e+01,2.084437e+01,2.079562e+01,2.075382e+01,2.074685e+01,2.077472e+01,2.064225e+01,2.075382e+01,2.076775e+01,2.076079e+01,2.076079e+01,2.074685e+01,2.076775e+01,2.077472e+01,2.071200e+01,2.077472e+01,2.076775e+01,2.074685e+01,2.073988e+01,2.072594e+01,2.078866e+01,2.078169e+01,2.077472e+01,2.073291e+01,2.074685e+01,2.072594e+01,2.080955e+01,2.069805e+01,2.081652e+01,2.072594e+01,2.075382e+01,2.080259e+01,2.087222e+01,2.083741e+01,2.076775e+01,2.075382e+01,2.071897e+01,2.081652e+01,2.080955e+01,2.082348e+01,2.078866e+01,2.083045e+01,2.074685e+01,2.069108e+01,2.080259e+01,2.075382e+01,2.080259e+01,2.084437e+01,2.074685e+01,2.073291e+01,2.076079e+01,2.066318e+01,2.097658e+01,2.077472e+01,2.072594e+01,2.070502e+01,2.073988e+01,2.077472e+01,2.078866e+01,2.066318e+01,2.080259e+01,2.088614e+01,2.066318e+01,2.066318e+01,2.073291e+01,2.086526e+01,2.060736e+01,2.071200e+01,2.080955e+01,2.080955e+01,2.080259e+01,2.087222e+01,2.079562e+01,2.083741e+01,2.073988e+01,2.064225e+01,2.073291e+01,2.076079e+01,2.073291e+01,2.071897e+01,2.080259e+01,2.080259e+01,2.082348e+01,2.076775e+01,2.076079e+01,2.076775e+01,2.074685e+01,2.082348e+01,2.084437e+01,2.082348e+01,2.069805e+01,2.072594e+01,2.084437e+01,2.080955e+01,2.082348e+01,2.079562e+01,2.072594e+01,2.083045e+01,2.075382e+01,2.074685e+01,2.071897e+01,2.075382e+01,2.086526e+01,2.073291e+01,2.087222e+01,2.082348e+01,2.079562e+01,2.083741e+01,2.076079e+01,2.080259e+01,2.078169e+01,2.070502e+01,2.067713e+01,2.073988e+01,2.084437e+01,2.075382e+01,2.080955e+01,2.080955e+01,2.069108e+01,2.060736e+01,2.071200e+01,2.071200e+01,2.092093e+01,2.067713e+01,2.073291e+01,2.074685e+01,2.072594e+01,2.073291e+01,2.065621e+01,2.064923e+01,2.083045e+01,2.073291e+01,2.074685e+01,2.085134e+01,2.073988e+01,2.077472e+01,2.075382e+01,2.076079e+01,2.076079e+01,2.071200e+01,2.075382e+01,2.076079e+01,2.076079e+01,2.075382e+01,2.073291e+01,2.089310e+01,2.081652e+01,2.068410e+01,2.087918e+01,2.075382e+01,2.075382e+01,2.079562e+01,2.082348e+01,2.085134e+01,2.069108e+01,2.071200e+01,2.082348e+01,2.090702e+01,2.073291e+01,2.085134e+01,2.087222e+01,2.068410e+01,2.070502e+01,2.085830e+01
2.081652e+01,2.087222e+01,2.080259e+01,2.088614e+01,2.078866e+01,2.085134e+01,2.082348e+01,2.082348e+01,2.074685e+01,2.071897e+01,2.089310e+01,2.092093e+01,2.093485e+01,2.088614e+01,2.085134e+01,2.087222e+01,2.084437e+01,2.102524e+01,2.079562e+01,2.083741e+01,2.082348e+01,2.085830e+01,2.080259e+01,2.079562e+01,2.076079e+01,2.079562e+01,2.082348e+01,2.080259e+01,2.082348e+01,2.089310e+01,2.083741e+01,2.080259e+01,2.077472e+01,2.089310e+01,2.077472e+01,2.086526e+01,2.080955e+01,2.085830e+01,2.078866e+01,2.083045e+01,2.080955e+01,2.078866e+01,2.075382e+01,2.084437e+01,2.085830e+01,2.090006e+01,2.083741e+01,2.092093e+01,2.087918e+01,2.082348e+01,2.089310e+01,2.087222e+01,2.092093e+01,2.089310e+01,2.078169e+01,2.085830e+01,2.085134e+01,2.092789e+01,2.096267e+01,2.090006e+01,2.096267e+01,2.094876e+01,2.092789e+01,2.092093e+01,2.091398e+01,2.094180e+01,2.091398e+01,2.091398e+01,2.103219e+01,2.100439e+01,2.090702e+01,2.097658e+01,2.096267e+01,2.086526e+01,2.087222e+01,2.090702e+01,2.087222e+01,2.094180e+01,2.082348e+01,2.080955e+01,2.079562e+01,2.062830e+01,2.041176e+01,2.046769e+01,2.041875e+01,2.042575e+01,2.042575e+01,2.048865e+01,2.041176e+01,2.067713e+01,2.061434e+01,2.065621e+01,2.060736e+01,2.067713e+01,2.060736e+01,2.069805e+01,2.069805e+01,2.068410e+01,2.071200e+01,2.068410e+01,2.061434e+01,2.064225e+01,2.066318e+01,2.052358e+01,2.061434e+01,2.063528e+01,2.062830e+01,2.063528e+01,2.065621e+01,2.073988e+01,2.066318e+01,2.071200e+01,2.076079e+01,2.075382e+01,2.074685e+01,2.070502e+01,2.073988e+01,2.073291e+01,2.068410e+01,2.066318e+01,2.058643e+01,2.069108e+01,2.061434e+01,2.064923e+01,2.061434e+01,2.060736e+01,2.053057e+01,2.055152e+01,2.056548e+01,2.047468e+01,2.051660e+01,2.064923e+01,2.064225e+01,2.054453e+01,2.066318e+01,2.065621e+01,2.063528e+01,2.063528e+01,2.065621e+01,2.063528e+01,2.067016e+01,2.069805e+01,2.064225e+01,2.066318e+01,2.064225e+01,2.067713e+01,2.063528e+01,2.065621e+01,2.062830e+01,2.064923e+01,2.073291e+01,2.070502e+01,2.066318e+01,2.067713e+01,2.063528e+01,2.062830e+01,2.076079e+01,2.063528e+01,2.064225e+01,2.064923e+01,2.053057e+01,2.067016e+01,2.071200e+01,2.067016e+01,2.067016e+01,2.071200e+01,2.067713e+01,2.068410e+01,2.070502e+01,2.063528e+01,2.063528e+01,2.059340e+01,2.059340e+01,2.060736e+01,2.069805e+01,2.064923e+01,2.063528e+01,2.063528e+01,2.062830e+01,2.066318e+01,2.076079e+01,2.067016e+01,2.073291e+01,2.064225e+01,2.078866e+01,2.069108e+01,2.079562e+01,2.070502e+01,2.078169e+01,2.079562e+01,2.069108e+01,2.071200e+01,2.073988e+01,2.078169e+01,2.076775e+01,2.072594e+01,2.078866e+01,2.077472e+01,2.070502e+01,2.076079e+01,2.078169e+01,2.081652e+01,2.078866e+01,2.074685e+01,2.077472e+01,2.075382e+01,2.071897e+01,2.083741e+01,2.077472e+01,2.073988e+01,2.077472e+01,2.067016e+01,2.072594e+01,2.069108e+01,2.064225e+01,2.066318e+01,2.064225e+01,2.064923e+01,2.059340e+01,2.064225e+01,2.051660e+01,2.057944e+01,2.051660e+01,2.058643e+01,2.064225e+01,2.045371e+01,2.062830e+01,2.060736e+01,2.044672e+01,2.063528e+01,2.060039e+01,2.062132e+01,2.056548e+01,2.053057e+01,2.056548e+01,2.064225e+01,2.060736e+01,2.064225e+01,2.062132e+01,2.064225e+01,2.063528e+01,2.060039e+01,2.073988e+01,2.059340e+01,2.060736e+01,2.069108e+01,2.059340e+01,2.071897e+01,2.064923e+01,2.065621e+01,2.062132e+01,2.065621e+01,2.062132e+01,2.065621e+01,2.067016e+01,2.066318e+01,2.080259e+01,2.069805e+01,2.069805e+01,2.072594e+01,2.077472e+01,2.071200e+01,2.090006e+01,2.074685e+01,2.078866e+01,2.086526e+01,2.072594e+01,2.079562e+01,2.076775e+01,2.078866e+01,2.075382e+01,2.086526e+01,2.068410e+01,2.071897e+01,2.080259e+01,2.076775e+01,2.071897e+01,2.063528e+01,2.069805e+01,2.069805e+01,2.071200e+01,2.070502e+01,2.067713e+01,2.069805e+01,2.076079e+01,2.060736e+01,2.073291e+01,2.062830e+01,2.064923e+01,2.060736e+01,2.066318e+01,2.066318e+01,2.067016e+01,2.068410e+01,2.055850e+01,2.067016e+01,2.058643e+01,2.061434e+01,2.067016e+01,2.048865e+01,2.080955e+01,2.076079e+01,2.067713e+01,2.069805e+01,2.069805e+01,2.057944e+01,2.068410e+01,2.070502e+01,2.066318e+01,2.062830e+01,2.073988e+01,2.065621e+01,2.068410e+01,2.063528e+01,2.069805e+01,2.071200e+01,2.076775e+01,2.080259e+01,2.080259e+01,2.074685e+01,2.074685e+01,2.076079e+01,2.074685e+01,2.072594e+01,2.087222e+01,2.085830e+01,2.088614e+01,2.088614e+01,2.085134e+01,2.077472e+01,2.070502e+01,2.075382e+01,2.074685e+01,2.063528e+01,2.085134e+01,2.073291e+01,2.072594e+01,2.075382e+01,2.072594e+01,2.071200e+01,2.076079e+01,2.080955e+01,2.073988e+01,2.080955e+01,2.079562e+01,2.077472e+01,2.076079e+01,2.072594e+01,2.080259e+01,2.078866e+01,2.072594e+01,2.073988e+01,2.076079e+01,2.073291e+01,2.069108e+01,2.078169e+01,2.086526e+01,2.083741e+01,2.078866e+01,2.074685e+01,2.073988e+01,2.079562e+01,2.073291e+01,2.075382e+01,2.083045e+01,2.078866e+01,2.075382e+01,2.077472e+01,2.075382e+01,2.078169e+01,2.076775e+01,2.071200e+01,2.076775e+01,2.081652e+01,2.076079e+01,2.075382e+01,2.082348e+01,2.080259e+01,2.079562e+01,2.083045e+01,2.075382e+01,2.073988e+01,2.078866e+01,2.082348e+01,2.067016e+01,2.067016e+01,2.085830e+01,2.074685e+01,2.089310e+01,2.071200e+01,2.074685e+01,2.077472e+01,2.076079e+01,2.077472e+01,2.075382e+01,2.073291e+01,2.073988e+01,2.083045e+01,2.067713e+01,2.082348e+01,2.073988e+01,2.076079e+01,2.076775e+01,2.076079e+01,2.061434e+01,2.073988e+01,2.076775e+01,2.073988e+01,2.078866e+01,2.080955e+01,2.065621e+01,2.078866e+01,2.077472e+01,2.076079e+01,2.077472e+01,2.080259e+01,2.078866e+01,2.086526e+01,2.073291e+01,2.078169e+01,2.078169e+01,2.072594e+01,2.082348e+01,2.080259e+01,2.073988e+01,2.079562e+01,2.083045e+01,2.073291e+01,2.085830e+01,2.073988e+01,2.070502e+01,2.070502e+01,2.075382e+01,2.076775e+01,2.083741e+01,2.080259e+01,2.073291e+01,2.078866e+01,2.079562e+01,2.064923e+01,2.075382e+01,2.078866e+01,2.072594e+01,2.088614e+01,2.072594e+01,2.072594e+01,2.064225e+01,2.071897e+01,2.084437e+01,2.073988e+01,2.078169e+01,2.082348e+01,2.078866e+01,2.080955e+01,2.078866e+01,2.076775e+01,2.078169e+01,2.073988e+01,2.082348e+01,2.083045e+01,2.092093e+01,2.079562e+01,2.077472e+01,2.076775e+01,2.077472e+01,2.079562e+01,2.083741e+01,2.082348e+01,2.090702e+01,2.078866e+01,2.074685e+01,2.087918e+01,2.071897e+01,2.076079e+01,2.073988e+01,2.073988e+01,2.086526e+01,2.073988e+01,2.075382e+01,2.069805e+01,2.073988e+01,2.078866e+01,2.074685e+01,2.082348e+01,2.077472e+01,2.079562e+01,2.076079e+01,2.080259e+01,2.076079e+01,2.073988e+01,2.074685e+01,2.075382e+01,2.079562e+01,2.076079e+01,2.075382e+01,2.080259e+01,2.083045e+01,2.076775e+01,2.081652e+01,2.084437e+01,2.078866e+01,2.078169e+01,2.085830e+01,2.067016e+01,2.083045e+01,2.086526e+01,2.087222e+01,2.073291e+01,2.081652e+01,2.076775e+01,2.090006e+01,2.070502e+01,2.080259e+01,2.081652e+01,2.083741e+01,2.071200e+01,2.071897e+01,2.079562e+01,2.072594e+01,2.073988e+01,2.085830e+01,2.083741e+01,2.085830e+01,2.086526e+01,2.077472e+01,2.087222e+01,2.084437e+01,2.111555e+01,2.082348e+01,2.086526e+01,2.087222e+01,2.071200e+01,2.075382e+01,2.071897e+01,2.075382e+01,2.088614e+01,2.078866e+01,2.084437e+01,2.073291e+01,2.077472e+01,2.063528e+01,2.078169e+01,2.081652e+01,2.083045e+01,2.080259e+01,2.081652e+01,2.080259e+01,2.083741e+01,2.088614e+01,2.083741e+01,2.085830e+01,2.085134e+01,2.071897e+01,2.079562e+01,2.080259e+01,2.078169e+01,2.084437e+01,2.071897e+01,2.075382e+01,2.073291e+01,2.074685e+01,2.083045e+01,2.073291e+01,2.087222e+01,2.083741e+01,2.083741e+01,2.081652e+01,2.082348e+01,2.078866e+01,2.074685e+01,2.079562e+01,2.075382e+01,2.073988e+01,2.070502e+01,2.076079e+01,2.072594e+01,2.078866e+01,2.078169e+01,2.076079e+01,2.083045e+01,2.087222e+01,2.085830e+01,2.079562e+01,2.080955e+01,2.078866e+01,2.081652e+01,2.074685e+01,2.069108e+01,2.068410e+01,2.074685e+01,2.069108e+01,2.080955e+01,2.073988e+01,2.075382e+01,2.099744e+01,2.075382e+01,2.078866e+01,2.080259e+01,2.078866e+01,2.068410e+01,2.071200e+01,2.073291e+01,2.084437e+01,2.071200e+01,2.078169e+01,2.068410e+01,2.078169e+01,2.082348e+01,2.079562e+01,2.081652e+01,2.085134e+01,2.072594e+01,2.077472e+01,2.075382e+01,2.076079e+01,2.082348e+01,2.069108e+01,2.086526e+01,2.080259e+01,2.074685e+01,2.071200e+01,2.087222e+01,2.077472e+01,2.079562e+01,2.080259e+01,2.077472e+01,2.084437e+01,2.083045e+01,2.087222e+01,2.083741e+01,2.075382e+01,2.078866e+01,2.061434e+01,2.061434e+01,2.079562e+01,2.071200e+01,2.083045e+01,2.076079e+01,2.085134e+01,2.082348e+01
2.080955e+01,2.082348e+01,2.080955e+01,2.085830e+01,2.088614e+01,2.086526e+01,2.085830e+01,2.073291e+01,2.080955e+01,2.074685e+01,2.078169e+01,2.078169e+01,2.092093e+01,2.081652e+01,2.080259e+01,2.088614e+01,2.094876e+01,2.081652e+01,2.090702e+01,2.074685e+01,2.087222e+01,2.085134e+01,2.086526e+01,2.079562e+01,2.078866e+01,2.092789e+01,2.089310e+01,2.081652e+01,2.083741e+01,2.081652e+01,2.084437e+01,2.082348e+01,2.099048e+01,2.081652e+01,2.097658e+01,2.087222e+01,2.069108e+01,2.085830e+01,2.072594e+01,2.072594e+01,2.085830e+01,2.083741e+01,2.078169e+01,2.085830e+01,2.083045e+01,2.083045e+01,2.084437e+01,2.077472e+01,2.075382e+01,2.073988e+01,2.087222e+01,2.080259e+01,2.094876e+01,2.081652e+01,2.090702e+01,2.091398e+01,2.112944e+01,2.091398e+01,2.103914e+01,2.096267e+01,2.090006e+01,2.092093e+01,2.098353e+01,2.095572e+01,2.093485e+01,2.094876e+01,2.093485e+01,2.093485e+01,2.099048e+01,2.103219e+01,2.078169e+01,2.093485e+01,2.105304e+01,2.091398e+01,2.090006e+01,2.090006e+01,2.093485e+01,2.079562e+01,2.080955e+01,2.076775e+01,2.054453e+01,2.069805e+01,2.029282e+01,2.042575e+01,2.043973e+01,2.040477e+01,2.045371e+01,2.055152e+01,2.053755e+01,2.068410e+01,2.073988e+01,2.070502e+01,2.067016e+01,2.065621e+01,2.064225e+01,2.060039e+01,2.068410e+01,2.069805e+01,2.071200e+01,2.061434e+01,2.071897e+01,2.056548e+01,2.064923e+01,2.062132e+01,2.067713e+01,2.067713e+01,2.064225e+01,2.067713e+01,2.065621e+01,2.078169e+01,2.082348e+01,2.073291e+01,2.080955e+01,2.076079e+01,2.073291e+01,2.070502e+01,2.073291e+01,2.069108e+01,2.077472e+01,2.071897e+01,2.071200e+01,2.067713e+01,2.063528e+01,2.066318e+01,2.061434e+01,2.043973e+01,2.057944e+01,2.060039e+01,2.049564e+01,2.063528e+01,2.071200e+01,2.066318e+01,2.070502e+01,2.067016e+01,2.067016e+01,2.064923e+01,2.060736e+01,2.064225e+01,2.074685e+01,2.070502e+01,2.071897e+01,2.078866e+01,2.068410e+01,2.064225e+01,2.060736e+01,2.080259e+01,2.061434e+01,2.062132e+01,2.062132e+01,2.078169e+01,2.079562e+01,2.069108e+01,2.068410e+01,2.060736e+01,2.059340e+01,2.069805e+01,2.068410e+01,2.069108e+01,2.062830e+01,2.064225e+01,2.058643e+01,2.060039e+01,2.061434e+01,2.064225e+01,2.071200e+01,2.063528e+01,2.049564e+01,2.071200e+01,2.069108e+01,2.065621e+01,2.064225e+01,2.059340e+01,2.059340e+01,2.063528e+01,2.061434e+01,2.063528e+01,2.055152e+01,2.067713e+01,2.066318e+01,2.075382e+01,2.067713e+01,2.072594e+01,2.073988e+01,2.071897e+01,2.070502e+01,2.071200e+01,2.071200e+01,2.071897e+01,2.078169e+01,2.087222e+01,2.066318e+01,2.079562e+01,2.071897e+01,2.076079e+01,2.075382e+01,2.073988e+01,2.073291e+01,2.076079e+01,2.083045e+01,2.080259e+01,2.076079e+01,2.080259e+01,2.077472e+01,2.078169e+01,2.078866e+01,2.078169e+01,2.076079e+01,2.068410e+01,2.067016e+01,2.080259e+01,2.076079e+01,2.069805e+01,2.076775e+01,2.067016e+01,2.067016e+01,2.069108e+01,2.064923e+01,2.060736e+01,2.060039e+01,2.067016e+01,2.058643e+01,2.059340e+01,2.051660e+01,2.050262e+01,2.057944e+01,2.050262e+01,2.060736e+01,2.052358e+01,2.048865e+01,2.057246e+01,2.057944e+01,2.057246e+01,2.053057e+01,2.057944e+01,2.067713e+01,2.055850e+01,2.063528e+01,2.064225e+01,2.064225e+01,2.065621e+01,2.062132e+01,2.074685e+01,2.073291e+01,2.056548e+01,2.078169e+01,2.075382e+01,2.070502e+01,2.071200e+01,2.060039e+01,2.064923e+01,2.070502e+01,2.061434e+01,2.069108e+01,2.066318e+01,2.067016e+01,2.075382e+01,2.068410e+01,2.073988e+01,2.078169e+01,2.072594e+01,2.072594e+01,2.076775e+01,2.074685e+01,2.084437e+01,2.073291e+01,2.075382e+01,2.075382e+01,2.076775e+01,2.079562e+01,2.064923e+01,2.087222e+01,2.080955e+01,2.078169e+01,2.069805e+01,2.068410e+01,2.078169e+01,2.067016e+01,2.070502e+01,2.064225e+01,2.071200e+01,2.069805e+01,2.069108e+01,2.076079e+01,2.071200e+01,2.073291e+01,2.065621e+01,2.062132e+01,2.073291e+01,2.064225e+01,2.073988e+01,2.069805e+01,2.067713e+01,2.071897e+01,2.062132e+01,2.064923e+01,2.063528e+01,2.069805e+01,2.069805e+01,2.065621e+01,2.074685e+01,2.064923e+01,2.063528e+01,2.067016e+01,2.069108e+01,2.069805e+01,2.057246e+01,2.063528e+01,2.070502e+01,2.069805e+01,2.063528e+01,2.077472e+01,2.063528e+01,2.069108e+01,2.078866e+01,2.066318e+01,2.073291e+01,2.076079e+01,2.074685e+01,2.069108e+01,2.075382e+01,2.075382e+01,2.073291e+01,2.080259e+01,2.073291e+01,2.084437e+01,2.075382e+01,2.076079e+01,2.087918e+01,2.071200e+01,2.083045e+01,2.080259e+01,2.075382e+01,2.078169e+01,2.067016e+01,2.073988e+01,2.069805e+01,2.069805e+01,2.073291e+01,2.075382e+01,2.075382e+01,2.077472e+01,2.078169e+01,2.080955e+01,2.073988e+01,2.076079e+01,2.080955e+01,2.071200e+01,2.074685e+01,2.077472e+01,2.082348e+01,2.075382e+01,2.081652e+01,2.084437e+01,2.069805e+01,2.063528e+01,2.069805e+01,2.070502e+01,2.069805e+01,2.080955e+01,2.072594e+01,2.071200e+01,2.076079e+01,2.073988e+01,2.065621e+01,2.076775e+01,2.078866e+01,2.078866e+01,2.067016e+01,2.073291e+01,2.073988e+01,2.068410e+01,2.071897e+01,2.078866e+01,2.068410e+01,2.083045e+01,2.079562e+01,2.076079e+01,2.077472e+01,2.088614e+01,2.072594e+01,2.071200e+01,2.073291e+01,2.071200e+01,2.078866e+01,2.078169e+01,2.080955e+01,2.077472e+01,2.078866e+01,2.085134e+01,2.071897e+01,2.087222e+01,2.076079e+01,2.079562e+01,2.080259e+01,2.070502e+01,2.078169e+01,2.073988e+01,2.080955e+01,2.078866e+01,2.082348e+01,2.074685e+01,2.084437e+01,2.079562e+01,2.075382e+01,2.094180e+01,2.076775e+01,2.067713e+01,2.086526e+01,2.071897e+01,2.071200e+01,2.081652e+01,2.072594e+01,2.087918e+01,2.076079e+01,2.078169e+01,2.077472e+01,2.076079e+01,2.078169e+01,2.074685e+01,2.056548e+01,2.081652e+01,2.079562e+01,2.076079e+01,2.073988e+01,2.081652e+01,2.083741e+01,2.081652e+01,2.076079e+01,2.080259e+01,2.071897e+01,2.078169e+01,2.076079e+01,2.078866e+01,2.074685e+01,2.077472e+01,2.082348e+01,2.077472e+01,2.097658e+01,2.078169e+01,2.076775e+01,2.079562e+01,2.087918e+01,2.087222e+01,2.086526e+01,2.074685e+01,2.071897e+01,2.074685e+01,2.076775e+01,2.078866e+01,2.076079e+01,2.073988e+01,2.082348e+01,2.078169e+01,2.082348e+01,2.077472e+01,2.081652e+01,2.077472e+01,2.079562e+01,2.074685e+01,2.085134e+01,2.083045e+01,2.074685e+01,2.072594e+01,2.073291e+01,2.074685e+01,2.083741e+01,2.073988e+01,2.082348e+01,2.073291e+01,2.076775e+01,2.075382e+01,2.078169e+01,2.078866e+01,2.071200e+01,2.085134e+01,2.071897e+01,2.079562e+01,2.074685e+01,2.082348e+01,2.081652e+01,2.080259e+01,2.080259e+01,2.073988e+01,2.084437e+01,2.078866e+01,2.076775e+01,2.078169e+01,2.055152e+01,2.076079e+01,2.073291e+01,2.070502e+01,2.076079e+01,2.078169e+01,2.076775e+01,2.073988e+01,2.073988e+01,2.074685e+01,2.074685e+01,2.074685e+01,2.083045e+01,2.085134e+01,2.080259e+01,2.064923e+01,2.078866e+01,2.077472e+01,2.078169e+01,2.073291e+01,2.071897e+01,2.073988e+01,2.069805e+01,2.069805e+01,2.069108e+01,2.070502e+01,2.073291e+01,2.080259e+01,2.084437e+01,2.078866e+01,2.080955e+01,2.070502e+01,2.079562e+01,2.072594e+01,2.070502e+01,2.079562e+01,2.080955e+01,2.080259e+01,2.075382e+01,2.062132e+01,2.083045e+01,2.086526e+01,2.086526e+01,2.071200e+01,2.079562e+01,2.079562e+01,2.077472e+01,2.075382e+01,2.080259e+01,2.080955e+01,2.067713e+01,2.073988e+01,2.076775e+01,2.078866e+01,2.075382e+01,2.087918e+01,2.085134e+01,2.069805e+01,2.079562e+01,2.093485e+01,2.079562e+01,2.080259e+01,2.079562e+01,2.083045e+01,2.078169e+01,2.078169e+01,2.074685e+01,2.071897e+01,2.080955e+01,2.092093e+01,2.073988e+01,2.080259e+01,2.076775e+01,2.084437e+01,2.075382e+01,2.084437e+01,2.086526e+01,2.080955e+01,2.072594e+01,2.079562e+01,2.076775e+01,2.062132e+01,2.069108e+01,2.073291e+01,2.075382e+01,2.078866e+01,2.082348e+01,2.071897e+01,2.083045e+01,2.072594e+01,2.072594e+01,2.083045e+01,2.073988e+01,2.078866e+01,2.082348e+01,2.082348e+01,2.079562e+01,2.078866e+01,2.081652e+01,2.079562e+01,2.067016e+01,2.069805e+01,2.071200e+01,2.081652e+01,2.079562e+01,2.067713e+01,2.080259e+01,2.079562e+01,2.070502e+01,2.079562e+01,2.070502e+01,2.068410e+01,2.069805e+01,2.072594e+01,2.073988e+01,2.076079e+01,2.073988e+01,2.078169e+01,2.069108e+01,2.073988e+01,2.081652e+01,2.076775e+01,2.083741e+01,2.067016e+01,2.073988e+01,2.071200e+01,2.074685e+01,2.075382e+01,2.078169e+01,2.080259e+01,2.079562e+01,2.078169e+01,2.071897e+01,2.072594e+01,2.084437e+01,2.076079e+01,2.074685e+01,2.067713e+01,2.080955e+01,2.084437e+01,2.086526e+01,2.076079e+01,2.071897e+01,2.083741e+01,2.073291e+01,2.073291e+01,2.076079e+01,2.088614e+01,2.074685e+01,2.085134e+01,2.062132e+01,2.082348e+01,2.067016e+01
2.085830e+01,2.085134e+01,2.076775e+01,2.078866e+01,2.080259e+01,2.082348e+01,2.078866e+01,2.088614e+01,2.085830e+01,2.086526e+01,2.079562e+01,2.072594e+01,2.092789e+01,2.081652e+01,2.090006e+01,2.078866e+01,2.084437e+01,2.084437e+01,2.080259e+01,2.092789e+01,2.085830e+01,2.077472e+01,2.085830e+01,2.084437e+01,2.078169e+01,2.083045e+01,2.079562e+01,2.091398e+01,2.082348e+01,2.079562e+01,2.069108e+01,2.086526e+01,2.081652e+01,2.079562e+01,2.083045e+01,2.085830e+01,2.089310e+01,2.080259e+01,2.083741e+01,2.077472e+01,2.081652e+01,2.083045e+01,2.085830e+01,2.085134e+01,2.085134e+01,2.083045e+01,2.084437e+01,2.085830e+01,2.070502e+01,2.085134e+01,2.088614e+01,2.085830e+01,2.089310e+01,2.078169e+01,2.095572e+01,2.087918e+01,2.076079e+01,2.087918e+01,2.090702e+01,2.092093e+01,2.085134e+01,2.081652e+01,2.098353e+01,2.081652e+01,2.092789e+01,2.097658e+01,2.086526e+01,2.101134e+01,2.093485e+01,2.092789e+01,2.096962e+01,2.092093e+01,2.097658e+01,2.091398e+01,2.095572e+01,2.092789e+01,2.086526e+01,2.076775e+01,2.069805e+01,2.042575e+01,2.032082e+01,2.030682e+01,2.028582e+01,2.032082e+01,2.035581e+01,2.038379e+01,2.040477e+01,2.041875e+01,2.057246e+01,2.062132e+01,2.056548e+01,2.058643e+01,2.071200e+01,2.073291e+01,2.063528e+01,2.069108e+01,2.067713e+01,2.070502e+01,2.062830e+01,2.058643e+01,2.069108e+01,2.048865e+01,2.055850e+01,2.059340e+01,2.065621e+01,2.063528e+01,2.064923e+01,2.074685e+01,2.064923e+01,2.076079e+01,2.076775e+01,2.075382e+01,2.070502e+01,2.073291e+01,2.078866e+01,2.067016e+01,2.078169e+01,2.073291e+01,2.079562e+01,2.069805e+01,2.071897e+01,2.060039e+01,2.067713e+01,2.060736e+01,2.057944e+01,2.057246e+01,2.054453e+01,2.055152e+01,2.060039e+01,2.062132e+01,2.065621e+01,2.054453e+01,2.064225e+01,2.067016e+01,2.064225e+01,2.062830e+01,2.062830e+01,2.058643e+01,2.067016e+01,2.073988e+01,2.063528e+01,2.079562e+01,2.059340e+01,2.065621e+01,2.068410e+01,2.070502e+01,2.065621e+01,2.070502e+01,2.066318e+01,2.067016e+01,2.067713e+01,2.077472e+01,2.064923e+01,2.069805e+01,2.070502e+01,2.060039e+01,2.072594e+01,2.064923e+01,2.058643e+01,2.056548e+01,2.056548e+01,2.059340e+01,2.069108e+01,2.071200e+01,2.063528e+01,2.057944e+01,2.067016e+01,2.063528e+01,2.064225e+01,2.065621e+01,2.064923e+01,2.059340e+01,2.068410e+01,2.056548e+01,2.066318e+01,2.064923e+01,2.061434e+01,2.059340e+01,2.057944e+01,2.069108e+01,2.071897e+01,2.068410e+01,2.061434e+01,2.072594e+01,2.076775e+01,2.071897e+01,2.077472e+01,2.073988e+01,2.076775e+01,2.076079e+01,2.075382e+01,2.076775e+01,2.067713e+01,2.077472e+01,2.068410e+01,2.069805e+01,2.071200e+01,2.073291e+01,2.078866e+01,2.073291e+01,2.073988e+01,2.085830e+01,2.085134e+01,2.081652e+01,2.076079e+01,2.073291e+01,2.071200e+01,2.077472e+01,2.082348e+01,2.070502e+01,2.074685e+01,2.075382e+01,2.080955e+01,2.069805e+01,2.065621e+01,2.066318e+01,2.060736e+01,2.058643e+01,2.057246e+01,2.062830e+01,2.062830e+01,2.053755e+01,2.049564e+01,2.057944e+01,2.058643e+01,2.053057e+01,2.060736e+01,2.041176e+01,2.062132e+01,2.064225e+01,2.047468e+01,2.050262e+01,2.054453e+01,2.060039e+01,2.058643e+01,2.062132e+01,2.062830e+01,2.062132e+01,2.061434e+01,2.062830e+01,2.067016e+01,2.068410e+01,2.069108e+01,2.066318e+01,2.071200e+01,2.076079e+01,2.073291e+01,2.071897e+01,2.071200e+01,2.062132e+01,2.061434e+01,2.073988e+01,2.060039e+01,2.085830e+01,2.065621e+01,2.066318e+01,2.084437e+01,2.073988e+01,2.076079e+01,2.073291e+01,2.071897e+01,2.078169e+01,2.079562e+01,2.082348e+01,2.079562e+01,2.078169e+01,2.073988e+01,2.079562e+01,2.087222e+01,2.088614e+01,2.071200e+01,2.078866e+01,2.085830e+01,2.068410e+01,2.075382e+01,2.067713e+01,2.064225e+01,2.069805e+01,2.068410e+01,2.068410e+01,2.066318e+01,2.064923e+01,2.068410e+01,2.070502e+01,2.067713e+01,2.071897e+01,2.060736e+01,2.061434e+01,2.063528e+01,2.068410e+01,2.070502e+01,2.069108e+01,2.071897e+01,2.065621e+01,2.067016e+01,2.069805e+01,2.066318e+01,2.067016e+01,2.089310e+01,2.071897e+01,2.067713e+01,2.067713e+01,2.064225e+01,2.066318e+01,2.066318e+01,2.067713e+01,2.061434e+01,2.067016e+01,2.063528e+01,2.060736e+01,2.069108e+01,2.070502e+01,2.069805e+01,2.073291e+01,2.064923e+01,2.076079e+01,2.075382e+01,2.068410e+01,2.076079e+01,2.074685e+01,2.073291e+01,2.073988e+01,2.078866e+01,2.081652e+01,2.074685e+01,2.083045e+01,2.085134e+01,2.076079e+01,2.085134e+01,2.068410e+01,2.082348e+01,2.079562e+01,2.070502e+01,2.067016e+01,2.071897e+01,2.068410e+01,2.085830e+01,2.073988e+01,2.075382e+01,2.080259e+01,2.076775e+01,2.077472e+01,2.073988e+01,2.078169e+01,2.073988e+01,2.076079e+01,2.070502e+01,2.085134e+01,2.076775e+01,2.068410e+01,2.074685e+01,2.081652e+01,2.074685e+01,2.070502e+01,2.075382e+01,2.073988e+01,2.084437e+01,2.067016e+01,2.072594e+01,2.085830e+01,2.067016e+01,2.075382e+01,2.078866e+01,2.072594e+01,2.076775e+01,2.082348e+01,2.080259e+01,2.071200e+01,2.072594e+01,2.073291e+01,2.073988e+01,2.071200e+01,2.078169e+01,2.073988e+01,2.075382e+01,2.074685e+01,2.075382e+01,2.075382e+01,2.073291e+01,2.086526e+01,2.076775e+01,2.078169e+01,2.080955e+01,2.068410e+01,2.075382e+01,2.078866e+01,2.078866e+01,2.078866e+01,2.089310e+01,2.085830e+01,2.081652e+01,2.078866e+01,2.076775e+01,2.080259e+01,2.078866e+01,2.069805e+01,2.078169e+01,2.076079e+01,2.083741e+01,2.078866e+01,2.077472e+01,2.070502e+01,2.080955e+01,2.076775e+01,2.073988e+01,2.073988e+01,2.072594e+01,2.076079e+01,2.069805e+01,2.072594e+01,2.073291e+01,2.072594e+01,2.071200e+01,2.078866e+01,2.073988e+01,2.077472e+01,2.073291e+01,2.076775e+01,2.084437e+01,2.076079e+01,2.075382e+01,2.075382e+01,2.076079e+01,2.078169e+01,2.077472e+01,2.076079e+01,2.069108e+01,2.084437e+01,2.073988e+01,2.077472e+01,2.071200e+01,2.073988e+01,2.078169e+01,2.076079e+01,2.078169e+01,2.077472e+01,2.078169e+01,2.073291e+01,2.073988e+01,2.076079e+01,2.078866e+01,2.067016e+01,2.068410e+01,2.072594e+01,2.077472e+01,2.071200e+01,2.073291e+01,2.075382e+01,2.078169e+01,2.076775e+01,2.071897e+01,2.074685e+01,2.078169e+01,2.078866e+01,2.080955e+01,2.077472e+01,2.078169e+01,2.082348e+01,2.073988e+01,2.074685e+01,2.073988e+01,2.083045e+01,2.071200e+01,2.083045e+01,2.083741e+01,2.075382e+01,2.077472e+01,2.075382e+01,2.087222e+01,2.078169e+01,2.083741e+01,2.082348e+01,2.087222e+01,2.069805e+01,2.072594e+01,2.069805e+01,2.080259e+01,2.073988e+01,2.070502e+01,2.070502e+01,2.081652e+01,2.079562e+01,2.083741e+01,2.079562e+01,2.080259e+01,2.078866e+01,2.081652e+01,2.078866e+01,2.083741e+01,2.079562e+01,2.069108e+01,2.076079e+01,2.080955e+01,2.076775e+01,2.075382e+01,2.069108e+01,2.069108e+01,2.067713e+01,2.078866e+01,2.072594e+01,2.070502e+01,2.079562e+01,2.069108e+01,2.070502e+01,2.069108e+01,2.071200e+01,2.073291e+01,2.068410e+01,2.069805e+01,2.073291e+01,2.087222e+01,2.076079e+01,2.073291e+01,2.079562e+01,2.078866e+01,2.079562e+01,2.079562e+01,2.083741e+01,2.079562e+01,2.070502e+01,2.076775e+01,2.073291e+01,2.070502e+01,2.078866e+01,2.069805e+01,2.069108e+01,2.077472e+01,2.082348e+01,2.071897e+01,2.080259e+01,2.078866e+01,2.069805e+01,2.080955e+01,2.080955e+01,2.080259e+01,2.078866e+01,2.072594e+01,2.069108e+01,2.083045e+01,2.080955e+01,2.074685e+01,2.080259e+01,2.069805e+01,2.079562e+01,2.076775e+01,2.062830e+01,2.089310e+01,2.062830e+01,2.080955e+01,2.074685e+01,2.078169e+01,2.077472e+01,2.077472e+01,2.076079e+01,2.076079e+01,2.080955e+01,2.071200e+01,2.076079e+01,2.075382e+01,2.075382e+01,2.076079e+01,2.079562e+01,2.066318e+01,2.085830e+01,2.069108e+01,2.071200e+01,2.077472e+01,2.067713e+01,2.069805e+01,2.067713e+01,2.076775e+01,2.064923e+01,2.076775e+01,2.076775e+01,2.072594e+01,2.071200e+01,2.070502e+01,2.072594e+01,2.084437e+01,2.069108e+01,2.085134e+01,2.080955e+01,2.073291e+01,2.080259e+01,2.081652e+01,2.081652e+01,2.071897e+01,2.066318e+01,2.084437e+01,2.082348e+01,2.070502e+01,2.082348e+01,2.071200e+01,2.072594e+01,2.066318e+01,2.069108e+01,2.070502e+01,2.078866e+01,2.073988e+01,2.069805e+01,2.070502e+01,2.087222e+01,2.070502e+01,2.076775e+01,2.078169e+01,2.076775e+01,2.080955e+01,2.067016e+01,2.081652e+01,2.069108e+01,2.077472e+01,2.083045e+01,2.071200e+01,2.078169e+01,2.082348e+01,2.073988e+01,2.078866e+01,2.068410e+01,2.087918e+01,2.072594e+01,2.081652e+01,2.070502e+01,2.080955e+01,2.081652e+01,2.076775e+01,2.078169e+01,2.069805e+01,2.076775e+01,2.085830e+01,2.080259e+01,2.082348e+01,2.078866e+01,2.079562e+01,2.079562e+01,2.080259e+01,2.080955e+01,2.071200e+01,2.085134e+01,2.087222e+01,2.085830e+01
2.081652e+01,2.083045e+01,2.085830e+01,2.080955e+01,2.079562e+01,2.081652e+01,2.064923e+01,2.067016e+01,2.080955e+01,2.083045e+01,2.089310e+01,2.087918e+01,2.080259e+01,2.080955e+01,2.071200e+01,2.078866e+01,2.076079e+01,2.080955e+01,2.068410e+01,2.068410e+01,2.085830e+01,2.086526e+01,2.086526e+01,2.089310e+01,2.087918e+01,2.087918e+01,2.085134e+01,2.080955e+01,2.078169e+01,2.078169e+01,2.079562e+01,2.081652e+01,2.083741e+01,2.087222e+01,2.082348e+01,2.078866e+01,2.092093e+01,2.083741e+01,2.083045e+01,2.070502e+01,2.082348e+01,2.082348e+01,2.083045e+01,2.084437e+01,2.088614e+01,2.081652e+01,2.088614e+01,2.088614e+01,2.087222e+01,2.087918e+01,2.076775e+01,2.074685e+01,2.096267e+01,2.103914e+01,2.090702e+01,2.094180e+01,2.090702e+01,2.094180e+01,2.082348e+01,2.096962e+01,2.095572e+01,2.093485e+01,2.092789e+01,2.092789e+01,2.090006e+01,2.089310e+01,2.091398e+01,2.097658e+01,2.101134e+01,2.089310e+01,2.103219e+01,2.092093e+01,2.092093e+01,2.092789e+01,2.094180e+01,2.071897e+01,2.075382e+01,2.041875e+01,2.033481e+01,2.034181e+01,2.030682e+01,2.035581e+01,2.025781e+01,2.033481e+01,2.034181e+01,2.038379e+01,2.036980e+01,2.061434e+01,2.063528e+01,2.063528e+01,2.071200e+01,2.057944e+01,2.072594e+01,2.073291e+01,2.071200e+01,2.068410e+01,2.069108e+01,2.063528e+01,2.066318e+01,2.060039e+01,2.071200e+01,2.050262e+01,2.059340e+01,2.059340e+01,2.057944e+01,2.069805e+01,2.071897e+01,2.065621e+01,2.075382e+01,2.076079e+01,2.069108e+01,2.071897e+01,2.078866e+01,2.076775e+01,2.073291e+01,2.071200e+01,2.072594e+01,2.072594e+01,2.076079e+01,2.067713e+01,2.068410e+01,2.059340e+01,2.069805e+01,2.060039e+01,2.055850e+01,2.055850e+01,2.069805e+01,2.073988e+01,2.059340e+01,2.052358e+01,2.066318e+01,2.067016e+01,2.064923e+01,2.070502e+01,2.064923e+01,2.063528e+01,2.060736e+01,2.064923e+01,2.062830e+01,2.064923e+01,2.069805e+01,2.068410e+01,2.069805e+01,2.069108e+01,2.069805e+01,2.065621e+01,2.067713e+01,2.067713e+01,2.081652e+01,2.069108e+01,2.066318e+01,2.071897e+01,2.067713e+01,2.071200e+01,2.071897e+01,2.073988e+01,2.073988e+01,2.067713e+01,2.059340e+01,2.064923e+01,2.060736e+01,2.059340e+01,2.062132e+01,2.064923e+01,2.063528e+01,2.073291e+01,2.064225e+01,2.064923e+01,2.074685e+01,2.067016e+01,2.062830e+01,2.063528e+01,2.060039e+01,2.065621e+01,2.069108e+01,2.064225e+01,2.067713e+01,2.070502e+01,2.072594e+01,2.074685e+01,2.073988e+01,2.073291e+01,2.072594e+01,2.063528e+01,2.072594e+01,2.073291e+01,2.079562e+01,2.077472e+01,2.073291e+01,2.075382e+01,2.083045e+01,2.081652e+01,2.079562e+01,2.076079e+01,2.078169e+01,2.067713e+01,2.084437e+01,2.073291e+01,2.077472e+01,2.071200e+01,2.074685e+01,2.083045e+01,2.076079e+01,2.080259e+01,2.083741e+01,2.080259e+01,2.076775e+01,2.084437e+01,2.087222e+01,2.075382e+01,2.069108e+01,2.079562e+01,2.081652e+01,2.069805e+01,2.064225e+01,2.062830e+01,2.066318e+01,2.073988e+01,2.068410e+01,2.062830e+01,2.066318e+01,2.069108e+01,2.068410e+01,2.066318e+01,2.060736e+01,2.057246e+01,2.056548e+01,2.063528e+01,2.059340e+01,2.060039e+01,2.061434e+01,2.064225e+01,2.050262e+01,2.057246e+01,2.051660e+01,2.064225e+01,2.057944e+01,2.055152e+01,2.065621e+01,2.062830e+01,2.066318e+01,2.069108e+01,2.070502e+01,2.068410e+01,2.073291e+01,2.067713e+01,2.078169e+01,2.076079e+01,2.075382e+01,2.076079e+01,2.065621e+01,2.073988e+01,2.083741e+01,2.081652e+01,2.081652e+01,2.070502e+01,2.081652e+01,2.082348e+01,2.076775e+01,2.076079e+01,2.083045e+01,2.071897e+01,2.073988e+01,2.078169e+01,2.078866e+01,2.076079e+01,2.074685e+01,2.077472e+01,2.082348e+01,2.076079e+01,2.080955e+01,2.085830e+01,2.076775e+01,2.069108e+01,2.080955e+01,2.083045e+01,2.074685e+01,2.077472e+01,2.071200e+01,2.071897e+01,2.069805e+01,2.067713e+01,2.067016e+01,2.065621e+01,2.070502e+01,2.069108e+01,2.071200e+01,2.070502e+01,2.072594e+01,2.069805e+01,2.067713e+01,2.071897e+01,2.067016e+01,2.069108e+01,2.069805e+01,2.062132e+01,2.069108e+01,2.064923e+01,2.072594e+01,2.064923e+01,2.071200e+01,2.071897e+01,2.069805e+01,2.063528e+01,2.071200e+01,2.056548e+01,2.062830e+01,2.063528e+01,2.065621e+01,2.064923e+01,2.063528e+01,2.069805e+01,2.067016e+01,2.075382e+01,2.075382e+01,2.073291e+01,2.081652e+01,2.074685e+01,2.080259e+01,2.073291e+01,2.071897e+01,2.072594e+01,2.078866e+01,2.079562e+01,2.078866e+01,2.073291e+01,2.080955e+01,2.071897e+01,2.077472e+01,2.080955e+01,2.086526e+01,2.087222e+01,2.081652e+01,2.067713e+01,2.080955e+01,2.072594e+01,2.069805e+01,2.078866e+01,2.073291e+01,2.076775e+01,2.078169e+01,2.079562e+01,2.075382e+01,2.077472e+01,2.078866e+01,2.076079e+01,2.071897e+01,2.073988e+01,2.080259e+01,2.082348e+01,2.076079e+01,2.069108e+01,2.073988e+01,2.073291e+01,2.076775e+01,2.078866e+01,2.078169e+01,2.092789e+01,2.075382e+01,2.075382e+01,2.081652e+01,2.076775e+01,2.071200e+01,2.081652e+01,2.083045e+01,2.078169e+01,2.080259e+01,2.067713e+01,2.071200e+01,2.089310e+01,2.076775e+01,2.081652e+01,2.083741e+01,2.076775e+01,2.069805e+01,2.062132e+01,2.063528e+01,2.076775e+01,2.073988e+01,2.077472e+01,2.071897e+01,2.083045e+01,2.059340e+01,2.076079e+01,2.070502e+01,2.079562e+01,2.078169e+01,2.087222e+01,2.078169e+01,2.079562e+01,2.080259e+01,2.080259e+01,2.077472e+01,2.069805e+01,2.070502e+01,2.076775e+01,2.080259e+01,2.071897e+01,2.076079e+01,2.082348e+01,2.076079e+01,2.083045e+01,2.076775e+01,2.076775e+01,2.074685e+01,2.078169e+01,2.072594e+01,2.071200e+01,2.079562e+01,2.073988e+01,2.080259e+01,2.071897e+01,2.074685e+01,2.069108e+01,2.077472e+01,2.080259e+01,2.085134e+01,2.078866e+01,2.078866e+01,2.070502e+01,2.075382e+01,2.077472e+01,2.090702e+01,2.079562e+01,2.077472e+01,2.077472e+01,2.071897e+01,2.069805e+01,2.072594e+01,2.076775e+01,2.079562e+01,2.072594e+01,2.074685e+01,2.081652e+01,2.076775e+01,2.075382e+01,2.076079e+01,2.066318e+01,2.069805e+01,2.071200e+01,2.077472e+01,2.075382e+01,2.073988e+01,2.085830e+01,2.070502e+01,2.079562e+01,2.078866e+01,2.078866e+01,2.073291e+01,2.075382e+01,2.083741e+01,2.064923e+01,2.080259e+01,2.085134e+01,2.081652e+01,2.078169e+01,2.076079e+01,2.076079e+01,2.075382e+01,2.078169e+01,2.079562e+01,2.080259e+01,2.082348e+01,2.076079e+01,2.083045e+01,2.074685e+01,2.088614e+01,2.080955e+01,2.083741e+01,2.087222e+01,2.083045e+01,2.088614e+01,2.071897e+01,2.087918e+01,2.083741e+01,2.073291e+01,2.070502e+01,2.077472e+01,2.076775e+01,2.079562e+01,2.078866e+01,2.080259e+01,2.083741e+01,2.080259e+01,2.081652e+01,2.081652e+01,2.083045e+01,2.074685e+01,2.082348e+01,2.075382e+01,2.076775e+01,2.069805e+01,2.085134e+01,2.073291e+01,2.084437e+01,2.076775e+01,2.083045e+01,2.070502e+01,2.074685e+01,2.076079e+01,2.077472e+01,2.076079e+01,2.067713e+01,2.081652e+01,2.080259e+01,2.085830e+01,2.087222e+01,2.071200e+01,2.094180e+01,2.078866e+01,2.070502e+01,2.082348e+01,2.083741e+01,2.073988e+01,2.077472e+01,2.083045e+01,2.081652e+01,2.082348e+01,2.073988e+01,2.069805e+01,2.082348e+01,2.080955e+01,2.076079e+01,2.076775e+01,2.077472e+01,2.081652e+01,2.071200e+01,2.080955e+01,2.081652e+01,2.081652e+01,2.078866e+01,2.087918e+01,2.078866e+01,2.071200e+01,2.082348e+01,2.077472e+01,2.081652e+01,2.075382e+01,2.083741e+01,2.073291e+01,2.074685e+01,2.083045e+01,2.071200e+01,2.080955e+01,2.086526e+01,2.080259e+01,2.080259e+01,2.078169e+01,2.098353e+01,2.090006e+01,2.077472e+01,2.096267e+01,2.078866e+01,2.076775e+01,2.076079e+01,2.080259e+01,2.076079e+01,2.073988e+01,2.076079e+01,2.083741e+01,2.076079e+01,2.080259e+01,2.081652e+01,2.087918e+01,2.077472e+01,2.081652e+01,2.084437e+01,2.083045e+01,2.078169e+01,2.078169e+01,2.085134e+01,2.077472e+01,2.069108e+01,2.071897e+01,2.073291e+01,2.080259e+01,2.080259e+01,2.070502e+01,2.080259e+01,2.071200e+01,2.075382e+01,2.080259e+01,2.083045e+01,2.080259e+01,2.075382e+01,2.071200e+01,2.090006e+01,2.073291e+01,2.072594e+01,2.074685e+01,2.066318e+01,2.080955e+01,2.078169e+01,2.071200e+01,2.078866e+01,2.071897e+01,2.070502e+01,2.073988e+01,2.071200e+01,2.071897e+01,2.073291e+01,2.078866e+01,2.074685e+01,2.080259e+01,2.080259e+01,2.079562e+01,2.069805e+01,2.081652e+01,2.058643e+01,2.084437e+01,2.083741e+01,2.071897e+01,2.076775e+01,2.069805e+01,2.073988e+01,2.077472e+01,2.089310e+01,2.078169e+01,2.084437e+01,2.077472e+01,2.078169e+01,2.081652e+01,2.080955e+01,2.079562e+01,2.077472e+01,2.078866e+01,2.071200e+01,2.067713e+01,2.080955e+01,2.076079e+01,2.083045e+01,2.076079e+01,2.076775e+01,2.073291e+01,2.075382e+01,2.080259e+01,2.071200e+01,2.080259e+01,2.092093e+01,2.102524e+01
2.085830e+01,2.073291e+01,2.077472e+01,2.075382e+01,2.069108e+01,2.075382e+01,2.071897e+01,2.073988e+01,2.090702e+01,2.085830e+01,2.084437e+01,2.078866e+01,2.089310e+01,2.080259e+01,2.079562e+01,2.081652e+01,2.080259e+01,2.081652e+01,2.087918e+01,2.087918e+01,2.087918e+01,2.089310e+01,2.077472e+01,2.079562e+01,2.084437e+01,2.085830e+01,2.085830e+01,2.079562e+01,2.085830e+01,2.087222e+01,2.083045e+01,2.095572e+01,2.075382e+01,2.083045e+01,2.081652e+01,2.086526e+01,2.082348e+01,2.080955e+01,2.078169e+01,2.087222e+01,2.084437e+01,2.083045e+01,2.083741e+01,2.085134e+01,2.085830e+01,2.085134e+01,2.073291e+01,2.071200e+01,2.070502e+01,2.073988e+01,2.082348e+01,2.076775e+01,2.093485e+01,2.092789e+01,2.091398e+01,2.078866e+01,2.092093e+01,2.085134e+01,2.099048e+01,2.089310e+01,2.082348e+01,2.089310e+01,2.081652e+01,2.085134e+01,2.087222e+01,2.087222e+01,2.094180e+01,2.090006e+01,2.085830e+01,2.080955e+01,2.096962e+01,2.075382e+01,2.073988e+01,2.073291e+01,2.074685e+01,2.039078e+01,2.036280e+01,2.015971e+01,2.033481e+01,2.034181e+01,2.023680e+01,2.037679e+01,2.046769e+01,2.037679e+01,2.030682e+01,2.040477e+01,2.043274e+01,2.067713e+01,2.054453e+01,2.052358e+01,2.060039e+01,2.060736e+01,2.060736e+01,2.064923e+01,2.064923e+01,2.068410e+01,2.066318e+01,2.062830e+01,2.051660e+01,2.066318e+01,2.066318e+01,2.061434e+01,2.043274e+01,2.055152e+01,2.057246e+01,2.069805e+01,2.053755e+01,2.070502e+01,2.076079e+01,2.066318e+01,2.065621e+01,2.074685e+01,2.073988e+01,2.066318e+01,2.079562e+01,2.069108e+01,2.068410e+01,2.068410e+01,2.068410e+01,2.062132e+01,2.062132e+01,2.064923e+01,2.072594e+01,2.053755e+01,2.059340e+01,2.057246e+01,2.059340e+01,2.055850e+01,2.057246e+01,2.054453e+01,2.068410e+01,2.058643e+01,2.057246e+01,2.062132e+01,2.062132e+01,2.064225e+01,2.063528e+01,2.067016e+01,2.069108e+01,2.061434e+01,2.069108e+01,2.073988e+01,2.064225e+01,2.075382e+01,2.060039e+01,2.055152e+01,2.068410e+01,2.079562e+01,2.073988e+01,2.066318e+01,2.062830e+01,2.059340e+01,2.061434e+01,2.064225e+01,2.059340e+01,2.056548e+01,2.058643e+01,2.067713e+01,2.055850e+01,2.056548e+01,2.066318e+01,2.059340e+01,2.067713e+01,2.064923e+01,2.054453e+01,2.062830e+01,2.057246e+01,2.080259e+01,2.058643e+01,2.064923e+01,2.075382e+01,2.062830e+01,2.067016e+01,2.055850e+01,2.066318e+01,2.062830e+01,2.069805e+01,2.073291e+01,2.067016e+01,2.069108e+01,2.069805e+01,2.060736e+01,2.071200e+01,2.068410e+01,2.071897e+01,2.065621e+01,2.079562e+01,2.069805e+01,2.072594e+01,2.072594e+01,2.080955e+01,2.082348e+01,2.082348e+01,2.076079e+01,2.080259e+01,2.081652e+01,2.072594e+01,2.074685e+01,2.072594e+01,2.077472e+01,2.077472e+01,2.076079e+01,2.070502e+01,2.087222e+01,2.077472e+01,2.079562e+01,2.067713e+01,2.077472e+01,2.090006e+01,2.071897e+01,2.073291e+01,2.069108e+01,2.073988e+01,2.066318e+01,2.073988e+01,2.063528e+01,2.066318e+01,2.064225e+01,2.053755e+01,2.053755e+01,2.053057e+01,2.059340e+01,2.055850e+01,2.062830e+01,2.057944e+01,2.057944e+01,2.045371e+01,2.049564e+01,2.064225e+01,2.064225e+01,2.066318e+01,2.060736e+01,2.056548e+01,2.057944e+01,2.063528e+01,2.062830e+01,2.070502e+01,2.057944e+01,2.060736e+01,2.069108e+01,2.064225e+01,2.067713e+01,2.067713e+01,2.069805e+01,2.072594e+01,2.068410e+01,2.056548e+01,2.073988e+01,2.071897e+01,2.071200e+01,2.069108e+01,2.067713e+01,2.064923e+01,2.068410e+01,2.062132e+01,2.081652e+01,2.071200e+01,2.069805e+01,2.075382e+01,2.073291e+01,2.073291e+01,2.071897e+01,2.077472e+01,2.078866e+01,2.076775e+01,2.079562e+01,2.087222e+01,2.089310e+01,2.076079e+01,2.077472e+01,2.076775e+01,2.074685e+01,2.060736e+01,2.072594e+01,2.072594e+01,2.080259e+01,2.065621e+01,2.067016e+01,2.064923e+01,2.068410e+01,2.064923e+01,2.066318e+01,2.068410e+01,2.064225e+01,2.066318e+01,2.064225e+01,2.064225e+01,2.064225e+01,2.071200e+01,2.069108e+01,2.057944e+01,2.067016e+01,2.062132e+01,2.070502e+01,2.067713e+01,2.068410e+01,2.075382e+01,2.071897e+01,2.068410e+01,2.069108e+01,2.073988e+01,2.071897e+01,2.059340e+01,2.067713e+01,2.053755e+01,2.064923e+01,2.070502e+01,2.064225e+01,2.059340e+01,2.064923e+01,2.062132e+01,2.069805e+01,2.071200e+01,2.064225e+01,2.076079e+01,2.087918e+01,2.062830e+01,2.076079e+01,2.073291e+01,2.073291e+01,2.074685e+01,2.071897e+01,2.063528e+01,2.068410e+01,2.070502e+01,2.056548e+01,2.080259e+01,2.074685e+01,2.073988e+01,2.073988e+01,2.073988e+01,2.084437e+01,2.071897e+01,2.066318e+01,2.076079e+01,2.073291e+01,2.071200e+01,2.071200e+01,2.066318e+01,2.072594e+01,2.082348e+01,2.071200e+01,2.073988e+01,2.080955e+01,2.078169e+01,2.079562e+01,2.062132e+01,2.072594e+01,2.081652e+01,2.069108e+01,2.067016e+01,2.069805e+01,2.074685e+01,2.078169e+01,2.079562e+01,2.068410e+01,2.074685e+01,2.065621e+01,2.073988e+01,2.075382e+01,2.069108e+01,2.079562e+01,2.074685e+01,2.075382e+01,2.069805e+01,2.072594e+01,2.071897e+01,2.081652e+01,2.063528e+01,2.077472e+01,2.071200e+01,2.085134e+01,2.081652e+01,2.076079e+01,2.073988e+01,2.076079e+01,2.074685e+01,2.064923e+01,2.077472e+01,2.069108e+01,2.071200e+01,2.067713e+01,2.073988e+01,2.076775e+01,2.070502e+01,2.078866e+01,2.078169e+01,2.080259e+01,2.084437e+01,2.074685e+01,2.082348e+01,2.075382e+01,2.073291e+01,2.068410e+01,2.069805e+01,2.075382e+01,2.083045e+01,2.078866e+01,2.076079e+01,2.078169e+01,2.084437e+01,2.067016e+01,2.067713e+01,2.070502e+01,2.067016e+01,2.068410e+01,2.063528e+01,2.071897e+01,2.076079e+01,2.074685e+01,2.084437e+01,2.071897e+01,2.071200e+01,2.071200e+01,2.083741e+01,2.072594e+01,2.069805e+01,2.076775e+01,2.072594e+01,2.078169e+01,2.078169e+01,2.069108e+01,2.083045e+01,2.076775e+01,2.071897e+01,2.078866e+01,2.078169e+01,2.075382e+01,2.075382e+01,2.078169e+01,2.076079e+01,2.078866e+01,2.078866e+01,2.079562e+01,2.076775e+01,2.078866e+01,2.069108e+01,2.076775e+01,2.076775e+01,2.078169e+01,2.069805e+01,2.077472e+01,2.074685e+01,2.079562e+01,2.074685e+01,2.071897e+01,2.071897e+01,2.076079e+01,2.076079e+01,2.073291e+01,2.080955e+01,2.076775e+01,2.064923e+01,2.069108e+01,2.068410e+01,2.078169e+01,2.076079e+01,2.083045e+01,2.077472e+01,2.069805e+01,2.078169e+01,2.081652e+01,2.071200e+01,2.073988e+01,2.071897e+01,2.079562e+01,2.080259e+01,2.079562e+01,2.075382e+01,2.072594e+01,2.074685e+01,2.073988e+01,2.071200e+01,2.068410e+01,2.071200e+01,2.080955e+01,2.073291e+01,2.071200e+01,2.076079e+01,2.080259e+01,2.072594e+01,2.080259e+01,2.080955e+01,2.078169e+01,2.060736e+01,2.077472e+01,2.080259e+01,2.072594e+01,2.058643e+01,2.078169e+01,2.078866e+01,2.076775e+01,2.066318e+01,2.077472e+01,2.069108e+01,2.071200e+01,2.072594e+01,2.074685e+01,2.075382e+01,2.071200e+01,2.074685e+01,2.069805e+01,2.081652e+01,2.082348e+01,2.073988e+01,2.067713e+01,2.078866e+01,2.069805e+01,2.074685e+01,2.069805e+01,2.071897e+01,2.070502e+01,2.069805e+01,2.076775e+01,2.084437e+01,2.073988e+01,2.071897e+01,2.072594e+01,2.073291e+01,2.067713e+01,2.076775e+01,2.077472e+01,2.076079e+01,2.071200e+01,2.074685e+01,2.074685e+01,2.074685e+01,2.080955e+01,2.082348e+01,2.067713e+01,2.064923e+01,2.092789e+01,2.078169e+01,2.084437e+01,2.083045e+01,2.076775e+01,2.067016e+01,2.076079e+01,2.080955e+01,2.080259e+01,2.080955e+01,2.083045e+01,2.062132e+01,2.067016e+01,2.062830e+01,2.076079e+01,2.072594e+01,2.083045e+01,2.081652e+01,2.076079e+01,2.077472e+01,2.076775e+01,2.081652e+01,2.076775e+01,2.075382e+01,2.077472e+01,2.078866e+01,2.076775e+01,2.076775e+01,2.078866e+01,2.078866e+01,2.077472e+01,2.085830e+01,2.069805e+01,2.072594e+01,2.090006e+01,2.082348e+01,2.084437e+01,2.073291e+01,2.069108e+01,2.075382e+01,2.068410e+01,2.071897e+01,2.068410e+01,2.072594e+01,2.077472e+01,2.070502e+01,2.071897e+01,2.071200e+01,2.078866e+01,2.085830e+01,2.082348e+01,2.063528e+01,2.076775e+01,2.086526e+01,2.083741e+01,2.076775e+01,2.071897e+01,2.086526e+01,2.074685e+01,2.076079e+01,2.076079e+01,2.074685e+01,2.076079e+01,2.069805e+01,2.070502e+01,2.067713e+01,2.079562e+01,2.071897e+01,2.073988e+01,2.072594e+01,2.070502e+01,2.070502e+01,2.068410e+01,2.069108e+01,2.078169e+01,2.067016e+01,2.064923e+01,2.078866e+01,2.066318e+01,2.078866e+01,2.071200e+01,2.074685e+01,2.083741e+01,2.076775e+01,2.079562e+01,2.084437e+01,2.069108e+01,2.077472e+01,2.083045e+01,2.077472e+01,2.078866e+01,2.083045e+01,2.073291e+01,2.065621e+01,2.078169e+01,2.078169e+01,2.084437e+01,2.069805e+01,2.075382e+01,2.076775e+01,2.076079e+01,2.084437e+01,2.073291e+01,2.073291e+01,2.085830e+01,2.078169e+01,2.083741e+01,2.073988e+01,2.061434e+01
2.082348e+01,2.078866e+01,2.086526e+01,2.076079e+01,2.072594e+01,2.072594e+01,2.069805e+01,2.077472e+01,2.075382e+01,2.078169e+01,2.079562e+01,2.090702e+01,2.081652e+01,2.071897e+01,2.073988e+01,2.080259e+01,2.087222e+01,2.079562e+01,2.090702e+01,2.084437e+01,2.085134e+01,2.076775e+01,2.078169e+01,2.087222e+01,2.085830e+01,2.085830e+01,2.090702e+01,2.083741e+01,2.090702e+01,2.081652e+01,2.080259e+01,2.077472e+01,2.075382e+01,2.076775e+01,2.099048e+01,2.096267e+01,2.085134e+01,2.098353e+01,2.082348e+01,2.083741e+01,2.080259e+01,2.071897e+01,2.085134e+01,2.075382e+01,2.085134e+01,2.090006e+01,2.067713e+01,2.083741e+01,2.070502e+01,2.095572e+01,2.078169e+01,2.065621e+01,2.085134e+01,2.076775e+01,2.084437e+01,2.094180e+01,2.090702e+01,2.089310e+01,2.092093e+01,2.088614e+01,2.099048e+01,2.087918e+01,2.088614e+01,2.090006e+01,2.092093e+01,2.087222e+01,2.082348e+01,2.079562e+01,2.101134e+01,2.082348e+01,2.085134e+01,2.085830e+01,2.087222e+01,2.073291e+01,2.032782e+01,2.027881e+01,2.037679e+01,2.048166e+01,2.035581e+01,2.035581e+01,2.041176e+01,2.039078e+01,2.043973e+01,2.051660e+01,2.064923e+01,2.044672e+01,2.069108e+01,2.071897e+01,2.068410e+01,2.065621e+01,2.072594e+01,2.074685e+01,2.065621e+01,2.064923e+01,2.060039e+01,2.066318e+01,2.062132e+01,2.063528e+01,2.067016e+01,2.064225e+01,2.055850e+01,2.062830e+01,2.055152e+01,2.067016e+01,2.055152e+01,2.066318e+01,2.058643e+01,2.064923e+01,2.067016e+01,2.078169e+01,2.067016e+01,2.070502e+01,2.074685e+01,2.073291e+01,2.075382e+01,2.080259e+01,2.073988e+01,2.065621e+01,2.069805e+01,2.069108e+01,2.067016e+01,2.067016e+01,2.067016e+01,2.063528e+01,2.062830e+01,2.056548e+01,2.060039e+01,2.060039e+01,2.064923e+01,2.055850e+01,2.060736e+01,2.067016e+01,2.068410e+01,2.062830e+01,2.065621e+01,2.064225e+01,2.062830e+01,2.066318e+01,2.064923e+01,2.072594e+01,2.062830e+01,2.073988e+01,2.074685e+01,2.067713e+01,2.067016e+01,2.066318e+01,2.071897e+01,2.055152e+01,2.064225e+01,2.071897e+01,2.068410e+01,2.068410e+01,2.062132e+01,2.064923e+01,2.054453e+01,2.062132e+01,2.059340e+01,2.063528e+01,2.062830e+01,2.058643e+01,2.062132e+01,2.055152e+01,2.064225e+01,2.057944e+01,2.059340e+01,2.064923e+01,2.074685e+01,2.066318e+01,2.064923e+01,2.068410e+01,2.077472e+01,2.078866e+01,2.067016e+01,2.070502e+01,2.067016e+01,2.071200e+01,2.056548e+01,2.064923e+01,2.065621e+01,2.076775e+01,2.074685e+01,2.069805e+01,2.074685e+01,2.067713e+01,2.069805e+01,2.079562e+01,2.074685e+01,2.071200e+01,2.066318e+01,2.076775e+01,2.073291e+01,2.077472e+01,2.081652e+01,2.078169e+01,2.078866e+01,2.067713e+01,2.068410e+01,2.071897e+01,2.073988e+01,2.073291e+01,2.089310e+01,2.073291e+01,2.079562e+01,2.080259e+01,2.084437e+01,2.085134e+01,2.071897e+01,2.075382e+01,2.076775e+01,2.073988e+01,2.071200e+01,2.071200e+01,2.076775e+01,2.076775e+01,2.070502e+01,2.069108e+01,2.074685e+01,2.057944e+01,2.058643e+01,2.053057e+01,2.057944e+01,2.051660e+01,2.057944e+01,2.056548e+01,2.058643e+01,2.057944e+01,2.059340e+01,2.048865e+01,2.057944e+01,2.056548e+01,2.059340e+01,2.048166e+01,2.060736e+01,2.059340e+01,2.055850e+01,2.069108e+01,2.067713e+01,2.060039e+01,2.064923e+01,2.068410e+01,2.058643e+01,2.065621e+01,2.069805e+01,2.073291e+01,2.073988e+01,2.068410e+01,2.076079e+01,2.076079e+01,2.074685e+01,2.074685e+01,2.065621e+01,2.067713e+01,2.071200e+01,2.082348e+01,2.085830e+01,2.071897e+01,2.074685e+01,2.074685e+01,2.071897e+01,2.071200e+01,2.081652e+01,2.075382e+01,2.071200e+01,2.081652e+01,2.079562e+01,2.077472e+01,2.076775e+01,2.086526e+01,2.078169e+01,2.086526e+01,2.079562e+01,2.080259e+01,2.079562e+01,2.069108e+01,2.075382e+01,2.079562e+01,2.070502e+01,2.078866e+01,2.067713e+01,2.074685e+01,2.088614e+01,2.069805e+01,2.055152e+01,2.070502e+01,2.074685e+01,2.072594e+01,2.067713e+01,2.069108e+01,2.073291e+01,2.066318e+01,2.067713e+01,2.065621e+01,2.065621e+01,2.071200e+01,2.071897e+01,2.069805e+01,2.067016e+01,2.073291e+01,2.069108e+01,2.076079e+01,2.073988e+01,2.068410e+01,2.068410e+01,2.062132e+01,2.059340e+01,2.057246e+01,2.063528e+01,2.070502e+01,2.065621e+01,2.063528e+01,2.065621e+01,2.071897e+01,2.076775e+01,2.073291e+01,2.073988e+01,2.073291e+01,2.080955e+01,2.068410e+01,2.076079e+01,2.077472e+01,2.064923e+01,2.074685e+01,2.074685e+01,2.076775e+01,2.076079e+01,2.080955e+01,2.076079e+01,2.077472e+01,2.078866e+01,2.078866e+01,2.073988e+01,2.072594e+01,2.072594e+01,2.070502e+01,2.070502e+01,2.071200e+01,2.075382e+01,2.077472e+01,2.077472e+01,2.076775e+01,2.090006e+01,2.076775e+01,2.081652e+01,2.075382e+01,2.080955e+01,2.078169e+01,2.076079e+01,2.075382e+01,2.076079e+01,2.074685e+01,2.073988e+01,2.079562e+01,2.070502e+01,2.078169e+01,2.066318e+01,2.077472e+01,2.087222e+01,2.075382e+01,2.075382e+01,2.076079e+01,2.079562e+01,2.075382e+01,2.082348e+01,2.075382e+01,2.066318e+01,2.078866e+01,2.073988e+01,2.076775e+01,2.083045e+01,2.077472e+01,2.080259e+01,2.083045e+01,2.080259e+01,2.074685e+01,2.078169e+01,2.063528e+01,2.073291e+01,2.079562e+01,2.079562e+01,2.076775e+01,2.069805e+01,2.076079e+01,2.068410e+01,2.076775e+01,2.075382e+01,2.073988e+01,2.081652e+01,2.072594e+01,2.073988e+01,2.069805e+01,2.077472e+01,2.080955e+01,2.080259e+01,2.078866e+01,2.081652e+01,2.070502e+01,2.078866e+01,2.087222e+01,2.074685e+01,2.074685e+01,2.083045e+01,2.071200e+01,2.070502e+01,2.078866e+01,2.079562e+01,2.073988e+01,2.073291e+01,2.070502e+01,2.075382e+01,2.069805e+01,2.099744e+01,2.073291e+01,2.083045e+01,2.070502e+01,2.071897e+01,2.072594e+01,2.069805e+01,2.073291e+01,2.073988e+01,2.072594e+01,2.062132e+01,2.062830e+01,2.078169e+01,2.078866e+01,2.069805e+01,2.074685e+01,2.080259e+01,2.079562e+01,2.080259e+01,2.076775e+01,2.078866e+01,2.073291e+01,2.079562e+01,2.075382e+01,2.072594e+01,2.079562e+01,2.075382e+01,2.080955e+01,2.074685e+01,2.062830e+01,2.073291e+01,2.077472e+01,2.080259e+01,2.076079e+01,2.079562e+01,2.078866e+01,2.077472e+01,2.082348e+01,2.073988e+01,2.085134e+01,2.079562e+01,2.073988e+01,2.071897e+01,2.071897e+01,2.071897e+01,2.075382e+01,2.082348e+01,2.090006e+01,2.093485e+01,2.076775e+01,2.073988e+01,2.058643e+01,2.075382e+01,2.076079e+01,2.072594e+01,2.077472e+01,2.072594e+01,2.073291e+01,2.073988e+01,2.076079e+01,2.080955e+01,2.078169e+01,2.080259e+01,2.068410e+01,2.079562e+01,2.073291e+01,2.080955e+01,2.072594e+01,2.081652e+01,2.073291e+01,2.076079e+01,2.078169e+01,2.078169e+01,2.076775e+01,2.072594e+01,2.068410e+01,2.078169e+01,2.071897e+01,2.076775e+01,2.087222e+01,2.071200e+01,2.078169e+01,2.084437e+01,2.078169e+01,2.080955e+01,2.086526e+01,2.084437e+01,2.074685e+01,2.077472e+01,2.073988e+01,2.078169e+01,2.064923e+01,2.080955e+01,2.070502e+01,2.067713e+01,2.072594e+01,2.077472e+01,2.077472e+01,2.078169e+01,2.076079e+01,2.068410e+01,2.069805e+01,2.075382e+01,2.069805e+01,2.078866e+01,2.083741e+01,2.078169e+01,2.076079e+01,2.069108e+01,2.064923e+01,2.069805e+01,2.069805e+01,2.078866e+01,2.074685e+01,2.072594e+01,2.069805e+01,2.080259e+01,2.076079e+01,2.073988e+01,2.078866e+01,2.081652e+01,2.070502e+01,2.076079e+01,2.073988e+01,2.076775e+01,2.067713e+01,2.078866e+01,2.074685e+01,2.080259e+01,2.079562e+01,2.078866e+01,2.085830e+01,2.081652e+01,2.078169e+01,2.068410e+01,2.080955e+01,2.081652e+01,2.076079e+01,2.083741e+01,2.076775e+01,2.089310e+01,2.088614e+01,2.075382e+01,2.082348e+01,2.077472e+01,2.078866e+01,2.076775e+01,2.080259e+01,2.077472e+01,2.076775e+01,2.079562e+01,2.073988e+01,2.062830e+01,2.088614e+01,2.069805e+01,2.065621e+01,2.086526e+01,2.064225e+01,2.073291e+01,2.073291e+01,2.077472e+01,2.070502e+01,2.069805e+01,2.072594e+01,2.073291e+01,2.071897e+01,2.071200e+01,2.071200e+01,2.076079e+01,2.078866e+01,2.071897e+01,2.066318e+01,2.074685e+01,2.078866e+01,2.071897e+01,2.070502e+01,2.075382e+01,2.073988e+01,2.083741e+01,2.069108e+01,2.071897e+01,2.073291e+01,2.081652e+01,2.072594e+01,2.069805e+01,2.067713e+01,2.064923e+01,2.078169e+01,2.076079e+01,2.074685e+01,2.075382e+01,2.071200e+01,2.071200e+01,2.067713e+01,2.080955e+01,2.065621e+01,2.073291e+01,2.078169e+01,2.071200e+01,2.078169e+01,2.069108e+01,2.076079e+01,2.073291e+01,2.075382e+01,2.071897e+01,2.076775e+01,2.071200e+01,2.070502e+01,2.078866e+01,2.076079e+01,2.072594e+01,2.083741e+01,2.076775e+01,2.075382e+01,2.076079e+01,2.078169e+01,2.077472e+01,2.074685e+01,2.077472e+01,2.075382e+01,2.064923e+01,2.076775e+01,2.073988e+01,2.090702e+01,2.077472e+01,2.081652e+01,2.066318e+01,2.077472e+01,2.077472e+01,2.076775e+01
2.078866e+01,2.069805e+01,2.076775e+01,2.073291e+01,2.073988e+01,2.081652e+01,2.072594e+01,2.079562e+01,2.065621e+01,2.085830e+01,2.073291e+01,2.077472e+01,2.081652e+01,2.072594e+01,2.081652e+01,2.080955e+01,2.072594e+01,2.087222e+01,2.083741e+01,2.083045e+01,2.079562e+01,2.082348e+01,2.078866e+01,2.076775e+01,2.096267e+01,2.081652e+01,2.085134e+01,2.079562e+01,2.087222e+01,2.075382e+01,2.079562e+01,2.073291e+01,2.079562e+01,2.082348e+01,2.076775e+01,2.085134e+01,2.080259e+01,2.080955e+01,2.081652e+01,2.081652e+01,2.078169e+01,2.081652e+01,2.089310e+01,2.080955e+01,2.090702e+01,2.078169e+01,2.069805e+01,2.083045e+01,2.080259e+01,2.082348e+01,2.085134e+01,2.086526e+01,2.087222e+01,2.082348e+01,2.076079e+01,2.067016e+01,2.080259e+01,2.076079e+01,2.091398e+01,2.092093e+01,2.082348e+01,2.075382e+01,2.083741e+01,2.090006e+01,2.087918e+01,2.091398e+01,2.083045e+01,2.078169e+01,2.079562e+01,2.080259e+01,2.081652e+01,2.060736e+01,2.053755e+01,2.038379e+01,2.029982e+01,2.036980e+01,2.018775e+01,2.027181e+01,2.033481e+01,2.033481e+01,2.037679e+01,2.059340e+01,2.055850e+01,2.062132e+01,2.064225e+01,2.054453e+01,2.072594e+01,2.051660e+01,2.070502e+01,2.069108e+01,2.060736e+01,2.062132e+01,2.067016e+01,2.066318e+01,2.064923e+01,2.060736e+01,2.064923e+01,2.064225e+01,2.058643e+01,2.065621e+01,2.059340e+01,2.067713e+01,2.060039e+01,2.054453e+01,2.063528e+01,2.062830e+01,2.062830e+01,2.064923e+01,2.078169e+01,2.071897e+01,2.067713e+01,2.069805e+01,2.062830e+01,2.072594e+01,2.072594e+01,2.066318e+01,2.069805e+01,2.071897e+01,2.071897e+01,2.064923e+01,2.064923e+01,2.062830e+01,2.062132e+01,2.067713e+01,2.060736e+01,2.062132e+01,2.062132e+01,2.057944e+01,2.062132e+01,2.069805e+01,2.068410e+01,2.069108e+01,2.061434e+01,2.071200e+01,2.064923e+01,2.057944e+01,2.061434e+01,2.063528e+01,2.071200e+01,2.068410e+01,2.065621e+01,2.060736e+01,2.067713e+01,2.064225e+01,2.063528e+01,2.073291e+01,2.064923e+01,2.065621e+01,2.064923e+01,2.057246e+01,2.062830e+01,2.067016e+01,2.066318e+01,2.061434e+01,2.061434e+01,2.064225e+01,2.055152e+01,2.053755e+01,2.052358e+01,2.061434e+01,2.055152e+01,2.058643e+01,2.060736e+01,2.071200e+01,2.056548e+01,2.074685e+01,2.074685e+01,2.064923e+01,2.062132e+01,2.068410e+01,2.067713e+01,2.070502e+01,2.064923e+01,2.064225e+01,2.064225e+01,2.063528e+01,2.067713e+01,2.063528e+01,2.069108e+01,2.071897e+01,2.071200e+01,2.069805e+01,2.069108e+01,2.073291e+01,2.079562e+01,2.081652e+01,2.067713e+01,2.076775e+01,2.074685e+01,2.073291e+01,2.074685e+01,2.073988e+01,2.076079e+01,2.076775e+01,2.071200e+01,2.075382e+01,2.078169e+01,2.070502e+01,2.073988e+01,2.080259e+01,2.075382e+01,2.073291e+01,2.073988e+01,2.070502e+01,2.073291e+01,2.087222e+01,2.073988e+01,2.080955e+01,2.072594e+01,2.073291e+01,2.088614e+01,2.072594e+01,2.068410e+01,2.064923e+01,2.073291e+01,2.067713e+01,2.067713e+01,2.053755e+01,2.053057e+01,2.053755e+01,2.062830e+01,2.057944e+01,2.060039e+01,2.060039e+01,2.055850e+01,2.058643e+01,2.053057e+01,2.056548e+01,2.059340e+01,2.062830e+01,2.066318e+01,2.062830e+01,2.068410e+01,2.066318e+01,2.053755e+01,2.064923e+01,2.050262e+01,2.069108e+01,2.060736e+01,2.069108e+01,2.069805e+01,2.060736e+01,2.071897e+01,2.064923e+01,2.071200e+01,2.064225e+01,2.067713e+01,2.069108e+01,2.074685e+01,2.067016e+01,2.080955e+01,2.069108e+01,2.073988e+01,2.080259e+01,2.073988e+01,2.071200e+01,2.086526e+01,2.073291e+01,2.073988e+01,2.069805e+01,2.073291e+01,2.071200e+01,2.076079e+01,2.083741e+01,2.082348e+01,2.078866e+01,2.078169e+01,2.075382e+01,2.076079e+01,2.079562e+01,2.083045e+01,2.067713e+01,2.076775e+01,2.070502e+01,2.080955e+01,2.080955e+01,2.073291e+01,2.067016e+01,2.073291e+01,2.067016e+01,2.067016e+01,2.071897e+01,2.071897e+01,2.067713e+01,2.068410e+01,2.069805e+01,2.069108e+01,2.064225e+01,2.071200e+01,2.066318e+01,2.069805e+01,2.068410e+01,2.069108e+01,2.070502e+01,2.058643e+01,2.062132e+01,2.076079e+01,2.071200e+01,2.070502e+01,2.073291e+01,2.071897e+01,2.075382e+01,2.073291e+01,2.069805e+01,2.063528e+01,2.061434e+01,2.057944e+01,2.058643e+01,2.065621e+01,2.067016e+01,2.077472e+01,2.071200e+01,2.067713e+01,2.067713e+01,2.074685e+01,2.071897e+01,2.067713e+01,2.065621e+01,2.071897e+01,2.064923e+01,2.076775e+01,2.070502e+01,2.072594e+01,2.068410e+01,2.073988e+01,2.078866e+01,2.075382e+01,2.078169e+01,2.078169e+01,2.082348e+01,2.071897e+01,2.072594e+01,2.069108e+01,2.071897e+01,2.068410e+01,2.069108e+01,2.078169e+01,2.073988e+01,2.063528e+01,2.060039e+01,2.077472e+01,2.076775e+01,2.076775e+01,2.076775e+01,2.076079e+01,2.073988e+01,2.076079e+01,2.075382e+01,2.071897e+01,2.073291e+01,2.070502e+01,2.069805e+01,2.077472e+01,2.069805e+01,2.073291e+01,2.068410e+01,2.064225e+01,2.065621e+01,2.062132e+01,2.076775e+01,2.075382e+01,2.076079e+01,2.071200e+01,2.068410e+01,2.080259e+01,2.069108e+01,2.081652e+01,2.074685e+01,2.067713e+01,2.076775e+01,2.069108e+01,2.071897e+01,2.069108e+01,2.083045e+01,2.083045e+01,2.078866e+01,2.081652e+01,2.076079e+01,2.080259e+01,2.078866e+01,2.062132e+01,2.076079e+01,2.064225e+01,2.074685e+01,2.077472e+01,2.071200e+01,2.078169e+01,2.081652e+01,2.068410e+01,2.072594e+01,2.078866e+01,2.076775e+01,2.080259e+01,2.078866e+01,2.080259e+01,2.070502e+01,2.075382e+01,2.079562e+01,2.076079e+01,2.072594e+01,2.076079e+01,2.071200e+01,2.073988e+01,2.071897e+01,2.068410e+01,2.064923e+01,2.074685e+01,2.078866e+01,2.073291e+01,2.078866e+01,2.075382e+01,2.076079e+01,2.081652e+01,2.073291e+01,2.071200e+01,2.073291e+01,2.075382e+01,2.071897e+01,2.076079e+01,2.073291e+01,2.064225e+01,2.064923e+01,2.066318e+01,2.062830e+01,2.072594e+01,2.074685e+01,2.085830e+01,2.079562e+01,2.061434e+01,2.069108e+01,2.069108e+01,2.078866e+01,2.068410e+01,2.069108e+01,2.073988e+01,2.083045e+01,2.074685e+01,2.080259e+01,2.084437e+01,2.062830e+01,2.076775e+01,2.076079e+01,2.077472e+01,2.083741e+01,2.070502e+01,2.071200e+01,2.074685e+01,2.071897e+01,2.074685e+01,2.074685e+01,2.078169e+01,2.076775e+01,2.073291e+01,2.077472e+01,2.056548e+01,2.075382e+01,2.081652e+01,2.077472e+01,2.080259e+01,2.091398e+01,2.080259e+01,2.066318e+01,2.073988e+01,2.071897e+01,2.069108e+01,2.074685e+01,2.071897e+01,2.076079e+01,2.079562e+01,2.073988e+01,2.078866e+01,2.078169e+01,2.072594e+01,2.078169e+01,2.071200e+01,2.059340e+01,2.077472e+01,2.073988e+01,2.082348e+01,2.073988e+01,2.076775e+01,2.078169e+01,2.078866e+01,2.078866e+01,2.075382e+01,2.080259e+01,2.082348e+01,2.073291e+01,2.075382e+01,2.077472e+01,2.079562e+01,2.080955e+01,2.085134e+01,2.069108e+01,2.078169e+01,2.085830e+01,2.076079e+01,2.067016e+01,2.061434e+01,2.077472e+01,2.072594e+01,2.066318e+01,2.067016e+01,2.077472e+01,2.076079e+01,2.067713e+01,2.076775e+01,2.076079e+01,2.073988e+01,2.069805e+01,2.072594e+01,2.071897e+01,2.077472e+01,2.060736e+01,2.075382e+01,2.082348e+01,2.078169e+01,2.076079e+01,2.076079e+01,2.076079e+01,2.076079e+01,2.073291e+01,2.076775e+01,2.073988e+01,2.068410e+01,2.074685e+01,2.073988e+01,2.073988e+01,2.078169e+01,2.075382e+01,2.077472e+01,2.078169e+01,2.070502e+01,2.076775e+01,2.076775e+01,2.069805e+01,2.067713e+01,2.064225e+01,2.078169e+01,2.078866e+01,2.080955e+01,2.080955e+01,2.077472e+01,2.082348e+01,2.080259e+01,2.078169e+01,2.080955e+01,2.067016e+01,2.087918e+01,2.087222e+01,2.074685e+01,2.080955e+01,2.075382e+01,2.078169e+01,2.078169e+01,2.079562e+01,2.078169e+01,2.080259e+01,2.073291e+01,2.075382e+01,2.073988e+01,2.084437e+01,2.063528e+01,2.076079e+01,2.066318e+01,2.062830e+01,2.077472e+01,2.069108e+01,2.063528e+01,2.068410e+01,2.073988e+01,2.073988e+01,2.069805e+01,2.077472e+01,2.072594e+01,2.077472e+01,2.080259e+01,2.076079e+01,2.074685e+01,2.061434e+01,2.062830e+01,2.064225e+01,2.063528e+01,2.071200e+01,2.078169e+01,2.079562e+01,2.072594e+01,2.073291e+01,2.078866e+01,2.076079e+01,2.075382e+01,2.076079e+01,2.074685e+01,2.076079e+01,2.077472e+01,2.076775e+01,2.076079e+01,2.078169e+01,2.075382e+01,2.067016e+01,2.076775e+01,2.067713e+01,2.071897e+01,2.072594e+01,2.069108e+01,2.066318e+01,2.078866e+01,2.064923e+01,2.074685e+01,2.076775e+01,2.073291e+01,2.070502e+01,2.070502e+01,2.068410e+01,2.071897e+01,2.087918e+01,2.068410e+01,2.090006e+01,2.066318e+01,2.079562e+01,2.067016e+01,2.067713e+01,2.084437e+01,2.071200e+01,2.076775e+01,2.078169e+01,2.076775e+01,2.073291e+01,2.076079e+01,2.076079e+01,2.073988e+01,2.073988e+01,2.072594e+01,2.073988e+01,2.069108e+01,2.078866e+01,2.058643e+01,2.076775e+01,2.078866e+01,2.073291e+01
2.080955e+01,2.079562e+01,2.073988e+01,2.083741e+01,2.085830e+01,2.084437e+01,2.064225e+01,2.064923e+01,2.081652e+01,2.078169e+01,2.082348e+01,2.080955e+01,2.083045e+01,2.083741e+01,2.080259e+01,2.075382e+01,2.077472e+01,2.082348e+01,2.075382e+01,2.087222e+01,2.083045e+01,2.090702e+01,2.078169e+01,2.083045e+01,2.083741e+01,2.082348e+01,2.079562e+01,2.078169e+01,2.080259e+01,2.084437e+01,2.098353e+01,2.084437e+01,2.082348e+01,2.083045e+01,2.087222e+01,2.080259e+01,2.094876e+01,2.081652e+01,2.081652e+01,2.075382e+01,2.078169e+01,2.073291e+01,2.075382e+01,2.078866e+01,2.089310e+01,2.092093e+01,2.072594e+01,2.073988e+01,2.093485e+01,2.076775e+01,2.083741e+01,2.057944e+01,2.050961e+01,2.051660e+01,2.060039e+01,2.047468e+01,2.077472e+01,2.059340e+01,2.061434e+01,2.067016e+01,2.064923e+01,2.051660e+01,2.057944e+01,2.077472e+01,2.083741e+01,2.061434e+01,2.060736e+01,2.073988e+01,2.076079e+01,2.074685e+01,2.056548e+01,2.048166e+01,2.057246e+01,2.036280e+01,2.036280e+01,2.027181e+01,2.025080e+01,2.024380e+01,2.027881e+01,2.055850e+01,2.059340e+01,2.064923e+01,2.066318e+01,2.071200e+01,2.074685e+01,2.071897e+01,2.073988e+01,2.067016e+01,2.071200e+01,2.065621e+01,2.062132e+01,2.048865e+01,2.068410e+01,2.061434e+01,2.071897e+01,2.062830e+01,2.065621e+01,2.062132e+01,2.067713e+01,2.062132e+01,2.062132e+01,2.062132e+01,2.060039e+01,2.060736e+01,2.052358e+01,2.063528e+01,2.066318e+01,2.061434e+01,2.079562e+01,2.069805e+01,2.071200e+01,2.064225e+01,2.067016e+01,2.072594e+01,2.075382e+01,2.077472e+01,2.079562e+01,2.062830e+01,2.060736e+01,2.066318e+01,2.067016e+01,2.067016e+01,2.070502e+01,2.064225e+01,2.062830e+01,2.064923e+01,2.063528e+01,2.055850e+01,2.054453e+01,2.053755e+01,2.066318e+01,2.055850e+01,2.068410e+01,2.064923e+01,2.060736e+01,2.063528e+01,2.067713e+01,2.068410e+01,2.062132e+01,2.065621e+01,2.055152e+01,2.064225e+01,2.074685e+01,2.073291e+01,2.068410e+01,2.050262e+01,2.064225e+01,2.055850e+01,2.064225e+01,2.066318e+01,2.068410e+01,2.060039e+01,2.056548e+01,2.064225e+01,2.067016e+01,2.062830e+01,2.072594e+01,2.053057e+01,2.052358e+01,2.055152e+01,2.063528e+01,2.069108e+01,2.073988e+01,2.062830e+01,2.071200e+01,2.071897e+01,2.059340e+01,2.076775e+01,2.078866e+01,2.068410e+01,2.073988e+01,2.065621e+01,2.069805e+01,2.067713e+01,2.065621e+01,2.069805e+01,2.067713e+01,2.064225e+01,2.071200e+01,2.083045e+01,2.086526e+01,2.072594e+01,2.079562e+01,2.093485e+01,2.080259e+01,2.087918e+01,2.078169e+01,2.078169e+01,2.076079e+01,2.074685e+01,2.077472e+01,2.074685e+01,2.071200e+01,2.081652e+01,2.076775e+01,2.085134e+01,2.077472e+01,2.084437e+01,2.080955e+01,2.075382e+01,2.075382e+01,2.076775e+01,2.083741e+01,2.072594e+01,2.073291e+01,2.082348e+01,2.083741e+01,2.073988e+01,2.075382e+01,2.076079e+01,2.090702e+01,2.081652e+01,2.067713e+01,2.073988e+01,2.071897e+01,2.073988e+01,2.069108e+01,2.052358e+01,2.055850e+01,2.055152e+01,2.053057e+01,2.055152e+01,2.058643e+01,2.057944e+01,2.054453e+01,2.055152e+01,2.068410e+01,2.059340e+01,2.047468e+01,2.062830e+01,2.063528e+01,2.066318e+01,2.065621e+01,2.069805e+01,2.069108e+01,2.066318e+01,2.062132e+01,2.062830e+01,2.077472e+01,2.074685e+01,2.067016e+01,2.069108e+01,2.064923e+01,2.062132e+01,2.064923e+01,2.076775e+01,2.076079e+01,2.067713e+01,2.069805e+01,2.072594e+01,2.071200e+01,2.074685e+01,2.069805e+01,2.067713e+01,2.078169e+01,2.083741e+01,2.081652e+01,2.078169e+01,2.074685e+01,2.090702e+01,2.071897e+01,2.084437e+01,2.082348e+01,2.080955e+01,2.080955e+01,2.085830e+01,2.084437e+01,2.071897e+01,2.078866e+01,2.085830e+01,2.077472e+01,2.078866e+01,2.084437e+01,2.087918e+01,2.076775e+01,2.067713e+01,2.077472e+01,2.076775e+01,2.079562e+01,2.080259e+01,2.076079e+01,2.071897e+01,2.076775e+01,2.076079e+01,2.077472e+01,2.076079e+01,2.077472e+01,2.071200e+01,2.073988e+01,2.071897e+01,2.068410e+01,2.070502e+01,2.067016e+01,2.087918e+01,2.071200e+01,2.067713e+01,2.071897e+01,2.076079e+01,2.078169e+01,2.075382e+01,2.073988e+01,2.074685e+01,2.075382e+01,2.070502e+01,2.055850e+01,2.069108e+01,2.064225e+01,2.063528e+01,2.065621e+01,2.067016e+01,2.067713e+01,2.068410e+01,2.072594e+01,2.073291e+01,2.072594e+01,2.075382e+01,2.069108e+01,2.090702e+01,2.088614e+01,2.075382e+01,2.083045e+01,2.072594e+01,2.069805e+01,2.069805e+01,2.073988e+01,2.075382e+01,2.080955e+01,2.075382e+01,2.075382e+01,2.075382e+01,2.072594e+01,2.078169e+01,2.069805e+01,2.073291e+01,2.070502e+01,2.067016e+01,2.070502e+01,2.072594e+01,2.073291e+01,2.076775e+01,2.075382e+01,2.071897e+01,2.072594e+01,2.077472e+01,2.069805e+01,2.075382e+01,2.073291e+01,2.076775e+01,2.066318e+01,2.068410e+01,2.076775e+01,2.070502e+01,2.067016e+01,2.072594e+01,2.064225e+01,2.076079e+01,2.076079e+01,2.077472e+01,2.078169e+01,2.076079e+01,2.074685e+01,2.076775e+01,2.070502e+01,2.076775e+01,2.083741e+01,2.070502e+01,2.070502e+01,2.087222e+01,2.073291e+01,2.086526e+01,2.080955e+01,2.080259e+01,2.073988e+01,2.078866e+01,2.064225e+01,2.074685e+01,2.079562e+01,2.081652e+01,2.076775e+01,2.075382e+01,2.079562e+01,2.076775e+01,2.073291e+01,2.077472e+01,2.076079e+01,2.076079e+01,2.078866e+01,2.075382e+01,2.082348e+01,2.080955e+01,2.078169e+01,2.069805e+01,2.080259e+01,2.074685e+01,2.070502e+01,2.069108e+01,2.078866e+01,2.083045e+01,2.078866e+01,2.073988e+01,2.073291e+01,2.074685e+01,2.074685e+01,2.076079e+01,2.078866e+01,2.070502e+01,2.073988e+01,2.069108e+01,2.077472e+01,2.073988e+01,2.075382e+01,2.077472e+01,2.073291e+01,2.079562e+01,2.083741e+01,2.078866e+01,2.078866e+01,2.075382e+01,2.076079e+01,2.072594e+01,2.072594e+01,2.083741e+01,2.073291e+01,2.072594e+01,2.070502e+01,2.075382e+01,2.088614e+01,2.078866e+01,2.076079e+01,2.071897e+01,2.075382e+01,2.071200e+01,2.076079e+01,2.073988e+01,2.077472e+01,2.067016e+01,2.081652e+01,2.076079e+01,2.081652e+01,2.057944e+01,2.083741e+01,2.074685e+01,2.074685e+01,2.073988e+01,2.076079e+01,2.076079e+01,2.083045e+01,2.076775e+01,2.078169e+01,2.073988e+01,2.083045e+01,2.070502e+01,2.076775e+01,2.073291e+01,2.085830e+01,2.077472e+01,2.076079e+01,2.084437e+01,2.071200e+01,2.081652e+01,2.092093e+01,2.088614e+01,2.077472e+01,2.072594e+01,2.072594e+01,2.076775e+01,2.074685e+01,2.076079e+01,2.072594e+01,2.073291e+01,2.093485e+01,2.079562e+01,2.076775e+01,2.075382e+01,2.073988e+01,2.073988e+01,2.083045e+01,2.080259e+01,2.073291e+01,2.076775e+01,2.077472e+01,2.077472e+01,2.076079e+01,2.078866e+01,2.071897e+01,2.069805e+01,2.066318e+01,2.090702e+01,2.076775e+01,2.078866e+01,2.074685e+01,2.074685e+01,2.086526e+01,2.073291e+01,2.082348e+01,2.081652e+01,2.078866e+01,2.086526e+01,2.086526e+01,2.078866e+01,2.078866e+01,2.078866e+01,2.071200e+01,2.071897e+01,2.077472e+01,2.076079e+01,2.079562e+01,2.085830e+01,2.072594e+01,2.069108e+01,2.071200e+01,2.067713e+01,2.074685e+01,2.076079e+01,2.071200e+01,2.073291e+01,2.079562e+01,2.078866e+01,2.076079e+01,2.074685e+01,2.074685e+01,2.069108e+01,2.079562e+01,2.071897e+01,2.069805e+01,2.073291e+01,2.076079e+01,2.076079e+01,2.076079e+01,2.073988e+01,2.079562e+01,2.080955e+01,2.083741e+01,2.062132e+01,2.073988e+01,2.072594e+01,2.080955e+01,2.073291e+01,2.081652e+01,2.076079e+01,2.081652e+01,2.080955e+01,2.078169e+01,2.071897e+01,2.082348e+01,2.085134e+01,2.084437e+01,2.064923e+01,2.086526e+01,2.091398e+01,2.080259e+01,2.076775e+01,2.073988e+01,2.078169e+01,2.080259e+01,2.080259e+01,2.078866e+01,2.071200e+01,2.078169e+01,2.073291e+01,2.079562e+01,2.080259e+01,2.072594e+01,2.090702e+01,2.076775e+01,2.092789e+01,2.080259e+01,2.078169e+01,2.076775e+01,2.074685e+01,2.071897e+01,2.067713e+01,2.069805e+01,2.073291e+01,2.074685e+01,2.074685e+01,2.079562e+01,2.075382e+01,2.077472e+01,2.076079e+01,2.078169e+01,2.083741e+01,2.069805e+01,2.077472e+01,2.081652e+01,2.073291e+01,2.073988e+01,2.071897e+01,2.069108e+01,2.081652e+01,2.071897e+01,2.073291e+01,2.076079e+01,2.084437e+01,2.076775e+01,2.077472e+01,2.076079e+01,2.084437e+01,2.070502e+01,2.078866e+01,2.068410e+01,2.072594e+01,2.065621e+01,2.074685e+01,2.078169e+01,2.070502e+01,2.071897e+01,2.068410e+01,2.079562e+01,2.085830e+01,2.073988e+01,2.076079e+01,2.077472e+01,2.074685e+01,2.071200e+01,2.069805e+01,2.090702e+01,2.073988e+01,2.071200e+01,2.080259e+01,2.071200e+01,2.066318e+01,2.076079e+01,2.081652e+01,2.073291e+01,2.077472e+01,2.081652e+01,2.078866e+01,2.073988e+01,2.076775e+01,2.075382e+01,2.073988e+01,2.072594e+01,2.096962e+01,2.074685e+01,2.073291e+01,2.078866e+01,2.081652e+01,2.086526e+01,2.076079e+01
2.078866e+01,2.071200e+01,2.082348e+01,2.077472e+01,2.066318e+01,2.087918e+01,2.078169e+01,2.072594e+01,2.080259e+01,2.080259e+01,2.083741e+01,2.079562e+01,2.076775e+01,2.081652e+01,2.087918e+01,2.083045e+01,2.083045e+01,2.072594e+01,2.082348e+01,2.070502e+01,2.078866e+01,2.073291e+01,2.083741e+01,2.092789e+01,2.085134e+01,2.079562e+01,2.079562e+01,2.080259e+01,2.065621e+01,2.085830e+01,2.081652e+01,2.091398e+01,2.076775e+01,2.083741e+01,2.092789e+01,2.085830e+01,2.080955e+01,2.081652e+01,2.090006e+01,2.083741e+01,2.075382e+01,2.080955e+01,2.089310e+01,2.073291e+01,2.080955e+01,2.086526e+01,2.074685e+01,2.073988e+01,2.072594e+01,2.054453e+01,2.048166e+01,2.044672e+01,2.025781e+01,2.057246e+01,2.036280e+01,2.044672e+01,2.049564e+01,2.043274e+01,2.056548e+01,2.041176e+01,2.050961e+01,2.052358e+01,2.053057e+01,2.071897e+01,2.076775e+01,2.065621e+01,2.067713e+01,2.072594e+01,2.051660e+01,2.052358e+01,2.056548e+01,2.048166e+01,2.034181e+01,2.018775e+01,2.020877e+01,2.032082e+01,2.027181e+01,2.026481e+01,2.036980e+01,2.034881e+01,2.060736e+01,2.062830e+01,2.067713e+01,2.065621e+01,2.069805e+01,2.067713e+01,2.063528e+01,2.073291e+01,2.070502e+01,2.070502e+01,2.060736e+01,2.070502e+01,2.065621e+01,2.062830e+01,2.070502e+01,2.057944e+01,2.060039e+01,2.069108e+01,2.062830e+01,2.064923e+01,2.064225e+01,2.062132e+01,2.059340e+01,2.067713e+01,2.059340e+01,2.062132e+01,2.066318e+01,2.063528e+01,2.080259e+01,2.070502e+01,2.068410e+01,2.061434e+01,2.074685e+01,2.076775e+01,2.071200e+01,2.073988e+01,2.075382e+01,2.060736e+01,2.065621e+01,2.062132e+01,2.067713e+01,2.067713e+01,2.065621e+01,2.069805e+01,2.066318e+01,2.067713e+01,2.064225e+01,2.069108e+01,2.062132e+01,2.071200e+01,2.053755e+01,2.075382e+01,2.062132e+01,2.064923e+01,2.060039e+01,2.071200e+01,2.058643e+01,2.065621e+01,2.060736e+01,2.055152e+01,2.074685e+01,2.073291e+01,2.062132e+01,2.063528e+01,2.064923e+01,2.064225e+01,2.065621e+01,2.064923e+01,2.060736e+01,2.063528e+01,2.059340e+01,2.057944e+01,2.055152e+01,2.066318e+01,2.053755e+01,2.051660e+01,2.060736e+01,2.052358e+01,2.050961e+01,2.060039e+01,2.064225e+01,2.064923e+01,2.063528e+01,2.060736e+01,2.056548e+01,2.071200e+01,2.070502e+01,2.067713e+01,2.067713e+01,2.070502e+01,2.070502e+01,2.071897e+01,2.064225e+01,2.065621e+01,2.066318e+01,2.066318e+01,2.077472e+01,2.064923e+01,2.067016e+01,2.070502e+01,2.073291e+01,2.071200e+01,2.077472e+01,2.078169e+01,2.077472e+01,2.079562e+01,2.075382e+01,2.083741e+01,2.076775e+01,2.076079e+01,2.076775e+01,2.073988e+01,2.076079e+01,2.079562e+01,2.072594e+01,2.082348e+01,2.082348e+01,2.076079e+01,2.086526e+01,2.078866e+01,2.083045e+01,2.077472e+01,2.083741e+01,2.072594e+01,2.078866e+01,2.075382e+01,2.082348e+01,2.076775e+01,2.072594e+01,2.081652e+01,2.073988e+01,2.077472e+01,2.073291e+01,2.069805e+01,2.074685e+01,2.068410e+01,2.069108e+01,2.068410e+01,2.066318e+01,2.055850e+01,2.055850e+01,2.061434e+01,2.057944e+01,2.062830e+01,2.064923e+01,2.053755e+01,2.054453e+01,2.060736e+01,2.061434e+01,2.063528e+01,2.067713e+01,2.064225e+01,2.067713e+01,2.050262e+01,2.067713e+01,2.070502e+01,2.067713e+01,2.057944e+01,2.074685e+01,2.062830e+01,2.067713e+01,2.072594e+01,2.071200e+01,2.076079e+01,2.075382e+01,2.060039e+01,2.069805e+01,2.060039e+01,2.070502e+01,2.070502e+01,2.072594e+01,2.065621e+01,2.080259e+01,2.070502e+01,2.071897e+01,2.073291e+01,2.073988e+01,2.072594e+01,2.076775e+01,2.078866e+01,2.081652e+01,2.086526e+01,2.081652e+01,2.090702e+01,2.080259e+01,2.080259e+01,2.080955e+01,2.078866e+01,2.081652e+01,2.079562e+01,2.087222e+01,2.088614e+01,2.086526e+01,2.096962e+01,2.085134e+01,2.083045e+01,2.072594e+01,2.074685e+01,2.068410e+01,2.080259e+01,2.078866e+01,2.069805e+01,2.080955e+01,2.078866e+01,2.080259e+01,2.078866e+01,2.073291e+01,2.073988e+01,2.066318e+01,2.075382e+01,2.069805e+01,2.069805e+01,2.068410e+01,2.070502e+01,2.069805e+01,2.069108e+01,2.078169e+01,2.070502e+01,2.076079e+01,2.073291e+01,2.080955e+01,2.082348e+01,2.070502e+01,2.071200e+01,2.071200e+01,2.069805e+01,2.067713e+01,2.061434e+01,2.068410e+01,2.067016e+01,2.067713e+01,2.065621e+01,2.071897e+01,2.070502e+01,2.073291e+01,2.074685e+01,2.076079e+01,2.077472e+01,2.082348e+01,2.080955e+01,2.080259e+01,2.073988e+01,2.071897e+01,2.074685e+01,2.071897e+01,2.076079e+01,2.074685e+01,2.074685e+01,2.078866e+01,2.079562e+01,2.076079e+01,2.078169e+01,2.078169e+01,2.076079e+01,2.077472e+01,2.086526e+01,2.067713e+01,2.067713e+01,2.069108e+01,2.069108e+01,2.069805e+01,2.067713e+01,2.074685e+01,2.073291e+01,2.076079e+01,2.074685e+01,2.076775e+01,2.070502e+01,2.074685e+01,2.071200e+01,2.076775e+01,2.074685e+01,2.069108e+01,2.064923e+01,2.068410e+01,2.082348e+01,2.083045e+01,2.082348e+01,2.077472e+01,2.081652e+01,2.074685e+01,2.081652e+01,2.073988e+01,2.079562e+01,2.079562e+01,2.079562e+01,2.078169e+01,2.082348e+01,2.078866e+01,2.080955e+01,2.068410e+01,2.076775e+01,2.076079e+01,2.077472e+01,2.078169e+01,2.085830e+01,2.075382e+01,2.076775e+01,2.078866e+01,2.074685e+01,2.080259e+01,2.077472e+01,2.068410e+01,2.075382e+01,2.080259e+01,2.073291e+01,2.080259e+01,2.080259e+01,2.080259e+01,2.064923e+01,2.079562e+01,2.070502e+01,2.074685e+01,2.067713e+01,2.076079e+01,2.076079e+01,2.081652e+01,2.079562e+01,2.073988e+01,2.075382e+01,2.074685e+01,2.073988e+01,2.078169e+01,2.070502e+01,2.076079e+01,2.068410e+01,2.071200e+01,2.073291e+01,2.074685e+01,2.072594e+01,2.081652e+01,2.081652e+01,2.076079e+01,2.070502e+01,2.074685e+01,2.077472e+01,2.071200e+01,2.077472e+01,2.076775e+01,2.073291e+01,2.076775e+01,2.073291e+01,2.064923e+01,2.070502e+01,2.087222e+01,2.078169e+01,2.088614e+01,2.077472e+01,2.071200e+01,2.075382e+01,2.075382e+01,2.069108e+01,2.076079e+01,2.078169e+01,2.077472e+01,2.078866e+01,2.076079e+01,2.072594e+01,2.083741e+01,2.076775e+01,2.076079e+01,2.075382e+01,2.075382e+01,2.076775e+01,2.083045e+01,2.074685e+01,2.075382e+01,2.076079e+01,2.080259e+01,2.071897e+01,2.075382e+01,2.069108e+01,2.076079e+01,2.077472e+01,2.078169e+01,2.071897e+01,2.077472e+01,2.080259e+01,2.066318e+01,2.084437e+01,2.069805e+01,2.084437e+01,2.084437e+01,2.084437e+01,2.076079e+01,2.067713e+01,2.073291e+01,2.073988e+01,2.076079e+01,2.076775e+01,2.078169e+01,2.091398e+01,2.081652e+01,2.077472e+01,2.078866e+01,2.073291e+01,2.071897e+01,2.078866e+01,2.076079e+01,2.077472e+01,2.073291e+01,2.079562e+01,2.073291e+01,2.071897e+01,2.069805e+01,2.068410e+01,2.073988e+01,2.091398e+01,2.080259e+01,2.076775e+01,2.073291e+01,2.078169e+01,2.077472e+01,2.080259e+01,2.075382e+01,2.079562e+01,2.090006e+01,2.080955e+01,2.076775e+01,2.075382e+01,2.077472e+01,2.073291e+01,2.075382e+01,2.093485e+01,2.067016e+01,2.074685e+01,2.071200e+01,2.070502e+01,2.077472e+01,2.068410e+01,2.073291e+01,2.070502e+01,2.066318e+01,2.076775e+01,2.081652e+01,2.077472e+01,2.075382e+01,2.083741e+01,2.076775e+01,2.075382e+01,2.073988e+01,2.086526e+01,2.066318e+01,2.077472e+01,2.069805e+01,2.083741e+01,2.074685e+01,2.075382e+01,2.069108e+01,2.074685e+01,2.069108e+01,2.082348e+01,2.083741e+01,2.085134e+01,2.072594e+01,2.073291e+01,2.074685e+01,2.073291e+01,2.081652e+01,2.082348e+01,2.080259e+01,2.083741e+01,2.076079e+01,2.080259e+01,2.070502e+01,2.071200e+01,2.082348e+01,2.082348e+01,2.075382e+01,2.087918e+01,2.083045e+01,2.078866e+01,2.073291e+01,2.081652e+01,2.066318e+01,2.064225e+01,2.077472e+01,2.077472e+01,2.080259e+01,2.073291e+01,2.071897e+01,2.071897e+01,2.060736e+01,2.067713e+01,2.080259e+01,2.078169e+01,2.078866e+01,2.071200e+01,2.075382e+01,2.063528e+01,2.073291e+01,2.076079e+01,2.071897e+01,2.064923e+01,2.078169e+01,2.078169e+01,2.078169e+01,2.075382e+01,2.071200e+01,2.073291e+01,2.076079e+01,2.074685e+01,2.068410e+01,2.075382e+01,2.070502e+01,2.078866e+01,2.072594e+01,2.070502e+01,2.063528e+01,2.076079e+01,2.088614e+01,2.078866e+01,2.087222e+01,2.080259e+01,2.069108e+01,2.067713e+01,2.075382e+01,2.079562e+01,2.065621e+01,2.070502e+01,2.066318e+01,2.092093e+01,2.072594e+01,2.077472e+01,2.079562e+01,2.080955e+01,2.080259e+01,2.072594e+01,2.074685e+01,2.075382e+01,2.078169e+01,2.072594e+01,2.083741e+01,2.087918e+01,2.072594e+01,2.074685e+01,2.069108e+01,2.088614e+01,2.071897e+01,2.084437e+01,2.077472e+01,2.082348e+01,2.078169e+01,2.081652e+01,2.072594e+01,2.073291e+01,2.071897e+01,2.071200e+01,2.091398e+01,2.066318e+01,2.068410e+01,2.078169e+01,2.083045e+01,2.072594e+01,2.067713e+01,2.083741e+01,2.083741e+01,2.081652e+01,2.083741e+01,2.077472e+01
2.083045e+01,2.081652e+01,2.075382e+01,2.077472e+01,2.073988e+01,2.084437e+01,2.069108e+01,2.083741e+01,2.085830e+01,2.080955e+01,2.077472e+01,2.083045e+01,2.079562e+01,2.080259e+01,2.085830e+01,2.085134e+01,2.086526e+01,2.082348e+01,2.082348e+01,2.071200e+01,2.071897e+01,2.078169e+01,2.076775e+01,2.088614e+01,2.080955e+01,2.079562e+01,2.083045e+01,2.076775e+01,2.080259e+01,2.079562e+01,2.080955e+01,2.089310e+01,2.083045e+01,2.088614e+01,2.081652e+01,2.080955e+01,2.072594e+01,2.087222e+01,2.089310e+01,2.080259e+01,2.078169e+01,2.076775e+01,2.081652e+01,2.076079e+01,2.077472e+01,2.073988e+01,2.071200e+01,2.047468e+01,2.062132e+01,2.051660e+01,2.043274e+01,2.020177e+01,2.035581e+01,2.023680e+01,2.036280e+01,2.020877e+01,2.024380e+01,2.039778e+01,2.028582e+01,2.042575e+01,2.050961e+01,2.050262e+01,2.055152e+01,2.057944e+01,2.070502e+01,2.061434e+01,2.044672e+01,2.041176e+01,2.064225e+01,2.054453e+01,2.034881e+01,2.033481e+01,2.031382e+01,2.023680e+01,2.023680e+01,2.022979e+01,2.025080e+01,2.048865e+01,2.053755e+01,2.056548e+01,2.070502e+01,2.057944e+01,2.069805e+01,2.069805e+01,2.066318e+01,2.064225e+01,2.065621e+01,2.064923e+01,2.066318e+01,2.066318e+01,2.054453e+01,2.062830e+01,2.060736e+01,2.066318e+01,2.053057e+01,2.071897e+01,2.064923e+01,2.066318e+01,2.061434e+01,2.068410e+01,2.061434e+01,2.065621e+01,2.071897e+01,2.060039e+01,2.064225e+01,2.069108e+01,2.067016e+01,2.066318e+01,2.083741e+01,2.068410e+01,2.073988e+01,2.070502e+01,2.074685e+01,2.073291e+01,2.075382e+01,2.073291e+01,2.073988e+01,2.072594e+01,2.070502e+01,2.075382e+01,2.062132e+01,2.064923e+01,2.073291e+01,2.066318e+01,2.071897e+01,2.065621e+01,2.064923e+01,2.060736e+01,2.064225e+01,2.073291e+01,2.066318e+01,2.062830e+01,2.071200e+01,2.072594e+01,2.064225e+01,2.063528e+01,2.057246e+01,2.057944e+01,2.069805e+01,2.056548e+01,2.057944e+01,2.067016e+01,2.061434e+01,2.069805e+01,2.058643e+01,2.061434e+01,2.050961e+01,2.064923e+01,2.063528e+01,2.064225e+01,2.059340e+01,2.056548e+01,2.053755e+01,2.057944e+01,2.056548e+01,2.057246e+01,2.055850e+01,2.050961e+01,2.060039e+01,2.053755e+01,2.052358e+01,2.053755e+01,2.071200e+01,2.060736e+01,2.076775e+01,2.065621e+01,2.068410e+01,2.081652e+01,2.066318e+01,2.068410e+01,2.067016e+01,2.067016e+01,2.071200e+01,2.041875e+01,2.067016e+01,2.069805e+01,2.068410e+01,2.067713e+01,2.070502e+01,2.069108e+01,2.077472e+01,2.073291e+01,2.073988e+01,2.080259e+01,2.073988e+01,2.078169e+01,2.074685e+01,2.085830e+01,2.074685e+01,2.081652e+01,2.092093e+01,2.075382e+01,2.076079e+01,2.075382e+01,2.072594e+01,2.071200e+01,2.076079e+01,2.077472e+01,2.078866e+01,2.062132e+01,2.080259e+01,2.087918e+01,2.077472e+01,2.073291e+01,2.086526e+01,2.078866e+01,2.082348e+01,2.078169e+01,2.085134e+01,2.083741e+01,2.087222e+01,2.079562e+01,2.076775e+01,2.077472e+01,2.071897e+01,2.069805e+01,2.074685e+01,2.064923e+01,2.053057e+01,2.062132e+01,2.057944e+01,2.060039e+01,2.057944e+01,2.068410e+01,2.061434e+01,2.064225e+01,2.052358e+01,2.052358e+01,2.059340e+01,2.060736e+01,2.067713e+01,2.065621e+01,2.058643e+01,2.054453e+01,2.061434e+01,2.057246e+01,2.060736e+01,2.059340e+01,2.062830e+01,2.066318e+01,2.071897e+01,2.065621e+01,2.066318e+01,2.078866e+01,2.067016e+01,2.072594e+01,2.067016e+01,2.061434e+01,2.064225e+01,2.071897e+01,2.069805e+01,2.071897e+01,2.083741e+01,2.079562e+01,2.064225e+01,2.080259e+01,2.072594e+01,2.085134e+01,2.081652e+01,2.079562e+01,2.071200e+01,2.073988e+01,2.071897e+01,2.078866e+01,2.075382e+01,2.078169e+01,2.078169e+01,2.083741e+01,2.076079e+01,2.072594e+01,2.071200e+01,2.073291e+01,2.083741e+01,2.069108e+01,2.084437e+01,2.086526e+01,2.069805e+01,2.080259e+01,2.066318e+01,2.081652e+01,2.083045e+01,2.074685e+01,2.080259e+01,2.078169e+01,2.073988e+01,2.074685e+01,2.076775e+01,2.073988e+01,2.078169e+01,2.069108e+01,2.064225e+01,2.073291e+01,2.066318e+01,2.071200e+01,2.060039e+01,2.072594e+01,2.072594e+01,2.071897e+01,2.071897e+01,2.072594e+01,2.084437e+01,2.088614e+01,2.077472e+01,2.073988e+01,2.067016e+01,2.071200e+01,2.063528e+01,2.063528e+01,2.070502e+01,2.069805e+01,2.072594e+01,2.073291e+01,2.071897e+01,2.073291e+01,2.073291e+01,2.070502e+01,2.072594e+01,2.080259e+01,2.087222e+01,2.071897e+01,2.082348e+01,2.071200e+01,2.074685e+01,2.068410e+01,2.069805e+01,2.077472e+01,2.055152e+01,2.076079e+01,2.075382e+01,2.072594e+01,2.073291e+01,2.073988e+01,2.078169e+01,2.071200e+01,2.075382e+01,2.073988e+01,2.074685e+01,2.081652e+01,2.071200e+01,2.071897e+01,2.074685e+01,2.072594e+01,2.071897e+01,2.073291e+01,2.074685e+01,2.072594e+01,2.072594e+01,2.071200e+01,2.075382e+01,2.075382e+01,2.076079e+01,2.069108e+01,2.066318e+01,2.071200e+01,2.073988e+01,2.083045e+01,2.071897e+01,2.076079e+01,2.074685e+01,2.080259e+01,2.073988e+01,2.076079e+01,2.071897e+01,2.075382e+01,2.076079e+01,2.080955e+01,2.080259e+01,2.078169e+01,2.062830e+01,2.062830e+01,2.076079e+01,2.076079e+01,2.070502e+01,2.075382e+01,2.072594e+01,2.077472e+01,2.080259e+01,2.073988e+01,2.077472e+01,2.078169e+01,2.064225e+01,2.080259e+01,2.080259e+01,2.081652e+01,2.081652e+01,2.076079e+01,2.081652e+01,2.063528e+01,2.078169e+01,2.079562e+01,2.065621e+01,2.064923e+01,2.073291e+01,2.076775e+01,2.066318e+01,2.073291e+01,2.074685e+01,2.074685e+01,2.073291e+01,2.073988e+01,2.074685e+01,2.072594e+01,2.072594e+01,2.075382e+01,2.069108e+01,2.067016e+01,2.067713e+01,2.072594e+01,2.080259e+01,2.075382e+01,2.062830e+01,2.061434e+01,2.073988e+01,2.079562e+01,2.074685e+01,2.071897e+01,2.077472e+01,2.080955e+01,2.073988e+01,2.075382e+01,2.076079e+01,2.075382e+01,2.077472e+01,2.072594e+01,2.087918e+01,2.077472e+01,2.071897e+01,2.073291e+01,2.075382e+01,2.072594e+01,2.073291e+01,2.073988e+01,2.074685e+01,2.080259e+01,2.073988e+01,2.082348e+01,2.073988e+01,2.073988e+01,2.075382e+01,2.072594e+01,2.080259e+01,2.074685e+01,2.076079e+01,2.071897e+01,2.073988e+01,2.073988e+01,2.077472e+01,2.071200e+01,2.080259e+01,2.076775e+01,2.076775e+01,2.075382e+01,2.078169e+01,2.073988e+01,2.079562e+01,2.077472e+01,2.076079e+01,2.075382e+01,2.076775e+01,2.085134e+01,2.080259e+01,2.076079e+01,2.076775e+01,2.081652e+01,2.084437e+01,2.076079e+01,2.085134e+01,2.076079e+01,2.078866e+01,2.071897e+01,2.078866e+01,2.070502e+01,2.064225e+01,2.089310e+01,2.108083e+01,2.073988e+01,2.073988e+01,2.080955e+01,2.080955e+01,2.073988e+01,2.073291e+01,2.076775e+01,2.078169e+01,2.076079e+01,2.080955e+01,2.083045e+01,2.074685e+01,2.068410e+01,2.074685e+01,2.071897e+01,2.071897e+01,2.077472e+01,2.077472e+01,2.084437e+01,2.089310e+01,2.090702e+01,2.076775e+01,2.072594e+01,2.083741e+01,2.070502e+01,2.078866e+01,2.061434e+01,2.065621e+01,2.077472e+01,2.071200e+01,2.078866e+01,2.073291e+01,2.069108e+01,2.067713e+01,2.075382e+01,2.071897e+01,2.064225e+01,2.071200e+01,2.071897e+01,2.073291e+01,2.079562e+01,2.076775e+01,2.077472e+01,2.074685e+01,2.076775e+01,2.083045e+01,2.078169e+01,2.077472e+01,2.078866e+01,2.074685e+01,2.070502e+01,2.074685e+01,2.086526e+01,2.073988e+01,2.078866e+01,2.080259e+01,2.079562e+01,2.073291e+01,2.082348e+01,2.090702e+01,2.082348e+01,2.080955e+01,2.074685e+01,2.081652e+01,2.073988e+01,2.071897e+01,2.079562e+01,2.069805e+01,2.083045e+01,2.081652e+01,2.068410e+01,2.074685e+01,2.076775e+01,2.080259e+01,2.099048e+01,2.072594e+01,2.081652e+01,2.073988e+01,2.078169e+01,2.082348e+01,2.071200e+01,2.069108e+01,2.064225e+01,2.064225e+01,2.071897e+01,2.076079e+01,2.079562e+01,2.074685e+01,2.074685e+01,2.070502e+01,2.073291e+01,2.066318e+01,2.079562e+01,2.076775e+01,2.074685e+01,2.074685e+01,2.072594e+01,2.067713e+01,2.076775e+01,2.076775e+01,2.073988e+01,2.081652e+01,2.073291e+01,2.070502e+01,2.071897e+01,2.073988e+01,2.072594e+01,2.072594e+01,2.073291e+01,2.073291e+01,2.073291e+01,2.068410e+01,2.072594e+01,2.064923e+01,2.062132e+01,2.071200e+01,2.073988e+01,2.083741e+01,2.083045e+01,2.083741e+01,2.069805e+01,2.071200e+01,2.083741e+01,2.076775e+01,2.069108e+01,2.065621e+01,2.074685e+01,2.079562e+01,2.076079e+01,2.078169e+01,2.066318e+01,2.081652e+01,2.068410e+01,2.066318e+01,2.071200e+01,2.071200e+01,2.073988e+01,2.071897e+01,2.070502e+01,2.076079e+01,2.080259e+01,2.073988e+01,2.072594e+01,2.069805e+01,2.084437e+01,2.082348e+01,2.069805e+01,2.068410e+01,2.074685e+01,2.081652e+01,2.072594e+01,2.095572e+01,2.073291e+01,2.090702e+01,2.069805e+01,2.090006e+01,2.092093e+01,2.071200e+01,2.071200e+01,2.084437e+01,2.082348e+01,2.083045e+01,2.084437e+01,2.069108e+01,2.078169e+01
2.067713e+01,2.081652e+01,2.072594e+01,2.076079e+01,2.079562e+01,2.080259e+01,2.073291e+01,2.080259e+01,2.079562e+01,2.081652e+01,2.076079e+01,2.077472e+01,2.082348e+01,2.082348e+01,2.088614e+01,2.088614e+01,2.082348e+01,2.073291e+01,2.082348e+01,2.077472e+01,2.073291e+01,2.077472e+01,2.090006e+01,2.087918e+01,2.080259e+01,2.078866e+01,2.086526e+01,2.079562e+01,2.057944e+01,2.079562e+01,2.090006e+01,2.086526e+01,2.089310e+01,2.076079e+01,2.078169e+01,2.080259e+01,2.081652e+01,2.080259e+01,2.083045e+01,2.079562e+01,2.076775e+01,2.070502e+01,2.074685e+01,2.085830e+01,2.073291e+01,2.061434e+01,2.051660e+01,2.044672e+01,2.044672e+01,2.042575e+01,2.060039e+01,2.026481e+01,2.036280e+01,2.029282e+01,2.019476e+01,2.026481e+01,2.026481e+01,2.027181e+01,2.022278e+01,2.039078e+01,2.039778e+01,2.062830e+01,2.041176e+01,2.047468e+01,2.061434e+01,2.060736e+01,2.034881e+01,2.053755e+01,2.034881e+01,2.050262e+01,2.026481e+01,2.031382e+01,2.012466e+01,2.016672e+01,2.022278e+01,2.025080e+01,2.041875e+01,2.043274e+01,2.052358e+01,2.055850e+01,2.067713e+01,2.076775e+01,2.069108e+01,2.073291e+01,2.071200e+01,2.067713e+01,2.063528e+01,2.075382e+01,2.058643e+01,2.063528e+01,2.068410e+01,2.056548e+01,2.062132e+01,2.067713e+01,2.076775e+01,2.068410e+01,2.069805e+01,2.067713e+01,2.057246e+01,2.065621e+01,2.061434e+01,2.064923e+01,2.062132e+01,2.076079e+01,2.067713e+01,2.070502e+01,2.071200e+01,2.069805e+01,2.070502e+01,2.077472e+01,2.076775e+01,2.053755e+01,2.074685e+01,2.075382e+01,2.076079e+01,2.062132e+01,2.062830e+01,2.069805e+01,2.064225e+01,2.061434e+01,2.062830e+01,2.071897e+01,2.068410e+01,2.066318e+01,2.067016e+01,2.068410e+01,2.065621e+01,2.068410e+01,2.060736e+01,2.064923e+01,2.063528e+01,2.062830e+01,2.062132e+01,2.060039e+01,2.060039e+01,2.064923e+01,2.074685e+01,2.055850e+01,2.070502e+01,2.062132e+01,2.059340e+01,2.062132e+01,2.069108e+01,2.064923e+01,2.061434e+01,2.039078e+01,2.056548e+01,2.060736e+01,2.060039e+01,2.056548e+01,2.064225e+01,2.055152e+01,2.053057e+01,2.057246e+01,2.061434e+01,2.055152e+01,2.050961e+01,2.056548e+01,2.062830e+01,2.058643e+01,2.055152e+01,2.058643e+01,2.059340e+01,2.068410e+01,2.065621e+01,2.077472e+01,2.065621e+01,2.083741e+01,2.062132e+01,2.064225e+01,2.069805e+01,2.067713e+01,2.070502e+01,2.069108e+01,2.061434e+01,2.067016e+01,2.068410e+01,2.064923e+01,2.070502e+01,2.076079e+01,2.071897e+01,2.071897e+01,2.073291e+01,2.074685e+01,2.074685e+01,2.078169e+01,2.078866e+01,2.074685e+01,2.078169e+01,2.074685e+01,2.075382e+01,2.067016e+01,2.076775e+01,2.071897e+01,2.075382e+01,2.073988e+01,2.077472e+01,2.092093e+01,2.091398e+01,2.097658e+01,2.081652e+01,2.088614e+01,2.075382e+01,2.082348e+01,2.069108e+01,2.078866e+01,2.080955e+01,2.078169e+01,2.080259e+01,2.078866e+01,2.080259e+01,2.078866e+01,2.077472e+01,2.071897e+01,2.082348e+01,2.070502e+01,2.068410e+01,2.067713e+01,2.062132e+01,2.064923e+01,2.061434e+01,2.066318e+01,2.070502e+01,2.069108e+01,2.057944e+01,2.062132e+01,2.065621e+01,2.064225e+01,2.068410e+01,2.064923e+01,2.066318e+01,2.063528e+01,2.056548e+01,2.057246e+01,2.062132e+01,2.056548e+01,2.062132e+01,2.069108e+01,2.063528e+01,2.056548e+01,2.057246e+01,2.071897e+01,2.062830e+01,2.062830e+01,2.061434e+01,2.062132e+01,2.056548e+01,2.073291e+01,2.072594e+01,2.067713e+01,2.076775e+01,2.071897e+01,2.068410e+01,2.080955e+01,2.085830e+01,2.085134e+01,2.076079e+01,2.071200e+01,2.071897e+01,2.073988e+01,2.077472e+01,2.078866e+01,2.072594e+01,2.077472e+01,2.076079e+01,2.084437e+01,2.080259e+01,2.083045e+01,2.080955e+01,2.078169e+01,2.082348e+01,2.076079e+01,2.073988e+01,2.076079e+01,2.083741e+01,2.083741e+01,2.080259e+01,2.081652e+01,2.077472e+01,2.080259e+01,2.080259e+01,2.077472e+01,2.076079e+01,2.076775e+01,2.074685e+01,2.079562e+01,2.074685e+01,2.072594e+01,2.083045e+01,2.071897e+01,2.076079e+01,2.071897e+01,2.067713e+01,2.069805e+01,2.072594e+01,2.064923e+01,2.085134e+01,2.071200e+01,2.076079e+01,2.073988e+01,2.073291e+01,2.078169e+01,2.075382e+01,2.073291e+01,2.073291e+01,2.071200e+01,2.071200e+01,2.070502e+01,2.065621e+01,2.062132e+01,2.061434e+01,2.073988e+01,2.067016e+01,2.069805e+01,2.072594e+01,2.071200e+01,2.078169e+01,2.076775e+01,2.075382e+01,2.084437e+01,2.082348e+01,2.083741e+01,2.073291e+01,2.081652e+01,2.073988e+01,2.081652e+01,2.078169e+01,2.076775e+01,2.073291e+01,2.076775e+01,2.071897e+01,2.077472e+01,2.062830e+01,2.076775e+01,2.073988e+01,2.067016e+01,2.075382e+01,2.067016e+01,2.073988e+01,2.073291e+01,2.067713e+01,2.071200e+01,2.071200e+01,2.073988e+01,2.073988e+01,2.071897e+01,2.072594e+01,2.072594e+01,2.067016e+01,2.075382e+01,2.069108e+01,2.073988e+01,2.073988e+01,2.072594e+01,2.079562e+01,2.075382e+01,2.081652e+01,2.075382e+01,2.073988e+01,2.069108e+01,2.076079e+01,2.075382e+01,2.075382e+01,2.077472e+01,2.069108e+01,2.078169e+01,2.079562e+01,2.071897e+01,2.082348e+01,2.088614e+01,2.073988e+01,2.076079e+01,2.071897e+01,2.078169e+01,2.074685e+01,2.090702e+01,2.073988e+01,2.076775e+01,2.072594e+01,2.072594e+01,2.069108e+01,2.073988e+01,2.071200e+01,2.083045e+01,2.076775e+01,2.063528e+01,2.077472e+01,2.080955e+01,2.065621e+01,2.082348e+01,2.072594e+01,2.076775e+01,2.076079e+01,2.080259e+01,2.074685e+01,2.074685e+01,2.076079e+01,2.082348e+01,2.075382e+01,2.073988e+01,2.074685e+01,2.072594e+01,2.075382e+01,2.066318e+01,2.081652e+01,2.067713e+01,2.070502e+01,2.071200e+01,2.079562e+01,2.075382e+01,2.072594e+01,2.080259e+01,2.072594e+01,2.075382e+01,2.074685e+01,2.083045e+01,2.082348e+01,2.074685e+01,2.076079e+01,2.076079e+01,2.074685e+01,2.071200e+01,2.078169e+01,2.077472e+01,2.073988e+01,2.064923e+01,2.073988e+01,2.070502e+01,2.080259e+01,2.074685e+01,2.078866e+01,2.075382e+01,2.083045e+01,2.079562e+01,2.074685e+01,2.082348e+01,2.077472e+01,2.072594e+01,2.073988e+01,2.073291e+01,2.073291e+01,2.072594e+01,2.070502e+01,2.074685e+01,2.080955e+01,2.075382e+01,2.070502e+01,2.071897e+01,2.085134e+01,2.078866e+01,2.082348e+01,2.045371e+01,2.073291e+01,2.076775e+01,2.079562e+01,2.075382e+01,2.080259e+01,2.076079e+01,2.069805e+01,2.080259e+01,2.060736e+01,2.078169e+01,2.076775e+01,2.084437e+01,2.080259e+01,2.076079e+01,2.078169e+01,2.078866e+01,2.080259e+01,2.076079e+01,2.076775e+01,2.081652e+01,2.079562e+01,2.080955e+01,2.072594e+01,2.069805e+01,2.077472e+01,2.073988e+01,2.080259e+01,2.078169e+01,2.072594e+01,2.076775e+01,2.076775e+01,2.076775e+01,2.083741e+01,2.076775e+01,2.076079e+01,2.073988e+01,2.072594e+01,2.076079e+01,2.071897e+01,2.083045e+01,2.077472e+01,2.075382e+01,2.076079e+01,2.077472e+01,2.075382e+01,2.073988e+01,2.081652e+01,2.078866e+01,2.067713e+01,2.069805e+01,2.074685e+01,2.075382e+01,2.071200e+01,2.073988e+01,2.071897e+01,2.076079e+01,2.072594e+01,2.073291e+01,2.066318e+01,2.068410e+01,2.074685e+01,2.077472e+01,2.064923e+01,2.080259e+01,2.079562e+01,2.060039e+01,2.060736e+01,2.070502e+01,2.076775e+01,2.072594e+01,2.086526e+01,2.076079e+01,2.087918e+01,2.087918e+01,2.073291e+01,2.065621e+01,2.074685e+01,2.073988e+01,2.075382e+01,2.083045e+01,2.080259e+01,2.076775e+01,2.076079e+01,2.087918e+01,2.077472e+01,2.076079e+01,2.072594e+01,2.086526e+01,2.073291e+01,2.073988e+01,2.079562e+01,2.080259e+01,2.069108e+01,2.080259e+01,2.082348e+01,2.076775e+01,2.080955e+01,2.086526e+01,2.077472e+01,2.072594e+01,2.076775e+01,2.075382e+01,2.079562e+01,2.078169e+01,2.083741e+01,2.075382e+01,2.069805e+01,2.058643e+01,2.079562e+01,2.071897e+01,2.074685e+01,2.073988e+01,2.078866e+01,2.073988e+01,2.080259e+01,2.068410e+01,2.073988e+01,2.071200e+01,2.079562e+01,2.067713e+01,2.073988e+01,2.070502e+01,2.076079e+01,2.072594e+01,2.077472e+01,2.072594e+01,2.071897e+01,2.074685e+01,2.069108e+01,2.067713e+01,2.073988e+01,2.073988e+01,2.050961e+01,2.073988e+01,2.076775e+01,2.078169e+01,2.067016e+01,2.069805e+01,2.079562e+01,2.074685e+01,2.086526e+01,2.087918e+01,2.075382e+01,2.078866e+01,2.076079e+01,2.080955e+01,2.066318e+01,2.078866e+01,2.088614e+01,2.076775e+01,2.071897e+01,2.065621e+01,2.069805e+01,2.080259e+01,2.076775e+01,2.065621e+01,2.080955e+01,2.078169e+01,2.074685e+01,2.062830e+01,2.069805e+01,2.080955e+01,2.082348e+01,2.068410e+01,2.073988e+01,2.084437e+01,2.078169e+01,2.088614e+01,2.073988e+01,2.078866e+01,2.075382e+01,2.069108e+01,2.080259e+01,2.072594e+01,2.088614e+01,2.091398e+01,2.095572e+01,2.081652e+01,2.076775e+01,2.074685e+01,2.071897e+01,2.076775e+01,2.077472e+01,2.080955e+01,2.078169e+01,2.071897e+01,2.067713e+01,2.080955e+01
2.086526e+01,2.073291e+01,2.083741e+01,2.089310e+01,2.071897e+01,2.080955e+01,2.073291e+01,2.083741e+01,2.081652e+01,2.081652e+01,2.080259e+01,2.089310e+01,2.077472e+01,2.087918e+01,2.083741e+01,2.078169e+01,2.087918e+01,2.084437e+01,2.084437e+01,2.088614e+01,2.077472e+01,2.090006e+01,2.081652e+01,2.085830e+01,2.087222e+01,2.091398e+01,2.080955e+01,2.087222e+01,2.077472e+01,2.079562e+01,2.076775e+01,2.081652e+01,2.081652e+01,2.079562e+01,2.077472e+01,2.090006e+01,2.081652e+01,2.085134e+01,2.078866e+01,2.084437e+01,2.075382e+01,2.094876e+01,2.087222e+01,2.070502e+01,2.066318e+01,2.061434e+01,2.046769e+01,2.043973e+01,2.045371e+01,2.059340e+01,2.039778e+01,2.039078e+01,2.032082e+01,2.027881e+01,2.034881e+01,2.020877e+01,2.014569e+01,2.018775e+01,2.020877e+01,2.027181e+01,2.027881e+01,2.046070e+01,2.039778e+01,2.032782e+01,2.035581e+01,2.046769e+01,2.036980e+01,2.024380e+01,2.028582e+01,2.028582e+01,2.031382e+01,2.014569e+01,2.030682e+01,2.036280e+01,2.023680e+01,2.050961e+01,2.053755e+01,2.048166e+01,2.054453e+01,2.068410e+01,2.074685e+01,2.066318e+01,2.072594e+01,2.068410e+01,2.065621e+01,2.070502e+01,2.069805e+01,2.060736e+01,2.068410e+01,2.067016e+01,2.064923e+01,2.064225e+01,2.069805e+01,2.065621e+01,2.076079e+01,2.065621e+01,2.054453e+01,2.051660e+01,2.060736e+01,2.043274e+01,2.065621e+01,2.061434e+01,2.067016e+01,2.074685e+01,2.076079e+01,2.060736e+01,2.079562e+01,2.067016e+01,2.064225e+01,2.071200e+01,2.074685e+01,2.073988e+01,2.072594e+01,2.074685e+01,2.074685e+01,2.072594e+01,2.069108e+01,2.062132e+01,2.062830e+01,2.064225e+01,2.067016e+01,2.074685e+01,2.068410e+01,2.067713e+01,2.065621e+01,2.057246e+01,2.062830e+01,2.063528e+01,2.073291e+01,2.067713e+01,2.073291e+01,2.063528e+01,2.066318e+01,2.078169e+01,2.078866e+01,2.061434e+01,2.056548e+01,2.074685e+01,2.060736e+01,2.066318e+01,2.069108e+01,2.058643e+01,2.060736e+01,2.069108e+01,2.065621e+01,2.061434e+01,2.059340e+01,2.067016e+01,2.064923e+01,2.067016e+01,2.060736e+01,2.064225e+01,2.055850e+01,2.066318e+01,2.053755e+01,2.059340e+01,2.057944e+01,2.059340e+01,2.060039e+01,2.067713e+01,2.059340e+01,2.059340e+01,2.069108e+01,2.061434e+01,2.064923e+01,2.067713e+01,2.067016e+01,2.068410e+01,2.071200e+01,2.076775e+01,2.069108e+01,2.073291e+01,2.080259e+01,2.071897e+01,2.071200e+01,2.073988e+01,2.068410e+01,2.068410e+01,2.066318e+01,2.081652e+01,2.081652e+01,2.079562e+01,2.075382e+01,2.073988e+01,2.073291e+01,2.079562e+01,2.073291e+01,2.077472e+01,2.073988e+01,2.067713e+01,2.072594e+01,2.078169e+01,2.080955e+01,2.078169e+01,2.076079e+01,2.079562e+01,2.082348e+01,2.083741e+01,2.082348e+01,2.092093e+01,2.087918e+01,2.095572e+01,2.076775e+01,2.082348e+01,2.081652e+01,2.078169e+01,2.082348e+01,2.075382e+01,2.084437e+01,2.083045e+01,2.089310e+01,2.079562e+01,2.078866e+01,2.073291e+01,2.071897e+01,2.065621e+01,2.087918e+01,2.064923e+01,2.078169e+01,2.062830e+01,2.067016e+01,2.067713e+01,2.069805e+01,2.066318e+01,2.065621e+01,2.063528e+01,2.060039e+01,2.066318e+01,2.066318e+01,2.067016e+01,2.074685e+01,2.063528e+01,2.061434e+01,2.062132e+01,2.064923e+01,2.064923e+01,2.055850e+01,2.070502e+01,2.053755e+01,2.071897e+01,2.062132e+01,2.070502e+01,2.070502e+01,2.071897e+01,2.067713e+01,2.057246e+01,2.070502e+01,2.069805e+01,2.072594e+01,2.079562e+01,2.077472e+01,2.080955e+01,2.074685e+01,2.076775e+01,2.071897e+01,2.067016e+01,2.078866e+01,2.078866e+01,2.078866e+01,2.079562e+01,2.083741e+01,2.071897e+01,2.083741e+01,2.086526e+01,2.074685e+01,2.055152e+01,2.078866e+01,2.080259e+01,2.065621e+01,2.078866e+01,2.074685e+01,2.078169e+01,2.078169e+01,2.083741e+01,2.076775e+01,2.076775e+01,2.071897e+01,2.083045e+01,2.075382e+01,2.080955e+01,2.075382e+01,2.074685e+01,2.079562e+01,2.078169e+01,2.078169e+01,2.094180e+01,2.086526e+01,2.078169e+01,2.075382e+01,2.079562e+01,2.074685e+01,2.079562e+01,2.069805e+01,2.083045e+01,2.079562e+01,2.080955e+01,2.075382e+01,2.079562e+01,2.074685e+01,2.078866e+01,2.075382e+01,2.076775e+01,2.076079e+01,2.078866e+01,2.074685e+01,2.072594e+01,2.071897e+01,2.067713e+01,2.065621e+01,2.069805e+01,2.083045e+01,2.071200e+01,2.073988e+01,2.071897e+01,2.080955e+01,2.073988e+01,2.083741e+01,2.073988e+01,2.085134e+01,2.076079e+01,2.080955e+01,2.074685e+01,2.073988e+01,2.069108e+01,2.077472e+01,2.080955e+01,2.080955e+01,2.077472e+01,2.087918e+01,2.080259e+01,2.080259e+01,2.079562e+01,2.080955e+01,2.080955e+01,2.078866e+01,2.073291e+01,2.078169e+01,2.085830e+01,2.074685e+01,2.078169e+01,2.075382e+01,2.076775e+01,2.078866e+01,2.073291e+01,2.073291e+01,2.077472e+01,2.076079e+01,2.074685e+01,2.078866e+01,2.064225e+01,2.078866e+01,2.074685e+01,2.077472e+01,2.076775e+01,2.075382e+01,2.071897e+01,2.070502e+01,2.076775e+01,2.080259e+01,2.078169e+01,2.072594e+01,2.072594e+01,2.074685e+01,2.072594e+01,2.076775e+01,2.078169e+01,2.080955e+01,2.069805e+01,2.077472e+01,2.084437e+01,2.092093e+01,2.076775e+01,2.076775e+01,2.073988e+01,2.074685e+01,2.080955e+01,2.073291e+01,2.076775e+01,2.075382e+01,2.075382e+01,2.076079e+01,2.073988e+01,2.076079e+01,2.081652e+01,2.076079e+01,2.073291e+01,2.083741e+01,2.077472e+01,2.089310e+01,2.071897e+01,2.076079e+01,2.079562e+01,2.067713e+01,2.074685e+01,2.080259e+01,2.072594e+01,2.082348e+01,2.083045e+01,2.069108e+01,2.074685e+01,2.065621e+01,2.079562e+01,2.078866e+01,2.069805e+01,2.083741e+01,2.071200e+01,2.069108e+01,2.077472e+01,2.081652e+01,2.077472e+01,2.083045e+01,2.082348e+01,2.077472e+01,2.070502e+01,2.071897e+01,2.081652e+01,2.074685e+01,2.073291e+01,2.074685e+01,2.067713e+01,2.076079e+01,2.066318e+01,2.073988e+01,2.081652e+01,2.075382e+01,2.074685e+01,2.076079e+01,2.074685e+01,2.086526e+01,2.069805e+01,2.080955e+01,2.074685e+01,2.073291e+01,2.062132e+01,2.079562e+01,2.078169e+01,2.079562e+01,2.083045e+01,2.072594e+01,2.075382e+01,2.075382e+01,2.076079e+01,2.081652e+01,2.078866e+01,2.072594e+01,2.076079e+01,2.079562e+01,2.073291e+01,2.078169e+01,2.069108e+01,2.080955e+01,2.078866e+01,2.075382e+01,2.069805e+01,2.076775e+01,2.077472e+01,2.073988e+01,2.075382e+01,2.066318e+01,2.070502e+01,2.076775e+01,2.076079e+01,2.073988e+01,2.078866e+01,2.085830e+01,2.079562e+01,2.087222e+01,2.078866e+01,2.082348e+01,2.080955e+01,2.084437e+01,2.077472e+01,2.064923e+01,2.082348e+01,2.069805e+01,2.081652e+01,2.082348e+01,2.074685e+01,2.071897e+01,2.073291e+01,2.077472e+01,2.077472e+01,2.077472e+01,2.078169e+01,2.078866e+01,2.066318e+01,2.080955e+01,2.080259e+01,2.075382e+01,2.073988e+01,2.073988e+01,2.087222e+01,2.072594e+01,2.089310e+01,2.078169e+01,2.086526e+01,2.083045e+01,2.081652e+01,2.074685e+01,2.078169e+01,2.076775e+01,2.083741e+01,2.071200e+01,2.076775e+01,2.079562e+01,2.071200e+01,2.071200e+01,2.068410e+01,2.079562e+01,2.085134e+01,2.069805e+01,2.074685e+01,2.069108e+01,2.067016e+01,2.071200e+01,2.069108e+01,2.078169e+01,2.078169e+01,2.083045e+01,2.076079e+01,2.108083e+01,2.083741e+01,2.082348e+01,2.071897e+01,2.079562e+01,2.082348e+01,2.080259e+01,2.074685e+01,2.073291e+01,2.077472e+01,2.076079e+01,2.077472e+01,2.078169e+01,2.081652e+01,2.080259e+01,2.079562e+01,2.080955e+01,2.081652e+01,2.080259e+01,2.081652e+01,2.080259e+01,2.079562e+01,2.082348e+01,2.067713e+01,2.078866e+01,2.086526e+01,2.076079e+01,2.083045e+01,2.085830e+01,2.093485e+01,2.076079e+01,2.067713e+01,2.078169e+01,2.077472e+01,2.074685e+01,2.078169e+01,2.082348e+01,2.076079e+01,2.085830e+01,2.067713e+01,2.071897e+01,2.071200e+01,2.069108e+01,2.073988e+01,2.073988e+01,2.073988e+01,2.075382e+01,2.080259e+01,2.075382e+01,2.073988e+01,2.076079e+01,2.080259e+01,2.070502e+01,2.076775e+01,2.078866e+01,2.071897e+01,2.070502e+01,2.072594e+01,2.073291e+01,2.076079e+01,2.069108e+01,2.075382e+01,2.085830e+01,2.070502e+01,2.069108e+01,2.074685e+01,2.080259e+01,2.087222e+01,2.088614e+01,2.080955e+01,2.069108e+01,2.080955e+01,2.071200e+01,2.084437e+01,2.087918e+01,2.073988e+01,2.071200e+01,2.074685e+01,2.073988e+01,2.077472e+01,2.079562e+01,2.064923e+01,2.071897e+01,2.082348e+01,2.070502e+01,2.076775e+01,2.073291e+01,2.073291e+01,2.080955e+01,2.081652e+01,2.065621e+01,2.073988e+01,2.063528e+01,2.084437e+01,2.087222e+01,2.071200e+01,2.087918e+01,2.083045e+01,2.078169e+01,2.079562e+01,2.076775e+01,2.080955e+01,2.081652e+01,2.067016e+01,2.087222e+01,2.087918e+01,2.092093e+01,2.077472e+01,2.093485e+01,2.090702e+01,2.089310e+01,2.078866e+01,2.076775e+01,2.085830e+01,2.074685e+01,2.076775e+01,2.090006e+01,2.087222e+01,2.078866e+01,2.080955e+01
2.087918e+01,2.069108e+01,2.078866e+01,2.080259e+01,2.074685e+01,2.085134e+01,2.076079e+01,2.074685e+01,2.076079e+01,2.081652e+01,2.090702e+01,2.078866e+01,2.085134e+01,2.080259e+01,2.079562e+01,2.087222e+01,2.080259e+01,2.086526e+01,2.090006e+01,2.085830e+01,2.083045e+01,2.079562e+01,2.083045e+01,2.076775e+01,2.081652e+01,2.071200e+01,2.074685e+01,2.080259e+01,2.071200e+01,2.076079e+01,2.090702e+01,2.078866e+01,2.086526e+01,2.080259e+01,2.087222e+01,2.083741e+01,2.080955e+01,2.076775e+01,2.087222e+01,2.078169e+01,2.067016e+01,2.071200e+01,2.069108e+01,2.071200e+01,2.045371e+01,2.045371e+01,2.046769e+01,2.042575e+01,2.028582e+01,2.043973e+01,2.032082e+01,2.027181e+01,2.034881e+01,2.030682e+01,2.018074e+01,2.023680e+01,2.019476e+01,2.020177e+01,2.022278e+01,2.024380e+01,2.041176e+01,2.029982e+01,2.055152e+01,2.032082e+01,2.035581e+01,2.036280e+01,2.032782e+01,2.012466e+01,2.025781e+01,2.000537e+01,2.000537e+01,1.997728e+01,2.020177e+01,2.034881e+01,2.020877e+01,2.043274e+01,2.052358e+01,2.056548e+01,2.060039e+01,2.056548e+01,2.072594e+01,2.072594e+01,2.064923e+01,2.063528e+01,2.071200e+01,2.063528e+01,2.070502e+01,2.062830e+01,2.066318e+01,2.058643e+01,2.067016e+01,2.062830e+01,2.065621e+01,2.053057e+01,2.062830e+01,2.063528e+01,2.067713e+01,2.064225e+01,2.066318e+01,2.064923e+01,2.064225e+01,2.077472e+01,2.066318e+01,2.073291e+01,2.059340e+01,2.076079e+01,2.079562e+01,2.078866e+01,2.082348e+01,2.076775e+01,2.074685e+01,2.073291e+01,2.073291e+01,2.069108e+01,2.066318e+01,2.068410e+01,2.060736e+01,2.058643e+01,2.060736e+01,2.063528e+01,2.073291e+01,2.071200e+01,2.065621e+01,2.069108e+01,2.077472e+01,2.071200e+01,2.064923e+01,2.062132e+01,2.060736e+01,2.064225e+01,2.069805e+01,2.076775e+01,2.074685e+01,2.062830e+01,2.074685e+01,2.059340e+01,2.071897e+01,2.064923e+01,2.060736e+01,2.073291e+01,2.055152e+01,2.066318e+01,2.067713e+01,2.062830e+01,2.062132e+01,2.063528e+01,2.062830e+01,2.061434e+01,2.060736e+01,2.067713e+01,2.062830e+01,2.060039e+01,2.054453e+01,2.051660e+01,2.057944e+01,2.055850e+01,2.060039e+01,2.057246e+01,2.064225e+01,2.064225e+01,2.052358e+01,2.070502e+01,2.067016e+01,2.065621e+01,2.067713e+01,2.080955e+01,2.068410e+01,2.070502e+01,2.065621e+01,2.073291e+01,2.073291e+01,2.068410e+01,2.071897e+01,2.069805e+01,2.071897e+01,2.080259e+01,2.076079e+01,2.079562e+01,2.075382e+01,2.073988e+01,2.076775e+01,2.080259e+01,2.071200e+01,2.071200e+01,2.063528e+01,2.083741e+01,2.076079e+01,2.072594e+01,2.083045e+01,2.081652e+01,2.074685e+01,2.077472e+01,2.073291e+01,2.076775e+01,2.072594e+01,2.073988e+01,2.082348e+01,2.084437e+01,2.098353e+01,2.082348e+01,2.080955e+01,2.079562e+01,2.080955e+01,2.076079e+01,2.082348e+01,2.083741e+01,2.065621e+01,2.079562e+01,2.076079e+01,2.085830e+01,2.083045e+01,2.081652e+01,2.088614e+01,2.081652e+01,2.088614e+01,2.075382e+01,2.083045e+01,2.082348e+01,2.062830e+01,2.081652e+01,2.081652e+01,2.067713e+01,2.080259e+01,2.067713e+01,2.064225e+01,2.062830e+01,2.067016e+01,2.069805e+01,2.062830e+01,2.064225e+01,2.063528e+01,2.065621e+01,2.067713e+01,2.066318e+01,2.057944e+01,2.058643e+01,2.060039e+01,2.057246e+01,2.067713e+01,2.064923e+01,2.069108e+01,2.060736e+01,2.066318e+01,2.079562e+01,2.069805e+01,2.073291e+01,2.065621e+01,2.073291e+01,2.066318e+01,2.078866e+01,2.062132e+01,2.081652e+01,2.076775e+01,2.063528e+01,2.085134e+01,2.063528e+01,2.082348e+01,2.079562e+01,2.071897e+01,2.069108e+01,2.072594e+01,2.079562e+01,2.081652e+01,2.087222e+01,2.083741e+01,2.077472e+01,2.079562e+01,2.081652e+01,2.078866e+01,2.069108e+01,2.078169e+01,2.077472e+01,2.074685e+01,2.073291e+01,2.083045e+01,2.079562e+01,2.083045e+01,2.069805e+01,2.070502e+01,2.081652e+01,2.077472e+01,2.079562e+01,2.068410e+01,2.076079e+01,2.073988e+01,2.081652e+01,2.079562e+01,2.083045e+01,2.071200e+01,2.068410e+01,2.081652e+01,2.078866e+01,2.071200e+01,2.077472e+01,2.084437e+01,2.084437e+01,2.083045e+01,2.075382e+01,2.076079e+01,2.075382e+01,2.074685e+01,2.081652e+01,2.073988e+01,2.074685e+01,2.071897e+01,2.073988e+01,2.073291e+01,2.073291e+01,2.076079e+01,2.070502e+01,2.067713e+01,2.071897e+01,2.074685e+01,2.083741e+01,2.069805e+01,2.068410e+01,2.073988e+01,2.080259e+01,2.077472e+01,2.081652e+01,2.081652e+01,2.083045e+01,2.078866e+01,2.077472e+01,2.069805e+01,2.081652e+01,2.074685e+01,2.080955e+01,2.075382e+01,2.077472e+01,2.074685e+01,2.079562e+01,2.064923e+01,2.076775e+01,2.077472e+01,2.074685e+01,2.062830e+01,2.076079e+01,2.074685e+01,2.073988e+01,2.078169e+01,2.079562e+01,2.074685e+01,2.076079e+01,2.079562e+01,2.078866e+01,2.069108e+01,2.078866e+01,2.067016e+01,2.085830e+01,2.073291e+01,2.067713e+01,2.082348e+01,2.079562e+01,2.073988e+01,2.078866e+01,2.068410e+01,2.074685e+01,2.071200e+01,2.075382e+01,2.078866e+01,2.069108e+01,2.075382e+01,2.077472e+01,2.080955e+01,2.081652e+01,2.071897e+01,2.069108e+01,2.076079e+01,2.071897e+01,2.076775e+01,2.076775e+01,2.072594e+01,2.076775e+01,2.077472e+01,2.090006e+01,2.078169e+01,2.076079e+01,2.073291e+01,2.069805e+01,2.084437e+01,2.076079e+01,2.077472e+01,2.074685e+01,2.078169e+01,2.077472e+01,2.077472e+01,2.081652e+01,2.075382e+01,2.076079e+01,2.076079e+01,2.075382e+01,2.075382e+01,2.076775e+01,2.078866e+01,2.067016e+01,2.068410e+01,2.085134e+01,2.069805e+01,2.070502e+01,2.069108e+01,2.081652e+01,2.071897e+01,2.069108e+01,2.079562e+01,2.078169e+01,2.076079e+01,2.089310e+01,2.077472e+01,2.084437e+01,2.076079e+01,2.076079e+01,2.078169e+01,2.072594e+01,2.074685e+01,2.073291e+01,2.072594e+01,2.074685e+01,2.075382e+01,2.073988e+01,2.074685e+01,2.067713e+01,2.081652e+01,2.058643e+01,2.076775e+01,2.071200e+01,2.071897e+01,2.072594e+01,2.080259e+01,2.072594e+01,2.080259e+01,2.081652e+01,2.075382e+01,2.075382e+01,2.080259e+01,2.081652e+01,2.075382e+01,2.080955e+01,2.078866e+01,2.076775e+01,2.072594e+01,2.077472e+01,2.078866e+01,2.080259e+01,2.068410e+01,2.070502e+01,2.088614e+01,2.072594e+01,2.078169e+01,2.073988e+01,2.081652e+01,2.073291e+01,2.079562e+01,2.076775e+01,2.077472e+01,2.076775e+01,2.077472e+01,2.078866e+01,2.078169e+01,2.077472e+01,2.083045e+01,2.071200e+01,2.078169e+01,2.073988e+01,2.067016e+01,2.076775e+01,2.078169e+01,2.077472e+01,2.080259e+01,2.072594e+01,2.079562e+01,2.079562e+01,2.079562e+01,2.072594e+01,2.067016e+01,2.078169e+01,2.069805e+01,2.075382e+01,2.074685e+01,2.079562e+01,2.083045e+01,2.076079e+01,2.069805e+01,2.073291e+01,2.077472e+01,2.085134e+01,2.078169e+01,2.081652e+01,2.078866e+01,2.087222e+01,2.076775e+01,2.071200e+01,2.066318e+01,2.076775e+01,2.085830e+01,2.087222e+01,2.074685e+01,2.085830e+01,2.085134e+01,2.079562e+01,2.082348e+01,2.087222e+01,2.082348e+01,2.085830e+01,2.078169e+01,2.077472e+01,2.072594e+01,2.067713e+01,2.076775e+01,2.085134e+01,2.083741e+01,2.069108e+01,2.080259e+01,2.076775e+01,2.076079e+01,2.085830e+01,2.070502e+01,2.073291e+01,2.087222e+01,2.073291e+01,2.078169e+01,2.070502e+01,2.065621e+01,2.085134e+01,2.077472e+01,2.080259e+01,2.074685e+01,2.076775e+01,2.073988e+01,2.071897e+01,2.080955e+01,2.071897e+01,2.082348e+01,2.080955e+01,2.074685e+01,2.082348e+01,2.080955e+01,2.078169e+01,2.080955e+01,2.081652e+01,2.080259e+01,2.072594e+01,2.069108e+01,2.077472e+01,2.075382e+01,2.080259e+01,2.082348e+01,2.080259e+01,2.078169e+01,2.081652e+01,2.081652e+01,2.078866e+01,2.073988e+01,2.075382e+01,2.078866e+01,2.069805e+01,2.073988e+01,2.085830e+01,2.075382e+01,2.083741e+01,2.069805e+01,2.073988e+01,2.081652e+01,2.080259e+01,2.073988e+01,2.078169e+01,2.076079e+01,2.080259e+01,2.074685e+01,2.073988e+01,2.071897e+01,2.084437e+01,2.072594e+01,2.073988e+01,2.076775e+01,2.078169e+01,2.085830e+01,2.080259e+01,2.069108e+01,2.071200e+01,2.066318e+01,2.079562e+01,2.071897e+01,2.071897e+01,2.076775e+01,2.075382e+01,2.066318e+01,2.067016e+01,2.088614e+01,2.067016e+01,2.067713e+01,2.083045e+01,2.085134e+01,2.074685e+01,2.067713e+01,2.074685e+01,2.081652e+01,2.082348e+01,2.076079e+01,2.073988e+01,2.081652e+01,2.073291e+01,2.075382e+01,2.076079e+01,2.074685e+01,2.075382e+01,2.075382e+01,2.078169e+01,2.081652e+01,2.079562e+01,2.075382e+01,2.078866e+01,2.083045e+01,2.085830e+01,2.074685e+01,2.087918e+01,2.083741e+01,2.059340e+01,2.081652e+01,2.090702e+01,2.079562e+01,2.085830e+01,2.075382e+01,2.081652e+01,2.069805e+01,2.081652e+01,2.083045e+01,2.088614e+01,2.069805e+01,2.081652e+01,2.073291e+01,2.071200e+01,2.073291e+01,2.080955e+01,2.075382e+01,2.073291e+01,2.084437e+01,2.073291e+01,2.084437e+01,2.080955e+01
2.071897e+01,2.090006e+01,2.092093e+01,2.069108e+01,2.081652e+01,2.069108e+01,2.076775e+01,2.071897e+01,2.087222e+01,2.089310e+01,2.080955e+01,2.078169e+01,2.083741e+01,2.071897e+01,2.076775e+01,2.087222e+01,2.087222e+01,2.085134e+01,2.080259e+01,2.081652e+01,2.081652e+01,2.085830e+01,2.082348e+01,2.083741e+01,2.078866e+01,2.076775e+01,2.078169e+01,2.092093e+01,2.064923e+01,2.078866e+01,2.083741e+01,2.079562e+01,2.073988e+01,2.085134e+01,2.082348e+01,2.079562e+01,2.075382e+01,2.077472e+01,2.080955e+01,2.069805e+01,2.076775e+01,2.069108e+01,2.062830e+01,2.049564e+01,2.044672e+01,2.037679e+01,2.037679e+01,2.041176e+01,2.026481e+01,2.018074e+01,2.009660e+01,2.007556e+01,2.015971e+01,2.025781e+01,2.017373e+01,2.024380e+01,2.042575e+01,2.039778e+01,2.035581e+01,2.039778e+01,2.026481e+01,2.033481e+01,2.039078e+01,2.031382e+01,2.037679e+01,2.050961e+01,2.034181e+01,2.035581e+01,2.039078e+01,2.028582e+01,2.024380e+01,2.020877e+01,2.026481e+01,2.024380e+01,2.022979e+01,2.043274e+01,2.048865e+01,2.069805e+01,2.062132e+01,2.063528e+01,2.060736e+01,2.072594e+01,2.063528e+01,2.065621e+01,2.067016e+01,2.063528e+01,2.066318e+01,2.045371e+01,2.059340e+01,2.046070e+01,2.062132e+01,2.062830e+01,2.055152e+01,2.063528e+01,2.069805e+01,2.059340e+01,2.062830e+01,2.064225e+01,2.062830e+01,2.059340e+01,2.062132e+01,2.080955e+01,2.065621e+01,2.065621e+01,2.072594e+01,2.059340e+01,2.078866e+01,2.076079e+01,2.064225e+01,2.075382e+01,2.077472e+01,2.071200e+01,2.060736e+01,2.071897e+01,2.076079e+01,2.067713e+01,2.081652e+01,2.062830e+01,2.064923e+01,2.065621e+01,2.061434e+01,2.064923e+01,2.064225e+01,2.068410e+01,2.049564e+01,2.065621e+01,2.067713e+01,2.061434e+01,2.074685e+01,2.064923e+01,2.068410e+01,2.069805e+01,2.061434e+01,2.059340e+01,2.062132e+01,2.064225e+01,2.061434e+01,2.069108e+01,2.060039e+01,2.067016e+01,2.066318e+01,2.073291e+01,2.062132e+01,2.064923e+01,2.066318e+01,2.060736e+01,2.058643e+01,2.057944e+01,2.059340e+01,2.053755e+01,2.067016e+01,2.064225e+01,2.063528e+01,2.050961e+01,2.062132e+01,2.055850e+01,2.065621e+01,2.054453e+01,2.069805e+01,2.058643e+01,2.060736e+01,2.071200e+01,2.058643e+01,2.059340e+01,2.065621e+01,2.065621e+01,2.067713e+01,2.071200e+01,2.070502e+01,2.070502e+01,2.079562e+01,2.071897e+01,2.073988e+01,2.073988e+01,2.073291e+01,2.076079e+01,2.077472e+01,2.069108e+01,2.079562e+01,2.075382e+01,2.074685e+01,2.081652e+01,2.074685e+01,2.076775e+01,2.069805e+01,2.080259e+01,2.078169e+01,2.077472e+01,2.076775e+01,2.069108e+01,2.075382e+01,2.075382e+01,2.078169e+01,2.076775e+01,2.073291e+01,2.073291e+01,2.081652e+01,2.082348e+01,2.081652e+01,2.080259e+01,2.080259e+01,2.081652e+01,2.078169e+01,2.082348e+01,2.083045e+01,2.080955e+01,2.081652e+01,2.085830e+01,2.087918e+01,2.087918e+01,2.076079e+01,2.092093e+01,2.083045e+01,2.087222e+01,2.077472e+01,2.099048e+01,2.083741e+01,2.074685e+01,2.071897e+01,2.080259e+01,2.078866e+01,2.069805e+01,2.069108e+01,2.078169e+01,2.066318e+01,2.075382e+01,2.068410e+01,2.074685e+01,2.069108e+01,2.065621e+01,2.069805e+01,2.060736e+01,2.060736e+01,2.054453e+01,2.055152e+01,2.071200e+01,2.061434e+01,2.073988e+01,2.069805e+01,2.062132e+01,2.062132e+01,2.064923e+01,2.064225e+01,2.068410e+01,2.067713e+01,2.071200e+01,2.068410e+01,2.062830e+01,2.066318e+01,2.074685e+01,2.073988e+01,2.073988e+01,2.068410e+01,2.076079e+01,2.064923e+01,2.081652e+01,2.080955e+01,2.077472e+01,2.074685e+01,2.076079e+01,2.078866e+01,2.079562e+01,2.076079e+01,2.086526e+01,2.081652e+01,2.074685e+01,2.072594e+01,2.093485e+01,2.087918e+01,2.073988e+01,2.076079e+01,2.076775e+01,2.074685e+01,2.069805e+01,2.080955e+01,2.077472e+01,2.078866e+01,2.079562e+01,2.060736e+01,2.083045e+01,2.080955e+01,2.085134e+01,2.085830e+01,2.078866e+01,2.071897e+01,2.079562e+01,2.081652e+01,2.073291e+01,2.073291e+01,2.080259e+01,2.082348e+01,2.071897e+01,2.083045e+01,2.078169e+01,2.087918e+01,2.087918e+01,2.078169e+01,2.080955e+01,2.078866e+01,2.078169e+01,2.071200e+01,2.073988e+01,2.070502e+01,2.076079e+01,2.071897e+01,2.076079e+01,2.072594e+01,2.071897e+01,2.073291e+01,2.068410e+01,2.071897e+01,2.074685e+01,2.072594e+01,2.074685e+01,2.085134e+01,2.073291e+01,2.083045e+01,2.078866e+01,2.080955e+01,2.074685e+01,2.080259e+01,2.080955e+01,2.080259e+01,2.080955e+01,2.083045e+01,2.069805e+01,2.063528e+01,2.078169e+01,2.072594e+01,2.071200e+01,2.073291e+01,2.079562e+01,2.075382e+01,2.081652e+01,2.073291e+01,2.077472e+01,2.073291e+01,2.074685e+01,2.091398e+01,2.078866e+01,2.071200e+01,2.071897e+01,2.078169e+01,2.074685e+01,2.069108e+01,2.079562e+01,2.071200e+01,2.086526e+01,2.077472e+01,2.073291e+01,2.083741e+01,2.069108e+01,2.067016e+01,2.071897e+01,2.069805e+01,2.067713e+01,2.076079e+01,2.083045e+01,2.081652e+01,2.077472e+01,2.071200e+01,2.071897e+01,2.071897e+01,2.072594e+01,2.085134e+01,2.079562e+01,2.071200e+01,2.078169e+01,2.073291e+01,2.090006e+01,2.088614e+01,2.073291e+01,2.073291e+01,2.085830e+01,2.078169e+01,2.071200e+01,2.074685e+01,2.077472e+01,2.068410e+01,2.074685e+01,2.078169e+01,2.072594e+01,2.076079e+01,2.081652e+01,2.076775e+01,2.076079e+01,2.080259e+01,2.080259e+01,2.081652e+01,2.073988e+01,2.073988e+01,2.076775e+01,2.076775e+01,2.074685e+01,2.079562e+01,2.078169e+01,2.078169e+01,2.072594e+01,2.085134e+01,2.068410e+01,2.080259e+01,2.073988e+01,2.079562e+01,2.067016e+01,2.064923e+01,2.076079e+01,2.078169e+01,2.080955e+01,2.071200e+01,2.075382e+01,2.077472e+01,2.078169e+01,2.072594e+01,2.070502e+01,2.073988e+01,2.072594e+01,2.072594e+01,2.076079e+01,2.076079e+01,2.078866e+01,2.078169e+01,2.070502e+01,2.074685e+01,2.065621e+01,2.070502e+01,2.071897e+01,2.076079e+01,2.071897e+01,2.074685e+01,2.069805e+01,2.075382e+01,2.082348e+01,2.076775e+01,2.080955e+01,2.083045e+01,2.079562e+01,2.080259e+01,2.065621e+01,2.069805e+01,2.078866e+01,2.079562e+01,2.072594e+01,2.077472e+01,2.079562e+01,2.068410e+01,2.077472e+01,2.065621e+01,2.079562e+01,2.076079e+01,2.066318e+01,2.081652e+01,2.083741e+01,2.076079e+01,2.078169e+01,2.078866e+01,2.086526e+01,2.080955e+01,2.078866e+01,2.083741e+01,2.074685e+01,2.085830e+01,2.077472e+01,2.078169e+01,2.076775e+01,2.070502e+01,2.087222e+01,2.087918e+01,2.078866e+01,2.074685e+01,2.081652e+01,2.081652e+01,2.080259e+01,2.081652e+01,2.075382e+01,2.076775e+01,2.074685e+01,2.072594e+01,2.073988e+01,2.080955e+01,2.079562e+01,2.081652e+01,2.076775e+01,2.064923e+01,2.076079e+01,2.077472e+01,2.078169e+01,2.077472e+01,2.082348e+01,2.086526e+01,2.073291e+01,2.087222e+01,2.087222e+01,2.069805e+01,2.080259e+01,2.069108e+01,2.076079e+01,2.071897e+01,2.084437e+01,2.082348e+01,2.067016e+01,2.068410e+01,2.076079e+01,2.075382e+01,2.077472e+01,2.076079e+01,2.073988e+01,2.073291e+01,2.079562e+01,2.066318e+01,2.067016e+01,2.075382e+01,2.078866e+01,2.073988e+01,2.067016e+01,2.066318e+01,2.091398e+01,2.087222e+01,2.087222e+01,2.076775e+01,2.077472e+01,2.076079e+01,2.070502e+01,2.082348e+01,2.086526e+01,2.085134e+01,2.081652e+01,2.073988e+01,2.070502e+01,2.067713e+01,2.071200e+01,2.082348e+01,2.080955e+01,2.071200e+01,2.083045e+01,2.078866e+01,2.070502e+01,2.074685e+01,2.079562e+01,2.077472e+01,2.080955e+01,2.080259e+01,2.072594e+01,2.075382e+01,2.069805e+01,2.071897e+01,2.076079e+01,2.077472e+01,2.079562e+01,2.075382e+01,2.087918e+01,2.077472e+01,2.074685e+01,2.079562e+01,2.078169e+01,2.080259e+01,2.074685e+01,2.069108e+01,2.074685e+01,2.072594e+01,2.077472e+01,2.073988e+01,2.080955e+01,2.072594e+01,2.056548e+01,2.073291e+01,2.081652e+01,2.073291e+01,2.073291e+01,2.074685e+01,2.072594e+01,2.071897e+01,2.073291e+01,2.072594e+01,2.076079e+01,2.078169e+01,2.074685e+01,2.080955e+01,2.073291e+01,2.078866e+01,2.083741e+01,2.066318e+01,2.084437e+01,2.083045e+01,2.083741e+01,2.068410e+01,2.088614e+01,2.091398e+01,2.089310e+01,2.071897e+01,2.084437e+01,2.087222e+01,2.079562e+01,2.091398e+01,2.076079e+01,2.084437e+01,2.077472e+01,2.077472e+01,2.084437e+01,2.067016e+01,2.073988e+01,2.077472e+01,2.073291e+01,2.079562e+01,2.077472e+01,2.071200e+01,2.067016e+01,2.074685e+01,2.074685e+01,2.076079e+01,2.090006e+01,2.070502e+01,2.078866e+01,2.072594e+01,2.068410e+01,2.075382e+01,2.077472e+01,2.083045e+01,2.075382e+01,2.077472e+01,2.078866e+01,2.094180e+01,2.074685e+01,2.080259e+01,2.081652e+01,2.085830e+01,2.073291e+01,2.071200e+01,2.068410e+01,2.090702e+01,2.082348e+01,2.080259e+01,2.080259e+01,2.069108e+01,2.081652e+01,2.094180e+01,2.078169e+01,2.080259e+01,2.073291e+01,2.083741e+01,2.078866e+01
2.067713e+01,2.085134e+01,2.084437e+01,2.079562e+01,2.092789e+01,2.076775e+01,2.071897e+01,2.066318e+01,2.074685e+01,2.087918e+01,2.087222e+01,2.074685e+01,2.065621e+01,2.075382e+01,2.076079e+01,2.089310e+01,2.078866e+01,2.080259e+01,2.083741e+01,2.083741e+01,2.077472e+01,2.078866e+01,2.077472e+01,2.087222e+01,2.087222e+01,2.080955e+01,2.090702e+01,2.076775e+01,2.082348e+01,2.070502e+01,2.080259e+01,2.064923e+01,2.090702e+01,2.088614e+01,2.076775e+01,2.078169e+01,2.080259e+01,2.076079e+01,2.060039e+01,2.071200e+01,2.053755e+01,2.041176e+01,2.054453e+01,2.038379e+01,2.043973e+01,2.044672e+01,2.039778e+01,2.041176e+01,2.035581e+01,2.006152e+01,2.021578e+01,2.012466e+01,2.020177e+01,2.025781e+01,2.028582e+01,2.024380e+01,2.039078e+01,2.043973e+01,2.043274e+01,2.046070e+01,2.051660e+01,2.045371e+01,2.043274e+01,2.036280e+01,2.032782e+01,2.060736e+01,2.050262e+01,2.044672e+01,2.049564e+01,2.049564e+01,2.037679e+01,2.028582e+01,2.027181e+01,2.040477e+01,2.055152e+01,2.055850e+01,2.065621e+01,2.066318e+01,2.069805e+01,2.060039e+01,2.060039e+01,2.063528e+01,2.061434e+01,2.063528e+01,2.060736e+01,2.073291e+01,2.050262e+01,2.057944e+01,2.062830e+01,2.061434e+01,2.060736e+01,2.055152e+01,2.062830e+01,2.061434e+01,2.055850e+01,2.051660e+01,2.057944e+01,2.060039e+01,2.047468e+01,2.060736e+01,2.057246e+01,2.068410e+01,2.063528e+01,2.069805e+01,2.073988e+01,2.071200e+01,2.069108e+01,2.057944e+01,2.071897e+01,2.069805e+01,2.064225e+01,2.065621e+01,2.069108e+01,2.069805e+01,2.068410e+01,2.067016e+01,2.053755e+01,2.063528e+01,2.085134e+01,2.065621e+01,2.065621e+01,2.061434e+01,2.069108e+01,2.065621e+01,2.064923e+01,2.070502e+01,2.066318e+01,2.069108e+01,2.076079e+01,2.067016e+01,2.066318e+01,2.082348e+01,2.064923e+01,2.074685e+01,2.060736e+01,2.070502e+01,2.048865e+01,2.067713e+01,2.069108e+01,2.057944e+01,2.067016e+01,2.052358e+01,2.060039e+01,2.069108e+01,2.059340e+01,2.060039e+01,2.061434e+01,2.055850e+01,2.055850e+01,2.052358e+01,2.064225e+01,2.064923e+01,2.062132e+01,2.055850e+01,2.058643e+01,2.052358e+01,2.079562e+01,2.060039e+01,2.055152e+01,2.066318e+01,2.051660e+01,2.057944e+01,2.056548e+01,2.056548e+01,2.061434e+01,2.061434e+01,2.065621e+01,2.069108e+01,2.061434e+01,2.073291e+01,2.066318e+01,2.071897e+01,2.079562e+01,2.069108e+01,2.067016e+01,2.073988e+01,2.073988e+01,2.075382e+01,2.071897e+01,2.079562e+01,2.074685e+01,2.078169e+01,2.070502e+01,2.081652e+01,2.081652e+01,2.081652e+01,2.078866e+01,2.084437e+01,2.080955e+01,2.079562e+01,2.073291e+01,2.078169e+01,2.073291e+01,2.082348e+01,2.076079e+01,2.072594e+01,2.083741e+01,2.078169e+01,2.087918e+01,2.079562e+01,2.081652e+01,2.078169e+01,2.089310e+01,2.081652e+01,2.093485e+01,2.086526e+01,2.087222e+01,2.085830e+01,2.089310e+01,2.087918e+01,2.078169e+01,2.083045e+01,2.079562e+01,2.078169e+01,2.080259e+01,2.078866e+01,2.081652e+01,2.082348e+01,2.085134e+01,2.078169e+01,2.077472e+01,2.075382e+01,2.085830e+01,2.069108e+01,2.069805e+01,2.072594e+01,2.073988e+01,2.068410e+01,2.069108e+01,2.068410e+01,2.064923e+01,2.063528e+01,2.069805e+01,2.069108e+01,2.053755e+01,2.058643e+01,2.061434e+01,2.061434e+01,2.076775e+01,2.053755e+01,2.065621e+01,2.040477e+01,2.069108e+01,2.065621e+01,2.060039e+01,2.062830e+01,2.060736e+01,2.060736e+01,2.069805e+01,2.057246e+01,2.069108e+01,2.072594e+01,2.060736e+01,2.063528e+01,2.076079e+01,2.073291e+01,2.069805e+01,2.080259e+01,2.075382e+01,2.076775e+01,2.078866e+01,2.076775e+01,2.083741e+01,2.087222e+01,2.085830e+01,2.088614e+01,2.080955e+01,2.067713e+01,2.084437e+01,2.073988e+01,2.067713e+01,2.079562e+01,2.091398e+01,2.083741e+01,2.083741e+01,2.083741e+01,2.069805e+01,2.080955e+01,2.078169e+01,2.066318e+01,2.085830e+01,2.064225e+01,2.081652e+01,2.080955e+01,2.085830e+01,2.079562e+01,2.077472e+01,2.081652e+01,2.081652e+01,2.074685e+01,2.073291e+01,2.072594e+01,2.083741e+01,2.077472e+01,2.090006e+01,2.076079e+01,2.076079e+01,2.076079e+01,2.076775e+01,2.078169e+01,2.078866e+01,2.076079e+01,2.076079e+01,2.077472e+01,2.071897e+01,2.073291e+01,2.083045e+01,2.073988e+01,2.078866e+01,2.075382e+01,2.085830e+01,2.069108e+01,2.073988e+01,2.067016e+01,2.083045e+01,2.073988e+01,2.073988e+01,2.081652e+01,2.074685e+01,2.076775e+01,2.077472e+01,2.079562e+01,2.073291e+01,2.070502e+01,2.076079e+01,2.084437e+01,2.071200e+01,2.067016e+01,2.073291e+01,2.074685e+01,2.069108e+01,2.082348e+01,2.073988e+01,2.073291e+01,2.072594e+01,2.080259e+01,2.075382e+01,2.077472e+01,2.079562e+01,2.076775e+01,2.082348e+01,2.080259e+01,2.081652e+01,2.076079e+01,2.074685e+01,2.078866e+01,2.078866e+01,2.064923e+01,2.068410e+01,2.064923e+01,2.064923e+01,2.070502e+01,2.070502e+01,2.073988e+01,2.069108e+01,2.071200e+01,2.052358e+01,2.067713e+01,2.072594e+01,2.078866e+01,2.066318e+01,2.085830e+01,2.074685e+01,2.084437e+01,2.074685e+01,2.075382e+01,2.074685e+01,2.077472e+01,2.074685e+01,2.071200e+01,2.068410e+01,2.075382e+01,2.083045e+01,2.077472e+01,2.077472e+01,2.074685e+01,2.067713e+01,2.076079e+01,2.071200e+01,2.073291e+01,2.067713e+01,2.070502e+01,2.074685e+01,2.076775e+01,2.076775e+01,2.077472e+01,2.083045e+01,2.080259e+01,2.083741e+01,2.083741e+01,2.075382e+01,2.085830e+01,2.078866e+01,2.077472e+01,2.068410e+01,2.077472e+01,2.073988e+01,2.069108e+01,2.075382e+01,2.074685e+01,2.083045e+01,2.080955e+01,2.073291e+01,2.078866e+01,2.068410e+01,2.066318e+01,2.076079e+01,2.073988e+01,2.076079e+01,2.073291e+01,2.075382e+01,2.076079e+01,2.068410e+01,2.085830e+01,2.080955e+01,2.099744e+01,2.069805e+01,2.073988e+01,2.070502e+01,2.076775e+01,2.073988e+01,2.068410e+01,2.071200e+01,2.069108e+01,2.075382e+01,2.078169e+01,2.073291e+01,2.073988e+01,2.072594e+01,2.072594e+01,2.078169e+01,2.071897e+01,2.072594e+01,2.069805e+01,2.072594e+01,2.073291e+01,2.073291e+01,2.076775e+01,2.080955e+01,2.071200e+01,2.078169e+01,2.076079e+01,2.080955e+01,2.084437e+01,2.076775e+01,2.072594e+01,2.078866e+01,2.087918e+01,2.077472e+01,2.076079e+01,2.079562e+01,2.077472e+01,2.068410e+01,2.075382e+01,2.077472e+01,2.077472e+01,2.076079e+01,2.083045e+01,2.073291e+01,2.062132e+01,2.081652e+01,2.077472e+01,2.077472e+01,2.082348e+01,2.078169e+01,2.070502e+01,2.086526e+01,2.079562e+01,2.063528e+01,2.080955e+01,2.082348e+01,2.081652e+01,2.081652e+01,2.083045e+01,2.076775e+01,2.070502e+01,2.069108e+01,2.071200e+01,2.080955e+01,2.080955e+01,2.082348e+01,2.075382e+01,2.073291e+01,2.078169e+01,2.069108e+01,2.083741e+01,2.076775e+01,2.085134e+01,2.077472e+01,2.082348e+01,2.066318e+01,2.073291e+01,2.078169e+01,2.078866e+01,2.071897e+01,2.071897e+01,2.073291e+01,2.076775e+01,2.076079e+01,2.075382e+01,2.074685e+01,2.081652e+01,2.081652e+01,2.074685e+01,2.082348e+01,2.071200e+01,2.078866e+01,2.076079e+01,2.069108e+01,2.065621e+01,2.073291e+01,2.064923e+01,2.067713e+01,2.071200e+01,2.082348e+01,2.083045e+01,2.072594e+01,2.072594e+01,2.080955e+01,2.073291e+01,2.071200e+01,2.069805e+01,2.069108e+01,2.070502e+01,2.071897e+01,2.071897e+01,2.074685e+01,2.074685e+01,2.075382e+01,2.071200e+01,2.082348e+01,2.082348e+01,2.070502e+01,2.078866e+01,2.078866e+01,2.070502e+01,2.081652e+01,2.083741e+01,2.079562e+01,2.069108e+01,2.080259e+01,2.070502e+01,2.071897e+01,2.076079e+01,2.078866e+01,2.071200e+01,2.080955e+01,2.073988e+01,2.071897e+01,2.075382e+01,2.081652e+01,2.078169e+01,2.074685e+01,2.083741e+01,2.073988e+01,2.081652e+01,2.082348e+01,2.077472e+01,2.077472e+01,2.078866e+01,2.064923e+01,2.078866e+01,2.072594e+01,2.075382e+01,2.058643e+01,2.087222e+01,2.078169e+01,2.073988e+01,2.071897e+01,2.075382e+01,2.072594e+01,2.071200e+01,2.079562e+01,2.072594e+01,2.069108e+01,2.078169e+01,2.083045e+01,2.076775e+01,2.069805e+01,2.076775e+01,2.065621e+01,2.087222e+01,2.077472e+01,2.078169e+01,2.080955e+01,2.073291e+01,2.073988e+01,2.072594e+01,2.069108e+01,2.068410e+01,2.074685e+01,2.074685e+01,2.073291e+01,2.078169e+01,2.068410e+01,2.076775e+01,2.078866e+01,2.085134e+01,2.076775e+01,2.075382e+01,2.080259e+01,2.080955e+01,2.071200e+01,2.078169e+01,2.069108e+01,2.078866e+01,2.076775e+01,2.083741e+01,2.073988e+01,2.078866e+01,2.073988e+01,2.085134e+01,2.069108e+01,2.079562e+01,2.080955e+01,2.074685e+01,2.074685e+01,2.070502e+01,2.083045e+01,2.080259e+01,2.069805e+01,2.078169e+01,2.080259e+01,2.080259e+01,2.082348e+01,2.094876e+01,2.080955e+01,2.071897e+01,2.073291e+01,2.076775e+01,2.073988e+01,2.076775e+01,2.078866e+01,2.080955e+01,2.080955e+01,2.081652e+01,2.089310e+01,2.086526e+01,2.073291e+01,2.071897e+01
2.085830e+01,2.088614e+01,2.081652e+01,2.085134e+01,2.071200e+01,2.078866e+01,2.082348e+01,2.085134e+01,2.084437e+01,2.087222e+01,2.082348e+01,2.085830e+01,2.083741e+01,2.076775e+01,2.088614e+01,2.079562e+01,2.086526e+01,2.083741e+01,2.076079e+01,2.082348e+01,2.103914e+01,2.083741e+01,2.073291e+01,2.076775e+01,2.076775e+01,2.089310e+01,2.065621e+01,2.086526e+01,2.087918e+01,2.083741e+01,2.076775e+01,2.087918e+01,2.085830e+01,2.093485e+01,2.085830e+01,2.083045e+01,2.075382e+01,2.081652e+01,2.067016e+01,2.067016e+01,2.050262e+01,2.031382e+01,2.032082e+01,2.040477e+01,2.041875e+01,2.048865e+01,2.041875e+01,2.029982e+01,2.024380e+01,2.010362e+01,2.014569e+01,2.015270e+01,2.036980e+01,2.036980e+01,2.026481e+01,2.033481e+01,2.042575e+01,2.043274e+01,2.036980e+01,2.041875e+01,2.046070e+01,2.043973e+01,2.037679e+01,2.047468e+01,2.047468e+01,2.048865e+01,2.047468e+01,2.047468e+01,2.051660e+01,2.048166e+01,2.043973e+01,2.058643e+01,2.043274e+01,2.036280e+01,2.048865e+01,2.050262e+01,2.063528e+01,2.057944e+01,2.065621e+01,2.073291e+01,2.061434e+01,2.062132e+01,2.065621e+01,2.060039e+01,2.062830e+01,2.069108e+01,2.062132e+01,2.062830e+01,2.066318e+01,2.059340e+01,2.064225e+01,2.065621e+01,2.049564e+01,2.052358e+01,2.050262e+01,2.064923e+01,2.060736e+01,2.063528e+01,2.062132e+01,2.061434e+01,2.057246e+01,2.073291e+01,2.064923e+01,2.063528e+01,2.078866e+01,2.069805e+01,2.069805e+01,2.067713e+01,2.067016e+01,2.069108e+01,2.064923e+01,2.067713e+01,2.070502e+01,2.069108e+01,2.057246e+01,2.068410e+01,2.080955e+01,2.062830e+01,2.066318e+01,2.061434e+01,2.064225e+01,2.065621e+01,2.056548e+01,2.064225e+01,2.067713e+01,2.065621e+01,2.073988e+01,2.062830e+01,2.071200e+01,2.062830e+01,2.064923e+01,2.067713e+01,2.059340e+01,2.057944e+01,2.062830e+01,2.064225e+01,2.067713e+01,2.067016e+01,2.067016e+01,2.055850e+01,2.067713e+01,2.064923e+01,2.061434e+01,2.064923e+01,2.057944e+01,2.057246e+01,2.050961e+01,2.063528e+01,2.075382e+01,2.062132e+01,2.060736e+01,2.055850e+01,2.064225e+01,2.058643e+01,2.057944e+01,2.054453e+01,2.064923e+01,2.064923e+01,2.069805e+01,2.055152e+01,2.062830e+01,2.067713e+01,2.071200e+01,2.062830e+01,2.061434e+01,2.065621e+01,2.065621e+01,2.075382e+01,2.069108e+01,2.062830e+01,2.066318e+01,2.066318e+01,2.076079e+01,2.077472e+01,2.076079e+01,2.076079e+01,2.076775e+01,2.073988e+01,2.075382e+01,2.079562e+01,2.078169e+01,2.076079e+01,2.077472e+01,2.075382e+01,2.073988e+01,2.080955e+01,2.084437e+01,2.085830e+01,2.083045e+01,2.078866e+01,2.080259e+01,2.080955e+01,2.078169e+01,2.076775e+01,2.078169e+01,2.083741e+01,2.081652e+01,2.081652e+01,2.084437e+01,2.076775e+01,2.083741e+01,2.094180e+01,2.073291e+01,2.087918e+01,2.079562e+01,2.090006e+01,2.083045e+01,2.084437e+01,2.089310e+01,2.095572e+01,2.087918e+01,2.087222e+01,2.085134e+01,2.078866e+01,2.083741e+01,2.078169e+01,2.078866e+01,2.083045e+01,2.083045e+01,2.089310e+01,2.083741e+01,2.073988e+01,2.077472e+01,2.072594e+01,2.076079e+01,2.071200e+01,2.073988e+01,2.067713e+01,2.068410e+01,2.068410e+01,2.069108e+01,2.061434e+01,2.061434e+01,2.058643e+01,2.058643e+01,2.060039e+01,2.061434e+01,2.060736e+01,2.070502e+01,2.071200e+01,2.073291e+01,2.071897e+01,2.062830e+01,2.061434e+01,2.072594e+01,2.062830e+01,2.059340e+01,2.069108e+01,2.067713e+01,2.069108e+01,2.064923e+01,2.073291e+01,2.060039e+01,2.074685e+01,2.078169e+01,2.077472e+01,2.075382e+01,2.074685e+01,2.077472e+01,2.080259e+01,2.075382e+01,2.080955e+01,2.083045e+01,2.083045e+01,2.090006e+01,2.078169e+01,2.090006e+01,2.087222e+01,2.076775e+01,2.070502e+01,2.089310e+01,2.081652e+01,2.081652e+01,2.088614e+01,2.085134e+01,2.090006e+01,2.076079e+01,2.083045e+01,2.076775e+01,2.065621e+01,2.085134e+01,2.087222e+01,2.081652e+01,2.084437e+01,2.082348e+01,2.082348e+01,2.083045e+01,2.078866e+01,2.076775e+01,2.069805e+01,2.076775e+01,2.083045e+01,2.084437e+01,2.072594e+01,2.078169e+01,2.079562e+01,2.078866e+01,2.080259e+01,2.075382e+01,2.078866e+01,2.083741e+01,2.080259e+01,2.073988e+01,2.080955e+01,2.078866e+01,2.076775e+01,2.084437e+01,2.075382e+01,2.079562e+01,2.071200e+01,2.080259e+01,2.085830e+01,2.077472e+01,2.075382e+01,2.073988e+01,2.077472e+01,2.085134e+01,2.080955e+01,2.083045e+01,2.075382e+01,2.076775e+01,2.069805e+01,2.073291e+01,2.077472e+01,2.065621e+01,2.076775e+01,2.073988e+01,2.073988e+01,2.080259e+01,2.071200e+01,2.072594e+01,2.081652e+01,2.079562e+01,2.077472e+01,2.077472e+01,2.073988e+01,2.073291e+01,2.079562e+01,2.075382e+01,2.078169e+01,2.078169e+01,2.080259e+01,2.075382e+01,2.075382e+01,2.078866e+01,2.075382e+01,2.062830e+01,2.066318e+01,2.076079e+01,2.069108e+01,2.064923e+01,2.080259e+01,2.067713e+01,2.072594e+01,2.073291e+01,2.073291e+01,2.070502e+01,2.083045e+01,2.082348e+01,2.085134e+01,2.074685e+01,2.077472e+01,2.075382e+01,2.076079e+01,2.073291e+01,2.076079e+01,2.077472e+01,2.073988e+01,2.073291e+01,2.071897e+01,2.069108e+01,2.074685e+01,2.080955e+01,2.074685e+01,2.079562e+01,2.080259e+01,2.076775e+01,2.073291e+01,2.076775e+01,2.069108e+01,2.075382e+01,2.069108e+01,2.070502e+01,2.087222e+01,2.079562e+01,2.075382e+01,2.080259e+01,2.083741e+01,2.075382e+01,2.084437e+01,2.077472e+01,2.076775e+01,2.076775e+01,2.076775e+01,2.073291e+01,2.078169e+01,2.075382e+01,2.093485e+01,2.082348e+01,2.076775e+01,2.077472e+01,2.075382e+01,2.064225e+01,2.075382e+01,2.078169e+01,2.068410e+01,2.076775e+01,2.073988e+01,2.073988e+01,2.076079e+01,2.073988e+01,2.067713e+01,2.073291e+01,2.081652e+01,2.082348e+01,2.080259e+01,2.075382e+01,2.073988e+01,2.082348e+01,2.079562e+01,2.075382e+01,2.070502e+01,2.076079e+01,2.087918e+01,2.069805e+01,2.074685e+01,2.078866e+01,2.077472e+01,2.076079e+01,2.078169e+01,2.076775e+01,2.070502e+01,2.066318e+01,2.079562e+01,2.074685e+01,2.079562e+01,2.070502e+01,2.077472e+01,2.073291e+01,2.083045e+01,2.078169e+01,2.071200e+01,2.072594e+01,2.076079e+01,2.076775e+01,2.076775e+01,2.073988e+01,2.083741e+01,2.087918e+01,2.077472e+01,2.077472e+01,2.078866e+01,2.067016e+01,2.087222e+01,2.073988e+01,2.090702e+01,2.083741e+01,2.073291e+01,2.084437e+01,2.073291e+01,2.079562e+01,2.069805e+01,2.078866e+01,2.065621e+01,2.070502e+01,2.078866e+01,2.078169e+01,2.083741e+01,2.079562e+01,2.080955e+01,2.069108e+01,2.080259e+01,2.073291e+01,2.072594e+01,2.072594e+01,2.076775e+01,2.088614e+01,2.083741e+01,2.080955e+01,2.083045e+01,2.079562e+01,2.080955e+01,2.080259e+01,2.078866e+01,2.079562e+01,2.087918e+01,2.072594e+01,2.071200e+01,2.082348e+01,2.066318e+01,2.083045e+01,2.073988e+01,2.076775e+01,2.072594e+01,2.077472e+01,2.083045e+01,2.083741e+01,2.085134e+01,2.080955e+01,2.077472e+01,2.075382e+01,2.073291e+01,2.075382e+01,2.078169e+01,2.080955e+01,2.087222e+01,2.080955e+01,2.076079e+01,2.070502e+01,2.080259e+01,2.079562e+01,2.069108e+01,2.079562e+01,2.077472e+01,2.078169e+01,2.076775e+01,2.070502e+01,2.077472e+01,2.071897e+01,2.080955e+01,2.070502e+01,2.076079e+01,2.068410e+01,2.082348e+01,2.073291e+01,2.084437e+01,2.076775e+01,2.076079e+01,2.076775e+01,2.085134e+01,2.080259e+01,2.076775e+01,2.084437e+01,2.086526e+01,2.078169e+01,2.067713e+01,2.076775e+01,2.073988e+01,2.080259e+01,2.077472e+01,2.087222e+01,2.069805e+01,2.078866e+01,2.067713e+01,2.076775e+01,2.078169e+01,2.077472e+01,2.071897e+01,2.079562e+01,2.073291e+01,2.084437e+01,2.078866e+01,2.074685e+01,2.071200e+01,2.078866e+01,2.084437e+01,2.085134e+01,2.080259e+01,2.078169e+01,2.080259e+01,2.078866e+01,2.077472e+01,2.078866e+01,2.077472e+01,2.074685e+01,2.074685e+01,2.080259e+01,2.073988e+01,2.073988e+01,2.075382e+01,2.074685e+01,2.096962e+01,2.071200e+01,2.080259e+01,2.079562e+01,2.077472e+01,2.077472e+01,2.082348e+01,2.091398e+01,2.082348e+01,2.084437e+01,2.076775e+01,2.083045e+01,2.073988e+01,2.069108e+01,2.087918e+01,2.069805e+01,2.075382e+01,2.085134e+01,2.074685e+01,2.089310e+01,2.078866e+01,2.075382e+01,2.076775e+01,2.080259e+01,2.078866e+01,2.075382e+01,2.080259e+01,2.075382e+01,2.076079e+01,2.086526e+01,2.075382e+01,2.083045e+01,2.080259e+01,2.077472e+01,2.070502e+01,2.082348e+01,2.077472e+01,2.085134e+01,2.073291e+01,2.083741e+01,2.074685e+01,2.087222e+01,2.080259e+01,2.076079e+01,2.074685e+01,2.070502e+01,2.078866e+01,2.078169e+01,2.072594e+01,2.076775e+01,2.085134e+01,2.089310e+01,2.072594e+01,2.070502e+01,2.076775e+01,2.080955e+01,2.072594e+01,2.083741e+01,2.076775e+01,2.075382e+01,2.081652e+01,2.081652e+01,2.084437e+01,2.085830e+01,2.078169e+01,2.087222e+01,2.080259e+01,2.079562e+01,2.080955e+01
2.086526e+01,2.083741e+01,2.087918e+01,2.084437e+01,2.079562e+01,2.074685e+01,2.073988e+01,2.071200e+01,2.081652e+01,2.080259e+01,2.075382e+01,2.072594e+01,2.080955e+01,2.085830e+01,2.086526e+01,2.071200e+01,2.080955e+01,2.072594e+01,2.075382e+01,2.071200e+01,2.078169e+01,2.082348e+01,2.079562e+01,2.079562e+01,2.090006e+01,2.086526e+01,2.076775e+01,2.081652e+01,2.087222e+01,2.084437e+01,2.083741e+01,2.083741e+01,2.080955e+01,2.087222e+01,2.080955e+01,2.080955e+01,2.081652e+01,2.076775e+01,2.073988e+01,2.063528e+01,2.041176e+01,2.016672e+01,2.032782e+01,2.027881e+01,2.023680e+01,2.031382e+01,2.039778e+01,2.041176e+01,2.041176e+01,2.041176e+01,2.043274e+01,2.036280e+01,2.045371e+01,2.039078e+01,2.037679e+01,2.036980e+01,2.039078e+01,2.043274e+01,2.038379e+01,2.035581e+01,2.041875e+01,2.039778e+01,2.045371e+01,2.034881e+01,2.043973e+01,2.040477e+01,2.048166e+01,2.038379e+01,2.049564e+01,2.045371e+01,2.053057e+01,2.057246e+01,2.049564e+01,2.060736e+01,2.055850e+01,2.057944e+01,2.062830e+01,2.055152e+01,2.064225e+01,2.061434e+01,2.059340e+01,2.061434e+01,2.067016e+01,2.065621e+01,2.064923e+01,2.060736e+01,2.064225e+01,2.055850e+01,2.064225e+01,2.055850e+01,2.061434e+01,2.046070e+01,2.063528e+01,2.050961e+01,2.050961e+01,2.043274e+01,2.057944e+01,2.060039e+01,2.060039e+01,2.062132e+01,2.063528e+01,2.064923e+01,2.067713e+01,2.061434e+01,2.064923e+01,2.067016e+01,2.071200e+01,2.067713e+01,2.068410e+01,2.069805e+01,2.064225e+01,2.065621e+01,2.064923e+01,2.067713e+01,2.062830e+01,2.067713e+01,2.069805e+01,2.067016e+01,2.081652e+01,2.064923e+01,2.066318e+01,2.059340e+01,2.060736e+01,2.067016e+01,2.066318e+01,2.066318e+01,2.066318e+01,2.060039e+01,2.071200e+01,2.073988e+01,2.066318e+01,2.069805e+01,2.072594e+01,2.069108e+01,2.068410e+01,2.070502e+01,2.068410e+01,2.064923e+01,2.060039e+01,2.069805e+01,2.064923e+01,2.073988e+01,2.067713e+01,2.055850e+01,2.064923e+01,2.056548e+01,2.051660e+01,2.060736e+01,2.061434e+01,2.062132e+01,2.059340e+01,2.056548e+01,2.060736e+01,2.055152e+01,2.054453e+01,2.057944e+01,2.073291e+01,2.073988e+01,2.061434e+01,2.067713e+01,2.071897e+01,2.059340e+01,2.068410e+01,2.062132e+01,2.062830e+01,2.071200e+01,2.068410e+01,2.078866e+01,2.065621e+01,2.080259e+01,2.063528e+01,2.078866e+01,2.071200e+01,2.073988e+01,2.072594e+01,2.073988e+01,2.074685e+01,2.076079e+01,2.071200e+01,2.073988e+01,2.072594e+01,2.075382e+01,2.078866e+01,2.084437e+01,2.083045e+01,2.080955e+01,2.083045e+01,2.083045e+01,2.079562e+01,2.080955e+01,2.074685e+01,2.079562e+01,2.078169e+01,2.082348e+01,2.063528e+01,2.083045e+01,2.080259e+01,2.084437e+01,2.078169e+01,2.081652e+01,2.082348e+01,2.082348e+01,2.074685e+01,2.079562e+01,2.078169e+01,2.085830e+01,2.081652e+01,2.084437e+01,2.087918e+01,2.093485e+01,2.087918e+01,2.081652e+01,2.083045e+01,2.083741e+01,2.085830e+01,2.080259e+01,2.083045e+01,2.083045e+01,2.079562e+01,2.084437e+01,2.074685e+01,2.084437e+01,2.087222e+01,2.084437e+01,2.073291e+01,2.064225e+01,2.077472e+01,2.067016e+01,2.071200e+01,2.074685e+01,2.067713e+01,2.063528e+01,2.054453e+01,2.067016e+01,2.060736e+01,2.070502e+01,2.062132e+01,2.063528e+01,2.060736e+01,2.064225e+01,2.060736e+01,2.057246e+01,2.070502e+01,2.058643e+01,2.064923e+01,2.061434e+01,2.064225e+01,2.059340e+01,2.061434e+01,2.071200e+01,2.079562e+01,2.071200e+01,2.073988e+01,2.075382e+01,2.066318e+01,2.070502e+01,2.072594e+01,2.070502e+01,2.073291e+01,2.077472e+01,2.078169e+01,2.070502e+01,2.094876e+01,2.079562e+01,2.083741e+01,2.086526e+01,2.079562e+01,2.076775e+01,2.079562e+01,2.071200e+01,2.069805e+01,2.080955e+01,2.095572e+01,2.088614e+01,2.087918e+01,2.090702e+01,2.086526e+01,2.083045e+01,2.080259e+01,2.069805e+01,2.071897e+01,2.083741e+01,2.073291e+01,2.082348e+01,2.082348e+01,2.082348e+01,2.082348e+01,2.080955e+01,2.080259e+01,2.078169e+01,2.078169e+01,2.072594e+01,2.076775e+01,2.076079e+01,2.092093e+01,2.071897e+01,2.079562e+01,2.080259e+01,2.080259e+01,2.073291e+01,2.080259e+01,2.070502e+01,2.070502e+01,2.074685e+01,2.078169e+01,2.081652e+01,2.076775e+01,2.076775e+01,2.084437e+01,2.071200e+01,2.072594e+01,2.080259e+01,2.073988e+01,2.073291e+01,2.076079e+01,2.071897e+01,2.085830e+01,2.081652e+01,2.071200e+01,2.072594e+01,2.073291e+01,2.081652e+01,2.079562e+01,2.067713e+01,2.068410e+01,2.073291e+01,2.070502e+01,2.072594e+01,2.076775e+01,2.084437e+01,2.072594e+01,2.073988e+01,2.072594e+01,2.076079e+01,2.075382e+01,2.078169e+01,2.077472e+01,2.071200e+01,2.078866e+01,2.078866e+01,2.077472e+01,2.079562e+01,2.076775e+01,2.078169e+01,2.076775e+01,2.070502e+01,2.076079e+01,2.078866e+01,2.083741e+01,2.069108e+01,2.069108e+01,2.070502e+01,2.069805e+01,2.069805e+01,2.072594e+01,2.065621e+01,2.069805e+01,2.073291e+01,2.064923e+01,2.069108e+01,2.080259e+01,2.068410e+01,2.074685e+01,2.077472e+01,2.072594e+01,2.059340e+01,2.071897e+01,2.080955e+01,2.071897e+01,2.080259e+01,2.078169e+01,2.069108e+01,2.083045e+01,2.081652e+01,2.078169e+01,2.078866e+01,2.083741e+01,2.083741e+01,2.075382e+01,2.074685e+01,2.073988e+01,2.075382e+01,2.074685e+01,2.071200e+01,2.075382e+01,2.080259e+01,2.077472e+01,2.082348e+01,2.081652e+01,2.071200e+01,2.080955e+01,2.083741e+01,2.079562e+01,2.073988e+01,2.077472e+01,2.076079e+01,2.082348e+01,2.069108e+01,2.079562e+01,2.081652e+01,2.076775e+01,2.074685e+01,2.067016e+01,2.072594e+01,2.068410e+01,2.073988e+01,2.076079e+01,2.073291e+01,2.073988e+01,2.079562e+01,2.076079e+01,2.076775e+01,2.078866e+01,2.078169e+01,2.078866e+01,2.085134e+01,2.080259e+01,2.081652e+01,2.073988e+01,2.073291e+01,2.080259e+01,2.071200e+01,2.078169e+01,2.066318e+01,2.073291e+01,2.070502e+01,2.081652e+01,2.073988e+01,2.075382e+01,2.074685e+01,2.079562e+01,2.065621e+01,2.074685e+01,2.080955e+01,2.072594e+01,2.072594e+01,2.072594e+01,2.073291e+01,2.068410e+01,2.076079e+01,2.086526e+01,2.067713e+01,2.073291e+01,2.069108e+01,2.074685e+01,2.067713e+01,2.063528e+01,2.076079e+01,2.078169e+01,2.067016e+01,2.076775e+01,2.072594e+01,2.081652e+01,2.073988e+01,2.075382e+01,2.078169e+01,2.078169e+01,2.083741e+01,2.072594e+01,2.075382e+01,2.076775e+01,2.077472e+01,2.056548e+01,2.081652e+01,2.076775e+01,2.071897e+01,2.075382e+01,2.076079e+01,2.083741e+01,2.064225e+01,2.082348e+01,2.063528e+01,2.078866e+01,2.074685e+01,2.076079e+01,2.077472e+01,2.081652e+01,2.073988e+01,2.065621e+01,2.080955e+01,2.081652e+01,2.080259e+01,2.078169e+01,2.075382e+01,2.080955e+01,2.085830e+01,2.076079e+01,2.080259e+01,2.084437e+01,2.082348e+01,2.084437e+01,2.075382e+01,2.071897e+01,2.073291e+01,2.070502e+01,2.085134e+01,2.072594e+01,2.077472e+01,2.077472e+01,2.070502e+01,2.077472e+01,2.072594e+01,2.076079e+01,2.076775e+01,2.079562e+01,2.078866e+01,2.078169e+01,2.078169e+01,2.073988e+01,2.080259e+01,2.080259e+01,2.070502e+01,2.075382e+01,2.083045e+01,2.078866e+01,2.080259e+01,2.096267e+01,2.078169e+01,2.077472e+01,2.078169e+01,2.072594e+01,2.081652e+01,2.073988e+01,2.093485e+01,2.081652e+01,2.078169e+01,2.071897e+01,2.073988e+01,2.076775e+01,2.074685e+01,2.071200e+01,2.077472e+01,2.078169e+01,2.073291e+01,2.084437e+01,2.080259e+01,2.082348e+01,2.079562e+01,2.077472e+01,2.069805e+01,2.078169e+01,2.066318e+01,2.084437e+01,2.077472e+01,2.071200e+01,2.075382e+01,2.083045e+01,2.067713e+01,2.076775e+01,2.080259e+01,2.073988e+01,2.079562e+01,2.073291e+01,2.082348e+01,2.082348e+01,2.084437e+01,2.080955e+01,2.082348e+01,2.073988e+01,2.075382e+01,2.080955e+01,2.080955e+01,2.073291e+01,2.074685e+01,2.074685e+01,2.079562e+01,2.070502e+01,2.076079e+01,2.080259e+01,2.073291e+01,2.073988e+01,2.072594e+01,2.078169e+01,2.075382e+01,2.086526e+01,2.082348e+01,2.081652e+01,2.077472e+01,2.087918e+01,2.086526e+01,2.087222e+01,2.085134e+01,2.085830e+01,2.085134e+01,2.073291e+01,2.058643e+01,2.075382e+01,2.072594e+01,2.078169e+01,2.067016e+01,2.077472e+01,2.067713e+01,2.066318e+01,2.088614e+01,2.082348e+01,2.079562e+01,2.077472e+01,2.076079e+01,2.078169e+01,2.078866e+01,2.060736e+01,2.077472e+01,2.080259e+01,2.083045e+01,2.071897e+01,2.085830e+01,2.074685e+01,2.078169e+01,2.076079e+01,2.080259e+01,2.064923e+01,2.078169e+01,2.087222e+01,2.081652e+01,2.076079e+01,2.079562e+01,2.075382e+01,2.076775e+01,2.078866e+01,2.080259e+01,2.076775e+01,2.069805e+01,2.075382e+01,2.077472e+01,2.082348e+01,2.080259e+01,2.078169e+01,2.080955e+01,2.080259e+01,2.079562e+01,2.073291e+01,2.081652e+01,2.082348e+01,2.078866e+01,2.080955e+01,2.073291e+01,2.082348e+01,2.081652e+01,2.086526e+01,2.102524e+01
2.094180e+01,2.086526e+01,2.083045e+01,2.076775e+01,2.070502e+01,2.083045e+01,2.080259e+01,2.073988e+01,2.071200e+01,2.073291e+01,2.073988e+01,2.093485e+01,2.089310e+01,2.093485e+01,2.081652e+01,2.073988e+01,2.078866e+01,2.087918e+01,2.082348e+01,2.085134e+01,2.075382e+01,2.073291e+01,2.090006e+01,2.087222e+01,2.087222e+01,2.078169e+01,2.066318e+01,2.087918e+01,2.068410e+01,2.090006e+01,2.083741e+01,2.088614e+01,2.084437e+01,2.085134e+01,2.080955e+01,2.076775e+01,2.073291e+01,2.075382e+01,2.053057e+01,2.036280e+01,2.014569e+01,2.016672e+01,2.022278e+01,2.022979e+01,2.046769e+01,2.048166e+01,2.046769e+01,2.036280e+01,2.048865e+01,2.048166e+01,2.044672e+01,2.049564e+01,2.048865e+01,2.046769e+01,2.041176e+01,2.037679e+01,2.035581e+01,2.040477e+01,2.040477e+01,2.041176e+01,2.043973e+01,2.041176e+01,2.032082e+01,2.033481e+01,2.029982e+01,2.041176e+01,2.032082e+01,2.039778e+01,2.050961e+01,2.051660e+01,2.057246e+01,2.055850e+01,2.056548e+01,2.062132e+01,2.048865e+01,2.060039e+01,2.047468e+01,2.048166e+01,2.053755e+01,2.062830e+01,2.055850e+01,2.055152e+01,2.061434e+01,2.058643e+01,2.064225e+01,2.054453e+01,2.055152e+01,2.050961e+01,2.048865e+01,2.047468e+01,2.055152e+01,2.045371e+01,2.049564e+01,2.056548e+01,2.048166e+01,2.039778e+01,2.061434e+01,2.059340e+01,2.061434e+01,2.057246e+01,2.061434e+01,2.062132e+01,2.067016e+01,2.064225e+01,2.062830e+01,2.069108e+01,2.069108e+01,2.070502e+01,2.067713e+01,2.067016e+01,2.070502e+01,2.064225e+01,2.066318e+01,2.063528e+01,2.062132e+01,2.074685e+01,2.070502e+01,2.070502e+01,2.071897e+01,2.073291e+01,2.069805e+01,2.072594e+01,2.073291e+01,2.062830e+01,2.065621e+01,2.071200e+01,2.065621e+01,2.063528e+01,2.066318e+01,2.065621e+01,2.064923e+01,2.067713e+01,2.077472e+01,2.069805e+01,2.062830e+01,2.066318e+01,2.064225e+01,2.069805e+01,2.064923e+01,2.067016e+01,2.074685e+01,2.069108e+01,2.071897e+01,2.073291e+01,2.064225e+01,2.051660e+01,2.053755e+01,2.062132e+01,2.057944e+01,2.057944e+01,2.062132e+01,2.064225e+01,2.064923e+01,2.069108e+01,2.058643e+01,2.070502e+01,2.073291e+01,2.054453e+01,2.062830e+01,2.057944e+01,2.071200e+01,2.067713e+01,2.061434e+01,2.071200e+01,2.092789e+01,2.071200e+01,2.070502e+01,2.071897e+01,2.062132e+01,2.065621e+01,2.078866e+01,2.081652e+01,2.065621e+01,2.073291e+01,2.079562e+01,2.074685e+01,2.073291e+01,2.073291e+01,2.066318e+01,2.071200e+01,2.072594e+01,2.072594e+01,2.078866e+01,2.079562e+01,2.080259e+01,2.081652e+01,2.078866e+01,2.081652e+01,2.075382e+01,2.073291e+01,2.083045e+01,2.080259e+01,2.080259e+01,2.069805e+01,2.074685e+01,2.082348e+01,2.074685e+01,2.080259e+01,2.088614e+01,2.079562e+01,2.078866e+01,2.080259e+01,2.080955e+01,2.087918e+01,2.084437e+01,2.083741e+01,2.084437e+01,2.083045e+01,2.075382e+01,2.084437e+01,2.080955e+01,2.087222e+01,2.076079e+01,2.084437e+01,2.080955e+01,2.083045e+01,2.087222e+01,2.088614e+01,2.085830e+01,2.076079e+01,2.086526e+01,2.078169e+01,2.083045e+01,2.075382e+01,2.071897e+01,2.069108e+01,2.073291e+01,2.068410e+01,2.067713e+01,2.070502e+01,2.065621e+01,2.060039e+01,2.068410e+01,2.061434e+01,2.059340e+01,2.063528e+01,2.060039e+01,2.062132e+01,2.064923e+01,2.057246e+01,2.059340e+01,2.065621e+01,2.060736e+01,2.075382e+01,2.066318e+01,2.058643e+01,2.069108e+01,2.065621e+01,2.062830e+01,2.067016e+01,2.070502e+01,2.068410e+01,2.069805e+01,2.072594e+01,2.069805e+01,2.069805e+01,2.072594e+01,2.078169e+01,2.077472e+01,2.077472e+01,2.078866e+01,2.077472e+01,2.069805e+01,2.078866e+01,2.080955e+01,2.078169e+01,2.073988e+01,2.072594e+01,2.080259e+01,2.069805e+01,2.083045e+01,2.078169e+01,2.073291e+01,2.063528e+01,2.079562e+01,2.084437e+01,2.072594e+01,2.080955e+01,2.085134e+01,2.075382e+01,2.073291e+01,2.073988e+01,2.067016e+01,2.085134e+01,2.082348e+01,2.079562e+01,2.080955e+01,2.083045e+01,2.080955e+01,2.079562e+01,2.074685e+01,2.078169e+01,2.083045e+01,2.076775e+01,2.072594e+01,2.078169e+01,2.076079e+01,2.080259e+01,2.078169e+01,2.078866e+01,2.079562e+01,2.072594e+01,2.075382e+01,2.085134e+01,2.074685e+01,2.071897e+01,2.069108e+01,2.083741e+01,2.076079e+01,2.073988e+01,2.078866e+01,2.073291e+01,2.076079e+01,2.076079e+01,2.076775e+01,2.073291e+01,2.076775e+01,2.083045e+01,2.077472e+01,2.077472e+01,2.072594e+01,2.069108e+01,2.074685e+01,2.069805e+01,2.068410e+01,2.076079e+01,2.078169e+01,2.073291e+01,2.074685e+01,2.086526e+01,2.075382e+01,2.066318e+01,2.071897e+01,2.067713e+01,2.071897e+01,2.072594e+01,2.070502e+01,2.076079e+01,2.080955e+01,2.069805e+01,2.071200e+01,2.078866e+01,2.081652e+01,2.078169e+01,2.077472e+01,2.078169e+01,2.069805e+01,2.066318e+01,2.071897e+01,2.076079e+01,2.067016e+01,2.067713e+01,2.070502e+01,2.069108e+01,2.074685e+01,2.071897e+01,2.072594e+01,2.064225e+01,2.069805e+01,2.067713e+01,2.059340e+01,2.077472e+01,2.086526e+01,2.077472e+01,2.076775e+01,2.078866e+01,2.078169e+01,2.078169e+01,2.078169e+01,2.073291e+01,2.073988e+01,2.076775e+01,2.078169e+01,2.081652e+01,2.079562e+01,2.078169e+01,2.075382e+01,2.076775e+01,2.078866e+01,2.080955e+01,2.071200e+01,2.080259e+01,2.073291e+01,2.080259e+01,2.080955e+01,2.076079e+01,2.080259e+01,2.080955e+01,2.079562e+01,2.082348e+01,2.076775e+01,2.079562e+01,2.067016e+01,2.074685e+01,2.080955e+01,2.081652e+01,2.075382e+01,2.075382e+01,2.074685e+01,2.073988e+01,2.053755e+01,2.076775e+01,2.076775e+01,2.072594e+01,2.066318e+01,2.067713e+01,2.077472e+01,2.076079e+01,2.070502e+01,2.066318e+01,2.075382e+01,2.078169e+01,2.077472e+01,2.067713e+01,2.071897e+01,2.071897e+01,2.077472e+01,2.077472e+01,2.077472e+01,2.082348e+01,2.077472e+01,2.072594e+01,2.081652e+01,2.080955e+01,2.086526e+01,2.080259e+01,2.071897e+01,2.073291e+01,2.078169e+01,2.078169e+01,2.074685e+01,2.083741e+01,2.075382e+01,2.079562e+01,2.078866e+01,2.078866e+01,2.079562e+01,2.074685e+01,2.076079e+01,2.073291e+01,2.083045e+01,2.073988e+01,2.075382e+01,2.076775e+01,2.074685e+01,2.074685e+01,2.071897e+01,2.074685e+01,2.076775e+01,2.064923e+01,2.075382e+01,2.071897e+01,2.070502e+01,2.072594e+01,2.073291e+01,2.078866e+01,2.076775e+01,2.083045e+01,2.076775e+01,2.078866e+01,2.078866e+01,2.054453e+01,2.078866e+01,2.081652e+01,2.076775e+01,2.074685e+01,2.078169e+01,2.079562e+01,2.076775e+01,2.081652e+01,2.079562e+01,2.073988e+01,2.070502e+01,2.085134e+01,2.076079e+01,2.070502e+01,2.069805e+01,2.073291e+01,2.078866e+01,2.080955e+01,2.078169e+01,2.081652e+01,2.075382e+01,2.083045e+01,2.076775e+01,2.074685e+01,2.073988e+01,2.078169e+01,2.073291e+01,2.077472e+01,2.079562e+01,2.078169e+01,2.076079e+01,2.072594e+01,2.080259e+01,2.076775e+01,2.078866e+01,2.073988e+01,2.078866e+01,2.076775e+01,2.077472e+01,2.073988e+01,2.069805e+01,2.081652e+01,2.067713e+01,2.085134e+01,2.074685e+01,2.071897e+01,2.079562e+01,2.071897e+01,2.077472e+01,2.073988e+01,2.073291e+01,2.093485e+01,2.073291e+01,2.067713e+01,2.086526e+01,2.065621e+01,2.086526e+01,2.071897e+01,2.072594e+01,2.082348e+01,2.071897e+01,2.075382e+01,2.085830e+01,2.074685e+01,2.072594e+01,2.083045e+01,2.073291e+01,2.073291e+01,2.074685e+01,2.078866e+01,2.078169e+01,2.078866e+01,2.078169e+01,2.085830e+01,2.075382e+01,2.078866e+01,2.071897e+01,2.076079e+01,2.069108e+01,2.064225e+01,2.076079e+01,2.075382e+01,2.078866e+01,2.076079e+01,2.080955e+01,2.074685e+01,2.075382e+01,2.082348e+01,2.084437e+01,2.084437e+01,2.082348e+01,2.083741e+01,2.078866e+01,2.080955e+01,2.080955e+01,2.080259e+01,2.070502e+01,2.080955e+01,2.065621e+01,2.082348e+01,2.079562e+01,2.077472e+01,2.071897e+01,2.068410e+01,2.069108e+01,2.073291e+01,2.079562e+01,2.076775e+01,2.073988e+01,2.072594e+01,2.073988e+01,2.090702e+01,2.067713e+01,2.073988e+01,2.084437e+01,2.087918e+01,2.077472e+01,2.089310e+01,2.088614e+01,2.090006e+01,2.075382e+01,2.085134e+01,2.083045e+01,2.090702e+01,2.091398e+01,2.090006e+01,2.077472e+01,2.064923e+01,2.080259e+01,2.072594e+01,2.078866e+01,2.088614e+01,2.069805e+01,2.099048e+01,2.078866e+01,2.081652e+01,2.066318e+01,2.073988e+01,2.079562e+01,2.076079e+01,2.076079e+01,2.077472e+01,2.085134e+01,2.085134e+01,2.081652e+01,2.074685e+01,2.065621e+01,2.079562e+01,2.075382e+01,2.078866e+01,2.082348e+01,2.080955e+01,2.080259e+01,2.071897e+01,2.077472e+01,2.071200e+01,2.078169e+01,2.073988e+01,2.076079e+01,2.078866e+01,2.079562e+01,2.069108e+01,2.075382e+01,2.078866e+01,2.080955e+01,2.071897e+01,2.073988e+01,2.080955e+01,2.080259e+01,2.074685e+01,2.085134e+01,2.078866e+01,2.086526e+01,2.086526e+01,2.084437e+01,2.073988e+01,2.078866e+01,2.080955e+01
2.089310e+01,2.089310e+01,2.071200e+01,2.068410e+01,2.078169e+01,2.079562e+01,2.075382e+01,2.080955e+01,2.078866e+01,2.086526e+01,2.073988e+01,2.092789e+01,2.081652e+01,2.078169e+01,2.078866e+01,2.072594e+01,2.083045e+01,2.082348e+01,2.072594e+01,2.076775e+01,2.076079e+01,2.083741e+01,2.080955e+01,2.083741e+01,2.080955e+01,2.078169e+01,2.079562e+01,2.078169e+01,2.073291e+01,2.097658e+01,2.098353e+01,2.081652e+01,2.080259e+01,2.076775e+01,2.077472e+01,2.076775e+01,2.053755e+01,2.069805e+01,2.041176e+01,2.022278e+01,2.016672e+01,2.020877e+01,2.021578e+01,2.037679e+01,2.039778e+01,2.042575e+01,2.039778e+01,2.042575e+01,2.042575e+01,2.052358e+01,2.046070e+01,2.035581e+01,2.041875e+01,2.048166e+01,2.046070e+01,2.037679e+01,2.039078e+01,2.038379e+01,2.037679e+01,2.049564e+01,2.044672e+01,2.034181e+01,2.035581e+01,2.036280e+01,2.029982e+01,2.039078e+01,2.034181e+01,2.048166e+01,2.036980e+01,2.050961e+01,2.055152e+01,2.042575e+01,2.047468e+01,2.061434e+01,2.055152e+01,2.052358e+01,2.058643e+01,2.052358e+01,2.060736e+01,2.064225e+01,2.053755e+01,2.068410e+01,2.067713e+01,2.055152e+01,2.064225e+01,2.049564e+01,2.060736e+01,2.056548e+01,2.050961e+01,2.050961e+01,2.043973e+01,2.044672e+01,2.042575e+01,2.046769e+01,2.057944e+01,2.060736e+01,2.058643e+01,2.062132e+01,2.063528e+01,2.067713e+01,2.085134e+01,2.062132e+01,2.065621e+01,2.069108e+01,2.070502e+01,2.066318e+01,2.066318e+01,2.067713e+01,2.076079e+01,2.069805e+01,2.061434e+01,2.065621e+01,2.064923e+01,2.069108e+01,2.067016e+01,2.064225e+01,2.069108e+01,2.072594e+01,2.064225e+01,2.072594e+01,2.058643e+01,2.059340e+01,2.071897e+01,2.078866e+01,2.066318e+01,2.069108e+01,2.062830e+01,2.079562e+01,2.062830e+01,2.062132e+01,2.068410e+01,2.064923e+01,2.069805e+01,2.067016e+01,2.064225e+01,2.064923e+01,2.060039e+01,2.062830e+01,2.064923e+01,2.072594e+01,2.064923e+01,2.052358e+01,2.062132e+01,2.069805e+01,2.070502e+01,2.062132e+01,2.058643e+01,2.064225e+01,2.061434e+01,2.067713e+01,2.064923e+01,2.064923e+01,2.067016e+01,2.066318e+01,2.055850e+01,2.069805e+01,2.061434e+01,2.071897e+01,2.077472e+01,2.067016e+01,2.064923e+01,2.063528e+01,2.064923e+01,2.064923e+01,2.071897e+01,2.069805e+01,2.080259e+01,2.072594e+01,2.076775e+01,2.071200e+01,2.069805e+01,2.072594e+01,2.086526e+01,2.074685e+01,2.075382e+01,2.075382e+01,2.078866e+01,2.076775e+01,2.075382e+01,2.093485e+01,2.078866e+01,2.069108e+01,2.087222e+01,2.089310e+01,2.081652e+01,2.077472e+01,2.082348e+01,2.078169e+01,2.074685e+01,2.076775e+01,2.070502e+01,2.076775e+01,2.078866e+01,2.083741e+01,2.078169e+01,2.083741e+01,2.084437e+01,2.084437e+01,2.080955e+01,2.085134e+01,2.085830e+01,2.074685e+01,2.083045e+01,2.083741e+01,2.085134e+01,2.080955e+01,2.080955e+01,2.083045e+01,2.085134e+01,2.078169e+01,2.083045e+01,2.096962e+01,2.076775e+01,2.091398e+01,2.085830e+01,2.078169e+01,2.067016e+01,2.083741e+01,2.083741e+01,2.088614e+01,2.083741e+01,2.080259e+01,2.079562e+01,2.081652e+01,2.074685e+01,2.077472e+01,2.071200e+01,2.064923e+01,2.069108e+01,2.069108e+01,2.069805e+01,2.059340e+01,2.071200e+01,2.058643e+01,2.063528e+01,2.071897e+01,2.071200e+01,2.062830e+01,2.062132e+01,2.060736e+01,2.062132e+01,2.052358e+01,2.057944e+01,2.064225e+01,2.064923e+01,2.061434e+01,2.069805e+01,2.067016e+01,2.062830e+01,2.071897e+01,2.069108e+01,2.073988e+01,2.079562e+01,2.078169e+01,2.067713e+01,2.068410e+01,2.089310e+01,2.073291e+01,2.072594e+01,2.081652e+01,2.071897e+01,2.075382e+01,2.078169e+01,2.074685e+01,2.078169e+01,2.078866e+01,2.080955e+01,2.073291e+01,2.078169e+01,2.077472e+01,2.077472e+01,2.078866e+01,2.081652e+01,2.082348e+01,2.086526e+01,2.086526e+01,2.071200e+01,2.085134e+01,2.083741e+01,2.082348e+01,2.078866e+01,2.066318e+01,2.080955e+01,2.076775e+01,2.080955e+01,2.080955e+01,2.080955e+01,2.081652e+01,2.080259e+01,2.078169e+01,2.077472e+01,2.081652e+01,2.076775e+01,2.083045e+01,2.082348e+01,2.088614e+01,2.082348e+01,2.078866e+01,2.085134e+01,2.078866e+01,2.071897e+01,2.087222e+01,2.084437e+01,2.087918e+01,2.069108e+01,2.076079e+01,2.076775e+01,2.082348e+01,2.082348e+01,2.074685e+01,2.080259e+01,2.073291e+01,2.078866e+01,2.073988e+01,2.075382e+01,2.076775e+01,2.069805e+01,2.078169e+01,2.088614e+01,2.073291e+01,2.071200e+01,2.072594e+01,2.076079e+01,2.075382e+01,2.071897e+01,2.076079e+01,2.075382e+01,2.061434e+01,2.071897e+01,2.083741e+01,2.080259e+01,2.073988e+01,2.071897e+01,2.078866e+01,2.072594e+01,2.071200e+01,2.073988e+01,2.073291e+01,2.078866e+01,2.079562e+01,2.067713e+01,2.068410e+01,2.074685e+01,2.078866e+01,2.078169e+01,2.076775e+01,2.077472e+01,2.062132e+01,2.062132e+01,2.065621e+01,2.068410e+01,2.069805e+01,2.071200e+01,2.069805e+01,2.071200e+01,2.064225e+01,2.064923e+01,2.067016e+01,2.068410e+01,2.065621e+01,2.068410e+01,2.064923e+01,2.077472e+01,2.075382e+01,2.064225e+01,2.073988e+01,2.078866e+01,2.074685e+01,2.074685e+01,2.078169e+01,2.078866e+01,2.076775e+01,2.072594e+01,2.076079e+01,2.082348e+01,2.073291e+01,2.076775e+01,2.074685e+01,2.076775e+01,2.063528e+01,2.071897e+01,2.073291e+01,2.072594e+01,2.078866e+01,2.080259e+01,2.069108e+01,2.080259e+01,2.080259e+01,2.074685e+01,2.082348e+01,2.080259e+01,2.072594e+01,2.071897e+01,2.074685e+01,2.082348e+01,2.074685e+01,2.075382e+01,2.076079e+01,2.078169e+01,2.076775e+01,2.076079e+01,2.074685e+01,2.085830e+01,2.069108e+01,2.062830e+01,2.070502e+01,2.073988e+01,2.071897e+01,2.081652e+01,2.077472e+01,2.076079e+01,2.077472e+01,2.074685e+01,2.078169e+01,2.084437e+01,2.071897e+01,2.076775e+01,2.083045e+01,2.096267e+01,2.087918e+01,2.064225e+01,2.078866e+01,2.069108e+01,2.059340e+01,2.089310e+01,2.078866e+01,2.071200e+01,2.071897e+01,2.075382e+01,2.076079e+01,2.076079e+01,2.083045e+01,2.079562e+01,2.073291e+01,2.076079e+01,2.076775e+01,2.074685e+01,2.079562e+01,2.076079e+01,2.069108e+01,2.073291e+01,2.077472e+01,2.083045e+01,2.073291e+01,2.074685e+01,2.071897e+01,2.072594e+01,2.081652e+01,2.081652e+01,2.070502e+01,2.076775e+01,2.069108e+01,2.069805e+01,2.074685e+01,2.069108e+01,2.069805e+01,2.078866e+01,2.080955e+01,2.082348e+01,2.083045e+01,2.076775e+01,2.068410e+01,2.083045e+01,2.088614e+01,2.073988e+01,2.078169e+01,2.078866e+01,2.083045e+01,2.080259e+01,2.081652e+01,2.074685e+01,2.066318e+01,2.084437e+01,2.082348e+01,2.080955e+01,2.064225e+01,2.073988e+01,2.078169e+01,2.079562e+01,2.080955e+01,2.076775e+01,2.075382e+01,2.081652e+01,2.070502e+01,2.082348e+01,2.070502e+01,2.079562e+01,2.076775e+01,2.064225e+01,2.075382e+01,2.078169e+01,2.075382e+01,2.074685e+01,2.070502e+01,2.082348e+01,2.079562e+01,2.083045e+01,2.072594e+01,2.069805e+01,2.076775e+01,2.066318e+01,2.073988e+01,2.076775e+01,2.067713e+01,2.073988e+01,2.078866e+01,2.074685e+01,2.072594e+01,2.078169e+01,2.078866e+01,2.080955e+01,2.073291e+01,2.073291e+01,2.078169e+01,2.080955e+01,2.071897e+01,2.073291e+01,2.078866e+01,2.076775e+01,2.080259e+01,2.077472e+01,2.078866e+01,2.071897e+01,2.084437e+01,2.085830e+01,2.078866e+01,2.072594e+01,2.084437e+01,2.076775e+01,2.078169e+01,2.077472e+01,2.076775e+01,2.076775e+01,2.083741e+01,2.077472e+01,2.075382e+01,2.085830e+01,2.077472e+01,2.074685e+01,2.076775e+01,2.070502e+01,2.076775e+01,2.077472e+01,2.076775e+01,2.074685e+01,2.054453e+01,2.078866e+01,2.082348e+01,2.084437e+01,2.078866e+01,2.087222e+01,2.080259e+01,2.082348e+01,2.074685e+01,2.068410e+01,2.083045e+01,2.079562e+01,2.076079e+01,2.072594e+01,2.081652e+01,2.072594e+01,2.073291e+01,2.071897e+01,2.077472e+01,2.082348e+01,2.083045e+01,2.073291e+01,2.080259e+01,2.079562e+01,2.081652e+01,2.076079e+01,2.074685e+01,2.090006e+01,2.076079e+01,2.080259e+01,2.086526e+01,2.080259e+01,2.087918e+01,2.075382e+01,2.076775e+01,2.074685e+01,2.085830e+01,2.076079e+01,2.073988e+01,2.074685e+01,2.082348e+01,2.083741e+01,2.079562e+01,2.077472e+01,2.079562e+01,2.071200e+01,2.077472e+01,2.077472e+01,2.080259e+01,2.068410e+01,2.081652e+01,2.077472e+01,2.083741e+01,2.076079e+01,2.064923e+01,2.073291e+01,2.073988e+01,2.069805e+01,2.075382e+01,2.081652e+01,2.084437e+01,2.081652e+01,2.081652e+01,2.078169e+01,2.073291e+01,2.069805e+01,2.080259e+01,2.069805e+01,2.078169e+01,2.083045e+01,2.079562e+01,2.080259e+01,2.073291e+01,2.076079e+01,2.077472e+01,2.092789e+01,2.081652e+01,2.076775e+01,2.073291e+01,2.072594e+01,2.076775e+01,2.069108e+01,2.081652e+01,2.076079e+01,2.080955e+01,2.071200e+01,2.078866e+01,2.079562e+01,2.098353e+01,2.087222e+01,2.070502e+01,2.079562e+01,2.086526e+01,2.075382e+01,2.080955e+01
2.092093e+01,2.085134e+01,2.080259e+01,2.078169e+01,2.073988e+01,2.082348e+01,2.075382e+01,2.067713e+01,2.078866e+01,2.077472e+01,2.080955e+01,2.082348e+01,2.076079e+01,2.098353e+01,2.097658e+01,2.093485e+01,2.073988e+01,2.080955e+01,2.081652e+01,2.076079e+01,2.085134e+01,2.086526e+01,2.101134e+01,2.075382e+01,2.083045e+01,2.073988e+01,2.067713e+01,2.076775e+01,2.080259e+01,2.082348e+01,2.090702e+01,2.083741e+01,2.084437e+01,2.082348e+01,2.084437e+01,2.073291e+01,2.072594e+01,2.065621e+01,2.039778e+01,2.034181e+01,2.027181e+01,2.021578e+01,2.035581e+01,2.033481e+01,2.041176e+01,2.038379e+01,2.053755e+01,2.032082e+01,2.043274e+01,2.039078e+01,2.036280e+01,2.043973e+01,2.044672e+01,2.046769e+01,2.050262e+01,2.040477e+01,2.045371e+01,2.040477e+01,2.036280e+01,2.047468e+01,2.042575e+01,2.037679e+01,2.039078e+01,2.041176e+01,2.039778e+01,2.036280e+01,2.043973e+01,2.040477e+01,2.050262e+01,2.055850e+01,2.045371e+01,2.041875e+01,2.054453e+01,2.055152e+01,2.053057e+01,2.039078e+01,2.050262e+01,2.055152e+01,2.052358e+01,2.060039e+01,2.060039e+01,2.065621e+01,2.063528e+01,2.064923e+01,2.054453e+01,2.059340e+01,2.058643e+01,2.050961e+01,2.049564e+01,2.048865e+01,2.054453e+01,2.045371e+01,2.043973e+01,2.057246e+01,2.063528e+01,2.055850e+01,2.067016e+01,2.064923e+01,2.063528e+01,2.068410e+01,2.082348e+01,2.067713e+01,2.062830e+01,2.066318e+01,2.069805e+01,2.072594e+01,2.073988e+01,2.066318e+01,2.067016e+01,2.067713e+01,2.069805e+01,2.068410e+01,2.066318e+01,2.073291e+01,2.082348e+01,2.070502e+01,2.070502e+01,2.070502e+01,2.076079e+01,2.067713e+01,2.073988e+01,2.073988e+01,2.073291e+01,2.073988e+01,2.072594e+01,2.065621e+01,2.071897e+01,2.061434e+01,2.076775e+01,2.071200e+01,2.071897e+01,2.071897e+01,2.065621e+01,2.065621e+01,2.067713e+01,2.061434e+01,2.061434e+01,2.062830e+01,2.066318e+01,2.061434e+01,2.061434e+01,2.061434e+01,2.072594e+01,2.073291e+01,2.072594e+01,2.071897e+01,2.058643e+01,2.057246e+01,2.060039e+01,2.060039e+01,2.064923e+01,2.065621e+01,2.067713e+01,2.067713e+01,2.070502e+01,2.067016e+01,2.077472e+01,2.080259e+01,2.063528e+01,2.076079e+01,2.075382e+01,2.069108e+01,2.068410e+01,2.064923e+01,2.068410e+01,2.075382e+01,2.066318e+01,2.070502e+01,2.071200e+01,2.067016e+01,2.083045e+01,2.086526e+01,2.070502e+01,2.071897e+01,2.076079e+01,2.071200e+01,2.080259e+01,2.076775e+01,2.072594e+01,2.075382e+01,2.075382e+01,2.079562e+01,2.083045e+01,2.081652e+01,2.085134e+01,2.076079e+01,2.078866e+01,2.078866e+01,2.076775e+01,2.075382e+01,2.082348e+01,2.073291e+01,2.079562e+01,2.071897e+01,2.069805e+01,2.087222e+01,2.077472e+01,2.073988e+01,2.083741e+01,2.081652e+01,2.084437e+01,2.087222e+01,2.086526e+01,2.077472e+01,2.084437e+01,2.086526e+01,2.081652e+01,2.085134e+01,2.083045e+01,2.087222e+01,2.075382e+01,2.081652e+01,2.080955e+01,2.085134e+01,2.090702e+01,2.079562e+01,2.081652e+01,2.085134e+01,2.079562e+01,2.084437e+01,2.080955e+01,2.082348e+01,2.078866e+01,2.078866e+01,2.074685e+01,2.075382e+01,2.070502e+01,2.066318e+01,2.072594e+01,2.071200e+01,2.085830e+01,2.068410e+01,2.064225e+01,2.069108e+01,2.065621e+01,2.069108e+01,2.064923e+01,2.067016e+01,2.053057e+01,2.066318e+01,2.058643e+01,2.064225e+01,2.059340e+01,2.071200e+01,2.069805e+01,2.071897e+01,2.060039e+01,2.080259e+01,2.067016e+01,2.069805e+01,2.082348e+01,2.075382e+01,2.081652e+01,2.080259e+01,2.075382e+01,2.072594e+01,2.075382e+01,2.072594e+01,2.072594e+01,2.078169e+01,2.096267e+01,2.077472e+01,2.078169e+01,2.075382e+01,2.079562e+01,2.073291e+01,2.078866e+01,2.078169e+01,2.079562e+01,2.072594e+01,2.074685e+01,2.079562e+01,2.086526e+01,2.080955e+01,2.090006e+01,2.078169e+01,2.080259e+01,2.084437e+01,2.080259e+01,2.080259e+01,2.073988e+01,2.071897e+01,2.077472e+01,2.076775e+01,2.084437e+01,2.082348e+01,2.081652e+01,2.082348e+01,2.080955e+01,2.077472e+01,2.082348e+01,2.079562e+01,2.064923e+01,2.071897e+01,2.071200e+01,2.073291e+01,2.090702e+01,2.073988e+01,2.074685e+01,2.082348e+01,2.076079e+01,2.084437e+01,2.086526e+01,2.083045e+01,2.083045e+01,2.083045e+01,2.080259e+01,2.079562e+01,2.076775e+01,2.073988e+01,2.072594e+01,2.065621e+01,2.073291e+01,2.078169e+01,2.072594e+01,2.069108e+01,2.071200e+01,2.080955e+01,2.091398e+01,2.070502e+01,2.078866e+01,2.077472e+01,2.083045e+01,2.078866e+01,2.075382e+01,2.078169e+01,2.080259e+01,2.069108e+01,2.073291e+01,2.082348e+01,2.073988e+01,2.076079e+01,2.072594e+01,2.070502e+01,2.071200e+01,2.076079e+01,2.078866e+01,2.072594e+01,2.077472e+01,2.078866e+01,2.079562e+01,2.076079e+01,2.069108e+01,2.081652e+01,2.073291e+01,2.073291e+01,2.072594e+01,2.067016e+01,2.079562e+01,2.067016e+01,2.074685e+01,2.062830e+01,2.071897e+01,2.069805e+01,2.068410e+01,2.046070e+01,2.067713e+01,2.060039e+01,2.069805e+01,2.066318e+01,2.062830e+01,2.063528e+01,2.073291e+01,2.077472e+01,2.076079e+01,2.073988e+01,2.078169e+01,2.073988e+01,2.078866e+01,2.073291e+01,2.072594e+01,2.074685e+01,2.072594e+01,2.083741e+01,2.077472e+01,2.070502e+01,2.081652e+01,2.079562e+01,2.070502e+01,2.076775e+01,2.075382e+01,2.072594e+01,2.081652e+01,2.076775e+01,2.080259e+01,2.076775e+01,2.082348e+01,2.078169e+01,2.085134e+01,2.080955e+01,2.078169e+01,2.078169e+01,2.084437e+01,2.073988e+01,2.071200e+01,2.078866e+01,2.073291e+01,2.075382e+01,2.081652e+01,2.071200e+01,2.071897e+01,2.071200e+01,2.073291e+01,2.073291e+01,2.073988e+01,2.067016e+01,2.075382e+01,2.067016e+01,2.076775e+01,2.079562e+01,2.078169e+01,2.078866e+01,2.080259e+01,2.067713e+01,2.087222e+01,2.073291e+01,2.073988e+01,2.078866e+01,2.078866e+01,2.078866e+01,2.077472e+01,2.071200e+01,2.076079e+01,2.073988e+01,2.078169e+01,2.070502e+01,2.071897e+01,2.077472e+01,2.067713e+01,2.073988e+01,2.087222e+01,2.075382e+01,2.071897e+01,2.073988e+01,2.068410e+01,2.076775e+01,2.073988e+01,2.083741e+01,2.080259e+01,2.071200e+01,2.076775e+01,2.077472e+01,2.077472e+01,2.076079e+01,2.078169e+01,2.083741e+01,2.074685e+01,2.075382e+01,2.073291e+01,2.071897e+01,2.072594e+01,2.071200e+01,2.071897e+01,2.076079e+01,2.076775e+01,2.076079e+01,2.080955e+01,2.091398e+01,2.079562e+01,2.078169e+01,2.078866e+01,2.096962e+01,2.080955e+01,2.082348e+01,2.075382e+01,2.071897e+01,2.083045e+01,2.076775e+01,2.079562e+01,2.081652e+01,2.078169e+01,2.084437e+01,2.085134e+01,2.070502e+01,2.057246e+01,2.080955e+01,2.072594e+01,2.071200e+01,2.083741e+01,2.083045e+01,2.084437e+01,2.071897e+01,2.072594e+01,2.080259e+01,2.078169e+01,2.076775e+01,2.108083e+01,2.079562e+01,2.078169e+01,2.076775e+01,2.076079e+01,2.074685e+01,2.070502e+01,2.079562e+01,2.077472e+01,2.078169e+01,2.078866e+01,2.076079e+01,2.069108e+01,2.074685e+01,2.078169e+01,2.076079e+01,2.075382e+01,2.071200e+01,2.072594e+01,2.079562e+01,2.076079e+01,2.085134e+01,2.082348e+01,2.080259e+01,2.073291e+01,2.076079e+01,2.075382e+01,2.079562e+01,2.084437e+01,2.090006e+01,2.078169e+01,2.092789e+01,2.078866e+01,2.069108e+01,2.072594e+01,2.076079e+01,2.076079e+01,2.085830e+01,2.074685e+01,2.077472e+01,2.074685e+01,2.081652e+01,2.073988e+01,2.083045e+01,2.087918e+01,2.076079e+01,2.083741e+01,2.077472e+01,2.079562e+01,2.078866e+01,2.077472e+01,2.075382e+01,2.076775e+01,2.078866e+01,2.077472e+01,2.070502e+01,2.073988e+01,2.078169e+01,2.080259e+01,2.084437e+01,2.087222e+01,2.078169e+01,2.084437e+01,2.077472e+01,2.075382e+01,2.084437e+01,2.068410e+01,2.084437e+01,2.083741e+01,2.079562e+01,2.073988e+01,2.073291e+01,2.079562e+01,2.074685e+01,2.082348e+01,2.073988e+01,2.076079e+01,2.078866e+01,2.080259e+01,2.078169e+01,2.080955e+01,2.071897e+01,2.074685e+01,2.076079e+01,2.078169e+01,2.089310e+01,2.078169e+01,2.070502e+01,2.077472e+01,2.087222e+01,2.079562e+01,2.084437e+01,2.078866e+01,2.076079e+01,2.078866e+01,2.085830e+01,2.076079e+01,2.083741e+01,2.073291e+01,2.071897e+01,2.076775e+01,2.076775e+01,2.078169e+01,2.071200e+01,2.072594e+01,2.089310e+01,2.080259e+01,2.071897e+01,2.080259e+01,2.083741e+01,2.066318e+01,2.080259e+01,2.085134e+01,2.069805e+01,2.073988e+01,2.088614e+01,2.072594e+01,2.074685e+01,2.071200e+01,2.078169e+01,2.082348e+01,2.076775e+01,2.076079e+01,2.083741e+01,2.074685e+01,2.073988e+01,2.073291e+01,2.081652e+01,2.083741e+01,2.083045e+01,2.075382e+01,2.073988e+01,2.076775e+01,2.076079e+01,2.078169e+01,2.074685e+01,2.083045e+01,2.076775e+01,2.072594e+01,2.074685e+01,2.078169e+01,2.071897e+01,2.075382e+01,2.080259e+01,2.078866e+01,2.097658e+01,2.073291e+01,2.069108e+01,2.069108e+01,2.075382e+01,2.076079e+01,2.066318e+01,2.067016e+01,2.079562e+01
2.090702e+01,2.091398e+01,2.085830e+01,2.072594e+01,2.076775e+01,2.085830e+01,2.069108e+01,2.080955e+01,2.078866e+01,2.076079e+01,2.080259e+01,2.089310e+01,2.086526e+01,2.085830e+01,2.069805e+01,2.085134e+01,2.071200e+01,2.084437e+01,2.081652e+01,2.082348e+01,2.070502e+01,2.083741e+01,2.081652e+01,2.074685e+01,2.084437e+01,2.066318e+01,2.081652e+01,2.081652e+01,2.078169e+01,2.083045e+01,2.081652e+01,2.078169e+01,2.085830e+01,2.076775e+01,2.069108e+01,2.079562e+01,2.067713e+01,2.042575e+01,2.037679e+01,2.018775e+01,2.055850e+01,2.033481e+01,2.038379e+01,2.028582e+01,2.034881e+01,2.036980e+01,2.036980e+01,2.033481e+01,2.034881e+01,2.042575e+01,2.037679e+01,2.039778e+01,2.044672e+01,2.041176e+01,2.048865e+01,2.033481e+01,2.043274e+01,2.046769e+01,2.043973e+01,2.037679e+01,2.042575e+01,2.036280e+01,2.037679e+01,2.049564e+01,2.048865e+01,2.032782e+01,2.046070e+01,2.040477e+01,2.059340e+01,2.048166e+01,2.053057e+01,2.040477e+01,2.053057e+01,2.053057e+01,2.058643e+01,2.048166e+01,2.046769e+01,2.059340e+01,2.062830e+01,2.048166e+01,2.062132e+01,2.062132e+01,2.061434e+01,2.058643e+01,2.060736e+01,2.066318e+01,2.057944e+01,2.048166e+01,2.048865e+01,2.051660e+01,2.049564e+01,2.043274e+01,2.065621e+01,2.056548e+01,2.053057e+01,2.062132e+01,2.062830e+01,2.064225e+01,2.066318e+01,2.071897e+01,2.064923e+01,2.070502e+01,2.071200e+01,2.069805e+01,2.067016e+01,2.072594e+01,2.075382e+01,2.062132e+01,2.069108e+01,2.069108e+01,2.067713e+01,2.065621e+01,2.069805e+01,2.067016e+01,2.071200e+01,2.067713e+01,2.068410e+01,2.072594e+01,2.073291e+01,2.074685e+01,2.076775e+01,2.073291e+01,2.066318e+01,2.078169e+01,2.067713e+01,2.067713e+01,2.073988e+01,2.073291e+01,2.069108e+01,2.069805e+01,2.061434e+01,2.069805e+01,2.067016e+01,2.065621e+01,2.062830e+01,2.064225e+01,2.063528e+01,2.065621e+01,2.065621e+01,2.074685e+01,2.067016e+01,2.077472e+01,2.062830e+01,2.063528e+01,2.076079e+01,2.063528e+01,2.062830e+01,2.067713e+01,2.073291e+01,2.062830e+01,2.064923e+01,2.067016e+01,2.069805e+01,2.071897e+01,2.067713e+01,2.077472e+01,2.070502e+01,2.077472e+01,2.070502e+01,2.074685e+01,2.068410e+01,2.073988e+01,2.076775e+01,2.077472e+01,2.072594e+01,2.069805e+01,2.073291e+01,2.071897e+01,2.074685e+01,2.085134e+01,2.064923e+01,2.083045e+01,2.069805e+01,2.064923e+01,2.071200e+01,2.085134e+01,2.081652e+01,2.083045e+01,2.080955e+01,2.080259e+01,2.077472e+01,2.078866e+01,2.079562e+01,2.085830e+01,2.085830e+01,2.082348e+01,2.083741e+01,2.081652e+01,2.080259e+01,2.076775e+01,2.073988e+01,2.073988e+01,2.075382e+01,2.087918e+01,2.087222e+01,2.068410e+01,2.078169e+01,2.083741e+01,2.082348e+01,2.083045e+01,2.084437e+01,2.082348e+01,2.079562e+01,2.084437e+01,2.083045e+01,2.085830e+01,2.087222e+01,2.086526e+01,2.086526e+01,2.086526e+01,2.074685e+01,2.090702e+01,2.085134e+01,2.082348e+01,2.085134e+01,2.088614e+01,2.084437e+01,2.081652e+01,2.074685e+01,2.084437e+01,2.082348e+01,2.083045e+01,2.080259e+01,2.073291e+01,2.078866e+01,2.073988e+01,2.072594e+01,2.089310e+01,2.071897e+01,2.068410e+01,2.078866e+01,2.060736e+01,2.071897e+01,2.073988e+01,2.067713e+01,2.069108e+01,2.071897e+01,2.063528e+01,2.067713e+01,2.064923e+01,2.056548e+01,2.061434e+01,2.062830e+01,2.059340e+01,2.075382e+01,2.075382e+01,2.074685e+01,2.073291e+01,2.067016e+01,2.074685e+01,2.073291e+01,2.073988e+01,2.074685e+01,2.081652e+01,2.067016e+01,2.078866e+01,2.071897e+01,2.073291e+01,2.074685e+01,2.071897e+01,2.077472e+01,2.076079e+01,2.074685e+01,2.074685e+01,2.090702e+01,2.075382e+01,2.078866e+01,2.078866e+01,2.076079e+01,2.080955e+01,2.080259e+01,2.083741e+01,2.083045e+01,2.081652e+01,2.084437e+01,2.083045e+01,2.076079e+01,2.087918e+01,2.082348e+01,2.076775e+01,2.082348e+01,2.083045e+01,2.083045e+01,2.077472e+01,2.079562e+01,2.078866e+01,2.078169e+01,2.082348e+01,2.082348e+01,2.076079e+01,2.080955e+01,2.080955e+01,2.080955e+01,2.076775e+01,2.091398e+01,2.080259e+01,2.094180e+01,2.073291e+01,2.073291e+01,2.092789e+01,2.083741e+01,2.071200e+01,2.083741e+01,2.079562e+01,2.078169e+01,2.078169e+01,2.075382e+01,2.088614e+01,2.078169e+01,2.074685e+01,2.072594e+01,2.073988e+01,2.088614e+01,2.072594e+01,2.076775e+01,2.075382e+01,2.075382e+01,2.083741e+01,2.084437e+01,2.073291e+01,2.073291e+01,2.078169e+01,2.071897e+01,2.078866e+01,2.067016e+01,2.081652e+01,2.077472e+01,2.078169e+01,2.067713e+01,2.075382e+01,2.080259e+01,2.073291e+01,2.077472e+01,2.083045e+01,2.074685e+01,2.076079e+01,2.075382e+01,2.077472e+01,2.071200e+01,2.078866e+01,2.068410e+01,2.067016e+01,2.069108e+01,2.079562e+01,2.071200e+01,2.077472e+01,2.067713e+01,2.078169e+01,2.080955e+01,2.072594e+01,2.071897e+01,2.068410e+01,2.070502e+01,2.070502e+01,2.069108e+01,2.069108e+01,2.063528e+01,2.071200e+01,2.064225e+01,2.067016e+01,2.064225e+01,2.069805e+01,2.064225e+01,2.073291e+01,2.065621e+01,2.069108e+01,2.074685e+01,2.080955e+01,2.073988e+01,2.075382e+01,2.075382e+01,2.073988e+01,2.071200e+01,2.071897e+01,2.075382e+01,2.078866e+01,2.080259e+01,2.076775e+01,2.068410e+01,2.082348e+01,2.076079e+01,2.070502e+01,2.080955e+01,2.082348e+01,2.082348e+01,2.082348e+01,2.077472e+01,2.081652e+01,2.082348e+01,2.074685e+01,2.078169e+01,2.083741e+01,2.074685e+01,2.084437e+01,2.077472e+01,2.076775e+01,2.079562e+01,2.071200e+01,2.078169e+01,2.073291e+01,2.073988e+01,2.071897e+01,2.071897e+01,2.077472e+01,2.064225e+01,2.069108e+01,2.075382e+01,2.067016e+01,2.072594e+01,2.076079e+01,2.077472e+01,2.077472e+01,2.093485e+01,2.077472e+01,2.075382e+01,2.087222e+01,2.073988e+01,2.077472e+01,2.076079e+01,2.076079e+01,2.078866e+01,2.086526e+01,2.075382e+01,2.070502e+01,2.077472e+01,2.073291e+01,2.073988e+01,2.078169e+01,2.077472e+01,2.087918e+01,2.080259e+01,2.073988e+01,2.078866e+01,2.080259e+01,2.078866e+01,2.074685e+01,2.074685e+01,2.076775e+01,2.076079e+01,2.069108e+01,2.070502e+01,2.069108e+01,2.073988e+01,2.078866e+01,2.081652e+01,2.085134e+01,2.071897e+01,2.069108e+01,2.073291e+01,2.069805e+01,2.069805e+01,2.076775e+01,2.077472e+01,2.073988e+01,2.077472e+01,2.080955e+01,2.078866e+01,2.079562e+01,2.065621e+01,2.081652e+01,2.056548e+01,2.072594e+01,2.080259e+01,2.085830e+01,2.081652e+01,2.079562e+01,2.079562e+01,2.086526e+01,2.080259e+01,2.080259e+01,2.083045e+01,2.083045e+01,2.075382e+01,2.071200e+01,2.073988e+01,2.071200e+01,2.082348e+01,2.069108e+01,2.077472e+01,2.087222e+01,2.080955e+01,2.073291e+01,2.076079e+01,2.080955e+01,2.076079e+01,2.075382e+01,2.078169e+01,2.071897e+01,2.077472e+01,2.073291e+01,2.076079e+01,2.078866e+01,2.077472e+01,2.080955e+01,2.079562e+01,2.078866e+01,2.081652e+01,2.080955e+01,2.078866e+01,2.080955e+01,2.066318e+01,2.076079e+01,2.076079e+01,2.069108e+01,2.072594e+01,2.080259e+01,2.078866e+01,2.080259e+01,2.080259e+01,2.081652e+01,2.072594e+01,2.080955e+01,2.078866e+01,2.073988e+01,2.076079e+01,2.071897e+01,2.076079e+01,2.086526e+01,2.087918e+01,2.078866e+01,2.077472e+01,2.077472e+01,2.076079e+01,2.080259e+01,2.083045e+01,2.090006e+01,2.071200e+01,2.076079e+01,2.076079e+01,2.088614e+01,2.083741e+01,2.080955e+01,2.088614e+01,2.076079e+01,2.062830e+01,2.084437e+01,2.079562e+01,2.083045e+01,2.080259e+01,2.082348e+01,2.072594e+01,2.069805e+01,2.074685e+01,2.082348e+01,2.076775e+01,2.073988e+01,2.084437e+01,2.069108e+01,2.086526e+01,2.087222e+01,2.087222e+01,2.080955e+01,2.089310e+01,2.083741e+01,2.080955e+01,2.083045e+01,2.068410e+01,2.077472e+01,2.087222e+01,2.087222e+01,2.079562e+01,2.085134e+01,2.071897e+01,2.081652e+01,2.083741e+01,2.080259e+01,2.078866e+01,2.075382e+01,2.078866e+01,2.073291e+01,2.076079e+01,2.078169e+01,2.090006e+01,2.073291e+01,2.089310e+01,2.075382e+01,2.078866e+01,2.079562e+01,2.076079e+01,2.078169e+01,2.080259e+01,2.080259e+01,2.081652e+01,2.076775e+01,2.086526e+01,2.078169e+01,2.078866e+01,2.067713e+01,2.078169e+01,2.080955e+01,2.069108e+01,2.078866e+01,2.077472e+01,2.079562e+01,2.082348e+01,2.077472e+01,2.076079e+01,2.082348e+01,2.079562e+01,2.083045e+01,2.080259e+01,2.078866e+01,2.069108e+01,2.076079e+01,2.083045e+01,2.080955e+01,2.103219e+01,2.076775e+01,2.074685e+01,2.078169e+01,2.076775e+01,2.078866e+01,2.073988e+01,2.083045e+01,2.073988e+01,2.083045e+01,2.078866e+01,2.076079e+01,2.080259e+01,2.099048e+01,2.080955e+01,2.079562e+01,2.078866e+01,2.076079e+01,2.074685e+01,2.080955e+01,2.078169e+01,2.073291e+01,2.078866e+01,2.076775e+01,2.101134e+01,2.076775e+01,2.077472e+01,2.077472e+01,2.076079e+01,2.087222e+01,2.083741e+01,2.077472e+01,2.076775e+01,2.073291e+01
2.083741e+01,2.077472e+01,2.080259e+01,2.084437e+01,2.071200e+01,2.078169e+01,2.072594e+01,2.076775e+01,2.078169e+01,2.076079e+01,2.080259e+01,2.069805e+01,2.070502e+01,2.083045e+01,2.086526e+01,2.067713e+01,2.080955e+01,2.082348e+01,2.076775e+01,2.085830e+01,2.085134e+01,2.080259e+01,2.072594e+01,2.073291e+01,2.071200e+01,2.067713e+01,2.075382e+01,2.083741e+01,2.061434e+01,2.067713e+01,2.076079e+01,2.078866e+01,2.068410e+01,2.075382e+01,2.062830e+01,2.061434e+01,2.071200e+01,2.042575e+01,2.029982e+01,2.028582e+01,2.019476e+01,2.033481e+01,2.031382e+01,2.034881e+01,2.032782e+01,2.032782e+01,2.031382e+01,2.022278e+01,2.029282e+01,2.025781e+01,2.041875e+01,2.036280e+01,2.045371e+01,2.041176e+01,2.055850e+01,2.044672e+01,2.043274e+01,2.043274e+01,2.036280e+01,2.041176e+01,2.037679e+01,2.036980e+01,2.042575e+01,2.043274e+01,2.038379e+01,2.043274e+01,2.057944e+01,2.046070e+01,2.055152e+01,2.047468e+01,2.053755e+01,2.042575e+01,2.039778e+01,2.039078e+01,2.047468e+01,2.042575e+01,2.049564e+01,2.053057e+01,2.049564e+01,2.055152e+01,2.050262e+01,2.054453e+01,2.062830e+01,2.048865e+01,2.054453e+01,2.062830e+01,2.059340e+01,2.052358e+01,2.054453e+01,2.041875e+01,2.050262e+01,2.046070e+01,2.050262e+01,2.054453e+01,2.061434e+01,2.067016e+01,2.066318e+01,2.058643e+01,2.067713e+01,2.067016e+01,2.078169e+01,2.071897e+01,2.064225e+01,2.057944e+01,2.067016e+01,2.058643e+01,2.053057e+01,2.066318e+01,2.071897e+01,2.067713e+01,2.057944e+01,2.066318e+01,2.050262e+01,2.067713e+01,2.067713e+01,2.059340e+01,2.067713e+01,2.068410e+01,2.075382e+01,2.070502e+01,2.072594e+01,2.074685e+01,2.073291e+01,2.061434e+01,2.064225e+01,2.068410e+01,2.064225e+01,2.071897e+01,2.070502e+01,2.064923e+01,2.062132e+01,2.069108e+01,2.067016e+01,2.071200e+01,2.063528e+01,2.059340e+01,2.064225e+01,2.064923e+01,2.054453e+01,2.063528e+01,2.066318e+01,2.060039e+01,2.074685e+01,2.066318e+01,2.070502e+01,2.078866e+01,2.064225e+01,2.061434e+01,2.065621e+01,2.064225e+01,2.066318e+01,2.064923e+01,2.066318e+01,2.065621e+01,2.061434e+01,2.068410e+01,2.070502e+01,2.071897e+01,2.075382e+01,2.076079e+01,2.075382e+01,2.061434e+01,2.062830e+01,2.071897e+01,2.076079e+01,2.073988e+01,2.073291e+01,2.073988e+01,2.078866e+01,2.067713e+01,2.068410e+01,2.078169e+01,2.081652e+01,2.071897e+01,2.072594e+01,2.068410e+01,2.080259e+01,2.078866e+01,2.076079e+01,2.077472e+01,2.075382e+01,2.080955e+01,2.075382e+01,2.084437e+01,2.069108e+01,2.078169e+01,2.077472e+01,2.076775e+01,2.080259e+01,2.075382e+01,2.073988e+01,2.074685e+01,2.074685e+01,2.076079e+01,2.075382e+01,2.078169e+01,2.087918e+01,2.067016e+01,2.085134e+01,2.076775e+01,2.080955e+01,2.076079e+01,2.083741e+01,2.076775e+01,2.083741e+01,2.083045e+01,2.088614e+01,2.090006e+01,2.078866e+01,2.084437e+01,2.080259e+01,2.077472e+01,2.082348e+01,2.081652e+01,2.070502e+01,2.073291e+01,2.087222e+01,2.076775e+01,2.086526e+01,2.077472e+01,2.082348e+01,2.080955e+01,2.075382e+01,2.078866e+01,2.073291e+01,2.075382e+01,2.067713e+01,2.083741e+01,2.064225e+01,2.074685e+01,2.077472e+01,2.069805e+01,2.060039e+01,2.068410e+01,2.057944e+01,2.068410e+01,2.056548e+01,2.062132e+01,2.064225e+01,2.057944e+01,2.062830e+01,2.067016e+01,2.067016e+01,2.072594e+01,2.070502e+01,2.071200e+01,2.062132e+01,2.073291e+01,2.065621e+01,2.071200e+01,2.062132e+01,2.071200e+01,2.076079e+01,2.074685e+01,2.068410e+01,2.076079e+01,2.076775e+01,2.080955e+01,2.072594e+01,2.073291e+01,2.076079e+01,2.068410e+01,2.069108e+01,2.073291e+01,2.076079e+01,2.071897e+01,2.073291e+01,2.080259e+01,2.080259e+01,2.078866e+01,2.077472e+01,2.078866e+01,2.068410e+01,2.069108e+01,2.064923e+01,2.067016e+01,2.078866e+01,2.080955e+01,2.085134e+01,2.066318e+01,2.074685e+01,2.078866e+01,2.087222e+01,2.079562e+01,2.081652e+01,2.080259e+01,2.079562e+01,2.078169e+01,2.080259e+01,2.078866e+01,2.079562e+01,2.080259e+01,2.078866e+01,2.078169e+01,2.077472e+01,2.076079e+01,2.088614e+01,2.078169e+01,2.066318e+01,2.072594e+01,2.069805e+01,2.085134e+01,2.070502e+01,2.077472e+01,2.084437e+01,2.074685e+01,2.076775e+01,2.074685e+01,2.087222e+01,2.073291e+01,2.079562e+01,2.076775e+01,2.074685e+01,2.078866e+01,2.073291e+01,2.080955e+01,2.076775e+01,2.076079e+01,2.076775e+01,2.052358e+01,2.076079e+01,2.079562e+01,2.077472e+01,2.076775e+01,2.072594e+01,2.075382e+01,2.077472e+01,2.082348e+01,2.076079e+01,2.075382e+01,2.077472e+01,2.072594e+01,2.079562e+01,2.067016e+01,2.068410e+01,2.077472e+01,2.067713e+01,2.078866e+01,2.075382e+01,2.065621e+01,2.078169e+01,2.075382e+01,2.071200e+01,2.070502e+01,2.060736e+01,2.074685e+01,2.076079e+01,2.071897e+01,2.067713e+01,2.067713e+01,2.064225e+01,2.070502e+01,2.061434e+01,2.068410e+01,2.063528e+01,2.063528e+01,2.067713e+01,2.067016e+01,2.064923e+01,2.063528e+01,2.062830e+01,2.064225e+01,2.062132e+01,2.067713e+01,2.071200e+01,2.065621e+01,2.072594e+01,2.066318e+01,2.067016e+01,2.076079e+01,2.076079e+01,2.070502e+01,2.076079e+01,2.071200e+01,2.078866e+01,2.076775e+01,2.079562e+01,2.060736e+01,2.064225e+01,2.076775e+01,2.076775e+01,2.073291e+01,2.068410e+01,2.074685e+01,2.076079e+01,2.081652e+01,2.080955e+01,2.078866e+01,2.075382e+01,2.085134e+01,2.076775e+01,2.078169e+01,2.075382e+01,2.078866e+01,2.075382e+01,2.076079e+01,2.080259e+01,2.070502e+01,2.083741e+01,2.070502e+01,2.077472e+01,2.073988e+01,2.065621e+01,2.072594e+01,2.073988e+01,2.064923e+01,2.070502e+01,2.076079e+01,2.067016e+01,2.073291e+01,2.076079e+01,2.072594e+01,2.081652e+01,2.072594e+01,2.076079e+01,2.076079e+01,2.071200e+01,2.075382e+01,2.073988e+01,2.076775e+01,2.074685e+01,2.080259e+01,2.077472e+01,2.076775e+01,2.069108e+01,2.069108e+01,2.078866e+01,2.078866e+01,2.074685e+01,2.074685e+01,2.076775e+01,2.076775e+01,2.080955e+01,2.073291e+01,2.077472e+01,2.078866e+01,2.077472e+01,2.073988e+01,2.071200e+01,2.071897e+01,2.082348e+01,2.071200e+01,2.075382e+01,2.069805e+01,2.066318e+01,2.085830e+01,2.069805e+01,2.075382e+01,2.069805e+01,2.067713e+01,2.071897e+01,2.069108e+01,2.079562e+01,2.067713e+01,2.076775e+01,2.067016e+01,2.078169e+01,2.073988e+01,2.078169e+01,2.078169e+01,2.055850e+01,2.074685e+01,2.078866e+01,2.075382e+01,2.076775e+01,2.075382e+01,2.079562e+01,2.073988e+01,2.078169e+01,2.083741e+01,2.083045e+01,2.071200e+01,2.073291e+01,2.068410e+01,2.068410e+01,2.067016e+01,2.075382e+01,2.067016e+01,2.071200e+01,2.085830e+01,2.073291e+01,2.067016e+01,2.078169e+01,2.067713e+01,2.078866e+01,2.071897e+01,2.069108e+01,2.064923e+01,2.078866e+01,2.062830e+01,2.078169e+01,2.072594e+01,2.080259e+01,2.067016e+01,2.081652e+01,2.071200e+01,2.080259e+01,2.076079e+01,2.072594e+01,2.069805e+01,2.075382e+01,2.073988e+01,2.073291e+01,2.085830e+01,2.071897e+01,2.075382e+01,2.087918e+01,2.078169e+01,2.078169e+01,2.074685e+01,2.083045e+01,2.078866e+01,2.080955e+01,2.079562e+01,2.073988e+01,2.074685e+01,2.080259e+01,2.076079e+01,2.057944e+01,2.074685e+01,2.079562e+01,2.076079e+01,2.078169e+01,2.082348e+01,2.080955e+01,2.078866e+01,2.081652e+01,2.078866e+01,2.075382e+01,2.078866e+01,2.085830e+01,2.074685e+01,2.086526e+01,2.077472e+01,2.085830e+01,2.071897e+01,2.078169e+01,2.081652e+01,2.076079e+01,2.063528e+01,2.070502e+01,2.074685e+01,2.055850e+01,2.069805e+01,2.077472e+01,2.076079e+01,2.073988e+01,2.069108e+01,2.073988e+01,2.079562e+01,2.086526e+01,2.085830e+01,2.076079e+01,2.064923e+01,2.069108e+01,2.076079e+01,2.078169e+01,2.071897e+01,2.069108e+01,2.073291e+01,2.071200e+01,2.074685e+01,2.079562e+01,2.081652e+01,2.076775e+01,2.080259e+01,2.076775e+01,2.073291e+01,2.075382e+01,2.070502e+01,2.083045e+01,2.070502e+01,2.086526e+01,2.089310e+01,2.082348e+01,2.081652e+01,2.082348e+01,2.085134e+01,2.080259e+01,2.077472e+01,2.077472e+01,2.077472e+01,2.079562e+01,2.080955e+01,2.067016e+01,2.060039e+01,2.060039e+01,2.056548e+01,2.060736e+01,2.066318e+01,2.053057e+01,2.071200e+01,2.081652e+01,2.082348e+01,2.069805e+01,2.080955e+01,2.080259e+01,2.079562e+01,2.082348e+01,2.078169e+01,2.057944e+01,2.074685e+01,2.075382e+01,2.082348e+01,2.080955e+01,2.077472e+01,2.073988e+01,2.073291e+01,2.078169e+01,2.073988e+01,2.075382e+01,2.064923e+01,2.075382e+01,2.100439e+01,2.066318e+01,2.070502e+01,2.071200e+01,2.072594e+01,2.068410e+01,2.080955e+01,2.052358e+01,2.077472e+01,2.074685e+01,2.073988e+01,2.071897e+01,2.081652e+01,2.073291e+01,2.074685e+01,2.083045e+01,2.077472e+01,2.078169e+01,2.083741e+01,2.080955e+01,2.083045e+01,2.079562e+01,2.059340e+01,2.080259e+01,2.076775e+01,2.083741e+01,2.086526e+01
2.083741e+01,2.090702e+01,2.081652e+01,2.085134e+01,2.085830e+01,2.089310e+01,2.078169e+01,2.076775e+01,2.077472e+01,2.078169e+01,2.078866e+01,2.083741e+01,2.078866e+01,2.073291e+01,2.073988e+01,2.068410e+01,2.073291e+01,2.073988e+01,2.073291e+01,2.073988e+01,2.069805e+01,2.071897e+01,2.083045e+01,2.078866e+01,2.078169e+01,2.086526e+01,2.073291e+01,2.080955e+01,2.074685e+01,2.085134e+01,2.081652e+01,2.073291e+01,2.080259e+01,2.080955e+01,2.078169e+01,2.074685e+01,2.055152e+01,2.050262e+01,2.034881e+01,2.033481e+01,2.041176e+01,2.034181e+01,2.022278e+01,2.024380e+01,2.008959e+01,2.010362e+01,2.017373e+01,2.032082e+01,2.021578e+01,2.025080e+01,2.042575e+01,2.032782e+01,2.041176e+01,2.052358e+01,2.047468e+01,2.041875e+01,2.041176e+01,2.041176e+01,2.044672e+01,2.036280e+01,2.036280e+01,2.041875e+01,2.039778e+01,2.043274e+01,2.046070e+01,2.048166e+01,2.036280e+01,2.055152e+01,2.039078e+01,2.046769e+01,2.040477e+01,2.040477e+01,2.042575e+01,2.048865e+01,2.046070e+01,2.048865e+01,2.050262e+01,2.042575e+01,2.050961e+01,2.053755e+01,2.059340e+01,2.060736e+01,2.058643e+01,2.050961e+01,2.062830e+01,2.062132e+01,2.062132e+01,2.053755e+01,2.060039e+01,2.053057e+01,2.048166e+01,2.047468e+01,2.053755e+01,2.060039e+01,2.059340e+01,2.053057e+01,2.068410e+01,2.096267e+01,2.060736e+01,2.067016e+01,2.069805e+01,2.071200e+01,2.069805e+01,2.069805e+01,2.057944e+01,2.062132e+01,2.071897e+01,2.063528e+01,2.067016e+01,2.064225e+01,2.064225e+01,2.065621e+01,2.067016e+01,2.067713e+01,2.069805e+01,2.071897e+01,2.071897e+01,2.071200e+01,2.070502e+01,2.071897e+01,2.074685e+01,2.077472e+01,2.073988e+01,2.090006e+01,2.068410e+01,2.076775e+01,2.067713e+01,2.067016e+01,2.062132e+01,2.065621e+01,2.067016e+01,2.069805e+01,2.062830e+01,2.075382e+01,2.064225e+01,2.064225e+01,2.064225e+01,2.064923e+01,2.061434e+01,2.079562e+01,2.078169e+01,2.059340e+01,2.056548e+01,2.063528e+01,2.062132e+01,2.070502e+01,2.067713e+01,2.067016e+01,2.063528e+01,2.078169e+01,2.067713e+01,2.081652e+01,2.073988e+01,2.070502e+01,2.067016e+01,2.067016e+01,2.067713e+01,2.076079e+01,2.076775e+01,2.063528e+01,2.076775e+01,2.071897e+01,2.074685e+01,2.076079e+01,2.075382e+01,2.079562e+01,2.078866e+01,2.074685e+01,2.073988e+01,2.075382e+01,2.076775e+01,2.067016e+01,2.073988e+01,2.082348e+01,2.081652e+01,2.076775e+01,2.073988e+01,2.072594e+01,2.078866e+01,2.080259e+01,2.076775e+01,2.082348e+01,2.074685e+01,2.080955e+01,2.069805e+01,2.075382e+01,2.069805e+01,2.076775e+01,2.080955e+01,2.078169e+01,2.074685e+01,2.085134e+01,2.073291e+01,2.074685e+01,2.079562e+01,2.081652e+01,2.082348e+01,2.071897e+01,2.077472e+01,2.085830e+01,2.083045e+01,2.072594e+01,2.086526e+01,2.080955e+01,2.080955e+01,2.083741e+01,2.082348e+01,2.087918e+01,2.081652e+01,2.087222e+01,2.077472e+01,2.084437e+01,2.083741e+01,2.083045e+01,2.084437e+01,2.072594e+01,2.085830e+01,2.073988e+01,2.075382e+01,2.084437e+01,2.078169e+01,2.075382e+01,2.078866e+01,2.076775e+01,2.073291e+01,2.080259e+01,2.069805e+01,2.073291e+01,2.073291e+01,2.073291e+01,2.076775e+01,2.067713e+01,2.057246e+01,2.057944e+01,2.060736e+01,2.063528e+01,2.071897e+01,2.071200e+01,2.065621e+01,2.067713e+01,2.065621e+01,2.064923e+01,2.061434e+01,2.060039e+01,2.071200e+01,2.064923e+01,2.065621e+01,2.076079e+01,2.071200e+01,2.068410e+01,2.076079e+01,2.055850e+01,2.073291e+01,2.072594e+01,2.075382e+01,2.074685e+01,2.072594e+01,2.075382e+01,2.071200e+01,2.076079e+01,2.075382e+01,2.075382e+01,2.074685e+01,2.074685e+01,2.076775e+01,2.076079e+01,2.072594e+01,2.086526e+01,2.078169e+01,2.077472e+01,2.076079e+01,2.076775e+01,2.076775e+01,2.079562e+01,2.078169e+01,2.074685e+01,2.076079e+01,2.085134e+01,2.074685e+01,2.084437e+01,2.068410e+01,2.081652e+01,2.078866e+01,2.071897e+01,2.071897e+01,2.070502e+01,2.066318e+01,2.080259e+01,2.073988e+01,2.075382e+01,2.076775e+01,2.081652e+01,2.077472e+01,2.080955e+01,2.077472e+01,2.076775e+01,2.081652e+01,2.071897e+01,2.076775e+01,2.063528e+01,2.076079e+01,2.071200e+01,2.079562e+01,2.077472e+01,2.080259e+01,2.076079e+01,2.080955e+01,2.074685e+01,2.073988e+01,2.083045e+01,2.085830e+01,2.072594e+01,2.075382e+01,2.071897e+01,2.073291e+01,2.073291e+01,2.076775e+01,2.073988e+01,2.079562e+01,2.073988e+01,2.074685e+01,2.076775e+01,2.076079e+01,2.079562e+01,2.078169e+01,2.078169e+01,2.075382e+01,2.076079e+01,2.083045e+01,2.076079e+01,2.077472e+01,2.079562e+01,2.080259e+01,2.075382e+01,2.078169e+01,2.074685e+01,2.078866e+01,2.078169e+01,2.078169e+01,2.077472e+01,2.064225e+01,2.071897e+01,2.078169e+01,2.077472e+01,2.076775e+01,2.072594e+01,2.067713e+01,2.067713e+01,2.076079e+01,2.064225e+01,2.062830e+01,2.071200e+01,2.064225e+01,2.062830e+01,2.078169e+01,2.073988e+01,2.071200e+01,2.072594e+01,2.067016e+01,2.066318e+01,2.061434e+01,2.067016e+01,2.064923e+01,2.064923e+01,2.082348e+01,2.067713e+01,2.072594e+01,2.069108e+01,2.070502e+01,2.073988e+01,2.073291e+01,2.073988e+01,2.074685e+01,2.080259e+01,2.078169e+01,2.074685e+01,2.079562e+01,2.078866e+01,2.079562e+01,2.069805e+01,2.069108e+01,2.072594e+01,2.074685e+01,2.083045e+01,2.076775e+01,2.081652e+01,2.080955e+01,2.076079e+01,2.079562e+01,2.079562e+01,2.080259e+01,2.079562e+01,2.078169e+01,2.076775e+01,2.078169e+01,2.076775e+01,2.078866e+01,2.085134e+01,2.076775e+01,2.068410e+01,2.070502e+01,2.078169e+01,2.073291e+01,2.079562e+01,2.073988e+01,2.073988e+01,2.067016e+01,2.078866e+01,2.070502e+01,2.080955e+01,2.077472e+01,2.077472e+01,2.082348e+01,2.078866e+01,2.078866e+01,2.078866e+01,2.074685e+01,2.082348e+01,2.073988e+01,2.076079e+01,2.076775e+01,2.079562e+01,2.077472e+01,2.070502e+01,2.069108e+01,2.077472e+01,2.071200e+01,2.070502e+01,2.074685e+01,2.076079e+01,2.078169e+01,2.077472e+01,2.076775e+01,2.078169e+01,2.080259e+01,2.069805e+01,2.076079e+01,2.076775e+01,2.069108e+01,2.073291e+01,2.076775e+01,2.072594e+01,2.078169e+01,2.073291e+01,2.085830e+01,2.073988e+01,2.076079e+01,2.080259e+01,2.081652e+01,2.069805e+01,2.067713e+01,2.080955e+01,2.084437e+01,2.083045e+01,2.076079e+01,2.083741e+01,2.076079e+01,2.081652e+01,2.062830e+01,2.079562e+01,2.084437e+01,2.076079e+01,2.073988e+01,2.085134e+01,2.080955e+01,2.085830e+01,2.079562e+01,2.085830e+01,2.073291e+01,2.076079e+01,2.082348e+01,2.080259e+01,2.074685e+01,2.067016e+01,2.073291e+01,2.073988e+01,2.071897e+01,2.084437e+01,2.075382e+01,2.080955e+01,2.086526e+01,2.064225e+01,2.075382e+01,2.077472e+01,2.078866e+01,2.067016e+01,2.084437e+01,2.069805e+01,2.078169e+01,2.077472e+01,2.069108e+01,2.076775e+01,2.072594e+01,2.078866e+01,2.083741e+01,2.071200e+01,2.085830e+01,2.083741e+01,2.085830e+01,2.074685e+01,2.080259e+01,2.078169e+01,2.084437e+01,2.075382e+01,2.077472e+01,2.080955e+01,2.080955e+01,2.084437e+01,2.072594e+01,2.078866e+01,2.082348e+01,2.078866e+01,2.078169e+01,2.076775e+01,2.075382e+01,2.074685e+01,2.071897e+01,2.076079e+01,2.057246e+01,2.080259e+01,2.075382e+01,2.083045e+01,2.090006e+01,2.078866e+01,2.071200e+01,2.078169e+01,2.085134e+01,2.083045e+01,2.083741e+01,2.073988e+01,2.078866e+01,2.082348e+01,2.082348e+01,2.076079e+01,2.072594e+01,2.073988e+01,2.081652e+01,2.080259e+01,2.080259e+01,2.077472e+01,2.078866e+01,2.076775e+01,2.076775e+01,2.077472e+01,2.077472e+01,2.073291e+01,2.080259e+01,2.069108e+01,2.071200e+01,2.068410e+01,2.073291e+01,2.085830e+01,2.087918e+01,2.086526e+01,2.068410e+01,2.081652e+01,2.080955e+01,2.068410e+01,2.060039e+01,2.085134e+01,2.073291e+01,2.076775e+01,2.081652e+01,2.083045e+01,2.080259e+01,2.076775e+01,2.076079e+01,2.073988e+01,2.073291e+01,2.079562e+01,2.069805e+01,2.079562e+01,2.081652e+01,2.076775e+01,2.080259e+01,2.078169e+01,2.086526e+01,2.082348e+01,2.075382e+01,2.076079e+01,2.081652e+01,2.090006e+01,2.078169e+01,2.075382e+01,2.085134e+01,2.083741e+01,2.069805e+01,2.071897e+01,2.067016e+01,2.081652e+01,2.072594e+01,2.073291e+01,2.070502e+01,2.068410e+01,2.074685e+01,2.076775e+01,2.081652e+01,2.090702e+01,2.083741e+01,2.072594e+01,2.074685e+01,2.068410e+01,2.074685e+01,2.069805e+01,2.077472e+01,2.073988e+01,2.079562e+01,2.075382e+01,2.077472e+01,2.076079e+01,2.077472e+01,2.101134e+01,2.078169e+01,2.077472e+01,2.085134e+01,2.069108e+01,2.078866e+01,2.086526e+01,2.094180e+01,2.083741e+01,2.067713e+01,2.076775e+01,2.076079e+01,2.073291e+01,2.082348e+01,2.078169e+01,2.076079e+01,2.082348e+01,2.092093e+01,2.078866e+01,2.090702e+01,2.062132e+01,2.076775e+01,2.082348e+01,2.090702e+01,2.081652e+01,2.073291e+01,2.076775e+01,2.087918e+01,2.071897e+01
2.079562e+01,2.073988e+01,2.085134e+01,2.094876e+01,2.071200e+01,2.090006e+01,2.084437e+01,2.076775e+01,2.078866e+01,2.077472e+01,2.077472e+01,2.078866e+01,2.080259e+01,2.072594e+01,2.087222e+01,2.066318e+01,2.078169e+01,2.085830e+01,2.084437e+01,2.070502e+01,2.078169e+01,2.068410e+01,2.071200e+01,2.074685e+01,2.073988e+01,2.076775e+01,2.082348e+01,2.069805e+01,2.073988e+01,2.065621e+01,2.076775e+01,2.072594e+01,2.075382e+01,2.074685e+01,2.071200e+01,2.057944e+01,2.064923e+01,2.043973e+01,2.056548e+01,2.041875e+01,2.041875e+01,2.037679e+01,2.025781e+01,2.008959e+01,2.008959e+01,2.010362e+01,2.011063e+01,2.028582e+01,2.032782e+01,2.035581e+01,2.034881e+01,2.036980e+01,2.030682e+01,2.041176e+01,2.034881e+01,2.034181e+01,2.036280e+01,2.027881e+01,2.027181e+01,2.029282e+01,2.027881e+01,2.036280e+01,2.029982e+01,2.041176e+01,2.022979e+01,2.037679e+01,2.034881e+01,2.038379e+01,2.038379e+01,2.037679e+01,2.057246e+01,2.041875e+01,2.036980e+01,2.039778e+01,2.039778e+01,2.047468e+01,2.046769e+01,2.042575e+01,2.041875e+01,2.050961e+01,2.048166e+01,2.047468e+01,2.050262e+01,2.062132e+01,2.052358e+01,2.055152e+01,2.051660e+01,2.056548e+01,2.054453e+01,2.053057e+01,2.041176e+01,2.048166e+01,2.050262e+01,2.048166e+01,2.050961e+01,2.054453e+01,2.056548e+01,2.080259e+01,2.067713e+01,2.069805e+01,2.067016e+01,2.069108e+01,2.062132e+01,2.065621e+01,2.062830e+01,2.062132e+01,2.055152e+01,2.061434e+01,2.057944e+01,2.057246e+01,2.055850e+01,2.052358e+01,2.066318e+01,2.064923e+01,2.065621e+01,2.067713e+01,2.069805e+01,2.070502e+01,2.073291e+01,2.069108e+01,2.062830e+01,2.063528e+01,2.070502e+01,2.069805e+01,2.075382e+01,2.069805e+01,2.066318e+01,2.063528e+01,2.068410e+01,2.059340e+01,2.058643e+01,2.069805e+01,2.064225e+01,2.062132e+01,2.067016e+01,2.073291e+01,2.062132e+01,2.064923e+01,2.053755e+01,2.065621e+01,2.062830e+01,2.071200e+01,2.071200e+01,2.071200e+01,2.065621e+01,2.066318e+01,2.077472e+01,2.068410e+01,2.069108e+01,2.069805e+01,2.068410e+01,2.072594e+01,2.066318e+01,2.067016e+01,2.069805e+01,2.069805e+01,2.063528e+01,2.071897e+01,2.070502e+01,2.060736e+01,2.064923e+01,2.069108e+01,2.069805e+01,2.069108e+01,2.071200e+01,2.076775e+01,2.073988e+01,2.078169e+01,2.078866e+01,2.073988e+01,2.079562e+01,2.071200e+01,2.066318e+01,2.079562e+01,2.080259e+01,2.071897e+01,2.070502e+01,2.073291e+01,2.071897e+01,2.075382e+01,2.077472e+01,2.076775e+01,2.081652e+01,2.085830e+01,2.084437e+01,2.085134e+01,2.084437e+01,2.071200e+01,2.076775e+01,2.082348e+01,2.069805e+01,2.078866e+01,2.090006e+01,2.078169e+01,2.077472e+01,2.082348e+01,2.083741e+01,2.083045e+01,2.086526e+01,2.080259e+01,2.078866e+01,2.080955e+01,2.087222e+01,2.078169e+01,2.087222e+01,2.088614e+01,2.082348e+01,2.080955e+01,2.081652e+01,2.074685e+01,2.078866e+01,2.085830e+01,2.082348e+01,2.070502e+01,2.080955e+01,2.079562e+01,2.086526e+01,2.081652e+01,2.076775e+01,2.084437e+01,2.072594e+01,2.078866e+01,2.082348e+01,2.076079e+01,2.071200e+01,2.069108e+01,2.079562e+01,2.065621e+01,2.071897e+01,2.075382e+01,2.077472e+01,2.076775e+01,2.062132e+01,2.076775e+01,2.069108e+01,2.070502e+01,2.067713e+01,2.062132e+01,2.069108e+01,2.071200e+01,2.067713e+01,2.066318e+01,2.061434e+01,2.067016e+01,2.065621e+01,2.069805e+01,2.068410e+01,2.076079e+01,2.073988e+01,2.071897e+01,2.073988e+01,2.059340e+01,2.073291e+01,2.074685e+01,2.075382e+01,2.067713e+01,2.071200e+01,2.067016e+01,2.075382e+01,2.080259e+01,2.072594e+01,2.072594e+01,2.085134e+01,2.073291e+01,2.075382e+01,2.076079e+01,2.072594e+01,2.080259e+01,2.071897e+01,2.076079e+01,2.077472e+01,2.070502e+01,2.079562e+01,2.073291e+01,2.069805e+01,2.078866e+01,2.069108e+01,2.073291e+01,2.078169e+01,2.079562e+01,2.080259e+01,2.083045e+01,2.079562e+01,2.075382e+01,2.070502e+01,2.075382e+01,2.074685e+01,2.073988e+01,2.077472e+01,2.078866e+01,2.075382e+01,2.078169e+01,2.079562e+01,2.077472e+01,2.085134e+01,2.077472e+01,2.074685e+01,2.075382e+01,2.073291e+01,2.066318e+01,2.073988e+01,2.086526e+01,2.082348e+01,2.081652e+01,2.083045e+01,2.083045e+01,2.080955e+01,2.072594e+01,2.077472e+01,2.085134e+01,2.073291e+01,2.085830e+01,2.086526e+01,2.075382e+01,2.079562e+01,2.071897e+01,2.080259e+01,2.080259e+01,2.076079e+01,2.073291e+01,2.075382e+01,2.076079e+01,2.078169e+01,2.074685e+01,2.076079e+01,2.072594e+01,2.074685e+01,2.073291e+01,2.076775e+01,2.078866e+01,2.075382e+01,2.076079e+01,2.073988e+01,2.077472e+01,2.076775e+01,2.073291e+01,2.075382e+01,2.073988e+01,2.073291e+01,2.071897e+01,2.075382e+01,2.074685e+01,2.078169e+01,2.076079e+01,2.067016e+01,2.062830e+01,2.059340e+01,2.071897e+01,2.069108e+01,2.061434e+01,2.066318e+01,2.063528e+01,2.068410e+01,2.070502e+01,2.052358e+01,2.062830e+01,2.071200e+01,2.070502e+01,2.069108e+01,2.064225e+01,2.064225e+01,2.061434e+01,2.066318e+01,2.065621e+01,2.058643e+01,2.061434e+01,2.064923e+01,2.064225e+01,2.068410e+01,2.073291e+01,2.067713e+01,2.069108e+01,2.067016e+01,2.073291e+01,2.078169e+01,2.071897e+01,2.075382e+01,2.073291e+01,2.079562e+01,2.080259e+01,2.078866e+01,2.067016e+01,2.067713e+01,2.083045e+01,2.081652e+01,2.083741e+01,2.080955e+01,2.080259e+01,2.078169e+01,2.076775e+01,2.074685e+01,2.077472e+01,2.075382e+01,2.077472e+01,2.078169e+01,2.083045e+01,2.078866e+01,2.079562e+01,2.068410e+01,2.082348e+01,2.076775e+01,2.076775e+01,2.078169e+01,2.066318e+01,2.075382e+01,2.064923e+01,2.073988e+01,2.069805e+01,2.070502e+01,2.071897e+01,2.083045e+01,2.081652e+01,2.081652e+01,2.080259e+01,2.076775e+01,2.072594e+01,2.080955e+01,2.073988e+01,2.078866e+01,2.075382e+01,2.076079e+01,2.073988e+01,2.087222e+01,2.070502e+01,2.078169e+01,2.074685e+01,2.070502e+01,2.080955e+01,2.073988e+01,2.076079e+01,2.085830e+01,2.072594e+01,2.084437e+01,2.078866e+01,2.079562e+01,2.073291e+01,2.067016e+01,2.067713e+01,2.084437e+01,2.073988e+01,2.071897e+01,2.070502e+01,2.081652e+01,2.070502e+01,2.071200e+01,2.067016e+01,2.069805e+01,2.079562e+01,2.064225e+01,2.066318e+01,2.060736e+01,2.073291e+01,2.073291e+01,2.081652e+01,2.069805e+01,2.083045e+01,2.080259e+01,2.061434e+01,2.075382e+01,2.089310e+01,2.071897e+01,2.075382e+01,2.077472e+01,2.073291e+01,2.076079e+01,2.083045e+01,2.074685e+01,2.076079e+01,2.085134e+01,2.083045e+01,2.078169e+01,2.074685e+01,2.070502e+01,2.078169e+01,2.069108e+01,2.069108e+01,2.080955e+01,2.078169e+01,2.082348e+01,2.087222e+01,2.087918e+01,2.082348e+01,2.069108e+01,2.066318e+01,2.079562e+01,2.076775e+01,2.066318e+01,2.079562e+01,2.078866e+01,2.074685e+01,2.074685e+01,2.071897e+01,2.069805e+01,2.073291e+01,2.081652e+01,2.074685e+01,2.081652e+01,2.076079e+01,2.076079e+01,2.076079e+01,2.078866e+01,2.074685e+01,2.068410e+01,2.080955e+01,2.073291e+01,2.072594e+01,2.072594e+01,2.077472e+01,2.078866e+01,2.074685e+01,2.079562e+01,2.080259e+01,2.076079e+01,2.073988e+01,2.070502e+01,2.071200e+01,2.075382e+01,2.061434e+01,2.080259e+01,2.069108e+01,2.073291e+01,2.071897e+01,2.073988e+01,2.067016e+01,2.080259e+01,2.085134e+01,2.081652e+01,2.076775e+01,2.078169e+01,2.079562e+01,2.073291e+01,2.074685e+01,2.081652e+01,2.072594e+01,2.082348e+01,2.076775e+01,2.080955e+01,2.083045e+01,2.064225e+01,2.073988e+01,2.073988e+01,2.077472e+01,2.073988e+01,2.072594e+01,2.076775e+01,2.076775e+01,2.078169e+01,2.073988e+01,2.074685e+01,2.080955e+01,2.085134e+01,2.071897e+01,2.085830e+01,2.083045e+01,2.088614e+01,2.071897e+01,2.078169e+01,2.083045e+01,2.069805e+01,2.076079e+01,2.083045e+01,2.074685e+01,2.073291e+01,2.071897e+01,2.088614e+01,2.076079e+01,2.082348e+01,2.078169e+01,2.080955e+01,2.075382e+01,2.074685e+01,2.075382e+01,2.081652e+01,2.075382e+01,2.087222e+01,2.079562e+01,2.080259e+01,2.083741e+01,2.076079e+01,2.085830e+01,2.076775e+01,2.078169e+01,2.084437e+01,2.076775e+01,2.081652e+01,2.083741e+01,2.065621e+01,2.078169e+01,2.088614e+01,2.067016e+01,2.064923e+01,2.083045e+01,2.062830e+01,2.072594e+01,2.080259e+01,2.080259e+01,2.085134e+01,2.077472e+01,2.072594e+01,2.073291e+01,2.070502e+01,2.072594e+01,2.072594e+01,2.067713e+01,2.075382e+01,2.081652e+01,2.075382e+01,2.076079e+01,2.079562e+01,2.076079e+01,2.078866e+01,2.076079e+01,2.076775e+01,2.078866e+01,2.082348e+01,2.083045e+01,2.066318e+01,2.076775e+01,2.075382e+01,2.082348e+01,2.069805e+01,2.084437e+01,2.074685e+01,2.078866e+01,2.078169e+01,2.078866e+01,2.076079e+01,2.076079e+01,2.078169e+01,2.078866e+01,2.081652e+01,2.076775e+01,2.079562e+01,2.076079e+01,2.077472e+01,2.077472e+01,2.078169e+01,2.083741e+01,2.083741e+01,2.078169e+01
2.080955e+01,2.080259e+01,2.087918e+01,2.075382e+01,2.073988e+01,2.088614e+01,2.073988e+01,2.075382e+01,2.083741e+01,2.076079e+01,2.074685e+01,2.080259e+01,2.080955e+01,2.085134e+01,2.067713e+01,2.075382e+01,2.075382e+01,2.071200e+01,2.078169e+01,2.070502e+01,2.083741e+01,2.080955e+01,2.072594e+01,2.072594e+01,2.088614e+01,2.077472e+01,2.072594e+01,2.080259e+01,2.076775e+01,2.080259e+01,2.066318e+01,2.073988e+01,2.071897e+01,2.068410e+01,2.074685e+01,2.053755e+01,2.043973e+01,2.046070e+01,2.041875e+01,2.050262e+01,2.035581e+01,2.027181e+01,2.020877e+01,2.010362e+01,2.011764e+01,2.012466e+01,2.009660e+01,2.026481e+01,2.029982e+01,2.029282e+01,2.047468e+01,2.048865e+01,2.033481e+01,2.053755e+01,2.037679e+01,2.036280e+01,2.025080e+01,2.014569e+01,2.008257e+01,2.020877e+01,2.023680e+01,2.027881e+01,2.036980e+01,2.035581e+01,2.036280e+01,2.037679e+01,2.032782e+01,2.036980e+01,2.034181e+01,2.035581e+01,2.041875e+01,2.032782e+01,2.029282e+01,2.044672e+01,2.036980e+01,2.033481e+01,2.052358e+01,2.051660e+01,2.045371e+01,2.049564e+01,2.046070e+01,2.044672e+01,2.048166e+01,2.057246e+01,2.060736e+01,2.046769e+01,2.043274e+01,2.053755e+01,2.049564e+01,2.046769e+01,2.048166e+01,2.051660e+01,2.048865e+01,2.050961e+01,2.051660e+01,2.067713e+01,2.067016e+01,2.070502e+01,2.078169e+01,2.069805e+01,2.074685e+01,2.064225e+01,2.069108e+01,2.067016e+01,2.062830e+01,2.058643e+01,2.076079e+01,2.061434e+01,2.060736e+01,2.059340e+01,2.062830e+01,2.064225e+01,2.066318e+01,2.067713e+01,2.064225e+01,2.051660e+01,2.069108e+01,2.073988e+01,2.078169e+01,2.071200e+01,2.070502e+01,2.068410e+01,2.070502e+01,2.069108e+01,2.071897e+01,2.068410e+01,2.069108e+01,2.070502e+01,2.063528e+01,2.068410e+01,2.060039e+01,2.062132e+01,2.060736e+01,2.062132e+01,2.064923e+01,2.068410e+01,2.072594e+01,2.063528e+01,2.065621e+01,2.063528e+01,2.069805e+01,2.062830e+01,2.067713e+01,2.069108e+01,2.071200e+01,2.071200e+01,2.069805e+01,2.070502e+01,2.069108e+01,2.079562e+01,2.077472e+01,2.063528e+01,2.071200e+01,2.076775e+01,2.062830e+01,2.070502e+01,2.065621e+01,2.072594e+01,2.069805e+01,2.064923e+01,2.067713e+01,2.067713e+01,2.064225e+01,2.066318e+01,2.067016e+01,2.073988e+01,2.075382e+01,2.076079e+01,2.080955e+01,2.069805e+01,2.073988e+01,2.073291e+01,2.076775e+01,2.079562e+01,2.067713e+01,2.080259e+01,2.070502e+01,2.075382e+01,2.071200e+01,2.066318e+01,2.084437e+01,2.075382e+01,2.076079e+01,2.080259e+01,2.082348e+01,2.076775e+01,2.083741e+01,2.080955e+01,2.074685e+01,2.078169e+01,2.085134e+01,2.076079e+01,2.077472e+01,2.080259e+01,2.083045e+01,2.078169e+01,2.074685e+01,2.081652e+01,2.085830e+01,2.083741e+01,2.078866e+01,2.090702e+01,2.080955e+01,2.085134e+01,2.090702e+01,2.075382e+01,2.085830e+01,2.082348e+01,2.085134e+01,2.085134e+01,2.077472e+01,2.071200e+01,2.081652e+01,2.071897e+01,2.069805e+01,2.071897e+01,2.081652e+01,2.076775e+01,2.073988e+01,2.081652e+01,2.077472e+01,2.072594e+01,2.069805e+01,2.075382e+01,2.071897e+01,2.067016e+01,2.073988e+01,2.075382e+01,2.063528e+01,2.068410e+01,2.070502e+01,2.069805e+01,2.065621e+01,2.060039e+01,2.062830e+01,2.065621e+01,2.064225e+01,2.050262e+01,2.065621e+01,2.064225e+01,2.057944e+01,2.065621e+01,2.055850e+01,2.064225e+01,2.064225e+01,2.063528e+01,2.067016e+01,2.076079e+01,2.075382e+01,2.072594e+01,2.073291e+01,2.070502e+01,2.059340e+01,2.072594e+01,2.075382e+01,2.068410e+01,2.073291e+01,2.069108e+01,2.076079e+01,2.071897e+01,2.073988e+01,2.083045e+01,2.069108e+01,2.072594e+01,2.080955e+01,2.078866e+01,2.076079e+01,2.068410e+01,2.076775e+01,2.071897e+01,2.070502e+01,2.074685e+01,2.078866e+01,2.067016e+01,2.076079e+01,2.073988e+01,2.077472e+01,2.073291e+01,2.070502e+01,2.077472e+01,2.082348e+01,2.079562e+01,2.069108e+01,2.076079e+01,2.071200e+01,2.080259e+01,2.057944e+01,2.078169e+01,2.080259e+01,2.076775e+01,2.073291e+01,2.069805e+01,2.078866e+01,2.079562e+01,2.076079e+01,2.071897e+01,2.079562e+01,2.070502e+01,2.075382e+01,2.080259e+01,2.086526e+01,2.082348e+01,2.080259e+01,2.060736e+01,2.074685e+01,2.072594e+01,2.076079e+01,2.085830e+01,2.071897e+01,2.071897e+01,2.084437e+01,2.078169e+01,2.071897e+01,2.080955e+01,2.076079e+01,2.073291e+01,2.073988e+01,2.080259e+01,2.080259e+01,2.075382e+01,2.074685e+01,2.073988e+01,2.079562e+01,2.080955e+01,2.073291e+01,2.076079e+01,2.076775e+01,2.073291e+01,2.073988e+01,2.076079e+01,2.078866e+01,2.076775e+01,2.087918e+01,2.070502e+01,2.070502e+01,2.072594e+01,2.074685e+01,2.066318e+01,2.071200e+01,2.077472e+01,2.075382e+01,2.073291e+01,2.077472e+01,2.075382e+01,2.078866e+01,2.078866e+01,2.069108e+01,2.069108e+01,2.057944e+01,2.062132e+01,2.057246e+01,2.064225e+01,2.055152e+01,2.071200e+01,2.055850e+01,2.067016e+01,2.070502e+01,2.060736e+01,2.064923e+01,2.060039e+01,2.064225e+01,2.064923e+01,2.064923e+01,2.081652e+01,2.079562e+01,2.073291e+01,2.075382e+01,2.067713e+01,2.067713e+01,2.067713e+01,2.072594e+01,2.071200e+01,2.067016e+01,2.074685e+01,2.075382e+01,2.075382e+01,2.073988e+01,2.070502e+01,2.074685e+01,2.071897e+01,2.076079e+01,2.076079e+01,2.083045e+01,2.080955e+01,2.073291e+01,2.078169e+01,2.078169e+01,2.082348e+01,2.077472e+01,2.079562e+01,2.082348e+01,2.075382e+01,2.071200e+01,2.078169e+01,2.078866e+01,2.073988e+01,2.068410e+01,2.081652e+01,2.079562e+01,2.069108e+01,2.080955e+01,2.069805e+01,2.071200e+01,2.070502e+01,2.071200e+01,2.069108e+01,2.067713e+01,2.080259e+01,2.073988e+01,2.078866e+01,2.080259e+01,2.075382e+01,2.082348e+01,2.079562e+01,2.075382e+01,2.073988e+01,2.074685e+01,2.076775e+01,2.076775e+01,2.077472e+01,2.075382e+01,2.082348e+01,2.083045e+01,2.080259e+01,2.072594e+01,2.079562e+01,2.072594e+01,2.071200e+01,2.071897e+01,2.071897e+01,2.073291e+01,2.088614e+01,2.076775e+01,2.071897e+01,2.073291e+01,2.068410e+01,2.073291e+01,2.069805e+01,2.080955e+01,2.078169e+01,2.078169e+01,2.077472e+01,2.069108e+01,2.071200e+01,2.071200e+01,2.065621e+01,2.073988e+01,2.080259e+01,2.083045e+01,2.071200e+01,2.071897e+01,2.078866e+01,2.073291e+01,2.059340e+01,2.078169e+01,2.077472e+01,2.075382e+01,2.085830e+01,2.067713e+01,2.086526e+01,2.069108e+01,2.078169e+01,2.079562e+01,2.072594e+01,2.080955e+01,2.082348e+01,2.085830e+01,2.073988e+01,2.080955e+01,2.084437e+01,2.076775e+01,2.076775e+01,2.073988e+01,2.077472e+01,2.080259e+01,2.080259e+01,2.067016e+01,2.072594e+01,2.078866e+01,2.069805e+01,2.079562e+01,2.073988e+01,2.080259e+01,2.088614e+01,2.069805e+01,2.078866e+01,2.077472e+01,2.071897e+01,2.070502e+01,2.067713e+01,2.079562e+01,2.081652e+01,2.072594e+01,2.075382e+01,2.078169e+01,2.076079e+01,2.073988e+01,2.073988e+01,2.073988e+01,2.076079e+01,2.073988e+01,2.060736e+01,2.078169e+01,2.069805e+01,2.067016e+01,2.080259e+01,2.075382e+01,2.085134e+01,2.076079e+01,2.076775e+01,2.076079e+01,2.072594e+01,2.104609e+01,2.083741e+01,2.071200e+01,2.069805e+01,2.065621e+01,2.072594e+01,2.073988e+01,2.072594e+01,2.072594e+01,2.080955e+01,2.078169e+01,2.069805e+01,2.082348e+01,2.073988e+01,2.074685e+01,2.073988e+01,2.073291e+01,2.083045e+01,2.071897e+01,2.073988e+01,2.083045e+01,2.083045e+01,2.080955e+01,2.079562e+01,2.080955e+01,2.078866e+01,2.080259e+01,2.076775e+01,2.073291e+01,2.073988e+01,2.073988e+01,2.072594e+01,2.069805e+01,2.071897e+01,2.071200e+01,2.071897e+01,2.069805e+01,2.082348e+01,2.077472e+01,2.074685e+01,2.078866e+01,2.081652e+01,2.070502e+01,2.087918e+01,2.069108e+01,2.084437e+01,2.078169e+01,2.080259e+01,2.071200e+01,2.078866e+01,2.073988e+01,2.071200e+01,2.073291e+01,2.091398e+01,2.075382e+01,2.074685e+01,2.076079e+01,2.071200e+01,2.075382e+01,2.070502e+01,2.074685e+01,2.076775e+01,2.078866e+01,2.083741e+01,2.078866e+01,2.079562e+01,2.085830e+01,2.091398e+01,2.084437e+01,2.087918e+01,2.080955e+01,2.080955e+01,2.081652e+01,2.082348e+01,2.080259e+01,2.078169e+01,2.085134e+01,2.071200e+01,2.059340e+01,2.066318e+01,2.068410e+01,2.080259e+01,2.082348e+01,2.076775e+01,2.071200e+01,2.071200e+01,2.071200e+01,2.081652e+01,2.067016e+01,2.064923e+01,2.071200e+01,2.089310e+01,2.072594e+01,2.062830e+01,2.076079e+01,2.071897e+01,2.076775e+01,2.078866e+01,2.079562e+01,2.080259e+01,2.061434e+01,2.080955e+01,2.083741e+01,2.071200e+01,2.076079e+01,2.080259e+01,2.085830e+01,2.081652e+01,2.082348e+01,2.082348e+01,2.069108e+01,2.083741e+01,2.078866e+01,2.072594e+01,2.086526e+01,2.079562e+01,2.079562e+01,2.082348e+01,2.077472e+01,2.080955e+01,2.076079e+01,2.082348e+01,2.076079e+01,2.080259e+01,2.074685e+01,2.081652e+01,2.084437e+01,2.085830e+01
2.080259e+01,2.079562e+01,2.080955e+01,2.084437e+01,2.078866e+01,2.071897e+01,2.071897e+01,2.073988e+01,2.079562e+01,2.067016e+01,2.081652e+01,2.070502e+01,2.076775e+01,2.076775e+01,2.083741e+01,2.080259e+01,2.074685e+01,2.073988e+01,2.070502e+01,2.085830e+01,2.071200e+01,2.071200e+01,2.077472e+01,2.078169e+01,2.081652e+01,2.071897e+01,2.083741e+01,2.073988e+01,2.069108e+01,2.070502e+01,2.085134e+01,2.076079e+01,2.073988e+01,2.074685e+01,2.072594e+01,2.059340e+01,2.045371e+01,2.043274e+01,2.043274e+01,2.048166e+01,2.042575e+01,2.041176e+01,2.041176e+01,2.023680e+01,2.022278e+01,2.013167e+01,2.018775e+01,2.021578e+01,2.029282e+01,2.030682e+01,2.032082e+01,2.034181e+01,2.039778e+01,2.045371e+01,2.038379e+01,2.032782e+01,2.018074e+01,2.006152e+01,1.999133e+01,2.023680e+01,2.008257e+01,2.007556e+01,2.036980e+01,2.033481e+01,2.034881e+01,2.034881e+01,2.034881e+01,2.007556e+01,2.037679e+01,2.029282e+01,2.032782e+01,2.029282e+01,2.033481e+01,2.033481e+01,2.034881e+01,2.035581e+01,2.028582e+01,2.038379e+01,2.040477e+01,2.047468e+01,2.036280e+01,2.040477e+01,2.036980e+01,2.058643e+01,2.056548e+01,2.056548e+01,2.059340e+01,2.036980e+01,2.044672e+01,2.040477e+01,2.040477e+01,2.047468e+01,2.045371e+01,2.050262e+01,2.050262e+01,2.073988e+01,2.071200e+01,2.076775e+01,2.073291e+01,2.069108e+01,2.069108e+01,2.061434e+01,2.067016e+01,2.062132e+01,2.059340e+01,2.060736e+01,2.062132e+01,2.065621e+01,2.064923e+01,2.069108e+01,2.067713e+01,2.058643e+01,2.065621e+01,2.053755e+01,2.065621e+01,2.071897e+01,2.068410e+01,2.073291e+01,2.063528e+01,2.063528e+01,2.064923e+01,2.083741e+01,2.070502e+01,2.071200e+01,2.069805e+01,2.070502e+01,2.067713e+01,2.069108e+01,2.063528e+01,2.061434e+01,2.064225e+01,2.062830e+01,2.062132e+01,2.071897e+01,2.060736e+01,2.060736e+01,2.065621e+01,2.060736e+01,2.064923e+01,2.059340e+01,2.071200e+01,2.069108e+01,2.070502e+01,2.067016e+01,2.076775e+01,2.069108e+01,2.069108e+01,2.067713e+01,2.076775e+01,2.062830e+01,2.073291e+01,2.063528e+01,2.069805e+01,2.065621e+01,2.077472e+01,2.067713e+01,2.070502e+01,2.073291e+01,2.064225e+01,2.071200e+01,2.072594e+01,2.069108e+01,2.068410e+01,2.066318e+01,2.069108e+01,2.075382e+01,2.076079e+01,2.079562e+01,2.079562e+01,2.075382e+01,2.070502e+01,2.070502e+01,2.082348e+01,2.080955e+01,2.081652e+01,2.082348e+01,2.069108e+01,2.067016e+01,2.080955e+01,2.083741e+01,2.076775e+01,2.084437e+01,2.084437e+01,2.072594e+01,2.073291e+01,2.085134e+01,2.079562e+01,2.068410e+01,2.081652e+01,2.086526e+01,2.090006e+01,2.087918e+01,2.078866e+01,2.077472e+01,2.078866e+01,2.078169e+01,2.076079e+01,2.078169e+01,2.082348e+01,2.077472e+01,2.077472e+01,2.079562e+01,2.081652e+01,2.081652e+01,2.087918e+01,2.085134e+01,2.077472e+01,2.083741e+01,2.078169e+01,2.083741e+01,2.085830e+01,2.083741e+01,2.071897e+01,2.078866e+01,2.082348e+01,2.076775e+01,2.079562e+01,2.079562e+01,2.080259e+01,2.078866e+01,2.073988e+01,2.069108e+01,2.071897e+01,2.069805e+01,2.069108e+01,2.067713e+01,2.062132e+01,2.069805e+01,2.071897e+01,2.063528e+01,2.064225e+01,2.062132e+01,2.062132e+01,2.063528e+01,2.066318e+01,2.067713e+01,2.058643e+01,2.064923e+01,2.064225e+01,2.060736e+01,2.068410e+01,2.065621e+01,2.060736e+01,2.071897e+01,2.068410e+01,2.070502e+01,2.067713e+01,2.077472e+01,2.073988e+01,2.074685e+01,2.075382e+01,2.073291e+01,2.071897e+01,2.074685e+01,2.075382e+01,2.076079e+01,2.074685e+01,2.072594e+01,2.076079e+01,2.077472e+01,2.067713e+01,2.076079e+01,2.077472e+01,2.076079e+01,2.075382e+01,2.080259e+01,2.079562e+01,2.066318e+01,2.076775e+01,2.076775e+01,2.073291e+01,2.076079e+01,2.087918e+01,2.078169e+01,2.069108e+01,2.077472e+01,2.080955e+01,2.083045e+01,2.071200e+01,2.069805e+01,2.072594e+01,2.077472e+01,2.076775e+01,2.073988e+01,2.076775e+01,2.071897e+01,2.076775e+01,2.073291e+01,2.074685e+01,2.059340e+01,2.068410e+01,2.074685e+01,2.067016e+01,2.065621e+01,2.078169e+01,2.075382e+01,2.072594e+01,2.077472e+01,2.073988e+01,2.076079e+01,2.079562e+01,2.078169e+01,2.079562e+01,2.080259e+01,2.073988e+01,2.073988e+01,2.073291e+01,2.073988e+01,2.078169e+01,2.080955e+01,2.085830e+01,2.072594e+01,2.093485e+01,2.076775e+01,2.071897e+01,2.071200e+01,2.071897e+01,2.079562e+01,2.084437e+01,2.076079e+01,2.076775e+01,2.076775e+01,2.076079e+01,2.074685e+01,2.078866e+01,2.077472e+01,2.067713e+01,2.074685e+01,2.072594e+01,2.076775e+01,2.069108e+01,2.078866e+01,2.078169e+01,2.068410e+01,2.073291e+01,2.064923e+01,2.073291e+01,2.073988e+01,2.073988e+01,2.077472e+01,2.079562e+01,2.072594e+01,2.071200e+01,2.069108e+01,2.056548e+01,2.079562e+01,2.077472e+01,2.078169e+01,2.055152e+01,2.058643e+01,2.058643e+01,2.057246e+01,2.050262e+01,2.069805e+01,2.046769e+01,2.053057e+01,2.053755e+01,2.065621e+01,2.071897e+01,2.062132e+01,2.067713e+01,2.061434e+01,2.066318e+01,2.065621e+01,2.077472e+01,2.066318e+01,2.060736e+01,2.063528e+01,2.062830e+01,2.078169e+01,2.073291e+01,2.069108e+01,2.076775e+01,2.069108e+01,2.073291e+01,2.069805e+01,2.073988e+01,2.069108e+01,2.078169e+01,2.073291e+01,2.080955e+01,2.073988e+01,2.070502e+01,2.083045e+01,2.082348e+01,2.079562e+01,2.082348e+01,2.080259e+01,2.083741e+01,2.083741e+01,2.076079e+01,2.070502e+01,2.071897e+01,2.070502e+01,2.080955e+01,2.069805e+01,2.069108e+01,2.080955e+01,2.066318e+01,2.081652e+01,2.070502e+01,2.069108e+01,2.062132e+01,2.073291e+01,2.078866e+01,2.073988e+01,2.068410e+01,2.074685e+01,2.065621e+01,2.073291e+01,2.079562e+01,2.080259e+01,2.078866e+01,2.079562e+01,2.073988e+01,2.076079e+01,2.076775e+01,2.075382e+01,2.078866e+01,2.076775e+01,2.074685e+01,2.076775e+01,2.078866e+01,2.079562e+01,2.069805e+01,2.071200e+01,2.072594e+01,2.072594e+01,2.070502e+01,2.073291e+01,2.080259e+01,2.084437e+01,2.073291e+01,2.082348e+01,2.073988e+01,2.080259e+01,2.080259e+01,2.080259e+01,2.075382e+01,2.071200e+01,2.078169e+01,2.069108e+01,2.069805e+01,2.074685e+01,2.074685e+01,2.075382e+01,2.074685e+01,2.082348e+01,2.061434e+01,2.075382e+01,2.064225e+01,2.071897e+01,2.079562e+01,2.075382e+01,2.065621e+01,2.074685e+01,2.079562e+01,2.067016e+01,2.079562e+01,2.060736e+01,2.079562e+01,2.077472e+01,2.075382e+01,2.067713e+01,2.070502e+01,2.083045e+01,2.073291e+01,2.067713e+01,2.078866e+01,2.075382e+01,2.068410e+01,2.071897e+01,2.073988e+01,2.075382e+01,2.073291e+01,2.071897e+01,2.074685e+01,2.085134e+01,2.082348e+01,2.074685e+01,2.075382e+01,2.067713e+01,2.057944e+01,2.080259e+01,2.078169e+01,2.069805e+01,2.078169e+01,2.072594e+01,2.065621e+01,2.074685e+01,2.064225e+01,2.073291e+01,2.080955e+01,2.076775e+01,2.076079e+01,2.075382e+01,2.074685e+01,2.073988e+01,2.073988e+01,2.075382e+01,2.078169e+01,2.078866e+01,2.081652e+01,2.077472e+01,2.074685e+01,2.074685e+01,2.072594e+01,2.073291e+01,2.076775e+01,2.076079e+01,2.078169e+01,2.074685e+01,2.072594e+01,2.067016e+01,2.077472e+01,2.076079e+01,2.075382e+01,2.067016e+01,2.074685e+01,2.075382e+01,2.081652e+01,2.076775e+01,2.077472e+01,2.074685e+01,2.078169e+01,2.073988e+01,2.071200e+01,2.073291e+01,2.078169e+01,2.079562e+01,2.078169e+01,2.066318e+01,2.074685e+01,2.079562e+01,2.077472e+01,2.071897e+01,2.071897e+01,2.076079e+01,2.076775e+01,2.078866e+01,2.069108e+01,2.073988e+01,2.078169e+01,2.078169e+01,2.077472e+01,2.071897e+01,2.073291e+01,2.075382e+01,2.073988e+01,2.073988e+01,2.084437e+01,2.081652e+01,2.082348e+01,2.081652e+01,2.079562e+01,2.081652e+01,2.073988e+01,2.076775e+01,2.076079e+01,2.078169e+01,2.073291e+01,2.078169e+01,2.077472e+01,2.069805e+01,2.076079e+01,2.073988e+01,2.073291e+01,2.072594e+01,2.076775e+01,2.071200e+01,2.072594e+01,2.074685e+01,2.072594e+01,2.073988e+01,2.084437e+01,2.079562e+01,2.084437e+01,2.081652e+01,2.083045e+01,2.074685e+01,2.086526e+01,2.074685e+01,2.073988e+01,2.071897e+01,2.081652e+01,2.074685e+01,2.067713e+01,2.068410e+01,2.065621e+01,2.069108e+01,2.085830e+01,2.080955e+01,2.069805e+01,2.064225e+01,2.069805e+01,2.079562e+01,2.070502e+01,2.060736e+01,2.073988e+01,2.070502e+01,2.068410e+01,2.075382e+01,2.073988e+01,2.075382e+01,2.072594e+01,2.071897e+01,2.079562e+01,2.078866e+01,2.073291e+01,2.085134e+01,2.068410e+01,2.080259e+01,2.089310e+01,2.070502e+01,2.087918e+01,2.069805e+01,2.083741e+01,2.083045e+01,2.085134e+01,2.071897e+01,2.084437e+01,2.083045e+01,2.077472e+01,2.078866e+01,2.087222e+01,2.080259e+01,2.066318e+01,2.076775e+01,2.080955e+01,2.077472e+01,2.079562e+01,2.057944e+01,2.074685e+01,2.076079e+01,2.078866e+01,2.075382e+01,2.081652e+01,2.073988e+01,2.077472e+01,2.085830e+01
2.063528e+01,2.078866e+01,2.080259e+01,2.078866e+01,2.073291e+01,2.083045e+01,2.079562e+01,2.073291e+01,2.081652e+01,2.068410e+01,2.069108e+01,2.076079e+01,2.082348e+01,2.078169e+01,2.076775e+01,2.081652e+01,2.081652e+01,2.078866e+01,2.083045e+01,2.076775e+01,2.080259e+01,2.055152e+01,2.076079e+01,2.067713e+01,2.074685e+01,2.073291e+01,2.073988e+01,2.067713e+01,2.078866e+01,2.078866e+01,2.076079e+01,2.076775e+01,2.073291e+01,2.073291e+01,2.073291e+01,2.052358e+01,2.053057e+01,2.045371e+01,2.050961e+01,2.049564e+01,2.046769e+01,2.046769e+01,2.029282e+01,2.034181e+01,2.025080e+01,2.027181e+01,2.029982e+01,2.023680e+01,2.025781e+01,2.032082e+01,2.032782e+01,2.034181e+01,2.032082e+01,2.033481e+01,2.020877e+01,2.032082e+01,2.021578e+01,2.012466e+01,2.009660e+01,2.007556e+01,2.015971e+01,2.032782e+01,2.039778e+01,2.031382e+01,2.031382e+01,2.033481e+01,2.036280e+01,2.035581e+01,2.033481e+01,2.041875e+01,2.032082e+01,2.029282e+01,2.032782e+01,2.029282e+01,2.027881e+01,2.034881e+01,2.039778e+01,2.031382e+01,2.033481e+01,2.045371e+01,2.034881e+01,2.036980e+01,2.039778e+01,2.046070e+01,2.036280e+01,2.038379e+01,2.045371e+01,2.046070e+01,2.037679e+01,2.034181e+01,2.043274e+01,2.043274e+01,2.044672e+01,2.067016e+01,2.066318e+01,2.062830e+01,2.080955e+01,2.075382e+01,2.068410e+01,2.068410e+01,2.067713e+01,2.065621e+01,2.055850e+01,2.064225e+01,2.057246e+01,2.057944e+01,2.052358e+01,2.067016e+01,2.062830e+01,2.069805e+01,2.067016e+01,2.067016e+01,2.064923e+01,2.063528e+01,2.071897e+01,2.067713e+01,2.065621e+01,2.073291e+01,2.067016e+01,2.068410e+01,2.069108e+01,2.064923e+01,2.069805e+01,2.069108e+01,2.071897e+01,2.066318e+01,2.064923e+01,2.068410e+01,2.063528e+01,2.065621e+01,2.078169e+01,2.065621e+01,2.067713e+01,2.072594e+01,2.073988e+01,2.065621e+01,2.059340e+01,2.065621e+01,2.064923e+01,2.064923e+01,2.069805e+01,2.073988e+01,2.063528e+01,2.064923e+01,2.068410e+01,2.067016e+01,2.069108e+01,2.074685e+01,2.073988e+01,2.073988e+01,2.073291e+01,2.069805e+01,2.073988e+01,2.073988e+01,2.069805e+01,2.071897e+01,2.073988e+01,2.075382e+01,2.081652e+01,2.067016e+01,2.070502e+01,2.064225e+01,2.070502e+01,2.083741e+01,2.081652e+01,2.078169e+01,2.077472e+01,2.090702e+01,2.085830e+01,2.068410e+01,2.077472e+01,2.080259e+01,2.073291e+01,2.077472e+01,2.081652e+01,2.078169e+01,2.087918e+01,2.091398e+01,2.077472e+01,2.076775e+01,2.074685e+01,2.078169e+01,2.084437e+01,2.083741e+01,2.075382e+01,2.083741e+01,2.079562e+01,2.080955e+01,2.079562e+01,2.084437e+01,2.082348e+01,2.084437e+01,2.076079e+01,2.080259e+01,2.077472e+01,2.086526e+01,2.076775e+01,2.081652e+01,2.077472e+01,2.079562e+01,2.083741e+01,2.078169e+01,2.079562e+01,2.083045e+01,2.080955e+01,2.082348e+01,2.080259e+01,2.078169e+01,2.085134e+01,2.080259e+01,2.080259e+01,2.080259e+01,2.076079e+01,2.085134e+01,2.076775e+01,2.073988e+01,2.073988e+01,2.075382e+01,2.080955e+01,2.080955e+01,2.077472e+01,2.071897e+01,2.071200e+01,2.068410e+01,2.072594e+01,2.069108e+01,2.070502e+01,2.064923e+01,2.061434e+01,2.064225e+01,2.071200e+01,2.072594e+01,2.061434e+01,2.064225e+01,2.060736e+01,2.059340e+01,2.059340e+01,2.061434e+01,2.067016e+01,2.063528e+01,2.069108e+01,2.063528e+01,2.068410e+01,2.071200e+01,2.068410e+01,2.071200e+01,2.069108e+01,2.069108e+01,2.079562e+01,2.077472e+01,2.070502e+01,2.067713e+01,2.074685e+01,2.076775e+01,2.066318e+01,2.078866e+01,2.088614e+01,2.075382e+01,2.074685e+01,2.086526e+01,2.090702e+01,2.080259e+01,2.083741e+01,2.074685e+01,2.082348e+01,2.080955e+01,2.073291e+01,2.075382e+01,2.080955e+01,2.076775e+01,2.066318e+01,2.073291e+01,2.078169e+01,2.071897e+01,2.074685e+01,2.069805e+01,2.075382e+01,2.071897e+01,2.071200e+01,2.067016e+01,2.079562e+01,2.071200e+01,2.071200e+01,2.068410e+01,2.075382e+01,2.076775e+01,2.068410e+01,2.079562e+01,2.060736e+01,2.073988e+01,2.069108e+01,2.073988e+01,2.071897e+01,2.078866e+01,2.079562e+01,2.076079e+01,2.075382e+01,2.082348e+01,2.079562e+01,2.076079e+01,2.076775e+01,2.079562e+01,2.071200e+01,2.070502e+01,2.075382e+01,2.077472e+01,2.076079e+01,2.075382e+01,2.076079e+01,2.069108e+01,2.076079e+01,2.080259e+01,2.071200e+01,2.073291e+01,2.076079e+01,2.074685e+01,2.075382e+01,2.079562e+01,2.080259e+01,2.079562e+01,2.077472e+01,2.076079e+01,2.076775e+01,2.073291e+01,2.078169e+01,2.076775e+01,2.070502e+01,2.073291e+01,2.075382e+01,2.079562e+01,2.068410e+01,2.081652e+01,2.078866e+01,2.072594e+01,2.075382e+01,2.066318e+01,2.077472e+01,2.080259e+01,2.073291e+01,2.075382e+01,2.063528e+01,2.073988e+01,2.071897e+01,2.073988e+01,2.075382e+01,2.070502e+01,2.071200e+01,2.069108e+01,2.067713e+01,2.048166e+01,2.049564e+01,2.050262e+01,2.049564e+01,2.055152e+01,2.046769e+01,2.046070e+01,2.060736e+01,2.057944e+01,2.063528e+01,2.066318e+01,2.059340e+01,2.061434e+01,2.060736e+01,2.073988e+01,2.063528e+01,2.065621e+01,2.073988e+01,2.071897e+01,2.071200e+01,2.055152e+01,2.070502e+01,2.071200e+01,2.064225e+01,2.072594e+01,2.076079e+01,2.071897e+01,2.072594e+01,2.068410e+01,2.064923e+01,2.076775e+01,2.082348e+01,2.084437e+01,2.080259e+01,2.074685e+01,2.082348e+01,2.080955e+01,2.079562e+01,2.078866e+01,2.076775e+01,2.080955e+01,2.073291e+01,2.090702e+01,2.072594e+01,2.071897e+01,2.070502e+01,2.074685e+01,2.079562e+01,2.072594e+01,2.078866e+01,2.076079e+01,2.076079e+01,2.071200e+01,2.070502e+01,2.075382e+01,2.068410e+01,2.066318e+01,2.068410e+01,2.069805e+01,2.069108e+01,2.070502e+01,2.069108e+01,2.077472e+01,2.078169e+01,2.077472e+01,2.078866e+01,2.076079e+01,2.080955e+01,2.076079e+01,2.076775e+01,2.078169e+01,2.078169e+01,2.078169e+01,2.076079e+01,2.083741e+01,2.083045e+01,2.073291e+01,2.073291e+01,2.078169e+01,2.073291e+01,2.080955e+01,2.081652e+01,2.071200e+01,2.073988e+01,2.075382e+01,2.075382e+01,2.076079e+01,2.080259e+01,2.070502e+01,2.078169e+01,2.073988e+01,2.076775e+01,2.071200e+01,2.071200e+01,2.079562e+01,2.078169e+01,2.085134e+01,2.080259e+01,2.080955e+01,2.076775e+01,2.077472e+01,2.071897e+01,2.066318e+01,2.071200e+01,2.074685e+01,2.081652e+01,2.072594e+01,2.083045e+01,2.069108e+01,2.067016e+01,2.071897e+01,2.080955e+01,2.063528e+01,2.064923e+01,2.073291e+01,2.070502e+01,2.073291e+01,2.074685e+01,2.083741e+01,2.077472e+01,2.081652e+01,2.063528e+01,2.074685e+01,2.087222e+01,2.069805e+01,2.078169e+01,2.073988e+01,2.071897e+01,2.080259e+01,2.076079e+01,2.076775e+01,2.080955e+01,2.066318e+01,2.079562e+01,2.076079e+01,2.074685e+01,2.075382e+01,2.071200e+01,2.080955e+01,2.066318e+01,2.070502e+01,2.070502e+01,2.080955e+01,2.081652e+01,2.078866e+01,2.076775e+01,2.077472e+01,2.076775e+01,2.073291e+01,2.073988e+01,2.083741e+01,2.080259e+01,2.083741e+01,2.059340e+01,2.065621e+01,2.072594e+01,2.073988e+01,2.074685e+01,2.073291e+01,2.067016e+01,2.077472e+01,2.083045e+01,2.073988e+01,2.071897e+01,2.082348e+01,2.067713e+01,2.073291e+01,2.067713e+01,2.081652e+01,2.074685e+01,2.078169e+01,2.079562e+01,2.077472e+01,2.082348e+01,2.092093e+01,2.079562e+01,2.078169e+01,2.073291e+01,2.078169e+01,2.090006e+01,2.065621e+01,2.078169e+01,2.075382e+01,2.076775e+01,2.077472e+01,2.073988e+01,2.080259e+01,2.090702e+01,2.078169e+01,2.078169e+01,2.076775e+01,2.079562e+01,2.074685e+01,2.074685e+01,2.076079e+01,2.077472e+01,2.072594e+01,2.077472e+01,2.079562e+01,2.076775e+01,2.083045e+01,2.077472e+01,2.078866e+01,2.092093e+01,2.076775e+01,2.086526e+01,2.072594e+01,2.076079e+01,2.076775e+01,2.081652e+01,2.088614e+01,2.076079e+01,2.077472e+01,2.072594e+01,2.080259e+01,2.073291e+01,2.071200e+01,2.071897e+01,2.071200e+01,2.075382e+01,2.071897e+01,2.080955e+01,2.085134e+01,2.078866e+01,2.087918e+01,2.083741e+01,2.081652e+01,2.062132e+01,2.074685e+01,2.085134e+01,2.076079e+01,2.076775e+01,2.074685e+01,2.081652e+01,2.081652e+01,2.073988e+01,2.078169e+01,2.078866e+01,2.065621e+01,2.062830e+01,2.080955e+01,2.063528e+01,2.077472e+01,2.076079e+01,2.076079e+01,2.080955e+01,2.059340e+01,2.069805e+01,2.086526e+01,2.068410e+01,2.076079e+01,2.069805e+01,2.078866e+01,2.053057e+01,2.090702e+01,2.073988e+01,2.077472e+01,2.076775e+01,2.078169e+01,2.065621e+01,2.066318e+01,2.071200e+01,2.072594e+01,2.085134e+01,2.077472e+01,2.081652e+01,2.086526e+01,2.073988e+01,2.077472e+01,2.086526e+01,2.068410e+01,2.080259e+01,2.079562e+01,2.081652e+01,2.076775e+01,2.073291e+01,2.083045e+01,2.069108e+01,2.083045e+01,2.078866e+01,2.084437e+01,2.078866e+01,2.085134e+01,2.078169e+01,2.079562e+01,2.076775e+01,2.074685e+01,2.083741e+01,2.088614e+01,2.078866e+01,2.083045e+01
2.084437e+01,2.075382e+01,2.085134e+01,2.078169e+01,2.076775e+01,2.074685e+01,2.070502e+01,2.082348e+01,2.068410e+01,2.077472e+01,2.075382e+01,2.081652e+01,2.081652e+01,2.080955e+01,2.078866e+01,2.081652e+01,2.080955e+01,2.078866e+01,2.078866e+01,2.082348e+01,2.074685e+01,2.073988e+01,2.076775e+01,2.082348e+01,2.084437e+01,2.076079e+01,2.080955e+01,2.079562e+01,2.071897e+01,2.073988e+01,2.061434e+01,2.076079e+01,2.069805e+01,2.076775e+01,2.071200e+01,2.046769e+01,2.056548e+01,2.052358e+01,2.048865e+01,2.046769e+01,2.046070e+01,2.044672e+01,2.042575e+01,2.022278e+01,2.043973e+01,2.042575e+01,2.025080e+01,2.022278e+01,2.030682e+01,2.023680e+01,2.023680e+01,2.032082e+01,2.032782e+01,2.019476e+01,2.022278e+01,2.018775e+01,2.011764e+01,2.006152e+01,1.999835e+01,2.006854e+01,2.019476e+01,2.045371e+01,2.041875e+01,2.042575e+01,2.041875e+01,2.034881e+01,2.039778e+01,2.046070e+01,2.042575e+01,2.044672e+01,2.038379e+01,2.037679e+01,2.037679e+01,2.034181e+01,2.034881e+01,2.034181e+01,2.032082e+01,2.025781e+01,2.038379e+01,2.027181e+01,2.027881e+01,2.033481e+01,2.032082e+01,2.041875e+01,2.043973e+01,2.045371e+01,2.040477e+01,2.036980e+01,2.047468e+01,2.036980e+01,2.053057e+01,2.050262e+01,2.049564e+01,2.059340e+01,2.069108e+01,2.068410e+01,2.075382e+01,2.079562e+01,2.067713e+01,2.069805e+01,2.071200e+01,2.062132e+01,2.052358e+01,2.062132e+01,2.057246e+01,2.050262e+01,2.071200e+01,2.067713e+01,2.070502e+01,2.064923e+01,2.067713e+01,2.071200e+01,2.069108e+01,2.073291e+01,2.072594e+01,2.074685e+01,2.065621e+01,2.064923e+01,2.067016e+01,2.066318e+01,2.069805e+01,2.067713e+01,2.072594e+01,2.072594e+01,2.069108e+01,2.072594e+01,2.064923e+01,2.063528e+01,2.069805e+01,2.069108e+01,2.062830e+01,2.060736e+01,2.068410e+01,2.077472e+01,2.073291e+01,2.062132e+01,2.067713e+01,2.069108e+01,2.063528e+01,2.065621e+01,2.076775e+01,2.065621e+01,2.067713e+01,2.073988e+01,2.067016e+01,2.071897e+01,2.071897e+01,2.072594e+01,2.066318e+01,2.071897e+01,2.079562e+01,2.074685e+01,2.073291e+01,2.074685e+01,2.071897e+01,2.075382e+01,2.073291e+01,2.073988e+01,2.077472e+01,2.069108e+01,2.068410e+01,2.080259e+01,2.069805e+01,2.068410e+01,2.071897e+01,2.065621e+01,2.077472e+01,2.076079e+01,2.071897e+01,2.075382e+01,2.076775e+01,2.071200e+01,2.070502e+01,2.070502e+01,2.079562e+01,2.080955e+01,2.077472e+01,2.080259e+01,2.084437e+01,2.084437e+01,2.077472e+01,2.089310e+01,2.076775e+01,2.085830e+01,2.076079e+01,2.084437e+01,2.083045e+01,2.085830e+01,2.083045e+01,2.081652e+01,2.075382e+01,2.092093e+01,2.084437e+01,2.073291e+01,2.079562e+01,2.080259e+01,2.083045e+01,2.080955e+01,2.089310e+01,2.090702e+01,2.080259e+01,2.080259e+01,2.077472e+01,2.080955e+01,2.086526e+01,2.079562e+01,2.086526e+01,2.076775e+01,2.075382e+01,2.086526e+01,2.080259e+01,2.080259e+01,2.080259e+01,2.080259e+01,2.081652e+01,2.085134e+01,2.075382e+01,2.076079e+01,2.075382e+01,2.074685e+01,2.076775e+01,2.076775e+01,2.092789e+01,2.094180e+01,2.070502e+01,2.074685e+01,2.071200e+01,2.063528e+01,2.071897e+01,2.067713e+01,2.070502e+01,2.060039e+01,2.071200e+01,2.070502e+01,2.061434e+01,2.061434e+01,2.062132e+01,2.064225e+01,2.059340e+01,2.061434e+01,2.067713e+01,2.070502e+01,2.071897e+01,2.069805e+01,2.085830e+01,2.063528e+01,2.080955e+01,2.069108e+01,2.075382e+01,2.073988e+01,2.071200e+01,2.065621e+01,2.066318e+01,2.072594e+01,2.071200e+01,2.071897e+01,2.074685e+01,2.070502e+01,2.076775e+01,2.069805e+01,2.076775e+01,2.078169e+01,2.073988e+01,2.076775e+01,2.075382e+01,2.077472e+01,2.078866e+01,2.076775e+01,2.073988e+01,2.074685e+01,2.073988e+01,2.076079e+01,2.083045e+01,2.079562e+01,2.073291e+01,2.078866e+01,2.086526e+01,2.074685e+01,2.072594e+01,2.068410e+01,2.071897e+01,2.063528e+01,2.069805e+01,2.072594e+01,2.066318e+01,2.067713e+01,2.076079e+01,2.080259e+01,2.084437e+01,2.076775e+01,2.072594e+01,2.079562e+01,2.070502e+01,2.075382e+01,2.078866e+01,2.076079e+01,2.079562e+01,2.070502e+01,2.078169e+01,2.075382e+01,2.082348e+01,2.077472e+01,2.082348e+01,2.079562e+01,2.073988e+01,2.074685e+01,2.076079e+01,2.077472e+01,2.075382e+01,2.071200e+01,2.071897e+01,2.073291e+01,2.083741e+01,2.073291e+01,2.072594e+01,2.082348e+01,2.074685e+01,2.076775e+01,2.080259e+01,2.073988e+01,2.078866e+01,2.075382e+01,2.077472e+01,2.077472e+01,2.074685e+01,2.064923e+01,2.073291e+01,2.068410e+01,2.080955e+01,2.069108e+01,2.068410e+01,2.081652e+01,2.073291e+01,2.066318e+01,2.067713e+01,2.064923e+01,2.073988e+01,2.082348e+01,2.078169e+01,2.078866e+01,2.072594e+01,2.080259e+01,2.079562e+01,2.073988e+01,2.076775e+01,2.066318e+01,2.062830e+01,2.055850e+01,2.062132e+01,2.057944e+01,2.048865e+01,2.048865e+01,2.046769e+01,2.050262e+01,2.044672e+01,2.055152e+01,2.053057e+01,2.055850e+01,2.058643e+01,2.061434e+01,2.066318e+01,2.060039e+01,2.064923e+01,2.060039e+01,2.062830e+01,2.072594e+01,2.062132e+01,2.064225e+01,2.067016e+01,2.076079e+01,2.065621e+01,2.063528e+01,2.073988e+01,2.067713e+01,2.072594e+01,2.078169e+01,2.074685e+01,2.073291e+01,2.072594e+01,2.067713e+01,2.097658e+01,2.075382e+01,2.075382e+01,2.076079e+01,2.078866e+01,2.076775e+01,2.083741e+01,2.080259e+01,2.076079e+01,2.075382e+01,2.087222e+01,2.077472e+01,2.071200e+01,2.071200e+01,2.071897e+01,2.073988e+01,2.076079e+01,2.073291e+01,2.069108e+01,2.071897e+01,2.080259e+01,2.078169e+01,2.077472e+01,2.060039e+01,2.067713e+01,2.070502e+01,2.065621e+01,2.071200e+01,2.071200e+01,2.069108e+01,2.071200e+01,2.073291e+01,2.083045e+01,2.077472e+01,2.076775e+01,2.076079e+01,2.080259e+01,2.079562e+01,2.076775e+01,2.077472e+01,2.076775e+01,2.074685e+01,2.074685e+01,2.077472e+01,2.078866e+01,2.092093e+01,2.075382e+01,2.070502e+01,2.076775e+01,2.069108e+01,2.071200e+01,2.078866e+01,2.080259e+01,2.076775e+01,2.074685e+01,2.071897e+01,2.073988e+01,2.078866e+01,2.083045e+01,2.079562e+01,2.077472e+01,2.078866e+01,2.069108e+01,2.069108e+01,2.069108e+01,2.082348e+01,2.081652e+01,2.075382e+01,2.070502e+01,2.079562e+01,2.080259e+01,2.067016e+01,2.079562e+01,2.072594e+01,2.076079e+01,2.083045e+01,2.069805e+01,2.078866e+01,2.078169e+01,2.083045e+01,2.072594e+01,2.076775e+01,2.073291e+01,2.071897e+01,2.078169e+01,2.076775e+01,2.077472e+01,2.071200e+01,2.075382e+01,2.078169e+01,2.071200e+01,2.084437e+01,2.075382e+01,2.077472e+01,2.069108e+01,2.082348e+01,2.073291e+01,2.079562e+01,2.075382e+01,2.086526e+01,2.074685e+01,2.085830e+01,2.083045e+01,2.072594e+01,2.080955e+01,2.080259e+01,2.070502e+01,2.075382e+01,2.074685e+01,2.085830e+01,2.078169e+01,2.068410e+01,2.076775e+01,2.078169e+01,2.075382e+01,2.075382e+01,2.076775e+01,2.073291e+01,2.079562e+01,2.076079e+01,2.071200e+01,2.081652e+01,2.072594e+01,2.077472e+01,2.075382e+01,2.075382e+01,2.074685e+01,2.073291e+01,2.073291e+01,2.076079e+01,2.075382e+01,2.071200e+01,2.083045e+01,2.066318e+01,2.078866e+01,2.068410e+01,2.068410e+01,2.081652e+01,2.084437e+01,2.076079e+01,2.075382e+01,2.080955e+01,2.076079e+01,2.074685e+01,2.080955e+01,2.085830e+01,2.077472e+01,2.073988e+01,2.078169e+01,2.078169e+01,2.076775e+01,2.089310e+01,2.085830e+01,2.078169e+01,2.073291e+01,2.076775e+01,2.092789e+01,2.069108e+01,2.071200e+01,2.081652e+01,2.080955e+01,2.074685e+01,2.077472e+01,2.073988e+01,2.070502e+01,2.073291e+01,2.078866e+01,2.072594e+01,2.080955e+01,2.078169e+01,2.076775e+01,2.079562e+01,2.079562e+01,2.083741e+01,2.071897e+01,2.074685e+01,2.071200e+01,2.073291e+01,2.072594e+01,2.078169e+01,2.076079e+01,2.081652e+01,2.067016e+01,2.080955e+01,2.076775e+01,2.075382e+01,2.071897e+01,2.091398e+01,2.093485e+01,2.078169e+01,2.078169e+01,2.064923e+01,2.082348e+01,2.076775e+01,2.080955e+01,2.081652e+01,2.079562e+01,2.069108e+01,2.076775e+01,2.074685e+01,2.085830e+01,2.073988e+01,2.081652e+01,2.093485e+01,2.075382e+01,2.076079e+01,2.076079e+01,2.074685e+01,2.069805e+01,2.061434e+01,2.070502e+01,2.069108e+01,2.064225e+01,2.073988e+01,2.071897e+01,2.071200e+01,2.069108e+01,2.073291e+01,2.085134e+01,2.069108e+01,2.064923e+01,2.072594e+01,2.066318e+01,2.069108e+01,2.069805e+01,2.078866e+01,2.064225e+01,2.077472e+01,2.074685e+01,2.077472e+01,2.073291e+01,2.075382e+01,2.069805e+01,2.084437e+01,2.082348e+01,2.079562e+01,2.073988e+01,2.083741e+01,2.075382e+01,2.073988e+01,2.073988e+01,2.077472e+01,2.078169e+01,2.076775e+01,2.077472e+01,2.083741e+01,2.080955e+01,2.077472e+01,2.080259e+01,2.075382e+01,2.082348e+01,2.078169e+01,2.083045e+01,2.078866e+01,2.078866e+01,2.075382e+01,2.085134e+01,2.078866e+01,2.077472e+01,2.080955e+01
2.079562e+01,2.081652e+01,2.071200e+01,2.085134e+01,2.079562e+01,2.074685e+01,2.075382e+01,2.076079e+01,2.082348e+01,2.084437e+01,2.069805e+01,2.081652e+01,2.083045e+01,2.080259e+01,2.086526e+01,2.086526e+01,2.071897e+01,2.082348e+01,2.083741e+01,2.083045e+01,2.082348e+01,2.081652e+01,2.067016e+01,2.075382e+01,2.083045e+01,2.073988e+01,2.077472e+01,2.078169e+01,2.076775e+01,2.067016e+01,2.071200e+01,2.073291e+01,2.079562e+01,2.074685e+01,2.070502e+01,2.048865e+01,2.050961e+01,2.048865e+01,2.055850e+01,2.056548e+01,2.048166e+01,2.044672e+01,2.046769e+01,2.045371e+01,2.039778e+01,2.025080e+01,2.036980e+01,2.036980e+01,2.025080e+01,2.033481e+01,2.018775e+01,2.030682e+01,2.018074e+01,2.023680e+01,2.026481e+01,2.015270e+01,2.031382e+01,2.013868e+01,2.011063e+01,2.016672e+01,2.037679e+01,2.042575e+01,2.043973e+01,2.041176e+01,2.051660e+01,2.048865e+01,2.046070e+01,2.051660e+01,2.062132e+01,2.046769e+01,2.048166e+01,2.051660e+01,2.039778e+01,2.034181e+01,2.005451e+01,2.020177e+01,2.023680e+01,2.024380e+01,2.029282e+01,2.030682e+01,2.023680e+01,2.022278e+01,2.035581e+01,2.031382e+01,2.033481e+01,2.045371e+01,2.033481e+01,2.036280e+01,2.036980e+01,2.039778e+01,2.049564e+01,2.048865e+01,2.064225e+01,2.062132e+01,2.069805e+01,2.060736e+01,2.065621e+01,2.064923e+01,2.064225e+01,2.069805e+01,2.069108e+01,2.056548e+01,2.056548e+01,2.058643e+01,2.055152e+01,2.055850e+01,2.058643e+01,2.063528e+01,2.065621e+01,2.067713e+01,2.073291e+01,2.070502e+01,2.070502e+01,2.068410e+01,2.074685e+01,2.067713e+01,2.076079e+01,2.075382e+01,2.067016e+01,2.070502e+01,2.069108e+01,2.068410e+01,2.063528e+01,2.073988e+01,2.066318e+01,2.065621e+01,2.076079e+01,2.063528e+01,2.064225e+01,2.083741e+01,2.071200e+01,2.064225e+01,2.063528e+01,2.076775e+01,2.068410e+01,2.067713e+01,2.076079e+01,2.077472e+01,2.077472e+01,2.071897e+01,2.064225e+01,2.080259e+01,2.069805e+01,2.080259e+01,2.069108e+01,2.075382e+01,2.074685e+01,2.070502e+01,2.064923e+01,2.071897e+01,2.072594e+01,2.072594e+01,2.071200e+01,2.073988e+01,2.073291e+01,2.073988e+01,2.073988e+01,2.069108e+01,2.075382e+01,2.068410e+01,2.075382e+01,2.064923e+01,2.085830e+01,2.072594e+01,2.069805e+01,2.076775e+01,2.072594e+01,2.078866e+01,2.084437e+01,2.067016e+01,2.078169e+01,2.067713e+01,2.085134e+01,2.080259e+01,2.077472e+01,2.078866e+01,2.079562e+01,2.090006e+01,2.085134e+01,2.085830e+01,2.083045e+01,2.085830e+01,2.080955e+01,2.083741e+01,2.086526e+01,2.087222e+01,2.080955e+01,2.080955e+01,2.086526e+01,2.080259e+01,2.074685e+01,2.090006e+01,2.076775e+01,2.086526e+01,2.071897e+01,2.076079e+01,2.074685e+01,2.076775e+01,2.083045e+01,2.076775e+01,2.078169e+01,2.078866e+01,2.064225e+01,2.080259e+01,2.081652e+01,2.091398e+01,2.087918e+01,2.079562e+01,2.084437e+01,2.082348e+01,2.085134e+01,2.078169e+01,2.080259e+01,2.078866e+01,2.073291e+01,2.090702e+01,2.083741e+01,2.083045e+01,2.072594e+01,2.076775e+01,2.079562e+01,2.071897e+01,2.072594e+01,2.077472e+01,2.067713e+01,2.072594e+01,2.071897e+01,2.064225e+01,2.067713e+01,2.059340e+01,2.061434e+01,2.068410e+01,2.061434e+01,2.064923e+01,2.065621e+01,2.062132e+01,2.060039e+01,2.064923e+01,2.061434e+01,2.060039e+01,2.062830e+01,2.067713e+01,2.074685e+01,2.072594e+01,2.078169e+01,2.075382e+01,2.065621e+01,2.071897e+01,2.073988e+01,2.076775e+01,2.076775e+01,2.070502e+01,2.072594e+01,2.075382e+01,2.069108e+01,2.071897e+01,2.078169e+01,2.093485e+01,2.089310e+01,2.083045e+01,2.078169e+01,2.076775e+01,2.079562e+01,2.076775e+01,2.082348e+01,2.079562e+01,2.075382e+01,2.078169e+01,2.076079e+01,2.064923e+01,2.075382e+01,2.080259e+01,2.081652e+01,2.076775e+01,2.080955e+01,2.073988e+01,2.078866e+01,2.082348e+01,2.084437e+01,2.076079e+01,2.071200e+01,2.073988e+01,2.078169e+01,2.076079e+01,2.070502e+01,2.070502e+01,2.081652e+01,2.074685e+01,2.078169e+01,2.080259e+01,2.078169e+01,2.080955e+01,2.082348e+01,2.082348e+01,2.084437e+01,2.080955e+01,2.078169e+01,2.082348e+01,2.079562e+01,2.080259e+01,2.085830e+01,2.085134e+01,2.078866e+01,2.078866e+01,2.078866e+01,2.078169e+01,2.078866e+01,2.075382e+01,2.076079e+01,2.081652e+01,2.075382e+01,2.073988e+01,2.070502e+01,2.072594e+01,2.076079e+01,2.073291e+01,2.078866e+01,2.077472e+01,2.083741e+01,2.085134e+01,2.084437e+01,2.079562e+01,2.078169e+01,2.099048e+01,2.077472e+01,2.078866e+01,2.076079e+01,2.074685e+01,2.076079e+01,2.069805e+01,2.072594e+01,2.075382e+01,2.082348e+01,2.083045e+01,2.079562e+01,2.076079e+01,2.074685e+01,2.084437e+01,2.079562e+01,2.083741e+01,2.076079e+01,2.071897e+01,2.087222e+01,2.073988e+01,2.067016e+01,2.068410e+01,2.053755e+01,2.054453e+01,2.055850e+01,2.050262e+01,2.053057e+01,2.050262e+01,2.050262e+01,2.046769e+01,2.049564e+01,2.049564e+01,2.060039e+01,2.062830e+01,2.059340e+01,2.072594e+01,2.064923e+01,2.062830e+01,2.060736e+01,2.069805e+01,2.063528e+01,2.067016e+01,2.068410e+01,2.070502e+01,2.074685e+01,2.057944e+01,2.076079e+01,2.067016e+01,2.072594e+01,2.069805e+01,2.067016e+01,2.065621e+01,2.071200e+01,2.065621e+01,2.074685e+01,2.067016e+01,2.065621e+01,2.073988e+01,2.076775e+01,2.081652e+01,2.073291e+01,2.080955e+01,2.085134e+01,2.077472e+01,2.075382e+01,2.080955e+01,2.087222e+01,2.086526e+01,2.076079e+01,2.093485e+01,2.087222e+01,2.074685e+01,2.077472e+01,2.076079e+01,2.066318e+01,2.070502e+01,2.075382e+01,2.080259e+01,2.076775e+01,2.078169e+01,2.076775e+01,2.078866e+01,2.071897e+01,2.073291e+01,2.071897e+01,2.072594e+01,2.071200e+01,2.076079e+01,2.073291e+01,2.078169e+01,2.074685e+01,2.083741e+01,2.079562e+01,2.077472e+01,2.078866e+01,2.079562e+01,2.076775e+01,2.076775e+01,2.074685e+01,2.072594e+01,2.069108e+01,2.076079e+01,2.074685e+01,2.071897e+01,2.078866e+01,2.071200e+01,2.078866e+01,2.078866e+01,2.078866e+01,2.078169e+01,2.078866e+01,2.078169e+01,2.080955e+01,2.078866e+01,2.067016e+01,2.082348e+01,2.071200e+01,2.067016e+01,2.080955e+01,2.081652e+01,2.071200e+01,2.073291e+01,2.082348e+01,2.080955e+01,2.077472e+01,2.069108e+01,2.075382e+01,2.072594e+01,2.066318e+01,2.074685e+01,2.076775e+01,2.085830e+01,2.079562e+01,2.071200e+01,2.071200e+01,2.078169e+01,2.072594e+01,2.071200e+01,2.078169e+01,2.073291e+01,2.078866e+01,2.085134e+01,2.081652e+01,2.081652e+01,2.080259e+01,2.083741e+01,2.083045e+01,2.071200e+01,2.075382e+01,2.069805e+01,2.075382e+01,2.080955e+01,2.080955e+01,2.077472e+01,2.072594e+01,2.094180e+01,2.078866e+01,2.083741e+01,2.083045e+01,2.074685e+01,2.076079e+01,2.074685e+01,2.071200e+01,2.075382e+01,2.076775e+01,2.073988e+01,2.078169e+01,2.077472e+01,2.077472e+01,2.076775e+01,2.076775e+01,2.080955e+01,2.082348e+01,2.074685e+01,2.079562e+01,2.073988e+01,2.069805e+01,2.062830e+01,2.063528e+01,2.076775e+01,2.071897e+01,2.083741e+01,2.073291e+01,2.073988e+01,2.076079e+01,2.064225e+01,2.085830e+01,2.083741e+01,2.073291e+01,2.068410e+01,2.070502e+01,2.084437e+01,2.081652e+01,2.082348e+01,2.081652e+01,2.076079e+01,2.089310e+01,2.076775e+01,2.091398e+01,2.090006e+01,2.080259e+01,2.079562e+01,2.076775e+01,2.089310e+01,2.084437e+01,2.073988e+01,2.093485e+01,2.078169e+01,2.090006e+01,2.074685e+01,2.085830e+01,2.081652e+01,2.080259e+01,2.076079e+01,2.081652e+01,2.082348e+01,2.083741e+01,2.073988e+01,2.088614e+01,2.076775e+01,2.085134e+01,2.079562e+01,2.092093e+01,2.077472e+01,2.090006e+01,2.086526e+01,2.072594e+01,2.084437e+01,2.076775e+01,2.078866e+01,2.078169e+01,2.076079e+01,2.070502e+01,2.085134e+01,2.077472e+01,2.074685e+01,2.080259e+01,2.074685e+01,2.080259e+01,2.081652e+01,2.069108e+01,2.076775e+01,2.071200e+01,2.073988e+01,2.076079e+01,2.076079e+01,2.074685e+01,2.071897e+01,2.076775e+01,2.080955e+01,2.083045e+01,2.073291e+01,2.083045e+01,2.073291e+01,2.069805e+01,2.079562e+01,2.069805e+01,2.073291e+01,2.069108e+01,2.089310e+01,2.070502e+01,2.082348e+01,2.068410e+01,2.064225e+01,2.076775e+01,2.078866e+01,2.078866e+01,2.078866e+01,2.079562e+01,2.081652e+01,2.076775e+01,2.071200e+01,2.072594e+01,2.086526e+01,2.081652e+01,2.082348e+01,2.069805e+01,2.064225e+01,2.074685e+01,2.076079e+01,2.080955e+01,2.067016e+01,2.078866e+01,2.078866e+01,2.073988e+01,2.075382e+01,2.073988e+01,2.079562e+01,2.073988e+01,2.072594e+01,2.073988e+01,2.078169e+01,2.082348e+01,2.082348e+01,2.077472e+01,2.084437e+01,2.090702e+01,2.083045e+01,2.081652e+01,2.080259e+01,2.076775e+01,2.082348e+01,2.088614e+01,2.098353e+01,2.082348e+01,2.080259e+01,2.083741e+01,2.087222e+01,2.088614e+01,2.073988e+01,2.076775e+01,2.076079e+01,2.077472e+01,2.081652e+01,2.085134e+01,2.082348e+01
2.082348e+01,2.079562e+01,2.080955e+01,2.080259e+01,2.078866e+01,2.069805e+01,2.063528e+01,2.070502e+01,2.085830e+01,2.080259e+01,2.080955e+01,2.084437e+01,2.087918e+01,2.080955e+01,2.081652e+01,2.081652e+01,2.084437e+01,2.084437e+01,2.081652e+01,2.073988e+01,2.077472e+01,2.086526e+01,2.086526e+01,2.080955e+01,2.087918e+01,2.081652e+01,2.084437e+01,2.075382e+01,2.072594e+01,2.072594e+01,2.080259e+01,2.078866e+01,2.078169e+01,2.075382e+01,2.073291e+01,2.067016e+01,2.050262e+01,2.048865e+01,2.055152e+01,2.048166e+01,2.065621e+01,2.053755e+01,2.045371e+01,2.039778e+01,2.034881e+01,2.045371e+01,2.046070e+01,2.027181e+01,2.034881e+01,2.022979e+01,2.020177e+01,2.023680e+01,2.025781e+01,2.021578e+01,2.023680e+01,2.022979e+01,2.019476e+01,2.015270e+01,2.014569e+01,2.021578e+01,2.027881e+01,2.029982e+01,2.047468e+01,2.040477e+01,2.057246e+01,2.055152e+01,2.054453e+01,2.041176e+01,2.045371e+01,2.046070e+01,2.041875e+01,2.043973e+01,2.037679e+01,2.035581e+01,2.028582e+01,2.020177e+01,2.025781e+01,2.015971e+01,2.018775e+01,2.022278e+01,2.018775e+01,2.014569e+01,2.026481e+01,2.012466e+01,2.026481e+01,2.027181e+01,2.030682e+01,2.029282e+01,2.046070e+01,2.040477e+01,2.039778e+01,2.053755e+01,2.062132e+01,2.060736e+01,2.068410e+01,2.062132e+01,2.073291e+01,2.069108e+01,2.060039e+01,2.060039e+01,2.060039e+01,2.053755e+01,2.062132e+01,2.056548e+01,2.060039e+01,2.061434e+01,2.062132e+01,2.060736e+01,2.068410e+01,2.065621e+01,2.080955e+01,2.070502e+01,2.064225e+01,2.069108e+01,2.070502e+01,2.078169e+01,2.070502e+01,2.075382e+01,2.074685e+01,2.067713e+01,2.070502e+01,2.074685e+01,2.062830e+01,2.076079e+01,2.060039e+01,2.076079e+01,2.060039e+01,2.058643e+01,2.065621e+01,2.063528e+01,2.064923e+01,2.064923e+01,2.068410e+01,2.073291e+01,2.069805e+01,2.066318e+01,2.065621e+01,2.070502e+01,2.082348e+01,2.078169e+01,2.071200e+01,2.079562e+01,2.071897e+01,2.065621e+01,2.064225e+01,2.069108e+01,2.073291e+01,2.073988e+01,2.073291e+01,2.070502e+01,2.073988e+01,2.071897e+01,2.072594e+01,2.074685e+01,2.076079e+01,2.069108e+01,2.069108e+01,2.080259e+01,2.071200e+01,2.077472e+01,2.071897e+01,2.067713e+01,2.069805e+01,2.070502e+01,2.064923e+01,2.088614e+01,2.075382e+01,2.076079e+01,2.076079e+01,2.081652e+01,2.076079e+01,2.077472e+01,2.076079e+01,2.082348e+01,2.078866e+01,2.079562e+01,2.079562e+01,2.081652e+01,2.078866e+01,2.080259e+01,2.076775e+01,2.080259e+01,2.076079e+01,2.086526e+01,2.089310e+01,2.087222e+01,2.085134e+01,2.087918e+01,2.081652e+01,2.076775e+01,2.076775e+01,2.072594e+01,2.087918e+01,2.072594e+01,2.078866e+01,2.076775e+01,2.076775e+01,2.080955e+01,2.085134e+01,2.086526e+01,2.078169e+01,2.088614e+01,2.080259e+01,2.076079e+01,2.079562e+01,2.089310e+01,2.076079e+01,2.076079e+01,2.078866e+01,2.074685e+01,2.082348e+01,2.076775e+01,2.076079e+01,2.075382e+01,2.079562e+01,2.083045e+01,2.083045e+01,2.073988e+01,2.069805e+01,2.086526e+01,2.071897e+01,2.083741e+01,2.083045e+01,2.075382e+01,2.071897e+01,2.075382e+01,2.072594e+01,2.077472e+01,2.073291e+01,2.064923e+01,2.060039e+01,2.069805e+01,2.060039e+01,2.066318e+01,2.059340e+01,2.059340e+01,2.057944e+01,2.068410e+01,2.060736e+01,2.060736e+01,2.057944e+01,2.073291e+01,2.064225e+01,2.068410e+01,2.076079e+01,2.065621e+01,2.067713e+01,2.074685e+01,2.065621e+01,2.078169e+01,2.074685e+01,2.066318e+01,2.074685e+01,2.070502e+01,2.071200e+01,2.078866e+01,2.070502e+01,2.069805e+01,2.077472e+01,2.080259e+01,2.074685e+01,2.078866e+01,2.080259e+01,2.082348e+01,2.080259e+01,2.077472e+01,2.074685e+01,2.073291e+01,2.076775e+01,2.072594e+01,2.074685e+01,2.073988e+01,2.076079e+01,2.080955e+01,2.085134e+01,2.078169e+01,2.085134e+01,2.074685e+01,2.069108e+01,2.078169e+01,2.074685e+01,2.074685e+01,2.076079e+01,2.070502e+01,2.071897e+01,2.069108e+01,2.084437e+01,2.062830e+01,2.080259e+01,2.079562e+01,2.078866e+01,2.076775e+01,2.078169e+01,2.086526e+01,2.074685e+01,2.078866e+01,2.076079e+01,2.080955e+01,2.074685e+01,2.076775e+01,2.082348e+01,2.083045e+01,2.080259e+01,2.082348e+01,2.076775e+01,2.078169e+01,2.078169e+01,2.076079e+01,2.073988e+01,2.073291e+01,2.073291e+01,2.049564e+01,2.072594e+01,2.072594e+01,2.073291e+01,2.078866e+01,2.075382e+01,2.074685e+01,2.078866e+01,2.082348e+01,2.074685e+01,2.072594e+01,2.071897e+01,2.073988e+01,2.080259e+01,2.074685e+01,2.082348e+01,2.076079e+01,2.078169e+01,2.076775e+01,2.073988e+01,2.075382e+01,2.075382e+01,2.072594e+01,2.074685e+01,2.080259e+01,2.085830e+01,2.077472e+01,2.072594e+01,2.077472e+01,2.083741e+01,2.073291e+01,2.078866e+01,2.069805e+01,2.073988e+01,2.075382e+01,2.053755e+01,2.059340e+01,2.066318e+01,2.046070e+01,2.053057e+01,2.046769e+01,2.049564e+01,2.046070e+01,2.051660e+01,2.048865e+01,2.062830e+01,2.055850e+01,2.057944e+01,2.058643e+01,2.061434e+01,2.061434e+01,2.060736e+01,2.060736e+01,2.061434e+01,2.060736e+01,2.064923e+01,2.067016e+01,2.059340e+01,2.065621e+01,2.065621e+01,2.062830e+01,2.064923e+01,2.064225e+01,2.073291e+01,2.076079e+01,2.071897e+01,2.072594e+01,2.070502e+01,2.066318e+01,2.071897e+01,2.065621e+01,2.073988e+01,2.071897e+01,2.076079e+01,2.082348e+01,2.080259e+01,2.087222e+01,2.085134e+01,2.075382e+01,2.073988e+01,2.073988e+01,2.091398e+01,2.074685e+01,2.076775e+01,2.078866e+01,2.075382e+01,2.076775e+01,2.076775e+01,2.068410e+01,2.076775e+01,2.078169e+01,2.075382e+01,2.078169e+01,2.052358e+01,2.079562e+01,2.074685e+01,2.072594e+01,2.084437e+01,2.071897e+01,2.073988e+01,2.083741e+01,2.076775e+01,2.068410e+01,2.076775e+01,2.078866e+01,2.075382e+01,2.082348e+01,2.076079e+01,2.077472e+01,2.076079e+01,2.087918e+01,2.067713e+01,2.070502e+01,2.074685e+01,2.080259e+01,2.079562e+01,2.063528e+01,2.081652e+01,2.080955e+01,2.071200e+01,2.078866e+01,2.075382e+01,2.077472e+01,2.079562e+01,2.081652e+01,2.080259e+01,2.083045e+01,2.079562e+01,2.065621e+01,2.070502e+01,2.078866e+01,2.075382e+01,2.073988e+01,2.068410e+01,2.069108e+01,2.078169e+01,2.078866e+01,2.076079e+01,2.073291e+01,2.075382e+01,2.073291e+01,2.073291e+01,2.071200e+01,2.078866e+01,2.074685e+01,2.069108e+01,2.081652e+01,2.073291e+01,2.070502e+01,2.070502e+01,2.077472e+01,2.081652e+01,2.073291e+01,2.075382e+01,2.084437e+01,2.080259e+01,2.080955e+01,2.083045e+01,2.073291e+01,2.083045e+01,2.080259e+01,2.073291e+01,2.073988e+01,2.087918e+01,2.063528e+01,2.078866e+01,2.082348e+01,2.082348e+01,2.067713e+01,2.075382e+01,2.078169e+01,2.070502e+01,2.075382e+01,2.074685e+01,2.068410e+01,2.073291e+01,2.073291e+01,2.076775e+01,2.073291e+01,2.076079e+01,2.071897e+01,2.076079e+01,2.073291e+01,2.075382e+01,2.080259e+01,2.078169e+01,2.076775e+01,2.076775e+01,2.073988e+01,2.083741e+01,2.079562e+01,2.061434e+01,2.083741e+01,2.067016e+01,2.077472e+01,2.076079e+01,2.076775e+01,2.084437e+01,2.076079e+01,2.075382e+01,2.075382e+01,2.077472e+01,2.064923e+01,2.083741e+01,2.074685e+01,2.076775e+01,2.080955e+01,2.076775e+01,2.087222e+01,2.080955e+01,2.089310e+01,2.094180e+01,2.087222e+01,2.074685e+01,2.073988e+01,2.075382e+01,2.070502e+01,2.070502e+01,2.083045e+01,2.078169e+01,2.080259e+01,2.078169e+01,2.077472e+01,2.076079e+01,2.077472e+01,2.081652e+01,2.081652e+01,2.084437e+01,2.072594e+01,2.078169e+01,2.082348e+01,2.083741e+01,2.073988e+01,2.074685e+01,2.078169e+01,2.064225e+01,2.073291e+01,2.080955e+01,2.083741e+01,2.083741e+01,2.088614e+01,2.073988e+01,2.073988e+01,2.074685e+01,2.073988e+01,2.081652e+01,2.090006e+01,2.075382e+01,2.078866e+01,2.084437e+01,2.074685e+01,2.072594e+01,2.071200e+01,2.074685e+01,2.077472e+01,2.069805e+01,2.076775e+01,2.072594e+01,2.077472e+01,2.071897e+01,2.078169e+01,2.074685e+01,2.072594e+01,2.073988e+01,2.078866e+01,2.067016e+01,2.068410e+01,2.067713e+01,2.073291e+01,2.084437e+01,2.076079e+01,2.065621e+01,2.076079e+01,2.085134e+01,2.077472e+01,2.070502e+01,2.064923e+01,2.073291e+01,2.064225e+01,2.080259e+01,2.071200e+01,2.076079e+01,2.077472e+01,2.073988e+01,2.078866e+01,2.072594e+01,2.081652e+01,2.067016e+01,2.074685e+01,2.073988e+01,2.076775e+01,2.071200e+01,2.076079e+01,2.078866e+01,2.070502e+01,2.079562e+01,2.076775e+01,2.090006e+01,2.078169e+01,2.086526e+01,2.073988e+01,2.069108e+01,2.064923e+01,2.072594e+01,2.077472e+01,2.079562e+01,2.069805e+01,2.078866e+01,2.073988e+01,2.075382e+01,2.078169e+01,2.082348e+01,2.081652e+01,2.080259e+01,2.078866e+01,2.087918e+01,2.073291e+01,2.087222e+01,2.083741e+01,2.078169e+01,2.080955e+01,2.081652e+01,2.078169e+01,2.075382e+01,2.078866e+01,2.075382e+01,2.077472e+01,2.081652e+01,2.086526e+01
2.080259e+01,2.081652e+01,2.087222e+01,2.079562e+01,2.085830e+01,2.077472e+01,2.077472e+01,2.074685e+01,2.078866e+01,2.085830e+01,2.077472e+01,2.081652e+01,2.078866e+01,2.080259e+01,2.085830e+01,2.080955e+01,2.076079e+01,2.078866e+01,2.081652e+01,2.086526e+01,2.085830e+01,2.089310e+01,2.078169e+01,2.071200e+01,2.064225e+01,2.066318e+01,2.071897e+01,2.076079e+01,2.063528e+01,2.079562e+01,2.078169e+01,2.067713e+01,2.076775e+01,2.078169e+01,2.056548e+01,2.062830e+01,2.045371e+01,2.050961e+01,2.053755e+01,2.048166e+01,2.052358e+01,2.049564e+01,2.041176e+01,2.045371e+01,2.043973e+01,2.038379e+01,2.043274e+01,2.028582e+01,2.038379e+01,2.030682e+01,2.021578e+01,2.025080e+01,2.023680e+01,2.025781e+01,2.030682e+01,2.020877e+01,2.018074e+01,2.025781e+01,2.016672e+01,2.016672e+01,2.018775e+01,2.035581e+01,2.045371e+01,2.038379e+01,2.040477e+01,2.034881e+01,2.055850e+01,2.051660e+01,2.045371e+01,2.055152e+01,2.045371e+01,2.046769e+01,2.034881e+01,2.021578e+01,2.032082e+01,2.018775e+01,2.022979e+01,2.004749e+01,2.015971e+01,2.011063e+01,2.004749e+01,2.011764e+01,2.022979e+01,2.021578e+01,2.034181e+01,2.026481e+01,2.035581e+01,2.036280e+01,2.045371e+01,2.051660e+01,2.057944e+01,2.057944e+01,2.056548e+01,2.078169e+01,2.082348e+01,2.077472e+01,2.073988e+01,2.060736e+01,2.064923e+01,2.069805e+01,2.050961e+01,2.057246e+01,2.057246e+01,2.057246e+01,2.062132e+01,2.062132e+01,2.060736e+01,2.060736e+01,2.073988e+01,2.068410e+01,2.068410e+01,2.065621e+01,2.073291e+01,2.079562e+01,2.070502e+01,2.078169e+01,2.072594e+01,2.076079e+01,2.071897e+01,2.069805e+01,2.066318e+01,2.072594e+01,2.062830e+01,2.061434e+01,2.060039e+01,2.058643e+01,2.065621e+01,2.060736e+01,2.064923e+01,2.062830e+01,2.063528e+01,2.065621e+01,2.064923e+01,2.066318e+01,2.069108e+01,2.067713e+01,2.062830e+01,2.083741e+01,2.077472e+01,2.080955e+01,2.067713e+01,2.073988e+01,2.076079e+01,2.071897e+01,2.073291e+01,2.076775e+01,2.063528e+01,2.068410e+01,2.076775e+01,2.071897e+01,2.071897e+01,2.076079e+01,2.073988e+01,2.072594e+01,2.071200e+01,2.070502e+01,2.078169e+01,2.070502e+01,2.071200e+01,2.073988e+01,2.071200e+01,2.071200e+01,2.071200e+01,2.080955e+01,2.080955e+01,2.070502e+01,2.072594e+01,2.071897e+01,2.073988e+01,2.073291e+01,2.075382e+01,2.075382e+01,2.072594e+01,2.078866e+01,2.076079e+01,2.077472e+01,2.074685e+01,2.080955e+01,2.076775e+01,2.076775e+01,2.087222e+01,2.082348e+01,2.079562e+01,2.085830e+01,2.083045e+01,2.086526e+01,2.087918e+01,2.085134e+01,2.078169e+01,2.079562e+01,2.085134e+01,2.081652e+01,2.071897e+01,2.071897e+01,2.076079e+01,2.077472e+01,2.077472e+01,2.078169e+01,2.075382e+01,2.085830e+01,2.078866e+01,2.070502e+01,2.077472e+01,2.076079e+01,2.078866e+01,2.077472e+01,2.074685e+01,2.092789e+01,2.078169e+01,2.076775e+01,2.081652e+01,2.076775e+01,2.083741e+01,2.074685e+01,2.078866e+01,2.080955e+01,2.074685e+01,2.073988e+01,2.071200e+01,2.076079e+01,2.074685e+01,2.076079e+01,2.082348e+01,2.074685e+01,2.070502e+01,2.074685e+01,2.067016e+01,2.059340e+01,2.063528e+01,2.071200e+01,2.054453e+01,2.066318e+01,2.052358e+01,2.060039e+01,2.060039e+01,2.050961e+01,2.056548e+01,2.055850e+01,2.064923e+01,2.067016e+01,2.066318e+01,2.075382e+01,2.067016e+01,2.076775e+01,2.078169e+01,2.083045e+01,2.068410e+01,2.076079e+01,2.069108e+01,2.080259e+01,2.077472e+01,2.079562e+01,2.077472e+01,2.078169e+01,2.080259e+01,2.071200e+01,2.071897e+01,2.079562e+01,2.078866e+01,2.083741e+01,2.080259e+01,2.080259e+01,2.077472e+01,2.080955e+01,2.080259e+01,2.079562e+01,2.076775e+01,2.077472e+01,2.075382e+01,2.071897e+01,2.080259e+01,2.083741e+01,2.076079e+01,2.088614e+01,2.083741e+01,2.085134e+01,2.076079e+01,2.076775e+01,2.078169e+01,2.078866e+01,2.077472e+01,2.072594e+01,2.072594e+01,2.083741e+01,2.077472e+01,2.068410e+01,2.079562e+01,2.081652e+01,2.079562e+01,2.079562e+01,2.081652e+01,2.080259e+01,2.090006e+01,2.082348e+01,2.076775e+01,2.078866e+01,2.080259e+01,2.084437e+01,2.078866e+01,2.080955e+01,2.078866e+01,2.083741e+01,2.081652e+01,2.078866e+01,2.080955e+01,2.071897e+01,2.074685e+01,2.076775e+01,2.075382e+01,2.072594e+01,2.072594e+01,2.078866e+01,2.073291e+01,2.078866e+01,2.072594e+01,2.071897e+01,2.080259e+01,2.076775e+01,2.083045e+01,2.083045e+01,2.074685e+01,2.071200e+01,2.072594e+01,2.087222e+01,2.083045e+01,2.078169e+01,2.077472e+01,2.078866e+01,2.085134e+01,2.077472e+01,2.076775e+01,2.082348e+01,2.087918e+01,2.087918e+01,2.076079e+01,2.078866e+01,2.087222e+01,2.087918e+01,2.070502e+01,2.071897e+01,2.084437e+01,2.074685e+01,2.070502e+01,2.073291e+01,2.080955e+01,2.069108e+01,2.071897e+01,2.057944e+01,2.050961e+01,2.058643e+01,2.055152e+01,2.047468e+01,2.055850e+01,2.048166e+01,2.048865e+01,2.060039e+01,2.060039e+01,2.055152e+01,2.060039e+01,2.064225e+01,2.073988e+01,2.060736e+01,2.058643e+01,2.066318e+01,2.065621e+01,2.060736e+01,2.059340e+01,2.057246e+01,2.060736e+01,2.059340e+01,2.064923e+01,2.060039e+01,2.060039e+01,2.067016e+01,2.062830e+01,2.064225e+01,2.073988e+01,2.069805e+01,2.060736e+01,2.075382e+01,2.080259e+01,2.074685e+01,2.071200e+01,2.071897e+01,2.078169e+01,2.081652e+01,2.068410e+01,2.076775e+01,2.075382e+01,2.076079e+01,2.078169e+01,2.073988e+01,2.088614e+01,2.079562e+01,2.078169e+01,2.078169e+01,2.077472e+01,2.076775e+01,2.076775e+01,2.076775e+01,2.072594e+01,2.077472e+01,2.069805e+01,2.077472e+01,2.073988e+01,2.072594e+01,2.077472e+01,2.078866e+01,2.071897e+01,2.085830e+01,2.069805e+01,2.086526e+01,2.075382e+01,2.078866e+01,2.078169e+01,2.079562e+01,2.084437e+01,2.081652e+01,2.076775e+01,2.077472e+01,2.076775e+01,2.069805e+01,2.079562e+01,2.078169e+01,2.073988e+01,2.073291e+01,2.069805e+01,2.080259e+01,2.070502e+01,2.078169e+01,2.075382e+01,2.073988e+01,2.074685e+01,2.074685e+01,2.076079e+01,2.075382e+01,2.081652e+01,2.083045e+01,2.066318e+01,2.080955e+01,2.080259e+01,2.069805e+01,2.077472e+01,2.069108e+01,2.071200e+01,2.071200e+01,2.082348e+01,2.071200e+01,2.071200e+01,2.074685e+01,2.071200e+01,2.070502e+01,2.070502e+01,2.093485e+01,2.071897e+01,2.067016e+01,2.073291e+01,2.073988e+01,2.081652e+01,2.069805e+01,2.084437e+01,2.080259e+01,2.083045e+01,2.080955e+01,2.078169e+01,2.085830e+01,2.080955e+01,2.080259e+01,2.081652e+01,2.072594e+01,2.073291e+01,2.068410e+01,2.069108e+01,2.073291e+01,2.083741e+01,2.079562e+01,2.079562e+01,2.087222e+01,2.078866e+01,2.092789e+01,2.068410e+01,2.083741e+01,2.069805e+01,2.075382e+01,2.076079e+01,2.078866e+01,2.071200e+01,2.077472e+01,2.069805e+01,2.064225e+01,2.078866e+01,2.073988e+01,2.074685e+01,2.075382e+01,2.075382e+01,2.079562e+01,2.076079e+01,2.073291e+01,2.082348e+01,2.072594e+01,2.071897e+01,2.071897e+01,2.069108e+01,2.081652e+01,2.086526e+01,2.077472e+01,2.075382e+01,2.076775e+01,2.077472e+01,2.077472e+01,2.074685e+01,2.094180e+01,2.074685e+01,2.071897e+01,2.077472e+01,2.076775e+01,2.083741e+01,2.071200e+01,2.081652e+01,2.083045e+01,2.071897e+01,2.089310e+01,2.083045e+01,2.071200e+01,2.082348e+01,2.069805e+01,2.075382e+01,2.082348e+01,2.074685e+01,2.076079e+01,2.081652e+01,2.086526e+01,2.085134e+01,2.075382e+01,2.082348e+01,2.079562e+01,2.078169e+01,2.074685e+01,2.080259e+01,2.084437e+01,2.075382e+01,2.083045e+01,2.078169e+01,2.081652e+01,2.085134e+01,2.078866e+01,2.079562e+01,2.083045e+01,2.082348e+01,2.087222e+01,2.073988e+01,2.069108e+01,2.072594e+01,2.076775e+01,2.078169e+01,2.083741e+01,2.077472e+01,2.075382e+01,2.069805e+01,2.073291e+01,2.075382e+01,2.072594e+01,2.071897e+01,2.076775e+01,2.077472e+01,2.071897e+01,2.071897e+01,2.076079e+01,2.067713e+01,2.079562e+01,2.078169e+01,2.074685e+01,2.073988e+01,2.072594e+01,2.076079e+01,2.073291e+01,2.076079e+01,2.081652e+01,2.069805e+01,2.072594e+01,2.087918e+01,2.073988e+01,2.076079e+01,2.085134e+01,2.071897e+01,2.087918e+01,2.068410e+01,2.073291e+01,2.074685e+01,2.079562e+01,2.076079e+01,2.076775e+01,2.078169e+01,2.076775e+01,2.073988e+01,2.088614e+01,2.083045e+01,2.076079e+01,2.068410e+01,2.069805e+01,2.073988e+01,2.073988e+01,2.061434e+01,2.083045e+01,2.083741e+01,2.089310e+01,2.073291e+01,2.071897e+01,2.077472e+01,2.101134e+01,2.076079e+01,2.078169e+01,2.078169e+01,2.114333e+01,2.077472e+01,2.077472e+01,2.073988e+01,2.080955e+01,2.080955e+01,2.077472e+01,2.078169e+01,2.087222e+01,2.080955e+01,2.073291e+01,2.082348e+01,2.083045e+01,2.082348e+01,2.062132e+01,2.080259e+01,2.083741e+01,2.081652e+01,2.080259e+01,2.083045e+01,2.082348e+01,2.091398e+01,2.090702e+01,2.080955e+01,2.072594e+01,2.074685e+01,2.087918e+01
2.076775e+01,2.076775e+01,2.090006e+01,2.079562e+01,2.073291e+01,2.081652e+01,2.076079e+01,2.083741e+01,2.085134e+01,2.079562e+01,2.073291e+01,2.087222e+01,2.083741e+01,2.077472e+01,2.076775e+01,2.080955e+01,2.078866e+01,2.076775e+01,2.085830e+01,2.082348e+01,2.077472e+01,2.085134e+01,2.081652e+01,2.083045e+01,2.094876e+01,2.076079e+01,2.072594e+01,2.074685e+01,2.082348e+01,2.070502e+01,2.071897e+01,2.076079e+01,2.075382e+01,2.078866e+01,2.074685e+01,2.059340e+01,2.060736e+01,2.053057e+01,2.050961e+01,2.049564e+01,2.048166e+01,2.055850e+01,2.048166e+01,2.047468e+01,2.031382e+01,2.025781e+01,2.039078e+01,2.022278e+01,2.025781e+01,2.025781e+01,2.041176e+01,2.027881e+01,2.036980e+01,2.023680e+01,2.027181e+01,2.017373e+01,2.020877e+01,2.016672e+01,2.015270e+01,2.010362e+01,2.022979e+01,2.023680e+01,2.039078e+01,2.036980e+01,2.041875e+01,2.058643e+01,2.042575e+01,2.042575e+01,2.036280e+01,2.043274e+01,2.041875e+01,2.039778e+01,2.025080e+01,2.014569e+01,2.008959e+01,2.005451e+01,1.995621e+01,2.009660e+01,2.013167e+01,2.013167e+01,2.015270e+01,2.017373e+01,2.020177e+01,2.024380e+01,2.030682e+01,2.029982e+01,2.039078e+01,2.035581e+01,2.042575e+01,2.041176e+01,2.050262e+01,2.061434e+01,2.060039e+01,2.065621e+01,2.066318e+01,2.064923e+01,2.062830e+01,2.061434e+01,2.057944e+01,2.067016e+01,2.050961e+01,2.057246e+01,2.055850e+01,2.066318e+01,2.060736e+01,2.046769e+01,2.060736e+01,2.054453e+01,2.076079e+01,2.081652e+01,2.068410e+01,2.076079e+01,2.070502e+01,2.072594e+01,2.069805e+01,2.069805e+01,2.085134e+01,2.069805e+01,2.076775e+01,2.073988e+01,2.081652e+01,2.063528e+01,2.062830e+01,2.061434e+01,2.071897e+01,2.072594e+01,2.067016e+01,2.062830e+01,2.067713e+01,2.061434e+01,2.067016e+01,2.067016e+01,2.067016e+01,2.062830e+01,2.076079e+01,2.067016e+01,2.071897e+01,2.068410e+01,2.075382e+01,2.073291e+01,2.079562e+01,2.080955e+01,2.070502e+01,2.069805e+01,2.070502e+01,2.069108e+01,2.070502e+01,2.073291e+01,2.070502e+01,2.065621e+01,2.077472e+01,2.071897e+01,2.065621e+01,2.070502e+01,2.068410e+01,2.073291e+01,2.078169e+01,2.069805e+01,2.075382e+01,2.070502e+01,2.066318e+01,2.078866e+01,2.076775e+01,2.072594e+01,2.073988e+01,2.074685e+01,2.072594e+01,2.090006e+01,2.078866e+01,2.075382e+01,2.085134e+01,2.072594e+01,2.077472e+01,2.078169e+01,2.077472e+01,2.076079e+01,2.078169e+01,2.076079e+01,2.077472e+01,2.075382e+01,2.086526e+01,2.087222e+01,2.090702e+01,2.085134e+01,2.073291e+01,2.086526e+01,2.085134e+01,2.082348e+01,2.078169e+01,2.085830e+01,2.076079e+01,2.073988e+01,2.080259e+01,2.072594e+01,2.076079e+01,2.073988e+01,2.073988e+01,2.074685e+01,2.076079e+01,2.076775e+01,2.074685e+01,2.076775e+01,2.076079e+01,2.071897e+01,2.071200e+01,2.077472e+01,2.071200e+01,2.071897e+01,2.086526e+01,2.083741e+01,2.083045e+01,2.081652e+01,2.080955e+01,2.081652e+01,2.075382e+01,2.074685e+01,2.074685e+01,2.073291e+01,2.069108e+01,2.091398e+01,2.076079e+01,2.073291e+01,2.072594e+01,2.064225e+01,2.061434e+01,2.067016e+01,2.069805e+01,2.064225e+01,2.058643e+01,2.061434e+01,2.057944e+01,2.058643e+01,2.057246e+01,2.061434e+01,2.052358e+01,2.047468e+01,2.060736e+01,2.060039e+01,2.066318e+01,2.065621e+01,2.067713e+01,2.067713e+01,2.068410e+01,2.064923e+01,2.080955e+01,2.063528e+01,2.074685e+01,2.068410e+01,2.074685e+01,2.076079e+01,2.079562e+01,2.069805e+01,2.073291e+01,2.073988e+01,2.071200e+01,2.082348e+01,2.081652e+01,2.081652e+01,2.078866e+01,2.080955e+01,2.079562e+01,2.078866e+01,2.077472e+01,2.077472e+01,2.077472e+01,2.077472e+01,2.076079e+01,2.074685e+01,2.070502e+01,2.069108e+01,2.083045e+01,2.082348e+01,2.080259e+01,2.077472e+01,2.083045e+01,2.071897e+01,2.079562e+01,2.078866e+01,2.082348e+01,2.078866e+01,2.083045e+01,2.071200e+01,2.075382e+01,2.074685e+01,2.074685e+01,2.077472e+01,2.078169e+01,2.082348e+01,2.079562e+01,2.069108e+01,2.072594e+01,2.086526e+01,2.087222e+01,2.080259e+01,2.077472e+01,2.078866e+01,2.076775e+01,2.078866e+01,2.083045e+01,2.079562e+01,2.067713e+01,2.080955e+01,2.082348e+01,2.078866e+01,2.079562e+01,2.071200e+01,2.077472e+01,2.072594e+01,2.080955e+01,2.049564e+01,2.080955e+01,2.074685e+01,2.073988e+01,2.076775e+01,2.075382e+01,2.070502e+01,2.078866e+01,2.078169e+01,2.083741e+01,2.077472e+01,2.073988e+01,2.080259e+01,2.072594e+01,2.076775e+01,2.088614e+01,2.070502e+01,2.079562e+01,2.081652e+01,2.079562e+01,2.084437e+01,2.081652e+01,2.076775e+01,2.085134e+01,2.072594e+01,2.074685e+01,2.088614e+01,2.075382e+01,2.074685e+01,2.070502e+01,2.084437e+01,2.077472e+01,2.082348e+01,2.076775e+01,2.073988e+01,2.066318e+01,2.073988e+01,2.060039e+01,2.062830e+01,2.057246e+01,2.060039e+01,2.057944e+01,2.057944e+01,2.057944e+01,2.050961e+01,2.049564e+01,2.057246e+01,2.051660e+01,2.073291e+01,2.065621e+01,2.073291e+01,2.057944e+01,2.057246e+01,2.061434e+01,2.064225e+01,2.062830e+01,2.058643e+01,2.060039e+01,2.059340e+01,2.063528e+01,2.060039e+01,2.064923e+01,2.067016e+01,2.062132e+01,2.061434e+01,2.059340e+01,2.064225e+01,2.074685e+01,2.067713e+01,2.071200e+01,2.073291e+01,2.070502e+01,2.066318e+01,2.074685e+01,2.070502e+01,2.072594e+01,2.062830e+01,2.061434e+01,2.073988e+01,2.075382e+01,2.076775e+01,2.073988e+01,2.081652e+01,2.075382e+01,2.083741e+01,2.076775e+01,2.078169e+01,2.088614e+01,2.076079e+01,2.077472e+01,2.075382e+01,2.075382e+01,2.085134e+01,2.080259e+01,2.073988e+01,2.073988e+01,2.073291e+01,2.070502e+01,2.078169e+01,2.076079e+01,2.071200e+01,2.072594e+01,2.077472e+01,2.078169e+01,2.073291e+01,2.071200e+01,2.078169e+01,2.078866e+01,2.078169e+01,2.076079e+01,2.074685e+01,2.078866e+01,2.078169e+01,2.072594e+01,2.072594e+01,2.082348e+01,2.074685e+01,2.073291e+01,2.074685e+01,2.074685e+01,2.081652e+01,2.073988e+01,2.074685e+01,2.074685e+01,2.081652e+01,2.076775e+01,2.081652e+01,2.081652e+01,2.078866e+01,2.067713e+01,2.072594e+01,2.080955e+01,2.064923e+01,2.070502e+01,2.072594e+01,2.070502e+01,2.071200e+01,2.073988e+01,2.069805e+01,2.080259e+01,2.073988e+01,2.071897e+01,2.071200e+01,2.073291e+01,2.073988e+01,2.092093e+01,2.074685e+01,2.065621e+01,2.064923e+01,2.076079e+01,2.078866e+01,2.073291e+01,2.080955e+01,2.071897e+01,2.078866e+01,2.080259e+01,2.070502e+01,2.080955e+01,2.080955e+01,2.082348e+01,2.078866e+01,2.070502e+01,2.071200e+01,2.083045e+01,2.071897e+01,2.062830e+01,2.073291e+01,2.082348e+01,2.085134e+01,2.076079e+01,2.073291e+01,2.076775e+01,2.082348e+01,2.076079e+01,2.073291e+01,2.083045e+01,2.072594e+01,2.066318e+01,2.073988e+01,2.080955e+01,2.076079e+01,2.073988e+01,2.079562e+01,2.070502e+01,2.072594e+01,2.065621e+01,2.074685e+01,2.073291e+01,2.076775e+01,2.078866e+01,2.066318e+01,2.082348e+01,2.074685e+01,2.067713e+01,2.077472e+01,2.076079e+01,2.077472e+01,2.073291e+01,2.074685e+01,2.073291e+01,2.076079e+01,2.078169e+01,2.074685e+01,2.073988e+01,2.071897e+01,2.076775e+01,2.074685e+01,2.080955e+01,2.072594e+01,2.076775e+01,2.074685e+01,2.071200e+01,2.071897e+01,2.076775e+01,2.073988e+01,2.073988e+01,2.074685e+01,2.080259e+01,2.076079e+01,2.077472e+01,2.076775e+01,2.074685e+01,2.088614e+01,2.078866e+01,2.083045e+01,2.084437e+01,2.085830e+01,2.075382e+01,2.071200e+01,2.085134e+01,2.083045e+01,2.086526e+01,2.086526e+01,2.082348e+01,2.070502e+01,2.083045e+01,2.067713e+01,2.080259e+01,2.076775e+01,2.080259e+01,2.074685e+01,2.076079e+01,2.071897e+01,2.071897e+01,2.076079e+01,2.075382e+01,2.078866e+01,2.080955e+01,2.071200e+01,2.077472e+01,2.076775e+01,2.078169e+01,2.073291e+01,2.078866e+01,2.073291e+01,2.073988e+01,2.073291e+01,2.073291e+01,2.071897e+01,2.073988e+01,2.082348e+01,2.076775e+01,2.073988e+01,2.074685e+01,2.071897e+01,2.073291e+01,2.074685e+01,2.071200e+01,2.069805e+01,2.069805e+01,2.067016e+01,2.087918e+01,2.061434e+01,2.059340e+01,2.069108e+01,2.066318e+01,2.068410e+01,2.068410e+01,2.068410e+01,2.077472e+01,2.078169e+01,2.077472e+01,2.071897e+01,2.085134e+01,2.071897e+01,2.068410e+01,2.078169e+01,2.080955e+01,2.069108e+01,2.069108e+01,2.077472e+01,2.072594e+01,2.068410e+01,2.074685e+01,2.068410e+01,2.086526e+01,2.073988e+01,2.069805e+01,2.076079e+01,2.068410e+01,2.070502e+01,2.078866e+01,2.067016e+01,2.072594e+01,2.075382e+01,2.075382e+01,2.078866e+01,2.078169e+01,2.080955e+01,2.073291e+01,2.077472e+01,2.071897e+01,2.081652e+01,2.078169e+01,2.079562e+01,2.078866e+01,2.076079e+01,2.081652e+01,2.073988e+01,2.077472e+01,2.083741e+01,2.076079e+01,2.080955e+01,2.076079e+01,2.081652e+01,2.083045e+01,2.082348e+01,2.082348e+01,2.086526e+01,2.083741e+01,2.091398e+01
2.075382e+01,2.058643e+01,2.074685e+01,2.080955e+01,2.072594e+01,2.080955e+01,2.069108e+01,2.076775e+01,2.074685e+01,2.084437e+01,2.077472e+01,2.082348e+01,2.069108e+01,2.076079e+01,2.083045e+01,2.083045e+01,2.073291e+01,2.078866e+01,2.069108e+01,2.078169e+01,2.080259e+01,2.080259e+01,2.077472e+01,2.085134e+01,2.064225e+01,2.078866e+01,2.078866e+01,2.080955e+01,2.080259e+01,2.077472e+01,2.078169e+01,2.072594e+01,2.077472e+01,2.064923e+01,2.064225e+01,2.058643e+01,2.055152e+01,2.058643e+01,2.053755e+01,2.052358e+01,2.047468e+01,2.045371e+01,2.046769e+01,2.045371e+01,2.035581e+01,2.040477e+01,2.037679e+01,2.044672e+01,2.039778e+01,2.029282e+01,2.029282e+01,2.045371e+01,2.039778e+01,2.029982e+01,2.020877e+01,2.022979e+01,2.022979e+01,2.014569e+01,2.020177e+01,2.021578e+01,2.025781e+01,2.026481e+01,2.024380e+01,2.039078e+01,2.048166e+01,2.036280e+01,2.039778e+01,2.049564e+01,2.043973e+01,2.041875e+01,2.040477e+01,2.034181e+01,2.026481e+01,2.015971e+01,2.010362e+01,1.997728e+01,2.001239e+01,1.992811e+01,1.995621e+01,1.992811e+01,2.020177e+01,2.017373e+01,2.028582e+01,2.012466e+01,2.042575e+01,2.032782e+01,2.041875e+01,2.027181e+01,2.044672e+01,2.048865e+01,2.059340e+01,2.060736e+01,2.064225e+01,2.062132e+01,2.069805e+01,2.058643e+01,2.062830e+01,2.060039e+01,2.053057e+01,2.045371e+01,2.055152e+01,2.053057e+01,2.060736e+01,2.062132e+01,2.067016e+01,2.067016e+01,2.068410e+01,2.070502e+01,2.075382e+01,2.069108e+01,2.065621e+01,2.067713e+01,2.069108e+01,2.076079e+01,2.067713e+01,2.071200e+01,2.073988e+01,2.066318e+01,2.069108e+01,2.057944e+01,2.060736e+01,2.074685e+01,2.075382e+01,2.069108e+01,2.062132e+01,2.071897e+01,2.067713e+01,2.058643e+01,2.064923e+01,2.063528e+01,2.061434e+01,2.066318e+01,2.063528e+01,2.064923e+01,2.067016e+01,2.076775e+01,2.050262e+01,2.055152e+01,2.073988e+01,2.071200e+01,2.071200e+01,2.068410e+01,2.070502e+01,2.073291e+01,2.071897e+01,2.069805e+01,2.076775e+01,2.076775e+01,2.068410e+01,2.068410e+01,2.071200e+01,2.071897e+01,2.074685e+01,2.078866e+01,2.079562e+01,2.067016e+01,2.070502e+01,2.069108e+01,2.074685e+01,2.075382e+01,2.077472e+01,2.071200e+01,2.064923e+01,2.074685e+01,2.069805e+01,2.076775e+01,2.078866e+01,2.071200e+01,2.077472e+01,2.078169e+01,2.074685e+01,2.083045e+01,2.079562e+01,2.077472e+01,2.071200e+01,2.079562e+01,2.077472e+01,2.074685e+01,2.078169e+01,2.084437e+01,2.088614e+01,2.078169e+01,2.076079e+01,2.087918e+01,2.078866e+01,2.081652e+01,2.084437e+01,2.089310e+01,2.064923e+01,2.076775e+01,2.066318e+01,2.073291e+01,2.078866e+01,2.076775e+01,2.076775e+01,2.076775e+01,2.076775e+01,2.078866e+01,2.073291e+01,2.083045e+01,2.074685e+01,2.086526e+01,2.076775e+01,2.078866e+01,2.076775e+01,2.078866e+01,2.071897e+01,2.071200e+01,2.080259e+01,2.073988e+01,2.071897e+01,2.073291e+01,2.073988e+01,2.073291e+01,2.071897e+01,2.071897e+01,2.073988e+01,2.073988e+01,2.073291e+01,2.075382e+01,2.075382e+01,2.067713e+01,2.071897e+01,2.069805e+01,2.061434e+01,2.068410e+01,2.069108e+01,2.062830e+01,2.054453e+01,2.052358e+01,2.061434e+01,2.044672e+01,2.050961e+01,2.057246e+01,2.064225e+01,2.061434e+01,2.055850e+01,2.057944e+01,2.060736e+01,2.057246e+01,2.060736e+01,2.067016e+01,2.064923e+01,2.073291e+01,2.078169e+01,2.080955e+01,2.068410e+01,2.083045e+01,2.075382e+01,2.073291e+01,2.079562e+01,2.078169e+01,2.060039e+01,2.076079e+01,2.077472e+01,2.080955e+01,2.078169e+01,2.080955e+01,2.079562e+01,2.079562e+01,2.080955e+01,2.079562e+01,2.076079e+01,2.080955e+01,2.084437e+01,2.078866e+01,2.073291e+01,2.074685e+01,2.070502e+01,2.081652e+01,2.071897e+01,2.080955e+01,2.090006e+01,2.082348e+01,2.090006e+01,2.080259e+01,2.081652e+01,2.080955e+01,2.078169e+01,2.068410e+01,2.078169e+01,2.079562e+01,2.070502e+01,2.075382e+01,2.068410e+01,2.076775e+01,2.076079e+01,2.076775e+01,2.072594e+01,2.073988e+01,2.075382e+01,2.073988e+01,2.080259e+01,2.078169e+01,2.081652e+01,2.071200e+01,2.078169e+01,2.078866e+01,2.072594e+01,2.081652e+01,2.073988e+01,2.076079e+01,2.080259e+01,2.076079e+01,2.069108e+01,2.075382e+01,2.073291e+01,2.075382e+01,2.072594e+01,2.073988e+01,2.072594e+01,2.076775e+01,2.074685e+01,2.078169e+01,2.069805e+01,2.079562e+01,2.073291e+01,2.075382e+01,2.082348e+01,2.081652e+01,2.074685e+01,2.071897e+01,2.078169e+01,2.081652e+01,2.079562e+01,2.072594e+01,2.076775e+01,2.075382e+01,2.082348e+01,2.078169e+01,2.083045e+01,2.085134e+01,2.087222e+01,2.078866e+01,2.075382e+01,2.075382e+01,2.076079e+01,2.077472e+01,2.076775e+01,2.074685e+01,2.078169e+01,2.074685e+01,2.080259e+01,2.080955e+01,2.069805e+01,2.076079e+01,2.075382e+01,2.057944e+01,2.063528e+01,2.065621e+01,2.059340e+01,2.062132e+01,2.064923e+01,2.060039e+01,2.069108e+01,2.060039e+01,2.071897e+01,2.077472e+01,2.071897e+01,2.075382e+01,2.069108e+01,2.069805e+01,2.059340e+01,2.062132e+01,2.061434e+01,2.061434e+01,2.062132e+01,2.056548e+01,2.056548e+01,2.060039e+01,2.056548e+01,2.057246e+01,2.061434e+01,2.070502e+01,2.068410e+01,2.071200e+01,2.062132e+01,2.065621e+01,2.062132e+01,2.064225e+01,2.071200e+01,2.064225e+01,2.067713e+01,2.069805e+01,2.062830e+01,2.062132e+01,2.058643e+01,2.062132e+01,2.062132e+01,2.072594e+01,2.069108e+01,2.072594e+01,2.069805e+01,2.073291e+01,2.071897e+01,2.076079e+01,2.073291e+01,2.074685e+01,2.072594e+01,2.072594e+01,2.072594e+01,2.075382e+01,2.075382e+01,2.071897e+01,2.069805e+01,2.076079e+01,2.069805e+01,2.076079e+01,2.073291e+01,2.080259e+01,2.073988e+01,2.072594e+01,2.079562e+01,2.072594e+01,2.082348e+01,2.083741e+01,2.075382e+01,2.077472e+01,2.077472e+01,2.074685e+01,2.078169e+01,2.076079e+01,2.073988e+01,2.075382e+01,2.084437e+01,2.072594e+01,2.080955e+01,2.076775e+01,2.080259e+01,2.076079e+01,2.071897e+01,2.078169e+01,2.074685e+01,2.079562e+01,2.080955e+01,2.076775e+01,2.078866e+01,2.079562e+01,2.062132e+01,2.069805e+01,2.073291e+01,2.062830e+01,2.070502e+01,2.071200e+01,2.070502e+01,2.069805e+01,2.083045e+01,2.076079e+01,2.073988e+01,2.069108e+01,2.069805e+01,2.070502e+01,2.072594e+01,2.071897e+01,2.074685e+01,2.074685e+01,2.074685e+01,2.095572e+01,2.071897e+01,2.072594e+01,2.078169e+01,2.079562e+01,2.073988e+01,2.078169e+01,2.078169e+01,2.080259e+01,2.081652e+01,2.071200e+01,2.073988e+01,2.073988e+01,2.075382e+01,2.074685e+01,2.063528e+01,2.069805e+01,2.066318e+01,2.085134e+01,2.083045e+01,2.087222e+01,2.080259e+01,2.076775e+01,2.082348e+01,2.076775e+01,2.072594e+01,2.062132e+01,2.063528e+01,2.076079e+01,2.089310e+01,2.075382e+01,2.083045e+01,2.085830e+01,2.074685e+01,2.070502e+01,2.084437e+01,2.077472e+01,2.072594e+01,2.075382e+01,2.076079e+01,2.076079e+01,2.078866e+01,2.081652e+01,2.067016e+01,2.077472e+01,2.066318e+01,2.074685e+01,2.076079e+01,2.073291e+01,2.078866e+01,2.075382e+01,2.080955e+01,2.080955e+01,2.073988e+01,2.071897e+01,2.073291e+01,2.088614e+01,2.073291e+01,2.073291e+01,2.067016e+01,2.072594e+01,2.072594e+01,2.071200e+01,2.071897e+01,2.078169e+01,2.070502e+01,2.071200e+01,2.076079e+01,2.072594e+01,2.078866e+01,2.078169e+01,2.079562e+01,2.077472e+01,2.071200e+01,2.073291e+01,2.078169e+01,2.079562e+01,2.079562e+01,2.071200e+01,2.071200e+01,2.073291e+01,2.085134e+01,2.079562e+01,2.088614e+01,2.079562e+01,2.071897e+01,2.076775e+01,2.076079e+01,2.070502e+01,2.078169e+01,2.077472e+01,2.086526e+01,2.076079e+01,2.067016e+01,2.078866e+01,2.076775e+01,2.048865e+01,2.073291e+01,2.071897e+01,2.080955e+01,2.078866e+01,2.073988e+01,2.076079e+01,2.071200e+01,2.073988e+01,2.072594e+01,2.076079e+01,2.070502e+01,2.076775e+01,2.073988e+01,2.069108e+01,2.081652e+01,2.066318e+01,2.080259e+01,2.073291e+01,2.064225e+01,2.076079e+01,2.071897e+01,2.069108e+01,2.079562e+01,2.076775e+01,2.078169e+01,2.071897e+01,2.087918e+01,2.069108e+01,2.058643e+01,2.067016e+01,2.076079e+01,2.070502e+01,2.069805e+01,2.068410e+01,2.069805e+01,2.071200e+01,2.070502e+01,2.070502e+01,2.074685e+01,2.071897e+01,2.074685e+01,2.076775e+01,2.078169e+01,2.076079e+01,2.077472e+01,2.070502e+01,2.070502e+01,2.073988e+01,2.077472e+01,2.074685e+01,2.069108e+01,2.065621e+01,2.073988e+01,2.072594e+01,2.068410e+01,2.073291e+01,2.083741e+01,2.082348e+01,2.081652e+01,2.080955e+01,2.086526e+01,2.075382e+01,2.076775e+01,2.078169e+01,2.076079e+01,2.083741e+01,2.080955e+01,2.078169e+01,2.070502e+01,2.081652e+01,2.076079e+01,2.078866e+01,2.082348e+01,2.083741e+01,2.083741e+01,2.077472e+01,2.100439e+01,2.083045e+01,2.060736e+01,2.080259e+01,2.086526e+01,2.085830e+01,2.083045e+01,2.077472e+01,2.081652e+01,2.084437e+01
2.079562e+01,2.070502e+01,2.077472e+01,2.080259e+01,2.082348e+01,2.089310e+01,2.078866e+01,2.073988e+01,2.075382e+01,2.073988e+01,2.078169e+01,2.084437e+01,2.080955e+01,2.083741e+01,2.078866e+01,2.071200e+01,2.074685e+01,2.080259e+01,2.080259e+01,2.081652e+01,2.082348e+01,2.080955e+01,2.061434e+01,2.082348e+01,2.066318e+01,2.074685e+01,2.078866e+01,2.073988e+01,2.080955e+01,2.076775e+01,2.076079e+01,2.082348e+01,2.074685e+01,2.076775e+01,2.064225e+01,2.056548e+01,2.059340e+01,2.060039e+01,2.051660e+01,2.044672e+01,2.053057e+01,2.046769e+01,2.050961e+01,2.039778e+01,2.026481e+01,2.044672e+01,2.034881e+01,2.042575e+01,2.047468e+01,2.039778e+01,2.048166e+01,2.027181e+01,2.045371e+01,2.042575e+01,2.034181e+01,2.018775e+01,2.029982e+01,2.020177e+01,2.014569e+01,2.023680e+01,2.027181e+01,2.027181e+01,2.020877e+01,2.028582e+01,2.025080e+01,2.022979e+01,2.044672e+01,2.039778e+01,2.043274e+01,2.039778e+01,2.034181e+01,2.036280e+01,2.031382e+01,2.017373e+01,2.001239e+01,1.987189e+01,1.989297e+01,1.971006e+01,1.996324e+01,2.003345e+01,1.998431e+01,2.018775e+01,2.020877e+01,2.025781e+01,2.032782e+01,2.045371e+01,2.024380e+01,2.048166e+01,2.048166e+01,2.060736e+01,2.050961e+01,2.061434e+01,2.061434e+01,2.067016e+01,2.049564e+01,2.071897e+01,2.059340e+01,2.064923e+01,2.055152e+01,2.053057e+01,2.077472e+01,2.058643e+01,2.058643e+01,2.069108e+01,2.060039e+01,2.061434e+01,2.062132e+01,2.072594e+01,2.072594e+01,2.068410e+01,2.065621e+01,2.069805e+01,2.073988e+01,2.069108e+01,2.071897e+01,2.072594e+01,2.070502e+01,2.085134e+01,2.068410e+01,2.071897e+01,2.079562e+01,2.074685e+01,2.063528e+01,2.061434e+01,2.059340e+01,2.062132e+01,2.060039e+01,2.070502e+01,2.060039e+01,2.062132e+01,2.070502e+01,2.066318e+01,2.071897e+01,2.064225e+01,2.067713e+01,2.068410e+01,2.060736e+01,2.070502e+01,2.072594e+01,2.070502e+01,2.065621e+01,2.092093e+01,2.069805e+01,2.067016e+01,2.071897e+01,2.067713e+01,2.069108e+01,2.067713e+01,2.069805e+01,2.062132e+01,2.069805e+01,2.073291e+01,2.078169e+01,2.078866e+01,2.077472e+01,2.082348e+01,2.071200e+01,2.072594e+01,2.069108e+01,2.076775e+01,2.069108e+01,2.079562e+01,2.084437e+01,2.071897e+01,2.076079e+01,2.085830e+01,2.079562e+01,2.087222e+01,2.073988e+01,2.073988e+01,2.083045e+01,2.075382e+01,2.075382e+01,2.073988e+01,2.073291e+01,2.076079e+01,2.076079e+01,2.076079e+01,2.073291e+01,2.087918e+01,2.080259e+01,2.078866e+01,2.075382e+01,2.079562e+01,2.083045e+01,2.085830e+01,2.064225e+01,2.085134e+01,2.081652e+01,2.079562e+01,2.080955e+01,2.076079e+01,2.073291e+01,2.075382e+01,2.073291e+01,2.075382e+01,2.078169e+01,2.075382e+01,2.075382e+01,2.075382e+01,2.081652e+01,2.073291e+01,2.076079e+01,2.073291e+01,2.070502e+01,2.077472e+01,2.075382e+01,2.069805e+01,2.081652e+01,2.086526e+01,2.080259e+01,2.066318e+01,2.079562e+01,2.076079e+01,2.076775e+01,2.077472e+01,2.076775e+01,2.076775e+01,2.057246e+01,2.068410e+01,2.075382e+01,2.071200e+01,2.065621e+01,2.067016e+01,2.061434e+01,2.053057e+01,2.067016e+01,2.055152e+01,2.051660e+01,2.056548e+01,2.062830e+01,2.045371e+01,2.070502e+01,2.048865e+01,2.057944e+01,2.050262e+01,2.050262e+01,2.057944e+01,2.063528e+01,2.064225e+01,2.067713e+01,2.060039e+01,2.073988e+01,2.070502e+01,2.076775e+01,2.073291e+01,2.076079e+01,2.065621e+01,2.076775e+01,2.072594e+01,2.073988e+01,2.076775e+01,2.069108e+01,2.071200e+01,2.085134e+01,2.068410e+01,2.078866e+01,2.079562e+01,2.079562e+01,2.078866e+01,2.080259e+01,2.079562e+01,2.076775e+01,2.082348e+01,2.076079e+01,2.080259e+01,2.082348e+01,2.083741e+01,2.076775e+01,2.080259e+01,2.080955e+01,2.080955e+01,2.076079e+01,2.078866e+01,2.085134e+01,2.081652e+01,2.075382e+01,2.081652e+01,2.076775e+01,2.080955e+01,2.076775e+01,2.074685e+01,2.075382e+01,2.075382e+01,2.071897e+01,2.075382e+01,2.071200e+01,2.075382e+01,2.069805e+01,2.076079e+01,2.076079e+01,2.071200e+01,2.080955e+01,2.069108e+01,2.078169e+01,2.079562e+01,2.078866e+01,2.081652e+01,2.076775e+01,2.084437e+01,2.073988e+01,2.077472e+01,2.062830e+01,2.078169e+01,2.083741e+01,2.072594e+01,2.072594e+01,2.072594e+01,2.062830e+01,2.073988e+01,2.075382e+01,2.075382e+01,2.078169e+01,2.077472e+01,2.078866e+01,2.077472e+01,2.076775e+01,2.074685e+01,2.074685e+01,2.081652e+01,2.080259e+01,2.085134e+01,2.082348e+01,2.081652e+01,2.074685e+01,2.069108e+01,2.078866e+01,2.075382e+01,2.094876e+01,2.080955e+01,2.081652e+01,2.083741e+01,2.080259e+01,2.083045e+01,2.085830e+01,2.076079e+01,2.073988e+01,2.072594e+01,2.081652e+01,2.078866e+01,2.080955e+01,2.074685e+01,2.078866e+01,2.083045e+01,2.080259e+01,2.080259e+01,2.096962e+01,2.085830e+01,2.077472e+01,2.064923e+01,2.079562e+01,2.074685e+01,2.071897e+01,2.073291e+01,2.072594e+01,2.071200e+01,2.076079e+01,2.071200e+01,2.070502e+01,2.075382e+01,2.078169e+01,2.073988e+01,2.067713e+01,2.066318e+01,2.063528e+01,2.060736e+01,2.059340e+01,2.069108e+01,2.057246e+01,2.056548e+01,2.064225e+01,2.070502e+01,2.060039e+01,2.065621e+01,2.062830e+01,2.071897e+01,2.072594e+01,2.069108e+01,2.062830e+01,2.065621e+01,2.072594e+01,2.060736e+01,2.056548e+01,2.069108e+01,2.062132e+01,2.060736e+01,2.076079e+01,2.064923e+01,2.064225e+01,2.061434e+01,2.073988e+01,2.071897e+01,2.083045e+01,2.071200e+01,2.079562e+01,2.074685e+01,2.076079e+01,2.075382e+01,2.073291e+01,2.074685e+01,2.077472e+01,2.077472e+01,2.076775e+01,2.072594e+01,2.080259e+01,2.071897e+01,2.072594e+01,2.071897e+01,2.070502e+01,2.069805e+01,2.076775e+01,2.071200e+01,2.079562e+01,2.071200e+01,2.079562e+01,2.072594e+01,2.073988e+01,2.078169e+01,2.077472e+01,2.079562e+01,2.076775e+01,2.073988e+01,2.073291e+01,2.085830e+01,2.074685e+01,2.076079e+01,2.074685e+01,2.080259e+01,2.072594e+01,2.082348e+01,2.072594e+01,2.071200e+01,2.074685e+01,2.080955e+01,2.077472e+01,2.069108e+01,2.070502e+01,2.068410e+01,2.076079e+01,2.072594e+01,2.072594e+01,2.067016e+01,2.072594e+01,2.068410e+01,2.069108e+01,2.071200e+01,2.064225e+01,2.067713e+01,2.075382e+01,2.073291e+01,2.071897e+01,2.072594e+01,2.077472e+01,2.069805e+01,2.094876e+01,2.080259e+01,2.089310e+01,2.070502e+01,2.073291e+01,2.078169e+01,2.076079e+01,2.075382e+01,2.073291e+01,2.076775e+01,2.069805e+01,2.069805e+01,2.079562e+01,2.080955e+01,2.077472e+01,2.077472e+01,2.076079e+01,2.069108e+01,2.075382e+01,2.073988e+01,2.081652e+01,2.078169e+01,2.071897e+01,2.074685e+01,2.076079e+01,2.081652e+01,2.083741e+01,2.069805e+01,2.067713e+01,2.066318e+01,2.072594e+01,2.085134e+01,2.069805e+01,2.075382e+01,2.073291e+01,2.070502e+01,2.064923e+01,2.085830e+01,2.070502e+01,2.071200e+01,2.071897e+01,2.079562e+01,2.073291e+01,2.071897e+01,2.077472e+01,2.073291e+01,2.069805e+01,2.078169e+01,2.071200e+01,2.073291e+01,2.069108e+01,2.077472e+01,2.077472e+01,2.080259e+01,2.071897e+01,2.083741e+01,2.076079e+01,2.069108e+01,2.072594e+01,2.067713e+01,2.083045e+01,2.070502e+01,2.082348e+01,2.071897e+01,2.071200e+01,2.073988e+01,2.071897e+01,2.080955e+01,2.076079e+01,2.077472e+01,2.076079e+01,2.080955e+01,2.072594e+01,2.065621e+01,2.081652e+01,2.079562e+01,2.073988e+01,2.073988e+01,2.076775e+01,2.071200e+01,2.077472e+01,2.081652e+01,2.068410e+01,2.069805e+01,2.073988e+01,2.078169e+01,2.076775e+01,2.078169e+01,2.088614e+01,2.073988e+01,2.071200e+01,2.073988e+01,2.077472e+01,2.078169e+01,2.076775e+01,2.065621e+01,2.075382e+01,2.076775e+01,2.068410e+01,2.078866e+01,2.075382e+01,2.071200e+01,2.076775e+01,2.069108e+01,2.071200e+01,2.074685e+01,2.069805e+01,2.077472e+01,2.076775e+01,2.071897e+01,2.073988e+01,2.075382e+01,2.072594e+01,2.071200e+01,2.080259e+01,2.078169e+01,2.068410e+01,2.067016e+01,2.072594e+01,2.073988e+01,2.078866e+01,2.070502e+01,2.069805e+01,2.071200e+01,2.071897e+01,2.069108e+01,2.071897e+01,2.069108e+01,2.073988e+01,2.069108e+01,2.078866e+01,2.077472e+01,2.077472e+01,2.070502e+01,2.069108e+01,2.071897e+01,2.071897e+01,2.073988e+01,2.071897e+01,2.070502e+01,2.061434e+01,2.080259e+01,2.067016e+01,2.069108e+01,2.069805e+01,2.072594e+01,2.071897e+01,2.069108e+01,2.069108e+01,2.080259e+01,2.069108e+01,2.076079e+01,2.076775e+01,2.069805e+01,2.085134e+01,2.080955e+01,2.080259e+01,2.065621e+01,2.070502e+01,2.069805e+01,2.064923e+01,2.067016e+01,2.073988e+01,2.082348e+01,2.071200e+01,2.080259e+01,2.086526e+01,2.086526e+01,2.082348e+01,2.075382e+01,2.071200e+01,2.081652e+01,2.079562e+01,2.078866e+01,2.084437e+01,2.080955e+01,2.070502e+01,2.084437e+01,2.076775e+01,2.083741e+01,2.075382e+01,2.085830e+01,2.087918e+01,2.085830e+01,2.074685e+01,2.086526e+01
2.077472e+01,2.081652e+01,2.075382e+01,2.077472e+01,2.071200e+01,2.074685e+01,2.079562e+01,2.078169e+01,2.076079e+01,2.095572e+01,2.076079e+01,2.078866e+01,2.073988e+01,2.086526e+01,2.071897e+01,2.076775e+01,2.080259e+01,2.079562e+01,2.080259e+01,2.078169e+01,2.081652e+01,2.072594e+01,2.065621e+01,2.074685e+01,2.076775e+01,2.068410e+01,2.079562e+01,2.075382e+01,2.076775e+01,2.073291e+01,2.078169e+01,2.080259e+01,2.080955e+01,2.076079e+01,2.071897e+01,2.044672e+01,2.043274e+01,2.062830e+01,2.053755e+01,2.050262e+01,2.049564e+01,2.046070e+01,2.048865e+01,2.049564e+01,2.043973e+01,2.039778e+01,2.029982e+01,2.048166e+01,2.046070e+01,2.043973e+01,2.045371e+01,2.046070e+01,2.032082e+01,2.043973e+01,2.047468e+01,2.041875e+01,2.025781e+01,2.029282e+01,2.018074e+01,2.024380e+01,2.023680e+01,2.025781e+01,2.027881e+01,2.035581e+01,2.030682e+01,2.042575e+01,2.030682e+01,2.039778e+01,2.046070e+01,2.042575e+01,2.025080e+01,2.028582e+01,2.022979e+01,2.020877e+01,2.011063e+01,1.985782e+01,1.985782e+01,1.987892e+01,1.988594e+01,2.001941e+01,2.000537e+01,2.020877e+01,2.020877e+01,2.023680e+01,2.034181e+01,2.039078e+01,2.043274e+01,2.046769e+01,2.043274e+01,2.057246e+01,2.050961e+01,2.064225e+01,2.061434e+01,2.061434e+01,2.060736e+01,2.061434e+01,2.069108e+01,2.057944e+01,2.057246e+01,2.057944e+01,2.057246e+01,2.057246e+01,2.053755e+01,2.063528e+01,2.067713e+01,2.064923e+01,2.067713e+01,2.071200e+01,2.066318e+01,2.073988e+01,2.073291e+01,2.068410e+01,2.069108e+01,2.071200e+01,2.071897e+01,2.071897e+01,2.075382e+01,2.067016e+01,2.071897e+01,2.071200e+01,2.058643e+01,2.061434e+01,2.073988e+01,2.060736e+01,2.064225e+01,2.069805e+01,2.062132e+01,2.060736e+01,2.057944e+01,2.057944e+01,2.070502e+01,2.064225e+01,2.069108e+01,2.068410e+01,2.063528e+01,2.067016e+01,2.073988e+01,2.068410e+01,2.072594e+01,2.071200e+01,2.063528e+01,2.064923e+01,2.064225e+01,2.071897e+01,2.075382e+01,2.067016e+01,2.071897e+01,2.071200e+01,2.068410e+01,2.073291e+01,2.067713e+01,2.075382e+01,2.062830e+01,2.080259e+01,2.078866e+01,2.074685e+01,2.072594e+01,2.068410e+01,2.080259e+01,2.068410e+01,2.076775e+01,2.072594e+01,2.067713e+01,2.073988e+01,2.072594e+01,2.076079e+01,2.076775e+01,2.080955e+01,2.081652e+01,2.074685e+01,2.080955e+01,2.077472e+01,2.076775e+01,2.083045e+01,2.080259e+01,2.080259e+01,2.073291e+01,2.075382e+01,2.080955e+01,2.076775e+01,2.081652e+01,2.089310e+01,2.089310e+01,2.090006e+01,2.083045e+01,2.092789e+01,2.082348e+01,2.080259e+01,2.085134e+01,2.076079e+01,2.073988e+01,2.085830e+01,2.078169e+01,2.074685e+01,2.079562e+01,2.076775e+01,2.078866e+01,2.077472e+01,2.071897e+01,2.087222e+01,2.071200e+01,2.071200e+01,2.073988e+01,2.078866e+01,2.080259e+01,2.071200e+01,2.075382e+01,2.083741e+01,2.083045e+01,2.076775e+01,2.075382e+01,2.080955e+01,2.078169e+01,2.071897e+01,2.076775e+01,2.074685e+01,2.074685e+01,2.076079e+01,2.068410e+01,2.071897e+01,2.072594e+01,2.078866e+01,2.066318e+01,2.062132e+01,2.062830e+01,2.064923e+01,2.055152e+01,2.064225e+01,2.049564e+01,2.053755e+01,2.063528e+01,2.050961e+01,2.044672e+01,2.053755e+01,2.051660e+01,2.053755e+01,2.058643e+01,2.062132e+01,2.066318e+01,2.055850e+01,2.076079e+01,2.064225e+01,2.069805e+01,2.072594e+01,2.069805e+01,2.076079e+01,2.074685e+01,2.066318e+01,2.080259e+01,2.073988e+01,2.069108e+01,2.075382e+01,2.079562e+01,2.065621e+01,2.076775e+01,2.064923e+01,2.076775e+01,2.078169e+01,2.080259e+01,2.080955e+01,2.078169e+01,2.077472e+01,2.077472e+01,2.082348e+01,2.084437e+01,2.078866e+01,2.073291e+01,2.084437e+01,2.085830e+01,2.081652e+01,2.076775e+01,2.077472e+01,2.066318e+01,2.080259e+01,2.087918e+01,2.084437e+01,2.064923e+01,2.072594e+01,2.074685e+01,2.083741e+01,2.077472e+01,2.088614e+01,2.078169e+01,2.075382e+01,2.077472e+01,2.067713e+01,2.071200e+01,2.074685e+01,2.076079e+01,2.068410e+01,2.073988e+01,2.080955e+01,2.076775e+01,2.076775e+01,2.076775e+01,2.073988e+01,2.082348e+01,2.076079e+01,2.079562e+01,2.080955e+01,2.081652e+01,2.076079e+01,2.078169e+01,2.074685e+01,2.075382e+01,2.072594e+01,2.073291e+01,2.078866e+01,2.072594e+01,2.074685e+01,2.074685e+01,2.076775e+01,2.077472e+01,2.078866e+01,2.073988e+01,2.073988e+01,2.077472e+01,2.080259e+01,2.081652e+01,2.071897e+01,2.082348e+01,2.077472e+01,2.076775e+01,2.074685e+01,2.076775e+01,2.074685e+01,2.076775e+01,2.076775e+01,2.080955e+01,2.083741e+01,2.081652e+01,2.087222e+01,2.078169e+01,2.072594e+01,2.076079e+01,2.075382e+01,2.076775e+01,2.076079e+01,2.078866e+01,2.080259e+01,2.090006e+01,2.084437e+01,2.080259e+01,2.081652e+01,2.078169e+01,2.078866e+01,2.076079e+01,2.082348e+01,2.084437e+01,2.069108e+01,2.069805e+01,2.078169e+01,2.076775e+01,2.079562e+01,2.076775e+01,2.078866e+01,2.077472e+01,2.082348e+01,2.073988e+01,2.077472e+01,2.072594e+01,2.076775e+01,2.072594e+01,2.065621e+01,2.062132e+01,2.060039e+01,2.058643e+01,2.058643e+01,2.070502e+01,2.057944e+01,2.058643e+01,2.061434e+01,2.069805e+01,2.063528e+01,2.067016e+01,2.064923e+01,2.066318e+01,2.069805e+01,2.062830e+01,2.069805e+01,2.064923e+01,2.069108e+01,2.071897e+01,2.068410e+01,2.070502e+01,2.063528e+01,2.062132e+01,2.067016e+01,2.068410e+01,2.067713e+01,2.073988e+01,2.060039e+01,2.057944e+01,2.064225e+01,2.070502e+01,2.081652e+01,2.064923e+01,2.074685e+01,2.071897e+01,2.076775e+01,2.074685e+01,2.076775e+01,2.073988e+01,2.078866e+01,2.080259e+01,2.076079e+01,2.094180e+01,2.068410e+01,2.071897e+01,2.076079e+01,2.069805e+01,2.073988e+01,2.076775e+01,2.073988e+01,2.077472e+01,2.081652e+01,2.076775e+01,2.074685e+01,2.073988e+01,2.076775e+01,2.076775e+01,2.075382e+01,2.076775e+01,2.067016e+01,2.071200e+01,2.077472e+01,2.069805e+01,2.073988e+01,2.071897e+01,2.070502e+01,2.081652e+01,2.073988e+01,2.070502e+01,2.073291e+01,2.078866e+01,2.075382e+01,2.069805e+01,2.069108e+01,2.071200e+01,2.074685e+01,2.064923e+01,2.067713e+01,2.080955e+01,2.088614e+01,2.069108e+01,2.071897e+01,2.073988e+01,2.082348e+01,2.076775e+01,2.079562e+01,2.071200e+01,2.075382e+01,2.072594e+01,2.067713e+01,2.083741e+01,2.078169e+01,2.071897e+01,2.083045e+01,2.080259e+01,2.059340e+01,2.067016e+01,2.069805e+01,2.077472e+01,2.069108e+01,2.076079e+01,2.073988e+01,2.082348e+01,2.072594e+01,2.075382e+01,2.077472e+01,2.076079e+01,2.076775e+01,2.064923e+01,2.079562e+01,2.080259e+01,2.074685e+01,2.071897e+01,2.085134e+01,2.072594e+01,2.075382e+01,2.085134e+01,2.074685e+01,2.069108e+01,2.064225e+01,2.069805e+01,2.072594e+01,2.071897e+01,2.071897e+01,2.071200e+01,2.075382e+01,2.078866e+01,2.080259e+01,2.076079e+01,2.073291e+01,2.083741e+01,2.076775e+01,2.078169e+01,2.079562e+01,2.071897e+01,2.076775e+01,2.070502e+01,2.067713e+01,2.069805e+01,2.065621e+01,2.067713e+01,2.067713e+01,2.078866e+01,2.071897e+01,2.071897e+01,2.078866e+01,2.076775e+01,2.076775e+01,2.069805e+01,2.078169e+01,2.070502e+01,2.081652e+01,2.071897e+01,2.071897e+01,2.073291e+01,2.079562e+01,2.076775e+01,2.071200e+01,2.069805e+01,2.069108e+01,2.078866e+01,2.078169e+01,2.077472e+01,2.078169e+01,2.082348e+01,2.067016e+01,2.069108e+01,2.076775e+01,2.081652e+01,2.079562e+01,2.077472e+01,2.079562e+01,2.076775e+01,2.080259e+01,2.088614e+01,2.079562e+01,2.076079e+01,2.076775e+01,2.073988e+01,2.078169e+01,2.074685e+01,2.078169e+01,2.079562e+01,2.078866e+01,2.071200e+01,2.076775e+01,2.079562e+01,2.081652e+01,2.080259e+01,2.078169e+01,2.071897e+01,2.073291e+01,2.077472e+01,2.080955e+01,2.067016e+01,2.074685e+01,2.071897e+01,2.073988e+01,2.087918e+01,2.068410e+01,2.076079e+01,2.073988e+01,2.062830e+01,2.071897e+01,2.069108e+01,2.071200e+01,2.068410e+01,2.071897e+01,2.065621e+01,2.071200e+01,2.075382e+01,2.073988e+01,2.075382e+01,2.071897e+01,2.071897e+01,2.069108e+01,2.069805e+01,2.071200e+01,2.064923e+01,2.069805e+01,2.067016e+01,2.070502e+01,2.062132e+01,2.076775e+01,2.071897e+01,2.078169e+01,2.073988e+01,2.071200e+01,2.074685e+01,2.075382e+01,2.074685e+01,2.067713e+01,2.077472e+01,2.078866e+01,2.060039e+01,2.071897e+01,2.069805e+01,2.064923e+01,2.073291e+01,2.072594e+01,2.078866e+01,2.077472e+01,2.071200e+01,2.073291e+01,2.080955e+01,2.079562e+01,2.077472e+01,2.078169e+01,2.087918e+01,2.079562e+01,2.075382e+01,2.076775e+01,2.076775e+01,2.071897e+01,2.077472e+01,2.076775e+01,2.078169e+01,2.086526e+01,2.077472e+01,2.083045e+01,2.071897e+01,2.073988e+01,2.086526e+01,2.069108e+01,2.071897e+01,2.082348e+01,2.077472e+01,2.077472e+01,2.065621e+01,2.088614e+01,2.082348e+01,2.082348e+01,2.078169e+01,2.083045e+01,2.085830e+01,2.086526e+01
2.075382e+01,2.087222e+01,2.073988e+01,2.076079e+01,2.075382e+01,2.079562e+01,2.077472e+01,2.074685e+01,2.077472e+01,2.068410e+01,2.086526e+01,2.082348e+01,2.082348e+01,2.087222e+01,2.084437e+01,2.083741e+01,2.078169e+01,2.077472e+01,2.080259e+01,2.083741e+01,2.085830e+01,2.078169e+01,2.073291e+01,2.069108e+01,2.070502e+01,2.075382e+01,2.071897e+01,2.076775e+01,2.078169e+01,2.087222e+01,2.075382e+01,2.078169e+01,2.071897e+01,2.082348e+01,2.080259e+01,2.071200e+01,2.038379e+01,2.046070e+01,2.048865e+01,2.053057e+01,2.053755e+01,2.048865e+01,2.054453e+01,2.048865e+01,2.048166e+01,2.034881e+01,2.047468e+01,2.047468e+01,2.050262e+01,2.042575e+01,2.047468e+01,2.032082e+01,2.033481e+01,2.042575e+01,2.031382e+01,2.034181e+01,2.032082e+01,2.043973e+01,2.034881e+01,2.038379e+01,2.034881e+01,2.030682e+01,2.030682e+01,2.025080e+01,2.027881e+01,2.020877e+01,2.038379e+01,2.044672e+01,2.039078e+01,2.031382e+01,2.036980e+01,2.016672e+01,2.010362e+01,2.015270e+01,2.015971e+01,1.991406e+01,1.993514e+01,1.980859e+01,1.989297e+01,1.998431e+01,2.015270e+01,2.021578e+01,2.018074e+01,2.028582e+01,2.025781e+01,2.045371e+01,2.044672e+01,2.025781e+01,2.049564e+01,2.058643e+01,2.063528e+01,2.060736e+01,2.063528e+01,2.062132e+01,2.055850e+01,2.056548e+01,2.058643e+01,2.054453e+01,2.060736e+01,2.054453e+01,2.061434e+01,2.053755e+01,2.062132e+01,2.067016e+01,2.064225e+01,2.069108e+01,2.071897e+01,2.076079e+01,2.068410e+01,2.067713e+01,2.071897e+01,2.068410e+01,2.070502e+01,2.072594e+01,2.074685e+01,2.073291e+01,2.080955e+01,2.083741e+01,2.070502e+01,2.064923e+01,2.069108e+01,2.068410e+01,2.069108e+01,2.063528e+01,2.063528e+01,2.057246e+01,2.070502e+01,2.058643e+01,2.069805e+01,2.069805e+01,2.071897e+01,2.069805e+01,2.073291e+01,2.072594e+01,2.066318e+01,2.067713e+01,2.063528e+01,2.071200e+01,2.073291e+01,2.073291e+01,2.076079e+01,2.067713e+01,2.069108e+01,2.080955e+01,2.073988e+01,2.069108e+01,2.080955e+01,2.078866e+01,2.068410e+01,2.071200e+01,2.074685e+01,2.064923e+01,2.073988e+01,2.073291e+01,2.076079e+01,2.078169e+01,2.072594e+01,2.081652e+01,2.077472e+01,2.072594e+01,2.078866e+01,2.078866e+01,2.071897e+01,2.095572e+01,2.081652e+01,2.084437e+01,2.078169e+01,2.085830e+01,2.081652e+01,2.081652e+01,2.073988e+01,2.080955e+01,2.081652e+01,2.079562e+01,2.081652e+01,2.079562e+01,2.081652e+01,2.076079e+01,2.078866e+01,2.080955e+01,2.080955e+01,2.077472e+01,2.088614e+01,2.086526e+01,2.089310e+01,2.087222e+01,2.078866e+01,2.080955e+01,2.088614e+01,2.080259e+01,2.092789e+01,2.076079e+01,2.073988e+01,2.083045e+01,2.083741e+01,2.078866e+01,2.078866e+01,2.080259e+01,2.076775e+01,2.079562e+01,2.073988e+01,2.081652e+01,2.078866e+01,2.074685e+01,2.078866e+01,2.077472e+01,2.078866e+01,2.076775e+01,2.081652e+01,2.076775e+01,2.076079e+01,2.076775e+01,2.078169e+01,2.078169e+01,2.073988e+01,2.077472e+01,2.076079e+01,2.076775e+01,2.072594e+01,2.077472e+01,2.064923e+01,2.066318e+01,2.068410e+01,2.062132e+01,2.067713e+01,2.057944e+01,2.058643e+01,2.070502e+01,2.048166e+01,2.055850e+01,2.063528e+01,2.048166e+01,2.048166e+01,2.053755e+01,2.057246e+01,2.053755e+01,2.048865e+01,2.050961e+01,2.064225e+01,2.064225e+01,2.071897e+01,2.054453e+01,2.079562e+01,2.079562e+01,2.084437e+01,2.063528e+01,2.066318e+01,2.077472e+01,2.075382e+01,2.078866e+01,2.071200e+01,2.079562e+01,2.071897e+01,2.068410e+01,2.076079e+01,2.076775e+01,2.086526e+01,2.083045e+01,2.074685e+01,2.083741e+01,2.078866e+01,2.077472e+01,2.077472e+01,2.096962e+01,2.078169e+01,2.082348e+01,2.081652e+01,2.079562e+01,2.079562e+01,2.080955e+01,2.083741e+01,2.081652e+01,2.081652e+01,2.081652e+01,2.069805e+01,2.083741e+01,2.083045e+01,2.069805e+01,2.078866e+01,2.085830e+01,2.079562e+01,2.076079e+01,2.084437e+01,2.076775e+01,2.067713e+01,2.073291e+01,2.069805e+01,2.073291e+01,2.071200e+01,2.077472e+01,2.074685e+01,2.069108e+01,2.078169e+01,2.080259e+01,2.078169e+01,2.079562e+01,2.082348e+01,2.082348e+01,2.080259e+01,2.083045e+01,2.078169e+01,2.076775e+01,2.085134e+01,2.074685e+01,2.077472e+01,2.078169e+01,2.074685e+01,2.075382e+01,2.080259e+01,2.072594e+01,2.080259e+01,2.078866e+01,2.080955e+01,2.075382e+01,2.073988e+01,2.082348e+01,2.076079e+01,2.083045e+01,2.085134e+01,2.083045e+01,2.080955e+01,2.083045e+01,2.070502e+01,2.077472e+01,2.069805e+01,2.075382e+01,2.078169e+01,2.078169e+01,2.084437e+01,2.088614e+01,2.085134e+01,2.087222e+01,2.085830e+01,2.088614e+01,2.076775e+01,2.079562e+01,2.085134e+01,2.081652e+01,2.083741e+01,2.087222e+01,2.078866e+01,2.085134e+01,2.087918e+01,2.090702e+01,2.081652e+01,2.078169e+01,2.084437e+01,2.083045e+01,2.078866e+01,2.075382e+01,2.080955e+01,2.076079e+01,2.083741e+01,2.088614e+01,2.081652e+01,2.081652e+01,2.080955e+01,2.085134e+01,2.083741e+01,2.088614e+01,2.080955e+01,2.074685e+01,2.078866e+01,2.070502e+01,2.060039e+01,2.059340e+01,2.057246e+01,2.071200e+01,2.071200e+01,2.072594e+01,2.058643e+01,2.066318e+01,2.078169e+01,2.064225e+01,2.070502e+01,2.071200e+01,2.072594e+01,2.062830e+01,2.062132e+01,2.070502e+01,2.064225e+01,2.067016e+01,2.069805e+01,2.076079e+01,2.084437e+01,2.062830e+01,2.067713e+01,2.076775e+01,2.076079e+01,2.072594e+01,2.057944e+01,2.057944e+01,2.067016e+01,2.069108e+01,2.067016e+01,2.076079e+01,2.069108e+01,2.057944e+01,2.070502e+01,2.071897e+01,2.071897e+01,2.072594e+01,2.073291e+01,2.074685e+01,2.073291e+01,2.072594e+01,2.074685e+01,2.078866e+01,2.074685e+01,2.077472e+01,2.073988e+01,2.079562e+01,2.077472e+01,2.076079e+01,2.076079e+01,2.081652e+01,2.082348e+01,2.080259e+01,2.074685e+01,2.078866e+01,2.075382e+01,2.076775e+01,2.076775e+01,2.081652e+01,2.076079e+01,2.069805e+01,2.073988e+01,2.078866e+01,2.077472e+01,2.076079e+01,2.074685e+01,2.084437e+01,2.076079e+01,2.074685e+01,2.073291e+01,2.082348e+01,2.071200e+01,2.081652e+01,2.076775e+01,2.073291e+01,2.066318e+01,2.069108e+01,2.070502e+01,2.072594e+01,2.089310e+01,2.085830e+01,2.069805e+01,2.084437e+01,2.073291e+01,2.067016e+01,2.079562e+01,2.084437e+01,2.069805e+01,2.090702e+01,2.075382e+01,2.076775e+01,2.080955e+01,2.080259e+01,2.078169e+01,2.078866e+01,2.079562e+01,2.076079e+01,2.075382e+01,2.073291e+01,2.078866e+01,2.077472e+01,2.076775e+01,2.075382e+01,2.072594e+01,2.101134e+01,2.078169e+01,2.078866e+01,2.079562e+01,2.076079e+01,2.076079e+01,2.083045e+01,2.080259e+01,2.081652e+01,2.069805e+01,2.075382e+01,2.071200e+01,2.076775e+01,2.070502e+01,2.075382e+01,2.071200e+01,2.090702e+01,2.072594e+01,2.070502e+01,2.068410e+01,2.073988e+01,2.070502e+01,2.078169e+01,2.067713e+01,2.083741e+01,2.080259e+01,2.071200e+01,2.071897e+01,2.074685e+01,2.073291e+01,2.073291e+01,2.069805e+01,2.071200e+01,2.073988e+01,2.080259e+01,2.084437e+01,2.075382e+01,2.075382e+01,2.069805e+01,2.082348e+01,2.074685e+01,2.072594e+01,2.078866e+01,2.080955e+01,2.073291e+01,2.069108e+01,2.076079e+01,2.070502e+01,2.080259e+01,2.079562e+01,2.076079e+01,2.080259e+01,2.071200e+01,2.080259e+01,2.067016e+01,2.076079e+01,2.071200e+01,2.078169e+01,2.083045e+01,2.064225e+01,2.068410e+01,2.084437e+01,2.080955e+01,2.083045e+01,2.078866e+01,2.074685e+01,2.071200e+01,2.070502e+01,2.073291e+01,2.081652e+01,2.084437e+01,2.073988e+01,2.083741e+01,2.080259e+01,2.076079e+01,2.079562e+01,2.077472e+01,2.074685e+01,2.078169e+01,2.092093e+01,2.082348e+01,2.082348e+01,2.071897e+01,2.072594e+01,2.072594e+01,2.086526e+01,2.074685e+01,2.078866e+01,2.071200e+01,2.079562e+01,2.071897e+01,2.081652e+01,2.080955e+01,2.082348e+01,2.090702e+01,2.080955e+01,2.068410e+01,2.080259e+01,2.078169e+01,2.076079e+01,2.078169e+01,2.074685e+01,2.069108e+01,2.072594e+01,2.075382e+01,2.073988e+01,2.067713e+01,2.073291e+01,2.073291e+01,2.073291e+01,2.081652e+01,2.071897e+01,2.069805e+01,2.080259e+01,2.080259e+01,2.069108e+01,2.068410e+01,2.079562e+01,2.068410e+01,2.078169e+01,2.077472e+01,2.078866e+01,2.074685e+01,2.078169e+01,2.073291e+01,2.098353e+01,2.082348e+01,2.056548e+01,2.080259e+01,2.073988e+01,2.062830e+01,2.070502e+01,2.069108e+01,2.073291e+01,2.080259e+01,2.071897e+01,2.071897e+01,2.078169e+01,2.076775e+01,2.075382e+01,2.076079e+01,2.071200e+01,2.077472e+01,2.074685e+01,2.088614e+01,2.090702e+01,2.080259e+01,2.078169e+01,2.096267e+01,2.079562e+01,2.068410e+01,2.076775e+01,2.088614e+01,2.087222e+01,2.073291e+01,2.073291e+01,2.067713e+01,2.069805e+01,2.079562e+01,2.069805e+01,2.081652e+01,2.071200e+01,2.080259e+01,2.080955e+01,2.085830e+01,2.084437e+01,2.076079e+01,2.091398e+01,2.080259e+01,2.079562e+01,2.090702e+01
2.078169e+01,2.062830e+01,2.080955e+01,2.084437e+01,2.078169e+01,2.078169e+01,2.076079e+01,2.078866e+01,2.078169e+01,2.078169e+01,2.071897e+01,2.075382e+01,2.080259e+01,2.067016e+01,2.074685e+01,2.080955e+01,2.078866e+01,2.078866e+01,2.073291e+01,2.076775e+01,2.076775e+01,2.078169e+01,2.085134e+01,2.078866e+01,2.072594e+01,2.076775e+01,2.080259e+01,2.071897e+01,2.086526e+01,2.079562e+01,2.074685e+01,2.085134e+01,2.065621e+01,2.078169e+01,2.080955e+01,2.078169e+01,2.042575e+01,2.069108e+01,2.050961e+01,2.053057e+01,2.057944e+01,2.051660e+01,2.039778e+01,2.053057e+01,2.044672e+01,2.050262e+01,2.036280e+01,2.044672e+01,2.046070e+01,2.045371e+01,2.032782e+01,2.047468e+01,2.045371e+01,2.048166e+01,2.045371e+01,2.044672e+01,2.041875e+01,2.045371e+01,2.033481e+01,2.021578e+01,2.022278e+01,2.029282e+01,2.022979e+01,2.042575e+01,2.034181e+01,2.039078e+01,2.018074e+01,2.049564e+01,2.027881e+01,2.032782e+01,2.037679e+01,2.006152e+01,2.015270e+01,2.004047e+01,1.997026e+01,1.984376e+01,1.984376e+01,1.991406e+01,1.990000e+01,1.987189e+01,2.005451e+01,2.006854e+01,2.022278e+01,2.020877e+01,2.025781e+01,2.026481e+01,2.036980e+01,2.039778e+01,2.054453e+01,2.059340e+01,2.059340e+01,2.061434e+01,2.063528e+01,2.057246e+01,2.056548e+01,2.061434e+01,2.057246e+01,2.059340e+01,2.058643e+01,2.058643e+01,2.057944e+01,2.063528e+01,2.064225e+01,2.062830e+01,2.062132e+01,2.058643e+01,2.071897e+01,2.069108e+01,2.075382e+01,2.074685e+01,2.060039e+01,2.074685e+01,2.073988e+01,2.075382e+01,2.074685e+01,2.075382e+01,2.084437e+01,2.074685e+01,2.071897e+01,2.075382e+01,2.061434e+01,2.067713e+01,2.068410e+01,2.065621e+01,2.075382e+01,2.064225e+01,2.059340e+01,2.069805e+01,2.071897e+01,2.055850e+01,2.060039e+01,2.073988e+01,2.058643e+01,2.067713e+01,2.057246e+01,2.069805e+01,2.069108e+01,2.073988e+01,2.071897e+01,2.060736e+01,2.067016e+01,2.081652e+01,2.079562e+01,2.074685e+01,2.064923e+01,2.071200e+01,2.068410e+01,2.069108e+01,2.071200e+01,2.067016e+01,2.077472e+01,2.066318e+01,2.071897e+01,2.081652e+01,2.059340e+01,2.073988e+01,2.080259e+01,2.070502e+01,2.070502e+01,2.068410e+01,2.076079e+01,2.071897e+01,2.069805e+01,2.080955e+01,2.077472e+01,2.082348e+01,2.076775e+01,2.087222e+01,2.085830e+01,2.085830e+01,2.070502e+01,2.077472e+01,2.084437e+01,2.085830e+01,2.083741e+01,2.078866e+01,2.078169e+01,2.083741e+01,2.079562e+01,2.083741e+01,2.078169e+01,2.082348e+01,2.080259e+01,2.079562e+01,2.079562e+01,2.080955e+01,2.087222e+01,2.076079e+01,2.087222e+01,2.076775e+01,2.075382e+01,2.078866e+01,2.080259e+01,2.073988e+01,2.073291e+01,2.079562e+01,2.073988e+01,2.077472e+01,2.091398e+01,2.075382e+01,2.071897e+01,2.082348e+01,2.080259e+01,2.076775e+01,2.077472e+01,2.080955e+01,2.078169e+01,2.090006e+01,2.080259e+01,2.081652e+01,2.080259e+01,2.078866e+01,2.072594e+01,2.071897e+01,2.078169e+01,2.073988e+01,2.073291e+01,2.068410e+01,2.077472e+01,2.072594e+01,2.064225e+01,2.068410e+01,2.069805e+01,2.064923e+01,2.062830e+01,2.057944e+01,2.058643e+01,2.060039e+01,2.046070e+01,2.048166e+01,2.041875e+01,2.044672e+01,2.042575e+01,2.041875e+01,2.051660e+01,2.052358e+01,2.057246e+01,2.053057e+01,2.067016e+01,2.062830e+01,2.074685e+01,2.076775e+01,2.072594e+01,2.063528e+01,2.072594e+01,2.085134e+01,2.063528e+01,2.071897e+01,2.076079e+01,2.073988e+01,2.075382e+01,2.076775e+01,2.067713e+01,2.066318e+01,2.073988e+01,2.075382e+01,2.081652e+01,2.082348e+01,2.077472e+01,2.079562e+01,2.078169e+01,2.073291e+01,2.070502e+01,2.062132e+01,2.083045e+01,2.076775e+01,2.080259e+01,2.078169e+01,2.083045e+01,2.076775e+01,2.079562e+01,2.085830e+01,2.078169e+01,2.082348e+01,2.085134e+01,2.082348e+01,2.069108e+01,2.072594e+01,2.075382e+01,2.074685e+01,2.076079e+01,2.074685e+01,2.074685e+01,2.078169e+01,2.069805e+01,2.083741e+01,2.077472e+01,2.067713e+01,2.072594e+01,2.078866e+01,2.076775e+01,2.078169e+01,2.080259e+01,2.077472e+01,2.073291e+01,2.081652e+01,2.078169e+01,2.079562e+01,2.080259e+01,2.081652e+01,2.078169e+01,2.078169e+01,2.067713e+01,2.075382e+01,2.077472e+01,2.073291e+01,2.078866e+01,2.076775e+01,2.078169e+01,2.075382e+01,2.076079e+01,2.078866e+01,2.077472e+01,2.076079e+01,2.072594e+01,2.073988e+01,2.076775e+01,2.069805e+01,2.072594e+01,2.069108e+01,2.079562e+01,2.081652e+01,2.073988e+01,2.071200e+01,2.071897e+01,2.091398e+01,2.076775e+01,2.094180e+01,2.092093e+01,2.091398e+01,2.087222e+01,2.081652e+01,2.078169e+01,2.089310e+01,2.080955e+01,2.080259e+01,2.078169e+01,2.076775e+01,2.081652e+01,2.090702e+01,2.083045e+01,2.087222e+01,2.084437e+01,2.076079e+01,2.081652e+01,2.075382e+01,2.081652e+01,2.080955e+01,2.082348e+01,2.070502e+01,2.082348e+01,2.081652e+01,2.076775e+01,2.078866e+01,2.084437e+01,2.085830e+01,2.084437e+01,2.075382e+01,2.081652e+01,2.085134e+01,2.071897e+01,2.081652e+01,2.073988e+01,2.078169e+01,2.071200e+01,2.060039e+01,2.065621e+01,2.064923e+01,2.065621e+01,2.056548e+01,2.066318e+01,2.062132e+01,2.065621e+01,2.067016e+01,2.069108e+01,2.074685e+01,2.066318e+01,2.067713e+01,2.068410e+01,2.071897e+01,2.069108e+01,2.070502e+01,2.061434e+01,2.073988e+01,2.065621e+01,2.073988e+01,2.069108e+01,2.071200e+01,2.051660e+01,2.069805e+01,2.065621e+01,2.064225e+01,2.064923e+01,2.061434e+01,2.068410e+01,2.068410e+01,2.067713e+01,2.071200e+01,2.069108e+01,2.072594e+01,2.082348e+01,2.072594e+01,2.072594e+01,2.071897e+01,2.072594e+01,2.063528e+01,2.071200e+01,2.075382e+01,2.076079e+01,2.073988e+01,2.078169e+01,2.070502e+01,2.073988e+01,2.079562e+01,2.079562e+01,2.077472e+01,2.081652e+01,2.082348e+01,2.078866e+01,2.080955e+01,2.076775e+01,2.077472e+01,2.068410e+01,2.063528e+01,2.076079e+01,2.079562e+01,2.078866e+01,2.071897e+01,2.076775e+01,2.079562e+01,2.083741e+01,2.081652e+01,2.084437e+01,2.080259e+01,2.083741e+01,2.083741e+01,2.079562e+01,2.083045e+01,2.069805e+01,2.067016e+01,2.075382e+01,2.077472e+01,2.069805e+01,2.067016e+01,2.087918e+01,2.089310e+01,2.067016e+01,2.078169e+01,2.080259e+01,2.080955e+01,2.083045e+01,2.073291e+01,2.066318e+01,2.069805e+01,2.079562e+01,2.080955e+01,2.078866e+01,2.082348e+01,2.076079e+01,2.079562e+01,2.068410e+01,2.079562e+01,2.080259e+01,2.077472e+01,2.073988e+01,2.074685e+01,2.074685e+01,2.077472e+01,2.075382e+01,2.071200e+01,2.076775e+01,2.078866e+01,2.080259e+01,2.078169e+01,2.082348e+01,2.073988e+01,2.076775e+01,2.071200e+01,2.069805e+01,2.078866e+01,2.079562e+01,2.068410e+01,2.080955e+01,2.079562e+01,2.073988e+01,2.078866e+01,2.069108e+01,2.073291e+01,2.071200e+01,2.075382e+01,2.070502e+01,2.083741e+01,2.070502e+01,2.082348e+01,2.073988e+01,2.075382e+01,2.074685e+01,2.073291e+01,2.073988e+01,2.078169e+01,2.057944e+01,2.078866e+01,2.070502e+01,2.076079e+01,2.072594e+01,2.068410e+01,2.084437e+01,2.073291e+01,2.082348e+01,2.073988e+01,2.071200e+01,2.073988e+01,2.063528e+01,2.078169e+01,2.072594e+01,2.077472e+01,2.068410e+01,2.073291e+01,2.072594e+01,2.083045e+01,2.057944e+01,2.078866e+01,2.076079e+01,2.067016e+01,2.071897e+01,2.078866e+01,2.081652e+01,2.080259e+01,2.069108e+01,2.078866e+01,2.084437e+01,2.084437e+01,2.069805e+01,2.061434e+01,2.064225e+01,2.055850e+01,2.050961e+01,2.069805e+01,2.078866e+01,2.076775e+01,2.085830e+01,2.073291e+01,2.078169e+01,2.078866e+01,2.083045e+01,2.062830e+01,2.078169e+01,2.075382e+01,2.067016e+01,2.078866e+01,2.087918e+01,2.079562e+01,2.079562e+01,2.076079e+01,2.078866e+01,2.080259e+01,2.085830e+01,2.067016e+01,2.075382e+01,2.086526e+01,2.076775e+01,2.067713e+01,2.067713e+01,2.083741e+01,2.085134e+01,2.079562e+01,2.071897e+01,2.076079e+01,2.073988e+01,2.081652e+01,2.073988e+01,2.078866e+01,2.079562e+01,2.069805e+01,2.080955e+01,2.069108e+01,2.075382e+01,2.069805e+01,2.076079e+01,2.071897e+01,2.069805e+01,2.074685e+01,2.076775e+01,2.071200e+01,2.078169e+01,2.076079e+01,2.065621e+01,2.067713e+01,2.071897e+01,2.070502e+01,2.080259e+01,2.068410e+01,2.079562e+01,2.060736e+01,2.064225e+01,2.080259e+01,2.085134e+01,2.080955e+01,2.065621e+01,2.073988e+01,2.069805e+01,2.073988e+01,2.070502e+01,2.078866e+01,2.080955e+01,2.071200e+01,2.076079e+01,2.070502e+01,2.075382e+01,2.073291e+01,2.071200e+01,2.078169e+01,2.062830e+01,2.072594e+01,2.075382e+01,2.076775e+01,2.078866e+01,2.077472e+01,2.079562e+01,2.079562e+01,2.073291e+01,2.070502e+01,2.071897e+01,2.085830e+01,2.071897e+01,2.087222e+01,2.078866e+01,2.082348e+01,2.069805e+01,2.087918e+01,2.069108e+01,2.070502e+01,2.073988e+01,2.079562e+01,2.076775e+01,2.080259e+01,2.078169e+01,2.082348e+01,2.093485e+01,2.081652e+01
2.085134e+01,2.077472e+01,2.076079e+01,2.080955e+01,2.078866e+01,2.076775e+01,2.076775e+01,2.076079e+01,2.078866e+01,2.080955e+01,2.078866e+01,2.071200e+01,2.069108e+01,2.075382e+01,2.080259e+01,2.078866e+01,2.078169e+01,2.080955e+01,2.082348e+01,2.086526e+01,2.080259e+01,2.074685e+01,2.079562e+01,2.081652e+01,2.073988e+01,2.077472e+01,2.072594e+01,2.080955e+01,2.085830e+01,2.071897e+01,2.081652e+01,2.078866e+01,2.080259e+01,2.078169e+01,2.061434e+01,2.067016e+01,2.055850e+01,2.052358e+01,2.049564e+01,2.051660e+01,2.055152e+01,2.047468e+01,2.053755e+01,2.048166e+01,2.048166e+01,2.045371e+01,2.046070e+01,2.048166e+01,2.046769e+01,2.045371e+01,2.045371e+01,2.046769e+01,2.046070e+01,2.044672e+01,2.036980e+01,2.044672e+01,2.048166e+01,2.045371e+01,2.036980e+01,2.027181e+01,2.032782e+01,2.030682e+01,2.031382e+01,2.021578e+01,2.015270e+01,2.015270e+01,2.016672e+01,2.030682e+01,2.015971e+01,2.027181e+01,2.011063e+01,2.018074e+01,2.008257e+01,1.999835e+01,1.999133e+01,1.990703e+01,1.980859e+01,1.988594e+01,1.986485e+01,2.000537e+01,2.011764e+01,2.018074e+01,2.015270e+01,2.020877e+01,2.039778e+01,2.039778e+01,2.039778e+01,2.041875e+01,2.059340e+01,2.061434e+01,2.063528e+01,2.059340e+01,2.060039e+01,2.061434e+01,2.060039e+01,2.058643e+01,2.055850e+01,2.060736e+01,2.060736e+01,2.063528e+01,2.060039e+01,2.062132e+01,2.057944e+01,2.065621e+01,2.064225e+01,2.064923e+01,2.064923e+01,2.067713e+01,2.080955e+01,2.071897e+01,2.062132e+01,2.057944e+01,2.070502e+01,2.078169e+01,2.080955e+01,2.073988e+01,2.075382e+01,2.075382e+01,2.073291e+01,2.063528e+01,2.066318e+01,2.067713e+01,2.066318e+01,2.067713e+01,2.065621e+01,2.066318e+01,2.061434e+01,2.072594e+01,2.059340e+01,2.068410e+01,2.059340e+01,2.071897e+01,2.067713e+01,2.068410e+01,2.067713e+01,2.063528e+01,2.064225e+01,2.060039e+01,2.064225e+01,2.074685e+01,2.074685e+01,2.071897e+01,2.069805e+01,2.069108e+01,2.080259e+01,2.078169e+01,2.067713e+01,2.063528e+01,2.067016e+01,2.068410e+01,2.067016e+01,2.070502e+01,2.067713e+01,2.072594e+01,2.072594e+01,2.072594e+01,2.069805e+01,2.075382e+01,2.078169e+01,2.072594e+01,2.067713e+01,2.071897e+01,2.078169e+01,2.076079e+01,2.075382e+01,2.079562e+01,2.079562e+01,2.073988e+01,2.071897e+01,2.078169e+01,2.074685e+01,2.076079e+01,2.067713e+01,2.078866e+01,2.087222e+01,2.079562e+01,2.082348e+01,2.082348e+01,2.080955e+01,2.083741e+01,2.079562e+01,2.086526e+01,2.078866e+01,2.079562e+01,2.075382e+01,2.088614e+01,2.071200e+01,2.072594e+01,2.075382e+01,2.075382e+01,2.073988e+01,2.078169e+01,2.073291e+01,2.077472e+01,2.078866e+01,2.078169e+01,2.081652e+01,2.103914e+01,2.078169e+01,2.078866e+01,2.069805e+01,2.072594e+01,2.080259e+01,2.073291e+01,2.073988e+01,2.075382e+01,2.077472e+01,2.079562e+01,2.075382e+01,2.069108e+01,2.075382e+01,2.075382e+01,2.075382e+01,2.064225e+01,2.075382e+01,2.073988e+01,2.080955e+01,2.064923e+01,2.067713e+01,2.069108e+01,2.063528e+01,2.072594e+01,2.061434e+01,2.060039e+01,2.059340e+01,2.054453e+01,2.048166e+01,2.058643e+01,2.046769e+01,2.037679e+01,2.045371e+01,2.038379e+01,2.037679e+01,2.043274e+01,2.046070e+01,2.062830e+01,2.064225e+01,2.065621e+01,2.055152e+01,2.067713e+01,2.069805e+01,2.064923e+01,2.069108e+01,2.064225e+01,2.064923e+01,2.067016e+01,2.067713e+01,2.071200e+01,2.065621e+01,2.072594e+01,2.069108e+01,2.080259e+01,2.073988e+01,2.063528e+01,2.077472e+01,2.077472e+01,2.071200e+01,2.076775e+01,2.073291e+01,2.074685e+01,2.073988e+01,2.083741e+01,2.073988e+01,2.073988e+01,2.070502e+01,2.080955e+01,2.074685e+01,2.073291e+01,2.077472e+01,2.071200e+01,2.076775e+01,2.074685e+01,2.078866e+01,2.074685e+01,2.070502e+01,2.068410e+01,2.082348e+01,2.083045e+01,2.076775e+01,2.087918e+01,2.081652e+01,2.073988e+01,2.072594e+01,2.084437e+01,2.073291e+01,2.063528e+01,2.071897e+01,2.078866e+01,2.069108e+01,2.070502e+01,2.073291e+01,2.077472e+01,2.073988e+01,2.080259e+01,2.083045e+01,2.073291e+01,2.078169e+01,2.077472e+01,2.080259e+01,2.076775e+01,2.100439e+01,2.066318e+01,2.076079e+01,2.071897e+01,2.069108e+01,2.075382e+01,2.067713e+01,2.077472e+01,2.077472e+01,2.076775e+01,2.075382e+01,2.074685e+01,2.078169e+01,2.082348e+01,2.079562e+01,2.074685e+01,2.083741e+01,2.076775e+01,2.078866e+01,2.078169e+01,2.071897e+01,2.076079e+01,2.078169e+01,2.075382e+01,2.073988e+01,2.076775e+01,2.077472e+01,2.092789e+01,2.090006e+01,2.095572e+01,2.094876e+01,2.094180e+01,2.085134e+01,2.092789e+01,2.085830e+01,2.076775e+01,2.094876e+01,2.091398e+01,2.083741e+01,2.080955e+01,2.083741e+01,2.090702e+01,2.086526e+01,2.085134e+01,2.080259e+01,2.084437e+01,2.073988e+01,2.080955e+01,2.072594e+01,2.072594e+01,2.079562e+01,2.089310e+01,2.070502e+01,2.078169e+01,2.082348e+01,2.083741e+01,2.085830e+01,2.085134e+01,2.085830e+01,2.087918e+01,2.066318e+01,2.078169e+01,2.076775e+01,2.082348e+01,2.076079e+01,2.063528e+01,2.073291e+01,2.069108e+01,2.063528e+01,2.065621e+01,2.069108e+01,2.063528e+01,2.069805e+01,2.076775e+01,2.062132e+01,2.063528e+01,2.067713e+01,2.063528e+01,2.063528e+01,2.067016e+01,2.078866e+01,2.076079e+01,2.070502e+01,2.078169e+01,2.065621e+01,2.083045e+01,2.068410e+01,2.072594e+01,2.069805e+01,2.071200e+01,2.070502e+01,2.064923e+01,2.073291e+01,2.069805e+01,2.071200e+01,2.067713e+01,2.066318e+01,2.068410e+01,2.064923e+01,2.068410e+01,2.067016e+01,2.072594e+01,2.062830e+01,2.074685e+01,2.070502e+01,2.072594e+01,2.060039e+01,2.065621e+01,2.078169e+01,2.071200e+01,2.070502e+01,2.078169e+01,2.070502e+01,2.075382e+01,2.076775e+01,2.078866e+01,2.079562e+01,2.080955e+01,2.068410e+01,2.076775e+01,2.067713e+01,2.076079e+01,2.060736e+01,2.075382e+01,2.074685e+01,2.078866e+01,2.071897e+01,2.075382e+01,2.068410e+01,2.072594e+01,2.082348e+01,2.081652e+01,2.079562e+01,2.073291e+01,2.080259e+01,2.077472e+01,2.072594e+01,2.073291e+01,2.079562e+01,2.081652e+01,2.080955e+01,2.073291e+01,2.075382e+01,2.083741e+01,2.079562e+01,2.068410e+01,2.088614e+01,2.076079e+01,2.073988e+01,2.074685e+01,2.077472e+01,2.071897e+01,2.069108e+01,2.067016e+01,2.073291e+01,2.073291e+01,2.074685e+01,2.066318e+01,2.064225e+01,2.071897e+01,2.072594e+01,2.079562e+01,2.078169e+01,2.076775e+01,2.073291e+01,2.076775e+01,2.076079e+01,2.076775e+01,2.067016e+01,2.067713e+01,2.073988e+01,2.083045e+01,2.075382e+01,2.080259e+01,2.076775e+01,2.073291e+01,2.075382e+01,2.067713e+01,2.069108e+01,2.078866e+01,2.067713e+01,2.069805e+01,2.072594e+01,2.069805e+01,2.076775e+01,2.071897e+01,2.069108e+01,2.071897e+01,2.077472e+01,2.073291e+01,2.069805e+01,2.074685e+01,2.076775e+01,2.069805e+01,2.083045e+01,2.073988e+01,2.076775e+01,2.071897e+01,2.083045e+01,2.074685e+01,2.078866e+01,2.074685e+01,2.076775e+01,2.074685e+01,2.078866e+01,2.074685e+01,2.085134e+01,2.076079e+01,2.071897e+01,2.086526e+01,2.068410e+01,2.070502e+01,2.062830e+01,2.082348e+01,2.085134e+01,2.081652e+01,2.065621e+01,2.070502e+01,2.078866e+01,2.080259e+01,2.078866e+01,2.063528e+01,2.073291e+01,2.074685e+01,2.071200e+01,2.065621e+01,2.079562e+01,2.082348e+01,2.083741e+01,2.077472e+01,2.078169e+01,2.083741e+01,2.050961e+01,2.048865e+01,2.024380e+01,2.022278e+01,2.025781e+01,2.031382e+01,2.067713e+01,2.067713e+01,2.073988e+01,2.072594e+01,2.077472e+01,2.076079e+01,2.078169e+01,2.075382e+01,2.067713e+01,2.071897e+01,2.078169e+01,2.077472e+01,2.078169e+01,2.075382e+01,2.085134e+01,2.070502e+01,2.087222e+01,2.072594e+01,2.071897e+01,2.071897e+01,2.071897e+01,2.080259e+01,2.071897e+01,2.078169e+01,2.080955e+01,2.074685e+01,2.067016e+01,2.071200e+01,2.072594e+01,2.084437e+01,2.073988e+01,2.077472e+01,2.078866e+01,2.078169e+01,2.071897e+01,2.073988e+01,2.069805e+01,2.060039e+01,2.076079e+01,2.079562e+01,2.075382e+01,2.080955e+01,2.079562e+01,2.078169e+01,2.066318e+01,2.064225e+01,2.066318e+01,2.072594e+01,2.071897e+01,2.073291e+01,2.069108e+01,2.069805e+01,2.076775e+01,2.080259e+01,2.078866e+01,2.060736e+01,2.081652e+01,2.061434e+01,2.083741e+01,2.073291e+01,2.078169e+01,2.076775e+01,2.062830e+01,2.075382e+01,2.078866e+01,2.071897e+01,2.076079e+01,2.076775e+01,2.078169e+01,2.073988e+01,2.071897e+01,2.080955e+01,2.073988e+01,2.076775e+01,2.073988e+01,2.076079e+01,2.085830e+01,2.074685e+01,2.075382e+01,2.080955e+01,2.082348e+01,2.079562e+01,2.069805e+01,2.072594e+01,2.076079e+01,2.074685e+01,2.073988e+01,2.076079e+01,2.071897e+01,2.072594e+01,2.087222e+01,2.085134e+01,2.089310e+01,2.076079e+01,2.080955e+01,2.067016e+01,2.071897e+01,2.094876e+01,2.086526e+01,2.078169e+01,2.076079e+01,2.057246e+01
2.073988e+01,2.083045e+01,2.073291e+01,2.083045e+01,2.078866e+01,2.081652e+01,2.077472e+01,2.078169e+01,2.079562e+01,2.068410e+01,2.090006e+01,2.084437e+01,2.079562e+01,2.069805e+01,2.079562e+01,2.078169e+01,2.085134e+01,2.080259e+01,2.066318e+01,2.090702e+01,2.077472e+01,2.078866e+01,2.079562e+01,2.059340e+01,2.077472e+01,2.071897e+01,2.077472e+01,2.079562e+01,2.073291e+01,2.078169e+01,2.080955e+01,2.077472e+01,2.079562e+01,2.071897e+01,2.078169e+01,2.080955e+01,2.073291e+01,2.055152e+01,2.055152e+01,2.054453e+01,2.056548e+01,2.050262e+01,2.044672e+01,2.046070e+01,2.046070e+01,2.044672e+01,2.045371e+01,2.053057e+01,2.048166e+01,2.051660e+01,2.039078e+01,2.045371e+01,2.046769e+01,2.043973e+01,2.050262e+01,2.046070e+01,2.039078e+01,2.039078e+01,2.037679e+01,2.043973e+01,2.026481e+01,2.046070e+01,2.046070e+01,2.022278e+01,2.017373e+01,2.019476e+01,2.022979e+01,2.019476e+01,2.027881e+01,2.021578e+01,2.010362e+01,2.004749e+01,2.007556e+01,2.005451e+01,1.995621e+01,1.982266e+01,1.988594e+01,1.984376e+01,1.985079e+01,2.000537e+01,2.006854e+01,2.024380e+01,2.025781e+01,2.029982e+01,2.032782e+01,2.040477e+01,2.049564e+01,2.055850e+01,2.058643e+01,2.069108e+01,2.059340e+01,2.055152e+01,2.051660e+01,2.060039e+01,2.056548e+01,2.049564e+01,2.053755e+01,2.062132e+01,2.059340e+01,2.062830e+01,2.064923e+01,2.064225e+01,2.064923e+01,2.067016e+01,2.065621e+01,2.059340e+01,2.069805e+01,2.067713e+01,2.065621e+01,2.067016e+01,2.061434e+01,2.075382e+01,2.076775e+01,2.075382e+01,2.077472e+01,2.078866e+01,2.069108e+01,2.070502e+01,2.073291e+01,2.065621e+01,2.072594e+01,2.072594e+01,2.064923e+01,2.076079e+01,2.069805e+01,2.062132e+01,2.064923e+01,2.060039e+01,2.072594e+01,2.061434e+01,2.069108e+01,2.071200e+01,2.075382e+01,2.072594e+01,2.074685e+01,2.073291e+01,2.067713e+01,2.073988e+01,2.067713e+01,2.074685e+01,2.073988e+01,2.068410e+01,2.073988e+01,2.070502e+01,2.067016e+01,2.071897e+01,2.071200e+01,2.062830e+01,2.067016e+01,2.060736e+01,2.069108e+01,2.064923e+01,2.070502e+01,2.069108e+01,2.075382e+01,2.086526e+01,2.076079e+01,2.078169e+01,2.070502e+01,2.070502e+01,2.078169e+01,2.076775e+01,2.076775e+01,2.073988e+01,2.097658e+01,2.078169e+01,2.078169e+01,2.076079e+01,2.084437e+01,2.082348e+01,2.082348e+01,2.074685e+01,2.078169e+01,2.076775e+01,2.078866e+01,2.073988e+01,2.078866e+01,2.078866e+01,2.080955e+01,2.077472e+01,2.079562e+01,2.079562e+01,2.077472e+01,2.079562e+01,2.082348e+01,2.076775e+01,2.080955e+01,2.082348e+01,2.074685e+01,2.091398e+01,2.076079e+01,2.076079e+01,2.076775e+01,2.071200e+01,2.079562e+01,2.084437e+01,2.074685e+01,2.080259e+01,2.078169e+01,2.076775e+01,2.075382e+01,2.072594e+01,2.076079e+01,2.081652e+01,2.076079e+01,2.075382e+01,2.079562e+01,2.067016e+01,2.076775e+01,2.073988e+01,2.076775e+01,2.074685e+01,2.072594e+01,2.077472e+01,2.071897e+01,2.078169e+01,2.071897e+01,2.079562e+01,2.064225e+01,2.069108e+01,2.068410e+01,2.067016e+01,2.062132e+01,2.066318e+01,2.039778e+01,2.046769e+01,2.045371e+01,2.039078e+01,2.038379e+01,2.039078e+01,2.032782e+01,2.035581e+01,2.039778e+01,2.040477e+01,2.036980e+01,2.056548e+01,2.059340e+01,2.067713e+01,2.064923e+01,2.068410e+01,2.076079e+01,2.055152e+01,2.068410e+01,2.069805e+01,2.080955e+01,2.064225e+01,2.067713e+01,2.079562e+01,2.070502e+01,2.078169e+01,2.072594e+01,2.070502e+01,2.073291e+01,2.066318e+01,2.076079e+01,2.080259e+01,2.075382e+01,2.083045e+01,2.077472e+01,2.076079e+01,2.078169e+01,2.075382e+01,2.069805e+01,2.077472e+01,2.076775e+01,2.073291e+01,2.069805e+01,2.090702e+01,2.075382e+01,2.073291e+01,2.073291e+01,2.082348e+01,2.076079e+01,2.080955e+01,2.077472e+01,2.066318e+01,2.081652e+01,2.080955e+01,2.079562e+01,2.080955e+01,2.077472e+01,2.073988e+01,2.068410e+01,2.080259e+01,2.071897e+01,2.083045e+01,2.072594e+01,2.078169e+01,2.070502e+01,2.083045e+01,2.080259e+01,2.076079e+01,2.078866e+01,2.073988e+01,2.077472e+01,2.084437e+01,2.076079e+01,2.073291e+01,2.073988e+01,2.080259e+01,2.080259e+01,2.076079e+01,2.067713e+01,2.072594e+01,2.074685e+01,2.078169e+01,2.072594e+01,2.072594e+01,2.073291e+01,2.077472e+01,2.078169e+01,2.071897e+01,2.072594e+01,2.081652e+01,2.069805e+01,2.073291e+01,2.083045e+01,2.076079e+01,2.078169e+01,2.074685e+01,2.083045e+01,2.078169e+01,2.086526e+01,2.083741e+01,2.080259e+01,2.073291e+01,2.083741e+01,2.094180e+01,2.089310e+01,2.091398e+01,2.091398e+01,2.087222e+01,2.092093e+01,2.087918e+01,2.087222e+01,2.079562e+01,2.086526e+01,2.089310e+01,2.085134e+01,2.091398e+01,2.090702e+01,2.093485e+01,2.093485e+01,2.083045e+01,2.081652e+01,2.074685e+01,2.087918e+01,2.078169e+01,2.078866e+01,2.080259e+01,2.080259e+01,2.088614e+01,2.073291e+01,2.083741e+01,2.090006e+01,2.085830e+01,2.087918e+01,2.094180e+01,2.071200e+01,2.080955e+01,2.080955e+01,2.078169e+01,2.083741e+01,2.076775e+01,2.081652e+01,2.076775e+01,2.063528e+01,2.064225e+01,2.070502e+01,2.067713e+01,2.065621e+01,2.064225e+01,2.069805e+01,2.070502e+01,2.063528e+01,2.068410e+01,2.065621e+01,2.068410e+01,2.067016e+01,2.063528e+01,2.074685e+01,2.069805e+01,2.066318e+01,2.081652e+01,2.063528e+01,2.072594e+01,2.074685e+01,2.076079e+01,2.073988e+01,2.070502e+01,2.073988e+01,2.070502e+01,2.078866e+01,2.075382e+01,2.069805e+01,2.067016e+01,2.063528e+01,2.067713e+01,2.065621e+01,2.060039e+01,2.059340e+01,2.068410e+01,2.074685e+01,2.071897e+01,2.073988e+01,2.060039e+01,2.070502e+01,2.064923e+01,2.076079e+01,2.072594e+01,2.070502e+01,2.068410e+01,2.076775e+01,2.073291e+01,2.076775e+01,2.075382e+01,2.076079e+01,2.080259e+01,2.085830e+01,2.064225e+01,2.070502e+01,2.078866e+01,2.065621e+01,2.078169e+01,2.072594e+01,2.078866e+01,2.078169e+01,2.076079e+01,2.079562e+01,2.080955e+01,2.070502e+01,2.069805e+01,2.068410e+01,2.064923e+01,2.072594e+01,2.083741e+01,2.082348e+01,2.069108e+01,2.071897e+01,2.074685e+01,2.070502e+01,2.069805e+01,2.076079e+01,2.076079e+01,2.092789e+01,2.077472e+01,2.071200e+01,2.080955e+01,2.071897e+01,2.071897e+01,2.068410e+01,2.070502e+01,2.071897e+01,2.068410e+01,2.069805e+01,2.067016e+01,2.081652e+01,2.073291e+01,2.076775e+01,2.078866e+01,2.072594e+01,2.078866e+01,2.076079e+01,2.083741e+01,2.078866e+01,2.083741e+01,2.073291e+01,2.073988e+01,2.069805e+01,2.079562e+01,2.080259e+01,2.073291e+01,2.072594e+01,2.078866e+01,2.072594e+01,2.071200e+01,2.073291e+01,2.075382e+01,2.078866e+01,2.071200e+01,2.081652e+01,2.074685e+01,2.087222e+01,2.078169e+01,2.066318e+01,2.071200e+01,2.086526e+01,2.082348e+01,2.080955e+01,2.075382e+01,2.075382e+01,2.077472e+01,2.067713e+01,2.072594e+01,2.085830e+01,2.069108e+01,2.076775e+01,2.073988e+01,2.070502e+01,2.083741e+01,2.076079e+01,2.083045e+01,2.074685e+01,2.081652e+01,2.080259e+01,2.082348e+01,2.078169e+01,2.073291e+01,2.073988e+01,2.079562e+01,2.080259e+01,2.068410e+01,2.062830e+01,2.061434e+01,2.069805e+01,2.067713e+01,2.072594e+01,2.072594e+01,2.076775e+01,2.066318e+01,2.076079e+01,2.079562e+01,2.078169e+01,2.066318e+01,2.080259e+01,2.080259e+01,2.080259e+01,2.090702e+01,2.075382e+01,2.084437e+01,2.067713e+01,2.064923e+01,2.043973e+01,2.043973e+01,2.023680e+01,2.026481e+01,2.000537e+01,2.026481e+01,2.052358e+01,2.069108e+01,2.075382e+01,2.073291e+01,2.073988e+01,2.074685e+01,2.074685e+01,2.065621e+01,2.080259e+01,2.080259e+01,2.079562e+01,2.083045e+01,2.075382e+01,2.074685e+01,2.075382e+01,2.073291e+01,2.071897e+01,2.074685e+01,2.077472e+01,2.085134e+01,2.072594e+01,2.074685e+01,2.071200e+01,2.074685e+01,2.076775e+01,2.069108e+01,2.069805e+01,2.085830e+01,2.084437e+01,2.074685e+01,2.080955e+01,2.066318e+01,2.071897e+01,2.069108e+01,2.072594e+01,2.084437e+01,2.075382e+01,2.073291e+01,2.071200e+01,2.083741e+01,2.079562e+01,2.073988e+01,2.074685e+01,2.077472e+01,2.069805e+01,2.069108e+01,2.081652e+01,2.079562e+01,2.070502e+01,2.080259e+01,2.080955e+01,2.069805e+01,2.085134e+01,2.071897e+01,2.080259e+01,2.079562e+01,2.078866e+01,2.063528e+01,2.080259e+01,2.064923e+01,2.076775e+01,2.081652e+01,2.073291e+01,2.071200e+01,2.076775e+01,2.077472e+01,2.074685e+01,2.080259e+01,2.079562e+01,2.072594e+01,2.078866e+01,2.085830e+01,2.066318e+01,2.076079e+01,2.090702e+01,2.075382e+01,2.087222e+01,2.069108e+01,2.076079e+01,2.073988e+01,2.079562e+01,2.073988e+01,2.070502e+01,2.081652e+01,2.076775e+01,2.080259e+01,2.080955e+01,2.073291e+01,2.075382e+01,2.075382e+01,2.090006e+01,2.081652e+01,2.072594e+01,2.076775e+01,2.071200e+01,2.071897e+01,2.064225e+01,2.080955e+01,2.068410e+01,2.096962e+01,2.085830e+01,2.077472e+01
2.087918e+01,2.080955e+01,2.083741e+01,2.084437e+01,2.079562e+01,2.073988e+01,2.076775e+01,2.080259e+01,2.070502e+01,2.065621e+01,2.083741e+01,2.081652e+01,2.070502e+01,2.074685e+01,2.076775e+01,2.072594e+01,2.068410e+01,2.083045e+01,2.078866e+01,2.092093e+01,2.080259e+01,2.078866e+01,2.071897e+01,2.061434e+01,2.074685e+01,2.080955e+01,2.079562e+01,2.076079e+01,2.076775e+01,2.078866e+01,2.081652e+01,2.074685e+01,2.069108e+01,2.077472e+01,2.076079e+01,2.069805e+01,2.059340e+01,2.052358e+01,2.050961e+01,2.055152e+01,2.050961e+01,2.049564e+01,2.055152e+01,2.044672e+01,2.053057e+01,2.045371e+01,2.044672e+01,2.041875e+01,2.046769e+01,2.043274e+01,2.047468e+01,2.053755e+01,2.043973e+01,2.043973e+01,2.044672e+01,2.048166e+01,2.053057e+01,2.041875e+01,2.040477e+01,2.042575e+01,2.045371e+01,2.031382e+01,2.048166e+01,2.037679e+01,2.036980e+01,2.020177e+01,2.033481e+01,2.028582e+01,2.024380e+01,2.029982e+01,2.020877e+01,2.015971e+01,1.999133e+01,1.997026e+01,1.998431e+01,1.992109e+01,1.990000e+01,2.002643e+01,1.999133e+01,2.009660e+01,2.011764e+01,2.024380e+01,2.015270e+01,2.027181e+01,2.041176e+01,2.041176e+01,2.042575e+01,2.048865e+01,2.062132e+01,2.062830e+01,2.062830e+01,2.063528e+01,2.055152e+01,2.069805e+01,2.064923e+01,2.053755e+01,2.053755e+01,2.058643e+01,2.064923e+01,2.059340e+01,2.070502e+01,2.062132e+01,2.072594e+01,2.074685e+01,2.067016e+01,2.072594e+01,2.064923e+01,2.069805e+01,2.052358e+01,2.080259e+01,2.063528e+01,2.078169e+01,2.062830e+01,2.074685e+01,2.060039e+01,2.069108e+01,2.071897e+01,2.073988e+01,2.073988e+01,2.071200e+01,2.068410e+01,2.070502e+01,2.066318e+01,2.063528e+01,2.073291e+01,2.067016e+01,2.071200e+01,2.068410e+01,2.075382e+01,2.076079e+01,2.071897e+01,2.071897e+01,2.065621e+01,2.072594e+01,2.071200e+01,2.069108e+01,2.073988e+01,2.070502e+01,2.066318e+01,2.063528e+01,2.071897e+01,2.071200e+01,2.071897e+01,2.074685e+01,2.082348e+01,2.064923e+01,2.061434e+01,2.066318e+01,2.073988e+01,2.063528e+01,2.069805e+01,2.073988e+01,2.075382e+01,2.074685e+01,2.083045e+01,2.085134e+01,2.075382e+01,2.078866e+01,2.071200e+01,2.065621e+01,2.076775e+01,2.068410e+01,2.076775e+01,2.073291e+01,2.076775e+01,2.089310e+01,2.076079e+01,2.080259e+01,2.073988e+01,2.083741e+01,2.083045e+01,2.073988e+01,2.079562e+01,2.074685e+01,2.074685e+01,2.073291e+01,2.073291e+01,2.083045e+01,2.079562e+01,2.078169e+01,2.078866e+01,2.083741e+01,2.080259e+01,2.085134e+01,2.078169e+01,2.075382e+01,2.078169e+01,2.073291e+01,2.077472e+01,2.077472e+01,2.075382e+01,2.071897e+01,2.078169e+01,2.080955e+01,2.080259e+01,2.073988e+01,2.076775e+01,2.073988e+01,2.076079e+01,2.080955e+01,2.078169e+01,2.084437e+01,2.073988e+01,2.076079e+01,2.070502e+01,2.076775e+01,2.070502e+01,2.071897e+01,2.073291e+01,2.068410e+01,2.071200e+01,2.073988e+01,2.076775e+01,2.081652e+01,2.078169e+01,2.067713e+01,2.070502e+01,2.071200e+01,2.071897e+01,2.071897e+01,2.062830e+01,2.069805e+01,2.062830e+01,2.056548e+01,2.049564e+01,2.039778e+01,2.046070e+01,2.043973e+01,2.034181e+01,2.035581e+01,2.032082e+01,2.039778e+01,2.035581e+01,2.037679e+01,2.045371e+01,2.055152e+01,2.053755e+01,2.052358e+01,2.067016e+01,2.062132e+01,2.069805e+01,2.057246e+01,2.071200e+01,2.069805e+01,2.072594e+01,2.066318e+01,2.072594e+01,2.073291e+01,2.076079e+01,2.071897e+01,2.081652e+01,2.080259e+01,2.070502e+01,2.079562e+01,2.070502e+01,2.075382e+01,2.076775e+01,2.076775e+01,2.076079e+01,2.077472e+01,2.073291e+01,2.076775e+01,2.070502e+01,2.076775e+01,2.076775e+01,2.071897e+01,2.083741e+01,2.085830e+01,2.080955e+01,2.071897e+01,2.075382e+01,2.073291e+01,2.078866e+01,2.075382e+01,2.082348e+01,2.082348e+01,2.082348e+01,2.079562e+01,2.076079e+01,2.079562e+01,2.080259e+01,2.081652e+01,2.060736e+01,2.072594e+01,2.085134e+01,2.080955e+01,2.073988e+01,2.073988e+01,2.071200e+01,2.078866e+01,2.077472e+01,2.076079e+01,2.071897e+01,2.072594e+01,2.071897e+01,2.074685e+01,2.085134e+01,2.080259e+01,2.078169e+01,2.080259e+01,2.079562e+01,2.080955e+01,2.078866e+01,2.074685e+01,2.075382e+01,2.075382e+01,2.076775e+01,2.070502e+01,2.076775e+01,2.067016e+01,2.073291e+01,2.061434e+01,2.073291e+01,2.069805e+01,2.069108e+01,2.075382e+01,2.074685e+01,2.074685e+01,2.080259e+01,2.080259e+01,2.080955e+01,2.084437e+01,2.085134e+01,2.084437e+01,2.075382e+01,2.090006e+01,2.076079e+01,2.089310e+01,2.087918e+01,2.090006e+01,2.085830e+01,2.088614e+01,2.094876e+01,2.092093e+01,2.086526e+01,2.080259e+01,2.082348e+01,2.093485e+01,2.096267e+01,2.088614e+01,2.087222e+01,2.096267e+01,2.085134e+01,2.083045e+01,2.087222e+01,2.088614e+01,2.084437e+01,2.087222e+01,2.080955e+01,2.080259e+01,2.083741e+01,2.077472e+01,2.078169e+01,2.085134e+01,2.085134e+01,2.088614e+01,2.086526e+01,2.083045e+01,2.087918e+01,2.085134e+01,2.083741e+01,2.094876e+01,2.079562e+01,2.080955e+01,2.081652e+01,2.077472e+01,2.062830e+01,2.054453e+01,2.064923e+01,2.069805e+01,2.067713e+01,2.067016e+01,2.064225e+01,2.063528e+01,2.062830e+01,2.065621e+01,2.064225e+01,2.065621e+01,2.065621e+01,2.075382e+01,2.072594e+01,2.071200e+01,2.080955e+01,2.075382e+01,2.072594e+01,2.067713e+01,2.075382e+01,2.072594e+01,2.068410e+01,2.061434e+01,2.071200e+01,2.067713e+01,2.069805e+01,2.069108e+01,2.066318e+01,2.060039e+01,2.064225e+01,2.068410e+01,2.069805e+01,2.064225e+01,2.063528e+01,2.061434e+01,2.065621e+01,2.067713e+01,2.071200e+01,2.059340e+01,2.067713e+01,2.069108e+01,2.067016e+01,2.076775e+01,2.073988e+01,2.062132e+01,2.076079e+01,2.060039e+01,2.059340e+01,2.073988e+01,2.071897e+01,2.062830e+01,2.076079e+01,2.078866e+01,2.068410e+01,2.071897e+01,2.071897e+01,2.060736e+01,2.083045e+01,2.078866e+01,2.075382e+01,2.080955e+01,2.078169e+01,2.077472e+01,2.080955e+01,2.080259e+01,2.069108e+01,2.076775e+01,2.080259e+01,2.083045e+01,2.079562e+01,2.078866e+01,2.066318e+01,2.069805e+01,2.084437e+01,2.052358e+01,2.080259e+01,2.071897e+01,2.078866e+01,2.068410e+01,2.072594e+01,2.069805e+01,2.073988e+01,2.078866e+01,2.082348e+01,2.068410e+01,2.068410e+01,2.069805e+01,2.076079e+01,2.073291e+01,2.078866e+01,2.072594e+01,2.069805e+01,2.070502e+01,2.069805e+01,2.085830e+01,2.079562e+01,2.076079e+01,2.078866e+01,2.080955e+01,2.076079e+01,2.080955e+01,2.080955e+01,2.074685e+01,2.082348e+01,2.067713e+01,2.070502e+01,2.080955e+01,2.073291e+01,2.076079e+01,2.077472e+01,2.069805e+01,2.076775e+01,2.078169e+01,2.076775e+01,2.077472e+01,2.072594e+01,2.086526e+01,2.073291e+01,2.069108e+01,2.071200e+01,2.066318e+01,2.072594e+01,2.068410e+01,2.080259e+01,2.084437e+01,2.068410e+01,2.076079e+01,2.085134e+01,2.076775e+01,2.081652e+01,2.082348e+01,2.073291e+01,2.081652e+01,2.081652e+01,2.080259e+01,2.079562e+01,2.077472e+01,2.080259e+01,2.079562e+01,2.079562e+01,2.080259e+01,2.077472e+01,2.076079e+01,2.077472e+01,2.077472e+01,2.077472e+01,2.073988e+01,2.071897e+01,2.084437e+01,2.076775e+01,2.080259e+01,2.071897e+01,2.075382e+01,2.080955e+01,2.083741e+01,2.080955e+01,2.079562e+01,2.078169e+01,2.078866e+01,2.070502e+01,2.086526e+01,2.075382e+01,2.073291e+01,2.075382e+01,2.045371e+01,2.042575e+01,2.039778e+01,2.036980e+01,2.038379e+01,2.026481e+01,2.015971e+01,2.016672e+01,2.048865e+01,2.071897e+01,2.065621e+01,2.071897e+01,2.064225e+01,2.069805e+01,2.076079e+01,2.080259e+01,2.067016e+01,2.073291e+01,2.077472e+01,2.077472e+01,2.078169e+01,2.073988e+01,2.071200e+01,2.074685e+01,2.082348e+01,2.075382e+01,2.077472e+01,2.087918e+01,2.075382e+01,2.081652e+01,2.087918e+01,2.083741e+01,2.077472e+01,2.073291e+01,2.070502e+01,2.080955e+01,2.080259e+01,2.080955e+01,2.071897e+01,2.081652e+01,2.076775e+01,2.071897e+01,2.079562e+01,2.071200e+01,2.069108e+01,2.071200e+01,2.073291e+01,2.072594e+01,2.062830e+01,2.074685e+01,2.073291e+01,2.071897e+01,2.068410e+01,2.076775e+01,2.078169e+01,2.078866e+01,2.076079e+01,2.071200e+01,2.071200e+01,2.071897e+01,2.068410e+01,2.072594e+01,2.078866e+01,2.068410e+01,2.077472e+01,2.062830e+01,2.078169e+01,2.072594e+01,2.068410e+01,2.063528e+01,2.073988e+01,2.073291e+01,2.078866e+01,2.081652e+01,2.073988e+01,2.075382e+01,2.078866e+01,2.070502e+01,2.085134e+01,2.073988e+01,2.076775e+01,2.085830e+01,2.076079e+01,2.073988e+01,2.076079e+01,2.085830e+01,2.085134e+01,2.069805e+01,2.085134e+01,2.079562e+01,2.070502e+01,2.080955e+01,2.067713e+01,2.078866e+01,2.076079e+01,2.080259e+01,2.085134e+01,2.087222e+01,2.068410e+01,2.071897e+01,2.076775e+01,2.080955e+01,2.085134e+01,2.073988e+01,2.076079e+01,2.085134e+01,2.096962e+01,2.078169e+01,2.077472e+01
2.074685e+01,2.082348e+01,2.085134e+01,2.081652e+01,2.065621e+01,2.092789e+01,2.084437e+01,2.095572e+01,2.080955e+01,2.092789e+01,2.070502e+01,2.073988e+01,2.078866e+01,2.078169e+01,2.086526e+01,2.085830e+01,2.069108e+01,2.072594e+01,2.081652e+01,2.078169e+01,2.080955e+01,2.081652e+01,2.078866e+01,2.080955e+01,2.080259e+01,2.077472e+01,2.071897e+01,2.075382e+01,2.076775e+01,2.077472e+01,2.079562e+01,2.084437e+01,2.080955e+01,2.082348e+01,2.082348e+01,2.075382e+01,2.065621e+01,2.057246e+01,2.052358e+01,2.058643e+01,2.047468e+01,2.058643e+01,2.054453e+01,2.045371e+01,2.047468e+01,2.058643e+01,2.055152e+01,2.059340e+01,2.048166e+01,2.050262e+01,2.047468e+01,2.050961e+01,2.049564e+01,2.049564e+01,2.048865e+01,2.049564e+01,2.037679e+01,2.039778e+01,2.041875e+01,2.045371e+01,2.049564e+01,2.034881e+01,2.045371e+01,2.035581e+01,2.032782e+01,2.020877e+01,2.022979e+01,2.042575e+01,2.027881e+01,2.022278e+01,2.006854e+01,2.007556e+01,2.006854e+01,2.003345e+01,2.011764e+01,2.001941e+01,2.011764e+01,2.015270e+01,2.004749e+01,2.009660e+01,2.011764e+01,2.033481e+01,2.020877e+01,2.034881e+01,2.024380e+01,2.014569e+01,2.045371e+01,2.059340e+01,2.062830e+01,2.071200e+01,2.059340e+01,2.068410e+01,2.055152e+01,2.055850e+01,2.062132e+01,2.073988e+01,2.058643e+01,2.061434e+01,2.062132e+01,2.064923e+01,2.075382e+01,2.072594e+01,2.057246e+01,2.075382e+01,2.076079e+01,2.067713e+01,2.070502e+01,2.071200e+01,2.068410e+01,2.064225e+01,2.077472e+01,2.067713e+01,2.073291e+01,2.059340e+01,2.078169e+01,2.056548e+01,2.073291e+01,2.073291e+01,2.073291e+01,2.073988e+01,2.069108e+01,2.071200e+01,2.064923e+01,2.067713e+01,2.065621e+01,2.066318e+01,2.071200e+01,2.060039e+01,2.062830e+01,2.060039e+01,2.071897e+01,2.063528e+01,2.074685e+01,2.072594e+01,2.069108e+01,2.073291e+01,2.071200e+01,2.069108e+01,2.064923e+01,2.064225e+01,2.069805e+01,2.071897e+01,2.070502e+01,2.071200e+01,2.064923e+01,2.071897e+01,2.076079e+01,2.063528e+01,2.057246e+01,2.071200e+01,2.067016e+01,2.073988e+01,2.073291e+01,2.074685e+01,2.080955e+01,2.081652e+01,2.079562e+01,2.083741e+01,2.070502e+01,2.085830e+01,2.072594e+01,2.071200e+01,2.078866e+01,2.075382e+01,2.073988e+01,2.073988e+01,2.076079e+01,2.088614e+01,2.069108e+01,2.082348e+01,2.082348e+01,2.082348e+01,2.074685e+01,2.073988e+01,2.074685e+01,2.075382e+01,2.078169e+01,2.074685e+01,2.077472e+01,2.085830e+01,2.079562e+01,2.080259e+01,2.075382e+01,2.079562e+01,2.083045e+01,2.078169e+01,2.076775e+01,2.078169e+01,2.076079e+01,2.073291e+01,2.071897e+01,2.073988e+01,2.078866e+01,2.078866e+01,2.071200e+01,2.070502e+01,2.074685e+01,2.088614e+01,2.076775e+01,2.076775e+01,2.076079e+01,2.073988e+01,2.077472e+01,2.086526e+01,2.079562e+01,2.075382e+01,2.080259e+01,2.075382e+01,2.076079e+01,2.071897e+01,2.073988e+01,2.069108e+01,2.068410e+01,2.067016e+01,2.070502e+01,2.067016e+01,2.068410e+01,2.064923e+01,2.078169e+01,2.062132e+01,2.065621e+01,2.060736e+01,2.057944e+01,2.056548e+01,2.041176e+01,2.043274e+01,2.041176e+01,2.032782e+01,2.031382e+01,2.033481e+01,2.031382e+01,2.037679e+01,2.047468e+01,2.041176e+01,2.051660e+01,2.056548e+01,2.060736e+01,2.059340e+01,2.067713e+01,2.067016e+01,2.066318e+01,2.067713e+01,2.073291e+01,2.067713e+01,2.072594e+01,2.064225e+01,2.072594e+01,2.078169e+01,2.083741e+01,2.073291e+01,2.080259e+01,2.075382e+01,2.078169e+01,2.078866e+01,2.054453e+01,2.077472e+01,2.078866e+01,2.071897e+01,2.076775e+01,2.083045e+01,2.078169e+01,2.076775e+01,2.074685e+01,2.075382e+01,2.070502e+01,2.082348e+01,2.072594e+01,2.074685e+01,2.071200e+01,2.079562e+01,2.070502e+01,2.079562e+01,2.074685e+01,2.072594e+01,2.077472e+01,2.076775e+01,2.078866e+01,2.064225e+01,2.079562e+01,2.077472e+01,2.077472e+01,2.070502e+01,2.081652e+01,2.085134e+01,2.069108e+01,2.083045e+01,2.076775e+01,2.080955e+01,2.071897e+01,2.075382e+01,2.072594e+01,2.069108e+01,2.072594e+01,2.086526e+01,2.080259e+01,2.084437e+01,2.080259e+01,2.085134e+01,2.069805e+01,2.080955e+01,2.080259e+01,2.076079e+01,2.078866e+01,2.075382e+01,2.077472e+01,2.078169e+01,2.078866e+01,2.077472e+01,2.079562e+01,2.072594e+01,2.079562e+01,2.083741e+01,2.083741e+01,2.081652e+01,2.084437e+01,2.071897e+01,2.080955e+01,2.077472e+01,2.082348e+01,2.078866e+01,2.078866e+01,2.083045e+01,2.083045e+01,2.078169e+01,2.079562e+01,2.087918e+01,2.088614e+01,2.092789e+01,2.092789e+01,2.088614e+01,2.086526e+01,2.088614e+01,2.083045e+01,2.081652e+01,2.090006e+01,2.083741e+01,2.091398e+01,2.087222e+01,2.091398e+01,2.090006e+01,2.088614e+01,2.090702e+01,2.091398e+01,2.083741e+01,2.079562e+01,2.079562e+01,2.090702e+01,2.089310e+01,2.080259e+01,2.085134e+01,2.083741e+01,2.089310e+01,2.094180e+01,2.085134e+01,2.080955e+01,2.092093e+01,2.088614e+01,2.087222e+01,2.083045e+01,2.079562e+01,2.083741e+01,2.069805e+01,2.081652e+01,2.073988e+01,2.085134e+01,2.086526e+01,2.076775e+01,2.048865e+01,2.053755e+01,2.070502e+01,2.068410e+01,2.069108e+01,2.065621e+01,2.053057e+01,2.062132e+01,2.064923e+01,2.064923e+01,2.060736e+01,2.064225e+01,2.061434e+01,2.063528e+01,2.062830e+01,2.067016e+01,2.064225e+01,2.069805e+01,2.073291e+01,2.069108e+01,2.060039e+01,2.072594e+01,2.070502e+01,2.072594e+01,2.071200e+01,2.067016e+01,2.071200e+01,2.067713e+01,2.067016e+01,2.064923e+01,2.060736e+01,2.064225e+01,2.073988e+01,2.063528e+01,2.070502e+01,2.050262e+01,2.062830e+01,2.053057e+01,2.073988e+01,2.037679e+01,2.060039e+01,2.059340e+01,2.060736e+01,2.061434e+01,2.057944e+01,2.059340e+01,2.069108e+01,2.071200e+01,2.073988e+01,2.058643e+01,2.058643e+01,2.067713e+01,2.069108e+01,2.076775e+01,2.071897e+01,2.060039e+01,2.080955e+01,2.079562e+01,2.070502e+01,2.077472e+01,2.076775e+01,2.074685e+01,2.069108e+01,2.078866e+01,2.071200e+01,2.078866e+01,2.080259e+01,2.068410e+01,2.075382e+01,2.078169e+01,2.077472e+01,2.078169e+01,2.067016e+01,2.085134e+01,2.078169e+01,2.068410e+01,2.071200e+01,2.076079e+01,2.075382e+01,2.073291e+01,2.076079e+01,2.078169e+01,2.079562e+01,2.076079e+01,2.070502e+01,2.071200e+01,2.067016e+01,2.073988e+01,2.076079e+01,2.084437e+01,2.073291e+01,2.070502e+01,2.080259e+01,2.071897e+01,2.078866e+01,2.076079e+01,2.078169e+01,2.078866e+01,2.082348e+01,2.071200e+01,2.083045e+01,2.076079e+01,2.076079e+01,2.079562e+01,2.073988e+01,2.067713e+01,2.078866e+01,2.076079e+01,2.076775e+01,2.069108e+01,2.069805e+01,2.084437e+01,2.089310e+01,2.077472e+01,2.080259e+01,2.084437e+01,2.080259e+01,2.069805e+01,2.082348e+01,2.080259e+01,2.080259e+01,2.073291e+01,2.080955e+01,2.071200e+01,2.078866e+01,2.077472e+01,2.077472e+01,2.083741e+01,2.086526e+01,2.083741e+01,2.085134e+01,2.077472e+01,2.080955e+01,2.075382e+01,2.080955e+01,2.077472e+01,2.080259e+01,2.079562e+01,2.079562e+01,2.078169e+01,2.072594e+01,2.083741e+01,2.069108e+01,2.071200e+01,2.074685e+01,2.071200e+01,2.064923e+01,2.075382e+01,2.071897e+01,2.071200e+01,2.068410e+01,2.069805e+01,2.076079e+01,2.078866e+01,2.078169e+01,2.079562e+01,2.076079e+01,2.072594e+01,2.083045e+01,2.068410e+01,2.073988e+01,2.083045e+01,2.066318e+01,2.060736e+01,2.041176e+01,2.048166e+01,2.034881e+01,2.027181e+01,2.031382e+01,2.039778e+01,2.027181e+01,2.015270e+01,2.027181e+01,2.068410e+01,2.073988e+01,2.073291e+01,2.071200e+01,2.066318e+01,2.074685e+01,2.073291e+01,2.069108e+01,2.079562e+01,2.079562e+01,2.086526e+01,2.076775e+01,2.069805e+01,2.081652e+01,2.071200e+01,2.083741e+01,2.085134e+01,2.089310e+01,2.073988e+01,2.087222e+01,2.073291e+01,2.080259e+01,2.084437e+01,2.083741e+01,2.073988e+01,2.069108e+01,2.069805e+01,2.067713e+01,2.078866e+01,2.068410e+01,2.065621e+01,2.075382e+01,2.081652e+01,2.083045e+01,2.064923e+01,2.056548e+01,2.060039e+01,2.064225e+01,2.074685e+01,2.071200e+01,2.076079e+01,2.082348e+01,2.073988e+01,2.069805e+01,2.070502e+01,2.074685e+01,2.077472e+01,2.068410e+01,2.075382e+01,2.066318e+01,2.072594e+01,2.076079e+01,2.076079e+01,2.077472e+01,2.080259e+01,2.073988e+01,2.080259e+01,2.076775e+01,2.076079e+01,2.073291e+01,2.065621e+01,2.064225e+01,2.080259e+01,2.080259e+01,2.070502e+01,2.082348e+01,2.079562e+01,2.078866e+01,2.076775e+01,2.080955e+01,2.078169e+01,2.079562e+01,2.072594e+01,2.073988e+01,2.076775e+01,2.085134e+01,2.083045e+01,2.070502e+01,2.076079e+01,2.085134e+01,2.077472e+01,2.068410e+01,2.065621e+01,2.073291e+01,2.076079e+01,2.085134e+01,2.075382e+01,2.085830e+01,2.076079e+01,2.087222e+01,2.084437e+01,2.083045e+01,2.083741e+01,2.077472e+01,2.073988e+01,2.069805e+01,2.078866e+01,2.076079e+01,2.080259e+01,2.077472e+01
2.073988e+01,2.089310e+01,2.087918e+01,2.083741e+01,2.070502e+01,2.088614e+01,2.076775e+01,2.080259e+01,2.078866e+01,2.078169e+01,2.076775e+01,2.079562e+01,2.079562e+01,2.088614e+01,2.093485e+01,2.087222e+01,2.078866e+01,2.082348e+01,2.083045e+01,2.082348e+01,2.081652e+01,2.083045e+01,2.085134e+01,2.076775e+01,2.082348e+01,2.107388e+01,2.078866e+01,2.077472e+01,2.080955e+01,2.077472e+01,2.077472e+01,2.077472e+01,2.075382e+01,2.075382e+01,2.075382e+01,2.076775e+01,2.067016e+01,2.057944e+01,2.048166e+01,2.063528e+01,2.056548e+01,2.053755e+01,2.048166e+01,2.059340e+01,2.049564e+01,2.049564e+01,2.056548e+01,2.053755e+01,2.041875e+01,2.046070e+01,2.046070e+01,2.040477e+01,2.041176e+01,2.044672e+01,2.042575e+01,2.051660e+01,2.059340e+01,2.048166e+01,2.046769e+01,2.055850e+01,2.037679e+01,2.042575e+01,2.047468e+01,2.046769e+01,2.044672e+01,2.041176e+01,2.039078e+01,2.036280e+01,2.035581e+01,2.019476e+01,2.015270e+01,2.003345e+01,2.008257e+01,2.005451e+01,2.011063e+01,2.004749e+01,2.011764e+01,2.017373e+01,2.009660e+01,2.013167e+01,2.020877e+01,2.031382e+01,2.036280e+01,2.033481e+01,2.026481e+01,2.043973e+01,2.045371e+01,2.048865e+01,2.048166e+01,2.075382e+01,2.067016e+01,2.071897e+01,2.053057e+01,2.057246e+01,2.074685e+01,2.057944e+01,2.063528e+01,2.062132e+01,2.063528e+01,2.061434e+01,2.072594e+01,2.073291e+01,2.076079e+01,2.074685e+01,2.072594e+01,2.064923e+01,2.075382e+01,2.063528e+01,2.078866e+01,2.078169e+01,2.075382e+01,2.069805e+01,2.073291e+01,2.071200e+01,2.075382e+01,2.075382e+01,2.073291e+01,2.094180e+01,2.074685e+01,2.071200e+01,2.069805e+01,2.069108e+01,2.076079e+01,2.060736e+01,2.077472e+01,2.067713e+01,2.072594e+01,2.078169e+01,2.073291e+01,2.067016e+01,2.069805e+01,2.069108e+01,2.073988e+01,2.071897e+01,2.071897e+01,2.068410e+01,2.070502e+01,2.083045e+01,2.071897e+01,2.071200e+01,2.074685e+01,2.071200e+01,2.073988e+01,2.074685e+01,2.083045e+01,2.074685e+01,2.080955e+01,2.077472e+01,2.071200e+01,2.073291e+01,2.073988e+01,2.073988e+01,2.072594e+01,2.075382e+01,2.075382e+01,2.083045e+01,2.072594e+01,2.082348e+01,2.087222e+01,2.083045e+01,2.083045e+01,2.075382e+01,2.088614e+01,2.097658e+01,2.075382e+01,2.076079e+01,2.075382e+01,2.080259e+01,2.078169e+01,2.079562e+01,2.075382e+01,2.076775e+01,2.076079e+01,2.079562e+01,2.081652e+01,2.080259e+01,2.075382e+01,2.080955e+01,2.083741e+01,2.083741e+01,2.076775e+01,2.087222e+01,2.074685e+01,2.078866e+01,2.078169e+01,2.077472e+01,2.078866e+01,2.080259e+01,2.073988e+01,2.082348e+01,2.081652e+01,2.076775e+01,2.074685e+01,2.081652e+01,2.072594e+01,2.082348e+01,2.082348e+01,2.073988e+01,2.077472e+01,2.077472e+01,2.082348e+01,2.079562e+01,2.080259e+01,2.073291e+01,2.072594e+01,2.082348e+01,2.071200e+01,2.078169e+01,2.079562e+01,2.076079e+01,2.075382e+01,2.071200e+01,2.082348e+01,2.077472e+01,2.074685e+01,2.062132e+01,2.065621e+01,2.062830e+01,2.070502e+01,2.060039e+01,2.065621e+01,2.053755e+01,2.053057e+01,2.052358e+01,2.048865e+01,2.032082e+01,2.037679e+01,2.032782e+01,2.032082e+01,2.041176e+01,2.034881e+01,2.039078e+01,2.053057e+01,2.055850e+01,2.052358e+01,2.059340e+01,2.056548e+01,2.059340e+01,2.063528e+01,2.057944e+01,2.068410e+01,2.073988e+01,2.071200e+01,2.072594e+01,2.070502e+01,2.073291e+01,2.071897e+01,2.074685e+01,2.077472e+01,2.078866e+01,2.080955e+01,2.078866e+01,2.071897e+01,2.071897e+01,2.076775e+01,2.073988e+01,2.073988e+01,2.075382e+01,2.076079e+01,2.078866e+01,2.080955e+01,2.075382e+01,2.076079e+01,2.077472e+01,2.076775e+01,2.069805e+01,2.081652e+01,2.080955e+01,2.073988e+01,2.079562e+01,2.077472e+01,2.070502e+01,2.076775e+01,2.076079e+01,2.080955e+01,2.076079e+01,2.076775e+01,2.077472e+01,2.076079e+01,2.073988e+01,2.079562e+01,2.073988e+01,2.079562e+01,2.083045e+01,2.073291e+01,2.078169e+01,2.073988e+01,2.075382e+01,2.080259e+01,2.081652e+01,2.070502e+01,2.072594e+01,2.087222e+01,2.085830e+01,2.080955e+01,2.078866e+01,2.080955e+01,2.090702e+01,2.075382e+01,2.082348e+01,2.081652e+01,2.080259e+01,2.078169e+01,2.080955e+01,2.078169e+01,2.077472e+01,2.096962e+01,2.080259e+01,2.074685e+01,2.081652e+01,2.069805e+01,2.072594e+01,2.069805e+01,2.073291e+01,2.078169e+01,2.078169e+01,2.094876e+01,2.082348e+01,2.078866e+01,2.080259e+01,2.080259e+01,2.079562e+01,2.076079e+01,2.078169e+01,2.082348e+01,2.103914e+01,2.087918e+01,2.091398e+01,2.089310e+01,2.092093e+01,2.085830e+01,2.087222e+01,2.096267e+01,2.092093e+01,2.085134e+01,2.084437e+01,2.090702e+01,2.083741e+01,2.092789e+01,2.092789e+01,2.086526e+01,2.099048e+01,2.084437e+01,2.080259e+01,2.091398e+01,2.085830e+01,2.092093e+01,2.083741e+01,2.090702e+01,2.091398e+01,2.089310e+01,2.084437e+01,2.088614e+01,2.096267e+01,2.086526e+01,2.090702e+01,2.083741e+01,2.093485e+01,2.087918e+01,2.087222e+01,2.083045e+01,2.082348e+01,2.090702e+01,2.085830e+01,2.078169e+01,2.067016e+01,2.066318e+01,2.055850e+01,2.067016e+01,2.065621e+01,2.067713e+01,2.065621e+01,2.064923e+01,2.067016e+01,2.062132e+01,2.062132e+01,2.060736e+01,2.064923e+01,2.063528e+01,2.062830e+01,2.072594e+01,2.064923e+01,2.066318e+01,2.073291e+01,2.073988e+01,2.073291e+01,2.065621e+01,2.066318e+01,2.070502e+01,2.069805e+01,2.085134e+01,2.064225e+01,2.077472e+01,2.049564e+01,2.064225e+01,2.057944e+01,2.065621e+01,2.064225e+01,2.069805e+01,2.064225e+01,2.065621e+01,2.068410e+01,2.065621e+01,2.064923e+01,2.071897e+01,2.065621e+01,2.065621e+01,2.058643e+01,2.060736e+01,2.065621e+01,2.058643e+01,2.060039e+01,2.062830e+01,2.062830e+01,2.060039e+01,2.073291e+01,2.060736e+01,2.076775e+01,2.078169e+01,2.069108e+01,2.072594e+01,2.073291e+01,2.078866e+01,2.069108e+01,2.064225e+01,2.060736e+01,2.071200e+01,2.076775e+01,2.075382e+01,2.075382e+01,2.076079e+01,2.075382e+01,2.077472e+01,2.078169e+01,2.078866e+01,2.078866e+01,2.072594e+01,2.076079e+01,2.073988e+01,2.078169e+01,2.069805e+01,2.072594e+01,2.071897e+01,2.077472e+01,2.073291e+01,2.072594e+01,2.085134e+01,2.072594e+01,2.074685e+01,2.070502e+01,2.077472e+01,2.069805e+01,2.071897e+01,2.070502e+01,2.069108e+01,2.067713e+01,2.073291e+01,2.075382e+01,2.071897e+01,2.088614e+01,2.087222e+01,2.072594e+01,2.084437e+01,2.076079e+01,2.072594e+01,2.073988e+01,2.071897e+01,2.073291e+01,2.083741e+01,2.068410e+01,2.101134e+01,2.071200e+01,2.078169e+01,2.068410e+01,2.069108e+01,2.073291e+01,2.070502e+01,2.067016e+01,2.078866e+01,2.074685e+01,2.073291e+01,2.071897e+01,2.085134e+01,2.073988e+01,2.085830e+01,2.071200e+01,2.080259e+01,2.073988e+01,2.075382e+01,2.078866e+01,2.069805e+01,2.069805e+01,2.081652e+01,2.082348e+01,2.078866e+01,2.076775e+01,2.080955e+01,2.080259e+01,2.080955e+01,2.084437e+01,2.085830e+01,2.083741e+01,2.080955e+01,2.073988e+01,2.081652e+01,2.080259e+01,2.078169e+01,2.078866e+01,2.076775e+01,2.081652e+01,2.070502e+01,2.078169e+01,2.070502e+01,2.072594e+01,2.078866e+01,2.072594e+01,2.075382e+01,2.075382e+01,2.074685e+01,2.064225e+01,2.079562e+01,2.080259e+01,2.076775e+01,2.074685e+01,2.078169e+01,2.069805e+01,2.080259e+01,2.077472e+01,2.087222e+01,2.073291e+01,2.056548e+01,2.052358e+01,2.045371e+01,2.045371e+01,2.050961e+01,2.024380e+01,2.040477e+01,2.029282e+01,2.027181e+01,2.028582e+01,2.034881e+01,2.071200e+01,2.067016e+01,2.072594e+01,2.069108e+01,2.068410e+01,2.080259e+01,2.078169e+01,2.073988e+01,2.075382e+01,2.071200e+01,2.078866e+01,2.076079e+01,2.073291e+01,2.096267e+01,2.083045e+01,2.075382e+01,2.074685e+01,2.076775e+01,2.079562e+01,2.081652e+01,2.080259e+01,2.081652e+01,2.079562e+01,2.087222e+01,2.071897e+01,2.078169e+01,2.085830e+01,2.082348e+01,2.102524e+01,2.083741e+01,2.078169e+01,2.083741e+01,2.057246e+01,2.076079e+01,2.078866e+01,2.071897e+01,2.073291e+01,2.060736e+01,2.078866e+01,2.073988e+01,2.071897e+01,2.078866e+01,2.081652e+01,2.064923e+01,2.072594e+01,2.077472e+01,2.075382e+01,2.084437e+01,2.073988e+01,2.071897e+01,2.064923e+01,2.089310e+01,2.067713e+01,2.064923e+01,2.074685e+01,2.074685e+01,2.068410e+01,2.075382e+01,2.078866e+01,2.073988e+01,2.073988e+01,2.061434e+01,2.069805e+01,2.078169e+01,2.079562e+01,2.084437e+01,2.087222e+01,2.076775e+01,2.073988e+01,2.073291e+01,2.078169e+01,2.085134e+01,2.074685e+01,2.087918e+01,2.085134e+01,2.073291e+01,2.074685e+01,2.080955e+01,2.081652e+01,2.079562e+01,2.081652e+01,2.076775e+01,2.090702e+01,2.090006e+01,2.080259e+01,2.070502e+01,2.079562e+01,2.088614e+01,2.072594e+01,2.081652e+01,2.075382e+01,2.074685e+01,2.080259e+01,2.085830e+01,2.082348e+01,2.085134e+01,2.093485e+01,2.094180e+01,2.076775e+01
2.073988e+01,2.075382e+01,2.071200e+01,2.072594e+01,2.083045e+01,2.067016e+01,2.083741e+01,2.075382e+01,2.080955e+01,2.078169e+01,2.074685e+01,2.080955e+01,2.069805e+01,2.091398e+01,2.077472e+01,2.073291e+01,2.076079e+01,2.080955e+01,2.081652e+01,2.076775e+01,2.070502e+01,2.073291e+01,2.073988e+01,2.069805e+01,2.078866e+01,2.086526e+01,2.080259e+01,2.075382e+01,2.082348e+01,2.073291e+01,2.074685e+01,2.078169e+01,2.092789e+01,2.083045e+01,2.069108e+01,2.057246e+01,2.055152e+01,2.054453e+01,2.053755e+01,2.057246e+01,2.056548e+01,2.060039e+01,2.054453e+01,2.050262e+01,2.054453e+01,2.057246e+01,2.058643e+01,2.045371e+01,2.060736e+01,2.050961e+01,2.054453e+01,2.047468e+01,2.041875e+01,2.042575e+01,2.051660e+01,2.048166e+01,2.051660e+01,2.055850e+01,2.043274e+01,2.044672e+01,2.050961e+01,2.046769e+01,2.050262e+01,2.038379e+01,2.041176e+01,2.049564e+01,2.038379e+01,2.041176e+01,2.035581e+01,2.011063e+01,2.022979e+01,2.006152e+01,2.005451e+01,2.014569e+01,2.020877e+01,2.006854e+01,2.018775e+01,2.007556e+01,2.017373e+01,2.018074e+01,2.022278e+01,2.029982e+01,2.018074e+01,2.035581e+01,2.041875e+01,2.025080e+01,2.048166e+01,2.044672e+01,2.062132e+01,2.062830e+01,2.057246e+01,2.060039e+01,2.065621e+01,2.050262e+01,2.055850e+01,2.058643e+01,2.060039e+01,2.060736e+01,2.061434e+01,2.069108e+01,2.075382e+01,2.071200e+01,2.064225e+01,2.076079e+01,2.057944e+01,2.070502e+01,2.074685e+01,2.065621e+01,2.067016e+01,2.071200e+01,2.059340e+01,2.055152e+01,2.075382e+01,2.073988e+01,2.073291e+01,2.073291e+01,2.073988e+01,2.079562e+01,2.070502e+01,2.062132e+01,2.071200e+01,2.069805e+01,2.066318e+01,2.067713e+01,2.072594e+01,2.062830e+01,2.071897e+01,2.071897e+01,2.069108e+01,2.062830e+01,2.060039e+01,2.079562e+01,2.070502e+01,2.070502e+01,2.073291e+01,2.069805e+01,2.071897e+01,2.069108e+01,2.075382e+01,2.070502e+01,2.069805e+01,2.076775e+01,2.071897e+01,2.067713e+01,2.070502e+01,2.099744e+01,2.071200e+01,2.072594e+01,2.074685e+01,2.074685e+01,2.074685e+01,2.073291e+01,2.079562e+01,2.073291e+01,2.073291e+01,2.080955e+01,2.076079e+01,2.071897e+01,2.072594e+01,2.073291e+01,2.080259e+01,2.073291e+01,2.073988e+01,2.073291e+01,2.079562e+01,2.080259e+01,2.088614e+01,2.078866e+01,2.083045e+01,2.079562e+01,2.082348e+01,2.079562e+01,2.073291e+01,2.073988e+01,2.071200e+01,2.078169e+01,2.079562e+01,2.076775e+01,2.068410e+01,2.076079e+01,2.086526e+01,2.085134e+01,2.085830e+01,2.083045e+01,2.076775e+01,2.080955e+01,2.079562e+01,2.085134e+01,2.078866e+01,2.073291e+01,2.078866e+01,2.083045e+01,2.073988e+01,2.070502e+01,2.073988e+01,2.076079e+01,2.072594e+01,2.074685e+01,2.073988e+01,2.079562e+01,2.080259e+01,2.080955e+01,2.085134e+01,2.071200e+01,2.071200e+01,2.085830e+01,2.076775e+01,2.077472e+01,2.070502e+01,2.080259e+01,2.070502e+01,2.071200e+01,2.083741e+01,2.066318e+01,2.065621e+01,2.064923e+01,2.063528e+01,2.064225e+01,2.064923e+01,2.060736e+01,2.062830e+01,2.057246e+01,2.045371e+01,2.036280e+01,2.031382e+01,2.043973e+01,2.049564e+01,2.036980e+01,2.033481e+01,2.045371e+01,2.032082e+01,2.034881e+01,2.039778e+01,2.050961e+01,2.044672e+01,2.053755e+01,2.056548e+01,2.060039e+01,2.061434e+01,2.060736e+01,2.074685e+01,2.071200e+01,2.069805e+01,2.066318e+01,2.071897e+01,2.072594e+01,2.067016e+01,2.077472e+01,2.080259e+01,2.080259e+01,2.075382e+01,2.076079e+01,2.071897e+01,2.074685e+01,2.069108e+01,2.070502e+01,2.080259e+01,2.074685e+01,2.085134e+01,2.077472e+01,2.079562e+01,2.081652e+01,2.076079e+01,2.075382e+01,2.078866e+01,2.076079e+01,2.076079e+01,2.080955e+01,2.080955e+01,2.080955e+01,2.078866e+01,2.091398e+01,2.071897e+01,2.074685e+01,2.080955e+01,2.090006e+01,2.076079e+01,2.083045e+01,2.078169e+01,2.075382e+01,2.084437e+01,2.079562e+01,2.080955e+01,2.087222e+01,2.080955e+01,2.076775e+01,2.077472e+01,2.074685e+01,2.075382e+01,2.081652e+01,2.071200e+01,2.071200e+01,2.078866e+01,2.087918e+01,2.080259e+01,2.077472e+01,2.073988e+01,2.079562e+01,2.071897e+01,2.076775e+01,2.078866e+01,2.069805e+01,2.078866e+01,2.081652e+01,2.072594e+01,2.078169e+01,2.083045e+01,2.085830e+01,2.079562e+01,2.062132e+01,2.066318e+01,2.076079e+01,2.079562e+01,2.080955e+01,2.092789e+01,2.082348e+01,2.078169e+01,2.080259e+01,2.080955e+01,2.080955e+01,2.078866e+01,2.076079e+01,2.077472e+01,2.076079e+01,2.078169e+01,2.087918e+01,2.088614e+01,2.092093e+01,2.086526e+01,2.084437e+01,2.090702e+01,2.092789e+01,2.094180e+01,2.089310e+01,2.079562e+01,2.087222e+01,2.087222e+01,2.090006e+01,2.076775e+01,2.103219e+01,2.087918e+01,2.085134e+01,2.086526e+01,2.082348e+01,2.094180e+01,2.077472e+01,2.084437e+01,2.080259e+01,2.090006e+01,2.090702e+01,2.087918e+01,2.086526e+01,2.088614e+01,2.085134e+01,2.086526e+01,2.089310e+01,2.087222e+01,2.088614e+01,2.089310e+01,2.096267e+01,2.085830e+01,2.088614e+01,2.078169e+01,2.080955e+01,2.089310e+01,2.082348e+01,2.086526e+01,2.077472e+01,2.073291e+01,2.054453e+01,2.063528e+01,2.066318e+01,2.066318e+01,2.056548e+01,2.065621e+01,2.074685e+01,2.063528e+01,2.064225e+01,2.063528e+01,2.063528e+01,2.062830e+01,2.065621e+01,2.064225e+01,2.069108e+01,2.068410e+01,2.072594e+01,2.069805e+01,2.066318e+01,2.069108e+01,2.069108e+01,2.066318e+01,2.067713e+01,2.061434e+01,2.069805e+01,2.059340e+01,2.067016e+01,2.074685e+01,2.064225e+01,2.070502e+01,2.065621e+01,2.069108e+01,2.061434e+01,2.076079e+01,2.074685e+01,2.064923e+01,2.072594e+01,2.064225e+01,2.064923e+01,2.061434e+01,2.064225e+01,2.060736e+01,2.064923e+01,2.063528e+01,2.073291e+01,2.073988e+01,2.069108e+01,2.073988e+01,2.059340e+01,2.072594e+01,2.057944e+01,2.071897e+01,2.080955e+01,2.064923e+01,2.069108e+01,2.064225e+01,2.060736e+01,2.067016e+01,2.055850e+01,2.071200e+01,2.070502e+01,2.073988e+01,2.073291e+01,2.074685e+01,2.065621e+01,2.080259e+01,2.067713e+01,2.075382e+01,2.080259e+01,2.078866e+01,2.083045e+01,2.069108e+01,2.069108e+01,2.076775e+01,2.076079e+01,2.070502e+01,2.081652e+01,2.080955e+01,2.079562e+01,2.078866e+01,2.079562e+01,2.075382e+01,2.090006e+01,2.067713e+01,2.073988e+01,2.070502e+01,2.085134e+01,2.083741e+01,2.075382e+01,2.074685e+01,2.085134e+01,2.081652e+01,2.078169e+01,2.073988e+01,2.073988e+01,2.071200e+01,2.073291e+01,2.077472e+01,2.068410e+01,2.073291e+01,2.071897e+01,2.065621e+01,2.076079e+01,2.077472e+01,2.072594e+01,2.074685e+01,2.071897e+01,2.067713e+01,2.074685e+01,2.074685e+01,2.073988e+01,2.078866e+01,2.073988e+01,2.078169e+01,2.084437e+01,2.076775e+01,2.071897e+01,2.069108e+01,2.072594e+01,2.073291e+01,2.069805e+01,2.080259e+01,2.077472e+01,2.071897e+01,2.078169e+01,2.086526e+01,2.077472e+01,2.080955e+01,2.090702e+01,2.073988e+01,2.078169e+01,2.079562e+01,2.072594e+01,2.090702e+01,2.085134e+01,2.075382e+01,2.078169e+01,2.070502e+01,2.079562e+01,2.073988e+01,2.071200e+01,2.087222e+01,2.078866e+01,2.073988e+01,2.078169e+01,2.070502e+01,2.075382e+01,2.078866e+01,2.076079e+01,2.062132e+01,2.077472e+01,2.063528e+01,2.081652e+01,2.073291e+01,2.079562e+01,2.075382e+01,2.076079e+01,2.070502e+01,2.069805e+01,2.077472e+01,2.064225e+01,2.054453e+01,2.066318e+01,2.038379e+01,2.046070e+01,2.039078e+01,2.031382e+01,2.034881e+01,2.029282e+01,2.031382e+01,2.015270e+01,2.018074e+01,2.040477e+01,2.075382e+01,2.071897e+01,2.067016e+01,2.064225e+01,2.071897e+01,2.081652e+01,2.080955e+01,2.078169e+01,2.073291e+01,2.073988e+01,2.073988e+01,2.073988e+01,2.078866e+01,2.093485e+01,2.083045e+01,2.078169e+01,2.090006e+01,2.090006e+01,2.076079e+01,2.080955e+01,2.081652e+01,2.073988e+01,2.083741e+01,2.078169e+01,2.085830e+01,2.068410e+01,2.070502e+01,2.094876e+01,2.085830e+01,2.086526e+01,2.080259e+01,2.072594e+01,2.078866e+01,2.080259e+01,2.062830e+01,2.077472e+01,2.064225e+01,2.076775e+01,2.071897e+01,2.072594e+01,2.074685e+01,2.078169e+01,2.071200e+01,2.069108e+01,2.072594e+01,2.076079e+01,2.076079e+01,2.072594e+01,2.073291e+01,2.069108e+01,2.074685e+01,2.081652e+01,2.069108e+01,2.068410e+01,2.070502e+01,2.073291e+01,2.102524e+01,2.076079e+01,2.077472e+01,2.074685e+01,2.069805e+01,2.076775e+01,2.067713e+01,2.089310e+01,2.081652e+01,2.075382e+01,2.083045e+01,2.074685e+01,2.078866e+01,2.074685e+01,2.076079e+01,2.084437e+01,2.075382e+01,2.076775e+01,2.076775e+01,2.080955e+01,2.083045e+01,2.071897e+01,2.080259e+01,2.079562e+01,2.078169e+01,2.071897e+01,2.074685e+01,2.075382e+01,2.082348e+01,2.086526e+01,2.075382e+01,2.073988e+01,2.071897e+01,2.069805e+01,2.084437e+01,2.085134e+01,2.085830e+01,2.081652e+01,2.075382e+01,2.092789e+01,2.083741e+01,2.080259e+01
2.074685e+01,2.078866e+01,2.073291e+01,2.070502e+01,2.078169e+01,2.071200e+01,2.078169e+01,2.078866e+01,2.079562e+01,2.078866e+01,2.075382e+01,2.078169e+01,2.078169e+01,2.086526e+01,2.073988e+01,2.082348e+01,2.078169e+01,2.083045e+01,2.073291e+01,2.066318e+01,2.083741e+01,2.077472e+01,2.071897e+01,2.069805e+01,2.073988e+01,2.080955e+01,2.069805e+01,2.080955e+01,2.073291e+01,2.084437e+01,2.070502e+01,2.072594e+01,2.078866e+01,2.087918e+01,2.076775e+01,2.057944e+01,2.050961e+01,2.053755e+01,2.050262e+01,2.055152e+01,2.046070e+01,2.051660e+01,2.050961e+01,2.052358e+01,2.052358e+01,2.054453e+01,2.055152e+01,2.055850e+01,2.053057e+01,2.050961e+01,2.069108e+01,2.044672e+01,2.041875e+01,2.047468e+01,2.049564e+01,2.046070e+01,2.058643e+01,2.044672e+01,2.053057e+01,2.052358e+01,2.050262e+01,2.050961e+01,2.043274e+01,2.040477e+01,2.048166e+01,2.037679e+01,2.036980e+01,2.046070e+01,2.034181e+01,2.021578e+01,2.013868e+01,2.008959e+01,2.007556e+01,2.012466e+01,2.010362e+01,2.011764e+01,2.013868e+01,2.019476e+01,2.018074e+01,2.020177e+01,2.012466e+01,2.036280e+01,2.022979e+01,2.037679e+01,2.039078e+01,2.060039e+01,2.041875e+01,2.055152e+01,2.063528e+01,2.062830e+01,2.062830e+01,2.062830e+01,2.060039e+01,2.060039e+01,2.055850e+01,2.057944e+01,2.062132e+01,2.064923e+01,2.063528e+01,2.072594e+01,2.072594e+01,2.063528e+01,2.065621e+01,2.066318e+01,2.066318e+01,2.067016e+01,2.077472e+01,2.071200e+01,2.070502e+01,2.075382e+01,2.061434e+01,2.074685e+01,2.073291e+01,2.069805e+01,2.067016e+01,2.070502e+01,2.080259e+01,2.064225e+01,2.072594e+01,2.076775e+01,2.060039e+01,2.077472e+01,2.066318e+01,2.068410e+01,2.069108e+01,2.064923e+01,2.066318e+01,2.071897e+01,2.073291e+01,2.079562e+01,2.073988e+01,2.070502e+01,2.077472e+01,2.067713e+01,2.073291e+01,2.071200e+01,2.074685e+01,2.066318e+01,2.078169e+01,2.072594e+01,2.061434e+01,2.061434e+01,2.074685e+01,2.071897e+01,2.074685e+01,2.073988e+01,2.070502e+01,2.073291e+01,2.073988e+01,2.075382e+01,2.075382e+01,2.074685e+01,2.072594e+01,2.071897e+01,2.083741e+01,2.083045e+01,2.076079e+01,2.069805e+01,2.074685e+01,2.082348e+01,2.082348e+01,2.083045e+01,2.078866e+01,2.080955e+01,2.066318e+01,2.067016e+01,2.072594e+01,2.078866e+01,2.071200e+01,2.087918e+01,2.078169e+01,2.076775e+01,2.076079e+01,2.076079e+01,2.073291e+01,2.075382e+01,2.076079e+01,2.076079e+01,2.073988e+01,2.086526e+01,2.064923e+01,2.083741e+01,2.074685e+01,2.079562e+01,2.078169e+01,2.077472e+01,2.078866e+01,2.074685e+01,2.080259e+01,2.078169e+01,2.080259e+01,2.067713e+01,2.072594e+01,2.072594e+01,2.071200e+01,2.073988e+01,2.069805e+01,2.078866e+01,2.080259e+01,2.069805e+01,2.073988e+01,2.075382e+01,2.085830e+01,2.070502e+01,2.066318e+01,2.069108e+01,2.075382e+01,2.075382e+01,2.069805e+01,2.071200e+01,2.075382e+01,2.058643e+01,2.069805e+01,2.070502e+01,2.069805e+01,2.069805e+01,2.057944e+01,2.061434e+01,2.057944e+01,2.053755e+01,2.046769e+01,2.053057e+01,2.046070e+01,2.043274e+01,2.027881e+01,2.032782e+01,2.031382e+01,2.033481e+01,2.036980e+01,2.038379e+01,2.032082e+01,2.034881e+01,2.042575e+01,2.037679e+01,2.046070e+01,2.051660e+01,2.054453e+01,2.063528e+01,2.055850e+01,2.068410e+01,2.074685e+01,2.074685e+01,2.061434e+01,2.069108e+01,2.069805e+01,2.069108e+01,2.058643e+01,2.071897e+01,2.061434e+01,2.073291e+01,2.070502e+01,2.071897e+01,2.074685e+01,2.068410e+01,2.071200e+01,2.073988e+01,2.072594e+01,2.076079e+01,2.071200e+01,2.075382e+01,2.073291e+01,2.073988e+01,2.088614e+01,2.076775e+01,2.077472e+01,2.076775e+01,2.069805e+01,2.071200e+01,2.073988e+01,2.074685e+01,2.081652e+01,2.071897e+01,2.075382e+01,2.085134e+01,2.080259e+01,2.077472e+01,2.075382e+01,2.079562e+01,2.076079e+01,2.077472e+01,2.075382e+01,2.085830e+01,2.077472e+01,2.074685e+01,2.083741e+01,2.077472e+01,2.074685e+01,2.075382e+01,2.071200e+01,2.071897e+01,2.084437e+01,2.067713e+01,2.077472e+01,2.071200e+01,2.072594e+01,2.071200e+01,2.076775e+01,2.080955e+01,2.076775e+01,2.079562e+01,2.077472e+01,2.064225e+01,2.085830e+01,2.078866e+01,2.069108e+01,2.070502e+01,2.066318e+01,2.087222e+01,2.082348e+01,2.071200e+01,2.075382e+01,2.081652e+01,2.081652e+01,2.078866e+01,2.080955e+01,2.090006e+01,2.096267e+01,2.088614e+01,2.073988e+01,2.079562e+01,2.079562e+01,2.078169e+01,2.074685e+01,2.076079e+01,2.076775e+01,2.088614e+01,2.087918e+01,2.080259e+01,2.093485e+01,2.093485e+01,2.092789e+01,2.079562e+01,2.094876e+01,2.082348e+01,2.089310e+01,2.087918e+01,2.085134e+01,2.085830e+01,2.103219e+01,2.103914e+01,2.085134e+01,2.090006e+01,2.091398e+01,2.087918e+01,2.082348e+01,2.084437e+01,2.089310e+01,2.085134e+01,2.087918e+01,2.080259e+01,2.083741e+01,2.090006e+01,2.091398e+01,2.087222e+01,2.084437e+01,2.088614e+01,2.087222e+01,2.087918e+01,2.085134e+01,2.087222e+01,2.082348e+01,2.081652e+01,2.083741e+01,2.100439e+01,2.082348e+01,2.086526e+01,2.085134e+01,2.075382e+01,2.076079e+01,2.070502e+01,2.064923e+01,2.049564e+01,2.071897e+01,2.072594e+01,2.069805e+01,2.061434e+01,2.063528e+01,2.063528e+01,2.069108e+01,2.055850e+01,2.063528e+01,2.064225e+01,2.062830e+01,2.063528e+01,2.057944e+01,2.062132e+01,2.069108e+01,2.069805e+01,2.065621e+01,2.055152e+01,2.059340e+01,2.065621e+01,2.060736e+01,2.041875e+01,2.055152e+01,2.057944e+01,2.071200e+01,2.062132e+01,2.057944e+01,2.057246e+01,2.066318e+01,2.062132e+01,2.064225e+01,2.067713e+01,2.063528e+01,2.065621e+01,2.057944e+01,2.051660e+01,2.059340e+01,2.051660e+01,2.061434e+01,2.058643e+01,2.067713e+01,2.059340e+01,2.074685e+01,2.056548e+01,2.062132e+01,2.057246e+01,2.057246e+01,2.062830e+01,2.063528e+01,2.064225e+01,2.060039e+01,2.062830e+01,2.063528e+01,2.063528e+01,2.067016e+01,2.071897e+01,2.062830e+01,2.070502e+01,2.073291e+01,2.080259e+01,2.072594e+01,2.073988e+01,2.078866e+01,2.072594e+01,2.072594e+01,2.072594e+01,2.076079e+01,2.068410e+01,2.083741e+01,2.069108e+01,2.077472e+01,2.069108e+01,2.078169e+01,2.065621e+01,2.069805e+01,2.074685e+01,2.067016e+01,2.069108e+01,2.070502e+01,2.071200e+01,2.078866e+01,2.080259e+01,2.069805e+01,2.074685e+01,2.078169e+01,2.076775e+01,2.082348e+01,2.074685e+01,2.076079e+01,2.074685e+01,2.073291e+01,2.070502e+01,2.073291e+01,2.071897e+01,2.071897e+01,2.072594e+01,2.067713e+01,2.072594e+01,2.076079e+01,2.074685e+01,2.069108e+01,2.073988e+01,2.073291e+01,2.069108e+01,2.076775e+01,2.072594e+01,2.078866e+01,2.076775e+01,2.076775e+01,2.075382e+01,2.078169e+01,2.081652e+01,2.071200e+01,2.071897e+01,2.073291e+01,2.080259e+01,2.076079e+01,2.068410e+01,2.069805e+01,2.083741e+01,2.073291e+01,2.079562e+01,2.083045e+01,2.080259e+01,2.085134e+01,2.070502e+01,2.079562e+01,2.081652e+01,2.080955e+01,2.075382e+01,2.080259e+01,2.074685e+01,2.078169e+01,2.084437e+01,2.083741e+01,2.078866e+01,2.077472e+01,2.076775e+01,2.073988e+01,2.070502e+01,2.069108e+01,2.078866e+01,2.072594e+01,2.083045e+01,2.074685e+01,2.079562e+01,2.078866e+01,2.083741e+01,2.073291e+01,2.071200e+01,2.067713e+01,2.071200e+01,2.076079e+01,2.076775e+01,2.073988e+01,2.063528e+01,2.061434e+01,2.055850e+01,2.066318e+01,2.040477e+01,2.022278e+01,2.046070e+01,2.047468e+01,2.034181e+01,2.036980e+01,2.033481e+01,2.029982e+01,2.021578e+01,2.017373e+01,2.023680e+01,2.063528e+01,2.072594e+01,2.081652e+01,2.069805e+01,2.077472e+01,2.081652e+01,2.084437e+01,2.072594e+01,2.083741e+01,2.076079e+01,2.084437e+01,2.076079e+01,2.071200e+01,2.090006e+01,2.073988e+01,2.072594e+01,2.078866e+01,2.076775e+01,2.074685e+01,2.078866e+01,2.080259e+01,2.078169e+01,2.078169e+01,2.083741e+01,2.084437e+01,2.078169e+01,2.083741e+01,2.084437e+01,2.083045e+01,2.080259e+01,2.083045e+01,2.080259e+01,2.081652e+01,2.085134e+01,2.069805e+01,2.078866e+01,2.081652e+01,2.070502e+01,2.071200e+01,2.064225e+01,2.072594e+01,2.073988e+01,2.076079e+01,2.078866e+01,2.069108e+01,2.067713e+01,2.076079e+01,2.071897e+01,2.083045e+01,2.069108e+01,2.083741e+01,2.067713e+01,2.085830e+01,2.069805e+01,2.068410e+01,2.067016e+01,2.067713e+01,2.067016e+01,2.068410e+01,2.066318e+01,2.062830e+01,2.065621e+01,2.069108e+01,2.072594e+01,2.076775e+01,2.073291e+01,2.076775e+01,2.080955e+01,2.075382e+01,2.085134e+01,2.073988e+01,2.081652e+01,2.077472e+01,2.068410e+01,2.073988e+01,2.073988e+01,2.071897e+01,2.069108e+01,2.071200e+01,2.079562e+01,2.079562e+01,2.078866e+01,2.073291e+01,2.083741e+01,2.072594e+01,2.068410e+01,2.072594e+01,2.080259e+01,2.085830e+01,2.083741e+01,2.083741e+01,2.083045e+01,2.085134e+01,2.085134e+01,2.085830e+01,2.084437e+01,2.084437e+01,2.096962e+01
2.076079e+01,2.075382e+01,2.071897e+01,2.071897e+01,2.068410e+01,2.064923e+01,2.070502e+01,2.081652e+01,2.080259e+01,2.080955e+01,2.080955e+01,2.073291e+01,2.072594e+01,2.085830e+01,2.078169e+01,2.091398e+01,2.075382e+01,2.082348e+01,2.079562e+01,2.084437e+01,2.080955e+01,2.066318e+01,2.076079e+01,2.069108e+01,2.083045e+01,2.078169e+01,2.080259e+01,2.073291e+01,2.073291e+01,2.083045e+01,2.076775e+01,2.078866e+01,2.064923e+01,2.085830e+01,2.051660e+01,2.027181e+01,2.056548e+01,2.050262e+01,2.050262e+01,2.059340e+01,2.048166e+01,2.057944e+01,2.048865e+01,2.052358e+01,2.053057e+01,2.053057e+01,2.052358e+01,2.055152e+01,2.053057e+01,2.051660e+01,2.050961e+01,2.043973e+01,2.043274e+01,2.045371e+01,2.042575e+01,2.042575e+01,2.039778e+01,2.051660e+01,2.039778e+01,2.042575e+01,2.041875e+01,2.037679e+01,2.025781e+01,2.036280e+01,2.041875e+01,2.039778e+01,2.034881e+01,2.039078e+01,2.040477e+01,2.036280e+01,2.030682e+01,2.019476e+01,2.004749e+01,2.013167e+01,2.024380e+01,2.013868e+01,2.028582e+01,2.019476e+01,2.021578e+01,2.018775e+01,2.030682e+01,2.032782e+01,2.013868e+01,2.037679e+01,2.049564e+01,2.053755e+01,2.055152e+01,2.064225e+01,2.060039e+01,2.064225e+01,2.071200e+01,2.061434e+01,2.061434e+01,2.060736e+01,2.064923e+01,2.060736e+01,2.060039e+01,2.071897e+01,2.067016e+01,2.064923e+01,2.069805e+01,2.055152e+01,2.055850e+01,2.066318e+01,2.069805e+01,2.073291e+01,2.070502e+01,2.062830e+01,2.080955e+01,2.076079e+01,2.063528e+01,2.071200e+01,2.067016e+01,2.073291e+01,2.074685e+01,2.069805e+01,2.076079e+01,2.067016e+01,2.069805e+01,2.069805e+01,2.071200e+01,2.062830e+01,2.067713e+01,2.068410e+01,2.059340e+01,2.066318e+01,2.072594e+01,2.074685e+01,2.062132e+01,2.059340e+01,2.071897e+01,2.069108e+01,2.073988e+01,2.069108e+01,2.067713e+01,2.069805e+01,2.076079e+01,2.077472e+01,2.071200e+01,2.076775e+01,2.062830e+01,2.077472e+01,2.081652e+01,2.067713e+01,2.072594e+01,2.073988e+01,2.069805e+01,2.081652e+01,2.074685e+01,2.072594e+01,2.073988e+01,2.074685e+01,2.073988e+01,2.081652e+01,2.071897e+01,2.073988e+01,2.074685e+01,2.071897e+01,2.073291e+01,2.082348e+01,2.078866e+01,2.066318e+01,2.088614e+01,2.076775e+01,2.071200e+01,2.069108e+01,2.087222e+01,2.073988e+01,2.069108e+01,2.076775e+01,2.069108e+01,2.078866e+01,2.076079e+01,2.076775e+01,2.078169e+01,2.057944e+01,2.078169e+01,2.061434e+01,2.063528e+01,2.075382e+01,2.087222e+01,2.089310e+01,2.081652e+01,2.069805e+01,2.077472e+01,2.082348e+01,2.073988e+01,2.073291e+01,2.073291e+01,2.078169e+01,2.072594e+01,2.067713e+01,2.071897e+01,2.071200e+01,2.087222e+01,2.074685e+01,2.071200e+01,2.063528e+01,2.076079e+01,2.078866e+01,2.081652e+01,2.083045e+01,2.078866e+01,2.075382e+01,2.066318e+01,2.080259e+01,2.072594e+01,2.069108e+01,2.068410e+01,2.070502e+01,2.071200e+01,2.071200e+01,2.076775e+01,2.062830e+01,2.061434e+01,2.066318e+01,2.062830e+01,2.047468e+01,2.059340e+01,2.044672e+01,2.056548e+01,2.035581e+01,2.043973e+01,2.030682e+01,2.030682e+01,2.033481e+01,2.033481e+01,2.032082e+01,2.030682e+01,2.041875e+01,2.035581e+01,2.034181e+01,2.038379e+01,2.041875e+01,2.050262e+01,2.059340e+01,2.056548e+01,2.055152e+01,2.060736e+01,2.060039e+01,2.070502e+01,2.048166e+01,2.067713e+01,2.060039e+01,2.067016e+01,2.070502e+01,2.069108e+01,2.073291e+01,2.074685e+01,2.073988e+01,2.077472e+01,2.082348e+01,2.082348e+01,2.073291e+01,2.071897e+01,2.072594e+01,2.073291e+01,2.078169e+01,2.070502e+01,2.075382e+01,2.073988e+01,2.076775e+01,2.070502e+01,2.074685e+01,2.074685e+01,2.067713e+01,2.071897e+01,2.077472e+01,2.069805e+01,2.078169e+01,2.080955e+01,2.077472e+01,2.084437e+01,2.079562e+01,2.069805e+01,2.083741e+01,2.085830e+01,2.080259e+01,2.071897e+01,2.076775e+01,2.072594e+01,2.073988e+01,2.074685e+01,2.082348e+01,2.073291e+01,2.074685e+01,2.078169e+01,2.069108e+01,2.068410e+01,2.074685e+01,2.085134e+01,2.069805e+01,2.078866e+01,2.076775e+01,2.068410e+01,2.071200e+01,2.083741e+01,2.079562e+01,2.076079e+01,2.079562e+01,2.080259e+01,2.084437e+01,2.080955e+01,2.078866e+01,2.081652e+01,2.071200e+01,2.085830e+01,2.082348e+01,2.078169e+01,2.076079e+01,2.078866e+01,2.080955e+01,2.073291e+01,2.076079e+01,2.083045e+01,2.069805e+01,2.075382e+01,2.083045e+01,2.077472e+01,2.066318e+01,2.075382e+01,2.080955e+01,2.076079e+01,2.083741e+01,2.088614e+01,2.080955e+01,2.085830e+01,2.079562e+01,2.091398e+01,2.078866e+01,2.081652e+01,2.093485e+01,2.083741e+01,2.088614e+01,2.085134e+01,2.089310e+01,2.080955e+01,2.078169e+01,2.080955e+01,2.083741e+01,2.091398e+01,2.094876e+01,2.094180e+01,2.083045e+01,2.081652e+01,2.080259e+01,2.078866e+01,2.089310e+01,2.082348e+01,2.080259e+01,2.083741e+01,2.089310e+01,2.090702e+01,2.089310e+01,2.089310e+01,2.087918e+01,2.087222e+01,2.087918e+01,2.090006e+01,2.084437e+01,2.087222e+01,2.096267e+01,2.083741e+01,2.083045e+01,2.079562e+01,2.091398e+01,2.078169e+01,2.088614e+01,2.074685e+01,2.079562e+01,2.080955e+01,2.085134e+01,2.062132e+01,2.062830e+01,2.069805e+01,2.079562e+01,2.063528e+01,2.071897e+01,2.063528e+01,2.062132e+01,2.076079e+01,2.063528e+01,2.057246e+01,2.068410e+01,2.067016e+01,2.067713e+01,2.062830e+01,2.059340e+01,2.062830e+01,2.064225e+01,2.057246e+01,2.052358e+01,2.050961e+01,2.052358e+01,2.047468e+01,2.050262e+01,2.057246e+01,2.069805e+01,2.064225e+01,2.057944e+01,2.055152e+01,2.063528e+01,2.062830e+01,2.073988e+01,2.070502e+01,2.069108e+01,2.064225e+01,2.060736e+01,2.059340e+01,2.061434e+01,2.058643e+01,2.067713e+01,2.057246e+01,2.060039e+01,2.053057e+01,2.067713e+01,2.061434e+01,2.059340e+01,2.072594e+01,2.062830e+01,2.071200e+01,2.066318e+01,2.058643e+01,2.074685e+01,2.063528e+01,2.063528e+01,2.065621e+01,2.062132e+01,2.066318e+01,2.067016e+01,2.064225e+01,2.069108e+01,2.062132e+01,2.066318e+01,2.077472e+01,2.063528e+01,2.074685e+01,2.063528e+01,2.077472e+01,2.067713e+01,2.085830e+01,2.077472e+01,2.071897e+01,2.072594e+01,2.071200e+01,2.085830e+01,2.078169e+01,2.077472e+01,2.082348e+01,2.075382e+01,2.072594e+01,2.065621e+01,2.088614e+01,2.068410e+01,2.069805e+01,2.083741e+01,2.076775e+01,2.073988e+01,2.073988e+01,2.077472e+01,2.080955e+01,2.083741e+01,2.086526e+01,2.073988e+01,2.069805e+01,2.075382e+01,2.068410e+01,2.077472e+01,2.082348e+01,2.071200e+01,2.083741e+01,2.077472e+01,2.070502e+01,2.071897e+01,2.069805e+01,2.066318e+01,2.067016e+01,2.071200e+01,2.075382e+01,2.076079e+01,2.072594e+01,2.076079e+01,2.076079e+01,2.084437e+01,2.079562e+01,2.083045e+01,2.074685e+01,2.077472e+01,2.083045e+01,2.073291e+01,2.083741e+01,2.076079e+01,2.085134e+01,2.080955e+01,2.087222e+01,2.080259e+01,2.080955e+01,2.089310e+01,2.064923e+01,2.088614e+01,2.080259e+01,2.078169e+01,2.070502e+01,2.070502e+01,2.064923e+01,2.074685e+01,2.078169e+01,2.085134e+01,2.088614e+01,2.084437e+01,2.080955e+01,2.069805e+01,2.069108e+01,2.071200e+01,2.067713e+01,2.064225e+01,2.072594e+01,2.081652e+01,2.078866e+01,2.073988e+01,2.073291e+01,2.071200e+01,2.067713e+01,2.083741e+01,2.075382e+01,2.078866e+01,2.068410e+01,2.071200e+01,2.078866e+01,2.056548e+01,2.048166e+01,2.022979e+01,2.045371e+01,2.045371e+01,2.046769e+01,2.030682e+01,2.034181e+01,2.036980e+01,2.038379e+01,2.034181e+01,2.022278e+01,2.021578e+01,2.036280e+01,2.063528e+01,2.071200e+01,2.071897e+01,2.071897e+01,2.081652e+01,2.074685e+01,2.078866e+01,2.074685e+01,2.073988e+01,2.074685e+01,2.076079e+01,2.076775e+01,2.078866e+01,2.076079e+01,2.079562e+01,2.073988e+01,2.076079e+01,2.077472e+01,2.080259e+01,2.075382e+01,2.078866e+01,2.079562e+01,2.073988e+01,2.073291e+01,2.074685e+01,2.093485e+01,2.085830e+01,2.070502e+01,2.100439e+01,2.070502e+01,2.076775e+01,2.085830e+01,2.067713e+01,2.080955e+01,2.079562e+01,2.072594e+01,2.076775e+01,2.079562e+01,2.076775e+01,2.087918e+01,2.083741e+01,2.077472e+01,2.065621e+01,2.076775e+01,2.074685e+01,2.073988e+01,2.072594e+01,2.076079e+01,2.070502e+01,2.080259e+01,2.065621e+01,2.078169e+01,2.064923e+01,2.068410e+01,2.080259e+01,2.072594e+01,2.066318e+01,2.069805e+01,2.067713e+01,2.064225e+01,2.083741e+01,2.069108e+01,2.076775e+01,2.083045e+01,2.082348e+01,2.068410e+01,2.080259e+01,2.082348e+01,2.078169e+01,2.086526e+01,2.078169e+01,2.080955e+01,2.084437e+01,2.075382e+01,2.071897e+01,2.081652e+01,2.084437e+01,2.079562e+01,2.075382e+01,2.079562e+01,2.089310e+01,2.085134e+01,2.071897e+01,2.072594e+01,2.068410e+01,2.069805e+01,2.071897e+01,2.079562e+01,2.079562e+01,2.067016e+01,2.064923e+01,2.062830e+01,2.085134e+01,2.078169e+01,2.085830e+01,2.083045e+01,2.080259e+01
2.076079e+01,2.076775e+01,2.077472e+01,2.078866e+01,2.075382e+01,2.075382e+01,2.073988e+01,2.079562e+01,2.081652e+01,2.073291e+01,2.077472e+01,2.072594e+01,2.082348e+01,2.083741e+01,2.076775e+01,2.080259e+01,2.079562e+01,2.079562e+01,2.083045e+01,2.076775e+01,2.084437e+01,2.067713e+01,2.080955e+01,2.074685e+01,2.091398e+01,2.071897e+01,2.069805e+01,2.076079e+01,2.080259e+01,2.083045e+01,2.079562e+01,2.060039e+01,2.061434e+01,2.060039e+01,2.039778e+01,2.045371e+01,2.054453e+01,2.049564e+01,2.050262e+01,2.060039e+01,2.052358e+01,2.045371e+01,2.056548e+01,2.053057e+01,2.053755e+01,2.051660e+01,2.057944e+01,2.039078e+01,2.052358e+01,2.041875e+01,2.053057e+01,2.049564e+01,2.061434e+01,2.040477e+01,2.043274e+01,2.042575e+01,2.041176e+01,2.039778e+01,2.034181e+01,2.029982e+01,2.028582e+01,2.046070e+01,2.039078e+01,2.044672e+01,2.022278e+01,2.047468e+01,2.044672e+01,2.048865e+01,2.034881e+01,2.035581e+01,2.039078e+01,2.036980e+01,2.015270e+01,2.016672e+01,2.014569e+01,2.016672e+01,2.022979e+01,2.038379e+01,2.021578e+01,2.024380e+01,2.032082e+01,2.026481e+01,2.034881e+01,2.046769e+01,2.057246e+01,2.057944e+01,2.065621e+01,2.052358e+01,2.062132e+01,2.064225e+01,2.048166e+01,2.051660e+01,2.060039e+01,2.054453e+01,2.048166e+01,2.063528e+01,2.057944e+01,2.066318e+01,2.066318e+01,2.056548e+01,2.060039e+01,2.070502e+01,2.065621e+01,2.065621e+01,2.061434e+01,2.069805e+01,2.056548e+01,2.064225e+01,2.063528e+01,2.071897e+01,2.069805e+01,2.076775e+01,2.067713e+01,2.069805e+01,2.071200e+01,2.070502e+01,2.078169e+01,2.072594e+01,2.071200e+01,2.069108e+01,2.069108e+01,2.076775e+01,2.066318e+01,2.066318e+01,2.067016e+01,2.061434e+01,2.061434e+01,2.064225e+01,2.066318e+01,2.060736e+01,2.072594e+01,2.067016e+01,2.071897e+01,2.071897e+01,2.074685e+01,2.073291e+01,2.071897e+01,2.060736e+01,2.080955e+01,2.073988e+01,2.071897e+01,2.076775e+01,2.073988e+01,2.081652e+01,2.080955e+01,2.076775e+01,2.077472e+01,2.075382e+01,2.075382e+01,2.073988e+01,2.073291e+01,2.076775e+01,2.078866e+01,2.080259e+01,2.071897e+01,2.080955e+01,2.087222e+01,2.075382e+01,2.076775e+01,2.073291e+01,2.069805e+01,2.069108e+01,2.080259e+01,2.069108e+01,2.066318e+01,2.089310e+01,2.078866e+01,2.070502e+01,2.073291e+01,2.071897e+01,2.076079e+01,2.067016e+01,2.071200e+01,2.075382e+01,2.069805e+01,2.077472e+01,2.076079e+01,2.076079e+01,2.072594e+01,2.078169e+01,2.086526e+01,2.080259e+01,2.073291e+01,2.078169e+01,2.070502e+01,2.072594e+01,2.069108e+01,2.082348e+01,2.079562e+01,2.071200e+01,2.080955e+01,2.076775e+01,2.073988e+01,2.079562e+01,2.071200e+01,2.067016e+01,2.081652e+01,2.069805e+01,2.071897e+01,2.073291e+01,2.069805e+01,2.079562e+01,2.077472e+01,2.075382e+01,2.082348e+01,2.074685e+01,2.071897e+01,2.064923e+01,2.071200e+01,2.063528e+01,2.069805e+01,2.073291e+01,2.073988e+01,2.057246e+01,2.066318e+01,2.057246e+01,2.062132e+01,2.043274e+01,2.056548e+01,2.040477e+01,2.035581e+01,2.034181e+01,2.034881e+01,2.033481e+01,2.030682e+01,2.027881e+01,2.030682e+01,2.029282e+01,2.028582e+01,2.030682e+01,2.034881e+01,2.032782e+01,2.050961e+01,2.034181e+01,2.040477e+01,2.060039e+01,2.059340e+01,2.058643e+01,2.055850e+01,2.068410e+01,2.063528e+01,2.066318e+01,2.068410e+01,2.063528e+01,2.065621e+01,2.071200e+01,2.073988e+01,2.066318e+01,2.066318e+01,2.067713e+01,2.071897e+01,2.071200e+01,2.071200e+01,2.071200e+01,2.072594e+01,2.071897e+01,2.073988e+01,2.074685e+01,2.073291e+01,2.073988e+01,2.076079e+01,2.076079e+01,2.086526e+01,2.076775e+01,2.073988e+01,2.080955e+01,2.075382e+01,2.075382e+01,2.067713e+01,2.079562e+01,2.079562e+01,2.068410e+01,2.084437e+01,2.072594e+01,2.076775e+01,2.078169e+01,2.083045e+01,2.076775e+01,2.078866e+01,2.078866e+01,2.074685e+01,2.078866e+01,2.070502e+01,2.076079e+01,2.078169e+01,2.078866e+01,2.076079e+01,2.069108e+01,2.068410e+01,2.078866e+01,2.082348e+01,2.071897e+01,2.075382e+01,2.094876e+01,2.075382e+01,2.079562e+01,2.080955e+01,2.078169e+01,2.080259e+01,2.078866e+01,2.073291e+01,2.084437e+01,2.074685e+01,2.083045e+01,2.081652e+01,2.076079e+01,2.079562e+01,2.083741e+01,2.080259e+01,2.077472e+01,2.080259e+01,2.078169e+01,2.088614e+01,2.079562e+01,2.079562e+01,2.076079e+01,2.069108e+01,2.076775e+01,2.085134e+01,2.076775e+01,2.081652e+01,2.077472e+01,2.080259e+01,2.087222e+01,2.080259e+01,2.085134e+01,2.083741e+01,2.085134e+01,2.092789e+01,2.069108e+01,2.084437e+01,2.085830e+01,2.090702e+01,2.085134e+01,2.087222e+01,2.081652e+01,2.080259e+01,2.103914e+01,2.091398e+01,2.094876e+01,2.092093e+01,2.092789e+01,2.084437e+01,2.080955e+01,2.093485e+01,2.080955e+01,2.085830e+01,2.081652e+01,2.083741e+01,2.090702e+01,2.080955e+01,2.089310e+01,2.090006e+01,2.089310e+01,2.085830e+01,2.096267e+01,2.090702e+01,2.073988e+01,2.086526e+01,2.078866e+01,2.078866e+01,2.081652e+01,2.086526e+01,2.083741e+01,2.081652e+01,2.083045e+01,2.096267e+01,2.085134e+01,2.082348e+01,2.089310e+01,2.093485e+01,2.090006e+01,2.087918e+01,2.080259e+01,2.083045e+01,2.087918e+01,2.069805e+01,2.083741e+01,2.079562e+01,2.066318e+01,2.061434e+01,2.057944e+01,2.062830e+01,2.060039e+01,2.059340e+01,2.064923e+01,2.062830e+01,2.064225e+01,2.053057e+01,2.057944e+01,2.064923e+01,2.055850e+01,2.067713e+01,2.055152e+01,2.054453e+01,2.054453e+01,2.064923e+01,2.054453e+01,2.059340e+01,2.069108e+01,2.069805e+01,2.058643e+01,2.075382e+01,2.070502e+01,2.063528e+01,2.048865e+01,2.067713e+01,2.058643e+01,2.051660e+01,2.058643e+01,2.059340e+01,2.057246e+01,2.064923e+01,2.067713e+01,2.055152e+01,2.062830e+01,2.069805e+01,2.071897e+01,2.062132e+01,2.058643e+01,2.057944e+01,2.069805e+01,2.060736e+01,2.066318e+01,2.062830e+01,2.062132e+01,2.060039e+01,2.062830e+01,2.065621e+01,2.064225e+01,2.062830e+01,2.073291e+01,2.062830e+01,2.061434e+01,2.064923e+01,2.077472e+01,2.078866e+01,2.071897e+01,2.073291e+01,2.075382e+01,2.073291e+01,2.071897e+01,2.068410e+01,2.080955e+01,2.070502e+01,2.071200e+01,2.080955e+01,2.071897e+01,2.073988e+01,2.071200e+01,2.077472e+01,2.083045e+01,2.071897e+01,2.076079e+01,2.076775e+01,2.072594e+01,2.073291e+01,2.076775e+01,2.080955e+01,2.078169e+01,2.078169e+01,2.080955e+01,2.072594e+01,2.073988e+01,2.073988e+01,2.073291e+01,2.067016e+01,2.078169e+01,2.078866e+01,2.075382e+01,2.077472e+01,2.081652e+01,2.075382e+01,2.072594e+01,2.073291e+01,2.077472e+01,2.069108e+01,2.078169e+01,2.078169e+01,2.069805e+01,2.076775e+01,2.072594e+01,2.076079e+01,2.076079e+01,2.061434e+01,2.076079e+01,2.073291e+01,2.074685e+01,2.070502e+01,2.075382e+01,2.083741e+01,2.071200e+01,2.078866e+01,2.079562e+01,2.080259e+01,2.083741e+01,2.071200e+01,2.069108e+01,2.078169e+01,2.076079e+01,2.074685e+01,2.086526e+01,2.071897e+01,2.073988e+01,2.071897e+01,2.087222e+01,2.089310e+01,2.073291e+01,2.090006e+01,2.087918e+01,2.083741e+01,2.080955e+01,2.077472e+01,2.081652e+01,2.067016e+01,2.067016e+01,2.082348e+01,2.078866e+01,2.075382e+01,2.083741e+01,2.084437e+01,2.081652e+01,2.079562e+01,2.067713e+01,2.078866e+01,2.077472e+01,2.067016e+01,2.073988e+01,2.057944e+01,2.050262e+01,2.044672e+01,2.027181e+01,2.017373e+01,2.040477e+01,2.026481e+01,2.020877e+01,2.015971e+01,2.035581e+01,2.038379e+01,2.024380e+01,2.029282e+01,2.017373e+01,2.041875e+01,2.070502e+01,2.071897e+01,2.070502e+01,2.075382e+01,2.083741e+01,2.081652e+01,2.080259e+01,2.078169e+01,2.078866e+01,2.077472e+01,2.080259e+01,2.073988e+01,2.096962e+01,2.074685e+01,2.076079e+01,2.072594e+01,2.076079e+01,2.085830e+01,2.078169e+01,2.075382e+01,2.078169e+01,2.077472e+01,2.071897e+01,2.090006e+01,2.075382e+01,2.073988e+01,2.083045e+01,2.080955e+01,2.081652e+01,2.080955e+01,2.083741e+01,2.076775e+01,2.056548e+01,2.080955e+01,2.092093e+01,2.078866e+01,2.081652e+01,2.064923e+01,2.076079e+01,2.076079e+01,2.087222e+01,2.078169e+01,2.075382e+01,2.074685e+01,2.074685e+01,2.075382e+01,2.076775e+01,2.078866e+01,2.083741e+01,2.065621e+01,2.076775e+01,2.073291e+01,2.063528e+01,2.073291e+01,2.075382e+01,2.074685e+01,2.073291e+01,2.072594e+01,2.069108e+01,2.071200e+01,2.088614e+01,2.082348e+01,2.085830e+01,2.081652e+01,2.078866e+01,2.078169e+01,2.076775e+01,2.080259e+01,2.083741e+01,2.076079e+01,2.087222e+01,2.078169e+01,2.062132e+01,2.080955e+01,2.081652e+01,2.096267e+01,2.083741e+01,2.078169e+01,2.081652e+01,2.080955e+01,2.078169e+01,2.086526e+01,2.072594e+01,2.066318e+01,2.075382e+01,2.081652e+01,2.082348e+01,2.082348e+01,2.083741e+01,2.085134e+01,2.088614e+01,2.084437e+01,2.087918e+01,2.085830e+01,2.083741e+01,2.078169e+01,2.083741e+01
2.083741e+01,2.084437e+01,2.076079e+01,2.079562e+01,2.077472e+01,2.076079e+01,2.079562e+01,2.076775e+01,2.080955e+01,2.077472e+01,2.083741e+01,2.080955e+01,2.082348e+01,2.081652e+01,2.071897e+01,2.078866e+01,2.080955e+01,2.082348e+01,2.084437e+01,2.085134e+01,2.069805e+01,2.082348e+01,2.084437e+01,2.074685e+01,2.074685e+01,2.075382e+01,2.075382e+01,2.089310e+01,2.073988e+01,2.087918e+01,2.073988e+01,2.070502e+01,2.060039e+01,2.055850e+01,2.010362e+01,2.037679e+01,2.064225e+01,2.064225e+01,2.050961e+01,2.053057e+01,2.050961e+01,2.058643e+01,2.048865e+01,2.049564e+01,2.054453e+01,2.054453e+01,2.048865e+01,2.051660e+01,2.052358e+01,2.053057e+01,2.052358e+01,2.049564e+01,2.046070e+01,2.042575e+01,2.044672e+01,2.042575e+01,2.032782e+01,2.042575e+01,2.032782e+01,2.037679e+01,2.034881e+01,2.034881e+01,2.044672e+01,2.039778e+01,2.043973e+01,2.043973e+01,2.046769e+01,2.043973e+01,2.036280e+01,2.041875e+01,2.039778e+01,2.038379e+01,2.032082e+01,2.023680e+01,2.028582e+01,2.029282e+01,2.021578e+01,2.024380e+01,2.039778e+01,2.057246e+01,2.037679e+01,2.049564e+01,2.040477e+01,2.055850e+01,2.055850e+01,2.059340e+01,2.057246e+01,2.064923e+01,2.061434e+01,2.063528e+01,2.055850e+01,2.059340e+01,2.059340e+01,2.053057e+01,2.057246e+01,2.064923e+01,2.062132e+01,2.061434e+01,2.055152e+01,2.065621e+01,2.057944e+01,2.062830e+01,2.065621e+01,2.082348e+01,2.066318e+01,2.071200e+01,2.060736e+01,2.070502e+01,2.060736e+01,2.064923e+01,2.073291e+01,2.069805e+01,2.067713e+01,2.067713e+01,2.067713e+01,2.064225e+01,2.069108e+01,2.072594e+01,2.069805e+01,2.086526e+01,2.062830e+01,2.066318e+01,2.066318e+01,2.062830e+01,2.067016e+01,2.062132e+01,2.069805e+01,2.075382e+01,2.059340e+01,2.064923e+01,2.096962e+01,2.078866e+01,2.075382e+01,2.070502e+01,2.067713e+01,2.067713e+01,2.071200e+01,2.078866e+01,2.080259e+01,2.073988e+01,2.071897e+01,2.078866e+01,2.076079e+01,2.070502e+01,2.077472e+01,2.083741e+01,2.078169e+01,2.078169e+01,2.076079e+01,2.077472e+01,2.080259e+01,2.076775e+01,2.073291e+01,2.077472e+01,2.078169e+01,2.077472e+01,2.073988e+01,2.074685e+01,2.075382e+01,2.078866e+01,2.080259e+01,2.075382e+01,2.084437e+01,2.077472e+01,2.078169e+01,2.081652e+01,2.087918e+01,2.069108e+01,2.071897e+01,2.072594e+01,2.071897e+01,2.073291e+01,2.072594e+01,2.075382e+01,2.075382e+01,2.063528e+01,2.078169e+01,2.080259e+01,2.061434e+01,2.073988e+01,2.083045e+01,2.075382e+01,2.078169e+01,2.069108e+01,2.073988e+01,2.076079e+01,2.080259e+01,2.082348e+01,2.079562e+01,2.080259e+01,2.079562e+01,2.076079e+01,2.068410e+01,2.079562e+01,2.085134e+01,2.089310e+01,2.070502e+01,2.084437e+01,2.072594e+01,2.085830e+01,2.076775e+01,2.073988e+01,2.072594e+01,2.072594e+01,2.076775e+01,2.086526e+01,2.067713e+01,2.083045e+01,2.071897e+01,2.067016e+01,2.073291e+01,2.075382e+01,2.068410e+01,2.072594e+01,2.061434e+01,2.062132e+01,2.064225e+01,2.049564e+01,2.066318e+01,2.045371e+01,2.048865e+01,2.041875e+01,2.035581e+01,2.035581e+01,2.020877e+01,2.020877e+01,2.025080e+01,2.033481e+01,2.027881e+01,2.023680e+01,2.031382e+01,2.036280e+01,2.035581e+01,2.044672e+01,2.057246e+01,2.063528e+01,2.055850e+01,2.062132e+01,2.062132e+01,2.069805e+01,2.067016e+01,2.062830e+01,2.073988e+01,2.073988e+01,2.073291e+01,2.070502e+01,2.076775e+01,2.084437e+01,2.067713e+01,2.071897e+01,2.072594e+01,2.073291e+01,2.088614e+01,2.073291e+01,2.082348e+01,2.075382e+01,2.076079e+01,2.073291e+01,2.071200e+01,2.071200e+01,2.064923e+01,2.076775e+01,2.076079e+01,2.077472e+01,2.088614e+01,2.087222e+01,2.097658e+01,2.083741e+01,2.071200e+01,2.071200e+01,2.071897e+01,2.070502e+01,2.076079e+01,2.074685e+01,2.075382e+01,2.075382e+01,2.081652e+01,2.073291e+01,2.071897e+01,2.073988e+01,2.078866e+01,2.078866e+01,2.079562e+01,2.078169e+01,2.079562e+01,2.069108e+01,2.080259e+01,2.083741e+01,2.076079e+01,2.076775e+01,2.078866e+01,2.077472e+01,2.082348e+01,2.083045e+01,2.078169e+01,2.074685e+01,2.076775e+01,2.080259e+01,2.078169e+01,2.074685e+01,2.076079e+01,2.076775e+01,2.078866e+01,2.076775e+01,2.085134e+01,2.073291e+01,2.078866e+01,2.077472e+01,2.076079e+01,2.076079e+01,2.076079e+01,2.078169e+01,2.086526e+01,2.084437e+01,2.077472e+01,2.077472e+01,2.083741e+01,2.077472e+01,2.076775e+01,2.081652e+01,2.085830e+01,2.071200e+01,2.084437e+01,2.087918e+01,2.087222e+01,2.091398e+01,2.087918e+01,2.087222e+01,2.092789e+01,2.090702e+01,2.085830e+01,2.082348e+01,2.086526e+01,2.081652e+01,2.085830e+01,2.064225e+01,2.080955e+01,2.062132e+01,2.062830e+01,2.079562e+01,2.057246e+01,2.076775e+01,2.073988e+01,2.074685e+01,2.073988e+01,2.073291e+01,2.085830e+01,2.075382e+01,2.066318e+01,2.081652e+01,2.074685e+01,2.089310e+01,2.092093e+01,2.085134e+01,2.087222e+01,2.090702e+01,2.094180e+01,2.097658e+01,2.085134e+01,2.087222e+01,2.086526e+01,2.070502e+01,2.101134e+01,2.090702e+01,2.089310e+01,2.089310e+01,2.080259e+01,2.088614e+01,2.090006e+01,2.087222e+01,2.085134e+01,2.089310e+01,2.090006e+01,2.080259e+01,2.080955e+01,2.092093e+01,2.081652e+01,2.089310e+01,2.072594e+01,2.074685e+01,2.076079e+01,2.070502e+01,2.063528e+01,2.062132e+01,2.070502e+01,2.064225e+01,2.069108e+01,2.062830e+01,2.056548e+01,2.058643e+01,2.053057e+01,2.069108e+01,2.068410e+01,2.064923e+01,2.052358e+01,2.049564e+01,2.047468e+01,2.060039e+01,2.053057e+01,2.055850e+01,2.058643e+01,2.062132e+01,2.064923e+01,2.068410e+01,2.071897e+01,2.060736e+01,2.073291e+01,2.050961e+01,2.057944e+01,2.058643e+01,2.056548e+01,2.057246e+01,2.055850e+01,2.047468e+01,2.053057e+01,2.067016e+01,2.056548e+01,2.058643e+01,2.060039e+01,2.069108e+01,2.053057e+01,2.055850e+01,2.056548e+01,2.057246e+01,2.061434e+01,2.056548e+01,2.060039e+01,2.064923e+01,2.058643e+01,2.058643e+01,2.064225e+01,2.063528e+01,2.062830e+01,2.069805e+01,2.053057e+01,2.068410e+01,2.065621e+01,2.060039e+01,2.064923e+01,2.067016e+01,2.072594e+01,2.087918e+01,2.076775e+01,2.089310e+01,2.083741e+01,2.067713e+01,2.073291e+01,2.087918e+01,2.080955e+01,2.071200e+01,2.072594e+01,2.071200e+01,2.074685e+01,2.077472e+01,2.080259e+01,2.088614e+01,2.071200e+01,2.087918e+01,2.073988e+01,2.086526e+01,2.088614e+01,2.073291e+01,2.073291e+01,2.074685e+01,2.075382e+01,2.077472e+01,2.080259e+01,2.076079e+01,2.078169e+01,2.081652e+01,2.077472e+01,2.077472e+01,2.077472e+01,2.074685e+01,2.069805e+01,2.078866e+01,2.078169e+01,2.071200e+01,2.078169e+01,2.087222e+01,2.079562e+01,2.074685e+01,2.074685e+01,2.070502e+01,2.079562e+01,2.071897e+01,2.079562e+01,2.073291e+01,2.078169e+01,2.068410e+01,2.081652e+01,2.073291e+01,2.082348e+01,2.073988e+01,2.087918e+01,2.071897e+01,2.086526e+01,2.085134e+01,2.085830e+01,2.073291e+01,2.082348e+01,2.076079e+01,2.068410e+01,2.073988e+01,2.072594e+01,2.077472e+01,2.076079e+01,2.081652e+01,2.087222e+01,2.071897e+01,2.086526e+01,2.069108e+01,2.083045e+01,2.072594e+01,2.068410e+01,2.083741e+01,2.073988e+01,2.079562e+01,2.080259e+01,2.067713e+01,2.078169e+01,2.078866e+01,2.074685e+01,2.077472e+01,2.067713e+01,2.066318e+01,2.056548e+01,2.052358e+01,2.057246e+01,2.050262e+01,2.034181e+01,2.022979e+01,2.034881e+01,2.017373e+01,2.022278e+01,2.012466e+01,2.030682e+01,2.040477e+01,2.029282e+01,2.027881e+01,2.022278e+01,2.027881e+01,2.032782e+01,2.059340e+01,2.065621e+01,2.071200e+01,2.081652e+01,2.076775e+01,2.078866e+01,2.080955e+01,2.080955e+01,2.074685e+01,2.085830e+01,2.085830e+01,2.073291e+01,2.087918e+01,2.072594e+01,2.074685e+01,2.076775e+01,2.073291e+01,2.087222e+01,2.085830e+01,2.077472e+01,2.078866e+01,2.083741e+01,2.080955e+01,2.077472e+01,2.083045e+01,2.092789e+01,2.092093e+01,2.070502e+01,2.077472e+01,2.082348e+01,2.078866e+01,2.080955e+01,2.081652e+01,2.055152e+01,2.080955e+01,2.080955e+01,2.082348e+01,2.071897e+01,2.078169e+01,2.078169e+01,2.084437e+01,2.078169e+01,2.073291e+01,2.073291e+01,2.074685e+01,2.071897e+01,2.071897e+01,2.073291e+01,2.071200e+01,2.063528e+01,2.070502e+01,2.069805e+01,2.071897e+01,2.067016e+01,2.077472e+01,2.084437e+01,2.074685e+01,2.074685e+01,2.072594e+01,2.073988e+01,2.069805e+01,2.068410e+01,2.082348e+01,2.073988e+01,2.072594e+01,2.082348e+01,2.083741e+01,2.076079e+01,2.085134e+01,2.085134e+01,2.083741e+01,2.083741e+01,2.077472e+01,2.073988e+01,2.079562e+01,2.081652e+01,2.085134e+01,2.080259e+01,2.085830e+01,2.076079e+01,2.073988e+01,2.069108e+01,2.080259e+01,2.072594e+01,2.087222e+01,2.067713e+01,2.085134e+01,2.081652e+01,2.084437e+01,2.069805e+01,2.079562e+01,2.083045e+01,2.085830e+01,2.085134e+01,2.085830e+01,2.088614e+01,2.093485e+01
2.084437e+01,2.086526e+01,2.088614e+01,2.077472e+01,2.080955e+01,2.078169e+01,2.080955e+01,2.073291e+01,2.067713e+01,2.081652e+01,2.081652e+01,2.077472e+01,2.073988e+01,2.076775e+01,2.084437e+01,2.078169e+01,2.069108e+01,2.076079e+01,2.083045e+01,2.087918e+01,2.069108e+01,2.080955e+01,2.078866e+01,2.067016e+01,2.068410e+01,2.083741e+01,2.069805e+01,2.080955e+01,2.074685e+01,2.071200e+01,2.060039e+01,2.067016e+01,2.060736e+01,2.034881e+01,2.010362e+01,2.031382e+01,2.050961e+01,2.065621e+01,2.067016e+01,2.061434e+01,2.056548e+01,2.057246e+01,2.059340e+01,2.050961e+01,2.052358e+01,2.046769e+01,2.049564e+01,2.046070e+01,2.074685e+01,2.050262e+01,2.050961e+01,2.032782e+01,2.041875e+01,2.047468e+01,2.048166e+01,2.038379e+01,2.034881e+01,2.025080e+01,2.031382e+01,2.020177e+01,2.026481e+01,2.042575e+01,2.021578e+01,2.036280e+01,2.030682e+01,2.039078e+01,2.052358e+01,2.041875e+01,2.052358e+01,2.042575e+01,2.042575e+01,2.047468e+01,2.039778e+01,2.034181e+01,2.029282e+01,2.032082e+01,2.027181e+01,2.038379e+01,2.027881e+01,2.037679e+01,2.038379e+01,2.050961e+01,2.041875e+01,2.053755e+01,2.055850e+01,2.057944e+01,2.057944e+01,2.057944e+01,2.064225e+01,2.055152e+01,2.061434e+01,2.048865e+01,2.058643e+01,2.055850e+01,2.058643e+01,2.062830e+01,2.064225e+01,2.064923e+01,2.069108e+01,2.061434e+01,2.064225e+01,2.074685e+01,2.069108e+01,2.061434e+01,2.070502e+01,2.067016e+01,2.067713e+01,2.062830e+01,2.066318e+01,2.070502e+01,2.070502e+01,2.067016e+01,2.074685e+01,2.069805e+01,2.070502e+01,2.071200e+01,2.072594e+01,2.064923e+01,2.096267e+01,2.066318e+01,2.062830e+01,2.065621e+01,2.063528e+01,2.064225e+01,2.065621e+01,2.062132e+01,2.071200e+01,2.072594e+01,2.073291e+01,2.062132e+01,2.075382e+01,2.071200e+01,2.056548e+01,2.068410e+01,2.068410e+01,2.071200e+01,2.067016e+01,2.069805e+01,2.082348e+01,2.076079e+01,2.072594e+01,2.079562e+01,2.078866e+01,2.072594e+01,2.080259e+01,2.082348e+01,2.081652e+01,2.079562e+01,2.076775e+01,2.078169e+01,2.088614e+01,2.073291e+01,2.078866e+01,2.077472e+01,2.080259e+01,2.074685e+01,2.078169e+01,2.081652e+01,2.079562e+01,2.076775e+01,2.076079e+01,2.073988e+01,2.077472e+01,2.077472e+01,2.080955e+01,2.080259e+01,2.080259e+01,2.073988e+01,2.069805e+01,2.060039e+01,2.083741e+01,2.067016e+01,2.074685e+01,2.078866e+01,2.079562e+01,2.064225e+01,2.077472e+01,2.069805e+01,2.072594e+01,2.080955e+01,2.079562e+01,2.078169e+01,2.069805e+01,2.068410e+01,2.072594e+01,2.067016e+01,2.071200e+01,2.074685e+01,2.069108e+01,2.078169e+01,2.076775e+01,2.078169e+01,2.067016e+01,2.070502e+01,2.070502e+01,2.073291e+01,2.069108e+01,2.071200e+01,2.071200e+01,2.071200e+01,2.069108e+01,2.076775e+01,2.076079e+01,2.070502e+01,2.074685e+01,2.075382e+01,2.071897e+01,2.069805e+01,2.066318e+01,2.065621e+01,2.056548e+01,2.073988e+01,2.073291e+01,2.049564e+01,2.051660e+01,2.064225e+01,2.057944e+01,2.050961e+01,2.037679e+01,2.039778e+01,2.040477e+01,2.032782e+01,2.028582e+01,2.023680e+01,2.025781e+01,2.036280e+01,2.029982e+01,2.022979e+01,2.025781e+01,2.033481e+01,2.051660e+01,2.053755e+01,2.063528e+01,2.048166e+01,2.062132e+01,2.060039e+01,2.061434e+01,2.068410e+01,2.064225e+01,2.069108e+01,2.071897e+01,2.073988e+01,2.066318e+01,2.078866e+01,2.071200e+01,2.069805e+01,2.078866e+01,2.067016e+01,2.076079e+01,2.069108e+01,2.070502e+01,2.059340e+01,2.086526e+01,2.071200e+01,2.064225e+01,2.075382e+01,2.069108e+01,2.069805e+01,2.074685e+01,2.070502e+01,2.073291e+01,2.073291e+01,2.073988e+01,2.069108e+01,2.076079e+01,2.070502e+01,2.085830e+01,2.076079e+01,2.081652e+01,2.071897e+01,2.071897e+01,2.080259e+01,2.075382e+01,2.076079e+01,2.080955e+01,2.070502e+01,2.073988e+01,2.083741e+01,2.069108e+01,2.067713e+01,2.070502e+01,2.078866e+01,2.069108e+01,2.078866e+01,2.071897e+01,2.070502e+01,2.078169e+01,2.073291e+01,2.073988e+01,2.086526e+01,2.080259e+01,2.076775e+01,2.079562e+01,2.081652e+01,2.080955e+01,2.080955e+01,2.081652e+01,2.076079e+01,2.073291e+01,2.073291e+01,2.076775e+01,2.078866e+01,2.076079e+01,2.069805e+01,2.083741e+01,2.084437e+01,2.076079e+01,2.074685e+01,2.075382e+01,2.083741e+01,2.076775e+01,2.075382e+01,2.085830e+01,2.080955e+01,2.071200e+01,2.086526e+01,2.074685e+01,2.074685e+01,2.078866e+01,2.075382e+01,2.083741e+01,2.075382e+01,2.080955e+01,2.085830e+01,2.073988e+01,2.082348e+01,2.076079e+01,2.070502e+01,2.071897e+01,2.077472e+01,2.084437e+01,2.085830e+01,2.078866e+01,2.053057e+01,2.042575e+01,2.041875e+01,2.042575e+01,2.046769e+01,2.047468e+01,2.055152e+01,2.057246e+01,2.034881e+01,2.037679e+01,2.040477e+01,2.042575e+01,2.046769e+01,2.051660e+01,2.064225e+01,2.071200e+01,2.071897e+01,2.090006e+01,2.085134e+01,2.071897e+01,2.087918e+01,2.080259e+01,2.091398e+01,2.081652e+01,2.093485e+01,2.085830e+01,2.084437e+01,2.073988e+01,2.069108e+01,2.078866e+01,2.070502e+01,2.082348e+01,2.078866e+01,2.090006e+01,2.083741e+01,2.080955e+01,2.071897e+01,2.083741e+01,2.084437e+01,2.080259e+01,2.077472e+01,2.095572e+01,2.092789e+01,2.073988e+01,2.082348e+01,2.088614e+01,2.076775e+01,2.089310e+01,2.073291e+01,2.082348e+01,2.074685e+01,2.074685e+01,2.066318e+01,2.071200e+01,2.069108e+01,2.056548e+01,2.065621e+01,2.060736e+01,2.064923e+01,2.057246e+01,2.059340e+01,2.073291e+01,2.053057e+01,2.048865e+01,2.064923e+01,2.063528e+01,2.057944e+01,2.057944e+01,2.065621e+01,2.059340e+01,2.067016e+01,2.062132e+01,2.058643e+01,2.051660e+01,2.077472e+01,2.062132e+01,2.055850e+01,2.056548e+01,2.058643e+01,2.058643e+01,2.041875e+01,2.052358e+01,2.051660e+01,2.045371e+01,2.055850e+01,2.061434e+01,2.064225e+01,2.057944e+01,2.057246e+01,2.051660e+01,2.055152e+01,2.058643e+01,2.059340e+01,2.059340e+01,2.048865e+01,2.057944e+01,2.057246e+01,2.060736e+01,2.054453e+01,2.059340e+01,2.061434e+01,2.058643e+01,2.064225e+01,2.058643e+01,2.060039e+01,2.062132e+01,2.057944e+01,2.060039e+01,2.057246e+01,2.067016e+01,2.057944e+01,2.069108e+01,2.065621e+01,2.075382e+01,2.075382e+01,2.067016e+01,2.073291e+01,2.073291e+01,2.070502e+01,2.075382e+01,2.073988e+01,2.078169e+01,2.073988e+01,2.074685e+01,2.080955e+01,2.080955e+01,2.074685e+01,2.080259e+01,2.078169e+01,2.072594e+01,2.078169e+01,2.085134e+01,2.078169e+01,2.074685e+01,2.083045e+01,2.081652e+01,2.078169e+01,2.073988e+01,2.075382e+01,2.083741e+01,2.074685e+01,2.071897e+01,2.073291e+01,2.081652e+01,2.081652e+01,2.076079e+01,2.085830e+01,2.079562e+01,2.070502e+01,2.074685e+01,2.076079e+01,2.081652e+01,2.078169e+01,2.082348e+01,2.071897e+01,2.074685e+01,2.080955e+01,2.072594e+01,2.079562e+01,2.080259e+01,2.077472e+01,2.078169e+01,2.073988e+01,2.074685e+01,2.068410e+01,2.087222e+01,2.059340e+01,2.078866e+01,2.083741e+01,2.072594e+01,2.072594e+01,2.083741e+01,2.079562e+01,2.072594e+01,2.069805e+01,2.083045e+01,2.081652e+01,2.081652e+01,2.070502e+01,2.081652e+01,2.071897e+01,2.076775e+01,2.083045e+01,2.067016e+01,2.081652e+01,2.067713e+01,2.079562e+01,2.076079e+01,2.068410e+01,2.071897e+01,2.064923e+01,2.034881e+01,2.042575e+01,2.046070e+01,2.043274e+01,2.047468e+01,2.029982e+01,2.023680e+01,2.033481e+01,2.022278e+01,2.020877e+01,2.019476e+01,2.024380e+01,2.028582e+01,2.021578e+01,2.022278e+01,2.020877e+01,2.030682e+01,2.017373e+01,2.036280e+01,2.064225e+01,2.067713e+01,2.067713e+01,2.073988e+01,2.080259e+01,2.080955e+01,2.082348e+01,2.074685e+01,2.077472e+01,2.079562e+01,2.070502e+01,2.083045e+01,2.083741e+01,2.078169e+01,2.085134e+01,2.072594e+01,2.071200e+01,2.078866e+01,2.078169e+01,2.069805e+01,2.072594e+01,2.071200e+01,2.082348e+01,2.076775e+01,2.078169e+01,2.090006e+01,2.077472e+01,2.077472e+01,2.080955e+01,2.083045e+01,2.082348e+01,2.080259e+01,2.077472e+01,2.065621e+01,2.072594e+01,2.080259e+01,2.078169e+01,2.068410e+01,2.076775e+01,2.075382e+01,2.077472e+01,2.079562e+01,2.055152e+01,2.071200e+01,2.072594e+01,2.067016e+01,2.070502e+01,2.071897e+01,2.076775e+01,2.072594e+01,2.073988e+01,2.071200e+01,2.076079e+01,2.077472e+01,2.069108e+01,2.077472e+01,2.082348e+01,2.068410e+01,2.073988e+01,2.063528e+01,2.064923e+01,2.069805e+01,2.079562e+01,2.083045e+01,2.079562e+01,2.062830e+01,2.071200e+01,2.084437e+01,2.081652e+01,2.083045e+01,2.083045e+01,2.081652e+01,2.084437e+01,2.078169e+01,2.084437e+01,2.080259e+01,2.076079e+01,2.078169e+01,2.073291e+01,2.077472e+01,2.079562e+01,2.073291e+01,2.078866e+01,2.076775e+01,2.071200e+01,2.074685e+01,2.080259e+01,2.083741e+01,2.081652e+01,2.081652e+01,2.085830e+01,2.082348e+01,2.073291e+01,2.085830e+01,2.086526e+01,2.089310e+01,2.106693e+01
2.084437e+01,2.082348e+01,2.076775e+01,2.084437e+01,2.078169e+01,2.082348e+01,2.083045e+01,2.081652e+01,2.076079e+01,2.083741e+01,2.084437e+01,2.080259e+01,2.073988e+01,2.078169e+01,2.064923e+01,2.070502e+01,2.078169e+01,2.078866e+01,2.071200e+01,2.084437e+01,2.078866e+01,2.080955e+01,2.074685e+01,2.069805e+01,2.072594e+01,2.082348e+01,2.080955e+01,2.067016e+01,2.075382e+01,2.053755e+01,2.064225e+01,2.065621e+01,2.048166e+01,2.037679e+01,2.034881e+01,2.030682e+01,2.055850e+01,2.063528e+01,2.048166e+01,2.057246e+01,2.060039e+01,2.060736e+01,2.048865e+01,2.050262e+01,2.050961e+01,2.052358e+01,2.054453e+01,2.043274e+01,2.050961e+01,2.053057e+01,2.062132e+01,2.033481e+01,2.048166e+01,2.039078e+01,2.045371e+01,2.029982e+01,2.036980e+01,2.033481e+01,2.018775e+01,2.028582e+01,2.014569e+01,2.042575e+01,2.032082e+01,2.022278e+01,2.048865e+01,2.040477e+01,2.039778e+01,2.048865e+01,2.032782e+01,2.048865e+01,2.043274e+01,2.034181e+01,2.031382e+01,2.035581e+01,2.027181e+01,2.041875e+01,2.031382e+01,2.042575e+01,2.041875e+01,2.034181e+01,2.041875e+01,2.034881e+01,2.053057e+01,2.055850e+01,2.054453e+01,2.057246e+01,2.064923e+01,2.060039e+01,2.059340e+01,2.057944e+01,2.054453e+01,2.054453e+01,2.057246e+01,2.049564e+01,2.051660e+01,2.067016e+01,2.072594e+01,2.063528e+01,2.072594e+01,2.065621e+01,2.062132e+01,2.064923e+01,2.059340e+01,2.065621e+01,2.071200e+01,2.065621e+01,2.073291e+01,2.061434e+01,2.074685e+01,2.078169e+01,2.077472e+01,2.072594e+01,2.067016e+01,2.073291e+01,2.074685e+01,2.070502e+01,2.085134e+01,2.069108e+01,2.064225e+01,2.062830e+01,2.072594e+01,2.064225e+01,2.062132e+01,2.062830e+01,2.056548e+01,2.071897e+01,2.063528e+01,2.075382e+01,2.066318e+01,2.060039e+01,2.071200e+01,2.083045e+01,2.073988e+01,2.076079e+01,2.070502e+01,2.073988e+01,2.071200e+01,2.074685e+01,2.078169e+01,2.075382e+01,2.073291e+01,2.074685e+01,2.075382e+01,2.078866e+01,2.083741e+01,2.078169e+01,2.075382e+01,2.081652e+01,2.076775e+01,2.073988e+01,2.076079e+01,2.078169e+01,2.078169e+01,2.082348e+01,2.073291e+01,2.066318e+01,2.079562e+01,2.062132e+01,2.068410e+01,2.076775e+01,2.070502e+01,2.073291e+01,2.073291e+01,2.074685e+01,2.075382e+01,2.076775e+01,2.076775e+01,2.077472e+01,2.078866e+01,2.069805e+01,2.062132e+01,2.058643e+01,2.083741e+01,2.082348e+01,2.070502e+01,2.078866e+01,2.070502e+01,2.071897e+01,2.094180e+01,2.090006e+01,2.076079e+01,2.076775e+01,2.074685e+01,2.071200e+01,2.078866e+01,2.073988e+01,2.078866e+01,2.076775e+01,2.078169e+01,2.077472e+01,2.071200e+01,2.076775e+01,2.078866e+01,2.080259e+01,2.069108e+01,2.076775e+01,2.080955e+01,2.073988e+01,2.076079e+01,2.067713e+01,2.074685e+01,2.070502e+01,2.061434e+01,2.073988e+01,2.074685e+01,2.069805e+01,2.071897e+01,2.073291e+01,2.075382e+01,2.073291e+01,2.071897e+01,2.073988e+01,2.074685e+01,2.057944e+01,2.066318e+01,2.055152e+01,2.051660e+01,2.050961e+01,2.039778e+01,2.034881e+01,2.038379e+01,2.039778e+01,2.036980e+01,2.029282e+01,2.027181e+01,2.029982e+01,2.022278e+01,2.025781e+01,2.039078e+01,2.042575e+01,2.046769e+01,2.057246e+01,2.060039e+01,2.061434e+01,2.063528e+01,2.061434e+01,2.064225e+01,2.069108e+01,2.071897e+01,2.069805e+01,2.071897e+01,2.067713e+01,2.071200e+01,2.069108e+01,2.077472e+01,2.078866e+01,2.081652e+01,2.077472e+01,2.076079e+01,2.068410e+01,2.071897e+01,2.069805e+01,2.068410e+01,2.070502e+01,2.073291e+01,2.079562e+01,2.076775e+01,2.069108e+01,2.071200e+01,2.069108e+01,2.069805e+01,2.071897e+01,2.077472e+01,2.077472e+01,2.078866e+01,2.073988e+01,2.078866e+01,2.081652e+01,2.073291e+01,2.076775e+01,2.072594e+01,2.080955e+01,2.080259e+01,2.080259e+01,2.076079e+01,2.076079e+01,2.076079e+01,2.076079e+01,2.079562e+01,2.073291e+01,2.072594e+01,2.079562e+01,2.067713e+01,2.079562e+01,2.077472e+01,2.073988e+01,2.076775e+01,2.085134e+01,2.075382e+01,2.075382e+01,2.076079e+01,2.076079e+01,2.080259e+01,2.083045e+01,2.078169e+01,2.077472e+01,2.083045e+01,2.075382e+01,2.072594e+01,2.074685e+01,2.078866e+01,2.076775e+01,2.073988e+01,2.084437e+01,2.083741e+01,2.085134e+01,2.073988e+01,2.075382e+01,2.079562e+01,2.087222e+01,2.073988e+01,2.073988e+01,2.081652e+01,2.081652e+01,2.073291e+01,2.073291e+01,2.073291e+01,2.078169e+01,2.078169e+01,2.081652e+01,2.076775e+01,2.080955e+01,2.083741e+01,2.080259e+01,2.077472e+01,2.078866e+01,2.085830e+01,2.076775e+01,2.079562e+01,2.067713e+01,2.055850e+01,2.036280e+01,2.048166e+01,2.039778e+01,2.046070e+01,2.042575e+01,2.041176e+01,2.043274e+01,2.046070e+01,2.029282e+01,2.036980e+01,2.044672e+01,2.038379e+01,2.020877e+01,2.034881e+01,2.046070e+01,2.046769e+01,2.050961e+01,2.067016e+01,2.071200e+01,2.073988e+01,2.090702e+01,2.080955e+01,2.089310e+01,2.085134e+01,2.094876e+01,2.075382e+01,2.088614e+01,2.083045e+01,2.085830e+01,2.087222e+01,2.072594e+01,2.073291e+01,2.076079e+01,2.079562e+01,2.066318e+01,2.071897e+01,2.083045e+01,2.083741e+01,2.076775e+01,2.078866e+01,2.078169e+01,2.092093e+01,2.087222e+01,2.074685e+01,2.078866e+01,2.092789e+01,2.071200e+01,2.078169e+01,2.081652e+01,2.085830e+01,2.080955e+01,2.081652e+01,2.084437e+01,2.081652e+01,2.088614e+01,2.081652e+01,2.065621e+01,2.064225e+01,2.064225e+01,2.062830e+01,2.060736e+01,2.055152e+01,2.056548e+01,2.057944e+01,2.060736e+01,2.052358e+01,2.055850e+01,2.061434e+01,2.058643e+01,2.065621e+01,2.065621e+01,2.056548e+01,2.072594e+01,2.059340e+01,2.063528e+01,2.075382e+01,2.078169e+01,2.060736e+01,2.053057e+01,2.055152e+01,2.055152e+01,2.055850e+01,2.050262e+01,2.053755e+01,2.053755e+01,2.056548e+01,2.041875e+01,2.058643e+01,2.052358e+01,2.059340e+01,2.067016e+01,2.055152e+01,2.055850e+01,2.048865e+01,2.057944e+01,2.069108e+01,2.061434e+01,2.057246e+01,2.062830e+01,2.050262e+01,2.055850e+01,2.053755e+01,2.064225e+01,2.059340e+01,2.059340e+01,2.058643e+01,2.060039e+01,2.063528e+01,2.066318e+01,2.064923e+01,2.067713e+01,2.060039e+01,2.078169e+01,2.064923e+01,2.069805e+01,2.069805e+01,2.065621e+01,2.076079e+01,2.079562e+01,2.071897e+01,2.079562e+01,2.072594e+01,2.078169e+01,2.078866e+01,2.079562e+01,2.075382e+01,2.080259e+01,2.075382e+01,2.069108e+01,2.081652e+01,2.073291e+01,2.073291e+01,2.079562e+01,2.077472e+01,2.078866e+01,2.073291e+01,2.071200e+01,2.073291e+01,2.084437e+01,2.074685e+01,2.074685e+01,2.077472e+01,2.082348e+01,2.080259e+01,2.071897e+01,2.083045e+01,2.069805e+01,2.085134e+01,2.068410e+01,2.077472e+01,2.077472e+01,2.076775e+01,2.052358e+01,2.076079e+01,2.071897e+01,2.070502e+01,2.075382e+01,2.078169e+01,2.076775e+01,2.068410e+01,2.078866e+01,2.079562e+01,2.064923e+01,2.090006e+01,2.078169e+01,2.086526e+01,2.069108e+01,2.084437e+01,2.085134e+01,2.067016e+01,2.082348e+01,2.068410e+01,2.083045e+01,2.075382e+01,2.075382e+01,2.076775e+01,2.075382e+01,2.074685e+01,2.084437e+01,2.067713e+01,2.074685e+01,2.082348e+01,2.076775e+01,2.075382e+01,2.074685e+01,2.075382e+01,2.075382e+01,2.067016e+01,2.075382e+01,2.047468e+01,2.045371e+01,2.024380e+01,2.022979e+01,2.027181e+01,2.037679e+01,2.035581e+01,2.050961e+01,2.036280e+01,2.030682e+01,2.031382e+01,2.027181e+01,2.024380e+01,2.033481e+01,2.027881e+01,2.029282e+01,2.022979e+01,2.032082e+01,2.026481e+01,2.025781e+01,2.029982e+01,2.050961e+01,2.053755e+01,2.051660e+01,2.076079e+01,2.069805e+01,2.078169e+01,2.074685e+01,2.079562e+01,2.078169e+01,2.076775e+01,2.079562e+01,2.083741e+01,2.085134e+01,2.078866e+01,2.073291e+01,2.078169e+01,2.078169e+01,2.082348e+01,2.087222e+01,2.087222e+01,2.082348e+01,2.077472e+01,2.082348e+01,2.082348e+01,2.076079e+01,2.083045e+01,2.078866e+01,2.079562e+01,2.071200e+01,2.089310e+01,2.078169e+01,2.083045e+01,2.074685e+01,2.078866e+01,2.076079e+01,2.078169e+01,2.080259e+01,2.077472e+01,2.076079e+01,2.079562e+01,2.082348e+01,2.074685e+01,2.077472e+01,2.083045e+01,2.082348e+01,2.074685e+01,2.076775e+01,2.072594e+01,2.066318e+01,2.102524e+01,2.076079e+01,2.077472e+01,2.063528e+01,2.062132e+01,2.067016e+01,2.086526e+01,2.074685e+01,2.076079e+01,2.076775e+01,2.077472e+01,2.087222e+01,2.080259e+01,2.071897e+01,2.084437e+01,2.085134e+01,2.072594e+01,2.083045e+01,2.073988e+01,2.083045e+01,2.073291e+01,2.070502e+01,2.057246e+01,2.083741e+01,2.080955e+01,2.087918e+01,2.078866e+01,2.083045e+01,2.083741e+01,2.080259e+01,2.073988e+01,2.075382e+01,2.078866e+01,2.073291e+01,2.073291e+01,2.079562e+01,2.078866e+01,2.078866e+01,2.066318e+01,2.076079e+01,2.079562e+01,2.083741e+01,2.082348e+01,2.085134e+01,2.076079e+01,2.076775e+01,2.084437e+01,2.095572e+01,2.084437e+01,2.082348e+01
2.085134e+01,2.087918e+01,2.068410e+01,2.078866e+01,2.087222e+01,2.081652e+01,2.078169e+01,2.085134e+01,2.076775e+01,2.080259e+01,2.083741e+01,2.072594e+01,2.076775e+01,2.081652e+01,2.078169e+01,2.078169e+01,2.064225e+01,2.069805e+01,2.076079e+01,2.082348e+01,2.075382e+01,2.085830e+01,2.078866e+01,2.072594e+01,2.060039e+01,2.076079e+01,2.071897e+01,2.067016e+01,2.077472e+01,2.069108e+01,2.070502e+01,2.057944e+01,2.029282e+01,2.043973e+01,2.046769e+01,2.048865e+01,2.058643e+01,2.059340e+01,2.053755e+01,2.048865e+01,2.044672e+01,2.059340e+01,2.046769e+01,2.069805e+01,2.048166e+01,2.050262e+01,2.046070e+01,2.054453e+01,2.032082e+01,2.039078e+01,2.034181e+01,2.034881e+01,2.046070e+01,2.038379e+01,2.032782e+01,2.036980e+01,2.034881e+01,2.022979e+01,2.014569e+01,2.009660e+01,2.016672e+01,2.030682e+01,2.032782e+01,2.037679e+01,2.039078e+01,2.041176e+01,2.039078e+01,2.043973e+01,2.047468e+01,2.038379e+01,2.045371e+01,2.038379e+01,2.031382e+01,2.046769e+01,2.042575e+01,2.046769e+01,2.040477e+01,2.039078e+01,2.042575e+01,2.048865e+01,2.046070e+01,2.043973e+01,2.053057e+01,2.052358e+01,2.061434e+01,2.057246e+01,2.050961e+01,2.059340e+01,2.060736e+01,2.060039e+01,2.054453e+01,2.049564e+01,2.054453e+01,2.053755e+01,2.060039e+01,2.066318e+01,2.065621e+01,2.060736e+01,2.066318e+01,2.076079e+01,2.062830e+01,2.071200e+01,2.060736e+01,2.067016e+01,2.067016e+01,2.062830e+01,2.062132e+01,2.066318e+01,2.073988e+01,2.067016e+01,2.076775e+01,2.069805e+01,2.070502e+01,2.071200e+01,2.066318e+01,2.069108e+01,2.072594e+01,2.069108e+01,2.064225e+01,2.063528e+01,2.062830e+01,2.066318e+01,2.062830e+01,2.063528e+01,2.063528e+01,2.062830e+01,2.062830e+01,2.064923e+01,2.064923e+01,2.069108e+01,2.072594e+01,2.071200e+01,2.069108e+01,2.069805e+01,2.071200e+01,2.072594e+01,2.071200e+01,2.076775e+01,2.078866e+01,2.078866e+01,2.076775e+01,2.074685e+01,2.077472e+01,2.069108e+01,2.078866e+01,2.088614e+01,2.073291e+01,2.078169e+01,2.073988e+01,2.080955e+01,2.075382e+01,2.080955e+01,2.079562e+01,2.082348e+01,2.074685e+01,2.069805e+01,2.076079e+01,2.072594e+01,2.073988e+01,2.070502e+01,2.067016e+01,2.077472e+01,2.072594e+01,2.073988e+01,2.062132e+01,2.072594e+01,2.075382e+01,2.063528e+01,2.064923e+01,2.073291e+01,2.063528e+01,2.072594e+01,2.071200e+01,2.076079e+01,2.067016e+01,2.067713e+01,2.067713e+01,2.073988e+01,2.073988e+01,2.072594e+01,2.072594e+01,2.070502e+01,2.076775e+01,2.073988e+01,2.073988e+01,2.075382e+01,2.076775e+01,2.076079e+01,2.072594e+01,2.069805e+01,2.067016e+01,2.076775e+01,2.078866e+01,2.073988e+01,2.076775e+01,2.076079e+01,2.075382e+01,2.071200e+01,2.073988e+01,2.073988e+01,2.067713e+01,2.073988e+01,2.070502e+01,2.074685e+01,2.069805e+01,2.071200e+01,2.073988e+01,2.074685e+01,2.073291e+01,2.056548e+01,2.057944e+01,2.049564e+01,2.057944e+01,2.062132e+01,2.055152e+01,2.043274e+01,2.041875e+01,2.041176e+01,2.044672e+01,2.039778e+01,2.030682e+01,2.039778e+01,2.024380e+01,2.023680e+01,2.023680e+01,2.028582e+01,2.027881e+01,2.034881e+01,2.036980e+01,2.034181e+01,2.041176e+01,2.063528e+01,2.052358e+01,2.051660e+01,2.062830e+01,2.064225e+01,2.070502e+01,2.071200e+01,2.071897e+01,2.071200e+01,2.071200e+01,2.075382e+01,2.073291e+01,2.078866e+01,2.073988e+01,2.072594e+01,2.071200e+01,2.074685e+01,2.079562e+01,2.073988e+01,2.080259e+01,2.071897e+01,2.067713e+01,2.069805e+01,2.064923e+01,2.064923e+01,2.069108e+01,2.073988e+01,2.071200e+01,2.072594e+01,2.071897e+01,2.075382e+01,2.078866e+01,2.070502e+01,2.078866e+01,2.072594e+01,2.076775e+01,2.086526e+01,2.067713e+01,2.071897e+01,2.079562e+01,2.080955e+01,2.077472e+01,2.080955e+01,2.078866e+01,2.080955e+01,2.080259e+01,2.067713e+01,2.065621e+01,2.073988e+01,2.080955e+01,2.067016e+01,2.074685e+01,2.076079e+01,2.077472e+01,2.073988e+01,2.076775e+01,2.066318e+01,2.073291e+01,2.076079e+01,2.084437e+01,2.076079e+01,2.075382e+01,2.080955e+01,2.079562e+01,2.075382e+01,2.081652e+01,2.084437e+01,2.082348e+01,2.078866e+01,2.088614e+01,2.076079e+01,2.084437e+01,2.080259e+01,2.070502e+01,2.080955e+01,2.082348e+01,2.065621e+01,2.075382e+01,2.074685e+01,2.074685e+01,2.078866e+01,2.086526e+01,2.083741e+01,2.078866e+01,2.086526e+01,2.087918e+01,2.078169e+01,2.073988e+01,2.073988e+01,2.075382e+01,2.068410e+01,2.079562e+01,2.083741e+01,2.080955e+01,2.080259e+01,2.068410e+01,2.077472e+01,2.056548e+01,2.052358e+01,2.049564e+01,2.041875e+01,2.046070e+01,2.034181e+01,2.036980e+01,2.041875e+01,2.039778e+01,2.041875e+01,2.038379e+01,2.028582e+01,2.037679e+01,2.036280e+01,2.034881e+01,2.036280e+01,2.033481e+01,2.033481e+01,2.032082e+01,2.037679e+01,2.041176e+01,2.037679e+01,2.044672e+01,2.069805e+01,2.068410e+01,2.067713e+01,2.089310e+01,2.078866e+01,2.088614e+01,2.081652e+01,2.086526e+01,2.080955e+01,2.075382e+01,2.073291e+01,2.077472e+01,2.074685e+01,2.072594e+01,2.073291e+01,2.078169e+01,2.066318e+01,2.078169e+01,2.083045e+01,2.071897e+01,2.073291e+01,2.083741e+01,2.076775e+01,2.069805e+01,2.077472e+01,2.078866e+01,2.076775e+01,2.076775e+01,2.076079e+01,2.068410e+01,2.080955e+01,2.071200e+01,2.086526e+01,2.074685e+01,2.071897e+01,2.072594e+01,2.083741e+01,2.068410e+01,2.078866e+01,2.059340e+01,2.057944e+01,2.068410e+01,2.069108e+01,2.053755e+01,2.057246e+01,2.054453e+01,2.051660e+01,2.060736e+01,2.049564e+01,2.064923e+01,2.055850e+01,2.060039e+01,2.062132e+01,2.062830e+01,2.064923e+01,2.057944e+01,2.064923e+01,2.060039e+01,2.067713e+01,2.057246e+01,2.054453e+01,2.051660e+01,2.045371e+01,2.046070e+01,2.053057e+01,2.058643e+01,2.062132e+01,2.059340e+01,2.046769e+01,2.055850e+01,2.057246e+01,2.056548e+01,2.058643e+01,2.044672e+01,2.060039e+01,2.059340e+01,2.057246e+01,2.059340e+01,2.063528e+01,2.061434e+01,2.055850e+01,2.062132e+01,2.060039e+01,2.058643e+01,2.049564e+01,2.053755e+01,2.061434e+01,2.064225e+01,2.064225e+01,2.065621e+01,2.057246e+01,2.062830e+01,2.055850e+01,2.054453e+01,2.060039e+01,2.066318e+01,2.067713e+01,2.066318e+01,2.074685e+01,2.076775e+01,2.076079e+01,2.079562e+01,2.078866e+01,2.073988e+01,2.077472e+01,2.076079e+01,2.073988e+01,2.074685e+01,2.076079e+01,2.082348e+01,2.075382e+01,2.078169e+01,2.069108e+01,2.078169e+01,2.080259e+01,2.067713e+01,2.072594e+01,2.069108e+01,2.073291e+01,2.076775e+01,2.079562e+01,2.069805e+01,2.072594e+01,2.073291e+01,2.083741e+01,2.085134e+01,2.076079e+01,2.074685e+01,2.073988e+01,2.076079e+01,2.073988e+01,2.072594e+01,2.075382e+01,2.073291e+01,2.076079e+01,2.076775e+01,2.068410e+01,2.069108e+01,2.080259e+01,2.078866e+01,2.081652e+01,2.082348e+01,2.062830e+01,2.077472e+01,2.076079e+01,2.078169e+01,2.074685e+01,2.065621e+01,2.065621e+01,2.069108e+01,2.062830e+01,2.072594e+01,2.080955e+01,2.082348e+01,2.074685e+01,2.078169e+01,2.073291e+01,2.071897e+01,2.073291e+01,2.076079e+01,2.076079e+01,2.071200e+01,2.069108e+01,2.070502e+01,2.069108e+01,2.071200e+01,2.067713e+01,2.064225e+01,2.032082e+01,2.029282e+01,2.018775e+01,2.021578e+01,2.022979e+01,2.031382e+01,2.030682e+01,2.034881e+01,2.038379e+01,2.034881e+01,2.032782e+01,2.029982e+01,2.039778e+01,2.023680e+01,2.034881e+01,2.033481e+01,2.043973e+01,2.040477e+01,2.031382e+01,2.027881e+01,2.024380e+01,2.028582e+01,2.035581e+01,2.053057e+01,2.075382e+01,2.060736e+01,2.077472e+01,2.071200e+01,2.071897e+01,2.074685e+01,2.077472e+01,2.073988e+01,2.078866e+01,2.079562e+01,2.079562e+01,2.084437e+01,2.076775e+01,2.076775e+01,2.079562e+01,2.080955e+01,2.080955e+01,2.082348e+01,2.085134e+01,2.083045e+01,2.077472e+01,2.078866e+01,2.080955e+01,2.080259e+01,2.079562e+01,2.067016e+01,2.079562e+01,2.080259e+01,2.078866e+01,2.079562e+01,2.076775e+01,2.080955e+01,2.069805e+01,2.063528e+01,2.064225e+01,2.074685e+01,2.073988e+01,2.074685e+01,2.066318e+01,2.078866e+01,2.076079e+01,2.074685e+01,2.072594e+01,2.072594e+01,2.073988e+01,2.070502e+01,2.066318e+01,2.071200e+01,2.068410e+01,2.068410e+01,2.077472e+01,2.078866e+01,2.060736e+01,2.078866e+01,2.069805e+01,2.069108e+01,2.066318e+01,2.078169e+01,2.071200e+01,2.083045e+01,2.082348e+01,2.075382e+01,2.086526e+01,2.092093e+01,2.093485e+01,2.079562e+01,2.078866e+01,2.081652e+01,2.076775e+01,2.076775e+01,2.082348e+01,2.084437e+01,2.079562e+01,2.078169e+01,2.081652e+01,2.087222e+01,2.079562e+01,2.078169e+01,2.077472e+01,2.080259e+01,2.073988e+01,2.073988e+01,2.071897e+01,2.079562e+01,2.082348e+01,2.076775e+01,2.069108e+01,2.080259e+01,2.085134e+01,2.079562e+01,2.079562e+01,2.073291e+01,2.055850e+01,2.080955e+01,2.077472e+01,2.079562e+01,2.083741e+01
2.083741e+01,2.086526e+01,2.087222e+01,2.076775e+01,2.065621e+01,2.073291e+01,2.081652e+01,2.071897e+01,2.084437e+01,2.080259e+01,2.073988e+01,2.078866e+01,2.077472e+01,2.085134e+01,2.079562e+01,2.077472e+01,2.079562e+01,2.075382e+01,2.083741e+01,2.083045e+01,2.074685e+01,2.085134e+01,2.078866e+01,2.063528e+01,2.076775e+01,2.075382e+01,2.067016e+01,2.070502e+01,2.069805e+01,2.071200e+01,2.068410e+01,2.042575e+01,2.032782e+01,2.031382e+01,2.050961e+01,2.050961e+01,2.055850e+01,2.053057e+01,2.060736e+01,2.045371e+01,2.043973e+01,2.049564e+01,2.050262e+01,2.051660e+01,2.042575e+01,2.046769e+01,2.047468e+01,2.044672e+01,2.050262e+01,2.040477e+01,2.044672e+01,2.034181e+01,2.038379e+01,2.031382e+01,2.029282e+01,2.034181e+01,2.020877e+01,2.020177e+01,2.020877e+01,2.023680e+01,2.029982e+01,2.034181e+01,2.032082e+01,2.040477e+01,2.047468e+01,2.050961e+01,2.033481e+01,2.053755e+01,2.041176e+01,2.030682e+01,2.036980e+01,2.041176e+01,2.041875e+01,2.048166e+01,2.046070e+01,2.047468e+01,2.035581e+01,2.046769e+01,2.046070e+01,2.045371e+01,2.049564e+01,2.034181e+01,2.049564e+01,2.064225e+01,2.060039e+01,2.053755e+01,2.053057e+01,2.055850e+01,2.055850e+01,2.050262e+01,2.050961e+01,2.061434e+01,2.066318e+01,2.050961e+01,2.051660e+01,2.068410e+01,2.060736e+01,2.057944e+01,2.060039e+01,2.062132e+01,2.057944e+01,2.067713e+01,2.067713e+01,2.068410e+01,2.074685e+01,2.078866e+01,2.065621e+01,2.069805e+01,2.079562e+01,2.071897e+01,2.069805e+01,2.067713e+01,2.068410e+01,2.061434e+01,2.075382e+01,2.064923e+01,2.067016e+01,2.065621e+01,2.071200e+01,2.066318e+01,2.067713e+01,2.064923e+01,2.062830e+01,2.062132e+01,2.060039e+01,2.060736e+01,2.065621e+01,2.064225e+01,2.068410e+01,2.065621e+01,2.082348e+01,2.069108e+01,2.071200e+01,2.071200e+01,2.072594e+01,2.073291e+01,2.071897e+01,2.078169e+01,2.079562e+01,2.079562e+01,2.078169e+01,2.069805e+01,2.082348e+01,2.074685e+01,2.081652e+01,2.081652e+01,2.080955e+01,2.073988e+01,2.075382e+01,2.077472e+01,2.075382e+01,2.077472e+01,2.069108e+01,2.082348e+01,2.076775e+01,2.073988e+01,2.064225e+01,2.100439e+01,2.067016e+01,2.072594e+01,2.072594e+01,2.064225e+01,2.073291e+01,2.076079e+01,2.072594e+01,2.079562e+01,2.075382e+01,2.069108e+01,2.067713e+01,2.069108e+01,2.078866e+01,2.078866e+01,2.072594e+01,2.069108e+01,2.067016e+01,2.063528e+01,2.073988e+01,2.069805e+01,2.071200e+01,2.073988e+01,2.071897e+01,2.074685e+01,2.079562e+01,2.071897e+01,2.079562e+01,2.077472e+01,2.075382e+01,2.076079e+01,2.076079e+01,2.076775e+01,2.083045e+01,2.068410e+01,2.084437e+01,2.080259e+01,2.069805e+01,2.076775e+01,2.080259e+01,2.073291e+01,2.069108e+01,2.073291e+01,2.072594e+01,2.070502e+01,2.066318e+01,2.080955e+01,2.069805e+01,2.078169e+01,2.067016e+01,2.074685e+01,2.072594e+01,2.071200e+01,2.072594e+01,2.055850e+01,2.051660e+01,2.057246e+01,2.069805e+01,2.048865e+01,2.050961e+01,2.042575e+01,2.041176e+01,2.032782e+01,2.032782e+01,2.023680e+01,2.032082e+01,2.028582e+01,2.020177e+01,2.028582e+01,2.029982e+01,2.034881e+01,2.048865e+01,2.044672e+01,2.050961e+01,2.050961e+01,2.062830e+01,2.060736e+01,2.060736e+01,2.070502e+01,2.073291e+01,2.069108e+01,2.069108e+01,2.073291e+01,2.078169e+01,2.069805e+01,2.067713e+01,2.077472e+01,2.072594e+01,2.080259e+01,2.079562e+01,2.064225e+01,2.076079e+01,2.071897e+01,2.064923e+01,2.071897e+01,2.070502e+01,2.070502e+01,2.069108e+01,2.075382e+01,2.075382e+01,2.072594e+01,2.079562e+01,2.076079e+01,2.073291e+01,2.076775e+01,2.077472e+01,2.078866e+01,2.078169e+01,2.083741e+01,2.077472e+01,2.080259e+01,2.080259e+01,2.083741e+01,2.081652e+01,2.078169e+01,2.077472e+01,2.073291e+01,2.081652e+01,2.079562e+01,2.082348e+01,2.076079e+01,2.073988e+01,2.080955e+01,2.073291e+01,2.069805e+01,2.068410e+01,2.070502e+01,2.077472e+01,2.076079e+01,2.072594e+01,2.076775e+01,2.074685e+01,2.071897e+01,2.074685e+01,2.077472e+01,2.077472e+01,2.080259e+01,2.082348e+01,2.072594e+01,2.082348e+01,2.074685e+01,2.076079e+01,2.086526e+01,2.078866e+01,2.080259e+01,2.084437e+01,2.085134e+01,2.080259e+01,2.081652e+01,2.067713e+01,2.066318e+01,2.072594e+01,2.074685e+01,2.073988e+01,2.082348e+01,2.069108e+01,2.085830e+01,2.078866e+01,2.072594e+01,2.078866e+01,2.076775e+01,2.076775e+01,2.066318e+01,2.075382e+01,2.077472e+01,2.081652e+01,2.080259e+01,2.078169e+01,2.074685e+01,2.067713e+01,2.043973e+01,2.042575e+01,2.034881e+01,2.044672e+01,2.041875e+01,2.032782e+01,2.035581e+01,2.039778e+01,2.038379e+01,2.039078e+01,2.025781e+01,2.031382e+01,2.034881e+01,2.038379e+01,2.022979e+01,2.030682e+01,2.019476e+01,2.031382e+01,2.033481e+01,2.029282e+01,2.034881e+01,2.021578e+01,2.037679e+01,2.043274e+01,2.043274e+01,2.075382e+01,2.086526e+01,2.067016e+01,2.080955e+01,2.069108e+01,2.075382e+01,2.078866e+01,2.078169e+01,2.082348e+01,2.078866e+01,2.072594e+01,2.075382e+01,2.072594e+01,2.077472e+01,2.076079e+01,2.070502e+01,2.075382e+01,2.078866e+01,2.071897e+01,2.085830e+01,2.079562e+01,2.069805e+01,2.072594e+01,2.072594e+01,2.078866e+01,2.079562e+01,2.076079e+01,2.077472e+01,2.070502e+01,2.070502e+01,2.068410e+01,2.083045e+01,2.082348e+01,2.085134e+01,2.083741e+01,2.083045e+01,2.083741e+01,2.073291e+01,2.078866e+01,2.055152e+01,2.059340e+01,2.057944e+01,2.065621e+01,2.055152e+01,2.059340e+01,2.048865e+01,2.050961e+01,2.053057e+01,2.055850e+01,2.053057e+01,2.053755e+01,2.071200e+01,2.062830e+01,2.053057e+01,2.068410e+01,2.060039e+01,2.066318e+01,2.062132e+01,2.058643e+01,2.060736e+01,2.060039e+01,2.050262e+01,2.058643e+01,2.055152e+01,2.052358e+01,2.041875e+01,2.056548e+01,2.063528e+01,2.060039e+01,2.064225e+01,2.050262e+01,2.050961e+01,2.058643e+01,2.060039e+01,2.057944e+01,2.072594e+01,2.062132e+01,2.054453e+01,2.053755e+01,2.057944e+01,2.050262e+01,2.058643e+01,2.055152e+01,2.052358e+01,2.059340e+01,2.058643e+01,2.059340e+01,2.061434e+01,2.058643e+01,2.062132e+01,2.049564e+01,2.057944e+01,2.057246e+01,2.057944e+01,2.061434e+01,2.062132e+01,2.064225e+01,2.074685e+01,2.074685e+01,2.074685e+01,2.084437e+01,2.076775e+01,2.072594e+01,2.074685e+01,2.073291e+01,2.080259e+01,2.076775e+01,2.081652e+01,2.077472e+01,2.070502e+01,2.078866e+01,2.080259e+01,2.083045e+01,2.078866e+01,2.094180e+01,2.076775e+01,2.078866e+01,2.091398e+01,2.076775e+01,2.071200e+01,2.078866e+01,2.084437e+01,2.070502e+01,2.074685e+01,2.078169e+01,2.074685e+01,2.074685e+01,2.072594e+01,2.079562e+01,2.094180e+01,2.073291e+01,2.068410e+01,2.094876e+01,2.078169e+01,2.070502e+01,2.071897e+01,2.078169e+01,2.080955e+01,2.080259e+01,2.064225e+01,2.084437e+01,2.079562e+01,2.077472e+01,2.076079e+01,2.069805e+01,2.074685e+01,2.067016e+01,2.067713e+01,2.074685e+01,2.080259e+01,2.076079e+01,2.073291e+01,2.071897e+01,2.083045e+01,2.071200e+01,2.069805e+01,2.070502e+01,2.078169e+01,2.076079e+01,2.076775e+01,2.068410e+01,2.083045e+01,2.067016e+01,2.065621e+01,2.050961e+01,2.046070e+01,2.032082e+01,2.024380e+01,2.025781e+01,2.025781e+01,2.025781e+01,2.026481e+01,2.011764e+01,2.018074e+01,2.030682e+01,2.035581e+01,2.035581e+01,2.047468e+01,2.032782e+01,2.030682e+01,2.029282e+01,2.037679e+01,2.034181e+01,2.034181e+01,2.030682e+01,2.027181e+01,2.032782e+01,2.020177e+01,2.018074e+01,2.046070e+01,2.069108e+01,2.056548e+01,2.066318e+01,2.078866e+01,2.078866e+01,2.077472e+01,2.080259e+01,2.080259e+01,2.082348e+01,2.079562e+01,2.083741e+01,2.075382e+01,2.069805e+01,2.073988e+01,2.078866e+01,2.075382e+01,2.080955e+01,2.081652e+01,2.085134e+01,2.075382e+01,2.079562e+01,2.080955e+01,2.071897e+01,2.080259e+01,2.078866e+01,2.083045e+01,2.067016e+01,2.085134e+01,2.075382e+01,2.079562e+01,2.085830e+01,2.089310e+01,2.076079e+01,2.078169e+01,2.067713e+01,2.083741e+01,2.076775e+01,2.069108e+01,2.076079e+01,2.068410e+01,2.078866e+01,2.071897e+01,2.075382e+01,2.083045e+01,2.076079e+01,2.081652e+01,2.076079e+01,2.073291e+01,2.077472e+01,2.068410e+01,2.074685e+01,2.065621e+01,2.080259e+01,2.073291e+01,2.075382e+01,2.068410e+01,2.070502e+01,2.071200e+01,2.067016e+01,2.085134e+01,2.067016e+01,2.074685e+01,2.073291e+01,2.080259e+01,2.075382e+01,2.083045e+01,2.092093e+01,2.069805e+01,2.076079e+01,2.078169e+01,2.077472e+01,2.077472e+01,2.078866e+01,2.078866e+01,2.083045e+01,2.080259e+01,2.076775e+01,2.081652e+01,2.079562e+01,2.076775e+01,2.080259e+01,2.076079e+01,2.070502e+01,2.076775e+01,2.079562e+01,2.078169e+01,2.070502e+01,2.060736e+01,2.067016e+01,2.081652e+01,2.072594e+01,2.076775e+01,2.073988e+01,2.082348e+01,2.077472e+01,2.076079e+01,2.084437e+01,2.081652e+01
2.083741e+01,2.080259e+01,2.087918e+01,2.088614e+01,2.072594e+01,2.083741e+01,2.073291e+01,2.075382e+01,2.076775e+01,2.078169e+01,2.077472e+01,2.062132e+01,2.077472e+01,2.065621e+01,2.076775e+01,2.079562e+01,2.069108e+01,2.073988e+01,2.081652e+01,2.076079e+01,2.080955e+01,2.065621e+01,2.080955e+01,2.078169e+01,2.078169e+01,2.073291e+01,2.071200e+01,2.074685e+01,2.071897e+01,2.071200e+01,2.059340e+01,2.040477e+01,2.036280e+01,2.038379e+01,2.050961e+01,2.051660e+01,2.047468e+01,2.048166e+01,2.046070e+01,2.045371e+01,2.048166e+01,2.054453e+01,2.046769e+01,2.050961e+01,2.052358e+01,2.044672e+01,2.049564e+01,2.046769e+01,2.042575e+01,2.038379e+01,2.038379e+01,2.053057e+01,2.034181e+01,2.045371e+01,2.033481e+01,2.029282e+01,2.029282e+01,2.034181e+01,2.033481e+01,2.021578e+01,2.035581e+01,2.037679e+01,2.039778e+01,2.062830e+01,2.044672e+01,2.052358e+01,2.045371e+01,2.044672e+01,2.040477e+01,2.031382e+01,2.048166e+01,2.043274e+01,2.049564e+01,2.043274e+01,2.036980e+01,2.046070e+01,2.042575e+01,2.046769e+01,2.044672e+01,2.048166e+01,2.035581e+01,2.050262e+01,2.052358e+01,2.056548e+01,2.069805e+01,2.058643e+01,2.062132e+01,2.052358e+01,2.057944e+01,2.053057e+01,2.041176e+01,2.052358e+01,2.058643e+01,2.060736e+01,2.057944e+01,2.057944e+01,2.060736e+01,2.061434e+01,2.057944e+01,2.064923e+01,2.066318e+01,2.071200e+01,2.064923e+01,2.067713e+01,2.067016e+01,2.072594e+01,2.077472e+01,2.068410e+01,2.071200e+01,2.071200e+01,2.073291e+01,2.076775e+01,2.067016e+01,2.062132e+01,2.062830e+01,2.080259e+01,2.068410e+01,2.066318e+01,2.068410e+01,2.067713e+01,2.065621e+01,2.063528e+01,2.065621e+01,2.073988e+01,2.065621e+01,2.058643e+01,2.066318e+01,2.066318e+01,2.065621e+01,2.067713e+01,2.070502e+01,2.075382e+01,2.073988e+01,2.073988e+01,2.062830e+01,2.071897e+01,2.076775e+01,2.082348e+01,2.081652e+01,2.071897e+01,2.079562e+01,2.077472e+01,2.078169e+01,2.076079e+01,2.076079e+01,2.071897e+01,2.077472e+01,2.073988e+01,2.072594e+01,2.077472e+01,2.086526e+01,2.078866e+01,2.080259e+01,2.068410e+01,2.078169e+01,2.080259e+01,2.083741e+01,2.073988e+01,2.064225e+01,2.076775e+01,2.067016e+01,2.062830e+01,2.075382e+01,2.073988e+01,2.071200e+01,2.078866e+01,2.069108e+01,2.073988e+01,2.068410e+01,2.078169e+01,2.073988e+01,2.067016e+01,2.069805e+01,2.064225e+01,2.069108e+01,2.064225e+01,2.066318e+01,2.070502e+01,2.067016e+01,2.070502e+01,2.071200e+01,2.075382e+01,2.082348e+01,2.073291e+01,2.083741e+01,2.067713e+01,2.076079e+01,2.072594e+01,2.073988e+01,2.066318e+01,2.086526e+01,2.084437e+01,2.072594e+01,2.072594e+01,2.072594e+01,2.073291e+01,2.076079e+01,2.072594e+01,2.083045e+01,2.074685e+01,2.069805e+01,2.073291e+01,2.078169e+01,2.075382e+01,2.077472e+01,2.073988e+01,2.072594e+01,2.064923e+01,2.074685e+01,2.057246e+01,2.055152e+01,2.075382e+01,2.064923e+01,2.057246e+01,2.056548e+01,2.050961e+01,2.043274e+01,2.043973e+01,2.038379e+01,2.034181e+01,2.033481e+01,2.020877e+01,2.029282e+01,2.029982e+01,2.027181e+01,2.028582e+01,2.049564e+01,2.045371e+01,2.040477e+01,2.048166e+01,2.047468e+01,2.072594e+01,2.071200e+01,2.065621e+01,2.069108e+01,2.063528e+01,2.067713e+01,2.073291e+01,2.073988e+01,2.069108e+01,2.069805e+01,2.078169e+01,2.080259e+01,2.069805e+01,2.083741e+01,2.077472e+01,2.073988e+01,2.076775e+01,2.074685e+01,2.078169e+01,2.067713e+01,2.070502e+01,2.071897e+01,2.064225e+01,2.072594e+01,2.078169e+01,2.073988e+01,2.067713e+01,2.069108e+01,2.077472e+01,2.071897e+01,2.080259e+01,2.078866e+01,2.078169e+01,2.083045e+01,2.072594e+01,2.071897e+01,2.080259e+01,2.076775e+01,2.083045e+01,2.076079e+01,2.073291e+01,2.079562e+01,2.072594e+01,2.078169e+01,2.076079e+01,2.075382e+01,2.078169e+01,2.073988e+01,2.071200e+01,2.069805e+01,2.074685e+01,2.079562e+01,2.077472e+01,2.072594e+01,2.072594e+01,2.076079e+01,2.077472e+01,2.071200e+01,2.080259e+01,2.069805e+01,2.080955e+01,2.071200e+01,2.080955e+01,2.079562e+01,2.076775e+01,2.084437e+01,2.074685e+01,2.080259e+01,2.082348e+01,2.074685e+01,2.076079e+01,2.080955e+01,2.076775e+01,2.080259e+01,2.079562e+01,2.079562e+01,2.080259e+01,2.073291e+01,2.073988e+01,2.062132e+01,2.073291e+01,2.083741e+01,2.080259e+01,2.072594e+01,2.074685e+01,2.080955e+01,2.082348e+01,2.076775e+01,2.078866e+01,2.069805e+01,2.067713e+01,2.077472e+01,2.077472e+01,2.074685e+01,2.062132e+01,2.069108e+01,2.032782e+01,2.040477e+01,2.042575e+01,2.043274e+01,2.032082e+01,2.026481e+01,2.030682e+01,2.031382e+01,2.036980e+01,2.039078e+01,2.025080e+01,2.025781e+01,2.034181e+01,2.030682e+01,2.020177e+01,2.033481e+01,2.018074e+01,2.021578e+01,2.033481e+01,2.039078e+01,2.027881e+01,2.043973e+01,2.035581e+01,2.041875e+01,2.055152e+01,2.054453e+01,2.064923e+01,2.067016e+01,2.064923e+01,2.079562e+01,2.073988e+01,2.083045e+01,2.083741e+01,2.075382e+01,2.078866e+01,2.082348e+01,2.076775e+01,2.068410e+01,2.070502e+01,2.073988e+01,2.069805e+01,2.073291e+01,2.078169e+01,2.075382e+01,2.083045e+01,2.083045e+01,2.084437e+01,2.065621e+01,2.085830e+01,2.075382e+01,2.080259e+01,2.078169e+01,2.078169e+01,2.077472e+01,2.073291e+01,2.073988e+01,2.078169e+01,2.082348e+01,2.071897e+01,2.080955e+01,2.081652e+01,2.079562e+01,2.074685e+01,2.073291e+01,2.071200e+01,2.068410e+01,2.071200e+01,2.061434e+01,2.059340e+01,2.062830e+01,2.067016e+01,2.049564e+01,2.065621e+01,2.056548e+01,2.069108e+01,2.056548e+01,2.058643e+01,2.071897e+01,2.069805e+01,2.065621e+01,2.064923e+01,2.064923e+01,2.061434e+01,2.056548e+01,2.062132e+01,2.057944e+01,2.064225e+01,2.068410e+01,2.061434e+01,2.045371e+01,2.053057e+01,2.052358e+01,2.060736e+01,2.058643e+01,2.053755e+01,2.055850e+01,2.058643e+01,2.060039e+01,2.061434e+01,2.055152e+01,2.060039e+01,2.046769e+01,2.055850e+01,2.058643e+01,2.055152e+01,2.054453e+01,2.056548e+01,2.054453e+01,2.058643e+01,2.060039e+01,2.058643e+01,2.062132e+01,2.062830e+01,2.064225e+01,2.057246e+01,2.055850e+01,2.057246e+01,2.050262e+01,2.045371e+01,2.054453e+01,2.064923e+01,2.067016e+01,2.060039e+01,2.076775e+01,2.057944e+01,2.078866e+01,2.076775e+01,2.080259e+01,2.064923e+01,2.076775e+01,2.076079e+01,2.079562e+01,2.089310e+01,2.081652e+01,2.087918e+01,2.089310e+01,2.085830e+01,2.099048e+01,2.080955e+01,2.071200e+01,2.074685e+01,2.073988e+01,2.089310e+01,2.076775e+01,2.085830e+01,2.085830e+01,2.071897e+01,2.073291e+01,2.080955e+01,2.084437e+01,2.077472e+01,2.070502e+01,2.079562e+01,2.090006e+01,2.073291e+01,2.078169e+01,2.079562e+01,2.078169e+01,2.086526e+01,2.071897e+01,2.080955e+01,2.078169e+01,2.067713e+01,2.087222e+01,2.087918e+01,2.078866e+01,2.094180e+01,2.076775e+01,2.080259e+01,2.076079e+01,2.076079e+01,2.076079e+01,2.076775e+01,2.077472e+01,2.071897e+01,2.079562e+01,2.074685e+01,2.079562e+01,2.076079e+01,2.075382e+01,2.072594e+01,2.076775e+01,2.076079e+01,2.072594e+01,2.073291e+01,2.085134e+01,2.067016e+01,2.061434e+01,2.051660e+01,2.050262e+01,2.042575e+01,2.034881e+01,2.032082e+01,2.013167e+01,2.001239e+01,2.028582e+01,2.023680e+01,2.032082e+01,2.011063e+01,2.032082e+01,2.033481e+01,2.033481e+01,2.032082e+01,2.033481e+01,2.039078e+01,2.041875e+01,2.029282e+01,2.045371e+01,2.036980e+01,2.043274e+01,2.039078e+01,2.039078e+01,2.036280e+01,2.035581e+01,2.048166e+01,2.064923e+01,2.070502e+01,2.064923e+01,2.077472e+01,2.082348e+01,2.084437e+01,2.083045e+01,2.077472e+01,2.082348e+01,2.079562e+01,2.075382e+01,2.067016e+01,2.070502e+01,2.087222e+01,2.080259e+01,2.078169e+01,2.074685e+01,2.078866e+01,2.076079e+01,2.069108e+01,2.091398e+01,2.081652e+01,2.082348e+01,2.078169e+01,2.079562e+01,2.085134e+01,2.076079e+01,2.076079e+01,2.077472e+01,2.077472e+01,2.074685e+01,2.084437e+01,2.083741e+01,2.083045e+01,2.089310e+01,2.085830e+01,2.070502e+01,2.072594e+01,2.078866e+01,2.072594e+01,2.071200e+01,2.076775e+01,2.073988e+01,2.074685e+01,2.079562e+01,2.078169e+01,2.066318e+01,2.078866e+01,2.067713e+01,2.067713e+01,2.079562e+01,2.068410e+01,2.060039e+01,2.076079e+01,2.057246e+01,2.076079e+01,2.073988e+01,2.075382e+01,2.067713e+01,2.069108e+01,2.069108e+01,2.073988e+01,2.079562e+01,2.072594e+01,2.074685e+01,2.077472e+01,2.071897e+01,2.069805e+01,2.073988e+01,2.078866e+01,2.076775e+01,2.078169e+01,2.080955e+01,2.081652e+01,2.080259e+01,2.070502e+01,2.073988e+01,2.067016e+01,2.073988e+01,2.079562e+01,2.083741e+01,2.077472e+01,2.077472e+01,2.071897e+01,2.077472e+01,2.074685e+01,2.072594e+01,2.066318e+01,2.062132e+01,2.067713e+01,2.087222e+01,2.081652e+01,2.080955e+01,2.076775e+01,2.078169e+01,2.082348e+01,2.083741e+01,2.078866e+01
2.076079e+01,2.068410e+01,2.071200e+01,2.071897e+01,2.074685e+01,2.072594e+01,2.073291e+01,2.078169e+01,2.074685e+01,2.086526e+01,2.084437e+01,2.063528e+01,2.090702e+01,2.064923e+01,2.089310e+01,2.075382e+01,2.087222e+01,2.078866e+01,2.080955e+01,2.078866e+01,2.075382e+01,2.078169e+01,2.080259e+01,2.071200e+01,2.074685e+01,2.067713e+01,2.101829e+01,2.080955e+01,2.066318e+01,2.067016e+01,2.067016e+01,2.033481e+01,2.046769e+01,2.051660e+01,2.059340e+01,2.050262e+01,2.059340e+01,2.059340e+01,2.045371e+01,2.046769e+01,2.044672e+01,2.048166e+01,2.041176e+01,2.045371e+01,2.039078e+01,2.040477e+01,2.047468e+01,2.047468e+01,2.045371e+01,2.048166e+01,2.043274e+01,2.037679e+01,2.041875e+01,2.044672e+01,2.041875e+01,2.029982e+01,2.032082e+01,2.034881e+01,2.042575e+01,2.033481e+01,2.036980e+01,2.043274e+01,2.046070e+01,2.043973e+01,2.050961e+01,2.043274e+01,2.043274e+01,2.047468e+01,2.050961e+01,2.052358e+01,2.053755e+01,2.037679e+01,2.053057e+01,2.049564e+01,2.041875e+01,2.055152e+01,2.046769e+01,2.049564e+01,2.056548e+01,2.047468e+01,2.048166e+01,2.057246e+01,2.057944e+01,2.060039e+01,2.061434e+01,2.064923e+01,2.057246e+01,2.065621e+01,2.055152e+01,2.055152e+01,2.055152e+01,2.060736e+01,2.052358e+01,2.060039e+01,2.059340e+01,2.058643e+01,2.078866e+01,2.067713e+01,2.064225e+01,2.060736e+01,2.073291e+01,2.065621e+01,2.060039e+01,2.068410e+01,2.076079e+01,2.069805e+01,2.071897e+01,2.076775e+01,2.063528e+01,2.066318e+01,2.073291e+01,2.070502e+01,2.067713e+01,2.067016e+01,2.066318e+01,2.064923e+01,2.067016e+01,2.057944e+01,2.068410e+01,2.067016e+01,2.060736e+01,2.062830e+01,2.061434e+01,2.057944e+01,2.060039e+01,2.061434e+01,2.063528e+01,2.064225e+01,2.068410e+01,2.069108e+01,2.070502e+01,2.066318e+01,2.075382e+01,2.071200e+01,2.067713e+01,2.066318e+01,2.072594e+01,2.073291e+01,2.078169e+01,2.075382e+01,2.087222e+01,2.079562e+01,2.074685e+01,2.076079e+01,2.073988e+01,2.082348e+01,2.074685e+01,2.081652e+01,2.080259e+01,2.065621e+01,2.074685e+01,2.077472e+01,2.076775e+01,2.069108e+01,2.077472e+01,2.069805e+01,2.069108e+01,2.077472e+01,2.076079e+01,2.080259e+01,2.080955e+01,2.075382e+01,2.074685e+01,2.074685e+01,2.069805e+01,2.074685e+01,2.069805e+01,2.076775e+01,2.071200e+01,2.073988e+01,2.071200e+01,2.069805e+01,2.069805e+01,2.067713e+01,2.065621e+01,2.068410e+01,2.069805e+01,2.072594e+01,2.069805e+01,2.072594e+01,2.069805e+01,2.071897e+01,2.073291e+01,2.073291e+01,2.073988e+01,2.075382e+01,2.076079e+01,2.070502e+01,2.073988e+01,2.067713e+01,2.077472e+01,2.070502e+01,2.076079e+01,2.076775e+01,2.077472e+01,2.076079e+01,2.074685e+01,2.073291e+01,2.076775e+01,2.083741e+01,2.071200e+01,2.066318e+01,2.072594e+01,2.076079e+01,2.073291e+01,2.071897e+01,2.074685e+01,2.087918e+01,2.072594e+01,2.067713e+01,2.069805e+01,2.057944e+01,2.061434e+01,2.058643e+01,2.055850e+01,2.043973e+01,2.043274e+01,2.041176e+01,2.045371e+01,2.045371e+01,2.026481e+01,2.043274e+01,2.028582e+01,2.023680e+01,2.027881e+01,2.046070e+01,2.050961e+01,2.046070e+01,2.055152e+01,2.056548e+01,2.051660e+01,2.059340e+01,2.073291e+01,2.069805e+01,2.068410e+01,2.073988e+01,2.070502e+01,2.060736e+01,2.069805e+01,2.073988e+01,2.071897e+01,2.069805e+01,2.064923e+01,2.070502e+01,2.073988e+01,2.074685e+01,2.071200e+01,2.072594e+01,2.071200e+01,2.072594e+01,2.071200e+01,2.073291e+01,2.075382e+01,2.074685e+01,2.064923e+01,2.069108e+01,2.069805e+01,2.068410e+01,2.072594e+01,2.074685e+01,2.087222e+01,2.083045e+01,2.073291e+01,2.077472e+01,2.078169e+01,2.080955e+01,2.069108e+01,2.076775e+01,2.078169e+01,2.083045e+01,2.080259e+01,2.076775e+01,2.076079e+01,2.077472e+01,2.073988e+01,2.074685e+01,2.082348e+01,2.073291e+01,2.077472e+01,2.071897e+01,2.073988e+01,2.071897e+01,2.071897e+01,2.071200e+01,2.071200e+01,2.079562e+01,2.075382e+01,2.073291e+01,2.083045e+01,2.084437e+01,2.083741e+01,2.079562e+01,2.066318e+01,2.077472e+01,2.071897e+01,2.071200e+01,2.080955e+01,2.078169e+01,2.079562e+01,2.075382e+01,2.075382e+01,2.078169e+01,2.080955e+01,2.084437e+01,2.073988e+01,2.076775e+01,2.083045e+01,2.071897e+01,2.069108e+01,2.074685e+01,2.076079e+01,2.079562e+01,2.067016e+01,2.087222e+01,2.089310e+01,2.087222e+01,2.080259e+01,2.085830e+01,2.075382e+01,2.075382e+01,2.077472e+01,2.076775e+01,2.078169e+01,2.064225e+01,2.064923e+01,2.038379e+01,2.037679e+01,2.041176e+01,2.045371e+01,2.035581e+01,2.031382e+01,2.035581e+01,2.026481e+01,2.029282e+01,2.020177e+01,2.027181e+01,2.023680e+01,2.025080e+01,2.020877e+01,2.025781e+01,1.992811e+01,2.025781e+01,2.016672e+01,2.032782e+01,2.039778e+01,2.039078e+01,2.022979e+01,2.032082e+01,2.039078e+01,2.043274e+01,2.043274e+01,2.050961e+01,2.067016e+01,2.069108e+01,2.071200e+01,2.076775e+01,2.076079e+01,2.073988e+01,2.077472e+01,2.076775e+01,2.076775e+01,2.079562e+01,2.079562e+01,2.077472e+01,2.075382e+01,2.076079e+01,2.073988e+01,2.073988e+01,2.074685e+01,2.076775e+01,2.081652e+01,2.079562e+01,2.086526e+01,2.078866e+01,2.082348e+01,2.066318e+01,2.072594e+01,2.071897e+01,2.073988e+01,2.072594e+01,2.071897e+01,2.071897e+01,2.070502e+01,2.070502e+01,2.081652e+01,2.072594e+01,2.079562e+01,2.080955e+01,2.073291e+01,2.078169e+01,2.078866e+01,2.080259e+01,2.064225e+01,2.066318e+01,2.067016e+01,2.064923e+01,2.061434e+01,2.056548e+01,2.063528e+01,2.080955e+01,2.065621e+01,2.063528e+01,2.078866e+01,2.091398e+01,2.071200e+01,2.085134e+01,2.069108e+01,2.066318e+01,2.070502e+01,2.071897e+01,2.064225e+01,2.064225e+01,2.053057e+01,2.062830e+01,2.053755e+01,2.054453e+01,2.060736e+01,2.060039e+01,2.062830e+01,2.055850e+01,2.053057e+01,2.053755e+01,2.054453e+01,2.062830e+01,2.060039e+01,2.061434e+01,2.049564e+01,2.060736e+01,2.055850e+01,2.060736e+01,2.055152e+01,2.049564e+01,2.055152e+01,2.039078e+01,2.057246e+01,2.058643e+01,2.057944e+01,2.059340e+01,2.058643e+01,2.043973e+01,2.058643e+01,2.056548e+01,2.050262e+01,2.055850e+01,2.056548e+01,2.057246e+01,2.055152e+01,2.064923e+01,2.060039e+01,2.057246e+01,2.057944e+01,2.080259e+01,2.067016e+01,2.074685e+01,2.073988e+01,2.078866e+01,2.073291e+01,2.083045e+01,2.079562e+01,2.073291e+01,2.072594e+01,2.087222e+01,2.078866e+01,2.077472e+01,2.080259e+01,2.083045e+01,2.083045e+01,2.080259e+01,2.079562e+01,2.070502e+01,2.074685e+01,2.081652e+01,2.088614e+01,2.078866e+01,2.072594e+01,2.079562e+01,2.076775e+01,2.088614e+01,2.080259e+01,2.071897e+01,2.075382e+01,2.072594e+01,2.074685e+01,2.076079e+01,2.067713e+01,2.073988e+01,2.077472e+01,2.086526e+01,2.076079e+01,2.078169e+01,2.067713e+01,2.078169e+01,2.078866e+01,2.078169e+01,2.094876e+01,2.068410e+01,2.073291e+01,2.075382e+01,2.076775e+01,2.063528e+01,2.074685e+01,2.075382e+01,2.076775e+01,2.065621e+01,2.073988e+01,2.081652e+01,2.073291e+01,2.078169e+01,2.082348e+01,2.078866e+01,2.076775e+01,2.062830e+01,2.067016e+01,2.053755e+01,2.052358e+01,2.046769e+01,2.043274e+01,2.041176e+01,2.033481e+01,2.039078e+01,2.012466e+01,2.029982e+01,2.030682e+01,2.033481e+01,2.032782e+01,2.032082e+01,2.035581e+01,2.036280e+01,2.037679e+01,2.036980e+01,2.041176e+01,2.029282e+01,2.038379e+01,2.039078e+01,2.041176e+01,2.043274e+01,2.043973e+01,2.031382e+01,2.030682e+01,2.025781e+01,2.041875e+01,2.041176e+01,2.060736e+01,2.072594e+01,2.081652e+01,2.078866e+01,2.080955e+01,2.085830e+01,2.082348e+01,2.076079e+01,2.079562e+01,2.079562e+01,2.075382e+01,2.080955e+01,2.085830e+01,2.079562e+01,2.080955e+01,2.087918e+01,2.071200e+01,2.079562e+01,2.078169e+01,2.076775e+01,2.073988e+01,2.078866e+01,2.078169e+01,2.085134e+01,2.065621e+01,2.071897e+01,2.078866e+01,2.088614e+01,2.080955e+01,2.084437e+01,2.068410e+01,2.076079e+01,2.078169e+01,2.071897e+01,2.069805e+01,2.087918e+01,2.069108e+01,2.071897e+01,2.071897e+01,2.072594e+01,2.076079e+01,2.075382e+01,2.081652e+01,2.072594e+01,2.083045e+01,2.078169e+01,2.081652e+01,2.076079e+01,2.073988e+01,2.069805e+01,2.069805e+01,2.071897e+01,2.081652e+01,2.069108e+01,2.075382e+01,2.076775e+01,2.074685e+01,2.080955e+01,2.064923e+01,2.070502e+01,2.068410e+01,2.072594e+01,2.080259e+01,2.083045e+01,2.084437e+01,2.069108e+01,2.078866e+01,2.074685e+01,2.077472e+01,2.079562e+01,2.082348e+01,2.077472e+01,2.081652e+01,2.080955e+01,2.076079e+01,2.074685e+01,2.082348e+01,2.077472e+01,2.083741e+01,2.083045e+01,2.067713e+01,2.078169e+01,2.076775e+01,2.073291e+01,2.069108e+01,2.078866e+01,2.076079e+01,2.085830e+01,2.080955e+01,2.092093e+01,2.080955e+01,2.079562e+01,2.082348e+01,2.080955e+01,2.078866e+01,2.083045e+01,2.079562e+01,2.085830e+01
2.082348e+01,2.081652e+01,2.084437e+01,2.075382e+01,2.076775e+01,2.075382e+01,2.078169e+01,2.081652e+01,2.083741e+01,2.074685e+01,2.075382e+01,2.073988e+01,2.083045e+01,2.081652e+01,2.083045e+01,2.084437e+01,2.091398e+01,2.085134e+01,2.083741e+01,2.076775e+01,2.081652e+01,2.078866e+01,2.069805e+01,2.066318e+01,2.075382e+01,2.071200e+01,2.078169e+01,2.063528e+01,2.071200e+01,2.071897e+01,2.040477e+01,2.053755e+01,2.046769e+01,2.063528e+01,2.059340e+01,2.062830e+01,2.053755e+01,2.046070e+01,2.053755e+01,2.053755e+01,2.040477e+01,2.044672e+01,2.048166e+01,2.046769e+01,2.038379e+01,2.043274e+01,2.043274e+01,2.047468e+01,2.044672e+01,2.050262e+01,2.043973e+01,2.055850e+01,2.039078e+01,2.033481e+01,2.043274e+01,2.034181e+01,2.021578e+01,2.048166e+01,2.034881e+01,2.036280e+01,2.027181e+01,2.039778e+01,2.064923e+01,2.045371e+01,2.039778e+01,2.055152e+01,2.045371e+01,2.050262e+01,2.051660e+01,2.049564e+01,2.042575e+01,2.052358e+01,2.046070e+01,2.039778e+01,2.058643e+01,2.057944e+01,2.057246e+01,2.052358e+01,2.055850e+01,2.053057e+01,2.038379e+01,2.050961e+01,2.057944e+01,2.060736e+01,2.075382e+01,2.060736e+01,2.062830e+01,2.071200e+01,2.053755e+01,2.054453e+01,2.056548e+01,2.064225e+01,2.057246e+01,2.053057e+01,2.060736e+01,2.057246e+01,2.060039e+01,2.071897e+01,2.060736e+01,2.064923e+01,2.064923e+01,2.060039e+01,2.060736e+01,2.060039e+01,2.064225e+01,2.070502e+01,2.061434e+01,2.072594e+01,2.068410e+01,2.069805e+01,2.065621e+01,2.067713e+01,2.075382e+01,2.067016e+01,2.078866e+01,2.062830e+01,2.068410e+01,2.065621e+01,2.064923e+01,2.050961e+01,2.059340e+01,2.066318e+01,2.059340e+01,2.055152e+01,2.064225e+01,2.050961e+01,2.062830e+01,2.073291e+01,2.069805e+01,2.071897e+01,2.069108e+01,2.073988e+01,2.065621e+01,2.071200e+01,2.075382e+01,2.071897e+01,2.071200e+01,2.080259e+01,2.075382e+01,2.081652e+01,2.083741e+01,2.078169e+01,2.077472e+01,2.075382e+01,2.079562e+01,2.068410e+01,2.067713e+01,2.070502e+01,2.071200e+01,2.072594e+01,2.068410e+01,2.075382e+01,2.077472e+01,2.059340e+01,2.076079e+01,2.069805e+01,2.064225e+01,2.069108e+01,2.073988e+01,2.076079e+01,2.078866e+01,2.073291e+01,2.074685e+01,2.067713e+01,2.071200e+01,2.073988e+01,2.069108e+01,2.078169e+01,2.069108e+01,2.073988e+01,2.072594e+01,2.067713e+01,2.072594e+01,2.078866e+01,2.067713e+01,2.062132e+01,2.067016e+01,2.071200e+01,2.067713e+01,2.079562e+01,2.072594e+01,2.067713e+01,2.073988e+01,2.071897e+01,2.071897e+01,2.071897e+01,2.085134e+01,2.076079e+01,2.073291e+01,2.077472e+01,2.077472e+01,2.071200e+01,2.078866e+01,2.078866e+01,2.076775e+01,2.073291e+01,2.080259e+01,2.070502e+01,2.072594e+01,2.073988e+01,2.068410e+01,2.074685e+01,2.072594e+01,2.070502e+01,2.069805e+01,2.067713e+01,2.068410e+01,2.074685e+01,2.074685e+01,2.058643e+01,2.075382e+01,2.067016e+01,2.067713e+01,2.064923e+01,2.046769e+01,2.045371e+01,2.047468e+01,2.027181e+01,2.043973e+01,2.020877e+01,2.025781e+01,2.025781e+01,2.028582e+01,2.028582e+01,2.031382e+01,2.035581e+01,2.046070e+01,2.048865e+01,2.052358e+01,2.048166e+01,2.066318e+01,2.049564e+01,2.060736e+01,2.071200e+01,2.071897e+01,2.061434e+01,2.059340e+01,2.068410e+01,2.069108e+01,2.070502e+01,2.067713e+01,2.069108e+01,2.063528e+01,2.067016e+01,2.070502e+01,2.073988e+01,2.066318e+01,2.074685e+01,2.075382e+01,2.072594e+01,2.073988e+01,2.073291e+01,2.073988e+01,2.062830e+01,2.071897e+01,2.071897e+01,2.069805e+01,2.065621e+01,2.074685e+01,2.073988e+01,2.082348e+01,2.087918e+01,2.083045e+01,2.075382e+01,2.078866e+01,2.071200e+01,2.086526e+01,2.069108e+01,2.073988e+01,2.076079e+01,2.085830e+01,2.072594e+01,2.076079e+01,2.073988e+01,2.073988e+01,2.076079e+01,2.072594e+01,2.071200e+01,2.072594e+01,2.069805e+01,2.071200e+01,2.069108e+01,2.075382e+01,2.068410e+01,2.071200e+01,2.076079e+01,2.075382e+01,2.073988e+01,2.071897e+01,2.082348e+01,2.076775e+01,2.081652e+01,2.071897e+01,2.074685e+01,2.063528e+01,2.079562e+01,2.079562e+01,2.076079e+01,2.078866e+01,2.076775e+01,2.078169e+01,2.072594e+01,2.083741e+01,2.076775e+01,2.082348e+01,2.077472e+01,2.077472e+01,2.071897e+01,2.073291e+01,2.076775e+01,2.077472e+01,2.078169e+01,2.080259e+01,2.085830e+01,2.079562e+01,2.080955e+01,2.079562e+01,2.074685e+01,2.076775e+01,2.084437e+01,2.073291e+01,2.077472e+01,2.065621e+01,2.034881e+01,2.032782e+01,2.038379e+01,2.032782e+01,2.039078e+01,2.040477e+01,2.040477e+01,2.034181e+01,2.035581e+01,2.023680e+01,2.028582e+01,2.022278e+01,2.018074e+01,2.026481e+01,2.024380e+01,2.026481e+01,2.018074e+01,2.035581e+01,2.021578e+01,2.039778e+01,2.023680e+01,2.045371e+01,2.053755e+01,2.043274e+01,2.042575e+01,2.043973e+01,2.047468e+01,2.071200e+01,2.070502e+01,2.075382e+01,2.062132e+01,2.075382e+01,2.077472e+01,2.071897e+01,2.083741e+01,2.079562e+01,2.076775e+01,2.077472e+01,2.083045e+01,2.073988e+01,2.077472e+01,2.073988e+01,2.075382e+01,2.073988e+01,2.077472e+01,2.072594e+01,2.077472e+01,2.078169e+01,2.078866e+01,2.079562e+01,2.076775e+01,2.068410e+01,2.071200e+01,2.072594e+01,2.076079e+01,2.066318e+01,2.077472e+01,2.079562e+01,2.066318e+01,2.071200e+01,2.080259e+01,2.082348e+01,2.078866e+01,2.078866e+01,2.071200e+01,2.078169e+01,2.073988e+01,2.074685e+01,2.077472e+01,2.066318e+01,2.066318e+01,2.060039e+01,2.071200e+01,2.076775e+01,2.073988e+01,2.079562e+01,2.071897e+01,2.080955e+01,2.083741e+01,2.080955e+01,2.084437e+01,2.074685e+01,2.071897e+01,2.069108e+01,2.065621e+01,2.067713e+01,2.067713e+01,2.064225e+01,2.064923e+01,2.060039e+01,2.064225e+01,2.068410e+01,2.055152e+01,2.060736e+01,2.050961e+01,2.049564e+01,2.070502e+01,2.050961e+01,2.054453e+01,2.047468e+01,2.048166e+01,2.045371e+01,2.055850e+01,2.056548e+01,2.055152e+01,2.055152e+01,2.053057e+01,2.041176e+01,2.055152e+01,2.043973e+01,2.057246e+01,2.052358e+01,2.055850e+01,2.039778e+01,2.059340e+01,2.056548e+01,2.055152e+01,2.057944e+01,2.056548e+01,2.048865e+01,2.053755e+01,2.053755e+01,2.050961e+01,2.056548e+01,2.057944e+01,2.064225e+01,2.060039e+01,2.063528e+01,2.060039e+01,2.062132e+01,2.062830e+01,2.064225e+01,2.067016e+01,2.071897e+01,2.083741e+01,2.080259e+01,2.073988e+01,2.083045e+01,2.079562e+01,2.089310e+01,2.066318e+01,2.075382e+01,2.078866e+01,2.078866e+01,2.078866e+01,2.085134e+01,2.073291e+01,2.085830e+01,2.080259e+01,2.075382e+01,2.079562e+01,2.076775e+01,2.083741e+01,2.081652e+01,2.089310e+01,2.076775e+01,2.081652e+01,2.078866e+01,2.078169e+01,2.072594e+01,2.085134e+01,2.073291e+01,2.088614e+01,2.083045e+01,2.080955e+01,2.079562e+01,2.070502e+01,2.080955e+01,2.094180e+01,2.085830e+01,2.092093e+01,2.076079e+01,2.076775e+01,2.075382e+01,2.074685e+01,2.074685e+01,2.071897e+01,2.076775e+01,2.076775e+01,2.060736e+01,2.076775e+01,2.071200e+01,2.076079e+01,2.076775e+01,2.078866e+01,2.071897e+01,2.063528e+01,2.062132e+01,2.067713e+01,2.059340e+01,2.042575e+01,2.050262e+01,2.052358e+01,2.046769e+01,2.049564e+01,2.049564e+01,2.041875e+01,2.038379e+01,2.040477e+01,2.034881e+01,2.036980e+01,2.027181e+01,2.041176e+01,2.034881e+01,2.041176e+01,2.034881e+01,2.041176e+01,2.038379e+01,2.036280e+01,2.040477e+01,2.041176e+01,2.043973e+01,2.040477e+01,2.039778e+01,2.048865e+01,2.033481e+01,2.036980e+01,2.024380e+01,2.041875e+01,2.067016e+01,2.065621e+01,2.081652e+01,2.078169e+01,2.078169e+01,2.077472e+01,2.083045e+01,2.078866e+01,2.079562e+01,2.082348e+01,2.083045e+01,2.070502e+01,2.061434e+01,2.076079e+01,2.080955e+01,2.074685e+01,2.082348e+01,2.069805e+01,2.077472e+01,2.080259e+01,2.099048e+01,2.079562e+01,2.083045e+01,2.085830e+01,2.073988e+01,2.079562e+01,2.080259e+01,2.073291e+01,2.076775e+01,2.071897e+01,2.080259e+01,2.086526e+01,2.086526e+01,2.084437e+01,2.086526e+01,2.073291e+01,2.070502e+01,2.080955e+01,2.076079e+01,2.069108e+01,2.088614e+01,2.078866e+01,2.071200e+01,2.071200e+01,2.072594e+01,2.082348e+01,2.078169e+01,2.067713e+01,2.077472e+01,2.073291e+01,2.075382e+01,2.076775e+01,2.068410e+01,2.074685e+01,2.065621e+01,2.076775e+01,2.071897e+01,2.070502e+01,2.068410e+01,2.071200e+01,2.072594e+01,2.073291e+01,2.073291e+01,2.076775e+01,2.082348e+01,2.075382e+01,2.078866e+01,2.073988e+01,2.077472e+01,2.075382e+01,2.078169e+01,2.075382e+01,2.080955e+01,2.078169e+01,2.082348e+01,2.078169e+01,2.088614e+01,2.077472e+01,2.078169e+01,2.084437e+01,2.068410e+01,2.067016e+01,2.077472e+01,2.070502e+01,2.079562e+01,2.074685e+01,2.083741e+01,2.069108e+01,2.077472e+01,2.074685e+01,2.076775e+01,2.074685e+01,2.078169e+01,2.078866e+01,2.072594e+01,2.080259e+01,2.083741e+01,2.081652e+01
2.067713e+01,2.069108e+01,2.071897e+01,2.076079e+01,2.077472e+01,2.077472e+01,2.082348e+01,2.079562e+01,2.093485e+01,2.093485e+01,2.076079e+01,2.068410e+01,2.068410e+01,2.085830e+01,2.076775e+01,2.078866e+01,2.075382e+01,2.080955e+01,2.084437e+01,2.083741e+01,2.075382e+01,2.077472e+01,2.083045e+01,2.073988e+01,2.069108e+01,2.072594e+01,2.073988e+01,2.076079e+01,2.073988e+01,2.068410e+01,2.055850e+01,2.041176e+01,2.039778e+01,2.055850e+01,2.063528e+01,2.062132e+01,2.048166e+01,2.060736e+01,2.058643e+01,2.044672e+01,2.045371e+01,2.039778e+01,2.057246e+01,2.047468e+01,2.051660e+01,2.053755e+01,2.047468e+01,2.046070e+01,2.036980e+01,2.045371e+01,2.049564e+01,2.042575e+01,2.032082e+01,2.040477e+01,2.032782e+01,2.043973e+01,2.034181e+01,2.044672e+01,2.034181e+01,2.034181e+01,2.048865e+01,2.049564e+01,2.050262e+01,2.051660e+01,2.051660e+01,2.043973e+01,2.044672e+01,2.049564e+01,2.055152e+01,2.046070e+01,2.055850e+01,2.036980e+01,2.057944e+01,2.047468e+01,2.048865e+01,2.047468e+01,2.050961e+01,2.051660e+01,2.049564e+01,2.055152e+01,2.060736e+01,2.062830e+01,2.071897e+01,2.057246e+01,2.055152e+01,2.064923e+01,2.050262e+01,2.066318e+01,2.067016e+01,2.068410e+01,2.062830e+01,2.060736e+01,2.070502e+01,2.053057e+01,2.058643e+01,2.073291e+01,2.062132e+01,2.063528e+01,2.078169e+01,2.063528e+01,2.071200e+01,2.069805e+01,2.065621e+01,2.062132e+01,2.060736e+01,2.073291e+01,2.064225e+01,2.067016e+01,2.067713e+01,2.071200e+01,2.069108e+01,2.067016e+01,2.066318e+01,2.064923e+01,2.071897e+01,2.074685e+01,2.057944e+01,2.062830e+01,2.066318e+01,2.060039e+01,2.058643e+01,2.073988e+01,2.067713e+01,2.070502e+01,2.062830e+01,2.053057e+01,2.060039e+01,2.064225e+01,2.064225e+01,2.074685e+01,2.070502e+01,2.078866e+01,2.071897e+01,2.077472e+01,2.056548e+01,2.073291e+01,2.071200e+01,2.073988e+01,2.074685e+01,2.085830e+01,2.076079e+01,2.076079e+01,2.076775e+01,2.073988e+01,2.068410e+01,2.074685e+01,2.071200e+01,2.069805e+01,2.080259e+01,2.073988e+01,2.071897e+01,2.067713e+01,2.068410e+01,2.075382e+01,2.074685e+01,2.067016e+01,2.065621e+01,2.064923e+01,2.080259e+01,2.064923e+01,2.078866e+01,2.068410e+01,2.078866e+01,2.080259e+01,2.073291e+01,2.068410e+01,2.070502e+01,2.070502e+01,2.068410e+01,2.063528e+01,2.065621e+01,2.069805e+01,2.070502e+01,2.070502e+01,2.068410e+01,2.076079e+01,2.064923e+01,2.069108e+01,2.065621e+01,2.083741e+01,2.072594e+01,2.069805e+01,2.070502e+01,2.073291e+01,2.071897e+01,2.073988e+01,2.064225e+01,2.076775e+01,2.074685e+01,2.078866e+01,2.068410e+01,2.083741e+01,2.079562e+01,2.075382e+01,2.071897e+01,2.073988e+01,2.069805e+01,2.068410e+01,2.073291e+01,2.072594e+01,2.078169e+01,2.071200e+01,2.073988e+01,2.073988e+01,2.073988e+01,2.073988e+01,2.072594e+01,2.069805e+01,2.071200e+01,2.062132e+01,2.070502e+01,2.063528e+01,2.062132e+01,2.062132e+01,2.058643e+01,2.041176e+01,2.042575e+01,2.046769e+01,2.036980e+01,2.029282e+01,2.027881e+01,2.034181e+01,2.033481e+01,2.040477e+01,2.052358e+01,2.046070e+01,2.046070e+01,2.050961e+01,2.045371e+01,2.060039e+01,2.050961e+01,2.064923e+01,2.071897e+01,2.066318e+01,2.066318e+01,2.064225e+01,2.073291e+01,2.069805e+01,2.067713e+01,2.070502e+01,2.067016e+01,2.069805e+01,2.071200e+01,2.070502e+01,2.069805e+01,2.071897e+01,2.080259e+01,2.067016e+01,2.078169e+01,2.071200e+01,2.073988e+01,2.073291e+01,2.071897e+01,2.073988e+01,2.075382e+01,2.074685e+01,2.069108e+01,2.073291e+01,2.071897e+01,2.070502e+01,2.073291e+01,2.082348e+01,2.071200e+01,2.073988e+01,2.079562e+01,2.073988e+01,2.086526e+01,2.086526e+01,2.073988e+01,2.078169e+01,2.077472e+01,2.082348e+01,2.072594e+01,2.080955e+01,2.080259e+01,2.077472e+01,2.076079e+01,2.073291e+01,2.073291e+01,2.071200e+01,2.067713e+01,2.068410e+01,2.077472e+01,2.085134e+01,2.072594e+01,2.076079e+01,2.074685e+01,2.079562e+01,2.085134e+01,2.076079e+01,2.080955e+01,2.074685e+01,2.074685e+01,2.076079e+01,2.082348e+01,2.080259e+01,2.078169e+01,2.079562e+01,2.076775e+01,2.074685e+01,2.075382e+01,2.074685e+01,2.069805e+01,2.069805e+01,2.076079e+01,2.080259e+01,2.071897e+01,2.069805e+01,2.074685e+01,2.077472e+01,2.074685e+01,2.090006e+01,2.087918e+01,2.079562e+01,2.082348e+01,2.078169e+01,2.089310e+01,2.078169e+01,2.079562e+01,2.078169e+01,2.078866e+01,2.078866e+01,2.071200e+01,2.036280e+01,2.043973e+01,2.036980e+01,2.027881e+01,2.025781e+01,2.031382e+01,2.036280e+01,2.032782e+01,2.040477e+01,2.034881e+01,2.024380e+01,2.022979e+01,2.018074e+01,2.022278e+01,2.020177e+01,2.026481e+01,2.029982e+01,2.034181e+01,2.033481e+01,2.034881e+01,2.062132e+01,2.051660e+01,2.049564e+01,2.055850e+01,2.062830e+01,2.061434e+01,2.068410e+01,2.067016e+01,2.076775e+01,2.073291e+01,2.089310e+01,2.088614e+01,2.076775e+01,2.084437e+01,2.076775e+01,2.082348e+01,2.078866e+01,2.078169e+01,2.077472e+01,2.076775e+01,2.080955e+01,2.078866e+01,2.072594e+01,2.079562e+01,2.079562e+01,2.080259e+01,2.077472e+01,2.077472e+01,2.071897e+01,2.085134e+01,2.079562e+01,2.083741e+01,2.069805e+01,2.081652e+01,2.067713e+01,2.069108e+01,2.073988e+01,2.074685e+01,2.074685e+01,2.069108e+01,2.079562e+01,2.071200e+01,2.079562e+01,2.069805e+01,2.074685e+01,2.079562e+01,2.072594e+01,2.073988e+01,2.078169e+01,2.074685e+01,2.066318e+01,2.074685e+01,2.075382e+01,2.062830e+01,2.076775e+01,2.067016e+01,2.069805e+01,2.080955e+01,2.080259e+01,2.082348e+01,2.086526e+01,2.083045e+01,2.084437e+01,2.078866e+01,2.075382e+01,2.085830e+01,2.077472e+01,2.069108e+01,2.071200e+01,2.071897e+01,2.053755e+01,2.063528e+01,2.064225e+01,2.071897e+01,2.068410e+01,2.051660e+01,2.067016e+01,2.063528e+01,2.062132e+01,2.057246e+01,2.064225e+01,2.062132e+01,2.048865e+01,2.051660e+01,2.055850e+01,2.057944e+01,2.050961e+01,2.039078e+01,2.053755e+01,2.041176e+01,2.053755e+01,2.059340e+01,2.059340e+01,2.057944e+01,2.054453e+01,2.050961e+01,2.046070e+01,2.062132e+01,2.049564e+01,2.053057e+01,2.050961e+01,2.054453e+01,2.056548e+01,2.056548e+01,2.054453e+01,2.053755e+01,2.059340e+01,2.055152e+01,2.059340e+01,2.075382e+01,2.063528e+01,2.069108e+01,2.065621e+01,2.071897e+01,2.074685e+01,2.071897e+01,2.092093e+01,2.087222e+01,2.085830e+01,2.089310e+01,2.070502e+01,2.078169e+01,2.079562e+01,2.084437e+01,2.087222e+01,2.082348e+01,2.087222e+01,2.083045e+01,2.084437e+01,2.071200e+01,2.081652e+01,2.082348e+01,2.075382e+01,2.094180e+01,2.092789e+01,2.089310e+01,2.085830e+01,2.077472e+01,2.079562e+01,2.075382e+01,2.079562e+01,2.076775e+01,2.077472e+01,2.086526e+01,2.073988e+01,2.077472e+01,2.077472e+01,2.079562e+01,2.085830e+01,2.074685e+01,2.082348e+01,2.071897e+01,2.071897e+01,2.074685e+01,2.063528e+01,2.075382e+01,2.069108e+01,2.076775e+01,2.058643e+01,2.072594e+01,2.072594e+01,2.067016e+01,2.076079e+01,2.069805e+01,2.069805e+01,2.071200e+01,2.059340e+01,2.066318e+01,2.057246e+01,2.054453e+01,2.056548e+01,2.055152e+01,2.041176e+01,2.055152e+01,2.039778e+01,2.045371e+01,2.043973e+01,2.048865e+01,2.044672e+01,2.040477e+01,2.042575e+01,2.036280e+01,2.042575e+01,2.043973e+01,2.040477e+01,2.034881e+01,2.046769e+01,2.017373e+01,2.035581e+01,2.037679e+01,2.042575e+01,2.041875e+01,2.048166e+01,2.043973e+01,2.039078e+01,2.027881e+01,2.035581e+01,2.027881e+01,2.027181e+01,2.071200e+01,2.068410e+01,2.078169e+01,2.078866e+01,2.075382e+01,2.078169e+01,2.073291e+01,2.082348e+01,2.076079e+01,2.075382e+01,2.073988e+01,2.078866e+01,2.083045e+01,2.075382e+01,2.065621e+01,2.081652e+01,2.077472e+01,2.069108e+01,2.078169e+01,2.078866e+01,2.095572e+01,2.079562e+01,2.082348e+01,2.091398e+01,2.079562e+01,2.078169e+01,2.085134e+01,2.071200e+01,2.076775e+01,2.080955e+01,2.076775e+01,2.082348e+01,2.085830e+01,2.070502e+01,2.087918e+01,2.090702e+01,2.070502e+01,2.080955e+01,2.074685e+01,2.078866e+01,2.082348e+01,2.085134e+01,2.074685e+01,2.073988e+01,2.076079e+01,2.065621e+01,2.076079e+01,2.078169e+01,2.070502e+01,2.077472e+01,2.077472e+01,2.078866e+01,2.075382e+01,2.076079e+01,2.073988e+01,2.094180e+01,2.078169e+01,2.055850e+01,2.071200e+01,2.071200e+01,2.071897e+01,2.072594e+01,2.070502e+01,2.073988e+01,2.073291e+01,2.071200e+01,2.076079e+01,2.075382e+01,2.076775e+01,2.078169e+01,2.080259e+01,2.076079e+01,2.078169e+01,2.076079e+01,2.090006e+01,2.077472e+01,2.076079e+01,2.073988e+01,2.078866e+01,2.078169e+01,2.090702e+01,2.088614e+01,2.086526e+01,2.069805e+01,2.073988e+01,2.076775e+01,2.072594e+01,2.073291e+01,2.080955e+01,2.090702e+01,2.072594e+01,2.081652e+01,2.079562e+01,2.077472e+01,2.078169e+01,2.074685e+01,2.085134e+01,2.083741e+01
2.067713e+01,2.074685e+01,2.076079e+01,2.078866e+01,2.078169e+01,2.084437e+01,2.078866e+01,2.076775e+01,2.087222e+01,2.079562e+01,2.064923e+01,2.063528e+01,2.085134e+01,2.067713e+01,2.079562e+01,2.082348e+01,2.068410e+01,2.080259e+01,2.080955e+01,2.080259e+01,2.076079e+01,2.082348e+01,2.071200e+01,2.070502e+01,2.080259e+01,2.074685e+01,2.096962e+01,2.071897e+01,2.064225e+01,2.057944e+01,2.046769e+01,2.051660e+01,2.062830e+01,2.055152e+01,2.063528e+01,2.064923e+01,2.045371e+01,2.045371e+01,2.045371e+01,2.036980e+01,2.052358e+01,2.043973e+01,2.049564e+01,2.034181e+01,2.041875e+01,2.036980e+01,2.044672e+01,2.048166e+01,2.048166e+01,2.048865e+01,2.034181e+01,2.039778e+01,2.034181e+01,2.039778e+01,2.041176e+01,2.031382e+01,2.044672e+01,2.034181e+01,2.043274e+01,2.039078e+01,2.046769e+01,2.051660e+01,2.034881e+01,2.046070e+01,2.048865e+01,2.046070e+01,2.051660e+01,2.053057e+01,2.055152e+01,2.055850e+01,2.058643e+01,2.054453e+01,2.046070e+01,2.044672e+01,2.051660e+01,2.051660e+01,2.048865e+01,2.049564e+01,2.052358e+01,2.052358e+01,2.055152e+01,2.051660e+01,2.055850e+01,2.056548e+01,2.053057e+01,2.058643e+01,2.055152e+01,2.067016e+01,2.058643e+01,2.039778e+01,2.067016e+01,2.056548e+01,2.070502e+01,2.071897e+01,2.064923e+01,2.061434e+01,2.062830e+01,2.064225e+01,2.074685e+01,2.072594e+01,2.066318e+01,2.072594e+01,2.062132e+01,2.064923e+01,2.058643e+01,2.062132e+01,2.066318e+01,2.069805e+01,2.071200e+01,2.067713e+01,2.067713e+01,2.067016e+01,2.065621e+01,2.066318e+01,2.069805e+01,2.069805e+01,2.064225e+01,2.064923e+01,2.063528e+01,2.065621e+01,2.067713e+01,2.075382e+01,2.056548e+01,2.064225e+01,2.069108e+01,2.064225e+01,2.064923e+01,2.064923e+01,2.072594e+01,2.064923e+01,2.074685e+01,2.069108e+01,2.075382e+01,2.064225e+01,2.069805e+01,2.071897e+01,2.071897e+01,2.071897e+01,2.083045e+01,2.073988e+01,2.073291e+01,2.077472e+01,2.078169e+01,2.065621e+01,2.078169e+01,2.069108e+01,2.076775e+01,2.076775e+01,2.074685e+01,2.071897e+01,2.076775e+01,2.076079e+01,2.078866e+01,2.081652e+01,2.076775e+01,2.073291e+01,2.073291e+01,2.062132e+01,2.060039e+01,2.067713e+01,2.063528e+01,2.065621e+01,2.060736e+01,2.067713e+01,2.078169e+01,2.074685e+01,2.080955e+01,2.064923e+01,2.060039e+01,2.069108e+01,2.067713e+01,2.068410e+01,2.067713e+01,2.061434e+01,2.075382e+01,2.078169e+01,2.064923e+01,2.075382e+01,2.078169e+01,2.070502e+01,2.067016e+01,2.064225e+01,2.078866e+01,2.071200e+01,2.086526e+01,2.078169e+01,2.080259e+01,2.077472e+01,2.062132e+01,2.070502e+01,2.076775e+01,2.075382e+01,2.072594e+01,2.073988e+01,2.069805e+01,2.076775e+01,2.074685e+01,2.072594e+01,2.071897e+01,2.071897e+01,2.071200e+01,2.071897e+01,2.073988e+01,2.073988e+01,2.070502e+01,2.071897e+01,2.066318e+01,2.071200e+01,2.071897e+01,2.067713e+01,2.075382e+01,2.060736e+01,2.061434e+01,2.060736e+01,2.058643e+01,2.041875e+01,2.048865e+01,2.038379e+01,2.029282e+01,2.040477e+01,2.030682e+01,2.033481e+01,2.033481e+01,2.034181e+01,2.047468e+01,2.048865e+01,2.049564e+01,2.055850e+01,2.062830e+01,2.057944e+01,2.068410e+01,2.053755e+01,2.070502e+01,2.065621e+01,2.071897e+01,2.071897e+01,2.064923e+01,2.072594e+01,2.078866e+01,2.067713e+01,2.078866e+01,2.064923e+01,2.069805e+01,2.069108e+01,2.067016e+01,2.071897e+01,2.073291e+01,2.078169e+01,2.073988e+01,2.052358e+01,2.073291e+01,2.071897e+01,2.060039e+01,2.076079e+01,2.068410e+01,2.068410e+01,2.072594e+01,2.071200e+01,2.077472e+01,2.068410e+01,2.073291e+01,2.075382e+01,2.076775e+01,2.071897e+01,2.085830e+01,2.069805e+01,2.085830e+01,2.073291e+01,2.074685e+01,2.078866e+01,2.078866e+01,2.079562e+01,2.083045e+01,2.074685e+01,2.077472e+01,2.076079e+01,2.077472e+01,2.073988e+01,2.080259e+01,2.069108e+01,2.082348e+01,2.070502e+01,2.069108e+01,2.082348e+01,2.080955e+01,2.084437e+01,2.081652e+01,2.076079e+01,2.079562e+01,2.077472e+01,2.077472e+01,2.076079e+01,2.075382e+01,2.079562e+01,2.078169e+01,2.078866e+01,2.078169e+01,2.069108e+01,2.079562e+01,2.074685e+01,2.074685e+01,2.073988e+01,2.073291e+01,2.078866e+01,2.074685e+01,2.073291e+01,2.076079e+01,2.082348e+01,2.069805e+01,2.079562e+01,2.080259e+01,2.078169e+01,2.078169e+01,2.075382e+01,2.076775e+01,2.078866e+01,2.078169e+01,2.075382e+01,2.081652e+01,2.077472e+01,2.073988e+01,2.060039e+01,2.054453e+01,2.037679e+01,2.029282e+01,2.029282e+01,2.028582e+01,2.021578e+01,2.032082e+01,2.025781e+01,2.031382e+01,2.022278e+01,2.026481e+01,2.025781e+01,2.025080e+01,2.022979e+01,2.018074e+01,2.027181e+01,2.018775e+01,2.027181e+01,2.041176e+01,2.050262e+01,2.041176e+01,2.061434e+01,2.062830e+01,2.062132e+01,2.070502e+01,2.083741e+01,2.086526e+01,2.069805e+01,2.073988e+01,2.083045e+01,2.072594e+01,2.083741e+01,2.076079e+01,2.082348e+01,2.079562e+01,2.080955e+01,2.082348e+01,2.072594e+01,2.083045e+01,2.081652e+01,2.080259e+01,2.078169e+01,2.077472e+01,2.079562e+01,2.077472e+01,2.079562e+01,2.083741e+01,2.075382e+01,2.084437e+01,2.078169e+01,2.068410e+01,2.069108e+01,2.079562e+01,2.076775e+01,2.074685e+01,2.071897e+01,2.079562e+01,2.078866e+01,2.071897e+01,2.071200e+01,2.062132e+01,2.071897e+01,2.078866e+01,2.071200e+01,2.082348e+01,2.077472e+01,2.073291e+01,2.076775e+01,2.073291e+01,2.069108e+01,2.077472e+01,2.076775e+01,2.067016e+01,2.060736e+01,2.066318e+01,2.075382e+01,2.078866e+01,2.078866e+01,2.080259e+01,2.069108e+01,2.076079e+01,2.084437e+01,2.087222e+01,2.074685e+01,2.080259e+01,2.082348e+01,2.078866e+01,2.077472e+01,2.079562e+01,2.064923e+01,2.060736e+01,2.057246e+01,2.055152e+01,2.067713e+01,2.049564e+01,2.073291e+01,2.072594e+01,2.048865e+01,2.064923e+01,2.062830e+01,2.055850e+01,2.053755e+01,2.057944e+01,2.045371e+01,2.056548e+01,2.057246e+01,2.055850e+01,2.048865e+01,2.051660e+01,2.047468e+01,2.048865e+01,2.042575e+01,2.048166e+01,2.043973e+01,2.046070e+01,2.040477e+01,2.055850e+01,2.040477e+01,2.044672e+01,2.041875e+01,2.055850e+01,2.050961e+01,2.050262e+01,2.050961e+01,2.049564e+01,2.062830e+01,2.061434e+01,2.055152e+01,2.068410e+01,2.060039e+01,2.056548e+01,2.056548e+01,2.066318e+01,2.059340e+01,2.057246e+01,2.056548e+01,2.069805e+01,2.062830e+01,2.080955e+01,2.078169e+01,2.080955e+01,2.086526e+01,2.080259e+01,2.083045e+01,2.080955e+01,2.083045e+01,2.073291e+01,2.091398e+01,2.091398e+01,2.075382e+01,2.080955e+01,2.084437e+01,2.067016e+01,2.102524e+01,2.080259e+01,2.087222e+01,2.080259e+01,2.085134e+01,2.079562e+01,2.080955e+01,2.069108e+01,2.073291e+01,2.071200e+01,2.079562e+01,2.076775e+01,2.076079e+01,2.074685e+01,2.073988e+01,2.073291e+01,2.077472e+01,2.096962e+01,2.068410e+01,2.072594e+01,2.064923e+01,2.062830e+01,2.066318e+01,2.057944e+01,2.055850e+01,2.073291e+01,2.062132e+01,2.057944e+01,2.060039e+01,2.059340e+01,2.069108e+01,2.075382e+01,2.069108e+01,2.071897e+01,2.069805e+01,2.077472e+01,2.057944e+01,2.050262e+01,2.062830e+01,2.058643e+01,2.052358e+01,2.050262e+01,2.059340e+01,2.043274e+01,2.039078e+01,2.052358e+01,2.041176e+01,2.057944e+01,2.044672e+01,2.041875e+01,2.049564e+01,2.054453e+01,2.055152e+01,2.044672e+01,2.053755e+01,2.038379e+01,2.038379e+01,2.036980e+01,2.042575e+01,2.048865e+01,2.042575e+01,2.055152e+01,2.038379e+01,2.051660e+01,2.033481e+01,2.046769e+01,2.030682e+01,2.046769e+01,2.076775e+01,2.074685e+01,2.070502e+01,2.077472e+01,2.067713e+01,2.072594e+01,2.080259e+01,2.076775e+01,2.078169e+01,2.083045e+01,2.074685e+01,2.073988e+01,2.078866e+01,2.071897e+01,2.069805e+01,2.081652e+01,2.072594e+01,2.084437e+01,2.081652e+01,2.080955e+01,2.078169e+01,2.084437e+01,2.091398e+01,2.086526e+01,2.076079e+01,2.076775e+01,2.074685e+01,2.079562e+01,2.082348e+01,2.077472e+01,2.077472e+01,2.078866e+01,2.085830e+01,2.085134e+01,2.086526e+01,2.071200e+01,2.076775e+01,2.077472e+01,2.078169e+01,2.079562e+01,2.075382e+01,2.087222e+01,2.089310e+01,2.071200e+01,2.076775e+01,2.083045e+01,2.082348e+01,2.072594e+01,2.073291e+01,2.087918e+01,2.075382e+01,2.077472e+01,2.072594e+01,2.073988e+01,2.077472e+01,2.067713e+01,2.080955e+01,2.071897e+01,2.076079e+01,2.073988e+01,2.072594e+01,2.080955e+01,2.072594e+01,2.085830e+01,2.073291e+01,2.076079e+01,2.073291e+01,2.075382e+01,2.074685e+01,2.076079e+01,2.082348e+01,2.073988e+01,2.083045e+01,2.083741e+01,2.078169e+01,2.084437e+01,2.075382e+01,2.084437e+01,2.077472e+01,2.090006e+01,2.080259e+01,2.067713e+01,2.073988e+01,2.071200e+01,2.071200e+01,2.075382e+01,2.073988e+01,2.078169e+01,2.074685e+01,2.076079e+01,2.073988e+01,2.083045e+01,2.067016e+01,2.081652e+01,2.070502e+01,2.076775e+01,2.076079e+01
2.090006e+01,2.071200e+01,2.079562e+01,2.077472e+01,2.081652e+01,2.084437e+01,2.080259e+01,2.079562e+01,2.073988e+01,2.083741e+01,2.097658e+01,2.074685e+01,2.076079e+01,2.078169e+01,2.081652e+01,2.082348e+01,2.080259e+01,2.083741e+01,2.081652e+01,2.076079e+01,2.078169e+01,2.080955e+01,2.070502e+01,2.075382e+01,2.069805e+01,2.065621e+01,2.069805e+01,2.061434e+01,2.069805e+01,2.059340e+01,2.056548e+01,2.047468e+01,2.057246e+01,2.067016e+01,2.060736e+01,2.064225e+01,2.060736e+01,2.070502e+01,2.057246e+01,2.037679e+01,2.046070e+01,2.036280e+01,2.046769e+01,2.038379e+01,2.031382e+01,2.030682e+01,2.037679e+01,2.046070e+01,2.048166e+01,2.041875e+01,2.041176e+01,2.039078e+01,2.042575e+01,2.046070e+01,2.047468e+01,2.044672e+01,2.047468e+01,2.041176e+01,2.050262e+01,2.036280e+01,2.057246e+01,2.044672e+01,2.050262e+01,2.042575e+01,2.035581e+01,2.046070e+01,2.051660e+01,2.056548e+01,2.060039e+01,2.061434e+01,2.045371e+01,2.057944e+01,2.047468e+01,2.050961e+01,2.050961e+01,2.046769e+01,2.059340e+01,2.056548e+01,2.055850e+01,2.049564e+01,2.055850e+01,2.060039e+01,2.069805e+01,2.078169e+01,2.065621e+01,2.065621e+01,2.060736e+01,2.063528e+01,2.068410e+01,2.082348e+01,2.061434e+01,2.059340e+01,2.062132e+01,2.078169e+01,2.056548e+01,2.076079e+01,2.069805e+01,2.069108e+01,2.064225e+01,2.067713e+01,2.062830e+01,2.062830e+01,2.064225e+01,2.062132e+01,2.068410e+01,2.060039e+01,2.069108e+01,2.066318e+01,2.062830e+01,2.069108e+01,2.067713e+01,2.075382e+01,2.065621e+01,2.059340e+01,2.066318e+01,2.068410e+01,2.069108e+01,2.066318e+01,2.062830e+01,2.067713e+01,2.063528e+01,2.071897e+01,2.071897e+01,2.071200e+01,2.069805e+01,2.070502e+01,2.069805e+01,2.071200e+01,2.063528e+01,2.069805e+01,2.067713e+01,2.067713e+01,2.074685e+01,2.073291e+01,2.071897e+01,2.072594e+01,2.072594e+01,2.073988e+01,2.078866e+01,2.078866e+01,2.073988e+01,2.076775e+01,2.076775e+01,2.065621e+01,2.076775e+01,2.091398e+01,2.068410e+01,2.074685e+01,2.064923e+01,2.073291e+01,2.070502e+01,2.070502e+01,2.073291e+01,2.071200e+01,2.077472e+01,2.057944e+01,2.069805e+01,2.066318e+01,2.063528e+01,2.065621e+01,2.073291e+01,2.060039e+01,2.063528e+01,2.076079e+01,2.075382e+01,2.062132e+01,2.067713e+01,2.068410e+01,2.080955e+01,2.069805e+01,2.067016e+01,2.067713e+01,2.064225e+01,2.056548e+01,2.062830e+01,2.078866e+01,2.060736e+01,2.063528e+01,2.064225e+01,2.066318e+01,2.076079e+01,2.066318e+01,2.077472e+01,2.090006e+01,2.074685e+01,2.073988e+01,2.058643e+01,2.074685e+01,2.079562e+01,2.073291e+01,2.069108e+01,2.059340e+01,2.073291e+01,2.066318e+01,2.070502e+01,2.076775e+01,2.076079e+01,2.071200e+01,2.073988e+01,2.073988e+01,2.074685e+01,2.076079e+01,2.076079e+01,2.075382e+01,2.072594e+01,2.073291e+01,2.078169e+01,2.071200e+01,2.069108e+01,2.069108e+01,2.067016e+01,2.069108e+01,2.054453e+01,2.055152e+01,2.043973e+01,2.046070e+01,2.048865e+01,2.039778e+01,2.044672e+01,2.041875e+01,2.028582e+01,2.031382e+01,2.033481e+01,2.046070e+01,2.051660e+01,2.062132e+01,2.050262e+01,2.064923e+01,2.072594e+01,2.064225e+01,2.067016e+01,2.062830e+01,2.065621e+01,2.067016e+01,2.053057e+01,2.075382e+01,2.071200e+01,2.072594e+01,2.068410e+01,2.069108e+01,2.068410e+01,2.073291e+01,2.073988e+01,2.069805e+01,2.074685e+01,2.083741e+01,2.076079e+01,2.085134e+01,2.068410e+01,2.069805e+01,2.071200e+01,2.071897e+01,2.071200e+01,2.074685e+01,2.071897e+01,2.073988e+01,2.073291e+01,2.078169e+01,2.084437e+01,2.073291e+01,2.073988e+01,2.070502e+01,2.079562e+01,2.078866e+01,2.069108e+01,2.081652e+01,2.084437e+01,2.080259e+01,2.076079e+01,2.088614e+01,2.076775e+01,2.084437e+01,2.069805e+01,2.081652e+01,2.082348e+01,2.077472e+01,2.076079e+01,2.076775e+01,2.078169e+01,2.076079e+01,2.077472e+01,2.079562e+01,2.081652e+01,2.074685e+01,2.080259e+01,2.076079e+01,2.076775e+01,2.071200e+01,2.078169e+01,2.079562e+01,2.075382e+01,2.072594e+01,2.080259e+01,2.079562e+01,2.080259e+01,2.066318e+01,2.080955e+01,2.083741e+01,2.076079e+01,2.075382e+01,2.078866e+01,2.078866e+01,2.075382e+01,2.073988e+01,2.074685e+01,2.082348e+01,2.074685e+01,2.083045e+01,2.076775e+01,2.085134e+01,2.064923e+01,2.071897e+01,2.080259e+01,2.090006e+01,2.084437e+01,2.086526e+01,2.079562e+01,2.076775e+01,2.078169e+01,2.076079e+01,2.075382e+01,2.067713e+01,2.057944e+01,2.041875e+01,2.027181e+01,2.029282e+01,2.024380e+01,2.017373e+01,2.032782e+01,2.029282e+01,2.023680e+01,2.022979e+01,2.027181e+01,2.020877e+01,2.030682e+01,2.025080e+01,2.020177e+01,2.024380e+01,2.033481e+01,2.032782e+01,2.048865e+01,2.048865e+01,2.054453e+01,2.067713e+01,2.067016e+01,2.069108e+01,2.076775e+01,2.067016e+01,2.076775e+01,2.078866e+01,2.084437e+01,2.073291e+01,2.076775e+01,2.077472e+01,2.075382e+01,2.073291e+01,2.079562e+01,2.069108e+01,2.083045e+01,2.067713e+01,2.069805e+01,2.080259e+01,2.066318e+01,2.080259e+01,2.073291e+01,2.077472e+01,2.075382e+01,2.086526e+01,2.080259e+01,2.067713e+01,2.070502e+01,2.074685e+01,2.078866e+01,2.078866e+01,2.075382e+01,2.075382e+01,2.082348e+01,2.074685e+01,2.080955e+01,2.069108e+01,2.080955e+01,2.067713e+01,2.075382e+01,2.079562e+01,2.075382e+01,2.071897e+01,2.072594e+01,2.083741e+01,2.070502e+01,2.080955e+01,2.074685e+01,2.080259e+01,2.075382e+01,2.072594e+01,2.061434e+01,2.060736e+01,2.060736e+01,2.075382e+01,2.062830e+01,2.069805e+01,2.062830e+01,2.079562e+01,2.079562e+01,2.069805e+01,2.080955e+01,2.074685e+01,2.087918e+01,2.076775e+01,2.087222e+01,2.083045e+01,2.086526e+01,2.075382e+01,2.062830e+01,2.067016e+01,2.065621e+01,2.067713e+01,2.065621e+01,2.069108e+01,2.067713e+01,2.064923e+01,2.064225e+01,2.067713e+01,2.064225e+01,2.048865e+01,2.046769e+01,2.058643e+01,2.059340e+01,2.039778e+01,2.050961e+01,2.050961e+01,2.041875e+01,2.046070e+01,2.043274e+01,2.039078e+01,2.044672e+01,2.046070e+01,2.039078e+01,2.041176e+01,2.044672e+01,2.042575e+01,2.055850e+01,2.059340e+01,2.057246e+01,2.051660e+01,2.058643e+01,2.055152e+01,2.059340e+01,2.058643e+01,2.054453e+01,2.056548e+01,2.067713e+01,2.053755e+01,2.064225e+01,2.057246e+01,2.056548e+01,2.049564e+01,2.060039e+01,2.050961e+01,2.067016e+01,2.077472e+01,2.058643e+01,2.079562e+01,2.073291e+01,2.088614e+01,2.082348e+01,2.091398e+01,2.080259e+01,2.085830e+01,2.079562e+01,2.080955e+01,2.076775e+01,2.077472e+01,2.080955e+01,2.087222e+01,2.083741e+01,2.082348e+01,2.085830e+01,2.080955e+01,2.079562e+01,2.083045e+01,2.083045e+01,2.076079e+01,2.078169e+01,2.073988e+01,2.087222e+01,2.073988e+01,2.082348e+01,2.073291e+01,2.065621e+01,2.073988e+01,2.067016e+01,2.069805e+01,2.071200e+01,2.069108e+01,2.065621e+01,2.066318e+01,2.058643e+01,2.063528e+01,2.057246e+01,2.053057e+01,2.058643e+01,2.055152e+01,2.055152e+01,2.058643e+01,2.069108e+01,2.071897e+01,2.053755e+01,2.069108e+01,2.067713e+01,2.061434e+01,2.053755e+01,2.062830e+01,2.061434e+01,2.055152e+01,2.055850e+01,2.060736e+01,2.054453e+01,2.057246e+01,2.041875e+01,2.045371e+01,2.041875e+01,2.042575e+01,2.052358e+01,2.043274e+01,2.053755e+01,2.051660e+01,2.038379e+01,2.043973e+01,2.045371e+01,2.053755e+01,2.035581e+01,2.073988e+01,2.047468e+01,2.027181e+01,2.050262e+01,2.049564e+01,2.045371e+01,2.027881e+01,2.036280e+01,2.036280e+01,2.049564e+01,2.032082e+01,2.046769e+01,2.070502e+01,2.068410e+01,2.070502e+01,2.080955e+01,2.079562e+01,2.088614e+01,2.079562e+01,2.086526e+01,2.078169e+01,2.073291e+01,2.078169e+01,2.076775e+01,2.082348e+01,2.080955e+01,2.074685e+01,2.085134e+01,2.078169e+01,2.077472e+01,2.084437e+01,2.079562e+01,2.082348e+01,2.075382e+01,2.071897e+01,2.071897e+01,2.071897e+01,2.079562e+01,2.076079e+01,2.076079e+01,2.074685e+01,2.083741e+01,2.080259e+01,2.080259e+01,2.085134e+01,2.073291e+01,2.078866e+01,2.078169e+01,2.071897e+01,2.073291e+01,2.073988e+01,2.076079e+01,2.074685e+01,2.071200e+01,2.069108e+01,2.068410e+01,2.068410e+01,2.074685e+01,2.071897e+01,2.069805e+01,2.075382e+01,2.076775e+01,2.082348e+01,2.081652e+01,2.080259e+01,2.087222e+01,2.089310e+01,2.086526e+01,2.085134e+01,2.076775e+01,2.070502e+01,2.073291e+01,2.073988e+01,2.092789e+01,2.073291e+01,2.073988e+01,2.083045e+01,2.076079e+01,2.068410e+01,2.071200e+01,2.096267e+01,2.096962e+01,2.081652e+01,2.087222e+01,2.078866e+01,2.079562e+01,2.083045e+01,2.079562e+01,2.082348e+01,2.078866e+01,2.077472e+01,2.089310e+01,2.079562e+01,2.074685e+01,2.071897e+01,2.060039e+01,2.075382e+01,2.069108e+01,2.074685e+01,2.069805e+01,2.077472e+01,2.078169e+01,2.080259e+01,2.083741e+01,2.071200e+01,2.076079e+01,2.076079e+01,2.076775e+01,2.076775e+01
2.088614e+01,2.080259e+01,2.069108e+01,2.083045e+01,2.074685e+01,2.079562e+01,2.083045e+01,2.079562e+01,2.069108e+01,2.078866e+01,2.096962e+01,2.099048e+01,2.086526e+01,2.080259e+01,2.078169e+01,2.082348e+01,2.081652e+01,2.081652e+01,2.079562e+01,2.077472e+01,2.077472e+01,2.079562e+01,2.077472e+01,2.072594e+01,2.076775e+01,2.073988e+01,2.059340e+01,2.072594e+01,2.058643e+01,2.059340e+01,2.054453e+01,2.060039e+01,2.062132e+01,2.063528e+01,2.052358e+01,2.064923e+01,2.059340e+01,2.059340e+01,2.054453e+01,2.052358e+01,2.050262e+01,2.049564e+01,2.050961e+01,2.042575e+01,2.037679e+01,2.042575e+01,2.041176e+01,2.039078e+01,2.042575e+01,2.046769e+01,2.048166e+01,2.038379e+01,2.043274e+01,2.053057e+01,2.059340e+01,2.048166e+01,2.046769e+01,2.046769e+01,2.058643e+01,2.046769e+01,2.046769e+01,2.044672e+01,2.046769e+01,2.048865e+01,2.043274e+01,2.041176e+01,2.046769e+01,2.053755e+01,2.055152e+01,2.046769e+01,2.050262e+01,2.050262e+01,2.060736e+01,2.055152e+01,2.046070e+01,2.049564e+01,2.058643e+01,2.063528e+01,2.060039e+01,2.057944e+01,2.053755e+01,2.057246e+01,2.068410e+01,2.061434e+01,2.062830e+01,2.075382e+01,2.080259e+01,2.053057e+01,2.078169e+01,2.080955e+01,2.071897e+01,2.068410e+01,2.060039e+01,2.066318e+01,2.069805e+01,2.069805e+01,2.069108e+01,2.063528e+01,2.064923e+01,2.075382e+01,2.064923e+01,2.075382e+01,2.064225e+01,2.067016e+01,2.063528e+01,2.066318e+01,2.066318e+01,2.069805e+01,2.060039e+01,2.062830e+01,2.069108e+01,2.076775e+01,2.069108e+01,2.069805e+01,2.067016e+01,2.071200e+01,2.066318e+01,2.062830e+01,2.059340e+01,2.064923e+01,2.069805e+01,2.072594e+01,2.073988e+01,2.075382e+01,2.067713e+01,2.071897e+01,2.069805e+01,2.074685e+01,2.078169e+01,2.075382e+01,2.077472e+01,2.080955e+01,2.073291e+01,2.075382e+01,2.082348e+01,2.072594e+01,2.083741e+01,2.073988e+01,2.072594e+01,2.077472e+01,2.079562e+01,2.082348e+01,2.078169e+01,2.073291e+01,2.067713e+01,2.071200e+01,2.070502e+01,2.080259e+01,2.073291e+01,2.069108e+01,2.069805e+01,2.069108e+01,2.069108e+01,2.071200e+01,2.071200e+01,2.071897e+01,2.065621e+01,2.067016e+01,2.070502e+01,2.072594e+01,2.066318e+01,2.076775e+01,2.068410e+01,2.089310e+01,2.069108e+01,2.069108e+01,2.069108e+01,2.074685e+01,2.070502e+01,2.065621e+01,2.059340e+01,2.071200e+01,2.071200e+01,2.056548e+01,2.071200e+01,2.068410e+01,2.065621e+01,2.066318e+01,2.078169e+01,2.064225e+01,2.064225e+01,2.069805e+01,2.071897e+01,2.070502e+01,2.069108e+01,2.076775e+01,2.068410e+01,2.073988e+01,2.080259e+01,2.067713e+01,2.076775e+01,2.067016e+01,2.073291e+01,2.072594e+01,2.073988e+01,2.073291e+01,2.071200e+01,2.074685e+01,2.071897e+01,2.075382e+01,2.069805e+01,2.077472e+01,2.076775e+01,2.069108e+01,2.080259e+01,2.069108e+01,2.067016e+01,2.072594e+01,2.073988e+01,2.061434e+01,2.057944e+01,2.055152e+01,2.062830e+01,2.047468e+01,2.045371e+01,2.043274e+01,2.043973e+01,2.043274e+01,2.034881e+01,2.043973e+01,2.042575e+01,2.040477e+01,2.034181e+01,2.042575e+01,2.046070e+01,2.047468e+01,2.067016e+01,2.062830e+01,2.069108e+01,2.053057e+01,2.069805e+01,2.069805e+01,2.062830e+01,2.068410e+01,2.062830e+01,2.071200e+01,2.069108e+01,2.069108e+01,2.077472e+01,2.077472e+01,2.075382e+01,2.073291e+01,2.072594e+01,2.072594e+01,2.067713e+01,2.076079e+01,2.077472e+01,2.078169e+01,2.075382e+01,2.080259e+01,2.071897e+01,2.077472e+01,2.071897e+01,2.076079e+01,2.075382e+01,2.085830e+01,2.072594e+01,2.067713e+01,2.067713e+01,2.074685e+01,2.070502e+01,2.076775e+01,2.083741e+01,2.076079e+01,2.078866e+01,2.085134e+01,2.071200e+01,2.073988e+01,2.075382e+01,2.080955e+01,2.080259e+01,2.080955e+01,2.077472e+01,2.076775e+01,2.078169e+01,2.077472e+01,2.078169e+01,2.077472e+01,2.066318e+01,2.082348e+01,2.071897e+01,2.076775e+01,2.080259e+01,2.076079e+01,2.084437e+01,2.083045e+01,2.084437e+01,2.078169e+01,2.074685e+01,2.076775e+01,2.078169e+01,2.079562e+01,2.076775e+01,2.080955e+01,2.082348e+01,2.071897e+01,2.078866e+01,2.079562e+01,2.075382e+01,2.072594e+01,2.078169e+01,2.076775e+01,2.078169e+01,2.071897e+01,2.076079e+01,2.076775e+01,2.076079e+01,2.076775e+01,2.077472e+01,2.077472e+01,2.073988e+01,2.076775e+01,2.079562e+01,2.087918e+01,2.073291e+01,2.078866e+01,2.080955e+01,2.078169e+01,2.077472e+01,2.075382e+01,2.078866e+01,2.080955e+01,2.054453e+01,2.038379e+01,2.025080e+01,2.027881e+01,2.025781e+01,2.028582e+01,2.023680e+01,2.026481e+01,2.028582e+01,2.019476e+01,2.024380e+01,2.020877e+01,2.020177e+01,2.018775e+01,2.026481e+01,2.025781e+01,2.026481e+01,2.050262e+01,2.059340e+01,2.063528e+01,2.067713e+01,2.062132e+01,2.088614e+01,2.078169e+01,2.067713e+01,2.067016e+01,2.087222e+01,2.081652e+01,2.075382e+01,2.075382e+01,2.078866e+01,2.074685e+01,2.087222e+01,2.080259e+01,2.074685e+01,2.076775e+01,2.082348e+01,2.066318e+01,2.081652e+01,2.075382e+01,2.071897e+01,2.073988e+01,2.076775e+01,2.076775e+01,2.071200e+01,2.080259e+01,2.083741e+01,2.080259e+01,2.079562e+01,2.069805e+01,2.076775e+01,2.071897e+01,2.070502e+01,2.078866e+01,2.073988e+01,2.084437e+01,2.083045e+01,2.073988e+01,2.067016e+01,2.072594e+01,2.081652e+01,2.076079e+01,2.077472e+01,2.073988e+01,2.067016e+01,2.079562e+01,2.072594e+01,2.069108e+01,2.080259e+01,2.079562e+01,2.096267e+01,2.065621e+01,2.075382e+01,2.073291e+01,2.072594e+01,2.064923e+01,2.064225e+01,2.070502e+01,2.074685e+01,2.071897e+01,2.070502e+01,2.081652e+01,2.075382e+01,2.071200e+01,2.080955e+01,2.084437e+01,2.083045e+01,2.087222e+01,2.083741e+01,2.086526e+01,2.065621e+01,2.078169e+01,2.080259e+01,2.067016e+01,2.064923e+01,2.064225e+01,2.066318e+01,2.062830e+01,2.083045e+01,2.065621e+01,2.065621e+01,2.061434e+01,2.058643e+01,2.060039e+01,2.056548e+01,2.050262e+01,2.050961e+01,2.055850e+01,2.048166e+01,2.041875e+01,2.043973e+01,2.044672e+01,2.046070e+01,2.044672e+01,2.041176e+01,2.057246e+01,2.045371e+01,2.056548e+01,2.061434e+01,2.057944e+01,2.050262e+01,2.059340e+01,2.059340e+01,2.056548e+01,2.058643e+01,2.066318e+01,2.058643e+01,2.052358e+01,2.055850e+01,2.062132e+01,2.059340e+01,2.059340e+01,2.059340e+01,2.060736e+01,2.053755e+01,2.052358e+01,2.071897e+01,2.064923e+01,2.082348e+01,2.069805e+01,2.074685e+01,2.076079e+01,2.080955e+01,2.092093e+01,2.085830e+01,2.090702e+01,2.078169e+01,2.087918e+01,2.085134e+01,2.078169e+01,2.083045e+01,2.084437e+01,2.083741e+01,2.080955e+01,2.080259e+01,2.089310e+01,2.074685e+01,2.082348e+01,2.083741e+01,2.083045e+01,2.083045e+01,2.085830e+01,2.070502e+01,2.069805e+01,2.064225e+01,2.055152e+01,2.067713e+01,2.043973e+01,2.045371e+01,2.043274e+01,2.062132e+01,2.060039e+01,2.059340e+01,2.052358e+01,2.057246e+01,2.064923e+01,2.048865e+01,2.052358e+01,2.059340e+01,2.057944e+01,2.057246e+01,2.051660e+01,2.062132e+01,2.056548e+01,2.070502e+01,2.060736e+01,2.068410e+01,2.075382e+01,2.060736e+01,2.060039e+01,2.059340e+01,2.052358e+01,2.054453e+01,2.052358e+01,2.055152e+01,2.057944e+01,2.060736e+01,2.052358e+01,2.042575e+01,2.044672e+01,2.046070e+01,2.048865e+01,2.047468e+01,2.057944e+01,2.057944e+01,2.052358e+01,2.055152e+01,2.049564e+01,2.044672e+01,2.053057e+01,2.047468e+01,2.046070e+01,2.049564e+01,2.043973e+01,2.047468e+01,2.052358e+01,2.050961e+01,2.046769e+01,2.048166e+01,2.048865e+01,2.034181e+01,2.053057e+01,2.067713e+01,2.076775e+01,2.073291e+01,2.079562e+01,2.079562e+01,2.086526e+01,2.096267e+01,2.090006e+01,2.083741e+01,2.071200e+01,2.081652e+01,2.084437e+01,2.073291e+01,2.084437e+01,2.083045e+01,2.087918e+01,2.081652e+01,2.087222e+01,2.076775e+01,2.084437e+01,2.083045e+01,2.087222e+01,2.089310e+01,2.084437e+01,2.072594e+01,2.083045e+01,2.082348e+01,2.090006e+01,2.078169e+01,2.087222e+01,2.079562e+01,2.076775e+01,2.078866e+01,2.082348e+01,2.071200e+01,2.079562e+01,2.092789e+01,2.074685e+01,2.073291e+01,2.073988e+01,2.069805e+01,2.076775e+01,2.076775e+01,2.072594e+01,2.083741e+01,2.073291e+01,2.073988e+01,2.074685e+01,2.074685e+01,2.076775e+01,2.094876e+01,2.074685e+01,2.087918e+01,2.089310e+01,2.079562e+01,2.071200e+01,2.069805e+01,2.088614e+01,2.077472e+01,2.076775e+01,2.077472e+01,2.094876e+01,2.076775e+01,2.076775e+01,2.075382e+01,2.076079e+01,2.094876e+01,2.085830e+01,2.097658e+01,2.076775e+01,2.083045e+01,2.077472e+01,2.090702e+01,2.083741e+01,2.083741e+01,2.075382e+01,2.078866e+01,2.088614e+01,2.076079e+01,2.091398e+01,2.073988e+01,2.072594e+01,2.071897e+01,2.075382e+01,2.080955e+01,2.071897e+01,2.080259e+01,2.076775e+01,2.092789e+01,2.084437e+01,2.080259e+01,2.085134e+01,2.070502e+01,2.083045e+01,2.078169e+01,2.076775e+01
2.064225e+01,2.087918e+01,2.079562e+01,2.078866e+01,2.083741e+01,2.077472e+01,2.083741e+01,2.082348e+01,2.079562e+01,2.071897e+01,2.070502e+01,2.076775e+01,2.080955e+01,2.087222e+01,2.080955e+01,2.083045e+01,2.079562e+01,2.083045e+01,2.083045e+01,2.080955e+01,2.078169e+01,2.079562e+01,2.073988e+01,2.076079e+01,2.072594e+01,2.079562e+01,2.074685e+01,2.047468e+01,2.057944e+01,2.057246e+01,2.050262e+01,2.050961e+01,2.066318e+01,2.058643e+01,2.062830e+01,2.064225e+01,2.057944e+01,2.046070e+01,2.038379e+01,2.045371e+01,2.039778e+01,2.031382e+01,2.040477e+01,2.039078e+01,2.047468e+01,2.042575e+01,2.048865e+01,2.045371e+01,2.046070e+01,2.042575e+01,2.048166e+01,2.048166e+01,2.033481e+01,2.046769e+01,2.048865e+01,2.043274e+01,2.050262e+01,2.048166e+01,2.050262e+01,2.045371e+01,2.043973e+01,2.046769e+01,2.043973e+01,2.049564e+01,2.059340e+01,2.058643e+01,2.041176e+01,2.044672e+01,2.060736e+01,2.062132e+01,2.053057e+01,2.055152e+01,2.046769e+01,2.055850e+01,2.042575e+01,2.065621e+01,2.053755e+01,2.057944e+01,2.058643e+01,2.056548e+01,2.061434e+01,2.055850e+01,2.071897e+01,2.072594e+01,2.061434e+01,2.073291e+01,2.073988e+01,2.071200e+01,2.066318e+01,2.069108e+01,2.061434e+01,2.068410e+01,2.066318e+01,2.067713e+01,2.068410e+01,2.063528e+01,2.071200e+01,2.061434e+01,2.067016e+01,2.067713e+01,2.062132e+01,2.066318e+01,2.064225e+01,2.067713e+01,2.063528e+01,2.067713e+01,2.057246e+01,2.063528e+01,2.063528e+01,2.072594e+01,2.061434e+01,2.067016e+01,2.071897e+01,2.070502e+01,2.067016e+01,2.068410e+01,2.058643e+01,2.071200e+01,2.067713e+01,2.071200e+01,2.062830e+01,2.069108e+01,2.069805e+01,2.072594e+01,2.069805e+01,2.074685e+01,2.071897e+01,2.073291e+01,2.070502e+01,2.077472e+01,2.060039e+01,2.070502e+01,2.077472e+01,2.080259e+01,2.073988e+01,2.071200e+01,2.080259e+01,2.073291e+01,2.072594e+01,2.071897e+01,2.073291e+01,2.080259e+01,2.079562e+01,2.068410e+01,2.069108e+01,2.071897e+01,2.074685e+01,2.072594e+01,2.064923e+01,2.070502e+01,2.075382e+01,2.069805e+01,2.071897e+01,2.062830e+01,2.071200e+01,2.053057e+01,2.069108e+01,2.067713e+01,2.065621e+01,2.058643e+01,2.062132e+01,2.057944e+01,2.087222e+01,2.067016e+01,2.064923e+01,2.071200e+01,2.071200e+01,2.069108e+01,2.068410e+01,2.055850e+01,2.069805e+01,2.071200e+01,2.070502e+01,2.064923e+01,2.068410e+01,2.080259e+01,2.062830e+01,2.063528e+01,2.081652e+01,2.062132e+01,2.064923e+01,2.072594e+01,2.071200e+01,2.070502e+01,2.069108e+01,2.073291e+01,2.069805e+01,2.080259e+01,2.065621e+01,2.067713e+01,2.077472e+01,2.073291e+01,2.067016e+01,2.072594e+01,2.064225e+01,2.074685e+01,2.075382e+01,2.072594e+01,2.071897e+01,2.072594e+01,2.066318e+01,2.077472e+01,2.080955e+01,2.072594e+01,2.069805e+01,2.074685e+01,2.068410e+01,2.067016e+01,2.080955e+01,2.047468e+01,2.062132e+01,2.055152e+01,2.057246e+01,2.053057e+01,2.046769e+01,2.043973e+01,2.046070e+01,2.040477e+01,2.045371e+01,2.040477e+01,2.033481e+01,2.037679e+01,2.057944e+01,2.047468e+01,2.061434e+01,2.050262e+01,2.056548e+01,2.055850e+01,2.058643e+01,2.063528e+01,2.059340e+01,2.064923e+01,2.069108e+01,2.064923e+01,2.067016e+01,2.064923e+01,2.076775e+01,2.070502e+01,2.075382e+01,2.074685e+01,2.074685e+01,2.071897e+01,2.073291e+01,2.069805e+01,2.080955e+01,2.082348e+01,2.083741e+01,2.076079e+01,2.069108e+01,2.086526e+01,2.071897e+01,2.073988e+01,2.076079e+01,2.077472e+01,2.075382e+01,2.060039e+01,2.076079e+01,2.068410e+01,2.066318e+01,2.072594e+01,2.072594e+01,2.078169e+01,2.078169e+01,2.082348e+01,2.086526e+01,2.077472e+01,2.077472e+01,2.083741e+01,2.087222e+01,2.083045e+01,2.082348e+01,2.085830e+01,2.079562e+01,2.076775e+01,2.078866e+01,2.066318e+01,2.079562e+01,2.075382e+01,2.078169e+01,2.082348e+01,2.087222e+01,2.085134e+01,2.077472e+01,2.074685e+01,2.078866e+01,2.070502e+01,2.076079e+01,2.076775e+01,2.074685e+01,2.078866e+01,2.079562e+01,2.072594e+01,2.076775e+01,2.080259e+01,2.081652e+01,2.078866e+01,2.080955e+01,2.080955e+01,2.079562e+01,2.076079e+01,2.077472e+01,2.071200e+01,2.076079e+01,2.071897e+01,2.077472e+01,2.085134e+01,2.086526e+01,2.073291e+01,2.080259e+01,2.072594e+01,2.080955e+01,2.075382e+01,2.074685e+01,2.074685e+01,2.079562e+01,2.076079e+01,2.076079e+01,2.077472e+01,2.078866e+01,2.078866e+01,2.078169e+01,2.066318e+01,2.065621e+01,2.038379e+01,2.022278e+01,2.021578e+01,2.026481e+01,2.023680e+01,2.015270e+01,2.018775e+01,2.026481e+01,2.016672e+01,2.015270e+01,2.014569e+01,2.020877e+01,2.020177e+01,2.022278e+01,2.035581e+01,2.038379e+01,2.046769e+01,2.067016e+01,2.069805e+01,2.083741e+01,2.073291e+01,2.073291e+01,2.055152e+01,2.072594e+01,2.075382e+01,2.079562e+01,2.084437e+01,2.072594e+01,2.075382e+01,2.082348e+01,2.076079e+01,2.071200e+01,2.084437e+01,2.077472e+01,2.080259e+01,2.069108e+01,2.082348e+01,2.073988e+01,2.076079e+01,2.078169e+01,2.080259e+01,2.078169e+01,2.071200e+01,2.071200e+01,2.080955e+01,2.075382e+01,2.076079e+01,2.069108e+01,2.073291e+01,2.080259e+01,2.074685e+01,2.072594e+01,2.080259e+01,2.078169e+01,2.085830e+01,2.083045e+01,2.070502e+01,2.080259e+01,2.071897e+01,2.075382e+01,2.075382e+01,2.083045e+01,2.076079e+01,2.074685e+01,2.073291e+01,2.080259e+01,2.079562e+01,2.085134e+01,2.076079e+01,2.078169e+01,2.077472e+01,2.060736e+01,2.073291e+01,2.073988e+01,2.072594e+01,2.063528e+01,2.067016e+01,2.067713e+01,2.072594e+01,2.068410e+01,2.071200e+01,2.069108e+01,2.069805e+01,2.080955e+01,2.079562e+01,2.080955e+01,2.085830e+01,2.084437e+01,2.080259e+01,2.063528e+01,2.073291e+01,2.065621e+01,2.080259e+01,2.070502e+01,2.062830e+01,2.068410e+01,2.061434e+01,2.062132e+01,2.060039e+01,2.055152e+01,2.062830e+01,2.060736e+01,2.060736e+01,2.056548e+01,2.044672e+01,2.051660e+01,2.043973e+01,2.041875e+01,2.039078e+01,2.042575e+01,2.054453e+01,2.043973e+01,2.042575e+01,2.045371e+01,2.045371e+01,2.048865e+01,2.047468e+01,2.046769e+01,2.055152e+01,2.055152e+01,2.053057e+01,2.058643e+01,2.053755e+01,2.064225e+01,2.057944e+01,2.058643e+01,2.060039e+01,2.066318e+01,2.060736e+01,2.057246e+01,2.051660e+01,2.055152e+01,2.054453e+01,2.048865e+01,2.054453e+01,2.050262e+01,2.059340e+01,2.054453e+01,2.067713e+01,2.082348e+01,2.069108e+01,2.073988e+01,2.085830e+01,2.091398e+01,2.079562e+01,2.087918e+01,2.076079e+01,2.088614e+01,2.083045e+01,2.083741e+01,2.084437e+01,2.078169e+01,2.090006e+01,2.073988e+01,2.077472e+01,2.083741e+01,2.078169e+01,2.058643e+01,2.068410e+01,2.053057e+01,2.070502e+01,2.058643e+01,2.055152e+01,2.038379e+01,2.043973e+01,2.043973e+01,2.045371e+01,2.046070e+01,2.047468e+01,2.038379e+01,2.051660e+01,2.039078e+01,2.057246e+01,2.059340e+01,2.060736e+01,2.053057e+01,2.057246e+01,2.053755e+01,2.050961e+01,2.050961e+01,2.066318e+01,2.054453e+01,2.051660e+01,2.067713e+01,2.067016e+01,2.060736e+01,2.064225e+01,2.066318e+01,2.060736e+01,2.057246e+01,2.055850e+01,2.067713e+01,2.055152e+01,2.040477e+01,2.057944e+01,2.055850e+01,2.050961e+01,2.056548e+01,2.045371e+01,2.043973e+01,2.062132e+01,2.053057e+01,2.057246e+01,2.055152e+01,2.053755e+01,2.052358e+01,2.055850e+01,2.050961e+01,2.027181e+01,2.049564e+01,2.046070e+01,2.048865e+01,2.052358e+01,2.046070e+01,2.051660e+01,2.029982e+01,2.048166e+01,2.049564e+01,2.035581e+01,2.042575e+01,2.063528e+01,2.053755e+01,2.071200e+01,2.084437e+01,2.081652e+01,2.080259e+01,2.079562e+01,2.084437e+01,2.093485e+01,2.070502e+01,2.083045e+01,2.076079e+01,2.084437e+01,2.087222e+01,2.083741e+01,2.087918e+01,2.087918e+01,2.087222e+01,2.083741e+01,2.079562e+01,2.085134e+01,2.094180e+01,2.083045e+01,2.076775e+01,2.085830e+01,2.089310e+01,2.078169e+01,2.088614e+01,2.079562e+01,2.087918e+01,2.083045e+01,2.069805e+01,2.076079e+01,2.083045e+01,2.075382e+01,2.089310e+01,2.077472e+01,2.093485e+01,2.071897e+01,2.074685e+01,2.072594e+01,2.069805e+01,2.094180e+01,2.070502e+01,2.081652e+01,2.085134e+01,2.072594e+01,2.085830e+01,2.082348e+01,2.077472e+01,2.073988e+01,2.078169e+01,2.077472e+01,2.076775e+01,2.069805e+01,2.067713e+01,2.085830e+01,2.067713e+01,2.083045e+01,2.079562e+01,2.080955e+01,2.078866e+01,2.078169e+01,2.092093e+01,2.078169e+01,2.082348e+01,2.085134e+01,2.092093e+01,2.089310e+01,2.087918e+01,2.078866e+01,2.074685e+01,2.076079e+01,2.085830e+01,2.085830e+01,2.083741e+01,2.074685e+01,2.080259e+01,2.083045e+01,2.079562e+01,2.079562e+01,2.083741e+01,2.079562e+01,2.073291e+01,2.076775e+01,2.075382e+01,2.067016e+01,2.076079e+01,2.080955e+01,2.081652e+01,2.098353e+01,2.071200e+01,2.071200e+01,2.069108e+01,2.072594e+01,2.075382e+01,2.094180e+01
2.082348e+01,2.087222e+01,2.074685e+01,2.091398e+01,2.080259e+01,2.077472e+01,2.084437e+01,2.078169e+01,2.080955e+01,2.071200e+01,2.093485e+01,2.080955e+01,2.080259e+01,2.080955e+01,2.074685e+01,2.080955e+01,2.080955e+01,2.080955e+01,2.080955e+01,2.075382e+01,2.072594e+01,2.080259e+01,2.080955e+01,2.074685e+01,2.072594e+01,2.071200e+01,2.061434e+01,2.045371e+01,2.061434e+01,2.047468e+01,2.053057e+01,2.054453e+01,2.060736e+01,2.062830e+01,2.080955e+01,2.057944e+01,2.042575e+01,2.056548e+01,2.055152e+01,2.057246e+01,2.045371e+01,2.037679e+01,2.042575e+01,2.032082e+01,2.037679e+01,2.039078e+01,2.036280e+01,2.043274e+01,2.039078e+01,2.042575e+01,2.047468e+01,2.048166e+01,2.046070e+01,2.046769e+01,2.044672e+01,2.031382e+01,2.050961e+01,2.060736e+01,2.046769e+01,2.046070e+01,2.062132e+01,2.046769e+01,2.048166e+01,2.048166e+01,2.056548e+01,2.052358e+01,2.062830e+01,2.049564e+01,2.059340e+01,2.052358e+01,2.056548e+01,2.043973e+01,2.063528e+01,2.051660e+01,2.062132e+01,2.057246e+01,2.060039e+01,2.067016e+01,2.070502e+01,2.059340e+01,2.069805e+01,2.059340e+01,2.059340e+01,2.068410e+01,2.066318e+01,2.073291e+01,2.052358e+01,2.070502e+01,2.070502e+01,2.070502e+01,2.080955e+01,2.067016e+01,2.043274e+01,2.066318e+01,2.069805e+01,2.068410e+01,2.076079e+01,2.070502e+01,2.069108e+01,2.065621e+01,2.080259e+01,2.076079e+01,2.072594e+01,2.058643e+01,2.070502e+01,2.067016e+01,2.065621e+01,2.057246e+01,2.072594e+01,2.071200e+01,2.059340e+01,2.063528e+01,2.063528e+01,2.064225e+01,2.080259e+01,2.069108e+01,2.064225e+01,2.064923e+01,2.066318e+01,2.064225e+01,2.064923e+01,2.075382e+01,2.069108e+01,2.064225e+01,2.067713e+01,2.064923e+01,2.064225e+01,2.078866e+01,2.073988e+01,2.072594e+01,2.075382e+01,2.073988e+01,2.075382e+01,2.060736e+01,2.072594e+01,2.083045e+01,2.072594e+01,2.073291e+01,2.071897e+01,2.071897e+01,2.071897e+01,2.071897e+01,2.071200e+01,2.067713e+01,2.071897e+01,2.077472e+01,2.070502e+01,2.067016e+01,2.064225e+01,2.067713e+01,2.073291e+01,2.064225e+01,2.062830e+01,2.068410e+01,2.071897e+01,2.069108e+01,2.060736e+01,2.064225e+01,2.068410e+01,2.064923e+01,2.075382e+01,2.065621e+01,2.062132e+01,2.073291e+01,2.069805e+01,2.065621e+01,2.061434e+01,2.071897e+01,2.072594e+01,2.074685e+01,2.065621e+01,2.072594e+01,2.057246e+01,2.060736e+01,2.064923e+01,2.063528e+01,2.073988e+01,2.064225e+01,2.068410e+01,2.064225e+01,2.065621e+01,2.071200e+01,2.073291e+01,2.071897e+01,2.073291e+01,2.076079e+01,2.060736e+01,2.073291e+01,2.082348e+01,2.076079e+01,2.072594e+01,2.077472e+01,2.075382e+01,2.071897e+01,2.069108e+01,2.071200e+01,2.069108e+01,2.064225e+01,2.074685e+01,2.077472e+01,2.074685e+01,2.069108e+01,2.072594e+01,2.066318e+01,2.065621e+01,2.076079e+01,2.072594e+01,2.069108e+01,2.071897e+01,2.060039e+01,2.062132e+01,2.048865e+01,2.062132e+01,2.049564e+01,2.046769e+01,2.041875e+01,2.045371e+01,2.034881e+01,2.034881e+01,2.042575e+01,2.040477e+01,2.038379e+01,2.049564e+01,2.064225e+01,2.064225e+01,2.062830e+01,2.070502e+01,2.066318e+01,2.076775e+01,2.053755e+01,2.069108e+01,2.066318e+01,2.083741e+01,2.079562e+01,2.065621e+01,2.075382e+01,2.067713e+01,2.076775e+01,2.073291e+01,2.069805e+01,2.072594e+01,2.068410e+01,2.070502e+01,2.069805e+01,2.085830e+01,2.067016e+01,2.084437e+01,2.066318e+01,2.071897e+01,2.092093e+01,2.075382e+01,2.072594e+01,2.074685e+01,2.073291e+01,2.078866e+01,2.072594e+01,2.070502e+01,2.082348e+01,2.080259e+01,2.069108e+01,2.069108e+01,2.077472e+01,2.075382e+01,2.074685e+01,2.081652e+01,2.077472e+01,2.080259e+01,2.077472e+01,2.080955e+01,2.083045e+01,2.080259e+01,2.080259e+01,2.074685e+01,2.083045e+01,2.079562e+01,2.081652e+01,2.083741e+01,2.080955e+01,2.068410e+01,2.074685e+01,2.078169e+01,2.086526e+01,2.064923e+01,2.071200e+01,2.083045e+01,2.075382e+01,2.073988e+01,2.082348e+01,2.077472e+01,2.073988e+01,2.078169e+01,2.081652e+01,2.077472e+01,2.083045e+01,2.074685e+01,2.082348e+01,2.076775e+01,2.083741e+01,2.081652e+01,2.081652e+01,2.076079e+01,2.073988e+01,2.078169e+01,2.073988e+01,2.074685e+01,2.076775e+01,2.076775e+01,2.073291e+01,2.071897e+01,2.080259e+01,2.076079e+01,2.083045e+01,2.084437e+01,2.074685e+01,2.086526e+01,2.078866e+01,2.080955e+01,2.076079e+01,2.078169e+01,2.079562e+01,2.072594e+01,2.078169e+01,2.029282e+01,2.040477e+01,2.035581e+01,2.036280e+01,2.022979e+01,2.019476e+01,2.010362e+01,2.029282e+01,2.020177e+01,2.021578e+01,2.015270e+01,2.015971e+01,2.019476e+01,2.032782e+01,2.038379e+01,2.045371e+01,2.048166e+01,2.064923e+01,2.067713e+01,2.069108e+01,2.065621e+01,2.072594e+01,2.076775e+01,2.072594e+01,2.078169e+01,2.069108e+01,2.083741e+01,2.078866e+01,2.076079e+01,2.080955e+01,2.080955e+01,2.076079e+01,2.076775e+01,2.085134e+01,2.084437e+01,2.083045e+01,2.082348e+01,2.076775e+01,2.083741e+01,2.080955e+01,2.075382e+01,2.082348e+01,2.077472e+01,2.072594e+01,2.076079e+01,2.071897e+01,2.073988e+01,2.070502e+01,2.072594e+01,2.073291e+01,2.075382e+01,2.075382e+01,2.082348e+01,2.071897e+01,2.077472e+01,2.066318e+01,2.071897e+01,2.065621e+01,2.069805e+01,2.077472e+01,2.073291e+01,2.075382e+01,2.076079e+01,2.081652e+01,2.075382e+01,2.069805e+01,2.081652e+01,2.078169e+01,2.071897e+01,2.077472e+01,2.069805e+01,2.076775e+01,2.067016e+01,2.075382e+01,2.071200e+01,2.071200e+01,2.064923e+01,2.065621e+01,2.064923e+01,2.064923e+01,2.069108e+01,2.066318e+01,2.071200e+01,2.063528e+01,2.079562e+01,2.075382e+01,2.079562e+01,2.086526e+01,2.077472e+01,2.085830e+01,2.082348e+01,2.080259e+01,2.067016e+01,2.066318e+01,2.063528e+01,2.068410e+01,2.066318e+01,2.064923e+01,2.065621e+01,2.067016e+01,2.065621e+01,2.062132e+01,2.071200e+01,2.061434e+01,2.063528e+01,2.053755e+01,2.046070e+01,2.046070e+01,2.045371e+01,2.040477e+01,2.044672e+01,2.041176e+01,2.041875e+01,2.042575e+01,2.042575e+01,2.048166e+01,2.048865e+01,2.048865e+01,2.050262e+01,2.050961e+01,2.048865e+01,2.049564e+01,2.056548e+01,2.060039e+01,2.063528e+01,2.059340e+01,2.049564e+01,2.064225e+01,2.060736e+01,2.057246e+01,2.060736e+01,2.058643e+01,2.060039e+01,2.050262e+01,2.045371e+01,2.062830e+01,2.060736e+01,2.068410e+01,2.073291e+01,2.073988e+01,2.058643e+01,2.060039e+01,2.062830e+01,2.065621e+01,2.080259e+01,2.085134e+01,2.068410e+01,2.084437e+01,2.077472e+01,2.074685e+01,2.073988e+01,2.056548e+01,2.061434e+01,2.067713e+01,2.071897e+01,2.077472e+01,2.070502e+01,2.057246e+01,2.062830e+01,2.057246e+01,2.042575e+01,2.043973e+01,2.039778e+01,2.037679e+01,2.034881e+01,2.018775e+01,2.013868e+01,2.014569e+01,2.011063e+01,2.009660e+01,2.020177e+01,2.017373e+01,2.031382e+01,2.034881e+01,2.053755e+01,2.047468e+01,2.064225e+01,2.053057e+01,2.070502e+01,2.045371e+01,2.058643e+01,2.072594e+01,2.052358e+01,2.057246e+01,2.053057e+01,2.049564e+01,2.065621e+01,2.053057e+01,2.060736e+01,2.057246e+01,2.057944e+01,2.057246e+01,2.057246e+01,2.045371e+01,2.043274e+01,2.050262e+01,2.047468e+01,2.043274e+01,2.041875e+01,2.041875e+01,2.051660e+01,2.057944e+01,2.052358e+01,2.057246e+01,2.044672e+01,2.045371e+01,2.054453e+01,2.051660e+01,2.052358e+01,2.050961e+01,2.048865e+01,2.034181e+01,2.060736e+01,2.060039e+01,2.048166e+01,2.050262e+01,2.041875e+01,2.048865e+01,2.033481e+01,2.048865e+01,2.053057e+01,2.057944e+01,2.060039e+01,2.066318e+01,2.079562e+01,2.081652e+01,2.077472e+01,2.089310e+01,2.099744e+01,2.085830e+01,2.081652e+01,2.081652e+01,2.079562e+01,2.081652e+01,2.078866e+01,2.071897e+01,2.090702e+01,2.082348e+01,2.088614e+01,2.081652e+01,2.085134e+01,2.094876e+01,2.076079e+01,2.071897e+01,2.078169e+01,2.073291e+01,2.076079e+01,2.076079e+01,2.080955e+01,2.063528e+01,2.085134e+01,2.070502e+01,2.085134e+01,2.078169e+01,2.073291e+01,2.078866e+01,2.080259e+01,2.078169e+01,2.075382e+01,2.081652e+01,2.074685e+01,2.075382e+01,2.078169e+01,2.087222e+01,2.081652e+01,2.069805e+01,2.076079e+01,2.085830e+01,2.076775e+01,2.087222e+01,2.087918e+01,2.094876e+01,2.075382e+01,2.077472e+01,2.068410e+01,2.072594e+01,2.079562e+01,2.071200e+01,2.082348e+01,2.092093e+01,2.080955e+01,2.087222e+01,2.078169e+01,2.081652e+01,2.085830e+01,2.083741e+01,2.077472e+01,2.077472e+01,2.092093e+01,2.090006e+01,2.090702e+01,2.076775e+01,2.090006e+01,2.078169e+01,2.080955e+01,2.082348e+01,2.078866e+01,2.078866e+01,2.086526e+01,2.091398e+01,2.080259e+01,2.080955e+01,2.080259e+01,2.077472e+01,2.069108e+01,2.069108e+01,2.076775e+01,2.078866e+01,2.078866e+01,2.077472e+01,2.071200e+01,2.076079e+01,2.070502e+01,2.069805e+01,2.074685e+01,2.076079e+01,2.080955e+01,2.096267e+01
2.090006e+01,2.090006e+01,2.091398e+01,2.077472e+01,2.076079e+01,2.080259e+01,2.088614e+01,2.088614e+01,2.080259e+01,2.091398e+01,2.071200e+01,2.083741e+01,2.088614e+01,2.092789e+01,2.073291e+01,2.079562e+01,2.073988e+01,2.086526e+01,2.075382e+01,2.071897e+01,2.081652e+01,2.078866e+01,2.068410e+01,2.070502e+01,2.065621e+01,2.070502e+01,2.064225e+01,2.061434e+01,2.060039e+01,2.058643e+01,2.053057e+01,2.054453e+01,2.062830e+01,2.064225e+01,2.067016e+01,2.060039e+01,2.058643e+01,2.060039e+01,2.052358e+01,2.039778e+01,2.039778e+01,2.048166e+01,2.036980e+01,2.039778e+01,2.041875e+01,2.046070e+01,2.045371e+01,2.041176e+01,2.041875e+01,2.043973e+01,2.042575e+01,2.036280e+01,2.037679e+01,2.033481e+01,2.046769e+01,2.050961e+01,2.050262e+01,2.048865e+01,2.057944e+01,2.053057e+01,2.046769e+01,2.048865e+01,2.058643e+01,2.050262e+01,2.046070e+01,2.057944e+01,2.060736e+01,2.050262e+01,2.056548e+01,2.056548e+01,2.055850e+01,2.053755e+01,2.057246e+01,2.057944e+01,2.062830e+01,2.065621e+01,2.057944e+01,2.067016e+01,2.067016e+01,2.057944e+01,2.071200e+01,2.073988e+01,2.059340e+01,2.072594e+01,2.074685e+01,2.071897e+01,2.067713e+01,2.072594e+01,2.061434e+01,2.068410e+01,2.057944e+01,2.055850e+01,2.076775e+01,2.069108e+01,2.068410e+01,2.071897e+01,2.071200e+01,2.071200e+01,2.069108e+01,2.071897e+01,2.074685e+01,2.070502e+01,2.072594e+01,2.057246e+01,2.067713e+01,2.069805e+01,2.062830e+01,2.065621e+01,2.069108e+01,2.062132e+01,2.060736e+01,2.064225e+01,2.072594e+01,2.073988e+01,2.068410e+01,2.072594e+01,2.071897e+01,2.065621e+01,2.070502e+01,2.065621e+01,2.067713e+01,2.070502e+01,2.072594e+01,2.076079e+01,2.076775e+01,2.072594e+01,2.062132e+01,2.073988e+01,2.074685e+01,2.064225e+01,2.062132e+01,2.071897e+01,2.060736e+01,2.072594e+01,2.061434e+01,2.069805e+01,2.069108e+01,2.069108e+01,2.073291e+01,2.075382e+01,2.075382e+01,2.080955e+01,2.071200e+01,2.068410e+01,2.069108e+01,2.065621e+01,2.077472e+01,2.074685e+01,2.073291e+01,2.071897e+01,2.073988e+01,2.075382e+01,2.075382e+01,2.078169e+01,2.075382e+01,2.072594e+01,2.065621e+01,2.067016e+01,2.066318e+01,2.063528e+01,2.065621e+01,2.069108e+01,2.072594e+01,2.066318e+01,2.068410e+01,2.067016e+01,2.064225e+01,2.060039e+01,2.069108e+01,2.075382e+01,2.075382e+01,2.069108e+01,2.058643e+01,2.073291e+01,2.067016e+01,2.060736e+01,2.065621e+01,2.067713e+01,2.064225e+01,2.067016e+01,2.063528e+01,2.070502e+01,2.067713e+01,2.073291e+01,2.075382e+01,2.067016e+01,2.080259e+01,2.076775e+01,2.078169e+01,2.078169e+01,2.071200e+01,2.076775e+01,2.076079e+01,2.065621e+01,2.070502e+01,2.069805e+01,2.070502e+01,2.073291e+01,2.069108e+01,2.067016e+01,2.068410e+01,2.079562e+01,2.075382e+01,2.067713e+01,2.071200e+01,2.067713e+01,2.074685e+01,2.063528e+01,2.063528e+01,2.053057e+01,2.060736e+01,2.047468e+01,2.050961e+01,2.049564e+01,2.040477e+01,2.025781e+01,2.045371e+01,2.044672e+01,2.034181e+01,2.043973e+01,2.041176e+01,2.057944e+01,2.046769e+01,2.055152e+01,2.064923e+01,2.064225e+01,2.058643e+01,2.059340e+01,2.056548e+01,2.067713e+01,2.069108e+01,2.071200e+01,2.062830e+01,2.067016e+01,2.075382e+01,2.076079e+01,2.074685e+01,2.066318e+01,2.072594e+01,2.067016e+01,2.073988e+01,2.071897e+01,2.071897e+01,2.079562e+01,2.081652e+01,2.083741e+01,2.080259e+01,2.084437e+01,2.067713e+01,2.067713e+01,2.077472e+01,2.073988e+01,2.074685e+01,2.076079e+01,2.075382e+01,2.074685e+01,2.086526e+01,2.073988e+01,2.077472e+01,2.074685e+01,2.077472e+01,2.080955e+01,2.074685e+01,2.078169e+01,2.076079e+01,2.081652e+01,2.076079e+01,2.076079e+01,2.073988e+01,2.083741e+01,2.087222e+01,2.078866e+01,2.065621e+01,2.079562e+01,2.078866e+01,2.087918e+01,2.081652e+01,2.077472e+01,2.076079e+01,2.073291e+01,2.082348e+01,2.083045e+01,2.070502e+01,2.083045e+01,2.078866e+01,2.083045e+01,2.081652e+01,2.078169e+01,2.071200e+01,2.076079e+01,2.080259e+01,2.076775e+01,2.079562e+01,2.080955e+01,2.082348e+01,2.073291e+01,2.073291e+01,2.080955e+01,2.075382e+01,2.083741e+01,2.079562e+01,2.070502e+01,2.071897e+01,2.071897e+01,2.071897e+01,2.074685e+01,2.074685e+01,2.073291e+01,2.076079e+01,2.072594e+01,2.082348e+01,2.082348e+01,2.078169e+01,2.085134e+01,2.081652e+01,2.087222e+01,2.082348e+01,2.087222e+01,2.074685e+01,2.081652e+01,2.078866e+01,2.075382e+01,2.055152e+01,2.041176e+01,2.024380e+01,2.020877e+01,2.015270e+01,2.027881e+01,2.013868e+01,2.021578e+01,2.017373e+01,2.020177e+01,2.020177e+01,2.011764e+01,2.036980e+01,2.033481e+01,2.033481e+01,2.050961e+01,2.041176e+01,2.070502e+01,2.067713e+01,2.085134e+01,2.078169e+01,2.082348e+01,2.076079e+01,2.073988e+01,2.076775e+01,2.076079e+01,2.075382e+01,2.075382e+01,2.076079e+01,2.073291e+01,2.078169e+01,2.078169e+01,2.076775e+01,2.076775e+01,2.071897e+01,2.077472e+01,2.083045e+01,2.080955e+01,2.075382e+01,2.078866e+01,2.073291e+01,2.077472e+01,2.074685e+01,2.072594e+01,2.079562e+01,2.078169e+01,2.074685e+01,2.073988e+01,2.071897e+01,2.076079e+01,2.073988e+01,2.070502e+01,2.073291e+01,2.069805e+01,2.070502e+01,2.077472e+01,2.069108e+01,2.057246e+01,2.073291e+01,2.073988e+01,2.078169e+01,2.075382e+01,2.075382e+01,2.080955e+01,2.075382e+01,2.080955e+01,2.076079e+01,2.073988e+01,2.074685e+01,2.075382e+01,2.076079e+01,2.071897e+01,2.060039e+01,2.067016e+01,2.073291e+01,2.069805e+01,2.067016e+01,2.071200e+01,2.053057e+01,2.064225e+01,2.064225e+01,2.071200e+01,2.066318e+01,2.065621e+01,2.064225e+01,2.082348e+01,2.069108e+01,2.071200e+01,2.085830e+01,2.068410e+01,2.086526e+01,2.085830e+01,2.068410e+01,2.071897e+01,2.065621e+01,2.062830e+01,2.062830e+01,2.062830e+01,2.064923e+01,2.066318e+01,2.062132e+01,2.064923e+01,2.053057e+01,2.050262e+01,2.057944e+01,2.059340e+01,2.048166e+01,2.043274e+01,2.044672e+01,2.048865e+01,2.050262e+01,2.046769e+01,2.047468e+01,2.053057e+01,2.043973e+01,2.055152e+01,2.048166e+01,2.047468e+01,2.056548e+01,2.052358e+01,2.051660e+01,2.050961e+01,2.048166e+01,2.063528e+01,2.061434e+01,2.060736e+01,2.057944e+01,2.051660e+01,2.063528e+01,2.053755e+01,2.050961e+01,2.061434e+01,2.049564e+01,2.046769e+01,2.053057e+01,2.061434e+01,2.058643e+01,2.047468e+01,2.051660e+01,2.055152e+01,2.058643e+01,2.047468e+01,2.062830e+01,2.067016e+01,2.064923e+01,2.065621e+01,2.062132e+01,2.070502e+01,2.065621e+01,2.050262e+01,2.055152e+01,2.051660e+01,2.036280e+01,2.050961e+01,2.043973e+01,2.048166e+01,2.055850e+01,2.045371e+01,2.047468e+01,2.032782e+01,2.041176e+01,2.039078e+01,2.038379e+01,2.043973e+01,2.039778e+01,2.014569e+01,2.001239e+01,2.000537e+01,1.996324e+01,1.993514e+01,2.004047e+01,2.004749e+01,2.015270e+01,2.014569e+01,2.050262e+01,2.027181e+01,2.043973e+01,2.057246e+01,2.060039e+01,2.055850e+01,2.056548e+01,2.056548e+01,2.055152e+01,2.063528e+01,2.057246e+01,2.061434e+01,2.060039e+01,2.060039e+01,2.064225e+01,2.053755e+01,2.057944e+01,2.053755e+01,2.060039e+01,2.054453e+01,2.043973e+01,2.053057e+01,2.053755e+01,2.034881e+01,2.037679e+01,2.052358e+01,2.043973e+01,2.055152e+01,2.046769e+01,2.054453e+01,2.053755e+01,2.050961e+01,2.053755e+01,2.047468e+01,2.048865e+01,2.055850e+01,2.051660e+01,2.036980e+01,2.046070e+01,2.041875e+01,2.049564e+01,2.046769e+01,2.043973e+01,2.039078e+01,2.046769e+01,2.034181e+01,2.065621e+01,2.055850e+01,2.067713e+01,2.062132e+01,2.078169e+01,2.083741e+01,2.077472e+01,2.078866e+01,2.076079e+01,2.078169e+01,2.081652e+01,2.083045e+01,2.071200e+01,2.084437e+01,2.067713e+01,2.068410e+01,2.083741e+01,2.084437e+01,2.078169e+01,2.096962e+01,2.106693e+01,2.088614e+01,2.083045e+01,2.089310e+01,2.075382e+01,2.076775e+01,2.069108e+01,2.086526e+01,2.067713e+01,2.088614e+01,2.066318e+01,2.067016e+01,2.069805e+01,2.089310e+01,2.073291e+01,2.077472e+01,2.074685e+01,2.078169e+01,2.081652e+01,2.078866e+01,2.075382e+01,2.080259e+01,2.076079e+01,2.078169e+01,2.073988e+01,2.073988e+01,2.088614e+01,2.080259e+01,2.083045e+01,2.070502e+01,2.071897e+01,2.084437e+01,2.080955e+01,2.080259e+01,2.073291e+01,2.072594e+01,2.073291e+01,2.090006e+01,2.080955e+01,2.068410e+01,2.078169e+01,2.085830e+01,2.076079e+01,2.077472e+01,2.078866e+01,2.083741e+01,2.081652e+01,2.089310e+01,2.088614e+01,2.093485e+01,2.084437e+01,2.087222e+01,2.087918e+01,2.103914e+01,2.077472e+01,2.073291e+01,2.092093e+01,2.077472e+01,2.078866e+01,2.078866e+01,2.081652e+01,2.076079e+01,2.076079e+01,2.071897e+01,2.067713e+01,2.067713e+01,2.067713e+01,2.077472e+01,2.077472e+01,2.069805e+01,2.069108e+01,2.078169e+01,2.071897e+01,2.068410e+01,2.064225e+01,2.085830e+01,2.069108e+01,2.096267e+01
2.080259e+01,2.091398e+01,2.083045e+01,2.077472e+01,2.075382e+01,2.076079e+01,2.082348e+01,2.080955e+01,2.075382e+01,2.087918e+01,2.082348e+01,2.074685e+01,2.062830e+01,2.078866e+01,2.079562e+01,2.070502e+01,2.080259e+01,2.079562e+01,2.082348e+01,2.076775e+01,2.079562e+01,2.076079e+01,2.078169e+01,2.076079e+01,2.071200e+01,2.062830e+01,2.063528e+01,2.061434e+01,2.059340e+01,2.080259e+01,2.056548e+01,2.057944e+01,2.063528e+01,2.063528e+01,2.064923e+01,2.059340e+01,2.055850e+01,2.058643e+01,2.059340e+01,2.050262e+01,2.043973e+01,2.050961e+01,2.051660e+01,2.050961e+01,2.049564e+01,2.048865e+01,2.046070e+01,2.044672e+01,2.052358e+01,2.044672e+01,2.044672e+01,2.036280e+01,2.046769e+01,2.053057e+01,2.044672e+01,2.048166e+01,2.056548e+01,2.052358e+01,2.046769e+01,2.049564e+01,2.061434e+01,2.050262e+01,2.052358e+01,2.053057e+01,2.057246e+01,2.053057e+01,2.056548e+01,2.057944e+01,2.053057e+01,2.051660e+01,2.050262e+01,2.058643e+01,2.055152e+01,2.060736e+01,2.057944e+01,2.069108e+01,2.060736e+01,2.055850e+01,2.055152e+01,2.062132e+01,2.071897e+01,2.064225e+01,2.066318e+01,2.064225e+01,2.074685e+01,2.064923e+01,2.072594e+01,2.070502e+01,2.067016e+01,2.062132e+01,2.067713e+01,2.077472e+01,2.068410e+01,2.071200e+01,2.072594e+01,2.069108e+01,2.073988e+01,2.070502e+01,2.069108e+01,2.073291e+01,2.071897e+01,2.064225e+01,2.073988e+01,2.071200e+01,2.057246e+01,2.067016e+01,2.061434e+01,2.069805e+01,2.064923e+01,2.064225e+01,2.060039e+01,2.074685e+01,2.073291e+01,2.066318e+01,2.068410e+01,2.071897e+01,2.070502e+01,2.067713e+01,2.068410e+01,2.074685e+01,2.074685e+01,2.079562e+01,2.070502e+01,2.071200e+01,2.072594e+01,2.076079e+01,2.073988e+01,2.069108e+01,2.069805e+01,2.059340e+01,2.073291e+01,2.068410e+01,2.067016e+01,2.069805e+01,2.069108e+01,2.074685e+01,2.073988e+01,2.062132e+01,2.070502e+01,2.078866e+01,2.076079e+01,2.068410e+01,2.078169e+01,2.071897e+01,2.064923e+01,2.070502e+01,2.071200e+01,2.074685e+01,2.074685e+01,2.074685e+01,2.061434e+01,2.067016e+01,2.066318e+01,2.069805e+01,2.072594e+01,2.065621e+01,2.066318e+01,2.067016e+01,2.066318e+01,2.067016e+01,2.067016e+01,2.062830e+01,2.075382e+01,2.071200e+01,2.066318e+01,2.069108e+01,2.059340e+01,2.068410e+01,2.071200e+01,2.072594e+01,2.061434e+01,2.064225e+01,2.078169e+01,2.071200e+01,2.061434e+01,2.072594e+01,2.063528e+01,2.070502e+01,2.073291e+01,2.066318e+01,2.062830e+01,2.074685e+01,2.069108e+01,2.068410e+01,2.067016e+01,2.083045e+01,2.092789e+01,2.073988e+01,2.068410e+01,2.071897e+01,2.073291e+01,2.065621e+01,2.073988e+01,2.069805e+01,2.079562e+01,2.079562e+01,2.071897e+01,2.080955e+01,2.071897e+01,2.066318e+01,2.073291e+01,2.065621e+01,2.073291e+01,2.065621e+01,2.070502e+01,2.068410e+01,2.073291e+01,2.060736e+01,2.063528e+01,2.059340e+01,2.062132e+01,2.056548e+01,2.047468e+01,2.058643e+01,2.035581e+01,2.041176e+01,2.041176e+01,2.039078e+01,2.041176e+01,2.040477e+01,2.055850e+01,2.054453e+01,2.051660e+01,2.065621e+01,2.067016e+01,2.064225e+01,2.064225e+01,2.061434e+01,2.066318e+01,2.064923e+01,2.068410e+01,2.064225e+01,2.066318e+01,2.067016e+01,2.066318e+01,2.069108e+01,2.069805e+01,2.076079e+01,2.074685e+01,2.073988e+01,2.073291e+01,2.073988e+01,2.080955e+01,2.071200e+01,2.085134e+01,2.073988e+01,2.083741e+01,2.080955e+01,2.071200e+01,2.078169e+01,2.077472e+01,2.078169e+01,2.073291e+01,2.074685e+01,2.079562e+01,2.063528e+01,2.072594e+01,2.076079e+01,2.065621e+01,2.068410e+01,2.074685e+01,2.080259e+01,2.072594e+01,2.074685e+01,2.073988e+01,2.076079e+01,2.076079e+01,2.083045e+01,2.062830e+01,2.090006e+01,2.070502e+01,2.074685e+01,2.078169e+01,2.061434e+01,2.072594e+01,2.078866e+01,2.083045e+01,2.071200e+01,2.069805e+01,2.070502e+01,2.078169e+01,2.073291e+01,2.076079e+01,2.078866e+01,2.082348e+01,2.078169e+01,2.077472e+01,2.082348e+01,2.078866e+01,2.077472e+01,2.083045e+01,2.076775e+01,2.083741e+01,2.078866e+01,2.078866e+01,2.078866e+01,2.083741e+01,2.081652e+01,2.081652e+01,2.084437e+01,2.080955e+01,2.071200e+01,2.076775e+01,2.075382e+01,2.071897e+01,2.079562e+01,2.073988e+01,2.074685e+01,2.072594e+01,2.071200e+01,2.080955e+01,2.073988e+01,2.084437e+01,2.076775e+01,2.078866e+01,2.085134e+01,2.081652e+01,2.079562e+01,2.085830e+01,2.081652e+01,2.078866e+01,2.066318e+01,2.043274e+01,2.041176e+01,2.018775e+01,2.036980e+01,2.014569e+01,2.011764e+01,2.013868e+01,2.015971e+01,2.018775e+01,2.017373e+01,2.031382e+01,2.029982e+01,2.039078e+01,2.041875e+01,2.039078e+01,2.062132e+01,2.074685e+01,2.067713e+01,2.071200e+01,2.073291e+01,2.066318e+01,2.081652e+01,2.077472e+01,2.078169e+01,2.076079e+01,2.078169e+01,2.074685e+01,2.073988e+01,2.074685e+01,2.082348e+01,2.078866e+01,2.077472e+01,2.076775e+01,2.073291e+01,2.064225e+01,2.083045e+01,2.084437e+01,2.073291e+01,2.076079e+01,2.075382e+01,2.079562e+01,2.075382e+01,2.079562e+01,2.071897e+01,2.073988e+01,2.071200e+01,2.071897e+01,2.074685e+01,2.066318e+01,2.075382e+01,2.075382e+01,2.079562e+01,2.074685e+01,2.073291e+01,2.069108e+01,2.074685e+01,2.069805e+01,2.080955e+01,2.085134e+01,2.078866e+01,2.083045e+01,2.071200e+01,2.080259e+01,2.068410e+01,2.073291e+01,2.067016e+01,2.073988e+01,2.077472e+01,2.072594e+01,2.073988e+01,2.068410e+01,2.071897e+01,2.067713e+01,2.074685e+01,2.067016e+01,2.073291e+01,2.067713e+01,2.063528e+01,2.069805e+01,2.064225e+01,2.065621e+01,2.064923e+01,2.067713e+01,2.061434e+01,2.060736e+01,2.060736e+01,2.060736e+01,2.067713e+01,2.071897e+01,2.085134e+01,2.089310e+01,2.071200e+01,2.076079e+01,2.073291e+01,2.064923e+01,2.065621e+01,2.057246e+01,2.061434e+01,2.064225e+01,2.064923e+01,2.073291e+01,2.065621e+01,2.063528e+01,2.057944e+01,2.062132e+01,2.061434e+01,2.060736e+01,2.062830e+01,2.045371e+01,2.046769e+01,2.050961e+01,2.041176e+01,2.046769e+01,2.052358e+01,2.050961e+01,2.045371e+01,2.055152e+01,2.049564e+01,2.055152e+01,2.055152e+01,2.057246e+01,2.058643e+01,2.058643e+01,2.057246e+01,2.055850e+01,2.050262e+01,2.054453e+01,2.055152e+01,2.051660e+01,2.051660e+01,2.060736e+01,2.055850e+01,2.060736e+01,2.064225e+01,2.053755e+01,2.053057e+01,2.060736e+01,2.058643e+01,2.054453e+01,2.057944e+01,2.059340e+01,2.056548e+01,2.065621e+01,2.064225e+01,2.057944e+01,2.067713e+01,2.062132e+01,2.046769e+01,2.060736e+01,2.045371e+01,2.045371e+01,2.026481e+01,2.020177e+01,2.020177e+01,2.014569e+01,2.028582e+01,2.039778e+01,2.033481e+01,2.035581e+01,2.036280e+01,2.039778e+01,2.028582e+01,2.029282e+01,2.043274e+01,2.029282e+01,2.014569e+01,2.010362e+01,1.992109e+01,1.987892e+01,1.998431e+01,1.993514e+01,1.980859e+01,1.992109e+01,2.011764e+01,2.015971e+01,2.029282e+01,2.039778e+01,2.051660e+01,2.053755e+01,2.058643e+01,2.051660e+01,2.055152e+01,2.061434e+01,2.059340e+01,2.060736e+01,2.064225e+01,2.057944e+01,2.063528e+01,2.056548e+01,2.060039e+01,2.059340e+01,2.053755e+01,2.058643e+01,2.057246e+01,2.050262e+01,2.045371e+01,2.048865e+01,2.044672e+01,2.049564e+01,2.050961e+01,2.055850e+01,2.055850e+01,2.077472e+01,2.051660e+01,2.053755e+01,2.046070e+01,2.048166e+01,2.047468e+01,2.046070e+01,2.054453e+01,2.045371e+01,2.047468e+01,2.042575e+01,2.032082e+01,2.032782e+01,2.046769e+01,2.050262e+01,2.040477e+01,2.039778e+01,2.039078e+01,2.062132e+01,2.057246e+01,2.048865e+01,2.077472e+01,2.088614e+01,2.076079e+01,2.076775e+01,2.083045e+01,2.073988e+01,2.076775e+01,2.085134e+01,2.082348e+01,2.085830e+01,2.082348e+01,2.080259e+01,2.080259e+01,2.080955e+01,2.078866e+01,2.084437e+01,2.083045e+01,2.085134e+01,2.085134e+01,2.080955e+01,2.076775e+01,2.075382e+01,2.070502e+01,2.075382e+01,2.076775e+01,2.087918e+01,2.087918e+01,2.080955e+01,2.063528e+01,2.057246e+01,2.073291e+01,2.076079e+01,2.073988e+01,2.075382e+01,2.078169e+01,2.078866e+01,2.076775e+01,2.073291e+01,2.072594e+01,2.071897e+01,2.072594e+01,2.083045e+01,2.074685e+01,2.081652e+01,2.073988e+01,2.072594e+01,2.072594e+01,2.087222e+01,2.078866e+01,2.079562e+01,2.078866e+01,2.076079e+01,2.075382e+01,2.080955e+01,2.085134e+01,2.080259e+01,2.080259e+01,2.061434e+01,2.066318e+01,2.079562e+01,2.078169e+01,2.078169e+01,2.092789e+01,2.087222e+01,2.073988e+01,2.072594e+01,2.092093e+01,2.066318e+01,2.089310e+01,2.085134e+01,2.087222e+01,2.067713e+01,2.085134e+01,2.088614e+01,2.080259e+01,2.086526e+01,2.080955e+01,2.078866e+01,2.077472e+01,2.072594e+01,2.073988e+01,2.067713e+01,2.062132e+01,2.072594e+01,2.065621e+01,2.071200e+01,2.070502e+01,2.067016e+01,2.070502e+01,2.078866e+01,2.052358e+01,2.078169e+01,2.091398e+01,2.067016e+01,2.095572e+01
2.082348e+01,2.071897e+01,2.088614e+01,2.070502e+01,2.092093e+01,2.086526e+01,2.088614e+01,2.070502e+01,2.086526e+01,2.087222e+01,2.087918e+01,2.078169e+01,2.077472e+01,2.094180e+01,2.076775e+01,2.081652e+01,2.073291e+01,2.074685e+01,2.075382e+01,2.074685e+01,2.079562e+01,2.071897e+01,2.068410e+01,2.068410e+01,2.071897e+01,2.070502e+01,2.062132e+01,2.062132e+01,2.060039e+01,2.060039e+01,2.058643e+01,2.064225e+01,2.057246e+01,2.072594e+01,2.055850e+01,2.062132e+01,2.061434e+01,2.055850e+01,2.052358e+01,2.053755e+01,2.042575e+01,2.048166e+01,2.046070e+01,2.041176e+01,2.043274e+01,2.048865e+01,2.058643e+01,2.041176e+01,2.046769e+01,2.041875e+01,2.041875e+01,2.045371e+01,2.043274e+01,2.047468e+01,2.048865e+01,2.053755e+01,2.050961e+01,2.058643e+01,2.050262e+01,2.051660e+01,2.031382e+01,2.051660e+01,2.034881e+01,2.052358e+01,2.062132e+01,2.061434e+01,2.047468e+01,2.056548e+01,2.057246e+01,2.047468e+01,2.062830e+01,2.053755e+01,2.069108e+01,2.055152e+01,2.062132e+01,2.067713e+01,2.059340e+01,2.056548e+01,2.070502e+01,2.073988e+01,2.057944e+01,2.066318e+01,2.063528e+01,2.064225e+01,2.073988e+01,2.064923e+01,2.067713e+01,2.056548e+01,2.071200e+01,2.069108e+01,2.070502e+01,2.073988e+01,2.068410e+01,2.063528e+01,2.068410e+01,2.078169e+01,2.067016e+01,2.069805e+01,2.070502e+01,2.071897e+01,2.076775e+01,2.071200e+01,2.067713e+01,2.059340e+01,2.067016e+01,2.061434e+01,2.060039e+01,2.060039e+01,2.061434e+01,2.061434e+01,2.061434e+01,2.062830e+01,2.063528e+01,2.076775e+01,2.064923e+01,2.067713e+01,2.071897e+01,2.067713e+01,2.069805e+01,2.070502e+01,2.076775e+01,2.079562e+01,2.073291e+01,2.062132e+01,2.069108e+01,2.063528e+01,2.068410e+01,2.067016e+01,2.067713e+01,2.069805e+01,2.068410e+01,2.073988e+01,2.062830e+01,2.069805e+01,2.057944e+01,2.066318e+01,2.067713e+01,2.065621e+01,2.067713e+01,2.064923e+01,2.077472e+01,2.067016e+01,2.069108e+01,2.069805e+01,2.071897e+01,2.076079e+01,2.072594e+01,2.067016e+01,2.070502e+01,2.064923e+01,2.068410e+01,2.070502e+01,2.075382e+01,2.075382e+01,2.074685e+01,2.080259e+01,2.074685e+01,2.070502e+01,2.067016e+01,2.074685e+01,2.069108e+01,2.062132e+01,2.062830e+01,2.073988e+01,2.069108e+01,2.076079e+01,2.071200e+01,2.062830e+01,2.073291e+01,2.067016e+01,2.072594e+01,2.064225e+01,2.058643e+01,2.065621e+01,2.067713e+01,2.072594e+01,2.067713e+01,2.062830e+01,2.064923e+01,2.068410e+01,2.069805e+01,2.065621e+01,2.069805e+01,2.069805e+01,2.066318e+01,2.077472e+01,2.072594e+01,2.072594e+01,2.076775e+01,2.066318e+01,2.075382e+01,2.070502e+01,2.070502e+01,2.072594e+01,2.070502e+01,2.069805e+01,2.070502e+01,2.074685e+01,2.067016e+01,2.080955e+01,2.078866e+01,2.066318e+01,2.069805e+01,2.071897e+01,2.066318e+01,2.071897e+01,2.064225e+01,2.069805e+01,2.068410e+01,2.047468e+01,2.049564e+01,2.050262e+01,2.047468e+01,2.045371e+01,2.047468e+01,2.046769e+01,2.039778e+01,2.043973e+01,2.046070e+01,2.057246e+01,2.045371e+01,2.055850e+01,2.060039e+01,2.056548e+01,2.060736e+01,2.064923e+01,2.069108e+01,2.064923e+01,2.064225e+01,2.065621e+01,2.063528e+01,2.064225e+01,2.063528e+01,2.064923e+01,2.072594e+01,2.076775e+01,2.067016e+01,2.075382e+01,2.071897e+01,2.067016e+01,2.069805e+01,2.073291e+01,2.073988e+01,2.067713e+01,2.071200e+01,2.073291e+01,2.075382e+01,2.078866e+01,2.076775e+01,2.078169e+01,2.071897e+01,2.076079e+01,2.078866e+01,2.076079e+01,2.080259e+01,2.074685e+01,2.079562e+01,2.073291e+01,2.073988e+01,2.074685e+01,2.077472e+01,2.080955e+01,2.066318e+01,2.078866e+01,2.083045e+01,2.073988e+01,2.078169e+01,2.077472e+01,2.078866e+01,2.088614e+01,2.068410e+01,2.080259e+01,2.089310e+01,2.080259e+01,2.077472e+01,2.077472e+01,2.084437e+01,2.078169e+01,2.073988e+01,2.078169e+01,2.079562e+01,2.081652e+01,2.074685e+01,2.083045e+01,2.076079e+01,2.065621e+01,2.078169e+01,2.080955e+01,2.079562e+01,2.078169e+01,2.078169e+01,2.082348e+01,2.076775e+01,2.077472e+01,2.075382e+01,2.074685e+01,2.083741e+01,2.080259e+01,2.081652e+01,2.080259e+01,2.078169e+01,2.073291e+01,2.075382e+01,2.066318e+01,2.083741e+01,2.069805e+01,2.072594e+01,2.071200e+01,2.074685e+01,2.081652e+01,2.080955e+01,2.060736e+01,2.068410e+01,2.083741e+01,2.076079e+01,2.090006e+01,2.074685e+01,2.080259e+01,2.079562e+01,2.075382e+01,2.080259e+01,2.064225e+01,2.039778e+01,2.029982e+01,2.028582e+01,2.017373e+01,2.014569e+01,2.011063e+01,2.013167e+01,2.013868e+01,2.013868e+01,2.015270e+01,2.029982e+01,2.034881e+01,2.047468e+01,2.033481e+01,2.063528e+01,2.061434e+01,2.068410e+01,2.068410e+01,2.065621e+01,2.083741e+01,2.074685e+01,2.082348e+01,2.085134e+01,2.078866e+01,2.077472e+01,2.075382e+01,2.073988e+01,2.076079e+01,2.076775e+01,2.078866e+01,2.078169e+01,2.080955e+01,2.075382e+01,2.076775e+01,2.085134e+01,2.083741e+01,2.073291e+01,2.074685e+01,2.055152e+01,2.073988e+01,2.083741e+01,2.083045e+01,2.073988e+01,2.074685e+01,2.072594e+01,2.069805e+01,2.068410e+01,2.071200e+01,2.072594e+01,2.069805e+01,2.071897e+01,2.077472e+01,2.080259e+01,2.080955e+01,2.076775e+01,2.071200e+01,2.073988e+01,2.076775e+01,2.078169e+01,2.078169e+01,2.071200e+01,2.083045e+01,2.070502e+01,2.070502e+01,2.064225e+01,2.079562e+01,2.071897e+01,2.075382e+01,2.070502e+01,2.075382e+01,2.070502e+01,2.067016e+01,2.069108e+01,2.074685e+01,2.067016e+01,2.064225e+01,2.069805e+01,2.076079e+01,2.065621e+01,2.065621e+01,2.064923e+01,2.060039e+01,2.067016e+01,2.062132e+01,2.063528e+01,2.072594e+01,2.067016e+01,2.068410e+01,2.060736e+01,2.061434e+01,2.069805e+01,2.069805e+01,2.084437e+01,2.066318e+01,2.064923e+01,2.071897e+01,2.069805e+01,2.064225e+01,2.066318e+01,2.067713e+01,2.064923e+01,2.067016e+01,2.066318e+01,2.057944e+01,2.062830e+01,2.065621e+01,2.046769e+01,2.057944e+01,2.053755e+01,2.046769e+01,2.053057e+01,2.048865e+01,2.048865e+01,2.051660e+01,2.045371e+01,2.041875e+01,2.051660e+01,2.050262e+01,2.049564e+01,2.055152e+01,2.057944e+01,2.046070e+01,2.055850e+01,2.033481e+01,2.058643e+01,2.062132e+01,2.053755e+01,2.047468e+01,2.050961e+01,2.054453e+01,2.048166e+01,2.048166e+01,2.053755e+01,2.050262e+01,2.050262e+01,2.052358e+01,2.056548e+01,2.057246e+01,2.050961e+01,2.048865e+01,2.058643e+01,2.055850e+01,2.044672e+01,2.057246e+01,2.060736e+01,2.058643e+01,2.057246e+01,2.059340e+01,2.041875e+01,2.036280e+01,2.025781e+01,2.024380e+01,2.024380e+01,2.013868e+01,2.013868e+01,2.006854e+01,2.015971e+01,2.016672e+01,2.024380e+01,2.028582e+01,2.018775e+01,2.029282e+01,2.028582e+01,2.025080e+01,2.025781e+01,2.015971e+01,2.011764e+01,1.991406e+01,1.988594e+01,1.989297e+01,1.980859e+01,1.980859e+01,1.979452e+01,1.987892e+01,1.992811e+01,2.019476e+01,2.036980e+01,2.039778e+01,2.049564e+01,2.043274e+01,2.050961e+01,2.054453e+01,2.056548e+01,2.056548e+01,2.057944e+01,2.058643e+01,2.053755e+01,2.060736e+01,2.054453e+01,2.051660e+01,2.055850e+01,2.060736e+01,2.058643e+01,2.050262e+01,2.048166e+01,2.045371e+01,2.051660e+01,2.048865e+01,2.053755e+01,2.040477e+01,2.057246e+01,2.064225e+01,2.045371e+01,2.053755e+01,2.050961e+01,2.049564e+01,2.051660e+01,2.050262e+01,2.048166e+01,2.060736e+01,2.047468e+01,2.044672e+01,2.053057e+01,2.032082e+01,2.043973e+01,2.041176e+01,2.046769e+01,2.045371e+01,2.050262e+01,2.034881e+01,2.060039e+01,2.049564e+01,2.058643e+01,2.067713e+01,2.072594e+01,2.085134e+01,2.076775e+01,2.080955e+01,2.076775e+01,2.077472e+01,2.079562e+01,2.080259e+01,2.085134e+01,2.078866e+01,2.085134e+01,2.076775e+01,2.076775e+01,2.086526e+01,2.082348e+01,2.089310e+01,2.081652e+01,2.090006e+01,2.081652e+01,2.080259e+01,2.073291e+01,2.071897e+01,2.072594e+01,2.081652e+01,2.065621e+01,2.088614e+01,2.073291e+01,2.083741e+01,2.076079e+01,2.075382e+01,2.073291e+01,2.077472e+01,2.080955e+01,2.083045e+01,2.076079e+01,2.085134e+01,2.074685e+01,2.080259e+01,2.073291e+01,2.073988e+01,2.084437e+01,2.080955e+01,2.071897e+01,2.092093e+01,2.077472e+01,2.073291e+01,2.078866e+01,2.087918e+01,2.076775e+01,2.079562e+01,2.074685e+01,2.073291e+01,2.071200e+01,2.084437e+01,2.080955e+01,2.092093e+01,2.074685e+01,2.073291e+01,2.082348e+01,2.076079e+01,2.090006e+01,2.077472e+01,2.083741e+01,2.086526e+01,2.085830e+01,2.089310e+01,2.077472e+01,2.075382e+01,2.087222e+01,2.086526e+01,2.087918e+01,2.072594e+01,2.087918e+01,2.085134e+01,2.079562e+01,2.079562e+01,2.079562e+01,2.072594e+01,2.070502e+01,2.069108e+01,2.064923e+01,2.063528e+01,2.062830e+01,2.064923e+01,2.055152e+01,2.070502e+01,2.043274e+01,2.068410e+01,2.071897e+01,2.067713e+01,2.065621e+01,2.067016e+01,2.096267e+01,2.094876e+01
2.089310e+01,2.089310e+01,2.080259e+01,2.087222e+01,2.067713e+01,2.073291e+01,2.071897e+01,2.070502e+01,2.086526e+01,2.071200e+01,2.079562e+01,2.076775e+01,2.087222e+01,2.079562e+01,2.082348e+01,2.079562e+01,2.077472e+01,2.085830e+01,2.094876e+01,2.069108e+01,2.070502e+01,2.066318e+01,2.073291e+01,2.070502e+01,2.069108e+01,2.063528e+01,2.060039e+01,2.060736e+01,2.062132e+01,2.058643e+01,2.070502e+01,2.062132e+01,2.062830e+01,2.059340e+01,2.052358e+01,2.063528e+01,2.058643e+01,2.052358e+01,2.048865e+01,2.038379e+01,2.040477e+01,2.054453e+01,2.050961e+01,2.050262e+01,2.046070e+01,2.048166e+01,2.047468e+01,2.047468e+01,2.044672e+01,2.044672e+01,2.043973e+01,2.043274e+01,2.043274e+01,2.036280e+01,2.052358e+01,2.048865e+01,2.047468e+01,2.051660e+01,2.053057e+01,2.052358e+01,2.053755e+01,2.041176e+01,2.055152e+01,2.054453e+01,2.057246e+01,2.055152e+01,2.050262e+01,2.059340e+01,2.059340e+01,2.057246e+01,2.057246e+01,2.048166e+01,2.060039e+01,2.060736e+01,2.065621e+01,2.060736e+01,2.057246e+01,2.064923e+01,2.059340e+01,2.060736e+01,2.075382e+01,2.068410e+01,2.065621e+01,2.069805e+01,2.069805e+01,2.062132e+01,2.069805e+01,2.060736e+01,2.070502e+01,2.069108e+01,2.069108e+01,2.069805e+01,2.069805e+01,2.069805e+01,2.069108e+01,2.070502e+01,2.070502e+01,2.057944e+01,2.082348e+01,2.070502e+01,2.069108e+01,2.071200e+01,2.071897e+01,2.082348e+01,2.086526e+01,2.062830e+01,2.066318e+01,2.068410e+01,2.061434e+01,2.062132e+01,2.069805e+01,2.070502e+01,2.071200e+01,2.067016e+01,2.076079e+01,2.062830e+01,2.081652e+01,2.071200e+01,2.067016e+01,2.072594e+01,2.076775e+01,2.068410e+01,2.065621e+01,2.069805e+01,2.058643e+01,2.070502e+01,2.064923e+01,2.069108e+01,2.062830e+01,2.060039e+01,2.063528e+01,2.070502e+01,2.067016e+01,2.077472e+01,2.067713e+01,2.064225e+01,2.059340e+01,2.068410e+01,2.064923e+01,2.060039e+01,2.066318e+01,2.067713e+01,2.066318e+01,2.065621e+01,2.073291e+01,2.069108e+01,2.069108e+01,2.069805e+01,2.067713e+01,2.071897e+01,2.067713e+01,2.065621e+01,2.074685e+01,2.078866e+01,2.080259e+01,2.067016e+01,2.071200e+01,2.052358e+01,2.063528e+01,2.068410e+01,2.071200e+01,2.070502e+01,2.064923e+01,2.064923e+01,2.060039e+01,2.073291e+01,2.073291e+01,2.066318e+01,2.071200e+01,2.075382e+01,2.055152e+01,2.060039e+01,2.073291e+01,2.069805e+01,2.057944e+01,2.074685e+01,2.071897e+01,2.060736e+01,2.073291e+01,2.065621e+01,2.066318e+01,2.070502e+01,2.074685e+01,2.073291e+01,2.074685e+01,2.080259e+01,2.080259e+01,2.080259e+01,2.075382e+01,2.071897e+01,2.080955e+01,2.071897e+01,2.067713e+01,2.075382e+01,2.072594e+01,2.070502e+01,2.070502e+01,2.071200e+01,2.071200e+01,2.073988e+01,2.076079e+01,2.073291e+01,2.074685e+01,2.072594e+01,2.067713e+01,2.067713e+01,2.066318e+01,2.066318e+01,2.064923e+01,2.050961e+01,2.053057e+01,2.046070e+01,2.046070e+01,2.046070e+01,2.051660e+01,2.037679e+01,2.046769e+01,2.038379e+01,2.046769e+01,2.057944e+01,2.051660e+01,2.055850e+01,2.055850e+01,2.057944e+01,2.069805e+01,2.070502e+01,2.065621e+01,2.063528e+01,2.070502e+01,2.072594e+01,2.067016e+01,2.064923e+01,2.069108e+01,2.067713e+01,2.074685e+01,2.072594e+01,2.071897e+01,2.069108e+01,2.071200e+01,2.082348e+01,2.065621e+01,2.078169e+01,2.076079e+01,2.079562e+01,2.083045e+01,2.080955e+01,2.075382e+01,2.073988e+01,2.071897e+01,2.080259e+01,2.076775e+01,2.090006e+01,2.079562e+01,2.076079e+01,2.083741e+01,2.071200e+01,2.073291e+01,2.076775e+01,2.076079e+01,2.078866e+01,2.071200e+01,2.078169e+01,2.073988e+01,2.071897e+01,2.080259e+01,2.076775e+01,2.077472e+01,2.077472e+01,2.079562e+01,2.080259e+01,2.071897e+01,2.090702e+01,2.074685e+01,2.074685e+01,2.071200e+01,2.071200e+01,2.072594e+01,2.079562e+01,2.076775e+01,2.074685e+01,2.078169e+01,2.075382e+01,2.076079e+01,2.075382e+01,2.073988e+01,2.074685e+01,2.070502e+01,2.080955e+01,2.081652e+01,2.083741e+01,2.079562e+01,2.082348e+01,2.079562e+01,2.080259e+01,2.073291e+01,2.078866e+01,2.079562e+01,2.081652e+01,2.080259e+01,2.075382e+01,2.075382e+01,2.069805e+01,2.071200e+01,2.068410e+01,2.071200e+01,2.085830e+01,2.090702e+01,2.078866e+01,2.078866e+01,2.083045e+01,2.080955e+01,2.078866e+01,2.073988e+01,2.092093e+01,2.078169e+01,2.080955e+01,2.078866e+01,2.085134e+01,2.083045e+01,2.078169e+01,2.073291e+01,2.064923e+01,2.064923e+01,2.039078e+01,2.025781e+01,2.030682e+01,2.011764e+01,2.012466e+01,2.012466e+01,2.011764e+01,2.014569e+01,2.025781e+01,2.047468e+01,2.048865e+01,2.050961e+01,2.051660e+01,2.059340e+01,2.075382e+01,2.069805e+01,2.068410e+01,2.073988e+01,2.081652e+01,2.083045e+01,2.083045e+01,2.076775e+01,2.076775e+01,2.069108e+01,2.080259e+01,2.079562e+01,2.076775e+01,2.074685e+01,2.073291e+01,2.075382e+01,2.082348e+01,2.082348e+01,2.070502e+01,2.078169e+01,2.085134e+01,2.078169e+01,2.077472e+01,2.080259e+01,2.057944e+01,2.073988e+01,2.078866e+01,2.064225e+01,2.062830e+01,2.069805e+01,2.077472e+01,2.064923e+01,2.069805e+01,2.068410e+01,2.071200e+01,2.073988e+01,2.069108e+01,2.078866e+01,2.076775e+01,2.076079e+01,2.076775e+01,2.068410e+01,2.076775e+01,2.076079e+01,2.078866e+01,2.074685e+01,2.077472e+01,2.073291e+01,2.074685e+01,2.074685e+01,2.075382e+01,2.064923e+01,2.073291e+01,2.076079e+01,2.067713e+01,2.073291e+01,2.065621e+01,2.073988e+01,2.069805e+01,2.073988e+01,2.069108e+01,2.065621e+01,2.067713e+01,2.067713e+01,2.064225e+01,2.069108e+01,2.067016e+01,2.062830e+01,2.062132e+01,2.070502e+01,2.056548e+01,2.059340e+01,2.067713e+01,2.069108e+01,2.067016e+01,2.060039e+01,2.067713e+01,2.057944e+01,2.075382e+01,2.066318e+01,2.069805e+01,2.060039e+01,2.071200e+01,2.070502e+01,2.074685e+01,2.062830e+01,2.067713e+01,2.072594e+01,2.064923e+01,2.056548e+01,2.059340e+01,2.057246e+01,2.056548e+01,2.053755e+01,2.059340e+01,2.049564e+01,2.049564e+01,2.047468e+01,2.051660e+01,2.051660e+01,2.050961e+01,2.053755e+01,2.049564e+01,2.050262e+01,2.057944e+01,2.055850e+01,2.050961e+01,2.062132e+01,2.050961e+01,2.057944e+01,2.060039e+01,2.059340e+01,2.050262e+01,2.050262e+01,2.053057e+01,2.055152e+01,2.056548e+01,2.064225e+01,2.049564e+01,2.049564e+01,2.058643e+01,2.057246e+01,2.057944e+01,2.055152e+01,2.049564e+01,2.052358e+01,2.048865e+01,2.056548e+01,2.043973e+01,2.062132e+01,2.050262e+01,2.051660e+01,2.057944e+01,2.047468e+01,2.029282e+01,2.027181e+01,2.016672e+01,2.020177e+01,2.020177e+01,2.014569e+01,2.001239e+01,2.002643e+01,2.008959e+01,2.009660e+01,2.008257e+01,2.014569e+01,2.012466e+01,2.019476e+01,2.021578e+01,2.020177e+01,2.011063e+01,2.007556e+01,1.992109e+01,2.006152e+01,1.991406e+01,1.993514e+01,1.990000e+01,1.987892e+01,1.984376e+01,2.011063e+01,2.011063e+01,2.040477e+01,2.025781e+01,2.053755e+01,2.053755e+01,2.048166e+01,2.050961e+01,2.057246e+01,2.060736e+01,2.057944e+01,2.060039e+01,2.059340e+01,2.057246e+01,2.062132e+01,2.050262e+01,2.057246e+01,2.053755e+01,2.053057e+01,2.054453e+01,2.048865e+01,2.057246e+01,2.051660e+01,2.046070e+01,2.049564e+01,2.042575e+01,2.055152e+01,2.045371e+01,2.049564e+01,2.052358e+01,2.057246e+01,2.053057e+01,2.059340e+01,2.038379e+01,2.048166e+01,2.050961e+01,2.047468e+01,2.047468e+01,2.048865e+01,2.039778e+01,2.024380e+01,2.044672e+01,2.048865e+01,2.045371e+01,2.046769e+01,2.051660e+01,2.065621e+01,2.061434e+01,2.061434e+01,2.063528e+01,2.076079e+01,2.078169e+01,2.078169e+01,2.076775e+01,2.078866e+01,2.078866e+01,2.083045e+01,2.083045e+01,2.077472e+01,2.086526e+01,2.081652e+01,2.080955e+01,2.076775e+01,2.083045e+01,2.084437e+01,2.087918e+01,2.087222e+01,2.083045e+01,2.075382e+01,2.078866e+01,2.067016e+01,2.069108e+01,2.087222e+01,2.081652e+01,2.085830e+01,2.060736e+01,2.083045e+01,2.083045e+01,2.077472e+01,2.078866e+01,2.085830e+01,2.080955e+01,2.083741e+01,2.077472e+01,2.078866e+01,2.095572e+01,2.077472e+01,2.076775e+01,2.084437e+01,2.079562e+01,2.083045e+01,2.075382e+01,2.080955e+01,2.069805e+01,2.057246e+01,2.074685e+01,2.077472e+01,2.071897e+01,2.069108e+01,2.082348e+01,2.078866e+01,2.073291e+01,2.075382e+01,2.076079e+01,2.078169e+01,2.084437e+01,2.079562e+01,2.089310e+01,2.063528e+01,2.078169e+01,2.073988e+01,2.080955e+01,2.071200e+01,2.091398e+01,2.075382e+01,2.090702e+01,2.087222e+01,2.088614e+01,2.084437e+01,2.075382e+01,2.073291e+01,2.088614e+01,2.090702e+01,2.080955e+01,2.080955e+01,2.073988e+01,2.078169e+01,2.066318e+01,2.069805e+01,2.064225e+01,2.060039e+01,2.065621e+01,2.053057e+01,2.061434e+01,2.070502e+01,2.073291e+01,2.062830e+01,2.062132e+01,2.056548e+01,2.055850e+01,2.082348e+01,2.098353e+01,2.075382e+01,2.094876e+01
2.083045e+01,2.076079e+01,2.074685e+01,2.070502e+01,2.066318e+01,2.090006e+01,2.067016e+01,2.070502e+01,2.084437e+01,2.086526e+01,2.084437e+01,2.074685e+01,2.074685e+01,2.067713e+01,2.078866e+01,2.076775e+01,2.076079e+01,2.076079e+01,2.054453e+01,2.058643e+01,2.064923e+01,2.065621e+01,2.067016e+01,2.065621e+01,2.069805e+01,2.065621e+01,2.043973e+01,2.060736e+01,2.064923e+01,2.062830e+01,2.054453e+01,2.054453e+01,2.049564e+01,2.061434e+01,2.055152e+01,2.054453e+01,2.063528e+01,2.052358e+01,2.042575e+01,2.053755e+01,2.055850e+01,2.039778e+01,2.048865e+01,2.046070e+01,2.053755e+01,2.047468e+01,2.044672e+01,2.045371e+01,2.035581e+01,2.041875e+01,2.044672e+01,2.056548e+01,2.046070e+01,2.051660e+01,2.054453e+01,2.044672e+01,2.050262e+01,2.054453e+01,2.048166e+01,2.052358e+01,2.055850e+01,2.043274e+01,2.057246e+01,2.052358e+01,2.053057e+01,2.055152e+01,2.039078e+01,2.057944e+01,2.055850e+01,2.052358e+01,2.058643e+01,2.052358e+01,2.052358e+01,2.063528e+01,2.059340e+01,2.067016e+01,2.061434e+01,2.061434e+01,2.060039e+01,2.059340e+01,2.069805e+01,2.064225e+01,2.064225e+01,2.059340e+01,2.059340e+01,2.061434e+01,2.067016e+01,2.069108e+01,2.069108e+01,2.068410e+01,2.070502e+01,2.070502e+01,2.067016e+01,2.069805e+01,2.064923e+01,2.067713e+01,2.067713e+01,2.069108e+01,2.060736e+01,2.064225e+01,2.067016e+01,2.062132e+01,2.061434e+01,2.070502e+01,2.059340e+01,2.061434e+01,2.062132e+01,2.068410e+01,2.058643e+01,2.062132e+01,2.069108e+01,2.069805e+01,2.071897e+01,2.073291e+01,2.069108e+01,2.070502e+01,2.062132e+01,2.069805e+01,2.067016e+01,2.065621e+01,2.062830e+01,2.073988e+01,2.066318e+01,2.066318e+01,2.067713e+01,2.054453e+01,2.058643e+01,2.073988e+01,2.071897e+01,2.071200e+01,2.066318e+01,2.067713e+01,2.048865e+01,2.069108e+01,2.051660e+01,2.066318e+01,2.065621e+01,2.074685e+01,2.070502e+01,2.064923e+01,2.065621e+01,2.064225e+01,2.069805e+01,2.067713e+01,2.071897e+01,2.070502e+01,2.058643e+01,2.069108e+01,2.071897e+01,2.070502e+01,2.071200e+01,2.062132e+01,2.082348e+01,2.077472e+01,2.068410e+01,2.058643e+01,2.063528e+01,2.049564e+01,2.067016e+01,2.064225e+01,2.064225e+01,2.067016e+01,2.067016e+01,2.060039e+01,2.064225e+01,2.066318e+01,2.070502e+01,2.065621e+01,2.062830e+01,2.064923e+01,2.064923e+01,2.072594e+01,2.055152e+01,2.075382e+01,2.071200e+01,2.056548e+01,2.055152e+01,2.071200e+01,2.057944e+01,2.062830e+01,2.069108e+01,2.064225e+01,2.071897e+01,2.065621e+01,2.071897e+01,2.081652e+01,2.080259e+01,2.074685e+01,2.073988e+01,2.076079e+01,2.079562e+01,2.076775e+01,2.067713e+01,2.071897e+01,2.069108e+01,2.069108e+01,2.067713e+01,2.066318e+01,2.074685e+01,2.074685e+01,2.072594e+01,2.069108e+01,2.063528e+01,2.069805e+01,2.066318e+01,2.067016e+01,2.069108e+01,2.072594e+01,2.061434e+01,2.046769e+01,2.045371e+01,2.043274e+01,2.034181e+01,2.044672e+01,2.046769e+01,2.037679e+01,2.046070e+01,2.047468e+01,2.047468e+01,2.041176e+01,2.051660e+01,2.053755e+01,2.075382e+01,2.061434e+01,2.063528e+01,2.064225e+01,2.068410e+01,2.075382e+01,2.066318e+01,2.063528e+01,2.064923e+01,2.069108e+01,2.063528e+01,2.064225e+01,2.065621e+01,2.071200e+01,2.070502e+01,2.071897e+01,2.067016e+01,2.070502e+01,2.075382e+01,2.072594e+01,2.067016e+01,2.076775e+01,2.074685e+01,2.071897e+01,2.077472e+01,2.083741e+01,2.079562e+01,2.069108e+01,2.073291e+01,2.078866e+01,2.076079e+01,2.076079e+01,2.072594e+01,2.073291e+01,2.074685e+01,2.074685e+01,2.066318e+01,2.077472e+01,2.075382e+01,2.078866e+01,2.069108e+01,2.078866e+01,2.068410e+01,2.067016e+01,2.076775e+01,2.078866e+01,2.071200e+01,2.083045e+01,2.071200e+01,2.081652e+01,2.073291e+01,2.092789e+01,2.075382e+01,2.076079e+01,2.085830e+01,2.072594e+01,2.073291e+01,2.073988e+01,2.075382e+01,2.076079e+01,2.075382e+01,2.077472e+01,2.073291e+01,2.073291e+01,2.071897e+01,2.076079e+01,2.081652e+01,2.084437e+01,2.066318e+01,2.079562e+01,2.076775e+01,2.073291e+01,2.076079e+01,2.078866e+01,2.078866e+01,2.082348e+01,2.081652e+01,2.071200e+01,2.071200e+01,2.071200e+01,2.074685e+01,2.065621e+01,2.077472e+01,2.071897e+01,2.071200e+01,2.080259e+01,2.075382e+01,2.078169e+01,2.082348e+01,2.069805e+01,2.076079e+01,2.076775e+01,2.078169e+01,2.077472e+01,2.072594e+01,2.080259e+01,2.078866e+01,2.077472e+01,2.071897e+01,2.071897e+01,2.049564e+01,2.025080e+01,2.017373e+01,2.019476e+01,2.015270e+01,2.013868e+01,2.013868e+01,2.012466e+01,2.016672e+01,2.036980e+01,2.022278e+01,2.039778e+01,2.053057e+01,2.061434e+01,2.063528e+01,2.064225e+01,2.064923e+01,2.071897e+01,2.067713e+01,2.065621e+01,2.064923e+01,2.071200e+01,2.078169e+01,2.076079e+01,2.073291e+01,2.074685e+01,2.071200e+01,2.071200e+01,2.071200e+01,2.083045e+01,2.077472e+01,2.076079e+01,2.072594e+01,2.071200e+01,2.075382e+01,2.073988e+01,2.088614e+01,2.082348e+01,2.080259e+01,2.072594e+01,2.073291e+01,2.078169e+01,2.076079e+01,2.068410e+01,2.071200e+01,2.078169e+01,2.067713e+01,2.077472e+01,2.071200e+01,2.073291e+01,2.074685e+01,2.073988e+01,2.088614e+01,2.073291e+01,2.071897e+01,2.073291e+01,2.073988e+01,2.062132e+01,2.081652e+01,2.074685e+01,2.077472e+01,2.076079e+01,2.071897e+01,2.071897e+01,2.071897e+01,2.057944e+01,2.068410e+01,2.068410e+01,2.074685e+01,2.073988e+01,2.074685e+01,2.064923e+01,2.068410e+01,2.060736e+01,2.073291e+01,2.066318e+01,2.061434e+01,2.062830e+01,2.066318e+01,2.064923e+01,2.063528e+01,2.057246e+01,2.068410e+01,2.065621e+01,2.069108e+01,2.053755e+01,2.054453e+01,2.067713e+01,2.050262e+01,2.065621e+01,2.062830e+01,2.059340e+01,2.060039e+01,2.063528e+01,2.060039e+01,2.066318e+01,2.057246e+01,2.069108e+01,2.073988e+01,2.056548e+01,2.069108e+01,2.062132e+01,2.065621e+01,2.064225e+01,2.055152e+01,2.055850e+01,2.061434e+01,2.053755e+01,2.052358e+01,2.046070e+01,2.051660e+01,2.050262e+01,2.049564e+01,2.053755e+01,2.050961e+01,2.048166e+01,2.045371e+01,2.048166e+01,2.051660e+01,2.059340e+01,2.050262e+01,2.047468e+01,2.050961e+01,2.060736e+01,2.055850e+01,2.050961e+01,2.056548e+01,2.065621e+01,2.055152e+01,2.049564e+01,2.050961e+01,2.052358e+01,2.054453e+01,2.061434e+01,2.048865e+01,2.055850e+01,2.052358e+01,2.051660e+01,2.041176e+01,2.039078e+01,2.051660e+01,2.044672e+01,2.057246e+01,2.039778e+01,2.050961e+01,2.046070e+01,2.036280e+01,2.047468e+01,2.036280e+01,2.046769e+01,2.032082e+01,2.016672e+01,2.016672e+01,2.015270e+01,1.999835e+01,2.004047e+01,2.001941e+01,2.006854e+01,2.016672e+01,2.011764e+01,2.008257e+01,2.006152e+01,2.013167e+01,2.012466e+01,2.008959e+01,2.006152e+01,2.001239e+01,2.008257e+01,1.992811e+01,1.999133e+01,2.002643e+01,2.005451e+01,2.013868e+01,2.005451e+01,1.990000e+01,2.008959e+01,2.039778e+01,2.045371e+01,2.027181e+01,2.041176e+01,2.045371e+01,2.053057e+01,2.059340e+01,2.055850e+01,2.053755e+01,2.055152e+01,2.054453e+01,2.055152e+01,2.055850e+01,2.067713e+01,2.064923e+01,2.051660e+01,2.060039e+01,2.050961e+01,2.051660e+01,2.050961e+01,2.045371e+01,2.057246e+01,2.042575e+01,2.046070e+01,2.048166e+01,2.055850e+01,2.050961e+01,2.050262e+01,2.050262e+01,2.046769e+01,2.046769e+01,2.053057e+01,2.050961e+01,2.038379e+01,2.050961e+01,2.038379e+01,2.043274e+01,2.043973e+01,2.037679e+01,2.034181e+01,2.041875e+01,2.032782e+01,2.052358e+01,2.039778e+01,2.048865e+01,2.062830e+01,2.069108e+01,2.066318e+01,2.075382e+01,2.090006e+01,2.072594e+01,2.081652e+01,2.077472e+01,2.082348e+01,2.080955e+01,2.080955e+01,2.078866e+01,2.080955e+01,2.090702e+01,2.078169e+01,2.078169e+01,2.083741e+01,2.084437e+01,2.087918e+01,2.083741e+01,2.087222e+01,2.087222e+01,2.095572e+01,2.070502e+01,2.069805e+01,2.067713e+01,2.069805e+01,2.067016e+01,2.079562e+01,2.063528e+01,2.064225e+01,2.074685e+01,2.085830e+01,2.082348e+01,2.085134e+01,2.076775e+01,2.091398e+01,2.082348e+01,2.076079e+01,2.080955e+01,2.068410e+01,2.079562e+01,2.083045e+01,2.063528e+01,2.077472e+01,2.074685e+01,2.078169e+01,2.069805e+01,2.071897e+01,2.079562e+01,2.065621e+01,2.076079e+01,2.083045e+01,2.071200e+01,2.072594e+01,2.074685e+01,2.087222e+01,2.078169e+01,2.078169e+01,2.073988e+01,2.087222e+01,2.076775e+01,2.072594e+01,2.074685e+01,2.077472e+01,2.077472e+01,2.064225e+01,2.073988e+01,2.090702e+01,2.073291e+01,2.078866e+01,2.085830e+01,2.073291e+01,2.077472e+01,2.076775e+01,2.072594e+01,2.074685e+01,2.077472e+01,2.071897e+01,2.066318e+01,2.068410e+01,2.060736e+01,2.058643e+01,2.061434e+01,2.063528e+01,2.053057e+01,2.056548e+01,2.061434e+01,2.064225e+01,2.066318e+01,2.062132e+01,2.071200e+01,2.071200e+01,2.076079e+01,2.078169e+01,2.064225e+01,2.075382e+01
2.076775e+01,2.082348e+01,2.082348e+01,2.079562e+01,2.076775e+01,2.072594e+01,2.073988e+01,2.071897e+01,2.082348e+01,2.085134e+01,2.076079e+01,2.077472e+01,2.081652e+01,2.076079e+01,2.077472e+01,2.071897e+01,2.071897e+01,2.075382e+01,2.076079e+01,2.063528e+01,2.065621e+01,2.061434e+01,2.070502e+01,2.069805e+01,2.055152e+01,2.060039e+01,2.061434e+01,2.051660e+01,2.057246e+01,2.060736e+01,2.050961e+01,2.048166e+01,2.057944e+01,2.063528e+01,2.058643e+01,2.048865e+01,2.054453e+01,2.053057e+01,2.053057e+01,2.041875e+01,2.053057e+01,2.053755e+01,2.041176e+01,2.053755e+01,2.049564e+01,2.046070e+01,2.053057e+01,2.048166e+01,2.055152e+01,2.047468e+01,2.045371e+01,2.055152e+01,2.046769e+01,2.048865e+01,2.050262e+01,2.053755e+01,2.053057e+01,2.050961e+01,2.048166e+01,2.052358e+01,2.062830e+01,2.062132e+01,2.050961e+01,2.054453e+01,2.057944e+01,2.064923e+01,2.041176e+01,2.064225e+01,2.050262e+01,2.060039e+01,2.067016e+01,2.052358e+01,2.055850e+01,2.055152e+01,2.069805e+01,2.059340e+01,2.058643e+01,2.056548e+01,2.062132e+01,2.066318e+01,2.065621e+01,2.056548e+01,2.071200e+01,2.078169e+01,2.062830e+01,2.063528e+01,2.059340e+01,2.062830e+01,2.070502e+01,2.070502e+01,2.070502e+01,2.062132e+01,2.072594e+01,2.062830e+01,2.069108e+01,2.068410e+01,2.069108e+01,2.072594e+01,2.067016e+01,2.080259e+01,2.069108e+01,2.062830e+01,2.060736e+01,2.064923e+01,2.065621e+01,2.057944e+01,2.062830e+01,2.057944e+01,2.066318e+01,2.080259e+01,2.071897e+01,2.061434e+01,2.069805e+01,2.072594e+01,2.064225e+01,2.078169e+01,2.078866e+01,2.078169e+01,2.069805e+01,2.072594e+01,2.069805e+01,2.074685e+01,2.069805e+01,2.061434e+01,2.057944e+01,2.054453e+01,2.060736e+01,2.060736e+01,2.050961e+01,2.066318e+01,2.072594e+01,2.070502e+01,2.053755e+01,2.068410e+01,2.064225e+01,2.065621e+01,2.055152e+01,2.069805e+01,2.067016e+01,2.057246e+01,2.066318e+01,2.067016e+01,2.069805e+01,2.063528e+01,2.067713e+01,2.069805e+01,2.071897e+01,2.066318e+01,2.067713e+01,2.070502e+01,2.060736e+01,2.071897e+01,2.064225e+01,2.071200e+01,2.067016e+01,2.071200e+01,2.076079e+01,2.065621e+01,2.066318e+01,2.061434e+01,2.068410e+01,2.066318e+01,2.067713e+01,2.073988e+01,2.060736e+01,2.069805e+01,2.070502e+01,2.060039e+01,2.065621e+01,2.064923e+01,2.062132e+01,2.067016e+01,2.069108e+01,2.081652e+01,2.080259e+01,2.072594e+01,2.053057e+01,2.067713e+01,2.062132e+01,2.059340e+01,2.060039e+01,2.070502e+01,2.072594e+01,2.073988e+01,2.067016e+01,2.067016e+01,2.070502e+01,2.069108e+01,2.071200e+01,2.069805e+01,2.063528e+01,2.071897e+01,2.072594e+01,2.073988e+01,2.065621e+01,2.073291e+01,2.071200e+01,2.073988e+01,2.061434e+01,2.073291e+01,2.064923e+01,2.073291e+01,2.069805e+01,2.081652e+01,2.067713e+01,2.060736e+01,2.068410e+01,2.065621e+01,2.055850e+01,2.054453e+01,2.046070e+01,2.047468e+01,2.047468e+01,2.053755e+01,2.048166e+01,2.045371e+01,2.040477e+01,2.046070e+01,2.047468e+01,2.051660e+01,2.059340e+01,2.052358e+01,2.060039e+01,2.054453e+01,2.061434e+01,2.062132e+01,2.064225e+01,2.062132e+01,2.071200e+01,2.066318e+01,2.069108e+01,2.066318e+01,2.071897e+01,2.063528e+01,2.064225e+01,2.074685e+01,2.069805e+01,2.078866e+01,2.081652e+01,2.069805e+01,2.078169e+01,2.074685e+01,2.074685e+01,2.080955e+01,2.078169e+01,2.075382e+01,2.072594e+01,2.074685e+01,2.076079e+01,2.071200e+01,2.072594e+01,2.073988e+01,2.071200e+01,2.080955e+01,2.082348e+01,2.069805e+01,2.075382e+01,2.071897e+01,2.071897e+01,2.078169e+01,2.075382e+01,2.071897e+01,2.073988e+01,2.073291e+01,2.077472e+01,2.075382e+01,2.083741e+01,2.069108e+01,2.075382e+01,2.080259e+01,2.082348e+01,2.080955e+01,2.080955e+01,2.080955e+01,2.080259e+01,2.079562e+01,2.068410e+01,2.083045e+01,2.076079e+01,2.074685e+01,2.074685e+01,2.073988e+01,2.075382e+01,2.074685e+01,2.076079e+01,2.074685e+01,2.073291e+01,2.066318e+01,2.071897e+01,2.076079e+01,2.079562e+01,2.076079e+01,2.077472e+01,2.076775e+01,2.069108e+01,2.075382e+01,2.076775e+01,2.077472e+01,2.079562e+01,2.078866e+01,2.071200e+01,2.073291e+01,2.074685e+01,2.080955e+01,2.072594e+01,2.071897e+01,2.071897e+01,2.071200e+01,2.083045e+01,2.083741e+01,2.074685e+01,2.068410e+01,2.071897e+01,2.096267e+01,2.067713e+01,2.079562e+01,2.080259e+01,2.077472e+01,2.076079e+01,2.076079e+01,2.078866e+01,2.073291e+01,2.064225e+01,2.035581e+01,2.026481e+01,2.017373e+01,2.025080e+01,2.018775e+01,2.022979e+01,2.023680e+01,2.022979e+01,2.039778e+01,2.046769e+01,2.050262e+01,2.083045e+01,2.066318e+01,2.066318e+01,2.075382e+01,2.070502e+01,2.077472e+01,2.085134e+01,2.067016e+01,2.061434e+01,2.073988e+01,2.076775e+01,2.076079e+01,2.073988e+01,2.069108e+01,2.076079e+01,2.078866e+01,2.082348e+01,2.078866e+01,2.076079e+01,2.075382e+01,2.073988e+01,2.071897e+01,2.078169e+01,2.080259e+01,2.084437e+01,2.083741e+01,2.078169e+01,2.076079e+01,2.080955e+01,2.080259e+01,2.076079e+01,2.078866e+01,2.070502e+01,2.077472e+01,2.069108e+01,2.077472e+01,2.076775e+01,2.066318e+01,2.077472e+01,2.072594e+01,2.071897e+01,2.077472e+01,2.071897e+01,2.062830e+01,2.071897e+01,2.075382e+01,2.063528e+01,2.069805e+01,2.075382e+01,2.068410e+01,2.072594e+01,2.073291e+01,2.073291e+01,2.073291e+01,2.069108e+01,2.074685e+01,2.066318e+01,2.067713e+01,2.069805e+01,2.073291e+01,2.062830e+01,2.060039e+01,2.069805e+01,2.058643e+01,2.073988e+01,2.071897e+01,2.050262e+01,2.062132e+01,2.060736e+01,2.047468e+01,2.068410e+01,2.064225e+01,2.059340e+01,2.058643e+01,2.047468e+01,2.060039e+01,2.053057e+01,2.059340e+01,2.053057e+01,2.059340e+01,2.066318e+01,2.058643e+01,2.061434e+01,2.063528e+01,2.071200e+01,2.073988e+01,2.101134e+01,2.074685e+01,2.062132e+01,2.063528e+01,2.060039e+01,2.058643e+01,2.057246e+01,2.055152e+01,2.058643e+01,2.066318e+01,2.062132e+01,2.057944e+01,2.053755e+01,2.056548e+01,2.054453e+01,2.050262e+01,2.048865e+01,2.050961e+01,2.047468e+01,2.051660e+01,2.057944e+01,2.046769e+01,2.050961e+01,2.049564e+01,2.050262e+01,2.060736e+01,2.053057e+01,2.050262e+01,2.056548e+01,2.055850e+01,2.051660e+01,2.054453e+01,2.058643e+01,2.052358e+01,2.054453e+01,2.050262e+01,2.049564e+01,2.048865e+01,2.051660e+01,2.046070e+01,2.047468e+01,2.039778e+01,2.050961e+01,2.050262e+01,2.046070e+01,2.052358e+01,2.044672e+01,2.050262e+01,2.050961e+01,2.050262e+01,2.043274e+01,2.041875e+01,2.029282e+01,2.033481e+01,2.017373e+01,2.013868e+01,2.004047e+01,1.999133e+01,2.007556e+01,2.001941e+01,2.006854e+01,2.028582e+01,2.011764e+01,2.020877e+01,2.021578e+01,2.013868e+01,2.012466e+01,2.004749e+01,1.997026e+01,1.999835e+01,1.995621e+01,1.998431e+01,2.012466e+01,2.015971e+01,2.008959e+01,2.005451e+01,2.006152e+01,2.011063e+01,2.013167e+01,2.033481e+01,2.034881e+01,2.040477e+01,2.037679e+01,2.053755e+01,2.055850e+01,2.046769e+01,2.054453e+01,2.053755e+01,2.055850e+01,2.055850e+01,2.055152e+01,2.056548e+01,2.049564e+01,2.056548e+01,2.053057e+01,2.052358e+01,2.047468e+01,2.057246e+01,2.060736e+01,2.046070e+01,2.051660e+01,2.050262e+01,2.056548e+01,2.048166e+01,2.057944e+01,2.049564e+01,2.041176e+01,2.053057e+01,2.043973e+01,2.041176e+01,2.052358e+01,2.036280e+01,2.034881e+01,2.039078e+01,2.048865e+01,2.043973e+01,2.048166e+01,2.034181e+01,2.048166e+01,2.048865e+01,2.053755e+01,2.062830e+01,2.062132e+01,2.060736e+01,2.058643e+01,2.073291e+01,2.080955e+01,2.077472e+01,2.090006e+01,2.097658e+01,2.089310e+01,2.077472e+01,2.083741e+01,2.072594e+01,2.073291e+01,2.083741e+01,2.095572e+01,2.092093e+01,2.090702e+01,2.105999e+01,2.085830e+01,2.085134e+01,2.093485e+01,2.094180e+01,2.091398e+01,2.090702e+01,2.091398e+01,2.072594e+01,2.073291e+01,2.083045e+01,2.076775e+01,2.064923e+01,2.087918e+01,2.071897e+01,2.072594e+01,2.077472e+01,2.085830e+01,2.078169e+01,2.081652e+01,2.084437e+01,2.076079e+01,2.080955e+01,2.080955e+01,2.086526e+01,2.087222e+01,2.062132e+01,2.085830e+01,2.078866e+01,2.071897e+01,2.076775e+01,2.085134e+01,2.070502e+01,2.080259e+01,2.088614e+01,2.076775e+01,2.078866e+01,2.079562e+01,2.072594e+01,2.076775e+01,2.076775e+01,2.079562e+01,2.075382e+01,2.073988e+01,2.071200e+01,2.075382e+01,2.077472e+01,2.074685e+01,2.079562e+01,2.078866e+01,2.080955e+01,2.090006e+01,2.087918e+01,2.074685e+01,2.083741e+01,2.073291e+01,2.085830e+01,2.076079e+01,2.083741e+01,2.090006e+01,2.086526e+01,2.066318e+01,2.062132e+01,2.063528e+01,2.071897e+01,2.064225e+01,2.068410e+01,2.063528e+01,2.062132e+01,2.056548e+01,2.055152e+01,2.094876e+01,2.086526e+01,2.076079e+01,2.062830e+01,2.078169e+01,2.074685e+01,2.079562e+01,2.079562e+01,2.073291e+01,2.074685e+01
2.073988e+01,2.075382e+01,2.080259e+01,2.076775e+01,2.081652e+01,2.067016e+01,2.069805e+01,2.080955e+01,2.076079e+01,2.073988e+01,2.075382e+01,2.076079e+01,2.073988e+01,2.078169e+01,2.071897e+01,2.066318e+01,2.065621e+01,2.072594e+01,2.075382e+01,2.071897e+01,2.054453e+01,2.066318e+01,2.067016e+01,2.067016e+01,2.071200e+01,2.069108e+01,2.060039e+01,2.057246e+01,2.056548e+01,2.050961e+01,2.068410e+01,2.051660e+01,2.061434e+01,2.080955e+01,2.069108e+01,2.052358e+01,2.051660e+01,2.053057e+01,2.053755e+01,2.054453e+01,2.052358e+01,2.054453e+01,2.052358e+01,2.050961e+01,2.044672e+01,2.050262e+01,2.040477e+01,2.046070e+01,2.057246e+01,2.057246e+01,2.055850e+01,2.057944e+01,2.057246e+01,2.048166e+01,2.051660e+01,2.050961e+01,2.052358e+01,2.054453e+01,2.051660e+01,2.050961e+01,2.056548e+01,2.057944e+01,2.062830e+01,2.064923e+01,2.062830e+01,2.063528e+01,2.056548e+01,2.066318e+01,2.057246e+01,2.064225e+01,2.058643e+01,2.065621e+01,2.060039e+01,2.055152e+01,2.062830e+01,2.064225e+01,2.064225e+01,2.062830e+01,2.071200e+01,2.064225e+01,2.070502e+01,2.069108e+01,2.057944e+01,2.057944e+01,2.065621e+01,2.063528e+01,2.067016e+01,2.069108e+01,2.068410e+01,2.057246e+01,2.070502e+01,2.069108e+01,2.065621e+01,2.069108e+01,2.068410e+01,2.066318e+01,2.067016e+01,2.068410e+01,2.062830e+01,2.060736e+01,2.083045e+01,2.068410e+01,2.073291e+01,2.067713e+01,2.060736e+01,2.065621e+01,2.061434e+01,2.066318e+01,2.069108e+01,2.057246e+01,2.068410e+01,2.071200e+01,2.069108e+01,2.071897e+01,2.071897e+01,2.071897e+01,2.062830e+01,2.070502e+01,2.074685e+01,2.069805e+01,2.072594e+01,2.062830e+01,2.058643e+01,2.054453e+01,2.054453e+01,2.058643e+01,2.056548e+01,2.055850e+01,2.058643e+01,2.055850e+01,2.060039e+01,2.059340e+01,2.061434e+01,2.060039e+01,2.058643e+01,2.053057e+01,2.050961e+01,2.055850e+01,2.062132e+01,2.062132e+01,2.059340e+01,2.062132e+01,2.064923e+01,2.067016e+01,2.061434e+01,2.067016e+01,2.071200e+01,2.066318e+01,2.069805e+01,2.067016e+01,2.060039e+01,2.063528e+01,2.062830e+01,2.067713e+01,2.067713e+01,2.061434e+01,2.066318e+01,2.062132e+01,2.050262e+01,2.057944e+01,2.069108e+01,2.068410e+01,2.068410e+01,2.059340e+01,2.062830e+01,2.068410e+01,2.063528e+01,2.062830e+01,2.067016e+01,2.064225e+01,2.064225e+01,2.062830e+01,2.054453e+01,2.067016e+01,2.063528e+01,2.059340e+01,2.060039e+01,2.069108e+01,2.064225e+01,2.071897e+01,2.069805e+01,2.073988e+01,2.071897e+01,2.074685e+01,2.083741e+01,2.065621e+01,2.071897e+01,2.068410e+01,2.071897e+01,2.071897e+01,2.056548e+01,2.076079e+01,2.055152e+01,2.062132e+01,2.071200e+01,2.068410e+01,2.062830e+01,2.073988e+01,2.072594e+01,2.073988e+01,2.068410e+01,2.067016e+01,2.067713e+01,2.065621e+01,2.065621e+01,2.065621e+01,2.072594e+01,2.057944e+01,2.056548e+01,2.047468e+01,2.053057e+01,2.043274e+01,2.050262e+01,2.052358e+01,2.041176e+01,2.041176e+01,2.040477e+01,2.053755e+01,2.057246e+01,2.057944e+01,2.061434e+01,2.070502e+01,2.060039e+01,2.062830e+01,2.062830e+01,2.062830e+01,2.060039e+01,2.067016e+01,2.063528e+01,2.062830e+01,2.064225e+01,2.069108e+01,2.064225e+01,2.067713e+01,2.063528e+01,2.069805e+01,2.065621e+01,2.079562e+01,2.061434e+01,2.067016e+01,2.068410e+01,2.061434e+01,2.076079e+01,2.075382e+01,2.076079e+01,2.075382e+01,2.085134e+01,2.076775e+01,2.078169e+01,2.080259e+01,2.069108e+01,2.070502e+01,2.075382e+01,2.074685e+01,2.076079e+01,2.076079e+01,2.073988e+01,2.061434e+01,2.076775e+01,2.081652e+01,2.076775e+01,2.078169e+01,2.075382e+01,2.076079e+01,2.072594e+01,2.068410e+01,2.075382e+01,2.075382e+01,2.065621e+01,2.080259e+01,2.067713e+01,2.086526e+01,2.083045e+01,2.069108e+01,2.082348e+01,2.083741e+01,2.069805e+01,2.069108e+01,2.078169e+01,2.075382e+01,2.075382e+01,2.074685e+01,2.074685e+01,2.075382e+01,2.073988e+01,2.090702e+01,2.071200e+01,2.076775e+01,2.073291e+01,2.071200e+01,2.075382e+01,2.079562e+01,2.074685e+01,2.064225e+01,2.072594e+01,2.078169e+01,2.079562e+01,2.077472e+01,2.079562e+01,2.073988e+01,2.071897e+01,2.073988e+01,2.067016e+01,2.078169e+01,2.075382e+01,2.068410e+01,2.072594e+01,2.070502e+01,2.071897e+01,2.076775e+01,2.078866e+01,2.078169e+01,2.082348e+01,2.080259e+01,2.084437e+01,2.079562e+01,2.080955e+01,2.076079e+01,2.080259e+01,2.079562e+01,2.082348e+01,2.059340e+01,2.043973e+01,2.023680e+01,2.018775e+01,2.017373e+01,2.008257e+01,2.010362e+01,2.013868e+01,2.053057e+01,2.043274e+01,2.050262e+01,2.054453e+01,2.053755e+01,2.060039e+01,2.059340e+01,2.064225e+01,2.069108e+01,2.064923e+01,2.066318e+01,2.082348e+01,2.064225e+01,2.071200e+01,2.070502e+01,2.080955e+01,2.074685e+01,2.072594e+01,2.071200e+01,2.070502e+01,2.073988e+01,2.071897e+01,2.083045e+01,2.083045e+01,2.071200e+01,2.071897e+01,2.071897e+01,2.080955e+01,2.075382e+01,2.068410e+01,2.069108e+01,2.070502e+01,2.077472e+01,2.072594e+01,2.075382e+01,2.074685e+01,2.072594e+01,2.071200e+01,2.076079e+01,2.065621e+01,2.073988e+01,2.073291e+01,2.071200e+01,2.069805e+01,2.070502e+01,2.076079e+01,2.071897e+01,2.066318e+01,2.073291e+01,2.069805e+01,2.073291e+01,2.069805e+01,2.070502e+01,2.073988e+01,2.072594e+01,2.074685e+01,2.071200e+01,2.073988e+01,2.070502e+01,2.065621e+01,2.073988e+01,2.069108e+01,2.058643e+01,2.071200e+01,2.069805e+01,2.067713e+01,2.073291e+01,2.076775e+01,2.056548e+01,2.063528e+01,2.069805e+01,2.061434e+01,2.063528e+01,2.065621e+01,2.048166e+01,2.056548e+01,2.049564e+01,2.048166e+01,2.053755e+01,2.051660e+01,2.055152e+01,2.064923e+01,2.054453e+01,2.054453e+01,2.048865e+01,2.055850e+01,2.062830e+01,2.062132e+01,2.057246e+01,2.070502e+01,2.069805e+01,2.071897e+01,2.071200e+01,2.071897e+01,2.071200e+01,2.065621e+01,2.055152e+01,2.055152e+01,2.062830e+01,2.060039e+01,2.067016e+01,2.051660e+01,2.058643e+01,2.057246e+01,2.055152e+01,2.055850e+01,2.048865e+01,2.046769e+01,2.053755e+01,2.057246e+01,2.051660e+01,2.058643e+01,2.065621e+01,2.052358e+01,2.054453e+01,2.064225e+01,2.052358e+01,2.056548e+01,2.059340e+01,2.053057e+01,2.053057e+01,2.055850e+01,2.052358e+01,2.054453e+01,2.050961e+01,2.053057e+01,2.050961e+01,2.053755e+01,2.048865e+01,2.046769e+01,2.043274e+01,2.042575e+01,2.041875e+01,2.041875e+01,2.047468e+01,2.051660e+01,2.046070e+01,2.050262e+01,2.046769e+01,2.046769e+01,2.043274e+01,2.044672e+01,2.044672e+01,2.015971e+01,2.019476e+01,2.025080e+01,2.004047e+01,2.006854e+01,1.998431e+01,2.004749e+01,2.004047e+01,2.002643e+01,2.005451e+01,2.006854e+01,2.013868e+01,2.023680e+01,2.009660e+01,2.015971e+01,2.010362e+01,2.007556e+01,2.006152e+01,1.995621e+01,2.002643e+01,2.005451e+01,2.008959e+01,2.005451e+01,2.008257e+01,2.013868e+01,2.016672e+01,2.034881e+01,2.022278e+01,2.034181e+01,2.036980e+01,2.050961e+01,2.055152e+01,2.043973e+01,2.050961e+01,2.059340e+01,2.055850e+01,2.057944e+01,2.053755e+01,2.053057e+01,2.057246e+01,2.051660e+01,2.048865e+01,2.059340e+01,2.053057e+01,2.060039e+01,2.044672e+01,2.046070e+01,2.043973e+01,2.040477e+01,2.048865e+01,2.042575e+01,2.043274e+01,2.046769e+01,2.048865e+01,2.043973e+01,2.050961e+01,2.050262e+01,2.041176e+01,2.040477e+01,2.050262e+01,2.039778e+01,2.040477e+01,2.046070e+01,2.040477e+01,2.042575e+01,2.048865e+01,2.051660e+01,2.048865e+01,2.054453e+01,2.060039e+01,2.059340e+01,2.051660e+01,2.060736e+01,2.069108e+01,2.076775e+01,2.087918e+01,2.076079e+01,2.089310e+01,2.088614e+01,2.090006e+01,2.080955e+01,2.081652e+01,2.095572e+01,2.083045e+01,2.094876e+01,2.083741e+01,2.086526e+01,2.080955e+01,2.088614e+01,2.083045e+01,2.085134e+01,2.083741e+01,2.085830e+01,2.089310e+01,2.086526e+01,2.089310e+01,2.085134e+01,2.076775e+01,2.085134e+01,2.059340e+01,2.073988e+01,2.063528e+01,2.078866e+01,2.083045e+01,2.080259e+01,2.082348e+01,2.074685e+01,2.086526e+01,2.080955e+01,2.083045e+01,2.084437e+01,2.083741e+01,2.086526e+01,2.083045e+01,2.068410e+01,2.076079e+01,2.077472e+01,2.073291e+01,2.078169e+01,2.072594e+01,2.076079e+01,2.078169e+01,2.069108e+01,2.082348e+01,2.068410e+01,2.086526e+01,2.073988e+01,2.085830e+01,2.076079e+01,2.078866e+01,2.084437e+01,2.076775e+01,2.067713e+01,2.083045e+01,2.078866e+01,2.080955e+01,2.083741e+01,2.077472e+01,2.087222e+01,2.065621e+01,2.086526e+01,2.078169e+01,2.077472e+01,2.080955e+01,2.076775e+01,2.085134e+01,2.089310e+01,2.087918e+01,2.066318e+01,2.063528e+01,2.067713e+01,2.070502e+01,2.067713e+01,2.060736e+01,2.059340e+01,2.060736e+01,2.054453e+01,2.063528e+01,2.109472e+01,2.094876e+01,2.064225e+01,2.078866e+01,2.097658e+01,2.073291e+01,2.075382e+01,2.075382e+01,2.076079e+01,2.066318e+01
2.076079e+01,2.074685e+01,2.077472e+01,2.073291e+01,2.077472e+01,2.078866e+01,2.074685e+01,2.085134e+01,2.076079e+01,2.073988e+01,2.076079e+01,2.091398e+01,2.078866e+01,2.075382e+01,2.073988e+01,2.064923e+01,2.067713e+01,2.074685e+01,2.075382e+01,2.064225e+01,2.052358e+01,2.056548e+01,2.061434e+01,2.050961e+01,2.047468e+01,2.047468e+01,2.055152e+01,2.046769e+01,2.048166e+01,2.051660e+01,2.057944e+01,2.053755e+01,2.052358e+01,2.067016e+01,2.053755e+01,2.052358e+01,2.053755e+01,2.053057e+01,2.041176e+01,2.050961e+01,2.044672e+01,2.052358e+01,2.042575e+01,2.045371e+01,2.056548e+01,2.051660e+01,2.048166e+01,2.051660e+01,2.046769e+01,2.052358e+01,2.043274e+01,2.049564e+01,2.044672e+01,2.051660e+01,2.058643e+01,2.050262e+01,2.051660e+01,2.050961e+01,2.053755e+01,2.063528e+01,2.055152e+01,2.051660e+01,2.055152e+01,2.063528e+01,2.065621e+01,2.070502e+01,2.061434e+01,2.061434e+01,2.063528e+01,2.067713e+01,2.057246e+01,2.067016e+01,2.065621e+01,2.057246e+01,2.056548e+01,2.060736e+01,2.053057e+01,2.060736e+01,2.067713e+01,2.070502e+01,2.066318e+01,2.060039e+01,2.058643e+01,2.058643e+01,2.061434e+01,2.065621e+01,2.066318e+01,2.059340e+01,2.061434e+01,2.060736e+01,2.069108e+01,2.062132e+01,2.069805e+01,2.070502e+01,2.070502e+01,2.067016e+01,2.068410e+01,2.069108e+01,2.060736e+01,2.061434e+01,2.060039e+01,2.066318e+01,2.062830e+01,2.059340e+01,2.064225e+01,2.064225e+01,2.057944e+01,2.060039e+01,2.059340e+01,2.064923e+01,2.073988e+01,2.068410e+01,2.078169e+01,2.073988e+01,2.081652e+01,2.068410e+01,2.062830e+01,2.073291e+01,2.070502e+01,2.055850e+01,2.057944e+01,2.075382e+01,2.057944e+01,2.062830e+01,2.059340e+01,2.060039e+01,2.050961e+01,2.053755e+01,2.060736e+01,2.050961e+01,2.062830e+01,2.071200e+01,2.051660e+01,2.058643e+01,2.038379e+01,2.053057e+01,2.060736e+01,2.054453e+01,2.056548e+01,2.056548e+01,2.067016e+01,2.064225e+01,2.055152e+01,2.069805e+01,2.061434e+01,2.067713e+01,2.069805e+01,2.069805e+01,2.064923e+01,2.060039e+01,2.066318e+01,2.067713e+01,2.062132e+01,2.063528e+01,2.063528e+01,2.067713e+01,2.069108e+01,2.065621e+01,2.052358e+01,2.064225e+01,2.067713e+01,2.067713e+01,2.070502e+01,2.067713e+01,2.059340e+01,2.061434e+01,2.070502e+01,2.064225e+01,2.066318e+01,2.061434e+01,2.062830e+01,2.053057e+01,2.063528e+01,2.053755e+01,2.055152e+01,2.055152e+01,2.055152e+01,2.059340e+01,2.053755e+01,2.071200e+01,2.069108e+01,2.057246e+01,2.069108e+01,2.069805e+01,2.065621e+01,2.068410e+01,2.067713e+01,2.069805e+01,2.057944e+01,2.068410e+01,2.070502e+01,2.067713e+01,2.073291e+01,2.078169e+01,2.068410e+01,2.062830e+01,2.067713e+01,2.064923e+01,2.062830e+01,2.065621e+01,2.076079e+01,2.072594e+01,2.085134e+01,2.064225e+01,2.066318e+01,2.064923e+01,2.062830e+01,2.067713e+01,2.057246e+01,2.057246e+01,2.054453e+01,2.053755e+01,2.046769e+01,2.035581e+01,2.037679e+01,2.034181e+01,2.054453e+01,2.041875e+01,2.059340e+01,2.056548e+01,2.060736e+01,2.060039e+01,2.062830e+01,2.062830e+01,2.055152e+01,2.062132e+01,2.064923e+01,2.061434e+01,2.063528e+01,2.062830e+01,2.071200e+01,2.062830e+01,2.068410e+01,2.068410e+01,2.073988e+01,2.076079e+01,2.066318e+01,2.078169e+01,2.067016e+01,2.069108e+01,2.074685e+01,2.080955e+01,2.079562e+01,2.073291e+01,2.073988e+01,2.074685e+01,2.072594e+01,2.064225e+01,2.073291e+01,2.077472e+01,2.073291e+01,2.080955e+01,2.065621e+01,2.078169e+01,2.076775e+01,2.079562e+01,2.073988e+01,2.079562e+01,2.075382e+01,2.074685e+01,2.068410e+01,2.069108e+01,2.075382e+01,2.080955e+01,2.067016e+01,2.076775e+01,2.074685e+01,2.076775e+01,2.067713e+01,2.077472e+01,2.076775e+01,2.077472e+01,2.076079e+01,2.083045e+01,2.079562e+01,2.071200e+01,2.079562e+01,2.078169e+01,2.085830e+01,2.078169e+01,2.078169e+01,2.078169e+01,2.078169e+01,2.073291e+01,2.084437e+01,2.073291e+01,2.073291e+01,2.077472e+01,2.077472e+01,2.076079e+01,2.079562e+01,2.073291e+01,2.077472e+01,2.073291e+01,2.069108e+01,2.078169e+01,2.076775e+01,2.077472e+01,2.073291e+01,2.071897e+01,2.081652e+01,2.073988e+01,2.073291e+01,2.077472e+01,2.070502e+01,2.076079e+01,2.069108e+01,2.079562e+01,2.078169e+01,2.078169e+01,2.057944e+01,2.064225e+01,2.059340e+01,2.079562e+01,2.080259e+01,2.085830e+01,2.083045e+01,2.083741e+01,2.081652e+01,2.054453e+01,2.076079e+01,2.053755e+01,2.027181e+01,2.024380e+01,2.025781e+01,2.018775e+01,2.029282e+01,2.011764e+01,2.021578e+01,2.043973e+01,2.053057e+01,2.046070e+01,2.057246e+01,2.061434e+01,2.068410e+01,2.076775e+01,2.073291e+01,2.063528e+01,2.065621e+01,2.061434e+01,2.078866e+01,2.078866e+01,2.073988e+01,2.071897e+01,2.072594e+01,2.074685e+01,2.077472e+01,2.069805e+01,2.073291e+01,2.064923e+01,2.074685e+01,2.080955e+01,2.081652e+01,2.066318e+01,2.071897e+01,2.074685e+01,2.074685e+01,2.076079e+01,2.068410e+01,2.071200e+01,2.062830e+01,2.076775e+01,2.074685e+01,2.071200e+01,2.073988e+01,2.078169e+01,2.084437e+01,2.069805e+01,2.068410e+01,2.075382e+01,2.069108e+01,2.065621e+01,2.071897e+01,2.065621e+01,2.076775e+01,2.064225e+01,2.070502e+01,2.071200e+01,2.071897e+01,2.076079e+01,2.069108e+01,2.071897e+01,2.080259e+01,2.079562e+01,2.075382e+01,2.073291e+01,2.083741e+01,2.071897e+01,2.069805e+01,2.068410e+01,2.070502e+01,2.066318e+01,2.070502e+01,2.063528e+01,2.064923e+01,2.058643e+01,2.062830e+01,2.071897e+01,2.066318e+01,2.068410e+01,2.065621e+01,2.063528e+01,2.060039e+01,2.063528e+01,2.064225e+01,2.050262e+01,2.048865e+01,2.048865e+01,2.055152e+01,2.062830e+01,2.054453e+01,2.060039e+01,2.054453e+01,2.055850e+01,2.051660e+01,2.052358e+01,2.067016e+01,2.067713e+01,2.068410e+01,2.071200e+01,2.069805e+01,2.064923e+01,2.062132e+01,2.065621e+01,2.068410e+01,2.065621e+01,2.071200e+01,2.055152e+01,2.069108e+01,2.060736e+01,2.061434e+01,2.059340e+01,2.053755e+01,2.053057e+01,2.051660e+01,2.048865e+01,2.054453e+01,2.049564e+01,2.064225e+01,2.053057e+01,2.047468e+01,2.051660e+01,2.049564e+01,2.055850e+01,2.053755e+01,2.060736e+01,2.059340e+01,2.055850e+01,2.056548e+01,2.045371e+01,2.050262e+01,2.049564e+01,2.054453e+01,2.052358e+01,2.048865e+01,2.053057e+01,2.048865e+01,2.046769e+01,2.041176e+01,2.036280e+01,2.045371e+01,2.033481e+01,2.039778e+01,2.041176e+01,2.050961e+01,2.046070e+01,2.046070e+01,2.049564e+01,2.050961e+01,2.046769e+01,2.051660e+01,2.048166e+01,2.034881e+01,2.033481e+01,2.013868e+01,2.010362e+01,2.008959e+01,2.004749e+01,2.009660e+01,2.010362e+01,2.007556e+01,2.004749e+01,2.025781e+01,2.016672e+01,2.008959e+01,2.016672e+01,2.011063e+01,2.010362e+01,2.009660e+01,2.002643e+01,2.011764e+01,2.008959e+01,2.007556e+01,2.022278e+01,2.006854e+01,2.015971e+01,2.003345e+01,2.014569e+01,2.016672e+01,2.019476e+01,2.025781e+01,2.034181e+01,2.036980e+01,2.046769e+01,2.046769e+01,2.045371e+01,2.028582e+01,2.036980e+01,2.053755e+01,2.054453e+01,2.053057e+01,2.056548e+01,2.048865e+01,2.044672e+01,2.051660e+01,2.047468e+01,2.055152e+01,2.059340e+01,2.048865e+01,2.059340e+01,2.041176e+01,2.050262e+01,2.053057e+01,2.049564e+01,2.044672e+01,2.053057e+01,2.044672e+01,2.046769e+01,2.046769e+01,2.034181e+01,2.034181e+01,2.048865e+01,2.052358e+01,2.050262e+01,2.046070e+01,2.046769e+01,2.055152e+01,2.048865e+01,2.038379e+01,2.055850e+01,2.048166e+01,2.052358e+01,2.054453e+01,2.060039e+01,2.067016e+01,2.074685e+01,2.088614e+01,2.090702e+01,2.087918e+01,2.078169e+01,2.083741e+01,2.090006e+01,2.084437e+01,2.080955e+01,2.085134e+01,2.090006e+01,2.085830e+01,2.090702e+01,2.085830e+01,2.086526e+01,2.091398e+01,2.083045e+01,2.094180e+01,2.087222e+01,2.087918e+01,2.084437e+01,2.078866e+01,2.076079e+01,2.084437e+01,2.080955e+01,2.080259e+01,2.078866e+01,2.079562e+01,2.082348e+01,2.086526e+01,2.083741e+01,2.075382e+01,2.082348e+01,2.081652e+01,2.092789e+01,2.078169e+01,2.078866e+01,2.070502e+01,2.086526e+01,2.073988e+01,2.077472e+01,2.075382e+01,2.087222e+01,2.073988e+01,2.065621e+01,2.069805e+01,2.076775e+01,2.075382e+01,2.072594e+01,2.085134e+01,2.084437e+01,2.087222e+01,2.077472e+01,2.065621e+01,2.076079e+01,2.073291e+01,2.079562e+01,2.064923e+01,2.074685e+01,2.069805e+01,2.076079e+01,2.077472e+01,2.079562e+01,2.080259e+01,2.085134e+01,2.085134e+01,2.076775e+01,2.077472e+01,2.073988e+01,2.073291e+01,2.078169e+01,2.080955e+01,2.071897e+01,2.076079e+01,2.078866e+01,2.070502e+01,2.062132e+01,2.072594e+01,2.073988e+01,2.064923e+01,2.073291e+01,2.053755e+01,2.067713e+01,2.059340e+01,2.083741e+01,2.112250e+01,2.096962e+01,2.078866e+01,2.083045e+01,2.089310e+01,2.073291e+01,2.095572e+01,2.072594e+01,2.076079e+01,2.073291e+01
2.078169e+01,2.078169e+01,2.084437e+01,2.078169e+01,2.084437e+01,2.073988e+01,2.077472e+01,2.073291e+01,2.072594e+01,2.076079e+01,2.078169e+01,2.077472e+01,2.080955e+01,2.069805e+01,2.080955e+01,2.075382e+01,2.071200e+01,2.067713e+01,2.069805e+01,2.071897e+01,2.059340e+01,2.055850e+01,2.058643e+01,2.063528e+01,2.049564e+01,2.064225e+01,2.051660e+01,2.047468e+01,2.053755e+01,2.050262e+01,2.057944e+01,2.053755e+01,2.055850e+01,2.064923e+01,2.060039e+01,2.055850e+01,2.054453e+01,2.055850e+01,2.050961e+01,2.056548e+01,2.045371e+01,2.054453e+01,2.050262e+01,2.043973e+01,2.050961e+01,2.054453e+01,2.055850e+01,2.042575e+01,2.062830e+01,2.042575e+01,2.041875e+01,2.050961e+01,2.055850e+01,2.057944e+01,2.055152e+01,2.052358e+01,2.057944e+01,2.058643e+01,2.063528e+01,2.056548e+01,2.064923e+01,2.063528e+01,2.068410e+01,2.070502e+01,2.061434e+01,2.062830e+01,2.062132e+01,2.062132e+01,2.055850e+01,2.053755e+01,2.064923e+01,2.062132e+01,2.062830e+01,2.060039e+01,2.061434e+01,2.066318e+01,2.056548e+01,2.065621e+01,2.056548e+01,2.069108e+01,2.069108e+01,2.060736e+01,2.072594e+01,2.059340e+01,2.068410e+01,2.055850e+01,2.067016e+01,2.061434e+01,2.066318e+01,2.069108e+01,2.066318e+01,2.064923e+01,2.069805e+01,2.060039e+01,2.066318e+01,2.069805e+01,2.069805e+01,2.067016e+01,2.064225e+01,2.065621e+01,2.071897e+01,2.065621e+01,2.068410e+01,2.068410e+01,2.066318e+01,2.058643e+01,2.071897e+01,2.062830e+01,2.062830e+01,2.066318e+01,2.080259e+01,2.069108e+01,2.071897e+01,2.057944e+01,2.068410e+01,2.083045e+01,2.064225e+01,2.067713e+01,2.072594e+01,2.054453e+01,2.056548e+01,2.058643e+01,2.057944e+01,2.057944e+01,2.055850e+01,2.061434e+01,2.053057e+01,2.057246e+01,2.060736e+01,2.048865e+01,2.055152e+01,2.056548e+01,2.055152e+01,2.059340e+01,2.050262e+01,2.055850e+01,2.054453e+01,2.055152e+01,2.059340e+01,2.063528e+01,2.064923e+01,2.059340e+01,2.062132e+01,2.062132e+01,2.061434e+01,2.068410e+01,2.060736e+01,2.067016e+01,2.062132e+01,2.064225e+01,2.062132e+01,2.067713e+01,2.064923e+01,2.065621e+01,2.076775e+01,2.063528e+01,2.062830e+01,2.061434e+01,2.053057e+01,2.067016e+01,2.067016e+01,2.060039e+01,2.072594e+01,2.071200e+01,2.061434e+01,2.067713e+01,2.056548e+01,2.067713e+01,2.065621e+01,2.064225e+01,2.057944e+01,2.061434e+01,2.064225e+01,2.064923e+01,2.066318e+01,2.061434e+01,2.066318e+01,2.057944e+01,2.072594e+01,2.075382e+01,2.069108e+01,2.068410e+01,2.068410e+01,2.069108e+01,2.076079e+01,2.072594e+01,2.087918e+01,2.074685e+01,2.069108e+01,2.069805e+01,2.070502e+01,2.064923e+01,2.085134e+01,2.075382e+01,2.069108e+01,2.064225e+01,2.070502e+01,2.064923e+01,2.073291e+01,2.075382e+01,2.076079e+01,2.072594e+01,2.076079e+01,2.064225e+01,2.064225e+01,2.077472e+01,2.065621e+01,2.063528e+01,2.048865e+01,2.057246e+01,2.056548e+01,2.057944e+01,2.056548e+01,2.038379e+01,2.051660e+01,2.041875e+01,2.048865e+01,2.056548e+01,2.060039e+01,2.060736e+01,2.062830e+01,2.061434e+01,2.061434e+01,2.064225e+01,2.065621e+01,2.067713e+01,2.068410e+01,2.071897e+01,2.065621e+01,2.067016e+01,2.070502e+01,2.069108e+01,2.069108e+01,2.064923e+01,2.066318e+01,2.068410e+01,2.067016e+01,2.067713e+01,2.076079e+01,2.069108e+01,2.076079e+01,2.081652e+01,2.076775e+01,2.073988e+01,2.075382e+01,2.075382e+01,2.069108e+01,2.075382e+01,2.078866e+01,2.070502e+01,2.078866e+01,2.076079e+01,2.073988e+01,2.065621e+01,2.069108e+01,2.066318e+01,2.072594e+01,2.073291e+01,2.071897e+01,2.077472e+01,2.080259e+01,2.074685e+01,2.085134e+01,2.078169e+01,2.078169e+01,2.087918e+01,2.078866e+01,2.076079e+01,2.080955e+01,2.066318e+01,2.079562e+01,2.067016e+01,2.078866e+01,2.066318e+01,2.073988e+01,2.074685e+01,2.083045e+01,2.071897e+01,2.079562e+01,2.076775e+01,2.072594e+01,2.078866e+01,2.080955e+01,2.077472e+01,2.076079e+01,2.073988e+01,2.076775e+01,2.076079e+01,2.073291e+01,2.077472e+01,2.079562e+01,2.080955e+01,2.078169e+01,2.078866e+01,2.076775e+01,2.074685e+01,2.071897e+01,2.078169e+01,2.083741e+01,2.083045e+01,2.078169e+01,2.071897e+01,2.066318e+01,2.069805e+01,2.085134e+01,2.078169e+01,2.072594e+01,2.064225e+01,2.065621e+01,2.075382e+01,2.086526e+01,2.077472e+01,2.078169e+01,2.073291e+01,2.078866e+01,2.079562e+01,2.080955e+01,2.078169e+01,2.089310e+01,2.070502e+01,2.078169e+01,2.074685e+01,2.048166e+01,2.025781e+01,2.018775e+01,2.006854e+01,2.040477e+01,2.015270e+01,2.046070e+01,2.044672e+01,2.055850e+01,2.065621e+01,2.070502e+01,2.070502e+01,2.071897e+01,2.074685e+01,2.074685e+01,2.076079e+01,2.084437e+01,2.069805e+01,2.080955e+01,2.076079e+01,2.071200e+01,2.072594e+01,2.070502e+01,2.073988e+01,2.075382e+01,2.076775e+01,2.075382e+01,2.070502e+01,2.071897e+01,2.073291e+01,2.076775e+01,2.076775e+01,2.078866e+01,2.072594e+01,2.076775e+01,2.078866e+01,2.076775e+01,2.076079e+01,2.076775e+01,2.068410e+01,2.080955e+01,2.083741e+01,2.069805e+01,2.064225e+01,2.071897e+01,2.073291e+01,2.080259e+01,2.076775e+01,2.070502e+01,2.075382e+01,2.076079e+01,2.073291e+01,2.076775e+01,2.070502e+01,2.071200e+01,2.074685e+01,2.069805e+01,2.078169e+01,2.078866e+01,2.070502e+01,2.067713e+01,2.070502e+01,2.071200e+01,2.083741e+01,2.072594e+01,2.085134e+01,2.070502e+01,2.077472e+01,2.076079e+01,2.076775e+01,2.074685e+01,2.071897e+01,2.069108e+01,2.066318e+01,2.078169e+01,2.069805e+01,2.075382e+01,2.075382e+01,2.059340e+01,2.058643e+01,2.064225e+01,2.061434e+01,2.064225e+01,2.066318e+01,2.068410e+01,2.053755e+01,2.050961e+01,2.057246e+01,2.060736e+01,2.053057e+01,2.058643e+01,2.052358e+01,2.065621e+01,2.056548e+01,2.064923e+01,2.068410e+01,2.062830e+01,2.071897e+01,2.068410e+01,2.062830e+01,2.066318e+01,2.071897e+01,2.068410e+01,2.064225e+01,2.058643e+01,2.057944e+01,2.069805e+01,2.062830e+01,2.064923e+01,2.053755e+01,2.061434e+01,2.053057e+01,2.065621e+01,2.053057e+01,2.056548e+01,2.060039e+01,2.052358e+01,2.053755e+01,2.061434e+01,2.051660e+01,2.064225e+01,2.049564e+01,2.050961e+01,2.056548e+01,2.060039e+01,2.057944e+01,2.055850e+01,2.052358e+01,2.050262e+01,2.069108e+01,2.059340e+01,2.055152e+01,2.053057e+01,2.064225e+01,2.048865e+01,2.050262e+01,2.041875e+01,2.044672e+01,2.040477e+01,2.042575e+01,2.030682e+01,2.034881e+01,2.047468e+01,2.037679e+01,2.046070e+01,2.040477e+01,2.047468e+01,2.045371e+01,2.036980e+01,2.045371e+01,2.033481e+01,2.032082e+01,2.026481e+01,2.020877e+01,2.013167e+01,2.008959e+01,2.011063e+01,2.011764e+01,2.022278e+01,2.004749e+01,2.008257e+01,2.014569e+01,2.015971e+01,2.022278e+01,2.018775e+01,2.007556e+01,2.011764e+01,2.011063e+01,2.010362e+01,2.015971e+01,2.019476e+01,2.008959e+01,2.011063e+01,2.010362e+01,2.010362e+01,2.008257e+01,2.029982e+01,2.021578e+01,2.030682e+01,2.039078e+01,2.031382e+01,2.041875e+01,2.041875e+01,2.057944e+01,2.054453e+01,2.049564e+01,2.054453e+01,2.055850e+01,2.055152e+01,2.056548e+01,2.050262e+01,2.053057e+01,2.048865e+01,2.050961e+01,2.046070e+01,2.046769e+01,2.045371e+01,2.061434e+01,2.046070e+01,2.047468e+01,2.039778e+01,2.053057e+01,2.041176e+01,2.055850e+01,2.060736e+01,2.049564e+01,2.050961e+01,2.038379e+01,2.035581e+01,2.034881e+01,2.034181e+01,2.043274e+01,2.045371e+01,2.050961e+01,2.054453e+01,2.045371e+01,2.060736e+01,2.036980e+01,2.054453e+01,2.060736e+01,2.060039e+01,2.057246e+01,2.065621e+01,2.085134e+01,2.097658e+01,2.083045e+01,2.090006e+01,2.093485e+01,2.096962e+01,2.099048e+01,2.091398e+01,2.099048e+01,2.090006e+01,2.112250e+01,2.088614e+01,2.083741e+01,2.088614e+01,2.083045e+01,2.097658e+01,2.083045e+01,2.109472e+01,2.086526e+01,2.084437e+01,2.089310e+01,2.083741e+01,2.085134e+01,2.069805e+01,2.085134e+01,2.076775e+01,2.078866e+01,2.080955e+01,2.080259e+01,2.078169e+01,2.073988e+01,2.076775e+01,2.082348e+01,2.083741e+01,2.084437e+01,2.082348e+01,2.090006e+01,2.076079e+01,2.087918e+01,2.086526e+01,2.087918e+01,2.083741e+01,2.075382e+01,2.079562e+01,2.073988e+01,2.072594e+01,2.074685e+01,2.077472e+01,2.085134e+01,2.083045e+01,2.076079e+01,2.080259e+01,2.078169e+01,2.073291e+01,2.079562e+01,2.080955e+01,2.064923e+01,2.065621e+01,2.081652e+01,2.080259e+01,2.073988e+01,2.074685e+01,2.076775e+01,2.078169e+01,2.057944e+01,2.083741e+01,2.087222e+01,2.087222e+01,2.083045e+01,2.083045e+01,2.080955e+01,2.085830e+01,2.087222e+01,2.087222e+01,2.076775e+01,2.056548e+01,2.061434e+01,2.073291e+01,2.076775e+01,2.071897e+01,2.075382e+01,2.054453e+01,2.055850e+01,2.072594e+01,2.069108e+01,2.111555e+01,2.097658e+01,2.075382e+01,2.086526e+01,2.074685e+01,2.073988e+01,2.087918e+01,2.078169e+01,2.074685e+01,2.088614e+01
2.095572e+01,2.078169e+01,2.087918e+01,2.081652e+01,2.071200e+01,2.077472e+01,2.090006e+01,2.076775e+01,2.083045e+01,2.077472e+01,2.085830e+01,2.078169e+01,2.082348e+01,2.073291e+01,2.093485e+01,2.075382e+01,2.067713e+01,2.065621e+01,2.061434e+01,2.062830e+01,2.048865e+01,2.063528e+01,2.049564e+01,2.054453e+01,2.054453e+01,2.041875e+01,2.046769e+01,2.045371e+01,2.049564e+01,2.060039e+01,2.065621e+01,2.052358e+01,2.058643e+01,2.050961e+01,2.054453e+01,2.062830e+01,2.066318e+01,2.062132e+01,2.055850e+01,2.056548e+01,2.053755e+01,2.050961e+01,2.047468e+01,2.056548e+01,2.049564e+01,2.056548e+01,2.055152e+01,2.053755e+01,2.046769e+01,2.050262e+01,2.056548e+01,2.055152e+01,2.059340e+01,2.057944e+01,2.057246e+01,2.055152e+01,2.058643e+01,2.061434e+01,2.053755e+01,2.057944e+01,2.057246e+01,2.065621e+01,2.064225e+01,2.068410e+01,2.064225e+01,2.063528e+01,2.062830e+01,2.070502e+01,2.069805e+01,2.060039e+01,2.074685e+01,2.059340e+01,2.063528e+01,2.065621e+01,2.064225e+01,2.064225e+01,2.060736e+01,2.068410e+01,2.071200e+01,2.058643e+01,2.069805e+01,2.060039e+01,2.056548e+01,2.068410e+01,2.070502e+01,2.065621e+01,2.060039e+01,2.064923e+01,2.062132e+01,2.085830e+01,2.065621e+01,2.064923e+01,2.070502e+01,2.071200e+01,2.073291e+01,2.071897e+01,2.062132e+01,2.071200e+01,2.069805e+01,2.068410e+01,2.067713e+01,2.069805e+01,2.071897e+01,2.072594e+01,2.071200e+01,2.074685e+01,2.074685e+01,2.072594e+01,2.067713e+01,2.067016e+01,2.070502e+01,2.066318e+01,2.068410e+01,2.069108e+01,2.065621e+01,2.057944e+01,2.068410e+01,2.069805e+01,2.070502e+01,2.055850e+01,2.058643e+01,2.059340e+01,2.057246e+01,2.057246e+01,2.056548e+01,2.062132e+01,2.059340e+01,2.052358e+01,2.055152e+01,2.041875e+01,2.053057e+01,2.039078e+01,2.054453e+01,2.057944e+01,2.043973e+01,2.050262e+01,2.058643e+01,2.055850e+01,2.058643e+01,2.057246e+01,2.053057e+01,2.058643e+01,2.064923e+01,2.069805e+01,2.066318e+01,2.062132e+01,2.067713e+01,2.063528e+01,2.067016e+01,2.058643e+01,2.060736e+01,2.068410e+01,2.077472e+01,2.076079e+01,2.066318e+01,2.064923e+01,2.064225e+01,2.064923e+01,2.066318e+01,2.062830e+01,2.070502e+01,2.060039e+01,2.069108e+01,2.073988e+01,2.055152e+01,2.067016e+01,2.062132e+01,2.066318e+01,2.064923e+01,2.055152e+01,2.067713e+01,2.049564e+01,2.067016e+01,2.059340e+01,2.065621e+01,2.062132e+01,2.064923e+01,2.062830e+01,2.076079e+01,2.071200e+01,2.076079e+01,2.060039e+01,2.064923e+01,2.076079e+01,2.071200e+01,2.073988e+01,2.078169e+01,2.070502e+01,2.070502e+01,2.071897e+01,2.076079e+01,2.066318e+01,2.070502e+01,2.069805e+01,2.075382e+01,2.071897e+01,2.073988e+01,2.077472e+01,2.080259e+01,2.078866e+01,2.078169e+01,2.074685e+01,2.073988e+01,2.076079e+01,2.067713e+01,2.065621e+01,2.080955e+01,2.064225e+01,2.060736e+01,2.060039e+01,2.060736e+01,2.050961e+01,2.054453e+01,2.057246e+01,2.056548e+01,2.055850e+01,2.055152e+01,2.062830e+01,2.067713e+01,2.070502e+01,2.064225e+01,2.060039e+01,2.064923e+01,2.067016e+01,2.083045e+01,2.067713e+01,2.069108e+01,2.067713e+01,2.073988e+01,2.070502e+01,2.070502e+01,2.074685e+01,2.071897e+01,2.069108e+01,2.081652e+01,2.065621e+01,2.076079e+01,2.085134e+01,2.078866e+01,2.071897e+01,2.076775e+01,2.073988e+01,2.078866e+01,2.080955e+01,2.074685e+01,2.083045e+01,2.079562e+01,2.078169e+01,2.082348e+01,2.079562e+01,2.081652e+01,2.080955e+01,2.081652e+01,2.075382e+01,2.069805e+01,2.070502e+01,2.073988e+01,2.075382e+01,2.073291e+01,2.075382e+01,2.085134e+01,2.078866e+01,2.075382e+01,2.076079e+01,2.086526e+01,2.076079e+01,2.078169e+01,2.076775e+01,2.080955e+01,2.066318e+01,2.079562e+01,2.069805e+01,2.078169e+01,2.067016e+01,2.073291e+01,2.078169e+01,2.083741e+01,2.078169e+01,2.080259e+01,2.078169e+01,2.074685e+01,2.082348e+01,2.077472e+01,2.073988e+01,2.075382e+01,2.071200e+01,2.071897e+01,2.071897e+01,2.075382e+01,2.077472e+01,2.077472e+01,2.077472e+01,2.082348e+01,2.080955e+01,2.078169e+01,2.083045e+01,2.091398e+01,2.092789e+01,2.081652e+01,2.071897e+01,2.077472e+01,2.076079e+01,2.077472e+01,2.082348e+01,2.088614e+01,2.079562e+01,2.079562e+01,2.077472e+01,2.077472e+01,2.071200e+01,2.073988e+01,2.084437e+01,2.075382e+01,2.077472e+01,2.077472e+01,2.079562e+01,2.079562e+01,2.075382e+01,2.076775e+01,2.078169e+01,2.076775e+01,2.079562e+01,2.053755e+01,2.027181e+01,2.027881e+01,2.038379e+01,2.043973e+01,2.040477e+01,2.043973e+01,2.067713e+01,2.051660e+01,2.070502e+01,2.071200e+01,2.071200e+01,2.081652e+01,2.073988e+01,2.075382e+01,2.081652e+01,2.077472e+01,2.073291e+01,2.076079e+01,2.075382e+01,2.071897e+01,2.080259e+01,2.078169e+01,2.074685e+01,2.074685e+01,2.076775e+01,2.076775e+01,2.078169e+01,2.083741e+01,2.082348e+01,2.080259e+01,2.083045e+01,2.076079e+01,2.083045e+01,2.070502e+01,2.079562e+01,2.076079e+01,2.080955e+01,2.073988e+01,2.078169e+01,2.083741e+01,2.078169e+01,2.074685e+01,2.069805e+01,2.073291e+01,2.071200e+01,2.073291e+01,2.078169e+01,2.071200e+01,2.067016e+01,2.076775e+01,2.075382e+01,2.075382e+01,2.080955e+01,2.076775e+01,2.083045e+01,2.072594e+01,2.070502e+01,2.079562e+01,2.078866e+01,2.085134e+01,2.073988e+01,2.071897e+01,2.092789e+01,2.088614e+01,2.066318e+01,2.081652e+01,2.078866e+01,2.071897e+01,2.074685e+01,2.073291e+01,2.069108e+01,2.068410e+01,2.073988e+01,2.071200e+01,2.071897e+01,2.070502e+01,2.068410e+01,2.069108e+01,2.066318e+01,2.069108e+01,2.067016e+01,2.063528e+01,2.065621e+01,2.055152e+01,2.067016e+01,2.061434e+01,2.048166e+01,2.052358e+01,2.055850e+01,2.060039e+01,2.049564e+01,2.056548e+01,2.065621e+01,2.066318e+01,2.060039e+01,2.067713e+01,2.069108e+01,2.071200e+01,2.072594e+01,2.064923e+01,2.069805e+01,2.077472e+01,2.077472e+01,2.062830e+01,2.067713e+01,2.066318e+01,2.067016e+01,2.053057e+01,2.065621e+01,2.056548e+01,2.064225e+01,2.057246e+01,2.062830e+01,2.053755e+01,2.053057e+01,2.053057e+01,2.058643e+01,2.053755e+01,2.055850e+01,2.061434e+01,2.060736e+01,2.062132e+01,2.062132e+01,2.062830e+01,2.053057e+01,2.057246e+01,2.057246e+01,2.055152e+01,2.060736e+01,2.069805e+01,2.056548e+01,2.060736e+01,2.055152e+01,2.051660e+01,2.050262e+01,2.047468e+01,2.036980e+01,2.043973e+01,2.029982e+01,2.038379e+01,2.048166e+01,2.044672e+01,2.037679e+01,2.041875e+01,2.039078e+01,2.050961e+01,2.046070e+01,2.048166e+01,2.046769e+01,2.039778e+01,2.042575e+01,2.029282e+01,2.020877e+01,2.008959e+01,2.015270e+01,2.019476e+01,2.018074e+01,2.007556e+01,2.027881e+01,2.027181e+01,2.018074e+01,2.020877e+01,2.020177e+01,2.018775e+01,2.018775e+01,2.022979e+01,2.015971e+01,2.013868e+01,2.010362e+01,2.013868e+01,2.010362e+01,2.019476e+01,2.001941e+01,2.015270e+01,2.015270e+01,2.018775e+01,2.018074e+01,2.021578e+01,2.021578e+01,2.028582e+01,2.041176e+01,2.032082e+01,2.046070e+01,2.055152e+01,2.061434e+01,2.047468e+01,2.060039e+01,2.059340e+01,2.057944e+01,2.049564e+01,2.050262e+01,2.049564e+01,2.053057e+01,2.048865e+01,2.046769e+01,2.048166e+01,2.047468e+01,2.045371e+01,2.046769e+01,2.040477e+01,2.051660e+01,2.050961e+01,2.048166e+01,2.053057e+01,2.050961e+01,2.048166e+01,2.050262e+01,2.041875e+01,2.045371e+01,2.041176e+01,2.043973e+01,2.045371e+01,2.050961e+01,2.060736e+01,2.051660e+01,2.043274e+01,2.059340e+01,2.050961e+01,2.063528e+01,2.052358e+01,2.062132e+01,2.062830e+01,2.078169e+01,2.090702e+01,2.089310e+01,2.089310e+01,2.096962e+01,2.099048e+01,2.099048e+01,2.101134e+01,2.100439e+01,2.095572e+01,2.090702e+01,2.088614e+01,2.090702e+01,2.092093e+01,2.086526e+01,2.095572e+01,2.093485e+01,2.093485e+01,2.094876e+01,2.089310e+01,2.084437e+01,2.080259e+01,2.085830e+01,2.085134e+01,2.083045e+01,2.081652e+01,2.088614e+01,2.087222e+01,2.094180e+01,2.094180e+01,2.085134e+01,2.090702e+01,2.088614e+01,2.094180e+01,2.080259e+01,2.096267e+01,2.087918e+01,2.085134e+01,2.083741e+01,2.076079e+01,2.090006e+01,2.070502e+01,2.093485e+01,2.084437e+01,2.077472e+01,2.079562e+01,2.071200e+01,2.083741e+01,2.086526e+01,2.087918e+01,2.087222e+01,2.090702e+01,2.076775e+01,2.065621e+01,2.098353e+01,2.077472e+01,2.077472e+01,2.082348e+01,2.077472e+01,2.076079e+01,2.081652e+01,2.069805e+01,2.081652e+01,2.080259e+01,2.085134e+01,2.094180e+01,2.087222e+01,2.084437e+01,2.069805e+01,2.070502e+01,2.085134e+01,2.083741e+01,2.069805e+01,2.073291e+01,2.067016e+01,2.065621e+01,2.072594e+01,2.078169e+01,2.071200e+01,2.079562e+01,2.076079e+01,2.073291e+01,2.075382e+01,2.078866e+01,2.078866e+01,2.074685e+01,2.089310e+01,2.101134e+01,2.068410e+01,2.076079e+01,2.076775e+01,2.094876e+01,2.087222e+01,2.096962e+01,2.103219e+01
2.076079e+01,2.072594e+01,2.090702e+01,2.083045e+01,2.076775e+01,2.072594e+01,2.071200e+01,2.087222e+01,2.073291e+01,2.072594e+01,2.076079e+01,2.085134e+01,2.075382e+01,2.080259e+01,2.078866e+01,2.066318e+01,2.065621e+01,2.067713e+01,2.059340e+01,2.068410e+01,2.063528e+01,2.054453e+01,2.049564e+01,2.041176e+01,2.043973e+01,2.039078e+01,2.047468e+01,2.047468e+01,2.048166e+01,2.053057e+01,2.060736e+01,2.062830e+01,2.044672e+01,2.059340e+01,2.056548e+01,2.053057e+01,2.062132e+01,2.046070e+01,2.049564e+01,2.044672e+01,2.055152e+01,2.046070e+01,2.044672e+01,2.043274e+01,2.053057e+01,2.051660e+01,2.050961e+01,2.046769e+01,2.046769e+01,2.055152e+01,2.043973e+01,2.046769e+01,2.052358e+01,2.054453e+01,2.055850e+01,2.055850e+01,2.056548e+01,2.059340e+01,2.057944e+01,2.056548e+01,2.067713e+01,2.054453e+01,2.052358e+01,2.062132e+01,2.060039e+01,2.067016e+01,2.060039e+01,2.060736e+01,2.059340e+01,2.071200e+01,2.056548e+01,2.061434e+01,2.060736e+01,2.075382e+01,2.068410e+01,2.060736e+01,2.055152e+01,2.065621e+01,2.064923e+01,2.062830e+01,2.068410e+01,2.068410e+01,2.063528e+01,2.067713e+01,2.064923e+01,2.066318e+01,2.071897e+01,2.063528e+01,2.068410e+01,2.067016e+01,2.067016e+01,2.069108e+01,2.067713e+01,2.066318e+01,2.064225e+01,2.070502e+01,2.071200e+01,2.073988e+01,2.071897e+01,2.062830e+01,2.067713e+01,2.058643e+01,2.069805e+01,2.059340e+01,2.066318e+01,2.057246e+01,2.065621e+01,2.072594e+01,2.064225e+01,2.060039e+01,2.075382e+01,2.071200e+01,2.074685e+01,2.078866e+01,2.060736e+01,2.067713e+01,2.067016e+01,2.067016e+01,2.055152e+01,2.055850e+01,2.057944e+01,2.059340e+01,2.052358e+01,2.059340e+01,2.060039e+01,2.059340e+01,2.051660e+01,2.057944e+01,2.045371e+01,2.048865e+01,2.049564e+01,2.055152e+01,2.052358e+01,2.053057e+01,2.038379e+01,2.043274e+01,2.052358e+01,2.049564e+01,2.055152e+01,2.050961e+01,2.056548e+01,2.062132e+01,2.062132e+01,2.064225e+01,2.062830e+01,2.064225e+01,2.065621e+01,2.069805e+01,2.065621e+01,2.058643e+01,2.062830e+01,2.063528e+01,2.057944e+01,2.060039e+01,2.060736e+01,2.067016e+01,2.066318e+01,2.059340e+01,2.058643e+01,2.058643e+01,2.059340e+01,2.055152e+01,2.054453e+01,2.055850e+01,2.054453e+01,2.064923e+01,2.062830e+01,2.066318e+01,2.062132e+01,2.062132e+01,2.057944e+01,2.057944e+01,2.063528e+01,2.066318e+01,2.064225e+01,2.064923e+01,2.062132e+01,2.063528e+01,2.069805e+01,2.064225e+01,2.070502e+01,2.073988e+01,2.080259e+01,2.071897e+01,2.070502e+01,2.067713e+01,2.076079e+01,2.070502e+01,2.083741e+01,2.069108e+01,2.071200e+01,2.071200e+01,2.069805e+01,2.075382e+01,2.070502e+01,2.066318e+01,2.067713e+01,2.075382e+01,2.073291e+01,2.076775e+01,2.074685e+01,2.077472e+01,2.079562e+01,2.076775e+01,2.069108e+01,2.062830e+01,2.057944e+01,2.050262e+01,2.063528e+01,2.062132e+01,2.057246e+01,2.061434e+01,2.051660e+01,2.060039e+01,2.057246e+01,2.058643e+01,2.065621e+01,2.051660e+01,2.062132e+01,2.067713e+01,2.079562e+01,2.067016e+01,2.066318e+01,2.066318e+01,2.071200e+01,2.068410e+01,2.064225e+01,2.070502e+01,2.065621e+01,2.063528e+01,2.067016e+01,2.069805e+01,2.069805e+01,2.068410e+01,2.073291e+01,2.077472e+01,2.064225e+01,2.082348e+01,2.075382e+01,2.073291e+01,2.079562e+01,2.078866e+01,2.072594e+01,2.084437e+01,2.080259e+01,2.076079e+01,2.078169e+01,2.073291e+01,2.074685e+01,2.069805e+01,2.076079e+01,2.075382e+01,2.071897e+01,2.077472e+01,2.087918e+01,2.072594e+01,2.072594e+01,2.073291e+01,2.088614e+01,2.077472e+01,2.073291e+01,2.079562e+01,2.078169e+01,2.076775e+01,2.076775e+01,2.077472e+01,2.078169e+01,2.078169e+01,2.082348e+01,2.082348e+01,2.078169e+01,2.076775e+01,2.076079e+01,2.075382e+01,2.076775e+01,2.073988e+01,2.080259e+01,2.079562e+01,2.083741e+01,2.071200e+01,2.076775e+01,2.079562e+01,2.079562e+01,2.078169e+01,2.079562e+01,2.067713e+01,2.076079e+01,2.069805e+01,2.073291e+01,2.079562e+01,2.078866e+01,2.076775e+01,2.083741e+01,2.084437e+01,2.064225e+01,2.078866e+01,2.079562e+01,2.076079e+01,2.080955e+01,2.072594e+01,2.067713e+01,2.071200e+01,2.071200e+01,2.076775e+01,2.072594e+01,2.080955e+01,2.068410e+01,2.079562e+01,2.076775e+01,2.092093e+01,2.076079e+01,2.076079e+01,2.077472e+01,2.072594e+01,2.080259e+01,2.080259e+01,2.076775e+01,2.076775e+01,2.077472e+01,2.076775e+01,2.076775e+01,2.069108e+01,2.052358e+01,2.029282e+01,2.034881e+01,2.027181e+01,2.036980e+01,2.064225e+01,2.044672e+01,2.060736e+01,2.068410e+01,2.069805e+01,2.077472e+01,2.073291e+01,2.069805e+01,2.073988e+01,2.073291e+01,2.080259e+01,2.071897e+01,2.064923e+01,2.075382e+01,2.075382e+01,2.071200e+01,2.074685e+01,2.081652e+01,2.077472e+01,2.080259e+01,2.076775e+01,2.078169e+01,2.077472e+01,2.073988e+01,2.069108e+01,2.076079e+01,2.079562e+01,2.073988e+01,2.073291e+01,2.068410e+01,2.075382e+01,2.072594e+01,2.077472e+01,2.071200e+01,2.075382e+01,2.082348e+01,2.065621e+01,2.071200e+01,2.075382e+01,2.073291e+01,2.078169e+01,2.066318e+01,2.078866e+01,2.077472e+01,2.068410e+01,2.070502e+01,2.083045e+01,2.071897e+01,2.073988e+01,2.069108e+01,2.076775e+01,2.072594e+01,2.083741e+01,2.083741e+01,2.075382e+01,2.080955e+01,2.085830e+01,2.067713e+01,2.075382e+01,2.073291e+01,2.087222e+01,2.077472e+01,2.076775e+01,2.080955e+01,2.067713e+01,2.069108e+01,2.071897e+01,2.071200e+01,2.071897e+01,2.093485e+01,2.071897e+01,2.060736e+01,2.062830e+01,2.053755e+01,2.064923e+01,2.064225e+01,2.061434e+01,2.055152e+01,2.060039e+01,2.056548e+01,2.053057e+01,2.053057e+01,2.064923e+01,2.056548e+01,2.050262e+01,2.048865e+01,2.048166e+01,2.054453e+01,2.039078e+01,2.046070e+01,2.046070e+01,2.065621e+01,2.066318e+01,2.060039e+01,2.059340e+01,2.064225e+01,2.074685e+01,2.064923e+01,2.060736e+01,2.058643e+01,2.064225e+01,2.064923e+01,2.052358e+01,2.065621e+01,2.058643e+01,2.061434e+01,2.056548e+01,2.057246e+01,2.062830e+01,2.053057e+01,2.054453e+01,2.055152e+01,2.055152e+01,2.056548e+01,2.055152e+01,2.060736e+01,2.052358e+01,2.062830e+01,2.064923e+01,2.049564e+01,2.065621e+01,2.057944e+01,2.055850e+01,2.056548e+01,2.055152e+01,2.048865e+01,2.049564e+01,2.055850e+01,2.050262e+01,2.048166e+01,2.053755e+01,2.050961e+01,2.032082e+01,2.045371e+01,2.039778e+01,2.030682e+01,2.033481e+01,2.041875e+01,2.026481e+01,2.047468e+01,2.048166e+01,2.050262e+01,2.048865e+01,2.039778e+01,2.034881e+01,2.046769e+01,2.041176e+01,2.028582e+01,2.025781e+01,2.018775e+01,2.022979e+01,2.020177e+01,2.013167e+01,2.022979e+01,2.027181e+01,2.018775e+01,2.014569e+01,2.020877e+01,2.033481e+01,2.018074e+01,2.027181e+01,2.010362e+01,2.015971e+01,2.014569e+01,2.020177e+01,2.022278e+01,2.021578e+01,2.016672e+01,2.008959e+01,2.011764e+01,2.011764e+01,2.015971e+01,2.021578e+01,2.014569e+01,2.025080e+01,2.039778e+01,2.029982e+01,2.033481e+01,2.046769e+01,2.050961e+01,2.044672e+01,2.049564e+01,2.046070e+01,2.053057e+01,2.052358e+01,2.054453e+01,2.044672e+01,2.050262e+01,2.046769e+01,2.049564e+01,2.047468e+01,2.043274e+01,2.041176e+01,2.041875e+01,2.035581e+01,2.040477e+01,2.031382e+01,2.033481e+01,2.051660e+01,2.062830e+01,2.040477e+01,2.048166e+01,2.046070e+01,2.050961e+01,2.044672e+01,2.039078e+01,2.050262e+01,2.046769e+01,2.059340e+01,2.053057e+01,2.055850e+01,2.057246e+01,2.053755e+01,2.054453e+01,2.057246e+01,2.054453e+01,2.060039e+01,2.074685e+01,2.086526e+01,2.092093e+01,2.088614e+01,2.094876e+01,2.096267e+01,2.092789e+01,2.096267e+01,2.087222e+01,2.091398e+01,2.102524e+01,2.082348e+01,2.099744e+01,2.089310e+01,2.094180e+01,2.093485e+01,2.091398e+01,2.094876e+01,2.097658e+01,2.099744e+01,2.084437e+01,2.088614e+01,2.087222e+01,2.080955e+01,2.082348e+01,2.080259e+01,2.080259e+01,2.083741e+01,2.087222e+01,2.087222e+01,2.082348e+01,2.087918e+01,2.088614e+01,2.092789e+01,2.088614e+01,2.082348e+01,2.084437e+01,2.080259e+01,2.085134e+01,2.090006e+01,2.090006e+01,2.075382e+01,2.073988e+01,2.083045e+01,2.076775e+01,2.076775e+01,2.075382e+01,2.073291e+01,2.068410e+01,2.071897e+01,2.090006e+01,2.086526e+01,2.081652e+01,2.086526e+01,2.075382e+01,2.079562e+01,2.076079e+01,2.101829e+01,2.065621e+01,2.073291e+01,2.071897e+01,2.076775e+01,2.078866e+01,2.076079e+01,2.072594e+01,2.085830e+01,2.083045e+01,2.083045e+01,2.080259e+01,2.072594e+01,2.083741e+01,2.081652e+01,2.076775e+01,2.105304e+01,2.086526e+01,2.064923e+01,2.071200e+01,2.078169e+01,2.058643e+01,2.073988e+01,2.064225e+01,2.072594e+01,2.080259e+01,2.076079e+01,2.079562e+01,2.078169e+01,2.079562e+01,2.083045e+01,2.096962e+01,2.063528e+01,2.071897e+01,2.075382e+01,2.086526e+01,2.101829e+01,2.115721e+01,2.114333e+01
2.069805e+01,2.078866e+01,2.078866e+01,2.090006e+01,2.080955e+01,2.073988e+01,2.076775e+01,2.089310e+01,2.088614e+01,2.077472e+01,2.081652e+01,2.079562e+01,2.083741e+01,2.060039e+01,2.078866e+01,2.066318e+01,2.069805e+01,2.059340e+01,2.058643e+01,2.058643e+01,2.055850e+01,2.069108e+01,2.048166e+01,2.037679e+01,2.048865e+01,2.043973e+01,2.044672e+01,2.050262e+01,2.046769e+01,2.050262e+01,2.050262e+01,2.044672e+01,2.056548e+01,2.041875e+01,2.063528e+01,2.058643e+01,2.061434e+01,2.049564e+01,2.048865e+01,2.047468e+01,2.045371e+01,2.047468e+01,2.049564e+01,2.044672e+01,2.052358e+01,2.050961e+01,2.052358e+01,2.059340e+01,2.039778e+01,2.044672e+01,2.035581e+01,2.053057e+01,2.054453e+01,2.052358e+01,2.055152e+01,2.051660e+01,2.058643e+01,2.057246e+01,2.057246e+01,2.055152e+01,2.060736e+01,2.058643e+01,2.067713e+01,2.052358e+01,2.057246e+01,2.059340e+01,2.058643e+01,2.057944e+01,2.067016e+01,2.069805e+01,2.057944e+01,2.055850e+01,2.050961e+01,2.062830e+01,2.063528e+01,2.060736e+01,2.073291e+01,2.060736e+01,2.057246e+01,2.064225e+01,2.065621e+01,2.071200e+01,2.068410e+01,2.065621e+01,2.067713e+01,2.061434e+01,2.062132e+01,2.066318e+01,2.071897e+01,2.063528e+01,2.066318e+01,2.056548e+01,2.073291e+01,2.071200e+01,2.071897e+01,2.069805e+01,2.069805e+01,2.076079e+01,2.072594e+01,2.073988e+01,2.076775e+01,2.068410e+01,2.069805e+01,2.069805e+01,2.069108e+01,2.068410e+01,2.076775e+01,2.068410e+01,2.064225e+01,2.064923e+01,2.074685e+01,2.067016e+01,2.067713e+01,2.060736e+01,2.064225e+01,2.060039e+01,2.067016e+01,2.064225e+01,2.067713e+01,2.057944e+01,2.055152e+01,2.060736e+01,2.057246e+01,2.049564e+01,2.066318e+01,2.050262e+01,2.044672e+01,2.055152e+01,2.046070e+01,2.048166e+01,2.048166e+01,2.040477e+01,2.045371e+01,2.047468e+01,2.036980e+01,2.050262e+01,2.044672e+01,2.053755e+01,2.050262e+01,2.050961e+01,2.051660e+01,2.060039e+01,2.051660e+01,2.064923e+01,2.062132e+01,2.066318e+01,2.063528e+01,2.064923e+01,2.064923e+01,2.067713e+01,2.059340e+01,2.055152e+01,2.061434e+01,2.062830e+01,2.061434e+01,2.065621e+01,2.061434e+01,2.059340e+01,2.061434e+01,2.067713e+01,2.062830e+01,2.059340e+01,2.058643e+01,2.062830e+01,2.055152e+01,2.071200e+01,2.056548e+01,2.064225e+01,2.066318e+01,2.065621e+01,2.048166e+01,2.062830e+01,2.062830e+01,2.060736e+01,2.057246e+01,2.056548e+01,2.052358e+01,2.062830e+01,2.064923e+01,2.072594e+01,2.068410e+01,2.071897e+01,2.080259e+01,2.073988e+01,2.071200e+01,2.076079e+01,2.070502e+01,2.072594e+01,2.071897e+01,2.078169e+01,2.071200e+01,2.071200e+01,2.072594e+01,2.070502e+01,2.065621e+01,2.071897e+01,2.064923e+01,2.071897e+01,2.071897e+01,2.071200e+01,2.065621e+01,2.074685e+01,2.078866e+01,2.072594e+01,2.069805e+01,2.063528e+01,2.063528e+01,2.060736e+01,2.064225e+01,2.062132e+01,2.061434e+01,2.058643e+01,2.055850e+01,2.062132e+01,2.059340e+01,2.059340e+01,2.063528e+01,2.057944e+01,2.064923e+01,2.070502e+01,2.066318e+01,2.083045e+01,2.069108e+01,2.082348e+01,2.067713e+01,2.069805e+01,2.069108e+01,2.062830e+01,2.069108e+01,2.071200e+01,2.064923e+01,2.062830e+01,2.065621e+01,2.079562e+01,2.073988e+01,2.067713e+01,2.069108e+01,2.073291e+01,2.073291e+01,2.077472e+01,2.076079e+01,2.065621e+01,2.069805e+01,2.073291e+01,2.074685e+01,2.073291e+01,2.073988e+01,2.088614e+01,2.077472e+01,2.071200e+01,2.074685e+01,2.076775e+01,2.070502e+01,2.073988e+01,2.071200e+01,2.073988e+01,2.073291e+01,2.075382e+01,2.072594e+01,2.078866e+01,2.073988e+01,2.078866e+01,2.082348e+01,2.082348e+01,2.078866e+01,2.077472e+01,2.078866e+01,2.093485e+01,2.080259e+01,2.067016e+01,2.067713e+01,2.073291e+01,2.068410e+01,2.071897e+01,2.073291e+01,2.078169e+01,2.079562e+01,2.081652e+01,2.080955e+01,2.077472e+01,2.081652e+01,2.073291e+01,2.076079e+01,2.076775e+01,2.075382e+01,2.072594e+01,2.078169e+01,2.076775e+01,2.079562e+01,2.078866e+01,2.080259e+01,2.076079e+01,2.078169e+01,2.079562e+01,2.070502e+01,2.074685e+01,2.083045e+01,2.076775e+01,2.070502e+01,2.073291e+01,2.069805e+01,2.073988e+01,2.073291e+01,2.076079e+01,2.080955e+01,2.077472e+01,2.079562e+01,2.073988e+01,2.071200e+01,2.075382e+01,2.075382e+01,2.075382e+01,2.076079e+01,2.076775e+01,2.083741e+01,2.077472e+01,2.078169e+01,2.074685e+01,2.077472e+01,2.073291e+01,2.073988e+01,2.059340e+01,2.055152e+01,2.029982e+01,2.031382e+01,2.044672e+01,2.040477e+01,2.066318e+01,2.067016e+01,2.070502e+01,2.067713e+01,2.070502e+01,2.069805e+01,2.073988e+01,2.071897e+01,2.073291e+01,2.072594e+01,2.076775e+01,2.081652e+01,2.076079e+01,2.078169e+01,2.078866e+01,2.067016e+01,2.074685e+01,2.080955e+01,2.073988e+01,2.078866e+01,2.079562e+01,2.071897e+01,2.075382e+01,2.076775e+01,2.081652e+01,2.078169e+01,2.076079e+01,2.073988e+01,2.073988e+01,2.079562e+01,2.070502e+01,2.075382e+01,2.076775e+01,2.074685e+01,2.073291e+01,2.076775e+01,2.076079e+01,2.069805e+01,2.073291e+01,2.076775e+01,2.074685e+01,2.076775e+01,2.083741e+01,2.072594e+01,2.075382e+01,2.072594e+01,2.071897e+01,2.075382e+01,2.074685e+01,2.073988e+01,2.076079e+01,2.074685e+01,2.086526e+01,2.064923e+01,2.086526e+01,2.073291e+01,2.078169e+01,2.076079e+01,2.070502e+01,2.073988e+01,2.072594e+01,2.074685e+01,2.076775e+01,2.075382e+01,2.075382e+01,2.068410e+01,2.074685e+01,2.067713e+01,2.070502e+01,2.073988e+01,2.074685e+01,2.061434e+01,2.063528e+01,2.064923e+01,2.055152e+01,2.062132e+01,2.067016e+01,2.057944e+01,2.055152e+01,2.057944e+01,2.061434e+01,2.058643e+01,2.055850e+01,2.053755e+01,2.045371e+01,2.048865e+01,2.050262e+01,2.041176e+01,2.053755e+01,2.036980e+01,2.070502e+01,2.050961e+01,2.058643e+01,2.060736e+01,2.063528e+01,2.059340e+01,2.059340e+01,2.059340e+01,2.070502e+01,2.070502e+01,2.069805e+01,2.066318e+01,2.069805e+01,2.065621e+01,2.061434e+01,2.065621e+01,2.053057e+01,2.060736e+01,2.048865e+01,2.055152e+01,2.057944e+01,2.062132e+01,2.055850e+01,2.062830e+01,2.062132e+01,2.061434e+01,2.052358e+01,2.057246e+01,2.060736e+01,2.062132e+01,2.053755e+01,2.058643e+01,2.053057e+01,2.057944e+01,2.052358e+01,2.060736e+01,2.056548e+01,2.048166e+01,2.047468e+01,2.052358e+01,2.053057e+01,2.050961e+01,2.049564e+01,2.039078e+01,2.041875e+01,2.045371e+01,2.040477e+01,2.036280e+01,2.044672e+01,2.055850e+01,2.055850e+01,2.057246e+01,2.048865e+01,2.039778e+01,2.045371e+01,2.048865e+01,2.041176e+01,2.025781e+01,2.026481e+01,2.025781e+01,2.017373e+01,2.024380e+01,2.017373e+01,2.027881e+01,2.027181e+01,2.016672e+01,2.016672e+01,2.023680e+01,2.017373e+01,2.022278e+01,2.013167e+01,2.015270e+01,2.019476e+01,2.022979e+01,2.023680e+01,2.021578e+01,2.018074e+01,2.015971e+01,2.011764e+01,2.023680e+01,2.015270e+01,2.015270e+01,2.017373e+01,2.019476e+01,2.015971e+01,2.022278e+01,2.029282e+01,2.031382e+01,2.042575e+01,2.039778e+01,2.046070e+01,2.050961e+01,2.055850e+01,2.054453e+01,2.060039e+01,2.058643e+01,2.050262e+01,2.057246e+01,2.061434e+01,2.044672e+01,2.047468e+01,2.043973e+01,2.039778e+01,2.033481e+01,2.042575e+01,2.035581e+01,2.028582e+01,2.029282e+01,2.044672e+01,2.038379e+01,2.042575e+01,2.043274e+01,2.040477e+01,2.043274e+01,2.041875e+01,2.039078e+01,2.055850e+01,2.043274e+01,2.060039e+01,2.043274e+01,2.059340e+01,2.043973e+01,2.054453e+01,2.055152e+01,2.032082e+01,2.044672e+01,2.050961e+01,2.064923e+01,2.087918e+01,2.096962e+01,2.078169e+01,2.089310e+01,2.097658e+01,2.095572e+01,2.096962e+01,2.106693e+01,2.082348e+01,2.107388e+01,2.087918e+01,2.075382e+01,2.094180e+01,2.097658e+01,2.089310e+01,2.091398e+01,2.101829e+01,2.098353e+01,2.087222e+01,2.090006e+01,2.100439e+01,2.088614e+01,2.082348e+01,2.083045e+01,2.084437e+01,2.086526e+01,2.082348e+01,2.085830e+01,2.093485e+01,2.101134e+01,2.090006e+01,2.093485e+01,2.090006e+01,2.092093e+01,2.086526e+01,2.083741e+01,2.082348e+01,2.085134e+01,2.084437e+01,2.080955e+01,2.085830e+01,2.076079e+01,2.076775e+01,2.082348e+01,2.084437e+01,2.073988e+01,2.078169e+01,2.081652e+01,2.080955e+01,2.087918e+01,2.071897e+01,2.090006e+01,2.085830e+01,2.079562e+01,2.078169e+01,2.079562e+01,2.077472e+01,2.073291e+01,2.073988e+01,2.078169e+01,2.075382e+01,2.074685e+01,2.079562e+01,2.083741e+01,2.080955e+01,2.070502e+01,2.076775e+01,2.069805e+01,2.067713e+01,2.077472e+01,2.086526e+01,2.069108e+01,2.067016e+01,2.069108e+01,2.067713e+01,2.057944e+01,2.083045e+01,2.077472e+01,2.076775e+01,2.077472e+01,2.067713e+01,2.080259e+01,2.076775e+01,2.092789e+01,2.092093e+01,2.078169e+01,2.077472e+01,2.078169e+01,2.062132e+01,2.069805e+01,2.070502e+01,2.085134e+01,2.091398e+01,2.111555e+01,2.110861e+01
2.101134e+01,2.076079e+01,2.073988e+01,2.072594e+01,2.075382e+01,2.076775e+01,2.077472e+01,2.066318e+01,2.086526e+01,2.068410e+01,2.083741e+01,2.079562e+01,2.084437e+01,2.072594e+01,2.063528e+01,2.068410e+01,2.060039e+01,2.063528e+01,2.060039e+01,2.042575e+01,2.070502e+01,2.030682e+01,2.043274e+01,2.047468e+01,2.041875e+01,2.042575e+01,2.039778e+01,2.046070e+01,2.041875e+01,2.046070e+01,2.044672e+01,2.048166e+01,2.055152e+01,2.043274e+01,2.049564e+01,2.035581e+01,2.054453e+01,2.044672e+01,2.050262e+01,2.047468e+01,2.048865e+01,2.048166e+01,2.057246e+01,2.050262e+01,2.050262e+01,2.039778e+01,2.048865e+01,2.049564e+01,2.048865e+01,2.060039e+01,2.055850e+01,2.062830e+01,2.044672e+01,2.045371e+01,2.055152e+01,2.064225e+01,2.051660e+01,2.059340e+01,2.053755e+01,2.055152e+01,2.055152e+01,2.055152e+01,2.067016e+01,2.071200e+01,2.055152e+01,2.058643e+01,2.058643e+01,2.057944e+01,2.055850e+01,2.062132e+01,2.054453e+01,2.061434e+01,2.057246e+01,2.061434e+01,2.062132e+01,2.060736e+01,2.056548e+01,2.060039e+01,2.064225e+01,2.060736e+01,2.070502e+01,2.064225e+01,2.062830e+01,2.062830e+01,2.062830e+01,2.067713e+01,2.064225e+01,2.066318e+01,2.066318e+01,2.055850e+01,2.071200e+01,2.070502e+01,2.050262e+01,2.062830e+01,2.072594e+01,2.058643e+01,2.062132e+01,2.072594e+01,2.073291e+01,2.055850e+01,2.069805e+01,2.071897e+01,2.071200e+01,2.061434e+01,2.067713e+01,2.060039e+01,2.068410e+01,2.064923e+01,2.059340e+01,2.056548e+01,2.062830e+01,2.065621e+01,2.064923e+01,2.064923e+01,2.069108e+01,2.065621e+01,2.062132e+01,2.060039e+01,2.064225e+01,2.053057e+01,2.062132e+01,2.054453e+01,2.055850e+01,2.050961e+01,2.052358e+01,2.043973e+01,2.048865e+01,2.046769e+01,2.047468e+01,2.045371e+01,2.045371e+01,2.040477e+01,2.039778e+01,2.043274e+01,2.039778e+01,2.044672e+01,2.025781e+01,2.043274e+01,2.045371e+01,2.057246e+01,2.052358e+01,2.049564e+01,2.045371e+01,2.062830e+01,2.063528e+01,2.065621e+01,2.055152e+01,2.069108e+01,2.060039e+01,2.036280e+01,2.054453e+01,2.050961e+01,2.061434e+01,2.058643e+01,2.056548e+01,2.047468e+01,2.059340e+01,2.055850e+01,2.057246e+01,2.055152e+01,2.053755e+01,2.064225e+01,2.059340e+01,2.056548e+01,2.055850e+01,2.055152e+01,2.048865e+01,2.053057e+01,2.052358e+01,2.062132e+01,2.062132e+01,2.066318e+01,2.064923e+01,2.056548e+01,2.057246e+01,2.064923e+01,2.060736e+01,2.062830e+01,2.070502e+01,2.071897e+01,2.072594e+01,2.073291e+01,2.070502e+01,2.067713e+01,2.070502e+01,2.066318e+01,2.070502e+01,2.072594e+01,2.070502e+01,2.067713e+01,2.068410e+01,2.069805e+01,2.067016e+01,2.071200e+01,2.067713e+01,2.069108e+01,2.069108e+01,2.076079e+01,2.078169e+01,2.066318e+01,2.077472e+01,2.079562e+01,2.062830e+01,2.064225e+01,2.062830e+01,2.090006e+01,2.063528e+01,2.064923e+01,2.064225e+01,2.063528e+01,2.067016e+01,2.060736e+01,2.060736e+01,2.058643e+01,2.060039e+01,2.055152e+01,2.057246e+01,2.067713e+01,2.068410e+01,2.057944e+01,2.069108e+01,2.070502e+01,2.068410e+01,2.073291e+01,2.072594e+01,2.064923e+01,2.064225e+01,2.071897e+01,2.073291e+01,2.064225e+01,2.069805e+01,2.068410e+01,2.062132e+01,2.077472e+01,2.070502e+01,2.068410e+01,2.073291e+01,2.070502e+01,2.074685e+01,2.070502e+01,2.074685e+01,2.071897e+01,2.063528e+01,2.067016e+01,2.078866e+01,2.084437e+01,2.084437e+01,2.079562e+01,2.073988e+01,2.074685e+01,2.074685e+01,2.081652e+01,2.071897e+01,2.087918e+01,2.071200e+01,2.074685e+01,2.076079e+01,2.071897e+01,2.071897e+01,2.073291e+01,2.070502e+01,2.069805e+01,2.080955e+01,2.070502e+01,2.080259e+01,2.076079e+01,2.076079e+01,2.078169e+01,2.076079e+01,2.070502e+01,2.069108e+01,2.069805e+01,2.072594e+01,2.086526e+01,2.075382e+01,2.074685e+01,2.072594e+01,2.084437e+01,2.081652e+01,2.078866e+01,2.078866e+01,2.078866e+01,2.078169e+01,2.079562e+01,2.079562e+01,2.072594e+01,2.071200e+01,2.080955e+01,2.073988e+01,2.082348e+01,2.083045e+01,2.073291e+01,2.076079e+01,2.073291e+01,2.073988e+01,2.076775e+01,2.076775e+01,2.078866e+01,2.080955e+01,2.073988e+01,2.076079e+01,2.068410e+01,2.072594e+01,2.076775e+01,2.080259e+01,2.083045e+01,2.079562e+01,2.075382e+01,2.094876e+01,2.076079e+01,2.075382e+01,2.073291e+01,2.057246e+01,2.076775e+01,2.071897e+01,2.070502e+01,2.077472e+01,2.076775e+01,2.080259e+01,2.073988e+01,2.076775e+01,2.071897e+01,2.061434e+01,2.050961e+01,2.036980e+01,2.054453e+01,2.045371e+01,2.072594e+01,2.067016e+01,2.066318e+01,2.067016e+01,2.070502e+01,2.066318e+01,2.073988e+01,2.071897e+01,2.071897e+01,2.073291e+01,2.071897e+01,2.068410e+01,2.065621e+01,2.078866e+01,2.069805e+01,2.069108e+01,2.080955e+01,2.073291e+01,2.073291e+01,2.078866e+01,2.076775e+01,2.062132e+01,2.072594e+01,2.078866e+01,2.073988e+01,2.072594e+01,2.076775e+01,2.071200e+01,2.070502e+01,2.070502e+01,2.075382e+01,2.079562e+01,2.073291e+01,2.069805e+01,2.070502e+01,2.070502e+01,2.073291e+01,2.069108e+01,2.078169e+01,2.076775e+01,2.068410e+01,2.078169e+01,2.072594e+01,2.078169e+01,2.076079e+01,2.081652e+01,2.076079e+01,2.069805e+01,2.069805e+01,2.076775e+01,2.071897e+01,2.073291e+01,2.064923e+01,2.082348e+01,2.069805e+01,2.071897e+01,2.078866e+01,2.075382e+01,2.076079e+01,2.072594e+01,2.061434e+01,2.073988e+01,2.069108e+01,2.073291e+01,2.072594e+01,2.064923e+01,2.066318e+01,2.073291e+01,2.069805e+01,2.071200e+01,2.060736e+01,2.076079e+01,2.071897e+01,2.061434e+01,2.057944e+01,2.065621e+01,2.053057e+01,2.054453e+01,2.062830e+01,2.060736e+01,2.063528e+01,2.058643e+01,2.066318e+01,2.058643e+01,2.047468e+01,2.049564e+01,2.052358e+01,2.053755e+01,2.043274e+01,2.054453e+01,2.060039e+01,2.053755e+01,2.053755e+01,2.060039e+01,2.062830e+01,2.059340e+01,2.063528e+01,2.057246e+01,2.061434e+01,2.060039e+01,2.067016e+01,2.061434e+01,2.065621e+01,2.067713e+01,2.060736e+01,2.067713e+01,2.057944e+01,2.065621e+01,2.063528e+01,2.052358e+01,2.059340e+01,2.055850e+01,2.055850e+01,2.053755e+01,2.060736e+01,2.055152e+01,2.052358e+01,2.052358e+01,2.056548e+01,2.057944e+01,2.048865e+01,2.057944e+01,2.060736e+01,2.055152e+01,2.059340e+01,2.046769e+01,2.058643e+01,2.058643e+01,2.053755e+01,2.050262e+01,2.053057e+01,2.039078e+01,2.051660e+01,2.043973e+01,2.046070e+01,2.041875e+01,2.044672e+01,2.042575e+01,2.041875e+01,2.041875e+01,2.048166e+01,2.050262e+01,2.044672e+01,2.029282e+01,2.055152e+01,2.046769e+01,2.032782e+01,2.040477e+01,2.034881e+01,2.029982e+01,2.037679e+01,2.032782e+01,2.025080e+01,2.020177e+01,2.029982e+01,2.021578e+01,2.024380e+01,2.019476e+01,2.019476e+01,2.032082e+01,2.033481e+01,2.027881e+01,2.026481e+01,2.024380e+01,2.012466e+01,2.018775e+01,2.009660e+01,2.011063e+01,2.015270e+01,2.013868e+01,2.015270e+01,2.016672e+01,2.013167e+01,2.018074e+01,2.025080e+01,2.038379e+01,2.027181e+01,2.037679e+01,2.039078e+01,2.032082e+01,2.054453e+01,2.048865e+01,2.051660e+01,2.054453e+01,2.054453e+01,2.057246e+01,2.047468e+01,2.054453e+01,2.041875e+01,2.041176e+01,2.039778e+01,2.040477e+01,2.036280e+01,2.037679e+01,2.037679e+01,2.034881e+01,2.033481e+01,2.046070e+01,2.034181e+01,2.039778e+01,2.039778e+01,2.045371e+01,2.043274e+01,2.048166e+01,2.048166e+01,2.048865e+01,2.051660e+01,2.046769e+01,2.052358e+01,2.057944e+01,2.050262e+01,2.061434e+01,2.036980e+01,2.053057e+01,2.063528e+01,2.050961e+01,2.050961e+01,2.071200e+01,2.076079e+01,2.095572e+01,2.078866e+01,2.100439e+01,2.095572e+01,2.102524e+01,2.092789e+01,2.086526e+01,2.093485e+01,2.100439e+01,2.090006e+01,2.093485e+01,2.092789e+01,2.105304e+01,2.093485e+01,2.085134e+01,2.099048e+01,2.097658e+01,2.101829e+01,2.079562e+01,2.090006e+01,2.100439e+01,2.088614e+01,2.094876e+01,2.091398e+01,2.080955e+01,2.086526e+01,2.082348e+01,2.092093e+01,2.093485e+01,2.079562e+01,2.089310e+01,2.087918e+01,2.088614e+01,2.088614e+01,2.088614e+01,2.083045e+01,2.084437e+01,2.081652e+01,2.091398e+01,2.087918e+01,2.094180e+01,2.080955e+01,2.112250e+01,2.078866e+01,2.078866e+01,2.073291e+01,2.069108e+01,2.071897e+01,2.090702e+01,2.076775e+01,2.090006e+01,2.076079e+01,2.074685e+01,2.085134e+01,2.075382e+01,2.078866e+01,2.076079e+01,2.079562e+01,2.067713e+01,2.074685e+01,2.074685e+01,2.080955e+01,2.078169e+01,2.071897e+01,2.080259e+01,2.076775e+01,2.087222e+01,2.089310e+01,2.066318e+01,2.065621e+01,2.072594e+01,2.067016e+01,2.064225e+01,2.060736e+01,2.055850e+01,2.055850e+01,2.055850e+01,2.055152e+01,2.080259e+01,2.069805e+01,2.061434e+01,2.062830e+01,2.081652e+01,2.078866e+01,2.102524e+01,2.074685e+01,2.063528e+01,2.078169e+01,2.067016e+01,2.082348e+01,2.087918e+01,2.101829e+01,2.094876e+01,2.112250e+01
2.083741e+01,2.073988e+01,2.076079e+01,2.075382e+01,2.073988e+01,2.076079e+01,2.068410e+01,2.078866e+01,2.073988e+01,2.076775e+01,2.078169e+01,2.078169e+01,2.067016e+01,2.081652e+01,2.074685e+01,2.075382e+01,2.059340e+01,2.061434e+01,2.060736e+01,2.057944e+01,2.038379e+01,2.036980e+01,2.047468e+01,2.038379e+01,2.040477e+01,2.047468e+01,2.049564e+01,2.055152e+01,2.048865e+01,2.040477e+01,2.041875e+01,2.053755e+01,2.041176e+01,2.049564e+01,2.036980e+01,2.045371e+01,2.041176e+01,2.043274e+01,2.050262e+01,2.048865e+01,2.047468e+01,2.046070e+01,2.048865e+01,2.045371e+01,2.052358e+01,2.051660e+01,2.046070e+01,2.057246e+01,2.050961e+01,2.050961e+01,2.044672e+01,2.041875e+01,2.042575e+01,2.042575e+01,2.055152e+01,2.043973e+01,2.038379e+01,2.053755e+01,2.048865e+01,2.043973e+01,2.057246e+01,2.060039e+01,2.053755e+01,2.050961e+01,2.052358e+01,2.054453e+01,2.057944e+01,2.048166e+01,2.055152e+01,2.057246e+01,2.055152e+01,2.058643e+01,2.059340e+01,2.057246e+01,2.051660e+01,2.060039e+01,2.061434e+01,2.057944e+01,2.060736e+01,2.060039e+01,2.058643e+01,2.064225e+01,2.064923e+01,2.067016e+01,2.062830e+01,2.065621e+01,2.064923e+01,2.059340e+01,2.048865e+01,2.043973e+01,2.066318e+01,2.062830e+01,2.069805e+01,2.060039e+01,2.073988e+01,2.057944e+01,2.056548e+01,2.062132e+01,2.071897e+01,2.066318e+01,2.068410e+01,2.066318e+01,2.071200e+01,2.063528e+01,2.062830e+01,2.073291e+01,2.067713e+01,2.060736e+01,2.068410e+01,2.055850e+01,2.064923e+01,2.055152e+01,2.054453e+01,2.067713e+01,2.065621e+01,2.060736e+01,2.066318e+01,2.061434e+01,2.060736e+01,2.053057e+01,2.056548e+01,2.043973e+01,2.060039e+01,2.053057e+01,2.048166e+01,2.042575e+01,2.052358e+01,2.049564e+01,2.057944e+01,2.045371e+01,2.042575e+01,2.050961e+01,2.040477e+01,2.037679e+01,2.041176e+01,2.043973e+01,2.041176e+01,2.047468e+01,2.046769e+01,2.039778e+01,2.048166e+01,2.049564e+01,2.049564e+01,2.050961e+01,2.053755e+01,2.067016e+01,2.067016e+01,2.060736e+01,2.055850e+01,2.050961e+01,2.062132e+01,2.063528e+01,2.053057e+01,2.060039e+01,2.066318e+01,2.059340e+01,2.065621e+01,2.055850e+01,2.054453e+01,2.055850e+01,2.055152e+01,2.053057e+01,2.060736e+01,2.053755e+01,2.055850e+01,2.055850e+01,2.057944e+01,2.060039e+01,2.057944e+01,2.063528e+01,2.065621e+01,2.064225e+01,2.055850e+01,2.062132e+01,2.068410e+01,2.053755e+01,2.067713e+01,2.067713e+01,2.068410e+01,2.074685e+01,2.064225e+01,2.072594e+01,2.069108e+01,2.067713e+01,2.063528e+01,2.066318e+01,2.068410e+01,2.071897e+01,2.064225e+01,2.074685e+01,2.070502e+01,2.069805e+01,2.068410e+01,2.067016e+01,2.069805e+01,2.060736e+01,2.071200e+01,2.071897e+01,2.067713e+01,2.076079e+01,2.072594e+01,2.067713e+01,2.066318e+01,2.069805e+01,2.069805e+01,2.057246e+01,2.055152e+01,2.062132e+01,2.062830e+01,2.062830e+01,2.071897e+01,2.062830e+01,2.051660e+01,2.069805e+01,2.066318e+01,2.066318e+01,2.059340e+01,2.067713e+01,2.062132e+01,2.058643e+01,2.057246e+01,2.069108e+01,2.075382e+01,2.067016e+01,2.073988e+01,2.067713e+01,2.076775e+01,2.061434e+01,2.074685e+01,2.060736e+01,2.066318e+01,2.062132e+01,2.062132e+01,2.068410e+01,2.063528e+01,2.067016e+01,2.067713e+01,2.064923e+01,2.079562e+01,2.079562e+01,2.070502e+01,2.076775e+01,2.069805e+01,2.081652e+01,2.085830e+01,2.082348e+01,2.073291e+01,2.073988e+01,2.075382e+01,2.073291e+01,2.074685e+01,2.062132e+01,2.071200e+01,2.069108e+01,2.071897e+01,2.068410e+01,2.086526e+01,2.077472e+01,2.074685e+01,2.069805e+01,2.071200e+01,2.073291e+01,2.076775e+01,2.077472e+01,2.077472e+01,2.076775e+01,2.076079e+01,2.077472e+01,2.077472e+01,2.073988e+01,2.074685e+01,2.073988e+01,2.069108e+01,2.072594e+01,2.069108e+01,2.076079e+01,2.084437e+01,2.063528e+01,2.082348e+01,2.080259e+01,2.078169e+01,2.076775e+01,2.080259e+01,2.069805e+01,2.075382e+01,2.079562e+01,2.077472e+01,2.083741e+01,2.081652e+01,2.080259e+01,2.076775e+01,2.079562e+01,2.073988e+01,2.085830e+01,2.073291e+01,2.076079e+01,2.078169e+01,2.075382e+01,2.079562e+01,2.073291e+01,2.073291e+01,2.078169e+01,2.076775e+01,2.073291e+01,2.078866e+01,2.076775e+01,2.079562e+01,2.072594e+01,2.074685e+01,2.067713e+01,2.071200e+01,2.072594e+01,2.073988e+01,2.073988e+01,2.073988e+01,2.073988e+01,2.074685e+01,2.080955e+01,2.075382e+01,2.073988e+01,2.070502e+01,2.076079e+01,2.065621e+01,2.043274e+01,2.038379e+01,2.054453e+01,2.050961e+01,2.071200e+01,2.068410e+01,2.072594e+01,2.070502e+01,2.073291e+01,2.070502e+01,2.067016e+01,2.073988e+01,2.073988e+01,2.077472e+01,2.077472e+01,2.062830e+01,2.071897e+01,2.071897e+01,2.067713e+01,2.080955e+01,2.074685e+01,2.071200e+01,2.067016e+01,2.073988e+01,2.077472e+01,2.073291e+01,2.071897e+01,2.073291e+01,2.072594e+01,2.070502e+01,2.073988e+01,2.069805e+01,2.069108e+01,2.078866e+01,2.069108e+01,2.070502e+01,2.071897e+01,2.080955e+01,2.072594e+01,2.068410e+01,2.069108e+01,2.070502e+01,2.076079e+01,2.077472e+01,2.076079e+01,2.076775e+01,2.075382e+01,2.072594e+01,2.072594e+01,2.079562e+01,2.078169e+01,2.068410e+01,2.074685e+01,2.075382e+01,2.075382e+01,2.064225e+01,2.063528e+01,2.077472e+01,2.066318e+01,2.076775e+01,2.073988e+01,2.075382e+01,2.067016e+01,2.074685e+01,2.065621e+01,2.062132e+01,2.067713e+01,2.068410e+01,2.069108e+01,2.069805e+01,2.071897e+01,2.069108e+01,2.071200e+01,2.071200e+01,2.064225e+01,2.073988e+01,2.071200e+01,2.057944e+01,2.057944e+01,2.054453e+01,2.055850e+01,2.061434e+01,2.064225e+01,2.061434e+01,2.060039e+01,2.056548e+01,2.056548e+01,2.055850e+01,2.044672e+01,2.039778e+01,2.048865e+01,2.053755e+01,2.041176e+01,2.058643e+01,2.064923e+01,2.057944e+01,2.057246e+01,2.055850e+01,2.056548e+01,2.057246e+01,2.062830e+01,2.057246e+01,2.063528e+01,2.064225e+01,2.056548e+01,2.067713e+01,2.069805e+01,2.063528e+01,2.055850e+01,2.067713e+01,2.054453e+01,2.060736e+01,2.057246e+01,2.056548e+01,2.056548e+01,2.058643e+01,2.053755e+01,2.052358e+01,2.053057e+01,2.055850e+01,2.063528e+01,2.059340e+01,2.056548e+01,2.064225e+01,2.064923e+01,2.048865e+01,2.052358e+01,2.062132e+01,2.060039e+01,2.054453e+01,2.053755e+01,2.052358e+01,2.051660e+01,2.055152e+01,2.040477e+01,2.055850e+01,2.039078e+01,2.040477e+01,2.054453e+01,2.046769e+01,2.039778e+01,2.047468e+01,2.044672e+01,2.044672e+01,2.043274e+01,2.041875e+01,2.046070e+01,2.041176e+01,2.041875e+01,2.047468e+01,2.050262e+01,2.031382e+01,2.041875e+01,2.036280e+01,2.028582e+01,2.037679e+01,2.036280e+01,2.024380e+01,2.020877e+01,2.034881e+01,2.024380e+01,2.021578e+01,2.032082e+01,2.029282e+01,2.025080e+01,2.024380e+01,2.027881e+01,2.021578e+01,2.020877e+01,2.014569e+01,2.001941e+01,2.005451e+01,2.023680e+01,2.015971e+01,2.008257e+01,2.011063e+01,2.016672e+01,2.020877e+01,2.026481e+01,2.029982e+01,2.027181e+01,2.039078e+01,2.027881e+01,2.050961e+01,2.053755e+01,2.047468e+01,2.046070e+01,2.057246e+01,2.048865e+01,2.057944e+01,2.043973e+01,2.046769e+01,2.041875e+01,2.046769e+01,2.047468e+01,2.032782e+01,2.041176e+01,2.037679e+01,2.036280e+01,2.034181e+01,2.036280e+01,2.037679e+01,2.036980e+01,2.033481e+01,2.043274e+01,2.045371e+01,2.053057e+01,2.047468e+01,2.049564e+01,2.046769e+01,2.050262e+01,2.051660e+01,2.053755e+01,2.045371e+01,2.049564e+01,2.052358e+01,2.042575e+01,2.053057e+01,2.053755e+01,2.050961e+01,2.053057e+01,2.061434e+01,2.080259e+01,2.095572e+01,2.099048e+01,2.092789e+01,2.086526e+01,2.094180e+01,2.098353e+01,2.088614e+01,2.090702e+01,2.091398e+01,2.094180e+01,2.100439e+01,2.092789e+01,2.096962e+01,2.096962e+01,2.094876e+01,2.090702e+01,2.098353e+01,2.085830e+01,2.100439e+01,2.094180e+01,2.082348e+01,2.084437e+01,2.083741e+01,2.078866e+01,2.084437e+01,2.090006e+01,2.085134e+01,2.079562e+01,2.082348e+01,2.090006e+01,2.087222e+01,2.087918e+01,2.085830e+01,2.086526e+01,2.080955e+01,2.080259e+01,2.083741e+01,2.083045e+01,2.073988e+01,2.085134e+01,2.085134e+01,2.084437e+01,2.075382e+01,2.080259e+01,2.082348e+01,2.070502e+01,2.080259e+01,2.076079e+01,2.092789e+01,2.077472e+01,2.077472e+01,2.082348e+01,2.075382e+01,2.083045e+01,2.071897e+01,2.071897e+01,2.071897e+01,2.079562e+01,2.085830e+01,2.076079e+01,2.073291e+01,2.073988e+01,2.077472e+01,2.073988e+01,2.067713e+01,2.071200e+01,2.078866e+01,2.077472e+01,2.082348e+01,2.092093e+01,2.063528e+01,2.067016e+01,2.057944e+01,2.064923e+01,2.057246e+01,2.057246e+01,2.059340e+01,2.056548e+01,2.064225e+01,2.064225e+01,2.064225e+01,2.076775e+01,2.077472e+01,2.099048e+01,2.078169e+01,2.068410e+01,2.066318e+01,2.074685e+01,2.082348e+01,2.069805e+01,2.090702e+01,2.084437e+01,2.090006e+01,2.086526e+01
2.080259e+01,2.083045e+01,2.078866e+01,2.072594e+01,2.072594e+01,2.071897e+01,2.068410e+01,2.082348e+01,2.089310e+01,2.078169e+01,2.069108e+01,2.078169e+01,2.076775e+01,2.064923e+01,2.080955e+01,2.080955e+01,2.054453e+01,2.066318e+01,2.062830e+01,2.048166e+01,2.046769e+01,2.048166e+01,2.047468e+01,2.046769e+01,2.048865e+01,2.048166e+01,2.048865e+01,2.060736e+01,2.043973e+01,2.043973e+01,2.040477e+01,2.040477e+01,2.055850e+01,2.049564e+01,2.040477e+01,2.036980e+01,2.040477e+01,2.037679e+01,2.052358e+01,2.047468e+01,2.050262e+01,2.053057e+01,2.041176e+01,2.050262e+01,2.042575e+01,2.050262e+01,2.045371e+01,2.053057e+01,2.037679e+01,2.043973e+01,2.038379e+01,2.045371e+01,2.041875e+01,2.043274e+01,2.040477e+01,2.057246e+01,2.050262e+01,2.041176e+01,2.057944e+01,2.046769e+01,2.054453e+01,2.049564e+01,2.056548e+01,2.046070e+01,2.055850e+01,2.055152e+01,2.045371e+01,2.046070e+01,2.054453e+01,2.052358e+01,2.060039e+01,2.052358e+01,2.057944e+01,2.058643e+01,2.061434e+01,2.047468e+01,2.059340e+01,2.062132e+01,2.062132e+01,2.062830e+01,2.067016e+01,2.076079e+01,2.067016e+01,2.075382e+01,2.063528e+01,2.060039e+01,2.059340e+01,2.068410e+01,2.065621e+01,2.070502e+01,2.070502e+01,2.071897e+01,2.069805e+01,2.063528e+01,2.056548e+01,2.060039e+01,2.069805e+01,2.069108e+01,2.067016e+01,2.071897e+01,2.071897e+01,2.069108e+01,2.067713e+01,2.069108e+01,2.064923e+01,2.073988e+01,2.066318e+01,2.058643e+01,2.066318e+01,2.062830e+01,2.060736e+01,2.062830e+01,2.067713e+01,2.069108e+01,2.067016e+01,2.067713e+01,2.067713e+01,2.066318e+01,2.056548e+01,2.067713e+01,2.056548e+01,2.056548e+01,2.055850e+01,2.060039e+01,2.048865e+01,2.055152e+01,2.049564e+01,2.046070e+01,2.058643e+01,2.051660e+01,2.046769e+01,2.042575e+01,2.040477e+01,2.043973e+01,2.039078e+01,2.046070e+01,2.047468e+01,2.041176e+01,2.050262e+01,2.050961e+01,2.048865e+01,2.050961e+01,2.046769e+01,2.060736e+01,2.062132e+01,2.055850e+01,2.062132e+01,2.063528e+01,2.065621e+01,2.061434e+01,2.061434e+01,2.050262e+01,2.066318e+01,2.056548e+01,2.055152e+01,2.060039e+01,2.060736e+01,2.055152e+01,2.053755e+01,2.057944e+01,2.057246e+01,2.048166e+01,2.061434e+01,2.052358e+01,2.050262e+01,2.067016e+01,2.054453e+01,2.059340e+01,2.060039e+01,2.062132e+01,2.061434e+01,2.061434e+01,2.065621e+01,2.061434e+01,2.067713e+01,2.060736e+01,2.067016e+01,2.067713e+01,2.065621e+01,2.080259e+01,2.065621e+01,2.070502e+01,2.064923e+01,2.070502e+01,2.070502e+01,2.089310e+01,2.082348e+01,2.073988e+01,2.074685e+01,2.071200e+01,2.067016e+01,2.064225e+01,2.066318e+01,2.067713e+01,2.066318e+01,2.067713e+01,2.064923e+01,2.067016e+01,2.071897e+01,2.079562e+01,2.079562e+01,2.071200e+01,2.079562e+01,2.064225e+01,2.066318e+01,2.076775e+01,2.061434e+01,2.067713e+01,2.068410e+01,2.076079e+01,2.067713e+01,2.073291e+01,2.056548e+01,2.073988e+01,2.071897e+01,2.057944e+01,2.067016e+01,2.055152e+01,2.061434e+01,2.071897e+01,2.061434e+01,2.067713e+01,2.081652e+01,2.073988e+01,2.069108e+01,2.064923e+01,2.072594e+01,2.080259e+01,2.071897e+01,2.062132e+01,2.069108e+01,2.060039e+01,2.060736e+01,2.067713e+01,2.067016e+01,2.071200e+01,2.072594e+01,2.072594e+01,2.071897e+01,2.064225e+01,2.078169e+01,2.078866e+01,2.071897e+01,2.077472e+01,2.081652e+01,2.077472e+01,2.072594e+01,2.078169e+01,2.077472e+01,2.078169e+01,2.063528e+01,2.081652e+01,2.074685e+01,2.076079e+01,2.070502e+01,2.073291e+01,2.080955e+01,2.069805e+01,2.073291e+01,2.079562e+01,2.073291e+01,2.080955e+01,2.080955e+01,2.077472e+01,2.073988e+01,2.076775e+01,2.077472e+01,2.076079e+01,2.077472e+01,2.078169e+01,2.076775e+01,2.080259e+01,2.069805e+01,2.074685e+01,2.071200e+01,2.077472e+01,2.080259e+01,2.083741e+01,2.082348e+01,2.093485e+01,2.076775e+01,2.080259e+01,2.078866e+01,2.076079e+01,2.071200e+01,2.080259e+01,2.072594e+01,2.076775e+01,2.083741e+01,2.078866e+01,2.076079e+01,2.086526e+01,2.074685e+01,2.083741e+01,2.087222e+01,2.077472e+01,2.083045e+01,2.078866e+01,2.072594e+01,2.078169e+01,2.073988e+01,2.072594e+01,2.078169e+01,2.078866e+01,2.073988e+01,2.076079e+01,2.074685e+01,2.074685e+01,2.078169e+01,2.076775e+01,2.075382e+01,2.078866e+01,2.067713e+01,2.075382e+01,2.076775e+01,2.072594e+01,2.073988e+01,2.078866e+01,2.074685e+01,2.073988e+01,2.079562e+01,2.073291e+01,2.066318e+01,2.048865e+01,2.064923e+01,2.053755e+01,2.078169e+01,2.069108e+01,2.071897e+01,2.073291e+01,2.068410e+01,2.078169e+01,2.061434e+01,2.077472e+01,2.078866e+01,2.062132e+01,2.078866e+01,2.069108e+01,2.061434e+01,2.077472e+01,2.076775e+01,2.077472e+01,2.067713e+01,2.075382e+01,2.073988e+01,2.078169e+01,2.073988e+01,2.078169e+01,2.078169e+01,2.078866e+01,2.076775e+01,2.072594e+01,2.071897e+01,2.068410e+01,2.067713e+01,2.077472e+01,2.076079e+01,2.080259e+01,2.069108e+01,2.079562e+01,2.081652e+01,2.064923e+01,2.075382e+01,2.080259e+01,2.071200e+01,2.076079e+01,2.071897e+01,2.069108e+01,2.069108e+01,2.076079e+01,2.071897e+01,2.070502e+01,2.077472e+01,2.073988e+01,2.073988e+01,2.073988e+01,2.066318e+01,2.069805e+01,2.065621e+01,2.060736e+01,2.072594e+01,2.073988e+01,2.082348e+01,2.073988e+01,2.074685e+01,2.078866e+01,2.076079e+01,2.083741e+01,2.071200e+01,2.071897e+01,2.072594e+01,2.069108e+01,2.072594e+01,2.067016e+01,2.071897e+01,2.069805e+01,2.070502e+01,2.073291e+01,2.072594e+01,2.058643e+01,2.074685e+01,2.055152e+01,2.060039e+01,2.057944e+01,2.064225e+01,2.061434e+01,2.065621e+01,2.057944e+01,2.061434e+01,2.059340e+01,2.052358e+01,2.058643e+01,2.058643e+01,2.057246e+01,2.051660e+01,2.053057e+01,2.060039e+01,2.053057e+01,2.053755e+01,2.052358e+01,2.055850e+01,2.058643e+01,2.064225e+01,2.064225e+01,2.062132e+01,2.073291e+01,2.067016e+01,2.066318e+01,2.058643e+01,2.069805e+01,2.060736e+01,2.060039e+01,2.060039e+01,2.058643e+01,2.050262e+01,2.067016e+01,2.057246e+01,2.054453e+01,2.057944e+01,2.057944e+01,2.059340e+01,2.060736e+01,2.053057e+01,2.051660e+01,2.060039e+01,2.072594e+01,2.060039e+01,2.062132e+01,2.064225e+01,2.063528e+01,2.062830e+01,2.062830e+01,2.056548e+01,2.052358e+01,2.061434e+01,2.055152e+01,2.066318e+01,2.058643e+01,2.043274e+01,2.040477e+01,2.048166e+01,2.053057e+01,2.049564e+01,2.048166e+01,2.042575e+01,2.046769e+01,2.046769e+01,2.046070e+01,2.044672e+01,2.051660e+01,2.042575e+01,2.044672e+01,2.051660e+01,2.032782e+01,2.031382e+01,2.039778e+01,2.049564e+01,2.048865e+01,2.040477e+01,2.043274e+01,2.024380e+01,2.034181e+01,2.021578e+01,2.032082e+01,2.033481e+01,2.020877e+01,2.025781e+01,2.027881e+01,2.022278e+01,2.028582e+01,2.026481e+01,2.029282e+01,2.020877e+01,2.008257e+01,2.011063e+01,2.012466e+01,2.021578e+01,2.014569e+01,2.018775e+01,2.020177e+01,2.020177e+01,2.032082e+01,2.025080e+01,2.030682e+01,2.032782e+01,2.039078e+01,2.048865e+01,2.043973e+01,2.049564e+01,2.052358e+01,2.045371e+01,2.057246e+01,2.046070e+01,2.044672e+01,2.048166e+01,2.043274e+01,2.041875e+01,2.048166e+01,2.047468e+01,2.047468e+01,2.039078e+01,2.043274e+01,2.037679e+01,2.038379e+01,2.040477e+01,2.044672e+01,2.041176e+01,2.053057e+01,2.050262e+01,2.047468e+01,2.052358e+01,2.052358e+01,2.048166e+01,2.055152e+01,2.048865e+01,2.057246e+01,2.046769e+01,2.059340e+01,2.053057e+01,2.051660e+01,2.054453e+01,2.048865e+01,2.064225e+01,2.063528e+01,2.067016e+01,2.093485e+01,2.094180e+01,2.091398e+01,2.084437e+01,2.105999e+01,2.090702e+01,2.092093e+01,2.087918e+01,2.092789e+01,2.091398e+01,2.092789e+01,2.094180e+01,2.092093e+01,2.092093e+01,2.105999e+01,2.096962e+01,2.102524e+01,2.100439e+01,2.089310e+01,2.099744e+01,2.098353e+01,2.088614e+01,2.085830e+01,2.093485e+01,2.086526e+01,2.076079e+01,2.074685e+01,2.086526e+01,2.096267e+01,2.093485e+01,2.097658e+01,2.090006e+01,2.086526e+01,2.094180e+01,2.076079e+01,2.099048e+01,2.095572e+01,2.082348e+01,2.077472e+01,2.097658e+01,2.085134e+01,2.089310e+01,2.080259e+01,2.086526e+01,2.076079e+01,2.085830e+01,2.081652e+01,2.090006e+01,2.085134e+01,2.087222e+01,2.087222e+01,2.077472e+01,2.094180e+01,2.082348e+01,2.074685e+01,2.079562e+01,2.080955e+01,2.053755e+01,2.071897e+01,2.083741e+01,2.083045e+01,2.083741e+01,2.083045e+01,2.070502e+01,2.085134e+01,2.073291e+01,2.065621e+01,2.075382e+01,2.081652e+01,2.064225e+01,2.087222e+01,2.058643e+01,2.080955e+01,2.059340e+01,2.060736e+01,2.075382e+01,2.064225e+01,2.057246e+01,2.057944e+01,2.060736e+01,2.060736e+01,2.073291e+01,2.075382e+01,2.060736e+01,2.087222e+01,2.085830e+01,2.069805e+01,2.066318e+01,2.067016e+01,2.081652e+01,2.085134e+01,2.082348e+01,2.074685e+01,2.078169e+01,2.077472e+01
2.086526e+01,2.073291e+01,2.085830e+01,2.097658e+01,2.090006e+01,2.079562e+01,2.069108e+01,2.076775e+01,2.090006e+01,2.078169e+01,2.073291e+01,2.077472e+01,2.085134e+01,2.076775e+01,2.072594e+01,2.056548e+01,2.071897e+01,2.061434e+01,2.071897e+01,2.048166e+01,2.047468e+01,2.046769e+01,2.047468e+01,2.041875e+01,2.038379e+01,2.054453e+01,2.051660e+01,2.046769e+01,2.039778e+01,2.041875e+01,2.039778e+01,2.047468e+01,2.043274e+01,2.054453e+01,2.054453e+01,2.048166e+01,2.039778e+01,2.053057e+01,2.043274e+01,2.052358e+01,2.050262e+01,2.040477e+01,2.049564e+01,2.053755e+01,2.050262e+01,2.052358e+01,2.050961e+01,2.043973e+01,2.052358e+01,2.031382e+01,2.044672e+01,2.033481e+01,2.052358e+01,2.050262e+01,2.048865e+01,2.039778e+01,2.046769e+01,2.041176e+01,2.046769e+01,2.044672e+01,2.056548e+01,2.045371e+01,2.055850e+01,2.044672e+01,2.055152e+01,2.050262e+01,2.053057e+01,2.055152e+01,2.056548e+01,2.055152e+01,2.041875e+01,2.054453e+01,2.053755e+01,2.048166e+01,2.053755e+01,2.050961e+01,2.055152e+01,2.062132e+01,2.059340e+01,2.055850e+01,2.062830e+01,2.063528e+01,2.062830e+01,2.057246e+01,2.073988e+01,2.057246e+01,2.046769e+01,2.070502e+01,2.068410e+01,2.087222e+01,2.060039e+01,2.059340e+01,2.060039e+01,2.060039e+01,2.069108e+01,2.067016e+01,2.059340e+01,2.061434e+01,2.063528e+01,2.065621e+01,2.067016e+01,2.073291e+01,2.072594e+01,2.064923e+01,2.055850e+01,2.068410e+01,2.057246e+01,2.053755e+01,2.072594e+01,2.071897e+01,2.064923e+01,2.065621e+01,2.067713e+01,2.069108e+01,2.070502e+01,2.066318e+01,2.054453e+01,2.067016e+01,2.056548e+01,2.055850e+01,2.063528e+01,2.063528e+01,2.046070e+01,2.055850e+01,2.046769e+01,2.043274e+01,2.052358e+01,2.055850e+01,2.052358e+01,2.046769e+01,2.043973e+01,2.042575e+01,2.040477e+01,2.041875e+01,2.043274e+01,2.038379e+01,2.058643e+01,2.048166e+01,2.050262e+01,2.050262e+01,2.050961e+01,2.050961e+01,2.036280e+01,2.053755e+01,2.049564e+01,2.050262e+01,2.051660e+01,2.058643e+01,2.060039e+01,2.069805e+01,2.062132e+01,2.051660e+01,2.067713e+01,2.069108e+01,2.055850e+01,2.057944e+01,2.066318e+01,2.061434e+01,2.055850e+01,2.053755e+01,2.057944e+01,2.052358e+01,2.060039e+01,2.048865e+01,2.057944e+01,2.059340e+01,2.063528e+01,2.060736e+01,2.060736e+01,2.060736e+01,2.067713e+01,2.063528e+01,2.057944e+01,2.063528e+01,2.053755e+01,2.070502e+01,2.061434e+01,2.069108e+01,2.075382e+01,2.067016e+01,2.062830e+01,2.069108e+01,2.066318e+01,2.087222e+01,2.065621e+01,2.067016e+01,2.076775e+01,2.065621e+01,2.083045e+01,2.073291e+01,2.073291e+01,2.065621e+01,2.069805e+01,2.071200e+01,2.062830e+01,2.074685e+01,2.069805e+01,2.078169e+01,2.064225e+01,2.077472e+01,2.078866e+01,2.076775e+01,2.065621e+01,2.063528e+01,2.062830e+01,2.069805e+01,2.076079e+01,2.069108e+01,2.064225e+01,2.075382e+01,2.070502e+01,2.078866e+01,2.068410e+01,2.070502e+01,2.062132e+01,2.069805e+01,2.066318e+01,2.073291e+01,2.073988e+01,2.070502e+01,2.080955e+01,2.071897e+01,2.055850e+01,2.073988e+01,2.059340e+01,2.065621e+01,2.060736e+01,2.071897e+01,2.071897e+01,2.060736e+01,2.063528e+01,2.067713e+01,2.069108e+01,2.061434e+01,2.073291e+01,2.062830e+01,2.078169e+01,2.073988e+01,2.072594e+01,2.061434e+01,2.078169e+01,2.082348e+01,2.069108e+01,2.079562e+01,2.070502e+01,2.071200e+01,2.078169e+01,2.070502e+01,2.066318e+01,2.076079e+01,2.072594e+01,2.078866e+01,2.073291e+01,2.073988e+01,2.080259e+01,2.078169e+01,2.076775e+01,2.074685e+01,2.072594e+01,2.074685e+01,2.085830e+01,2.089310e+01,2.083741e+01,2.075382e+01,2.074685e+01,2.081652e+01,2.078866e+01,2.078866e+01,2.080955e+01,2.076775e+01,2.073988e+01,2.075382e+01,2.073988e+01,2.083045e+01,2.072594e+01,2.081652e+01,2.078169e+01,2.076079e+01,2.078169e+01,2.080955e+01,2.077472e+01,2.087918e+01,2.078866e+01,2.079562e+01,2.078866e+01,2.077472e+01,2.080955e+01,2.080955e+01,2.076079e+01,2.078169e+01,2.075382e+01,2.078169e+01,2.073291e+01,2.088614e+01,2.073988e+01,2.085830e+01,2.078866e+01,2.084437e+01,2.081652e+01,2.081652e+01,2.076775e+01,2.076079e+01,2.078169e+01,2.074685e+01,2.078169e+01,2.064225e+01,2.076079e+01,2.077472e+01,2.076079e+01,2.070502e+01,2.071200e+01,2.084437e+01,2.073291e+01,2.080259e+01,2.080955e+01,2.083045e+01,2.078866e+01,2.081652e+01,2.078866e+01,2.079562e+01,2.077472e+01,2.074685e+01,2.071200e+01,2.071200e+01,2.058643e+01,2.080955e+01,2.076775e+01,2.073291e+01,2.078169e+01,2.073291e+01,2.071200e+01,2.080955e+01,2.067016e+01,2.075382e+01,2.064225e+01,2.073988e+01,2.073988e+01,2.068410e+01,2.062830e+01,2.067016e+01,2.073291e+01,2.073291e+01,2.069805e+01,2.072594e+01,2.075382e+01,2.078169e+01,2.075382e+01,2.076775e+01,2.073988e+01,2.074685e+01,2.074685e+01,2.081652e+01,2.071200e+01,2.072594e+01,2.068410e+01,2.083741e+01,2.070502e+01,2.073988e+01,2.074685e+01,2.081652e+01,2.080955e+01,2.067713e+01,2.067016e+01,2.062132e+01,2.073988e+01,2.073291e+01,2.074685e+01,2.078169e+01,2.070502e+01,2.076079e+01,2.073291e+01,2.072594e+01,2.078169e+01,2.073988e+01,2.073291e+01,2.071200e+01,2.069805e+01,2.073291e+01,2.071200e+01,2.062132e+01,2.081652e+01,2.075382e+01,2.071200e+01,2.073291e+01,2.073291e+01,2.069108e+01,2.058643e+01,2.070502e+01,2.094180e+01,2.074685e+01,2.063528e+01,2.068410e+01,2.071897e+01,2.071897e+01,2.069805e+01,2.064923e+01,2.057944e+01,2.072594e+01,2.054453e+01,2.061434e+01,2.075382e+01,2.075382e+01,2.056548e+01,2.057944e+01,2.067713e+01,2.067713e+01,2.067016e+01,2.061434e+01,2.058643e+01,2.054453e+01,2.055152e+01,2.057246e+01,2.057246e+01,2.057246e+01,2.053755e+01,2.044672e+01,2.048865e+01,2.047468e+01,2.055152e+01,2.054453e+01,2.051660e+01,2.056548e+01,2.056548e+01,2.047468e+01,2.060736e+01,2.060039e+01,2.064225e+01,2.065621e+01,2.064225e+01,2.067713e+01,2.063528e+01,2.063528e+01,2.057246e+01,2.060039e+01,2.058643e+01,2.060736e+01,2.055152e+01,2.064923e+01,2.060736e+01,2.058643e+01,2.055850e+01,2.062132e+01,2.063528e+01,2.069108e+01,2.060736e+01,2.046070e+01,2.064225e+01,2.058643e+01,2.062830e+01,2.062132e+01,2.062132e+01,2.055152e+01,2.054453e+01,2.053755e+01,2.055850e+01,2.053057e+01,2.052358e+01,2.050262e+01,2.057944e+01,2.053755e+01,2.043973e+01,2.051660e+01,2.046769e+01,2.042575e+01,2.059340e+01,2.043973e+01,2.044672e+01,2.047468e+01,2.041875e+01,2.042575e+01,2.060039e+01,2.051660e+01,2.048865e+01,2.044672e+01,2.041875e+01,2.043973e+01,2.035581e+01,2.042575e+01,2.040477e+01,2.034881e+01,2.025781e+01,2.025781e+01,2.036280e+01,2.029982e+01,2.029982e+01,2.022278e+01,2.030682e+01,2.029982e+01,2.029982e+01,2.015270e+01,2.027181e+01,2.021578e+01,2.024380e+01,2.027881e+01,2.022979e+01,2.023680e+01,2.019476e+01,2.022979e+01,2.025781e+01,2.025080e+01,2.022979e+01,2.023680e+01,2.023680e+01,2.025781e+01,2.025781e+01,2.041176e+01,2.048166e+01,2.041875e+01,2.045371e+01,2.049564e+01,2.042575e+01,2.059340e+01,2.046070e+01,2.053057e+01,2.029282e+01,2.042575e+01,2.044672e+01,2.041176e+01,2.048865e+01,2.032782e+01,2.039778e+01,2.033481e+01,2.043274e+01,2.032782e+01,2.036280e+01,2.039078e+01,2.037679e+01,2.046769e+01,2.055850e+01,2.050961e+01,2.054453e+01,2.054453e+01,2.053755e+01,2.058643e+01,2.050961e+01,2.057246e+01,2.058643e+01,2.059340e+01,2.057944e+01,2.056548e+01,2.055850e+01,2.060736e+01,2.054453e+01,2.064923e+01,2.065621e+01,2.090702e+01,2.099744e+01,2.087222e+01,2.101829e+01,2.101134e+01,2.103914e+01,2.098353e+01,2.098353e+01,2.091398e+01,2.092789e+01,2.096267e+01,2.093485e+01,2.092789e+01,2.096267e+01,2.090702e+01,2.085830e+01,2.084437e+01,2.092789e+01,2.087222e+01,2.087918e+01,2.087918e+01,2.101134e+01,2.087222e+01,2.088614e+01,2.090006e+01,2.092093e+01,2.091398e+01,2.094876e+01,2.090702e+01,2.081652e+01,2.096267e+01,2.093485e+01,2.090006e+01,2.082348e+01,2.087918e+01,2.080955e+01,2.101134e+01,2.096962e+01,2.098353e+01,2.087222e+01,2.096962e+01,2.078169e+01,2.087918e+01,2.095572e+01,2.091398e+01,2.087222e+01,2.108777e+01,2.087918e+01,2.085134e+01,2.085134e+01,2.088614e+01,2.089310e+01,2.072594e+01,2.075382e+01,2.078866e+01,2.085134e+01,2.073291e+01,2.080259e+01,2.080259e+01,2.083741e+01,2.078866e+01,2.079562e+01,2.080259e+01,2.078169e+01,2.085830e+01,2.086526e+01,2.083045e+01,2.075382e+01,2.093485e+01,2.062132e+01,2.061434e+01,2.055152e+01,2.064225e+01,2.066318e+01,2.073988e+01,2.055152e+01,2.061434e+01,2.059340e+01,2.058643e+01,2.061434e+01,2.070502e+01,2.061434e+01,2.073988e+01,2.060736e+01,2.081652e+01,2.068410e+01,2.071897e+01,2.076775e+01,2.079562e+01,2.078169e+01,2.080955e+01,2.060736e+01,2.053057e+01,2.082348e+01,2.078169e+01
2.082348e+01,2.072594e+01,2.083741e+01,2.078866e+01,2.073291e+01,2.090702e+01,2.073291e+01,2.080955e+01,2.071200e+01,2.074685e+01,2.093485e+01,2.077472e+01,2.076079e+01,2.069805e+01,2.067016e+01,2.062132e+01,2.060039e+01,2.074685e+01,2.048166e+01,2.047468e+01,2.043973e+01,2.041176e+01,2.047468e+01,2.048865e+01,2.049564e+01,2.048166e+01,2.052358e+01,2.053057e+01,2.050961e+01,2.048865e+01,2.050961e+01,2.047468e+01,2.052358e+01,2.054453e+01,2.053057e+01,2.051660e+01,2.049564e+01,2.047468e+01,2.047468e+01,2.039778e+01,2.044672e+01,2.040477e+01,2.041176e+01,2.039078e+01,2.052358e+01,2.029982e+01,2.043973e+01,2.035581e+01,2.049564e+01,2.033481e+01,2.039078e+01,2.035581e+01,2.042575e+01,2.034881e+01,2.046070e+01,2.032082e+01,2.046769e+01,2.047468e+01,2.049564e+01,2.058643e+01,2.050262e+01,2.054453e+01,2.055152e+01,2.053057e+01,2.039778e+01,2.054453e+01,2.039078e+01,2.037679e+01,2.059340e+01,2.053755e+01,2.053057e+01,2.055152e+01,2.048166e+01,2.055850e+01,2.048865e+01,2.055850e+01,2.078169e+01,2.049564e+01,2.051660e+01,2.064225e+01,2.063528e+01,2.064225e+01,2.062132e+01,2.070502e+01,2.064225e+01,2.046070e+01,2.070502e+01,2.069108e+01,2.074685e+01,2.063528e+01,2.058643e+01,2.059340e+01,2.060039e+01,2.060039e+01,2.060039e+01,2.064923e+01,2.069108e+01,2.063528e+01,2.066318e+01,2.070502e+01,2.074685e+01,2.067713e+01,2.076775e+01,2.062132e+01,2.056548e+01,2.061434e+01,2.064923e+01,2.076079e+01,2.061434e+01,2.077472e+01,2.055850e+01,2.072594e+01,2.071200e+01,2.071200e+01,2.070502e+01,2.069805e+01,2.067713e+01,2.067713e+01,2.067713e+01,2.063528e+01,2.062830e+01,2.060736e+01,2.059340e+01,2.062132e+01,2.057944e+01,2.050262e+01,2.060039e+01,2.053057e+01,2.052358e+01,2.052358e+01,2.048865e+01,2.045371e+01,2.052358e+01,2.043973e+01,2.045371e+01,2.042575e+01,2.043973e+01,2.049564e+01,2.048166e+01,2.050262e+01,2.050262e+01,2.054453e+01,2.052358e+01,2.053755e+01,2.050961e+01,2.060039e+01,2.053755e+01,2.064225e+01,2.055152e+01,2.061434e+01,2.050262e+01,2.053057e+01,2.067016e+01,2.067016e+01,2.067713e+01,2.066318e+01,2.065621e+01,2.055850e+01,2.062830e+01,2.060039e+01,2.058643e+01,2.058643e+01,2.054453e+01,2.076079e+01,2.056548e+01,2.060039e+01,2.069805e+01,2.067713e+01,2.057944e+01,2.069108e+01,2.064923e+01,2.063528e+01,2.064923e+01,2.061434e+01,2.065621e+01,2.068410e+01,2.070502e+01,2.057944e+01,2.066318e+01,2.073291e+01,2.064225e+01,2.062132e+01,2.071200e+01,2.069108e+01,2.066318e+01,2.076775e+01,2.076079e+01,2.071897e+01,2.074685e+01,2.073988e+01,2.074685e+01,2.066318e+01,2.067016e+01,2.073988e+01,2.072594e+01,2.078169e+01,2.076775e+01,2.064923e+01,2.074685e+01,2.078866e+01,2.078866e+01,2.078866e+01,2.071897e+01,2.065621e+01,2.079562e+01,2.078866e+01,2.076775e+01,2.073988e+01,2.071897e+01,2.076079e+01,2.073988e+01,2.075382e+01,2.062830e+01,2.071200e+01,2.061434e+01,2.067713e+01,2.074685e+01,2.062132e+01,2.076775e+01,2.067016e+01,2.074685e+01,2.082348e+01,2.073291e+01,2.060736e+01,2.058643e+01,2.062830e+01,2.064923e+01,2.063528e+01,2.075382e+01,2.065621e+01,2.066318e+01,2.063528e+01,2.060039e+01,2.073291e+01,2.075382e+01,2.067713e+01,2.071897e+01,2.071200e+01,2.064225e+01,2.076079e+01,2.067713e+01,2.073291e+01,2.077472e+01,2.069805e+01,2.073988e+01,2.073291e+01,2.076775e+01,2.087222e+01,2.071897e+01,2.063528e+01,2.073291e+01,2.078169e+01,2.069805e+01,2.073988e+01,2.071897e+01,2.074685e+01,2.070502e+01,2.076775e+01,2.076079e+01,2.071200e+01,2.078169e+01,2.083045e+01,2.078169e+01,2.078866e+01,2.078866e+01,2.103219e+01,2.084437e+01,2.081652e+01,2.079562e+01,2.080259e+01,2.079562e+01,2.074685e+01,2.078866e+01,2.083045e+01,2.081652e+01,2.079562e+01,2.075382e+01,2.077472e+01,2.082348e+01,2.085134e+01,2.076775e+01,2.084437e+01,2.078866e+01,2.082348e+01,2.086526e+01,2.078169e+01,2.080955e+01,2.083741e+01,2.096962e+01,2.075382e+01,2.080259e+01,2.073291e+01,2.079562e+01,2.082348e+01,2.082348e+01,2.081652e+01,2.083045e+01,2.080955e+01,2.079562e+01,2.083045e+01,2.083741e+01,2.082348e+01,2.077472e+01,2.075382e+01,2.079562e+01,2.072594e+01,2.076775e+01,2.075382e+01,2.076079e+01,2.080259e+01,2.081652e+01,2.067016e+01,2.069805e+01,2.070502e+01,2.079562e+01,2.076079e+01,2.081652e+01,2.073291e+01,2.081652e+01,2.078169e+01,2.087918e+01,2.083741e+01,2.068410e+01,2.078169e+01,2.078169e+01,2.083741e+01,2.079562e+01,2.069805e+01,2.091398e+01,2.073988e+01,2.071200e+01,2.077472e+01,2.077472e+01,2.066318e+01,2.074685e+01,2.069805e+01,2.065621e+01,2.069805e+01,2.070502e+01,2.064225e+01,2.072594e+01,2.069805e+01,2.069108e+01,2.074685e+01,2.075382e+01,2.076775e+01,2.068410e+01,2.070502e+01,2.079562e+01,2.073291e+01,2.083045e+01,2.083045e+01,2.080955e+01,2.073291e+01,2.078169e+01,2.071897e+01,2.076775e+01,2.078169e+01,2.077472e+01,2.085830e+01,2.069108e+01,2.078866e+01,2.078169e+01,2.076079e+01,2.076079e+01,2.071897e+01,2.073291e+01,2.078866e+01,2.078169e+01,2.073988e+01,2.072594e+01,2.085134e+01,2.078866e+01,2.073291e+01,2.071897e+01,2.072594e+01,2.067713e+01,2.069805e+01,2.073291e+01,2.057246e+01,2.067713e+01,2.072594e+01,2.071200e+01,2.078169e+01,2.078169e+01,2.067713e+01,2.069805e+01,2.070502e+01,2.090006e+01,2.071897e+01,2.073988e+01,2.072594e+01,2.073291e+01,2.071200e+01,2.066318e+01,2.071200e+01,2.076775e+01,2.077472e+01,2.064225e+01,2.077472e+01,2.071200e+01,2.058643e+01,2.064225e+01,2.062132e+01,2.062132e+01,2.064225e+01,2.061434e+01,2.073988e+01,2.057944e+01,2.057246e+01,2.059340e+01,2.062132e+01,2.057944e+01,2.059340e+01,2.057944e+01,2.049564e+01,2.063528e+01,2.059340e+01,2.056548e+01,2.053755e+01,2.054453e+01,2.054453e+01,2.058643e+01,2.057944e+01,2.063528e+01,2.063528e+01,2.071200e+01,2.070502e+01,2.069805e+01,2.065621e+01,2.062830e+01,2.069805e+01,2.058643e+01,2.059340e+01,2.059340e+01,2.063528e+01,2.057246e+01,2.067713e+01,2.053755e+01,2.055152e+01,2.061434e+01,2.065621e+01,2.057246e+01,2.064225e+01,2.062132e+01,2.059340e+01,2.064923e+01,2.071200e+01,2.062132e+01,2.064923e+01,2.056548e+01,2.064225e+01,2.056548e+01,2.055152e+01,2.055152e+01,2.052358e+01,2.065621e+01,2.055850e+01,2.057246e+01,2.057246e+01,2.053755e+01,2.057246e+01,2.044672e+01,2.051660e+01,2.053755e+01,2.050262e+01,2.055850e+01,2.056548e+01,2.060039e+01,2.047468e+01,2.048865e+01,2.049564e+01,2.055850e+01,2.057944e+01,2.050262e+01,2.043973e+01,2.039778e+01,2.039078e+01,2.034881e+01,2.040477e+01,2.041176e+01,2.029982e+01,2.031382e+01,2.032782e+01,2.031382e+01,2.034181e+01,2.029982e+01,2.026481e+01,2.031382e+01,2.032082e+01,2.025781e+01,2.025781e+01,2.017373e+01,2.025781e+01,2.013868e+01,2.021578e+01,2.028582e+01,2.032782e+01,2.021578e+01,2.027881e+01,2.025080e+01,2.028582e+01,2.029282e+01,2.025781e+01,2.025080e+01,2.046769e+01,2.050262e+01,2.046769e+01,2.046769e+01,2.046769e+01,2.044672e+01,2.051660e+01,2.043973e+01,2.039078e+01,2.050262e+01,2.042575e+01,2.048166e+01,2.044672e+01,2.036280e+01,2.045371e+01,2.032782e+01,2.040477e+01,2.034181e+01,2.039778e+01,2.043274e+01,2.038379e+01,2.046070e+01,2.050961e+01,2.053755e+01,2.052358e+01,2.053755e+01,2.054453e+01,2.054453e+01,2.060736e+01,2.075382e+01,2.050262e+01,2.067016e+01,2.060039e+01,2.050262e+01,2.061434e+01,2.058643e+01,2.059340e+01,2.061434e+01,2.085830e+01,2.060039e+01,2.087918e+01,2.091398e+01,2.094180e+01,2.093485e+01,2.105304e+01,2.104609e+01,2.110861e+01,2.092093e+01,2.109472e+01,2.091398e+01,2.094180e+01,2.091398e+01,2.093485e+01,2.110861e+01,2.098353e+01,2.086526e+01,2.096267e+01,2.099744e+01,2.099744e+01,2.088614e+01,2.095572e+01,2.096962e+01,2.098353e+01,2.090006e+01,2.090006e+01,2.094180e+01,2.087222e+01,2.087918e+01,2.092093e+01,2.087918e+01,2.094876e+01,2.085830e+01,2.094876e+01,2.094180e+01,2.099048e+01,2.110166e+01,2.103219e+01,2.105999e+01,2.083741e+01,2.099048e+01,2.099048e+01,2.085830e+01,2.091398e+01,2.087222e+01,2.080259e+01,2.085830e+01,2.087222e+01,2.091398e+01,2.091398e+01,2.087918e+01,2.089310e+01,2.083045e+01,2.089310e+01,2.095572e+01,2.083045e+01,2.080955e+01,2.097658e+01,2.082348e+01,2.083741e+01,2.078866e+01,2.089310e+01,2.087918e+01,2.076775e+01,2.082348e+01,2.083045e+01,2.079562e+01,2.092093e+01,2.083045e+01,2.072594e+01,2.055152e+01,2.072594e+01,2.057246e+01,2.071200e+01,2.075382e+01,2.067713e+01,2.068410e+01,2.060736e+01,2.059340e+01,2.066318e+01,2.057944e+01,2.062830e+01,2.070502e+01,2.067713e+01,2.064923e+01,2.071897e+01,2.069805e+01,2.068410e+01,2.060039e+01,2.073291e+01,2.072594e+01,2.071200e+01,2.062132e+01,2.082348e+01,2.059340e+01,2.070502e+01
2.078169e+01,2.071897e+01,2.075382e+01,2.084437e+01,2.070502e+01,2.074685e+01,2.088614e+01,2.073291e+01,2.086526e+01,2.073988e+01,2.086526e+01,2.068410e+01,2.071897e+01,2.075382e+01,2.073291e+01,2.055152e+01,2.069108e+01,2.042575e+01,2.046070e+01,2.044672e+01,2.042575e+01,2.037679e+01,2.045371e+01,2.051660e+01,2.046769e+01,2.051660e+01,2.046070e+01,2.050961e+01,2.046070e+01,2.049564e+01,2.050961e+01,2.050262e+01,2.055850e+01,2.050262e+01,2.048865e+01,2.046769e+01,2.047468e+01,2.044672e+01,2.038379e+01,2.030682e+01,2.039778e+01,2.049564e+01,2.039778e+01,2.036980e+01,2.038379e+01,2.035581e+01,2.029282e+01,2.043274e+01,2.030682e+01,2.036980e+01,2.027181e+01,2.028582e+01,2.027881e+01,2.035581e+01,2.039778e+01,2.029982e+01,2.032082e+01,2.030682e+01,2.046769e+01,2.046769e+01,2.044672e+01,2.042575e+01,2.035581e+01,2.048166e+01,2.053057e+01,2.051660e+01,2.035581e+01,2.047468e+01,2.040477e+01,2.045371e+01,2.043973e+01,2.045371e+01,2.041875e+01,2.051660e+01,2.047468e+01,2.047468e+01,2.048865e+01,2.041875e+01,2.052358e+01,2.053057e+01,2.055152e+01,2.061434e+01,2.054453e+01,2.049564e+01,2.056548e+01,2.068410e+01,2.066318e+01,2.062830e+01,2.062132e+01,2.059340e+01,2.055152e+01,2.057944e+01,2.055850e+01,2.057246e+01,2.063528e+01,2.084437e+01,2.064923e+01,2.065621e+01,2.070502e+01,2.068410e+01,2.069805e+01,2.057944e+01,2.073291e+01,2.064923e+01,2.070502e+01,2.060039e+01,2.055850e+01,2.071897e+01,2.061434e+01,2.055152e+01,2.061434e+01,2.071200e+01,2.071200e+01,2.061434e+01,2.067713e+01,2.064225e+01,2.067713e+01,2.062830e+01,2.064225e+01,2.054453e+01,2.066318e+01,2.061434e+01,2.060039e+01,2.051660e+01,2.058643e+01,2.048166e+01,2.048166e+01,2.051660e+01,2.058643e+01,2.053057e+01,2.052358e+01,2.040477e+01,2.046070e+01,2.055850e+01,2.047468e+01,2.045371e+01,2.043973e+01,2.049564e+01,2.044672e+01,2.050961e+01,2.047468e+01,2.053057e+01,2.049564e+01,2.044672e+01,2.051660e+01,2.056548e+01,2.043274e+01,2.053057e+01,2.055850e+01,2.058643e+01,2.056548e+01,2.059340e+01,2.055152e+01,2.053755e+01,2.055152e+01,2.060039e+01,2.062132e+01,2.060039e+01,2.055152e+01,2.060736e+01,2.064923e+01,2.058643e+01,2.053057e+01,2.057944e+01,2.055850e+01,2.043274e+01,2.055850e+01,2.064923e+01,2.057944e+01,2.062830e+01,2.061434e+01,2.054453e+01,2.064225e+01,2.069108e+01,2.069108e+01,2.067016e+01,2.072594e+01,2.073291e+01,2.068410e+01,2.067016e+01,2.072594e+01,2.070502e+01,2.069805e+01,2.065621e+01,2.071897e+01,2.074685e+01,2.067016e+01,2.076079e+01,2.075382e+01,2.074685e+01,2.074685e+01,2.073291e+01,2.067713e+01,2.073988e+01,2.075382e+01,2.072594e+01,2.065621e+01,2.079562e+01,2.065621e+01,2.065621e+01,2.064225e+01,2.066318e+01,2.075382e+01,2.068410e+01,2.069108e+01,2.064923e+01,2.062830e+01,2.067016e+01,2.074685e+01,2.072594e+01,2.075382e+01,2.065621e+01,2.078866e+01,2.059340e+01,2.063528e+01,2.062132e+01,2.057246e+01,2.058643e+01,2.072594e+01,2.069805e+01,2.072594e+01,2.077472e+01,2.070502e+01,2.070502e+01,2.057246e+01,2.067713e+01,2.071897e+01,2.066318e+01,2.067713e+01,2.069108e+01,2.065621e+01,2.062132e+01,2.068410e+01,2.068410e+01,2.075382e+01,2.073291e+01,2.071200e+01,2.067713e+01,2.070502e+01,2.066318e+01,2.073291e+01,2.068410e+01,2.069108e+01,2.070502e+01,2.077472e+01,2.075382e+01,2.068410e+01,2.072594e+01,2.082348e+01,2.074685e+01,2.080259e+01,2.080259e+01,2.066318e+01,2.078866e+01,2.078169e+01,2.072594e+01,2.083045e+01,2.078866e+01,2.079562e+01,2.076079e+01,2.072594e+01,2.076775e+01,2.082348e+01,2.076775e+01,2.075382e+01,2.080955e+01,2.080955e+01,2.080955e+01,2.079562e+01,2.078169e+01,2.083741e+01,2.080259e+01,2.082348e+01,2.082348e+01,2.081652e+01,2.071897e+01,2.080955e+01,2.074685e+01,2.079562e+01,2.080259e+01,2.078169e+01,2.075382e+01,2.080955e+01,2.067713e+01,2.084437e+01,2.080955e+01,2.078169e+01,2.080259e+01,2.078169e+01,2.078169e+01,2.092789e+01,2.089310e+01,2.074685e+01,2.075382e+01,2.072594e+01,2.082348e+01,2.083045e+01,2.080955e+01,2.082348e+01,2.080259e+01,2.082348e+01,2.076775e+01,2.085830e+01,2.083741e+01,2.079562e+01,2.075382e+01,2.079562e+01,2.080955e+01,2.075382e+01,2.071200e+01,2.071200e+01,2.076775e+01,2.071200e+01,2.077472e+01,2.067713e+01,2.078866e+01,2.081652e+01,2.066318e+01,2.078866e+01,2.071200e+01,2.084437e+01,2.071200e+01,2.077472e+01,2.071200e+01,2.080259e+01,2.071200e+01,2.073988e+01,2.071200e+01,2.064923e+01,2.068410e+01,2.085134e+01,2.062830e+01,2.078866e+01,2.073988e+01,2.074685e+01,2.088614e+01,2.070502e+01,2.067016e+01,2.064923e+01,2.066318e+01,2.066318e+01,2.072594e+01,2.060736e+01,2.079562e+01,2.078169e+01,2.076775e+01,2.078169e+01,2.068410e+01,2.079562e+01,2.073291e+01,2.069805e+01,2.075382e+01,2.071897e+01,2.078866e+01,2.071200e+01,2.076079e+01,2.073988e+01,2.073988e+01,2.076775e+01,2.069805e+01,2.078169e+01,2.067016e+01,2.063528e+01,2.068410e+01,2.063528e+01,2.073988e+01,2.074685e+01,2.078169e+01,2.072594e+01,2.062830e+01,2.071897e+01,2.077472e+01,2.070502e+01,2.073291e+01,2.074685e+01,2.073291e+01,2.071200e+01,2.067713e+01,2.071897e+01,2.072594e+01,2.061434e+01,2.073988e+01,2.068410e+01,2.069805e+01,2.067713e+01,2.064923e+01,2.067713e+01,2.068410e+01,2.067713e+01,2.071897e+01,2.071897e+01,2.073988e+01,2.069805e+01,2.070502e+01,2.075382e+01,2.072594e+01,2.062830e+01,2.076079e+01,2.070502e+01,2.054453e+01,2.067016e+01,2.058643e+01,2.063528e+01,2.064225e+01,2.056548e+01,2.065621e+01,2.057246e+01,2.071200e+01,2.058643e+01,2.078169e+01,2.057944e+01,2.055152e+01,2.055152e+01,2.061434e+01,2.050961e+01,2.060039e+01,2.053057e+01,2.051660e+01,2.046070e+01,2.053057e+01,2.052358e+01,2.053755e+01,2.057944e+01,2.055850e+01,2.060039e+01,2.061434e+01,2.064923e+01,2.065621e+01,2.051660e+01,2.063528e+01,2.057246e+01,2.062830e+01,2.059340e+01,2.060736e+01,2.060736e+01,2.061434e+01,2.062132e+01,2.056548e+01,2.057944e+01,2.061434e+01,2.053057e+01,2.049564e+01,2.060736e+01,2.062132e+01,2.061434e+01,2.070502e+01,2.065621e+01,2.066318e+01,2.062132e+01,2.060736e+01,2.064923e+01,2.063528e+01,2.053755e+01,2.063528e+01,2.056548e+01,2.055152e+01,2.056548e+01,2.051660e+01,2.065621e+01,2.053057e+01,2.050961e+01,2.056548e+01,2.049564e+01,2.050961e+01,2.049564e+01,2.040477e+01,2.048166e+01,2.048865e+01,2.048166e+01,2.053057e+01,2.060039e+01,2.055850e+01,2.046070e+01,2.039778e+01,2.044672e+01,2.054453e+01,2.050262e+01,2.039078e+01,2.041176e+01,2.036280e+01,2.018775e+01,2.034881e+01,2.024380e+01,2.031382e+01,2.011764e+01,2.018775e+01,2.020177e+01,2.021578e+01,2.025080e+01,2.021578e+01,2.020177e+01,2.028582e+01,2.022979e+01,2.016672e+01,2.020877e+01,2.015270e+01,2.027181e+01,2.022278e+01,2.027881e+01,2.027881e+01,2.046070e+01,2.032782e+01,2.025080e+01,2.027181e+01,2.025781e+01,2.044672e+01,2.046769e+01,2.048865e+01,2.043274e+01,2.062830e+01,2.053057e+01,2.043274e+01,2.042575e+01,2.043274e+01,2.036980e+01,2.039078e+01,2.041176e+01,2.029982e+01,2.042575e+01,2.036980e+01,2.044672e+01,2.034181e+01,2.033481e+01,2.034181e+01,2.030682e+01,2.041176e+01,2.050262e+01,2.053057e+01,2.032782e+01,2.055850e+01,2.057246e+01,2.048865e+01,2.069108e+01,2.058643e+01,2.060736e+01,2.058643e+01,2.060736e+01,2.048166e+01,2.058643e+01,2.054453e+01,2.058643e+01,2.057944e+01,2.062132e+01,2.070502e+01,2.062830e+01,2.086526e+01,2.093485e+01,2.087918e+01,2.092789e+01,2.087918e+01,2.106693e+01,2.102524e+01,2.080259e+01,2.108083e+01,2.095572e+01,2.093485e+01,2.096962e+01,2.098353e+01,2.100439e+01,2.094876e+01,2.085830e+01,2.107388e+01,2.101829e+01,2.088614e+01,2.087918e+01,2.087918e+01,2.089310e+01,2.091398e+01,2.083741e+01,2.092093e+01,2.080955e+01,2.078866e+01,2.096267e+01,2.098353e+01,2.098353e+01,2.090006e+01,2.090702e+01,2.094180e+01,2.092093e+01,2.090006e+01,2.110861e+01,2.103914e+01,2.080955e+01,2.101134e+01,2.093485e+01,2.079562e+01,2.092093e+01,2.094180e+01,2.085134e+01,2.088614e+01,2.090006e+01,2.083045e+01,2.089310e+01,2.094180e+01,2.080955e+01,2.088614e+01,2.082348e+01,2.080955e+01,2.093485e+01,2.080955e+01,2.076775e+01,2.079562e+01,2.081652e+01,2.076775e+01,2.085830e+01,2.088614e+01,2.078866e+01,2.082348e+01,2.076775e+01,2.073291e+01,2.084437e+01,2.078866e+01,2.085134e+01,2.074685e+01,2.056548e+01,2.065621e+01,2.062830e+01,2.073988e+01,2.073988e+01,2.073988e+01,2.057246e+01,2.050961e+01,2.069805e+01,2.073291e+01,2.072594e+01,2.073291e+01,2.060736e+01,2.056548e+01,2.067713e+01,2.060736e+01,2.071200e+01,2.055850e+01,2.054453e+01,2.057246e+01,2.066318e+01,2.071200e+01,2.055152e+01,2.061434e+01,2.061434e+01,2.054453e+01
2.069805e+01,2.076079e+01,2.078866e+01,2.071200e+01,2.083045e+01,2.073291e+01,2.076079e+01,2.071897e+01,2.064923e+01,2.076079e+01,2.078169e+01,2.075382e+01,2.071200e+01,2.075382e+01,2.061434e+01,2.069805e+01,2.047468e+01,2.046070e+01,2.053755e+01,2.033481e+01,2.039078e+01,2.033481e+01,2.041875e+01,2.040477e+01,2.043973e+01,2.048166e+01,2.043274e+01,2.049564e+01,2.046070e+01,2.047468e+01,2.036280e+01,2.041875e+01,2.042575e+01,2.050961e+01,2.043274e+01,2.053755e+01,2.039078e+01,2.043274e+01,2.029982e+01,2.035581e+01,2.041875e+01,2.040477e+01,2.021578e+01,2.020177e+01,2.034181e+01,2.031382e+01,2.032782e+01,2.029282e+01,2.027881e+01,2.029982e+01,2.029282e+01,2.036980e+01,2.037679e+01,2.042575e+01,2.031382e+01,2.031382e+01,2.029282e+01,2.027181e+01,2.041875e+01,2.044672e+01,2.027881e+01,2.043274e+01,2.046769e+01,2.037679e+01,2.051660e+01,2.034181e+01,2.053057e+01,2.049564e+01,2.043274e+01,2.041875e+01,2.040477e+01,2.042575e+01,2.036280e+01,2.043973e+01,2.046769e+01,2.048166e+01,2.043274e+01,2.046769e+01,2.048865e+01,2.052358e+01,2.050961e+01,2.041176e+01,2.051660e+01,2.066318e+01,2.062132e+01,2.060039e+01,2.058643e+01,2.055152e+01,2.069108e+01,2.053755e+01,2.054453e+01,2.055850e+01,2.056548e+01,2.066318e+01,2.056548e+01,2.060736e+01,2.064225e+01,2.064225e+01,2.064923e+01,2.066318e+01,2.070502e+01,2.061434e+01,2.071200e+01,2.061434e+01,2.046070e+01,2.056548e+01,2.068410e+01,2.067713e+01,2.073988e+01,2.069108e+01,2.061434e+01,2.064923e+01,2.063528e+01,2.064923e+01,2.067713e+01,2.066318e+01,2.057944e+01,2.058643e+01,2.055850e+01,2.055850e+01,2.064225e+01,2.057944e+01,2.056548e+01,2.057246e+01,2.059340e+01,2.043973e+01,2.047468e+01,2.045371e+01,2.053057e+01,2.053755e+01,2.040477e+01,2.042575e+01,2.047468e+01,2.044672e+01,2.046070e+01,2.046769e+01,2.046769e+01,2.044672e+01,2.053755e+01,2.048166e+01,2.053755e+01,2.045371e+01,2.046070e+01,2.047468e+01,2.043973e+01,2.056548e+01,2.051660e+01,2.048166e+01,2.045371e+01,2.053755e+01,2.057944e+01,2.055850e+01,2.055850e+01,2.053057e+01,2.046769e+01,2.055152e+01,2.051660e+01,2.053755e+01,2.059340e+01,2.055152e+01,2.048865e+01,2.050961e+01,2.062132e+01,2.069108e+01,2.070502e+01,2.055850e+01,2.055152e+01,2.068410e+01,2.055850e+01,2.054453e+01,2.060736e+01,2.057246e+01,2.061434e+01,2.055850e+01,2.059340e+01,2.071897e+01,2.044672e+01,2.067713e+01,2.069805e+01,2.071897e+01,2.072594e+01,2.060736e+01,2.065621e+01,2.063528e+01,2.064923e+01,2.078866e+01,2.069108e+01,2.071897e+01,2.071200e+01,2.072594e+01,2.063528e+01,2.063528e+01,2.066318e+01,2.072594e+01,2.071200e+01,2.066318e+01,2.071897e+01,2.062830e+01,2.074685e+01,2.063528e+01,2.070502e+01,2.071897e+01,2.062132e+01,2.075382e+01,2.076775e+01,2.073291e+01,2.067713e+01,2.069108e+01,2.071897e+01,2.071200e+01,2.066318e+01,2.070502e+01,2.069805e+01,2.065621e+01,2.066318e+01,2.070502e+01,2.063528e+01,2.067016e+01,2.071200e+01,2.073291e+01,2.062830e+01,2.070502e+01,2.066318e+01,2.062132e+01,2.067713e+01,2.066318e+01,2.061434e+01,2.064225e+01,2.065621e+01,2.063528e+01,2.060039e+01,2.068410e+01,2.070502e+01,2.056548e+01,2.071200e+01,2.072594e+01,2.064225e+01,2.058643e+01,2.070502e+01,2.059340e+01,2.068410e+01,2.067713e+01,2.070502e+01,2.071200e+01,2.072594e+01,2.071897e+01,2.071200e+01,2.075382e+01,2.076775e+01,2.081652e+01,2.071897e+01,2.077472e+01,2.071200e+01,2.074685e+01,2.074685e+01,2.073291e+01,2.074685e+01,2.084437e+01,2.077472e+01,2.076775e+01,2.073988e+01,2.080955e+01,2.076079e+01,2.076775e+01,2.075382e+01,2.076079e+01,2.071897e+01,2.076079e+01,2.071897e+01,2.077472e+01,2.077472e+01,2.080955e+01,2.078169e+01,2.083045e+01,2.073988e+01,2.082348e+01,2.078169e+01,2.073988e+01,2.078866e+01,2.083741e+01,2.076775e+01,2.091398e+01,2.080955e+01,2.076079e+01,2.080259e+01,2.083045e+01,2.075382e+01,2.078866e+01,2.073291e+01,2.074685e+01,2.075382e+01,2.079562e+01,2.073291e+01,2.073291e+01,2.076079e+01,2.083045e+01,2.082348e+01,2.080955e+01,2.083741e+01,2.085134e+01,2.080955e+01,2.083741e+01,2.083741e+01,2.082348e+01,2.079562e+01,2.076079e+01,2.074685e+01,2.072594e+01,2.076079e+01,2.073291e+01,2.061434e+01,2.078866e+01,2.080259e+01,2.066318e+01,2.072594e+01,2.078866e+01,2.076079e+01,2.076775e+01,2.087222e+01,2.081652e+01,2.074685e+01,2.076775e+01,2.079562e+01,2.076775e+01,2.076079e+01,2.076079e+01,2.067016e+01,2.073988e+01,2.069108e+01,2.065621e+01,2.076775e+01,2.079562e+01,2.073988e+01,2.060039e+01,2.069108e+01,2.062132e+01,2.062132e+01,2.071897e+01,2.060039e+01,2.059340e+01,2.073988e+01,2.071897e+01,2.075382e+01,2.071897e+01,2.075382e+01,2.073291e+01,2.070502e+01,2.068410e+01,2.071200e+01,2.069805e+01,2.069108e+01,2.073988e+01,2.076079e+01,2.071897e+01,2.071200e+01,2.073291e+01,2.074685e+01,2.070502e+01,2.076775e+01,2.078169e+01,2.071897e+01,2.073988e+01,2.068410e+01,2.072594e+01,2.073988e+01,2.072594e+01,2.073291e+01,2.079562e+01,2.070502e+01,2.071897e+01,2.073291e+01,2.074685e+01,2.076775e+01,2.064225e+01,2.074685e+01,2.069805e+01,2.067016e+01,2.062830e+01,2.063528e+01,2.062830e+01,2.071200e+01,2.065621e+01,2.064923e+01,2.067713e+01,2.067016e+01,2.067016e+01,2.071200e+01,2.067713e+01,2.071200e+01,2.072594e+01,2.071200e+01,2.073291e+01,2.075382e+01,2.065621e+01,2.058643e+01,2.071200e+01,2.066318e+01,2.065621e+01,2.067016e+01,2.064225e+01,2.067016e+01,2.056548e+01,2.064923e+01,2.060736e+01,2.058643e+01,2.049564e+01,2.058643e+01,2.052358e+01,2.067016e+01,2.059340e+01,2.059340e+01,2.053755e+01,2.057944e+01,2.055850e+01,2.055152e+01,2.060039e+01,2.048166e+01,2.054453e+01,2.057246e+01,2.055152e+01,2.044672e+01,2.055850e+01,2.054453e+01,2.050961e+01,2.057246e+01,2.058643e+01,2.065621e+01,2.064923e+01,2.062830e+01,2.067713e+01,2.059340e+01,2.061434e+01,2.060736e+01,2.062830e+01,2.052358e+01,2.064225e+01,2.060736e+01,2.055152e+01,2.053755e+01,2.056548e+01,2.057246e+01,2.053755e+01,2.052358e+01,2.048166e+01,2.051660e+01,2.060736e+01,2.062132e+01,2.065621e+01,2.059340e+01,2.060736e+01,2.060039e+01,2.058643e+01,2.060736e+01,2.056548e+01,2.050961e+01,2.057944e+01,2.055850e+01,2.057944e+01,2.055152e+01,2.053057e+01,2.055152e+01,2.045371e+01,2.048865e+01,2.057944e+01,2.053755e+01,2.046070e+01,2.050262e+01,2.049564e+01,2.045371e+01,2.047468e+01,2.050961e+01,2.053057e+01,2.048166e+01,2.043973e+01,2.048166e+01,2.035581e+01,2.047468e+01,2.043274e+01,2.044672e+01,2.046070e+01,2.031382e+01,2.036280e+01,2.027881e+01,2.034181e+01,2.023680e+01,2.015270e+01,2.024380e+01,2.021578e+01,2.018775e+01,2.025781e+01,2.022278e+01,2.027181e+01,2.020177e+01,2.013167e+01,2.017373e+01,2.015971e+01,2.015270e+01,2.029982e+01,2.025781e+01,2.027881e+01,2.027881e+01,2.026481e+01,2.021578e+01,2.025080e+01,2.041875e+01,2.048865e+01,2.035581e+01,2.047468e+01,2.044672e+01,2.047468e+01,2.036280e+01,2.046070e+01,2.048166e+01,2.039078e+01,2.036980e+01,2.038379e+01,2.047468e+01,2.044672e+01,2.034181e+01,2.045371e+01,2.041875e+01,2.035581e+01,2.035581e+01,2.036280e+01,2.041176e+01,2.043274e+01,2.036980e+01,2.041176e+01,2.053755e+01,2.053755e+01,2.039778e+01,2.055850e+01,2.046769e+01,2.048166e+01,2.048166e+01,2.058643e+01,2.062132e+01,2.057246e+01,2.060039e+01,2.057246e+01,2.058643e+01,2.057944e+01,2.051660e+01,2.062132e+01,2.083741e+01,2.087918e+01,2.087918e+01,2.091398e+01,2.085830e+01,2.098353e+01,2.090702e+01,2.099048e+01,2.088614e+01,2.091398e+01,2.101829e+01,2.101134e+01,2.087918e+01,2.090702e+01,2.093485e+01,2.085134e+01,2.084437e+01,2.097658e+01,2.092093e+01,2.092093e+01,2.092789e+01,2.085830e+01,2.094180e+01,2.093485e+01,2.087918e+01,2.092093e+01,2.090006e+01,2.083741e+01,2.080259e+01,2.089310e+01,2.084437e+01,2.087918e+01,2.089310e+01,2.087918e+01,2.092093e+01,2.102524e+01,2.090702e+01,2.088614e+01,2.087918e+01,2.084437e+01,2.090006e+01,2.088614e+01,2.087222e+01,2.091398e+01,2.087918e+01,2.083741e+01,2.084437e+01,2.085134e+01,2.080259e+01,2.087222e+01,2.091398e+01,2.092093e+01,2.089310e+01,2.071897e+01,2.080955e+01,2.087222e+01,2.077472e+01,2.080259e+01,2.082348e+01,2.076079e+01,2.077472e+01,2.078866e+01,2.078169e+01,2.080259e+01,2.085134e+01,2.094876e+01,2.080259e+01,2.084437e+01,2.073988e+01,2.066318e+01,2.059340e+01,2.071200e+01,2.062830e+01,2.062830e+01,2.056548e+01,2.062132e+01,2.064225e+01,2.062132e+01,2.071897e+01,2.071897e+01,2.065621e+01,2.062132e+01,2.069805e+01,2.062830e+01,2.055850e+01,2.051660e+01,2.048865e+01,2.054453e+01,2.062830e+01,2.054453e+01,2.062830e+01,2.060039e+01,2.061434e+01,2.061434e+01,2.050961e+01,2.060039e+01
2.078866e+01,2.078866e+01,2.069108e+01,2.080259e+01,2.080955e+01,2.075382e+01,2.073988e+01,2.073291e+01,2.073291e+01,2.064225e+01,2.075382e+01,2.073988e+01,2.060736e+01,2.054453e+01,2.059340e+01,2.048166e+01,2.048865e+01,2.045371e+01,2.043973e+01,2.042575e+01,2.039078e+01,2.036980e+01,2.040477e+01,2.039778e+01,2.028582e+01,2.042575e+01,2.037679e+01,2.043274e+01,2.045371e+01,2.041875e+01,2.048865e+01,2.039778e+01,2.036980e+01,2.039778e+01,2.048865e+01,2.029282e+01,2.043973e+01,2.043274e+01,2.042575e+01,2.026481e+01,2.026481e+01,2.023680e+01,2.044672e+01,2.026481e+01,2.032082e+01,2.032782e+01,2.030682e+01,2.032782e+01,2.027181e+01,2.033481e+01,2.031382e+01,2.029282e+01,2.029982e+01,2.048865e+01,2.032782e+01,2.031382e+01,2.032782e+01,2.036280e+01,2.034881e+01,2.044672e+01,2.042575e+01,2.042575e+01,2.030682e+01,2.032782e+01,2.038379e+01,2.048865e+01,2.050262e+01,2.034881e+01,2.034881e+01,2.037679e+01,2.046070e+01,2.043973e+01,2.045371e+01,2.047468e+01,2.042575e+01,2.045371e+01,2.043973e+01,2.040477e+01,2.046769e+01,2.048166e+01,2.048166e+01,2.046070e+01,2.055850e+01,2.055152e+01,2.059340e+01,2.054453e+01,2.047468e+01,2.056548e+01,2.059340e+01,2.067016e+01,2.049564e+01,2.053755e+01,2.062830e+01,2.060736e+01,2.062132e+01,2.061434e+01,2.063528e+01,2.084437e+01,2.067016e+01,2.067016e+01,2.064225e+01,2.069805e+01,2.065621e+01,2.056548e+01,2.060039e+01,2.064225e+01,2.060039e+01,2.060736e+01,2.070502e+01,2.061434e+01,2.061434e+01,2.061434e+01,2.071200e+01,2.069108e+01,2.063528e+01,2.056548e+01,2.064923e+01,2.060039e+01,2.058643e+01,2.053057e+01,2.052358e+01,2.064923e+01,2.055850e+01,2.055152e+01,2.056548e+01,2.059340e+01,2.045371e+01,2.049564e+01,2.055850e+01,2.050961e+01,2.052358e+01,2.047468e+01,2.041176e+01,2.039778e+01,2.059340e+01,2.053057e+01,2.051660e+01,2.050961e+01,2.053755e+01,2.054453e+01,2.049564e+01,2.044672e+01,2.050262e+01,2.052358e+01,2.043973e+01,2.045371e+01,2.059340e+01,2.051660e+01,2.050961e+01,2.046070e+01,2.040477e+01,2.056548e+01,2.056548e+01,2.057944e+01,2.050961e+01,2.062132e+01,2.048865e+01,2.057246e+01,2.059340e+01,2.054453e+01,2.058643e+01,2.059340e+01,2.056548e+01,2.067713e+01,2.053057e+01,2.057246e+01,2.060736e+01,2.060736e+01,2.067713e+01,2.059340e+01,2.054453e+01,2.059340e+01,2.060736e+01,2.063528e+01,2.054453e+01,2.060039e+01,2.068410e+01,2.065621e+01,2.064225e+01,2.060039e+01,2.065621e+01,2.062830e+01,2.065621e+01,2.080259e+01,2.078169e+01,2.064923e+01,2.068410e+01,2.068410e+01,2.068410e+01,2.068410e+01,2.073988e+01,2.066318e+01,2.065621e+01,2.075382e+01,2.066318e+01,2.064923e+01,2.069108e+01,2.074685e+01,2.064225e+01,2.073291e+01,2.079562e+01,2.073988e+01,2.072594e+01,2.074685e+01,2.069805e+01,2.070502e+01,2.069805e+01,2.071897e+01,2.071897e+01,2.065621e+01,2.071897e+01,2.070502e+01,2.067016e+01,2.067713e+01,2.062830e+01,2.067016e+01,2.062830e+01,2.062132e+01,2.070502e+01,2.069805e+01,2.071200e+01,2.066318e+01,2.062132e+01,2.065621e+01,2.067713e+01,2.063528e+01,2.064225e+01,2.067016e+01,2.068410e+01,2.070502e+01,2.067016e+01,2.065621e+01,2.070502e+01,2.059340e+01,2.062830e+01,2.067713e+01,2.069805e+01,2.067713e+01,2.070502e+01,2.067016e+01,2.071200e+01,2.068410e+01,2.069108e+01,2.075382e+01,2.071200e+01,2.069108e+01,2.073988e+01,2.079562e+01,2.075382e+01,2.073988e+01,2.069108e+01,2.071200e+01,2.074685e+01,2.068410e+01,2.073988e+01,2.079562e+01,2.085830e+01,2.067713e+01,2.076775e+01,2.073988e+01,2.076079e+01,2.078866e+01,2.077472e+01,2.073291e+01,2.083045e+01,2.073988e+01,2.078866e+01,2.080955e+01,2.075382e+01,2.073988e+01,2.073988e+01,2.085830e+01,2.084437e+01,2.073291e+01,2.078169e+01,2.078866e+01,2.074685e+01,2.082348e+01,2.077472e+01,2.080259e+01,2.076775e+01,2.083045e+01,2.083045e+01,2.078169e+01,2.081652e+01,2.071897e+01,2.076775e+01,2.080955e+01,2.073988e+01,2.072594e+01,2.072594e+01,2.085134e+01,2.075382e+01,2.069805e+01,2.080259e+01,2.080955e+01,2.082348e+01,2.080955e+01,2.079562e+01,2.081652e+01,2.079562e+01,2.075382e+01,2.069805e+01,2.076079e+01,2.079562e+01,2.083045e+01,2.078169e+01,2.074685e+01,2.076079e+01,2.071897e+01,2.079562e+01,2.060736e+01,2.073291e+01,2.076775e+01,2.079562e+01,2.079562e+01,2.077472e+01,2.075382e+01,2.080259e+01,2.080259e+01,2.074685e+01,2.076775e+01,2.075382e+01,2.067713e+01,2.076775e+01,2.071200e+01,2.075382e+01,2.071897e+01,2.068410e+01,2.065621e+01,2.074685e+01,2.075382e+01,2.076775e+01,2.071200e+01,2.074685e+01,2.058643e+01,2.068410e+01,2.069805e+01,2.062132e+01,2.065621e+01,2.073988e+01,2.071200e+01,2.051660e+01,2.055152e+01,2.070502e+01,2.071897e+01,2.073291e+01,2.074685e+01,2.073988e+01,2.064923e+01,2.062830e+01,2.067713e+01,2.069805e+01,2.079562e+01,2.063528e+01,2.075382e+01,2.071200e+01,2.069805e+01,2.071897e+01,2.074685e+01,2.066318e+01,2.069805e+01,2.062132e+01,2.071897e+01,2.071200e+01,2.073291e+01,2.071200e+01,2.071897e+01,2.060736e+01,2.076775e+01,2.078169e+01,2.080259e+01,2.083045e+01,2.065621e+01,2.069108e+01,2.070502e+01,2.072594e+01,2.065621e+01,2.066318e+01,2.064225e+01,2.064225e+01,2.069108e+01,2.064225e+01,2.076775e+01,2.063528e+01,2.064923e+01,2.052358e+01,2.069805e+01,2.073988e+01,2.067713e+01,2.067016e+01,2.075382e+01,2.064225e+01,2.059340e+01,2.066318e+01,2.071897e+01,2.062132e+01,2.064923e+01,2.062830e+01,2.069108e+01,2.064225e+01,2.057944e+01,2.047468e+01,2.061434e+01,2.062830e+01,2.061434e+01,2.057246e+01,2.057944e+01,2.062830e+01,2.056548e+01,2.061434e+01,2.058643e+01,2.064923e+01,2.066318e+01,2.060736e+01,2.060736e+01,2.057246e+01,2.055152e+01,2.048865e+01,2.055850e+01,2.054453e+01,2.054453e+01,2.059340e+01,2.054453e+01,2.051660e+01,2.059340e+01,2.058643e+01,2.061434e+01,2.062830e+01,2.058643e+01,2.067016e+01,2.063528e+01,2.061434e+01,2.061434e+01,2.060039e+01,2.057246e+01,2.049564e+01,2.061434e+01,2.056548e+01,2.055850e+01,2.055152e+01,2.059340e+01,2.058643e+01,2.058643e+01,2.064923e+01,2.062132e+01,2.061434e+01,2.063528e+01,2.058643e+01,2.057246e+01,2.053755e+01,2.054453e+01,2.060736e+01,2.057246e+01,2.057246e+01,2.053057e+01,2.063528e+01,2.057944e+01,2.055850e+01,2.056548e+01,2.056548e+01,2.057246e+01,2.053755e+01,2.046769e+01,2.048166e+01,2.057944e+01,2.045371e+01,2.051660e+01,2.045371e+01,2.050262e+01,2.053057e+01,2.055152e+01,2.057246e+01,2.051660e+01,2.042575e+01,2.041176e+01,2.046070e+01,2.046070e+01,2.044672e+01,2.046070e+01,2.041875e+01,2.041176e+01,2.041875e+01,2.016672e+01,2.034181e+01,2.020177e+01,2.036980e+01,2.008959e+01,2.019476e+01,2.018074e+01,2.018775e+01,2.020177e+01,2.032782e+01,2.033481e+01,2.032782e+01,2.026481e+01,2.032082e+01,2.023680e+01,2.029282e+01,2.032782e+01,2.035581e+01,2.029282e+01,2.031382e+01,2.034181e+01,2.032782e+01,2.047468e+01,2.045371e+01,2.046769e+01,2.043274e+01,2.039778e+01,2.043973e+01,2.045371e+01,2.048166e+01,2.046769e+01,2.052358e+01,2.039778e+01,2.036980e+01,2.040477e+01,2.035581e+01,2.039778e+01,2.031382e+01,2.037679e+01,2.031382e+01,2.034181e+01,2.037679e+01,2.037679e+01,2.038379e+01,2.055850e+01,2.060736e+01,2.058643e+01,2.052358e+01,2.053755e+01,2.055152e+01,2.053755e+01,2.056548e+01,2.064923e+01,2.063528e+01,2.075382e+01,2.058643e+01,2.057246e+01,2.043973e+01,2.067713e+01,2.060736e+01,2.055850e+01,2.057246e+01,2.088614e+01,2.090702e+01,2.087918e+01,2.087918e+01,2.090702e+01,2.093485e+01,2.091398e+01,2.092789e+01,2.092093e+01,2.091398e+01,2.097658e+01,2.090006e+01,2.087918e+01,2.096962e+01,2.098353e+01,2.092789e+01,2.100439e+01,2.086526e+01,2.089310e+01,2.086526e+01,2.085134e+01,2.090006e+01,2.092789e+01,2.092093e+01,2.089310e+01,2.096962e+01,2.094876e+01,2.076079e+01,2.089310e+01,2.089310e+01,2.090006e+01,2.092789e+01,2.094180e+01,2.083045e+01,2.098353e+01,2.089310e+01,2.088614e+01,2.108083e+01,2.108083e+01,2.091398e+01,2.090702e+01,2.091398e+01,2.092093e+01,2.094180e+01,2.090006e+01,2.075382e+01,2.087222e+01,2.087918e+01,2.092789e+01,2.085134e+01,2.082348e+01,2.082348e+01,2.083045e+01,2.086526e+01,2.087222e+01,2.078169e+01,2.076775e+01,2.066318e+01,2.078866e+01,2.080955e+01,2.087222e+01,2.083045e+01,2.073988e+01,2.081652e+01,2.090006e+01,2.085830e+01,2.085134e+01,2.067713e+01,2.064225e+01,2.059340e+01,2.050262e+01,2.050262e+01,2.049564e+01,2.056548e+01,2.067016e+01,2.067713e+01,2.061434e+01,2.064225e+01,2.073291e+01,2.049564e+01,2.075382e+01,2.061434e+01,2.046070e+01,2.057246e+01,2.051660e+01,2.053057e+01,2.050961e+01,2.053057e+01,2.059340e+01,2.070502e+01,2.067713e+01,2.057246e+01,2.055152e+01,2.046769e+01,2.063528e+01
2.072594e+01,2.084437e+01,2.079562e+01,2.085830e+01,2.080259e+01,2.076079e+01,2.071897e+01,2.081652e+01,2.071897e+01,2.072594e+01,2.060736e+01,2.060039e+01,2.056548e+01,2.045371e+01,2.053057e+01,2.050262e+01,2.036980e+01,2.047468e+01,2.041176e+01,2.041875e+01,2.044672e+01,2.041176e+01,2.031382e+01,2.050961e+01,2.035581e+01,2.043274e+01,2.050961e+01,2.032082e+01,2.045371e+01,2.046070e+01,2.043274e+01,2.039778e+01,2.043274e+01,2.037679e+01,2.041875e+01,2.027881e+01,2.032082e+01,2.040477e+01,2.015971e+01,2.035581e+01,2.025781e+01,2.025781e+01,2.028582e+01,2.023680e+01,2.018775e+01,2.018775e+01,2.030682e+01,2.025781e+01,2.010362e+01,2.024380e+01,2.022278e+01,2.028582e+01,2.025080e+01,2.027181e+01,2.034881e+01,2.030682e+01,2.029982e+01,2.032782e+01,2.041176e+01,2.042575e+01,2.042575e+01,2.039778e+01,2.036280e+01,2.037679e+01,2.037679e+01,2.039778e+01,2.039778e+01,2.040477e+01,2.038379e+01,2.039078e+01,2.036980e+01,2.036280e+01,2.040477e+01,2.035581e+01,2.046769e+01,2.042575e+01,2.039078e+01,2.046769e+01,2.039778e+01,2.053057e+01,2.050262e+01,2.044672e+01,2.046070e+01,2.049564e+01,2.043973e+01,2.055850e+01,2.054453e+01,2.055152e+01,2.055850e+01,2.054453e+01,2.053755e+01,2.052358e+01,2.063528e+01,2.056548e+01,2.060039e+01,2.055152e+01,2.062830e+01,2.060736e+01,2.070502e+01,2.056548e+01,2.067713e+01,2.057246e+01,2.057246e+01,2.058643e+01,2.058643e+01,2.058643e+01,2.059340e+01,2.069805e+01,2.064923e+01,2.056548e+01,2.063528e+01,2.071897e+01,2.069805e+01,2.069805e+01,2.056548e+01,2.055152e+01,2.062830e+01,2.057246e+01,2.060039e+01,2.057944e+01,2.056548e+01,2.057246e+01,2.068410e+01,2.049564e+01,2.053755e+01,2.050262e+01,2.050961e+01,2.051660e+01,2.052358e+01,2.053755e+01,2.059340e+01,2.049564e+01,2.049564e+01,2.052358e+01,2.057944e+01,2.053057e+01,2.056548e+01,2.053057e+01,2.050262e+01,2.049564e+01,2.050961e+01,2.048166e+01,2.058643e+01,2.053755e+01,2.045371e+01,2.049564e+01,2.046769e+01,2.057944e+01,2.057246e+01,2.053755e+01,2.056548e+01,2.064225e+01,2.057246e+01,2.060736e+01,2.057944e+01,2.057944e+01,2.050961e+01,2.059340e+01,2.052358e+01,2.050262e+01,2.055152e+01,2.056548e+01,2.067713e+01,2.060736e+01,2.060039e+01,2.058643e+01,2.060736e+01,2.056548e+01,2.064225e+01,2.067016e+01,2.057944e+01,2.062132e+01,2.064923e+01,2.059340e+01,2.060736e+01,2.059340e+01,2.060039e+01,2.060039e+01,2.068410e+01,2.065621e+01,2.064225e+01,2.076775e+01,2.067016e+01,2.069805e+01,2.067016e+01,2.068410e+01,2.068410e+01,2.070502e+01,2.065621e+01,2.070502e+01,2.064225e+01,2.069108e+01,2.066318e+01,2.070502e+01,2.068410e+01,2.070502e+01,2.064225e+01,2.064225e+01,2.073988e+01,2.071200e+01,2.080955e+01,2.064923e+01,2.068410e+01,2.071200e+01,2.071897e+01,2.069805e+01,2.064225e+01,2.064225e+01,2.074685e+01,2.042575e+01,2.073291e+01,2.064225e+01,2.074685e+01,2.071897e+01,2.067713e+01,2.068410e+01,2.066318e+01,2.057944e+01,2.064225e+01,2.073291e+01,2.071200e+01,2.072594e+01,2.070502e+01,2.067016e+01,2.065621e+01,2.062830e+01,2.069108e+01,2.062830e+01,2.066318e+01,2.061434e+01,2.070502e+01,2.066318e+01,2.077472e+01,2.064923e+01,2.067713e+01,2.060039e+01,2.071897e+01,2.066318e+01,2.059340e+01,2.067713e+01,2.072594e+01,2.070502e+01,2.071200e+01,2.067713e+01,2.072594e+01,2.073988e+01,2.073988e+01,2.070502e+01,2.073291e+01,2.080955e+01,2.079562e+01,2.081652e+01,2.073988e+01,2.075382e+01,2.075382e+01,2.073988e+01,2.071897e+01,2.070502e+01,2.079562e+01,2.071897e+01,2.076775e+01,2.078866e+01,2.078169e+01,2.083045e+01,2.079562e+01,2.078169e+01,2.079562e+01,2.080955e+01,2.073291e+01,2.076079e+01,2.084437e+01,2.078169e+01,2.083045e+01,2.078866e+01,2.081652e+01,2.085134e+01,2.073988e+01,2.076079e+01,2.076775e+01,2.073988e+01,2.071897e+01,2.086526e+01,2.078169e+01,2.082348e+01,2.081652e+01,2.081652e+01,2.082348e+01,2.078169e+01,2.077472e+01,2.073988e+01,2.077472e+01,2.075382e+01,2.081652e+01,2.086526e+01,2.080259e+01,2.079562e+01,2.083741e+01,2.079562e+01,2.078169e+01,2.080955e+01,2.071897e+01,2.077472e+01,2.080259e+01,2.080259e+01,2.076079e+01,2.076775e+01,2.072594e+01,2.076775e+01,2.080259e+01,2.073988e+01,2.073988e+01,2.071897e+01,2.073988e+01,2.067713e+01,2.074685e+01,2.081652e+01,2.080259e+01,2.079562e+01,2.076775e+01,2.071200e+01,2.075382e+01,2.072594e+01,2.075382e+01,2.063528e+01,2.073988e+01,2.070502e+01,2.072594e+01,2.072594e+01,2.067016e+01,2.070502e+01,2.069108e+01,2.071897e+01,2.070502e+01,2.063528e+01,2.063528e+01,2.058643e+01,2.062132e+01,2.061434e+01,2.057246e+01,2.057246e+01,2.069805e+01,2.071200e+01,2.068410e+01,2.065621e+01,2.075382e+01,2.073291e+01,2.069805e+01,2.064225e+01,2.070502e+01,2.069805e+01,2.071200e+01,2.067713e+01,2.067016e+01,2.074685e+01,2.073291e+01,2.076079e+01,2.071200e+01,2.078169e+01,2.068410e+01,2.076775e+01,2.068410e+01,2.075382e+01,2.069805e+01,2.062132e+01,2.070502e+01,2.067713e+01,2.071200e+01,2.071897e+01,2.062830e+01,2.078169e+01,2.072594e+01,2.076079e+01,2.077472e+01,2.070502e+01,2.067016e+01,2.069108e+01,2.068410e+01,2.062132e+01,2.061434e+01,2.062830e+01,2.071897e+01,2.058643e+01,2.065621e+01,2.072594e+01,2.065621e+01,2.068410e+01,2.067016e+01,2.067713e+01,2.069108e+01,2.063528e+01,2.075382e+01,2.058643e+01,2.062132e+01,2.057944e+01,2.059340e+01,2.068410e+01,2.068410e+01,2.067713e+01,2.067016e+01,2.052358e+01,2.050262e+01,2.055850e+01,2.063528e+01,2.064225e+01,2.043973e+01,2.064923e+01,2.063528e+01,2.064923e+01,2.055850e+01,2.062132e+01,2.060736e+01,2.056548e+01,2.060736e+01,2.062132e+01,2.062132e+01,2.057246e+01,2.062830e+01,2.056548e+01,2.064923e+01,2.058643e+01,2.055152e+01,2.048865e+01,2.048166e+01,2.055152e+01,2.061434e+01,2.062830e+01,2.061434e+01,2.060736e+01,2.062830e+01,2.062830e+01,2.063528e+01,2.058643e+01,2.067016e+01,2.055850e+01,2.053057e+01,2.054453e+01,2.049564e+01,2.060736e+01,2.050262e+01,2.060039e+01,2.052358e+01,2.053755e+01,2.053755e+01,2.053755e+01,2.058643e+01,2.055850e+01,2.062830e+01,2.066318e+01,2.067713e+01,2.050262e+01,2.055152e+01,2.065621e+01,2.065621e+01,2.055850e+01,2.064923e+01,2.062830e+01,2.056548e+01,2.060039e+01,2.055152e+01,2.050262e+01,2.046070e+01,2.048865e+01,2.058643e+01,2.048865e+01,2.055152e+01,2.044672e+01,2.048166e+01,2.046769e+01,2.051660e+01,2.053755e+01,2.057944e+01,2.052358e+01,2.051660e+01,2.052358e+01,2.043274e+01,2.042575e+01,2.044672e+01,2.056548e+01,2.047468e+01,2.046070e+01,2.045371e+01,2.044672e+01,2.042575e+01,2.030682e+01,2.023680e+01,2.022979e+01,2.016672e+01,2.021578e+01,2.018775e+01,2.018074e+01,2.021578e+01,2.021578e+01,2.029982e+01,2.030682e+01,2.023680e+01,2.022979e+01,2.027181e+01,2.031382e+01,2.032782e+01,2.034881e+01,2.007556e+01,2.034181e+01,2.032082e+01,2.028582e+01,2.045371e+01,2.030682e+01,2.041875e+01,2.036280e+01,2.042575e+01,2.045371e+01,2.044672e+01,2.045371e+01,2.040477e+01,2.041875e+01,2.044672e+01,2.036980e+01,2.036980e+01,2.040477e+01,2.038379e+01,2.038379e+01,2.030682e+01,2.034181e+01,2.036280e+01,2.041875e+01,2.040477e+01,2.035581e+01,2.040477e+01,2.053755e+01,2.053755e+01,2.048865e+01,2.045371e+01,2.055152e+01,2.055152e+01,2.043973e+01,2.060039e+01,2.060736e+01,2.059340e+01,2.059340e+01,2.063528e+01,2.055152e+01,2.052358e+01,2.066318e+01,2.050961e+01,2.048865e+01,2.067016e+01,2.080955e+01,2.087222e+01,2.090702e+01,2.091398e+01,2.091398e+01,2.087222e+01,2.092789e+01,2.090702e+01,2.096267e+01,2.088614e+01,2.093485e+01,2.095572e+01,2.094876e+01,2.080259e+01,2.097658e+01,2.096962e+01,2.092093e+01,2.090006e+01,2.099744e+01,2.092093e+01,2.087918e+01,2.101829e+01,2.091398e+01,2.086526e+01,2.090006e+01,2.092093e+01,2.087918e+01,2.092093e+01,2.087222e+01,2.092093e+01,2.088614e+01,2.090702e+01,2.092093e+01,2.087222e+01,2.097658e+01,2.101829e+01,2.093485e+01,2.090006e+01,2.094180e+01,2.088614e+01,2.092093e+01,2.091398e+01,2.090006e+01,2.072594e+01,2.092093e+01,2.094180e+01,2.090702e+01,2.083045e+01,2.083045e+01,2.092093e+01,2.093485e+01,2.080259e+01,2.092093e+01,2.086526e+01,2.086526e+01,2.080259e+01,2.090006e+01,2.081652e+01,2.085830e+01,2.081652e+01,2.083045e+01,2.081652e+01,2.080259e+01,2.083045e+01,2.085134e+01,2.081652e+01,2.071200e+01,2.069805e+01,2.073988e+01,2.063528e+01,2.073988e+01,2.072594e+01,2.069805e+01,2.068410e+01,2.065621e+01,2.058643e+01,2.057944e+01,2.057246e+01,2.056548e+01,2.064225e+01,2.063528e+01,2.063528e+01,2.064923e+01,2.047468e+01,2.034881e+01,2.028582e+01,2.052358e+01,2.050961e+01,2.053057e+01,2.072594e+01,2.057944e+01,2.056548e+01,2.060039e+01,2.055850e+01,2.060039e+01
2.076775e+01,2.066318e+01,2.078169e+01,2.070502e+01,2.074685e+01,2.072594e+01,2.078169e+01,2.068410e+01,2.073988e+01,2.067016e+01,2.051660e+01,2.059340e+01,2.038379e+01,2.041875e+01,2.048865e+01,2.050961e+01,2.058643e+01,2.050262e+01,2.036280e+01,2.043973e+01,2.039778e+01,2.036980e+01,2.036280e+01,2.046070e+01,2.041176e+01,2.045371e+01,2.046070e+01,2.041875e+01,2.042575e+01,2.043973e+01,2.075382e+01,2.041176e+01,2.039778e+01,2.044672e+01,2.038379e+01,2.043973e+01,2.041875e+01,2.038379e+01,2.032082e+01,2.013868e+01,2.025080e+01,2.026481e+01,2.022278e+01,2.025080e+01,2.012466e+01,2.013167e+01,2.022278e+01,2.020177e+01,2.030682e+01,2.026481e+01,2.027181e+01,2.028582e+01,2.026481e+01,2.035581e+01,2.032782e+01,2.001239e+01,2.036980e+01,2.034881e+01,2.039778e+01,2.036980e+01,2.023680e+01,2.041176e+01,2.039778e+01,2.027881e+01,2.039078e+01,2.039778e+01,2.048166e+01,2.038379e+01,2.038379e+01,2.047468e+01,2.037679e+01,2.033481e+01,2.032082e+01,2.041176e+01,2.041875e+01,2.015971e+01,2.048865e+01,2.040477e+01,2.046070e+01,2.050961e+01,2.050961e+01,2.050262e+01,2.060039e+01,2.053057e+01,2.054453e+01,2.053057e+01,2.057246e+01,2.057246e+01,2.055152e+01,2.062830e+01,2.046070e+01,2.055850e+01,2.062132e+01,2.048166e+01,2.060039e+01,2.063528e+01,2.059340e+01,2.057246e+01,2.059340e+01,2.054453e+01,2.058643e+01,2.050961e+01,2.051660e+01,2.050262e+01,2.057944e+01,2.045371e+01,2.061434e+01,2.060736e+01,2.050961e+01,2.057246e+01,2.062830e+01,2.057944e+01,2.048166e+01,2.054453e+01,2.071200e+01,2.064225e+01,2.055850e+01,2.057246e+01,2.057944e+01,2.058643e+01,2.053755e+01,2.052358e+01,2.053755e+01,2.057246e+01,2.062830e+01,2.060039e+01,2.065621e+01,2.050961e+01,2.058643e+01,2.055850e+01,2.055850e+01,2.050961e+01,2.059340e+01,2.050262e+01,2.051660e+01,2.050262e+01,2.043274e+01,2.050961e+01,2.047468e+01,2.053057e+01,2.048865e+01,2.052358e+01,2.060039e+01,2.051660e+01,2.057246e+01,2.052358e+01,2.047468e+01,2.062132e+01,2.061434e+01,2.043973e+01,2.062132e+01,2.058643e+01,2.056548e+01,2.041176e+01,2.057246e+01,2.061434e+01,2.058643e+01,2.058643e+01,2.057246e+01,2.064225e+01,2.051660e+01,2.062830e+01,2.066318e+01,2.060736e+01,2.050262e+01,2.057944e+01,2.077472e+01,2.073291e+01,2.057944e+01,2.062132e+01,2.061434e+01,2.064225e+01,2.043973e+01,2.057246e+01,2.057246e+01,2.054453e+01,2.069108e+01,2.064225e+01,2.059340e+01,2.061434e+01,2.063528e+01,2.065621e+01,2.085134e+01,2.066318e+01,2.074685e+01,2.067016e+01,2.094876e+01,2.065621e+01,2.064225e+01,2.073988e+01,2.067713e+01,2.066318e+01,2.066318e+01,2.069108e+01,2.071200e+01,2.067713e+01,2.068410e+01,2.074685e+01,2.074685e+01,2.069108e+01,2.074685e+01,2.065621e+01,2.077472e+01,2.069108e+01,2.071897e+01,2.067016e+01,2.069805e+01,2.071897e+01,2.073988e+01,2.067713e+01,2.074685e+01,2.076079e+01,2.073291e+01,2.071200e+01,2.063528e+01,2.064225e+01,2.071200e+01,2.069108e+01,2.071200e+01,2.066318e+01,2.067016e+01,2.066318e+01,2.072594e+01,2.067016e+01,2.073291e+01,2.067713e+01,2.069108e+01,2.066318e+01,2.062830e+01,2.067713e+01,2.064923e+01,2.071200e+01,2.065621e+01,2.068410e+01,2.066318e+01,2.064923e+01,2.062132e+01,2.073291e+01,2.069108e+01,2.064923e+01,2.067016e+01,2.069805e+01,2.069805e+01,2.068410e+01,2.073291e+01,2.071200e+01,2.064923e+01,2.072594e+01,2.072594e+01,2.076079e+01,2.071897e+01,2.076775e+01,2.075382e+01,2.072594e+01,2.069805e+01,2.069805e+01,2.081652e+01,2.068410e+01,2.078866e+01,2.074685e+01,2.079562e+01,2.076775e+01,2.079562e+01,2.085830e+01,2.081652e+01,2.073291e+01,2.078169e+01,2.074685e+01,2.078169e+01,2.082348e+01,2.076079e+01,2.086526e+01,2.071897e+01,2.084437e+01,2.076079e+01,2.077472e+01,2.077472e+01,2.076775e+01,2.085830e+01,2.087222e+01,2.078169e+01,2.076079e+01,2.076079e+01,2.078866e+01,2.079562e+01,2.080955e+01,2.077472e+01,2.079562e+01,2.077472e+01,2.076079e+01,2.077472e+01,2.078169e+01,2.078169e+01,2.080955e+01,2.080259e+01,2.064923e+01,2.080955e+01,2.080955e+01,2.084437e+01,2.070502e+01,2.076775e+01,2.076775e+01,2.076775e+01,2.074685e+01,2.085830e+01,2.080259e+01,2.083045e+01,2.083741e+01,2.073988e+01,2.078866e+01,2.074685e+01,2.072594e+01,2.079562e+01,2.070502e+01,2.082348e+01,2.070502e+01,2.081652e+01,2.081652e+01,2.078866e+01,2.070502e+01,2.073291e+01,2.068410e+01,2.073988e+01,2.071200e+01,2.063528e+01,2.067016e+01,2.062132e+01,2.069108e+01,2.069108e+01,2.071897e+01,2.069108e+01,2.067016e+01,2.067713e+01,2.063528e+01,2.064225e+01,2.057246e+01,2.058643e+01,2.057246e+01,2.071200e+01,2.071897e+01,2.064923e+01,2.062132e+01,2.071200e+01,2.067016e+01,2.070502e+01,2.064225e+01,2.073988e+01,2.064923e+01,2.073988e+01,2.067713e+01,2.066318e+01,2.069805e+01,2.066318e+01,2.065621e+01,2.078866e+01,2.074685e+01,2.073988e+01,2.075382e+01,2.072594e+01,2.074685e+01,2.077472e+01,2.059340e+01,2.067016e+01,2.055850e+01,2.069108e+01,2.064923e+01,2.068410e+01,2.070502e+01,2.066318e+01,2.062830e+01,2.062830e+01,2.071200e+01,2.078866e+01,2.069805e+01,2.067713e+01,2.067713e+01,2.065621e+01,2.064923e+01,2.061434e+01,2.060736e+01,2.068410e+01,2.065621e+01,2.064225e+01,2.064923e+01,2.068410e+01,2.062132e+01,2.068410e+01,2.069805e+01,2.069108e+01,2.069108e+01,2.062830e+01,2.057944e+01,2.065621e+01,2.067713e+01,2.061434e+01,2.061434e+01,2.064225e+01,2.064225e+01,2.066318e+01,2.055850e+01,2.051660e+01,2.067016e+01,2.060736e+01,2.051660e+01,2.064225e+01,2.063528e+01,2.065621e+01,2.060039e+01,2.066318e+01,2.063528e+01,2.059340e+01,2.059340e+01,2.058643e+01,2.064225e+01,2.060039e+01,2.060039e+01,2.057246e+01,2.058643e+01,2.055850e+01,2.062132e+01,2.055850e+01,2.057944e+01,2.050961e+01,2.054453e+01,2.053755e+01,2.060736e+01,2.056548e+01,2.057246e+01,2.057246e+01,2.064923e+01,2.063528e+01,2.058643e+01,2.060039e+01,2.067713e+01,2.053057e+01,2.062132e+01,2.062830e+01,2.063528e+01,2.056548e+01,2.053755e+01,2.060736e+01,2.055152e+01,2.060736e+01,2.057246e+01,2.055850e+01,2.057246e+01,2.064225e+01,2.060039e+01,2.055850e+01,2.053755e+01,2.057246e+01,2.060039e+01,2.056548e+01,2.061434e+01,2.050262e+01,2.053755e+01,2.050262e+01,2.047468e+01,2.054453e+01,2.051660e+01,2.056548e+01,2.059340e+01,2.059340e+01,2.046769e+01,2.061434e+01,2.050262e+01,2.053057e+01,2.060736e+01,2.060736e+01,2.046769e+01,2.063528e+01,2.056548e+01,2.062830e+01,2.059340e+01,2.045371e+01,2.050262e+01,2.048166e+01,2.042575e+01,2.043274e+01,2.050262e+01,2.048166e+01,2.040477e+01,2.036280e+01,2.042575e+01,2.032782e+01,2.029982e+01,2.026481e+01,2.023680e+01,2.026481e+01,2.019476e+01,2.020177e+01,2.021578e+01,2.032782e+01,2.024380e+01,2.027881e+01,2.032082e+01,2.032082e+01,2.031382e+01,2.035581e+01,2.034181e+01,2.034881e+01,2.036980e+01,2.039778e+01,2.036980e+01,2.040477e+01,2.023680e+01,2.039778e+01,2.033481e+01,2.046769e+01,2.048166e+01,2.036280e+01,2.035581e+01,2.053057e+01,2.042575e+01,2.051660e+01,2.047468e+01,2.047468e+01,2.039078e+01,2.033481e+01,2.036280e+01,2.031382e+01,2.034881e+01,2.037679e+01,2.038379e+01,2.042575e+01,2.042575e+01,2.048166e+01,2.053755e+01,2.049564e+01,2.054453e+01,2.049564e+01,2.046070e+01,2.056548e+01,2.052358e+01,2.047468e+01,2.050262e+01,2.061434e+01,2.062830e+01,2.067016e+01,2.067016e+01,2.062830e+01,2.054453e+01,2.054453e+01,2.055152e+01,2.055850e+01,2.080259e+01,2.087918e+01,2.087222e+01,2.074685e+01,2.090006e+01,2.094180e+01,2.084437e+01,2.088614e+01,2.093485e+01,2.082348e+01,2.078866e+01,2.103219e+01,2.085830e+01,2.083045e+01,2.097658e+01,2.085830e+01,2.090006e+01,2.090702e+01,2.091398e+01,2.091398e+01,2.089310e+01,2.088614e+01,2.094180e+01,2.087918e+01,2.091398e+01,2.112944e+01,2.083045e+01,2.094180e+01,2.090006e+01,2.087918e+01,2.091398e+01,2.090006e+01,2.090006e+01,2.092789e+01,2.090702e+01,2.093485e+01,2.087918e+01,2.089310e+01,2.099744e+01,2.089310e+01,2.090702e+01,2.091398e+01,2.092093e+01,2.088614e+01,2.090006e+01,2.086526e+01,2.089310e+01,2.089310e+01,2.095572e+01,2.111555e+01,2.087222e+01,2.087222e+01,2.092789e+01,2.078169e+01,2.078169e+01,2.090006e+01,2.086526e+01,2.077472e+01,2.078169e+01,2.080955e+01,2.080259e+01,2.100439e+01,2.077472e+01,2.079562e+01,2.084437e+01,2.080955e+01,2.067713e+01,2.077472e+01,2.068410e+01,2.083045e+01,2.073988e+01,2.087222e+01,2.066318e+01,2.069805e+01,2.060736e+01,2.060039e+01,2.062132e+01,2.063528e+01,2.054453e+01,2.073291e+01,2.071200e+01,2.072594e+01,2.043973e+01,2.027881e+01,2.018775e+01,2.024380e+01,2.044672e+01,2.050262e+01,2.039778e+01,2.053057e+01,2.055152e+01,2.042575e+01,2.054453e+01,2.056548e+01,2.052358e+01
2.080955e+01,2.076079e+01,2.078866e+01,2.078169e+01,2.085134e+01,2.080259e+01,2.080259e+01,2.075382e+01,2.073291e+01,2.069108e+01,2.064225e+01,2.068410e+01,2.061434e+01,2.064225e+01,2.036980e+01,2.042575e+01,2.038379e+01,2.041875e+01,2.043973e+01,2.047468e+01,2.037679e+01,2.043973e+01,2.051660e+01,2.048865e+01,2.040477e+01,2.048166e+01,2.048166e+01,2.046070e+01,2.043274e+01,2.041176e+01,2.044672e+01,2.045371e+01,2.038379e+01,2.036280e+01,2.036980e+01,2.038379e+01,2.039078e+01,2.036980e+01,2.024380e+01,2.015971e+01,2.016672e+01,2.024380e+01,2.025781e+01,2.019476e+01,2.020177e+01,2.007556e+01,2.016672e+01,2.016672e+01,2.013167e+01,2.022278e+01,2.027881e+01,2.024380e+01,2.029982e+01,2.028582e+01,2.027881e+01,2.027881e+01,2.030682e+01,2.037679e+01,2.036280e+01,2.037679e+01,2.039778e+01,2.038379e+01,2.039078e+01,2.030682e+01,2.034181e+01,2.037679e+01,2.040477e+01,2.039078e+01,2.041875e+01,2.035581e+01,2.046070e+01,2.043274e+01,2.033481e+01,2.039078e+01,2.025781e+01,2.041875e+01,2.044672e+01,2.036280e+01,2.045371e+01,2.043973e+01,2.049564e+01,2.046070e+01,2.048166e+01,2.054453e+01,2.053057e+01,2.054453e+01,2.058643e+01,2.059340e+01,2.061434e+01,2.053057e+01,2.050262e+01,2.056548e+01,2.060039e+01,2.063528e+01,2.061434e+01,2.062830e+01,2.067713e+01,2.050262e+01,2.065621e+01,2.057944e+01,2.055850e+01,2.062132e+01,2.058643e+01,2.050961e+01,2.059340e+01,2.044672e+01,2.046769e+01,2.059340e+01,2.058643e+01,2.061434e+01,2.060039e+01,2.064923e+01,2.053755e+01,2.065621e+01,2.071897e+01,2.061434e+01,2.064923e+01,2.062132e+01,2.060039e+01,2.054453e+01,2.055850e+01,2.057246e+01,2.041875e+01,2.062132e+01,2.060736e+01,2.053755e+01,2.053755e+01,2.055152e+01,2.052358e+01,2.057246e+01,2.049564e+01,2.045371e+01,2.050961e+01,2.055152e+01,2.047468e+01,2.042575e+01,2.053755e+01,2.042575e+01,2.059340e+01,2.046769e+01,2.055152e+01,2.048166e+01,2.044672e+01,2.054453e+01,2.055850e+01,2.053755e+01,2.046769e+01,2.047468e+01,2.045371e+01,2.059340e+01,2.057246e+01,2.058643e+01,2.064923e+01,2.062132e+01,2.065621e+01,2.060039e+01,2.055850e+01,2.051660e+01,2.059340e+01,2.059340e+01,2.053755e+01,2.056548e+01,2.064225e+01,2.062132e+01,2.063528e+01,2.078866e+01,2.056548e+01,2.064923e+01,2.059340e+01,2.059340e+01,2.055850e+01,2.061434e+01,2.051660e+01,2.053057e+01,2.050262e+01,2.056548e+01,2.066318e+01,2.064923e+01,2.076079e+01,2.069805e+01,2.064923e+01,2.073291e+01,2.067016e+01,2.067016e+01,2.070502e+01,2.067713e+01,2.070502e+01,2.067713e+01,2.065621e+01,2.071897e+01,2.068410e+01,2.069108e+01,2.069108e+01,2.066318e+01,2.072594e+01,2.064923e+01,2.073291e+01,2.076079e+01,2.064923e+01,2.067713e+01,2.076079e+01,2.067016e+01,2.073291e+01,2.069805e+01,2.069108e+01,2.064923e+01,2.064225e+01,2.073291e+01,2.074685e+01,2.071200e+01,2.072594e+01,2.067713e+01,2.070502e+01,2.076775e+01,2.066318e+01,2.067016e+01,2.064225e+01,2.062830e+01,2.080259e+01,2.067016e+01,2.067713e+01,2.083741e+01,2.084437e+01,2.071200e+01,2.069108e+01,2.064225e+01,2.073988e+01,2.074685e+01,2.067016e+01,2.063528e+01,2.067713e+01,2.066318e+01,2.067713e+01,2.066318e+01,2.063528e+01,2.069108e+01,2.070502e+01,2.062830e+01,2.064225e+01,2.066318e+01,2.071897e+01,2.066318e+01,2.092789e+01,2.072594e+01,2.072594e+01,2.071897e+01,2.073291e+01,2.066318e+01,2.072594e+01,2.077472e+01,2.076775e+01,2.071897e+01,2.074685e+01,2.070502e+01,2.076775e+01,2.066318e+01,2.078866e+01,2.041875e+01,2.071200e+01,2.076775e+01,2.069805e+01,2.080955e+01,2.083741e+01,2.080259e+01,2.083741e+01,2.075382e+01,2.085830e+01,2.082348e+01,2.080955e+01,2.087918e+01,2.080259e+01,2.079562e+01,2.079562e+01,2.075382e+01,2.073291e+01,2.085134e+01,2.078169e+01,2.081652e+01,2.081652e+01,2.072594e+01,2.073988e+01,2.077472e+01,2.078169e+01,2.079562e+01,2.083045e+01,2.079562e+01,2.078169e+01,2.074685e+01,2.075382e+01,2.079562e+01,2.075382e+01,2.077472e+01,2.076775e+01,2.076079e+01,2.076079e+01,2.069108e+01,2.080259e+01,2.080259e+01,2.078169e+01,2.083045e+01,2.083741e+01,2.073988e+01,2.075382e+01,2.073291e+01,2.078169e+01,2.083045e+01,2.077472e+01,2.076079e+01,2.074685e+01,2.073988e+01,2.073291e+01,2.072594e+01,2.090702e+01,2.088614e+01,2.071897e+01,2.078866e+01,2.089310e+01,2.071897e+01,2.078866e+01,2.080259e+01,2.078866e+01,2.073291e+01,2.063528e+01,2.065621e+01,2.064923e+01,2.075382e+01,2.071897e+01,2.064923e+01,2.072594e+01,2.070502e+01,2.069805e+01,2.069805e+01,2.065621e+01,2.062830e+01,2.062132e+01,2.060039e+01,2.058643e+01,2.069805e+01,2.055850e+01,2.067713e+01,2.065621e+01,2.068410e+01,2.063528e+01,2.068410e+01,2.069805e+01,2.073988e+01,2.072594e+01,2.064225e+01,2.074685e+01,2.070502e+01,2.066318e+01,2.074685e+01,2.068410e+01,2.069805e+01,2.069108e+01,2.071897e+01,2.071897e+01,2.067713e+01,2.069805e+01,2.066318e+01,2.069108e+01,2.078866e+01,2.066318e+01,2.064923e+01,2.064923e+01,2.062132e+01,2.071200e+01,2.067016e+01,2.068410e+01,2.072594e+01,2.067713e+01,2.070502e+01,2.069805e+01,2.064225e+01,2.068410e+01,2.072594e+01,2.067713e+01,2.066318e+01,2.067713e+01,2.063528e+01,2.064923e+01,2.069805e+01,2.063528e+01,2.070502e+01,2.066318e+01,2.066318e+01,2.068410e+01,2.064225e+01,2.062132e+01,2.064923e+01,2.061434e+01,2.064225e+01,2.060039e+01,2.068410e+01,2.063528e+01,2.065621e+01,2.064225e+01,2.059340e+01,2.064923e+01,2.062830e+01,2.069805e+01,2.064225e+01,2.065621e+01,2.064225e+01,2.064225e+01,2.062830e+01,2.062132e+01,2.061434e+01,2.065621e+01,2.061434e+01,2.061434e+01,2.066318e+01,2.067016e+01,2.061434e+01,2.064225e+01,2.060736e+01,2.061434e+01,2.070502e+01,2.057246e+01,2.060736e+01,2.058643e+01,2.057246e+01,2.060039e+01,2.050262e+01,2.062830e+01,2.055850e+01,2.060736e+01,2.062830e+01,2.056548e+01,2.057944e+01,2.062830e+01,2.060736e+01,2.062830e+01,2.058643e+01,2.056548e+01,2.062132e+01,2.064225e+01,2.064923e+01,2.060736e+01,2.062830e+01,2.055152e+01,2.055152e+01,2.059340e+01,2.062132e+01,2.061434e+01,2.066318e+01,2.060736e+01,2.060736e+01,2.053755e+01,2.065621e+01,2.065621e+01,2.064923e+01,2.066318e+01,2.068410e+01,2.053755e+01,2.050961e+01,2.062132e+01,2.050262e+01,2.055152e+01,2.055850e+01,2.060736e+01,2.058643e+01,2.057246e+01,2.054453e+01,2.044672e+01,2.056548e+01,2.051660e+01,2.043274e+01,2.043274e+01,2.053057e+01,2.046070e+01,2.046769e+01,2.051660e+01,2.058643e+01,2.048166e+01,2.057944e+01,2.046769e+01,2.042575e+01,2.043274e+01,2.044672e+01,2.046070e+01,2.041875e+01,2.046070e+01,2.044672e+01,2.045371e+01,2.040477e+01,2.044672e+01,2.018775e+01,2.024380e+01,2.044672e+01,2.022979e+01,2.022278e+01,2.032082e+01,2.023680e+01,2.030682e+01,2.029982e+01,2.026481e+01,2.031382e+01,2.056548e+01,2.032782e+01,2.032782e+01,2.039078e+01,2.037679e+01,2.040477e+01,2.040477e+01,2.039778e+01,2.039778e+01,2.040477e+01,2.035581e+01,2.046070e+01,2.032782e+01,2.034181e+01,2.041176e+01,2.045371e+01,2.046769e+01,2.036980e+01,2.039078e+01,2.047468e+01,2.047468e+01,2.039078e+01,2.038379e+01,2.032082e+01,2.039078e+01,2.037679e+01,2.046070e+01,2.044672e+01,2.043274e+01,2.050262e+01,2.051660e+01,2.051660e+01,2.055850e+01,2.057246e+01,2.046070e+01,2.049564e+01,2.056548e+01,2.057246e+01,2.062830e+01,2.061434e+01,2.049564e+01,2.060736e+01,2.053057e+01,2.060039e+01,2.052358e+01,2.048166e+01,2.056548e+01,2.078169e+01,2.086526e+01,2.089310e+01,2.087918e+01,2.095572e+01,2.085134e+01,2.092789e+01,2.092789e+01,2.094180e+01,2.083741e+01,2.096267e+01,2.087222e+01,2.096267e+01,2.093485e+01,2.090702e+01,2.090006e+01,2.103219e+01,2.092093e+01,2.101829e+01,2.091398e+01,2.098353e+01,2.081652e+01,2.090702e+01,2.085830e+01,2.100439e+01,2.104609e+01,2.080955e+01,2.094180e+01,2.076079e+01,2.088614e+01,2.092093e+01,2.082348e+01,2.092093e+01,2.089310e+01,2.083741e+01,2.106693e+01,2.092093e+01,2.093485e+01,2.092093e+01,2.094876e+01,2.093485e+01,2.088614e+01,2.096267e+01,2.087918e+01,2.075382e+01,2.096267e+01,2.087222e+01,2.079562e+01,2.094876e+01,2.083741e+01,2.083045e+01,2.087222e+01,2.091398e+01,2.094180e+01,2.083045e+01,2.080955e+01,2.085134e+01,2.084437e+01,2.080955e+01,2.087918e+01,2.082348e+01,2.094876e+01,2.076775e+01,2.083045e+01,2.080955e+01,2.085134e+01,2.077472e+01,2.064225e+01,2.063528e+01,2.062132e+01,2.090006e+01,2.060736e+01,2.062132e+01,2.064923e+01,2.061434e+01,2.061434e+01,2.060039e+01,2.043973e+01,2.055850e+01,2.051660e+01,2.071897e+01,2.050961e+01,1.992811e+01,2.011764e+01,2.022278e+01,2.021578e+01,2.008959e+01,2.019476e+01,2.050961e+01,2.039778e+01,2.050262e+01,2.025080e+01,2.048865e+01,2.059340e+01,2.053057e+01
2.078866e+01,2.080259e+01,2.076775e+01,2.078866e+01,2.076079e+01,2.066318e+01,2.077472e+01,2.079562e+01,2.066318e+01,2.064225e+01,2.065621e+01,2.071200e+01,2.063528e+01,2.046769e+01,2.050262e+01,2.050961e+01,2.043973e+01,2.044672e+01,2.043274e+01,2.050961e+01,2.045371e+01,2.040477e+01,2.038379e+01,2.041875e+01,2.037679e+01,2.044672e+01,2.043274e+01,2.045371e+01,2.044672e+01,2.044672e+01,2.041176e+01,2.032782e+01,2.044672e+01,2.041875e+01,2.039078e+01,2.046070e+01,2.028582e+01,2.015971e+01,2.030682e+01,2.028582e+01,2.023680e+01,2.025080e+01,2.024380e+01,2.017373e+01,2.008257e+01,2.013167e+01,2.011764e+01,2.025080e+01,2.011764e+01,2.019476e+01,2.018074e+01,2.019476e+01,2.024380e+01,2.032082e+01,2.032782e+01,2.025080e+01,2.032082e+01,2.028582e+01,2.034881e+01,2.028582e+01,2.035581e+01,2.035581e+01,2.031382e+01,2.035581e+01,2.034181e+01,2.038379e+01,2.045371e+01,2.039778e+01,2.036980e+01,2.039078e+01,2.034181e+01,2.033481e+01,2.036980e+01,2.042575e+01,2.043274e+01,2.041875e+01,2.046070e+01,2.041176e+01,2.043274e+01,2.045371e+01,2.043973e+01,2.045371e+01,2.050961e+01,2.046769e+01,2.054453e+01,2.055850e+01,2.038379e+01,2.040477e+01,2.055152e+01,2.063528e+01,2.055850e+01,2.053057e+01,2.059340e+01,2.068410e+01,2.043973e+01,2.056548e+01,2.062132e+01,2.051660e+01,2.058643e+01,2.055152e+01,2.053057e+01,2.052358e+01,2.059340e+01,2.057246e+01,2.061434e+01,2.055850e+01,2.059340e+01,2.064923e+01,2.053057e+01,2.057944e+01,2.059340e+01,2.057944e+01,2.066318e+01,2.066318e+01,2.062132e+01,2.058643e+01,2.060736e+01,2.055850e+01,2.056548e+01,2.060736e+01,2.056548e+01,2.046070e+01,2.052358e+01,2.063528e+01,2.057944e+01,2.053057e+01,2.053755e+01,2.054453e+01,2.054453e+01,2.048865e+01,2.060039e+01,2.058643e+01,2.043973e+01,2.048865e+01,2.050262e+01,2.050262e+01,2.049564e+01,2.057246e+01,2.053755e+01,2.041875e+01,2.050262e+01,2.046070e+01,2.047468e+01,2.052358e+01,2.055152e+01,2.052358e+01,2.055850e+01,2.054453e+01,2.057246e+01,2.057944e+01,2.059340e+01,2.052358e+01,2.055152e+01,2.048166e+01,2.055152e+01,2.053057e+01,2.062830e+01,2.057246e+01,2.050961e+01,2.066318e+01,2.049564e+01,2.062830e+01,2.075382e+01,2.067016e+01,2.063528e+01,2.062132e+01,2.057944e+01,2.060736e+01,2.055850e+01,2.057944e+01,2.060039e+01,2.055850e+01,2.059340e+01,2.056548e+01,2.062830e+01,2.065621e+01,2.070502e+01,2.069805e+01,2.064225e+01,2.065621e+01,2.076775e+01,2.069805e+01,2.066318e+01,2.070502e+01,2.068410e+01,2.069108e+01,2.068410e+01,2.072594e+01,2.071200e+01,2.066318e+01,2.068410e+01,2.071200e+01,2.065621e+01,2.067016e+01,2.078169e+01,2.068410e+01,2.073291e+01,2.067016e+01,2.063528e+01,2.063528e+01,2.068410e+01,2.072594e+01,2.079562e+01,2.068410e+01,2.067713e+01,2.071200e+01,2.077472e+01,2.073291e+01,2.072594e+01,2.073988e+01,2.072594e+01,2.071200e+01,2.068410e+01,2.067016e+01,2.075382e+01,2.067713e+01,2.073988e+01,2.079562e+01,2.069108e+01,2.069805e+01,2.066318e+01,2.064923e+01,2.067016e+01,2.066318e+01,2.064225e+01,2.065621e+01,2.067016e+01,2.064923e+01,2.071200e+01,2.070502e+01,2.071897e+01,2.065621e+01,2.070502e+01,2.067713e+01,2.064225e+01,2.066318e+01,2.061434e+01,2.074685e+01,2.066318e+01,2.064225e+01,2.068410e+01,2.082348e+01,2.073291e+01,2.069108e+01,2.071897e+01,2.073291e+01,2.080259e+01,2.073291e+01,2.071897e+01,2.070502e+01,2.072594e+01,2.073291e+01,2.076079e+01,2.080259e+01,2.076775e+01,2.072594e+01,2.069108e+01,2.071897e+01,2.076079e+01,2.069108e+01,2.082348e+01,2.078866e+01,2.081652e+01,2.082348e+01,2.080955e+01,2.080259e+01,2.076079e+01,2.083045e+01,2.087918e+01,2.080259e+01,2.081652e+01,2.078866e+01,2.069108e+01,2.078169e+01,2.072594e+01,2.073291e+01,2.068410e+01,2.083045e+01,2.071200e+01,2.083741e+01,2.080955e+01,2.093485e+01,2.074685e+01,2.076775e+01,2.075382e+01,2.079562e+01,2.080259e+01,2.074685e+01,2.081652e+01,2.079562e+01,2.078169e+01,2.077472e+01,2.076775e+01,2.073988e+01,2.076079e+01,2.076775e+01,2.075382e+01,2.076079e+01,2.074685e+01,2.070502e+01,2.076775e+01,2.073988e+01,2.073291e+01,2.071200e+01,2.095572e+01,2.074685e+01,2.078866e+01,2.073291e+01,2.075382e+01,2.078866e+01,2.077472e+01,2.070502e+01,2.081652e+01,2.056548e+01,2.069108e+01,2.078169e+01,2.080955e+01,2.068410e+01,2.086526e+01,2.071200e+01,2.073988e+01,2.071200e+01,2.065621e+01,2.066318e+01,2.049564e+01,2.072594e+01,2.068410e+01,2.072594e+01,2.065621e+01,2.071200e+01,2.064923e+01,2.069108e+01,2.067713e+01,2.064923e+01,2.064923e+01,2.064225e+01,2.056548e+01,2.067713e+01,2.064923e+01,2.060736e+01,2.068410e+01,2.063528e+01,2.066318e+01,2.057246e+01,2.067713e+01,2.079562e+01,2.071200e+01,2.068410e+01,2.069805e+01,2.064225e+01,2.070502e+01,2.073988e+01,2.070502e+01,2.069108e+01,2.069805e+01,2.050262e+01,2.066318e+01,2.076775e+01,2.077472e+01,2.064225e+01,2.057246e+01,2.071200e+01,2.060039e+01,2.057944e+01,2.067713e+01,2.064923e+01,2.071200e+01,2.068410e+01,2.080259e+01,2.064923e+01,2.078169e+01,2.076775e+01,2.076079e+01,2.071200e+01,2.065621e+01,2.067016e+01,2.063528e+01,2.064225e+01,2.071897e+01,2.067016e+01,2.069108e+01,2.065621e+01,2.069805e+01,2.066318e+01,2.073988e+01,2.071200e+01,2.060039e+01,2.062132e+01,2.064923e+01,2.067016e+01,2.060039e+01,2.063528e+01,2.066318e+01,2.061434e+01,2.056548e+01,2.063528e+01,2.060039e+01,2.064225e+01,2.060736e+01,2.065621e+01,2.066318e+01,2.091398e+01,2.064225e+01,2.066318e+01,2.064225e+01,2.062132e+01,2.064225e+01,2.062132e+01,2.059340e+01,2.061434e+01,2.064225e+01,2.065621e+01,2.063528e+01,2.064923e+01,2.059340e+01,2.057246e+01,2.078169e+01,2.067713e+01,2.063528e+01,2.065621e+01,2.060039e+01,2.044672e+01,2.060039e+01,2.057944e+01,2.053057e+01,2.056548e+01,2.060039e+01,2.064923e+01,2.062132e+01,2.064923e+01,2.059340e+01,2.059340e+01,2.064225e+01,2.064923e+01,2.065621e+01,2.049564e+01,2.066318e+01,2.061434e+01,2.064225e+01,2.062830e+01,2.067713e+01,2.059340e+01,2.061434e+01,2.055850e+01,2.057246e+01,2.053057e+01,2.056548e+01,2.049564e+01,2.056548e+01,2.062132e+01,2.064923e+01,2.058643e+01,2.057944e+01,2.065621e+01,2.062830e+01,2.060736e+01,2.046769e+01,2.064225e+01,2.049564e+01,2.060736e+01,2.055152e+01,2.054453e+01,2.060736e+01,2.056548e+01,2.057246e+01,2.047468e+01,2.056548e+01,2.042575e+01,2.058643e+01,2.056548e+01,2.061434e+01,2.057944e+01,2.061434e+01,2.055850e+01,2.064225e+01,2.054453e+01,2.054453e+01,2.053057e+01,2.058643e+01,2.043973e+01,2.056548e+01,2.047468e+01,2.047468e+01,2.049564e+01,2.041176e+01,2.043973e+01,2.045371e+01,2.029282e+01,2.029982e+01,2.027181e+01,2.033481e+01,2.026481e+01,2.036280e+01,2.026481e+01,2.029982e+01,2.024380e+01,2.033481e+01,2.042575e+01,2.036980e+01,2.034881e+01,2.038379e+01,2.043973e+01,2.036280e+01,2.039078e+01,2.039078e+01,2.034181e+01,2.039078e+01,2.033481e+01,2.033481e+01,2.004749e+01,2.036980e+01,2.036980e+01,2.039078e+01,2.040477e+01,2.043274e+01,2.041875e+01,2.039778e+01,2.040477e+01,2.032082e+01,2.034881e+01,2.033481e+01,2.034181e+01,2.041875e+01,2.035581e+01,2.038379e+01,2.043274e+01,2.064225e+01,2.051660e+01,2.054453e+01,2.054453e+01,2.064225e+01,2.057246e+01,2.062132e+01,2.046070e+01,2.050961e+01,2.069108e+01,2.060736e+01,2.060039e+01,2.052358e+01,2.052358e+01,2.056548e+01,2.062132e+01,2.064225e+01,2.051660e+01,2.057246e+01,2.081652e+01,2.070502e+01,2.085134e+01,2.089310e+01,2.095572e+01,2.081652e+01,2.095572e+01,2.086526e+01,2.098353e+01,2.084437e+01,2.089310e+01,2.085134e+01,2.089310e+01,2.091398e+01,2.085134e+01,2.092789e+01,2.091398e+01,2.093485e+01,2.090006e+01,2.090702e+01,2.091398e+01,2.082348e+01,2.094180e+01,2.094180e+01,2.096962e+01,2.089310e+01,2.086526e+01,2.085830e+01,2.097658e+01,2.076775e+01,2.099048e+01,2.089310e+01,2.088614e+01,2.103914e+01,2.089310e+01,2.092093e+01,2.091398e+01,2.099048e+01,2.095572e+01,2.090702e+01,2.094876e+01,2.087222e+01,2.091398e+01,2.090006e+01,2.073988e+01,2.095572e+01,2.087918e+01,2.094180e+01,2.082348e+01,2.083045e+01,2.078169e+01,2.081652e+01,2.088614e+01,2.085830e+01,2.080955e+01,2.083045e+01,2.073291e+01,2.073988e+01,2.071897e+01,2.092789e+01,2.085830e+01,2.085134e+01,2.101829e+01,2.089310e+01,2.080259e+01,2.078866e+01,2.067713e+01,2.060736e+01,2.063528e+01,2.068410e+01,2.064225e+01,2.064225e+01,2.051660e+01,2.067016e+01,2.055152e+01,2.064225e+01,2.055850e+01,2.055152e+01,2.052358e+01,2.060039e+01,2.059340e+01,2.032782e+01,1.994919e+01,2.019476e+01,2.013167e+01,2.023680e+01,2.008257e+01,2.016672e+01,2.014569e+01,2.025080e+01,2.022979e+01,2.045371e+01,2.050262e+01,2.057944e+01,2.041176e+01
2.078169e+01,2.080259e+01,2.080259e+01,2.078866e+01,2.073291e+01,2.069108e+01,2.077472e+01,2.076079e+01,2.063528e+01,2.074685e+01,2.067016e+01,2.057944e+01,2.064225e+01,2.056548e+01,2.043973e+01,2.050961e+01,2.043274e+01,2.053755e+01,2.036980e+01,2.048166e+01,2.054453e+01,2.051660e+01,2.034881e+01,2.048166e+01,2.034181e+01,2.046769e+01,2.030682e+01,2.045371e+01,2.034881e+01,2.043973e+01,2.036980e+01,2.042575e+01,2.043973e+01,2.050262e+01,2.034881e+01,2.033481e+01,2.032782e+01,2.029282e+01,2.029982e+01,2.023680e+01,2.020877e+01,2.027881e+01,2.024380e+01,2.002643e+01,2.014569e+01,2.016672e+01,2.007556e+01,2.020177e+01,2.003345e+01,2.015971e+01,2.013868e+01,2.020177e+01,2.025080e+01,2.022278e+01,2.016672e+01,2.026481e+01,2.035581e+01,2.037679e+01,2.022278e+01,2.025781e+01,2.031382e+01,2.035581e+01,2.029982e+01,2.042575e+01,2.038379e+01,2.035581e+01,2.042575e+01,2.038379e+01,2.036980e+01,2.034181e+01,2.039078e+01,2.034181e+01,2.043973e+01,2.039078e+01,2.040477e+01,2.041875e+01,2.034881e+01,2.041176e+01,2.043973e+01,2.043973e+01,2.046769e+01,2.046769e+01,2.047468e+01,2.048865e+01,2.046070e+01,2.057246e+01,2.056548e+01,2.050262e+01,2.055152e+01,2.062132e+01,2.045371e+01,2.052358e+01,2.054453e+01,2.057246e+01,2.046070e+01,2.056548e+01,2.050961e+01,2.060039e+01,2.053057e+01,2.063528e+01,2.065621e+01,2.054453e+01,2.060736e+01,2.053755e+01,2.057944e+01,2.055152e+01,2.060736e+01,2.063528e+01,2.057944e+01,2.057944e+01,2.071200e+01,2.057944e+01,2.061434e+01,2.064225e+01,2.066318e+01,2.062132e+01,2.062830e+01,2.060039e+01,2.065621e+01,2.062132e+01,2.065621e+01,2.060736e+01,2.060039e+01,2.060039e+01,2.049564e+01,2.052358e+01,2.050262e+01,2.054453e+01,2.049564e+01,2.054453e+01,2.048166e+01,2.048865e+01,2.054453e+01,2.057944e+01,2.051660e+01,2.053755e+01,2.042575e+01,2.064225e+01,2.065621e+01,2.048865e+01,2.057246e+01,2.050961e+01,2.041875e+01,2.054453e+01,2.061434e+01,2.057246e+01,2.057944e+01,2.059340e+01,2.060039e+01,2.057944e+01,2.057944e+01,2.059340e+01,2.049564e+01,2.061434e+01,2.050262e+01,2.059340e+01,2.061434e+01,2.053755e+01,2.072594e+01,2.059340e+01,2.053057e+01,2.053755e+01,2.060736e+01,2.064225e+01,2.065621e+01,2.064225e+01,2.064225e+01,2.063528e+01,2.069108e+01,2.067713e+01,2.067016e+01,2.060736e+01,2.053057e+01,2.062132e+01,2.052358e+01,2.076079e+01,2.070502e+01,2.047468e+01,2.069805e+01,2.067713e+01,2.069108e+01,2.065621e+01,2.069805e+01,2.074685e+01,2.071897e+01,2.069108e+01,2.078169e+01,2.065621e+01,2.069805e+01,2.065621e+01,2.071897e+01,2.070502e+01,2.071200e+01,2.071200e+01,2.069805e+01,2.072594e+01,2.070502e+01,2.057944e+01,2.066318e+01,2.065621e+01,2.067713e+01,2.068410e+01,2.071897e+01,2.070502e+01,2.070502e+01,2.071200e+01,2.069108e+01,2.078169e+01,2.075382e+01,2.083045e+01,2.073988e+01,2.069805e+01,2.055850e+01,2.070502e+01,2.070502e+01,2.063528e+01,2.076079e+01,2.069108e+01,2.064923e+01,2.056548e+01,2.064923e+01,2.066318e+01,2.067016e+01,2.069805e+01,2.073988e+01,2.069108e+01,2.072594e+01,2.071200e+01,2.068410e+01,2.064225e+01,2.070502e+01,2.066318e+01,2.065621e+01,2.063528e+01,2.062132e+01,2.067016e+01,2.066318e+01,2.073988e+01,2.067713e+01,2.062132e+01,2.071897e+01,2.068410e+01,2.069805e+01,2.068410e+01,2.078169e+01,2.077472e+01,2.071200e+01,2.071897e+01,2.072594e+01,2.075382e+01,2.073988e+01,2.077472e+01,2.069108e+01,2.072594e+01,2.073988e+01,2.073988e+01,2.073291e+01,2.073988e+01,2.063528e+01,2.069108e+01,2.071897e+01,2.085830e+01,2.076079e+01,2.074685e+01,2.069805e+01,2.082348e+01,2.082348e+01,2.073988e+01,2.083045e+01,2.080259e+01,2.080955e+01,2.080955e+01,2.076775e+01,2.078169e+01,2.076775e+01,2.071897e+01,2.076079e+01,2.080955e+01,2.070502e+01,2.083741e+01,2.081652e+01,2.085134e+01,2.080259e+01,2.082348e+01,2.092093e+01,2.079562e+01,2.076079e+01,2.081652e+01,2.083741e+01,2.078866e+01,2.085134e+01,2.079562e+01,2.077472e+01,2.071200e+01,2.078169e+01,2.078866e+01,2.075382e+01,2.078169e+01,2.071897e+01,2.078169e+01,2.077472e+01,2.075382e+01,2.086526e+01,2.073988e+01,2.076079e+01,2.083741e+01,2.073988e+01,2.076079e+01,2.078866e+01,2.078169e+01,2.079562e+01,2.078169e+01,2.080955e+01,2.069108e+01,2.090702e+01,2.080955e+01,2.080955e+01,2.075382e+01,2.080259e+01,2.057944e+01,2.068410e+01,2.061434e+01,2.069108e+01,2.072594e+01,2.065621e+01,2.071897e+01,2.073988e+01,2.062830e+01,2.071897e+01,2.071200e+01,2.072594e+01,2.069805e+01,2.067016e+01,2.069108e+01,2.070502e+01,2.067713e+01,2.069805e+01,2.069805e+01,2.068410e+01,2.066318e+01,2.066318e+01,2.065621e+01,2.069108e+01,2.075382e+01,2.071897e+01,2.071897e+01,2.068410e+01,2.068410e+01,2.070502e+01,2.070502e+01,2.069108e+01,2.072594e+01,2.067016e+01,2.076079e+01,2.071200e+01,2.067713e+01,2.073291e+01,2.078866e+01,2.073988e+01,2.062132e+01,2.077472e+01,2.073291e+01,2.073988e+01,2.067713e+01,2.067713e+01,2.067713e+01,2.064225e+01,2.069805e+01,2.073988e+01,2.066318e+01,2.057944e+01,2.071897e+01,2.073291e+01,2.076775e+01,2.069108e+01,2.080259e+01,2.075382e+01,2.075382e+01,2.063528e+01,2.069108e+01,2.078866e+01,2.064923e+01,2.064225e+01,2.072594e+01,2.070502e+01,2.062830e+01,2.057944e+01,2.065621e+01,2.066318e+01,2.066318e+01,2.067713e+01,2.066318e+01,2.057246e+01,2.058643e+01,2.067016e+01,2.066318e+01,2.069805e+01,2.061434e+01,2.060039e+01,2.072594e+01,2.066318e+01,2.070502e+01,2.062830e+01,2.064923e+01,2.064225e+01,2.063528e+01,2.062132e+01,2.062830e+01,2.063528e+01,2.062830e+01,2.067713e+01,2.064923e+01,2.062132e+01,2.060736e+01,2.060736e+01,2.061434e+01,2.063528e+01,2.065621e+01,2.062132e+01,2.060736e+01,2.061434e+01,2.061434e+01,2.062830e+01,2.060736e+01,2.059340e+01,2.060039e+01,2.055152e+01,2.062132e+01,2.060736e+01,2.062830e+01,2.065621e+01,2.057944e+01,2.064225e+01,2.064923e+01,2.057944e+01,2.063528e+01,2.060039e+01,2.063528e+01,2.064923e+01,2.058643e+01,2.060736e+01,2.059340e+01,2.064923e+01,2.061434e+01,2.049564e+01,2.064225e+01,2.060736e+01,2.060736e+01,2.061434e+01,2.053057e+01,2.055152e+01,2.062830e+01,2.065621e+01,2.062132e+01,2.058643e+01,2.058643e+01,2.055152e+01,2.064923e+01,2.060736e+01,2.055850e+01,2.058643e+01,2.059340e+01,2.056548e+01,2.057246e+01,2.054453e+01,2.058643e+01,2.057944e+01,2.058643e+01,2.061434e+01,2.059340e+01,2.060039e+01,2.060736e+01,2.062132e+01,2.060736e+01,2.050961e+01,2.055152e+01,2.055152e+01,2.055152e+01,2.060039e+01,2.060039e+01,2.051660e+01,2.052358e+01,2.042575e+01,2.046769e+01,2.052358e+01,2.040477e+01,2.043973e+01,2.035581e+01,2.039778e+01,2.025080e+01,2.043274e+01,2.028582e+01,2.027881e+01,2.036980e+01,2.027881e+01,2.037679e+01,2.042575e+01,2.036280e+01,2.039778e+01,2.034181e+01,2.038379e+01,2.039778e+01,2.034881e+01,2.038379e+01,2.034181e+01,2.041875e+01,2.042575e+01,2.035581e+01,2.032782e+01,2.038379e+01,2.033481e+01,2.034881e+01,2.036280e+01,2.038379e+01,2.040477e+01,2.041176e+01,2.041875e+01,2.043274e+01,2.047468e+01,2.036280e+01,2.043274e+01,2.036280e+01,2.033481e+01,2.055850e+01,2.040477e+01,2.043973e+01,2.046070e+01,2.050961e+01,2.053755e+01,2.059340e+01,2.062132e+01,2.059340e+01,2.056548e+01,2.061434e+01,2.057246e+01,2.055850e+01,2.055850e+01,2.057944e+01,2.057944e+01,2.052358e+01,2.060039e+01,2.051660e+01,2.071200e+01,2.057246e+01,2.057944e+01,2.071897e+01,2.079562e+01,2.074685e+01,2.090006e+01,2.078169e+01,2.080955e+01,2.085134e+01,2.087222e+01,2.095572e+01,2.087918e+01,2.092093e+01,2.092789e+01,2.095572e+01,2.090006e+01,2.092789e+01,2.090702e+01,2.090006e+01,2.093485e+01,2.090702e+01,2.091398e+01,2.096267e+01,2.101829e+01,2.094876e+01,2.094876e+01,2.105304e+01,2.094876e+01,2.096962e+01,2.096267e+01,2.085134e+01,2.093485e+01,2.080955e+01,2.089310e+01,2.085134e+01,2.087222e+01,2.094876e+01,2.091398e+01,2.098353e+01,2.090702e+01,2.085830e+01,2.096267e+01,2.101134e+01,2.090006e+01,2.088614e+01,2.092093e+01,2.083045e+01,2.087222e+01,2.094876e+01,2.092093e+01,2.095572e+01,2.088614e+01,2.093485e+01,2.091398e+01,2.063528e+01,2.083045e+01,2.079562e+01,2.085134e+01,2.080955e+01,2.085830e+01,2.078169e+01,2.088614e+01,2.092789e+01,2.094180e+01,2.089310e+01,2.084437e+01,2.084437e+01,2.078866e+01,2.078169e+01,2.073988e+01,2.069805e+01,2.071897e+01,2.090006e+01,2.061434e+01,2.062132e+01,2.054453e+01,2.063528e+01,2.062132e+01,2.059340e+01,2.060039e+01,2.058643e+01,2.073291e+01,2.074685e+01,2.057246e+01,2.019476e+01,2.017373e+01,2.027881e+01,2.031382e+01,2.013167e+01,2.017373e+01,2.013868e+01,2.047468e+01,2.049564e+01,2.046769e+01,2.025781e+01,2.048166e+01,2.061434e+01
2.076079e+01,2.079562e+01,2.075382e+01,2.067713e+01,2.080259e+01,2.079562e+01,2.069805e+01,2.080259e+01,2.057944e+01,2.064225e+01,2.054453e+01,2.048865e+01,2.056548e+01,2.050961e+01,2.032782e+01,2.042575e+01,2.043973e+01,2.038379e+01,2.035581e+01,2.043973e+01,2.036980e+01,2.038379e+01,2.040477e+01,2.022278e+01,2.032082e+01,2.046769e+01,2.046070e+01,2.026481e+01,2.046070e+01,2.041176e+01,2.033481e+01,2.036980e+01,2.032082e+01,2.034881e+01,2.032082e+01,2.028582e+01,2.010362e+01,2.027881e+01,2.030682e+01,2.022278e+01,2.015270e+01,2.025781e+01,2.018074e+01,2.009660e+01,2.013167e+01,2.011063e+01,2.012466e+01,2.012466e+01,2.017373e+01,2.014569e+01,2.015270e+01,2.016672e+01,2.021578e+01,2.000537e+01,2.009660e+01,2.023680e+01,2.020877e+01,2.022979e+01,2.025781e+01,2.025781e+01,2.025781e+01,2.029982e+01,2.033481e+01,2.046070e+01,2.035581e+01,2.034881e+01,2.032782e+01,2.033481e+01,2.027881e+01,2.033481e+01,2.034181e+01,2.034181e+01,2.042575e+01,2.045371e+01,2.027181e+01,2.032082e+01,2.033481e+01,2.050961e+01,2.028582e+01,2.035581e+01,2.045371e+01,2.069108e+01,2.048865e+01,2.042575e+01,2.044672e+01,2.045371e+01,2.052358e+01,2.048166e+01,2.053057e+01,2.053755e+01,2.046769e+01,2.043274e+01,2.053755e+01,2.046070e+01,2.055152e+01,2.049564e+01,2.067016e+01,2.057944e+01,2.062830e+01,2.055152e+01,2.059340e+01,2.059340e+01,2.062830e+01,2.057944e+01,2.059340e+01,2.047468e+01,2.057944e+01,2.066318e+01,2.064923e+01,2.056548e+01,2.052358e+01,2.049564e+01,2.054453e+01,2.050961e+01,2.034881e+01,2.055850e+01,2.055850e+01,2.067016e+01,2.057246e+01,2.053755e+01,2.056548e+01,2.054453e+01,2.060736e+01,2.049564e+01,2.053057e+01,2.053057e+01,2.050262e+01,2.058643e+01,2.058643e+01,2.046769e+01,2.045371e+01,2.046070e+01,2.059340e+01,2.043973e+01,2.041176e+01,2.036980e+01,2.041875e+01,2.058643e+01,2.045371e+01,2.048865e+01,2.052358e+01,2.050961e+01,2.053057e+01,2.046769e+01,2.047468e+01,2.046769e+01,2.046070e+01,2.050262e+01,2.054453e+01,2.055152e+01,2.048166e+01,2.052358e+01,2.057246e+01,2.054453e+01,2.061434e+01,2.055152e+01,2.062830e+01,2.054453e+01,2.048865e+01,2.058643e+01,2.064923e+01,2.057944e+01,2.067713e+01,2.064923e+01,2.069108e+01,2.066318e+01,2.064225e+01,2.053057e+01,2.059340e+01,2.055850e+01,2.062132e+01,2.055152e+01,2.064225e+01,2.059340e+01,2.057246e+01,2.067016e+01,2.070502e+01,2.073291e+01,2.067713e+01,2.070502e+01,2.067016e+01,2.073988e+01,2.076079e+01,2.072594e+01,2.067016e+01,2.069108e+01,2.057944e+01,2.062132e+01,2.067713e+01,2.064923e+01,2.064923e+01,2.057944e+01,2.059340e+01,2.071897e+01,2.073291e+01,2.066318e+01,2.071200e+01,2.071200e+01,2.069805e+01,2.057246e+01,2.071200e+01,2.077472e+01,2.070502e+01,2.068410e+01,2.068410e+01,2.068410e+01,2.069805e+01,2.073291e+01,2.068410e+01,2.076775e+01,2.073291e+01,2.067713e+01,2.057944e+01,2.070502e+01,2.076775e+01,2.081652e+01,2.057944e+01,2.065621e+01,2.066318e+01,2.065621e+01,2.069108e+01,2.067016e+01,2.065621e+01,2.067713e+01,2.067016e+01,2.069805e+01,2.069108e+01,2.071897e+01,2.064923e+01,2.071897e+01,2.060039e+01,2.064923e+01,2.066318e+01,2.066318e+01,2.063528e+01,2.063528e+01,2.063528e+01,2.063528e+01,2.069805e+01,2.064225e+01,2.064225e+01,2.068410e+01,2.069805e+01,2.071200e+01,2.077472e+01,2.057246e+01,2.069805e+01,2.075382e+01,2.074685e+01,2.072594e+01,2.068410e+01,2.072594e+01,2.074685e+01,2.070502e+01,2.076775e+01,2.050262e+01,2.071200e+01,2.071897e+01,2.071200e+01,2.072594e+01,2.070502e+01,2.070502e+01,2.079562e+01,2.078169e+01,2.071897e+01,2.070502e+01,2.076079e+01,2.077472e+01,2.083045e+01,2.076079e+01,2.081652e+01,2.084437e+01,2.076775e+01,2.073291e+01,2.072594e+01,2.068410e+01,2.076079e+01,2.084437e+01,2.078169e+01,2.076079e+01,2.072594e+01,2.078169e+01,2.074685e+01,2.080955e+01,2.078866e+01,2.078169e+01,2.077472e+01,2.073291e+01,2.078866e+01,2.078866e+01,2.086526e+01,2.076775e+01,2.078169e+01,2.083741e+01,2.083045e+01,2.084437e+01,2.076079e+01,2.075382e+01,2.082348e+01,2.082348e+01,2.077472e+01,2.076079e+01,2.079562e+01,2.070502e+01,2.078169e+01,2.073988e+01,2.075382e+01,2.077472e+01,2.083045e+01,2.078169e+01,2.081652e+01,2.080955e+01,2.065621e+01,2.058643e+01,2.072594e+01,2.076775e+01,2.096267e+01,2.080259e+01,2.071200e+01,2.071200e+01,2.071897e+01,2.073291e+01,2.071200e+01,2.067016e+01,2.069108e+01,2.065621e+01,2.070502e+01,2.057246e+01,2.070502e+01,2.064923e+01,2.065621e+01,2.067016e+01,2.060039e+01,2.069108e+01,2.054453e+01,2.067016e+01,2.067713e+01,2.064225e+01,2.057944e+01,2.064923e+01,2.066318e+01,2.067713e+01,2.071200e+01,2.069108e+01,2.067016e+01,2.064923e+01,2.067713e+01,2.067016e+01,2.071897e+01,2.063528e+01,2.073988e+01,2.062132e+01,2.074685e+01,2.068410e+01,2.070502e+01,2.076079e+01,2.080955e+01,2.080955e+01,2.078866e+01,2.070502e+01,2.063528e+01,2.073291e+01,2.061434e+01,2.074685e+01,2.066318e+01,2.071200e+01,2.065621e+01,2.067713e+01,2.060736e+01,2.071897e+01,2.084437e+01,2.077472e+01,2.066318e+01,2.055850e+01,2.058643e+01,2.075382e+01,2.069805e+01,2.057246e+01,2.053057e+01,2.064923e+01,2.068410e+01,2.065621e+01,2.066318e+01,2.066318e+01,2.056548e+01,2.069805e+01,2.066318e+01,2.064225e+01,2.049564e+01,2.069108e+01,2.060039e+01,2.061434e+01,2.060039e+01,2.057944e+01,2.069108e+01,2.067713e+01,2.068410e+01,2.069108e+01,2.062830e+01,2.072594e+01,2.058643e+01,2.059340e+01,2.061434e+01,2.063528e+01,2.063528e+01,2.061434e+01,2.066318e+01,2.067713e+01,2.062830e+01,2.062132e+01,2.064225e+01,2.069805e+01,2.050961e+01,2.067713e+01,2.055850e+01,2.065621e+01,2.065621e+01,2.058643e+01,2.049564e+01,2.060736e+01,2.060039e+01,2.062132e+01,2.048166e+01,2.060039e+01,2.061434e+01,2.057246e+01,2.061434e+01,2.062830e+01,2.063528e+01,2.064225e+01,2.057944e+01,2.060039e+01,2.067016e+01,2.054453e+01,2.057944e+01,2.064923e+01,2.062132e+01,2.060039e+01,2.055152e+01,2.062830e+01,2.063528e+01,2.064923e+01,2.064225e+01,2.060736e+01,2.059340e+01,2.064923e+01,2.053057e+01,2.053057e+01,2.057944e+01,2.066318e+01,2.059340e+01,2.060736e+01,2.053755e+01,2.054453e+01,2.054453e+01,2.058643e+01,2.056548e+01,2.050961e+01,2.059340e+01,2.057944e+01,2.058643e+01,2.050262e+01,2.068410e+01,2.053057e+01,2.052358e+01,2.050262e+01,2.054453e+01,2.064923e+01,2.055850e+01,2.045371e+01,2.060039e+01,2.060736e+01,2.055850e+01,2.050262e+01,2.061434e+01,2.055152e+01,2.052358e+01,2.044672e+01,2.054453e+01,2.055152e+01,2.052358e+01,2.057246e+01,2.048865e+01,2.058643e+01,2.040477e+01,2.048865e+01,2.043973e+01,2.036280e+01,2.027181e+01,2.030682e+01,2.041875e+01,2.041176e+01,2.031382e+01,2.039078e+01,2.041176e+01,2.034181e+01,2.034881e+01,2.045371e+01,2.047468e+01,2.043973e+01,2.042575e+01,2.034881e+01,2.032082e+01,2.036280e+01,2.032082e+01,2.035581e+01,2.039078e+01,2.040477e+01,2.036280e+01,2.035581e+01,2.034881e+01,2.035581e+01,2.032782e+01,2.039778e+01,2.043274e+01,2.041176e+01,2.048865e+01,2.051660e+01,2.041176e+01,2.041875e+01,2.040477e+01,2.034181e+01,2.039078e+01,2.040477e+01,2.041875e+01,2.043274e+01,2.048865e+01,2.050961e+01,2.052358e+01,2.053057e+01,2.058643e+01,2.046070e+01,2.062132e+01,2.057246e+01,2.053755e+01,2.049564e+01,2.055152e+01,2.051660e+01,2.051660e+01,2.053755e+01,2.036980e+01,2.062132e+01,2.049564e+01,2.047468e+01,2.058643e+01,2.073291e+01,2.074685e+01,2.088614e+01,2.086526e+01,2.086526e+01,2.086526e+01,2.080955e+01,2.083045e+01,2.091398e+01,2.092093e+01,2.087918e+01,2.085134e+01,2.111555e+01,2.084437e+01,2.093485e+01,2.086526e+01,2.089310e+01,2.091398e+01,2.088614e+01,2.090006e+01,2.094876e+01,2.094180e+01,2.088614e+01,2.101134e+01,2.101134e+01,2.096267e+01,2.092789e+01,2.087222e+01,2.097658e+01,2.081652e+01,2.096267e+01,2.084437e+01,2.087918e+01,2.080955e+01,2.103219e+01,2.090006e+01,2.091398e+01,2.087918e+01,2.087918e+01,2.089310e+01,2.090702e+01,2.079562e+01,2.099744e+01,2.072594e+01,2.092789e+01,2.091398e+01,2.077472e+01,2.092093e+01,2.094876e+01,2.092093e+01,2.090702e+01,2.090702e+01,2.094180e+01,2.090006e+01,2.084437e+01,2.082348e+01,2.079562e+01,2.073988e+01,2.087918e+01,2.080955e+01,2.085134e+01,2.079562e+01,2.092789e+01,2.078169e+01,2.075382e+01,2.080955e+01,2.083741e+01,2.092789e+01,2.090702e+01,2.067713e+01,2.070502e+01,2.064225e+01,2.055152e+01,2.067713e+01,2.060039e+01,2.059340e+01,2.071200e+01,2.062830e+01,2.060039e+01,2.059340e+01,2.077472e+01,2.056548e+01,2.028582e+01,2.028582e+01,2.029282e+01,2.030682e+01,2.032082e+01,2.027881e+01,2.012466e+01,2.020177e+01,2.025080e+01,2.041875e+01,2.039778e+01,2.060736e+01,2.063528e+01
2.088614e+01,2.083045e+01,2.081652e+01,2.070502e+01,2.073988e+01,2.067713e+01,2.077472e+01,2.074685e+01,2.065621e+01,2.069108e+01,2.072594e+01,2.063528e+01,2.066318e+01,2.048166e+01,2.045371e+01,2.045371e+01,2.041875e+01,2.034881e+01,2.036280e+01,2.050961e+01,2.045371e+01,2.048865e+01,2.034181e+01,2.020877e+01,2.031382e+01,2.027881e+01,2.036980e+01,2.034181e+01,2.031382e+01,2.041875e+01,2.032782e+01,2.037679e+01,2.035581e+01,2.038379e+01,2.032782e+01,2.034181e+01,2.028582e+01,2.018775e+01,2.018775e+01,1.997026e+01,2.011764e+01,2.022979e+01,2.022979e+01,2.011764e+01,2.015971e+01,2.008257e+01,2.013167e+01,2.011764e+01,2.013167e+01,2.014569e+01,2.013167e+01,2.006854e+01,2.011764e+01,2.022979e+01,2.022278e+01,2.022278e+01,2.024380e+01,2.020177e+01,2.010362e+01,2.024380e+01,2.026481e+01,2.030682e+01,2.026481e+01,2.027881e+01,2.021578e+01,2.034881e+01,2.025781e+01,2.029282e+01,2.027181e+01,2.032082e+01,2.030682e+01,2.024380e+01,2.040477e+01,2.039078e+01,2.035581e+01,2.036980e+01,2.043274e+01,2.026481e+01,2.032782e+01,2.011764e+01,2.042575e+01,2.041875e+01,2.041176e+01,2.042575e+01,2.043973e+01,2.053057e+01,2.054453e+01,2.039778e+01,2.039778e+01,2.040477e+01,2.057246e+01,2.055850e+01,2.062830e+01,2.053057e+01,2.058643e+01,2.062830e+01,2.062830e+01,2.062132e+01,2.048865e+01,2.061434e+01,2.061434e+01,2.050262e+01,2.050262e+01,2.055850e+01,2.052358e+01,2.046769e+01,2.054453e+01,2.050262e+01,2.060039e+01,2.061434e+01,2.052358e+01,2.056548e+01,2.056548e+01,2.033481e+01,2.048166e+01,2.055850e+01,2.055152e+01,2.057246e+01,2.060039e+01,2.060736e+01,2.056548e+01,2.062132e+01,2.060736e+01,2.053057e+01,2.055850e+01,2.056548e+01,2.053057e+01,2.048865e+01,2.049564e+01,2.055152e+01,2.052358e+01,2.044672e+01,2.043274e+01,2.043274e+01,2.050262e+01,2.043973e+01,2.048865e+01,2.046070e+01,2.055850e+01,2.059340e+01,2.057246e+01,2.053057e+01,2.052358e+01,2.048166e+01,2.046769e+01,2.049564e+01,2.048865e+01,2.055152e+01,2.053755e+01,2.055850e+01,2.046769e+01,2.048865e+01,2.049564e+01,2.058643e+01,2.058643e+01,2.050961e+01,2.061434e+01,2.049564e+01,2.064225e+01,2.050961e+01,2.062132e+01,2.057944e+01,2.050961e+01,2.067713e+01,2.058643e+01,2.059340e+01,2.064923e+01,2.062132e+01,2.059340e+01,2.049564e+01,2.057246e+01,2.059340e+01,2.062132e+01,2.076079e+01,2.062830e+01,2.064225e+01,2.064923e+01,2.069805e+01,2.063528e+01,2.067713e+01,2.064923e+01,2.042575e+01,2.064923e+01,2.071897e+01,2.063528e+01,2.062830e+01,2.067016e+01,2.082348e+01,2.071897e+01,2.064225e+01,2.060039e+01,2.067016e+01,2.068410e+01,2.070502e+01,2.067016e+01,2.065621e+01,2.072594e+01,2.071200e+01,2.062830e+01,2.071200e+01,2.063528e+01,2.078866e+01,2.069108e+01,2.069805e+01,2.073291e+01,2.073291e+01,2.069108e+01,2.070502e+01,2.067713e+01,2.067713e+01,2.069805e+01,2.069805e+01,2.072594e+01,2.076079e+01,2.061434e+01,2.069805e+01,2.068410e+01,2.067016e+01,2.066318e+01,2.068410e+01,2.067016e+01,2.067713e+01,2.071200e+01,2.067016e+01,2.062132e+01,2.071897e+01,2.064923e+01,2.064225e+01,2.062830e+01,2.065621e+01,2.062132e+01,2.064923e+01,2.065621e+01,2.062132e+01,2.060736e+01,2.064923e+01,2.057944e+01,2.062830e+01,2.066318e+01,2.067016e+01,2.066318e+01,2.065621e+01,2.062830e+01,2.067713e+01,2.069108e+01,2.075382e+01,2.075382e+01,2.069805e+01,2.072594e+01,2.071897e+01,2.069805e+01,2.076079e+01,2.073291e+01,2.058643e+01,2.073988e+01,2.069805e+01,2.071200e+01,2.067713e+01,2.069805e+01,2.072594e+01,2.078169e+01,2.081652e+01,2.090006e+01,2.075382e+01,2.080259e+01,2.076775e+01,2.068410e+01,2.073988e+01,2.071897e+01,2.073988e+01,2.080259e+01,2.080259e+01,2.074685e+01,2.073291e+01,2.078169e+01,2.079562e+01,2.078866e+01,2.081652e+01,2.078866e+01,2.076079e+01,2.083741e+01,2.079562e+01,2.075382e+01,2.083741e+01,2.080955e+01,2.076775e+01,2.079562e+01,2.079562e+01,2.083741e+01,2.077472e+01,2.083045e+01,2.083045e+01,2.080955e+01,2.073988e+01,2.077472e+01,2.073291e+01,2.075382e+01,2.083045e+01,2.071200e+01,2.074685e+01,2.070502e+01,2.071200e+01,2.072594e+01,2.076775e+01,2.078866e+01,2.078169e+01,2.082348e+01,2.076079e+01,2.083045e+01,2.073291e+01,2.083045e+01,2.073291e+01,2.074685e+01,2.068410e+01,2.074685e+01,2.066318e+01,2.072594e+01,2.083045e+01,2.071200e+01,2.069108e+01,2.068410e+01,2.073291e+01,2.071200e+01,2.068410e+01,2.065621e+01,2.068410e+01,2.063528e+01,2.064225e+01,2.063528e+01,2.070502e+01,2.056548e+01,2.067713e+01,2.067016e+01,2.060039e+01,2.055850e+01,2.053755e+01,2.055152e+01,2.066318e+01,2.055850e+01,2.053755e+01,2.055152e+01,2.053755e+01,2.073988e+01,2.067713e+01,2.071897e+01,2.069108e+01,2.064923e+01,2.068410e+01,2.064225e+01,2.060039e+01,2.073988e+01,2.065621e+01,2.064225e+01,2.067713e+01,2.066318e+01,2.068410e+01,2.061434e+01,2.064923e+01,2.077472e+01,2.065621e+01,2.065621e+01,2.069805e+01,2.061434e+01,2.073291e+01,2.071200e+01,2.072594e+01,2.068410e+01,2.080259e+01,2.070502e+01,2.074685e+01,2.053755e+01,2.055152e+01,2.067713e+01,2.062132e+01,2.064923e+01,2.070502e+01,2.062830e+01,2.075382e+01,2.076079e+01,2.061434e+01,2.064923e+01,2.062830e+01,2.060736e+01,2.068410e+01,2.069108e+01,2.056548e+01,2.062830e+01,2.054453e+01,2.064923e+01,2.062132e+01,2.062830e+01,2.058643e+01,2.060736e+01,2.059340e+01,2.064225e+01,2.056548e+01,2.065621e+01,2.053057e+01,2.064923e+01,2.058643e+01,2.058643e+01,2.059340e+01,2.061434e+01,2.065621e+01,2.068410e+01,2.064225e+01,2.061434e+01,2.064225e+01,2.063528e+01,2.064923e+01,2.067713e+01,2.068410e+01,2.064923e+01,2.069108e+01,2.067016e+01,2.064923e+01,2.065621e+01,2.057944e+01,2.061434e+01,2.057246e+01,2.056548e+01,2.059340e+01,2.050961e+01,2.060039e+01,2.050961e+01,2.055850e+01,2.046769e+01,2.060039e+01,2.061434e+01,2.060736e+01,2.053057e+01,2.057246e+01,2.060039e+01,2.055850e+01,2.062830e+01,2.064225e+01,2.054453e+01,2.062132e+01,2.055850e+01,2.050961e+01,2.052358e+01,2.060039e+01,2.053755e+01,2.050961e+01,2.067713e+01,2.051660e+01,2.058643e+01,2.058643e+01,2.067713e+01,2.055152e+01,2.063528e+01,2.060736e+01,2.055850e+01,2.064225e+01,2.061434e+01,2.060736e+01,2.062132e+01,2.055850e+01,2.057246e+01,2.061434e+01,2.060736e+01,2.057246e+01,2.050961e+01,2.064923e+01,2.057944e+01,2.057944e+01,2.040477e+01,2.057944e+01,2.057944e+01,2.059340e+01,2.051660e+01,2.061434e+01,2.058643e+01,2.053755e+01,2.046769e+01,2.055152e+01,2.043973e+01,2.053755e+01,2.052358e+01,2.043973e+01,2.048865e+01,2.060736e+01,2.044672e+01,2.055850e+01,2.046769e+01,2.048865e+01,2.047468e+01,2.046070e+01,2.026481e+01,2.024380e+01,2.038379e+01,2.039078e+01,2.043973e+01,2.029282e+01,2.041875e+01,2.037679e+01,2.033481e+01,2.043274e+01,2.034881e+01,2.038379e+01,2.034181e+01,2.041176e+01,2.036980e+01,2.031382e+01,2.039778e+01,2.032082e+01,2.036280e+01,2.038379e+01,2.025781e+01,2.027881e+01,2.036280e+01,2.033481e+01,2.033481e+01,2.033481e+01,2.039778e+01,2.047468e+01,2.046769e+01,2.034881e+01,2.036980e+01,2.050961e+01,2.037679e+01,2.039778e+01,2.036980e+01,2.046769e+01,2.036980e+01,2.039778e+01,2.051660e+01,2.043274e+01,2.053755e+01,2.046070e+01,2.045371e+01,2.051660e+01,2.062830e+01,2.057246e+01,2.055152e+01,2.053057e+01,2.054453e+01,2.055850e+01,2.046070e+01,2.054453e+01,2.052358e+01,2.042575e+01,2.049564e+01,2.047468e+01,2.049564e+01,2.054453e+01,2.074685e+01,2.087918e+01,2.076079e+01,2.080259e+01,2.080955e+01,2.078169e+01,2.084437e+01,2.087918e+01,2.093485e+01,2.092789e+01,2.091398e+01,2.094180e+01,2.090702e+01,2.096962e+01,2.083045e+01,2.093485e+01,2.083741e+01,2.092789e+01,2.098353e+01,2.099048e+01,2.100439e+01,2.094180e+01,2.090702e+01,2.096962e+01,2.093485e+01,2.093485e+01,2.080955e+01,2.082348e+01,2.077472e+01,2.084437e+01,2.074685e+01,2.089310e+01,2.080955e+01,2.085134e+01,2.087918e+01,2.080955e+01,2.090006e+01,2.087918e+01,2.094180e+01,2.088614e+01,2.095572e+01,2.080955e+01,2.085134e+01,2.094876e+01,2.092789e+01,2.087918e+01,2.088614e+01,2.089310e+01,2.080259e+01,2.083741e+01,2.096267e+01,2.080955e+01,2.083045e+01,2.084437e+01,2.080955e+01,2.080259e+01,2.083741e+01,2.077472e+01,2.083741e+01,2.095572e+01,2.090006e+01,2.088614e+01,2.076775e+01,2.076079e+01,2.080955e+01,2.092789e+01,2.090702e+01,2.067713e+01,2.082348e+01,2.067016e+01,2.065621e+01,2.058643e+01,2.062830e+01,2.061434e+01,2.056548e+01,2.057944e+01,2.065621e+01,2.064923e+01,2.076079e+01,2.072594e+01,2.053755e+01,2.056548e+01,2.051660e+01,2.050961e+01,2.049564e+01,2.040477e+01,2.020877e+01,1.990000e+01,2.002643e+01,2.028582e+01,2.065621e+01,2.062830e+01,2.072594e+01,2.063528e+01
2.073291e+01,2.071200e+01,2.073291e+01,2.074685e+01,2.088614e+01,2.071897e+01,2.065621e+01,2.079562e+01,2.083045e+01,2.070502e+01,2.060039e+01,2.073988e+01,2.067016e+01,2.053057e+01,2.046769e+01,2.046769e+01,2.037679e+01,2.043274e+01,2.041176e+01,2.048166e+01,2.038379e+01,2.037679e+01,2.032782e+01,2.025781e+01,2.032082e+01,2.030682e+01,2.034181e+01,2.041875e+01,2.030682e+01,2.041875e+01,2.035581e+01,2.030682e+01,2.029982e+01,2.032082e+01,2.034181e+01,2.018074e+01,2.028582e+01,2.020877e+01,2.019476e+01,2.018074e+01,2.014569e+01,2.020177e+01,2.022278e+01,2.002643e+01,2.013167e+01,2.009660e+01,2.001239e+01,2.005451e+01,2.013167e+01,2.013167e+01,2.011063e+01,2.015971e+01,2.017373e+01,2.004749e+01,2.028582e+01,2.022278e+01,2.018775e+01,2.022278e+01,2.005451e+01,2.024380e+01,2.024380e+01,2.029282e+01,2.023680e+01,2.034181e+01,2.017373e+01,2.033481e+01,2.030682e+01,2.025781e+01,2.028582e+01,2.039078e+01,2.024380e+01,2.031382e+01,2.038379e+01,2.042575e+01,2.043274e+01,2.036280e+01,2.032082e+01,2.034881e+01,2.040477e+01,2.039778e+01,2.042575e+01,2.035581e+01,2.038379e+01,2.041875e+01,2.045371e+01,2.045371e+01,2.042575e+01,2.046769e+01,2.049564e+01,2.041176e+01,2.039078e+01,2.057944e+01,2.055152e+01,2.053057e+01,2.064923e+01,2.050262e+01,2.062132e+01,2.058643e+01,2.063528e+01,2.060736e+01,2.061434e+01,2.055152e+01,2.062132e+01,2.054453e+01,2.053057e+01,2.064225e+01,2.051660e+01,2.053057e+01,2.054453e+01,2.052358e+01,2.060736e+01,2.055152e+01,2.048166e+01,2.057246e+01,2.064923e+01,2.062132e+01,2.061434e+01,2.049564e+01,2.051660e+01,2.053755e+01,2.055850e+01,2.050961e+01,2.064225e+01,2.059340e+01,2.052358e+01,2.052358e+01,2.051660e+01,2.051660e+01,2.047468e+01,2.050961e+01,2.053057e+01,2.050262e+01,2.048865e+01,2.054453e+01,2.053057e+01,2.056548e+01,2.043973e+01,2.057246e+01,2.049564e+01,2.057944e+01,2.048865e+01,2.048865e+01,2.047468e+01,2.046070e+01,2.049564e+01,2.057246e+01,2.048166e+01,2.050961e+01,2.055152e+01,2.054453e+01,2.044672e+01,2.057944e+01,2.058643e+01,2.061434e+01,2.055850e+01,2.052358e+01,2.067713e+01,2.052358e+01,2.060736e+01,2.064923e+01,2.067713e+01,2.060736e+01,2.058643e+01,2.078169e+01,2.062830e+01,2.071897e+01,2.063528e+01,2.061434e+01,2.053755e+01,2.064225e+01,2.064225e+01,2.062830e+01,2.061434e+01,2.069108e+01,2.063528e+01,2.056548e+01,2.069108e+01,2.060039e+01,2.063528e+01,2.079562e+01,2.063528e+01,2.068410e+01,2.073291e+01,2.069805e+01,2.062830e+01,2.067016e+01,2.080955e+01,2.063528e+01,2.064923e+01,2.064225e+01,2.062830e+01,2.069108e+01,2.067016e+01,2.069805e+01,2.068410e+01,2.069805e+01,2.069805e+01,2.067713e+01,2.075382e+01,2.070502e+01,2.077472e+01,2.071200e+01,2.071897e+01,2.073291e+01,2.064225e+01,2.076775e+01,2.074685e+01,2.083741e+01,2.077472e+01,2.065621e+01,2.068410e+01,2.067016e+01,2.074685e+01,2.067016e+01,2.074685e+01,2.073291e+01,2.075382e+01,2.071897e+01,2.064923e+01,2.063528e+01,2.065621e+01,2.076079e+01,2.073291e+01,2.069108e+01,2.067713e+01,2.066318e+01,2.067016e+01,2.064923e+01,2.066318e+01,2.062830e+01,2.069805e+01,2.067016e+01,2.063528e+01,2.064225e+01,2.062830e+01,2.065621e+01,2.066318e+01,2.073988e+01,2.062830e+01,2.067016e+01,2.069805e+01,2.062830e+01,2.060736e+01,2.070502e+01,2.081652e+01,2.072594e+01,2.074685e+01,2.069108e+01,2.076079e+01,2.074685e+01,2.072594e+01,2.073291e+01,2.071200e+01,2.071897e+01,2.078169e+01,2.069108e+01,2.071897e+01,2.068410e+01,2.096267e+01,2.078169e+01,2.072594e+01,2.081652e+01,2.081652e+01,2.073988e+01,2.083741e+01,2.081652e+01,2.079562e+01,2.071897e+01,2.077472e+01,2.080259e+01,2.071897e+01,2.078866e+01,2.078866e+01,2.075382e+01,2.080259e+01,2.077472e+01,2.080955e+01,2.083741e+01,2.085134e+01,2.075382e+01,2.083045e+01,2.077472e+01,2.080955e+01,2.079562e+01,2.086526e+01,2.084437e+01,2.080259e+01,2.084437e+01,2.078169e+01,2.075382e+01,2.074685e+01,2.074685e+01,2.078866e+01,2.083741e+01,2.073291e+01,2.082348e+01,2.080955e+01,2.086526e+01,2.087222e+01,2.078866e+01,2.074685e+01,2.082348e+01,2.081652e+01,2.076775e+01,2.082348e+01,2.078866e+01,2.085830e+01,2.083741e+01,2.084437e+01,2.082348e+01,2.082348e+01,2.078169e+01,2.077472e+01,2.076775e+01,2.078866e+01,2.078866e+01,2.081652e+01,2.081652e+01,2.080955e+01,2.070502e+01,2.068410e+01,2.071897e+01,2.070502e+01,2.069108e+01,2.069805e+01,2.066318e+01,2.057246e+01,2.063528e+01,2.054453e+01,2.060736e+01,2.052358e+01,2.067713e+01,2.064923e+01,2.060736e+01,2.063528e+01,2.069805e+01,2.066318e+01,2.062830e+01,2.063528e+01,2.053755e+01,2.071897e+01,2.055850e+01,2.053057e+01,2.072594e+01,2.071200e+01,2.073291e+01,2.064225e+01,2.067713e+01,2.066318e+01,2.064923e+01,2.067713e+01,2.069805e+01,2.064923e+01,2.063528e+01,2.064923e+01,2.069108e+01,2.078169e+01,2.069108e+01,2.069805e+01,2.076079e+01,2.065621e+01,2.073988e+01,2.069805e+01,2.071897e+01,2.067016e+01,2.068410e+01,2.071897e+01,2.070502e+01,2.048865e+01,2.069108e+01,2.057246e+01,2.078866e+01,2.076775e+01,2.065621e+01,2.060039e+01,2.071897e+01,2.061434e+01,2.070502e+01,2.065621e+01,2.072594e+01,2.064923e+01,2.068410e+01,2.069108e+01,2.066318e+01,2.089310e+01,2.059340e+01,2.069108e+01,2.063528e+01,2.069805e+01,2.062830e+01,2.060039e+01,2.067713e+01,2.056548e+01,2.065621e+01,2.057944e+01,2.063528e+01,2.060736e+01,2.069805e+01,2.070502e+01,2.062830e+01,2.064225e+01,2.073988e+01,2.071897e+01,2.064225e+01,2.070502e+01,2.063528e+01,2.063528e+01,2.067713e+01,2.062132e+01,2.047468e+01,2.067713e+01,2.068410e+01,2.062830e+01,2.070502e+01,2.057944e+01,2.057944e+01,2.058643e+01,2.067713e+01,2.056548e+01,2.067016e+01,2.059340e+01,2.064225e+01,2.058643e+01,2.057944e+01,2.057944e+01,2.067016e+01,2.068410e+01,2.055850e+01,2.065621e+01,2.056548e+01,2.055152e+01,2.057944e+01,2.062830e+01,2.054453e+01,2.052358e+01,2.053755e+01,2.060736e+01,2.062132e+01,2.057944e+01,2.058643e+01,2.060039e+01,2.050262e+01,2.054453e+01,2.062830e+01,2.061434e+01,2.052358e+01,2.055152e+01,2.064225e+01,2.052358e+01,2.065621e+01,2.046070e+01,2.056548e+01,2.062830e+01,2.056548e+01,2.056548e+01,2.067713e+01,2.075382e+01,2.060736e+01,2.064225e+01,2.077472e+01,2.052358e+01,2.053057e+01,2.053057e+01,2.053755e+01,2.055850e+01,2.055850e+01,2.060736e+01,2.065621e+01,2.063528e+01,2.062132e+01,2.058643e+01,2.059340e+01,2.060039e+01,2.055850e+01,2.054453e+01,2.057246e+01,2.064923e+01,2.053755e+01,2.050961e+01,2.062132e+01,2.062830e+01,2.060039e+01,2.052358e+01,2.046769e+01,2.044672e+01,2.047468e+01,2.048865e+01,2.035581e+01,2.022278e+01,2.042575e+01,2.040477e+01,2.041176e+01,2.039778e+01,2.041176e+01,2.041176e+01,2.039778e+01,2.041875e+01,2.036980e+01,2.038379e+01,2.046769e+01,2.039778e+01,2.036980e+01,2.033481e+01,2.034881e+01,2.032082e+01,2.036280e+01,2.038379e+01,2.032082e+01,2.037679e+01,2.039078e+01,2.040477e+01,2.038379e+01,2.032782e+01,2.033481e+01,2.043274e+01,2.035581e+01,2.043973e+01,2.039778e+01,2.048865e+01,2.045371e+01,2.044672e+01,2.037679e+01,2.043973e+01,2.046769e+01,2.043973e+01,2.053755e+01,2.041875e+01,2.044672e+01,2.056548e+01,2.048865e+01,2.056548e+01,2.048166e+01,2.060736e+01,2.055850e+01,2.049564e+01,2.065621e+01,2.056548e+01,2.067016e+01,2.055850e+01,2.053057e+01,2.050961e+01,2.046769e+01,2.050262e+01,2.046070e+01,2.061434e+01,2.061434e+01,2.075382e+01,2.079562e+01,2.076079e+01,2.092093e+01,2.098353e+01,2.086526e+01,2.083741e+01,2.080955e+01,2.083741e+01,2.086526e+01,2.083045e+01,2.080955e+01,2.094876e+01,2.084437e+01,2.087918e+01,2.085134e+01,2.091398e+01,2.099744e+01,2.084437e+01,2.087918e+01,2.094180e+01,2.091398e+01,2.094876e+01,2.098353e+01,2.087222e+01,2.087918e+01,2.092789e+01,2.085830e+01,2.078169e+01,2.077472e+01,2.086526e+01,2.083741e+01,2.094180e+01,2.084437e+01,2.099048e+01,2.091398e+01,2.090006e+01,2.092093e+01,2.096962e+01,2.092093e+01,2.096962e+01,2.094876e+01,2.078169e+01,2.092093e+01,2.079562e+01,2.090006e+01,2.090006e+01,2.083741e+01,2.070502e+01,2.087222e+01,2.091398e+01,2.083045e+01,2.092093e+01,2.079562e+01,2.078866e+01,2.077472e+01,2.078169e+01,2.078169e+01,2.077472e+01,2.085134e+01,2.093485e+01,2.099048e+01,2.082348e+01,2.079562e+01,2.081652e+01,2.082348e+01,2.065621e+01,2.071200e+01,2.069108e+01,2.054453e+01,2.060736e+01,2.059340e+01,2.068410e+01,2.079562e+01,2.067713e+01,2.062830e+01,2.080259e+01,2.073291e+01,2.091398e+01,2.072594e+01,2.076079e+01,2.080259e+01,2.065621e+01,2.063528e+01,2.089310e+01,2.085134e+01,2.036980e+01,2.032782e+01,2.008257e+01,2.023680e+01,2.088614e+01,2.083045e+01,2.059340e+01,2.066318e+01
2.086526e+01,2.088614e+01,2.085134e+01,2.078866e+01,2.082348e+01,2.078169e+01,2.080259e+01,2.082348e+01,2.072594e+01,2.081652e+01,2.073291e+01,2.075382e+01,2.054453e+01,2.054453e+01,2.041875e+01,2.041875e+01,2.044672e+01,2.044672e+01,2.031382e+01,2.042575e+01,2.044672e+01,2.037679e+01,2.023680e+01,2.031382e+01,2.030682e+01,2.030682e+01,2.041176e+01,2.034881e+01,2.028582e+01,2.035581e+01,2.031382e+01,2.020877e+01,2.020177e+01,2.029282e+01,2.032082e+01,2.031382e+01,2.020877e+01,2.018775e+01,2.015971e+01,2.022979e+01,2.009660e+01,2.013167e+01,2.004749e+01,1.994919e+01,2.015270e+01,2.020177e+01,2.013868e+01,2.011764e+01,2.015270e+01,2.006854e+01,2.016672e+01,2.008257e+01,2.020877e+01,2.007556e+01,2.015971e+01,2.015971e+01,2.020877e+01,2.027881e+01,2.015270e+01,2.022278e+01,2.023680e+01,2.015971e+01,2.016672e+01,2.021578e+01,2.018074e+01,2.022278e+01,2.033481e+01,2.031382e+01,2.025080e+01,2.032082e+01,2.024380e+01,2.029982e+01,2.040477e+01,2.035581e+01,2.036280e+01,2.033481e+01,2.029982e+01,2.030682e+01,2.034181e+01,2.034181e+01,2.037679e+01,2.040477e+01,2.052358e+01,2.048166e+01,2.045371e+01,2.046769e+01,2.050961e+01,2.053057e+01,2.051660e+01,2.048166e+01,2.056548e+01,2.050961e+01,2.069805e+01,2.062132e+01,2.048865e+01,2.060039e+01,2.064225e+01,2.064225e+01,2.063528e+01,2.063528e+01,2.061434e+01,2.057944e+01,2.055152e+01,2.057246e+01,2.057246e+01,2.048865e+01,2.053057e+01,2.062132e+01,2.051660e+01,2.054453e+01,2.056548e+01,2.064923e+01,2.055152e+01,2.067713e+01,2.058643e+01,2.057944e+01,2.068410e+01,2.050961e+01,2.050961e+01,2.050961e+01,2.051660e+01,2.054453e+01,2.053057e+01,2.053755e+01,2.053755e+01,2.051660e+01,2.049564e+01,2.050961e+01,2.055152e+01,2.057944e+01,2.047468e+01,2.052358e+01,2.067016e+01,2.050961e+01,2.056548e+01,2.048166e+01,2.057246e+01,2.059340e+01,2.056548e+01,2.054453e+01,2.050262e+01,2.050262e+01,2.048865e+01,2.064923e+01,2.069805e+01,2.051660e+01,2.060039e+01,2.054453e+01,2.053755e+01,2.054453e+01,2.060039e+01,2.060736e+01,2.058643e+01,2.059340e+01,2.057944e+01,2.069108e+01,2.062132e+01,2.055850e+01,2.065621e+01,2.053755e+01,2.064225e+01,2.059340e+01,2.062830e+01,2.059340e+01,2.062132e+01,2.067016e+01,2.061434e+01,2.061434e+01,2.060039e+01,2.050961e+01,2.065621e+01,2.057944e+01,2.069108e+01,2.058643e+01,2.067016e+01,2.064923e+01,2.064923e+01,2.067016e+01,2.063528e+01,2.064225e+01,2.076079e+01,2.071897e+01,2.067016e+01,2.062830e+01,2.078866e+01,2.062132e+01,2.062132e+01,2.072594e+01,2.064225e+01,2.062830e+01,2.088614e+01,2.065621e+01,2.066318e+01,2.064923e+01,2.069805e+01,2.068410e+01,2.065621e+01,2.069805e+01,2.079562e+01,2.075382e+01,2.071200e+01,2.072594e+01,2.069108e+01,2.072594e+01,2.071200e+01,2.075382e+01,2.072594e+01,2.066318e+01,2.068410e+01,2.069805e+01,2.073988e+01,2.071200e+01,2.069108e+01,2.079562e+01,2.070502e+01,2.067713e+01,2.073291e+01,2.071897e+01,2.078866e+01,2.069805e+01,2.073291e+01,2.081652e+01,2.073291e+01,2.074685e+01,2.065621e+01,2.073988e+01,2.064923e+01,2.066318e+01,2.067016e+01,2.063528e+01,2.064923e+01,2.064923e+01,2.073988e+01,2.071897e+01,2.068410e+01,2.057246e+01,2.062830e+01,2.067016e+01,2.068410e+01,2.064225e+01,2.075382e+01,2.062132e+01,2.076775e+01,2.071200e+01,2.080955e+01,2.071200e+01,2.073988e+01,2.077472e+01,2.071200e+01,2.068410e+01,2.076775e+01,2.074685e+01,2.075382e+01,2.074685e+01,2.073291e+01,2.071897e+01,2.078169e+01,2.069108e+01,2.071200e+01,2.071897e+01,2.076079e+01,2.078866e+01,2.079562e+01,2.076079e+01,2.082348e+01,2.081652e+01,2.078866e+01,2.087918e+01,2.070502e+01,2.082348e+01,2.079562e+01,2.079562e+01,2.078866e+01,2.083741e+01,2.075382e+01,2.079562e+01,2.080259e+01,2.085830e+01,2.085830e+01,2.081652e+01,2.083045e+01,2.078866e+01,2.072594e+01,2.076079e+01,2.081652e+01,2.076775e+01,2.082348e+01,2.086526e+01,2.076775e+01,2.076775e+01,2.083045e+01,2.075382e+01,2.078866e+01,2.082348e+01,2.080259e+01,2.078169e+01,2.083045e+01,2.084437e+01,2.073988e+01,2.083741e+01,2.076079e+01,2.073291e+01,2.083741e+01,2.083741e+01,2.083045e+01,2.087918e+01,2.073988e+01,2.059340e+01,2.054453e+01,2.086526e+01,2.076775e+01,2.069108e+01,2.083741e+01,2.076079e+01,2.073291e+01,2.079562e+01,2.073988e+01,2.073291e+01,2.081652e+01,2.081652e+01,2.082348e+01,2.067016e+01,2.069108e+01,2.069805e+01,2.074685e+01,2.060736e+01,2.072594e+01,2.067016e+01,2.075382e+01,2.058643e+01,2.053057e+01,2.062830e+01,2.067713e+01,2.068410e+01,2.063528e+01,2.062830e+01,2.062132e+01,2.058643e+01,2.064225e+01,2.054453e+01,2.070502e+01,2.066318e+01,2.071897e+01,2.060736e+01,2.067713e+01,2.053057e+01,2.065621e+01,2.065621e+01,2.069805e+01,2.064225e+01,2.064225e+01,2.064225e+01,2.063528e+01,2.062132e+01,2.069108e+01,2.063528e+01,2.074685e+01,2.062132e+01,2.064923e+01,2.072594e+01,2.067016e+01,2.067016e+01,2.069108e+01,2.063528e+01,2.066318e+01,2.073291e+01,2.071897e+01,2.076079e+01,2.072594e+01,2.073988e+01,2.064923e+01,2.061434e+01,2.066318e+01,2.062132e+01,2.064225e+01,2.077472e+01,2.071897e+01,2.059340e+01,2.071897e+01,2.061434e+01,2.070502e+01,2.063528e+01,2.068410e+01,2.065621e+01,2.062132e+01,2.055850e+01,2.064225e+01,2.069805e+01,2.063528e+01,2.067016e+01,2.071200e+01,2.062132e+01,2.065621e+01,2.063528e+01,2.062132e+01,2.066318e+01,2.064923e+01,2.065621e+01,2.069805e+01,2.071897e+01,2.069108e+01,2.073988e+01,2.064923e+01,2.068410e+01,2.070502e+01,2.069805e+01,2.061434e+01,2.062132e+01,2.066318e+01,2.062830e+01,2.067713e+01,2.060039e+01,2.061434e+01,2.065621e+01,2.065621e+01,2.059340e+01,2.056548e+01,2.059340e+01,2.070502e+01,2.058643e+01,2.064225e+01,2.051660e+01,2.058643e+01,2.057944e+01,2.054453e+01,2.060039e+01,2.059340e+01,2.070502e+01,2.069108e+01,2.067713e+01,2.071200e+01,2.072594e+01,2.060039e+01,2.055850e+01,2.056548e+01,2.065621e+01,2.062132e+01,2.064923e+01,2.056548e+01,2.057246e+01,2.061434e+01,2.074685e+01,2.060736e+01,2.062830e+01,2.055152e+01,2.061434e+01,2.062830e+01,2.060736e+01,2.065621e+01,2.065621e+01,2.066318e+01,2.059340e+01,2.062830e+01,2.059340e+01,2.059340e+01,2.058643e+01,2.059340e+01,2.058643e+01,2.060736e+01,2.061434e+01,2.057944e+01,2.058643e+01,2.059340e+01,2.057944e+01,2.051660e+01,2.063528e+01,2.062132e+01,2.060736e+01,2.059340e+01,2.061434e+01,2.057944e+01,2.056548e+01,2.055152e+01,2.055850e+01,2.049564e+01,2.055850e+01,2.059340e+01,2.060039e+01,2.060039e+01,2.061434e+01,2.057246e+01,2.037679e+01,2.048166e+01,2.044672e+01,2.044672e+01,2.048166e+01,2.050961e+01,2.044672e+01,2.049564e+01,2.038379e+01,2.046070e+01,2.043973e+01,2.042575e+01,2.041176e+01,2.042575e+01,2.041176e+01,2.043973e+01,2.037679e+01,2.041176e+01,2.036980e+01,2.039078e+01,2.039078e+01,2.041176e+01,2.035581e+01,2.038379e+01,2.034881e+01,2.032782e+01,2.036980e+01,2.029982e+01,2.028582e+01,2.029982e+01,2.034181e+01,2.032082e+01,2.043274e+01,2.049564e+01,2.044672e+01,2.050961e+01,2.049564e+01,2.048865e+01,2.044672e+01,2.050262e+01,2.035581e+01,2.046070e+01,2.039778e+01,2.043973e+01,2.054453e+01,2.044672e+01,2.052358e+01,2.048166e+01,2.053057e+01,2.065621e+01,2.054453e+01,2.055152e+01,2.053057e+01,2.053755e+01,2.062132e+01,2.057944e+01,2.055850e+01,2.059340e+01,2.046070e+01,2.053755e+01,2.047468e+01,2.052358e+01,2.051660e+01,2.052358e+01,2.062132e+01,2.062132e+01,2.073988e+01,2.072594e+01,2.085830e+01,2.088614e+01,2.079562e+01,2.107388e+01,2.100439e+01,2.100439e+01,2.082348e+01,2.090702e+01,2.078866e+01,2.093485e+01,2.087918e+01,2.084437e+01,2.094876e+01,2.092789e+01,2.106693e+01,2.094180e+01,2.090006e+01,2.086526e+01,2.087222e+01,2.087918e+01,2.096962e+01,2.093485e+01,2.092093e+01,2.097658e+01,2.077472e+01,2.090006e+01,2.081652e+01,2.084437e+01,2.087918e+01,2.087222e+01,2.083741e+01,2.086526e+01,2.086526e+01,2.089310e+01,2.088614e+01,2.090006e+01,2.096962e+01,2.077472e+01,2.090702e+01,2.090702e+01,2.075382e+01,2.087918e+01,2.078866e+01,2.090702e+01,2.096267e+01,2.085134e+01,2.084437e+01,2.085830e+01,2.094876e+01,2.099744e+01,2.080259e+01,2.084437e+01,2.107388e+01,2.078169e+01,2.082348e+01,2.078169e+01,2.085830e+01,2.092093e+01,2.088614e+01,2.085830e+01,2.081652e+01,2.081652e+01,2.087222e+01,2.071897e+01,2.067016e+01,2.082348e+01,2.079562e+01,2.067016e+01,2.057944e+01,2.053755e+01,2.062830e+01,2.083741e+01,2.073988e+01,2.064225e+01,2.068410e+01,2.086526e+01,2.078169e+01,2.071200e+01,2.064225e+01,2.078866e+01,2.091398e+01,2.155900e+01,2.142063e+01,2.087222e+01,2.057944e+01,2.033481e+01,2.062830e+01,2.101829e+01,2.080955e+01,2.067713e+01,2.067016e+01
2.085830e+01,2.073988e+01,2.075382e+01,2.073291e+01,2.080955e+01,2.080259e+01,2.080955e+01,2.074685e+01,2.069108e+01,2.077472e+01,2.067016e+01,2.067016e+01,2.057246e+01,2.057944e+01,2.058643e+01,2.053057e+01,2.034181e+01,2.039778e+01,2.034181e+01,2.040477e+01,2.037679e+01,2.032082e+01,2.032782e+01,2.039778e+01,2.022278e+01,2.037679e+01,2.026481e+01,2.029982e+01,2.036280e+01,2.026481e+01,2.029982e+01,2.020877e+01,2.029982e+01,2.027881e+01,2.023680e+01,2.025781e+01,2.021578e+01,2.018074e+01,2.015971e+01,2.018775e+01,2.006854e+01,2.004047e+01,1.998431e+01,2.006152e+01,2.008959e+01,2.008257e+01,2.012466e+01,2.013868e+01,2.009660e+01,2.009660e+01,2.016672e+01,2.003345e+01,2.018074e+01,1.997728e+01,2.015971e+01,2.015971e+01,2.021578e+01,2.015270e+01,2.011764e+01,2.017373e+01,2.017373e+01,2.016672e+01,2.027181e+01,2.028582e+01,2.020177e+01,2.022278e+01,2.018775e+01,2.028582e+01,2.021578e+01,2.019476e+01,2.019476e+01,2.020877e+01,2.030682e+01,2.032782e+01,2.031382e+01,2.039778e+01,2.030682e+01,2.029282e+01,2.032782e+01,2.028582e+01,2.029982e+01,2.043973e+01,2.039778e+01,2.043274e+01,2.041875e+01,2.050961e+01,2.048166e+01,2.046769e+01,2.048865e+01,2.048865e+01,2.058643e+01,2.060736e+01,2.060039e+01,2.048166e+01,2.064225e+01,2.055850e+01,2.057246e+01,2.063528e+01,2.063528e+01,2.064923e+01,2.077472e+01,2.055850e+01,2.050961e+01,2.071200e+01,2.043973e+01,2.054453e+01,2.043973e+01,2.045371e+01,2.049564e+01,2.056548e+01,2.058643e+01,2.053755e+01,2.058643e+01,2.050961e+01,2.051660e+01,2.065621e+01,2.049564e+01,2.051660e+01,2.053057e+01,2.049564e+01,2.048166e+01,2.048865e+01,2.060039e+01,2.051660e+01,2.059340e+01,2.054453e+01,2.055152e+01,2.050262e+01,2.045371e+01,2.063528e+01,2.053755e+01,2.047468e+01,2.048166e+01,2.055152e+01,2.057246e+01,2.059340e+01,2.053057e+01,2.055850e+01,2.050262e+01,2.057944e+01,2.053057e+01,2.049564e+01,2.055152e+01,2.043274e+01,2.053755e+01,2.047468e+01,2.048865e+01,2.065621e+01,2.053755e+01,2.063528e+01,2.054453e+01,2.058643e+01,2.058643e+01,2.056548e+01,2.070502e+01,2.060736e+01,2.059340e+01,2.058643e+01,2.062830e+01,2.051660e+01,2.062830e+01,2.061434e+01,2.058643e+01,2.066318e+01,2.075382e+01,2.062132e+01,2.062132e+01,2.064923e+01,2.076775e+01,2.060736e+01,2.065621e+01,2.054453e+01,2.056548e+01,2.062132e+01,2.067016e+01,2.062830e+01,2.061434e+01,2.059340e+01,2.065621e+01,2.067016e+01,2.062830e+01,2.060736e+01,2.062132e+01,2.062830e+01,2.063528e+01,2.063528e+01,2.064225e+01,2.064923e+01,2.077472e+01,2.062830e+01,2.064923e+01,2.067713e+01,2.062132e+01,2.071200e+01,2.069108e+01,2.064923e+01,2.071200e+01,2.069108e+01,2.067016e+01,2.064923e+01,2.071200e+01,2.073291e+01,2.062132e+01,2.072594e+01,2.073291e+01,2.072594e+01,2.071200e+01,2.071200e+01,2.069108e+01,2.069805e+01,2.065621e+01,2.074685e+01,2.067713e+01,2.074685e+01,2.071897e+01,2.070502e+01,2.078169e+01,2.069805e+01,2.067713e+01,2.077472e+01,2.069108e+01,2.085830e+01,2.069108e+01,2.068410e+01,2.063528e+01,2.058643e+01,2.065621e+01,2.062830e+01,2.064225e+01,2.067713e+01,2.071897e+01,2.062132e+01,2.063528e+01,2.070502e+01,2.066318e+01,2.064225e+01,2.062830e+01,2.069108e+01,2.069805e+01,2.065621e+01,2.067016e+01,2.066318e+01,2.065621e+01,2.071200e+01,2.083741e+01,2.070502e+01,2.071200e+01,2.077472e+01,2.076079e+01,2.075382e+01,2.069805e+01,2.075382e+01,2.071200e+01,2.071200e+01,2.069805e+01,2.067713e+01,2.073291e+01,2.068410e+01,2.075382e+01,2.069108e+01,2.077472e+01,2.078866e+01,2.072594e+01,2.076775e+01,2.076775e+01,2.081652e+01,2.080955e+01,2.083741e+01,2.078169e+01,2.078169e+01,2.077472e+01,2.075382e+01,2.077472e+01,2.083741e+01,2.083045e+01,2.079562e+01,2.076775e+01,2.081652e+01,2.088614e+01,2.071200e+01,2.085134e+01,2.085134e+01,2.083045e+01,2.079562e+01,2.079562e+01,2.076775e+01,2.079562e+01,2.080259e+01,2.077472e+01,2.085134e+01,2.077472e+01,2.082348e+01,2.083741e+01,2.076775e+01,2.085134e+01,2.076775e+01,2.083741e+01,2.086526e+01,2.073291e+01,2.073988e+01,2.073988e+01,2.079562e+01,2.080955e+01,2.069805e+01,2.085830e+01,2.089310e+01,2.076079e+01,2.078169e+01,2.087918e+01,2.069108e+01,2.084437e+01,2.079562e+01,2.084437e+01,2.072594e+01,2.071200e+01,2.076775e+01,2.079562e+01,2.078169e+01,2.075382e+01,2.066318e+01,2.069805e+01,2.071897e+01,2.062132e+01,2.062132e+01,2.063528e+01,2.064923e+01,2.073988e+01,2.061434e+01,2.067016e+01,2.071897e+01,2.048865e+01,2.053755e+01,2.067016e+01,2.060039e+01,2.068410e+01,2.067016e+01,2.061434e+01,2.062132e+01,2.062132e+01,2.063528e+01,2.064923e+01,2.076775e+01,2.072594e+01,2.069805e+01,2.070502e+01,2.069108e+01,2.070502e+01,2.056548e+01,2.075382e+01,2.064923e+01,2.062830e+01,2.063528e+01,2.065621e+01,2.063528e+01,2.072594e+01,2.068410e+01,2.075382e+01,2.071200e+01,2.064923e+01,2.056548e+01,2.076775e+01,2.061434e+01,2.073988e+01,2.069108e+01,2.060039e+01,2.060736e+01,2.063528e+01,2.070502e+01,2.073291e+01,2.076775e+01,2.081652e+01,2.068410e+01,2.056548e+01,2.065621e+01,2.070502e+01,2.078866e+01,2.071897e+01,2.074685e+01,2.071200e+01,2.071897e+01,2.067713e+01,2.070502e+01,2.069108e+01,2.064225e+01,2.063528e+01,2.064225e+01,2.062830e+01,2.065621e+01,2.057944e+01,2.069108e+01,2.064225e+01,2.064225e+01,2.062132e+01,2.069805e+01,2.059340e+01,2.067016e+01,2.068410e+01,2.065621e+01,2.069805e+01,2.072594e+01,2.076079e+01,2.076079e+01,2.064225e+01,2.064923e+01,2.064225e+01,2.068410e+01,2.061434e+01,2.060039e+01,2.063528e+01,2.070502e+01,2.077472e+01,2.067016e+01,2.055850e+01,2.058643e+01,2.064225e+01,2.056548e+01,2.061434e+01,2.055152e+01,2.057246e+01,2.064225e+01,2.064225e+01,2.051660e+01,2.055152e+01,2.059340e+01,2.058643e+01,2.057944e+01,2.055850e+01,2.057944e+01,2.056548e+01,2.063528e+01,2.067713e+01,2.056548e+01,2.066318e+01,2.064923e+01,2.055850e+01,2.058643e+01,2.055152e+01,2.063528e+01,2.051660e+01,2.066318e+01,2.062132e+01,2.062830e+01,2.052358e+01,2.062132e+01,2.061434e+01,2.050961e+01,2.050262e+01,2.051660e+01,2.061434e+01,2.064923e+01,2.063528e+01,2.065621e+01,2.062132e+01,2.061434e+01,2.059340e+01,2.056548e+01,2.069108e+01,2.059340e+01,2.055850e+01,2.060039e+01,2.060039e+01,2.055850e+01,2.050961e+01,2.058643e+01,2.060736e+01,2.058643e+01,2.058643e+01,2.059340e+01,2.057246e+01,2.053755e+01,2.055152e+01,2.051660e+01,2.054453e+01,2.062830e+01,2.056548e+01,2.057944e+01,2.062830e+01,2.050262e+01,2.059340e+01,2.048166e+01,2.057944e+01,2.060039e+01,2.059340e+01,2.055850e+01,2.055152e+01,2.048166e+01,2.052358e+01,2.050262e+01,2.046070e+01,2.045371e+01,2.049564e+01,2.043274e+01,2.039778e+01,2.043274e+01,2.033481e+01,2.038379e+01,2.043274e+01,2.043973e+01,2.038379e+01,2.041875e+01,2.045371e+01,2.045371e+01,2.036280e+01,2.032082e+01,2.039078e+01,2.034181e+01,2.050961e+01,2.034881e+01,2.032782e+01,2.038379e+01,2.039078e+01,2.039778e+01,2.042575e+01,2.050262e+01,2.049564e+01,2.045371e+01,2.049564e+01,2.048166e+01,2.032782e+01,2.034881e+01,2.038379e+01,2.032782e+01,2.050262e+01,2.043973e+01,2.053755e+01,2.054453e+01,2.050961e+01,2.052358e+01,2.047468e+01,2.074685e+01,2.057944e+01,2.053057e+01,2.057246e+01,2.046070e+01,2.057246e+01,2.057944e+01,2.050262e+01,2.057246e+01,2.046769e+01,2.056548e+01,2.048865e+01,2.049564e+01,2.052358e+01,2.053057e+01,2.047468e+01,2.061434e+01,2.058643e+01,2.075382e+01,2.087918e+01,2.085134e+01,2.088614e+01,2.083045e+01,2.080955e+01,2.082348e+01,2.086526e+01,2.080259e+01,2.080955e+01,2.086526e+01,2.080259e+01,2.103914e+01,2.096267e+01,2.094876e+01,2.094180e+01,2.106693e+01,2.099048e+01,2.094876e+01,2.094876e+01,2.087918e+01,2.096267e+01,2.088614e+01,2.092789e+01,2.092093e+01,2.095572e+01,2.080955e+01,2.090702e+01,2.097658e+01,2.085830e+01,2.094876e+01,2.080955e+01,2.082348e+01,2.100439e+01,2.098353e+01,2.085134e+01,2.083741e+01,2.080955e+01,2.080955e+01,2.078866e+01,2.086526e+01,2.085830e+01,2.080259e+01,2.083741e+01,2.090702e+01,2.081652e+01,2.079562e+01,2.085134e+01,2.086526e+01,2.088614e+01,2.085134e+01,2.083045e+01,2.083741e+01,2.083741e+01,2.077472e+01,2.077472e+01,2.077472e+01,2.080259e+01,2.083741e+01,2.090702e+01,2.099048e+01,2.089310e+01,2.103219e+01,2.077472e+01,2.069108e+01,2.067016e+01,2.057246e+01,2.063528e+01,2.050262e+01,2.064225e+01,2.053755e+01,2.067016e+01,2.069108e+01,2.083045e+01,2.089310e+01,2.088614e+01,2.073988e+01,2.076079e+01,2.067713e+01,2.079562e+01,2.072594e+01,2.076079e+01,2.094180e+01,2.184207e+01,2.184207e+01,2.138601e+01,2.055152e+01,2.035581e+01,2.062132e+01,2.105304e+01,2.075382e+01,2.067016e+01,2.078169e+01
2.077472e+01,2.069108e+01,2.086526e+01,2.099744e+01,2.092789e+01,2.072594e+01,2.081652e+01,2.080955e+01,2.077472e+01,2.076079e+01,2.078169e+01,2.059340e+01,2.065621e+01,2.069805e+01,2.053755e+01,2.034181e+01,2.038379e+01,2.041875e+01,2.042575e+01,2.042575e+01,2.043973e+01,2.031382e+01,2.038379e+01,2.029982e+01,2.028582e+01,2.032782e+01,2.032782e+01,2.027881e+01,2.029982e+01,2.039078e+01,2.022979e+01,2.034181e+01,2.023680e+01,2.030682e+01,2.020177e+01,2.023680e+01,2.018074e+01,2.020177e+01,2.009660e+01,2.022979e+01,2.027181e+01,2.008959e+01,2.000537e+01,2.002643e+01,2.015270e+01,2.004749e+01,2.013868e+01,2.011063e+01,2.013868e+01,2.008959e+01,1.984376e+01,2.018074e+01,2.011764e+01,2.018074e+01,2.015270e+01,2.015270e+01,2.015971e+01,2.004047e+01,2.007556e+01,2.013167e+01,2.013868e+01,2.016672e+01,2.018074e+01,2.015971e+01,2.027881e+01,2.031382e+01,2.020877e+01,2.016672e+01,2.025781e+01,2.020177e+01,2.023680e+01,2.020177e+01,2.011063e+01,2.022979e+01,2.032082e+01,2.030682e+01,2.025781e+01,2.037679e+01,2.039078e+01,2.034881e+01,2.040477e+01,2.036280e+01,2.032782e+01,2.039078e+01,2.040477e+01,2.046769e+01,2.050262e+01,2.043973e+01,2.050961e+01,2.055152e+01,2.047468e+01,2.058643e+01,2.059340e+01,2.045371e+01,2.053057e+01,2.058643e+01,2.068410e+01,2.067713e+01,2.063528e+01,2.063528e+01,2.061434e+01,2.058643e+01,2.057944e+01,2.058643e+01,2.050961e+01,2.053755e+01,2.054453e+01,2.052358e+01,2.052358e+01,2.052358e+01,2.055850e+01,2.057246e+01,2.062132e+01,2.050961e+01,2.064225e+01,2.054453e+01,2.045371e+01,2.055152e+01,2.050961e+01,2.046769e+01,2.041875e+01,2.050961e+01,2.058643e+01,2.051660e+01,2.052358e+01,2.055152e+01,2.053755e+01,2.055850e+01,2.051660e+01,2.055850e+01,2.049564e+01,2.046769e+01,2.054453e+01,2.051660e+01,2.053057e+01,2.051660e+01,2.051660e+01,2.052358e+01,2.060039e+01,2.049564e+01,2.050262e+01,2.055152e+01,2.051660e+01,2.057246e+01,2.049564e+01,2.054453e+01,2.053057e+01,2.055850e+01,2.049564e+01,2.047468e+01,2.055152e+01,2.055850e+01,2.055152e+01,2.058643e+01,2.058643e+01,2.060736e+01,2.062132e+01,2.055850e+01,2.058643e+01,2.062830e+01,2.065621e+01,2.058643e+01,2.062132e+01,2.061434e+01,2.062132e+01,2.061434e+01,2.061434e+01,2.059340e+01,2.060736e+01,2.060039e+01,2.053755e+01,2.069108e+01,2.061434e+01,2.066318e+01,2.066318e+01,2.061434e+01,2.063528e+01,2.080955e+01,2.062830e+01,2.064923e+01,2.062830e+01,2.062132e+01,2.060039e+01,2.068410e+01,2.062830e+01,2.061434e+01,2.067016e+01,2.068410e+01,2.062830e+01,2.067016e+01,2.071200e+01,2.071200e+01,2.071200e+01,2.071200e+01,2.067016e+01,2.060039e+01,2.070502e+01,2.065621e+01,2.073291e+01,2.063528e+01,2.072594e+01,2.067016e+01,2.072594e+01,2.073291e+01,2.073291e+01,2.077472e+01,2.072594e+01,2.076079e+01,2.068410e+01,2.069108e+01,2.066318e+01,2.067713e+01,2.067016e+01,2.073291e+01,2.076079e+01,2.076079e+01,2.075382e+01,2.071897e+01,2.077472e+01,2.076775e+01,2.073291e+01,2.067713e+01,2.083741e+01,2.089310e+01,2.069108e+01,2.066318e+01,2.067016e+01,2.069108e+01,2.070502e+01,2.064225e+01,2.068410e+01,2.062830e+01,2.063528e+01,2.068410e+01,2.067016e+01,2.071897e+01,2.067016e+01,2.069108e+01,2.072594e+01,2.064923e+01,2.071200e+01,2.067016e+01,2.085830e+01,2.068410e+01,2.071200e+01,2.071200e+01,2.075382e+01,2.055850e+01,2.078866e+01,2.074685e+01,2.073291e+01,2.073291e+01,2.062132e+01,2.080955e+01,2.070502e+01,2.077472e+01,2.082348e+01,2.069108e+01,2.072594e+01,2.071200e+01,2.073988e+01,2.078866e+01,2.078169e+01,2.078169e+01,2.081652e+01,2.083045e+01,2.084437e+01,2.082348e+01,2.074685e+01,2.071200e+01,2.075382e+01,2.078169e+01,2.079562e+01,2.084437e+01,2.074685e+01,2.086526e+01,2.080955e+01,2.079562e+01,2.085134e+01,2.085830e+01,2.074685e+01,2.082348e+01,2.083045e+01,2.076079e+01,2.070502e+01,2.081652e+01,2.080259e+01,2.078866e+01,2.076079e+01,2.082348e+01,2.080955e+01,2.079562e+01,2.084437e+01,2.079562e+01,2.080259e+01,2.068410e+01,2.088614e+01,2.073988e+01,2.086526e+01,2.087222e+01,2.088614e+01,2.076775e+01,2.083045e+01,2.082348e+01,2.073988e+01,2.083741e+01,2.073988e+01,2.073988e+01,2.072594e+01,2.073291e+01,2.072594e+01,2.076775e+01,2.080955e+01,2.073988e+01,2.080259e+01,2.073988e+01,2.071200e+01,2.071897e+01,2.076079e+01,2.071897e+01,2.079562e+01,2.069108e+01,2.078866e+01,2.056548e+01,2.071897e+01,2.076775e+01,2.074685e+01,2.057944e+01,2.071200e+01,2.071200e+01,2.069805e+01,2.066318e+01,2.055152e+01,2.067016e+01,2.058643e+01,2.060039e+01,2.053057e+01,2.063528e+01,2.062132e+01,2.064225e+01,2.061434e+01,2.062132e+01,2.067016e+01,2.062830e+01,2.066318e+01,2.058643e+01,2.057246e+01,2.068410e+01,2.069108e+01,2.071897e+01,2.064225e+01,2.071897e+01,2.064225e+01,2.066318e+01,2.066318e+01,2.067016e+01,2.063528e+01,2.073988e+01,2.074685e+01,2.074685e+01,2.078169e+01,2.069805e+01,2.069108e+01,2.072594e+01,2.072594e+01,2.076079e+01,2.071897e+01,2.072594e+01,2.066318e+01,2.061434e+01,2.063528e+01,2.070502e+01,2.063528e+01,2.065621e+01,2.069108e+01,2.070502e+01,2.058643e+01,2.064923e+01,2.069108e+01,2.068410e+01,2.069108e+01,2.070502e+01,2.069805e+01,2.064225e+01,2.068410e+01,2.062132e+01,2.064225e+01,2.064225e+01,2.069108e+01,2.062132e+01,2.066318e+01,2.067016e+01,2.069805e+01,2.073988e+01,2.071897e+01,2.065621e+01,2.064225e+01,2.068410e+01,2.070502e+01,2.058643e+01,2.061434e+01,2.066318e+01,2.065621e+01,2.065621e+01,2.070502e+01,2.074685e+01,2.059340e+01,2.059340e+01,2.058643e+01,2.057944e+01,2.059340e+01,2.060736e+01,2.069805e+01,2.059340e+01,2.062132e+01,2.063528e+01,2.055152e+01,2.067016e+01,2.069108e+01,2.058643e+01,2.067016e+01,2.065621e+01,2.055850e+01,2.063528e+01,2.067016e+01,2.062132e+01,2.058643e+01,2.062132e+01,2.064923e+01,2.057944e+01,2.057246e+01,2.064225e+01,2.061434e+01,2.062830e+01,2.060039e+01,2.059340e+01,2.060039e+01,2.059340e+01,2.060039e+01,2.059340e+01,2.063528e+01,2.060736e+01,2.065621e+01,2.055152e+01,2.062132e+01,2.060039e+01,2.053755e+01,2.059340e+01,2.062132e+01,2.064225e+01,2.064923e+01,2.053057e+01,2.055152e+01,2.055152e+01,2.060736e+01,2.058643e+01,2.061434e+01,2.058643e+01,2.061434e+01,2.059340e+01,2.064225e+01,2.064923e+01,2.048166e+01,2.050262e+01,2.063528e+01,2.067713e+01,2.055850e+01,2.059340e+01,2.056548e+01,2.059340e+01,2.056548e+01,2.053755e+01,2.054453e+01,2.053755e+01,2.057944e+01,2.061434e+01,2.060039e+01,2.062132e+01,2.051660e+01,2.064923e+01,2.055850e+01,2.058643e+01,2.058643e+01,2.053057e+01,2.054453e+01,2.058643e+01,2.050262e+01,2.046769e+01,2.043973e+01,2.051660e+01,2.043274e+01,2.045371e+01,2.044672e+01,2.043274e+01,2.041875e+01,2.037679e+01,2.043973e+01,2.039078e+01,2.042575e+01,2.043274e+01,2.036280e+01,2.045371e+01,2.040477e+01,2.041176e+01,2.039778e+01,2.041875e+01,2.038379e+01,2.043274e+01,2.031382e+01,2.039078e+01,2.038379e+01,2.031382e+01,2.031382e+01,2.028582e+01,2.032782e+01,2.036280e+01,2.039778e+01,2.041176e+01,2.047468e+01,2.034181e+01,2.036280e+01,2.029282e+01,2.036980e+01,2.052358e+01,2.052358e+01,2.053755e+01,2.051660e+01,2.048865e+01,2.046769e+01,2.046070e+01,2.046070e+01,2.057246e+01,2.056548e+01,2.054453e+01,2.046070e+01,2.045371e+01,2.042575e+01,2.045371e+01,2.048865e+01,2.054453e+01,2.060039e+01,2.060039e+01,2.060039e+01,2.052358e+01,2.064225e+01,2.058643e+01,2.072594e+01,2.073291e+01,2.061434e+01,2.087918e+01,2.111555e+01,2.087222e+01,2.080955e+01,2.078169e+01,2.102524e+01,2.084437e+01,2.095572e+01,2.092093e+01,2.087918e+01,2.100439e+01,2.094876e+01,2.092789e+01,2.106693e+01,2.092093e+01,2.087918e+01,2.092093e+01,2.078866e+01,2.096962e+01,2.078866e+01,2.096962e+01,2.087222e+01,2.089310e+01,2.096962e+01,2.089310e+01,2.097658e+01,2.085830e+01,2.086526e+01,2.087918e+01,2.092093e+01,2.087918e+01,2.083741e+01,2.088614e+01,2.085830e+01,2.082348e+01,2.085134e+01,2.076775e+01,2.085134e+01,2.083741e+01,2.060736e+01,2.080259e+01,2.088614e+01,2.083741e+01,2.092789e+01,2.072594e+01,2.080955e+01,2.087918e+01,2.087918e+01,2.082348e+01,2.078866e+01,2.083045e+01,2.079562e+01,2.078169e+01,2.076775e+01,2.076775e+01,2.080955e+01,2.080955e+01,2.076079e+01,2.094180e+01,2.106693e+01,2.074685e+01,2.067016e+01,2.053755e+01,2.060039e+01,2.083741e+01,2.053057e+01,2.062132e+01,2.078169e+01,2.060039e+01,2.067016e+01,2.083045e+01,2.091398e+01,2.073291e+01,2.071897e+01,2.073291e+01,2.071200e+01,2.076775e+01,2.068410e+01,2.064225e+01,2.085134e+01,2.087222e+01,2.124047e+01,2.184207e+01,2.139986e+01,2.076079e+01,2.060736e+01,2.080955e+01,2.095572e+01,2.062132e+01,2.053755e+01,2.067016e+01
2.086526e+01,2.069805e+01,2.080955e+01,2.079562e+01,2.079562e+01,2.079562e+01,2.092789e+01,2.080259e+01,2.079562e+01,2.078866e+01,2.069108e+01,2.062830e+01,2.060039e+01,2.055152e+01,2.052358e+01,2.030682e+01,2.042575e+01,2.047468e+01,2.036280e+01,2.036980e+01,2.044672e+01,2.039778e+01,2.032082e+01,2.034881e+01,2.035581e+01,2.035581e+01,2.021578e+01,2.029282e+01,2.034181e+01,2.025080e+01,2.029282e+01,2.027881e+01,2.030682e+01,2.029982e+01,2.027881e+01,2.017373e+01,2.019476e+01,2.014569e+01,2.021578e+01,2.011063e+01,2.006854e+01,2.009660e+01,2.005451e+01,2.005451e+01,2.006854e+01,2.002643e+01,2.011063e+01,2.004047e+01,2.005451e+01,1.994919e+01,2.007556e+01,2.002643e+01,1.997728e+01,2.003345e+01,1.994919e+01,2.016672e+01,2.018074e+01,1.988594e+01,2.009660e+01,2.010362e+01,2.009660e+01,2.013868e+01,1.993514e+01,2.014569e+01,2.015971e+01,2.019476e+01,2.016672e+01,2.016672e+01,2.011764e+01,2.005451e+01,2.015270e+01,2.021578e+01,2.017373e+01,2.016672e+01,2.032082e+01,2.028582e+01,2.028582e+01,2.036280e+01,2.025080e+01,2.022278e+01,2.023680e+01,2.039778e+01,2.041176e+01,2.040477e+01,2.037679e+01,2.040477e+01,2.042575e+01,2.048166e+01,2.054453e+01,2.057246e+01,2.061434e+01,2.057246e+01,2.049564e+01,2.064923e+01,2.062132e+01,2.062132e+01,2.058643e+01,2.052358e+01,2.059340e+01,2.053057e+01,2.056548e+01,2.050961e+01,2.055152e+01,2.051660e+01,2.055152e+01,2.048865e+01,2.052358e+01,2.049564e+01,2.055850e+01,2.047468e+01,2.050262e+01,2.054453e+01,2.037679e+01,2.047468e+01,2.047468e+01,2.050262e+01,2.053057e+01,2.050961e+01,2.048166e+01,2.046070e+01,2.041875e+01,2.043973e+01,2.046769e+01,2.048166e+01,2.051660e+01,2.050262e+01,2.052358e+01,2.046769e+01,2.053755e+01,2.045371e+01,2.064225e+01,2.045371e+01,2.048865e+01,2.049564e+01,2.056548e+01,2.053057e+01,2.053057e+01,2.048865e+01,2.050262e+01,2.050961e+01,2.052358e+01,2.050961e+01,2.055152e+01,2.054453e+01,2.055152e+01,2.050262e+01,2.063528e+01,2.055152e+01,2.053057e+01,2.057246e+01,2.056548e+01,2.049564e+01,2.059340e+01,2.074685e+01,2.057944e+01,2.059340e+01,2.062132e+01,2.057944e+01,2.054453e+01,2.065621e+01,2.065621e+01,2.063528e+01,2.062830e+01,2.060736e+01,2.061434e+01,2.062830e+01,2.062830e+01,2.060736e+01,2.058643e+01,2.062132e+01,2.060736e+01,2.062830e+01,2.057944e+01,2.065621e+01,2.066318e+01,2.064923e+01,2.064923e+01,2.065621e+01,2.061434e+01,2.061434e+01,2.064225e+01,2.063528e+01,2.060736e+01,2.064923e+01,2.061434e+01,2.067016e+01,2.062830e+01,2.065621e+01,2.071200e+01,2.069108e+01,2.064225e+01,2.066318e+01,2.069805e+01,2.071897e+01,2.071200e+01,2.069805e+01,2.072594e+01,2.073291e+01,2.065621e+01,2.070502e+01,2.067016e+01,2.065621e+01,2.065621e+01,2.076079e+01,2.069108e+01,2.078866e+01,2.081652e+01,2.073291e+01,2.069108e+01,2.062830e+01,2.075382e+01,2.068410e+01,2.068410e+01,2.072594e+01,2.069805e+01,2.071200e+01,2.067713e+01,2.078169e+01,2.063528e+01,2.075382e+01,2.072594e+01,2.069805e+01,2.070502e+01,2.059340e+01,2.070502e+01,2.073988e+01,2.060736e+01,2.062132e+01,2.061434e+01,2.071200e+01,2.069108e+01,2.085830e+01,2.063528e+01,2.064923e+01,2.064225e+01,2.061434e+01,2.070502e+01,2.072594e+01,2.071200e+01,2.064923e+01,2.070502e+01,2.065621e+01,2.069108e+01,2.067016e+01,2.069805e+01,2.079562e+01,2.081652e+01,2.078866e+01,2.078866e+01,2.068410e+01,2.075382e+01,2.071200e+01,2.062132e+01,2.074685e+01,2.076079e+01,2.069108e+01,2.071200e+01,2.073291e+01,2.069108e+01,2.070502e+01,2.080955e+01,2.075382e+01,2.076079e+01,2.078866e+01,2.078169e+01,2.072594e+01,2.082348e+01,2.079562e+01,2.069108e+01,2.072594e+01,2.080259e+01,2.073291e+01,2.077472e+01,2.078169e+01,2.079562e+01,2.080955e+01,2.087222e+01,2.080955e+01,2.078169e+01,2.085134e+01,2.086526e+01,2.080955e+01,2.076079e+01,2.085830e+01,2.080955e+01,2.071200e+01,2.069108e+01,2.083741e+01,2.078169e+01,2.074685e+01,2.082348e+01,2.083045e+01,2.083741e+01,2.080955e+01,2.076775e+01,2.080259e+01,2.080259e+01,2.080955e+01,2.073291e+01,2.079562e+01,2.076775e+01,2.082348e+01,2.080259e+01,2.078866e+01,2.083741e+01,2.076775e+01,2.071897e+01,2.084437e+01,2.073291e+01,2.068410e+01,2.074685e+01,2.072594e+01,2.087222e+01,2.070502e+01,2.079562e+01,2.076775e+01,2.079562e+01,2.073291e+01,2.076079e+01,2.064923e+01,2.063528e+01,2.077472e+01,2.073988e+01,2.056548e+01,2.073291e+01,2.058643e+01,2.072594e+01,2.073988e+01,2.064225e+01,2.060039e+01,2.060736e+01,2.056548e+01,2.057944e+01,2.060736e+01,2.058643e+01,2.056548e+01,2.053755e+01,2.064225e+01,2.057944e+01,2.057246e+01,2.060736e+01,2.063528e+01,2.062132e+01,2.059340e+01,2.065621e+01,2.056548e+01,2.069108e+01,2.055152e+01,2.064225e+01,2.062830e+01,2.060039e+01,2.064225e+01,2.056548e+01,2.067713e+01,2.071200e+01,2.073291e+01,2.070502e+01,2.061434e+01,2.063528e+01,2.076079e+01,2.070502e+01,2.069805e+01,2.061434e+01,2.069108e+01,2.064923e+01,2.062830e+01,2.076775e+01,2.077472e+01,2.059340e+01,2.076775e+01,2.065621e+01,2.062830e+01,2.062830e+01,2.063528e+01,2.080259e+01,2.062830e+01,2.066318e+01,2.062132e+01,2.066318e+01,2.065621e+01,2.068410e+01,2.073291e+01,2.064923e+01,2.064923e+01,2.063528e+01,2.062830e+01,2.071897e+01,2.064923e+01,2.064923e+01,2.067713e+01,2.068410e+01,2.066318e+01,2.069108e+01,2.048865e+01,2.067016e+01,2.057944e+01,2.069805e+01,2.060736e+01,2.071200e+01,2.071897e+01,2.059340e+01,2.058643e+01,2.067713e+01,2.064923e+01,2.062132e+01,2.067016e+01,2.061434e+01,2.064923e+01,2.059340e+01,2.059340e+01,2.054453e+01,2.055152e+01,2.065621e+01,2.054453e+01,2.057944e+01,2.055850e+01,2.055152e+01,2.053755e+01,2.062132e+01,2.056548e+01,2.069108e+01,2.050961e+01,2.054453e+01,2.051660e+01,2.057246e+01,2.057944e+01,2.061434e+01,2.064225e+01,2.058643e+01,2.062830e+01,2.066318e+01,2.053755e+01,2.062830e+01,2.060039e+01,2.062830e+01,2.061434e+01,2.058643e+01,2.059340e+01,2.060736e+01,2.064225e+01,2.064923e+01,2.055152e+01,2.057944e+01,2.053755e+01,2.055850e+01,2.067713e+01,2.063528e+01,2.064923e+01,2.067713e+01,2.067713e+01,2.062132e+01,2.061434e+01,2.055850e+01,2.055850e+01,2.057944e+01,2.056548e+01,2.062132e+01,2.060039e+01,2.052358e+01,2.060039e+01,2.061434e+01,2.057944e+01,2.050961e+01,2.060039e+01,2.057246e+01,2.055850e+01,2.067713e+01,2.061434e+01,2.057246e+01,2.060736e+01,2.055152e+01,2.053057e+01,2.054453e+01,2.053755e+01,2.058643e+01,2.056548e+01,2.060736e+01,2.055152e+01,2.069108e+01,2.062830e+01,2.049564e+01,2.055850e+01,2.053755e+01,2.054453e+01,2.054453e+01,2.050961e+01,2.048865e+01,2.051660e+01,2.049564e+01,2.044672e+01,2.045371e+01,2.043274e+01,2.043973e+01,2.044672e+01,2.044672e+01,2.039778e+01,2.037679e+01,2.032082e+01,2.026481e+01,2.043973e+01,2.044672e+01,2.039778e+01,2.038379e+01,2.039778e+01,2.039078e+01,2.038379e+01,2.038379e+01,2.041176e+01,2.028582e+01,2.039078e+01,2.040477e+01,2.038379e+01,2.041176e+01,2.045371e+01,2.041176e+01,2.039778e+01,2.048166e+01,2.045371e+01,2.036980e+01,2.038379e+01,2.038379e+01,2.046769e+01,2.041875e+01,2.052358e+01,2.048166e+01,2.050262e+01,2.052358e+01,2.048865e+01,2.046769e+01,2.045371e+01,2.043973e+01,2.057246e+01,2.047468e+01,2.057246e+01,2.046070e+01,2.050262e+01,2.056548e+01,2.054453e+01,2.044672e+01,2.056548e+01,2.051660e+01,2.051660e+01,2.052358e+01,2.053755e+01,2.054453e+01,2.055152e+01,2.057944e+01,2.055850e+01,2.080955e+01,2.083741e+01,2.085830e+01,2.085134e+01,2.085830e+01,2.078169e+01,2.090702e+01,2.087918e+01,2.089310e+01,2.080259e+01,2.087222e+01,2.090702e+01,2.090006e+01,2.092789e+01,2.084437e+01,2.080259e+01,2.086526e+01,2.091398e+01,2.092093e+01,2.091398e+01,2.096267e+01,2.073291e+01,2.086526e+01,2.084437e+01,2.092789e+01,2.079562e+01,2.094180e+01,2.098353e+01,2.077472e+01,2.085830e+01,2.094876e+01,2.081652e+01,2.084437e+01,2.082348e+01,2.083741e+01,2.084437e+01,2.084437e+01,2.076079e+01,2.073988e+01,2.085134e+01,2.086526e+01,2.090006e+01,2.096962e+01,2.082348e+01,2.084437e+01,2.088614e+01,2.078866e+01,2.078866e+01,2.081652e+01,2.081652e+01,2.072594e+01,2.079562e+01,2.078169e+01,2.079562e+01,2.077472e+01,2.073988e+01,2.076775e+01,2.078169e+01,2.073988e+01,2.073988e+01,2.073988e+01,2.073988e+01,2.068410e+01,2.062830e+01,2.069108e+01,2.071897e+01,2.050961e+01,2.067016e+01,2.064225e+01,2.067016e+01,2.072594e+01,2.080955e+01,2.081652e+01,2.091398e+01,2.071897e+01,2.073988e+01,2.072594e+01,2.065621e+01,2.062830e+01,2.062830e+01,2.051660e+01,2.068410e+01,2.094876e+01,2.121966e+01,2.117109e+01,2.090702e+01,2.064923e+01,2.079562e+01,2.082348e+01,2.064225e+01,2.066318e+01,2.068410e+01
2.080259e+01,2.094876e+01,2.078169e+01,2.077472e+01,2.071897e+01,2.078169e+01,2.080955e+01,2.074685e+01,2.066318e+01,2.074685e+01,2.069805e+01,2.060736e+01,2.048166e+01,2.059340e+01,2.050961e+01,2.036280e+01,2.043973e+01,2.034181e+01,2.029982e+01,2.038379e+01,2.031382e+01,2.024380e+01,2.033481e+01,2.036280e+01,2.023680e+01,2.025781e+01,2.027881e+01,2.030682e+01,2.027881e+01,2.032782e+01,2.029982e+01,2.008959e+01,2.014569e+01,2.026481e+01,2.023680e+01,2.012466e+01,2.015270e+01,2.014569e+01,2.015971e+01,2.006854e+01,2.012466e+01,2.010362e+01,2.004749e+01,2.010362e+01,1.996324e+01,2.009660e+01,2.006854e+01,2.001941e+01,2.004749e+01,2.004047e+01,1.997026e+01,1.990703e+01,1.998431e+01,1.997728e+01,1.987892e+01,1.994919e+01,1.996324e+01,1.993514e+01,1.999835e+01,2.011764e+01,2.011764e+01,1.985782e+01,1.992811e+01,2.000537e+01,2.012466e+01,2.013167e+01,2.017373e+01,2.014569e+01,2.007556e+01,2.016672e+01,2.015971e+01,2.017373e+01,2.014569e+01,2.020877e+01,2.019476e+01,2.018775e+01,2.021578e+01,2.021578e+01,2.026481e+01,2.022278e+01,2.028582e+01,2.042575e+01,2.034181e+01,2.032082e+01,2.035581e+01,2.036280e+01,2.040477e+01,2.033481e+01,2.041176e+01,2.047468e+01,2.061434e+01,2.045371e+01,2.059340e+01,2.055152e+01,2.064225e+01,2.055850e+01,2.050262e+01,2.053057e+01,2.054453e+01,2.051660e+01,2.062830e+01,2.063528e+01,2.059340e+01,2.055850e+01,2.077472e+01,2.053057e+01,2.053057e+01,2.043274e+01,2.051660e+01,2.041176e+01,2.044672e+01,2.049564e+01,2.050262e+01,2.040477e+01,2.039778e+01,2.044672e+01,2.041875e+01,2.034181e+01,2.043274e+01,2.044672e+01,2.015270e+01,2.044672e+01,2.046769e+01,2.041176e+01,2.053755e+01,2.050262e+01,2.042575e+01,2.051660e+01,2.058643e+01,2.049564e+01,2.049564e+01,2.061434e+01,2.045371e+01,2.050262e+01,2.052358e+01,2.065621e+01,2.053755e+01,2.053755e+01,2.051660e+01,2.050262e+01,2.050961e+01,2.051660e+01,2.053057e+01,2.055152e+01,2.049564e+01,2.054453e+01,2.062830e+01,2.055152e+01,2.051660e+01,2.068410e+01,2.060039e+01,2.055152e+01,2.055152e+01,2.057246e+01,2.060039e+01,2.065621e+01,2.063528e+01,2.066318e+01,2.066318e+01,2.051660e+01,2.064225e+01,2.063528e+01,2.064225e+01,2.062132e+01,2.063528e+01,2.061434e+01,2.066318e+01,2.060039e+01,2.064225e+01,2.056548e+01,2.060039e+01,2.065621e+01,2.055152e+01,2.062132e+01,2.062132e+01,2.051660e+01,2.060039e+01,2.061434e+01,2.061434e+01,2.062830e+01,2.055152e+01,2.067016e+01,2.057246e+01,2.067713e+01,2.070502e+01,2.066318e+01,2.064225e+01,2.064923e+01,2.064923e+01,2.066318e+01,2.069108e+01,2.071200e+01,2.070502e+01,2.065621e+01,2.066318e+01,2.071200e+01,2.067713e+01,2.065621e+01,2.064923e+01,2.069805e+01,2.072594e+01,2.066318e+01,2.060736e+01,2.073291e+01,2.069108e+01,2.073988e+01,2.067016e+01,2.071200e+01,2.062830e+01,2.070502e+01,2.070502e+01,2.076079e+01,2.064923e+01,2.071897e+01,2.070502e+01,2.067016e+01,2.075382e+01,2.068410e+01,2.061434e+01,2.064225e+01,2.072594e+01,2.064225e+01,2.079562e+01,2.069108e+01,2.067713e+01,2.068410e+01,2.060039e+01,2.062830e+01,2.066318e+01,2.067713e+01,2.069805e+01,2.069805e+01,2.065621e+01,2.073988e+01,2.063528e+01,2.070502e+01,2.070502e+01,2.068410e+01,2.067713e+01,2.066318e+01,2.064923e+01,2.064923e+01,2.068410e+01,2.077472e+01,2.071897e+01,2.069805e+01,2.070502e+01,2.065621e+01,2.069108e+01,2.067016e+01,2.080259e+01,2.073988e+01,2.081652e+01,2.071897e+01,2.071897e+01,2.070502e+01,2.075382e+01,2.072594e+01,2.070502e+01,2.071200e+01,2.073988e+01,2.082348e+01,2.081652e+01,2.077472e+01,2.077472e+01,2.082348e+01,2.073988e+01,2.077472e+01,2.085830e+01,2.083045e+01,2.077472e+01,2.090006e+01,2.075382e+01,2.074685e+01,2.071897e+01,2.076079e+01,2.077472e+01,2.074685e+01,2.086526e+01,2.087918e+01,2.073291e+01,2.076775e+01,2.081652e+01,2.080955e+01,2.080259e+01,2.077472e+01,2.071200e+01,2.078866e+01,2.076775e+01,2.078866e+01,2.076775e+01,2.083045e+01,2.084437e+01,2.073291e+01,2.080259e+01,2.075382e+01,2.074685e+01,2.072594e+01,2.093485e+01,2.083045e+01,2.072594e+01,2.090006e+01,2.083045e+01,2.070502e+01,2.084437e+01,2.086526e+01,2.065621e+01,2.069805e+01,2.070502e+01,2.074685e+01,2.075382e+01,2.078866e+01,2.069805e+01,2.087222e+01,2.080955e+01,2.080259e+01,2.076775e+01,2.078866e+01,2.072594e+01,2.063528e+01,2.067713e+01,2.062830e+01,2.052358e+01,2.056548e+01,2.055850e+01,2.074685e+01,2.071200e+01,2.073988e+01,2.065621e+01,2.062132e+01,2.055152e+01,2.056548e+01,2.057246e+01,2.060039e+01,2.059340e+01,2.058643e+01,2.059340e+01,2.059340e+01,2.051660e+01,2.055850e+01,2.057944e+01,2.057246e+01,2.067016e+01,2.065621e+01,2.066318e+01,2.063528e+01,2.067713e+01,2.062830e+01,2.069108e+01,2.059340e+01,2.058643e+01,2.064225e+01,2.067713e+01,2.068410e+01,2.067016e+01,2.073291e+01,2.072594e+01,2.073291e+01,2.073291e+01,2.073291e+01,2.062830e+01,2.069805e+01,2.069805e+01,2.068410e+01,2.068410e+01,2.059340e+01,2.077472e+01,2.058643e+01,2.060736e+01,2.062132e+01,2.063528e+01,2.065621e+01,2.067016e+01,2.075382e+01,2.062830e+01,2.060736e+01,2.080259e+01,2.062830e+01,2.063528e+01,2.071897e+01,2.069108e+01,2.072594e+01,2.076079e+01,2.064923e+01,2.064923e+01,2.064225e+01,2.064923e+01,2.076775e+01,2.068410e+01,2.068410e+01,2.069805e+01,2.064225e+01,2.073988e+01,2.064923e+01,2.056548e+01,2.071200e+01,2.060736e+01,2.066318e+01,2.073988e+01,2.056548e+01,2.073988e+01,2.071200e+01,2.060736e+01,2.064923e+01,2.062830e+01,2.073291e+01,2.065621e+01,2.066318e+01,2.067713e+01,2.059340e+01,2.078169e+01,2.062830e+01,2.050961e+01,2.062830e+01,2.048865e+01,2.063528e+01,2.065621e+01,2.060736e+01,2.050961e+01,2.063528e+01,2.050262e+01,2.060736e+01,2.055850e+01,2.057246e+01,2.066318e+01,2.062132e+01,2.060039e+01,2.071897e+01,2.059340e+01,2.056548e+01,2.060039e+01,2.062830e+01,2.060736e+01,2.053057e+01,2.060039e+01,2.055850e+01,2.062132e+01,2.057246e+01,2.056548e+01,2.071200e+01,2.058643e+01,2.064923e+01,2.057944e+01,2.057246e+01,2.055152e+01,2.053057e+01,2.055152e+01,2.062830e+01,2.053755e+01,2.057246e+01,2.064225e+01,2.058643e+01,2.057944e+01,2.059340e+01,2.059340e+01,2.060039e+01,2.064225e+01,2.054453e+01,2.062132e+01,2.063528e+01,2.060039e+01,2.059340e+01,2.059340e+01,2.061434e+01,2.059340e+01,2.069108e+01,2.062132e+01,2.056548e+01,2.053057e+01,2.054453e+01,2.058643e+01,2.056548e+01,2.054453e+01,2.054453e+01,2.058643e+01,2.059340e+01,2.055850e+01,2.050262e+01,2.051660e+01,2.058643e+01,2.051660e+01,2.053755e+01,2.054453e+01,2.050961e+01,2.054453e+01,2.060039e+01,2.048865e+01,2.056548e+01,2.047468e+01,2.050961e+01,2.051660e+01,2.050961e+01,2.038379e+01,2.049564e+01,2.059340e+01,2.050262e+01,2.034181e+01,2.043274e+01,2.045371e+01,2.043973e+01,2.041176e+01,2.044672e+01,2.048166e+01,2.046769e+01,2.034181e+01,2.060736e+01,2.046769e+01,2.041176e+01,2.039778e+01,2.046769e+01,2.043973e+01,2.044672e+01,2.041875e+01,2.050262e+01,2.039778e+01,2.042575e+01,2.046070e+01,2.046070e+01,2.048166e+01,2.036980e+01,2.047468e+01,2.042575e+01,2.040477e+01,2.051660e+01,2.042575e+01,2.043274e+01,2.051660e+01,2.049564e+01,2.045371e+01,2.044672e+01,2.044672e+01,2.044672e+01,2.046070e+01,2.048166e+01,2.049564e+01,2.046769e+01,2.040477e+01,2.059340e+01,2.060736e+01,2.038379e+01,2.052358e+01,2.050961e+01,2.070502e+01,2.066318e+01,2.052358e+01,2.053057e+01,2.066318e+01,2.074685e+01,2.082348e+01,2.088614e+01,2.085134e+01,2.089310e+01,2.079562e+01,2.085830e+01,2.096962e+01,2.084437e+01,2.090006e+01,2.087222e+01,2.096962e+01,2.084437e+01,2.089310e+01,2.087918e+01,2.094180e+01,2.084437e+01,2.085830e+01,2.083045e+01,2.096267e+01,2.099048e+01,2.087918e+01,2.098353e+01,2.096267e+01,2.096962e+01,2.085134e+01,2.083045e+01,2.083045e+01,2.094876e+01,2.080259e+01,2.103914e+01,2.089310e+01,2.076079e+01,2.082348e+01,2.087918e+01,2.085134e+01,2.078866e+01,2.084437e+01,2.085134e+01,2.086526e+01,2.087222e+01,2.068410e+01,2.082348e+01,2.083045e+01,2.076079e+01,2.080955e+01,2.090702e+01,2.078866e+01,2.081652e+01,2.083045e+01,2.077472e+01,2.084437e+01,2.080259e+01,2.078866e+01,2.071897e+01,2.073988e+01,2.074685e+01,2.080955e+01,2.073291e+01,2.073988e+01,2.078169e+01,2.089310e+01,2.076079e+01,2.069108e+01,2.055850e+01,2.048865e+01,2.060736e+01,2.066318e+01,2.080955e+01,2.069805e+01,2.066318e+01,2.069805e+01,2.064225e+01,2.075382e+01,2.077472e+01,2.078169e+01,2.103914e+01,2.076775e+01,2.067713e+01,2.066318e+01,2.055850e+01,2.046070e+01,2.064225e+01,2.064923e+01,2.075382e+01,2.095572e+01,2.092093e+01,2.078169e+01,2.098353e+01,2.067713e+01,2.080955e+01,2.062132e+01,2.082348e+01
2.077472e+01,2.071200e+01,2.074685e+01,2.078169e+01,2.070502e+01,2.083741e+01,2.065621e+01,2.077472e+01,2.074685e+01,2.059340e+01,2.064225e+01,2.053057e+01,2.055850e+01,2.047468e+01,2.041176e+01,2.036980e+01,2.032782e+01,2.034881e+01,2.038379e+01,2.030682e+01,2.040477e+01,2.041875e+01,2.033481e+01,2.032082e+01,2.032082e+01,2.016672e+01,2.020177e+01,2.010362e+01,2.018074e+01,2.013167e+01,2.022278e+01,2.027881e+01,2.022278e+01,2.017373e+01,2.018074e+01,2.014569e+01,2.013868e+01,2.018074e+01,2.007556e+01,2.010362e+01,2.004047e+01,2.002643e+01,2.003345e+01,1.997026e+01,1.997026e+01,1.996324e+01,2.000537e+01,1.996324e+01,1.982969e+01,1.994216e+01,1.994216e+01,1.998431e+01,1.990703e+01,1.995621e+01,1.990703e+01,1.993514e+01,1.994919e+01,1.990000e+01,1.996324e+01,1.998431e+01,1.990703e+01,1.990000e+01,1.991406e+01,1.993514e+01,2.011764e+01,1.999133e+01,1.997728e+01,2.002643e+01,2.013868e+01,2.014569e+01,2.008257e+01,2.004749e+01,2.020877e+01,2.015971e+01,2.012466e+01,2.006854e+01,2.017373e+01,2.008257e+01,2.018074e+01,2.024380e+01,2.025080e+01,2.026481e+01,2.029982e+01,2.023680e+01,2.036980e+01,2.039778e+01,2.041176e+01,2.037679e+01,2.039078e+01,2.034881e+01,2.062132e+01,2.055850e+01,2.054453e+01,2.055850e+01,2.051660e+01,2.040477e+01,2.062830e+01,2.055850e+01,2.050961e+01,2.050262e+01,2.052358e+01,2.048166e+01,2.051660e+01,2.049564e+01,2.048166e+01,2.053057e+01,2.051660e+01,2.039778e+01,2.039078e+01,2.040477e+01,2.042575e+01,2.049564e+01,2.034881e+01,2.046070e+01,2.054453e+01,2.032782e+01,2.046769e+01,2.038379e+01,2.054453e+01,2.037679e+01,2.044672e+01,2.044672e+01,2.036980e+01,2.037679e+01,2.048865e+01,2.036980e+01,2.043274e+01,2.048865e+01,2.049564e+01,2.052358e+01,2.050262e+01,2.048865e+01,2.060039e+01,2.044672e+01,2.047468e+01,2.049564e+01,2.053755e+01,2.050262e+01,2.050961e+01,2.057246e+01,2.059340e+01,2.058643e+01,2.057944e+01,2.050262e+01,2.068410e+01,2.053057e+01,2.054453e+01,2.064923e+01,2.053755e+01,2.052358e+01,2.066318e+01,2.057246e+01,2.053057e+01,2.054453e+01,2.060736e+01,2.051660e+01,2.067016e+01,2.062830e+01,2.060039e+01,2.057944e+01,2.061434e+01,2.054453e+01,2.066318e+01,2.062132e+01,2.043274e+01,2.062132e+01,2.069805e+01,2.059340e+01,2.060736e+01,2.064225e+01,2.064923e+01,2.060039e+01,2.060736e+01,2.063528e+01,2.064225e+01,2.060039e+01,2.053755e+01,2.054453e+01,2.057944e+01,2.061434e+01,2.055850e+01,2.065621e+01,2.047468e+01,2.063528e+01,2.064923e+01,2.065621e+01,2.064923e+01,2.063528e+01,2.062830e+01,2.061434e+01,2.068410e+01,2.067016e+01,2.069805e+01,2.050262e+01,2.050961e+01,2.070502e+01,2.070502e+01,2.071897e+01,2.071200e+01,2.067016e+01,2.073291e+01,2.062132e+01,2.073291e+01,2.070502e+01,2.069805e+01,2.073291e+01,2.070502e+01,2.073291e+01,2.077472e+01,2.064923e+01,2.057944e+01,2.067713e+01,2.069805e+01,2.075382e+01,2.073988e+01,2.064923e+01,2.077472e+01,2.058643e+01,2.069108e+01,2.073988e+01,2.068410e+01,2.066318e+01,2.071200e+01,2.068410e+01,2.059340e+01,2.068410e+01,2.057246e+01,2.063528e+01,2.064225e+01,2.067016e+01,2.071200e+01,2.067016e+01,2.064225e+01,2.071897e+01,2.069108e+01,2.070502e+01,2.069108e+01,2.069805e+01,2.067713e+01,2.064923e+01,2.065621e+01,2.067713e+01,2.064225e+01,2.067016e+01,2.070502e+01,2.071200e+01,2.077472e+01,2.078169e+01,2.068410e+01,2.069805e+01,2.078866e+01,2.064225e+01,2.073988e+01,2.071897e+01,2.074685e+01,2.071200e+01,2.071200e+01,2.064923e+01,2.068410e+01,2.069108e+01,2.067016e+01,2.072594e+01,2.078169e+01,2.076079e+01,2.080259e+01,2.080955e+01,2.081652e+01,2.071200e+01,2.069805e+01,2.076775e+01,2.072594e+01,2.077472e+01,2.077472e+01,2.073291e+01,2.083741e+01,2.073291e+01,2.076079e+01,2.072594e+01,2.072594e+01,2.085830e+01,2.074685e+01,2.078169e+01,2.075382e+01,2.078866e+01,2.079562e+01,2.082348e+01,2.076079e+01,2.081652e+01,2.078866e+01,2.081652e+01,2.078169e+01,2.077472e+01,2.075382e+01,2.082348e+01,2.070502e+01,2.082348e+01,2.084437e+01,2.072594e+01,2.087222e+01,2.075382e+01,2.069805e+01,2.098353e+01,2.082348e+01,2.081652e+01,2.079562e+01,2.069108e+01,2.072594e+01,2.085134e+01,2.081652e+01,2.080955e+01,2.080955e+01,2.084437e+01,2.075382e+01,2.077472e+01,2.077472e+01,2.076079e+01,2.069108e+01,2.063528e+01,2.064923e+01,2.065621e+01,2.053057e+01,2.062830e+01,2.055850e+01,2.043274e+01,2.062132e+01,2.056548e+01,2.058643e+01,2.058643e+01,2.073988e+01,2.056548e+01,2.060039e+01,2.062132e+01,2.056548e+01,2.061434e+01,2.057944e+01,2.064923e+01,2.060039e+01,2.052358e+01,2.055850e+01,2.057944e+01,2.057944e+01,2.069108e+01,2.058643e+01,2.055850e+01,2.058643e+01,2.062830e+01,2.058643e+01,2.060039e+01,2.059340e+01,2.058643e+01,2.068410e+01,2.069805e+01,2.066318e+01,2.071200e+01,2.067713e+01,2.069805e+01,2.068410e+01,2.059340e+01,2.076079e+01,2.064923e+01,2.068410e+01,2.071897e+01,2.067713e+01,2.074685e+01,2.071897e+01,2.070502e+01,2.069108e+01,2.072594e+01,2.068410e+01,2.062830e+01,2.061434e+01,2.069108e+01,2.069805e+01,2.060736e+01,2.060736e+01,2.063528e+01,2.060736e+01,2.064225e+01,2.066318e+01,2.071897e+01,2.064923e+01,2.064225e+01,2.066318e+01,2.062830e+01,2.069805e+01,2.064225e+01,2.062830e+01,2.065621e+01,2.076079e+01,2.070502e+01,2.057246e+01,2.065621e+01,2.066318e+01,2.060039e+01,2.069805e+01,2.062132e+01,2.068410e+01,2.067713e+01,2.070502e+01,2.073291e+01,2.047468e+01,2.060736e+01,2.069108e+01,2.043274e+01,2.060736e+01,2.059340e+01,2.062132e+01,2.062830e+01,2.066318e+01,2.053755e+01,2.066318e+01,2.064923e+01,2.061434e+01,2.061434e+01,2.048865e+01,2.054453e+01,2.058643e+01,2.058643e+01,2.053057e+01,2.059340e+01,2.067016e+01,2.064923e+01,2.058643e+01,2.064923e+01,2.054453e+01,2.059340e+01,2.060039e+01,2.060039e+01,2.064923e+01,2.066318e+01,2.058643e+01,2.063528e+01,2.060039e+01,2.057246e+01,2.058643e+01,2.060039e+01,2.057246e+01,2.060039e+01,2.055850e+01,2.069805e+01,2.056548e+01,2.057246e+01,2.059340e+01,2.065621e+01,2.059340e+01,2.052358e+01,2.064923e+01,2.071897e+01,2.064923e+01,2.051660e+01,2.060736e+01,2.055850e+01,2.057944e+01,2.061434e+01,2.054453e+01,2.065621e+01,2.065621e+01,2.061434e+01,2.050961e+01,2.056548e+01,2.054453e+01,2.053057e+01,2.050262e+01,2.060736e+01,2.060039e+01,2.060736e+01,2.056548e+01,2.062132e+01,2.060039e+01,2.059340e+01,2.055850e+01,2.050961e+01,2.062132e+01,2.054453e+01,2.063528e+01,2.060039e+01,2.058643e+01,2.053755e+01,2.053057e+01,2.049564e+01,2.049564e+01,2.064923e+01,2.051660e+01,2.053057e+01,2.050262e+01,2.055152e+01,2.045371e+01,2.046070e+01,2.043274e+01,2.036980e+01,2.036980e+01,2.048166e+01,2.055850e+01,2.049564e+01,2.060736e+01,2.039778e+01,2.038379e+01,2.042575e+01,2.040477e+01,2.039778e+01,2.043274e+01,2.031382e+01,2.043973e+01,2.039778e+01,2.040477e+01,2.038379e+01,2.047468e+01,2.039078e+01,2.049564e+01,2.048865e+01,2.039078e+01,2.041176e+01,2.039078e+01,2.041176e+01,2.040477e+01,2.046070e+01,2.043274e+01,2.041176e+01,2.038379e+01,2.041176e+01,2.041176e+01,2.041176e+01,2.043274e+01,2.050262e+01,2.049564e+01,2.048166e+01,2.051660e+01,2.043274e+01,2.040477e+01,2.041875e+01,2.041176e+01,2.041875e+01,2.043274e+01,2.039778e+01,2.045371e+01,2.055850e+01,2.051660e+01,2.040477e+01,2.050262e+01,2.041875e+01,2.041176e+01,2.048166e+01,2.053057e+01,2.048166e+01,2.053057e+01,2.053755e+01,2.055850e+01,2.075382e+01,2.055850e+01,2.082348e+01,2.086526e+01,2.084437e+01,2.096267e+01,2.076775e+01,2.091398e+01,2.084437e+01,2.087918e+01,2.090006e+01,2.087222e+01,2.087918e+01,2.086526e+01,2.083741e+01,2.096962e+01,2.096962e+01,2.090006e+01,2.082348e+01,2.081652e+01,2.089310e+01,2.099048e+01,2.090702e+01,2.094180e+01,2.097658e+01,2.099744e+01,2.084437e+01,2.083045e+01,2.096267e+01,2.094876e+01,2.095572e+01,2.077472e+01,2.094180e+01,2.082348e+01,2.086526e+01,2.086526e+01,2.082348e+01,2.080955e+01,2.099048e+01,2.093485e+01,2.087918e+01,2.067713e+01,2.069805e+01,2.092093e+01,2.082348e+01,2.084437e+01,2.090006e+01,2.090006e+01,2.078169e+01,2.076775e+01,2.076079e+01,2.079562e+01,2.075382e+01,2.077472e+01,2.082348e+01,2.080955e+01,2.074685e+01,2.075382e+01,2.079562e+01,2.082348e+01,2.075382e+01,2.078866e+01,2.081652e+01,2.069805e+01,2.073291e+01,2.073988e+01,2.070502e+01,2.077472e+01,2.076079e+01,2.069805e+01,2.060736e+01,2.066318e+01,2.070502e+01,2.076079e+01,2.075382e+01,2.102524e+01,2.092093e+01,2.062132e+01,2.064923e+01,2.066318e+01,2.060736e+01,2.041875e+01,2.041875e+01,2.041875e+01,2.067016e+01,2.081652e+01,2.093485e+01,2.086526e+01,2.085134e+01,2.092789e+01,2.081652e+01,2.085134e+01,2.082348e+01
2.078866e+01,2.077472e+01,2.080259e+01,2.070502e+01,2.069805e+01,2.068410e+01,2.075382e+01,2.074685e+01,2.068410e+01,2.074685e+01,2.063528e+01,2.069108e+01,2.049564e+01,2.058643e+01,2.040477e+01,2.034181e+01,2.035581e+01,2.047468e+01,2.032082e+01,2.029282e+01,2.034181e+01,2.026481e+01,2.030682e+01,2.026481e+01,2.016672e+01,2.017373e+01,2.014569e+01,2.022979e+01,2.027881e+01,2.018775e+01,2.027881e+01,2.008257e+01,2.010362e+01,2.008959e+01,2.012466e+01,2.013167e+01,2.015270e+01,2.013167e+01,2.013167e+01,2.014569e+01,2.013167e+01,2.007556e+01,1.996324e+01,1.993514e+01,1.997026e+01,2.013167e+01,2.002643e+01,1.997728e+01,2.001941e+01,1.998431e+01,1.999133e+01,1.984376e+01,1.987892e+01,1.990000e+01,1.984376e+01,1.982969e+01,1.994216e+01,1.990000e+01,1.994216e+01,1.999835e+01,1.995621e+01,1.990000e+01,2.000537e+01,1.987892e+01,1.997728e+01,1.999835e+01,1.999133e+01,2.000537e+01,1.999133e+01,2.000537e+01,2.002643e+01,2.012466e+01,2.011063e+01,2.009660e+01,2.006152e+01,2.007556e+01,2.017373e+01,2.014569e+01,2.010362e+01,2.024380e+01,2.015971e+01,2.026481e+01,2.040477e+01,2.033481e+01,2.039778e+01,2.042575e+01,2.041875e+01,2.045371e+01,2.042575e+01,2.048865e+01,2.046769e+01,2.051660e+01,2.036980e+01,2.053755e+01,2.050262e+01,2.049564e+01,2.050262e+01,2.051660e+01,2.053755e+01,2.053057e+01,2.056548e+01,2.048865e+01,2.053755e+01,2.046769e+01,2.048865e+01,2.043274e+01,2.050961e+01,2.041875e+01,2.046769e+01,2.036280e+01,2.049564e+01,2.048166e+01,2.039778e+01,2.034881e+01,2.038379e+01,2.042575e+01,2.039078e+01,2.043274e+01,2.043973e+01,2.035581e+01,2.041176e+01,2.036280e+01,2.039778e+01,2.046070e+01,2.048865e+01,2.039778e+01,2.035581e+01,2.050961e+01,2.037679e+01,2.036980e+01,2.058643e+01,2.046769e+01,2.045371e+01,2.048166e+01,2.048865e+01,2.048166e+01,2.046070e+01,2.054453e+01,2.068410e+01,2.060039e+01,2.050262e+01,2.046769e+01,2.053755e+01,2.057246e+01,2.057944e+01,2.055850e+01,2.062830e+01,2.063528e+01,2.057246e+01,2.059340e+01,2.054453e+01,2.057944e+01,2.055850e+01,2.049564e+01,2.050961e+01,2.062132e+01,2.069805e+01,2.064225e+01,2.058643e+01,2.054453e+01,2.059340e+01,2.065621e+01,2.066318e+01,2.062830e+01,2.057944e+01,2.060736e+01,2.061434e+01,2.064923e+01,2.067016e+01,2.056548e+01,2.056548e+01,2.060736e+01,2.057944e+01,2.060039e+01,2.058643e+01,2.065621e+01,2.055850e+01,2.060039e+01,2.057246e+01,2.053057e+01,2.051660e+01,2.062830e+01,2.065621e+01,2.064923e+01,2.065621e+01,2.067016e+01,2.057246e+01,2.062132e+01,2.067713e+01,2.061434e+01,2.064923e+01,2.072594e+01,2.069108e+01,2.050961e+01,2.069108e+01,2.067016e+01,2.074685e+01,2.072594e+01,2.073988e+01,2.073291e+01,2.069805e+01,2.074685e+01,2.072594e+01,2.072594e+01,2.076775e+01,2.076775e+01,2.069805e+01,2.065621e+01,2.064923e+01,2.068410e+01,2.071897e+01,2.061434e+01,2.071897e+01,2.071897e+01,2.066318e+01,2.059340e+01,2.076079e+01,2.076775e+01,2.075382e+01,2.067713e+01,2.060736e+01,2.077472e+01,2.071200e+01,2.069805e+01,2.062830e+01,2.057944e+01,2.068410e+01,2.073988e+01,2.060039e+01,2.071897e+01,2.065621e+01,2.072594e+01,2.065621e+01,2.061434e+01,2.068410e+01,2.067016e+01,2.064225e+01,2.071200e+01,2.068410e+01,2.084437e+01,2.067713e+01,2.080955e+01,2.065621e+01,2.080259e+01,2.071897e+01,2.071200e+01,2.075382e+01,2.075382e+01,2.072594e+01,2.069108e+01,2.074685e+01,2.072594e+01,2.071897e+01,2.071200e+01,2.059340e+01,2.073988e+01,2.064923e+01,2.069805e+01,2.073988e+01,2.077472e+01,2.073291e+01,2.069108e+01,2.073988e+01,2.071200e+01,2.078866e+01,2.075382e+01,2.071897e+01,2.073988e+01,2.068410e+01,2.080259e+01,2.076079e+01,2.077472e+01,2.076775e+01,2.075382e+01,2.075382e+01,2.078866e+01,2.071200e+01,2.081652e+01,2.087222e+01,2.071897e+01,2.082348e+01,2.080259e+01,2.076775e+01,2.082348e+01,2.078169e+01,2.073291e+01,2.080259e+01,2.080955e+01,2.079562e+01,2.078169e+01,2.076775e+01,2.074685e+01,2.074685e+01,2.076775e+01,2.086526e+01,2.083741e+01,2.083045e+01,2.075382e+01,2.075382e+01,2.076775e+01,2.076079e+01,2.077472e+01,2.077472e+01,2.068410e+01,2.077472e+01,2.077472e+01,2.084437e+01,2.084437e+01,2.078866e+01,2.076775e+01,2.071897e+01,2.078866e+01,2.078169e+01,2.077472e+01,2.080955e+01,2.079562e+01,2.076079e+01,2.069805e+01,2.062830e+01,2.065621e+01,2.069108e+01,2.062830e+01,2.054453e+01,2.054453e+01,2.059340e+01,2.057944e+01,2.080259e+01,2.060736e+01,2.060039e+01,2.066318e+01,2.057246e+01,2.056548e+01,2.056548e+01,2.062830e+01,2.050262e+01,2.059340e+01,2.053057e+01,2.067713e+01,2.053755e+01,2.060039e+01,2.060039e+01,2.062830e+01,2.063528e+01,2.061434e+01,2.057944e+01,2.062830e+01,2.067016e+01,2.064225e+01,2.065621e+01,2.066318e+01,2.065621e+01,2.067713e+01,2.069108e+01,2.068410e+01,2.069805e+01,2.067016e+01,2.068410e+01,2.070502e+01,2.069805e+01,2.062132e+01,2.070502e+01,2.066318e+01,2.070502e+01,2.071200e+01,2.067016e+01,2.060736e+01,2.058643e+01,2.064923e+01,2.061434e+01,2.055152e+01,2.060736e+01,2.064225e+01,2.064225e+01,2.053057e+01,2.079562e+01,2.066318e+01,2.064225e+01,2.063528e+01,2.064923e+01,2.065621e+01,2.073291e+01,2.073988e+01,2.064923e+01,2.069108e+01,2.069108e+01,2.075382e+01,2.069805e+01,2.072594e+01,2.067713e+01,2.077472e+01,2.076775e+01,2.053755e+01,2.066318e+01,2.064225e+01,2.063528e+01,2.064225e+01,2.059340e+01,2.062830e+01,2.063528e+01,2.058643e+01,2.064923e+01,2.076079e+01,2.062132e+01,2.067016e+01,2.063528e+01,2.065621e+01,2.064923e+01,2.063528e+01,2.065621e+01,2.062830e+01,2.067016e+01,2.064225e+01,2.060736e+01,2.049564e+01,2.057944e+01,2.054453e+01,2.053057e+01,2.061434e+01,2.055152e+01,2.050961e+01,2.058643e+01,2.063528e+01,2.055152e+01,2.060039e+01,2.055850e+01,2.062132e+01,2.053755e+01,2.065621e+01,2.063528e+01,2.064225e+01,2.062830e+01,2.058643e+01,2.061434e+01,2.062132e+01,2.058643e+01,2.061434e+01,2.063528e+01,2.058643e+01,2.064923e+01,2.069108e+01,2.067016e+01,2.055152e+01,2.056548e+01,2.061434e+01,2.061434e+01,2.067016e+01,2.057944e+01,2.063528e+01,2.064225e+01,2.062132e+01,2.061434e+01,2.053755e+01,2.059340e+01,2.062830e+01,2.065621e+01,2.050262e+01,2.057246e+01,2.055850e+01,2.067713e+01,2.060039e+01,2.059340e+01,2.059340e+01,2.059340e+01,2.062830e+01,2.050262e+01,2.055152e+01,2.060736e+01,2.051660e+01,2.054453e+01,2.061434e+01,2.063528e+01,2.061434e+01,2.067713e+01,2.053057e+01,2.055152e+01,2.062830e+01,2.057246e+01,2.055850e+01,2.054453e+01,2.043973e+01,2.071897e+01,2.055850e+01,2.034181e+01,2.053755e+01,2.056548e+01,2.065621e+01,2.050961e+01,2.048166e+01,2.050262e+01,2.036980e+01,2.051660e+01,2.048166e+01,2.043973e+01,2.057246e+01,2.046070e+01,2.050961e+01,2.042575e+01,2.044672e+01,2.046769e+01,2.040477e+01,2.041176e+01,2.041875e+01,2.036980e+01,2.041875e+01,2.039778e+01,2.050262e+01,2.045371e+01,2.040477e+01,2.038379e+01,2.041176e+01,2.054453e+01,2.040477e+01,2.039778e+01,2.039078e+01,2.041875e+01,2.047468e+01,2.049564e+01,2.041176e+01,2.045371e+01,2.039778e+01,2.039078e+01,2.045371e+01,2.045371e+01,2.042575e+01,2.047468e+01,2.053057e+01,2.046070e+01,2.042575e+01,2.041875e+01,2.041176e+01,2.042575e+01,2.042575e+01,2.036280e+01,2.046769e+01,2.043274e+01,2.036280e+01,2.045371e+01,2.045371e+01,2.049564e+01,2.051660e+01,2.044672e+01,2.052358e+01,2.043973e+01,2.062132e+01,2.054453e+01,2.056548e+01,2.059340e+01,2.057944e+01,2.085134e+01,2.090006e+01,2.087222e+01,2.087918e+01,2.085830e+01,2.083741e+01,2.083741e+01,2.088614e+01,2.092789e+01,2.094180e+01,2.091398e+01,2.087222e+01,2.088614e+01,2.082348e+01,2.099744e+01,2.084437e+01,2.083045e+01,2.083045e+01,2.092789e+01,2.083741e+01,2.080955e+01,2.083741e+01,2.087918e+01,2.087918e+01,2.086526e+01,2.093485e+01,2.091398e+01,2.090702e+01,2.089310e+01,2.092093e+01,2.100439e+01,2.099048e+01,2.095572e+01,2.079562e+01,2.088614e+01,2.079562e+01,2.078169e+01,2.102524e+01,2.080259e+01,2.065621e+01,2.085830e+01,2.074685e+01,2.085830e+01,2.087222e+01,2.086526e+01,2.092093e+01,2.082348e+01,2.079562e+01,2.080955e+01,2.081652e+01,2.077472e+01,2.079562e+01,2.083741e+01,2.076775e+01,2.081652e+01,2.070502e+01,2.059340e+01,2.080955e+01,2.074685e+01,2.074685e+01,2.069805e+01,2.090006e+01,2.074685e+01,2.073291e+01,2.073291e+01,2.072594e+01,2.082348e+01,2.083741e+01,2.078169e+01,2.062132e+01,2.077472e+01,2.080955e+01,2.078169e+01,2.098353e+01,2.090006e+01,2.073291e+01,2.073988e+01,2.067713e+01,2.065621e+01,2.046769e+01,2.049564e+01,2.043274e+01,2.041875e+01,2.067713e+01,2.071897e+01,2.072594e+01,2.096962e+01,2.084437e+01,2.085134e+01,2.067016e+01,2.081652e+01,2.064225e+01
2.079562e+01,2.073291e+01,2.078866e+01,2.080955e+01,2.077472e+01,2.067713e+01,2.072594e+01,2.073291e+01,2.071897e+01,2.069108e+01,2.067016e+01,2.071897e+01,2.046070e+01,2.051660e+01,2.034181e+01,2.026481e+01,2.037679e+01,2.036280e+01,2.039778e+01,2.029982e+01,2.025080e+01,2.027881e+01,2.029982e+01,2.027881e+01,2.015270e+01,2.008257e+01,2.027181e+01,2.029282e+01,2.031382e+01,2.005451e+01,1.999835e+01,2.011764e+01,2.003345e+01,2.015971e+01,2.008257e+01,2.011063e+01,2.000537e+01,2.015270e+01,1.997728e+01,2.010362e+01,1.997026e+01,1.998431e+01,1.993514e+01,2.003345e+01,1.992811e+01,1.998431e+01,1.991406e+01,2.000537e+01,1.998431e+01,1.999835e+01,1.996324e+01,1.985782e+01,1.992811e+01,1.994216e+01,1.982969e+01,1.988594e+01,1.989297e+01,1.980156e+01,1.996324e+01,1.990703e+01,1.996324e+01,1.993514e+01,1.995621e+01,1.996324e+01,2.001941e+01,1.999835e+01,1.998431e+01,1.999835e+01,1.999835e+01,1.997728e+01,2.001239e+01,2.022979e+01,2.005451e+01,2.018074e+01,2.009660e+01,2.008959e+01,2.018074e+01,2.022979e+01,2.019476e+01,2.025781e+01,2.024380e+01,2.025080e+01,2.033481e+01,2.039778e+01,2.038379e+01,2.039778e+01,2.041875e+01,2.045371e+01,2.046070e+01,2.038379e+01,2.062132e+01,2.058643e+01,2.050961e+01,2.049564e+01,2.050961e+01,2.049564e+01,2.042575e+01,2.062830e+01,2.051660e+01,2.052358e+01,2.047468e+01,2.036980e+01,2.047468e+01,2.051660e+01,2.050961e+01,2.040477e+01,2.048166e+01,2.041176e+01,2.037679e+01,2.046070e+01,2.046769e+01,2.042575e+01,2.045371e+01,2.031382e+01,2.035581e+01,2.043973e+01,2.049564e+01,2.039778e+01,2.039078e+01,2.039078e+01,2.035581e+01,2.038379e+01,2.032082e+01,2.038379e+01,2.038379e+01,2.037679e+01,2.038379e+01,2.037679e+01,2.052358e+01,2.046070e+01,2.041875e+01,2.045371e+01,2.047468e+01,2.041875e+01,2.045371e+01,2.050262e+01,2.043274e+01,2.051660e+01,2.064225e+01,2.046769e+01,2.054453e+01,2.051660e+01,2.050961e+01,2.054453e+01,2.060039e+01,2.043274e+01,2.055850e+01,2.056548e+01,2.067016e+01,2.055152e+01,2.057246e+01,2.066318e+01,2.060736e+01,2.047468e+01,2.064923e+01,2.047468e+01,2.059340e+01,2.050262e+01,2.057944e+01,2.059340e+01,2.064225e+01,2.048166e+01,2.056548e+01,2.062830e+01,2.052358e+01,2.058643e+01,2.069805e+01,2.056548e+01,2.057246e+01,2.054453e+01,2.054453e+01,2.055850e+01,2.055850e+01,2.062830e+01,2.059340e+01,2.057246e+01,2.057944e+01,2.056548e+01,2.061434e+01,2.062830e+01,2.057246e+01,2.065621e+01,2.058643e+01,2.057944e+01,2.059340e+01,2.067713e+01,2.069805e+01,2.069108e+01,2.057246e+01,2.060736e+01,2.068410e+01,2.067016e+01,2.062132e+01,2.076079e+01,2.063528e+01,2.068410e+01,2.070502e+01,2.066318e+01,2.069805e+01,2.078169e+01,2.077472e+01,2.071200e+01,2.073988e+01,2.065621e+01,2.073291e+01,2.064225e+01,2.075382e+01,2.070502e+01,2.070502e+01,2.065621e+01,2.069805e+01,2.069805e+01,2.069805e+01,2.073988e+01,2.070502e+01,2.067016e+01,2.061434e+01,2.063528e+01,2.069805e+01,2.070502e+01,2.062830e+01,2.071897e+01,2.067713e+01,2.064225e+01,2.069108e+01,2.070502e+01,2.064923e+01,2.069805e+01,2.068410e+01,2.077472e+01,2.058643e+01,2.065621e+01,2.070502e+01,2.061434e+01,2.067713e+01,2.065621e+01,2.072594e+01,2.071200e+01,2.071897e+01,2.065621e+01,2.075382e+01,2.080955e+01,2.067713e+01,2.067713e+01,2.067016e+01,2.076079e+01,2.071897e+01,2.068410e+01,2.073988e+01,2.076079e+01,2.068410e+01,2.072594e+01,2.073988e+01,2.062830e+01,2.074685e+01,2.073291e+01,2.060736e+01,2.073988e+01,2.083045e+01,2.068410e+01,2.070502e+01,2.071200e+01,2.067713e+01,2.076079e+01,2.072594e+01,2.069805e+01,2.077472e+01,2.067713e+01,2.080955e+01,2.069805e+01,2.078866e+01,2.087918e+01,2.076079e+01,2.075382e+01,2.080259e+01,2.082348e+01,2.076079e+01,2.079562e+01,2.085830e+01,2.080955e+01,2.077472e+01,2.078866e+01,2.083741e+01,2.085134e+01,2.080259e+01,2.080955e+01,2.083045e+01,2.079562e+01,2.078866e+01,2.078866e+01,2.080955e+01,2.084437e+01,2.081652e+01,2.085134e+01,2.082348e+01,2.087918e+01,2.081652e+01,2.086526e+01,2.079562e+01,2.086526e+01,2.078866e+01,2.081652e+01,2.076079e+01,2.075382e+01,2.076079e+01,2.073988e+01,2.077472e+01,2.072594e+01,2.080259e+01,2.078866e+01,2.080259e+01,2.082348e+01,2.080955e+01,2.073291e+01,2.064225e+01,2.075382e+01,2.071200e+01,2.071200e+01,2.062132e+01,2.053057e+01,2.059340e+01,2.044672e+01,2.060736e+01,2.053755e+01,2.060039e+01,2.058643e+01,2.058643e+01,2.054453e+01,2.055152e+01,2.061434e+01,2.058643e+01,2.057944e+01,2.053057e+01,2.055152e+01,2.062830e+01,2.060736e+01,2.058643e+01,2.062132e+01,2.054453e+01,2.065621e+01,2.053057e+01,2.060736e+01,2.062132e+01,2.062132e+01,2.067016e+01,2.065621e+01,2.063528e+01,2.056548e+01,2.073988e+01,2.069108e+01,2.060039e+01,2.072594e+01,2.065621e+01,2.067713e+01,2.066318e+01,2.068410e+01,2.065621e+01,2.074685e+01,2.075382e+01,2.073988e+01,2.069108e+01,2.069108e+01,2.076775e+01,2.067016e+01,2.073291e+01,2.064923e+01,2.067713e+01,2.060039e+01,2.058643e+01,2.075382e+01,2.064923e+01,2.066318e+01,2.062830e+01,2.063528e+01,2.069805e+01,2.075382e+01,2.060039e+01,2.061434e+01,2.073988e+01,2.067016e+01,2.055152e+01,2.071200e+01,2.071897e+01,2.075382e+01,2.071897e+01,2.067713e+01,2.064225e+01,2.068410e+01,2.072594e+01,2.064923e+01,2.077472e+01,2.076775e+01,2.060039e+01,2.060736e+01,2.069108e+01,2.066318e+01,2.064923e+01,2.070502e+01,2.060039e+01,2.077472e+01,2.077472e+01,2.060039e+01,2.071200e+01,2.060736e+01,2.062830e+01,2.059340e+01,2.064225e+01,2.067016e+01,2.060736e+01,2.055850e+01,2.063528e+01,2.065621e+01,2.057944e+01,2.057944e+01,2.055850e+01,2.061434e+01,2.049564e+01,2.058643e+01,2.049564e+01,2.055152e+01,2.059340e+01,2.053755e+01,2.056548e+01,2.062830e+01,2.058643e+01,2.062830e+01,2.055850e+01,2.060039e+01,2.069108e+01,2.067713e+01,2.064923e+01,2.061434e+01,2.064923e+01,2.061434e+01,2.059340e+01,2.053057e+01,2.060736e+01,2.064225e+01,2.064225e+01,2.069108e+01,2.058643e+01,2.058643e+01,2.051660e+01,2.054453e+01,2.060039e+01,2.056548e+01,2.061434e+01,2.059340e+01,2.062132e+01,2.063528e+01,2.044672e+01,2.045371e+01,2.060736e+01,2.060736e+01,2.053755e+01,2.054453e+01,2.057944e+01,2.058643e+01,2.060039e+01,2.057246e+01,2.057246e+01,2.056548e+01,2.058643e+01,2.056548e+01,2.056548e+01,2.063528e+01,2.052358e+01,2.045371e+01,2.057944e+01,2.057944e+01,2.062830e+01,2.064923e+01,2.068410e+01,2.060039e+01,2.063528e+01,2.057246e+01,2.053755e+01,2.055850e+01,2.057944e+01,2.072594e+01,2.053057e+01,2.057944e+01,2.050961e+01,2.047468e+01,2.053755e+01,2.050262e+01,2.041176e+01,2.048865e+01,2.045371e+01,2.038379e+01,2.054453e+01,2.044672e+01,2.046769e+01,2.046769e+01,2.039778e+01,2.046769e+01,2.044672e+01,2.041875e+01,2.043274e+01,2.038379e+01,2.042575e+01,2.038379e+01,2.040477e+01,2.040477e+01,2.045371e+01,2.041176e+01,2.039078e+01,2.050262e+01,2.050961e+01,2.039078e+01,2.043274e+01,2.055152e+01,2.052358e+01,2.043973e+01,2.047468e+01,2.046769e+01,2.036280e+01,2.055152e+01,2.064923e+01,2.037679e+01,2.039778e+01,2.052358e+01,2.045371e+01,2.043274e+01,2.055850e+01,2.051660e+01,2.042575e+01,2.038379e+01,2.040477e+01,2.039778e+01,2.041176e+01,2.041875e+01,2.041176e+01,2.046070e+01,2.050961e+01,2.046769e+01,2.038379e+01,2.039078e+01,2.039078e+01,2.042575e+01,2.046070e+01,2.050961e+01,2.060039e+01,2.057944e+01,2.053755e+01,2.053755e+01,2.059340e+01,2.055850e+01,2.080955e+01,2.083045e+01,2.079562e+01,2.080259e+01,2.084437e+01,2.086526e+01,2.096962e+01,2.083045e+01,2.093485e+01,2.087918e+01,2.086526e+01,2.089310e+01,2.082348e+01,2.088614e+01,2.083045e+01,2.093485e+01,2.086526e+01,2.089310e+01,2.076775e+01,2.087222e+01,2.092789e+01,2.093485e+01,2.088614e+01,2.096267e+01,2.094876e+01,2.092093e+01,2.092093e+01,2.099048e+01,2.096267e+01,2.092789e+01,2.090006e+01,2.097658e+01,2.086526e+01,2.082348e+01,2.079562e+01,2.084437e+01,2.079562e+01,2.082348e+01,2.089310e+01,2.077472e+01,2.089310e+01,2.069805e+01,2.068410e+01,2.087222e+01,2.087918e+01,2.087918e+01,2.069108e+01,2.081652e+01,2.072594e+01,2.076079e+01,2.074685e+01,2.079562e+01,2.073291e+01,2.083741e+01,2.084437e+01,2.071897e+01,2.076775e+01,2.076079e+01,2.072594e+01,2.080955e+01,2.078169e+01,2.070502e+01,2.076775e+01,2.088614e+01,2.074685e+01,2.083741e+01,2.083741e+01,2.080259e+01,2.063528e+01,2.053755e+01,2.074685e+01,2.076775e+01,2.094876e+01,2.096267e+01,2.096267e+01,2.078866e+01,2.073988e+01,2.072594e+01,2.052358e+01,2.052358e+01,2.054453e+01,2.041176e+01,2.042575e+01,2.062830e+01,2.066318e+01,2.067713e+01,2.073291e+01,2.087918e+01,2.079562e+01,2.062132e+01,2.050961e+01,2.056548e+01
2.078866e+01,2.079562e+01,2.073988e+01,2.081652e+01,2.080955e+01,2.071200e+01,2.088614e+01,2.073988e+01,2.070502e+01,2.070502e+01,2.070502e+01,2.072594e+01,2.051660e+01,2.045371e+01,2.040477e+01,2.043274e+01,2.040477e+01,2.041875e+01,2.036980e+01,2.034181e+01,2.025080e+01,2.023680e+01,2.032082e+01,2.039078e+01,2.015971e+01,2.013167e+01,2.027181e+01,2.015270e+01,2.013167e+01,2.011063e+01,2.013868e+01,2.011063e+01,2.018074e+01,2.011063e+01,2.018775e+01,2.005451e+01,2.006854e+01,2.020877e+01,2.004749e+01,2.003345e+01,2.006854e+01,1.999835e+01,2.000537e+01,2.013167e+01,1.992811e+01,2.000537e+01,1.984376e+01,2.003345e+01,2.002643e+01,1.995621e+01,1.992811e+01,1.983673e+01,1.993514e+01,1.990000e+01,1.985079e+01,1.979452e+01,1.994216e+01,1.992811e+01,1.992109e+01,1.996324e+01,1.989297e+01,1.994216e+01,1.991406e+01,1.994919e+01,1.987189e+01,2.001239e+01,1.998431e+01,1.997026e+01,1.999133e+01,1.999835e+01,1.999835e+01,1.990000e+01,2.013167e+01,2.006854e+01,2.010362e+01,2.015270e+01,2.015270e+01,2.015270e+01,2.022979e+01,2.020877e+01,2.029282e+01,2.041875e+01,2.027881e+01,2.023680e+01,2.036280e+01,2.030682e+01,2.039078e+01,2.043274e+01,2.046070e+01,2.064225e+01,2.049564e+01,2.039778e+01,2.062830e+01,2.046769e+01,2.051660e+01,2.045371e+01,2.048166e+01,2.058643e+01,2.052358e+01,2.046769e+01,2.047468e+01,2.047468e+01,2.050961e+01,2.050262e+01,2.043274e+01,2.043973e+01,2.047468e+01,2.041875e+01,2.044672e+01,2.035581e+01,2.034881e+01,2.050961e+01,2.041875e+01,2.046769e+01,2.043274e+01,2.041875e+01,2.032782e+01,2.039078e+01,2.028582e+01,2.030682e+01,2.041875e+01,2.041875e+01,2.044672e+01,2.033481e+01,2.051660e+01,2.038379e+01,2.036980e+01,2.036280e+01,2.048166e+01,2.052358e+01,2.043274e+01,2.039078e+01,2.044672e+01,2.045371e+01,2.046070e+01,2.046769e+01,2.047468e+01,2.044672e+01,2.062132e+01,2.047468e+01,2.050961e+01,2.063528e+01,2.053057e+01,2.055152e+01,2.057246e+01,2.063528e+01,2.056548e+01,2.057246e+01,2.055152e+01,2.059340e+01,2.053755e+01,2.049564e+01,2.060039e+01,2.060736e+01,2.065621e+01,2.047468e+01,2.061434e+01,2.070502e+01,2.053057e+01,2.060736e+01,2.060039e+01,2.058643e+01,2.052358e+01,2.057944e+01,2.059340e+01,2.060736e+01,2.068410e+01,2.062830e+01,2.062830e+01,2.057246e+01,2.055850e+01,2.055152e+01,2.057246e+01,2.057944e+01,2.057246e+01,2.060736e+01,2.054453e+01,2.061434e+01,2.063528e+01,2.064225e+01,2.058643e+01,2.048166e+01,2.062830e+01,2.068410e+01,2.064923e+01,2.066318e+01,2.054453e+01,2.067016e+01,2.067713e+01,2.069108e+01,2.071897e+01,2.069108e+01,2.066318e+01,2.074685e+01,2.070502e+01,2.068410e+01,2.074685e+01,2.069108e+01,2.073291e+01,2.069805e+01,2.067713e+01,2.071200e+01,2.075382e+01,2.060736e+01,2.062830e+01,2.068410e+01,2.070502e+01,2.073988e+01,2.068410e+01,2.071897e+01,2.069805e+01,2.069805e+01,2.070502e+01,2.065621e+01,2.073291e+01,2.072594e+01,2.064225e+01,2.064923e+01,2.065621e+01,2.063528e+01,2.071200e+01,2.070502e+01,2.065621e+01,2.060039e+01,2.071897e+01,2.067713e+01,2.076775e+01,2.074685e+01,2.061434e+01,2.069805e+01,2.068410e+01,2.069108e+01,2.066318e+01,2.069108e+01,2.079562e+01,2.067016e+01,2.066318e+01,2.062132e+01,2.064923e+01,2.067713e+01,2.067713e+01,2.073291e+01,2.071200e+01,2.069108e+01,2.068410e+01,2.069108e+01,2.076079e+01,2.072594e+01,2.074685e+01,2.073988e+01,2.072594e+01,2.079562e+01,2.057944e+01,2.071897e+01,2.073291e+01,2.066318e+01,2.071897e+01,2.079562e+01,2.072594e+01,2.070502e+01,2.062132e+01,2.076775e+01,2.075382e+01,2.076079e+01,2.079562e+01,2.071200e+01,2.074685e+01,2.081652e+01,2.078169e+01,2.080955e+01,2.073291e+01,2.076079e+01,2.076079e+01,2.073988e+01,2.083045e+01,2.080259e+01,2.077472e+01,2.078169e+01,2.076079e+01,2.078169e+01,2.075382e+01,2.078169e+01,2.077472e+01,2.071200e+01,2.084437e+01,2.079562e+01,2.072594e+01,2.077472e+01,2.082348e+01,2.080955e+01,2.079562e+01,2.078866e+01,2.082348e+01,2.085134e+01,2.083741e+01,2.080955e+01,2.080259e+01,2.083045e+01,2.080259e+01,2.080955e+01,2.080259e+01,2.075382e+01,2.076079e+01,2.078169e+01,2.080259e+01,2.067016e+01,2.070502e+01,2.082348e+01,2.078169e+01,2.076079e+01,2.076775e+01,2.070502e+01,2.067713e+01,2.080259e+01,2.067016e+01,2.064923e+01,2.060039e+01,2.063528e+01,2.042575e+01,2.052358e+01,2.051660e+01,2.044672e+01,2.050961e+01,2.058643e+01,2.056548e+01,2.057944e+01,2.052358e+01,2.057944e+01,2.060039e+01,2.056548e+01,2.048166e+01,2.051660e+01,2.053057e+01,2.058643e+01,2.062132e+01,2.051660e+01,2.052358e+01,2.060039e+01,2.059340e+01,2.062132e+01,2.060736e+01,2.058643e+01,2.065621e+01,2.065621e+01,2.062830e+01,2.064923e+01,2.058643e+01,2.067016e+01,2.069108e+01,2.062830e+01,2.073291e+01,2.073291e+01,2.072594e+01,2.068410e+01,2.067713e+01,2.064923e+01,2.064923e+01,2.067713e+01,2.064923e+01,2.075382e+01,2.069805e+01,2.071897e+01,2.067016e+01,2.067713e+01,2.069108e+01,2.068410e+01,2.070502e+01,2.067016e+01,2.069108e+01,2.073291e+01,2.065621e+01,2.076079e+01,2.070502e+01,2.062830e+01,2.062132e+01,2.063528e+01,2.066318e+01,2.069805e+01,2.066318e+01,2.067016e+01,2.065621e+01,2.069805e+01,2.069108e+01,2.069108e+01,2.066318e+01,2.066318e+01,2.070502e+01,2.069805e+01,2.069108e+01,2.076775e+01,2.065621e+01,2.072594e+01,2.078866e+01,2.059340e+01,2.066318e+01,2.062132e+01,2.069108e+01,2.063528e+01,2.062132e+01,2.059340e+01,2.060039e+01,2.064225e+01,2.067016e+01,2.064225e+01,2.059340e+01,2.065621e+01,2.060736e+01,2.065621e+01,2.064225e+01,2.062830e+01,2.059340e+01,2.061434e+01,2.057944e+01,2.054453e+01,2.053755e+01,2.053057e+01,2.057944e+01,2.055850e+01,2.052358e+01,2.054453e+01,2.052358e+01,2.059340e+01,2.050961e+01,2.071897e+01,2.056548e+01,2.051660e+01,2.060039e+01,2.053755e+01,2.062132e+01,2.067016e+01,2.063528e+01,2.064225e+01,2.064923e+01,2.057246e+01,2.056548e+01,2.059340e+01,2.062132e+01,2.052358e+01,2.064225e+01,2.067713e+01,2.057246e+01,2.058643e+01,2.061434e+01,2.046769e+01,2.058643e+01,2.061434e+01,2.062830e+01,2.056548e+01,2.054453e+01,2.052358e+01,2.064923e+01,2.047468e+01,2.052358e+01,2.063528e+01,2.055850e+01,2.053755e+01,2.054453e+01,2.055850e+01,2.055152e+01,2.057944e+01,2.061434e+01,2.057944e+01,2.062830e+01,2.053057e+01,2.064225e+01,2.051660e+01,2.050262e+01,2.053755e+01,2.053755e+01,2.059340e+01,2.046769e+01,2.060039e+01,2.050262e+01,2.051660e+01,2.054453e+01,2.060039e+01,2.056548e+01,2.053755e+01,2.048166e+01,2.053057e+01,2.048166e+01,2.067016e+01,2.052358e+01,2.053057e+01,2.051660e+01,2.053755e+01,2.052358e+01,2.054453e+01,2.051660e+01,2.049564e+01,2.050961e+01,2.053057e+01,2.040477e+01,2.044672e+01,2.055152e+01,2.052358e+01,2.053057e+01,2.054453e+01,2.045371e+01,2.042575e+01,2.040477e+01,2.040477e+01,2.039778e+01,2.041176e+01,2.046070e+01,2.052358e+01,2.043973e+01,2.038379e+01,2.048865e+01,2.053057e+01,2.047468e+01,2.041875e+01,2.034181e+01,2.043973e+01,2.047468e+01,2.046769e+01,2.050262e+01,2.042575e+01,2.041176e+01,2.036280e+01,2.034181e+01,2.045371e+01,2.046769e+01,2.045371e+01,2.054453e+01,2.050961e+01,2.051660e+01,2.040477e+01,2.041176e+01,2.034181e+01,2.038379e+01,2.032782e+01,2.044672e+01,2.052358e+01,2.045371e+01,2.050262e+01,2.043973e+01,2.053057e+01,2.043973e+01,2.045371e+01,2.048865e+01,2.051660e+01,2.047468e+01,2.050961e+01,2.050961e+01,2.049564e+01,2.059340e+01,2.057246e+01,2.073291e+01,2.085134e+01,2.092789e+01,2.085830e+01,2.096962e+01,2.083045e+01,2.082348e+01,2.085830e+01,2.089310e+01,2.090006e+01,2.086526e+01,2.085830e+01,2.088614e+01,2.086526e+01,2.085830e+01,2.085134e+01,2.094180e+01,2.090702e+01,2.088614e+01,2.088614e+01,2.088614e+01,2.093485e+01,2.089310e+01,2.092093e+01,2.092093e+01,2.096962e+01,2.083045e+01,2.092093e+01,2.077472e+01,2.093485e+01,2.095572e+01,2.089310e+01,2.097658e+01,2.090702e+01,2.088614e+01,2.087222e+01,2.089310e+01,2.081652e+01,2.083741e+01,2.085830e+01,2.092093e+01,2.092789e+01,2.080259e+01,2.087222e+01,2.078866e+01,2.091398e+01,2.073988e+01,2.082348e+01,2.067016e+01,2.080259e+01,2.080259e+01,2.076775e+01,2.099048e+01,2.074685e+01,2.076775e+01,2.077472e+01,2.076775e+01,2.075382e+01,2.069805e+01,2.073988e+01,2.084437e+01,2.073988e+01,2.081652e+01,2.080259e+01,2.080955e+01,2.071897e+01,2.083045e+01,2.085830e+01,2.082348e+01,2.076079e+01,2.084437e+01,2.079562e+01,2.077472e+01,2.087918e+01,2.088614e+01,2.088614e+01,2.072594e+01,2.068410e+01,2.057944e+01,2.059340e+01,2.055850e+01,2.043973e+01,2.061434e+01,2.073988e+01,2.064225e+01,2.068410e+01,2.064923e+01,2.063528e+01,2.068410e+01,2.044672e+01,2.023680e+01,2.051660e+01
2.076079e+01,2.079562e+01,2.064923e+01,2.068410e+01,2.074685e+01,2.073988e+01,2.073291e+01,2.070502e+01,2.073988e+01,2.069805e+01,2.066318e+01,2.045371e+01,2.054453e+01,2.044672e+01,2.041176e+01,2.046070e+01,2.041176e+01,2.034181e+01,2.039078e+01,2.026481e+01,2.021578e+01,2.024380e+01,2.023680e+01,2.033481e+01,2.022278e+01,2.017373e+01,2.020177e+01,2.023680e+01,2.026481e+01,2.022979e+01,2.020877e+01,2.011764e+01,2.006152e+01,2.010362e+01,2.011063e+01,2.009660e+01,2.006152e+01,2.008959e+01,2.009660e+01,1.997728e+01,1.992811e+01,2.007556e+01,2.005451e+01,2.003345e+01,1.999835e+01,1.990703e+01,1.987892e+01,1.999835e+01,1.991406e+01,1.982969e+01,1.989297e+01,1.983673e+01,1.985079e+01,1.990000e+01,1.987892e+01,1.991406e+01,1.994216e+01,1.985079e+01,1.998431e+01,1.990000e+01,1.996324e+01,2.003345e+01,1.995621e+01,1.999835e+01,1.999133e+01,1.979452e+01,1.994919e+01,1.986485e+01,2.003345e+01,1.999133e+01,2.001941e+01,2.010362e+01,1.995621e+01,1.997728e+01,2.011063e+01,2.006854e+01,2.011063e+01,2.022278e+01,2.020877e+01,2.027181e+01,2.027181e+01,2.032782e+01,2.034181e+01,2.036280e+01,2.038379e+01,2.038379e+01,2.050262e+01,2.046070e+01,2.048865e+01,2.052358e+01,2.052358e+01,2.057246e+01,2.046769e+01,2.043973e+01,2.036280e+01,2.045371e+01,2.046769e+01,2.046769e+01,2.052358e+01,2.052358e+01,2.045371e+01,2.040477e+01,2.048865e+01,2.043274e+01,2.050262e+01,2.050961e+01,2.038379e+01,2.046070e+01,2.039078e+01,2.029282e+01,2.035581e+01,2.038379e+01,2.032782e+01,2.030682e+01,2.033481e+01,2.027181e+01,2.036280e+01,2.027881e+01,2.036980e+01,2.039778e+01,2.032782e+01,2.041176e+01,2.033481e+01,2.033481e+01,2.039078e+01,2.039078e+01,2.041176e+01,2.041176e+01,2.046769e+01,2.042575e+01,2.041176e+01,2.054453e+01,2.048166e+01,2.043973e+01,2.048166e+01,2.060039e+01,2.061434e+01,2.050262e+01,2.065621e+01,2.050961e+01,2.067713e+01,2.057944e+01,2.055850e+01,2.054453e+01,2.057944e+01,2.056548e+01,2.055152e+01,2.062132e+01,2.056548e+01,2.056548e+01,2.067713e+01,2.059340e+01,2.064923e+01,2.069108e+01,2.062830e+01,2.063528e+01,2.064225e+01,2.066318e+01,2.064225e+01,2.051660e+01,2.064225e+01,2.069108e+01,2.062132e+01,2.061434e+01,2.060736e+01,2.057246e+01,2.064225e+01,2.052358e+01,2.061434e+01,2.066318e+01,2.064923e+01,2.056548e+01,2.059340e+01,2.057246e+01,2.058643e+01,2.055850e+01,2.064225e+01,2.057944e+01,2.063528e+01,2.062132e+01,2.050262e+01,2.060736e+01,2.061434e+01,2.063528e+01,2.060736e+01,2.069805e+01,2.057246e+01,2.073988e+01,2.055152e+01,2.055152e+01,2.059340e+01,2.064923e+01,2.080259e+01,2.071200e+01,2.065621e+01,2.063528e+01,2.076775e+01,2.073988e+01,2.057246e+01,2.075382e+01,2.064923e+01,2.068410e+01,2.074685e+01,2.073988e+01,2.078169e+01,2.072594e+01,2.069805e+01,2.064225e+01,2.069805e+01,2.069805e+01,2.067713e+01,2.070502e+01,2.064225e+01,2.071200e+01,2.069108e+01,2.073291e+01,2.072594e+01,2.071200e+01,2.071200e+01,2.071897e+01,2.069108e+01,2.065621e+01,2.069108e+01,2.069805e+01,2.073291e+01,2.073291e+01,2.060736e+01,2.078866e+01,2.078866e+01,2.076079e+01,2.069108e+01,2.064923e+01,2.067713e+01,2.069805e+01,2.067713e+01,2.067713e+01,2.063528e+01,2.075382e+01,2.076775e+01,2.074685e+01,2.062830e+01,2.064225e+01,2.071897e+01,2.069805e+01,2.067713e+01,2.072594e+01,2.078169e+01,2.072594e+01,2.076079e+01,2.062132e+01,2.073291e+01,2.076079e+01,2.072594e+01,2.062132e+01,2.069108e+01,2.074685e+01,2.078866e+01,2.069108e+01,2.074685e+01,2.073291e+01,2.073988e+01,2.076079e+01,2.064923e+01,2.098353e+01,2.080259e+01,2.070502e+01,2.088614e+01,2.076775e+01,2.078169e+01,2.084437e+01,2.081652e+01,2.075382e+01,2.083741e+01,2.063528e+01,2.083741e+01,2.079562e+01,2.083741e+01,2.079562e+01,2.082348e+01,2.078866e+01,2.078866e+01,2.078866e+01,2.071897e+01,2.073291e+01,2.078866e+01,2.080955e+01,2.074685e+01,2.080955e+01,2.078169e+01,2.079562e+01,2.088614e+01,2.084437e+01,2.090006e+01,2.080955e+01,2.082348e+01,2.085134e+01,2.087918e+01,2.077472e+01,2.076775e+01,2.079562e+01,2.080259e+01,2.083045e+01,2.089310e+01,2.078866e+01,2.079562e+01,2.067016e+01,2.078866e+01,2.080955e+01,2.085134e+01,2.074685e+01,2.077472e+01,2.076775e+01,2.076775e+01,2.085134e+01,2.069108e+01,2.069805e+01,2.061434e+01,2.060736e+01,2.055152e+01,2.056548e+01,2.045371e+01,2.050262e+01,2.048865e+01,2.053755e+01,2.061434e+01,2.056548e+01,2.061434e+01,2.062830e+01,2.055152e+01,2.060039e+01,2.058643e+01,2.058643e+01,2.051660e+01,2.054453e+01,2.057944e+01,2.054453e+01,2.056548e+01,2.060039e+01,2.060736e+01,2.062132e+01,2.060039e+01,2.062132e+01,2.061434e+01,2.064923e+01,2.068410e+01,2.065621e+01,2.062830e+01,2.068410e+01,2.072594e+01,2.065621e+01,2.066318e+01,2.064225e+01,2.065621e+01,2.067713e+01,2.064225e+01,2.072594e+01,2.069108e+01,2.069805e+01,2.072594e+01,2.073291e+01,2.060736e+01,2.069805e+01,2.068410e+01,2.072594e+01,2.067016e+01,2.073988e+01,2.071897e+01,2.071897e+01,2.075382e+01,2.070502e+01,2.068410e+01,2.072594e+01,2.057944e+01,2.060039e+01,2.067713e+01,2.068410e+01,2.068410e+01,2.067016e+01,2.071897e+01,2.066318e+01,2.074685e+01,2.076079e+01,2.071897e+01,2.068410e+01,2.065621e+01,2.064225e+01,2.069805e+01,2.064225e+01,2.064923e+01,2.058643e+01,2.064923e+01,2.063528e+01,2.064225e+01,2.074685e+01,2.062132e+01,2.062830e+01,2.064923e+01,2.067713e+01,2.063528e+01,2.073291e+01,2.069805e+01,2.068410e+01,2.058643e+01,2.060736e+01,2.059340e+01,2.059340e+01,2.067016e+01,2.062132e+01,2.060736e+01,2.061434e+01,2.060736e+01,2.057246e+01,2.058643e+01,2.059340e+01,2.056548e+01,2.049564e+01,2.048865e+01,2.048166e+01,2.048865e+01,2.057944e+01,2.056548e+01,2.058643e+01,2.055850e+01,2.060039e+01,2.053755e+01,2.048865e+01,2.065621e+01,2.057944e+01,2.066318e+01,2.067713e+01,2.067713e+01,2.064225e+01,2.067016e+01,2.064923e+01,2.063528e+01,2.062830e+01,2.054453e+01,2.063528e+01,2.063528e+01,2.062132e+01,2.061434e+01,2.064225e+01,2.072594e+01,2.062132e+01,2.064923e+01,2.060039e+01,2.053057e+01,2.056548e+01,2.068410e+01,2.057944e+01,2.063528e+01,2.048865e+01,2.052358e+01,2.050262e+01,2.060736e+01,2.060039e+01,2.055152e+01,2.056548e+01,2.063528e+01,2.059340e+01,2.057944e+01,2.057944e+01,2.058643e+01,2.055152e+01,2.047468e+01,2.060039e+01,2.049564e+01,2.054453e+01,2.053057e+01,2.054453e+01,2.058643e+01,2.057246e+01,2.071200e+01,2.071200e+01,2.060039e+01,2.064923e+01,2.055152e+01,2.046769e+01,2.055152e+01,2.047468e+01,2.057246e+01,2.056548e+01,2.060736e+01,2.053057e+01,2.053755e+01,2.057246e+01,2.055850e+01,2.049564e+01,2.053057e+01,2.050262e+01,2.051660e+01,2.061434e+01,2.058643e+01,2.052358e+01,2.054453e+01,2.050262e+01,2.055850e+01,2.039078e+01,2.043274e+01,2.055850e+01,2.046769e+01,2.046769e+01,2.039778e+01,2.045371e+01,2.048166e+01,2.047468e+01,2.050262e+01,2.051660e+01,2.052358e+01,2.051660e+01,2.050961e+01,2.056548e+01,2.043274e+01,2.045371e+01,2.036280e+01,2.064225e+01,2.038379e+01,2.050961e+01,2.040477e+01,2.041176e+01,2.059340e+01,2.055152e+01,2.046070e+01,2.049564e+01,2.047468e+01,2.057944e+01,2.043274e+01,2.049564e+01,2.036280e+01,2.048166e+01,2.043973e+01,2.040477e+01,2.046070e+01,2.034181e+01,2.037679e+01,2.034181e+01,2.023680e+01,2.046769e+01,2.054453e+01,2.055152e+01,2.055152e+01,2.040477e+01,2.055850e+01,2.055152e+01,2.046070e+01,2.055152e+01,2.043973e+01,2.055850e+01,2.062830e+01,2.090006e+01,2.078169e+01,2.092789e+01,2.085134e+01,2.083045e+01,2.092789e+01,2.097658e+01,2.095572e+01,2.092789e+01,2.090006e+01,2.082348e+01,2.081652e+01,2.085830e+01,2.091398e+01,2.087918e+01,2.092093e+01,2.087918e+01,2.089310e+01,2.088614e+01,2.090006e+01,2.092093e+01,2.091398e+01,2.090702e+01,2.092789e+01,2.092093e+01,2.090702e+01,2.086526e+01,2.092093e+01,2.094180e+01,2.087222e+01,2.092093e+01,2.093485e+01,2.089310e+01,2.083045e+01,2.083045e+01,2.078169e+01,2.078866e+01,2.076775e+01,2.087918e+01,2.079562e+01,2.080259e+01,2.067713e+01,2.071897e+01,2.070502e+01,2.087222e+01,2.078866e+01,2.083741e+01,2.079562e+01,2.077472e+01,2.080259e+01,2.061434e+01,2.073988e+01,2.076775e+01,2.080259e+01,2.070502e+01,2.076775e+01,2.068410e+01,2.073291e+01,2.094180e+01,2.070502e+01,2.083045e+01,2.076775e+01,2.074685e+01,2.078866e+01,2.076775e+01,2.080955e+01,2.080259e+01,2.069805e+01,2.080259e+01,2.081652e+01,2.089310e+01,2.073988e+01,2.092093e+01,2.083045e+01,2.070502e+01,2.066318e+01,2.073988e+01,2.067016e+01,2.057944e+01,2.052358e+01,2.062132e+01,2.050961e+01,2.047468e+01,2.062132e+01,2.054453e+01,2.075382e+01,2.040477e+01,2.067016e+01,2.043274e+01,2.037679e+01,2.050262e+01
2.089310e+01,2.069805e+01,2.076775e+01,2.076079e+01,2.080259e+01,2.080259e+01,2.074685e+01,2.066318e+01,2.079562e+01,2.057944e+01,2.062830e+01,2.052358e+01,2.056548e+01,2.042575e+01,2.045371e+01,2.026481e+01,2.036980e+01,2.038379e+01,2.026481e+01,2.027181e+01,2.024380e+01,2.023680e+01,2.027181e+01,2.028582e+01,2.021578e+01,2.022278e+01,2.004047e+01,2.014569e+01,2.011764e+01,2.003345e+01,2.004749e+01,2.012466e+01,2.013868e+01,2.006152e+01,2.015971e+01,2.008257e+01,2.009660e+01,2.001239e+01,1.998431e+01,2.004749e+01,2.001941e+01,1.994919e+01,2.004047e+01,2.000537e+01,1.997728e+01,1.990703e+01,1.997026e+01,1.991406e+01,1.997728e+01,1.994216e+01,1.980156e+01,1.992109e+01,1.990703e+01,1.973118e+01,1.985079e+01,1.987892e+01,1.985079e+01,1.987892e+01,1.997026e+01,1.979452e+01,1.999835e+01,1.994216e+01,1.997728e+01,1.983673e+01,1.990000e+01,1.980156e+01,1.982969e+01,1.983673e+01,1.987892e+01,2.006854e+01,2.008959e+01,1.992109e+01,2.003345e+01,2.001239e+01,2.011063e+01,2.010362e+01,2.015971e+01,2.014569e+01,2.023680e+01,2.024380e+01,2.024380e+01,2.018775e+01,2.031382e+01,2.023680e+01,2.034881e+01,2.034181e+01,2.030682e+01,2.046769e+01,2.048166e+01,2.038379e+01,2.046070e+01,2.049564e+01,2.050961e+01,2.044672e+01,2.041875e+01,2.045371e+01,2.039078e+01,2.053755e+01,2.047468e+01,2.043973e+01,2.049564e+01,2.046070e+01,2.039078e+01,2.041875e+01,2.036980e+01,2.039778e+01,2.041176e+01,2.038379e+01,2.032082e+01,2.039778e+01,2.024380e+01,2.032782e+01,2.023680e+01,2.033481e+01,2.027181e+01,2.028582e+01,2.032782e+01,2.026481e+01,2.037679e+01,2.030682e+01,2.037679e+01,2.032782e+01,2.032082e+01,2.033481e+01,2.033481e+01,2.038379e+01,2.034181e+01,2.036280e+01,2.037679e+01,2.045371e+01,2.044672e+01,2.048865e+01,2.048166e+01,2.044672e+01,2.048166e+01,2.046070e+01,2.051660e+01,2.055850e+01,2.052358e+01,2.066318e+01,2.051660e+01,2.056548e+01,2.055152e+01,2.056548e+01,2.061434e+01,2.057246e+01,2.052358e+01,2.058643e+01,2.061434e+01,2.057944e+01,2.054453e+01,2.050961e+01,2.070502e+01,2.048865e+01,2.060039e+01,2.057944e+01,2.059340e+01,2.061434e+01,2.065621e+01,2.062830e+01,2.062132e+01,2.048166e+01,2.066318e+01,2.065621e+01,2.061434e+01,2.062132e+01,2.054453e+01,2.057944e+01,2.059340e+01,2.058643e+01,2.057246e+01,2.062830e+01,2.056548e+01,2.057246e+01,2.058643e+01,2.054453e+01,2.055850e+01,2.059340e+01,2.053057e+01,2.059340e+01,2.063528e+01,2.067016e+01,2.057246e+01,2.064923e+01,2.058643e+01,2.065621e+01,2.073988e+01,2.054453e+01,2.071897e+01,2.066318e+01,2.054453e+01,2.057944e+01,2.055850e+01,2.066318e+01,2.060736e+01,2.064225e+01,2.064225e+01,2.067016e+01,2.059340e+01,2.060736e+01,2.073988e+01,2.067016e+01,2.074685e+01,2.073291e+01,2.067713e+01,2.064923e+01,2.070502e+01,2.071897e+01,2.070502e+01,2.067016e+01,2.074685e+01,2.068410e+01,2.071897e+01,2.063528e+01,2.057944e+01,2.064923e+01,2.064923e+01,2.065621e+01,2.071200e+01,2.067713e+01,2.071897e+01,2.067713e+01,2.062830e+01,2.066318e+01,2.073988e+01,2.066318e+01,2.068410e+01,2.057246e+01,2.069108e+01,2.064225e+01,2.064923e+01,2.068410e+01,2.069108e+01,2.068410e+01,2.067713e+01,2.067713e+01,2.070502e+01,2.064923e+01,2.061434e+01,2.063528e+01,2.060736e+01,2.066318e+01,2.065621e+01,2.069108e+01,2.069108e+01,2.070502e+01,2.074685e+01,2.067016e+01,2.073988e+01,2.069108e+01,2.071897e+01,2.075382e+01,2.057944e+01,2.076079e+01,2.081652e+01,2.060039e+01,2.070502e+01,2.072594e+01,2.072594e+01,2.078866e+01,2.074685e+01,2.071200e+01,2.065621e+01,2.072594e+01,2.077472e+01,2.080955e+01,2.077472e+01,2.083045e+01,2.078866e+01,2.081652e+01,2.083045e+01,2.080955e+01,2.079562e+01,2.074685e+01,2.074685e+01,2.076775e+01,2.078866e+01,2.070502e+01,2.078169e+01,2.064225e+01,2.067713e+01,2.076079e+01,2.077472e+01,2.078866e+01,2.083045e+01,2.082348e+01,2.069108e+01,2.070502e+01,2.078169e+01,2.079562e+01,2.073988e+01,2.082348e+01,2.083045e+01,2.081652e+01,2.080955e+01,2.076775e+01,2.080259e+01,2.086526e+01,2.087222e+01,2.090006e+01,2.071897e+01,2.073988e+01,2.088614e+01,2.076079e+01,2.080259e+01,2.076079e+01,2.081652e+01,2.071200e+01,2.073988e+01,2.080955e+01,2.077472e+01,2.078866e+01,2.086526e+01,2.073291e+01,2.075382e+01,2.078169e+01,2.071200e+01,2.056548e+01,2.055152e+01,2.062132e+01,2.046769e+01,2.048865e+01,2.054453e+01,2.050961e+01,2.051660e+01,2.055850e+01,2.057944e+01,2.057246e+01,2.048166e+01,2.055850e+01,2.052358e+01,2.047468e+01,2.062132e+01,2.057246e+01,2.060736e+01,2.055152e+01,2.059340e+01,2.050262e+01,2.060039e+01,2.061434e+01,2.062830e+01,2.063528e+01,2.061434e+01,2.060736e+01,2.066318e+01,2.066318e+01,2.068410e+01,2.062132e+01,2.060736e+01,2.064225e+01,2.071200e+01,2.062830e+01,2.068410e+01,2.064225e+01,2.064225e+01,2.067713e+01,2.067016e+01,2.069805e+01,2.062132e+01,2.064225e+01,2.076079e+01,2.089310e+01,2.069805e+01,2.071200e+01,2.079562e+01,2.075382e+01,2.076775e+01,2.069108e+01,2.069108e+01,2.074685e+01,2.066318e+01,2.076079e+01,2.069805e+01,2.073291e+01,2.069805e+01,2.068410e+01,2.067713e+01,2.062830e+01,2.059340e+01,2.060736e+01,2.067713e+01,2.071897e+01,2.065621e+01,2.067713e+01,2.067016e+01,2.066318e+01,2.070502e+01,2.062830e+01,2.067016e+01,2.059340e+01,2.057944e+01,2.067713e+01,2.069805e+01,2.057944e+01,2.066318e+01,2.062132e+01,2.068410e+01,2.062830e+01,2.062132e+01,2.070502e+01,2.060039e+01,2.060039e+01,2.062830e+01,2.062830e+01,2.060039e+01,2.049564e+01,2.057944e+01,2.059340e+01,2.064923e+01,2.055850e+01,2.060039e+01,2.054453e+01,2.059340e+01,2.053057e+01,2.058643e+01,2.046070e+01,2.059340e+01,2.055850e+01,2.048865e+01,2.060039e+01,2.056548e+01,2.053755e+01,2.057246e+01,2.057246e+01,2.055850e+01,2.048865e+01,2.053755e+01,2.066318e+01,2.051660e+01,2.066318e+01,2.056548e+01,2.058643e+01,2.057944e+01,2.064923e+01,2.062830e+01,2.063528e+01,2.060039e+01,2.059340e+01,2.064225e+01,2.064225e+01,2.062830e+01,2.064225e+01,2.063528e+01,2.062132e+01,2.054453e+01,2.060736e+01,2.069805e+01,2.064923e+01,2.062830e+01,2.069108e+01,2.058643e+01,2.053755e+01,2.050262e+01,2.056548e+01,2.051660e+01,2.060736e+01,2.050262e+01,2.053755e+01,2.054453e+01,2.050262e+01,2.053755e+01,2.052358e+01,2.049564e+01,2.043973e+01,2.050961e+01,2.050262e+01,2.052358e+01,2.048166e+01,2.056548e+01,2.062132e+01,2.055850e+01,2.063528e+01,2.055850e+01,2.042575e+01,2.054453e+01,2.054453e+01,2.058643e+01,2.053755e+01,2.056548e+01,2.050262e+01,2.058643e+01,2.059340e+01,2.050262e+01,2.047468e+01,2.056548e+01,2.060736e+01,2.054453e+01,2.056548e+01,2.060039e+01,2.043274e+01,2.057944e+01,2.047468e+01,2.054453e+01,2.052358e+01,2.055152e+01,2.065621e+01,2.052358e+01,2.046769e+01,2.043274e+01,2.046070e+01,2.046769e+01,2.043973e+01,2.043274e+01,2.037679e+01,2.038379e+01,2.046070e+01,2.045371e+01,2.052358e+01,2.050961e+01,2.053755e+01,2.032082e+01,2.036980e+01,2.050262e+01,2.043973e+01,2.042575e+01,2.034881e+01,2.047468e+01,2.039778e+01,2.046070e+01,2.047468e+01,2.057246e+01,2.043274e+01,2.042575e+01,2.050961e+01,2.056548e+01,2.043973e+01,2.043973e+01,2.046070e+01,2.045371e+01,2.050961e+01,2.040477e+01,2.047468e+01,2.046070e+01,2.037679e+01,2.051660e+01,2.048865e+01,2.036280e+01,2.049564e+01,2.048166e+01,2.051660e+01,2.053057e+01,2.038379e+01,2.055152e+01,2.049564e+01,2.060039e+01,2.047468e+01,2.044672e+01,2.044672e+01,2.028582e+01,2.067713e+01,2.090702e+01,2.078866e+01,2.078169e+01,2.085830e+01,2.079562e+01,2.087918e+01,2.094876e+01,2.089310e+01,2.088614e+01,2.086526e+01,2.073291e+01,2.076775e+01,2.082348e+01,2.087222e+01,2.085134e+01,2.087918e+01,2.078169e+01,2.087222e+01,2.094180e+01,2.077472e+01,2.078169e+01,2.076775e+01,2.090702e+01,2.090702e+01,2.087222e+01,2.091398e+01,2.094180e+01,2.092093e+01,2.088614e+01,2.090702e+01,2.092093e+01,2.087918e+01,2.090702e+01,2.082348e+01,2.083045e+01,2.082348e+01,2.076775e+01,2.073291e+01,2.074685e+01,2.077472e+01,2.066318e+01,2.087918e+01,2.087222e+01,2.085134e+01,2.075382e+01,2.088614e+01,2.070502e+01,2.076079e+01,2.069805e+01,2.074685e+01,2.080955e+01,2.070502e+01,2.078169e+01,2.094180e+01,2.067713e+01,2.081652e+01,2.073291e+01,2.076775e+01,2.075382e+01,2.077472e+01,2.083045e+01,2.060736e+01,2.071897e+01,2.072594e+01,2.080259e+01,2.071897e+01,2.075382e+01,2.076775e+01,2.079562e+01,2.075382e+01,2.083741e+01,2.087222e+01,2.077472e+01,2.066318e+01,2.067713e+01,2.062830e+01,2.066318e+01,2.068410e+01,2.069805e+01,2.050961e+01,2.051660e+01,2.045371e+01,2.061434e+01,2.059340e+01,2.045371e+01,2.057944e+01,2.069108e+01,2.076079e+01,2.053755e+01,2.052358e+01
2.081652e+01,2.076775e+01,2.063528e+01,2.079562e+01,2.083741e+01,2.076775e+01,2.082348e+01,2.081652e+01,2.066318e+01,2.073988e+01,2.062830e+01,2.061434e+01,2.048865e+01,2.050961e+01,2.044672e+01,2.038379e+01,2.036980e+01,2.041176e+01,2.031382e+01,2.029282e+01,2.040477e+01,2.025781e+01,2.029982e+01,2.029282e+01,2.022278e+01,2.022278e+01,2.024380e+01,2.013868e+01,2.005451e+01,2.015971e+01,2.018074e+01,2.009660e+01,2.011063e+01,2.014569e+01,2.006854e+01,2.009660e+01,2.004749e+01,2.014569e+01,2.004749e+01,2.000537e+01,1.990703e+01,1.992109e+01,1.992109e+01,1.997728e+01,1.995621e+01,1.985782e+01,1.997026e+01,1.983673e+01,1.987892e+01,1.975934e+01,1.986485e+01,1.987189e+01,1.984376e+01,1.978045e+01,1.982266e+01,1.989297e+01,1.987892e+01,1.983673e+01,1.994216e+01,1.991406e+01,1.980859e+01,1.992811e+01,1.998431e+01,1.987892e+01,1.979452e+01,1.979452e+01,1.991406e+01,1.989297e+01,1.992811e+01,1.987892e+01,1.997026e+01,1.992109e+01,1.999835e+01,2.003345e+01,2.012466e+01,2.014569e+01,2.013868e+01,2.008257e+01,2.014569e+01,2.032082e+01,2.023680e+01,2.018775e+01,2.027181e+01,2.025781e+01,2.022278e+01,2.030682e+01,2.029282e+01,2.035581e+01,2.047468e+01,2.027181e+01,2.037679e+01,2.041875e+01,2.048865e+01,2.046769e+01,2.055152e+01,2.050262e+01,2.055850e+01,2.034181e+01,2.048865e+01,2.046070e+01,2.048166e+01,2.038379e+01,2.034881e+01,2.038379e+01,2.042575e+01,2.048166e+01,2.046070e+01,2.037679e+01,2.039778e+01,2.036980e+01,2.036980e+01,2.037679e+01,2.034181e+01,2.033481e+01,2.033481e+01,2.029982e+01,2.031382e+01,2.030682e+01,2.032782e+01,2.034881e+01,2.034881e+01,2.031382e+01,2.030682e+01,2.038379e+01,2.041875e+01,2.034881e+01,2.045371e+01,2.039778e+01,2.044672e+01,2.043973e+01,2.042575e+01,2.043973e+01,2.042575e+01,2.043274e+01,2.048166e+01,2.044672e+01,2.048166e+01,2.064923e+01,2.060736e+01,2.057246e+01,2.069805e+01,2.060736e+01,2.055850e+01,2.055850e+01,2.053755e+01,2.057944e+01,2.065621e+01,2.060039e+01,2.060736e+01,2.061434e+01,2.061434e+01,2.063528e+01,2.067016e+01,2.060736e+01,2.066318e+01,2.064225e+01,2.062830e+01,2.061434e+01,2.062830e+01,2.064923e+01,2.061434e+01,2.058643e+01,2.051660e+01,2.060039e+01,2.055850e+01,2.058643e+01,2.062830e+01,2.064225e+01,2.052358e+01,2.062132e+01,2.057944e+01,2.059340e+01,2.062132e+01,2.065621e+01,2.055152e+01,2.055850e+01,2.062132e+01,2.055850e+01,2.060039e+01,2.061434e+01,2.058643e+01,2.050262e+01,2.056548e+01,2.067713e+01,2.069108e+01,2.059340e+01,2.072594e+01,2.076079e+01,2.067016e+01,2.050262e+01,2.064225e+01,2.063528e+01,2.064923e+01,2.062830e+01,2.063528e+01,2.064923e+01,2.067713e+01,2.065621e+01,2.067713e+01,2.074685e+01,2.069805e+01,2.065621e+01,2.082348e+01,2.067016e+01,2.063528e+01,2.072594e+01,2.069805e+01,2.071897e+01,2.067713e+01,2.065621e+01,2.071200e+01,2.070502e+01,2.068410e+01,2.065621e+01,2.068410e+01,2.062132e+01,2.071897e+01,2.067016e+01,2.071200e+01,2.069108e+01,2.069805e+01,2.067713e+01,2.064923e+01,2.073291e+01,2.068410e+01,2.071200e+01,2.075382e+01,2.073988e+01,2.077472e+01,2.076775e+01,2.061434e+01,2.063528e+01,2.068410e+01,2.062132e+01,2.061434e+01,2.064923e+01,2.067016e+01,2.069108e+01,2.069805e+01,2.078866e+01,2.074685e+01,2.081652e+01,2.078169e+01,2.071200e+01,2.068410e+01,2.071200e+01,2.064923e+01,2.063528e+01,2.069805e+01,2.075382e+01,2.075382e+01,2.073988e+01,2.075382e+01,2.076775e+01,2.071897e+01,2.078169e+01,2.073988e+01,2.074685e+01,2.077472e+01,2.075382e+01,2.068410e+01,2.070502e+01,2.069805e+01,2.069805e+01,2.082348e+01,2.071200e+01,2.081652e+01,2.074685e+01,2.078169e+01,2.076079e+01,2.082348e+01,2.076775e+01,2.076079e+01,2.074685e+01,2.079562e+01,2.086526e+01,2.078169e+01,2.070502e+01,2.080259e+01,2.086526e+01,2.078866e+01,2.078866e+01,2.079562e+01,2.080955e+01,2.082348e+01,2.084437e+01,2.072594e+01,2.087222e+01,2.077472e+01,2.078866e+01,2.077472e+01,2.081652e+01,2.082348e+01,2.081652e+01,2.082348e+01,2.087918e+01,2.085134e+01,2.080259e+01,2.073988e+01,2.076079e+01,2.074685e+01,2.073291e+01,2.078169e+01,2.079562e+01,2.083045e+01,2.074685e+01,2.076775e+01,2.076079e+01,2.075382e+01,2.074685e+01,2.085830e+01,2.074685e+01,2.071897e+01,2.073291e+01,2.069108e+01,2.071200e+01,2.076775e+01,2.057246e+01,2.062132e+01,2.056548e+01,2.053057e+01,2.049564e+01,2.052358e+01,2.071200e+01,2.050262e+01,2.054453e+01,2.056548e+01,2.056548e+01,2.059340e+01,2.055850e+01,2.061434e+01,2.058643e+01,2.061434e+01,2.058643e+01,2.066318e+01,2.054453e+01,2.057246e+01,2.062132e+01,2.062132e+01,2.061434e+01,2.062132e+01,2.067713e+01,2.066318e+01,2.066318e+01,2.063528e+01,2.067016e+01,2.066318e+01,2.074685e+01,2.067016e+01,2.069108e+01,2.065621e+01,2.069805e+01,2.065621e+01,2.068410e+01,2.067713e+01,2.072594e+01,2.064225e+01,2.063528e+01,2.062830e+01,2.062132e+01,2.064225e+01,2.062830e+01,2.067713e+01,2.069108e+01,2.079562e+01,2.065621e+01,2.062132e+01,2.066318e+01,2.064923e+01,2.071200e+01,2.069805e+01,2.072594e+01,2.071200e+01,2.064923e+01,2.065621e+01,2.070502e+01,2.073291e+01,2.069805e+01,2.073291e+01,2.070502e+01,2.068410e+01,2.073988e+01,2.066318e+01,2.065621e+01,2.073988e+01,2.070502e+01,2.068410e+01,2.064225e+01,2.076079e+01,2.063528e+01,2.069805e+01,2.073291e+01,2.073988e+01,2.058643e+01,2.067016e+01,2.066318e+01,2.067016e+01,2.060736e+01,2.064923e+01,2.071897e+01,2.062132e+01,2.057246e+01,2.057944e+01,2.057246e+01,2.060736e+01,2.055850e+01,2.060736e+01,2.059340e+01,2.058643e+01,2.057246e+01,2.064225e+01,2.064225e+01,2.050961e+01,2.053755e+01,2.053057e+01,2.047468e+01,2.056548e+01,2.052358e+01,2.060039e+01,2.059340e+01,2.067016e+01,2.060039e+01,2.055850e+01,2.057246e+01,2.055850e+01,2.065621e+01,2.053057e+01,2.065621e+01,2.065621e+01,2.064225e+01,2.065621e+01,2.065621e+01,2.065621e+01,2.069108e+01,2.055850e+01,2.076079e+01,2.061434e+01,2.064225e+01,2.062830e+01,2.063528e+01,2.062132e+01,2.067713e+01,2.058643e+01,2.065621e+01,2.057246e+01,2.057944e+01,2.058643e+01,2.053755e+01,2.067016e+01,2.052358e+01,2.050961e+01,2.053755e+01,2.053755e+01,2.050961e+01,2.060039e+01,2.058643e+01,2.060039e+01,2.053057e+01,2.061434e+01,2.056548e+01,2.060736e+01,2.058643e+01,2.043973e+01,2.050262e+01,2.053755e+01,2.057944e+01,2.044672e+01,2.053755e+01,2.059340e+01,2.053755e+01,2.053057e+01,2.060736e+01,2.043274e+01,2.043973e+01,2.051660e+01,2.060039e+01,2.052358e+01,2.053057e+01,2.050961e+01,2.049564e+01,2.062132e+01,2.049564e+01,2.054453e+01,2.057246e+01,2.053755e+01,2.049564e+01,2.052358e+01,2.052358e+01,2.049564e+01,2.049564e+01,2.049564e+01,2.047468e+01,2.067016e+01,2.051660e+01,2.050961e+01,2.049564e+01,2.052358e+01,2.050961e+01,2.053057e+01,2.043274e+01,2.043973e+01,2.036280e+01,2.042575e+01,2.034881e+01,2.041176e+01,2.052358e+01,2.044672e+01,2.046769e+01,2.048166e+01,2.055152e+01,2.055850e+01,2.054453e+01,2.045371e+01,2.044672e+01,2.044672e+01,2.050262e+01,2.038379e+01,2.041875e+01,2.054453e+01,2.041176e+01,2.043973e+01,2.047468e+01,2.043274e+01,2.056548e+01,2.048865e+01,2.047468e+01,2.050961e+01,2.062132e+01,2.049564e+01,2.050961e+01,2.043274e+01,2.048865e+01,2.048865e+01,2.043973e+01,2.043274e+01,2.043973e+01,2.039078e+01,2.048865e+01,2.043274e+01,2.054453e+01,2.050262e+01,2.055152e+01,2.044672e+01,2.054453e+01,2.045371e+01,2.046769e+01,2.041875e+01,2.046070e+01,2.045371e+01,2.048166e+01,2.069805e+01,2.083741e+01,2.091398e+01,2.092789e+01,2.087918e+01,2.088614e+01,2.092093e+01,2.096267e+01,2.085134e+01,2.083045e+01,2.095572e+01,2.083741e+01,2.082348e+01,2.080955e+01,2.086526e+01,2.084437e+01,2.079562e+01,2.089310e+01,2.080259e+01,2.087222e+01,2.088614e+01,2.093485e+01,2.094876e+01,2.077472e+01,2.086526e+01,2.085134e+01,2.094180e+01,2.091398e+01,2.091398e+01,2.090702e+01,2.090006e+01,2.092789e+01,2.083741e+01,2.096962e+01,2.090702e+01,2.080259e+01,2.087222e+01,2.086526e+01,2.080259e+01,2.085134e+01,2.067713e+01,2.078169e+01,2.070502e+01,2.080955e+01,2.075382e+01,2.081652e+01,2.076079e+01,2.064923e+01,2.069805e+01,2.067016e+01,2.082348e+01,2.074685e+01,2.080955e+01,2.085830e+01,2.078169e+01,2.076775e+01,2.074685e+01,2.073988e+01,2.069108e+01,2.081652e+01,2.070502e+01,2.073291e+01,2.071897e+01,2.063528e+01,2.060039e+01,2.065621e+01,2.063528e+01,2.069805e+01,2.071897e+01,2.069805e+01,2.069805e+01,2.089310e+01,2.075382e+01,2.093485e+01,2.081652e+01,2.073291e+01,2.075382e+01,2.085830e+01,2.076775e+01,2.062830e+01,2.065621e+01,2.048865e+01,2.053057e+01,2.077472e+01,2.059340e+01,2.071200e+01,2.069805e+01,2.066318e+01,2.066318e+01,2.054453e+01
2.082348e+01,2.085830e+01,2.073988e+01,2.076775e+01,2.074685e+01,2.065621e+01,2.071897e+01,2.085830e+01,2.067016e+01,2.064225e+01,2.060039e+01,2.037679e+01,2.053755e+01,2.044672e+01,2.028582e+01,2.032082e+01,2.034881e+01,2.042575e+01,2.026481e+01,2.026481e+01,2.032782e+01,2.026481e+01,2.018074e+01,2.027881e+01,2.018074e+01,2.013167e+01,2.005451e+01,2.021578e+01,2.011063e+01,2.003345e+01,2.008257e+01,2.008959e+01,2.008257e+01,2.013167e+01,2.004749e+01,2.009660e+01,1.999133e+01,2.006152e+01,2.006152e+01,1.995621e+01,1.990000e+01,1.987892e+01,1.993514e+01,1.994919e+01,1.987892e+01,1.995621e+01,1.995621e+01,1.987189e+01,1.990703e+01,1.982969e+01,1.974526e+01,1.982969e+01,1.968893e+01,1.970302e+01,1.975934e+01,1.989297e+01,1.989297e+01,1.975230e+01,1.975230e+01,1.977341e+01,1.976638e+01,1.986485e+01,1.988594e+01,1.973822e+01,1.982266e+01,1.988594e+01,1.985079e+01,1.987189e+01,1.989297e+01,1.990703e+01,1.994919e+01,2.004047e+01,1.999835e+01,2.011764e+01,2.000537e+01,2.002643e+01,2.013167e+01,2.017373e+01,2.017373e+01,2.019476e+01,2.009660e+01,2.018775e+01,2.022278e+01,2.020877e+01,2.018074e+01,2.034181e+01,2.025781e+01,2.028582e+01,2.041176e+01,2.038379e+01,2.028582e+01,2.041176e+01,2.048166e+01,2.046070e+01,2.052358e+01,2.036980e+01,2.036980e+01,2.038379e+01,2.045371e+01,2.039778e+01,2.046070e+01,2.029282e+01,2.035581e+01,2.028582e+01,2.040477e+01,2.039778e+01,2.036280e+01,2.041875e+01,2.036980e+01,2.032782e+01,2.025781e+01,2.034881e+01,2.023680e+01,2.021578e+01,2.031382e+01,2.029282e+01,2.029282e+01,2.033481e+01,2.035581e+01,2.029282e+01,2.029282e+01,2.032082e+01,2.037679e+01,2.036980e+01,2.050961e+01,2.041176e+01,2.034881e+01,2.050961e+01,2.048166e+01,2.037679e+01,2.044672e+01,2.058643e+01,2.047468e+01,2.054453e+01,2.042575e+01,2.046769e+01,2.046769e+01,2.053755e+01,2.053755e+01,2.059340e+01,2.062830e+01,2.065621e+01,2.055850e+01,2.058643e+01,2.060736e+01,2.068410e+01,2.065621e+01,2.068410e+01,2.061434e+01,2.072594e+01,2.067713e+01,2.062830e+01,2.069805e+01,2.069108e+01,2.060039e+01,2.056548e+01,2.056548e+01,2.055850e+01,2.059340e+01,2.060736e+01,2.066318e+01,2.060039e+01,2.056548e+01,2.064923e+01,2.060736e+01,2.062132e+01,2.057944e+01,2.060039e+01,2.057944e+01,2.064923e+01,2.055152e+01,2.055850e+01,2.057944e+01,2.062132e+01,2.064225e+01,2.062830e+01,2.049564e+01,2.061434e+01,2.060736e+01,2.055152e+01,2.057944e+01,2.057246e+01,2.060039e+01,2.060736e+01,2.059340e+01,2.061434e+01,2.064923e+01,2.071897e+01,2.063528e+01,2.068410e+01,2.065621e+01,2.065621e+01,2.062132e+01,2.062132e+01,2.054453e+01,2.064225e+01,2.064225e+01,2.067016e+01,2.058643e+01,2.056548e+01,2.066318e+01,2.064923e+01,2.068410e+01,2.064225e+01,2.074685e+01,2.071897e+01,2.069805e+01,2.069108e+01,2.067713e+01,2.062132e+01,2.063528e+01,2.071200e+01,2.068410e+01,2.069805e+01,2.071200e+01,2.067016e+01,2.066318e+01,2.071897e+01,2.067016e+01,2.068410e+01,2.061434e+01,2.064225e+01,2.071897e+01,2.069108e+01,2.061434e+01,2.059340e+01,2.072594e+01,2.073291e+01,2.074685e+01,2.071200e+01,2.065621e+01,2.059340e+01,2.071897e+01,2.086526e+01,2.065621e+01,2.065621e+01,2.067016e+01,2.071897e+01,2.069108e+01,2.071897e+01,2.060736e+01,2.071200e+01,2.062132e+01,2.072594e+01,2.070502e+01,2.060736e+01,2.072594e+01,2.061434e+01,2.069108e+01,2.074685e+01,2.069805e+01,2.067713e+01,2.071200e+01,2.074685e+01,2.080955e+01,2.076775e+01,2.073988e+01,2.094180e+01,2.071200e+01,2.070502e+01,2.077472e+01,2.075382e+01,2.082348e+01,2.071897e+01,2.078169e+01,2.074685e+01,2.081652e+01,2.083741e+01,2.080955e+01,2.083045e+01,2.078866e+01,2.078866e+01,2.063528e+01,2.077472e+01,2.077472e+01,2.079562e+01,2.081652e+01,2.080955e+01,2.078169e+01,2.079562e+01,2.073988e+01,2.080259e+01,2.081652e+01,2.065621e+01,2.084437e+01,2.076079e+01,2.071200e+01,2.090006e+01,2.074685e+01,2.083045e+01,2.086526e+01,2.076775e+01,2.087222e+01,2.080259e+01,2.083045e+01,2.081652e+01,2.083741e+01,2.084437e+01,2.076775e+01,2.085830e+01,2.075382e+01,2.073291e+01,2.076775e+01,2.075382e+01,2.076079e+01,2.080259e+01,2.077472e+01,2.073291e+01,2.068410e+01,2.072594e+01,2.072594e+01,2.067016e+01,2.075382e+01,2.073988e+01,2.072594e+01,2.078169e+01,2.067016e+01,2.059340e+01,2.060736e+01,2.053057e+01,2.055152e+01,2.045371e+01,2.055850e+01,2.052358e+01,2.051660e+01,2.052358e+01,2.058643e+01,2.057944e+01,2.060736e+01,2.044672e+01,2.058643e+01,2.063528e+01,2.049564e+01,2.053057e+01,2.055152e+01,2.066318e+01,2.056548e+01,2.057944e+01,2.062830e+01,2.068410e+01,2.062132e+01,2.073988e+01,2.060736e+01,2.061434e+01,2.064923e+01,2.070502e+01,2.062132e+01,2.062830e+01,2.065621e+01,2.064225e+01,2.064923e+01,2.067016e+01,2.069805e+01,2.070502e+01,2.065621e+01,2.067713e+01,2.066318e+01,2.062830e+01,2.064923e+01,2.064225e+01,2.063528e+01,2.062132e+01,2.060039e+01,2.060039e+01,2.069805e+01,2.070502e+01,2.070502e+01,2.068410e+01,2.070502e+01,2.068410e+01,2.069805e+01,2.069108e+01,2.067713e+01,2.086526e+01,2.060039e+01,2.073291e+01,2.069108e+01,2.070502e+01,2.075382e+01,2.076079e+01,2.064225e+01,2.063528e+01,2.067016e+01,2.071897e+01,2.067016e+01,2.066318e+01,2.062132e+01,2.060039e+01,2.073988e+01,2.071897e+01,2.066318e+01,2.064225e+01,2.057246e+01,2.064923e+01,2.060039e+01,2.063528e+01,2.068410e+01,2.066318e+01,2.066318e+01,2.068410e+01,2.064225e+01,2.068410e+01,2.059340e+01,2.053755e+01,2.057944e+01,2.058643e+01,2.055152e+01,2.053755e+01,2.057246e+01,2.054453e+01,2.055152e+01,2.053057e+01,2.046769e+01,2.050262e+01,2.050961e+01,2.048865e+01,2.065621e+01,2.047468e+01,2.062132e+01,2.049564e+01,2.048166e+01,2.055850e+01,2.052358e+01,2.050262e+01,2.057246e+01,2.049564e+01,2.050262e+01,2.059340e+01,2.057944e+01,2.050262e+01,2.065621e+01,2.062830e+01,2.064923e+01,2.059340e+01,2.062132e+01,2.054453e+01,2.055850e+01,2.050961e+01,2.046070e+01,2.062132e+01,2.055850e+01,2.060039e+01,2.063528e+01,2.070502e+01,2.069805e+01,2.056548e+01,2.053057e+01,2.068410e+01,2.069805e+01,2.059340e+01,2.056548e+01,2.055850e+01,2.050961e+01,2.057944e+01,2.058643e+01,2.057246e+01,2.058643e+01,2.060736e+01,2.058643e+01,2.053755e+01,2.049564e+01,2.046070e+01,2.050961e+01,2.053755e+01,2.052358e+01,2.046070e+01,2.054453e+01,2.054453e+01,2.050961e+01,2.053755e+01,2.055152e+01,2.071200e+01,2.057246e+01,2.047468e+01,2.042575e+01,2.051660e+01,2.055850e+01,2.051660e+01,2.047468e+01,2.051660e+01,2.050961e+01,2.053755e+01,2.049564e+01,2.046769e+01,2.057246e+01,2.050961e+01,2.048865e+01,2.055152e+01,2.053057e+01,2.047468e+01,2.054453e+01,2.048865e+01,2.048865e+01,2.048865e+01,2.046070e+01,2.048865e+01,2.052358e+01,2.047468e+01,2.046769e+01,2.043973e+01,2.043274e+01,2.040477e+01,2.038379e+01,2.038379e+01,2.033481e+01,2.039778e+01,2.040477e+01,2.046769e+01,2.051660e+01,2.043274e+01,2.050961e+01,2.054453e+01,2.048865e+01,2.048166e+01,2.034181e+01,2.050262e+01,2.048865e+01,2.037679e+01,2.041176e+01,2.043973e+01,2.041875e+01,2.043274e+01,2.046070e+01,2.042575e+01,2.044672e+01,2.048865e+01,2.046070e+01,2.058643e+01,2.055850e+01,2.051660e+01,2.046769e+01,2.052358e+01,2.060736e+01,2.040477e+01,2.033481e+01,2.048166e+01,2.047468e+01,2.055152e+01,2.050961e+01,2.053057e+01,2.055152e+01,2.042575e+01,2.051660e+01,2.048166e+01,2.062132e+01,2.041176e+01,2.037679e+01,2.042575e+01,2.039778e+01,2.051660e+01,2.053755e+01,2.074685e+01,2.069108e+01,2.088614e+01,2.085134e+01,2.083741e+01,2.090006e+01,2.087222e+01,2.090006e+01,2.085830e+01,2.083741e+01,2.083741e+01,2.084437e+01,2.084437e+01,2.076775e+01,2.083045e+01,2.085134e+01,2.083045e+01,2.081652e+01,2.090702e+01,2.088614e+01,2.089310e+01,2.087222e+01,2.087918e+01,2.092789e+01,2.089310e+01,2.088614e+01,2.090702e+01,2.091398e+01,2.082348e+01,2.082348e+01,2.101829e+01,2.080955e+01,2.099744e+01,2.092789e+01,2.105999e+01,2.090006e+01,2.081652e+01,2.076079e+01,2.085134e+01,2.074685e+01,2.078866e+01,2.083045e+01,2.074685e+01,2.076079e+01,2.074685e+01,2.090006e+01,2.074685e+01,2.081652e+01,2.073988e+01,2.073291e+01,2.104609e+01,2.075382e+01,2.080955e+01,2.083741e+01,2.074685e+01,2.075382e+01,2.076775e+01,2.080259e+01,2.074685e+01,2.084437e+01,2.080955e+01,2.071897e+01,2.075382e+01,2.065621e+01,2.055850e+01,2.060039e+01,2.042575e+01,2.054453e+01,2.071200e+01,2.073988e+01,2.073291e+01,2.069108e+01,2.071200e+01,2.084437e+01,2.089310e+01,2.073291e+01,2.071897e+01,2.065621e+01,2.056548e+01,2.057944e+01,2.058643e+01,2.071897e+01,2.065621e+01,2.069108e+01,2.068410e+01,2.061434e+01,2.067016e+01,2.054453e+01,2.055152e+01
2.073988e+01,2.083045e+01,2.073988e+01,2.080955e+01,2.063528e+01,2.067016e+01,2.085830e+01,2.085830e+01,2.078866e+01,2.064923e+01,2.052358e+01,2.050961e+01,2.055152e+01,2.037679e+01,2.036980e+01,2.042575e+01,2.032782e+01,2.039778e+01,2.028582e+01,2.030682e+01,2.043973e+01,2.020177e+01,2.022278e+01,2.017373e+01,2.018775e+01,2.023680e+01,2.013868e+01,2.018775e+01,2.020177e+01,2.013167e+01,2.008959e+01,2.011764e+01,2.012466e+01,2.018775e+01,2.011764e+01,2.004749e+01,2.015971e+01,2.003345e+01,2.001239e+01,2.001239e+01,1.999133e+01,1.999133e+01,1.985782e+01,1.985079e+01,1.997026e+01,1.994216e+01,2.002643e+01,1.994919e+01,1.994919e+01,1.987189e+01,1.975230e+01,1.980859e+01,1.980859e+01,1.985782e+01,1.982969e+01,1.984376e+01,1.973822e+01,1.985782e+01,1.994216e+01,1.977341e+01,1.982266e+01,1.999835e+01,1.997728e+01,1.993514e+01,1.994919e+01,1.994216e+01,1.996324e+01,2.004047e+01,2.002643e+01,1.980859e+01,1.994216e+01,1.998431e+01,1.997728e+01,2.001239e+01,2.002643e+01,2.014569e+01,2.015270e+01,2.004047e+01,2.011063e+01,2.011764e+01,2.025781e+01,2.020877e+01,2.024380e+01,2.022278e+01,2.028582e+01,2.029282e+01,2.032082e+01,2.029282e+01,2.041875e+01,2.029282e+01,2.027881e+01,2.039778e+01,2.046070e+01,2.045371e+01,2.041875e+01,2.043973e+01,2.035581e+01,2.035581e+01,2.038379e+01,2.046070e+01,2.039778e+01,2.039078e+01,2.043973e+01,2.040477e+01,2.039778e+01,2.037679e+01,2.037679e+01,2.028582e+01,2.033481e+01,2.030682e+01,2.027181e+01,2.018775e+01,2.035581e+01,2.034181e+01,2.033481e+01,2.032082e+01,2.034881e+01,2.029282e+01,2.035581e+01,2.033481e+01,2.034881e+01,2.040477e+01,2.036280e+01,2.030682e+01,2.040477e+01,2.029982e+01,2.043973e+01,2.034881e+01,2.050262e+01,2.035581e+01,2.036980e+01,2.053755e+01,2.048166e+01,2.050961e+01,2.048166e+01,2.043274e+01,2.067016e+01,2.062830e+01,2.051660e+01,2.058643e+01,2.053755e+01,2.054453e+01,2.059340e+01,2.066318e+01,2.071897e+01,2.062132e+01,2.055850e+01,2.057944e+01,2.060736e+01,2.067713e+01,2.061434e+01,2.057944e+01,2.061434e+01,2.063528e+01,2.062132e+01,2.056548e+01,2.057944e+01,2.055850e+01,2.059340e+01,2.058643e+01,2.058643e+01,2.061434e+01,2.064225e+01,2.060039e+01,2.064923e+01,2.062132e+01,2.062830e+01,2.051660e+01,2.052358e+01,2.055152e+01,2.056548e+01,2.054453e+01,2.046769e+01,2.055850e+01,2.055850e+01,2.062132e+01,2.053057e+01,2.069108e+01,2.051660e+01,2.056548e+01,2.058643e+01,2.060039e+01,2.061434e+01,2.061434e+01,2.064225e+01,2.064923e+01,2.068410e+01,2.066318e+01,2.062132e+01,2.067016e+01,2.063528e+01,2.071897e+01,2.066318e+01,2.068410e+01,2.065621e+01,2.062132e+01,2.067713e+01,2.065621e+01,2.063528e+01,2.064225e+01,2.063528e+01,2.064225e+01,2.062830e+01,2.063528e+01,2.070502e+01,2.071200e+01,2.076079e+01,2.072594e+01,2.070502e+01,2.068410e+01,2.071200e+01,2.071200e+01,2.062132e+01,2.063528e+01,2.067016e+01,2.062830e+01,2.069805e+01,2.068410e+01,2.066318e+01,2.041875e+01,2.070502e+01,2.066318e+01,2.061434e+01,2.072594e+01,2.060736e+01,2.063528e+01,2.062830e+01,2.062132e+01,2.071897e+01,2.073988e+01,2.065621e+01,2.060039e+01,2.067713e+01,2.064923e+01,2.069108e+01,2.066318e+01,2.067713e+01,2.070502e+01,2.067713e+01,2.060736e+01,2.063528e+01,2.070502e+01,2.071200e+01,2.073988e+01,2.073291e+01,2.068410e+01,2.068410e+01,2.064225e+01,2.067713e+01,2.074685e+01,2.072594e+01,2.071200e+01,2.074685e+01,2.076775e+01,2.076775e+01,2.073291e+01,2.069805e+01,2.073988e+01,2.072594e+01,2.069108e+01,2.071200e+01,2.079562e+01,2.080259e+01,2.071897e+01,2.082348e+01,2.071897e+01,2.078169e+01,2.074685e+01,2.078866e+01,2.079562e+01,2.076079e+01,2.077472e+01,2.078866e+01,2.079562e+01,2.078169e+01,2.075382e+01,2.082348e+01,2.080259e+01,2.078169e+01,2.074685e+01,2.075382e+01,2.078866e+01,2.080955e+01,2.083045e+01,2.082348e+01,2.083741e+01,2.078169e+01,2.078866e+01,2.078169e+01,2.075382e+01,2.076775e+01,2.080955e+01,2.085134e+01,2.080259e+01,2.083741e+01,2.080955e+01,2.080259e+01,2.075382e+01,2.074685e+01,2.071897e+01,2.074685e+01,2.072594e+01,2.074685e+01,2.076775e+01,2.076079e+01,2.072594e+01,2.078866e+01,2.070502e+01,2.069805e+01,2.086526e+01,2.069108e+01,2.069108e+01,2.069805e+01,2.073291e+01,2.070502e+01,2.069805e+01,2.062830e+01,2.055850e+01,2.058643e+01,2.060039e+01,2.055850e+01,2.053057e+01,2.052358e+01,2.060039e+01,2.056548e+01,2.055152e+01,2.057246e+01,2.060039e+01,2.053057e+01,2.061434e+01,2.063528e+01,2.057944e+01,2.057944e+01,2.057246e+01,2.057944e+01,2.055850e+01,2.056548e+01,2.067016e+01,2.063528e+01,2.053057e+01,2.058643e+01,2.054453e+01,2.064923e+01,2.060039e+01,2.060736e+01,2.064225e+01,2.062830e+01,2.060039e+01,2.069108e+01,2.058643e+01,2.065621e+01,2.069805e+01,2.062830e+01,2.066318e+01,2.071200e+01,2.065621e+01,2.067713e+01,2.064923e+01,2.062132e+01,2.064225e+01,2.063528e+01,2.073291e+01,2.064923e+01,2.068410e+01,2.060039e+01,2.066318e+01,2.066318e+01,2.067713e+01,2.061434e+01,2.072594e+01,2.064225e+01,2.069805e+01,2.060736e+01,2.069805e+01,2.071897e+01,2.067016e+01,2.069805e+01,2.073291e+01,2.071897e+01,2.069108e+01,2.062132e+01,2.071200e+01,2.071200e+01,2.073291e+01,2.070502e+01,2.059340e+01,2.060039e+01,2.064225e+01,2.060039e+01,2.069805e+01,2.068410e+01,2.062830e+01,2.066318e+01,2.070502e+01,2.064923e+01,2.060039e+01,2.067016e+01,2.053755e+01,2.067016e+01,2.069805e+01,2.070502e+01,2.056548e+01,2.058643e+01,2.052358e+01,2.051660e+01,2.052358e+01,2.050961e+01,2.051660e+01,2.055850e+01,2.048166e+01,2.055152e+01,2.051660e+01,2.049564e+01,2.051660e+01,2.051660e+01,2.051660e+01,2.052358e+01,2.044672e+01,2.052358e+01,2.052358e+01,2.055850e+01,2.052358e+01,2.048865e+01,2.056548e+01,2.055850e+01,2.061434e+01,2.060039e+01,2.058643e+01,2.064225e+01,2.065621e+01,2.063528e+01,2.064225e+01,2.068410e+01,2.064923e+01,2.067016e+01,2.065621e+01,2.060736e+01,2.060039e+01,2.061434e+01,2.060736e+01,2.056548e+01,2.067016e+01,2.060039e+01,2.058643e+01,2.068410e+01,2.053755e+01,2.056548e+01,2.052358e+01,2.050961e+01,2.054453e+01,2.062830e+01,2.059340e+01,2.053755e+01,2.053057e+01,2.060736e+01,2.055152e+01,2.059340e+01,2.065621e+01,2.058643e+01,2.053057e+01,2.058643e+01,2.064923e+01,2.065621e+01,2.056548e+01,2.055850e+01,2.051660e+01,2.058643e+01,2.059340e+01,2.055850e+01,2.053755e+01,2.071897e+01,2.054453e+01,2.064225e+01,2.060039e+01,2.062132e+01,2.059340e+01,2.062830e+01,2.053057e+01,2.053755e+01,2.052358e+01,2.053057e+01,2.048166e+01,2.048166e+01,2.049564e+01,2.053755e+01,2.054453e+01,2.055152e+01,2.058643e+01,2.053057e+01,2.050262e+01,2.048865e+01,2.048166e+01,2.048166e+01,2.046769e+01,2.046070e+01,2.053057e+01,2.052358e+01,2.048166e+01,2.050262e+01,2.036980e+01,2.048166e+01,2.040477e+01,2.041875e+01,2.037679e+01,2.043973e+01,2.032782e+01,2.043274e+01,2.046070e+01,2.043973e+01,2.049564e+01,2.049564e+01,2.055152e+01,2.048166e+01,2.047468e+01,2.044672e+01,2.035581e+01,2.041875e+01,2.032782e+01,2.048865e+01,2.048166e+01,2.041875e+01,2.044672e+01,2.040477e+01,2.050961e+01,2.043973e+01,2.050961e+01,2.050262e+01,2.047468e+01,2.050262e+01,2.048166e+01,2.046769e+01,2.046769e+01,2.057246e+01,2.046769e+01,2.046769e+01,2.048865e+01,2.047468e+01,2.050961e+01,2.043973e+01,2.055850e+01,2.056548e+01,2.050262e+01,2.060039e+01,2.055850e+01,2.048865e+01,2.059340e+01,2.057246e+01,2.051660e+01,2.053755e+01,2.054453e+01,2.057246e+01,2.086526e+01,2.083741e+01,2.083741e+01,2.080259e+01,2.088614e+01,2.086526e+01,2.084437e+01,2.090702e+01,2.086526e+01,2.087222e+01,2.086526e+01,2.084437e+01,2.102524e+01,2.084437e+01,2.087222e+01,2.083045e+01,2.081652e+01,2.083045e+01,2.087918e+01,2.086526e+01,2.094180e+01,2.079562e+01,2.092789e+01,2.085134e+01,2.096267e+01,2.098353e+01,2.103219e+01,2.090702e+01,2.090006e+01,2.089310e+01,2.090006e+01,2.083741e+01,2.090702e+01,2.100439e+01,2.094180e+01,2.085134e+01,2.083045e+01,2.080259e+01,2.083045e+01,2.079562e+01,2.073988e+01,2.065621e+01,2.077472e+01,2.067713e+01,2.078866e+01,2.091398e+01,2.070502e+01,2.072594e+01,2.073291e+01,2.073291e+01,2.070502e+01,2.079562e+01,2.076079e+01,2.070502e+01,2.071897e+01,2.073291e+01,2.073291e+01,2.073291e+01,2.078866e+01,2.070502e+01,2.085134e+01,2.072594e+01,2.074685e+01,2.063528e+01,2.072594e+01,2.073291e+01,2.073291e+01,2.071897e+01,2.070502e+01,2.073988e+01,2.065621e+01,2.064923e+01,2.085134e+01,2.092093e+01,2.078866e+01,2.073291e+01,2.066318e+01,2.072594e+01,2.080259e+01,2.080259e+01,2.068410e+01,2.072594e+01,2.073291e+01,2.080955e+01,2.071200e+01,2.071200e+01,2.054453e+01,2.070502e+01,2.073988e+01
2.067713e+01,2.064923e+01,2.079562e+01,2.081652e+01,2.082348e+01,2.080259e+01,2.074685e+01,2.065621e+01,2.073291e+01,2.062132e+01,2.058643e+01,2.053755e+01,2.053057e+01,2.048166e+01,2.034181e+01,2.040477e+01,2.022278e+01,2.043274e+01,2.028582e+01,2.037679e+01,2.027181e+01,2.022278e+01,2.025080e+01,2.027881e+01,2.015971e+01,2.005451e+01,2.009660e+01,2.004047e+01,2.004047e+01,2.020177e+01,2.019476e+01,2.008959e+01,2.015971e+01,2.017373e+01,2.020177e+01,2.020877e+01,2.011063e+01,1.996324e+01,2.009660e+01,2.008257e+01,1.999835e+01,1.998431e+01,1.997026e+01,1.992109e+01,1.982969e+01,1.983673e+01,1.982969e+01,1.997728e+01,1.990703e+01,1.987189e+01,1.992811e+01,1.984376e+01,1.982266e+01,1.989297e+01,1.980859e+01,1.974526e+01,1.974526e+01,1.991406e+01,1.982969e+01,1.986485e+01,1.997026e+01,1.989297e+01,1.990000e+01,1.995621e+01,1.992109e+01,1.994919e+01,1.994216e+01,1.990000e+01,1.996324e+01,1.999835e+01,2.012466e+01,2.001239e+01,2.001941e+01,2.004047e+01,2.006854e+01,2.011764e+01,2.005451e+01,2.011764e+01,2.019476e+01,2.021578e+01,2.020877e+01,2.023680e+01,2.027181e+01,2.031382e+01,2.027181e+01,2.020177e+01,2.027181e+01,2.029982e+01,2.032782e+01,2.033481e+01,2.041875e+01,2.043973e+01,2.044672e+01,2.037679e+01,2.045371e+01,2.043274e+01,2.047468e+01,2.044672e+01,2.037679e+01,2.037679e+01,2.039778e+01,2.042575e+01,2.037679e+01,2.031382e+01,2.036980e+01,2.029982e+01,2.036980e+01,2.034181e+01,2.031382e+01,2.035581e+01,2.038379e+01,2.033481e+01,2.029282e+01,2.022278e+01,2.024380e+01,2.025080e+01,2.032782e+01,2.028582e+01,2.031382e+01,2.031382e+01,2.030682e+01,2.032082e+01,2.029282e+01,2.037679e+01,2.034881e+01,2.048166e+01,2.041875e+01,2.042575e+01,2.050262e+01,2.054453e+01,2.043274e+01,2.053057e+01,2.051660e+01,2.047468e+01,2.047468e+01,2.054453e+01,2.048166e+01,2.048166e+01,2.051660e+01,2.055850e+01,2.069805e+01,2.063528e+01,2.062132e+01,2.067713e+01,2.065621e+01,2.062132e+01,2.057944e+01,2.059340e+01,2.065621e+01,2.068410e+01,2.063528e+01,2.061434e+01,2.066318e+01,2.062132e+01,2.061434e+01,2.057944e+01,2.061434e+01,2.062132e+01,2.067713e+01,2.055850e+01,2.055850e+01,2.055152e+01,2.058643e+01,2.062132e+01,2.064923e+01,2.069108e+01,2.056548e+01,2.060736e+01,2.050961e+01,2.053755e+01,2.055152e+01,2.048166e+01,2.055850e+01,2.060039e+01,2.055152e+01,2.055850e+01,2.054453e+01,2.064225e+01,2.055152e+01,2.053755e+01,2.052358e+01,2.056548e+01,2.060736e+01,2.063528e+01,2.056548e+01,2.069108e+01,2.067713e+01,2.063528e+01,2.057944e+01,2.064225e+01,2.066318e+01,2.066318e+01,2.064923e+01,2.070502e+01,2.059340e+01,2.064923e+01,2.064225e+01,2.066318e+01,2.063528e+01,2.064923e+01,2.067713e+01,2.068410e+01,2.064923e+01,2.065621e+01,2.071897e+01,2.078866e+01,2.071897e+01,2.071200e+01,2.061434e+01,2.064225e+01,2.060736e+01,2.068410e+01,2.071200e+01,2.069805e+01,2.066318e+01,2.066318e+01,2.064923e+01,2.064225e+01,2.065621e+01,2.070502e+01,2.071897e+01,2.068410e+01,2.072594e+01,2.060039e+01,2.062132e+01,2.060736e+01,2.076079e+01,2.067016e+01,2.072594e+01,2.072594e+01,2.066318e+01,2.067016e+01,2.066318e+01,2.069108e+01,2.064225e+01,2.067713e+01,2.062830e+01,2.065621e+01,2.065621e+01,2.067713e+01,2.064923e+01,2.072594e+01,2.071200e+01,2.071200e+01,2.073988e+01,2.062132e+01,2.067016e+01,2.071897e+01,2.068410e+01,2.071200e+01,2.070502e+01,2.071897e+01,2.064225e+01,2.064923e+01,2.076079e+01,2.076079e+01,2.074685e+01,2.073291e+01,2.071200e+01,2.080955e+01,2.069108e+01,2.070502e+01,2.077472e+01,2.067016e+01,2.075382e+01,2.078866e+01,2.073988e+01,2.073988e+01,2.082348e+01,2.078169e+01,2.073988e+01,2.076079e+01,2.076775e+01,2.076079e+01,2.079562e+01,2.076775e+01,2.078169e+01,2.084437e+01,2.076079e+01,2.079562e+01,2.080259e+01,2.075382e+01,2.083741e+01,2.079562e+01,2.080259e+01,2.078866e+01,2.082348e+01,2.076079e+01,2.079562e+01,2.082348e+01,2.080955e+01,2.078169e+01,2.083741e+01,2.083741e+01,2.079562e+01,2.082348e+01,2.083045e+01,2.081652e+01,2.081652e+01,2.074685e+01,2.083045e+01,2.072594e+01,2.073291e+01,2.073291e+01,2.073291e+01,2.079562e+01,2.081652e+01,2.059340e+01,2.069805e+01,2.068410e+01,2.057944e+01,2.069805e+01,2.061434e+01,2.073291e+01,2.071200e+01,2.076079e+01,2.068410e+01,2.058643e+01,2.065621e+01,2.060736e+01,2.057246e+01,2.053057e+01,2.054453e+01,2.056548e+01,2.048865e+01,2.056548e+01,2.054453e+01,2.053057e+01,2.053057e+01,2.054453e+01,2.052358e+01,2.065621e+01,2.062132e+01,2.054453e+01,2.056548e+01,2.064923e+01,2.059340e+01,2.059340e+01,2.050961e+01,2.062132e+01,2.054453e+01,2.072594e+01,2.060736e+01,2.085830e+01,2.069805e+01,2.058643e+01,2.057246e+01,2.061434e+01,2.067713e+01,2.065621e+01,2.064923e+01,2.065621e+01,2.063528e+01,2.064923e+01,2.067713e+01,2.069108e+01,2.062830e+01,2.073988e+01,2.073291e+01,2.077472e+01,2.064225e+01,2.066318e+01,2.062830e+01,2.062132e+01,2.060039e+01,2.061434e+01,2.067713e+01,2.070502e+01,2.072594e+01,2.071200e+01,2.071200e+01,2.063528e+01,2.064923e+01,2.064225e+01,2.063528e+01,2.062132e+01,2.069108e+01,2.071200e+01,2.069805e+01,2.073988e+01,2.073988e+01,2.078866e+01,2.074685e+01,2.067016e+01,2.062830e+01,2.066318e+01,2.051660e+01,2.076775e+01,2.078866e+01,2.076775e+01,2.071200e+01,2.066318e+01,2.060736e+01,2.062830e+01,2.062132e+01,2.060736e+01,2.068410e+01,2.055152e+01,2.066318e+01,2.061434e+01,2.062830e+01,2.060736e+01,2.057944e+01,2.056548e+01,2.065621e+01,2.052358e+01,2.045371e+01,2.053755e+01,2.053755e+01,2.051660e+01,2.053057e+01,2.048166e+01,2.045371e+01,2.042575e+01,2.051660e+01,2.041176e+01,2.048166e+01,2.041875e+01,2.056548e+01,2.046070e+01,2.053057e+01,2.047468e+01,2.055850e+01,2.053057e+01,2.047468e+01,2.051660e+01,2.048865e+01,2.051660e+01,2.061434e+01,2.060736e+01,2.064225e+01,2.057944e+01,2.063528e+01,2.067713e+01,2.059340e+01,2.057944e+01,2.049564e+01,2.063528e+01,2.060736e+01,2.061434e+01,2.062132e+01,2.063528e+01,2.059340e+01,2.054453e+01,2.058643e+01,2.069108e+01,2.055152e+01,2.059340e+01,2.062132e+01,2.053755e+01,2.057944e+01,2.055850e+01,2.055152e+01,2.064225e+01,2.055850e+01,2.057944e+01,2.062830e+01,2.058643e+01,2.060736e+01,2.057246e+01,2.061434e+01,2.057246e+01,2.064225e+01,2.059340e+01,2.048166e+01,2.050961e+01,2.059340e+01,2.051660e+01,2.046769e+01,2.050961e+01,2.051660e+01,2.067713e+01,2.055850e+01,2.050961e+01,2.050961e+01,2.058643e+01,2.057246e+01,2.050961e+01,2.054453e+01,2.051660e+01,2.051660e+01,2.059340e+01,2.052358e+01,2.048865e+01,2.051660e+01,2.055152e+01,2.051660e+01,2.055850e+01,2.047468e+01,2.047468e+01,2.049564e+01,2.046769e+01,2.048166e+01,2.049564e+01,2.055152e+01,2.050961e+01,2.050961e+01,2.043973e+01,2.050961e+01,2.046070e+01,2.043274e+01,2.046070e+01,2.041875e+01,2.036980e+01,2.042575e+01,2.050262e+01,2.045371e+01,2.047468e+01,2.048166e+01,2.050961e+01,2.052358e+01,2.041875e+01,2.048166e+01,2.046769e+01,2.045371e+01,2.045371e+01,2.040477e+01,2.048865e+01,2.036280e+01,2.018775e+01,2.043973e+01,2.039078e+01,2.051660e+01,2.057944e+01,2.053057e+01,2.050262e+01,2.058643e+01,2.047468e+01,2.049564e+01,2.057246e+01,2.050961e+01,2.034881e+01,2.049564e+01,2.045371e+01,2.045371e+01,2.056548e+01,2.046070e+01,2.055850e+01,2.046769e+01,2.048865e+01,2.057246e+01,2.046769e+01,2.065621e+01,2.040477e+01,2.050961e+01,2.048166e+01,2.048166e+01,2.044672e+01,2.043973e+01,2.058643e+01,2.055850e+01,2.069805e+01,2.079562e+01,2.088614e+01,2.083741e+01,2.091398e+01,2.085830e+01,2.087918e+01,2.091398e+01,2.079562e+01,2.084437e+01,2.093485e+01,2.084437e+01,2.069805e+01,2.083741e+01,2.086526e+01,2.080259e+01,2.081652e+01,2.088614e+01,2.082348e+01,2.081652e+01,2.083045e+01,2.084437e+01,2.088614e+01,2.085134e+01,2.086526e+01,2.090006e+01,2.084437e+01,2.092789e+01,2.076079e+01,2.079562e+01,2.087918e+01,2.093485e+01,2.086526e+01,2.096962e+01,2.090006e+01,2.090702e+01,2.070502e+01,2.077472e+01,2.092789e+01,2.078866e+01,2.073291e+01,2.087918e+01,2.078169e+01,2.079562e+01,2.086526e+01,2.085134e+01,2.069805e+01,2.077472e+01,2.063528e+01,2.072594e+01,2.072594e+01,2.067016e+01,2.075382e+01,2.070502e+01,2.063528e+01,2.071897e+01,2.066318e+01,2.090006e+01,2.089310e+01,2.073988e+01,2.076079e+01,2.072594e+01,2.073988e+01,2.079562e+01,2.074685e+01,2.073988e+01,2.071200e+01,2.067713e+01,2.074685e+01,2.069805e+01,2.080955e+01,2.078866e+01,2.076775e+01,2.076079e+01,2.079562e+01,2.076079e+01,2.072594e+01,2.076775e+01,2.069805e+01,2.076079e+01,2.076079e+01,2.079562e+01,2.073988e+01,2.078169e+01,2.073988e+01,2.075382e+01,2.076079e+01,2.076079e+01,2.068410e+01
2.085830e+01,2.086526e+01,2.069805e+01,2.059340e+01,2.080955e+01,2.066318e+01,2.081652e+01,2.078169e+01,2.071897e+01,2.072594e+01,2.050961e+01,2.059340e+01,2.036980e+01,2.055850e+01,2.055152e+01,2.030682e+01,2.040477e+01,2.039778e+01,2.028582e+01,2.034881e+01,2.022979e+01,2.026481e+01,2.017373e+01,2.024380e+01,2.023680e+01,2.022979e+01,2.024380e+01,2.011063e+01,2.015971e+01,1.997728e+01,2.012466e+01,2.013167e+01,2.020877e+01,2.018775e+01,2.003345e+01,1.999133e+01,1.999133e+01,1.997728e+01,2.009660e+01,1.996324e+01,1.998431e+01,1.990703e+01,1.996324e+01,1.994216e+01,1.997728e+01,1.990703e+01,1.980859e+01,1.988594e+01,1.991406e+01,1.989297e+01,1.985079e+01,1.992811e+01,1.986485e+01,1.976638e+01,1.987892e+01,1.977341e+01,1.973822e+01,1.973822e+01,1.987892e+01,1.981563e+01,1.990703e+01,1.996324e+01,1.993514e+01,1.995621e+01,1.995621e+01,1.991406e+01,2.001941e+01,1.993514e+01,1.994216e+01,1.997026e+01,2.000537e+01,2.002643e+01,2.008959e+01,2.000537e+01,2.008959e+01,2.017373e+01,2.004047e+01,2.017373e+01,2.020177e+01,2.020877e+01,2.021578e+01,2.023680e+01,2.026481e+01,2.022979e+01,2.031382e+01,2.032082e+01,2.025080e+01,2.038379e+01,2.029282e+01,2.041176e+01,2.039078e+01,2.042575e+01,2.040477e+01,2.044672e+01,2.036280e+01,2.041875e+01,2.036280e+01,2.043274e+01,2.044672e+01,2.041875e+01,2.043274e+01,2.032782e+01,2.039778e+01,2.031382e+01,2.029982e+01,2.041176e+01,2.042575e+01,2.039778e+01,2.029282e+01,2.027881e+01,2.052358e+01,2.029982e+01,2.034181e+01,2.027881e+01,2.032082e+01,2.024380e+01,2.027881e+01,2.032082e+01,2.030682e+01,2.034881e+01,2.038379e+01,2.033481e+01,2.039078e+01,2.038379e+01,2.050961e+01,2.042575e+01,2.054453e+01,2.046070e+01,2.045371e+01,2.048865e+01,2.060039e+01,2.057246e+01,2.053057e+01,2.047468e+01,2.059340e+01,2.041176e+01,2.045371e+01,2.056548e+01,2.064923e+01,2.066318e+01,2.071897e+01,2.058643e+01,2.060039e+01,2.063528e+01,2.070502e+01,2.059340e+01,2.060736e+01,2.066318e+01,2.061434e+01,2.067713e+01,2.066318e+01,2.069108e+01,2.060039e+01,2.057246e+01,2.073291e+01,2.073291e+01,2.069108e+01,2.061434e+01,2.064923e+01,2.056548e+01,2.057246e+01,2.063528e+01,2.063528e+01,2.068410e+01,2.062132e+01,2.068410e+01,2.061434e+01,2.059340e+01,2.055152e+01,2.061434e+01,2.057944e+01,2.054453e+01,2.055850e+01,2.055850e+01,2.055152e+01,2.057944e+01,2.055152e+01,2.055850e+01,2.053057e+01,2.043274e+01,2.050961e+01,2.058643e+01,2.057944e+01,2.062132e+01,2.069108e+01,2.064923e+01,2.070502e+01,2.065621e+01,2.065621e+01,2.065621e+01,2.057944e+01,2.065621e+01,2.071200e+01,2.065621e+01,2.068410e+01,2.067016e+01,2.066318e+01,2.063528e+01,2.076775e+01,2.063528e+01,2.063528e+01,2.062830e+01,2.066318e+01,2.066318e+01,2.070502e+01,2.070502e+01,2.057246e+01,2.057944e+01,2.067016e+01,2.071897e+01,2.064923e+01,2.062830e+01,2.067016e+01,2.069108e+01,2.069108e+01,2.063528e+01,2.065621e+01,2.071897e+01,2.067713e+01,2.071897e+01,2.069805e+01,2.071897e+01,2.072594e+01,2.071897e+01,2.070502e+01,2.062830e+01,2.076079e+01,2.062132e+01,2.061434e+01,2.077472e+01,2.067713e+01,2.061434e+01,2.067713e+01,2.068410e+01,2.067016e+01,2.064923e+01,2.067016e+01,2.069805e+01,2.068410e+01,2.076079e+01,2.067016e+01,2.076079e+01,2.073988e+01,2.071200e+01,2.073291e+01,2.067713e+01,2.073291e+01,2.071200e+01,2.067713e+01,2.069108e+01,2.068410e+01,2.072594e+01,2.069108e+01,2.069108e+01,2.076079e+01,2.069805e+01,2.080259e+01,2.076775e+01,2.074685e+01,2.083045e+01,2.080259e+01,2.077472e+01,2.085134e+01,2.073988e+01,2.078866e+01,2.080259e+01,2.074685e+01,2.082348e+01,2.076775e+01,2.074685e+01,2.079562e+01,2.081652e+01,2.078866e+01,2.078866e+01,2.074685e+01,2.078866e+01,2.077472e+01,2.078169e+01,2.078169e+01,2.075382e+01,2.077472e+01,2.083045e+01,2.081652e+01,2.080955e+01,2.077472e+01,2.085134e+01,2.082348e+01,2.078866e+01,2.078169e+01,2.078866e+01,2.081652e+01,2.078169e+01,2.085830e+01,2.086526e+01,2.079562e+01,2.084437e+01,2.080955e+01,2.085134e+01,2.075382e+01,2.084437e+01,2.078866e+01,2.087222e+01,2.076775e+01,2.075382e+01,2.073291e+01,2.082348e+01,2.069805e+01,2.071897e+01,2.056548e+01,2.043274e+01,2.049564e+01,2.050262e+01,2.052358e+01,2.067713e+01,2.062132e+01,2.075382e+01,2.069805e+01,2.062132e+01,2.056548e+01,2.059340e+01,2.055850e+01,2.055850e+01,2.048166e+01,2.058643e+01,2.044672e+01,2.053755e+01,2.060039e+01,2.055152e+01,2.067016e+01,2.064225e+01,2.060039e+01,2.050262e+01,2.063528e+01,2.061434e+01,2.058643e+01,2.057246e+01,2.068410e+01,2.059340e+01,2.060039e+01,2.062132e+01,2.067016e+01,2.051660e+01,2.060736e+01,2.075382e+01,2.067016e+01,2.057944e+01,2.060039e+01,2.057246e+01,2.064923e+01,2.067016e+01,2.067713e+01,2.069108e+01,2.067016e+01,2.063528e+01,2.064225e+01,2.066318e+01,2.068410e+01,2.063528e+01,2.076079e+01,2.066318e+01,2.064923e+01,2.062830e+01,2.062830e+01,2.060736e+01,2.062132e+01,2.066318e+01,2.057944e+01,2.073291e+01,2.069108e+01,2.064923e+01,2.067016e+01,2.065621e+01,2.062830e+01,2.067016e+01,2.069108e+01,2.079562e+01,2.067713e+01,2.073988e+01,2.069805e+01,2.071200e+01,2.069108e+01,2.076775e+01,2.069805e+01,2.076775e+01,2.076079e+01,2.065621e+01,2.061434e+01,2.069805e+01,2.077472e+01,2.076079e+01,2.083045e+01,2.069805e+01,2.068410e+01,2.064225e+01,2.061434e+01,2.060736e+01,2.061434e+01,2.065621e+01,2.057246e+01,2.071200e+01,2.064225e+01,2.068410e+01,2.061434e+01,2.065621e+01,2.055152e+01,2.050262e+01,2.062830e+01,2.047468e+01,2.053057e+01,2.051660e+01,2.050262e+01,2.045371e+01,2.050262e+01,2.051660e+01,2.049564e+01,2.053057e+01,2.059340e+01,2.048166e+01,2.046070e+01,2.046070e+01,2.050961e+01,2.053057e+01,2.050262e+01,2.049564e+01,2.051660e+01,2.055152e+01,2.053057e+01,2.053755e+01,2.060736e+01,2.063528e+01,2.068410e+01,2.065621e+01,2.065621e+01,2.061434e+01,2.058643e+01,2.067016e+01,2.062132e+01,2.067016e+01,2.062132e+01,2.069108e+01,2.061434e+01,2.066318e+01,2.059340e+01,2.057944e+01,2.057944e+01,2.062830e+01,2.068410e+01,2.053755e+01,2.059340e+01,2.062830e+01,2.060039e+01,2.056548e+01,2.054453e+01,2.048865e+01,2.052358e+01,2.054453e+01,2.064225e+01,2.050262e+01,2.058643e+01,2.061434e+01,2.072594e+01,2.050961e+01,2.049564e+01,2.049564e+01,2.064923e+01,2.049564e+01,2.053057e+01,2.045371e+01,2.056548e+01,2.054453e+01,2.058643e+01,2.053057e+01,2.060039e+01,2.065621e+01,2.037679e+01,2.057246e+01,2.055152e+01,2.051660e+01,2.055850e+01,2.046769e+01,2.051660e+01,2.054453e+01,2.053755e+01,2.053057e+01,2.054453e+01,2.057246e+01,2.046769e+01,2.042575e+01,2.048865e+01,2.050262e+01,2.043973e+01,2.046769e+01,2.049564e+01,2.043973e+01,2.055152e+01,2.053755e+01,2.043973e+01,2.047468e+01,2.048865e+01,2.048865e+01,2.042575e+01,2.040477e+01,2.042575e+01,2.040477e+01,2.034881e+01,2.054453e+01,2.035581e+01,2.050961e+01,2.047468e+01,2.052358e+01,2.049564e+01,2.052358e+01,2.048865e+01,2.046070e+01,2.034181e+01,2.048865e+01,2.032782e+01,2.046769e+01,2.046070e+01,2.040477e+01,2.050262e+01,2.047468e+01,2.055152e+01,2.057246e+01,2.053057e+01,2.055850e+01,2.057246e+01,2.055152e+01,2.047468e+01,2.049564e+01,2.053755e+01,2.058643e+01,2.051660e+01,2.041176e+01,2.046769e+01,2.046769e+01,2.041875e+01,2.046769e+01,2.056548e+01,2.050262e+01,2.048865e+01,2.046070e+01,2.048166e+01,2.055850e+01,2.039078e+01,2.041875e+01,2.049564e+01,2.041875e+01,2.058643e+01,2.054453e+01,2.055850e+01,2.053755e+01,2.075382e+01,2.078866e+01,2.076079e+01,2.089310e+01,2.092093e+01,2.069108e+01,2.092789e+01,2.087918e+01,2.087918e+01,2.088614e+01,2.087918e+01,2.085830e+01,2.086526e+01,2.087222e+01,2.081652e+01,2.078866e+01,2.079562e+01,2.084437e+01,2.084437e+01,2.078169e+01,2.091398e+01,2.096267e+01,2.091398e+01,2.090702e+01,2.092093e+01,2.080259e+01,2.082348e+01,2.092789e+01,2.080259e+01,2.093485e+01,2.101134e+01,2.090006e+01,2.086526e+01,2.093485e+01,2.081652e+01,2.084437e+01,2.092093e+01,2.079562e+01,2.081652e+01,2.075382e+01,2.078169e+01,2.086526e+01,2.085134e+01,2.073291e+01,2.083045e+01,2.077472e+01,2.075382e+01,2.085134e+01,2.076079e+01,2.073988e+01,2.077472e+01,2.074685e+01,2.073988e+01,2.073291e+01,2.080259e+01,2.079562e+01,2.085830e+01,2.076775e+01,2.085830e+01,2.085134e+01,2.073291e+01,2.077472e+01,2.080259e+01,2.076775e+01,2.076775e+01,2.069108e+01,2.068410e+01,2.065621e+01,2.071200e+01,2.073291e+01,2.071897e+01,2.076079e+01,2.063528e+01,2.062830e+01,2.080955e+01,2.080259e+01,2.065621e+01,2.073291e+01,2.063528e+01,2.080955e+01,2.077472e+01,2.074685e+01,2.076775e+01,2.077472e+01,2.077472e+01,2.062132e+01,2.073291e+01,2.069805e+01
2.080259e+01,2.079562e+01,2.086526e+01,2.084437e+01,2.064923e+01,2.085134e+01,2.075382e+01,2.077472e+01,2.079562e+01,2.069108e+01,2.061434e+01,2.047468e+01,2.038379e+01,2.026481e+01,2.040477e+01,2.032082e+01,2.036980e+01,2.032082e+01,2.029282e+01,2.023680e+01,2.022979e+01,2.025781e+01,2.016672e+01,2.018074e+01,2.025080e+01,2.008257e+01,2.008257e+01,2.011764e+01,2.009660e+01,2.032782e+01,2.012466e+01,2.011764e+01,2.008257e+01,2.018074e+01,2.012466e+01,2.026481e+01,2.005451e+01,2.009660e+01,2.006152e+01,1.998431e+01,1.996324e+01,1.997728e+01,2.001239e+01,1.999133e+01,2.004047e+01,1.984376e+01,1.994919e+01,1.983673e+01,1.987189e+01,1.985782e+01,1.989297e+01,1.985782e+01,1.971710e+01,1.981563e+01,1.987189e+01,1.973118e+01,1.984376e+01,1.982266e+01,1.982266e+01,1.989297e+01,1.994919e+01,1.999835e+01,1.995621e+01,1.999835e+01,1.997026e+01,1.991406e+01,1.993514e+01,1.990000e+01,1.998431e+01,1.985079e+01,2.007556e+01,2.000537e+01,2.003345e+01,2.005451e+01,2.006152e+01,1.997026e+01,2.008257e+01,2.001941e+01,2.005451e+01,2.022278e+01,2.021578e+01,2.020177e+01,2.027881e+01,2.027881e+01,2.030682e+01,2.022278e+01,2.021578e+01,2.022278e+01,2.028582e+01,2.036980e+01,2.034881e+01,2.038379e+01,2.033481e+01,2.040477e+01,2.043973e+01,2.042575e+01,2.038379e+01,2.035581e+01,2.044672e+01,2.049564e+01,2.033481e+01,2.027881e+01,2.043274e+01,2.035581e+01,2.039778e+01,2.028582e+01,2.026481e+01,2.044672e+01,2.029282e+01,2.030682e+01,2.024380e+01,2.031382e+01,2.038379e+01,2.032082e+01,2.027181e+01,2.029282e+01,2.027881e+01,2.032782e+01,2.039078e+01,2.034881e+01,2.039778e+01,2.048166e+01,2.033481e+01,2.036980e+01,2.042575e+01,2.046769e+01,2.049564e+01,2.052358e+01,2.049564e+01,2.055850e+01,2.047468e+01,2.048865e+01,2.057246e+01,2.062132e+01,2.045371e+01,2.053057e+01,2.053057e+01,2.050961e+01,2.059340e+01,2.059340e+01,2.060039e+01,2.057944e+01,2.060039e+01,2.070502e+01,2.057246e+01,2.056548e+01,2.064923e+01,2.060039e+01,2.062830e+01,2.064923e+01,2.060039e+01,2.053057e+01,2.067713e+01,2.059340e+01,2.058643e+01,2.073291e+01,2.062830e+01,2.057944e+01,2.062132e+01,2.058643e+01,2.060039e+01,2.057944e+01,2.064923e+01,2.058643e+01,2.060039e+01,2.064225e+01,2.058643e+01,2.053755e+01,2.057944e+01,2.057246e+01,2.053755e+01,2.053057e+01,2.055152e+01,2.055152e+01,2.054453e+01,2.057246e+01,2.055850e+01,2.062132e+01,2.052358e+01,2.060039e+01,2.049564e+01,2.061434e+01,2.053057e+01,2.049564e+01,2.063528e+01,2.062830e+01,2.064923e+01,2.064923e+01,2.060039e+01,2.062132e+01,2.054453e+01,2.073988e+01,2.062132e+01,2.069805e+01,2.064923e+01,2.067016e+01,2.066318e+01,2.069108e+01,2.066318e+01,2.065621e+01,2.067016e+01,2.064923e+01,2.064923e+01,2.072594e+01,2.072594e+01,2.070502e+01,2.072594e+01,2.066318e+01,2.072594e+01,2.074685e+01,2.067713e+01,2.067713e+01,2.069108e+01,2.067713e+01,2.071897e+01,2.067016e+01,2.060736e+01,2.069108e+01,2.069805e+01,2.067016e+01,2.060039e+01,2.073291e+01,2.073988e+01,2.066318e+01,2.067713e+01,2.069108e+01,2.075382e+01,2.061434e+01,2.075382e+01,2.072594e+01,2.070502e+01,2.065621e+01,2.067713e+01,2.066318e+01,2.069805e+01,2.068410e+01,2.065621e+01,2.072594e+01,2.074685e+01,2.068410e+01,2.071200e+01,2.070502e+01,2.070502e+01,2.073291e+01,2.071897e+01,2.071200e+01,2.074685e+01,2.073988e+01,2.070502e+01,2.069108e+01,2.073291e+01,2.074685e+01,2.076079e+01,2.064225e+01,2.069108e+01,2.066318e+01,2.068410e+01,2.062830e+01,2.075382e+01,2.078866e+01,2.082348e+01,2.080259e+01,2.073988e+01,2.075382e+01,2.079562e+01,2.068410e+01,2.079562e+01,2.078169e+01,2.073988e+01,2.080259e+01,2.072594e+01,2.076775e+01,2.066318e+01,2.074685e+01,2.080259e+01,2.076079e+01,2.079562e+01,2.076775e+01,2.080259e+01,2.078169e+01,2.073291e+01,2.083741e+01,2.076079e+01,2.082348e+01,2.081652e+01,2.078866e+01,2.080955e+01,2.079562e+01,2.080955e+01,2.085134e+01,2.080955e+01,2.082348e+01,2.083045e+01,2.078866e+01,2.083741e+01,2.080955e+01,2.083045e+01,2.086526e+01,2.072594e+01,2.082348e+01,2.087222e+01,2.085134e+01,2.086526e+01,2.083741e+01,2.070502e+01,2.062132e+01,2.049564e+01,2.053057e+01,2.040477e+01,2.029282e+01,2.045371e+01,2.047468e+01,2.048865e+01,2.064225e+01,2.052358e+01,2.069108e+01,2.061434e+01,2.062132e+01,2.059340e+01,2.063528e+01,2.059340e+01,2.057944e+01,2.056548e+01,2.057246e+01,2.050961e+01,2.054453e+01,2.057246e+01,2.055850e+01,2.055850e+01,2.061434e+01,2.064225e+01,2.050262e+01,2.059340e+01,2.052358e+01,2.062132e+01,2.055850e+01,2.062132e+01,2.057246e+01,2.062132e+01,2.073988e+01,2.060039e+01,2.069108e+01,2.075382e+01,2.062830e+01,2.076775e+01,2.057944e+01,2.051660e+01,2.049564e+01,2.064923e+01,2.064923e+01,2.067016e+01,2.066318e+01,2.064225e+01,2.067713e+01,2.062830e+01,2.069108e+01,2.064923e+01,2.071200e+01,2.069108e+01,2.063528e+01,2.062830e+01,2.071200e+01,2.062132e+01,2.062132e+01,2.060736e+01,2.068410e+01,2.064225e+01,2.062830e+01,2.065621e+01,2.065621e+01,2.061434e+01,2.066318e+01,2.069108e+01,2.068410e+01,2.076079e+01,2.069108e+01,2.073291e+01,2.071897e+01,2.061434e+01,2.073988e+01,2.060039e+01,2.064225e+01,2.064923e+01,2.064225e+01,2.072594e+01,2.051660e+01,2.066318e+01,2.072594e+01,2.055152e+01,2.069108e+01,2.081652e+01,2.073988e+01,2.071897e+01,2.067016e+01,2.054453e+01,2.059340e+01,2.063528e+01,2.070502e+01,2.062132e+01,2.071897e+01,2.069108e+01,2.070502e+01,2.065621e+01,2.051660e+01,2.057246e+01,2.051660e+01,2.050961e+01,2.053057e+01,2.053755e+01,2.041875e+01,2.048865e+01,2.036980e+01,2.050262e+01,2.050262e+01,2.026481e+01,2.048865e+01,2.053057e+01,2.046769e+01,2.045371e+01,2.045371e+01,2.049564e+01,2.039778e+01,2.052358e+01,2.054453e+01,2.050961e+01,2.049564e+01,2.053755e+01,2.055850e+01,2.064225e+01,2.067713e+01,2.062830e+01,2.067016e+01,2.055152e+01,2.049564e+01,2.069108e+01,2.065621e+01,2.055850e+01,2.067016e+01,2.067016e+01,2.065621e+01,2.064225e+01,2.061434e+01,2.060736e+01,2.064923e+01,2.055850e+01,2.063528e+01,2.067016e+01,2.055152e+01,2.063528e+01,2.060736e+01,2.057246e+01,2.063528e+01,2.057246e+01,2.053057e+01,2.062132e+01,2.062132e+01,2.063528e+01,2.060039e+01,2.058643e+01,2.053057e+01,2.065621e+01,2.048865e+01,2.053057e+01,2.047468e+01,2.067016e+01,2.061434e+01,2.059340e+01,2.060039e+01,2.047468e+01,2.062132e+01,2.055152e+01,2.050961e+01,2.057944e+01,2.049564e+01,2.043274e+01,2.052358e+01,2.049564e+01,2.049564e+01,2.050262e+01,2.053755e+01,2.057246e+01,2.055850e+01,2.054453e+01,2.056548e+01,2.053057e+01,2.058643e+01,2.043973e+01,2.052358e+01,2.051660e+01,2.048865e+01,2.048865e+01,2.048166e+01,2.051660e+01,2.048166e+01,2.042575e+01,2.061434e+01,2.052358e+01,2.055152e+01,2.043274e+01,2.053755e+01,2.041875e+01,2.034181e+01,2.040477e+01,2.037679e+01,2.042575e+01,2.051660e+01,2.042575e+01,2.046769e+01,2.049564e+01,2.055152e+01,2.048865e+01,2.048166e+01,2.043274e+01,2.043973e+01,2.051660e+01,2.029982e+01,2.045371e+01,2.048166e+01,2.047468e+01,2.043973e+01,2.039078e+01,2.039778e+01,2.044672e+01,2.043973e+01,2.042575e+01,2.048166e+01,2.057944e+01,2.057944e+01,2.048166e+01,2.060736e+01,2.046070e+01,2.048166e+01,2.046070e+01,2.055152e+01,2.047468e+01,2.044672e+01,2.050262e+01,2.047468e+01,2.042575e+01,2.047468e+01,2.041176e+01,2.048865e+01,2.040477e+01,2.053057e+01,2.048865e+01,2.067016e+01,2.043274e+01,2.036280e+01,2.053755e+01,2.029982e+01,2.043973e+01,2.055152e+01,2.053755e+01,2.090702e+01,2.092093e+01,2.089310e+01,2.083045e+01,2.078169e+01,2.080955e+01,2.091398e+01,2.084437e+01,2.087918e+01,2.087918e+01,2.083741e+01,2.085134e+01,2.087222e+01,2.085134e+01,2.084437e+01,2.084437e+01,2.082348e+01,2.083741e+01,2.085830e+01,2.090702e+01,2.084437e+01,2.090702e+01,2.083741e+01,2.080259e+01,2.085830e+01,2.083741e+01,2.089310e+01,2.090702e+01,2.090702e+01,2.092093e+01,2.091398e+01,2.096267e+01,2.084437e+01,2.085830e+01,2.077472e+01,2.078866e+01,2.092789e+01,2.073291e+01,2.096267e+01,2.081652e+01,2.080259e+01,2.092093e+01,2.083741e+01,2.083045e+01,2.075382e+01,2.087918e+01,2.073988e+01,2.060736e+01,2.076079e+01,2.069108e+01,2.075382e+01,2.073291e+01,2.083045e+01,2.080955e+01,2.085134e+01,2.083741e+01,2.077472e+01,2.086526e+01,2.086526e+01,2.080259e+01,2.078169e+01,2.073988e+01,2.085134e+01,2.083741e+01,2.075382e+01,2.079562e+01,2.080259e+01,2.066318e+01,2.078866e+01,2.072594e+01,2.078866e+01,2.071200e+01,2.093485e+01,2.076775e+01,2.080259e+01,2.077472e+01,2.076775e+01,2.080259e+01,2.081652e+01,2.083741e+01,2.077472e+01,2.085830e+01,2.076775e+01,2.076079e+01,2.076079e+01,2.069108e+01,2.069108e+01
2.080259e+01,2.082348e+01,2.084437e+01,2.080955e+01,2.066318e+01,2.082348e+01,2.079562e+01,2.072594e+01,2.059340e+01,2.067713e+01,2.060736e+01,2.044672e+01,2.037679e+01,2.020177e+01,2.054453e+01,2.025080e+01,2.027881e+01,2.026481e+01,2.024380e+01,2.027881e+01,2.025781e+01,2.026481e+01,2.020177e+01,2.018074e+01,2.013868e+01,2.013868e+01,2.013868e+01,2.011764e+01,2.032782e+01,2.014569e+01,2.008257e+01,2.014569e+01,2.017373e+01,2.008257e+01,2.008959e+01,2.008959e+01,2.005451e+01,1.994216e+01,1.997728e+01,1.993514e+01,2.004047e+01,1.990000e+01,1.993514e+01,1.995621e+01,1.991406e+01,1.992811e+01,1.991406e+01,1.988594e+01,1.983673e+01,1.990000e+01,1.985782e+01,1.976638e+01,1.981563e+01,1.988594e+01,1.978749e+01,1.985079e+01,1.978749e+01,1.980859e+01,1.980859e+01,1.994919e+01,1.992811e+01,1.999133e+01,1.993514e+01,1.999835e+01,1.998431e+01,1.994919e+01,1.997728e+01,1.992811e+01,1.996324e+01,1.981563e+01,1.996324e+01,2.002643e+01,1.999133e+01,1.994216e+01,2.013167e+01,2.010362e+01,2.000537e+01,2.004749e+01,2.006854e+01,1.999133e+01,2.021578e+01,2.018074e+01,2.025781e+01,2.018775e+01,2.008959e+01,2.017373e+01,2.032082e+01,2.028582e+01,2.029282e+01,2.035581e+01,2.029282e+01,2.036980e+01,2.039778e+01,2.041176e+01,2.041875e+01,2.038379e+01,2.045371e+01,2.036980e+01,2.043274e+01,2.017373e+01,2.041176e+01,2.045371e+01,2.027181e+01,2.029982e+01,2.028582e+01,2.026481e+01,2.026481e+01,2.032082e+01,2.024380e+01,2.027181e+01,2.027181e+01,2.026481e+01,2.025080e+01,2.025781e+01,2.027881e+01,2.037679e+01,2.025080e+01,2.034881e+01,2.036280e+01,2.028582e+01,2.029282e+01,2.046070e+01,2.026481e+01,2.034881e+01,2.042575e+01,2.040477e+01,2.044672e+01,2.048166e+01,2.053057e+01,2.044672e+01,2.049564e+01,2.057944e+01,2.058643e+01,2.050262e+01,2.049564e+01,2.057246e+01,2.062132e+01,2.056548e+01,2.058643e+01,2.060039e+01,2.062830e+01,2.057944e+01,2.057944e+01,2.067016e+01,2.059340e+01,2.059340e+01,2.062132e+01,2.060736e+01,2.061434e+01,2.063528e+01,2.058643e+01,2.070502e+01,2.052358e+01,2.060736e+01,2.058643e+01,2.059340e+01,2.062830e+01,2.065621e+01,2.060039e+01,2.060039e+01,2.062132e+01,2.062132e+01,2.062132e+01,2.060039e+01,2.058643e+01,2.050961e+01,2.055850e+01,2.060039e+01,2.048865e+01,2.061434e+01,2.055850e+01,2.054453e+01,2.053755e+01,2.055152e+01,2.054453e+01,2.054453e+01,2.055152e+01,2.051660e+01,2.048865e+01,2.057246e+01,2.053755e+01,2.060736e+01,2.058643e+01,2.055850e+01,2.064225e+01,2.067713e+01,2.064923e+01,2.062830e+01,2.049564e+01,2.056548e+01,2.057246e+01,2.062830e+01,2.069108e+01,2.057246e+01,2.067713e+01,2.067713e+01,2.059340e+01,2.065621e+01,2.068410e+01,2.061434e+01,2.066318e+01,2.067016e+01,2.070502e+01,2.060039e+01,2.061434e+01,2.061434e+01,2.070502e+01,2.059340e+01,2.067016e+01,2.060039e+01,2.069805e+01,2.064923e+01,2.066318e+01,2.065621e+01,2.069108e+01,2.059340e+01,2.064923e+01,2.074685e+01,2.067016e+01,2.073291e+01,2.062132e+01,2.060736e+01,2.074685e+01,2.060736e+01,2.069805e+01,2.062830e+01,2.061434e+01,2.060039e+01,2.071200e+01,2.069805e+01,2.069108e+01,2.070502e+01,2.066318e+01,2.063528e+01,2.066318e+01,2.068410e+01,2.067016e+01,2.067016e+01,2.068410e+01,2.071200e+01,2.066318e+01,2.072594e+01,2.065621e+01,2.076079e+01,2.065621e+01,2.076079e+01,2.061434e+01,2.076079e+01,2.074685e+01,2.073988e+01,2.077472e+01,2.077472e+01,2.066318e+01,2.071200e+01,2.067713e+01,2.069108e+01,2.074685e+01,2.076079e+01,2.077472e+01,2.072594e+01,2.064923e+01,2.077472e+01,2.067713e+01,2.081652e+01,2.072594e+01,2.080259e+01,2.078169e+01,2.079562e+01,2.076775e+01,2.084437e+01,2.076775e+01,2.078169e+01,2.076775e+01,2.069805e+01,2.072594e+01,2.077472e+01,2.075382e+01,2.079562e+01,2.080955e+01,2.079562e+01,2.080259e+01,2.073988e+01,2.077472e+01,2.083045e+01,2.079562e+01,2.078866e+01,2.080259e+01,2.078866e+01,2.080955e+01,2.085830e+01,2.075382e+01,2.087918e+01,2.078169e+01,2.080955e+01,2.081652e+01,2.078169e+01,2.081652e+01,2.078169e+01,2.079562e+01,2.083045e+01,2.084437e+01,2.070502e+01,2.089310e+01,2.073988e+01,2.055152e+01,2.045371e+01,2.029982e+01,2.022979e+01,2.022979e+01,2.006152e+01,2.006854e+01,2.014569e+01,2.044672e+01,2.052358e+01,2.064225e+01,2.064225e+01,2.064225e+01,2.071897e+01,2.062132e+01,2.067713e+01,2.057246e+01,2.068410e+01,2.058643e+01,2.057246e+01,2.059340e+01,2.050961e+01,2.057246e+01,2.057944e+01,2.062132e+01,2.055152e+01,2.063528e+01,2.056548e+01,2.060736e+01,2.061434e+01,2.060736e+01,2.064225e+01,2.060039e+01,2.061434e+01,2.062830e+01,2.061434e+01,2.055152e+01,2.072594e+01,2.054453e+01,2.056548e+01,2.070502e+01,2.065621e+01,2.053057e+01,2.051660e+01,2.063528e+01,2.057246e+01,2.050961e+01,2.063528e+01,2.055152e+01,2.067713e+01,2.062132e+01,2.067016e+01,2.067016e+01,2.062132e+01,2.067713e+01,2.066318e+01,2.060039e+01,2.071200e+01,2.062830e+01,2.064225e+01,2.061434e+01,2.065621e+01,2.064225e+01,2.063528e+01,2.064923e+01,2.060039e+01,2.057246e+01,2.067713e+01,2.067713e+01,2.067016e+01,2.076079e+01,2.066318e+01,2.079562e+01,2.076079e+01,2.073291e+01,2.073988e+01,2.069805e+01,2.073988e+01,2.064923e+01,2.064225e+01,2.077472e+01,2.067016e+01,2.069108e+01,2.068410e+01,2.064923e+01,2.070502e+01,2.064225e+01,2.065621e+01,2.062132e+01,2.064923e+01,2.064923e+01,2.067713e+01,2.064923e+01,2.069805e+01,2.046769e+01,2.065621e+01,2.058643e+01,2.048865e+01,2.057944e+01,2.067016e+01,2.048865e+01,2.067016e+01,2.057246e+01,2.057944e+01,2.046769e+01,2.039078e+01,2.041176e+01,2.048166e+01,2.045371e+01,2.050961e+01,2.047468e+01,2.043973e+01,2.039078e+01,2.041176e+01,2.050262e+01,2.043973e+01,2.041875e+01,2.050262e+01,2.035581e+01,2.051660e+01,2.049564e+01,2.053057e+01,2.055152e+01,2.052358e+01,2.053755e+01,2.062830e+01,2.063528e+01,2.059340e+01,2.060736e+01,2.064225e+01,2.066318e+01,2.057944e+01,2.058643e+01,2.065621e+01,2.057944e+01,2.067713e+01,2.060736e+01,2.063528e+01,2.053057e+01,2.059340e+01,2.057944e+01,2.064225e+01,2.050961e+01,2.061434e+01,2.064923e+01,2.061434e+01,2.060736e+01,2.057944e+01,2.062132e+01,2.061434e+01,2.060736e+01,2.060039e+01,2.060736e+01,2.062830e+01,2.055850e+01,2.057944e+01,2.058643e+01,2.069108e+01,2.049564e+01,2.050262e+01,2.063528e+01,2.059340e+01,2.057246e+01,2.046070e+01,2.044672e+01,2.051660e+01,2.050262e+01,2.050961e+01,2.059340e+01,2.034181e+01,2.037679e+01,2.042575e+01,2.047468e+01,2.054453e+01,2.046769e+01,2.044672e+01,2.046070e+01,2.055152e+01,2.055850e+01,2.048166e+01,2.057944e+01,2.057944e+01,2.052358e+01,2.050961e+01,2.045371e+01,2.050961e+01,2.048166e+01,2.048166e+01,2.048865e+01,2.046769e+01,2.060039e+01,2.043973e+01,2.046070e+01,2.051660e+01,2.052358e+01,2.052358e+01,2.056548e+01,2.039078e+01,2.044672e+01,2.029282e+01,2.032782e+01,2.033481e+01,2.046769e+01,2.050262e+01,2.050961e+01,2.046070e+01,2.032082e+01,2.043274e+01,2.047468e+01,2.046070e+01,2.041176e+01,2.049564e+01,2.038379e+01,2.041176e+01,2.040477e+01,2.040477e+01,2.039078e+01,2.041176e+01,2.036280e+01,2.043274e+01,2.043274e+01,2.053755e+01,2.043274e+01,2.050961e+01,2.051660e+01,2.044672e+01,2.048166e+01,2.059340e+01,2.048166e+01,2.046070e+01,2.045371e+01,2.045371e+01,2.048865e+01,2.051660e+01,2.047468e+01,2.044672e+01,2.049564e+01,2.043973e+01,2.055850e+01,2.038379e+01,2.046769e+01,2.055152e+01,2.047468e+01,2.043274e+01,2.043274e+01,2.053057e+01,2.050961e+01,2.051660e+01,2.056548e+01,2.071897e+01,2.078169e+01,2.087918e+01,2.086526e+01,2.089310e+01,2.078169e+01,2.082348e+01,2.084437e+01,2.084437e+01,2.085134e+01,2.077472e+01,2.084437e+01,2.072594e+01,2.087222e+01,2.077472e+01,2.085134e+01,2.071200e+01,2.085830e+01,2.091398e+01,2.087222e+01,2.088614e+01,2.087918e+01,2.080955e+01,2.081652e+01,2.080259e+01,2.090006e+01,2.093485e+01,2.088614e+01,2.092093e+01,2.094876e+01,2.100439e+01,2.092789e+01,2.077472e+01,2.076079e+01,2.092093e+01,2.067713e+01,2.080259e+01,2.080259e+01,2.081652e+01,2.073988e+01,2.087918e+01,2.087222e+01,2.076775e+01,2.080955e+01,2.068410e+01,2.084437e+01,2.078169e+01,2.076775e+01,2.074685e+01,2.065621e+01,2.064923e+01,2.075382e+01,2.074685e+01,2.076079e+01,2.080259e+01,2.076775e+01,2.078866e+01,2.085134e+01,2.082348e+01,2.082348e+01,2.080955e+01,2.078169e+01,2.080955e+01,2.084437e+01,2.067713e+01,2.083045e+01,2.076079e+01,2.073988e+01,2.064923e+01,2.075382e+01,2.069805e+01,2.069108e+01,2.068410e+01,2.069108e+01,2.096267e+01,2.066318e+01,2.067713e+01,2.078866e+01,2.047468e+01,2.076775e+01,2.083045e+01,2.080259e+01,2.076079e+01,2.076775e+01,2.077472e+01,2.076775e+01,2.067016e+01
2.081652e+01,2.083741e+01,2.084437e+01,2.081652e+01,2.070502e+01,2.082348e+01,2.073291e+01,2.076079e+01,2.075382e+01,2.058643e+01,2.053755e+01,2.044672e+01,2.039078e+01,2.053755e+01,2.040477e+01,2.027881e+01,2.023680e+01,2.025781e+01,2.025080e+01,2.027181e+01,2.027181e+01,2.020177e+01,2.026481e+01,2.025080e+01,2.019476e+01,2.014569e+01,2.018775e+01,2.012466e+01,2.014569e+01,2.015971e+01,2.013868e+01,2.015971e+01,2.007556e+01,2.012466e+01,2.012466e+01,2.008959e+01,2.006854e+01,2.001239e+01,1.995621e+01,1.992811e+01,1.990703e+01,1.994216e+01,1.993514e+01,1.997026e+01,1.990703e+01,1.992109e+01,1.994216e+01,1.991406e+01,1.990000e+01,1.987892e+01,1.990000e+01,1.986485e+01,1.985782e+01,1.985782e+01,1.986485e+01,1.986485e+01,1.979452e+01,1.989297e+01,1.991406e+01,1.989297e+01,1.992811e+01,1.999835e+01,1.987892e+01,1.999835e+01,1.986485e+01,1.999835e+01,2.001941e+01,2.001239e+01,1.992811e+01,1.994216e+01,1.990703e+01,2.004749e+01,2.003345e+01,2.001239e+01,2.011764e+01,2.002643e+01,2.001941e+01,2.012466e+01,2.001941e+01,2.001239e+01,2.004749e+01,2.022979e+01,2.018074e+01,2.018775e+01,2.020877e+01,2.028582e+01,2.020877e+01,2.034881e+01,2.025080e+01,2.032082e+01,2.026481e+01,2.025080e+01,2.041176e+01,2.043274e+01,2.041875e+01,2.040477e+01,2.041875e+01,2.038379e+01,2.039078e+01,2.019476e+01,2.043973e+01,2.036280e+01,2.038379e+01,2.023680e+01,2.025781e+01,2.028582e+01,2.028582e+01,2.031382e+01,2.024380e+01,2.027881e+01,2.030682e+01,2.024380e+01,2.028582e+01,2.027881e+01,2.025080e+01,2.029282e+01,2.032082e+01,2.022979e+01,2.033481e+01,2.026481e+01,2.039778e+01,2.031382e+01,2.034181e+01,2.037679e+01,2.051660e+01,2.044672e+01,2.045371e+01,2.050961e+01,2.051660e+01,2.054453e+01,2.044672e+01,2.045371e+01,2.034181e+01,2.053057e+01,2.046769e+01,2.056548e+01,2.059340e+01,2.057944e+01,2.063528e+01,2.057246e+01,2.064225e+01,2.057246e+01,2.062830e+01,2.069108e+01,2.067713e+01,2.064923e+01,2.064225e+01,2.062132e+01,2.057246e+01,2.055850e+01,2.053755e+01,2.055850e+01,2.057246e+01,2.062830e+01,2.064225e+01,2.059340e+01,2.061434e+01,2.064225e+01,2.073988e+01,2.065621e+01,2.061434e+01,2.062830e+01,2.058643e+01,2.053755e+01,2.060736e+01,2.057944e+01,2.062132e+01,2.057944e+01,2.056548e+01,2.057246e+01,2.053755e+01,2.059340e+01,2.054453e+01,2.057246e+01,2.054453e+01,2.054453e+01,2.053755e+01,2.055152e+01,2.050961e+01,2.055850e+01,2.059340e+01,2.064225e+01,2.058643e+01,2.067713e+01,2.052358e+01,2.058643e+01,2.061434e+01,2.060736e+01,2.055850e+01,2.071897e+01,2.061434e+01,2.066318e+01,2.060736e+01,2.067713e+01,2.069805e+01,2.065621e+01,2.065621e+01,2.060736e+01,2.060039e+01,2.064225e+01,2.064923e+01,2.062830e+01,2.066318e+01,2.062132e+01,2.064923e+01,2.065621e+01,2.064923e+01,2.063528e+01,2.061434e+01,2.067713e+01,2.064923e+01,2.064923e+01,2.067713e+01,2.067016e+01,2.069108e+01,2.063528e+01,2.064923e+01,2.072594e+01,2.063528e+01,2.081652e+01,2.055850e+01,2.059340e+01,2.064923e+01,2.064923e+01,2.062132e+01,2.075382e+01,2.064923e+01,2.063528e+01,2.060736e+01,2.065621e+01,2.066318e+01,2.065621e+01,2.068410e+01,2.064923e+01,2.064923e+01,2.068410e+01,2.067016e+01,2.069805e+01,2.074685e+01,2.073988e+01,2.067713e+01,2.067016e+01,2.069805e+01,2.064923e+01,2.067713e+01,2.057246e+01,2.076079e+01,2.072594e+01,2.063528e+01,2.073291e+01,2.069805e+01,2.071897e+01,2.065621e+01,2.063528e+01,2.066318e+01,2.062830e+01,2.061434e+01,2.075382e+01,2.068410e+01,2.073988e+01,2.068410e+01,2.071897e+01,2.067016e+01,2.075382e+01,2.079562e+01,2.079562e+01,2.076079e+01,2.079562e+01,2.074685e+01,2.073988e+01,2.070502e+01,2.069108e+01,2.067713e+01,2.072594e+01,2.073291e+01,2.075382e+01,2.080259e+01,2.080259e+01,2.076079e+01,2.073988e+01,2.079562e+01,2.075382e+01,2.076079e+01,2.076775e+01,2.080259e+01,2.078169e+01,2.081652e+01,2.079562e+01,2.079562e+01,2.081652e+01,2.080955e+01,2.078169e+01,2.078169e+01,2.080955e+01,2.079562e+01,2.078169e+01,2.080955e+01,2.077472e+01,2.066318e+01,2.080955e+01,2.079562e+01,2.073291e+01,2.077472e+01,2.056548e+01,2.063528e+01,2.021578e+01,2.021578e+01,2.022979e+01,1.999835e+01,1.986485e+01,2.006854e+01,2.030682e+01,2.050262e+01,2.043973e+01,2.048865e+01,2.043274e+01,2.070502e+01,2.057246e+01,2.049564e+01,2.079562e+01,2.057246e+01,2.053057e+01,2.057944e+01,2.068410e+01,2.055850e+01,2.053755e+01,2.062830e+01,2.058643e+01,2.048865e+01,2.062132e+01,2.059340e+01,2.061434e+01,2.061434e+01,2.054453e+01,2.064923e+01,2.062830e+01,2.061434e+01,2.057944e+01,2.064225e+01,2.053057e+01,2.064923e+01,2.055152e+01,2.063528e+01,2.062830e+01,2.049564e+01,2.042575e+01,2.071897e+01,2.056548e+01,2.052358e+01,2.066318e+01,2.063528e+01,2.066318e+01,2.057944e+01,2.059340e+01,2.062132e+01,2.057944e+01,2.068410e+01,2.064225e+01,2.062830e+01,2.065621e+01,2.063528e+01,2.062132e+01,2.060736e+01,2.062132e+01,2.062132e+01,2.064923e+01,2.060039e+01,2.063528e+01,2.064923e+01,2.067713e+01,2.065621e+01,2.069805e+01,2.065621e+01,2.069108e+01,2.064923e+01,2.067016e+01,2.052358e+01,2.073291e+01,2.068410e+01,2.069805e+01,2.062132e+01,2.069108e+01,2.067713e+01,2.065621e+01,2.076775e+01,2.072594e+01,2.076079e+01,2.073988e+01,2.071897e+01,2.076079e+01,2.060039e+01,2.064225e+01,2.069108e+01,2.067016e+01,2.062132e+01,2.067713e+01,2.073291e+01,2.069805e+01,2.062132e+01,2.065621e+01,2.063528e+01,2.060039e+01,2.062132e+01,2.060736e+01,2.050961e+01,2.050262e+01,2.045371e+01,2.049564e+01,2.050961e+01,2.047468e+01,2.044672e+01,2.039078e+01,2.038379e+01,2.043274e+01,2.035581e+01,2.039778e+01,2.053057e+01,2.039778e+01,2.045371e+01,2.048865e+01,2.034881e+01,2.048865e+01,2.051660e+01,2.050262e+01,2.052358e+01,2.052358e+01,2.053057e+01,2.053755e+01,2.057246e+01,2.057944e+01,2.063528e+01,2.053057e+01,2.055850e+01,2.055152e+01,2.066318e+01,2.057246e+01,2.057246e+01,2.060039e+01,2.068410e+01,2.057944e+01,2.073988e+01,2.044672e+01,2.058643e+01,2.060736e+01,2.062830e+01,2.048166e+01,2.060736e+01,2.057246e+01,2.060736e+01,2.067016e+01,2.061434e+01,2.060039e+01,2.052358e+01,2.062830e+01,2.049564e+01,2.060736e+01,2.060736e+01,2.059340e+01,2.059340e+01,2.051660e+01,2.054453e+01,2.055152e+01,2.048865e+01,2.048865e+01,2.067713e+01,2.052358e+01,2.066318e+01,2.043973e+01,2.043973e+01,2.047468e+01,2.049564e+01,2.058643e+01,2.051660e+01,2.059340e+01,2.060736e+01,2.048166e+01,2.051660e+01,2.056548e+01,2.050961e+01,2.053057e+01,2.043973e+01,2.055152e+01,2.046769e+01,2.057246e+01,2.040477e+01,2.041875e+01,2.047468e+01,2.048865e+01,2.053057e+01,2.051660e+01,2.050961e+01,2.050262e+01,2.050961e+01,2.043973e+01,2.057944e+01,2.055850e+01,2.056548e+01,2.053755e+01,2.036980e+01,2.046769e+01,2.037679e+01,2.039778e+01,2.032782e+01,2.033481e+01,2.036980e+01,2.038379e+01,2.032082e+01,2.041176e+01,2.040477e+01,2.047468e+01,2.044672e+01,2.057944e+01,2.043274e+01,2.035581e+01,2.047468e+01,2.034181e+01,2.046070e+01,2.028582e+01,2.029282e+01,2.036280e+01,2.034881e+01,2.033481e+01,2.040477e+01,2.044672e+01,2.043973e+01,2.050262e+01,2.051660e+01,2.055152e+01,2.053755e+01,2.048865e+01,2.053755e+01,2.054453e+01,2.045371e+01,2.051660e+01,2.053755e+01,2.047468e+01,2.055850e+01,2.046769e+01,2.046769e+01,2.048865e+01,2.060736e+01,2.043973e+01,2.039078e+01,2.039778e+01,2.050262e+01,2.046769e+01,2.054453e+01,2.032782e+01,2.042575e+01,2.041875e+01,2.050961e+01,2.055152e+01,2.050961e+01,2.078866e+01,2.082348e+01,2.088614e+01,2.085134e+01,2.080259e+01,2.083045e+01,2.080955e+01,2.101134e+01,2.092093e+01,2.078169e+01,2.087918e+01,2.081652e+01,2.073988e+01,2.069805e+01,2.073988e+01,2.086526e+01,2.087918e+01,2.069805e+01,2.083045e+01,2.085830e+01,2.085134e+01,2.090006e+01,2.078866e+01,2.094876e+01,2.087918e+01,2.095572e+01,2.092093e+01,2.094876e+01,2.085830e+01,2.090006e+01,2.079562e+01,2.089310e+01,2.083741e+01,2.083741e+01,2.087918e+01,2.087222e+01,2.071897e+01,2.089310e+01,2.086526e+01,2.076775e+01,2.076079e+01,2.083045e+01,2.077472e+01,2.084437e+01,2.081652e+01,2.087222e+01,2.079562e+01,2.080259e+01,2.074685e+01,2.076079e+01,2.078866e+01,2.069805e+01,2.085134e+01,2.071200e+01,2.065621e+01,2.084437e+01,2.074685e+01,2.067713e+01,2.073988e+01,2.068410e+01,2.076079e+01,2.077472e+01,2.085134e+01,2.081652e+01,2.079562e+01,2.084437e+01,2.066318e+01,2.071200e+01,2.083045e+01,2.060736e+01,2.080259e+01,2.063528e+01,2.081652e+01,2.069805e+01,2.078866e+01,2.073988e+01,2.064225e+01,2.078169e+01,2.067713e+01,2.077472e+01,2.078866e+01,2.072594e+01,2.069108e+01,2.074685e+01,2.085134e+01,2.076079e+01,2.064225e+01
2.080955e+01,2.071897e+01,2.083045e+01,2.079562e+01,2.073988e+01,2.074685e+01,2.079562e+01,2.078169e+01,2.055850e+01,2.068410e+01,2.057944e+01,2.064225e+01,2.039078e+01,2.029982e+01,2.034881e+01,2.027181e+01,2.027881e+01,2.027181e+01,2.029982e+01,2.015971e+01,2.030682e+01,2.020177e+01,2.012466e+01,2.018775e+01,2.021578e+01,1.997728e+01,2.020877e+01,2.015270e+01,2.000537e+01,2.008257e+01,2.016672e+01,2.006854e+01,2.016672e+01,2.008257e+01,2.007556e+01,2.008257e+01,2.007556e+01,2.002643e+01,1.995621e+01,2.008257e+01,1.999133e+01,1.989297e+01,1.990703e+01,1.987892e+01,1.993514e+01,1.990000e+01,1.987892e+01,1.991406e+01,1.976638e+01,1.990000e+01,1.984376e+01,1.985079e+01,1.975934e+01,1.971006e+01,1.971006e+01,1.987189e+01,1.988594e+01,1.994216e+01,1.989297e+01,1.987189e+01,1.986485e+01,1.990703e+01,2.000537e+01,1.999835e+01,1.989297e+01,1.999133e+01,1.990703e+01,1.992109e+01,1.992811e+01,2.002643e+01,1.999835e+01,1.999133e+01,2.001941e+01,2.004047e+01,1.999133e+01,2.006854e+01,2.017373e+01,2.012466e+01,2.010362e+01,2.011063e+01,2.023680e+01,2.011063e+01,2.020877e+01,2.022979e+01,2.020877e+01,2.030682e+01,2.026481e+01,2.030682e+01,2.027881e+01,2.025781e+01,2.033481e+01,2.031382e+01,2.042575e+01,2.036280e+01,2.035581e+01,2.036280e+01,2.036980e+01,2.041176e+01,2.036280e+01,2.033481e+01,2.038379e+01,2.028582e+01,2.027881e+01,2.028582e+01,2.027881e+01,2.027881e+01,2.025080e+01,2.026481e+01,2.026481e+01,2.024380e+01,2.027181e+01,2.028582e+01,2.018775e+01,2.018775e+01,2.022979e+01,2.023680e+01,2.025781e+01,2.032082e+01,2.034881e+01,2.029982e+01,2.043274e+01,2.032082e+01,2.020177e+01,2.035581e+01,2.038379e+01,2.042575e+01,2.045371e+01,2.053057e+01,2.043274e+01,2.041176e+01,2.046769e+01,2.046769e+01,2.047468e+01,2.055850e+01,2.054453e+01,2.061434e+01,2.064923e+01,2.062132e+01,2.056548e+01,2.056548e+01,2.060039e+01,2.060736e+01,2.059340e+01,2.067713e+01,2.067713e+01,2.060039e+01,2.072594e+01,2.064225e+01,2.057944e+01,2.056548e+01,2.055850e+01,2.055152e+01,2.050961e+01,2.063528e+01,2.071897e+01,2.067713e+01,2.057246e+01,2.061434e+01,2.062132e+01,2.069805e+01,2.059340e+01,2.055152e+01,2.052358e+01,2.062830e+01,2.046070e+01,2.053057e+01,2.050262e+01,2.072594e+01,2.062132e+01,2.058643e+01,2.060736e+01,2.048166e+01,2.050961e+01,2.056548e+01,2.053755e+01,2.052358e+01,2.058643e+01,2.048166e+01,2.048865e+01,2.056548e+01,2.061434e+01,2.065621e+01,2.055152e+01,2.056548e+01,2.051660e+01,2.057944e+01,2.061434e+01,2.062132e+01,2.053755e+01,2.053057e+01,2.062830e+01,2.066318e+01,2.065621e+01,2.075382e+01,2.065621e+01,2.055850e+01,2.058643e+01,2.056548e+01,2.062830e+01,2.066318e+01,2.067016e+01,2.068410e+01,2.062132e+01,2.067016e+01,2.072594e+01,2.071897e+01,2.073988e+01,2.057944e+01,2.067713e+01,2.067016e+01,2.064225e+01,2.062830e+01,2.061434e+01,2.073988e+01,2.072594e+01,2.069108e+01,2.075382e+01,2.068410e+01,2.068410e+01,2.060736e+01,2.066318e+01,2.060039e+01,2.064923e+01,2.066318e+01,2.075382e+01,2.072594e+01,2.064923e+01,2.060736e+01,2.069108e+01,2.065621e+01,2.059340e+01,2.067713e+01,2.068410e+01,2.069108e+01,2.072594e+01,2.073988e+01,2.059340e+01,2.062830e+01,2.067713e+01,2.069108e+01,2.058643e+01,2.066318e+01,2.067016e+01,2.067713e+01,2.078866e+01,2.076775e+01,2.076079e+01,2.074685e+01,2.066318e+01,2.066318e+01,2.074685e+01,2.078169e+01,2.073291e+01,2.060736e+01,2.062830e+01,2.062830e+01,2.065621e+01,2.071200e+01,2.074685e+01,2.068410e+01,2.067713e+01,2.076079e+01,2.070502e+01,2.076079e+01,2.073291e+01,2.072594e+01,2.083741e+01,2.075382e+01,2.077472e+01,2.080259e+01,2.075382e+01,2.076079e+01,2.077472e+01,2.076079e+01,2.082348e+01,2.076775e+01,2.072594e+01,2.074685e+01,2.088614e+01,2.080259e+01,2.072594e+01,2.068410e+01,2.080259e+01,2.074685e+01,2.077472e+01,2.074685e+01,2.084437e+01,2.076775e+01,2.072594e+01,2.086526e+01,2.081652e+01,2.075382e+01,2.078169e+01,2.078866e+01,2.075382e+01,2.064225e+01,2.078169e+01,2.076079e+01,2.077472e+01,2.080955e+01,2.077472e+01,2.071200e+01,2.069805e+01,2.080955e+01,2.067016e+01,2.019476e+01,2.017373e+01,1.987892e+01,1.997728e+01,1.996324e+01,1.995621e+01,2.027181e+01,2.034181e+01,2.045371e+01,2.059340e+01,2.048166e+01,2.053755e+01,2.046769e+01,2.050262e+01,2.055850e+01,2.058643e+01,2.053057e+01,2.055152e+01,2.058643e+01,2.051660e+01,2.058643e+01,2.060039e+01,2.068410e+01,2.062830e+01,2.055850e+01,2.064923e+01,2.059340e+01,2.060039e+01,2.058643e+01,2.059340e+01,2.061434e+01,2.054453e+01,2.057246e+01,2.064225e+01,2.055152e+01,2.058643e+01,2.057944e+01,2.053057e+01,2.062830e+01,2.057944e+01,2.048166e+01,2.053755e+01,2.053755e+01,2.059340e+01,2.051660e+01,2.073291e+01,2.059340e+01,2.069805e+01,2.063528e+01,2.056548e+01,2.059340e+01,2.062830e+01,2.062830e+01,2.057944e+01,2.067713e+01,2.064225e+01,2.063528e+01,2.061434e+01,2.060736e+01,2.063528e+01,2.057944e+01,2.033481e+01,2.062830e+01,2.067016e+01,2.068410e+01,2.065621e+01,2.068410e+01,2.056548e+01,2.068410e+01,2.067713e+01,2.071200e+01,2.069805e+01,2.070502e+01,2.072594e+01,2.060039e+01,2.069805e+01,2.059340e+01,2.067713e+01,2.074685e+01,2.073988e+01,2.067713e+01,2.076775e+01,2.067713e+01,2.064923e+01,2.064225e+01,2.067713e+01,2.068410e+01,2.063528e+01,2.064225e+01,2.060039e+01,2.056548e+01,2.071897e+01,2.065621e+01,2.068410e+01,2.064225e+01,2.066318e+01,2.046070e+01,2.067016e+01,2.066318e+01,2.053755e+01,2.062830e+01,2.055850e+01,2.054453e+01,2.041875e+01,2.041176e+01,2.038379e+01,2.041875e+01,2.045371e+01,2.041875e+01,2.042575e+01,2.040477e+01,2.050262e+01,2.034881e+01,2.040477e+01,2.043274e+01,2.035581e+01,2.048865e+01,2.046769e+01,2.052358e+01,2.069108e+01,2.053057e+01,2.053057e+01,2.053755e+01,2.055152e+01,2.056548e+01,2.064923e+01,2.059340e+01,2.054453e+01,2.055152e+01,2.057246e+01,2.068410e+01,2.056548e+01,2.059340e+01,2.060736e+01,2.053755e+01,2.063528e+01,2.059340e+01,2.060039e+01,2.052358e+01,2.055152e+01,2.055152e+01,2.060039e+01,2.059340e+01,2.064225e+01,2.062132e+01,2.068410e+01,2.059340e+01,2.056548e+01,2.060039e+01,2.053755e+01,2.059340e+01,2.062132e+01,2.060039e+01,2.055152e+01,2.056548e+01,2.053057e+01,2.056548e+01,2.053057e+01,2.055152e+01,2.050961e+01,2.044672e+01,2.064225e+01,2.045371e+01,2.043973e+01,2.041875e+01,2.054453e+01,2.052358e+01,2.060039e+01,2.057246e+01,2.049564e+01,2.045371e+01,2.043274e+01,2.049564e+01,2.047468e+01,2.047468e+01,2.048865e+01,2.050961e+01,2.050262e+01,2.043274e+01,2.042575e+01,2.041875e+01,2.054453e+01,2.053755e+01,2.052358e+01,2.048865e+01,2.049564e+01,2.047468e+01,2.052358e+01,2.057246e+01,2.051660e+01,2.055152e+01,2.039078e+01,2.038379e+01,2.049564e+01,2.050262e+01,2.035581e+01,2.034881e+01,2.046070e+01,2.033481e+01,2.046070e+01,2.028582e+01,2.046769e+01,2.035581e+01,2.039078e+01,2.041176e+01,2.053755e+01,2.045371e+01,2.043274e+01,2.042575e+01,2.048166e+01,2.039778e+01,2.050262e+01,2.055152e+01,2.038379e+01,2.035581e+01,2.036280e+01,2.039078e+01,2.040477e+01,2.041176e+01,2.042575e+01,2.053755e+01,2.053057e+01,2.051660e+01,2.050961e+01,2.048865e+01,2.044672e+01,2.050961e+01,2.047468e+01,2.048865e+01,2.055850e+01,2.049564e+01,2.043274e+01,2.044672e+01,2.039078e+01,2.041875e+01,2.043973e+01,2.048865e+01,2.043973e+01,2.044672e+01,2.039078e+01,2.048166e+01,2.041176e+01,2.048865e+01,2.046769e+01,2.043274e+01,2.040477e+01,2.047468e+01,2.048865e+01,2.063528e+01,2.071200e+01,2.083741e+01,2.086526e+01,2.080955e+01,2.083045e+01,2.081652e+01,2.083045e+01,2.078866e+01,2.082348e+01,2.086526e+01,2.087222e+01,2.080259e+01,2.073291e+01,2.087222e+01,2.086526e+01,2.067713e+01,2.082348e+01,2.090702e+01,2.085830e+01,2.084437e+01,2.080955e+01,2.089310e+01,2.087222e+01,2.085830e+01,2.089310e+01,2.098353e+01,2.093485e+01,2.085134e+01,2.090702e+01,2.080955e+01,2.090006e+01,2.084437e+01,2.089310e+01,2.078866e+01,2.094180e+01,2.090702e+01,2.090006e+01,2.094876e+01,2.087918e+01,2.084437e+01,2.080259e+01,2.075382e+01,2.081652e+01,2.068410e+01,2.063528e+01,2.063528e+01,2.078866e+01,2.082348e+01,2.065621e+01,2.066318e+01,2.084437e+01,2.077472e+01,2.073291e+01,2.072594e+01,2.080955e+01,2.076079e+01,2.078866e+01,2.078169e+01,2.078169e+01,2.075382e+01,2.072594e+01,2.079562e+01,2.072594e+01,2.079562e+01,2.080955e+01,2.080259e+01,2.076079e+01,2.067713e+01,2.078866e+01,2.085134e+01,2.064225e+01,2.073291e+01,2.069108e+01,2.078866e+01,2.061434e+01,2.061434e+01,2.077472e+01,2.080259e+01,2.076775e+01,2.070502e+01,2.073988e+01,2.070502e+01,2.062132e+01,2.077472e+01,2.076079e+01,2.064923e+01
2.084437e+01,2.083045e+01,2.076775e+01,2.083045e+01,2.076079e+01,2.071897e+01,2.070502e+01,2.078169e+01,2.085830e+01,2.054453e+01,2.062132e+01,2.047468e+01,2.030682e+01,2.030682e+01,2.034181e+01,2.025080e+01,2.027881e+01,2.024380e+01,2.022979e+01,2.019476e+01,2.013868e+01,2.018074e+01,2.022979e+01,2.016672e+01,2.022278e+01,1.999835e+01,2.013167e+01,2.020177e+01,2.015971e+01,2.012466e+01,2.017373e+01,2.006854e+01,2.012466e+01,2.006152e+01,2.008257e+01,2.015971e+01,1.981563e+01,2.003345e+01,1.992109e+01,1.992109e+01,1.990000e+01,1.990703e+01,1.990703e+01,1.993514e+01,1.989297e+01,1.978749e+01,1.987892e+01,1.990703e+01,1.991406e+01,1.975230e+01,1.978045e+01,1.992811e+01,1.978749e+01,1.985782e+01,1.978045e+01,1.982969e+01,1.986485e+01,1.982969e+01,1.992109e+01,1.982969e+01,1.994919e+01,1.985782e+01,1.998431e+01,1.997026e+01,1.987892e+01,1.992109e+01,1.991406e+01,2.000537e+01,1.999133e+01,1.997026e+01,2.009660e+01,1.994216e+01,1.999133e+01,2.007556e+01,2.004749e+01,2.006152e+01,2.006854e+01,1.999133e+01,2.020877e+01,2.014569e+01,2.022979e+01,2.026481e+01,2.020177e+01,2.031382e+01,2.028582e+01,2.029282e+01,2.019476e+01,2.026481e+01,2.020877e+01,2.025080e+01,2.027881e+01,2.025080e+01,2.043274e+01,2.055850e+01,2.059340e+01,2.041875e+01,2.036980e+01,2.039078e+01,2.045371e+01,2.028582e+01,2.034881e+01,2.020877e+01,2.038379e+01,2.029982e+01,2.026481e+01,2.029282e+01,2.032082e+01,2.027881e+01,2.030682e+01,2.024380e+01,2.021578e+01,2.035581e+01,2.038379e+01,2.043274e+01,2.042575e+01,2.025781e+01,2.038379e+01,2.034881e+01,2.029982e+01,2.029282e+01,2.032782e+01,2.034181e+01,2.035581e+01,2.041875e+01,2.053057e+01,2.053057e+01,2.042575e+01,2.046070e+01,2.049564e+01,2.046769e+01,2.052358e+01,2.046769e+01,2.056548e+01,2.055152e+01,2.063528e+01,2.057944e+01,2.059340e+01,2.058643e+01,2.057944e+01,2.058643e+01,2.057246e+01,2.053755e+01,2.055850e+01,2.061434e+01,2.053057e+01,2.061434e+01,2.062830e+01,2.063528e+01,2.065621e+01,2.061434e+01,2.059340e+01,2.063528e+01,2.052358e+01,2.050262e+01,2.064923e+01,2.057944e+01,2.065621e+01,2.063528e+01,2.063528e+01,2.071200e+01,2.053755e+01,2.060736e+01,2.071200e+01,2.052358e+01,2.053755e+01,2.048865e+01,2.055152e+01,2.055152e+01,2.057246e+01,2.051660e+01,2.038379e+01,2.053755e+01,2.050262e+01,2.048865e+01,2.045371e+01,2.049564e+01,2.057944e+01,2.045371e+01,2.053057e+01,2.055850e+01,2.059340e+01,2.056548e+01,2.052358e+01,2.057944e+01,2.060039e+01,2.056548e+01,2.055850e+01,2.055850e+01,2.063528e+01,2.062132e+01,2.055152e+01,2.062830e+01,2.064923e+01,2.066318e+01,2.060736e+01,2.052358e+01,2.054453e+01,2.063528e+01,2.059340e+01,2.064923e+01,2.065621e+01,2.069108e+01,2.065621e+01,2.072594e+01,2.062132e+01,2.074685e+01,2.063528e+01,2.061434e+01,2.065621e+01,2.062132e+01,2.058643e+01,2.057246e+01,2.055850e+01,2.071200e+01,2.067016e+01,2.070502e+01,2.067016e+01,2.066318e+01,2.065621e+01,2.062830e+01,2.064923e+01,2.061434e+01,2.063528e+01,2.062132e+01,2.065621e+01,2.069805e+01,2.069108e+01,2.067016e+01,2.069108e+01,2.067016e+01,2.067713e+01,2.063528e+01,2.069805e+01,2.061434e+01,2.067713e+01,2.069805e+01,2.062830e+01,2.068410e+01,2.067713e+01,2.070502e+01,2.064923e+01,2.065621e+01,2.066318e+01,2.069805e+01,2.067016e+01,2.064225e+01,2.071200e+01,2.074685e+01,2.062132e+01,2.072594e+01,2.073988e+01,2.071897e+01,2.061434e+01,2.062132e+01,2.069805e+01,2.073988e+01,2.071897e+01,2.067713e+01,2.062830e+01,2.065621e+01,2.075382e+01,2.073988e+01,2.074685e+01,2.069108e+01,2.075382e+01,2.068410e+01,2.073988e+01,2.074685e+01,2.074685e+01,2.076775e+01,2.073291e+01,2.069108e+01,2.064923e+01,2.073291e+01,2.077472e+01,2.080259e+01,2.075382e+01,2.068410e+01,2.073988e+01,2.071200e+01,2.069108e+01,2.079562e+01,2.076775e+01,2.073988e+01,2.077472e+01,2.071897e+01,2.083741e+01,2.086526e+01,2.083741e+01,2.081652e+01,2.076775e+01,2.078866e+01,2.078169e+01,2.080259e+01,2.080955e+01,2.078866e+01,2.080259e+01,2.083741e+01,2.067016e+01,2.076079e+01,2.067713e+01,2.073291e+01,2.069108e+01,2.071897e+01,2.052358e+01,2.057246e+01,2.015971e+01,1.991406e+01,1.987892e+01,1.980859e+01,1.999133e+01,2.015971e+01,2.031382e+01,2.040477e+01,2.045371e+01,2.037679e+01,2.070502e+01,2.057246e+01,2.058643e+01,2.057246e+01,2.053057e+01,2.064225e+01,2.051660e+01,2.055850e+01,2.060736e+01,2.058643e+01,2.055850e+01,2.063528e+01,2.065621e+01,2.062132e+01,2.039778e+01,2.058643e+01,2.059340e+01,2.063528e+01,2.064923e+01,2.057944e+01,2.066318e+01,2.055850e+01,2.057944e+01,2.057246e+01,2.055152e+01,2.063528e+01,2.061434e+01,2.053755e+01,2.058643e+01,2.062132e+01,2.056548e+01,2.054453e+01,2.057246e+01,2.060039e+01,2.061434e+01,2.066318e+01,2.062132e+01,2.066318e+01,2.064225e+01,2.076775e+01,2.057246e+01,2.062830e+01,2.067713e+01,2.061434e+01,2.069108e+01,2.061434e+01,2.057246e+01,2.065621e+01,2.066318e+01,2.060736e+01,2.072594e+01,2.041875e+01,2.061434e+01,2.060736e+01,2.064225e+01,2.068410e+01,2.061434e+01,2.069108e+01,2.053057e+01,2.069805e+01,2.064923e+01,2.067713e+01,2.074685e+01,2.067016e+01,2.064923e+01,2.067713e+01,2.070502e+01,2.071200e+01,2.060736e+01,2.071200e+01,2.078169e+01,2.076079e+01,2.062830e+01,2.067016e+01,2.067016e+01,2.069805e+01,2.067016e+01,2.068410e+01,2.065621e+01,2.067713e+01,2.063528e+01,2.067713e+01,2.066318e+01,2.067016e+01,2.046769e+01,2.050262e+01,2.052358e+01,2.056548e+01,2.061434e+01,2.051660e+01,2.062132e+01,2.053057e+01,2.040477e+01,2.049564e+01,2.038379e+01,2.041176e+01,2.037679e+01,2.040477e+01,2.043274e+01,2.034881e+01,2.041176e+01,2.040477e+01,2.044672e+01,2.037679e+01,2.038379e+01,2.045371e+01,2.052358e+01,2.051660e+01,2.046070e+01,2.051660e+01,2.053755e+01,2.057944e+01,2.068410e+01,2.060039e+01,2.055850e+01,2.049564e+01,2.062830e+01,2.057246e+01,2.055850e+01,2.056548e+01,2.056548e+01,2.057246e+01,2.056548e+01,2.058643e+01,2.048166e+01,2.060039e+01,2.059340e+01,2.046070e+01,2.054453e+01,2.053057e+01,2.057944e+01,2.057944e+01,2.073988e+01,2.064923e+01,2.063528e+01,2.062830e+01,2.062132e+01,2.067016e+01,2.062830e+01,2.062132e+01,2.064923e+01,2.058643e+01,2.067016e+01,2.057246e+01,2.053057e+01,2.063528e+01,2.054453e+01,2.053755e+01,2.057944e+01,2.048166e+01,2.047468e+01,2.048166e+01,2.057944e+01,2.055850e+01,2.055850e+01,2.047468e+01,2.050961e+01,2.047468e+01,2.048166e+01,2.053755e+01,2.034181e+01,2.050961e+01,2.043973e+01,2.045371e+01,2.053057e+01,2.041176e+01,2.056548e+01,2.043973e+01,2.046070e+01,2.048865e+01,2.042575e+01,2.048865e+01,2.048166e+01,2.055152e+01,2.056548e+01,2.050961e+01,2.051660e+01,2.043274e+01,2.036980e+01,2.060736e+01,2.047468e+01,2.062132e+01,2.046070e+01,2.042575e+01,2.044672e+01,2.043973e+01,2.036280e+01,2.034181e+01,2.029282e+01,2.031382e+01,2.036280e+01,2.038379e+01,2.032782e+01,2.039078e+01,2.043973e+01,2.041176e+01,2.040477e+01,2.043274e+01,2.046070e+01,2.047468e+01,2.043973e+01,2.039078e+01,2.042575e+01,2.036280e+01,2.032782e+01,2.037679e+01,2.041176e+01,2.048166e+01,2.037679e+01,2.046769e+01,2.048166e+01,2.052358e+01,2.046070e+01,2.054453e+01,2.052358e+01,2.052358e+01,2.053755e+01,2.057944e+01,2.053755e+01,2.048166e+01,2.050961e+01,2.041875e+01,2.043274e+01,2.049564e+01,2.045371e+01,2.048865e+01,2.050262e+01,2.043274e+01,2.037679e+01,2.051660e+01,2.041875e+01,2.028582e+01,2.050262e+01,2.037679e+01,2.034881e+01,2.030682e+01,2.046769e+01,2.051660e+01,2.074685e+01,2.081652e+01,2.083045e+01,2.074685e+01,2.078169e+01,2.083045e+01,2.082348e+01,2.086526e+01,2.079562e+01,2.084437e+01,2.085134e+01,2.078866e+01,2.071897e+01,2.079562e+01,2.071897e+01,2.080955e+01,2.090006e+01,2.078169e+01,2.088614e+01,2.090702e+01,2.074685e+01,2.080955e+01,2.082348e+01,2.094876e+01,2.094876e+01,2.096267e+01,2.084437e+01,2.080955e+01,2.080259e+01,2.094876e+01,2.094876e+01,2.092093e+01,2.081652e+01,2.087222e+01,2.087918e+01,2.087222e+01,2.098353e+01,2.089310e+01,2.083045e+01,2.081652e+01,2.081652e+01,2.082348e+01,2.083741e+01,2.083741e+01,2.062132e+01,2.061434e+01,2.073988e+01,2.073291e+01,2.059340e+01,2.064225e+01,2.067016e+01,2.068410e+01,2.077472e+01,2.085134e+01,2.090702e+01,2.079562e+01,2.074685e+01,2.071200e+01,2.068410e+01,2.080259e+01,2.071200e+01,2.079562e+01,2.067713e+01,2.076079e+01,2.071200e+01,2.071200e+01,2.073291e+01,2.071897e+01,2.083741e+01,2.070502e+01,2.083741e+01,2.081652e+01,2.066318e+01,2.069805e+01,2.064225e+01,2.080259e+01,2.078866e+01,2.080955e+01,2.069108e+01,2.069108e+01,2.060736e+01,2.069108e+01,2.066318e+01,2.064225e+01,2.068410e+01,2.065621e+01
2.085134e+01,2.072594e+01,2.078866e+01,2.091398e+01,2.070502e+01,2.073988e+01,2.068410e+01,2.071897e+01,2.061434e+01,2.061434e+01,2.067016e+01,2.046070e+01,2.047468e+01,2.032782e+01,2.035581e+01,2.024380e+01,2.037679e+01,2.026481e+01,2.018074e+01,2.016672e+01,2.011063e+01,2.015971e+01,2.016672e+01,2.001941e+01,2.001941e+01,2.021578e+01,2.018074e+01,2.017373e+01,2.008257e+01,2.020877e+01,2.009660e+01,1.999835e+01,1.999835e+01,2.005451e+01,2.001941e+01,2.003345e+01,1.992109e+01,1.999133e+01,2.000537e+01,1.993514e+01,1.997728e+01,1.990703e+01,1.996324e+01,1.992811e+01,1.986485e+01,1.985782e+01,1.990000e+01,1.987892e+01,1.985782e+01,1.982969e+01,1.993514e+01,1.989297e+01,1.976638e+01,1.978045e+01,1.975230e+01,1.986485e+01,1.987189e+01,1.975934e+01,1.987189e+01,1.994216e+01,1.999133e+01,1.994216e+01,1.996324e+01,1.991406e+01,1.998431e+01,1.997026e+01,1.993514e+01,1.994919e+01,2.001239e+01,2.002643e+01,2.003345e+01,2.001941e+01,1.997728e+01,1.992109e+01,1.994919e+01,2.004047e+01,1.993514e+01,2.008959e+01,2.015971e+01,2.019476e+01,2.020877e+01,2.027181e+01,2.026481e+01,2.021578e+01,2.020177e+01,2.027181e+01,2.030682e+01,2.033481e+01,2.033481e+01,2.026481e+01,2.025080e+01,2.040477e+01,2.043973e+01,2.041176e+01,2.040477e+01,2.040477e+01,2.032782e+01,2.033481e+01,2.027881e+01,2.034881e+01,2.022979e+01,2.031382e+01,2.034181e+01,2.029282e+01,2.028582e+01,2.032082e+01,2.027881e+01,2.029282e+01,2.026481e+01,2.029982e+01,2.025080e+01,2.015971e+01,2.018775e+01,2.029282e+01,2.022278e+01,2.036980e+01,2.028582e+01,2.034881e+01,2.036980e+01,2.034181e+01,2.032082e+01,2.035581e+01,2.034881e+01,2.055850e+01,2.036980e+01,2.041875e+01,2.041176e+01,2.053057e+01,2.057246e+01,2.046070e+01,2.050262e+01,2.055850e+01,2.042575e+01,2.057944e+01,2.059340e+01,2.057246e+01,2.064923e+01,2.057246e+01,2.053057e+01,2.053755e+01,2.055850e+01,2.055152e+01,2.053755e+01,2.057944e+01,2.056548e+01,2.049564e+01,2.067713e+01,2.064923e+01,2.056548e+01,2.055152e+01,2.055152e+01,2.052358e+01,2.066318e+01,2.082348e+01,2.061434e+01,2.058643e+01,2.054453e+01,2.068410e+01,2.038379e+01,2.059340e+01,2.066318e+01,2.053057e+01,2.061434e+01,2.049564e+01,2.047468e+01,2.056548e+01,2.052358e+01,2.050262e+01,2.046070e+01,2.046070e+01,2.046769e+01,2.050961e+01,2.048865e+01,2.048166e+01,2.049564e+01,2.034181e+01,2.051660e+01,2.050961e+01,2.059340e+01,2.056548e+01,2.054453e+01,2.054453e+01,2.055850e+01,2.057944e+01,2.055850e+01,2.057246e+01,2.057944e+01,2.050262e+01,2.061434e+01,2.050262e+01,2.054453e+01,2.055152e+01,2.058643e+01,2.062830e+01,2.059340e+01,2.062830e+01,2.059340e+01,2.062132e+01,2.062830e+01,2.058643e+01,2.062830e+01,2.065621e+01,2.060736e+01,2.057944e+01,2.068410e+01,2.062132e+01,2.064225e+01,2.057944e+01,2.050262e+01,2.065621e+01,2.062132e+01,2.067713e+01,2.061434e+01,2.057944e+01,2.069108e+01,2.062830e+01,2.073988e+01,2.065621e+01,2.055850e+01,2.063528e+01,2.064923e+01,2.067016e+01,2.066318e+01,2.067016e+01,2.064225e+01,2.066318e+01,2.054453e+01,2.066318e+01,2.068410e+01,2.068410e+01,2.068410e+01,2.068410e+01,2.065621e+01,2.064923e+01,2.071200e+01,2.062132e+01,2.061434e+01,2.067713e+01,2.065621e+01,2.067016e+01,2.064225e+01,2.068410e+01,2.067016e+01,2.069108e+01,2.070502e+01,2.074685e+01,2.067016e+01,2.070502e+01,2.072594e+01,2.064225e+01,2.061434e+01,2.078866e+01,2.059340e+01,2.075382e+01,2.073988e+01,2.073988e+01,2.073988e+01,2.062830e+01,2.073291e+01,2.069805e+01,2.064225e+01,2.071200e+01,2.068410e+01,2.074685e+01,2.076079e+01,2.071897e+01,2.066318e+01,2.073291e+01,2.072594e+01,2.067713e+01,2.080955e+01,2.073291e+01,2.076079e+01,2.071200e+01,2.073291e+01,2.083045e+01,2.080955e+01,2.071200e+01,2.078169e+01,2.073988e+01,2.069805e+01,2.078866e+01,2.075382e+01,2.078866e+01,2.073988e+01,2.073988e+01,2.073988e+01,2.084437e+01,2.081652e+01,2.082348e+01,2.076079e+01,2.075382e+01,2.083741e+01,2.079562e+01,2.075382e+01,2.076775e+01,2.071897e+01,2.070502e+01,2.073291e+01,2.069805e+01,2.071200e+01,2.071897e+01,2.070502e+01,2.058643e+01,2.054453e+01,2.057944e+01,2.044672e+01,2.008959e+01,1.994919e+01,1.997026e+01,1.997026e+01,2.029982e+01,2.032082e+01,2.042575e+01,2.050262e+01,2.053755e+01,2.052358e+01,2.050961e+01,2.053057e+01,2.050961e+01,2.058643e+01,2.067016e+01,2.065621e+01,2.054453e+01,2.057246e+01,2.051660e+01,2.053057e+01,2.063528e+01,2.058643e+01,2.045371e+01,2.056548e+01,2.062132e+01,2.061434e+01,2.049564e+01,2.069805e+01,2.060736e+01,2.060736e+01,2.057246e+01,2.053755e+01,2.051660e+01,2.057246e+01,2.060736e+01,2.057246e+01,2.062830e+01,2.049564e+01,2.061434e+01,2.059340e+01,2.050961e+01,2.054453e+01,2.050262e+01,2.064225e+01,2.071897e+01,2.058643e+01,2.070502e+01,2.067016e+01,2.065621e+01,2.053755e+01,2.055152e+01,2.071200e+01,2.060736e+01,2.064225e+01,2.066318e+01,2.062132e+01,2.068410e+01,2.058643e+01,2.060736e+01,2.062830e+01,2.060736e+01,2.062830e+01,2.064225e+01,2.067713e+01,2.067016e+01,2.069108e+01,2.071897e+01,2.068410e+01,2.054453e+01,2.064923e+01,2.067713e+01,2.067016e+01,2.062830e+01,2.069108e+01,2.075382e+01,2.073291e+01,2.074685e+01,2.060039e+01,2.060736e+01,2.057246e+01,2.063528e+01,2.065621e+01,2.065621e+01,2.070502e+01,2.067016e+01,2.064923e+01,2.067713e+01,2.072594e+01,2.065621e+01,2.061434e+01,2.069108e+01,2.065621e+01,2.062132e+01,2.063528e+01,2.061434e+01,2.051660e+01,2.061434e+01,2.055152e+01,2.048166e+01,2.053057e+01,2.045371e+01,2.042575e+01,2.053057e+01,2.046070e+01,2.042575e+01,2.041875e+01,2.038379e+01,2.041176e+01,2.033481e+01,2.043973e+01,2.032782e+01,2.037679e+01,2.039778e+01,2.037679e+01,2.034181e+01,2.036980e+01,2.047468e+01,2.040477e+01,2.044672e+01,2.048166e+01,2.050961e+01,2.057246e+01,2.057246e+01,2.054453e+01,2.053755e+01,2.054453e+01,2.060039e+01,2.057944e+01,2.063528e+01,2.057944e+01,2.059340e+01,2.058643e+01,2.057944e+01,2.053057e+01,2.056548e+01,2.046070e+01,2.062132e+01,2.053755e+01,2.057944e+01,2.059340e+01,2.060736e+01,2.060039e+01,2.060736e+01,2.069108e+01,2.058643e+01,2.062132e+01,2.060736e+01,2.076079e+01,2.060736e+01,2.064225e+01,2.058643e+01,2.055152e+01,2.051660e+01,2.059340e+01,2.062132e+01,2.057944e+01,2.064225e+01,2.052358e+01,2.052358e+01,2.052358e+01,2.057944e+01,2.059340e+01,2.060039e+01,2.052358e+01,2.048166e+01,2.064923e+01,2.048865e+01,2.048166e+01,2.050262e+01,2.032782e+01,2.046769e+01,2.037679e+01,2.050262e+01,2.051660e+01,2.055850e+01,2.045371e+01,2.054453e+01,2.043973e+01,2.050961e+01,2.051660e+01,2.048865e+01,2.050262e+01,2.055850e+01,2.042575e+01,2.042575e+01,2.041875e+01,2.043274e+01,2.046070e+01,2.057246e+01,2.057944e+01,2.043274e+01,2.041875e+01,2.038379e+01,2.042575e+01,2.053057e+01,2.041176e+01,2.033481e+01,2.035581e+01,2.050961e+01,2.040477e+01,2.039078e+01,2.041176e+01,2.031382e+01,2.043973e+01,2.037679e+01,2.048166e+01,2.047468e+01,2.032082e+01,2.046769e+01,2.050262e+01,2.048166e+01,2.037679e+01,2.037679e+01,2.035581e+01,2.028582e+01,2.036980e+01,2.042575e+01,2.051660e+01,2.054453e+01,2.050961e+01,2.053057e+01,2.063528e+01,2.055850e+01,2.049564e+01,2.048166e+01,2.053057e+01,2.053057e+01,2.051660e+01,2.066318e+01,2.041176e+01,2.056548e+01,2.057246e+01,2.043973e+01,2.042575e+01,2.041176e+01,2.040477e+01,2.054453e+01,2.041176e+01,2.040477e+01,2.044672e+01,2.043274e+01,2.049564e+01,2.043973e+01,2.038379e+01,2.036280e+01,2.050961e+01,2.071200e+01,2.076775e+01,2.073291e+01,2.081652e+01,2.080259e+01,2.082348e+01,2.082348e+01,2.081652e+01,2.076079e+01,2.085134e+01,2.073988e+01,2.076079e+01,2.076079e+01,2.087222e+01,2.078866e+01,2.092789e+01,2.074685e+01,2.087918e+01,2.080259e+01,2.077472e+01,2.084437e+01,2.078169e+01,2.079562e+01,2.080955e+01,2.088614e+01,2.078169e+01,2.077472e+01,2.078169e+01,2.100439e+01,2.085134e+01,2.094876e+01,2.087918e+01,2.084437e+01,2.099744e+01,2.082348e+01,2.087918e+01,2.094876e+01,2.076079e+01,2.087918e+01,2.085134e+01,2.081652e+01,2.080259e+01,2.084437e+01,2.064923e+01,2.085134e+01,2.079562e+01,2.065621e+01,2.079562e+01,2.088614e+01,2.072594e+01,2.085134e+01,2.070502e+01,2.067016e+01,2.069108e+01,2.077472e+01,2.080259e+01,2.083741e+01,2.080259e+01,2.076775e+01,2.056548e+01,2.074685e+01,2.065621e+01,2.071897e+01,2.067713e+01,2.075382e+01,2.071200e+01,2.078169e+01,2.073988e+01,2.071897e+01,2.076775e+01,2.077472e+01,2.078866e+01,2.080955e+01,2.065621e+01,2.060039e+01,2.076775e+01,2.071897e+01,2.067713e+01,2.075382e+01,2.069805e+01,2.071200e+01,2.076079e+01,2.072594e+01,2.060039e+01,2.076079e+01,2.068410e+01,2.067016e+01
2.080259e+01,2.077472e+01,2.076079e+01,2.080259e+01,2.075382e+01,2.073291e+01,2.076079e+01,2.069108e+01,2.068410e+01,2.067713e+01,2.055152e+01,2.056548e+01,2.039778e+01,2.035581e+01,2.032082e+01,2.039078e+01,2.033481e+01,2.020877e+01,1.991406e+01,2.015270e+01,2.013167e+01,2.021578e+01,2.003345e+01,2.002643e+01,2.013868e+01,2.008257e+01,2.010362e+01,2.015270e+01,2.008257e+01,2.011764e+01,1.999835e+01,2.002643e+01,1.994216e+01,2.001941e+01,1.997728e+01,1.996324e+01,1.994919e+01,1.997728e+01,1.997728e+01,2.000537e+01,1.995621e+01,1.992811e+01,1.993514e+01,1.998431e+01,1.985079e+01,1.992109e+01,1.992109e+01,1.992109e+01,1.987892e+01,1.991406e+01,1.980859e+01,1.989297e+01,1.979452e+01,1.988594e+01,1.989297e+01,2.002643e+01,1.978749e+01,1.985079e+01,1.980156e+01,1.986485e+01,1.997026e+01,1.982266e+01,1.990703e+01,1.994216e+01,1.999835e+01,1.992811e+01,1.988594e+01,1.997026e+01,1.992109e+01,2.001239e+01,2.006152e+01,2.008257e+01,2.003345e+01,2.004047e+01,2.008257e+01,2.008257e+01,2.012466e+01,2.011764e+01,2.020177e+01,2.017373e+01,2.022278e+01,2.020877e+01,2.022979e+01,2.029282e+01,2.028582e+01,2.029282e+01,2.025080e+01,2.036980e+01,2.026481e+01,2.029282e+01,2.027881e+01,2.036980e+01,2.039778e+01,2.039078e+01,2.035581e+01,2.036980e+01,2.054453e+01,2.054453e+01,2.036980e+01,2.039078e+01,2.036280e+01,2.034881e+01,2.030682e+01,2.029282e+01,2.027881e+01,2.026481e+01,2.036280e+01,2.027181e+01,2.029982e+01,2.019476e+01,2.011764e+01,2.038379e+01,2.032082e+01,2.038379e+01,2.037679e+01,2.036980e+01,2.030682e+01,2.034881e+01,2.026481e+01,2.029282e+01,2.037679e+01,2.038379e+01,2.044672e+01,2.046070e+01,2.041875e+01,2.043274e+01,2.043274e+01,2.050262e+01,2.046769e+01,2.047468e+01,2.059340e+01,2.058643e+01,2.069805e+01,2.065621e+01,2.057246e+01,2.063528e+01,2.065621e+01,2.055850e+01,2.055850e+01,2.051660e+01,2.062830e+01,2.051660e+01,2.062830e+01,2.054453e+01,2.059340e+01,2.056548e+01,2.057944e+01,2.060039e+01,2.059340e+01,2.060039e+01,2.057944e+01,2.060039e+01,2.053057e+01,2.055152e+01,2.060039e+01,2.064225e+01,2.061434e+01,2.055152e+01,2.053755e+01,2.053755e+01,2.064923e+01,2.047468e+01,2.055152e+01,2.055152e+01,2.055850e+01,2.055152e+01,2.057246e+01,2.053755e+01,2.056548e+01,2.058643e+01,2.050262e+01,2.046070e+01,2.047468e+01,2.047468e+01,2.048166e+01,2.044672e+01,2.050961e+01,2.055850e+01,2.042575e+01,2.057944e+01,2.054453e+01,2.062830e+01,2.056548e+01,2.055152e+01,2.057246e+01,2.050961e+01,2.051660e+01,2.064923e+01,2.062132e+01,2.054453e+01,2.050262e+01,2.049564e+01,2.062830e+01,2.065621e+01,2.057944e+01,2.048865e+01,2.061434e+01,2.061434e+01,2.062132e+01,2.064923e+01,2.065621e+01,2.065621e+01,2.060039e+01,2.058643e+01,2.060736e+01,2.061434e+01,2.062830e+01,2.054453e+01,2.068410e+01,2.061434e+01,2.060736e+01,2.057246e+01,2.056548e+01,2.062132e+01,2.065621e+01,2.065621e+01,2.059340e+01,2.063528e+01,2.058643e+01,2.065621e+01,2.066318e+01,2.064225e+01,2.067016e+01,2.066318e+01,2.063528e+01,2.066318e+01,2.065621e+01,2.059340e+01,2.068410e+01,2.067713e+01,2.065621e+01,2.068410e+01,2.068410e+01,2.067713e+01,2.067016e+01,2.069805e+01,2.064923e+01,2.069108e+01,2.062830e+01,2.070502e+01,2.068410e+01,2.074685e+01,2.069108e+01,2.069108e+01,2.066318e+01,2.074685e+01,2.073291e+01,2.072594e+01,2.062830e+01,2.074685e+01,2.067713e+01,2.075382e+01,2.070502e+01,2.064225e+01,2.071897e+01,2.069805e+01,2.067016e+01,2.071897e+01,2.064923e+01,2.076079e+01,2.076079e+01,2.071200e+01,2.075382e+01,2.079562e+01,2.071200e+01,2.073988e+01,2.079562e+01,2.062132e+01,2.075382e+01,2.075382e+01,2.071897e+01,2.070502e+01,2.067016e+01,2.073291e+01,2.079562e+01,2.068410e+01,2.071897e+01,2.073988e+01,2.081652e+01,2.080955e+01,2.070502e+01,2.073988e+01,2.075382e+01,2.079562e+01,2.069108e+01,2.080955e+01,2.083045e+01,2.077472e+01,2.067713e+01,2.072594e+01,2.079562e+01,2.073988e+01,2.081652e+01,2.077472e+01,2.073988e+01,2.078169e+01,2.069805e+01,2.069108e+01,2.068410e+01,2.068410e+01,2.071897e+01,2.073291e+01,2.068410e+01,2.062132e+01,2.062132e+01,2.055152e+01,2.045371e+01,2.043274e+01,2.038379e+01,2.027881e+01,2.045371e+01,2.045371e+01,2.043973e+01,2.049564e+01,2.053755e+01,2.050262e+01,2.043973e+01,2.055152e+01,2.056548e+01,2.053057e+01,2.064225e+01,2.065621e+01,2.057246e+01,2.062132e+01,2.062830e+01,2.069108e+01,2.062830e+01,2.053057e+01,2.062132e+01,2.059340e+01,2.071200e+01,2.060736e+01,2.058643e+01,2.063528e+01,2.067713e+01,2.053755e+01,2.062830e+01,2.052358e+01,2.060736e+01,2.062830e+01,2.057246e+01,2.060736e+01,2.058643e+01,2.061434e+01,2.046070e+01,2.052358e+01,2.060736e+01,2.062830e+01,2.056548e+01,2.057246e+01,2.055850e+01,2.064923e+01,2.060736e+01,2.055152e+01,2.061434e+01,2.062132e+01,2.056548e+01,2.067713e+01,2.069108e+01,2.060736e+01,2.066318e+01,2.067713e+01,2.066318e+01,2.052358e+01,2.064225e+01,2.063528e+01,2.062132e+01,2.053755e+01,2.062132e+01,2.060736e+01,2.063528e+01,2.068410e+01,2.069108e+01,2.058643e+01,2.071200e+01,2.067713e+01,2.066318e+01,2.068410e+01,2.062830e+01,2.063528e+01,2.070502e+01,2.076775e+01,2.068410e+01,2.067016e+01,2.064923e+01,2.073988e+01,2.072594e+01,2.060736e+01,2.069108e+01,2.071200e+01,2.070502e+01,2.058643e+01,2.067713e+01,2.067713e+01,2.071897e+01,2.063528e+01,2.069805e+01,2.066318e+01,2.055152e+01,2.069108e+01,2.066318e+01,2.062132e+01,2.055152e+01,2.063528e+01,2.051660e+01,2.053755e+01,2.049564e+01,2.053057e+01,2.044672e+01,2.045371e+01,2.039078e+01,2.043274e+01,2.042575e+01,2.041176e+01,2.041875e+01,2.034881e+01,2.040477e+01,2.032782e+01,2.031382e+01,2.032782e+01,2.033481e+01,2.046070e+01,2.053755e+01,2.050262e+01,2.044672e+01,2.049564e+01,2.049564e+01,2.057944e+01,2.064225e+01,2.060039e+01,2.060039e+01,2.047468e+01,2.053755e+01,2.053057e+01,2.055152e+01,2.057246e+01,2.055850e+01,2.053755e+01,2.054453e+01,2.055152e+01,2.050961e+01,2.060736e+01,2.053755e+01,2.066318e+01,2.057944e+01,2.057246e+01,2.060736e+01,2.060736e+01,2.057246e+01,2.057246e+01,2.055152e+01,2.063528e+01,2.064923e+01,2.050262e+01,2.060736e+01,2.062830e+01,2.065621e+01,2.054453e+01,2.065621e+01,2.056548e+01,2.058643e+01,2.061434e+01,2.057944e+01,2.051660e+01,2.060039e+01,2.053057e+01,2.052358e+01,2.052358e+01,2.051660e+01,2.057944e+01,2.057246e+01,2.056548e+01,2.048166e+01,2.048166e+01,2.032082e+01,2.037679e+01,2.049564e+01,2.049564e+01,2.053057e+01,2.042575e+01,2.051660e+01,2.058643e+01,2.039778e+01,2.039778e+01,2.046769e+01,2.052358e+01,2.055152e+01,2.050262e+01,2.040477e+01,2.049564e+01,2.053755e+01,2.038379e+01,2.056548e+01,2.053755e+01,2.069108e+01,2.046769e+01,2.044672e+01,2.050262e+01,2.051660e+01,2.043973e+01,2.047468e+01,2.047468e+01,2.041176e+01,2.039778e+01,2.043973e+01,2.034181e+01,2.034181e+01,2.036980e+01,2.033481e+01,2.032082e+01,2.039778e+01,2.047468e+01,2.050961e+01,2.036980e+01,2.046769e+01,2.047468e+01,2.046070e+01,2.042575e+01,2.039078e+01,2.050961e+01,2.036980e+01,2.036980e+01,2.037679e+01,2.041176e+01,2.050262e+01,2.041176e+01,2.050961e+01,2.051660e+01,2.043973e+01,2.035581e+01,2.050262e+01,2.034881e+01,2.046070e+01,2.044672e+01,2.050961e+01,2.048865e+01,2.057246e+01,2.055850e+01,2.062830e+01,2.043973e+01,2.051660e+01,2.041875e+01,2.036980e+01,2.039078e+01,2.043973e+01,2.047468e+01,2.055152e+01,2.052358e+01,2.055152e+01,2.048865e+01,2.044672e+01,2.057246e+01,2.047468e+01,2.067016e+01,2.064225e+01,2.079562e+01,2.066318e+01,2.090702e+01,2.083045e+01,2.083741e+01,2.092789e+01,2.073291e+01,2.082348e+01,2.086526e+01,2.074685e+01,2.075382e+01,2.074685e+01,2.076079e+01,2.076775e+01,2.080259e+01,2.091398e+01,2.087222e+01,2.076079e+01,2.088614e+01,2.108083e+01,2.076079e+01,2.083045e+01,2.088614e+01,2.077472e+01,2.096962e+01,2.083741e+01,2.081652e+01,2.092093e+01,2.094876e+01,2.103219e+01,2.090702e+01,2.085830e+01,2.090702e+01,2.080955e+01,2.076079e+01,2.081652e+01,2.088614e+01,2.092093e+01,2.090006e+01,2.081652e+01,2.077472e+01,2.080259e+01,2.078866e+01,2.062830e+01,2.060736e+01,2.079562e+01,2.072594e+01,2.074685e+01,2.078866e+01,2.069805e+01,2.058643e+01,2.076775e+01,2.071200e+01,2.079562e+01,2.069805e+01,2.073988e+01,2.076079e+01,2.085134e+01,2.085830e+01,2.073291e+01,2.069108e+01,2.076775e+01,2.073291e+01,2.071897e+01,2.079562e+01,2.071897e+01,2.078866e+01,2.073291e+01,2.083741e+01,2.081652e+01,2.085134e+01,2.066318e+01,2.065621e+01,2.080955e+01,2.069108e+01,2.073988e+01,2.079562e+01,2.065621e+01,2.078866e+01,2.068410e+01,2.064923e+01,2.078866e+01,2.064923e+01,2.068410e+01,2.066318e+01
2.073988e+01,2.069805e+01,2.076079e+01,2.092093e+01,2.092789e+01,2.074685e+01,2.075382e+01,2.071897e+01,2.069108e+01,2.062830e+01,2.070502e+01,2.069108e+01,2.046769e+01,2.043274e+01,2.029982e+01,2.031382e+01,2.021578e+01,2.028582e+01,2.022979e+01,2.001239e+01,2.022979e+01,2.008959e+01,2.023680e+01,2.005451e+01,2.018775e+01,2.006152e+01,2.006854e+01,2.011063e+01,2.008257e+01,2.001941e+01,2.012466e+01,2.004749e+01,2.011764e+01,1.999835e+01,1.998431e+01,1.998431e+01,2.018074e+01,1.998431e+01,1.994919e+01,1.997728e+01,2.005451e+01,2.001941e+01,2.003345e+01,1.990703e+01,1.988594e+01,1.978045e+01,1.988594e+01,2.016672e+01,1.991406e+01,1.992109e+01,1.993514e+01,1.992109e+01,1.994216e+01,1.997026e+01,1.983673e+01,1.985079e+01,1.985782e+01,2.001239e+01,1.990000e+01,1.992109e+01,1.989297e+01,1.992109e+01,1.996324e+01,1.986485e+01,1.997026e+01,1.987892e+01,1.993514e+01,1.981563e+01,2.000537e+01,1.998431e+01,1.984376e+01,1.999835e+01,2.006152e+01,2.008257e+01,2.008959e+01,2.009660e+01,2.007556e+01,2.012466e+01,2.009660e+01,2.022979e+01,2.019476e+01,2.022979e+01,2.021578e+01,2.030682e+01,2.035581e+01,2.031382e+01,2.033481e+01,2.044672e+01,2.036980e+01,2.039078e+01,2.034181e+01,2.036980e+01,2.038379e+01,2.042575e+01,2.041875e+01,2.040477e+01,2.039778e+01,2.039778e+01,2.036280e+01,2.033481e+01,2.027181e+01,2.032782e+01,2.030682e+01,2.033481e+01,2.039078e+01,2.034881e+01,2.029982e+01,2.023680e+01,2.025080e+01,2.029982e+01,2.029982e+01,2.022979e+01,2.027881e+01,2.029982e+01,2.039778e+01,2.032082e+01,2.038379e+01,2.029282e+01,2.040477e+01,2.040477e+01,2.043973e+01,2.044672e+01,2.044672e+01,2.041176e+01,2.048865e+01,2.040477e+01,2.045371e+01,2.042575e+01,2.043274e+01,2.054453e+01,2.043274e+01,2.058643e+01,2.058643e+01,2.061434e+01,2.057944e+01,2.053755e+01,2.069108e+01,2.062132e+01,2.057944e+01,2.054453e+01,2.063528e+01,2.059340e+01,2.060736e+01,2.084437e+01,2.062132e+01,2.053057e+01,2.057944e+01,2.064923e+01,2.058643e+01,2.060039e+01,2.060736e+01,2.061434e+01,2.057944e+01,2.065621e+01,2.064225e+01,2.062830e+01,2.057944e+01,2.066318e+01,2.052358e+01,2.070502e+01,2.057944e+01,2.053057e+01,2.049564e+01,2.055850e+01,2.055850e+01,2.073988e+01,2.054453e+01,2.056548e+01,2.059340e+01,2.055850e+01,2.057246e+01,2.061434e+01,2.049564e+01,2.043274e+01,2.051660e+01,2.053057e+01,2.055850e+01,2.062830e+01,2.050961e+01,2.055850e+01,2.057944e+01,2.056548e+01,2.052358e+01,2.053755e+01,2.053057e+01,2.054453e+01,2.057246e+01,2.062830e+01,2.050961e+01,2.057246e+01,2.055152e+01,2.051660e+01,2.060736e+01,2.054453e+01,2.064923e+01,2.059340e+01,2.062132e+01,2.062830e+01,2.060736e+01,2.064225e+01,2.070502e+01,2.060736e+01,2.062132e+01,2.061434e+01,2.055850e+01,2.062132e+01,2.064923e+01,2.057246e+01,2.062830e+01,2.061434e+01,2.056548e+01,2.060039e+01,2.059340e+01,2.060736e+01,2.069108e+01,2.070502e+01,2.065621e+01,2.071897e+01,2.075382e+01,2.062830e+01,2.069108e+01,2.061434e+01,2.071200e+01,2.064225e+01,2.069805e+01,2.065621e+01,2.065621e+01,2.064923e+01,2.070502e+01,2.069805e+01,2.074685e+01,2.062132e+01,2.069108e+01,2.069805e+01,2.069108e+01,2.069805e+01,2.060736e+01,2.069108e+01,2.066318e+01,2.064225e+01,2.067713e+01,2.060736e+01,2.072594e+01,2.066318e+01,2.075382e+01,2.071897e+01,2.071897e+01,2.062830e+01,2.063528e+01,2.075382e+01,2.076775e+01,2.071200e+01,2.064225e+01,2.071897e+01,2.074685e+01,2.070502e+01,2.066318e+01,2.064923e+01,2.072594e+01,2.076079e+01,2.073988e+01,2.074685e+01,2.070502e+01,2.074685e+01,2.075382e+01,2.078866e+01,2.075382e+01,2.080259e+01,2.064225e+01,2.083045e+01,2.073988e+01,2.075382e+01,2.068410e+01,2.071897e+01,2.080955e+01,2.071200e+01,2.087918e+01,2.073988e+01,2.076079e+01,2.076775e+01,2.072594e+01,2.073988e+01,2.075382e+01,2.076775e+01,2.076079e+01,2.069805e+01,2.075382e+01,2.077472e+01,2.080259e+01,2.073291e+01,2.073291e+01,2.076079e+01,2.080259e+01,2.080955e+01,2.080955e+01,2.071897e+01,2.078866e+01,2.069805e+01,2.074685e+01,2.073291e+01,2.067016e+01,2.069805e+01,2.070502e+01,2.061434e+01,2.057246e+01,2.047468e+01,2.059340e+01,2.047468e+01,2.050961e+01,2.043274e+01,2.043274e+01,2.052358e+01,2.041176e+01,2.051660e+01,2.047468e+01,2.057246e+01,2.048166e+01,2.054453e+01,2.060039e+01,2.056548e+01,2.062132e+01,2.064225e+01,2.057944e+01,2.068410e+01,2.055152e+01,2.065621e+01,2.062830e+01,2.048865e+01,2.064225e+01,2.053755e+01,2.060039e+01,2.059340e+01,2.055850e+01,2.060736e+01,2.064225e+01,2.062830e+01,2.055152e+01,2.060039e+01,2.062132e+01,2.058643e+01,2.060736e+01,2.061434e+01,2.055850e+01,2.045371e+01,2.058643e+01,2.060039e+01,2.059340e+01,2.060736e+01,2.058643e+01,2.064225e+01,2.059340e+01,2.062132e+01,2.064923e+01,2.067016e+01,2.064225e+01,2.065621e+01,2.066318e+01,2.062830e+01,2.071200e+01,2.067016e+01,2.065621e+01,2.057944e+01,2.056548e+01,2.062132e+01,2.065621e+01,2.063528e+01,2.058643e+01,2.062132e+01,2.062132e+01,2.067713e+01,2.062830e+01,2.071897e+01,2.068410e+01,2.063528e+01,2.067713e+01,2.064225e+01,2.063528e+01,2.065621e+01,2.064225e+01,2.061434e+01,2.059340e+01,2.062132e+01,2.075382e+01,2.059340e+01,2.072594e+01,2.076079e+01,2.069108e+01,2.069108e+01,2.071200e+01,2.061434e+01,2.062132e+01,2.061434e+01,2.063528e+01,2.065621e+01,2.065621e+01,2.060736e+01,2.069805e+01,2.053755e+01,2.069805e+01,2.069805e+01,2.059340e+01,2.060039e+01,2.056548e+01,2.046070e+01,2.053755e+01,2.048166e+01,2.064923e+01,2.053755e+01,2.047468e+01,2.052358e+01,2.043274e+01,2.043973e+01,2.034881e+01,2.042575e+01,2.035581e+01,2.035581e+01,2.035581e+01,2.031382e+01,2.032782e+01,2.033481e+01,2.034181e+01,2.033481e+01,2.041176e+01,2.041176e+01,2.048865e+01,2.046769e+01,2.049564e+01,2.051660e+01,2.054453e+01,2.050262e+01,2.051660e+01,2.052358e+01,2.052358e+01,2.057246e+01,2.050961e+01,2.060039e+01,2.057944e+01,2.058643e+01,2.055152e+01,2.058643e+01,2.060039e+01,2.061434e+01,2.064225e+01,2.064225e+01,2.061434e+01,2.061434e+01,2.059340e+01,2.060039e+01,2.057246e+01,2.057944e+01,2.069108e+01,2.062830e+01,2.050262e+01,2.055850e+01,2.057246e+01,2.053057e+01,2.054453e+01,2.057944e+01,2.055152e+01,2.062132e+01,2.030682e+01,2.052358e+01,2.060039e+01,2.060039e+01,2.061434e+01,2.055850e+01,2.055152e+01,2.067713e+01,2.055850e+01,2.066318e+01,2.062132e+01,2.046070e+01,2.056548e+01,2.053755e+01,2.054453e+01,2.052358e+01,2.050961e+01,2.045371e+01,2.044672e+01,2.042575e+01,2.044672e+01,2.042575e+01,2.041875e+01,2.041176e+01,2.058643e+01,2.055152e+01,2.052358e+01,2.048865e+01,2.050961e+01,2.058643e+01,2.053755e+01,2.047468e+01,2.056548e+01,2.046769e+01,2.060736e+01,2.052358e+01,2.048865e+01,2.041176e+01,2.048865e+01,2.044672e+01,2.056548e+01,2.041875e+01,2.055850e+01,2.052358e+01,2.046769e+01,2.034881e+01,2.034881e+01,2.040477e+01,2.040477e+01,2.039778e+01,2.042575e+01,2.033481e+01,2.036980e+01,2.041176e+01,2.048166e+01,2.046769e+01,2.047468e+01,2.044672e+01,2.050262e+01,2.051660e+01,2.037679e+01,2.041176e+01,2.036980e+01,2.046070e+01,2.034881e+01,2.047468e+01,2.036280e+01,2.035581e+01,2.040477e+01,2.037679e+01,2.047468e+01,2.041875e+01,2.050262e+01,2.045371e+01,2.060736e+01,2.046769e+01,2.053057e+01,2.052358e+01,2.065621e+01,2.046769e+01,2.050262e+01,2.053057e+01,2.047468e+01,2.053755e+01,2.048166e+01,2.045371e+01,2.047468e+01,2.053057e+01,2.052358e+01,2.050262e+01,2.053755e+01,2.050961e+01,2.043973e+01,2.061434e+01,2.076775e+01,2.091398e+01,2.083741e+01,2.094180e+01,2.083045e+01,2.082348e+01,2.080259e+01,2.078866e+01,2.078866e+01,2.081652e+01,2.074685e+01,2.078169e+01,2.081652e+01,2.075382e+01,2.082348e+01,2.076079e+01,2.083045e+01,2.078169e+01,2.073988e+01,2.090006e+01,2.092093e+01,2.106693e+01,2.096962e+01,2.081652e+01,2.080955e+01,2.071200e+01,2.105999e+01,2.095572e+01,2.076079e+01,2.089310e+01,2.091398e+01,2.086526e+01,2.090702e+01,2.092093e+01,2.089310e+01,2.088614e+01,2.091398e+01,2.092093e+01,2.083741e+01,2.083045e+01,2.086526e+01,2.083045e+01,2.086526e+01,2.077472e+01,2.083045e+01,2.076775e+01,2.069108e+01,2.083741e+01,2.076079e+01,2.073291e+01,2.080259e+01,2.086526e+01,2.067016e+01,2.073988e+01,2.083741e+01,2.078866e+01,2.079562e+01,2.083741e+01,2.080259e+01,2.070502e+01,2.083741e+01,2.086526e+01,2.078169e+01,2.083045e+01,2.079562e+01,2.076079e+01,2.073291e+01,2.076775e+01,2.077472e+01,2.066318e+01,2.083741e+01,2.077472e+01,2.075382e+01,2.080955e+01,2.074685e+01,2.074685e+01,2.079562e+01,2.067016e+01,2.067713e+01,2.073988e+01,2.077472e+01,2.069805e+01,2.061434e+01,2.080259e+01,2.099744e+01,2.073988e+01
2.073291e+01,2.081652e+01,2.084437e+01,2.085830e+01,2.073988e+01,2.069805e+01,2.070502e+01,2.071897e+01,2.070502e+01,2.055850e+01,2.065621e+01,2.041875e+01,2.040477e+01,2.036280e+01,2.034181e+01,2.041176e+01,2.028582e+01,2.029282e+01,2.023680e+01,2.013868e+01,2.019476e+01,2.018775e+01,2.024380e+01,2.030682e+01,2.010362e+01,2.013167e+01,2.006152e+01,2.011764e+01,2.005451e+01,2.015270e+01,2.008959e+01,2.007556e+01,2.001941e+01,2.020177e+01,2.019476e+01,1.999133e+01,1.996324e+01,1.997728e+01,1.999133e+01,1.991406e+01,1.994919e+01,1.999835e+01,2.003345e+01,1.996324e+01,1.998431e+01,1.998431e+01,1.989297e+01,1.997728e+01,1.992109e+01,1.994216e+01,1.990000e+01,1.989297e+01,1.985079e+01,1.985079e+01,1.996324e+01,1.999835e+01,1.985079e+01,1.990703e+01,1.998431e+01,1.986485e+01,1.994216e+01,1.994216e+01,1.989297e+01,1.997728e+01,2.001239e+01,1.991406e+01,2.010362e+01,1.984376e+01,1.990703e+01,2.004047e+01,2.001941e+01,2.006854e+01,2.001941e+01,1.999835e+01,2.013868e+01,2.010362e+01,2.013167e+01,2.006854e+01,2.021578e+01,2.022278e+01,2.018074e+01,2.027181e+01,2.025781e+01,2.027181e+01,2.031382e+01,2.034881e+01,2.034181e+01,2.039078e+01,2.035581e+01,2.034881e+01,2.034881e+01,2.041176e+01,2.041176e+01,2.039778e+01,2.045371e+01,2.035581e+01,2.044672e+01,2.039778e+01,2.041875e+01,2.040477e+01,2.031382e+01,2.025080e+01,2.034181e+01,2.029282e+01,2.022979e+01,2.032782e+01,2.025080e+01,2.032782e+01,2.035581e+01,2.027181e+01,2.024380e+01,2.032082e+01,2.028582e+01,2.035581e+01,2.036280e+01,2.032782e+01,2.036280e+01,2.037679e+01,2.045371e+01,2.039778e+01,2.053057e+01,2.043973e+01,2.045371e+01,2.042575e+01,2.046769e+01,2.050961e+01,2.045371e+01,2.044672e+01,2.056548e+01,2.056548e+01,2.048166e+01,2.053755e+01,2.055152e+01,2.062830e+01,2.062132e+01,2.060039e+01,2.065621e+01,2.070502e+01,2.062830e+01,2.055152e+01,2.076079e+01,2.062830e+01,2.061434e+01,2.062132e+01,2.067713e+01,2.064225e+01,2.050961e+01,2.061434e+01,2.058643e+01,2.058643e+01,2.059340e+01,2.053755e+01,2.057944e+01,2.057944e+01,2.060039e+01,2.062830e+01,2.052358e+01,2.055152e+01,2.055850e+01,2.053057e+01,2.052358e+01,2.048166e+01,2.056548e+01,2.054453e+01,2.055850e+01,2.050961e+01,2.057944e+01,2.055850e+01,2.055850e+01,2.050262e+01,2.048166e+01,2.057246e+01,2.056548e+01,2.057944e+01,2.049564e+01,2.055850e+01,2.053755e+01,2.058643e+01,2.057944e+01,2.053755e+01,2.052358e+01,2.054453e+01,2.053057e+01,2.056548e+01,2.057246e+01,2.055850e+01,2.061434e+01,2.055850e+01,2.059340e+01,2.055850e+01,2.060736e+01,2.057246e+01,2.053755e+01,2.057246e+01,2.060039e+01,2.063528e+01,2.063528e+01,2.062132e+01,2.062830e+01,2.057944e+01,2.069805e+01,2.064225e+01,2.064923e+01,2.065621e+01,2.062830e+01,2.085830e+01,2.063528e+01,2.062132e+01,2.062830e+01,2.055152e+01,2.053755e+01,2.060736e+01,2.059340e+01,2.059340e+01,2.060039e+01,2.067713e+01,2.068410e+01,2.057944e+01,2.070502e+01,2.069805e+01,2.063528e+01,2.068410e+01,2.062830e+01,2.061434e+01,2.064225e+01,2.065621e+01,2.064923e+01,2.065621e+01,2.067713e+01,2.071200e+01,2.068410e+01,2.065621e+01,2.069108e+01,2.069805e+01,2.069805e+01,2.064923e+01,2.069108e+01,2.065621e+01,2.061434e+01,2.071897e+01,2.065621e+01,2.065621e+01,2.046769e+01,2.069108e+01,2.067016e+01,2.070502e+01,2.073291e+01,2.069108e+01,2.064225e+01,2.065621e+01,2.072594e+01,2.068410e+01,2.067016e+01,2.071897e+01,2.064923e+01,2.063528e+01,2.068410e+01,2.064923e+01,2.076079e+01,2.074685e+01,2.075382e+01,2.073988e+01,2.072594e+01,2.069108e+01,2.072594e+01,2.076079e+01,2.071200e+01,2.073988e+01,2.075382e+01,2.078866e+01,2.074685e+01,2.068410e+01,2.073291e+01,2.077472e+01,2.074685e+01,2.074685e+01,2.075382e+01,2.072594e+01,2.086526e+01,2.085830e+01,2.076079e+01,2.069805e+01,2.072594e+01,2.076775e+01,2.073291e+01,2.072594e+01,2.071200e+01,2.066318e+01,2.076775e+01,2.075382e+01,2.075382e+01,2.073988e+01,2.070502e+01,2.069805e+01,2.070502e+01,2.075382e+01,2.069108e+01,2.073988e+01,2.075382e+01,2.072594e+01,2.071200e+01,2.071200e+01,2.061434e+01,2.072594e+01,2.064225e+01,2.059340e+01,2.050262e+01,2.049564e+01,2.046769e+01,2.051660e+01,2.044672e+01,2.052358e+01,2.051660e+01,2.051660e+01,2.053755e+01,2.048166e+01,2.053755e+01,2.058643e+01,2.060039e+01,2.062132e+01,2.063528e+01,2.062132e+01,2.061434e+01,2.056548e+01,2.055850e+01,2.066318e+01,2.064923e+01,2.065621e+01,2.055152e+01,2.061434e+01,2.057246e+01,2.055850e+01,2.060039e+01,2.050961e+01,2.052358e+01,2.060039e+01,2.055850e+01,2.061434e+01,2.063528e+01,2.059340e+01,2.060039e+01,2.061434e+01,2.060736e+01,2.060736e+01,2.061434e+01,2.064225e+01,2.055152e+01,2.055152e+01,2.058643e+01,2.060736e+01,2.062830e+01,2.067713e+01,2.055152e+01,2.063528e+01,2.060039e+01,2.067713e+01,2.060039e+01,2.065621e+01,2.060039e+01,2.070502e+01,2.071200e+01,2.064225e+01,2.064923e+01,2.067016e+01,2.062830e+01,2.060039e+01,2.067016e+01,2.064923e+01,2.064225e+01,2.057246e+01,2.066318e+01,2.065621e+01,2.070502e+01,2.071897e+01,2.062132e+01,2.064923e+01,2.064225e+01,2.066318e+01,2.067713e+01,2.062132e+01,2.057944e+01,2.076079e+01,2.058643e+01,2.074685e+01,2.069108e+01,2.064225e+01,2.069805e+01,2.067713e+01,2.067713e+01,2.071200e+01,2.058643e+01,2.060039e+01,2.066318e+01,2.061434e+01,2.058643e+01,2.065621e+01,2.062132e+01,2.061434e+01,2.061434e+01,2.072594e+01,2.067713e+01,2.058643e+01,2.056548e+01,2.059340e+01,2.047468e+01,2.053755e+01,2.054453e+01,2.053755e+01,2.050961e+01,2.052358e+01,2.041176e+01,2.043274e+01,2.043973e+01,2.043973e+01,2.039078e+01,2.040477e+01,2.034881e+01,2.032082e+01,2.026481e+01,2.034181e+01,2.024380e+01,2.034181e+01,2.048865e+01,2.048166e+01,2.040477e+01,2.048865e+01,2.046070e+01,2.040477e+01,2.048166e+01,2.058643e+01,2.048166e+01,2.051660e+01,2.038379e+01,2.057246e+01,2.055850e+01,2.056548e+01,2.046070e+01,2.058643e+01,2.061434e+01,2.059340e+01,2.055152e+01,2.050961e+01,2.054453e+01,2.064923e+01,2.062132e+01,2.060039e+01,2.055152e+01,2.064923e+01,2.062132e+01,2.053755e+01,2.057944e+01,2.048865e+01,2.054453e+01,2.057246e+01,2.048865e+01,2.055152e+01,2.059340e+01,2.063528e+01,2.056548e+01,2.055850e+01,2.051660e+01,2.062830e+01,2.057246e+01,2.054453e+01,2.055850e+01,2.058643e+01,2.059340e+01,2.061434e+01,2.060039e+01,2.077472e+01,2.060736e+01,2.066318e+01,2.064225e+01,2.055152e+01,2.052358e+01,2.046070e+01,2.052358e+01,2.050961e+01,2.046769e+01,2.046769e+01,2.043274e+01,2.044672e+01,2.041875e+01,2.048166e+01,2.047468e+01,2.048865e+01,2.044672e+01,2.048865e+01,2.049564e+01,2.046769e+01,2.050262e+01,2.052358e+01,2.053057e+01,2.041875e+01,2.039078e+01,2.048166e+01,2.041176e+01,2.042575e+01,2.045371e+01,2.045371e+01,2.046070e+01,2.052358e+01,2.045371e+01,2.041875e+01,2.053057e+01,2.039778e+01,2.025781e+01,2.034181e+01,2.035581e+01,2.042575e+01,2.030682e+01,2.039778e+01,2.033481e+01,2.041875e+01,2.032082e+01,2.042575e+01,2.047468e+01,2.050961e+01,2.050961e+01,2.050961e+01,2.039778e+01,2.040477e+01,2.039078e+01,2.040477e+01,2.040477e+01,2.036280e+01,2.050961e+01,2.040477e+01,2.039078e+01,2.043973e+01,2.043274e+01,2.035581e+01,2.053057e+01,2.046769e+01,2.048865e+01,2.049564e+01,2.050262e+01,2.049564e+01,2.066318e+01,2.044672e+01,2.055152e+01,2.032082e+01,2.050961e+01,2.054453e+01,2.045371e+01,2.040477e+01,2.051660e+01,2.055850e+01,2.056548e+01,2.047468e+01,2.060039e+01,2.052358e+01,2.042575e+01,2.072594e+01,2.072594e+01,2.072594e+01,2.083045e+01,2.081652e+01,2.081652e+01,2.080955e+01,2.083045e+01,2.080955e+01,2.079562e+01,2.087222e+01,2.083045e+01,2.087222e+01,2.087222e+01,2.083741e+01,2.078866e+01,2.075382e+01,2.085830e+01,2.078169e+01,2.076775e+01,2.085830e+01,2.078866e+01,2.083741e+01,2.086526e+01,2.079562e+01,2.087222e+01,2.093485e+01,2.108083e+01,2.098353e+01,2.087918e+01,2.092093e+01,2.088614e+01,2.088614e+01,2.090006e+01,2.086526e+01,2.090006e+01,2.085830e+01,2.087918e+01,2.063528e+01,2.089310e+01,2.095572e+01,2.078169e+01,2.082348e+01,2.078169e+01,2.067016e+01,2.081652e+01,2.076079e+01,2.082348e+01,2.081652e+01,2.085134e+01,2.071897e+01,2.073291e+01,2.071897e+01,2.067713e+01,2.080259e+01,2.068410e+01,2.092093e+01,2.071200e+01,2.082348e+01,2.084437e+01,2.081652e+01,2.085134e+01,2.093485e+01,2.064225e+01,2.085134e+01,2.077472e+01,2.080259e+01,2.077472e+01,2.072594e+01,2.076775e+01,2.082348e+01,2.067713e+01,2.073291e+01,2.078866e+01,2.075382e+01,2.078169e+01,2.071897e+01,2.083045e+01,2.078169e+01,2.071200e+01,2.074685e+01,2.076775e+01,2.062132e+01,2.079562e+01,2.067713e+01,2.078866e+01,2.077472e+01
2.076079e+01,2.072594e+01,2.073988e+01,2.074685e+01,2.083045e+01,2.054453e+01,2.071200e+01,2.067713e+01,2.069108e+01,2.055152e+01,2.057944e+01,2.053057e+01,2.052358e+01,2.035581e+01,2.034181e+01,2.029982e+01,2.022979e+01,2.020877e+01,2.027181e+01,2.017373e+01,2.002643e+01,2.026481e+01,2.011063e+01,2.007556e+01,1.993514e+01,2.006854e+01,2.010362e+01,2.009660e+01,1.987892e+01,2.012466e+01,1.994919e+01,2.001239e+01,2.000537e+01,1.997728e+01,1.999835e+01,2.002643e+01,2.012466e+01,1.994216e+01,1.991406e+01,1.994919e+01,1.989297e+01,2.006152e+01,1.997026e+01,1.997728e+01,1.997728e+01,1.999835e+01,1.989297e+01,1.994216e+01,1.991406e+01,1.992811e+01,1.988594e+01,1.994216e+01,1.986485e+01,1.987189e+01,1.982266e+01,1.985079e+01,1.985079e+01,1.987892e+01,1.991406e+01,1.992109e+01,1.999133e+01,1.992109e+01,1.991406e+01,2.003345e+01,1.983673e+01,2.001239e+01,1.999835e+01,1.987189e+01,1.992811e+01,1.992109e+01,2.004047e+01,2.007556e+01,1.999835e+01,2.010362e+01,2.010362e+01,2.009660e+01,2.010362e+01,2.007556e+01,2.008959e+01,2.017373e+01,2.015270e+01,2.013868e+01,2.028582e+01,2.022979e+01,2.032082e+01,2.032782e+01,2.027881e+01,2.038379e+01,2.026481e+01,2.044672e+01,2.044672e+01,2.034181e+01,2.044672e+01,2.032082e+01,2.039078e+01,2.036280e+01,2.031382e+01,2.031382e+01,2.041875e+01,2.025781e+01,2.030682e+01,2.025781e+01,2.036280e+01,2.027881e+01,2.033481e+01,2.013167e+01,2.019476e+01,2.022278e+01,2.025781e+01,2.026481e+01,2.026481e+01,2.036280e+01,2.035581e+01,2.037679e+01,2.030682e+01,2.032082e+01,2.035581e+01,2.034881e+01,2.033481e+01,2.047468e+01,2.048865e+01,2.043973e+01,2.032782e+01,2.042575e+01,2.050262e+01,2.051660e+01,2.050262e+01,2.046070e+01,2.055850e+01,2.053057e+01,2.051660e+01,2.053755e+01,2.051660e+01,2.055152e+01,2.050961e+01,2.060736e+01,2.045371e+01,2.060039e+01,2.065621e+01,2.065621e+01,2.064923e+01,2.065621e+01,2.055850e+01,2.064923e+01,2.067713e+01,2.050262e+01,2.060736e+01,2.060736e+01,2.059340e+01,2.058643e+01,2.056548e+01,2.062830e+01,2.067016e+01,2.068410e+01,2.065621e+01,2.053057e+01,2.067713e+01,2.054453e+01,2.054453e+01,2.053057e+01,2.068410e+01,2.051660e+01,2.065621e+01,2.057944e+01,2.057246e+01,2.051660e+01,2.048166e+01,2.050961e+01,2.050262e+01,2.050262e+01,2.054453e+01,2.061434e+01,2.044672e+01,2.057944e+01,2.055152e+01,2.052358e+01,2.055850e+01,2.053755e+01,2.047468e+01,2.060736e+01,2.060736e+01,2.054453e+01,2.055850e+01,2.048166e+01,2.062830e+01,2.053057e+01,2.039078e+01,2.057944e+01,2.055152e+01,2.051660e+01,2.046070e+01,2.057246e+01,2.046070e+01,2.049564e+01,2.060039e+01,2.043274e+01,2.043973e+01,2.060039e+01,2.066318e+01,2.068410e+01,2.065621e+01,2.062132e+01,2.069108e+01,2.063528e+01,2.064923e+01,2.055850e+01,2.052358e+01,2.053057e+01,2.051660e+01,2.064923e+01,2.061434e+01,2.065621e+01,2.063528e+01,2.067016e+01,2.062830e+01,2.062132e+01,2.066318e+01,2.062830e+01,2.068410e+01,2.063528e+01,2.062830e+01,2.075382e+01,2.072594e+01,2.062830e+01,2.063528e+01,2.071200e+01,2.067016e+01,2.061434e+01,2.062132e+01,2.070502e+01,2.061434e+01,2.062132e+01,2.067016e+01,2.069108e+01,2.064923e+01,2.058643e+01,2.069805e+01,2.067016e+01,2.068410e+01,2.060736e+01,2.064225e+01,2.064923e+01,2.073291e+01,2.069108e+01,2.070502e+01,2.068410e+01,2.071200e+01,2.066318e+01,2.069108e+01,2.073988e+01,2.070502e+01,2.078169e+01,2.077472e+01,2.071200e+01,2.067016e+01,2.071897e+01,2.064923e+01,2.062132e+01,2.069805e+01,2.071200e+01,2.074685e+01,2.074685e+01,2.072594e+01,2.073988e+01,2.078169e+01,2.075382e+01,2.073291e+01,2.080259e+01,2.074685e+01,2.066318e+01,2.067713e+01,2.084437e+01,2.068410e+01,2.065621e+01,2.075382e+01,2.064225e+01,2.072594e+01,2.074685e+01,2.074685e+01,2.073988e+01,2.075382e+01,2.069805e+01,2.075382e+01,2.064923e+01,2.075382e+01,2.075382e+01,2.062830e+01,2.057944e+01,2.067713e+01,2.062830e+01,2.072594e+01,2.065621e+01,2.071200e+01,2.062830e+01,2.076079e+01,2.066318e+01,2.071897e+01,2.071200e+01,2.073988e+01,2.071200e+01,2.062830e+01,2.071200e+01,2.072594e+01,2.067713e+01,2.059340e+01,2.060039e+01,2.053755e+01,2.058643e+01,2.054453e+01,2.044672e+01,2.053755e+01,2.062830e+01,2.055850e+01,2.048166e+01,2.054453e+01,2.050262e+01,2.053755e+01,2.057944e+01,2.060039e+01,2.061434e+01,2.060736e+01,2.056548e+01,2.057944e+01,2.065621e+01,2.057944e+01,2.062830e+01,2.050262e+01,2.065621e+01,2.052358e+01,2.053057e+01,2.062830e+01,2.051660e+01,2.052358e+01,2.053057e+01,2.060039e+01,2.060039e+01,2.055152e+01,2.055152e+01,2.053755e+01,2.053755e+01,2.060736e+01,2.061434e+01,2.064225e+01,2.060736e+01,2.063528e+01,2.058643e+01,2.057246e+01,2.060039e+01,2.060736e+01,2.057246e+01,2.069805e+01,2.063528e+01,2.062132e+01,2.055152e+01,2.055850e+01,2.062132e+01,2.059340e+01,2.062830e+01,2.067713e+01,2.067016e+01,2.065621e+01,2.056548e+01,2.053755e+01,2.065621e+01,2.067016e+01,2.065621e+01,2.057246e+01,2.060736e+01,2.062132e+01,2.068410e+01,2.066318e+01,2.066318e+01,2.064225e+01,2.062830e+01,2.069805e+01,2.071200e+01,2.053755e+01,2.066318e+01,2.061434e+01,2.060736e+01,2.060736e+01,2.062132e+01,2.056548e+01,2.069805e+01,2.069108e+01,2.064225e+01,2.071897e+01,2.070502e+01,2.064923e+01,2.064225e+01,2.060039e+01,2.067713e+01,2.064923e+01,2.072594e+01,2.067016e+01,2.072594e+01,2.061434e+01,2.067713e+01,2.067713e+01,2.060736e+01,2.067016e+01,2.057944e+01,2.048166e+01,2.049564e+01,2.048865e+01,2.050961e+01,2.055152e+01,2.050262e+01,2.053057e+01,2.050961e+01,2.039778e+01,2.036280e+01,2.041176e+01,2.048166e+01,2.036980e+01,2.034881e+01,2.034181e+01,2.028582e+01,2.027881e+01,2.025080e+01,2.030682e+01,2.033481e+01,2.041875e+01,2.043274e+01,2.041875e+01,2.050961e+01,2.060736e+01,2.047468e+01,2.048865e+01,2.056548e+01,2.045371e+01,2.046070e+01,2.047468e+01,2.048865e+01,2.046769e+01,2.055850e+01,2.049564e+01,2.056548e+01,2.054453e+01,2.062830e+01,2.049564e+01,2.058643e+01,2.057944e+01,2.059340e+01,2.060736e+01,2.061434e+01,2.053057e+01,2.057944e+01,2.058643e+01,2.053057e+01,2.054453e+01,2.053755e+01,2.055152e+01,2.065621e+01,2.056548e+01,2.049564e+01,2.064923e+01,2.053755e+01,2.062830e+01,2.056548e+01,2.053057e+01,2.058643e+01,2.057246e+01,2.067713e+01,2.063528e+01,2.048166e+01,2.053057e+01,2.047468e+01,2.046070e+01,2.057944e+01,2.052358e+01,2.046769e+01,2.050262e+01,2.053755e+01,2.052358e+01,2.050961e+01,2.054453e+01,2.049564e+01,2.050262e+01,2.038379e+01,2.046070e+01,2.041875e+01,2.041176e+01,2.041875e+01,2.053057e+01,2.046070e+01,2.046769e+01,2.041875e+01,2.047468e+01,2.047468e+01,2.048166e+01,2.050262e+01,2.050961e+01,2.048166e+01,2.051660e+01,2.050262e+01,2.060039e+01,2.050961e+01,2.048166e+01,2.050262e+01,2.040477e+01,2.049564e+01,2.043274e+01,2.034881e+01,2.035581e+01,2.038379e+01,2.025781e+01,2.021578e+01,2.026481e+01,2.034881e+01,2.039078e+01,2.036980e+01,2.041875e+01,2.036980e+01,2.034881e+01,2.041176e+01,2.048166e+01,2.044672e+01,2.046769e+01,2.048166e+01,2.035581e+01,2.045371e+01,2.040477e+01,2.041176e+01,2.048166e+01,2.040477e+01,2.038379e+01,2.026481e+01,2.032782e+01,2.033481e+01,2.031382e+01,2.049564e+01,2.043973e+01,2.049564e+01,2.056548e+01,2.050262e+01,2.039078e+01,2.046070e+01,2.046769e+01,2.050961e+01,2.047468e+01,2.044672e+01,2.048865e+01,2.050961e+01,2.048166e+01,2.049564e+01,2.048865e+01,2.042575e+01,2.043973e+01,2.046769e+01,2.049564e+01,2.049564e+01,2.055850e+01,2.065621e+01,2.085134e+01,2.087918e+01,2.082348e+01,2.081652e+01,2.083741e+01,2.097658e+01,2.082348e+01,2.086526e+01,2.077472e+01,2.087918e+01,2.080955e+01,2.075382e+01,2.078169e+01,2.081652e+01,2.073988e+01,2.079562e+01,2.090006e+01,2.087918e+01,2.078866e+01,2.087918e+01,2.097658e+01,2.086526e+01,2.084437e+01,2.084437e+01,2.094876e+01,2.087918e+01,2.095572e+01,2.105304e+01,2.094180e+01,2.096267e+01,2.104609e+01,2.090702e+01,2.071200e+01,2.073988e+01,2.089310e+01,2.089310e+01,2.083741e+01,2.074685e+01,2.081652e+01,2.080955e+01,2.077472e+01,2.076775e+01,2.077472e+01,2.073988e+01,2.069805e+01,2.077472e+01,2.078866e+01,2.077472e+01,2.071897e+01,2.082348e+01,2.081652e+01,2.069108e+01,2.070502e+01,2.068410e+01,2.070502e+01,2.077472e+01,2.081652e+01,2.068410e+01,2.069108e+01,2.075382e+01,2.075382e+01,2.078169e+01,2.078866e+01,2.079562e+01,2.072594e+01,2.070502e+01,2.075382e+01,2.076079e+01,2.069108e+01,2.076079e+01,2.067016e+01,2.071200e+01,2.066318e+01,2.085134e+01,2.084437e+01,2.085134e+01,2.079562e+01,2.072594e+01,2.045371e+01,2.078866e+01,2.076775e+01,2.066318e+01,2.064225e+01,2.064923e+01,2.072594e+01,2.069108e+01
2.068410e+01,2.075382e+01,2.061434e+01,2.071897e+01,2.080259e+01,2.067016e+01,2.070502e+01,2.067713e+01,2.067713e+01,2.053057e+01,2.052358e+01,2.050961e+01,2.060039e+01,2.049564e+01,2.028582e+01,2.019476e+01,2.026481e+01,2.018074e+01,2.024380e+01,2.009660e+01,2.019476e+01,2.017373e+01,2.002643e+01,2.006152e+01,2.008257e+01,2.032782e+01,2.014569e+01,2.012466e+01,1.989297e+01,1.991406e+01,1.994216e+01,1.990703e+01,2.000537e+01,2.001941e+01,2.001941e+01,1.999835e+01,1.997026e+01,2.005451e+01,2.001239e+01,2.001239e+01,1.990703e+01,1.997728e+01,1.998431e+01,2.010362e+01,1.999133e+01,1.992109e+01,1.994216e+01,1.990703e+01,1.992811e+01,1.994216e+01,1.993514e+01,1.988594e+01,1.997026e+01,1.997728e+01,1.987189e+01,1.985079e+01,1.989297e+01,1.999835e+01,1.988594e+01,1.985079e+01,1.991406e+01,1.987189e+01,1.991406e+01,1.991406e+01,1.994216e+01,2.001239e+01,1.999133e+01,2.001941e+01,1.992109e+01,1.995621e+01,1.990703e+01,2.009660e+01,2.022979e+01,2.006854e+01,2.001941e+01,2.009660e+01,2.008257e+01,2.006854e+01,2.027181e+01,2.029982e+01,2.022278e+01,2.024380e+01,2.032782e+01,2.035581e+01,2.023680e+01,2.035581e+01,2.041176e+01,2.024380e+01,2.039078e+01,2.032782e+01,2.034881e+01,2.034181e+01,2.032782e+01,2.037679e+01,2.031382e+01,2.049564e+01,2.041875e+01,2.032082e+01,2.029282e+01,2.022278e+01,2.033481e+01,2.025781e+01,2.032782e+01,1.999133e+01,2.025781e+01,2.030682e+01,2.022979e+01,2.030682e+01,2.024380e+01,2.034181e+01,2.025781e+01,2.030682e+01,2.029982e+01,2.036280e+01,2.034181e+01,2.035581e+01,2.036980e+01,2.032782e+01,2.043274e+01,2.021578e+01,2.036980e+01,2.048166e+01,2.042575e+01,2.048166e+01,2.041875e+01,2.049564e+01,2.055152e+01,2.055152e+01,2.048865e+01,2.052358e+01,2.055152e+01,2.040477e+01,2.050961e+01,2.046769e+01,2.057246e+01,2.056548e+01,2.065621e+01,2.059340e+01,2.061434e+01,2.065621e+01,2.058643e+01,2.065621e+01,2.060736e+01,2.067016e+01,2.063528e+01,2.057246e+01,2.052358e+01,2.064225e+01,2.057246e+01,2.060039e+01,2.057944e+01,2.058643e+01,2.061434e+01,2.064225e+01,2.064225e+01,2.052358e+01,2.056548e+01,2.055850e+01,2.053755e+01,2.052358e+01,2.050961e+01,2.053057e+01,2.053755e+01,2.051660e+01,2.046070e+01,2.047468e+01,2.056548e+01,2.057246e+01,2.052358e+01,2.054453e+01,2.059340e+01,2.047468e+01,2.058643e+01,2.049564e+01,2.048166e+01,2.057246e+01,2.048166e+01,2.057246e+01,2.055850e+01,2.060736e+01,2.049564e+01,2.050262e+01,2.059340e+01,2.058643e+01,2.052358e+01,2.046070e+01,2.046769e+01,2.061434e+01,2.064225e+01,2.050961e+01,2.055850e+01,2.047468e+01,2.050262e+01,2.064225e+01,2.062132e+01,2.059340e+01,2.055850e+01,2.064923e+01,2.060039e+01,2.057944e+01,2.063528e+01,2.057944e+01,2.062132e+01,2.055152e+01,2.064225e+01,2.061434e+01,2.065621e+01,2.054453e+01,2.052358e+01,2.063528e+01,2.067016e+01,2.053057e+01,2.067713e+01,2.064923e+01,2.069108e+01,2.057246e+01,2.063528e+01,2.071200e+01,2.069805e+01,2.065621e+01,2.062830e+01,2.071200e+01,2.066318e+01,2.065621e+01,2.062830e+01,2.064923e+01,2.064923e+01,2.060039e+01,2.065621e+01,2.065621e+01,2.078866e+01,2.061434e+01,2.071897e+01,2.066318e+01,2.071897e+01,2.069805e+01,2.060736e+01,2.064923e+01,2.070502e+01,2.073291e+01,2.067016e+01,2.063528e+01,2.067713e+01,2.065621e+01,2.073291e+01,2.071200e+01,2.071200e+01,2.073291e+01,2.071200e+01,2.075382e+01,2.064225e+01,2.085134e+01,2.063528e+01,2.066318e+01,2.073988e+01,2.074685e+01,2.071200e+01,2.071200e+01,2.077472e+01,2.073291e+01,2.072594e+01,2.074685e+01,2.074685e+01,2.071200e+01,2.078866e+01,2.077472e+01,2.078169e+01,2.069108e+01,2.070502e+01,2.066318e+01,2.067713e+01,2.082348e+01,2.071897e+01,2.064923e+01,2.073988e+01,2.073291e+01,2.075382e+01,2.071897e+01,2.075382e+01,2.074685e+01,2.083741e+01,2.071897e+01,2.070502e+01,2.075382e+01,2.076079e+01,2.058643e+01,2.073988e+01,2.078866e+01,2.077472e+01,2.062830e+01,2.062830e+01,2.063528e+01,2.064923e+01,2.069805e+01,2.076079e+01,2.066318e+01,2.073291e+01,2.073291e+01,2.060736e+01,2.072594e+01,2.064225e+01,2.069805e+01,2.057246e+01,2.047468e+01,2.052358e+01,2.055850e+01,2.050262e+01,2.054453e+01,2.062132e+01,2.056548e+01,2.053057e+01,2.050961e+01,2.066318e+01,2.050262e+01,2.057246e+01,2.054453e+01,2.060039e+01,2.062132e+01,2.060039e+01,2.062830e+01,2.062830e+01,2.057944e+01,2.063528e+01,2.059340e+01,2.060039e+01,2.054453e+01,2.060039e+01,2.056548e+01,2.069108e+01,2.050961e+01,2.049564e+01,2.049564e+01,2.050961e+01,2.050961e+01,2.055850e+01,2.052358e+01,2.057944e+01,2.060039e+01,2.056548e+01,2.058643e+01,2.057944e+01,2.061434e+01,2.056548e+01,2.062132e+01,2.068410e+01,2.057944e+01,2.062830e+01,2.055850e+01,2.060736e+01,2.066318e+01,2.063528e+01,2.071200e+01,2.064923e+01,2.070502e+01,2.065621e+01,2.062132e+01,2.069805e+01,2.068410e+01,2.073291e+01,2.069108e+01,2.073988e+01,2.061434e+01,2.060736e+01,2.073291e+01,2.060736e+01,2.065621e+01,2.057944e+01,2.061434e+01,2.068410e+01,2.071897e+01,2.070502e+01,2.065621e+01,2.067713e+01,2.069805e+01,2.060736e+01,2.065621e+01,2.062132e+01,2.064225e+01,2.063528e+01,2.059340e+01,2.057944e+01,2.057246e+01,2.057944e+01,2.067713e+01,2.064225e+01,2.060736e+01,2.061434e+01,2.060736e+01,2.064225e+01,2.069108e+01,2.064225e+01,2.063528e+01,2.064923e+01,2.066318e+01,2.074685e+01,2.067016e+01,2.069805e+01,2.063528e+01,2.065621e+01,2.064225e+01,2.064923e+01,2.059340e+01,2.057246e+01,2.051660e+01,2.057944e+01,2.055850e+01,2.055850e+01,2.053057e+01,2.053755e+01,2.054453e+01,2.044672e+01,2.040477e+01,2.048166e+01,2.048166e+01,2.036980e+01,2.034181e+01,2.026481e+01,2.025080e+01,2.029982e+01,2.036280e+01,2.022278e+01,2.038379e+01,2.041875e+01,2.044672e+01,2.043274e+01,2.043274e+01,2.052358e+01,2.051660e+01,2.049564e+01,2.059340e+01,2.048865e+01,2.046769e+01,2.047468e+01,2.050961e+01,2.057246e+01,2.052358e+01,2.050961e+01,2.044672e+01,2.056548e+01,2.049564e+01,2.056548e+01,2.048865e+01,2.058643e+01,2.055152e+01,2.057246e+01,2.052358e+01,2.058643e+01,2.053755e+01,2.057246e+01,2.064923e+01,2.055850e+01,2.050961e+01,2.049564e+01,2.048166e+01,2.048865e+01,2.064923e+01,2.057246e+01,2.062132e+01,2.067713e+01,2.050961e+01,2.060039e+01,2.056548e+01,2.057246e+01,2.053755e+01,2.050961e+01,2.063528e+01,2.045371e+01,2.045371e+01,2.057246e+01,2.060039e+01,2.049564e+01,2.050961e+01,2.048166e+01,2.039078e+01,2.049564e+01,2.041176e+01,2.046070e+01,2.050961e+01,2.047468e+01,2.045371e+01,2.035581e+01,2.040477e+01,2.071897e+01,2.039078e+01,2.039778e+01,2.051660e+01,2.046070e+01,2.048166e+01,2.048865e+01,2.039778e+01,2.047468e+01,2.044672e+01,2.043973e+01,2.048865e+01,2.058643e+01,2.050961e+01,2.048166e+01,2.046070e+01,2.046769e+01,2.039778e+01,2.048166e+01,2.034181e+01,2.037679e+01,2.046769e+01,2.036280e+01,2.045371e+01,2.036280e+01,2.019476e+01,2.024380e+01,2.032782e+01,2.032782e+01,2.041176e+01,2.043274e+01,2.034881e+01,2.041875e+01,2.040477e+01,2.042575e+01,2.048166e+01,2.052358e+01,2.046070e+01,2.043274e+01,2.049564e+01,2.041875e+01,2.041176e+01,2.048166e+01,2.039778e+01,2.036980e+01,2.029982e+01,2.034881e+01,2.036280e+01,2.036280e+01,2.041875e+01,2.043973e+01,2.041875e+01,2.053057e+01,2.052358e+01,2.049564e+01,2.053057e+01,2.055850e+01,2.059340e+01,2.053755e+01,2.044672e+01,2.047468e+01,2.051660e+01,2.052358e+01,2.048865e+01,2.037679e+01,2.034181e+01,2.043274e+01,2.049564e+01,2.046070e+01,2.053057e+01,2.065621e+01,2.082348e+01,2.081652e+01,2.090006e+01,2.084437e+01,2.077472e+01,2.083741e+01,2.080259e+01,2.087918e+01,2.079562e+01,2.082348e+01,2.078866e+01,2.084437e+01,2.076775e+01,2.076079e+01,2.092789e+01,2.085134e+01,2.076775e+01,2.079562e+01,2.080955e+01,2.071897e+01,2.078169e+01,2.087918e+01,2.087918e+01,2.085830e+01,2.084437e+01,2.085830e+01,2.087222e+01,2.091398e+01,2.097658e+01,2.092093e+01,2.089310e+01,2.086526e+01,2.089310e+01,2.084437e+01,2.088614e+01,2.089310e+01,2.081652e+01,2.085134e+01,2.064225e+01,2.096267e+01,2.080259e+01,2.086526e+01,2.082348e+01,2.083741e+01,2.076775e+01,2.079562e+01,2.077472e+01,2.089310e+01,2.073988e+01,2.082348e+01,2.081652e+01,2.071200e+01,2.067016e+01,2.076079e+01,2.078866e+01,2.081652e+01,2.076775e+01,2.067713e+01,2.071200e+01,2.076775e+01,2.081652e+01,2.084437e+01,2.081652e+01,2.072594e+01,2.070502e+01,2.055152e+01,2.096267e+01,2.071200e+01,2.067016e+01,2.080259e+01,2.071200e+01,2.071200e+01,2.080955e+01,2.067016e+01,2.072594e+01,2.081652e+01,2.066318e+01,2.067713e+01,2.067016e+01,2.071897e+01,2.080955e+01,2.075382e+01,2.079562e+01,2.078866e+01,2.060039e+01,2.063528e+01,2.078169e+01
2.077472e+01,2.082348e+01,2.078866e+01,2.073988e+01,2.079562e+01,2.068410e+01,2.069108e+01,2.068410e+01,2.069108e+01,2.073291e+01,2.065621e+01,2.062132e+01,2.050262e+01,2.035581e+01,2.036280e+01,2.026481e+01,2.031382e+01,2.022979e+01,2.016672e+01,2.015971e+01,2.027181e+01,2.001239e+01,2.029982e+01,2.013167e+01,2.006152e+01,2.011764e+01,2.008257e+01,2.010362e+01,2.013868e+01,2.019476e+01,2.018074e+01,2.017373e+01,2.005451e+01,2.015971e+01,1.990703e+01,2.005451e+01,1.999835e+01,2.000537e+01,2.001941e+01,1.993514e+01,1.997728e+01,1.999133e+01,1.999835e+01,2.002643e+01,2.004047e+01,1.992109e+01,1.997728e+01,1.999835e+01,1.994216e+01,1.990703e+01,1.990703e+01,1.982969e+01,1.989297e+01,1.988594e+01,1.988594e+01,1.983673e+01,1.982266e+01,1.983673e+01,1.989297e+01,1.987189e+01,1.994216e+01,1.985782e+01,1.993514e+01,1.984376e+01,1.992109e+01,1.999835e+01,1.993514e+01,1.998431e+01,2.007556e+01,2.007556e+01,2.006152e+01,2.011764e+01,2.010362e+01,2.008959e+01,2.011063e+01,2.006152e+01,2.011764e+01,2.025080e+01,2.019476e+01,2.015270e+01,2.020177e+01,2.022278e+01,2.034881e+01,2.027881e+01,2.036980e+01,2.027181e+01,2.037679e+01,2.042575e+01,2.033481e+01,2.041176e+01,2.025781e+01,2.025781e+01,2.027881e+01,2.031382e+01,2.035581e+01,2.039778e+01,2.025781e+01,2.030682e+01,2.027881e+01,2.041875e+01,2.029982e+01,2.017373e+01,2.019476e+01,2.027881e+01,2.019476e+01,2.023680e+01,2.020177e+01,2.023680e+01,2.032082e+01,2.020177e+01,2.026481e+01,2.032082e+01,2.030682e+01,2.036280e+01,2.036980e+01,2.035581e+01,2.039778e+01,2.040477e+01,2.043973e+01,2.033481e+01,2.049564e+01,2.051660e+01,2.039078e+01,2.053057e+01,2.053057e+01,2.037679e+01,2.054453e+01,2.055850e+01,2.048865e+01,2.047468e+01,2.057246e+01,2.060736e+01,2.056548e+01,2.059340e+01,2.055850e+01,2.062830e+01,2.062830e+01,2.065621e+01,2.060039e+01,2.060039e+01,2.051660e+01,2.055850e+01,2.060736e+01,2.068410e+01,2.053755e+01,2.066318e+01,2.054453e+01,2.068410e+01,2.055850e+01,2.062830e+01,2.060039e+01,2.063528e+01,2.060736e+01,2.063528e+01,2.065621e+01,2.062830e+01,2.063528e+01,2.057944e+01,2.064923e+01,2.053755e+01,2.052358e+01,2.050262e+01,2.054453e+01,2.045371e+01,2.042575e+01,2.054453e+01,2.070502e+01,2.052358e+01,2.057944e+01,2.049564e+01,2.057944e+01,2.046070e+01,2.050262e+01,2.051660e+01,2.044672e+01,2.046070e+01,2.053057e+01,2.059340e+01,2.057944e+01,2.044672e+01,2.046070e+01,2.041176e+01,2.052358e+01,2.055152e+01,2.052358e+01,2.042575e+01,2.060736e+01,2.062830e+01,2.053057e+01,2.057944e+01,2.054453e+01,2.048166e+01,2.055152e+01,2.055152e+01,2.051660e+01,2.042575e+01,2.058643e+01,2.046769e+01,2.063528e+01,2.064225e+01,2.055152e+01,2.065621e+01,2.062132e+01,2.055850e+01,2.067016e+01,2.065621e+01,2.059340e+01,2.055850e+01,2.064225e+01,2.053755e+01,2.050961e+01,2.064225e+01,2.067713e+01,2.064225e+01,2.062132e+01,2.062132e+01,2.057944e+01,2.070502e+01,2.071897e+01,2.068410e+01,2.064225e+01,2.066318e+01,2.067016e+01,2.062830e+01,2.068410e+01,2.061434e+01,2.066318e+01,2.078169e+01,2.064923e+01,2.064923e+01,2.062132e+01,2.066318e+01,2.064923e+01,2.066318e+01,2.073291e+01,2.057944e+01,2.066318e+01,2.066318e+01,2.071897e+01,2.073988e+01,2.070502e+01,2.075382e+01,2.071897e+01,2.069805e+01,2.074685e+01,2.071897e+01,2.069805e+01,2.071200e+01,2.075382e+01,2.070502e+01,2.062132e+01,2.070502e+01,2.062830e+01,2.073291e+01,2.076079e+01,2.072594e+01,2.064923e+01,2.065621e+01,2.067713e+01,2.071200e+01,2.073291e+01,2.073988e+01,2.078169e+01,2.080259e+01,2.071200e+01,2.077472e+01,2.073988e+01,2.075382e+01,2.071897e+01,2.066318e+01,2.067713e+01,2.076079e+01,2.063528e+01,2.072594e+01,2.073291e+01,2.072594e+01,2.071897e+01,2.082348e+01,2.085830e+01,2.062830e+01,2.067713e+01,2.072594e+01,2.067016e+01,2.069805e+01,2.075382e+01,2.075382e+01,2.076079e+01,2.076775e+01,2.079562e+01,2.064923e+01,2.054453e+01,2.032082e+01,2.059340e+01,2.050262e+01,2.066318e+01,2.064923e+01,2.067016e+01,2.060039e+01,2.071897e+01,2.062132e+01,2.066318e+01,2.064225e+01,2.055850e+01,2.064225e+01,2.055850e+01,2.064923e+01,2.055152e+01,2.064923e+01,2.051660e+01,2.051660e+01,2.065621e+01,2.053057e+01,2.057246e+01,2.065621e+01,2.063528e+01,2.055850e+01,2.064225e+01,2.053755e+01,2.062132e+01,2.065621e+01,2.062132e+01,2.062132e+01,2.064923e+01,2.055850e+01,2.060736e+01,2.058643e+01,2.057246e+01,2.055152e+01,2.054453e+01,2.049564e+01,2.059340e+01,2.053755e+01,2.048865e+01,2.053057e+01,2.050961e+01,2.058643e+01,2.054453e+01,2.050262e+01,2.050961e+01,2.062132e+01,2.062132e+01,2.059340e+01,2.062830e+01,2.057944e+01,2.060736e+01,2.058643e+01,2.076079e+01,2.067016e+01,2.064923e+01,2.065621e+01,2.068410e+01,2.067713e+01,2.060039e+01,2.064923e+01,2.071897e+01,2.057246e+01,2.060736e+01,2.062830e+01,2.068410e+01,2.069108e+01,2.067713e+01,2.058643e+01,2.063528e+01,2.066318e+01,2.064923e+01,2.054453e+01,2.055152e+01,2.060039e+01,2.068410e+01,2.073291e+01,2.059340e+01,2.067713e+01,2.066318e+01,2.061434e+01,2.063528e+01,2.064923e+01,2.061434e+01,2.064225e+01,2.064225e+01,2.058643e+01,2.060039e+01,2.063528e+01,2.064923e+01,2.063528e+01,2.064923e+01,2.076079e+01,2.060039e+01,2.064923e+01,2.057944e+01,2.063528e+01,2.065621e+01,2.064923e+01,2.053755e+01,2.063528e+01,2.068410e+01,2.056548e+01,2.062830e+01,2.061434e+01,2.057944e+01,2.060736e+01,2.061434e+01,2.058643e+01,2.049564e+01,2.054453e+01,2.053755e+01,2.050961e+01,2.054453e+01,2.056548e+01,2.053057e+01,2.062132e+01,2.052358e+01,2.043973e+01,2.042575e+01,2.035581e+01,2.037679e+01,2.029982e+01,2.024380e+01,2.018775e+01,2.022979e+01,2.022979e+01,2.021578e+01,2.035581e+01,2.039078e+01,2.046769e+01,2.042575e+01,2.043973e+01,2.045371e+01,2.045371e+01,2.046769e+01,2.059340e+01,2.045371e+01,2.032082e+01,2.049564e+01,2.047468e+01,2.045371e+01,2.055152e+01,2.060039e+01,2.056548e+01,2.048166e+01,2.043973e+01,2.064225e+01,2.056548e+01,2.055850e+01,2.053057e+01,2.048865e+01,2.053057e+01,2.060039e+01,2.064923e+01,2.054453e+01,2.057944e+01,2.060039e+01,2.067016e+01,2.061434e+01,2.050262e+01,2.050262e+01,2.062132e+01,2.058643e+01,2.061434e+01,2.053057e+01,2.053755e+01,2.069108e+01,2.057944e+01,2.057246e+01,2.055850e+01,2.051660e+01,2.060039e+01,2.050262e+01,2.063528e+01,2.066318e+01,2.051660e+01,2.048865e+01,2.071897e+01,2.069805e+01,2.048166e+01,2.048166e+01,2.054453e+01,2.050262e+01,2.055152e+01,2.050262e+01,2.043973e+01,2.043973e+01,2.049564e+01,2.043973e+01,2.052358e+01,2.038379e+01,2.053755e+01,2.057944e+01,2.048166e+01,2.054453e+01,2.051660e+01,2.037679e+01,2.041176e+01,2.045371e+01,2.045371e+01,2.048865e+01,2.046070e+01,2.050961e+01,2.046769e+01,2.043274e+01,2.044672e+01,2.054453e+01,2.043274e+01,2.035581e+01,2.041875e+01,2.041875e+01,2.043973e+01,2.027181e+01,2.028582e+01,2.027881e+01,2.034881e+01,2.033481e+01,2.044672e+01,2.039778e+01,2.041875e+01,2.041176e+01,2.041875e+01,2.046769e+01,2.058643e+01,2.046070e+01,2.050961e+01,2.047468e+01,2.046769e+01,2.048166e+01,2.050262e+01,2.038379e+01,2.040477e+01,2.036280e+01,2.024380e+01,2.017373e+01,2.028582e+01,2.035581e+01,2.043274e+01,2.036280e+01,2.039778e+01,2.048865e+01,2.048865e+01,2.050961e+01,2.054453e+01,2.047468e+01,2.061434e+01,2.053755e+01,2.049564e+01,2.043973e+01,2.055152e+01,2.050262e+01,2.049564e+01,2.035581e+01,2.048166e+01,2.047468e+01,2.043973e+01,2.052358e+01,2.057246e+01,2.077472e+01,2.083045e+01,2.090702e+01,2.076775e+01,2.083045e+01,2.080955e+01,2.076775e+01,2.087918e+01,2.080955e+01,2.077472e+01,2.090702e+01,2.073988e+01,2.076775e+01,2.083045e+01,2.072594e+01,2.072594e+01,2.080259e+01,2.078169e+01,2.072594e+01,2.083045e+01,2.083045e+01,2.096962e+01,2.085830e+01,2.079562e+01,2.096962e+01,2.092093e+01,2.091398e+01,2.094180e+01,2.096962e+01,2.094180e+01,2.095572e+01,2.101134e+01,2.090006e+01,2.089310e+01,2.087918e+01,2.090006e+01,2.090702e+01,2.079562e+01,2.090006e+01,2.076775e+01,2.075382e+01,2.085134e+01,2.079562e+01,2.081652e+01,2.085134e+01,2.076079e+01,2.076775e+01,2.067016e+01,2.074685e+01,2.071897e+01,2.076079e+01,2.071200e+01,2.071200e+01,2.079562e+01,2.079562e+01,2.087918e+01,2.073291e+01,2.064923e+01,2.069108e+01,2.076079e+01,2.078866e+01,2.070502e+01,2.080955e+01,2.078866e+01,2.070502e+01,2.072594e+01,2.079562e+01,2.085134e+01,2.095572e+01,2.071897e+01,2.070502e+01,2.071897e+01,2.072594e+01,2.077472e+01,2.070502e+01,2.078866e+01,2.060736e+01,2.071200e+01,2.077472e+01,2.076775e+01,2.073988e+01,2.077472e+01,2.073291e+01,2.077472e+01,2.073988e+01,2.067713e+01,2.099048e+01,2.085830e+01
2.089310e+01,2.089310e+01,2.069108e+01,2.071897e+01,2.078169e+01,2.072594e+01,2.074685e+01,2.069108e+01,2.062132e+01,2.062830e+01,2.055152e+01,2.073988e+01,2.050262e+01,2.051660e+01,2.032782e+01,2.027881e+01,2.022979e+01,2.027181e+01,2.022979e+01,2.026481e+01,2.016672e+01,2.016672e+01,2.025080e+01,2.018074e+01,2.019476e+01,2.018775e+01,2.008959e+01,2.011063e+01,2.013868e+01,2.027181e+01,2.008959e+01,1.992109e+01,2.004749e+01,2.013868e+01,2.000537e+01,2.005451e+01,2.014569e+01,1.999835e+01,2.003345e+01,2.006854e+01,1.999835e+01,2.000537e+01,1.990703e+01,1.999835e+01,2.000537e+01,2.001239e+01,1.985079e+01,1.997026e+01,1.992811e+01,1.995621e+01,1.992109e+01,1.995621e+01,1.990000e+01,1.990703e+01,1.992811e+01,1.990703e+01,1.982266e+01,1.985079e+01,1.985079e+01,1.992109e+01,1.985079e+01,1.982266e+01,1.982969e+01,1.990703e+01,1.995621e+01,1.993514e+01,1.990703e+01,1.990703e+01,2.006854e+01,1.997026e+01,2.011063e+01,2.015971e+01,2.011764e+01,2.010362e+01,2.008257e+01,2.008257e+01,2.024380e+01,2.014569e+01,2.013868e+01,2.015971e+01,2.022979e+01,2.027881e+01,2.032782e+01,2.022278e+01,2.025781e+01,2.039778e+01,2.025080e+01,2.023680e+01,2.028582e+01,2.041875e+01,2.028582e+01,2.034881e+01,2.041875e+01,2.027181e+01,2.034181e+01,2.040477e+01,2.029282e+01,2.035581e+01,2.037679e+01,2.029982e+01,2.027881e+01,2.030682e+01,2.030682e+01,2.023680e+01,2.019476e+01,2.034181e+01,2.015971e+01,2.035581e+01,2.023680e+01,2.021578e+01,2.030682e+01,2.032782e+01,2.037679e+01,2.039078e+01,2.042575e+01,2.036980e+01,2.038379e+01,2.037679e+01,2.051660e+01,2.046769e+01,2.047468e+01,2.044672e+01,2.039778e+01,2.039078e+01,2.046070e+01,2.053057e+01,2.054453e+01,2.055850e+01,2.054453e+01,2.057944e+01,2.059340e+01,2.057246e+01,2.043973e+01,2.060736e+01,2.062132e+01,2.059340e+01,2.062830e+01,2.051660e+01,2.055152e+01,2.057944e+01,2.046769e+01,2.062830e+01,2.057246e+01,2.069108e+01,2.065621e+01,2.056548e+01,2.053057e+01,2.062830e+01,2.065621e+01,2.060736e+01,2.058643e+01,2.057246e+01,2.063528e+01,2.058643e+01,2.053755e+01,2.064923e+01,2.063528e+01,2.049564e+01,2.051660e+01,2.055850e+01,2.050961e+01,2.053755e+01,2.052358e+01,2.057246e+01,2.062830e+01,2.041875e+01,2.051660e+01,2.052358e+01,2.050262e+01,2.048166e+01,2.048865e+01,2.050961e+01,2.048166e+01,2.047468e+01,2.045371e+01,2.048166e+01,2.041176e+01,2.061434e+01,2.058643e+01,2.047468e+01,2.063528e+01,2.056548e+01,2.049564e+01,2.043274e+01,2.050262e+01,2.067713e+01,2.057944e+01,2.058643e+01,2.048865e+01,2.047468e+01,2.055850e+01,2.055152e+01,2.045371e+01,2.061434e+01,2.045371e+01,2.043274e+01,2.064225e+01,2.055850e+01,2.053057e+01,2.051660e+01,2.055152e+01,2.063528e+01,2.053755e+01,2.063528e+01,2.062132e+01,2.060039e+01,2.053755e+01,2.054453e+01,2.059340e+01,2.065621e+01,2.067016e+01,2.064225e+01,2.065621e+01,2.067016e+01,2.062830e+01,2.064923e+01,2.061434e+01,2.069108e+01,2.073988e+01,2.072594e+01,2.071200e+01,2.067713e+01,2.067713e+01,2.067713e+01,2.060039e+01,2.062830e+01,2.059340e+01,2.069108e+01,2.062830e+01,2.065621e+01,2.078169e+01,2.062830e+01,2.070502e+01,2.071200e+01,2.070502e+01,2.069805e+01,2.065621e+01,2.068410e+01,2.062132e+01,2.071200e+01,2.069108e+01,2.071897e+01,2.073988e+01,2.070502e+01,2.069805e+01,2.064923e+01,2.074685e+01,2.064923e+01,2.069805e+01,2.062132e+01,2.073988e+01,2.074685e+01,2.067713e+01,2.070502e+01,2.069805e+01,2.069108e+01,2.074685e+01,2.066318e+01,2.081652e+01,2.067016e+01,2.070502e+01,2.073988e+01,2.080259e+01,2.071200e+01,2.073291e+01,2.071897e+01,2.069108e+01,2.071200e+01,2.079562e+01,2.070502e+01,2.069805e+01,2.069108e+01,2.064923e+01,2.074685e+01,2.073988e+01,2.068410e+01,2.069805e+01,2.075382e+01,2.073291e+01,2.078866e+01,2.075382e+01,2.076079e+01,2.071897e+01,2.066318e+01,2.077472e+01,2.074685e+01,2.062132e+01,2.056548e+01,2.069108e+01,2.054453e+01,2.051660e+01,2.032782e+01,2.024380e+01,2.025080e+01,2.062830e+01,2.066318e+01,2.073988e+01,2.071200e+01,2.067713e+01,2.060039e+01,2.062830e+01,2.059340e+01,2.062132e+01,2.051660e+01,2.060736e+01,2.055152e+01,2.060039e+01,2.054453e+01,2.060736e+01,2.061434e+01,2.055152e+01,2.057944e+01,2.060736e+01,2.070502e+01,2.061434e+01,2.066318e+01,2.061434e+01,2.061434e+01,2.060039e+01,2.065621e+01,2.061434e+01,2.062830e+01,2.067713e+01,2.058643e+01,2.066318e+01,2.057246e+01,2.057246e+01,2.034181e+01,2.053755e+01,2.054453e+01,2.051660e+01,2.048865e+01,2.053057e+01,2.053057e+01,2.055850e+01,2.068410e+01,2.057246e+01,2.053755e+01,2.060736e+01,2.063528e+01,2.060736e+01,2.058643e+01,2.057944e+01,2.064225e+01,2.073291e+01,2.064225e+01,2.063528e+01,2.057246e+01,2.061434e+01,2.064225e+01,2.063528e+01,2.066318e+01,2.067713e+01,2.067016e+01,2.069805e+01,2.056548e+01,2.067016e+01,2.067016e+01,2.064923e+01,2.067016e+01,2.058643e+01,2.062830e+01,2.068410e+01,2.059340e+01,2.066318e+01,2.061434e+01,2.062132e+01,2.064225e+01,2.063528e+01,2.066318e+01,2.053755e+01,2.069108e+01,2.062830e+01,2.057944e+01,2.053755e+01,2.063528e+01,2.057944e+01,2.065621e+01,2.059340e+01,2.060039e+01,2.058643e+01,2.067016e+01,2.060736e+01,2.060039e+01,2.060736e+01,2.062132e+01,2.055152e+01,2.073988e+01,2.061434e+01,2.062132e+01,2.060039e+01,2.062132e+01,2.060039e+01,2.061434e+01,2.055152e+01,2.064225e+01,2.053057e+01,2.062830e+01,2.064923e+01,2.068410e+01,2.066318e+01,2.055850e+01,2.067016e+01,2.062830e+01,2.064923e+01,2.048865e+01,2.056548e+01,2.053755e+01,2.054453e+01,2.055850e+01,2.041176e+01,2.048166e+01,2.041875e+01,2.047468e+01,2.036980e+01,2.031382e+01,2.027181e+01,2.021578e+01,2.028582e+01,2.028582e+01,2.027881e+01,2.039778e+01,2.048166e+01,2.036280e+01,2.043274e+01,2.044672e+01,2.044672e+01,2.046769e+01,2.043274e+01,2.049564e+01,2.043274e+01,2.048865e+01,2.046070e+01,2.045371e+01,2.048166e+01,2.046070e+01,2.055850e+01,2.053057e+01,2.042575e+01,2.071897e+01,2.046769e+01,2.043973e+01,2.060736e+01,2.046769e+01,2.050262e+01,2.057246e+01,2.061434e+01,2.053057e+01,2.059340e+01,2.060039e+01,2.057944e+01,2.057246e+01,2.057944e+01,2.060039e+01,2.057246e+01,2.054453e+01,2.070502e+01,2.067016e+01,2.053755e+01,2.057246e+01,2.066318e+01,2.046070e+01,2.056548e+01,2.057246e+01,2.054453e+01,2.070502e+01,2.052358e+01,2.058643e+01,2.056548e+01,2.055152e+01,2.048166e+01,2.054453e+01,2.062132e+01,2.046070e+01,2.053057e+01,2.041176e+01,2.050262e+01,2.053057e+01,2.043973e+01,2.045371e+01,2.042575e+01,2.045371e+01,2.050961e+01,2.041875e+01,2.048166e+01,2.050961e+01,2.037679e+01,2.051660e+01,2.049564e+01,2.052358e+01,2.046769e+01,2.047468e+01,2.050262e+01,2.042575e+01,2.039778e+01,2.044672e+01,2.042575e+01,2.041176e+01,2.039078e+01,2.042575e+01,2.046070e+01,2.056548e+01,2.043973e+01,2.042575e+01,2.034181e+01,2.034181e+01,2.043274e+01,2.031382e+01,2.034181e+01,2.032082e+01,2.034181e+01,2.043973e+01,2.043973e+01,2.044672e+01,2.043274e+01,2.043973e+01,2.047468e+01,2.040477e+01,2.050262e+01,2.041176e+01,2.046769e+01,2.045371e+01,2.051660e+01,2.046070e+01,2.039078e+01,2.043973e+01,2.039778e+01,2.029282e+01,2.031382e+01,2.034181e+01,2.030682e+01,2.039778e+01,2.041176e+01,2.040477e+01,2.046769e+01,2.060736e+01,2.060039e+01,2.044672e+01,2.046769e+01,2.054453e+01,2.046769e+01,2.048865e+01,2.051660e+01,2.052358e+01,2.050262e+01,2.048865e+01,2.047468e+01,2.048865e+01,2.042575e+01,2.032082e+01,2.050961e+01,2.071897e+01,2.054453e+01,2.079562e+01,2.080955e+01,2.087918e+01,2.085830e+01,2.075382e+01,2.085830e+01,2.090702e+01,2.088614e+01,2.094180e+01,2.087918e+01,2.076775e+01,2.078866e+01,2.083741e+01,2.087918e+01,2.083045e+01,2.086526e+01,2.083045e+01,2.082348e+01,2.083045e+01,2.077472e+01,2.085134e+01,2.076079e+01,2.087918e+01,2.099048e+01,2.094876e+01,2.084437e+01,2.090006e+01,2.094876e+01,2.099048e+01,2.090006e+01,2.101134e+01,2.096267e+01,2.086526e+01,2.090702e+01,2.087918e+01,2.086526e+01,2.081652e+01,2.076079e+01,2.076775e+01,2.093485e+01,2.083741e+01,2.068410e+01,2.095572e+01,2.078169e+01,2.080955e+01,2.094876e+01,2.074685e+01,2.075382e+01,2.065621e+01,2.075382e+01,2.084437e+01,2.062132e+01,2.081652e+01,2.071897e+01,2.085134e+01,2.073291e+01,2.075382e+01,2.069805e+01,2.067016e+01,2.083741e+01,2.072594e+01,2.080259e+01,2.076775e+01,2.069805e+01,2.071200e+01,2.078866e+01,2.082348e+01,2.076079e+01,2.070502e+01,2.075382e+01,2.073988e+01,2.079562e+01,2.082348e+01,2.068410e+01,2.076775e+01,2.083045e+01,2.078866e+01,2.071897e+01,2.076079e+01,2.071897e+01,2.076079e+01,2.073291e+01,2.073291e+01,2.079562e+01,2.085134e+01,2.083045e+01,2.071897e+01
2.088614e+01,2.082348e+01,2.070502e+01,2.081652e+01,2.071897e+01,2.079562e+01,2.078169e+01,2.085134e+01,2.066318e+01,2.060736e+01,2.059340e+01,2.062830e+01,2.051660e+01,2.060736e+01,2.048166e+01,2.032082e+01,2.028582e+01,2.029282e+01,2.022278e+01,2.018074e+01,1.997026e+01,2.022278e+01,2.027881e+01,2.011063e+01,2.007556e+01,2.027881e+01,2.013167e+01,2.014569e+01,2.011764e+01,2.006854e+01,2.010362e+01,2.014569e+01,2.005451e+01,2.006854e+01,2.004047e+01,2.006854e+01,2.000537e+01,2.005451e+01,2.006854e+01,2.004749e+01,2.001941e+01,2.004749e+01,2.006854e+01,2.004047e+01,1.999133e+01,1.993514e+01,2.006854e+01,2.008257e+01,1.986485e+01,1.997026e+01,1.989297e+01,1.980859e+01,1.982969e+01,1.990000e+01,1.993514e+01,1.993514e+01,1.971710e+01,1.987892e+01,1.988594e+01,1.982266e+01,1.989297e+01,1.980859e+01,1.984376e+01,1.999133e+01,1.999835e+01,1.992811e+01,1.992109e+01,1.994216e+01,1.998431e+01,2.011063e+01,2.010362e+01,2.006152e+01,2.011764e+01,2.015270e+01,2.007556e+01,2.009660e+01,2.012466e+01,2.013868e+01,2.020877e+01,2.026481e+01,2.023680e+01,2.032082e+01,2.032082e+01,2.029282e+01,2.033481e+01,2.031382e+01,2.035581e+01,2.039778e+01,2.031382e+01,2.028582e+01,2.034181e+01,2.032782e+01,2.033481e+01,2.029282e+01,2.034881e+01,2.032082e+01,2.034181e+01,2.025781e+01,2.028582e+01,2.030682e+01,2.028582e+01,2.027881e+01,2.027881e+01,2.013868e+01,2.024380e+01,2.024380e+01,2.020177e+01,2.017373e+01,2.025781e+01,2.033481e+01,2.039078e+01,2.036280e+01,2.020877e+01,2.034881e+01,2.034181e+01,2.036280e+01,2.038379e+01,2.043973e+01,2.049564e+01,2.042575e+01,2.047468e+01,2.046070e+01,2.041875e+01,2.046070e+01,2.046070e+01,2.047468e+01,2.053755e+01,2.054453e+01,2.050262e+01,2.058643e+01,2.054453e+01,2.062132e+01,2.057246e+01,2.060039e+01,2.050961e+01,2.054453e+01,2.055850e+01,2.062132e+01,2.062132e+01,2.059340e+01,2.057944e+01,2.060039e+01,2.064923e+01,2.055850e+01,2.055152e+01,2.048865e+01,2.055850e+01,2.057246e+01,2.064225e+01,2.051660e+01,2.062830e+01,2.064923e+01,2.062132e+01,2.061434e+01,2.064225e+01,2.053057e+01,2.048166e+01,2.048865e+01,2.058643e+01,2.062132e+01,2.047468e+01,2.053057e+01,2.058643e+01,2.050262e+01,2.050262e+01,2.049564e+01,2.047468e+01,2.064225e+01,2.053057e+01,2.043274e+01,2.046070e+01,2.039778e+01,2.046070e+01,2.046070e+01,2.055850e+01,2.047468e+01,2.060039e+01,2.048865e+01,2.060736e+01,2.057944e+01,2.073988e+01,2.055850e+01,2.062132e+01,2.060039e+01,2.055152e+01,2.066318e+01,2.057944e+01,2.063528e+01,2.062132e+01,2.055152e+01,2.048166e+01,2.045371e+01,2.043973e+01,2.056548e+01,2.046769e+01,2.043274e+01,2.058643e+01,2.057944e+01,2.055152e+01,2.056548e+01,2.063528e+01,2.060039e+01,2.057944e+01,2.059340e+01,2.053755e+01,2.053755e+01,2.056548e+01,2.053755e+01,2.064225e+01,2.062830e+01,2.061434e+01,2.064923e+01,2.066318e+01,2.057944e+01,2.065621e+01,2.066318e+01,2.075382e+01,2.069805e+01,2.069108e+01,2.071200e+01,2.069108e+01,2.073291e+01,2.075382e+01,2.069805e+01,2.067016e+01,2.065621e+01,2.059340e+01,2.069805e+01,2.074685e+01,2.066318e+01,2.067713e+01,2.065621e+01,2.069805e+01,2.067016e+01,2.065621e+01,2.072594e+01,2.062830e+01,2.067713e+01,2.068410e+01,2.059340e+01,2.069108e+01,2.070502e+01,2.062132e+01,2.071200e+01,2.069108e+01,2.071200e+01,2.073988e+01,2.069108e+01,2.071200e+01,2.071200e+01,2.059340e+01,2.064923e+01,2.068410e+01,2.068410e+01,2.076775e+01,2.069108e+01,2.069805e+01,2.067016e+01,2.073291e+01,2.078866e+01,2.068410e+01,2.074685e+01,2.077472e+01,2.073988e+01,2.074685e+01,2.077472e+01,2.073988e+01,2.073988e+01,2.076775e+01,2.072594e+01,2.075382e+01,2.069805e+01,2.061434e+01,2.067016e+01,2.074685e+01,2.073988e+01,2.073291e+01,2.076775e+01,2.105999e+01,2.073291e+01,2.074685e+01,2.076079e+01,2.064923e+01,2.082348e+01,2.075382e+01,2.073291e+01,2.060736e+01,2.056548e+01,2.055152e+01,2.045371e+01,2.031382e+01,2.018074e+01,2.013868e+01,1.990000e+01,2.016672e+01,2.047468e+01,2.055850e+01,2.056548e+01,2.060736e+01,2.075382e+01,2.058643e+01,2.062132e+01,2.064923e+01,2.060039e+01,2.053057e+01,2.053057e+01,2.059340e+01,2.057944e+01,2.062830e+01,2.055152e+01,2.059340e+01,2.063528e+01,2.066318e+01,2.053755e+01,2.064225e+01,2.065621e+01,2.060039e+01,2.065621e+01,2.058643e+01,2.062132e+01,2.061434e+01,2.059340e+01,2.062132e+01,2.060039e+01,2.064225e+01,2.060039e+01,2.055152e+01,2.057944e+01,2.056548e+01,2.051660e+01,2.049564e+01,2.058643e+01,2.047468e+01,2.056548e+01,2.057944e+01,2.057944e+01,2.062132e+01,2.053755e+01,2.054453e+01,2.050961e+01,2.059340e+01,2.059340e+01,2.059340e+01,2.058643e+01,2.065621e+01,2.061434e+01,2.059340e+01,2.055850e+01,2.073988e+01,2.068410e+01,2.067016e+01,2.071897e+01,2.069805e+01,2.070502e+01,2.067713e+01,2.077472e+01,2.066318e+01,2.067713e+01,2.070502e+01,2.064225e+01,2.067016e+01,2.062132e+01,2.068410e+01,2.054453e+01,2.064225e+01,2.062132e+01,2.067016e+01,2.067713e+01,2.066318e+01,2.069805e+01,2.055850e+01,2.069108e+01,2.067016e+01,2.053057e+01,2.062830e+01,2.055850e+01,2.055850e+01,2.057246e+01,2.059340e+01,2.063528e+01,2.057944e+01,2.063528e+01,2.064225e+01,2.066318e+01,2.063528e+01,2.061434e+01,2.061434e+01,2.068410e+01,2.064225e+01,2.060736e+01,2.059340e+01,2.062132e+01,2.069805e+01,2.066318e+01,2.067713e+01,2.068410e+01,2.050262e+01,2.057944e+01,2.056548e+01,2.069108e+01,2.059340e+01,2.064225e+01,2.063528e+01,2.057246e+01,2.055152e+01,2.049564e+01,2.057944e+01,2.049564e+01,2.047468e+01,2.041176e+01,2.040477e+01,2.047468e+01,2.040477e+01,2.039078e+01,2.044672e+01,2.032782e+01,2.033481e+01,2.024380e+01,2.027881e+01,2.024380e+01,2.029982e+01,2.034881e+01,2.039778e+01,2.052358e+01,2.043274e+01,2.046070e+01,2.045371e+01,2.036980e+01,2.050262e+01,2.049564e+01,2.036280e+01,2.048865e+01,2.035581e+01,2.044672e+01,2.042575e+01,2.048166e+01,2.050961e+01,2.041176e+01,2.041176e+01,2.045371e+01,2.048166e+01,2.046070e+01,2.050262e+01,2.038379e+01,2.053755e+01,2.050961e+01,2.055152e+01,2.046070e+01,2.046070e+01,2.048166e+01,2.048166e+01,2.062830e+01,2.046769e+01,2.057944e+01,2.059340e+01,2.056548e+01,2.073988e+01,2.060736e+01,2.072594e+01,2.055152e+01,2.068410e+01,2.060039e+01,2.056548e+01,2.053755e+01,2.063528e+01,2.050961e+01,2.054453e+01,2.050262e+01,2.053057e+01,2.055152e+01,2.050262e+01,2.056548e+01,2.046070e+01,2.052358e+01,2.061434e+01,2.048166e+01,2.057944e+01,2.050961e+01,2.043973e+01,2.050961e+01,2.048865e+01,2.048166e+01,2.057944e+01,2.052358e+01,2.053057e+01,2.038379e+01,2.053057e+01,2.052358e+01,2.050961e+01,2.043973e+01,2.053057e+01,2.052358e+01,2.039778e+01,2.039778e+01,2.035581e+01,2.046769e+01,2.046070e+01,2.041176e+01,2.045371e+01,2.046070e+01,2.048865e+01,2.050961e+01,2.034881e+01,2.050262e+01,2.039078e+01,2.045371e+01,2.041176e+01,2.038379e+01,2.031382e+01,2.038379e+01,2.036980e+01,2.034881e+01,2.039778e+01,2.038379e+01,2.040477e+01,2.039078e+01,2.043973e+01,2.049564e+01,2.039078e+01,2.056548e+01,2.049564e+01,2.057246e+01,2.045371e+01,2.049564e+01,2.047468e+01,2.032082e+01,2.032782e+01,2.037679e+01,2.036980e+01,2.029982e+01,2.039778e+01,2.039078e+01,2.051660e+01,2.041875e+01,2.044672e+01,2.051660e+01,2.059340e+01,2.052358e+01,2.054453e+01,2.048865e+01,2.057944e+01,2.046070e+01,2.050262e+01,2.048166e+01,2.049564e+01,2.048166e+01,2.051660e+01,2.048865e+01,2.048166e+01,2.034181e+01,2.054453e+01,2.075382e+01,2.073988e+01,2.089310e+01,2.085830e+01,2.085830e+01,2.083741e+01,2.084437e+01,2.087918e+01,2.087222e+01,2.089310e+01,2.076079e+01,2.094180e+01,2.077472e+01,2.073291e+01,2.083045e+01,2.066318e+01,2.082348e+01,2.076775e+01,2.087918e+01,2.088614e+01,2.087222e+01,2.084437e+01,2.077472e+01,2.090006e+01,2.091398e+01,2.096962e+01,2.118497e+01,2.092789e+01,2.089310e+01,2.090006e+01,2.079562e+01,2.095572e+01,2.099048e+01,2.090702e+01,2.095572e+01,2.085830e+01,2.085134e+01,2.084437e+01,2.087918e+01,2.090702e+01,2.076775e+01,2.086526e+01,2.079562e+01,2.089310e+01,2.080259e+01,2.084437e+01,2.080955e+01,2.080955e+01,2.078866e+01,2.069108e+01,2.073291e+01,2.070502e+01,2.087222e+01,2.073988e+01,2.084437e+01,2.082348e+01,2.081652e+01,2.072594e+01,2.081652e+01,2.085830e+01,2.083045e+01,2.069108e+01,2.083045e+01,2.074685e+01,2.074685e+01,2.071897e+01,2.069805e+01,2.069108e+01,2.070502e+01,2.084437e+01,2.070502e+01,2.083741e+01,2.075382e+01,2.071200e+01,2.076775e+01,2.067713e+01,2.083045e+01,2.070502e+01,2.067016e+01,2.079562e+01,2.071897e+01,2.071897e+01,2.080955e+01,2.073988e+01,2.076775e+01,2.087222e+01,2.072594e+01,2.078866e+01,2.084437e+01
2.062132e+01,2.073988e+01,2.076775e+01,2.075382e+01,2.073988e+01,2.080955e+01,2.067016e+01,2.075382e+01,2.069805e+01,2.057246e+01,2.065621e+01,2.057944e+01,2.043973e+01,2.050961e+01,2.032782e+01,2.027181e+01,2.028582e+01,2.022278e+01,2.022979e+01,2.022278e+01,2.020877e+01,2.027881e+01,2.029282e+01,2.014569e+01,2.025781e+01,2.015971e+01,2.007556e+01,2.015971e+01,2.013868e+01,2.008257e+01,1.996324e+01,2.005451e+01,2.001941e+01,2.017373e+01,2.001941e+01,1.997728e+01,1.997728e+01,2.005451e+01,2.006854e+01,2.005451e+01,2.007556e+01,2.003345e+01,2.003345e+01,1.990000e+01,1.999835e+01,2.001239e+01,2.005451e+01,1.999835e+01,1.994919e+01,1.994216e+01,1.982266e+01,1.990703e+01,1.989297e+01,1.992811e+01,1.973118e+01,1.987892e+01,1.978045e+01,1.990000e+01,1.985782e+01,1.982266e+01,1.983673e+01,1.994919e+01,1.990703e+01,1.990000e+01,1.990703e+01,1.995621e+01,1.996324e+01,1.992811e+01,2.003345e+01,1.996324e+01,2.010362e+01,2.008959e+01,2.007556e+01,2.004749e+01,2.012466e+01,2.010362e+01,2.018775e+01,2.013167e+01,2.011063e+01,2.030682e+01,2.015971e+01,2.027881e+01,2.026481e+01,2.026481e+01,2.030682e+01,2.026481e+01,2.023680e+01,2.032082e+01,2.028582e+01,2.027881e+01,2.027181e+01,2.028582e+01,2.029282e+01,2.029982e+01,2.039778e+01,2.037679e+01,2.027881e+01,2.027881e+01,2.032082e+01,2.040477e+01,2.034881e+01,2.028582e+01,2.025781e+01,2.024380e+01,2.029282e+01,2.020177e+01,2.024380e+01,2.028582e+01,2.025781e+01,2.029282e+01,2.029282e+01,2.026481e+01,2.034181e+01,2.041176e+01,2.037679e+01,2.034881e+01,2.034881e+01,2.048166e+01,2.048865e+01,2.041875e+01,2.046070e+01,2.048865e+01,2.047468e+01,2.050961e+01,2.046070e+01,2.048166e+01,2.052358e+01,2.054453e+01,2.053755e+01,2.049564e+01,2.069805e+01,2.055850e+01,2.057944e+01,2.056548e+01,2.063528e+01,2.062132e+01,2.053755e+01,2.054453e+01,2.053755e+01,2.060736e+01,2.057246e+01,2.060039e+01,2.057944e+01,2.069108e+01,2.053755e+01,2.058643e+01,2.065621e+01,2.057246e+01,2.057246e+01,2.055152e+01,2.054453e+01,2.055152e+01,2.062830e+01,2.055850e+01,2.060039e+01,2.050262e+01,2.057944e+01,2.058643e+01,2.054453e+01,2.044672e+01,2.044672e+01,2.062830e+01,2.044672e+01,2.045371e+01,2.048865e+01,2.044672e+01,2.045371e+01,2.043973e+01,2.050262e+01,2.053057e+01,2.048166e+01,2.046070e+01,2.046070e+01,2.045371e+01,2.043274e+01,2.047468e+01,2.054453e+01,2.044672e+01,2.050262e+01,2.048865e+01,2.062132e+01,2.062132e+01,2.054453e+01,2.047468e+01,2.055152e+01,2.057944e+01,2.057944e+01,2.049564e+01,2.052358e+01,2.059340e+01,2.048166e+01,2.045371e+01,2.053755e+01,2.044672e+01,2.053755e+01,2.043973e+01,2.048166e+01,2.066318e+01,2.061434e+01,2.055152e+01,2.060736e+01,2.055850e+01,2.055152e+01,2.053057e+01,2.051660e+01,2.050961e+01,2.055152e+01,2.062830e+01,2.054453e+01,2.052358e+01,2.062132e+01,2.059340e+01,2.061434e+01,2.069805e+01,2.062830e+01,2.069108e+01,2.062132e+01,2.067016e+01,2.071200e+01,2.071200e+01,2.069805e+01,2.069108e+01,2.068410e+01,2.064225e+01,2.064923e+01,2.058643e+01,2.059340e+01,2.062132e+01,2.068410e+01,2.068410e+01,2.068410e+01,2.067713e+01,2.066318e+01,2.069805e+01,2.072594e+01,2.067016e+01,2.065621e+01,2.066318e+01,2.069108e+01,2.069805e+01,2.071897e+01,2.073291e+01,2.056548e+01,2.076079e+01,2.063528e+01,2.060039e+01,2.072594e+01,2.074685e+01,2.073291e+01,2.064225e+01,2.060736e+01,2.072594e+01,2.062132e+01,2.067016e+01,2.071897e+01,2.064923e+01,2.070502e+01,2.071200e+01,2.069805e+01,2.078866e+01,2.059340e+01,2.076775e+01,2.078169e+01,2.079562e+01,2.076775e+01,2.074685e+01,2.072594e+01,2.073291e+01,2.072594e+01,2.075382e+01,2.068410e+01,2.071897e+01,2.079562e+01,2.085134e+01,2.078866e+01,2.067713e+01,2.063528e+01,2.071200e+01,2.073988e+01,2.060736e+01,2.073291e+01,2.060736e+01,2.070502e+01,2.060039e+01,2.071200e+01,2.043973e+01,2.050961e+01,2.039078e+01,2.033481e+01,2.018775e+01,2.012466e+01,1.994919e+01,1.987892e+01,1.988594e+01,2.000537e+01,2.019476e+01,2.050262e+01,2.053057e+01,2.056548e+01,2.048865e+01,2.052358e+01,2.060736e+01,2.050262e+01,2.052358e+01,2.050961e+01,2.046769e+01,2.060736e+01,2.062132e+01,2.061434e+01,2.069108e+01,2.069108e+01,2.064923e+01,2.064923e+01,2.073291e+01,2.069108e+01,2.064225e+01,2.064225e+01,2.063528e+01,2.054453e+01,2.060736e+01,2.064923e+01,2.064225e+01,2.069108e+01,2.064923e+01,2.060736e+01,2.069805e+01,2.059340e+01,2.055850e+01,2.058643e+01,2.055152e+01,2.057944e+01,2.040477e+01,2.060039e+01,2.050262e+01,2.059340e+01,2.054453e+01,2.057944e+01,2.060736e+01,2.054453e+01,2.057246e+01,2.057246e+01,2.059340e+01,2.062830e+01,2.067713e+01,2.059340e+01,2.064225e+01,2.068410e+01,2.065621e+01,2.059340e+01,2.064225e+01,2.065621e+01,2.065621e+01,2.057246e+01,2.068410e+01,2.062132e+01,2.069108e+01,2.067016e+01,2.062132e+01,2.063528e+01,2.064225e+01,2.069805e+01,2.069805e+01,2.064923e+01,2.064923e+01,2.065621e+01,2.062830e+01,2.054453e+01,2.059340e+01,2.055850e+01,2.063528e+01,2.069805e+01,2.053755e+01,2.061434e+01,2.054453e+01,2.058643e+01,2.054453e+01,2.058643e+01,2.057246e+01,2.057944e+01,2.060736e+01,2.082348e+01,2.043973e+01,2.058643e+01,2.071200e+01,2.059340e+01,2.060736e+01,2.060039e+01,2.064923e+01,2.069805e+01,2.062132e+01,2.062830e+01,2.059340e+01,2.053057e+01,2.046070e+01,2.057246e+01,2.055850e+01,2.044672e+01,2.060039e+01,2.050262e+01,2.067713e+01,2.052358e+01,2.050262e+01,2.053057e+01,2.062132e+01,2.048865e+01,2.060736e+01,2.058643e+01,2.053057e+01,2.048166e+01,2.053057e+01,2.039778e+01,2.043274e+01,2.039778e+01,2.041875e+01,2.040477e+01,2.027881e+01,2.025781e+01,2.025781e+01,2.025080e+01,2.032082e+01,2.028582e+01,2.030682e+01,2.039778e+01,2.041875e+01,2.046769e+01,2.052358e+01,2.056548e+01,2.047468e+01,2.036280e+01,2.048166e+01,2.039778e+01,2.031382e+01,2.046070e+01,2.044672e+01,2.042575e+01,2.034181e+01,2.041875e+01,2.038379e+01,2.041875e+01,2.049564e+01,2.043973e+01,2.041176e+01,2.037679e+01,2.048865e+01,2.049564e+01,2.055850e+01,2.050961e+01,2.050262e+01,2.049564e+01,2.046769e+01,2.046070e+01,2.048166e+01,2.046769e+01,2.051660e+01,2.060039e+01,2.057944e+01,2.053755e+01,2.052358e+01,2.057246e+01,2.057246e+01,2.055850e+01,2.064225e+01,2.060736e+01,2.060039e+01,2.054453e+01,2.053755e+01,2.050961e+01,2.055152e+01,2.053057e+01,2.059340e+01,2.053057e+01,2.059340e+01,2.050262e+01,2.060039e+01,2.046769e+01,2.046070e+01,2.048166e+01,2.048166e+01,2.048865e+01,2.048865e+01,2.053057e+01,2.052358e+01,2.051660e+01,2.056548e+01,2.035581e+01,2.049564e+01,2.043973e+01,2.053755e+01,2.053057e+01,2.050262e+01,2.032782e+01,2.035581e+01,2.052358e+01,2.043274e+01,2.037679e+01,2.046070e+01,2.044672e+01,2.039778e+01,2.041176e+01,2.042575e+01,2.050262e+01,2.043973e+01,2.037679e+01,2.048166e+01,2.050961e+01,2.036280e+01,2.039778e+01,2.039778e+01,2.035581e+01,2.036980e+01,2.036280e+01,2.037679e+01,2.039778e+01,2.043973e+01,2.048166e+01,2.035581e+01,2.045371e+01,2.051660e+01,2.055152e+01,2.048865e+01,2.044672e+01,2.057944e+01,2.043274e+01,2.043274e+01,2.035581e+01,2.043274e+01,2.013868e+01,2.039078e+01,2.032782e+01,2.039778e+01,2.039778e+01,2.034181e+01,2.041875e+01,2.057944e+01,2.050961e+01,2.048865e+01,2.047468e+01,2.056548e+01,2.058643e+01,2.048166e+01,2.045371e+01,2.046070e+01,2.045371e+01,2.046769e+01,2.046070e+01,2.045371e+01,2.048865e+01,2.040477e+01,2.045371e+01,2.028582e+01,2.058643e+01,2.064923e+01,2.066318e+01,2.083045e+01,2.087918e+01,2.083045e+01,2.084437e+01,2.080259e+01,2.080259e+01,2.087222e+01,2.080955e+01,2.097658e+01,2.090006e+01,2.080955e+01,2.083045e+01,2.071897e+01,2.074685e+01,2.090006e+01,2.083045e+01,2.083045e+01,2.078169e+01,2.095572e+01,2.087222e+01,2.088614e+01,2.078169e+01,2.080259e+01,2.076079e+01,2.085134e+01,2.097658e+01,2.095572e+01,2.092789e+01,2.084437e+01,2.090702e+01,2.093485e+01,2.090702e+01,2.093485e+01,2.091398e+01,2.090702e+01,2.084437e+01,2.083741e+01,2.092789e+01,2.085830e+01,2.079562e+01,2.082348e+01,2.073988e+01,2.081652e+01,2.081652e+01,2.085830e+01,2.076079e+01,2.075382e+01,2.077472e+01,2.058643e+01,2.077472e+01,2.076775e+01,2.080955e+01,2.083045e+01,2.070502e+01,2.078866e+01,2.084437e+01,2.081652e+01,2.081652e+01,2.071897e+01,2.059340e+01,2.078169e+01,2.069805e+01,2.077472e+01,2.076775e+01,2.073988e+01,2.067713e+01,2.087222e+01,2.073988e+01,2.078169e+01,2.077472e+01,2.066318e+01,2.080955e+01,2.082348e+01,2.067016e+01,2.075382e+01,2.083741e+01,2.078169e+01,2.075382e+01,2.075382e+01,2.077472e+01,2.076079e+01,2.076775e+01,2.082348e+01,2.073291e+01,2.075382e+01,2.080955e+01,2.099744e+01
2.076775e+01,2.083741e+01,2.066318e+01,2.080259e+01,2.070502e+01,2.084437e+01,2.063528e+01,2.060039e+01,2.064225e+01,2.064923e+01,2.041176e+01,2.061434e+01,2.048865e+01,2.058643e+01,2.033481e+01,2.029982e+01,2.026481e+01,2.022979e+01,2.027881e+01,2.033481e+01,2.030682e+01,2.029982e+01,2.023680e+01,2.025781e+01,2.022979e+01,2.005451e+01,2.019476e+01,2.015971e+01,2.013868e+01,2.003345e+01,2.005451e+01,2.014569e+01,2.008959e+01,2.013868e+01,2.002643e+01,1.995621e+01,1.994216e+01,1.999835e+01,2.006854e+01,2.007556e+01,1.999835e+01,2.004749e+01,2.006152e+01,1.990703e+01,2.002643e+01,1.994216e+01,1.989297e+01,1.999835e+01,2.001941e+01,1.985782e+01,1.999133e+01,1.996324e+01,1.990703e+01,1.989297e+01,1.985079e+01,1.986485e+01,1.990000e+01,1.990703e+01,1.980156e+01,1.972414e+01,1.990703e+01,1.994216e+01,1.995621e+01,1.980859e+01,1.992109e+01,1.995621e+01,1.990703e+01,1.992811e+01,1.998431e+01,1.994216e+01,1.989297e+01,2.005451e+01,2.012466e+01,2.015270e+01,2.020177e+01,2.018775e+01,2.017373e+01,2.009660e+01,2.022979e+01,2.025080e+01,2.025080e+01,2.023680e+01,2.025781e+01,2.025080e+01,2.030682e+01,2.022979e+01,2.022979e+01,2.036280e+01,2.025080e+01,2.035581e+01,2.030682e+01,2.030682e+01,2.030682e+01,2.034181e+01,2.024380e+01,2.038379e+01,2.034181e+01,2.037679e+01,2.034181e+01,2.030682e+01,2.041875e+01,2.028582e+01,2.034881e+01,2.028582e+01,2.033481e+01,2.030682e+01,2.030682e+01,2.026481e+01,2.025781e+01,2.031382e+01,2.032082e+01,2.022979e+01,2.037679e+01,2.030682e+01,2.032782e+01,2.043274e+01,2.039778e+01,2.036980e+01,2.030682e+01,2.039778e+01,2.041875e+01,2.046070e+01,2.053057e+01,2.045371e+01,2.050262e+01,2.055850e+01,2.048865e+01,2.074685e+01,2.054453e+01,2.055152e+01,2.057246e+01,2.060039e+01,2.053057e+01,2.057944e+01,2.056548e+01,2.055152e+01,2.052358e+01,2.051660e+01,2.063528e+01,2.049564e+01,2.052358e+01,2.055152e+01,2.046070e+01,2.057944e+01,2.049564e+01,2.064225e+01,2.057944e+01,2.057246e+01,2.055152e+01,2.061434e+01,2.051660e+01,2.062132e+01,2.059340e+01,2.060039e+01,2.063528e+01,2.055152e+01,2.050262e+01,2.061434e+01,2.057246e+01,2.052358e+01,2.045371e+01,2.056548e+01,2.046070e+01,2.044672e+01,2.043973e+01,2.032082e+01,2.045371e+01,2.035581e+01,2.034881e+01,2.043274e+01,2.038379e+01,2.037679e+01,2.041875e+01,2.047468e+01,2.037679e+01,2.040477e+01,2.045371e+01,2.043973e+01,2.043973e+01,2.051660e+01,2.057944e+01,2.055152e+01,2.057246e+01,2.060736e+01,2.060039e+01,2.050262e+01,2.053755e+01,2.050262e+01,2.049564e+01,2.048865e+01,2.048166e+01,2.055850e+01,2.045371e+01,2.043274e+01,2.045371e+01,2.052358e+01,2.057944e+01,2.054453e+01,2.055152e+01,2.056548e+01,2.061434e+01,2.055850e+01,2.054453e+01,2.057944e+01,2.053057e+01,2.053057e+01,2.055850e+01,2.051660e+01,2.058643e+01,2.060736e+01,2.061434e+01,2.065621e+01,2.062830e+01,2.067016e+01,2.061434e+01,2.063528e+01,2.064225e+01,2.060039e+01,2.067713e+01,2.080259e+01,2.069805e+01,2.067016e+01,2.071897e+01,2.064923e+01,2.067016e+01,2.071897e+01,2.063528e+01,2.060736e+01,2.072594e+01,2.071897e+01,2.064225e+01,2.069805e+01,2.065621e+01,2.066318e+01,2.062830e+01,2.069805e+01,2.071200e+01,2.066318e+01,2.073291e+01,2.064923e+01,2.069805e+01,2.067016e+01,2.071200e+01,2.073988e+01,2.066318e+01,2.064225e+01,2.072594e+01,2.068410e+01,2.070502e+01,2.069805e+01,2.067713e+01,2.071200e+01,2.075382e+01,2.067713e+01,2.070502e+01,2.062830e+01,2.059340e+01,2.077472e+01,2.071200e+01,2.071897e+01,2.074685e+01,2.072594e+01,2.068410e+01,2.072594e+01,2.068410e+01,2.071200e+01,2.070502e+01,2.078866e+01,2.070502e+01,2.072594e+01,2.071200e+01,2.080955e+01,2.075382e+01,2.078866e+01,2.073291e+01,2.076079e+01,2.063528e+01,2.068410e+01,2.074685e+01,2.074685e+01,2.068410e+01,2.060736e+01,2.068410e+01,2.062830e+01,2.056548e+01,2.039078e+01,2.037679e+01,2.032782e+01,2.027181e+01,2.013868e+01,1.999133e+01,1.988594e+01,1.966780e+01,1.970302e+01,1.963962e+01,1.980156e+01,2.017373e+01,2.047468e+01,2.055850e+01,2.063528e+01,2.053755e+01,2.050961e+01,2.061434e+01,2.040477e+01,2.056548e+01,2.050262e+01,2.053057e+01,2.057944e+01,2.062830e+01,2.068410e+01,2.066318e+01,2.065621e+01,2.066318e+01,2.059340e+01,2.057246e+01,2.059340e+01,2.072594e+01,2.062830e+01,2.060736e+01,2.064225e+01,2.061434e+01,2.076775e+01,2.057246e+01,2.067713e+01,2.064225e+01,2.062830e+01,2.061434e+01,2.060736e+01,2.052358e+01,2.054453e+01,2.051660e+01,2.050961e+01,2.055152e+01,2.047468e+01,2.046769e+01,2.054453e+01,2.061434e+01,2.059340e+01,2.057944e+01,2.058643e+01,2.057246e+01,2.073291e+01,2.061434e+01,2.070502e+01,2.068410e+01,2.069805e+01,2.062830e+01,2.064225e+01,2.062132e+01,2.063528e+01,2.063528e+01,2.071897e+01,2.066318e+01,2.073988e+01,2.066318e+01,2.057246e+01,2.060736e+01,2.060736e+01,2.065621e+01,2.067016e+01,2.061434e+01,2.061434e+01,2.063528e+01,2.075382e+01,2.059340e+01,2.073291e+01,2.061434e+01,2.062830e+01,2.063528e+01,2.062132e+01,2.061434e+01,2.055850e+01,2.063528e+01,2.060039e+01,2.060736e+01,2.058643e+01,2.054453e+01,2.057246e+01,2.058643e+01,2.044672e+01,2.064225e+01,2.055850e+01,2.055850e+01,2.058643e+01,2.060736e+01,2.065621e+01,2.060736e+01,2.067016e+01,2.058643e+01,2.059340e+01,2.076079e+01,2.056548e+01,2.056548e+01,2.050262e+01,2.056548e+01,2.059340e+01,2.053057e+01,2.052358e+01,2.053755e+01,2.057246e+01,2.059340e+01,2.055152e+01,2.058643e+01,2.059340e+01,2.062830e+01,2.048865e+01,2.051660e+01,2.044672e+01,2.053755e+01,2.043973e+01,2.041176e+01,2.046070e+01,2.045371e+01,2.041176e+01,2.038379e+01,2.038379e+01,2.029982e+01,2.032082e+01,2.036980e+01,2.033481e+01,2.028582e+01,2.029982e+01,2.042575e+01,2.043274e+01,2.046070e+01,2.040477e+01,2.047468e+01,2.048865e+01,2.046070e+01,2.035581e+01,2.054453e+01,2.044672e+01,2.044672e+01,2.043973e+01,2.035581e+01,2.043973e+01,2.046070e+01,2.046769e+01,2.043274e+01,2.048166e+01,2.050262e+01,2.038379e+01,2.049564e+01,2.048865e+01,2.055152e+01,2.045371e+01,2.050961e+01,2.050262e+01,2.050262e+01,2.053755e+01,2.049564e+01,2.050961e+01,2.046070e+01,2.054453e+01,2.052358e+01,2.055152e+01,2.061434e+01,2.060736e+01,2.050262e+01,2.051660e+01,2.057246e+01,2.060039e+01,2.059340e+01,2.060039e+01,2.055152e+01,2.057246e+01,2.055850e+01,2.054453e+01,2.060039e+01,2.053057e+01,2.063528e+01,2.060736e+01,2.060736e+01,2.045371e+01,2.055152e+01,2.052358e+01,2.048166e+01,2.062132e+01,2.056548e+01,2.050961e+01,2.065621e+01,2.052358e+01,2.039778e+01,2.041875e+01,2.052358e+01,2.045371e+01,2.043274e+01,2.049564e+01,2.046769e+01,2.052358e+01,2.041176e+01,2.034881e+01,2.034881e+01,2.034881e+01,2.036980e+01,2.033481e+01,2.037679e+01,2.042575e+01,2.039778e+01,2.052358e+01,2.045371e+01,2.050961e+01,2.050961e+01,2.042575e+01,2.041875e+01,2.046769e+01,2.034881e+01,2.037679e+01,2.039778e+01,2.035581e+01,2.041875e+01,2.039778e+01,2.036980e+01,2.036280e+01,2.052358e+01,2.051660e+01,2.046769e+01,2.040477e+01,2.050961e+01,2.056548e+01,2.039078e+01,2.043274e+01,2.038379e+01,2.039778e+01,2.034881e+01,2.043973e+01,2.036280e+01,2.039778e+01,2.034881e+01,2.029282e+01,2.044672e+01,2.041875e+01,2.042575e+01,2.048166e+01,2.040477e+01,2.056548e+01,2.062132e+01,2.061434e+01,2.050262e+01,2.046070e+01,2.053057e+01,2.045371e+01,2.046070e+01,2.043973e+01,2.046769e+01,2.046769e+01,2.044672e+01,2.044672e+01,2.049564e+01,2.049564e+01,2.060736e+01,2.062132e+01,2.062132e+01,2.085134e+01,2.083045e+01,2.083045e+01,2.079562e+01,2.081652e+01,2.087222e+01,2.092093e+01,2.083045e+01,2.085134e+01,2.090006e+01,2.084437e+01,2.071200e+01,2.082348e+01,2.080955e+01,2.088614e+01,2.080259e+01,2.083045e+01,2.086526e+01,2.086526e+01,2.083741e+01,2.082348e+01,2.076079e+01,2.080259e+01,2.082348e+01,2.099744e+01,2.087222e+01,2.081652e+01,2.087222e+01,2.085830e+01,2.090006e+01,2.088614e+01,2.081652e+01,2.093485e+01,2.088614e+01,2.087222e+01,2.084437e+01,2.085134e+01,2.084437e+01,2.074685e+01,2.080259e+01,2.090006e+01,2.080259e+01,2.079562e+01,2.083045e+01,2.086526e+01,2.077472e+01,2.076775e+01,2.078866e+01,2.080955e+01,2.083741e+01,2.076079e+01,2.073291e+01,2.076079e+01,2.074685e+01,2.083045e+01,2.096962e+01,2.077472e+01,2.076079e+01,2.076775e+01,2.088614e+01,2.073291e+01,2.071897e+01,2.076079e+01,2.073291e+01,2.085134e+01,2.090006e+01,2.071200e+01,2.067713e+01,2.073291e+01,2.075382e+01,2.083045e+01,2.083741e+01,2.083741e+01,2.066318e+01,2.069108e+01,2.071200e+01,2.070502e+01,2.077472e+01,2.079562e+01,2.069805e+01,2.072594e+01,2.076079e+01,2.075382e+01,2.080259e+01,2.081652e+01,2.084437e+01,2.077472e+01
2.076775e+01,2.076079e+01,2.075382e+01,2.075382e+01,2.068410e+01,2.064923e+01,2.070502e+01,2.065621e+01,2.060736e+01,2.058643e+01,2.056548e+01,2.048865e+01,2.046070e+01,2.031382e+01,2.023680e+01,2.028582e+01,2.029282e+01,2.022278e+01,2.027881e+01,2.023680e+01,2.027881e+01,2.018775e+01,2.014569e+01,2.013868e+01,2.011764e+01,2.005451e+01,2.006854e+01,2.013868e+01,2.014569e+01,2.005451e+01,2.011764e+01,2.013167e+01,1.998431e+01,2.008959e+01,2.000537e+01,2.003345e+01,2.001941e+01,2.004047e+01,2.001941e+01,2.001239e+01,2.008257e+01,2.004749e+01,2.000537e+01,1.997728e+01,1.990703e+01,2.008959e+01,1.987892e+01,1.990000e+01,1.994919e+01,1.994919e+01,1.996324e+01,1.987892e+01,1.982266e+01,1.980156e+01,1.980859e+01,1.985782e+01,1.982266e+01,1.982969e+01,1.985079e+01,1.985782e+01,1.974526e+01,1.991406e+01,1.987189e+01,1.982266e+01,1.993514e+01,1.991406e+01,1.996324e+01,1.996324e+01,2.003345e+01,2.004749e+01,2.000537e+01,2.001941e+01,2.002643e+01,2.014569e+01,2.006854e+01,2.008257e+01,2.014569e+01,2.011764e+01,2.015971e+01,2.029982e+01,2.033481e+01,2.025781e+01,2.021578e+01,2.024380e+01,2.029282e+01,2.030682e+01,2.021578e+01,2.029282e+01,2.029982e+01,2.030682e+01,2.029282e+01,2.036980e+01,2.029282e+01,2.034881e+01,2.021578e+01,2.038379e+01,2.022278e+01,2.039078e+01,2.036280e+01,2.026481e+01,2.025781e+01,2.025080e+01,2.027181e+01,2.026481e+01,2.026481e+01,2.030682e+01,2.015971e+01,2.029282e+01,2.027881e+01,2.027881e+01,2.034181e+01,2.029982e+01,2.034181e+01,2.034181e+01,2.044672e+01,2.044672e+01,2.037679e+01,2.042575e+01,2.036980e+01,2.041176e+01,2.039778e+01,2.045371e+01,2.046070e+01,2.039078e+01,2.046769e+01,2.055152e+01,2.047468e+01,2.044672e+01,2.050262e+01,2.056548e+01,2.056548e+01,2.049564e+01,2.061434e+01,2.055850e+01,2.054453e+01,2.053057e+01,2.054453e+01,2.063528e+01,2.064923e+01,2.060736e+01,2.057944e+01,2.055850e+01,2.061434e+01,2.058643e+01,2.055850e+01,2.055152e+01,2.057944e+01,2.042575e+01,2.052358e+01,2.055850e+01,2.050262e+01,2.057246e+01,2.048865e+01,2.052358e+01,2.055850e+01,2.046769e+01,2.060039e+01,2.050961e+01,2.047468e+01,2.043973e+01,2.048166e+01,2.043973e+01,2.043973e+01,2.044672e+01,2.048865e+01,2.043973e+01,2.043274e+01,2.050961e+01,2.045371e+01,2.039078e+01,2.045371e+01,2.037679e+01,2.040477e+01,2.046070e+01,2.050961e+01,2.048865e+01,2.051660e+01,2.048865e+01,2.053755e+01,2.047468e+01,2.060039e+01,2.050961e+01,2.055152e+01,2.057246e+01,2.060736e+01,2.053057e+01,2.050961e+01,2.056548e+01,2.048865e+01,2.053755e+01,2.047468e+01,2.053057e+01,2.041176e+01,2.054453e+01,2.045371e+01,2.045371e+01,2.047468e+01,2.062132e+01,2.048166e+01,2.052358e+01,2.059340e+01,2.054453e+01,2.055152e+01,2.054453e+01,2.054453e+01,2.034181e+01,2.047468e+01,2.061434e+01,2.049564e+01,2.061434e+01,2.060039e+01,2.060039e+01,2.051660e+01,2.060039e+01,2.051660e+01,2.071200e+01,2.055152e+01,2.058643e+01,2.067016e+01,2.060039e+01,2.064923e+01,2.067713e+01,2.064923e+01,2.067713e+01,2.076775e+01,2.064225e+01,2.064225e+01,2.065621e+01,2.067016e+01,2.061434e+01,2.062830e+01,2.062132e+01,2.071897e+01,2.065621e+01,2.048166e+01,2.067713e+01,2.062132e+01,2.060039e+01,2.067016e+01,2.069805e+01,2.067016e+01,2.073291e+01,2.071200e+01,2.068410e+01,2.064923e+01,2.073291e+01,2.071897e+01,2.067713e+01,2.067016e+01,2.071200e+01,2.066318e+01,2.060736e+01,2.069805e+01,2.067016e+01,2.066318e+01,2.061434e+01,2.064923e+01,2.057944e+01,2.069108e+01,2.076775e+01,2.073291e+01,2.069108e+01,2.077472e+01,2.074685e+01,2.069805e+01,2.074685e+01,2.070502e+01,2.074685e+01,2.077472e+01,2.070502e+01,2.067016e+01,2.065621e+01,2.071897e+01,2.088614e+01,2.075382e+01,2.078866e+01,2.070502e+01,2.072594e+01,2.075382e+01,2.067713e+01,2.062132e+01,2.073291e+01,2.065621e+01,2.063528e+01,2.042575e+01,2.030682e+01,2.021578e+01,2.021578e+01,2.002643e+01,1.990000e+01,1.984376e+01,1.971710e+01,1.942800e+01,1.965371e+01,1.934322e+01,1.961847e+01,1.980859e+01,2.039778e+01,2.046769e+01,2.053755e+01,2.054453e+01,2.055152e+01,2.058643e+01,2.055152e+01,2.052358e+01,2.053755e+01,2.050262e+01,2.057246e+01,2.057246e+01,2.052358e+01,2.060039e+01,2.067713e+01,2.071200e+01,2.073291e+01,2.061434e+01,2.064923e+01,2.067713e+01,2.065621e+01,2.045371e+01,2.061434e+01,2.070502e+01,2.061434e+01,2.060736e+01,2.064225e+01,2.060736e+01,2.061434e+01,2.061434e+01,2.056548e+01,2.056548e+01,2.058643e+01,2.053057e+01,2.062830e+01,2.050961e+01,2.058643e+01,2.062830e+01,2.053755e+01,2.057246e+01,2.056548e+01,2.055850e+01,2.060039e+01,2.062830e+01,2.063528e+01,2.061434e+01,2.070502e+01,2.065621e+01,2.061434e+01,2.063528e+01,2.054453e+01,2.060039e+01,2.069805e+01,2.060736e+01,2.064923e+01,2.064923e+01,2.064225e+01,2.073988e+01,2.068410e+01,2.064923e+01,2.062132e+01,2.057246e+01,2.069108e+01,2.064225e+01,2.067713e+01,2.062132e+01,2.064923e+01,2.073988e+01,2.067713e+01,2.065621e+01,2.070502e+01,2.048865e+01,2.058643e+01,2.064923e+01,2.051660e+01,2.058643e+01,2.054453e+01,2.053755e+01,2.052358e+01,2.054453e+01,2.057944e+01,2.058643e+01,2.046769e+01,2.046070e+01,2.054453e+01,2.052358e+01,2.048865e+01,2.065621e+01,2.060736e+01,2.062132e+01,2.056548e+01,2.054453e+01,2.051660e+01,2.053057e+01,2.057246e+01,2.057944e+01,2.055850e+01,2.058643e+01,2.051660e+01,2.062132e+01,2.063528e+01,2.064923e+01,2.058643e+01,2.056548e+01,2.058643e+01,2.055850e+01,2.053057e+01,2.052358e+01,2.050961e+01,2.050961e+01,2.041176e+01,2.052358e+01,2.043973e+01,2.060039e+01,2.043973e+01,2.041875e+01,2.041875e+01,2.041875e+01,2.040477e+01,2.036980e+01,2.034181e+01,2.036280e+01,2.034181e+01,2.035581e+01,2.041875e+01,2.037679e+01,2.061434e+01,2.041875e+01,2.048865e+01,2.048166e+01,2.046769e+01,2.049564e+01,2.049564e+01,2.036280e+01,2.045371e+01,2.043274e+01,2.037679e+01,2.029982e+01,2.037679e+01,2.039078e+01,2.042575e+01,2.049564e+01,2.045371e+01,2.048865e+01,2.036280e+01,2.036980e+01,2.036280e+01,2.039078e+01,2.043973e+01,2.048865e+01,2.046769e+01,2.054453e+01,2.050262e+01,2.048166e+01,2.050961e+01,2.047468e+01,2.054453e+01,2.052358e+01,2.057944e+01,2.049564e+01,2.047468e+01,2.052358e+01,2.059340e+01,2.044672e+01,2.060736e+01,2.060039e+01,2.057944e+01,2.056548e+01,2.055850e+01,2.055152e+01,2.053057e+01,2.056548e+01,2.054453e+01,2.062830e+01,2.056548e+01,2.050961e+01,2.056548e+01,2.045371e+01,2.052358e+01,2.054453e+01,2.048166e+01,2.050262e+01,2.048865e+01,2.055152e+01,2.061434e+01,2.053755e+01,2.049564e+01,2.049564e+01,2.048166e+01,2.046769e+01,2.050961e+01,2.048166e+01,2.041875e+01,2.032782e+01,2.041176e+01,2.032782e+01,2.032082e+01,2.042575e+01,2.041875e+01,2.045371e+01,2.036280e+01,2.049564e+01,2.050262e+01,2.052358e+01,2.041176e+01,2.050961e+01,2.057944e+01,2.049564e+01,2.043973e+01,2.043274e+01,2.038379e+01,2.039078e+01,2.034181e+01,2.041176e+01,2.039778e+01,2.047468e+01,2.047468e+01,2.049564e+01,2.037679e+01,2.046769e+01,2.043973e+01,2.055152e+01,2.045371e+01,2.041176e+01,2.041176e+01,2.042575e+01,2.038379e+01,2.037679e+01,2.035581e+01,2.041875e+01,2.036980e+01,2.043973e+01,2.044672e+01,2.038379e+01,2.039778e+01,2.056548e+01,2.053057e+01,2.058643e+01,2.047468e+01,2.060039e+01,2.052358e+01,2.042575e+01,2.046070e+01,2.045371e+01,2.030682e+01,2.029282e+01,2.045371e+01,2.048166e+01,2.040477e+01,2.046769e+01,2.043274e+01,2.048865e+01,2.041875e+01,2.048865e+01,2.059340e+01,2.057246e+01,2.067016e+01,2.069805e+01,2.083741e+01,2.079562e+01,2.087918e+01,2.092093e+01,2.084437e+01,2.080259e+01,2.083045e+01,2.087918e+01,2.098353e+01,2.086526e+01,2.067016e+01,2.057944e+01,2.071200e+01,2.078169e+01,2.077472e+01,2.087918e+01,2.084437e+01,2.073291e+01,2.086526e+01,2.093485e+01,2.096267e+01,2.078866e+01,2.097658e+01,2.088614e+01,2.094876e+01,2.094180e+01,2.087222e+01,2.080955e+01,2.087918e+01,2.094180e+01,2.094180e+01,2.091398e+01,2.094876e+01,2.087222e+01,2.082348e+01,2.081652e+01,2.083741e+01,2.078169e+01,2.092789e+01,2.069805e+01,2.080955e+01,2.085134e+01,2.083045e+01,2.076775e+01,2.083045e+01,2.078169e+01,2.076079e+01,2.080955e+01,2.072594e+01,2.088614e+01,2.071897e+01,2.074685e+01,2.082348e+01,2.078169e+01,2.082348e+01,2.077472e+01,2.078169e+01,2.075382e+01,2.083741e+01,2.073291e+01,2.087222e+01,2.073291e+01,2.076775e+01,2.062830e+01,2.073291e+01,2.069108e+01,2.081652e+01,2.072594e+01,2.075382e+01,2.070502e+01,2.076079e+01,2.069805e+01,2.082348e+01,2.073291e+01,2.070502e+01,2.072594e+01,2.072594e+01,2.078866e+01,2.078866e+01,2.078169e+01,2.071200e+01,2.075382e+01,2.071897e+01,2.081652e+01,2.081652e+01
2.074685e+01,2.064923e+01,2.060039e+01,2.067713e+01,2.063528e+01,2.071200e+01,2.068410e+01,2.067713e+01,2.058643e+01,2.057944e+01,2.042575e+01,2.043274e+01,2.044672e+01,2.025781e+01,2.027181e+01,2.025781e+01,2.033481e+01,2.032082e+01,2.027181e+01,2.025781e+01,2.029982e+01,2.021578e+01,2.018074e+01,2.022979e+01,2.004047e+01,2.015270e+01,2.005451e+01,2.005451e+01,2.004047e+01,2.014569e+01,2.011063e+01,2.006152e+01,2.007556e+01,1.997026e+01,2.001239e+01,2.009660e+01,2.017373e+01,2.008257e+01,2.006854e+01,2.004749e+01,2.001239e+01,2.002643e+01,2.000537e+01,2.004047e+01,1.999835e+01,1.996324e+01,1.999133e+01,1.995621e+01,1.985782e+01,1.993514e+01,2.001941e+01,1.982969e+01,1.990703e+01,1.985782e+01,1.985782e+01,1.980156e+01,1.975934e+01,1.982266e+01,1.991406e+01,1.975934e+01,1.988594e+01,1.980156e+01,1.992109e+01,1.997026e+01,1.999835e+01,2.000537e+01,1.992811e+01,2.002643e+01,2.009660e+01,2.004749e+01,2.004749e+01,2.003345e+01,2.013868e+01,2.022979e+01,2.022278e+01,2.020877e+01,2.020877e+01,2.015270e+01,2.014569e+01,2.016672e+01,2.022979e+01,2.022278e+01,2.021578e+01,2.031382e+01,2.026481e+01,2.037679e+01,2.025080e+01,2.026481e+01,2.028582e+01,2.020877e+01,2.029282e+01,2.034881e+01,2.022278e+01,2.024380e+01,2.032082e+01,2.025080e+01,2.039778e+01,2.020877e+01,2.026481e+01,2.029982e+01,2.034181e+01,2.025080e+01,2.020177e+01,2.029982e+01,2.017373e+01,2.027881e+01,2.027181e+01,2.027881e+01,2.025080e+01,2.034881e+01,2.030682e+01,2.028582e+01,2.032782e+01,2.030682e+01,2.043973e+01,2.043274e+01,2.031382e+01,2.045371e+01,2.048166e+01,2.047468e+01,2.046769e+01,2.038379e+01,2.050961e+01,2.045371e+01,2.054453e+01,2.055850e+01,2.055850e+01,2.048865e+01,2.059340e+01,2.055152e+01,2.057944e+01,2.054453e+01,2.056548e+01,2.054453e+01,2.048865e+01,2.051660e+01,2.056548e+01,2.063528e+01,2.064923e+01,2.062830e+01,2.057944e+01,2.061434e+01,2.053755e+01,2.054453e+01,2.060736e+01,2.056548e+01,2.060736e+01,2.042575e+01,2.065621e+01,2.051660e+01,2.048865e+01,2.062132e+01,2.051660e+01,2.057246e+01,2.062830e+01,2.034881e+01,2.055850e+01,2.048166e+01,2.042575e+01,2.044672e+01,2.045371e+01,2.044672e+01,2.043274e+01,2.041875e+01,2.042575e+01,2.042575e+01,2.049564e+01,2.045371e+01,2.033481e+01,2.036980e+01,2.036280e+01,2.038379e+01,2.040477e+01,2.050961e+01,2.050262e+01,2.042575e+01,2.046769e+01,2.048166e+01,2.046070e+01,2.045371e+01,2.055850e+01,2.056548e+01,2.051660e+01,2.059340e+01,2.054453e+01,2.054453e+01,2.053755e+01,2.052358e+01,2.052358e+01,2.055152e+01,2.049564e+01,2.053755e+01,2.053755e+01,2.048865e+01,2.047468e+01,2.049564e+01,2.047468e+01,2.048865e+01,2.046769e+01,2.053755e+01,2.053755e+01,2.053755e+01,2.052358e+01,2.056548e+01,2.054453e+01,2.050961e+01,2.058643e+01,2.053755e+01,2.060736e+01,2.050262e+01,2.053057e+01,2.058643e+01,2.048166e+01,2.048166e+01,2.068410e+01,2.071200e+01,2.069805e+01,2.070502e+01,2.056548e+01,2.060039e+01,2.060736e+01,2.062132e+01,2.078169e+01,2.072594e+01,2.057944e+01,2.065621e+01,2.061434e+01,2.059340e+01,2.058643e+01,2.069805e+01,2.069805e+01,2.067016e+01,2.067016e+01,2.062132e+01,2.075382e+01,2.070502e+01,2.063528e+01,2.071200e+01,2.068410e+01,2.069108e+01,2.072594e+01,2.067713e+01,2.066318e+01,2.070502e+01,2.073291e+01,2.070502e+01,2.067713e+01,2.060039e+01,2.059340e+01,2.074685e+01,2.071897e+01,2.062830e+01,2.071200e+01,2.070502e+01,2.060736e+01,2.057944e+01,2.062830e+01,2.067016e+01,2.064923e+01,2.072594e+01,2.074685e+01,2.067713e+01,2.060736e+01,2.068410e+01,2.064923e+01,2.073291e+01,2.067016e+01,2.069108e+01,2.069805e+01,2.065621e+01,2.079562e+01,2.071897e+01,2.075382e+01,2.071897e+01,2.073291e+01,2.072594e+01,2.088614e+01,2.071200e+01,2.066318e+01,2.062132e+01,2.060039e+01,2.067713e+01,2.060736e+01,2.054453e+01,2.039078e+01,2.024380e+01,2.021578e+01,2.017373e+01,1.992109e+01,1.971710e+01,1.961143e+01,1.960438e+01,1.959028e+01,1.942093e+01,1.924423e+01,1.930081e+01,1.932909e+01,1.984376e+01,2.027881e+01,2.054453e+01,2.058643e+01,2.053057e+01,2.051660e+01,2.052358e+01,2.055850e+01,2.055850e+01,2.053755e+01,2.050961e+01,2.055152e+01,2.058643e+01,2.067016e+01,2.060736e+01,2.062830e+01,2.061434e+01,2.053057e+01,2.059340e+01,2.069108e+01,2.061434e+01,2.062132e+01,2.062132e+01,2.059340e+01,2.063528e+01,2.064225e+01,2.060736e+01,2.060039e+01,2.066318e+01,2.063528e+01,2.055850e+01,2.061434e+01,2.057944e+01,2.057944e+01,2.062830e+01,2.066318e+01,2.059340e+01,2.053755e+01,2.056548e+01,2.057944e+01,2.059340e+01,2.067713e+01,2.047468e+01,2.069108e+01,2.064225e+01,2.060039e+01,2.069805e+01,2.073291e+01,2.069108e+01,2.062830e+01,2.068410e+01,2.062132e+01,2.063528e+01,2.069108e+01,2.065621e+01,2.069805e+01,2.071897e+01,2.067713e+01,2.064923e+01,2.069108e+01,2.060039e+01,2.063528e+01,2.065621e+01,2.062830e+01,2.058643e+01,2.062830e+01,2.075382e+01,2.066318e+01,2.064923e+01,2.062132e+01,2.053057e+01,2.064923e+01,2.052358e+01,2.055152e+01,2.050262e+01,2.066318e+01,2.055152e+01,2.057246e+01,2.057944e+01,2.055152e+01,2.050961e+01,2.048865e+01,2.044672e+01,2.044672e+01,2.051660e+01,2.052358e+01,2.053755e+01,2.049564e+01,2.057944e+01,2.064923e+01,2.064225e+01,2.057944e+01,2.060039e+01,2.054453e+01,2.056548e+01,2.053057e+01,2.054453e+01,2.053755e+01,2.056548e+01,2.052358e+01,2.043973e+01,2.050262e+01,2.053057e+01,2.056548e+01,2.055152e+01,2.050961e+01,2.053057e+01,2.035581e+01,2.059340e+01,2.053755e+01,2.050961e+01,2.051660e+01,2.045371e+01,2.041176e+01,2.043973e+01,2.041176e+01,2.042575e+01,2.039778e+01,2.037679e+01,2.037679e+01,2.034881e+01,2.036280e+01,2.033481e+01,2.034181e+01,2.038379e+01,2.043274e+01,2.034181e+01,2.050262e+01,2.050262e+01,2.048166e+01,2.048865e+01,2.051660e+01,2.043973e+01,2.047468e+01,2.040477e+01,2.045371e+01,2.039078e+01,2.031382e+01,2.043973e+01,2.029282e+01,2.036280e+01,2.044672e+01,2.041875e+01,2.036280e+01,2.039078e+01,2.051660e+01,2.047468e+01,2.048865e+01,2.033481e+01,2.035581e+01,2.034181e+01,2.046070e+01,2.048166e+01,2.045371e+01,2.052358e+01,2.048166e+01,2.048166e+01,2.050961e+01,2.042575e+01,2.050961e+01,2.046769e+01,2.049564e+01,2.058643e+01,2.053755e+01,2.059340e+01,2.060039e+01,2.057246e+01,2.057944e+01,2.055152e+01,2.052358e+01,2.057944e+01,2.067713e+01,2.060039e+01,2.060736e+01,2.060039e+01,2.060736e+01,2.047468e+01,2.043973e+01,2.049564e+01,2.053057e+01,2.046769e+01,2.048166e+01,2.055850e+01,2.042575e+01,2.052358e+01,2.054453e+01,2.050961e+01,2.041875e+01,2.053057e+01,2.041176e+01,2.053057e+01,2.055152e+01,2.045371e+01,2.053755e+01,2.036280e+01,2.043274e+01,2.045371e+01,2.034181e+01,2.039078e+01,2.030682e+01,2.031382e+01,2.042575e+01,2.055850e+01,2.058643e+01,2.041875e+01,2.050262e+01,2.050961e+01,2.049564e+01,2.039778e+01,2.040477e+01,2.032082e+01,2.050262e+01,2.041875e+01,2.043274e+01,2.044672e+01,2.039078e+01,2.050961e+01,2.041176e+01,2.048166e+01,2.053755e+01,2.039078e+01,2.055152e+01,2.038379e+01,2.055850e+01,2.044672e+01,2.039078e+01,2.037679e+01,2.038379e+01,2.036280e+01,2.040477e+01,2.046070e+01,2.043274e+01,2.048865e+01,2.044672e+01,2.041176e+01,2.061434e+01,2.047468e+01,2.057944e+01,2.059340e+01,2.051660e+01,2.052358e+01,2.046769e+01,2.042575e+01,2.043274e+01,2.043973e+01,2.028582e+01,2.046070e+01,2.042575e+01,2.048166e+01,2.046070e+01,2.045371e+01,2.044672e+01,2.043274e+01,2.057944e+01,2.047468e+01,2.052358e+01,2.073988e+01,2.076775e+01,2.083045e+01,2.083741e+01,2.090702e+01,2.083741e+01,2.087918e+01,2.083045e+01,2.090702e+01,2.085830e+01,2.082348e+01,2.077472e+01,2.073291e+01,2.076079e+01,2.089310e+01,2.074685e+01,2.082348e+01,2.086526e+01,2.085830e+01,2.089310e+01,2.070502e+01,2.063528e+01,2.087222e+01,2.094876e+01,2.099744e+01,2.098353e+01,2.102524e+01,2.094876e+01,2.090006e+01,2.085830e+01,2.087222e+01,2.094180e+01,2.087918e+01,2.090006e+01,2.090702e+01,2.092789e+01,2.079562e+01,2.076079e+01,2.085134e+01,2.068410e+01,2.070502e+01,2.096267e+01,2.076775e+01,2.088614e+01,2.064923e+01,2.078169e+01,2.082348e+01,2.076079e+01,2.082348e+01,2.056548e+01,2.081652e+01,2.087222e+01,2.082348e+01,2.079562e+01,2.080259e+01,2.079562e+01,2.077472e+01,2.078866e+01,2.079562e+01,2.079562e+01,2.074685e+01,2.073291e+01,2.078866e+01,2.071897e+01,2.081652e+01,2.079562e+01,2.072594e+01,2.072594e+01,2.086526e+01,2.073291e+01,2.078169e+01,2.075382e+01,2.069108e+01,2.083741e+01,2.087918e+01,2.078866e+01,2.069805e+01,2.072594e+01,2.067016e+01,2.075382e+01,2.078169e+01,2.069108e+01,2.079562e+01,2.069805e+01,2.064923e+01,2.079562e+01,2.080259e+01
2.082348e+01,2.091398e+01,2.064923e+01,2.075382e+01,2.065621e+01,2.067713e+01,2.068410e+01,2.052358e+01,2.055152e+01,2.056548e+01,2.055152e+01,2.048166e+01,2.054453e+01,2.041875e+01,2.026481e+01,2.022278e+01,2.048865e+01,2.027881e+01,2.027881e+01,2.023680e+01,2.036980e+01,2.021578e+01,2.024380e+01,2.028582e+01,2.030682e+01,2.027881e+01,2.011063e+01,2.018775e+01,2.018074e+01,2.013167e+01,2.010362e+01,2.002643e+01,2.005451e+01,1.999133e+01,2.015270e+01,2.004749e+01,2.006854e+01,2.014569e+01,2.013167e+01,2.008257e+01,2.001941e+01,1.992811e+01,1.998431e+01,1.988594e+01,2.000537e+01,1.994919e+01,1.994919e+01,1.993514e+01,1.987189e+01,1.986485e+01,1.990000e+01,1.993514e+01,2.005451e+01,1.985782e+01,1.982266e+01,1.980859e+01,1.985079e+01,1.988594e+01,1.997728e+01,1.980156e+01,1.996324e+01,2.001239e+01,1.993514e+01,1.987189e+01,1.992811e+01,2.003345e+01,1.997728e+01,2.006854e+01,2.004047e+01,2.011063e+01,1.999133e+01,2.005451e+01,2.025080e+01,2.015971e+01,2.022278e+01,2.020877e+01,2.012466e+01,2.011764e+01,2.022278e+01,2.028582e+01,2.025080e+01,2.027881e+01,2.024380e+01,2.029982e+01,2.032782e+01,2.026481e+01,2.029982e+01,2.036280e+01,2.024380e+01,2.032082e+01,2.035581e+01,2.028582e+01,2.029282e+01,2.034181e+01,2.039078e+01,2.021578e+01,2.039778e+01,2.031382e+01,2.028582e+01,2.024380e+01,2.032782e+01,2.026481e+01,2.035581e+01,2.025080e+01,2.027881e+01,2.024380e+01,2.013167e+01,2.028582e+01,2.032082e+01,2.032782e+01,2.039778e+01,2.034881e+01,2.033481e+01,2.041875e+01,2.046070e+01,2.035581e+01,2.048166e+01,2.044672e+01,2.039078e+01,2.047468e+01,2.048166e+01,2.044672e+01,2.056548e+01,2.053057e+01,2.053755e+01,2.054453e+01,2.056548e+01,2.060736e+01,2.071200e+01,2.064923e+01,2.065621e+01,2.057246e+01,2.050262e+01,2.050961e+01,2.054453e+01,2.053755e+01,2.052358e+01,2.055152e+01,2.064923e+01,2.062830e+01,2.058643e+01,2.057246e+01,2.050961e+01,2.054453e+01,2.055850e+01,2.057246e+01,2.056548e+01,2.064225e+01,2.066318e+01,2.051660e+01,2.059340e+01,2.054453e+01,2.056548e+01,2.048865e+01,2.049564e+01,2.062830e+01,2.043973e+01,2.043973e+01,2.047468e+01,2.039778e+01,2.047468e+01,2.042575e+01,2.042575e+01,2.048166e+01,2.041176e+01,2.034181e+01,2.032782e+01,2.039778e+01,2.034181e+01,2.041176e+01,2.037679e+01,2.034881e+01,2.035581e+01,2.038379e+01,2.050961e+01,2.050961e+01,2.053057e+01,2.055152e+01,2.051660e+01,2.052358e+01,2.053755e+01,2.055152e+01,2.055850e+01,2.050961e+01,2.043973e+01,2.046070e+01,2.053057e+01,2.053755e+01,2.044672e+01,2.041176e+01,2.057944e+01,2.053057e+01,2.050961e+01,2.052358e+01,2.047468e+01,2.046769e+01,2.048166e+01,2.045371e+01,2.051660e+01,2.052358e+01,2.052358e+01,2.053057e+01,2.050262e+01,2.055850e+01,2.072594e+01,2.044672e+01,2.053755e+01,2.048865e+01,2.055152e+01,2.045371e+01,2.049564e+01,2.057944e+01,2.055152e+01,2.050262e+01,2.050262e+01,2.053057e+01,2.062132e+01,2.078866e+01,2.078169e+01,2.062830e+01,2.055850e+01,2.073988e+01,2.080955e+01,2.066318e+01,2.064225e+01,2.062830e+01,2.061434e+01,2.062830e+01,2.075382e+01,2.061434e+01,2.069108e+01,2.059340e+01,2.064923e+01,2.062830e+01,2.071897e+01,2.064225e+01,2.063528e+01,2.064225e+01,2.060039e+01,2.069805e+01,2.060039e+01,2.067713e+01,2.063528e+01,2.067016e+01,2.067713e+01,2.067713e+01,2.070502e+01,2.065621e+01,2.075382e+01,2.064923e+01,2.057944e+01,2.060736e+01,2.068410e+01,2.074685e+01,2.066318e+01,2.060736e+01,2.063528e+01,2.069108e+01,2.066318e+01,2.063528e+01,2.063528e+01,2.065621e+01,2.075382e+01,2.080259e+01,2.076775e+01,2.069108e+01,2.073291e+01,2.073988e+01,2.069805e+01,2.073988e+01,2.068410e+01,2.073291e+01,2.074685e+01,2.073291e+01,2.069805e+01,2.073988e+01,2.072594e+01,2.073291e+01,2.072594e+01,2.073988e+01,2.066318e+01,2.059340e+01,2.037679e+01,2.038379e+01,2.034881e+01,2.026481e+01,2.022278e+01,1.985782e+01,1.978749e+01,1.968893e+01,1.961143e+01,1.956913e+01,1.937149e+01,1.932909e+01,1.910972e+01,1.910264e+01,1.913097e+01,1.965371e+01,2.034881e+01,2.054453e+01,2.056548e+01,2.060736e+01,2.050961e+01,2.050961e+01,2.050961e+01,2.055850e+01,2.047468e+01,2.054453e+01,2.055152e+01,2.067016e+01,2.055152e+01,2.059340e+01,2.061434e+01,2.061434e+01,2.057246e+01,2.067016e+01,2.069805e+01,2.068410e+01,2.062132e+01,2.068410e+01,2.058643e+01,2.067713e+01,2.066318e+01,2.063528e+01,2.046769e+01,2.061434e+01,2.055850e+01,2.062132e+01,2.058643e+01,2.056548e+01,2.060736e+01,2.053057e+01,2.067713e+01,2.066318e+01,2.059340e+01,2.059340e+01,2.069108e+01,2.056548e+01,2.061434e+01,2.067713e+01,2.066318e+01,2.073291e+01,2.060736e+01,2.067713e+01,2.069108e+01,2.068410e+01,2.070502e+01,2.057246e+01,2.064923e+01,2.063528e+01,2.064225e+01,2.068410e+01,2.069805e+01,2.055850e+01,2.062830e+01,2.063528e+01,2.069108e+01,2.067016e+01,2.070502e+01,2.058643e+01,2.062830e+01,2.072594e+01,2.073291e+01,2.069108e+01,2.064225e+01,2.052358e+01,2.058643e+01,2.048166e+01,2.052358e+01,2.070502e+01,2.056548e+01,2.055850e+01,2.061434e+01,2.065621e+01,2.053755e+01,2.057944e+01,2.054453e+01,2.055850e+01,2.054453e+01,2.049564e+01,2.054453e+01,2.052358e+01,2.050961e+01,2.051660e+01,2.053755e+01,2.063528e+01,2.048166e+01,2.065621e+01,2.054453e+01,2.056548e+01,2.057944e+01,2.057944e+01,2.055850e+01,2.055850e+01,2.059340e+01,2.065621e+01,2.057944e+01,2.051660e+01,2.064923e+01,2.053755e+01,2.056548e+01,2.058643e+01,2.055152e+01,2.053755e+01,2.055850e+01,2.053057e+01,2.056548e+01,2.054453e+01,2.047468e+01,2.047468e+01,2.050961e+01,2.042575e+01,2.044672e+01,2.047468e+01,2.041875e+01,2.038379e+01,2.046769e+01,2.046769e+01,2.027181e+01,2.040477e+01,2.034181e+01,2.055152e+01,2.036280e+01,2.041875e+01,2.039778e+01,2.034181e+01,2.050262e+01,2.045371e+01,2.053755e+01,2.047468e+01,2.047468e+01,2.041176e+01,2.033481e+01,2.037679e+01,2.042575e+01,2.046769e+01,2.046070e+01,2.052358e+01,2.045371e+01,2.041875e+01,2.046769e+01,2.037679e+01,2.043274e+01,2.039778e+01,2.039078e+01,2.043274e+01,2.027181e+01,2.050262e+01,2.048166e+01,2.041875e+01,2.046769e+01,2.050262e+01,2.044672e+01,2.047468e+01,2.043973e+01,2.045371e+01,2.061434e+01,2.050262e+01,2.052358e+01,2.053755e+01,2.048166e+01,2.057246e+01,2.057246e+01,2.055152e+01,2.060736e+01,2.052358e+01,2.061434e+01,2.055850e+01,2.058643e+01,2.063528e+01,2.062830e+01,2.066318e+01,2.060736e+01,2.057944e+01,2.053057e+01,2.053755e+01,2.044672e+01,2.054453e+01,2.047468e+01,2.050262e+01,2.043973e+01,2.055152e+01,2.055850e+01,2.051660e+01,2.052358e+01,2.044672e+01,2.043274e+01,2.036980e+01,2.055152e+01,2.046769e+01,2.039078e+01,2.032782e+01,2.042575e+01,2.032082e+01,2.041176e+01,2.039778e+01,2.035581e+01,2.039078e+01,2.028582e+01,2.045371e+01,2.057246e+01,2.041176e+01,2.043973e+01,2.048166e+01,2.039078e+01,2.039778e+01,2.039778e+01,2.040477e+01,2.038379e+01,2.041875e+01,2.039078e+01,2.047468e+01,2.043274e+01,2.051660e+01,2.050961e+01,2.041875e+01,2.045371e+01,2.038379e+01,2.042575e+01,2.053755e+01,2.060736e+01,2.048865e+01,2.055152e+01,2.036980e+01,2.037679e+01,2.037679e+01,2.047468e+01,2.043973e+01,2.046070e+01,2.048865e+01,2.047468e+01,2.046070e+01,2.048166e+01,2.055850e+01,2.043274e+01,2.057944e+01,2.054453e+01,2.060039e+01,2.041875e+01,2.046769e+01,2.041875e+01,2.033481e+01,2.028582e+01,2.037679e+01,2.033481e+01,2.040477e+01,2.039078e+01,2.053755e+01,2.038379e+01,2.039078e+01,2.060736e+01,2.054453e+01,2.066318e+01,2.077472e+01,2.080955e+01,2.078169e+01,2.083741e+01,2.092093e+01,2.078866e+01,2.083045e+01,2.083045e+01,2.081652e+01,2.086526e+01,2.082348e+01,2.079562e+01,2.080955e+01,2.076079e+01,2.077472e+01,2.080259e+01,2.076775e+01,2.081652e+01,2.077472e+01,2.086526e+01,2.085134e+01,2.092093e+01,2.092093e+01,2.090006e+01,2.099048e+01,2.086526e+01,2.095572e+01,2.098353e+01,2.091398e+01,2.095572e+01,2.086526e+01,2.086526e+01,2.087918e+01,2.087222e+01,2.083741e+01,2.086526e+01,2.089310e+01,2.083045e+01,2.083045e+01,2.083741e+01,2.084437e+01,2.079562e+01,2.073291e+01,2.064225e+01,2.084437e+01,2.060039e+01,2.060736e+01,2.076079e+01,2.085134e+01,2.080259e+01,2.087918e+01,2.084437e+01,2.076079e+01,2.080955e+01,2.083741e+01,2.080259e+01,2.074685e+01,2.088614e+01,2.075382e+01,2.078866e+01,2.083045e+01,2.073291e+01,2.076775e+01,2.073291e+01,2.093485e+01,2.081652e+01,2.076775e+01,2.074685e+01,2.073291e+01,2.080955e+01,2.083045e+01,2.079562e+01,2.078169e+01,2.085134e+01,2.076775e+01,2.076775e+01,2.069108e+01,2.069805e+01,2.079562e+01,2.065621e+01,2.072594e+01,2.072594e+01,2.088614e+01,2.080259e+01,2.075382e+01,2.080259e+01,2.078169e+01
2.071200e+01,2.079562e+01,2.072594e+01,2.073291e+01,2.062132e+01,2.064225e+01,2.067016e+01,2.078169e+01,2.068410e+01,2.060039e+01,2.057246e+01,2.055152e+01,2.050961e+01,2.032082e+01,2.048865e+01,2.030682e+01,2.029982e+01,2.041176e+01,2.041176e+01,2.020177e+01,2.029282e+01,2.027181e+01,2.028582e+01,2.027881e+01,2.027881e+01,2.024380e+01,2.021578e+01,2.022979e+01,2.018775e+01,2.010362e+01,2.010362e+01,2.015270e+01,2.004749e+01,2.019476e+01,2.011063e+01,2.004749e+01,2.011063e+01,2.018775e+01,2.003345e+01,2.006152e+01,2.006854e+01,2.001239e+01,1.996324e+01,2.001239e+01,1.996324e+01,1.997026e+01,1.995621e+01,1.990703e+01,1.992811e+01,1.991406e+01,1.988594e+01,1.987189e+01,1.983673e+01,1.978045e+01,1.979452e+01,1.980156e+01,1.983673e+01,1.987892e+01,1.981563e+01,1.988594e+01,1.985782e+01,1.982969e+01,1.985079e+01,1.988594e+01,1.993514e+01,2.002643e+01,2.005451e+01,2.008959e+01,2.003345e+01,2.004047e+01,2.009660e+01,2.006152e+01,2.009660e+01,2.005451e+01,2.011764e+01,2.020177e+01,2.014569e+01,2.016672e+01,2.022979e+01,2.023680e+01,2.034881e+01,2.033481e+01,2.029982e+01,2.025781e+01,2.032082e+01,2.032082e+01,2.026481e+01,2.031382e+01,2.026481e+01,2.029982e+01,2.030682e+01,2.038379e+01,2.039078e+01,2.041875e+01,2.041875e+01,2.033481e+01,2.038379e+01,2.025080e+01,2.034881e+01,2.024380e+01,2.034181e+01,2.032782e+01,2.028582e+01,2.026481e+01,2.039778e+01,2.029282e+01,2.027181e+01,2.025080e+01,2.039078e+01,2.034181e+01,2.033481e+01,2.035581e+01,2.032082e+01,2.035581e+01,2.034881e+01,2.041875e+01,2.040477e+01,2.050262e+01,2.045371e+01,2.040477e+01,2.057944e+01,2.048865e+01,2.050961e+01,2.053755e+01,2.065621e+01,2.063528e+01,2.041875e+01,2.045371e+01,2.050262e+01,2.045371e+01,2.064923e+01,2.062830e+01,2.051660e+01,2.055152e+01,2.052358e+01,2.051660e+01,2.057944e+01,2.048865e+01,2.056548e+01,2.049564e+01,2.062830e+01,2.065621e+01,2.051660e+01,2.061434e+01,2.062830e+01,2.062132e+01,2.060039e+01,2.062132e+01,2.058643e+01,2.057944e+01,2.070502e+01,2.062830e+01,2.069108e+01,2.050961e+01,2.050961e+01,2.043973e+01,2.054453e+01,2.046769e+01,2.047468e+01,2.044672e+01,2.047468e+01,2.040477e+01,2.048166e+01,2.047468e+01,2.039778e+01,2.042575e+01,2.049564e+01,2.035581e+01,2.046070e+01,2.036280e+01,2.038379e+01,2.049564e+01,2.036280e+01,2.046070e+01,2.049564e+01,2.043973e+01,2.051660e+01,2.050262e+01,2.053057e+01,2.058643e+01,2.056548e+01,2.057246e+01,2.050262e+01,2.054453e+01,2.053755e+01,2.061434e+01,2.059340e+01,2.052358e+01,2.054453e+01,2.051660e+01,2.053057e+01,2.050262e+01,2.044672e+01,2.068410e+01,2.047468e+01,2.048166e+01,2.050262e+01,2.053755e+01,2.052358e+01,2.046769e+01,2.048166e+01,2.049564e+01,2.053755e+01,2.049564e+01,2.050262e+01,2.052358e+01,2.051660e+01,2.041176e+01,2.055850e+01,2.057246e+01,2.055152e+01,2.055152e+01,2.035581e+01,2.054453e+01,2.053057e+01,2.056548e+01,2.076775e+01,2.064923e+01,2.068410e+01,2.074685e+01,2.073291e+01,2.078866e+01,2.070502e+01,2.071897e+01,2.072594e+01,2.063528e+01,2.074685e+01,2.072594e+01,2.059340e+01,2.051660e+01,2.062830e+01,2.075382e+01,2.069108e+01,2.073291e+01,2.059340e+01,2.062132e+01,2.062830e+01,2.071200e+01,2.071897e+01,2.071200e+01,2.071200e+01,2.069108e+01,2.070502e+01,2.067713e+01,2.065621e+01,2.076775e+01,2.069805e+01,2.062830e+01,2.059340e+01,2.063528e+01,2.067016e+01,2.061434e+01,2.066318e+01,2.067713e+01,2.067016e+01,2.062132e+01,2.058643e+01,2.064923e+01,2.071200e+01,2.062830e+01,2.068410e+01,2.080259e+01,2.086526e+01,2.070502e+01,2.069805e+01,2.076775e+01,2.066318e+01,2.074685e+01,2.065621e+01,2.067713e+01,2.074685e+01,2.076079e+01,2.072594e+01,2.071200e+01,2.073291e+01,2.072594e+01,2.073291e+01,2.075382e+01,2.073988e+01,2.073291e+01,2.065621e+01,2.055152e+01,2.053755e+01,2.029982e+01,2.021578e+01,2.020177e+01,1.999133e+01,1.995621e+01,1.997026e+01,1.961847e+01,1.946330e+01,1.939975e+01,1.924423e+01,1.921593e+01,1.909555e+01,1.893956e+01,1.930081e+01,1.963962e+01,2.030682e+01,2.056548e+01,2.049564e+01,2.053755e+01,2.048865e+01,2.051660e+01,2.041176e+01,2.059340e+01,2.049564e+01,2.050262e+01,2.062830e+01,2.060736e+01,2.062132e+01,2.061434e+01,2.068410e+01,2.069805e+01,2.067713e+01,2.065621e+01,2.070502e+01,2.058643e+01,2.062830e+01,2.059340e+01,2.062132e+01,2.062830e+01,2.061434e+01,2.060736e+01,2.067713e+01,2.057246e+01,2.063528e+01,2.060039e+01,2.062830e+01,2.057246e+01,2.070502e+01,2.070502e+01,2.055152e+01,2.063528e+01,2.055152e+01,2.067016e+01,2.055850e+01,2.064923e+01,2.057944e+01,2.062830e+01,2.067713e+01,2.064225e+01,2.064923e+01,2.065621e+01,2.061434e+01,2.070502e+01,2.064923e+01,2.057944e+01,2.067016e+01,2.068410e+01,2.056548e+01,2.060039e+01,2.067713e+01,2.066318e+01,2.067713e+01,2.092789e+01,2.055850e+01,2.071897e+01,2.067016e+01,2.067713e+01,2.068410e+01,2.064225e+01,2.066318e+01,2.074685e+01,2.070502e+01,2.053755e+01,2.061434e+01,2.057246e+01,2.058643e+01,2.054453e+01,2.054453e+01,2.058643e+01,2.064225e+01,2.060039e+01,2.064225e+01,2.053057e+01,2.052358e+01,2.050961e+01,2.064923e+01,2.050961e+01,2.053755e+01,2.050262e+01,2.050262e+01,2.053057e+01,2.057944e+01,2.046769e+01,2.057246e+01,2.054453e+01,2.059340e+01,2.065621e+01,2.054453e+01,2.064225e+01,2.048865e+01,2.063528e+01,2.052358e+01,2.055152e+01,2.063528e+01,2.069108e+01,2.060736e+01,2.053755e+01,2.056548e+01,2.055850e+01,2.054453e+01,2.064225e+01,2.053057e+01,2.053755e+01,2.053057e+01,2.048166e+01,2.053057e+01,2.058643e+01,2.048166e+01,2.049564e+01,2.048166e+01,2.046769e+01,2.040477e+01,2.048865e+01,2.037679e+01,2.036980e+01,2.041176e+01,2.051660e+01,2.034881e+01,2.044672e+01,2.050262e+01,2.048865e+01,2.043973e+01,2.048166e+01,2.051660e+01,2.034881e+01,2.041875e+01,2.037679e+01,2.039078e+01,2.043973e+01,2.037679e+01,2.053057e+01,2.053755e+01,2.033481e+01,2.054453e+01,2.045371e+01,2.043973e+01,2.043274e+01,2.036980e+01,2.046070e+01,2.035581e+01,2.039778e+01,2.028582e+01,2.034181e+01,2.053057e+01,2.038379e+01,2.039078e+01,2.044672e+01,2.048166e+01,2.050262e+01,2.048865e+01,2.048865e+01,2.041176e+01,2.039778e+01,2.064225e+01,2.045371e+01,2.064923e+01,2.054453e+01,2.060039e+01,2.058643e+01,2.056548e+01,2.058643e+01,2.057944e+01,2.064225e+01,2.060039e+01,2.061434e+01,2.062830e+01,2.053057e+01,2.062830e+01,2.050262e+01,2.057944e+01,2.056548e+01,2.050262e+01,2.045371e+01,2.058643e+01,2.041176e+01,2.046070e+01,2.042575e+01,2.041176e+01,2.042575e+01,2.050262e+01,2.046070e+01,2.053057e+01,2.053755e+01,2.042575e+01,2.054453e+01,2.057246e+01,2.048865e+01,2.053755e+01,2.040477e+01,2.041176e+01,2.032082e+01,2.036280e+01,2.048166e+01,2.050262e+01,2.049564e+01,2.049564e+01,2.045371e+01,2.050961e+01,2.044672e+01,2.050262e+01,2.041875e+01,2.039778e+01,2.065621e+01,2.047468e+01,2.038379e+01,2.069108e+01,2.041176e+01,2.038379e+01,2.043973e+01,2.027881e+01,2.050961e+01,2.042575e+01,2.040477e+01,2.057246e+01,2.057944e+01,2.052358e+01,2.041176e+01,2.043973e+01,2.046070e+01,2.051660e+01,2.052358e+01,2.052358e+01,2.041176e+01,2.046070e+01,2.046769e+01,2.048166e+01,2.046769e+01,2.052358e+01,2.057246e+01,2.060039e+01,2.050262e+01,2.054453e+01,2.057246e+01,2.043274e+01,2.045371e+01,2.050262e+01,2.047468e+01,2.039778e+01,2.050961e+01,2.020877e+01,2.029282e+01,2.018775e+01,2.040477e+01,2.046070e+01,2.034881e+01,2.037679e+01,2.046769e+01,2.040477e+01,2.049564e+01,2.054453e+01,2.047468e+01,2.074685e+01,2.083045e+01,2.085134e+01,2.087918e+01,2.083045e+01,2.098353e+01,2.084437e+01,2.092789e+01,2.080955e+01,2.081652e+01,2.076775e+01,2.077472e+01,2.080955e+01,2.082348e+01,2.090702e+01,2.071200e+01,2.087222e+01,2.076079e+01,2.092789e+01,2.092093e+01,2.085830e+01,2.094180e+01,2.095572e+01,2.085134e+01,2.090702e+01,2.080259e+01,2.102524e+01,2.082348e+01,2.087222e+01,2.085134e+01,2.083045e+01,2.093485e+01,2.085134e+01,2.083045e+01,2.087918e+01,2.085830e+01,2.079562e+01,2.096267e+01,2.072594e+01,2.083045e+01,2.086526e+01,2.080259e+01,2.081652e+01,2.078866e+01,2.075382e+01,2.075382e+01,2.076079e+01,2.078866e+01,2.077472e+01,2.081652e+01,2.086526e+01,2.076775e+01,2.076775e+01,2.087918e+01,2.075382e+01,2.073988e+01,2.075382e+01,2.074685e+01,2.075382e+01,2.078866e+01,2.081652e+01,2.069805e+01,2.071897e+01,2.087918e+01,2.079562e+01,2.081652e+01,2.068410e+01,2.071897e+01,2.078866e+01,2.079562e+01,2.078866e+01,2.076079e+01,2.071897e+01,2.068410e+01,2.078169e+01,2.089310e+01,2.075382e+01,2.068410e+01,2.073988e+01,2.070502e+01,2.073988e+01,2.083045e+01,2.066318e+01,2.076775e+01,2.084437e+01,2.080259e+01
2.071897e+01,2.074685e+01,2.069805e+01,2.077472e+01,2.076079e+01,2.074685e+01,2.075382e+01,2.064225e+01,2.046070e+01,2.057246e+01,2.053057e+01,2.048166e+01,2.046769e+01,2.043274e+01,2.045371e+01,2.046070e+01,2.032782e+01,2.032782e+01,2.036280e+01,2.036980e+01,2.030682e+01,2.029282e+01,2.031382e+01,2.039078e+01,2.026481e+01,2.028582e+01,2.020177e+01,2.006854e+01,2.012466e+01,2.020877e+01,2.014569e+01,2.010362e+01,2.010362e+01,2.023680e+01,2.010362e+01,2.015971e+01,2.014569e+01,2.006854e+01,2.001239e+01,1.987892e+01,2.000537e+01,1.998431e+01,2.001239e+01,1.999133e+01,2.001941e+01,1.993514e+01,1.994919e+01,1.995621e+01,1.988594e+01,1.998431e+01,1.988594e+01,1.990000e+01,1.992811e+01,1.996324e+01,1.995621e+01,1.980156e+01,1.989297e+01,1.999133e+01,1.991406e+01,1.987892e+01,1.998431e+01,1.985079e+01,2.000537e+01,1.999835e+01,1.982969e+01,2.005451e+01,2.004047e+01,2.015971e+01,2.013167e+01,2.013167e+01,2.014569e+01,2.011063e+01,2.010362e+01,2.008257e+01,2.011764e+01,2.015270e+01,2.018775e+01,2.020877e+01,2.018775e+01,2.022979e+01,2.024380e+01,2.034881e+01,2.026481e+01,2.030682e+01,2.029282e+01,2.027181e+01,2.029282e+01,2.032082e+01,2.030682e+01,2.032082e+01,2.030682e+01,2.029282e+01,2.020877e+01,2.031382e+01,2.040477e+01,2.024380e+01,2.030682e+01,2.034181e+01,2.027881e+01,2.025080e+01,2.031382e+01,2.027181e+01,2.032782e+01,2.027181e+01,2.021578e+01,2.022278e+01,2.020177e+01,2.027181e+01,2.032082e+01,2.030682e+01,2.035581e+01,2.037679e+01,2.041176e+01,2.039778e+01,2.034181e+01,2.043274e+01,2.041875e+01,2.050262e+01,2.046769e+01,2.059340e+01,2.042575e+01,2.044672e+01,2.050262e+01,2.053057e+01,2.064225e+01,2.054453e+01,2.053057e+01,2.049564e+01,2.064225e+01,2.051660e+01,2.063528e+01,2.057246e+01,2.054453e+01,2.058643e+01,2.055152e+01,2.062132e+01,2.061434e+01,2.052358e+01,2.059340e+01,2.064225e+01,2.058643e+01,2.053755e+01,2.047468e+01,2.055850e+01,2.048865e+01,2.062830e+01,2.051660e+01,2.063528e+01,2.055850e+01,2.065621e+01,2.053755e+01,2.055152e+01,2.057246e+01,2.054453e+01,2.050961e+01,2.051660e+01,2.049564e+01,2.046070e+01,2.047468e+01,2.046070e+01,2.046070e+01,2.046070e+01,2.036980e+01,2.035581e+01,2.046769e+01,2.041176e+01,2.046070e+01,2.041176e+01,2.047468e+01,2.036980e+01,2.029282e+01,2.038379e+01,2.036280e+01,2.056548e+01,2.036280e+01,2.057944e+01,2.046769e+01,2.051660e+01,2.055850e+01,2.055850e+01,2.056548e+01,2.054453e+01,2.064225e+01,2.056548e+01,2.057246e+01,2.060736e+01,2.058643e+01,2.054453e+01,2.041875e+01,2.049564e+01,2.054453e+01,2.053057e+01,2.050262e+01,2.063528e+01,2.049564e+01,2.049564e+01,2.043274e+01,2.052358e+01,2.053057e+01,2.053057e+01,2.048166e+01,2.055152e+01,2.048865e+01,2.048166e+01,2.045371e+01,2.043973e+01,2.050262e+01,2.044672e+01,2.052358e+01,2.051660e+01,2.065621e+01,2.054453e+01,2.054453e+01,2.059340e+01,2.052358e+01,2.067713e+01,2.067016e+01,2.068410e+01,2.063528e+01,2.051660e+01,2.069805e+01,2.064923e+01,2.062830e+01,2.061434e+01,2.062132e+01,2.061434e+01,2.060039e+01,2.056548e+01,2.071200e+01,2.066318e+01,2.060736e+01,2.059340e+01,2.065621e+01,2.060039e+01,2.057246e+01,2.061434e+01,2.068410e+01,2.064923e+01,2.067016e+01,2.069108e+01,2.071897e+01,2.065621e+01,2.070502e+01,2.064923e+01,2.063528e+01,2.065621e+01,2.076775e+01,2.064923e+01,2.064225e+01,2.057944e+01,2.055850e+01,2.065621e+01,2.062830e+01,2.067016e+01,2.062830e+01,2.058643e+01,2.062132e+01,2.060039e+01,2.070502e+01,2.059340e+01,2.071897e+01,2.062830e+01,2.066318e+01,2.070502e+01,2.072594e+01,2.069108e+01,2.074685e+01,2.073988e+01,2.078169e+01,2.070502e+01,2.073291e+01,2.074685e+01,2.076079e+01,2.072594e+01,2.071200e+01,2.072594e+01,2.069108e+01,2.069805e+01,2.063528e+01,2.075382e+01,2.073291e+01,2.061434e+01,2.032782e+01,2.020177e+01,2.019476e+01,2.002643e+01,1.982969e+01,1.975230e+01,1.975230e+01,1.964666e+01,1.938562e+01,1.913805e+01,1.912389e+01,1.907429e+01,1.915222e+01,1.902468e+01,1.896084e+01,1.961143e+01,2.052358e+01,2.050961e+01,2.042575e+01,2.055850e+01,2.056548e+01,2.048865e+01,2.046070e+01,2.055152e+01,2.050961e+01,2.059340e+01,2.060039e+01,2.057944e+01,2.067016e+01,2.062830e+01,2.062830e+01,2.064923e+01,2.057246e+01,2.069805e+01,2.073291e+01,2.072594e+01,2.060039e+01,2.060039e+01,2.057944e+01,2.067713e+01,2.050262e+01,2.055152e+01,2.059340e+01,2.066318e+01,2.067713e+01,2.065621e+01,2.064225e+01,2.062830e+01,2.066318e+01,2.064225e+01,2.065621e+01,2.066318e+01,2.068410e+01,2.067016e+01,2.064923e+01,2.065621e+01,2.062132e+01,2.057944e+01,2.065621e+01,2.061434e+01,2.062830e+01,2.071897e+01,2.069108e+01,2.066318e+01,2.057246e+01,2.065621e+01,2.065621e+01,2.063528e+01,2.060039e+01,2.065621e+01,2.061434e+01,2.055850e+01,2.065621e+01,2.069805e+01,2.064225e+01,2.071200e+01,2.072594e+01,2.069805e+01,2.062830e+01,2.070502e+01,2.066318e+01,2.063528e+01,2.066318e+01,2.063528e+01,2.058643e+01,2.055152e+01,2.076079e+01,2.071200e+01,2.055152e+01,2.057944e+01,2.061434e+01,2.051660e+01,2.057944e+01,2.053755e+01,2.051660e+01,2.053057e+01,2.063528e+01,2.061434e+01,2.048865e+01,2.053057e+01,2.053057e+01,2.053057e+01,2.053057e+01,2.053057e+01,2.060736e+01,2.061434e+01,2.057944e+01,2.050262e+01,2.060736e+01,2.063528e+01,2.064923e+01,2.063528e+01,2.063528e+01,2.056548e+01,2.055152e+01,2.065621e+01,2.064923e+01,2.050262e+01,2.064225e+01,2.068410e+01,2.057246e+01,2.062830e+01,2.054453e+01,2.055152e+01,2.069108e+01,2.060039e+01,2.057944e+01,2.054453e+01,2.052358e+01,2.049564e+01,2.048865e+01,2.045371e+01,2.055850e+01,2.048166e+01,2.052358e+01,2.052358e+01,2.053755e+01,2.050961e+01,2.045371e+01,2.048166e+01,2.042575e+01,2.038379e+01,2.047468e+01,2.050262e+01,2.047468e+01,2.039778e+01,2.039078e+01,2.048166e+01,2.049564e+01,2.044672e+01,2.043973e+01,2.044672e+01,2.055152e+01,2.046070e+01,2.034181e+01,2.045371e+01,2.034181e+01,2.043973e+01,2.041875e+01,2.053755e+01,2.036280e+01,2.041176e+01,2.041176e+01,2.042575e+01,2.037679e+01,2.041176e+01,2.034181e+01,2.064225e+01,2.045371e+01,2.041875e+01,2.049564e+01,2.043274e+01,2.050262e+01,2.045371e+01,2.043973e+01,2.051660e+01,2.038379e+01,2.062830e+01,2.050262e+01,2.057246e+01,2.051660e+01,2.061434e+01,2.067016e+01,2.057944e+01,2.062132e+01,2.066318e+01,2.064923e+01,2.061434e+01,2.049564e+01,2.062132e+01,2.059340e+01,2.057944e+01,2.055850e+01,2.060039e+01,2.051660e+01,2.064225e+01,2.049564e+01,2.042575e+01,2.046070e+01,2.050961e+01,2.045371e+01,2.051660e+01,2.048166e+01,2.051660e+01,2.044672e+01,2.057944e+01,2.053755e+01,2.031382e+01,2.053057e+01,2.049564e+01,2.041875e+01,2.041176e+01,2.044672e+01,2.040477e+01,2.043973e+01,2.050262e+01,2.046070e+01,2.048166e+01,2.053755e+01,2.050961e+01,2.050262e+01,2.048865e+01,2.049564e+01,2.041875e+01,2.040477e+01,2.033481e+01,2.047468e+01,2.043973e+01,2.043973e+01,2.046769e+01,2.048166e+01,2.039778e+01,2.055152e+01,2.050961e+01,2.055850e+01,2.055152e+01,2.034181e+01,2.043973e+01,2.035581e+01,2.048865e+01,2.050262e+01,2.040477e+01,2.043973e+01,2.047468e+01,2.048865e+01,2.047468e+01,2.064225e+01,2.049564e+01,2.051660e+01,2.040477e+01,2.054453e+01,2.041176e+01,2.048166e+01,2.055152e+01,2.043274e+01,2.047468e+01,2.046070e+01,2.047468e+01,2.040477e+01,2.043973e+01,2.031382e+01,2.050262e+01,2.039778e+01,2.032082e+01,2.046070e+01,2.049564e+01,2.052358e+01,2.055152e+01,2.063528e+01,2.053755e+01,2.049564e+01,2.064225e+01,2.083045e+01,2.087918e+01,2.076775e+01,2.097658e+01,2.083741e+01,2.085830e+01,2.090702e+01,2.092093e+01,2.088614e+01,2.077472e+01,2.073291e+01,2.086526e+01,2.082348e+01,2.073988e+01,2.078866e+01,2.073291e+01,2.092789e+01,2.092093e+01,2.084437e+01,2.089310e+01,2.093485e+01,2.092093e+01,2.103914e+01,2.079562e+01,2.084437e+01,2.080955e+01,2.083741e+01,2.081652e+01,2.087918e+01,2.090702e+01,2.080259e+01,2.087918e+01,2.085134e+01,2.087222e+01,2.083741e+01,2.086526e+01,2.089310e+01,2.085134e+01,2.081652e+01,2.079562e+01,2.080259e+01,2.083045e+01,2.090006e+01,2.087222e+01,2.080259e+01,2.076079e+01,2.079562e+01,2.073988e+01,2.070502e+01,2.077472e+01,2.076775e+01,2.080955e+01,2.076775e+01,2.089310e+01,2.091398e+01,2.078169e+01,2.072594e+01,2.072594e+01,2.080259e+01,2.076079e+01,2.065621e+01,2.078866e+01,2.093485e+01,2.089310e+01,2.071200e+01,2.073988e+01,2.075382e+01,2.082348e+01,2.077472e+01,2.079562e+01,2.080955e+01,2.070502e+01,2.084437e+01,2.082348e+01,2.072594e+01,2.077472e+01,2.076775e+01,2.069805e+01,2.070502e+01,2.082348e+01,2.065621e+01,2.080955e+01,2.087222e+01,2.072594e+01,2.080259e+01,2.073291e+01
2.078169e+01,2.079562e+01,2.082348e+01,2.074685e+01,2.065621e+01,2.067016e+01,2.067016e+01,2.074685e+01,2.056548e+01,2.052358e+01,2.052358e+01,2.046070e+01,2.043274e+01,2.055152e+01,2.041176e+01,2.038379e+01,2.045371e+01,2.025080e+01,2.036980e+01,2.036280e+01,2.039078e+01,2.037679e+01,2.035581e+01,2.031382e+01,2.027181e+01,2.027181e+01,2.007556e+01,2.027181e+01,2.020177e+01,2.023680e+01,2.011764e+01,2.025080e+01,2.018775e+01,2.021578e+01,2.006152e+01,2.016672e+01,2.004749e+01,2.008257e+01,2.003345e+01,2.000537e+01,2.004749e+01,1.997026e+01,1.994919e+01,1.992811e+01,2.004749e+01,1.992811e+01,1.995621e+01,1.985782e+01,1.989297e+01,2.013167e+01,1.982969e+01,1.989297e+01,1.997026e+01,1.985782e+01,1.987892e+01,1.993514e+01,1.995621e+01,1.999133e+01,1.990000e+01,1.985782e+01,1.987189e+01,1.988594e+01,1.997026e+01,1.997728e+01,2.001941e+01,2.005451e+01,2.007556e+01,2.004047e+01,2.007556e+01,2.020877e+01,2.006854e+01,2.013868e+01,2.023680e+01,2.011764e+01,2.021578e+01,2.013868e+01,2.013868e+01,2.022979e+01,2.020177e+01,2.024380e+01,2.026481e+01,2.030682e+01,2.024380e+01,2.029982e+01,2.029282e+01,2.040477e+01,2.028582e+01,2.025781e+01,2.030682e+01,2.025080e+01,2.030682e+01,2.031382e+01,2.020177e+01,2.038379e+01,2.028582e+01,2.032082e+01,2.029982e+01,2.032082e+01,2.031382e+01,2.036980e+01,2.047468e+01,2.040477e+01,2.034881e+01,2.035581e+01,2.030682e+01,2.022979e+01,2.026481e+01,2.031382e+01,2.040477e+01,2.031382e+01,2.037679e+01,2.034881e+01,2.037679e+01,2.046769e+01,2.036280e+01,2.041176e+01,2.046769e+01,2.051660e+01,2.049564e+01,2.046070e+01,2.048865e+01,2.050262e+01,2.065621e+01,2.050961e+01,2.066318e+01,2.048166e+01,2.050961e+01,2.064923e+01,2.055850e+01,2.054453e+01,2.055850e+01,2.056548e+01,2.058643e+01,2.060736e+01,2.054453e+01,2.056548e+01,2.059340e+01,2.057246e+01,2.064923e+01,2.062830e+01,2.057944e+01,2.050961e+01,2.053057e+01,2.065621e+01,2.063528e+01,2.062132e+01,2.064225e+01,2.056548e+01,2.057944e+01,2.055850e+01,2.055152e+01,2.056548e+01,2.059340e+01,2.061434e+01,2.053755e+01,2.043973e+01,2.052358e+01,2.040477e+01,2.047468e+01,2.046769e+01,2.039078e+01,2.047468e+01,2.039078e+01,2.043274e+01,2.039778e+01,2.037679e+01,2.050961e+01,2.050262e+01,2.042575e+01,2.046769e+01,2.028582e+01,2.035581e+01,2.047468e+01,2.038379e+01,2.050961e+01,2.054453e+01,2.056548e+01,2.053755e+01,2.053755e+01,2.066318e+01,2.046769e+01,2.053755e+01,2.060039e+01,2.058643e+01,2.057246e+01,2.060039e+01,2.056548e+01,2.073291e+01,2.055850e+01,2.050262e+01,2.055152e+01,2.051660e+01,2.050961e+01,2.053057e+01,2.043274e+01,2.045371e+01,2.046769e+01,2.045371e+01,2.049564e+01,2.060736e+01,2.046070e+01,2.046769e+01,2.046769e+01,2.044672e+01,2.043274e+01,2.050262e+01,2.048166e+01,2.043973e+01,2.050961e+01,2.042575e+01,2.050262e+01,2.055152e+01,2.062830e+01,2.053755e+01,2.048166e+01,2.062830e+01,2.055850e+01,2.066318e+01,2.061434e+01,2.074685e+01,2.067016e+01,2.061434e+01,2.061434e+01,2.063528e+01,2.059340e+01,2.059340e+01,2.057944e+01,2.060039e+01,2.055850e+01,2.071200e+01,2.064923e+01,2.057944e+01,2.070502e+01,2.064923e+01,2.061434e+01,2.062132e+01,2.064923e+01,2.062132e+01,2.071897e+01,2.072594e+01,2.069805e+01,2.070502e+01,2.068410e+01,2.069805e+01,2.064225e+01,2.062830e+01,2.064225e+01,2.064225e+01,2.066318e+01,2.064923e+01,2.065621e+01,2.057944e+01,2.057944e+01,2.071200e+01,2.062830e+01,2.062132e+01,2.069805e+01,2.063528e+01,2.067016e+01,2.071200e+01,2.069805e+01,2.071200e+01,2.075382e+01,2.068410e+01,2.067713e+01,2.076079e+01,2.069805e+01,2.069108e+01,2.074685e+01,2.069805e+01,2.079562e+01,2.073291e+01,2.070502e+01,2.072594e+01,2.072594e+01,2.072594e+01,2.073988e+01,2.062132e+01,2.068410e+01,2.065621e+01,2.058643e+01,2.049564e+01,2.023680e+01,2.018775e+01,2.001239e+01,1.987892e+01,1.971006e+01,1.964666e+01,1.964666e+01,1.939268e+01,1.925130e+01,1.902468e+01,1.891117e+01,1.891117e+01,1.879042e+01,1.871222e+01,1.899631e+01,1.966780e+01,2.032782e+01,2.039778e+01,2.043973e+01,2.048865e+01,2.041875e+01,2.047468e+01,2.046070e+01,2.052358e+01,2.045371e+01,2.048865e+01,2.062132e+01,2.057246e+01,2.065621e+01,2.067713e+01,2.058643e+01,2.057246e+01,2.056548e+01,2.053755e+01,2.073988e+01,2.064225e+01,2.057246e+01,2.068410e+01,2.066318e+01,2.069108e+01,2.048865e+01,2.050961e+01,2.055850e+01,2.070502e+01,2.064923e+01,2.062132e+01,2.067713e+01,2.063528e+01,2.062830e+01,2.064225e+01,2.068410e+01,2.064923e+01,2.062830e+01,2.067713e+01,2.059340e+01,2.069108e+01,2.076079e+01,2.065621e+01,2.078169e+01,2.067016e+01,2.058643e+01,2.064923e+01,2.071200e+01,2.064225e+01,2.071200e+01,2.069805e+01,2.064225e+01,2.063528e+01,2.062830e+01,2.063528e+01,2.064225e+01,2.060736e+01,2.062830e+01,2.071200e+01,2.064923e+01,2.063528e+01,2.064923e+01,2.076079e+01,2.066318e+01,2.050961e+01,2.065621e+01,2.066318e+01,2.067713e+01,2.064923e+01,2.061434e+01,2.067016e+01,2.066318e+01,2.055152e+01,2.057246e+01,2.060039e+01,2.059340e+01,2.060736e+01,2.057246e+01,2.059340e+01,2.053755e+01,2.067016e+01,2.049564e+01,2.050961e+01,2.053755e+01,2.043973e+01,2.048865e+01,2.046070e+01,2.052358e+01,2.053057e+01,2.056548e+01,2.063528e+01,2.053755e+01,2.058643e+01,2.062132e+01,2.065621e+01,2.069108e+01,2.058643e+01,2.054453e+01,2.061434e+01,2.072594e+01,2.055850e+01,2.055152e+01,2.050961e+01,2.057944e+01,2.071200e+01,2.051660e+01,2.053057e+01,2.067713e+01,2.052358e+01,2.057944e+01,2.060736e+01,2.053755e+01,2.059340e+01,2.053755e+01,2.049564e+01,2.050961e+01,2.049564e+01,2.050961e+01,2.042575e+01,2.041875e+01,2.053057e+01,2.051660e+01,2.048865e+01,2.046070e+01,2.041176e+01,2.046769e+01,2.046070e+01,2.055850e+01,2.053057e+01,2.043973e+01,2.045371e+01,2.062830e+01,2.050262e+01,2.048865e+01,2.046769e+01,2.041875e+01,2.042575e+01,2.055850e+01,2.055850e+01,2.046070e+01,2.047468e+01,2.041176e+01,2.038379e+01,2.040477e+01,2.039078e+01,2.038379e+01,2.041176e+01,2.041176e+01,2.050961e+01,2.041176e+01,2.047468e+01,2.042575e+01,2.043973e+01,2.045371e+01,2.042575e+01,2.046769e+01,2.057246e+01,2.048865e+01,2.055152e+01,2.050961e+01,2.044672e+01,2.048166e+01,2.065621e+01,2.060039e+01,2.062132e+01,2.069805e+01,2.058643e+01,2.059340e+01,2.059340e+01,2.062132e+01,2.057944e+01,2.066318e+01,2.054453e+01,2.060736e+01,2.051660e+01,2.051660e+01,2.055152e+01,2.046769e+01,2.050961e+01,2.046070e+01,2.052358e+01,2.054453e+01,2.046070e+01,2.050262e+01,2.043973e+01,2.044672e+01,2.050262e+01,2.051660e+01,2.048865e+01,2.046769e+01,2.034881e+01,2.032782e+01,2.039078e+01,2.047468e+01,2.048166e+01,2.038379e+01,2.041176e+01,2.035581e+01,2.052358e+01,2.041176e+01,2.055152e+01,2.051660e+01,2.053057e+01,2.059340e+01,2.048166e+01,2.059340e+01,2.055152e+01,2.053057e+01,2.050262e+01,2.043973e+01,2.061434e+01,2.046070e+01,2.042575e+01,2.039778e+01,2.046769e+01,2.050961e+01,2.052358e+01,2.043274e+01,2.048166e+01,2.053057e+01,2.043973e+01,2.055850e+01,2.055850e+01,2.047468e+01,2.036980e+01,2.053057e+01,2.042575e+01,2.043973e+01,2.050262e+01,2.050262e+01,2.052358e+01,2.040477e+01,2.049564e+01,2.053755e+01,2.055850e+01,2.050262e+01,2.049564e+01,2.065621e+01,2.056548e+01,2.053057e+01,2.039778e+01,2.046070e+01,2.041176e+01,2.038379e+01,2.035581e+01,2.027881e+01,2.023680e+01,2.023680e+01,2.027181e+01,2.034181e+01,2.038379e+01,2.045371e+01,2.049564e+01,2.042575e+01,2.050961e+01,2.046070e+01,2.055850e+01,2.064923e+01,2.069805e+01,2.085830e+01,2.100439e+01,2.101134e+01,2.087222e+01,2.107388e+01,2.083045e+01,2.088614e+01,2.078169e+01,2.078866e+01,2.080259e+01,2.083045e+01,2.103219e+01,2.099744e+01,2.081652e+01,2.073291e+01,2.078866e+01,2.092093e+01,2.090006e+01,2.081652e+01,2.093485e+01,2.111555e+01,2.096267e+01,2.083741e+01,2.095572e+01,2.087222e+01,2.089310e+01,2.087222e+01,2.091398e+01,2.083045e+01,2.088614e+01,2.087222e+01,2.087918e+01,2.101134e+01,2.094876e+01,2.080955e+01,2.081652e+01,2.074685e+01,2.080259e+01,2.080955e+01,2.083741e+01,2.082348e+01,2.078866e+01,2.074685e+01,2.080259e+01,2.076775e+01,2.079562e+01,2.068410e+01,2.082348e+01,2.076079e+01,2.086526e+01,2.083741e+01,2.090006e+01,2.083741e+01,2.074685e+01,2.085134e+01,2.105304e+01,2.081652e+01,2.087222e+01,2.081652e+01,2.067016e+01,2.076775e+01,2.074685e+01,2.078866e+01,2.084437e+01,2.078866e+01,2.080259e+01,2.080955e+01,2.085830e+01,2.083741e+01,2.076775e+01,2.087918e+01,2.083045e+01,2.078169e+01,2.078169e+01,2.095572e+01,2.073291e+01,2.070502e+01,2.073988e+01,2.087222e+01,2.073291e+01,2.067016e+01,2.084437e+01,2.083741e+01,2.083045e+01
2.061434e+01,2.084437e+01,2.082348e+01,2.076775e+01,2.066318e+01,2.059340e+01,2.072594e+01,2.070502e+01,2.062830e+01,2.060039e+01,2.053755e+01,2.047468e+01,2.043973e+01,2.037679e+01,2.034881e+01,2.038379e+01,2.034881e+01,2.037679e+01,2.024380e+01,2.031382e+01,2.034881e+01,2.037679e+01,2.027881e+01,2.035581e+01,2.038379e+01,2.023680e+01,2.019476e+01,2.020177e+01,2.011063e+01,2.021578e+01,2.019476e+01,2.033481e+01,2.016672e+01,2.018074e+01,2.016672e+01,2.004749e+01,2.002643e+01,2.005451e+01,2.005451e+01,1.997026e+01,1.996324e+01,1.994216e+01,2.003345e+01,1.984376e+01,1.993514e+01,1.994216e+01,1.994216e+01,1.983673e+01,1.997728e+01,1.983673e+01,1.986485e+01,1.987892e+01,1.992109e+01,2.004047e+01,2.006152e+01,1.985782e+01,1.994919e+01,1.991406e+01,1.987189e+01,1.986485e+01,1.985782e+01,1.998431e+01,1.992811e+01,1.990000e+01,2.002643e+01,1.999133e+01,1.998431e+01,1.983673e+01,2.004047e+01,2.006152e+01,2.002643e+01,2.005451e+01,2.015971e+01,2.011063e+01,2.008959e+01,2.027881e+01,2.020877e+01,2.017373e+01,2.021578e+01,2.014569e+01,2.018074e+01,2.020877e+01,2.029982e+01,2.032782e+01,2.023680e+01,2.021578e+01,2.022278e+01,2.028582e+01,2.034181e+01,2.024380e+01,2.032082e+01,2.020877e+01,2.027181e+01,2.025080e+01,2.026481e+01,2.034181e+01,2.032082e+01,2.033481e+01,2.043973e+01,2.027881e+01,2.033481e+01,2.033481e+01,2.025080e+01,2.028582e+01,2.022278e+01,2.027181e+01,2.024380e+01,2.028582e+01,2.024380e+01,2.023680e+01,2.031382e+01,2.041176e+01,2.036280e+01,2.038379e+01,2.049564e+01,2.036280e+01,2.045371e+01,2.050961e+01,2.055152e+01,2.041176e+01,2.048865e+01,2.050262e+01,2.059340e+01,2.046769e+01,2.047468e+01,2.056548e+01,2.051660e+01,2.046070e+01,2.060039e+01,2.048166e+01,2.060736e+01,2.060039e+01,2.056548e+01,2.048166e+01,2.053755e+01,2.052358e+01,2.050961e+01,2.060039e+01,2.058643e+01,2.053057e+01,2.043973e+01,2.065621e+01,2.061434e+01,2.057944e+01,2.063528e+01,2.062830e+01,2.054453e+01,2.054453e+01,2.055152e+01,2.052358e+01,2.053755e+01,2.059340e+01,2.057246e+01,2.048166e+01,2.038379e+01,2.047468e+01,2.058643e+01,2.045371e+01,2.047468e+01,2.037679e+01,2.040477e+01,2.037679e+01,2.039078e+01,2.038379e+01,2.039778e+01,2.040477e+01,2.036280e+01,2.037679e+01,2.041875e+01,2.049564e+01,2.032082e+01,2.029282e+01,2.039778e+01,2.043274e+01,2.039778e+01,2.038379e+01,2.043973e+01,2.054453e+01,2.049564e+01,2.052358e+01,2.051660e+01,2.046769e+01,2.043274e+01,2.060039e+01,2.054453e+01,2.058643e+01,2.055850e+01,2.057944e+01,2.041875e+01,2.058643e+01,2.050262e+01,2.050262e+01,2.053057e+01,2.046769e+01,2.053755e+01,2.054453e+01,2.051660e+01,2.017373e+01,2.035581e+01,2.046769e+01,2.045371e+01,2.046769e+01,2.043274e+01,2.051660e+01,2.043274e+01,2.042575e+01,2.046769e+01,2.051660e+01,2.043973e+01,2.050262e+01,2.041875e+01,2.048865e+01,2.053057e+01,2.048865e+01,2.064923e+01,2.053057e+01,2.053755e+01,2.067016e+01,2.066318e+01,2.049564e+01,2.048166e+01,2.057944e+01,2.065621e+01,2.060039e+01,2.060039e+01,2.059340e+01,2.062830e+01,2.059340e+01,2.055850e+01,2.062132e+01,2.070502e+01,2.061434e+01,2.074685e+01,2.069108e+01,2.062132e+01,2.066318e+01,2.060736e+01,2.060736e+01,2.066318e+01,2.073988e+01,2.063528e+01,2.066318e+01,2.069108e+01,2.062132e+01,2.069805e+01,2.064225e+01,2.063528e+01,2.065621e+01,2.068410e+01,2.057246e+01,2.064923e+01,2.065621e+01,2.055152e+01,2.060736e+01,2.069805e+01,2.071200e+01,2.071897e+01,2.063528e+01,2.053057e+01,2.064225e+01,2.075382e+01,2.071200e+01,2.069108e+01,2.068410e+01,2.074685e+01,2.071200e+01,2.069108e+01,2.076079e+01,2.069108e+01,2.071200e+01,2.067713e+01,2.070502e+01,2.074685e+01,2.071897e+01,2.065621e+01,2.069805e+01,2.063528e+01,2.064225e+01,2.063528e+01,2.061434e+01,2.028582e+01,2.033481e+01,2.004047e+01,1.998431e+01,1.984376e+01,1.975230e+01,1.965371e+01,1.947742e+01,1.939975e+01,1.910972e+01,1.901758e+01,1.896084e+01,1.891827e+01,1.891117e+01,1.873355e+01,1.869088e+01,1.874777e+01,1.929374e+01,2.013167e+01,2.039078e+01,2.046769e+01,2.049564e+01,2.044672e+01,2.050961e+01,2.050961e+01,2.042575e+01,2.050961e+01,2.059340e+01,2.050961e+01,2.055850e+01,2.053755e+01,2.062132e+01,2.064225e+01,2.060736e+01,2.057944e+01,2.055152e+01,2.056548e+01,2.062132e+01,2.069108e+01,2.050961e+01,2.061434e+01,2.058643e+01,2.056548e+01,2.060736e+01,2.053057e+01,2.056548e+01,2.071200e+01,2.063528e+01,2.055152e+01,2.064923e+01,2.062830e+01,2.064923e+01,2.070502e+01,2.062132e+01,2.066318e+01,2.062830e+01,2.063528e+01,2.062132e+01,2.073291e+01,2.062830e+01,2.067713e+01,2.066318e+01,2.071200e+01,2.077472e+01,2.068410e+01,2.073291e+01,2.065621e+01,2.063528e+01,2.050961e+01,2.059340e+01,2.064923e+01,2.062830e+01,2.061434e+01,2.062830e+01,2.060039e+01,2.060039e+01,2.064225e+01,2.063528e+01,2.059340e+01,2.064225e+01,2.066318e+01,2.066318e+01,2.050961e+01,2.069108e+01,2.063528e+01,2.065621e+01,2.064225e+01,2.063528e+01,2.073291e+01,2.056548e+01,2.060039e+01,2.057246e+01,2.058643e+01,2.058643e+01,2.058643e+01,2.053755e+01,2.055850e+01,2.050961e+01,2.057944e+01,2.042575e+01,2.044672e+01,2.044672e+01,2.062132e+01,2.057944e+01,2.076079e+01,2.055850e+01,2.066318e+01,2.062132e+01,2.057944e+01,2.066318e+01,2.054453e+01,2.055152e+01,2.060039e+01,2.050262e+01,2.055152e+01,2.054453e+01,2.063528e+01,2.057246e+01,2.053755e+01,2.062132e+01,2.050961e+01,2.050961e+01,2.056548e+01,2.055850e+01,2.053755e+01,2.053755e+01,2.055850e+01,2.056548e+01,2.058643e+01,2.062830e+01,2.053755e+01,2.052358e+01,2.050262e+01,2.050961e+01,2.046070e+01,2.057246e+01,2.051660e+01,2.052358e+01,2.046769e+01,2.049564e+01,2.047468e+01,2.046769e+01,2.043973e+01,2.049564e+01,2.040477e+01,2.052358e+01,2.043274e+01,2.045371e+01,2.036980e+01,2.050961e+01,2.043274e+01,2.045371e+01,2.043973e+01,2.043274e+01,2.036980e+01,2.046769e+01,2.040477e+01,2.036280e+01,2.043973e+01,2.055152e+01,2.041875e+01,2.043274e+01,2.040477e+01,2.036280e+01,2.049564e+01,2.039078e+01,2.041176e+01,2.043973e+01,2.042575e+01,2.042575e+01,2.042575e+01,2.056548e+01,2.043973e+01,2.055152e+01,2.039778e+01,2.043973e+01,2.059340e+01,2.045371e+01,2.057246e+01,2.062132e+01,2.046769e+01,2.047468e+01,2.046769e+01,2.040477e+01,2.058643e+01,2.067713e+01,2.063528e+01,2.068410e+01,2.053057e+01,2.060736e+01,2.046070e+01,2.060039e+01,2.054453e+01,2.043973e+01,2.048166e+01,2.051660e+01,2.043973e+01,2.039778e+01,2.039078e+01,2.039778e+01,2.041176e+01,2.048166e+01,2.044672e+01,2.041875e+01,2.047468e+01,2.039078e+01,2.033481e+01,2.046070e+01,2.037679e+01,2.034881e+01,2.051660e+01,2.033481e+01,2.038379e+01,2.038379e+01,2.042575e+01,2.041176e+01,2.036980e+01,2.048166e+01,2.052358e+01,2.048865e+01,2.055152e+01,2.049564e+01,2.048166e+01,2.042575e+01,2.053755e+01,2.053755e+01,2.050262e+01,2.039078e+01,2.041176e+01,2.046070e+01,2.043274e+01,2.044672e+01,2.044672e+01,2.038379e+01,2.050961e+01,2.047468e+01,2.048166e+01,2.033481e+01,2.055152e+01,2.052358e+01,2.051660e+01,2.051660e+01,2.039078e+01,2.053755e+01,2.043973e+01,2.054453e+01,2.054453e+01,2.050961e+01,2.050262e+01,2.049564e+01,2.050262e+01,2.056548e+01,2.046769e+01,2.044672e+01,2.047468e+01,2.055152e+01,2.049564e+01,2.042575e+01,2.043274e+01,2.036980e+01,2.034181e+01,2.020177e+01,2.033481e+01,2.029282e+01,2.031382e+01,2.022979e+01,2.032082e+01,2.043274e+01,2.039078e+01,2.044672e+01,2.057246e+01,2.043274e+01,2.048166e+01,2.041176e+01,2.054453e+01,2.060736e+01,2.086526e+01,2.083741e+01,2.083045e+01,2.083741e+01,2.085830e+01,2.086526e+01,2.078169e+01,2.086526e+01,2.079562e+01,2.081652e+01,2.076079e+01,2.068410e+01,2.076775e+01,2.079562e+01,2.090006e+01,2.092093e+01,2.079562e+01,2.086526e+01,2.090006e+01,2.094180e+01,2.085134e+01,2.094876e+01,2.100439e+01,2.084437e+01,2.087222e+01,2.082348e+01,2.092789e+01,2.085830e+01,2.082348e+01,2.083741e+01,2.088614e+01,2.088614e+01,2.090702e+01,2.093485e+01,2.079562e+01,2.095572e+01,2.080259e+01,2.067713e+01,2.078866e+01,2.071200e+01,2.072594e+01,2.073291e+01,2.083045e+01,2.089310e+01,2.080955e+01,2.068410e+01,2.080955e+01,2.063528e+01,2.079562e+01,2.078169e+01,2.073988e+01,2.073988e+01,2.072594e+01,2.080259e+01,2.080955e+01,2.083741e+01,2.084437e+01,2.080955e+01,2.081652e+01,2.076775e+01,2.076775e+01,2.078169e+01,2.074685e+01,2.075382e+01,2.071897e+01,2.076775e+01,2.074685e+01,2.064923e+01,2.080955e+01,2.081652e+01,2.080955e+01,2.075382e+01,2.077472e+01,2.085830e+01,2.075382e+01,2.072594e+01,2.071200e+01,2.083045e+01,2.085830e+01,2.073291e+01,2.074685e+01,2.067713e+01,2.077472e+01,2.076775e+01
2.087222e+01,2.073988e+01,2.074685e+01,2.069805e+01,2.075382e+01,2.073988e+01,2.073988e+01,2.063528e+01,2.058643e+01,2.051660e+01,2.047468e+01,2.045371e+01,2.046769e+01,2.036280e+01,2.034881e+01,2.032082e+01,2.032782e+01,2.030682e+01,2.027881e+01,2.034181e+01,2.027181e+01,2.032782e+01,2.036980e+01,2.035581e+01,2.036980e+01,2.034881e+01,2.032082e+01,2.027881e+01,2.022979e+01,2.039078e+01,2.034181e+01,2.017373e+01,2.007556e+01,2.005451e+01,2.014569e+01,2.005451e+01,2.004047e+01,2.018074e+01,2.010362e+01,2.006854e+01,1.994216e+01,1.985782e+01,1.996324e+01,1.994216e+01,1.987189e+01,1.992811e+01,1.993514e+01,1.994919e+01,1.986485e+01,2.010362e+01,1.992811e+01,1.993514e+01,1.991406e+01,1.989297e+01,1.990703e+01,1.981563e+01,1.984376e+01,1.991406e+01,1.994216e+01,2.003345e+01,2.002643e+01,1.992811e+01,2.002643e+01,2.004749e+01,1.997728e+01,2.004047e+01,2.002643e+01,2.010362e+01,2.013167e+01,2.002643e+01,2.011063e+01,2.004047e+01,2.012466e+01,2.011764e+01,2.018775e+01,2.016672e+01,2.025781e+01,2.026481e+01,2.006854e+01,2.020177e+01,2.023680e+01,2.027881e+01,2.019476e+01,2.022278e+01,2.023680e+01,2.033481e+01,2.024380e+01,2.030682e+01,2.033481e+01,2.031382e+01,2.024380e+01,2.023680e+01,2.036980e+01,2.031382e+01,2.031382e+01,2.034881e+01,2.032782e+01,2.039778e+01,2.031382e+01,2.023680e+01,2.034181e+01,2.018775e+01,2.032082e+01,2.030682e+01,2.027181e+01,2.029282e+01,2.036980e+01,2.030682e+01,2.040477e+01,2.037679e+01,2.030682e+01,2.039778e+01,2.033481e+01,2.029282e+01,2.031382e+01,2.028582e+01,2.044672e+01,2.049564e+01,2.043973e+01,2.045371e+01,2.044672e+01,2.051660e+01,2.048166e+01,2.034881e+01,2.053057e+01,2.047468e+01,2.062830e+01,2.054453e+01,2.063528e+01,2.057944e+01,2.059340e+01,2.047468e+01,2.052358e+01,2.058643e+01,2.057246e+01,2.055850e+01,2.057246e+01,2.052358e+01,2.047468e+01,2.054453e+01,2.061434e+01,2.043274e+01,2.048166e+01,2.047468e+01,2.070502e+01,2.056548e+01,2.055850e+01,2.054453e+01,2.053755e+01,2.060039e+01,2.055850e+01,2.058643e+01,2.045371e+01,2.057246e+01,2.046769e+01,2.047468e+01,2.045371e+01,2.040477e+01,2.038379e+01,2.042575e+01,2.045371e+01,2.040477e+01,2.040477e+01,2.040477e+01,2.037679e+01,2.048865e+01,2.037679e+01,2.035581e+01,2.032782e+01,2.044672e+01,2.037679e+01,2.053057e+01,2.046070e+01,2.054453e+01,2.058643e+01,2.046070e+01,2.053755e+01,2.061434e+01,2.054453e+01,2.053755e+01,2.052358e+01,2.067016e+01,2.061434e+01,2.057944e+01,2.051660e+01,2.060736e+01,2.045371e+01,2.054453e+01,2.046769e+01,2.052358e+01,2.048166e+01,2.056548e+01,2.054453e+01,2.058643e+01,2.053755e+01,2.035581e+01,2.050961e+01,2.038379e+01,2.039778e+01,2.047468e+01,2.046769e+01,2.045371e+01,2.039778e+01,2.042575e+01,2.044672e+01,2.045371e+01,2.047468e+01,2.050262e+01,2.048166e+01,2.043274e+01,2.053755e+01,2.050961e+01,2.062132e+01,2.050961e+01,2.060039e+01,2.061434e+01,2.058643e+01,2.053057e+01,2.062830e+01,2.063528e+01,2.063528e+01,2.067713e+01,2.060039e+01,2.058643e+01,2.072594e+01,2.058643e+01,2.059340e+01,2.057944e+01,2.062830e+01,2.063528e+01,2.067016e+01,2.057944e+01,2.067713e+01,2.073291e+01,2.062830e+01,2.069805e+01,2.060736e+01,2.068410e+01,2.069108e+01,2.071897e+01,2.064225e+01,2.077472e+01,2.065621e+01,2.060039e+01,2.064225e+01,2.066318e+01,2.067713e+01,2.067016e+01,2.069805e+01,2.067016e+01,2.068410e+01,2.068410e+01,2.062830e+01,2.070502e+01,2.062132e+01,2.062132e+01,2.069805e+01,2.073291e+01,2.072594e+01,2.065621e+01,2.073291e+01,2.066318e+01,2.066318e+01,2.066318e+01,2.069805e+01,2.070502e+01,2.073291e+01,2.068410e+01,2.067713e+01,2.073291e+01,2.069108e+01,2.073291e+01,2.078169e+01,2.066318e+01,2.067713e+01,2.071897e+01,2.068410e+01,2.066318e+01,2.062132e+01,2.061434e+01,2.048166e+01,2.023680e+01,2.003345e+01,1.994216e+01,1.982969e+01,1.967484e+01,1.942800e+01,1.953386e+01,1.943506e+01,1.909555e+01,1.906012e+01,1.894665e+01,1.884726e+01,1.873355e+01,1.870510e+01,1.874777e+01,1.872644e+01,1.916638e+01,1.994919e+01,2.036280e+01,2.045371e+01,2.045371e+01,2.044672e+01,2.045371e+01,2.048865e+01,2.048166e+01,2.048865e+01,2.054453e+01,2.058643e+01,2.054453e+01,2.064225e+01,2.057246e+01,2.071897e+01,2.071200e+01,2.070502e+01,2.068410e+01,2.069805e+01,2.062132e+01,2.069805e+01,2.050262e+01,2.067713e+01,2.065621e+01,2.064225e+01,2.057944e+01,2.069805e+01,2.053755e+01,2.068410e+01,2.063528e+01,2.067713e+01,2.042575e+01,2.058643e+01,2.071200e+01,2.067016e+01,2.069108e+01,2.062132e+01,2.064923e+01,2.065621e+01,2.064225e+01,2.064225e+01,2.062132e+01,2.068410e+01,2.069108e+01,2.068410e+01,2.069108e+01,2.075382e+01,2.073291e+01,2.073988e+01,2.062830e+01,2.069805e+01,2.069108e+01,2.062830e+01,2.058643e+01,2.057246e+01,2.061434e+01,2.067016e+01,2.068410e+01,2.064225e+01,2.062132e+01,2.070502e+01,2.066318e+01,2.064923e+01,2.067713e+01,2.067713e+01,2.067713e+01,2.072594e+01,2.076079e+01,2.068410e+01,2.060039e+01,2.057944e+01,2.055152e+01,2.053057e+01,2.055152e+01,2.060039e+01,2.061434e+01,2.060039e+01,2.060039e+01,2.062132e+01,2.043973e+01,2.047468e+01,2.055152e+01,2.048865e+01,2.046769e+01,2.046070e+01,2.052358e+01,2.063528e+01,2.049564e+01,2.051660e+01,2.054453e+01,2.062132e+01,2.053057e+01,2.055152e+01,2.062830e+01,2.065621e+01,2.061434e+01,2.064923e+01,2.059340e+01,2.055850e+01,2.064225e+01,2.069108e+01,2.055850e+01,2.051660e+01,2.057246e+01,2.059340e+01,2.053755e+01,2.052358e+01,2.064225e+01,2.060039e+01,2.064225e+01,2.046769e+01,2.058643e+01,2.052358e+01,2.050961e+01,2.048865e+01,2.064225e+01,2.058643e+01,2.052358e+01,2.049564e+01,2.046070e+01,2.052358e+01,2.046769e+01,2.050961e+01,2.049564e+01,2.054453e+01,2.048865e+01,2.054453e+01,2.050961e+01,2.048865e+01,2.041875e+01,2.046769e+01,2.048166e+01,2.050262e+01,2.046769e+01,2.043973e+01,2.043274e+01,2.047468e+01,2.044672e+01,2.048865e+01,2.064225e+01,2.050262e+01,2.041875e+01,2.048865e+01,2.043973e+01,2.044672e+01,2.041176e+01,2.041176e+01,2.041176e+01,2.046769e+01,2.039078e+01,2.044672e+01,2.044672e+01,2.044672e+01,2.046769e+01,2.046769e+01,2.041176e+01,2.049564e+01,2.048865e+01,2.052358e+01,2.043274e+01,2.050262e+01,2.047468e+01,2.050262e+01,2.054453e+01,2.041875e+01,2.049564e+01,2.057944e+01,2.062132e+01,2.062830e+01,2.060736e+01,2.061434e+01,2.060039e+01,2.060039e+01,2.056548e+01,2.062132e+01,2.058643e+01,2.057944e+01,2.042575e+01,2.039078e+01,2.043274e+01,2.039778e+01,2.041176e+01,2.041875e+01,2.035581e+01,2.043274e+01,2.038379e+01,2.036980e+01,2.044672e+01,2.034881e+01,2.032782e+01,2.046070e+01,2.043973e+01,2.043274e+01,2.050961e+01,2.050961e+01,2.041176e+01,2.044672e+01,2.047468e+01,2.052358e+01,2.051660e+01,2.055850e+01,2.048865e+01,2.054453e+01,2.047468e+01,2.029282e+01,2.036280e+01,2.051660e+01,2.043274e+01,2.038379e+01,2.058643e+01,2.051660e+01,2.046070e+01,2.047468e+01,2.045371e+01,2.047468e+01,2.043973e+01,2.049564e+01,2.053057e+01,2.050262e+01,2.054453e+01,2.043274e+01,2.051660e+01,2.033481e+01,2.051660e+01,2.042575e+01,2.053057e+01,2.050262e+01,2.048166e+01,2.049564e+01,2.049564e+01,2.053057e+01,2.047468e+01,2.049564e+01,2.042575e+01,2.047468e+01,2.043274e+01,2.047468e+01,2.058643e+01,2.046769e+01,2.049564e+01,2.037679e+01,2.039078e+01,2.037679e+01,2.041875e+01,2.043274e+01,2.023680e+01,2.022979e+01,2.028582e+01,2.037679e+01,2.035581e+01,2.039078e+01,2.032782e+01,2.048865e+01,2.052358e+01,2.056548e+01,2.045371e+01,2.052358e+01,2.057944e+01,2.080259e+01,2.081652e+01,2.082348e+01,2.083741e+01,2.087222e+01,2.081652e+01,2.112944e+01,2.084437e+01,2.083741e+01,2.085830e+01,2.077472e+01,2.103219e+01,2.091398e+01,2.077472e+01,2.087222e+01,2.081652e+01,2.082348e+01,2.090006e+01,2.089310e+01,2.094180e+01,2.094876e+01,2.097658e+01,2.084437e+01,2.095572e+01,2.099744e+01,2.089310e+01,2.083741e+01,2.094876e+01,2.092093e+01,2.079562e+01,2.078866e+01,2.083045e+01,2.087222e+01,2.082348e+01,2.076775e+01,2.083045e+01,2.078866e+01,2.087918e+01,2.087918e+01,2.081652e+01,2.078866e+01,2.072594e+01,2.081652e+01,2.072594e+01,2.072594e+01,2.077472e+01,2.074685e+01,2.068410e+01,2.076775e+01,2.068410e+01,2.078866e+01,2.075382e+01,2.092789e+01,2.076775e+01,2.083045e+01,2.080259e+01,2.076775e+01,2.078866e+01,2.078866e+01,2.077472e+01,2.081652e+01,2.083045e+01,2.087918e+01,2.089310e+01,2.085134e+01,2.089310e+01,2.076775e+01,2.071897e+01,2.078866e+01,2.080955e+01,2.082348e+01,2.071897e+01,2.076079e+01,2.071200e+01,2.076079e+01,2.077472e+01,2.073988e+01,2.079562e+01,2.068410e+01,2.076079e+01,2.078169e+01,2.071897e+01,2.083741e+01,2.062132e+01
2.086526e+01,2.073988e+01,2.074685e+01,2.066318e+01,2.074685e+01,2.063528e+01,2.071897e+01,2.066318e+01,2.060039e+01,2.056548e+01,2.055152e+01,2.048865e+01,2.037679e+01,2.049564e+01,2.045371e+01,2.028582e+01,2.045371e+01,2.029282e+01,2.035581e+01,2.038379e+01,2.034181e+01,2.026481e+01,2.036980e+01,2.032782e+01,2.032782e+01,2.034881e+01,2.027181e+01,2.013167e+01,2.024380e+01,2.025781e+01,2.018074e+01,2.018775e+01,2.015270e+01,2.016672e+01,2.018074e+01,2.003345e+01,2.008959e+01,2.002643e+01,1.994919e+01,1.999835e+01,1.985782e+01,1.996324e+01,2.001941e+01,1.986485e+01,1.993514e+01,1.990703e+01,1.982266e+01,1.993514e+01,1.992811e+01,1.999133e+01,1.991406e+01,1.991406e+01,1.980156e+01,1.987189e+01,1.999133e+01,2.003345e+01,2.000537e+01,2.000537e+01,1.998431e+01,2.005451e+01,1.996324e+01,1.996324e+01,1.999835e+01,1.994216e+01,1.999835e+01,2.004047e+01,2.007556e+01,2.003345e+01,2.010362e+01,2.010362e+01,2.017373e+01,2.015971e+01,2.011764e+01,2.011764e+01,2.015270e+01,2.027881e+01,2.024380e+01,2.023680e+01,2.018775e+01,2.027881e+01,2.027881e+01,2.025781e+01,2.032782e+01,2.032082e+01,2.025781e+01,2.026481e+01,2.034181e+01,2.036280e+01,2.025781e+01,2.036280e+01,2.036980e+01,2.036280e+01,2.036980e+01,2.036980e+01,2.033481e+01,2.025080e+01,2.030682e+01,2.034181e+01,2.029982e+01,2.039078e+01,2.034881e+01,2.032082e+01,2.034181e+01,2.031382e+01,2.031382e+01,2.027181e+01,2.039778e+01,2.029982e+01,2.029282e+01,2.042575e+01,2.037679e+01,2.034881e+01,2.030682e+01,2.044672e+01,2.030682e+01,2.028582e+01,2.048166e+01,2.053755e+01,2.045371e+01,2.053057e+01,2.047468e+01,2.046769e+01,2.045371e+01,2.053057e+01,2.050961e+01,2.053057e+01,2.051660e+01,2.059340e+01,2.060736e+01,2.052358e+01,2.058643e+01,2.054453e+01,2.052358e+01,2.055152e+01,2.052358e+01,2.048166e+01,2.055850e+01,2.060039e+01,2.060736e+01,2.046769e+01,2.046070e+01,2.060736e+01,2.039078e+01,2.057246e+01,2.050961e+01,2.060039e+01,2.056548e+01,2.056548e+01,2.052358e+01,2.058643e+01,2.058643e+01,2.053057e+01,2.050961e+01,2.064225e+01,2.039078e+01,2.046070e+01,2.047468e+01,2.043973e+01,2.043973e+01,2.037679e+01,2.038379e+01,2.037679e+01,2.035581e+01,2.036280e+01,2.041176e+01,2.034881e+01,2.048166e+01,2.033481e+01,2.039078e+01,2.034181e+01,2.032082e+01,2.039078e+01,2.044672e+01,2.041875e+01,2.049564e+01,2.050262e+01,2.034881e+01,2.057944e+01,2.042575e+01,2.050961e+01,2.052358e+01,2.071200e+01,2.057944e+01,2.056548e+01,2.057246e+01,2.057246e+01,2.044672e+01,2.056548e+01,2.054453e+01,2.053755e+01,2.050961e+01,2.057944e+01,2.054453e+01,2.039778e+01,2.039778e+01,2.038379e+01,2.048166e+01,2.043973e+01,2.038379e+01,2.044672e+01,2.044672e+01,2.040477e+01,2.039078e+01,2.043973e+01,2.043973e+01,2.042575e+01,2.043973e+01,2.043274e+01,2.043973e+01,2.039078e+01,2.046769e+01,2.046769e+01,2.048166e+01,2.047468e+01,2.062132e+01,2.057944e+01,2.046070e+01,2.049564e+01,2.055152e+01,2.051660e+01,2.043274e+01,2.063528e+01,2.055152e+01,2.078866e+01,2.057944e+01,2.061434e+01,2.062830e+01,2.069108e+01,2.065621e+01,2.058643e+01,2.062830e+01,2.057246e+01,2.069108e+01,2.070502e+01,2.065621e+01,2.069108e+01,2.064923e+01,2.067713e+01,2.067016e+01,2.079562e+01,2.060039e+01,2.067016e+01,2.063528e+01,2.067016e+01,2.062132e+01,2.069805e+01,2.062830e+01,2.070502e+01,2.064225e+01,2.060736e+01,2.072594e+01,2.066318e+01,2.061434e+01,2.061434e+01,2.062830e+01,2.060736e+01,2.060736e+01,2.069108e+01,2.066318e+01,2.075382e+01,2.062830e+01,2.070502e+01,2.067016e+01,2.067016e+01,2.067713e+01,2.071897e+01,2.070502e+01,2.072594e+01,2.073988e+01,2.074685e+01,2.068410e+01,2.071897e+01,2.075382e+01,2.070502e+01,2.071897e+01,2.071200e+01,2.064923e+01,2.064923e+01,2.062830e+01,2.055850e+01,2.050961e+01,2.024380e+01,2.015971e+01,1.997026e+01,1.974526e+01,1.963962e+01,1.942800e+01,1.939268e+01,1.913097e+01,1.893956e+01,1.886857e+01,1.871222e+01,1.889697e+01,1.863395e+01,1.877621e+01,1.866242e+01,1.884016e+01,1.886857e+01,1.956207e+01,2.033481e+01,2.039778e+01,2.039778e+01,2.046769e+01,2.050262e+01,2.050262e+01,2.053057e+01,2.049564e+01,2.059340e+01,2.059340e+01,2.053755e+01,2.070502e+01,2.069805e+01,2.062830e+01,2.054453e+01,2.067016e+01,2.061434e+01,2.062830e+01,2.061434e+01,2.067016e+01,2.068410e+01,2.060736e+01,2.064923e+01,2.068410e+01,2.057246e+01,2.060039e+01,2.065621e+01,2.067016e+01,2.068410e+01,2.069108e+01,2.064923e+01,2.055850e+01,2.062830e+01,2.058643e+01,2.057944e+01,2.064923e+01,2.062830e+01,2.061434e+01,2.064225e+01,2.064225e+01,2.068410e+01,2.068410e+01,2.069108e+01,2.070502e+01,2.071200e+01,2.067713e+01,2.070502e+01,2.060039e+01,2.073291e+01,2.062830e+01,2.060039e+01,2.062830e+01,2.062132e+01,2.064923e+01,2.060736e+01,2.067713e+01,2.064225e+01,2.063528e+01,2.073291e+01,2.064923e+01,2.070502e+01,2.069108e+01,2.067713e+01,2.060736e+01,2.067713e+01,2.068410e+01,2.062830e+01,2.072594e+01,2.059340e+01,2.067713e+01,2.065621e+01,2.060736e+01,2.061434e+01,2.060736e+01,2.063528e+01,2.058643e+01,2.052358e+01,2.051660e+01,2.053755e+01,2.057246e+01,2.061434e+01,2.056548e+01,2.046769e+01,2.049564e+01,2.064225e+01,2.077472e+01,2.068410e+01,2.064923e+01,2.060736e+01,2.053057e+01,2.058643e+01,2.058643e+01,2.058643e+01,2.061434e+01,2.066318e+01,2.056548e+01,2.050961e+01,2.055850e+01,2.055850e+01,2.055152e+01,2.052358e+01,2.056548e+01,2.053755e+01,2.053755e+01,2.068410e+01,2.066318e+01,2.048865e+01,2.053755e+01,2.048166e+01,2.057944e+01,2.056548e+01,2.053755e+01,2.058643e+01,2.049564e+01,2.049564e+01,2.063528e+01,2.054453e+01,2.052358e+01,2.051660e+01,2.050262e+01,2.048865e+01,2.046070e+01,2.047468e+01,2.050262e+01,2.043274e+01,2.041176e+01,2.059340e+01,2.047468e+01,2.046769e+01,2.049564e+01,2.043973e+01,2.043973e+01,2.044672e+01,2.073988e+01,2.049564e+01,2.046769e+01,2.042575e+01,2.047468e+01,2.053755e+01,2.048166e+01,2.049564e+01,2.050262e+01,2.048865e+01,2.039778e+01,2.041176e+01,2.043274e+01,2.042575e+01,2.046070e+01,2.037679e+01,2.046070e+01,2.034881e+01,2.039778e+01,2.042575e+01,2.047468e+01,2.049564e+01,2.043274e+01,2.050262e+01,2.042575e+01,2.051660e+01,2.047468e+01,2.043973e+01,2.055850e+01,2.050961e+01,2.056548e+01,2.058643e+01,2.060736e+01,2.047468e+01,2.066318e+01,2.057246e+01,2.067713e+01,2.065621e+01,2.053755e+01,2.059340e+01,2.052358e+01,2.047468e+01,2.050961e+01,2.048865e+01,2.041176e+01,2.041176e+01,2.050262e+01,2.043973e+01,2.039078e+01,2.050961e+01,2.038379e+01,2.038379e+01,2.040477e+01,2.046070e+01,2.053755e+01,2.044672e+01,2.039078e+01,2.032082e+01,2.034181e+01,2.043274e+01,2.046070e+01,2.049564e+01,2.042575e+01,2.050961e+01,2.047468e+01,2.050961e+01,2.046769e+01,2.052358e+01,2.050961e+01,2.053755e+01,2.052358e+01,2.045371e+01,2.055152e+01,2.049564e+01,2.053057e+01,2.045371e+01,2.047468e+01,2.046070e+01,2.046070e+01,2.045371e+01,2.045371e+01,2.041176e+01,2.043274e+01,2.057246e+01,2.055850e+01,2.048166e+01,2.051660e+01,2.036980e+01,2.053057e+01,2.053755e+01,2.050262e+01,2.049564e+01,2.045371e+01,2.053057e+01,2.055152e+01,2.058643e+01,2.056548e+01,2.053755e+01,2.045371e+01,2.055850e+01,2.053057e+01,2.049564e+01,2.053755e+01,2.043973e+01,2.042575e+01,2.049564e+01,2.045371e+01,2.042575e+01,2.041176e+01,2.038379e+01,2.022979e+01,2.027181e+01,2.034881e+01,2.025781e+01,2.022979e+01,2.032082e+01,2.015971e+01,2.041176e+01,2.042575e+01,2.044672e+01,2.041176e+01,2.031382e+01,2.064225e+01,2.069805e+01,2.063528e+01,2.096962e+01,2.084437e+01,2.094876e+01,2.087222e+01,2.084437e+01,2.084437e+01,2.083741e+01,2.080259e+01,2.090006e+01,2.085134e+01,2.090702e+01,2.080259e+01,2.080259e+01,2.080259e+01,2.103914e+01,2.080259e+01,2.083741e+01,2.080955e+01,2.085134e+01,2.083741e+01,2.098353e+01,2.092093e+01,2.084437e+01,2.099048e+01,2.090702e+01,2.092789e+01,2.094180e+01,2.095572e+01,2.080259e+01,2.080955e+01,2.092093e+01,2.087918e+01,2.094180e+01,2.080955e+01,2.096267e+01,2.076079e+01,2.076079e+01,2.080955e+01,2.083741e+01,2.080259e+01,2.071200e+01,2.080955e+01,2.076079e+01,2.087918e+01,2.074685e+01,2.075382e+01,2.078866e+01,2.073291e+01,2.080955e+01,2.078169e+01,2.077472e+01,2.077472e+01,2.088614e+01,2.082348e+01,2.085134e+01,2.080259e+01,2.076079e+01,2.073988e+01,2.079562e+01,2.083741e+01,2.078169e+01,2.079562e+01,2.087918e+01,2.078169e+01,2.072594e+01,2.078866e+01,2.086526e+01,2.076079e+01,2.081652e+01,2.076079e+01,2.083045e+01,2.083741e+01,2.084437e+01,2.081652e+01,2.075382e+01,2.083045e+01,2.085134e+01,2.076775e+01,2.073291e+01,2.069108e+01,2.076079e+01,2.071897e+01,2.060736e+01
2.081652e+01,2.060736e+01,2.065621e+01,2.075382e+01,2.071897e+01,2.071200e+01,2.056548e+01,2.070502e+01,2.066318e+01,2.049564e+01,2.053755e+01,2.050961e+01,2.043274e+01,2.045371e+01,2.040477e+01,2.039078e+01,2.035581e+01,2.029282e+01,2.035581e+01,2.038379e+01,2.033481e+01,2.035581e+01,2.033481e+01,2.029282e+01,2.033481e+01,2.032082e+01,2.032782e+01,2.029282e+01,2.023680e+01,2.025080e+01,2.023680e+01,2.023680e+01,2.022278e+01,2.020177e+01,2.005451e+01,2.020177e+01,1.995621e+01,1.995621e+01,2.000537e+01,2.004047e+01,1.993514e+01,1.998431e+01,1.987892e+01,1.988594e+01,1.990703e+01,1.990000e+01,1.993514e+01,1.991406e+01,1.992109e+01,1.995621e+01,1.989297e+01,1.985782e+01,2.004749e+01,1.980156e+01,1.980859e+01,1.995621e+01,2.001239e+01,1.997728e+01,2.000537e+01,1.997728e+01,2.001941e+01,1.998431e+01,2.002643e+01,1.994919e+01,2.008959e+01,1.997728e+01,2.010362e+01,2.005451e+01,2.015971e+01,2.011063e+01,2.014569e+01,2.005451e+01,2.006854e+01,2.013167e+01,2.020877e+01,2.025080e+01,2.027181e+01,2.022979e+01,2.020177e+01,2.020177e+01,2.029982e+01,2.018775e+01,2.026481e+01,2.032782e+01,2.024380e+01,2.032082e+01,2.030682e+01,2.036980e+01,2.027181e+01,2.032782e+01,2.025080e+01,2.033481e+01,2.028582e+01,2.032782e+01,2.032782e+01,2.032082e+01,2.029982e+01,2.036980e+01,2.032082e+01,2.027881e+01,2.020877e+01,2.029282e+01,2.039078e+01,2.034181e+01,2.022278e+01,2.033481e+01,2.025781e+01,2.023680e+01,2.035581e+01,2.039778e+01,2.041875e+01,2.041176e+01,2.032782e+01,2.045371e+01,2.039778e+01,2.047468e+01,2.043274e+01,2.038379e+01,2.032082e+01,2.036980e+01,2.045371e+01,2.047468e+01,2.045371e+01,2.046769e+01,2.043973e+01,2.048166e+01,2.052358e+01,2.060736e+01,2.069805e+01,2.054453e+01,2.062830e+01,2.053755e+01,2.061434e+01,2.057246e+01,2.057246e+01,2.052358e+01,2.057944e+01,2.056548e+01,2.059340e+01,2.053057e+01,2.062830e+01,2.067713e+01,2.054453e+01,2.057246e+01,2.048166e+01,2.049564e+01,2.055850e+01,2.056548e+01,2.052358e+01,2.053755e+01,2.055152e+01,2.055152e+01,2.051660e+01,2.047468e+01,2.044672e+01,2.045371e+01,2.039778e+01,2.043274e+01,2.034181e+01,2.036280e+01,2.038379e+01,2.034181e+01,2.039778e+01,2.036280e+01,2.034881e+01,2.031382e+01,2.037679e+01,2.034181e+01,2.039078e+01,2.039778e+01,2.034881e+01,2.042575e+01,2.047468e+01,2.051660e+01,2.056548e+01,2.050262e+01,2.053755e+01,2.051660e+01,2.048865e+01,2.060039e+01,2.057944e+01,2.064225e+01,2.057944e+01,2.057246e+01,2.057246e+01,2.051660e+01,2.053057e+01,2.050262e+01,2.047468e+01,2.043274e+01,2.055850e+01,2.043274e+01,2.054453e+01,2.051660e+01,2.039078e+01,2.036980e+01,2.035581e+01,2.037679e+01,2.036980e+01,2.042575e+01,2.039778e+01,2.035581e+01,2.018074e+01,2.036980e+01,2.041176e+01,2.042575e+01,2.041176e+01,2.046769e+01,2.042575e+01,2.043274e+01,2.045371e+01,2.046769e+01,2.050262e+01,2.058643e+01,2.046769e+01,2.052358e+01,2.060736e+01,2.064923e+01,2.061434e+01,2.067016e+01,2.055850e+01,2.074685e+01,2.054453e+01,2.057246e+01,2.055152e+01,2.060039e+01,2.057944e+01,2.058643e+01,2.057246e+01,2.067016e+01,2.066318e+01,2.060039e+01,2.057944e+01,2.072594e+01,2.067016e+01,2.064225e+01,2.067016e+01,2.084437e+01,2.076775e+01,2.061434e+01,2.062830e+01,2.060736e+01,2.067016e+01,2.064923e+01,2.056548e+01,2.069805e+01,2.060039e+01,2.062132e+01,2.072594e+01,2.066318e+01,2.062830e+01,2.059340e+01,2.057944e+01,2.059340e+01,2.067016e+01,2.067713e+01,2.063528e+01,2.071200e+01,2.068410e+01,2.078169e+01,2.067016e+01,2.074685e+01,2.071897e+01,2.067016e+01,2.073291e+01,2.071200e+01,2.071897e+01,2.067016e+01,2.068410e+01,2.068410e+01,2.071200e+01,2.073988e+01,2.071897e+01,2.070502e+01,2.067016e+01,2.070502e+01,2.055850e+01,2.062830e+01,2.052358e+01,2.053057e+01,2.025080e+01,2.018775e+01,1.994919e+01,1.983673e+01,1.970302e+01,1.944212e+01,1.940681e+01,1.932909e+01,1.906721e+01,1.888277e+01,1.888277e+01,1.879042e+01,1.879042e+01,1.876910e+01,1.869799e+01,1.865530e+01,1.856274e+01,1.872644e+01,1.900340e+01,1.966780e+01,2.036980e+01,2.040477e+01,2.042575e+01,2.042575e+01,2.050262e+01,2.047468e+01,2.053755e+01,2.055152e+01,2.055152e+01,2.059340e+01,2.064923e+01,2.062830e+01,2.071897e+01,2.053755e+01,2.064923e+01,2.065621e+01,2.067713e+01,2.065621e+01,2.073291e+01,2.059340e+01,2.060039e+01,2.060736e+01,2.064225e+01,2.062132e+01,2.072594e+01,2.057246e+01,2.062132e+01,2.059340e+01,2.061434e+01,2.061434e+01,2.079562e+01,2.061434e+01,2.073291e+01,2.063528e+01,2.070502e+01,2.073291e+01,2.064225e+01,2.060736e+01,2.061434e+01,2.067713e+01,2.069805e+01,2.069805e+01,2.069108e+01,2.071897e+01,2.072594e+01,2.067713e+01,2.065621e+01,2.071897e+01,2.069108e+01,2.072594e+01,2.065621e+01,2.062830e+01,2.061434e+01,2.065621e+01,2.066318e+01,2.061434e+01,2.068410e+01,2.066318e+01,2.087918e+01,2.071897e+01,2.069108e+01,2.066318e+01,2.065621e+01,2.070502e+01,2.060039e+01,2.056548e+01,2.064923e+01,2.068410e+01,2.060736e+01,2.062132e+01,2.052358e+01,2.061434e+01,2.065621e+01,2.065621e+01,2.060039e+01,2.055152e+01,2.057246e+01,2.057246e+01,2.060736e+01,2.063528e+01,2.060039e+01,2.054453e+01,2.060736e+01,2.043973e+01,2.064225e+01,2.042575e+01,2.057944e+01,2.058643e+01,2.054453e+01,2.060736e+01,2.060039e+01,2.059340e+01,2.057246e+01,2.061434e+01,2.065621e+01,2.060736e+01,2.064923e+01,2.053057e+01,2.055152e+01,2.053057e+01,2.055152e+01,2.050961e+01,2.055850e+01,2.058643e+01,2.050961e+01,2.054453e+01,2.058643e+01,2.066318e+01,2.057246e+01,2.060039e+01,2.057944e+01,2.062132e+01,2.057944e+01,2.055850e+01,2.050961e+01,2.057944e+01,2.051660e+01,2.048865e+01,2.053057e+01,2.048166e+01,2.053755e+01,2.049564e+01,2.041875e+01,2.047468e+01,2.043274e+01,2.043274e+01,2.044672e+01,2.051660e+01,2.043274e+01,2.048865e+01,2.041176e+01,2.048166e+01,2.043973e+01,2.044672e+01,2.048166e+01,2.046070e+01,2.056548e+01,2.060039e+01,2.053057e+01,2.049564e+01,2.053057e+01,2.049564e+01,2.045371e+01,2.045371e+01,2.044672e+01,2.041176e+01,2.045371e+01,2.043274e+01,2.035581e+01,2.050262e+01,2.044672e+01,2.038379e+01,2.030682e+01,2.054453e+01,2.047468e+01,2.045371e+01,2.045371e+01,2.041875e+01,2.041176e+01,2.043274e+01,2.051660e+01,2.049564e+01,2.057944e+01,2.060039e+01,2.057246e+01,2.052358e+01,2.055152e+01,2.045371e+01,2.050262e+01,2.057944e+01,2.060736e+01,2.050262e+01,2.057944e+01,2.053755e+01,2.048865e+01,2.047468e+01,2.043274e+01,2.038379e+01,2.040477e+01,2.036980e+01,2.042575e+01,2.049564e+01,2.043274e+01,2.041875e+01,2.035581e+01,2.030682e+01,2.041176e+01,2.034881e+01,2.036980e+01,2.050262e+01,2.043973e+01,2.039078e+01,2.057246e+01,2.046070e+01,2.049564e+01,2.046769e+01,2.043274e+01,2.046769e+01,2.034181e+01,2.043274e+01,2.053057e+01,2.053057e+01,2.051660e+01,2.055850e+01,2.043274e+01,2.058643e+01,2.046070e+01,2.045371e+01,2.050961e+01,2.050262e+01,2.057246e+01,2.053755e+01,2.043973e+01,2.043973e+01,2.042575e+01,2.055850e+01,2.046070e+01,2.059340e+01,2.048865e+01,2.053057e+01,2.062132e+01,2.052358e+01,2.050961e+01,2.050961e+01,2.051660e+01,2.046070e+01,2.046070e+01,2.053755e+01,2.051660e+01,2.050961e+01,2.045371e+01,2.042575e+01,2.046070e+01,2.046070e+01,2.046070e+01,2.048166e+01,2.049564e+01,2.049564e+01,2.047468e+01,2.041875e+01,2.034181e+01,2.031382e+01,2.020877e+01,2.020177e+01,2.053755e+01,2.026481e+01,2.034881e+01,2.035581e+01,2.033481e+01,2.028582e+01,2.046769e+01,2.044672e+01,2.048166e+01,2.043973e+01,2.049564e+01,2.055152e+01,2.085830e+01,2.087222e+01,2.087918e+01,2.085134e+01,2.086526e+01,2.086526e+01,2.085830e+01,2.079562e+01,2.083045e+01,2.083045e+01,2.078169e+01,2.089310e+01,2.078866e+01,2.084437e+01,2.095572e+01,2.085830e+01,2.099048e+01,2.088614e+01,2.087918e+01,2.088614e+01,2.098353e+01,2.082348e+01,2.082348e+01,2.094876e+01,2.094876e+01,2.087918e+01,2.085134e+01,2.095572e+01,2.094180e+01,2.087222e+01,2.085134e+01,2.091398e+01,2.080955e+01,2.083045e+01,2.079562e+01,2.080955e+01,2.076079e+01,2.082348e+01,2.074685e+01,2.093485e+01,2.083741e+01,2.071897e+01,2.083045e+01,2.075382e+01,2.073988e+01,2.080259e+01,2.072594e+01,2.071200e+01,2.076079e+01,2.078169e+01,2.080259e+01,2.082348e+01,2.090702e+01,2.075382e+01,2.090702e+01,2.082348e+01,2.075382e+01,2.080259e+01,2.079562e+01,2.077472e+01,2.083741e+01,2.084437e+01,2.085830e+01,2.075382e+01,2.090006e+01,2.077472e+01,2.069108e+01,2.078169e+01,2.081652e+01,2.083045e+01,2.078866e+01,2.083741e+01,2.083045e+01,2.072594e+01,2.078169e+01,2.083045e+01,2.076775e+01,2.076775e+01,2.072594e+01,2.071897e+01,2.071897e+01,2.073988e+01,2.071897e+01,2.060039e+01
2.064923e+01,2.067713e+01,2.072594e+01,2.071200e+01,2.073988e+01,2.074685e+01,2.067016e+01,2.068410e+01,2.064923e+01,2.063528e+01,2.061434e+01,2.053057e+01,2.043274e+01,2.043973e+01,2.048865e+01,2.043274e+01,2.036980e+01,2.034881e+01,2.039078e+01,2.028582e+01,2.034181e+01,2.035581e+01,2.034181e+01,2.032082e+01,2.032082e+01,2.033481e+01,2.030682e+01,2.029982e+01,2.023680e+01,2.016672e+01,2.029982e+01,2.024380e+01,2.016672e+01,2.025781e+01,2.016672e+01,2.026481e+01,2.012466e+01,1.996324e+01,1.998431e+01,2.004047e+01,1.999835e+01,1.987189e+01,2.002643e+01,1.988594e+01,1.979452e+01,1.990703e+01,1.997728e+01,1.998431e+01,1.997728e+01,1.992109e+01,1.990000e+01,1.990000e+01,1.987892e+01,1.987189e+01,1.991406e+01,1.984376e+01,1.987189e+01,1.982266e+01,1.995621e+01,2.006854e+01,2.001239e+01,1.997026e+01,1.996324e+01,1.999133e+01,2.011063e+01,2.002643e+01,2.012466e+01,2.011063e+01,2.013167e+01,2.013167e+01,2.018074e+01,2.020177e+01,2.009660e+01,2.020877e+01,2.015270e+01,2.027881e+01,2.027181e+01,2.018074e+01,2.025781e+01,2.025080e+01,2.027881e+01,2.022278e+01,2.034181e+01,2.025781e+01,2.026481e+01,2.021578e+01,2.030682e+01,2.029282e+01,2.027881e+01,2.027881e+01,2.028582e+01,2.028582e+01,2.018074e+01,2.037679e+01,2.032782e+01,2.032782e+01,2.021578e+01,2.045371e+01,2.042575e+01,2.032782e+01,2.029982e+01,2.029282e+01,2.029982e+01,2.030682e+01,2.024380e+01,2.026481e+01,2.027181e+01,2.023680e+01,2.036280e+01,2.036980e+01,2.036980e+01,2.038379e+01,2.031382e+01,2.050262e+01,2.043274e+01,2.029982e+01,2.042575e+01,2.047468e+01,2.038379e+01,2.050262e+01,2.049564e+01,2.054453e+01,2.053755e+01,2.048865e+01,2.053057e+01,2.050262e+01,2.053755e+01,2.055152e+01,2.055152e+01,2.052358e+01,2.059340e+01,2.060736e+01,2.060736e+01,2.054453e+01,2.051660e+01,2.055152e+01,2.054453e+01,2.057246e+01,2.055152e+01,2.055152e+01,2.063528e+01,2.067016e+01,2.064225e+01,2.053755e+01,2.064225e+01,2.053755e+01,2.053755e+01,2.060736e+01,2.057944e+01,2.057944e+01,2.058643e+01,2.055152e+01,2.041176e+01,2.046070e+01,2.046070e+01,2.047468e+01,2.039078e+01,2.039078e+01,2.035581e+01,2.030682e+01,2.032782e+01,2.036280e+01,2.035581e+01,2.029982e+01,2.034881e+01,2.029982e+01,2.032782e+01,2.034181e+01,2.034181e+01,2.039778e+01,2.035581e+01,2.048865e+01,2.036280e+01,2.047468e+01,2.055152e+01,2.049564e+01,2.048865e+01,2.048166e+01,2.048865e+01,2.055152e+01,2.052358e+01,2.057944e+01,2.057246e+01,2.053755e+01,2.048865e+01,2.071897e+01,2.053755e+01,2.058643e+01,2.052358e+01,2.045371e+01,2.043274e+01,2.057944e+01,2.046070e+01,2.039778e+01,2.043274e+01,2.034881e+01,2.031382e+01,2.036280e+01,2.036280e+01,2.040477e+01,2.041176e+01,2.035581e+01,2.039778e+01,2.037679e+01,2.043274e+01,2.036980e+01,2.041176e+01,2.042575e+01,2.043274e+01,2.046070e+01,2.053755e+01,2.043973e+01,2.048865e+01,2.048166e+01,2.056548e+01,2.047468e+01,2.056548e+01,2.053755e+01,2.057246e+01,2.064923e+01,2.070502e+01,2.065621e+01,2.055152e+01,2.052358e+01,2.055850e+01,2.055152e+01,2.069108e+01,2.067016e+01,2.065621e+01,2.067016e+01,2.060736e+01,2.070502e+01,2.067713e+01,2.065621e+01,2.062830e+01,2.071200e+01,2.057246e+01,2.064225e+01,2.067713e+01,2.061434e+01,2.067713e+01,2.070502e+01,2.071200e+01,2.068410e+01,2.070502e+01,2.067713e+01,2.061434e+01,2.071897e+01,2.062132e+01,2.060736e+01,2.061434e+01,2.058643e+01,2.056548e+01,2.069805e+01,2.065621e+01,2.068410e+01,2.064923e+01,2.065621e+01,2.063528e+01,2.071897e+01,2.060039e+01,2.067713e+01,2.062132e+01,2.064225e+01,2.067713e+01,2.068410e+01,2.064923e+01,2.073988e+01,2.071897e+01,2.072594e+01,2.070502e+01,2.083741e+01,2.064225e+01,2.063528e+01,2.070502e+01,2.067016e+01,2.054453e+01,2.059340e+01,2.056548e+01,2.050262e+01,2.020877e+01,2.022278e+01,2.004047e+01,1.978045e+01,1.963257e+01,1.954092e+01,1.939268e+01,1.918054e+01,1.889697e+01,1.884016e+01,1.886857e+01,1.864819e+01,1.880464e+01,1.874066e+01,1.873355e+01,1.858411e+01,1.875488e+01,1.861971e+01,1.891117e+01,1.927252e+01,1.990703e+01,2.028582e+01,2.041875e+01,2.034881e+01,2.053057e+01,2.053057e+01,2.053755e+01,2.053057e+01,2.064923e+01,2.056548e+01,2.062830e+01,2.062132e+01,2.069805e+01,2.068410e+01,2.073291e+01,2.067713e+01,2.071897e+01,2.062132e+01,2.061434e+01,2.064225e+01,2.070502e+01,2.067713e+01,2.066318e+01,2.064225e+01,2.058643e+01,2.063528e+01,2.069805e+01,2.053755e+01,2.066318e+01,2.067713e+01,2.075382e+01,2.063528e+01,2.066318e+01,2.060736e+01,2.067016e+01,2.065621e+01,2.068410e+01,2.064923e+01,2.066318e+01,2.076775e+01,2.065621e+01,2.069805e+01,2.071200e+01,2.069805e+01,2.071200e+01,2.073291e+01,2.071897e+01,2.070502e+01,2.061434e+01,2.071200e+01,2.068410e+01,2.071200e+01,2.069805e+01,2.066318e+01,2.065621e+01,2.064225e+01,2.069108e+01,2.067713e+01,2.070502e+01,2.076079e+01,2.071897e+01,2.072594e+01,2.063528e+01,2.064923e+01,2.062830e+01,2.067713e+01,2.067016e+01,2.067016e+01,2.069805e+01,2.065621e+01,2.062830e+01,2.054453e+01,2.063528e+01,2.062830e+01,2.060039e+01,2.063528e+01,2.064225e+01,2.064225e+01,2.060039e+01,2.057944e+01,2.060736e+01,2.062132e+01,2.049564e+01,2.065621e+01,2.067016e+01,2.062132e+01,2.063528e+01,2.061434e+01,2.062830e+01,2.068410e+01,2.062132e+01,2.058643e+01,2.060039e+01,2.058643e+01,2.060039e+01,2.057944e+01,2.066318e+01,2.053057e+01,2.051660e+01,2.058643e+01,2.058643e+01,2.060736e+01,2.056548e+01,2.056548e+01,2.052358e+01,2.043973e+01,2.053057e+01,2.051660e+01,2.056548e+01,2.055850e+01,2.056548e+01,2.053057e+01,2.053057e+01,2.047468e+01,2.059340e+01,2.055850e+01,2.054453e+01,2.051660e+01,2.050262e+01,2.044672e+01,2.054453e+01,2.053057e+01,2.038379e+01,2.047468e+01,2.045371e+01,2.045371e+01,2.046070e+01,2.053057e+01,2.046070e+01,2.045371e+01,2.044672e+01,2.041875e+01,2.043274e+01,2.046070e+01,2.050262e+01,2.055152e+01,2.050262e+01,2.047468e+01,2.049564e+01,2.050262e+01,2.050262e+01,2.055152e+01,2.050262e+01,2.047468e+01,2.046769e+01,2.048865e+01,2.048865e+01,2.046769e+01,2.048865e+01,2.045371e+01,2.042575e+01,2.042575e+01,2.046769e+01,2.043274e+01,2.057246e+01,2.044672e+01,2.045371e+01,2.043973e+01,2.044672e+01,2.054453e+01,2.042575e+01,2.048166e+01,2.048865e+01,2.054453e+01,2.065621e+01,2.060039e+01,2.044672e+01,2.057246e+01,2.060736e+01,2.069805e+01,2.061434e+01,2.061434e+01,2.054453e+01,2.042575e+01,2.041176e+01,2.060039e+01,2.036980e+01,2.040477e+01,2.036280e+01,2.044672e+01,2.037679e+01,2.039778e+01,2.036980e+01,2.035581e+01,2.039078e+01,2.034181e+01,2.039778e+01,2.034881e+01,2.038379e+01,2.041176e+01,2.040477e+01,2.043973e+01,2.055850e+01,2.052358e+01,2.049564e+01,2.046070e+01,2.044672e+01,2.043274e+01,2.057944e+01,2.053755e+01,2.041875e+01,2.046070e+01,2.048166e+01,2.052358e+01,2.046070e+01,2.054453e+01,2.046769e+01,2.045371e+01,2.055850e+01,2.050961e+01,2.056548e+01,2.048166e+01,2.052358e+01,2.045371e+01,2.044672e+01,2.047468e+01,2.060039e+01,2.050262e+01,2.036980e+01,2.053057e+01,2.051660e+01,2.054453e+01,2.053057e+01,2.057246e+01,2.038379e+01,2.046769e+01,2.052358e+01,2.045371e+01,2.050961e+01,2.050262e+01,2.057246e+01,2.052358e+01,2.049564e+01,2.050262e+01,2.049564e+01,2.050262e+01,2.048865e+01,2.046070e+01,2.041176e+01,2.034181e+01,2.032082e+01,2.034181e+01,2.031382e+01,2.025080e+01,2.028582e+01,2.034881e+01,2.038379e+01,2.026481e+01,2.037679e+01,2.032782e+01,2.038379e+01,2.060736e+01,2.043274e+01,2.040477e+01,2.065621e+01,2.080259e+01,2.080259e+01,2.085830e+01,2.084437e+01,2.084437e+01,2.087222e+01,2.090006e+01,2.092093e+01,2.083741e+01,2.082348e+01,2.078866e+01,2.080259e+01,2.092093e+01,2.088614e+01,2.079562e+01,2.089310e+01,2.076079e+01,2.095572e+01,2.086526e+01,2.085134e+01,2.086526e+01,2.083741e+01,2.081652e+01,2.082348e+01,2.081652e+01,2.091398e+01,2.085830e+01,2.085830e+01,2.094876e+01,2.085830e+01,2.092789e+01,2.091398e+01,2.091398e+01,2.083741e+01,2.083045e+01,2.081652e+01,2.091398e+01,2.083741e+01,2.090702e+01,2.085134e+01,2.084437e+01,2.082348e+01,2.082348e+01,2.079562e+01,2.074685e+01,2.075382e+01,2.070502e+01,2.071200e+01,2.076775e+01,2.071897e+01,2.087918e+01,2.081652e+01,2.072594e+01,2.084437e+01,2.083741e+01,2.075382e+01,2.076775e+01,2.076079e+01,2.080955e+01,2.095572e+01,2.074685e+01,2.078169e+01,2.082348e+01,2.089310e+01,2.081652e+01,2.079562e+01,2.080259e+01,2.083741e+01,2.076775e+01,2.084437e+01,2.078169e+01,2.081652e+01,2.076775e+01,2.075382e+01,2.069805e+01,2.064225e+01,2.071200e+01,2.075382e+01,2.071897e+01,2.076079e+01,2.072594e+01,2.076775e+01,2.073988e+01,2.074685e+01,2.050262e+01
2.081652e+01,2.078169e+01,2.080955e+01,2.072594e+01,2.073988e+01,2.078169e+01,2.070502e+01,2.053057e+01,2.062830e+01,2.054453e+01,2.060736e+01,2.050262e+01,2.067713e+01,2.039778e+01,2.040477e+01,2.034181e+01,2.032782e+01,2.036980e+01,2.036980e+01,2.048166e+01,2.032782e+01,2.036280e+01,2.036980e+01,2.033481e+01,2.038379e+01,2.032082e+01,2.029282e+01,2.032082e+01,2.033481e+01,2.020877e+01,2.022979e+01,2.022278e+01,2.027881e+01,2.016672e+01,2.013167e+01,2.013868e+01,2.000537e+01,2.000537e+01,2.006854e+01,1.996324e+01,1.990000e+01,1.995621e+01,1.986485e+01,1.989297e+01,2.000537e+01,1.999835e+01,1.993514e+01,1.985079e+01,1.993514e+01,1.990000e+01,1.998431e+01,1.998431e+01,1.997026e+01,1.999133e+01,1.987892e+01,1.997026e+01,1.988594e+01,2.000537e+01,1.997728e+01,1.994919e+01,2.004749e+01,2.000537e+01,2.001941e+01,1.999133e+01,2.001239e+01,2.003345e+01,2.007556e+01,2.007556e+01,2.004749e+01,2.018775e+01,2.020877e+01,2.009660e+01,2.022979e+01,2.011764e+01,2.019476e+01,2.022979e+01,2.033481e+01,2.027881e+01,2.023680e+01,2.022278e+01,2.032082e+01,2.033481e+01,2.030682e+01,2.023680e+01,2.027181e+01,2.034881e+01,2.029982e+01,2.034181e+01,2.030682e+01,2.027881e+01,2.017373e+01,2.015971e+01,2.027881e+01,2.034881e+01,2.031382e+01,2.032082e+01,2.029982e+01,2.027881e+01,2.027181e+01,2.033481e+01,2.032082e+01,2.025080e+01,2.035581e+01,2.038379e+01,2.024380e+01,2.039778e+01,2.035581e+01,2.032082e+01,2.036280e+01,2.039778e+01,2.037679e+01,2.053057e+01,2.040477e+01,2.057246e+01,2.042575e+01,2.044672e+01,2.040477e+01,2.052358e+01,2.041875e+01,2.050961e+01,2.049564e+01,2.057246e+01,2.054453e+01,2.048166e+01,2.050262e+01,2.049564e+01,2.050262e+01,2.052358e+01,2.057246e+01,2.055850e+01,2.052358e+01,2.050961e+01,2.061434e+01,2.055850e+01,2.057246e+01,2.054453e+01,2.033481e+01,2.052358e+01,2.062830e+01,2.053755e+01,2.047468e+01,2.056548e+01,2.057944e+01,2.060039e+01,2.053057e+01,2.055850e+01,2.060736e+01,2.050961e+01,2.049564e+01,2.058643e+01,2.055152e+01,2.049564e+01,2.056548e+01,2.046769e+01,2.046769e+01,2.036980e+01,2.045371e+01,2.032782e+01,2.040477e+01,2.032782e+01,2.028582e+01,2.036280e+01,2.038379e+01,2.036280e+01,2.031382e+01,2.030682e+01,2.045371e+01,2.047468e+01,2.034881e+01,2.033481e+01,2.036980e+01,2.041875e+01,2.050262e+01,2.044672e+01,2.053057e+01,2.053057e+01,2.046769e+01,2.052358e+01,2.059340e+01,2.050961e+01,2.052358e+01,2.057246e+01,2.053057e+01,2.057246e+01,2.053755e+01,2.070502e+01,2.048166e+01,2.064225e+01,2.055850e+01,2.055850e+01,2.054453e+01,2.046070e+01,2.046769e+01,2.043274e+01,2.034181e+01,2.044672e+01,2.040477e+01,2.041875e+01,2.034181e+01,2.040477e+01,2.035581e+01,2.033481e+01,2.037679e+01,2.031382e+01,2.034881e+01,2.036280e+01,2.043973e+01,2.039078e+01,2.036980e+01,2.039778e+01,2.046070e+01,2.043973e+01,2.051660e+01,2.054453e+01,2.071200e+01,2.052358e+01,2.058643e+01,2.063528e+01,2.055152e+01,2.060736e+01,2.061434e+01,2.065621e+01,2.058643e+01,2.055152e+01,2.065621e+01,2.055850e+01,2.064923e+01,2.065621e+01,2.066318e+01,2.065621e+01,2.063528e+01,2.067016e+01,2.067713e+01,2.055850e+01,2.072594e+01,2.073291e+01,2.055152e+01,2.068410e+01,2.070502e+01,2.068410e+01,2.075382e+01,2.068410e+01,2.073988e+01,2.050961e+01,2.071200e+01,2.064225e+01,2.069108e+01,2.069805e+01,2.070502e+01,2.078169e+01,2.071200e+01,2.060736e+01,2.062830e+01,2.063528e+01,2.064225e+01,2.062830e+01,2.067713e+01,2.076775e+01,2.066318e+01,2.069108e+01,2.072594e+01,2.067016e+01,2.065621e+01,2.068410e+01,2.071200e+01,2.066318e+01,2.073988e+01,2.071200e+01,2.073291e+01,2.083741e+01,2.073988e+01,2.075382e+01,2.067016e+01,2.064225e+01,2.074685e+01,2.069108e+01,2.059340e+01,2.057246e+01,2.055152e+01,2.045371e+01,2.029982e+01,2.016672e+01,2.005451e+01,1.990703e+01,1.966780e+01,1.954092e+01,1.927252e+01,1.903885e+01,1.900340e+01,1.881885e+01,1.881174e+01,1.876910e+01,1.868376e+01,1.875488e+01,1.865530e+01,1.867665e+01,1.864819e+01,1.859123e+01,1.859835e+01,1.898212e+01,1.954797e+01,2.022278e+01,2.041176e+01,2.043274e+01,2.041176e+01,2.048865e+01,2.050961e+01,2.058643e+01,2.063528e+01,2.062830e+01,2.064225e+01,2.071200e+01,2.071897e+01,2.061434e+01,2.063528e+01,2.057246e+01,2.060736e+01,2.064225e+01,2.073988e+01,2.061434e+01,2.061434e+01,2.065621e+01,2.059340e+01,2.055152e+01,2.057944e+01,2.073988e+01,2.067016e+01,2.058643e+01,2.078169e+01,2.076775e+01,2.069805e+01,2.079562e+01,2.067016e+01,2.064225e+01,2.062132e+01,2.068410e+01,2.065621e+01,2.067713e+01,2.071200e+01,2.069805e+01,2.067713e+01,2.070502e+01,2.072594e+01,2.070502e+01,2.073988e+01,2.073291e+01,2.073291e+01,2.069805e+01,2.069805e+01,2.069805e+01,2.062132e+01,2.075382e+01,2.066318e+01,2.064923e+01,2.067713e+01,2.067016e+01,2.073988e+01,2.071200e+01,2.073291e+01,2.069108e+01,2.071897e+01,2.056548e+01,2.067713e+01,2.067713e+01,2.071200e+01,2.060039e+01,2.070502e+01,2.067016e+01,2.063528e+01,2.064225e+01,2.066318e+01,2.056548e+01,2.062132e+01,2.057944e+01,2.069805e+01,2.063528e+01,2.061434e+01,2.064225e+01,2.065621e+01,2.064225e+01,2.064225e+01,2.059340e+01,2.060039e+01,2.060039e+01,2.064225e+01,2.062830e+01,2.049564e+01,2.067016e+01,2.063528e+01,2.063528e+01,2.062830e+01,2.062830e+01,2.059340e+01,2.057246e+01,2.050262e+01,2.059340e+01,2.062132e+01,2.057944e+01,2.064923e+01,2.057246e+01,2.060039e+01,2.053755e+01,2.054453e+01,2.062132e+01,2.067016e+01,2.053057e+01,2.053057e+01,2.060736e+01,2.059340e+01,2.056548e+01,2.051660e+01,2.060039e+01,2.057944e+01,2.060039e+01,2.054453e+01,2.058643e+01,2.055850e+01,2.053057e+01,2.060039e+01,2.056548e+01,2.056548e+01,2.046769e+01,2.050262e+01,2.046769e+01,2.042575e+01,2.045371e+01,2.056548e+01,2.043973e+01,2.043274e+01,2.044672e+01,2.041176e+01,2.040477e+01,2.049564e+01,2.044672e+01,2.048865e+01,2.050262e+01,2.053755e+01,2.062132e+01,2.048166e+01,2.049564e+01,2.050262e+01,2.048166e+01,2.048865e+01,2.043274e+01,2.050262e+01,2.049564e+01,2.038379e+01,2.040477e+01,2.047468e+01,2.039078e+01,2.045371e+01,2.045371e+01,2.041875e+01,2.044672e+01,2.048166e+01,2.045371e+01,2.041875e+01,2.043274e+01,2.058643e+01,2.063528e+01,2.057246e+01,2.050262e+01,2.057944e+01,2.060736e+01,2.062132e+01,2.064225e+01,2.058643e+01,2.053755e+01,2.066318e+01,2.055850e+01,2.058643e+01,2.053057e+01,2.061434e+01,2.053057e+01,2.059340e+01,2.045371e+01,2.044672e+01,2.042575e+01,2.037679e+01,2.050262e+01,2.048865e+01,2.041875e+01,2.039778e+01,2.039078e+01,2.034181e+01,2.032782e+01,2.037679e+01,2.032782e+01,2.043973e+01,2.038379e+01,2.044672e+01,2.044672e+01,2.053755e+01,2.039078e+01,2.053755e+01,2.056548e+01,2.051660e+01,2.065621e+01,2.041875e+01,2.053057e+01,2.053755e+01,2.051660e+01,2.054453e+01,2.051660e+01,2.042575e+01,2.052358e+01,2.049564e+01,2.043973e+01,2.047468e+01,2.046070e+01,2.046070e+01,2.053057e+01,2.045371e+01,2.043973e+01,2.043973e+01,2.057944e+01,2.057944e+01,2.042575e+01,2.050961e+01,2.050961e+01,2.053057e+01,2.049564e+01,2.050262e+01,2.049564e+01,2.055850e+01,2.059340e+01,2.056548e+01,2.054453e+01,2.053755e+01,2.050961e+01,2.055152e+01,2.052358e+01,2.051660e+01,2.050961e+01,2.050961e+01,2.044672e+01,2.043973e+01,2.043274e+01,2.040477e+01,2.043973e+01,2.039078e+01,2.033481e+01,2.034881e+01,2.043274e+01,2.043973e+01,2.032082e+01,2.032782e+01,2.033481e+01,2.027181e+01,2.027881e+01,2.032782e+01,2.050262e+01,2.061434e+01,2.057246e+01,2.057246e+01,2.083741e+01,2.084437e+01,2.084437e+01,2.087222e+01,2.088614e+01,2.083741e+01,2.094180e+01,2.081652e+01,2.080259e+01,2.075382e+01,2.084437e+01,2.080955e+01,2.092789e+01,2.085830e+01,2.088614e+01,2.074685e+01,2.090702e+01,2.108083e+01,2.078169e+01,2.083045e+01,2.084437e+01,2.085134e+01,2.087222e+01,2.083045e+01,2.093485e+01,2.085830e+01,2.074685e+01,2.088614e+01,2.089310e+01,2.090702e+01,2.080259e+01,2.096267e+01,2.090702e+01,2.078169e+01,2.088614e+01,2.092093e+01,2.087222e+01,2.094180e+01,2.085830e+01,2.082348e+01,2.086526e+01,2.085830e+01,2.078866e+01,2.076079e+01,2.077472e+01,2.077472e+01,2.081652e+01,2.073291e+01,2.076775e+01,2.075382e+01,2.074685e+01,2.080259e+01,2.083045e+01,2.074685e+01,2.086526e+01,2.085830e+01,2.090006e+01,2.078169e+01,2.073291e+01,2.080955e+01,2.080955e+01,2.076079e+01,2.087918e+01,2.087222e+01,2.076775e+01,2.085134e+01,2.084437e+01,2.090006e+01,2.090702e+01,2.089310e+01,2.079562e+01,2.099744e+01,2.079562e+01,2.076079e+01,2.080259e+01,2.073291e+01,2.071897e+01,2.083741e+01,2.074685e+01,2.068410e+01,2.088614e+01,2.078866e+01,2.071897e+01,2.078169e+01,2.033481e+01
2.080955e+01,2.069805e+01,2.072594e+01,2.071897e+01,2.076775e+01,2.063528e+01,2.067016e+01,2.064225e+01,2.063528e+01,2.053057e+01,2.064225e+01,2.038379e+01,2.045371e+01,2.041176e+01,2.041875e+01,2.043274e+01,2.028582e+01,2.038379e+01,2.040477e+01,2.041875e+01,2.041176e+01,2.032082e+01,2.036280e+01,2.027181e+01,2.037679e+01,2.043274e+01,2.027881e+01,2.034181e+01,2.030682e+01,2.032782e+01,2.018074e+01,2.023680e+01,2.027881e+01,2.012466e+01,2.003345e+01,2.008959e+01,1.992109e+01,2.001941e+01,2.001941e+01,1.997728e+01,1.998431e+01,1.989297e+01,1.990000e+01,1.989297e+01,1.983673e+01,1.992811e+01,1.986485e+01,1.991406e+01,1.998431e+01,2.000537e+01,2.000537e+01,2.002643e+01,2.001941e+01,2.005451e+01,2.002643e+01,2.001239e+01,2.003345e+01,1.999133e+01,2.004047e+01,2.006152e+01,1.998431e+01,2.002643e+01,2.004047e+01,2.000537e+01,2.011764e+01,2.004749e+01,2.008257e+01,2.022278e+01,2.009660e+01,1.998431e+01,2.006854e+01,2.010362e+01,2.016672e+01,2.018775e+01,2.022979e+01,2.019476e+01,2.027181e+01,2.027181e+01,2.023680e+01,2.027181e+01,2.015971e+01,2.020877e+01,2.024380e+01,2.022979e+01,2.025080e+01,2.021578e+01,2.029282e+01,2.030682e+01,2.027881e+01,2.028582e+01,2.021578e+01,2.030682e+01,2.028582e+01,2.025781e+01,2.035581e+01,2.031382e+01,2.032782e+01,2.036280e+01,2.034181e+01,2.036280e+01,2.029282e+01,2.032782e+01,2.026481e+01,2.022979e+01,2.036980e+01,2.031382e+01,2.034881e+01,2.035581e+01,2.039778e+01,2.056548e+01,2.040477e+01,2.056548e+01,2.043274e+01,2.048865e+01,2.048865e+01,2.052358e+01,2.050961e+01,2.044672e+01,2.053755e+01,2.048865e+01,2.050961e+01,2.057944e+01,2.050961e+01,2.048865e+01,2.048166e+01,2.050262e+01,2.046769e+01,2.046070e+01,2.047468e+01,2.051660e+01,2.065621e+01,2.054453e+01,2.055152e+01,2.048166e+01,2.059340e+01,2.054453e+01,2.053057e+01,2.052358e+01,2.057246e+01,2.055152e+01,2.063528e+01,2.060736e+01,2.055850e+01,2.051660e+01,2.055152e+01,2.051660e+01,2.049564e+01,2.061434e+01,2.060039e+01,2.060039e+01,2.034881e+01,2.059340e+01,2.057246e+01,2.038379e+01,2.049564e+01,2.043274e+01,2.039078e+01,2.032082e+01,2.030682e+01,2.034881e+01,2.029282e+01,2.046070e+01,2.035581e+01,2.026481e+01,2.029282e+01,2.028582e+01,2.029982e+01,2.036980e+01,2.032782e+01,2.036980e+01,2.031382e+01,2.049564e+01,2.038379e+01,2.049564e+01,2.050961e+01,2.045371e+01,2.050262e+01,2.046769e+01,2.048166e+01,2.052358e+01,2.051660e+01,2.054453e+01,2.053057e+01,2.054453e+01,2.054453e+01,2.057246e+01,2.048865e+01,2.057944e+01,2.050961e+01,2.049564e+01,2.043274e+01,2.051660e+01,2.041176e+01,2.043274e+01,2.043274e+01,2.044672e+01,2.040477e+01,2.046070e+01,2.038379e+01,2.039078e+01,2.040477e+01,2.035581e+01,2.042575e+01,2.031382e+01,2.041176e+01,2.043274e+01,2.039778e+01,2.041176e+01,2.041875e+01,2.043973e+01,2.042575e+01,2.043274e+01,2.048865e+01,2.047468e+01,2.049564e+01,2.057944e+01,2.053057e+01,2.057246e+01,2.061434e+01,2.057944e+01,2.065621e+01,2.063528e+01,2.062132e+01,2.067016e+01,2.062830e+01,2.060736e+01,2.066318e+01,2.066318e+01,2.059340e+01,2.061434e+01,2.070502e+01,2.068410e+01,2.055152e+01,2.064923e+01,2.064225e+01,2.061434e+01,2.061434e+01,2.071200e+01,2.067016e+01,2.068410e+01,2.067713e+01,2.069108e+01,2.063528e+01,2.069108e+01,2.067016e+01,2.068410e+01,2.069805e+01,2.067713e+01,2.063528e+01,2.065621e+01,2.065621e+01,2.055152e+01,2.059340e+01,2.060736e+01,2.067713e+01,2.065621e+01,2.063528e+01,2.067713e+01,2.062830e+01,2.073291e+01,2.062132e+01,2.070502e+01,2.071897e+01,2.076079e+01,2.069108e+01,2.068410e+01,2.070502e+01,2.071200e+01,2.062830e+01,2.061434e+01,2.073291e+01,2.061434e+01,2.066318e+01,2.072594e+01,2.060736e+01,2.064225e+01,2.064225e+01,2.057944e+01,2.033481e+01,2.039778e+01,2.016672e+01,2.011764e+01,1.988594e+01,1.986485e+01,1.959733e+01,1.932202e+01,1.911680e+01,1.903176e+01,1.884726e+01,1.879753e+01,1.879042e+01,1.881174e+01,1.864819e+01,1.864107e+01,1.861259e+01,1.860547e+01,1.852712e+01,1.861259e+01,1.859835e+01,1.861259e+01,1.929374e+01,1.985782e+01,2.041176e+01,2.037679e+01,2.050961e+01,2.050961e+01,2.043274e+01,2.048166e+01,2.064923e+01,2.062132e+01,2.067713e+01,2.071897e+01,2.067713e+01,2.067016e+01,2.062830e+01,2.062132e+01,2.063528e+01,2.055152e+01,2.064923e+01,2.062830e+01,2.061434e+01,2.064923e+01,2.057246e+01,2.053057e+01,2.064225e+01,2.058643e+01,2.062830e+01,2.053755e+01,2.067713e+01,2.062132e+01,2.062830e+01,2.069805e+01,2.062830e+01,2.061434e+01,2.071897e+01,2.067713e+01,2.064923e+01,2.064923e+01,2.065621e+01,2.066318e+01,2.068410e+01,2.066318e+01,2.073988e+01,2.073291e+01,2.064225e+01,2.071897e+01,2.068410e+01,2.070502e+01,2.070502e+01,2.067016e+01,2.069805e+01,2.068410e+01,2.063528e+01,2.065621e+01,2.067016e+01,2.071897e+01,2.069805e+01,2.071897e+01,2.073988e+01,2.072594e+01,2.071200e+01,2.056548e+01,2.071200e+01,2.055850e+01,2.075382e+01,2.064225e+01,2.063528e+01,2.063528e+01,2.060736e+01,2.060039e+01,2.064225e+01,2.054453e+01,2.074685e+01,2.064923e+01,2.060736e+01,2.061434e+01,2.062132e+01,2.066318e+01,2.058643e+01,2.060736e+01,2.063528e+01,2.060736e+01,2.060039e+01,2.060736e+01,2.048166e+01,2.063528e+01,2.062132e+01,2.061434e+01,2.069805e+01,2.063528e+01,2.051660e+01,2.056548e+01,2.057246e+01,2.057246e+01,2.056548e+01,2.057246e+01,2.063528e+01,2.055850e+01,2.060039e+01,2.057944e+01,2.060039e+01,2.057246e+01,2.055850e+01,2.054453e+01,2.059340e+01,2.055850e+01,2.061434e+01,2.054453e+01,2.054453e+01,2.055850e+01,2.055152e+01,2.059340e+01,2.055152e+01,2.060039e+01,2.054453e+01,2.055850e+01,2.058643e+01,2.051660e+01,2.042575e+01,2.053057e+01,2.055152e+01,2.055152e+01,2.051660e+01,2.053755e+01,2.044672e+01,2.036980e+01,2.050262e+01,2.037679e+01,2.045371e+01,2.040477e+01,2.040477e+01,2.041875e+01,2.049564e+01,2.044672e+01,2.043973e+01,2.045371e+01,2.064923e+01,2.045371e+01,2.046769e+01,2.057944e+01,2.047468e+01,2.046769e+01,2.051660e+01,2.050262e+01,2.059340e+01,2.058643e+01,2.043274e+01,2.042575e+01,2.043973e+01,2.048166e+01,2.039078e+01,2.041176e+01,2.046769e+01,2.044672e+01,2.039078e+01,2.047468e+01,2.042575e+01,2.048865e+01,2.053755e+01,2.048865e+01,2.043973e+01,2.051660e+01,2.045371e+01,2.046070e+01,2.049564e+01,2.057246e+01,2.061434e+01,2.056548e+01,2.051660e+01,2.051660e+01,2.055850e+01,2.057246e+01,2.053057e+01,2.056548e+01,2.049564e+01,2.043973e+01,2.048166e+01,2.065621e+01,2.036280e+01,2.035581e+01,2.036980e+01,2.055152e+01,2.036980e+01,2.034181e+01,2.034881e+01,2.023680e+01,2.031382e+01,2.033481e+01,2.041176e+01,2.032782e+01,2.040477e+01,2.037679e+01,2.042575e+01,2.039778e+01,2.053057e+01,2.048865e+01,2.043973e+01,2.042575e+01,2.055152e+01,2.051660e+01,2.048865e+01,2.048865e+01,2.047468e+01,2.049564e+01,2.047468e+01,2.043274e+01,2.050262e+01,2.048865e+01,2.042575e+01,2.040477e+01,2.046070e+01,2.046070e+01,2.043973e+01,2.045371e+01,2.062132e+01,2.037679e+01,2.035581e+01,2.038379e+01,2.053755e+01,2.050262e+01,2.049564e+01,2.056548e+01,2.052358e+01,2.050961e+01,2.050961e+01,2.047468e+01,2.047468e+01,2.057246e+01,2.046769e+01,2.049564e+01,2.056548e+01,2.046070e+01,2.050262e+01,2.046070e+01,2.046070e+01,2.045371e+01,2.043973e+01,2.044672e+01,2.046070e+01,2.041875e+01,2.037679e+01,2.041875e+01,2.041176e+01,2.029982e+01,2.013868e+01,2.025080e+01,2.032782e+01,2.048865e+01,2.033481e+01,2.033481e+01,2.038379e+01,2.039078e+01,2.061434e+01,2.062830e+01,2.072594e+01,2.081652e+01,2.082348e+01,2.085134e+01,2.085134e+01,2.086526e+01,2.069108e+01,2.092093e+01,2.086526e+01,2.092093e+01,2.079562e+01,2.078866e+01,2.076775e+01,2.090006e+01,2.081652e+01,2.085134e+01,2.088614e+01,2.082348e+01,2.092789e+01,2.080955e+01,2.089310e+01,2.089310e+01,2.082348e+01,2.083741e+01,2.081652e+01,2.077472e+01,2.084437e+01,2.085830e+01,2.089310e+01,2.085830e+01,2.078169e+01,2.086526e+01,2.088614e+01,2.089310e+01,2.085134e+01,2.087222e+01,2.080259e+01,2.085134e+01,2.081652e+01,2.087918e+01,2.084437e+01,2.078866e+01,2.083045e+01,2.073291e+01,2.078169e+01,2.083045e+01,2.078866e+01,2.077472e+01,2.078866e+01,2.076775e+01,2.087918e+01,2.070502e+01,2.083741e+01,2.077472e+01,2.072594e+01,2.073291e+01,2.074685e+01,2.081652e+01,2.070502e+01,2.083741e+01,2.084437e+01,2.078866e+01,2.086526e+01,2.083741e+01,2.084437e+01,2.090702e+01,2.086526e+01,2.083741e+01,2.084437e+01,2.083045e+01,2.087918e+01,2.080259e+01,2.081652e+01,2.082348e+01,2.089310e+01,2.078866e+01,2.075382e+01,2.073988e+01,2.071897e+01,2.079562e+01,2.074685e+01,2.071200e+01,2.078169e+01,2.078169e+01,2.080259e+01,2.007556e+01
2.067016e+01,2.073988e+01,2.066318e+01,2.065621e+01,2.074685e+01,2.069108e+01,2.072594e+01,2.065621e+01,2.076775e+01,2.062132e+01,2.064225e+01,2.053755e+01,2.047468e+01,2.048166e+01,2.047468e+01,2.053755e+01,2.027181e+01,2.040477e+01,2.039778e+01,2.046769e+01,2.037679e+01,2.043274e+01,2.041875e+01,2.035581e+01,2.031382e+01,2.031382e+01,2.032082e+01,2.026481e+01,2.027881e+01,2.031382e+01,2.021578e+01,2.024380e+01,2.015270e+01,2.015971e+01,2.015270e+01,2.001941e+01,1.996324e+01,2.000537e+01,1.999133e+01,2.009660e+01,1.995621e+01,1.989297e+01,1.987189e+01,1.999835e+01,1.998431e+01,1.997026e+01,1.982969e+01,1.999133e+01,1.978045e+01,2.012466e+01,1.994919e+01,1.998431e+01,2.003345e+01,2.001941e+01,2.006152e+01,2.008257e+01,2.001239e+01,2.003345e+01,2.006152e+01,2.008257e+01,2.003345e+01,2.002643e+01,2.011764e+01,2.001239e+01,2.002643e+01,2.004047e+01,2.004047e+01,2.022979e+01,2.022979e+01,2.019476e+01,2.005451e+01,2.017373e+01,2.025080e+01,2.029282e+01,2.026481e+01,2.026481e+01,2.022278e+01,2.019476e+01,2.022278e+01,2.004047e+01,2.017373e+01,2.032082e+01,2.024380e+01,2.027181e+01,2.044672e+01,2.021578e+01,2.031382e+01,2.027881e+01,2.029982e+01,2.029282e+01,2.030682e+01,2.015270e+01,2.029282e+01,2.020877e+01,2.027881e+01,2.033481e+01,2.029982e+01,2.027881e+01,2.032082e+01,2.025080e+01,2.028582e+01,2.022278e+01,2.036280e+01,2.025781e+01,2.034881e+01,2.043274e+01,2.038379e+01,2.034881e+01,2.036980e+01,2.033481e+01,2.041176e+01,2.054453e+01,2.046769e+01,2.048166e+01,2.050262e+01,2.050961e+01,2.051660e+01,2.079562e+01,2.056548e+01,2.049564e+01,2.050262e+01,2.056548e+01,2.048865e+01,2.054453e+01,2.052358e+01,2.053755e+01,2.050961e+01,2.044672e+01,2.055850e+01,2.061434e+01,2.053755e+01,2.059340e+01,2.053755e+01,2.049564e+01,2.048166e+01,2.061434e+01,2.051660e+01,2.055850e+01,2.052358e+01,2.053057e+01,2.052358e+01,2.053057e+01,2.062132e+01,2.055152e+01,2.053755e+01,2.054453e+01,2.048166e+01,2.052358e+01,2.044672e+01,2.066318e+01,2.058643e+01,2.044672e+01,2.039078e+01,2.037679e+01,2.048166e+01,2.027881e+01,2.043274e+01,2.027881e+01,2.030682e+01,2.034181e+01,2.036280e+01,2.027881e+01,2.027881e+01,2.029282e+01,2.028582e+01,2.027881e+01,2.026481e+01,2.033481e+01,2.034881e+01,2.036980e+01,2.042575e+01,2.033481e+01,2.035581e+01,2.043274e+01,2.046769e+01,2.043973e+01,2.047468e+01,2.047468e+01,2.048865e+01,2.047468e+01,2.054453e+01,2.053057e+01,2.052358e+01,2.050961e+01,2.060736e+01,2.060039e+01,2.055152e+01,2.053057e+01,2.050961e+01,2.050961e+01,2.048166e+01,2.043274e+01,2.039078e+01,2.045371e+01,2.046769e+01,2.043973e+01,2.042575e+01,2.029282e+01,2.043274e+01,2.036980e+01,2.026481e+01,2.040477e+01,2.032782e+01,2.039078e+01,2.033481e+01,2.031382e+01,2.032782e+01,2.039078e+01,2.042575e+01,2.046070e+01,2.052358e+01,2.053755e+01,2.049564e+01,2.041875e+01,2.052358e+01,2.055152e+01,2.059340e+01,2.055850e+01,2.062132e+01,2.054453e+01,2.060039e+01,2.063528e+01,2.057246e+01,2.057944e+01,2.060736e+01,2.056548e+01,2.064225e+01,2.057944e+01,2.063528e+01,2.073291e+01,2.066318e+01,2.060736e+01,2.066318e+01,2.074685e+01,2.066318e+01,2.065621e+01,2.068410e+01,2.070502e+01,2.065621e+01,2.059340e+01,2.073988e+01,2.068410e+01,2.065621e+01,2.065621e+01,2.067016e+01,2.065621e+01,2.065621e+01,2.069108e+01,2.065621e+01,2.066318e+01,2.071200e+01,2.064225e+01,2.062830e+01,2.070502e+01,2.060039e+01,2.066318e+01,2.061434e+01,2.062132e+01,2.064923e+01,2.074685e+01,2.060039e+01,2.070502e+01,2.068410e+01,2.066318e+01,2.073988e+01,2.073291e+01,2.067713e+01,2.080955e+01,2.060736e+01,2.076079e+01,2.062132e+01,2.068410e+01,2.064923e+01,2.064923e+01,2.072594e+01,2.069108e+01,2.065621e+01,2.059340e+01,2.038379e+01,2.027181e+01,2.017373e+01,2.007556e+01,1.992811e+01,1.971710e+01,1.959028e+01,1.931495e+01,1.902468e+01,1.899631e+01,1.887567e+01,1.878332e+01,1.876910e+01,1.883306e+01,1.865530e+01,1.868376e+01,1.868376e+01,1.868376e+01,1.844871e+01,1.855562e+01,1.849149e+01,1.850574e+01,1.884016e+01,1.975934e+01,2.040477e+01,2.039078e+01,2.041176e+01,2.050961e+01,2.039778e+01,2.048865e+01,2.057944e+01,2.062132e+01,2.064923e+01,2.070502e+01,2.074685e+01,2.070502e+01,2.071200e+01,2.062830e+01,2.064225e+01,2.061434e+01,2.069805e+01,2.064225e+01,2.067016e+01,2.067713e+01,2.064923e+01,2.063528e+01,2.067713e+01,2.062830e+01,2.051660e+01,2.058643e+01,2.066318e+01,2.063528e+01,2.064225e+01,2.063528e+01,2.070502e+01,2.063528e+01,2.074685e+01,2.072594e+01,2.060039e+01,2.064923e+01,2.067713e+01,2.068410e+01,2.068410e+01,2.057944e+01,2.072594e+01,2.072594e+01,2.073988e+01,2.068410e+01,2.072594e+01,2.069108e+01,2.067016e+01,2.064225e+01,2.071200e+01,2.071897e+01,2.064225e+01,2.071200e+01,2.069805e+01,2.069805e+01,2.067016e+01,2.053755e+01,2.073291e+01,2.063528e+01,2.069805e+01,2.055152e+01,2.060736e+01,2.060736e+01,2.060039e+01,2.061434e+01,2.064923e+01,2.063528e+01,2.059340e+01,2.068410e+01,2.067016e+01,2.068410e+01,2.060039e+01,2.063528e+01,2.060736e+01,2.066318e+01,2.064225e+01,2.057246e+01,2.062132e+01,2.060039e+01,2.062830e+01,2.060039e+01,2.060039e+01,2.061434e+01,2.061434e+01,2.061434e+01,2.060736e+01,2.053057e+01,2.057944e+01,2.071200e+01,2.069108e+01,2.057246e+01,2.057246e+01,2.057944e+01,2.057944e+01,2.061434e+01,2.063528e+01,2.062132e+01,2.068410e+01,2.058643e+01,2.060736e+01,2.058643e+01,2.064923e+01,2.057246e+01,2.057246e+01,2.064923e+01,2.056548e+01,2.051660e+01,2.050961e+01,2.053057e+01,2.052358e+01,2.050262e+01,2.049564e+01,2.051660e+01,2.057944e+01,2.053755e+01,2.055152e+01,2.050961e+01,2.053755e+01,2.057246e+01,2.047468e+01,2.051660e+01,2.053755e+01,2.046769e+01,2.049564e+01,2.050262e+01,2.038379e+01,2.046769e+01,2.039778e+01,2.039778e+01,2.042575e+01,2.041176e+01,2.041176e+01,2.056548e+01,2.046070e+01,2.046070e+01,2.046769e+01,2.058643e+01,2.050961e+01,2.051660e+01,2.046769e+01,2.046769e+01,2.047468e+01,2.046070e+01,2.057944e+01,2.050961e+01,2.055152e+01,2.034881e+01,2.041176e+01,2.046070e+01,2.037679e+01,2.041875e+01,2.048865e+01,2.045371e+01,2.045371e+01,2.048865e+01,2.047468e+01,2.048865e+01,2.053057e+01,2.055152e+01,2.044672e+01,2.045371e+01,2.052358e+01,2.055850e+01,2.054453e+01,2.043274e+01,2.053057e+01,2.067016e+01,2.062830e+01,2.050262e+01,2.055850e+01,2.055850e+01,2.057246e+01,2.055152e+01,2.048166e+01,2.049564e+01,2.042575e+01,2.035581e+01,2.036280e+01,2.051660e+01,2.038379e+01,2.034181e+01,2.034881e+01,2.034881e+01,2.029282e+01,2.029282e+01,2.029982e+01,2.029982e+01,2.029982e+01,2.030682e+01,2.049564e+01,2.045371e+01,2.054453e+01,2.048865e+01,2.050262e+01,2.041875e+01,2.048865e+01,2.046769e+01,2.052358e+01,2.053057e+01,2.048166e+01,2.053755e+01,2.058643e+01,2.050262e+01,2.046070e+01,2.053057e+01,2.046769e+01,2.057944e+01,2.044672e+01,2.039078e+01,2.043274e+01,2.043973e+01,2.032782e+01,2.037679e+01,2.050961e+01,2.047468e+01,2.046070e+01,2.048166e+01,2.047468e+01,2.055850e+01,2.049564e+01,2.057246e+01,2.055152e+01,2.058643e+01,2.048865e+01,2.050262e+01,2.048166e+01,2.059340e+01,2.056548e+01,2.047468e+01,2.056548e+01,2.047468e+01,2.048865e+01,2.041176e+01,2.040477e+01,2.047468e+01,2.043973e+01,2.044672e+01,2.043973e+01,2.041875e+01,2.043274e+01,2.041176e+01,2.041875e+01,2.031382e+01,2.038379e+01,2.032782e+01,2.031382e+01,2.034181e+01,2.032782e+01,2.043973e+01,2.048865e+01,2.033481e+01,2.040477e+01,2.055850e+01,2.060736e+01,2.068410e+01,2.082348e+01,2.085134e+01,2.085134e+01,2.088614e+01,2.085830e+01,2.090006e+01,2.088614e+01,2.083045e+01,2.079562e+01,2.080955e+01,2.078866e+01,2.080259e+01,2.096962e+01,2.078866e+01,2.076775e+01,2.084437e+01,2.093485e+01,2.090006e+01,2.079562e+01,2.083045e+01,2.088614e+01,2.080955e+01,2.085134e+01,2.094180e+01,2.090006e+01,2.079562e+01,2.090702e+01,2.080955e+01,2.093485e+01,2.091398e+01,2.085830e+01,2.087918e+01,2.085134e+01,2.087222e+01,2.080955e+01,2.083741e+01,2.082348e+01,2.087918e+01,2.076079e+01,2.071200e+01,2.071200e+01,2.076775e+01,2.087918e+01,2.079562e+01,2.077472e+01,2.076775e+01,2.080955e+01,2.076775e+01,2.084437e+01,2.083045e+01,2.070502e+01,2.076775e+01,2.085830e+01,2.086526e+01,2.073988e+01,2.078866e+01,2.083741e+01,2.079562e+01,2.079562e+01,2.086526e+01,2.079562e+01,2.073291e+01,2.079562e+01,2.085134e+01,2.101829e+01,2.083045e+01,2.082348e+01,2.081652e+01,2.078169e+01,2.073988e+01,2.085134e+01,2.084437e+01,2.080259e+01,2.082348e+01,2.072594e+01,2.082348e+01,2.071897e+01,2.077472e+01,2.078866e+01,2.092789e+01,2.093485e+01,2.072594e+01,2.071200e+01,1.978045e+01
2.067713e+01,2.068410e+01,2.067713e+01,2.069805e+01,2.068410e+01,2.060039e+01,2.070502e+01,2.064225e+01,2.064225e+01,2.061434e+01,2.064923e+01,2.050262e+01,2.054453e+01,2.046070e+01,2.042575e+01,2.053755e+01,2.043274e+01,2.044672e+01,2.033481e+01,2.038379e+01,2.053755e+01,2.028582e+01,2.030682e+01,2.036280e+01,2.036280e+01,2.029282e+01,2.025781e+01,2.029282e+01,2.024380e+01,2.030682e+01,2.031382e+01,2.022278e+01,2.018074e+01,2.020877e+01,2.008959e+01,2.000537e+01,2.001239e+01,2.004749e+01,1.994216e+01,1.994216e+01,2.001239e+01,1.988594e+01,1.997026e+01,1.987892e+01,1.981563e+01,1.994919e+01,1.995621e+01,1.991406e+01,1.994919e+01,1.992109e+01,1.991406e+01,1.991406e+01,2.001941e+01,2.003345e+01,1.990703e+01,1.991406e+01,2.008959e+01,2.001239e+01,2.001239e+01,2.007556e+01,2.009660e+01,2.009660e+01,2.004749e+01,1.997728e+01,2.018074e+01,2.005451e+01,2.011764e+01,2.007556e+01,2.001941e+01,2.006152e+01,2.006854e+01,2.017373e+01,2.023680e+01,2.029282e+01,2.027181e+01,2.022979e+01,2.022979e+01,2.017373e+01,2.021578e+01,2.029982e+01,2.032082e+01,2.025781e+01,2.030682e+01,2.022278e+01,2.041875e+01,2.020177e+01,2.021578e+01,2.027181e+01,2.024380e+01,2.032082e+01,2.027881e+01,2.027181e+01,2.032082e+01,2.029282e+01,2.029982e+01,2.029982e+01,2.031382e+01,2.032782e+01,2.032782e+01,2.007556e+01,2.024380e+01,2.031382e+01,2.039078e+01,2.030682e+01,2.043274e+01,2.040477e+01,2.029282e+01,2.039078e+01,2.042575e+01,2.042575e+01,2.058643e+01,2.043973e+01,2.044672e+01,2.041176e+01,2.046070e+01,2.072594e+01,2.042575e+01,2.056548e+01,2.041875e+01,2.050961e+01,2.053057e+01,2.047468e+01,2.051660e+01,2.052358e+01,2.047468e+01,2.049564e+01,2.048865e+01,2.046769e+01,2.048865e+01,2.053755e+01,2.052358e+01,2.051660e+01,2.050961e+01,2.050961e+01,2.055850e+01,2.050961e+01,2.057944e+01,2.047468e+01,2.048865e+01,2.050961e+01,2.050961e+01,2.051660e+01,2.053057e+01,2.053755e+01,2.052358e+01,2.041176e+01,2.048166e+01,2.041875e+01,2.064225e+01,2.049564e+01,2.046070e+01,2.044672e+01,2.040477e+01,2.039078e+01,2.043274e+01,2.046769e+01,2.028582e+01,2.029282e+01,2.027881e+01,2.025781e+01,2.025080e+01,2.029982e+01,2.028582e+01,2.029282e+01,2.030682e+01,2.029982e+01,2.027181e+01,2.036980e+01,2.030682e+01,2.031382e+01,2.036280e+01,2.042575e+01,2.040477e+01,2.041875e+01,2.050961e+01,2.049564e+01,2.048166e+01,2.046070e+01,2.053057e+01,2.048865e+01,2.053755e+01,2.056548e+01,2.050961e+01,2.040477e+01,2.054453e+01,2.067016e+01,2.046769e+01,2.061434e+01,2.048166e+01,2.055850e+01,2.050961e+01,2.048865e+01,2.044672e+01,2.039778e+01,2.041875e+01,2.032082e+01,2.042575e+01,2.049564e+01,2.036280e+01,2.041176e+01,2.028582e+01,2.033481e+01,2.029282e+01,2.044672e+01,2.023680e+01,2.042575e+01,2.036280e+01,2.025080e+01,2.035581e+01,2.049564e+01,2.046070e+01,2.053057e+01,2.039078e+01,2.060039e+01,2.065621e+01,2.053057e+01,2.054453e+01,2.059340e+01,2.054453e+01,2.058643e+01,2.050262e+01,2.057944e+01,2.058643e+01,2.057246e+01,2.056548e+01,2.063528e+01,2.062132e+01,2.055850e+01,2.062132e+01,2.062830e+01,2.060039e+01,2.061434e+01,2.071200e+01,2.060736e+01,2.063528e+01,2.069805e+01,2.065621e+01,2.070502e+01,2.069805e+01,2.067016e+01,2.054453e+01,2.060736e+01,2.068410e+01,2.072594e+01,2.066318e+01,2.067713e+01,2.067016e+01,2.067713e+01,2.064923e+01,2.062830e+01,2.064225e+01,2.064923e+01,2.057246e+01,2.060736e+01,2.071897e+01,2.063528e+01,2.062830e+01,2.062830e+01,2.063528e+01,2.062132e+01,2.073291e+01,2.073988e+01,2.075382e+01,2.065621e+01,2.069805e+01,2.067016e+01,2.069805e+01,2.071200e+01,2.063528e+01,2.069805e+01,2.074685e+01,2.067713e+01,2.068410e+01,2.067016e+01,2.062132e+01,2.067713e+01,2.057944e+01,2.038379e+01,2.028582e+01,2.029982e+01,1.997728e+01,1.996324e+01,1.990703e+01,1.963962e+01,1.956913e+01,1.922300e+01,1.923715e+01,1.904594e+01,1.888987e+01,1.876910e+01,1.879753e+01,1.872644e+01,1.863395e+01,1.871933e+01,1.848436e+01,1.854850e+01,1.849861e+01,1.837737e+01,1.842018e+01,1.861971e+01,1.867665e+01,1.955502e+01,2.020877e+01,2.026481e+01,2.034881e+01,2.039078e+01,2.050961e+01,2.052358e+01,2.043973e+01,2.054453e+01,2.062132e+01,2.069805e+01,2.065621e+01,2.062132e+01,2.065621e+01,2.067016e+01,2.069108e+01,2.063528e+01,2.071200e+01,2.067713e+01,2.064923e+01,2.068410e+01,2.064923e+01,2.060736e+01,2.067713e+01,2.052358e+01,2.057944e+01,2.056548e+01,2.060736e+01,2.062830e+01,2.064225e+01,2.066318e+01,2.069108e+01,2.061434e+01,2.064923e+01,2.057246e+01,2.061434e+01,2.059340e+01,2.073291e+01,2.060736e+01,2.069108e+01,2.063528e+01,2.073988e+01,2.071200e+01,2.071897e+01,2.072594e+01,2.069805e+01,2.068410e+01,2.071200e+01,2.078169e+01,2.076775e+01,2.072594e+01,2.064225e+01,2.069108e+01,2.069805e+01,2.067713e+01,2.068410e+01,2.053755e+01,2.064225e+01,2.075382e+01,2.069805e+01,2.067016e+01,2.075382e+01,2.064923e+01,2.060039e+01,2.064923e+01,2.063528e+01,2.062132e+01,2.057246e+01,2.052358e+01,2.057944e+01,2.057944e+01,2.057246e+01,2.059340e+01,2.062132e+01,2.064923e+01,2.064225e+01,2.060039e+01,2.062132e+01,2.060039e+01,2.059340e+01,2.059340e+01,2.060039e+01,2.061434e+01,2.062830e+01,2.061434e+01,2.054453e+01,2.062132e+01,2.064923e+01,2.066318e+01,2.055850e+01,2.059340e+01,2.058643e+01,2.062830e+01,2.059340e+01,2.060736e+01,2.063528e+01,2.062132e+01,2.064923e+01,2.057246e+01,2.060039e+01,2.057944e+01,2.059340e+01,2.062830e+01,2.029282e+01,2.059340e+01,2.056548e+01,2.046769e+01,2.051660e+01,2.055152e+01,2.051660e+01,2.053755e+01,2.051660e+01,2.050262e+01,2.049564e+01,2.058643e+01,2.050961e+01,2.053057e+01,2.054453e+01,2.057944e+01,2.051660e+01,2.053057e+01,2.046769e+01,2.044672e+01,2.043274e+01,2.039078e+01,2.038379e+01,2.046070e+01,2.037679e+01,2.042575e+01,2.037679e+01,2.029982e+01,2.022979e+01,2.032782e+01,2.050961e+01,2.043973e+01,2.047468e+01,2.051660e+01,2.047468e+01,2.048865e+01,2.046070e+01,2.048865e+01,2.050262e+01,2.051660e+01,2.041875e+01,2.050961e+01,2.034181e+01,2.050961e+01,2.043274e+01,2.038379e+01,2.048166e+01,2.043973e+01,2.043973e+01,2.043973e+01,2.043274e+01,2.048166e+01,2.044672e+01,2.048865e+01,2.047468e+01,2.049564e+01,2.047468e+01,2.046070e+01,2.046070e+01,2.058643e+01,2.056548e+01,2.050262e+01,2.054453e+01,2.057944e+01,2.050961e+01,2.058643e+01,2.060039e+01,2.055152e+01,2.055850e+01,2.057944e+01,2.050961e+01,2.050262e+01,2.050262e+01,2.046769e+01,2.046070e+01,2.035581e+01,2.034181e+01,2.033481e+01,2.032782e+01,2.031382e+01,2.029282e+01,2.032782e+01,2.028582e+01,2.028582e+01,2.032082e+01,2.050961e+01,2.043274e+01,2.044672e+01,2.048166e+01,2.050961e+01,2.046769e+01,2.053755e+01,2.045371e+01,2.057246e+01,2.045371e+01,2.045371e+01,2.047468e+01,2.054453e+01,2.050262e+01,2.048166e+01,2.051660e+01,2.054453e+01,2.050262e+01,2.048865e+01,2.046070e+01,2.036980e+01,2.051660e+01,2.041176e+01,2.039778e+01,2.036980e+01,2.034881e+01,2.047468e+01,2.055152e+01,2.049564e+01,2.052358e+01,2.052358e+01,2.050961e+01,2.059340e+01,2.048865e+01,2.050961e+01,2.048865e+01,2.062830e+01,2.050262e+01,2.061434e+01,2.044672e+01,2.047468e+01,2.055152e+01,2.050961e+01,2.048865e+01,2.041875e+01,2.041176e+01,2.044672e+01,2.046070e+01,2.044672e+01,2.044672e+01,2.039078e+01,2.045371e+01,2.043274e+01,2.041875e+01,2.038379e+01,2.022979e+01,2.020177e+01,2.034181e+01,2.034881e+01,2.036280e+01,2.042575e+01,2.036980e+01,2.055850e+01,2.042575e+01,2.060039e+01,2.060039e+01,2.082348e+01,2.083045e+01,2.074685e+01,2.082348e+01,2.086526e+01,2.087918e+01,2.090702e+01,2.078866e+01,2.080259e+01,2.084437e+01,2.079562e+01,2.076775e+01,2.092789e+01,2.083045e+01,2.078866e+01,2.076079e+01,2.083741e+01,2.079562e+01,2.079562e+01,2.083741e+01,2.082348e+01,2.087918e+01,2.089310e+01,2.085830e+01,2.084437e+01,2.085134e+01,2.094876e+01,2.093485e+01,2.087918e+01,2.087222e+01,2.074685e+01,2.076079e+01,2.076775e+01,2.098353e+01,2.075382e+01,2.078866e+01,2.079562e+01,2.079562e+01,2.084437e+01,2.073988e+01,2.076775e+01,2.074685e+01,2.088614e+01,2.090006e+01,2.089310e+01,2.078169e+01,2.076775e+01,2.073291e+01,2.078169e+01,2.086526e+01,2.078866e+01,2.077472e+01,2.081652e+01,2.076775e+01,2.073988e+01,2.078169e+01,2.074685e+01,2.076775e+01,2.083045e+01,2.087918e+01,2.087918e+01,2.087918e+01,2.080259e+01,2.083045e+01,2.084437e+01,2.085830e+01,2.084437e+01,2.081652e+01,2.081652e+01,2.079562e+01,2.077472e+01,2.071200e+01,2.076079e+01,2.079562e+01,2.072594e+01,2.080259e+01,2.083045e+01,2.086526e+01,2.082348e+01,2.078866e+01,2.078866e+01,2.078169e+01,2.081652e+01,2.043973e+01,1.971710e+01
2.071200e+01,2.078866e+01,2.078866e+01,2.069805e+01,2.068410e+01,2.065621e+01,2.068410e+01,2.057246e+01,2.078169e+01,2.054453e+01,2.062132e+01,2.055850e+01,2.055152e+01,2.051660e+01,2.048166e+01,2.054453e+01,2.043973e+01,2.043274e+01,2.043274e+01,2.046070e+01,2.044672e+01,2.046070e+01,2.041176e+01,2.043973e+01,2.028582e+01,2.029282e+01,2.035581e+01,2.028582e+01,2.013167e+01,2.030682e+01,2.022979e+01,2.020877e+01,2.013167e+01,2.018775e+01,2.014569e+01,1.994919e+01,1.999835e+01,1.998431e+01,1.998431e+01,1.999133e+01,1.999835e+01,1.983673e+01,1.992811e+01,1.994919e+01,1.992811e+01,1.986485e+01,1.997728e+01,1.991406e+01,2.015971e+01,1.994919e+01,1.995621e+01,1.999835e+01,1.991406e+01,2.002643e+01,2.006854e+01,2.008257e+01,2.001941e+01,1.999133e+01,2.001239e+01,2.002643e+01,2.004749e+01,1.998431e+01,2.000537e+01,2.008959e+01,2.007556e+01,2.005451e+01,2.007556e+01,2.004047e+01,2.007556e+01,2.001941e+01,2.011063e+01,2.016672e+01,2.014569e+01,2.019476e+01,2.009660e+01,2.017373e+01,2.018074e+01,2.024380e+01,2.018775e+01,2.015270e+01,2.028582e+01,2.025781e+01,2.033481e+01,2.028582e+01,2.026481e+01,2.026481e+01,2.026481e+01,2.027881e+01,2.020877e+01,2.025781e+01,2.034181e+01,2.024380e+01,2.031382e+01,2.027181e+01,2.025080e+01,2.028582e+01,2.029982e+01,2.031382e+01,2.029282e+01,2.034881e+01,2.029982e+01,2.038379e+01,2.027881e+01,2.033481e+01,2.041875e+01,2.036980e+01,2.042575e+01,2.037679e+01,2.041176e+01,2.048865e+01,2.038379e+01,2.051660e+01,2.048865e+01,2.045371e+01,2.041176e+01,2.047468e+01,2.052358e+01,2.058643e+01,2.042575e+01,2.041875e+01,2.049564e+01,2.056548e+01,2.046769e+01,2.048865e+01,2.058643e+01,2.049564e+01,2.048865e+01,2.046769e+01,2.055850e+01,2.043973e+01,2.053057e+01,2.054453e+01,2.050262e+01,2.050961e+01,2.052358e+01,2.050961e+01,2.050262e+01,2.055152e+01,2.050262e+01,2.049564e+01,2.057944e+01,2.050262e+01,2.050262e+01,2.050262e+01,2.057246e+01,2.047468e+01,2.060039e+01,2.042575e+01,2.045371e+01,2.046769e+01,2.041176e+01,2.045371e+01,2.038379e+01,2.039778e+01,2.046070e+01,2.032782e+01,2.020177e+01,2.022979e+01,2.023680e+01,2.040477e+01,2.030682e+01,2.026481e+01,2.029282e+01,2.020877e+01,2.029982e+01,2.037679e+01,2.025781e+01,2.029982e+01,2.027881e+01,2.029982e+01,2.033481e+01,2.041875e+01,2.033481e+01,2.034881e+01,2.046070e+01,2.043973e+01,2.047468e+01,2.047468e+01,2.046769e+01,2.050262e+01,2.060039e+01,2.046070e+01,2.050961e+01,2.051660e+01,2.036980e+01,2.055152e+01,2.057246e+01,2.050262e+01,2.052358e+01,2.049564e+01,2.050961e+01,2.034181e+01,2.045371e+01,2.046070e+01,2.048865e+01,2.033481e+01,2.042575e+01,2.028582e+01,2.046070e+01,2.027181e+01,2.027181e+01,2.039078e+01,2.026481e+01,2.041176e+01,2.030682e+01,2.035581e+01,2.036280e+01,2.043973e+01,2.043973e+01,2.045371e+01,2.045371e+01,2.042575e+01,2.046070e+01,2.049564e+01,2.050961e+01,2.051660e+01,2.050961e+01,2.054453e+01,2.052358e+01,2.055850e+01,2.061434e+01,2.062132e+01,2.060039e+01,2.069108e+01,2.054453e+01,2.062132e+01,2.067713e+01,2.068410e+01,2.060039e+01,2.068410e+01,2.062830e+01,2.058643e+01,2.071200e+01,2.071200e+01,2.073291e+01,2.069805e+01,2.064225e+01,2.062132e+01,2.078866e+01,2.061434e+01,2.076079e+01,2.068410e+01,2.065621e+01,2.066318e+01,2.073988e+01,2.062830e+01,2.071200e+01,2.066318e+01,2.066318e+01,2.067016e+01,2.065621e+01,2.073291e+01,2.065621e+01,2.059340e+01,2.055152e+01,2.068410e+01,2.067016e+01,2.062132e+01,2.062132e+01,2.062830e+01,2.083045e+01,2.062830e+01,2.074685e+01,2.068410e+01,2.073988e+01,2.076079e+01,2.066318e+01,2.059340e+01,2.056548e+01,2.069805e+01,2.068410e+01,2.064923e+01,2.057944e+01,2.060736e+01,2.068410e+01,2.064225e+01,2.054453e+01,2.024380e+01,2.016672e+01,2.008257e+01,1.997026e+01,1.971710e+01,1.968189e+01,1.941387e+01,1.937855e+01,1.922300e+01,1.903176e+01,1.890407e+01,1.874777e+01,1.879042e+01,1.874777e+01,1.866242e+01,1.863395e+01,1.871933e+01,1.855562e+01,1.854850e+01,1.851999e+01,1.849149e+01,1.848436e+01,1.844157e+01,1.883306e+01,1.959733e+01,2.014569e+01,2.022979e+01,2.041176e+01,2.034181e+01,2.037679e+01,2.049564e+01,2.048166e+01,2.055152e+01,2.058643e+01,2.080955e+01,2.063528e+01,2.052358e+01,2.053057e+01,2.048865e+01,2.067016e+01,2.067713e+01,2.062830e+01,2.068410e+01,2.066318e+01,2.065621e+01,2.049564e+01,2.065621e+01,2.053755e+01,2.057246e+01,2.060736e+01,2.063528e+01,2.069805e+01,2.069108e+01,2.064923e+01,2.069805e+01,2.058643e+01,2.057246e+01,2.060736e+01,2.056548e+01,2.063528e+01,2.063528e+01,2.062830e+01,2.061434e+01,2.070502e+01,2.068410e+01,2.069805e+01,2.070502e+01,2.071897e+01,2.069805e+01,2.069108e+01,2.068410e+01,2.064225e+01,2.069805e+01,2.071897e+01,2.064225e+01,2.071897e+01,2.065621e+01,2.058643e+01,2.068410e+01,2.068410e+01,2.062830e+01,2.069108e+01,2.076079e+01,2.065621e+01,2.066318e+01,2.055850e+01,2.067713e+01,2.062132e+01,2.069805e+01,2.064923e+01,2.059340e+01,2.052358e+01,2.057246e+01,2.060039e+01,2.062830e+01,2.061434e+01,2.063528e+01,2.062830e+01,2.063528e+01,2.065621e+01,2.064923e+01,2.062830e+01,2.060039e+01,2.062830e+01,2.060736e+01,2.061434e+01,2.061434e+01,2.060039e+01,2.049564e+01,2.057944e+01,2.055152e+01,2.055850e+01,2.055850e+01,2.056548e+01,2.069108e+01,2.064225e+01,2.062132e+01,2.057944e+01,2.060039e+01,2.060736e+01,2.057944e+01,2.058643e+01,2.052358e+01,2.053057e+01,2.060039e+01,2.062132e+01,2.057246e+01,2.056548e+01,2.058643e+01,2.057944e+01,2.056548e+01,2.050262e+01,2.053755e+01,2.055850e+01,2.052358e+01,2.049564e+01,2.052358e+01,2.052358e+01,2.053755e+01,2.055850e+01,2.055152e+01,2.047468e+01,2.044672e+01,2.050961e+01,2.043973e+01,2.046070e+01,2.048865e+01,2.043274e+01,2.044672e+01,2.048166e+01,2.046769e+01,2.038379e+01,2.048166e+01,2.032782e+01,2.032782e+01,2.034881e+01,2.039078e+01,2.055152e+01,2.048166e+01,2.051660e+01,2.046070e+01,2.053057e+01,2.050961e+01,2.046769e+01,2.042575e+01,2.046070e+01,2.045371e+01,2.044672e+01,2.045371e+01,2.044672e+01,2.041176e+01,2.043274e+01,2.036280e+01,2.048865e+01,2.036980e+01,2.043973e+01,2.050961e+01,2.047468e+01,2.041875e+01,2.046769e+01,2.054453e+01,2.052358e+01,2.048865e+01,2.045371e+01,2.046070e+01,2.047468e+01,2.050262e+01,2.041176e+01,2.044672e+01,2.053755e+01,2.052358e+01,2.059340e+01,2.060736e+01,2.059340e+01,2.051660e+01,2.055152e+01,2.057944e+01,2.054453e+01,2.038379e+01,2.043274e+01,2.039078e+01,2.034181e+01,2.037679e+01,2.033481e+01,2.038379e+01,2.027881e+01,2.031382e+01,2.029982e+01,2.032782e+01,2.027881e+01,2.033481e+01,2.036980e+01,2.025781e+01,2.042575e+01,2.048865e+01,2.048166e+01,2.047468e+01,2.045371e+01,2.050961e+01,2.049564e+01,2.053755e+01,2.049564e+01,2.050262e+01,2.048166e+01,2.047468e+01,2.050961e+01,2.042575e+01,2.048166e+01,2.053755e+01,2.052358e+01,2.048865e+01,2.039078e+01,2.038379e+01,2.038379e+01,2.031382e+01,2.041875e+01,2.055152e+01,2.052358e+01,2.042575e+01,2.046070e+01,2.055850e+01,2.048166e+01,2.045371e+01,2.055850e+01,2.044672e+01,2.051660e+01,2.036980e+01,2.048166e+01,2.048166e+01,2.045371e+01,2.060736e+01,2.049564e+01,2.049564e+01,2.053057e+01,2.046769e+01,2.046769e+01,2.042575e+01,2.041176e+01,2.042575e+01,2.043973e+01,2.039778e+01,2.046070e+01,2.044672e+01,2.031382e+01,2.040477e+01,2.044672e+01,2.018775e+01,2.032082e+01,2.028582e+01,2.033481e+01,2.038379e+01,2.036980e+01,2.035581e+01,2.038379e+01,2.051660e+01,2.054453e+01,2.076775e+01,2.062830e+01,2.076079e+01,2.080259e+01,2.083045e+01,2.085830e+01,2.090006e+01,2.092093e+01,2.073988e+01,2.078169e+01,2.073988e+01,2.078866e+01,2.078866e+01,2.080955e+01,2.093485e+01,2.089310e+01,2.075382e+01,2.064923e+01,2.087918e+01,2.074685e+01,2.083045e+01,2.082348e+01,2.092789e+01,2.083741e+01,2.085134e+01,2.082348e+01,2.087918e+01,2.081652e+01,2.093485e+01,2.090006e+01,2.087918e+01,2.084437e+01,2.078169e+01,2.083045e+01,2.074685e+01,2.073988e+01,2.073988e+01,2.075382e+01,2.078866e+01,2.081652e+01,2.083741e+01,2.076775e+01,2.080955e+01,2.082348e+01,2.089310e+01,2.071200e+01,2.089310e+01,2.072594e+01,2.076079e+01,2.076775e+01,2.083045e+01,2.078866e+01,2.087222e+01,2.082348e+01,2.086526e+01,2.083741e+01,2.086526e+01,2.083741e+01,2.085134e+01,2.080955e+01,2.080955e+01,2.082348e+01,2.077472e+01,2.076079e+01,2.071200e+01,2.083741e+01,2.086526e+01,2.092789e+01,2.085134e+01,2.080955e+01,2.085134e+01,2.081652e+01,2.088614e+01,2.080259e+01,2.074685e+01,2.080259e+01,2.084437e+01,2.069108e+01,2.083045e+01,2.084437e+01,2.086526e+01,2.079562e+01,2.081652e+01,2.078169e+01,2.075382e+01,2.027881e+01,1.968189e+01
2.071897e+01,2.087222e+01,2.066318e+01,2.079562e+01,2.072594e+01,2.057246e+01,2.071200e+01,2.076775e+01,2.078169e+01,2.076079e+01,2.059340e+01,2.050961e+01,2.061434e+01,2.061434e+01,2.053755e+01,2.053755e+01,2.044672e+01,2.043973e+01,2.043274e+01,2.043973e+01,2.034881e+01,2.025781e+01,2.037679e+01,2.036980e+01,2.042575e+01,2.042575e+01,2.043274e+01,2.029982e+01,2.018775e+01,2.032082e+01,2.021578e+01,2.018775e+01,2.022278e+01,2.022278e+01,2.012466e+01,2.029982e+01,2.001941e+01,2.000537e+01,1.999835e+01,1.999133e+01,1.994919e+01,1.992811e+01,1.984376e+01,1.988594e+01,1.997026e+01,1.992109e+01,2.007556e+01,1.992811e+01,1.995621e+01,1.997728e+01,1.996324e+01,1.997026e+01,2.006152e+01,2.005451e+01,2.009660e+01,2.006152e+01,2.009660e+01,2.008959e+01,2.008257e+01,2.005451e+01,2.022979e+01,2.005451e+01,2.011063e+01,2.006152e+01,2.005451e+01,2.007556e+01,2.025080e+01,2.010362e+01,2.023680e+01,2.017373e+01,2.029982e+01,2.008959e+01,2.022979e+01,2.025080e+01,2.024380e+01,2.012466e+01,2.020177e+01,2.029982e+01,2.019476e+01,2.025080e+01,2.027181e+01,2.032782e+01,2.027181e+01,2.043274e+01,2.017373e+01,2.034881e+01,2.032782e+01,2.024380e+01,2.032782e+01,2.025781e+01,2.031382e+01,2.025080e+01,2.029982e+01,2.023680e+01,2.041875e+01,2.029982e+01,2.030682e+01,2.027181e+01,2.036980e+01,2.029982e+01,2.032782e+01,2.022278e+01,2.032782e+01,2.034881e+01,2.039078e+01,2.041176e+01,2.037679e+01,2.052358e+01,2.046070e+01,2.044672e+01,2.045371e+01,2.034881e+01,2.048166e+01,2.050961e+01,2.052358e+01,2.055850e+01,2.053755e+01,2.053057e+01,2.057944e+01,2.053755e+01,2.057944e+01,2.051660e+01,2.053057e+01,2.050262e+01,2.046769e+01,2.050262e+01,2.046769e+01,2.049564e+01,2.046070e+01,2.046070e+01,2.046070e+01,2.046070e+01,2.057246e+01,2.058643e+01,2.056548e+01,2.044672e+01,2.048865e+01,2.048166e+01,2.049564e+01,2.048865e+01,2.050262e+01,2.046769e+01,2.049564e+01,2.047468e+01,2.039078e+01,2.055152e+01,2.060736e+01,2.050961e+01,2.055850e+01,2.044672e+01,2.046769e+01,2.045371e+01,2.036980e+01,2.045371e+01,2.034181e+01,2.039078e+01,2.025781e+01,2.024380e+01,2.019476e+01,2.024380e+01,2.032082e+01,2.029282e+01,2.015270e+01,2.029282e+01,2.029982e+01,2.033481e+01,2.038379e+01,2.036280e+01,2.037679e+01,2.041176e+01,2.035581e+01,2.030682e+01,2.041176e+01,2.040477e+01,2.042575e+01,2.041875e+01,2.045371e+01,2.049564e+01,2.048865e+01,2.050961e+01,2.049564e+01,2.046070e+01,2.046070e+01,2.062830e+01,2.043973e+01,2.058643e+01,2.048865e+01,2.052358e+01,2.063528e+01,2.052358e+01,2.051660e+01,2.050961e+01,2.050262e+01,2.048166e+01,2.039778e+01,2.041875e+01,2.033481e+01,2.045371e+01,2.044672e+01,2.036980e+01,2.043274e+01,2.048166e+01,2.030682e+01,2.029282e+01,2.028582e+01,2.030682e+01,2.045371e+01,2.046769e+01,2.036980e+01,2.040477e+01,2.043973e+01,2.043973e+01,2.040477e+01,2.051660e+01,2.053057e+01,2.064225e+01,2.061434e+01,2.064225e+01,2.055850e+01,2.062132e+01,2.062830e+01,2.058643e+01,2.055850e+01,2.055152e+01,2.056548e+01,2.061434e+01,2.070502e+01,2.076775e+01,2.066318e+01,2.060039e+01,2.066318e+01,2.064225e+01,2.068410e+01,2.065621e+01,2.062830e+01,2.059340e+01,2.064225e+01,2.063528e+01,2.062830e+01,2.062830e+01,2.065621e+01,2.073291e+01,2.066318e+01,2.069108e+01,2.068410e+01,2.071200e+01,2.067713e+01,2.064225e+01,2.067016e+01,2.062830e+01,2.071897e+01,2.073988e+01,2.059340e+01,2.071897e+01,2.069108e+01,2.070502e+01,2.071200e+01,2.063528e+01,2.060736e+01,2.074685e+01,2.072594e+01,2.079562e+01,2.074685e+01,2.073988e+01,2.067713e+01,2.063528e+01,2.080955e+01,2.065621e+01,2.070502e+01,2.074685e+01,2.072594e+01,2.067713e+01,2.067016e+01,2.062830e+01,2.061434e+01,2.058643e+01,2.057246e+01,2.037679e+01,2.039078e+01,2.001941e+01,2.004749e+01,1.971006e+01,1.971006e+01,1.959733e+01,1.926545e+01,1.926545e+01,1.910264e+01,1.894665e+01,1.892536e+01,1.877621e+01,1.882595e+01,1.873355e+01,1.862683e+01,1.869088e+01,1.866953e+01,1.858411e+01,1.866242e+01,1.852712e+01,1.854137e+01,1.860547e+01,1.909555e+01,1.978045e+01,2.021578e+01,2.022979e+01,2.027881e+01,2.039778e+01,2.043973e+01,2.049564e+01,2.062830e+01,2.055850e+01,2.055152e+01,2.064225e+01,2.060736e+01,2.059340e+01,2.063528e+01,2.062132e+01,2.060039e+01,2.053755e+01,2.062132e+01,2.063528e+01,2.071897e+01,2.066318e+01,2.066318e+01,2.064923e+01,2.065621e+01,2.069108e+01,2.076079e+01,2.071200e+01,2.071897e+01,2.071200e+01,2.070502e+01,2.062830e+01,2.063528e+01,2.059340e+01,2.066318e+01,2.056548e+01,2.074685e+01,2.073291e+01,2.070502e+01,2.072594e+01,2.074685e+01,2.070502e+01,2.069805e+01,2.069108e+01,2.072594e+01,2.071200e+01,2.064225e+01,2.067016e+01,2.070502e+01,2.069805e+01,2.066318e+01,2.067713e+01,2.071200e+01,2.064923e+01,2.068410e+01,2.066318e+01,2.075382e+01,2.075382e+01,2.073291e+01,2.069805e+01,2.062830e+01,2.064923e+01,2.061434e+01,2.072594e+01,2.060736e+01,2.062830e+01,2.067713e+01,2.060039e+01,2.057246e+01,2.067713e+01,2.064923e+01,2.058643e+01,2.068410e+01,2.067016e+01,2.062132e+01,2.064923e+01,2.080955e+01,2.071200e+01,2.062132e+01,2.062132e+01,2.061434e+01,2.060736e+01,2.060039e+01,2.063528e+01,2.066318e+01,2.059340e+01,2.060039e+01,2.060736e+01,2.057246e+01,2.067713e+01,2.066318e+01,2.063528e+01,2.067713e+01,2.064225e+01,2.059340e+01,2.060736e+01,2.069108e+01,2.067016e+01,2.056548e+01,2.060039e+01,2.057944e+01,2.065621e+01,2.092093e+01,2.062132e+01,2.060736e+01,2.057246e+01,2.060736e+01,2.064225e+01,2.054453e+01,2.050262e+01,2.050961e+01,2.071897e+01,2.062830e+01,2.052358e+01,2.055152e+01,2.056548e+01,2.055152e+01,2.053755e+01,2.060736e+01,2.048166e+01,2.053057e+01,2.056548e+01,2.051660e+01,2.044672e+01,2.052358e+01,2.048865e+01,2.044672e+01,2.048865e+01,2.047468e+01,2.045371e+01,2.045371e+01,2.035581e+01,2.037679e+01,2.046070e+01,2.050262e+01,2.058643e+01,2.055152e+01,2.057246e+01,2.055850e+01,2.050262e+01,2.052358e+01,2.050961e+01,2.057246e+01,2.050262e+01,2.048865e+01,2.053057e+01,2.051660e+01,2.048865e+01,2.053755e+01,2.043274e+01,2.041176e+01,2.038379e+01,2.048166e+01,2.042575e+01,2.045371e+01,2.045371e+01,2.050262e+01,2.050961e+01,2.051660e+01,2.041176e+01,2.050262e+01,2.050961e+01,2.044672e+01,2.043274e+01,2.056548e+01,2.050262e+01,2.049564e+01,2.055850e+01,2.055850e+01,2.060736e+01,2.055850e+01,2.061434e+01,2.058643e+01,2.053755e+01,2.053755e+01,2.052358e+01,2.047468e+01,2.048166e+01,2.039078e+01,2.033481e+01,2.039778e+01,2.053057e+01,2.029282e+01,2.029982e+01,2.036280e+01,2.031382e+01,2.042575e+01,2.041176e+01,2.041875e+01,2.045371e+01,2.043973e+01,2.057246e+01,2.055152e+01,2.056548e+01,2.060736e+01,2.060039e+01,2.053755e+01,2.049564e+01,2.050961e+01,2.055850e+01,2.048865e+01,2.048166e+01,2.050262e+01,2.043973e+01,2.046070e+01,2.055152e+01,2.033481e+01,2.047468e+01,2.046769e+01,2.036980e+01,2.036280e+01,2.043274e+01,2.050262e+01,2.046769e+01,2.041875e+01,2.048166e+01,2.049564e+01,2.057246e+01,2.045371e+01,2.053755e+01,2.043973e+01,2.053755e+01,2.041875e+01,2.061434e+01,2.050262e+01,2.048166e+01,2.046769e+01,2.043973e+01,2.043973e+01,2.049564e+01,2.047468e+01,2.048166e+01,2.048865e+01,2.041176e+01,2.036280e+01,2.043973e+01,2.036280e+01,2.030682e+01,2.029282e+01,2.031382e+01,2.039078e+01,2.041176e+01,2.038379e+01,2.041176e+01,2.041875e+01,2.025080e+01,2.039778e+01,2.023680e+01,2.027881e+01,2.043274e+01,2.053057e+01,2.034181e+01,2.032082e+01,2.060736e+01,2.078866e+01,2.078169e+01,2.078169e+01,2.080955e+01,2.087918e+01,2.092789e+01,2.095572e+01,2.091398e+01,2.090006e+01,2.083741e+01,2.087918e+01,2.080259e+01,2.087918e+01,2.080955e+01,2.093485e+01,2.093485e+01,2.096962e+01,2.085134e+01,2.078866e+01,2.085134e+01,2.092789e+01,2.086526e+01,2.083741e+01,2.087918e+01,2.085134e+01,2.086526e+01,2.086526e+01,2.085134e+01,2.079562e+01,2.078866e+01,2.089310e+01,2.090702e+01,2.088614e+01,2.083045e+01,2.083741e+01,2.090702e+01,2.074685e+01,2.090006e+01,2.080955e+01,2.090702e+01,2.095572e+01,2.087222e+01,2.083045e+01,2.087222e+01,2.089310e+01,2.089310e+01,2.081652e+01,2.078866e+01,2.070502e+01,2.087222e+01,2.071200e+01,2.089310e+01,2.086526e+01,2.086526e+01,2.089310e+01,2.083045e+01,2.085830e+01,2.084437e+01,2.086526e+01,2.083741e+01,2.077472e+01,2.083045e+01,2.083045e+01,2.094876e+01,2.085134e+01,2.090702e+01,2.086526e+01,2.085830e+01,2.080259e+01,2.083045e+01,2.100439e+01,2.099048e+01,2.073988e+01,2.074685e+01,2.083741e+01,2.083045e+01,2.073988e+01,2.084437e+01,2.112250e+01,2.091398e+01,2.091398e+01,2.083045e+01,2.088614e+01,2.081652e+01,2.011764e+01,1.964666e+01
2.073291e+01,2.087222e+01,2.080259e+01,2.077472e+01,2.073291e+01,2.075382e+01,2.081652e+01,2.081652e+01,2.069805e+01,2.064225e+01,2.050262e+01,2.043973e+01,2.049564e+01,2.047468e+01,2.048865e+01,2.052358e+01,2.043973e+01,2.042575e+01,2.043973e+01,2.044672e+01,2.053057e+01,2.036280e+01,2.036980e+01,2.027181e+01,2.035581e+01,2.046070e+01,2.028582e+01,2.025781e+01,2.030682e+01,2.030682e+01,2.025080e+01,2.020877e+01,2.020177e+01,2.015971e+01,2.015971e+01,2.011063e+01,2.000537e+01,2.008257e+01,1.999835e+01,2.002643e+01,2.002643e+01,1.994216e+01,1.986485e+01,1.994216e+01,1.991406e+01,1.994216e+01,1.990703e+01,1.994216e+01,2.011764e+01,1.993514e+01,2.006152e+01,1.993514e+01,2.009660e+01,2.003345e+01,1.992109e+01,1.997026e+01,2.000537e+01,2.008257e+01,2.013868e+01,2.012466e+01,2.014569e+01,2.021578e+01,2.011063e+01,2.018775e+01,2.011764e+01,2.020877e+01,2.009660e+01,2.015270e+01,2.017373e+01,2.018775e+01,2.018074e+01,2.021578e+01,2.022278e+01,2.013167e+01,2.027181e+01,2.011063e+01,2.025781e+01,2.015971e+01,2.020877e+01,2.021578e+01,2.034881e+01,2.032082e+01,2.029282e+01,2.020177e+01,2.027181e+01,2.027181e+01,2.036280e+01,2.030682e+01,2.024380e+01,2.022278e+01,2.036280e+01,2.034881e+01,2.024380e+01,2.029282e+01,2.029282e+01,2.029982e+01,2.034181e+01,2.028582e+01,2.038379e+01,2.032082e+01,2.036280e+01,2.034181e+01,2.030682e+01,2.040477e+01,2.043973e+01,2.039078e+01,2.040477e+01,2.043274e+01,2.040477e+01,2.057944e+01,2.053057e+01,2.048865e+01,2.051660e+01,2.053755e+01,2.056548e+01,2.053755e+01,2.062132e+01,2.061434e+01,2.061434e+01,2.052358e+01,2.057246e+01,2.049564e+01,2.049564e+01,2.051660e+01,2.048166e+01,2.050262e+01,2.052358e+01,2.046769e+01,2.056548e+01,2.041176e+01,2.052358e+01,2.050262e+01,2.046769e+01,2.056548e+01,2.057944e+01,2.046070e+01,2.051660e+01,2.052358e+01,2.050262e+01,2.060736e+01,2.047468e+01,2.051660e+01,2.051660e+01,2.053755e+01,2.057944e+01,2.056548e+01,2.037679e+01,2.042575e+01,2.053057e+01,2.044672e+01,2.049564e+01,2.039778e+01,2.039778e+01,2.048166e+01,2.046070e+01,2.039078e+01,2.029282e+01,2.041176e+01,2.028582e+01,2.030682e+01,2.027181e+01,2.022278e+01,2.022979e+01,2.027881e+01,2.031382e+01,2.034881e+01,2.032782e+01,2.039078e+01,2.040477e+01,2.028582e+01,2.041176e+01,2.040477e+01,2.039078e+01,2.045371e+01,2.040477e+01,2.046070e+01,2.048865e+01,2.046070e+01,2.046070e+01,2.046070e+01,2.048865e+01,2.056548e+01,2.050262e+01,2.056548e+01,2.057246e+01,2.060039e+01,2.061434e+01,2.054453e+01,2.058643e+01,2.052358e+01,2.039778e+01,2.050961e+01,2.055850e+01,2.052358e+01,2.042575e+01,2.042575e+01,2.043973e+01,2.035581e+01,2.044672e+01,2.045371e+01,2.047468e+01,2.030682e+01,2.036280e+01,2.038379e+01,2.049564e+01,2.042575e+01,2.034181e+01,2.050961e+01,2.039778e+01,2.035581e+01,2.048166e+01,2.045371e+01,2.053057e+01,2.051660e+01,2.053057e+01,2.053057e+01,2.069108e+01,2.061434e+01,2.060736e+01,2.064225e+01,2.059340e+01,2.055850e+01,2.064225e+01,2.072594e+01,2.059340e+01,2.062830e+01,2.062132e+01,2.069108e+01,2.060039e+01,2.071897e+01,2.066318e+01,2.071200e+01,2.071200e+01,2.069805e+01,2.068410e+01,2.063528e+01,2.080955e+01,2.072594e+01,2.067713e+01,2.064923e+01,2.066318e+01,2.074685e+01,2.064225e+01,2.064225e+01,2.068410e+01,2.067016e+01,2.066318e+01,2.066318e+01,2.071897e+01,2.067016e+01,2.073988e+01,2.072594e+01,2.071200e+01,2.072594e+01,2.070502e+01,2.065621e+01,2.073291e+01,2.067713e+01,2.062830e+01,2.071897e+01,2.078866e+01,2.085134e+01,2.068410e+01,2.064923e+01,2.069108e+01,2.063528e+01,2.060736e+01,2.067713e+01,2.070502e+01,2.076079e+01,2.075382e+01,2.069805e+01,2.069805e+01,2.058643e+01,2.058643e+01,2.055152e+01,2.049564e+01,2.048865e+01,2.005451e+01,2.001941e+01,1.999133e+01,1.987189e+01,1.964666e+01,1.934322e+01,1.923715e+01,1.904594e+01,1.905303e+01,1.886147e+01,1.879042e+01,1.881885e+01,1.871933e+01,1.874066e+01,1.871222e+01,1.869799e+01,1.864819e+01,1.853425e+01,1.852712e+01,1.856274e+01,1.859123e+01,1.881885e+01,1.954797e+01,2.000537e+01,2.029982e+01,2.027181e+01,2.034881e+01,2.042575e+01,2.050961e+01,2.043973e+01,2.052358e+01,2.049564e+01,2.050262e+01,2.063528e+01,2.062132e+01,2.058643e+01,2.063528e+01,2.056548e+01,2.055850e+01,2.060736e+01,2.067016e+01,2.078169e+01,2.062132e+01,2.063528e+01,2.060736e+01,2.067016e+01,2.071200e+01,2.069805e+01,2.076079e+01,2.070502e+01,2.072594e+01,2.062830e+01,2.072594e+01,2.068410e+01,2.063528e+01,2.066318e+01,2.067016e+01,2.070502e+01,2.065621e+01,2.066318e+01,2.067016e+01,2.069108e+01,2.068410e+01,2.070502e+01,2.064225e+01,2.072594e+01,2.078169e+01,2.069108e+01,2.070502e+01,2.087222e+01,2.062830e+01,2.073291e+01,2.070502e+01,2.081652e+01,2.064923e+01,2.062830e+01,2.067713e+01,2.062830e+01,2.071200e+01,2.067016e+01,2.080259e+01,2.064923e+01,2.069108e+01,2.067713e+01,2.067016e+01,2.069108e+01,2.067016e+01,2.060039e+01,2.062132e+01,2.063528e+01,2.062132e+01,2.064225e+01,2.069108e+01,2.064225e+01,2.067713e+01,2.072594e+01,2.067713e+01,2.066318e+01,2.070502e+01,2.053755e+01,2.063528e+01,2.062132e+01,2.070502e+01,2.063528e+01,2.064225e+01,2.064923e+01,2.056548e+01,2.062830e+01,2.062132e+01,2.063528e+01,2.059340e+01,2.060736e+01,2.062132e+01,2.069805e+01,2.074685e+01,2.067713e+01,2.061434e+01,2.058643e+01,2.061434e+01,2.061434e+01,2.057944e+01,2.054453e+01,2.066318e+01,2.054453e+01,2.057944e+01,2.061434e+01,2.064225e+01,2.065621e+01,2.060039e+01,2.055850e+01,2.057246e+01,2.064923e+01,2.053755e+01,2.053755e+01,2.048166e+01,2.058643e+01,2.056548e+01,2.064923e+01,2.056548e+01,2.052358e+01,2.073291e+01,2.057246e+01,2.058643e+01,2.059340e+01,2.054453e+01,2.053755e+01,2.055152e+01,2.055152e+01,2.046769e+01,2.050961e+01,2.046769e+01,2.047468e+01,2.050262e+01,2.046070e+01,2.043973e+01,2.047468e+01,2.059340e+01,2.051660e+01,2.055152e+01,2.054453e+01,2.053057e+01,2.048865e+01,2.038379e+01,2.050961e+01,2.055850e+01,2.056548e+01,2.055152e+01,2.046070e+01,2.055850e+01,2.043274e+01,2.050961e+01,2.040477e+01,2.050262e+01,2.046070e+01,2.043274e+01,2.047468e+01,2.048865e+01,2.046070e+01,2.045371e+01,2.050262e+01,2.054453e+01,2.049564e+01,2.060736e+01,2.048865e+01,2.048166e+01,2.045371e+01,2.055850e+01,2.042575e+01,2.057246e+01,2.050961e+01,2.063528e+01,2.069108e+01,2.061434e+01,2.060736e+01,2.059340e+01,2.055152e+01,2.053057e+01,2.048865e+01,2.041176e+01,2.048166e+01,2.051660e+01,2.040477e+01,2.043973e+01,2.035581e+01,2.043274e+01,2.034881e+01,2.039778e+01,2.039778e+01,2.029282e+01,2.027881e+01,2.028582e+01,2.041176e+01,2.039078e+01,2.044672e+01,2.049564e+01,2.056548e+01,2.046769e+01,2.052358e+01,2.053755e+01,2.045371e+01,2.059340e+01,2.057246e+01,2.053755e+01,2.045371e+01,2.049564e+01,2.056548e+01,2.057246e+01,2.051660e+01,2.051660e+01,2.046070e+01,2.042575e+01,2.045371e+01,2.037679e+01,2.042575e+01,2.043973e+01,2.051660e+01,2.056548e+01,2.048166e+01,2.044672e+01,2.057246e+01,2.056548e+01,2.059340e+01,2.053755e+01,2.063528e+01,2.058643e+01,2.053057e+01,2.052358e+01,2.047468e+01,2.044672e+01,2.047468e+01,2.041875e+01,2.046769e+01,2.050961e+01,2.041176e+01,2.039078e+01,2.039778e+01,2.053755e+01,2.057944e+01,2.043973e+01,2.036980e+01,2.032782e+01,2.032782e+01,2.042575e+01,2.034181e+01,2.033481e+01,2.042575e+01,2.043973e+01,2.034181e+01,2.039078e+01,2.019476e+01,2.036980e+01,2.036980e+01,2.039078e+01,2.042575e+01,2.052358e+01,2.061434e+01,2.073988e+01,2.079562e+01,2.078169e+01,2.111555e+01,2.087918e+01,2.076775e+01,2.088614e+01,2.091398e+01,2.085830e+01,2.092093e+01,2.085134e+01,2.090006e+01,2.087222e+01,2.090006e+01,2.085830e+01,2.079562e+01,2.081652e+01,2.085134e+01,2.083741e+01,2.096267e+01,2.090006e+01,2.092093e+01,2.083741e+01,2.086526e+01,2.103914e+01,2.086526e+01,2.084437e+01,2.081652e+01,2.085830e+01,2.080955e+01,2.084437e+01,2.090006e+01,2.088614e+01,2.078866e+01,2.077472e+01,2.095572e+01,2.080259e+01,2.087222e+01,2.090006e+01,2.084437e+01,2.087222e+01,2.075382e+01,2.087918e+01,2.078169e+01,2.077472e+01,2.087918e+01,2.076079e+01,2.071200e+01,2.080955e+01,2.086526e+01,2.084437e+01,2.078169e+01,2.078866e+01,2.094180e+01,2.090702e+01,2.080955e+01,2.080955e+01,2.083045e+01,2.081652e+01,2.084437e+01,2.078169e+01,2.082348e+01,2.083045e+01,2.094876e+01,2.084437e+01,2.090006e+01,2.087918e+01,2.085134e+01,2.086526e+01,2.092093e+01,2.085134e+01,2.089310e+01,2.089310e+01,2.078169e+01,2.083741e+01,2.097658e+01,2.072594e+01,2.078169e+01,2.081652e+01,2.084437e+01,2.085830e+01,2.089310e+01,2.076775e+01,2.056548e+01,1.997728e+01,1.961847e+01
2.075382e+01,2.078169e+01,2.075382e+01,2.080259e+01,2.080955e+01,2.076775e+01,2.074685e+01,2.067016e+01,2.064923e+01,2.050961e+01,2.055850e+01,2.055850e+01,2.045371e+01,2.050262e+01,2.050262e+01,2.054453e+01,2.050961e+01,2.039078e+01,2.048865e+01,2.043274e+01,2.039078e+01,2.041176e+01,2.039078e+01,2.036980e+01,2.033481e+01,2.027181e+01,2.014569e+01,2.025781e+01,2.027881e+01,2.028582e+01,2.032082e+01,2.017373e+01,2.017373e+01,2.020877e+01,2.015270e+01,2.012466e+01,2.004749e+01,2.003345e+01,2.002643e+01,1.999133e+01,1.992811e+01,2.001239e+01,1.994216e+01,1.993514e+01,1.991406e+01,1.998431e+01,1.995621e+01,1.997728e+01,1.999133e+01,1.997026e+01,1.991406e+01,1.997728e+01,1.993514e+01,2.010362e+01,2.009660e+01,1.997026e+01,2.015270e+01,2.018074e+01,2.010362e+01,2.003345e+01,2.004047e+01,2.019476e+01,2.006854e+01,2.015270e+01,2.018074e+01,2.017373e+01,2.015971e+01,2.018775e+01,2.022979e+01,2.006854e+01,2.023680e+01,2.012466e+01,2.011764e+01,2.017373e+01,2.012466e+01,2.027181e+01,2.023680e+01,2.021578e+01,2.032082e+01,2.020177e+01,2.021578e+01,2.027881e+01,2.025781e+01,2.034881e+01,2.025080e+01,2.022979e+01,2.025080e+01,2.028582e+01,2.025080e+01,2.020877e+01,2.023680e+01,2.034181e+01,2.039078e+01,2.030682e+01,2.023680e+01,2.033481e+01,2.033481e+01,2.035581e+01,2.036280e+01,2.033481e+01,2.041176e+01,2.043274e+01,2.042575e+01,2.042575e+01,2.046070e+01,2.041176e+01,2.047468e+01,2.040477e+01,2.038379e+01,2.056548e+01,2.050262e+01,2.043973e+01,2.048865e+01,2.054453e+01,2.047468e+01,2.048865e+01,2.054453e+01,2.049564e+01,2.053057e+01,2.043274e+01,2.044672e+01,2.048166e+01,2.049564e+01,2.048166e+01,2.050961e+01,2.048865e+01,2.036280e+01,2.036980e+01,2.040477e+01,2.043274e+01,2.040477e+01,2.053057e+01,2.055152e+01,2.056548e+01,2.055850e+01,2.048166e+01,2.046070e+01,2.053057e+01,2.047468e+01,2.053755e+01,2.057246e+01,2.064225e+01,2.048865e+01,2.043973e+01,2.043973e+01,2.040477e+01,2.054453e+01,2.043274e+01,2.033481e+01,2.035581e+01,2.032082e+01,2.042575e+01,2.046070e+01,2.039078e+01,2.028582e+01,2.039078e+01,2.031382e+01,2.032082e+01,2.022979e+01,2.022278e+01,2.019476e+01,2.022278e+01,2.020177e+01,2.018074e+01,2.029282e+01,2.029982e+01,2.043274e+01,2.028582e+01,2.036280e+01,2.041176e+01,2.038379e+01,2.039078e+01,2.043274e+01,2.038379e+01,2.037679e+01,2.042575e+01,2.053755e+01,2.043973e+01,2.050262e+01,2.044672e+01,2.056548e+01,2.043973e+01,2.053755e+01,2.062830e+01,2.053755e+01,2.059340e+01,2.055152e+01,2.061434e+01,2.053057e+01,2.056548e+01,2.050961e+01,2.051660e+01,2.052358e+01,2.053057e+01,2.050262e+01,2.045371e+01,2.043973e+01,2.044672e+01,2.045371e+01,2.043973e+01,2.034181e+01,2.044672e+01,2.038379e+01,2.034881e+01,2.055850e+01,2.039078e+01,2.036280e+01,2.042575e+01,2.034881e+01,2.050961e+01,2.046070e+01,2.050262e+01,2.051660e+01,2.048865e+01,2.046070e+01,2.047468e+01,2.060039e+01,2.062830e+01,2.055850e+01,2.062830e+01,2.062132e+01,2.062830e+01,2.065621e+01,2.065621e+01,2.065621e+01,2.063528e+01,2.071897e+01,2.064923e+01,2.062132e+01,2.063528e+01,2.065621e+01,2.060736e+01,2.065621e+01,2.060039e+01,2.065621e+01,2.064225e+01,2.067016e+01,2.062132e+01,2.064923e+01,2.063528e+01,2.063528e+01,2.071200e+01,2.075382e+01,2.064923e+01,2.071200e+01,2.062830e+01,2.063528e+01,2.064225e+01,2.064923e+01,2.064923e+01,2.063528e+01,2.071897e+01,2.071200e+01,2.071200e+01,2.071897e+01,2.069805e+01,2.069805e+01,2.073988e+01,2.062132e+01,2.070502e+01,2.074685e+01,2.069108e+01,2.080955e+01,2.078169e+01,2.076775e+01,2.069805e+01,2.073291e+01,2.092093e+01,2.068410e+01,2.069805e+01,2.073988e+01,2.068410e+01,2.064923e+01,2.064225e+01,2.064923e+01,2.057944e+01,2.022979e+01,2.022979e+01,2.020877e+01,1.997728e+01,1.983673e+01,1.973822e+01,1.961143e+01,1.933615e+01,1.922300e+01,1.901049e+01,1.901758e+01,1.896794e+01,1.881174e+01,1.876199e+01,1.873355e+01,1.872644e+01,1.870510e+01,1.867665e+01,1.856987e+01,1.854137e+01,1.856274e+01,1.855562e+01,1.861971e+01,1.912389e+01,1.974526e+01,2.018074e+01,2.025781e+01,2.023680e+01,2.038379e+01,2.027181e+01,2.044672e+01,2.044672e+01,2.048166e+01,2.050262e+01,2.062830e+01,2.059340e+01,2.063528e+01,2.059340e+01,2.064225e+01,2.067713e+01,2.069108e+01,2.067713e+01,2.057246e+01,2.055152e+01,2.064923e+01,2.056548e+01,2.067016e+01,2.068410e+01,2.062830e+01,2.073291e+01,2.073291e+01,2.069805e+01,2.071200e+01,2.069108e+01,2.071897e+01,2.069108e+01,2.076079e+01,2.065621e+01,2.069805e+01,2.069805e+01,2.071200e+01,2.075382e+01,2.067713e+01,2.073291e+01,2.069108e+01,2.072594e+01,2.071897e+01,2.071897e+01,2.076775e+01,2.076775e+01,2.070502e+01,2.062830e+01,2.069108e+01,2.061434e+01,2.066318e+01,2.069805e+01,2.056548e+01,2.064923e+01,2.070502e+01,2.061434e+01,2.060736e+01,2.059340e+01,2.054453e+01,2.081652e+01,2.066318e+01,2.071200e+01,2.067713e+01,2.075382e+01,2.062830e+01,2.069805e+01,2.064923e+01,2.068410e+01,2.067713e+01,2.062830e+01,2.069805e+01,2.062132e+01,2.063528e+01,2.057944e+01,2.067016e+01,2.062830e+01,2.064923e+01,2.070502e+01,2.070502e+01,2.062132e+01,2.062132e+01,2.065621e+01,2.060039e+01,2.062132e+01,2.060736e+01,2.062830e+01,2.059340e+01,2.057944e+01,2.059340e+01,2.067713e+01,2.062830e+01,2.060039e+01,2.059340e+01,2.062830e+01,2.064225e+01,2.058643e+01,2.053057e+01,2.059340e+01,2.054453e+01,2.059340e+01,2.056548e+01,2.053057e+01,2.053755e+01,2.057246e+01,2.059340e+01,2.063528e+01,2.062132e+01,2.060039e+01,2.050961e+01,2.056548e+01,2.053755e+01,2.055850e+01,2.056548e+01,2.053057e+01,2.059340e+01,2.060736e+01,2.053057e+01,2.053755e+01,2.062830e+01,2.050262e+01,2.050262e+01,2.069108e+01,2.049564e+01,2.050961e+01,2.051660e+01,2.055850e+01,2.048865e+01,2.047468e+01,2.044672e+01,2.047468e+01,2.049564e+01,2.061434e+01,2.049564e+01,2.062830e+01,2.060736e+01,2.069108e+01,2.056548e+01,2.050961e+01,2.048865e+01,2.045371e+01,2.048865e+01,2.040477e+01,2.041176e+01,2.052358e+01,2.047468e+01,2.048865e+01,2.050262e+01,2.050262e+01,2.043274e+01,2.056548e+01,2.053057e+01,2.055152e+01,2.043274e+01,2.052358e+01,2.047468e+01,2.042575e+01,2.046070e+01,2.052358e+01,2.056548e+01,2.045371e+01,2.062132e+01,2.046769e+01,2.051660e+01,2.055850e+01,2.045371e+01,2.051660e+01,2.054453e+01,2.062830e+01,2.062830e+01,2.067713e+01,2.057246e+01,2.058643e+01,2.053755e+01,2.051660e+01,2.050961e+01,2.048865e+01,2.047468e+01,2.049564e+01,2.046070e+01,2.039078e+01,2.035581e+01,2.035581e+01,2.037679e+01,2.030682e+01,2.029982e+01,2.036980e+01,2.025080e+01,2.041176e+01,2.033481e+01,2.044672e+01,2.041875e+01,2.041176e+01,2.037679e+01,2.050961e+01,2.043973e+01,2.057944e+01,2.057944e+01,2.053057e+01,2.053755e+01,2.050961e+01,2.055850e+01,2.056548e+01,2.043973e+01,2.056548e+01,2.043274e+01,2.043973e+01,2.055152e+01,2.044672e+01,2.043274e+01,2.036280e+01,2.030682e+01,2.046769e+01,2.043274e+01,2.042575e+01,2.041176e+01,2.053755e+01,2.049564e+01,2.053755e+01,2.071200e+01,2.041875e+01,2.052358e+01,2.038379e+01,2.039078e+01,2.053755e+01,2.034881e+01,2.049564e+01,2.050262e+01,2.046769e+01,2.044672e+01,2.048166e+01,2.054453e+01,2.036980e+01,2.039778e+01,2.039778e+01,2.034181e+01,2.046769e+01,2.041176e+01,2.045371e+01,2.046070e+01,2.046769e+01,2.044672e+01,2.045371e+01,2.050961e+01,2.047468e+01,2.033481e+01,2.016672e+01,2.025080e+01,2.026481e+01,2.025781e+01,2.034181e+01,2.025781e+01,2.025781e+01,2.029982e+01,2.042575e+01,2.068410e+01,2.089310e+01,2.084437e+01,2.079562e+01,2.086526e+01,2.087918e+01,2.088614e+01,2.088614e+01,2.091398e+01,2.077472e+01,2.083045e+01,2.080259e+01,2.088614e+01,2.082348e+01,2.087222e+01,2.080259e+01,2.086526e+01,2.092789e+01,2.093485e+01,2.082348e+01,2.084437e+01,2.087222e+01,2.089310e+01,2.089310e+01,2.085134e+01,2.085134e+01,2.083045e+01,2.083741e+01,2.081652e+01,2.091398e+01,2.078169e+01,2.080955e+01,2.078866e+01,2.090702e+01,2.074685e+01,2.087918e+01,2.083045e+01,2.083741e+01,2.084437e+01,2.079562e+01,2.087918e+01,2.087222e+01,2.090006e+01,2.085830e+01,2.077472e+01,2.084437e+01,2.085830e+01,2.086526e+01,2.086526e+01,2.088614e+01,2.080259e+01,2.091398e+01,2.076079e+01,2.078866e+01,2.091398e+01,2.085134e+01,2.084437e+01,2.082348e+01,2.075382e+01,2.076079e+01,2.077472e+01,2.091398e+01,2.071200e+01,2.094180e+01,2.085134e+01,2.089310e+01,2.087222e+01,2.079562e+01,2.085134e+01,2.092789e+01,2.076775e+01,2.072594e+01,2.093485e+01,2.085830e+01,2.089310e+01,2.069805e+01,2.075382e+01,2.081652e+01,2.076079e+01,2.079562e+01,2.087918e+01,2.070502e+01,2.071897e+01,2.051660e+01,1.999835e+01,1.959028e+01
2.076775e+01,2.067713e+01,2.078169e+01,2.076079e+01,2.085134e+01,2.076079e+01,2.073988e+01,2.073988e+01,2.051660e+01,2.069108e+01,2.056548e+01,2.056548e+01,2.051660e+01,2.052358e+01,2.049564e+01,2.055152e+01,2.046769e+01,2.036280e+01,2.036280e+01,2.043274e+01,2.042575e+01,2.038379e+01,2.032782e+01,2.032082e+01,2.029982e+01,2.029282e+01,2.014569e+01,2.026481e+01,2.029982e+01,2.025080e+01,2.010362e+01,2.014569e+01,2.014569e+01,2.011764e+01,2.009660e+01,2.015270e+01,2.007556e+01,2.000537e+01,2.007556e+01,1.990703e+01,1.981563e+01,1.993514e+01,1.991406e+01,1.987189e+01,1.990703e+01,1.992811e+01,1.992811e+01,1.991406e+01,1.997026e+01,1.990703e+01,1.990000e+01,2.008959e+01,2.004047e+01,1.999835e+01,2.000537e+01,1.994216e+01,2.004047e+01,1.998431e+01,2.005451e+01,2.011063e+01,2.020177e+01,2.008257e+01,2.011764e+01,2.010362e+01,2.017373e+01,2.001239e+01,2.007556e+01,2.002643e+01,2.009660e+01,2.003345e+01,2.015270e+01,2.013167e+01,2.014569e+01,2.011764e+01,2.020877e+01,2.015971e+01,2.016672e+01,2.015971e+01,2.018074e+01,2.024380e+01,2.022278e+01,2.021578e+01,2.021578e+01,2.028582e+01,2.018775e+01,2.023680e+01,2.022278e+01,2.019476e+01,2.031382e+01,2.032082e+01,2.043274e+01,2.017373e+01,2.029282e+01,2.023680e+01,2.029282e+01,2.029282e+01,2.030682e+01,2.018074e+01,2.032082e+01,2.032782e+01,2.044672e+01,2.027881e+01,2.036980e+01,2.032782e+01,2.038379e+01,2.043274e+01,2.046070e+01,2.043973e+01,2.055152e+01,2.055152e+01,2.059340e+01,2.039778e+01,2.053057e+01,2.052358e+01,2.053057e+01,2.052358e+01,2.050262e+01,2.057246e+01,2.048865e+01,2.055152e+01,2.050961e+01,2.048166e+01,2.050961e+01,2.047468e+01,2.047468e+01,2.031382e+01,2.043973e+01,2.045371e+01,2.041875e+01,2.040477e+01,2.042575e+01,2.053755e+01,2.054453e+01,2.039778e+01,2.046070e+01,2.044672e+01,2.053755e+01,2.051660e+01,2.043274e+01,2.055850e+01,2.056548e+01,2.051660e+01,2.052358e+01,2.056548e+01,2.050262e+01,2.039078e+01,2.036980e+01,2.037679e+01,2.039778e+01,2.039778e+01,2.037679e+01,2.032082e+01,2.027181e+01,2.025781e+01,2.045371e+01,2.028582e+01,2.034881e+01,2.030682e+01,2.029282e+01,2.031382e+01,2.018775e+01,2.025080e+01,2.019476e+01,2.021578e+01,2.013868e+01,2.029282e+01,2.044672e+01,2.029282e+01,2.025781e+01,2.039778e+01,2.026481e+01,2.029282e+01,2.041176e+01,2.040477e+01,2.036280e+01,2.042575e+01,2.053755e+01,2.044672e+01,2.047468e+01,2.046070e+01,2.053057e+01,2.046070e+01,2.046070e+01,2.053057e+01,2.061434e+01,2.062132e+01,2.059340e+01,2.059340e+01,2.058643e+01,2.048865e+01,2.052358e+01,2.060039e+01,2.045371e+01,2.042575e+01,2.058643e+01,2.047468e+01,2.043274e+01,2.042575e+01,2.044672e+01,2.028582e+01,2.044672e+01,2.036280e+01,2.026481e+01,2.027181e+01,2.039778e+01,2.050262e+01,2.039078e+01,2.039778e+01,2.047468e+01,2.046769e+01,2.053057e+01,2.041875e+01,2.055850e+01,2.051660e+01,2.053755e+01,2.054453e+01,2.065621e+01,2.065621e+01,2.066318e+01,2.055850e+01,2.062132e+01,2.062132e+01,2.064923e+01,2.074685e+01,2.057944e+01,2.055152e+01,2.057246e+01,2.063528e+01,2.055152e+01,2.069805e+01,2.053755e+01,2.059340e+01,2.070502e+01,2.059340e+01,2.063528e+01,2.065621e+01,2.063528e+01,2.063528e+01,2.062132e+01,2.066318e+01,2.073988e+01,2.064923e+01,2.068410e+01,2.071897e+01,2.065621e+01,2.073291e+01,2.064225e+01,2.066318e+01,2.073988e+01,2.057944e+01,2.066318e+01,2.076079e+01,2.067016e+01,2.055152e+01,2.075382e+01,2.064923e+01,2.068410e+01,2.075382e+01,2.072594e+01,2.064923e+01,2.064225e+01,2.069805e+01,2.067713e+01,2.069108e+01,2.062830e+01,2.065621e+01,2.069805e+01,2.064923e+01,2.067713e+01,2.069805e+01,2.062830e+01,2.068410e+01,2.060736e+01,2.054453e+01,2.056548e+01,2.046769e+01,2.045371e+01,2.018074e+01,2.010362e+01,1.990000e+01,1.974526e+01,1.974526e+01,1.956913e+01,1.931495e+01,1.919469e+01,1.901758e+01,1.904594e+01,1.893246e+01,1.884726e+01,1.879042e+01,1.884726e+01,1.871222e+01,1.868376e+01,1.868376e+01,1.854137e+01,1.849149e+01,1.851999e+01,1.861971e+01,1.859123e+01,1.938562e+01,1.978749e+01,2.001941e+01,2.018775e+01,2.028582e+01,2.032782e+01,2.035581e+01,2.041176e+01,2.044672e+01,2.067713e+01,2.062830e+01,2.057246e+01,2.061434e+01,2.061434e+01,2.060039e+01,2.065621e+01,2.069805e+01,2.064225e+01,2.067016e+01,2.060039e+01,2.059340e+01,2.064225e+01,2.060736e+01,2.065621e+01,2.064923e+01,2.071200e+01,2.053057e+01,2.057246e+01,2.068410e+01,2.078866e+01,2.070502e+01,2.067713e+01,2.071897e+01,2.071897e+01,2.071200e+01,2.074685e+01,2.084437e+01,2.064923e+01,2.065621e+01,2.085830e+01,2.069108e+01,2.074685e+01,2.064923e+01,2.069805e+01,2.060736e+01,2.062132e+01,2.063528e+01,2.067713e+01,2.070502e+01,2.073988e+01,2.064225e+01,2.074685e+01,2.058643e+01,2.064225e+01,2.061434e+01,2.068410e+01,2.076079e+01,2.060736e+01,2.057246e+01,2.074685e+01,2.062132e+01,2.068410e+01,2.072594e+01,2.055152e+01,2.061434e+01,2.062830e+01,2.071897e+01,2.064923e+01,2.059340e+01,2.061434e+01,2.064225e+01,2.066318e+01,2.064225e+01,2.058643e+01,2.067016e+01,2.067016e+01,2.057944e+01,2.068410e+01,2.061434e+01,2.062830e+01,2.065621e+01,2.077472e+01,2.062830e+01,2.063528e+01,2.057246e+01,2.059340e+01,2.060039e+01,2.060736e+01,2.058643e+01,2.063528e+01,2.063528e+01,2.062132e+01,2.062830e+01,2.062830e+01,2.061434e+01,2.071200e+01,2.057944e+01,2.059340e+01,2.044672e+01,2.056548e+01,2.068410e+01,2.055850e+01,2.067713e+01,2.071200e+01,2.057944e+01,2.059340e+01,2.060039e+01,2.060039e+01,2.051660e+01,2.058643e+01,2.065621e+01,2.066318e+01,2.069805e+01,2.058643e+01,2.055152e+01,2.054453e+01,2.050262e+01,2.046769e+01,2.048166e+01,2.051660e+01,2.053755e+01,2.052358e+01,2.056548e+01,2.055850e+01,2.067016e+01,2.051660e+01,2.047468e+01,2.052358e+01,2.050262e+01,2.048865e+01,2.047468e+01,2.050961e+01,2.045371e+01,2.061434e+01,2.064923e+01,2.064923e+01,2.048166e+01,2.049564e+01,2.055152e+01,2.054453e+01,2.044672e+01,2.055152e+01,2.047468e+01,2.048166e+01,2.050961e+01,2.054453e+01,2.051660e+01,2.049564e+01,2.052358e+01,2.043274e+01,2.055850e+01,2.043274e+01,2.053755e+01,2.054453e+01,2.043274e+01,2.046769e+01,2.040477e+01,2.050961e+01,2.044672e+01,2.056548e+01,2.050961e+01,2.062830e+01,2.057944e+01,2.046070e+01,2.054453e+01,2.050262e+01,2.055152e+01,2.044672e+01,2.049564e+01,2.052358e+01,2.060736e+01,2.053057e+01,2.061434e+01,2.062132e+01,2.053755e+01,2.055850e+01,2.053057e+01,2.044672e+01,2.048166e+01,2.041176e+01,2.036980e+01,2.037679e+01,2.038379e+01,2.036280e+01,2.025080e+01,2.035581e+01,2.033481e+01,2.039778e+01,2.032782e+01,2.041875e+01,2.044672e+01,2.028582e+01,2.038379e+01,2.056548e+01,2.064225e+01,2.043973e+01,2.055850e+01,2.054453e+01,2.055152e+01,2.053057e+01,2.048865e+01,2.052358e+01,2.045371e+01,2.051660e+01,2.048865e+01,2.057246e+01,2.051660e+01,2.043274e+01,2.053755e+01,2.041875e+01,2.037679e+01,2.049564e+01,2.039778e+01,2.048865e+01,2.055850e+01,2.047468e+01,2.037679e+01,2.041875e+01,2.042575e+01,2.049564e+01,2.036980e+01,2.038379e+01,2.042575e+01,2.048166e+01,2.049564e+01,2.043973e+01,2.051660e+01,2.038379e+01,2.037679e+01,2.044672e+01,2.042575e+01,2.037679e+01,2.036980e+01,2.043973e+01,2.042575e+01,2.045371e+01,2.035581e+01,2.056548e+01,2.041176e+01,2.046070e+01,2.036980e+01,2.038379e+01,2.034881e+01,2.037679e+01,2.043274e+01,2.029282e+01,2.031382e+01,2.027181e+01,2.030682e+01,2.035581e+01,2.025781e+01,2.036980e+01,2.039778e+01,2.048865e+01,2.033481e+01,2.073291e+01,2.082348e+01,2.081652e+01,2.085830e+01,2.083741e+01,2.086526e+01,2.086526e+01,2.085830e+01,2.092789e+01,2.084437e+01,2.086526e+01,2.087222e+01,2.083741e+01,2.090006e+01,2.079562e+01,2.087222e+01,2.087918e+01,2.093485e+01,2.084437e+01,2.081652e+01,2.094876e+01,2.083045e+01,2.081652e+01,2.089310e+01,2.086526e+01,2.087918e+01,2.083045e+01,2.079562e+01,2.078169e+01,2.078866e+01,2.077472e+01,2.076775e+01,2.082348e+01,2.093485e+01,2.090006e+01,2.096962e+01,2.086526e+01,2.080955e+01,2.080259e+01,2.083741e+01,2.085830e+01,2.085830e+01,2.078169e+01,2.087918e+01,2.083045e+01,2.067016e+01,2.072594e+01,2.071200e+01,2.069805e+01,2.071897e+01,2.082348e+01,2.079562e+01,2.078169e+01,2.080259e+01,2.073988e+01,2.080955e+01,2.078169e+01,2.075382e+01,2.071897e+01,2.078866e+01,2.075382e+01,2.085134e+01,2.079562e+01,2.091398e+01,2.083741e+01,2.089310e+01,2.081652e+01,2.083741e+01,2.093485e+01,2.076775e+01,2.064923e+01,2.083741e+01,2.081652e+01,2.094180e+01,2.082348e+01,2.079562e+01,2.076775e+01,2.071897e+01,2.086526e+01,2.076775e+01,2.065621e+01,2.069108e+01,2.068410e+01,2.027881e+01,1.968189e+01,1.959733e+01
2.064923e+01,2.083741e+01,2.074685e+01,2.075382e+01,2.069805e+01,2.067713e+01,2.071897e+01,2.057944e+01,2.056548e+01,2.058643e+01,2.050961e+01,2.049564e+01,2.047468e+01,2.051660e+01,2.052358e+01,2.047468e+01,2.044672e+01,2.044672e+01,2.039078e+01,2.043274e+01,2.034181e+01,2.037679e+01,2.029982e+01,2.022979e+01,2.029982e+01,2.029282e+01,2.023680e+01,2.014569e+01,2.023680e+01,2.015971e+01,2.016672e+01,2.018074e+01,2.011063e+01,2.011063e+01,2.001941e+01,1.999835e+01,1.999835e+01,1.994919e+01,1.976638e+01,1.973822e+01,1.989297e+01,1.985079e+01,1.977341e+01,1.985079e+01,1.984376e+01,1.978045e+01,1.994919e+01,1.997026e+01,1.988594e+01,1.996324e+01,1.995621e+01,1.991406e+01,1.994919e+01,1.999133e+01,2.001239e+01,2.003345e+01,1.995621e+01,1.988594e+01,2.006152e+01,2.018074e+01,2.009660e+01,1.982969e+01,2.013167e+01,2.007556e+01,2.008959e+01,2.010362e+01,1.999133e+01,2.014569e+01,1.998431e+01,2.026481e+01,2.003345e+01,2.000537e+01,2.014569e+01,2.015971e+01,2.009660e+01,2.004749e+01,2.016672e+01,2.015971e+01,2.017373e+01,2.020877e+01,2.030682e+01,2.022979e+01,2.013868e+01,2.019476e+01,2.026481e+01,2.020177e+01,2.029282e+01,2.020177e+01,2.025080e+01,2.024380e+01,2.016672e+01,2.018775e+01,2.032082e+01,2.023680e+01,2.019476e+01,2.029982e+01,2.025781e+01,2.030682e+01,2.033481e+01,2.031382e+01,2.036280e+01,2.037679e+01,2.032782e+01,2.039778e+01,2.038379e+01,2.040477e+01,2.044672e+01,2.047468e+01,2.053755e+01,2.047468e+01,2.046070e+01,2.051660e+01,2.049564e+01,2.055152e+01,2.052358e+01,2.048166e+01,2.054453e+01,2.043973e+01,2.048166e+01,2.053755e+01,2.041176e+01,2.050262e+01,2.047468e+01,2.038379e+01,2.045371e+01,2.044672e+01,2.043973e+01,2.045371e+01,2.037679e+01,2.037679e+01,2.039078e+01,2.035581e+01,2.039778e+01,2.057944e+01,2.040477e+01,2.043274e+01,2.040477e+01,2.053755e+01,2.046070e+01,2.042575e+01,2.053755e+01,2.043274e+01,2.046769e+01,2.039778e+01,2.041875e+01,2.039778e+01,2.036980e+01,2.044672e+01,2.035581e+01,2.044672e+01,2.034881e+01,2.027181e+01,2.026481e+01,2.026481e+01,2.029982e+01,2.027181e+01,2.021578e+01,2.017373e+01,2.029282e+01,2.023680e+01,2.019476e+01,2.020877e+01,2.020877e+01,2.029282e+01,2.029282e+01,2.029982e+01,2.022979e+01,2.027181e+01,2.027881e+01,2.043973e+01,2.029282e+01,2.032782e+01,2.032782e+01,2.036280e+01,2.039078e+01,2.041875e+01,2.043274e+01,2.047468e+01,2.046769e+01,2.045371e+01,2.053057e+01,2.046070e+01,2.047468e+01,2.057246e+01,2.060039e+01,2.060736e+01,2.055850e+01,2.057246e+01,2.050961e+01,2.048865e+01,2.050262e+01,2.051660e+01,2.057246e+01,2.039078e+01,2.053057e+01,2.049564e+01,2.046070e+01,2.043973e+01,2.043274e+01,2.041875e+01,2.041875e+01,2.049564e+01,2.041176e+01,2.039778e+01,2.048166e+01,2.040477e+01,2.048865e+01,2.041176e+01,2.036280e+01,2.037679e+01,2.046769e+01,2.049564e+01,2.048166e+01,2.052358e+01,2.051660e+01,2.053057e+01,2.057246e+01,2.057944e+01,2.057944e+01,2.067016e+01,2.062830e+01,2.062132e+01,2.052358e+01,2.062132e+01,2.061434e+01,2.064923e+01,2.055152e+01,2.064225e+01,2.064923e+01,2.053755e+01,2.056548e+01,2.059340e+01,2.060039e+01,2.066318e+01,2.064225e+01,2.065621e+01,2.064225e+01,2.061434e+01,2.076775e+01,2.056548e+01,2.073291e+01,2.059340e+01,2.068410e+01,2.062830e+01,2.064923e+01,2.066318e+01,2.062132e+01,2.062132e+01,2.064923e+01,2.071897e+01,2.064923e+01,2.056548e+01,2.057246e+01,2.065621e+01,2.066318e+01,2.062132e+01,2.059340e+01,2.062132e+01,2.075382e+01,2.077472e+01,2.069805e+01,2.069805e+01,2.060736e+01,2.065621e+01,2.067713e+01,2.065621e+01,2.065621e+01,2.069108e+01,2.069108e+01,2.069108e+01,2.067713e+01,2.066318e+01,2.053755e+01,2.051660e+01,2.051660e+01,2.041176e+01,2.037679e+01,2.032082e+01,2.016672e+01,1.992109e+01,1.973118e+01,1.966076e+01,1.956207e+01,1.931495e+01,1.911680e+01,1.889697e+01,1.876910e+01,1.886147e+01,1.873355e+01,1.870510e+01,1.879042e+01,1.874777e+01,1.851287e+01,1.875488e+01,1.871222e+01,1.860547e+01,1.854850e+01,1.853425e+01,1.865530e+01,1.944212e+01,1.981563e+01,1.987892e+01,2.004047e+01,2.022278e+01,2.031382e+01,2.023680e+01,2.045371e+01,2.045371e+01,2.064225e+01,2.054453e+01,2.065621e+01,2.052358e+01,2.064923e+01,2.067016e+01,2.050961e+01,2.053755e+01,2.064225e+01,2.061434e+01,2.067713e+01,2.063528e+01,2.066318e+01,2.062132e+01,2.064225e+01,2.056548e+01,2.055850e+01,2.068410e+01,2.069108e+01,2.068410e+01,2.067016e+01,2.067713e+01,2.069108e+01,2.073291e+01,2.067713e+01,2.069108e+01,2.069108e+01,2.067016e+01,2.069805e+01,2.063528e+01,2.070502e+01,2.075382e+01,2.077472e+01,2.068410e+01,2.067016e+01,2.073988e+01,2.064923e+01,2.065621e+01,2.062132e+01,2.061434e+01,2.061434e+01,2.062830e+01,2.076775e+01,2.057944e+01,2.067016e+01,2.068410e+01,2.063528e+01,2.064923e+01,2.066318e+01,2.064923e+01,2.053057e+01,2.061434e+01,2.064923e+01,2.055850e+01,2.061434e+01,2.061434e+01,2.061434e+01,2.063528e+01,2.076079e+01,2.058643e+01,2.060736e+01,2.057944e+01,2.062132e+01,2.051660e+01,2.062132e+01,2.062830e+01,2.067713e+01,2.062132e+01,2.065621e+01,2.057944e+01,2.062830e+01,2.060039e+01,2.062830e+01,2.073291e+01,2.054453e+01,2.061434e+01,2.064225e+01,2.064923e+01,2.064923e+01,2.055152e+01,2.063528e+01,2.067016e+01,2.062132e+01,2.060736e+01,2.053755e+01,2.058643e+01,2.061434e+01,2.052358e+01,2.060039e+01,2.062132e+01,2.055850e+01,2.054453e+01,2.060736e+01,2.051660e+01,2.057246e+01,2.063528e+01,2.050961e+01,2.055850e+01,2.063528e+01,2.053057e+01,2.050262e+01,2.056548e+01,2.053755e+01,2.054453e+01,2.055850e+01,2.055850e+01,2.060039e+01,2.050961e+01,2.052358e+01,2.050262e+01,2.057944e+01,2.050961e+01,2.051660e+01,2.056548e+01,2.041176e+01,2.048166e+01,2.050262e+01,2.052358e+01,2.057246e+01,2.057944e+01,2.043274e+01,2.058643e+01,2.045371e+01,2.043973e+01,2.055850e+01,2.053057e+01,2.048166e+01,2.048166e+01,2.046769e+01,2.053755e+01,2.050262e+01,2.053755e+01,2.046070e+01,2.049564e+01,2.050961e+01,2.046070e+01,2.043973e+01,2.049564e+01,2.046769e+01,2.044672e+01,2.045371e+01,2.041176e+01,2.036280e+01,2.052358e+01,2.053057e+01,2.050961e+01,2.039778e+01,2.046070e+01,2.039778e+01,2.053755e+01,2.055152e+01,2.046769e+01,2.050262e+01,2.041875e+01,2.046769e+01,2.052358e+01,2.053755e+01,2.047468e+01,2.052358e+01,2.059340e+01,2.059340e+01,2.050961e+01,2.058643e+01,2.057246e+01,2.054453e+01,2.057944e+01,2.047468e+01,2.046769e+01,2.048865e+01,2.041176e+01,2.042575e+01,2.046769e+01,2.039778e+01,2.034181e+01,2.035581e+01,2.035581e+01,2.028582e+01,2.018074e+01,2.036280e+01,2.039778e+01,2.038379e+01,2.046070e+01,2.034881e+01,2.040477e+01,2.050961e+01,2.041176e+01,2.044672e+01,2.047468e+01,2.047468e+01,2.048865e+01,2.051660e+01,2.052358e+01,2.054453e+01,2.049564e+01,2.042575e+01,2.043274e+01,2.045371e+01,2.045371e+01,2.043973e+01,2.039778e+01,2.040477e+01,2.035581e+01,2.039778e+01,2.053755e+01,2.053755e+01,2.049564e+01,2.053755e+01,2.053057e+01,2.034881e+01,2.035581e+01,2.040477e+01,2.048865e+01,2.036980e+01,2.048865e+01,2.040477e+01,2.049564e+01,2.062830e+01,2.032082e+01,2.042575e+01,2.034881e+01,2.043274e+01,2.032782e+01,2.034181e+01,2.037679e+01,2.036980e+01,2.032082e+01,2.043274e+01,2.032082e+01,2.048166e+01,2.040477e+01,2.038379e+01,2.034881e+01,2.037679e+01,2.042575e+01,2.038379e+01,2.032782e+01,2.032082e+01,2.027881e+01,2.032782e+01,2.034181e+01,2.025781e+01,2.022979e+01,2.036280e+01,2.023680e+01,2.037679e+01,2.034181e+01,2.036980e+01,2.080955e+01,2.080955e+01,2.082348e+01,2.085830e+01,2.087918e+01,2.081652e+01,2.084437e+01,2.083045e+01,2.082348e+01,2.085830e+01,2.086526e+01,2.086526e+01,2.091398e+01,2.090006e+01,2.080955e+01,2.081652e+01,2.080955e+01,2.080955e+01,2.069805e+01,2.093485e+01,2.091398e+01,2.071897e+01,2.083741e+01,2.085134e+01,2.087222e+01,2.087222e+01,2.078866e+01,2.085134e+01,2.080259e+01,2.076079e+01,2.078866e+01,2.083045e+01,2.076079e+01,2.086526e+01,2.076775e+01,2.082348e+01,2.084437e+01,2.084437e+01,2.080955e+01,2.076079e+01,2.079562e+01,2.081652e+01,2.084437e+01,2.080259e+01,2.076775e+01,2.077472e+01,2.073988e+01,2.074685e+01,2.085134e+01,2.071200e+01,2.084437e+01,2.073988e+01,2.078169e+01,2.083045e+01,2.081652e+01,2.071200e+01,2.083741e+01,2.073988e+01,2.073291e+01,2.081652e+01,2.073988e+01,2.089310e+01,2.089310e+01,2.072594e+01,2.083741e+01,2.087222e+01,2.086526e+01,2.087918e+01,2.071897e+01,2.072594e+01,2.077472e+01,2.076079e+01,2.079562e+01,2.085134e+01,2.090702e+01,2.074685e+01,2.071200e+01,2.078169e+01,2.069805e+01,2.076079e+01,2.083741e+01,2.071200e+01,2.026481e+01,1.960438e+01,1.994919e+01
2.076775e+01,2.072594e+01,2.077472e+01,2.080955e+01,2.075382e+01,2.073988e+01,2.075382e+01,2.050961e+01,2.057944e+01,2.060039e+01,2.063528e+01,2.050961e+01,2.049564e+01,2.041176e+01,2.043274e+01,2.046769e+01,2.037679e+01,2.039078e+01,2.040477e+01,2.041875e+01,2.041176e+01,2.036980e+01,2.029982e+01,2.019476e+01,2.020877e+01,2.018775e+01,2.028582e+01,2.025781e+01,2.023680e+01,2.015971e+01,2.006152e+01,2.008257e+01,2.013167e+01,2.010362e+01,2.001941e+01,2.010362e+01,2.001941e+01,1.974526e+01,2.002643e+01,1.980859e+01,1.985782e+01,1.987189e+01,1.990000e+01,1.982266e+01,1.977341e+01,1.985782e+01,1.994919e+01,1.980859e+01,1.993514e+01,2.004749e+01,1.999133e+01,1.993514e+01,2.001239e+01,1.997026e+01,1.999133e+01,2.002643e+01,2.004749e+01,2.006152e+01,1.995621e+01,2.008257e+01,2.011063e+01,2.012466e+01,2.016672e+01,1.995621e+01,2.013868e+01,1.994919e+01,2.015270e+01,2.018775e+01,2.008959e+01,2.001239e+01,2.007556e+01,2.004047e+01,2.013167e+01,2.006152e+01,2.001941e+01,2.011764e+01,2.005451e+01,2.005451e+01,2.007556e+01,2.022979e+01,2.020877e+01,2.020177e+01,2.022278e+01,2.017373e+01,2.020877e+01,2.019476e+01,2.029982e+01,2.022979e+01,2.025781e+01,2.022278e+01,2.022979e+01,2.025781e+01,2.028582e+01,2.020177e+01,2.027181e+01,2.029282e+01,2.026481e+01,2.041875e+01,2.034181e+01,2.033481e+01,2.040477e+01,2.031382e+01,2.041176e+01,2.032082e+01,2.030682e+01,2.046070e+01,2.045371e+01,2.048166e+01,2.053755e+01,2.056548e+01,2.044672e+01,2.050262e+01,2.060039e+01,2.057246e+01,2.046769e+01,2.052358e+01,2.044672e+01,2.056548e+01,2.053057e+01,2.042575e+01,2.047468e+01,2.045371e+01,2.048166e+01,2.053755e+01,2.039078e+01,2.039078e+01,2.032082e+01,2.032082e+01,2.039778e+01,2.040477e+01,2.035581e+01,2.039078e+01,2.043973e+01,2.035581e+01,2.036280e+01,2.043274e+01,2.034881e+01,2.034881e+01,2.050262e+01,2.036980e+01,2.048166e+01,2.035581e+01,2.043973e+01,2.053755e+01,2.049564e+01,2.050961e+01,2.049564e+01,2.039778e+01,2.042575e+01,2.036280e+01,2.027881e+01,2.038379e+01,2.024380e+01,2.025080e+01,2.019476e+01,2.027181e+01,2.020177e+01,2.024380e+01,2.026481e+01,2.022979e+01,2.016672e+01,2.021578e+01,2.024380e+01,2.024380e+01,2.013167e+01,2.025080e+01,2.028582e+01,2.025080e+01,2.032782e+01,2.034181e+01,2.028582e+01,2.034181e+01,2.038379e+01,2.037679e+01,2.037679e+01,2.056548e+01,2.051660e+01,2.032782e+01,2.048166e+01,2.044672e+01,2.048166e+01,2.048166e+01,2.052358e+01,2.062132e+01,2.048166e+01,2.046769e+01,2.060736e+01,2.053755e+01,2.044672e+01,2.051660e+01,2.051660e+01,2.051660e+01,2.056548e+01,2.048865e+01,2.050262e+01,2.044672e+01,2.036980e+01,2.033481e+01,2.041176e+01,2.039078e+01,2.041875e+01,2.040477e+01,2.050961e+01,2.053057e+01,2.041875e+01,2.038379e+01,2.032082e+01,2.039778e+01,2.045371e+01,2.046070e+01,2.050961e+01,2.054453e+01,2.048166e+01,2.049564e+01,2.051660e+01,2.053057e+01,2.058643e+01,2.061434e+01,2.050961e+01,2.060039e+01,2.059340e+01,2.059340e+01,2.062830e+01,2.060736e+01,2.064923e+01,2.058643e+01,2.060736e+01,2.062132e+01,2.064923e+01,2.066318e+01,2.060039e+01,2.059340e+01,2.064225e+01,2.066318e+01,2.067016e+01,2.068410e+01,2.061434e+01,2.068410e+01,2.064225e+01,2.058643e+01,2.061434e+01,2.073988e+01,2.070502e+01,2.063528e+01,2.067713e+01,2.069805e+01,2.073291e+01,2.071200e+01,2.076079e+01,2.057246e+01,2.059340e+01,2.063528e+01,2.059340e+01,2.067016e+01,2.062132e+01,2.066318e+01,2.067016e+01,2.065621e+01,2.070502e+01,2.076079e+01,2.069805e+01,2.059340e+01,2.070502e+01,2.060736e+01,2.068410e+01,2.067713e+01,2.071897e+01,2.063528e+01,2.064225e+01,2.069805e+01,2.064225e+01,2.064923e+01,2.065621e+01,2.048166e+01,2.049564e+01,2.036280e+01,2.022979e+01,2.020877e+01,1.990000e+01,1.985079e+01,1.963962e+01,1.963962e+01,1.932202e+01,1.921593e+01,1.908847e+01,1.896794e+01,1.891117e+01,1.878332e+01,1.884016e+01,1.874777e+01,1.871222e+01,1.872644e+01,1.861971e+01,1.862683e+01,1.857699e+01,1.859835e+01,1.850574e+01,1.854137e+01,1.874066e+01,1.946330e+01,1.987189e+01,1.986485e+01,2.000537e+01,2.018074e+01,2.039078e+01,2.043973e+01,2.039078e+01,2.046769e+01,2.045371e+01,2.047468e+01,2.067713e+01,2.047468e+01,2.053057e+01,2.055152e+01,2.070502e+01,2.048865e+01,2.063528e+01,2.062830e+01,2.063528e+01,2.064923e+01,2.063528e+01,2.062830e+01,2.064923e+01,2.064225e+01,2.071897e+01,2.065621e+01,2.067016e+01,2.063528e+01,2.064923e+01,2.069805e+01,2.066318e+01,2.069108e+01,2.069805e+01,2.070502e+01,2.067713e+01,2.062830e+01,2.071897e+01,2.073988e+01,2.073988e+01,2.070502e+01,2.070502e+01,2.061434e+01,2.067016e+01,2.065621e+01,2.071200e+01,2.072594e+01,2.061434e+01,2.077472e+01,2.063528e+01,2.067713e+01,2.064225e+01,2.063528e+01,2.056548e+01,2.066318e+01,2.067016e+01,2.062830e+01,2.065621e+01,2.080955e+01,2.076079e+01,2.070502e+01,2.064225e+01,2.061434e+01,2.060039e+01,2.055152e+01,2.054453e+01,2.060039e+01,2.060039e+01,2.062132e+01,2.066318e+01,2.061434e+01,2.064225e+01,2.063528e+01,2.057944e+01,2.064923e+01,2.056548e+01,2.060039e+01,2.057246e+01,2.061434e+01,2.058643e+01,2.060736e+01,2.063528e+01,2.061434e+01,2.060736e+01,2.069805e+01,2.067713e+01,2.055152e+01,2.074685e+01,2.067016e+01,2.055152e+01,2.053057e+01,2.060039e+01,2.067713e+01,2.050961e+01,2.062830e+01,2.060039e+01,2.058643e+01,2.062830e+01,2.057944e+01,2.053057e+01,2.051660e+01,2.048865e+01,2.052358e+01,2.054453e+01,2.048865e+01,2.053755e+01,2.056548e+01,2.049564e+01,2.060039e+01,2.047468e+01,2.063528e+01,2.050961e+01,2.060736e+01,2.064923e+01,2.058643e+01,2.056548e+01,2.057944e+01,2.066318e+01,2.055850e+01,2.052358e+01,2.063528e+01,2.047468e+01,2.050262e+01,2.055152e+01,2.050262e+01,2.050961e+01,2.053755e+01,2.060039e+01,2.050262e+01,2.054453e+01,2.058643e+01,2.055850e+01,2.055850e+01,2.048865e+01,2.057246e+01,2.054453e+01,2.043274e+01,2.050961e+01,2.053057e+01,2.059340e+01,2.046769e+01,2.058643e+01,2.049564e+01,2.046070e+01,2.046769e+01,2.050262e+01,2.044672e+01,2.049564e+01,2.052358e+01,2.046070e+01,2.029982e+01,2.050961e+01,2.035581e+01,2.053057e+01,2.042575e+01,2.047468e+01,2.041875e+01,2.046070e+01,2.052358e+01,2.052358e+01,2.044672e+01,2.050961e+01,2.048865e+01,2.049564e+01,2.053755e+01,2.053057e+01,2.068410e+01,2.043973e+01,2.043274e+01,2.057246e+01,2.078169e+01,2.048865e+01,2.060736e+01,2.059340e+01,2.057944e+01,2.048865e+01,2.047468e+01,2.055850e+01,2.039778e+01,2.038379e+01,2.041875e+01,2.035581e+01,2.048166e+01,2.043274e+01,2.032782e+01,2.033481e+01,2.030682e+01,2.035581e+01,2.031382e+01,2.042575e+01,2.043274e+01,2.047468e+01,2.040477e+01,2.054453e+01,2.058643e+01,2.055152e+01,2.055850e+01,2.053755e+01,2.047468e+01,2.053057e+01,2.055152e+01,2.053755e+01,2.050961e+01,2.045371e+01,2.050961e+01,2.045371e+01,2.043274e+01,2.040477e+01,2.029282e+01,2.028582e+01,2.034181e+01,2.037679e+01,2.043274e+01,2.048166e+01,2.045371e+01,2.051660e+01,2.042575e+01,2.051660e+01,2.035581e+01,2.034181e+01,2.040477e+01,2.040477e+01,2.048166e+01,2.039778e+01,2.041176e+01,2.040477e+01,2.038379e+01,2.038379e+01,2.043973e+01,2.041176e+01,2.032782e+01,2.032082e+01,2.039778e+01,2.034881e+01,2.039078e+01,2.036280e+01,2.045371e+01,2.033481e+01,2.036980e+01,2.040477e+01,2.036280e+01,2.039078e+01,2.032082e+01,2.034881e+01,2.032082e+01,2.008257e+01,2.026481e+01,2.036980e+01,2.034881e+01,2.031382e+01,2.022979e+01,2.023680e+01,2.020177e+01,2.018775e+01,2.035581e+01,2.033481e+01,2.081652e+01,2.071897e+01,2.073988e+01,2.080259e+01,2.067713e+01,2.082348e+01,2.080955e+01,2.076775e+01,2.083741e+01,2.082348e+01,2.084437e+01,2.087918e+01,2.086526e+01,2.078866e+01,2.080955e+01,2.084437e+01,2.082348e+01,2.082348e+01,2.091398e+01,2.080955e+01,2.083045e+01,2.085830e+01,2.083045e+01,2.077472e+01,2.087222e+01,2.087918e+01,2.090702e+01,2.076775e+01,2.091398e+01,2.092789e+01,2.080259e+01,2.080259e+01,2.092093e+01,2.091398e+01,2.083741e+01,2.079562e+01,2.078866e+01,2.085134e+01,2.078866e+01,2.073291e+01,2.094876e+01,2.085134e+01,2.080259e+01,2.084437e+01,2.078866e+01,2.070502e+01,2.081652e+01,2.073988e+01,2.073291e+01,2.075382e+01,2.074685e+01,2.079562e+01,2.084437e+01,2.073988e+01,2.082348e+01,2.081652e+01,2.082348e+01,2.079562e+01,2.080955e+01,2.085134e+01,2.094876e+01,2.079562e+01,2.083741e+01,2.085134e+01,2.085830e+01,2.083045e+01,2.083741e+01,2.086526e+01,2.076775e+01,2.077472e+01,2.082348e+01,2.090006e+01,2.080259e+01,2.083045e+01,2.082348e+01,2.078169e+01,2.081652e+01,2.074685e+01,2.071897e+01,2.086526e+01,2.074685e+01,2.060736e+01,1.992811e+01,1.981563e+01,2.008257e+01
2.080259e+01,2.074685e+01,2.076079e+01,2.073291e+01,2.072594e+01,2.067016e+01,2.062830e+01,2.062132e+01,2.073988e+01,2.067713e+01,2.055152e+01,2.048865e+01,2.048166e+01,2.048865e+01,2.045371e+01,2.029982e+01,2.041875e+01,2.039778e+01,2.041875e+01,2.042575e+01,2.043274e+01,2.020177e+01,2.032082e+01,2.032082e+01,2.027881e+01,2.018074e+01,2.015270e+01,2.023680e+01,2.018775e+01,2.025781e+01,2.015971e+01,2.016672e+01,2.000537e+01,2.013167e+01,1.994919e+01,2.008959e+01,2.000537e+01,1.992109e+01,1.990000e+01,1.975934e+01,1.987892e+01,1.985782e+01,1.985782e+01,1.987189e+01,1.987892e+01,1.982969e+01,1.982266e+01,1.982969e+01,1.993514e+01,2.013167e+01,1.999835e+01,1.992811e+01,1.992109e+01,2.003345e+01,2.001941e+01,2.000537e+01,2.002643e+01,1.998431e+01,2.008959e+01,2.008257e+01,2.013167e+01,1.998431e+01,2.006854e+01,2.007556e+01,2.006854e+01,2.009660e+01,1.998431e+01,2.001239e+01,2.001239e+01,2.014569e+01,1.999835e+01,2.006854e+01,2.015270e+01,2.001239e+01,1.998431e+01,2.006854e+01,2.004749e+01,2.018074e+01,2.019476e+01,2.020177e+01,2.025080e+01,2.025080e+01,2.022979e+01,2.024380e+01,2.026481e+01,2.023680e+01,2.018074e+01,2.024380e+01,2.029982e+01,2.019476e+01,2.019476e+01,2.025781e+01,2.021578e+01,2.028582e+01,2.021578e+01,2.022979e+01,2.043973e+01,2.030682e+01,2.027881e+01,2.033481e+01,2.034881e+01,2.032782e+01,2.039778e+01,2.034181e+01,2.034881e+01,2.034181e+01,2.035581e+01,2.034881e+01,2.038379e+01,2.051660e+01,2.050961e+01,2.056548e+01,2.042575e+01,2.056548e+01,2.046070e+01,2.053057e+01,2.048865e+01,2.060039e+01,2.053057e+01,2.056548e+01,2.047468e+01,2.041875e+01,2.047468e+01,2.046769e+01,2.046769e+01,2.041176e+01,2.030682e+01,2.034181e+01,2.039078e+01,2.034181e+01,2.039078e+01,2.038379e+01,2.038379e+01,2.030682e+01,2.037679e+01,2.037679e+01,2.043274e+01,2.044672e+01,2.040477e+01,2.038379e+01,2.037679e+01,2.036980e+01,2.032082e+01,2.034881e+01,2.034181e+01,2.039078e+01,2.053057e+01,2.053057e+01,2.036280e+01,2.035581e+01,2.033481e+01,2.022979e+01,2.026481e+01,2.020877e+01,2.020877e+01,2.022979e+01,2.025080e+01,2.028582e+01,2.016672e+01,2.014569e+01,2.017373e+01,2.021578e+01,2.018775e+01,2.020877e+01,2.017373e+01,2.028582e+01,2.030682e+01,2.030682e+01,2.042575e+01,2.033481e+01,2.041176e+01,2.034881e+01,2.040477e+01,2.039078e+01,2.041176e+01,2.039778e+01,2.052358e+01,2.041176e+01,2.047468e+01,2.048865e+01,2.048166e+01,2.048865e+01,2.055850e+01,2.051660e+01,2.047468e+01,2.042575e+01,2.046070e+01,2.055152e+01,2.066318e+01,2.055152e+01,2.049564e+01,2.047468e+01,2.051660e+01,2.053755e+01,2.039778e+01,2.053057e+01,2.045371e+01,2.042575e+01,2.046070e+01,2.041875e+01,2.045371e+01,2.040477e+01,2.044672e+01,2.060736e+01,2.034181e+01,2.041176e+01,2.039778e+01,2.044672e+01,2.051660e+01,2.043973e+01,2.046070e+01,2.052358e+01,2.047468e+01,2.049564e+01,2.047468e+01,2.060039e+01,2.057246e+01,2.046070e+01,2.057246e+01,2.059340e+01,2.060736e+01,2.056548e+01,2.062132e+01,2.065621e+01,2.057944e+01,2.062132e+01,2.060736e+01,2.071897e+01,2.062132e+01,2.053057e+01,2.069108e+01,2.061434e+01,2.062830e+01,2.065621e+01,2.063528e+01,2.062830e+01,2.062132e+01,2.063528e+01,2.062132e+01,2.060736e+01,2.059340e+01,2.073988e+01,2.068410e+01,2.064923e+01,2.070502e+01,2.071200e+01,2.064225e+01,2.062830e+01,2.073291e+01,2.076775e+01,2.073291e+01,2.060039e+01,2.066318e+01,2.065621e+01,2.068410e+01,2.069108e+01,2.066318e+01,2.068410e+01,2.075382e+01,2.080259e+01,2.060039e+01,2.055850e+01,2.069108e+01,2.069108e+01,2.067713e+01,2.067713e+01,2.071897e+01,2.068410e+01,2.072594e+01,2.064923e+01,2.071200e+01,2.066318e+01,2.064225e+01,2.052358e+01,2.050961e+01,2.035581e+01,2.031382e+01,2.017373e+01,1.973822e+01,1.975230e+01,1.954797e+01,1.951270e+01,1.931495e+01,1.922300e+01,1.906721e+01,1.903885e+01,1.881885e+01,1.881174e+01,1.879042e+01,1.874066e+01,1.875488e+01,1.877621e+01,1.867665e+01,1.854137e+01,1.854850e+01,1.857699e+01,1.853425e+01,1.856987e+01,1.902468e+01,1.945624e+01,1.947036e+01,1.977341e+01,2.004749e+01,2.015971e+01,2.013167e+01,2.041176e+01,2.044672e+01,2.052358e+01,2.048865e+01,2.056548e+01,2.067713e+01,2.067016e+01,2.061434e+01,2.060736e+01,2.068410e+01,2.061434e+01,2.071897e+01,2.071897e+01,2.071200e+01,2.069805e+01,2.067713e+01,2.067016e+01,2.062830e+01,2.066318e+01,2.075382e+01,2.067016e+01,2.068410e+01,2.068410e+01,2.070502e+01,2.065621e+01,2.067016e+01,2.060736e+01,2.064225e+01,2.069805e+01,2.064225e+01,2.065621e+01,2.060736e+01,2.066318e+01,2.063528e+01,2.064923e+01,2.078169e+01,2.064923e+01,2.067713e+01,2.072594e+01,2.073988e+01,2.064225e+01,2.062830e+01,2.076079e+01,2.066318e+01,2.057944e+01,2.060039e+01,2.063528e+01,2.055152e+01,2.058643e+01,2.060736e+01,2.062132e+01,2.057246e+01,2.057246e+01,2.057246e+01,2.054453e+01,2.060736e+01,2.049564e+01,2.056548e+01,2.058643e+01,2.059340e+01,2.059340e+01,2.053755e+01,2.060736e+01,2.057944e+01,2.065621e+01,2.064923e+01,2.064923e+01,2.062132e+01,2.060039e+01,2.061434e+01,2.070502e+01,2.066318e+01,2.083045e+01,2.066318e+01,2.060039e+01,2.061434e+01,2.060039e+01,2.062830e+01,2.064923e+01,2.057944e+01,2.060736e+01,2.068410e+01,2.063528e+01,2.062830e+01,2.069108e+01,2.051660e+01,2.055850e+01,2.057246e+01,2.056548e+01,2.056548e+01,2.057246e+01,2.059340e+01,2.050262e+01,2.060736e+01,2.057944e+01,2.051660e+01,2.063528e+01,2.069108e+01,2.051660e+01,2.052358e+01,2.059340e+01,2.050961e+01,2.071897e+01,2.052358e+01,2.050262e+01,2.054453e+01,2.049564e+01,2.057944e+01,2.056548e+01,2.056548e+01,2.064923e+01,2.063528e+01,2.056548e+01,2.064923e+01,2.057246e+01,2.050262e+01,2.057246e+01,2.055152e+01,2.050961e+01,2.055152e+01,2.044672e+01,2.061434e+01,2.059340e+01,2.053057e+01,2.057944e+01,2.048865e+01,2.054453e+01,2.051660e+01,2.048865e+01,2.053057e+01,2.048166e+01,2.053755e+01,2.050961e+01,2.050262e+01,2.048865e+01,2.052358e+01,2.060039e+01,2.043274e+01,2.050262e+01,2.038379e+01,2.048865e+01,2.043973e+01,2.044672e+01,2.050961e+01,2.055850e+01,2.056548e+01,2.047468e+01,2.054453e+01,2.052358e+01,2.047468e+01,2.050262e+01,2.043274e+01,2.048865e+01,2.045371e+01,2.055152e+01,2.049564e+01,2.045371e+01,2.048865e+01,2.047468e+01,2.049564e+01,2.048166e+01,2.073988e+01,2.055152e+01,2.050961e+01,2.051660e+01,2.046070e+01,2.059340e+01,2.053755e+01,2.060736e+01,2.057944e+01,2.047468e+01,2.049564e+01,2.051660e+01,2.037679e+01,2.039778e+01,2.048166e+01,2.039778e+01,2.027181e+01,2.034181e+01,2.042575e+01,2.041875e+01,2.025080e+01,2.037679e+01,2.036280e+01,2.041176e+01,2.038379e+01,2.049564e+01,2.044672e+01,2.047468e+01,2.046769e+01,2.053057e+01,2.039078e+01,2.053755e+01,2.050961e+01,2.054453e+01,2.051660e+01,2.051660e+01,2.045371e+01,2.048166e+01,2.045371e+01,2.050262e+01,2.058643e+01,2.046769e+01,2.038379e+01,2.041176e+01,2.042575e+01,2.045371e+01,2.041176e+01,2.048865e+01,2.039078e+01,2.038379e+01,2.048166e+01,2.039778e+01,2.037679e+01,2.034881e+01,2.040477e+01,2.035581e+01,2.042575e+01,2.039078e+01,2.036280e+01,2.037679e+01,2.038379e+01,2.044672e+01,2.031382e+01,2.041875e+01,2.044672e+01,2.035581e+01,2.041875e+01,2.024380e+01,2.033481e+01,2.042575e+01,2.040477e+01,2.029282e+01,2.027881e+01,2.035581e+01,2.035581e+01,2.033481e+01,2.032082e+01,2.040477e+01,2.023680e+01,2.011063e+01,2.035581e+01,2.040477e+01,2.027181e+01,2.032782e+01,2.025080e+01,2.022278e+01,2.016672e+01,2.040477e+01,2.029282e+01,2.050262e+01,2.061434e+01,2.083045e+01,2.087222e+01,2.073291e+01,2.086526e+01,2.084437e+01,2.083045e+01,2.085830e+01,2.083045e+01,2.079562e+01,2.068410e+01,2.083045e+01,2.078169e+01,2.080259e+01,2.082348e+01,2.082348e+01,2.080259e+01,2.086526e+01,2.085134e+01,2.084437e+01,2.079562e+01,2.081652e+01,2.081652e+01,2.091398e+01,2.092093e+01,2.080955e+01,2.085830e+01,2.090006e+01,2.079562e+01,2.078169e+01,2.080259e+01,2.076079e+01,2.075382e+01,2.078169e+01,2.073988e+01,2.074685e+01,2.083045e+01,2.087222e+01,2.088614e+01,2.090006e+01,2.080259e+01,2.074685e+01,2.080955e+01,2.073988e+01,2.070502e+01,2.083045e+01,2.077472e+01,2.079562e+01,2.081652e+01,2.081652e+01,2.083741e+01,2.076775e+01,2.074685e+01,2.078169e+01,2.081652e+01,2.085134e+01,2.080955e+01,2.080955e+01,2.085830e+01,2.081652e+01,2.092789e+01,2.080955e+01,2.079562e+01,2.079562e+01,2.078866e+01,2.084437e+01,2.083045e+01,2.091398e+01,2.073291e+01,2.083741e+01,2.085134e+01,2.088614e+01,2.078169e+01,2.073291e+01,2.080955e+01,2.076079e+01,2.073291e+01,2.063528e+01,2.075382e+01,2.080259e+01,2.037679e+01,1.992109e+01,1.992109e+01,2.005451e+01
2.073988e+01,2.070502e+01,2.064225e+01,2.078866e+01,2.073291e+01,2.072594e+01,2.089310e+01,2.071200e+01,2.059340e+01,2.064225e+01,2.065621e+01,2.064923e+01,2.048166e+01,2.034881e+01,2.043274e+01,2.043274e+01,2.037679e+01,2.037679e+01,2.041875e+01,2.037679e+01,2.027181e+01,2.043274e+01,2.035581e+01,2.024380e+01,2.017373e+01,2.022278e+01,2.017373e+01,2.018074e+01,2.018074e+01,2.016672e+01,2.013868e+01,2.011063e+01,2.015971e+01,1.999835e+01,2.010362e+01,1.997728e+01,2.001941e+01,2.000537e+01,1.996324e+01,1.987892e+01,1.975230e+01,1.991406e+01,1.983673e+01,1.981563e+01,1.974526e+01,1.982969e+01,1.984376e+01,1.983673e+01,1.990000e+01,1.991406e+01,2.006152e+01,2.007556e+01,2.013167e+01,2.002643e+01,1.998431e+01,2.002643e+01,2.003345e+01,2.006854e+01,2.013868e+01,2.006854e+01,2.001239e+01,1.990703e+01,2.005451e+01,1.997728e+01,2.004749e+01,1.995621e+01,2.004047e+01,2.003345e+01,2.002643e+01,2.003345e+01,2.001239e+01,2.000537e+01,2.007556e+01,1.999133e+01,2.008959e+01,2.016672e+01,2.001239e+01,2.004047e+01,2.006152e+01,2.027881e+01,2.023680e+01,2.026481e+01,2.014569e+01,2.027881e+01,2.027881e+01,2.018074e+01,2.018074e+01,2.026481e+01,2.020877e+01,2.020177e+01,2.035581e+01,2.032082e+01,2.022278e+01,2.022278e+01,2.027181e+01,2.025080e+01,2.033481e+01,2.033481e+01,2.048865e+01,2.032782e+01,2.043274e+01,2.032782e+01,2.051660e+01,2.053755e+01,2.045371e+01,2.046769e+01,2.057246e+01,2.054453e+01,2.048865e+01,2.047468e+01,2.049564e+01,2.051660e+01,2.050262e+01,2.063528e+01,2.062830e+01,2.053755e+01,2.050961e+01,2.050262e+01,2.046769e+01,2.050262e+01,2.050961e+01,2.049564e+01,2.040477e+01,2.030682e+01,2.031382e+01,2.033481e+01,2.039778e+01,2.034881e+01,2.036980e+01,2.023680e+01,2.029982e+01,2.047468e+01,2.038379e+01,2.036980e+01,2.032782e+01,2.047468e+01,2.049564e+01,2.042575e+01,2.042575e+01,2.036280e+01,2.041875e+01,2.033481e+01,2.041875e+01,2.035581e+01,2.038379e+01,2.041875e+01,2.045371e+01,2.042575e+01,2.039078e+01,2.028582e+01,2.029282e+01,2.024380e+01,2.025080e+01,2.034881e+01,2.022278e+01,2.026481e+01,2.018775e+01,2.020877e+01,2.022278e+01,2.022278e+01,2.021578e+01,2.020877e+01,2.021578e+01,2.020177e+01,2.029982e+01,2.016672e+01,2.031382e+01,2.035581e+01,2.037679e+01,2.029982e+01,2.050961e+01,2.043274e+01,2.040477e+01,2.035581e+01,2.038379e+01,2.039078e+01,2.042575e+01,2.046769e+01,2.046070e+01,2.053057e+01,2.046070e+01,2.050262e+01,2.050262e+01,2.048865e+01,2.047468e+01,2.045371e+01,2.055850e+01,2.043973e+01,2.050262e+01,2.048865e+01,2.054453e+01,2.052358e+01,2.053057e+01,2.047468e+01,2.050961e+01,2.043274e+01,2.050262e+01,2.046769e+01,2.046769e+01,2.046769e+01,2.064923e+01,2.051660e+01,2.041875e+01,2.040477e+01,2.049564e+01,2.043274e+01,2.043274e+01,2.038379e+01,2.043274e+01,2.045371e+01,2.050262e+01,2.050262e+01,2.067713e+01,2.050961e+01,2.052358e+01,2.057944e+01,2.062132e+01,2.062132e+01,2.049564e+01,2.058643e+01,2.058643e+01,2.081652e+01,2.069108e+01,2.062830e+01,2.069805e+01,2.062830e+01,2.066318e+01,2.073291e+01,2.071200e+01,2.064225e+01,2.067713e+01,2.065621e+01,2.060039e+01,2.062132e+01,2.063528e+01,2.067713e+01,2.072594e+01,2.061434e+01,2.062132e+01,2.071897e+01,2.071897e+01,2.069805e+01,2.070502e+01,2.069805e+01,2.079562e+01,2.068410e+01,2.068410e+01,2.073291e+01,2.060039e+01,2.065621e+01,2.069805e+01,2.057246e+01,2.062132e+01,2.061434e+01,2.067713e+01,2.069108e+01,2.069108e+01,2.069108e+01,2.071200e+01,2.070502e+01,2.072594e+01,2.071897e+01,2.064225e+01,2.076775e+01,2.073988e+01,2.068410e+01,2.067016e+01,2.062132e+01,2.069805e+01,2.069805e+01,2.071200e+01,2.063528e+01,2.069108e+01,2.058643e+01,2.064225e+01,2.033481e+01,2.018775e+01,2.010362e+01,2.002643e+01,1.967484e+01,1.971710e+01,1.943506e+01,1.925130e+01,1.915930e+01,1.893956e+01,1.890407e+01,1.887567e+01,1.888277e+01,1.884016e+01,1.876199e+01,1.863395e+01,1.863395e+01,1.869799e+01,1.861971e+01,1.853425e+01,1.851999e+01,1.854850e+01,1.889697e+01,1.942800e+01,1.944918e+01,1.979452e+01,1.985079e+01,1.990000e+01,2.013868e+01,2.015971e+01,2.039778e+01,2.044672e+01,2.060736e+01,2.050961e+01,2.049564e+01,2.056548e+01,2.058643e+01,2.064923e+01,2.062830e+01,2.060736e+01,2.064225e+01,2.067713e+01,2.062830e+01,2.060736e+01,2.067713e+01,2.070502e+01,2.067016e+01,2.063528e+01,2.065621e+01,2.064225e+01,2.071200e+01,2.067713e+01,2.068410e+01,2.062132e+01,2.065621e+01,2.067713e+01,2.070502e+01,2.073291e+01,2.070502e+01,2.064225e+01,2.073291e+01,2.064225e+01,2.077472e+01,2.059340e+01,2.073988e+01,2.060736e+01,2.067713e+01,2.069108e+01,2.065621e+01,2.073291e+01,2.068410e+01,2.069805e+01,2.061434e+01,2.062132e+01,2.054453e+01,2.067016e+01,2.075382e+01,2.060736e+01,2.064225e+01,2.052358e+01,2.066318e+01,2.056548e+01,2.062830e+01,2.057246e+01,2.055850e+01,2.050262e+01,2.064225e+01,2.055850e+01,2.062830e+01,2.044672e+01,2.060736e+01,2.058643e+01,2.062132e+01,2.060039e+01,2.066318e+01,2.057944e+01,2.059340e+01,2.067016e+01,2.064225e+01,2.067016e+01,2.070502e+01,2.064225e+01,2.057246e+01,2.062132e+01,2.060736e+01,2.062830e+01,2.063528e+01,2.057246e+01,2.068410e+01,2.059340e+01,2.058643e+01,2.060039e+01,2.060039e+01,2.067713e+01,2.050961e+01,2.053755e+01,2.061434e+01,2.057246e+01,2.056548e+01,2.051660e+01,2.048865e+01,2.057944e+01,2.058643e+01,2.057246e+01,2.055850e+01,2.059340e+01,2.055152e+01,2.064923e+01,2.067713e+01,2.057246e+01,2.052358e+01,2.062830e+01,2.055152e+01,2.055152e+01,2.052358e+01,2.048865e+01,2.057246e+01,2.050961e+01,2.057944e+01,2.053755e+01,2.061434e+01,2.058643e+01,2.062830e+01,2.055850e+01,2.055850e+01,2.060736e+01,2.057246e+01,2.052358e+01,2.050961e+01,2.058643e+01,2.055152e+01,2.061434e+01,2.072594e+01,2.055152e+01,2.053755e+01,2.058643e+01,2.050262e+01,2.055850e+01,2.062830e+01,2.046769e+01,2.045371e+01,2.044672e+01,2.071897e+01,2.046070e+01,2.052358e+01,2.050961e+01,2.053755e+01,2.050961e+01,2.042575e+01,2.048166e+01,2.041176e+01,2.053057e+01,2.047468e+01,2.050262e+01,2.050262e+01,2.054453e+01,2.048865e+01,2.048166e+01,2.046070e+01,2.046769e+01,2.048166e+01,2.044672e+01,2.050262e+01,2.055850e+01,2.050262e+01,2.053755e+01,2.051660e+01,2.053755e+01,2.046070e+01,2.053057e+01,2.050961e+01,2.050961e+01,2.056548e+01,2.060736e+01,2.050262e+01,2.059340e+01,2.059340e+01,2.045371e+01,2.052358e+01,2.042575e+01,2.050961e+01,2.061434e+01,2.046070e+01,2.054453e+01,2.045371e+01,2.051660e+01,2.034181e+01,2.032082e+01,2.047468e+01,2.041176e+01,2.048166e+01,2.034181e+01,2.039778e+01,2.036280e+01,2.048865e+01,2.039778e+01,2.064923e+01,2.060736e+01,2.052358e+01,2.039078e+01,2.046070e+01,2.053057e+01,2.050262e+01,2.053057e+01,2.057246e+01,2.052358e+01,2.052358e+01,2.050262e+01,2.055850e+01,2.047468e+01,2.046769e+01,2.044672e+01,2.043973e+01,2.042575e+01,2.040477e+01,2.044672e+01,2.044672e+01,2.034181e+01,2.050961e+01,2.032782e+01,2.036980e+01,2.032782e+01,2.041176e+01,2.050262e+01,2.035581e+01,2.040477e+01,2.039778e+01,2.027881e+01,2.041875e+01,2.027181e+01,2.042575e+01,2.032082e+01,2.041176e+01,2.038379e+01,2.029982e+01,2.042575e+01,2.042575e+01,2.027881e+01,2.031382e+01,2.046769e+01,2.039078e+01,2.029282e+01,2.039778e+01,2.047468e+01,2.036280e+01,2.032082e+01,2.041875e+01,2.031382e+01,2.027881e+01,2.036980e+01,2.029282e+01,2.034181e+01,2.032782e+01,2.020877e+01,2.026481e+01,2.023680e+01,2.025781e+01,2.042575e+01,2.034181e+01,2.033481e+01,2.034181e+01,2.060736e+01,2.087222e+01,2.087222e+01,2.073988e+01,2.076079e+01,2.079562e+01,2.082348e+01,2.083741e+01,2.067016e+01,2.083045e+01,2.085830e+01,2.096267e+01,2.092093e+01,2.084437e+01,2.097658e+01,2.083045e+01,2.085830e+01,2.085830e+01,2.085830e+01,2.088614e+01,2.096267e+01,2.091398e+01,2.081652e+01,2.075382e+01,2.078866e+01,2.089310e+01,2.082348e+01,2.074685e+01,2.080259e+01,2.085134e+01,2.079562e+01,2.089310e+01,2.090006e+01,2.088614e+01,2.069108e+01,2.074685e+01,2.075382e+01,2.084437e+01,2.071200e+01,2.081652e+01,2.083045e+01,2.074685e+01,2.087222e+01,2.080259e+01,2.079562e+01,2.074685e+01,2.077472e+01,2.084437e+01,2.081652e+01,2.088614e+01,2.083045e+01,2.075382e+01,2.082348e+01,2.083741e+01,2.085134e+01,2.086526e+01,2.067016e+01,2.078866e+01,2.080259e+01,2.096267e+01,2.085134e+01,2.090702e+01,2.079562e+01,2.078169e+01,2.074685e+01,2.085134e+01,2.081652e+01,2.084437e+01,2.090702e+01,2.080955e+01,2.083741e+01,2.087918e+01,2.075382e+01,2.084437e+01,2.074685e+01,2.076079e+01,2.078866e+01,2.073988e+01,2.080259e+01,2.058643e+01,2.036280e+01,1.994919e+01,1.991406e+01,2.018074e+01
2.078169e+01,2.073988e+01,2.075382e+01,2.078866e+01,2.075382e+01,2.078866e+01,2.073291e+01,2.067016e+01,2.065621e+01,2.060039e+01,2.057246e+01,2.057944e+01,2.051660e+01,2.063528e+01,2.050262e+01,2.045371e+01,2.031382e+01,2.046769e+01,2.036980e+01,2.036980e+01,2.040477e+01,2.035581e+01,2.033481e+01,2.022979e+01,2.024380e+01,2.023680e+01,2.022979e+01,2.020177e+01,2.015971e+01,2.006854e+01,2.011063e+01,2.007556e+01,2.009660e+01,2.000537e+01,1.995621e+01,2.000537e+01,1.994216e+01,1.994919e+01,1.986485e+01,1.976638e+01,1.970302e+01,1.978749e+01,1.971710e+01,1.994216e+01,1.986485e+01,1.996324e+01,1.997728e+01,1.993514e+01,1.997728e+01,1.994216e+01,2.005451e+01,2.004749e+01,2.005451e+01,2.002643e+01,2.010362e+01,1.999835e+01,2.004047e+01,2.017373e+01,2.004047e+01,2.015270e+01,2.004047e+01,1.997026e+01,2.011063e+01,1.990000e+01,1.994216e+01,2.011063e+01,2.011063e+01,2.006854e+01,1.993514e+01,1.999835e+01,1.994216e+01,1.998431e+01,1.998431e+01,1.996324e+01,1.999835e+01,2.018074e+01,2.001239e+01,2.015270e+01,2.010362e+01,2.008959e+01,2.014569e+01,2.024380e+01,2.025080e+01,2.029282e+01,2.025080e+01,2.019476e+01,2.027181e+01,2.029282e+01,2.030682e+01,2.031382e+01,2.018074e+01,2.013167e+01,2.025080e+01,2.026481e+01,2.029282e+01,2.018775e+01,2.043274e+01,2.024380e+01,2.026481e+01,2.033481e+01,2.032082e+01,2.043973e+01,2.050262e+01,2.043973e+01,2.056548e+01,2.041875e+01,2.047468e+01,2.049564e+01,2.048865e+01,2.048166e+01,2.053057e+01,2.045371e+01,2.046769e+01,2.050262e+01,2.063528e+01,2.036280e+01,2.048166e+01,2.051660e+01,2.050262e+01,2.050961e+01,2.046769e+01,2.043973e+01,2.062132e+01,2.032082e+01,2.032782e+01,2.031382e+01,2.034881e+01,2.026481e+01,2.022979e+01,2.023680e+01,2.041176e+01,2.022278e+01,2.039078e+01,2.020877e+01,2.029282e+01,2.040477e+01,2.035581e+01,2.034181e+01,2.032782e+01,2.035581e+01,2.038379e+01,2.052358e+01,2.029982e+01,2.039078e+01,2.036980e+01,2.044672e+01,2.043973e+01,2.044672e+01,2.037679e+01,2.039778e+01,2.038379e+01,2.029982e+01,2.024380e+01,2.027881e+01,2.017373e+01,2.025080e+01,2.025781e+01,2.011764e+01,2.014569e+01,2.017373e+01,2.015270e+01,2.018775e+01,2.020877e+01,2.024380e+01,2.029282e+01,2.032082e+01,2.034881e+01,2.028582e+01,2.036980e+01,2.046769e+01,2.041176e+01,2.032782e+01,2.046070e+01,2.041176e+01,2.043973e+01,2.043973e+01,2.043973e+01,2.045371e+01,2.046070e+01,2.047468e+01,2.046070e+01,2.048865e+01,2.046769e+01,2.048166e+01,2.046769e+01,2.055152e+01,2.048166e+01,2.069108e+01,2.068410e+01,2.056548e+01,2.055850e+01,2.056548e+01,2.056548e+01,2.050262e+01,2.053755e+01,2.043973e+01,2.050262e+01,2.046769e+01,2.043973e+01,2.053755e+01,2.043973e+01,2.043274e+01,2.041875e+01,2.045371e+01,2.048166e+01,2.041875e+01,2.039078e+01,2.054453e+01,2.055850e+01,2.046070e+01,2.047468e+01,2.043973e+01,2.051660e+01,2.053057e+01,2.049564e+01,2.052358e+01,2.057944e+01,2.055850e+01,2.055152e+01,2.055850e+01,2.067713e+01,2.058643e+01,2.064923e+01,2.062132e+01,2.060736e+01,2.058643e+01,2.071200e+01,2.062132e+01,2.069108e+01,2.067713e+01,2.063528e+01,2.065621e+01,2.062132e+01,2.061434e+01,2.064225e+01,2.062132e+01,2.062132e+01,2.069108e+01,2.063528e+01,2.073988e+01,2.054453e+01,2.073291e+01,2.058643e+01,2.070502e+01,2.063528e+01,2.080259e+01,2.072594e+01,2.068410e+01,2.071200e+01,2.075382e+01,2.069108e+01,2.060736e+01,2.069805e+01,2.067713e+01,2.068410e+01,2.073988e+01,2.067713e+01,2.067016e+01,2.068410e+01,2.055152e+01,2.075382e+01,2.073988e+01,2.071897e+01,2.071897e+01,2.067016e+01,2.061434e+01,2.071200e+01,2.076775e+01,2.070502e+01,2.071200e+01,2.068410e+01,2.073988e+01,2.069108e+01,2.055152e+01,2.054453e+01,2.029982e+01,2.022979e+01,2.012466e+01,1.987189e+01,1.988594e+01,1.951270e+01,1.942800e+01,1.927252e+01,1.911680e+01,1.889697e+01,1.905303e+01,1.895375e+01,1.878332e+01,1.879753e+01,1.865530e+01,1.862683e+01,1.862683e+01,1.870510e+01,1.852712e+01,1.852712e+01,1.855562e+01,1.886147e+01,1.930788e+01,1.980156e+01,1.977341e+01,1.975230e+01,1.978045e+01,1.990703e+01,2.004749e+01,2.013167e+01,2.035581e+01,2.040477e+01,2.049564e+01,2.056548e+01,2.052358e+01,2.066318e+01,2.055152e+01,2.064923e+01,2.069805e+01,2.067016e+01,2.066318e+01,2.065621e+01,2.058643e+01,2.069108e+01,2.059340e+01,2.064923e+01,2.062830e+01,2.071200e+01,2.067713e+01,2.066318e+01,2.073291e+01,2.065621e+01,2.065621e+01,2.073291e+01,2.066318e+01,2.067016e+01,2.068410e+01,2.073291e+01,2.071200e+01,2.061434e+01,2.073988e+01,2.066318e+01,2.077472e+01,2.057246e+01,2.080259e+01,2.077472e+01,2.069805e+01,2.064923e+01,2.065621e+01,2.067713e+01,2.067016e+01,2.074685e+01,2.057944e+01,2.060736e+01,2.041176e+01,2.053755e+01,2.061434e+01,2.055152e+01,2.056548e+01,2.058643e+01,2.058643e+01,2.059340e+01,2.056548e+01,2.063528e+01,2.064225e+01,2.055850e+01,2.062132e+01,2.054453e+01,2.060039e+01,2.058643e+01,2.055152e+01,2.062830e+01,2.064923e+01,2.064225e+01,2.066318e+01,2.061434e+01,2.069108e+01,2.065621e+01,2.069805e+01,2.070502e+01,2.060039e+01,2.064225e+01,2.054453e+01,2.063528e+01,2.057246e+01,2.059340e+01,2.064225e+01,2.060039e+01,2.065621e+01,2.067713e+01,2.059340e+01,2.053755e+01,2.060039e+01,2.050262e+01,2.053057e+01,2.057246e+01,2.048865e+01,2.064225e+01,2.056548e+01,2.055850e+01,2.057944e+01,2.054453e+01,2.054453e+01,2.054453e+01,2.060736e+01,2.046070e+01,2.050262e+01,2.060039e+01,2.056548e+01,2.052358e+01,2.058643e+01,2.059340e+01,2.052358e+01,2.047468e+01,2.050262e+01,2.046769e+01,2.055850e+01,2.061434e+01,2.061434e+01,2.060039e+01,2.060736e+01,2.057944e+01,2.057944e+01,2.059340e+01,2.046769e+01,2.060736e+01,2.058643e+01,2.054453e+01,2.054453e+01,2.062830e+01,2.052358e+01,2.069108e+01,2.057944e+01,2.056548e+01,2.058643e+01,2.062132e+01,2.054453e+01,2.051660e+01,2.046070e+01,2.062830e+01,2.053057e+01,2.050961e+01,2.048166e+01,2.046769e+01,2.051660e+01,2.050262e+01,2.055850e+01,2.051660e+01,2.051660e+01,2.052358e+01,2.043274e+01,2.051660e+01,2.054453e+01,2.047468e+01,2.042575e+01,2.048166e+01,2.048166e+01,2.047468e+01,2.046769e+01,2.047468e+01,2.055850e+01,2.049564e+01,2.048166e+01,2.055850e+01,2.051660e+01,2.046070e+01,2.047468e+01,2.047468e+01,2.050961e+01,2.053755e+01,2.050262e+01,2.049564e+01,2.048865e+01,2.050961e+01,2.048166e+01,2.055152e+01,2.044672e+01,2.048166e+01,2.053755e+01,2.050262e+01,2.048865e+01,2.046769e+01,2.046070e+01,2.050961e+01,2.045371e+01,2.048166e+01,2.040477e+01,2.053057e+01,2.041875e+01,2.046070e+01,2.040477e+01,2.048166e+01,2.048166e+01,2.048865e+01,2.050961e+01,2.047468e+01,2.052358e+01,2.037679e+01,2.051660e+01,2.054453e+01,2.053057e+01,2.043973e+01,2.067713e+01,2.046070e+01,2.060736e+01,2.055850e+01,2.048166e+01,2.047468e+01,2.055850e+01,2.045371e+01,2.048865e+01,2.034881e+01,2.044672e+01,2.041875e+01,2.042575e+01,2.042575e+01,2.054453e+01,2.033481e+01,2.036980e+01,2.053755e+01,2.040477e+01,2.026481e+01,2.029282e+01,2.048865e+01,2.049564e+01,2.036280e+01,2.038379e+01,2.036980e+01,2.022278e+01,2.036280e+01,2.034881e+01,2.027881e+01,2.040477e+01,2.029282e+01,2.048865e+01,2.036280e+01,2.035581e+01,2.032782e+01,2.029982e+01,2.032082e+01,2.041875e+01,2.045371e+01,2.047468e+01,2.048166e+01,2.045371e+01,2.048865e+01,2.032082e+01,2.036280e+01,2.047468e+01,2.045371e+01,2.026481e+01,2.032082e+01,2.034881e+01,2.029982e+01,2.022979e+01,2.025080e+01,2.045371e+01,2.029982e+01,2.034181e+01,2.034181e+01,2.043973e+01,2.063528e+01,2.077472e+01,2.087222e+01,2.087918e+01,2.082348e+01,2.082348e+01,2.087918e+01,2.084437e+01,2.081652e+01,2.092789e+01,2.085830e+01,2.077472e+01,2.092093e+01,2.077472e+01,2.079562e+01,2.085830e+01,2.078169e+01,2.087222e+01,2.088614e+01,2.083741e+01,2.081652e+01,2.083741e+01,2.085830e+01,2.083045e+01,2.088614e+01,2.092093e+01,2.090006e+01,2.093485e+01,2.082348e+01,2.093485e+01,2.093485e+01,2.087222e+01,2.083045e+01,2.090006e+01,2.074685e+01,2.073988e+01,2.083045e+01,2.088614e+01,2.084437e+01,2.096267e+01,2.079562e+01,2.081652e+01,2.080955e+01,2.075382e+01,2.080955e+01,2.081652e+01,2.083045e+01,2.085830e+01,2.080259e+01,2.079562e+01,2.088614e+01,2.090702e+01,2.073291e+01,2.083741e+01,2.085134e+01,2.084437e+01,2.090006e+01,2.078866e+01,2.076775e+01,2.077472e+01,2.087918e+01,2.082348e+01,2.080955e+01,2.080259e+01,2.080955e+01,2.083741e+01,2.083741e+01,2.078169e+01,2.076079e+01,2.085830e+01,2.071200e+01,2.092093e+01,2.085134e+01,2.081652e+01,2.076079e+01,2.082348e+01,2.075382e+01,2.082348e+01,2.076775e+01,2.067713e+01,2.038379e+01,1.994216e+01,1.994919e+01,2.043274e+01
2.069805e+01,2.079562e+01,2.069805e+01,2.080259e+01,2.071200e+01,2.072594e+01,2.076079e+01,2.066318e+01,2.069108e+01,2.061434e+01,2.062132e+01,2.053057e+01,2.052358e+01,2.051660e+01,2.040477e+01,2.043274e+01,2.032082e+01,2.041176e+01,2.048865e+01,2.035581e+01,2.031382e+01,2.037679e+01,2.020877e+01,2.013868e+01,2.027181e+01,2.020177e+01,2.017373e+01,2.019476e+01,2.007556e+01,2.022979e+01,2.005451e+01,2.014569e+01,2.012466e+01,2.001941e+01,1.998431e+01,2.001941e+01,2.004749e+01,1.994919e+01,1.974526e+01,1.984376e+01,1.965371e+01,1.973118e+01,1.976638e+01,1.980156e+01,1.983673e+01,1.990703e+01,1.985782e+01,1.986485e+01,1.994216e+01,1.994919e+01,1.999835e+01,1.989297e+01,2.009660e+01,2.002643e+01,2.006854e+01,2.004047e+01,2.013868e+01,2.003345e+01,2.010362e+01,2.013868e+01,2.002643e+01,1.999835e+01,2.001941e+01,2.005451e+01,2.005451e+01,2.004749e+01,2.008959e+01,2.002643e+01,2.000537e+01,2.006152e+01,2.002643e+01,2.001941e+01,1.998431e+01,1.999835e+01,1.999133e+01,2.020177e+01,1.994216e+01,2.008257e+01,2.009660e+01,2.006854e+01,2.010362e+01,2.016672e+01,2.026481e+01,2.018074e+01,2.024380e+01,2.021578e+01,2.018775e+01,2.022979e+01,2.021578e+01,2.017373e+01,2.012466e+01,2.017373e+01,2.018074e+01,2.021578e+01,2.020877e+01,2.033481e+01,2.022979e+01,2.042575e+01,2.026481e+01,2.038379e+01,2.036280e+01,2.039778e+01,2.040477e+01,2.058643e+01,2.060039e+01,2.046769e+01,2.056548e+01,2.046070e+01,2.048865e+01,2.048865e+01,2.047468e+01,2.046070e+01,2.060039e+01,2.056548e+01,2.042575e+01,2.050262e+01,2.057246e+01,2.052358e+01,2.052358e+01,2.048166e+01,2.050961e+01,2.045371e+01,2.032082e+01,2.025080e+01,2.029982e+01,2.027181e+01,2.032082e+01,2.025080e+01,2.020877e+01,2.017373e+01,2.036980e+01,2.047468e+01,2.034881e+01,2.027881e+01,2.032782e+01,2.022979e+01,2.032082e+01,2.027881e+01,2.032782e+01,2.052358e+01,2.025781e+01,2.030682e+01,2.039778e+01,2.034881e+01,2.041875e+01,2.044672e+01,2.045371e+01,2.027881e+01,2.035581e+01,2.027181e+01,2.025781e+01,2.023680e+01,2.026481e+01,2.017373e+01,2.029282e+01,2.025080e+01,2.016672e+01,2.015270e+01,2.026481e+01,2.022278e+01,2.024380e+01,2.022278e+01,2.034181e+01,2.030682e+01,2.029982e+01,2.034181e+01,2.040477e+01,2.031382e+01,2.039078e+01,2.029982e+01,2.032782e+01,2.044672e+01,2.042575e+01,2.038379e+01,2.048166e+01,2.040477e+01,2.048166e+01,2.041176e+01,2.045371e+01,2.041176e+01,2.039778e+01,2.047468e+01,2.046769e+01,2.052358e+01,2.048166e+01,2.053755e+01,2.051660e+01,2.047468e+01,2.046769e+01,2.050961e+01,2.052358e+01,2.048865e+01,2.050262e+01,2.053755e+01,2.044672e+01,2.047468e+01,2.047468e+01,2.055152e+01,2.044672e+01,2.047468e+01,2.060039e+01,2.050961e+01,2.044672e+01,2.050961e+01,2.042575e+01,2.041875e+01,2.042575e+01,2.041176e+01,2.043274e+01,2.043973e+01,2.057944e+01,2.049564e+01,2.053057e+01,2.049564e+01,2.055152e+01,2.055152e+01,2.053755e+01,2.055152e+01,2.055850e+01,2.057944e+01,2.061434e+01,2.057944e+01,2.063528e+01,2.062830e+01,2.061434e+01,2.060039e+01,2.064923e+01,2.062132e+01,2.068410e+01,2.067713e+01,2.059340e+01,2.065621e+01,2.065621e+01,2.067016e+01,2.072594e+01,2.068410e+01,2.067016e+01,2.073291e+01,2.075382e+01,2.062830e+01,2.072594e+01,2.074685e+01,2.073291e+01,2.057944e+01,2.072594e+01,2.067016e+01,2.071897e+01,2.065621e+01,2.064923e+01,2.067016e+01,2.064225e+01,2.071897e+01,2.062132e+01,2.064923e+01,2.067713e+01,2.064225e+01,2.068410e+01,2.067016e+01,2.069108e+01,2.070502e+01,2.064923e+01,2.071200e+01,2.070502e+01,2.056548e+01,2.073291e+01,2.063528e+01,2.068410e+01,2.061434e+01,2.058643e+01,2.067713e+01,2.078169e+01,2.058643e+01,2.069108e+01,2.053057e+01,2.034881e+01,2.018775e+01,2.010362e+01,2.011063e+01,1.983673e+01,1.979452e+01,1.953386e+01,1.942093e+01,1.914513e+01,1.904594e+01,1.888277e+01,1.891117e+01,1.889697e+01,1.886147e+01,1.878332e+01,1.878332e+01,1.865530e+01,1.855562e+01,1.854137e+01,1.856274e+01,1.851999e+01,1.867665e+01,1.913805e+01,1.960438e+01,1.978749e+01,1.982969e+01,1.984376e+01,1.990000e+01,2.011764e+01,2.004749e+01,2.008959e+01,2.021578e+01,2.051660e+01,2.044672e+01,2.055850e+01,2.056548e+01,2.054453e+01,2.056548e+01,2.061434e+01,2.061434e+01,2.069108e+01,2.060039e+01,2.070502e+01,2.071897e+01,2.070502e+01,2.055850e+01,2.072594e+01,2.065621e+01,2.057246e+01,2.071897e+01,2.076775e+01,2.067016e+01,2.073988e+01,2.069108e+01,2.075382e+01,2.065621e+01,2.057246e+01,2.071897e+01,2.067016e+01,2.069108e+01,2.070502e+01,2.057246e+01,2.062132e+01,2.056548e+01,2.058643e+01,2.067713e+01,2.071897e+01,2.067016e+01,2.062830e+01,2.065621e+01,2.068410e+01,2.062132e+01,2.062132e+01,2.058643e+01,2.057944e+01,2.055850e+01,2.058643e+01,2.053755e+01,2.062830e+01,2.056548e+01,2.057246e+01,2.053057e+01,2.057944e+01,2.054453e+01,2.061434e+01,2.057944e+01,2.055152e+01,2.062132e+01,2.059340e+01,2.057246e+01,2.059340e+01,2.060736e+01,2.062132e+01,2.063528e+01,2.062830e+01,2.053057e+01,2.062132e+01,2.071200e+01,2.067016e+01,2.062132e+01,2.070502e+01,2.054453e+01,2.053057e+01,2.065621e+01,2.059340e+01,2.069108e+01,2.060736e+01,2.059340e+01,2.058643e+01,2.055850e+01,2.058643e+01,2.062830e+01,2.062830e+01,2.058643e+01,2.067016e+01,2.055850e+01,2.061434e+01,2.055152e+01,2.062132e+01,2.047468e+01,2.063528e+01,2.050262e+01,2.065621e+01,2.048166e+01,2.054453e+01,2.050262e+01,2.051660e+01,2.061434e+01,2.055152e+01,2.051660e+01,2.064225e+01,2.057246e+01,2.048166e+01,2.053755e+01,2.046070e+01,2.050961e+01,2.052358e+01,2.054453e+01,2.062132e+01,2.060039e+01,2.061434e+01,2.048166e+01,2.064225e+01,2.063528e+01,2.057944e+01,2.053755e+01,2.057246e+01,2.056548e+01,2.064225e+01,2.056548e+01,2.076079e+01,2.057246e+01,2.057246e+01,2.055850e+01,2.053755e+01,2.059340e+01,2.059340e+01,2.052358e+01,2.057246e+01,2.057944e+01,2.060736e+01,2.045371e+01,2.049564e+01,2.057246e+01,2.060736e+01,2.062830e+01,2.067713e+01,2.062830e+01,2.049564e+01,2.051660e+01,2.050961e+01,2.055152e+01,2.054453e+01,2.053057e+01,2.048166e+01,2.054453e+01,2.052358e+01,2.054453e+01,2.043973e+01,2.048865e+01,2.054453e+01,2.049564e+01,2.048865e+01,2.053057e+01,2.048166e+01,2.049564e+01,2.047468e+01,2.049564e+01,2.048865e+01,2.048166e+01,2.065621e+01,2.048865e+01,2.047468e+01,2.058643e+01,2.060039e+01,2.046769e+01,2.049564e+01,2.052358e+01,2.049564e+01,2.050961e+01,2.050262e+01,2.049564e+01,2.048166e+01,2.051660e+01,2.046769e+01,2.038379e+01,2.053057e+01,2.039778e+01,2.036980e+01,2.039078e+01,2.042575e+01,2.036280e+01,2.048166e+01,2.030682e+01,2.048166e+01,2.034181e+01,2.048865e+01,2.046769e+01,2.047468e+01,2.046769e+01,2.048865e+01,2.049564e+01,2.046070e+01,2.046070e+01,2.052358e+01,2.064923e+01,2.056548e+01,2.054453e+01,2.049564e+01,2.047468e+01,2.045371e+01,2.045371e+01,2.043274e+01,2.040477e+01,2.050262e+01,2.037679e+01,2.049564e+01,2.041176e+01,2.029982e+01,2.053057e+01,2.036280e+01,2.033481e+01,2.029982e+01,2.029282e+01,2.039778e+01,2.039778e+01,2.040477e+01,2.039078e+01,2.040477e+01,2.025781e+01,2.022278e+01,2.022278e+01,2.025080e+01,2.027881e+01,2.038379e+01,2.039078e+01,2.033481e+01,2.026481e+01,2.028582e+01,2.034181e+01,2.035581e+01,2.045371e+01,2.030682e+01,2.035581e+01,2.038379e+01,2.037679e+01,2.039078e+01,2.036280e+01,2.040477e+01,2.043973e+01,2.039078e+01,2.033481e+01,2.023680e+01,2.039078e+01,2.032082e+01,2.036980e+01,2.051660e+01,2.034881e+01,2.034881e+01,2.039078e+01,2.028582e+01,2.025781e+01,2.044672e+01,2.051660e+01,2.079562e+01,2.081652e+01,2.087222e+01,2.080955e+01,2.087222e+01,2.080259e+01,2.091398e+01,2.082348e+01,2.088614e+01,2.087918e+01,2.077472e+01,2.088614e+01,2.081652e+01,2.085134e+01,2.086526e+01,2.076775e+01,2.090006e+01,2.093485e+01,2.080955e+01,2.083741e+01,2.099048e+01,2.094180e+01,2.073988e+01,2.092789e+01,2.090006e+01,2.076079e+01,2.085134e+01,2.092789e+01,2.093485e+01,2.080259e+01,2.084437e+01,2.088614e+01,2.087222e+01,2.074685e+01,2.090702e+01,2.084437e+01,2.075382e+01,2.078169e+01,2.080259e+01,2.083741e+01,2.080259e+01,2.080259e+01,2.071897e+01,2.083741e+01,2.084437e+01,2.082348e+01,2.086526e+01,2.087222e+01,2.087222e+01,2.079562e+01,2.089310e+01,2.079562e+01,2.076079e+01,2.077472e+01,2.087222e+01,2.093485e+01,2.071200e+01,2.076079e+01,2.071897e+01,2.090006e+01,2.073291e+01,2.080955e+01,2.081652e+01,2.083741e+01,2.086526e+01,2.083741e+01,2.085830e+01,2.073988e+01,2.072594e+01,2.089310e+01,2.073291e+01,2.081652e+01,2.078866e+01,2.078169e+01,2.077472e+01,2.071200e+01,2.076775e+01,2.066318e+01,2.002643e+01,1.989297e+01,2.013868e+01,2.049564e+01
2.076079e+01,2.083741e+01,2.073988e+01,2.080955e+01,2.067016e+01,2.069805e+01,2.073988e+01,2.060736e+01,2.066318e+01,2.071200e+01,2.051660e+01,2.062830e+01,2.060736e+01,2.059340e+01,2.039078e+01,2.048166e+01,2.030682e+01,2.034181e+01,2.020177e+01,2.038379e+01,2.029982e+01,2.033481e+01,2.013167e+01,2.034181e+01,2.029982e+01,2.020177e+01,2.004749e+01,2.021578e+01,2.010362e+01,2.014569e+01,2.013167e+01,2.008959e+01,2.008959e+01,1.997728e+01,2.000537e+01,2.000537e+01,1.987189e+01,1.999133e+01,1.974526e+01,1.964666e+01,1.963962e+01,1.966780e+01,1.982266e+01,1.974526e+01,1.991406e+01,1.989297e+01,1.990703e+01,1.987892e+01,1.987892e+01,2.002643e+01,2.001941e+01,2.003345e+01,1.998431e+01,2.005451e+01,2.004047e+01,2.004047e+01,2.010362e+01,2.000537e+01,2.005451e+01,2.007556e+01,2.003345e+01,2.000537e+01,1.998431e+01,2.004749e+01,2.009660e+01,2.001941e+01,1.997728e+01,1.999835e+01,1.992109e+01,2.003345e+01,1.994919e+01,1.994919e+01,1.997026e+01,1.993514e+01,1.998431e+01,2.001941e+01,1.999133e+01,2.008959e+01,2.008257e+01,2.012466e+01,2.016672e+01,2.005451e+01,2.015971e+01,2.022278e+01,2.019476e+01,2.019476e+01,2.015270e+01,2.018775e+01,2.018074e+01,2.028582e+01,2.018775e+01,2.033481e+01,2.018775e+01,2.019476e+01,2.042575e+01,2.020877e+01,2.032782e+01,2.033481e+01,2.043274e+01,2.030682e+01,2.034181e+01,2.031382e+01,2.046769e+01,2.038379e+01,2.046070e+01,2.049564e+01,2.044672e+01,2.042575e+01,2.045371e+01,2.050961e+01,2.056548e+01,2.057944e+01,2.044672e+01,2.041875e+01,2.051660e+01,2.047468e+01,2.057246e+01,2.030682e+01,2.050961e+01,2.032782e+01,2.036280e+01,2.050961e+01,2.039078e+01,2.025781e+01,2.030682e+01,2.028582e+01,2.032082e+01,2.029282e+01,2.034181e+01,2.029282e+01,2.020877e+01,2.022278e+01,2.024380e+01,2.027181e+01,2.030682e+01,2.036280e+01,2.029282e+01,2.032782e+01,2.038379e+01,2.036980e+01,2.027881e+01,2.032782e+01,2.040477e+01,2.032782e+01,2.028582e+01,2.041176e+01,2.030682e+01,2.027881e+01,2.047468e+01,2.019476e+01,2.029282e+01,2.022979e+01,2.027181e+01,2.025781e+01,2.018074e+01,2.022979e+01,2.015971e+01,2.018074e+01,2.006152e+01,2.013167e+01,2.024380e+01,2.012466e+01,2.030682e+01,2.039078e+01,2.039078e+01,2.032082e+01,2.032082e+01,2.039078e+01,2.029282e+01,2.038379e+01,2.039078e+01,2.036980e+01,2.035581e+01,2.041875e+01,2.041176e+01,2.042575e+01,2.039778e+01,2.039778e+01,2.033481e+01,2.043973e+01,2.048865e+01,2.050961e+01,2.051660e+01,2.048865e+01,2.054453e+01,2.046769e+01,2.044672e+01,2.048865e+01,2.051660e+01,2.052358e+01,2.055850e+01,2.046769e+01,2.050262e+01,2.046070e+01,2.045371e+01,2.042575e+01,2.047468e+01,2.046769e+01,2.044672e+01,2.038379e+01,2.042575e+01,2.040477e+01,2.041875e+01,2.041875e+01,2.041875e+01,2.039778e+01,2.031382e+01,2.041875e+01,2.046070e+01,2.050961e+01,2.047468e+01,2.048865e+01,2.052358e+01,2.050961e+01,2.050961e+01,2.056548e+01,2.050961e+01,2.055850e+01,2.056548e+01,2.054453e+01,2.045371e+01,2.050961e+01,2.062830e+01,2.052358e+01,2.058643e+01,2.062132e+01,2.062132e+01,2.059340e+01,2.066318e+01,2.071200e+01,2.057246e+01,2.064923e+01,2.062830e+01,2.067713e+01,2.064225e+01,2.060736e+01,2.064923e+01,2.067713e+01,2.067016e+01,2.071897e+01,2.064923e+01,2.049564e+01,2.071200e+01,2.067713e+01,2.062132e+01,2.061434e+01,2.075382e+01,2.068410e+01,2.064225e+01,2.070502e+01,2.064225e+01,2.070502e+01,2.060039e+01,2.063528e+01,2.064225e+01,2.064923e+01,2.054453e+01,2.067016e+01,2.064923e+01,2.067713e+01,2.072594e+01,2.070502e+01,2.067713e+01,2.062830e+01,2.078169e+01,2.078866e+01,2.062132e+01,2.064225e+01,2.055152e+01,2.067016e+01,2.069805e+01,2.065621e+01,2.050262e+01,2.057246e+01,2.021578e+01,2.023680e+01,2.015971e+01,2.010362e+01,1.984376e+01,1.975230e+01,1.954797e+01,1.934322e+01,1.915930e+01,1.911680e+01,1.891117e+01,1.881885e+01,1.881885e+01,1.888987e+01,1.867665e+01,1.877621e+01,1.864107e+01,1.866242e+01,1.862683e+01,1.861259e+01,1.856274e+01,1.889697e+01,1.947036e+01,1.968893e+01,1.986485e+01,1.986485e+01,1.980859e+01,1.991406e+01,1.990703e+01,1.999835e+01,2.027181e+01,2.031382e+01,2.029982e+01,2.053755e+01,2.055152e+01,2.060039e+01,2.061434e+01,2.059340e+01,2.063528e+01,2.060736e+01,2.062830e+01,2.067713e+01,2.055850e+01,2.050262e+01,2.064225e+01,2.057246e+01,2.065621e+01,2.058643e+01,2.072594e+01,2.064225e+01,2.071897e+01,2.066318e+01,2.063528e+01,2.064923e+01,2.071897e+01,2.071200e+01,2.062132e+01,2.070502e+01,2.069805e+01,2.073291e+01,2.076775e+01,2.067713e+01,2.057944e+01,2.058643e+01,2.073988e+01,2.061434e+01,2.074685e+01,2.067713e+01,2.064225e+01,2.063528e+01,2.069108e+01,2.062132e+01,2.053755e+01,2.057944e+01,2.058643e+01,2.058643e+01,2.055152e+01,2.057944e+01,2.053755e+01,2.050961e+01,2.053057e+01,2.055850e+01,2.053057e+01,2.055850e+01,2.055850e+01,2.064923e+01,2.054453e+01,2.056548e+01,2.051660e+01,2.055152e+01,2.060039e+01,2.059340e+01,2.060736e+01,2.057944e+01,2.064923e+01,2.073988e+01,2.064923e+01,2.063528e+01,2.064225e+01,2.070502e+01,2.057944e+01,2.055850e+01,2.060039e+01,2.065621e+01,2.060736e+01,2.055152e+01,2.061434e+01,2.054453e+01,2.057246e+01,2.056548e+01,2.060039e+01,2.055850e+01,2.062830e+01,2.054453e+01,2.059340e+01,2.055152e+01,2.064923e+01,2.048865e+01,2.046769e+01,2.048865e+01,2.059340e+01,2.051660e+01,2.062830e+01,2.046769e+01,2.053057e+01,2.048166e+01,2.057246e+01,2.046769e+01,2.052358e+01,2.050961e+01,2.050961e+01,2.053057e+01,2.058643e+01,2.059340e+01,2.061434e+01,2.052358e+01,2.056548e+01,2.062132e+01,2.063528e+01,2.053755e+01,2.057246e+01,2.054453e+01,2.054453e+01,2.060039e+01,2.053755e+01,2.058643e+01,2.050961e+01,2.047468e+01,2.051660e+01,2.054453e+01,2.061434e+01,2.069805e+01,2.057944e+01,2.056548e+01,2.066318e+01,2.063528e+01,2.061434e+01,2.043973e+01,2.045371e+01,2.056548e+01,2.047468e+01,2.052358e+01,2.050262e+01,2.051660e+01,2.055850e+01,2.047468e+01,2.061434e+01,2.045371e+01,2.053057e+01,2.050961e+01,2.055152e+01,2.052358e+01,2.053755e+01,2.052358e+01,2.056548e+01,2.052358e+01,2.046070e+01,2.055850e+01,2.050961e+01,2.048865e+01,2.043274e+01,2.048865e+01,2.036280e+01,2.052358e+01,2.042575e+01,2.053057e+01,2.052358e+01,2.052358e+01,2.050262e+01,2.050262e+01,2.043274e+01,2.042575e+01,2.055850e+01,2.060736e+01,2.055152e+01,2.042575e+01,2.050961e+01,2.052358e+01,2.049564e+01,2.049564e+01,2.048865e+01,2.057246e+01,2.050961e+01,2.041176e+01,2.048166e+01,2.043973e+01,2.041176e+01,2.040477e+01,2.041176e+01,2.041875e+01,2.036280e+01,2.040477e+01,2.039078e+01,2.035581e+01,2.036280e+01,2.046769e+01,2.047468e+01,2.050262e+01,2.055850e+01,2.052358e+01,2.048865e+01,2.048865e+01,2.052358e+01,2.054453e+01,2.051660e+01,2.052358e+01,2.044672e+01,2.046769e+01,2.043973e+01,2.044672e+01,2.043973e+01,2.046769e+01,2.056548e+01,2.045371e+01,2.042575e+01,2.050262e+01,2.039078e+01,2.033481e+01,2.053057e+01,2.031382e+01,2.029282e+01,2.034881e+01,2.030682e+01,2.033481e+01,2.037679e+01,2.027881e+01,2.029282e+01,2.041875e+01,2.020877e+01,2.027181e+01,2.041176e+01,2.037679e+01,2.022979e+01,2.020877e+01,2.025080e+01,2.033481e+01,2.039078e+01,2.023680e+01,2.035581e+01,2.035581e+01,2.039778e+01,2.039778e+01,2.047468e+01,2.029282e+01,2.041875e+01,2.041176e+01,2.046769e+01,2.038379e+01,2.044672e+01,2.039078e+01,2.044672e+01,2.031382e+01,2.040477e+01,2.032082e+01,2.043973e+01,2.048166e+01,2.033481e+01,2.040477e+01,2.041875e+01,2.028582e+01,2.038379e+01,2.023680e+01,2.045371e+01,2.060039e+01,2.087222e+01,2.086526e+01,2.083045e+01,2.077472e+01,2.082348e+01,2.084437e+01,2.086526e+01,2.085830e+01,2.092093e+01,2.082348e+01,2.080259e+01,2.086526e+01,2.082348e+01,2.083045e+01,2.085134e+01,2.090006e+01,2.088614e+01,2.080259e+01,2.092093e+01,2.081652e+01,2.085830e+01,2.089310e+01,2.092093e+01,2.083045e+01,2.072594e+01,2.095572e+01,2.096267e+01,2.080259e+01,2.088614e+01,2.079562e+01,2.076775e+01,2.084437e+01,2.081652e+01,2.080955e+01,2.079562e+01,2.076079e+01,2.087918e+01,2.085830e+01,2.075382e+01,2.086526e+01,2.095572e+01,2.075382e+01,2.084437e+01,2.084437e+01,2.082348e+01,2.082348e+01,2.083045e+01,2.078169e+01,2.079562e+01,2.089310e+01,2.090702e+01,2.077472e+01,2.089310e+01,2.091398e+01,2.083741e+01,2.094180e+01,2.094180e+01,2.097658e+01,2.090006e+01,2.085830e+01,2.093485e+01,2.088614e+01,2.083045e+01,2.083045e+01,2.087918e+01,2.086526e+01,2.078866e+01,2.078169e+01,2.086526e+01,2.082348e+01,2.072594e+01,2.085134e+01,2.086526e+01,2.074685e+01,2.072594e+01,2.076079e+01,2.084437e+01,2.041875e+01,2.003345e+01,1.996324e+01,2.013167e+01,2.051660e+01
2.069108e+01,2.069108e+01,2.074685e+01,2.069108e+01,2.078866e+01,2.074685e+01,2.063528e+01,2.073988e+01,2.070502e+01,2.073291e+01,2.062132e+01,2.059340e+01,2.052358e+01,2.043973e+01,2.043973e+01,2.036280e+01,2.036980e+01,2.022278e+01,2.041176e+01,2.025781e+01,2.036980e+01,2.016672e+01,2.025080e+01,2.021578e+01,2.020177e+01,2.010362e+01,2.012466e+01,2.003345e+01,2.001239e+01,2.009660e+01,2.008257e+01,2.009660e+01,2.002643e+01,1.997026e+01,1.997026e+01,1.994216e+01,1.995621e+01,1.999133e+01,1.973118e+01,1.978045e+01,1.963257e+01,1.973118e+01,1.976638e+01,1.970302e+01,1.987189e+01,1.987189e+01,1.984376e+01,1.995621e+01,1.990000e+01,1.997026e+01,2.004749e+01,1.984376e+01,2.006854e+01,2.001239e+01,2.000537e+01,1.997728e+01,2.005451e+01,2.008959e+01,1.996324e+01,1.999835e+01,2.013167e+01,1.995621e+01,2.001941e+01,1.988594e+01,2.008257e+01,2.008959e+01,1.999835e+01,2.006854e+01,1.992109e+01,2.000537e+01,1.996324e+01,1.997026e+01,1.993514e+01,1.999133e+01,1.996324e+01,1.999133e+01,2.001239e+01,2.004047e+01,2.003345e+01,2.007556e+01,2.004047e+01,2.007556e+01,2.010362e+01,2.021578e+01,2.017373e+01,2.020877e+01,2.018074e+01,2.020877e+01,2.020177e+01,2.020177e+01,2.012466e+01,2.026481e+01,2.029982e+01,2.021578e+01,2.027181e+01,2.025080e+01,2.027881e+01,2.029282e+01,2.034181e+01,2.029982e+01,2.037679e+01,2.040477e+01,2.037679e+01,2.043274e+01,2.043973e+01,2.041875e+01,2.052358e+01,2.048166e+01,2.053755e+01,2.053755e+01,2.046769e+01,2.056548e+01,2.039778e+01,2.043274e+01,2.041875e+01,2.044672e+01,2.045371e+01,2.074685e+01,2.053057e+01,2.046070e+01,2.039078e+01,2.032782e+01,2.032082e+01,2.032782e+01,2.027181e+01,2.034881e+01,2.025781e+01,2.025781e+01,2.025080e+01,2.018775e+01,2.034881e+01,2.021578e+01,2.004749e+01,2.018775e+01,2.032782e+01,2.022278e+01,2.010362e+01,2.023680e+01,2.027181e+01,2.027881e+01,2.034181e+01,2.033481e+01,2.033481e+01,2.032082e+01,2.032782e+01,2.026481e+01,2.032082e+01,2.020177e+01,2.027181e+01,2.028582e+01,2.019476e+01,2.020177e+01,2.022979e+01,2.015971e+01,2.014569e+01,2.019476e+01,2.020177e+01,2.003345e+01,2.023680e+01,2.024380e+01,2.017373e+01,2.019476e+01,2.023680e+01,2.024380e+01,2.021578e+01,2.028582e+01,2.034881e+01,2.033481e+01,2.035581e+01,2.036280e+01,2.037679e+01,2.036980e+01,2.037679e+01,2.037679e+01,2.041176e+01,2.047468e+01,2.043973e+01,2.044672e+01,2.044672e+01,2.046769e+01,2.050262e+01,2.051660e+01,2.053755e+01,2.053057e+01,2.043973e+01,2.053057e+01,2.044672e+01,2.049564e+01,2.048166e+01,2.052358e+01,2.050262e+01,2.056548e+01,2.055152e+01,2.048166e+01,2.046769e+01,2.050961e+01,2.046769e+01,2.048166e+01,2.043973e+01,2.045371e+01,2.044672e+01,2.043274e+01,2.032082e+01,2.053057e+01,2.047468e+01,2.046070e+01,2.045371e+01,2.034181e+01,2.032782e+01,2.036280e+01,2.046070e+01,2.052358e+01,2.044672e+01,2.048865e+01,2.052358e+01,2.052358e+01,2.040477e+01,2.052358e+01,2.054453e+01,2.043274e+01,2.054453e+01,2.057944e+01,2.065621e+01,2.058643e+01,2.061434e+01,2.062132e+01,2.066318e+01,2.055850e+01,2.063528e+01,2.064225e+01,2.064923e+01,2.065621e+01,2.064225e+01,2.064225e+01,2.065621e+01,2.070502e+01,2.057944e+01,2.055850e+01,2.059340e+01,2.067016e+01,2.064923e+01,2.071897e+01,2.066318e+01,2.060736e+01,2.062830e+01,2.061434e+01,2.069108e+01,2.064923e+01,2.068410e+01,2.065621e+01,2.067016e+01,2.072594e+01,2.062132e+01,2.060039e+01,2.065621e+01,2.067016e+01,2.064923e+01,2.065621e+01,2.068410e+01,2.048865e+01,2.073988e+01,2.073988e+01,2.061434e+01,2.065621e+01,2.065621e+01,2.061434e+01,2.063528e+01,2.068410e+01,2.060039e+01,2.061434e+01,2.069805e+01,2.067713e+01,2.050961e+01,2.050961e+01,2.048166e+01,2.022979e+01,2.029982e+01,2.008959e+01,1.982969e+01,1.968189e+01,1.941387e+01,1.929374e+01,1.914513e+01,1.901049e+01,1.898922e+01,1.894665e+01,1.879753e+01,1.869799e+01,1.881174e+01,1.883306e+01,1.866953e+01,1.859123e+01,1.866242e+01,1.859835e+01,1.874066e+01,1.919469e+01,1.971006e+01,1.982266e+01,1.981563e+01,1.984376e+01,1.987189e+01,1.989297e+01,1.994919e+01,2.013167e+01,2.020877e+01,2.024380e+01,2.028582e+01,2.056548e+01,2.052358e+01,2.043274e+01,2.058643e+01,2.060736e+01,2.053057e+01,2.057246e+01,2.055850e+01,2.059340e+01,2.062830e+01,2.064923e+01,2.067713e+01,2.053057e+01,2.069108e+01,2.067713e+01,2.062132e+01,2.062132e+01,2.055152e+01,2.062830e+01,2.067713e+01,2.067016e+01,2.069108e+01,2.067016e+01,2.071897e+01,2.062830e+01,2.071200e+01,2.067016e+01,2.069805e+01,2.075382e+01,2.059340e+01,2.057246e+01,2.060039e+01,2.064225e+01,2.061434e+01,2.064923e+01,2.067713e+01,2.067016e+01,2.059340e+01,2.065621e+01,2.060039e+01,2.044672e+01,2.061434e+01,2.060736e+01,2.058643e+01,2.055152e+01,2.055152e+01,2.057246e+01,2.054453e+01,2.057944e+01,2.059340e+01,2.058643e+01,2.057246e+01,2.055850e+01,2.057246e+01,2.053755e+01,2.055850e+01,2.048166e+01,2.052358e+01,2.053057e+01,2.062830e+01,2.061434e+01,2.059340e+01,2.067713e+01,2.060736e+01,2.057944e+01,2.069108e+01,2.053057e+01,2.067713e+01,2.062830e+01,2.047468e+01,2.060039e+01,2.061434e+01,2.055152e+01,2.053057e+01,2.051660e+01,2.050961e+01,2.054453e+01,2.066318e+01,2.065621e+01,2.055850e+01,2.060736e+01,2.055152e+01,2.055850e+01,2.048865e+01,2.048865e+01,2.050262e+01,2.058643e+01,2.043274e+01,2.048865e+01,2.051660e+01,2.051660e+01,2.048865e+01,2.046769e+01,2.050262e+01,2.052358e+01,2.050961e+01,2.048166e+01,2.045371e+01,2.049564e+01,2.055152e+01,2.052358e+01,2.051660e+01,2.048865e+01,2.050262e+01,2.052358e+01,2.051660e+01,2.056548e+01,2.050961e+01,2.061434e+01,2.058643e+01,2.064225e+01,2.051660e+01,2.049564e+01,2.051660e+01,2.053755e+01,2.050262e+01,2.056548e+01,2.050262e+01,2.057944e+01,2.056548e+01,2.057246e+01,2.067016e+01,2.053057e+01,2.062830e+01,2.043973e+01,2.063528e+01,2.050262e+01,2.050961e+01,2.051660e+01,2.050262e+01,2.052358e+01,2.053755e+01,2.057246e+01,2.062830e+01,2.055152e+01,2.057944e+01,2.052358e+01,2.064225e+01,2.053755e+01,2.055152e+01,2.046769e+01,2.055850e+01,2.043973e+01,2.043274e+01,2.046070e+01,2.048166e+01,2.048166e+01,2.043274e+01,2.039778e+01,2.042575e+01,2.038379e+01,2.048166e+01,2.053057e+01,2.044672e+01,2.046070e+01,2.048865e+01,2.040477e+01,2.047468e+01,2.046070e+01,2.048865e+01,2.055850e+01,2.046769e+01,2.053755e+01,2.051660e+01,2.046769e+01,2.046769e+01,2.045371e+01,2.048166e+01,2.046070e+01,2.050961e+01,2.046070e+01,2.045371e+01,2.041875e+01,2.039778e+01,2.042575e+01,2.041176e+01,2.041875e+01,2.039078e+01,2.033481e+01,2.043274e+01,2.037679e+01,2.043274e+01,2.048166e+01,2.041875e+01,2.053057e+01,2.047468e+01,2.044672e+01,2.058643e+01,2.060039e+01,2.045371e+01,2.054453e+01,2.048865e+01,2.046070e+01,2.048865e+01,2.044672e+01,2.046070e+01,2.044672e+01,2.044672e+01,2.043274e+01,2.047468e+01,2.044672e+01,2.050262e+01,2.041176e+01,2.053057e+01,2.034181e+01,2.031382e+01,2.031382e+01,2.027181e+01,2.031382e+01,2.029982e+01,2.022979e+01,2.029982e+01,2.038379e+01,2.039778e+01,2.044672e+01,2.026481e+01,2.020177e+01,2.032782e+01,2.034181e+01,2.020877e+01,2.035581e+01,2.022979e+01,2.020877e+01,2.030682e+01,2.027881e+01,2.022278e+01,2.018775e+01,2.034881e+01,2.026481e+01,2.035581e+01,2.033481e+01,2.038379e+01,2.042575e+01,2.043274e+01,2.042575e+01,2.046070e+01,2.039078e+01,2.035581e+01,2.038379e+01,2.050262e+01,2.041176e+01,2.039778e+01,2.045371e+01,2.052358e+01,2.038379e+01,2.027881e+01,2.027181e+01,2.013868e+01,2.024380e+01,2.046070e+01,2.055850e+01,2.073291e+01,2.076079e+01,2.088614e+01,2.092789e+01,2.083045e+01,2.092789e+01,2.090702e+01,2.080955e+01,2.083045e+01,2.084437e+01,2.080259e+01,2.082348e+01,2.089310e+01,2.071200e+01,2.092789e+01,2.087918e+01,2.073291e+01,2.091398e+01,2.088614e+01,2.086526e+01,2.084437e+01,2.084437e+01,2.083045e+01,2.071200e+01,2.085134e+01,2.085134e+01,2.082348e+01,2.079562e+01,2.083045e+01,2.080259e+01,2.083045e+01,2.084437e+01,2.070502e+01,2.073988e+01,2.075382e+01,2.092093e+01,2.086526e+01,2.094180e+01,2.085134e+01,2.083741e+01,2.076775e+01,2.079562e+01,2.087918e+01,2.076775e+01,2.068410e+01,2.080259e+01,2.077472e+01,2.050262e+01,2.091398e+01,2.084437e+01,2.084437e+01,2.087222e+01,2.079562e+01,2.086526e+01,2.067016e+01,2.077472e+01,2.069108e+01,2.081652e+01,2.097658e+01,2.080955e+01,2.087918e+01,2.088614e+01,2.083741e+01,2.078169e+01,2.073988e+01,2.081652e+01,2.076079e+01,2.081652e+01,2.087222e+01,2.082348e+01,2.083045e+01,2.087918e+01,2.091398e+01,2.088614e+01,2.076079e+01,2.073988e+01,2.062830e+01,2.038379e+01,2.001239e+01,2.003345e+01,2.015270e+01,2.049564e+01
2.070502e+01,2.060039e+01,2.073988e+01,2.070502e+01,2.083045e+01,2.074685e+01,2.062132e+01,2.067016e+01,2.069108e+01,2.057246e+01,2.065621e+01,2.059340e+01,2.058643e+01,2.044672e+01,2.040477e+01,2.039078e+01,2.031382e+01,2.030682e+01,2.035581e+01,2.038379e+01,2.013167e+01,2.024380e+01,2.020177e+01,2.029982e+01,2.016672e+01,2.021578e+01,2.015971e+01,2.004749e+01,2.012466e+01,2.006854e+01,2.013868e+01,2.009660e+01,2.004749e+01,1.996324e+01,1.994919e+01,1.999133e+01,1.997026e+01,1.975230e+01,1.973118e+01,1.978749e+01,1.975230e+01,1.982969e+01,1.968189e+01,1.970302e+01,1.964666e+01,1.987892e+01,1.992109e+01,1.992109e+01,1.999133e+01,2.004047e+01,2.004749e+01,2.006152e+01,2.007556e+01,2.006854e+01,2.006152e+01,2.003345e+01,2.005451e+01,2.004047e+01,1.994216e+01,2.014569e+01,2.001941e+01,2.001941e+01,2.012466e+01,2.002643e+01,2.004047e+01,2.000537e+01,1.992109e+01,2.001941e+01,1.997026e+01,2.001941e+01,2.003345e+01,2.013167e+01,2.001239e+01,1.997026e+01,1.998431e+01,1.999835e+01,2.004749e+01,2.011764e+01,2.010362e+01,2.010362e+01,2.009660e+01,2.008959e+01,2.023680e+01,2.013167e+01,2.023680e+01,2.020177e+01,2.020877e+01,2.021578e+01,2.018775e+01,2.018074e+01,2.023680e+01,2.022979e+01,2.019476e+01,2.015270e+01,2.029282e+01,2.013167e+01,2.039078e+01,2.045371e+01,2.028582e+01,2.045371e+01,2.031382e+01,2.036280e+01,2.046070e+01,2.043973e+01,2.042575e+01,2.043973e+01,2.041875e+01,2.041875e+01,2.036280e+01,2.046769e+01,2.048865e+01,2.050262e+01,2.043973e+01,2.045371e+01,2.053057e+01,2.054453e+01,2.039778e+01,2.053057e+01,2.035581e+01,2.046070e+01,2.038379e+01,2.033481e+01,2.035581e+01,2.033481e+01,2.025781e+01,2.028582e+01,2.027881e+01,2.031382e+01,2.020177e+01,2.019476e+01,2.029982e+01,2.018775e+01,2.028582e+01,2.030682e+01,2.015270e+01,2.024380e+01,2.033481e+01,2.025080e+01,2.025080e+01,2.031382e+01,2.032082e+01,2.027881e+01,2.030682e+01,2.029982e+01,2.028582e+01,2.029282e+01,2.027181e+01,2.021578e+01,2.029282e+01,2.020177e+01,2.020877e+01,2.017373e+01,2.013167e+01,2.031382e+01,2.016672e+01,2.015270e+01,2.015270e+01,2.015971e+01,2.011063e+01,2.021578e+01,2.014569e+01,2.025781e+01,2.026481e+01,2.029282e+01,2.030682e+01,2.035581e+01,2.032082e+01,2.033481e+01,2.034881e+01,2.034181e+01,2.034181e+01,2.038379e+01,2.039078e+01,2.039078e+01,2.043973e+01,2.043973e+01,2.046769e+01,2.044672e+01,2.037679e+01,2.046769e+01,2.039778e+01,2.050262e+01,2.054453e+01,2.054453e+01,2.052358e+01,2.052358e+01,2.053057e+01,2.043274e+01,2.054453e+01,2.063528e+01,2.054453e+01,2.055152e+01,2.048865e+01,2.045371e+01,2.044672e+01,2.045371e+01,2.048166e+01,2.043274e+01,2.048166e+01,2.041176e+01,2.043973e+01,2.052358e+01,2.042575e+01,2.040477e+01,2.049564e+01,2.049564e+01,2.043973e+01,2.046769e+01,2.046070e+01,2.029982e+01,2.051660e+01,2.046769e+01,2.042575e+01,2.046070e+01,2.039778e+01,2.053755e+01,2.054453e+01,2.049564e+01,2.055152e+01,2.061434e+01,2.047468e+01,2.058643e+01,2.063528e+01,2.062132e+01,2.062830e+01,2.053755e+01,2.062132e+01,2.054453e+01,2.055152e+01,2.064225e+01,2.067016e+01,2.055152e+01,2.059340e+01,2.063528e+01,2.067713e+01,2.071200e+01,2.062132e+01,2.070502e+01,2.069108e+01,2.064923e+01,2.067016e+01,2.072594e+01,2.076079e+01,2.068410e+01,2.061434e+01,2.064225e+01,2.062830e+01,2.069805e+01,2.072594e+01,2.064225e+01,2.066318e+01,2.070502e+01,2.062132e+01,2.069108e+01,2.066318e+01,2.066318e+01,2.068410e+01,2.067713e+01,2.063528e+01,2.074685e+01,2.062830e+01,2.074685e+01,2.061434e+01,2.062830e+01,2.062132e+01,2.067016e+01,2.071200e+01,2.067713e+01,2.064923e+01,2.061434e+01,2.071897e+01,2.053057e+01,2.055850e+01,2.035581e+01,2.064923e+01,2.018074e+01,2.017373e+01,1.990000e+01,1.975934e+01,1.970302e+01,1.938562e+01,1.936442e+01,1.918054e+01,1.899631e+01,1.897503e+01,1.895375e+01,1.881174e+01,1.876199e+01,1.883306e+01,1.872644e+01,1.866953e+01,1.861971e+01,1.862683e+01,1.863395e+01,1.910972e+01,1.944918e+01,1.973822e+01,1.981563e+01,1.983673e+01,1.989297e+01,1.987189e+01,1.993514e+01,1.997728e+01,1.999835e+01,2.012466e+01,2.021578e+01,2.041176e+01,2.029282e+01,2.050961e+01,2.062132e+01,2.062830e+01,2.062830e+01,2.060039e+01,2.060736e+01,2.057246e+01,2.064923e+01,2.056548e+01,2.061434e+01,2.070502e+01,2.070502e+01,2.076775e+01,2.055152e+01,2.066318e+01,2.062830e+01,2.055850e+01,2.057246e+01,2.066318e+01,2.073988e+01,2.060736e+01,2.073988e+01,2.071897e+01,2.063528e+01,2.066318e+01,2.067016e+01,2.057944e+01,2.066318e+01,2.065621e+01,2.061434e+01,2.064225e+01,2.067016e+01,2.068410e+01,2.067016e+01,2.067016e+01,2.066318e+01,2.083741e+01,2.067713e+01,2.069108e+01,2.055850e+01,2.055152e+01,2.061434e+01,2.054453e+01,2.053755e+01,2.053057e+01,2.053755e+01,2.055152e+01,2.052358e+01,2.057944e+01,2.060039e+01,2.058643e+01,2.054453e+01,2.055152e+01,2.053755e+01,2.049564e+01,2.060736e+01,2.054453e+01,2.058643e+01,2.061434e+01,2.061434e+01,2.053057e+01,2.060039e+01,2.057944e+01,2.057944e+01,2.047468e+01,2.047468e+01,2.065621e+01,2.053755e+01,2.055850e+01,2.061434e+01,2.063528e+01,2.057246e+01,2.056548e+01,2.050961e+01,2.052358e+01,2.054453e+01,2.048166e+01,2.049564e+01,2.053755e+01,2.052358e+01,2.062132e+01,2.051660e+01,2.047468e+01,2.048865e+01,2.046769e+01,2.047468e+01,2.040477e+01,2.039078e+01,2.051660e+01,2.051660e+01,2.050262e+01,2.048166e+01,2.058643e+01,2.051660e+01,2.045371e+01,2.053057e+01,2.053755e+01,2.041176e+01,2.043973e+01,2.050262e+01,2.049564e+01,2.053057e+01,2.070502e+01,2.057246e+01,2.054453e+01,2.052358e+01,2.050961e+01,2.061434e+01,2.048166e+01,2.047468e+01,2.059340e+01,2.050262e+01,2.057944e+01,2.057246e+01,2.052358e+01,2.053057e+01,2.060039e+01,2.057944e+01,2.055850e+01,2.057246e+01,2.066318e+01,2.054453e+01,2.044672e+01,2.044672e+01,2.057246e+01,2.060736e+01,2.050961e+01,2.048865e+01,2.051660e+01,2.058643e+01,2.051660e+01,2.033481e+01,2.047468e+01,2.050961e+01,2.065621e+01,2.050262e+01,2.040477e+01,2.054453e+01,2.054453e+01,2.053057e+01,2.055152e+01,2.048865e+01,2.048166e+01,2.056548e+01,2.047468e+01,2.055152e+01,2.048865e+01,2.048166e+01,2.048166e+01,2.051660e+01,2.047468e+01,2.053755e+01,2.041875e+01,2.050262e+01,2.048865e+01,2.048865e+01,2.046769e+01,2.038379e+01,2.045371e+01,2.042575e+01,2.051660e+01,2.041176e+01,2.049564e+01,2.052358e+01,2.046070e+01,2.049564e+01,2.046070e+01,2.048166e+01,2.043274e+01,2.046769e+01,2.043274e+01,2.039778e+01,2.040477e+01,2.048865e+01,2.043274e+01,2.039778e+01,2.032082e+01,2.041875e+01,2.023680e+01,2.036280e+01,2.041176e+01,2.034181e+01,2.048166e+01,2.038379e+01,2.039078e+01,2.046070e+01,2.052358e+01,2.049564e+01,2.057246e+01,2.070502e+01,2.063528e+01,2.048166e+01,2.049564e+01,2.054453e+01,2.050262e+01,2.042575e+01,2.055850e+01,2.043274e+01,2.058643e+01,2.045371e+01,2.042575e+01,2.040477e+01,2.044672e+01,2.037679e+01,2.027881e+01,2.019476e+01,2.022278e+01,2.036280e+01,2.036980e+01,2.029282e+01,2.041176e+01,2.038379e+01,2.032782e+01,2.036980e+01,2.033481e+01,2.020877e+01,2.020877e+01,2.027881e+01,2.020177e+01,2.023680e+01,2.022278e+01,2.019476e+01,2.022278e+01,2.031382e+01,2.016672e+01,2.019476e+01,2.018074e+01,2.015270e+01,2.027181e+01,2.031382e+01,2.028582e+01,2.040477e+01,2.039778e+01,2.043274e+01,2.042575e+01,2.038379e+01,2.048865e+01,2.038379e+01,2.040477e+01,2.033481e+01,2.043973e+01,2.039778e+01,2.050262e+01,2.046769e+01,2.032782e+01,2.026481e+01,2.012466e+01,2.030682e+01,2.032082e+01,2.057246e+01,2.051660e+01,2.078866e+01,2.084437e+01,2.077472e+01,2.090702e+01,2.080955e+01,2.083741e+01,2.084437e+01,2.080955e+01,2.083741e+01,2.087918e+01,2.084437e+01,2.091398e+01,2.082348e+01,2.090006e+01,2.074685e+01,2.090006e+01,2.074685e+01,2.085134e+01,2.083741e+01,2.083045e+01,2.083045e+01,2.090006e+01,2.092789e+01,2.087222e+01,2.083741e+01,2.081652e+01,2.080259e+01,2.080259e+01,2.083741e+01,2.080955e+01,2.083045e+01,2.081652e+01,2.081652e+01,2.076079e+01,2.070502e+01,2.080259e+01,2.084437e+01,2.076775e+01,2.084437e+01,2.088614e+01,2.080955e+01,2.087918e+01,2.084437e+01,2.079562e+01,2.078866e+01,2.085134e+01,2.083045e+01,2.091398e+01,2.087918e+01,2.082348e+01,2.075382e+01,2.082348e+01,2.081652e+01,2.084437e+01,2.083045e+01,2.088614e+01,2.067016e+01,2.083741e+01,2.092093e+01,2.085830e+01,2.085830e+01,2.073988e+01,2.083045e+01,2.083045e+01,2.085830e+01,2.085134e+01,2.071200e+01,2.081652e+01,2.082348e+01,2.089310e+01,2.078169e+01,2.076775e+01,2.083045e+01,2.074685e+01,2.071200e+01,2.061434e+01,2.005451e+01,1.989297e+01,2.001239e+01,2.015971e+01,2.050961e+01
2.081652e+01,2.077472e+01,2.078866e+01,2.076775e+01,2.076079e+01,2.077472e+01,2.073291e+01,2.071200e+01,2.063528e+01,2.073988e+01,2.060039e+01,2.073291e+01,2.055152e+01,2.043973e+01,2.050961e+01,2.034181e+01,2.039778e+01,2.029282e+01,2.037679e+01,2.015270e+01,2.034881e+01,2.023680e+01,2.017373e+01,2.027881e+01,2.021578e+01,2.015971e+01,2.018074e+01,2.015270e+01,2.008257e+01,2.010362e+01,2.008257e+01,2.003345e+01,2.005451e+01,1.994919e+01,1.997026e+01,1.998431e+01,1.992109e+01,1.977341e+01,1.985079e+01,1.982266e+01,1.978749e+01,1.985079e+01,1.987892e+01,1.982969e+01,1.987189e+01,1.989297e+01,1.987892e+01,1.992811e+01,1.997728e+01,2.003345e+01,2.006854e+01,2.014569e+01,2.010362e+01,2.010362e+01,1.999835e+01,2.008257e+01,2.004047e+01,2.004047e+01,2.001239e+01,2.002643e+01,2.012466e+01,1.997026e+01,1.999133e+01,2.004749e+01,1.992811e+01,1.985782e+01,1.989297e+01,2.005451e+01,1.997026e+01,2.001239e+01,1.995621e+01,1.995621e+01,1.994216e+01,1.997728e+01,1.997728e+01,2.000537e+01,2.001941e+01,2.007556e+01,2.001239e+01,2.003345e+01,2.002643e+01,2.022278e+01,2.007556e+01,2.015971e+01,2.011764e+01,2.008257e+01,2.022278e+01,2.025781e+01,2.025781e+01,2.022979e+01,2.015971e+01,2.022979e+01,2.020877e+01,2.019476e+01,2.028582e+01,2.032082e+01,2.030682e+01,2.032082e+01,2.029982e+01,2.043973e+01,2.048166e+01,2.035581e+01,2.043973e+01,2.049564e+01,2.036280e+01,2.043274e+01,2.045371e+01,2.032782e+01,2.052358e+01,2.041875e+01,2.039078e+01,2.052358e+01,2.039078e+01,2.039778e+01,2.048166e+01,2.038379e+01,2.047468e+01,2.043274e+01,2.043973e+01,2.044672e+01,2.043274e+01,2.043274e+01,2.029282e+01,2.027881e+01,2.027181e+01,2.023680e+01,2.022278e+01,2.029282e+01,2.027881e+01,2.020877e+01,2.025781e+01,2.030682e+01,2.031382e+01,2.029282e+01,2.025080e+01,2.029982e+01,2.022979e+01,2.022278e+01,2.029982e+01,2.026481e+01,2.027881e+01,2.005451e+01,2.031382e+01,2.029982e+01,2.024380e+01,2.027181e+01,2.020877e+01,2.025080e+01,2.022278e+01,2.018074e+01,2.024380e+01,2.022278e+01,2.011063e+01,2.014569e+01,2.019476e+01,2.016672e+01,2.018775e+01,2.018775e+01,2.030682e+01,2.025080e+01,2.028582e+01,2.027881e+01,2.027181e+01,2.032082e+01,2.027181e+01,2.025080e+01,2.032782e+01,2.034881e+01,2.029982e+01,2.036980e+01,2.040477e+01,2.035581e+01,2.037679e+01,2.041875e+01,2.041875e+01,2.041875e+01,2.046769e+01,2.041875e+01,2.047468e+01,2.052358e+01,2.048166e+01,2.052358e+01,2.050262e+01,2.055152e+01,2.053057e+01,2.043274e+01,2.057246e+01,2.050262e+01,2.055152e+01,2.037679e+01,2.050262e+01,2.053057e+01,2.052358e+01,2.044672e+01,2.042575e+01,2.037679e+01,2.040477e+01,2.047468e+01,2.049564e+01,2.043973e+01,2.042575e+01,2.041875e+01,2.039078e+01,2.052358e+01,2.047468e+01,2.037679e+01,2.044672e+01,2.045371e+01,2.047468e+01,2.046769e+01,2.043973e+01,2.048166e+01,2.046769e+01,2.041875e+01,2.042575e+01,2.057944e+01,2.057246e+01,2.058643e+01,2.052358e+01,2.050961e+01,2.053755e+01,2.067713e+01,2.065621e+01,2.060039e+01,2.061434e+01,2.052358e+01,2.055152e+01,2.064923e+01,2.058643e+01,2.063528e+01,2.061434e+01,2.057246e+01,2.057944e+01,2.057246e+01,2.060736e+01,2.064923e+01,2.068410e+01,2.066318e+01,2.061434e+01,2.066318e+01,2.071200e+01,2.071200e+01,2.071897e+01,2.066318e+01,2.068410e+01,2.064225e+01,2.070502e+01,2.070502e+01,2.069805e+01,2.070502e+01,2.069108e+01,2.065621e+01,2.069108e+01,2.067713e+01,2.062132e+01,2.069108e+01,2.065621e+01,2.060039e+01,2.062830e+01,2.063528e+01,2.068410e+01,2.058643e+01,2.065621e+01,2.073291e+01,2.067016e+01,2.066318e+01,2.072594e+01,2.069805e+01,2.067016e+01,2.064225e+01,2.064225e+01,2.063528e+01,2.053755e+01,2.044672e+01,2.025080e+01,2.029982e+01,2.013868e+01,2.008257e+01,1.979452e+01,1.966780e+01,1.952681e+01,1.926545e+01,1.904594e+01,1.899631e+01,1.896794e+01,1.893956e+01,1.879042e+01,1.885437e+01,1.881174e+01,1.867665e+01,1.874777e+01,1.860547e+01,1.866242e+01,1.884726e+01,1.917346e+01,1.963962e+01,1.982266e+01,1.983673e+01,1.987892e+01,2.000537e+01,1.992109e+01,1.992109e+01,2.004749e+01,1.987892e+01,2.020877e+01,2.021578e+01,2.033481e+01,2.052358e+01,2.051660e+01,2.056548e+01,2.058643e+01,2.057944e+01,2.060039e+01,2.056548e+01,2.057944e+01,2.065621e+01,2.052358e+01,2.076079e+01,2.083045e+01,2.060736e+01,2.062830e+01,2.073291e+01,2.069108e+01,2.063528e+01,2.070502e+01,2.061434e+01,2.059340e+01,2.071200e+01,2.075382e+01,2.076775e+01,2.067713e+01,2.067713e+01,2.064225e+01,2.067713e+01,2.075382e+01,2.064225e+01,2.058643e+01,2.064225e+01,2.063528e+01,2.069108e+01,2.070502e+01,2.067016e+01,2.053755e+01,2.069805e+01,2.071200e+01,2.054453e+01,2.057246e+01,2.056548e+01,2.052358e+01,2.053057e+01,2.057246e+01,2.050262e+01,2.060039e+01,2.051660e+01,2.049564e+01,2.053755e+01,2.046769e+01,2.046769e+01,2.056548e+01,2.058643e+01,2.065621e+01,2.050262e+01,2.064225e+01,2.050961e+01,2.067713e+01,2.049564e+01,2.053057e+01,2.059340e+01,2.062830e+01,2.069108e+01,2.068410e+01,2.069108e+01,2.050961e+01,2.070502e+01,2.053755e+01,2.066318e+01,2.055152e+01,2.062132e+01,2.053057e+01,2.053755e+01,2.053057e+01,2.057246e+01,2.059340e+01,2.052358e+01,2.055850e+01,2.059340e+01,2.055152e+01,2.054453e+01,2.050961e+01,2.056548e+01,2.048166e+01,2.049564e+01,2.046769e+01,2.046769e+01,2.050262e+01,2.033481e+01,2.034881e+01,2.051660e+01,2.034881e+01,2.049564e+01,2.037679e+01,2.043973e+01,2.053057e+01,2.050961e+01,2.041176e+01,2.039778e+01,2.043274e+01,2.048166e+01,2.049564e+01,2.050961e+01,2.051660e+01,2.051660e+01,2.050262e+01,2.045371e+01,2.046769e+01,2.049564e+01,2.060039e+01,2.048865e+01,2.049564e+01,2.055152e+01,2.057246e+01,2.057246e+01,2.057944e+01,2.059340e+01,2.060039e+01,2.059340e+01,2.050961e+01,2.060039e+01,2.059340e+01,2.063528e+01,2.067713e+01,2.060039e+01,2.060736e+01,2.057944e+01,2.071200e+01,2.059340e+01,2.049564e+01,2.069108e+01,2.054453e+01,2.054453e+01,2.054453e+01,2.051660e+01,2.050262e+01,2.053057e+01,2.039778e+01,2.050262e+01,2.053755e+01,2.055850e+01,2.054453e+01,2.046070e+01,2.049564e+01,2.048865e+01,2.046769e+01,2.038379e+01,2.050262e+01,2.042575e+01,2.039778e+01,2.041176e+01,2.049564e+01,2.051660e+01,2.048865e+01,2.050961e+01,2.047468e+01,2.039078e+01,2.053057e+01,2.047468e+01,2.047468e+01,2.048865e+01,2.054453e+01,2.049564e+01,2.046070e+01,2.053755e+01,2.046070e+01,2.046070e+01,2.043274e+01,2.050961e+01,2.041875e+01,2.041875e+01,2.043973e+01,2.040477e+01,2.040477e+01,2.041176e+01,2.053057e+01,2.035581e+01,2.036280e+01,2.039078e+01,2.034181e+01,2.037679e+01,2.036980e+01,2.038379e+01,2.046769e+01,2.041176e+01,2.052358e+01,2.050961e+01,2.053057e+01,2.057944e+01,2.062830e+01,2.051660e+01,2.053755e+01,2.048865e+01,2.052358e+01,2.046070e+01,2.054453e+01,2.048166e+01,2.048865e+01,2.048865e+01,2.049564e+01,2.039078e+01,2.038379e+01,2.030682e+01,2.029982e+01,2.028582e+01,2.039778e+01,2.039078e+01,2.034181e+01,2.027181e+01,2.039778e+01,2.029282e+01,2.038379e+01,2.027881e+01,2.033481e+01,2.025781e+01,2.022979e+01,2.021578e+01,2.028582e+01,2.020877e+01,2.018074e+01,2.020177e+01,2.018775e+01,2.017373e+01,2.015270e+01,2.017373e+01,2.011063e+01,2.015270e+01,2.014569e+01,2.013868e+01,2.028582e+01,2.025781e+01,2.021578e+01,2.036980e+01,2.036280e+01,2.043274e+01,2.043973e+01,2.039778e+01,2.037679e+01,2.029982e+01,2.041176e+01,2.042575e+01,2.046070e+01,2.035581e+01,2.057246e+01,2.059340e+01,2.046769e+01,2.036280e+01,2.032782e+01,2.027181e+01,2.036280e+01,2.055850e+01,2.076079e+01,2.076775e+01,2.087918e+01,2.082348e+01,2.085134e+01,2.087918e+01,2.090006e+01,2.085134e+01,2.093485e+01,2.090702e+01,2.090702e+01,2.085830e+01,2.091398e+01,2.089310e+01,2.080955e+01,2.089310e+01,2.091398e+01,2.088614e+01,2.087918e+01,2.083741e+01,2.085134e+01,2.083045e+01,2.079562e+01,2.067713e+01,2.083741e+01,2.083045e+01,2.085830e+01,2.085830e+01,2.081652e+01,2.082348e+01,2.084437e+01,2.069805e+01,2.082348e+01,2.083045e+01,2.078169e+01,2.081652e+01,2.082348e+01,2.082348e+01,2.080259e+01,2.085134e+01,2.084437e+01,2.083045e+01,2.085830e+01,2.086526e+01,2.074685e+01,2.086526e+01,2.089310e+01,2.085830e+01,2.082348e+01,2.099744e+01,2.081652e+01,2.090702e+01,2.089310e+01,2.089310e+01,2.088614e+01,2.085134e+01,2.078169e+01,2.083045e+01,2.098353e+01,2.076079e+01,2.084437e+01,2.078866e+01,2.089310e+01,2.086526e+01,2.089310e+01,2.087918e+01,2.083045e+01,2.101134e+01,2.083045e+01,2.084437e+01,2.079562e+01,2.080259e+01,2.095572e+01,2.092789e+01,2.067713e+01,2.081652e+01,2.040477e+01,2.007556e+01,1.985782e+01,2.007556e+01,2.053057e+01,2.064923e+01
2.080955e+01,2.080259e+01,2.076079e+01,2.079562e+01,2.076775e+01,2.078169e+01,2.067713e+01,2.068410e+01,2.078169e+01,2.068410e+01,2.064923e+01,2.057944e+01,2.049564e+01,2.052358e+01,2.043973e+01,2.034181e+01,2.033481e+01,2.039778e+01,2.034181e+01,2.020877e+01,2.020177e+01,2.023680e+01,2.019476e+01,2.019476e+01,2.015270e+01,2.015971e+01,2.028582e+01,2.016672e+01,2.006152e+01,2.005451e+01,2.004047e+01,1.996324e+01,1.995621e+01,1.994919e+01,1.999835e+01,1.993514e+01,1.993514e+01,1.990703e+01,1.987892e+01,1.980859e+01,1.994919e+01,1.987189e+01,1.985079e+01,1.998431e+01,1.987892e+01,1.990000e+01,1.993514e+01,1.991406e+01,2.009660e+01,1.995621e+01,2.014569e+01,2.009660e+01,2.010362e+01,2.013167e+01,2.013868e+01,2.008257e+01,2.020177e+01,2.009660e+01,2.015270e+01,2.008257e+01,2.015971e+01,2.008257e+01,2.011063e+01,2.015270e+01,2.008257e+01,2.010362e+01,2.006152e+01,2.000537e+01,1.994216e+01,1.995621e+01,1.997728e+01,1.997026e+01,2.003345e+01,2.012466e+01,1.997728e+01,2.002643e+01,2.000537e+01,1.999835e+01,2.009660e+01,2.002643e+01,2.008959e+01,2.014569e+01,2.015270e+01,2.001239e+01,2.023680e+01,2.003345e+01,2.020177e+01,2.022278e+01,2.017373e+01,2.024380e+01,2.012466e+01,2.025781e+01,2.018775e+01,2.027881e+01,2.023680e+01,2.029282e+01,2.035581e+01,2.032082e+01,2.020177e+01,2.031382e+01,2.034881e+01,2.032782e+01,2.046070e+01,2.040477e+01,2.040477e+01,2.041875e+01,2.048166e+01,2.046769e+01,2.046769e+01,2.048865e+01,2.052358e+01,2.053057e+01,2.053755e+01,2.043973e+01,2.042575e+01,2.041875e+01,2.045371e+01,2.038379e+01,2.050961e+01,2.043274e+01,2.039778e+01,2.039778e+01,2.048166e+01,2.025080e+01,2.025781e+01,2.027181e+01,2.020177e+01,2.027181e+01,2.027181e+01,2.028582e+01,2.019476e+01,2.029282e+01,2.032082e+01,2.029282e+01,2.025781e+01,2.027881e+01,2.013167e+01,2.023680e+01,2.025080e+01,2.032082e+01,2.020877e+01,2.028582e+01,2.023680e+01,2.023680e+01,2.026481e+01,2.025080e+01,2.024380e+01,2.022278e+01,2.026481e+01,2.018775e+01,2.022278e+01,2.013167e+01,2.008257e+01,2.014569e+01,2.012466e+01,2.014569e+01,2.019476e+01,2.029982e+01,2.018775e+01,2.014569e+01,2.015971e+01,2.022979e+01,2.029982e+01,2.031382e+01,2.027881e+01,2.029282e+01,2.041176e+01,2.032782e+01,2.037679e+01,2.039778e+01,2.036980e+01,2.036280e+01,2.032782e+01,2.041176e+01,2.042575e+01,2.041875e+01,2.048166e+01,2.045371e+01,2.048865e+01,2.041176e+01,2.050961e+01,2.049564e+01,2.051660e+01,2.050262e+01,2.052358e+01,2.053755e+01,2.044672e+01,2.043274e+01,2.060736e+01,2.046769e+01,2.047468e+01,2.048166e+01,2.055152e+01,2.052358e+01,2.041875e+01,2.054453e+01,2.048865e+01,2.050961e+01,2.037679e+01,2.034181e+01,2.025781e+01,2.046070e+01,2.045371e+01,2.044672e+01,2.047468e+01,2.048166e+01,2.046769e+01,2.047468e+01,2.046769e+01,2.047468e+01,2.046769e+01,2.044672e+01,2.047468e+01,2.039078e+01,2.048865e+01,2.050961e+01,2.051660e+01,2.050961e+01,2.051660e+01,2.052358e+01,2.060039e+01,2.061434e+01,2.062132e+01,2.062830e+01,2.061434e+01,2.063528e+01,2.057944e+01,2.056548e+01,2.055850e+01,2.060736e+01,2.062830e+01,2.069108e+01,2.060039e+01,2.059340e+01,2.062132e+01,2.064225e+01,2.067713e+01,2.067016e+01,2.091398e+01,2.069805e+01,2.069805e+01,2.076079e+01,2.071200e+01,2.071200e+01,2.062830e+01,2.067713e+01,2.064225e+01,2.062830e+01,2.060736e+01,2.071200e+01,2.067713e+01,2.058643e+01,2.062830e+01,2.064923e+01,2.064923e+01,2.074685e+01,2.061434e+01,2.061434e+01,2.074685e+01,2.073988e+01,2.060736e+01,2.064225e+01,2.064225e+01,2.072594e+01,2.075382e+01,2.069108e+01,2.073291e+01,2.068410e+01,2.069108e+01,2.069108e+01,2.063528e+01,2.063528e+01,2.051660e+01,2.049564e+01,2.033481e+01,2.029982e+01,2.011764e+01,2.002643e+01,1.966780e+01,1.963962e+01,1.935029e+01,1.937149e+01,1.910264e+01,1.903885e+01,1.898922e+01,1.911680e+01,1.886857e+01,1.890407e+01,1.877621e+01,1.859123e+01,1.854137e+01,1.868376e+01,1.884726e+01,1.908847e+01,1.920177e+01,1.943506e+01,1.980859e+01,1.976638e+01,1.987189e+01,1.985782e+01,1.994216e+01,1.997728e+01,1.993514e+01,1.999133e+01,2.019476e+01,2.020177e+01,2.021578e+01,2.040477e+01,2.043274e+01,2.055152e+01,2.050262e+01,2.057246e+01,2.062132e+01,2.064225e+01,2.063528e+01,2.066318e+01,2.072594e+01,2.062132e+01,2.068410e+01,2.064225e+01,2.066318e+01,2.068410e+01,2.069108e+01,2.064225e+01,2.060039e+01,2.077472e+01,2.066318e+01,2.073988e+01,2.072594e+01,2.065621e+01,2.073988e+01,2.061434e+01,2.057944e+01,2.062830e+01,2.062830e+01,2.067713e+01,2.067713e+01,2.068410e+01,2.070502e+01,2.069108e+01,2.070502e+01,2.058643e+01,2.062132e+01,2.070502e+01,2.068410e+01,2.069108e+01,2.059340e+01,2.057246e+01,2.060039e+01,2.061434e+01,2.048865e+01,2.053057e+01,2.053057e+01,2.049564e+01,2.049564e+01,2.055152e+01,2.048166e+01,2.055850e+01,2.054453e+01,2.070502e+01,2.053755e+01,2.053755e+01,2.064225e+01,2.057944e+01,2.052358e+01,2.064923e+01,2.064923e+01,2.071200e+01,2.062132e+01,2.069108e+01,2.065621e+01,2.064923e+01,2.067713e+01,2.067713e+01,2.055850e+01,2.058643e+01,2.053057e+01,2.054453e+01,2.065621e+01,2.055152e+01,2.055152e+01,2.055152e+01,2.054453e+01,2.053057e+01,2.045371e+01,2.046769e+01,2.061434e+01,2.049564e+01,2.038379e+01,2.062132e+01,2.052358e+01,2.051660e+01,2.047468e+01,2.047468e+01,2.037679e+01,2.048865e+01,2.042575e+01,2.038379e+01,2.048865e+01,2.046070e+01,2.050262e+01,2.043274e+01,2.052358e+01,2.040477e+01,2.048166e+01,2.049564e+01,2.046070e+01,2.051660e+01,2.054453e+01,2.083045e+01,2.052358e+01,2.045371e+01,2.045371e+01,2.046769e+01,2.045371e+01,2.048166e+01,2.053057e+01,2.049564e+01,2.048865e+01,2.055850e+01,2.053755e+01,2.060039e+01,2.057944e+01,2.055152e+01,2.050961e+01,2.061434e+01,2.059340e+01,2.063528e+01,2.064225e+01,2.078169e+01,2.062132e+01,2.066318e+01,2.062132e+01,2.061434e+01,2.050961e+01,2.048166e+01,2.053057e+01,2.059340e+01,2.051660e+01,2.054453e+01,2.056548e+01,2.048865e+01,2.057944e+01,2.057246e+01,2.060039e+01,2.053755e+01,2.054453e+01,2.057944e+01,2.053755e+01,2.046769e+01,2.041176e+01,2.049564e+01,2.034181e+01,2.039778e+01,2.046070e+01,2.048865e+01,2.038379e+01,2.053057e+01,2.045371e+01,2.049564e+01,2.051660e+01,2.046769e+01,2.046769e+01,2.050961e+01,2.041875e+01,2.037679e+01,2.053755e+01,2.039778e+01,2.042575e+01,2.045371e+01,2.050961e+01,2.034181e+01,2.053755e+01,2.047468e+01,2.043274e+01,2.042575e+01,2.044672e+01,2.042575e+01,2.043274e+01,2.041875e+01,2.040477e+01,2.036980e+01,2.039778e+01,2.030682e+01,2.034881e+01,2.038379e+01,2.032082e+01,2.045371e+01,2.045371e+01,2.036980e+01,2.045371e+01,2.046070e+01,2.048166e+01,2.041875e+01,2.060039e+01,2.065621e+01,2.054453e+01,2.049564e+01,2.046769e+01,2.060039e+01,2.055152e+01,2.059340e+01,2.055152e+01,2.048166e+01,2.040477e+01,2.055850e+01,2.053755e+01,2.046769e+01,2.046070e+01,2.029982e+01,2.042575e+01,2.030682e+01,2.031382e+01,2.025080e+01,2.028582e+01,2.025080e+01,2.025080e+01,2.034181e+01,2.037679e+01,2.031382e+01,2.022278e+01,2.025080e+01,2.031382e+01,2.034881e+01,2.020177e+01,2.026481e+01,2.015270e+01,2.013868e+01,2.005451e+01,2.001239e+01,2.025781e+01,2.015270e+01,2.008959e+01,2.008257e+01,2.013868e+01,2.014569e+01,2.015270e+01,2.024380e+01,2.039078e+01,2.039778e+01,2.036980e+01,2.039778e+01,2.040477e+01,2.036980e+01,2.049564e+01,2.041875e+01,2.048166e+01,2.041875e+01,2.040477e+01,2.039778e+01,2.041875e+01,2.055850e+01,2.041176e+01,2.060039e+01,2.032082e+01,2.035581e+01,2.046769e+01,2.051660e+01,2.071897e+01,2.086526e+01,2.083741e+01,2.079562e+01,2.080955e+01,2.083045e+01,2.074685e+01,2.090702e+01,2.076079e+01,2.083045e+01,2.079562e+01,2.089310e+01,2.084437e+01,2.085830e+01,2.085134e+01,2.092093e+01,2.086526e+01,2.087918e+01,2.087222e+01,2.085134e+01,2.085134e+01,2.083045e+01,2.092789e+01,2.083045e+01,2.082348e+01,2.091398e+01,2.083741e+01,2.083741e+01,2.083045e+01,2.085134e+01,2.086526e+01,2.084437e+01,2.086526e+01,2.080259e+01,2.078866e+01,2.087918e+01,2.071200e+01,2.087222e+01,2.088614e+01,2.094180e+01,2.090702e+01,2.080955e+01,2.096267e+01,2.085134e+01,2.084437e+01,2.082348e+01,2.090006e+01,2.079562e+01,2.073291e+01,2.087222e+01,2.092093e+01,2.064923e+01,2.094180e+01,2.083741e+01,2.091398e+01,2.087918e+01,2.092093e+01,2.076079e+01,2.086526e+01,2.079562e+01,2.074685e+01,2.089310e+01,2.084437e+01,2.087918e+01,2.076079e+01,2.073291e+01,2.085134e+01,2.086526e+01,2.087918e+01,2.074685e+01,2.087222e+01,2.090702e+01,2.089310e+01,2.077472e+01,2.085830e+01,2.079562e+01,2.052358e+01,1.998431e+01,1.999133e+01,2.043973e+01,2.052358e+01,2.067016e+01
2.083741e+01,2.083045e+01,2.080955e+01,2.080955e+01,2.080955e+01,2.073291e+01,2.078866e+01,2.078169e+01,2.076079e+01,2.053755e+01,2.065621e+01,2.045371e+01,2.073291e+01,2.073988e+01,2.072594e+01,2.045371e+01,2.040477e+01,2.021578e+01,2.018775e+01,2.024380e+01,2.023680e+01,2.022278e+01,2.009660e+01,2.011764e+01,2.017373e+01,2.025080e+01,2.004047e+01,2.002643e+01,2.004749e+01,2.011063e+01,2.004047e+01,2.013167e+01,2.006854e+01,2.001941e+01,1.993514e+01,1.996324e+01,1.999133e+01,1.993514e+01,1.983673e+01,1.981563e+01,1.980156e+01,1.996324e+01,1.989297e+01,1.992109e+01,1.987189e+01,1.990703e+01,1.997026e+01,1.995621e+01,2.013868e+01,2.016672e+01,2.006854e+01,2.013868e+01,2.006152e+01,2.013868e+01,2.009660e+01,2.009660e+01,2.006152e+01,2.015270e+01,2.004047e+01,2.018074e+01,2.011764e+01,1.999133e+01,1.997728e+01,2.013167e+01,2.001941e+01,1.992811e+01,2.009660e+01,1.990000e+01,2.005451e+01,2.004749e+01,1.991406e+01,1.996324e+01,1.997728e+01,2.005451e+01,2.001941e+01,1.998431e+01,2.006854e+01,1.991406e+01,2.008257e+01,2.005451e+01,2.010362e+01,2.019476e+01,2.003345e+01,2.016672e+01,2.024380e+01,2.021578e+01,2.012466e+01,2.025080e+01,2.027181e+01,2.019476e+01,2.013167e+01,2.012466e+01,2.021578e+01,2.029282e+01,2.021578e+01,2.020877e+01,2.029282e+01,2.027881e+01,2.027881e+01,2.030682e+01,2.032082e+01,2.031382e+01,2.034181e+01,2.046070e+01,2.039778e+01,2.044672e+01,2.044672e+01,2.041176e+01,2.043274e+01,2.048166e+01,2.050961e+01,2.048166e+01,2.039778e+01,2.051660e+01,2.055152e+01,2.042575e+01,2.053755e+01,2.050262e+01,2.041176e+01,2.041875e+01,2.039078e+01,2.039078e+01,2.035581e+01,2.019476e+01,2.026481e+01,2.020177e+01,2.026481e+01,2.022979e+01,2.016672e+01,2.011764e+01,2.015270e+01,2.014569e+01,2.025080e+01,2.018074e+01,2.019476e+01,2.015971e+01,2.022278e+01,2.027181e+01,2.022278e+01,2.017373e+01,2.019476e+01,2.018074e+01,2.024380e+01,2.025080e+01,2.020877e+01,2.024380e+01,2.017373e+01,2.020877e+01,2.018074e+01,2.020177e+01,2.014569e+01,2.006152e+01,2.016672e+01,2.008959e+01,2.018775e+01,2.020877e+01,2.016672e+01,2.022979e+01,2.016672e+01,2.018074e+01,2.026481e+01,2.018775e+01,2.028582e+01,2.025080e+01,2.030682e+01,2.038379e+01,2.036980e+01,2.027181e+01,2.033481e+01,2.035581e+01,2.035581e+01,2.039078e+01,2.046070e+01,2.048865e+01,2.045371e+01,2.045371e+01,2.046769e+01,2.048166e+01,2.044672e+01,2.046769e+01,2.049564e+01,2.048865e+01,2.055152e+01,2.054453e+01,2.046769e+01,2.052358e+01,2.046769e+01,2.035581e+01,2.048166e+01,2.041176e+01,2.048865e+01,2.038379e+01,2.036280e+01,2.038379e+01,2.036980e+01,2.043274e+01,2.046769e+01,2.043274e+01,2.043973e+01,2.026481e+01,2.041176e+01,2.046070e+01,2.045371e+01,2.046070e+01,2.047468e+01,2.039778e+01,2.035581e+01,2.046769e+01,2.044672e+01,2.046070e+01,2.047468e+01,2.046769e+01,2.046769e+01,2.043274e+01,2.054453e+01,2.054453e+01,2.054453e+01,2.055850e+01,2.059340e+01,2.049564e+01,2.055152e+01,2.067016e+01,2.064923e+01,2.064923e+01,2.068410e+01,2.054453e+01,2.055152e+01,2.055850e+01,2.058643e+01,2.064225e+01,2.072594e+01,2.062830e+01,2.060039e+01,2.061434e+01,2.066318e+01,2.067713e+01,2.065621e+01,2.067016e+01,2.066318e+01,2.067713e+01,2.067713e+01,2.074685e+01,2.071897e+01,2.060736e+01,2.071200e+01,2.070502e+01,2.068410e+01,2.068410e+01,2.069108e+01,2.069108e+01,2.068410e+01,2.070502e+01,2.063528e+01,2.062132e+01,2.063528e+01,2.060736e+01,2.063528e+01,2.076775e+01,2.060736e+01,2.066318e+01,2.059340e+01,2.066318e+01,2.065621e+01,2.062132e+01,2.069805e+01,2.074685e+01,2.068410e+01,2.064225e+01,2.061434e+01,2.067016e+01,2.071200e+01,2.063528e+01,2.047468e+01,2.019476e+01,2.011063e+01,2.008959e+01,1.996324e+01,1.973118e+01,1.956207e+01,1.961847e+01,1.938562e+01,1.920177e+01,1.920177e+01,1.898922e+01,1.903885e+01,1.884726e+01,1.881885e+01,1.890407e+01,1.876910e+01,1.872644e+01,1.875488e+01,1.901758e+01,1.944212e+01,1.944212e+01,1.936442e+01,1.942093e+01,1.970302e+01,1.978045e+01,1.982969e+01,1.983673e+01,1.993514e+01,1.985782e+01,1.995621e+01,1.994216e+01,2.015270e+01,2.013868e+01,2.028582e+01,2.049564e+01,2.047468e+01,2.053755e+01,2.050262e+01,2.064225e+01,2.053755e+01,2.056548e+01,2.053057e+01,2.062132e+01,2.066318e+01,2.064923e+01,2.068410e+01,2.062132e+01,2.063528e+01,2.062830e+01,2.066318e+01,2.065621e+01,2.067713e+01,2.071200e+01,2.064923e+01,2.071897e+01,2.072594e+01,2.064225e+01,2.064225e+01,2.063528e+01,2.069805e+01,2.064225e+01,2.072594e+01,2.060039e+01,2.067713e+01,2.060039e+01,2.062132e+01,2.062132e+01,2.069108e+01,2.064923e+01,2.071200e+01,2.065621e+01,2.064225e+01,2.073988e+01,2.065621e+01,2.067016e+01,2.052358e+01,2.066318e+01,2.064225e+01,2.049564e+01,2.056548e+01,2.047468e+01,2.044672e+01,2.047468e+01,2.050961e+01,2.055850e+01,2.069108e+01,2.050262e+01,2.055152e+01,2.055152e+01,2.047468e+01,2.057944e+01,2.061434e+01,2.054453e+01,2.053755e+01,2.061434e+01,2.063528e+01,2.071200e+01,2.063528e+01,2.053057e+01,2.063528e+01,2.059340e+01,2.057246e+01,2.061434e+01,2.055850e+01,2.053755e+01,2.050262e+01,2.054453e+01,2.059340e+01,2.049564e+01,2.037679e+01,2.053057e+01,2.056548e+01,2.055152e+01,2.055152e+01,2.049564e+01,2.043973e+01,2.038379e+01,2.048865e+01,2.028582e+01,2.054453e+01,2.050961e+01,2.029982e+01,2.026481e+01,2.033481e+01,2.033481e+01,2.034881e+01,2.039778e+01,2.043274e+01,2.034181e+01,2.037679e+01,2.046070e+01,2.038379e+01,2.052358e+01,2.047468e+01,2.048166e+01,2.050262e+01,2.052358e+01,2.043973e+01,2.043274e+01,2.043973e+01,2.050262e+01,2.051660e+01,2.060039e+01,2.048865e+01,2.048166e+01,2.049564e+01,2.060039e+01,2.048166e+01,2.057246e+01,2.057944e+01,2.059340e+01,2.057246e+01,2.060039e+01,2.057944e+01,2.059340e+01,2.053057e+01,2.069805e+01,2.062132e+01,2.063528e+01,2.061434e+01,2.064923e+01,2.050961e+01,2.055152e+01,2.046769e+01,2.055850e+01,2.053755e+01,2.053057e+01,2.042575e+01,2.055152e+01,2.055850e+01,2.051660e+01,2.054453e+01,2.055152e+01,2.046070e+01,2.055152e+01,2.052358e+01,2.042575e+01,2.051660e+01,2.036980e+01,2.036980e+01,2.042575e+01,2.039078e+01,2.044672e+01,2.043274e+01,2.041176e+01,2.039778e+01,2.054453e+01,2.047468e+01,2.044672e+01,2.045371e+01,2.049564e+01,2.037679e+01,2.036980e+01,2.046769e+01,2.039078e+01,2.033481e+01,2.026481e+01,2.045371e+01,2.045371e+01,2.053755e+01,2.046769e+01,2.039078e+01,2.043274e+01,2.046070e+01,2.043973e+01,2.050961e+01,2.040477e+01,2.043274e+01,2.031382e+01,2.038379e+01,2.031382e+01,2.035581e+01,2.046070e+01,2.028582e+01,2.035581e+01,2.038379e+01,2.039778e+01,2.043973e+01,2.041875e+01,2.044672e+01,2.055152e+01,2.055152e+01,2.046070e+01,2.062830e+01,2.054453e+01,2.053057e+01,2.055850e+01,2.052358e+01,2.050961e+01,2.051660e+01,2.048865e+01,2.056548e+01,2.053057e+01,2.043274e+01,2.040477e+01,2.034181e+01,2.033481e+01,2.033481e+01,2.027881e+01,2.030682e+01,2.029982e+01,2.006152e+01,2.038379e+01,2.039078e+01,2.025080e+01,2.019476e+01,2.028582e+01,2.023680e+01,2.022278e+01,2.014569e+01,2.020177e+01,2.025781e+01,2.027181e+01,2.011063e+01,2.004047e+01,2.006152e+01,2.001941e+01,1.999133e+01,1.987189e+01,2.011063e+01,2.012466e+01,2.010362e+01,1.996324e+01,2.015270e+01,2.022979e+01,2.029282e+01,2.032082e+01,2.033481e+01,2.036980e+01,2.043973e+01,2.039778e+01,2.052358e+01,2.039778e+01,2.050961e+01,2.039778e+01,2.050262e+01,2.045371e+01,2.045371e+01,2.056548e+01,2.048865e+01,2.032082e+01,2.044672e+01,2.053057e+01,2.060039e+01,2.067016e+01,2.071200e+01,2.083741e+01,2.077472e+01,2.081652e+01,2.082348e+01,2.085134e+01,2.083045e+01,2.078866e+01,2.090702e+01,2.078866e+01,2.091398e+01,2.089310e+01,2.086526e+01,2.085830e+01,2.087918e+01,2.085134e+01,2.083741e+01,2.088614e+01,2.095572e+01,2.087918e+01,2.085830e+01,2.087918e+01,2.083045e+01,2.080259e+01,2.071897e+01,2.092789e+01,2.089310e+01,2.096267e+01,2.087918e+01,2.071897e+01,2.082348e+01,2.077472e+01,2.073988e+01,2.079562e+01,2.090006e+01,2.076079e+01,2.077472e+01,2.073291e+01,2.068410e+01,2.065621e+01,2.096962e+01,2.094876e+01,2.078866e+01,2.083045e+01,2.082348e+01,2.082348e+01,2.083741e+01,2.086526e+01,2.083741e+01,2.084437e+01,2.075382e+01,2.079562e+01,2.083741e+01,2.092093e+01,2.085830e+01,2.079562e+01,2.085134e+01,2.088614e+01,2.086526e+01,2.091398e+01,2.083045e+01,2.087918e+01,2.085134e+01,2.076775e+01,2.077472e+01,2.075382e+01,2.082348e+01,2.083045e+01,2.078866e+01,2.087918e+01,2.093485e+01,2.072594e+01,2.073291e+01,2.076775e+01,2.088614e+01,2.065621e+01,2.047468e+01,2.010362e+01,2.034181e+01,2.034181e+01,2.066318e+01,2.043274e+01
2.097658e+01,2.078169e+01,2.081652e+01,2.079562e+01,2.080259e+01,2.079562e+01,2.073291e+01,2.079562e+01,2.073291e+01,2.064923e+01,2.075382e+01,2.069805e+01,2.062830e+01,2.048865e+01,2.048865e+01,2.046769e+01,2.039078e+01,2.022979e+01,2.026481e+01,2.018775e+01,2.021578e+01,2.014569e+01,2.023680e+01,2.019476e+01,2.011063e+01,2.007556e+01,2.011764e+01,2.019476e+01,2.010362e+01,2.014569e+01,2.013167e+01,2.003345e+01,1.997026e+01,1.988594e+01,1.991406e+01,1.996324e+01,1.992811e+01,1.986485e+01,1.990703e+01,1.984376e+01,1.988594e+01,1.988594e+01,1.990703e+01,1.992109e+01,1.992811e+01,2.005451e+01,1.992811e+01,2.004047e+01,2.011063e+01,2.007556e+01,2.008257e+01,2.007556e+01,2.008959e+01,2.011764e+01,2.009660e+01,2.014569e+01,2.004749e+01,2.018775e+01,2.005451e+01,2.011764e+01,1.997728e+01,1.999133e+01,2.004749e+01,2.003345e+01,2.004047e+01,1.996324e+01,2.019476e+01,2.011063e+01,2.013167e+01,2.000537e+01,1.992109e+01,1.994919e+01,2.006152e+01,1.999835e+01,2.004749e+01,1.999835e+01,2.003345e+01,2.005451e+01,2.008959e+01,2.001941e+01,2.011063e+01,2.011764e+01,2.008959e+01,2.007556e+01,2.004749e+01,2.017373e+01,2.018775e+01,2.018074e+01,2.016672e+01,2.013167e+01,2.013868e+01,2.019476e+01,2.025080e+01,2.009660e+01,2.016672e+01,2.039078e+01,2.034181e+01,2.029282e+01,2.028582e+01,2.029282e+01,2.037679e+01,2.027181e+01,2.035581e+01,2.038379e+01,2.032082e+01,2.039078e+01,2.046769e+01,2.049564e+01,2.048166e+01,2.043973e+01,2.034881e+01,2.050262e+01,2.039778e+01,2.048166e+01,2.048865e+01,2.041875e+01,2.040477e+01,2.040477e+01,2.041875e+01,2.043274e+01,2.039778e+01,2.043274e+01,2.028582e+01,2.025781e+01,2.031382e+01,2.027881e+01,2.020177e+01,2.027181e+01,2.011764e+01,2.027881e+01,2.016672e+01,2.018775e+01,2.011764e+01,2.018074e+01,2.016672e+01,2.022979e+01,2.020177e+01,2.033481e+01,2.022278e+01,2.019476e+01,2.020877e+01,2.023680e+01,2.016672e+01,2.022979e+01,2.019476e+01,2.014569e+01,2.013167e+01,2.016672e+01,2.018074e+01,2.020177e+01,2.018074e+01,2.017373e+01,2.017373e+01,2.011764e+01,2.008257e+01,2.009660e+01,2.015971e+01,2.022278e+01,2.018775e+01,2.016672e+01,2.033481e+01,2.029282e+01,2.031382e+01,2.027881e+01,2.034881e+01,2.030682e+01,2.025781e+01,2.041875e+01,2.027181e+01,2.037679e+01,2.038379e+01,2.048865e+01,2.045371e+01,2.046070e+01,2.049564e+01,2.047468e+01,2.046769e+01,2.048166e+01,2.044672e+01,2.050961e+01,2.050961e+01,2.050961e+01,2.050961e+01,2.052358e+01,2.032782e+01,2.053057e+01,2.049564e+01,2.050262e+01,2.047468e+01,2.050262e+01,2.048865e+01,2.053057e+01,2.039078e+01,2.047468e+01,2.039778e+01,2.047468e+01,2.041875e+01,2.042575e+01,2.026481e+01,2.043973e+01,2.041176e+01,2.048166e+01,2.046769e+01,2.054453e+01,2.053755e+01,2.052358e+01,2.041875e+01,2.036280e+01,2.046769e+01,2.047468e+01,2.049564e+01,2.039078e+01,2.050961e+01,2.049564e+01,2.037679e+01,2.046070e+01,2.054453e+01,2.055152e+01,2.055152e+01,2.060039e+01,2.061434e+01,2.060736e+01,2.057944e+01,2.060039e+01,2.056548e+01,2.058643e+01,2.055152e+01,2.057944e+01,2.057944e+01,2.057944e+01,2.061434e+01,2.060736e+01,2.057246e+01,2.061434e+01,2.069805e+01,2.062830e+01,2.064923e+01,2.069108e+01,2.061434e+01,2.064225e+01,2.061434e+01,2.064225e+01,2.063528e+01,2.064923e+01,2.072594e+01,2.064225e+01,2.067713e+01,2.068410e+01,2.069805e+01,2.069108e+01,2.067713e+01,2.074685e+01,2.062830e+01,2.060736e+01,2.061434e+01,2.059340e+01,2.061434e+01,2.060736e+01,2.070502e+01,2.073988e+01,2.075382e+01,2.070502e+01,2.062132e+01,2.067713e+01,2.076079e+01,2.076775e+01,2.076775e+01,2.073291e+01,2.061434e+01,2.063528e+01,2.062132e+01,2.045371e+01,2.042575e+01,2.025781e+01,2.008257e+01,2.001941e+01,1.995621e+01,1.970302e+01,1.966780e+01,1.959028e+01,1.927959e+01,1.927252e+01,1.902468e+01,1.903176e+01,1.901758e+01,1.884726e+01,1.877621e+01,1.877621e+01,1.880464e+01,1.880464e+01,1.907429e+01,1.954797e+01,1.966076e+01,1.967484e+01,1.971710e+01,1.989297e+01,1.991406e+01,1.979452e+01,1.990703e+01,2.010362e+01,1.992811e+01,1.993514e+01,1.999133e+01,2.013868e+01,2.004047e+01,2.018775e+01,2.040477e+01,2.041176e+01,2.043274e+01,2.041875e+01,2.060736e+01,2.073988e+01,2.062132e+01,2.055152e+01,2.063528e+01,2.065621e+01,2.067713e+01,2.064225e+01,2.067713e+01,2.063528e+01,2.061434e+01,2.071897e+01,2.060736e+01,2.063528e+01,2.062830e+01,2.069805e+01,2.062132e+01,2.060039e+01,2.073291e+01,2.062830e+01,2.063528e+01,2.064923e+01,2.064225e+01,2.067016e+01,2.066318e+01,2.071897e+01,2.069108e+01,2.066318e+01,2.071200e+01,2.066318e+01,2.069108e+01,2.069805e+01,2.060736e+01,2.069805e+01,2.067713e+01,2.072594e+01,2.072594e+01,2.055850e+01,2.057246e+01,2.059340e+01,2.057944e+01,2.041875e+01,2.060039e+01,2.045371e+01,2.049564e+01,2.049564e+01,2.048865e+01,2.046769e+01,2.050262e+01,2.048166e+01,2.057246e+01,2.050961e+01,2.053057e+01,2.067016e+01,2.056548e+01,2.062830e+01,2.055850e+01,2.064923e+01,2.064225e+01,2.067713e+01,2.058643e+01,2.055850e+01,2.055850e+01,2.059340e+01,2.063528e+01,2.067713e+01,2.072594e+01,2.050262e+01,2.048865e+01,2.057246e+01,2.060039e+01,2.048865e+01,2.045371e+01,2.055850e+01,2.055850e+01,2.054453e+01,2.061434e+01,2.046070e+01,2.045371e+01,2.052358e+01,2.029982e+01,2.037679e+01,2.027181e+01,2.029982e+01,2.029982e+01,2.029982e+01,2.032782e+01,2.029282e+01,2.031382e+01,2.030682e+01,2.031382e+01,2.034181e+01,2.035581e+01,2.040477e+01,2.044672e+01,2.041875e+01,2.044672e+01,2.050961e+01,2.050262e+01,2.048865e+01,2.053755e+01,2.050262e+01,2.055850e+01,2.055152e+01,2.054453e+01,2.052358e+01,2.056548e+01,2.049564e+01,2.050262e+01,2.058643e+01,2.057944e+01,2.055850e+01,2.060039e+01,2.060736e+01,2.057246e+01,2.060039e+01,2.059340e+01,2.071200e+01,2.064225e+01,2.050961e+01,2.052358e+01,2.057944e+01,2.062830e+01,2.055152e+01,2.062132e+01,2.055152e+01,2.059340e+01,2.055152e+01,2.055152e+01,2.064923e+01,2.050262e+01,2.055850e+01,2.062830e+01,2.048166e+01,2.050961e+01,2.057246e+01,2.045371e+01,2.048166e+01,2.040477e+01,2.046070e+01,2.036280e+01,2.036980e+01,2.037679e+01,2.039078e+01,2.044672e+01,2.034881e+01,2.038379e+01,2.053755e+01,2.051660e+01,2.033481e+01,2.039778e+01,2.049564e+01,2.033481e+01,2.039078e+01,2.038379e+01,2.056548e+01,2.056548e+01,2.043274e+01,2.046070e+01,2.040477e+01,2.041875e+01,2.042575e+01,2.027881e+01,2.043973e+01,2.039778e+01,2.050262e+01,2.041176e+01,2.041176e+01,2.048166e+01,2.042575e+01,2.041875e+01,2.040477e+01,2.034881e+01,2.032782e+01,2.034181e+01,2.037679e+01,2.047468e+01,2.046070e+01,2.038379e+01,2.041875e+01,2.039778e+01,2.043274e+01,2.051660e+01,2.058643e+01,2.060039e+01,2.054453e+01,2.050961e+01,2.055152e+01,2.061434e+01,2.057944e+01,2.050961e+01,2.034181e+01,2.057246e+01,2.053057e+01,2.057246e+01,2.043973e+01,2.033481e+01,2.036980e+01,2.033481e+01,2.027181e+01,2.032782e+01,2.022979e+01,2.027881e+01,2.014569e+01,2.018074e+01,2.018074e+01,2.021578e+01,2.023680e+01,2.020877e+01,2.023680e+01,2.022278e+01,2.020177e+01,2.009660e+01,2.020877e+01,2.020177e+01,2.009660e+01,2.024380e+01,2.002643e+01,2.005451e+01,2.001941e+01,2.001941e+01,1.994216e+01,1.997728e+01,1.999133e+01,1.990000e+01,2.018775e+01,2.018775e+01,2.030682e+01,2.031382e+01,2.023680e+01,2.035581e+01,2.038379e+01,2.033481e+01,2.051660e+01,2.041875e+01,2.031382e+01,2.048865e+01,2.045371e+01,2.046769e+01,2.042575e+01,2.055152e+01,2.052358e+01,2.057944e+01,2.046769e+01,2.047468e+01,2.061434e+01,2.053755e+01,2.068410e+01,2.074685e+01,2.081652e+01,2.081652e+01,2.080259e+01,2.083741e+01,2.082348e+01,2.088614e+01,2.089310e+01,2.081652e+01,2.096267e+01,2.090702e+01,2.094180e+01,2.092789e+01,2.086526e+01,2.090702e+01,2.095572e+01,2.092789e+01,2.088614e+01,2.085830e+01,2.092789e+01,2.093485e+01,2.089310e+01,2.093485e+01,2.101829e+01,2.087222e+01,2.090702e+01,2.092789e+01,2.083045e+01,2.097658e+01,2.085830e+01,2.090006e+01,2.082348e+01,2.076079e+01,2.076775e+01,2.087918e+01,2.076079e+01,2.083741e+01,2.092789e+01,2.083045e+01,2.076079e+01,2.094876e+01,2.088614e+01,2.098353e+01,2.087222e+01,2.084437e+01,2.083045e+01,2.088614e+01,2.084437e+01,2.083741e+01,2.084437e+01,2.092093e+01,2.087222e+01,2.089310e+01,2.083045e+01,2.080259e+01,2.087222e+01,2.080259e+01,2.088614e+01,2.090006e+01,2.089310e+01,2.081652e+01,2.078866e+01,2.086526e+01,2.085134e+01,2.085134e+01,2.086526e+01,2.093485e+01,2.080259e+01,2.083045e+01,2.086526e+01,2.095572e+01,2.083045e+01,2.078866e+01,2.071200e+01,2.069805e+01,2.069805e+01,2.041875e+01,2.006854e+01,2.005451e+01,2.042575e+01,2.053755e+01,2.060039e+01
2.095572e+01,2.087222e+01,2.087222e+01,2.075382e+01,2.081652e+01,2.071200e+01,2.071897e+01,2.068410e+01,2.073988e+01,2.064923e+01,2.057944e+01,2.058643e+01,2.062132e+01,2.069108e+01,2.043973e+01,2.033481e+01,2.039078e+01,2.025080e+01,2.031382e+01,2.018074e+01,2.025080e+01,2.025080e+01,2.022278e+01,2.005451e+01,2.009660e+01,2.006152e+01,2.008959e+01,2.011764e+01,2.004749e+01,2.006854e+01,1.999133e+01,2.007556e+01,1.999133e+01,1.994216e+01,1.999133e+01,1.992811e+01,1.989297e+01,1.990000e+01,1.987189e+01,1.990000e+01,1.995621e+01,1.985782e+01,1.988594e+01,1.998431e+01,1.991406e+01,2.007556e+01,2.010362e+01,1.991406e+01,2.001239e+01,2.001941e+01,2.008257e+01,2.015270e+01,2.006152e+01,2.009660e+01,2.015971e+01,2.010362e+01,2.011063e+01,2.011063e+01,2.006854e+01,2.002643e+01,2.006854e+01,2.002643e+01,2.012466e+01,2.011764e+01,2.008257e+01,2.005451e+01,1.990000e+01,2.002643e+01,2.008257e+01,1.990703e+01,2.008257e+01,1.994919e+01,1.993514e+01,2.004047e+01,2.038379e+01,2.011764e+01,2.000537e+01,2.007556e+01,2.006854e+01,2.008257e+01,2.009660e+01,2.010362e+01,2.011063e+01,2.011764e+01,2.005451e+01,2.018074e+01,2.012466e+01,2.019476e+01,2.012466e+01,2.009660e+01,2.021578e+01,2.018074e+01,2.019476e+01,2.016672e+01,2.028582e+01,2.027181e+01,2.034181e+01,2.024380e+01,2.029282e+01,2.030682e+01,2.027881e+01,2.029282e+01,2.037679e+01,2.041875e+01,2.030682e+01,2.046070e+01,2.048166e+01,2.046769e+01,2.044672e+01,2.041176e+01,2.049564e+01,2.050262e+01,2.049564e+01,2.049564e+01,2.036980e+01,2.040477e+01,2.038379e+01,2.036980e+01,2.040477e+01,2.046769e+01,2.038379e+01,2.029282e+01,2.030682e+01,2.029282e+01,2.029282e+01,2.025080e+01,2.029282e+01,2.024380e+01,2.025080e+01,2.020177e+01,2.014569e+01,2.011764e+01,2.024380e+01,2.018775e+01,2.013167e+01,2.014569e+01,2.008959e+01,2.020877e+01,2.022979e+01,2.020877e+01,2.016672e+01,2.021578e+01,2.016672e+01,2.008257e+01,2.017373e+01,2.018775e+01,2.014569e+01,2.018074e+01,2.017373e+01,2.017373e+01,2.012466e+01,2.018074e+01,2.015270e+01,2.013868e+01,2.009660e+01,2.011063e+01,2.023680e+01,2.020877e+01,2.027181e+01,2.014569e+01,2.034181e+01,2.027181e+01,2.034881e+01,2.035581e+01,2.033481e+01,2.032782e+01,2.032782e+01,2.028582e+01,2.039078e+01,2.031382e+01,2.036280e+01,2.048166e+01,2.042575e+01,2.038379e+01,2.043274e+01,2.047468e+01,2.049564e+01,2.052358e+01,2.051660e+01,2.049564e+01,2.048166e+01,2.040477e+01,2.050961e+01,2.062132e+01,2.036980e+01,2.057246e+01,2.057246e+01,2.046769e+01,2.055152e+01,2.050262e+01,2.041875e+01,2.045371e+01,2.049564e+01,2.042575e+01,2.043973e+01,2.041176e+01,2.048166e+01,2.044672e+01,2.040477e+01,2.048166e+01,2.046070e+01,2.055152e+01,2.051660e+01,2.051660e+01,2.050262e+01,2.049564e+01,2.041875e+01,2.040477e+01,2.047468e+01,2.043973e+01,2.041875e+01,2.046070e+01,2.046769e+01,2.050262e+01,2.047468e+01,2.045371e+01,2.060039e+01,2.036980e+01,2.055152e+01,2.046070e+01,2.057246e+01,2.055152e+01,2.060039e+01,2.060039e+01,2.055850e+01,2.055850e+01,2.055850e+01,2.056548e+01,2.061434e+01,2.063528e+01,2.060039e+01,2.058643e+01,2.053755e+01,2.064225e+01,2.064923e+01,2.064923e+01,2.055850e+01,2.060039e+01,2.066318e+01,2.065621e+01,2.067016e+01,2.063528e+01,2.065621e+01,2.065621e+01,2.069805e+01,2.063528e+01,2.068410e+01,2.063528e+01,2.058643e+01,2.056548e+01,2.062132e+01,2.064923e+01,2.056548e+01,2.059340e+01,2.061434e+01,2.064923e+01,2.069108e+01,2.069805e+01,2.062830e+01,2.071897e+01,2.057246e+01,2.065621e+01,2.060039e+01,2.064923e+01,2.066318e+01,2.076775e+01,2.063528e+01,2.064225e+01,2.060039e+01,2.053755e+01,2.061434e+01,2.047468e+01,2.022278e+01,2.015971e+01,2.011764e+01,2.008257e+01,1.973822e+01,1.974526e+01,1.941387e+01,1.959733e+01,1.932909e+01,1.920885e+01,1.902468e+01,1.893956e+01,1.890407e+01,1.880464e+01,1.882595e+01,1.875488e+01,1.884016e+01,1.884726e+01,1.954797e+01,1.984376e+01,1.984376e+01,1.976638e+01,1.982266e+01,1.980859e+01,1.973118e+01,1.997728e+01,1.994919e+01,1.999133e+01,2.002643e+01,2.001941e+01,1.993514e+01,2.001941e+01,2.011063e+01,2.024380e+01,2.020877e+01,2.046070e+01,2.037679e+01,2.049564e+01,2.061434e+01,2.064923e+01,2.060039e+01,2.067713e+01,2.059340e+01,2.065621e+01,2.066318e+01,2.064225e+01,2.067713e+01,2.060736e+01,2.066318e+01,2.063528e+01,2.060039e+01,2.058643e+01,2.067713e+01,2.069108e+01,2.057246e+01,2.062830e+01,2.058643e+01,2.061434e+01,2.066318e+01,2.064225e+01,2.065621e+01,2.061434e+01,2.064923e+01,2.055850e+01,2.058643e+01,2.067016e+01,2.072594e+01,2.071200e+01,2.066318e+01,2.064225e+01,2.064225e+01,2.069108e+01,2.071200e+01,2.070502e+01,2.054453e+01,2.069805e+01,2.055152e+01,2.058643e+01,2.057944e+01,2.055850e+01,2.043973e+01,2.047468e+01,2.051660e+01,2.048166e+01,2.046070e+01,2.045371e+01,2.048166e+01,2.054453e+01,2.062830e+01,2.059340e+01,2.053755e+01,2.055850e+01,2.054453e+01,2.055850e+01,2.055850e+01,2.062132e+01,2.055152e+01,2.071897e+01,2.062132e+01,2.064225e+01,2.064923e+01,2.052358e+01,2.053057e+01,2.050262e+01,2.050262e+01,2.051660e+01,2.053755e+01,2.048865e+01,2.052358e+01,2.060736e+01,2.041176e+01,2.050961e+01,2.042575e+01,2.057944e+01,2.043274e+01,2.039078e+01,2.038379e+01,2.048166e+01,2.032082e+01,2.039778e+01,2.028582e+01,2.033481e+01,2.029982e+01,2.031382e+01,2.030682e+01,2.029982e+01,2.039078e+01,2.034181e+01,2.029282e+01,2.034881e+01,2.033481e+01,2.035581e+01,2.041176e+01,2.048166e+01,2.043973e+01,2.050262e+01,2.040477e+01,2.049564e+01,2.055152e+01,2.057246e+01,2.056548e+01,2.057246e+01,2.051660e+01,2.050262e+01,2.060039e+01,2.057944e+01,2.056548e+01,2.061434e+01,2.059340e+01,2.055850e+01,2.048865e+01,2.062830e+01,2.060039e+01,2.056548e+01,2.057944e+01,2.061434e+01,2.058643e+01,2.060039e+01,2.062132e+01,2.052358e+01,2.059340e+01,2.051660e+01,2.061434e+01,2.061434e+01,2.054453e+01,2.052358e+01,2.056548e+01,2.055850e+01,2.057944e+01,2.060039e+01,2.043973e+01,2.055850e+01,2.043973e+01,2.060736e+01,2.047468e+01,2.051660e+01,2.048865e+01,2.043274e+01,2.040477e+01,2.037679e+01,2.038379e+01,2.037679e+01,2.038379e+01,2.032782e+01,2.034881e+01,2.032082e+01,2.036280e+01,2.033481e+01,2.030682e+01,2.047468e+01,2.040477e+01,2.041875e+01,2.036280e+01,2.043274e+01,2.035581e+01,2.034881e+01,2.046769e+01,2.042575e+01,2.038379e+01,2.052358e+01,2.043274e+01,2.041875e+01,2.043274e+01,2.037679e+01,2.039078e+01,2.048166e+01,2.042575e+01,2.040477e+01,2.049564e+01,2.040477e+01,2.034181e+01,2.036280e+01,2.031382e+01,2.033481e+01,2.029282e+01,2.043973e+01,2.041176e+01,2.042575e+01,2.041176e+01,2.042575e+01,2.059340e+01,2.045371e+01,2.056548e+01,2.059340e+01,2.044672e+01,2.057944e+01,2.055152e+01,2.054453e+01,2.056548e+01,2.048865e+01,2.052358e+01,2.053057e+01,2.035581e+01,2.054453e+01,2.036280e+01,2.044672e+01,2.030682e+01,2.029982e+01,2.018775e+01,2.013868e+01,2.025080e+01,2.004749e+01,2.022278e+01,2.029282e+01,2.018074e+01,2.021578e+01,2.026481e+01,2.034881e+01,2.018775e+01,2.023680e+01,2.015270e+01,2.013868e+01,2.010362e+01,2.007556e+01,2.020877e+01,2.003345e+01,2.002643e+01,2.004749e+01,2.003345e+01,1.988594e+01,1.982969e+01,1.998431e+01,1.995621e+01,2.019476e+01,2.019476e+01,2.028582e+01,2.036980e+01,2.038379e+01,2.037679e+01,2.032082e+01,2.034181e+01,2.048865e+01,2.030682e+01,2.039778e+01,2.051660e+01,2.047468e+01,2.046070e+01,2.047468e+01,2.047468e+01,2.044672e+01,2.046769e+01,2.046070e+01,2.053057e+01,2.052358e+01,2.053755e+01,2.069108e+01,2.084437e+01,2.087918e+01,2.076079e+01,2.081652e+01,2.088614e+01,2.093485e+01,2.085134e+01,2.092093e+01,2.085830e+01,2.096267e+01,2.079562e+01,2.084437e+01,2.090702e+01,2.078169e+01,2.085134e+01,2.099048e+01,2.087918e+01,2.091398e+01,2.099048e+01,2.096962e+01,2.086526e+01,2.085134e+01,2.088614e+01,2.079562e+01,2.078866e+01,2.090006e+01,2.086526e+01,2.083045e+01,2.096962e+01,2.090006e+01,2.081652e+01,2.072594e+01,2.081652e+01,2.096962e+01,2.083045e+01,2.087918e+01,2.077472e+01,2.089310e+01,2.087222e+01,2.096267e+01,2.090006e+01,2.083045e+01,2.079562e+01,2.083741e+01,2.080259e+01,2.082348e+01,2.087918e+01,2.085830e+01,2.085134e+01,2.080259e+01,2.092093e+01,2.087222e+01,2.094876e+01,2.102524e+01,2.082348e+01,2.074685e+01,2.073988e+01,2.097658e+01,2.098353e+01,2.078169e+01,2.088614e+01,2.087222e+01,2.087222e+01,2.089310e+01,2.090702e+01,2.097658e+01,2.073291e+01,2.094876e+01,2.086526e+01,2.092093e+01,2.088614e+01,2.076079e+01,2.082348e+01,2.072594e+01,2.096267e+01,2.062830e+01,2.021578e+01,2.005451e+01,2.040477e+01,2.039078e+01,2.053057e+01,2.057944e+01
2.060039e+01,2.071200e+01,2.071200e+01,2.075382e+01,2.077472e+01,2.078169e+01,2.080259e+01,2.067713e+01,2.061434e+01,2.078866e+01,2.059340e+01,2.078866e+01,2.060736e+01,2.050262e+01,2.043973e+01,2.034181e+01,2.032082e+01,2.032782e+01,2.023680e+01,2.030682e+01,2.022278e+01,2.031382e+01,2.012466e+01,2.004047e+01,2.007556e+01,2.004047e+01,2.003345e+01,2.007556e+01,2.004047e+01,2.007556e+01,2.007556e+01,1.995621e+01,2.010362e+01,1.993514e+01,1.992109e+01,1.992109e+01,1.990000e+01,2.000537e+01,1.987892e+01,1.994216e+01,1.994919e+01,1.996324e+01,1.997026e+01,2.001941e+01,1.994919e+01,1.998431e+01,2.004749e+01,1.994216e+01,2.001239e+01,1.997728e+01,2.008959e+01,1.999835e+01,2.005451e+01,2.012466e+01,2.010362e+01,2.010362e+01,2.006152e+01,2.011063e+01,2.006854e+01,2.001941e+01,2.012466e+01,2.013167e+01,2.004749e+01,2.015971e+01,2.009660e+01,2.009660e+01,2.003345e+01,2.008257e+01,1.990000e+01,2.006152e+01,2.002643e+01,2.008257e+01,2.002643e+01,2.009660e+01,2.010362e+01,2.002643e+01,2.007556e+01,2.008257e+01,2.011764e+01,2.011063e+01,2.009660e+01,2.002643e+01,2.002643e+01,2.020177e+01,2.015971e+01,2.001941e+01,2.010362e+01,2.020177e+01,2.014569e+01,2.013868e+01,2.014569e+01,2.018074e+01,2.015971e+01,2.015971e+01,2.015971e+01,2.029282e+01,2.029982e+01,2.032782e+01,2.025080e+01,2.027181e+01,2.027881e+01,2.032082e+01,2.030682e+01,2.034181e+01,2.032782e+01,2.034881e+01,2.039078e+01,2.046070e+01,2.048865e+01,2.043973e+01,2.042575e+01,2.050961e+01,2.046070e+01,2.034181e+01,2.046769e+01,2.041875e+01,2.042575e+01,2.045371e+01,2.039778e+01,2.039078e+01,2.033481e+01,2.036280e+01,2.028582e+01,2.028582e+01,2.029982e+01,2.027181e+01,2.028582e+01,2.031382e+01,2.028582e+01,2.015971e+01,2.010362e+01,2.003345e+01,2.019476e+01,2.018074e+01,2.005451e+01,2.018775e+01,2.019476e+01,2.018775e+01,2.018074e+01,2.015971e+01,2.022278e+01,2.011063e+01,2.018074e+01,2.016672e+01,2.008959e+01,2.014569e+01,2.017373e+01,2.015270e+01,2.018775e+01,2.015971e+01,2.013167e+01,2.014569e+01,2.012466e+01,2.012466e+01,2.006152e+01,2.007556e+01,2.011764e+01,2.022979e+01,2.018775e+01,2.024380e+01,2.029282e+01,2.032782e+01,2.033481e+01,2.034881e+01,2.034181e+01,2.030682e+01,2.035581e+01,2.034881e+01,2.043973e+01,2.038379e+01,2.046070e+01,2.046769e+01,2.053057e+01,2.038379e+01,2.047468e+01,2.049564e+01,2.055152e+01,2.053057e+01,2.055152e+01,2.048166e+01,2.048865e+01,2.050262e+01,2.048166e+01,2.060736e+01,2.059340e+01,2.057944e+01,2.048166e+01,2.046070e+01,2.044672e+01,2.039778e+01,2.044672e+01,2.041875e+01,2.039778e+01,2.041176e+01,2.046070e+01,2.036280e+01,2.041875e+01,2.042575e+01,2.043973e+01,2.041875e+01,2.045371e+01,2.055850e+01,2.050262e+01,2.047468e+01,2.049564e+01,2.054453e+01,2.048865e+01,2.053755e+01,2.047468e+01,2.047468e+01,2.052358e+01,2.055152e+01,2.050262e+01,2.050262e+01,2.053057e+01,2.052358e+01,2.052358e+01,2.050262e+01,2.051660e+01,2.061434e+01,2.064923e+01,2.056548e+01,2.056548e+01,2.061434e+01,2.056548e+01,2.057246e+01,2.053755e+01,2.055850e+01,2.061434e+01,2.063528e+01,2.067016e+01,2.067713e+01,2.060039e+01,2.062830e+01,2.069805e+01,2.058643e+01,2.062132e+01,2.061434e+01,2.060736e+01,2.059340e+01,2.064225e+01,2.078169e+01,2.059340e+01,2.061434e+01,2.062830e+01,2.059340e+01,2.063528e+01,2.068410e+01,2.060736e+01,2.068410e+01,2.064923e+01,2.067713e+01,2.054453e+01,2.067016e+01,2.065621e+01,2.062132e+01,2.061434e+01,2.068410e+01,2.065621e+01,2.071897e+01,2.064225e+01,2.073291e+01,2.061434e+01,2.069805e+01,2.063528e+01,2.063528e+01,2.065621e+01,2.066318e+01,2.048166e+01,2.058643e+01,2.045371e+01,2.040477e+01,2.039078e+01,2.014569e+01,2.004047e+01,1.975230e+01,1.968893e+01,1.954797e+01,1.953386e+01,1.928667e+01,1.938562e+01,1.925130e+01,1.917346e+01,1.891827e+01,1.893956e+01,1.875488e+01,1.885437e+01,1.876910e+01,1.906012e+01,1.944212e+01,1.984376e+01,2.004749e+01,1.982969e+01,1.997728e+01,1.980859e+01,1.996324e+01,2.000537e+01,1.994216e+01,1.992811e+01,1.997026e+01,2.002643e+01,2.001239e+01,2.001239e+01,2.011063e+01,2.020177e+01,2.022278e+01,2.021578e+01,2.028582e+01,2.047468e+01,2.048166e+01,2.060736e+01,2.061434e+01,2.064923e+01,2.058643e+01,2.064225e+01,2.064923e+01,2.067713e+01,2.060039e+01,2.065621e+01,2.071200e+01,2.073291e+01,2.067016e+01,2.063528e+01,2.069108e+01,2.062830e+01,2.068410e+01,2.060039e+01,2.065621e+01,2.060039e+01,2.056548e+01,2.063528e+01,2.069108e+01,2.060736e+01,2.062132e+01,2.053057e+01,2.067016e+01,2.052358e+01,2.060039e+01,2.062132e+01,2.064923e+01,2.064225e+01,2.057246e+01,2.066318e+01,2.067016e+01,2.064923e+01,2.064923e+01,2.060736e+01,2.066318e+01,2.052358e+01,2.060039e+01,2.053755e+01,2.056548e+01,2.043274e+01,2.052358e+01,2.052358e+01,2.049564e+01,2.050262e+01,2.048865e+01,2.057246e+01,2.049564e+01,2.056548e+01,2.055850e+01,2.050262e+01,2.057944e+01,2.064923e+01,2.062132e+01,2.063528e+01,2.053057e+01,2.067016e+01,2.062132e+01,2.053755e+01,2.052358e+01,2.060736e+01,2.053057e+01,2.055850e+01,2.053057e+01,2.048865e+01,2.055152e+01,2.050262e+01,2.047468e+01,2.055152e+01,2.047468e+01,2.041176e+01,2.040477e+01,2.046070e+01,2.041875e+01,2.043274e+01,2.032782e+01,2.037679e+01,2.038379e+01,2.026481e+01,2.029982e+01,2.014569e+01,2.025080e+01,2.004749e+01,2.008959e+01,2.030682e+01,2.028582e+01,2.023680e+01,2.023680e+01,2.031382e+01,2.024380e+01,2.020177e+01,2.029982e+01,2.039078e+01,2.039078e+01,2.032782e+01,2.043973e+01,2.039078e+01,2.050262e+01,2.053755e+01,2.053057e+01,2.046070e+01,2.055152e+01,2.048166e+01,2.058643e+01,2.049564e+01,2.053755e+01,2.054453e+01,2.061434e+01,2.051660e+01,2.055152e+01,2.049564e+01,2.047468e+01,2.060736e+01,2.054453e+01,2.057944e+01,2.057944e+01,2.060736e+01,2.060736e+01,2.063528e+01,2.066318e+01,2.056548e+01,2.064923e+01,2.060736e+01,2.053755e+01,2.046070e+01,2.058643e+01,2.061434e+01,2.046769e+01,2.059340e+01,2.056548e+01,2.057246e+01,2.044672e+01,2.055152e+01,2.057246e+01,2.046769e+01,2.034181e+01,2.051660e+01,2.039778e+01,2.041875e+01,2.032082e+01,2.035581e+01,2.033481e+01,2.033481e+01,2.043973e+01,2.028582e+01,2.030682e+01,2.030682e+01,2.036280e+01,2.036980e+01,2.036280e+01,2.031382e+01,2.038379e+01,2.034181e+01,2.043274e+01,2.046070e+01,2.044672e+01,2.040477e+01,2.041875e+01,2.043973e+01,2.041875e+01,2.039078e+01,2.041176e+01,2.037679e+01,2.032082e+01,2.036280e+01,2.045371e+01,2.050961e+01,2.042575e+01,2.046070e+01,2.039778e+01,2.038379e+01,2.033481e+01,2.042575e+01,2.032082e+01,2.032782e+01,2.039078e+01,2.040477e+01,2.041875e+01,2.042575e+01,2.041875e+01,2.041176e+01,2.049564e+01,2.043274e+01,2.057944e+01,2.042575e+01,2.058643e+01,2.061434e+01,2.049564e+01,2.045371e+01,2.050961e+01,2.052358e+01,2.053755e+01,2.053057e+01,2.054453e+01,2.052358e+01,2.048865e+01,2.020177e+01,2.023680e+01,2.022979e+01,2.006152e+01,2.015270e+01,2.007556e+01,2.004749e+01,2.014569e+01,2.037679e+01,2.017373e+01,2.049564e+01,2.021578e+01,2.020877e+01,2.019476e+01,2.015971e+01,1.996324e+01,2.006854e+01,1.990000e+01,1.994216e+01,1.989297e+01,1.988594e+01,1.978749e+01,1.997728e+01,1.997026e+01,1.980156e+01,1.999835e+01,1.997728e+01,2.020177e+01,2.009660e+01,2.021578e+01,2.023680e+01,2.033481e+01,2.041875e+01,2.041176e+01,2.034181e+01,2.037679e+01,2.031382e+01,2.038379e+01,2.050961e+01,2.053755e+01,2.049564e+01,2.042575e+01,2.047468e+01,2.041875e+01,2.047468e+01,2.048166e+01,2.060039e+01,2.065621e+01,2.077472e+01,2.069108e+01,2.073291e+01,2.071897e+01,2.092093e+01,2.103219e+01,2.087222e+01,2.092093e+01,2.083045e+01,2.083045e+01,2.087222e+01,2.080259e+01,2.094180e+01,2.087918e+01,2.085134e+01,2.088614e+01,2.083045e+01,2.080955e+01,2.085134e+01,2.086526e+01,2.086526e+01,2.087918e+01,2.090702e+01,2.088614e+01,2.090006e+01,2.090006e+01,2.090702e+01,2.083741e+01,2.099744e+01,2.081652e+01,2.083741e+01,2.083045e+01,2.080259e+01,2.080955e+01,2.093485e+01,2.075382e+01,2.099744e+01,2.091398e+01,2.088614e+01,2.087222e+01,2.078866e+01,2.085830e+01,2.096267e+01,2.085134e+01,2.098353e+01,2.081652e+01,2.084437e+01,2.090702e+01,2.085134e+01,2.087918e+01,2.085830e+01,2.082348e+01,2.094180e+01,2.078866e+01,2.082348e+01,2.098353e+01,2.085134e+01,2.083045e+01,2.102524e+01,2.090006e+01,2.090702e+01,2.089310e+01,2.094180e+01,2.093485e+01,2.087222e+01,2.080955e+01,2.086526e+01,2.098353e+01,2.091398e+01,2.096962e+01,2.087918e+01,2.080259e+01,2.094180e+01,2.080259e+01,2.101829e+01,2.066318e+01,2.071897e+01,2.043274e+01,2.011764e+01,2.013868e+01,2.039778e+01,2.042575e+01,2.056548e+01,2.055152e+01
2.073291e+01,2.067713e+01,2.075382e+01,2.071200e+01,2.075382e+01,2.072594e+01,2.079562e+01,2.080259e+01,2.078169e+01,2.067713e+01,2.061434e+01,2.057944e+01,2.063528e+01,2.046070e+01,2.034881e+01,2.037679e+01,2.035581e+01,2.039078e+01,2.029982e+01,2.034181e+01,2.018074e+01,2.002643e+01,2.014569e+01,1.998431e+01,2.005451e+01,1.997026e+01,1.997728e+01,2.006152e+01,2.004749e+01,1.999133e+01,2.006854e+01,2.002643e+01,1.997728e+01,1.994919e+01,2.016672e+01,1.992811e+01,1.991406e+01,2.001941e+01,1.988594e+01,1.995621e+01,1.988594e+01,1.987892e+01,2.001941e+01,1.988594e+01,2.001941e+01,2.005451e+01,1.998431e+01,1.998431e+01,2.005451e+01,2.004749e+01,2.001941e+01,1.998431e+01,2.009660e+01,2.013167e+01,2.008959e+01,1.999835e+01,2.000537e+01,2.003345e+01,2.004749e+01,2.006152e+01,2.005451e+01,2.005451e+01,2.013167e+01,2.005451e+01,2.018775e+01,1.999133e+01,2.002643e+01,2.000537e+01,2.011764e+01,2.003345e+01,2.009660e+01,2.001239e+01,1.995621e+01,2.007556e+01,2.008257e+01,2.003345e+01,2.003345e+01,2.001239e+01,2.007556e+01,2.010362e+01,2.008257e+01,2.036980e+01,2.011063e+01,2.011764e+01,2.014569e+01,2.012466e+01,2.015971e+01,2.015270e+01,2.022979e+01,2.008257e+01,2.018775e+01,2.023680e+01,2.013868e+01,2.017373e+01,2.020177e+01,2.027181e+01,2.016672e+01,2.027881e+01,2.022278e+01,2.029982e+01,2.029282e+01,2.028582e+01,2.031382e+01,2.031382e+01,2.033481e+01,2.032082e+01,2.036980e+01,2.038379e+01,2.047468e+01,2.051660e+01,2.047468e+01,2.050961e+01,2.029282e+01,2.036980e+01,2.041176e+01,2.043274e+01,2.048865e+01,2.042575e+01,2.037679e+01,2.034881e+01,2.032782e+01,2.034181e+01,2.028582e+01,2.026481e+01,2.050262e+01,2.036980e+01,2.023680e+01,2.013868e+01,2.011063e+01,2.017373e+01,2.022979e+01,2.004047e+01,2.012466e+01,2.018775e+01,1.990703e+01,2.007556e+01,2.004749e+01,2.022979e+01,2.015270e+01,2.014569e+01,2.015971e+01,2.010362e+01,2.015270e+01,2.006854e+01,2.013167e+01,2.006854e+01,2.015270e+01,2.015270e+01,2.015270e+01,2.004749e+01,2.009660e+01,2.001941e+01,2.004749e+01,2.015971e+01,2.019476e+01,2.010362e+01,2.015270e+01,2.016672e+01,2.033481e+01,2.028582e+01,2.025080e+01,2.033481e+01,2.034881e+01,2.034881e+01,2.034881e+01,2.034881e+01,2.034181e+01,2.046769e+01,2.040477e+01,2.038379e+01,2.041176e+01,2.039778e+01,2.037679e+01,2.055152e+01,2.049564e+01,2.046769e+01,2.048166e+01,2.046070e+01,2.056548e+01,2.060039e+01,2.049564e+01,2.048166e+01,2.061434e+01,2.046070e+01,2.061434e+01,2.057944e+01,2.053057e+01,2.054453e+01,2.054453e+01,2.051660e+01,2.042575e+01,2.046769e+01,2.046070e+01,2.045371e+01,2.036980e+01,2.038379e+01,2.046769e+01,2.046070e+01,2.041875e+01,2.041176e+01,2.044672e+01,2.047468e+01,2.039778e+01,2.053057e+01,2.044672e+01,2.041875e+01,2.050262e+01,2.053755e+01,2.050961e+01,2.046070e+01,2.041176e+01,2.050961e+01,2.050262e+01,2.048166e+01,2.046769e+01,2.049564e+01,2.051660e+01,2.050262e+01,2.042575e+01,2.049564e+01,2.062132e+01,2.053057e+01,2.053057e+01,2.062830e+01,2.053057e+01,2.073291e+01,2.062830e+01,2.053755e+01,2.051660e+01,2.064225e+01,2.068410e+01,2.064225e+01,2.057246e+01,2.057246e+01,2.076775e+01,2.069805e+01,2.064225e+01,2.062132e+01,2.062132e+01,2.062830e+01,2.061434e+01,2.064225e+01,2.072594e+01,2.066318e+01,2.067713e+01,2.067016e+01,2.068410e+01,2.067713e+01,2.065621e+01,2.069805e+01,2.067016e+01,2.064923e+01,2.064225e+01,2.065621e+01,2.061434e+01,2.064225e+01,2.069108e+01,2.065621e+01,2.069805e+01,2.059340e+01,2.064225e+01,2.047468e+01,2.050262e+01,2.072594e+01,2.057246e+01,2.073291e+01,2.073291e+01,2.071200e+01,2.060039e+01,2.056548e+01,2.046070e+01,2.043973e+01,2.015971e+01,2.010362e+01,1.999835e+01,1.978749e+01,1.966780e+01,1.969597e+01,1.947742e+01,1.933615e+01,1.920177e+01,1.903885e+01,1.901758e+01,1.900340e+01,1.902468e+01,1.886147e+01,1.884016e+01,1.910972e+01,1.937149e+01,1.986485e+01,1.992811e+01,1.999133e+01,1.990000e+01,1.989297e+01,1.978045e+01,2.003345e+01,2.004749e+01,1.996324e+01,1.996324e+01,1.990000e+01,1.994216e+01,2.005451e+01,1.998431e+01,2.001239e+01,2.004749e+01,2.022278e+01,2.023680e+01,2.022278e+01,2.043274e+01,2.047468e+01,2.059340e+01,2.065621e+01,2.044672e+01,2.053057e+01,2.068410e+01,2.055152e+01,2.064923e+01,2.062132e+01,2.062830e+01,2.060039e+01,2.065621e+01,2.057944e+01,2.068410e+01,2.062830e+01,2.071200e+01,2.064225e+01,2.063528e+01,2.057246e+01,2.067713e+01,2.064225e+01,2.066318e+01,2.062132e+01,2.067016e+01,2.057944e+01,2.053755e+01,2.063528e+01,2.056548e+01,2.058643e+01,2.070502e+01,2.067016e+01,2.069805e+01,2.061434e+01,2.064225e+01,2.066318e+01,2.070502e+01,2.069108e+01,2.068410e+01,2.067016e+01,2.065621e+01,2.057246e+01,2.057246e+01,2.054453e+01,2.052358e+01,2.046070e+01,2.051660e+01,2.048865e+01,2.050262e+01,2.050262e+01,2.048865e+01,2.049564e+01,2.041176e+01,2.055850e+01,2.047468e+01,2.057246e+01,2.043973e+01,2.050262e+01,2.051660e+01,2.055850e+01,2.058643e+01,2.064923e+01,2.051660e+01,2.048166e+01,2.054453e+01,2.059340e+01,2.052358e+01,2.047468e+01,2.050262e+01,2.050961e+01,2.045371e+01,2.055850e+01,2.040477e+01,2.036280e+01,2.036980e+01,2.046769e+01,2.036980e+01,2.039778e+01,2.029282e+01,2.027181e+01,2.024380e+01,2.025781e+01,2.011764e+01,2.015971e+01,2.006854e+01,1.991406e+01,2.001239e+01,2.001941e+01,1.999835e+01,2.013868e+01,2.010362e+01,2.018775e+01,2.016672e+01,2.034181e+01,2.034881e+01,2.025781e+01,2.032082e+01,2.037679e+01,2.048166e+01,2.038379e+01,2.048865e+01,2.047468e+01,2.045371e+01,2.046070e+01,2.049564e+01,2.046769e+01,2.057246e+01,2.053755e+01,2.055152e+01,2.057944e+01,2.057944e+01,2.055850e+01,2.055152e+01,2.061434e+01,2.063528e+01,2.054453e+01,2.052358e+01,2.036280e+01,2.058643e+01,2.053755e+01,2.062132e+01,2.062132e+01,2.055152e+01,2.057246e+01,2.060039e+01,2.062830e+01,2.065621e+01,2.065621e+01,2.046769e+01,2.056548e+01,2.057944e+01,2.055152e+01,2.055152e+01,2.060736e+01,2.056548e+01,2.057944e+01,2.052358e+01,2.053057e+01,2.045371e+01,2.058643e+01,2.035581e+01,2.052358e+01,2.056548e+01,2.035581e+01,2.032082e+01,2.034881e+01,2.026481e+01,2.024380e+01,2.026481e+01,2.034881e+01,2.026481e+01,2.035581e+01,2.034881e+01,2.032082e+01,2.031382e+01,2.032782e+01,2.039078e+01,2.037679e+01,2.043274e+01,2.035581e+01,2.046769e+01,2.038379e+01,2.042575e+01,2.034881e+01,2.036280e+01,2.043973e+01,2.039078e+01,2.036980e+01,2.036980e+01,2.036280e+01,2.044672e+01,2.049564e+01,2.039078e+01,2.043274e+01,2.041875e+01,2.039778e+01,2.038379e+01,2.035581e+01,2.027181e+01,2.031382e+01,2.045371e+01,2.041875e+01,2.044672e+01,2.048865e+01,2.043274e+01,2.056548e+01,2.054453e+01,2.047468e+01,2.050961e+01,2.043973e+01,2.059340e+01,2.049564e+01,2.053755e+01,2.050262e+01,2.062132e+01,2.041176e+01,2.049564e+01,2.039078e+01,2.036980e+01,2.027881e+01,2.022278e+01,2.015971e+01,2.007556e+01,2.007556e+01,2.001941e+01,2.004047e+01,2.004749e+01,2.007556e+01,2.018775e+01,2.025080e+01,2.031382e+01,2.027181e+01,2.020877e+01,2.025080e+01,2.016672e+01,2.010362e+01,2.008959e+01,2.005451e+01,1.990703e+01,1.989297e+01,1.982266e+01,1.978045e+01,1.976638e+01,1.985079e+01,1.978749e+01,2.006854e+01,2.002643e+01,2.015971e+01,2.012466e+01,2.035581e+01,2.039778e+01,2.043973e+01,2.040477e+01,2.029982e+01,2.036280e+01,2.036280e+01,2.039078e+01,2.048865e+01,2.047468e+01,2.050961e+01,2.041875e+01,2.048166e+01,2.042575e+01,2.041875e+01,2.050262e+01,2.050961e+01,2.048865e+01,2.072594e+01,2.073291e+01,2.070502e+01,2.089310e+01,2.089310e+01,2.078169e+01,2.089310e+01,2.092789e+01,2.088614e+01,2.088614e+01,2.088614e+01,2.085134e+01,2.080955e+01,2.087918e+01,2.092093e+01,2.078866e+01,2.092789e+01,2.083045e+01,2.078169e+01,2.094180e+01,2.083045e+01,2.102524e+01,2.087918e+01,2.089310e+01,2.092093e+01,2.101134e+01,2.080955e+01,2.089310e+01,2.086526e+01,2.078866e+01,2.083045e+01,2.085134e+01,2.093485e+01,2.081652e+01,2.082348e+01,2.080955e+01,2.078866e+01,2.087222e+01,2.095572e+01,2.085134e+01,2.094876e+01,2.092789e+01,2.083045e+01,2.095572e+01,2.092093e+01,2.094180e+01,2.086526e+01,2.082348e+01,2.084437e+01,2.087222e+01,2.083045e+01,2.076079e+01,2.078169e+01,2.087918e+01,2.071200e+01,2.084437e+01,2.085830e+01,2.080259e+01,2.084437e+01,2.086526e+01,2.081652e+01,2.082348e+01,2.096267e+01,2.091398e+01,2.082348e+01,2.090006e+01,2.089310e+01,2.083741e+01,2.085134e+01,2.098353e+01,2.092093e+01,2.086526e+01,2.099048e+01,2.083741e+01,2.085134e+01,2.063528e+01,2.087222e+01,2.069108e+01,2.039778e+01,2.003345e+01,2.018775e+01,2.038379e+01,2.048166e+01,2.057944e+01,2.058643e+01
2.057944e+01,2.076079e+01,2.080259e+01,2.067016e+01,2.071897e+01,2.080259e+01,2.069108e+01,2.067016e+01,2.062132e+01,2.058643e+01,2.073291e+01,2.059340e+01,2.058643e+01,2.040477e+01,2.060039e+01,2.037679e+01,2.033481e+01,2.033481e+01,2.044672e+01,2.010362e+01,2.011764e+01,2.011764e+01,2.001239e+01,2.008257e+01,2.001941e+01,2.000537e+01,2.002643e+01,2.007556e+01,2.001239e+01,2.001941e+01,1.997026e+01,2.011764e+01,1.995621e+01,1.994919e+01,1.996324e+01,1.994216e+01,1.987892e+01,2.001239e+01,1.991406e+01,1.999835e+01,1.995621e+01,1.999835e+01,2.004047e+01,1.996324e+01,2.002643e+01,2.012466e+01,1.998431e+01,2.000537e+01,2.001941e+01,1.997026e+01,2.007556e+01,2.005451e+01,2.001941e+01,2.007556e+01,1.997728e+01,2.006854e+01,2.008959e+01,2.012466e+01,2.020177e+01,2.009660e+01,2.014569e+01,2.010362e+01,2.004047e+01,2.013167e+01,1.996324e+01,1.992811e+01,2.010362e+01,2.013868e+01,2.000537e+01,2.005451e+01,1.999133e+01,2.004047e+01,2.005451e+01,2.008257e+01,1.981563e+01,2.005451e+01,2.007556e+01,2.004749e+01,2.013167e+01,2.009660e+01,2.010362e+01,2.008257e+01,1.999835e+01,2.011764e+01,2.005451e+01,2.013167e+01,2.008959e+01,2.014569e+01,2.017373e+01,2.014569e+01,2.019476e+01,2.025080e+01,2.019476e+01,2.018074e+01,2.015971e+01,2.017373e+01,2.015270e+01,2.029282e+01,2.024380e+01,2.029982e+01,2.029982e+01,2.030682e+01,2.040477e+01,2.034181e+01,2.030682e+01,2.024380e+01,2.039078e+01,2.038379e+01,2.040477e+01,2.035581e+01,2.050262e+01,2.048865e+01,2.053755e+01,2.046070e+01,2.046769e+01,2.048865e+01,2.034881e+01,2.042575e+01,2.036980e+01,2.035581e+01,2.032082e+01,2.026481e+01,2.032082e+01,2.029282e+01,2.034881e+01,2.025080e+01,2.019476e+01,2.013167e+01,2.008959e+01,2.027181e+01,2.002643e+01,2.004047e+01,2.018074e+01,2.007556e+01,2.011063e+01,2.009660e+01,1.994216e+01,2.004749e+01,2.006152e+01,2.002643e+01,2.011063e+01,2.004047e+01,2.013167e+01,2.005451e+01,2.004047e+01,2.015971e+01,2.015971e+01,2.019476e+01,2.011063e+01,2.008257e+01,2.006854e+01,2.017373e+01,2.015270e+01,2.008959e+01,2.029282e+01,2.020177e+01,2.028582e+01,2.013868e+01,2.022979e+01,2.021578e+01,2.021578e+01,2.013868e+01,2.031382e+01,2.034181e+01,2.037679e+01,2.036980e+01,2.034881e+01,2.033481e+01,2.041176e+01,2.041176e+01,2.050262e+01,2.050262e+01,2.041875e+01,2.041176e+01,2.035581e+01,2.046070e+01,2.055850e+01,2.057246e+01,2.048166e+01,2.057246e+01,2.048865e+01,2.053057e+01,2.044672e+01,2.046769e+01,2.055152e+01,2.051660e+01,2.046769e+01,2.054453e+01,2.043973e+01,2.041176e+01,2.043274e+01,2.034881e+01,2.040477e+01,2.046769e+01,2.048166e+01,2.045371e+01,2.039778e+01,2.041176e+01,2.046070e+01,2.041176e+01,2.043973e+01,2.047468e+01,2.043973e+01,2.046070e+01,2.046769e+01,2.047468e+01,2.048166e+01,2.050961e+01,2.057944e+01,2.054453e+01,2.061434e+01,2.044672e+01,2.057246e+01,2.046769e+01,2.051660e+01,2.048166e+01,2.043274e+01,2.049564e+01,2.050262e+01,2.048166e+01,2.063528e+01,2.059340e+01,2.060039e+01,2.064923e+01,2.054453e+01,2.052358e+01,2.063528e+01,2.050262e+01,2.065621e+01,2.048865e+01,2.067713e+01,2.064923e+01,2.057246e+01,2.062830e+01,2.064225e+01,2.066318e+01,2.066318e+01,2.061434e+01,2.065621e+01,2.085134e+01,2.062132e+01,2.065621e+01,2.063528e+01,2.067713e+01,2.069805e+01,2.064225e+01,2.068410e+01,2.063528e+01,2.069805e+01,2.068410e+01,2.068410e+01,2.067016e+01,2.066318e+01,2.057246e+01,2.066318e+01,2.064923e+01,2.060736e+01,2.072594e+01,2.071200e+01,2.071897e+01,2.076079e+01,2.068410e+01,2.069108e+01,2.057944e+01,2.069108e+01,2.053755e+01,2.072594e+01,2.068410e+01,2.066318e+01,2.063528e+01,2.039778e+01,2.036280e+01,2.010362e+01,2.006152e+01,1.983673e+01,1.985079e+01,1.966076e+01,1.959028e+01,1.927252e+01,1.947742e+01,1.925130e+01,1.903176e+01,1.905303e+01,1.903885e+01,1.889697e+01,1.892536e+01,1.908138e+01,1.939268e+01,1.990000e+01,2.005451e+01,2.006854e+01,2.011063e+01,2.002643e+01,1.996324e+01,2.008959e+01,2.010362e+01,2.005451e+01,1.992811e+01,2.002643e+01,2.004047e+01,2.000537e+01,2.004047e+01,1.992811e+01,2.004047e+01,2.008257e+01,2.005451e+01,2.012466e+01,2.034181e+01,2.039078e+01,2.053057e+01,2.052358e+01,2.050961e+01,2.039778e+01,2.047468e+01,2.056548e+01,2.062132e+01,2.058643e+01,2.061434e+01,2.063528e+01,2.069108e+01,2.068410e+01,2.057944e+01,2.058643e+01,2.065621e+01,2.067713e+01,2.062830e+01,2.059340e+01,2.057944e+01,2.056548e+01,2.053755e+01,2.055152e+01,2.060039e+01,2.055850e+01,2.056548e+01,2.064225e+01,2.060736e+01,2.067016e+01,2.064225e+01,2.060736e+01,2.063528e+01,2.057944e+01,2.057246e+01,2.060039e+01,2.064225e+01,2.061434e+01,2.067713e+01,2.067713e+01,2.065621e+01,2.061434e+01,2.060039e+01,2.063528e+01,2.055152e+01,2.053057e+01,2.050262e+01,2.058643e+01,2.049564e+01,2.050262e+01,2.051660e+01,2.052358e+01,2.053755e+01,2.058643e+01,2.055850e+01,2.050961e+01,2.049564e+01,2.051660e+01,2.058643e+01,2.052358e+01,2.051660e+01,2.046769e+01,2.050961e+01,2.059340e+01,2.046769e+01,2.054453e+01,2.049564e+01,2.056548e+01,2.048865e+01,2.046070e+01,2.046769e+01,2.034181e+01,2.038379e+01,2.038379e+01,2.041176e+01,2.036980e+01,2.034881e+01,2.022979e+01,2.013167e+01,2.024380e+01,2.019476e+01,2.000537e+01,2.019476e+01,2.007556e+01,1.996324e+01,1.992811e+01,1.992811e+01,2.000537e+01,2.009660e+01,1.998431e+01,2.005451e+01,2.006152e+01,2.009660e+01,2.010362e+01,2.020877e+01,2.032782e+01,2.030682e+01,2.043274e+01,2.046070e+01,2.037679e+01,2.043274e+01,2.046769e+01,2.043973e+01,2.041176e+01,2.046769e+01,2.046070e+01,2.046769e+01,2.048166e+01,2.049564e+01,2.055850e+01,2.053057e+01,2.057944e+01,2.057944e+01,2.052358e+01,2.055152e+01,2.059340e+01,2.048166e+01,2.044672e+01,2.055152e+01,2.055850e+01,2.060039e+01,2.060736e+01,2.062132e+01,2.060039e+01,2.053057e+01,2.053057e+01,2.052358e+01,2.048166e+01,2.059340e+01,2.060736e+01,2.073988e+01,2.050262e+01,2.058643e+01,2.058643e+01,2.057944e+01,2.057246e+01,2.054453e+01,2.025781e+01,2.031382e+01,2.037679e+01,2.049564e+01,2.038379e+01,2.036280e+01,2.036280e+01,2.034181e+01,2.024380e+01,2.028582e+01,2.018074e+01,2.028582e+01,2.032782e+01,2.024380e+01,2.023680e+01,2.029282e+01,2.029982e+01,2.031382e+01,2.034181e+01,2.045371e+01,2.039078e+01,2.034881e+01,2.037679e+01,2.053057e+01,2.038379e+01,2.041875e+01,2.041875e+01,2.048166e+01,2.038379e+01,2.036280e+01,2.037679e+01,2.036980e+01,2.036980e+01,2.034881e+01,2.052358e+01,2.036280e+01,2.060039e+01,2.036980e+01,2.024380e+01,2.041176e+01,2.025080e+01,2.032082e+01,2.035581e+01,2.029282e+01,2.034181e+01,2.037679e+01,2.046070e+01,2.035581e+01,2.059340e+01,2.057944e+01,2.051660e+01,2.053755e+01,2.050961e+01,2.050961e+01,2.053755e+01,2.053755e+01,2.045371e+01,2.046070e+01,2.040477e+01,2.049564e+01,2.041176e+01,2.040477e+01,2.039078e+01,2.021578e+01,2.016672e+01,2.010362e+01,2.005451e+01,2.011063e+01,2.006854e+01,2.004047e+01,2.006854e+01,2.009660e+01,2.015971e+01,2.027181e+01,2.027881e+01,2.027181e+01,2.022979e+01,2.027181e+01,2.011063e+01,2.020877e+01,1.999835e+01,2.001239e+01,1.989297e+01,1.986485e+01,1.974526e+01,1.973118e+01,1.978045e+01,1.975230e+01,1.978749e+01,1.987189e+01,2.013167e+01,2.019476e+01,2.013868e+01,2.027181e+01,2.041176e+01,2.034881e+01,2.040477e+01,2.036280e+01,2.026481e+01,2.037679e+01,2.036280e+01,2.040477e+01,2.044672e+01,2.053057e+01,2.050961e+01,2.055152e+01,2.044672e+01,2.038379e+01,2.050961e+01,2.042575e+01,2.050961e+01,2.054453e+01,2.071897e+01,2.086526e+01,2.085134e+01,2.089310e+01,2.085134e+01,2.091398e+01,2.088614e+01,2.078866e+01,2.087918e+01,2.083045e+01,2.085134e+01,2.081652e+01,2.092789e+01,2.080955e+01,2.095572e+01,2.096267e+01,2.077472e+01,2.086526e+01,2.085830e+01,2.088614e+01,2.090702e+01,2.090006e+01,2.091398e+01,2.092093e+01,2.089310e+01,2.101134e+01,2.084437e+01,2.086526e+01,2.089310e+01,2.078866e+01,2.088614e+01,2.087918e+01,2.082348e+01,2.083045e+01,2.080259e+01,2.090702e+01,2.083045e+01,2.083741e+01,2.083741e+01,2.087222e+01,2.093485e+01,2.098353e+01,2.094180e+01,2.076079e+01,2.082348e+01,2.078866e+01,2.080259e+01,2.085134e+01,2.084437e+01,2.079562e+01,2.083741e+01,2.089310e+01,2.093485e+01,2.091398e+01,2.087222e+01,2.090006e+01,2.085830e+01,2.083045e+01,2.101134e+01,2.090702e+01,2.087918e+01,2.112944e+01,2.099048e+01,2.086526e+01,2.090006e+01,2.083741e+01,2.089310e+01,2.092789e+01,2.086526e+01,2.096962e+01,2.085134e+01,2.084437e+01,2.086526e+01,2.096962e+01,2.090702e+01,2.090006e+01,2.073291e+01,2.028582e+01,2.019476e+01,2.035581e+01,2.036280e+01,2.059340e+01,2.068410e+01,2.057944e+01
2.083045e+01,2.060736e+01,2.069108e+01,2.066318e+01,2.080259e+01,2.062830e+01,2.075382e+01,2.078169e+01,2.073291e+01,2.068410e+01,2.055152e+01,2.080259e+01,2.062830e+01,2.053755e+01,2.053057e+01,2.055152e+01,2.027881e+01,2.023680e+01,2.023680e+01,2.032082e+01,2.013167e+01,2.013868e+01,2.012466e+01,2.004047e+01,2.007556e+01,2.006854e+01,2.006152e+01,1.997728e+01,2.000537e+01,2.003345e+01,1.999133e+01,2.009660e+01,2.008257e+01,2.009660e+01,1.995621e+01,2.001239e+01,1.991406e+01,2.001239e+01,2.001239e+01,2.008257e+01,1.999835e+01,2.001941e+01,2.002643e+01,1.997026e+01,2.005451e+01,2.011764e+01,2.004749e+01,1.996324e+01,2.001941e+01,2.015971e+01,1.995621e+01,1.999835e+01,2.001239e+01,2.008257e+01,2.000537e+01,2.004749e+01,2.006854e+01,2.010362e+01,2.009660e+01,2.007556e+01,2.014569e+01,2.002643e+01,2.005451e+01,2.011764e+01,2.010362e+01,2.011063e+01,2.010362e+01,2.001941e+01,2.009660e+01,2.001239e+01,2.004047e+01,2.001239e+01,2.006854e+01,2.013167e+01,2.010362e+01,2.001239e+01,2.003345e+01,2.004047e+01,2.001239e+01,2.007556e+01,2.011063e+01,2.006152e+01,2.010362e+01,2.010362e+01,2.007556e+01,2.002643e+01,2.009660e+01,2.017373e+01,2.017373e+01,2.014569e+01,2.013167e+01,2.012466e+01,2.019476e+01,2.017373e+01,2.015270e+01,2.022979e+01,2.015270e+01,2.027181e+01,2.029982e+01,2.025080e+01,2.031382e+01,2.029282e+01,2.033481e+01,2.034181e+01,2.027181e+01,2.034181e+01,2.036980e+01,2.036280e+01,2.036280e+01,2.038379e+01,2.042575e+01,2.043274e+01,2.046769e+01,2.043274e+01,2.045371e+01,2.043274e+01,2.046070e+01,2.044672e+01,2.040477e+01,2.034881e+01,2.027881e+01,2.033481e+01,2.036980e+01,2.031382e+01,2.022979e+01,2.010362e+01,2.007556e+01,2.013868e+01,2.006854e+01,2.018074e+01,2.015971e+01,2.013868e+01,2.005451e+01,2.011764e+01,2.001239e+01,2.016672e+01,2.011764e+01,2.007556e+01,2.001239e+01,1.997728e+01,2.007556e+01,2.005451e+01,2.004047e+01,2.007556e+01,1.997728e+01,2.006854e+01,2.001941e+01,2.001941e+01,1.999835e+01,2.005451e+01,2.011063e+01,2.004749e+01,2.004047e+01,1.999133e+01,2.015971e+01,2.035581e+01,2.018775e+01,2.022979e+01,2.023680e+01,2.039778e+01,2.025080e+01,2.027181e+01,2.034881e+01,2.036280e+01,2.038379e+01,2.035581e+01,2.034881e+01,2.040477e+01,2.040477e+01,2.040477e+01,2.046070e+01,2.039778e+01,2.041875e+01,2.046070e+01,2.040477e+01,2.045371e+01,2.057246e+01,2.046769e+01,2.060736e+01,2.053057e+01,2.046769e+01,2.050262e+01,2.050961e+01,2.052358e+01,2.054453e+01,2.058643e+01,2.053057e+01,2.049564e+01,2.050262e+01,2.045371e+01,2.039778e+01,2.039778e+01,2.036980e+01,2.050262e+01,2.055850e+01,2.053057e+01,2.052358e+01,2.042575e+01,2.043274e+01,2.043973e+01,2.046769e+01,2.047468e+01,2.044672e+01,2.046070e+01,2.052358e+01,2.051660e+01,2.052358e+01,2.049564e+01,2.056548e+01,2.051660e+01,2.060736e+01,2.053755e+01,2.050961e+01,2.047468e+01,2.047468e+01,2.050961e+01,2.054453e+01,2.060039e+01,2.049564e+01,2.064923e+01,2.071200e+01,2.065621e+01,2.055152e+01,2.057246e+01,2.062132e+01,2.063528e+01,2.064225e+01,2.064923e+01,2.062132e+01,2.054453e+01,2.059340e+01,2.050961e+01,2.053755e+01,2.064225e+01,2.054453e+01,2.053755e+01,2.055850e+01,2.058643e+01,2.064923e+01,2.057944e+01,2.062132e+01,2.060736e+01,2.061434e+01,2.071200e+01,2.073291e+01,2.071200e+01,2.060736e+01,2.063528e+01,2.069805e+01,2.060039e+01,2.068410e+01,2.068410e+01,2.066318e+01,2.091398e+01,2.062830e+01,2.062830e+01,2.064225e+01,2.066318e+01,2.069108e+01,2.068410e+01,2.063528e+01,2.076775e+01,2.064923e+01,2.076079e+01,2.071897e+01,2.067713e+01,2.069108e+01,2.064923e+01,2.041875e+01,2.046070e+01,2.042575e+01,2.018775e+01,2.000537e+01,1.998431e+01,1.986485e+01,1.978045e+01,1.966780e+01,1.935029e+01,1.923715e+01,1.932202e+01,1.910264e+01,1.912389e+01,1.902468e+01,1.896084e+01,1.906012e+01,1.906012e+01,1.956207e+01,1.975230e+01,2.004749e+01,1.991406e+01,2.011063e+01,2.011764e+01,2.009660e+01,2.008257e+01,2.010362e+01,2.008257e+01,1.999835e+01,2.001941e+01,2.006152e+01,2.004749e+01,2.003345e+01,2.006152e+01,2.000537e+01,2.001941e+01,2.013868e+01,2.015971e+01,2.024380e+01,2.011764e+01,2.030682e+01,2.041176e+01,2.055152e+01,2.057944e+01,2.059340e+01,2.053057e+01,2.065621e+01,2.059340e+01,2.060736e+01,2.062830e+01,2.065621e+01,2.064225e+01,2.070502e+01,2.074685e+01,2.055152e+01,2.063528e+01,2.061434e+01,2.069805e+01,2.064923e+01,2.059340e+01,2.062830e+01,2.055850e+01,2.058643e+01,2.058643e+01,2.058643e+01,2.060039e+01,2.048166e+01,2.059340e+01,2.064923e+01,2.067016e+01,2.049564e+01,2.068410e+01,2.058643e+01,2.062830e+01,2.060736e+01,2.062132e+01,2.057944e+01,2.062132e+01,2.055850e+01,2.056548e+01,2.057246e+01,2.050961e+01,2.069108e+01,2.057246e+01,2.055850e+01,2.059340e+01,2.061434e+01,2.055152e+01,2.057246e+01,2.060039e+01,2.060736e+01,2.060736e+01,2.052358e+01,2.051660e+01,2.050262e+01,2.051660e+01,2.049564e+01,2.053057e+01,2.052358e+01,2.052358e+01,2.052358e+01,2.049564e+01,2.050961e+01,2.048166e+01,2.046070e+01,2.043274e+01,2.044672e+01,2.042575e+01,2.039078e+01,2.032082e+01,2.059340e+01,2.034181e+01,2.030682e+01,2.036280e+01,2.037679e+01,2.025781e+01,2.015971e+01,2.012466e+01,2.004749e+01,2.020877e+01,2.020177e+01,1.993514e+01,1.995621e+01,2.006854e+01,1.985079e+01,1.992109e+01,2.002643e+01,1.993514e+01,1.999835e+01,1.997026e+01,2.010362e+01,1.993514e+01,2.022979e+01,2.018074e+01,2.025781e+01,2.025080e+01,2.050961e+01,2.035581e+01,2.035581e+01,2.039078e+01,2.043274e+01,2.046070e+01,2.042575e+01,2.041176e+01,2.046070e+01,2.047468e+01,2.048166e+01,2.057246e+01,2.050262e+01,2.047468e+01,2.058643e+01,2.050262e+01,2.061434e+01,2.060039e+01,2.043973e+01,2.048865e+01,2.048166e+01,2.048865e+01,2.058643e+01,2.046070e+01,2.055850e+01,2.064225e+01,2.053057e+01,2.060039e+01,2.064225e+01,2.051660e+01,2.062830e+01,2.057246e+01,2.050262e+01,2.053057e+01,2.055152e+01,2.055152e+01,2.043274e+01,2.056548e+01,2.058643e+01,2.043973e+01,2.036280e+01,2.042575e+01,2.043973e+01,2.028582e+01,2.043973e+01,2.037679e+01,2.024380e+01,2.036280e+01,2.029982e+01,2.008257e+01,2.026481e+01,2.027181e+01,2.020877e+01,2.022979e+01,2.025080e+01,2.017373e+01,2.027881e+01,2.027881e+01,2.027881e+01,2.034181e+01,2.049564e+01,2.046070e+01,2.046769e+01,2.031382e+01,2.039778e+01,2.034181e+01,2.037679e+01,2.035581e+01,2.034881e+01,2.033481e+01,2.036280e+01,2.038379e+01,2.036980e+01,2.037679e+01,2.046769e+01,2.038379e+01,2.041176e+01,2.046769e+01,2.039778e+01,2.027881e+01,2.036280e+01,2.037679e+01,2.043973e+01,2.031382e+01,2.037679e+01,2.039078e+01,2.035581e+01,2.048865e+01,2.044672e+01,2.051660e+01,2.050262e+01,2.050961e+01,2.050961e+01,2.032782e+01,2.056548e+01,2.052358e+01,2.055850e+01,2.045371e+01,2.062830e+01,2.051660e+01,2.051660e+01,2.040477e+01,2.036280e+01,2.029282e+01,2.029282e+01,2.037679e+01,2.014569e+01,2.008959e+01,2.012466e+01,2.004047e+01,2.004749e+01,2.018775e+01,2.029982e+01,2.027881e+01,2.027881e+01,2.032082e+01,2.020877e+01,2.017373e+01,2.012466e+01,2.005451e+01,2.008257e+01,2.007556e+01,1.971710e+01,1.986485e+01,1.984376e+01,1.973822e+01,1.993514e+01,2.001239e+01,1.978749e+01,1.998431e+01,2.006854e+01,2.020877e+01,2.028582e+01,2.029282e+01,2.032782e+01,2.035581e+01,2.031382e+01,2.040477e+01,2.041176e+01,2.048865e+01,2.053755e+01,2.053057e+01,2.048865e+01,2.051660e+01,2.048166e+01,2.054453e+01,2.054453e+01,2.048865e+01,2.067713e+01,2.045371e+01,2.065621e+01,2.056548e+01,2.069108e+01,2.087918e+01,2.075382e+01,2.088614e+01,2.090702e+01,2.086526e+01,2.087918e+01,2.098353e+01,2.087222e+01,2.083045e+01,2.087918e+01,2.080955e+01,2.080955e+01,2.083045e+01,2.080259e+01,2.095572e+01,2.088614e+01,2.081652e+01,2.081652e+01,2.087222e+01,2.081652e+01,2.094876e+01,2.088614e+01,2.087918e+01,2.099048e+01,2.087918e+01,2.078169e+01,2.076775e+01,2.088614e+01,2.092789e+01,2.090702e+01,2.083741e+01,2.090702e+01,2.078169e+01,2.082348e+01,2.081652e+01,2.078866e+01,2.096267e+01,2.094876e+01,2.090006e+01,2.094180e+01,2.096267e+01,2.080955e+01,2.092093e+01,2.090702e+01,2.092093e+01,2.090006e+01,2.098353e+01,2.087918e+01,2.083741e+01,2.087918e+01,2.090702e+01,2.089310e+01,2.086526e+01,2.083045e+01,2.085830e+01,2.094180e+01,2.085830e+01,2.090702e+01,2.087222e+01,2.087918e+01,2.083045e+01,2.092789e+01,2.091398e+01,2.090006e+01,2.085830e+01,2.092093e+01,2.090702e+01,2.096267e+01,2.085830e+01,2.092093e+01,2.088614e+01,2.081652e+01,2.085830e+01,2.092093e+01,2.066318e+01,2.069108e+01,2.026481e+01,2.027181e+01,2.034881e+01,2.039078e+01,2.047468e+01,2.046070e+01,2.059340e+01
2.082348e+01,2.075382e+01,2.083741e+01,2.080955e+01,2.076775e+01,2.081652e+01,2.081652e+01,2.072594e+01,2.082348e+01,2.071200e+01,2.081652e+01,2.053057e+01,2.073988e+01,2.060039e+01,2.053755e+01,2.039078e+01,2.043973e+01,2.044672e+01,2.034881e+01,2.035581e+01,2.031382e+01,2.012466e+01,2.013868e+01,1.992109e+01,2.006854e+01,2.011063e+01,2.006152e+01,2.001239e+01,2.001941e+01,2.001941e+01,2.000537e+01,2.020177e+01,2.001941e+01,2.018074e+01,2.001941e+01,1.999835e+01,1.999835e+01,1.992811e+01,1.994216e+01,2.004749e+01,1.997026e+01,2.013167e+01,2.005451e+01,2.006152e+01,2.006152e+01,2.015971e+01,2.011063e+01,2.008959e+01,2.007556e+01,2.006152e+01,2.020877e+01,1.999133e+01,1.997728e+01,1.996324e+01,2.002643e+01,2.004047e+01,2.006854e+01,2.009660e+01,2.004749e+01,2.010362e+01,2.004749e+01,2.004749e+01,2.008959e+01,2.004749e+01,2.014569e+01,1.995621e+01,1.999835e+01,2.011063e+01,2.005451e+01,1.997026e+01,2.001941e+01,2.003345e+01,2.001941e+01,2.001941e+01,2.001941e+01,2.003345e+01,2.008959e+01,2.003345e+01,2.004047e+01,2.002643e+01,2.005451e+01,2.011764e+01,2.011764e+01,2.017373e+01,2.008257e+01,2.014569e+01,2.016672e+01,2.017373e+01,2.014569e+01,2.014569e+01,2.013868e+01,2.016672e+01,2.018074e+01,2.019476e+01,2.018775e+01,2.022278e+01,2.024380e+01,2.029282e+01,2.032082e+01,2.033481e+01,2.029282e+01,2.027181e+01,2.042575e+01,2.043274e+01,2.041176e+01,2.033481e+01,2.034181e+01,2.043973e+01,2.033481e+01,2.033481e+01,2.051660e+01,2.049564e+01,2.047468e+01,2.035581e+01,2.034881e+01,2.035581e+01,2.040477e+01,2.040477e+01,2.033481e+01,2.034181e+01,2.034881e+01,2.038379e+01,2.022278e+01,2.033481e+01,2.029282e+01,2.021578e+01,2.005451e+01,2.004749e+01,2.000537e+01,2.025080e+01,2.025080e+01,2.002643e+01,1.988594e+01,1.997728e+01,2.000537e+01,1.995621e+01,1.996324e+01,2.005451e+01,1.997026e+01,2.002643e+01,2.009660e+01,2.012466e+01,2.002643e+01,2.011063e+01,2.013868e+01,2.015971e+01,2.008257e+01,2.005451e+01,2.021578e+01,2.007556e+01,2.005451e+01,2.011764e+01,2.005451e+01,2.006152e+01,2.017373e+01,2.015270e+01,2.023680e+01,2.021578e+01,2.027181e+01,2.025781e+01,2.029282e+01,2.048166e+01,2.030682e+01,2.034881e+01,2.036980e+01,2.032782e+01,2.043973e+01,2.033481e+01,2.052358e+01,2.041875e+01,2.048865e+01,2.041176e+01,2.047468e+01,2.050961e+01,2.053755e+01,2.041176e+01,2.053057e+01,2.055152e+01,2.060039e+01,2.056548e+01,2.047468e+01,2.061434e+01,2.048865e+01,2.067016e+01,2.053057e+01,2.050961e+01,2.051660e+01,2.050262e+01,2.050961e+01,2.048166e+01,2.039078e+01,2.034881e+01,2.039778e+01,2.042575e+01,2.039778e+01,2.043973e+01,2.046769e+01,2.053057e+01,2.044672e+01,2.044672e+01,2.052358e+01,2.046769e+01,2.043973e+01,2.056548e+01,2.041176e+01,2.053755e+01,2.052358e+01,2.053755e+01,2.055152e+01,2.047468e+01,2.059340e+01,2.055850e+01,2.046769e+01,2.067713e+01,2.056548e+01,2.050961e+01,2.060039e+01,2.059340e+01,2.053057e+01,2.053755e+01,2.064225e+01,2.056548e+01,2.054453e+01,2.050961e+01,2.049564e+01,2.064225e+01,2.058643e+01,2.059340e+01,2.061434e+01,2.061434e+01,2.062132e+01,2.069805e+01,2.056548e+01,2.069108e+01,2.071200e+01,2.069805e+01,2.067016e+01,2.067713e+01,2.077472e+01,2.060039e+01,2.065621e+01,2.071897e+01,2.063528e+01,2.070502e+01,2.073291e+01,2.067016e+01,2.063528e+01,2.067016e+01,2.065621e+01,2.069805e+01,2.069805e+01,2.077472e+01,2.066318e+01,2.073291e+01,2.071200e+01,2.062830e+01,2.062132e+01,2.065621e+01,2.066318e+01,2.064225e+01,2.067016e+01,2.074685e+01,2.057944e+01,2.068410e+01,2.074685e+01,2.065621e+01,2.067713e+01,2.071200e+01,2.050262e+01,2.039778e+01,2.041176e+01,2.018775e+01,2.001941e+01,1.987189e+01,1.988594e+01,1.968893e+01,1.944918e+01,1.937149e+01,1.925838e+01,1.914513e+01,1.914513e+01,1.912389e+01,1.901758e+01,1.908138e+01,1.906012e+01,1.963962e+01,1.978045e+01,2.002643e+01,2.002643e+01,2.009660e+01,2.000537e+01,1.995621e+01,1.999835e+01,2.006152e+01,2.006854e+01,2.004749e+01,2.009660e+01,2.003345e+01,2.004749e+01,2.001239e+01,1.999835e+01,2.007556e+01,2.004749e+01,2.010362e+01,2.011063e+01,2.013167e+01,2.010362e+01,2.023680e+01,2.028582e+01,2.033481e+01,2.047468e+01,2.048865e+01,2.060039e+01,2.055152e+01,2.059340e+01,2.061434e+01,2.059340e+01,2.066318e+01,2.064225e+01,2.071200e+01,2.064225e+01,2.071200e+01,2.069108e+01,2.063528e+01,2.058643e+01,2.058643e+01,2.067713e+01,2.053755e+01,2.060736e+01,2.055850e+01,2.057944e+01,2.055850e+01,2.053057e+01,2.063528e+01,2.053755e+01,2.055152e+01,2.060736e+01,2.060039e+01,2.057246e+01,2.067016e+01,2.049564e+01,2.061434e+01,2.056548e+01,2.057246e+01,2.062830e+01,2.062132e+01,2.067016e+01,2.063528e+01,2.064225e+01,2.057944e+01,2.060736e+01,2.057246e+01,2.057246e+01,2.053755e+01,2.060039e+01,2.053755e+01,2.053755e+01,2.054453e+01,2.060736e+01,2.055850e+01,2.061434e+01,2.059340e+01,2.050262e+01,2.060736e+01,2.050262e+01,2.056548e+01,2.069805e+01,2.050961e+01,2.050961e+01,2.056548e+01,2.046769e+01,2.047468e+01,2.044672e+01,2.046769e+01,2.045371e+01,2.036280e+01,2.030682e+01,2.029282e+01,2.033481e+01,2.032082e+01,2.031382e+01,2.036280e+01,2.028582e+01,2.014569e+01,2.020177e+01,2.016672e+01,2.003345e+01,1.992109e+01,1.989297e+01,1.986485e+01,1.985079e+01,1.982969e+01,1.976638e+01,1.994216e+01,1.998431e+01,2.002643e+01,1.999835e+01,1.999835e+01,1.994919e+01,1.997728e+01,2.010362e+01,2.022979e+01,2.027881e+01,2.029282e+01,2.030682e+01,2.034181e+01,2.048865e+01,2.045371e+01,2.039778e+01,2.041875e+01,2.046769e+01,2.042575e+01,2.046070e+01,2.045371e+01,2.049564e+01,2.060039e+01,2.051660e+01,2.058643e+01,2.053755e+01,2.054453e+01,2.060039e+01,2.056548e+01,2.056548e+01,2.062132e+01,2.048166e+01,2.060039e+01,2.058643e+01,2.046769e+01,2.048865e+01,2.052358e+01,2.054453e+01,2.057944e+01,2.048865e+01,2.059340e+01,2.052358e+01,2.047468e+01,2.050961e+01,2.067713e+01,2.063528e+01,2.060736e+01,2.059340e+01,2.052358e+01,2.046070e+01,2.047468e+01,2.044672e+01,2.041176e+01,2.026481e+01,2.039078e+01,2.032782e+01,2.025080e+01,2.035581e+01,2.025781e+01,2.013167e+01,2.019476e+01,2.006152e+01,2.012466e+01,2.007556e+01,2.008257e+01,2.025080e+01,2.030682e+01,2.031382e+01,2.030682e+01,2.029982e+01,2.037679e+01,2.034881e+01,2.036280e+01,2.032082e+01,2.044672e+01,2.055152e+01,2.035581e+01,2.034181e+01,2.036980e+01,2.036980e+01,2.034181e+01,2.036280e+01,2.036280e+01,2.036980e+01,2.037679e+01,2.037679e+01,2.038379e+01,2.046070e+01,2.045371e+01,2.033481e+01,2.040477e+01,2.035581e+01,2.039778e+01,2.043274e+01,2.040477e+01,2.039778e+01,2.041875e+01,2.045371e+01,2.038379e+01,2.048166e+01,2.048865e+01,2.050961e+01,2.050961e+01,2.050961e+01,2.053755e+01,2.057246e+01,2.061434e+01,2.048166e+01,2.051660e+01,2.041875e+01,2.038379e+01,2.046769e+01,2.032782e+01,2.033481e+01,2.032782e+01,2.016672e+01,2.021578e+01,2.015971e+01,2.014569e+01,2.017373e+01,2.004749e+01,2.022278e+01,2.029982e+01,2.031382e+01,2.020877e+01,2.027881e+01,2.039078e+01,2.036280e+01,2.026481e+01,2.020877e+01,2.027881e+01,2.001941e+01,1.990703e+01,1.993514e+01,1.991406e+01,1.994216e+01,1.982969e+01,2.000537e+01,1.992811e+01,2.004047e+01,2.015270e+01,2.022979e+01,2.022979e+01,2.024380e+01,2.036980e+01,2.041875e+01,2.036980e+01,2.040477e+01,2.053057e+01,2.055152e+01,2.039078e+01,2.043274e+01,2.048865e+01,2.048166e+01,2.064225e+01,2.049564e+01,2.053755e+01,2.067016e+01,2.047468e+01,2.044672e+01,2.057944e+01,2.046070e+01,2.070502e+01,2.079562e+01,2.076079e+01,2.090006e+01,2.089310e+01,2.085830e+01,2.092789e+01,2.093485e+01,2.087918e+01,2.087222e+01,2.100439e+01,2.105304e+01,2.082348e+01,2.086526e+01,2.084437e+01,2.086526e+01,2.093485e+01,2.094876e+01,2.096267e+01,2.084437e+01,2.092093e+01,2.094180e+01,2.083741e+01,2.081652e+01,2.099048e+01,2.095572e+01,2.095572e+01,2.098353e+01,2.085830e+01,2.080955e+01,2.090006e+01,2.071200e+01,2.069805e+01,2.088614e+01,2.073291e+01,2.093485e+01,2.090006e+01,2.090702e+01,2.086526e+01,2.080259e+01,2.084437e+01,2.086526e+01,2.093485e+01,2.090702e+01,2.091398e+01,2.076079e+01,2.094180e+01,2.085830e+01,2.092789e+01,2.094876e+01,2.086526e+01,2.090006e+01,2.090006e+01,2.090702e+01,2.092789e+01,2.088614e+01,2.096267e+01,2.090702e+01,2.084437e+01,2.081652e+01,2.090006e+01,2.090006e+01,2.098353e+01,2.087222e+01,2.099744e+01,2.098353e+01,2.096962e+01,2.090702e+01,2.090006e+01,2.094876e+01,2.095572e+01,2.086526e+01,2.084437e+01,2.083045e+01,2.079562e+01,2.099744e+01,2.083045e+01,2.044672e+01,2.029982e+01,2.029982e+01,2.043973e+01,2.060039e+01,2.063528e+01,2.064225e+01,2.059340e+01
2.071200e+01,2.083045e+01,2.078866e+01,2.082348e+01,2.078169e+01,2.060736e+01,2.083045e+01,2.067016e+01,2.081652e+01,2.068410e+01,2.073988e+01,2.053755e+01,2.050961e+01,2.058643e+01,2.048865e+01,2.039078e+01,2.036980e+01,2.038379e+01,2.015270e+01,2.012466e+01,2.013868e+01,2.021578e+01,2.011063e+01,2.008257e+01,2.006854e+01,2.010362e+01,2.001239e+01,2.002643e+01,2.000537e+01,2.000537e+01,2.007556e+01,2.005451e+01,2.018775e+01,2.004749e+01,2.006152e+01,1.997728e+01,1.997728e+01,1.997026e+01,1.998431e+01,1.998431e+01,1.995621e+01,1.994216e+01,2.001941e+01,2.019476e+01,2.009660e+01,2.007556e+01,2.018775e+01,2.016672e+01,2.002643e+01,1.995621e+01,1.997026e+01,2.002643e+01,1.998431e+01,1.993514e+01,2.002643e+01,2.000537e+01,2.004749e+01,2.008959e+01,2.013868e+01,2.011063e+01,2.004047e+01,2.006152e+01,2.006152e+01,2.008959e+01,2.013868e+01,2.006854e+01,1.999835e+01,2.000537e+01,2.002643e+01,1.996324e+01,1.998431e+01,2.001941e+01,2.001941e+01,2.001239e+01,2.002643e+01,2.000537e+01,2.003345e+01,2.004047e+01,2.018074e+01,2.001239e+01,1.999133e+01,2.005451e+01,1.999133e+01,2.008959e+01,2.012466e+01,2.018775e+01,2.015270e+01,2.012466e+01,2.013167e+01,2.004047e+01,2.022979e+01,2.020177e+01,2.018775e+01,2.020877e+01,2.023680e+01,2.023680e+01,2.023680e+01,2.031382e+01,2.029982e+01,2.027881e+01,2.029282e+01,2.022278e+01,2.029282e+01,2.029282e+01,2.032782e+01,2.041875e+01,2.039078e+01,2.039778e+01,2.052358e+01,2.043973e+01,2.037679e+01,2.039078e+01,2.036980e+01,2.046070e+01,2.046070e+01,2.045371e+01,2.048166e+01,2.036980e+01,2.028582e+01,2.043274e+01,2.033481e+01,2.031382e+01,2.029282e+01,2.032082e+01,2.028582e+01,2.004749e+01,2.007556e+01,2.020877e+01,2.006152e+01,2.002643e+01,2.007556e+01,2.006152e+01,2.015971e+01,1.987189e+01,2.001941e+01,1.999835e+01,2.008257e+01,1.997026e+01,2.006152e+01,1.994919e+01,2.006854e+01,1.997728e+01,2.012466e+01,2.000537e+01,2.005451e+01,2.013868e+01,1.997728e+01,2.008257e+01,1.992109e+01,2.006152e+01,2.007556e+01,2.010362e+01,2.013868e+01,2.001941e+01,2.006854e+01,2.013167e+01,2.030682e+01,2.031382e+01,2.029282e+01,2.040477e+01,2.043274e+01,2.032782e+01,2.030682e+01,2.030682e+01,2.032782e+01,2.046070e+01,2.057944e+01,2.045371e+01,2.050961e+01,2.046769e+01,2.048166e+01,2.065621e+01,2.046769e+01,2.048166e+01,2.044672e+01,2.045371e+01,2.052358e+01,2.053755e+01,2.055152e+01,2.056548e+01,2.058643e+01,2.058643e+01,2.057944e+01,2.048865e+01,2.053057e+01,2.054453e+01,2.059340e+01,2.054453e+01,2.043973e+01,2.050262e+01,2.045371e+01,2.042575e+01,2.039778e+01,2.046070e+01,2.042575e+01,2.049564e+01,2.048166e+01,2.046070e+01,2.047468e+01,2.043274e+01,2.049564e+01,2.048166e+01,2.060039e+01,2.041875e+01,2.040477e+01,2.059340e+01,2.059340e+01,2.057246e+01,2.060736e+01,2.048166e+01,2.057944e+01,2.048166e+01,2.052358e+01,2.050262e+01,2.053057e+01,2.060736e+01,2.056548e+01,2.051660e+01,2.058643e+01,2.055850e+01,2.067713e+01,2.053755e+01,2.056548e+01,2.053057e+01,2.060039e+01,2.050262e+01,2.062132e+01,2.064225e+01,2.062830e+01,2.065621e+01,2.071897e+01,2.059340e+01,2.071897e+01,2.068410e+01,2.057944e+01,2.065621e+01,2.064923e+01,2.068410e+01,2.058643e+01,2.061434e+01,2.064923e+01,2.065621e+01,2.066318e+01,2.073291e+01,2.048166e+01,2.073988e+01,2.071200e+01,2.066318e+01,2.069108e+01,2.066318e+01,2.071897e+01,2.070502e+01,2.069805e+01,2.064225e+01,2.065621e+01,2.064923e+01,2.073291e+01,2.063528e+01,2.072594e+01,2.062132e+01,2.064225e+01,2.073291e+01,2.077472e+01,2.064923e+01,2.085830e+01,2.055850e+01,2.078866e+01,2.058643e+01,2.048166e+01,2.023680e+01,2.044672e+01,2.030682e+01,1.994919e+01,1.993514e+01,1.970302e+01,1.955502e+01,1.939975e+01,1.943506e+01,1.923715e+01,1.925130e+01,1.914513e+01,1.923008e+01,1.901049e+01,1.903176e+01,1.954092e+01,1.994216e+01,2.018074e+01,2.006854e+01,2.016672e+01,2.015971e+01,2.001941e+01,2.016672e+01,2.004749e+01,2.016672e+01,2.006854e+01,1.997026e+01,2.007556e+01,2.008959e+01,1.993514e+01,2.002643e+01,2.006152e+01,2.013868e+01,2.006854e+01,2.014569e+01,2.011063e+01,2.012466e+01,2.015971e+01,2.013868e+01,2.022979e+01,2.025080e+01,2.047468e+01,2.055850e+01,2.055152e+01,2.053755e+01,2.060736e+01,2.059340e+01,2.060736e+01,2.062132e+01,2.067713e+01,2.067713e+01,2.069805e+01,2.055850e+01,2.071897e+01,2.072594e+01,2.054453e+01,2.060736e+01,2.055152e+01,2.053755e+01,2.056548e+01,2.050262e+01,2.055152e+01,2.051660e+01,2.064225e+01,2.061434e+01,2.051660e+01,2.064923e+01,2.063528e+01,2.065621e+01,2.064923e+01,2.054453e+01,2.050262e+01,2.057246e+01,2.061434e+01,2.054453e+01,2.060039e+01,2.076079e+01,2.062132e+01,2.058643e+01,2.057944e+01,2.054453e+01,2.065621e+01,2.055850e+01,2.067016e+01,2.054453e+01,2.059340e+01,2.057944e+01,2.046769e+01,2.058643e+01,2.057944e+01,2.057944e+01,2.056548e+01,2.053057e+01,2.054453e+01,2.049564e+01,2.056548e+01,2.049564e+01,2.049564e+01,2.064225e+01,2.055850e+01,2.052358e+01,2.056548e+01,2.046070e+01,2.050961e+01,2.045371e+01,2.046070e+01,2.029982e+01,2.034181e+01,2.028582e+01,2.029282e+01,2.020877e+01,2.010362e+01,2.020177e+01,2.018775e+01,2.013167e+01,2.003345e+01,2.013167e+01,1.994919e+01,1.980156e+01,1.990703e+01,1.983673e+01,1.990703e+01,1.994216e+01,1.980156e+01,1.990000e+01,1.997728e+01,1.997728e+01,1.999133e+01,2.008257e+01,2.009660e+01,2.014569e+01,1.992811e+01,2.015971e+01,2.013167e+01,2.019476e+01,2.037679e+01,2.034181e+01,2.041176e+01,2.036280e+01,2.041176e+01,2.050961e+01,2.044672e+01,2.044672e+01,2.047468e+01,2.047468e+01,2.048865e+01,2.048166e+01,2.061434e+01,2.064225e+01,2.055850e+01,2.061434e+01,2.055152e+01,2.062830e+01,2.054453e+01,2.057944e+01,2.050262e+01,2.053057e+01,2.054453e+01,2.053755e+01,2.058643e+01,2.056548e+01,2.057246e+01,2.054453e+01,2.062132e+01,2.055850e+01,2.049564e+01,2.056548e+01,2.064225e+01,2.050262e+01,2.055152e+01,2.053755e+01,2.055850e+01,2.052358e+01,2.046769e+01,2.046769e+01,2.046769e+01,2.041875e+01,2.031382e+01,2.040477e+01,2.020877e+01,2.017373e+01,2.015971e+01,2.008257e+01,2.013868e+01,1.998431e+01,2.008959e+01,2.005451e+01,2.006152e+01,2.009660e+01,2.026481e+01,2.026481e+01,2.026481e+01,2.026481e+01,2.029982e+01,2.031382e+01,2.045371e+01,2.032082e+01,2.040477e+01,2.034881e+01,2.036980e+01,2.038379e+01,2.037679e+01,2.038379e+01,2.034881e+01,2.036280e+01,2.033481e+01,2.038379e+01,2.036280e+01,2.039778e+01,2.036280e+01,2.036980e+01,2.046070e+01,2.047468e+01,2.033481e+01,2.038379e+01,2.038379e+01,2.036280e+01,2.038379e+01,2.029982e+01,2.036980e+01,2.042575e+01,2.036280e+01,2.046070e+01,2.046070e+01,2.049564e+01,2.046769e+01,2.046769e+01,2.051660e+01,2.051660e+01,2.055152e+01,2.054453e+01,2.055152e+01,2.048166e+01,2.052358e+01,2.046769e+01,2.041875e+01,2.025781e+01,2.035581e+01,2.020877e+01,2.014569e+01,2.021578e+01,2.020877e+01,2.013167e+01,2.004749e+01,2.015971e+01,2.028582e+01,2.034181e+01,2.036280e+01,2.032082e+01,2.036280e+01,2.026481e+01,2.035581e+01,2.018775e+01,2.026481e+01,2.026481e+01,2.004047e+01,2.004749e+01,2.005451e+01,2.000537e+01,1.998431e+01,1.999133e+01,2.005451e+01,2.004047e+01,2.003345e+01,2.021578e+01,2.022979e+01,2.022979e+01,2.034881e+01,2.033481e+01,2.036280e+01,2.042575e+01,2.041875e+01,2.052358e+01,2.041176e+01,2.050961e+01,2.061434e+01,2.056548e+01,2.056548e+01,2.061434e+01,2.055152e+01,2.045371e+01,2.057944e+01,2.049564e+01,2.050262e+01,2.057246e+01,2.054453e+01,2.075382e+01,2.072594e+01,2.083741e+01,2.083741e+01,2.085830e+01,2.087918e+01,2.084437e+01,2.113638e+01,2.087918e+01,2.082348e+01,2.092789e+01,2.087918e+01,2.082348e+01,2.085830e+01,2.086526e+01,2.084437e+01,2.086526e+01,2.084437e+01,2.083741e+01,2.083045e+01,2.105304e+01,2.090702e+01,2.083741e+01,2.082348e+01,2.087918e+01,2.096962e+01,2.095572e+01,2.089310e+01,2.083045e+01,2.071200e+01,2.111555e+01,2.087222e+01,2.089310e+01,2.082348e+01,2.076079e+01,2.080259e+01,2.094876e+01,2.080955e+01,2.092093e+01,2.093485e+01,2.080955e+01,2.097658e+01,2.089310e+01,2.092093e+01,2.085134e+01,2.090702e+01,2.087222e+01,2.092789e+01,2.092789e+01,2.097658e+01,2.090702e+01,2.094876e+01,2.094876e+01,2.086526e+01,2.091398e+01,2.091398e+01,2.092789e+01,2.092789e+01,2.101134e+01,2.089310e+01,2.091398e+01,2.079562e+01,2.099744e+01,2.082348e+01,2.094876e+01,2.085134e+01,2.095572e+01,2.092093e+01,2.090702e+01,2.090006e+01,2.093485e+01,2.101134e+01,2.118497e+01,2.085134e+01,2.085134e+01,2.075382e+01,2.080259e+01,2.045371e+01,2.031382e+01,2.031382e+01,2.056548e+01,2.065621e+01,2.057246e+01,2.069108e+01,2.060736e+01
2.080259e+01,2.069108e+01,2.077472e+01,2.076775e+01,2.077472e+01,2.076775e+01,2.080259e+01,2.068410e+01,2.061434e+01,2.062132e+01,2.051660e+01,2.045371e+01,2.048865e+01,2.039778e+01,2.048865e+01,2.037679e+01,2.045371e+01,2.037679e+01,2.015270e+01,2.016672e+01,2.013868e+01,2.013167e+01,2.012466e+01,2.005451e+01,2.002643e+01,2.006152e+01,2.006854e+01,1.998431e+01,2.002643e+01,2.001239e+01,2.001941e+01,2.001941e+01,2.001941e+01,2.001239e+01,1.999835e+01,1.998431e+01,1.999835e+01,2.000537e+01,1.998431e+01,1.999835e+01,2.020177e+01,1.999133e+01,1.998431e+01,2.001941e+01,2.004749e+01,2.003345e+01,2.001941e+01,2.000537e+01,1.997026e+01,1.997026e+01,1.994919e+01,1.997026e+01,1.992109e+01,2.000537e+01,1.996324e+01,2.008257e+01,2.009660e+01,2.000537e+01,2.009660e+01,2.009660e+01,1.992811e+01,2.006854e+01,2.009660e+01,2.012466e+01,2.004749e+01,2.002643e+01,2.003345e+01,1.999133e+01,1.997728e+01,2.000537e+01,2.004047e+01,1.987892e+01,2.000537e+01,2.000537e+01,2.019476e+01,1.999835e+01,1.999133e+01,2.001239e+01,1.999133e+01,1.997728e+01,2.001239e+01,2.012466e+01,2.008959e+01,2.015270e+01,2.016672e+01,2.015971e+01,2.006854e+01,2.016672e+01,2.029282e+01,2.013167e+01,2.019476e+01,2.015971e+01,2.014569e+01,2.020877e+01,2.019476e+01,2.020177e+01,2.001239e+01,2.029982e+01,2.018074e+01,2.027881e+01,2.016672e+01,2.026481e+01,2.021578e+01,2.025080e+01,2.032082e+01,2.032782e+01,2.032082e+01,2.029982e+01,2.032082e+01,2.035581e+01,2.053057e+01,2.037679e+01,2.046769e+01,2.033481e+01,2.047468e+01,2.036280e+01,2.036280e+01,2.036980e+01,2.031382e+01,2.036280e+01,2.032082e+01,2.042575e+01,2.019476e+01,2.022979e+01,2.026481e+01,2.011063e+01,2.014569e+01,2.004749e+01,2.002643e+01,2.001239e+01,1.999835e+01,1.995621e+01,1.999133e+01,2.001239e+01,1.991406e+01,1.988594e+01,2.001941e+01,1.987892e+01,1.999835e+01,2.001941e+01,1.996324e+01,2.002643e+01,1.991406e+01,2.003345e+01,2.006152e+01,2.004047e+01,2.000537e+01,2.004047e+01,2.004749e+01,1.997026e+01,2.008959e+01,2.011063e+01,2.015971e+01,2.010362e+01,2.011764e+01,2.021578e+01,2.022979e+01,2.022278e+01,2.031382e+01,2.023680e+01,2.027881e+01,2.032082e+01,2.041176e+01,2.042575e+01,2.040477e+01,2.043274e+01,2.048865e+01,2.054453e+01,2.034181e+01,2.048865e+01,2.048166e+01,2.047468e+01,2.048166e+01,2.049564e+01,2.041176e+01,2.041875e+01,2.050262e+01,2.056548e+01,2.061434e+01,2.055850e+01,2.057944e+01,2.045371e+01,2.046769e+01,2.048166e+01,2.046070e+01,2.052358e+01,2.050961e+01,2.050961e+01,2.046769e+01,2.043973e+01,2.045371e+01,2.044672e+01,2.039778e+01,2.032782e+01,2.032782e+01,2.046070e+01,2.048865e+01,2.050262e+01,2.046769e+01,2.047468e+01,2.047468e+01,2.045371e+01,2.042575e+01,2.048166e+01,2.050262e+01,2.043274e+01,2.053057e+01,2.045371e+01,2.052358e+01,2.050961e+01,2.048865e+01,2.057944e+01,2.066318e+01,2.045371e+01,2.050262e+01,2.067016e+01,2.048166e+01,2.054453e+01,2.054453e+01,2.057246e+01,2.055850e+01,2.055850e+01,2.053057e+01,2.053057e+01,2.053755e+01,2.061434e+01,2.057246e+01,2.060039e+01,2.057246e+01,2.055152e+01,2.055152e+01,2.057944e+01,2.054453e+01,2.052358e+01,2.054453e+01,2.067713e+01,2.052358e+01,2.055152e+01,2.067713e+01,2.055850e+01,2.058643e+01,2.065621e+01,2.079562e+01,2.053755e+01,2.058643e+01,2.057246e+01,2.068410e+01,2.060039e+01,2.062830e+01,2.058643e+01,2.071897e+01,2.071897e+01,2.071897e+01,2.058643e+01,2.067016e+01,2.065621e+01,2.067713e+01,2.064923e+01,2.063528e+01,2.064225e+01,2.069805e+01,2.078866e+01,2.078169e+01,2.061434e+01,2.062132e+01,2.062132e+01,2.069108e+01,2.058643e+01,2.045371e+01,2.029982e+01,2.026481e+01,2.021578e+01,1.996324e+01,1.972414e+01,1.946330e+01,1.945624e+01,1.933615e+01,1.913805e+01,1.917346e+01,1.915930e+01,1.912389e+01,1.905303e+01,1.909555e+01,1.932909e+01,1.980156e+01,2.000537e+01,2.015971e+01,2.009660e+01,2.001941e+01,2.018775e+01,2.014569e+01,2.011764e+01,1.996324e+01,2.000537e+01,2.007556e+01,1.993514e+01,2.003345e+01,2.004749e+01,2.009660e+01,2.007556e+01,2.007556e+01,1.997026e+01,2.004749e+01,2.008257e+01,2.008257e+01,2.008959e+01,2.002643e+01,2.028582e+01,2.004047e+01,2.006152e+01,2.040477e+01,2.062132e+01,2.048865e+01,2.057944e+01,2.049564e+01,2.061434e+01,2.050961e+01,2.057944e+01,2.067713e+01,2.057246e+01,2.067016e+01,2.067016e+01,2.063528e+01,2.059340e+01,2.058643e+01,2.056548e+01,2.055152e+01,2.064923e+01,2.050262e+01,2.055152e+01,2.057246e+01,2.050961e+01,2.055850e+01,2.052358e+01,2.062132e+01,2.050262e+01,2.054453e+01,2.058643e+01,2.050262e+01,2.051660e+01,2.064225e+01,2.059340e+01,2.048865e+01,2.058643e+01,2.058643e+01,2.062830e+01,2.057246e+01,2.048166e+01,2.053755e+01,2.052358e+01,2.070502e+01,2.057246e+01,2.054453e+01,2.052358e+01,2.055152e+01,2.056548e+01,2.055850e+01,2.061434e+01,2.060039e+01,2.063528e+01,2.061434e+01,2.066318e+01,2.054453e+01,2.053755e+01,2.063528e+01,2.048865e+01,2.064923e+01,2.051660e+01,2.058643e+01,2.060039e+01,2.047468e+01,2.053057e+01,2.036980e+01,2.031382e+01,2.031382e+01,2.021578e+01,2.025781e+01,2.016672e+01,2.027181e+01,2.013868e+01,2.020877e+01,1.997728e+01,1.994919e+01,2.006152e+01,1.997728e+01,1.981563e+01,1.987892e+01,1.981563e+01,1.980859e+01,1.980859e+01,1.985782e+01,1.980859e+01,1.977341e+01,1.996324e+01,1.990000e+01,1.994919e+01,2.003345e+01,1.996324e+01,2.008959e+01,2.009660e+01,2.008257e+01,2.009660e+01,2.009660e+01,2.013868e+01,2.025781e+01,2.034181e+01,2.034181e+01,2.034881e+01,2.043274e+01,2.042575e+01,2.049564e+01,2.050961e+01,2.045371e+01,2.048166e+01,2.060736e+01,2.067016e+01,2.065621e+01,2.055152e+01,2.055850e+01,2.057246e+01,2.057944e+01,2.050961e+01,2.057246e+01,2.051660e+01,2.050262e+01,2.053057e+01,2.051660e+01,2.053057e+01,2.054453e+01,2.064923e+01,2.043973e+01,2.048865e+01,2.044672e+01,2.046769e+01,2.066318e+01,2.055152e+01,2.060039e+01,2.050961e+01,2.053755e+01,2.050262e+01,2.048166e+01,2.046769e+01,2.046070e+01,2.045371e+01,2.033481e+01,2.042575e+01,2.023680e+01,2.027881e+01,2.031382e+01,2.011764e+01,2.016672e+01,2.016672e+01,2.008959e+01,2.009660e+01,1.997728e+01,2.004047e+01,2.007556e+01,2.014569e+01,2.008257e+01,2.022979e+01,2.023680e+01,2.028582e+01,2.027881e+01,2.022278e+01,2.050262e+01,2.032782e+01,2.041875e+01,2.041176e+01,2.027881e+01,2.037679e+01,2.031382e+01,2.037679e+01,2.043274e+01,2.029982e+01,2.036980e+01,2.035581e+01,2.036280e+01,2.035581e+01,2.038379e+01,2.040477e+01,2.040477e+01,2.043274e+01,2.038379e+01,2.039078e+01,2.039078e+01,2.036980e+01,2.041875e+01,2.041176e+01,2.041875e+01,2.026481e+01,2.041176e+01,2.046070e+01,2.049564e+01,2.043973e+01,2.045371e+01,2.048166e+01,2.049564e+01,2.043973e+01,2.050961e+01,2.055152e+01,2.055152e+01,2.041875e+01,2.043274e+01,2.049564e+01,2.042575e+01,2.032782e+01,2.031382e+01,2.013167e+01,2.020877e+01,2.018074e+01,2.015270e+01,2.021578e+01,2.015270e+01,2.010362e+01,2.029982e+01,2.044672e+01,2.031382e+01,2.026481e+01,2.022278e+01,2.039078e+01,2.036280e+01,2.025080e+01,2.003345e+01,2.024380e+01,2.011764e+01,2.022979e+01,2.018074e+01,1.996324e+01,2.015270e+01,2.020877e+01,2.029982e+01,2.020877e+01,2.025080e+01,2.025080e+01,2.025080e+01,2.029982e+01,2.032782e+01,2.025781e+01,2.041176e+01,2.043274e+01,2.048865e+01,2.041176e+01,2.041176e+01,2.060039e+01,2.045371e+01,2.060736e+01,2.055850e+01,2.052358e+01,2.051660e+01,2.047468e+01,2.032782e+01,2.060039e+01,2.046769e+01,2.047468e+01,2.041875e+01,2.063528e+01,2.076775e+01,2.078169e+01,2.082348e+01,2.084437e+01,2.085830e+01,2.085134e+01,2.101829e+01,2.086526e+01,2.084437e+01,2.086526e+01,2.084437e+01,2.082348e+01,2.089310e+01,2.088614e+01,2.091398e+01,2.085830e+01,2.087918e+01,2.082348e+01,2.078169e+01,2.084437e+01,2.092093e+01,2.080259e+01,2.105304e+01,2.087222e+01,2.087918e+01,2.092093e+01,2.087222e+01,2.092093e+01,2.083045e+01,2.086526e+01,2.082348e+01,2.079562e+01,2.090702e+01,2.077472e+01,2.074685e+01,2.084437e+01,2.090702e+01,2.091398e+01,2.096962e+01,2.078866e+01,2.090702e+01,2.078169e+01,2.086526e+01,2.087918e+01,2.086526e+01,2.080259e+01,2.090006e+01,2.090702e+01,2.094180e+01,2.094876e+01,2.091398e+01,2.082348e+01,2.092093e+01,2.078169e+01,2.090006e+01,2.092789e+01,2.090702e+01,2.081652e+01,2.094180e+01,2.086526e+01,2.093485e+01,2.094876e+01,2.085134e+01,2.095572e+01,2.088614e+01,2.090006e+01,2.088614e+01,2.091398e+01,2.105304e+01,2.093485e+01,2.117803e+01,2.104609e+01,2.095572e+01,2.086526e+01,2.083045e+01,2.082348e+01,2.035581e+01,2.034881e+01,2.042575e+01,2.057246e+01,2.060736e+01,2.059340e+01,2.067713e+01,2.060039e+01
2.076775e+01,2.074685e+01,2.078866e+01,2.062830e+01,2.073291e+01,2.069805e+01,2.064225e+01,2.071200e+01,2.076079e+01,2.073988e+01,2.062132e+01,2.060736e+01,2.047468e+01,2.042575e+01,2.045371e+01,2.041176e+01,2.019476e+01,2.026481e+01,2.027181e+01,2.014569e+01,2.022979e+01,2.011063e+01,2.015971e+01,2.013167e+01,2.012466e+01,2.009660e+01,2.014569e+01,2.002643e+01,2.006152e+01,1.999835e+01,2.002643e+01,1.998431e+01,2.002643e+01,2.001941e+01,2.001941e+01,2.011764e+01,2.002643e+01,2.008257e+01,2.022278e+01,1.990000e+01,2.000537e+01,2.004749e+01,2.018775e+01,2.020877e+01,1.992811e+01,2.009660e+01,2.014569e+01,2.002643e+01,2.011063e+01,1.997728e+01,1.997728e+01,2.005451e+01,1.992109e+01,1.990703e+01,2.007556e+01,2.008959e+01,2.011063e+01,1.992109e+01,2.001239e+01,2.005451e+01,2.005451e+01,1.994216e+01,2.000537e+01,2.002643e+01,2.001239e+01,1.999133e+01,1.989297e+01,2.002643e+01,2.022979e+01,1.988594e+01,1.995621e+01,1.999133e+01,2.001239e+01,1.998431e+01,2.001941e+01,1.999835e+01,2.001239e+01,2.007556e+01,2.011764e+01,2.006152e+01,2.006854e+01,2.004749e+01,2.015971e+01,2.013868e+01,2.020877e+01,2.011764e+01,2.008959e+01,2.004047e+01,2.015270e+01,2.005451e+01,2.008257e+01,2.018074e+01,2.006152e+01,2.014569e+01,2.015971e+01,2.009660e+01,2.014569e+01,2.029282e+01,2.022278e+01,2.023680e+01,2.017373e+01,2.029982e+01,2.026481e+01,2.015270e+01,2.025781e+01,2.032082e+01,2.034881e+01,2.046070e+01,2.036280e+01,2.043274e+01,2.036980e+01,2.042575e+01,2.046769e+01,2.041875e+01,2.036980e+01,2.022278e+01,2.037679e+01,2.037679e+01,2.035581e+01,2.025080e+01,2.025781e+01,2.031382e+01,2.022979e+01,2.016672e+01,2.027181e+01,2.018775e+01,2.016672e+01,2.007556e+01,2.001941e+01,1.999133e+01,1.995621e+01,1.999133e+01,1.994216e+01,1.990000e+01,1.987892e+01,1.985782e+01,1.990703e+01,1.994216e+01,2.001239e+01,1.992109e+01,1.994216e+01,2.012466e+01,2.010362e+01,2.011063e+01,1.995621e+01,2.001239e+01,2.010362e+01,2.002643e+01,2.006854e+01,2.003345e+01,2.006854e+01,2.013167e+01,2.013868e+01,2.006152e+01,2.011764e+01,2.006854e+01,2.029282e+01,2.020877e+01,2.025781e+01,2.029982e+01,2.033481e+01,2.028582e+01,2.034181e+01,2.029982e+01,2.046070e+01,2.029282e+01,2.048865e+01,2.048865e+01,2.054453e+01,2.047468e+01,2.046769e+01,2.043973e+01,2.050262e+01,2.047468e+01,2.046070e+01,2.043973e+01,2.060736e+01,2.060736e+01,2.045371e+01,2.059340e+01,2.057246e+01,2.050961e+01,2.058643e+01,2.062132e+01,2.063528e+01,2.062132e+01,2.051660e+01,2.046769e+01,2.043973e+01,2.047468e+01,2.047468e+01,2.043274e+01,2.055850e+01,2.053057e+01,2.046070e+01,2.046070e+01,2.046769e+01,2.051660e+01,2.048166e+01,2.044672e+01,2.048166e+01,2.055850e+01,2.057944e+01,2.059340e+01,2.058643e+01,2.059340e+01,2.042575e+01,2.053755e+01,2.060039e+01,2.051660e+01,2.054453e+01,2.048166e+01,2.051660e+01,2.064225e+01,2.056548e+01,2.053057e+01,2.062830e+01,2.055850e+01,2.055152e+01,2.053057e+01,2.065621e+01,2.054453e+01,2.060736e+01,2.060039e+01,2.054453e+01,2.054453e+01,2.050262e+01,2.054453e+01,2.043973e+01,2.053057e+01,2.043973e+01,2.060736e+01,2.057246e+01,2.060039e+01,2.067713e+01,2.055850e+01,2.053755e+01,2.053057e+01,2.058643e+01,2.057944e+01,2.061434e+01,2.064923e+01,2.064225e+01,2.074685e+01,2.085134e+01,2.064923e+01,2.062132e+01,2.056548e+01,2.069805e+01,2.065621e+01,2.067016e+01,2.065621e+01,2.063528e+01,2.060736e+01,2.061434e+01,2.059340e+01,2.069108e+01,2.066318e+01,2.060039e+01,2.062132e+01,2.061434e+01,2.073291e+01,2.064225e+01,2.073988e+01,2.066318e+01,2.069108e+01,2.056548e+01,2.056548e+01,2.044672e+01,2.049564e+01,2.028582e+01,2.011063e+01,1.991406e+01,1.994216e+01,1.959733e+01,1.949153e+01,1.925838e+01,1.936442e+01,1.914513e+01,1.915222e+01,1.910972e+01,1.913097e+01,1.918761e+01,1.974526e+01,2.013868e+01,2.019476e+01,2.005451e+01,2.006854e+01,2.018074e+01,2.013167e+01,2.016672e+01,2.020177e+01,2.015270e+01,2.008959e+01,1.995621e+01,2.003345e+01,2.007556e+01,2.007556e+01,2.010362e+01,2.001239e+01,2.010362e+01,2.022979e+01,2.010362e+01,1.996324e+01,2.007556e+01,2.009660e+01,2.004749e+01,2.019476e+01,2.017373e+01,2.023680e+01,2.024380e+01,2.043274e+01,2.045371e+01,2.049564e+01,2.050262e+01,2.049564e+01,2.060736e+01,2.064225e+01,2.062830e+01,2.056548e+01,2.065621e+01,2.064923e+01,2.060736e+01,2.064225e+01,2.053755e+01,2.056548e+01,2.065621e+01,2.048166e+01,2.049564e+01,2.048865e+01,2.062830e+01,2.048166e+01,2.054453e+01,2.056548e+01,2.053057e+01,2.055850e+01,2.051660e+01,2.048166e+01,2.055850e+01,2.053755e+01,2.051660e+01,2.061434e+01,2.053755e+01,2.057246e+01,2.057246e+01,2.062830e+01,2.058643e+01,2.057246e+01,2.068410e+01,2.057944e+01,2.062830e+01,2.065621e+01,2.062830e+01,2.056548e+01,2.055850e+01,2.060039e+01,2.055152e+01,2.060039e+01,2.059340e+01,2.057944e+01,2.059340e+01,2.068410e+01,2.066318e+01,2.054453e+01,2.054453e+01,2.053057e+01,2.066318e+01,2.049564e+01,2.052358e+01,2.050262e+01,2.046769e+01,2.034881e+01,2.050262e+01,2.034881e+01,2.027881e+01,2.020177e+01,2.018775e+01,2.011764e+01,1.999133e+01,2.006152e+01,2.000537e+01,2.002643e+01,2.001239e+01,1.987189e+01,1.982969e+01,1.982266e+01,1.978045e+01,1.975934e+01,1.980859e+01,1.981563e+01,1.997026e+01,1.988594e+01,1.996324e+01,1.997728e+01,1.999133e+01,2.002643e+01,1.999835e+01,2.009660e+01,2.008257e+01,2.013868e+01,2.015971e+01,2.008959e+01,2.020877e+01,2.027181e+01,2.034181e+01,2.034181e+01,2.037679e+01,2.034881e+01,2.040477e+01,2.047468e+01,2.041875e+01,2.043274e+01,2.044672e+01,2.050262e+01,2.051660e+01,2.047468e+01,2.053057e+01,2.057944e+01,2.055850e+01,2.054453e+01,2.053755e+01,2.053755e+01,2.056548e+01,2.053755e+01,2.050262e+01,2.051660e+01,2.046769e+01,2.048865e+01,2.050262e+01,2.052358e+01,2.057246e+01,2.050262e+01,2.049564e+01,2.054453e+01,2.050961e+01,2.043973e+01,2.043973e+01,2.052358e+01,2.055850e+01,2.054453e+01,2.043973e+01,2.043274e+01,2.040477e+01,2.037679e+01,2.034881e+01,2.039778e+01,2.025080e+01,2.025080e+01,2.002643e+01,2.018775e+01,1.997728e+01,2.007556e+01,1.999133e+01,2.000537e+01,1.999835e+01,2.004749e+01,2.008257e+01,2.004749e+01,2.008257e+01,2.023680e+01,2.020877e+01,2.038379e+01,2.028582e+01,2.029982e+01,2.034181e+01,2.044672e+01,2.038379e+01,2.040477e+01,2.037679e+01,2.036280e+01,2.027881e+01,2.042575e+01,2.030682e+01,2.030682e+01,2.040477e+01,2.027181e+01,2.027881e+01,2.032082e+01,2.035581e+01,2.039778e+01,2.035581e+01,2.040477e+01,2.041176e+01,2.038379e+01,2.032082e+01,2.036980e+01,2.040477e+01,2.040477e+01,2.041176e+01,2.041875e+01,2.043973e+01,2.045371e+01,2.045371e+01,2.044672e+01,2.044672e+01,2.051660e+01,2.059340e+01,2.050961e+01,2.044672e+01,2.051660e+01,2.050262e+01,2.049564e+01,2.042575e+01,2.047468e+01,2.037679e+01,2.036280e+01,2.016672e+01,2.012466e+01,2.018775e+01,2.009660e+01,2.032782e+01,2.008959e+01,2.028582e+01,2.029282e+01,2.029282e+01,2.041176e+01,2.028582e+01,2.024380e+01,2.025080e+01,2.027881e+01,2.029982e+01,2.026481e+01,2.006854e+01,2.025080e+01,2.020877e+01,2.025080e+01,2.025781e+01,2.027181e+01,2.018074e+01,2.028582e+01,2.021578e+01,2.017373e+01,2.020177e+01,2.027181e+01,2.028582e+01,2.036280e+01,2.053057e+01,2.035581e+01,2.046769e+01,2.040477e+01,2.041875e+01,2.046070e+01,2.060736e+01,2.045371e+01,2.050961e+01,2.056548e+01,2.047468e+01,2.054453e+01,2.064225e+01,2.046070e+01,2.027881e+01,2.044672e+01,2.049564e+01,2.054453e+01,2.055152e+01,2.053755e+01,2.071897e+01,2.088614e+01,2.080955e+01,2.090702e+01,2.109472e+01,2.094876e+01,2.090702e+01,2.079562e+01,2.084437e+01,2.078169e+01,2.086526e+01,2.087222e+01,2.089310e+01,2.085830e+01,2.086526e+01,2.102524e+01,2.086526e+01,2.083045e+01,2.098353e+01,2.088614e+01,2.093485e+01,2.083045e+01,2.085134e+01,2.083045e+01,2.088614e+01,2.085830e+01,2.088614e+01,2.088614e+01,2.090006e+01,2.074685e+01,2.074685e+01,2.079562e+01,2.094180e+01,2.092093e+01,2.079562e+01,2.082348e+01,2.099048e+01,2.094180e+01,2.092093e+01,2.096267e+01,2.088614e+01,2.092093e+01,2.080955e+01,2.093485e+01,2.097658e+01,2.094180e+01,2.079562e+01,2.084437e+01,2.092093e+01,2.088614e+01,2.091398e+01,2.094180e+01,2.097658e+01,2.092789e+01,2.094876e+01,2.095572e+01,2.075382e+01,2.090702e+01,2.094180e+01,2.091398e+01,2.107388e+01,2.088614e+01,2.080955e+01,2.093485e+01,2.092789e+01,2.088614e+01,2.088614e+01,2.087918e+01,2.099048e+01,2.087918e+01,2.089310e+01,2.104609e+01,2.085830e+01,2.099048e+01,2.080259e+01,2.081652e+01,2.048865e+01,2.034881e+01,2.048865e+01,2.064923e+01,2.060736e+01,2.065621e+01,2.066318e+01,2.059340e+01
2.063528e+01,2.071200e+01,2.074685e+01,2.065621e+01,2.059340e+01,2.059340e+01,2.061434e+01,2.062830e+01,2.060736e+01,2.056548e+01,2.059340e+01,2.044672e+01,2.048166e+01,2.042575e+01,2.040477e+01,2.039078e+01,2.036980e+01,2.025080e+01,2.018074e+01,2.016672e+01,2.017373e+01,2.019476e+01,2.010362e+01,2.012466e+01,2.006152e+01,2.003345e+01,2.008959e+01,2.007556e+01,2.001239e+01,2.001239e+01,1.994216e+01,1.999835e+01,2.004047e+01,2.006152e+01,1.999133e+01,2.004047e+01,1.999133e+01,1.999133e+01,1.997728e+01,2.018074e+01,1.989297e+01,2.005451e+01,2.001239e+01,2.003345e+01,1.994216e+01,1.994216e+01,1.992109e+01,1.992109e+01,1.995621e+01,1.998431e+01,1.994216e+01,1.992109e+01,1.999133e+01,1.992109e+01,1.991406e+01,1.994216e+01,1.992109e+01,2.009660e+01,1.997026e+01,1.995621e+01,2.008257e+01,1.990703e+01,2.008257e+01,2.001941e+01,2.000537e+01,2.010362e+01,2.005451e+01,2.004047e+01,2.001941e+01,1.986485e+01,1.997728e+01,1.997728e+01,2.001239e+01,2.010362e+01,2.003345e+01,2.001239e+01,2.004047e+01,1.998431e+01,2.005451e+01,2.002643e+01,2.001941e+01,2.004749e+01,2.004749e+01,2.006854e+01,1.997026e+01,2.009660e+01,2.006854e+01,2.008257e+01,2.006854e+01,2.004047e+01,2.011063e+01,2.018775e+01,2.010362e+01,2.019476e+01,2.017373e+01,2.030682e+01,2.014569e+01,2.015270e+01,2.016672e+01,2.018775e+01,2.029982e+01,2.025080e+01,2.016672e+01,2.015270e+01,2.028582e+01,2.030682e+01,2.027881e+01,2.034181e+01,2.033481e+01,2.041176e+01,2.039078e+01,2.038379e+01,2.030682e+01,2.039078e+01,2.028582e+01,2.034881e+01,2.037679e+01,2.037679e+01,2.038379e+01,2.026481e+01,2.019476e+01,2.024380e+01,2.018775e+01,2.006854e+01,2.009660e+01,2.005451e+01,2.001239e+01,2.004047e+01,2.000537e+01,1.991406e+01,1.999835e+01,1.998431e+01,1.987892e+01,1.988594e+01,1.980859e+01,1.985079e+01,1.982266e+01,1.987189e+01,1.990703e+01,1.993514e+01,1.991406e+01,2.001941e+01,2.002643e+01,2.009660e+01,2.002643e+01,1.999133e+01,2.004047e+01,2.004749e+01,2.006854e+01,2.002643e+01,1.994216e+01,2.006152e+01,2.006152e+01,2.006152e+01,2.028582e+01,2.011764e+01,2.022278e+01,2.016672e+01,2.027181e+01,2.022278e+01,2.030682e+01,2.034181e+01,2.032082e+01,2.042575e+01,2.039778e+01,2.043973e+01,2.051660e+01,2.050262e+01,2.061434e+01,2.048166e+01,2.048865e+01,2.048865e+01,2.048865e+01,2.046769e+01,2.047468e+01,2.048865e+01,2.055152e+01,2.057246e+01,2.044672e+01,2.044672e+01,2.049564e+01,2.050262e+01,2.057944e+01,2.064225e+01,2.057944e+01,2.056548e+01,2.049564e+01,2.043973e+01,2.043973e+01,2.043274e+01,2.050262e+01,2.040477e+01,2.055850e+01,2.050262e+01,2.053755e+01,2.046769e+01,2.050262e+01,2.044672e+01,2.042575e+01,2.047468e+01,2.057246e+01,2.047468e+01,2.060736e+01,2.060039e+01,2.045371e+01,2.052358e+01,2.055850e+01,2.069805e+01,2.053755e+01,2.052358e+01,2.050262e+01,2.069805e+01,2.049564e+01,2.055850e+01,2.053057e+01,2.046070e+01,2.053057e+01,2.064923e+01,2.056548e+01,2.044672e+01,2.057944e+01,2.055850e+01,2.056548e+01,2.050961e+01,2.053755e+01,2.055152e+01,2.056548e+01,2.051660e+01,2.055152e+01,2.050961e+01,2.050961e+01,2.051660e+01,2.052358e+01,2.056548e+01,2.050961e+01,2.055152e+01,2.052358e+01,2.057246e+01,2.067713e+01,2.057246e+01,2.067713e+01,2.060736e+01,2.062830e+01,2.058643e+01,2.068410e+01,2.073291e+01,2.058643e+01,2.055850e+01,2.069805e+01,2.062830e+01,2.064923e+01,2.071200e+01,2.069805e+01,2.066318e+01,2.062132e+01,2.067016e+01,2.062830e+01,2.062830e+01,2.059340e+01,2.059340e+01,2.062132e+01,2.064225e+01,2.065621e+01,2.067713e+01,2.062830e+01,2.067016e+01,2.058643e+01,2.057944e+01,2.044672e+01,2.038379e+01,2.027881e+01,2.010362e+01,1.990000e+01,1.992811e+01,1.961143e+01,1.929374e+01,1.936442e+01,1.927252e+01,1.914513e+01,1.910972e+01,1.916638e+01,1.913097e+01,1.949859e+01,1.997728e+01,2.015270e+01,2.013868e+01,2.002643e+01,2.011764e+01,2.015971e+01,2.016672e+01,2.015971e+01,2.007556e+01,2.011764e+01,2.013167e+01,2.006152e+01,2.006152e+01,2.008257e+01,2.008257e+01,2.006854e+01,2.006152e+01,2.017373e+01,2.004047e+01,1.999133e+01,2.008959e+01,1.998431e+01,2.002643e+01,2.001941e+01,2.000537e+01,1.997728e+01,2.021578e+01,2.027181e+01,2.036280e+01,2.040477e+01,2.035581e+01,2.041176e+01,2.051660e+01,2.045371e+01,2.046070e+01,2.053057e+01,2.060039e+01,2.067016e+01,2.057944e+01,2.060039e+01,2.062132e+01,2.059340e+01,2.058643e+01,2.055152e+01,2.062132e+01,2.048166e+01,2.051660e+01,2.055152e+01,2.053755e+01,2.053755e+01,2.051660e+01,2.050961e+01,2.056548e+01,2.049564e+01,2.056548e+01,2.054453e+01,2.048166e+01,2.057246e+01,2.030682e+01,2.053755e+01,2.055850e+01,2.043274e+01,2.069805e+01,2.062132e+01,2.059340e+01,2.061434e+01,2.055850e+01,2.053755e+01,2.052358e+01,2.053057e+01,2.060736e+01,2.062132e+01,2.055850e+01,2.058643e+01,2.047468e+01,2.057944e+01,2.062132e+01,2.058643e+01,2.066318e+01,2.049564e+01,2.058643e+01,2.058643e+01,2.053755e+01,2.056548e+01,2.051660e+01,2.032782e+01,2.042575e+01,2.055152e+01,2.037679e+01,2.030682e+01,2.029282e+01,2.027181e+01,2.008257e+01,2.011063e+01,1.988594e+01,1.978045e+01,1.973822e+01,1.983673e+01,1.975934e+01,1.980859e+01,1.976638e+01,1.970302e+01,1.977341e+01,1.974526e+01,1.977341e+01,1.982266e+01,1.985079e+01,1.999133e+01,1.999133e+01,1.998431e+01,2.012466e+01,2.001941e+01,2.004749e+01,2.007556e+01,2.012466e+01,2.015270e+01,2.009660e+01,2.019476e+01,2.015971e+01,2.012466e+01,2.020877e+01,2.015971e+01,2.029982e+01,2.032082e+01,2.036980e+01,2.046769e+01,2.042575e+01,2.043274e+01,2.046769e+01,2.036280e+01,2.043274e+01,2.050262e+01,2.053057e+01,2.060039e+01,2.053755e+01,2.053755e+01,2.048865e+01,2.050262e+01,2.055152e+01,2.059340e+01,2.052358e+01,2.053057e+01,2.053755e+01,2.053057e+01,2.053057e+01,2.056548e+01,2.048166e+01,2.048865e+01,2.047468e+01,2.049564e+01,2.043973e+01,2.059340e+01,2.049564e+01,2.044672e+01,2.055850e+01,2.046769e+01,2.056548e+01,2.041875e+01,2.041875e+01,2.048166e+01,2.041875e+01,2.025080e+01,2.029982e+01,2.022979e+01,2.024380e+01,2.004749e+01,2.008959e+01,2.004047e+01,1.992811e+01,1.999133e+01,1.989297e+01,1.998431e+01,2.001239e+01,2.006854e+01,2.004749e+01,2.008959e+01,2.010362e+01,2.022278e+01,2.025080e+01,2.035581e+01,2.027881e+01,2.032782e+01,2.034881e+01,2.031382e+01,2.033481e+01,2.032782e+01,2.027881e+01,2.029282e+01,2.035581e+01,2.027181e+01,2.026481e+01,2.038379e+01,2.034881e+01,2.031382e+01,2.035581e+01,2.041875e+01,2.036280e+01,2.039778e+01,2.028582e+01,2.032082e+01,2.036980e+01,2.035581e+01,2.036980e+01,2.029982e+01,2.027181e+01,2.040477e+01,2.041875e+01,2.043274e+01,2.034881e+01,2.043973e+01,2.045371e+01,2.043973e+01,2.040477e+01,2.046769e+01,2.047468e+01,2.041176e+01,2.050262e+01,2.051660e+01,2.046070e+01,2.048865e+01,2.046769e+01,2.045371e+01,2.026481e+01,2.008257e+01,1.999835e+01,2.021578e+01,2.012466e+01,2.029982e+01,2.036280e+01,2.029982e+01,2.007556e+01,2.036980e+01,2.036280e+01,2.043973e+01,2.027181e+01,2.029282e+01,2.025080e+01,2.029282e+01,2.029282e+01,2.032782e+01,2.026481e+01,2.009660e+01,2.013167e+01,2.022979e+01,2.038379e+01,2.029282e+01,2.029982e+01,2.027181e+01,2.029982e+01,2.028582e+01,2.036980e+01,2.032782e+01,2.050262e+01,2.040477e+01,2.051660e+01,2.038379e+01,2.048865e+01,2.041176e+01,2.043973e+01,2.044672e+01,2.057246e+01,2.060039e+01,2.061434e+01,2.046769e+01,2.044672e+01,2.057246e+01,2.046769e+01,2.025781e+01,2.042575e+01,2.041176e+01,2.047468e+01,2.063528e+01,2.057246e+01,2.080955e+01,2.091398e+01,2.079562e+01,2.078866e+01,2.078866e+01,2.080955e+01,2.083741e+01,2.068410e+01,2.085134e+01,2.078866e+01,2.083741e+01,2.097658e+01,2.101134e+01,2.083045e+01,2.097658e+01,2.085134e+01,2.084437e+01,2.096962e+01,2.085830e+01,2.078866e+01,2.104609e+01,2.082348e+01,2.082348e+01,2.083741e+01,2.085134e+01,2.088614e+01,2.089310e+01,2.088614e+01,2.081652e+01,2.086526e+01,2.099744e+01,2.091398e+01,2.073988e+01,2.099744e+01,2.083741e+01,2.080259e+01,2.094180e+01,2.079562e+01,2.090006e+01,2.078866e+01,2.078169e+01,2.083045e+01,2.087918e+01,2.083741e+01,2.089310e+01,2.095572e+01,2.078866e+01,2.080259e+01,2.087222e+01,2.092789e+01,2.090006e+01,2.094876e+01,2.096267e+01,2.092789e+01,2.094876e+01,2.094876e+01,2.095572e+01,2.083741e+01,2.083045e+01,2.083741e+01,2.092789e+01,2.084437e+01,2.083741e+01,2.089310e+01,2.094180e+01,2.105999e+01,2.090006e+01,2.086526e+01,2.091398e+01,2.094876e+01,2.086526e+01,2.104609e+01,2.099744e+01,2.079562e+01,2.070502e+01,2.060039e+01,2.032782e+01,2.027181e+01,2.053755e+01,2.066318e+01,2.065621e+01,2.058643e+01,2.073988e+01,2.071897e+01
2.076079e+01,2.076079e+01,2.076775e+01,2.076079e+01,2.076079e+01,2.080259e+01,2.082348e+01,2.078866e+01,2.074685e+01,2.060736e+01,2.062132e+01,2.062132e+01,2.055850e+01,2.038379e+01,2.041875e+01,2.036280e+01,2.041875e+01,2.039078e+01,2.019476e+01,2.027181e+01,2.040477e+01,2.019476e+01,2.014569e+01,2.015971e+01,2.009660e+01,2.014569e+01,2.011764e+01,2.018074e+01,2.018775e+01,2.013868e+01,2.002643e+01,1.999835e+01,2.011063e+01,1.994919e+01,2.005451e+01,2.011063e+01,2.005451e+01,2.003345e+01,1.995621e+01,2.009660e+01,2.012466e+01,2.014569e+01,2.006152e+01,2.008959e+01,2.006152e+01,2.010362e+01,2.013167e+01,2.013167e+01,2.001239e+01,2.003345e+01,2.005451e+01,1.999133e+01,2.009660e+01,1.990703e+01,2.000537e+01,2.007556e+01,2.004749e+01,1.995621e+01,2.002643e+01,1.994216e+01,1.999835e+01,1.990000e+01,1.994919e+01,2.001941e+01,2.005451e+01,2.000537e+01,1.999835e+01,1.997026e+01,2.002643e+01,2.009660e+01,2.004047e+01,1.990000e+01,1.999835e+01,1.999835e+01,2.004047e+01,1.999835e+01,2.005451e+01,2.001239e+01,2.005451e+01,2.002643e+01,2.001941e+01,2.009660e+01,2.015971e+01,2.028582e+01,2.011063e+01,2.009660e+01,2.004749e+01,2.007556e+01,2.006854e+01,2.024380e+01,2.020877e+01,2.022979e+01,2.015270e+01,2.023680e+01,2.026481e+01,2.022979e+01,2.015971e+01,2.016672e+01,2.014569e+01,2.020877e+01,2.013868e+01,2.028582e+01,2.025781e+01,2.043274e+01,2.018775e+01,2.033481e+01,2.031382e+01,2.034881e+01,2.043274e+01,2.045371e+01,2.037679e+01,2.048166e+01,2.043274e+01,2.045371e+01,2.038379e+01,2.049564e+01,2.037679e+01,2.038379e+01,2.029282e+01,2.035581e+01,2.027881e+01,2.031382e+01,2.014569e+01,2.018074e+01,2.006152e+01,2.014569e+01,1.999133e+01,2.013167e+01,1.991406e+01,1.995621e+01,1.995621e+01,1.990000e+01,1.991406e+01,1.987892e+01,1.979452e+01,1.988594e+01,1.992109e+01,1.986485e+01,1.992109e+01,1.997026e+01,2.008257e+01,1.999835e+01,1.997026e+01,1.987189e+01,1.986485e+01,1.996324e+01,2.005451e+01,2.004047e+01,2.004749e+01,2.007556e+01,2.007556e+01,2.007556e+01,2.015270e+01,2.011764e+01,2.020877e+01,2.016672e+01,2.029282e+01,2.033481e+01,2.033481e+01,2.029982e+01,2.041176e+01,2.045371e+01,2.040477e+01,2.048166e+01,2.043274e+01,2.054453e+01,2.050961e+01,2.060736e+01,2.049564e+01,2.050961e+01,2.053755e+01,2.052358e+01,2.050262e+01,2.056548e+01,2.052358e+01,2.068410e+01,2.056548e+01,2.066318e+01,2.054453e+01,2.058643e+01,2.060736e+01,2.057944e+01,2.053057e+01,2.058643e+01,2.052358e+01,2.050262e+01,2.049564e+01,2.048166e+01,2.046769e+01,2.045371e+01,2.046769e+01,2.045371e+01,2.053755e+01,2.046070e+01,2.046070e+01,2.045371e+01,2.057944e+01,2.047468e+01,2.048865e+01,2.063528e+01,2.059340e+01,2.057246e+01,2.062132e+01,2.064923e+01,2.056548e+01,2.058643e+01,2.055152e+01,2.054453e+01,2.055152e+01,2.053755e+01,2.055152e+01,2.055152e+01,2.057944e+01,2.067713e+01,2.067713e+01,2.060736e+01,2.056548e+01,2.050262e+01,2.057944e+01,2.062132e+01,2.062132e+01,2.053755e+01,2.056548e+01,2.059340e+01,2.047468e+01,2.058643e+01,2.053755e+01,2.055152e+01,2.057246e+01,2.061434e+01,2.078866e+01,2.055850e+01,2.051660e+01,2.060736e+01,2.048865e+01,2.065621e+01,2.064923e+01,2.064225e+01,2.064225e+01,2.057944e+01,2.049564e+01,2.071897e+01,2.077472e+01,2.064923e+01,2.054453e+01,2.057944e+01,2.069805e+01,2.069108e+01,2.062132e+01,2.068410e+01,2.065621e+01,2.068410e+01,2.063528e+01,2.069805e+01,2.057246e+01,2.067713e+01,2.074685e+01,2.062830e+01,2.069805e+01,2.071897e+01,2.072594e+01,2.083741e+01,2.077472e+01,2.063528e+01,2.073988e+01,2.054453e+01,2.072594e+01,2.053057e+01,2.047468e+01,2.038379e+01,2.024380e+01,2.008959e+01,1.996324e+01,1.987189e+01,1.973118e+01,1.930788e+01,1.927959e+01,1.919469e+01,1.918054e+01,1.916638e+01,1.918054e+01,1.975934e+01,1.977341e+01,2.022278e+01,2.020877e+01,2.017373e+01,2.024380e+01,2.019476e+01,2.015270e+01,2.019476e+01,2.007556e+01,2.018074e+01,2.013868e+01,2.008257e+01,2.006152e+01,2.008257e+01,2.002643e+01,2.000537e+01,2.003345e+01,2.029982e+01,2.027881e+01,1.995621e+01,2.001239e+01,2.004749e+01,2.001239e+01,2.014569e+01,2.014569e+01,2.015971e+01,2.005451e+01,2.015971e+01,2.020177e+01,2.029982e+01,2.043973e+01,2.042575e+01,2.046769e+01,2.046769e+01,2.043973e+01,2.053057e+01,2.056548e+01,2.067016e+01,2.060736e+01,2.056548e+01,2.060039e+01,2.054453e+01,2.060736e+01,2.057944e+01,2.058643e+01,2.056548e+01,2.055152e+01,2.056548e+01,2.046070e+01,2.060039e+01,2.055152e+01,2.054453e+01,2.059340e+01,2.036980e+01,2.048865e+01,2.050262e+01,2.047468e+01,2.050262e+01,2.048166e+01,2.053755e+01,2.053057e+01,2.059340e+01,2.060736e+01,2.059340e+01,2.059340e+01,2.062830e+01,2.062132e+01,2.055152e+01,2.067016e+01,2.069805e+01,2.062132e+01,2.054453e+01,2.062132e+01,2.065621e+01,2.061434e+01,2.075382e+01,2.059340e+01,2.064923e+01,2.064225e+01,2.060039e+01,2.058643e+01,2.064923e+01,2.052358e+01,2.057944e+01,2.048166e+01,2.053057e+01,2.055152e+01,2.046070e+01,2.044672e+01,2.037679e+01,2.028582e+01,2.036280e+01,2.018074e+01,2.011063e+01,2.000537e+01,1.963257e+01,1.968893e+01,1.976638e+01,1.971006e+01,1.970302e+01,1.971710e+01,1.985079e+01,1.972414e+01,1.998431e+01,1.999133e+01,1.993514e+01,2.006854e+01,1.991406e+01,2.019476e+01,1.995621e+01,1.998431e+01,2.025080e+01,2.006152e+01,2.018074e+01,2.018074e+01,2.015971e+01,2.035581e+01,2.018775e+01,2.019476e+01,2.011764e+01,2.018775e+01,2.019476e+01,2.024380e+01,2.020877e+01,2.032082e+01,2.041875e+01,2.037679e+01,2.048865e+01,2.041176e+01,2.044672e+01,2.046769e+01,2.046769e+01,2.058643e+01,2.051660e+01,2.055152e+01,2.055850e+01,2.053755e+01,2.053057e+01,2.055850e+01,2.050262e+01,2.055152e+01,2.058643e+01,2.055850e+01,2.049564e+01,2.053755e+01,2.053755e+01,2.050961e+01,2.053057e+01,2.051660e+01,2.056548e+01,2.067016e+01,2.050961e+01,2.054453e+01,2.046070e+01,2.050961e+01,2.046070e+01,2.049564e+01,2.045371e+01,2.043274e+01,2.043973e+01,2.039778e+01,2.039078e+01,2.034181e+01,2.028582e+01,2.017373e+01,2.016672e+01,2.000537e+01,1.994919e+01,2.004047e+01,2.000537e+01,2.002643e+01,2.006152e+01,1.992811e+01,2.007556e+01,2.002643e+01,2.020877e+01,2.022979e+01,2.026481e+01,2.029282e+01,2.028582e+01,2.028582e+01,2.026481e+01,2.031382e+01,2.034181e+01,2.039078e+01,2.036280e+01,2.038379e+01,2.036980e+01,2.034181e+01,2.029282e+01,2.040477e+01,2.040477e+01,2.036980e+01,2.023680e+01,2.033481e+01,2.032782e+01,2.035581e+01,2.032082e+01,2.037679e+01,2.034181e+01,2.048865e+01,2.046070e+01,2.035581e+01,2.026481e+01,2.039078e+01,2.039078e+01,2.041176e+01,2.039778e+01,2.039078e+01,2.027181e+01,2.030682e+01,2.033481e+01,2.043973e+01,2.047468e+01,2.056548e+01,2.050262e+01,2.050961e+01,2.052358e+01,2.057246e+01,2.048166e+01,2.047468e+01,2.046769e+01,2.039078e+01,2.019476e+01,2.020177e+01,2.020177e+01,2.024380e+01,2.028582e+01,2.036280e+01,2.033481e+01,2.036980e+01,2.032782e+01,2.033481e+01,2.045371e+01,2.036280e+01,2.041176e+01,2.034881e+01,2.032782e+01,2.042575e+01,2.033481e+01,2.038379e+01,2.031382e+01,2.031382e+01,2.048166e+01,2.049564e+01,2.035581e+01,2.045371e+01,2.031382e+01,2.041176e+01,2.040477e+01,2.039778e+01,2.041875e+01,2.045371e+01,2.046070e+01,2.050262e+01,2.049564e+01,2.053057e+01,2.050262e+01,2.053057e+01,2.054453e+01,2.058643e+01,2.050961e+01,2.064225e+01,2.045371e+01,2.062132e+01,2.055850e+01,2.067016e+01,2.046070e+01,2.038379e+01,2.041875e+01,2.044672e+01,2.065621e+01,2.064923e+01,2.067713e+01,2.067713e+01,2.083045e+01,2.090006e+01,2.091398e+01,2.080259e+01,2.092093e+01,2.092093e+01,2.088614e+01,2.083045e+01,2.081652e+01,2.081652e+01,2.087918e+01,2.093485e+01,2.099048e+01,2.084437e+01,2.084437e+01,2.084437e+01,2.087222e+01,2.096962e+01,2.075382e+01,2.103219e+01,2.097658e+01,2.090006e+01,2.085134e+01,2.087222e+01,2.092093e+01,2.085134e+01,2.087918e+01,2.088614e+01,2.091398e+01,2.072594e+01,2.092789e+01,2.085134e+01,2.092093e+01,2.097658e+01,2.088614e+01,2.080259e+01,2.078866e+01,2.091398e+01,2.099048e+01,2.093485e+01,2.099048e+01,2.097658e+01,2.058643e+01,2.090702e+01,2.092789e+01,2.094876e+01,2.077472e+01,2.092789e+01,2.089310e+01,2.085134e+01,2.089310e+01,2.094876e+01,2.096962e+01,2.099744e+01,2.096267e+01,2.082348e+01,2.101134e+01,2.099048e+01,2.100439e+01,2.101134e+01,2.094180e+01,2.103219e+01,2.090006e+01,2.087918e+01,2.105304e+01,2.092093e+01,2.089310e+01,2.096962e+01,2.094180e+01,2.092789e+01,2.100439e+01,2.109472e+01,2.094876e+01,2.087918e+01,2.051660e+01,2.032782e+01,2.048166e+01,2.064923e+01,2.064923e+01,2.068410e+01,2.071897e+01,2.071897e+01,2.074685e+01
2.075382e+01,2.058643e+01,2.063528e+01,2.072594e+01,2.078169e+01,2.071897e+01,2.078866e+01,2.062132e+01,2.083741e+01,2.054453e+01,2.064923e+01,2.061434e+01,2.036980e+01,2.042575e+01,2.035581e+01,2.053057e+01,2.020877e+01,2.036980e+01,2.029282e+01,2.026481e+01,2.034881e+01,2.025781e+01,2.027181e+01,2.018074e+01,2.016672e+01,2.015270e+01,2.016672e+01,2.018775e+01,2.019476e+01,2.020177e+01,2.027881e+01,2.022979e+01,2.010362e+01,2.013868e+01,2.008959e+01,2.043274e+01,2.013167e+01,2.011063e+01,2.005451e+01,2.008257e+01,2.012466e+01,2.017373e+01,2.011063e+01,2.004047e+01,2.006854e+01,2.004749e+01,2.018775e+01,2.004749e+01,2.006854e+01,1.998431e+01,1.994919e+01,1.997026e+01,1.994919e+01,1.995621e+01,2.007556e+01,1.988594e+01,1.992109e+01,1.994919e+01,1.993514e+01,1.998431e+01,1.997728e+01,1.994919e+01,1.999835e+01,1.993514e+01,1.992109e+01,1.993514e+01,2.002643e+01,1.992811e+01,2.005451e+01,1.994919e+01,1.990000e+01,1.997728e+01,2.000537e+01,2.004047e+01,2.004047e+01,1.997728e+01,2.005451e+01,2.004749e+01,2.004047e+01,2.006854e+01,2.008959e+01,2.011063e+01,2.009660e+01,2.022278e+01,2.008959e+01,2.023680e+01,2.024380e+01,2.009660e+01,2.008257e+01,2.024380e+01,2.020177e+01,2.026481e+01,2.020177e+01,2.015270e+01,2.013868e+01,2.013868e+01,2.024380e+01,2.020177e+01,2.024380e+01,2.025080e+01,2.025080e+01,2.027881e+01,2.032782e+01,2.025781e+01,2.015971e+01,2.038379e+01,2.039078e+01,2.036280e+01,2.040477e+01,2.034181e+01,2.050961e+01,2.044672e+01,2.046769e+01,2.042575e+01,2.034881e+01,2.040477e+01,2.029982e+01,2.034181e+01,2.036280e+01,2.035581e+01,2.008959e+01,2.022278e+01,2.034881e+01,2.006854e+01,2.010362e+01,1.999835e+01,1.990703e+01,1.987189e+01,1.987189e+01,1.986485e+01,1.990703e+01,1.986485e+01,1.985079e+01,1.981563e+01,1.976638e+01,1.990703e+01,1.984376e+01,1.985782e+01,1.987189e+01,1.992109e+01,1.982266e+01,1.997026e+01,1.997728e+01,1.997728e+01,2.001239e+01,1.998431e+01,1.993514e+01,2.000537e+01,2.006152e+01,2.007556e+01,2.009660e+01,2.016672e+01,2.011764e+01,2.027181e+01,2.019476e+01,2.020177e+01,2.032782e+01,2.032082e+01,2.034181e+01,2.029282e+01,2.041875e+01,2.047468e+01,2.038379e+01,2.049564e+01,2.055850e+01,2.052358e+01,2.054453e+01,2.060039e+01,2.050961e+01,2.053057e+01,2.051660e+01,2.055850e+01,2.070502e+01,2.056548e+01,2.060039e+01,2.050262e+01,2.057246e+01,2.061434e+01,2.060736e+01,2.059340e+01,2.055850e+01,2.056548e+01,2.050262e+01,2.057944e+01,2.052358e+01,2.050262e+01,2.053057e+01,2.050262e+01,2.043973e+01,2.047468e+01,2.047468e+01,2.044672e+01,2.043973e+01,2.043973e+01,2.045371e+01,2.047468e+01,2.050262e+01,2.058643e+01,2.051660e+01,2.061434e+01,2.061434e+01,2.067016e+01,2.057246e+01,2.043274e+01,2.062132e+01,2.065621e+01,2.057246e+01,2.053755e+01,2.060736e+01,2.062830e+01,2.060039e+01,2.056548e+01,2.056548e+01,2.056548e+01,2.055152e+01,2.053057e+01,2.055152e+01,2.057246e+01,2.060736e+01,2.060039e+01,2.054453e+01,2.060736e+01,2.053755e+01,2.057944e+01,2.062132e+01,2.055850e+01,2.057944e+01,2.055152e+01,2.054453e+01,2.063528e+01,2.064923e+01,2.054453e+01,2.068410e+01,2.064923e+01,2.063528e+01,2.062132e+01,2.063528e+01,2.064225e+01,2.064923e+01,2.049564e+01,2.062132e+01,2.068410e+01,2.067713e+01,2.074685e+01,2.055850e+01,2.069805e+01,2.071200e+01,2.069108e+01,2.085830e+01,2.068410e+01,2.065621e+01,2.069805e+01,2.060039e+01,2.064225e+01,2.063528e+01,2.076079e+01,2.060736e+01,2.057246e+01,2.057944e+01,2.059340e+01,2.078866e+01,2.080955e+01,2.082348e+01,2.071200e+01,2.078169e+01,2.062830e+01,2.076775e+01,2.057246e+01,2.046070e+01,2.032782e+01,2.010362e+01,2.003345e+01,1.988594e+01,1.990703e+01,1.973822e+01,1.936442e+01,1.932909e+01,1.918761e+01,1.915222e+01,1.912389e+01,1.944918e+01,1.977341e+01,2.006152e+01,2.017373e+01,2.017373e+01,2.016672e+01,2.014569e+01,2.013868e+01,2.012466e+01,2.007556e+01,2.015971e+01,2.013167e+01,2.018775e+01,2.011063e+01,2.005451e+01,2.007556e+01,2.006854e+01,2.013868e+01,2.009660e+01,2.008959e+01,2.011063e+01,2.017373e+01,2.011764e+01,1.999835e+01,2.009660e+01,2.012466e+01,1.994919e+01,2.015270e+01,2.011063e+01,2.017373e+01,2.029982e+01,2.035581e+01,2.046070e+01,2.039078e+01,2.048865e+01,2.048865e+01,2.055152e+01,2.049564e+01,2.064225e+01,2.064923e+01,2.053057e+01,2.060736e+01,2.060736e+01,2.060736e+01,2.057246e+01,2.060039e+01,2.054453e+01,2.054453e+01,2.062830e+01,2.053755e+01,2.054453e+01,2.054453e+01,2.053755e+01,2.055850e+01,2.038379e+01,2.062132e+01,2.047468e+01,2.055850e+01,2.055850e+01,2.046070e+01,2.057246e+01,2.044672e+01,2.057246e+01,2.058643e+01,2.046070e+01,2.060039e+01,2.050262e+01,2.059340e+01,2.060039e+01,2.064225e+01,2.054453e+01,2.054453e+01,2.057944e+01,2.054453e+01,2.062132e+01,2.063528e+01,2.059340e+01,2.055850e+01,2.057944e+01,2.062830e+01,2.061434e+01,2.062132e+01,2.060039e+01,2.053057e+01,2.060039e+01,2.059340e+01,2.048865e+01,2.054453e+01,2.033481e+01,2.038379e+01,2.021578e+01,2.032082e+01,2.033481e+01,2.013868e+01,2.016672e+01,1.991406e+01,1.985079e+01,1.985079e+01,1.961143e+01,1.961143e+01,1.956913e+01,1.949153e+01,1.968189e+01,1.966780e+01,1.982266e+01,1.984376e+01,1.997728e+01,1.995621e+01,1.994919e+01,1.993514e+01,1.996324e+01,2.022278e+01,2.001239e+01,2.018775e+01,2.018775e+01,2.018074e+01,2.028582e+01,2.028582e+01,2.027881e+01,2.022278e+01,2.018074e+01,2.014569e+01,2.015971e+01,2.014569e+01,2.027181e+01,2.030682e+01,2.035581e+01,2.051660e+01,2.039778e+01,2.037679e+01,2.043274e+01,2.050961e+01,2.055152e+01,2.042575e+01,2.047468e+01,2.054453e+01,2.051660e+01,2.053755e+01,2.053755e+01,2.055152e+01,2.057944e+01,2.052358e+01,2.054453e+01,2.050961e+01,2.049564e+01,2.060039e+01,2.049564e+01,2.050262e+01,2.053057e+01,2.048865e+01,2.049564e+01,2.058643e+01,2.049564e+01,2.048865e+01,2.057944e+01,2.036980e+01,2.048166e+01,2.043274e+01,2.043274e+01,2.046769e+01,2.041176e+01,2.041176e+01,2.039778e+01,2.035581e+01,2.031382e+01,2.028582e+01,2.008959e+01,2.015270e+01,2.011063e+01,1.994919e+01,1.994216e+01,2.001941e+01,1.990703e+01,2.004749e+01,1.994216e+01,1.992811e+01,2.004047e+01,2.003345e+01,2.023680e+01,2.027881e+01,2.031382e+01,2.025781e+01,2.031382e+01,2.032782e+01,2.030682e+01,2.034881e+01,2.041176e+01,2.037679e+01,2.036280e+01,2.039078e+01,2.028582e+01,2.032082e+01,2.040477e+01,2.036280e+01,2.027181e+01,2.030682e+01,2.034881e+01,2.035581e+01,2.036280e+01,2.032082e+01,2.042575e+01,2.037679e+01,2.027881e+01,2.037679e+01,2.029282e+01,2.032082e+01,2.029282e+01,2.031382e+01,2.035581e+01,2.039778e+01,2.028582e+01,2.039778e+01,2.039778e+01,2.049564e+01,2.032082e+01,2.050961e+01,2.051660e+01,2.054453e+01,2.048166e+01,2.055152e+01,2.051660e+01,2.044672e+01,2.051660e+01,2.055850e+01,2.046070e+01,2.020877e+01,2.020177e+01,2.034881e+01,2.025781e+01,2.019476e+01,2.035581e+01,2.036280e+01,2.036980e+01,2.034881e+01,2.039078e+01,2.052358e+01,2.042575e+01,2.053755e+01,2.036980e+01,2.030682e+01,2.039078e+01,2.040477e+01,2.042575e+01,2.041176e+01,2.037679e+01,2.046769e+01,2.049564e+01,2.049564e+01,2.041875e+01,2.046769e+01,2.050961e+01,2.043274e+01,2.048166e+01,2.043973e+01,2.056548e+01,2.050961e+01,2.050262e+01,2.057246e+01,2.053057e+01,2.057944e+01,2.054453e+01,2.061434e+01,2.060736e+01,2.057944e+01,2.051660e+01,2.067016e+01,2.050961e+01,2.048865e+01,2.050961e+01,2.048865e+01,2.043274e+01,2.048166e+01,2.050262e+01,2.065621e+01,2.049564e+01,2.067713e+01,2.073291e+01,2.080259e+01,2.082348e+01,2.078866e+01,2.087222e+01,2.085134e+01,2.092789e+01,2.092093e+01,2.083741e+01,2.087222e+01,2.085134e+01,2.080955e+01,2.087918e+01,2.083741e+01,2.082348e+01,2.093485e+01,2.085134e+01,2.094876e+01,2.080259e+01,2.110166e+01,2.100439e+01,2.084437e+01,2.087918e+01,2.092789e+01,2.094180e+01,2.085134e+01,2.085134e+01,2.113638e+01,2.081652e+01,2.091398e+01,2.094876e+01,2.092093e+01,2.089310e+01,2.085830e+01,2.098353e+01,2.098353e+01,2.088614e+01,2.077472e+01,2.092789e+01,2.092789e+01,2.093485e+01,2.080955e+01,2.088614e+01,2.091398e+01,2.089310e+01,2.090006e+01,2.111555e+01,2.083045e+01,2.087222e+01,2.092093e+01,2.091398e+01,2.091398e+01,2.093485e+01,2.096267e+01,2.087918e+01,2.091398e+01,2.095572e+01,2.091398e+01,2.094876e+01,2.092789e+01,2.095572e+01,2.089310e+01,2.096267e+01,2.098353e+01,2.101829e+01,2.097658e+01,2.092093e+01,2.077472e+01,2.099744e+01,2.096267e+01,2.093485e+01,2.090702e+01,2.087222e+01,2.092789e+01,2.059340e+01,2.053755e+01,2.046070e+01,2.050961e+01,2.060736e+01,2.055152e+01,2.064225e+01,2.069805e+01,2.075382e+01,2.082348e+01
2.078169e+01,2.058643e+01,2.067713e+01,2.074685e+01,2.071200e+01,2.075382e+01,2.073988e+01,2.066318e+01,2.064225e+01,2.062830e+01,2.055152e+01,2.062830e+01,2.041176e+01,2.041176e+01,2.013868e+01,2.034181e+01,2.013167e+01,2.031382e+01,2.030682e+01,2.031382e+01,2.027881e+01,2.029282e+01,2.013167e+01,2.027881e+01,2.011764e+01,2.015971e+01,2.018074e+01,2.004749e+01,2.020177e+01,2.021578e+01,2.016672e+01,2.021578e+01,2.012466e+01,2.008257e+01,2.022979e+01,2.009660e+01,2.010362e+01,2.018074e+01,2.002643e+01,2.004047e+01,2.004047e+01,2.013868e+01,2.013167e+01,2.020177e+01,2.009660e+01,2.015971e+01,2.016672e+01,2.009660e+01,2.005451e+01,2.011063e+01,2.011764e+01,1.995621e+01,1.998431e+01,1.996324e+01,2.003345e+01,1.990703e+01,1.997026e+01,2.000537e+01,2.008959e+01,2.001239e+01,1.992811e+01,1.997026e+01,1.996324e+01,1.999835e+01,1.990703e+01,1.987189e+01,1.995621e+01,1.994919e+01,1.989297e+01,1.993514e+01,2.006854e+01,1.994919e+01,2.001239e+01,2.004749e+01,1.999835e+01,2.000537e+01,2.009660e+01,2.002643e+01,2.007556e+01,2.009660e+01,2.004749e+01,2.009660e+01,2.013167e+01,2.004749e+01,2.012466e+01,2.011063e+01,2.013167e+01,2.023680e+01,2.016672e+01,2.013167e+01,2.020177e+01,2.011063e+01,2.015270e+01,2.006854e+01,2.029282e+01,2.025781e+01,2.008959e+01,2.023680e+01,2.020877e+01,2.020177e+01,2.020177e+01,2.028582e+01,2.029982e+01,2.034181e+01,2.025080e+01,2.038379e+01,2.035581e+01,2.027181e+01,2.034881e+01,2.031382e+01,2.051660e+01,2.047468e+01,2.033481e+01,2.028582e+01,2.030682e+01,2.042575e+01,2.034181e+01,2.044672e+01,2.030682e+01,2.019476e+01,2.009660e+01,2.012466e+01,2.022979e+01,2.007556e+01,2.006854e+01,1.988594e+01,2.004749e+01,1.992811e+01,1.994919e+01,1.987189e+01,1.985079e+01,1.985782e+01,1.980859e+01,1.986485e+01,1.976638e+01,1.985079e+01,1.982969e+01,1.987892e+01,1.980859e+01,1.975230e+01,1.977341e+01,1.984376e+01,1.999835e+01,2.004749e+01,1.998431e+01,1.999835e+01,2.005451e+01,2.001941e+01,2.004047e+01,2.006854e+01,2.006152e+01,2.025781e+01,2.008959e+01,2.017373e+01,2.035581e+01,2.032082e+01,2.029982e+01,2.026481e+01,2.024380e+01,2.036980e+01,2.048865e+01,2.050262e+01,2.043274e+01,2.054453e+01,2.054453e+01,2.054453e+01,2.055850e+01,2.055152e+01,2.054453e+01,2.051660e+01,2.052358e+01,2.055850e+01,2.055850e+01,2.053755e+01,2.050262e+01,2.054453e+01,2.054453e+01,2.060039e+01,2.056548e+01,2.059340e+01,2.051660e+01,2.051660e+01,2.066318e+01,2.051660e+01,2.055850e+01,2.050262e+01,2.052358e+01,2.049564e+01,2.050961e+01,2.046070e+01,2.046769e+01,2.037679e+01,2.046070e+01,2.046769e+01,2.060039e+01,2.053057e+01,2.045371e+01,2.052358e+01,2.060736e+01,2.053057e+01,2.046070e+01,2.060039e+01,2.058643e+01,2.058643e+01,2.060736e+01,2.057944e+01,2.053755e+01,2.058643e+01,2.055152e+01,2.053755e+01,2.059340e+01,2.060039e+01,2.057246e+01,2.055850e+01,2.057246e+01,2.053755e+01,2.057246e+01,2.056548e+01,2.057944e+01,2.052358e+01,2.055152e+01,2.054453e+01,2.054453e+01,2.040477e+01,2.062830e+01,2.060736e+01,2.059340e+01,2.055850e+01,2.055152e+01,2.054453e+01,2.065621e+01,2.061434e+01,2.055152e+01,2.068410e+01,2.064225e+01,2.064225e+01,2.063528e+01,2.063528e+01,2.055850e+01,2.060736e+01,2.062830e+01,2.071200e+01,2.069805e+01,2.066318e+01,2.068410e+01,2.070502e+01,2.054453e+01,2.067713e+01,2.069805e+01,2.061434e+01,2.064225e+01,2.067016e+01,2.065621e+01,2.069805e+01,2.065621e+01,2.061434e+01,2.062132e+01,2.056548e+01,2.060736e+01,2.073988e+01,2.062830e+01,2.076079e+01,2.076079e+01,2.065621e+01,2.071200e+01,2.054453e+01,2.060039e+01,2.056548e+01,2.027881e+01,2.020877e+01,2.017373e+01,1.980859e+01,1.988594e+01,1.980859e+01,1.951270e+01,1.930788e+01,1.939268e+01,1.920885e+01,1.917346e+01,1.920177e+01,1.975934e+01,2.012466e+01,2.015971e+01,2.011764e+01,2.013868e+01,2.017373e+01,2.016672e+01,2.015971e+01,2.015971e+01,2.011063e+01,2.011063e+01,2.011063e+01,2.013167e+01,2.023680e+01,2.005451e+01,2.010362e+01,2.006152e+01,2.003345e+01,2.012466e+01,2.008959e+01,2.006152e+01,2.004749e+01,2.013167e+01,2.002643e+01,2.008959e+01,2.011063e+01,2.004047e+01,2.017373e+01,2.013868e+01,2.007556e+01,2.024380e+01,2.024380e+01,2.034881e+01,2.037679e+01,2.034881e+01,2.045371e+01,2.052358e+01,2.048166e+01,2.053755e+01,2.056548e+01,2.053057e+01,2.057246e+01,2.063528e+01,2.059340e+01,2.046070e+01,2.055850e+01,2.050262e+01,2.057944e+01,2.066318e+01,2.053755e+01,2.052358e+01,2.053057e+01,2.060039e+01,2.048865e+01,2.059340e+01,2.053057e+01,2.057944e+01,2.046769e+01,2.046769e+01,2.053755e+01,2.048865e+01,2.045371e+01,2.054453e+01,2.050262e+01,2.055850e+01,2.057944e+01,2.059340e+01,2.062132e+01,2.057944e+01,2.055152e+01,2.057246e+01,2.064225e+01,2.065621e+01,2.054453e+01,2.062132e+01,2.061434e+01,2.061434e+01,2.056548e+01,2.062830e+01,2.056548e+01,2.061434e+01,2.060736e+01,2.057944e+01,2.060736e+01,2.057944e+01,2.055152e+01,2.047468e+01,2.032082e+01,2.055850e+01,2.053755e+01,2.015971e+01,2.036280e+01,2.030682e+01,2.015270e+01,2.011063e+01,1.980156e+01,1.984376e+01,1.968189e+01,1.954797e+01,1.958323e+01,1.956207e+01,1.956913e+01,1.957618e+01,1.954092e+01,1.982969e+01,2.001239e+01,1.988594e+01,1.994919e+01,2.004047e+01,2.014569e+01,2.021578e+01,2.020877e+01,2.018775e+01,2.026481e+01,2.022278e+01,2.024380e+01,2.026481e+01,2.037679e+01,2.033481e+01,2.027881e+01,2.029282e+01,2.023680e+01,2.025080e+01,2.020877e+01,2.023680e+01,2.035581e+01,2.032782e+01,2.034881e+01,2.043973e+01,2.052358e+01,2.060039e+01,2.036280e+01,2.054453e+01,2.047468e+01,2.047468e+01,2.053057e+01,2.058643e+01,2.060039e+01,2.060736e+01,2.048166e+01,2.056548e+01,2.055152e+01,2.062132e+01,2.055152e+01,2.062132e+01,2.059340e+01,2.067713e+01,2.050262e+01,2.048865e+01,2.054453e+01,2.050961e+01,2.051660e+01,2.048166e+01,2.052358e+01,2.053057e+01,2.055152e+01,2.047468e+01,2.050262e+01,2.044672e+01,2.050262e+01,2.041176e+01,2.028582e+01,2.033481e+01,2.036980e+01,2.030682e+01,2.036980e+01,2.023680e+01,2.002643e+01,2.000537e+01,2.007556e+01,1.998431e+01,1.994919e+01,1.990703e+01,2.006152e+01,2.006152e+01,2.001239e+01,1.999835e+01,2.018074e+01,2.011764e+01,2.018074e+01,2.025781e+01,2.031382e+01,2.031382e+01,2.025781e+01,2.053057e+01,2.050262e+01,2.028582e+01,2.036980e+01,2.039778e+01,2.034181e+01,2.039078e+01,2.039778e+01,2.034881e+01,2.036280e+01,2.033481e+01,2.031382e+01,2.034881e+01,2.032082e+01,2.027181e+01,2.032782e+01,2.032782e+01,2.034181e+01,2.034881e+01,2.035581e+01,2.032082e+01,2.029282e+01,2.032782e+01,2.032082e+01,2.035581e+01,2.030682e+01,2.039078e+01,2.037679e+01,2.037679e+01,2.046070e+01,2.050262e+01,2.055152e+01,2.050961e+01,2.044672e+01,2.054453e+01,2.055152e+01,2.047468e+01,2.048166e+01,2.053755e+01,2.036980e+01,2.043274e+01,2.035581e+01,2.018775e+01,2.028582e+01,2.029282e+01,2.048166e+01,2.044672e+01,2.046769e+01,2.042575e+01,2.036280e+01,2.036980e+01,2.048166e+01,2.053755e+01,2.041176e+01,2.043274e+01,2.047468e+01,2.041176e+01,2.039778e+01,2.050262e+01,2.046769e+01,2.039078e+01,2.043274e+01,2.048865e+01,2.036980e+01,2.060039e+01,2.046070e+01,2.050961e+01,2.054453e+01,2.042575e+01,2.057246e+01,2.067016e+01,2.046070e+01,2.054453e+01,2.052358e+01,2.058643e+01,2.053057e+01,2.060039e+01,2.055152e+01,2.055850e+01,2.071897e+01,2.055850e+01,2.064923e+01,2.057944e+01,2.058643e+01,2.055850e+01,2.045371e+01,2.047468e+01,2.057944e+01,2.048166e+01,2.048166e+01,2.049564e+01,2.072594e+01,2.071200e+01,2.093485e+01,2.085830e+01,2.083741e+01,2.092789e+01,2.085134e+01,2.087222e+01,2.103914e+01,2.087222e+01,2.091398e+01,2.093485e+01,2.087918e+01,2.090702e+01,2.094876e+01,2.083741e+01,2.094180e+01,2.098353e+01,2.084437e+01,2.083741e+01,2.094876e+01,2.097658e+01,2.082348e+01,2.085830e+01,2.083045e+01,2.092093e+01,2.088614e+01,2.094180e+01,2.084437e+01,2.087918e+01,2.090702e+01,2.092789e+01,2.090006e+01,2.088614e+01,2.083045e+01,2.070502e+01,2.090006e+01,2.072594e+01,2.093485e+01,2.087918e+01,2.092789e+01,2.092093e+01,2.088614e+01,2.075382e+01,2.089310e+01,2.092789e+01,2.089310e+01,2.086526e+01,2.092093e+01,2.086526e+01,2.088614e+01,2.101829e+01,2.094876e+01,2.096267e+01,2.093485e+01,2.098353e+01,2.090702e+01,2.083045e+01,2.089310e+01,2.095572e+01,2.097658e+01,2.094180e+01,2.090006e+01,2.092789e+01,2.093485e+01,2.107388e+01,2.108083e+01,2.109472e+01,2.090702e+01,2.097658e+01,2.099048e+01,2.094180e+01,2.102524e+01,2.090006e+01,2.083045e+01,2.084437e+01,2.067016e+01,2.057944e+01,2.057246e+01,2.061434e+01,2.057944e+01,2.052358e+01,2.072594e+01,2.075382e+01,2.073988e+01
2.076079e+01,2.076775e+01,2.078169e+01,2.075382e+01,2.076775e+01,2.078169e+01,2.060039e+01,2.070502e+01,2.061434e+01,2.060736e+01,2.060736e+01,2.062132e+01,2.060039e+01,2.046070e+01,2.039078e+01,2.034881e+01,2.036280e+01,2.031382e+01,2.036280e+01,2.026481e+01,2.030682e+01,2.027181e+01,2.027181e+01,2.030682e+01,2.012466e+01,2.037679e+01,2.029282e+01,2.019476e+01,2.020177e+01,2.022979e+01,2.015270e+01,2.011063e+01,2.016672e+01,2.022278e+01,2.020177e+01,2.009660e+01,2.018074e+01,2.020877e+01,2.018775e+01,2.005451e+01,2.017373e+01,2.018074e+01,2.018074e+01,2.018775e+01,2.013167e+01,2.016672e+01,2.010362e+01,2.008959e+01,2.008257e+01,2.009660e+01,2.015971e+01,2.010362e+01,1.997026e+01,2.006152e+01,2.002643e+01,1.988594e+01,1.987892e+01,1.995621e+01,1.995621e+01,1.997026e+01,1.996324e+01,1.988594e+01,1.992109e+01,2.002643e+01,1.992109e+01,1.990703e+01,1.997026e+01,1.987189e+01,1.995621e+01,1.994216e+01,1.990000e+01,1.997026e+01,1.990000e+01,2.003345e+01,2.003345e+01,2.001239e+01,2.003345e+01,2.000537e+01,2.000537e+01,2.005451e+01,2.011063e+01,2.011063e+01,2.011063e+01,2.013868e+01,2.015971e+01,2.013167e+01,2.030682e+01,2.029282e+01,2.016672e+01,2.023680e+01,2.009660e+01,2.021578e+01,2.021578e+01,2.011764e+01,2.034181e+01,2.004749e+01,2.025781e+01,2.026481e+01,2.023680e+01,2.029982e+01,2.025080e+01,2.024380e+01,2.026481e+01,2.040477e+01,2.040477e+01,2.032782e+01,2.038379e+01,2.034181e+01,2.034881e+01,2.040477e+01,2.035581e+01,2.034881e+01,2.039078e+01,2.035581e+01,2.032782e+01,2.029282e+01,2.034181e+01,2.043274e+01,2.018074e+01,2.027181e+01,2.029982e+01,2.009660e+01,2.011764e+01,2.006854e+01,2.011063e+01,2.008257e+01,1.999835e+01,2.001941e+01,1.987892e+01,1.994919e+01,1.982969e+01,1.983673e+01,1.987189e+01,1.970302e+01,1.982266e+01,1.983673e+01,1.983673e+01,1.986485e+01,1.984376e+01,1.985079e+01,1.975230e+01,1.985782e+01,1.993514e+01,1.986485e+01,1.990000e+01,1.998431e+01,1.992811e+01,2.002643e+01,1.990703e+01,2.002643e+01,2.001239e+01,2.000537e+01,2.027881e+01,2.020877e+01,2.033481e+01,2.029282e+01,2.019476e+01,2.018074e+01,2.032082e+01,2.038379e+01,2.043274e+01,2.041875e+01,2.049564e+01,2.043973e+01,2.056548e+01,2.056548e+01,2.058643e+01,2.053755e+01,2.052358e+01,2.058643e+01,2.051660e+01,2.057246e+01,2.054453e+01,2.060039e+01,2.061434e+01,2.064225e+01,2.062132e+01,2.071897e+01,2.055850e+01,2.063528e+01,2.055152e+01,2.053755e+01,2.055850e+01,2.050961e+01,2.057246e+01,2.051660e+01,2.042575e+01,2.054453e+01,2.044672e+01,2.043274e+01,2.041176e+01,2.042575e+01,2.043973e+01,2.045371e+01,2.044672e+01,2.044672e+01,2.052358e+01,2.065621e+01,2.057944e+01,2.057246e+01,2.060039e+01,2.062830e+01,2.056548e+01,2.067016e+01,2.054453e+01,2.052358e+01,2.049564e+01,2.057944e+01,2.053755e+01,2.066318e+01,2.063528e+01,2.055850e+01,2.056548e+01,2.055152e+01,2.060039e+01,2.063528e+01,2.050262e+01,2.052358e+01,2.060039e+01,2.051660e+01,2.060736e+01,2.056548e+01,2.061434e+01,2.062132e+01,2.057944e+01,2.060736e+01,2.053755e+01,2.055850e+01,2.054453e+01,2.057944e+01,2.065621e+01,2.057246e+01,2.064225e+01,2.060736e+01,2.057944e+01,2.062132e+01,2.064225e+01,2.063528e+01,2.057944e+01,2.077472e+01,2.061434e+01,2.064923e+01,2.067016e+01,2.065621e+01,2.064923e+01,2.058643e+01,2.057944e+01,2.069108e+01,2.065621e+01,2.064225e+01,2.067016e+01,2.061434e+01,2.071200e+01,2.064225e+01,2.054453e+01,2.063528e+01,2.064923e+01,2.056548e+01,2.057246e+01,2.076079e+01,2.061434e+01,2.057944e+01,2.071897e+01,2.058643e+01,2.060039e+01,2.057246e+01,2.049564e+01,2.046070e+01,2.022979e+01,2.023680e+01,1.997728e+01,1.990000e+01,1.976638e+01,1.953386e+01,1.937149e+01,1.938562e+01,1.922300e+01,1.921593e+01,1.926545e+01,1.959028e+01,1.999133e+01,2.015971e+01,2.016672e+01,2.015270e+01,2.013167e+01,2.015971e+01,2.015971e+01,2.016672e+01,2.015971e+01,2.009660e+01,2.008959e+01,2.004749e+01,2.023680e+01,2.005451e+01,2.025080e+01,2.007556e+01,2.004047e+01,2.009660e+01,2.008959e+01,2.004047e+01,2.015270e+01,2.008959e+01,2.011764e+01,2.009660e+01,2.006854e+01,2.016672e+01,2.012466e+01,2.011764e+01,2.015971e+01,2.014569e+01,2.021578e+01,2.020877e+01,2.028582e+01,2.045371e+01,2.047468e+01,2.050262e+01,2.052358e+01,2.050262e+01,2.052358e+01,2.055152e+01,2.053057e+01,2.057944e+01,2.055850e+01,2.053057e+01,2.057246e+01,2.045371e+01,2.055850e+01,2.054453e+01,2.055850e+01,2.057246e+01,2.056548e+01,2.051660e+01,2.068410e+01,2.052358e+01,2.042575e+01,2.055152e+01,2.045371e+01,2.051660e+01,2.053057e+01,2.058643e+01,2.046070e+01,2.053755e+01,2.055850e+01,2.045371e+01,2.055152e+01,2.056548e+01,2.052358e+01,2.054453e+01,2.052358e+01,2.050262e+01,2.056548e+01,2.057246e+01,2.050262e+01,2.054453e+01,2.060039e+01,2.055850e+01,2.062132e+01,2.056548e+01,2.059340e+01,2.057246e+01,2.060039e+01,2.058643e+01,2.053057e+01,2.055152e+01,2.043274e+01,2.055850e+01,2.043274e+01,2.046769e+01,2.047468e+01,2.034181e+01,2.035581e+01,2.013167e+01,2.015971e+01,2.001239e+01,1.996324e+01,1.978045e+01,1.980859e+01,1.975230e+01,1.954092e+01,1.945624e+01,1.963257e+01,1.966780e+01,1.968189e+01,1.967484e+01,1.990000e+01,1.994216e+01,1.999835e+01,1.997728e+01,2.018074e+01,2.015971e+01,2.024380e+01,2.020177e+01,2.019476e+01,2.037679e+01,2.029982e+01,2.029982e+01,2.041176e+01,2.027881e+01,2.036280e+01,2.031382e+01,2.030682e+01,2.013167e+01,2.014569e+01,2.025781e+01,2.025080e+01,2.053755e+01,2.036280e+01,2.038379e+01,2.048166e+01,2.036280e+01,2.048166e+01,2.062830e+01,2.055152e+01,2.059340e+01,2.060039e+01,2.053057e+01,2.055850e+01,2.055850e+01,2.062830e+01,2.051660e+01,2.052358e+01,2.062132e+01,2.057944e+01,2.055152e+01,2.066318e+01,2.049564e+01,2.049564e+01,2.046070e+01,2.057246e+01,2.048166e+01,2.050262e+01,2.057944e+01,2.052358e+01,2.047468e+01,2.034881e+01,2.046070e+01,2.050961e+01,2.050262e+01,2.042575e+01,2.046070e+01,2.045371e+01,2.041875e+01,2.032082e+01,2.032782e+01,2.013167e+01,2.017373e+01,2.015971e+01,2.002643e+01,1.995621e+01,1.991406e+01,2.005451e+01,2.011063e+01,1.993514e+01,2.004047e+01,2.011764e+01,2.011764e+01,2.028582e+01,2.016672e+01,2.012466e+01,2.025080e+01,2.034181e+01,2.015971e+01,2.032082e+01,2.036280e+01,2.039778e+01,2.032082e+01,2.041875e+01,2.036980e+01,2.037679e+01,2.036280e+01,2.049564e+01,2.036980e+01,2.023680e+01,2.032082e+01,2.022979e+01,2.036980e+01,2.034881e+01,2.027181e+01,2.034881e+01,2.025080e+01,2.025781e+01,2.032082e+01,2.034881e+01,2.026481e+01,2.025781e+01,2.027881e+01,2.025781e+01,2.038379e+01,2.023680e+01,2.027881e+01,2.036980e+01,2.043274e+01,2.037679e+01,2.035581e+01,2.050262e+01,2.053057e+01,2.046769e+01,2.048166e+01,2.046070e+01,2.060736e+01,2.047468e+01,2.051660e+01,2.046769e+01,2.048166e+01,2.038379e+01,2.034881e+01,2.023680e+01,2.025781e+01,2.036980e+01,2.039078e+01,2.023680e+01,2.038379e+01,2.049564e+01,2.046070e+01,2.036280e+01,2.054453e+01,2.052358e+01,2.041176e+01,2.051660e+01,2.041875e+01,2.036980e+01,2.052358e+01,2.046070e+01,2.046070e+01,2.047468e+01,2.042575e+01,2.048166e+01,2.047468e+01,2.058643e+01,2.050262e+01,2.048166e+01,2.063528e+01,2.062830e+01,2.048166e+01,2.046070e+01,2.054453e+01,2.060736e+01,2.053755e+01,2.065621e+01,2.054453e+01,2.055152e+01,2.058643e+01,2.060736e+01,2.065621e+01,2.051660e+01,2.062830e+01,2.050262e+01,2.062132e+01,2.054453e+01,2.051660e+01,2.055850e+01,2.050961e+01,2.048865e+01,2.065621e+01,2.066318e+01,2.073291e+01,2.080259e+01,2.081652e+01,2.080955e+01,2.092789e+01,2.087918e+01,2.086526e+01,2.088614e+01,2.087222e+01,2.090702e+01,2.089310e+01,2.088614e+01,2.089310e+01,2.099048e+01,2.087222e+01,2.090006e+01,2.092093e+01,2.092093e+01,2.087918e+01,2.088614e+01,2.091398e+01,2.102524e+01,2.093485e+01,2.086526e+01,2.086526e+01,2.089310e+01,2.084437e+01,2.099744e+01,2.084437e+01,2.086526e+01,2.081652e+01,2.087222e+01,2.090702e+01,2.087222e+01,2.077472e+01,2.080955e+01,2.081652e+01,2.098353e+01,2.087222e+01,2.083741e+01,2.095572e+01,2.093485e+01,2.088614e+01,2.092093e+01,2.090702e+01,2.092789e+01,2.091398e+01,2.080955e+01,2.091398e+01,2.087918e+01,2.092789e+01,2.099744e+01,2.092093e+01,2.099048e+01,2.097658e+01,2.096962e+01,2.097658e+01,2.093485e+01,2.094876e+01,2.082348e+01,2.096962e+01,2.092789e+01,2.101829e+01,2.090702e+01,2.095572e+01,2.106693e+01,2.104609e+01,2.096962e+01,2.094180e+01,2.092789e+01,2.094876e+01,2.102524e+01,2.105999e+01,2.090702e+01,2.083045e+01,2.079562e+01,2.048865e+01,2.048166e+01,2.066318e+01,2.071200e+01,2.060736e+01,2.072594e+01,2.092789e+01,2.083741e+01,2.069805e+01
2.074685e+01,2.062132e+01,2.071200e+01,2.061434e+01,2.068410e+01,2.078169e+01,2.083045e+01,2.062830e+01,2.070502e+01,2.060736e+01,2.046769e+01,2.050961e+01,2.042575e+01,2.039078e+01,2.042575e+01,2.049564e+01,2.030682e+01,2.029282e+01,2.036280e+01,2.028582e+01,2.027881e+01,2.027181e+01,2.029982e+01,2.028582e+01,2.018775e+01,2.019476e+01,2.028582e+01,2.018775e+01,2.034181e+01,2.028582e+01,2.018074e+01,2.029282e+01,2.021578e+01,2.023680e+01,2.013167e+01,2.013868e+01,2.024380e+01,2.026481e+01,2.023680e+01,2.016672e+01,2.020177e+01,2.007556e+01,2.021578e+01,2.016672e+01,2.010362e+01,2.017373e+01,2.015270e+01,2.011764e+01,2.011063e+01,2.015270e+01,2.013167e+01,2.010362e+01,1.998431e+01,2.015270e+01,1.997026e+01,1.997026e+01,1.999835e+01,1.992811e+01,1.997728e+01,2.002643e+01,1.997026e+01,2.006152e+01,1.997026e+01,1.988594e+01,1.992109e+01,1.989297e+01,1.996324e+01,1.996324e+01,1.987189e+01,2.007556e+01,1.992109e+01,1.990703e+01,1.999835e+01,2.000537e+01,2.004047e+01,1.998431e+01,2.000537e+01,2.001941e+01,2.006854e+01,2.002643e+01,2.006854e+01,2.013167e+01,2.020877e+01,2.021578e+01,2.028582e+01,2.027881e+01,2.013868e+01,2.011764e+01,2.012466e+01,2.020177e+01,2.025781e+01,2.019476e+01,2.006854e+01,2.009660e+01,2.014569e+01,2.021578e+01,2.024380e+01,2.008257e+01,2.025781e+01,2.017373e+01,2.023680e+01,2.025080e+01,2.022979e+01,2.017373e+01,2.030682e+01,2.020177e+01,2.018074e+01,2.022278e+01,2.038379e+01,2.029282e+01,2.028582e+01,2.022979e+01,2.039078e+01,2.027881e+01,2.041176e+01,2.041875e+01,2.025080e+01,2.025781e+01,2.018775e+01,2.013868e+01,2.022979e+01,2.010362e+01,2.007556e+01,2.010362e+01,2.010362e+01,1.999835e+01,2.006854e+01,1.992811e+01,1.992811e+01,1.988594e+01,1.980156e+01,1.971006e+01,1.978749e+01,1.970302e+01,1.970302e+01,1.980859e+01,1.972414e+01,1.976638e+01,1.982969e+01,1.983673e+01,1.982266e+01,1.975230e+01,1.975934e+01,1.980859e+01,1.995621e+01,1.988594e+01,1.991406e+01,1.994919e+01,1.996324e+01,1.994216e+01,2.008959e+01,2.025080e+01,2.008257e+01,2.019476e+01,2.034881e+01,2.032082e+01,2.020877e+01,2.033481e+01,2.036280e+01,2.033481e+01,2.038379e+01,2.051660e+01,2.043274e+01,2.051660e+01,2.048865e+01,2.057944e+01,2.058643e+01,2.050961e+01,2.058643e+01,2.054453e+01,2.056548e+01,2.055850e+01,2.057246e+01,2.054453e+01,2.053057e+01,2.060039e+01,2.049564e+01,2.055850e+01,2.057246e+01,2.060039e+01,2.056548e+01,2.055152e+01,2.057246e+01,2.060736e+01,2.060736e+01,2.057246e+01,2.053057e+01,2.050961e+01,2.040477e+01,2.039078e+01,2.040477e+01,2.041176e+01,2.046070e+01,2.033481e+01,2.062132e+01,2.050961e+01,2.050961e+01,2.051660e+01,2.067713e+01,2.064923e+01,2.053755e+01,2.057944e+01,2.050961e+01,2.049564e+01,2.057944e+01,2.055152e+01,2.056548e+01,2.056548e+01,2.057246e+01,2.053755e+01,2.063528e+01,2.053057e+01,2.060039e+01,2.058643e+01,2.057246e+01,2.053057e+01,2.051660e+01,2.050961e+01,2.050262e+01,2.055850e+01,2.057246e+01,2.041176e+01,2.059340e+01,2.055850e+01,2.062132e+01,2.057944e+01,2.055850e+01,2.056548e+01,2.055850e+01,2.051660e+01,2.079562e+01,2.055850e+01,2.055152e+01,2.065621e+01,2.061434e+01,2.068410e+01,2.060736e+01,2.062132e+01,2.060039e+01,2.063528e+01,2.062132e+01,2.071897e+01,2.064225e+01,2.064923e+01,2.067016e+01,2.062132e+01,2.073988e+01,2.062132e+01,2.064225e+01,2.069805e+01,2.066318e+01,2.072594e+01,2.050961e+01,2.061434e+01,2.057944e+01,2.067713e+01,2.060039e+01,2.060736e+01,2.064923e+01,2.068410e+01,2.076775e+01,2.061434e+01,2.064923e+01,2.055850e+01,2.066318e+01,2.051660e+01,2.048865e+01,2.025080e+01,2.022278e+01,2.004749e+01,1.997026e+01,1.977341e+01,1.968893e+01,1.951975e+01,1.929374e+01,1.939975e+01,1.919469e+01,1.919469e+01,1.954092e+01,1.997026e+01,2.019476e+01,2.019476e+01,2.020177e+01,2.018775e+01,2.018775e+01,2.018074e+01,2.008959e+01,2.020877e+01,2.011764e+01,2.008257e+01,2.006854e+01,2.016672e+01,2.017373e+01,2.020877e+01,2.015270e+01,2.006152e+01,2.008257e+01,2.008257e+01,2.004749e+01,2.013868e+01,2.004749e+01,2.015971e+01,2.007556e+01,2.012466e+01,2.013167e+01,1.999133e+01,2.011764e+01,2.000537e+01,2.007556e+01,2.012466e+01,2.018074e+01,2.025080e+01,2.018074e+01,2.030682e+01,2.045371e+01,2.042575e+01,2.060039e+01,2.051660e+01,2.053755e+01,2.053755e+01,2.054453e+01,2.062132e+01,2.055152e+01,2.056548e+01,2.055152e+01,2.061434e+01,2.053057e+01,2.062132e+01,2.067713e+01,2.053755e+01,2.054453e+01,2.062830e+01,2.054453e+01,2.062830e+01,2.059340e+01,2.050961e+01,2.049564e+01,2.055152e+01,2.053755e+01,2.047468e+01,2.046769e+01,2.044672e+01,2.054453e+01,2.055850e+01,2.053057e+01,2.041176e+01,2.044672e+01,2.061434e+01,2.058643e+01,2.057246e+01,2.057944e+01,2.058643e+01,2.045371e+01,2.055152e+01,2.055850e+01,2.058643e+01,2.072594e+01,2.068410e+01,2.076079e+01,2.061434e+01,2.058643e+01,2.050961e+01,2.037679e+01,2.057246e+01,2.039078e+01,2.037679e+01,2.057944e+01,2.055850e+01,2.046769e+01,2.044672e+01,2.014569e+01,2.013868e+01,2.015270e+01,2.002643e+01,1.992109e+01,1.981563e+01,1.975230e+01,1.959028e+01,1.968893e+01,1.953386e+01,1.971710e+01,1.969597e+01,1.961847e+01,1.982266e+01,1.992811e+01,1.992109e+01,2.015270e+01,2.016672e+01,2.025781e+01,2.021578e+01,2.034881e+01,2.019476e+01,2.022278e+01,2.035581e+01,2.027181e+01,2.034181e+01,2.051660e+01,2.027181e+01,2.027881e+01,2.028582e+01,2.027181e+01,2.028582e+01,2.027181e+01,2.025781e+01,2.031382e+01,2.033481e+01,2.034181e+01,2.035581e+01,2.035581e+01,2.034181e+01,2.036980e+01,2.057246e+01,2.049564e+01,2.041176e+01,2.050961e+01,2.055152e+01,2.053057e+01,2.061434e+01,2.058643e+01,2.057944e+01,2.060736e+01,2.062132e+01,2.062132e+01,2.057246e+01,2.053755e+01,2.052358e+01,2.052358e+01,2.055850e+01,2.056548e+01,2.055850e+01,2.054453e+01,2.052358e+01,2.039078e+01,2.050262e+01,2.037679e+01,2.049564e+01,2.037679e+01,2.039078e+01,2.048166e+01,2.037679e+01,2.039078e+01,2.038379e+01,2.036280e+01,2.038379e+01,2.022278e+01,2.019476e+01,2.001941e+01,1.993514e+01,2.006152e+01,1.992109e+01,1.994919e+01,1.998431e+01,2.007556e+01,2.004047e+01,2.008257e+01,2.025080e+01,2.015270e+01,2.020177e+01,2.017373e+01,2.025080e+01,2.032782e+01,2.028582e+01,2.032082e+01,2.034881e+01,2.021578e+01,2.029282e+01,2.037679e+01,2.041875e+01,2.030682e+01,2.033481e+01,2.035581e+01,2.034181e+01,2.034181e+01,2.032082e+01,2.034181e+01,2.021578e+01,2.028582e+01,2.030682e+01,2.029982e+01,2.032782e+01,2.032082e+01,2.031382e+01,2.022278e+01,2.026481e+01,2.036280e+01,2.014569e+01,2.022278e+01,2.026481e+01,2.030682e+01,2.044672e+01,2.030682e+01,2.042575e+01,2.043274e+01,2.032782e+01,2.044672e+01,2.053755e+01,2.053057e+01,2.038379e+01,2.050262e+01,2.044672e+01,2.053057e+01,2.045371e+01,2.037679e+01,2.041875e+01,2.034181e+01,2.032082e+01,2.034181e+01,2.035581e+01,2.035581e+01,2.040477e+01,2.054453e+01,2.048865e+01,2.043274e+01,2.052358e+01,2.051660e+01,2.044672e+01,2.054453e+01,2.037679e+01,2.047468e+01,2.053057e+01,2.041176e+01,2.048166e+01,2.048166e+01,2.043973e+01,2.043973e+01,2.053755e+01,2.069108e+01,2.048865e+01,2.057944e+01,2.055850e+01,2.064225e+01,2.063528e+01,2.063528e+01,2.043973e+01,2.046070e+01,2.050961e+01,2.052358e+01,2.056548e+01,2.050961e+01,2.050961e+01,2.057246e+01,2.065621e+01,2.058643e+01,2.059340e+01,2.056548e+01,2.059340e+01,2.057246e+01,2.056548e+01,2.050961e+01,2.048166e+01,2.051660e+01,2.052358e+01,2.048166e+01,2.053755e+01,2.057246e+01,2.069108e+01,2.082348e+01,2.084437e+01,2.087918e+01,2.084437e+01,2.088614e+01,2.090702e+01,2.085134e+01,2.091398e+01,2.097658e+01,2.090006e+01,2.079562e+01,2.085830e+01,2.078866e+01,2.082348e+01,2.085134e+01,2.086526e+01,2.086526e+01,2.083045e+01,2.089310e+01,2.087918e+01,2.093485e+01,2.079562e+01,2.091398e+01,2.090006e+01,2.092789e+01,2.083045e+01,2.085134e+01,2.086526e+01,2.082348e+01,2.084437e+01,2.092093e+01,2.091398e+01,2.090006e+01,2.084437e+01,2.083741e+01,2.086526e+01,2.085830e+01,2.089310e+01,2.101134e+01,2.090702e+01,2.083045e+01,2.092789e+01,2.080259e+01,2.089310e+01,2.092093e+01,2.086526e+01,2.091398e+01,2.085830e+01,2.080259e+01,2.094876e+01,2.087918e+01,2.091398e+01,2.088614e+01,2.092789e+01,2.098353e+01,2.095572e+01,2.084437e+01,2.069108e+01,2.092789e+01,2.094876e+01,2.099048e+01,2.096267e+01,2.099048e+01,2.099048e+01,2.097658e+01,2.085830e+01,2.091398e+01,2.107388e+01,2.094876e+01,2.092789e+01,2.104609e+01,2.100439e+01,2.091398e+01,2.080955e+01,2.064225e+01,2.053755e+01,2.053057e+01,2.060736e+01,2.071200e+01,2.063528e+01,2.060736e+01,2.078169e+01,2.055152e+01,2.057944e+01
2.076079e+01,2.071897e+01,2.067016e+01,2.064923e+01,2.075382e+01,2.063528e+01,2.060039e+01,2.073988e+01,2.056548e+01,2.065621e+01,2.069805e+01,2.064225e+01,2.073988e+01,2.032782e+01,2.039078e+01,2.040477e+01,2.031382e+01,2.029982e+01,2.039078e+01,2.036280e+01,2.029282e+01,2.037679e+01,2.026481e+01,2.027181e+01,2.027181e+01,2.032082e+01,2.028582e+01,2.016672e+01,2.029982e+01,2.022979e+01,2.025080e+01,2.029982e+01,2.034181e+01,2.019476e+01,2.031382e+01,2.028582e+01,2.025781e+01,2.025080e+01,2.027181e+01,2.017373e+01,2.023680e+01,2.029282e+01,2.021578e+01,2.017373e+01,2.018775e+01,2.022979e+01,2.015270e+01,2.017373e+01,2.006152e+01,2.010362e+01,2.007556e+01,1.994919e+01,2.017373e+01,1.996324e+01,1.997026e+01,1.995621e+01,1.999133e+01,1.993514e+01,1.997728e+01,1.991406e+01,1.995621e+01,1.987892e+01,2.001239e+01,1.998431e+01,1.990703e+01,1.984376e+01,1.986485e+01,1.992811e+01,1.992811e+01,2.008257e+01,2.001941e+01,1.990000e+01,1.997026e+01,2.004047e+01,2.002643e+01,1.999835e+01,1.997026e+01,2.006152e+01,2.001239e+01,1.999835e+01,2.004749e+01,2.011063e+01,2.015971e+01,2.020177e+01,2.010362e+01,2.013167e+01,2.018074e+01,2.014569e+01,2.026481e+01,2.010362e+01,2.005451e+01,2.022979e+01,2.015971e+01,2.020177e+01,2.027881e+01,2.004749e+01,2.004047e+01,2.022278e+01,2.016672e+01,2.023680e+01,2.018775e+01,2.018074e+01,2.023680e+01,2.022979e+01,2.025781e+01,2.018074e+01,2.026481e+01,2.020177e+01,2.031382e+01,2.032082e+01,2.029982e+01,2.035581e+01,2.040477e+01,2.030682e+01,2.031382e+01,2.036280e+01,2.031382e+01,2.024380e+01,2.013167e+01,2.025781e+01,2.014569e+01,2.012466e+01,2.010362e+01,2.001239e+01,2.006854e+01,2.002643e+01,1.989297e+01,1.987892e+01,1.990703e+01,1.987892e+01,1.980156e+01,1.982969e+01,1.987189e+01,1.970302e+01,1.980156e+01,1.973822e+01,1.966076e+01,1.973118e+01,1.970302e+01,1.975230e+01,1.984376e+01,1.972414e+01,1.972414e+01,1.983673e+01,1.990000e+01,1.997026e+01,1.990000e+01,1.997026e+01,1.997728e+01,2.003345e+01,2.024380e+01,2.016672e+01,2.014569e+01,2.018074e+01,2.026481e+01,2.026481e+01,2.021578e+01,2.035581e+01,2.036980e+01,2.035581e+01,2.039778e+01,2.041176e+01,2.055152e+01,2.059340e+01,2.053057e+01,2.055152e+01,2.059340e+01,2.057246e+01,2.061434e+01,2.057944e+01,2.055850e+01,2.055152e+01,2.056548e+01,2.056548e+01,2.054453e+01,2.046070e+01,2.048166e+01,2.066318e+01,2.061434e+01,2.057246e+01,2.056548e+01,2.050961e+01,2.062132e+01,2.061434e+01,2.050262e+01,2.057944e+01,2.062132e+01,2.040477e+01,2.055152e+01,2.062830e+01,2.039778e+01,2.042575e+01,2.048166e+01,2.050961e+01,2.046769e+01,2.054453e+01,2.050961e+01,2.050262e+01,2.050262e+01,2.051660e+01,2.057246e+01,2.059340e+01,2.057944e+01,2.052358e+01,2.055152e+01,2.055152e+01,2.057944e+01,2.060039e+01,2.067016e+01,2.053057e+01,2.055152e+01,2.056548e+01,2.067016e+01,2.057246e+01,2.055152e+01,2.060736e+01,2.047468e+01,2.062830e+01,2.056548e+01,2.055152e+01,2.058643e+01,2.047468e+01,2.056548e+01,2.055850e+01,2.058643e+01,2.053755e+01,2.051660e+01,2.055152e+01,2.057246e+01,2.057246e+01,2.056548e+01,2.058643e+01,2.058643e+01,2.057944e+01,2.054453e+01,2.062132e+01,2.060039e+01,2.061434e+01,2.060039e+01,2.072594e+01,2.063528e+01,2.061434e+01,2.062830e+01,2.065621e+01,2.062132e+01,2.067713e+01,2.058643e+01,2.065621e+01,2.060039e+01,2.071897e+01,2.062132e+01,2.069108e+01,2.069805e+01,2.067713e+01,2.056548e+01,2.061434e+01,2.066318e+01,2.061434e+01,2.071200e+01,2.063528e+01,2.071200e+01,2.064225e+01,2.061434e+01,2.061434e+01,2.057246e+01,2.049564e+01,2.024380e+01,2.022979e+01,2.021578e+01,1.997728e+01,1.980156e+01,1.979452e+01,1.973118e+01,1.935736e+01,1.927959e+01,1.929374e+01,1.923008e+01,1.925838e+01,1.993514e+01,2.019476e+01,2.020877e+01,2.020177e+01,2.018775e+01,2.018074e+01,2.018775e+01,2.020177e+01,2.013868e+01,2.008257e+01,2.011063e+01,2.013868e+01,2.018074e+01,2.019476e+01,2.018775e+01,2.004749e+01,2.006854e+01,2.013868e+01,2.013167e+01,2.018074e+01,2.007556e+01,2.015270e+01,2.005451e+01,2.006152e+01,2.020177e+01,2.001941e+01,1.999133e+01,2.013167e+01,2.011063e+01,2.008257e+01,2.007556e+01,2.010362e+01,2.013167e+01,2.021578e+01,2.039778e+01,2.024380e+01,2.034881e+01,2.044672e+01,2.038379e+01,2.048865e+01,2.046769e+01,2.057246e+01,2.060736e+01,2.050961e+01,2.053057e+01,2.064923e+01,2.055850e+01,2.063528e+01,2.053755e+01,2.054453e+01,2.041875e+01,2.060039e+01,2.055850e+01,2.064923e+01,2.060039e+01,2.048865e+01,2.047468e+01,2.045371e+01,2.048166e+01,2.048166e+01,2.042575e+01,2.046769e+01,2.045371e+01,2.051660e+01,2.053057e+01,2.058643e+01,2.057944e+01,2.055152e+01,2.046070e+01,2.054453e+01,2.053057e+01,2.054453e+01,2.056548e+01,2.057944e+01,2.055152e+01,2.053755e+01,2.054453e+01,2.061434e+01,2.055152e+01,2.061434e+01,2.050961e+01,2.053755e+01,2.054453e+01,2.043973e+01,2.050262e+01,2.048865e+01,2.043973e+01,2.036980e+01,2.031382e+01,2.035581e+01,2.019476e+01,2.034881e+01,2.013167e+01,2.015270e+01,1.995621e+01,1.994919e+01,1.985079e+01,1.980859e+01,1.965371e+01,1.960438e+01,1.956913e+01,1.972414e+01,1.954092e+01,1.966076e+01,1.979452e+01,1.992811e+01,1.991406e+01,2.022278e+01,2.020877e+01,2.019476e+01,2.020877e+01,2.025080e+01,2.030682e+01,2.033481e+01,2.041176e+01,2.040477e+01,2.030682e+01,2.033481e+01,2.029282e+01,2.022278e+01,2.038379e+01,2.035581e+01,2.029282e+01,2.020177e+01,2.017373e+01,2.021578e+01,2.031382e+01,2.033481e+01,2.034181e+01,2.032782e+01,2.035581e+01,2.041176e+01,2.041176e+01,2.046769e+01,2.048865e+01,2.041176e+01,2.049564e+01,2.049564e+01,2.047468e+01,2.057944e+01,2.048166e+01,2.059340e+01,2.060736e+01,2.047468e+01,2.050961e+01,2.057246e+01,2.050961e+01,2.050961e+01,2.052358e+01,2.044672e+01,2.052358e+01,2.048166e+01,2.041875e+01,2.043973e+01,2.048865e+01,2.048166e+01,2.047468e+01,2.027181e+01,2.042575e+01,2.048166e+01,2.030682e+01,2.041875e+01,2.041176e+01,2.036980e+01,2.036280e+01,2.022979e+01,2.014569e+01,2.004047e+01,2.000537e+01,1.997728e+01,2.002643e+01,2.001239e+01,1.999133e+01,2.004047e+01,2.005451e+01,2.007556e+01,2.004047e+01,2.005451e+01,2.021578e+01,2.034881e+01,2.026481e+01,2.029982e+01,2.032782e+01,2.027881e+01,2.030682e+01,2.035581e+01,2.035581e+01,2.029282e+01,2.033481e+01,2.029982e+01,2.033481e+01,2.029982e+01,2.030682e+01,2.035581e+01,2.030682e+01,2.027881e+01,2.029282e+01,2.029982e+01,2.028582e+01,2.032082e+01,2.024380e+01,2.025080e+01,2.030682e+01,2.030682e+01,2.009660e+01,2.030682e+01,2.013868e+01,2.020177e+01,2.018775e+01,2.015270e+01,2.026481e+01,2.039778e+01,2.040477e+01,2.040477e+01,2.035581e+01,2.041875e+01,2.047468e+01,2.046769e+01,2.050961e+01,2.027881e+01,2.046070e+01,2.049564e+01,2.047468e+01,2.049564e+01,2.046070e+01,2.037679e+01,2.039078e+01,2.045371e+01,2.029982e+01,2.043274e+01,2.048865e+01,2.039778e+01,2.038379e+01,2.044672e+01,2.055152e+01,2.048865e+01,2.039778e+01,2.050262e+01,2.053057e+01,2.050961e+01,2.036980e+01,2.049564e+01,2.045371e+01,2.039778e+01,2.044672e+01,2.041176e+01,2.051660e+01,2.054453e+01,2.052358e+01,2.048166e+01,2.054453e+01,2.054453e+01,2.060039e+01,2.065621e+01,2.081652e+01,2.076079e+01,2.061434e+01,2.056548e+01,2.060736e+01,2.053755e+01,2.050262e+01,2.060039e+01,2.055152e+01,2.056548e+01,2.053057e+01,2.057944e+01,2.061434e+01,2.036280e+01,2.061434e+01,2.050961e+01,2.058643e+01,2.050961e+01,2.051660e+01,2.048166e+01,2.066318e+01,2.055850e+01,2.062830e+01,2.065621e+01,2.073988e+01,2.088614e+01,2.095572e+01,2.088614e+01,2.094876e+01,2.085830e+01,2.091398e+01,2.083045e+01,2.090006e+01,2.090702e+01,2.090006e+01,2.094876e+01,2.092789e+01,2.090006e+01,2.085830e+01,2.085134e+01,2.089310e+01,2.087222e+01,2.085830e+01,2.087918e+01,2.084437e+01,2.091398e+01,2.087222e+01,2.090702e+01,2.097658e+01,2.083741e+01,2.092789e+01,2.083741e+01,2.091398e+01,2.072594e+01,2.089310e+01,2.080955e+01,2.086526e+01,2.082348e+01,2.087918e+01,2.087918e+01,2.083045e+01,2.096267e+01,2.096267e+01,2.090702e+01,2.085830e+01,2.074685e+01,2.080955e+01,2.091398e+01,2.090006e+01,2.090702e+01,2.090006e+01,2.079562e+01,2.108777e+01,2.089310e+01,2.085830e+01,2.090006e+01,2.090006e+01,2.093485e+01,2.088614e+01,2.083045e+01,2.092093e+01,2.095572e+01,2.088614e+01,2.094180e+01,2.100439e+01,2.090006e+01,2.094180e+01,2.099744e+01,2.087222e+01,2.085830e+01,2.087918e+01,2.108083e+01,2.102524e+01,2.092093e+01,2.107388e+01,2.105999e+01,2.102524e+01,2.071897e+01,2.077472e+01,2.067713e+01,2.056548e+01,2.067016e+01,2.068410e+01,2.068410e+01,2.063528e+01,2.071897e+01,2.071200e+01,2.069108e+01
2.062132e+01,2.076079e+01,2.065621e+01,2.067713e+01,2.063528e+01,2.074685e+01,2.071897e+01,2.071200e+01,2.072594e+01,2.076079e+01,2.064225e+01,2.064923e+01,2.041875e+01,2.043973e+01,2.043973e+01,2.030682e+01,2.046769e+01,2.030682e+01,2.037679e+01,2.036280e+01,2.024380e+01,2.038379e+01,2.026481e+01,2.028582e+01,2.022278e+01,2.026481e+01,2.036980e+01,2.041176e+01,2.015971e+01,2.035581e+01,2.027181e+01,2.027181e+01,2.022979e+01,2.022278e+01,2.025080e+01,2.014569e+01,2.025781e+01,2.020877e+01,2.028582e+01,2.021578e+01,2.029282e+01,2.020177e+01,2.023680e+01,2.023680e+01,2.020877e+01,2.026481e+01,2.018074e+01,2.027181e+01,2.025080e+01,2.011063e+01,2.005451e+01,2.000537e+01,2.015971e+01,2.007556e+01,2.000537e+01,2.006854e+01,1.997026e+01,1.997026e+01,2.002643e+01,1.995621e+01,1.994919e+01,1.999835e+01,1.978749e+01,1.994919e+01,1.999133e+01,1.996324e+01,1.983673e+01,1.991406e+01,1.990000e+01,1.992109e+01,1.992109e+01,1.991406e+01,1.990000e+01,1.997728e+01,1.992109e+01,2.005451e+01,2.002643e+01,2.003345e+01,2.001941e+01,2.000537e+01,2.018074e+01,2.015971e+01,2.004047e+01,2.013167e+01,2.018775e+01,2.021578e+01,2.020177e+01,2.017373e+01,2.020177e+01,2.022278e+01,2.018074e+01,2.008959e+01,2.005451e+01,2.005451e+01,2.008959e+01,2.006854e+01,2.022278e+01,2.026481e+01,2.017373e+01,2.018074e+01,2.027881e+01,2.021578e+01,2.022979e+01,2.020177e+01,2.034881e+01,2.020877e+01,2.023680e+01,2.027181e+01,2.026481e+01,2.039778e+01,2.035581e+01,2.027181e+01,2.036980e+01,2.026481e+01,2.024380e+01,2.021578e+01,2.011764e+01,2.013167e+01,2.019476e+01,2.018074e+01,2.015971e+01,2.009660e+01,2.010362e+01,1.997728e+01,1.999835e+01,1.994919e+01,1.995621e+01,1.987189e+01,1.994216e+01,1.985782e+01,1.987189e+01,1.978045e+01,1.986485e+01,1.971710e+01,1.977341e+01,1.975934e+01,1.978749e+01,1.980156e+01,1.981563e+01,1.970302e+01,1.987189e+01,1.982266e+01,1.977341e+01,1.976638e+01,1.990000e+01,1.993514e+01,1.998431e+01,1.999133e+01,1.994919e+01,2.007556e+01,2.005451e+01,2.010362e+01,2.021578e+01,2.030682e+01,2.024380e+01,2.029282e+01,2.029982e+01,2.039778e+01,2.051660e+01,2.037679e+01,2.042575e+01,2.047468e+01,2.045371e+01,2.050262e+01,2.056548e+01,2.050961e+01,2.063528e+01,2.062132e+01,2.057944e+01,2.061434e+01,2.055152e+01,2.059340e+01,2.058643e+01,2.056548e+01,2.053057e+01,2.045371e+01,2.052358e+01,2.051660e+01,2.058643e+01,2.055152e+01,2.055152e+01,2.054453e+01,2.060039e+01,2.057246e+01,2.061434e+01,2.057944e+01,2.053755e+01,2.055152e+01,2.052358e+01,2.048166e+01,2.044672e+01,2.042575e+01,2.046070e+01,2.043973e+01,2.058643e+01,2.050961e+01,2.060736e+01,2.061434e+01,2.050961e+01,2.048865e+01,2.055850e+01,2.049564e+01,2.046769e+01,2.051660e+01,2.061434e+01,2.052358e+01,2.050961e+01,2.064225e+01,2.053057e+01,2.055152e+01,2.068410e+01,2.054453e+01,2.062132e+01,2.066318e+01,2.048865e+01,2.060736e+01,2.058643e+01,2.050961e+01,2.054453e+01,2.054453e+01,2.059340e+01,2.057944e+01,2.043973e+01,2.057246e+01,2.060039e+01,2.061434e+01,2.051660e+01,2.054453e+01,2.060736e+01,2.056548e+01,2.048865e+01,2.057944e+01,2.059340e+01,2.059340e+01,2.059340e+01,2.059340e+01,2.058643e+01,2.062132e+01,2.065621e+01,2.053755e+01,2.063528e+01,2.064923e+01,2.062830e+01,2.062132e+01,2.064923e+01,2.061434e+01,2.065621e+01,2.064923e+01,2.071200e+01,2.073291e+01,2.076775e+01,2.060736e+01,2.070502e+01,2.070502e+01,2.069805e+01,2.061434e+01,2.058643e+01,2.065621e+01,2.066318e+01,2.070502e+01,2.062830e+01,2.068410e+01,2.055850e+01,2.053755e+01,2.058643e+01,2.048166e+01,2.028582e+01,2.011063e+01,2.006152e+01,2.001239e+01,1.970302e+01,1.975934e+01,1.969597e+01,1.930081e+01,1.927252e+01,1.939268e+01,1.930081e+01,1.956913e+01,2.001239e+01,2.029282e+01,2.020177e+01,2.021578e+01,2.018074e+01,2.020877e+01,2.032782e+01,2.017373e+01,2.015270e+01,2.013868e+01,2.015270e+01,2.013868e+01,2.010362e+01,2.013167e+01,2.006152e+01,2.004749e+01,2.015270e+01,2.012466e+01,2.008959e+01,2.007556e+01,2.014569e+01,2.009660e+01,2.013167e+01,2.009660e+01,2.012466e+01,2.015270e+01,2.003345e+01,2.001239e+01,2.011063e+01,2.006152e+01,2.008959e+01,2.008257e+01,2.022979e+01,2.020177e+01,2.020877e+01,2.040477e+01,2.028582e+01,2.048166e+01,2.045371e+01,2.047468e+01,2.055152e+01,2.050961e+01,2.052358e+01,2.053057e+01,2.057944e+01,2.059340e+01,2.053755e+01,2.052358e+01,2.054453e+01,2.053755e+01,2.055152e+01,2.061434e+01,2.047468e+01,2.060039e+01,2.051660e+01,2.051660e+01,2.058643e+01,2.049564e+01,2.044672e+01,2.053057e+01,2.039078e+01,2.045371e+01,2.042575e+01,2.040477e+01,2.053755e+01,2.055152e+01,2.057246e+01,2.045371e+01,2.053755e+01,2.056548e+01,2.057246e+01,2.051660e+01,2.055850e+01,2.051660e+01,2.062132e+01,2.050961e+01,2.051660e+01,2.051660e+01,2.060736e+01,2.056548e+01,2.057246e+01,2.055152e+01,2.053057e+01,2.039778e+01,2.049564e+01,2.055152e+01,2.037679e+01,2.046769e+01,2.040477e+01,2.026481e+01,2.030682e+01,2.027881e+01,2.014569e+01,2.001941e+01,1.993514e+01,1.979452e+01,1.966780e+01,1.966076e+01,1.963962e+01,1.973118e+01,1.965371e+01,1.962552e+01,1.973822e+01,1.986485e+01,1.993514e+01,1.994919e+01,2.019476e+01,2.022278e+01,2.023680e+01,2.026481e+01,2.026481e+01,2.025781e+01,2.020877e+01,2.034881e+01,2.037679e+01,2.034881e+01,2.036280e+01,2.028582e+01,2.033481e+01,2.028582e+01,2.030682e+01,2.033481e+01,2.015971e+01,2.029282e+01,2.015971e+01,2.017373e+01,2.025080e+01,2.029282e+01,2.033481e+01,2.032782e+01,2.031382e+01,2.037679e+01,2.049564e+01,2.055152e+01,2.040477e+01,2.055152e+01,2.057246e+01,2.052358e+01,2.058643e+01,2.064225e+01,2.051660e+01,2.059340e+01,2.055152e+01,2.045371e+01,2.049564e+01,2.055850e+01,2.057944e+01,2.051660e+01,2.053755e+01,2.054453e+01,2.052358e+01,2.053755e+01,2.044672e+01,2.054453e+01,2.046070e+01,2.041176e+01,2.037679e+01,2.047468e+01,2.047468e+01,2.046070e+01,2.046769e+01,2.036280e+01,2.045371e+01,2.032782e+01,2.022278e+01,2.023680e+01,2.009660e+01,2.014569e+01,2.004749e+01,2.001239e+01,1.994919e+01,1.992811e+01,2.001239e+01,1.992811e+01,1.995621e+01,2.003345e+01,2.011764e+01,2.014569e+01,2.030682e+01,2.035581e+01,2.029982e+01,2.031382e+01,2.031382e+01,2.027181e+01,2.026481e+01,2.029982e+01,2.041176e+01,2.034181e+01,2.033481e+01,2.032782e+01,2.039078e+01,2.030682e+01,2.036280e+01,2.034881e+01,2.035581e+01,2.030682e+01,2.029982e+01,2.027881e+01,2.029982e+01,2.025080e+01,2.022979e+01,2.033481e+01,2.021578e+01,2.023680e+01,2.027181e+01,2.027881e+01,2.020177e+01,2.017373e+01,2.020177e+01,2.020877e+01,2.032082e+01,2.049564e+01,2.021578e+01,2.032082e+01,2.041875e+01,2.039778e+01,2.046070e+01,2.046769e+01,2.052358e+01,2.047468e+01,2.050262e+01,2.048865e+01,2.057944e+01,2.055850e+01,2.041176e+01,2.044672e+01,2.038379e+01,2.032082e+01,2.040477e+01,2.031382e+01,2.054453e+01,2.036280e+01,2.040477e+01,2.039778e+01,2.053755e+01,2.049564e+01,2.049564e+01,2.036280e+01,2.050262e+01,2.048166e+01,2.043973e+01,2.040477e+01,2.051660e+01,2.037679e+01,2.051660e+01,2.050262e+01,2.053755e+01,2.052358e+01,2.045371e+01,2.071897e+01,2.049564e+01,2.057944e+01,2.067016e+01,2.062830e+01,2.070502e+01,2.070502e+01,2.090702e+01,2.087918e+01,2.060736e+01,2.060039e+01,2.064225e+01,2.059340e+01,2.060736e+01,2.077472e+01,2.058643e+01,2.043973e+01,2.046070e+01,2.057944e+01,2.060039e+01,2.059340e+01,2.054453e+01,2.058643e+01,2.046070e+01,2.053755e+01,2.067016e+01,2.063528e+01,2.069108e+01,2.096267e+01,2.080955e+01,2.072594e+01,2.095572e+01,2.085134e+01,2.081652e+01,2.080955e+01,2.089310e+01,2.087918e+01,2.092093e+01,2.090702e+01,2.087918e+01,2.085134e+01,2.083741e+01,2.081652e+01,2.083045e+01,2.091398e+01,2.088614e+01,2.090702e+01,2.090006e+01,2.084437e+01,2.085830e+01,2.092789e+01,2.087222e+01,2.083045e+01,2.089310e+01,2.087222e+01,2.082348e+01,2.080955e+01,2.085134e+01,2.094180e+01,2.085830e+01,2.083045e+01,2.084437e+01,2.083741e+01,2.085134e+01,2.084437e+01,2.083741e+01,2.090702e+01,2.086526e+01,2.080259e+01,2.072594e+01,2.083045e+01,2.088614e+01,2.101134e+01,2.086526e+01,2.091398e+01,2.090006e+01,2.080259e+01,2.087222e+01,2.078169e+01,2.085134e+01,2.087918e+01,2.096267e+01,2.081652e+01,2.096267e+01,2.095572e+01,2.083045e+01,2.095572e+01,2.087918e+01,2.099744e+01,2.081652e+01,2.091398e+01,2.085830e+01,2.097658e+01,2.099744e+01,2.098353e+01,2.103914e+01,2.102524e+01,2.099048e+01,2.105999e+01,2.108777e+01,2.099048e+01,2.103219e+01,2.076079e+01,2.066318e+01,2.048166e+01,2.059340e+01,2.060039e+01,2.071200e+01,2.078169e+01,2.086526e+01,2.073988e+01,2.071200e+01,2.069805e+01
2.071897e+01,2.076775e+01,2.073988e+01,2.069108e+01,2.069805e+01,2.073291e+01,2.069108e+01,2.068410e+01,2.065621e+01,2.071897e+01,2.063528e+01,2.065621e+01,2.065621e+01,2.035581e+01,2.034181e+01,2.036280e+01,2.043274e+01,2.038379e+01,2.035581e+01,2.036280e+01,2.029982e+01,2.027181e+01,2.039078e+01,2.037679e+01,2.032082e+01,2.035581e+01,2.021578e+01,2.023680e+01,2.027181e+01,2.024380e+01,2.039778e+01,2.023680e+01,2.032082e+01,2.025080e+01,2.029282e+01,2.018074e+01,2.022278e+01,2.023680e+01,2.029982e+01,2.020877e+01,2.032082e+01,2.023680e+01,2.029282e+01,2.029282e+01,2.019476e+01,2.018074e+01,2.029982e+01,2.028582e+01,2.015971e+01,2.015971e+01,2.020877e+01,2.015270e+01,2.018775e+01,2.013167e+01,1.998431e+01,2.006854e+01,2.008257e+01,2.004749e+01,1.997728e+01,2.002643e+01,2.003345e+01,2.001941e+01,2.004749e+01,2.001239e+01,1.998431e+01,1.995621e+01,1.996324e+01,1.992811e+01,1.990000e+01,1.993514e+01,1.988594e+01,1.998431e+01,1.986485e+01,2.007556e+01,2.002643e+01,2.001239e+01,1.995621e+01,1.999133e+01,2.011764e+01,2.013167e+01,2.010362e+01,2.015270e+01,2.007556e+01,2.003345e+01,2.016672e+01,2.015971e+01,2.019476e+01,2.015971e+01,2.014569e+01,2.019476e+01,2.021578e+01,2.022278e+01,2.021578e+01,2.013167e+01,2.013868e+01,2.015971e+01,2.013167e+01,2.013167e+01,2.012466e+01,2.023680e+01,2.027881e+01,2.027881e+01,2.023680e+01,2.024380e+01,2.019476e+01,2.030682e+01,2.022278e+01,2.023680e+01,2.031382e+01,2.031382e+01,2.022278e+01,2.027181e+01,2.024380e+01,2.016672e+01,2.025080e+01,2.025080e+01,2.024380e+01,2.013868e+01,2.014569e+01,2.008257e+01,2.018775e+01,2.013868e+01,2.007556e+01,2.008959e+01,2.006152e+01,2.002643e+01,1.988594e+01,1.995621e+01,1.980859e+01,1.981563e+01,1.978045e+01,1.979452e+01,1.975230e+01,1.975934e+01,1.973118e+01,1.978045e+01,1.982266e+01,1.982266e+01,1.979452e+01,1.966780e+01,1.970302e+01,1.975230e+01,1.975230e+01,1.996324e+01,1.981563e+01,1.998431e+01,1.997728e+01,1.998431e+01,1.996324e+01,2.004749e+01,2.014569e+01,2.017373e+01,2.023680e+01,2.024380e+01,2.034181e+01,2.036280e+01,2.034881e+01,2.039778e+01,2.032082e+01,2.032082e+01,2.037679e+01,2.046769e+01,2.051660e+01,2.062830e+01,2.048865e+01,2.056548e+01,2.060736e+01,2.058643e+01,2.056548e+01,2.058643e+01,2.050961e+01,2.067713e+01,2.055850e+01,2.047468e+01,2.049564e+01,2.048865e+01,2.073988e+01,2.052358e+01,2.057944e+01,2.057944e+01,2.055152e+01,2.051660e+01,2.046769e+01,2.045371e+01,2.044672e+01,2.057246e+01,2.045371e+01,2.054453e+01,2.057246e+01,2.053057e+01,2.049564e+01,2.053755e+01,2.052358e+01,2.045371e+01,2.055850e+01,2.055152e+01,2.049564e+01,2.057246e+01,2.048166e+01,2.046070e+01,2.051660e+01,2.053755e+01,2.054453e+01,2.047468e+01,2.048166e+01,2.048166e+01,2.057246e+01,2.063528e+01,2.055850e+01,2.069108e+01,2.062132e+01,2.060039e+01,2.055850e+01,2.043274e+01,2.060736e+01,2.057246e+01,2.053057e+01,2.057246e+01,2.050262e+01,2.053755e+01,2.048865e+01,2.059340e+01,2.055152e+01,2.055152e+01,2.055850e+01,2.054453e+01,2.050961e+01,2.055152e+01,2.059340e+01,2.060039e+01,2.048166e+01,2.061434e+01,2.055850e+01,2.060736e+01,2.060039e+01,2.063528e+01,2.057246e+01,2.055850e+01,2.062132e+01,2.057944e+01,2.060736e+01,2.064225e+01,2.078169e+01,2.065621e+01,2.063528e+01,2.064923e+01,2.056548e+01,2.073291e+01,2.062830e+01,2.064923e+01,2.070502e+01,2.068410e+01,2.057944e+01,2.065621e+01,2.056548e+01,2.068410e+01,2.065621e+01,2.062830e+01,2.063528e+01,2.062132e+01,2.059340e+01,2.066318e+01,2.060039e+01,2.049564e+01,2.059340e+01,2.050961e+01,2.046070e+01,2.008257e+01,2.004047e+01,1.985079e+01,1.972414e+01,1.974526e+01,1.964666e+01,1.932202e+01,1.936442e+01,1.942093e+01,1.947742e+01,1.997728e+01,1.999133e+01,2.022979e+01,2.022979e+01,2.022979e+01,2.018074e+01,2.023680e+01,2.015270e+01,2.020177e+01,2.015270e+01,2.018775e+01,2.009660e+01,2.014569e+01,2.019476e+01,2.018074e+01,2.016672e+01,2.015270e+01,2.013167e+01,1.995621e+01,2.011764e+01,2.011063e+01,2.016672e+01,2.004749e+01,2.006854e+01,1.994216e+01,2.015270e+01,2.015270e+01,2.009660e+01,2.010362e+01,2.020877e+01,2.008257e+01,2.013868e+01,2.020177e+01,2.018775e+01,2.024380e+01,2.026481e+01,2.017373e+01,2.013167e+01,2.039778e+01,2.039078e+01,2.055152e+01,2.048166e+01,2.040477e+01,2.053057e+01,2.050262e+01,2.051660e+01,2.060039e+01,2.056548e+01,2.059340e+01,2.053057e+01,2.055152e+01,2.055850e+01,2.061434e+01,2.056548e+01,2.057246e+01,2.062830e+01,2.060039e+01,2.050262e+01,2.048865e+01,2.047468e+01,2.046070e+01,2.045371e+01,2.048166e+01,2.044672e+01,2.038379e+01,2.045371e+01,2.045371e+01,2.057246e+01,2.058643e+01,2.053755e+01,2.041875e+01,2.043973e+01,2.060039e+01,2.052358e+01,2.059340e+01,2.052358e+01,2.062132e+01,2.058643e+01,2.057944e+01,2.051660e+01,2.048166e+01,2.062830e+01,2.050961e+01,2.047468e+01,2.050961e+01,2.052358e+01,2.045371e+01,2.043274e+01,2.046070e+01,2.031382e+01,2.029282e+01,2.020177e+01,2.016672e+01,1.991406e+01,2.000537e+01,1.984376e+01,1.982969e+01,1.977341e+01,1.978045e+01,1.964666e+01,1.968893e+01,1.978045e+01,1.966076e+01,1.977341e+01,1.997728e+01,2.011063e+01,2.006152e+01,2.022278e+01,2.023680e+01,2.025080e+01,2.029282e+01,2.041875e+01,2.041875e+01,2.028582e+01,2.038379e+01,2.040477e+01,2.041176e+01,2.041875e+01,2.028582e+01,2.036980e+01,2.048166e+01,2.032082e+01,2.032082e+01,2.020177e+01,2.018775e+01,2.005451e+01,2.018074e+01,2.029982e+01,2.026481e+01,2.022979e+01,2.032782e+01,2.032082e+01,2.032782e+01,2.048166e+01,2.046769e+01,2.041875e+01,2.044672e+01,2.059340e+01,2.064225e+01,2.057944e+01,2.055850e+01,2.055850e+01,2.049564e+01,2.048166e+01,2.043973e+01,2.054453e+01,2.059340e+01,2.052358e+01,2.053057e+01,2.050961e+01,2.054453e+01,2.053057e+01,2.050961e+01,2.047468e+01,2.041176e+01,2.045371e+01,2.046070e+01,2.044672e+01,2.045371e+01,2.043973e+01,2.048166e+01,2.043973e+01,2.031382e+01,2.040477e+01,2.018074e+01,2.020877e+01,2.022278e+01,2.006854e+01,2.015971e+01,1.999133e+01,1.998431e+01,2.004749e+01,2.006854e+01,1.993514e+01,2.001239e+01,2.014569e+01,2.019476e+01,2.022278e+01,2.019476e+01,2.039078e+01,2.020177e+01,2.036280e+01,2.034881e+01,2.033481e+01,2.033481e+01,2.032082e+01,2.027881e+01,2.036280e+01,2.046769e+01,2.031382e+01,2.030682e+01,2.031382e+01,2.037679e+01,2.040477e+01,2.032082e+01,2.029282e+01,2.040477e+01,2.039778e+01,2.031382e+01,2.034181e+01,2.029282e+01,2.029982e+01,2.027881e+01,2.028582e+01,2.029282e+01,2.032082e+01,2.023680e+01,2.022979e+01,2.013868e+01,2.018775e+01,2.021578e+01,2.030682e+01,2.019476e+01,2.032082e+01,2.034881e+01,2.042575e+01,2.030682e+01,2.048865e+01,2.048166e+01,2.048865e+01,2.048865e+01,2.049564e+01,2.047468e+01,2.045371e+01,2.043274e+01,2.041875e+01,2.044672e+01,2.036980e+01,2.037679e+01,2.029982e+01,2.037679e+01,2.037679e+01,2.029282e+01,2.036980e+01,2.048865e+01,2.048166e+01,2.048865e+01,2.046769e+01,2.046769e+01,2.045371e+01,2.049564e+01,2.053057e+01,2.039778e+01,2.040477e+01,2.040477e+01,2.039078e+01,2.053755e+01,2.046070e+01,2.045371e+01,2.053755e+01,2.054453e+01,2.055152e+01,2.062132e+01,2.076079e+01,2.094876e+01,2.080259e+01,2.069108e+01,2.090006e+01,2.090006e+01,2.059340e+01,2.065621e+01,2.059340e+01,2.071897e+01,2.061434e+01,2.058643e+01,2.059340e+01,2.044672e+01,2.059340e+01,2.061434e+01,2.057944e+01,2.041875e+01,2.060736e+01,2.049564e+01,2.053057e+01,2.053057e+01,2.061434e+01,2.056548e+01,2.063528e+01,2.058643e+01,2.081652e+01,2.091398e+01,2.094180e+01,2.096267e+01,2.087222e+01,2.090006e+01,2.093485e+01,2.082348e+01,2.087222e+01,2.091398e+01,2.081652e+01,2.082348e+01,2.082348e+01,2.085134e+01,2.084437e+01,2.084437e+01,2.087918e+01,2.082348e+01,2.077472e+01,2.092093e+01,2.083045e+01,2.093485e+01,2.089310e+01,2.081652e+01,2.090702e+01,2.083741e+01,2.085830e+01,2.083741e+01,2.079562e+01,2.072594e+01,2.083741e+01,2.083741e+01,2.086526e+01,2.081652e+01,2.083045e+01,2.084437e+01,2.083045e+01,2.094876e+01,2.069108e+01,2.086526e+01,2.086526e+01,2.101134e+01,2.091398e+01,2.081652e+01,2.100439e+01,2.088614e+01,2.089310e+01,2.084437e+01,2.080955e+01,2.085134e+01,2.091398e+01,2.090702e+01,2.088614e+01,2.083045e+01,2.086526e+01,2.087222e+01,2.084437e+01,2.101134e+01,2.097658e+01,2.096267e+01,2.082348e+01,2.086526e+01,2.089310e+01,2.091398e+01,2.094180e+01,2.101829e+01,2.101829e+01,2.097658e+01,2.101134e+01,2.102524e+01,2.099744e+01,2.100439e+01,2.095572e+01,2.069805e+01,2.064225e+01,2.060736e+01,2.070502e+01,2.073988e+01,2.070502e+01,2.076775e+01,2.079562e+01,2.074685e+01,2.088614e+01,2.073291e+01
2.066318e+01,2.055152e+01,2.063528e+01,2.079562e+01,2.079562e+01,2.069805e+01,2.049564e+01,2.068410e+01,2.069108e+01,2.074685e+01,2.071200e+01,2.075382e+01,2.053755e+01,2.050961e+01,2.041176e+01,2.050262e+01,2.046070e+01,2.037679e+01,2.038379e+01,2.029282e+01,2.040477e+01,2.039078e+01,2.037679e+01,2.038379e+01,2.032782e+01,2.035581e+01,2.039078e+01,2.031382e+01,2.038379e+01,2.041176e+01,2.043274e+01,2.027181e+01,2.027881e+01,2.029282e+01,2.035581e+01,2.033481e+01,2.022278e+01,2.032082e+01,2.035581e+01,2.027881e+01,2.024380e+01,2.032782e+01,2.029982e+01,2.029282e+01,2.025781e+01,2.032082e+01,2.032082e+01,2.030682e+01,2.025781e+01,2.027881e+01,2.021578e+01,1.995621e+01,2.019476e+01,2.015270e+01,2.008257e+01,2.004749e+01,2.004749e+01,2.001941e+01,2.001239e+01,1.993514e+01,2.004047e+01,2.000537e+01,2.000537e+01,1.999133e+01,2.003345e+01,1.999835e+01,1.995621e+01,2.004047e+01,2.007556e+01,1.989297e+01,1.990703e+01,1.989297e+01,1.992811e+01,2.008257e+01,2.003345e+01,2.008959e+01,2.006152e+01,2.000537e+01,2.009660e+01,2.006854e+01,2.006854e+01,2.007556e+01,2.008257e+01,2.018074e+01,2.022278e+01,2.022979e+01,2.011063e+01,2.018074e+01,2.015971e+01,2.019476e+01,2.008959e+01,2.022979e+01,2.022979e+01,2.014569e+01,2.013167e+01,2.011764e+01,2.015971e+01,2.018775e+01,2.030682e+01,2.022278e+01,2.016672e+01,2.018074e+01,2.023680e+01,2.020877e+01,2.020177e+01,2.027181e+01,2.028582e+01,2.017373e+01,2.038379e+01,2.010362e+01,2.020877e+01,2.021578e+01,2.032082e+01,2.021578e+01,2.012466e+01,2.011063e+01,2.020877e+01,2.005451e+01,2.010362e+01,2.004047e+01,2.006152e+01,1.996324e+01,1.992109e+01,1.991406e+01,1.993514e+01,1.983673e+01,1.989297e+01,1.982266e+01,1.983673e+01,1.976638e+01,1.975230e+01,1.978749e+01,1.976638e+01,1.968189e+01,1.976638e+01,1.974526e+01,1.981563e+01,1.975230e+01,1.984376e+01,1.983673e+01,1.985782e+01,1.973118e+01,1.978045e+01,1.998431e+01,1.985782e+01,1.994919e+01,2.005451e+01,2.007556e+01,2.004749e+01,2.006152e+01,2.007556e+01,2.017373e+01,2.024380e+01,2.018074e+01,2.027181e+01,2.034881e+01,2.038379e+01,2.043274e+01,2.033481e+01,2.048166e+01,2.045371e+01,2.051660e+01,2.052358e+01,2.051660e+01,2.053755e+01,2.055152e+01,2.052358e+01,2.062830e+01,2.056548e+01,2.067713e+01,2.055152e+01,2.063528e+01,2.057246e+01,2.056548e+01,2.069805e+01,2.050262e+01,2.053755e+01,2.064923e+01,2.052358e+01,2.064225e+01,2.061434e+01,2.060736e+01,2.060039e+01,2.049564e+01,2.060736e+01,2.067713e+01,2.048166e+01,2.051660e+01,2.058643e+01,2.050262e+01,2.047468e+01,2.050262e+01,2.048865e+01,2.059340e+01,2.036980e+01,2.058643e+01,2.045371e+01,2.045371e+01,2.050961e+01,2.047468e+01,2.057246e+01,2.050961e+01,2.061434e+01,2.051660e+01,2.050961e+01,2.050262e+01,2.050262e+01,2.065621e+01,2.059340e+01,2.065621e+01,2.067713e+01,2.068410e+01,2.069108e+01,2.062132e+01,2.062830e+01,2.053755e+01,2.052358e+01,2.050961e+01,2.062132e+01,2.064923e+01,2.053755e+01,2.055850e+01,2.055850e+01,2.054453e+01,2.060736e+01,2.060736e+01,2.057944e+01,2.055850e+01,2.055850e+01,2.057246e+01,2.060736e+01,2.052358e+01,2.048166e+01,2.056548e+01,2.053755e+01,2.051660e+01,2.059340e+01,2.063528e+01,2.059340e+01,2.058643e+01,2.059340e+01,2.059340e+01,2.057944e+01,2.069805e+01,2.068410e+01,2.076079e+01,2.073291e+01,2.062132e+01,2.075382e+01,2.064225e+01,2.071897e+01,2.060039e+01,2.062830e+01,2.067713e+01,2.060736e+01,2.064923e+01,2.064225e+01,2.065621e+01,2.065621e+01,2.073291e+01,2.055152e+01,2.030682e+01,2.055152e+01,2.048166e+01,2.048865e+01,2.046070e+01,2.027181e+01,2.018074e+01,2.006152e+01,1.980156e+01,1.967484e+01,1.960438e+01,1.949153e+01,1.933615e+01,1.930081e+01,1.937149e+01,1.981563e+01,2.007556e+01,2.022278e+01,2.025080e+01,2.021578e+01,2.022278e+01,2.015270e+01,2.022278e+01,2.016672e+01,2.025080e+01,2.021578e+01,2.026481e+01,2.020177e+01,2.007556e+01,2.017373e+01,2.013868e+01,2.017373e+01,2.014569e+01,2.009660e+01,2.010362e+01,2.022979e+01,2.008257e+01,2.013167e+01,2.008257e+01,2.014569e+01,2.017373e+01,2.007556e+01,2.014569e+01,2.020177e+01,2.012466e+01,2.013868e+01,2.013868e+01,2.022278e+01,2.025080e+01,2.019476e+01,2.025781e+01,2.027881e+01,2.021578e+01,2.021578e+01,2.022278e+01,2.036980e+01,2.031382e+01,2.043973e+01,2.043274e+01,2.052358e+01,2.050961e+01,2.058643e+01,2.057944e+01,2.061434e+01,2.060039e+01,2.051660e+01,2.055152e+01,2.059340e+01,2.057246e+01,2.060736e+01,2.061434e+01,2.055152e+01,2.056548e+01,2.049564e+01,2.048166e+01,2.048166e+01,2.048166e+01,2.042575e+01,2.038379e+01,2.046769e+01,2.038379e+01,2.046769e+01,2.048166e+01,2.053057e+01,2.045371e+01,2.053755e+01,2.056548e+01,2.054453e+01,2.055850e+01,2.051660e+01,2.050961e+01,2.057944e+01,2.050262e+01,2.052358e+01,2.059340e+01,2.053057e+01,2.049564e+01,2.053057e+01,2.047468e+01,2.048166e+01,2.041875e+01,2.034181e+01,2.048865e+01,2.029982e+01,2.030682e+01,2.033481e+01,2.012466e+01,2.014569e+01,2.011063e+01,1.986485e+01,1.990000e+01,1.982266e+01,1.956207e+01,1.974526e+01,1.968893e+01,1.973822e+01,1.975934e+01,1.981563e+01,1.968189e+01,1.980156e+01,2.011764e+01,1.994216e+01,2.021578e+01,2.020177e+01,2.020177e+01,2.033481e+01,2.025080e+01,2.047468e+01,2.032782e+01,2.041875e+01,2.045371e+01,2.041875e+01,2.050961e+01,2.041875e+01,2.037679e+01,2.033481e+01,2.030682e+01,2.033481e+01,2.022278e+01,2.018074e+01,2.019476e+01,2.007556e+01,2.018775e+01,2.023680e+01,2.020877e+01,2.025781e+01,2.032082e+01,2.034881e+01,2.044672e+01,2.050262e+01,2.050961e+01,2.048865e+01,2.055152e+01,2.054453e+01,2.050262e+01,2.060736e+01,2.063528e+01,2.050262e+01,2.056548e+01,2.050961e+01,2.056548e+01,2.057944e+01,2.067016e+01,2.062830e+01,2.050262e+01,2.051660e+01,2.053057e+01,2.046769e+01,2.044672e+01,2.046769e+01,2.046769e+01,2.048166e+01,2.048865e+01,2.051660e+01,2.043973e+01,2.047468e+01,2.048166e+01,2.033481e+01,2.030682e+01,2.036980e+01,2.022979e+01,2.018775e+01,2.028582e+01,2.025781e+01,2.004749e+01,2.008959e+01,2.004749e+01,1.999133e+01,2.000537e+01,2.011764e+01,2.011764e+01,2.015971e+01,2.017373e+01,2.021578e+01,2.021578e+01,2.039078e+01,2.036280e+01,2.030682e+01,2.036980e+01,2.040477e+01,2.028582e+01,2.027881e+01,2.027881e+01,2.039778e+01,2.033481e+01,2.036280e+01,2.028582e+01,2.036280e+01,2.029982e+01,2.034181e+01,2.034881e+01,2.029982e+01,2.040477e+01,2.041875e+01,2.039078e+01,2.039778e+01,2.039078e+01,2.031382e+01,2.032082e+01,2.027881e+01,2.034881e+01,2.025781e+01,2.017373e+01,2.021578e+01,2.022278e+01,2.011764e+01,2.022278e+01,2.026481e+01,2.026481e+01,2.036280e+01,2.036980e+01,2.043274e+01,2.042575e+01,2.048865e+01,2.052358e+01,2.047468e+01,2.045371e+01,2.048865e+01,2.044672e+01,2.046070e+01,2.042575e+01,2.046769e+01,2.041875e+01,2.039778e+01,2.041176e+01,2.030682e+01,2.033481e+01,2.044672e+01,2.044672e+01,2.041176e+01,2.039778e+01,2.039078e+01,2.043973e+01,2.046769e+01,2.051660e+01,2.049564e+01,2.045371e+01,2.053755e+01,2.041875e+01,2.042575e+01,2.051660e+01,2.062132e+01,2.049564e+01,2.041875e+01,2.064225e+01,2.068410e+01,2.062132e+01,2.055152e+01,2.063528e+01,2.080955e+01,2.090006e+01,2.082348e+01,2.092789e+01,2.090702e+01,2.083045e+01,2.074685e+01,2.071897e+01,2.058643e+01,2.055152e+01,2.060736e+01,2.061434e+01,2.060039e+01,2.055152e+01,2.062830e+01,2.071200e+01,2.056548e+01,2.067016e+01,2.062830e+01,2.061434e+01,2.055850e+01,2.063528e+01,2.053057e+01,2.060736e+01,2.062830e+01,2.072594e+01,2.084437e+01,2.093485e+01,2.096267e+01,2.094876e+01,2.094876e+01,2.097658e+01,2.080259e+01,2.092093e+01,2.079562e+01,2.093485e+01,2.088614e+01,2.083045e+01,2.097658e+01,2.081652e+01,2.077472e+01,2.087918e+01,2.083741e+01,2.087918e+01,2.089310e+01,2.077472e+01,2.094876e+01,2.094180e+01,2.083741e+01,2.073988e+01,2.083741e+01,2.084437e+01,2.098353e+01,2.085830e+01,2.082348e+01,2.091398e+01,2.084437e+01,2.071200e+01,2.091398e+01,2.083741e+01,2.087222e+01,2.090006e+01,2.087918e+01,2.088614e+01,2.091398e+01,2.085830e+01,2.073291e+01,2.094180e+01,2.099744e+01,2.085830e+01,2.085830e+01,2.093485e+01,2.078866e+01,2.081652e+01,2.081652e+01,2.101829e+01,2.095572e+01,2.086526e+01,2.087222e+01,2.101829e+01,2.098353e+01,2.099744e+01,2.085830e+01,2.101829e+01,2.083045e+01,2.103914e+01,2.100439e+01,2.099048e+01,2.094876e+01,2.096962e+01,2.092789e+01,2.096962e+01,2.117803e+01,2.121272e+01,2.095572e+01,2.105304e+01,2.101829e+01,2.101829e+01,2.083045e+01,2.069108e+01,2.060039e+01,2.057944e+01,2.062830e+01,2.069108e+01,2.063528e+01,2.076775e+01,2.064225e+01,2.073988e+01,2.087918e+01,2.084437e+01
2.073988e+01,2.080259e+01,2.078866e+01,2.068410e+01,2.064923e+01,2.067713e+01,2.072594e+01,2.070502e+01,2.062830e+01,2.067713e+01,2.062132e+01,2.057246e+01,2.042575e+01,2.043973e+01,2.052358e+01,2.041875e+01,2.035581e+01,2.050262e+01,2.036280e+01,2.040477e+01,2.027881e+01,2.027881e+01,2.034881e+01,2.036280e+01,2.039078e+01,2.030682e+01,2.031382e+01,2.021578e+01,2.022278e+01,2.036980e+01,2.034881e+01,2.046070e+01,2.047468e+01,2.025080e+01,2.029282e+01,2.036280e+01,2.030682e+01,2.034181e+01,2.034881e+01,2.029982e+01,2.034881e+01,2.048865e+01,2.030682e+01,2.041875e+01,2.030682e+01,2.038379e+01,2.028582e+01,2.034881e+01,2.032082e+01,2.028582e+01,2.021578e+01,2.013167e+01,2.020177e+01,2.012466e+01,2.009660e+01,2.009660e+01,2.006152e+01,2.000537e+01,2.015270e+01,2.011764e+01,2.012466e+01,2.004749e+01,2.004047e+01,1.999133e+01,2.013868e+01,1.996324e+01,2.005451e+01,1.997728e+01,1.997728e+01,2.001239e+01,2.004047e+01,1.988594e+01,2.002643e+01,2.011764e+01,1.998431e+01,2.011063e+01,2.011063e+01,2.013868e+01,2.013167e+01,1.999133e+01,2.008257e+01,2.019476e+01,2.009660e+01,2.010362e+01,2.022979e+01,2.011063e+01,2.022278e+01,2.013868e+01,2.008959e+01,2.017373e+01,2.019476e+01,2.025080e+01,2.015270e+01,2.024380e+01,2.017373e+01,2.013167e+01,2.034181e+01,2.020177e+01,2.015270e+01,2.018074e+01,2.027181e+01,2.025781e+01,2.017373e+01,2.027881e+01,2.026481e+01,2.017373e+01,2.014569e+01,2.019476e+01,2.034881e+01,2.039778e+01,2.024380e+01,2.024380e+01,2.020877e+01,2.015270e+01,2.021578e+01,2.019476e+01,2.015971e+01,2.004749e+01,2.009660e+01,2.004749e+01,1.990703e+01,2.003345e+01,2.000537e+01,1.990703e+01,1.991406e+01,1.982969e+01,1.986485e+01,1.969597e+01,1.977341e+01,1.979452e+01,1.965371e+01,1.965371e+01,1.972414e+01,1.971006e+01,1.976638e+01,1.981563e+01,1.968189e+01,1.971006e+01,1.972414e+01,1.980156e+01,1.980156e+01,1.980859e+01,1.992109e+01,1.990000e+01,1.986485e+01,2.001941e+01,1.997026e+01,2.008257e+01,2.007556e+01,2.023680e+01,2.014569e+01,2.009660e+01,2.025080e+01,2.036280e+01,2.034881e+01,2.036280e+01,2.034881e+01,2.039078e+01,2.047468e+01,2.044672e+01,2.050262e+01,2.053057e+01,2.050961e+01,2.052358e+01,2.062132e+01,2.053755e+01,2.066318e+01,2.053755e+01,2.053057e+01,2.053755e+01,2.053057e+01,2.055850e+01,2.057944e+01,2.065621e+01,2.050961e+01,2.054453e+01,2.056548e+01,2.051660e+01,2.055850e+01,2.064923e+01,2.050262e+01,2.061434e+01,2.048166e+01,2.057246e+01,2.052358e+01,2.058643e+01,2.053755e+01,2.056548e+01,2.056548e+01,2.049564e+01,2.046070e+01,2.059340e+01,2.057246e+01,2.045371e+01,2.043274e+01,2.043274e+01,2.046769e+01,2.048166e+01,2.050961e+01,2.050262e+01,2.044672e+01,2.058643e+01,2.048865e+01,2.062132e+01,2.057246e+01,2.050961e+01,2.053057e+01,2.055152e+01,2.055850e+01,2.063528e+01,2.064923e+01,2.063528e+01,2.058643e+01,2.056548e+01,2.064225e+01,2.053057e+01,2.070502e+01,2.065621e+01,2.053755e+01,2.055152e+01,2.072594e+01,2.055850e+01,2.050961e+01,2.058643e+01,2.056548e+01,2.058643e+01,2.060736e+01,2.057246e+01,2.053755e+01,2.057246e+01,2.055152e+01,2.060736e+01,2.048865e+01,2.060039e+01,2.062132e+01,2.053057e+01,2.064923e+01,2.062132e+01,2.065621e+01,2.063528e+01,2.065621e+01,2.073988e+01,2.065621e+01,2.078169e+01,2.056548e+01,2.056548e+01,2.057246e+01,2.076775e+01,2.067016e+01,2.067016e+01,2.065621e+01,2.065621e+01,2.064923e+01,2.053755e+01,2.053057e+01,2.055152e+01,2.062830e+01,2.067016e+01,2.064225e+01,2.056548e+01,2.064225e+01,2.064225e+01,2.060736e+01,2.041875e+01,2.051660e+01,2.032082e+01,2.001941e+01,2.001239e+01,2.004749e+01,1.966780e+01,1.968893e+01,1.948447e+01,1.934322e+01,1.935736e+01,1.936442e+01,1.939268e+01,1.994919e+01,2.020877e+01,2.018775e+01,2.018775e+01,2.025080e+01,2.024380e+01,2.024380e+01,2.026481e+01,2.020877e+01,2.024380e+01,2.020877e+01,2.024380e+01,2.011063e+01,2.019476e+01,2.016672e+01,2.018074e+01,2.010362e+01,2.013167e+01,2.026481e+01,2.006152e+01,2.025080e+01,2.010362e+01,2.006854e+01,2.008257e+01,2.015971e+01,2.015971e+01,2.017373e+01,2.011764e+01,2.013868e+01,2.011063e+01,2.011063e+01,2.011063e+01,2.015270e+01,2.012466e+01,2.016672e+01,2.022979e+01,2.022278e+01,2.015971e+01,2.025781e+01,2.034181e+01,2.019476e+01,2.029982e+01,2.039078e+01,2.050961e+01,2.043973e+01,2.051660e+01,2.047468e+01,2.053755e+01,2.056548e+01,2.055850e+01,2.051660e+01,2.048166e+01,2.059340e+01,2.053057e+01,2.060039e+01,2.053057e+01,2.053057e+01,2.052358e+01,2.048865e+01,2.048166e+01,2.048166e+01,2.047468e+01,2.037679e+01,2.048865e+01,2.046769e+01,2.047468e+01,2.046070e+01,2.048865e+01,2.043973e+01,2.044672e+01,2.053057e+01,2.053057e+01,2.050961e+01,2.050961e+01,2.052358e+01,2.053057e+01,2.052358e+01,2.047468e+01,2.057246e+01,2.057246e+01,2.036980e+01,2.053057e+01,2.049564e+01,2.057246e+01,2.041176e+01,2.040477e+01,2.042575e+01,2.034881e+01,2.037679e+01,2.027881e+01,2.022278e+01,2.011764e+01,2.001941e+01,1.999133e+01,2.003345e+01,1.984376e+01,1.989297e+01,1.974526e+01,1.969597e+01,1.974526e+01,1.976638e+01,1.981563e+01,1.981563e+01,2.000537e+01,2.004047e+01,2.016672e+01,2.014569e+01,2.019476e+01,2.038379e+01,2.027181e+01,2.037679e+01,2.042575e+01,2.040477e+01,2.039078e+01,2.034181e+01,2.034181e+01,2.036280e+01,2.036280e+01,2.052358e+01,2.041875e+01,2.031382e+01,2.029982e+01,2.029282e+01,2.032082e+01,2.020177e+01,2.015270e+01,2.022979e+01,2.021578e+01,2.025781e+01,2.032082e+01,2.023680e+01,2.029982e+01,2.034881e+01,2.039778e+01,2.038379e+01,2.050961e+01,2.051660e+01,2.055850e+01,2.052358e+01,2.053057e+01,2.067016e+01,2.053057e+01,2.046070e+01,2.048166e+01,2.053755e+01,2.055850e+01,2.055850e+01,2.057246e+01,2.060736e+01,2.050262e+01,2.051660e+01,2.050262e+01,2.039778e+01,2.044672e+01,2.048865e+01,2.042575e+01,2.046070e+01,2.045371e+01,2.055850e+01,2.045371e+01,2.043973e+01,2.044672e+01,2.037679e+01,2.036280e+01,2.037679e+01,2.024380e+01,2.020177e+01,2.020877e+01,2.020877e+01,2.015270e+01,2.007556e+01,2.003345e+01,2.016672e+01,2.017373e+01,2.014569e+01,2.016672e+01,1.999133e+01,2.019476e+01,2.020177e+01,2.020877e+01,2.022979e+01,2.039778e+01,2.025781e+01,2.033481e+01,2.034181e+01,2.032782e+01,2.034881e+01,2.028582e+01,2.038379e+01,2.023680e+01,2.025781e+01,2.037679e+01,2.026481e+01,2.028582e+01,2.032082e+01,2.033481e+01,2.028582e+01,2.023680e+01,2.041875e+01,2.038379e+01,2.039778e+01,2.039778e+01,2.031382e+01,2.029982e+01,2.032782e+01,2.022278e+01,2.040477e+01,2.025080e+01,2.021578e+01,2.027881e+01,2.020877e+01,2.021578e+01,2.022278e+01,2.035581e+01,2.020877e+01,2.039778e+01,2.052358e+01,2.041176e+01,2.041176e+01,2.057944e+01,2.048865e+01,2.050961e+01,2.048865e+01,2.045371e+01,2.055152e+01,2.051660e+01,2.042575e+01,2.041176e+01,2.039078e+01,2.041176e+01,2.053755e+01,2.043973e+01,2.034881e+01,2.046769e+01,2.039778e+01,2.046769e+01,2.044672e+01,2.048865e+01,2.048166e+01,2.048166e+01,2.043973e+01,2.054453e+01,2.050961e+01,2.044672e+01,2.057944e+01,2.057944e+01,2.059340e+01,2.041176e+01,2.062132e+01,2.059340e+01,2.069805e+01,2.071897e+01,2.068410e+01,2.078866e+01,2.091398e+01,2.093485e+01,2.080259e+01,2.093485e+01,2.078169e+01,2.100439e+01,2.084437e+01,2.069805e+01,2.078866e+01,2.074685e+01,2.067713e+01,2.077472e+01,2.055850e+01,2.058643e+01,2.063528e+01,2.069108e+01,2.070502e+01,2.060736e+01,2.062132e+01,2.055152e+01,2.059340e+01,2.050961e+01,2.063528e+01,2.067016e+01,2.055850e+01,2.074685e+01,2.081652e+01,2.090702e+01,2.075382e+01,2.089310e+01,2.083741e+01,2.096962e+01,2.085830e+01,2.088614e+01,2.085830e+01,2.080259e+01,2.090702e+01,2.090702e+01,2.083741e+01,2.095572e+01,2.078169e+01,2.087222e+01,2.082348e+01,2.089310e+01,2.092093e+01,2.080955e+01,2.083045e+01,2.092789e+01,2.081652e+01,2.090702e+01,2.081652e+01,2.095572e+01,2.101829e+01,2.085134e+01,2.080259e+01,2.090006e+01,2.085830e+01,2.078866e+01,2.093485e+01,2.082348e+01,2.088614e+01,2.081652e+01,2.086526e+01,2.096267e+01,2.087918e+01,2.087222e+01,2.092789e+01,2.087222e+01,2.091398e+01,2.095572e+01,2.087222e+01,2.081652e+01,2.098353e+01,2.092093e+01,2.084437e+01,2.098353e+01,2.083045e+01,2.096962e+01,2.090006e+01,2.102524e+01,2.101829e+01,2.103914e+01,2.091398e+01,2.100439e+01,2.101829e+01,2.098353e+01,2.092093e+01,2.099048e+01,2.093485e+01,2.097658e+01,2.101134e+01,2.094180e+01,2.113638e+01,2.103914e+01,2.113638e+01,2.101829e+01,2.128207e+01,2.096962e+01,2.092093e+01,2.070502e+01,2.068410e+01,2.067713e+01,2.068410e+01,2.059340e+01,2.066318e+01,2.083741e+01,2.076079e+01,2.085134e+01,2.084437e+01,2.079562e+01
2.090006e+01,2.065621e+01,2.068410e+01,2.083045e+01,2.071897e+01,2.066318e+01,2.065621e+01,2.071897e+01,2.067713e+01,2.064923e+01,2.069805e+01,2.056548e+01,2.054453e+01,2.060039e+01,2.064923e+01,2.036980e+01,2.041875e+01,2.039078e+01,2.025781e+01,2.032782e+01,2.029282e+01,2.041176e+01,2.034881e+01,2.033481e+01,2.036980e+01,2.027181e+01,2.029282e+01,2.030682e+01,2.032782e+01,2.020877e+01,2.031382e+01,2.029282e+01,2.025781e+01,2.029982e+01,2.036980e+01,2.036280e+01,2.033481e+01,2.031382e+01,2.032782e+01,2.029982e+01,2.034881e+01,2.030682e+01,2.052358e+01,2.041176e+01,2.041176e+01,2.034881e+01,2.027181e+01,2.031382e+01,2.031382e+01,2.026481e+01,2.020877e+01,2.015971e+01,2.021578e+01,2.018074e+01,2.018074e+01,2.004749e+01,2.004749e+01,2.014569e+01,2.001941e+01,2.016672e+01,2.014569e+01,2.013167e+01,1.999835e+01,1.999835e+01,2.016672e+01,2.001239e+01,1.997026e+01,1.997026e+01,2.007556e+01,1.997728e+01,2.007556e+01,2.012466e+01,2.006854e+01,2.006854e+01,2.005451e+01,2.014569e+01,2.014569e+01,2.010362e+01,2.014569e+01,2.015971e+01,2.011764e+01,2.011063e+01,2.018074e+01,2.006854e+01,2.006854e+01,2.020177e+01,2.011063e+01,2.018775e+01,2.018775e+01,2.024380e+01,2.016672e+01,2.013868e+01,2.018074e+01,2.021578e+01,2.020877e+01,2.021578e+01,2.015971e+01,2.017373e+01,2.022278e+01,2.023680e+01,2.022278e+01,2.009660e+01,2.022278e+01,2.018775e+01,2.027881e+01,2.019476e+01,2.013868e+01,2.018074e+01,2.025080e+01,2.031382e+01,2.030682e+01,2.019476e+01,2.027881e+01,2.018074e+01,2.008959e+01,2.013868e+01,2.006854e+01,2.004047e+01,1.994919e+01,2.008959e+01,1.992109e+01,1.992811e+01,1.994216e+01,1.988594e+01,1.989297e+01,1.990703e+01,1.982969e+01,1.985079e+01,1.973118e+01,1.973118e+01,1.982969e+01,1.983673e+01,1.983673e+01,1.968893e+01,1.966076e+01,1.969597e+01,1.971710e+01,1.975230e+01,1.985079e+01,1.989297e+01,1.996324e+01,1.978749e+01,1.993514e+01,1.986485e+01,1.995621e+01,1.989297e+01,2.000537e+01,2.009660e+01,2.007556e+01,2.027881e+01,2.019476e+01,2.027181e+01,2.022278e+01,2.023680e+01,2.041176e+01,2.043274e+01,2.045371e+01,2.046769e+01,2.050961e+01,2.039778e+01,2.047468e+01,2.039778e+01,2.043274e+01,2.055152e+01,2.057246e+01,2.057944e+01,2.066318e+01,2.057246e+01,2.060039e+01,2.056548e+01,2.055850e+01,2.050961e+01,2.057944e+01,2.071200e+01,2.062830e+01,2.062830e+01,2.064225e+01,2.061434e+01,2.057944e+01,2.053755e+01,2.060736e+01,2.059340e+01,2.060039e+01,2.066318e+01,2.059340e+01,2.053755e+01,2.048166e+01,2.046070e+01,2.045371e+01,2.045371e+01,2.053057e+01,2.050262e+01,2.046070e+01,2.046769e+01,2.056548e+01,2.044672e+01,2.043274e+01,2.056548e+01,2.050262e+01,2.053057e+01,2.048166e+01,2.046070e+01,2.048166e+01,2.053057e+01,2.051660e+01,2.050961e+01,2.055850e+01,2.057246e+01,2.053755e+01,2.060736e+01,2.053755e+01,2.061434e+01,2.067016e+01,2.069805e+01,2.071897e+01,2.067713e+01,2.058643e+01,2.052358e+01,2.057246e+01,2.064923e+01,2.078866e+01,2.049564e+01,2.060039e+01,2.054453e+01,2.055850e+01,2.050961e+01,2.056548e+01,2.057246e+01,2.058643e+01,2.059340e+01,2.053057e+01,2.062132e+01,2.056548e+01,2.063528e+01,2.051660e+01,2.055850e+01,2.060736e+01,2.074685e+01,2.066318e+01,2.064225e+01,2.060736e+01,2.072594e+01,2.069108e+01,2.069805e+01,2.074685e+01,2.076079e+01,2.067713e+01,2.069108e+01,2.069805e+01,2.062830e+01,2.062830e+01,2.063528e+01,2.064923e+01,2.068410e+01,2.061434e+01,2.064923e+01,2.073291e+01,2.060039e+01,2.063528e+01,2.067713e+01,2.075382e+01,2.065621e+01,2.057944e+01,2.054453e+01,2.039778e+01,2.026481e+01,1.997026e+01,1.997728e+01,1.985079e+01,1.968893e+01,1.973118e+01,1.946330e+01,1.933615e+01,1.928667e+01,1.929374e+01,1.969597e+01,2.011063e+01,2.022278e+01,2.021578e+01,2.028582e+01,2.022278e+01,2.028582e+01,2.025080e+01,2.025080e+01,2.021578e+01,2.022278e+01,2.022979e+01,2.013868e+01,2.017373e+01,2.013868e+01,2.027881e+01,2.018775e+01,2.024380e+01,2.019476e+01,2.006854e+01,2.023680e+01,2.020177e+01,1.999835e+01,2.014569e+01,2.026481e+01,2.012466e+01,2.024380e+01,2.024380e+01,2.010362e+01,2.017373e+01,2.018775e+01,2.013167e+01,2.011764e+01,2.018775e+01,2.028582e+01,2.018074e+01,2.018775e+01,2.025781e+01,2.011764e+01,2.019476e+01,2.014569e+01,2.026481e+01,2.040477e+01,2.029982e+01,2.029982e+01,2.049564e+01,2.036980e+01,2.055850e+01,2.047468e+01,2.054453e+01,2.049564e+01,2.050961e+01,2.060736e+01,2.057944e+01,2.060039e+01,2.057944e+01,2.046769e+01,2.046769e+01,2.053755e+01,2.048166e+01,2.047468e+01,2.046769e+01,2.046769e+01,2.048166e+01,2.051660e+01,2.041875e+01,2.041176e+01,2.053057e+01,2.049564e+01,2.046070e+01,2.053057e+01,2.053057e+01,2.051660e+01,2.055850e+01,2.051660e+01,2.067016e+01,2.046070e+01,2.062132e+01,2.052358e+01,2.060039e+01,2.046769e+01,2.048166e+01,2.061434e+01,2.047468e+01,2.055850e+01,2.038379e+01,2.044672e+01,2.036280e+01,2.031382e+01,2.027181e+01,2.022979e+01,2.021578e+01,2.002643e+01,1.990000e+01,2.010362e+01,1.981563e+01,1.985782e+01,1.979452e+01,1.976638e+01,1.979452e+01,1.974526e+01,1.989297e+01,2.008959e+01,1.996324e+01,2.004047e+01,2.011764e+01,2.015971e+01,2.028582e+01,2.024380e+01,2.029282e+01,2.043973e+01,2.042575e+01,2.045371e+01,2.046070e+01,2.051660e+01,2.046769e+01,2.043973e+01,2.036980e+01,2.052358e+01,2.041176e+01,2.046769e+01,2.035581e+01,2.032082e+01,2.027181e+01,2.043973e+01,2.031382e+01,2.022278e+01,2.024380e+01,2.034181e+01,2.029282e+01,2.025781e+01,2.034181e+01,2.038379e+01,2.041875e+01,2.043973e+01,2.049564e+01,2.038379e+01,2.048865e+01,2.055850e+01,2.069108e+01,2.051660e+01,2.051660e+01,2.050961e+01,2.052358e+01,2.054453e+01,2.052358e+01,2.048166e+01,2.057246e+01,2.059340e+01,2.057944e+01,2.057246e+01,2.055850e+01,2.051660e+01,2.046070e+01,2.053755e+01,2.055152e+01,2.052358e+01,2.055152e+01,2.043274e+01,2.053057e+01,2.043973e+01,2.049564e+01,2.043973e+01,2.040477e+01,2.035581e+01,2.034181e+01,2.023680e+01,2.033481e+01,2.022278e+01,2.013868e+01,2.014569e+01,1.986485e+01,2.015270e+01,2.010362e+01,2.025781e+01,2.014569e+01,2.014569e+01,2.032082e+01,2.020177e+01,2.026481e+01,2.021578e+01,2.042575e+01,2.023680e+01,2.026481e+01,2.025080e+01,2.024380e+01,2.035581e+01,2.036280e+01,2.024380e+01,2.039078e+01,2.026481e+01,2.035581e+01,2.025781e+01,2.028582e+01,2.042575e+01,2.029982e+01,2.039078e+01,2.044672e+01,2.028582e+01,2.029982e+01,2.037679e+01,2.025781e+01,2.038379e+01,2.033481e+01,2.034181e+01,2.033481e+01,2.034181e+01,2.038379e+01,2.023680e+01,2.022979e+01,2.023680e+01,2.020177e+01,2.008959e+01,2.020877e+01,2.022979e+01,2.040477e+01,2.025080e+01,2.035581e+01,2.050262e+01,2.044672e+01,2.049564e+01,2.051660e+01,2.048166e+01,2.048865e+01,2.047468e+01,2.050262e+01,2.050262e+01,2.044672e+01,2.039078e+01,2.037679e+01,2.037679e+01,2.044672e+01,2.043274e+01,2.048865e+01,2.041875e+01,2.051660e+01,2.041875e+01,2.048865e+01,2.047468e+01,2.048166e+01,2.050961e+01,2.054453e+01,2.056548e+01,2.046070e+01,2.043274e+01,2.057246e+01,2.059340e+01,2.055152e+01,2.041875e+01,2.052358e+01,2.064225e+01,2.067713e+01,2.069108e+01,2.071897e+01,2.082348e+01,2.080955e+01,2.080955e+01,2.087918e+01,2.090006e+01,2.090702e+01,2.092789e+01,2.087918e+01,2.096962e+01,2.067016e+01,2.073291e+01,2.072594e+01,2.073988e+01,2.054453e+01,2.062132e+01,2.067016e+01,2.067016e+01,2.059340e+01,2.050262e+01,2.067713e+01,2.062132e+01,2.064225e+01,2.060736e+01,2.058643e+01,2.071897e+01,2.064923e+01,2.084437e+01,2.083045e+01,2.088614e+01,2.100439e+01,2.080955e+01,2.078866e+01,2.099744e+01,2.078866e+01,2.080259e+01,2.094876e+01,2.090702e+01,2.092093e+01,2.091398e+01,2.083741e+01,2.095572e+01,2.075382e+01,2.082348e+01,2.085134e+01,2.085134e+01,2.087918e+01,2.099744e+01,2.093485e+01,2.091398e+01,2.084437e+01,2.089310e+01,2.087222e+01,2.092093e+01,2.089310e+01,2.093485e+01,2.087222e+01,2.108777e+01,2.087918e+01,2.085134e+01,2.087222e+01,2.082348e+01,2.090702e+01,2.084437e+01,2.090006e+01,2.089310e+01,2.088614e+01,2.090702e+01,2.086526e+01,2.085830e+01,2.090006e+01,2.089310e+01,2.098353e+01,2.096962e+01,2.084437e+01,2.094876e+01,2.084437e+01,2.089310e+01,2.092093e+01,2.087222e+01,2.090006e+01,2.102524e+01,2.101134e+01,2.100439e+01,2.101829e+01,2.101134e+01,2.101829e+01,2.105999e+01,2.103914e+01,2.096962e+01,2.094180e+01,2.101829e+01,2.096962e+01,2.110861e+01,2.093485e+01,2.099744e+01,2.111555e+01,2.121272e+01,2.121272e+01,2.092789e+01,2.081652e+01,2.053057e+01,2.048865e+01,2.052358e+01,2.069108e+01,2.064923e+01,2.073291e+01,2.079562e+01,2.077472e+01,2.088614e+01,2.079562e+01,2.075382e+01
2.064923e+01,2.067713e+01,2.071200e+01,2.064225e+01,2.069805e+01,2.070502e+01,2.087222e+01,2.066318e+01,2.064923e+01,2.072594e+01,2.058643e+01,2.060736e+01,2.063528e+01,2.053755e+01,2.041875e+01,2.041176e+01,2.041875e+01,2.028582e+01,2.031382e+01,2.041875e+01,2.025080e+01,2.037679e+01,2.033481e+01,2.039778e+01,2.032082e+01,2.030682e+01,2.026481e+01,2.023680e+01,2.021578e+01,2.038379e+01,2.037679e+01,2.037679e+01,2.034881e+01,2.025781e+01,2.035581e+01,2.036980e+01,2.031382e+01,2.040477e+01,2.034181e+01,2.034181e+01,2.029282e+01,2.048865e+01,2.031382e+01,2.035581e+01,2.029282e+01,2.034181e+01,2.024380e+01,2.028582e+01,2.027881e+01,2.029982e+01,2.027881e+01,2.022979e+01,2.023680e+01,2.038379e+01,2.013868e+01,2.012466e+01,2.015270e+01,2.008959e+01,2.015270e+01,2.017373e+01,2.018074e+01,2.015971e+01,1.999835e+01,2.013868e+01,1.997728e+01,2.015270e+01,2.015270e+01,2.011063e+01,2.011764e+01,2.006152e+01,2.010362e+01,2.003345e+01,2.015270e+01,2.013167e+01,2.008959e+01,2.017373e+01,2.012466e+01,2.020177e+01,2.009660e+01,2.017373e+01,2.009660e+01,2.004749e+01,2.008257e+01,2.008959e+01,2.010362e+01,2.022278e+01,2.011063e+01,2.012466e+01,2.013868e+01,2.026481e+01,2.013868e+01,2.012466e+01,2.020877e+01,2.019476e+01,2.021578e+01,2.016672e+01,2.017373e+01,2.034881e+01,2.015971e+01,2.018775e+01,2.020177e+01,2.022278e+01,2.022278e+01,2.020177e+01,2.027181e+01,2.024380e+01,2.018775e+01,2.018074e+01,2.015270e+01,2.013167e+01,2.027181e+01,2.038379e+01,2.035581e+01,2.022979e+01,2.009660e+01,2.010362e+01,2.006854e+01,2.001239e+01,1.999835e+01,1.994919e+01,1.980156e+01,1.994216e+01,1.989297e+01,1.982969e+01,1.977341e+01,1.977341e+01,1.982969e+01,1.970302e+01,1.966076e+01,1.976638e+01,1.969597e+01,1.968893e+01,1.971006e+01,1.971006e+01,1.965371e+01,1.971006e+01,1.987189e+01,1.980859e+01,1.984376e+01,1.975934e+01,1.984376e+01,1.993514e+01,1.993514e+01,1.997728e+01,1.999133e+01,2.004749e+01,2.008257e+01,2.010362e+01,2.020177e+01,2.018775e+01,2.028582e+01,2.028582e+01,2.011063e+01,2.029282e+01,2.039778e+01,2.045371e+01,2.046070e+01,2.049564e+01,2.035581e+01,2.048166e+01,2.043274e+01,2.051660e+01,2.052358e+01,2.061434e+01,2.053057e+01,2.064225e+01,2.057944e+01,2.059340e+01,2.062830e+01,2.071897e+01,2.050961e+01,2.071200e+01,2.054453e+01,2.063528e+01,2.061434e+01,2.062830e+01,2.063528e+01,2.069108e+01,2.073291e+01,2.067016e+01,2.056548e+01,2.055850e+01,2.057944e+01,2.061434e+01,2.062830e+01,2.055152e+01,2.051660e+01,2.046070e+01,2.046070e+01,2.048865e+01,2.044672e+01,2.052358e+01,2.061434e+01,2.057246e+01,2.054453e+01,2.057246e+01,2.046070e+01,2.051660e+01,2.041176e+01,2.046769e+01,2.065621e+01,2.050961e+01,2.052358e+01,2.060039e+01,2.048166e+01,2.060736e+01,2.060039e+01,2.048166e+01,2.060736e+01,2.054453e+01,2.056548e+01,2.068410e+01,2.068410e+01,2.053755e+01,2.067713e+01,2.067016e+01,2.056548e+01,2.060736e+01,2.056548e+01,2.060039e+01,2.064225e+01,2.059340e+01,2.060039e+01,2.060039e+01,2.056548e+01,2.060039e+01,2.057944e+01,2.057944e+01,2.056548e+01,2.062132e+01,2.065621e+01,2.059340e+01,2.057246e+01,2.055850e+01,2.050961e+01,2.060039e+01,2.067016e+01,2.074685e+01,2.066318e+01,2.053755e+01,2.068410e+01,2.069805e+01,2.071897e+01,2.069108e+01,2.051660e+01,2.057246e+01,2.063528e+01,2.068410e+01,2.067713e+01,2.067016e+01,2.067713e+01,2.066318e+01,2.063528e+01,2.064923e+01,2.063528e+01,2.062132e+01,2.058643e+01,2.058643e+01,2.064923e+01,2.069108e+01,2.070502e+01,2.057246e+01,2.064923e+01,2.037679e+01,2.039778e+01,2.025781e+01,2.030682e+01,1.984376e+01,1.981563e+01,1.978045e+01,1.965371e+01,1.963962e+01,1.921593e+01,1.926545e+01,1.943506e+01,1.994216e+01,2.018074e+01,2.020877e+01,2.029282e+01,2.021578e+01,2.022979e+01,2.025781e+01,2.025080e+01,2.019476e+01,2.025080e+01,2.018074e+01,2.008257e+01,2.015270e+01,2.025080e+01,2.020877e+01,2.027881e+01,2.015270e+01,2.022278e+01,2.008257e+01,2.022278e+01,2.013868e+01,2.015971e+01,2.022979e+01,2.018775e+01,2.012466e+01,2.025781e+01,2.013868e+01,2.005451e+01,2.007556e+01,2.022979e+01,2.011764e+01,2.011764e+01,2.016672e+01,2.021578e+01,2.012466e+01,2.022979e+01,2.022979e+01,2.025080e+01,2.016672e+01,2.025080e+01,2.026481e+01,2.010362e+01,2.020177e+01,2.025781e+01,2.031382e+01,2.039778e+01,2.050262e+01,2.052358e+01,2.044672e+01,2.055850e+01,2.053755e+01,2.058643e+01,2.057944e+01,2.058643e+01,2.057944e+01,2.046070e+01,2.050262e+01,2.049564e+01,2.053755e+01,2.047468e+01,2.046769e+01,2.048166e+01,2.048166e+01,2.048865e+01,2.039078e+01,2.035581e+01,2.046070e+01,2.041875e+01,2.046070e+01,2.048166e+01,2.046070e+01,2.048166e+01,2.054453e+01,2.048166e+01,2.052358e+01,2.053057e+01,2.046769e+01,2.044672e+01,2.047468e+01,2.046769e+01,2.050961e+01,2.040477e+01,2.050262e+01,2.048166e+01,2.050961e+01,2.040477e+01,2.039078e+01,2.032082e+01,2.028582e+01,2.023680e+01,2.021578e+01,2.003345e+01,2.007556e+01,1.991406e+01,1.999835e+01,1.983673e+01,1.975934e+01,1.974526e+01,1.985079e+01,1.991406e+01,1.983673e+01,1.990703e+01,2.006152e+01,2.007556e+01,2.023680e+01,2.019476e+01,2.032082e+01,2.020177e+01,2.043274e+01,2.047468e+01,2.047468e+01,2.039078e+01,2.054453e+01,2.050961e+01,2.041875e+01,2.038379e+01,2.046769e+01,2.043274e+01,2.046070e+01,2.043274e+01,2.041176e+01,2.037679e+01,2.036980e+01,2.034881e+01,2.030682e+01,2.033481e+01,2.020877e+01,2.027881e+01,2.027881e+01,2.020877e+01,2.038379e+01,2.029282e+01,2.034881e+01,2.041176e+01,2.043274e+01,2.046769e+01,2.041875e+01,2.055152e+01,2.053057e+01,2.049564e+01,2.056548e+01,2.053057e+01,2.054453e+01,2.055850e+01,2.059340e+01,2.057944e+01,2.057246e+01,2.055850e+01,2.058643e+01,2.060039e+01,2.055152e+01,2.065621e+01,2.052358e+01,2.052358e+01,2.054453e+01,2.043274e+01,2.055152e+01,2.051660e+01,2.045371e+01,2.058643e+01,2.055850e+01,2.053057e+01,2.055850e+01,2.034881e+01,2.039078e+01,2.030682e+01,2.029282e+01,2.026481e+01,2.021578e+01,2.002643e+01,2.020177e+01,2.018074e+01,2.019476e+01,2.013868e+01,2.018775e+01,2.020877e+01,2.025080e+01,2.018775e+01,2.027881e+01,2.026481e+01,2.029982e+01,2.034881e+01,2.028582e+01,2.023680e+01,2.018074e+01,2.023680e+01,2.025080e+01,2.024380e+01,2.030682e+01,2.040477e+01,2.023680e+01,2.029982e+01,2.037679e+01,2.034881e+01,2.036980e+01,2.030682e+01,2.039078e+01,2.027881e+01,2.046769e+01,2.046070e+01,2.021578e+01,2.042575e+01,2.027181e+01,2.029982e+01,2.043973e+01,2.033481e+01,2.019476e+01,2.020177e+01,2.025781e+01,2.022278e+01,2.015270e+01,2.020877e+01,2.016672e+01,2.022278e+01,2.026481e+01,2.033481e+01,2.054453e+01,2.052358e+01,2.041875e+01,2.048865e+01,2.046070e+01,2.043973e+01,2.042575e+01,2.048865e+01,2.046070e+01,2.055850e+01,2.046769e+01,2.055152e+01,2.049564e+01,2.058643e+01,2.058643e+01,2.043274e+01,2.048865e+01,2.050262e+01,2.046070e+01,2.049564e+01,2.046070e+01,2.047468e+01,2.071897e+01,2.046769e+01,2.050961e+01,2.066318e+01,2.049564e+01,2.048166e+01,2.048166e+01,2.050262e+01,2.046769e+01,2.057944e+01,2.059340e+01,2.056548e+01,2.050262e+01,2.067713e+01,2.060736e+01,2.080955e+01,2.073988e+01,2.084437e+01,2.083741e+01,2.090006e+01,2.086526e+01,2.091398e+01,2.086526e+01,2.091398e+01,2.104609e+01,2.098353e+01,2.069805e+01,2.055850e+01,2.071200e+01,2.070502e+01,2.070502e+01,2.062830e+01,2.062830e+01,2.062830e+01,2.060039e+01,2.065621e+01,2.060736e+01,2.060736e+01,2.053057e+01,2.062132e+01,2.069108e+01,2.073988e+01,2.092093e+01,2.075382e+01,2.102524e+01,2.083741e+01,2.078866e+01,2.082348e+01,2.078866e+01,2.080259e+01,2.090006e+01,2.103219e+01,2.086526e+01,2.092789e+01,2.103914e+01,2.086526e+01,2.095572e+01,2.079562e+01,2.094180e+01,2.079562e+01,2.092093e+01,2.083045e+01,2.087918e+01,2.095572e+01,2.087222e+01,2.083741e+01,2.087222e+01,2.083045e+01,2.098353e+01,2.088614e+01,2.083741e+01,2.080955e+01,2.083045e+01,2.090006e+01,2.085830e+01,2.083045e+01,2.088614e+01,2.089310e+01,2.089310e+01,2.091398e+01,2.091398e+01,2.083741e+01,2.087222e+01,2.086526e+01,2.088614e+01,2.085830e+01,2.091398e+01,2.098353e+01,2.085134e+01,2.096267e+01,2.094180e+01,2.117803e+01,2.078866e+01,2.080259e+01,2.096962e+01,2.104609e+01,2.097658e+01,2.107388e+01,2.092093e+01,2.098353e+01,2.084437e+01,2.099048e+01,2.094180e+01,2.100439e+01,2.096267e+01,2.107388e+01,2.096962e+01,2.103914e+01,2.105304e+01,2.107388e+01,2.104609e+01,2.112250e+01,2.111555e+01,2.095572e+01,2.094180e+01,2.092789e+01,2.069108e+01,2.069805e+01,2.074685e+01,2.067713e+01,2.069805e+01,2.072594e+01,2.062132e+01,2.075382e+01,2.080259e+01,2.064225e+01,2.073291e+01
2.068410e+01,2.069805e+01,2.082348e+01,2.083045e+01,2.067713e+01,2.065621e+01,2.070502e+01,2.064923e+01,2.063528e+01,2.065621e+01,2.062132e+01,2.055850e+01,2.053057e+01,2.051660e+01,2.053755e+01,2.039078e+01,2.043973e+01,2.040477e+01,2.046070e+01,2.037679e+01,2.022278e+01,2.032782e+01,2.029982e+01,2.033481e+01,2.021578e+01,2.033481e+01,2.035581e+01,2.031382e+01,2.029282e+01,2.027881e+01,2.036980e+01,2.031382e+01,2.032782e+01,2.032782e+01,2.032782e+01,2.033481e+01,2.029982e+01,2.039778e+01,2.032082e+01,2.052358e+01,2.035581e+01,2.035581e+01,2.034181e+01,2.037679e+01,2.032782e+01,2.034181e+01,2.034181e+01,2.027181e+01,2.023680e+01,2.025080e+01,2.015270e+01,2.014569e+01,2.014569e+01,2.013868e+01,2.018775e+01,2.006854e+01,2.018775e+01,2.019476e+01,2.013167e+01,2.016672e+01,1.999835e+01,2.018074e+01,2.020177e+01,2.015270e+01,1.999835e+01,2.017373e+01,2.013167e+01,2.018775e+01,2.000537e+01,2.011063e+01,2.010362e+01,2.027181e+01,2.016672e+01,2.017373e+01,2.006854e+01,2.009660e+01,2.014569e+01,2.000537e+01,2.011063e+01,2.007556e+01,2.011764e+01,2.008959e+01,2.017373e+01,2.013868e+01,2.012466e+01,2.004749e+01,2.018074e+01,2.012466e+01,2.013868e+01,2.012466e+01,2.013868e+01,2.015971e+01,2.025080e+01,2.020877e+01,2.025080e+01,2.031382e+01,2.021578e+01,2.036980e+01,2.016672e+01,2.021578e+01,2.029282e+01,2.021578e+01,2.020877e+01,2.025781e+01,2.018775e+01,2.015971e+01,2.025781e+01,2.028582e+01,2.015270e+01,2.013167e+01,2.017373e+01,2.007556e+01,2.015270e+01,2.011764e+01,1.990000e+01,1.989297e+01,2.006152e+01,1.992811e+01,1.994919e+01,1.994919e+01,1.997026e+01,1.994919e+01,1.980156e+01,1.961847e+01,1.984376e+01,1.980156e+01,1.976638e+01,1.984376e+01,1.980156e+01,1.971710e+01,1.968189e+01,1.972414e+01,1.982266e+01,1.970302e+01,1.990703e+01,1.966780e+01,1.968893e+01,1.977341e+01,1.981563e+01,1.980859e+01,1.980156e+01,1.994216e+01,1.992811e+01,1.994919e+01,2.006152e+01,2.004749e+01,2.013167e+01,2.011063e+01,2.020177e+01,2.029282e+01,2.028582e+01,2.030682e+01,2.032782e+01,2.036980e+01,2.041176e+01,2.036980e+01,2.041875e+01,2.046769e+01,2.051660e+01,2.048865e+01,2.050961e+01,2.052358e+01,2.053755e+01,2.048166e+01,2.048865e+01,2.061434e+01,2.055850e+01,2.059340e+01,2.043973e+01,2.054453e+01,2.043973e+01,2.057246e+01,2.059340e+01,2.060736e+01,2.064225e+01,2.057944e+01,2.062132e+01,2.060736e+01,2.057246e+01,2.057944e+01,2.055152e+01,2.053755e+01,2.059340e+01,2.060736e+01,2.056548e+01,2.051660e+01,2.053755e+01,2.052358e+01,2.054453e+01,2.036980e+01,2.052358e+01,2.049564e+01,2.047468e+01,2.037679e+01,2.042575e+01,2.050961e+01,2.046769e+01,2.036980e+01,2.050262e+01,2.040477e+01,2.052358e+01,2.060736e+01,2.049564e+01,2.057944e+01,2.049564e+01,2.047468e+01,2.048865e+01,2.059340e+01,2.057246e+01,2.050262e+01,2.048166e+01,2.050262e+01,2.046070e+01,2.060039e+01,2.058643e+01,2.055850e+01,2.057944e+01,2.063528e+01,2.078866e+01,2.059340e+01,2.050961e+01,2.046769e+01,2.046769e+01,2.050961e+01,2.060039e+01,2.048865e+01,2.061434e+01,2.053755e+01,2.054453e+01,2.055152e+01,2.055152e+01,2.060736e+01,2.049564e+01,2.054453e+01,2.062830e+01,2.055152e+01,2.059340e+01,2.064923e+01,2.070502e+01,2.065621e+01,2.068410e+01,2.056548e+01,2.059340e+01,2.064225e+01,2.057246e+01,2.060736e+01,2.053057e+01,2.057246e+01,2.064923e+01,2.064225e+01,2.061434e+01,2.062830e+01,2.062132e+01,2.064225e+01,2.062132e+01,2.060736e+01,2.057944e+01,2.059340e+01,2.058643e+01,2.062830e+01,2.067713e+01,2.056548e+01,2.055850e+01,2.042575e+01,2.038379e+01,2.016672e+01,2.004047e+01,1.995621e+01,1.977341e+01,1.966076e+01,1.942800e+01,1.940681e+01,1.933615e+01,1.924423e+01,1.949859e+01,2.017373e+01,2.029282e+01,2.018775e+01,2.016672e+01,2.028582e+01,2.026481e+01,2.024380e+01,2.025080e+01,2.026481e+01,2.030682e+01,2.022278e+01,2.038379e+01,2.025080e+01,2.021578e+01,2.018074e+01,2.018775e+01,2.015270e+01,2.019476e+01,2.018074e+01,2.018074e+01,2.003345e+01,2.016672e+01,2.024380e+01,2.020877e+01,2.025080e+01,2.025781e+01,2.029282e+01,2.012466e+01,2.004047e+01,2.028582e+01,2.027881e+01,2.006152e+01,2.012466e+01,2.014569e+01,2.011063e+01,2.020877e+01,2.024380e+01,2.022278e+01,2.014569e+01,2.004749e+01,2.025080e+01,2.025080e+01,2.029982e+01,2.018775e+01,2.027881e+01,2.040477e+01,2.024380e+01,2.032782e+01,2.046769e+01,2.041176e+01,2.044672e+01,2.043973e+01,2.050961e+01,2.050262e+01,2.043973e+01,2.046769e+01,2.052358e+01,2.049564e+01,2.045371e+01,2.055152e+01,2.053057e+01,2.049564e+01,2.048166e+01,2.044672e+01,2.045371e+01,2.033481e+01,2.045371e+01,2.044672e+01,2.047468e+01,2.052358e+01,2.044672e+01,2.042575e+01,2.043973e+01,2.047468e+01,2.050262e+01,2.053755e+01,2.050262e+01,2.048166e+01,2.048865e+01,2.046769e+01,2.050262e+01,2.049564e+01,2.048166e+01,2.049564e+01,2.052358e+01,2.041176e+01,2.036980e+01,2.023680e+01,2.030682e+01,2.020877e+01,1.999835e+01,1.996324e+01,1.999835e+01,1.976638e+01,1.992811e+01,1.973118e+01,1.972414e+01,1.978749e+01,1.986485e+01,1.992109e+01,1.990000e+01,2.008257e+01,2.015971e+01,2.019476e+01,2.013868e+01,2.022979e+01,2.014569e+01,2.032082e+01,2.036980e+01,2.038379e+01,2.053755e+01,2.034181e+01,2.039078e+01,2.044672e+01,2.052358e+01,2.036280e+01,2.032782e+01,2.050262e+01,2.046070e+01,2.043973e+01,2.046070e+01,2.034881e+01,2.035581e+01,2.041176e+01,2.035581e+01,2.033481e+01,2.020177e+01,2.024380e+01,2.025781e+01,2.022278e+01,2.033481e+01,2.031382e+01,2.035581e+01,2.032082e+01,2.040477e+01,2.045371e+01,2.048166e+01,2.060039e+01,2.050961e+01,2.052358e+01,2.050961e+01,2.057246e+01,2.048865e+01,2.055850e+01,2.060039e+01,2.060039e+01,2.055152e+01,2.058643e+01,2.052358e+01,2.048865e+01,2.050262e+01,2.056548e+01,2.057944e+01,2.053755e+01,2.034181e+01,2.040477e+01,2.051660e+01,2.046070e+01,2.046070e+01,2.043973e+01,2.059340e+01,2.056548e+01,2.052358e+01,2.041875e+01,2.037679e+01,2.027181e+01,2.031382e+01,2.027181e+01,2.022278e+01,2.024380e+01,2.022278e+01,2.027881e+01,2.030682e+01,2.032082e+01,2.031382e+01,2.035581e+01,2.033481e+01,2.021578e+01,2.030682e+01,2.029982e+01,2.032082e+01,2.025080e+01,2.028582e+01,2.032782e+01,2.019476e+01,2.022278e+01,2.024380e+01,2.026481e+01,2.032082e+01,2.025080e+01,2.026481e+01,2.034181e+01,2.025781e+01,2.025781e+01,2.025781e+01,2.026481e+01,2.038379e+01,2.025781e+01,2.036280e+01,2.027181e+01,2.027181e+01,2.029282e+01,2.025781e+01,2.032082e+01,2.030682e+01,2.032782e+01,2.027881e+01,2.020877e+01,2.028582e+01,2.033481e+01,2.015971e+01,2.020877e+01,2.016672e+01,2.013868e+01,2.028582e+01,2.039078e+01,2.055850e+01,2.042575e+01,2.039778e+01,2.043973e+01,2.056548e+01,2.050262e+01,2.046769e+01,2.036280e+01,2.043274e+01,2.044672e+01,2.039078e+01,2.039778e+01,2.043973e+01,2.036980e+01,2.036980e+01,2.044672e+01,2.043973e+01,2.041176e+01,2.046769e+01,2.043274e+01,2.044672e+01,2.044672e+01,2.048865e+01,2.052358e+01,2.053057e+01,2.046070e+01,2.050262e+01,2.056548e+01,2.061434e+01,2.044672e+01,2.060039e+01,2.056548e+01,2.060039e+01,2.067016e+01,2.062132e+01,2.063528e+01,2.069108e+01,2.075382e+01,2.083045e+01,2.083045e+01,2.083045e+01,2.096267e+01,2.094876e+01,2.086526e+01,2.093485e+01,2.078169e+01,2.077472e+01,2.073291e+01,2.077472e+01,2.076775e+01,2.067016e+01,2.063528e+01,2.060736e+01,2.060039e+01,2.063528e+01,2.072594e+01,2.064923e+01,2.067016e+01,2.062132e+01,2.053057e+01,2.054453e+01,2.064225e+01,2.074685e+01,2.085134e+01,2.077472e+01,2.081652e+01,2.094180e+01,2.093485e+01,2.097658e+01,2.092789e+01,2.094180e+01,2.081652e+01,2.087918e+01,2.087222e+01,2.089310e+01,2.085134e+01,2.085830e+01,2.090702e+01,2.091398e+01,2.090702e+01,2.069805e+01,2.088614e+01,2.092093e+01,2.081652e+01,2.080955e+01,2.080259e+01,2.089310e+01,2.083741e+01,2.094180e+01,2.089310e+01,2.083741e+01,2.085134e+01,2.085830e+01,2.085134e+01,2.079562e+01,2.081652e+01,2.083741e+01,2.086526e+01,2.081652e+01,2.089310e+01,2.089310e+01,2.093485e+01,2.085830e+01,2.087918e+01,2.106693e+01,2.098353e+01,2.084437e+01,2.088614e+01,2.085830e+01,2.090006e+01,2.090702e+01,2.092789e+01,2.086526e+01,2.091398e+01,2.080259e+01,2.092789e+01,2.080955e+01,2.089310e+01,2.094876e+01,2.094180e+01,2.087222e+01,2.090006e+01,2.083741e+01,2.090006e+01,2.094180e+01,2.105304e+01,2.096962e+01,2.090702e+01,2.102524e+01,2.097658e+01,2.105999e+01,2.101134e+01,2.109472e+01,2.109472e+01,2.109472e+01,2.108083e+01,2.090006e+01,2.071200e+01,2.051660e+01,2.073988e+01,2.076079e+01,2.073291e+01,2.068410e+01,2.073291e+01,2.073988e+01,2.073988e+01,2.069108e+01,2.070502e+01,2.073988e+01
2.083045e+01,2.057246e+01,2.059340e+01,2.080955e+01,2.072594e+01,2.066318e+01,2.070502e+01,2.064923e+01,2.060736e+01,2.061434e+01,2.062830e+01,2.060039e+01,2.044672e+01,2.055152e+01,2.057944e+01,2.031382e+01,2.041176e+01,2.050961e+01,2.041176e+01,2.039078e+01,2.040477e+01,2.030682e+01,2.029282e+01,2.034881e+01,2.029282e+01,2.042575e+01,2.032082e+01,2.031382e+01,2.033481e+01,2.032782e+01,2.036980e+01,2.038379e+01,2.030682e+01,2.036280e+01,2.031382e+01,2.046769e+01,2.032782e+01,2.034181e+01,2.032782e+01,2.037679e+01,2.033481e+01,2.030682e+01,2.029982e+01,2.034181e+01,2.034881e+01,2.032082e+01,2.034881e+01,2.050262e+01,2.028582e+01,2.029982e+01,2.039078e+01,2.013868e+01,2.029282e+01,2.034881e+01,2.037679e+01,2.022979e+01,2.013868e+01,2.020177e+01,2.010362e+01,2.020877e+01,2.016672e+01,2.012466e+01,2.018775e+01,2.020177e+01,2.019476e+01,2.010362e+01,2.019476e+01,2.013167e+01,2.016672e+01,2.011063e+01,2.013167e+01,2.011764e+01,2.016672e+01,2.013868e+01,2.021578e+01,2.009660e+01,2.015971e+01,2.011764e+01,1.997728e+01,2.010362e+01,2.013868e+01,2.005451e+01,2.016672e+01,2.026481e+01,2.013167e+01,2.021578e+01,2.011764e+01,2.024380e+01,2.014569e+01,2.011764e+01,2.025080e+01,2.029982e+01,2.029282e+01,2.027881e+01,2.015971e+01,2.019476e+01,2.015971e+01,2.019476e+01,2.016672e+01,2.020877e+01,2.025781e+01,2.020877e+01,2.025080e+01,2.020877e+01,2.024380e+01,2.014569e+01,2.016672e+01,2.013868e+01,2.010362e+01,2.015971e+01,2.003345e+01,2.015971e+01,2.008959e+01,2.002643e+01,2.004047e+01,1.989297e+01,2.012466e+01,2.000537e+01,1.988594e+01,1.995621e+01,1.992109e+01,1.993514e+01,1.991406e+01,1.976638e+01,1.981563e+01,1.966076e+01,1.964666e+01,1.966076e+01,1.972414e+01,1.965371e+01,1.960438e+01,1.966780e+01,1.968893e+01,1.971006e+01,1.973118e+01,1.974526e+01,1.982266e+01,1.993514e+01,1.982266e+01,1.982969e+01,1.982266e+01,1.991406e+01,2.011063e+01,1.998431e+01,2.006854e+01,2.007556e+01,2.009660e+01,2.026481e+01,2.018775e+01,2.023680e+01,2.022979e+01,2.032782e+01,2.025080e+01,2.034881e+01,2.044672e+01,2.044672e+01,2.045371e+01,2.047468e+01,2.053755e+01,2.049564e+01,2.053057e+01,2.052358e+01,2.053057e+01,2.062830e+01,2.059340e+01,2.062830e+01,2.054453e+01,2.055850e+01,2.064923e+01,2.066318e+01,2.062132e+01,2.045371e+01,2.064225e+01,2.065621e+01,2.062132e+01,2.063528e+01,2.060039e+01,2.059340e+01,2.062830e+01,2.057944e+01,2.057944e+01,2.064225e+01,2.053057e+01,2.052358e+01,2.061434e+01,2.060039e+01,2.050961e+01,2.048865e+01,2.055152e+01,2.043973e+01,2.050961e+01,2.041875e+01,2.047468e+01,2.047468e+01,2.048166e+01,2.043274e+01,2.046070e+01,2.046070e+01,2.036980e+01,2.048865e+01,2.051660e+01,2.050262e+01,2.049564e+01,2.061434e+01,2.047468e+01,2.048865e+01,2.045371e+01,2.047468e+01,2.061434e+01,2.050961e+01,2.060736e+01,2.064225e+01,2.063528e+01,2.064923e+01,2.061434e+01,2.064225e+01,2.059340e+01,2.060039e+01,2.049564e+01,2.067016e+01,2.057944e+01,2.061434e+01,2.069108e+01,2.048865e+01,2.061434e+01,2.062132e+01,2.056548e+01,2.053057e+01,2.055152e+01,2.057944e+01,2.057944e+01,2.057944e+01,2.058643e+01,2.060736e+01,2.061434e+01,2.064923e+01,2.062132e+01,2.069805e+01,2.062830e+01,2.060736e+01,2.062132e+01,2.065621e+01,2.065621e+01,2.075382e+01,2.068410e+01,2.056548e+01,2.069108e+01,2.069805e+01,2.060736e+01,2.063528e+01,2.064225e+01,2.063528e+01,2.051660e+01,2.062830e+01,2.069108e+01,2.060736e+01,2.058643e+01,2.069108e+01,2.062132e+01,2.063528e+01,2.057246e+01,2.048865e+01,2.048166e+01,2.028582e+01,2.025080e+01,2.016672e+01,1.992109e+01,1.999133e+01,1.974526e+01,1.942800e+01,1.940681e+01,1.933615e+01,1.927959e+01,1.928667e+01,1.995621e+01,2.004047e+01,2.022278e+01,2.029982e+01,2.022979e+01,2.025781e+01,2.020877e+01,2.024380e+01,2.025781e+01,2.032782e+01,2.024380e+01,2.027181e+01,2.025080e+01,2.018074e+01,2.022979e+01,2.016672e+01,2.032082e+01,2.028582e+01,2.023680e+01,2.012466e+01,2.019476e+01,2.017373e+01,2.015270e+01,2.016672e+01,2.021578e+01,2.021578e+01,2.027881e+01,2.009660e+01,2.001239e+01,2.014569e+01,2.014569e+01,2.011764e+01,2.011764e+01,2.013868e+01,2.026481e+01,2.027881e+01,2.025781e+01,2.027181e+01,2.024380e+01,2.009660e+01,2.025781e+01,2.016672e+01,2.027181e+01,2.018775e+01,2.020877e+01,2.033481e+01,2.020877e+01,2.025080e+01,2.038379e+01,2.029982e+01,2.039078e+01,2.039078e+01,2.054453e+01,2.051660e+01,2.047468e+01,2.046070e+01,2.061434e+01,2.053057e+01,2.050961e+01,2.047468e+01,2.033481e+01,2.053755e+01,2.051660e+01,2.050262e+01,2.043973e+01,2.037679e+01,2.045371e+01,2.036280e+01,2.046769e+01,2.048166e+01,2.049564e+01,2.046070e+01,2.048865e+01,2.044672e+01,2.053755e+01,2.044672e+01,2.051660e+01,2.039778e+01,2.048865e+01,2.049564e+01,2.055152e+01,2.053057e+01,2.049564e+01,2.038379e+01,2.034181e+01,2.029982e+01,2.020877e+01,2.037679e+01,2.028582e+01,2.039078e+01,2.017373e+01,2.003345e+01,1.989297e+01,1.982969e+01,1.987892e+01,1.987189e+01,1.985782e+01,1.985782e+01,1.988594e+01,2.001941e+01,1.987892e+01,2.004047e+01,2.003345e+01,2.024380e+01,2.018775e+01,2.024380e+01,2.039778e+01,2.031382e+01,2.037679e+01,2.043274e+01,2.032082e+01,2.037679e+01,2.041176e+01,2.039778e+01,2.041875e+01,2.037679e+01,2.036280e+01,2.038379e+01,2.043274e+01,2.048865e+01,2.046769e+01,2.044672e+01,2.036980e+01,2.035581e+01,2.025080e+01,2.034881e+01,2.015270e+01,2.022979e+01,2.035581e+01,2.021578e+01,2.029982e+01,2.029982e+01,2.026481e+01,2.032082e+01,2.041875e+01,2.050961e+01,2.046769e+01,2.049564e+01,2.057944e+01,2.053057e+01,2.058643e+01,2.055850e+01,2.051660e+01,2.049564e+01,2.059340e+01,2.063528e+01,2.051660e+01,2.048865e+01,2.046769e+01,2.049564e+01,2.058643e+01,2.047468e+01,2.060039e+01,2.046769e+01,2.045371e+01,2.038379e+01,2.055152e+01,2.050961e+01,2.044672e+01,2.046070e+01,2.049564e+01,2.046769e+01,2.054453e+01,2.053057e+01,2.051660e+01,2.045371e+01,2.036280e+01,2.035581e+01,2.034181e+01,2.030682e+01,2.030682e+01,2.021578e+01,2.023680e+01,2.027881e+01,2.032082e+01,2.025080e+01,2.034881e+01,2.035581e+01,2.033481e+01,2.027181e+01,2.027181e+01,2.022979e+01,2.032082e+01,2.027881e+01,2.021578e+01,2.034181e+01,2.020877e+01,2.021578e+01,2.024380e+01,2.023680e+01,2.022278e+01,2.024380e+01,2.020877e+01,2.034881e+01,2.026481e+01,2.023680e+01,2.031382e+01,2.029982e+01,2.030682e+01,2.021578e+01,2.027181e+01,2.029282e+01,2.027881e+01,2.030682e+01,2.033481e+01,2.029982e+01,2.034181e+01,2.041176e+01,2.031382e+01,2.026481e+01,2.019476e+01,2.025781e+01,2.010362e+01,2.008959e+01,2.019476e+01,2.024380e+01,2.030682e+01,2.032782e+01,2.049564e+01,2.045371e+01,2.048865e+01,2.048865e+01,2.050961e+01,2.046070e+01,2.055850e+01,2.040477e+01,2.046769e+01,2.044672e+01,2.036280e+01,2.048865e+01,2.045371e+01,2.048166e+01,2.037679e+01,2.048166e+01,2.047468e+01,2.048166e+01,2.049564e+01,2.050262e+01,2.052358e+01,2.053057e+01,2.054453e+01,2.057246e+01,2.050961e+01,2.055152e+01,2.057944e+01,2.053755e+01,2.050961e+01,2.057246e+01,2.058643e+01,2.052358e+01,2.064225e+01,2.065621e+01,2.070502e+01,2.069805e+01,2.083741e+01,2.069108e+01,2.092789e+01,2.090702e+01,2.085134e+01,2.083045e+01,2.090702e+01,2.090702e+01,2.078169e+01,2.086526e+01,2.078866e+01,2.077472e+01,2.076079e+01,2.070502e+01,2.060736e+01,2.072594e+01,2.075382e+01,2.062830e+01,2.062830e+01,2.058643e+01,2.063528e+01,2.057944e+01,2.085134e+01,2.057246e+01,2.076775e+01,2.084437e+01,2.079562e+01,2.074685e+01,2.101134e+01,2.072594e+01,2.076079e+01,2.077472e+01,2.085134e+01,2.086526e+01,2.080259e+01,2.091398e+01,2.091398e+01,2.080955e+01,2.090702e+01,2.088614e+01,2.092093e+01,2.094876e+01,2.090006e+01,2.097658e+01,2.087222e+01,2.080955e+01,2.084437e+01,2.088614e+01,2.084437e+01,2.091398e+01,2.087222e+01,2.094876e+01,2.097658e+01,2.086526e+01,2.085830e+01,2.087918e+01,2.086526e+01,2.094876e+01,2.080259e+01,2.081652e+01,2.085134e+01,2.087222e+01,2.093485e+01,2.088614e+01,2.089310e+01,2.086526e+01,2.088614e+01,2.096267e+01,2.089310e+01,2.088614e+01,2.087918e+01,2.086526e+01,2.090702e+01,2.089310e+01,2.083045e+01,2.093485e+01,2.103219e+01,2.099744e+01,2.108083e+01,2.098353e+01,2.080259e+01,2.098353e+01,2.083045e+01,2.085830e+01,2.098353e+01,2.095572e+01,2.090006e+01,2.117109e+01,2.092789e+01,2.108083e+01,2.103914e+01,2.109472e+01,2.106693e+01,2.101829e+01,2.115721e+01,2.110861e+01,2.113638e+01,2.119885e+01,2.108777e+01,2.097658e+01,2.080259e+01,2.078169e+01,2.069108e+01,2.077472e+01,2.080955e+01,2.072594e+01,2.070502e+01,2.071897e+01,2.080259e+01,2.078169e+01,2.076775e+01,2.072594e+01
2.075382e+01,2.069108e+01,2.076775e+01,2.074685e+01,2.067016e+01,2.070502e+01,2.069108e+01,2.067713e+01,2.070502e+01,2.069108e+01,2.058643e+01,2.056548e+01,2.055152e+01,2.055850e+01,2.042575e+01,2.052358e+01,2.048166e+01,2.042575e+01,2.034881e+01,2.033481e+01,2.042575e+01,2.050961e+01,2.024380e+01,2.034881e+01,2.030682e+01,2.044672e+01,2.044672e+01,2.042575e+01,2.034181e+01,2.030682e+01,2.038379e+01,2.036280e+01,2.018074e+01,2.036980e+01,2.043973e+01,2.041176e+01,2.034881e+01,2.046769e+01,2.043274e+01,2.039078e+01,2.034181e+01,2.036980e+01,2.032782e+01,2.026481e+01,2.036980e+01,2.041875e+01,2.040477e+01,2.025080e+01,2.030682e+01,2.060039e+01,2.023680e+01,2.029982e+01,2.027881e+01,2.026481e+01,2.034881e+01,2.021578e+01,2.025080e+01,2.034881e+01,2.030682e+01,2.029282e+01,2.018074e+01,2.020877e+01,2.024380e+01,2.008959e+01,2.019476e+01,2.014569e+01,2.015270e+01,2.015971e+01,2.027881e+01,2.008959e+01,2.013868e+01,2.014569e+01,2.017373e+01,2.016672e+01,2.018074e+01,2.017373e+01,2.013868e+01,2.019476e+01,2.020177e+01,2.018074e+01,2.013167e+01,2.018775e+01,2.015270e+01,2.014569e+01,2.026481e+01,2.001239e+01,2.012466e+01,2.013167e+01,2.013868e+01,2.025080e+01,2.014569e+01,2.013868e+01,2.018775e+01,2.013868e+01,2.022278e+01,2.034181e+01,2.025080e+01,2.017373e+01,2.027881e+01,2.026481e+01,2.027181e+01,2.034181e+01,2.027881e+01,2.034181e+01,2.039778e+01,2.015971e+01,2.027881e+01,2.018074e+01,2.013167e+01,2.017373e+01,2.018074e+01,2.015971e+01,2.009660e+01,2.005451e+01,1.997728e+01,2.004749e+01,2.007556e+01,2.006152e+01,1.988594e+01,1.994919e+01,1.995621e+01,1.976638e+01,1.987892e+01,1.975934e+01,1.972414e+01,1.968893e+01,1.966780e+01,1.966780e+01,1.964666e+01,1.963257e+01,1.982969e+01,1.969597e+01,1.975230e+01,1.972414e+01,1.980156e+01,1.980859e+01,1.975230e+01,1.991406e+01,1.998431e+01,1.993514e+01,1.992109e+01,2.006854e+01,1.994216e+01,2.020177e+01,2.001239e+01,2.015971e+01,2.027881e+01,2.011764e+01,2.021578e+01,2.028582e+01,2.032782e+01,2.028582e+01,2.034181e+01,2.051660e+01,2.046769e+01,2.041875e+01,2.050961e+01,2.046070e+01,2.048166e+01,2.050961e+01,2.053755e+01,2.049564e+01,2.053755e+01,2.054453e+01,2.058643e+01,2.062132e+01,2.066318e+01,2.064923e+01,2.061434e+01,2.063528e+01,2.060736e+01,2.046070e+01,2.060736e+01,2.062132e+01,2.064923e+01,2.059340e+01,2.069108e+01,2.074685e+01,2.059340e+01,2.068410e+01,2.064923e+01,2.057944e+01,2.050262e+01,2.066318e+01,2.056548e+01,2.050961e+01,2.053057e+01,2.053755e+01,2.053057e+01,2.039778e+01,2.055152e+01,2.051660e+01,2.051660e+01,2.048166e+01,2.041875e+01,2.059340e+01,2.062132e+01,2.048865e+01,2.045371e+01,2.048166e+01,2.046769e+01,2.047468e+01,2.049564e+01,2.063528e+01,2.044672e+01,2.055850e+01,2.053755e+01,2.052358e+01,2.062132e+01,2.052358e+01,2.054453e+01,2.051660e+01,2.050961e+01,2.064923e+01,2.062830e+01,2.049564e+01,2.066318e+01,2.064923e+01,2.055850e+01,2.067713e+01,2.062830e+01,2.057944e+01,2.062830e+01,2.069108e+01,2.054453e+01,2.057246e+01,2.067016e+01,2.060039e+01,2.068410e+01,2.055152e+01,2.060039e+01,2.064923e+01,2.057246e+01,2.067016e+01,2.064923e+01,2.069108e+01,2.065621e+01,2.064225e+01,2.065621e+01,2.064923e+01,2.071897e+01,2.052358e+01,2.071897e+01,2.064225e+01,2.065621e+01,2.073291e+01,2.055850e+01,2.059340e+01,2.063528e+01,2.062830e+01,2.063528e+01,2.063528e+01,2.069108e+01,2.062830e+01,2.073291e+01,2.058643e+01,2.060039e+01,2.065621e+01,2.061434e+01,2.063528e+01,2.062830e+01,2.062830e+01,2.055152e+01,2.052358e+01,2.031382e+01,2.014569e+01,1.994216e+01,1.989297e+01,1.973822e+01,1.972414e+01,1.929374e+01,1.928667e+01,1.928667e+01,1.966076e+01,1.999835e+01,2.019476e+01,2.007556e+01,2.031382e+01,2.021578e+01,2.021578e+01,2.026481e+01,2.025080e+01,2.023680e+01,2.031382e+01,2.029282e+01,2.020177e+01,2.024380e+01,2.025080e+01,2.017373e+01,2.017373e+01,2.021578e+01,2.027881e+01,2.021578e+01,2.023680e+01,2.018074e+01,2.017373e+01,2.021578e+01,2.019476e+01,2.018775e+01,2.025080e+01,2.024380e+01,2.025781e+01,2.027881e+01,2.013167e+01,2.029982e+01,2.022278e+01,2.015270e+01,2.020877e+01,2.014569e+01,2.010362e+01,2.024380e+01,2.022979e+01,2.027181e+01,2.021578e+01,2.015270e+01,2.020177e+01,2.021578e+01,2.018074e+01,2.023680e+01,2.025080e+01,2.030682e+01,2.032082e+01,2.028582e+01,2.036280e+01,2.036280e+01,2.057944e+01,2.054453e+01,2.044672e+01,2.050961e+01,2.056548e+01,2.048865e+01,2.051660e+01,2.048865e+01,2.052358e+01,2.048166e+01,2.051660e+01,2.048166e+01,2.052358e+01,2.049564e+01,2.045371e+01,2.029982e+01,2.041875e+01,2.038379e+01,2.044672e+01,2.047468e+01,2.052358e+01,2.046769e+01,2.053755e+01,2.041875e+01,2.041176e+01,2.051660e+01,2.044672e+01,2.047468e+01,2.055850e+01,2.049564e+01,2.045371e+01,2.036980e+01,2.045371e+01,2.032082e+01,2.050262e+01,2.027181e+01,2.036280e+01,2.025781e+01,2.019476e+01,1.999835e+01,1.993514e+01,1.992109e+01,1.997026e+01,1.994919e+01,1.992109e+01,1.991406e+01,1.990703e+01,2.001239e+01,2.001239e+01,2.001941e+01,2.020177e+01,2.022278e+01,2.023680e+01,2.022979e+01,2.025781e+01,2.040477e+01,2.029282e+01,2.036980e+01,2.050262e+01,2.053057e+01,2.038379e+01,2.055152e+01,2.046769e+01,2.051660e+01,2.049564e+01,2.050961e+01,2.045371e+01,2.048166e+01,2.041176e+01,2.050262e+01,2.046070e+01,2.042575e+01,2.035581e+01,2.034181e+01,2.034181e+01,2.032082e+01,2.024380e+01,2.026481e+01,2.026481e+01,2.027181e+01,2.039078e+01,2.036280e+01,2.034181e+01,2.022979e+01,2.051660e+01,2.053755e+01,2.048865e+01,2.064923e+01,2.058643e+01,2.062132e+01,2.052358e+01,2.059340e+01,2.053755e+01,2.068410e+01,2.064923e+01,2.056548e+01,2.046070e+01,2.052358e+01,2.068410e+01,2.048865e+01,2.050262e+01,2.057246e+01,2.048865e+01,2.042575e+01,2.046070e+01,2.049564e+01,2.045371e+01,2.044672e+01,2.048865e+01,2.053057e+01,2.046070e+01,2.048166e+01,2.046769e+01,2.046769e+01,2.049564e+01,2.046070e+01,2.048865e+01,2.029982e+01,2.028582e+01,2.023680e+01,2.032782e+01,2.035581e+01,2.033481e+01,2.032082e+01,2.033481e+01,2.037679e+01,2.034181e+01,2.030682e+01,2.025080e+01,2.037679e+01,2.026481e+01,2.022979e+01,2.019476e+01,2.040477e+01,2.032082e+01,2.029282e+01,2.033481e+01,2.028582e+01,2.041875e+01,2.030682e+01,2.023680e+01,2.026481e+01,2.036280e+01,2.024380e+01,2.024380e+01,2.027181e+01,2.027881e+01,2.025781e+01,2.029282e+01,2.028582e+01,2.028582e+01,2.046769e+01,2.036980e+01,2.024380e+01,2.030682e+01,2.043973e+01,2.035581e+01,2.032082e+01,2.022979e+01,2.031382e+01,2.041176e+01,2.019476e+01,2.014569e+01,2.023680e+01,2.031382e+01,2.040477e+01,2.051660e+01,2.049564e+01,2.047468e+01,2.050262e+01,2.045371e+01,2.047468e+01,2.060039e+01,2.055850e+01,2.045371e+01,2.042575e+01,2.035581e+01,2.042575e+01,2.041875e+01,2.041176e+01,2.048166e+01,2.041875e+01,2.039778e+01,2.052358e+01,2.049564e+01,2.063528e+01,2.053755e+01,2.053755e+01,2.054453e+01,2.054453e+01,2.054453e+01,2.057944e+01,2.055152e+01,2.075382e+01,2.055850e+01,2.053057e+01,2.052358e+01,2.050262e+01,2.064923e+01,2.069805e+01,2.067016e+01,2.067713e+01,2.083741e+01,2.082348e+01,2.091398e+01,2.099048e+01,2.101134e+01,2.092789e+01,2.083045e+01,2.095572e+01,2.096267e+01,2.081652e+01,2.085830e+01,2.080259e+01,2.077472e+01,2.084437e+01,2.081652e+01,2.064923e+01,2.062132e+01,2.083741e+01,2.073291e+01,2.069108e+01,2.069108e+01,2.062830e+01,2.062830e+01,2.067713e+01,2.080259e+01,2.078169e+01,2.082348e+01,2.081652e+01,2.099744e+01,2.095572e+01,2.080955e+01,2.080259e+01,2.093485e+01,2.083045e+01,2.089310e+01,2.094180e+01,2.104609e+01,2.092093e+01,2.090702e+01,2.086526e+01,2.093485e+01,2.089310e+01,2.090702e+01,2.086526e+01,2.092789e+01,2.083741e+01,2.097658e+01,2.084437e+01,2.086526e+01,2.094180e+01,2.094180e+01,2.085134e+01,2.087918e+01,2.095572e+01,2.084437e+01,2.099048e+01,2.095572e+01,2.080955e+01,2.089310e+01,2.083045e+01,2.089310e+01,2.085134e+01,2.085830e+01,2.087918e+01,2.090702e+01,2.087918e+01,2.090702e+01,2.094876e+01,2.085830e+01,2.092093e+01,2.105999e+01,2.088614e+01,2.090006e+01,2.089310e+01,2.088614e+01,2.075382e+01,2.089310e+01,2.093485e+01,2.085830e+01,2.103914e+01,2.096962e+01,2.096962e+01,2.103914e+01,2.103219e+01,2.092093e+01,2.083045e+01,2.093485e+01,2.094180e+01,2.092789e+01,2.112944e+01,2.116415e+01,2.112250e+01,2.104609e+01,2.104609e+01,2.102524e+01,2.110166e+01,2.115027e+01,2.118497e+01,2.119885e+01,2.096962e+01,2.082348e+01,2.075382e+01,2.073291e+01,2.069805e+01,2.070502e+01,2.071897e+01,2.070502e+01,2.070502e+01,2.082348e+01,2.084437e+01,2.073988e+01,2.075382e+01,2.064225e+01
2.078169e+01,2.078169e+01,2.071200e+01,2.067016e+01,2.057246e+01,2.068410e+01,2.074685e+01,2.083741e+01,2.070502e+01,2.062830e+01,2.072594e+01,2.056548e+01,2.059340e+01,2.050961e+01,2.049564e+01,2.049564e+01,2.044672e+01,2.041875e+01,2.048865e+01,2.037679e+01,2.044672e+01,2.051660e+01,2.037679e+01,2.037679e+01,2.043973e+01,2.043973e+01,2.028582e+01,2.041875e+01,2.037679e+01,2.036980e+01,2.042575e+01,2.036980e+01,2.018074e+01,2.043973e+01,2.040477e+01,2.039778e+01,2.034181e+01,2.031382e+01,2.031382e+01,2.036280e+01,2.026481e+01,2.027181e+01,2.034881e+01,2.038379e+01,2.032782e+01,2.027881e+01,2.036280e+01,2.032082e+01,2.029282e+01,2.027181e+01,2.047468e+01,2.022278e+01,2.028582e+01,2.016672e+01,2.034881e+01,2.021578e+01,2.022278e+01,2.031382e+01,2.020177e+01,2.024380e+01,2.020877e+01,2.031382e+01,2.022979e+01,2.022278e+01,2.016672e+01,2.025781e+01,2.015971e+01,2.003345e+01,2.022278e+01,2.013167e+01,2.030682e+01,2.018074e+01,2.022278e+01,2.031382e+01,2.009660e+01,2.024380e+01,2.027181e+01,2.025781e+01,2.012466e+01,2.022979e+01,2.015270e+01,2.008959e+01,2.008959e+01,2.025080e+01,2.012466e+01,2.015971e+01,2.020877e+01,2.019476e+01,2.018074e+01,2.021578e+01,2.024380e+01,2.025781e+01,2.020177e+01,2.031382e+01,2.034881e+01,2.036280e+01,2.034181e+01,2.030682e+01,2.036280e+01,2.029282e+01,2.037679e+01,2.032782e+01,2.019476e+01,2.035581e+01,2.032782e+01,2.019476e+01,2.015971e+01,2.025080e+01,2.018775e+01,2.012466e+01,2.014569e+01,2.005451e+01,1.995621e+01,2.011063e+01,2.008959e+01,2.006854e+01,1.990703e+01,2.011764e+01,1.990703e+01,1.996324e+01,1.994216e+01,1.983673e+01,1.977341e+01,1.981563e+01,1.974526e+01,1.966780e+01,1.984376e+01,1.970302e+01,1.959733e+01,1.960438e+01,1.954797e+01,1.966780e+01,1.977341e+01,1.974526e+01,1.978045e+01,1.985079e+01,1.978749e+01,1.987892e+01,1.991406e+01,1.993514e+01,2.013868e+01,1.990000e+01,1.999835e+01,2.008257e+01,2.020877e+01,2.024380e+01,2.028582e+01,2.032782e+01,2.025781e+01,2.031382e+01,2.034181e+01,2.053057e+01,2.050262e+01,2.052358e+01,2.050262e+01,2.046070e+01,2.042575e+01,2.043274e+01,2.049564e+01,2.050262e+01,2.055152e+01,2.053057e+01,2.062830e+01,2.054453e+01,2.061434e+01,2.055152e+01,2.062132e+01,2.063528e+01,2.062830e+01,2.066318e+01,2.062830e+01,2.065621e+01,2.063528e+01,2.062830e+01,2.060736e+01,2.059340e+01,2.076775e+01,2.064225e+01,2.062132e+01,2.053057e+01,2.062830e+01,2.060039e+01,2.058643e+01,2.064923e+01,2.062132e+01,2.051660e+01,2.053057e+01,2.051660e+01,2.055152e+01,2.059340e+01,2.052358e+01,2.036280e+01,2.050961e+01,2.046070e+01,2.060039e+01,2.048865e+01,2.046769e+01,2.055850e+01,2.042575e+01,2.048166e+01,2.042575e+01,2.048166e+01,2.050262e+01,2.046769e+01,2.050961e+01,2.052358e+01,2.046769e+01,2.052358e+01,2.050262e+01,2.065621e+01,2.058643e+01,2.058643e+01,2.050262e+01,2.055850e+01,2.054453e+01,2.058643e+01,2.060039e+01,2.062830e+01,2.062132e+01,2.062132e+01,2.076079e+01,2.073291e+01,2.058643e+01,2.062830e+01,2.060736e+01,2.062132e+01,2.059340e+01,2.059340e+01,2.064225e+01,2.059340e+01,2.058643e+01,2.050961e+01,2.065621e+01,2.050262e+01,2.067713e+01,2.070502e+01,2.061434e+01,2.067713e+01,2.057246e+01,2.060039e+01,2.065621e+01,2.069805e+01,2.063528e+01,2.066318e+01,2.061434e+01,2.063528e+01,2.073291e+01,2.057944e+01,2.059340e+01,2.060736e+01,2.062830e+01,2.061434e+01,2.060736e+01,2.063528e+01,2.069805e+01,2.088614e+01,2.060039e+01,2.061434e+01,2.055850e+01,2.062830e+01,2.064225e+01,2.053057e+01,2.059340e+01,2.040477e+01,2.034881e+01,2.015971e+01,1.997026e+01,1.990000e+01,1.976638e+01,1.959733e+01,1.941387e+01,1.936442e+01,1.948447e+01,1.969597e+01,2.020877e+01,2.036980e+01,2.027881e+01,2.022278e+01,2.025781e+01,2.027181e+01,2.023680e+01,2.034881e+01,2.029982e+01,2.025781e+01,2.026481e+01,2.028582e+01,2.026481e+01,2.024380e+01,2.027181e+01,2.020877e+01,2.029982e+01,2.016672e+01,2.027881e+01,2.017373e+01,2.030682e+01,2.027181e+01,2.020177e+01,2.025080e+01,2.021578e+01,2.022979e+01,2.024380e+01,2.020877e+01,2.022979e+01,2.013167e+01,2.015270e+01,2.022979e+01,2.015270e+01,2.026481e+01,2.010362e+01,2.018074e+01,2.021578e+01,2.021578e+01,2.017373e+01,2.021578e+01,2.025080e+01,2.021578e+01,2.022979e+01,2.036980e+01,2.033481e+01,2.022979e+01,2.030682e+01,2.037679e+01,2.027181e+01,2.029282e+01,2.049564e+01,2.053755e+01,2.050262e+01,2.055850e+01,2.054453e+01,2.057246e+01,2.055152e+01,2.052358e+01,2.051660e+01,2.041176e+01,2.046769e+01,2.043274e+01,2.046070e+01,2.043973e+01,2.041176e+01,2.038379e+01,2.048166e+01,2.046070e+01,2.039078e+01,2.053057e+01,2.044672e+01,2.052358e+01,2.048865e+01,2.048166e+01,2.050262e+01,2.050262e+01,2.053057e+01,2.055850e+01,2.042575e+01,2.041176e+01,2.052358e+01,2.053057e+01,2.052358e+01,2.045371e+01,2.036980e+01,2.022278e+01,2.010362e+01,2.021578e+01,2.022278e+01,2.009660e+01,1.992811e+01,1.987189e+01,1.985782e+01,1.986485e+01,1.993514e+01,1.994216e+01,1.994216e+01,1.996324e+01,2.005451e+01,2.015270e+01,2.029282e+01,2.025080e+01,2.032782e+01,2.018074e+01,2.023680e+01,2.027181e+01,2.043973e+01,2.039778e+01,2.043274e+01,2.050262e+01,2.044672e+01,2.054453e+01,2.043973e+01,2.052358e+01,2.043973e+01,2.052358e+01,2.048166e+01,2.041875e+01,2.050961e+01,2.045371e+01,2.046769e+01,2.046769e+01,2.043973e+01,2.038379e+01,2.035581e+01,2.037679e+01,2.029982e+01,2.026481e+01,2.025080e+01,2.025781e+01,2.026481e+01,2.028582e+01,2.034881e+01,2.030682e+01,2.048865e+01,2.053755e+01,2.057246e+01,2.060736e+01,2.060039e+01,2.055850e+01,2.063528e+01,2.062132e+01,2.055152e+01,2.055152e+01,2.055850e+01,2.062830e+01,2.051660e+01,2.053057e+01,2.051660e+01,2.053057e+01,2.053755e+01,2.044672e+01,2.062132e+01,2.059340e+01,2.057944e+01,2.039778e+01,2.056548e+01,2.040477e+01,2.046769e+01,2.055850e+01,2.050262e+01,2.051660e+01,2.056548e+01,2.053057e+01,2.048166e+01,2.053057e+01,2.037679e+01,2.046769e+01,2.049564e+01,2.045371e+01,2.043973e+01,2.039778e+01,2.035581e+01,2.036980e+01,2.039778e+01,2.041875e+01,2.034881e+01,2.034181e+01,2.029282e+01,2.034181e+01,2.038379e+01,2.039778e+01,2.021578e+01,2.040477e+01,2.039078e+01,2.027181e+01,2.025781e+01,2.020177e+01,2.024380e+01,2.039778e+01,2.030682e+01,2.030682e+01,2.029282e+01,2.030682e+01,2.025781e+01,2.029982e+01,2.024380e+01,2.025080e+01,2.020177e+01,2.032782e+01,2.022278e+01,2.027881e+01,2.025781e+01,2.037679e+01,2.027181e+01,2.036980e+01,2.031382e+01,2.031382e+01,2.041176e+01,2.039078e+01,2.040477e+01,2.027181e+01,2.011764e+01,2.035581e+01,2.032082e+01,2.022278e+01,2.027881e+01,2.052358e+01,2.050262e+01,2.052358e+01,2.048865e+01,2.044672e+01,2.048865e+01,2.050961e+01,2.048865e+01,2.046769e+01,2.057246e+01,2.038379e+01,2.041875e+01,2.036980e+01,2.039778e+01,2.051660e+01,2.043274e+01,2.042575e+01,2.049564e+01,2.067713e+01,2.059340e+01,2.063528e+01,2.061434e+01,2.057944e+01,2.054453e+01,2.059340e+01,2.056548e+01,2.060039e+01,2.060039e+01,2.053755e+01,2.047468e+01,2.059340e+01,2.064225e+01,2.057944e+01,2.065621e+01,2.085830e+01,2.085830e+01,2.087222e+01,2.094876e+01,2.099744e+01,2.085134e+01,2.097658e+01,2.097658e+01,2.096267e+01,2.093485e+01,2.091398e+01,2.094180e+01,2.092789e+01,2.076079e+01,2.085134e+01,2.090006e+01,2.087918e+01,2.087222e+01,2.073988e+01,2.088614e+01,2.076079e+01,2.068410e+01,2.064225e+01,2.070502e+01,2.069805e+01,2.080259e+01,2.085134e+01,2.085134e+01,2.090702e+01,2.084437e+01,2.087222e+01,2.093485e+01,2.093485e+01,2.099744e+01,2.096267e+01,2.096962e+01,2.089310e+01,2.096267e+01,2.099744e+01,2.097658e+01,2.092789e+01,2.085134e+01,2.091398e+01,2.087918e+01,2.099048e+01,2.104609e+01,2.092093e+01,2.085134e+01,2.093485e+01,2.090006e+01,2.093485e+01,2.089310e+01,2.095572e+01,2.090006e+01,2.090006e+01,2.094180e+01,2.094876e+01,2.086526e+01,2.087222e+01,2.087918e+01,2.085830e+01,2.090702e+01,2.086526e+01,2.082348e+01,2.097658e+01,2.089310e+01,2.095572e+01,2.076775e+01,2.085134e+01,2.099048e+01,2.088614e+01,2.090702e+01,2.099744e+01,2.089310e+01,2.089310e+01,2.090702e+01,2.092093e+01,2.090006e+01,2.101134e+01,2.091398e+01,2.101829e+01,2.097658e+01,2.088614e+01,2.099048e+01,2.082348e+01,2.094876e+01,2.092789e+01,2.099048e+01,2.092789e+01,2.095572e+01,2.101134e+01,2.111555e+01,2.090702e+01,2.115027e+01,2.117803e+01,2.100439e+01,2.114333e+01,2.113638e+01,2.110166e+01,2.125434e+01,2.124740e+01,2.098353e+01,2.094180e+01,2.087222e+01,2.073291e+01,2.080955e+01,2.071897e+01,2.071897e+01,2.069805e+01,2.087222e+01,2.070502e+01,2.084437e+01,2.083741e+01,2.082348e+01,2.073291e+01
2.076079e+01,2.073988e+01,2.072594e+01,2.072594e+01,2.072594e+01,2.090006e+01,2.069108e+01,2.069805e+01,2.077472e+01,2.057944e+01,2.058643e+01,2.057944e+01,2.051660e+01,2.055152e+01,2.053057e+01,2.053755e+01,2.049564e+01,2.039078e+01,2.048865e+01,2.043973e+01,2.044672e+01,2.042575e+01,2.051660e+01,2.045371e+01,2.025781e+01,2.027881e+01,2.029982e+01,2.048865e+01,2.036980e+01,2.036280e+01,2.038379e+01,2.035581e+01,2.039078e+01,2.041176e+01,2.018775e+01,2.041875e+01,2.030682e+01,2.039778e+01,2.032782e+01,2.044672e+01,2.036980e+01,2.025781e+01,2.034181e+01,2.029282e+01,2.029282e+01,2.039778e+01,2.027181e+01,2.038379e+01,2.027881e+01,2.036980e+01,2.051660e+01,2.030682e+01,2.027181e+01,2.031382e+01,2.026481e+01,2.025080e+01,2.039778e+01,2.045371e+01,2.015971e+01,2.020877e+01,2.022278e+01,2.025080e+01,2.027181e+01,2.024380e+01,2.033481e+01,2.024380e+01,2.026481e+01,2.029982e+01,2.038379e+01,2.024380e+01,2.016672e+01,2.033481e+01,2.014569e+01,2.038379e+01,2.027181e+01,2.017373e+01,2.023680e+01,2.032782e+01,2.013868e+01,2.018074e+01,2.019476e+01,2.025781e+01,2.028582e+01,2.022278e+01,2.014569e+01,2.021578e+01,2.025781e+01,2.012466e+01,2.023680e+01,2.027181e+01,2.013167e+01,2.015270e+01,2.025781e+01,2.024380e+01,2.032082e+01,2.032782e+01,2.032782e+01,2.022979e+01,2.033481e+01,2.031382e+01,2.022979e+01,2.026481e+01,2.020177e+01,2.041176e+01,2.021578e+01,2.012466e+01,2.006854e+01,2.023680e+01,2.006854e+01,2.004749e+01,2.012466e+01,2.008257e+01,2.000537e+01,2.006854e+01,2.007556e+01,2.011063e+01,1.990000e+01,1.991406e+01,1.987189e+01,1.995621e+01,1.982969e+01,1.980156e+01,1.981563e+01,1.975934e+01,1.971710e+01,1.966076e+01,1.974526e+01,1.964666e+01,1.964666e+01,1.957618e+01,1.956913e+01,1.966076e+01,1.977341e+01,1.978749e+01,1.973822e+01,1.982969e+01,1.973118e+01,1.993514e+01,2.005451e+01,1.997728e+01,2.013868e+01,2.008959e+01,1.999133e+01,2.014569e+01,2.027881e+01,2.020877e+01,2.026481e+01,2.033481e+01,2.030682e+01,2.053057e+01,2.036280e+01,2.039078e+01,2.034881e+01,2.048865e+01,2.049564e+01,2.051660e+01,2.050961e+01,2.060736e+01,2.049564e+01,2.050262e+01,2.057944e+01,2.050961e+01,2.058643e+01,2.057246e+01,2.064923e+01,2.066318e+01,2.064923e+01,2.060039e+01,2.060736e+01,2.060736e+01,2.064923e+01,2.067713e+01,2.064225e+01,2.074685e+01,2.064923e+01,2.061434e+01,2.064923e+01,2.062132e+01,2.056548e+01,2.064225e+01,2.056548e+01,2.068410e+01,2.062132e+01,2.055152e+01,2.060039e+01,2.060736e+01,2.067713e+01,2.051660e+01,2.049564e+01,2.049564e+01,2.058643e+01,2.043973e+01,2.049564e+01,2.057246e+01,2.058643e+01,2.053057e+01,2.057246e+01,2.061434e+01,2.054453e+01,2.049564e+01,2.046070e+01,2.048166e+01,2.041176e+01,2.032782e+01,2.052358e+01,2.052358e+01,2.041176e+01,2.056548e+01,2.050262e+01,2.057246e+01,2.053057e+01,2.051660e+01,2.057944e+01,2.065621e+01,2.061434e+01,2.059340e+01,2.063528e+01,2.060736e+01,2.062830e+01,2.050262e+01,2.074685e+01,2.060039e+01,2.070502e+01,2.057944e+01,2.059340e+01,2.063528e+01,2.065621e+01,2.056548e+01,2.059340e+01,2.060736e+01,2.059340e+01,2.059340e+01,2.062132e+01,2.064225e+01,2.065621e+01,2.070502e+01,2.065621e+01,2.065621e+01,2.069108e+01,2.065621e+01,2.067713e+01,2.076079e+01,2.064923e+01,2.074685e+01,2.056548e+01,2.057246e+01,2.064225e+01,2.064923e+01,2.060039e+01,2.069108e+01,2.064923e+01,2.060039e+01,2.076775e+01,2.059340e+01,2.070502e+01,2.060039e+01,2.063528e+01,2.062830e+01,2.071200e+01,2.058643e+01,2.052358e+01,2.049564e+01,2.032782e+01,2.032082e+01,2.023680e+01,1.995621e+01,1.995621e+01,1.987892e+01,1.973822e+01,1.944918e+01,1.942800e+01,1.932202e+01,1.947036e+01,2.004047e+01,2.019476e+01,2.037679e+01,2.023680e+01,2.027181e+01,2.026481e+01,2.027181e+01,2.023680e+01,2.022278e+01,2.027181e+01,2.023680e+01,2.025080e+01,2.032082e+01,2.021578e+01,2.022278e+01,2.027881e+01,2.017373e+01,2.018074e+01,2.013167e+01,2.018775e+01,2.018074e+01,2.030682e+01,2.005451e+01,2.016672e+01,2.028582e+01,2.022979e+01,2.020877e+01,2.022278e+01,2.021578e+01,2.020177e+01,2.033481e+01,2.042575e+01,2.022278e+01,2.008959e+01,2.023680e+01,2.021578e+01,2.022979e+01,2.027881e+01,2.020877e+01,2.027881e+01,2.014569e+01,2.027881e+01,2.036280e+01,2.023680e+01,2.036980e+01,2.019476e+01,2.034881e+01,2.037679e+01,2.026481e+01,2.039778e+01,2.036980e+01,2.036280e+01,2.037679e+01,2.050262e+01,2.056548e+01,2.048865e+01,2.057944e+01,2.050961e+01,2.051660e+01,2.050961e+01,2.051660e+01,2.044672e+01,2.043274e+01,2.048166e+01,2.043973e+01,2.049564e+01,2.046070e+01,2.033481e+01,2.030682e+01,2.028582e+01,2.045371e+01,2.052358e+01,2.043973e+01,2.049564e+01,2.053755e+01,2.058643e+01,2.059340e+01,2.048865e+01,2.063528e+01,2.050262e+01,2.045371e+01,2.041875e+01,2.032082e+01,2.038379e+01,2.027881e+01,2.036280e+01,2.013167e+01,2.018074e+01,1.999835e+01,2.013167e+01,2.003345e+01,1.985782e+01,1.985079e+01,1.994919e+01,1.997728e+01,1.990703e+01,1.993514e+01,2.011063e+01,2.011063e+01,2.004749e+01,2.018775e+01,2.018074e+01,2.034181e+01,2.030682e+01,2.032082e+01,2.041875e+01,2.043274e+01,2.044672e+01,2.046769e+01,2.049564e+01,2.051660e+01,2.034881e+01,2.056548e+01,2.053057e+01,2.040477e+01,2.050262e+01,2.042575e+01,2.045371e+01,2.046769e+01,2.046070e+01,2.036280e+01,2.051660e+01,2.041875e+01,2.035581e+01,2.036980e+01,2.036280e+01,2.032782e+01,2.032082e+01,2.021578e+01,2.027881e+01,2.023680e+01,2.025781e+01,2.027881e+01,2.042575e+01,2.046769e+01,2.050961e+01,2.048166e+01,2.054453e+01,2.050262e+01,2.055152e+01,2.056548e+01,2.053057e+01,2.057944e+01,2.066318e+01,2.056548e+01,2.057246e+01,2.055152e+01,2.053755e+01,2.064225e+01,2.069108e+01,2.064923e+01,2.052358e+01,2.048865e+01,2.049564e+01,2.048865e+01,2.050961e+01,2.046070e+01,2.046769e+01,2.055850e+01,2.058643e+01,2.057944e+01,2.048166e+01,2.050262e+01,2.050961e+01,2.051660e+01,2.048166e+01,2.039078e+01,2.048865e+01,2.039778e+01,2.048865e+01,2.047468e+01,2.031382e+01,2.048166e+01,2.032082e+01,2.034181e+01,2.041875e+01,2.025080e+01,2.037679e+01,2.036280e+01,2.038379e+01,2.042575e+01,2.039778e+01,2.043274e+01,2.029982e+01,2.039778e+01,2.041176e+01,2.041176e+01,2.040477e+01,2.040477e+01,2.043274e+01,2.034881e+01,2.038379e+01,2.027181e+01,2.023680e+01,2.030682e+01,2.025080e+01,2.022278e+01,2.032082e+01,2.027181e+01,2.025781e+01,2.015971e+01,2.022278e+01,2.026481e+01,2.024380e+01,2.022278e+01,2.022278e+01,2.036980e+01,2.025781e+01,2.022979e+01,2.043973e+01,2.044672e+01,2.023680e+01,2.025781e+01,2.020177e+01,2.022979e+01,2.025080e+01,2.028582e+01,2.050961e+01,2.045371e+01,2.029282e+01,2.049564e+01,2.050262e+01,2.050262e+01,2.053057e+01,2.046769e+01,2.044672e+01,2.042575e+01,2.032782e+01,2.044672e+01,2.038379e+01,2.046769e+01,2.041176e+01,2.047468e+01,2.045371e+01,2.055850e+01,2.049564e+01,2.062132e+01,2.053755e+01,2.055850e+01,2.050961e+01,2.057944e+01,2.054453e+01,2.071200e+01,2.071897e+01,2.057944e+01,2.055850e+01,2.045371e+01,2.061434e+01,2.063528e+01,2.055152e+01,2.067713e+01,2.061434e+01,2.063528e+01,2.083741e+01,2.088614e+01,2.080955e+01,2.099048e+01,2.094180e+01,2.098353e+01,2.097658e+01,2.096962e+01,2.090702e+01,2.106693e+01,2.098353e+01,2.086526e+01,2.096962e+01,2.087222e+01,2.092789e+01,2.078866e+01,2.084437e+01,2.089310e+01,2.077472e+01,2.087222e+01,2.089310e+01,2.074685e+01,2.090006e+01,2.074685e+01,2.083045e+01,2.080259e+01,2.076079e+01,2.097658e+01,2.092789e+01,2.102524e+01,2.090702e+01,2.093485e+01,2.090006e+01,2.097658e+01,2.101134e+01,2.094180e+01,2.108083e+01,2.092093e+01,2.096267e+01,2.091398e+01,2.089310e+01,2.094180e+01,2.088614e+01,2.099744e+01,2.085134e+01,2.103219e+01,2.096962e+01,2.091398e+01,2.088614e+01,2.082348e+01,2.090006e+01,2.085134e+01,2.085830e+01,2.085830e+01,2.092789e+01,2.090702e+01,2.085830e+01,2.090702e+01,2.090702e+01,2.081652e+01,2.090006e+01,2.090006e+01,2.090006e+01,2.099048e+01,2.110861e+01,2.083741e+01,2.081652e+01,2.085830e+01,2.096267e+01,2.085830e+01,2.089310e+01,2.083741e+01,2.090702e+01,2.084437e+01,2.092093e+01,2.096962e+01,2.078169e+01,2.089310e+01,2.099744e+01,2.097658e+01,2.098353e+01,2.110166e+01,2.109472e+01,2.089310e+01,2.106693e+01,2.092093e+01,2.097658e+01,2.107388e+01,2.094180e+01,2.108083e+01,2.111555e+01,2.112944e+01,2.111555e+01,2.112944e+01,2.110166e+01,2.108777e+01,2.115027e+01,2.115027e+01,2.116415e+01,2.105999e+01,2.083045e+01,2.085830e+01,2.073291e+01,2.070502e+01,2.069805e+01,2.078169e+01,2.086526e+01,2.085830e+01,2.071200e+01,2.081652e+01,2.072594e+01,2.080259e+01,2.078169e+01,2.062830e+01
2.077472e+01,2.068410e+01,2.075382e+01,2.073988e+01,2.072594e+01,2.070502e+01,2.071200e+01,2.073988e+01,2.057246e+01,2.059340e+01,2.089310e+01,2.057246e+01,2.043973e+01,2.043274e+01,2.046070e+01,2.039078e+01,2.043973e+01,2.033481e+01,2.035581e+01,2.030682e+01,2.036980e+01,2.029282e+01,2.040477e+01,2.032082e+01,2.048865e+01,2.036980e+01,2.041176e+01,2.022278e+01,2.044672e+01,2.036980e+01,2.036280e+01,2.039078e+01,2.029282e+01,2.033481e+01,2.039778e+01,2.034881e+01,2.035581e+01,2.041875e+01,2.025781e+01,2.035581e+01,2.044672e+01,2.024380e+01,2.024380e+01,2.041176e+01,2.031382e+01,2.026481e+01,2.023680e+01,2.026481e+01,2.020177e+01,2.027881e+01,2.041875e+01,2.026481e+01,2.028582e+01,2.040477e+01,2.041875e+01,2.031382e+01,2.018775e+01,2.043973e+01,2.020177e+01,2.026481e+01,2.024380e+01,2.026481e+01,2.023680e+01,2.020177e+01,2.030682e+01,2.024380e+01,2.023680e+01,2.018775e+01,2.029982e+01,2.020877e+01,2.022278e+01,2.025080e+01,2.022979e+01,2.020177e+01,2.025781e+01,2.024380e+01,2.024380e+01,2.016672e+01,2.018074e+01,2.016672e+01,2.022979e+01,2.018775e+01,2.017373e+01,2.025080e+01,2.019476e+01,2.015971e+01,2.016672e+01,2.020177e+01,2.024380e+01,2.023680e+01,2.017373e+01,2.020877e+01,2.026481e+01,2.025781e+01,2.020877e+01,2.022979e+01,2.032782e+01,2.029982e+01,2.035581e+01,2.028582e+01,2.022979e+01,2.024380e+01,2.025080e+01,2.021578e+01,2.018775e+01,2.018074e+01,2.013868e+01,2.017373e+01,2.011764e+01,2.003345e+01,2.003345e+01,2.012466e+01,2.001239e+01,2.007556e+01,1.994216e+01,1.992811e+01,2.001239e+01,2.001239e+01,1.995621e+01,1.985079e+01,1.978749e+01,1.975230e+01,1.975934e+01,1.971006e+01,1.980859e+01,1.966076e+01,1.966076e+01,1.963257e+01,1.954092e+01,1.959028e+01,1.963962e+01,1.971006e+01,1.952681e+01,1.970302e+01,1.971006e+01,1.974526e+01,1.985079e+01,1.987892e+01,1.994216e+01,1.998431e+01,2.006854e+01,2.010362e+01,2.010362e+01,2.015270e+01,2.011063e+01,2.014569e+01,2.036980e+01,2.030682e+01,2.030682e+01,2.055152e+01,2.030682e+01,2.039778e+01,2.047468e+01,2.038379e+01,2.048166e+01,2.041176e+01,2.049564e+01,2.047468e+01,2.045371e+01,2.050961e+01,2.046769e+01,2.057944e+01,2.056548e+01,2.063528e+01,2.058643e+01,2.062132e+01,2.067016e+01,2.057246e+01,2.060736e+01,2.057246e+01,2.056548e+01,2.054453e+01,2.062830e+01,2.060039e+01,2.066318e+01,2.058643e+01,2.061434e+01,2.067713e+01,2.062132e+01,2.064923e+01,2.060039e+01,2.059340e+01,2.060039e+01,2.061434e+01,2.064923e+01,2.067016e+01,2.069108e+01,2.053755e+01,2.055850e+01,2.057944e+01,2.047468e+01,2.043973e+01,2.053057e+01,2.049564e+01,2.051660e+01,2.052358e+01,2.060736e+01,2.048865e+01,2.041176e+01,2.040477e+01,2.041176e+01,2.046769e+01,2.031382e+01,2.043274e+01,2.035581e+01,2.043973e+01,2.048865e+01,2.044672e+01,2.053755e+01,2.055850e+01,2.062132e+01,2.058643e+01,2.063528e+01,2.056548e+01,2.054453e+01,2.068410e+01,2.058643e+01,2.060039e+01,2.059340e+01,2.061434e+01,2.060736e+01,2.067016e+01,2.060736e+01,2.064923e+01,2.055850e+01,2.063528e+01,2.057944e+01,2.067713e+01,2.067016e+01,2.062830e+01,2.055152e+01,2.055850e+01,2.051660e+01,2.051660e+01,2.067713e+01,2.062830e+01,2.065621e+01,2.066318e+01,2.068410e+01,2.062830e+01,2.067713e+01,2.064923e+01,2.071897e+01,2.067016e+01,2.064225e+01,2.066318e+01,2.060039e+01,2.060736e+01,2.055850e+01,2.069805e+01,2.061434e+01,2.060736e+01,2.051660e+01,2.073291e+01,2.074685e+01,2.057944e+01,2.067016e+01,2.062132e+01,2.057944e+01,2.050262e+01,2.033481e+01,2.048865e+01,2.015270e+01,2.017373e+01,1.995621e+01,1.973822e+01,1.997728e+01,1.968189e+01,1.943506e+01,1.943506e+01,1.942800e+01,1.937149e+01,1.976638e+01,2.008959e+01,2.014569e+01,2.022278e+01,2.020177e+01,2.022278e+01,2.022278e+01,2.024380e+01,2.025781e+01,2.025781e+01,2.025080e+01,2.027881e+01,2.026481e+01,2.020877e+01,2.030682e+01,2.028582e+01,2.024380e+01,2.013167e+01,2.026481e+01,2.015971e+01,2.018074e+01,2.018074e+01,2.018074e+01,2.016672e+01,2.018775e+01,2.018775e+01,2.022278e+01,2.013167e+01,2.025080e+01,2.024380e+01,2.014569e+01,2.027181e+01,2.027181e+01,2.019476e+01,2.011063e+01,2.017373e+01,2.027881e+01,2.024380e+01,2.023680e+01,2.028582e+01,2.027881e+01,2.025080e+01,2.029982e+01,2.018775e+01,2.018775e+01,2.025080e+01,2.020177e+01,2.025080e+01,2.027881e+01,2.025781e+01,2.029282e+01,2.036980e+01,2.036980e+01,2.041875e+01,2.046769e+01,2.032782e+01,2.042575e+01,2.067016e+01,2.054453e+01,2.048166e+01,2.043274e+01,2.042575e+01,2.029982e+01,2.034881e+01,2.044672e+01,2.039778e+01,2.036280e+01,2.032782e+01,2.048166e+01,2.024380e+01,2.032782e+01,2.053057e+01,2.045371e+01,2.047468e+01,2.055152e+01,2.053755e+01,2.049564e+01,2.048865e+01,2.050262e+01,2.048166e+01,2.041875e+01,2.051660e+01,2.050262e+01,2.039778e+01,2.031382e+01,2.039078e+01,2.019476e+01,2.011764e+01,2.013868e+01,2.001239e+01,1.994919e+01,1.995621e+01,1.985079e+01,1.986485e+01,1.992109e+01,1.993514e+01,2.000537e+01,1.998431e+01,2.006854e+01,2.008959e+01,2.013167e+01,2.008959e+01,2.006854e+01,2.041176e+01,2.032082e+01,2.039078e+01,2.041875e+01,2.032782e+01,2.046070e+01,2.046769e+01,2.046070e+01,2.048166e+01,2.043274e+01,2.055152e+01,2.041176e+01,2.057246e+01,2.040477e+01,2.047468e+01,2.038379e+01,2.052358e+01,2.052358e+01,2.041875e+01,2.050961e+01,2.047468e+01,2.034881e+01,2.034881e+01,2.038379e+01,2.026481e+01,2.022979e+01,2.020877e+01,2.019476e+01,2.013868e+01,2.025781e+01,2.030682e+01,2.033481e+01,2.039778e+01,2.049564e+01,2.049564e+01,2.051660e+01,2.055850e+01,2.060039e+01,2.060039e+01,2.051660e+01,2.052358e+01,2.054453e+01,2.055152e+01,2.059340e+01,2.052358e+01,2.059340e+01,2.055152e+01,2.055152e+01,2.061434e+01,2.048166e+01,2.032082e+01,2.050961e+01,2.053755e+01,2.051660e+01,2.049564e+01,2.055152e+01,2.043973e+01,2.048166e+01,2.055152e+01,2.054453e+01,2.050262e+01,2.053755e+01,2.046769e+01,2.057944e+01,2.051660e+01,2.043973e+01,2.048166e+01,2.039078e+01,2.043973e+01,2.044672e+01,2.046070e+01,2.038379e+01,2.049564e+01,2.045371e+01,2.040477e+01,2.037679e+01,2.046070e+01,2.032782e+01,2.034881e+01,2.032082e+01,2.040477e+01,2.039778e+01,2.039778e+01,2.043274e+01,2.037679e+01,2.039078e+01,2.039078e+01,2.039078e+01,2.021578e+01,2.034181e+01,2.026481e+01,2.023680e+01,2.034881e+01,2.017373e+01,2.025781e+01,2.018074e+01,2.022278e+01,2.024380e+01,2.027181e+01,2.025781e+01,2.022979e+01,2.025080e+01,2.026481e+01,2.039078e+01,2.024380e+01,2.032782e+01,2.026481e+01,2.023680e+01,2.025781e+01,2.024380e+01,2.021578e+01,2.013868e+01,2.022979e+01,2.013167e+01,2.027181e+01,2.020177e+01,2.043973e+01,2.040477e+01,2.045371e+01,2.043973e+01,2.047468e+01,2.039778e+01,2.045371e+01,2.050262e+01,2.041875e+01,2.039078e+01,2.046769e+01,2.041875e+01,2.042575e+01,2.043274e+01,2.043274e+01,2.046769e+01,2.048865e+01,2.067016e+01,2.049564e+01,2.052358e+01,2.053755e+01,2.053057e+01,2.057246e+01,2.055850e+01,2.068410e+01,2.052358e+01,2.053755e+01,2.057944e+01,2.040477e+01,2.050262e+01,2.056548e+01,2.052358e+01,2.057944e+01,2.061434e+01,2.076079e+01,2.107388e+01,2.087918e+01,2.086526e+01,2.085134e+01,2.101134e+01,2.086526e+01,2.080259e+01,2.093485e+01,2.078866e+01,2.094876e+01,2.092789e+01,2.091398e+01,2.090702e+01,2.082348e+01,2.088614e+01,2.095572e+01,2.093485e+01,2.092093e+01,2.090702e+01,2.096962e+01,2.091398e+01,2.093485e+01,2.088614e+01,2.079562e+01,2.096267e+01,2.087222e+01,2.082348e+01,2.083045e+01,2.080955e+01,2.105304e+01,2.093485e+01,2.092789e+01,2.085830e+01,2.099048e+01,2.090702e+01,2.085134e+01,2.090702e+01,2.099048e+01,2.085134e+01,2.096267e+01,2.085830e+01,2.085830e+01,2.096267e+01,2.071200e+01,2.070502e+01,2.099048e+01,2.092093e+01,2.093485e+01,2.087918e+01,2.080259e+01,2.092789e+01,2.095572e+01,2.087222e+01,2.091398e+01,2.086526e+01,2.084437e+01,2.079562e+01,2.090702e+01,2.087222e+01,2.079562e+01,2.086526e+01,2.090006e+01,2.091398e+01,2.094876e+01,2.083045e+01,2.101829e+01,2.087222e+01,2.092093e+01,2.091398e+01,2.096962e+01,2.094180e+01,2.097658e+01,2.085830e+01,2.087918e+01,2.092789e+01,2.089310e+01,2.095572e+01,2.101829e+01,2.088614e+01,2.110166e+01,2.096267e+01,2.106693e+01,2.093485e+01,2.086526e+01,2.093485e+01,2.085830e+01,2.094876e+01,2.096267e+01,2.097658e+01,2.098353e+01,2.104609e+01,2.108083e+01,2.105999e+01,2.103219e+01,2.112250e+01,2.112250e+01,2.115027e+01,2.115721e+01,2.099048e+01,2.112250e+01,2.073291e+01,2.091398e+01,2.073988e+01,2.071897e+01,2.073988e+01,2.081652e+01,2.083741e+01,2.069108e+01,2.068410e+01,2.083045e+01,2.073291e+01,2.067713e+01,2.069805e+01,2.064225e+01
2.076079e+01,2.075382e+01,2.072594e+01,2.076079e+01,2.069108e+01,2.068410e+01,2.072594e+01,2.071200e+01,2.057944e+01,2.071897e+01,2.069108e+01,2.064225e+01,2.060736e+01,2.047468e+01,2.055850e+01,2.041875e+01,2.041875e+01,2.035581e+01,2.027181e+01,2.046769e+01,2.044672e+01,2.036980e+01,2.043973e+01,2.041176e+01,2.032782e+01,2.030682e+01,2.032082e+01,2.041875e+01,2.034181e+01,2.043274e+01,2.019476e+01,2.043274e+01,2.035581e+01,2.038379e+01,2.035581e+01,2.033481e+01,2.032782e+01,2.036980e+01,2.036980e+01,2.018775e+01,2.022979e+01,2.042575e+01,2.022278e+01,2.046070e+01,2.027181e+01,2.027181e+01,2.025781e+01,2.030682e+01,2.022979e+01,2.025080e+01,2.036280e+01,2.025080e+01,2.035581e+01,2.036980e+01,2.029982e+01,2.026481e+01,2.032082e+01,2.026481e+01,2.030682e+01,2.032782e+01,2.029282e+01,2.022278e+01,2.034181e+01,2.025080e+01,2.027181e+01,2.031382e+01,2.025080e+01,2.029982e+01,2.039778e+01,2.040477e+01,2.027881e+01,2.021578e+01,2.024380e+01,2.029982e+01,2.036280e+01,2.051660e+01,2.027881e+01,2.027881e+01,2.021578e+01,2.013868e+01,2.027881e+01,2.004749e+01,2.000537e+01,2.013868e+01,2.022979e+01,2.021578e+01,2.025781e+01,2.015270e+01,2.013167e+01,2.024380e+01,2.015971e+01,2.022278e+01,2.024380e+01,2.032082e+01,2.029982e+01,2.031382e+01,2.031382e+01,2.032782e+01,2.029982e+01,2.025781e+01,2.019476e+01,2.022278e+01,2.018074e+01,2.021578e+01,2.020877e+01,2.015971e+01,2.018775e+01,2.008257e+01,2.001239e+01,2.001941e+01,1.993514e+01,1.997026e+01,1.992811e+01,1.999133e+01,2.004749e+01,2.001239e+01,1.975934e+01,1.990000e+01,1.988594e+01,1.978749e+01,1.978749e+01,1.969597e+01,1.972414e+01,1.971710e+01,1.962552e+01,1.971710e+01,1.968189e+01,1.960438e+01,1.967484e+01,1.962552e+01,1.964666e+01,1.969597e+01,1.974526e+01,1.951975e+01,1.974526e+01,1.990000e+01,1.985079e+01,1.988594e+01,1.992109e+01,2.010362e+01,1.999133e+01,2.012466e+01,2.012466e+01,2.011764e+01,2.011764e+01,2.013868e+01,2.036980e+01,2.044672e+01,2.029282e+01,2.050961e+01,2.047468e+01,2.039778e+01,2.027881e+01,2.038379e+01,2.062132e+01,2.052358e+01,2.036280e+01,2.050961e+01,2.047468e+01,2.058643e+01,2.051660e+01,2.064923e+01,2.055850e+01,2.063528e+01,2.061434e+01,2.058643e+01,2.060736e+01,2.057944e+01,2.058643e+01,2.060736e+01,2.064923e+01,2.071200e+01,2.071897e+01,2.057246e+01,2.069108e+01,2.059340e+01,2.066318e+01,2.064923e+01,2.056548e+01,2.068410e+01,2.064225e+01,2.064923e+01,2.062132e+01,2.071897e+01,2.062830e+01,2.065621e+01,2.062830e+01,2.060736e+01,2.056548e+01,2.059340e+01,2.054453e+01,2.053057e+01,2.061434e+01,2.055152e+01,2.053057e+01,2.047468e+01,2.041176e+01,2.041875e+01,2.048166e+01,2.036280e+01,2.036980e+01,2.046769e+01,2.038379e+01,2.043973e+01,2.046070e+01,2.040477e+01,2.047468e+01,2.040477e+01,2.046769e+01,2.052358e+01,2.053755e+01,2.059340e+01,2.055152e+01,2.064923e+01,2.056548e+01,2.060039e+01,2.062132e+01,2.061434e+01,2.071897e+01,2.061434e+01,2.072594e+01,2.060736e+01,2.061434e+01,2.058643e+01,2.060039e+01,2.067713e+01,2.058643e+01,2.064225e+01,2.067016e+01,2.066318e+01,2.056548e+01,2.048865e+01,2.055152e+01,2.062132e+01,2.068410e+01,2.064225e+01,2.061434e+01,2.064225e+01,2.064225e+01,2.064225e+01,2.066318e+01,2.064225e+01,2.072594e+01,2.067016e+01,2.062132e+01,2.067016e+01,2.057944e+01,2.071200e+01,2.068410e+01,2.067713e+01,2.050262e+01,2.057944e+01,2.059340e+01,2.061434e+01,2.061434e+01,2.050262e+01,2.066318e+01,2.061434e+01,2.048865e+01,2.051660e+01,2.048166e+01,2.028582e+01,2.016672e+01,2.008959e+01,1.995621e+01,1.994216e+01,1.971006e+01,1.970302e+01,1.962552e+01,1.943506e+01,1.928667e+01,1.943506e+01,2.010362e+01,2.010362e+01,2.020877e+01,2.013868e+01,2.021578e+01,2.022979e+01,2.024380e+01,2.026481e+01,2.033481e+01,2.026481e+01,2.031382e+01,2.023680e+01,2.024380e+01,2.022979e+01,2.032782e+01,2.031382e+01,2.018074e+01,2.014569e+01,2.026481e+01,2.016672e+01,2.018775e+01,2.015971e+01,2.012466e+01,2.018074e+01,2.023680e+01,2.024380e+01,2.015971e+01,2.018775e+01,2.023680e+01,2.011764e+01,2.025080e+01,2.022979e+01,2.017373e+01,2.022278e+01,2.015971e+01,2.021578e+01,2.012466e+01,2.019476e+01,2.025781e+01,2.027181e+01,2.029282e+01,2.020877e+01,2.024380e+01,2.025080e+01,2.015971e+01,2.023680e+01,2.022979e+01,2.026481e+01,2.031382e+01,2.027181e+01,2.023680e+01,2.023680e+01,2.031382e+01,2.055152e+01,2.056548e+01,2.039778e+01,2.042575e+01,2.044672e+01,2.051660e+01,2.048865e+01,2.050262e+01,2.046769e+01,2.031382e+01,2.023680e+01,2.036280e+01,2.018074e+01,2.038379e+01,2.037679e+01,2.037679e+01,2.041875e+01,2.042575e+01,2.035581e+01,2.045371e+01,2.051660e+01,2.046070e+01,2.048865e+01,2.046769e+01,2.038379e+01,2.040477e+01,2.041176e+01,2.041176e+01,2.046769e+01,2.047468e+01,2.025781e+01,2.032082e+01,2.020177e+01,2.015971e+01,2.011764e+01,2.006152e+01,1.994216e+01,1.979452e+01,1.991406e+01,1.984376e+01,1.991406e+01,1.997026e+01,1.995621e+01,1.995621e+01,2.002643e+01,2.011063e+01,2.009660e+01,2.020877e+01,2.022278e+01,2.030682e+01,2.039778e+01,2.032082e+01,2.032782e+01,2.051660e+01,2.035581e+01,2.039778e+01,2.043274e+01,2.034181e+01,2.045371e+01,2.046769e+01,2.050961e+01,2.054453e+01,2.053755e+01,2.053755e+01,2.046070e+01,2.046769e+01,2.048166e+01,2.041875e+01,2.048166e+01,2.040477e+01,2.049564e+01,2.041176e+01,2.038379e+01,2.022278e+01,2.019476e+01,2.017373e+01,2.018775e+01,2.014569e+01,2.017373e+01,2.033481e+01,2.027881e+01,2.029282e+01,2.040477e+01,2.036280e+01,2.048865e+01,2.060736e+01,2.060039e+01,2.061434e+01,2.055152e+01,2.055850e+01,2.067713e+01,2.060736e+01,2.055850e+01,2.053755e+01,2.056548e+01,2.058643e+01,2.052358e+01,2.046769e+01,2.054453e+01,2.051660e+01,2.050961e+01,2.049564e+01,2.047468e+01,2.050961e+01,2.050961e+01,2.052358e+01,2.054453e+01,2.053755e+01,2.050961e+01,2.053057e+01,2.053057e+01,2.051660e+01,2.050262e+01,2.053057e+01,2.052358e+01,2.048166e+01,2.050961e+01,2.078866e+01,2.046769e+01,2.048865e+01,2.045371e+01,2.042575e+01,2.045371e+01,2.039778e+01,2.051660e+01,2.036980e+01,2.037679e+01,2.038379e+01,2.041176e+01,2.037679e+01,2.034881e+01,2.036980e+01,2.044672e+01,2.042575e+01,2.035581e+01,2.037679e+01,2.033481e+01,2.036980e+01,2.032082e+01,2.026481e+01,2.022278e+01,2.019476e+01,2.022278e+01,2.025080e+01,2.046070e+01,2.025781e+01,2.024380e+01,2.020177e+01,2.027881e+01,2.025781e+01,2.025080e+01,2.017373e+01,2.018775e+01,2.034181e+01,2.021578e+01,2.022979e+01,2.036980e+01,2.039078e+01,2.041875e+01,2.025080e+01,2.025080e+01,2.016672e+01,2.025781e+01,2.023680e+01,2.022979e+01,2.025080e+01,2.029282e+01,2.041176e+01,2.047468e+01,2.041875e+01,2.048865e+01,2.053057e+01,2.050262e+01,2.050961e+01,2.045371e+01,2.046070e+01,2.041875e+01,2.040477e+01,2.057246e+01,2.053755e+01,2.057944e+01,2.047468e+01,2.053057e+01,2.054453e+01,2.050262e+01,2.048865e+01,2.055850e+01,2.064225e+01,2.053755e+01,2.057246e+01,2.054453e+01,2.063528e+01,2.054453e+01,2.044672e+01,2.041875e+01,2.048166e+01,2.055850e+01,2.064225e+01,2.057944e+01,2.067713e+01,2.083045e+01,2.083045e+01,2.089310e+01,2.087222e+01,2.104609e+01,2.083045e+01,2.087222e+01,2.094876e+01,2.099048e+01,2.078866e+01,2.090006e+01,2.090006e+01,2.087918e+01,2.078866e+01,2.078866e+01,2.103219e+01,2.087222e+01,2.092789e+01,2.092789e+01,2.082348e+01,2.085134e+01,2.101134e+01,2.089310e+01,2.086526e+01,2.082348e+01,2.082348e+01,2.097658e+01,2.088614e+01,2.094180e+01,2.103219e+01,2.091398e+01,2.082348e+01,2.087222e+01,2.095572e+01,2.097658e+01,2.091398e+01,2.094180e+01,2.092093e+01,2.090006e+01,2.094180e+01,2.087222e+01,2.087222e+01,2.091398e+01,2.077472e+01,2.084437e+01,2.091398e+01,2.087918e+01,2.099048e+01,2.090702e+01,2.093485e+01,2.092789e+01,2.081652e+01,2.093485e+01,2.088614e+01,2.087222e+01,2.090006e+01,2.087918e+01,2.083045e+01,2.096962e+01,2.096267e+01,2.099744e+01,2.083741e+01,2.088614e+01,2.092093e+01,2.096267e+01,2.082348e+01,2.088614e+01,2.093485e+01,2.095572e+01,2.083045e+01,2.094180e+01,2.084437e+01,2.085134e+01,2.090702e+01,2.090006e+01,2.101134e+01,2.107388e+01,2.092093e+01,2.086526e+01,2.093485e+01,2.092093e+01,2.098353e+01,2.093485e+01,2.087918e+01,2.089310e+01,2.085134e+01,2.099048e+01,2.092789e+01,2.108083e+01,2.097658e+01,2.110861e+01,2.107388e+01,2.105999e+01,2.114333e+01,2.114333e+01,2.122660e+01,2.116415e+01,2.120579e+01,2.107388e+01,2.108777e+01,2.109472e+01,2.087918e+01,2.069108e+01,2.076775e+01,2.084437e+01,2.070502e+01,2.062132e+01,2.067016e+01,2.081652e+01,2.083045e+01,2.068410e+01,2.088614e+01,2.069805e+01,2.067016e+01,2.065621e+01
2.073291e+01,2.075382e+01,2.068410e+01,2.076079e+01,2.068410e+01,2.063528e+01,2.070502e+01,2.071200e+01,2.054453e+01,2.051660e+01,2.062132e+01,2.067016e+01,2.055850e+01,2.048865e+01,2.037679e+01,2.049564e+01,2.027881e+01,2.041875e+01,2.042575e+01,2.046769e+01,2.046070e+01,2.045371e+01,2.039778e+01,2.031382e+01,2.037679e+01,2.044672e+01,2.041875e+01,2.041176e+01,2.048166e+01,2.029982e+01,2.030682e+01,2.033481e+01,2.034181e+01,2.035581e+01,2.037679e+01,2.031382e+01,2.031382e+01,2.035581e+01,2.030682e+01,2.015270e+01,2.041875e+01,2.018775e+01,2.020877e+01,2.020877e+01,2.013167e+01,2.011063e+01,2.009660e+01,2.011063e+01,2.022278e+01,2.021578e+01,2.041875e+01,2.025080e+01,2.027881e+01,2.029282e+01,2.030682e+01,2.030682e+01,2.029982e+01,2.035581e+01,2.032782e+01,2.032082e+01,2.027181e+01,2.032082e+01,2.039778e+01,2.033481e+01,2.022979e+01,2.029982e+01,2.026481e+01,2.030682e+01,2.029982e+01,2.043973e+01,2.026481e+01,2.021578e+01,2.027181e+01,2.040477e+01,2.043274e+01,2.024380e+01,2.025781e+01,2.017373e+01,2.026481e+01,2.013167e+01,2.020177e+01,2.022979e+01,2.029282e+01,2.025080e+01,2.017373e+01,2.011764e+01,2.012466e+01,2.024380e+01,2.023680e+01,2.022979e+01,2.021578e+01,2.022979e+01,2.020177e+01,2.030682e+01,2.031382e+01,2.029982e+01,2.023680e+01,2.032082e+01,2.025781e+01,2.026481e+01,2.029282e+01,2.027181e+01,2.025080e+01,2.017373e+01,2.017373e+01,2.012466e+01,2.013868e+01,2.006854e+01,2.008257e+01,2.006152e+01,2.003345e+01,2.001239e+01,1.985782e+01,1.990000e+01,1.986485e+01,1.999133e+01,1.992109e+01,1.987892e+01,1.987892e+01,1.983673e+01,1.981563e+01,1.977341e+01,1.970302e+01,1.977341e+01,1.975934e+01,1.964666e+01,1.969597e+01,1.962552e+01,1.960438e+01,1.957618e+01,1.971710e+01,1.954092e+01,1.971006e+01,1.970302e+01,1.973822e+01,1.985079e+01,1.979452e+01,2.006152e+01,1.995621e+01,1.997728e+01,2.000537e+01,2.004749e+01,2.017373e+01,2.018074e+01,2.022278e+01,2.034181e+01,2.029282e+01,2.036280e+01,2.035581e+01,2.048865e+01,2.044672e+01,2.053755e+01,2.041176e+01,2.046070e+01,2.048865e+01,2.057944e+01,2.055152e+01,2.049564e+01,2.052358e+01,2.054453e+01,2.062830e+01,2.059340e+01,2.056548e+01,2.059340e+01,2.059340e+01,2.059340e+01,2.059340e+01,2.072594e+01,2.062132e+01,2.053057e+01,2.058643e+01,2.058643e+01,2.058643e+01,2.064923e+01,2.065621e+01,2.048166e+01,2.057944e+01,2.064923e+01,2.057246e+01,2.061434e+01,2.053057e+01,2.064225e+01,2.061434e+01,2.067713e+01,2.056548e+01,2.058643e+01,2.055152e+01,2.055850e+01,2.050961e+01,2.054453e+01,2.050961e+01,2.053057e+01,2.055152e+01,2.047468e+01,2.046769e+01,2.052358e+01,2.042575e+01,2.039778e+01,2.040477e+01,2.036980e+01,2.041176e+01,2.054453e+01,2.043274e+01,2.043274e+01,2.044672e+01,2.040477e+01,2.041176e+01,2.049564e+01,2.048865e+01,2.055850e+01,2.053755e+01,2.055152e+01,2.056548e+01,2.057246e+01,2.056548e+01,2.054453e+01,2.055850e+01,2.055850e+01,2.060039e+01,2.062830e+01,2.061434e+01,2.053755e+01,2.062132e+01,2.051660e+01,2.062132e+01,2.060736e+01,2.063528e+01,2.057944e+01,2.065621e+01,2.064225e+01,2.058643e+01,2.055850e+01,2.054453e+01,2.063528e+01,2.071897e+01,2.062132e+01,2.063528e+01,2.062132e+01,2.062830e+01,2.065621e+01,2.062132e+01,2.062830e+01,2.057944e+01,2.062132e+01,2.064923e+01,2.061434e+01,2.061434e+01,2.063528e+01,2.058643e+01,2.052358e+01,2.063528e+01,2.064225e+01,2.069108e+01,2.071200e+01,2.060039e+01,2.059340e+01,2.044672e+01,2.041875e+01,2.049564e+01,2.046070e+01,2.020877e+01,2.013868e+01,2.002643e+01,1.992109e+01,1.984376e+01,1.962552e+01,1.972414e+01,1.971006e+01,1.948447e+01,1.934322e+01,1.942093e+01,1.971006e+01,2.009660e+01,2.012466e+01,2.013167e+01,2.021578e+01,2.022979e+01,2.025080e+01,2.021578e+01,2.027181e+01,2.022979e+01,2.029982e+01,2.029282e+01,2.016672e+01,2.031382e+01,2.032782e+01,2.018074e+01,2.029982e+01,2.032782e+01,2.024380e+01,2.015270e+01,2.008959e+01,2.017373e+01,2.013868e+01,2.018074e+01,2.015971e+01,2.014569e+01,2.023680e+01,2.011063e+01,2.013868e+01,2.018074e+01,2.015270e+01,2.017373e+01,2.020177e+01,2.019476e+01,2.020177e+01,2.024380e+01,2.015971e+01,2.019476e+01,2.023680e+01,2.022979e+01,2.018074e+01,2.013868e+01,2.013167e+01,2.028582e+01,2.022278e+01,2.019476e+01,2.024380e+01,2.022278e+01,2.025781e+01,2.022278e+01,2.027181e+01,2.024380e+01,2.025080e+01,2.020877e+01,2.034881e+01,2.032082e+01,2.031382e+01,2.041176e+01,2.049564e+01,2.045371e+01,2.027881e+01,2.038379e+01,2.043274e+01,2.027881e+01,2.032782e+01,2.022278e+01,2.032082e+01,2.037679e+01,2.037679e+01,2.039078e+01,2.034881e+01,2.044672e+01,2.043274e+01,2.046769e+01,2.048865e+01,2.048166e+01,2.043274e+01,2.050961e+01,2.053755e+01,2.039778e+01,2.046070e+01,2.041176e+01,2.044672e+01,2.049564e+01,2.022979e+01,2.021578e+01,2.031382e+01,2.013868e+01,2.008959e+01,1.991406e+01,1.979452e+01,1.982969e+01,1.985079e+01,1.981563e+01,1.993514e+01,1.993514e+01,2.002643e+01,2.004749e+01,2.006854e+01,2.025781e+01,2.022278e+01,2.012466e+01,2.034881e+01,2.027881e+01,2.029982e+01,2.040477e+01,2.058643e+01,2.041176e+01,2.036980e+01,2.039778e+01,2.047468e+01,2.045371e+01,2.033481e+01,2.053755e+01,2.042575e+01,2.038379e+01,2.055152e+01,2.046070e+01,2.046769e+01,2.048166e+01,2.044672e+01,2.039778e+01,2.048865e+01,2.043274e+01,2.043973e+01,2.039778e+01,2.027181e+01,2.015971e+01,2.022979e+01,2.034181e+01,2.018074e+01,2.013167e+01,2.023680e+01,2.013868e+01,2.024380e+01,2.036980e+01,2.039078e+01,2.047468e+01,2.045371e+01,2.044672e+01,2.052358e+01,2.062132e+01,2.056548e+01,2.064225e+01,2.061434e+01,2.055152e+01,2.063528e+01,2.056548e+01,2.060039e+01,2.044672e+01,2.050961e+01,2.048865e+01,2.057246e+01,2.060039e+01,2.050961e+01,2.055152e+01,2.053755e+01,2.049564e+01,2.054453e+01,2.052358e+01,2.055152e+01,2.052358e+01,2.055152e+01,2.055152e+01,2.056548e+01,2.050262e+01,2.051660e+01,2.043274e+01,2.044672e+01,2.047468e+01,2.043274e+01,2.046769e+01,2.048166e+01,2.043973e+01,2.047468e+01,2.044672e+01,2.050262e+01,2.043973e+01,2.041875e+01,2.041176e+01,2.041875e+01,2.038379e+01,2.044672e+01,2.035581e+01,2.036280e+01,2.037679e+01,2.034881e+01,2.026481e+01,2.036280e+01,2.038379e+01,2.034181e+01,2.027881e+01,2.037679e+01,2.017373e+01,2.022278e+01,2.015270e+01,2.018775e+01,2.015971e+01,2.018775e+01,2.022278e+01,2.018775e+01,2.020877e+01,2.020177e+01,2.018775e+01,2.015270e+01,2.011764e+01,2.015270e+01,2.006854e+01,2.018775e+01,2.027881e+01,2.029282e+01,2.022278e+01,2.026481e+01,2.023680e+01,2.024380e+01,2.025781e+01,2.022979e+01,2.008257e+01,2.016672e+01,2.023680e+01,2.023680e+01,2.046070e+01,2.035581e+01,2.039778e+01,2.048166e+01,2.046769e+01,2.041176e+01,2.039078e+01,2.046070e+01,2.048865e+01,2.039778e+01,2.049564e+01,2.042575e+01,2.044672e+01,2.045371e+01,2.059340e+01,2.046769e+01,2.059340e+01,2.049564e+01,2.057944e+01,2.051660e+01,2.052358e+01,2.055850e+01,2.065621e+01,2.067016e+01,2.046070e+01,2.046070e+01,2.040477e+01,2.043274e+01,2.041875e+01,2.045371e+01,2.069108e+01,2.050961e+01,2.065621e+01,2.080259e+01,2.086526e+01,2.088614e+01,2.085134e+01,2.090006e+01,2.079562e+01,2.081652e+01,2.080955e+01,2.096962e+01,2.076079e+01,2.087222e+01,2.094876e+01,2.093485e+01,2.100439e+01,2.097658e+01,2.092789e+01,2.083741e+01,2.091398e+01,2.086526e+01,2.080259e+01,2.087918e+01,2.097658e+01,2.088614e+01,2.090006e+01,2.090006e+01,2.087918e+01,2.093485e+01,2.099048e+01,2.090702e+01,2.094180e+01,2.083741e+01,2.094876e+01,2.092789e+01,2.092093e+01,2.108777e+01,2.074685e+01,2.092789e+01,2.096962e+01,2.090702e+01,2.090702e+01,2.087222e+01,2.086526e+01,2.083741e+01,2.082348e+01,2.087222e+01,2.098353e+01,2.092093e+01,2.092789e+01,2.093485e+01,2.102524e+01,2.092093e+01,2.080955e+01,2.081652e+01,2.085830e+01,2.083045e+01,2.083741e+01,2.076775e+01,2.083741e+01,2.101829e+01,2.097658e+01,2.089310e+01,2.085830e+01,2.087222e+01,2.082348e+01,2.113638e+01,2.094180e+01,2.098353e+01,2.090006e+01,2.092093e+01,2.090006e+01,2.085830e+01,2.086526e+01,2.087918e+01,2.083741e+01,2.084437e+01,2.085830e+01,2.071897e+01,2.088614e+01,2.087918e+01,2.094180e+01,2.094876e+01,2.083741e+01,2.091398e+01,2.079562e+01,2.092789e+01,2.088614e+01,2.089310e+01,2.103219e+01,2.088614e+01,2.093485e+01,2.109472e+01,2.109472e+01,2.112250e+01,2.109472e+01,2.112250e+01,2.117803e+01,2.108777e+01,2.117803e+01,2.109472e+01,2.109472e+01,2.094180e+01,2.089310e+01,2.073291e+01,2.069108e+01,2.076775e+01,2.073988e+01,2.070502e+01,2.077472e+01,2.079562e+01,2.067713e+01,2.065621e+01,2.070502e+01,2.067016e+01,2.069108e+01,2.062132e+01
2.069108e+01,2.073291e+01,2.076775e+01,2.075382e+01,2.053755e+01,2.057944e+01,2.081652e+01,2.065621e+01,2.068410e+01,2.067713e+01,2.053755e+01,2.047468e+01,2.048865e+01,2.053755e+01,2.051660e+01,2.043274e+01,2.043973e+01,2.041176e+01,2.032782e+01,2.043274e+01,2.039078e+01,2.036280e+01,2.032782e+01,2.036280e+01,2.053057e+01,2.036980e+01,2.038379e+01,2.020877e+01,2.033481e+01,2.039778e+01,2.038379e+01,2.018775e+01,2.038379e+01,2.029282e+01,2.040477e+01,2.011764e+01,2.032782e+01,2.011764e+01,2.022979e+01,2.015270e+01,2.028582e+01,2.015270e+01,2.025080e+01,2.030682e+01,2.015971e+01,2.011764e+01,2.011764e+01,1.999133e+01,2.015971e+01,2.027881e+01,2.027181e+01,2.025781e+01,2.032082e+01,2.043973e+01,2.047468e+01,2.033481e+01,2.030682e+01,2.029982e+01,2.030682e+01,2.025080e+01,2.027181e+01,2.041176e+01,2.029282e+01,2.015971e+01,2.035581e+01,2.031382e+01,2.027181e+01,2.026481e+01,2.026481e+01,2.023680e+01,2.045371e+01,2.022979e+01,2.041176e+01,2.040477e+01,2.024380e+01,2.020177e+01,2.019476e+01,2.021578e+01,2.018775e+01,2.002643e+01,2.019476e+01,2.020177e+01,2.022278e+01,2.003345e+01,2.008257e+01,2.022979e+01,2.019476e+01,2.018074e+01,2.021578e+01,2.022278e+01,2.020177e+01,2.021578e+01,2.018775e+01,2.022278e+01,2.028582e+01,2.020877e+01,2.029982e+01,2.033481e+01,2.035581e+01,2.022979e+01,2.022979e+01,2.029982e+01,2.027181e+01,2.027181e+01,2.017373e+01,1.994919e+01,2.015270e+01,2.005451e+01,2.013868e+01,1.992109e+01,1.992109e+01,1.996324e+01,1.990703e+01,1.990000e+01,1.981563e+01,1.978749e+01,1.998431e+01,1.981563e+01,1.982266e+01,1.985079e+01,1.976638e+01,1.969597e+01,1.985782e+01,1.982969e+01,1.970302e+01,1.977341e+01,1.970302e+01,1.964666e+01,1.964666e+01,1.949153e+01,1.969597e+01,1.966780e+01,1.963257e+01,1.973118e+01,1.989297e+01,1.976638e+01,1.992109e+01,1.995621e+01,1.995621e+01,1.997026e+01,2.002643e+01,2.019476e+01,2.007556e+01,2.010362e+01,2.021578e+01,2.023680e+01,2.022278e+01,2.037679e+01,2.041875e+01,2.042575e+01,2.046070e+01,2.050961e+01,2.048166e+01,2.043973e+01,2.060039e+01,2.052358e+01,2.056548e+01,2.054453e+01,2.081652e+01,2.057246e+01,2.050262e+01,2.052358e+01,2.062830e+01,2.050961e+01,2.058643e+01,2.044672e+01,2.057246e+01,2.062132e+01,2.058643e+01,2.054453e+01,2.065621e+01,2.063528e+01,2.050961e+01,2.056548e+01,2.069805e+01,2.062830e+01,2.053755e+01,2.065621e+01,2.064923e+01,2.057944e+01,2.064923e+01,2.065621e+01,2.064225e+01,2.060039e+01,2.061434e+01,2.061434e+01,2.055152e+01,2.062132e+01,2.061434e+01,2.047468e+01,2.052358e+01,2.055152e+01,2.043973e+01,2.044672e+01,2.046070e+01,2.045371e+01,2.046070e+01,2.040477e+01,2.039778e+01,2.041875e+01,2.044672e+01,2.041875e+01,2.034881e+01,2.036280e+01,2.037679e+01,2.039778e+01,2.043973e+01,2.046769e+01,2.059340e+01,2.050262e+01,2.053057e+01,2.055152e+01,2.051660e+01,2.056548e+01,2.061434e+01,2.058643e+01,2.058643e+01,2.055152e+01,2.069108e+01,2.059340e+01,2.063528e+01,2.048166e+01,2.064225e+01,2.059340e+01,2.067713e+01,2.062132e+01,2.061434e+01,2.055152e+01,2.060736e+01,2.060039e+01,2.055850e+01,2.062132e+01,2.062132e+01,2.071200e+01,2.071897e+01,2.062830e+01,2.048865e+01,2.065621e+01,2.061434e+01,2.063528e+01,2.064225e+01,2.060039e+01,2.063528e+01,2.067016e+01,2.064225e+01,2.062830e+01,2.051660e+01,2.055152e+01,2.067016e+01,2.050961e+01,2.070502e+01,2.064225e+01,2.061434e+01,2.060736e+01,2.063528e+01,2.057246e+01,2.050961e+01,2.054453e+01,2.046769e+01,2.020877e+01,2.015971e+01,1.987892e+01,1.987892e+01,1.987892e+01,1.980859e+01,1.971006e+01,1.951270e+01,1.959733e+01,1.943506e+01,1.922300e+01,1.946330e+01,1.980859e+01,2.010362e+01,2.011063e+01,2.016672e+01,2.026481e+01,2.021578e+01,2.020877e+01,2.026481e+01,2.022979e+01,2.025781e+01,2.027181e+01,2.018775e+01,2.025781e+01,2.018775e+01,2.021578e+01,2.022278e+01,2.029982e+01,2.016672e+01,2.018775e+01,2.017373e+01,2.019476e+01,2.011063e+01,2.013868e+01,2.019476e+01,2.017373e+01,2.015971e+01,2.025080e+01,2.022278e+01,2.024380e+01,2.018074e+01,2.020177e+01,2.018074e+01,2.009660e+01,2.013167e+01,2.018775e+01,2.027181e+01,2.015971e+01,2.022278e+01,2.017373e+01,2.018074e+01,2.020177e+01,2.022278e+01,2.013167e+01,2.020877e+01,2.025781e+01,2.026481e+01,2.020177e+01,2.028582e+01,2.026481e+01,2.022979e+01,2.026481e+01,1.996324e+01,2.022278e+01,2.021578e+01,2.025781e+01,2.034181e+01,2.025080e+01,2.034881e+01,2.028582e+01,2.033481e+01,2.022278e+01,2.020877e+01,2.023680e+01,2.025781e+01,2.040477e+01,2.021578e+01,2.026481e+01,2.024380e+01,2.024380e+01,2.041875e+01,2.034881e+01,2.035581e+01,2.047468e+01,2.039078e+01,2.047468e+01,2.044672e+01,2.043274e+01,2.045371e+01,2.043274e+01,2.041176e+01,2.041176e+01,2.038379e+01,2.045371e+01,2.036280e+01,2.027181e+01,2.008257e+01,2.015971e+01,2.009660e+01,1.993514e+01,1.992811e+01,1.980156e+01,1.978749e+01,1.987189e+01,1.985782e+01,1.987189e+01,1.994919e+01,2.008959e+01,2.001941e+01,2.018074e+01,2.027181e+01,2.023680e+01,2.039778e+01,2.028582e+01,2.033481e+01,2.030682e+01,2.028582e+01,2.046070e+01,2.036280e+01,2.043973e+01,2.044672e+01,2.032782e+01,2.041875e+01,2.042575e+01,2.042575e+01,2.054453e+01,2.048166e+01,2.048166e+01,2.050961e+01,2.050262e+01,2.042575e+01,2.041875e+01,2.054453e+01,2.050961e+01,2.044672e+01,2.039778e+01,2.029982e+01,2.020877e+01,2.018074e+01,2.020177e+01,2.012466e+01,2.008959e+01,1.994216e+01,2.018074e+01,2.022278e+01,2.032782e+01,2.029282e+01,2.043274e+01,2.044672e+01,2.046769e+01,2.047468e+01,2.044672e+01,2.056548e+01,2.062830e+01,2.060039e+01,2.057944e+01,2.056548e+01,2.053057e+01,2.044672e+01,2.062132e+01,2.052358e+01,2.057944e+01,2.046070e+01,2.061434e+01,2.051660e+01,2.053755e+01,2.048166e+01,2.057246e+01,2.045371e+01,2.045371e+01,2.049564e+01,2.048166e+01,2.051660e+01,2.055850e+01,2.052358e+01,2.049564e+01,2.050961e+01,2.054453e+01,2.039078e+01,2.055152e+01,2.050262e+01,2.042575e+01,2.046769e+01,2.048865e+01,2.048166e+01,2.046769e+01,2.041176e+01,2.046769e+01,2.039778e+01,2.033481e+01,2.039078e+01,2.049564e+01,2.038379e+01,2.038379e+01,2.035581e+01,2.023680e+01,2.031382e+01,2.034881e+01,2.032082e+01,2.028582e+01,2.034181e+01,2.029982e+01,2.036980e+01,2.033481e+01,2.017373e+01,2.015971e+01,2.018775e+01,2.016672e+01,2.009660e+01,2.021578e+01,2.015270e+01,2.027181e+01,2.011063e+01,2.015270e+01,2.022979e+01,2.010362e+01,2.004749e+01,2.005451e+01,2.006152e+01,2.003345e+01,2.020877e+01,2.019476e+01,1.999835e+01,2.017373e+01,2.006854e+01,2.011764e+01,2.024380e+01,2.004047e+01,1.980156e+01,2.017373e+01,2.020877e+01,2.033481e+01,2.031382e+01,2.026481e+01,2.044672e+01,2.048166e+01,2.041176e+01,2.040477e+01,2.053755e+01,2.043973e+01,2.039778e+01,2.038379e+01,2.049564e+01,2.046070e+01,2.050262e+01,2.059340e+01,2.047468e+01,2.055850e+01,2.054453e+01,2.056548e+01,2.051660e+01,2.048865e+01,2.050961e+01,2.054453e+01,2.064225e+01,2.052358e+01,2.050262e+01,2.046769e+01,2.039778e+01,2.043973e+01,2.057246e+01,2.049564e+01,2.051660e+01,2.073291e+01,2.076079e+01,2.082348e+01,2.089310e+01,2.091398e+01,2.089310e+01,2.085134e+01,2.087222e+01,2.100439e+01,2.079562e+01,2.087222e+01,2.086526e+01,2.093485e+01,2.088614e+01,2.085134e+01,2.085830e+01,2.094876e+01,2.094180e+01,2.092093e+01,2.083741e+01,2.081652e+01,2.085830e+01,2.083741e+01,2.092789e+01,2.089310e+01,2.090006e+01,2.092093e+01,2.078866e+01,2.094180e+01,2.092093e+01,2.092789e+01,2.092789e+01,2.085134e+01,2.087222e+01,2.085134e+01,2.081652e+01,2.089310e+01,2.082348e+01,2.099048e+01,2.085134e+01,2.090702e+01,2.089310e+01,2.087222e+01,2.085134e+01,2.085830e+01,2.087222e+01,2.084437e+01,2.088614e+01,2.090702e+01,2.089310e+01,2.092093e+01,2.098353e+01,2.090006e+01,2.091398e+01,2.081652e+01,2.102524e+01,2.087222e+01,2.081652e+01,2.085134e+01,2.084437e+01,2.087222e+01,2.095572e+01,2.094876e+01,2.095572e+01,2.086526e+01,2.086526e+01,2.083741e+01,2.083741e+01,2.080955e+01,2.089310e+01,2.085830e+01,2.094180e+01,2.094876e+01,2.086526e+01,2.094180e+01,2.094876e+01,2.092093e+01,2.080259e+01,2.094180e+01,2.085134e+01,2.090006e+01,2.101829e+01,2.084437e+01,2.099048e+01,2.090702e+01,2.094876e+01,2.087222e+01,2.098353e+01,2.092093e+01,2.090006e+01,2.097658e+01,2.087918e+01,2.105999e+01,2.108777e+01,2.093485e+01,2.109472e+01,2.111555e+01,2.117803e+01,2.118497e+01,2.116415e+01,2.115027e+01,2.111555e+01,2.080955e+01,2.069805e+01,2.079562e+01,2.071897e+01,2.081652e+01,2.071897e+01,2.085134e+01,2.083741e+01,2.067713e+01,2.068410e+01,2.080259e+01,2.069805e+01,2.067713e+01,2.072594e+01,2.073291e+01
2.073988e+01,2.068410e+01,2.073988e+01,2.069108e+01,2.068410e+01,2.071897e+01,2.069108e+01,2.069108e+01,2.062830e+01,2.040477e+01,2.049564e+01,2.047468e+01,2.053755e+01,2.054453e+01,2.048166e+01,2.047468e+01,2.033481e+01,2.036980e+01,2.039778e+01,2.037679e+01,2.034181e+01,2.036980e+01,2.034181e+01,2.036980e+01,2.039778e+01,2.031382e+01,2.039078e+01,2.037679e+01,2.039078e+01,2.044672e+01,2.036980e+01,2.032082e+01,2.032782e+01,2.011063e+01,2.034881e+01,2.037679e+01,2.032082e+01,2.024380e+01,2.020877e+01,2.025080e+01,2.025080e+01,2.028582e+01,2.023680e+01,2.013868e+01,2.015270e+01,2.015270e+01,2.029282e+01,2.025781e+01,2.023680e+01,2.023680e+01,2.039078e+01,2.032782e+01,2.029282e+01,2.025781e+01,2.027181e+01,2.026481e+01,2.034181e+01,2.027881e+01,2.029982e+01,2.037679e+01,2.038379e+01,2.037679e+01,2.033481e+01,2.036980e+01,2.034881e+01,2.037679e+01,2.033481e+01,2.024380e+01,2.029282e+01,2.028582e+01,2.028582e+01,2.023680e+01,2.040477e+01,2.041176e+01,2.029282e+01,2.036980e+01,2.039078e+01,2.025781e+01,2.023680e+01,2.022278e+01,2.028582e+01,2.027181e+01,2.016672e+01,2.022278e+01,2.018775e+01,2.008257e+01,2.021578e+01,2.022278e+01,2.022278e+01,2.020177e+01,2.020877e+01,2.022278e+01,2.019476e+01,2.024380e+01,2.022278e+01,2.030682e+01,2.025781e+01,2.030682e+01,2.025080e+01,2.034181e+01,2.022979e+01,2.025781e+01,2.026481e+01,2.015971e+01,2.027181e+01,2.005451e+01,2.010362e+01,2.011764e+01,2.011764e+01,2.013868e+01,2.004749e+01,1.998431e+01,1.998431e+01,1.992109e+01,1.987892e+01,1.978749e+01,1.975934e+01,1.978749e+01,1.978045e+01,1.982266e+01,1.986485e+01,1.983673e+01,1.977341e+01,1.980859e+01,1.973118e+01,1.987892e+01,1.968893e+01,1.953386e+01,1.956207e+01,1.961847e+01,1.965371e+01,1.968189e+01,1.974526e+01,1.976638e+01,1.976638e+01,1.994216e+01,1.981563e+01,1.999835e+01,1.982969e+01,2.008959e+01,2.001941e+01,2.005451e+01,2.021578e+01,2.015270e+01,2.026481e+01,2.023680e+01,2.029282e+01,2.039078e+01,2.040477e+01,2.036280e+01,2.050262e+01,2.050961e+01,2.052358e+01,2.043973e+01,2.047468e+01,2.048166e+01,2.055152e+01,2.053755e+01,2.050961e+01,2.053755e+01,2.046070e+01,2.059340e+01,2.053755e+01,2.062830e+01,2.060736e+01,2.051660e+01,2.059340e+01,2.057944e+01,2.070502e+01,2.057944e+01,2.063528e+01,2.060039e+01,2.062132e+01,2.059340e+01,2.055152e+01,2.065621e+01,2.057246e+01,2.062132e+01,2.061434e+01,2.064225e+01,2.060736e+01,2.049564e+01,2.062830e+01,2.055850e+01,2.061434e+01,2.058643e+01,2.057246e+01,2.053755e+01,2.064225e+01,2.063528e+01,2.050262e+01,2.050961e+01,2.043274e+01,2.054453e+01,2.052358e+01,2.053057e+01,2.049564e+01,2.050262e+01,2.046070e+01,2.052358e+01,2.039078e+01,2.039778e+01,2.044672e+01,2.044672e+01,2.045371e+01,2.044672e+01,2.038379e+01,2.048865e+01,2.047468e+01,2.050262e+01,2.054453e+01,2.056548e+01,2.053755e+01,2.047468e+01,2.060039e+01,2.062132e+01,2.059340e+01,2.060736e+01,2.061434e+01,2.059340e+01,2.058643e+01,2.064923e+01,2.060039e+01,2.062830e+01,2.062132e+01,2.057944e+01,2.056548e+01,2.059340e+01,2.061434e+01,2.057944e+01,2.062830e+01,2.060736e+01,2.060039e+01,2.065621e+01,2.057246e+01,2.068410e+01,2.071200e+01,2.060039e+01,2.055850e+01,2.063528e+01,2.061434e+01,2.062830e+01,2.068410e+01,2.061434e+01,2.067713e+01,2.063528e+01,2.059340e+01,2.059340e+01,2.055152e+01,2.057246e+01,2.060736e+01,2.057944e+01,2.067713e+01,2.061434e+01,2.060039e+01,2.053755e+01,2.024380e+01,2.051660e+01,2.021578e+01,2.026481e+01,2.004749e+01,2.004749e+01,1.987892e+01,1.979452e+01,1.982266e+01,1.979452e+01,1.968893e+01,1.942800e+01,1.934322e+01,1.946330e+01,1.966076e+01,2.008257e+01,2.022278e+01,2.020177e+01,2.013167e+01,2.017373e+01,2.022979e+01,2.022278e+01,2.022278e+01,2.033481e+01,2.029282e+01,2.022278e+01,2.019476e+01,2.018775e+01,2.021578e+01,2.027181e+01,2.020877e+01,2.019476e+01,2.021578e+01,2.016672e+01,2.014569e+01,2.018074e+01,2.012466e+01,2.011063e+01,2.010362e+01,2.015971e+01,2.023680e+01,2.022979e+01,2.019476e+01,2.022979e+01,2.027881e+01,2.016672e+01,2.017373e+01,2.018775e+01,2.022278e+01,2.020177e+01,2.018775e+01,2.028582e+01,2.015971e+01,2.015971e+01,2.018074e+01,2.018074e+01,2.021578e+01,2.025080e+01,2.025781e+01,2.022979e+01,2.027181e+01,2.028582e+01,2.019476e+01,2.026481e+01,2.020877e+01,2.027881e+01,2.022979e+01,2.020177e+01,2.025781e+01,2.036980e+01,2.024380e+01,2.025781e+01,2.031382e+01,2.030682e+01,2.039078e+01,2.039078e+01,2.022278e+01,2.017373e+01,2.020177e+01,2.029982e+01,2.036280e+01,2.029282e+01,2.039078e+01,2.036280e+01,2.043973e+01,2.034881e+01,2.032782e+01,2.048865e+01,2.041875e+01,2.049564e+01,2.042575e+01,2.045371e+01,2.041176e+01,2.041176e+01,2.041875e+01,2.039778e+01,2.032082e+01,2.041176e+01,2.028582e+01,2.032082e+01,2.019476e+01,2.013868e+01,2.011063e+01,1.994216e+01,1.984376e+01,1.981563e+01,1.992811e+01,1.976638e+01,1.994216e+01,1.997026e+01,2.009660e+01,2.027881e+01,2.005451e+01,2.026481e+01,2.028582e+01,2.027881e+01,2.025781e+01,2.027181e+01,2.032082e+01,2.029982e+01,2.048865e+01,2.029282e+01,2.047468e+01,2.043274e+01,2.035581e+01,2.036980e+01,2.053057e+01,2.051660e+01,2.051660e+01,2.043274e+01,2.039778e+01,2.044672e+01,2.055152e+01,2.049564e+01,2.052358e+01,2.048166e+01,2.043973e+01,2.047468e+01,2.034881e+01,2.037679e+01,2.041176e+01,2.008959e+01,2.016672e+01,2.018074e+01,2.020877e+01,2.023680e+01,2.014569e+01,2.018074e+01,2.022278e+01,2.021578e+01,2.029282e+01,2.036280e+01,2.043274e+01,2.046070e+01,2.062830e+01,2.044672e+01,2.056548e+01,2.064923e+01,2.053755e+01,2.061434e+01,2.057246e+01,2.070502e+01,2.070502e+01,2.067713e+01,2.048166e+01,2.050961e+01,2.044672e+01,2.061434e+01,2.050961e+01,2.061434e+01,2.058643e+01,2.063528e+01,2.057944e+01,2.066318e+01,2.056548e+01,2.054453e+01,2.053755e+01,2.055152e+01,2.054453e+01,2.053755e+01,2.058643e+01,2.049564e+01,2.046070e+01,2.048166e+01,2.054453e+01,2.058643e+01,2.054453e+01,2.050262e+01,2.048166e+01,2.045371e+01,2.041176e+01,2.041875e+01,2.050961e+01,2.044672e+01,2.029282e+01,2.041875e+01,2.035581e+01,2.039078e+01,2.036980e+01,2.022278e+01,2.036280e+01,2.027881e+01,2.028582e+01,2.046769e+01,2.048865e+01,2.034181e+01,2.036980e+01,2.036280e+01,2.020177e+01,2.022278e+01,2.017373e+01,2.020177e+01,2.022979e+01,2.011764e+01,2.032082e+01,2.018074e+01,2.028582e+01,2.022278e+01,2.023680e+01,2.017373e+01,2.017373e+01,2.017373e+01,2.017373e+01,2.015971e+01,2.004749e+01,2.001239e+01,2.012466e+01,2.025080e+01,2.021578e+01,2.022979e+01,2.013868e+01,2.004749e+01,2.007556e+01,2.015270e+01,2.020877e+01,2.022278e+01,2.034181e+01,2.033481e+01,2.048166e+01,2.050262e+01,2.046070e+01,2.043274e+01,2.040477e+01,2.041176e+01,2.048166e+01,2.048166e+01,2.057944e+01,2.058643e+01,2.048166e+01,2.047468e+01,2.051660e+01,2.043973e+01,2.059340e+01,2.061434e+01,2.062830e+01,2.055152e+01,2.054453e+01,2.072594e+01,2.049564e+01,2.048166e+01,2.050262e+01,2.048865e+01,2.040477e+01,2.053057e+01,2.050961e+01,2.051660e+01,2.068410e+01,2.067016e+01,2.073291e+01,2.081652e+01,2.087918e+01,2.094180e+01,2.092789e+01,2.087222e+01,2.076775e+01,2.084437e+01,2.078169e+01,2.077472e+01,2.099744e+01,2.092789e+01,2.092789e+01,2.099048e+01,2.095572e+01,2.094876e+01,2.092093e+01,2.094180e+01,2.091398e+01,2.095572e+01,2.089310e+01,2.085830e+01,2.092093e+01,2.102524e+01,2.093485e+01,2.096962e+01,2.092093e+01,2.089310e+01,2.096267e+01,2.090006e+01,2.107388e+01,2.110166e+01,2.087222e+01,2.099048e+01,2.094876e+01,2.096962e+01,2.083045e+01,2.094876e+01,2.101829e+01,2.109472e+01,2.091398e+01,2.091398e+01,2.087918e+01,2.089310e+01,2.090006e+01,2.087918e+01,2.082348e+01,2.119885e+01,2.090006e+01,2.083045e+01,2.095572e+01,2.095572e+01,2.104609e+01,2.101134e+01,2.094876e+01,2.080955e+01,2.101134e+01,2.083045e+01,2.096962e+01,2.094876e+01,2.089310e+01,2.086526e+01,2.088614e+01,2.094180e+01,2.083045e+01,2.089310e+01,2.083741e+01,2.084437e+01,2.089310e+01,2.092093e+01,2.084437e+01,2.101829e+01,2.099744e+01,2.092093e+01,2.083741e+01,2.087918e+01,2.092093e+01,2.099048e+01,2.089310e+01,2.096962e+01,2.089310e+01,2.084437e+01,2.092093e+01,2.098353e+01,2.097658e+01,2.090006e+01,2.085830e+01,2.093485e+01,2.094180e+01,2.099744e+01,2.094876e+01,2.115721e+01,2.098353e+01,2.108083e+01,2.111555e+01,2.119191e+01,2.123353e+01,2.119885e+01,2.126127e+01,2.102524e+01,2.117803e+01,2.083741e+01,2.093485e+01,2.080955e+01,2.079562e+01,2.084437e+01,2.071897e+01,2.079562e+01,2.073291e+01,2.071200e+01,2.057944e+01,2.064225e+01,2.067713e+01,2.066318e+01,2.070502e+01,2.071200e+01
2.090702e+01,2.088614e+01,2.079562e+01,2.078169e+01,2.067713e+01,2.066318e+01,2.069805e+01,2.073988e+01,2.071897e+01,2.063528e+01,2.053755e+01,2.062830e+01,2.052358e+01,2.050262e+01,2.039078e+01,2.046070e+01,2.043274e+01,2.022979e+01,2.056548e+01,2.036280e+01,2.037679e+01,2.020877e+01,2.029982e+01,2.040477e+01,2.036280e+01,2.038379e+01,2.038379e+01,2.030682e+01,2.036280e+01,2.027181e+01,2.027881e+01,2.039778e+01,2.028582e+01,2.035581e+01,2.029282e+01,2.020877e+01,2.028582e+01,2.026481e+01,2.017373e+01,2.019476e+01,2.016672e+01,2.011764e+01,2.028582e+01,2.022979e+01,2.032782e+01,2.026481e+01,2.027881e+01,2.029282e+01,2.013868e+01,2.032782e+01,2.026481e+01,2.026481e+01,2.027181e+01,2.050262e+01,2.031382e+01,2.034881e+01,2.035581e+01,2.029982e+01,2.046070e+01,2.029282e+01,2.040477e+01,2.031382e+01,2.041875e+01,2.035581e+01,2.036980e+01,2.036980e+01,2.029282e+01,2.039778e+01,2.046769e+01,2.030682e+01,2.045371e+01,2.032082e+01,2.053755e+01,2.029982e+01,2.036280e+01,2.032082e+01,2.021578e+01,2.027181e+01,2.037679e+01,2.011764e+01,2.025781e+01,2.032782e+01,2.027881e+01,2.015270e+01,2.021578e+01,2.017373e+01,2.022278e+01,2.021578e+01,2.031382e+01,2.022278e+01,2.033481e+01,2.034181e+01,2.033481e+01,2.034881e+01,2.031382e+01,2.026481e+01,2.024380e+01,2.018775e+01,2.043274e+01,2.038379e+01,2.018074e+01,2.041875e+01,2.031382e+01,2.015270e+01,2.020877e+01,2.015270e+01,2.015971e+01,2.011063e+01,1.999835e+01,2.004047e+01,1.996324e+01,2.003345e+01,1.999133e+01,1.986485e+01,1.983673e+01,1.987892e+01,1.978045e+01,1.985782e+01,1.978749e+01,1.969597e+01,1.987189e+01,1.985782e+01,1.986485e+01,1.985079e+01,1.979452e+01,1.976638e+01,1.973822e+01,1.977341e+01,1.975934e+01,1.959028e+01,1.974526e+01,1.990000e+01,1.978045e+01,1.976638e+01,1.980859e+01,1.981563e+01,2.015971e+01,2.005451e+01,2.000537e+01,1.997026e+01,2.018074e+01,2.001941e+01,2.025080e+01,2.025781e+01,2.027181e+01,2.029982e+01,2.034881e+01,2.033481e+01,2.037679e+01,2.039778e+01,2.051660e+01,2.041176e+01,2.052358e+01,2.049564e+01,2.059340e+01,2.057944e+01,2.056548e+01,2.048865e+01,2.052358e+01,2.050262e+01,2.052358e+01,2.055152e+01,2.057944e+01,2.059340e+01,2.058643e+01,2.053057e+01,2.065621e+01,2.062830e+01,2.070502e+01,2.056548e+01,2.057944e+01,2.057944e+01,2.064923e+01,2.062830e+01,2.067713e+01,2.061434e+01,2.058643e+01,2.066318e+01,2.073988e+01,2.073988e+01,2.062132e+01,2.069108e+01,2.059340e+01,2.062830e+01,2.053057e+01,2.060736e+01,2.060736e+01,2.051660e+01,2.069108e+01,2.061434e+01,2.043274e+01,2.045371e+01,2.055152e+01,2.048166e+01,2.047468e+01,2.048865e+01,2.049564e+01,2.046070e+01,2.043274e+01,2.044672e+01,2.044672e+01,2.046070e+01,2.045371e+01,2.044672e+01,2.046769e+01,2.044672e+01,2.042575e+01,2.046070e+01,2.043274e+01,2.050262e+01,2.055850e+01,2.057944e+01,2.055152e+01,2.060736e+01,2.066318e+01,2.061434e+01,2.060039e+01,2.058643e+01,2.063528e+01,2.064923e+01,2.061434e+01,2.060736e+01,2.064225e+01,2.064923e+01,2.057944e+01,2.059340e+01,2.059340e+01,2.062830e+01,2.057944e+01,2.056548e+01,2.064225e+01,2.069108e+01,2.067713e+01,2.070502e+01,2.058643e+01,2.057944e+01,2.056548e+01,2.060736e+01,2.060039e+01,2.071897e+01,2.064225e+01,2.071200e+01,2.063528e+01,2.064225e+01,2.063528e+01,2.057246e+01,2.060736e+01,2.060039e+01,2.075382e+01,2.062830e+01,2.056548e+01,2.061434e+01,2.064225e+01,2.063528e+01,2.046070e+01,2.057246e+01,2.029982e+01,2.032782e+01,2.027881e+01,1.997728e+01,1.998431e+01,1.979452e+01,1.979452e+01,1.982266e+01,1.973822e+01,1.971006e+01,1.968893e+01,1.948447e+01,1.941387e+01,1.951270e+01,2.005451e+01,2.018074e+01,2.018074e+01,2.011764e+01,2.018074e+01,2.018775e+01,2.023680e+01,2.019476e+01,2.020877e+01,2.020177e+01,2.022979e+01,2.030682e+01,2.027181e+01,2.029982e+01,2.027881e+01,2.020877e+01,2.036980e+01,2.022278e+01,2.032082e+01,2.018775e+01,2.020877e+01,2.016672e+01,2.014569e+01,2.027181e+01,2.014569e+01,2.025080e+01,2.021578e+01,2.022278e+01,2.015971e+01,2.017373e+01,2.014569e+01,2.015270e+01,2.018074e+01,2.020877e+01,2.023680e+01,2.021578e+01,2.021578e+01,2.026481e+01,2.021578e+01,2.020177e+01,2.023680e+01,2.018775e+01,2.020177e+01,2.025080e+01,2.027181e+01,2.026481e+01,2.022979e+01,2.026481e+01,2.023680e+01,2.020177e+01,2.016672e+01,2.015270e+01,2.019476e+01,2.022278e+01,2.020177e+01,2.019476e+01,2.029982e+01,2.025781e+01,2.034181e+01,2.037679e+01,2.029282e+01,2.026481e+01,2.032082e+01,2.019476e+01,2.031382e+01,2.022979e+01,2.033481e+01,2.036280e+01,2.027881e+01,2.035581e+01,2.047468e+01,2.043274e+01,2.046070e+01,2.047468e+01,2.043274e+01,2.046769e+01,2.046769e+01,2.048166e+01,2.059340e+01,2.053755e+01,2.037679e+01,2.046070e+01,2.040477e+01,2.032782e+01,2.032082e+01,2.031382e+01,2.024380e+01,2.016672e+01,1.996324e+01,1.994919e+01,1.974526e+01,1.982969e+01,1.992109e+01,1.995621e+01,1.978749e+01,1.989297e+01,2.026481e+01,2.024380e+01,2.028582e+01,2.025781e+01,2.032082e+01,2.029282e+01,2.043973e+01,2.032782e+01,2.043274e+01,2.038379e+01,2.041875e+01,2.041875e+01,2.041176e+01,2.050262e+01,2.044672e+01,2.046769e+01,2.042575e+01,2.054453e+01,2.045371e+01,2.048166e+01,2.055850e+01,2.060039e+01,2.049564e+01,2.046769e+01,2.046070e+01,2.058643e+01,2.043973e+01,2.030682e+01,2.038379e+01,2.027881e+01,2.025080e+01,2.008257e+01,2.022979e+01,2.020877e+01,2.020877e+01,2.020177e+01,2.004047e+01,2.023680e+01,2.019476e+01,2.029282e+01,2.032782e+01,2.041875e+01,2.043274e+01,2.057246e+01,2.048865e+01,2.048865e+01,2.060736e+01,2.053755e+01,2.058643e+01,2.062830e+01,2.054453e+01,2.061434e+01,2.054453e+01,2.046070e+01,2.049564e+01,2.062830e+01,2.053755e+01,2.051660e+01,2.047468e+01,2.062132e+01,2.049564e+01,2.064225e+01,2.052358e+01,2.050262e+01,2.053057e+01,2.050961e+01,2.069805e+01,2.054453e+01,2.060736e+01,2.051660e+01,2.055152e+01,2.053057e+01,2.059340e+01,2.060039e+01,2.050262e+01,2.049564e+01,2.053057e+01,2.048166e+01,2.050262e+01,2.046769e+01,2.044672e+01,2.034881e+01,2.047468e+01,2.044672e+01,2.041176e+01,2.039078e+01,2.041176e+01,2.037679e+01,2.036980e+01,2.033481e+01,2.055152e+01,2.052358e+01,2.025781e+01,2.032782e+01,2.030682e+01,2.036980e+01,2.025080e+01,2.014569e+01,2.014569e+01,2.020177e+01,2.013167e+01,2.023680e+01,2.022278e+01,2.013868e+01,2.022278e+01,2.015971e+01,2.021578e+01,2.030682e+01,2.023680e+01,2.019476e+01,2.011764e+01,2.015270e+01,2.013167e+01,2.001941e+01,2.004047e+01,1.990000e+01,2.001239e+01,1.996324e+01,2.007556e+01,1.999133e+01,2.006152e+01,2.013868e+01,2.011764e+01,2.018074e+01,2.022278e+01,2.034181e+01,2.036980e+01,2.034881e+01,2.035581e+01,2.043973e+01,2.044672e+01,2.048166e+01,2.050262e+01,2.053755e+01,2.039078e+01,2.046070e+01,2.053755e+01,2.042575e+01,2.050262e+01,2.052358e+01,2.041176e+01,2.057246e+01,2.060039e+01,2.048166e+01,2.057944e+01,2.048166e+01,2.073291e+01,2.060736e+01,2.048166e+01,2.060736e+01,2.051660e+01,2.049564e+01,2.053057e+01,2.045371e+01,2.053057e+01,2.069108e+01,2.065621e+01,2.058643e+01,2.100439e+01,2.086526e+01,2.085134e+01,2.094180e+01,2.087222e+01,2.088614e+01,2.092789e+01,2.090006e+01,2.087918e+01,2.090006e+01,2.088614e+01,2.088614e+01,2.094180e+01,2.095572e+01,2.094180e+01,2.086526e+01,2.094180e+01,2.094180e+01,2.092093e+01,2.091398e+01,2.094876e+01,2.089310e+01,2.092093e+01,2.087222e+01,2.085830e+01,2.090006e+01,2.092789e+01,2.105304e+01,2.095572e+01,2.090006e+01,2.099048e+01,2.090702e+01,2.090006e+01,2.095572e+01,2.095572e+01,2.096962e+01,2.102524e+01,2.089310e+01,2.086526e+01,2.085830e+01,2.090006e+01,2.105999e+01,2.094180e+01,2.091398e+01,2.089310e+01,2.090702e+01,2.093485e+01,2.094876e+01,2.089310e+01,2.093485e+01,2.085134e+01,2.093485e+01,2.105304e+01,2.090702e+01,2.078866e+01,2.082348e+01,2.083741e+01,2.087222e+01,2.096267e+01,2.099744e+01,2.062830e+01,2.094876e+01,2.094180e+01,2.094180e+01,2.094180e+01,2.083045e+01,2.086526e+01,2.083741e+01,2.087918e+01,2.095572e+01,2.094876e+01,2.103914e+01,2.095572e+01,2.103914e+01,2.095572e+01,2.084437e+01,2.087918e+01,2.096962e+01,2.087222e+01,2.090702e+01,2.088614e+01,2.088614e+01,2.095572e+01,2.096267e+01,2.090006e+01,2.085830e+01,2.101829e+01,2.096962e+01,2.093485e+01,2.101829e+01,2.108083e+01,2.106693e+01,2.100439e+01,2.126821e+01,2.111555e+01,2.121272e+01,2.119191e+01,2.117803e+01,2.103914e+01,2.117803e+01,2.095572e+01,2.090702e+01,2.092093e+01,2.083045e+01,2.073988e+01,2.080955e+01,2.083045e+01,2.068410e+01,2.062132e+01,2.078169e+01,2.073291e+01,2.076775e+01,2.073988e+01,2.085134e+01,2.072594e+01,2.065621e+01
2.086526e+01,2.068410e+01,2.077472e+01,2.069108e+01,2.078866e+01,2.064225e+01,2.073988e+01,2.076079e+01,2.061434e+01,2.062830e+01,2.054453e+01,2.060736e+01,2.043973e+01,2.034181e+01,2.050961e+01,2.027881e+01,2.036280e+01,2.033481e+01,2.025080e+01,2.028582e+01,2.029982e+01,2.037679e+01,2.038379e+01,2.033481e+01,2.035581e+01,2.027881e+01,2.031382e+01,2.032082e+01,2.022278e+01,2.012466e+01,2.022979e+01,2.006152e+01,2.009660e+01,2.011764e+01,2.029982e+01,2.025080e+01,2.020177e+01,2.020177e+01,2.029282e+01,2.029282e+01,2.032782e+01,2.014569e+01,2.046070e+01,2.036280e+01,2.022979e+01,2.021578e+01,2.023680e+01,2.018775e+01,2.018074e+01,2.029982e+01,2.021578e+01,2.027881e+01,2.031382e+01,2.037679e+01,2.031382e+01,2.045371e+01,2.025781e+01,2.046769e+01,2.032082e+01,2.027181e+01,2.032782e+01,2.032082e+01,2.035581e+01,2.025781e+01,2.038379e+01,2.040477e+01,2.032082e+01,2.041875e+01,2.033481e+01,2.044672e+01,2.045371e+01,2.029282e+01,2.032782e+01,2.046070e+01,2.029982e+01,2.025781e+01,2.024380e+01,2.024380e+01,2.011063e+01,2.029982e+01,2.027181e+01,2.023680e+01,2.026481e+01,2.022278e+01,2.024380e+01,2.022278e+01,2.021578e+01,2.016672e+01,2.022979e+01,2.022979e+01,2.033481e+01,2.032782e+01,2.020177e+01,2.034881e+01,2.025080e+01,2.022278e+01,2.018775e+01,2.017373e+01,2.020177e+01,2.018074e+01,2.029982e+01,2.014569e+01,2.016672e+01,2.012466e+01,2.011764e+01,1.991406e+01,2.007556e+01,1.993514e+01,2.010362e+01,2.004749e+01,1.997026e+01,1.997728e+01,1.983673e+01,1.985079e+01,1.989297e+01,1.978749e+01,1.990703e+01,1.979452e+01,1.980156e+01,1.977341e+01,1.983673e+01,1.978749e+01,1.990703e+01,1.978749e+01,1.978749e+01,1.980156e+01,1.959028e+01,1.970302e+01,1.982969e+01,1.966076e+01,1.977341e+01,1.980859e+01,1.978749e+01,1.978749e+01,1.980859e+01,1.997026e+01,1.992811e+01,2.003345e+01,2.011063e+01,2.024380e+01,2.020177e+01,2.017373e+01,2.024380e+01,2.025080e+01,2.029282e+01,2.032082e+01,2.034881e+01,2.038379e+01,2.049564e+01,2.038379e+01,2.050961e+01,2.051660e+01,2.062132e+01,2.050961e+01,2.056548e+01,2.067016e+01,2.057944e+01,2.052358e+01,2.062830e+01,2.057246e+01,2.055850e+01,2.062830e+01,2.052358e+01,2.063528e+01,2.062132e+01,2.055850e+01,2.064923e+01,2.072594e+01,2.069108e+01,2.057944e+01,2.060736e+01,2.062830e+01,2.066318e+01,2.060039e+01,2.068410e+01,2.056548e+01,2.069108e+01,2.056548e+01,2.064923e+01,2.069108e+01,2.053755e+01,2.061434e+01,2.061434e+01,2.063528e+01,2.056548e+01,2.071200e+01,2.072594e+01,2.067016e+01,2.069108e+01,2.060039e+01,2.041176e+01,2.057944e+01,2.044672e+01,2.045371e+01,2.050961e+01,2.056548e+01,2.046769e+01,2.049564e+01,2.048865e+01,2.041875e+01,2.041176e+01,2.046070e+01,2.045371e+01,2.046070e+01,2.046769e+01,2.048166e+01,2.042575e+01,2.050262e+01,2.046070e+01,2.050262e+01,2.048865e+01,2.053057e+01,2.055152e+01,2.053057e+01,2.062132e+01,2.062830e+01,2.063528e+01,2.085134e+01,2.057246e+01,2.061434e+01,2.062830e+01,2.060039e+01,2.062830e+01,2.050961e+01,2.057246e+01,2.057944e+01,2.062132e+01,2.059340e+01,2.063528e+01,2.060736e+01,2.053755e+01,2.067016e+01,2.069108e+01,2.059340e+01,2.065621e+01,2.063528e+01,2.070502e+01,2.055152e+01,2.053057e+01,2.061434e+01,2.053755e+01,2.062132e+01,2.061434e+01,2.068410e+01,2.065621e+01,2.062830e+01,2.078169e+01,2.060736e+01,2.063528e+01,2.062132e+01,2.061434e+01,2.064923e+01,2.064225e+01,2.062132e+01,2.053755e+01,2.045371e+01,2.035581e+01,2.025781e+01,2.013868e+01,1.998431e+01,1.998431e+01,1.992109e+01,1.973822e+01,1.948447e+01,1.945624e+01,1.956207e+01,1.949153e+01,1.948447e+01,1.945624e+01,1.953386e+01,2.016672e+01,2.021578e+01,2.020877e+01,2.020177e+01,2.020877e+01,2.023680e+01,2.022278e+01,2.020177e+01,2.024380e+01,2.032782e+01,2.029282e+01,2.023680e+01,2.039078e+01,2.022979e+01,2.020177e+01,2.023680e+01,2.023680e+01,2.020177e+01,2.022979e+01,2.020177e+01,2.020177e+01,2.021578e+01,2.018775e+01,2.017373e+01,2.015270e+01,2.019476e+01,2.020877e+01,2.018775e+01,2.024380e+01,2.019476e+01,2.016672e+01,2.014569e+01,2.022278e+01,2.021578e+01,2.021578e+01,2.020877e+01,2.012466e+01,2.025080e+01,2.023680e+01,2.018074e+01,2.022979e+01,2.024380e+01,2.024380e+01,2.024380e+01,2.026481e+01,2.015270e+01,2.026481e+01,2.015270e+01,2.015971e+01,2.013167e+01,2.021578e+01,2.016672e+01,2.010362e+01,2.020177e+01,2.015971e+01,2.018775e+01,2.028582e+01,2.027181e+01,2.020177e+01,2.034181e+01,2.036280e+01,2.026481e+01,2.038379e+01,2.027181e+01,2.027181e+01,2.032082e+01,2.022278e+01,2.030682e+01,2.038379e+01,2.026481e+01,2.037679e+01,2.048166e+01,2.039778e+01,2.046769e+01,2.052358e+01,2.048865e+01,2.046070e+01,2.053057e+01,2.046070e+01,2.051660e+01,2.042575e+01,2.036280e+01,2.036280e+01,2.041176e+01,2.029282e+01,2.032782e+01,2.019476e+01,2.018775e+01,2.008257e+01,1.987892e+01,1.982266e+01,1.995621e+01,1.985782e+01,1.991406e+01,1.995621e+01,1.990703e+01,2.004047e+01,2.012466e+01,2.026481e+01,2.027181e+01,2.034881e+01,2.050262e+01,2.046070e+01,2.038379e+01,2.046769e+01,2.048166e+01,2.042575e+01,2.042575e+01,2.057944e+01,2.044672e+01,2.048166e+01,2.043274e+01,2.053057e+01,2.053755e+01,2.045371e+01,2.058643e+01,2.053755e+01,2.053057e+01,2.047468e+01,2.060736e+01,2.046769e+01,2.050262e+01,2.041176e+01,2.047468e+01,2.027181e+01,2.025781e+01,2.003345e+01,2.034881e+01,2.021578e+01,2.020177e+01,2.018775e+01,2.022979e+01,2.023680e+01,2.024380e+01,2.026481e+01,2.032082e+01,2.038379e+01,2.039778e+01,2.057944e+01,2.046070e+01,2.043274e+01,2.060039e+01,2.062830e+01,2.060039e+01,2.056548e+01,2.056548e+01,2.063528e+01,2.055152e+01,2.060039e+01,2.056548e+01,2.048865e+01,2.053755e+01,2.055152e+01,2.055850e+01,2.061434e+01,2.060736e+01,2.054453e+01,2.055152e+01,2.067713e+01,2.054453e+01,2.057944e+01,2.049564e+01,2.060736e+01,2.062830e+01,2.055850e+01,2.057246e+01,2.050262e+01,2.055850e+01,2.058643e+01,2.055850e+01,2.048166e+01,2.048865e+01,2.045371e+01,2.049564e+01,2.052358e+01,2.051660e+01,2.048865e+01,2.046769e+01,2.039778e+01,2.039778e+01,2.037679e+01,2.049564e+01,2.040477e+01,2.043274e+01,2.032082e+01,2.032782e+01,2.033481e+01,2.029282e+01,2.024380e+01,2.030682e+01,2.025080e+01,2.022278e+01,2.034881e+01,2.019476e+01,2.019476e+01,2.020177e+01,2.019476e+01,2.023680e+01,2.018775e+01,2.025781e+01,2.018775e+01,2.028582e+01,2.016672e+01,2.025781e+01,2.020877e+01,2.020877e+01,2.016672e+01,2.009660e+01,2.010362e+01,2.006854e+01,1.999835e+01,2.009660e+01,2.002643e+01,1.995621e+01,1.999835e+01,1.999835e+01,2.010362e+01,2.011063e+01,2.013868e+01,2.013868e+01,2.032782e+01,2.033481e+01,2.032782e+01,2.025781e+01,2.043274e+01,2.040477e+01,2.047468e+01,2.048865e+01,2.045371e+01,2.053057e+01,2.051660e+01,2.040477e+01,2.052358e+01,2.051660e+01,2.052358e+01,2.053057e+01,2.041875e+01,2.057246e+01,2.052358e+01,2.059340e+01,2.048865e+01,2.050961e+01,2.053755e+01,2.068410e+01,2.067016e+01,2.045371e+01,2.046769e+01,2.048166e+01,2.040477e+01,2.052358e+01,2.055152e+01,2.061434e+01,2.069805e+01,2.075382e+01,2.101134e+01,2.087222e+01,2.098353e+01,2.088614e+01,2.087222e+01,2.088614e+01,2.084437e+01,2.087918e+01,2.087222e+01,2.087918e+01,2.097658e+01,2.090702e+01,2.085134e+01,2.090006e+01,2.105999e+01,2.089310e+01,2.115721e+01,2.096267e+01,2.094876e+01,2.094876e+01,2.087918e+01,2.089310e+01,2.094180e+01,2.094180e+01,2.096962e+01,2.092789e+01,2.094180e+01,2.098353e+01,2.090006e+01,2.087918e+01,2.106693e+01,2.097658e+01,2.088614e+01,2.091398e+01,2.083045e+01,2.078866e+01,2.093485e+01,2.091398e+01,2.087918e+01,2.088614e+01,2.090006e+01,2.090702e+01,2.089310e+01,2.096962e+01,2.106693e+01,2.096267e+01,2.084437e+01,2.083741e+01,2.096962e+01,2.092789e+01,2.091398e+01,2.073988e+01,2.089310e+01,2.092093e+01,2.092789e+01,2.079562e+01,2.085134e+01,2.088614e+01,2.085830e+01,2.086526e+01,2.094180e+01,2.104609e+01,2.093485e+01,2.092789e+01,2.085830e+01,2.098353e+01,2.086526e+01,2.083045e+01,2.080955e+01,2.096962e+01,2.100439e+01,2.095572e+01,2.079562e+01,2.103914e+01,2.088614e+01,2.087222e+01,2.087918e+01,2.085830e+01,2.081652e+01,2.085134e+01,2.091398e+01,2.090006e+01,2.087918e+01,2.090006e+01,2.092093e+01,2.087222e+01,2.096962e+01,2.087918e+01,2.099048e+01,2.099744e+01,2.098353e+01,2.102524e+01,2.107388e+01,2.110166e+01,2.114333e+01,2.121272e+01,2.112250e+01,2.124047e+01,2.121272e+01,2.104609e+01,2.097658e+01,2.094180e+01,2.076079e+01,2.088614e+01,2.090006e+01,2.091398e+01,2.067016e+01,2.073291e+01,2.080259e+01,2.064225e+01,2.051660e+01,2.060039e+01,2.058643e+01,2.072594e+01,2.073988e+01,2.068410e+01
2.069805e+01,2.068410e+01,2.068410e+01,2.073988e+01,2.080259e+01,2.069805e+01,2.072594e+01,2.053755e+01,2.069108e+01,2.046070e+01,2.073988e+01,2.055850e+01,2.044672e+01,2.026481e+01,2.033481e+01,2.034181e+01,2.033481e+01,2.042575e+01,2.023680e+01,2.034181e+01,2.017373e+01,2.036980e+01,2.038379e+01,2.024380e+01,2.036280e+01,2.029982e+01,2.032082e+01,2.028582e+01,2.021578e+01,2.025080e+01,2.008257e+01,2.007556e+01,2.004749e+01,2.026481e+01,2.022979e+01,2.029282e+01,2.013167e+01,2.019476e+01,2.017373e+01,2.014569e+01,2.022979e+01,2.040477e+01,2.026481e+01,2.029282e+01,2.026481e+01,2.027881e+01,2.029982e+01,2.016672e+01,2.028582e+01,2.027881e+01,2.026481e+01,2.029282e+01,2.020877e+01,2.028582e+01,2.036280e+01,2.046769e+01,2.041875e+01,2.034181e+01,2.036280e+01,2.036980e+01,2.034881e+01,2.033481e+01,2.036980e+01,2.032082e+01,2.039778e+01,2.036980e+01,2.036280e+01,2.041875e+01,2.042575e+01,2.033481e+01,2.036980e+01,2.032782e+01,2.043274e+01,2.048865e+01,2.039078e+01,2.033481e+01,2.024380e+01,2.028582e+01,2.039778e+01,2.018775e+01,2.014569e+01,2.022278e+01,2.024380e+01,2.008959e+01,2.013868e+01,2.020177e+01,2.027881e+01,2.027181e+01,2.022278e+01,2.026481e+01,2.030682e+01,2.030682e+01,2.034881e+01,2.015270e+01,2.020177e+01,2.036280e+01,2.026481e+01,2.017373e+01,2.015971e+01,2.014569e+01,2.013868e+01,2.013167e+01,2.011764e+01,2.011764e+01,2.010362e+01,2.007556e+01,2.003345e+01,2.014569e+01,1.995621e+01,2.008257e+01,1.999835e+01,1.998431e+01,1.998431e+01,1.983673e+01,1.982266e+01,1.980859e+01,1.986485e+01,1.971006e+01,1.972414e+01,1.967484e+01,1.971710e+01,1.982266e+01,1.988594e+01,1.988594e+01,1.982969e+01,1.982969e+01,1.974526e+01,1.982969e+01,1.978749e+01,1.983673e+01,1.980859e+01,1.980859e+01,2.004749e+01,1.986485e+01,1.992811e+01,1.980859e+01,1.998431e+01,2.015270e+01,2.013167e+01,2.016672e+01,2.019476e+01,2.032082e+01,2.026481e+01,2.023680e+01,2.032782e+01,2.035581e+01,2.035581e+01,2.036280e+01,2.037679e+01,2.039778e+01,2.052358e+01,2.040477e+01,2.050262e+01,2.050961e+01,2.057246e+01,2.044672e+01,2.045371e+01,2.052358e+01,2.053755e+01,2.057246e+01,2.050961e+01,2.060039e+01,2.064225e+01,2.053755e+01,2.052358e+01,2.053755e+01,2.069108e+01,2.069108e+01,2.067713e+01,2.061434e+01,2.069108e+01,2.063528e+01,2.063528e+01,2.062830e+01,2.060039e+01,2.059340e+01,2.057944e+01,2.060736e+01,2.054453e+01,2.062132e+01,2.062830e+01,2.057246e+01,2.064923e+01,2.060039e+01,2.057944e+01,2.061434e+01,2.062830e+01,2.047468e+01,2.049564e+01,2.058643e+01,2.059340e+01,2.055850e+01,2.061434e+01,2.047468e+01,2.046070e+01,2.047468e+01,2.068410e+01,2.046769e+01,2.044672e+01,2.041176e+01,2.032082e+01,2.045371e+01,2.041176e+01,2.046070e+01,2.046769e+01,2.047468e+01,2.044672e+01,2.041176e+01,2.055850e+01,2.048865e+01,2.050262e+01,2.051660e+01,2.055850e+01,2.059340e+01,2.060039e+01,2.058643e+01,2.061434e+01,2.063528e+01,2.059340e+01,2.063528e+01,2.081652e+01,2.063528e+01,2.062830e+01,2.071200e+01,2.057246e+01,2.057246e+01,2.064225e+01,2.058643e+01,2.066318e+01,2.057944e+01,2.060039e+01,2.055850e+01,2.053755e+01,2.056548e+01,2.055850e+01,2.056548e+01,2.065621e+01,2.069108e+01,2.067713e+01,2.058643e+01,2.062132e+01,2.062132e+01,2.057944e+01,2.059340e+01,2.057246e+01,2.060039e+01,2.066318e+01,2.069108e+01,2.065621e+01,2.068410e+01,2.055850e+01,2.060736e+01,2.050961e+01,2.050262e+01,2.043274e+01,2.036980e+01,2.035581e+01,2.032782e+01,1.999835e+01,2.001239e+01,1.993514e+01,1.971006e+01,1.972414e+01,1.947742e+01,1.949859e+01,1.941387e+01,1.949153e+01,1.927959e+01,1.949859e+01,1.964666e+01,2.019476e+01,2.015270e+01,2.019476e+01,2.025781e+01,2.018775e+01,2.022979e+01,2.020177e+01,2.021578e+01,2.029282e+01,2.022979e+01,2.029282e+01,2.036280e+01,2.029282e+01,2.020877e+01,2.026481e+01,2.018775e+01,2.027881e+01,2.023680e+01,2.014569e+01,2.015270e+01,2.017373e+01,2.015270e+01,2.015971e+01,2.017373e+01,2.018775e+01,2.018775e+01,2.013868e+01,2.017373e+01,2.019476e+01,2.016672e+01,2.020877e+01,2.021578e+01,2.020177e+01,2.020877e+01,2.034881e+01,2.022278e+01,2.022979e+01,2.028582e+01,2.016672e+01,2.020877e+01,2.023680e+01,2.019476e+01,2.024380e+01,2.030682e+01,2.027881e+01,2.027181e+01,2.034181e+01,2.021578e+01,2.020877e+01,2.020877e+01,2.014569e+01,2.007556e+01,2.011063e+01,2.018775e+01,2.019476e+01,2.025781e+01,2.019476e+01,2.031382e+01,2.032082e+01,2.032082e+01,2.032782e+01,2.037679e+01,2.015270e+01,2.030682e+01,2.022278e+01,2.023680e+01,2.021578e+01,2.030682e+01,2.032082e+01,2.050961e+01,2.037679e+01,2.041875e+01,2.029282e+01,2.049564e+01,2.044672e+01,2.049564e+01,2.052358e+01,2.050961e+01,2.048865e+01,2.049564e+01,2.039078e+01,2.035581e+01,2.034181e+01,2.034881e+01,2.033481e+01,2.024380e+01,2.001239e+01,1.998431e+01,1.994919e+01,1.997026e+01,1.981563e+01,1.981563e+01,1.982969e+01,1.993514e+01,1.993514e+01,2.008959e+01,2.018775e+01,2.017373e+01,2.041176e+01,2.034881e+01,2.030682e+01,2.034881e+01,2.042575e+01,2.036280e+01,2.034181e+01,2.050262e+01,2.046070e+01,2.055152e+01,2.054453e+01,2.045371e+01,2.046070e+01,2.052358e+01,2.044672e+01,2.041875e+01,2.049564e+01,2.048865e+01,2.050961e+01,2.055152e+01,2.056548e+01,2.052358e+01,2.042575e+01,2.040477e+01,2.051660e+01,2.041875e+01,2.028582e+01,2.023680e+01,2.021578e+01,2.006854e+01,1.992811e+01,2.002643e+01,2.001239e+01,2.013868e+01,2.015971e+01,2.014569e+01,2.025781e+01,2.025781e+01,2.027181e+01,2.040477e+01,2.039778e+01,2.060039e+01,2.043274e+01,2.047468e+01,2.057944e+01,2.059340e+01,2.060039e+01,2.053057e+01,2.060736e+01,2.060736e+01,2.052358e+01,2.057246e+01,2.056548e+01,2.055850e+01,2.055850e+01,2.059340e+01,2.053057e+01,2.064923e+01,2.055152e+01,2.052358e+01,2.059340e+01,2.052358e+01,2.067713e+01,2.059340e+01,2.055152e+01,2.055152e+01,2.053057e+01,2.051660e+01,2.064225e+01,2.058643e+01,2.056548e+01,2.052358e+01,2.054453e+01,2.048166e+01,2.046769e+01,2.043973e+01,2.050961e+01,2.055152e+01,2.066318e+01,2.049564e+01,2.042575e+01,2.045371e+01,2.041176e+01,2.039078e+01,2.039778e+01,2.038379e+01,2.039778e+01,2.018074e+01,2.028582e+01,2.034881e+01,2.034181e+01,2.024380e+01,2.022278e+01,2.017373e+01,2.030682e+01,2.013167e+01,2.020177e+01,2.021578e+01,2.020177e+01,2.016672e+01,2.013868e+01,2.015270e+01,2.015270e+01,2.026481e+01,2.025080e+01,2.015270e+01,2.018775e+01,2.020877e+01,2.018074e+01,2.000537e+01,2.001239e+01,2.011063e+01,1.999835e+01,2.008257e+01,1.999835e+01,1.990703e+01,1.992811e+01,1.994919e+01,1.999835e+01,2.006854e+01,2.006152e+01,2.011764e+01,2.035581e+01,2.021578e+01,2.027881e+01,2.033481e+01,2.034181e+01,2.052358e+01,2.039778e+01,2.039778e+01,2.050262e+01,2.053755e+01,2.047468e+01,2.053057e+01,2.048865e+01,2.052358e+01,2.038379e+01,2.037679e+01,2.053057e+01,2.059340e+01,2.059340e+01,2.050961e+01,2.054453e+01,2.048865e+01,2.054453e+01,2.048865e+01,2.064923e+01,2.047468e+01,2.063528e+01,2.057246e+01,2.060039e+01,2.061434e+01,2.054453e+01,2.071200e+01,2.073291e+01,2.078866e+01,2.086526e+01,2.098353e+01,2.088614e+01,2.091398e+01,2.086526e+01,2.085134e+01,2.096962e+01,2.088614e+01,2.090006e+01,2.098353e+01,2.087222e+01,2.103219e+01,2.089310e+01,2.100439e+01,2.091398e+01,2.092093e+01,2.095572e+01,2.092093e+01,2.088614e+01,2.099048e+01,2.086526e+01,2.086526e+01,2.092789e+01,2.090006e+01,2.088614e+01,2.091398e+01,2.093485e+01,2.099744e+01,2.090006e+01,2.093485e+01,2.090702e+01,2.098353e+01,2.096267e+01,2.097658e+01,2.085830e+01,2.076775e+01,2.093485e+01,2.076079e+01,2.086526e+01,2.105999e+01,2.090006e+01,2.091398e+01,2.095572e+01,2.098353e+01,2.083741e+01,2.092789e+01,2.092093e+01,2.087918e+01,2.085134e+01,2.085134e+01,2.082348e+01,2.082348e+01,2.089310e+01,2.081652e+01,2.093485e+01,2.102524e+01,2.096267e+01,2.091398e+01,2.085830e+01,2.098353e+01,2.094876e+01,2.081652e+01,2.087918e+01,2.085134e+01,2.087222e+01,2.085830e+01,2.085830e+01,2.084437e+01,2.099744e+01,2.094180e+01,2.083741e+01,2.094180e+01,2.105999e+01,2.083045e+01,2.090702e+01,2.092789e+01,2.100439e+01,2.087918e+01,2.091398e+01,2.103219e+01,2.090006e+01,2.097658e+01,2.087222e+01,2.090006e+01,2.090702e+01,2.086526e+01,2.099744e+01,2.101829e+01,2.097658e+01,2.103914e+01,2.101829e+01,2.099744e+01,2.113638e+01,2.121966e+01,2.119885e+01,2.115027e+01,2.123353e+01,2.115027e+01,2.124047e+01,2.099744e+01,2.095572e+01,2.078169e+01,2.076079e+01,2.070502e+01,2.074685e+01,2.073291e+01,2.076775e+01,2.065621e+01,2.067713e+01,2.073988e+01,2.077472e+01,2.065621e+01,2.071897e+01,2.066318e+01,2.059340e+01,2.069108e+01
2.071897e+01,2.065621e+01,2.062132e+01,2.070502e+01,2.068410e+01,2.070502e+01,2.067713e+01,2.077472e+01,2.064225e+01,2.061434e+01,2.050961e+01,2.041875e+01,2.038379e+01,2.024380e+01,2.025781e+01,2.051660e+01,2.025781e+01,2.038379e+01,2.027181e+01,2.036280e+01,2.027881e+01,2.020877e+01,2.018074e+01,2.018775e+01,2.025781e+01,2.020877e+01,2.017373e+01,2.000537e+01,2.027881e+01,2.025080e+01,2.014569e+01,2.013167e+01,2.022979e+01,2.023680e+01,2.022979e+01,2.029282e+01,2.016672e+01,2.018775e+01,2.015971e+01,2.012466e+01,2.010362e+01,2.029282e+01,2.032082e+01,2.029982e+01,2.008257e+01,2.025781e+01,2.027181e+01,2.028582e+01,2.031382e+01,2.029982e+01,2.032082e+01,2.029282e+01,2.033481e+01,2.044672e+01,2.045371e+01,2.041875e+01,2.033481e+01,2.031382e+01,2.036980e+01,2.036280e+01,2.036980e+01,2.036280e+01,2.033481e+01,2.039078e+01,2.037679e+01,2.040477e+01,2.055152e+01,2.035581e+01,2.039778e+01,2.036280e+01,2.034181e+01,2.036980e+01,2.032082e+01,2.039778e+01,2.033481e+01,2.031382e+01,2.029982e+01,2.027881e+01,2.025080e+01,2.022979e+01,2.013868e+01,2.023680e+01,2.015270e+01,2.015270e+01,2.021578e+01,2.027181e+01,2.021578e+01,2.015971e+01,2.021578e+01,2.022979e+01,2.020877e+01,2.023680e+01,2.018074e+01,2.034881e+01,2.018074e+01,2.017373e+01,2.018775e+01,2.020877e+01,2.014569e+01,2.013167e+01,2.011063e+01,2.004749e+01,2.006854e+01,2.008959e+01,2.009660e+01,2.006152e+01,2.008257e+01,2.008959e+01,2.006152e+01,2.006152e+01,2.003345e+01,1.994216e+01,1.985079e+01,1.990703e+01,2.001239e+01,1.984376e+01,1.980156e+01,1.983673e+01,1.974526e+01,1.988594e+01,1.994216e+01,1.975934e+01,1.982969e+01,1.994919e+01,1.981563e+01,1.997026e+01,1.989297e+01,1.987892e+01,1.984376e+01,1.987892e+01,1.990000e+01,1.981563e+01,1.990000e+01,1.995621e+01,2.004749e+01,1.997728e+01,2.013167e+01,2.011063e+01,2.020877e+01,2.008959e+01,2.020177e+01,2.025781e+01,2.031382e+01,2.030682e+01,2.046070e+01,2.031382e+01,2.032082e+01,2.039778e+01,2.035581e+01,2.046769e+01,2.040477e+01,2.052358e+01,2.059340e+01,2.054453e+01,2.055152e+01,2.060736e+01,2.044672e+01,2.059340e+01,2.056548e+01,2.057944e+01,2.060736e+01,2.061434e+01,2.059340e+01,2.061434e+01,2.066318e+01,2.062830e+01,2.075382e+01,2.067713e+01,2.057944e+01,2.048865e+01,2.067713e+01,2.058643e+01,2.066318e+01,2.069805e+01,2.066318e+01,2.056548e+01,2.058643e+01,2.059340e+01,2.067016e+01,2.060736e+01,2.041875e+01,2.060039e+01,2.062132e+01,2.067016e+01,2.059340e+01,2.067016e+01,2.064225e+01,2.060039e+01,2.057944e+01,2.060736e+01,2.061434e+01,2.056548e+01,2.046070e+01,2.057246e+01,2.056548e+01,2.063528e+01,2.045371e+01,2.046070e+01,2.043973e+01,2.046769e+01,2.049564e+01,2.048865e+01,2.046769e+01,2.034881e+01,2.046769e+01,2.046070e+01,2.046769e+01,2.057246e+01,2.055152e+01,2.057944e+01,2.063528e+01,2.054453e+01,2.057944e+01,2.080955e+01,2.064225e+01,2.055152e+01,2.067016e+01,2.069108e+01,2.067713e+01,2.053755e+01,2.064923e+01,2.057944e+01,2.064225e+01,2.054453e+01,2.060039e+01,2.055850e+01,2.066318e+01,2.060736e+01,2.058643e+01,2.063528e+01,2.063528e+01,2.062132e+01,2.069805e+01,2.063528e+01,2.057246e+01,2.060736e+01,2.066318e+01,2.064225e+01,2.066318e+01,2.064225e+01,2.064225e+01,2.060736e+01,2.057246e+01,2.063528e+01,2.068410e+01,2.076079e+01,2.069805e+01,2.070502e+01,2.060736e+01,2.069805e+01,2.060039e+01,2.051660e+01,2.067016e+01,2.051660e+01,2.037679e+01,2.036980e+01,2.021578e+01,2.004047e+01,2.001941e+01,1.995621e+01,1.967484e+01,1.971006e+01,1.960438e+01,1.945624e+01,1.942093e+01,1.940681e+01,1.937855e+01,1.937149e+01,1.952681e+01,1.987189e+01,2.019476e+01,2.022278e+01,2.019476e+01,2.023680e+01,2.025781e+01,2.028582e+01,2.025781e+01,2.022278e+01,2.028582e+01,2.030682e+01,2.020877e+01,2.022278e+01,2.023680e+01,2.021578e+01,2.015971e+01,2.025080e+01,2.022278e+01,2.022979e+01,2.022278e+01,2.018074e+01,2.022278e+01,2.021578e+01,2.013868e+01,2.016672e+01,2.015971e+01,2.019476e+01,2.023680e+01,2.015971e+01,2.016672e+01,2.013868e+01,2.018775e+01,2.023680e+01,2.023680e+01,2.027881e+01,2.020177e+01,2.021578e+01,2.019476e+01,2.021578e+01,2.022979e+01,2.023680e+01,2.016672e+01,2.019476e+01,2.025781e+01,2.017373e+01,2.025781e+01,2.024380e+01,2.017373e+01,2.024380e+01,2.015971e+01,2.016672e+01,2.011063e+01,2.011063e+01,2.013167e+01,2.015971e+01,2.015971e+01,2.008959e+01,2.031382e+01,2.031382e+01,2.039078e+01,2.034881e+01,2.031382e+01,2.032782e+01,2.029282e+01,2.028582e+01,2.025080e+01,2.035581e+01,2.036980e+01,2.044672e+01,2.038379e+01,2.034881e+01,2.039078e+01,2.053755e+01,2.040477e+01,2.050262e+01,2.055850e+01,2.048865e+01,2.050961e+01,2.052358e+01,2.041176e+01,2.039778e+01,2.039078e+01,2.038379e+01,2.019476e+01,2.027881e+01,2.023680e+01,2.019476e+01,2.006854e+01,2.007556e+01,1.994919e+01,1.994216e+01,1.984376e+01,1.991406e+01,1.981563e+01,1.997728e+01,1.999133e+01,2.033481e+01,2.024380e+01,2.032782e+01,2.035581e+01,2.041875e+01,2.046070e+01,2.048166e+01,2.034881e+01,2.039778e+01,2.046070e+01,2.045371e+01,2.041875e+01,2.041875e+01,2.045371e+01,2.042575e+01,2.055850e+01,2.043973e+01,2.048166e+01,2.043973e+01,2.057944e+01,2.049564e+01,2.053755e+01,2.048865e+01,2.058643e+01,2.044672e+01,2.043973e+01,2.042575e+01,2.044672e+01,2.046769e+01,2.026481e+01,1.997026e+01,2.013868e+01,2.006854e+01,2.004749e+01,2.002643e+01,2.006152e+01,2.020877e+01,2.000537e+01,2.022979e+01,2.033481e+01,2.038379e+01,2.039078e+01,2.034181e+01,2.037679e+01,2.056548e+01,2.041176e+01,2.056548e+01,2.057246e+01,2.060039e+01,2.060736e+01,2.060736e+01,2.057944e+01,2.057944e+01,2.062132e+01,2.066318e+01,2.056548e+01,2.050961e+01,2.057246e+01,2.074685e+01,2.057944e+01,2.048166e+01,2.048865e+01,2.050262e+01,2.071200e+01,2.048166e+01,2.057246e+01,2.066318e+01,2.057246e+01,2.055152e+01,2.057944e+01,2.060736e+01,2.056548e+01,2.062132e+01,2.044672e+01,2.049564e+01,2.055850e+01,2.048865e+01,2.048166e+01,2.046769e+01,2.039778e+01,2.057246e+01,2.039078e+01,2.038379e+01,2.068410e+01,2.035581e+01,2.043274e+01,2.041875e+01,2.039078e+01,2.032782e+01,2.035581e+01,2.032082e+01,2.032782e+01,2.031382e+01,2.021578e+01,2.021578e+01,2.022979e+01,2.026481e+01,2.026481e+01,2.020177e+01,2.014569e+01,2.020177e+01,2.018074e+01,2.011063e+01,2.010362e+01,2.032082e+01,2.013167e+01,2.025781e+01,2.023680e+01,2.025781e+01,2.018074e+01,2.015971e+01,2.013167e+01,2.010362e+01,2.006854e+01,2.006854e+01,2.003345e+01,1.987189e+01,1.998431e+01,1.980156e+01,1.991406e+01,1.995621e+01,1.990703e+01,2.011764e+01,2.008257e+01,2.009660e+01,2.018074e+01,2.034881e+01,2.034181e+01,2.034181e+01,2.048166e+01,2.041875e+01,2.036280e+01,2.057246e+01,2.056548e+01,2.049564e+01,2.050262e+01,2.049564e+01,2.051660e+01,2.050262e+01,2.051660e+01,2.052358e+01,2.041875e+01,2.053057e+01,2.057944e+01,2.053755e+01,2.040477e+01,2.052358e+01,2.061434e+01,2.050961e+01,2.048865e+01,2.040477e+01,2.041176e+01,2.042575e+01,2.046070e+01,2.048166e+01,2.067713e+01,2.065621e+01,2.069108e+01,2.086526e+01,2.087918e+01,2.084437e+01,2.090702e+01,2.089310e+01,2.089310e+01,2.100439e+01,2.087918e+01,2.090006e+01,2.094180e+01,2.092093e+01,2.093485e+01,2.090006e+01,2.094876e+01,2.087918e+01,2.094180e+01,2.092093e+01,2.096267e+01,2.099048e+01,2.087222e+01,2.103219e+01,2.092093e+01,2.094876e+01,2.081652e+01,2.089310e+01,2.094180e+01,2.094180e+01,2.092789e+01,2.094876e+01,2.105999e+01,2.093485e+01,2.090006e+01,2.096962e+01,2.094876e+01,2.092093e+01,2.096962e+01,2.096267e+01,2.099744e+01,2.093485e+01,2.090006e+01,2.091398e+01,2.090702e+01,2.099048e+01,2.099744e+01,2.095572e+01,2.096962e+01,2.094876e+01,2.084437e+01,2.094876e+01,2.098353e+01,2.097658e+01,2.089310e+01,2.096267e+01,2.092093e+01,2.095572e+01,2.091398e+01,2.090006e+01,2.091398e+01,2.088614e+01,2.094876e+01,2.101134e+01,2.093485e+01,2.090702e+01,2.087222e+01,2.087222e+01,2.080259e+01,2.086526e+01,2.090702e+01,2.091398e+01,2.087222e+01,2.108083e+01,2.096267e+01,2.094180e+01,2.108083e+01,2.087918e+01,2.108777e+01,2.088614e+01,2.092093e+01,2.087222e+01,2.088614e+01,2.090006e+01,2.091398e+01,2.090006e+01,2.087918e+01,2.088614e+01,2.095572e+01,2.102524e+01,2.084437e+01,2.090702e+01,2.099744e+01,2.101829e+01,2.103914e+01,2.106693e+01,2.115027e+01,2.115721e+01,2.124740e+01,2.113638e+01,2.124740e+01,2.119885e+01,2.103219e+01,2.101829e+01,2.097658e+01,2.080259e+01,2.077472e+01,2.071897e+01,2.091398e+01,2.075382e+01,2.074685e+01,2.073988e+01,2.073291e+01,2.073291e+01,2.073988e+01,2.067713e+01,2.066318e+01,2.066318e+01,2.064923e+01,2.101134e+01
2.079562e+01,2.072594e+01,2.082348e+01,2.069108e+01,2.073988e+01,2.059340e+01,2.061434e+01,2.065621e+01,2.055850e+01,2.055850e+01,2.060039e+01,2.029282e+01,2.032782e+01,2.042575e+01,2.046070e+01,2.028582e+01,2.027181e+01,2.028582e+01,2.032082e+01,2.025781e+01,2.038379e+01,2.039078e+01,2.013868e+01,1.997728e+01,2.029982e+01,2.010362e+01,2.012466e+01,2.019476e+01,2.001941e+01,2.013167e+01,2.012466e+01,2.006152e+01,2.006152e+01,2.014569e+01,2.007556e+01,2.008257e+01,2.006152e+01,2.010362e+01,2.013868e+01,2.011764e+01,2.015971e+01,2.025781e+01,2.032782e+01,2.025080e+01,2.026481e+01,2.025080e+01,2.026481e+01,2.027881e+01,2.029282e+01,2.034881e+01,2.037679e+01,2.031382e+01,2.037679e+01,2.034181e+01,2.034181e+01,2.036980e+01,2.041875e+01,2.038379e+01,2.038379e+01,2.062132e+01,2.039778e+01,2.036280e+01,2.027881e+01,2.043973e+01,2.039778e+01,2.044672e+01,2.037679e+01,2.029282e+01,2.039078e+01,2.034181e+01,2.034181e+01,2.032782e+01,2.032782e+01,2.032082e+01,2.029982e+01,2.036280e+01,2.026481e+01,2.021578e+01,2.013167e+01,2.025080e+01,2.020177e+01,2.013868e+01,2.024380e+01,2.008257e+01,2.019476e+01,2.020177e+01,2.016672e+01,2.016672e+01,2.027881e+01,2.025781e+01,2.024380e+01,2.014569e+01,2.025080e+01,2.035581e+01,2.015270e+01,2.039078e+01,2.020877e+01,2.018074e+01,2.018074e+01,2.013868e+01,2.015971e+01,2.002643e+01,2.005451e+01,2.006152e+01,2.005451e+01,2.006854e+01,2.006854e+01,2.009660e+01,1.994919e+01,2.009660e+01,2.008959e+01,1.985782e+01,1.992811e+01,1.980859e+01,1.987892e+01,1.968893e+01,1.982969e+01,1.975934e+01,1.978045e+01,1.983673e+01,1.975230e+01,1.992811e+01,1.982266e+01,1.990703e+01,1.987892e+01,1.999133e+01,1.986485e+01,1.991406e+01,1.986485e+01,1.988594e+01,1.990000e+01,1.987892e+01,1.992811e+01,1.986485e+01,2.013167e+01,2.013167e+01,2.016672e+01,2.015971e+01,2.019476e+01,2.027181e+01,2.028582e+01,2.032782e+01,2.035581e+01,2.035581e+01,2.032082e+01,2.031382e+01,2.034181e+01,2.055850e+01,2.043274e+01,2.050961e+01,2.048865e+01,2.050961e+01,2.051660e+01,2.052358e+01,2.055152e+01,2.052358e+01,2.058643e+01,2.058643e+01,2.059340e+01,2.060039e+01,2.060736e+01,2.056548e+01,2.064225e+01,2.062830e+01,2.059340e+01,2.069108e+01,2.065621e+01,2.068410e+01,2.069108e+01,2.066318e+01,2.061434e+01,2.070502e+01,2.065621e+01,2.064923e+01,2.057246e+01,2.057944e+01,2.057944e+01,2.059340e+01,2.059340e+01,2.057944e+01,2.060736e+01,2.060736e+01,2.057944e+01,2.059340e+01,2.056548e+01,2.065621e+01,2.067016e+01,2.058643e+01,2.055152e+01,2.060736e+01,2.054453e+01,2.057944e+01,2.053755e+01,2.061434e+01,2.069108e+01,2.045371e+01,2.046070e+01,2.050961e+01,2.043274e+01,2.046769e+01,2.041875e+01,2.051660e+01,2.049564e+01,2.050262e+01,2.043274e+01,2.058643e+01,2.052358e+01,2.053755e+01,2.049564e+01,2.054453e+01,2.064225e+01,2.054453e+01,2.050262e+01,2.062830e+01,2.064923e+01,2.064225e+01,2.064923e+01,2.067016e+01,2.065621e+01,2.060736e+01,2.066318e+01,2.055850e+01,2.057246e+01,2.055152e+01,2.057944e+01,2.061434e+01,2.061434e+01,2.060736e+01,2.064225e+01,2.057246e+01,2.060736e+01,2.053755e+01,2.058643e+01,2.055152e+01,2.065621e+01,2.065621e+01,2.062830e+01,2.066318e+01,2.053057e+01,2.060736e+01,2.060039e+01,2.061434e+01,2.059340e+01,2.057246e+01,2.067713e+01,2.057246e+01,2.057246e+01,2.062830e+01,2.064923e+01,2.053755e+01,2.056548e+01,2.052358e+01,2.050262e+01,2.036280e+01,2.038379e+01,2.036280e+01,2.004749e+01,2.004047e+01,1.994919e+01,1.978045e+01,1.970302e+01,1.955502e+01,1.948447e+01,1.934322e+01,1.943506e+01,1.941387e+01,1.932909e+01,1.938562e+01,1.976638e+01,2.001239e+01,2.020877e+01,2.029982e+01,2.025080e+01,2.015971e+01,2.023680e+01,2.036280e+01,2.025080e+01,2.028582e+01,2.027181e+01,2.030682e+01,2.026481e+01,2.021578e+01,2.019476e+01,2.024380e+01,2.022278e+01,2.027881e+01,2.022979e+01,2.019476e+01,2.020177e+01,2.022979e+01,2.040477e+01,2.016672e+01,2.017373e+01,2.019476e+01,2.020177e+01,2.018775e+01,2.018074e+01,2.019476e+01,2.019476e+01,2.017373e+01,2.017373e+01,2.015971e+01,2.016672e+01,2.011063e+01,2.019476e+01,2.014569e+01,2.018074e+01,2.020877e+01,2.016672e+01,2.025080e+01,2.021578e+01,2.024380e+01,2.037679e+01,2.019476e+01,2.032082e+01,2.019476e+01,2.026481e+01,2.019476e+01,2.017373e+01,2.017373e+01,2.016672e+01,2.011063e+01,2.013868e+01,1.999835e+01,2.023680e+01,2.018074e+01,2.020177e+01,2.040477e+01,2.026481e+01,2.032782e+01,2.041176e+01,2.034181e+01,2.032782e+01,2.033481e+01,2.026481e+01,2.031382e+01,2.036280e+01,2.037679e+01,2.039078e+01,2.029982e+01,2.043973e+01,2.055152e+01,2.036280e+01,2.049564e+01,2.041875e+01,2.049564e+01,2.042575e+01,2.046070e+01,2.053755e+01,2.047468e+01,2.032782e+01,2.036280e+01,2.034181e+01,2.026481e+01,2.019476e+01,2.013868e+01,2.003345e+01,1.991406e+01,1.999835e+01,1.994919e+01,1.987892e+01,1.997026e+01,1.997026e+01,2.008257e+01,2.015971e+01,1.998431e+01,2.030682e+01,2.027881e+01,2.031382e+01,2.044672e+01,2.030682e+01,2.030682e+01,2.034181e+01,2.050961e+01,2.046769e+01,2.041176e+01,2.048865e+01,2.053755e+01,2.046070e+01,2.046070e+01,2.048166e+01,2.048166e+01,2.048166e+01,2.051660e+01,2.052358e+01,2.052358e+01,2.054453e+01,2.048865e+01,2.051660e+01,2.046070e+01,2.041875e+01,2.038379e+01,2.032082e+01,2.029982e+01,2.016672e+01,1.994216e+01,1.997728e+01,1.990000e+01,2.011063e+01,2.006152e+01,2.003345e+01,2.004047e+01,2.004749e+01,2.015270e+01,2.021578e+01,2.036980e+01,2.038379e+01,2.030682e+01,2.041875e+01,2.051660e+01,2.039778e+01,2.049564e+01,2.054453e+01,2.053755e+01,2.053057e+01,2.061434e+01,2.055850e+01,2.060039e+01,2.068410e+01,2.059340e+01,2.067713e+01,2.055850e+01,2.060039e+01,2.053057e+01,2.068410e+01,2.062830e+01,2.060039e+01,2.060039e+01,2.051660e+01,2.062132e+01,2.065621e+01,2.062830e+01,2.057944e+01,2.060039e+01,2.057944e+01,2.064225e+01,2.055850e+01,2.058643e+01,2.050961e+01,2.049564e+01,2.057246e+01,2.042575e+01,2.043274e+01,2.046070e+01,2.046769e+01,2.049564e+01,2.041875e+01,2.047468e+01,2.041176e+01,2.039778e+01,2.042575e+01,2.027181e+01,2.033481e+01,2.027181e+01,2.040477e+01,2.027881e+01,2.027881e+01,2.023680e+01,2.022278e+01,2.022278e+01,2.029282e+01,2.022278e+01,2.021578e+01,2.018074e+01,2.006152e+01,2.015270e+01,2.013167e+01,2.014569e+01,2.011063e+01,2.025781e+01,2.016672e+01,2.025080e+01,2.021578e+01,2.017373e+01,2.020177e+01,2.015270e+01,2.004047e+01,2.006854e+01,2.007556e+01,1.999133e+01,2.006854e+01,1.984376e+01,1.990703e+01,1.992811e+01,1.985782e+01,1.990000e+01,1.991406e+01,1.997026e+01,1.991406e+01,2.008959e+01,2.023680e+01,2.019476e+01,2.025080e+01,2.032782e+01,2.037679e+01,2.055152e+01,2.050961e+01,2.045371e+01,2.050961e+01,2.050262e+01,2.053057e+01,2.036280e+01,2.055850e+01,2.048865e+01,2.036280e+01,2.049564e+01,2.052358e+01,2.048865e+01,2.047468e+01,2.037679e+01,2.050961e+01,2.051660e+01,2.042575e+01,2.048166e+01,2.053755e+01,2.051660e+01,2.046070e+01,2.049564e+01,2.051660e+01,2.048865e+01,2.050961e+01,2.061434e+01,2.067713e+01,2.078169e+01,2.073988e+01,2.095572e+01,2.073988e+01,2.089310e+01,2.091398e+01,2.095572e+01,2.089310e+01,2.087918e+01,2.091398e+01,2.090006e+01,2.092789e+01,2.095572e+01,2.081652e+01,2.094180e+01,2.087222e+01,2.084437e+01,2.090702e+01,2.085830e+01,2.085830e+01,2.099048e+01,2.092093e+01,2.098353e+01,2.090702e+01,2.093485e+01,2.113638e+01,2.093485e+01,2.073291e+01,2.097658e+01,2.090006e+01,2.091398e+01,2.087222e+01,2.090702e+01,2.087918e+01,2.097658e+01,2.085830e+01,2.095572e+01,2.090702e+01,2.087918e+01,2.092789e+01,2.099048e+01,2.093485e+01,2.103219e+01,2.096962e+01,2.097658e+01,2.094876e+01,2.089310e+01,2.099744e+01,2.094876e+01,2.098353e+01,2.105304e+01,2.090006e+01,2.088614e+01,2.089310e+01,2.088614e+01,2.099048e+01,2.091398e+01,2.090702e+01,2.079562e+01,2.080955e+01,2.095572e+01,2.092093e+01,2.093485e+01,2.086526e+01,2.085830e+01,2.085830e+01,2.090702e+01,2.091398e+01,2.088614e+01,2.095572e+01,2.106693e+01,2.096267e+01,2.090006e+01,2.090006e+01,2.108083e+01,2.087918e+01,2.088614e+01,2.085134e+01,2.095572e+01,2.084437e+01,2.093485e+01,2.096267e+01,2.090006e+01,2.087222e+01,2.092789e+01,2.089310e+01,2.088614e+01,2.080259e+01,2.101829e+01,2.099048e+01,2.099744e+01,2.103914e+01,2.101134e+01,2.099744e+01,2.108777e+01,2.113638e+01,2.113638e+01,2.121966e+01,2.125434e+01,2.111555e+01,2.098353e+01,2.101134e+01,2.068410e+01,2.078866e+01,2.081652e+01,2.072594e+01,2.072594e+01,2.067713e+01,2.081652e+01,2.063528e+01,2.069108e+01,2.069108e+01,2.060736e+01,2.055850e+01,2.055152e+01,2.057246e+01,2.065621e+01
2.071897e+01,2.070502e+01,2.076775e+01,2.067713e+01,2.069805e+01,2.058643e+01,2.078169e+01,2.061434e+01,2.057944e+01,2.064225e+01,2.057246e+01,2.052358e+01,2.029282e+01,2.039778e+01,2.036280e+01,2.029282e+01,2.039078e+01,2.029982e+01,2.027181e+01,2.029982e+01,2.025080e+01,2.020177e+01,2.018074e+01,2.021578e+01,2.015971e+01,2.046070e+01,2.015971e+01,2.011764e+01,2.006854e+01,2.009660e+01,2.004047e+01,2.003345e+01,2.006152e+01,2.003345e+01,2.001941e+01,2.016672e+01,2.006152e+01,2.008959e+01,2.018074e+01,2.012466e+01,2.011764e+01,2.032782e+01,2.014569e+01,2.023680e+01,2.021578e+01,2.023680e+01,2.035581e+01,2.020177e+01,2.027881e+01,2.031382e+01,2.030682e+01,2.030682e+01,2.031382e+01,2.050262e+01,2.036980e+01,2.038379e+01,2.038379e+01,2.039778e+01,2.038379e+01,2.039778e+01,2.050961e+01,2.034181e+01,2.039778e+01,2.036980e+01,2.034881e+01,2.038379e+01,2.039078e+01,2.052358e+01,2.034881e+01,2.032782e+01,2.035581e+01,2.041875e+01,2.032782e+01,2.033481e+01,2.035581e+01,2.036980e+01,2.032082e+01,2.020177e+01,2.018074e+01,2.020177e+01,2.022979e+01,2.022278e+01,2.023680e+01,2.016672e+01,2.018074e+01,2.018074e+01,2.018074e+01,2.014569e+01,2.011063e+01,2.017373e+01,2.020877e+01,2.024380e+01,2.018775e+01,2.026481e+01,2.041176e+01,2.015971e+01,2.010362e+01,2.016672e+01,2.017373e+01,2.011764e+01,2.005451e+01,2.001941e+01,2.007556e+01,2.014569e+01,2.006854e+01,2.003345e+01,1.995621e+01,1.994216e+01,1.992109e+01,1.995621e+01,1.994919e+01,1.979452e+01,1.998431e+01,1.988594e+01,1.991406e+01,1.980156e+01,1.983673e+01,1.970302e+01,1.980156e+01,1.978045e+01,1.985782e+01,1.994216e+01,1.993514e+01,1.989297e+01,1.995621e+01,1.990703e+01,1.998431e+01,2.000537e+01,1.991406e+01,1.992811e+01,1.985079e+01,2.006854e+01,1.990703e+01,2.007556e+01,2.013868e+01,2.013868e+01,2.015270e+01,2.018074e+01,2.034881e+01,2.034881e+01,2.029982e+01,2.037679e+01,2.044672e+01,2.034181e+01,2.027881e+01,2.036980e+01,2.055152e+01,2.049564e+01,2.045371e+01,2.050961e+01,2.046070e+01,2.047468e+01,2.043973e+01,2.050961e+01,2.055152e+01,2.054453e+01,2.061434e+01,2.060039e+01,2.060039e+01,2.058643e+01,2.055152e+01,2.057246e+01,2.064225e+01,2.068410e+01,2.064225e+01,2.056548e+01,2.061434e+01,2.060736e+01,2.067016e+01,2.063528e+01,2.071200e+01,2.058643e+01,2.059340e+01,2.066318e+01,2.063528e+01,2.063528e+01,2.060736e+01,2.067016e+01,2.067713e+01,2.062132e+01,2.063528e+01,2.057944e+01,2.062132e+01,2.071200e+01,2.057246e+01,2.062132e+01,2.062830e+01,2.062830e+01,2.046070e+01,2.061434e+01,2.052358e+01,2.067016e+01,2.054453e+01,2.061434e+01,2.046769e+01,2.050961e+01,2.048166e+01,2.050262e+01,2.050961e+01,2.050262e+01,2.057246e+01,2.057944e+01,2.058643e+01,2.057246e+01,2.046769e+01,2.051660e+01,2.051660e+01,2.058643e+01,2.047468e+01,2.057246e+01,2.053057e+01,2.053057e+01,2.054453e+01,2.057246e+01,2.058643e+01,2.057944e+01,2.063528e+01,2.067016e+01,2.063528e+01,2.060736e+01,2.058643e+01,2.065621e+01,2.057944e+01,2.062132e+01,2.060039e+01,2.053057e+01,2.055850e+01,2.060736e+01,2.068410e+01,2.060736e+01,2.056548e+01,2.056548e+01,2.065621e+01,2.055850e+01,2.063528e+01,2.053057e+01,2.055152e+01,2.057246e+01,2.053755e+01,2.057944e+01,2.063528e+01,2.062830e+01,2.062132e+01,2.059340e+01,2.057944e+01,2.050961e+01,2.051660e+01,2.054453e+01,2.055152e+01,2.053755e+01,2.053057e+01,2.057944e+01,2.063528e+01,2.035581e+01,2.033481e+01,2.016672e+01,2.002643e+01,2.003345e+01,1.990000e+01,1.979452e+01,1.958323e+01,1.954092e+01,1.951975e+01,1.941387e+01,1.940681e+01,1.945624e+01,1.939268e+01,1.947742e+01,1.961143e+01,2.022278e+01,2.022979e+01,2.023680e+01,2.027181e+01,2.028582e+01,2.021578e+01,2.033481e+01,2.029982e+01,2.024380e+01,2.029982e+01,2.029982e+01,2.030682e+01,2.031382e+01,2.029282e+01,2.020177e+01,2.015270e+01,2.021578e+01,2.015270e+01,2.025080e+01,2.018775e+01,2.020177e+01,2.028582e+01,2.023680e+01,2.021578e+01,2.035581e+01,2.015971e+01,2.019476e+01,2.017373e+01,2.022979e+01,2.022979e+01,2.015971e+01,2.011063e+01,2.016672e+01,2.023680e+01,2.025781e+01,2.021578e+01,2.017373e+01,2.015270e+01,2.022278e+01,2.031382e+01,2.015971e+01,2.018775e+01,2.027181e+01,2.029982e+01,2.023680e+01,2.027181e+01,2.035581e+01,2.022278e+01,2.022278e+01,2.021578e+01,2.024380e+01,2.015971e+01,2.015270e+01,2.015971e+01,2.019476e+01,2.016672e+01,2.033481e+01,2.016672e+01,2.010362e+01,2.030682e+01,2.030682e+01,2.027881e+01,2.035581e+01,2.027881e+01,2.029282e+01,2.031382e+01,2.043274e+01,2.038379e+01,2.039078e+01,2.036980e+01,2.040477e+01,2.051660e+01,2.053057e+01,2.055850e+01,2.048865e+01,2.050961e+01,2.046769e+01,2.034881e+01,2.042575e+01,2.039078e+01,2.034881e+01,2.036280e+01,2.043274e+01,2.025080e+01,2.025781e+01,2.009660e+01,2.016672e+01,2.006152e+01,1.995621e+01,1.988594e+01,1.985079e+01,1.994216e+01,1.986485e+01,2.004047e+01,2.011063e+01,2.020877e+01,2.020877e+01,2.034881e+01,2.041176e+01,2.040477e+01,2.043973e+01,2.030682e+01,2.045371e+01,2.050262e+01,2.041875e+01,2.041176e+01,2.044672e+01,2.044672e+01,2.045371e+01,2.053057e+01,2.050262e+01,2.047468e+01,2.049564e+01,2.048166e+01,2.051660e+01,2.048166e+01,2.053755e+01,2.055152e+01,2.052358e+01,2.055850e+01,2.040477e+01,2.041176e+01,2.036980e+01,2.029982e+01,2.012466e+01,2.002643e+01,1.992109e+01,1.990000e+01,2.000537e+01,1.999835e+01,1.999133e+01,1.999835e+01,2.007556e+01,2.002643e+01,2.015971e+01,2.031382e+01,2.033481e+01,2.037679e+01,2.035581e+01,2.037679e+01,2.041875e+01,2.048166e+01,2.041875e+01,2.057944e+01,2.043274e+01,2.055152e+01,2.068410e+01,2.066318e+01,2.065621e+01,2.049564e+01,2.070502e+01,2.061434e+01,2.061434e+01,2.063528e+01,2.048166e+01,2.059340e+01,2.064225e+01,2.063528e+01,2.051660e+01,2.049564e+01,2.063528e+01,2.051660e+01,2.052358e+01,2.063528e+01,2.055850e+01,2.054453e+01,2.053755e+01,2.063528e+01,2.064225e+01,2.062830e+01,2.054453e+01,2.043274e+01,2.048865e+01,2.046070e+01,2.039078e+01,2.044672e+01,2.039778e+01,2.051660e+01,2.038379e+01,2.042575e+01,2.041176e+01,2.039778e+01,2.041875e+01,2.038379e+01,2.032082e+01,2.029282e+01,2.028582e+01,2.030682e+01,2.034881e+01,2.023680e+01,2.022979e+01,2.021578e+01,2.025781e+01,2.019476e+01,2.016672e+01,2.011764e+01,2.015971e+01,2.016672e+01,2.011764e+01,2.008257e+01,2.022278e+01,2.012466e+01,2.014569e+01,2.018074e+01,2.013167e+01,2.011764e+01,2.014569e+01,2.011063e+01,2.006152e+01,1.999835e+01,2.005451e+01,1.992811e+01,1.990703e+01,1.987892e+01,1.986485e+01,1.988594e+01,1.988594e+01,2.009660e+01,1.992811e+01,1.991406e+01,2.012466e+01,2.035581e+01,2.020177e+01,2.020877e+01,2.022278e+01,2.031382e+01,2.043973e+01,2.036280e+01,2.042575e+01,2.046070e+01,2.053755e+01,2.048166e+01,2.053057e+01,2.048166e+01,2.053755e+01,2.045371e+01,2.045371e+01,2.041176e+01,2.045371e+01,2.043973e+01,2.049564e+01,2.050262e+01,2.043973e+01,2.059340e+01,2.048865e+01,2.052358e+01,2.048166e+01,2.046769e+01,2.043973e+01,2.046070e+01,2.043973e+01,2.067016e+01,2.067016e+01,2.064923e+01,2.083741e+01,2.069805e+01,2.084437e+01,2.088614e+01,2.080955e+01,2.094180e+01,2.090006e+01,2.097658e+01,2.097658e+01,2.098353e+01,2.087222e+01,2.086526e+01,2.092093e+01,2.088614e+01,2.092789e+01,2.086526e+01,2.087222e+01,2.091398e+01,2.097658e+01,2.093485e+01,2.095572e+01,2.096267e+01,2.099048e+01,2.096267e+01,2.096267e+01,2.087222e+01,2.094180e+01,2.096962e+01,2.096267e+01,2.091398e+01,2.092789e+01,2.094180e+01,2.092789e+01,2.098353e+01,2.099744e+01,2.087222e+01,2.080955e+01,2.084437e+01,2.090006e+01,2.092093e+01,2.100439e+01,2.089310e+01,2.099744e+01,2.099048e+01,2.097658e+01,2.097658e+01,2.096267e+01,2.087918e+01,2.097658e+01,2.081652e+01,2.096962e+01,2.090702e+01,2.103914e+01,2.088614e+01,2.090702e+01,2.087918e+01,2.094180e+01,2.087918e+01,2.086526e+01,2.092789e+01,2.090702e+01,2.090006e+01,2.092789e+01,2.089310e+01,2.086526e+01,2.090702e+01,2.087918e+01,2.083741e+01,2.090702e+01,2.092093e+01,2.087222e+01,2.105999e+01,2.081652e+01,2.102524e+01,2.104609e+01,2.088614e+01,2.090702e+01,2.089310e+01,2.090006e+01,2.090006e+01,2.089310e+01,2.091398e+01,2.096267e+01,2.107388e+01,2.099744e+01,2.087222e+01,2.096267e+01,2.085134e+01,2.104609e+01,2.101829e+01,2.094876e+01,2.103914e+01,2.103219e+01,2.106693e+01,2.113638e+01,2.115027e+01,2.130287e+01,2.115721e+01,2.118497e+01,2.120579e+01,2.101134e+01,2.080955e+01,2.075382e+01,2.078866e+01,2.090702e+01,2.076775e+01,2.073988e+01,2.073291e+01,2.062132e+01,2.068410e+01,2.075382e+01,2.062132e+01,2.081652e+01,2.067713e+01,2.068410e+01,2.068410e+01,2.067713e+01
2.065621e+01,2.080955e+01,2.067016e+01,2.056548e+01,2.055850e+01,2.069805e+01,2.064923e+01,2.057246e+01,2.057944e+01,2.060736e+01,2.063528e+01,2.047468e+01,2.060039e+01,2.033481e+01,2.026481e+01,2.032082e+01,2.034881e+01,2.029982e+01,2.040477e+01,2.024380e+01,2.032082e+01,2.018074e+01,2.030682e+01,2.016672e+01,2.012466e+01,2.016672e+01,2.024380e+01,2.013167e+01,2.008257e+01,2.002643e+01,2.004047e+01,2.001239e+01,2.009660e+01,2.000537e+01,2.007556e+01,2.002643e+01,2.007556e+01,2.013167e+01,2.001941e+01,2.010362e+01,2.005451e+01,2.025781e+01,2.037679e+01,2.021578e+01,2.025781e+01,2.019476e+01,2.025781e+01,2.031382e+01,2.029982e+01,2.032782e+01,2.035581e+01,2.035581e+01,2.036980e+01,2.033481e+01,2.022979e+01,2.040477e+01,2.034881e+01,2.045371e+01,2.046070e+01,2.046070e+01,2.043274e+01,2.036980e+01,2.039078e+01,2.041176e+01,2.036280e+01,2.040477e+01,2.038379e+01,2.030682e+01,2.039778e+01,2.043973e+01,2.037679e+01,2.032782e+01,2.054453e+01,2.034881e+01,2.028582e+01,2.025080e+01,2.033481e+01,2.013868e+01,2.020877e+01,2.020877e+01,2.018775e+01,2.011764e+01,2.018775e+01,2.020177e+01,2.016672e+01,2.014569e+01,2.012466e+01,2.006854e+01,2.020177e+01,2.024380e+01,2.029982e+01,2.017373e+01,2.017373e+01,2.014569e+01,2.016672e+01,2.029282e+01,2.015971e+01,2.014569e+01,2.015270e+01,2.020177e+01,2.019476e+01,2.004047e+01,2.004047e+01,2.011063e+01,1.996324e+01,1.991406e+01,2.011764e+01,2.008959e+01,1.994216e+01,1.993514e+01,1.995621e+01,2.003345e+01,1.987892e+01,1.984376e+01,1.992109e+01,1.992109e+01,1.994216e+01,1.976638e+01,1.991406e+01,1.975934e+01,1.990000e+01,1.976638e+01,1.997026e+01,1.999133e+01,1.994919e+01,1.988594e+01,1.997026e+01,1.987892e+01,2.005451e+01,2.001941e+01,2.003345e+01,2.003345e+01,2.005451e+01,2.006152e+01,2.008959e+01,2.029982e+01,2.022979e+01,2.019476e+01,2.032082e+01,2.031382e+01,2.034181e+01,2.048166e+01,2.048865e+01,2.034881e+01,2.034181e+01,2.057944e+01,2.050262e+01,2.046769e+01,2.053755e+01,2.050262e+01,2.046070e+01,2.055152e+01,2.048166e+01,2.055152e+01,2.058643e+01,2.051660e+01,2.057944e+01,2.057944e+01,2.059340e+01,2.055850e+01,2.062132e+01,2.061434e+01,2.057246e+01,2.060039e+01,2.063528e+01,2.068410e+01,2.084437e+01,2.059340e+01,2.065621e+01,2.067016e+01,2.069805e+01,2.072594e+01,2.057246e+01,2.064225e+01,2.059340e+01,2.061434e+01,2.058643e+01,2.060736e+01,2.061434e+01,2.064225e+01,2.060736e+01,2.065621e+01,2.067713e+01,2.064225e+01,2.059340e+01,2.064225e+01,2.069108e+01,2.047468e+01,2.067016e+01,2.058643e+01,2.055152e+01,2.059340e+01,2.054453e+01,2.051660e+01,2.045371e+01,2.049564e+01,2.044672e+01,2.051660e+01,2.049564e+01,2.046070e+01,2.057944e+01,2.054453e+01,2.044672e+01,2.057944e+01,2.055850e+01,2.053755e+01,2.053057e+01,2.047468e+01,2.051660e+01,2.055152e+01,2.053057e+01,2.054453e+01,2.061434e+01,2.050262e+01,2.060736e+01,2.059340e+01,2.060736e+01,2.062830e+01,2.060039e+01,2.067016e+01,2.061434e+01,2.063528e+01,2.058643e+01,2.057246e+01,2.056548e+01,2.062132e+01,2.061434e+01,2.063528e+01,2.062132e+01,2.057246e+01,2.057944e+01,2.070502e+01,2.055850e+01,2.062132e+01,2.063528e+01,2.053755e+01,2.066318e+01,2.065621e+01,2.064923e+01,2.055850e+01,2.048865e+01,2.056548e+01,2.057246e+01,2.057944e+01,2.046070e+01,2.059340e+01,2.053057e+01,2.057246e+01,2.048166e+01,2.053755e+01,2.062830e+01,2.038379e+01,2.043274e+01,2.043973e+01,2.022278e+01,2.011063e+01,2.007556e+01,1.990000e+01,1.977341e+01,1.971006e+01,1.956207e+01,1.963962e+01,1.939268e+01,1.932202e+01,1.937855e+01,1.937855e+01,1.941387e+01,1.952681e+01,1.977341e+01,2.018074e+01,2.024380e+01,2.024380e+01,2.023680e+01,2.033481e+01,2.027881e+01,2.035581e+01,2.022278e+01,2.015971e+01,2.026481e+01,2.032082e+01,2.034181e+01,2.022979e+01,2.018775e+01,2.039778e+01,2.022979e+01,2.018775e+01,2.019476e+01,2.020177e+01,2.032782e+01,2.022278e+01,2.019476e+01,2.017373e+01,2.016672e+01,2.004047e+01,2.004749e+01,2.015971e+01,2.023680e+01,2.021578e+01,2.019476e+01,2.019476e+01,2.018074e+01,2.018775e+01,2.020177e+01,2.018074e+01,2.018074e+01,2.016672e+01,2.032782e+01,2.013167e+01,2.027181e+01,2.022979e+01,2.021578e+01,2.025080e+01,2.017373e+01,2.024380e+01,2.025781e+01,2.019476e+01,2.013868e+01,2.023680e+01,2.020177e+01,2.018775e+01,2.018074e+01,2.015270e+01,2.011063e+01,2.019476e+01,2.018074e+01,2.020877e+01,2.026481e+01,2.015971e+01,2.035581e+01,2.041176e+01,2.035581e+01,2.041875e+01,2.024380e+01,2.026481e+01,2.039078e+01,2.041176e+01,2.034181e+01,2.047468e+01,2.041875e+01,2.043973e+01,2.045371e+01,2.059340e+01,2.048166e+01,2.048865e+01,2.048865e+01,2.040477e+01,2.041176e+01,2.046769e+01,2.041176e+01,2.036280e+01,2.036280e+01,2.024380e+01,2.023680e+01,2.025781e+01,2.027181e+01,2.011063e+01,2.006854e+01,1.984376e+01,1.992811e+01,1.988594e+01,2.001941e+01,1.996324e+01,2.001239e+01,2.010362e+01,2.007556e+01,2.030682e+01,2.032082e+01,2.034181e+01,2.040477e+01,2.044672e+01,2.045371e+01,2.046070e+01,2.046070e+01,2.041176e+01,2.046070e+01,2.049564e+01,2.035581e+01,2.048865e+01,2.053755e+01,2.046769e+01,2.053755e+01,2.049564e+01,2.047468e+01,2.051660e+01,2.050262e+01,2.055152e+01,2.051660e+01,2.049564e+01,2.049564e+01,2.050961e+01,2.041875e+01,2.026481e+01,2.030682e+01,2.000537e+01,1.999835e+01,2.005451e+01,1.981563e+01,1.973822e+01,1.972414e+01,1.985782e+01,1.998431e+01,2.001941e+01,1.993514e+01,2.008257e+01,2.024380e+01,2.026481e+01,2.034181e+01,2.022979e+01,2.035581e+01,2.040477e+01,2.044672e+01,2.044672e+01,2.052358e+01,2.056548e+01,2.062132e+01,2.060736e+01,2.050262e+01,2.050262e+01,2.048865e+01,2.067713e+01,2.053755e+01,2.055152e+01,2.059340e+01,2.070502e+01,2.058643e+01,2.058643e+01,2.070502e+01,2.064225e+01,2.050961e+01,2.062830e+01,2.060736e+01,2.052358e+01,2.064923e+01,2.054453e+01,2.061434e+01,2.049564e+01,2.062132e+01,2.062132e+01,2.041176e+01,2.046070e+01,2.047468e+01,2.039778e+01,2.043274e+01,2.032782e+01,2.048166e+01,2.034881e+01,2.047468e+01,2.030682e+01,2.038379e+01,2.047468e+01,2.036280e+01,2.037679e+01,2.034881e+01,2.022979e+01,2.020877e+01,2.022278e+01,2.025781e+01,2.027881e+01,2.026481e+01,2.025080e+01,2.030682e+01,2.028582e+01,2.019476e+01,2.017373e+01,2.031382e+01,2.017373e+01,2.010362e+01,2.013167e+01,2.010362e+01,2.018775e+01,2.013167e+01,2.013167e+01,2.013868e+01,2.015971e+01,2.017373e+01,2.005451e+01,2.004749e+01,2.008959e+01,1.994919e+01,1.994216e+01,1.990703e+01,1.993514e+01,1.990000e+01,1.990000e+01,1.994919e+01,1.970302e+01,2.005451e+01,1.976638e+01,1.984376e+01,2.012466e+01,2.015971e+01,2.021578e+01,2.016672e+01,2.020177e+01,2.033481e+01,2.034181e+01,2.031382e+01,2.039778e+01,2.048166e+01,2.049564e+01,2.046769e+01,2.050961e+01,2.046769e+01,2.043274e+01,2.045371e+01,2.046070e+01,2.046070e+01,2.043274e+01,2.043274e+01,2.040477e+01,2.043274e+01,2.039778e+01,2.051660e+01,2.042575e+01,2.046769e+01,2.039078e+01,2.048865e+01,2.040477e+01,2.048166e+01,2.050262e+01,2.067713e+01,2.050262e+01,2.065621e+01,2.087918e+01,2.087222e+01,2.090702e+01,2.087918e+01,2.090702e+01,2.088614e+01,2.094876e+01,2.095572e+01,2.107388e+01,2.085830e+01,2.083741e+01,2.092789e+01,2.084437e+01,2.099744e+01,2.096267e+01,2.090006e+01,2.096962e+01,2.087222e+01,2.098353e+01,2.087918e+01,2.087222e+01,2.096962e+01,2.088614e+01,2.099744e+01,2.097658e+01,2.086526e+01,2.086526e+01,2.094876e+01,2.092093e+01,2.096267e+01,2.082348e+01,2.096267e+01,2.090702e+01,2.087918e+01,2.084437e+01,2.092093e+01,2.096962e+01,2.085830e+01,2.096962e+01,2.098353e+01,2.096962e+01,2.100439e+01,2.087918e+01,2.092093e+01,2.079562e+01,2.099744e+01,2.092789e+01,2.100439e+01,2.090006e+01,2.096962e+01,2.095572e+01,2.087222e+01,2.094180e+01,2.092789e+01,2.092789e+01,2.089310e+01,2.088614e+01,2.098353e+01,2.090702e+01,2.095572e+01,2.090006e+01,2.091398e+01,2.090006e+01,2.087918e+01,2.089310e+01,2.087222e+01,2.089310e+01,2.091398e+01,2.096962e+01,2.090006e+01,2.092789e+01,2.106693e+01,2.077472e+01,2.092789e+01,2.086526e+01,2.088614e+01,2.088614e+01,2.085830e+01,2.087222e+01,2.091398e+01,2.093485e+01,2.093485e+01,2.088614e+01,2.087918e+01,2.093485e+01,2.105304e+01,2.087918e+01,2.098353e+01,2.092789e+01,2.101134e+01,2.094180e+01,2.098353e+01,2.115721e+01,2.110861e+01,2.120579e+01,2.120579e+01,2.117109e+01,2.128207e+01,2.115721e+01,2.090006e+01,2.090006e+01,2.088614e+01,2.081652e+01,2.069108e+01,2.079562e+01,2.071200e+01,2.073988e+01,2.085134e+01,2.075382e+01,2.074685e+01,2.070502e+01,2.065621e+01,2.062132e+01,2.069108e+01,2.070502e+01,2.069805e+01,2.067016e+01
2.087222e+01,2.067016e+01,2.073291e+01,2.073988e+01,2.064923e+01,2.069108e+01,2.073291e+01,2.060039e+01,2.067016e+01,2.056548e+01,2.062132e+01,2.055850e+01,2.043973e+01,2.036980e+01,2.022979e+01,2.041875e+01,2.032082e+01,2.029982e+01,2.027881e+01,2.025781e+01,2.021578e+01,2.036280e+01,2.015971e+01,2.015971e+01,2.013167e+01,2.007556e+01,2.013167e+01,2.011764e+01,2.012466e+01,2.007556e+01,2.008257e+01,2.008959e+01,1.999835e+01,2.001941e+01,2.001239e+01,2.009660e+01,2.010362e+01,2.011063e+01,2.006854e+01,2.008959e+01,2.019476e+01,2.017373e+01,2.036980e+01,2.029282e+01,2.025080e+01,2.024380e+01,2.027181e+01,2.032082e+01,2.032082e+01,2.045371e+01,2.035581e+01,2.044672e+01,2.037679e+01,2.039078e+01,2.053057e+01,2.041875e+01,2.041875e+01,2.033481e+01,2.043274e+01,2.052358e+01,2.039778e+01,2.037679e+01,2.031382e+01,2.036980e+01,2.037679e+01,2.033481e+01,2.043274e+01,2.044672e+01,2.050262e+01,2.041875e+01,2.033481e+01,2.032082e+01,2.039778e+01,2.030682e+01,2.032082e+01,2.032082e+01,2.022979e+01,2.021578e+01,2.016672e+01,2.023680e+01,2.027881e+01,2.021578e+01,2.013167e+01,2.010362e+01,2.012466e+01,2.017373e+01,2.008959e+01,2.011063e+01,2.018074e+01,2.028582e+01,2.010362e+01,2.017373e+01,2.021578e+01,2.018074e+01,2.023680e+01,2.020877e+01,2.020877e+01,2.013868e+01,2.018775e+01,2.020177e+01,2.004047e+01,2.005451e+01,2.002643e+01,2.000537e+01,1.999133e+01,2.003345e+01,2.001239e+01,1.999835e+01,2.013167e+01,2.008959e+01,1.996324e+01,1.996324e+01,1.990000e+01,1.990000e+01,1.992811e+01,1.990000e+01,1.993514e+01,1.993514e+01,1.994216e+01,1.994919e+01,1.989297e+01,1.992109e+01,1.995621e+01,2.001239e+01,2.001941e+01,2.003345e+01,2.005451e+01,2.003345e+01,2.006152e+01,2.004047e+01,2.012466e+01,2.008959e+01,2.008959e+01,2.018074e+01,2.010362e+01,2.020877e+01,2.017373e+01,2.033481e+01,2.034181e+01,2.039078e+01,2.041875e+01,2.043274e+01,2.038379e+01,2.039078e+01,2.050961e+01,2.032082e+01,2.055850e+01,2.050262e+01,2.046769e+01,2.044672e+01,2.055152e+01,2.048865e+01,2.060039e+01,2.054453e+01,2.060039e+01,2.052358e+01,2.057944e+01,2.059340e+01,2.060039e+01,2.060039e+01,2.056548e+01,2.056548e+01,2.057944e+01,2.062830e+01,2.057944e+01,2.071200e+01,2.057246e+01,2.069805e+01,2.067713e+01,2.062132e+01,2.058643e+01,2.057944e+01,2.063528e+01,2.064225e+01,2.070502e+01,2.071897e+01,2.059340e+01,2.071897e+01,2.062132e+01,2.059340e+01,2.064225e+01,2.062830e+01,2.069805e+01,2.060736e+01,2.057944e+01,2.058643e+01,2.069108e+01,2.057944e+01,2.060736e+01,2.055152e+01,2.057944e+01,2.053057e+01,2.062830e+01,2.056548e+01,2.050961e+01,2.061434e+01,2.062830e+01,2.048865e+01,2.057246e+01,2.057944e+01,2.050262e+01,2.057944e+01,2.055152e+01,2.057944e+01,2.060039e+01,2.054453e+01,2.058643e+01,2.053057e+01,2.055152e+01,2.056548e+01,2.055152e+01,2.056548e+01,2.059340e+01,2.064225e+01,2.063528e+01,2.062830e+01,2.060736e+01,2.062132e+01,2.063528e+01,2.057944e+01,2.054453e+01,2.064923e+01,2.058643e+01,2.064923e+01,2.062132e+01,2.053057e+01,2.064225e+01,2.060736e+01,2.062132e+01,2.055850e+01,2.072594e+01,2.052358e+01,2.057944e+01,2.055850e+01,2.054453e+01,2.054453e+01,2.065621e+01,2.068410e+01,2.062830e+01,2.055850e+01,2.055152e+01,2.064225e+01,2.058643e+01,2.059340e+01,2.060039e+01,2.057246e+01,2.060039e+01,2.057246e+01,2.047468e+01,2.048166e+01,2.053755e+01,2.048166e+01,2.013167e+01,2.029282e+01,2.011764e+01,1.987892e+01,1.981563e+01,1.975934e+01,1.960438e+01,1.954797e+01,1.951975e+01,1.946330e+01,1.938562e+01,1.937855e+01,1.941387e+01,1.937855e+01,1.958323e+01,1.947036e+01,1.975934e+01,2.014569e+01,2.024380e+01,2.025781e+01,2.023680e+01,2.026481e+01,2.029982e+01,2.028582e+01,2.027881e+01,2.029282e+01,2.019476e+01,2.026481e+01,2.021578e+01,2.031382e+01,2.022278e+01,2.016672e+01,2.022278e+01,2.022979e+01,2.017373e+01,2.029282e+01,2.020177e+01,2.026481e+01,2.021578e+01,2.007556e+01,2.016672e+01,2.017373e+01,2.028582e+01,2.020877e+01,2.022278e+01,2.022979e+01,2.020177e+01,2.010362e+01,2.016672e+01,2.015270e+01,2.023680e+01,2.016672e+01,2.019476e+01,2.019476e+01,2.025781e+01,2.018775e+01,2.025781e+01,2.031382e+01,2.022979e+01,2.024380e+01,2.020877e+01,2.022278e+01,2.029282e+01,2.029982e+01,2.027181e+01,2.024380e+01,2.018775e+01,2.032082e+01,2.022979e+01,2.018775e+01,2.021578e+01,2.020877e+01,2.020177e+01,2.030682e+01,2.009660e+01,2.028582e+01,2.043274e+01,2.029982e+01,2.029282e+01,2.038379e+01,2.029982e+01,2.027881e+01,2.028582e+01,2.044672e+01,2.050961e+01,2.046769e+01,2.050262e+01,2.049564e+01,2.039778e+01,2.051660e+01,2.048166e+01,2.041176e+01,2.040477e+01,2.045371e+01,2.045371e+01,2.054453e+01,2.036980e+01,2.039778e+01,2.035581e+01,2.027181e+01,2.028582e+01,2.027881e+01,2.005451e+01,2.009660e+01,1.993514e+01,2.004047e+01,1.989297e+01,1.986485e+01,2.004047e+01,1.998431e+01,2.000537e+01,2.020177e+01,2.023680e+01,2.025781e+01,2.037679e+01,2.036980e+01,2.034181e+01,2.046070e+01,2.040477e+01,2.044672e+01,2.050961e+01,2.053057e+01,2.052358e+01,2.047468e+01,2.044672e+01,2.052358e+01,2.068410e+01,2.046769e+01,2.032782e+01,2.048166e+01,2.049564e+01,2.047468e+01,2.047468e+01,2.067016e+01,2.052358e+01,2.047468e+01,2.050262e+01,2.042575e+01,2.029982e+01,2.008959e+01,2.011063e+01,2.013167e+01,1.998431e+01,1.988594e+01,1.985782e+01,1.975934e+01,1.986485e+01,1.989297e+01,1.996324e+01,1.997728e+01,2.023680e+01,2.011063e+01,2.010362e+01,2.026481e+01,2.025781e+01,2.032782e+01,2.036280e+01,2.043274e+01,2.045371e+01,2.055152e+01,2.059340e+01,2.043274e+01,2.055850e+01,2.055152e+01,2.047468e+01,2.064225e+01,2.054453e+01,2.062830e+01,2.071897e+01,2.060736e+01,2.060039e+01,2.069108e+01,2.060039e+01,2.069108e+01,2.059340e+01,2.051660e+01,2.053057e+01,2.056548e+01,2.050262e+01,2.054453e+01,2.057246e+01,2.061434e+01,2.063528e+01,2.060736e+01,2.054453e+01,2.044672e+01,2.049564e+01,2.039778e+01,2.047468e+01,2.060039e+01,2.046769e+01,2.029282e+01,2.046769e+01,2.053057e+01,2.025080e+01,2.043274e+01,2.037679e+01,2.027181e+01,2.036280e+01,2.038379e+01,2.035581e+01,2.018775e+01,2.032082e+01,2.019476e+01,2.027181e+01,2.033481e+01,2.025080e+01,2.018074e+01,2.022979e+01,2.025080e+01,2.016672e+01,2.013868e+01,2.025781e+01,2.027181e+01,2.012466e+01,2.010362e+01,2.020177e+01,2.020877e+01,2.017373e+01,2.014569e+01,2.010362e+01,2.015270e+01,2.032082e+01,2.010362e+01,2.007556e+01,2.006152e+01,1.996324e+01,1.997728e+01,1.990000e+01,1.995621e+01,1.983673e+01,1.990703e+01,1.988594e+01,1.973118e+01,1.976638e+01,1.973822e+01,1.985782e+01,1.984376e+01,2.018775e+01,2.016672e+01,2.018775e+01,2.027181e+01,2.023680e+01,2.033481e+01,2.057944e+01,2.046769e+01,2.054453e+01,2.048865e+01,2.062830e+01,2.045371e+01,2.048166e+01,2.043973e+01,2.043274e+01,2.053755e+01,2.043274e+01,2.042575e+01,2.025080e+01,2.055152e+01,2.032782e+01,2.040477e+01,2.051660e+01,2.050961e+01,2.049564e+01,2.048166e+01,2.043274e+01,2.047468e+01,2.057246e+01,2.049564e+01,2.062830e+01,2.063528e+01,2.074685e+01,2.083741e+01,2.092093e+01,2.092093e+01,2.094180e+01,2.091398e+01,2.083741e+01,2.078169e+01,2.099744e+01,2.097658e+01,2.097658e+01,2.094876e+01,2.094180e+01,2.101134e+01,2.097658e+01,2.095572e+01,2.095572e+01,2.099744e+01,2.095572e+01,2.089310e+01,2.086526e+01,2.090006e+01,2.096962e+01,2.099744e+01,2.090702e+01,2.092093e+01,2.085134e+01,2.094876e+01,2.097658e+01,2.096962e+01,2.093485e+01,2.094180e+01,2.092093e+01,2.096267e+01,2.099744e+01,2.087222e+01,2.099744e+01,2.087222e+01,2.092093e+01,2.101134e+01,2.100439e+01,2.094180e+01,2.094180e+01,2.101134e+01,2.081652e+01,2.084437e+01,2.087222e+01,2.090702e+01,2.096962e+01,2.096267e+01,2.096267e+01,2.087222e+01,2.077472e+01,2.093485e+01,2.092789e+01,2.090702e+01,2.089310e+01,2.096267e+01,2.088614e+01,2.087918e+01,2.091398e+01,2.099048e+01,2.085830e+01,2.094180e+01,2.088614e+01,2.078169e+01,2.080955e+01,2.091398e+01,2.095572e+01,2.092093e+01,2.096267e+01,2.096267e+01,2.092789e+01,2.096962e+01,2.100439e+01,2.098353e+01,2.082348e+01,2.090006e+01,2.092093e+01,2.092789e+01,2.088614e+01,2.085830e+01,2.085134e+01,2.103219e+01,2.096962e+01,2.096962e+01,2.090006e+01,2.096962e+01,2.096962e+01,2.096267e+01,2.100439e+01,2.111555e+01,2.103914e+01,2.103219e+01,2.105304e+01,2.117109e+01,2.106693e+01,2.137216e+01,2.148292e+01,2.116415e+01,2.116415e+01,2.090006e+01,2.085830e+01,2.083045e+01,2.074685e+01,2.095572e+01,2.092789e+01,2.071200e+01,2.079562e+01,2.079562e+01,2.074685e+01,2.072594e+01,2.073291e+01,2.076079e+01,2.065621e+01,2.064225e+01,2.063528e+01,2.066318e+01
2.074685e+01,2.073291e+01,2.072594e+01,2.071897e+01,2.069108e+01,2.068410e+01,2.060039e+01,2.061434e+01,2.067016e+01,2.062132e+01,2.062830e+01,2.043973e+01,2.042575e+01,2.048865e+01,2.039078e+01,2.041176e+01,2.022278e+01,2.043973e+01,2.027181e+01,2.026481e+01,2.026481e+01,2.019476e+01,2.029982e+01,2.016672e+01,2.018775e+01,2.042575e+01,2.039078e+01,2.018775e+01,2.008959e+01,2.004749e+01,2.001239e+01,2.006152e+01,1.986485e+01,1.999133e+01,1.994216e+01,1.999133e+01,2.004047e+01,2.027181e+01,2.006854e+01,2.032782e+01,2.015971e+01,2.030682e+01,2.025781e+01,2.022278e+01,2.028582e+01,2.029982e+01,2.029982e+01,2.032782e+01,2.032082e+01,2.034881e+01,2.036280e+01,2.041176e+01,2.059340e+01,2.062132e+01,2.053755e+01,2.064923e+01,2.053057e+01,2.041176e+01,2.041176e+01,2.032082e+01,2.045371e+01,2.055152e+01,2.037679e+01,2.035581e+01,2.034881e+01,2.043274e+01,2.038379e+01,2.033481e+01,2.041176e+01,2.034181e+01,2.030682e+01,2.029982e+01,2.034881e+01,2.032082e+01,2.029282e+01,2.024380e+01,2.034181e+01,2.033481e+01,2.032782e+01,2.025781e+01,2.022979e+01,2.011764e+01,2.019476e+01,2.016672e+01,2.015270e+01,2.015971e+01,2.022979e+01,2.015971e+01,2.005451e+01,2.018775e+01,2.016672e+01,2.022979e+01,2.025781e+01,2.018775e+01,2.021578e+01,2.013167e+01,2.013167e+01,2.022278e+01,2.006854e+01,2.009660e+01,2.011063e+01,2.011063e+01,2.007556e+01,2.011764e+01,2.002643e+01,2.001941e+01,1.993514e+01,2.008959e+01,2.011063e+01,1.999835e+01,1.997026e+01,2.004749e+01,2.008257e+01,1.985079e+01,1.991406e+01,1.991406e+01,1.993514e+01,1.972414e+01,1.983673e+01,1.993514e+01,1.992109e+01,1.990703e+01,1.991406e+01,2.002643e+01,1.999835e+01,2.018074e+01,1.999133e+01,2.001239e+01,2.010362e+01,2.013167e+01,2.007556e+01,2.015971e+01,2.020177e+01,2.025781e+01,2.014569e+01,2.028582e+01,2.027881e+01,2.024380e+01,2.032082e+01,2.036980e+01,2.036280e+01,2.026481e+01,2.057246e+01,2.055850e+01,2.055850e+01,2.044672e+01,2.041176e+01,2.038379e+01,2.048166e+01,2.052358e+01,2.057944e+01,2.067016e+01,2.058643e+01,2.060039e+01,2.057944e+01,2.056548e+01,2.046769e+01,2.061434e+01,2.062132e+01,2.055152e+01,2.053057e+01,2.059340e+01,2.055152e+01,2.055152e+01,2.067713e+01,2.070502e+01,2.071200e+01,2.057246e+01,2.075382e+01,2.064923e+01,2.058643e+01,2.060736e+01,2.065621e+01,2.065621e+01,2.062132e+01,2.059340e+01,2.057944e+01,2.065621e+01,2.073988e+01,2.067713e+01,2.063528e+01,2.063528e+01,2.064225e+01,2.065621e+01,2.060736e+01,2.060039e+01,2.067016e+01,2.054453e+01,2.050262e+01,2.052358e+01,2.057246e+01,2.055152e+01,2.051660e+01,2.056548e+01,2.055850e+01,2.051660e+01,2.066318e+01,2.064923e+01,2.055850e+01,2.054453e+01,2.057246e+01,2.057944e+01,2.057944e+01,2.057944e+01,2.055850e+01,2.062132e+01,2.062830e+01,2.061434e+01,2.056548e+01,2.056548e+01,2.062830e+01,2.057944e+01,2.060736e+01,2.053057e+01,2.051660e+01,2.051660e+01,2.058643e+01,2.063528e+01,2.052358e+01,2.069108e+01,2.071200e+01,2.054453e+01,2.067016e+01,2.054453e+01,2.062830e+01,2.070502e+01,2.062132e+01,2.063528e+01,2.067016e+01,2.057246e+01,2.068410e+01,2.058643e+01,2.060039e+01,2.054453e+01,2.060736e+01,2.055850e+01,2.057246e+01,2.039778e+01,2.069108e+01,2.050961e+01,2.050262e+01,2.049564e+01,2.057944e+01,2.058643e+01,2.039778e+01,2.053057e+01,2.055152e+01,2.049564e+01,2.056548e+01,2.049564e+01,2.041875e+01,2.033481e+01,2.015270e+01,2.012466e+01,2.009660e+01,1.982969e+01,1.982266e+01,1.982969e+01,1.981563e+01,1.953386e+01,1.941387e+01,1.942800e+01,1.938562e+01,1.939975e+01,1.942800e+01,1.943506e+01,1.943506e+01,1.969597e+01,1.980859e+01,2.015971e+01,2.020877e+01,2.022979e+01,2.024380e+01,2.026481e+01,2.026481e+01,2.027181e+01,2.029282e+01,2.028582e+01,2.028582e+01,2.033481e+01,2.032782e+01,2.029282e+01,2.028582e+01,2.028582e+01,2.016672e+01,2.020177e+01,2.021578e+01,2.017373e+01,2.013167e+01,2.023680e+01,2.014569e+01,2.015971e+01,2.021578e+01,2.017373e+01,2.028582e+01,2.002643e+01,2.018775e+01,2.018074e+01,2.015270e+01,2.023680e+01,2.013167e+01,2.020177e+01,2.020177e+01,2.018775e+01,2.025080e+01,2.019476e+01,2.021578e+01,2.015270e+01,2.022979e+01,2.025781e+01,2.025781e+01,2.020177e+01,2.023680e+01,2.029282e+01,2.029282e+01,2.021578e+01,2.035581e+01,2.023680e+01,2.029982e+01,2.025080e+01,2.018074e+01,2.026481e+01,2.018775e+01,2.018775e+01,2.018775e+01,2.020177e+01,2.022278e+01,2.020877e+01,2.029282e+01,2.034181e+01,2.040477e+01,2.029282e+01,2.040477e+01,2.032782e+01,2.027881e+01,2.048166e+01,2.049564e+01,2.048166e+01,2.044672e+01,2.048865e+01,2.054453e+01,2.049564e+01,2.049564e+01,2.053057e+01,2.043274e+01,2.043973e+01,2.041875e+01,2.035581e+01,2.040477e+01,2.036280e+01,2.040477e+01,2.032782e+01,2.029982e+01,2.025080e+01,2.019476e+01,2.013167e+01,2.004047e+01,1.996324e+01,1.987892e+01,1.992811e+01,2.006854e+01,2.008959e+01,2.016672e+01,2.015971e+01,2.031382e+01,2.023680e+01,2.034181e+01,2.041875e+01,2.035581e+01,2.037679e+01,2.042575e+01,2.038379e+01,2.044672e+01,2.053755e+01,2.043973e+01,2.051660e+01,2.045371e+01,2.048166e+01,2.057944e+01,2.053057e+01,2.047468e+01,2.053755e+01,2.051660e+01,2.056548e+01,2.050262e+01,2.046769e+01,2.050262e+01,2.048166e+01,2.044672e+01,2.028582e+01,2.019476e+01,2.021578e+01,2.006152e+01,2.000537e+01,1.988594e+01,1.980156e+01,1.967484e+01,1.963962e+01,1.974526e+01,1.992109e+01,1.999835e+01,2.001941e+01,2.004749e+01,1.999133e+01,2.025781e+01,2.023680e+01,2.023680e+01,2.030682e+01,2.032082e+01,2.042575e+01,2.046769e+01,2.053755e+01,2.049564e+01,2.057246e+01,2.060039e+01,2.069108e+01,2.058643e+01,2.050961e+01,2.059340e+01,2.074685e+01,2.061434e+01,2.051660e+01,2.059340e+01,2.056548e+01,2.062830e+01,2.054453e+01,2.053057e+01,2.058643e+01,2.055850e+01,2.048865e+01,2.060039e+01,2.062830e+01,2.055152e+01,2.064923e+01,2.063528e+01,2.053057e+01,2.060039e+01,2.048865e+01,2.057944e+01,2.053057e+01,2.032082e+01,2.041875e+01,2.028582e+01,2.036980e+01,2.036280e+01,2.030682e+01,2.029982e+01,2.021578e+01,2.041875e+01,2.036980e+01,2.020177e+01,2.025080e+01,2.034181e+01,2.043274e+01,2.016672e+01,2.036980e+01,2.032082e+01,2.039078e+01,2.022278e+01,2.016672e+01,2.027181e+01,2.019476e+01,2.018775e+01,2.020877e+01,2.029982e+01,2.018074e+01,2.006152e+01,2.013868e+01,2.010362e+01,2.004047e+01,2.012466e+01,2.017373e+01,2.014569e+01,2.014569e+01,2.011063e+01,2.011063e+01,2.011764e+01,2.004749e+01,1.992109e+01,1.994216e+01,1.984376e+01,1.996324e+01,1.988594e+01,1.990703e+01,1.983673e+01,1.994216e+01,1.980156e+01,1.980156e+01,1.982969e+01,1.987189e+01,1.992109e+01,2.018775e+01,2.022979e+01,2.019476e+01,2.036980e+01,2.038379e+01,2.043274e+01,2.052358e+01,2.069805e+01,2.070502e+01,2.048865e+01,2.045371e+01,2.043274e+01,2.045371e+01,2.043973e+01,2.022979e+01,2.028582e+01,2.033481e+01,2.034881e+01,2.029282e+01,2.041176e+01,2.041176e+01,2.043973e+01,2.049564e+01,2.041875e+01,2.030682e+01,2.046070e+01,2.046070e+01,2.050961e+01,2.049564e+01,2.059340e+01,2.078169e+01,2.065621e+01,2.083045e+01,2.087222e+01,2.083741e+01,2.088614e+01,2.082348e+01,2.087222e+01,2.087222e+01,2.096962e+01,2.097658e+01,2.096962e+01,2.092093e+01,2.101829e+01,2.099048e+01,2.086526e+01,2.099744e+01,2.098353e+01,2.092789e+01,2.092789e+01,2.095572e+01,2.094876e+01,2.087918e+01,2.087918e+01,2.092789e+01,2.085134e+01,2.088614e+01,2.093485e+01,2.094180e+01,2.092789e+01,2.095572e+01,2.097658e+01,2.092093e+01,2.087222e+01,2.101829e+01,2.094876e+01,2.086526e+01,2.092093e+01,2.086526e+01,2.094876e+01,2.088614e+01,2.090702e+01,2.097658e+01,2.098353e+01,2.097658e+01,2.092789e+01,2.093485e+01,2.079562e+01,2.083741e+01,2.091398e+01,2.099744e+01,2.097658e+01,2.098353e+01,2.101829e+01,2.095572e+01,2.085830e+01,2.097658e+01,2.093485e+01,2.088614e+01,2.099048e+01,2.113638e+01,2.089310e+01,2.080955e+01,2.090702e+01,2.084437e+01,2.093485e+01,2.081652e+01,2.097658e+01,2.083045e+01,2.093485e+01,2.086526e+01,2.092789e+01,2.096267e+01,2.097658e+01,2.094876e+01,2.092789e+01,2.092789e+01,2.079562e+01,2.095572e+01,2.098353e+01,2.084437e+01,2.088614e+01,2.096962e+01,2.085830e+01,2.099744e+01,2.098353e+01,2.095572e+01,2.092789e+01,2.104609e+01,2.100439e+01,2.099048e+01,2.110166e+01,2.101829e+01,2.106693e+01,2.101829e+01,2.105304e+01,2.103219e+01,2.115027e+01,2.139986e+01,2.115027e+01,2.112944e+01,2.112250e+01,2.089310e+01,2.086526e+01,2.076775e+01,2.077472e+01,2.071200e+01,2.085830e+01,2.083045e+01,2.069108e+01,2.069108e+01,2.060736e+01,2.069108e+01,2.076775e+01,2.074685e+01,2.064923e+01,2.073291e+01,2.069805e+01,2.071897e+01
2.066318e+01,2.072594e+01,2.072594e+01,2.073291e+01,2.073291e+01,2.069108e+01,2.067016e+01,2.066318e+01,2.068410e+01,2.064923e+01,2.057944e+01,2.052358e+01,2.058643e+01,2.047468e+01,2.037679e+01,2.034881e+01,2.026481e+01,2.031382e+01,2.024380e+01,2.041875e+01,2.021578e+01,2.036980e+01,2.038379e+01,2.015971e+01,2.001941e+01,2.015971e+01,1.999835e+01,2.015971e+01,2.011063e+01,1.997728e+01,2.011764e+01,1.999133e+01,1.989297e+01,1.996324e+01,2.005451e+01,2.001239e+01,1.999133e+01,2.008959e+01,2.011063e+01,2.001941e+01,2.011063e+01,2.020877e+01,2.038379e+01,2.038379e+01,2.026481e+01,2.019476e+01,2.032082e+01,2.037679e+01,2.027181e+01,2.028582e+01,2.048865e+01,2.041875e+01,2.039778e+01,2.057944e+01,2.050262e+01,2.043973e+01,2.042575e+01,2.029982e+01,2.041176e+01,2.031382e+01,2.039778e+01,2.031382e+01,2.050262e+01,2.037679e+01,2.034881e+01,2.043973e+01,2.043274e+01,2.038379e+01,2.041176e+01,2.036980e+01,2.029982e+01,2.041875e+01,2.029282e+01,2.027181e+01,2.023680e+01,2.021578e+01,2.008959e+01,2.032782e+01,2.018074e+01,2.012466e+01,2.022979e+01,2.011063e+01,2.015270e+01,2.017373e+01,2.015971e+01,2.018775e+01,1.999835e+01,2.011063e+01,2.020877e+01,2.008257e+01,2.019476e+01,2.011063e+01,2.018775e+01,2.016672e+01,2.020177e+01,2.029282e+01,2.022278e+01,2.015971e+01,2.023680e+01,2.012466e+01,2.027181e+01,2.007556e+01,2.018074e+01,2.004749e+01,2.005451e+01,2.008257e+01,2.011764e+01,2.009660e+01,2.005451e+01,1.999133e+01,2.007556e+01,2.003345e+01,2.004047e+01,1.992811e+01,1.988594e+01,1.989297e+01,1.977341e+01,2.001239e+01,1.990703e+01,1.982969e+01,2.006152e+01,2.003345e+01,1.990703e+01,2.000537e+01,2.005451e+01,2.007556e+01,1.998431e+01,2.018775e+01,2.007556e+01,2.008257e+01,2.015971e+01,2.018074e+01,2.021578e+01,2.022278e+01,2.026481e+01,2.020877e+01,2.031382e+01,2.032782e+01,2.032782e+01,2.043973e+01,2.025781e+01,2.051660e+01,2.061434e+01,2.046769e+01,2.048865e+01,2.053755e+01,2.045371e+01,2.047468e+01,2.046070e+01,2.044672e+01,2.053755e+01,2.066318e+01,2.067713e+01,2.062132e+01,2.055152e+01,2.057246e+01,2.060039e+01,2.056548e+01,2.057246e+01,2.058643e+01,2.055850e+01,2.059340e+01,2.055152e+01,2.060736e+01,2.054453e+01,2.069805e+01,2.071897e+01,2.060736e+01,2.067713e+01,2.066318e+01,2.070502e+01,2.057944e+01,2.058643e+01,2.070502e+01,2.061434e+01,2.064225e+01,2.064923e+01,2.062132e+01,2.067713e+01,2.062132e+01,2.064225e+01,2.070502e+01,2.071897e+01,2.067016e+01,2.064225e+01,2.066318e+01,2.068410e+01,2.068410e+01,2.062830e+01,2.043973e+01,2.056548e+01,2.062830e+01,2.064225e+01,2.064923e+01,2.063528e+01,2.065621e+01,2.062830e+01,2.057246e+01,2.062132e+01,2.059340e+01,2.056548e+01,2.059340e+01,2.058643e+01,2.057944e+01,2.057944e+01,2.065621e+01,2.057944e+01,2.060736e+01,2.055152e+01,2.066318e+01,2.056548e+01,2.060039e+01,2.061434e+01,2.061434e+01,2.064225e+01,2.061434e+01,2.065621e+01,2.061434e+01,2.060736e+01,2.072594e+01,2.061434e+01,2.073988e+01,2.068410e+01,2.063528e+01,2.067016e+01,2.055152e+01,2.060039e+01,2.058643e+01,2.076775e+01,2.057246e+01,2.071897e+01,2.058643e+01,2.060039e+01,2.057246e+01,2.056548e+01,2.059340e+01,2.067016e+01,2.065621e+01,2.054453e+01,2.066318e+01,2.065621e+01,2.055152e+01,2.058643e+01,2.056548e+01,2.059340e+01,2.054453e+01,2.048166e+01,2.055850e+01,2.038379e+01,2.040477e+01,2.040477e+01,2.040477e+01,2.019476e+01,1.999133e+01,1.988594e+01,1.987892e+01,1.984376e+01,1.979452e+01,1.954797e+01,1.944212e+01,1.951975e+01,1.951975e+01,1.945624e+01,1.937149e+01,1.949153e+01,1.941387e+01,1.947742e+01,1.968893e+01,2.012466e+01,2.024380e+01,2.017373e+01,2.021578e+01,2.022278e+01,2.029982e+01,2.027181e+01,2.030682e+01,2.027181e+01,2.026481e+01,2.027881e+01,2.027881e+01,2.029282e+01,2.029982e+01,2.029982e+01,2.014569e+01,2.017373e+01,2.018074e+01,2.018074e+01,2.020177e+01,2.015270e+01,2.025080e+01,2.018074e+01,2.015270e+01,2.025781e+01,2.021578e+01,2.020177e+01,2.021578e+01,2.010362e+01,2.025781e+01,2.020177e+01,2.022979e+01,2.019476e+01,2.021578e+01,2.030682e+01,2.015971e+01,2.016672e+01,2.010362e+01,2.027181e+01,2.029282e+01,2.027181e+01,2.013167e+01,2.015270e+01,2.020177e+01,2.025781e+01,2.027181e+01,2.026481e+01,2.018074e+01,2.025781e+01,2.014569e+01,2.020177e+01,2.049564e+01,2.030682e+01,2.017373e+01,2.015971e+01,2.011764e+01,2.022979e+01,2.018775e+01,2.034881e+01,2.031382e+01,2.025080e+01,2.030682e+01,2.030682e+01,2.035581e+01,2.039078e+01,2.041176e+01,2.044672e+01,2.048865e+01,2.051660e+01,2.049564e+01,2.048865e+01,2.053057e+01,2.044672e+01,2.045371e+01,2.046769e+01,2.050262e+01,2.039778e+01,2.053057e+01,2.041875e+01,2.035581e+01,2.035581e+01,2.040477e+01,2.033481e+01,2.034881e+01,2.034181e+01,2.010362e+01,2.006152e+01,2.004749e+01,1.997026e+01,1.995621e+01,1.994216e+01,1.992109e+01,1.994919e+01,2.011764e+01,2.029282e+01,2.020877e+01,2.025781e+01,2.034881e+01,2.043274e+01,2.045371e+01,2.045371e+01,2.047468e+01,2.045371e+01,2.043274e+01,2.045371e+01,2.046070e+01,2.052358e+01,2.053755e+01,2.042575e+01,2.053057e+01,2.046070e+01,2.054453e+01,2.052358e+01,2.052358e+01,2.052358e+01,2.051660e+01,2.049564e+01,2.048865e+01,2.052358e+01,2.053057e+01,2.035581e+01,2.020877e+01,2.025781e+01,2.000537e+01,1.990000e+01,1.985079e+01,1.973822e+01,1.961143e+01,1.969597e+01,1.971006e+01,1.982266e+01,1.982969e+01,1.983673e+01,2.003345e+01,1.990000e+01,1.997728e+01,2.002643e+01,2.028582e+01,2.044672e+01,2.033481e+01,2.041176e+01,2.041875e+01,2.043973e+01,2.049564e+01,2.056548e+01,2.058643e+01,2.053755e+01,2.062830e+01,2.061434e+01,2.071897e+01,2.059340e+01,2.083045e+01,2.060039e+01,2.054453e+01,2.057246e+01,2.062830e+01,2.078169e+01,2.054453e+01,2.055152e+01,2.052358e+01,2.067713e+01,2.058643e+01,2.067016e+01,2.064923e+01,2.055850e+01,2.059340e+01,2.053755e+01,2.048865e+01,2.061434e+01,2.055850e+01,2.040477e+01,2.050262e+01,2.036280e+01,2.048166e+01,2.039078e+01,2.035581e+01,2.024380e+01,2.032782e+01,2.021578e+01,2.021578e+01,2.034881e+01,2.034181e+01,2.019476e+01,2.027881e+01,2.039078e+01,2.037679e+01,2.023680e+01,2.024380e+01,2.015971e+01,2.031382e+01,2.025080e+01,2.025781e+01,2.023680e+01,2.024380e+01,2.012466e+01,2.026481e+01,2.021578e+01,2.027881e+01,2.015971e+01,2.014569e+01,2.020177e+01,2.013868e+01,2.014569e+01,2.014569e+01,2.019476e+01,2.007556e+01,2.013868e+01,2.008959e+01,2.005451e+01,2.001941e+01,2.001941e+01,1.992109e+01,1.997026e+01,1.980156e+01,1.987189e+01,1.997026e+01,1.976638e+01,1.972414e+01,1.984376e+01,1.982969e+01,1.984376e+01,1.986485e+01,1.987892e+01,1.985079e+01,2.022278e+01,2.030682e+01,2.020177e+01,2.055152e+01,2.043274e+01,2.052358e+01,2.045371e+01,2.046769e+01,2.049564e+01,2.049564e+01,2.046769e+01,2.046070e+01,2.046070e+01,2.041176e+01,2.040477e+01,2.031382e+01,2.035581e+01,2.046070e+01,2.044672e+01,2.026481e+01,2.034181e+01,2.050961e+01,2.043973e+01,2.041176e+01,2.038379e+01,2.045371e+01,2.047468e+01,2.052358e+01,2.052358e+01,2.053057e+01,2.060039e+01,2.083741e+01,2.084437e+01,2.090702e+01,2.092789e+01,2.094876e+01,2.095572e+01,2.098353e+01,2.096267e+01,2.096962e+01,2.097658e+01,2.095572e+01,2.087918e+01,2.102524e+01,2.086526e+01,2.083741e+01,2.094180e+01,2.097658e+01,2.094180e+01,2.100439e+01,2.087918e+01,2.087918e+01,2.103219e+01,2.100439e+01,2.093485e+01,2.095572e+01,2.099048e+01,2.096962e+01,2.096962e+01,2.090006e+01,2.094180e+01,2.092093e+01,2.087918e+01,2.103914e+01,2.094876e+01,2.090702e+01,2.094180e+01,2.097658e+01,2.095572e+01,2.103219e+01,2.095572e+01,2.091398e+01,2.090702e+01,2.103914e+01,2.096962e+01,2.092093e+01,2.096267e+01,2.087222e+01,2.089310e+01,2.090702e+01,2.090006e+01,2.112944e+01,2.086526e+01,2.088614e+01,2.102524e+01,2.087918e+01,2.092789e+01,2.094180e+01,2.087918e+01,2.089310e+01,2.085830e+01,2.082348e+01,2.088614e+01,2.095572e+01,2.083045e+01,2.096962e+01,2.103219e+01,2.101829e+01,2.072594e+01,2.094180e+01,2.093485e+01,2.101134e+01,2.093485e+01,2.093485e+01,2.090702e+01,2.102524e+01,2.088614e+01,2.089310e+01,2.102524e+01,2.083741e+01,2.081652e+01,2.085830e+01,2.100439e+01,2.100439e+01,2.097658e+01,2.093485e+01,2.094180e+01,2.094180e+01,2.090006e+01,2.110166e+01,2.101134e+01,2.100439e+01,2.110861e+01,2.104609e+01,2.102524e+01,2.121272e+01,2.120579e+01,2.137216e+01,2.137216e+01,2.113638e+01,2.090702e+01,2.097658e+01,2.092093e+01,2.083741e+01,2.076775e+01,2.080259e+01,2.094180e+01,2.085830e+01,2.074685e+01,2.072594e+01,2.075382e+01,2.071897e+01,2.076775e+01,2.075382e+01,2.068410e+01,2.076079e+01,2.075382e+01,2.072594e+01
2.067016e+01,2.066318e+01,2.065621e+01,2.071200e+01,2.056548e+01,2.059340e+01,2.062132e+01,2.069805e+01,2.064225e+01,2.069108e+01,2.068410e+01,2.060039e+01,2.058643e+01,2.041176e+01,2.039078e+01,2.039078e+01,2.034181e+01,2.025080e+01,2.038379e+01,2.022278e+01,2.026481e+01,2.027181e+01,2.027181e+01,2.031382e+01,2.030682e+01,2.018775e+01,2.017373e+01,2.011764e+01,2.011063e+01,2.015270e+01,2.000537e+01,2.006152e+01,1.991406e+01,2.010362e+01,1.998431e+01,2.002643e+01,1.989297e+01,2.007556e+01,2.006152e+01,2.022278e+01,2.025781e+01,2.032782e+01,2.036980e+01,2.032782e+01,2.030682e+01,2.021578e+01,2.032782e+01,2.032082e+01,2.031382e+01,2.034881e+01,2.048865e+01,2.023680e+01,2.060039e+01,2.039078e+01,2.041875e+01,2.043973e+01,2.042575e+01,2.034881e+01,2.036980e+01,2.036280e+01,2.039778e+01,2.036280e+01,2.032782e+01,2.039078e+01,2.036980e+01,2.044672e+01,2.039778e+01,2.032782e+01,2.041875e+01,2.033481e+01,2.037679e+01,2.034181e+01,2.032782e+01,2.025080e+01,2.024380e+01,2.033481e+01,2.005451e+01,2.024380e+01,2.006854e+01,2.015270e+01,2.006854e+01,2.008257e+01,2.005451e+01,2.002643e+01,1.995621e+01,2.008257e+01,2.003345e+01,2.013167e+01,1.999835e+01,2.019476e+01,2.002643e+01,2.002643e+01,2.015971e+01,2.017373e+01,2.013167e+01,2.020177e+01,2.010362e+01,2.012466e+01,2.022278e+01,2.010362e+01,2.013167e+01,2.003345e+01,2.008257e+01,2.007556e+01,2.012466e+01,2.020877e+01,2.002643e+01,2.016672e+01,2.003345e+01,1.997026e+01,1.997026e+01,1.997026e+01,1.987189e+01,1.982266e+01,1.991406e+01,1.989297e+01,1.987189e+01,1.986485e+01,1.990000e+01,2.007556e+01,2.001941e+01,2.005451e+01,2.006854e+01,2.001239e+01,2.011063e+01,2.004749e+01,2.019476e+01,2.005451e+01,2.016672e+01,2.014569e+01,2.012466e+01,2.018775e+01,2.031382e+01,2.029282e+01,2.030682e+01,2.032082e+01,2.031382e+01,2.036280e+01,2.035581e+01,2.039078e+01,2.039778e+01,2.037679e+01,2.045371e+01,2.045371e+01,2.035581e+01,2.042575e+01,2.030682e+01,2.048865e+01,2.048865e+01,2.047468e+01,2.053057e+01,2.057944e+01,2.055152e+01,2.055152e+01,2.055152e+01,2.058643e+01,2.061434e+01,2.055850e+01,2.055152e+01,2.060736e+01,2.063528e+01,2.060039e+01,2.057246e+01,2.070502e+01,2.064225e+01,2.053755e+01,2.068410e+01,2.067713e+01,2.071897e+01,2.073988e+01,2.060039e+01,2.055850e+01,2.057246e+01,2.058643e+01,2.061434e+01,2.069108e+01,2.060736e+01,2.056548e+01,2.055152e+01,2.069108e+01,2.066318e+01,2.066318e+01,2.067713e+01,2.060736e+01,2.053755e+01,2.060039e+01,2.058643e+01,2.071200e+01,2.066318e+01,2.057944e+01,2.065621e+01,2.060039e+01,2.061434e+01,2.061434e+01,2.064923e+01,2.052358e+01,2.057246e+01,2.057944e+01,2.057944e+01,2.054453e+01,2.060039e+01,2.057944e+01,2.053057e+01,2.057246e+01,2.046769e+01,2.062830e+01,2.055850e+01,2.049564e+01,2.057246e+01,2.063528e+01,2.065621e+01,2.055850e+01,2.059340e+01,2.056548e+01,2.058643e+01,2.056548e+01,2.059340e+01,2.067016e+01,2.070502e+01,2.064225e+01,2.073988e+01,2.056548e+01,2.055850e+01,2.062830e+01,2.061434e+01,2.062132e+01,2.060039e+01,2.055152e+01,2.054453e+01,2.057944e+01,2.058643e+01,2.059340e+01,2.056548e+01,2.057246e+01,2.064225e+01,2.056548e+01,2.055152e+01,2.067713e+01,2.070502e+01,2.053057e+01,2.059340e+01,2.047468e+01,2.056548e+01,2.055850e+01,2.048865e+01,2.045371e+01,2.040477e+01,2.039078e+01,2.041875e+01,2.035581e+01,2.013868e+01,2.013167e+01,2.003345e+01,1.989297e+01,1.985079e+01,1.976638e+01,1.961847e+01,1.958323e+01,1.947742e+01,1.939975e+01,1.944918e+01,1.936442e+01,1.936442e+01,1.938562e+01,1.942093e+01,1.939268e+01,1.946330e+01,1.992109e+01,2.013167e+01,2.023680e+01,2.022278e+01,2.018775e+01,2.020177e+01,2.012466e+01,2.030682e+01,2.026481e+01,2.027181e+01,2.033481e+01,2.029982e+01,2.008959e+01,2.033481e+01,2.027881e+01,2.020877e+01,2.013167e+01,1.998431e+01,2.016672e+01,2.016672e+01,2.021578e+01,2.014569e+01,2.021578e+01,2.022278e+01,2.016672e+01,2.025781e+01,2.026481e+01,2.027181e+01,2.011764e+01,2.021578e+01,2.018775e+01,2.011063e+01,2.018074e+01,2.021578e+01,2.015971e+01,2.021578e+01,2.018074e+01,2.017373e+01,2.024380e+01,2.011063e+01,2.026481e+01,2.024380e+01,2.022278e+01,2.022278e+01,2.023680e+01,2.022979e+01,2.020177e+01,2.026481e+01,2.025781e+01,2.025781e+01,2.015971e+01,2.015270e+01,2.017373e+01,2.013868e+01,2.016672e+01,2.014569e+01,2.015270e+01,2.013167e+01,2.018775e+01,2.025080e+01,2.029982e+01,2.027181e+01,2.032782e+01,2.031382e+01,2.034881e+01,2.044672e+01,2.032082e+01,2.046070e+01,2.025781e+01,2.047468e+01,2.048865e+01,2.053755e+01,2.049564e+01,2.050961e+01,2.048166e+01,2.051660e+01,2.050262e+01,2.035581e+01,2.034881e+01,2.051660e+01,2.043973e+01,2.034881e+01,2.036980e+01,2.037679e+01,2.013868e+01,2.019476e+01,2.011063e+01,2.018074e+01,2.008959e+01,2.012466e+01,2.000537e+01,1.995621e+01,1.999133e+01,2.014569e+01,2.013868e+01,2.018074e+01,2.025781e+01,2.030682e+01,2.035581e+01,2.035581e+01,2.040477e+01,2.039778e+01,2.044672e+01,2.048166e+01,2.040477e+01,2.046070e+01,2.040477e+01,2.050961e+01,2.043973e+01,2.043973e+01,2.044672e+01,2.043274e+01,2.048166e+01,2.043973e+01,2.056548e+01,2.044672e+01,2.043973e+01,2.046769e+01,2.046070e+01,2.035581e+01,2.048166e+01,2.037679e+01,2.016672e+01,2.026481e+01,1.995621e+01,1.994919e+01,1.963257e+01,1.961847e+01,1.961143e+01,1.962552e+01,1.966780e+01,1.966076e+01,1.979452e+01,1.985079e+01,1.990703e+01,1.997728e+01,1.999835e+01,2.000537e+01,2.025781e+01,2.018074e+01,2.032082e+01,2.023680e+01,2.043274e+01,2.043274e+01,2.041176e+01,2.048166e+01,2.066318e+01,2.060039e+01,2.054453e+01,2.059340e+01,2.060736e+01,2.050961e+01,2.052358e+01,2.063528e+01,2.059340e+01,2.055850e+01,2.067016e+01,2.055850e+01,2.056548e+01,2.053755e+01,2.054453e+01,2.059340e+01,2.057246e+01,2.062830e+01,2.060039e+01,2.041875e+01,2.062830e+01,2.053057e+01,2.073291e+01,2.052358e+01,2.051660e+01,2.049564e+01,2.046769e+01,2.038379e+01,2.046070e+01,2.047468e+01,2.022979e+01,2.031382e+01,2.024380e+01,2.019476e+01,2.016672e+01,2.019476e+01,2.018775e+01,2.039078e+01,2.034881e+01,2.017373e+01,2.016672e+01,2.016672e+01,2.030682e+01,2.027881e+01,2.018074e+01,2.021578e+01,2.030682e+01,2.024380e+01,2.013868e+01,2.025080e+01,2.020177e+01,2.015971e+01,2.017373e+01,2.006854e+01,2.016672e+01,2.022278e+01,2.011764e+01,2.011063e+01,2.021578e+01,2.014569e+01,2.027181e+01,2.009660e+01,2.008257e+01,1.994919e+01,2.006152e+01,2.002643e+01,1.989297e+01,1.980859e+01,1.979452e+01,1.971710e+01,1.978045e+01,1.975934e+01,1.972414e+01,1.971710e+01,1.971710e+01,1.971710e+01,1.982969e+01,1.984376e+01,2.000537e+01,2.022979e+01,2.019476e+01,2.022979e+01,2.034881e+01,2.048865e+01,2.046070e+01,2.048865e+01,2.048166e+01,2.050961e+01,2.046070e+01,2.050262e+01,2.047468e+01,2.034181e+01,2.022278e+01,2.027181e+01,2.028582e+01,2.030682e+01,2.022278e+01,2.033481e+01,2.040477e+01,2.034181e+01,2.018074e+01,2.036980e+01,2.041875e+01,2.020877e+01,2.036280e+01,2.047468e+01,2.057246e+01,2.052358e+01,2.066318e+01,2.073988e+01,2.084437e+01,2.090006e+01,2.082348e+01,2.099744e+01,2.101829e+01,2.080955e+01,2.088614e+01,2.087918e+01,2.092093e+01,2.101134e+01,2.082348e+01,2.100439e+01,2.087918e+01,2.078866e+01,2.087918e+01,2.093485e+01,2.095572e+01,2.100439e+01,2.090702e+01,2.092789e+01,2.099048e+01,2.098353e+01,2.090006e+01,2.091398e+01,2.096962e+01,2.091398e+01,2.097658e+01,2.102524e+01,2.097658e+01,2.093485e+01,2.091398e+01,2.089310e+01,2.099048e+01,2.099744e+01,2.092789e+01,2.099744e+01,2.085134e+01,2.091398e+01,2.083045e+01,2.090006e+01,2.092093e+01,2.089310e+01,2.090702e+01,2.086526e+01,2.087918e+01,2.087918e+01,2.093485e+01,2.092789e+01,2.109472e+01,2.083741e+01,2.085830e+01,2.085134e+01,2.088614e+01,2.085134e+01,2.098353e+01,2.092093e+01,2.100439e+01,2.087222e+01,2.089310e+01,2.076775e+01,2.086526e+01,2.083741e+01,2.088614e+01,2.087918e+01,2.094876e+01,2.087918e+01,2.105999e+01,2.093485e+01,2.092789e+01,2.093485e+01,2.093485e+01,2.090006e+01,2.090702e+01,2.088614e+01,2.102524e+01,2.101134e+01,2.097658e+01,2.095572e+01,2.083045e+01,2.080955e+01,2.103219e+01,2.103219e+01,2.103914e+01,2.103914e+01,2.101829e+01,2.089310e+01,2.092789e+01,2.096962e+01,2.095572e+01,2.104609e+01,2.102524e+01,2.106693e+01,2.103914e+01,2.126821e+01,2.123353e+01,2.130287e+01,2.112250e+01,2.113638e+01,2.112250e+01,2.080259e+01,2.080955e+01,2.087222e+01,2.078169e+01,2.087222e+01,2.089310e+01,2.087918e+01,2.086526e+01,2.069108e+01,2.075382e+01,2.073988e+01,2.072594e+01,2.073291e+01,2.072594e+01,2.073291e+01,2.070502e+01,2.069108e+01,2.075382e+01
2.072594e+01,2.069805e+01,2.071897e+01,2.071200e+01,2.062830e+01,2.067713e+01,2.057246e+01,2.072594e+01,2.063528e+01,2.063528e+01,2.061434e+01,2.048166e+01,2.046769e+01,2.041875e+01,2.038379e+01,2.018775e+01,2.023680e+01,2.023680e+01,2.027181e+01,2.030682e+01,2.035581e+01,2.030682e+01,2.027881e+01,2.006854e+01,2.012466e+01,2.005451e+01,2.006152e+01,2.014569e+01,2.009660e+01,2.010362e+01,1.992109e+01,2.009660e+01,2.013167e+01,1.997728e+01,2.011764e+01,1.987189e+01,2.001941e+01,2.009660e+01,2.007556e+01,2.019476e+01,2.023680e+01,2.027881e+01,2.034181e+01,2.018775e+01,2.034881e+01,2.031382e+01,2.029282e+01,2.032082e+01,2.039078e+01,2.030682e+01,2.043973e+01,2.032782e+01,2.039078e+01,2.042575e+01,2.049564e+01,2.036280e+01,2.027881e+01,2.039778e+01,2.031382e+01,2.029982e+01,2.018775e+01,2.031382e+01,2.027881e+01,2.035581e+01,2.034881e+01,2.041176e+01,2.040477e+01,2.041875e+01,2.022278e+01,2.022979e+01,2.037679e+01,2.032082e+01,2.019476e+01,2.032782e+01,2.007556e+01,2.016672e+01,2.019476e+01,2.010362e+01,2.012466e+01,2.006854e+01,2.016672e+01,2.004047e+01,2.002643e+01,2.008257e+01,2.008257e+01,2.012466e+01,2.000537e+01,2.001941e+01,2.006152e+01,2.001941e+01,2.003345e+01,2.017373e+01,2.003345e+01,2.006152e+01,2.013167e+01,2.013167e+01,2.011764e+01,2.011764e+01,2.011764e+01,2.011063e+01,2.022278e+01,2.011063e+01,2.008257e+01,2.008959e+01,2.011764e+01,2.008257e+01,2.008257e+01,1.999133e+01,2.014569e+01,1.997026e+01,1.997728e+01,1.987892e+01,1.989297e+01,1.986485e+01,1.978045e+01,1.990703e+01,1.985079e+01,1.992109e+01,2.005451e+01,1.997026e+01,2.004749e+01,1.989297e+01,1.989297e+01,1.992109e+01,2.004047e+01,2.006854e+01,2.001239e+01,1.997728e+01,1.999133e+01,2.015270e+01,2.017373e+01,2.016672e+01,1.998431e+01,2.031382e+01,2.027181e+01,2.028582e+01,2.029982e+01,2.033481e+01,2.035581e+01,2.033481e+01,2.038379e+01,2.034881e+01,2.048865e+01,2.058643e+01,2.048166e+01,2.045371e+01,2.041875e+01,2.047468e+01,2.047468e+01,2.053057e+01,2.053057e+01,2.053755e+01,2.046769e+01,2.053057e+01,2.061434e+01,2.052358e+01,2.055850e+01,2.060039e+01,2.064923e+01,2.062830e+01,2.044672e+01,2.058643e+01,2.054453e+01,2.064225e+01,2.054453e+01,2.062132e+01,2.067016e+01,2.056548e+01,2.068410e+01,2.060039e+01,2.060736e+01,2.070502e+01,2.067713e+01,2.064923e+01,2.059340e+01,2.064225e+01,2.064225e+01,2.060039e+01,2.057246e+01,2.065621e+01,2.068410e+01,2.067713e+01,2.068410e+01,2.071200e+01,2.059340e+01,2.055850e+01,2.067016e+01,2.055850e+01,2.057944e+01,2.058643e+01,2.055850e+01,2.063528e+01,2.058643e+01,2.057944e+01,2.058643e+01,2.060736e+01,2.059340e+01,2.053755e+01,2.056548e+01,2.060736e+01,2.055850e+01,2.060039e+01,2.045371e+01,2.060039e+01,2.041875e+01,2.050961e+01,2.046070e+01,2.063528e+01,2.058643e+01,2.057246e+01,2.055850e+01,2.051660e+01,2.059340e+01,2.062830e+01,2.060736e+01,2.060039e+01,2.054453e+01,2.055152e+01,2.051660e+01,2.057246e+01,2.051660e+01,2.056548e+01,2.056548e+01,2.057944e+01,2.062132e+01,2.061434e+01,2.056548e+01,2.055850e+01,2.059340e+01,2.057944e+01,2.058643e+01,2.055850e+01,2.053755e+01,2.062830e+01,2.061434e+01,2.061434e+01,2.057246e+01,2.052358e+01,2.054453e+01,2.054453e+01,2.048865e+01,2.053057e+01,2.049564e+01,2.049564e+01,2.045371e+01,2.034881e+01,2.032082e+01,2.035581e+01,2.026481e+01,2.020177e+01,2.002643e+01,2.000537e+01,1.997026e+01,1.987189e+01,1.972414e+01,1.965371e+01,1.952681e+01,1.954092e+01,1.955502e+01,1.948447e+01,1.946330e+01,1.934322e+01,1.932909e+01,1.929374e+01,1.942800e+01,1.951975e+01,1.947036e+01,1.996324e+01,2.015270e+01,2.024380e+01,2.024380e+01,2.025781e+01,2.025080e+01,2.025080e+01,2.028582e+01,2.032082e+01,2.031382e+01,2.033481e+01,2.018775e+01,2.032082e+01,2.029982e+01,2.030682e+01,2.024380e+01,2.013167e+01,2.015971e+01,2.016672e+01,2.008959e+01,2.027181e+01,2.019476e+01,2.021578e+01,2.013167e+01,2.019476e+01,2.013868e+01,2.004749e+01,2.013868e+01,2.013868e+01,2.014569e+01,2.009660e+01,2.007556e+01,2.021578e+01,2.007556e+01,2.015971e+01,2.014569e+01,2.009660e+01,2.020177e+01,2.006854e+01,2.007556e+01,2.011063e+01,2.019476e+01,2.021578e+01,2.020877e+01,2.024380e+01,2.026481e+01,2.022278e+01,2.021578e+01,2.020877e+01,2.019476e+01,2.018074e+01,2.020177e+01,2.016672e+01,2.013167e+01,2.019476e+01,2.011764e+01,2.013167e+01,2.019476e+01,2.020177e+01,2.022278e+01,2.016672e+01,2.028582e+01,2.023680e+01,2.034181e+01,2.040477e+01,2.032782e+01,2.028582e+01,2.048865e+01,2.048865e+01,2.046070e+01,2.048166e+01,2.045371e+01,2.048865e+01,2.050961e+01,2.046070e+01,2.048865e+01,2.050262e+01,2.041176e+01,2.055152e+01,2.034181e+01,2.034881e+01,2.035581e+01,2.038379e+01,2.015270e+01,2.028582e+01,2.028582e+01,2.011764e+01,2.027181e+01,2.003345e+01,2.007556e+01,1.996324e+01,2.002643e+01,2.008959e+01,2.013868e+01,2.015270e+01,2.018074e+01,2.028582e+01,2.028582e+01,2.034181e+01,2.046769e+01,2.035581e+01,2.036280e+01,2.048166e+01,2.045371e+01,2.037679e+01,2.046769e+01,2.048865e+01,2.044672e+01,2.047468e+01,2.046070e+01,2.052358e+01,2.050961e+01,2.053755e+01,2.053057e+01,2.050961e+01,2.044672e+01,2.047468e+01,2.032782e+01,2.033481e+01,2.048865e+01,2.024380e+01,2.026481e+01,2.026481e+01,1.992811e+01,1.986485e+01,1.980156e+01,1.966076e+01,1.958323e+01,1.961143e+01,1.963962e+01,1.968189e+01,1.975230e+01,1.980859e+01,1.986485e+01,1.970302e+01,1.994919e+01,1.997026e+01,2.003345e+01,2.014569e+01,2.020877e+01,2.022979e+01,2.025781e+01,2.032082e+01,2.041875e+01,2.040477e+01,2.052358e+01,2.050262e+01,2.049564e+01,2.057944e+01,2.055152e+01,2.057246e+01,2.050262e+01,2.059340e+01,2.067713e+01,2.050961e+01,2.042575e+01,2.054453e+01,2.045371e+01,2.049564e+01,2.057246e+01,2.060039e+01,2.057246e+01,2.060039e+01,2.053755e+01,2.061434e+01,2.057944e+01,2.048166e+01,2.043973e+01,2.041875e+01,2.050961e+01,2.044672e+01,2.046769e+01,2.044672e+01,2.029982e+01,2.030682e+01,2.022278e+01,2.018074e+01,2.018074e+01,2.017373e+01,2.019476e+01,2.022278e+01,2.013868e+01,2.010362e+01,2.008959e+01,2.018775e+01,2.023680e+01,2.033481e+01,2.012466e+01,2.011063e+01,2.012466e+01,2.015270e+01,2.017373e+01,2.013167e+01,2.027881e+01,2.014569e+01,2.010362e+01,2.014569e+01,2.014569e+01,2.010362e+01,2.018074e+01,2.014569e+01,2.008257e+01,2.011063e+01,2.011063e+01,2.015270e+01,2.014569e+01,2.008959e+01,2.008257e+01,1.990703e+01,1.992811e+01,1.992811e+01,1.978749e+01,1.975934e+01,1.989297e+01,1.978045e+01,1.976638e+01,1.997026e+01,1.977341e+01,1.949153e+01,1.974526e+01,1.980859e+01,1.973118e+01,1.977341e+01,1.985079e+01,1.992109e+01,1.997728e+01,2.005451e+01,1.998431e+01,2.024380e+01,2.036280e+01,2.043973e+01,2.045371e+01,2.048166e+01,2.049564e+01,2.047468e+01,2.036280e+01,2.041176e+01,2.021578e+01,2.019476e+01,2.022278e+01,2.025080e+01,2.028582e+01,2.024380e+01,2.027181e+01,2.035581e+01,2.043274e+01,2.025781e+01,2.035581e+01,2.024380e+01,2.029282e+01,2.043973e+01,2.036980e+01,2.041875e+01,2.055850e+01,2.060736e+01,2.065621e+01,2.081652e+01,2.088614e+01,2.084437e+01,2.074685e+01,2.083045e+01,2.082348e+01,2.085134e+01,2.097658e+01,2.091398e+01,2.099048e+01,2.083045e+01,2.085134e+01,2.099744e+01,2.087918e+01,2.094876e+01,2.095572e+01,2.087918e+01,2.085830e+01,2.084437e+01,2.085830e+01,2.100439e+01,2.094876e+01,2.092093e+01,2.093485e+01,2.094876e+01,2.099048e+01,2.097658e+01,2.084437e+01,2.090006e+01,2.087918e+01,2.103219e+01,2.092093e+01,2.087918e+01,2.096962e+01,2.092789e+01,2.092789e+01,2.085830e+01,2.099744e+01,2.088614e+01,2.087222e+01,2.096962e+01,2.075382e+01,2.078169e+01,2.088614e+01,2.099744e+01,2.090006e+01,2.092789e+01,2.081652e+01,2.083741e+01,2.083741e+01,2.085830e+01,2.085134e+01,2.094180e+01,2.086526e+01,2.100439e+01,2.087918e+01,2.088614e+01,2.085134e+01,2.083045e+01,2.083045e+01,2.081652e+01,2.083741e+01,2.087918e+01,2.083045e+01,2.082348e+01,2.089310e+01,2.075382e+01,2.101134e+01,2.085134e+01,2.088614e+01,2.089310e+01,2.093485e+01,2.083045e+01,2.105304e+01,2.090006e+01,2.079562e+01,2.104609e+01,2.090006e+01,2.083741e+01,2.094180e+01,2.098353e+01,2.106693e+01,2.096962e+01,2.094876e+01,2.090006e+01,2.092789e+01,2.101134e+01,2.102524e+01,2.102524e+01,2.101134e+01,2.099744e+01,2.105304e+01,2.106693e+01,2.101134e+01,2.111555e+01,2.110861e+01,2.111555e+01,2.083741e+01,2.112250e+01,2.083045e+01,2.086526e+01,2.087222e+01,2.080259e+01,2.069805e+01,2.078866e+01,2.083741e+01,2.075382e+01,2.059340e+01,2.072594e+01,2.060039e+01,2.039778e+01,2.057944e+01,2.067713e+01,2.067016e+01,2.065621e+01,2.068410e+01,2.086526e+01
2.067016e+01,2.059340e+01,2.073988e+01,2.073988e+01,2.064923e+01,2.063528e+01,2.065621e+01,2.068410e+01,2.069805e+01,2.071200e+01,2.066318e+01,2.053755e+01,2.058643e+01,2.052358e+01,2.034181e+01,2.036280e+01,2.039778e+01,2.036280e+01,2.020177e+01,2.029282e+01,2.022979e+01,2.021578e+01,2.007556e+01,2.013868e+01,2.011764e+01,2.005451e+01,2.008257e+01,2.008959e+01,2.020177e+01,2.015971e+01,1.997026e+01,2.013167e+01,2.003345e+01,2.006152e+01,2.004047e+01,2.008959e+01,2.018775e+01,2.026481e+01,2.018775e+01,2.021578e+01,2.023680e+01,2.022278e+01,2.046070e+01,2.036280e+01,2.032782e+01,2.027881e+01,2.038379e+01,2.030682e+01,2.039778e+01,2.034881e+01,2.046769e+01,2.043274e+01,2.043274e+01,2.041176e+01,2.040477e+01,2.033481e+01,2.035581e+01,2.037679e+01,2.028582e+01,2.033481e+01,2.038379e+01,2.030682e+01,2.032082e+01,2.031382e+01,2.042575e+01,2.040477e+01,2.035581e+01,2.032782e+01,2.034881e+01,2.041176e+01,2.039778e+01,2.022979e+01,2.026481e+01,2.029282e+01,2.031382e+01,2.008959e+01,2.004047e+01,2.008257e+01,2.003345e+01,2.012466e+01,2.005451e+01,2.015270e+01,2.010362e+01,2.001941e+01,2.004047e+01,2.005451e+01,1.995621e+01,2.000537e+01,2.003345e+01,2.009660e+01,2.002643e+01,2.012466e+01,2.008257e+01,2.001941e+01,2.004749e+01,2.015971e+01,2.020877e+01,2.015270e+01,2.013868e+01,2.013868e+01,2.013868e+01,2.009660e+01,2.007556e+01,2.020877e+01,2.013167e+01,2.006152e+01,2.015971e+01,2.010362e+01,2.010362e+01,1.996324e+01,2.010362e+01,1.990703e+01,1.998431e+01,1.987892e+01,1.986485e+01,1.997026e+01,2.008959e+01,2.001239e+01,2.008257e+01,1.984376e+01,2.006854e+01,1.994216e+01,2.004047e+01,2.006152e+01,2.010362e+01,2.010362e+01,2.015971e+01,2.020877e+01,2.015270e+01,1.998431e+01,2.005451e+01,2.019476e+01,2.019476e+01,2.017373e+01,2.023680e+01,2.036280e+01,2.034881e+01,2.041176e+01,2.038379e+01,2.048166e+01,2.041875e+01,2.047468e+01,2.046769e+01,2.057246e+01,2.054453e+01,2.050961e+01,2.053755e+01,2.049564e+01,2.044672e+01,2.063528e+01,2.050262e+01,2.062132e+01,2.062830e+01,2.057944e+01,2.060736e+01,2.062830e+01,2.056548e+01,2.065621e+01,2.052358e+01,2.067016e+01,2.064225e+01,2.072594e+01,2.062132e+01,2.064923e+01,2.056548e+01,2.073291e+01,2.070502e+01,2.075382e+01,2.076079e+01,2.077472e+01,2.054453e+01,2.055152e+01,2.057246e+01,2.054453e+01,2.061434e+01,2.060039e+01,2.069108e+01,2.072594e+01,2.043274e+01,2.065621e+01,2.067016e+01,2.067713e+01,2.068410e+01,2.069805e+01,2.053057e+01,2.064923e+01,2.067713e+01,2.062830e+01,2.068410e+01,2.063528e+01,2.060039e+01,2.063528e+01,2.060736e+01,2.055850e+01,2.062132e+01,2.062830e+01,2.062132e+01,2.053057e+01,2.055152e+01,2.054453e+01,2.062830e+01,2.066318e+01,2.058643e+01,2.057944e+01,2.057246e+01,2.055850e+01,2.057944e+01,2.060039e+01,2.060039e+01,2.063528e+01,2.059340e+01,2.062132e+01,2.059340e+01,2.058643e+01,2.054453e+01,2.062830e+01,2.062830e+01,2.059340e+01,2.055152e+01,2.053057e+01,2.055152e+01,2.055850e+01,2.060039e+01,2.064225e+01,2.064225e+01,2.057944e+01,2.061434e+01,2.059340e+01,2.064923e+01,2.059340e+01,2.061434e+01,2.057944e+01,2.063528e+01,2.055850e+01,2.062830e+01,2.057246e+01,2.057246e+01,2.050961e+01,2.064923e+01,2.057944e+01,2.060039e+01,2.050262e+01,2.056548e+01,2.048166e+01,2.041875e+01,2.041875e+01,2.040477e+01,2.027881e+01,2.018775e+01,1.988594e+01,1.999835e+01,1.985079e+01,1.976638e+01,1.971710e+01,1.968893e+01,1.965371e+01,1.959733e+01,1.939268e+01,1.962552e+01,1.941387e+01,1.934322e+01,1.951270e+01,1.936442e+01,1.946330e+01,1.939268e+01,1.951270e+01,1.968893e+01,2.015971e+01,2.027881e+01,2.018775e+01,2.027881e+01,2.025781e+01,2.022278e+01,2.012466e+01,2.027181e+01,2.022278e+01,2.018074e+01,2.031382e+01,2.032082e+01,2.022979e+01,2.024380e+01,2.020877e+01,2.012466e+01,2.020177e+01,2.018775e+01,2.029282e+01,2.020177e+01,2.020877e+01,2.018775e+01,2.021578e+01,2.021578e+01,2.015971e+01,2.020877e+01,2.013868e+01,2.026481e+01,2.013868e+01,2.026481e+01,2.020877e+01,2.019476e+01,2.017373e+01,2.020177e+01,2.012466e+01,2.011063e+01,2.018074e+01,2.008257e+01,2.020177e+01,2.030682e+01,2.019476e+01,2.022979e+01,2.022278e+01,2.033481e+01,2.024380e+01,2.020177e+01,2.024380e+01,2.023680e+01,2.020877e+01,2.023680e+01,2.013167e+01,2.011764e+01,2.024380e+01,2.012466e+01,2.011764e+01,2.022278e+01,2.018775e+01,2.022979e+01,2.022979e+01,2.030682e+01,2.023680e+01,2.023680e+01,2.036980e+01,2.042575e+01,2.047468e+01,2.044672e+01,2.024380e+01,2.039778e+01,2.045371e+01,2.042575e+01,2.050961e+01,2.050961e+01,2.051660e+01,2.053755e+01,2.054453e+01,2.055152e+01,2.046070e+01,2.046070e+01,2.039778e+01,2.042575e+01,2.035581e+01,2.031382e+01,2.048865e+01,2.046070e+01,2.020177e+01,2.015971e+01,2.020177e+01,2.014569e+01,2.014569e+01,2.001239e+01,1.998431e+01,2.000537e+01,1.997728e+01,2.015270e+01,2.017373e+01,2.023680e+01,2.031382e+01,2.043973e+01,2.036280e+01,2.042575e+01,2.039778e+01,2.036280e+01,2.046070e+01,2.040477e+01,2.047468e+01,2.046070e+01,2.046070e+01,2.049564e+01,2.036980e+01,2.045371e+01,2.048865e+01,2.047468e+01,2.053755e+01,2.043274e+01,2.043274e+01,2.048865e+01,2.036980e+01,2.034881e+01,2.043274e+01,2.029282e+01,2.024380e+01,2.026481e+01,2.008959e+01,1.984376e+01,1.981563e+01,1.979452e+01,1.966076e+01,1.958323e+01,1.953386e+01,1.959733e+01,1.982969e+01,1.982266e+01,1.982969e+01,1.980859e+01,1.975934e+01,1.995621e+01,1.987189e+01,2.022979e+01,2.020877e+01,2.032082e+01,2.027181e+01,2.037679e+01,2.035581e+01,2.036980e+01,2.048166e+01,2.050961e+01,2.053057e+01,2.059340e+01,2.062132e+01,2.055850e+01,2.064923e+01,2.060039e+01,2.065621e+01,2.059340e+01,2.052358e+01,2.056548e+01,2.055850e+01,2.054453e+01,2.048865e+01,2.054453e+01,2.051660e+01,2.053755e+01,2.058643e+01,2.057944e+01,2.055850e+01,2.061434e+01,2.046769e+01,2.054453e+01,2.050262e+01,2.046070e+01,2.043973e+01,2.048865e+01,2.051660e+01,2.034881e+01,2.021578e+01,2.018074e+01,2.029982e+01,2.012466e+01,2.002643e+01,2.018074e+01,2.003345e+01,2.016672e+01,2.004749e+01,2.016672e+01,2.015971e+01,2.002643e+01,1.999835e+01,2.018775e+01,2.007556e+01,2.013167e+01,2.009660e+01,2.014569e+01,2.016672e+01,2.017373e+01,2.001239e+01,2.011764e+01,2.008959e+01,2.008959e+01,2.015270e+01,2.012466e+01,2.011764e+01,2.013868e+01,1.999835e+01,2.013167e+01,2.011063e+01,2.011063e+01,2.007556e+01,2.001239e+01,2.006854e+01,1.995621e+01,1.994919e+01,1.991406e+01,1.979452e+01,1.966780e+01,1.981563e+01,1.958323e+01,1.977341e+01,1.976638e+01,1.964666e+01,1.975230e+01,1.971006e+01,1.977341e+01,1.982266e+01,1.977341e+01,1.980156e+01,1.994216e+01,1.999835e+01,2.022278e+01,2.032082e+01,2.036980e+01,2.042575e+01,2.044672e+01,2.050961e+01,2.039078e+01,2.046769e+01,2.043973e+01,2.042575e+01,2.032782e+01,2.022979e+01,2.017373e+01,2.029982e+01,2.023680e+01,2.032082e+01,2.031382e+01,2.033481e+01,2.027881e+01,2.031382e+01,2.020177e+01,2.039778e+01,2.041875e+01,2.039778e+01,2.043973e+01,2.050262e+01,2.052358e+01,2.055152e+01,2.065621e+01,2.088614e+01,2.092093e+01,2.085134e+01,2.090006e+01,2.095572e+01,2.086526e+01,2.090702e+01,2.099048e+01,2.087918e+01,2.096962e+01,2.082348e+01,2.089310e+01,2.099048e+01,2.089310e+01,2.087222e+01,2.088614e+01,2.093485e+01,2.092789e+01,2.094876e+01,2.085830e+01,2.103914e+01,2.094180e+01,2.102524e+01,2.121272e+01,2.095572e+01,2.100439e+01,2.096267e+01,2.084437e+01,2.096267e+01,2.087222e+01,2.090006e+01,2.097658e+01,2.087222e+01,2.099048e+01,2.089310e+01,2.093485e+01,2.094876e+01,2.094876e+01,2.104609e+01,2.095572e+01,2.097658e+01,2.092093e+01,2.080955e+01,2.085830e+01,2.087222e+01,2.090702e+01,2.088614e+01,2.082348e+01,2.096267e+01,2.087222e+01,2.081652e+01,2.092093e+01,2.085830e+01,2.087918e+01,2.087918e+01,2.098353e+01,2.091398e+01,2.097658e+01,2.094876e+01,2.090006e+01,2.097658e+01,2.095572e+01,2.081652e+01,2.094180e+01,2.078866e+01,2.094180e+01,2.093485e+01,2.101829e+01,2.093485e+01,2.092093e+01,2.073988e+01,2.094876e+01,2.092789e+01,2.101134e+01,2.091398e+01,2.092093e+01,2.104609e+01,2.094180e+01,2.093485e+01,2.080259e+01,2.098353e+01,2.096962e+01,2.099048e+01,2.093485e+01,2.096962e+01,2.102524e+01,2.102524e+01,2.121966e+01,2.100439e+01,2.094180e+01,2.104609e+01,2.103914e+01,2.109472e+01,2.103914e+01,2.115027e+01,2.112944e+01,2.111555e+01,2.104609e+01,2.092093e+01,2.080955e+01,2.080955e+01,2.083045e+01,2.073988e+01,2.081652e+01,2.088614e+01,2.067713e+01,2.072594e+01,2.083741e+01,2.058643e+01,2.077472e+01,2.067713e+01,2.046769e+01,2.073291e+01,2.064225e+01,2.063528e+01,2.085134e+01,2.088614e+01
2.065621e+01,2.070502e+01,2.069805e+01,2.073291e+01,2.070502e+01,2.063528e+01,2.067713e+01,2.071200e+01,2.076079e+01,2.062132e+01,2.050262e+01,2.064923e+01,2.050961e+01,2.055850e+01,2.052358e+01,2.044672e+01,2.025080e+01,2.032782e+01,2.030682e+01,2.034181e+01,2.022979e+01,2.019476e+01,2.008257e+01,2.022278e+01,2.015270e+01,2.010362e+01,2.011764e+01,2.007556e+01,2.017373e+01,2.015971e+01,2.013167e+01,2.006152e+01,2.011764e+01,2.017373e+01,2.019476e+01,2.013868e+01,2.014569e+01,2.010362e+01,2.023680e+01,2.018074e+01,2.030682e+01,2.025080e+01,2.030682e+01,2.027181e+01,2.034181e+01,2.039778e+01,2.047468e+01,2.038379e+01,2.036980e+01,2.043973e+01,2.050262e+01,2.039778e+01,2.050961e+01,2.038379e+01,2.038379e+01,2.036280e+01,2.039778e+01,2.034181e+01,2.029282e+01,2.035581e+01,2.034881e+01,2.028582e+01,2.038379e+01,2.029982e+01,2.027881e+01,2.025781e+01,2.035581e+01,2.025080e+01,2.040477e+01,2.029982e+01,2.028582e+01,2.016672e+01,2.019476e+01,2.032082e+01,2.029982e+01,2.030682e+01,2.006854e+01,2.008959e+01,2.011063e+01,2.012466e+01,2.006854e+01,2.005451e+01,2.007556e+01,2.006152e+01,2.005451e+01,2.004749e+01,2.004749e+01,2.004047e+01,2.001239e+01,2.004749e+01,2.008257e+01,2.002643e+01,2.013868e+01,2.004047e+01,2.003345e+01,2.008257e+01,2.015971e+01,2.011764e+01,2.021578e+01,2.013167e+01,2.022979e+01,2.021578e+01,2.012466e+01,2.020177e+01,2.014569e+01,2.004047e+01,2.014569e+01,2.015971e+01,2.003345e+01,2.006854e+01,1.995621e+01,1.998431e+01,2.005451e+01,2.009660e+01,2.013167e+01,2.009660e+01,1.997728e+01,1.995621e+01,1.998431e+01,2.001239e+01,2.003345e+01,2.006152e+01,2.008959e+01,2.006854e+01,2.007556e+01,2.013167e+01,2.008959e+01,2.017373e+01,2.015270e+01,2.013868e+01,2.017373e+01,2.018775e+01,2.027881e+01,2.034881e+01,2.032782e+01,2.032082e+01,2.033481e+01,2.029982e+01,2.050262e+01,2.037679e+01,2.029982e+01,2.043973e+01,2.037679e+01,2.053057e+01,2.042575e+01,2.039778e+01,2.052358e+01,2.049564e+01,2.050961e+01,2.046769e+01,2.057246e+01,2.036280e+01,2.058643e+01,2.060736e+01,2.045371e+01,2.067016e+01,2.061434e+01,2.053057e+01,2.071897e+01,2.053755e+01,2.064923e+01,2.033481e+01,2.071200e+01,2.071200e+01,2.058643e+01,2.055152e+01,2.064225e+01,2.073291e+01,2.070502e+01,2.061434e+01,2.056548e+01,2.055850e+01,2.055850e+01,2.057246e+01,2.062132e+01,2.058643e+01,2.041875e+01,2.060736e+01,2.083741e+01,2.064225e+01,2.065621e+01,2.067016e+01,2.071200e+01,2.070502e+01,2.071897e+01,2.067016e+01,2.061434e+01,2.067713e+01,2.062830e+01,2.052358e+01,2.059340e+01,2.053755e+01,2.055152e+01,2.062132e+01,2.055850e+01,2.062132e+01,2.055850e+01,2.057944e+01,2.060736e+01,2.051660e+01,2.054453e+01,2.060736e+01,2.048166e+01,2.053755e+01,2.064923e+01,2.062830e+01,2.078169e+01,2.054453e+01,2.061434e+01,2.061434e+01,2.062132e+01,2.061434e+01,2.067016e+01,2.054453e+01,2.053755e+01,2.054453e+01,2.051660e+01,2.054453e+01,2.054453e+01,2.053755e+01,2.055850e+01,2.061434e+01,2.064225e+01,2.063528e+01,2.060039e+01,2.064923e+01,2.063528e+01,2.058643e+01,2.048166e+01,2.048166e+01,2.061434e+01,2.047468e+01,2.054453e+01,2.043973e+01,2.061434e+01,2.057246e+01,2.050262e+01,2.059340e+01,2.053755e+01,2.055152e+01,2.053057e+01,2.048865e+01,2.039078e+01,2.048166e+01,2.028582e+01,2.027181e+01,2.027881e+01,2.020877e+01,2.018775e+01,2.018775e+01,1.987189e+01,1.992811e+01,1.972414e+01,1.966780e+01,1.965371e+01,1.966076e+01,1.951975e+01,1.939268e+01,1.939975e+01,1.935736e+01,1.939268e+01,1.947742e+01,1.941387e+01,1.936442e+01,1.939975e+01,1.955502e+01,1.956913e+01,2.016672e+01,2.018775e+01,2.024380e+01,2.026481e+01,2.023680e+01,2.024380e+01,2.025080e+01,2.021578e+01,2.017373e+01,2.024380e+01,2.029282e+01,2.032082e+01,2.025781e+01,2.022278e+01,2.036980e+01,2.020877e+01,2.019476e+01,2.016672e+01,2.015971e+01,2.017373e+01,2.020877e+01,2.010362e+01,2.011764e+01,1.992811e+01,2.017373e+01,2.013868e+01,2.011764e+01,2.012466e+01,1.999133e+01,2.018074e+01,2.020877e+01,2.005451e+01,2.018775e+01,2.017373e+01,2.013167e+01,2.012466e+01,2.004749e+01,2.006854e+01,2.011063e+01,2.011764e+01,2.020877e+01,2.025080e+01,2.022278e+01,2.021578e+01,2.023680e+01,2.025080e+01,2.023680e+01,2.019476e+01,2.023680e+01,2.018775e+01,2.014569e+01,2.025781e+01,2.028582e+01,2.023680e+01,2.028582e+01,2.022979e+01,2.021578e+01,2.015270e+01,2.025080e+01,2.025781e+01,2.015971e+01,2.022278e+01,2.027881e+01,2.020877e+01,2.040477e+01,2.020877e+01,2.035581e+01,2.053057e+01,2.049564e+01,2.034181e+01,2.050961e+01,2.053755e+01,2.050961e+01,2.055152e+01,2.052358e+01,2.046070e+01,2.053057e+01,2.035581e+01,2.035581e+01,2.035581e+01,2.032082e+01,2.036980e+01,2.031382e+01,2.027881e+01,2.036980e+01,2.016672e+01,2.019476e+01,2.015270e+01,2.006152e+01,2.005451e+01,2.004047e+01,2.005451e+01,2.001239e+01,2.013868e+01,2.020877e+01,2.032082e+01,2.033481e+01,2.036980e+01,2.038379e+01,2.030682e+01,2.046070e+01,2.053057e+01,2.055152e+01,2.076775e+01,2.042575e+01,2.057944e+01,2.046769e+01,2.050262e+01,2.048166e+01,2.046070e+01,2.050961e+01,2.053057e+01,2.054453e+01,2.048865e+01,2.047468e+01,2.052358e+01,2.048865e+01,2.048166e+01,2.034181e+01,2.025781e+01,2.039078e+01,2.023680e+01,1.994919e+01,1.973118e+01,1.977341e+01,1.955502e+01,1.961847e+01,1.961143e+01,1.960438e+01,1.961847e+01,1.968189e+01,1.970302e+01,1.991406e+01,1.974526e+01,1.987892e+01,1.992811e+01,1.990000e+01,2.009660e+01,2.004749e+01,2.029282e+01,2.027881e+01,2.036980e+01,2.043973e+01,2.043973e+01,2.050262e+01,2.048865e+01,2.052358e+01,2.048865e+01,2.071200e+01,2.057944e+01,2.069108e+01,2.060039e+01,2.064225e+01,2.057944e+01,2.058643e+01,2.064923e+01,2.069108e+01,2.050262e+01,2.057944e+01,2.056548e+01,2.058643e+01,2.054453e+01,2.059340e+01,2.054453e+01,2.058643e+01,2.053057e+01,2.049564e+01,2.056548e+01,2.050262e+01,2.052358e+01,2.030682e+01,2.051660e+01,2.034881e+01,2.031382e+01,2.027881e+01,2.014569e+01,2.024380e+01,2.015971e+01,2.015971e+01,2.006854e+01,2.005451e+01,2.013167e+01,2.015270e+01,2.016672e+01,2.017373e+01,2.011063e+01,2.006854e+01,2.011764e+01,2.007556e+01,2.010362e+01,2.016672e+01,1.997026e+01,2.008257e+01,2.018074e+01,2.008959e+01,2.013167e+01,2.011764e+01,2.013167e+01,2.015270e+01,2.012466e+01,1.996324e+01,2.004047e+01,2.008959e+01,1.997728e+01,2.009660e+01,2.007556e+01,2.011063e+01,2.008959e+01,2.001941e+01,1.992109e+01,1.997728e+01,1.991406e+01,1.991406e+01,1.975934e+01,1.973822e+01,1.974526e+01,1.971006e+01,1.977341e+01,1.975934e+01,1.975934e+01,1.972414e+01,1.977341e+01,1.978749e+01,1.982969e+01,1.984376e+01,1.989297e+01,1.999835e+01,1.997728e+01,2.031382e+01,2.037679e+01,2.041875e+01,2.039078e+01,2.042575e+01,2.043973e+01,2.034181e+01,2.055850e+01,2.033481e+01,2.034181e+01,2.029282e+01,2.001941e+01,2.017373e+01,2.018775e+01,2.029282e+01,2.034181e+01,2.029982e+01,2.021578e+01,2.018074e+01,2.019476e+01,2.019476e+01,2.021578e+01,2.021578e+01,2.034881e+01,2.053057e+01,2.055152e+01,2.073291e+01,2.078169e+01,2.085830e+01,2.090702e+01,2.087918e+01,2.093485e+01,2.094180e+01,2.119191e+01,2.088614e+01,2.087918e+01,2.086526e+01,2.083045e+01,2.092789e+01,2.092093e+01,2.097658e+01,2.085830e+01,2.097658e+01,2.087918e+01,2.088614e+01,2.085134e+01,2.081652e+01,2.082348e+01,2.102524e+01,2.092789e+01,2.095572e+01,2.090702e+01,2.084437e+01,2.091398e+01,2.093485e+01,2.094180e+01,2.102524e+01,2.099048e+01,2.099744e+01,2.092789e+01,2.091398e+01,2.100439e+01,2.090702e+01,2.089310e+01,2.094876e+01,2.092789e+01,2.088614e+01,2.090006e+01,2.087222e+01,2.092789e+01,2.093485e+01,2.087222e+01,2.092789e+01,2.089310e+01,2.083741e+01,2.092093e+01,2.091398e+01,2.078866e+01,2.080259e+01,2.084437e+01,2.086526e+01,2.087918e+01,2.100439e+01,2.101134e+01,2.094876e+01,2.100439e+01,2.099048e+01,2.099048e+01,2.077472e+01,2.099048e+01,2.086526e+01,2.095572e+01,2.087918e+01,2.085134e+01,2.097658e+01,2.090006e+01,2.090702e+01,2.084437e+01,2.083741e+01,2.087918e+01,2.090006e+01,2.090702e+01,2.093485e+01,2.093485e+01,2.090702e+01,2.095572e+01,2.095572e+01,2.094876e+01,2.095572e+01,2.103914e+01,2.086526e+01,2.090702e+01,2.099048e+01,2.087918e+01,2.096267e+01,2.092789e+01,2.101829e+01,2.104609e+01,2.101134e+01,2.110861e+01,2.108777e+01,2.110166e+01,2.111555e+01,2.108083e+01,2.120579e+01,2.103219e+01,2.076079e+01,2.084437e+01,2.081652e+01,2.078866e+01,2.073291e+01,2.085134e+01,2.080955e+01,2.073988e+01,2.071897e+01,2.073291e+01,2.078866e+01,2.061434e+01,2.078169e+01,2.063528e+01,2.060039e+01,2.062132e+01,2.063528e+01,2.063528e+01,2.088614e+01
2.076775e+01,2.074685e+01,2.074685e+01,2.073291e+01,2.069805e+01,2.077472e+01,2.064225e+01,2.075382e+01,2.066318e+01,2.055850e+01,2.070502e+01,2.060039e+01,2.050262e+01,2.048166e+01,2.046769e+01,2.034181e+01,2.032782e+01,2.033481e+01,2.018074e+01,2.029982e+01,2.027181e+01,2.026481e+01,2.024380e+01,2.011764e+01,2.018074e+01,2.022979e+01,2.022979e+01,2.009660e+01,2.021578e+01,2.022278e+01,2.032082e+01,2.020877e+01,2.021578e+01,2.024380e+01,2.016672e+01,2.023680e+01,2.024380e+01,2.027881e+01,2.023680e+01,2.016672e+01,2.027181e+01,2.025781e+01,2.051660e+01,2.052358e+01,2.036980e+01,2.039778e+01,2.052358e+01,2.041176e+01,2.041875e+01,2.052358e+01,2.042575e+01,2.040477e+01,2.048166e+01,2.041176e+01,2.043973e+01,2.024380e+01,2.038379e+01,2.028582e+01,2.035581e+01,2.025080e+01,2.029282e+01,2.026481e+01,2.034181e+01,2.037679e+01,2.025781e+01,2.020177e+01,2.025080e+01,2.038379e+01,2.032782e+01,2.027881e+01,2.033481e+01,2.018775e+01,2.018074e+01,2.029282e+01,2.022979e+01,2.010362e+01,2.006854e+01,2.012466e+01,2.005451e+01,2.010362e+01,2.009660e+01,2.011063e+01,2.008959e+01,2.003345e+01,1.999133e+01,2.003345e+01,2.005451e+01,2.004749e+01,1.999835e+01,2.003345e+01,2.008257e+01,2.003345e+01,2.004749e+01,2.005451e+01,2.013868e+01,2.016672e+01,2.013167e+01,2.008959e+01,2.017373e+01,2.016672e+01,2.030682e+01,2.029282e+01,2.019476e+01,2.019476e+01,2.017373e+01,2.008959e+01,2.011764e+01,2.011063e+01,2.020877e+01,2.008959e+01,2.010362e+01,2.013167e+01,1.997728e+01,1.994919e+01,2.018074e+01,2.002643e+01,1.998431e+01,1.979452e+01,1.981563e+01,2.006152e+01,2.010362e+01,2.011063e+01,2.015270e+01,2.020877e+01,2.013167e+01,2.017373e+01,2.025080e+01,2.017373e+01,2.015971e+01,2.032082e+01,2.036280e+01,2.033481e+01,2.020177e+01,2.028582e+01,2.027881e+01,2.032782e+01,2.038379e+01,2.047468e+01,2.043973e+01,2.035581e+01,2.036280e+01,2.047468e+01,2.040477e+01,2.077472e+01,2.052358e+01,2.046769e+01,2.060039e+01,2.050262e+01,2.050961e+01,2.050262e+01,2.057944e+01,2.055850e+01,2.061434e+01,2.058643e+01,2.064225e+01,2.064225e+01,2.067016e+01,2.064923e+01,2.057944e+01,2.062830e+01,2.067016e+01,2.053755e+01,2.064923e+01,2.067713e+01,2.068410e+01,2.062830e+01,2.065621e+01,2.077472e+01,2.056548e+01,2.052358e+01,2.062830e+01,2.055850e+01,2.056548e+01,2.060039e+01,2.057944e+01,2.061434e+01,2.060736e+01,2.067016e+01,2.063528e+01,2.062830e+01,2.068410e+01,2.069805e+01,2.066318e+01,2.063528e+01,2.050961e+01,2.069805e+01,2.067016e+01,2.064225e+01,2.060039e+01,2.063528e+01,2.063528e+01,2.055152e+01,2.064225e+01,2.060736e+01,2.062830e+01,2.059340e+01,2.057944e+01,2.054453e+01,2.066318e+01,2.065621e+01,2.062132e+01,2.060736e+01,2.053057e+01,2.057944e+01,2.058643e+01,2.060039e+01,2.059340e+01,2.058643e+01,2.060736e+01,2.059340e+01,2.068410e+01,2.059340e+01,2.064225e+01,2.062132e+01,2.062830e+01,2.057944e+01,2.067016e+01,2.061434e+01,2.057246e+01,2.059340e+01,2.062132e+01,2.064225e+01,2.060039e+01,2.053755e+01,2.060736e+01,2.060039e+01,2.062132e+01,2.044672e+01,2.043973e+01,2.054453e+01,2.045371e+01,2.050262e+01,2.044672e+01,2.046769e+01,2.055850e+01,2.060736e+01,2.056548e+01,2.048166e+01,2.051660e+01,2.056548e+01,2.065621e+01,2.057944e+01,2.028582e+01,2.049564e+01,2.029282e+01,2.025781e+01,2.012466e+01,2.020177e+01,1.992109e+01,1.985079e+01,1.980859e+01,1.976638e+01,1.966076e+01,1.968893e+01,1.963962e+01,1.945624e+01,1.946330e+01,1.946330e+01,1.935736e+01,1.937149e+01,1.938562e+01,1.936442e+01,1.950564e+01,1.937855e+01,1.947036e+01,1.940681e+01,1.979452e+01,2.011063e+01,2.026481e+01,2.029282e+01,2.023680e+01,2.024380e+01,2.024380e+01,2.025781e+01,2.020177e+01,2.020177e+01,2.029282e+01,2.020877e+01,2.023680e+01,2.023680e+01,2.036980e+01,2.015270e+01,2.019476e+01,2.018074e+01,2.015971e+01,2.018074e+01,2.017373e+01,2.013868e+01,2.022979e+01,2.015971e+01,2.017373e+01,2.020177e+01,2.015270e+01,2.015270e+01,2.009660e+01,2.010362e+01,2.013868e+01,2.010362e+01,2.009660e+01,2.014569e+01,2.006152e+01,2.016672e+01,2.016672e+01,2.012466e+01,2.015270e+01,2.003345e+01,2.004749e+01,2.013868e+01,2.023680e+01,2.020177e+01,2.015270e+01,2.022979e+01,2.020177e+01,2.022979e+01,2.022979e+01,2.022278e+01,2.019476e+01,2.020177e+01,2.025781e+01,2.018775e+01,2.023680e+01,2.022278e+01,2.021578e+01,2.016672e+01,2.022278e+01,2.034181e+01,2.030682e+01,2.023680e+01,2.022278e+01,2.034181e+01,2.023680e+01,2.043973e+01,2.056548e+01,2.053057e+01,2.034881e+01,2.056548e+01,2.053057e+01,2.054453e+01,2.057246e+01,2.056548e+01,2.053057e+01,2.053057e+01,2.050262e+01,2.055850e+01,2.053057e+01,2.038379e+01,2.039078e+01,2.035581e+01,2.035581e+01,2.029282e+01,2.031382e+01,2.023680e+01,2.018074e+01,2.018074e+01,2.006854e+01,2.010362e+01,2.008257e+01,2.004047e+01,2.005451e+01,2.019476e+01,2.016672e+01,2.016672e+01,2.033481e+01,2.037679e+01,2.039078e+01,2.044672e+01,2.046769e+01,2.046769e+01,2.048865e+01,2.048166e+01,2.049564e+01,2.043274e+01,2.050961e+01,2.043274e+01,2.046769e+01,2.064225e+01,2.048865e+01,2.058643e+01,2.053057e+01,2.053755e+01,2.053755e+01,2.053755e+01,2.049564e+01,2.050961e+01,2.033481e+01,2.036280e+01,2.027181e+01,2.022278e+01,1.996324e+01,1.988594e+01,1.966780e+01,1.962552e+01,1.959028e+01,1.957618e+01,1.951270e+01,1.966076e+01,1.964666e+01,1.971006e+01,1.972414e+01,1.978045e+01,1.973118e+01,1.984376e+01,1.978045e+01,1.992109e+01,1.992811e+01,2.020177e+01,2.022278e+01,2.035581e+01,2.030682e+01,2.037679e+01,2.044672e+01,2.045371e+01,2.050961e+01,2.053755e+01,2.060039e+01,2.065621e+01,2.055152e+01,2.056548e+01,2.053755e+01,2.057246e+01,2.062830e+01,2.054453e+01,2.061434e+01,2.048865e+01,2.057246e+01,2.060039e+01,2.055152e+01,2.057944e+01,2.059340e+01,2.057944e+01,2.057944e+01,2.057944e+01,2.056548e+01,2.053057e+01,2.056548e+01,2.054453e+01,2.045371e+01,2.047468e+01,2.034881e+01,2.025781e+01,2.024380e+01,2.021578e+01,2.024380e+01,2.017373e+01,2.012466e+01,2.013868e+01,2.012466e+01,2.008257e+01,2.009660e+01,2.004749e+01,2.001941e+01,2.010362e+01,2.015971e+01,2.010362e+01,2.003345e+01,2.012466e+01,2.001941e+01,2.017373e+01,2.014569e+01,2.008959e+01,2.010362e+01,1.999835e+01,1.987189e+01,2.013167e+01,2.004749e+01,2.004047e+01,2.022278e+01,2.011063e+01,2.010362e+01,1.999835e+01,1.994919e+01,2.006854e+01,2.008959e+01,2.006152e+01,1.999835e+01,1.998431e+01,2.000537e+01,1.985079e+01,1.982266e+01,1.974526e+01,1.981563e+01,1.953386e+01,1.973822e+01,1.965371e+01,1.975230e+01,1.954092e+01,1.980859e+01,1.963257e+01,1.981563e+01,1.979452e+01,1.981563e+01,1.988594e+01,1.991406e+01,2.003345e+01,2.009660e+01,2.027881e+01,2.031382e+01,2.036980e+01,2.037679e+01,2.043973e+01,2.043973e+01,2.049564e+01,2.036280e+01,2.036980e+01,2.042575e+01,2.045371e+01,2.018775e+01,2.015971e+01,2.019476e+01,2.023680e+01,2.029982e+01,2.029982e+01,2.032082e+01,2.023680e+01,2.025781e+01,2.018775e+01,2.020877e+01,2.016672e+01,2.030682e+01,2.048166e+01,2.036980e+01,2.056548e+01,2.079562e+01,2.087222e+01,2.094876e+01,2.090006e+01,2.093485e+01,2.092789e+01,2.082348e+01,2.087222e+01,2.091398e+01,2.092093e+01,2.090006e+01,2.078866e+01,2.097658e+01,2.083045e+01,2.095572e+01,2.094876e+01,2.094876e+01,2.083045e+01,2.097658e+01,2.096267e+01,2.097658e+01,2.086526e+01,2.099048e+01,2.100439e+01,2.089310e+01,2.098353e+01,2.100439e+01,2.086526e+01,2.090702e+01,2.086526e+01,2.101134e+01,2.095572e+01,2.088614e+01,2.086526e+01,2.092093e+01,2.089310e+01,2.104609e+01,2.089310e+01,2.096962e+01,2.085830e+01,2.102524e+01,2.094180e+01,2.092789e+01,2.092789e+01,2.094876e+01,2.096267e+01,2.087918e+01,2.086526e+01,2.081652e+01,2.085830e+01,2.081652e+01,2.094180e+01,2.087918e+01,2.093485e+01,2.101829e+01,2.089310e+01,2.090702e+01,2.096267e+01,2.094180e+01,2.097658e+01,2.098353e+01,2.085134e+01,2.091398e+01,2.090702e+01,2.090006e+01,2.090006e+01,2.085830e+01,2.083741e+01,2.081652e+01,2.092093e+01,2.087918e+01,2.098353e+01,2.092093e+01,2.094876e+01,2.092093e+01,2.087222e+01,2.090006e+01,2.092093e+01,2.092093e+01,2.080259e+01,2.103914e+01,2.081652e+01,2.096962e+01,2.093485e+01,2.094180e+01,2.097658e+01,2.099744e+01,2.097658e+01,2.093485e+01,2.101134e+01,2.106693e+01,2.104609e+01,2.110166e+01,2.119191e+01,2.121272e+01,2.124047e+01,2.101829e+01,2.117109e+01,2.100439e+01,2.096962e+01,2.087222e+01,2.092093e+01,2.086526e+01,2.082348e+01,2.068410e+01,2.079562e+01,2.083045e+01,2.076079e+01,2.071200e+01,2.070502e+01,2.064923e+01,2.079562e+01,2.080259e+01,2.062132e+01,2.056548e+01,2.065621e+01,2.068410e+01,2.087918e+01
2.077472e+01,2.076775e+01,2.071897e+01,2.075382e+01,2.064225e+01,2.076079e+01,2.073291e+01,2.067713e+01,2.074685e+01,2.070502e+01,2.076079e+01,2.062132e+01,2.062132e+01,2.050262e+01,2.038379e+01,2.036280e+01,2.029982e+01,2.029282e+01,2.025080e+01,2.022278e+01,2.035581e+01,2.046070e+01,2.022278e+01,2.017373e+01,2.016672e+01,2.025080e+01,2.022278e+01,2.017373e+01,2.021578e+01,2.015971e+01,2.008959e+01,2.005451e+01,2.032782e+01,2.014569e+01,2.031382e+01,2.025781e+01,2.023680e+01,2.022278e+01,2.036280e+01,2.022278e+01,2.029982e+01,2.032082e+01,2.047468e+01,2.049564e+01,2.047468e+01,2.047468e+01,2.053057e+01,2.049564e+01,2.049564e+01,2.039078e+01,2.032782e+01,2.042575e+01,2.043274e+01,2.038379e+01,2.040477e+01,2.039778e+01,2.036280e+01,2.028582e+01,2.035581e+01,2.025080e+01,2.034881e+01,2.026481e+01,2.016672e+01,2.041875e+01,2.052358e+01,2.034181e+01,2.025781e+01,2.025781e+01,2.036980e+01,2.024380e+01,2.016672e+01,2.031382e+01,2.025080e+01,2.014569e+01,2.008257e+01,2.011063e+01,2.004047e+01,2.010362e+01,2.006152e+01,2.006854e+01,2.003345e+01,2.006152e+01,2.009660e+01,1.994216e+01,2.001941e+01,2.013868e+01,2.004047e+01,2.005451e+01,2.004047e+01,2.014569e+01,2.003345e+01,2.008257e+01,2.001239e+01,2.020877e+01,2.008257e+01,2.016672e+01,2.013868e+01,2.017373e+01,2.030682e+01,2.034881e+01,2.027881e+01,2.027881e+01,2.029282e+01,2.025781e+01,2.013868e+01,2.017373e+01,2.015270e+01,2.006854e+01,2.013868e+01,2.010362e+01,2.011063e+01,2.018775e+01,2.011764e+01,1.997026e+01,1.997728e+01,2.012466e+01,2.001941e+01,1.997026e+01,2.000537e+01,2.010362e+01,2.018074e+01,2.013868e+01,2.007556e+01,2.017373e+01,2.013167e+01,2.020177e+01,2.024380e+01,2.015971e+01,2.027881e+01,2.029982e+01,2.034181e+01,2.035581e+01,2.032782e+01,2.034181e+01,2.030682e+01,2.036280e+01,2.034181e+01,2.043274e+01,2.038379e+01,2.048865e+01,2.032082e+01,2.037679e+01,2.046070e+01,2.046769e+01,2.047468e+01,2.053057e+01,2.055152e+01,2.050262e+01,2.050262e+01,2.055152e+01,2.062132e+01,2.055850e+01,2.064225e+01,2.058643e+01,2.052358e+01,2.060736e+01,2.053057e+01,2.057246e+01,2.066318e+01,2.068410e+01,2.066318e+01,2.057944e+01,2.061434e+01,2.057944e+01,2.074685e+01,2.059340e+01,2.068410e+01,2.055850e+01,2.056548e+01,2.067713e+01,2.056548e+01,2.062132e+01,2.065621e+01,2.063528e+01,2.064225e+01,2.059340e+01,2.063528e+01,2.042575e+01,2.073988e+01,2.062132e+01,2.069805e+01,2.065621e+01,2.067016e+01,2.067016e+01,2.055850e+01,2.070502e+01,2.066318e+01,2.063528e+01,2.064225e+01,2.061434e+01,2.060736e+01,2.055850e+01,2.058643e+01,2.060736e+01,2.058643e+01,2.060039e+01,2.060736e+01,2.064225e+01,2.063528e+01,2.053057e+01,2.051660e+01,2.064225e+01,2.060039e+01,2.048865e+01,2.058643e+01,2.055850e+01,2.058643e+01,2.060039e+01,2.064225e+01,2.063528e+01,2.059340e+01,2.061434e+01,2.048166e+01,2.051660e+01,2.043973e+01,2.046070e+01,2.063528e+01,2.060039e+01,2.057246e+01,2.053057e+01,2.062830e+01,2.062830e+01,2.060736e+01,2.046769e+01,2.061434e+01,2.041176e+01,2.043274e+01,2.041176e+01,2.043274e+01,2.039078e+01,2.046070e+01,2.048166e+01,2.048865e+01,2.046070e+01,2.035581e+01,2.030682e+01,2.033481e+01,2.047468e+01,2.043274e+01,2.041176e+01,2.045371e+01,2.041176e+01,2.044672e+01,2.047468e+01,2.027881e+01,2.034881e+01,2.004047e+01,2.001941e+01,1.988594e+01,1.990703e+01,1.966076e+01,1.970302e+01,1.967484e+01,1.963962e+01,1.965371e+01,1.944918e+01,1.947036e+01,1.937149e+01,1.933615e+01,1.939975e+01,1.944918e+01,1.951270e+01,1.942800e+01,1.951270e+01,1.941387e+01,1.951270e+01,2.009660e+01,2.022278e+01,2.023680e+01,2.021578e+01,2.035581e+01,2.026481e+01,2.023680e+01,2.035581e+01,2.022979e+01,2.027181e+01,2.016672e+01,2.023680e+01,2.022979e+01,2.025080e+01,2.022278e+01,2.024380e+01,2.020877e+01,2.018074e+01,2.015270e+01,2.022278e+01,2.016672e+01,2.015971e+01,2.020877e+01,2.006854e+01,2.017373e+01,2.017373e+01,2.018074e+01,2.009660e+01,2.012466e+01,2.009660e+01,2.013167e+01,2.015270e+01,2.012466e+01,2.030682e+01,2.020877e+01,2.019476e+01,2.014569e+01,2.013868e+01,2.020877e+01,2.012466e+01,2.015270e+01,2.009660e+01,2.015971e+01,2.013868e+01,2.015971e+01,2.015971e+01,2.016672e+01,2.023680e+01,2.022278e+01,2.024380e+01,2.036980e+01,2.026481e+01,2.030682e+01,2.021578e+01,2.027181e+01,2.023680e+01,2.035581e+01,2.022979e+01,2.028582e+01,2.020177e+01,2.034881e+01,2.028582e+01,2.020877e+01,2.018775e+01,2.015270e+01,2.045371e+01,2.040477e+01,2.034181e+01,2.034881e+01,2.059340e+01,2.043973e+01,2.056548e+01,2.054453e+01,2.055152e+01,2.050262e+01,2.049564e+01,2.053057e+01,2.051660e+01,2.046070e+01,2.048166e+01,2.038379e+01,2.037679e+01,2.037679e+01,2.036280e+01,2.029282e+01,2.034181e+01,2.018074e+01,2.009660e+01,2.018775e+01,2.001941e+01,2.010362e+01,1.999835e+01,2.002643e+01,2.023680e+01,2.020177e+01,2.028582e+01,2.021578e+01,2.043274e+01,2.036280e+01,2.041176e+01,2.045371e+01,2.045371e+01,2.048865e+01,2.048166e+01,2.048865e+01,2.053057e+01,2.044672e+01,2.044672e+01,2.048166e+01,2.055152e+01,2.057944e+01,2.053057e+01,2.057944e+01,2.053755e+01,2.050262e+01,2.050961e+01,2.058643e+01,2.032082e+01,2.028582e+01,2.025781e+01,2.001239e+01,2.001239e+01,1.984376e+01,1.974526e+01,1.955502e+01,1.957618e+01,1.961847e+01,1.953386e+01,1.951270e+01,1.963257e+01,1.971006e+01,1.995621e+01,1.972414e+01,1.979452e+01,1.975934e+01,1.986485e+01,1.983673e+01,1.995621e+01,1.989297e+01,2.025080e+01,2.030682e+01,2.026481e+01,2.031382e+01,2.048865e+01,2.046070e+01,2.053057e+01,2.054453e+01,2.060039e+01,2.047468e+01,2.043973e+01,2.057246e+01,2.060039e+01,2.057944e+01,2.059340e+01,2.060039e+01,2.047468e+01,2.062132e+01,2.056548e+01,2.055850e+01,2.062132e+01,2.057246e+01,2.055152e+01,2.052358e+01,2.058643e+01,2.063528e+01,2.055152e+01,2.058643e+01,2.053755e+01,2.053755e+01,2.056548e+01,2.047468e+01,2.043274e+01,2.037679e+01,2.032082e+01,2.036280e+01,2.035581e+01,2.027181e+01,2.006854e+01,2.024380e+01,2.026481e+01,2.006152e+01,2.011063e+01,2.024380e+01,2.014569e+01,2.015971e+01,2.013868e+01,2.002643e+01,2.005451e+01,1.999835e+01,2.001239e+01,1.997026e+01,2.000537e+01,1.997728e+01,2.000537e+01,1.997728e+01,1.988594e+01,1.976638e+01,1.996324e+01,2.004749e+01,2.009660e+01,2.012466e+01,1.982969e+01,1.999133e+01,1.994216e+01,2.006152e+01,2.018074e+01,2.001941e+01,2.013167e+01,2.001941e+01,1.995621e+01,2.002643e+01,1.997728e+01,1.991406e+01,1.975230e+01,1.976638e+01,1.963257e+01,1.970302e+01,1.966780e+01,1.973118e+01,1.964666e+01,1.978045e+01,1.971710e+01,1.971006e+01,1.974526e+01,1.989297e+01,1.989297e+01,1.990703e+01,1.992109e+01,2.004749e+01,2.013868e+01,2.025781e+01,2.034881e+01,2.039078e+01,2.039078e+01,2.044672e+01,2.053057e+01,2.045371e+01,2.043274e+01,2.037679e+01,2.035581e+01,2.015270e+01,2.015971e+01,2.011764e+01,2.012466e+01,2.029982e+01,2.029282e+01,2.024380e+01,2.024380e+01,2.024380e+01,2.020877e+01,2.029982e+01,2.039778e+01,2.042575e+01,2.037679e+01,2.060039e+01,2.075382e+01,2.073291e+01,2.082348e+01,2.094180e+01,2.087918e+01,2.083741e+01,2.088614e+01,2.088614e+01,2.098353e+01,2.098353e+01,2.099048e+01,2.080955e+01,2.092093e+01,2.096267e+01,2.094876e+01,2.091398e+01,2.085134e+01,2.094876e+01,2.090006e+01,2.086526e+01,2.099048e+01,2.097658e+01,2.086526e+01,2.095572e+01,2.098353e+01,2.101829e+01,2.092093e+01,2.082348e+01,2.101829e+01,2.099048e+01,2.093485e+01,2.085134e+01,2.094876e+01,2.087222e+01,2.097658e+01,2.094876e+01,2.081652e+01,2.092789e+01,2.083741e+01,2.102524e+01,2.096267e+01,2.105999e+01,2.090006e+01,2.087918e+01,2.096962e+01,2.091398e+01,2.089310e+01,2.096267e+01,2.087918e+01,2.096267e+01,2.092789e+01,2.086526e+01,2.083741e+01,2.117803e+01,2.107388e+01,2.083045e+01,2.101134e+01,2.091398e+01,2.091398e+01,2.094180e+01,2.093485e+01,2.092789e+01,2.084437e+01,2.078866e+01,2.099048e+01,2.086526e+01,2.083045e+01,2.087918e+01,2.094180e+01,2.095572e+01,2.088614e+01,2.076079e+01,2.095572e+01,2.094876e+01,2.094876e+01,2.099048e+01,2.117803e+01,2.097658e+01,2.097658e+01,2.089310e+01,2.094876e+01,2.089310e+01,2.103219e+01,2.099048e+01,2.083045e+01,2.081652e+01,2.090006e+01,2.099744e+01,2.102524e+01,2.096962e+01,2.100439e+01,2.110166e+01,2.103914e+01,2.121272e+01,2.112250e+01,2.113638e+01,2.099744e+01,2.103914e+01,2.094876e+01,2.099048e+01,2.097658e+01,2.072594e+01,2.084437e+01,2.086526e+01,2.075382e+01,2.074685e+01,2.077472e+01,2.062830e+01,2.060039e+01,2.065621e+01,2.071200e+01,2.076775e+01,2.065621e+01,2.076079e+01,2.077472e+01,2.072594e+01,2.064923e+01,2.087222e+01,2.110861e+01
2.076079e+01,2.073291e+01,2.072594e+01,2.069108e+01,2.068410e+01,2.071200e+01,2.067713e+01,2.064225e+01,2.070502e+01,2.067713e+01,2.055850e+01,2.064923e+01,2.064225e+01,2.062132e+01,2.043274e+01,2.041176e+01,2.038379e+01,2.032082e+01,2.026481e+01,2.032082e+01,2.025781e+01,2.047468e+01,2.017373e+01,2.025080e+01,2.019476e+01,2.020877e+01,2.024380e+01,2.025781e+01,2.026481e+01,2.021578e+01,2.016672e+01,2.032782e+01,2.017373e+01,2.018775e+01,2.034181e+01,2.028582e+01,2.024380e+01,2.020877e+01,2.027181e+01,2.029282e+01,2.041176e+01,2.047468e+01,2.048166e+01,2.034181e+01,2.039078e+01,2.043274e+01,2.053057e+01,2.051660e+01,2.051660e+01,2.049564e+01,2.047468e+01,2.039078e+01,2.039778e+01,2.041176e+01,2.043973e+01,2.041875e+01,2.037679e+01,2.036280e+01,2.025781e+01,2.025080e+01,2.028582e+01,2.036980e+01,2.025080e+01,2.025781e+01,2.018074e+01,2.015971e+01,2.025781e+01,2.036980e+01,2.025080e+01,2.025781e+01,2.020177e+01,2.018775e+01,2.015270e+01,2.013167e+01,2.011063e+01,2.011764e+01,2.001239e+01,1.994919e+01,1.995621e+01,2.005451e+01,2.006152e+01,1.997026e+01,2.004047e+01,1.997026e+01,2.000537e+01,2.001941e+01,2.001941e+01,1.995621e+01,2.001941e+01,2.010362e+01,2.013868e+01,2.006854e+01,2.004047e+01,2.006854e+01,2.005451e+01,2.007556e+01,2.011063e+01,2.009660e+01,2.033481e+01,2.022979e+01,2.039078e+01,2.020177e+01,2.012466e+01,2.023680e+01,2.020877e+01,2.033481e+01,2.015971e+01,2.011764e+01,2.008959e+01,2.015270e+01,2.025080e+01,2.016672e+01,2.015270e+01,2.001239e+01,2.013167e+01,2.011764e+01,2.011063e+01,2.000537e+01,1.999835e+01,2.004749e+01,2.005451e+01,2.011764e+01,2.015270e+01,2.007556e+01,2.013167e+01,2.020877e+01,2.018074e+01,2.027181e+01,2.026481e+01,2.035581e+01,2.033481e+01,2.021578e+01,2.037679e+01,2.029982e+01,2.033481e+01,2.034181e+01,2.045371e+01,2.032082e+01,2.041176e+01,2.034881e+01,2.040477e+01,2.048166e+01,2.052358e+01,2.063528e+01,2.045371e+01,2.048865e+01,2.049564e+01,2.042575e+01,2.052358e+01,2.055152e+01,2.054453e+01,2.054453e+01,2.066318e+01,2.058643e+01,2.060736e+01,2.057944e+01,2.056548e+01,2.050961e+01,2.050262e+01,2.064923e+01,2.069108e+01,2.051660e+01,2.056548e+01,2.068410e+01,2.071200e+01,2.073988e+01,2.059340e+01,2.057944e+01,2.055152e+01,2.069108e+01,2.064225e+01,2.065621e+01,2.064225e+01,2.060039e+01,2.062132e+01,2.060736e+01,2.060736e+01,2.062830e+01,2.064225e+01,2.065621e+01,2.070502e+01,2.061434e+01,2.071200e+01,2.054453e+01,2.061434e+01,2.073291e+01,2.073291e+01,2.062132e+01,2.059340e+01,2.060736e+01,2.059340e+01,2.060039e+01,2.061434e+01,2.062132e+01,2.055850e+01,2.061434e+01,2.052358e+01,2.060736e+01,2.051660e+01,2.040477e+01,2.061434e+01,2.062132e+01,2.045371e+01,2.058643e+01,2.064225e+01,2.047468e+01,2.052358e+01,2.053755e+01,2.047468e+01,2.058643e+01,2.053057e+01,2.058643e+01,2.053755e+01,2.039778e+01,2.046070e+01,2.042575e+01,2.037679e+01,2.036280e+01,2.046070e+01,2.053755e+01,2.048865e+01,2.048166e+01,2.050961e+01,2.041176e+01,2.041875e+01,2.041176e+01,2.042575e+01,2.041176e+01,2.023680e+01,2.029282e+01,2.024380e+01,2.018775e+01,2.044672e+01,2.034881e+01,2.039078e+01,2.039778e+01,2.034181e+01,2.025781e+01,2.029282e+01,2.041875e+01,2.039778e+01,2.034881e+01,2.036980e+01,2.016672e+01,2.012466e+01,2.022979e+01,2.011063e+01,2.004749e+01,1.992109e+01,1.988594e+01,1.972414e+01,1.966780e+01,1.935029e+01,1.940681e+01,1.942093e+01,1.938562e+01,1.939268e+01,1.946330e+01,1.938562e+01,1.935736e+01,1.947742e+01,1.938562e+01,1.951975e+01,1.939268e+01,1.949859e+01,1.954092e+01,1.997728e+01,2.020177e+01,2.017373e+01,2.027181e+01,2.022278e+01,2.032782e+01,2.025781e+01,2.020877e+01,2.018775e+01,2.019476e+01,2.029282e+01,2.016672e+01,2.028582e+01,2.023680e+01,2.020177e+01,2.023680e+01,2.021578e+01,2.016672e+01,2.017373e+01,2.016672e+01,2.013868e+01,2.015270e+01,2.012466e+01,2.018074e+01,2.022278e+01,2.021578e+01,2.013868e+01,2.018775e+01,2.011063e+01,2.015270e+01,2.013868e+01,2.015971e+01,2.011063e+01,2.002643e+01,2.009660e+01,2.006854e+01,2.016672e+01,2.004047e+01,2.014569e+01,2.013167e+01,2.017373e+01,2.011764e+01,2.021578e+01,2.011764e+01,2.023680e+01,2.022278e+01,2.022979e+01,2.027181e+01,2.033481e+01,2.025080e+01,2.036280e+01,2.029282e+01,2.029282e+01,2.032082e+01,2.029982e+01,2.025781e+01,2.025781e+01,2.027881e+01,2.018775e+01,2.016672e+01,2.018775e+01,2.021578e+01,2.009660e+01,2.020177e+01,2.030682e+01,2.044672e+01,2.030682e+01,2.027181e+01,2.053755e+01,2.033481e+01,2.050262e+01,2.048166e+01,2.045371e+01,2.057944e+01,2.059340e+01,2.057944e+01,2.043973e+01,2.055152e+01,2.052358e+01,2.038379e+01,2.044672e+01,2.038379e+01,2.034881e+01,2.034181e+01,2.030682e+01,2.014569e+01,2.011764e+01,2.027181e+01,2.007556e+01,1.999133e+01,2.012466e+01,2.017373e+01,2.003345e+01,2.020877e+01,2.023680e+01,2.024380e+01,2.032782e+01,2.042575e+01,2.032782e+01,2.044672e+01,2.046769e+01,2.046769e+01,2.048865e+01,2.049564e+01,2.046070e+01,2.049564e+01,2.046070e+01,2.046070e+01,2.055152e+01,2.057944e+01,2.041176e+01,2.052358e+01,2.048865e+01,2.051660e+01,2.054453e+01,2.049564e+01,2.041176e+01,2.030682e+01,2.029982e+01,2.000537e+01,1.999835e+01,1.987892e+01,1.976638e+01,1.961143e+01,1.968893e+01,1.954092e+01,1.945624e+01,1.951975e+01,1.964666e+01,1.959028e+01,1.964666e+01,1.975230e+01,1.971710e+01,1.973118e+01,1.978749e+01,1.985079e+01,1.982969e+01,1.982266e+01,2.018074e+01,2.013868e+01,2.024380e+01,2.022278e+01,2.039778e+01,2.037679e+01,2.043274e+01,2.048166e+01,2.040477e+01,2.048166e+01,2.051660e+01,2.059340e+01,2.046769e+01,2.054453e+01,2.055152e+01,2.057944e+01,2.055850e+01,2.054453e+01,2.058643e+01,2.055850e+01,2.053057e+01,2.058643e+01,2.057246e+01,2.055152e+01,2.057944e+01,2.061434e+01,2.050262e+01,2.053755e+01,2.058643e+01,2.063528e+01,2.054453e+01,2.052358e+01,2.043973e+01,2.039078e+01,2.036980e+01,2.025080e+01,2.028582e+01,2.019476e+01,2.025080e+01,2.041176e+01,2.011764e+01,2.013868e+01,2.008959e+01,2.011764e+01,2.013167e+01,2.015270e+01,2.008257e+01,2.006152e+01,2.004749e+01,2.003345e+01,2.004749e+01,2.000537e+01,2.003345e+01,2.004749e+01,1.980156e+01,1.991406e+01,1.980859e+01,1.979452e+01,1.982969e+01,1.989297e+01,1.982266e+01,1.985079e+01,1.988594e+01,1.982969e+01,2.008257e+01,1.997026e+01,2.006152e+01,1.996324e+01,2.011764e+01,2.004047e+01,2.006152e+01,1.998431e+01,1.998431e+01,2.006152e+01,1.994919e+01,1.978045e+01,1.972414e+01,1.963962e+01,1.968189e+01,1.973822e+01,1.976638e+01,1.973118e+01,1.978045e+01,1.985079e+01,1.982969e+01,1.988594e+01,1.991406e+01,1.975934e+01,1.994919e+01,1.992109e+01,2.004047e+01,2.019476e+01,2.010362e+01,2.022979e+01,2.038379e+01,2.039778e+01,2.039078e+01,2.059340e+01,2.055850e+01,2.042575e+01,2.040477e+01,2.036280e+01,2.015971e+01,2.016672e+01,2.013167e+01,2.015971e+01,2.027881e+01,2.027881e+01,2.011764e+01,2.010362e+01,2.011764e+01,2.022979e+01,2.026481e+01,2.013167e+01,2.047468e+01,2.053755e+01,2.048865e+01,2.089310e+01,2.073291e+01,2.077472e+01,2.092093e+01,2.095572e+01,2.087222e+01,2.092789e+01,2.085134e+01,2.096267e+01,2.096962e+01,2.090702e+01,2.101134e+01,2.099048e+01,2.100439e+01,2.094180e+01,2.088614e+01,2.093485e+01,2.090702e+01,2.089310e+01,2.086526e+01,2.089310e+01,2.097658e+01,2.092789e+01,2.096267e+01,2.095572e+01,2.092789e+01,2.101134e+01,2.097658e+01,2.107388e+01,2.087918e+01,2.087222e+01,2.092789e+01,2.090702e+01,2.091398e+01,2.087918e+01,2.092093e+01,2.094180e+01,2.096962e+01,2.096962e+01,2.095572e+01,2.103914e+01,2.107388e+01,2.100439e+01,2.090006e+01,2.093485e+01,2.098353e+01,2.094180e+01,2.093485e+01,2.084437e+01,2.087222e+01,2.092789e+01,2.089310e+01,2.099744e+01,2.076775e+01,2.093485e+01,2.092093e+01,2.105304e+01,2.092789e+01,2.094876e+01,2.092093e+01,2.094180e+01,2.087918e+01,2.088614e+01,2.087222e+01,2.101134e+01,2.094876e+01,2.087222e+01,2.090006e+01,2.087222e+01,2.091398e+01,2.094180e+01,2.087918e+01,2.095572e+01,2.099048e+01,2.088614e+01,2.096267e+01,2.088614e+01,2.094876e+01,2.090006e+01,2.089310e+01,2.092789e+01,2.092093e+01,2.095572e+01,2.101134e+01,2.103219e+01,2.098353e+01,2.089310e+01,2.119885e+01,2.101829e+01,2.103914e+01,2.103914e+01,2.105999e+01,2.108083e+01,2.112944e+01,2.124047e+01,2.109472e+01,2.098353e+01,2.115721e+01,2.119191e+01,2.095572e+01,2.080955e+01,2.080259e+01,2.076079e+01,2.084437e+01,2.071897e+01,2.066318e+01,2.074685e+01,2.075382e+01,2.073291e+01,2.070502e+01,2.067713e+01,2.084437e+01,2.064923e+01,2.083045e+01,2.066318e+01,2.071200e+01,2.076079e+01,2.086526e+01,2.110861e+01
2.076079e+01,2.076079e+01,2.073291e+01,2.083045e+01,2.065621e+01,2.060039e+01,2.073291e+01,2.072594e+01,2.067713e+01,2.075382e+01,2.064225e+01,2.059340e+01,2.055850e+01,2.062830e+01,2.042575e+01,2.031382e+01,2.025781e+01,2.034881e+01,2.005451e+01,2.046769e+01,2.027181e+01,2.027181e+01,2.022979e+01,2.034181e+01,2.027181e+01,2.032782e+01,2.035581e+01,2.014569e+01,2.009660e+01,2.010362e+01,2.021578e+01,2.015270e+01,2.020177e+01,2.026481e+01,2.026481e+01,2.025781e+01,2.022278e+01,2.027181e+01,2.034881e+01,2.030682e+01,2.043973e+01,2.038379e+01,2.043274e+01,2.040477e+01,2.048166e+01,2.026481e+01,2.038379e+01,2.043973e+01,2.048865e+01,2.048166e+01,2.046769e+01,2.046070e+01,2.049564e+01,2.046769e+01,2.047468e+01,2.043274e+01,2.039078e+01,2.029982e+01,2.028582e+01,2.034181e+01,2.024380e+01,2.022278e+01,2.036980e+01,2.016672e+01,2.016672e+01,2.013167e+01,2.024380e+01,2.027881e+01,2.046769e+01,2.024380e+01,2.028582e+01,2.013868e+01,2.010362e+01,2.025781e+01,2.014569e+01,1.999835e+01,2.008959e+01,1.994919e+01,2.000537e+01,1.988594e+01,2.011764e+01,1.994919e+01,1.994919e+01,1.998431e+01,1.992109e+01,2.011063e+01,1.994919e+01,2.001239e+01,1.991406e+01,1.999835e+01,2.003345e+01,2.011764e+01,2.003345e+01,2.012466e+01,2.018074e+01,2.015971e+01,2.016672e+01,2.020177e+01,2.030682e+01,2.025781e+01,2.021578e+01,2.025080e+01,2.020177e+01,2.016672e+01,2.018074e+01,2.016672e+01,2.022979e+01,2.015270e+01,2.011063e+01,2.031382e+01,2.020177e+01,2.015971e+01,2.020177e+01,1.997728e+01,1.998431e+01,1.998431e+01,1.999835e+01,2.002643e+01,2.002643e+01,2.008257e+01,2.012466e+01,2.007556e+01,2.019476e+01,2.011764e+01,2.022278e+01,2.039778e+01,2.034181e+01,2.035581e+01,2.032782e+01,2.034181e+01,2.030682e+01,2.034181e+01,2.033481e+01,2.036280e+01,2.046769e+01,2.038379e+01,2.032782e+01,2.041875e+01,2.041875e+01,2.046769e+01,2.050961e+01,2.039778e+01,2.053057e+01,2.047468e+01,2.046070e+01,2.043973e+01,2.048865e+01,2.052358e+01,2.054453e+01,2.058643e+01,2.055152e+01,2.058643e+01,2.064923e+01,2.055152e+01,2.053057e+01,2.062132e+01,2.072594e+01,2.069108e+01,2.052358e+01,2.058643e+01,2.051660e+01,2.069805e+01,2.062132e+01,2.071897e+01,2.054453e+01,2.055152e+01,2.060736e+01,2.053057e+01,2.053057e+01,2.062830e+01,2.065621e+01,2.061434e+01,2.054453e+01,2.071200e+01,2.069108e+01,2.050961e+01,2.061434e+01,2.063528e+01,2.061434e+01,2.062830e+01,2.061434e+01,2.056548e+01,2.066318e+01,2.057944e+01,2.061434e+01,2.071897e+01,2.060039e+01,2.064923e+01,2.058643e+01,2.055850e+01,2.059340e+01,2.054453e+01,2.061434e+01,2.051660e+01,2.051660e+01,2.064923e+01,2.060039e+01,2.043973e+01,2.052358e+01,2.061434e+01,2.052358e+01,2.043973e+01,2.052358e+01,2.048166e+01,2.051660e+01,2.046070e+01,2.060736e+01,2.040477e+01,2.049564e+01,2.039778e+01,2.062132e+01,2.053057e+01,2.043973e+01,2.038379e+01,2.046769e+01,2.037679e+01,2.043973e+01,2.040477e+01,2.029282e+01,2.043274e+01,2.048166e+01,2.024380e+01,2.032082e+01,2.030682e+01,2.042575e+01,2.036980e+01,2.038379e+01,2.039778e+01,2.034881e+01,2.032782e+01,2.025781e+01,2.020177e+01,2.012466e+01,2.023680e+01,2.021578e+01,2.011764e+01,2.030682e+01,2.032782e+01,2.030682e+01,2.021578e+01,2.022278e+01,2.027881e+01,2.025781e+01,2.014569e+01,2.011063e+01,2.006152e+01,2.008959e+01,1.987189e+01,1.979452e+01,1.978045e+01,1.968189e+01,1.958323e+01,1.942800e+01,1.935029e+01,1.937855e+01,1.943506e+01,1.945624e+01,1.925130e+01,1.945624e+01,1.934322e+01,1.930788e+01,1.950564e+01,1.950564e+01,1.945624e+01,1.950564e+01,1.978749e+01,2.006854e+01,2.018074e+01,2.027881e+01,2.019476e+01,2.030682e+01,2.029282e+01,2.030682e+01,2.026481e+01,2.027181e+01,2.015270e+01,2.021578e+01,2.015270e+01,2.025781e+01,2.019476e+01,2.022278e+01,2.019476e+01,2.018074e+01,2.020877e+01,2.008959e+01,2.018074e+01,2.020177e+01,2.010362e+01,2.011063e+01,2.013868e+01,2.008959e+01,2.020177e+01,2.020877e+01,2.016672e+01,2.006152e+01,2.008257e+01,2.016672e+01,2.010362e+01,2.013868e+01,2.018775e+01,2.004047e+01,2.006152e+01,2.014569e+01,2.013167e+01,2.012466e+01,2.008959e+01,2.011764e+01,2.019476e+01,2.008257e+01,2.015270e+01,2.020877e+01,2.020177e+01,2.026481e+01,2.026481e+01,2.030682e+01,2.025080e+01,2.025781e+01,2.022979e+01,2.027181e+01,2.035581e+01,2.011764e+01,2.022278e+01,2.024380e+01,2.019476e+01,2.020177e+01,2.020177e+01,2.033481e+01,2.035581e+01,2.018775e+01,2.024380e+01,2.036980e+01,2.045371e+01,2.025080e+01,2.033481e+01,2.049564e+01,2.054453e+01,2.041875e+01,2.036980e+01,2.050961e+01,2.058643e+01,2.054453e+01,2.055152e+01,2.044672e+01,2.055850e+01,2.050262e+01,2.047468e+01,2.031382e+01,2.037679e+01,2.039078e+01,2.053755e+01,2.050961e+01,2.025080e+01,2.012466e+01,2.033481e+01,2.020877e+01,2.006152e+01,2.015971e+01,2.018074e+01,1.998431e+01,2.020877e+01,2.018074e+01,2.022979e+01,2.022979e+01,2.028582e+01,2.047468e+01,2.037679e+01,2.048166e+01,2.046769e+01,2.046769e+01,2.045371e+01,2.049564e+01,2.048166e+01,2.047468e+01,2.044672e+01,2.050262e+01,2.064225e+01,2.057246e+01,2.039778e+01,2.045371e+01,2.052358e+01,2.032082e+01,2.034181e+01,2.031382e+01,2.034881e+01,2.022979e+01,1.996324e+01,1.996324e+01,1.963257e+01,1.964666e+01,1.955502e+01,1.934322e+01,1.959733e+01,1.954797e+01,1.949859e+01,1.953386e+01,1.963257e+01,1.972414e+01,1.969597e+01,1.971710e+01,1.980156e+01,1.986485e+01,1.997728e+01,1.983673e+01,1.987189e+01,2.021578e+01,2.000537e+01,2.023680e+01,2.036980e+01,2.038379e+01,2.029282e+01,2.043274e+01,2.045371e+01,2.048166e+01,2.051660e+01,2.059340e+01,2.054453e+01,2.060736e+01,2.060736e+01,2.056548e+01,2.052358e+01,2.060039e+01,2.055850e+01,2.055152e+01,2.057246e+01,2.056548e+01,2.053057e+01,2.053057e+01,2.055850e+01,2.050262e+01,2.053755e+01,2.066318e+01,2.066318e+01,2.062132e+01,2.057246e+01,2.053755e+01,2.060039e+01,2.054453e+01,2.044672e+01,2.032782e+01,2.027881e+01,2.025080e+01,2.033481e+01,2.018775e+01,2.016672e+01,2.017373e+01,2.025781e+01,2.022979e+01,2.019476e+01,2.015270e+01,2.025080e+01,2.008257e+01,2.011063e+01,2.001239e+01,2.002643e+01,1.999835e+01,1.999835e+01,1.994919e+01,2.001941e+01,1.997026e+01,1.990000e+01,1.992109e+01,1.978749e+01,1.975230e+01,1.980156e+01,1.981563e+01,1.980156e+01,1.981563e+01,1.987189e+01,1.990703e+01,2.006152e+01,2.006152e+01,2.005451e+01,2.004749e+01,2.007556e+01,1.993514e+01,2.002643e+01,2.002643e+01,1.982266e+01,1.996324e+01,1.976638e+01,1.980156e+01,1.981563e+01,1.973118e+01,1.975230e+01,1.977341e+01,1.978749e+01,1.978045e+01,1.969597e+01,1.978045e+01,1.990000e+01,1.978045e+01,1.994919e+01,1.996324e+01,2.003345e+01,2.001239e+01,2.008257e+01,2.024380e+01,2.025781e+01,2.038379e+01,2.036280e+01,2.047468e+01,2.036980e+01,2.048166e+01,2.044672e+01,2.040477e+01,2.033481e+01,2.019476e+01,2.010362e+01,2.012466e+01,2.025080e+01,2.015971e+01,2.020877e+01,2.027181e+01,2.016672e+01,2.008257e+01,2.025781e+01,2.028582e+01,2.034881e+01,2.038379e+01,2.048166e+01,2.064225e+01,2.078866e+01,2.094876e+01,2.095572e+01,2.080259e+01,2.092093e+01,2.087222e+01,2.090006e+01,2.094876e+01,2.090702e+01,2.087222e+01,2.092789e+01,2.089310e+01,2.089310e+01,2.086526e+01,2.091398e+01,2.092789e+01,2.089310e+01,2.088614e+01,2.085830e+01,2.089310e+01,2.092789e+01,2.097658e+01,2.099048e+01,2.089310e+01,2.095572e+01,2.096962e+01,2.085830e+01,2.085830e+01,2.103219e+01,2.101134e+01,2.087918e+01,2.097658e+01,2.098353e+01,2.090006e+01,2.090006e+01,2.106693e+01,2.097658e+01,2.097658e+01,2.100439e+01,2.099744e+01,2.113638e+01,2.093485e+01,2.096962e+01,2.099744e+01,2.092789e+01,2.089310e+01,2.091398e+01,2.089310e+01,2.101829e+01,2.086526e+01,2.096267e+01,2.094876e+01,2.098353e+01,2.090006e+01,2.111555e+01,2.090702e+01,2.090006e+01,2.094876e+01,2.090702e+01,2.100439e+01,2.094180e+01,2.097658e+01,2.119191e+01,2.090702e+01,2.074685e+01,2.108083e+01,2.089310e+01,2.096267e+01,2.096267e+01,2.096962e+01,2.097658e+01,2.092093e+01,2.096962e+01,2.095572e+01,2.096267e+01,2.085830e+01,2.087918e+01,2.093485e+01,2.092093e+01,2.080259e+01,2.093485e+01,2.082348e+01,2.086526e+01,2.096962e+01,2.095572e+01,2.094876e+01,2.103219e+01,2.097658e+01,2.098353e+01,2.105999e+01,2.099048e+01,2.090006e+01,2.094180e+01,2.113638e+01,2.110861e+01,2.119885e+01,2.124740e+01,2.117803e+01,2.121272e+01,2.094876e+01,2.091398e+01,2.075382e+01,2.069805e+01,2.087222e+01,2.094876e+01,2.077472e+01,2.074685e+01,2.076079e+01,2.064225e+01,2.064923e+01,2.075382e+01,2.063528e+01,2.064923e+01,2.065621e+01,2.072594e+01,2.069108e+01,2.097658e+01,2.110861e+01,2.110861e+01
2.073988e+01,2.081652e+01,2.078169e+01,2.069108e+01,2.071200e+01,2.069805e+01,2.066318e+01,2.067713e+01,2.076079e+01,2.070502e+01,2.062830e+01,2.063528e+01,2.063528e+01,2.052358e+01,2.050262e+01,2.038379e+01,2.039778e+01,2.036280e+01,2.029282e+01,2.020877e+01,2.029282e+01,2.027881e+01,2.026481e+01,2.032782e+01,2.016672e+01,2.029282e+01,2.029282e+01,2.023680e+01,2.015270e+01,2.034181e+01,2.021578e+01,2.036280e+01,2.025781e+01,2.030682e+01,2.033481e+01,2.020177e+01,2.022278e+01,2.022979e+01,2.036980e+01,2.032082e+01,2.033481e+01,2.046769e+01,2.048166e+01,2.043274e+01,2.039078e+01,2.024380e+01,2.041875e+01,2.043973e+01,2.043973e+01,2.047468e+01,2.050262e+01,2.043274e+01,2.032082e+01,2.033481e+01,2.031382e+01,2.043973e+01,2.028582e+01,2.023680e+01,2.022979e+01,2.022979e+01,2.027881e+01,2.018074e+01,2.019476e+01,2.013868e+01,2.025080e+01,2.020177e+01,2.016672e+01,2.020877e+01,2.027181e+01,1.999133e+01,2.013868e+01,2.024380e+01,2.007556e+01,1.996324e+01,2.001941e+01,2.004047e+01,2.008257e+01,1.990703e+01,1.994919e+01,1.994919e+01,1.997026e+01,2.006152e+01,1.996324e+01,1.998431e+01,2.012466e+01,1.985079e+01,2.004749e+01,2.005451e+01,2.001941e+01,2.004749e+01,1.991406e+01,2.006854e+01,2.014569e+01,2.011063e+01,2.020177e+01,2.007556e+01,2.008959e+01,2.026481e+01,2.026481e+01,2.020177e+01,2.039778e+01,2.020177e+01,2.019476e+01,2.030682e+01,2.029282e+01,2.012466e+01,2.016672e+01,2.024380e+01,2.018074e+01,2.005451e+01,2.015971e+01,2.019476e+01,2.014569e+01,1.995621e+01,2.015270e+01,2.006854e+01,2.001239e+01,2.004047e+01,2.001941e+01,2.005451e+01,2.008959e+01,2.006152e+01,2.020177e+01,2.015270e+01,2.018074e+01,2.023680e+01,2.027881e+01,2.030682e+01,2.026481e+01,2.048865e+01,2.019476e+01,2.021578e+01,2.020877e+01,2.030682e+01,2.034881e+01,2.029282e+01,2.039778e+01,2.050262e+01,2.042575e+01,2.044672e+01,2.050262e+01,2.053755e+01,2.048865e+01,2.052358e+01,2.048166e+01,2.050961e+01,2.053755e+01,2.053057e+01,2.055152e+01,2.057944e+01,2.054453e+01,2.055152e+01,2.059340e+01,2.054453e+01,2.053755e+01,2.057944e+01,2.053755e+01,2.066318e+01,2.059340e+01,2.062132e+01,2.056548e+01,2.052358e+01,2.054453e+01,2.053057e+01,2.057944e+01,2.057246e+01,2.061434e+01,2.063528e+01,2.059340e+01,2.062132e+01,2.057944e+01,2.071897e+01,2.049564e+01,2.053755e+01,2.062830e+01,2.062132e+01,2.061434e+01,2.062132e+01,2.052358e+01,2.084437e+01,2.053755e+01,2.060736e+01,2.059340e+01,2.057246e+01,2.058643e+01,2.061434e+01,2.063528e+01,2.060039e+01,2.063528e+01,2.059340e+01,2.050262e+01,2.057246e+01,2.066318e+01,2.064225e+01,2.062830e+01,2.048166e+01,2.055850e+01,2.055850e+01,2.040477e+01,2.035581e+01,2.035581e+01,2.048865e+01,2.043274e+01,2.050262e+01,2.043274e+01,2.043973e+01,2.044672e+01,2.045371e+01,2.028582e+01,2.049564e+01,2.030682e+01,2.035581e+01,2.034881e+01,2.030682e+01,2.031382e+01,2.034181e+01,2.032782e+01,2.032782e+01,2.025080e+01,2.033481e+01,2.024380e+01,2.021578e+01,2.020177e+01,2.019476e+01,2.024380e+01,2.017373e+01,2.024380e+01,2.022278e+01,2.022979e+01,2.008257e+01,2.017373e+01,2.021578e+01,2.017373e+01,1.998431e+01,2.025080e+01,2.019476e+01,2.011063e+01,2.019476e+01,2.012466e+01,2.008257e+01,2.012466e+01,2.017373e+01,1.992811e+01,1.997026e+01,2.004047e+01,1.997728e+01,1.983673e+01,1.972414e+01,1.982266e+01,1.978749e+01,1.971710e+01,1.955502e+01,1.958323e+01,1.939268e+01,1.947036e+01,1.937855e+01,1.939975e+01,1.939268e+01,1.943506e+01,1.938562e+01,1.934322e+01,1.933615e+01,1.952681e+01,1.942093e+01,1.950564e+01,1.952681e+01,2.015270e+01,2.020177e+01,2.020177e+01,2.025080e+01,2.022979e+01,2.020177e+01,2.031382e+01,2.020177e+01,2.020177e+01,2.021578e+01,2.025080e+01,2.019476e+01,2.025080e+01,2.019476e+01,2.015270e+01,2.015270e+01,2.008959e+01,2.017373e+01,2.015971e+01,2.018074e+01,2.009660e+01,2.008257e+01,2.024380e+01,2.018074e+01,2.015971e+01,2.013167e+01,2.015270e+01,2.008959e+01,2.004749e+01,2.012466e+01,2.008959e+01,2.009660e+01,2.013868e+01,2.013868e+01,2.002643e+01,2.008959e+01,2.001941e+01,2.004047e+01,2.008959e+01,1.993514e+01,2.012466e+01,2.001941e+01,2.004749e+01,2.006854e+01,2.026481e+01,2.018775e+01,2.026481e+01,2.026481e+01,2.037679e+01,2.024380e+01,2.025080e+01,2.039778e+01,2.020877e+01,2.013167e+01,2.020177e+01,2.029982e+01,2.022278e+01,2.020877e+01,2.023680e+01,2.028582e+01,2.019476e+01,2.028582e+01,2.018074e+01,2.026481e+01,2.025781e+01,2.027181e+01,2.032782e+01,2.025781e+01,2.028582e+01,2.041176e+01,2.053057e+01,2.046769e+01,2.050262e+01,2.044672e+01,2.062132e+01,2.057246e+01,2.056548e+01,2.039778e+01,2.056548e+01,2.036980e+01,2.039778e+01,2.035581e+01,2.039778e+01,2.040477e+01,2.039078e+01,2.037679e+01,2.027881e+01,2.015270e+01,2.014569e+01,2.015971e+01,2.014569e+01,2.018775e+01,1.996324e+01,2.021578e+01,2.015971e+01,2.021578e+01,2.027881e+01,2.026481e+01,2.020177e+01,2.043973e+01,2.047468e+01,2.030682e+01,2.042575e+01,2.043973e+01,2.046769e+01,2.050961e+01,2.054453e+01,2.048166e+01,2.053755e+01,2.056548e+01,2.043274e+01,2.043274e+01,2.055152e+01,2.041875e+01,2.054453e+01,2.038379e+01,2.030682e+01,2.028582e+01,2.011063e+01,1.995621e+01,1.972414e+01,1.968189e+01,1.956207e+01,1.954797e+01,1.925838e+01,1.930788e+01,1.954797e+01,1.938562e+01,1.966780e+01,1.978749e+01,1.970302e+01,1.971710e+01,1.986485e+01,1.982266e+01,1.990000e+01,1.989297e+01,1.985079e+01,1.990000e+01,2.003345e+01,2.011063e+01,2.023680e+01,2.029982e+01,2.032082e+01,2.036280e+01,2.043973e+01,2.043973e+01,2.048865e+01,2.053755e+01,2.051660e+01,2.061434e+01,2.062132e+01,2.060736e+01,2.039078e+01,2.058643e+01,2.056548e+01,2.048166e+01,2.053755e+01,2.060039e+01,2.054453e+01,2.053755e+01,2.048166e+01,2.050262e+01,2.064225e+01,2.063528e+01,2.057246e+01,2.055850e+01,2.060736e+01,2.064923e+01,2.055850e+01,2.053755e+01,2.046769e+01,2.036280e+01,2.020877e+01,2.022979e+01,2.022278e+01,2.022979e+01,2.013167e+01,2.009660e+01,2.013167e+01,2.018074e+01,2.015971e+01,2.016672e+01,2.015971e+01,2.013167e+01,2.016672e+01,2.016672e+01,2.006854e+01,2.005451e+01,2.004047e+01,2.002643e+01,1.999835e+01,1.993514e+01,1.993514e+01,1.994919e+01,1.977341e+01,1.978749e+01,1.966780e+01,1.982266e+01,1.982969e+01,1.979452e+01,1.981563e+01,1.981563e+01,1.981563e+01,1.991406e+01,2.007556e+01,1.992811e+01,1.996324e+01,2.004749e+01,1.989297e+01,2.004749e+01,1.999133e+01,1.983673e+01,1.992811e+01,1.983673e+01,1.982266e+01,1.981563e+01,1.974526e+01,1.970302e+01,1.966076e+01,1.965371e+01,1.970302e+01,1.976638e+01,1.974526e+01,1.973118e+01,1.986485e+01,1.998431e+01,1.997026e+01,1.987892e+01,1.995621e+01,1.993514e+01,2.016672e+01,2.013167e+01,2.019476e+01,2.026481e+01,2.029282e+01,2.042575e+01,2.051660e+01,2.034181e+01,2.038379e+01,2.029982e+01,2.018775e+01,2.011063e+01,2.013167e+01,2.014569e+01,2.020877e+01,2.016672e+01,2.015971e+01,2.011764e+01,2.011764e+01,2.018074e+01,2.012466e+01,2.034881e+01,2.039078e+01,2.046070e+01,2.076775e+01,2.078169e+01,2.086526e+01,2.087222e+01,2.096267e+01,2.090702e+01,2.093485e+01,2.086526e+01,2.096267e+01,2.093485e+01,2.092789e+01,2.094180e+01,2.082348e+01,2.100439e+01,2.090702e+01,2.092093e+01,2.092789e+01,2.092789e+01,2.096267e+01,2.093485e+01,2.089310e+01,2.087222e+01,2.087918e+01,2.090006e+01,2.094876e+01,2.087222e+01,2.088614e+01,2.087918e+01,2.101829e+01,2.087222e+01,2.103914e+01,2.090006e+01,2.092789e+01,2.079562e+01,2.097658e+01,2.106693e+01,2.098353e+01,2.096267e+01,2.099048e+01,2.097658e+01,2.094180e+01,2.097658e+01,2.094876e+01,2.089310e+01,2.090702e+01,2.087222e+01,2.085830e+01,2.085830e+01,2.092093e+01,2.087222e+01,2.091398e+01,2.090006e+01,2.094180e+01,2.091398e+01,2.076079e+01,2.097658e+01,2.085830e+01,2.102524e+01,2.080259e+01,2.100439e+01,2.081652e+01,2.086526e+01,2.068410e+01,2.092093e+01,2.092093e+01,2.076775e+01,2.077472e+01,2.094180e+01,2.102524e+01,2.091398e+01,2.091398e+01,2.093485e+01,2.093485e+01,2.099048e+01,2.096267e+01,2.096267e+01,2.096267e+01,2.087918e+01,2.089310e+01,2.093485e+01,2.093485e+01,2.096267e+01,2.079562e+01,2.095572e+01,2.089310e+01,2.096267e+01,2.096267e+01,2.098353e+01,2.098353e+01,2.094876e+01,2.086526e+01,2.101829e+01,2.094180e+01,2.103219e+01,2.097658e+01,2.113638e+01,2.104609e+01,2.098353e+01,2.097658e+01,2.092093e+01,2.082348e+01,2.076775e+01,2.078169e+01,2.095572e+01,2.084437e+01,2.069108e+01,2.076079e+01,2.076079e+01,2.075382e+01,2.066318e+01,2.075382e+01,2.066318e+01,2.069108e+01,2.060736e+01,2.065621e+01,2.068410e+01,2.068410e+01,2.110861e+01,2.111555e+01,2.113638e+01
2.078169e+01,2.072594e+01,2.073291e+01,2.083741e+01,2.079562e+01,2.062830e+01,2.071897e+01,2.064923e+01,2.069805e+01,2.068410e+01,2.085830e+01,2.075382e+01,2.081652e+01,2.066318e+01,2.062132e+01,2.036980e+01,2.046070e+01,2.036280e+01,2.033481e+01,2.032082e+01,2.036980e+01,2.028582e+01,2.030682e+01,2.025080e+01,2.032082e+01,2.027881e+01,2.029282e+01,2.032782e+01,2.027181e+01,2.028582e+01,2.029982e+01,2.024380e+01,2.030682e+01,2.025781e+01,2.039078e+01,2.032782e+01,2.042575e+01,2.034881e+01,2.043973e+01,2.032082e+01,2.045371e+01,2.043973e+01,2.039778e+01,2.041875e+01,2.043973e+01,2.043274e+01,2.057246e+01,2.048166e+01,2.042575e+01,2.036280e+01,2.045371e+01,2.052358e+01,2.046070e+01,2.046070e+01,2.032782e+01,2.036980e+01,2.025080e+01,2.029282e+01,2.025781e+01,2.035581e+01,2.041176e+01,2.051660e+01,2.020177e+01,2.022979e+01,2.028582e+01,2.020177e+01,2.013167e+01,2.012466e+01,2.018074e+01,2.021578e+01,2.023680e+01,2.006854e+01,2.008959e+01,2.008959e+01,1.998431e+01,1.993514e+01,1.994216e+01,1.994216e+01,1.990703e+01,1.992811e+01,1.987892e+01,2.007556e+01,1.996324e+01,2.006854e+01,2.011764e+01,1.997026e+01,1.975934e+01,2.004047e+01,2.002643e+01,2.004047e+01,1.999835e+01,2.002643e+01,2.001941e+01,2.005451e+01,2.022278e+01,2.009660e+01,2.018775e+01,2.029982e+01,2.029982e+01,2.024380e+01,2.028582e+01,2.027881e+01,2.022278e+01,2.029282e+01,2.020177e+01,2.025080e+01,2.018074e+01,2.014569e+01,2.019476e+01,2.007556e+01,2.028582e+01,2.023680e+01,2.004047e+01,2.014569e+01,2.017373e+01,2.017373e+01,2.017373e+01,2.011764e+01,2.008959e+01,2.008959e+01,2.005451e+01,2.025781e+01,2.021578e+01,2.018775e+01,2.022278e+01,2.035581e+01,2.033481e+01,2.031382e+01,2.027181e+01,2.032082e+01,2.039078e+01,2.027181e+01,2.036980e+01,2.041176e+01,2.040477e+01,2.037679e+01,2.041176e+01,2.040477e+01,2.041875e+01,2.052358e+01,2.055152e+01,2.052358e+01,2.052358e+01,2.056548e+01,2.053057e+01,2.057246e+01,2.057246e+01,2.057944e+01,2.051660e+01,2.057944e+01,2.057246e+01,2.060039e+01,2.055152e+01,2.060039e+01,2.049564e+01,2.061434e+01,2.064923e+01,2.061434e+01,2.064225e+01,2.069805e+01,2.054453e+01,2.050961e+01,2.053057e+01,2.053755e+01,2.056548e+01,2.055850e+01,2.053057e+01,2.078169e+01,2.071897e+01,2.067016e+01,2.062830e+01,2.064225e+01,2.057246e+01,2.062132e+01,2.062132e+01,2.065621e+01,2.047468e+01,2.060736e+01,2.064923e+01,2.048865e+01,2.061434e+01,2.058643e+01,2.077472e+01,2.053755e+01,2.053755e+01,2.056548e+01,2.060736e+01,2.063528e+01,2.056548e+01,2.056548e+01,2.055152e+01,2.064923e+01,2.048865e+01,2.060736e+01,2.049564e+01,2.048166e+01,2.054453e+01,2.030682e+01,2.040477e+01,2.046070e+01,2.034181e+01,2.040477e+01,2.054453e+01,2.039778e+01,2.031382e+01,2.042575e+01,2.036980e+01,2.048166e+01,2.045371e+01,2.032782e+01,2.029982e+01,2.039078e+01,2.029282e+01,2.041176e+01,2.023680e+01,2.029282e+01,2.022278e+01,2.025080e+01,2.028582e+01,2.022979e+01,2.028582e+01,2.043274e+01,2.020877e+01,2.019476e+01,2.018775e+01,2.025080e+01,2.028582e+01,2.020877e+01,2.018775e+01,1.997026e+01,2.006152e+01,2.002643e+01,1.998431e+01,2.018775e+01,2.006854e+01,2.030682e+01,2.011764e+01,2.006152e+01,2.011063e+01,2.007556e+01,1.994216e+01,2.002643e+01,1.990703e+01,1.996324e+01,1.983673e+01,1.996324e+01,1.982969e+01,1.983673e+01,1.949859e+01,1.973822e+01,1.961143e+01,1.951270e+01,1.958323e+01,1.945624e+01,1.938562e+01,1.945624e+01,1.947036e+01,1.940681e+01,1.945624e+01,1.950564e+01,1.949859e+01,1.949153e+01,1.956913e+01,1.947742e+01,1.955502e+01,1.973822e+01,2.017373e+01,2.027181e+01,2.019476e+01,2.018775e+01,2.027881e+01,2.027881e+01,2.023680e+01,2.025080e+01,2.015270e+01,2.010362e+01,2.020877e+01,2.022979e+01,2.021578e+01,2.025781e+01,2.016672e+01,2.024380e+01,2.018074e+01,2.019476e+01,2.019476e+01,2.012466e+01,2.018074e+01,2.021578e+01,2.018074e+01,2.013167e+01,2.015270e+01,2.012466e+01,2.022278e+01,2.018074e+01,2.004749e+01,2.017373e+01,2.012466e+01,2.013167e+01,2.013167e+01,2.016672e+01,2.009660e+01,2.012466e+01,2.009660e+01,2.011764e+01,1.999835e+01,2.004047e+01,2.007556e+01,2.008959e+01,2.019476e+01,2.020877e+01,2.019476e+01,2.020177e+01,2.027881e+01,2.031382e+01,2.031382e+01,2.033481e+01,2.030682e+01,2.028582e+01,2.034181e+01,2.034881e+01,2.022278e+01,2.025781e+01,2.020877e+01,2.026481e+01,2.027881e+01,2.026481e+01,2.017373e+01,2.022278e+01,2.027181e+01,2.027881e+01,2.031382e+01,2.025781e+01,2.029982e+01,2.029282e+01,2.028582e+01,2.048166e+01,2.046769e+01,2.055850e+01,2.060039e+01,2.048166e+01,2.055152e+01,2.057944e+01,2.055850e+01,2.048865e+01,2.045371e+01,2.046769e+01,2.047468e+01,2.040477e+01,2.036280e+01,2.041176e+01,2.046070e+01,2.037679e+01,2.034881e+01,2.017373e+01,2.026481e+01,2.028582e+01,2.025781e+01,2.020877e+01,2.015270e+01,2.022979e+01,2.024380e+01,2.022278e+01,2.021578e+01,2.020877e+01,2.034181e+01,2.044672e+01,2.041176e+01,2.042575e+01,2.048166e+01,2.043973e+01,2.045371e+01,2.046070e+01,2.054453e+01,2.047468e+01,2.043274e+01,2.057944e+01,2.046769e+01,2.041875e+01,2.054453e+01,2.039078e+01,2.036280e+01,2.037679e+01,2.030682e+01,2.031382e+01,2.023680e+01,2.006152e+01,1.987892e+01,1.953386e+01,1.957618e+01,1.956207e+01,1.935736e+01,1.954092e+01,1.951270e+01,1.956913e+01,1.951975e+01,1.982266e+01,1.977341e+01,1.983673e+01,1.987189e+01,1.982266e+01,1.985782e+01,1.982266e+01,2.004047e+01,2.005451e+01,1.999835e+01,2.022278e+01,2.029282e+01,2.032782e+01,2.028582e+01,2.041875e+01,2.029982e+01,2.048166e+01,2.040477e+01,2.050961e+01,2.053755e+01,2.055850e+01,2.060039e+01,2.060039e+01,2.060039e+01,2.063528e+01,2.055152e+01,2.046070e+01,2.058643e+01,2.057246e+01,2.057944e+01,2.051660e+01,2.054453e+01,2.068410e+01,2.064225e+01,2.062830e+01,2.050961e+01,2.065621e+01,2.062132e+01,2.052358e+01,2.051660e+01,2.043274e+01,2.050262e+01,2.048166e+01,2.023680e+01,2.047468e+01,2.039778e+01,2.034881e+01,2.032082e+01,2.010362e+01,2.018775e+01,2.024380e+01,2.016672e+01,2.025080e+01,2.013167e+01,2.014569e+01,2.014569e+01,2.001239e+01,2.009660e+01,2.006854e+01,2.002643e+01,2.000537e+01,2.003345e+01,2.002643e+01,1.998431e+01,1.983673e+01,1.981563e+01,1.975934e+01,1.978045e+01,1.978749e+01,1.978749e+01,1.980859e+01,1.982266e+01,1.980859e+01,1.986485e+01,1.994919e+01,1.992811e+01,1.987189e+01,2.004047e+01,2.002643e+01,1.996324e+01,2.000537e+01,2.006854e+01,1.987892e+01,1.992811e+01,1.992109e+01,1.992811e+01,1.985782e+01,1.971006e+01,1.980156e+01,1.967484e+01,1.975934e+01,1.982969e+01,1.988594e+01,1.980859e+01,1.975230e+01,1.980859e+01,1.984376e+01,1.978045e+01,1.994919e+01,2.000537e+01,1.999133e+01,1.997026e+01,2.022278e+01,2.023680e+01,2.025080e+01,2.034181e+01,2.050961e+01,2.040477e+01,2.047468e+01,2.038379e+01,2.020877e+01,2.010362e+01,2.016672e+01,1.992109e+01,2.009660e+01,2.021578e+01,2.024380e+01,2.023680e+01,2.023680e+01,2.024380e+01,2.032782e+01,2.038379e+01,2.037679e+01,2.041875e+01,2.066318e+01,2.064225e+01,2.076775e+01,2.079562e+01,2.088614e+01,2.101829e+01,2.087222e+01,2.086526e+01,2.108777e+01,2.089310e+01,2.090702e+01,2.090702e+01,2.087918e+01,2.089310e+01,2.083045e+01,2.090702e+01,2.090006e+01,2.096962e+01,2.093485e+01,2.089310e+01,2.088614e+01,2.090702e+01,2.092789e+01,2.092093e+01,2.097658e+01,2.089310e+01,2.088614e+01,2.093485e+01,2.090006e+01,2.086526e+01,2.089310e+01,2.092789e+01,2.089310e+01,2.096962e+01,2.101134e+01,2.099744e+01,2.096267e+01,2.101134e+01,2.096962e+01,2.096962e+01,2.098353e+01,2.101829e+01,2.116415e+01,2.105304e+01,2.089310e+01,2.087222e+01,2.090006e+01,2.085134e+01,2.090702e+01,2.091398e+01,2.094180e+01,2.097658e+01,2.099744e+01,2.085830e+01,2.101829e+01,2.089310e+01,2.080955e+01,2.094876e+01,2.098353e+01,2.095572e+01,2.097658e+01,2.106693e+01,2.100439e+01,2.103219e+01,2.103914e+01,2.085830e+01,2.094180e+01,2.102524e+01,2.090702e+01,2.089310e+01,2.090006e+01,2.094876e+01,2.090702e+01,2.097658e+01,2.099744e+01,2.099048e+01,2.100439e+01,2.082348e+01,2.112944e+01,2.096962e+01,2.098353e+01,2.094876e+01,2.096962e+01,2.095572e+01,2.096962e+01,2.105999e+01,2.092789e+01,2.095572e+01,2.101829e+01,2.105304e+01,2.105304e+01,2.096962e+01,2.101829e+01,2.099048e+01,2.124047e+01,2.096962e+01,2.118497e+01,2.119885e+01,2.111555e+01,2.103219e+01,2.087222e+01,2.100439e+01,2.082348e+01,2.087918e+01,2.086526e+01,2.080259e+01,2.084437e+01,2.069108e+01,2.088614e+01,2.073988e+01,2.078169e+01,2.062830e+01,2.065621e+01,2.077472e+01,2.062132e+01,2.068410e+01,2.061434e+01,2.096267e+01,2.094876e+01,2.120579e+01,2.114333e+01
2.076775e+01,2.072594e+01,2.072594e+01,2.069108e+01,2.081652e+01,2.071897e+01,2.071200e+01,2.071200e+01,2.068410e+01,2.066318e+01,2.072594e+01,2.065621e+01,2.079562e+01,2.063528e+01,2.051660e+01,2.064225e+01,2.032082e+01,2.039778e+01,2.037679e+01,2.028582e+01,2.036980e+01,2.024380e+01,2.016672e+01,2.015270e+01,2.049564e+01,2.027881e+01,2.026481e+01,2.041176e+01,2.011764e+01,2.032082e+01,2.027881e+01,2.027181e+01,2.028582e+01,2.026481e+01,2.032782e+01,2.043274e+01,2.043274e+01,2.043274e+01,2.027181e+01,2.043973e+01,2.049564e+01,2.049564e+01,2.039778e+01,2.036980e+01,2.041875e+01,2.055152e+01,2.053057e+01,2.050961e+01,2.052358e+01,2.049564e+01,2.048865e+01,2.050262e+01,2.046070e+01,2.036280e+01,2.049564e+01,2.042575e+01,2.038379e+01,2.041176e+01,2.030682e+01,2.023680e+01,2.029282e+01,2.027881e+01,2.029982e+01,2.019476e+01,2.021578e+01,2.019476e+01,2.022979e+01,2.011063e+01,2.022278e+01,2.015971e+01,2.024380e+01,1.995621e+01,1.998431e+01,2.002643e+01,1.994919e+01,1.997026e+01,1.995621e+01,1.995621e+01,1.997728e+01,1.998431e+01,1.987189e+01,1.991406e+01,1.996324e+01,2.006854e+01,2.011063e+01,2.006854e+01,1.995621e+01,2.001941e+01,1.999835e+01,1.992811e+01,1.995621e+01,2.009660e+01,2.023680e+01,2.039778e+01,2.011063e+01,2.027181e+01,2.027881e+01,2.022278e+01,2.030682e+01,2.025781e+01,2.033481e+01,2.030682e+01,2.027181e+01,2.034881e+01,2.022278e+01,2.034881e+01,2.021578e+01,2.025080e+01,2.024380e+01,2.021578e+01,2.022278e+01,2.029982e+01,2.018074e+01,2.025080e+01,2.012466e+01,2.011063e+01,2.030682e+01,2.012466e+01,2.005451e+01,2.021578e+01,2.022979e+01,2.025080e+01,2.033481e+01,2.026481e+01,2.030682e+01,2.039778e+01,2.030682e+01,2.032082e+01,2.032782e+01,2.031382e+01,2.030682e+01,2.043973e+01,2.039778e+01,2.044672e+01,2.046070e+01,2.040477e+01,2.044672e+01,2.046769e+01,2.055850e+01,2.044672e+01,2.047468e+01,2.053057e+01,2.053755e+01,2.056548e+01,2.046070e+01,2.059340e+01,2.054453e+01,2.050961e+01,2.058643e+01,2.056548e+01,2.062132e+01,2.065621e+01,2.057944e+01,2.059340e+01,2.059340e+01,2.060736e+01,2.058643e+01,2.062830e+01,2.065621e+01,2.068410e+01,2.067016e+01,2.051660e+01,2.073291e+01,2.054453e+01,2.076775e+01,2.069108e+01,2.062830e+01,2.080259e+01,2.064923e+01,2.053057e+01,2.067713e+01,2.057944e+01,2.067713e+01,2.063528e+01,2.069108e+01,2.066318e+01,2.057246e+01,2.069108e+01,2.067016e+01,2.062132e+01,2.059340e+01,2.066318e+01,2.050262e+01,2.056548e+01,2.053755e+01,2.046769e+01,2.061434e+01,2.059340e+01,2.052358e+01,2.043274e+01,2.056548e+01,2.055850e+01,2.047468e+01,2.052358e+01,2.041176e+01,2.033481e+01,2.041176e+01,2.029982e+01,2.037679e+01,2.036280e+01,2.041176e+01,2.034181e+01,2.030682e+01,2.033481e+01,2.048865e+01,2.039078e+01,2.041176e+01,2.043973e+01,2.036980e+01,2.034881e+01,2.032782e+01,2.028582e+01,2.034881e+01,2.029282e+01,2.027181e+01,2.023680e+01,2.027881e+01,2.023680e+01,2.023680e+01,2.027181e+01,2.027181e+01,2.019476e+01,2.026481e+01,2.019476e+01,2.019476e+01,1.996324e+01,2.014569e+01,2.014569e+01,1.991406e+01,1.999835e+01,1.995621e+01,2.017373e+01,1.996324e+01,2.004047e+01,2.009660e+01,2.010362e+01,1.998431e+01,1.996324e+01,1.993514e+01,2.001941e+01,1.999835e+01,2.003345e+01,1.997026e+01,1.993514e+01,1.992811e+01,1.990000e+01,1.980859e+01,1.958323e+01,1.964666e+01,1.972414e+01,1.966780e+01,1.944918e+01,1.947036e+01,1.944918e+01,1.940681e+01,1.943506e+01,1.943506e+01,1.943506e+01,1.933615e+01,1.949153e+01,1.943506e+01,1.954092e+01,1.956913e+01,1.947742e+01,1.966780e+01,1.972414e+01,2.018074e+01,2.018074e+01,2.020177e+01,2.035581e+01,2.025080e+01,2.022278e+01,2.022979e+01,2.025080e+01,2.023680e+01,2.019476e+01,2.018074e+01,2.022979e+01,2.024380e+01,2.025781e+01,2.022979e+01,2.024380e+01,2.022979e+01,2.020877e+01,2.020177e+01,2.022278e+01,2.020177e+01,2.021578e+01,2.019476e+01,2.021578e+01,2.015270e+01,2.013167e+01,2.011063e+01,2.013868e+01,2.012466e+01,2.010362e+01,2.015270e+01,2.006854e+01,2.004749e+01,2.001941e+01,2.003345e+01,2.003345e+01,1.992109e+01,1.995621e+01,1.990703e+01,1.991406e+01,2.006854e+01,2.011063e+01,2.006152e+01,2.018775e+01,2.020177e+01,2.020177e+01,2.022979e+01,2.030682e+01,2.032082e+01,2.024380e+01,2.020177e+01,2.027881e+01,2.024380e+01,2.039778e+01,2.027181e+01,2.026481e+01,2.029282e+01,2.027881e+01,2.021578e+01,2.027181e+01,2.027881e+01,2.031382e+01,2.027881e+01,2.025080e+01,2.034881e+01,2.025781e+01,2.034881e+01,2.026481e+01,2.038379e+01,2.033481e+01,2.048865e+01,2.049564e+01,2.050262e+01,2.061434e+01,2.047468e+01,2.046070e+01,2.046769e+01,2.039778e+01,2.045371e+01,2.042575e+01,2.058643e+01,2.045371e+01,2.039778e+01,2.042575e+01,2.034181e+01,2.032782e+01,2.032082e+01,2.034881e+01,2.035581e+01,2.033481e+01,2.030682e+01,2.036980e+01,2.027181e+01,2.032782e+01,2.019476e+01,2.021578e+01,2.022278e+01,2.019476e+01,2.032782e+01,2.036280e+01,2.029982e+01,2.038379e+01,2.035581e+01,2.042575e+01,2.043973e+01,2.045371e+01,2.044672e+01,2.046070e+01,2.043973e+01,2.042575e+01,2.051660e+01,2.055850e+01,2.043274e+01,2.040477e+01,2.037679e+01,2.036980e+01,2.034881e+01,2.025781e+01,2.008959e+01,1.991406e+01,1.990000e+01,1.947036e+01,1.955502e+01,1.954092e+01,1.942800e+01,1.954092e+01,1.948447e+01,1.965371e+01,1.961847e+01,1.989297e+01,1.986485e+01,1.982969e+01,1.988594e+01,1.989297e+01,1.994216e+01,2.006152e+01,2.002643e+01,1.995621e+01,2.019476e+01,2.028582e+01,2.027181e+01,2.030682e+01,2.038379e+01,2.050262e+01,2.041875e+01,2.040477e+01,2.057246e+01,2.044672e+01,2.048865e+01,2.049564e+01,2.060039e+01,2.058643e+01,2.064225e+01,2.060039e+01,2.052358e+01,2.040477e+01,2.046769e+01,2.058643e+01,2.050262e+01,2.061434e+01,2.064225e+01,2.067016e+01,2.050961e+01,2.062132e+01,2.062132e+01,2.048166e+01,2.060736e+01,2.057944e+01,2.066318e+01,2.052358e+01,2.050262e+01,2.044672e+01,2.032782e+01,2.022979e+01,2.015971e+01,2.014569e+01,2.018775e+01,2.017373e+01,2.029982e+01,2.011764e+01,2.018074e+01,2.016672e+01,2.013167e+01,2.022278e+01,2.013868e+01,2.009660e+01,2.008257e+01,1.999835e+01,2.005451e+01,1.997728e+01,1.983673e+01,2.003345e+01,1.995621e+01,1.984376e+01,1.984376e+01,1.984376e+01,1.956207e+01,1.978045e+01,1.978749e+01,1.963257e+01,1.983673e+01,1.983673e+01,1.991406e+01,1.980859e+01,1.985079e+01,2.003345e+01,2.003345e+01,2.006152e+01,2.005451e+01,1.997728e+01,1.999133e+01,2.001239e+01,2.006152e+01,1.990703e+01,1.996324e+01,1.974526e+01,1.979452e+01,1.982969e+01,1.985782e+01,1.985079e+01,1.981563e+01,1.986485e+01,1.994919e+01,1.982266e+01,1.990703e+01,1.985079e+01,1.982969e+01,1.985782e+01,1.988594e+01,1.974526e+01,1.997026e+01,2.016672e+01,2.015971e+01,2.023680e+01,2.031382e+01,2.038379e+01,2.048865e+01,2.043973e+01,2.039078e+01,2.038379e+01,2.019476e+01,2.015971e+01,1.994216e+01,2.014569e+01,2.018074e+01,2.019476e+01,2.012466e+01,2.029282e+01,2.048865e+01,2.043274e+01,2.050262e+01,2.041875e+01,2.057944e+01,2.051660e+01,2.069108e+01,2.075382e+01,2.086526e+01,2.094876e+01,2.090006e+01,2.089310e+01,2.094876e+01,2.088614e+01,2.084437e+01,2.083045e+01,2.092789e+01,2.095572e+01,2.105304e+01,2.088614e+01,2.085830e+01,2.089310e+01,2.089310e+01,2.092789e+01,2.090006e+01,2.094180e+01,2.090006e+01,2.094180e+01,2.092093e+01,2.088614e+01,2.084437e+01,2.087222e+01,2.087918e+01,2.087222e+01,2.100439e+01,2.092093e+01,2.094876e+01,2.089310e+01,2.092789e+01,2.078866e+01,2.099048e+01,2.105304e+01,2.101134e+01,2.096267e+01,2.098353e+01,2.092789e+01,2.090006e+01,2.096962e+01,2.089310e+01,2.087918e+01,2.096962e+01,2.094876e+01,2.087918e+01,2.121272e+01,2.090702e+01,2.090702e+01,2.096267e+01,2.098353e+01,2.085830e+01,2.099048e+01,2.085134e+01,2.101829e+01,2.096267e+01,2.086526e+01,2.096267e+01,2.092789e+01,2.092789e+01,2.085134e+01,2.087222e+01,2.094180e+01,2.087222e+01,2.087918e+01,2.104609e+01,2.084437e+01,2.087222e+01,2.087918e+01,2.096962e+01,2.081652e+01,2.094180e+01,2.095572e+01,2.096267e+01,2.084437e+01,2.088614e+01,2.089310e+01,2.089310e+01,2.095572e+01,2.091398e+01,2.096267e+01,2.095572e+01,2.097658e+01,2.093485e+01,2.097658e+01,2.099048e+01,2.095572e+01,2.101829e+01,2.093485e+01,2.099048e+01,2.096962e+01,2.105999e+01,2.117109e+01,2.107388e+01,2.110861e+01,2.107388e+01,2.101134e+01,2.106693e+01,2.099744e+01,2.104609e+01,2.085134e+01,2.071897e+01,2.083741e+01,2.084437e+01,2.067713e+01,2.081652e+01,2.078169e+01,2.080955e+01,2.076775e+01,2.078169e+01,2.064923e+01,2.062132e+01,2.062830e+01,2.068410e+01,2.071897e+01,2.085830e+01,2.098353e+01,2.114333e+01,2.115721e+01
2.079562e+01,2.073291e+01,2.071200e+01,2.069108e+01,2.092093e+01,2.069805e+01,2.064225e+01,2.078169e+01,2.066318e+01,2.071897e+01,2.067016e+01,2.067713e+01,2.076079e+01,2.064923e+01,2.066318e+01,2.062132e+01,2.060736e+01,2.041176e+01,2.036980e+01,2.036280e+01,2.033481e+01,2.034181e+01,2.025781e+01,2.034181e+01,2.030682e+01,2.022979e+01,2.028582e+01,2.025080e+01,2.029982e+01,2.028582e+01,2.022979e+01,2.029982e+01,2.032782e+01,2.026481e+01,2.040477e+01,2.039078e+01,2.034181e+01,2.051660e+01,2.042575e+01,2.039778e+01,2.041875e+01,2.047468e+01,2.051660e+01,2.050961e+01,2.044672e+01,2.071200e+01,2.053057e+01,2.050961e+01,2.053755e+01,2.055850e+01,2.041176e+01,2.046769e+01,2.062132e+01,2.046070e+01,2.036280e+01,2.039778e+01,2.041176e+01,2.041176e+01,2.033481e+01,2.022979e+01,2.025781e+01,2.024380e+01,2.025781e+01,2.027181e+01,2.013868e+01,2.018074e+01,2.015270e+01,2.017373e+01,2.013868e+01,2.012466e+01,2.021578e+01,2.001941e+01,2.006854e+01,2.001239e+01,1.995621e+01,1.994919e+01,1.996324e+01,1.991406e+01,2.001941e+01,1.992811e+01,2.000537e+01,2.011063e+01,2.006854e+01,2.004749e+01,2.006152e+01,2.008257e+01,2.013868e+01,2.006152e+01,1.999835e+01,2.008257e+01,2.005451e+01,2.022979e+01,2.017373e+01,2.032782e+01,2.024380e+01,2.032082e+01,2.025781e+01,2.034181e+01,2.031382e+01,2.029982e+01,2.029982e+01,2.041875e+01,2.030682e+01,2.028582e+01,2.027881e+01,2.034181e+01,2.021578e+01,2.027181e+01,2.043973e+01,2.021578e+01,2.024380e+01,2.038379e+01,2.020877e+01,2.018775e+01,2.020877e+01,2.029982e+01,2.018074e+01,2.024380e+01,2.032082e+01,2.029282e+01,2.027181e+01,2.029982e+01,2.020877e+01,2.026481e+01,2.036980e+01,2.029282e+01,2.048865e+01,2.038379e+01,2.029982e+01,2.034181e+01,2.039078e+01,2.045371e+01,2.043973e+01,2.046070e+01,2.046769e+01,2.055850e+01,2.041176e+01,2.060736e+01,2.055850e+01,2.057944e+01,2.054453e+01,2.055152e+01,2.058643e+01,2.060736e+01,2.067016e+01,2.060736e+01,2.054453e+01,2.057246e+01,2.051660e+01,2.062830e+01,2.060039e+01,2.058643e+01,2.060736e+01,2.060736e+01,2.060039e+01,2.057246e+01,2.064225e+01,2.064225e+01,2.062830e+01,2.064225e+01,2.065621e+01,2.062132e+01,2.067016e+01,2.064923e+01,2.069108e+01,2.067016e+01,2.076775e+01,2.067713e+01,2.066318e+01,2.065621e+01,2.053057e+01,2.057246e+01,2.073291e+01,2.062132e+01,2.068410e+01,2.069108e+01,2.065621e+01,2.055850e+01,2.057246e+01,2.067016e+01,2.054453e+01,2.055850e+01,2.060736e+01,2.055850e+01,2.065621e+01,2.037679e+01,2.056548e+01,2.040477e+01,2.045371e+01,2.036280e+01,2.049564e+01,2.057944e+01,2.048166e+01,2.060039e+01,2.048865e+01,2.046070e+01,2.040477e+01,2.035581e+01,2.042575e+01,2.030682e+01,2.032082e+01,2.032782e+01,2.043973e+01,2.037679e+01,2.034181e+01,2.037679e+01,2.046070e+01,2.037679e+01,2.035581e+01,2.031382e+01,2.029982e+01,2.032082e+01,2.030682e+01,2.037679e+01,2.020877e+01,2.022979e+01,2.024380e+01,2.027181e+01,2.025781e+01,2.026481e+01,2.023680e+01,2.016672e+01,2.020177e+01,2.013167e+01,2.018074e+01,2.015971e+01,2.008959e+01,2.012466e+01,1.999133e+01,2.004047e+01,2.001941e+01,1.990000e+01,1.982969e+01,1.992109e+01,1.993514e+01,1.992811e+01,1.995621e+01,1.994919e+01,2.002643e+01,2.006152e+01,1.997026e+01,1.989297e+01,1.997026e+01,1.991406e+01,1.986485e+01,1.984376e+01,1.974526e+01,1.974526e+01,1.961143e+01,1.963257e+01,1.970302e+01,1.965371e+01,1.945624e+01,1.950564e+01,1.953386e+01,1.947036e+01,1.947036e+01,1.951975e+01,1.957618e+01,1.959028e+01,1.952681e+01,1.947742e+01,1.956207e+01,1.946330e+01,1.953386e+01,1.975934e+01,2.018775e+01,2.018775e+01,2.032782e+01,2.020177e+01,2.026481e+01,2.022979e+01,2.027881e+01,2.032082e+01,2.017373e+01,2.022278e+01,2.022979e+01,2.022278e+01,2.021578e+01,2.024380e+01,2.025080e+01,2.025080e+01,2.022979e+01,2.032082e+01,2.036280e+01,2.031382e+01,2.023680e+01,2.021578e+01,2.020877e+01,2.015270e+01,2.022979e+01,2.015270e+01,2.018074e+01,2.013167e+01,2.023680e+01,2.020177e+01,2.022278e+01,2.006152e+01,2.030682e+01,2.008257e+01,2.006854e+01,2.008959e+01,1.987189e+01,2.008959e+01,1.999835e+01,1.994216e+01,2.001239e+01,1.998431e+01,2.007556e+01,2.013167e+01,2.021578e+01,2.018074e+01,2.022278e+01,2.029982e+01,2.026481e+01,2.027181e+01,2.043973e+01,2.025080e+01,2.044672e+01,2.025080e+01,2.030682e+01,2.027881e+01,2.026481e+01,2.024380e+01,2.027181e+01,2.027881e+01,2.032082e+01,2.030682e+01,2.028582e+01,2.026481e+01,2.023680e+01,2.027881e+01,2.029282e+01,2.032082e+01,2.040477e+01,2.027881e+01,2.039078e+01,2.039778e+01,2.043973e+01,2.048865e+01,2.049564e+01,2.060039e+01,2.049564e+01,2.046769e+01,2.062830e+01,2.047468e+01,2.046070e+01,2.051660e+01,2.045371e+01,2.043274e+01,2.050262e+01,2.040477e+01,2.032082e+01,2.031382e+01,2.024380e+01,2.029982e+01,2.022979e+01,2.039778e+01,2.040477e+01,2.024380e+01,2.026481e+01,2.032782e+01,2.022979e+01,2.020877e+01,2.029982e+01,2.035581e+01,2.027181e+01,2.031382e+01,2.043274e+01,2.043274e+01,2.052358e+01,2.045371e+01,2.039778e+01,2.048166e+01,2.042575e+01,2.039778e+01,2.057246e+01,2.046070e+01,2.035581e+01,2.050262e+01,2.036980e+01,2.036280e+01,2.034181e+01,2.026481e+01,1.995621e+01,1.993514e+01,1.985782e+01,1.959028e+01,1.951975e+01,1.952681e+01,1.945624e+01,1.940681e+01,1.947742e+01,1.981563e+01,1.976638e+01,1.990703e+01,1.981563e+01,1.995621e+01,1.999835e+01,2.011063e+01,2.011063e+01,2.008959e+01,2.014569e+01,2.004047e+01,2.011764e+01,2.004047e+01,2.020177e+01,2.037679e+01,2.039078e+01,2.058643e+01,2.048865e+01,2.048865e+01,2.051660e+01,2.062132e+01,2.046070e+01,2.056548e+01,2.060736e+01,2.059340e+01,2.058643e+01,2.060736e+01,2.060736e+01,2.060736e+01,2.050262e+01,2.060039e+01,2.057944e+01,2.053057e+01,2.063528e+01,2.056548e+01,2.067016e+01,2.056548e+01,2.055850e+01,2.059340e+01,2.050961e+01,2.056548e+01,2.062830e+01,2.051660e+01,2.052358e+01,2.046070e+01,2.041875e+01,2.041875e+01,2.037679e+01,2.043274e+01,2.040477e+01,2.034881e+01,2.037679e+01,2.029982e+01,2.023680e+01,2.030682e+01,2.024380e+01,2.020877e+01,2.013868e+01,2.001239e+01,2.012466e+01,2.005451e+01,1.993514e+01,1.992109e+01,2.003345e+01,1.980859e+01,1.985782e+01,1.980859e+01,1.980156e+01,1.982969e+01,1.973822e+01,1.982266e+01,1.978045e+01,1.975230e+01,1.973822e+01,1.982969e+01,1.981563e+01,1.987892e+01,1.986485e+01,1.993514e+01,1.985782e+01,1.997728e+01,2.002643e+01,2.008959e+01,1.995621e+01,2.003345e+01,2.008257e+01,2.008257e+01,1.994919e+01,1.990000e+01,1.983673e+01,1.999133e+01,1.993514e+01,1.988594e+01,1.999835e+01,1.992811e+01,1.988594e+01,2.001239e+01,2.000537e+01,1.989297e+01,2.000537e+01,2.000537e+01,1.993514e+01,2.001941e+01,2.011063e+01,1.998431e+01,2.019476e+01,2.022979e+01,2.025781e+01,2.030682e+01,2.039778e+01,2.048865e+01,2.037679e+01,2.027181e+01,2.006854e+01,2.006152e+01,1.999133e+01,2.000537e+01,2.022278e+01,2.017373e+01,2.027181e+01,2.032082e+01,2.057246e+01,2.038379e+01,2.062132e+01,2.057944e+01,2.063528e+01,2.070502e+01,2.088614e+01,2.086526e+01,2.078866e+01,2.096267e+01,2.088614e+01,2.088614e+01,2.099744e+01,2.092789e+01,2.090702e+01,2.097658e+01,2.101134e+01,2.087918e+01,2.095572e+01,2.092789e+01,2.092789e+01,2.088614e+01,2.090702e+01,2.096267e+01,2.091398e+01,2.094180e+01,2.094876e+01,2.090006e+01,2.090702e+01,2.087918e+01,2.086526e+01,2.086526e+01,2.089310e+01,2.090702e+01,2.107388e+01,2.090006e+01,2.087918e+01,2.092789e+01,2.104609e+01,2.096267e+01,2.108083e+01,2.101829e+01,2.090006e+01,2.096267e+01,2.096962e+01,2.102524e+01,2.100439e+01,2.097658e+01,2.094876e+01,2.094876e+01,2.097658e+01,2.097658e+01,2.092093e+01,2.092093e+01,2.102524e+01,2.103219e+01,2.088614e+01,2.090006e+01,2.088614e+01,2.099048e+01,2.105999e+01,2.101134e+01,2.108777e+01,2.099048e+01,2.093485e+01,2.105304e+01,2.097658e+01,2.088614e+01,2.089310e+01,2.105999e+01,2.092093e+01,2.089310e+01,2.099744e+01,2.090006e+01,2.097658e+01,2.085830e+01,2.096267e+01,2.095572e+01,2.096962e+01,2.098353e+01,2.108777e+01,2.101829e+01,2.094876e+01,2.090006e+01,2.094876e+01,2.094180e+01,2.090702e+01,2.105999e+01,2.092093e+01,2.093485e+01,2.094180e+01,2.106693e+01,2.101829e+01,2.105999e+01,2.102524e+01,2.103219e+01,2.102524e+01,2.105999e+01,2.103914e+01,2.115027e+01,2.102524e+01,2.116415e+01,2.101829e+01,2.105304e+01,2.104609e+01,2.106693e+01,2.092093e+01,2.082348e+01,2.070502e+01,2.084437e+01,2.089310e+01,2.103914e+01,2.064923e+01,2.087918e+01,2.086526e+01,2.080955e+01,2.081652e+01,2.084437e+01,2.078169e+01,2.062830e+01,2.083045e+01,2.083741e+01,2.107388e+01,2.115721e+01,2.115721e+01,2.115721e+01
2.076775e+01,2.068410e+01,2.074685e+01,2.062132e+01,2.079562e+01,2.071897e+01,2.082348e+01,2.080955e+01,2.072594e+01,2.076079e+01,2.069805e+01,2.080259e+01,2.073291e+01,2.065621e+01,2.059340e+01,2.062132e+01,2.046070e+01,2.036980e+01,2.033481e+01,2.037679e+01,2.029982e+01,2.032782e+01,2.041176e+01,2.058643e+01,2.017373e+01,2.029982e+01,2.025080e+01,2.025781e+01,2.023680e+01,2.030682e+01,2.023680e+01,2.028582e+01,2.041176e+01,2.027881e+01,2.041176e+01,2.039078e+01,2.057246e+01,2.057246e+01,2.043973e+01,2.050961e+01,2.043973e+01,2.054453e+01,2.039078e+01,2.040477e+01,2.053057e+01,2.039778e+01,2.063528e+01,2.044672e+01,2.043973e+01,2.046769e+01,2.048166e+01,2.063528e+01,2.048166e+01,2.051660e+01,2.034181e+01,2.051660e+01,2.033481e+01,2.036280e+01,2.036280e+01,2.022979e+01,2.022979e+01,2.020177e+01,2.021578e+01,2.015971e+01,2.027181e+01,2.015971e+01,2.016672e+01,2.012466e+01,2.011764e+01,2.013868e+01,2.015971e+01,2.012466e+01,1.997728e+01,1.999835e+01,2.005451e+01,2.006152e+01,2.006854e+01,1.986485e+01,2.004047e+01,1.998431e+01,1.999133e+01,2.006152e+01,1.997026e+01,1.999835e+01,2.011063e+01,2.006854e+01,1.997026e+01,1.997026e+01,2.004749e+01,2.013868e+01,2.010362e+01,2.008959e+01,2.018775e+01,2.023680e+01,2.020877e+01,2.025080e+01,2.029982e+01,2.030682e+01,2.031382e+01,2.027881e+01,2.048166e+01,2.030682e+01,2.032782e+01,2.032782e+01,2.030682e+01,2.020177e+01,2.020177e+01,2.031382e+01,2.019476e+01,2.031382e+01,2.022979e+01,2.018775e+01,2.006152e+01,2.022278e+01,2.026481e+01,2.032082e+01,2.016672e+01,2.008257e+01,2.028582e+01,2.022278e+01,2.010362e+01,2.008959e+01,2.024380e+01,2.030682e+01,2.020877e+01,2.032782e+01,2.047468e+01,2.047468e+01,2.043973e+01,2.048166e+01,2.032082e+01,2.046070e+01,2.046769e+01,2.041875e+01,2.065621e+01,2.037679e+01,2.047468e+01,2.043274e+01,2.052358e+01,2.054453e+01,2.055152e+01,2.057246e+01,2.057246e+01,2.062830e+01,2.058643e+01,2.062830e+01,2.050262e+01,2.053755e+01,2.054453e+01,2.058643e+01,2.060039e+01,2.056548e+01,2.070502e+01,2.064923e+01,2.066318e+01,2.058643e+01,2.063528e+01,2.049564e+01,2.056548e+01,2.065621e+01,2.059340e+01,2.062830e+01,2.063528e+01,2.058643e+01,2.062132e+01,2.064923e+01,2.067713e+01,2.073988e+01,2.060039e+01,2.065621e+01,2.056548e+01,2.063528e+01,2.067713e+01,2.061434e+01,2.062132e+01,2.063528e+01,2.060736e+01,2.060736e+01,2.055850e+01,2.067713e+01,2.054453e+01,2.050961e+01,2.052358e+01,2.058643e+01,2.041176e+01,2.059340e+01,2.053057e+01,2.047468e+01,2.040477e+01,2.036980e+01,2.037679e+01,2.055850e+01,2.039078e+01,2.030682e+01,2.044672e+01,2.032782e+01,2.024380e+01,2.023680e+01,2.045371e+01,2.031382e+01,2.034181e+01,2.030682e+01,2.032082e+01,2.030682e+01,2.032082e+01,2.043274e+01,2.030682e+01,2.035581e+01,2.032082e+01,2.031382e+01,2.026481e+01,2.029282e+01,2.026481e+01,2.025080e+01,2.023680e+01,2.020177e+01,2.015971e+01,2.021578e+01,2.008959e+01,2.014569e+01,2.014569e+01,2.012466e+01,2.013167e+01,2.015971e+01,1.997728e+01,2.008959e+01,1.995621e+01,2.010362e+01,1.993514e+01,1.997728e+01,1.995621e+01,1.999133e+01,1.992109e+01,1.985079e+01,1.993514e+01,1.997728e+01,1.993514e+01,1.990703e+01,1.997026e+01,1.992109e+01,1.981563e+01,1.990000e+01,1.994216e+01,1.975230e+01,1.987892e+01,1.978045e+01,1.966780e+01,1.957618e+01,1.964666e+01,1.956913e+01,1.961143e+01,1.955502e+01,1.949859e+01,1.946330e+01,1.946330e+01,1.945624e+01,1.954092e+01,1.942800e+01,1.961143e+01,1.951975e+01,1.949859e+01,1.947036e+01,1.958323e+01,1.957618e+01,1.961143e+01,1.965371e+01,2.014569e+01,2.018775e+01,2.019476e+01,2.022278e+01,2.020877e+01,2.018074e+01,2.025781e+01,2.020877e+01,2.027181e+01,2.019476e+01,2.020177e+01,2.022979e+01,2.021578e+01,2.024380e+01,2.023680e+01,2.023680e+01,2.024380e+01,2.018074e+01,2.011063e+01,2.027181e+01,2.023680e+01,2.021578e+01,2.016672e+01,2.012466e+01,2.019476e+01,2.022979e+01,2.014569e+01,2.011063e+01,2.019476e+01,2.022278e+01,2.015270e+01,2.013167e+01,2.004749e+01,2.001239e+01,2.009660e+01,2.005451e+01,1.989297e+01,1.981563e+01,1.993514e+01,1.978749e+01,1.992811e+01,2.016672e+01,2.018074e+01,2.019476e+01,2.018074e+01,2.020877e+01,2.021578e+01,2.029982e+01,2.022278e+01,2.019476e+01,2.031382e+01,2.028582e+01,2.025080e+01,2.029982e+01,2.032782e+01,2.027881e+01,2.029982e+01,2.027181e+01,2.022278e+01,2.032082e+01,2.027181e+01,2.034881e+01,2.028582e+01,2.030682e+01,2.028582e+01,2.038379e+01,2.024380e+01,2.027881e+01,2.027181e+01,2.039778e+01,2.041875e+01,2.051660e+01,2.059340e+01,2.046769e+01,2.044672e+01,2.056548e+01,2.047468e+01,2.063528e+01,2.064225e+01,2.042575e+01,2.045371e+01,2.059340e+01,2.049564e+01,2.062830e+01,2.038379e+01,2.040477e+01,2.038379e+01,2.036980e+01,2.042575e+01,2.029982e+01,2.023680e+01,2.025080e+01,2.027881e+01,2.022979e+01,2.023680e+01,2.030682e+01,2.027881e+01,2.023680e+01,2.022278e+01,2.024380e+01,2.041875e+01,2.033481e+01,2.036980e+01,2.041875e+01,2.035581e+01,2.042575e+01,2.036980e+01,2.041176e+01,2.043274e+01,2.057246e+01,2.055850e+01,2.041176e+01,2.048166e+01,2.039078e+01,2.039778e+01,2.027881e+01,2.010362e+01,2.006854e+01,2.003345e+01,1.968189e+01,1.965371e+01,1.947036e+01,1.958323e+01,1.957618e+01,1.961847e+01,1.948447e+01,1.971710e+01,1.994216e+01,1.978749e+01,1.999835e+01,1.992811e+01,2.015270e+01,2.023680e+01,2.001239e+01,2.015270e+01,2.012466e+01,2.006152e+01,2.018775e+01,2.021578e+01,2.019476e+01,2.029282e+01,2.032782e+01,2.038379e+01,2.040477e+01,2.041875e+01,2.046070e+01,2.058643e+01,2.046769e+01,2.050961e+01,2.048166e+01,2.055850e+01,2.061434e+01,2.057944e+01,2.062132e+01,2.055152e+01,2.062132e+01,2.052358e+01,2.057246e+01,2.053755e+01,2.055152e+01,2.068410e+01,2.062132e+01,2.054453e+01,2.057944e+01,2.050262e+01,2.060039e+01,2.054453e+01,2.058643e+01,2.050262e+01,2.047468e+01,2.046070e+01,2.048865e+01,2.045371e+01,2.042575e+01,2.046769e+01,2.036280e+01,2.039078e+01,2.036280e+01,2.021578e+01,2.013868e+01,2.034181e+01,2.025080e+01,2.015971e+01,2.004047e+01,2.002643e+01,2.013167e+01,2.004047e+01,1.995621e+01,1.981563e+01,1.985782e+01,1.990000e+01,1.994216e+01,1.982969e+01,1.980859e+01,1.978045e+01,1.974526e+01,1.972414e+01,1.965371e+01,1.977341e+01,1.958323e+01,1.971710e+01,1.973118e+01,1.985079e+01,2.004749e+01,2.001239e+01,1.980859e+01,1.992811e+01,1.998431e+01,1.992811e+01,2.000537e+01,1.997728e+01,2.006854e+01,2.004047e+01,2.003345e+01,1.992811e+01,1.997728e+01,1.989297e+01,1.995621e+01,1.978749e+01,1.999133e+01,1.990000e+01,1.991406e+01,1.994919e+01,2.005451e+01,2.000537e+01,1.975230e+01,1.982266e+01,1.990703e+01,1.989297e+01,2.005451e+01,1.983673e+01,1.992109e+01,2.014569e+01,2.016672e+01,2.020877e+01,2.027181e+01,2.033481e+01,2.043973e+01,2.044672e+01,2.011063e+01,2.006854e+01,2.004047e+01,2.004749e+01,2.011764e+01,2.012466e+01,2.011764e+01,2.030682e+01,2.036280e+01,2.046070e+01,2.046070e+01,2.066318e+01,2.058643e+01,2.064225e+01,2.068410e+01,2.096962e+01,2.076079e+01,2.081652e+01,2.089310e+01,2.088614e+01,2.090702e+01,2.091398e+01,2.094876e+01,2.092093e+01,2.086526e+01,2.086526e+01,2.085830e+01,2.105304e+01,2.086526e+01,2.087918e+01,2.089310e+01,2.087222e+01,2.097658e+01,2.099048e+01,2.090006e+01,2.091398e+01,2.089310e+01,2.096962e+01,2.097658e+01,2.086526e+01,2.094180e+01,2.089310e+01,2.106693e+01,2.100439e+01,2.089310e+01,2.094876e+01,2.090702e+01,2.104609e+01,2.097658e+01,2.094180e+01,2.094876e+01,2.093485e+01,2.085830e+01,2.093485e+01,2.087918e+01,2.093485e+01,2.112250e+01,2.088614e+01,2.100439e+01,2.088614e+01,2.097658e+01,2.103219e+01,2.091398e+01,2.099048e+01,2.090006e+01,2.091398e+01,2.083045e+01,2.101829e+01,2.095572e+01,2.104609e+01,2.109472e+01,2.101134e+01,2.087222e+01,2.086526e+01,2.090006e+01,2.096267e+01,2.092093e+01,2.105999e+01,2.087918e+01,2.094180e+01,2.099048e+01,2.091398e+01,2.084437e+01,2.093485e+01,2.101134e+01,2.103219e+01,2.090006e+01,2.091398e+01,2.090006e+01,2.094876e+01,2.096962e+01,2.093485e+01,2.086526e+01,2.098353e+01,2.097658e+01,2.099744e+01,2.096267e+01,2.090006e+01,2.092093e+01,2.101134e+01,2.106693e+01,2.099048e+01,2.099744e+01,2.099744e+01,2.100439e+01,2.115721e+01,2.124047e+01,2.108083e+01,2.105999e+01,2.103914e+01,2.107388e+01,2.103914e+01,2.096962e+01,2.103219e+01,2.083045e+01,2.092093e+01,2.086526e+01,2.085830e+01,2.078169e+01,2.085830e+01,2.101134e+01,2.083741e+01,2.086526e+01,2.084437e+01,2.082348e+01,2.074685e+01,2.062132e+01,2.076079e+01,2.076775e+01,2.087222e+01,2.078169e+01,2.063528e+01,2.111555e+01,2.112944e+01,2.115027e+01
2.075382e+01,2.071200e+01,2.081652e+01,2.078866e+01,2.079562e+01,2.067713e+01,2.061434e+01,2.076079e+01,2.074685e+01,2.069108e+01,2.078169e+01,2.083741e+01,2.071200e+01,2.060039e+01,2.062132e+01,2.057944e+01,2.065621e+01,2.056548e+01,2.041176e+01,2.046070e+01,2.043274e+01,2.027181e+01,2.039778e+01,2.027181e+01,2.020877e+01,2.023680e+01,2.026481e+01,2.023680e+01,2.034881e+01,2.032082e+01,2.027881e+01,2.025080e+01,2.025781e+01,2.042575e+01,2.050961e+01,2.040477e+01,2.045371e+01,2.047468e+01,2.050262e+01,2.045371e+01,2.049564e+01,2.049564e+01,2.062830e+01,2.050961e+01,2.039778e+01,2.050961e+01,2.055152e+01,2.053057e+01,2.053057e+01,2.047468e+01,2.048865e+01,2.048865e+01,2.041875e+01,2.048166e+01,2.032782e+01,2.040477e+01,2.037679e+01,2.034881e+01,2.027881e+01,2.031382e+01,2.021578e+01,2.029282e+01,2.020177e+01,2.021578e+01,2.014569e+01,2.014569e+01,2.012466e+01,2.010362e+01,2.008257e+01,1.995621e+01,2.001941e+01,2.002643e+01,2.001941e+01,2.004047e+01,1.999835e+01,2.005451e+01,2.001239e+01,1.995621e+01,1.995621e+01,1.999133e+01,2.008257e+01,2.013167e+01,1.984376e+01,1.990703e+01,2.013167e+01,2.023680e+01,1.998431e+01,2.012466e+01,2.016672e+01,2.016672e+01,2.014569e+01,2.023680e+01,2.024380e+01,2.034881e+01,2.032782e+01,2.032782e+01,2.034181e+01,2.033481e+01,2.038379e+01,2.028582e+01,2.032082e+01,2.031382e+01,2.032782e+01,2.041875e+01,2.032782e+01,2.041176e+01,2.027181e+01,2.025781e+01,2.027881e+01,2.028582e+01,2.018074e+01,2.021578e+01,2.020877e+01,2.020177e+01,2.022278e+01,2.022278e+01,2.013167e+01,2.017373e+01,2.021578e+01,2.034181e+01,2.034881e+01,2.039078e+01,2.027881e+01,2.046070e+01,2.039078e+01,2.038379e+01,2.041875e+01,2.048865e+01,2.039778e+01,2.043274e+01,2.041176e+01,2.043973e+01,2.043973e+01,2.043274e+01,2.049564e+01,2.057944e+01,2.055850e+01,2.053755e+01,2.057246e+01,2.046769e+01,2.062132e+01,2.054453e+01,2.058643e+01,2.057246e+01,2.050961e+01,2.055152e+01,2.063528e+01,2.055850e+01,2.057944e+01,2.057246e+01,2.053755e+01,2.057246e+01,2.060736e+01,2.057944e+01,2.057944e+01,2.057246e+01,2.058643e+01,2.062830e+01,2.062830e+01,2.057944e+01,2.065621e+01,2.071897e+01,2.066318e+01,2.065621e+01,2.061434e+01,2.060736e+01,2.058643e+01,2.063528e+01,2.065621e+01,2.062830e+01,2.053057e+01,2.064225e+01,2.057246e+01,2.057246e+01,2.067016e+01,2.051660e+01,2.044672e+01,2.057944e+01,2.055850e+01,2.053057e+01,2.043274e+01,2.050961e+01,2.048166e+01,2.047468e+01,2.051660e+01,2.055152e+01,2.049564e+01,2.046769e+01,2.038379e+01,2.039078e+01,2.039078e+01,2.040477e+01,2.046769e+01,2.021578e+01,2.018074e+01,2.029982e+01,2.021578e+01,2.024380e+01,2.029982e+01,2.034181e+01,2.030682e+01,2.032082e+01,2.032082e+01,2.042575e+01,2.027181e+01,2.042575e+01,2.032082e+01,2.027881e+01,2.032082e+01,2.026481e+01,2.029282e+01,2.022979e+01,2.024380e+01,2.025781e+01,2.009660e+01,2.015971e+01,2.008959e+01,2.013868e+01,2.004047e+01,2.021578e+01,2.015270e+01,1.999835e+01,1.999133e+01,1.997728e+01,2.011764e+01,1.998431e+01,1.994919e+01,1.997728e+01,1.979452e+01,2.001239e+01,1.987892e+01,1.993514e+01,1.980156e+01,1.983673e+01,1.985079e+01,1.982969e+01,1.975230e+01,1.991406e+01,1.978045e+01,1.966780e+01,1.993514e+01,1.989297e+01,1.983673e+01,1.954797e+01,1.972414e+01,1.962552e+01,1.956913e+01,1.956913e+01,1.954092e+01,1.953386e+01,1.949153e+01,1.944212e+01,1.950564e+01,1.949153e+01,1.944918e+01,1.949153e+01,1.951975e+01,1.946330e+01,1.951270e+01,1.949859e+01,1.954797e+01,1.954092e+01,1.956913e+01,1.943506e+01,1.958323e+01,1.979452e+01,2.017373e+01,2.020177e+01,2.032082e+01,2.018775e+01,2.025080e+01,2.026481e+01,2.021578e+01,2.026481e+01,2.016672e+01,2.026481e+01,2.022979e+01,2.023680e+01,2.022979e+01,2.025080e+01,2.025080e+01,2.024380e+01,2.025080e+01,2.014569e+01,2.009660e+01,2.021578e+01,2.022278e+01,2.008959e+01,2.020877e+01,2.011063e+01,2.017373e+01,2.020177e+01,2.011063e+01,2.013167e+01,2.013167e+01,2.011063e+01,2.008959e+01,2.008257e+01,2.006854e+01,2.006854e+01,2.008959e+01,2.013868e+01,1.997728e+01,1.992109e+01,1.992109e+01,1.986485e+01,2.001239e+01,2.013167e+01,2.001239e+01,2.007556e+01,2.007556e+01,2.016672e+01,2.022979e+01,2.026481e+01,2.026481e+01,2.026481e+01,2.034181e+01,2.033481e+01,2.031382e+01,2.023680e+01,2.027181e+01,2.026481e+01,2.028582e+01,2.023680e+01,2.034881e+01,2.025781e+01,2.030682e+01,2.023680e+01,2.026481e+01,2.027181e+01,2.026481e+01,2.027881e+01,2.026481e+01,2.017373e+01,2.028582e+01,2.031382e+01,2.034181e+01,2.043274e+01,2.049564e+01,2.048166e+01,2.053057e+01,2.041176e+01,2.047468e+01,2.057246e+01,2.061434e+01,2.042575e+01,2.040477e+01,2.064225e+01,2.060736e+01,2.048166e+01,2.042575e+01,2.041875e+01,2.042575e+01,2.039778e+01,2.030682e+01,2.036280e+01,2.033481e+01,2.037679e+01,2.025781e+01,2.025080e+01,2.024380e+01,2.024380e+01,2.024380e+01,2.022979e+01,2.036280e+01,2.034181e+01,2.027881e+01,2.034181e+01,2.034181e+01,2.032782e+01,2.038379e+01,2.038379e+01,2.032782e+01,2.036980e+01,2.039078e+01,2.037679e+01,2.048166e+01,2.046769e+01,2.047468e+01,2.034881e+01,2.022979e+01,2.035581e+01,2.007556e+01,2.004749e+01,2.004047e+01,1.986485e+01,1.963257e+01,1.960438e+01,1.959733e+01,1.961847e+01,1.963962e+01,1.971006e+01,1.970302e+01,1.979452e+01,1.987892e+01,1.997728e+01,2.012466e+01,2.020177e+01,2.010362e+01,2.015971e+01,2.012466e+01,2.015270e+01,2.009660e+01,2.008257e+01,2.020877e+01,2.029982e+01,2.025080e+01,2.029282e+01,2.032782e+01,2.047468e+01,2.050262e+01,2.061434e+01,2.041875e+01,2.046070e+01,2.045371e+01,2.044672e+01,2.057944e+01,2.058643e+01,2.058643e+01,2.062132e+01,2.060039e+01,2.050961e+01,2.050262e+01,2.052358e+01,2.053755e+01,2.064923e+01,2.060736e+01,2.054453e+01,2.053057e+01,2.060039e+01,2.059340e+01,2.054453e+01,2.060039e+01,2.041176e+01,2.048865e+01,2.052358e+01,2.039078e+01,2.043274e+01,2.045371e+01,2.049564e+01,2.037679e+01,2.040477e+01,2.040477e+01,2.035581e+01,2.036980e+01,2.037679e+01,2.015971e+01,2.013167e+01,2.004749e+01,2.011063e+01,2.001941e+01,2.002643e+01,2.006152e+01,2.004047e+01,1.979452e+01,1.988594e+01,1.990703e+01,1.978749e+01,1.980156e+01,1.983673e+01,1.977341e+01,1.966780e+01,1.961847e+01,1.963257e+01,1.967484e+01,1.972414e+01,1.973118e+01,1.982266e+01,1.985782e+01,1.981563e+01,1.999133e+01,1.994919e+01,1.996324e+01,2.000537e+01,1.993514e+01,1.991406e+01,2.001239e+01,1.999835e+01,1.991406e+01,2.010362e+01,1.983673e+01,1.993514e+01,1.992109e+01,1.995621e+01,1.993514e+01,1.992811e+01,1.994216e+01,1.990703e+01,1.993514e+01,1.997728e+01,1.993514e+01,1.994919e+01,1.996324e+01,1.998431e+01,1.998431e+01,2.008257e+01,1.997026e+01,1.989297e+01,2.012466e+01,2.018074e+01,2.025781e+01,2.036280e+01,2.041176e+01,2.046769e+01,2.018775e+01,2.018074e+01,2.004047e+01,2.006152e+01,2.006152e+01,2.013868e+01,2.019476e+01,2.009660e+01,2.035581e+01,2.043973e+01,2.041176e+01,2.061434e+01,2.064225e+01,2.062132e+01,2.066318e+01,2.080259e+01,2.066318e+01,2.090702e+01,2.080259e+01,2.079562e+01,2.079562e+01,2.092789e+01,2.096267e+01,2.091398e+01,2.091398e+01,2.090006e+01,2.089310e+01,2.095572e+01,2.092093e+01,2.086526e+01,2.082348e+01,2.090702e+01,2.092789e+01,2.090006e+01,2.087222e+01,2.089310e+01,2.088614e+01,2.085830e+01,2.083741e+01,2.090702e+01,2.085830e+01,2.096962e+01,2.092789e+01,2.099744e+01,2.101829e+01,2.092093e+01,2.092093e+01,2.084437e+01,2.101134e+01,2.105999e+01,2.094180e+01,2.102524e+01,2.096267e+01,2.096962e+01,2.094180e+01,2.102524e+01,2.088614e+01,2.102524e+01,2.096267e+01,2.094876e+01,2.094876e+01,2.096962e+01,2.090006e+01,2.094876e+01,2.103219e+01,2.090006e+01,2.091398e+01,2.095572e+01,2.085830e+01,2.088614e+01,2.096267e+01,2.109472e+01,2.094180e+01,2.092789e+01,2.068410e+01,2.091398e+01,2.105999e+01,2.097658e+01,2.095572e+01,2.094180e+01,2.083045e+01,2.090006e+01,2.088614e+01,2.094180e+01,2.095572e+01,2.091398e+01,2.094876e+01,2.089310e+01,2.090006e+01,2.101829e+01,2.101134e+01,2.101829e+01,2.093485e+01,2.092789e+01,2.092789e+01,2.087222e+01,2.094876e+01,2.100439e+01,2.093485e+01,2.109472e+01,2.096267e+01,2.108083e+01,2.105999e+01,2.093485e+01,2.101134e+01,2.093485e+01,2.110166e+01,2.110861e+01,2.106693e+01,2.092093e+01,2.109472e+01,2.112250e+01,2.105999e+01,2.107388e+01,2.098353e+01,2.082348e+01,2.087918e+01,2.082348e+01,2.081652e+01,2.080955e+01,2.081652e+01,2.087222e+01,2.084437e+01,2.085134e+01,2.074685e+01,2.073291e+01,2.070502e+01,2.075382e+01,2.085134e+01,2.068410e+01,2.071897e+01,2.088614e+01,2.097658e+01,2.108083e+01,2.115027e+01,2.120579e+01
2.076775e+01,2.073291e+01,2.069108e+01,2.068410e+01,2.069108e+01,2.064225e+01,2.080259e+01,2.071200e+01,2.072594e+01,2.070502e+01,2.069108e+01,2.073988e+01,2.062830e+01,2.061434e+01,2.069805e+01,2.059340e+01,2.057246e+01,2.060039e+01,2.067016e+01,2.060039e+01,2.052358e+01,2.027881e+01,2.036980e+01,2.057944e+01,2.034181e+01,2.055152e+01,2.025781e+01,2.024380e+01,2.025781e+01,2.031382e+01,2.039778e+01,2.034881e+01,2.037679e+01,2.055850e+01,2.052358e+01,2.053057e+01,2.034881e+01,2.041875e+01,2.050262e+01,2.050961e+01,2.044672e+01,2.062132e+01,2.053755e+01,2.058643e+01,2.042575e+01,2.034181e+01,2.055152e+01,2.050262e+01,2.043973e+01,2.053057e+01,2.041875e+01,2.050961e+01,2.049564e+01,2.050961e+01,2.058643e+01,2.048865e+01,2.036980e+01,2.043973e+01,2.030682e+01,2.022979e+01,2.029282e+01,2.038379e+01,2.006152e+01,2.021578e+01,2.013868e+01,2.006854e+01,2.011764e+01,2.011764e+01,2.008959e+01,2.013167e+01,2.004749e+01,2.003345e+01,2.001239e+01,2.003345e+01,2.000537e+01,2.006152e+01,1.999835e+01,1.997728e+01,1.999835e+01,2.003345e+01,2.010362e+01,2.000537e+01,2.002643e+01,2.004749e+01,2.010362e+01,2.007556e+01,2.011063e+01,2.011764e+01,2.011764e+01,2.010362e+01,2.022278e+01,2.022278e+01,2.012466e+01,2.034181e+01,2.027181e+01,2.035581e+01,2.036280e+01,2.048166e+01,2.050961e+01,2.048865e+01,2.031382e+01,2.036280e+01,2.045371e+01,2.037679e+01,2.018074e+01,2.022278e+01,2.033481e+01,2.036980e+01,2.029982e+01,2.030682e+01,2.029282e+01,2.028582e+01,2.027881e+01,2.027181e+01,2.019476e+01,2.023680e+01,2.027881e+01,2.025781e+01,2.036280e+01,2.031382e+01,2.025080e+01,2.045371e+01,2.041176e+01,2.036280e+01,2.039078e+01,2.045371e+01,2.051660e+01,2.040477e+01,2.046070e+01,2.053755e+01,2.040477e+01,2.044672e+01,2.040477e+01,2.041875e+01,2.041875e+01,2.060039e+01,2.053755e+01,2.048865e+01,2.053755e+01,2.052358e+01,2.069108e+01,2.050961e+01,2.055152e+01,2.054453e+01,2.053057e+01,2.063528e+01,2.072594e+01,2.061434e+01,2.051660e+01,2.053755e+01,2.055850e+01,2.062830e+01,2.057246e+01,2.050262e+01,2.064225e+01,2.072594e+01,2.064923e+01,2.063528e+01,2.063528e+01,2.062830e+01,2.067016e+01,2.065621e+01,2.064225e+01,2.060736e+01,2.054453e+01,2.082348e+01,2.060039e+01,2.062132e+01,2.078866e+01,2.062830e+01,2.060039e+01,2.055850e+01,2.046769e+01,2.061434e+01,2.056548e+01,2.056548e+01,2.057246e+01,2.055850e+01,2.053057e+01,2.041176e+01,2.053057e+01,2.049564e+01,2.057944e+01,2.051660e+01,2.054453e+01,2.044672e+01,2.031382e+01,2.045371e+01,2.046070e+01,2.040477e+01,2.027881e+01,2.046070e+01,2.039778e+01,2.023680e+01,2.029282e+01,2.036280e+01,2.020177e+01,2.028582e+01,2.032782e+01,2.032782e+01,2.029982e+01,2.033481e+01,2.043274e+01,2.032082e+01,2.025781e+01,2.032082e+01,2.025080e+01,2.028582e+01,2.030682e+01,2.010362e+01,2.027181e+01,2.018775e+01,2.018074e+01,2.011063e+01,2.007556e+01,2.017373e+01,2.025080e+01,2.009660e+01,2.018074e+01,2.000537e+01,2.001239e+01,2.000537e+01,2.013868e+01,1.998431e+01,1.995621e+01,1.998431e+01,1.995621e+01,1.997026e+01,1.997728e+01,1.983673e+01,1.992109e+01,1.985079e+01,1.987892e+01,1.982969e+01,1.986485e+01,1.984376e+01,1.973118e+01,1.985079e+01,1.982969e+01,1.963962e+01,1.987189e+01,1.985079e+01,1.971710e+01,1.962552e+01,1.969597e+01,1.970302e+01,1.962552e+01,1.959028e+01,1.959733e+01,1.959028e+01,1.948447e+01,1.949153e+01,1.954797e+01,1.950564e+01,1.948447e+01,1.947036e+01,1.945624e+01,1.951975e+01,1.959028e+01,1.951270e+01,1.949153e+01,1.953386e+01,1.949859e+01,1.963257e+01,1.956913e+01,1.980156e+01,2.018775e+01,2.020877e+01,2.020177e+01,2.024380e+01,2.017373e+01,2.024380e+01,2.021578e+01,2.026481e+01,2.008959e+01,2.027181e+01,2.022979e+01,2.019476e+01,2.026481e+01,2.023680e+01,2.022979e+01,2.025080e+01,2.020877e+01,2.022979e+01,2.025781e+01,2.025781e+01,2.012466e+01,2.018775e+01,2.026481e+01,2.012466e+01,2.018775e+01,2.022278e+01,2.016672e+01,2.017373e+01,2.015971e+01,2.014569e+01,2.019476e+01,2.013868e+01,2.001941e+01,2.011764e+01,2.027181e+01,2.006152e+01,2.002643e+01,1.993514e+01,1.995621e+01,1.987892e+01,2.016672e+01,1.995621e+01,2.016672e+01,2.015971e+01,2.013167e+01,2.019476e+01,2.022278e+01,2.023680e+01,2.029982e+01,2.031382e+01,2.022979e+01,2.022979e+01,2.020177e+01,2.033481e+01,2.029282e+01,2.029282e+01,2.028582e+01,2.018074e+01,2.029282e+01,2.030682e+01,2.033481e+01,2.020177e+01,2.028582e+01,2.022979e+01,2.025080e+01,2.026481e+01,2.029982e+01,2.029982e+01,2.030682e+01,2.034181e+01,2.041176e+01,2.041875e+01,2.043274e+01,2.046769e+01,2.048166e+01,2.062132e+01,2.053057e+01,2.060039e+01,2.062830e+01,2.054453e+01,2.042575e+01,2.057944e+01,2.050262e+01,2.042575e+01,2.040477e+01,2.041875e+01,2.046070e+01,2.046070e+01,2.037679e+01,2.027181e+01,2.032082e+01,2.024380e+01,2.025080e+01,2.024380e+01,2.023680e+01,2.025781e+01,2.030682e+01,2.034181e+01,2.030682e+01,2.039778e+01,2.039778e+01,2.038379e+01,2.034181e+01,2.036280e+01,2.039078e+01,2.027881e+01,2.039078e+01,2.036980e+01,2.038379e+01,2.039778e+01,2.055152e+01,2.054453e+01,2.036280e+01,2.027181e+01,2.017373e+01,2.015971e+01,2.018074e+01,2.012466e+01,1.991406e+01,1.982969e+01,1.963962e+01,1.977341e+01,1.963257e+01,1.963962e+01,1.960438e+01,1.966780e+01,1.975934e+01,1.994919e+01,2.006152e+01,2.002643e+01,2.018775e+01,2.015270e+01,2.020177e+01,2.015270e+01,2.006854e+01,2.022979e+01,2.022278e+01,2.015270e+01,2.029982e+01,2.015270e+01,2.032782e+01,2.035581e+01,2.040477e+01,2.049564e+01,2.042575e+01,2.035581e+01,2.058643e+01,2.045371e+01,2.053755e+01,2.055850e+01,2.057944e+01,2.053755e+01,2.061434e+01,2.055850e+01,2.053057e+01,2.050961e+01,2.052358e+01,2.058643e+01,2.055850e+01,2.054453e+01,2.057246e+01,2.054453e+01,2.060039e+01,2.060039e+01,2.054453e+01,2.059340e+01,2.058643e+01,2.053057e+01,2.043973e+01,2.048865e+01,2.044672e+01,2.042575e+01,2.044672e+01,2.043274e+01,2.043274e+01,2.031382e+01,2.048166e+01,2.038379e+01,2.020177e+01,2.037679e+01,2.036280e+01,2.011764e+01,2.015270e+01,2.003345e+01,2.001239e+01,1.991406e+01,2.001941e+01,1.997026e+01,1.986485e+01,1.978749e+01,1.992109e+01,1.992811e+01,1.977341e+01,1.977341e+01,1.975934e+01,1.973822e+01,1.966076e+01,1.963257e+01,1.971710e+01,1.962552e+01,1.976638e+01,1.974526e+01,1.989297e+01,1.974526e+01,1.992811e+01,2.012466e+01,1.978749e+01,1.997026e+01,2.002643e+01,2.004047e+01,1.994919e+01,2.002643e+01,2.004749e+01,2.000537e+01,2.004749e+01,2.001941e+01,1.992109e+01,2.003345e+01,1.992109e+01,1.997026e+01,1.995621e+01,1.993514e+01,1.989297e+01,1.982969e+01,1.990703e+01,1.997728e+01,1.996324e+01,2.000537e+01,2.001239e+01,2.003345e+01,2.000537e+01,2.011764e+01,2.011063e+01,1.995621e+01,2.014569e+01,2.018775e+01,2.029282e+01,2.036280e+01,2.034181e+01,2.016672e+01,2.018074e+01,2.015270e+01,2.009660e+01,2.022278e+01,2.029282e+01,2.020177e+01,2.013868e+01,2.045371e+01,2.044672e+01,2.060736e+01,2.068410e+01,2.073291e+01,2.075382e+01,2.079562e+01,2.085830e+01,2.079562e+01,2.091398e+01,2.094876e+01,2.094180e+01,2.092093e+01,2.088614e+01,2.093485e+01,2.099744e+01,2.099048e+01,2.089310e+01,2.086526e+01,2.096962e+01,2.085134e+01,2.087222e+01,2.098353e+01,2.092789e+01,2.092093e+01,2.081652e+01,2.089310e+01,2.085830e+01,2.091398e+01,2.089310e+01,2.090702e+01,2.085830e+01,2.087222e+01,2.102524e+01,2.086526e+01,2.093485e+01,2.105304e+01,2.093485e+01,2.092093e+01,2.094876e+01,2.096267e+01,2.097658e+01,2.094180e+01,2.097658e+01,2.083045e+01,2.093485e+01,2.096267e+01,2.093485e+01,2.094180e+01,2.093485e+01,2.096267e+01,2.117803e+01,2.112944e+01,2.097658e+01,2.096962e+01,2.090006e+01,2.088614e+01,2.098353e+01,2.090702e+01,2.090702e+01,2.103914e+01,2.092093e+01,2.106693e+01,2.096267e+01,2.106693e+01,2.093485e+01,2.103914e+01,2.101829e+01,2.098353e+01,2.112250e+01,2.109472e+01,2.095572e+01,2.091398e+01,2.096267e+01,2.099048e+01,2.092789e+01,2.111555e+01,2.097658e+01,2.091398e+01,2.103219e+01,2.090006e+01,2.101829e+01,2.099048e+01,2.097658e+01,2.096962e+01,2.100439e+01,2.091398e+01,2.092789e+01,2.103219e+01,2.089310e+01,2.103914e+01,2.109472e+01,2.094180e+01,2.105999e+01,2.101134e+01,2.102524e+01,2.099744e+01,2.102524e+01,2.105999e+01,2.105999e+01,2.102524e+01,2.107388e+01,2.103914e+01,2.101829e+01,2.103914e+01,2.095572e+01,2.086526e+01,2.075382e+01,2.085830e+01,2.092789e+01,2.083741e+01,2.078169e+01,2.083741e+01,2.085830e+01,2.081652e+01,2.074685e+01,2.078866e+01,2.083045e+01,2.073291e+01,2.075382e+01,2.074685e+01,2.094180e+01,2.078866e+01,2.113638e+01,2.099744e+01,2.112944e+01,2.112944e+01
2.085830e+01,2.070502e+01,2.069108e+01,2.066318e+01,2.071200e+01,2.069108e+01,2.080259e+01,2.073988e+01,2.076775e+01,2.082348e+01,2.083045e+01,2.073291e+01,2.077472e+01,2.064923e+01,2.068410e+01,2.062132e+01,2.057944e+01,2.057944e+01,2.050961e+01,2.056548e+01,2.056548e+01,2.042575e+01,2.050961e+01,2.034881e+01,2.032082e+01,2.031382e+01,2.024380e+01,2.028582e+01,2.032782e+01,2.031382e+01,2.025080e+01,2.027181e+01,2.034181e+01,2.040477e+01,2.050961e+01,2.039078e+01,2.034181e+01,2.048865e+01,2.048865e+01,2.034881e+01,2.062132e+01,2.060736e+01,2.054453e+01,2.052358e+01,2.036280e+01,2.045371e+01,2.044672e+01,2.050961e+01,2.042575e+01,2.053057e+01,2.050262e+01,2.052358e+01,2.046769e+01,2.043973e+01,2.041875e+01,2.016672e+01,2.020177e+01,2.029282e+01,2.029982e+01,2.032782e+01,2.023680e+01,2.022278e+01,2.018074e+01,2.018074e+01,2.005451e+01,2.008959e+01,2.013167e+01,2.008959e+01,2.011764e+01,2.006854e+01,2.004047e+01,2.006854e+01,2.004749e+01,2.002643e+01,2.004749e+01,2.004047e+01,2.001941e+01,1.999835e+01,2.009660e+01,1.997728e+01,2.003345e+01,1.997026e+01,2.003345e+01,1.998431e+01,2.005451e+01,2.012466e+01,1.997728e+01,2.032782e+01,2.020177e+01,2.015270e+01,2.011764e+01,2.019476e+01,2.025781e+01,2.032082e+01,2.026481e+01,2.033481e+01,2.043274e+01,2.042575e+01,2.034881e+01,2.044672e+01,2.034881e+01,2.034881e+01,2.032782e+01,2.044672e+01,2.027181e+01,2.030682e+01,2.029282e+01,2.039778e+01,2.039778e+01,2.008257e+01,2.036980e+01,2.031382e+01,2.029282e+01,2.022979e+01,2.029282e+01,2.029982e+01,2.027881e+01,2.030682e+01,2.036280e+01,2.018775e+01,2.023680e+01,2.026481e+01,2.039078e+01,2.044672e+01,2.032082e+01,2.039078e+01,2.046769e+01,2.036980e+01,2.043973e+01,2.041875e+01,2.044672e+01,2.041875e+01,2.042575e+01,2.043274e+01,2.065621e+01,2.037679e+01,2.034181e+01,2.057246e+01,2.053057e+01,2.048865e+01,2.071897e+01,2.057246e+01,2.056548e+01,2.061434e+01,2.052358e+01,2.050262e+01,2.060736e+01,2.047468e+01,2.061434e+01,2.059340e+01,2.057944e+01,2.071200e+01,2.069805e+01,2.071200e+01,2.048166e+01,2.043973e+01,2.054453e+01,2.062830e+01,2.064923e+01,2.063528e+01,2.057246e+01,2.070502e+01,2.063528e+01,2.060039e+01,2.059340e+01,2.062132e+01,2.067713e+01,2.057246e+01,2.043973e+01,2.063528e+01,2.048865e+01,2.058643e+01,2.053755e+01,2.037679e+01,2.049564e+01,2.043973e+01,2.047468e+01,2.052358e+01,2.052358e+01,2.052358e+01,2.050961e+01,2.038379e+01,2.052358e+01,2.053755e+01,2.053057e+01,2.037679e+01,2.020877e+01,2.024380e+01,2.022278e+01,2.027181e+01,2.032782e+01,2.028582e+01,2.023680e+01,2.031382e+01,2.027881e+01,2.020177e+01,2.020177e+01,2.018074e+01,2.020177e+01,2.015971e+01,2.032782e+01,2.031382e+01,2.026481e+01,2.028582e+01,2.011764e+01,2.028582e+01,2.018074e+01,2.019476e+01,2.028582e+01,2.023680e+01,2.014569e+01,2.018074e+01,2.013167e+01,2.021578e+01,2.016672e+01,2.025781e+01,2.004047e+01,2.007556e+01,2.004047e+01,2.004047e+01,2.005451e+01,2.005451e+01,1.992811e+01,1.993514e+01,1.989297e+01,1.993514e+01,2.001239e+01,1.994919e+01,1.982969e+01,1.980859e+01,1.982969e+01,1.982969e+01,1.987892e+01,1.985079e+01,1.988594e+01,1.986485e+01,1.971006e+01,1.975230e+01,1.987189e+01,1.981563e+01,1.963962e+01,1.967484e+01,1.953386e+01,1.950564e+01,1.964666e+01,1.969597e+01,1.951270e+01,1.947036e+01,1.950564e+01,1.961143e+01,1.948447e+01,1.953386e+01,1.961847e+01,1.944212e+01,1.944212e+01,1.954092e+01,1.959028e+01,1.949153e+01,1.953386e+01,1.949153e+01,1.954092e+01,1.948447e+01,1.944212e+01,1.961847e+01,1.966076e+01,2.004047e+01,2.016672e+01,2.018775e+01,2.018775e+01,2.020177e+01,2.022979e+01,2.022278e+01,2.021578e+01,2.018074e+01,2.014569e+01,2.025781e+01,2.028582e+01,2.017373e+01,2.022979e+01,2.020877e+01,2.029982e+01,2.025080e+01,2.020877e+01,2.013868e+01,2.015270e+01,2.022278e+01,2.021578e+01,2.021578e+01,2.017373e+01,2.018074e+01,2.011764e+01,2.011063e+01,2.007556e+01,2.008959e+01,2.015971e+01,2.010362e+01,2.012466e+01,2.007556e+01,2.013167e+01,2.005451e+01,2.008257e+01,2.002643e+01,1.999835e+01,2.001239e+01,1.996324e+01,1.995621e+01,1.995621e+01,1.995621e+01,2.018074e+01,2.017373e+01,2.009660e+01,2.013868e+01,2.025080e+01,2.013167e+01,2.020177e+01,2.029282e+01,2.022979e+01,2.032782e+01,2.012466e+01,2.025781e+01,2.028582e+01,2.026481e+01,2.020177e+01,2.021578e+01,2.019476e+01,2.027881e+01,2.027181e+01,2.027181e+01,2.029982e+01,2.025781e+01,2.033481e+01,2.034181e+01,2.031382e+01,2.031382e+01,2.032782e+01,2.039078e+01,2.033481e+01,2.045371e+01,2.041176e+01,2.039778e+01,2.046769e+01,2.061434e+01,2.048865e+01,2.056548e+01,2.057944e+01,2.044672e+01,2.067016e+01,2.063528e+01,2.050961e+01,2.042575e+01,2.041176e+01,2.041875e+01,2.029982e+01,2.041875e+01,2.036280e+01,2.042575e+01,2.042575e+01,2.025781e+01,2.035581e+01,2.025080e+01,2.022979e+01,2.023680e+01,2.022278e+01,2.029282e+01,2.020877e+01,2.022979e+01,2.032782e+01,2.023680e+01,2.029982e+01,2.030682e+01,2.025781e+01,2.032082e+01,2.019476e+01,2.027881e+01,2.034181e+01,2.039778e+01,2.034181e+01,2.038379e+01,2.045371e+01,2.023680e+01,2.039078e+01,2.020877e+01,2.007556e+01,2.006854e+01,1.992811e+01,1.984376e+01,1.980156e+01,1.977341e+01,1.971710e+01,1.961847e+01,1.985079e+01,1.972414e+01,1.990000e+01,2.005451e+01,1.998431e+01,2.016672e+01,2.014569e+01,2.017373e+01,2.021578e+01,2.027181e+01,2.025781e+01,2.024380e+01,2.025781e+01,2.015270e+01,2.030682e+01,2.019476e+01,2.032082e+01,2.028582e+01,2.029282e+01,2.046769e+01,2.029982e+01,2.048166e+01,2.051660e+01,2.048166e+01,2.055152e+01,2.043274e+01,2.051660e+01,2.062830e+01,2.054453e+01,2.070502e+01,2.054453e+01,2.053057e+01,2.055152e+01,2.049564e+01,2.043274e+01,2.052358e+01,2.060736e+01,2.057944e+01,2.060736e+01,2.061434e+01,2.053057e+01,2.047468e+01,2.057944e+01,2.055152e+01,2.048166e+01,2.047468e+01,2.069108e+01,2.046070e+01,2.047468e+01,2.045371e+01,2.041875e+01,2.028582e+01,2.026481e+01,2.035581e+01,2.029982e+01,2.024380e+01,2.038379e+01,2.015270e+01,2.015270e+01,2.000537e+01,2.002643e+01,1.991406e+01,2.000537e+01,1.987189e+01,1.990703e+01,1.985079e+01,1.994216e+01,1.987892e+01,1.979452e+01,1.976638e+01,1.971006e+01,1.975230e+01,1.974526e+01,1.964666e+01,1.963962e+01,1.973822e+01,1.972414e+01,1.964666e+01,1.972414e+01,1.986485e+01,1.994919e+01,1.992109e+01,1.975230e+01,1.997728e+01,1.994216e+01,1.988594e+01,1.995621e+01,2.002643e+01,2.008959e+01,2.005451e+01,2.005451e+01,2.006854e+01,2.006854e+01,2.000537e+01,1.997026e+01,1.996324e+01,1.999835e+01,1.992811e+01,1.989297e+01,1.996324e+01,1.994919e+01,1.982266e+01,2.001239e+01,1.992109e+01,2.001941e+01,1.996324e+01,2.002643e+01,1.994919e+01,1.997728e+01,2.005451e+01,2.007556e+01,2.009660e+01,2.013167e+01,2.022278e+01,2.009660e+01,2.012466e+01,2.014569e+01,2.013868e+01,2.013868e+01,2.014569e+01,2.016672e+01,2.021578e+01,2.043274e+01,2.041176e+01,2.053755e+01,2.045371e+01,2.067713e+01,2.064225e+01,2.069805e+01,2.088614e+01,2.089310e+01,2.084437e+01,2.079562e+01,2.078866e+01,2.090006e+01,2.096267e+01,2.085830e+01,2.088614e+01,2.093485e+01,2.089310e+01,2.097658e+01,2.070502e+01,2.091398e+01,2.084437e+01,2.090006e+01,2.088614e+01,2.085830e+01,2.089310e+01,2.091398e+01,2.084437e+01,2.097658e+01,2.087222e+01,2.089310e+01,2.087918e+01,2.092093e+01,2.088614e+01,2.089310e+01,2.086526e+01,2.094180e+01,2.090702e+01,2.095572e+01,2.101829e+01,2.095572e+01,2.089310e+01,2.100439e+01,2.099048e+01,2.094876e+01,2.084437e+01,2.104609e+01,2.103219e+01,2.095572e+01,2.105304e+01,2.103219e+01,2.106693e+01,2.094180e+01,2.095572e+01,2.098353e+01,2.096962e+01,2.094876e+01,2.087918e+01,2.087222e+01,2.092789e+01,2.098353e+01,2.094876e+01,2.096267e+01,2.111555e+01,2.105999e+01,2.110861e+01,2.100439e+01,2.113638e+01,2.092093e+01,2.096267e+01,2.098353e+01,2.109472e+01,2.112250e+01,2.087918e+01,2.104609e+01,2.081652e+01,2.087918e+01,2.094180e+01,2.094876e+01,2.099744e+01,2.102524e+01,2.091398e+01,2.101829e+01,2.095572e+01,2.097658e+01,2.099744e+01,2.101134e+01,2.097658e+01,2.097658e+01,2.101134e+01,2.090702e+01,2.094876e+01,2.099744e+01,2.096962e+01,2.103914e+01,2.102524e+01,2.105999e+01,2.101829e+01,2.104609e+01,2.105304e+01,2.099048e+01,2.118497e+01,2.101134e+01,2.112944e+01,2.103914e+01,2.100439e+01,2.090006e+01,2.088614e+01,2.084437e+01,2.090006e+01,2.072594e+01,2.088614e+01,2.089310e+01,2.085830e+01,2.090006e+01,2.079562e+01,2.084437e+01,2.075382e+01,2.066318e+01,2.075382e+01,2.071897e+01,2.073988e+01,2.076775e+01,2.098353e+01,2.099744e+01,2.145524e+01,2.113638e+01,2.112250e+01
2.084437e+01,2.078866e+01,2.066318e+01,2.080955e+01,2.071897e+01,2.088614e+01,2.069108e+01,2.077472e+01,2.071897e+01,2.069805e+01,2.080955e+01,2.078169e+01,2.066318e+01,2.083045e+01,2.075382e+01,2.063528e+01,2.070502e+01,2.060736e+01,2.058643e+01,2.055850e+01,2.055850e+01,2.053057e+01,2.038379e+01,2.043973e+01,2.043274e+01,2.032782e+01,2.029282e+01,2.032082e+01,2.022979e+01,2.032082e+01,2.032782e+01,2.031382e+01,2.052358e+01,2.051660e+01,2.050961e+01,2.049564e+01,2.049564e+01,2.045371e+01,2.037679e+01,2.048166e+01,2.047468e+01,2.039078e+01,2.041875e+01,2.050262e+01,2.055152e+01,2.042575e+01,2.046070e+01,2.041875e+01,2.053755e+01,2.051660e+01,2.041176e+01,2.041875e+01,2.052358e+01,2.039078e+01,2.046070e+01,2.037679e+01,2.046070e+01,2.034181e+01,2.036980e+01,2.022278e+01,2.014569e+01,2.017373e+01,2.015971e+01,2.007556e+01,2.025781e+01,2.010362e+01,2.013868e+01,2.011063e+01,2.013167e+01,2.006152e+01,2.001239e+01,2.001941e+01,2.001239e+01,1.999835e+01,2.004047e+01,2.001941e+01,1.998431e+01,2.000537e+01,1.995621e+01,1.998431e+01,2.004047e+01,2.001239e+01,2.002643e+01,2.008257e+01,2.012466e+01,2.010362e+01,2.011063e+01,2.013868e+01,2.015270e+01,2.016672e+01,2.030682e+01,2.020877e+01,2.024380e+01,2.036280e+01,2.032082e+01,2.027881e+01,2.043973e+01,2.031382e+01,2.028582e+01,2.034181e+01,2.035581e+01,2.039078e+01,2.046070e+01,2.039078e+01,2.032782e+01,2.042575e+01,2.027181e+01,2.038379e+01,2.010362e+01,2.025781e+01,2.035581e+01,2.029982e+01,2.020177e+01,2.036280e+01,2.032082e+01,2.029982e+01,2.031382e+01,2.026481e+01,2.022979e+01,2.034181e+01,2.037679e+01,2.023680e+01,2.034181e+01,2.034181e+01,2.041176e+01,2.039078e+01,2.043274e+01,2.047468e+01,2.043973e+01,2.046769e+01,2.042575e+01,2.043274e+01,2.046070e+01,2.043973e+01,2.046070e+01,2.057944e+01,2.050262e+01,2.045371e+01,2.064225e+01,2.066318e+01,2.064225e+01,2.054453e+01,2.055850e+01,2.053755e+01,2.059340e+01,2.064225e+01,2.055850e+01,2.057944e+01,2.048166e+01,2.071897e+01,2.057944e+01,2.057246e+01,2.049564e+01,2.057246e+01,2.066318e+01,2.058643e+01,2.068410e+01,2.067713e+01,2.059340e+01,2.062132e+01,2.059340e+01,2.059340e+01,2.060039e+01,2.069805e+01,2.063528e+01,2.070502e+01,2.062132e+01,2.057944e+01,2.062830e+01,2.048865e+01,2.060039e+01,2.047468e+01,2.040477e+01,2.052358e+01,2.060736e+01,2.069108e+01,2.047468e+01,2.056548e+01,2.043274e+01,2.050961e+01,2.043973e+01,2.046070e+01,2.039778e+01,2.038379e+01,2.033481e+01,2.039778e+01,2.008257e+01,2.019476e+01,2.018074e+01,2.020877e+01,2.015971e+01,2.026481e+01,2.011764e+01,2.022278e+01,2.012466e+01,2.023680e+01,2.018775e+01,2.015270e+01,2.014569e+01,2.008959e+01,2.014569e+01,2.010362e+01,2.022979e+01,2.027881e+01,2.013167e+01,2.024380e+01,2.001941e+01,2.018074e+01,2.015971e+01,1.995621e+01,2.018074e+01,2.014569e+01,2.019476e+01,2.018775e+01,2.013167e+01,2.020877e+01,2.013167e+01,2.000537e+01,1.997026e+01,2.004749e+01,1.994216e+01,2.002643e+01,2.001941e+01,2.002643e+01,2.001941e+01,1.998431e+01,1.987189e+01,1.987189e+01,1.987892e+01,1.973822e+01,1.982266e+01,1.986485e+01,1.976638e+01,1.982969e+01,1.987892e+01,1.983673e+01,1.966780e+01,1.962552e+01,1.978045e+01,1.965371e+01,1.963257e+01,1.957618e+01,1.960438e+01,1.966780e+01,1.954797e+01,1.958323e+01,1.963962e+01,1.944212e+01,1.942800e+01,1.942800e+01,1.956913e+01,1.964666e+01,1.945624e+01,1.944212e+01,1.948447e+01,1.948447e+01,1.946330e+01,1.949859e+01,1.955502e+01,1.952681e+01,1.948447e+01,1.947742e+01,1.952681e+01,1.954797e+01,1.968893e+01,2.000537e+01,2.017373e+01,2.016672e+01,2.013167e+01,2.019476e+01,2.025080e+01,2.013868e+01,2.026481e+01,2.029282e+01,2.019476e+01,2.025781e+01,2.026481e+01,2.029282e+01,2.019476e+01,2.012466e+01,2.022979e+01,2.026481e+01,2.022278e+01,2.011063e+01,2.008257e+01,2.008257e+01,2.006854e+01,2.019476e+01,2.009660e+01,2.007556e+01,2.019476e+01,2.019476e+01,2.007556e+01,2.017373e+01,2.012466e+01,2.006854e+01,2.006854e+01,2.010362e+01,2.010362e+01,2.011764e+01,2.001239e+01,2.001941e+01,2.000537e+01,2.004047e+01,2.004749e+01,2.002643e+01,2.011063e+01,2.001239e+01,2.015971e+01,2.004047e+01,2.011764e+01,2.010362e+01,2.022979e+01,2.025781e+01,2.013868e+01,2.022979e+01,2.021578e+01,2.020877e+01,2.015971e+01,2.025781e+01,2.032082e+01,2.022278e+01,2.003345e+01,2.024380e+01,2.028582e+01,2.027881e+01,2.029282e+01,2.031382e+01,2.020877e+01,1.996324e+01,2.015270e+01,2.029982e+01,2.027181e+01,2.032082e+01,2.035581e+01,2.039078e+01,2.035581e+01,2.041875e+01,2.040477e+01,2.043973e+01,2.048166e+01,2.048865e+01,2.048166e+01,2.048865e+01,2.058643e+01,2.041176e+01,2.044672e+01,2.043274e+01,2.046769e+01,2.041875e+01,2.044672e+01,2.043274e+01,2.035581e+01,2.043274e+01,2.039778e+01,2.037679e+01,2.036980e+01,2.027181e+01,2.026481e+01,2.034181e+01,2.041176e+01,2.027881e+01,2.023680e+01,2.023680e+01,2.030682e+01,2.030682e+01,2.032782e+01,2.030682e+01,2.029982e+01,2.032082e+01,2.022278e+01,2.029282e+01,2.028582e+01,2.019476e+01,2.022979e+01,2.018775e+01,2.034881e+01,2.024380e+01,2.029282e+01,2.018775e+01,2.015971e+01,2.008257e+01,1.989297e+01,2.012466e+01,1.988594e+01,1.990703e+01,1.967484e+01,1.969597e+01,1.976638e+01,1.980859e+01,1.987189e+01,1.982969e+01,1.992811e+01,1.996324e+01,2.018775e+01,2.014569e+01,2.017373e+01,2.021578e+01,2.029282e+01,2.026481e+01,2.025781e+01,2.027881e+01,2.028582e+01,2.023680e+01,2.039078e+01,2.027181e+01,2.043274e+01,2.028582e+01,2.034881e+01,2.044672e+01,2.039078e+01,2.040477e+01,2.043973e+01,2.050262e+01,2.062830e+01,2.053755e+01,2.056548e+01,2.051660e+01,2.051660e+01,2.058643e+01,2.050961e+01,2.049564e+01,2.051660e+01,2.055850e+01,2.043274e+01,2.048865e+01,2.052358e+01,2.052358e+01,2.060736e+01,2.047468e+01,2.044672e+01,2.045371e+01,2.046769e+01,2.051660e+01,2.051660e+01,2.054453e+01,2.045371e+01,2.046070e+01,2.051660e+01,2.039778e+01,2.049564e+01,2.041176e+01,2.039078e+01,2.032082e+01,2.027181e+01,2.015971e+01,2.024380e+01,2.020177e+01,2.014569e+01,2.013868e+01,1.999133e+01,1.997728e+01,1.991406e+01,2.001239e+01,1.987892e+01,1.980859e+01,1.980859e+01,1.975934e+01,1.979452e+01,1.979452e+01,1.975230e+01,1.973118e+01,1.974526e+01,1.968189e+01,1.971710e+01,1.971710e+01,1.966780e+01,1.980859e+01,1.989297e+01,1.984376e+01,1.995621e+01,1.994919e+01,1.981563e+01,2.003345e+01,2.001941e+01,2.003345e+01,1.997026e+01,2.001239e+01,1.997026e+01,2.000537e+01,2.005451e+01,2.001941e+01,2.006152e+01,1.987892e+01,2.005451e+01,1.988594e+01,1.980859e+01,1.992109e+01,1.990000e+01,1.992811e+01,1.985782e+01,2.001941e+01,2.000537e+01,1.998431e+01,2.004749e+01,2.004047e+01,2.006152e+01,1.999133e+01,2.009660e+01,2.004047e+01,2.001239e+01,2.011063e+01,2.013868e+01,2.013167e+01,2.013868e+01,2.018775e+01,2.011764e+01,2.014569e+01,2.006152e+01,2.011063e+01,2.017373e+01,2.038379e+01,2.032082e+01,2.052358e+01,2.063528e+01,2.071897e+01,2.078169e+01,2.076775e+01,2.080259e+01,2.083045e+01,2.091398e+01,2.080955e+01,2.083741e+01,2.090702e+01,2.091398e+01,2.094876e+01,2.094180e+01,2.085830e+01,2.071200e+01,2.085830e+01,2.085830e+01,2.086526e+01,2.086526e+01,2.083741e+01,2.090006e+01,2.078169e+01,2.090702e+01,2.085830e+01,2.086526e+01,2.087222e+01,2.092789e+01,2.098353e+01,2.089310e+01,2.092789e+01,2.104609e+01,2.099744e+01,2.098353e+01,2.092789e+01,2.086526e+01,2.094180e+01,2.084437e+01,2.096267e+01,2.096962e+01,2.090006e+01,2.096267e+01,2.094876e+01,2.081652e+01,2.085134e+01,2.079562e+01,2.086526e+01,2.086526e+01,2.101829e+01,2.099048e+01,2.087918e+01,2.092093e+01,2.092789e+01,2.100439e+01,2.096962e+01,2.090702e+01,2.096267e+01,2.091398e+01,2.091398e+01,2.094876e+01,2.098353e+01,2.099048e+01,2.105304e+01,2.096267e+01,2.094180e+01,2.094180e+01,2.093485e+01,2.092789e+01,2.098353e+01,2.091398e+01,2.094180e+01,2.092789e+01,2.086526e+01,2.088614e+01,2.100439e+01,2.091398e+01,2.098353e+01,2.095572e+01,2.093485e+01,2.101829e+01,2.092789e+01,2.103219e+01,2.094876e+01,2.091398e+01,2.095572e+01,2.088614e+01,2.105999e+01,2.108777e+01,2.099048e+01,2.082348e+01,2.102524e+01,2.092093e+01,2.097658e+01,2.106693e+01,2.103219e+01,2.087918e+01,2.098353e+01,2.115721e+01,2.101829e+01,2.097658e+01,2.094180e+01,2.110861e+01,2.103219e+01,2.096267e+01,2.106693e+01,2.092093e+01,2.087918e+01,2.088614e+01,2.088614e+01,2.083045e+01,2.073988e+01,2.063528e+01,2.060736e+01,2.054453e+01,2.067016e+01,2.076775e+01,2.076079e+01,2.065621e+01,2.083741e+01,2.069805e+01,2.048865e+01,2.078169e+01,2.087222e+01,2.092093e+01,2.113638e+01,2.129594e+01,2.130287e+01
2.069805e+01,2.067016e+01,2.071200e+01,2.074685e+01,2.064225e+01,2.071897e+01,2.068410e+01,2.065621e+01,2.092093e+01,2.078169e+01,2.078169e+01,2.067713e+01,2.068410e+01,2.073988e+01,2.087918e+01,2.066318e+01,2.065621e+01,2.061434e+01,2.056548e+01,2.058643e+01,2.058643e+01,2.053755e+01,2.057246e+01,2.040477e+01,2.035581e+01,2.034181e+01,2.053755e+01,2.020177e+01,2.032082e+01,2.039078e+01,2.059340e+01,2.055850e+01,2.046769e+01,2.029282e+01,2.053755e+01,2.034881e+01,2.042575e+01,2.049564e+01,2.042575e+01,2.038379e+01,2.053755e+01,2.039778e+01,2.057246e+01,2.040477e+01,2.058643e+01,2.043973e+01,2.041875e+01,2.042575e+01,2.048166e+01,2.046070e+01,2.052358e+01,2.053057e+01,2.060039e+01,2.046070e+01,2.053057e+01,2.045371e+01,2.035581e+01,2.018775e+01,2.042575e+01,2.041176e+01,2.039078e+01,2.011063e+01,2.003345e+01,2.025781e+01,2.017373e+01,2.009660e+01,2.008959e+01,2.007556e+01,2.013868e+01,2.013167e+01,2.002643e+01,2.006152e+01,2.006152e+01,2.002643e+01,2.008959e+01,1.997026e+01,1.999133e+01,1.996324e+01,2.005451e+01,2.006854e+01,2.007556e+01,1.998431e+01,2.001239e+01,2.003345e+01,2.009660e+01,2.008257e+01,2.015270e+01,2.022278e+01,2.031382e+01,2.030682e+01,2.029982e+01,2.035581e+01,2.025080e+01,2.022979e+01,2.026481e+01,2.028582e+01,2.046769e+01,2.045371e+01,2.041875e+01,2.038379e+01,2.043973e+01,2.039078e+01,2.037679e+01,2.033481e+01,2.043274e+01,2.041875e+01,2.033481e+01,2.024380e+01,2.036280e+01,2.036280e+01,2.039078e+01,2.040477e+01,2.041176e+01,2.036280e+01,2.029982e+01,2.027881e+01,2.025080e+01,2.027881e+01,2.023680e+01,2.035581e+01,2.027881e+01,2.032082e+01,2.047468e+01,2.047468e+01,2.055152e+01,2.043973e+01,2.057246e+01,2.049564e+01,2.043274e+01,2.041875e+01,2.050961e+01,2.043274e+01,2.043973e+01,2.050961e+01,2.046769e+01,2.050262e+01,2.050262e+01,2.054453e+01,2.050961e+01,2.045371e+01,2.062132e+01,2.067016e+01,2.069805e+01,2.053755e+01,2.055850e+01,2.061434e+01,2.053755e+01,2.060039e+01,2.048166e+01,2.059340e+01,2.057944e+01,2.058643e+01,2.069108e+01,2.062132e+01,2.054453e+01,2.066318e+01,2.060736e+01,2.058643e+01,2.067713e+01,2.060039e+01,2.060039e+01,2.069108e+01,2.058643e+01,2.064923e+01,2.065621e+01,2.062132e+01,2.062830e+01,2.059340e+01,2.057246e+01,2.057246e+01,2.044672e+01,2.060736e+01,2.044672e+01,2.050961e+01,2.057246e+01,2.044672e+01,2.045371e+01,2.050961e+01,2.050262e+01,2.044672e+01,2.046070e+01,2.045371e+01,2.046769e+01,2.041176e+01,2.045371e+01,2.019476e+01,2.015270e+01,2.011063e+01,2.009660e+01,2.012466e+01,2.022278e+01,2.014569e+01,1.994216e+01,1.994919e+01,2.008959e+01,1.994216e+01,2.007556e+01,2.011063e+01,2.008257e+01,2.005451e+01,2.006854e+01,2.030682e+01,2.011764e+01,2.011063e+01,2.009660e+01,2.013167e+01,2.008959e+01,2.017373e+01,2.011764e+01,2.004749e+01,2.013868e+01,2.012466e+01,2.007556e+01,2.033481e+01,2.013868e+01,2.009660e+01,1.999133e+01,2.012466e+01,2.006152e+01,2.008257e+01,1.992811e+01,1.992109e+01,1.988594e+01,1.988594e+01,1.980156e+01,1.994216e+01,1.991406e+01,1.985079e+01,1.985079e+01,1.987892e+01,1.992109e+01,1.986485e+01,1.985782e+01,1.990000e+01,1.983673e+01,1.980859e+01,1.980156e+01,1.982266e+01,1.971710e+01,1.959733e+01,1.972414e+01,1.961847e+01,1.962552e+01,1.961847e+01,1.964666e+01,1.939975e+01,1.951270e+01,1.945624e+01,1.959733e+01,1.961143e+01,1.944212e+01,1.943506e+01,1.959733e+01,1.945624e+01,1.954092e+01,1.944212e+01,1.949859e+01,1.952681e+01,1.956207e+01,1.947742e+01,1.947036e+01,1.954092e+01,1.954092e+01,1.961143e+01,1.968189e+01,2.008257e+01,2.020877e+01,2.018775e+01,2.023680e+01,2.022979e+01,2.017373e+01,2.024380e+01,2.024380e+01,2.025781e+01,2.022278e+01,2.015971e+01,2.017373e+01,2.021578e+01,2.004047e+01,2.024380e+01,2.020177e+01,2.011063e+01,2.009660e+01,2.022278e+01,2.025781e+01,2.011063e+01,2.006854e+01,2.008257e+01,2.006854e+01,2.014569e+01,2.011764e+01,2.020877e+01,1.999835e+01,2.018775e+01,2.015270e+01,2.004047e+01,2.006152e+01,2.013167e+01,2.012466e+01,2.008959e+01,2.004749e+01,1.998431e+01,2.002643e+01,2.005451e+01,2.000537e+01,1.997728e+01,2.009660e+01,2.010362e+01,2.011063e+01,2.010362e+01,2.001239e+01,2.018074e+01,2.019476e+01,2.019476e+01,2.027181e+01,2.023680e+01,2.014569e+01,2.029282e+01,2.023680e+01,2.026481e+01,2.018775e+01,2.027181e+01,2.016672e+01,2.021578e+01,2.021578e+01,2.027881e+01,2.015270e+01,2.032082e+01,2.029282e+01,2.029982e+01,2.032782e+01,2.024380e+01,2.028582e+01,2.031382e+01,2.023680e+01,2.033481e+01,2.037679e+01,2.040477e+01,2.039078e+01,2.039078e+01,2.039778e+01,2.048865e+01,2.055152e+01,2.053755e+01,2.058643e+01,2.053057e+01,2.055152e+01,2.048166e+01,2.050961e+01,2.041176e+01,2.044672e+01,2.039078e+01,2.039078e+01,2.041176e+01,2.037679e+01,2.037679e+01,2.032782e+01,2.036280e+01,2.026481e+01,2.026481e+01,2.022278e+01,2.027181e+01,2.026481e+01,2.032082e+01,2.019476e+01,2.033481e+01,2.036280e+01,2.022278e+01,2.022979e+01,2.030682e+01,2.025080e+01,2.019476e+01,2.018775e+01,2.015270e+01,2.027881e+01,2.027181e+01,2.013167e+01,2.031382e+01,2.026481e+01,2.021578e+01,2.016672e+01,2.000537e+01,1.997026e+01,1.990000e+01,1.994919e+01,1.987892e+01,1.980156e+01,1.966076e+01,1.961143e+01,1.977341e+01,1.994216e+01,1.984376e+01,1.997026e+01,2.019476e+01,2.018775e+01,2.019476e+01,2.018775e+01,2.020177e+01,2.018775e+01,2.023680e+01,2.029982e+01,2.032082e+01,2.027881e+01,2.028582e+01,2.029282e+01,2.034181e+01,2.033481e+01,2.045371e+01,2.041176e+01,2.042575e+01,2.044672e+01,2.046769e+01,2.042575e+01,2.040477e+01,2.051660e+01,2.041176e+01,2.064225e+01,2.055850e+01,2.050262e+01,2.050961e+01,2.055152e+01,2.054453e+01,2.052358e+01,2.050961e+01,2.053755e+01,2.043973e+01,2.052358e+01,2.056548e+01,2.050961e+01,2.056548e+01,2.048166e+01,2.043973e+01,2.051660e+01,2.058643e+01,2.046070e+01,2.055850e+01,2.040477e+01,2.043274e+01,2.043274e+01,2.045371e+01,2.030682e+01,2.026481e+01,2.023680e+01,2.022278e+01,2.025080e+01,2.028582e+01,2.037679e+01,2.022278e+01,2.015270e+01,2.011764e+01,2.018074e+01,1.997026e+01,1.992811e+01,1.986485e+01,1.985782e+01,1.986485e+01,1.987892e+01,1.971006e+01,1.980859e+01,1.976638e+01,1.976638e+01,1.988594e+01,1.979452e+01,1.968893e+01,1.961847e+01,1.969597e+01,1.981563e+01,1.971006e+01,1.982266e+01,1.994919e+01,1.988594e+01,1.995621e+01,1.987892e+01,2.002643e+01,2.004749e+01,2.006152e+01,1.992811e+01,1.999835e+01,1.996324e+01,1.996324e+01,1.994216e+01,2.003345e+01,2.008257e+01,1.997728e+01,2.002643e+01,2.007556e+01,1.985079e+01,1.992811e+01,1.997728e+01,1.978749e+01,1.994919e+01,1.991406e+01,1.989297e+01,1.994216e+01,1.999835e+01,2.001941e+01,2.001239e+01,1.997728e+01,1.997728e+01,2.000537e+01,2.004749e+01,2.013167e+01,2.005451e+01,2.008257e+01,2.014569e+01,2.028582e+01,2.009660e+01,2.008959e+01,2.014569e+01,2.010362e+01,2.028582e+01,2.036280e+01,2.046769e+01,2.046070e+01,2.054453e+01,2.050961e+01,2.077472e+01,2.062830e+01,2.094180e+01,2.080259e+01,2.087918e+01,2.087222e+01,2.090006e+01,2.090702e+01,2.085830e+01,2.082348e+01,2.088614e+01,2.089310e+01,2.085134e+01,2.088614e+01,2.092789e+01,2.096267e+01,2.087918e+01,2.094876e+01,2.092093e+01,2.091398e+01,2.090702e+01,2.086526e+01,2.083741e+01,2.086526e+01,2.090006e+01,2.084437e+01,2.086526e+01,2.091398e+01,2.088614e+01,2.089310e+01,2.086526e+01,2.089310e+01,2.094180e+01,2.083741e+01,2.092789e+01,2.102524e+01,2.099048e+01,2.091398e+01,2.091398e+01,2.099048e+01,2.099744e+01,2.092093e+01,2.083741e+01,2.103914e+01,2.085830e+01,2.092789e+01,2.092093e+01,2.090702e+01,2.090702e+01,2.088614e+01,2.090006e+01,2.096962e+01,2.094876e+01,2.090006e+01,2.094180e+01,2.088614e+01,2.096267e+01,2.101829e+01,2.095572e+01,2.100439e+01,2.093485e+01,2.099048e+01,2.096267e+01,2.093485e+01,2.094876e+01,2.094876e+01,2.101134e+01,2.092093e+01,2.092093e+01,2.089310e+01,2.094180e+01,2.087918e+01,2.085830e+01,2.103219e+01,2.102524e+01,2.094876e+01,2.103914e+01,2.096962e+01,2.103219e+01,2.104609e+01,2.096962e+01,2.092789e+01,2.098353e+01,2.088614e+01,2.110861e+01,2.104609e+01,2.083045e+01,2.112944e+01,2.105304e+01,2.089310e+01,2.111555e+01,2.099744e+01,2.110861e+01,2.103914e+01,2.105304e+01,2.103219e+01,2.100439e+01,2.113638e+01,2.094876e+01,2.108083e+01,2.098353e+01,2.093485e+01,2.080955e+01,2.088614e+01,2.085830e+01,2.085830e+01,2.072594e+01,2.076079e+01,2.071200e+01,2.083741e+01,2.072594e+01,2.079562e+01,2.104609e+01,2.073988e+01,2.064923e+01,2.064225e+01,2.066318e+01,2.074685e+01,2.072594e+01,2.090006e+01,2.116415e+01,2.125434e+01,2.130980e+01,2.138601e+01
2.085134e+01,2.083741e+01,2.085134e+01,2.068410e+01,2.075382e+01,2.079562e+01,2.073291e+01,2.073291e+01,2.071897e+01,2.076079e+01,2.086526e+01,2.071897e+01,2.072594e+01,2.076079e+01,2.069805e+01,2.087222e+01,2.064923e+01,2.065621e+01,2.075382e+01,2.062132e+01,2.059340e+01,2.060039e+01,2.051660e+01,2.051660e+01,2.053057e+01,2.055152e+01,2.056548e+01,2.046769e+01,2.044672e+01,2.042575e+01,2.036980e+01,2.029982e+01,2.032082e+01,2.062132e+01,2.058643e+01,2.056548e+01,2.043274e+01,2.051660e+01,2.039778e+01,2.051660e+01,2.047468e+01,2.058643e+01,2.046070e+01,2.059340e+01,2.048865e+01,2.056548e+01,2.057246e+01,2.050961e+01,2.051660e+01,2.051660e+01,2.057944e+01,2.051660e+01,2.054453e+01,2.042575e+01,2.043973e+01,2.045371e+01,2.036980e+01,2.022979e+01,2.039778e+01,2.020877e+01,2.019476e+01,2.024380e+01,2.009660e+01,2.018775e+01,2.008959e+01,2.010362e+01,2.008959e+01,2.008959e+01,2.019476e+01,2.007556e+01,2.008959e+01,2.016672e+01,2.021578e+01,1.999133e+01,2.015270e+01,2.002643e+01,1.998431e+01,2.021578e+01,2.001941e+01,2.013868e+01,2.002643e+01,2.016672e+01,2.005451e+01,2.002643e+01,2.009660e+01,2.018775e+01,2.017373e+01,2.020877e+01,2.026481e+01,2.034181e+01,2.022979e+01,2.032082e+01,2.037679e+01,2.036980e+01,2.042575e+01,2.040477e+01,2.020177e+01,2.031382e+01,2.041176e+01,2.049564e+01,2.036280e+01,2.039778e+01,2.046769e+01,2.033481e+01,2.031382e+01,2.043274e+01,2.038379e+01,2.041875e+01,2.039778e+01,2.048166e+01,2.032782e+01,2.043274e+01,2.036280e+01,2.025080e+01,2.028582e+01,2.029282e+01,2.033481e+01,2.034181e+01,2.038379e+01,2.029982e+01,2.039078e+01,2.044672e+01,2.045371e+01,2.043973e+01,2.041875e+01,2.050262e+01,2.043274e+01,2.054453e+01,2.042575e+01,2.044672e+01,2.050262e+01,2.055152e+01,2.048166e+01,2.048865e+01,2.061434e+01,2.051660e+01,2.068410e+01,2.050961e+01,2.053057e+01,2.056548e+01,2.061434e+01,2.064225e+01,2.062132e+01,2.073291e+01,2.060736e+01,2.066318e+01,2.059340e+01,2.058643e+01,2.058643e+01,2.048865e+01,2.057246e+01,2.058643e+01,2.057944e+01,2.062132e+01,2.082348e+01,2.070502e+01,2.063528e+01,2.060039e+01,2.067016e+01,2.058643e+01,2.062132e+01,2.067713e+01,2.058643e+01,2.065621e+01,2.073988e+01,2.062830e+01,2.064923e+01,2.061434e+01,2.062132e+01,2.050262e+01,2.041875e+01,2.057944e+01,2.043274e+01,2.053755e+01,2.052358e+01,2.051660e+01,2.051660e+01,2.050961e+01,2.044672e+01,2.048865e+01,2.048166e+01,2.032782e+01,2.032082e+01,2.043274e+01,2.035581e+01,2.028582e+01,2.016672e+01,2.009660e+01,2.010362e+01,2.006152e+01,2.022278e+01,2.001239e+01,1.997026e+01,1.996324e+01,2.010362e+01,2.008959e+01,2.011063e+01,2.006854e+01,2.013167e+01,2.026481e+01,2.011063e+01,2.020177e+01,2.014569e+01,2.013167e+01,2.013868e+01,2.015270e+01,2.008257e+01,2.022278e+01,2.018775e+01,2.007556e+01,2.011764e+01,2.008959e+01,2.014569e+01,2.013868e+01,2.016672e+01,2.013868e+01,1.999133e+01,2.002643e+01,2.001239e+01,2.005451e+01,2.003345e+01,1.993514e+01,2.004047e+01,1.993514e+01,1.992811e+01,1.985782e+01,1.982266e+01,1.997728e+01,1.985079e+01,1.982969e+01,1.987189e+01,1.985079e+01,1.985079e+01,1.986485e+01,1.975230e+01,1.985782e+01,1.981563e+01,1.982969e+01,1.970302e+01,1.973822e+01,1.972414e+01,1.951270e+01,1.961143e+01,1.961143e+01,1.968189e+01,1.970302e+01,1.954092e+01,1.943506e+01,1.944918e+01,1.963962e+01,1.968189e+01,1.961847e+01,1.963257e+01,1.942800e+01,1.942093e+01,1.951975e+01,1.951975e+01,1.948447e+01,1.954092e+01,1.951270e+01,1.953386e+01,1.980859e+01,1.961143e+01,1.955502e+01,1.985079e+01,2.014569e+01,2.020877e+01,2.018775e+01,2.028582e+01,2.030682e+01,2.023680e+01,2.029282e+01,2.013868e+01,2.018074e+01,2.025080e+01,2.029282e+01,2.027181e+01,2.025781e+01,2.027881e+01,2.025080e+01,2.011764e+01,2.019476e+01,2.023680e+01,2.023680e+01,2.007556e+01,2.013868e+01,2.008959e+01,2.019476e+01,2.020177e+01,2.014569e+01,2.008959e+01,2.022278e+01,2.022979e+01,2.024380e+01,2.016672e+01,2.018074e+01,2.013868e+01,2.004047e+01,2.004047e+01,2.005451e+01,2.004749e+01,1.996324e+01,2.001239e+01,2.004749e+01,2.006854e+01,2.003345e+01,2.007556e+01,2.011764e+01,2.013868e+01,2.009660e+01,2.020877e+01,2.015971e+01,2.021578e+01,2.023680e+01,2.027881e+01,2.013868e+01,2.019476e+01,2.018775e+01,2.021578e+01,2.012466e+01,2.025080e+01,2.022979e+01,2.022979e+01,2.020177e+01,2.023680e+01,2.027181e+01,2.018074e+01,2.027181e+01,2.032782e+01,2.022979e+01,2.027881e+01,2.030682e+01,2.027881e+01,2.027181e+01,2.027881e+01,2.036280e+01,2.039078e+01,2.041176e+01,2.041176e+01,2.043274e+01,2.043274e+01,2.046070e+01,2.040477e+01,2.046769e+01,2.050961e+01,2.044672e+01,2.047468e+01,2.043274e+01,2.043973e+01,2.041875e+01,2.041176e+01,2.042575e+01,2.037679e+01,2.038379e+01,2.039078e+01,2.036980e+01,2.040477e+01,2.033481e+01,2.036980e+01,2.041875e+01,2.034181e+01,2.027881e+01,2.050961e+01,2.029282e+01,2.046070e+01,2.030682e+01,2.029982e+01,2.025080e+01,2.020177e+01,2.029282e+01,2.027881e+01,2.029282e+01,2.020877e+01,2.011063e+01,2.015971e+01,2.015971e+01,2.011764e+01,2.014569e+01,2.021578e+01,2.008959e+01,2.004047e+01,1.995621e+01,1.989297e+01,1.993514e+01,1.988594e+01,1.994919e+01,1.987892e+01,1.980859e+01,1.995621e+01,2.006152e+01,1.995621e+01,2.000537e+01,1.998431e+01,2.015270e+01,2.022979e+01,2.023680e+01,2.032082e+01,2.029982e+01,2.028582e+01,2.032082e+01,2.034181e+01,2.037679e+01,2.043973e+01,2.030682e+01,2.033481e+01,2.047468e+01,2.035581e+01,2.048166e+01,2.034881e+01,2.045371e+01,2.048166e+01,2.048865e+01,2.043274e+01,2.055152e+01,2.039778e+01,2.053755e+01,2.051660e+01,2.051660e+01,2.045371e+01,2.038379e+01,2.057246e+01,2.055850e+01,2.050262e+01,2.051660e+01,2.051660e+01,2.050961e+01,2.051660e+01,2.057944e+01,2.050262e+01,2.046769e+01,2.058643e+01,2.055850e+01,2.043274e+01,2.054453e+01,2.057246e+01,2.062132e+01,2.047468e+01,2.051660e+01,2.046070e+01,2.036980e+01,2.034881e+01,2.043973e+01,2.040477e+01,2.035581e+01,2.041176e+01,2.024380e+01,2.020177e+01,2.006854e+01,2.005451e+01,1.999133e+01,1.996324e+01,1.980859e+01,2.002643e+01,1.990000e+01,1.983673e+01,1.992109e+01,1.982266e+01,1.980156e+01,1.994919e+01,1.982266e+01,1.978749e+01,1.988594e+01,1.976638e+01,1.966076e+01,1.987892e+01,1.985782e+01,1.975934e+01,1.988594e+01,1.987189e+01,1.987189e+01,1.996324e+01,1.997728e+01,1.990703e+01,1.999133e+01,1.999133e+01,1.997026e+01,1.997728e+01,1.998431e+01,2.003345e+01,2.008959e+01,2.007556e+01,2.005451e+01,2.003345e+01,2.004749e+01,2.011764e+01,1.996324e+01,1.989297e+01,2.010362e+01,2.007556e+01,1.999835e+01,1.992109e+01,1.985079e+01,1.997728e+01,1.997026e+01,2.006152e+01,2.001941e+01,2.001239e+01,1.999133e+01,2.004749e+01,2.011063e+01,2.004047e+01,2.001941e+01,2.020877e+01,2.011764e+01,2.006152e+01,2.023680e+01,2.020877e+01,2.016672e+01,2.013868e+01,2.009660e+01,2.022278e+01,2.034881e+01,2.036980e+01,2.055152e+01,2.053755e+01,2.078866e+01,2.076775e+01,2.077472e+01,2.086526e+01,2.078866e+01,2.085830e+01,2.085134e+01,2.076079e+01,2.091398e+01,2.085830e+01,2.094180e+01,2.083045e+01,2.084437e+01,2.091398e+01,2.087222e+01,2.092789e+01,2.087918e+01,2.092093e+01,2.089310e+01,2.090006e+01,2.089310e+01,2.085134e+01,2.082348e+01,2.092093e+01,2.094180e+01,2.097658e+01,2.090702e+01,2.089310e+01,2.094180e+01,2.088614e+01,2.090006e+01,2.085134e+01,2.097658e+01,2.110861e+01,2.096962e+01,2.102524e+01,2.088614e+01,2.096962e+01,2.091398e+01,2.100439e+01,2.097658e+01,2.091398e+01,2.092789e+01,2.096267e+01,2.108777e+01,2.104609e+01,2.102524e+01,2.106693e+01,2.091398e+01,2.100439e+01,2.094180e+01,2.095572e+01,2.095572e+01,2.094180e+01,2.094180e+01,2.094876e+01,2.093485e+01,2.112250e+01,2.103219e+01,2.097658e+01,2.094180e+01,2.096267e+01,2.092093e+01,2.083741e+01,2.094876e+01,2.095572e+01,2.093485e+01,2.094876e+01,2.092093e+01,2.092093e+01,2.092093e+01,2.096267e+01,2.103219e+01,2.105304e+01,2.084437e+01,2.093485e+01,2.101134e+01,2.100439e+01,2.094876e+01,2.108777e+01,2.101134e+01,2.099744e+01,2.094876e+01,2.094876e+01,2.098353e+01,2.109472e+01,2.107388e+01,2.087222e+01,2.101829e+01,2.101829e+01,2.099048e+01,2.104609e+01,2.103219e+01,2.107388e+01,2.094876e+01,2.104609e+01,2.119885e+01,2.102524e+01,2.108083e+01,2.099048e+01,2.110166e+01,2.092789e+01,2.099048e+01,2.092093e+01,2.087222e+01,2.089310e+01,2.085134e+01,2.078169e+01,2.076775e+01,2.085134e+01,2.090006e+01,2.080259e+01,2.072594e+01,2.076079e+01,2.074685e+01,2.071200e+01,2.080259e+01,2.067016e+01,2.078169e+01,2.084437e+01,2.099744e+01,2.117803e+01,2.121966e+01,2.139293e+01,2.152443e+01
2.069108e+01,2.078866e+01,2.087918e+01,2.069805e+01,2.072594e+01,2.088614e+01,2.069805e+01,2.071897e+01,2.068410e+01,2.074685e+01,2.073291e+01,2.070502e+01,2.074685e+01,2.072594e+01,2.074685e+01,2.076775e+01,2.076775e+01,2.069805e+01,2.056548e+01,2.070502e+01,2.063528e+01,2.059340e+01,2.060736e+01,2.058643e+01,2.058643e+01,2.055850e+01,2.053057e+01,2.051660e+01,2.051660e+01,2.038379e+01,2.029282e+01,2.040477e+01,2.054453e+01,2.051660e+01,2.039078e+01,2.049564e+01,2.050961e+01,2.064225e+01,2.047468e+01,2.051660e+01,2.057944e+01,2.055850e+01,2.056548e+01,2.059340e+01,2.043973e+01,2.047468e+01,2.054453e+01,2.058643e+01,2.050961e+01,2.053755e+01,2.055850e+01,2.047468e+01,2.049564e+01,2.043973e+01,2.041875e+01,2.044672e+01,2.036980e+01,2.040477e+01,2.029982e+01,2.036280e+01,2.018074e+01,2.017373e+01,2.031382e+01,2.012466e+01,2.032082e+01,2.024380e+01,2.008959e+01,2.020177e+01,2.005451e+01,2.009660e+01,2.013167e+01,2.000537e+01,2.015971e+01,2.014569e+01,2.013868e+01,2.017373e+01,2.012466e+01,2.010362e+01,2.005451e+01,1.999835e+01,2.018074e+01,2.011063e+01,2.013868e+01,2.019476e+01,2.013868e+01,2.029982e+01,2.022278e+01,2.013868e+01,2.035581e+01,2.025080e+01,2.029982e+01,2.033481e+01,2.035581e+01,2.048166e+01,2.042575e+01,2.030682e+01,2.040477e+01,2.040477e+01,2.050961e+01,2.037679e+01,2.041176e+01,2.049564e+01,2.047468e+01,2.046769e+01,2.041875e+01,2.046070e+01,2.043973e+01,2.046070e+01,2.050262e+01,2.039778e+01,2.052358e+01,2.037679e+01,2.032082e+01,2.043973e+01,2.031382e+01,2.027181e+01,2.037679e+01,2.036980e+01,2.036280e+01,2.034881e+01,2.034181e+01,2.046070e+01,2.052358e+01,2.039778e+01,2.043274e+01,2.053057e+01,2.043973e+01,2.057246e+01,2.041176e+01,2.055850e+01,2.053755e+01,2.064225e+01,2.050961e+01,2.052358e+01,2.050961e+01,2.054453e+01,2.054453e+01,2.055850e+01,2.055152e+01,2.053755e+01,2.050961e+01,2.069805e+01,2.057944e+01,2.056548e+01,2.058643e+01,2.066318e+01,2.061434e+01,2.061434e+01,2.050262e+01,2.058643e+01,2.059340e+01,2.060039e+01,2.062132e+01,2.065621e+01,2.067016e+01,2.064225e+01,2.062132e+01,2.070502e+01,2.060736e+01,2.059340e+01,2.057944e+01,2.057944e+01,2.053755e+01,2.063528e+01,2.064225e+01,2.065621e+01,2.057944e+01,2.052358e+01,2.046769e+01,2.059340e+01,2.048166e+01,2.045371e+01,2.045371e+01,2.056548e+01,2.067016e+01,2.060039e+01,2.051660e+01,2.051660e+01,2.038379e+01,2.049564e+01,2.050961e+01,2.048166e+01,2.043274e+01,2.035581e+01,2.015270e+01,2.015971e+01,2.007556e+01,2.012466e+01,2.006152e+01,2.008257e+01,2.004749e+01,2.008257e+01,1.999835e+01,2.004749e+01,1.994216e+01,1.988594e+01,1.992811e+01,2.006854e+01,2.015971e+01,2.008257e+01,2.012466e+01,2.015270e+01,2.012466e+01,1.994216e+01,2.013868e+01,2.015270e+01,2.006152e+01,2.022278e+01,2.011764e+01,2.015971e+01,2.006152e+01,2.011764e+01,2.006152e+01,1.997026e+01,2.015270e+01,2.006152e+01,1.999835e+01,1.994216e+01,2.010362e+01,2.005451e+01,2.002643e+01,1.995621e+01,1.990703e+01,1.992109e+01,1.989297e+01,1.994216e+01,1.989297e+01,2.017373e+01,1.986485e+01,1.982266e+01,1.972414e+01,1.973822e+01,1.985079e+01,1.980156e+01,1.982969e+01,1.996324e+01,1.985782e+01,1.985079e+01,1.975934e+01,1.962552e+01,1.973822e+01,1.961847e+01,1.959028e+01,1.956913e+01,1.951270e+01,1.965371e+01,1.953386e+01,1.951975e+01,1.944918e+01,1.942800e+01,1.945624e+01,1.955502e+01,1.946330e+01,1.942800e+01,1.942093e+01,1.945624e+01,1.944212e+01,1.951975e+01,1.954797e+01,1.956207e+01,1.954797e+01,1.955502e+01,1.955502e+01,1.973118e+01,1.985079e+01,2.018074e+01,2.020177e+01,2.028582e+01,2.021578e+01,2.018775e+01,2.030682e+01,2.015270e+01,2.018074e+01,2.024380e+01,2.027181e+01,2.018775e+01,2.027881e+01,2.020877e+01,2.002643e+01,2.013868e+01,2.010362e+01,2.021578e+01,2.008257e+01,2.008257e+01,2.013167e+01,2.021578e+01,2.010362e+01,2.011063e+01,2.010362e+01,2.018074e+01,2.018775e+01,2.017373e+01,2.015971e+01,2.005451e+01,2.015971e+01,2.014569e+01,2.013167e+01,2.004749e+01,2.001941e+01,2.006854e+01,2.000537e+01,2.001941e+01,1.999835e+01,1.992811e+01,2.004749e+01,2.006152e+01,2.004047e+01,2.009660e+01,2.012466e+01,2.008257e+01,2.018074e+01,2.010362e+01,2.023680e+01,2.025781e+01,2.029982e+01,2.022278e+01,2.024380e+01,2.022979e+01,2.025781e+01,2.025781e+01,2.020177e+01,2.018775e+01,2.022278e+01,2.038379e+01,2.010362e+01,2.025781e+01,2.022278e+01,2.029282e+01,2.023680e+01,2.024380e+01,2.021578e+01,2.029282e+01,2.029282e+01,2.031382e+01,2.030682e+01,2.037679e+01,2.034881e+01,2.047468e+01,2.041176e+01,2.036280e+01,2.041875e+01,2.027181e+01,2.041875e+01,2.045371e+01,2.048166e+01,2.049564e+01,2.043973e+01,2.050961e+01,2.044672e+01,2.038379e+01,2.043973e+01,2.044672e+01,2.034181e+01,2.039078e+01,2.039778e+01,2.036980e+01,2.038379e+01,2.034881e+01,2.027881e+01,2.039078e+01,2.026481e+01,2.020177e+01,2.023680e+01,2.025080e+01,2.030682e+01,2.027881e+01,2.034881e+01,2.019476e+01,2.018074e+01,2.020177e+01,2.020877e+01,2.022979e+01,2.014569e+01,2.004047e+01,2.015270e+01,2.014569e+01,1.995621e+01,2.015270e+01,2.009660e+01,2.004749e+01,1.994919e+01,1.993514e+01,2.004749e+01,1.994216e+01,1.975934e+01,1.994216e+01,1.997026e+01,1.990000e+01,1.995621e+01,1.995621e+01,1.998431e+01,2.005451e+01,1.997026e+01,2.020177e+01,2.025080e+01,2.036980e+01,2.025781e+01,2.035581e+01,2.032782e+01,2.029982e+01,2.028582e+01,2.051660e+01,2.024380e+01,2.035581e+01,2.034181e+01,2.031382e+01,2.046769e+01,2.043973e+01,2.041875e+01,2.048865e+01,2.050262e+01,2.050961e+01,2.050961e+01,2.043274e+01,2.053057e+01,2.039078e+01,2.050262e+01,2.062830e+01,2.048865e+01,2.048166e+01,2.062132e+01,2.050961e+01,2.050961e+01,2.053057e+01,2.052358e+01,2.053755e+01,2.054453e+01,2.057944e+01,2.049564e+01,2.039078e+01,2.060039e+01,2.052358e+01,2.057944e+01,2.050961e+01,2.042575e+01,2.042575e+01,2.048166e+01,2.042575e+01,2.041875e+01,2.048865e+01,2.031382e+01,2.029982e+01,2.032082e+01,2.032082e+01,2.019476e+01,2.025080e+01,2.018775e+01,2.021578e+01,2.019476e+01,1.999133e+01,2.012466e+01,1.991406e+01,1.997026e+01,1.997728e+01,1.999133e+01,1.987189e+01,1.993514e+01,1.994216e+01,1.990000e+01,1.985079e+01,1.982969e+01,1.983673e+01,1.984376e+01,1.982969e+01,1.994216e+01,1.987189e+01,1.981563e+01,1.990703e+01,1.985782e+01,1.998431e+01,1.988594e+01,1.996324e+01,2.005451e+01,1.993514e+01,2.001239e+01,2.015971e+01,2.013167e+01,2.005451e+01,2.007556e+01,2.007556e+01,2.005451e+01,2.005451e+01,1.995621e+01,2.004749e+01,2.005451e+01,2.005451e+01,2.003345e+01,1.990703e+01,1.992109e+01,1.996324e+01,1.992109e+01,1.994919e+01,1.996324e+01,1.999835e+01,1.994919e+01,2.007556e+01,2.003345e+01,2.000537e+01,1.998431e+01,2.010362e+01,2.013167e+01,2.002643e+01,2.002643e+01,2.020177e+01,2.026481e+01,2.014569e+01,2.029982e+01,2.020177e+01,2.019476e+01,2.020177e+01,2.030682e+01,2.036280e+01,2.035581e+01,2.066318e+01,2.067016e+01,2.062132e+01,2.074685e+01,2.078866e+01,2.080259e+01,2.078866e+01,2.085134e+01,2.088614e+01,2.092093e+01,2.091398e+01,2.094876e+01,2.085134e+01,2.092093e+01,2.085134e+01,2.093485e+01,2.089310e+01,2.089310e+01,2.089310e+01,2.085134e+01,2.092093e+01,2.090702e+01,2.085830e+01,2.094180e+01,2.085830e+01,2.094876e+01,2.094180e+01,2.094180e+01,2.101829e+01,2.092789e+01,2.090702e+01,2.102524e+01,2.107388e+01,2.097658e+01,2.085134e+01,2.083045e+01,2.103219e+01,2.104609e+01,2.102524e+01,2.092093e+01,2.094876e+01,2.100439e+01,2.103219e+01,2.096962e+01,2.096267e+01,2.093485e+01,2.094876e+01,2.094876e+01,2.097658e+01,2.090702e+01,2.103914e+01,2.101134e+01,2.098353e+01,2.090006e+01,2.094876e+01,2.087222e+01,2.094876e+01,2.090006e+01,2.092789e+01,2.096267e+01,2.096962e+01,2.099744e+01,2.096962e+01,2.092093e+01,2.096267e+01,2.098353e+01,2.099048e+01,2.090006e+01,2.085134e+01,2.096962e+01,2.093485e+01,2.097658e+01,2.089310e+01,2.092093e+01,2.091398e+01,2.092789e+01,2.087918e+01,2.095572e+01,2.097658e+01,2.100439e+01,2.099048e+01,2.095572e+01,2.103914e+01,2.094180e+01,2.098353e+01,2.090006e+01,2.098353e+01,2.096962e+01,2.094180e+01,2.085134e+01,2.091398e+01,2.089310e+01,2.100439e+01,2.103219e+01,2.103914e+01,2.117109e+01,2.103219e+01,2.105304e+01,2.101829e+01,2.105304e+01,2.128901e+01,2.099048e+01,2.098353e+01,2.077472e+01,2.089310e+01,2.093485e+01,2.087918e+01,2.083741e+01,2.083741e+01,2.067713e+01,2.073291e+01,2.077472e+01,2.071200e+01,2.067713e+01,2.070502e+01,2.064923e+01,2.073291e+01,2.064225e+01,2.074685e+01,2.062132e+01,2.083741e+01,2.110166e+01,2.110861e+01,2.120579e+01,2.121966e+01,2.147600e+01,2.150368e+01
2.073988e+01,2.078866e+01,2.076775e+01,2.076775e+01,2.067713e+01,2.071200e+01,2.069805e+01,2.074685e+01,2.075382e+01,2.069108e+01,2.073291e+01,2.079562e+01,2.074685e+01,2.061434e+01,2.073291e+01,2.071200e+01,2.062132e+01,2.067713e+01,2.061434e+01,2.062132e+01,2.059340e+01,2.062132e+01,2.053057e+01,2.062132e+01,2.058643e+01,2.057944e+01,2.054453e+01,2.049564e+01,2.053057e+01,2.039778e+01,2.034181e+01,2.041176e+01,2.041176e+01,2.058643e+01,2.065621e+01,2.061434e+01,2.069108e+01,2.052358e+01,2.051660e+01,2.059340e+01,2.059340e+01,2.043274e+01,2.042575e+01,2.055152e+01,2.055850e+01,2.049564e+01,2.049564e+01,2.053057e+01,2.048166e+01,2.045371e+01,2.059340e+01,2.048865e+01,2.044672e+01,2.048865e+01,2.044672e+01,2.039078e+01,2.037679e+01,2.036980e+01,2.028582e+01,2.024380e+01,2.018775e+01,2.016672e+01,2.024380e+01,2.013167e+01,2.013868e+01,2.013868e+01,2.008959e+01,2.008257e+01,2.026481e+01,2.008257e+01,2.008959e+01,1.996324e+01,1.994216e+01,2.009660e+01,2.013868e+01,2.013868e+01,2.017373e+01,2.003345e+01,2.006854e+01,2.002643e+01,2.005451e+01,2.013868e+01,2.016672e+01,2.000537e+01,2.017373e+01,2.021578e+01,2.027181e+01,2.025080e+01,2.027881e+01,2.028582e+01,2.027181e+01,2.037679e+01,2.035581e+01,2.035581e+01,2.030682e+01,2.046070e+01,2.040477e+01,2.040477e+01,2.048865e+01,2.039778e+01,2.048865e+01,2.043973e+01,2.030682e+01,2.029282e+01,2.039078e+01,2.043973e+01,2.041176e+01,2.036980e+01,2.038379e+01,2.036280e+01,2.034181e+01,2.033481e+01,2.038379e+01,2.043973e+01,2.040477e+01,2.025781e+01,2.034181e+01,2.033481e+01,2.039778e+01,2.037679e+01,2.049564e+01,2.045371e+01,2.041176e+01,2.034181e+01,2.041875e+01,2.047468e+01,2.057944e+01,2.044672e+01,2.069805e+01,2.066318e+01,2.042575e+01,2.046769e+01,2.054453e+01,2.050262e+01,2.057944e+01,2.046070e+01,2.053057e+01,2.052358e+01,2.057944e+01,2.065621e+01,2.061434e+01,2.058643e+01,2.051660e+01,2.057246e+01,2.057944e+01,2.063528e+01,2.062132e+01,2.058643e+01,2.057246e+01,2.056548e+01,2.055850e+01,2.059340e+01,2.061434e+01,2.060039e+01,2.060736e+01,2.058643e+01,2.053755e+01,2.059340e+01,2.064225e+01,2.069805e+01,2.056548e+01,2.069108e+01,2.055850e+01,2.055850e+01,2.060039e+01,2.054453e+01,2.057246e+01,2.055850e+01,2.056548e+01,2.046070e+01,2.034881e+01,2.043973e+01,2.048166e+01,2.037679e+01,2.057944e+01,2.053755e+01,2.047468e+01,2.051660e+01,2.036980e+01,2.050961e+01,2.036980e+01,2.041875e+01,2.032782e+01,2.042575e+01,2.033481e+01,2.015270e+01,2.010362e+01,2.008959e+01,2.011764e+01,2.011063e+01,2.005451e+01,2.001239e+01,1.994216e+01,1.983673e+01,1.974526e+01,2.005451e+01,1.990000e+01,1.986485e+01,1.983673e+01,1.980859e+01,2.003345e+01,2.008257e+01,2.013167e+01,2.012466e+01,2.009660e+01,2.012466e+01,2.013868e+01,2.008959e+01,2.008257e+01,2.006152e+01,2.001941e+01,2.004047e+01,2.003345e+01,2.000537e+01,2.005451e+01,2.014569e+01,1.990703e+01,2.006854e+01,2.003345e+01,1.999133e+01,1.995621e+01,1.990000e+01,1.999133e+01,1.985782e+01,1.991406e+01,1.989297e+01,1.979452e+01,1.982969e+01,1.988594e+01,1.973118e+01,1.974526e+01,1.982969e+01,1.969597e+01,1.973118e+01,1.985079e+01,1.985079e+01,1.986485e+01,1.961143e+01,1.963257e+01,1.973822e+01,1.959733e+01,1.966076e+01,1.948447e+01,1.951975e+01,1.947742e+01,1.949153e+01,1.947742e+01,1.947036e+01,1.959733e+01,1.952681e+01,1.960438e+01,1.954092e+01,1.958323e+01,1.944918e+01,1.944212e+01,1.954092e+01,1.952681e+01,1.954797e+01,1.952681e+01,1.951975e+01,1.949859e+01,1.956207e+01,1.941387e+01,1.956913e+01,1.960438e+01,2.004047e+01,2.009660e+01,2.013167e+01,2.018775e+01,2.015270e+01,2.027181e+01,2.020877e+01,2.018775e+01,2.020177e+01,2.017373e+01,2.025080e+01,2.015971e+01,2.015971e+01,2.014569e+01,2.026481e+01,2.016672e+01,2.029282e+01,2.011764e+01,2.011764e+01,2.008257e+01,2.011764e+01,2.004749e+01,2.013868e+01,2.004749e+01,2.020177e+01,2.020877e+01,2.004047e+01,2.006152e+01,2.020877e+01,2.007556e+01,2.007556e+01,2.005451e+01,2.001941e+01,2.004047e+01,2.005451e+01,2.001941e+01,1.992811e+01,2.013167e+01,1.997728e+01,1.999835e+01,1.999133e+01,2.006854e+01,2.001941e+01,2.005451e+01,2.012466e+01,2.015971e+01,2.016672e+01,2.016672e+01,2.022278e+01,2.015971e+01,2.019476e+01,2.013167e+01,2.013167e+01,2.025080e+01,2.022979e+01,2.035581e+01,2.020177e+01,2.024380e+01,2.020177e+01,2.022979e+01,2.024380e+01,2.013868e+01,2.017373e+01,2.022979e+01,2.020177e+01,2.024380e+01,2.018775e+01,2.023680e+01,2.019476e+01,2.022979e+01,2.027881e+01,2.032082e+01,2.035581e+01,2.027881e+01,2.024380e+01,2.031382e+01,2.032782e+01,2.044672e+01,2.045371e+01,2.050961e+01,2.046070e+01,2.044672e+01,2.054453e+01,2.040477e+01,2.029282e+01,2.040477e+01,2.039778e+01,2.034181e+01,2.034181e+01,2.032082e+01,2.036980e+01,2.032782e+01,2.036280e+01,2.036980e+01,2.029282e+01,2.023680e+01,2.025781e+01,2.022278e+01,2.029282e+01,2.027881e+01,2.028582e+01,2.023680e+01,2.020177e+01,2.018074e+01,2.017373e+01,2.016672e+01,2.017373e+01,2.009660e+01,2.015971e+01,2.008257e+01,2.022979e+01,1.994216e+01,1.994919e+01,1.994919e+01,2.016672e+01,1.992109e+01,1.995621e+01,1.994919e+01,1.994216e+01,1.981563e+01,1.999133e+01,1.994919e+01,1.987892e+01,1.994919e+01,2.003345e+01,2.002643e+01,2.005451e+01,2.020177e+01,2.013167e+01,2.024380e+01,2.027181e+01,2.032082e+01,2.034181e+01,2.028582e+01,2.029982e+01,2.036280e+01,2.038379e+01,2.024380e+01,2.035581e+01,2.035581e+01,2.038379e+01,2.036280e+01,2.048865e+01,2.042575e+01,2.046769e+01,2.046070e+01,2.037679e+01,2.043274e+01,2.047468e+01,2.053755e+01,2.053755e+01,2.046769e+01,2.048865e+01,2.055850e+01,2.048166e+01,2.038379e+01,2.049564e+01,2.048166e+01,2.047468e+01,2.050961e+01,2.049564e+01,2.059340e+01,2.046769e+01,2.052358e+01,2.053057e+01,2.054453e+01,2.037679e+01,2.050262e+01,2.053755e+01,2.042575e+01,2.045371e+01,2.048865e+01,2.036980e+01,2.042575e+01,2.029282e+01,2.036280e+01,2.039778e+01,2.028582e+01,2.026481e+01,2.003345e+01,2.022278e+01,2.020877e+01,2.013167e+01,2.015971e+01,2.015270e+01,2.010362e+01,2.001239e+01,2.013868e+01,1.987892e+01,1.982266e+01,1.995621e+01,1.993514e+01,1.986485e+01,1.987189e+01,1.992811e+01,1.987189e+01,1.991406e+01,1.987189e+01,1.978045e+01,1.982969e+01,1.985782e+01,1.984376e+01,1.983673e+01,1.995621e+01,1.989297e+01,1.993514e+01,2.018074e+01,2.015270e+01,2.001941e+01,2.006854e+01,2.002643e+01,1.995621e+01,1.992811e+01,2.003345e+01,2.006854e+01,2.004047e+01,2.005451e+01,1.998431e+01,2.006854e+01,2.008959e+01,2.005451e+01,1.995621e+01,1.998431e+01,2.004749e+01,1.992109e+01,1.998431e+01,1.992109e+01,2.003345e+01,2.007556e+01,2.009660e+01,2.008257e+01,2.008257e+01,1.999835e+01,2.008257e+01,2.004749e+01,1.998431e+01,2.008257e+01,2.020177e+01,2.001239e+01,2.004047e+01,2.019476e+01,2.022979e+01,2.024380e+01,2.020877e+01,2.027881e+01,2.022979e+01,2.022979e+01,2.032082e+01,2.034881e+01,2.064225e+01,2.073988e+01,2.065621e+01,2.076079e+01,2.076775e+01,2.085134e+01,2.084437e+01,2.084437e+01,2.086526e+01,2.074685e+01,2.093485e+01,2.087918e+01,2.082348e+01,2.085134e+01,2.087918e+01,2.087918e+01,2.083741e+01,2.084437e+01,2.096962e+01,2.097658e+01,2.081652e+01,2.087918e+01,2.080955e+01,2.083045e+01,2.095572e+01,2.096267e+01,2.094180e+01,2.093485e+01,2.088614e+01,2.094876e+01,2.090006e+01,2.091398e+01,2.082348e+01,2.084437e+01,2.085134e+01,2.085830e+01,2.085134e+01,2.086526e+01,2.092093e+01,2.091398e+01,2.092789e+01,2.095572e+01,2.097658e+01,2.096962e+01,2.083045e+01,2.095572e+01,2.094180e+01,2.089310e+01,2.103219e+01,2.108777e+01,2.092789e+01,2.094180e+01,2.089310e+01,2.087222e+01,2.081652e+01,2.096267e+01,2.090702e+01,2.094876e+01,2.091398e+01,2.091398e+01,2.095572e+01,2.103914e+01,2.099048e+01,2.092789e+01,2.096267e+01,2.096267e+01,2.099744e+01,2.094876e+01,2.095572e+01,2.090702e+01,2.093485e+01,2.091398e+01,2.089310e+01,2.096962e+01,2.094876e+01,2.091398e+01,2.096267e+01,2.094876e+01,2.095572e+01,2.098353e+01,2.111555e+01,2.099744e+01,2.097658e+01,2.103914e+01,2.080955e+01,2.097658e+01,2.089310e+01,2.099744e+01,2.088614e+01,2.090702e+01,2.117109e+01,2.114333e+01,2.096962e+01,2.096962e+01,2.084437e+01,2.102524e+01,2.107388e+01,2.096962e+01,2.094876e+01,2.092789e+01,2.103219e+01,2.092789e+01,2.097658e+01,2.099048e+01,2.080259e+01,2.079562e+01,2.073291e+01,2.063528e+01,2.069805e+01,2.064225e+01,2.064923e+01,2.081652e+01,2.073988e+01,2.074685e+01,2.066318e+01,2.082348e+01,2.092789e+01,2.068410e+01,2.069805e+01,2.087918e+01,2.089310e+01,2.095572e+01,2.096962e+01,2.117803e+01,2.119191e+01,2.112944e+01
2.088614e+01,2.087918e+01,2.065621e+01,2.077472e+01,2.071200e+01,2.078169e+01,2.079562e+01,2.076775e+01,2.073988e+01,2.076079e+01,2.078866e+01,2.070502e+01,2.071897e+01,2.082348e+01,2.073988e+01,2.067016e+01,2.062132e+01,2.055152e+01,2.074685e+01,2.074685e+01,2.063528e+01,2.062132e+01,2.059340e+01,2.071200e+01,2.051660e+01,2.063528e+01,2.046070e+01,2.061434e+01,2.045371e+01,2.055152e+01,2.043274e+01,2.041176e+01,2.053755e+01,2.046070e+01,2.043274e+01,2.039778e+01,2.055850e+01,2.052358e+01,2.051660e+01,2.051660e+01,2.044672e+01,2.042575e+01,2.057944e+01,2.046769e+01,2.055850e+01,2.055850e+01,2.056548e+01,2.052358e+01,2.050262e+01,2.049564e+01,2.048166e+01,2.042575e+01,2.046769e+01,2.043973e+01,2.044672e+01,2.050262e+01,2.034181e+01,2.037679e+01,2.032782e+01,2.025080e+01,2.028582e+01,2.046769e+01,2.029982e+01,2.018074e+01,2.013868e+01,2.011764e+01,2.015971e+01,2.014569e+01,2.004047e+01,2.013167e+01,2.015971e+01,2.013167e+01,2.015270e+01,2.018074e+01,2.017373e+01,2.017373e+01,2.020177e+01,2.021578e+01,2.020177e+01,2.009660e+01,2.006854e+01,2.009660e+01,2.020177e+01,2.018074e+01,2.026481e+01,2.029282e+01,2.033481e+01,2.034181e+01,2.038379e+01,2.045371e+01,2.037679e+01,2.022278e+01,2.029982e+01,2.047468e+01,2.048166e+01,2.048865e+01,2.048865e+01,2.050262e+01,2.053057e+01,2.043973e+01,2.051660e+01,2.049564e+01,2.041875e+01,2.039078e+01,2.034881e+01,2.044672e+01,2.043973e+01,2.039078e+01,2.048865e+01,2.043274e+01,2.047468e+01,2.043973e+01,2.043274e+01,2.045371e+01,2.045371e+01,2.043274e+01,2.035581e+01,2.036980e+01,2.035581e+01,2.035581e+01,2.039778e+01,2.038379e+01,2.042575e+01,2.036980e+01,2.048865e+01,2.041176e+01,2.056548e+01,2.041875e+01,2.048865e+01,2.060736e+01,2.051660e+01,2.067016e+01,2.060039e+01,2.054453e+01,2.055850e+01,2.067016e+01,2.057246e+01,2.051660e+01,2.059340e+01,2.055152e+01,2.055850e+01,2.063528e+01,2.063528e+01,2.064225e+01,2.062830e+01,2.062830e+01,2.057944e+01,2.063528e+01,2.066318e+01,2.060039e+01,2.064225e+01,2.061434e+01,2.060736e+01,2.059340e+01,2.062132e+01,2.060736e+01,2.063528e+01,2.062132e+01,2.057246e+01,2.061434e+01,2.058643e+01,2.060039e+01,2.060039e+01,2.055850e+01,2.057246e+01,2.054453e+01,2.060039e+01,2.053755e+01,2.061434e+01,2.041875e+01,2.055850e+01,2.051660e+01,2.060039e+01,2.053755e+01,2.057246e+01,2.048865e+01,2.040477e+01,2.053755e+01,2.049564e+01,2.043973e+01,2.037679e+01,2.028582e+01,2.043274e+01,2.037679e+01,2.022278e+01,2.021578e+01,2.012466e+01,2.010362e+01,2.004047e+01,2.011764e+01,2.006854e+01,2.004047e+01,1.990000e+01,2.001239e+01,1.989297e+01,1.979452e+01,1.989297e+01,1.980859e+01,2.001941e+01,1.978749e+01,1.987892e+01,2.010362e+01,2.007556e+01,2.007556e+01,2.006152e+01,2.013868e+01,2.015270e+01,2.008257e+01,2.008959e+01,2.009660e+01,2.004749e+01,2.004749e+01,2.012466e+01,1.999133e+01,2.001941e+01,1.999835e+01,2.001941e+01,1.990000e+01,1.988594e+01,1.991406e+01,1.997026e+01,1.994216e+01,1.993514e+01,1.987189e+01,1.985079e+01,1.991406e+01,1.995621e+01,1.989297e+01,1.986485e+01,1.973118e+01,1.973822e+01,1.980859e+01,1.982266e+01,1.968893e+01,1.979452e+01,1.970302e+01,1.967484e+01,1.975230e+01,1.955502e+01,1.955502e+01,1.961847e+01,1.947742e+01,1.947742e+01,1.947742e+01,1.953386e+01,1.945624e+01,1.949153e+01,1.954797e+01,1.951975e+01,1.943506e+01,1.958323e+01,1.950564e+01,1.947742e+01,1.944212e+01,1.943506e+01,1.944918e+01,1.963962e+01,1.961847e+01,1.952681e+01,1.955502e+01,1.951975e+01,1.951975e+01,1.956207e+01,1.976638e+01,1.973822e+01,1.990703e+01,2.018775e+01,2.020177e+01,2.019476e+01,2.009660e+01,2.027181e+01,2.014569e+01,2.027881e+01,2.019476e+01,2.014569e+01,2.013167e+01,2.027181e+01,2.027181e+01,2.026481e+01,2.028582e+01,2.015270e+01,2.024380e+01,2.020877e+01,2.011063e+01,2.007556e+01,2.008959e+01,2.004749e+01,2.006152e+01,2.013868e+01,2.006854e+01,2.023680e+01,2.013868e+01,2.006152e+01,2.024380e+01,2.015270e+01,2.004749e+01,2.001239e+01,2.010362e+01,1.998431e+01,2.005451e+01,2.004749e+01,1.995621e+01,1.997728e+01,2.008257e+01,1.995621e+01,1.998431e+01,2.001239e+01,2.005451e+01,2.004749e+01,2.010362e+01,2.004749e+01,2.008959e+01,2.015971e+01,2.015971e+01,2.025080e+01,2.016672e+01,2.018775e+01,2.024380e+01,2.022979e+01,2.020177e+01,2.022278e+01,2.018775e+01,2.014569e+01,2.019476e+01,2.012466e+01,2.027181e+01,2.025781e+01,2.026481e+01,2.019476e+01,2.025781e+01,2.037679e+01,2.026481e+01,2.022979e+01,2.013868e+01,2.021578e+01,2.025781e+01,2.021578e+01,2.034881e+01,2.020177e+01,2.029282e+01,2.020877e+01,2.022278e+01,2.029282e+01,2.049564e+01,2.050262e+01,2.046070e+01,2.045371e+01,2.043274e+01,2.041875e+01,2.036280e+01,2.038379e+01,2.033481e+01,2.037679e+01,2.036280e+01,2.039778e+01,2.033481e+01,2.035581e+01,2.036280e+01,2.025781e+01,2.022979e+01,2.026481e+01,2.028582e+01,2.025080e+01,2.027881e+01,2.027181e+01,2.023680e+01,2.021578e+01,2.031382e+01,2.018775e+01,2.020177e+01,2.029982e+01,2.008959e+01,2.017373e+01,2.003345e+01,2.008257e+01,1.994919e+01,1.995621e+01,1.992811e+01,1.994919e+01,1.991406e+01,1.993514e+01,1.990703e+01,1.986485e+01,2.001941e+01,1.995621e+01,1.997728e+01,1.987189e+01,1.997026e+01,1.993514e+01,2.008959e+01,2.005451e+01,2.021578e+01,2.028582e+01,2.023680e+01,2.028582e+01,2.032782e+01,2.029282e+01,2.029282e+01,2.036280e+01,2.029982e+01,2.027881e+01,2.027881e+01,2.047468e+01,2.033481e+01,2.043973e+01,2.043973e+01,2.048865e+01,2.048865e+01,2.046769e+01,2.037679e+01,2.048865e+01,2.048865e+01,2.043973e+01,2.057944e+01,2.054453e+01,2.052358e+01,2.047468e+01,2.048865e+01,2.050262e+01,2.053755e+01,2.051660e+01,2.043274e+01,2.048166e+01,2.050262e+01,2.048166e+01,2.043274e+01,2.048865e+01,2.046769e+01,2.052358e+01,2.052358e+01,2.047468e+01,2.043274e+01,2.049564e+01,2.039778e+01,2.043274e+01,2.037679e+01,2.036980e+01,2.043973e+01,2.029282e+01,2.031382e+01,2.029282e+01,2.033481e+01,2.022278e+01,2.018074e+01,2.023680e+01,2.004749e+01,2.020177e+01,2.013868e+01,2.014569e+01,1.999133e+01,2.011063e+01,2.013868e+01,1.993514e+01,2.007556e+01,1.993514e+01,1.990000e+01,1.997026e+01,1.991406e+01,1.991406e+01,1.982969e+01,1.987892e+01,1.994216e+01,1.987189e+01,1.987892e+01,1.981563e+01,2.001239e+01,1.986485e+01,1.989297e+01,2.001239e+01,1.999133e+01,2.005451e+01,1.995621e+01,2.015971e+01,2.016672e+01,2.005451e+01,2.003345e+01,1.995621e+01,2.011764e+01,2.027181e+01,2.025781e+01,2.012466e+01,1.999133e+01,2.010362e+01,2.006854e+01,2.012466e+01,2.007556e+01,2.008257e+01,2.008959e+01,2.001941e+01,2.005451e+01,1.990703e+01,2.001239e+01,1.999835e+01,2.008959e+01,2.005451e+01,2.004749e+01,2.005451e+01,2.008257e+01,2.009660e+01,2.013868e+01,2.009660e+01,2.015270e+01,2.011764e+01,2.010362e+01,2.012466e+01,2.029282e+01,2.029982e+01,2.027181e+01,2.032782e+01,2.023680e+01,2.022979e+01,2.026481e+01,2.027181e+01,2.034181e+01,2.033481e+01,2.057944e+01,2.057944e+01,2.061434e+01,2.068410e+01,2.081652e+01,2.080955e+01,2.094876e+01,2.084437e+01,2.097658e+01,2.085134e+01,2.081652e+01,2.084437e+01,2.092789e+01,2.085830e+01,2.083045e+01,2.086526e+01,2.096962e+01,2.101829e+01,2.090006e+01,2.098353e+01,2.084437e+01,2.087918e+01,2.080955e+01,2.087222e+01,2.080955e+01,2.096267e+01,2.093485e+01,2.094180e+01,2.083741e+01,2.097658e+01,2.092093e+01,2.085134e+01,2.096962e+01,2.084437e+01,2.081652e+01,2.087222e+01,2.085830e+01,2.087918e+01,2.098353e+01,2.096962e+01,2.088614e+01,2.093485e+01,2.093485e+01,2.094180e+01,2.110861e+01,2.110861e+01,2.101829e+01,2.099744e+01,2.102524e+01,2.096267e+01,2.091398e+01,2.091398e+01,2.092789e+01,2.083741e+01,2.094876e+01,2.099048e+01,2.082348e+01,2.110166e+01,2.099744e+01,2.092789e+01,2.088614e+01,2.096962e+01,2.097658e+01,2.096267e+01,2.094180e+01,2.093485e+01,2.089310e+01,2.093485e+01,2.097658e+01,2.089310e+01,2.099048e+01,2.093485e+01,2.097658e+01,2.104609e+01,2.092093e+01,2.094876e+01,2.096962e+01,2.092093e+01,2.089310e+01,2.090702e+01,2.100439e+01,2.090006e+01,2.102524e+01,2.088614e+01,2.101829e+01,2.093485e+01,2.092789e+01,2.093485e+01,2.092093e+01,2.100439e+01,2.093485e+01,2.103219e+01,2.098353e+01,2.097658e+01,2.101134e+01,2.092789e+01,2.102524e+01,2.090702e+01,2.091398e+01,2.108083e+01,2.078866e+01,2.090702e+01,2.090702e+01,2.089310e+01,2.071897e+01,2.078866e+01,2.078866e+01,2.074685e+01,2.084437e+01,2.065621e+01,2.067016e+01,2.071897e+01,2.078866e+01,2.080955e+01,2.078866e+01,2.082348e+01,2.083045e+01,2.087918e+01,2.088614e+01,2.073291e+01,2.094180e+01,2.110166e+01,2.110166e+01,2.135138e+01,2.135830e+01
2.057246e+01,2.067713e+01,2.075382e+01,2.074685e+01,2.077472e+01,2.076079e+01,2.077472e+01,2.078169e+01,2.073291e+01,2.069108e+01,2.088614e+01,2.067016e+01,2.067016e+01,2.070502e+01,2.061434e+01,2.071897e+01,2.069108e+01,2.068410e+01,2.075382e+01,2.068410e+01,2.064923e+01,2.063528e+01,2.061434e+01,2.055152e+01,2.071200e+01,2.053057e+01,2.053755e+01,2.056548e+01,2.051660e+01,2.041875e+01,2.041176e+01,2.054453e+01,2.041875e+01,2.051660e+01,2.053755e+01,2.049564e+01,2.041875e+01,2.041176e+01,2.049564e+01,2.051660e+01,2.043973e+01,2.043274e+01,2.046769e+01,2.041176e+01,2.056548e+01,2.053057e+01,2.049564e+01,2.050262e+01,2.054453e+01,2.049564e+01,2.055152e+01,2.048865e+01,2.043274e+01,2.048166e+01,2.045371e+01,2.043274e+01,2.040477e+01,2.038379e+01,2.040477e+01,2.033481e+01,2.028582e+01,2.027181e+01,2.019476e+01,2.025781e+01,2.025781e+01,2.011764e+01,2.027181e+01,2.022278e+01,2.007556e+01,2.015971e+01,2.018775e+01,2.017373e+01,2.014569e+01,2.013868e+01,2.013167e+01,2.012466e+01,2.015270e+01,2.015971e+01,1.998431e+01,2.023680e+01,2.004749e+01,2.021578e+01,2.022278e+01,2.023680e+01,2.022278e+01,2.023680e+01,2.031382e+01,2.050262e+01,2.029982e+01,2.023680e+01,2.046070e+01,2.037679e+01,2.050262e+01,2.049564e+01,2.037679e+01,2.048865e+01,2.048865e+01,2.046769e+01,2.052358e+01,2.054453e+01,2.053755e+01,2.037679e+01,2.047468e+01,2.047468e+01,2.047468e+01,2.050262e+01,2.043973e+01,2.046769e+01,2.053057e+01,2.050961e+01,2.035581e+01,2.045371e+01,2.042575e+01,2.036280e+01,2.040477e+01,2.039778e+01,2.036280e+01,2.039778e+01,2.038379e+01,2.041176e+01,2.045371e+01,2.043973e+01,2.041176e+01,2.051660e+01,2.062132e+01,2.048166e+01,2.061434e+01,2.052358e+01,2.055850e+01,2.047468e+01,2.049564e+01,2.055152e+01,2.049564e+01,2.051660e+01,2.056548e+01,2.064225e+01,2.060736e+01,2.055850e+01,2.050262e+01,2.064225e+01,2.048166e+01,2.066318e+01,2.062132e+01,2.060039e+01,2.060736e+01,2.069805e+01,2.055850e+01,2.055152e+01,2.062830e+01,2.057944e+01,2.060039e+01,2.060039e+01,2.061434e+01,2.060039e+01,2.064923e+01,2.066318e+01,2.071200e+01,2.046769e+01,2.057246e+01,2.059340e+01,2.055850e+01,2.057944e+01,2.052358e+01,2.055850e+01,2.061434e+01,2.053057e+01,2.052358e+01,2.053755e+01,2.033481e+01,2.055152e+01,2.050961e+01,2.061434e+01,2.035581e+01,2.035581e+01,2.050262e+01,2.037679e+01,2.048166e+01,2.048166e+01,2.055152e+01,2.053755e+01,2.039078e+01,2.042575e+01,2.048166e+01,2.033481e+01,2.029982e+01,2.034181e+01,2.014569e+01,2.009660e+01,2.016672e+01,2.014569e+01,2.006152e+01,1.983673e+01,1.968189e+01,1.972414e+01,1.974526e+01,1.980859e+01,1.988594e+01,1.980156e+01,1.978749e+01,1.979452e+01,1.980859e+01,1.972414e+01,2.003345e+01,2.005451e+01,2.002643e+01,1.994919e+01,2.001239e+01,2.004749e+01,2.018074e+01,1.999835e+01,1.999133e+01,1.995621e+01,1.997728e+01,1.997026e+01,1.994919e+01,1.998431e+01,1.999133e+01,1.994919e+01,2.002643e+01,1.984376e+01,1.990703e+01,1.985079e+01,1.993514e+01,1.982969e+01,1.988594e+01,1.990703e+01,1.987189e+01,1.987189e+01,1.964666e+01,1.966076e+01,1.984376e+01,1.966780e+01,1.971710e+01,1.967484e+01,1.967484e+01,1.965371e+01,1.961143e+01,1.961143e+01,1.959028e+01,1.952681e+01,1.951270e+01,1.949153e+01,1.954797e+01,1.945624e+01,1.950564e+01,1.952681e+01,1.951975e+01,1.951975e+01,1.950564e+01,1.944212e+01,1.963962e+01,1.956207e+01,1.955502e+01,1.946330e+01,1.959028e+01,1.960438e+01,1.952681e+01,1.947742e+01,1.952681e+01,1.952681e+01,1.958323e+01,1.951270e+01,1.956913e+01,1.950564e+01,1.961847e+01,1.986485e+01,2.011764e+01,2.015270e+01,2.008257e+01,2.010362e+01,2.018775e+01,2.011764e+01,2.016672e+01,2.013167e+01,2.024380e+01,2.015971e+01,2.010362e+01,2.010362e+01,2.007556e+01,2.011063e+01,2.009660e+01,2.015971e+01,2.018775e+01,2.015971e+01,2.013868e+01,2.009660e+01,2.016672e+01,2.020877e+01,2.022979e+01,2.003345e+01,2.009660e+01,2.010362e+01,2.013167e+01,2.024380e+01,2.021578e+01,2.015971e+01,2.012466e+01,2.006152e+01,2.007556e+01,2.003345e+01,2.001941e+01,1.999133e+01,2.004749e+01,1.998431e+01,2.012466e+01,1.994216e+01,1.997026e+01,2.003345e+01,2.005451e+01,2.008257e+01,2.014569e+01,2.015270e+01,2.017373e+01,2.006854e+01,2.018775e+01,2.011764e+01,2.042575e+01,2.024380e+01,2.018775e+01,2.025781e+01,2.015971e+01,2.008257e+01,2.015270e+01,2.017373e+01,2.013868e+01,2.025781e+01,2.018775e+01,2.008959e+01,2.023680e+01,2.020877e+01,2.025781e+01,2.025781e+01,2.032082e+01,2.024380e+01,2.020877e+01,2.023680e+01,2.021578e+01,2.021578e+01,2.018775e+01,2.019476e+01,2.029982e+01,2.025781e+01,2.027881e+01,2.039778e+01,2.044672e+01,2.048166e+01,2.039778e+01,2.043973e+01,2.042575e+01,2.025080e+01,2.038379e+01,2.032782e+01,2.033481e+01,2.032782e+01,2.029282e+01,2.039078e+01,2.041176e+01,2.034881e+01,2.029282e+01,2.027181e+01,2.021578e+01,2.018775e+01,2.020877e+01,2.016672e+01,2.027181e+01,2.026481e+01,2.027881e+01,2.023680e+01,2.018074e+01,2.020177e+01,2.018074e+01,2.013167e+01,2.004749e+01,2.006152e+01,2.009660e+01,2.015971e+01,2.001941e+01,1.993514e+01,1.992811e+01,1.988594e+01,1.990000e+01,1.994919e+01,1.989297e+01,1.992811e+01,1.984376e+01,1.996324e+01,1.999835e+01,2.001239e+01,2.001239e+01,2.009660e+01,2.018775e+01,2.018775e+01,2.027881e+01,2.025781e+01,2.028582e+01,2.041875e+01,2.039778e+01,2.033481e+01,2.042575e+01,2.041176e+01,2.045371e+01,2.035581e+01,2.048166e+01,2.037679e+01,2.042575e+01,2.034881e+01,2.038379e+01,2.044672e+01,2.049564e+01,2.046769e+01,2.059340e+01,2.050262e+01,2.051660e+01,2.048166e+01,2.048865e+01,2.054453e+01,2.050961e+01,2.052358e+01,2.051660e+01,2.048865e+01,2.054453e+01,2.053057e+01,2.039078e+01,2.050262e+01,2.055850e+01,2.049564e+01,2.060039e+01,2.038379e+01,2.042575e+01,2.046070e+01,2.034181e+01,2.041176e+01,2.040477e+01,2.031382e+01,2.033481e+01,2.039778e+01,2.030682e+01,2.027881e+01,2.022979e+01,2.029982e+01,2.026481e+01,2.034181e+01,2.017373e+01,2.014569e+01,2.013868e+01,2.019476e+01,2.014569e+01,2.003345e+01,2.008959e+01,2.006854e+01,1.990000e+01,2.005451e+01,2.006152e+01,1.987892e+01,2.003345e+01,1.991406e+01,1.995621e+01,1.984376e+01,1.987189e+01,1.984376e+01,1.984376e+01,1.985079e+01,1.987189e+01,1.984376e+01,1.984376e+01,1.991406e+01,1.985079e+01,1.986485e+01,1.997728e+01,1.997728e+01,1.996324e+01,1.989297e+01,2.013167e+01,2.014569e+01,2.017373e+01,2.004047e+01,2.009660e+01,2.011764e+01,2.011764e+01,2.009660e+01,2.010362e+01,2.013868e+01,2.008959e+01,1.990703e+01,2.013868e+01,2.012466e+01,2.010362e+01,1.991406e+01,2.010362e+01,1.999835e+01,2.003345e+01,2.000537e+01,2.007556e+01,2.007556e+01,2.004749e+01,2.002643e+01,2.015971e+01,2.001239e+01,2.015270e+01,2.009660e+01,2.013868e+01,2.015270e+01,2.008959e+01,2.021578e+01,1.998431e+01,2.018074e+01,2.027881e+01,2.031382e+01,2.025080e+01,2.022278e+01,2.023680e+01,2.020877e+01,2.032782e+01,2.034881e+01,2.037679e+01,2.050262e+01,2.055850e+01,2.060736e+01,2.077472e+01,2.080259e+01,2.101829e+01,2.101134e+01,2.096267e+01,2.089310e+01,2.087222e+01,2.085134e+01,2.086526e+01,2.083045e+01,2.085830e+01,2.087222e+01,2.083741e+01,2.086526e+01,2.087918e+01,2.090006e+01,2.090006e+01,2.092093e+01,2.092093e+01,2.098353e+01,2.090702e+01,2.090702e+01,2.095572e+01,2.096962e+01,2.096267e+01,2.092789e+01,2.094180e+01,2.085830e+01,2.084437e+01,2.079562e+01,2.087918e+01,2.088614e+01,2.083741e+01,2.091398e+01,2.099048e+01,2.085830e+01,2.095572e+01,2.090006e+01,2.094180e+01,2.087222e+01,2.091398e+01,2.092789e+01,2.091398e+01,2.092093e+01,2.092093e+01,2.094876e+01,2.093485e+01,2.090702e+01,2.104609e+01,2.101829e+01,2.090702e+01,2.092789e+01,2.084437e+01,2.099744e+01,2.094876e+01,2.084437e+01,2.096267e+01,2.089310e+01,2.098353e+01,2.093485e+01,2.095572e+01,2.096962e+01,2.099048e+01,2.095572e+01,2.095572e+01,2.096962e+01,2.089310e+01,2.097658e+01,2.096962e+01,2.095572e+01,2.092789e+01,2.094876e+01,2.096267e+01,2.092093e+01,2.087222e+01,2.093485e+01,2.096962e+01,2.086526e+01,2.094180e+01,2.092093e+01,2.099048e+01,2.096267e+01,2.094876e+01,2.092789e+01,2.092789e+01,2.089310e+01,2.085134e+01,2.093485e+01,2.093485e+01,2.097658e+01,2.096962e+01,2.092789e+01,2.105304e+01,2.107388e+01,2.108083e+01,2.085134e+01,2.106693e+01,2.105999e+01,2.089310e+01,2.087222e+01,2.088614e+01,2.096962e+01,2.078866e+01,2.080955e+01,2.076775e+01,2.064923e+01,2.074685e+01,2.080955e+01,2.065621e+01,2.087918e+01,2.086526e+01,2.081652e+01,2.087222e+01,2.085134e+01,2.083741e+01,2.087918e+01,2.092789e+01,2.117803e+01,2.120579e+01,2.136523e+01,2.121272e+01,2.122660e+01
2.068410e+01,2.085134e+01,2.059340e+01,2.075382e+01,2.078169e+01,2.049564e+01,2.074685e+01,2.072594e+01,2.074685e+01,2.067713e+01,2.067713e+01,2.080259e+01,2.080259e+01,2.081652e+01,2.064923e+01,2.070502e+01,2.081652e+01,2.074685e+01,2.080955e+01,2.069108e+01,2.069805e+01,2.073988e+01,2.068410e+01,2.055850e+01,2.071897e+01,2.056548e+01,2.065621e+01,2.062132e+01,2.056548e+01,2.055850e+01,2.043973e+01,2.059340e+01,2.043274e+01,2.051660e+01,2.052358e+01,2.060039e+01,2.049564e+01,2.049564e+01,2.035581e+01,2.056548e+01,2.041176e+01,2.054453e+01,2.054453e+01,2.054453e+01,2.054453e+01,2.055152e+01,2.042575e+01,2.051660e+01,2.052358e+01,2.049564e+01,2.054453e+01,2.048865e+01,2.043973e+01,2.034881e+01,2.027181e+01,2.039078e+01,2.043274e+01,2.027881e+01,2.031382e+01,2.023680e+01,2.025781e+01,2.027881e+01,2.020877e+01,2.036280e+01,2.031382e+01,2.027881e+01,2.028582e+01,2.012466e+01,2.009660e+01,2.017373e+01,2.017373e+01,2.012466e+01,2.026481e+01,2.037679e+01,2.029282e+01,2.024380e+01,2.013167e+01,2.020877e+01,2.015971e+01,2.022979e+01,2.027881e+01,2.027181e+01,2.024380e+01,2.027181e+01,2.027181e+01,2.032782e+01,2.033481e+01,2.033481e+01,2.036980e+01,2.035581e+01,2.036280e+01,2.032782e+01,2.042575e+01,2.050961e+01,2.043274e+01,2.046769e+01,2.038379e+01,2.036980e+01,2.041875e+01,2.046070e+01,2.041875e+01,2.037679e+01,2.036980e+01,2.041875e+01,2.049564e+01,2.062830e+01,2.046070e+01,2.043973e+01,2.044672e+01,2.040477e+01,2.034881e+01,2.043973e+01,2.041875e+01,2.044672e+01,2.047468e+01,2.050262e+01,2.036980e+01,2.041176e+01,2.046769e+01,2.046070e+01,2.045371e+01,2.041875e+01,2.055152e+01,2.041875e+01,2.055850e+01,2.043973e+01,2.064225e+01,2.057944e+01,2.064225e+01,2.048166e+01,2.049564e+01,2.067016e+01,2.050961e+01,2.060039e+01,2.053755e+01,2.056548e+01,2.047468e+01,2.043973e+01,2.050961e+01,2.055152e+01,2.069108e+01,2.068410e+01,2.064923e+01,2.055850e+01,2.057246e+01,2.054453e+01,2.062830e+01,2.054453e+01,2.055850e+01,2.058643e+01,2.061434e+01,2.060039e+01,2.057944e+01,2.065621e+01,2.070502e+01,2.057944e+01,2.061434e+01,2.064225e+01,2.063528e+01,2.057944e+01,2.057944e+01,2.065621e+01,2.051660e+01,2.051660e+01,2.057944e+01,2.053057e+01,2.056548e+01,2.049564e+01,2.053057e+01,2.050961e+01,2.038379e+01,2.054453e+01,2.051660e+01,2.048865e+01,2.046070e+01,2.053755e+01,2.051660e+01,2.050961e+01,2.042575e+01,2.047468e+01,2.039078e+01,2.032782e+01,2.034881e+01,2.032082e+01,2.027181e+01,2.009660e+01,2.010362e+01,2.015971e+01,2.009660e+01,2.011764e+01,2.001239e+01,1.987189e+01,1.969597e+01,1.975230e+01,1.986485e+01,1.983673e+01,1.987892e+01,1.971710e+01,1.972414e+01,1.974526e+01,1.973822e+01,1.973118e+01,1.975230e+01,1.975230e+01,1.971006e+01,1.990703e+01,1.991406e+01,1.997728e+01,2.006152e+01,2.001239e+01,2.005451e+01,1.994919e+01,2.002643e+01,2.008257e+01,1.997728e+01,1.999835e+01,2.001941e+01,1.996324e+01,1.997728e+01,1.987892e+01,1.992109e+01,1.992811e+01,1.993514e+01,1.992811e+01,1.989297e+01,1.987892e+01,1.980859e+01,1.985079e+01,1.978045e+01,1.982266e+01,1.973822e+01,1.981563e+01,1.967484e+01,1.967484e+01,1.968893e+01,1.962552e+01,1.968893e+01,1.952681e+01,1.963962e+01,1.943506e+01,1.949153e+01,1.950564e+01,1.957618e+01,1.950564e+01,1.950564e+01,1.951270e+01,1.958323e+01,1.951270e+01,1.964666e+01,1.955502e+01,1.949153e+01,1.952681e+01,1.944212e+01,1.954797e+01,1.955502e+01,1.964666e+01,1.955502e+01,1.963962e+01,1.944212e+01,1.946330e+01,1.951270e+01,1.949153e+01,1.951270e+01,1.963962e+01,1.952681e+01,1.989297e+01,2.006854e+01,2.016672e+01,2.007556e+01,2.018074e+01,2.009660e+01,2.008257e+01,2.013868e+01,2.008959e+01,2.029282e+01,2.029282e+01,2.008257e+01,2.019476e+01,2.011063e+01,2.026481e+01,2.022278e+01,2.015971e+01,2.019476e+01,2.018074e+01,2.018775e+01,2.003345e+01,2.005451e+01,2.016672e+01,2.020177e+01,2.020177e+01,2.011764e+01,2.027181e+01,2.022278e+01,2.004047e+01,2.013868e+01,2.013167e+01,2.022278e+01,2.005451e+01,2.010362e+01,1.996324e+01,1.991406e+01,2.004047e+01,2.007556e+01,2.001239e+01,2.007556e+01,2.005451e+01,2.013167e+01,2.012466e+01,2.009660e+01,2.005451e+01,2.013868e+01,2.007556e+01,2.014569e+01,2.017373e+01,2.026481e+01,2.025781e+01,2.018775e+01,2.015971e+01,2.019476e+01,2.027881e+01,2.019476e+01,2.019476e+01,2.013167e+01,2.020177e+01,2.015971e+01,2.025781e+01,2.019476e+01,2.024380e+01,2.031382e+01,2.026481e+01,2.022278e+01,2.025781e+01,2.026481e+01,2.021578e+01,2.020877e+01,2.034181e+01,2.034881e+01,2.023680e+01,2.022979e+01,2.020877e+01,2.003345e+01,2.011764e+01,2.004047e+01,2.008257e+01,2.030682e+01,2.038379e+01,2.039078e+01,2.040477e+01,2.039078e+01,2.028582e+01,2.033481e+01,2.036280e+01,2.032082e+01,2.029282e+01,2.025781e+01,2.030682e+01,2.039778e+01,2.029282e+01,2.033481e+01,2.026481e+01,2.022979e+01,2.021578e+01,2.018775e+01,2.018074e+01,2.020177e+01,2.027881e+01,2.022979e+01,2.012466e+01,2.008959e+01,2.022278e+01,2.012466e+01,2.008959e+01,2.005451e+01,2.004749e+01,2.002643e+01,1.994216e+01,1.993514e+01,1.991406e+01,1.990000e+01,1.991406e+01,1.985782e+01,1.987892e+01,1.985079e+01,1.993514e+01,1.994919e+01,2.001239e+01,2.013868e+01,2.008257e+01,2.003345e+01,2.020877e+01,2.018074e+01,2.013167e+01,2.026481e+01,2.032082e+01,2.039778e+01,2.042575e+01,2.039778e+01,2.032782e+01,2.036980e+01,2.050961e+01,2.044672e+01,2.052358e+01,2.048865e+01,2.044672e+01,2.048166e+01,2.042575e+01,2.048166e+01,2.049564e+01,2.043973e+01,2.049564e+01,2.053057e+01,2.048166e+01,2.060736e+01,2.050262e+01,2.051660e+01,2.048166e+01,2.050262e+01,2.049564e+01,2.054453e+01,2.053755e+01,2.044672e+01,2.048166e+01,2.051660e+01,2.057246e+01,2.039778e+01,2.043274e+01,2.041176e+01,2.042575e+01,2.046070e+01,2.053755e+01,2.046070e+01,2.043274e+01,2.044672e+01,2.031382e+01,2.032782e+01,2.034881e+01,2.038379e+01,2.039078e+01,2.037679e+01,2.018074e+01,2.021578e+01,2.014569e+01,2.008257e+01,2.026481e+01,2.011063e+01,2.010362e+01,2.004749e+01,2.007556e+01,2.004047e+01,2.008959e+01,2.006152e+01,1.994919e+01,1.989297e+01,2.001941e+01,1.992109e+01,1.991406e+01,2.002643e+01,1.998431e+01,1.992811e+01,2.004047e+01,1.994919e+01,1.980859e+01,1.990703e+01,1.988594e+01,1.985079e+01,2.004749e+01,2.004047e+01,1.992811e+01,1.992811e+01,1.988594e+01,1.996324e+01,2.001239e+01,2.018775e+01,2.029982e+01,2.015270e+01,2.011063e+01,2.012466e+01,2.014569e+01,2.008959e+01,2.013167e+01,2.012466e+01,2.006854e+01,2.008959e+01,2.012466e+01,2.011764e+01,2.011063e+01,2.010362e+01,2.006854e+01,2.012466e+01,2.011764e+01,2.019476e+01,2.013167e+01,2.011063e+01,1.999835e+01,2.015971e+01,2.012466e+01,1.996324e+01,2.015971e+01,2.001941e+01,2.014569e+01,2.012466e+01,2.019476e+01,2.013868e+01,2.019476e+01,2.013167e+01,2.033481e+01,2.018775e+01,2.021578e+01,2.033481e+01,2.021578e+01,2.036280e+01,2.013868e+01,2.034181e+01,2.035581e+01,2.040477e+01,2.061434e+01,2.058643e+01,2.065621e+01,2.083741e+01,2.079562e+01,2.079562e+01,2.090702e+01,2.086526e+01,2.083741e+01,2.083045e+01,2.082348e+01,2.080955e+01,2.085134e+01,2.080259e+01,2.088614e+01,2.085134e+01,2.089310e+01,2.089310e+01,2.087918e+01,2.088614e+01,2.086526e+01,2.084437e+01,2.079562e+01,2.095572e+01,2.099048e+01,2.092093e+01,2.095572e+01,2.077472e+01,2.083045e+01,2.087918e+01,2.085830e+01,2.087222e+01,2.099048e+01,2.085134e+01,2.101134e+01,2.083741e+01,2.091398e+01,2.108777e+01,2.087222e+01,2.096267e+01,2.092789e+01,2.092789e+01,2.094876e+01,2.093485e+01,2.090702e+01,2.099744e+01,2.103914e+01,2.109472e+01,2.098353e+01,2.099744e+01,2.088614e+01,2.104609e+01,2.086526e+01,2.087918e+01,2.085830e+01,2.096962e+01,2.092789e+01,2.090006e+01,2.091398e+01,2.090006e+01,2.096962e+01,2.095572e+01,2.096962e+01,2.096267e+01,2.100439e+01,2.089310e+01,2.093485e+01,2.091398e+01,2.092093e+01,2.098353e+01,2.087222e+01,2.096267e+01,2.096962e+01,2.093485e+01,2.095572e+01,2.092093e+01,2.093485e+01,2.096267e+01,2.094876e+01,2.099744e+01,2.091398e+01,2.089310e+01,2.098353e+01,2.096267e+01,2.094876e+01,2.088614e+01,2.090702e+01,2.094180e+01,2.099744e+01,2.105304e+01,2.095572e+01,2.099048e+01,2.094876e+01,2.096267e+01,2.096267e+01,2.088614e+01,2.106693e+01,2.106693e+01,2.108083e+01,2.097658e+01,2.089310e+01,2.089310e+01,2.096267e+01,2.091398e+01,2.083045e+01,2.065621e+01,2.079562e+01,2.079562e+01,2.080955e+01,2.072594e+01,2.064923e+01,2.072594e+01,2.076775e+01,2.079562e+01,2.083741e+01,2.084437e+01,2.086526e+01,2.083741e+01,2.110166e+01,2.109472e+01,2.101829e+01,2.119191e+01,2.124047e+01,2.122660e+01,2.122660e+01
2.069805e+01,2.087222e+01,2.075382e+01,2.072594e+01,2.075382e+01,2.050961e+01,2.067713e+01,2.073988e+01,2.080955e+01,2.085134e+01,2.069805e+01,2.089310e+01,2.079562e+01,2.076079e+01,2.077472e+01,2.080259e+01,2.076079e+01,2.076079e+01,2.083045e+01,2.073291e+01,2.064225e+01,2.070502e+01,2.062830e+01,2.066318e+01,2.069805e+01,2.076775e+01,2.082348e+01,2.066318e+01,2.061434e+01,2.060736e+01,2.060039e+01,2.054453e+01,2.051660e+01,2.057944e+01,2.049564e+01,2.055152e+01,2.050262e+01,2.048166e+01,2.048865e+01,2.050262e+01,2.056548e+01,2.044672e+01,2.043274e+01,2.055850e+01,2.060736e+01,2.056548e+01,2.057944e+01,2.054453e+01,2.053755e+01,2.050961e+01,2.048166e+01,2.044672e+01,2.050961e+01,2.052358e+01,2.048865e+01,2.057246e+01,2.041875e+01,2.039078e+01,2.041176e+01,2.036280e+01,2.029982e+01,2.032082e+01,2.025781e+01,2.025080e+01,2.027881e+01,2.009660e+01,2.027181e+01,2.027881e+01,2.027181e+01,2.029282e+01,2.028582e+01,2.029982e+01,2.015270e+01,2.023680e+01,2.030682e+01,2.013167e+01,2.023680e+01,2.032782e+01,2.022278e+01,2.021578e+01,2.022278e+01,2.029282e+01,2.026481e+01,2.025080e+01,2.029282e+01,2.038379e+01,2.029982e+01,2.041176e+01,2.039778e+01,2.033481e+01,2.050262e+01,2.045371e+01,2.047468e+01,2.048166e+01,2.053057e+01,2.053057e+01,2.051660e+01,2.055152e+01,2.055152e+01,2.050961e+01,2.055152e+01,2.051660e+01,2.047468e+01,2.054453e+01,2.052358e+01,2.050262e+01,2.052358e+01,2.055152e+01,2.050961e+01,2.042575e+01,2.046070e+01,2.042575e+01,2.043274e+01,2.050262e+01,2.049564e+01,2.046070e+01,2.046070e+01,2.041176e+01,2.041176e+01,2.041176e+01,2.044672e+01,2.054453e+01,2.039078e+01,2.041875e+01,2.062830e+01,2.062132e+01,2.057246e+01,2.057246e+01,2.053755e+01,2.049564e+01,2.060039e+01,2.054453e+01,2.060039e+01,2.067713e+01,2.060736e+01,2.061434e+01,2.065621e+01,2.073291e+01,2.062830e+01,2.067713e+01,2.066318e+01,2.064225e+01,2.059340e+01,2.065621e+01,2.061434e+01,2.064923e+01,2.064923e+01,2.062830e+01,2.060039e+01,2.065621e+01,2.056548e+01,2.057944e+01,2.064225e+01,2.057246e+01,2.065621e+01,2.067016e+01,2.057944e+01,2.061434e+01,2.061434e+01,2.062132e+01,2.055850e+01,2.059340e+01,2.060736e+01,2.055152e+01,2.061434e+01,2.064225e+01,2.069805e+01,2.057246e+01,2.071200e+01,2.053057e+01,2.055850e+01,2.055152e+01,2.053755e+01,2.053057e+01,2.053755e+01,2.054453e+01,2.050961e+01,2.054453e+01,2.049564e+01,2.041176e+01,2.042575e+01,2.045371e+01,2.031382e+01,2.037679e+01,2.032782e+01,2.026481e+01,2.026481e+01,2.003345e+01,2.008257e+01,2.015270e+01,2.001941e+01,1.982266e+01,1.978749e+01,1.984376e+01,1.976638e+01,1.982969e+01,1.982969e+01,1.971710e+01,1.982969e+01,1.978045e+01,1.977341e+01,1.975230e+01,1.975230e+01,1.998431e+01,1.975230e+01,1.993514e+01,1.984376e+01,1.989297e+01,1.995621e+01,1.991406e+01,2.013167e+01,2.011063e+01,1.996324e+01,2.011764e+01,2.011063e+01,2.005451e+01,2.009660e+01,2.001239e+01,1.993514e+01,1.999835e+01,1.994919e+01,1.998431e+01,2.013868e+01,1.990703e+01,1.978045e+01,1.994216e+01,1.982266e+01,1.982266e+01,1.966780e+01,1.979452e+01,1.966076e+01,1.968189e+01,1.974526e+01,1.971710e+01,1.966076e+01,1.971006e+01,1.953386e+01,1.955502e+01,1.951270e+01,1.949859e+01,1.950564e+01,1.945624e+01,1.950564e+01,1.949859e+01,1.948447e+01,1.950564e+01,1.961143e+01,1.963962e+01,1.949859e+01,1.951975e+01,1.953386e+01,1.953386e+01,1.956207e+01,1.950564e+01,1.959028e+01,1.957618e+01,1.959733e+01,1.957618e+01,1.962552e+01,1.963257e+01,1.948447e+01,1.948447e+01,1.962552e+01,1.961847e+01,1.985079e+01,1.993514e+01,1.997728e+01,2.001941e+01,2.004047e+01,2.015971e+01,2.011764e+01,2.022278e+01,2.023680e+01,2.023680e+01,2.022278e+01,2.019476e+01,2.022979e+01,2.027881e+01,2.025781e+01,2.027181e+01,2.022979e+01,2.024380e+01,2.033481e+01,2.017373e+01,2.017373e+01,2.033481e+01,2.013868e+01,2.018775e+01,2.011063e+01,2.008959e+01,2.021578e+01,2.013868e+01,2.016672e+01,2.024380e+01,2.015270e+01,2.029282e+01,2.009660e+01,2.015270e+01,2.005451e+01,1.999133e+01,1.996324e+01,2.000537e+01,1.996324e+01,2.006152e+01,2.014569e+01,1.997026e+01,2.013167e+01,1.994216e+01,2.012466e+01,2.011764e+01,2.017373e+01,2.015971e+01,2.012466e+01,2.011063e+01,2.013167e+01,2.035581e+01,2.026481e+01,2.029282e+01,2.027181e+01,2.029282e+01,2.015971e+01,2.018775e+01,2.025781e+01,2.016672e+01,2.017373e+01,2.022979e+01,2.025080e+01,2.022278e+01,2.025080e+01,2.005451e+01,2.027881e+01,2.027881e+01,2.030682e+01,2.021578e+01,2.032082e+01,2.033481e+01,2.034881e+01,2.034181e+01,2.028582e+01,2.020177e+01,2.027881e+01,2.016672e+01,1.996324e+01,1.997026e+01,2.000537e+01,2.015971e+01,2.039778e+01,2.039778e+01,2.037679e+01,2.034881e+01,2.034181e+01,2.043973e+01,2.027181e+01,2.032782e+01,2.032782e+01,2.035581e+01,2.035581e+01,2.029282e+01,2.025781e+01,2.033481e+01,2.022979e+01,2.022278e+01,2.021578e+01,2.028582e+01,2.023680e+01,2.018074e+01,2.015971e+01,2.015971e+01,2.009660e+01,2.011764e+01,2.013868e+01,2.012466e+01,2.006152e+01,2.004047e+01,2.000537e+01,1.992811e+01,1.996324e+01,1.992109e+01,1.992811e+01,1.997026e+01,1.983673e+01,1.995621e+01,1.994216e+01,1.997026e+01,2.004047e+01,1.999133e+01,1.998431e+01,2.020877e+01,2.014569e+01,2.018775e+01,2.020877e+01,2.029282e+01,2.025080e+01,2.028582e+01,2.030682e+01,2.038379e+01,2.041176e+01,2.041176e+01,2.043274e+01,2.039778e+01,2.039778e+01,2.036980e+01,2.039778e+01,2.040477e+01,2.049564e+01,2.043973e+01,2.047468e+01,2.039078e+01,2.048865e+01,2.034881e+01,2.051660e+01,2.054453e+01,2.053755e+01,2.039078e+01,2.051660e+01,2.055152e+01,2.054453e+01,2.051660e+01,2.052358e+01,2.043973e+01,2.051660e+01,2.046769e+01,2.039778e+01,2.039778e+01,2.039778e+01,2.047468e+01,2.036280e+01,2.048166e+01,2.048166e+01,2.039778e+01,2.043274e+01,2.041875e+01,2.037679e+01,2.039778e+01,2.038379e+01,2.029982e+01,2.026481e+01,2.027881e+01,2.023680e+01,2.033481e+01,2.006854e+01,2.022278e+01,1.999835e+01,2.006152e+01,2.020177e+01,2.005451e+01,2.005451e+01,2.011764e+01,2.001941e+01,2.007556e+01,1.993514e+01,2.003345e+01,1.992811e+01,1.999835e+01,1.991406e+01,2.008257e+01,2.006152e+01,1.997026e+01,2.001239e+01,1.992109e+01,1.990000e+01,1.990703e+01,1.992811e+01,1.988594e+01,2.003345e+01,2.003345e+01,2.005451e+01,2.006152e+01,2.006152e+01,1.999835e+01,2.018775e+01,2.011764e+01,2.015270e+01,2.013868e+01,2.013868e+01,2.025080e+01,1.999835e+01,2.031382e+01,2.013868e+01,2.027881e+01,2.014569e+01,2.010362e+01,2.010362e+01,2.015971e+01,2.012466e+01,2.017373e+01,2.014569e+01,2.013167e+01,2.013167e+01,2.010362e+01,2.013868e+01,2.026481e+01,2.017373e+01,2.022979e+01,2.012466e+01,2.018775e+01,2.017373e+01,2.021578e+01,2.017373e+01,2.014569e+01,2.018074e+01,2.019476e+01,2.018074e+01,2.021578e+01,2.015971e+01,2.034881e+01,2.035581e+01,2.036280e+01,2.036280e+01,2.037679e+01,2.048166e+01,2.036980e+01,2.037679e+01,2.033481e+01,2.055850e+01,2.046769e+01,2.057944e+01,2.069108e+01,2.080259e+01,2.087222e+01,2.073988e+01,2.081652e+01,2.089310e+01,2.090006e+01,2.090006e+01,2.085134e+01,2.076079e+01,2.076775e+01,2.082348e+01,2.102524e+01,2.085830e+01,2.092093e+01,2.087222e+01,2.083741e+01,2.088614e+01,2.088614e+01,2.089310e+01,2.092789e+01,2.085830e+01,2.105304e+01,2.091398e+01,2.091398e+01,2.083741e+01,2.089310e+01,2.099744e+01,2.101134e+01,2.090006e+01,2.085830e+01,2.078169e+01,2.094180e+01,2.083741e+01,2.090702e+01,2.084437e+01,2.084437e+01,2.086526e+01,2.082348e+01,2.084437e+01,2.090006e+01,2.093485e+01,2.100439e+01,2.094180e+01,2.102524e+01,2.094180e+01,2.067016e+01,2.094876e+01,2.077472e+01,2.106693e+01,2.096267e+01,2.103219e+01,2.101134e+01,2.089310e+01,2.099048e+01,2.099048e+01,2.092093e+01,2.096962e+01,2.089310e+01,2.098353e+01,2.092789e+01,2.104609e+01,2.097658e+01,2.094180e+01,2.098353e+01,2.094876e+01,2.092093e+01,2.091398e+01,2.100439e+01,2.100439e+01,2.094180e+01,2.092093e+01,2.094180e+01,2.094876e+01,2.119191e+01,2.082348e+01,2.104609e+01,2.092093e+01,2.089310e+01,2.097658e+01,2.095572e+01,2.099744e+01,2.100439e+01,2.097658e+01,2.099048e+01,2.091398e+01,2.094180e+01,2.096267e+01,2.082348e+01,2.096267e+01,2.093485e+01,2.110861e+01,2.109472e+01,2.105304e+01,2.104609e+01,2.085830e+01,2.102524e+01,2.094876e+01,2.096962e+01,2.094180e+01,2.090006e+01,2.104609e+01,2.094180e+01,2.091398e+01,2.083741e+01,2.085830e+01,2.083045e+01,2.066318e+01,2.080259e+01,2.077472e+01,2.078866e+01,2.077472e+01,2.086526e+01,2.085830e+01,2.091398e+01,2.087222e+01,2.110166e+01,2.101134e+01,2.125434e+01,2.134445e+01,2.139986e+01,2.151751e+01,2.153826e+01
2.074685e+01,2.070502e+01,2.075382e+01,2.072594e+01,2.093485e+01,2.080259e+01,2.079562e+01,2.070502e+01,2.076775e+01,2.083045e+01,2.070502e+01,2.083045e+01,2.077472e+01,2.076775e+01,2.078169e+01,2.069108e+01,2.067016e+01,2.076775e+01,2.071200e+01,2.076079e+01,2.073291e+01,2.073988e+01,2.079562e+01,2.073291e+01,2.067016e+01,2.058643e+01,2.080955e+01,2.079562e+01,2.066318e+01,2.053755e+01,2.064923e+01,2.064923e+01,2.057246e+01,2.062132e+01,2.064923e+01,2.071897e+01,2.057944e+01,2.059340e+01,2.050961e+01,2.044672e+01,2.055850e+01,2.057246e+01,2.054453e+01,2.053755e+01,2.056548e+01,2.058643e+01,2.054453e+01,2.053057e+01,2.050262e+01,2.050961e+01,2.048865e+01,2.055152e+01,2.048166e+01,2.047468e+01,2.052358e+01,2.048166e+01,2.060039e+01,2.048166e+01,2.044672e+01,2.024380e+01,2.057944e+01,2.023680e+01,2.029282e+01,2.030682e+01,2.029282e+01,2.025080e+01,2.027881e+01,2.036980e+01,2.028582e+01,2.032782e+01,2.043973e+01,2.029282e+01,2.041176e+01,2.034881e+01,2.027881e+01,2.036280e+01,2.020177e+01,2.039078e+01,2.032082e+01,2.021578e+01,2.032082e+01,2.032082e+01,2.031382e+01,2.032082e+01,2.029982e+01,2.030682e+01,2.047468e+01,2.050262e+01,2.032082e+01,2.043274e+01,2.046769e+01,2.047468e+01,2.048166e+01,2.050961e+01,2.061434e+01,2.041875e+01,2.059340e+01,2.060736e+01,2.043973e+01,2.049564e+01,2.050262e+01,2.066318e+01,2.048865e+01,2.048865e+01,2.049564e+01,2.052358e+01,2.043274e+01,2.056548e+01,2.048865e+01,2.043973e+01,2.042575e+01,2.053755e+01,2.043973e+01,2.055152e+01,2.053057e+01,2.045371e+01,2.053755e+01,2.041176e+01,2.043274e+01,2.046769e+01,2.045371e+01,2.046769e+01,2.046070e+01,2.053755e+01,2.049564e+01,2.053755e+01,2.055152e+01,2.064923e+01,2.057944e+01,2.054453e+01,2.060039e+01,2.053057e+01,2.061434e+01,2.059340e+01,2.058643e+01,2.057246e+01,2.076775e+01,2.061434e+01,2.060039e+01,2.064923e+01,2.061434e+01,2.067713e+01,2.067713e+01,2.073291e+01,2.073988e+01,2.070502e+01,2.049564e+01,2.060039e+01,2.057944e+01,2.060039e+01,2.056548e+01,2.060039e+01,2.062830e+01,2.067713e+01,2.062132e+01,2.063528e+01,2.069805e+01,2.057944e+01,2.059340e+01,2.058643e+01,2.054453e+01,2.062830e+01,2.057944e+01,2.062830e+01,2.057246e+01,2.053057e+01,2.061434e+01,2.058643e+01,2.061434e+01,2.069108e+01,2.048865e+01,2.052358e+01,2.046070e+01,2.053057e+01,2.060736e+01,2.055152e+01,2.059340e+01,2.061434e+01,2.044672e+01,2.040477e+01,2.048865e+01,2.035581e+01,2.038379e+01,2.030682e+01,2.029982e+01,2.010362e+01,2.011063e+01,2.019476e+01,2.008959e+01,2.006152e+01,1.992109e+01,1.978749e+01,1.984376e+01,1.979452e+01,1.980859e+01,1.982969e+01,1.980156e+01,1.972414e+01,1.972414e+01,1.978045e+01,1.972414e+01,1.996324e+01,1.969597e+01,1.979452e+01,1.993514e+01,1.984376e+01,1.981563e+01,1.980859e+01,1.985079e+01,1.980859e+01,1.994919e+01,2.012466e+01,2.008959e+01,2.008257e+01,2.006152e+01,2.006854e+01,1.997026e+01,2.001239e+01,1.994919e+01,1.992109e+01,1.994919e+01,1.990000e+01,1.987189e+01,1.982266e+01,1.982266e+01,1.981563e+01,1.984376e+01,1.975230e+01,1.973822e+01,1.975230e+01,1.978045e+01,2.001239e+01,1.973118e+01,1.966780e+01,1.948447e+01,1.951975e+01,1.949859e+01,1.966076e+01,1.951270e+01,1.947742e+01,1.953386e+01,1.950564e+01,1.953386e+01,1.949153e+01,1.949859e+01,1.960438e+01,1.956207e+01,1.956913e+01,1.951270e+01,1.957618e+01,1.960438e+01,1.957618e+01,1.953386e+01,1.955502e+01,1.943506e+01,1.944212e+01,1.956207e+01,1.961143e+01,1.957618e+01,1.962552e+01,1.959733e+01,1.951975e+01,1.965371e+01,1.963962e+01,1.967484e+01,1.977341e+01,1.976638e+01,2.002643e+01,2.008959e+01,2.008959e+01,2.018074e+01,2.012466e+01,2.012466e+01,2.018775e+01,2.021578e+01,2.008959e+01,2.016672e+01,2.023680e+01,2.015971e+01,2.021578e+01,2.015270e+01,2.022278e+01,2.020177e+01,2.025080e+01,2.009660e+01,2.029282e+01,2.018775e+01,2.018775e+01,2.020877e+01,2.017373e+01,2.018074e+01,2.022979e+01,2.025080e+01,2.018775e+01,2.020177e+01,2.022979e+01,2.031382e+01,2.011063e+01,2.013167e+01,2.008959e+01,2.006152e+01,1.998431e+01,2.011063e+01,2.016672e+01,2.000537e+01,2.010362e+01,2.006854e+01,2.008959e+01,2.010362e+01,2.005451e+01,2.004749e+01,2.017373e+01,2.006854e+01,2.023680e+01,2.026481e+01,2.015971e+01,2.014569e+01,2.032782e+01,2.025781e+01,2.014569e+01,2.025781e+01,2.025080e+01,2.029282e+01,2.020177e+01,2.022979e+01,2.032782e+01,2.023680e+01,2.025080e+01,2.027881e+01,2.028582e+01,2.030682e+01,2.026481e+01,2.023680e+01,2.034181e+01,2.022979e+01,2.032082e+01,2.027181e+01,2.021578e+01,2.034881e+01,2.031382e+01,2.012466e+01,2.022278e+01,1.999133e+01,1.987189e+01,1.999133e+01,2.010362e+01,2.008257e+01,2.034881e+01,2.024380e+01,2.031382e+01,2.039078e+01,2.034881e+01,2.026481e+01,2.034881e+01,2.030682e+01,2.032782e+01,2.033481e+01,2.035581e+01,2.026481e+01,2.024380e+01,2.026481e+01,2.028582e+01,2.020177e+01,2.018074e+01,2.027881e+01,2.024380e+01,2.011764e+01,2.016672e+01,2.008257e+01,2.026481e+01,2.014569e+01,2.018775e+01,2.013868e+01,2.013868e+01,2.003345e+01,1.997026e+01,1.994216e+01,1.996324e+01,1.992811e+01,1.982969e+01,1.983673e+01,1.999835e+01,1.990000e+01,2.003345e+01,2.015270e+01,2.004749e+01,2.011764e+01,2.024380e+01,2.029282e+01,2.022278e+01,2.027181e+01,2.027881e+01,2.022979e+01,2.040477e+01,2.034181e+01,2.040477e+01,2.043274e+01,2.040477e+01,2.043973e+01,2.047468e+01,2.043973e+01,2.048865e+01,2.043973e+01,2.038379e+01,2.042575e+01,2.046769e+01,2.052358e+01,2.045371e+01,2.046769e+01,2.045371e+01,2.034881e+01,2.057944e+01,2.058643e+01,2.053755e+01,2.054453e+01,2.060039e+01,2.055152e+01,2.058643e+01,2.054453e+01,2.044672e+01,2.043274e+01,2.039078e+01,2.035581e+01,2.055850e+01,2.055152e+01,2.052358e+01,2.033481e+01,2.041176e+01,2.041875e+01,2.041176e+01,2.050961e+01,2.039078e+01,2.050961e+01,2.036980e+01,2.034881e+01,2.033481e+01,2.041176e+01,2.020877e+01,2.016672e+01,2.013868e+01,2.016672e+01,2.013167e+01,2.009660e+01,2.013868e+01,2.013167e+01,2.005451e+01,2.014569e+01,1.999835e+01,2.005451e+01,2.004047e+01,2.003345e+01,2.004047e+01,2.003345e+01,1.997728e+01,1.992109e+01,1.993514e+01,2.006854e+01,2.006854e+01,2.018074e+01,1.990000e+01,1.995621e+01,1.987892e+01,1.990000e+01,1.986485e+01,1.982969e+01,2.001239e+01,1.995621e+01,2.005451e+01,2.011764e+01,2.002643e+01,2.023680e+01,2.011063e+01,2.015270e+01,2.015270e+01,2.019476e+01,2.017373e+01,2.025080e+01,2.027181e+01,2.010362e+01,2.011764e+01,2.016672e+01,2.014569e+01,2.011063e+01,2.013167e+01,2.027881e+01,2.015971e+01,2.016672e+01,2.013167e+01,2.026481e+01,2.022979e+01,2.015971e+01,2.013868e+01,2.013868e+01,2.024380e+01,2.023680e+01,2.023680e+01,2.016672e+01,2.016672e+01,2.019476e+01,2.022278e+01,2.019476e+01,2.019476e+01,2.020877e+01,2.016672e+01,2.018775e+01,2.016672e+01,2.020877e+01,2.023680e+01,2.030682e+01,2.037679e+01,2.035581e+01,2.037679e+01,2.036980e+01,2.034881e+01,2.052358e+01,2.050262e+01,2.059340e+01,2.062132e+01,2.067016e+01,2.083741e+01,2.085134e+01,2.086526e+01,2.090006e+01,2.091398e+01,2.094180e+01,2.107388e+01,2.086526e+01,2.080955e+01,2.100439e+01,2.088614e+01,2.087222e+01,2.087222e+01,2.086526e+01,2.085830e+01,2.085134e+01,2.094876e+01,2.094876e+01,2.086526e+01,2.080955e+01,2.091398e+01,2.083045e+01,2.089310e+01,2.099744e+01,2.088614e+01,2.080259e+01,2.090006e+01,2.088614e+01,2.095572e+01,2.087918e+01,2.090006e+01,2.094876e+01,2.105304e+01,2.112250e+01,2.096267e+01,2.112944e+01,2.092093e+01,2.087222e+01,2.099048e+01,2.101134e+01,2.102524e+01,2.099744e+01,2.092789e+01,2.104609e+01,2.096267e+01,2.092093e+01,2.099048e+01,2.112250e+01,2.097658e+01,2.090006e+01,2.095572e+01,2.095572e+01,2.089310e+01,2.094180e+01,2.094180e+01,2.091398e+01,2.081652e+01,2.095572e+01,2.093485e+01,2.094180e+01,2.101829e+01,2.100439e+01,2.090702e+01,2.094876e+01,2.097658e+01,2.100439e+01,2.100439e+01,2.091398e+01,2.089310e+01,2.088614e+01,2.092093e+01,2.093485e+01,2.096962e+01,2.093485e+01,2.093485e+01,2.106693e+01,2.099048e+01,2.110166e+01,2.090702e+01,2.094876e+01,2.098353e+01,2.093485e+01,2.100439e+01,2.100439e+01,2.096962e+01,2.097658e+01,2.081652e+01,2.095572e+01,2.099048e+01,2.107388e+01,2.101134e+01,2.108777e+01,2.110861e+01,2.101134e+01,2.098353e+01,2.093485e+01,2.105999e+01,2.091398e+01,2.092789e+01,2.090006e+01,2.088614e+01,2.080259e+01,2.073988e+01,2.073291e+01,2.076079e+01,2.080955e+01,2.080955e+01,2.078169e+01,2.080259e+01,2.081652e+01,2.080259e+01,2.089310e+01,2.085134e+01,2.102524e+01,2.113638e+01,2.115721e+01,2.124047e+01,2.134445e+01,2.128901e+01,2.124047e+01,2.133752e+01
2.073291e+01,2.077472e+01,2.072594e+01,2.073291e+01,2.077472e+01,2.087918e+01,2.083045e+01,2.075382e+01,2.075382e+01,2.069805e+01,2.082348e+01,2.056548e+01,2.080955e+01,2.073988e+01,2.077472e+01,2.076079e+01,2.075382e+01,2.072594e+01,2.079562e+01,2.082348e+01,2.086526e+01,2.065621e+01,2.064923e+01,2.070502e+01,2.071200e+01,2.087222e+01,2.073291e+01,2.069108e+01,2.062830e+01,2.067016e+01,2.059340e+01,2.067713e+01,2.070502e+01,2.064923e+01,2.070502e+01,2.056548e+01,2.062830e+01,2.058643e+01,2.047468e+01,2.054453e+01,2.057944e+01,2.058643e+01,2.058643e+01,2.046769e+01,2.060736e+01,2.057246e+01,2.057944e+01,2.048166e+01,2.045371e+01,2.053057e+01,2.054453e+01,2.053057e+01,2.045371e+01,2.050262e+01,2.053057e+01,2.041875e+01,2.050262e+01,2.060736e+01,2.041875e+01,2.037679e+01,2.023680e+01,2.041176e+01,2.025781e+01,2.025781e+01,2.015971e+01,2.035581e+01,2.038379e+01,2.028582e+01,2.028582e+01,2.029982e+01,2.018775e+01,2.021578e+01,2.029982e+01,2.032782e+01,2.034181e+01,2.037679e+01,2.030682e+01,2.036980e+01,2.054453e+01,2.040477e+01,2.034181e+01,2.041875e+01,2.034181e+01,2.042575e+01,2.032782e+01,2.039078e+01,2.037679e+01,2.034881e+01,2.050262e+01,2.050262e+01,2.046070e+01,2.050262e+01,2.048865e+01,2.046070e+01,2.047468e+01,2.061434e+01,2.057944e+01,2.055850e+01,2.048166e+01,2.057246e+01,2.049564e+01,2.048865e+01,2.048166e+01,2.060736e+01,2.046070e+01,2.060039e+01,2.058643e+01,2.058643e+01,2.055850e+01,2.053057e+01,2.049564e+01,2.055850e+01,2.047468e+01,2.045371e+01,2.039778e+01,2.042575e+01,2.058643e+01,2.041176e+01,2.055850e+01,2.045371e+01,2.045371e+01,2.057944e+01,2.055152e+01,2.051660e+01,2.053057e+01,2.059340e+01,2.066318e+01,2.069108e+01,2.048865e+01,2.060736e+01,2.056548e+01,2.062830e+01,2.057246e+01,2.050262e+01,2.059340e+01,2.060039e+01,2.060736e+01,2.060039e+01,2.063528e+01,2.066318e+01,2.075382e+01,2.059340e+01,2.064923e+01,2.058643e+01,2.056548e+01,2.056548e+01,2.064225e+01,2.065621e+01,2.054453e+01,2.055152e+01,2.067713e+01,2.060736e+01,2.052358e+01,2.064225e+01,2.060736e+01,2.053755e+01,2.052358e+01,2.056548e+01,2.063528e+01,2.057246e+01,2.050961e+01,2.057246e+01,2.052358e+01,2.060736e+01,2.060039e+01,2.064923e+01,2.061434e+01,2.057246e+01,2.057944e+01,2.069108e+01,2.053755e+01,2.053057e+01,2.050262e+01,2.043274e+01,2.054453e+01,2.054453e+01,2.050961e+01,2.045371e+01,2.040477e+01,2.042575e+01,2.034181e+01,2.032782e+01,2.038379e+01,2.032782e+01,2.028582e+01,2.014569e+01,2.007556e+01,2.018074e+01,2.003345e+01,1.994216e+01,1.969597e+01,1.981563e+01,1.975934e+01,1.976638e+01,1.988594e+01,1.986485e+01,1.973822e+01,1.984376e+01,1.972414e+01,1.973822e+01,1.962552e+01,1.969597e+01,1.968893e+01,1.975230e+01,1.987189e+01,1.974526e+01,1.975934e+01,1.984376e+01,1.980156e+01,1.999133e+01,1.992811e+01,1.990000e+01,2.001239e+01,2.008959e+01,1.999133e+01,2.004047e+01,1.994216e+01,2.006854e+01,1.994216e+01,1.988594e+01,1.988594e+01,1.990703e+01,1.987189e+01,1.979452e+01,1.988594e+01,1.973118e+01,1.980156e+01,1.978749e+01,1.974526e+01,1.979452e+01,1.976638e+01,1.968189e+01,1.959733e+01,1.959028e+01,1.957618e+01,1.947742e+01,1.965371e+01,1.963257e+01,1.961143e+01,1.956913e+01,1.949859e+01,1.948447e+01,1.949859e+01,1.949859e+01,1.949859e+01,1.949153e+01,1.949859e+01,1.955502e+01,1.953386e+01,1.956207e+01,1.954797e+01,1.975230e+01,1.953386e+01,1.967484e+01,1.957618e+01,1.957618e+01,1.959028e+01,1.956207e+01,1.961847e+01,1.963962e+01,1.956913e+01,1.950564e+01,1.955502e+01,1.957618e+01,1.955502e+01,1.978045e+01,2.000537e+01,2.001239e+01,2.007556e+01,2.012466e+01,2.011764e+01,2.017373e+01,2.018775e+01,2.020877e+01,2.008257e+01,2.024380e+01,2.025080e+01,2.021578e+01,2.015270e+01,2.019476e+01,2.025781e+01,2.023680e+01,2.027881e+01,2.020877e+01,2.029282e+01,2.022278e+01,2.021578e+01,2.013868e+01,2.020877e+01,2.017373e+01,2.015971e+01,2.018074e+01,2.017373e+01,2.015971e+01,2.025080e+01,2.018074e+01,2.011063e+01,2.004749e+01,2.009660e+01,2.008959e+01,2.008257e+01,2.012466e+01,2.009660e+01,1.997728e+01,2.011063e+01,2.001239e+01,2.009660e+01,2.013868e+01,2.009660e+01,2.004047e+01,2.011063e+01,2.012466e+01,2.018775e+01,2.029982e+01,2.011764e+01,2.014569e+01,2.027881e+01,2.029282e+01,2.019476e+01,2.025080e+01,2.023680e+01,2.013167e+01,2.019476e+01,2.016672e+01,2.016672e+01,2.013868e+01,2.026481e+01,2.027181e+01,2.027181e+01,2.027881e+01,2.030682e+01,2.027181e+01,2.030682e+01,2.028582e+01,2.020177e+01,2.034181e+01,2.027881e+01,2.025781e+01,2.025781e+01,2.031382e+01,2.033481e+01,2.020877e+01,2.009660e+01,1.996324e+01,1.992811e+01,1.992109e+01,1.999835e+01,1.994919e+01,2.025781e+01,2.033481e+01,2.030682e+01,2.017373e+01,2.027881e+01,2.035581e+01,2.030682e+01,2.036980e+01,2.035581e+01,2.027881e+01,2.041875e+01,2.032082e+01,2.025781e+01,2.015270e+01,2.020877e+01,2.018775e+01,2.018074e+01,2.015270e+01,2.025080e+01,2.018775e+01,2.010362e+01,2.025781e+01,2.023680e+01,2.013167e+01,2.015971e+01,2.010362e+01,2.008959e+01,2.005451e+01,2.003345e+01,1.988594e+01,1.982266e+01,2.004749e+01,1.998431e+01,1.981563e+01,1.999835e+01,2.002643e+01,2.015971e+01,2.019476e+01,2.016672e+01,2.031382e+01,2.027881e+01,2.029282e+01,2.022979e+01,2.026481e+01,2.020177e+01,2.030682e+01,2.036980e+01,2.039078e+01,2.022979e+01,2.039078e+01,2.042575e+01,2.043973e+01,2.042575e+01,2.048166e+01,2.042575e+01,2.043973e+01,2.051660e+01,2.041176e+01,2.049564e+01,2.052358e+01,2.057246e+01,2.057944e+01,2.053755e+01,2.045371e+01,2.058643e+01,2.060039e+01,2.053057e+01,2.054453e+01,2.055152e+01,2.052358e+01,2.057246e+01,2.032782e+01,2.048166e+01,2.036280e+01,2.027181e+01,2.044672e+01,2.045371e+01,2.031382e+01,2.040477e+01,2.043274e+01,2.042575e+01,2.036980e+01,2.021578e+01,2.039778e+01,2.029982e+01,2.035581e+01,2.029282e+01,2.023680e+01,2.019476e+01,2.025781e+01,2.027181e+01,2.017373e+01,1.997728e+01,2.011764e+01,2.013167e+01,2.015971e+01,2.013167e+01,1.999133e+01,2.001941e+01,2.000537e+01,2.007556e+01,2.004047e+01,1.993514e+01,2.001941e+01,1.996324e+01,1.999835e+01,1.996324e+01,2.004047e+01,2.001239e+01,2.003345e+01,1.982969e+01,1.998431e+01,1.995621e+01,1.982266e+01,1.988594e+01,1.996324e+01,1.992811e+01,1.996324e+01,1.998431e+01,2.012466e+01,1.998431e+01,2.019476e+01,2.015971e+01,2.011063e+01,2.013868e+01,2.020877e+01,2.015270e+01,2.013868e+01,2.028582e+01,2.023680e+01,2.027181e+01,2.013868e+01,2.014569e+01,2.014569e+01,2.024380e+01,2.023680e+01,2.022979e+01,2.015971e+01,2.027881e+01,2.035581e+01,2.029282e+01,2.016672e+01,2.011764e+01,2.014569e+01,2.018074e+01,2.022278e+01,2.046070e+01,2.022979e+01,2.017373e+01,2.017373e+01,2.027881e+01,2.028582e+01,2.027181e+01,2.025781e+01,2.020177e+01,2.011063e+01,2.023680e+01,2.013868e+01,2.027881e+01,2.027881e+01,2.027181e+01,2.037679e+01,2.037679e+01,2.032082e+01,2.035581e+01,2.035581e+01,2.047468e+01,2.062132e+01,2.062132e+01,2.073988e+01,2.063528e+01,2.080955e+01,2.092093e+01,2.085134e+01,2.092789e+01,2.088614e+01,2.094180e+01,2.090006e+01,2.090006e+01,2.093485e+01,2.096267e+01,2.078866e+01,2.090006e+01,2.088614e+01,2.087222e+01,2.087222e+01,2.096962e+01,2.083045e+01,2.085830e+01,2.099048e+01,2.096962e+01,2.103219e+01,2.087222e+01,2.089310e+01,2.090702e+01,2.079562e+01,2.077472e+01,2.093485e+01,2.096267e+01,2.099048e+01,2.092093e+01,2.094180e+01,2.099048e+01,2.091398e+01,2.097658e+01,2.107388e+01,2.100439e+01,2.091398e+01,2.092093e+01,2.098353e+01,2.096962e+01,2.092093e+01,2.098353e+01,2.099048e+01,2.087222e+01,2.096962e+01,2.099744e+01,2.100439e+01,2.098353e+01,2.099048e+01,2.102524e+01,2.103219e+01,2.090702e+01,2.087222e+01,2.080259e+01,2.098353e+01,2.092789e+01,2.100439e+01,2.096962e+01,2.095572e+01,2.104609e+01,2.101134e+01,2.091398e+01,2.080955e+01,2.093485e+01,2.086526e+01,2.087222e+01,2.101134e+01,2.109472e+01,2.108083e+01,2.105999e+01,2.096267e+01,2.088614e+01,2.106693e+01,2.094180e+01,2.095572e+01,2.095572e+01,2.096267e+01,2.098353e+01,2.109472e+01,2.079562e+01,2.085830e+01,2.105304e+01,2.096267e+01,2.089310e+01,2.096267e+01,2.103219e+01,2.094876e+01,2.095572e+01,2.096267e+01,2.092093e+01,2.104609e+01,2.098353e+01,2.110166e+01,2.108083e+01,2.097658e+01,2.092093e+01,2.090702e+01,2.086526e+01,2.092789e+01,2.088614e+01,2.079562e+01,2.083741e+01,2.072594e+01,2.081652e+01,2.076775e+01,2.092093e+01,2.077472e+01,2.081652e+01,2.076775e+01,2.088614e+01,2.094180e+01,2.092093e+01,2.089310e+01,2.092093e+01,2.089310e+01,2.105304e+01,2.128901e+01,2.125434e+01,2.139293e+01,2.157283e+01,2.157283e+01
2.072594e+01,2.076775e+01,2.085830e+01,2.087222e+01,2.077472e+01,2.066318e+01,2.088614e+01,2.080955e+01,2.080259e+01,2.066318e+01,2.080259e+01,2.083045e+01,2.080259e+01,2.078169e+01,2.073291e+01,2.076775e+01,2.069108e+01,2.062830e+01,2.069805e+01,2.075382e+01,2.071897e+01,2.067016e+01,2.067713e+01,2.060736e+01,2.064225e+01,2.071897e+01,2.063528e+01,2.070502e+01,2.074685e+01,2.069108e+01,2.069805e+01,2.068410e+01,2.083045e+01,2.080955e+01,2.054453e+01,2.064923e+01,2.061434e+01,2.057944e+01,2.051660e+01,2.049564e+01,2.055152e+01,2.059340e+01,2.062830e+01,2.061434e+01,2.062830e+01,2.062132e+01,2.048865e+01,2.048865e+01,2.050262e+01,2.053057e+01,2.046769e+01,2.053755e+01,2.047468e+01,2.053755e+01,2.052358e+01,2.048865e+01,2.045371e+01,2.046769e+01,2.074685e+01,2.032082e+01,2.053755e+01,2.039078e+01,2.049564e+01,2.025781e+01,2.033481e+01,2.036980e+01,2.034881e+01,2.032782e+01,2.041875e+01,2.040477e+01,2.041176e+01,2.035581e+01,2.034181e+01,2.037679e+01,2.036980e+01,2.036980e+01,2.032782e+01,2.036280e+01,2.033481e+01,2.034181e+01,2.040477e+01,2.040477e+01,2.044672e+01,2.036280e+01,2.035581e+01,2.058643e+01,2.062132e+01,2.042575e+01,2.037679e+01,2.046070e+01,2.048166e+01,2.048166e+01,2.046070e+01,2.053755e+01,2.053755e+01,2.063528e+01,2.056548e+01,2.060736e+01,2.057944e+01,2.046769e+01,2.071200e+01,2.048865e+01,2.052358e+01,2.066318e+01,2.053755e+01,2.055152e+01,2.055152e+01,2.057944e+01,2.043973e+01,2.055850e+01,2.058643e+01,2.061434e+01,2.054453e+01,2.048865e+01,2.042575e+01,2.052358e+01,2.058643e+01,2.050262e+01,2.057246e+01,2.059340e+01,2.055152e+01,2.054453e+01,2.046769e+01,2.065621e+01,2.052358e+01,2.056548e+01,2.059340e+01,2.054453e+01,2.054453e+01,2.060039e+01,2.060736e+01,2.060039e+01,2.062830e+01,2.060736e+01,2.059340e+01,2.060736e+01,2.066318e+01,2.052358e+01,2.052358e+01,2.069108e+01,2.062132e+01,2.057944e+01,2.076079e+01,2.069805e+01,2.061434e+01,2.067016e+01,2.062830e+01,2.062830e+01,2.064923e+01,2.055850e+01,2.068410e+01,2.061434e+01,2.070502e+01,2.056548e+01,2.061434e+01,2.059340e+01,2.055152e+01,2.066318e+01,2.058643e+01,2.057246e+01,2.043973e+01,2.050262e+01,2.049564e+01,2.060039e+01,2.056548e+01,2.053755e+01,2.050262e+01,2.060736e+01,2.050262e+01,2.054453e+01,2.053755e+01,2.053755e+01,2.055850e+01,2.069108e+01,2.053057e+01,2.054453e+01,2.049564e+01,2.048166e+01,2.035581e+01,2.045371e+01,2.038379e+01,2.039778e+01,2.029982e+01,2.031382e+01,2.031382e+01,2.022278e+01,2.009660e+01,2.034881e+01,1.993514e+01,1.997728e+01,1.982266e+01,1.973822e+01,1.979452e+01,1.993514e+01,1.973822e+01,1.981563e+01,2.003345e+01,1.968893e+01,1.978749e+01,1.971710e+01,1.960438e+01,1.973118e+01,1.973822e+01,1.975934e+01,1.968189e+01,1.965371e+01,1.978045e+01,1.982969e+01,1.968189e+01,1.970302e+01,1.985782e+01,1.985782e+01,1.985079e+01,1.993514e+01,1.996324e+01,2.006854e+01,1.986485e+01,2.005451e+01,1.989297e+01,1.991406e+01,1.992811e+01,1.979452e+01,1.988594e+01,1.982266e+01,1.983673e+01,1.982266e+01,1.990703e+01,1.975934e+01,1.973822e+01,1.973118e+01,1.974526e+01,1.966780e+01,1.962552e+01,1.949859e+01,1.959028e+01,1.956207e+01,1.947036e+01,1.957618e+01,1.949153e+01,1.947742e+01,1.952681e+01,1.949859e+01,1.948447e+01,1.947036e+01,1.951270e+01,1.954797e+01,1.951270e+01,1.951975e+01,1.955502e+01,1.954797e+01,1.966780e+01,1.956207e+01,1.958323e+01,1.951975e+01,1.956207e+01,1.949153e+01,1.958323e+01,1.956913e+01,1.961847e+01,1.951270e+01,1.954797e+01,1.964666e+01,1.962552e+01,1.956207e+01,1.954797e+01,1.973822e+01,2.002643e+01,1.995621e+01,1.999835e+01,2.018074e+01,2.018775e+01,2.011063e+01,2.020877e+01,2.013167e+01,2.018775e+01,2.017373e+01,2.020177e+01,2.021578e+01,2.025781e+01,2.018074e+01,2.018074e+01,2.011764e+01,2.015971e+01,2.053755e+01,2.015270e+01,2.017373e+01,2.015270e+01,2.018775e+01,2.022278e+01,2.015270e+01,2.025080e+01,2.021578e+01,2.020177e+01,2.015270e+01,2.011764e+01,2.013868e+01,2.011764e+01,2.009660e+01,2.006152e+01,2.009660e+01,2.008257e+01,2.000537e+01,1.994216e+01,2.013167e+01,2.008257e+01,2.001941e+01,1.999133e+01,2.008257e+01,2.008959e+01,2.010362e+01,2.015971e+01,2.008959e+01,2.015270e+01,2.018775e+01,2.016672e+01,2.031382e+01,2.027881e+01,2.015270e+01,2.012466e+01,2.026481e+01,2.025781e+01,2.027181e+01,2.024380e+01,2.021578e+01,2.014569e+01,2.024380e+01,2.024380e+01,2.030682e+01,2.027881e+01,2.028582e+01,2.029282e+01,2.020877e+01,2.027181e+01,2.021578e+01,2.031382e+01,2.034181e+01,2.018775e+01,2.034881e+01,2.033481e+01,2.035581e+01,2.023680e+01,2.011063e+01,2.008257e+01,1.986485e+01,1.968893e+01,1.966780e+01,1.980156e+01,1.996324e+01,1.996324e+01,2.009660e+01,2.022979e+01,2.024380e+01,2.022979e+01,2.036980e+01,2.041176e+01,2.038379e+01,2.033481e+01,2.025781e+01,2.032782e+01,2.026481e+01,2.021578e+01,2.021578e+01,2.025080e+01,2.020177e+01,2.020177e+01,2.018074e+01,2.018775e+01,2.020177e+01,2.025781e+01,2.021578e+01,2.015971e+01,2.016672e+01,2.008257e+01,2.016672e+01,2.011063e+01,2.004047e+01,1.992811e+01,1.992109e+01,2.004047e+01,1.984376e+01,1.999133e+01,1.990000e+01,2.003345e+01,2.006152e+01,2.016672e+01,2.020177e+01,2.027881e+01,2.027181e+01,2.029282e+01,2.029282e+01,2.032082e+01,2.015971e+01,2.032782e+01,2.038379e+01,2.038379e+01,2.046070e+01,2.039778e+01,2.043274e+01,2.045371e+01,2.046070e+01,2.043274e+01,2.038379e+01,2.039078e+01,2.044672e+01,2.037679e+01,2.046070e+01,2.047468e+01,2.057246e+01,2.054453e+01,2.056548e+01,2.061434e+01,2.051660e+01,2.060736e+01,2.058643e+01,2.053755e+01,2.051660e+01,2.053755e+01,2.050961e+01,2.053755e+01,2.051660e+01,2.046769e+01,2.036980e+01,2.043973e+01,2.040477e+01,2.036980e+01,2.046769e+01,2.030682e+01,2.031382e+01,2.041176e+01,2.036280e+01,2.036980e+01,2.035581e+01,2.038379e+01,2.034181e+01,2.028582e+01,2.032082e+01,2.029282e+01,2.022979e+01,2.027181e+01,2.026481e+01,2.024380e+01,2.013868e+01,2.015971e+01,2.006854e+01,2.006854e+01,2.000537e+01,2.005451e+01,2.004047e+01,2.006152e+01,2.030682e+01,2.002643e+01,2.002643e+01,2.001941e+01,2.008959e+01,2.004749e+01,1.994919e+01,1.992109e+01,1.997728e+01,2.008959e+01,1.996324e+01,1.992109e+01,1.994216e+01,1.989297e+01,1.982969e+01,1.983673e+01,1.999133e+01,2.008959e+01,2.015270e+01,2.009660e+01,2.013167e+01,2.017373e+01,2.022979e+01,2.018775e+01,2.016672e+01,2.025781e+01,2.013868e+01,2.023680e+01,2.019476e+01,2.014569e+01,2.023680e+01,2.015270e+01,2.016672e+01,2.019476e+01,2.015270e+01,2.015270e+01,2.032782e+01,2.020177e+01,2.022278e+01,2.022979e+01,2.020877e+01,2.004749e+01,2.027181e+01,2.022979e+01,2.021578e+01,2.020177e+01,2.016672e+01,2.024380e+01,2.020177e+01,2.025080e+01,2.026481e+01,2.028582e+01,2.025080e+01,2.021578e+01,2.018074e+01,2.027881e+01,2.032082e+01,2.030682e+01,2.029282e+01,2.025080e+01,2.023680e+01,2.020177e+01,2.035581e+01,2.035581e+01,2.036280e+01,2.043274e+01,2.068410e+01,2.063528e+01,2.071897e+01,2.076775e+01,2.090006e+01,2.086526e+01,2.090702e+01,2.088614e+01,2.076775e+01,2.083045e+01,2.080259e+01,2.092789e+01,2.095572e+01,2.081652e+01,2.089310e+01,2.092093e+01,2.092093e+01,2.088614e+01,2.097658e+01,2.096962e+01,2.085134e+01,2.091398e+01,2.093485e+01,2.098353e+01,2.090702e+01,2.087222e+01,2.091398e+01,2.087222e+01,2.086526e+01,2.094180e+01,2.094180e+01,2.096267e+01,2.086526e+01,2.087222e+01,2.080259e+01,2.086526e+01,2.110861e+01,2.112944e+01,2.108777e+01,2.094180e+01,2.107388e+01,2.085830e+01,2.097658e+01,2.096962e+01,2.100439e+01,2.093485e+01,2.100439e+01,2.094876e+01,2.102524e+01,2.101829e+01,2.094180e+01,2.099048e+01,2.099048e+01,2.094180e+01,2.092789e+01,2.089310e+01,2.091398e+01,2.087222e+01,2.086526e+01,2.093485e+01,2.094876e+01,2.098353e+01,2.094876e+01,2.101134e+01,2.099048e+01,2.100439e+01,2.096962e+01,2.095572e+01,2.101134e+01,2.092093e+01,2.096962e+01,2.094876e+01,2.104609e+01,2.099048e+01,2.099048e+01,2.078169e+01,2.092789e+01,2.104609e+01,2.099744e+01,2.092093e+01,2.117109e+01,2.108777e+01,2.105304e+01,2.098353e+01,2.098353e+01,2.096267e+01,2.098353e+01,2.096962e+01,2.100439e+01,2.097658e+01,2.080259e+01,2.088614e+01,2.102524e+01,2.101134e+01,2.107388e+01,2.109472e+01,2.109472e+01,2.095572e+01,2.095572e+01,2.094180e+01,2.101134e+01,2.090006e+01,2.075382e+01,2.080955e+01,2.078866e+01,2.076775e+01,2.083045e+01,2.063528e+01,2.078169e+01,2.090006e+01,2.075382e+01,2.079562e+01,2.079562e+01,2.089310e+01,2.096267e+01,2.089310e+01,2.109472e+01,2.104609e+01,2.113638e+01,2.124047e+01,2.112250e+01,2.139293e+01,2.128901e+01,2.130980e+01,2.138601e+01
2.077472e+01,2.080955e+01,2.075382e+01,2.083045e+01,2.078866e+01,2.075382e+01,2.075382e+01,2.078169e+01,2.070502e+01,2.071200e+01,2.086526e+01,2.069805e+01,2.069108e+01,2.072594e+01,2.076079e+01,2.073291e+01,2.075382e+01,2.069108e+01,2.069108e+01,2.073291e+01,2.076079e+01,2.078169e+01,2.077472e+01,2.078169e+01,2.078866e+01,2.067713e+01,2.072594e+01,2.070502e+01,2.069108e+01,2.067713e+01,2.069108e+01,2.073291e+01,2.069108e+01,2.067713e+01,2.067016e+01,2.067016e+01,2.070502e+01,2.060736e+01,2.062830e+01,2.048166e+01,2.064923e+01,2.060736e+01,2.062132e+01,2.064225e+01,2.060039e+01,2.056548e+01,2.068410e+01,2.059340e+01,2.070502e+01,2.048865e+01,2.057944e+01,2.055850e+01,2.048166e+01,2.045371e+01,2.056548e+01,2.050262e+01,2.050262e+01,2.057944e+01,2.036280e+01,2.054453e+01,2.045371e+01,2.034181e+01,2.030682e+01,2.038379e+01,2.028582e+01,2.035581e+01,2.025080e+01,2.015270e+01,2.015270e+01,2.034181e+01,2.039078e+01,2.032082e+01,2.038379e+01,2.036280e+01,2.036980e+01,2.035581e+01,2.035581e+01,2.034881e+01,2.039078e+01,2.027881e+01,2.029982e+01,2.046769e+01,2.033481e+01,2.047468e+01,2.049564e+01,2.034181e+01,2.044672e+01,2.041176e+01,2.048166e+01,2.043274e+01,2.043274e+01,2.058643e+01,2.047468e+01,2.053755e+01,2.057246e+01,2.049564e+01,2.059340e+01,2.044672e+01,2.044672e+01,2.045371e+01,2.062132e+01,2.053755e+01,2.052358e+01,2.048166e+01,2.048865e+01,2.050961e+01,2.051660e+01,2.053755e+01,2.037679e+01,2.043274e+01,2.030682e+01,2.048865e+01,2.057944e+01,2.055850e+01,2.051660e+01,2.054453e+01,2.053755e+01,2.054453e+01,2.044672e+01,2.045371e+01,2.054453e+01,2.045371e+01,2.047468e+01,2.045371e+01,2.056548e+01,2.049564e+01,2.050961e+01,2.058643e+01,2.060736e+01,2.057944e+01,2.053755e+01,2.062830e+01,2.066318e+01,2.057944e+01,2.060736e+01,2.067016e+01,2.055850e+01,2.059340e+01,2.039778e+01,2.069805e+01,2.064923e+01,2.053057e+01,2.057246e+01,2.055850e+01,2.062830e+01,2.054453e+01,2.063528e+01,2.066318e+01,2.046070e+01,2.060736e+01,2.052358e+01,2.055152e+01,2.054453e+01,2.064923e+01,2.060736e+01,2.060039e+01,2.046769e+01,2.053057e+01,2.064225e+01,2.046769e+01,2.045371e+01,2.059340e+01,2.060039e+01,2.057944e+01,2.061434e+01,2.055850e+01,2.053755e+01,2.052358e+01,2.050961e+01,2.050262e+01,2.053057e+01,2.057246e+01,2.041875e+01,2.051660e+01,2.054453e+01,2.055152e+01,2.046769e+01,2.046070e+01,2.048166e+01,2.060736e+01,2.071200e+01,2.033481e+01,2.023680e+01,2.020177e+01,2.013868e+01,2.012466e+01,2.020877e+01,2.004749e+01,1.987892e+01,1.978749e+01,1.973118e+01,1.976638e+01,1.976638e+01,1.986485e+01,1.973822e+01,1.988594e+01,1.964666e+01,1.971710e+01,1.983673e+01,1.971710e+01,1.980156e+01,1.969597e+01,1.990703e+01,1.974526e+01,1.971710e+01,1.966780e+01,1.972414e+01,1.965371e+01,1.968893e+01,1.975230e+01,1.973118e+01,1.984376e+01,1.987892e+01,1.985079e+01,1.992109e+01,1.985782e+01,1.983673e+01,1.988594e+01,1.986485e+01,1.986485e+01,1.982266e+01,1.981563e+01,1.994216e+01,1.984376e+01,1.968189e+01,1.980156e+01,1.978749e+01,1.971006e+01,1.971710e+01,1.972414e+01,1.974526e+01,1.961847e+01,1.964666e+01,1.963962e+01,1.961847e+01,1.961847e+01,1.956207e+01,1.956913e+01,1.951270e+01,1.953386e+01,1.951270e+01,1.945624e+01,1.954797e+01,1.951270e+01,1.954797e+01,1.957618e+01,1.951270e+01,1.951975e+01,1.947742e+01,1.952681e+01,1.951270e+01,1.951270e+01,1.951975e+01,1.949153e+01,1.954797e+01,1.959028e+01,1.954092e+01,1.951975e+01,1.951975e+01,1.960438e+01,1.950564e+01,1.954797e+01,1.961143e+01,1.955502e+01,1.977341e+01,1.990000e+01,1.986485e+01,2.001239e+01,2.015270e+01,2.008959e+01,2.008257e+01,2.017373e+01,2.012466e+01,2.014569e+01,2.015270e+01,2.011764e+01,2.018074e+01,2.015971e+01,2.015270e+01,2.021578e+01,2.023680e+01,2.025080e+01,2.017373e+01,2.012466e+01,2.025080e+01,2.034881e+01,2.022278e+01,2.017373e+01,2.025781e+01,2.024380e+01,2.018775e+01,2.022979e+01,2.011063e+01,2.013167e+01,2.022278e+01,2.013167e+01,2.013167e+01,2.013868e+01,2.011764e+01,2.012466e+01,2.017373e+01,2.006152e+01,2.005451e+01,2.004047e+01,2.006152e+01,2.003345e+01,2.004047e+01,2.002643e+01,2.004047e+01,2.009660e+01,2.018074e+01,2.013167e+01,2.015971e+01,2.018074e+01,2.014569e+01,2.018775e+01,2.013868e+01,2.021578e+01,2.025781e+01,2.025080e+01,2.027181e+01,2.013167e+01,2.022979e+01,2.025080e+01,2.013868e+01,2.021578e+01,2.033481e+01,2.027881e+01,2.028582e+01,2.028582e+01,2.028582e+01,2.029982e+01,2.020177e+01,2.032782e+01,2.011764e+01,2.025781e+01,2.022278e+01,2.032782e+01,2.032082e+01,2.032782e+01,2.028582e+01,2.030682e+01,2.017373e+01,1.986485e+01,1.942093e+01,1.942093e+01,1.942800e+01,1.964666e+01,1.982266e+01,1.992811e+01,2.004749e+01,2.014569e+01,2.020177e+01,2.029982e+01,2.029982e+01,2.039078e+01,2.032782e+01,2.030682e+01,2.030682e+01,2.014569e+01,2.020877e+01,2.018074e+01,2.020877e+01,2.022278e+01,2.015270e+01,2.020177e+01,2.016672e+01,2.020177e+01,2.016672e+01,2.025781e+01,2.009660e+01,2.011764e+01,2.015971e+01,2.009660e+01,2.003345e+01,2.009660e+01,2.008257e+01,2.006854e+01,2.000537e+01,1.990703e+01,2.015971e+01,1.998431e+01,1.988594e+01,2.012466e+01,2.021578e+01,2.021578e+01,2.019476e+01,2.025781e+01,2.024380e+01,2.030682e+01,2.031382e+01,2.030682e+01,2.036980e+01,2.040477e+01,2.036280e+01,2.050961e+01,2.047468e+01,2.048166e+01,2.048865e+01,2.043274e+01,2.041875e+01,2.043973e+01,2.042575e+01,2.031382e+01,2.049564e+01,2.048166e+01,2.046769e+01,2.057246e+01,2.046769e+01,2.049564e+01,2.046769e+01,2.055850e+01,2.060736e+01,2.048166e+01,2.052358e+01,2.044672e+01,2.049564e+01,2.046769e+01,2.050961e+01,2.052358e+01,2.046769e+01,2.034881e+01,2.034881e+01,2.041176e+01,2.037679e+01,2.034181e+01,2.030682e+01,2.034881e+01,2.044672e+01,2.032082e+01,2.032082e+01,2.029282e+01,2.022979e+01,2.027881e+01,2.023680e+01,2.022278e+01,2.015270e+01,2.010362e+01,2.011063e+01,2.013167e+01,2.021578e+01,2.013868e+01,2.005451e+01,1.997026e+01,2.002643e+01,1.992811e+01,1.997728e+01,2.015270e+01,1.999835e+01,2.001941e+01,2.004047e+01,2.003345e+01,2.018074e+01,2.006152e+01,1.993514e+01,2.003345e+01,1.999133e+01,1.989297e+01,1.975230e+01,1.982266e+01,1.978749e+01,1.980156e+01,1.979452e+01,1.994216e+01,1.994216e+01,1.998431e+01,1.993514e+01,2.011063e+01,2.014569e+01,2.019476e+01,2.020877e+01,2.020877e+01,2.018775e+01,2.021578e+01,2.024380e+01,2.018074e+01,2.017373e+01,2.023680e+01,2.017373e+01,2.018074e+01,2.025781e+01,2.012466e+01,2.014569e+01,2.022278e+01,2.013167e+01,2.018775e+01,2.020877e+01,2.015270e+01,2.034881e+01,2.026481e+01,2.020877e+01,2.022979e+01,2.023680e+01,2.020177e+01,2.017373e+01,2.016672e+01,2.015971e+01,2.025080e+01,2.020877e+01,2.029282e+01,2.018775e+01,2.016672e+01,2.019476e+01,2.036280e+01,2.011764e+01,2.027181e+01,2.020877e+01,2.025080e+01,2.025080e+01,2.026481e+01,2.028582e+01,2.025781e+01,2.037679e+01,2.038379e+01,2.048166e+01,2.055850e+01,2.064225e+01,2.066318e+01,2.069805e+01,2.086526e+01,2.078866e+01,2.080259e+01,2.091398e+01,2.085134e+01,2.095572e+01,2.076775e+01,2.089310e+01,2.085134e+01,2.084437e+01,2.088614e+01,2.092093e+01,2.074685e+01,2.089310e+01,2.085830e+01,2.084437e+01,2.089310e+01,2.085830e+01,2.096267e+01,2.096962e+01,2.088614e+01,2.099048e+01,2.085830e+01,2.106693e+01,2.096267e+01,2.089310e+01,2.095572e+01,2.092789e+01,2.084437e+01,2.085134e+01,2.085830e+01,2.094876e+01,2.087918e+01,2.101134e+01,2.087918e+01,2.096267e+01,2.087918e+01,2.119191e+01,2.085134e+01,2.083741e+01,2.084437e+01,2.087222e+01,2.085830e+01,2.089310e+01,2.096962e+01,2.087918e+01,2.090006e+01,2.094180e+01,2.093485e+01,2.087918e+01,2.091398e+01,2.094180e+01,2.096962e+01,2.107388e+01,2.105304e+01,2.092093e+01,2.093485e+01,2.101829e+01,2.096962e+01,2.098353e+01,2.088614e+01,2.095572e+01,2.088614e+01,2.084437e+01,2.085134e+01,2.087222e+01,2.087222e+01,2.103219e+01,2.097658e+01,2.090006e+01,2.080955e+01,2.094876e+01,2.099744e+01,2.091398e+01,2.093485e+01,2.099744e+01,2.092789e+01,2.098353e+01,2.099048e+01,2.102524e+01,2.090006e+01,2.097658e+01,2.085830e+01,2.100439e+01,2.099048e+01,2.087222e+01,2.102524e+01,2.083741e+01,2.099048e+01,2.099744e+01,2.111555e+01,2.105304e+01,2.096962e+01,2.105999e+01,2.096267e+01,2.069108e+01,2.090702e+01,2.085830e+01,2.070502e+01,2.086526e+01,2.093485e+01,2.078866e+01,2.079562e+01,2.077472e+01,2.079562e+01,2.076079e+01,2.073291e+01,2.078866e+01,2.086526e+01,2.089310e+01,2.082348e+01,2.098353e+01,2.089310e+01,2.090702e+01,2.106693e+01,2.113638e+01,2.120579e+01,2.126821e+01,2.124740e+01,2.136523e+01,2.137216e+01
2.079562e+01,2.078169e+01,2.061434e+01,2.078866e+01,2.078866e+01,2.069805e+01,2.066318e+01,2.080259e+01,2.070502e+01,2.076775e+01,2.076079e+01,2.071897e+01,2.079562e+01,2.068410e+01,2.081652e+01,2.061434e+01,2.068410e+01,2.069805e+01,2.080955e+01,2.082348e+01,2.069108e+01,2.070502e+01,2.067016e+01,2.076079e+01,2.079562e+01,2.062132e+01,2.064225e+01,2.063528e+01,2.061434e+01,2.078169e+01,2.078169e+01,2.067713e+01,2.080955e+01,2.071897e+01,2.067016e+01,2.068410e+01,2.060039e+01,2.062132e+01,2.066318e+01,2.058643e+01,2.056548e+01,2.073291e+01,2.071200e+01,2.062830e+01,2.064225e+01,2.065621e+01,2.051660e+01,2.064923e+01,2.067713e+01,2.055850e+01,2.050262e+01,2.070502e+01,2.048166e+01,2.048865e+01,2.050961e+01,2.050961e+01,2.043274e+01,2.046769e+01,2.046070e+01,2.051660e+01,2.041875e+01,2.028582e+01,2.033481e+01,2.036980e+01,2.032082e+01,2.032782e+01,2.041176e+01,2.032782e+01,2.037679e+01,2.035581e+01,2.036280e+01,2.038379e+01,2.026481e+01,2.036980e+01,2.035581e+01,2.039778e+01,2.036280e+01,2.036280e+01,2.037679e+01,2.053755e+01,2.039078e+01,2.040477e+01,2.045371e+01,2.035581e+01,2.048166e+01,2.050961e+01,2.032782e+01,2.039778e+01,2.032782e+01,2.057944e+01,2.046070e+01,2.044672e+01,2.061434e+01,2.049564e+01,2.044672e+01,2.053057e+01,2.044672e+01,2.053057e+01,2.050961e+01,2.051660e+01,2.060039e+01,2.053755e+01,2.060736e+01,2.062830e+01,2.056548e+01,2.064225e+01,2.051660e+01,2.053755e+01,2.050262e+01,2.048166e+01,2.051660e+01,2.057246e+01,2.049564e+01,2.050961e+01,2.058643e+01,2.064225e+01,2.058643e+01,2.046070e+01,2.050961e+01,2.060039e+01,2.048166e+01,2.051660e+01,2.051660e+01,2.050262e+01,2.061434e+01,2.057944e+01,2.063528e+01,2.059340e+01,2.061434e+01,2.053057e+01,2.059340e+01,2.055152e+01,2.068410e+01,2.057944e+01,2.063528e+01,2.055850e+01,2.056548e+01,2.064225e+01,2.049564e+01,2.047468e+01,2.057246e+01,2.055850e+01,2.055850e+01,2.065621e+01,2.068410e+01,2.061434e+01,2.058643e+01,2.057246e+01,2.054453e+01,2.066318e+01,2.064225e+01,2.065621e+01,2.054453e+01,2.058643e+01,2.050961e+01,2.059340e+01,2.060039e+01,2.061434e+01,2.060736e+01,2.058643e+01,2.056548e+01,2.060039e+01,2.058643e+01,2.047468e+01,2.053057e+01,2.067713e+01,2.053755e+01,2.057944e+01,2.056548e+01,2.061434e+01,2.043274e+01,2.052358e+01,2.055152e+01,2.049564e+01,2.048166e+01,2.059340e+01,2.051660e+01,2.046070e+01,2.053057e+01,2.032082e+01,2.042575e+01,2.034181e+01,2.029982e+01,2.032782e+01,2.032782e+01,2.018074e+01,2.010362e+01,1.990703e+01,1.981563e+01,1.977341e+01,1.978749e+01,1.975934e+01,1.980156e+01,1.980156e+01,1.977341e+01,1.979452e+01,1.967484e+01,1.978749e+01,1.986485e+01,1.973118e+01,1.973118e+01,1.972414e+01,1.977341e+01,1.980156e+01,1.968189e+01,1.975934e+01,1.968893e+01,1.969597e+01,1.971710e+01,1.988594e+01,1.963962e+01,1.979452e+01,1.985079e+01,1.982266e+01,1.986485e+01,1.986485e+01,1.987189e+01,1.986485e+01,1.987892e+01,1.985782e+01,1.980156e+01,1.976638e+01,1.990703e+01,1.989297e+01,1.978749e+01,1.980156e+01,1.968893e+01,1.958323e+01,1.968893e+01,1.967484e+01,1.954092e+01,1.956207e+01,1.940681e+01,1.959028e+01,1.941387e+01,1.961143e+01,1.941387e+01,1.946330e+01,1.947036e+01,1.954092e+01,1.948447e+01,1.946330e+01,1.949859e+01,1.953386e+01,1.954092e+01,1.955502e+01,1.942093e+01,1.956913e+01,1.946330e+01,1.953386e+01,1.954092e+01,1.959733e+01,1.959733e+01,1.954797e+01,1.956913e+01,1.954092e+01,1.955502e+01,1.949859e+01,1.959028e+01,1.956913e+01,1.961847e+01,1.954092e+01,1.961847e+01,1.956913e+01,1.965371e+01,1.978045e+01,1.988594e+01,2.004749e+01,2.009660e+01,2.018074e+01,2.012466e+01,2.012466e+01,2.009660e+01,2.012466e+01,2.015971e+01,2.016672e+01,2.015270e+01,2.023680e+01,2.025080e+01,2.021578e+01,2.025080e+01,2.018074e+01,2.016672e+01,2.020177e+01,2.020177e+01,2.015270e+01,2.029982e+01,2.019476e+01,2.020177e+01,2.020877e+01,2.021578e+01,2.021578e+01,2.022979e+01,2.021578e+01,2.028582e+01,2.010362e+01,2.013167e+01,2.011063e+01,2.011764e+01,2.014569e+01,2.013167e+01,2.008959e+01,2.015971e+01,2.008959e+01,2.009660e+01,1.998431e+01,2.005451e+01,2.005451e+01,2.008257e+01,2.011063e+01,2.012466e+01,2.012466e+01,2.015971e+01,2.015270e+01,2.019476e+01,2.027881e+01,2.028582e+01,2.014569e+01,2.025781e+01,2.023680e+01,2.026481e+01,2.020877e+01,2.020177e+01,2.020877e+01,2.015270e+01,2.023680e+01,2.022979e+01,2.017373e+01,2.027881e+01,2.031382e+01,2.029282e+01,2.027881e+01,2.029982e+01,2.027881e+01,2.017373e+01,2.029282e+01,2.029282e+01,2.029282e+01,2.029282e+01,2.029282e+01,2.032782e+01,2.036980e+01,2.007556e+01,1.973118e+01,1.956207e+01,1.935736e+01,1.942800e+01,1.969597e+01,1.980859e+01,1.968189e+01,1.997026e+01,2.008257e+01,2.030682e+01,2.038379e+01,2.016672e+01,2.030682e+01,2.029282e+01,2.036280e+01,2.030682e+01,2.033481e+01,2.017373e+01,2.026481e+01,2.020877e+01,2.022278e+01,2.018775e+01,2.015270e+01,2.008257e+01,2.015971e+01,2.020177e+01,2.012466e+01,2.020877e+01,2.023680e+01,2.021578e+01,2.020877e+01,2.013167e+01,2.012466e+01,1.999835e+01,1.991406e+01,2.022278e+01,2.007556e+01,1.999133e+01,2.013868e+01,2.007556e+01,2.023680e+01,2.008257e+01,2.024380e+01,2.025781e+01,2.038379e+01,2.029982e+01,2.041875e+01,2.035581e+01,2.037679e+01,2.038379e+01,2.036980e+01,2.041875e+01,2.043973e+01,2.039778e+01,2.041875e+01,2.050262e+01,2.041176e+01,2.045371e+01,2.042575e+01,2.053057e+01,2.046070e+01,2.048865e+01,2.046070e+01,2.055152e+01,2.051660e+01,2.062132e+01,2.053755e+01,2.047468e+01,2.046070e+01,2.048865e+01,2.055850e+01,2.049564e+01,2.052358e+01,2.053057e+01,2.038379e+01,2.043973e+01,2.044672e+01,2.023680e+01,2.041875e+01,2.032082e+01,2.032782e+01,2.034181e+01,2.040477e+01,2.031382e+01,2.044672e+01,2.048865e+01,2.040477e+01,2.036980e+01,2.027881e+01,2.027881e+01,2.030682e+01,2.033481e+01,2.024380e+01,2.021578e+01,2.017373e+01,2.010362e+01,2.021578e+01,2.013167e+01,2.015270e+01,2.000537e+01,1.992811e+01,1.992109e+01,2.001941e+01,1.996324e+01,1.995621e+01,1.999835e+01,2.013868e+01,2.003345e+01,2.014569e+01,2.013868e+01,2.011063e+01,2.015270e+01,2.004047e+01,2.013868e+01,1.978749e+01,1.989297e+01,1.987892e+01,1.984376e+01,1.981563e+01,1.982266e+01,1.982969e+01,1.988594e+01,2.011764e+01,2.002643e+01,2.011063e+01,2.015971e+01,2.017373e+01,2.016672e+01,2.020177e+01,2.019476e+01,2.020177e+01,2.022278e+01,2.012466e+01,2.018775e+01,2.021578e+01,2.020877e+01,2.022979e+01,2.025781e+01,2.029982e+01,2.018074e+01,2.018775e+01,2.025781e+01,2.017373e+01,2.028582e+01,2.030682e+01,2.016672e+01,2.020877e+01,2.025080e+01,2.023680e+01,2.014569e+01,2.023680e+01,2.027881e+01,2.018775e+01,2.016672e+01,2.021578e+01,2.020177e+01,2.019476e+01,2.023680e+01,2.018775e+01,2.034181e+01,2.021578e+01,2.025781e+01,2.026481e+01,2.033481e+01,2.028582e+01,2.029282e+01,2.035581e+01,2.020877e+01,2.034181e+01,2.034181e+01,2.045371e+01,2.059340e+01,2.068410e+01,2.071200e+01,2.071897e+01,2.070502e+01,2.076079e+01,2.093485e+01,2.090006e+01,2.081652e+01,2.091398e+01,2.092093e+01,2.083741e+01,2.081652e+01,2.094180e+01,2.087222e+01,2.082348e+01,2.079562e+01,2.090006e+01,2.090702e+01,2.090006e+01,2.084437e+01,2.084437e+01,2.094876e+01,2.081652e+01,2.098353e+01,2.079562e+01,2.085830e+01,2.085830e+01,2.085134e+01,2.085830e+01,2.085830e+01,2.076775e+01,2.088614e+01,2.085830e+01,2.087222e+01,2.099048e+01,2.110166e+01,2.095572e+01,2.090006e+01,2.096267e+01,2.087222e+01,2.093485e+01,2.092789e+01,2.083741e+01,2.099048e+01,2.121966e+01,2.103914e+01,2.092789e+01,2.102524e+01,2.085830e+01,2.099048e+01,2.100439e+01,2.099744e+01,2.093485e+01,2.088614e+01,2.097658e+01,2.099048e+01,2.087222e+01,2.099048e+01,2.096267e+01,2.096267e+01,2.102524e+01,2.105304e+01,2.100439e+01,2.090006e+01,2.096267e+01,2.094180e+01,2.094180e+01,2.084437e+01,2.092789e+01,2.097658e+01,2.102524e+01,2.090006e+01,2.093485e+01,2.105304e+01,2.099048e+01,2.095572e+01,2.103219e+01,2.102524e+01,2.101134e+01,2.094180e+01,2.087918e+01,2.105999e+01,2.096267e+01,2.096962e+01,2.095572e+01,2.094876e+01,2.096962e+01,2.092789e+01,2.099744e+01,2.090006e+01,2.099744e+01,2.101829e+01,2.099048e+01,2.094180e+01,2.094180e+01,2.114333e+01,2.107388e+01,2.107388e+01,2.098353e+01,2.094180e+01,2.096267e+01,2.086526e+01,2.084437e+01,2.080955e+01,2.082348e+01,2.096267e+01,2.074685e+01,2.080259e+01,2.080259e+01,2.080259e+01,2.079562e+01,2.089310e+01,2.087918e+01,2.088614e+01,2.086526e+01,2.094180e+01,2.095572e+01,2.105304e+01,2.126821e+01,2.117803e+01,2.126821e+01,2.135138e+01,2.137216e+01,2.139293e+01,2.137908e+01
2.082348e+01,2.085134e+01,2.079562e+01,2.078866e+01,2.077472e+01,2.078169e+01,2.080259e+01,2.085830e+01,2.067016e+01,2.073988e+01,2.068410e+01,2.078866e+01,2.082348e+01,2.070502e+01,2.080259e+01,2.072594e+01,2.064923e+01,2.067713e+01,2.078169e+01,2.071200e+01,2.069805e+01,2.077472e+01,2.076775e+01,2.076079e+01,2.081652e+01,2.077472e+01,2.068410e+01,2.070502e+01,2.066318e+01,2.077472e+01,2.074685e+01,2.082348e+01,2.079562e+01,2.071200e+01,2.054453e+01,2.076775e+01,2.067713e+01,2.071200e+01,2.060736e+01,2.072594e+01,2.069108e+01,2.079562e+01,2.069805e+01,2.060736e+01,2.067016e+01,2.064923e+01,2.074685e+01,2.071897e+01,2.071897e+01,2.067016e+01,2.069108e+01,2.049564e+01,2.057944e+01,2.060039e+01,2.051660e+01,2.050961e+01,2.058643e+01,2.050262e+01,2.053755e+01,2.058643e+01,2.048166e+01,2.044672e+01,2.038379e+01,2.036280e+01,2.036280e+01,2.033481e+01,2.032082e+01,2.042575e+01,2.032782e+01,2.036280e+01,2.038379e+01,2.040477e+01,2.038379e+01,2.050262e+01,2.034881e+01,2.052358e+01,2.036980e+01,2.038379e+01,2.039778e+01,2.039078e+01,2.046070e+01,2.048166e+01,2.039778e+01,2.042575e+01,2.045371e+01,2.043274e+01,2.053755e+01,2.048166e+01,2.045371e+01,2.048865e+01,2.057944e+01,2.056548e+01,2.053755e+01,2.070502e+01,2.053057e+01,2.053755e+01,2.055850e+01,2.059340e+01,2.053755e+01,2.057944e+01,2.057944e+01,2.050961e+01,2.059340e+01,2.069108e+01,2.055850e+01,2.047468e+01,2.057246e+01,2.056548e+01,2.057246e+01,2.053057e+01,2.060736e+01,2.049564e+01,2.048166e+01,2.066318e+01,2.062132e+01,2.050262e+01,2.062132e+01,2.050262e+01,2.052358e+01,2.043274e+01,2.062830e+01,2.054453e+01,2.053755e+01,2.056548e+01,2.067713e+01,2.051660e+01,2.054453e+01,2.062830e+01,2.053057e+01,2.062132e+01,2.055152e+01,2.065621e+01,2.073988e+01,2.071200e+01,2.054453e+01,2.056548e+01,2.062830e+01,2.071897e+01,2.063528e+01,2.047468e+01,2.056548e+01,2.053755e+01,2.053755e+01,2.064923e+01,2.058643e+01,2.064923e+01,2.062830e+01,2.061434e+01,2.067016e+01,2.058643e+01,2.062830e+01,2.053755e+01,2.055850e+01,2.053057e+01,2.053755e+01,2.064923e+01,2.056548e+01,2.055152e+01,2.062132e+01,2.053057e+01,2.053057e+01,2.055850e+01,2.053057e+01,2.051660e+01,2.057944e+01,2.052358e+01,2.053057e+01,2.050961e+01,2.049564e+01,2.055152e+01,2.056548e+01,2.055850e+01,2.055152e+01,2.040477e+01,2.050262e+01,2.057944e+01,2.050262e+01,2.051660e+01,2.044672e+01,2.044672e+01,2.029282e+01,2.043274e+01,2.029982e+01,2.032782e+01,2.011764e+01,2.003345e+01,1.992109e+01,1.993514e+01,1.993514e+01,1.981563e+01,1.977341e+01,1.981563e+01,1.975934e+01,1.980859e+01,1.976638e+01,1.978045e+01,1.971006e+01,1.979452e+01,1.967484e+01,1.972414e+01,1.976638e+01,1.973118e+01,1.971710e+01,1.970302e+01,1.973822e+01,1.968893e+01,1.959028e+01,1.965371e+01,1.966076e+01,1.961143e+01,1.966076e+01,1.978749e+01,1.985079e+01,1.984376e+01,1.985782e+01,1.975230e+01,1.971710e+01,1.966780e+01,1.984376e+01,1.987892e+01,1.986485e+01,1.977341e+01,1.982266e+01,1.978749e+01,1.981563e+01,1.979452e+01,1.973822e+01,1.968893e+01,1.953386e+01,1.968893e+01,1.951975e+01,1.946330e+01,1.952681e+01,1.943506e+01,1.944212e+01,1.947742e+01,1.952681e+01,1.949153e+01,1.949153e+01,1.952681e+01,1.951975e+01,1.937149e+01,1.944212e+01,1.951270e+01,1.954092e+01,1.956913e+01,1.957618e+01,1.952681e+01,1.945624e+01,1.944212e+01,1.947036e+01,1.956913e+01,1.945624e+01,1.961143e+01,1.949859e+01,1.951270e+01,1.947036e+01,1.951975e+01,1.954797e+01,1.959028e+01,1.961847e+01,1.956913e+01,1.955502e+01,1.960438e+01,1.968893e+01,1.973118e+01,1.992811e+01,1.988594e+01,2.008959e+01,2.010362e+01,2.013167e+01,2.018074e+01,2.018074e+01,2.018775e+01,2.016672e+01,2.015971e+01,2.015270e+01,2.020877e+01,2.022278e+01,2.022979e+01,2.023680e+01,2.015270e+01,2.018775e+01,2.013868e+01,2.010362e+01,2.020877e+01,2.019476e+01,2.020177e+01,2.027181e+01,2.014569e+01,2.021578e+01,2.024380e+01,2.022278e+01,2.012466e+01,2.013167e+01,2.011764e+01,2.012466e+01,2.006854e+01,2.011764e+01,2.014569e+01,2.013167e+01,1.999835e+01,2.012466e+01,2.002643e+01,1.998431e+01,1.999835e+01,2.001239e+01,2.005451e+01,2.004749e+01,2.005451e+01,2.013868e+01,2.016672e+01,2.018074e+01,2.018074e+01,2.020177e+01,2.025781e+01,2.020177e+01,2.015971e+01,2.022979e+01,2.025080e+01,2.024380e+01,2.020877e+01,2.018074e+01,2.022278e+01,2.019476e+01,2.036980e+01,2.030682e+01,2.015270e+01,2.020877e+01,2.029282e+01,2.028582e+01,2.029982e+01,2.032782e+01,2.015971e+01,2.032082e+01,2.029282e+01,2.032782e+01,2.032082e+01,2.033481e+01,2.034181e+01,2.029282e+01,2.027881e+01,2.035581e+01,1.988594e+01,1.955502e+01,1.930081e+01,1.937855e+01,1.938562e+01,1.946330e+01,1.976638e+01,1.980156e+01,1.997728e+01,2.015270e+01,2.030682e+01,2.037679e+01,2.017373e+01,2.029282e+01,2.034881e+01,2.034181e+01,2.027181e+01,2.021578e+01,2.039778e+01,2.038379e+01,2.020877e+01,2.009660e+01,2.019476e+01,2.019476e+01,2.019476e+01,2.018775e+01,2.022278e+01,2.027181e+01,2.029282e+01,2.015971e+01,2.009660e+01,2.014569e+01,2.012466e+01,2.008257e+01,2.011764e+01,2.009660e+01,1.997026e+01,2.029982e+01,2.019476e+01,2.012466e+01,2.015971e+01,2.027181e+01,2.023680e+01,2.025781e+01,2.031382e+01,2.032782e+01,2.032082e+01,2.035581e+01,2.036280e+01,2.027181e+01,2.039778e+01,2.041875e+01,2.042575e+01,2.038379e+01,2.046070e+01,2.051660e+01,2.043274e+01,2.047468e+01,2.044672e+01,2.044672e+01,2.046769e+01,2.046070e+01,2.055850e+01,2.046769e+01,2.044672e+01,2.050262e+01,2.048166e+01,2.054453e+01,2.058643e+01,2.049564e+01,2.050961e+01,2.049564e+01,2.043274e+01,2.045371e+01,2.048166e+01,2.033481e+01,2.034881e+01,2.025080e+01,2.034181e+01,2.042575e+01,2.034881e+01,2.036280e+01,2.025080e+01,2.038379e+01,2.032082e+01,2.029982e+01,2.028582e+01,2.034881e+01,2.032082e+01,2.033481e+01,2.015971e+01,2.022979e+01,2.027881e+01,2.025781e+01,2.014569e+01,2.015270e+01,2.004047e+01,2.005451e+01,1.994919e+01,1.993514e+01,1.991406e+01,1.992811e+01,2.008959e+01,1.998431e+01,1.993514e+01,2.005451e+01,2.015971e+01,2.013167e+01,2.013868e+01,2.016672e+01,2.012466e+01,2.013167e+01,2.017373e+01,1.997026e+01,1.994919e+01,1.986485e+01,1.982969e+01,1.975230e+01,1.990000e+01,1.982969e+01,1.987189e+01,1.985782e+01,1.994216e+01,2.011764e+01,2.016672e+01,2.019476e+01,2.016672e+01,2.021578e+01,2.022979e+01,2.018074e+01,2.014569e+01,2.015270e+01,2.025781e+01,2.021578e+01,2.019476e+01,2.023680e+01,2.011063e+01,2.024380e+01,2.021578e+01,2.013868e+01,2.020177e+01,2.025781e+01,2.025080e+01,2.013167e+01,2.020177e+01,2.020177e+01,2.018074e+01,2.021578e+01,2.026481e+01,2.019476e+01,2.020877e+01,2.015270e+01,2.015270e+01,2.032082e+01,2.015971e+01,2.037679e+01,2.022979e+01,2.025080e+01,2.034881e+01,2.027181e+01,2.030682e+01,2.034881e+01,2.031382e+01,2.041875e+01,2.030682e+01,2.032782e+01,2.026481e+01,2.038379e+01,2.040477e+01,2.035581e+01,2.021578e+01,2.045371e+01,2.053755e+01,2.057246e+01,2.080955e+01,2.067713e+01,2.086526e+01,2.083741e+01,2.089310e+01,2.080259e+01,2.071200e+01,2.074685e+01,2.071897e+01,2.080955e+01,2.087918e+01,2.082348e+01,2.083741e+01,2.078866e+01,2.092093e+01,2.091398e+01,2.091398e+01,2.085830e+01,2.091398e+01,2.104609e+01,2.071897e+01,2.086526e+01,2.080955e+01,2.085134e+01,2.085830e+01,2.090006e+01,2.090702e+01,2.090006e+01,2.082348e+01,2.086526e+01,2.090702e+01,2.092789e+01,2.092789e+01,2.092093e+01,2.101134e+01,2.091398e+01,2.096267e+01,2.084437e+01,2.091398e+01,2.091398e+01,2.087918e+01,2.087918e+01,2.097658e+01,2.103219e+01,2.090702e+01,2.095572e+01,2.102524e+01,2.093485e+01,2.088614e+01,2.087918e+01,2.086526e+01,2.103219e+01,2.087222e+01,2.099744e+01,2.099744e+01,2.106693e+01,2.101134e+01,2.107388e+01,2.108777e+01,2.094876e+01,2.110861e+01,2.091398e+01,2.094180e+01,2.096267e+01,2.096962e+01,2.088614e+01,2.096962e+01,2.088614e+01,2.090006e+01,2.088614e+01,2.097658e+01,2.091398e+01,2.108083e+01,2.101829e+01,2.094180e+01,2.100439e+01,2.101829e+01,2.094876e+01,2.102524e+01,2.109472e+01,2.095572e+01,2.103219e+01,2.101134e+01,2.093485e+01,2.100439e+01,2.092093e+01,2.101134e+01,2.103914e+01,2.099048e+01,2.104609e+01,2.103219e+01,2.095572e+01,2.095572e+01,2.105304e+01,2.098353e+01,2.096267e+01,2.103219e+01,2.075382e+01,2.085134e+01,2.085134e+01,2.084437e+01,2.083741e+01,2.087918e+01,2.082348e+01,2.082348e+01,2.079562e+01,2.071200e+01,2.083741e+01,2.085134e+01,2.103914e+01,2.082348e+01,2.095572e+01,2.097658e+01,2.099048e+01,2.101829e+01,2.108777e+01,2.109472e+01,2.128207e+01,2.133752e+01,2.132366e+01,2.130287e+01,2.139986e+01,2.139293e+01
2.094876e+01,2.070502e+01,2.084437e+01,2.081652e+01,2.080955e+01,2.076079e+01,2.073988e+01,2.090006e+01,2.074685e+01,2.071897e+01,2.065621e+01,2.068410e+01,2.064225e+01,2.071200e+01,2.086526e+01,2.063528e+01,2.065621e+01,2.071200e+01,2.072594e+01,2.078866e+01,2.071200e+01,2.065621e+01,2.069108e+01,2.065621e+01,2.082348e+01,2.085134e+01,2.079562e+01,2.079562e+01,2.067016e+01,2.073291e+01,2.071897e+01,2.069805e+01,2.083045e+01,2.071897e+01,2.075382e+01,2.070502e+01,2.071897e+01,2.073988e+01,2.072594e+01,2.065621e+01,2.081652e+01,2.070502e+01,2.083045e+01,2.066318e+01,2.067016e+01,2.074685e+01,2.067713e+01,2.069805e+01,2.073988e+01,2.062830e+01,2.056548e+01,2.071200e+01,2.073988e+01,2.072594e+01,2.065621e+01,2.059340e+01,2.067016e+01,2.059340e+01,2.061434e+01,2.055850e+01,2.055850e+01,2.057246e+01,2.043274e+01,2.053057e+01,2.050262e+01,2.050262e+01,2.044672e+01,2.045371e+01,2.052358e+01,2.047468e+01,2.048865e+01,2.050262e+01,2.043973e+01,2.055850e+01,2.046070e+01,2.046769e+01,2.043274e+01,2.041176e+01,2.046769e+01,2.069108e+01,2.046070e+01,2.048166e+01,2.052358e+01,2.051660e+01,2.063528e+01,2.055152e+01,2.053755e+01,2.055850e+01,2.055850e+01,2.053755e+01,2.053057e+01,2.053057e+01,2.075382e+01,2.069108e+01,2.062830e+01,2.057246e+01,2.059340e+01,2.057246e+01,2.057944e+01,2.059340e+01,2.060039e+01,2.064923e+01,2.064225e+01,2.054453e+01,2.050262e+01,2.059340e+01,2.059340e+01,2.064923e+01,2.055850e+01,2.063528e+01,2.069805e+01,2.068410e+01,2.063528e+01,2.062830e+01,2.064225e+01,2.058643e+01,2.057944e+01,2.056548e+01,2.057246e+01,2.058643e+01,2.069108e+01,2.064225e+01,2.064923e+01,2.052358e+01,2.052358e+01,2.069108e+01,2.053057e+01,2.061434e+01,2.064923e+01,2.063528e+01,2.077472e+01,2.068410e+01,2.061434e+01,2.054453e+01,2.055850e+01,2.066318e+01,2.060039e+01,2.067016e+01,2.068410e+01,2.051660e+01,2.056548e+01,2.056548e+01,2.062830e+01,2.057944e+01,2.057944e+01,2.068410e+01,2.067713e+01,2.064225e+01,2.061434e+01,2.094180e+01,2.063528e+01,2.055850e+01,2.063528e+01,2.078866e+01,2.063528e+01,2.060736e+01,2.057944e+01,2.060736e+01,2.058643e+01,2.061434e+01,2.055152e+01,2.050961e+01,2.062830e+01,2.057944e+01,2.061434e+01,2.052358e+01,2.060039e+01,2.055152e+01,2.050961e+01,2.055850e+01,2.054453e+01,2.054453e+01,2.052358e+01,2.053755e+01,2.046070e+01,2.048166e+01,2.050961e+01,2.056548e+01,2.043973e+01,2.046769e+01,2.041176e+01,2.032782e+01,2.034181e+01,2.030682e+01,2.005451e+01,2.013167e+01,1.992811e+01,1.990000e+01,1.984376e+01,1.975934e+01,1.978045e+01,1.976638e+01,1.978749e+01,1.977341e+01,1.984376e+01,1.978045e+01,1.973822e+01,1.975230e+01,1.973822e+01,1.969597e+01,1.988594e+01,1.992811e+01,1.977341e+01,1.978749e+01,1.975934e+01,1.985782e+01,1.966780e+01,1.961143e+01,1.960438e+01,1.966076e+01,1.980156e+01,1.980156e+01,1.968893e+01,1.985782e+01,1.986485e+01,1.967484e+01,1.975230e+01,1.982266e+01,1.980156e+01,1.985079e+01,1.983673e+01,1.978749e+01,1.983673e+01,1.977341e+01,1.966780e+01,1.978045e+01,1.957618e+01,1.952681e+01,1.968189e+01,1.963257e+01,1.947036e+01,1.955502e+01,1.946330e+01,1.941387e+01,1.927252e+01,1.947742e+01,1.949153e+01,1.951975e+01,1.933615e+01,1.936442e+01,1.950564e+01,1.946330e+01,1.954092e+01,1.934322e+01,1.951270e+01,1.946330e+01,1.946330e+01,1.942800e+01,1.942093e+01,1.949859e+01,1.950564e+01,1.951975e+01,1.955502e+01,1.955502e+01,1.955502e+01,1.947742e+01,1.960438e+01,1.951270e+01,1.947742e+01,1.963257e+01,1.961143e+01,1.957618e+01,1.968893e+01,1.969597e+01,1.969597e+01,1.961143e+01,1.980156e+01,2.008257e+01,2.010362e+01,2.019476e+01,2.019476e+01,2.011764e+01,2.008257e+01,2.011063e+01,2.018074e+01,2.020177e+01,2.013868e+01,2.025080e+01,2.017373e+01,2.019476e+01,2.024380e+01,2.021578e+01,2.018074e+01,2.019476e+01,2.020877e+01,2.016672e+01,2.017373e+01,2.016672e+01,2.018775e+01,2.010362e+01,2.018074e+01,2.013167e+01,2.015270e+01,2.012466e+01,2.013868e+01,2.010362e+01,2.010362e+01,2.014569e+01,2.010362e+01,2.013167e+01,2.017373e+01,2.011063e+01,2.011063e+01,2.001941e+01,2.003345e+01,2.017373e+01,2.008257e+01,2.004047e+01,2.006152e+01,2.008257e+01,2.015971e+01,2.015270e+01,2.011063e+01,2.018074e+01,2.020177e+01,2.020877e+01,2.018074e+01,2.015971e+01,2.024380e+01,2.025781e+01,2.018074e+01,2.015971e+01,2.013167e+01,2.020177e+01,2.017373e+01,2.028582e+01,2.020177e+01,2.028582e+01,2.026481e+01,2.028582e+01,2.023680e+01,2.025080e+01,2.030682e+01,2.032782e+01,2.029282e+01,2.031382e+01,2.031382e+01,2.031382e+01,2.034881e+01,2.027181e+01,2.032082e+01,2.028582e+01,2.033481e+01,1.995621e+01,1.939268e+01,1.936442e+01,1.926545e+01,1.940681e+01,1.944212e+01,1.952681e+01,1.968893e+01,2.001941e+01,2.008257e+01,2.036280e+01,2.024380e+01,2.038379e+01,2.027881e+01,2.035581e+01,2.033481e+01,2.018775e+01,2.041176e+01,2.041176e+01,2.022979e+01,2.020877e+01,2.026481e+01,2.023680e+01,2.029982e+01,2.032082e+01,1.995621e+01,2.033481e+01,2.020877e+01,2.022979e+01,2.020877e+01,2.016672e+01,2.007556e+01,2.021578e+01,2.008959e+01,2.016672e+01,2.025781e+01,2.017373e+01,2.022979e+01,2.018775e+01,2.019476e+01,2.030682e+01,2.027181e+01,2.027881e+01,2.027181e+01,2.034881e+01,2.034881e+01,2.033481e+01,2.025080e+01,2.038379e+01,2.036980e+01,2.041875e+01,2.039778e+01,2.050262e+01,2.048865e+01,2.055850e+01,2.041875e+01,2.046070e+01,2.050961e+01,2.048865e+01,2.048166e+01,2.042575e+01,2.043274e+01,2.056548e+01,2.048865e+01,2.054453e+01,2.048166e+01,2.050961e+01,2.050262e+01,2.059340e+01,2.056548e+01,2.056548e+01,2.057944e+01,2.048865e+01,2.048865e+01,2.032782e+01,2.036280e+01,2.029982e+01,2.031382e+01,2.034181e+01,2.032782e+01,2.043973e+01,2.043274e+01,2.033481e+01,2.037679e+01,2.028582e+01,2.029282e+01,2.029982e+01,2.028582e+01,2.023680e+01,2.013868e+01,2.024380e+01,2.022278e+01,2.018775e+01,2.020177e+01,2.006854e+01,1.996324e+01,2.011764e+01,2.003345e+01,2.004749e+01,1.992109e+01,1.997728e+01,1.991406e+01,2.013167e+01,1.999133e+01,2.000537e+01,2.003345e+01,2.024380e+01,2.001941e+01,2.019476e+01,2.008257e+01,2.001941e+01,2.006854e+01,2.005451e+01,2.001239e+01,1.993514e+01,1.974526e+01,1.973822e+01,1.970302e+01,1.976638e+01,2.004749e+01,2.005451e+01,1.987892e+01,2.005451e+01,2.012466e+01,2.011764e+01,2.009660e+01,2.019476e+01,2.016672e+01,2.018074e+01,2.019476e+01,2.020877e+01,2.022278e+01,2.020877e+01,2.024380e+01,2.020877e+01,2.024380e+01,2.022278e+01,2.021578e+01,2.018775e+01,2.015971e+01,2.024380e+01,2.032082e+01,2.029282e+01,2.026481e+01,2.043973e+01,2.029982e+01,2.024380e+01,2.023680e+01,2.034881e+01,2.017373e+01,2.019476e+01,2.013868e+01,2.021578e+01,2.031382e+01,2.035581e+01,2.036980e+01,2.019476e+01,2.035581e+01,2.036280e+01,2.037679e+01,2.027181e+01,2.032082e+01,2.028582e+01,2.042575e+01,2.027881e+01,2.026481e+01,2.029282e+01,2.053057e+01,2.036980e+01,2.046769e+01,2.041176e+01,2.051660e+01,2.050262e+01,2.057944e+01,2.073291e+01,2.081652e+01,2.085830e+01,2.094876e+01,2.094876e+01,2.092093e+01,2.089310e+01,2.089310e+01,2.096962e+01,2.087918e+01,2.103914e+01,2.083741e+01,2.097658e+01,2.090702e+01,2.092789e+01,2.092789e+01,2.086526e+01,2.080955e+01,2.075382e+01,2.087918e+01,2.086526e+01,2.090006e+01,2.083045e+01,2.087222e+01,2.085134e+01,2.082348e+01,2.090702e+01,2.083741e+01,2.093485e+01,2.088614e+01,2.092789e+01,2.091398e+01,2.083741e+01,2.090006e+01,2.101134e+01,2.095572e+01,2.099048e+01,2.090006e+01,2.101829e+01,2.098353e+01,2.090006e+01,2.085830e+01,2.099048e+01,2.082348e+01,2.091398e+01,2.108083e+01,2.102524e+01,2.089310e+01,2.092093e+01,2.090702e+01,2.091398e+01,2.093485e+01,2.099744e+01,2.092789e+01,2.098353e+01,2.098353e+01,2.099048e+01,2.100439e+01,2.087918e+01,2.099744e+01,2.098353e+01,2.106693e+01,2.096962e+01,2.088614e+01,2.094180e+01,2.092789e+01,2.103914e+01,2.092093e+01,2.103219e+01,2.087918e+01,2.099744e+01,2.095572e+01,2.090006e+01,2.115027e+01,2.097658e+01,2.101134e+01,2.101829e+01,2.097658e+01,2.090006e+01,2.103914e+01,2.096962e+01,2.094180e+01,2.098353e+01,2.094876e+01,2.096267e+01,2.087918e+01,2.090702e+01,2.110166e+01,2.092093e+01,2.101829e+01,2.098353e+01,2.094180e+01,2.095572e+01,2.096962e+01,2.105999e+01,2.090006e+01,2.103914e+01,2.087918e+01,2.076775e+01,2.078866e+01,2.079562e+01,2.078866e+01,2.086526e+01,2.096267e+01,2.083045e+01,2.082348e+01,2.076775e+01,2.079562e+01,2.086526e+01,2.085134e+01,2.076775e+01,2.089310e+01,2.086526e+01,2.095572e+01,2.105304e+01,2.109472e+01,2.108083e+01,2.118497e+01,2.132366e+01,2.139986e+01,2.140678e+01,2.144140e+01,2.140678e+01
2.079562e+01,2.080259e+01,2.075382e+01,2.071200e+01,2.073291e+01,2.071200e+01,2.067713e+01,2.078169e+01,2.090702e+01,2.074685e+01,2.076079e+01,2.075382e+01,2.080955e+01,2.083741e+01,2.087918e+01,2.087918e+01,2.085134e+01,2.069805e+01,2.077472e+01,2.071200e+01,2.064923e+01,2.076775e+01,2.072594e+01,2.066318e+01,2.081652e+01,2.077472e+01,2.081652e+01,2.077472e+01,2.071200e+01,2.076775e+01,2.068410e+01,2.076079e+01,2.072594e+01,2.078866e+01,2.085134e+01,2.080259e+01,2.080259e+01,2.076079e+01,2.071200e+01,2.079562e+01,2.068410e+01,2.078866e+01,2.073988e+01,2.073291e+01,2.062830e+01,2.085134e+01,2.073291e+01,2.074685e+01,2.067713e+01,2.060736e+01,2.066318e+01,2.073291e+01,2.048166e+01,2.069108e+01,2.062830e+01,2.062132e+01,2.073291e+01,2.064225e+01,2.064225e+01,2.062830e+01,2.063528e+01,2.047468e+01,2.051660e+01,2.046769e+01,2.050262e+01,2.048865e+01,2.048166e+01,2.064225e+01,2.057944e+01,2.054453e+01,2.059340e+01,2.062132e+01,2.055850e+01,2.044672e+01,2.057246e+01,2.045371e+01,2.049564e+01,2.045371e+01,2.062132e+01,2.039078e+01,2.052358e+01,2.063528e+01,2.055850e+01,2.050262e+01,2.056548e+01,2.058643e+01,2.058643e+01,2.061434e+01,2.050961e+01,2.057944e+01,2.074685e+01,2.055152e+01,2.059340e+01,2.065621e+01,2.068410e+01,2.061434e+01,2.055152e+01,2.059340e+01,2.062132e+01,2.066318e+01,2.060039e+01,2.053057e+01,2.064923e+01,2.056548e+01,2.059340e+01,2.045371e+01,2.062132e+01,2.066318e+01,2.067713e+01,2.056548e+01,2.069108e+01,2.064923e+01,2.064225e+01,2.078866e+01,2.069805e+01,2.050262e+01,2.062830e+01,2.059340e+01,2.062132e+01,2.057944e+01,2.069108e+01,2.062132e+01,2.057944e+01,2.060736e+01,2.062132e+01,2.057944e+01,2.060736e+01,2.065621e+01,2.064225e+01,2.066318e+01,2.060736e+01,2.077472e+01,2.077472e+01,2.075382e+01,2.050262e+01,2.066318e+01,2.059340e+01,2.053057e+01,2.069108e+01,2.052358e+01,2.067016e+01,2.062830e+01,2.055850e+01,2.076775e+01,2.076775e+01,2.060039e+01,2.069805e+01,2.062830e+01,2.063528e+01,2.059340e+01,2.050961e+01,2.061434e+01,2.061434e+01,2.057246e+01,2.062132e+01,2.056548e+01,2.058643e+01,2.053057e+01,2.057944e+01,2.052358e+01,2.069108e+01,2.063528e+01,2.050262e+01,2.056548e+01,2.057944e+01,2.056548e+01,2.053755e+01,2.048166e+01,2.043274e+01,2.052358e+01,2.062132e+01,2.056548e+01,2.043973e+01,2.054453e+01,2.048166e+01,2.046769e+01,2.050262e+01,2.051660e+01,2.043973e+01,2.052358e+01,2.041176e+01,2.035581e+01,2.032082e+01,2.033481e+01,2.006152e+01,1.997728e+01,1.998431e+01,1.975934e+01,1.989297e+01,1.978749e+01,1.971710e+01,1.976638e+01,1.978045e+01,1.975934e+01,1.978749e+01,1.978045e+01,1.975934e+01,1.980859e+01,1.971006e+01,1.979452e+01,1.976638e+01,1.980859e+01,1.975230e+01,1.966076e+01,1.967484e+01,1.971006e+01,1.968893e+01,1.967484e+01,1.962552e+01,1.969597e+01,1.964666e+01,1.964666e+01,1.966076e+01,1.966076e+01,1.980156e+01,1.966076e+01,1.965371e+01,1.966076e+01,1.982266e+01,1.982266e+01,1.966076e+01,1.982266e+01,1.982266e+01,2.001239e+01,1.978749e+01,1.956207e+01,1.948447e+01,1.951270e+01,1.942093e+01,1.947036e+01,1.940681e+01,1.935736e+01,1.942800e+01,1.927252e+01,1.939975e+01,1.935736e+01,1.943506e+01,1.945624e+01,1.950564e+01,1.947742e+01,1.938562e+01,1.935736e+01,1.944918e+01,1.948447e+01,1.942800e+01,1.950564e+01,1.965371e+01,1.948447e+01,1.946330e+01,1.946330e+01,1.954092e+01,1.954092e+01,1.951975e+01,1.952681e+01,1.956913e+01,1.951270e+01,1.949859e+01,1.952681e+01,1.949153e+01,1.958323e+01,1.959733e+01,1.976638e+01,1.963257e+01,1.962552e+01,1.941387e+01,1.968189e+01,1.996324e+01,1.985782e+01,2.013167e+01,2.012466e+01,2.014569e+01,2.022278e+01,2.023680e+01,2.011764e+01,2.019476e+01,2.016672e+01,2.020177e+01,2.013868e+01,2.014569e+01,2.015270e+01,2.014569e+01,2.023680e+01,2.020177e+01,2.015270e+01,2.020177e+01,2.018775e+01,2.018074e+01,2.024380e+01,2.024380e+01,2.014569e+01,2.022278e+01,2.027881e+01,2.015270e+01,2.015971e+01,2.000537e+01,2.021578e+01,2.011764e+01,2.010362e+01,2.011764e+01,2.012466e+01,2.012466e+01,2.013167e+01,2.007556e+01,2.006152e+01,2.005451e+01,2.004749e+01,2.002643e+01,2.006854e+01,2.004749e+01,2.013167e+01,2.014569e+01,2.010362e+01,2.015971e+01,2.009660e+01,2.019476e+01,2.017373e+01,2.018775e+01,2.013868e+01,2.019476e+01,2.022979e+01,2.016672e+01,2.018074e+01,2.018074e+01,2.015971e+01,2.022979e+01,2.030682e+01,2.034881e+01,2.024380e+01,2.025080e+01,2.027881e+01,2.027181e+01,2.025781e+01,2.032782e+01,2.022979e+01,2.029982e+01,2.029282e+01,2.022278e+01,2.027881e+01,2.031382e+01,2.030682e+01,2.027181e+01,2.029982e+01,2.022278e+01,2.004749e+01,1.953386e+01,1.925838e+01,1.923008e+01,1.928667e+01,1.938562e+01,1.951270e+01,1.973822e+01,1.987892e+01,2.003345e+01,2.006854e+01,2.035581e+01,2.040477e+01,2.039778e+01,2.041176e+01,2.037679e+01,2.032082e+01,2.035581e+01,2.035581e+01,2.034881e+01,2.037679e+01,2.034881e+01,2.034181e+01,2.019476e+01,2.024380e+01,2.024380e+01,2.033481e+01,2.029282e+01,2.024380e+01,2.028582e+01,2.008257e+01,2.015971e+01,2.020877e+01,2.022979e+01,2.022979e+01,2.021578e+01,2.017373e+01,2.032782e+01,2.027181e+01,2.027881e+01,2.020877e+01,2.027181e+01,2.035581e+01,2.031382e+01,2.034881e+01,2.034881e+01,2.033481e+01,2.032782e+01,2.036980e+01,2.040477e+01,2.041176e+01,2.036980e+01,2.044672e+01,2.048865e+01,2.050961e+01,2.051660e+01,2.057246e+01,2.054453e+01,2.051660e+01,2.046070e+01,2.047468e+01,2.048166e+01,2.048865e+01,2.042575e+01,2.046070e+01,2.050262e+01,2.052358e+01,2.050961e+01,2.049564e+01,2.060039e+01,2.047468e+01,2.057246e+01,2.043274e+01,2.043973e+01,2.042575e+01,2.031382e+01,2.033481e+01,2.026481e+01,2.035581e+01,2.040477e+01,2.039078e+01,2.041875e+01,2.036980e+01,2.033481e+01,2.027881e+01,2.027181e+01,2.033481e+01,2.029982e+01,2.033481e+01,2.020177e+01,2.021578e+01,2.016672e+01,2.018775e+01,1.996324e+01,2.009660e+01,2.008257e+01,2.007556e+01,1.996324e+01,1.994919e+01,1.999835e+01,1.994216e+01,1.994216e+01,1.991406e+01,2.004749e+01,2.006854e+01,2.025080e+01,2.003345e+01,2.002643e+01,2.015971e+01,2.005451e+01,2.004047e+01,2.015270e+01,2.004749e+01,2.012466e+01,1.994216e+01,1.986485e+01,1.970302e+01,1.980859e+01,1.978749e+01,1.997728e+01,1.985079e+01,1.999835e+01,2.018074e+01,2.009660e+01,1.997026e+01,2.019476e+01,2.018775e+01,2.018074e+01,2.027181e+01,2.022278e+01,2.026481e+01,2.023680e+01,2.024380e+01,2.022979e+01,2.016672e+01,2.025781e+01,2.018074e+01,2.032782e+01,2.032082e+01,2.029982e+01,2.023680e+01,2.018775e+01,2.020877e+01,2.025080e+01,2.032782e+01,2.023680e+01,2.025781e+01,2.020877e+01,2.025781e+01,2.025781e+01,2.026481e+01,2.031382e+01,2.018775e+01,2.032082e+01,2.036280e+01,2.038379e+01,2.016672e+01,2.036980e+01,2.034881e+01,2.034181e+01,2.037679e+01,2.038379e+01,2.033481e+01,2.038379e+01,2.043973e+01,2.035581e+01,2.035581e+01,2.053755e+01,2.039078e+01,2.038379e+01,2.039078e+01,2.055850e+01,2.059340e+01,2.079562e+01,2.078169e+01,2.084437e+01,2.085830e+01,2.084437e+01,2.099744e+01,2.085134e+01,2.078866e+01,2.073988e+01,2.085830e+01,2.083741e+01,2.084437e+01,2.089310e+01,2.091398e+01,2.096267e+01,2.083045e+01,2.087918e+01,2.087918e+01,2.090006e+01,2.087918e+01,2.088614e+01,2.083045e+01,2.086526e+01,2.087222e+01,2.099048e+01,2.083045e+01,2.091398e+01,2.104609e+01,2.071200e+01,2.109472e+01,2.092093e+01,2.094180e+01,2.087222e+01,2.083741e+01,2.092789e+01,2.096962e+01,2.091398e+01,2.094180e+01,2.090702e+01,2.096267e+01,2.096267e+01,2.085830e+01,2.089310e+01,2.090006e+01,2.091398e+01,2.090006e+01,2.090702e+01,2.085830e+01,2.094180e+01,2.086526e+01,2.101829e+01,2.088614e+01,2.102524e+01,2.097658e+01,2.092093e+01,2.098353e+01,2.099048e+01,2.103914e+01,2.108083e+01,2.101829e+01,2.099048e+01,2.102524e+01,2.101134e+01,2.099744e+01,2.094180e+01,2.096962e+01,2.115027e+01,2.087222e+01,2.085830e+01,2.093485e+01,2.107388e+01,2.097658e+01,2.079562e+01,2.101829e+01,2.096962e+01,2.099048e+01,2.099048e+01,2.095572e+01,2.102524e+01,2.089310e+01,2.092093e+01,2.108083e+01,2.090006e+01,2.099048e+01,2.085830e+01,2.102524e+01,2.088614e+01,2.096962e+01,2.090006e+01,2.096962e+01,2.099048e+01,2.101134e+01,2.099744e+01,2.099048e+01,2.096962e+01,2.101829e+01,2.090702e+01,2.084437e+01,2.090702e+01,2.089310e+01,2.078866e+01,2.085830e+01,2.075382e+01,2.078866e+01,2.090702e+01,2.095572e+01,2.080259e+01,2.083045e+01,2.088614e+01,2.091398e+01,2.085830e+01,2.085134e+01,2.088614e+01,2.091398e+01,2.106693e+01,2.102524e+01,2.127514e+01,2.125434e+01,2.136523e+01,2.137908e+01,2.137908e+01,2.139293e+01,2.137908e+01,2.144140e+01
2.101829e+01,2.082348e+01,2.076079e+01,2.076079e+01,2.072594e+01,2.073988e+01,2.073291e+01,2.070502e+01,2.072594e+01,2.072594e+01,2.066318e+01,2.071897e+01,2.079562e+01,2.091398e+01,2.073988e+01,2.067016e+01,2.083741e+01,2.072594e+01,2.062132e+01,2.065621e+01,2.070502e+01,2.064225e+01,2.080955e+01,2.078866e+01,2.074685e+01,2.080955e+01,2.069805e+01,2.073988e+01,2.067713e+01,2.098353e+01,2.071897e+01,2.069805e+01,2.071897e+01,2.076079e+01,2.082348e+01,2.074685e+01,2.083741e+01,2.074685e+01,2.074685e+01,2.079562e+01,2.076079e+01,2.083045e+01,2.075382e+01,2.070502e+01,2.080955e+01,2.078169e+01,2.068410e+01,2.075382e+01,2.073291e+01,2.062830e+01,2.071897e+01,2.073988e+01,2.061434e+01,2.070502e+01,2.070502e+01,2.067016e+01,2.070502e+01,2.067016e+01,2.072594e+01,2.064923e+01,2.062132e+01,2.044672e+01,2.053057e+01,2.056548e+01,2.047468e+01,2.057246e+01,2.044672e+01,2.048166e+01,2.057944e+01,2.043274e+01,2.048166e+01,2.061434e+01,2.064923e+01,2.058643e+01,2.067713e+01,2.053755e+01,2.061434e+01,2.045371e+01,2.057944e+01,2.041875e+01,2.058643e+01,2.062132e+01,2.062132e+01,2.042575e+01,2.041875e+01,2.065621e+01,2.060039e+01,2.057944e+01,2.060039e+01,2.060039e+01,2.056548e+01,2.053755e+01,2.064923e+01,2.063528e+01,2.043274e+01,2.067016e+01,2.055850e+01,2.063528e+01,2.057944e+01,2.059340e+01,2.058643e+01,2.062830e+01,2.057944e+01,2.059340e+01,2.064225e+01,2.054453e+01,2.050961e+01,2.057246e+01,2.052358e+01,2.068410e+01,2.066318e+01,2.084437e+01,2.064923e+01,2.057944e+01,2.055152e+01,2.060039e+01,2.050961e+01,2.051660e+01,2.058643e+01,2.060039e+01,2.058643e+01,2.071897e+01,2.074685e+01,2.069805e+01,2.068410e+01,2.070502e+01,2.068410e+01,2.064923e+01,2.064225e+01,2.062132e+01,2.067016e+01,2.064225e+01,2.072594e+01,2.056548e+01,2.063528e+01,2.065621e+01,2.055850e+01,2.059340e+01,2.052358e+01,2.059340e+01,2.078866e+01,2.056548e+01,2.058643e+01,2.069108e+01,2.059340e+01,2.057944e+01,2.062132e+01,2.057246e+01,2.062830e+01,2.062830e+01,2.058643e+01,2.053755e+01,2.059340e+01,2.055152e+01,2.060039e+01,2.054453e+01,2.057246e+01,2.057246e+01,2.057246e+01,2.066318e+01,2.056548e+01,2.064225e+01,2.060736e+01,2.055850e+01,2.057944e+01,2.056548e+01,2.058643e+01,2.044672e+01,2.056548e+01,2.053057e+01,2.058643e+01,2.058643e+01,2.059340e+01,2.061434e+01,2.055152e+01,2.053057e+01,2.048865e+01,2.048865e+01,2.044672e+01,2.041176e+01,2.040477e+01,2.030682e+01,2.029982e+01,2.027881e+01,1.999835e+01,2.012466e+01,1.993514e+01,1.987892e+01,1.972414e+01,1.976638e+01,1.974526e+01,1.973118e+01,1.963257e+01,1.973118e+01,1.979452e+01,1.977341e+01,1.982969e+01,1.978749e+01,1.966780e+01,1.972414e+01,1.973118e+01,1.973118e+01,1.972414e+01,1.971710e+01,1.971710e+01,1.975934e+01,1.968893e+01,1.971710e+01,1.968893e+01,1.960438e+01,1.970302e+01,1.966076e+01,1.974526e+01,1.963257e+01,1.965371e+01,1.968189e+01,1.963257e+01,1.961847e+01,1.954797e+01,1.964666e+01,1.959028e+01,1.966076e+01,1.959028e+01,1.980156e+01,1.981563e+01,1.980156e+01,1.969597e+01,1.953386e+01,1.949859e+01,1.944212e+01,1.940681e+01,1.927959e+01,1.931495e+01,1.930081e+01,1.933615e+01,1.943506e+01,1.930788e+01,1.931495e+01,1.932909e+01,1.944918e+01,1.931495e+01,1.942093e+01,1.935736e+01,1.944212e+01,1.949153e+01,1.947742e+01,1.944918e+01,1.945624e+01,1.942800e+01,1.945624e+01,1.963257e+01,1.956913e+01,1.949153e+01,1.953386e+01,1.976638e+01,1.971006e+01,1.958323e+01,1.955502e+01,1.958323e+01,1.956207e+01,1.960438e+01,1.958323e+01,1.954797e+01,1.944918e+01,1.954797e+01,1.973118e+01,1.984376e+01,1.989297e+01,2.008257e+01,2.008959e+01,2.011063e+01,2.019476e+01,2.018074e+01,2.023680e+01,2.016672e+01,2.013868e+01,2.013868e+01,2.012466e+01,2.035581e+01,2.037679e+01,2.021578e+01,2.021578e+01,2.020877e+01,2.020177e+01,2.015270e+01,2.019476e+01,2.011063e+01,2.016672e+01,2.010362e+01,2.011063e+01,2.018074e+01,2.025781e+01,2.016672e+01,2.013167e+01,2.014569e+01,2.023680e+01,2.012466e+01,2.013167e+01,2.009660e+01,2.005451e+01,2.008959e+01,2.010362e+01,2.004047e+01,2.006854e+01,2.006152e+01,2.006854e+01,2.000537e+01,2.001239e+01,1.998431e+01,2.019476e+01,2.007556e+01,2.011063e+01,1.999835e+01,2.019476e+01,2.018775e+01,2.007556e+01,2.020177e+01,2.015971e+01,2.023680e+01,2.016672e+01,2.023680e+01,2.017373e+01,2.018775e+01,2.022278e+01,2.009660e+01,2.027881e+01,2.017373e+01,2.022278e+01,2.025080e+01,2.026481e+01,2.023680e+01,2.031382e+01,2.010362e+01,2.020177e+01,2.029282e+01,2.025080e+01,2.025781e+01,2.033481e+01,2.030682e+01,2.023680e+01,2.025781e+01,2.031382e+01,2.016672e+01,2.029282e+01,1.979452e+01,1.926545e+01,1.923715e+01,1.923008e+01,1.935029e+01,1.949153e+01,1.949859e+01,1.983673e+01,1.984376e+01,2.026481e+01,2.027181e+01,2.039078e+01,2.031382e+01,2.037679e+01,2.038379e+01,2.050961e+01,2.030682e+01,2.022278e+01,2.039078e+01,2.030682e+01,2.027881e+01,2.034881e+01,2.029282e+01,2.031382e+01,2.021578e+01,2.032082e+01,2.020877e+01,2.025080e+01,2.020177e+01,2.027181e+01,2.023680e+01,2.008257e+01,2.013868e+01,2.025080e+01,2.022278e+01,2.015270e+01,2.022278e+01,2.015971e+01,2.029282e+01,2.029982e+01,2.030682e+01,2.028582e+01,2.033481e+01,2.038379e+01,2.033481e+01,2.038379e+01,2.034181e+01,2.022278e+01,2.029982e+01,2.043274e+01,2.045371e+01,2.046070e+01,2.048166e+01,2.050961e+01,2.054453e+01,2.049564e+01,2.052358e+01,2.043973e+01,2.054453e+01,2.046769e+01,2.044672e+01,2.053755e+01,2.043973e+01,2.053755e+01,2.046769e+01,2.048865e+01,2.053755e+01,2.060039e+01,2.056548e+01,2.055850e+01,2.060039e+01,2.056548e+01,2.044672e+01,2.046070e+01,2.042575e+01,2.039078e+01,2.044672e+01,2.029982e+01,2.028582e+01,2.032782e+01,2.033481e+01,2.024380e+01,2.033481e+01,2.029982e+01,2.033481e+01,2.033481e+01,2.031382e+01,2.024380e+01,2.016672e+01,2.024380e+01,2.019476e+01,2.018074e+01,1.996324e+01,2.001941e+01,2.005451e+01,1.994216e+01,1.995621e+01,1.997026e+01,2.004749e+01,1.992109e+01,1.990703e+01,1.997728e+01,2.004749e+01,2.011063e+01,1.996324e+01,2.013167e+01,1.999835e+01,2.013868e+01,2.004047e+01,2.006152e+01,1.997026e+01,2.006854e+01,1.990703e+01,2.001239e+01,1.980156e+01,1.978749e+01,1.971006e+01,1.982266e+01,1.999133e+01,2.001239e+01,2.006854e+01,2.008257e+01,2.008959e+01,2.016672e+01,2.018775e+01,2.018074e+01,2.025781e+01,2.026481e+01,2.028582e+01,2.030682e+01,2.027881e+01,2.029282e+01,2.034181e+01,2.022278e+01,2.015971e+01,2.029282e+01,2.024380e+01,2.019476e+01,2.030682e+01,2.028582e+01,2.023680e+01,2.024380e+01,2.022979e+01,2.023680e+01,2.036280e+01,2.030682e+01,2.026481e+01,2.036980e+01,2.022278e+01,2.022979e+01,2.026481e+01,2.020177e+01,2.037679e+01,2.036280e+01,2.033481e+01,2.036980e+01,2.033481e+01,2.048865e+01,2.032782e+01,2.042575e+01,2.039778e+01,2.041176e+01,2.039078e+01,2.038379e+01,2.020177e+01,2.038379e+01,2.038379e+01,2.043973e+01,2.052358e+01,2.043274e+01,2.061434e+01,2.075382e+01,2.061434e+01,2.075382e+01,2.077472e+01,2.103914e+01,2.099744e+01,2.100439e+01,2.082348e+01,2.081652e+01,2.086526e+01,2.090702e+01,2.096267e+01,2.080955e+01,2.077472e+01,2.074685e+01,2.080259e+01,2.088614e+01,2.078169e+01,2.088614e+01,2.088614e+01,2.083741e+01,2.093485e+01,2.083741e+01,2.082348e+01,2.084437e+01,2.099744e+01,2.078866e+01,2.085134e+01,2.078169e+01,2.103914e+01,2.083741e+01,2.094876e+01,2.091398e+01,2.076775e+01,2.090006e+01,2.091398e+01,2.093485e+01,2.091398e+01,2.086526e+01,2.084437e+01,2.087222e+01,2.088614e+01,2.085830e+01,2.080259e+01,2.093485e+01,2.090702e+01,2.099744e+01,2.102524e+01,2.092093e+01,2.094180e+01,2.083741e+01,2.092789e+01,2.087222e+01,2.096267e+01,2.094180e+01,2.090702e+01,2.090006e+01,2.094876e+01,2.085134e+01,2.094876e+01,2.099048e+01,2.094180e+01,2.092789e+01,2.101134e+01,2.099744e+01,2.092093e+01,2.101829e+01,2.105999e+01,2.092789e+01,2.106693e+01,2.096267e+01,2.089310e+01,2.089310e+01,2.094180e+01,2.096267e+01,2.102524e+01,2.103914e+01,2.090006e+01,2.094180e+01,2.099744e+01,2.089310e+01,2.101829e+01,2.087222e+01,2.091398e+01,2.094180e+01,2.094876e+01,2.101134e+01,2.101134e+01,2.099744e+01,2.099048e+01,2.103219e+01,2.099744e+01,2.103219e+01,2.101829e+01,2.096267e+01,2.105999e+01,2.093485e+01,2.090702e+01,2.092789e+01,2.096962e+01,2.083741e+01,2.092789e+01,2.078169e+01,2.081652e+01,2.077472e+01,2.080955e+01,2.082348e+01,2.083741e+01,2.080259e+01,2.078169e+01,2.080259e+01,2.078866e+01,2.085830e+01,2.099048e+01,2.084437e+01,2.090006e+01,2.114333e+01,2.112250e+01,2.131673e+01,2.133059e+01,2.134445e+01,2.144140e+01,2.139986e+01,2.125434e+01,2.133752e+01
2.081652e+01,2.089310e+01,2.083741e+01,2.078169e+01,2.061434e+01,2.076775e+01,2.083045e+01,2.069805e+01,2.070502e+01,2.071200e+01,2.076079e+01,2.085830e+01,2.071897e+01,2.080955e+01,2.064923e+01,2.064225e+01,2.062830e+01,2.064225e+01,2.069805e+01,2.076775e+01,2.066318e+01,2.097658e+01,2.069108e+01,2.062830e+01,2.081652e+01,2.071897e+01,2.072594e+01,2.074685e+01,2.078169e+01,2.066318e+01,2.070502e+01,2.073988e+01,2.075382e+01,2.075382e+01,2.080259e+01,2.080259e+01,2.076079e+01,2.075382e+01,2.070502e+01,2.071200e+01,2.072594e+01,2.069805e+01,2.073291e+01,2.077472e+01,2.073988e+01,2.074685e+01,2.080259e+01,2.050262e+01,2.077472e+01,2.057246e+01,2.059340e+01,2.066318e+01,2.057944e+01,2.066318e+01,2.073291e+01,2.067713e+01,2.068410e+01,2.067016e+01,2.069805e+01,2.064923e+01,2.064225e+01,2.062830e+01,2.042575e+01,2.055850e+01,2.046070e+01,2.045371e+01,2.060039e+01,2.048166e+01,2.068410e+01,2.066318e+01,2.066318e+01,2.062132e+01,2.057944e+01,2.064923e+01,2.062830e+01,2.052358e+01,2.060736e+01,2.054453e+01,2.066318e+01,2.052358e+01,2.044672e+01,2.055850e+01,2.051660e+01,2.075382e+01,2.050262e+01,2.060736e+01,2.062132e+01,2.064923e+01,2.060736e+01,2.048166e+01,2.064923e+01,2.057944e+01,2.062830e+01,2.057246e+01,2.063528e+01,2.064923e+01,2.064923e+01,2.059340e+01,2.064923e+01,2.054453e+01,2.054453e+01,2.058643e+01,2.057944e+01,2.057944e+01,2.054453e+01,2.055850e+01,2.060039e+01,2.050262e+01,2.054453e+01,2.056548e+01,2.062132e+01,2.058643e+01,2.060736e+01,2.058643e+01,2.052358e+01,2.062132e+01,2.062132e+01,2.046070e+01,2.062132e+01,2.056548e+01,2.055850e+01,2.064225e+01,2.078169e+01,2.073291e+01,2.071200e+01,2.058643e+01,2.057944e+01,2.056548e+01,2.067016e+01,2.066318e+01,2.055850e+01,2.055850e+01,2.055850e+01,2.060736e+01,2.055152e+01,2.055152e+01,2.063528e+01,2.061434e+01,2.062132e+01,2.061434e+01,2.065621e+01,2.056548e+01,2.062830e+01,2.056548e+01,2.064225e+01,2.058643e+01,2.065621e+01,2.060736e+01,2.063528e+01,2.062132e+01,2.050961e+01,2.060736e+01,2.062132e+01,2.044672e+01,2.057944e+01,2.057246e+01,2.056548e+01,2.055152e+01,2.057944e+01,2.054453e+01,2.053057e+01,2.061434e+01,2.053057e+01,2.055850e+01,2.057246e+01,2.049564e+01,2.056548e+01,2.061434e+01,2.057944e+01,2.055850e+01,2.061434e+01,2.055152e+01,2.053755e+01,2.054453e+01,2.050262e+01,2.048166e+01,2.048865e+01,2.053755e+01,2.047468e+01,2.031382e+01,2.048166e+01,2.029982e+01,2.006152e+01,2.004047e+01,1.997728e+01,1.978045e+01,1.980859e+01,1.968189e+01,1.978045e+01,1.979452e+01,1.971710e+01,1.978045e+01,1.974526e+01,1.963962e+01,1.982266e+01,1.982266e+01,1.977341e+01,1.973118e+01,1.971006e+01,1.973822e+01,1.978045e+01,1.978045e+01,1.975230e+01,1.974526e+01,1.973118e+01,1.972414e+01,1.970302e+01,1.960438e+01,1.962552e+01,1.959028e+01,1.966076e+01,1.959028e+01,1.955502e+01,1.963257e+01,1.975230e+01,1.959028e+01,1.963257e+01,1.963257e+01,1.961847e+01,1.959733e+01,1.962552e+01,1.957618e+01,1.954797e+01,1.972414e+01,1.968893e+01,1.968189e+01,1.957618e+01,1.950564e+01,1.953386e+01,1.944212e+01,1.932909e+01,1.942800e+01,1.929374e+01,1.923715e+01,1.925130e+01,1.915930e+01,1.928667e+01,1.935736e+01,1.926545e+01,1.925130e+01,1.935736e+01,1.936442e+01,1.935029e+01,1.946330e+01,1.947742e+01,1.942093e+01,1.949153e+01,1.944918e+01,1.944212e+01,1.945624e+01,1.945624e+01,1.947742e+01,1.949859e+01,1.954092e+01,1.954797e+01,1.954797e+01,1.956207e+01,1.963257e+01,1.957618e+01,1.959028e+01,1.957618e+01,1.966076e+01,1.940681e+01,1.941387e+01,1.941387e+01,1.966076e+01,1.975230e+01,2.001941e+01,2.008959e+01,2.006854e+01,2.020177e+01,2.020177e+01,2.011063e+01,2.018775e+01,2.012466e+01,2.013868e+01,2.014569e+01,2.013167e+01,2.013868e+01,2.013868e+01,2.004749e+01,2.006152e+01,2.015270e+01,2.018775e+01,2.014569e+01,2.020177e+01,2.012466e+01,2.019476e+01,2.018074e+01,2.015971e+01,2.012466e+01,2.010362e+01,2.012466e+01,2.011764e+01,2.011764e+01,2.012466e+01,2.006854e+01,2.013868e+01,2.008257e+01,2.008257e+01,2.008257e+01,2.004047e+01,2.004749e+01,2.004047e+01,2.009660e+01,2.006152e+01,2.008959e+01,2.008959e+01,2.004047e+01,2.004047e+01,2.008959e+01,2.008959e+01,2.011764e+01,2.012466e+01,2.018775e+01,2.001941e+01,2.015270e+01,2.006152e+01,2.003345e+01,2.021578e+01,2.018775e+01,2.020877e+01,2.013868e+01,2.027181e+01,2.015971e+01,2.022979e+01,2.019476e+01,2.025080e+01,2.025781e+01,2.023680e+01,2.023680e+01,2.018775e+01,2.027881e+01,2.025781e+01,2.009660e+01,2.026481e+01,2.022278e+01,2.021578e+01,2.020877e+01,2.025781e+01,2.018074e+01,2.017373e+01,2.022979e+01,2.029982e+01,1.990000e+01,1.939268e+01,1.925838e+01,1.915930e+01,1.918761e+01,1.936442e+01,1.951270e+01,1.965371e+01,1.990703e+01,1.991406e+01,2.005451e+01,2.027881e+01,2.037679e+01,2.039778e+01,2.043274e+01,2.027881e+01,2.026481e+01,2.032082e+01,2.035581e+01,2.034881e+01,2.034181e+01,2.031382e+01,2.027181e+01,2.029982e+01,2.033481e+01,2.035581e+01,2.025781e+01,2.015971e+01,2.022979e+01,2.019476e+01,2.017373e+01,2.022979e+01,2.015971e+01,2.032082e+01,2.033481e+01,2.024380e+01,2.025080e+01,2.034181e+01,2.025080e+01,2.028582e+01,2.027881e+01,2.030682e+01,2.039778e+01,2.037679e+01,2.034881e+01,2.035581e+01,2.034881e+01,2.037679e+01,2.042575e+01,2.044672e+01,2.046070e+01,2.047468e+01,2.047468e+01,2.041875e+01,2.041176e+01,2.045371e+01,2.046769e+01,2.035581e+01,2.050961e+01,2.041176e+01,2.047468e+01,2.050961e+01,2.043274e+01,2.044672e+01,2.045371e+01,2.046769e+01,2.055850e+01,2.027181e+01,2.045371e+01,2.058643e+01,2.061434e+01,2.051660e+01,2.041875e+01,2.031382e+01,2.043274e+01,2.040477e+01,2.032782e+01,2.029282e+01,2.033481e+01,2.019476e+01,2.030682e+01,2.026481e+01,2.025781e+01,2.033481e+01,2.029982e+01,2.022979e+01,2.033481e+01,2.020877e+01,2.031382e+01,2.021578e+01,2.020177e+01,2.013868e+01,2.013167e+01,2.021578e+01,2.004749e+01,1.990703e+01,1.997728e+01,2.005451e+01,1.999133e+01,1.992811e+01,1.981563e+01,1.983673e+01,1.997026e+01,1.997728e+01,1.999133e+01,2.005451e+01,2.011063e+01,2.001239e+01,2.013167e+01,2.006854e+01,2.006152e+01,1.994216e+01,1.979452e+01,1.976638e+01,1.980859e+01,1.976638e+01,1.963962e+01,1.977341e+01,1.986485e+01,1.984376e+01,1.990000e+01,2.009660e+01,2.005451e+01,2.001239e+01,2.016672e+01,2.012466e+01,2.027881e+01,2.025781e+01,2.025080e+01,2.025080e+01,2.023680e+01,2.041176e+01,2.019476e+01,2.011063e+01,2.018074e+01,2.018775e+01,2.025080e+01,2.015971e+01,2.020877e+01,2.026481e+01,2.007556e+01,2.026481e+01,2.024380e+01,2.024380e+01,2.023680e+01,2.022979e+01,2.027881e+01,2.021578e+01,2.032082e+01,2.022979e+01,2.027881e+01,2.025080e+01,2.036280e+01,2.025781e+01,2.036980e+01,2.037679e+01,2.029982e+01,2.030682e+01,2.030682e+01,2.034181e+01,2.038379e+01,2.029282e+01,2.031382e+01,2.039078e+01,2.038379e+01,2.045371e+01,2.040477e+01,2.034181e+01,2.039078e+01,2.043274e+01,2.041875e+01,2.048865e+01,2.073291e+01,2.059340e+01,2.081652e+01,2.077472e+01,2.085830e+01,2.085830e+01,2.081652e+01,2.081652e+01,2.079562e+01,2.082348e+01,2.099048e+01,2.076079e+01,2.085134e+01,2.085134e+01,2.095572e+01,2.089310e+01,2.074685e+01,2.090006e+01,2.090006e+01,2.084437e+01,2.087918e+01,2.099744e+01,2.083045e+01,2.080259e+01,2.085134e+01,2.078866e+01,2.076079e+01,2.100439e+01,2.077472e+01,2.081652e+01,2.087918e+01,2.085830e+01,2.079562e+01,2.087918e+01,2.085830e+01,2.104609e+01,2.090006e+01,2.094180e+01,2.089310e+01,2.099744e+01,2.092093e+01,2.086526e+01,2.095572e+01,2.094180e+01,2.082348e+01,2.095572e+01,2.090006e+01,2.094180e+01,2.097658e+01,2.098353e+01,2.088614e+01,2.089310e+01,2.090702e+01,2.089310e+01,2.090006e+01,2.085830e+01,2.094180e+01,2.099744e+01,2.103914e+01,2.086526e+01,2.094180e+01,2.090006e+01,2.100439e+01,2.087918e+01,2.094876e+01,2.085830e+01,2.105999e+01,2.093485e+01,2.090702e+01,2.100439e+01,2.090006e+01,2.094180e+01,2.091398e+01,2.083045e+01,2.094876e+01,2.080955e+01,2.083741e+01,2.092789e+01,2.094876e+01,2.087918e+01,2.103914e+01,2.102524e+01,2.084437e+01,2.090702e+01,2.093485e+01,2.094180e+01,2.094180e+01,2.083741e+01,2.090006e+01,2.087222e+01,2.092093e+01,2.094876e+01,2.097658e+01,2.096962e+01,2.103219e+01,2.094180e+01,2.092789e+01,2.087918e+01,2.080955e+01,2.078866e+01,2.095572e+01,2.090702e+01,2.080955e+01,2.084437e+01,2.081652e+01,2.083741e+01,2.079562e+01,2.085134e+01,2.084437e+01,2.079562e+01,2.078866e+01,2.085134e+01,2.108777e+01,2.088614e+01,2.087222e+01,2.096267e+01,2.119885e+01,2.119885e+01,2.120579e+01,2.126821e+01,2.137216e+01,2.139293e+01,2.133752e+01,2.150368e+01
2.080955e+01,2.083741e+01,2.085830e+01,2.074685e+01,2.069805e+01,2.070502e+01,2.065621e+01,2.076775e+01,2.071200e+01,2.074685e+01,2.082348e+01,2.083045e+01,2.071200e+01,2.075382e+01,2.064923e+01,2.078866e+01,2.078866e+01,2.068410e+01,2.067713e+01,2.060736e+01,2.064225e+01,2.064225e+01,2.063528e+01,2.066318e+01,2.081652e+01,2.078169e+01,2.070502e+01,2.061434e+01,2.059340e+01,2.067713e+01,2.064225e+01,2.077472e+01,2.071200e+01,2.071897e+01,2.076775e+01,2.075382e+01,2.057246e+01,2.076775e+01,2.080259e+01,2.074685e+01,2.076079e+01,2.065621e+01,2.062132e+01,2.076079e+01,2.075382e+01,2.071200e+01,2.077472e+01,2.066318e+01,2.060736e+01,2.062830e+01,2.076079e+01,2.067016e+01,2.071897e+01,2.071200e+01,2.065621e+01,2.069108e+01,2.062830e+01,2.067016e+01,2.079562e+01,2.057246e+01,2.064225e+01,2.073988e+01,2.053057e+01,2.048166e+01,2.058643e+01,2.050262e+01,2.057944e+01,2.053057e+01,2.048166e+01,2.060039e+01,2.064923e+01,2.066318e+01,2.067016e+01,2.064923e+01,2.060039e+01,2.062830e+01,2.063528e+01,2.063528e+01,2.064225e+01,2.053755e+01,2.053755e+01,2.058643e+01,2.061434e+01,2.061434e+01,2.059340e+01,2.066318e+01,2.062132e+01,2.060736e+01,2.064923e+01,2.069805e+01,2.059340e+01,2.058643e+01,2.060736e+01,2.063528e+01,2.065621e+01,2.064225e+01,2.060039e+01,2.064225e+01,2.066318e+01,2.062830e+01,2.065621e+01,2.058643e+01,2.062132e+01,2.059340e+01,2.058643e+01,2.053057e+01,2.056548e+01,2.055152e+01,2.062132e+01,2.060039e+01,2.057944e+01,2.068410e+01,2.058643e+01,2.071897e+01,2.057246e+01,2.063528e+01,2.063528e+01,2.065621e+01,2.066318e+01,2.060039e+01,2.064225e+01,2.062132e+01,2.048865e+01,2.063528e+01,2.062132e+01,2.071897e+01,2.065621e+01,2.069108e+01,2.065621e+01,2.068410e+01,2.069108e+01,2.071897e+01,2.064923e+01,2.057246e+01,2.060736e+01,2.067713e+01,2.054453e+01,2.077472e+01,2.053057e+01,2.057246e+01,2.069805e+01,2.071897e+01,2.053057e+01,2.068410e+01,2.062830e+01,2.078866e+01,2.062132e+01,2.056548e+01,2.055850e+01,2.060039e+01,2.048166e+01,2.064225e+01,2.056548e+01,2.054453e+01,2.060039e+01,2.057246e+01,2.055850e+01,2.056548e+01,2.057944e+01,2.053755e+01,2.060039e+01,2.055850e+01,2.051660e+01,2.053057e+01,2.046769e+01,2.053057e+01,2.055850e+01,2.053057e+01,2.056548e+01,2.060736e+01,2.061434e+01,2.062132e+01,2.050961e+01,2.043973e+01,2.053057e+01,2.053057e+01,2.049564e+01,2.043973e+01,2.047468e+01,2.041176e+01,2.042575e+01,2.025781e+01,2.008257e+01,2.007556e+01,1.985782e+01,1.994919e+01,1.981563e+01,1.974526e+01,1.973118e+01,1.975934e+01,1.975230e+01,1.971710e+01,1.974526e+01,1.974526e+01,1.978749e+01,1.971710e+01,1.971006e+01,1.982969e+01,1.973118e+01,1.975934e+01,1.975934e+01,1.977341e+01,1.975934e+01,1.963962e+01,1.982266e+01,1.966076e+01,1.964666e+01,1.961143e+01,1.961847e+01,1.973822e+01,1.963962e+01,1.962552e+01,1.966780e+01,1.974526e+01,1.970302e+01,1.963257e+01,1.961143e+01,1.964666e+01,1.959733e+01,1.963962e+01,1.949153e+01,1.960438e+01,1.947742e+01,1.956913e+01,1.968189e+01,1.963962e+01,1.968189e+01,1.970302e+01,1.967484e+01,1.947036e+01,1.937855e+01,1.937149e+01,1.932202e+01,1.923008e+01,1.923715e+01,1.928667e+01,1.926545e+01,1.932909e+01,1.908847e+01,1.932909e+01,1.917346e+01,1.940681e+01,1.931495e+01,1.935736e+01,1.939268e+01,1.948447e+01,1.937855e+01,1.941387e+01,1.938562e+01,1.943506e+01,1.944212e+01,1.959733e+01,1.952681e+01,1.954797e+01,1.956207e+01,1.958323e+01,1.956913e+01,1.956207e+01,1.954797e+01,1.959028e+01,1.954797e+01,1.942800e+01,1.947742e+01,1.944918e+01,1.954092e+01,1.942093e+01,1.975934e+01,1.990703e+01,2.004047e+01,2.004749e+01,2.009660e+01,2.012466e+01,2.018775e+01,2.008959e+01,2.010362e+01,2.009660e+01,2.010362e+01,2.012466e+01,2.007556e+01,2.014569e+01,2.011063e+01,2.020877e+01,2.008959e+01,2.013167e+01,2.016672e+01,2.018074e+01,2.019476e+01,2.016672e+01,2.012466e+01,2.004749e+01,2.013868e+01,2.011764e+01,2.013167e+01,2.015270e+01,2.013868e+01,2.008257e+01,2.009660e+01,2.003345e+01,2.011764e+01,2.004749e+01,2.006854e+01,2.010362e+01,2.004047e+01,2.005451e+01,1.999133e+01,2.007556e+01,2.001239e+01,2.004047e+01,2.008257e+01,2.007556e+01,2.003345e+01,2.008959e+01,2.007556e+01,2.021578e+01,2.013167e+01,2.011063e+01,2.019476e+01,2.014569e+01,2.019476e+01,2.016672e+01,2.022278e+01,2.011063e+01,2.011063e+01,2.018775e+01,2.020877e+01,2.009660e+01,2.013868e+01,2.011764e+01,2.027181e+01,2.025781e+01,2.029282e+01,2.025781e+01,2.009660e+01,2.025781e+01,2.027881e+01,2.023680e+01,2.033481e+01,2.023680e+01,2.025080e+01,2.015971e+01,2.028582e+01,2.032082e+01,2.032082e+01,2.013868e+01,2.008257e+01,1.947036e+01,1.924423e+01,1.925838e+01,1.923008e+01,1.922300e+01,1.944212e+01,1.951270e+01,1.979452e+01,1.997728e+01,2.006854e+01,2.019476e+01,2.038379e+01,2.039778e+01,2.040477e+01,2.042575e+01,2.039078e+01,2.032082e+01,2.029982e+01,2.032782e+01,2.032082e+01,2.027881e+01,2.021578e+01,2.029982e+01,2.027181e+01,2.022979e+01,2.029282e+01,2.023680e+01,2.036280e+01,2.038379e+01,2.020177e+01,2.034881e+01,2.023680e+01,2.032082e+01,2.033481e+01,2.022979e+01,2.031382e+01,2.025080e+01,2.029282e+01,2.035581e+01,2.039078e+01,2.034881e+01,2.037679e+01,2.039078e+01,2.032782e+01,2.040477e+01,2.041875e+01,2.036980e+01,2.043973e+01,2.043274e+01,2.046769e+01,2.042575e+01,2.046769e+01,2.046769e+01,2.044672e+01,2.047468e+01,2.044672e+01,2.050262e+01,2.029282e+01,2.041176e+01,2.036280e+01,2.057246e+01,2.050961e+01,2.044672e+01,2.045371e+01,2.065621e+01,2.037679e+01,2.057246e+01,2.044672e+01,2.059340e+01,2.048166e+01,2.043973e+01,2.035581e+01,2.046070e+01,2.044672e+01,2.042575e+01,2.042575e+01,2.034181e+01,2.025080e+01,2.028582e+01,2.025781e+01,2.033481e+01,2.032782e+01,2.032782e+01,2.032082e+01,2.016672e+01,2.028582e+01,2.032782e+01,2.018775e+01,2.020877e+01,2.016672e+01,2.018074e+01,2.017373e+01,2.004047e+01,1.995621e+01,1.989297e+01,1.999835e+01,1.994919e+01,2.001239e+01,1.985079e+01,1.991406e+01,1.992811e+01,2.012466e+01,1.992811e+01,2.010362e+01,2.001239e+01,2.020177e+01,2.013167e+01,2.011764e+01,2.011063e+01,2.008959e+01,1.995621e+01,1.987189e+01,1.979452e+01,1.979452e+01,1.970302e+01,1.990000e+01,1.983673e+01,2.002643e+01,1.992109e+01,2.008959e+01,2.008959e+01,2.011063e+01,2.026481e+01,2.032082e+01,2.027881e+01,2.027181e+01,2.024380e+01,2.025781e+01,2.024380e+01,2.015971e+01,2.020877e+01,2.027881e+01,2.021578e+01,2.022979e+01,2.013868e+01,2.021578e+01,2.022979e+01,2.029282e+01,2.029282e+01,2.022979e+01,2.027181e+01,2.020877e+01,2.026481e+01,2.026481e+01,2.044672e+01,2.038379e+01,2.028582e+01,2.025080e+01,2.029282e+01,2.027181e+01,2.038379e+01,2.041176e+01,2.023680e+01,2.041176e+01,2.038379e+01,2.027181e+01,2.041875e+01,2.036980e+01,2.033481e+01,2.041176e+01,2.046769e+01,2.043973e+01,2.038379e+01,2.038379e+01,2.039778e+01,2.043274e+01,2.041176e+01,2.021578e+01,2.042575e+01,2.044672e+01,2.064225e+01,2.088614e+01,2.071200e+01,2.095572e+01,2.088614e+01,2.080259e+01,2.083741e+01,2.080259e+01,2.081652e+01,2.084437e+01,2.093485e+01,2.083045e+01,2.086526e+01,2.073988e+01,2.077472e+01,2.074685e+01,2.075382e+01,2.085830e+01,2.086526e+01,2.085134e+01,2.092789e+01,2.087222e+01,2.084437e+01,2.083741e+01,2.082348e+01,2.090006e+01,2.085830e+01,2.087918e+01,2.078169e+01,2.077472e+01,2.079562e+01,2.085830e+01,2.086526e+01,2.081652e+01,2.092093e+01,2.087918e+01,2.090006e+01,2.089310e+01,2.092093e+01,2.089310e+01,2.085830e+01,2.091398e+01,2.098353e+01,2.100439e+01,2.084437e+01,2.090006e+01,2.089310e+01,2.089310e+01,2.090702e+01,2.092093e+01,2.084437e+01,2.087222e+01,2.091398e+01,2.102524e+01,2.096267e+01,2.094180e+01,2.094180e+01,2.085830e+01,2.092789e+01,2.099048e+01,2.099744e+01,2.092789e+01,2.101829e+01,2.087222e+01,2.094876e+01,2.096267e+01,2.094180e+01,2.090006e+01,2.099744e+01,2.090702e+01,2.096267e+01,2.092093e+01,2.092789e+01,2.083741e+01,2.092789e+01,2.094180e+01,2.092789e+01,2.090006e+01,2.087918e+01,2.090006e+01,2.088614e+01,2.089310e+01,2.091398e+01,2.100439e+01,2.099048e+01,2.086526e+01,2.086526e+01,2.090006e+01,2.091398e+01,2.088614e+01,2.092093e+01,2.100439e+01,2.096267e+01,2.102524e+01,2.094876e+01,2.096267e+01,2.094876e+01,2.092093e+01,2.086526e+01,2.092789e+01,2.095572e+01,2.080955e+01,2.085134e+01,2.072594e+01,2.084437e+01,2.080259e+01,2.082348e+01,2.078169e+01,2.087918e+01,2.081652e+01,2.087222e+01,2.088614e+01,2.086526e+01,2.095572e+01,2.079562e+01,2.112944e+01,2.112250e+01,2.115721e+01,2.123353e+01,2.124047e+01,2.123353e+01,2.126821e+01,2.140678e+01,2.137216e+01,2.144140e+01
2.082348e+01,2.076775e+01,2.085830e+01,2.085134e+01,2.069108e+01,2.069805e+01,2.076775e+01,2.075382e+01,2.083045e+01,2.081652e+01,2.071200e+01,2.071897e+01,2.064923e+01,2.061434e+01,2.068410e+01,2.073988e+01,2.080955e+01,2.073291e+01,2.069108e+01,2.072594e+01,2.062132e+01,2.072594e+01,2.063528e+01,2.076775e+01,2.067713e+01,2.077472e+01,2.069805e+01,2.062830e+01,2.069108e+01,2.085830e+01,2.069805e+01,2.073291e+01,2.073988e+01,2.082348e+01,2.078169e+01,2.071897e+01,2.080259e+01,2.076775e+01,2.076079e+01,2.073988e+01,2.080259e+01,2.076079e+01,2.078169e+01,2.059340e+01,2.074685e+01,2.077472e+01,2.078169e+01,2.074685e+01,2.069108e+01,2.070502e+01,2.068410e+01,2.072594e+01,2.072594e+01,2.073988e+01,2.072594e+01,2.067016e+01,2.067016e+01,2.067713e+01,2.068410e+01,2.055152e+01,2.064225e+01,2.072594e+01,2.072594e+01,2.067713e+01,2.069108e+01,2.057246e+01,2.057944e+01,2.061434e+01,2.060039e+01,2.061434e+01,2.062830e+01,2.063528e+01,2.067016e+01,2.078866e+01,2.066318e+01,2.062132e+01,2.058643e+01,2.057246e+01,2.066318e+01,2.063528e+01,2.046769e+01,2.071200e+01,2.078866e+01,2.061434e+01,2.060039e+01,2.063528e+01,2.040477e+01,2.063528e+01,2.076775e+01,2.064923e+01,2.060736e+01,2.062830e+01,2.070502e+01,2.064225e+01,2.066318e+01,2.064923e+01,2.062132e+01,2.063528e+01,2.068410e+01,2.066318e+01,2.057246e+01,2.067016e+01,2.064225e+01,2.058643e+01,2.058643e+01,2.057246e+01,2.057944e+01,2.060039e+01,2.055850e+01,2.073988e+01,2.060039e+01,2.061434e+01,2.071897e+01,2.063528e+01,2.073988e+01,2.072594e+01,2.067713e+01,2.049564e+01,2.056548e+01,2.065621e+01,2.062830e+01,2.064923e+01,2.061434e+01,2.062830e+01,2.054453e+01,2.066318e+01,2.064923e+01,2.057246e+01,2.064225e+01,2.061434e+01,2.066318e+01,2.068410e+01,2.067713e+01,2.061434e+01,2.065621e+01,2.086526e+01,2.064225e+01,2.073988e+01,2.063528e+01,2.065621e+01,2.064225e+01,2.066318e+01,2.056548e+01,2.078169e+01,2.075382e+01,2.061434e+01,2.060039e+01,2.060039e+01,2.062132e+01,2.065621e+01,2.059340e+01,2.065621e+01,2.057246e+01,2.048166e+01,2.076079e+01,2.057246e+01,2.057246e+01,2.057944e+01,2.068410e+01,2.057944e+01,2.062830e+01,2.055850e+01,2.059340e+01,2.042575e+01,2.055152e+01,2.051660e+01,2.062830e+01,2.065621e+01,2.061434e+01,2.060039e+01,2.060736e+01,2.034881e+01,2.046070e+01,2.046070e+01,2.053755e+01,2.047468e+01,2.049564e+01,2.054453e+01,2.041875e+01,2.025781e+01,2.042575e+01,2.036280e+01,2.033481e+01,2.000537e+01,2.013167e+01,1.995621e+01,1.985782e+01,1.984376e+01,1.981563e+01,1.975934e+01,1.977341e+01,1.965371e+01,1.978045e+01,1.970302e+01,1.987189e+01,1.971710e+01,1.973822e+01,1.965371e+01,1.973118e+01,1.977341e+01,1.961847e+01,1.977341e+01,1.975230e+01,1.978749e+01,1.968189e+01,1.962552e+01,1.970302e+01,1.964666e+01,1.975230e+01,1.955502e+01,1.976638e+01,1.971006e+01,1.971710e+01,1.956207e+01,1.964666e+01,1.970302e+01,1.961847e+01,1.959733e+01,1.956207e+01,1.954092e+01,1.958323e+01,1.951975e+01,1.958323e+01,1.947742e+01,1.949153e+01,1.957618e+01,1.942800e+01,1.968189e+01,1.967484e+01,1.950564e+01,1.945624e+01,1.938562e+01,1.927959e+01,1.918054e+01,1.908847e+01,1.896084e+01,1.908847e+01,1.915222e+01,1.931495e+01,1.921593e+01,1.930081e+01,1.935029e+01,1.937855e+01,1.932909e+01,1.935029e+01,1.941387e+01,1.937855e+01,1.943506e+01,1.942800e+01,1.940681e+01,1.944918e+01,1.950564e+01,1.953386e+01,1.954797e+01,1.954092e+01,1.950564e+01,1.949153e+01,1.963257e+01,1.957618e+01,1.954092e+01,1.961847e+01,1.944918e+01,1.948447e+01,1.939268e+01,1.937855e+01,1.942800e+01,1.975230e+01,2.002643e+01,2.002643e+01,2.008257e+01,2.001941e+01,2.013167e+01,2.022979e+01,2.007556e+01,2.008257e+01,2.020177e+01,2.015270e+01,2.019476e+01,2.030682e+01,2.008257e+01,2.013167e+01,2.013868e+01,2.008959e+01,2.016672e+01,2.020177e+01,2.015270e+01,2.015270e+01,2.008959e+01,2.019476e+01,2.023680e+01,2.011764e+01,2.013868e+01,2.011764e+01,2.013167e+01,2.015270e+01,2.010362e+01,2.013167e+01,2.007556e+01,2.006854e+01,1.998431e+01,2.006854e+01,2.006854e+01,2.008257e+01,1.999835e+01,2.004047e+01,2.008257e+01,2.007556e+01,2.008257e+01,2.007556e+01,2.000537e+01,2.005451e+01,2.006152e+01,2.000537e+01,2.007556e+01,2.008959e+01,2.011764e+01,2.011063e+01,2.008257e+01,2.003345e+01,2.008959e+01,2.021578e+01,2.008257e+01,2.011764e+01,2.024380e+01,2.018074e+01,2.032082e+01,2.022979e+01,2.012466e+01,2.026481e+01,2.031382e+01,2.031382e+01,2.024380e+01,2.027181e+01,2.021578e+01,2.022278e+01,2.029282e+01,2.024380e+01,2.023680e+01,2.022278e+01,2.033481e+01,2.020877e+01,2.024380e+01,2.032782e+01,2.030682e+01,2.007556e+01,1.947036e+01,1.925838e+01,1.922300e+01,1.908847e+01,1.916638e+01,1.937149e+01,1.948447e+01,1.963257e+01,1.992109e+01,1.996324e+01,2.023680e+01,2.037679e+01,2.036280e+01,2.035581e+01,2.033481e+01,2.039078e+01,2.025080e+01,2.036280e+01,2.032782e+01,2.024380e+01,2.029282e+01,2.033481e+01,2.022278e+01,2.033481e+01,2.034881e+01,2.039778e+01,2.036280e+01,2.029982e+01,2.027181e+01,2.019476e+01,2.029282e+01,2.022979e+01,2.027881e+01,2.028582e+01,2.027181e+01,2.044672e+01,2.034181e+01,2.027181e+01,2.036280e+01,2.039778e+01,2.036280e+01,2.029982e+01,2.039778e+01,2.043973e+01,2.039078e+01,2.039778e+01,2.038379e+01,2.046769e+01,2.043973e+01,2.046070e+01,2.044672e+01,2.041176e+01,2.043973e+01,2.047468e+01,2.045371e+01,2.053057e+01,2.045371e+01,2.051660e+01,2.045371e+01,2.048166e+01,2.060039e+01,2.051660e+01,2.062132e+01,2.045371e+01,2.049564e+01,2.048865e+01,2.039078e+01,2.057246e+01,2.064225e+01,2.055850e+01,2.041875e+01,2.041176e+01,2.036980e+01,2.045371e+01,2.042575e+01,2.034881e+01,2.039078e+01,2.032082e+01,2.025781e+01,2.028582e+01,2.029982e+01,2.025781e+01,2.029282e+01,2.032082e+01,2.029282e+01,2.021578e+01,2.022278e+01,2.020177e+01,2.022979e+01,2.019476e+01,2.010362e+01,2.018775e+01,2.005451e+01,2.002643e+01,2.008257e+01,2.003345e+01,2.011063e+01,2.004749e+01,1.989297e+01,1.982969e+01,1.999133e+01,2.002643e+01,2.006152e+01,2.012466e+01,2.002643e+01,2.009660e+01,2.011063e+01,2.012466e+01,2.005451e+01,2.007556e+01,2.003345e+01,1.987892e+01,1.984376e+01,1.985079e+01,1.971710e+01,1.980859e+01,1.989297e+01,1.995621e+01,2.011764e+01,2.007556e+01,2.013868e+01,2.013868e+01,2.020877e+01,2.022278e+01,2.025080e+01,2.024380e+01,2.026481e+01,2.025781e+01,2.027881e+01,2.020877e+01,2.018775e+01,2.018074e+01,2.026481e+01,2.018074e+01,2.022979e+01,2.021578e+01,2.027881e+01,2.023680e+01,2.031382e+01,2.024380e+01,2.024380e+01,2.025781e+01,2.025781e+01,2.029282e+01,2.036280e+01,2.032082e+01,2.036280e+01,2.029982e+01,2.027881e+01,2.041176e+01,2.038379e+01,2.043973e+01,2.045371e+01,2.041176e+01,2.029282e+01,2.037679e+01,2.033481e+01,2.039778e+01,2.026481e+01,2.041875e+01,2.030682e+01,2.056548e+01,2.039778e+01,2.033481e+01,2.043274e+01,2.043274e+01,2.041875e+01,2.041875e+01,2.042575e+01,2.065621e+01,2.067016e+01,2.062132e+01,2.080955e+01,2.074685e+01,2.083045e+01,2.086526e+01,2.083045e+01,2.084437e+01,2.085830e+01,2.085134e+01,2.111555e+01,2.083741e+01,2.082348e+01,2.087918e+01,2.078169e+01,2.095572e+01,2.088614e+01,2.087918e+01,2.083045e+01,2.083045e+01,2.085830e+01,2.083741e+01,2.082348e+01,2.096267e+01,2.087222e+01,2.088614e+01,2.096267e+01,2.096962e+01,2.098353e+01,2.096267e+01,2.076775e+01,2.091398e+01,2.081652e+01,2.088614e+01,2.089310e+01,2.093485e+01,2.087918e+01,2.089310e+01,2.091398e+01,2.098353e+01,2.089310e+01,2.097658e+01,2.085134e+01,2.099048e+01,2.088614e+01,2.089310e+01,2.092093e+01,2.078866e+01,2.091398e+01,2.096267e+01,2.089310e+01,2.091398e+01,2.090702e+01,2.091398e+01,2.085830e+01,2.093485e+01,2.089310e+01,2.087918e+01,2.101829e+01,2.092789e+01,2.096962e+01,2.088614e+01,2.092789e+01,2.091398e+01,2.087918e+01,2.095572e+01,2.076079e+01,2.094876e+01,2.090702e+01,2.088614e+01,2.090702e+01,2.090702e+01,2.099744e+01,2.094180e+01,2.093485e+01,2.092789e+01,2.092789e+01,2.090702e+01,2.107388e+01,2.088614e+01,2.089310e+01,2.105304e+01,2.096267e+01,2.072594e+01,2.096267e+01,2.091398e+01,2.089310e+01,2.099048e+01,2.089310e+01,2.096962e+01,2.095572e+01,2.092093e+01,2.093485e+01,2.095572e+01,2.103219e+01,2.096267e+01,2.087222e+01,2.081652e+01,2.090702e+01,2.092789e+01,2.074685e+01,2.074685e+01,2.090006e+01,2.085830e+01,2.083045e+01,2.077472e+01,2.080259e+01,2.078866e+01,2.078866e+01,2.087918e+01,2.078866e+01,2.078169e+01,2.079562e+01,2.092789e+01,2.097658e+01,2.105304e+01,2.112250e+01,2.108777e+01,2.112944e+01,2.120579e+01,2.125434e+01,2.126127e+01,2.130287e+01,2.138601e+01,2.140678e+01
2.082348e+01,2.088614e+01,2.071200e+01,2.070502e+01,2.084437e+01,2.080259e+01,2.087222e+01,2.081652e+01,2.067713e+01,2.069805e+01,2.083741e+01,2.076079e+01,2.083741e+01,2.082348e+01,2.071200e+01,2.076079e+01,2.079562e+01,2.073291e+01,2.071897e+01,2.062132e+01,2.064225e+01,2.062830e+01,2.078866e+01,2.071200e+01,2.077472e+01,2.073988e+01,2.066318e+01,2.073988e+01,2.080259e+01,2.069805e+01,2.085134e+01,2.069108e+01,2.072594e+01,2.077472e+01,2.073291e+01,2.069805e+01,2.078169e+01,2.079562e+01,2.077472e+01,2.080259e+01,2.078866e+01,2.078866e+01,2.078866e+01,2.072594e+01,2.077472e+01,2.074685e+01,2.075382e+01,2.070502e+01,2.072594e+01,2.070502e+01,2.071200e+01,2.071897e+01,2.075382e+01,2.073988e+01,2.075382e+01,2.078169e+01,2.067016e+01,2.085134e+01,2.074685e+01,2.061434e+01,2.071897e+01,2.073988e+01,2.060736e+01,2.074685e+01,2.069108e+01,2.066318e+01,2.062132e+01,2.060039e+01,2.060039e+01,2.064923e+01,2.062132e+01,2.085134e+01,2.057944e+01,2.081652e+01,2.054453e+01,2.069805e+01,2.066318e+01,2.065621e+01,2.069108e+01,2.062830e+01,2.056548e+01,2.069805e+01,2.064225e+01,2.069108e+01,2.067713e+01,2.062132e+01,2.073988e+01,2.069805e+01,2.077472e+01,2.085830e+01,2.062132e+01,2.064225e+01,2.060039e+01,2.067713e+01,2.064225e+01,2.073291e+01,2.060736e+01,2.077472e+01,2.066318e+01,2.065621e+01,2.053755e+01,2.055850e+01,2.069108e+01,2.054453e+01,2.063528e+01,2.060736e+01,2.067713e+01,2.060736e+01,2.067016e+01,2.064225e+01,2.056548e+01,2.071200e+01,2.050262e+01,2.072594e+01,2.068410e+01,2.062132e+01,2.065621e+01,2.068410e+01,2.067713e+01,2.061434e+01,2.062830e+01,2.073291e+01,2.081652e+01,2.080259e+01,2.063528e+01,2.062132e+01,2.065621e+01,2.054453e+01,2.053755e+01,2.067713e+01,2.065621e+01,2.069805e+01,2.069108e+01,2.067016e+01,2.069805e+01,2.067016e+01,2.087222e+01,2.078169e+01,2.070502e+01,2.072594e+01,2.055850e+01,2.062830e+01,2.062830e+01,2.069805e+01,2.062830e+01,2.058643e+01,2.068410e+01,2.074685e+01,2.057246e+01,2.084437e+01,2.064225e+01,2.069108e+01,2.064923e+01,2.067016e+01,2.067713e+01,2.057246e+01,2.058643e+01,2.072594e+01,2.063528e+01,2.061434e+01,2.069108e+01,2.046070e+01,2.057944e+01,2.064225e+01,2.055152e+01,2.061434e+01,2.062830e+01,2.060736e+01,2.053755e+01,2.060039e+01,2.058643e+01,2.057944e+01,2.057246e+01,2.055152e+01,2.054453e+01,2.052358e+01,2.050262e+01,2.025080e+01,2.044672e+01,2.043274e+01,2.039078e+01,2.038379e+01,2.017373e+01,2.014569e+01,1.994216e+01,2.009660e+01,1.985782e+01,1.982266e+01,1.975230e+01,1.979452e+01,1.980859e+01,1.975934e+01,1.975230e+01,1.990703e+01,1.954797e+01,1.969597e+01,1.973822e+01,1.978045e+01,1.977341e+01,1.977341e+01,1.980156e+01,1.977341e+01,1.979452e+01,1.986485e+01,1.966076e+01,1.970302e+01,1.971710e+01,1.965371e+01,1.969597e+01,1.973822e+01,1.973822e+01,1.974526e+01,1.972414e+01,1.969597e+01,1.962552e+01,1.957618e+01,1.961847e+01,1.961847e+01,1.954092e+01,1.962552e+01,1.959733e+01,1.956207e+01,1.961847e+01,1.954797e+01,1.945624e+01,1.947036e+01,1.954797e+01,1.968189e+01,1.973118e+01,1.955502e+01,1.958323e+01,1.959733e+01,1.932202e+01,1.921593e+01,1.908847e+01,1.904594e+01,1.886147e+01,1.901758e+01,1.912389e+01,1.908138e+01,1.921593e+01,1.934322e+01,1.947742e+01,1.933615e+01,1.950564e+01,1.937855e+01,1.930081e+01,1.938562e+01,1.940681e+01,1.947036e+01,1.947742e+01,1.954092e+01,1.951975e+01,1.954797e+01,1.950564e+01,1.954092e+01,1.973118e+01,1.952681e+01,1.943506e+01,1.940681e+01,1.947036e+01,1.948447e+01,1.944212e+01,1.939975e+01,1.944918e+01,1.947036e+01,1.972414e+01,2.001941e+01,2.003345e+01,1.997728e+01,2.012466e+01,2.006152e+01,2.020877e+01,2.020177e+01,2.008959e+01,2.017373e+01,2.013167e+01,2.018775e+01,1.999835e+01,2.009660e+01,2.011764e+01,2.015270e+01,2.008257e+01,2.003345e+01,2.016672e+01,2.017373e+01,2.021578e+01,2.023680e+01,2.011764e+01,2.013868e+01,2.018775e+01,2.019476e+01,2.016672e+01,2.012466e+01,2.006152e+01,2.015270e+01,2.006854e+01,2.012466e+01,2.016672e+01,2.003345e+01,2.006854e+01,2.005451e+01,2.008959e+01,1.999835e+01,2.002643e+01,2.006854e+01,2.001239e+01,2.007556e+01,2.006854e+01,2.006854e+01,2.008257e+01,2.001941e+01,2.006854e+01,2.022278e+01,2.013868e+01,2.011063e+01,2.015971e+01,2.014569e+01,2.005451e+01,2.018775e+01,2.011764e+01,2.009660e+01,2.012466e+01,2.019476e+01,2.019476e+01,2.017373e+01,2.033481e+01,2.030682e+01,2.021578e+01,2.020877e+01,2.019476e+01,2.026481e+01,2.017373e+01,2.023680e+01,2.020177e+01,2.022979e+01,2.038379e+01,2.020177e+01,2.029982e+01,2.031382e+01,2.025781e+01,2.022278e+01,2.028582e+01,2.018775e+01,2.006152e+01,1.946330e+01,1.916638e+01,1.924423e+01,1.910972e+01,1.908847e+01,1.936442e+01,1.956913e+01,1.961143e+01,1.992811e+01,1.997026e+01,2.002643e+01,2.037679e+01,2.041176e+01,2.042575e+01,2.036280e+01,2.051660e+01,2.049564e+01,2.046070e+01,2.032082e+01,2.037679e+01,2.030682e+01,2.036980e+01,2.039778e+01,2.034881e+01,2.038379e+01,2.036980e+01,2.033481e+01,2.036980e+01,2.035581e+01,2.039078e+01,2.027881e+01,2.032782e+01,2.025080e+01,2.043274e+01,2.044672e+01,2.030682e+01,2.046769e+01,2.043274e+01,2.051660e+01,2.036280e+01,2.039778e+01,2.040477e+01,2.039078e+01,2.051660e+01,2.042575e+01,2.051660e+01,2.048865e+01,2.048865e+01,2.046769e+01,2.040477e+01,2.049564e+01,2.045371e+01,2.068410e+01,2.055152e+01,2.045371e+01,2.064225e+01,2.054453e+01,2.048865e+01,2.043973e+01,2.056548e+01,2.048865e+01,2.052358e+01,2.051660e+01,2.044672e+01,2.046769e+01,2.055152e+01,2.055152e+01,2.043274e+01,2.046070e+01,2.045371e+01,2.037679e+01,2.049564e+01,2.043973e+01,2.040477e+01,2.057246e+01,2.044672e+01,2.037679e+01,2.036980e+01,2.032782e+01,2.034881e+01,2.028582e+01,2.031382e+01,2.031382e+01,2.032782e+01,2.033481e+01,2.015270e+01,2.022278e+01,2.023680e+01,2.022278e+01,2.035581e+01,2.014569e+01,2.022278e+01,2.006854e+01,2.001941e+01,2.008257e+01,2.032782e+01,2.015270e+01,2.001941e+01,2.001941e+01,1.982266e+01,2.001941e+01,2.004047e+01,2.006854e+01,2.010362e+01,2.011764e+01,2.006152e+01,2.009660e+01,2.004047e+01,1.997728e+01,2.001941e+01,2.004047e+01,1.998431e+01,2.004749e+01,2.000537e+01,1.989297e+01,2.008257e+01,1.988594e+01,2.002643e+01,2.008959e+01,2.008959e+01,2.019476e+01,2.032082e+01,2.023680e+01,2.022278e+01,2.033481e+01,2.023680e+01,2.025781e+01,2.028582e+01,2.027181e+01,2.021578e+01,2.025781e+01,2.028582e+01,2.023680e+01,2.029982e+01,2.027881e+01,2.026481e+01,2.037679e+01,2.031382e+01,2.028582e+01,2.038379e+01,2.027181e+01,2.032782e+01,2.032082e+01,2.029982e+01,2.026481e+01,2.035581e+01,2.028582e+01,2.022979e+01,2.032082e+01,2.036980e+01,2.035581e+01,2.025781e+01,2.043973e+01,2.041875e+01,2.039778e+01,2.041875e+01,2.038379e+01,2.043274e+01,2.038379e+01,2.048865e+01,2.055152e+01,2.047468e+01,2.047468e+01,2.047468e+01,2.041875e+01,2.043274e+01,2.043274e+01,2.052358e+01,2.042575e+01,2.043973e+01,2.068410e+01,2.067016e+01,2.066318e+01,2.065621e+01,2.069805e+01,2.076775e+01,2.092093e+01,2.085134e+01,2.084437e+01,2.083045e+01,2.083045e+01,2.084437e+01,2.083045e+01,2.093485e+01,2.101829e+01,2.097658e+01,2.087222e+01,2.088614e+01,2.092093e+01,2.117803e+01,2.082348e+01,2.082348e+01,2.082348e+01,2.095572e+01,2.100439e+01,2.094180e+01,2.090702e+01,2.092789e+01,2.090702e+01,2.085134e+01,2.089310e+01,2.085134e+01,2.089310e+01,2.098353e+01,2.088614e+01,2.097658e+01,2.090006e+01,2.089310e+01,2.102524e+01,2.093485e+01,2.101134e+01,2.102524e+01,2.090006e+01,2.089310e+01,2.087918e+01,2.110166e+01,2.083741e+01,2.091398e+01,2.094876e+01,2.076079e+01,2.084437e+01,2.092093e+01,2.103219e+01,2.096962e+01,2.090702e+01,2.096267e+01,2.094876e+01,2.086526e+01,2.096267e+01,2.093485e+01,2.095572e+01,2.098353e+01,2.095572e+01,2.087222e+01,2.093485e+01,2.095572e+01,2.094180e+01,2.090006e+01,2.099048e+01,2.088614e+01,2.089310e+01,2.091398e+01,2.083045e+01,2.090006e+01,2.095572e+01,2.090702e+01,2.096267e+01,2.096267e+01,2.101829e+01,2.092093e+01,2.089310e+01,2.099048e+01,2.104609e+01,2.088614e+01,2.099048e+01,2.092789e+01,2.092789e+01,2.102524e+01,2.093485e+01,2.092093e+01,2.115721e+01,2.098353e+01,2.096962e+01,2.099744e+01,2.113638e+01,2.101134e+01,2.100439e+01,2.084437e+01,2.073291e+01,2.091398e+01,2.099744e+01,2.081652e+01,2.088614e+01,2.083741e+01,2.087918e+01,2.081652e+01,2.085830e+01,2.078169e+01,2.082348e+01,2.079562e+01,2.086526e+01,2.103914e+01,2.092093e+01,2.099048e+01,2.093485e+01,2.094876e+01,2.112944e+01,2.117803e+01,2.126821e+01,2.121966e+01,2.135138e+01,2.137216e+01,2.155900e+01,2.129594e+01,2.130980e+01
2.099744e+01,2.085134e+01,2.069108e+01,2.072594e+01,2.080955e+01,2.078866e+01,2.076775e+01,2.075382e+01,2.083741e+01,2.086526e+01,2.078866e+01,2.078169e+01,2.064923e+01,2.082348e+01,2.074685e+01,2.085134e+01,2.081652e+01,2.067713e+01,2.076079e+01,2.073988e+01,2.072594e+01,2.083741e+01,2.077472e+01,2.073988e+01,2.077472e+01,2.071200e+01,2.080259e+01,2.073291e+01,2.070502e+01,2.067016e+01,2.066318e+01,2.073291e+01,2.074685e+01,2.070502e+01,2.080259e+01,2.080259e+01,2.067713e+01,2.079562e+01,2.073291e+01,2.077472e+01,2.078866e+01,2.073988e+01,2.071200e+01,2.075382e+01,2.072594e+01,2.078169e+01,2.069108e+01,2.067016e+01,2.073988e+01,2.094876e+01,2.075382e+01,2.071897e+01,2.073291e+01,2.071897e+01,2.062132e+01,2.076079e+01,2.057944e+01,2.083045e+01,2.082348e+01,2.069108e+01,2.071200e+01,2.080955e+01,2.071897e+01,2.059340e+01,2.060039e+01,2.070502e+01,2.074685e+01,2.070502e+01,2.088614e+01,2.059340e+01,2.068410e+01,2.061434e+01,2.062132e+01,2.068410e+01,2.085830e+01,2.076079e+01,2.071897e+01,2.062132e+01,2.058643e+01,2.066318e+01,2.063528e+01,2.077472e+01,2.074685e+01,2.075382e+01,2.063528e+01,2.065621e+01,2.076079e+01,2.062132e+01,2.067016e+01,2.069805e+01,2.068410e+01,2.062830e+01,2.069108e+01,2.069805e+01,2.079562e+01,2.066318e+01,2.065621e+01,2.069108e+01,2.058643e+01,2.073988e+01,2.071200e+01,2.053057e+01,2.066318e+01,2.061434e+01,2.078169e+01,2.060039e+01,2.064225e+01,2.062132e+01,2.068410e+01,2.063528e+01,2.075382e+01,2.064923e+01,2.071200e+01,2.068410e+01,2.072594e+01,2.064225e+01,2.069108e+01,2.069805e+01,2.069108e+01,2.062830e+01,2.063528e+01,2.066318e+01,2.071200e+01,2.070502e+01,2.069108e+01,2.078866e+01,2.066318e+01,2.058643e+01,2.055152e+01,2.071897e+01,2.070502e+01,2.069805e+01,2.069805e+01,2.072594e+01,2.067713e+01,2.067713e+01,2.074685e+01,2.083741e+01,2.080955e+01,2.066318e+01,2.069805e+01,2.066318e+01,2.070502e+01,2.055850e+01,2.067016e+01,2.063528e+01,2.076079e+01,2.066318e+01,2.064225e+01,2.064923e+01,2.064225e+01,2.090702e+01,2.066318e+01,2.063528e+01,2.059340e+01,2.075382e+01,2.067713e+01,2.060736e+01,2.067016e+01,2.067016e+01,2.061434e+01,2.063528e+01,2.062830e+01,2.051660e+01,2.053057e+01,2.064225e+01,2.062132e+01,2.055152e+01,2.064923e+01,2.054453e+01,2.040477e+01,2.058643e+01,2.058643e+01,2.055152e+01,2.057246e+01,2.052358e+01,2.048865e+01,2.052358e+01,2.048865e+01,2.045371e+01,2.035581e+01,2.028582e+01,2.017373e+01,2.004047e+01,1.993514e+01,1.988594e+01,1.987892e+01,1.985079e+01,1.976638e+01,1.978045e+01,1.977341e+01,1.980859e+01,1.978045e+01,1.972414e+01,1.968189e+01,1.973822e+01,1.970302e+01,1.967484e+01,1.976638e+01,1.979452e+01,1.978045e+01,1.976638e+01,1.982969e+01,1.980156e+01,1.981563e+01,1.975934e+01,1.976638e+01,1.973822e+01,1.975230e+01,1.963257e+01,1.968189e+01,1.973822e+01,1.968893e+01,1.961847e+01,1.966076e+01,1.966780e+01,1.957618e+01,1.959733e+01,1.970302e+01,1.956913e+01,1.952681e+01,1.954797e+01,1.947742e+01,1.951270e+01,1.949859e+01,1.946330e+01,1.942093e+01,1.947036e+01,1.954092e+01,1.934322e+01,1.937855e+01,1.957618e+01,1.932202e+01,1.923008e+01,1.927959e+01,1.910264e+01,1.887567e+01,1.891117e+01,1.885437e+01,1.885437e+01,1.895375e+01,1.929374e+01,1.931495e+01,1.932909e+01,1.932202e+01,1.935029e+01,1.939268e+01,1.951975e+01,1.939268e+01,1.951270e+01,1.953386e+01,1.950564e+01,1.966780e+01,1.956913e+01,1.953386e+01,1.961847e+01,1.960438e+01,1.954797e+01,1.951270e+01,1.945624e+01,1.946330e+01,1.942093e+01,1.927959e+01,1.938562e+01,1.940681e+01,1.923715e+01,1.961143e+01,1.978749e+01,1.999835e+01,2.015270e+01,2.004047e+01,2.010362e+01,2.006152e+01,2.020177e+01,2.024380e+01,2.010362e+01,2.022979e+01,2.022979e+01,2.024380e+01,2.007556e+01,2.016672e+01,2.019476e+01,2.008959e+01,2.010362e+01,2.015270e+01,2.019476e+01,2.008257e+01,2.014569e+01,2.013167e+01,2.016672e+01,2.012466e+01,2.008257e+01,2.010362e+01,2.013167e+01,2.008257e+01,2.012466e+01,2.013868e+01,2.011063e+01,2.009660e+01,2.005451e+01,2.009660e+01,2.009660e+01,2.004047e+01,2.004047e+01,1.999133e+01,2.009660e+01,2.001239e+01,1.997728e+01,2.004749e+01,1.999835e+01,2.010362e+01,1.999835e+01,2.005451e+01,2.012466e+01,2.008257e+01,2.009660e+01,2.017373e+01,2.029282e+01,2.013868e+01,2.015270e+01,2.013868e+01,2.011063e+01,2.012466e+01,2.014569e+01,2.007556e+01,2.016672e+01,2.029982e+01,2.015971e+01,2.022278e+01,2.018074e+01,2.015971e+01,2.023680e+01,2.030682e+01,2.022278e+01,2.019476e+01,2.019476e+01,2.020877e+01,2.019476e+01,2.023680e+01,2.021578e+01,2.027181e+01,2.027181e+01,2.024380e+01,2.022979e+01,2.008257e+01,1.947036e+01,1.941387e+01,1.920177e+01,1.921593e+01,1.930788e+01,1.937149e+01,1.952681e+01,1.946330e+01,1.968189e+01,1.987892e+01,1.994919e+01,2.036280e+01,2.040477e+01,2.042575e+01,2.052358e+01,2.040477e+01,2.032782e+01,2.042575e+01,2.043274e+01,2.041176e+01,2.029282e+01,2.034181e+01,2.033481e+01,2.042575e+01,2.034881e+01,2.033481e+01,2.032782e+01,2.036980e+01,2.027881e+01,2.033481e+01,2.028582e+01,2.038379e+01,2.046070e+01,2.034181e+01,2.034881e+01,2.033481e+01,2.046070e+01,2.046769e+01,2.040477e+01,2.038379e+01,2.048865e+01,2.051660e+01,2.041176e+01,2.052358e+01,2.044672e+01,2.048865e+01,2.050262e+01,2.050262e+01,2.050262e+01,2.049564e+01,2.046769e+01,2.047468e+01,2.048166e+01,2.051660e+01,2.043274e+01,2.052358e+01,2.050961e+01,2.050961e+01,2.063528e+01,2.057246e+01,2.060039e+01,2.045371e+01,2.058643e+01,2.046070e+01,2.057246e+01,2.042575e+01,2.046769e+01,2.042575e+01,2.049564e+01,2.046070e+01,2.038379e+01,2.039778e+01,2.053057e+01,2.041875e+01,2.044672e+01,2.043973e+01,2.041875e+01,2.036980e+01,2.038379e+01,2.020877e+01,2.029282e+01,2.026481e+01,2.032082e+01,2.025781e+01,2.029282e+01,2.021578e+01,2.022278e+01,2.022979e+01,2.016672e+01,2.021578e+01,2.026481e+01,2.019476e+01,2.015971e+01,2.004047e+01,2.010362e+01,2.017373e+01,2.004047e+01,2.006854e+01,2.000537e+01,2.008257e+01,1.997728e+01,2.006152e+01,2.010362e+01,2.004749e+01,2.008959e+01,2.010362e+01,2.006152e+01,1.995621e+01,1.994919e+01,1.995621e+01,1.998431e+01,1.994216e+01,1.987189e+01,1.997728e+01,2.002643e+01,1.989297e+01,1.992811e+01,2.002643e+01,2.011063e+01,2.011764e+01,2.012466e+01,2.013868e+01,2.028582e+01,2.019476e+01,2.022278e+01,2.024380e+01,2.027881e+01,2.029282e+01,2.022979e+01,2.018074e+01,2.016672e+01,2.022278e+01,2.022278e+01,2.036280e+01,2.027881e+01,2.032782e+01,2.032082e+01,2.032782e+01,2.041176e+01,2.020877e+01,2.029982e+01,2.032082e+01,2.028582e+01,2.043973e+01,2.027881e+01,2.048166e+01,2.048865e+01,2.032082e+01,2.027181e+01,2.041875e+01,2.017373e+01,2.033481e+01,2.040477e+01,2.046769e+01,2.064923e+01,2.042575e+01,2.043274e+01,2.041875e+01,2.041875e+01,2.052358e+01,2.043973e+01,2.041875e+01,2.052358e+01,2.046070e+01,2.043973e+01,2.043274e+01,2.046070e+01,2.044672e+01,2.043973e+01,2.069108e+01,2.064923e+01,2.068410e+01,2.064923e+01,2.077472e+01,2.089310e+01,2.080955e+01,2.088614e+01,2.079562e+01,2.083045e+01,2.093485e+01,2.093485e+01,2.083045e+01,2.086526e+01,2.094876e+01,2.085830e+01,2.089310e+01,2.073291e+01,2.083045e+01,2.081652e+01,2.077472e+01,2.077472e+01,2.093485e+01,2.101134e+01,2.083741e+01,2.089310e+01,2.093485e+01,2.087918e+01,2.091398e+01,2.090702e+01,2.092093e+01,2.100439e+01,2.087222e+01,2.087222e+01,2.096267e+01,2.108777e+01,2.092093e+01,2.094180e+01,2.090006e+01,2.092093e+01,2.094180e+01,2.088614e+01,2.084437e+01,2.085830e+01,2.087222e+01,2.095572e+01,2.102524e+01,2.110861e+01,2.092093e+01,2.103219e+01,2.099048e+01,2.080955e+01,2.103914e+01,2.088614e+01,2.090702e+01,2.094180e+01,2.091398e+01,2.096267e+01,2.119191e+01,2.085134e+01,2.101829e+01,2.089310e+01,2.096267e+01,2.098353e+01,2.101134e+01,2.096962e+01,2.095572e+01,2.092789e+01,2.092093e+01,2.090006e+01,2.092093e+01,2.096267e+01,2.089310e+01,2.085830e+01,2.092789e+01,2.090006e+01,2.096267e+01,2.099744e+01,2.090006e+01,2.101829e+01,2.101829e+01,2.098353e+01,2.102524e+01,2.101134e+01,2.090006e+01,2.100439e+01,2.084437e+01,2.091398e+01,2.097658e+01,2.099744e+01,2.109472e+01,2.096962e+01,2.100439e+01,2.103219e+01,2.102524e+01,2.105304e+01,2.108777e+01,2.098353e+01,2.082348e+01,2.079562e+01,2.086526e+01,2.102524e+01,2.085830e+01,2.094180e+01,2.085830e+01,2.076079e+01,2.078866e+01,2.080955e+01,2.087918e+01,2.080259e+01,2.094876e+01,2.089310e+01,2.080955e+01,2.084437e+01,2.089310e+01,2.109472e+01,2.117803e+01,2.108083e+01,2.128207e+01,2.123353e+01,2.132366e+01,2.133752e+01,2.124740e+01,2.152443e+01,2.142756e+01,2.142063e+01
2.080259e+01,2.081652e+01,2.081652e+01,2.069108e+01,2.066318e+01,2.084437e+01,2.078866e+01,2.072594e+01,2.067713e+01,2.071897e+01,2.077472e+01,2.083741e+01,2.085830e+01,2.076775e+01,2.069108e+01,2.080955e+01,2.076775e+01,2.081652e+01,2.063528e+01,2.069108e+01,2.067713e+01,2.076775e+01,2.075382e+01,2.086526e+01,2.076079e+01,2.073988e+01,2.074685e+01,2.067713e+01,2.053057e+01,2.078866e+01,2.073988e+01,2.075382e+01,2.071897e+01,2.075382e+01,2.092789e+01,2.086526e+01,2.073988e+01,2.068410e+01,2.069108e+01,2.075382e+01,2.067713e+01,2.078866e+01,2.072594e+01,2.060736e+01,2.078866e+01,2.074685e+01,2.082348e+01,2.073291e+01,2.076775e+01,2.066318e+01,2.071897e+01,2.069805e+01,2.077472e+01,2.073291e+01,2.081652e+01,2.082348e+01,2.069805e+01,2.070502e+01,2.068410e+01,2.072594e+01,2.069805e+01,2.073291e+01,2.073291e+01,2.072594e+01,2.080259e+01,2.065621e+01,2.075382e+01,2.072594e+01,2.061434e+01,2.068410e+01,2.060039e+01,2.060039e+01,2.066318e+01,2.062132e+01,2.062830e+01,2.068410e+01,2.068410e+01,2.076079e+01,2.068410e+01,2.072594e+01,2.060039e+01,2.073988e+01,2.071897e+01,2.061434e+01,2.069805e+01,2.062132e+01,2.067713e+01,2.068410e+01,2.071200e+01,2.066318e+01,2.062132e+01,2.067016e+01,2.066318e+01,2.063528e+01,2.056548e+01,2.069108e+01,2.066318e+01,2.069108e+01,2.066318e+01,2.068410e+01,2.055152e+01,2.066318e+01,2.070502e+01,2.053755e+01,2.063528e+01,2.062132e+01,2.065621e+01,2.068410e+01,2.073291e+01,2.076775e+01,2.074685e+01,2.069805e+01,2.068410e+01,2.048166e+01,2.069108e+01,2.071897e+01,2.071897e+01,2.071200e+01,2.067713e+01,2.056548e+01,2.062132e+01,2.073988e+01,2.074685e+01,2.076079e+01,2.062830e+01,2.067713e+01,2.064225e+01,2.067016e+01,2.056548e+01,2.065621e+01,2.070502e+01,2.068410e+01,2.063528e+01,2.062830e+01,2.064923e+01,2.081652e+01,2.074685e+01,2.069108e+01,2.073988e+01,2.070502e+01,2.062830e+01,2.063528e+01,2.073988e+01,2.073988e+01,2.069805e+01,2.066318e+01,2.064923e+01,2.075382e+01,2.067713e+01,2.076775e+01,2.062830e+01,2.067016e+01,2.064225e+01,2.066318e+01,2.064225e+01,2.062830e+01,2.062132e+01,2.063528e+01,2.070502e+01,2.063528e+01,2.064923e+01,2.060736e+01,2.060039e+01,2.048166e+01,2.065621e+01,2.065621e+01,2.062132e+01,2.055850e+01,2.057944e+01,2.057246e+01,2.055850e+01,2.053755e+01,2.055152e+01,2.069805e+01,2.054453e+01,2.058643e+01,2.051660e+01,2.051660e+01,2.037679e+01,2.036280e+01,2.032782e+01,2.037679e+01,2.021578e+01,2.016672e+01,1.994919e+01,1.991406e+01,1.992109e+01,1.970302e+01,1.973822e+01,1.976638e+01,1.975934e+01,1.974526e+01,1.975230e+01,1.975230e+01,1.976638e+01,1.968189e+01,1.966780e+01,1.978749e+01,1.976638e+01,1.973822e+01,1.976638e+01,1.986485e+01,1.964666e+01,1.967484e+01,1.976638e+01,1.975230e+01,1.965371e+01,1.973118e+01,1.963257e+01,1.961847e+01,1.968189e+01,1.968189e+01,1.966780e+01,1.964666e+01,1.959733e+01,1.971710e+01,1.967484e+01,1.964666e+01,1.961847e+01,1.959733e+01,1.961847e+01,1.947036e+01,1.954092e+01,1.945624e+01,1.945624e+01,1.945624e+01,1.947742e+01,1.950564e+01,1.955502e+01,1.935029e+01,1.914513e+01,1.930081e+01,1.924423e+01,1.919469e+01,1.920177e+01,1.925838e+01,1.916638e+01,1.913805e+01,1.888987e+01,1.868376e+01,1.868376e+01,1.880464e+01,1.878332e+01,1.889697e+01,1.907429e+01,1.904594e+01,1.918761e+01,1.911680e+01,1.916638e+01,1.929374e+01,1.938562e+01,1.952681e+01,1.944212e+01,1.944918e+01,1.946330e+01,1.947036e+01,1.946330e+01,1.942800e+01,1.945624e+01,1.939975e+01,1.926545e+01,1.927959e+01,1.941387e+01,1.936442e+01,1.923008e+01,1.918054e+01,1.935736e+01,1.997026e+01,1.979452e+01,1.996324e+01,1.994919e+01,2.003345e+01,1.999835e+01,2.002643e+01,2.023680e+01,2.006152e+01,2.005451e+01,2.008959e+01,2.007556e+01,2.015270e+01,2.011764e+01,2.004749e+01,1.991406e+01,2.011063e+01,2.018074e+01,2.008257e+01,2.000537e+01,2.005451e+01,2.023680e+01,2.016672e+01,2.015270e+01,2.018074e+01,2.006152e+01,2.004749e+01,2.010362e+01,2.011063e+01,2.015270e+01,2.009660e+01,2.009660e+01,2.022278e+01,2.001941e+01,2.001239e+01,2.005451e+01,2.006152e+01,2.006854e+01,2.005451e+01,1.987189e+01,2.004047e+01,2.002643e+01,2.003345e+01,2.004749e+01,2.007556e+01,1.994919e+01,2.006854e+01,2.004749e+01,2.008257e+01,2.009660e+01,2.026481e+01,2.001941e+01,2.006152e+01,2.006854e+01,2.008959e+01,2.004047e+01,2.013167e+01,2.015270e+01,2.015971e+01,2.025781e+01,2.017373e+01,2.024380e+01,2.015971e+01,2.020177e+01,2.022979e+01,2.020877e+01,2.013167e+01,2.015971e+01,2.020177e+01,2.026481e+01,2.019476e+01,2.019476e+01,2.023680e+01,2.018775e+01,2.024380e+01,2.025781e+01,2.022979e+01,2.008959e+01,1.967484e+01,1.930788e+01,1.923008e+01,1.908847e+01,1.908847e+01,1.920177e+01,1.936442e+01,1.937855e+01,1.951270e+01,1.976638e+01,1.978749e+01,2.011063e+01,2.022278e+01,2.036980e+01,2.039078e+01,2.032082e+01,2.045371e+01,2.041176e+01,2.029282e+01,2.046070e+01,2.033481e+01,2.023680e+01,2.030682e+01,2.041176e+01,2.039078e+01,2.037679e+01,2.044672e+01,2.035581e+01,2.022278e+01,2.051660e+01,2.034181e+01,2.035581e+01,2.039078e+01,2.034881e+01,2.033481e+01,2.043274e+01,2.043274e+01,2.036280e+01,2.044672e+01,2.046070e+01,2.048865e+01,2.046070e+01,2.053057e+01,2.053057e+01,2.042575e+01,2.051660e+01,2.052358e+01,2.046769e+01,2.050262e+01,2.046769e+01,2.046769e+01,2.053755e+01,2.054453e+01,2.048166e+01,2.046769e+01,2.055850e+01,2.050262e+01,2.046070e+01,2.048865e+01,2.050961e+01,2.053755e+01,2.053755e+01,2.048865e+01,2.054453e+01,2.053755e+01,2.050961e+01,2.048166e+01,2.046070e+01,2.046070e+01,2.045371e+01,2.038379e+01,2.040477e+01,2.037679e+01,2.046070e+01,2.048166e+01,2.038379e+01,2.045371e+01,2.034181e+01,2.033481e+01,2.025080e+01,2.025080e+01,2.024380e+01,2.027181e+01,2.033481e+01,2.033481e+01,2.026481e+01,2.014569e+01,2.018074e+01,2.013167e+01,2.020877e+01,2.018074e+01,2.013167e+01,2.027881e+01,2.022979e+01,2.016672e+01,2.006152e+01,2.017373e+01,2.011764e+01,2.013868e+01,2.004047e+01,2.009660e+01,2.008257e+01,1.997728e+01,2.010362e+01,2.001941e+01,2.022278e+01,2.002643e+01,1.995621e+01,1.995621e+01,2.001941e+01,2.000537e+01,2.000537e+01,1.996324e+01,1.987892e+01,1.997728e+01,1.997728e+01,2.007556e+01,2.008959e+01,2.020877e+01,2.013167e+01,2.015971e+01,2.023680e+01,2.023680e+01,2.020877e+01,2.026481e+01,2.025781e+01,2.025080e+01,2.022278e+01,2.029282e+01,2.027881e+01,2.029282e+01,2.012466e+01,2.021578e+01,2.029282e+01,2.026481e+01,2.029982e+01,2.036280e+01,2.028582e+01,2.032782e+01,2.025080e+01,2.034181e+01,2.027881e+01,2.029982e+01,2.026481e+01,2.041875e+01,2.032782e+01,2.039778e+01,2.028582e+01,2.036280e+01,2.031382e+01,2.037679e+01,2.026481e+01,2.038379e+01,2.036280e+01,2.034881e+01,2.041875e+01,2.036980e+01,2.046070e+01,2.036980e+01,2.050262e+01,2.041176e+01,2.039078e+01,2.044672e+01,2.046769e+01,2.052358e+01,2.050961e+01,2.046070e+01,2.043274e+01,2.043973e+01,2.048166e+01,2.067016e+01,2.070502e+01,2.069805e+01,2.085830e+01,2.067713e+01,2.093485e+01,2.094876e+01,2.078169e+01,2.083045e+01,2.086526e+01,2.089310e+01,2.092093e+01,2.088614e+01,2.083045e+01,2.087222e+01,2.089310e+01,2.085830e+01,2.076775e+01,2.080955e+01,2.076079e+01,2.076079e+01,2.083741e+01,2.092093e+01,2.076775e+01,2.090006e+01,2.090006e+01,2.077472e+01,2.087222e+01,2.084437e+01,2.078866e+01,2.096267e+01,2.093485e+01,2.095572e+01,2.089310e+01,2.092789e+01,2.092093e+01,2.092789e+01,2.093485e+01,2.096267e+01,2.088614e+01,2.098353e+01,2.085134e+01,2.088614e+01,2.081652e+01,2.086526e+01,2.093485e+01,2.089310e+01,2.100439e+01,2.101829e+01,2.094876e+01,2.092093e+01,2.090006e+01,2.105999e+01,2.095572e+01,2.090702e+01,2.096962e+01,2.092093e+01,2.101829e+01,2.093485e+01,2.090702e+01,2.092093e+01,2.085134e+01,2.089310e+01,2.098353e+01,2.096962e+01,2.087918e+01,2.085134e+01,2.099048e+01,2.087918e+01,2.089310e+01,2.089310e+01,2.093485e+01,2.090702e+01,2.078866e+01,2.078169e+01,2.093485e+01,2.087222e+01,2.096962e+01,2.085134e+01,2.103219e+01,2.104609e+01,2.110166e+01,2.091398e+01,2.088614e+01,2.090702e+01,2.093485e+01,2.095572e+01,2.093485e+01,2.094180e+01,2.096267e+01,2.096267e+01,2.092789e+01,2.110861e+01,2.089310e+01,2.095572e+01,2.080259e+01,2.083045e+01,2.086526e+01,2.092789e+01,2.091398e+01,2.091398e+01,2.078866e+01,2.076079e+01,2.076079e+01,2.076775e+01,2.078866e+01,2.080955e+01,2.078169e+01,2.078866e+01,2.082348e+01,2.102524e+01,2.091398e+01,2.091398e+01,2.106693e+01,2.117109e+01,2.117109e+01,2.127514e+01,2.125434e+01,2.133059e+01,2.125434e+01,2.155209e+01,2.132366e+01,2.135830e+01,2.138601e+01,2.133752e+01
2.079562e+01,2.077472e+01,2.095572e+01,2.071200e+01,2.078169e+01,2.078866e+01,2.071897e+01,2.075382e+01,2.069805e+01,2.071897e+01,2.071200e+01,2.079562e+01,2.087222e+01,2.082348e+01,2.078866e+01,2.070502e+01,2.067713e+01,2.083741e+01,2.080955e+01,2.074685e+01,2.075382e+01,2.071897e+01,2.079562e+01,2.072594e+01,2.082348e+01,2.072594e+01,2.090006e+01,2.073988e+01,2.072594e+01,2.072594e+01,2.074685e+01,2.080955e+01,2.078866e+01,2.076079e+01,2.081652e+01,2.078866e+01,2.089310e+01,2.076775e+01,2.064225e+01,2.069108e+01,2.064923e+01,2.078169e+01,2.080955e+01,2.078169e+01,2.071897e+01,2.082348e+01,2.069108e+01,2.074685e+01,2.078866e+01,2.071200e+01,2.072594e+01,2.069805e+01,2.073988e+01,2.077472e+01,2.079562e+01,2.072594e+01,2.090702e+01,2.074685e+01,2.071897e+01,2.061434e+01,2.069805e+01,2.069805e+01,2.089310e+01,2.065621e+01,2.081652e+01,2.069108e+01,2.060039e+01,2.069805e+01,2.069805e+01,2.067713e+01,2.071897e+01,2.067713e+01,2.062830e+01,2.076079e+01,2.073291e+01,2.067713e+01,2.068410e+01,2.071897e+01,2.069805e+01,2.073291e+01,2.069805e+01,2.064225e+01,2.069805e+01,2.074685e+01,2.073988e+01,2.071897e+01,2.066318e+01,2.076775e+01,2.071200e+01,2.069805e+01,2.060039e+01,2.060039e+01,2.064225e+01,2.074685e+01,2.072594e+01,2.076079e+01,2.080259e+01,2.069805e+01,2.067713e+01,2.079562e+01,2.066318e+01,2.067016e+01,2.067713e+01,2.058643e+01,2.058643e+01,2.061434e+01,2.062830e+01,2.065621e+01,2.069805e+01,2.071200e+01,2.060736e+01,2.071897e+01,2.069805e+01,2.070502e+01,2.065621e+01,2.069108e+01,2.068410e+01,2.069805e+01,2.099048e+01,2.094876e+01,2.069108e+01,2.067016e+01,2.071897e+01,2.075382e+01,2.059340e+01,2.075382e+01,2.062132e+01,2.061434e+01,2.065621e+01,2.073988e+01,2.058643e+01,2.055850e+01,2.071897e+01,2.073988e+01,2.069108e+01,2.077472e+01,2.069805e+01,2.070502e+01,2.084437e+01,2.068410e+01,2.078169e+01,2.083741e+01,2.064225e+01,2.066318e+01,2.071200e+01,2.071897e+01,2.071200e+01,2.078866e+01,2.073291e+01,2.077472e+01,2.072594e+01,2.078866e+01,2.064923e+01,2.062830e+01,2.064225e+01,2.069805e+01,2.065621e+01,2.060736e+01,2.067016e+01,2.064225e+01,2.054453e+01,2.053755e+01,2.060039e+01,2.051660e+01,2.060736e+01,2.055152e+01,2.060736e+01,2.055152e+01,2.057246e+01,2.053755e+01,2.061434e+01,2.047468e+01,2.061434e+01,2.047468e+01,2.056548e+01,2.049564e+01,2.065621e+01,2.065621e+01,2.034881e+01,2.042575e+01,2.034181e+01,2.025080e+01,2.027881e+01,2.014569e+01,2.008257e+01,1.997728e+01,1.977341e+01,1.994919e+01,1.985079e+01,1.977341e+01,1.968189e+01,1.975230e+01,1.974526e+01,1.975934e+01,1.975934e+01,1.973822e+01,1.972414e+01,1.968893e+01,1.973822e+01,1.978749e+01,1.961847e+01,1.975934e+01,1.978045e+01,1.968893e+01,1.970302e+01,1.972414e+01,1.970302e+01,1.973822e+01,1.963962e+01,1.968893e+01,1.963962e+01,1.966076e+01,1.958323e+01,1.965371e+01,1.958323e+01,1.959733e+01,1.963962e+01,1.970302e+01,1.964666e+01,1.960438e+01,1.959733e+01,1.961143e+01,1.944212e+01,1.939268e+01,1.944918e+01,1.942093e+01,1.948447e+01,1.942093e+01,1.943506e+01,1.935736e+01,1.935736e+01,1.935029e+01,1.918054e+01,1.918054e+01,1.916638e+01,1.920177e+01,1.937855e+01,1.918761e+01,1.915222e+01,1.893246e+01,1.872644e+01,1.869799e+01,1.863395e+01,1.847723e+01,1.865530e+01,1.867665e+01,1.867665e+01,1.884726e+01,1.908847e+01,1.883306e+01,1.881885e+01,1.905303e+01,1.902468e+01,1.910264e+01,1.920885e+01,1.937855e+01,1.944918e+01,1.927959e+01,1.910972e+01,1.926545e+01,1.941387e+01,1.916638e+01,1.923715e+01,1.921593e+01,1.923008e+01,1.918761e+01,1.933615e+01,1.991406e+01,1.994216e+01,1.999835e+01,1.995621e+01,1.999133e+01,2.004749e+01,2.006152e+01,2.006152e+01,2.020177e+01,2.006854e+01,2.006854e+01,2.006152e+01,2.006152e+01,2.008959e+01,2.008257e+01,2.007556e+01,2.010362e+01,2.000537e+01,2.002643e+01,2.019476e+01,2.008257e+01,2.013167e+01,2.003345e+01,2.015270e+01,2.010362e+01,2.011764e+01,2.019476e+01,2.007556e+01,2.006152e+01,2.011063e+01,2.012466e+01,2.010362e+01,2.014569e+01,1.997728e+01,2.012466e+01,2.019476e+01,2.003345e+01,2.017373e+01,1.997026e+01,2.007556e+01,2.004047e+01,2.001941e+01,2.003345e+01,2.000537e+01,2.009660e+01,2.004047e+01,2.004047e+01,2.012466e+01,2.018074e+01,2.011063e+01,2.020877e+01,2.025781e+01,2.011764e+01,2.015270e+01,2.003345e+01,2.017373e+01,2.013167e+01,2.011764e+01,2.008257e+01,2.027181e+01,2.024380e+01,2.018074e+01,2.025080e+01,2.023680e+01,2.015971e+01,2.020877e+01,2.022278e+01,2.025080e+01,2.043973e+01,2.026481e+01,2.020877e+01,2.024380e+01,2.021578e+01,2.025781e+01,2.022979e+01,2.020877e+01,2.018074e+01,2.013868e+01,1.976638e+01,1.929374e+01,1.924423e+01,1.930081e+01,1.915222e+01,1.920177e+01,1.927252e+01,1.933615e+01,1.944212e+01,1.951975e+01,1.998431e+01,2.009660e+01,2.009660e+01,2.046769e+01,2.053057e+01,2.049564e+01,2.034181e+01,2.050262e+01,2.043973e+01,2.045371e+01,2.043973e+01,2.045371e+01,2.045371e+01,2.045371e+01,2.044672e+01,2.036280e+01,2.036280e+01,2.041875e+01,2.040477e+01,2.043274e+01,2.035581e+01,2.034181e+01,2.052358e+01,2.039778e+01,2.044672e+01,2.046769e+01,2.047468e+01,2.046769e+01,2.041176e+01,2.049564e+01,2.053755e+01,2.043274e+01,2.057944e+01,2.051660e+01,2.051660e+01,2.047468e+01,2.043973e+01,2.044672e+01,2.055152e+01,2.043973e+01,2.050262e+01,2.054453e+01,2.048865e+01,2.054453e+01,2.051660e+01,2.064225e+01,2.053755e+01,2.049564e+01,2.052358e+01,2.065621e+01,2.059340e+01,2.036980e+01,2.056548e+01,2.043973e+01,2.047468e+01,2.055850e+01,2.054453e+01,2.051660e+01,2.060039e+01,2.045371e+01,2.046769e+01,2.041176e+01,2.041875e+01,2.044672e+01,2.049564e+01,2.038379e+01,2.050262e+01,2.038379e+01,2.035581e+01,2.036280e+01,2.032082e+01,2.036280e+01,2.035581e+01,2.032782e+01,2.041176e+01,2.026481e+01,2.027881e+01,2.029982e+01,2.022278e+01,2.022278e+01,2.026481e+01,2.026481e+01,2.014569e+01,2.020877e+01,2.022979e+01,2.017373e+01,2.019476e+01,2.013167e+01,2.015270e+01,1.997026e+01,2.011764e+01,2.012466e+01,1.993514e+01,2.012466e+01,1.996324e+01,2.015971e+01,2.006854e+01,2.011063e+01,1.999835e+01,1.997728e+01,1.997728e+01,2.004749e+01,2.008257e+01,1.991406e+01,2.004047e+01,1.995621e+01,2.005451e+01,2.013167e+01,2.022278e+01,2.025781e+01,2.014569e+01,2.022979e+01,2.032082e+01,2.036280e+01,2.043973e+01,2.032082e+01,2.030682e+01,2.027881e+01,2.029982e+01,2.029982e+01,2.028582e+01,2.022979e+01,2.030682e+01,2.035581e+01,2.027881e+01,2.029982e+01,2.031382e+01,2.029282e+01,2.041875e+01,2.032782e+01,2.042575e+01,2.041875e+01,2.041176e+01,2.035581e+01,2.042575e+01,2.031382e+01,2.037679e+01,2.047468e+01,2.048865e+01,2.048865e+01,2.032082e+01,2.034881e+01,2.027881e+01,2.032082e+01,2.045371e+01,2.046769e+01,2.050262e+01,2.043274e+01,2.042575e+01,2.046769e+01,2.047468e+01,2.048865e+01,2.043973e+01,2.051660e+01,2.047468e+01,2.047468e+01,2.050262e+01,2.047468e+01,2.045371e+01,2.049564e+01,2.057246e+01,2.064923e+01,2.067713e+01,2.080955e+01,2.077472e+01,2.090702e+01,2.085134e+01,2.083045e+01,2.093485e+01,2.091398e+01,2.087918e+01,2.081652e+01,2.082348e+01,2.087222e+01,2.076775e+01,2.085830e+01,2.080955e+01,2.084437e+01,2.090702e+01,2.099048e+01,2.085134e+01,2.073291e+01,2.084437e+01,2.089310e+01,2.091398e+01,2.088614e+01,2.083045e+01,2.087918e+01,2.079562e+01,2.093485e+01,2.092093e+01,2.090006e+01,2.092093e+01,2.093485e+01,2.090702e+01,2.094180e+01,2.092093e+01,2.101134e+01,2.092789e+01,2.095572e+01,2.084437e+01,2.081652e+01,2.091398e+01,2.087918e+01,2.115027e+01,2.096962e+01,2.086526e+01,2.105304e+01,2.090006e+01,2.087918e+01,2.096267e+01,2.091398e+01,2.090702e+01,2.082348e+01,2.091398e+01,2.086526e+01,2.079562e+01,2.078169e+01,2.103219e+01,2.092093e+01,2.087918e+01,2.091398e+01,2.097658e+01,2.099048e+01,2.096267e+01,2.085134e+01,2.099744e+01,2.091398e+01,2.086526e+01,2.097658e+01,2.098353e+01,2.098353e+01,2.092093e+01,2.090006e+01,2.087222e+01,2.085830e+01,2.096962e+01,2.085830e+01,2.103219e+01,2.103219e+01,2.099048e+01,2.097658e+01,2.099744e+01,2.092789e+01,2.099744e+01,2.095572e+01,2.096962e+01,2.094180e+01,2.094876e+01,2.112944e+01,2.097658e+01,2.099744e+01,2.102524e+01,2.100439e+01,2.092093e+01,2.090006e+01,2.089310e+01,2.093485e+01,2.071200e+01,2.092789e+01,2.071897e+01,2.087222e+01,2.083741e+01,2.066318e+01,2.084437e+01,2.090006e+01,2.080259e+01,2.087918e+01,2.078866e+01,2.085830e+01,2.083045e+01,2.103219e+01,2.089310e+01,2.103219e+01,2.107388e+01,2.108083e+01,2.124740e+01,2.126821e+01,2.128901e+01,2.132366e+01,2.133059e+01,2.138601e+01,2.137908e+01,2.142063e+01,2.146216e+01
2.078866e+01,2.073988e+01,2.074685e+01,2.077472e+01,2.076775e+01,2.071897e+01,2.076079e+01,2.078866e+01,2.073291e+01,2.071897e+01,2.090006e+01,2.073988e+01,2.084437e+01,2.086526e+01,2.073291e+01,2.087222e+01,2.064923e+01,2.073988e+01,2.092093e+01,2.079562e+01,2.074685e+01,2.077472e+01,2.067713e+01,2.078866e+01,2.085134e+01,2.077472e+01,2.087222e+01,2.092789e+01,2.072594e+01,2.071897e+01,2.074685e+01,2.075382e+01,2.074685e+01,2.079562e+01,2.075382e+01,2.078866e+01,2.079562e+01,2.076775e+01,2.066318e+01,2.066318e+01,2.065621e+01,2.078169e+01,2.090006e+01,2.082348e+01,2.076775e+01,2.080955e+01,2.080955e+01,2.067016e+01,2.065621e+01,2.064923e+01,2.068410e+01,2.075382e+01,2.080955e+01,2.079562e+01,2.073988e+01,2.076775e+01,2.073291e+01,2.070502e+01,2.069805e+01,2.080955e+01,2.103914e+01,2.071200e+01,2.073988e+01,2.070502e+01,2.065621e+01,2.067016e+01,2.062132e+01,2.060736e+01,2.077472e+01,2.065621e+01,2.069805e+01,2.071200e+01,2.073988e+01,2.067016e+01,2.072594e+01,2.070502e+01,2.069805e+01,2.068410e+01,2.073291e+01,2.062132e+01,2.062830e+01,2.071897e+01,2.067713e+01,2.068410e+01,2.070502e+01,2.074685e+01,2.076079e+01,2.065621e+01,2.072594e+01,2.064225e+01,2.081652e+01,2.066318e+01,2.061434e+01,2.059340e+01,2.071897e+01,2.062830e+01,2.078169e+01,2.075382e+01,2.073988e+01,2.073988e+01,2.059340e+01,2.060736e+01,2.059340e+01,2.076079e+01,2.060039e+01,2.069108e+01,2.071200e+01,2.062132e+01,2.072594e+01,2.078866e+01,2.064923e+01,2.070502e+01,2.073291e+01,2.067016e+01,2.071200e+01,2.067713e+01,2.070502e+01,2.068410e+01,2.070502e+01,2.057944e+01,2.068410e+01,2.073988e+01,2.073988e+01,2.075382e+01,2.057246e+01,2.074685e+01,2.076079e+01,2.065621e+01,2.065621e+01,2.069108e+01,2.061434e+01,2.069108e+01,2.071897e+01,2.057944e+01,2.078169e+01,2.078866e+01,2.071897e+01,2.069108e+01,2.073988e+01,2.069108e+01,2.073988e+01,2.079562e+01,2.064923e+01,2.091398e+01,2.073988e+01,2.058643e+01,2.074685e+01,2.073988e+01,2.064225e+01,2.064923e+01,2.064923e+01,2.066318e+01,2.073988e+01,2.067713e+01,2.064923e+01,2.064225e+01,2.062830e+01,2.067016e+01,2.059340e+01,2.064923e+01,2.064923e+01,2.063528e+01,2.057944e+01,2.062830e+01,2.052358e+01,2.059340e+01,2.048166e+01,2.057944e+01,2.055850e+01,2.061434e+01,2.060039e+01,2.050961e+01,2.045371e+01,2.053755e+01,2.042575e+01,2.053057e+01,2.037679e+01,2.036280e+01,2.035581e+01,2.036280e+01,2.042575e+01,2.032782e+01,2.013868e+01,2.014569e+01,2.014569e+01,1.993514e+01,1.994216e+01,1.973118e+01,1.973118e+01,1.967484e+01,1.975230e+01,1.968189e+01,1.974526e+01,1.966076e+01,1.969597e+01,1.964666e+01,1.982266e+01,1.966076e+01,1.967484e+01,1.965371e+01,1.963962e+01,1.970302e+01,1.977341e+01,1.968189e+01,1.971710e+01,1.977341e+01,1.974526e+01,1.954092e+01,1.968893e+01,1.960438e+01,1.963257e+01,1.968893e+01,1.969597e+01,1.980156e+01,1.961143e+01,1.963257e+01,1.966780e+01,1.959028e+01,1.959733e+01,1.945624e+01,1.958323e+01,1.963257e+01,1.939975e+01,1.938562e+01,1.940681e+01,1.942800e+01,1.943506e+01,1.945624e+01,1.941387e+01,1.932202e+01,1.934322e+01,1.942800e+01,1.927959e+01,1.917346e+01,1.918761e+01,1.918761e+01,1.913805e+01,1.915222e+01,1.903885e+01,1.917346e+01,1.898922e+01,1.878332e+01,1.863395e+01,1.842731e+01,1.844157e+01,1.869088e+01,1.868376e+01,1.868376e+01,1.881174e+01,1.869088e+01,1.867665e+01,1.866953e+01,1.864107e+01,1.857699e+01,1.869088e+01,1.907429e+01,1.909555e+01,1.920885e+01,1.925130e+01,1.915930e+01,1.928667e+01,1.910264e+01,1.917346e+01,1.922300e+01,1.920177e+01,1.917346e+01,1.923715e+01,1.966076e+01,1.990703e+01,1.990703e+01,1.988594e+01,1.987892e+01,2.004749e+01,2.004047e+01,2.005451e+01,2.004047e+01,2.004749e+01,2.027181e+01,2.008257e+01,2.031382e+01,2.007556e+01,2.010362e+01,1.992811e+01,2.007556e+01,2.004749e+01,2.011764e+01,2.006152e+01,2.012466e+01,2.008959e+01,2.007556e+01,2.001239e+01,2.009660e+01,2.006854e+01,2.001941e+01,2.008257e+01,2.002643e+01,2.011063e+01,2.016672e+01,2.011764e+01,2.003345e+01,1.998431e+01,2.006152e+01,2.001941e+01,2.001941e+01,2.006152e+01,2.005451e+01,1.999835e+01,2.005451e+01,2.001239e+01,1.999835e+01,2.003345e+01,2.006854e+01,1.996324e+01,2.008959e+01,2.007556e+01,2.007556e+01,2.011764e+01,2.011063e+01,2.011063e+01,2.022278e+01,2.006152e+01,2.006152e+01,2.001941e+01,2.008257e+01,2.006152e+01,2.013868e+01,2.011764e+01,2.015971e+01,2.015270e+01,2.020877e+01,2.023680e+01,2.018074e+01,2.022278e+01,2.013868e+01,2.013167e+01,2.023680e+01,2.023680e+01,2.023680e+01,2.023680e+01,2.021578e+01,2.025080e+01,2.017373e+01,2.016672e+01,2.018074e+01,2.006152e+01,1.977341e+01,1.949859e+01,1.918761e+01,1.909555e+01,1.906721e+01,1.917346e+01,1.921593e+01,1.945624e+01,1.957618e+01,1.973822e+01,1.982266e+01,1.985079e+01,2.008959e+01,2.034181e+01,2.043274e+01,2.054453e+01,2.043274e+01,2.039778e+01,2.039778e+01,2.039078e+01,2.040477e+01,2.045371e+01,2.048166e+01,2.048865e+01,2.034181e+01,2.029282e+01,2.048166e+01,2.047468e+01,2.051660e+01,2.047468e+01,2.034181e+01,2.036980e+01,2.036280e+01,2.045371e+01,2.046769e+01,2.043973e+01,2.047468e+01,2.047468e+01,2.049564e+01,2.050262e+01,2.054453e+01,2.051660e+01,2.045371e+01,2.052358e+01,2.059340e+01,2.052358e+01,2.045371e+01,2.046769e+01,2.046070e+01,2.046070e+01,2.059340e+01,2.055152e+01,2.060039e+01,2.047468e+01,2.053755e+01,2.060736e+01,2.053057e+01,2.047468e+01,2.048166e+01,2.054453e+01,2.057944e+01,2.043973e+01,2.034881e+01,2.051660e+01,2.053057e+01,2.044672e+01,2.044672e+01,2.053057e+01,2.046769e+01,2.049564e+01,2.051660e+01,2.046070e+01,2.036980e+01,2.041176e+01,2.048166e+01,2.037679e+01,2.039078e+01,2.033481e+01,2.036980e+01,2.032782e+01,2.020177e+01,2.030682e+01,2.032782e+01,2.041176e+01,2.029282e+01,2.026481e+01,2.025781e+01,2.023680e+01,2.023680e+01,2.011764e+01,2.024380e+01,2.016672e+01,2.021578e+01,2.016672e+01,2.018775e+01,2.022278e+01,2.019476e+01,2.015270e+01,2.003345e+01,2.008959e+01,2.013868e+01,2.018074e+01,2.014569e+01,2.001941e+01,2.002643e+01,1.991406e+01,1.999133e+01,1.997728e+01,1.997026e+01,1.995621e+01,1.995621e+01,1.991406e+01,1.992811e+01,2.011764e+01,2.001239e+01,2.001941e+01,2.015270e+01,2.016672e+01,2.032082e+01,2.015270e+01,2.027181e+01,2.022278e+01,2.029282e+01,2.020177e+01,2.028582e+01,2.020177e+01,2.027181e+01,2.032082e+01,2.030682e+01,2.026481e+01,2.036280e+01,2.036280e+01,2.041176e+01,2.029282e+01,2.044672e+01,2.032782e+01,2.037679e+01,2.043973e+01,2.045371e+01,2.043973e+01,2.040477e+01,2.041875e+01,2.039078e+01,2.041875e+01,2.040477e+01,2.043973e+01,2.030682e+01,2.044672e+01,2.024380e+01,2.044672e+01,2.040477e+01,2.034881e+01,2.034181e+01,2.041176e+01,2.053057e+01,2.038379e+01,2.048865e+01,2.040477e+01,2.046769e+01,2.043274e+01,2.041875e+01,2.057246e+01,2.050262e+01,2.046070e+01,2.046769e+01,2.048166e+01,2.048865e+01,2.048865e+01,2.046070e+01,2.028582e+01,2.064923e+01,2.068410e+01,2.067016e+01,2.071200e+01,2.073988e+01,2.079562e+01,2.087918e+01,2.082348e+01,2.079562e+01,2.086526e+01,2.085134e+01,2.085134e+01,2.083741e+01,2.085830e+01,2.083741e+01,2.079562e+01,2.095572e+01,2.090702e+01,2.076775e+01,2.088614e+01,2.087222e+01,2.081652e+01,2.095572e+01,2.092789e+01,2.094876e+01,2.087222e+01,2.085134e+01,2.086526e+01,2.090702e+01,2.090006e+01,2.090702e+01,2.083045e+01,2.086526e+01,2.080259e+01,2.078169e+01,2.100439e+01,2.091398e+01,2.092789e+01,2.087222e+01,2.078169e+01,2.080955e+01,2.085830e+01,2.089310e+01,2.087918e+01,2.088614e+01,2.087918e+01,2.089310e+01,2.092093e+01,2.088614e+01,2.105304e+01,2.099048e+01,2.085830e+01,2.095572e+01,2.087918e+01,2.092093e+01,2.080955e+01,2.079562e+01,2.092789e+01,2.100439e+01,2.093485e+01,2.098353e+01,2.092093e+01,2.101829e+01,2.081652e+01,2.101134e+01,2.084437e+01,2.094180e+01,2.099744e+01,2.098353e+01,2.096962e+01,2.097658e+01,2.091398e+01,2.092093e+01,2.085830e+01,2.089310e+01,2.093485e+01,2.099744e+01,2.103914e+01,2.099744e+01,2.094180e+01,2.090702e+01,2.094180e+01,2.094876e+01,2.094876e+01,2.093485e+01,2.100439e+01,2.090702e+01,2.090006e+01,2.094876e+01,2.097658e+01,2.097658e+01,2.099744e+01,2.095572e+01,2.090702e+01,2.092789e+01,2.083741e+01,2.085134e+01,2.081652e+01,2.087918e+01,2.083045e+01,2.090006e+01,2.080955e+01,2.065621e+01,2.083045e+01,2.085830e+01,2.085134e+01,2.095572e+01,2.092093e+01,2.085830e+01,2.094876e+01,2.084437e+01,2.083045e+01,2.079562e+01,2.103914e+01,2.117109e+01,2.123353e+01,2.102524e+01,2.132366e+01,2.135138e+01,2.133059e+01,2.132366e+01,2.134445e+01,2.135830e+01,2.145524e+01,2.142756e+01
2.074685e+01,2.073291e+01,2.073988e+01,2.064225e+01,2.078866e+01,2.079562e+01,2.073988e+01,2.082348e+01,2.064923e+01,2.071200e+01,2.079562e+01,2.072594e+01,2.069108e+01,2.071897e+01,2.073988e+01,2.067016e+01,2.066318e+01,2.069805e+01,2.064225e+01,2.082348e+01,2.082348e+01,2.077472e+01,2.073988e+01,2.071897e+01,2.071200e+01,2.075382e+01,2.082348e+01,2.070502e+01,2.083045e+01,2.073988e+01,2.071200e+01,2.068410e+01,2.075382e+01,2.073988e+01,2.082348e+01,2.078866e+01,2.074685e+01,2.076079e+01,2.090006e+01,2.069805e+01,2.071897e+01,2.075382e+01,2.070502e+01,2.071897e+01,2.073988e+01,2.077472e+01,2.071200e+01,2.062132e+01,2.058643e+01,2.065621e+01,2.076079e+01,2.058643e+01,2.074685e+01,2.067016e+01,2.060736e+01,2.062830e+01,2.067016e+01,2.060039e+01,2.076079e+01,2.071897e+01,2.073291e+01,2.070502e+01,2.043274e+01,2.069108e+01,2.075382e+01,2.064923e+01,2.070502e+01,2.061434e+01,2.064923e+01,2.044672e+01,2.073988e+01,2.059340e+01,2.059340e+01,2.062132e+01,2.060736e+01,2.053057e+01,2.062132e+01,2.060039e+01,2.071897e+01,2.064225e+01,2.064923e+01,2.069805e+01,2.069108e+01,2.064225e+01,2.068410e+01,2.067016e+01,2.076775e+01,2.074685e+01,2.056548e+01,2.063528e+01,2.056548e+01,2.064923e+01,2.058643e+01,2.067016e+01,2.067016e+01,2.064225e+01,2.064225e+01,2.063528e+01,2.069108e+01,2.062132e+01,2.067713e+01,2.056548e+01,2.067713e+01,2.058643e+01,2.071897e+01,2.063528e+01,2.063528e+01,2.062830e+01,2.071200e+01,2.080955e+01,2.071200e+01,2.070502e+01,2.068410e+01,2.066318e+01,2.067016e+01,2.069805e+01,2.063528e+01,2.067016e+01,2.070502e+01,2.068410e+01,2.078866e+01,2.079562e+01,2.077472e+01,2.074685e+01,2.059340e+01,2.066318e+01,2.062830e+01,2.078169e+01,2.063528e+01,2.080955e+01,2.057944e+01,2.056548e+01,2.068410e+01,2.060736e+01,2.060039e+01,2.071200e+01,2.074685e+01,2.070502e+01,2.074685e+01,2.067016e+01,2.069108e+01,2.062132e+01,2.068410e+01,2.082348e+01,2.078866e+01,2.071897e+01,2.062132e+01,2.073291e+01,2.061434e+01,2.076079e+01,2.066318e+01,2.056548e+01,2.069805e+01,2.067713e+01,2.082348e+01,2.067713e+01,2.064923e+01,2.064923e+01,2.065621e+01,2.064923e+01,2.061434e+01,2.059340e+01,2.056548e+01,2.062132e+01,2.061434e+01,2.059340e+01,2.043274e+01,2.058643e+01,2.054453e+01,2.062132e+01,2.060039e+01,2.046070e+01,2.066318e+01,2.043973e+01,2.049564e+01,2.051660e+01,2.046070e+01,2.045371e+01,2.051660e+01,2.032082e+01,2.033481e+01,2.039778e+01,2.011063e+01,2.018775e+01,1.987892e+01,1.991406e+01,1.994919e+01,1.975934e+01,1.980859e+01,1.973118e+01,1.974526e+01,1.967484e+01,1.978749e+01,1.978045e+01,1.963962e+01,1.954797e+01,1.968189e+01,1.966780e+01,1.971710e+01,1.972414e+01,1.977341e+01,1.968893e+01,1.968893e+01,1.968893e+01,1.971006e+01,1.974526e+01,1.961143e+01,1.975934e+01,1.968189e+01,1.952681e+01,1.967484e+01,1.959733e+01,1.954797e+01,1.971710e+01,1.971710e+01,1.944918e+01,1.961847e+01,1.944918e+01,1.961847e+01,1.959733e+01,1.959733e+01,1.954092e+01,1.957618e+01,1.955502e+01,1.948447e+01,1.939268e+01,1.948447e+01,1.936442e+01,1.933615e+01,1.932202e+01,1.933615e+01,1.912389e+01,1.911680e+01,1.911680e+01,1.918054e+01,1.903176e+01,1.898922e+01,1.902468e+01,1.896084e+01,1.896794e+01,1.888277e+01,1.885437e+01,1.863395e+01,1.874066e+01,1.842731e+01,1.842731e+01,1.842731e+01,1.842018e+01,1.842018e+01,1.841304e+01,1.863395e+01,1.857699e+01,1.851999e+01,1.842018e+01,1.859123e+01,1.868376e+01,1.861259e+01,1.888277e+01,1.907429e+01,1.904594e+01,1.911680e+01,1.906721e+01,1.904594e+01,1.899631e+01,1.911680e+01,1.907429e+01,1.903176e+01,1.937149e+01,1.985079e+01,1.980859e+01,1.987892e+01,1.991406e+01,1.987189e+01,1.990000e+01,2.004749e+01,1.991406e+01,1.998431e+01,2.004047e+01,2.006152e+01,1.998431e+01,2.001941e+01,2.006854e+01,1.993514e+01,2.004749e+01,1.999835e+01,2.004047e+01,2.002643e+01,2.001239e+01,2.004047e+01,2.003345e+01,2.002643e+01,2.008257e+01,2.012466e+01,1.998431e+01,1.999835e+01,2.006854e+01,2.020177e+01,2.017373e+01,2.015270e+01,2.007556e+01,2.015971e+01,1.995621e+01,1.999835e+01,1.993514e+01,1.999133e+01,2.003345e+01,2.004047e+01,2.004749e+01,2.004749e+01,2.002643e+01,2.001941e+01,2.007556e+01,2.001941e+01,1.992109e+01,2.023680e+01,2.003345e+01,2.004047e+01,2.008257e+01,2.008959e+01,2.004047e+01,2.002643e+01,2.008257e+01,2.008959e+01,2.006854e+01,2.007556e+01,2.005451e+01,2.015270e+01,2.018074e+01,2.019476e+01,2.016672e+01,2.016672e+01,2.025080e+01,2.022979e+01,2.024380e+01,2.039778e+01,2.011063e+01,2.023680e+01,2.023680e+01,2.022979e+01,2.018074e+01,2.018074e+01,2.021578e+01,2.013868e+01,2.025080e+01,2.002643e+01,1.964666e+01,1.932202e+01,1.920885e+01,1.916638e+01,1.922300e+01,1.923008e+01,1.921593e+01,1.927959e+01,1.931495e+01,1.956207e+01,1.966780e+01,1.973118e+01,2.008959e+01,2.013167e+01,2.012466e+01,2.043274e+01,2.023680e+01,2.054453e+01,2.035581e+01,2.047468e+01,2.037679e+01,2.046769e+01,2.049564e+01,2.030682e+01,2.048166e+01,2.043274e+01,2.047468e+01,2.048166e+01,2.050961e+01,2.037679e+01,2.036280e+01,2.047468e+01,2.051660e+01,2.039778e+01,2.043274e+01,2.047468e+01,2.047468e+01,2.046769e+01,2.046769e+01,2.051660e+01,2.053057e+01,2.054453e+01,2.047468e+01,2.055152e+01,2.045371e+01,2.055850e+01,2.050262e+01,2.049564e+01,2.039778e+01,2.048865e+01,2.050262e+01,2.048865e+01,2.043973e+01,2.053057e+01,2.048865e+01,2.054453e+01,2.054453e+01,2.053755e+01,2.050262e+01,2.053755e+01,2.053755e+01,2.053755e+01,2.054453e+01,2.045371e+01,2.048865e+01,2.043973e+01,2.043973e+01,2.048865e+01,2.053057e+01,2.055152e+01,2.031382e+01,2.044672e+01,2.041176e+01,2.040477e+01,2.053057e+01,2.051660e+01,2.049564e+01,2.047468e+01,2.043973e+01,2.047468e+01,2.034881e+01,2.039078e+01,2.036280e+01,2.039078e+01,2.032782e+01,2.031382e+01,2.024380e+01,2.025080e+01,2.016672e+01,2.018775e+01,2.014569e+01,2.023680e+01,2.021578e+01,2.020177e+01,2.018074e+01,2.020177e+01,2.019476e+01,2.014569e+01,2.012466e+01,2.013167e+01,2.012466e+01,2.013167e+01,1.997728e+01,2.002643e+01,1.999835e+01,1.990703e+01,1.996324e+01,2.000537e+01,2.007556e+01,2.008959e+01,1.996324e+01,1.997026e+01,1.994919e+01,1.997026e+01,2.014569e+01,1.998431e+01,2.019476e+01,2.027181e+01,2.023680e+01,2.029982e+01,2.026481e+01,2.022979e+01,2.025781e+01,2.024380e+01,2.034881e+01,2.025781e+01,2.031382e+01,2.025781e+01,2.024380e+01,2.030682e+01,2.039078e+01,2.030682e+01,2.031382e+01,2.033481e+01,2.034181e+01,2.032782e+01,2.043274e+01,2.036980e+01,2.047468e+01,2.034181e+01,2.035581e+01,2.041875e+01,2.042575e+01,2.038379e+01,2.022979e+01,2.042575e+01,2.050961e+01,2.034881e+01,2.029982e+01,2.036280e+01,2.039078e+01,2.043274e+01,2.034181e+01,2.049564e+01,2.034181e+01,2.032082e+01,2.046070e+01,2.043274e+01,2.040477e+01,2.041176e+01,2.044672e+01,2.040477e+01,2.039078e+01,2.030682e+01,2.055152e+01,2.041875e+01,2.046769e+01,2.045371e+01,2.048166e+01,2.062830e+01,2.064923e+01,2.063528e+01,2.068410e+01,2.072594e+01,2.073291e+01,2.091398e+01,2.078169e+01,2.078866e+01,2.080259e+01,2.092093e+01,2.071897e+01,2.075382e+01,2.077472e+01,2.101829e+01,2.087222e+01,2.087222e+01,2.078866e+01,2.096962e+01,2.081652e+01,2.096267e+01,2.076775e+01,2.090702e+01,2.090702e+01,2.092789e+01,2.084437e+01,2.085830e+01,2.090702e+01,2.087222e+01,2.083741e+01,2.082348e+01,2.092789e+01,2.083045e+01,2.086526e+01,2.086526e+01,2.094180e+01,2.092093e+01,2.087222e+01,2.076775e+01,2.088614e+01,2.085134e+01,2.093485e+01,2.090702e+01,2.080955e+01,2.094180e+01,2.087222e+01,2.085134e+01,2.087918e+01,2.088614e+01,2.105304e+01,2.085830e+01,2.093485e+01,2.094180e+01,2.094876e+01,2.102524e+01,2.079562e+01,2.086526e+01,2.084437e+01,2.089310e+01,2.087918e+01,2.087918e+01,2.083741e+01,2.090702e+01,2.100439e+01,2.101829e+01,2.087222e+01,2.099744e+01,2.094876e+01,2.077472e+01,2.094876e+01,2.096267e+01,2.099048e+01,2.081652e+01,2.089310e+01,2.093485e+01,2.091398e+01,2.092789e+01,2.090702e+01,2.094180e+01,2.110166e+01,2.111555e+01,2.094180e+01,2.099744e+01,2.086526e+01,2.087918e+01,2.085830e+01,2.100439e+01,2.099048e+01,2.101829e+01,2.100439e+01,2.096962e+01,2.098353e+01,2.096267e+01,2.096267e+01,2.094180e+01,2.091398e+01,2.093485e+01,2.084437e+01,2.090702e+01,2.093485e+01,2.090702e+01,2.090006e+01,2.074685e+01,2.077472e+01,2.087918e+01,2.091398e+01,2.067016e+01,2.069108e+01,2.083741e+01,2.083741e+01,2.089310e+01,2.085830e+01,2.096267e+01,2.097658e+01,2.110861e+01,2.104609e+01,2.105304e+01,2.115721e+01,2.122660e+01,2.132366e+01,2.135138e+01,2.134445e+01,2.114333e+01,2.142063e+01,2.147600e+01,2.143448e+01
2.079562e+01,2.071897e+01,2.080955e+01,2.085830e+01,2.073291e+01,2.076079e+01,2.079562e+01,2.080955e+01,2.087918e+01,2.071897e+01,2.076775e+01,2.071897e+01,2.080259e+01,2.069108e+01,2.071897e+01,2.063528e+01,2.065621e+01,2.080259e+01,2.074685e+01,2.080955e+01,2.079562e+01,2.076079e+01,2.071897e+01,2.074685e+01,2.069108e+01,2.069108e+01,2.068410e+01,2.069805e+01,2.074685e+01,2.076079e+01,2.074685e+01,2.092789e+01,2.069805e+01,2.077472e+01,2.083045e+01,2.083045e+01,2.086526e+01,2.074685e+01,2.073988e+01,2.071897e+01,2.079562e+01,2.088614e+01,2.093485e+01,2.090702e+01,2.080955e+01,2.081652e+01,2.072594e+01,2.075382e+01,2.075382e+01,2.076775e+01,2.063528e+01,2.069108e+01,2.073291e+01,2.092093e+01,2.083741e+01,2.062132e+01,2.069108e+01,2.073988e+01,2.071200e+01,2.070502e+01,2.072594e+01,2.074685e+01,2.071897e+01,2.062132e+01,2.069108e+01,2.057944e+01,2.076775e+01,2.065621e+01,2.063528e+01,2.064923e+01,2.064225e+01,2.066318e+01,2.087918e+01,2.073291e+01,2.076775e+01,2.064225e+01,2.073988e+01,2.071897e+01,2.071200e+01,2.069108e+01,2.071897e+01,2.074685e+01,2.071200e+01,2.076775e+01,2.073291e+01,2.077472e+01,2.069108e+01,2.075382e+01,2.073988e+01,2.080955e+01,2.060736e+01,2.070502e+01,2.077472e+01,2.073291e+01,2.071897e+01,2.071200e+01,2.069108e+01,2.064923e+01,2.067016e+01,2.074685e+01,2.061434e+01,2.062132e+01,2.060039e+01,2.069108e+01,2.065621e+01,2.057944e+01,2.063528e+01,2.072594e+01,2.060039e+01,2.071897e+01,2.062132e+01,2.071200e+01,2.063528e+01,2.070502e+01,2.071897e+01,2.069108e+01,2.069805e+01,2.071200e+01,2.069805e+01,2.071897e+01,2.067713e+01,2.076079e+01,2.075382e+01,2.081652e+01,2.057944e+01,2.072594e+01,2.060736e+01,2.078866e+01,2.066318e+01,2.062132e+01,2.068410e+01,2.071200e+01,2.067016e+01,2.070502e+01,2.075382e+01,2.074685e+01,2.073291e+01,2.073988e+01,2.079562e+01,2.071897e+01,2.084437e+01,2.072594e+01,2.090702e+01,2.070502e+01,2.067713e+01,2.064225e+01,2.083045e+01,2.076079e+01,2.071200e+01,2.076775e+01,2.074685e+01,2.073291e+01,2.075382e+01,2.066318e+01,2.070502e+01,2.069108e+01,2.064225e+01,2.068410e+01,2.059340e+01,2.067713e+01,2.057944e+01,2.057944e+01,2.053755e+01,2.067713e+01,2.054453e+01,2.066318e+01,2.064923e+01,2.057944e+01,2.057944e+01,2.069108e+01,2.046769e+01,2.062132e+01,2.044672e+01,2.057944e+01,2.046070e+01,2.043973e+01,2.041875e+01,2.050262e+01,2.041176e+01,2.039078e+01,2.041875e+01,2.033481e+01,2.033481e+01,2.015270e+01,1.997728e+01,1.987892e+01,1.996324e+01,1.982969e+01,1.978045e+01,1.980859e+01,1.965371e+01,1.981563e+01,1.972414e+01,1.979452e+01,1.964666e+01,1.968189e+01,1.966076e+01,1.987189e+01,1.971710e+01,1.970302e+01,1.966076e+01,1.974526e+01,1.964666e+01,1.961143e+01,1.977341e+01,1.974526e+01,1.971710e+01,1.969597e+01,1.958323e+01,1.960438e+01,1.964666e+01,1.970302e+01,1.973822e+01,1.974526e+01,1.978045e+01,1.968893e+01,1.960438e+01,1.972414e+01,1.965371e+01,1.962552e+01,1.968893e+01,1.968189e+01,1.963257e+01,1.950564e+01,1.950564e+01,1.956913e+01,1.951975e+01,1.940681e+01,1.934322e+01,1.932909e+01,1.937855e+01,1.932202e+01,1.913097e+01,1.904594e+01,1.918054e+01,1.917346e+01,1.915930e+01,1.903176e+01,1.910972e+01,1.902468e+01,1.887567e+01,1.909555e+01,1.886147e+01,1.881885e+01,1.865530e+01,1.850574e+01,1.842018e+01,1.842018e+01,1.842731e+01,1.840591e+01,1.856987e+01,1.859123e+01,1.837737e+01,1.849149e+01,1.849861e+01,1.849861e+01,1.861259e+01,1.864107e+01,1.873355e+01,1.884016e+01,1.886857e+01,1.895375e+01,1.898922e+01,1.896794e+01,1.893956e+01,1.885437e+01,1.903885e+01,1.924423e+01,1.976638e+01,1.987892e+01,1.999133e+01,2.001239e+01,1.987189e+01,1.992109e+01,2.005451e+01,1.995621e+01,2.008257e+01,2.001941e+01,2.003345e+01,2.007556e+01,2.000537e+01,2.001941e+01,2.004047e+01,2.000537e+01,2.005451e+01,2.001941e+01,2.014569e+01,2.004047e+01,2.005451e+01,2.008959e+01,2.006854e+01,2.001239e+01,2.005451e+01,2.008959e+01,2.004047e+01,1.999835e+01,2.002643e+01,2.016672e+01,2.001239e+01,1.999835e+01,2.010362e+01,2.010362e+01,2.004047e+01,2.008257e+01,2.001941e+01,2.001941e+01,2.004749e+01,2.002643e+01,2.001941e+01,2.006854e+01,2.004047e+01,2.012466e+01,2.003345e+01,2.006854e+01,2.003345e+01,2.003345e+01,2.012466e+01,2.006854e+01,2.006854e+01,2.004749e+01,2.003345e+01,2.006152e+01,2.014569e+01,2.007556e+01,2.011063e+01,2.006152e+01,2.006152e+01,2.015270e+01,2.019476e+01,2.027181e+01,2.026481e+01,2.022278e+01,2.038379e+01,2.016672e+01,2.031382e+01,2.025080e+01,2.022979e+01,2.025080e+01,2.018074e+01,2.022979e+01,2.022979e+01,2.023680e+01,2.017373e+01,2.025080e+01,2.018775e+01,1.997026e+01,1.932909e+01,1.929374e+01,1.918761e+01,1.918761e+01,1.919469e+01,1.924423e+01,1.927959e+01,1.920885e+01,1.947036e+01,1.966076e+01,1.967484e+01,2.002643e+01,2.001239e+01,2.046070e+01,2.039778e+01,2.041176e+01,2.041176e+01,2.044672e+01,2.054453e+01,2.036980e+01,2.048865e+01,2.051660e+01,2.046070e+01,2.031382e+01,2.043973e+01,2.056548e+01,2.054453e+01,2.048865e+01,2.057246e+01,2.048166e+01,2.054453e+01,2.055152e+01,2.050961e+01,2.053057e+01,2.050262e+01,2.053755e+01,2.046769e+01,2.053057e+01,2.059340e+01,2.047468e+01,2.051660e+01,2.065621e+01,2.055152e+01,2.048166e+01,2.054453e+01,2.054453e+01,2.050961e+01,2.049564e+01,2.050262e+01,2.054453e+01,2.055850e+01,2.050262e+01,2.054453e+01,2.051660e+01,2.050961e+01,2.053755e+01,2.051660e+01,2.054453e+01,2.050961e+01,2.053057e+01,2.046769e+01,2.049564e+01,2.048166e+01,2.043973e+01,2.046769e+01,2.045371e+01,2.039078e+01,2.056548e+01,2.053755e+01,2.032082e+01,2.049564e+01,2.055850e+01,2.050961e+01,2.044672e+01,2.054453e+01,2.050961e+01,2.042575e+01,2.042575e+01,2.050262e+01,2.048166e+01,2.042575e+01,2.034181e+01,2.043973e+01,2.029282e+01,2.053755e+01,2.025080e+01,2.031382e+01,2.024380e+01,2.026481e+01,2.023680e+01,2.025080e+01,2.025080e+01,2.027881e+01,2.021578e+01,2.017373e+01,2.026481e+01,2.018775e+01,2.015971e+01,2.014569e+01,2.017373e+01,2.015971e+01,2.020177e+01,1.994216e+01,1.999835e+01,2.004047e+01,1.994919e+01,2.011063e+01,1.993514e+01,1.998431e+01,2.014569e+01,2.014569e+01,2.006152e+01,2.011764e+01,2.003345e+01,2.017373e+01,2.010362e+01,2.032082e+01,2.031382e+01,2.032082e+01,2.018775e+01,2.025080e+01,2.029982e+01,2.028582e+01,2.038379e+01,2.036280e+01,2.032082e+01,2.035581e+01,2.027881e+01,2.039078e+01,2.048166e+01,2.034181e+01,2.049564e+01,2.048865e+01,2.029982e+01,2.054453e+01,2.034181e+01,2.055850e+01,2.034881e+01,2.046769e+01,2.042575e+01,2.045371e+01,2.046070e+01,2.025080e+01,2.038379e+01,2.029982e+01,2.046769e+01,2.040477e+01,2.038379e+01,2.044672e+01,2.040477e+01,2.041176e+01,2.037679e+01,2.035581e+01,2.043973e+01,2.049564e+01,2.034881e+01,2.048865e+01,2.047468e+01,2.051660e+01,2.048166e+01,2.046769e+01,2.062830e+01,2.062830e+01,2.044672e+01,2.041875e+01,2.064923e+01,2.067016e+01,2.056548e+01,2.063528e+01,2.063528e+01,2.080259e+01,2.069108e+01,2.068410e+01,2.073291e+01,2.078866e+01,2.078169e+01,2.091398e+01,2.078866e+01,2.080259e+01,2.089310e+01,2.076775e+01,2.083741e+01,2.080259e+01,2.092093e+01,2.092093e+01,2.091398e+01,2.094180e+01,2.080955e+01,2.100439e+01,2.102524e+01,2.082348e+01,2.085830e+01,2.093485e+01,2.085830e+01,2.085830e+01,2.091398e+01,2.087222e+01,2.085830e+01,2.079562e+01,2.087918e+01,2.091398e+01,2.081652e+01,2.100439e+01,2.080955e+01,2.104609e+01,2.087918e+01,2.086526e+01,2.099744e+01,2.078169e+01,2.104609e+01,2.094180e+01,2.083741e+01,2.095572e+01,2.089310e+01,2.092789e+01,2.092093e+01,2.090006e+01,2.090006e+01,2.085134e+01,2.098353e+01,2.083741e+01,2.101134e+01,2.089310e+01,2.097658e+01,2.091398e+01,2.086526e+01,2.087918e+01,2.095572e+01,2.095572e+01,2.091398e+01,2.087918e+01,2.097658e+01,2.088614e+01,2.097658e+01,2.087918e+01,2.077472e+01,2.086526e+01,2.084437e+01,2.096267e+01,2.087222e+01,2.086526e+01,2.084437e+01,2.091398e+01,2.097658e+01,2.092789e+01,2.092789e+01,2.092093e+01,2.087918e+01,2.105304e+01,2.087918e+01,2.101134e+01,2.086526e+01,2.086526e+01,2.098353e+01,2.098353e+01,2.099744e+01,2.100439e+01,2.101829e+01,2.096962e+01,2.095572e+01,2.107388e+01,2.096962e+01,2.103914e+01,2.103219e+01,2.086526e+01,2.068410e+01,2.090702e+01,2.094180e+01,2.086526e+01,2.082348e+01,2.081652e+01,2.067016e+01,2.075382e+01,2.091398e+01,2.080259e+01,2.085134e+01,2.092789e+01,2.090006e+01,2.087222e+01,2.097658e+01,2.089310e+01,2.106693e+01,2.098353e+01,2.110861e+01,2.120579e+01,2.131673e+01,2.125434e+01,2.138601e+01,2.136523e+01,2.142756e+01,2.133059e+01,2.141371e+01,2.146216e+01,2.147600e+01
2.079562e+01,2.086526e+01,2.080259e+01,2.082348e+01,2.076079e+01,2.076775e+01,2.077472e+01,2.069108e+01,2.080259e+01,2.067713e+01,2.070502e+01,2.076775e+01,2.064923e+01,2.073988e+01,2.071200e+01,2.069805e+01,2.076775e+01,2.065621e+01,2.082348e+01,2.070502e+01,2.079562e+01,2.080259e+01,2.081652e+01,2.077472e+01,2.074685e+01,2.083741e+01,2.080955e+01,2.081652e+01,2.082348e+01,2.076079e+01,2.070502e+01,2.079562e+01,2.071897e+01,2.082348e+01,2.084437e+01,2.090702e+01,2.080259e+01,2.073988e+01,2.083045e+01,2.067713e+01,2.084437e+01,2.067016e+01,2.065621e+01,2.076079e+01,2.078169e+01,2.080259e+01,2.096962e+01,2.064225e+01,2.083045e+01,2.073988e+01,2.082348e+01,2.073988e+01,2.064923e+01,2.072594e+01,2.071897e+01,2.076079e+01,2.090006e+01,2.089310e+01,2.071200e+01,2.076079e+01,2.067713e+01,2.071200e+01,2.071897e+01,2.068410e+01,2.069108e+01,2.071897e+01,2.080955e+01,2.064923e+01,2.067016e+01,2.068410e+01,2.064923e+01,2.060039e+01,2.066318e+01,2.081652e+01,2.078866e+01,2.071200e+01,2.063528e+01,2.052358e+01,2.069805e+01,2.075382e+01,2.060736e+01,2.071200e+01,2.068410e+01,2.064225e+01,2.067016e+01,2.075382e+01,2.064923e+01,2.077472e+01,2.080955e+01,2.069805e+01,2.056548e+01,2.067016e+01,2.066318e+01,2.082348e+01,2.065621e+01,2.076775e+01,2.073291e+01,2.060736e+01,2.061434e+01,2.064923e+01,2.062132e+01,2.073988e+01,2.073291e+01,2.061434e+01,2.072594e+01,2.060736e+01,2.077472e+01,2.073988e+01,2.069108e+01,2.060736e+01,2.072594e+01,2.066318e+01,2.067713e+01,2.067016e+01,2.066318e+01,2.069805e+01,2.083045e+01,2.070502e+01,2.073291e+01,2.067713e+01,2.054453e+01,2.076775e+01,2.082348e+01,2.071200e+01,2.079562e+01,2.069108e+01,2.073988e+01,2.065621e+01,2.071897e+01,2.058643e+01,2.073988e+01,2.074685e+01,2.062830e+01,2.073988e+01,2.067016e+01,2.073988e+01,2.075382e+01,2.071897e+01,2.088614e+01,2.072594e+01,2.087222e+01,2.072594e+01,2.064225e+01,2.090702e+01,2.085830e+01,2.080955e+01,2.072594e+01,2.078866e+01,2.071897e+01,2.068410e+01,2.059340e+01,2.068410e+01,2.070502e+01,2.073988e+01,2.075382e+01,2.069805e+01,2.062830e+01,2.070502e+01,2.071200e+01,2.072594e+01,2.057246e+01,2.059340e+01,2.057944e+01,2.066318e+01,2.062132e+01,2.054453e+01,2.069108e+01,2.062132e+01,2.061434e+01,2.061434e+01,2.062830e+01,2.062132e+01,2.064923e+01,2.059340e+01,2.053057e+01,2.051660e+01,2.054453e+01,2.043973e+01,2.055152e+01,2.039778e+01,2.031382e+01,2.032082e+01,2.032082e+01,2.012466e+01,1.998431e+01,1.997026e+01,1.987189e+01,1.978749e+01,1.981563e+01,1.982266e+01,1.978749e+01,1.971006e+01,1.971710e+01,1.968189e+01,1.976638e+01,1.982266e+01,1.966076e+01,1.959733e+01,1.971710e+01,1.976638e+01,1.968893e+01,1.968893e+01,1.970302e+01,1.969597e+01,1.962552e+01,1.966780e+01,1.969597e+01,1.959028e+01,1.966076e+01,1.962552e+01,1.976638e+01,1.968893e+01,1.972414e+01,1.978045e+01,1.970302e+01,1.968893e+01,1.974526e+01,1.964666e+01,1.971710e+01,1.961143e+01,1.965371e+01,1.952681e+01,1.954092e+01,1.953386e+01,1.960438e+01,1.954092e+01,1.954092e+01,1.950564e+01,1.933615e+01,1.933615e+01,1.938562e+01,1.939268e+01,1.942093e+01,1.925130e+01,1.928667e+01,1.926545e+01,1.902468e+01,1.903176e+01,1.907429e+01,1.907429e+01,1.914513e+01,1.884726e+01,1.891117e+01,1.896084e+01,1.887567e+01,1.879042e+01,1.883306e+01,1.863395e+01,1.840591e+01,1.836309e+01,1.841304e+01,1.854137e+01,1.835596e+01,1.846297e+01,1.851999e+01,1.842731e+01,1.849861e+01,1.839164e+01,1.847723e+01,1.870510e+01,1.873355e+01,1.889697e+01,1.894665e+01,1.877621e+01,1.891827e+01,1.888987e+01,1.886147e+01,1.923715e+01,1.970302e+01,1.988594e+01,2.004047e+01,1.997728e+01,2.006152e+01,1.997026e+01,1.992109e+01,2.001941e+01,1.997026e+01,2.001239e+01,2.004047e+01,1.997026e+01,2.001239e+01,2.013868e+01,2.004047e+01,2.002643e+01,2.001941e+01,2.004749e+01,2.004047e+01,2.004749e+01,2.004047e+01,2.012466e+01,2.001941e+01,1.999835e+01,2.002643e+01,2.011063e+01,2.003345e+01,2.009660e+01,2.005451e+01,2.016672e+01,2.004749e+01,2.002643e+01,2.009660e+01,2.001239e+01,2.002643e+01,1.999133e+01,2.001941e+01,2.001941e+01,2.006854e+01,2.002643e+01,2.008257e+01,1.999835e+01,2.004749e+01,1.997728e+01,2.014569e+01,2.013868e+01,2.004047e+01,2.014569e+01,2.007556e+01,2.005451e+01,2.008257e+01,2.022278e+01,2.015971e+01,2.006854e+01,2.006854e+01,2.001239e+01,2.006152e+01,2.004047e+01,2.015971e+01,2.008257e+01,2.015971e+01,2.019476e+01,2.013868e+01,2.014569e+01,2.017373e+01,2.016672e+01,2.021578e+01,2.034181e+01,2.024380e+01,2.021578e+01,2.022979e+01,2.025080e+01,2.015971e+01,2.022979e+01,2.030682e+01,2.027181e+01,2.003345e+01,1.983673e+01,1.959028e+01,1.931495e+01,1.929374e+01,1.932909e+01,1.935029e+01,1.921593e+01,1.925130e+01,1.930081e+01,1.932202e+01,1.961143e+01,1.980156e+01,1.968893e+01,2.004047e+01,2.019476e+01,2.033481e+01,2.043274e+01,2.047468e+01,2.050961e+01,2.046769e+01,2.047468e+01,2.050262e+01,2.054453e+01,2.046769e+01,2.054453e+01,2.049564e+01,2.039078e+01,2.055152e+01,2.040477e+01,2.050961e+01,2.050961e+01,2.056548e+01,2.048166e+01,2.049564e+01,2.050262e+01,2.049564e+01,2.059340e+01,2.046070e+01,2.055850e+01,2.050961e+01,2.058643e+01,2.052358e+01,2.067016e+01,2.054453e+01,2.041875e+01,2.062830e+01,2.050961e+01,2.044672e+01,2.061434e+01,2.060039e+01,2.057944e+01,2.061434e+01,2.051660e+01,2.053057e+01,2.054453e+01,2.060039e+01,2.055850e+01,2.048166e+01,2.046769e+01,2.052358e+01,2.066318e+01,2.050961e+01,2.049564e+01,2.049564e+01,2.050961e+01,2.059340e+01,2.049564e+01,2.055850e+01,2.050961e+01,2.048166e+01,2.059340e+01,2.049564e+01,2.053057e+01,2.053755e+01,2.045371e+01,2.044672e+01,2.053755e+01,2.046769e+01,2.038379e+01,2.043973e+01,2.048865e+01,2.044672e+01,2.041176e+01,2.043274e+01,2.042575e+01,2.043973e+01,2.039078e+01,2.024380e+01,2.029982e+01,2.027881e+01,2.033481e+01,2.047468e+01,2.044672e+01,2.016672e+01,2.015971e+01,2.018074e+01,2.025080e+01,2.020177e+01,2.023680e+01,2.020877e+01,2.009660e+01,2.012466e+01,2.007556e+01,2.018074e+01,2.006854e+01,2.010362e+01,2.015270e+01,2.026481e+01,2.009660e+01,1.998431e+01,2.013167e+01,2.008959e+01,2.001941e+01,2.014569e+01,2.012466e+01,2.031382e+01,2.030682e+01,2.030682e+01,2.022278e+01,2.024380e+01,2.055850e+01,2.033481e+01,2.040477e+01,2.038379e+01,2.039078e+01,2.048865e+01,2.041176e+01,2.037679e+01,2.040477e+01,2.042575e+01,2.044672e+01,2.022278e+01,2.046070e+01,2.053057e+01,2.050262e+01,2.039078e+01,2.048166e+01,2.034181e+01,2.040477e+01,2.044672e+01,2.032082e+01,2.037679e+01,2.042575e+01,2.036280e+01,2.041176e+01,2.047468e+01,2.046769e+01,2.043274e+01,2.043274e+01,2.045371e+01,2.043973e+01,2.043274e+01,2.051660e+01,2.048166e+01,2.055152e+01,2.055152e+01,2.053755e+01,2.033481e+01,2.047468e+01,2.041875e+01,2.043274e+01,2.046070e+01,2.047468e+01,2.036280e+01,2.039778e+01,2.048865e+01,2.048166e+01,2.042575e+01,2.043274e+01,2.050262e+01,2.060039e+01,2.060736e+01,2.062132e+01,2.063528e+01,2.079562e+01,2.073988e+01,2.090702e+01,2.087918e+01,2.079562e+01,2.067713e+01,2.086526e+01,2.085830e+01,2.087222e+01,2.090702e+01,2.090006e+01,2.085134e+01,2.076775e+01,2.078169e+01,2.086526e+01,2.104609e+01,2.103914e+01,2.085830e+01,2.095572e+01,2.096267e+01,2.086526e+01,2.084437e+01,2.094180e+01,2.085134e+01,2.081652e+01,2.083741e+01,2.094180e+01,2.081652e+01,2.085830e+01,2.089310e+01,2.100439e+01,2.092789e+01,2.101134e+01,2.090702e+01,2.087918e+01,2.087918e+01,2.088614e+01,2.090702e+01,2.078866e+01,2.082348e+01,2.093485e+01,2.092789e+01,2.089310e+01,2.103914e+01,2.103219e+01,2.100439e+01,2.094876e+01,2.081652e+01,2.089310e+01,2.093485e+01,2.074685e+01,2.101134e+01,2.090702e+01,2.086526e+01,2.096267e+01,2.092093e+01,2.094876e+01,2.094180e+01,2.095572e+01,2.093485e+01,2.098353e+01,2.091398e+01,2.091398e+01,2.085830e+01,2.099744e+01,2.089310e+01,2.099744e+01,2.088614e+01,2.090702e+01,2.092789e+01,2.090702e+01,2.094876e+01,2.100439e+01,2.096267e+01,2.099744e+01,2.101829e+01,2.093485e+01,2.085134e+01,2.095572e+01,2.088614e+01,2.099744e+01,2.092093e+01,2.073291e+01,2.095572e+01,2.095572e+01,2.098353e+01,2.085830e+01,2.100439e+01,2.103219e+01,2.087918e+01,2.090702e+01,2.087918e+01,2.084437e+01,2.087918e+01,2.078866e+01,2.080259e+01,2.089310e+01,2.083045e+01,2.089310e+01,2.092093e+01,2.086526e+01,2.067016e+01,2.080955e+01,2.085134e+01,2.089310e+01,2.086526e+01,2.090702e+01,2.091398e+01,2.092789e+01,2.115721e+01,2.114333e+01,2.116415e+01,2.119885e+01,2.135830e+01,2.136523e+01,2.139293e+01,2.144832e+01,2.146216e+01,2.128901e+01,2.144832e+01,2.151751e+01
2.082348e+01,2.064923e+01,2.081652e+01,2.080955e+01,2.077472e+01,2.080955e+01,2.096962e+01,2.083741e+01,2.086526e+01,2.082348e+01,2.063528e+01,2.080259e+01,2.082348e+01,2.102524e+01,2.081652e+01,2.082348e+01,2.068410e+01,2.064225e+01,2.075382e+01,2.078866e+01,2.075382e+01,2.074685e+01,2.078169e+01,2.080955e+01,2.075382e+01,2.076775e+01,2.071200e+01,2.072594e+01,2.079562e+01,2.078169e+01,2.077472e+01,2.080955e+01,2.081652e+01,2.066318e+01,2.073988e+01,2.087222e+01,2.089310e+01,2.078866e+01,2.076079e+01,2.078866e+01,2.074685e+01,2.081652e+01,2.071200e+01,2.075382e+01,2.076775e+01,2.073291e+01,2.082348e+01,2.076775e+01,2.076775e+01,2.075382e+01,2.078866e+01,2.069805e+01,2.072594e+01,2.079562e+01,2.073988e+01,2.073988e+01,2.073988e+01,2.072594e+01,2.079562e+01,2.076775e+01,2.063528e+01,2.072594e+01,2.071200e+01,2.071897e+01,2.073988e+01,2.061434e+01,2.069108e+01,2.065621e+01,2.064923e+01,2.080259e+01,2.071200e+01,2.062830e+01,2.078169e+01,2.061434e+01,2.078169e+01,2.074685e+01,2.066318e+01,2.066318e+01,2.062830e+01,2.069805e+01,2.071200e+01,2.085134e+01,2.079562e+01,2.073988e+01,2.077472e+01,2.065621e+01,2.078866e+01,2.067713e+01,2.071897e+01,2.067713e+01,2.078169e+01,2.080955e+01,2.078169e+01,2.066318e+01,2.069805e+01,2.073988e+01,2.062830e+01,2.068410e+01,2.078866e+01,2.067713e+01,2.076775e+01,2.073988e+01,2.071200e+01,2.069805e+01,2.060736e+01,2.068410e+01,2.064225e+01,2.063528e+01,2.059340e+01,2.058643e+01,2.064923e+01,2.068410e+01,2.069805e+01,2.068410e+01,2.070502e+01,2.069108e+01,2.072594e+01,2.076079e+01,2.072594e+01,2.071897e+01,2.072594e+01,2.082348e+01,2.078169e+01,2.071200e+01,2.061434e+01,2.073988e+01,2.058643e+01,2.071200e+01,2.067713e+01,2.081652e+01,2.062830e+01,2.073291e+01,2.075382e+01,2.095572e+01,2.067016e+01,2.081652e+01,2.082348e+01,2.068410e+01,2.069805e+01,2.071897e+01,2.072594e+01,2.063528e+01,2.062830e+01,2.073291e+01,2.069805e+01,2.076775e+01,2.083045e+01,2.073291e+01,2.071200e+01,2.076775e+01,2.070502e+01,2.072594e+01,2.067713e+01,2.081652e+01,2.066318e+01,2.076775e+01,2.073988e+01,2.064225e+01,2.057246e+01,2.058643e+01,2.063528e+01,2.050262e+01,2.075382e+01,2.069805e+01,2.080259e+01,2.079562e+01,2.065621e+01,2.055850e+01,2.053755e+01,2.062830e+01,2.059340e+01,2.053755e+01,2.053755e+01,2.062830e+01,2.051660e+01,2.051660e+01,2.050262e+01,2.043973e+01,2.046070e+01,2.041176e+01,2.032082e+01,2.032782e+01,2.039078e+01,2.022979e+01,2.019476e+01,2.008959e+01,1.972414e+01,1.980859e+01,1.970302e+01,1.980859e+01,1.967484e+01,1.973822e+01,1.971710e+01,1.980156e+01,1.963962e+01,1.966780e+01,1.969597e+01,1.968893e+01,1.974526e+01,1.971006e+01,1.975934e+01,1.963962e+01,1.962552e+01,1.971006e+01,1.966780e+01,1.968189e+01,1.969597e+01,1.967484e+01,1.970302e+01,1.977341e+01,1.966076e+01,1.975934e+01,1.964666e+01,1.966780e+01,1.974526e+01,1.971710e+01,1.966780e+01,1.967484e+01,1.964666e+01,1.960438e+01,1.951270e+01,1.968189e+01,1.956913e+01,1.962552e+01,1.960438e+01,1.958323e+01,1.954092e+01,1.951270e+01,1.952681e+01,1.933615e+01,1.941387e+01,1.935736e+01,1.927252e+01,1.925130e+01,1.930081e+01,1.923715e+01,1.901758e+01,1.909555e+01,1.910972e+01,1.906012e+01,1.900340e+01,1.901049e+01,1.891827e+01,1.896084e+01,1.893956e+01,1.892536e+01,1.889697e+01,1.893956e+01,1.872644e+01,1.854137e+01,1.839164e+01,1.854850e+01,1.836309e+01,1.838450e+01,1.851287e+01,1.819879e+01,1.840591e+01,1.822024e+01,1.839164e+01,1.847723e+01,1.847010e+01,1.848436e+01,1.847010e+01,1.888987e+01,1.876199e+01,1.856987e+01,1.876199e+01,1.906721e+01,1.956913e+01,1.978045e+01,1.992109e+01,2.000537e+01,1.999133e+01,1.994216e+01,2.011764e+01,2.013167e+01,2.004047e+01,2.003345e+01,2.006152e+01,2.013167e+01,1.999835e+01,2.000537e+01,2.000537e+01,1.998431e+01,1.999133e+01,2.003345e+01,2.001941e+01,2.001941e+01,2.004047e+01,2.001941e+01,2.003345e+01,1.999835e+01,1.994216e+01,2.008959e+01,1.996324e+01,1.994216e+01,1.999133e+01,1.996324e+01,2.003345e+01,2.008257e+01,2.004047e+01,1.998431e+01,2.001941e+01,2.005451e+01,2.004047e+01,2.004047e+01,2.004749e+01,1.994216e+01,2.001941e+01,2.008959e+01,2.000537e+01,2.008257e+01,2.009660e+01,2.004047e+01,2.022979e+01,2.012466e+01,2.007556e+01,2.012466e+01,2.014569e+01,2.011764e+01,2.023680e+01,2.006854e+01,2.013167e+01,2.005451e+01,2.001239e+01,2.007556e+01,2.025781e+01,2.014569e+01,2.016672e+01,2.018074e+01,2.017373e+01,2.014569e+01,2.013868e+01,2.012466e+01,2.014569e+01,2.014569e+01,2.024380e+01,2.025781e+01,2.015270e+01,2.024380e+01,2.023680e+01,2.024380e+01,2.045371e+01,2.027181e+01,2.021578e+01,2.001239e+01,1.959733e+01,1.927959e+01,1.927959e+01,1.920885e+01,1.935029e+01,1.922300e+01,1.917346e+01,1.927252e+01,1.944212e+01,1.945624e+01,1.973822e+01,1.973118e+01,1.997026e+01,2.006854e+01,2.023680e+01,2.055152e+01,2.056548e+01,2.052358e+01,2.053755e+01,2.044672e+01,2.050262e+01,2.044672e+01,2.051660e+01,2.050262e+01,2.049564e+01,2.055850e+01,2.053057e+01,2.055152e+01,2.047468e+01,2.054453e+01,2.057246e+01,2.059340e+01,2.061434e+01,2.053057e+01,2.062830e+01,2.051660e+01,2.048865e+01,2.057246e+01,2.055850e+01,2.060736e+01,2.054453e+01,2.053755e+01,2.043274e+01,2.063528e+01,2.064225e+01,2.057944e+01,2.060039e+01,2.069805e+01,2.076775e+01,2.055850e+01,2.054453e+01,2.048865e+01,2.056548e+01,2.051660e+01,2.055152e+01,2.046070e+01,2.043274e+01,2.042575e+01,2.053755e+01,2.053755e+01,2.051660e+01,2.050961e+01,2.047468e+01,2.050961e+01,2.046769e+01,2.044672e+01,2.056548e+01,2.051660e+01,2.053057e+01,2.053057e+01,2.053057e+01,2.052358e+01,2.042575e+01,2.053057e+01,2.043274e+01,2.043973e+01,2.050262e+01,2.042575e+01,2.043274e+01,2.040477e+01,2.040477e+01,2.043973e+01,2.036280e+01,2.036980e+01,2.029282e+01,2.034181e+01,2.030682e+01,2.025781e+01,2.045371e+01,2.035581e+01,2.039078e+01,2.032782e+01,2.028582e+01,2.025781e+01,2.027181e+01,2.024380e+01,2.025080e+01,2.016672e+01,2.019476e+01,2.041176e+01,2.015270e+01,2.013868e+01,2.014569e+01,2.012466e+01,2.006854e+01,2.013868e+01,2.015270e+01,2.012466e+01,2.012466e+01,2.015270e+01,2.029282e+01,2.032082e+01,2.018074e+01,2.033481e+01,2.019476e+01,2.030682e+01,2.032082e+01,2.031382e+01,2.037679e+01,2.036280e+01,2.038379e+01,2.041875e+01,2.037679e+01,2.041875e+01,2.040477e+01,2.039078e+01,2.043973e+01,2.046070e+01,2.047468e+01,2.046769e+01,2.048166e+01,2.056548e+01,2.053057e+01,2.041875e+01,2.040477e+01,2.053755e+01,2.065621e+01,2.052358e+01,2.043973e+01,2.045371e+01,2.043973e+01,2.035581e+01,2.048865e+01,2.052358e+01,2.035581e+01,2.042575e+01,2.039078e+01,2.044672e+01,2.040477e+01,2.045371e+01,2.046070e+01,2.041875e+01,2.045371e+01,2.046769e+01,2.055850e+01,2.060736e+01,2.057944e+01,2.039778e+01,2.053755e+01,2.055152e+01,2.049564e+01,2.045371e+01,2.046769e+01,2.047468e+01,2.047468e+01,2.043274e+01,2.051660e+01,2.043274e+01,2.055850e+01,2.048865e+01,2.058643e+01,2.062132e+01,2.065621e+01,2.070502e+01,2.087222e+01,2.088614e+01,2.092093e+01,2.083045e+01,2.083741e+01,2.088614e+01,2.075382e+01,2.079562e+01,2.092789e+01,2.094876e+01,2.083045e+01,2.123353e+01,2.093485e+01,2.082348e+01,2.090006e+01,2.083741e+01,2.090006e+01,2.088614e+01,2.092093e+01,2.083741e+01,2.087918e+01,2.094180e+01,2.102524e+01,2.092093e+01,2.083045e+01,2.087918e+01,2.085830e+01,2.081652e+01,2.115027e+01,2.083741e+01,2.107388e+01,2.099048e+01,2.086526e+01,2.090702e+01,2.096962e+01,2.093485e+01,2.115721e+01,2.087222e+01,2.112944e+01,2.098353e+01,2.087918e+01,2.094876e+01,2.097658e+01,2.093485e+01,2.090006e+01,2.085830e+01,2.090702e+01,2.105999e+01,2.102524e+01,2.092093e+01,2.099744e+01,2.094180e+01,2.097658e+01,2.087918e+01,2.095572e+01,2.085830e+01,2.097658e+01,2.095572e+01,2.094876e+01,2.093485e+01,2.085830e+01,2.106693e+01,2.089310e+01,2.087918e+01,2.096962e+01,2.094876e+01,2.101829e+01,2.092789e+01,2.090702e+01,2.093485e+01,2.091398e+01,2.094180e+01,2.097658e+01,2.096267e+01,2.092789e+01,2.096962e+01,2.093485e+01,2.099744e+01,2.092789e+01,2.097658e+01,2.096267e+01,2.096267e+01,2.095572e+01,2.073291e+01,2.094180e+01,2.096267e+01,2.095572e+01,2.098353e+01,2.093485e+01,2.089310e+01,2.087222e+01,2.090702e+01,2.085830e+01,2.078866e+01,2.075382e+01,2.094180e+01,2.090006e+01,2.066318e+01,2.090702e+01,2.095572e+01,2.096267e+01,2.085134e+01,2.070502e+01,2.090006e+01,2.087222e+01,2.092789e+01,2.080955e+01,2.096267e+01,2.115027e+01,2.112250e+01,2.126821e+01,2.140678e+01,2.137908e+01,2.133752e+01,2.142756e+01,2.137216e+01,2.140678e+01,2.141371e+01,2.140678e+01,2.142756e+01
2.082348e+01,2.081652e+01,2.082348e+01,2.058643e+01,2.067713e+01,2.077472e+01,2.080955e+01,2.083045e+01,2.103914e+01,2.079562e+01,2.076079e+01,2.077472e+01,2.073988e+01,2.067713e+01,2.062132e+01,2.083045e+01,2.071897e+01,2.072594e+01,2.073988e+01,2.079562e+01,2.068410e+01,2.083045e+01,2.082348e+01,2.060736e+01,2.075382e+01,2.090006e+01,2.074685e+01,2.075382e+01,2.073291e+01,2.078169e+01,2.080955e+01,2.075382e+01,2.085134e+01,2.081652e+01,2.077472e+01,2.070502e+01,2.066318e+01,2.083045e+01,2.074685e+01,2.065621e+01,2.070502e+01,2.084437e+01,2.077472e+01,2.076775e+01,2.103219e+01,2.093485e+01,2.071200e+01,2.074685e+01,2.072594e+01,2.067713e+01,2.073291e+01,2.069805e+01,2.068410e+01,2.074685e+01,2.080259e+01,2.071897e+01,2.072594e+01,2.078169e+01,2.074685e+01,2.072594e+01,2.072594e+01,2.072594e+01,2.075382e+01,2.074685e+01,2.067713e+01,2.076079e+01,2.071897e+01,2.074685e+01,2.082348e+01,2.062132e+01,2.072594e+01,2.076775e+01,2.069108e+01,2.072594e+01,2.067713e+01,2.070502e+01,2.071897e+01,2.071200e+01,2.071897e+01,2.056548e+01,2.071200e+01,2.068410e+01,2.071200e+01,2.071897e+01,2.073291e+01,2.067713e+01,2.087222e+01,2.076775e+01,2.067713e+01,2.056548e+01,2.069805e+01,2.069108e+01,2.080259e+01,2.076775e+01,2.078169e+01,2.073988e+01,2.078169e+01,2.076775e+01,2.079562e+01,2.066318e+01,2.071897e+01,2.072594e+01,2.060736e+01,2.073291e+01,2.059340e+01,2.060039e+01,2.059340e+01,2.059340e+01,2.058643e+01,2.062830e+01,2.068410e+01,2.067713e+01,2.064923e+01,2.068410e+01,2.056548e+01,2.070502e+01,2.069108e+01,2.070502e+01,2.071200e+01,2.071200e+01,2.088614e+01,2.077472e+01,2.092789e+01,2.076079e+01,2.073988e+01,2.073988e+01,2.065621e+01,2.058643e+01,2.080955e+01,2.085830e+01,2.069108e+01,2.076775e+01,2.070502e+01,2.067016e+01,2.066318e+01,2.088614e+01,2.069805e+01,2.067713e+01,2.067713e+01,2.070502e+01,2.071200e+01,2.074685e+01,2.081652e+01,2.080955e+01,2.071897e+01,2.073291e+01,2.067713e+01,2.070502e+01,2.067713e+01,2.075382e+01,2.064225e+01,2.072594e+01,2.069108e+01,2.073988e+01,2.058643e+01,2.061434e+01,2.060736e+01,2.058643e+01,2.056548e+01,2.065621e+01,2.071897e+01,2.062830e+01,2.043973e+01,2.067713e+01,2.058643e+01,2.071897e+01,2.072594e+01,2.064923e+01,2.050262e+01,2.055152e+01,2.058643e+01,2.056548e+01,2.057246e+01,2.055850e+01,2.062830e+01,2.053755e+01,2.043973e+01,2.034881e+01,2.034181e+01,2.037679e+01,2.043274e+01,2.041176e+01,2.029982e+01,2.006152e+01,2.011764e+01,1.985782e+01,1.989297e+01,1.971006e+01,1.980156e+01,1.978749e+01,1.975230e+01,1.977341e+01,1.966780e+01,1.969597e+01,1.964666e+01,1.963257e+01,1.966780e+01,1.965371e+01,1.968189e+01,1.979452e+01,1.964666e+01,1.964666e+01,1.963962e+01,1.978045e+01,1.973118e+01,1.971006e+01,1.975230e+01,1.971006e+01,1.971710e+01,1.956913e+01,1.973822e+01,1.966076e+01,1.978045e+01,1.969597e+01,1.967484e+01,1.972414e+01,1.968893e+01,1.961143e+01,1.966780e+01,1.963962e+01,1.961143e+01,1.968189e+01,1.950564e+01,1.954797e+01,1.956913e+01,1.951270e+01,1.963257e+01,1.956207e+01,1.951975e+01,1.939975e+01,1.947036e+01,1.930081e+01,1.925130e+01,1.931495e+01,1.920177e+01,1.929374e+01,1.900340e+01,1.921593e+01,1.916638e+01,1.901758e+01,1.905303e+01,1.893246e+01,1.898212e+01,1.899631e+01,1.894665e+01,1.895375e+01,1.886147e+01,1.886857e+01,1.883306e+01,1.879042e+01,1.857699e+01,1.837737e+01,1.842731e+01,1.834882e+01,1.822738e+01,1.819164e+01,1.813442e+01,1.812012e+01,1.819879e+01,1.822738e+01,1.825597e+01,1.827740e+01,1.845584e+01,1.845584e+01,1.847010e+01,1.849149e+01,1.864107e+01,1.874066e+01,1.933615e+01,1.980859e+01,1.993514e+01,1.996324e+01,1.995621e+01,1.998431e+01,1.999835e+01,2.001239e+01,1.994919e+01,2.008257e+01,2.008257e+01,2.001941e+01,2.004047e+01,2.003345e+01,2.004047e+01,2.011764e+01,2.003345e+01,1.999835e+01,2.006152e+01,2.001239e+01,2.010362e+01,1.968893e+01,2.000537e+01,1.996324e+01,2.004047e+01,2.004047e+01,2.005451e+01,1.997728e+01,2.001239e+01,2.005451e+01,2.013167e+01,2.012466e+01,1.998431e+01,1.997728e+01,1.997026e+01,2.002643e+01,1.995621e+01,1.998431e+01,1.999133e+01,2.006854e+01,2.003345e+01,2.004047e+01,1.991406e+01,2.008959e+01,2.005451e+01,2.007556e+01,2.005451e+01,2.004047e+01,2.006152e+01,2.007556e+01,2.015971e+01,2.011063e+01,2.024380e+01,2.006854e+01,2.001941e+01,2.004047e+01,2.009660e+01,2.009660e+01,2.010362e+01,2.011764e+01,2.015270e+01,2.013868e+01,2.018074e+01,2.018775e+01,2.015270e+01,2.013868e+01,2.020177e+01,2.011063e+01,2.020877e+01,2.027881e+01,2.025781e+01,2.025781e+01,2.028582e+01,2.026481e+01,2.029282e+01,2.023680e+01,2.026481e+01,1.992109e+01,1.959028e+01,1.934322e+01,1.920177e+01,1.927252e+01,1.932909e+01,1.921593e+01,1.911680e+01,1.939975e+01,1.935029e+01,1.954797e+01,1.965371e+01,1.970302e+01,1.997026e+01,2.005451e+01,2.024380e+01,2.056548e+01,2.042575e+01,2.057246e+01,2.050961e+01,2.053057e+01,2.047468e+01,2.050262e+01,2.043274e+01,2.054453e+01,2.055152e+01,2.050961e+01,2.048865e+01,2.050262e+01,2.061434e+01,2.050961e+01,2.058643e+01,2.047468e+01,2.054453e+01,2.053057e+01,2.064225e+01,2.062132e+01,2.051660e+01,2.068410e+01,2.062830e+01,2.066318e+01,2.053755e+01,2.062830e+01,2.044672e+01,2.065621e+01,2.083045e+01,2.081652e+01,2.060039e+01,2.074685e+01,2.072594e+01,2.057944e+01,2.051660e+01,2.062830e+01,2.051660e+01,2.055152e+01,2.053057e+01,2.057944e+01,2.055152e+01,2.055152e+01,2.046769e+01,2.049564e+01,2.051660e+01,2.048865e+01,2.049564e+01,2.060039e+01,2.056548e+01,2.057246e+01,2.060039e+01,2.057944e+01,2.046769e+01,2.053755e+01,2.048166e+01,2.050961e+01,2.050262e+01,2.045371e+01,2.058643e+01,2.046070e+01,2.045371e+01,2.064923e+01,2.042575e+01,2.043274e+01,2.044672e+01,2.040477e+01,2.041176e+01,2.031382e+01,2.043274e+01,2.031382e+01,2.045371e+01,2.032082e+01,2.044672e+01,2.031382e+01,2.027181e+01,2.025080e+01,2.026481e+01,2.026481e+01,2.009660e+01,2.015270e+01,2.018775e+01,2.036280e+01,2.029282e+01,2.028582e+01,2.014569e+01,2.017373e+01,2.014569e+01,2.018074e+01,2.017373e+01,2.008959e+01,2.020177e+01,2.014569e+01,2.018775e+01,2.008257e+01,2.024380e+01,2.025781e+01,2.026481e+01,2.029982e+01,2.034881e+01,2.031382e+01,2.034881e+01,2.041875e+01,2.034881e+01,2.038379e+01,2.042575e+01,2.038379e+01,2.042575e+01,2.046769e+01,2.045371e+01,2.043274e+01,2.054453e+01,2.039078e+01,2.040477e+01,2.048166e+01,2.054453e+01,2.052358e+01,2.066318e+01,2.058643e+01,2.050961e+01,2.043274e+01,2.042575e+01,2.043973e+01,2.053755e+01,2.047468e+01,2.051660e+01,2.050262e+01,2.032782e+01,2.041176e+01,2.037679e+01,2.044672e+01,2.039778e+01,2.046070e+01,2.046769e+01,2.045371e+01,2.043274e+01,2.040477e+01,2.028582e+01,2.046070e+01,2.053057e+01,2.047468e+01,2.061434e+01,2.050961e+01,2.046769e+01,2.048166e+01,2.043274e+01,2.037679e+01,2.048166e+01,2.047468e+01,2.048166e+01,2.048166e+01,2.048166e+01,2.044672e+01,2.055850e+01,2.053057e+01,2.056548e+01,2.053057e+01,2.059340e+01,2.082348e+01,2.061434e+01,2.083741e+01,2.077472e+01,2.081652e+01,2.078866e+01,2.089310e+01,2.082348e+01,2.090006e+01,2.082348e+01,2.083741e+01,2.084437e+01,2.086526e+01,2.080955e+01,2.083045e+01,2.081652e+01,2.084437e+01,2.082348e+01,2.082348e+01,2.076775e+01,2.094876e+01,2.076079e+01,2.083741e+01,2.082348e+01,2.083741e+01,2.089310e+01,2.085134e+01,2.089310e+01,2.099048e+01,2.098353e+01,2.090006e+01,2.091398e+01,2.083045e+01,2.088614e+01,2.101829e+01,2.080259e+01,2.089310e+01,2.090702e+01,2.088614e+01,2.097658e+01,2.104609e+01,2.086526e+01,2.092093e+01,2.081652e+01,2.085134e+01,2.105999e+01,2.085830e+01,2.094180e+01,2.086526e+01,2.090006e+01,2.079562e+01,2.092789e+01,2.099048e+01,2.098353e+01,2.094876e+01,2.094180e+01,2.094876e+01,2.094180e+01,2.078866e+01,2.094876e+01,2.092789e+01,2.087222e+01,2.088614e+01,2.101134e+01,2.087918e+01,2.096267e+01,2.096267e+01,2.095572e+01,2.095572e+01,2.092093e+01,2.095572e+01,2.087918e+01,2.085830e+01,2.094876e+01,2.091398e+01,2.111555e+01,2.095572e+01,2.083045e+01,2.111555e+01,2.094876e+01,2.108083e+01,2.085830e+01,2.094180e+01,2.096267e+01,2.095572e+01,2.093485e+01,2.095572e+01,2.094180e+01,2.107388e+01,2.092093e+01,2.091398e+01,2.088614e+01,2.083045e+01,2.083741e+01,2.085134e+01,2.085134e+01,2.085830e+01,2.092093e+01,2.085134e+01,2.085830e+01,2.080955e+01,2.095572e+01,2.082348e+01,2.083045e+01,2.086526e+01,2.082348e+01,2.089310e+01,2.103219e+01,2.119191e+01,2.119885e+01,2.121272e+01,2.126127e+01,2.135138e+01,2.137908e+01,2.146216e+01,2.143448e+01,2.130980e+01,2.135830e+01,2.150368e+01,2.148292e+01,2.143448e+01
2.064923e+01,2.056548e+01,2.082348e+01,2.078866e+01,2.073988e+01,2.060039e+01,2.074685e+01,2.072594e+01,2.073291e+01,2.075382e+01,2.069805e+01,2.079562e+01,2.067016e+01,2.087222e+01,2.079562e+01,2.070502e+01,2.081652e+01,2.076775e+01,2.071200e+01,2.085830e+01,2.078169e+01,2.062830e+01,2.078169e+01,2.076775e+01,2.073988e+01,2.066318e+01,2.068410e+01,2.073988e+01,2.071897e+01,2.077472e+01,2.078866e+01,2.073291e+01,2.096267e+01,2.090702e+01,2.064923e+01,2.077472e+01,2.078169e+01,2.076775e+01,2.076775e+01,2.060039e+01,2.072594e+01,2.073988e+01,2.073291e+01,2.083045e+01,2.100439e+01,2.083741e+01,2.080955e+01,2.069108e+01,2.081652e+01,2.081652e+01,2.067713e+01,2.073988e+01,2.078866e+01,2.075382e+01,2.096267e+01,2.076775e+01,2.080955e+01,2.075382e+01,2.076079e+01,2.073291e+01,2.073988e+01,2.061434e+01,2.070502e+01,2.068410e+01,2.060039e+01,2.076775e+01,2.067713e+01,2.073291e+01,2.062830e+01,2.060736e+01,2.068410e+01,2.069805e+01,2.076079e+01,2.078866e+01,2.064923e+01,2.071897e+01,2.069805e+01,2.066318e+01,2.055152e+01,2.069108e+01,2.057944e+01,2.076775e+01,2.073988e+01,2.075382e+01,2.069108e+01,2.062830e+01,2.068410e+01,2.061434e+01,2.069805e+01,2.066318e+01,2.069108e+01,2.073988e+01,2.092093e+01,2.065621e+01,2.066318e+01,2.076775e+01,2.060736e+01,2.060736e+01,2.060736e+01,2.073988e+01,2.076775e+01,2.064225e+01,2.065621e+01,2.061434e+01,2.064225e+01,2.066318e+01,2.070502e+01,2.068410e+01,2.062132e+01,2.064923e+01,2.070502e+01,2.069108e+01,2.065621e+01,2.069805e+01,2.067016e+01,2.071897e+01,2.074685e+01,2.067713e+01,2.067016e+01,2.063528e+01,2.076079e+01,2.075382e+01,2.076775e+01,2.094876e+01,2.073988e+01,2.067713e+01,2.070502e+01,2.065621e+01,2.060039e+01,2.050961e+01,2.050961e+01,2.064225e+01,2.078169e+01,2.080259e+01,2.063528e+01,2.065621e+01,2.067713e+01,2.065621e+01,2.065621e+01,2.065621e+01,2.064923e+01,2.064923e+01,2.073291e+01,2.064923e+01,2.072594e+01,2.083741e+01,2.073291e+01,2.065621e+01,2.065621e+01,2.072594e+01,2.064923e+01,2.071200e+01,2.075382e+01,2.083741e+01,2.084437e+01,2.061434e+01,2.062132e+01,2.064923e+01,2.057944e+01,2.063528e+01,2.064923e+01,2.059340e+01,2.068410e+01,2.040477e+01,2.049564e+01,2.069805e+01,2.045371e+01,2.060039e+01,2.057246e+01,2.039778e+01,2.060736e+01,2.055850e+01,2.056548e+01,2.058643e+01,2.048865e+01,2.048166e+01,2.039778e+01,2.043973e+01,2.038379e+01,2.034881e+01,2.031382e+01,2.038379e+01,2.034181e+01,2.029982e+01,1.985782e+01,1.986485e+01,1.976638e+01,1.963257e+01,1.973822e+01,1.979452e+01,1.971006e+01,1.971006e+01,1.973118e+01,1.964666e+01,1.968189e+01,1.969597e+01,1.963962e+01,1.963257e+01,1.970302e+01,1.963962e+01,1.975230e+01,1.968893e+01,1.974526e+01,1.961143e+01,1.969597e+01,1.970302e+01,1.957618e+01,1.966076e+01,1.961143e+01,1.956207e+01,1.954092e+01,1.958323e+01,1.957618e+01,1.961143e+01,1.960438e+01,1.962552e+01,1.964666e+01,1.957618e+01,1.954797e+01,1.954092e+01,1.964666e+01,1.950564e+01,1.939975e+01,1.948447e+01,1.939268e+01,1.935736e+01,1.941387e+01,1.942093e+01,1.947036e+01,1.936442e+01,1.938562e+01,1.933615e+01,1.947036e+01,1.931495e+01,1.935736e+01,1.936442e+01,1.917346e+01,1.920177e+01,1.930081e+01,1.920885e+01,1.903176e+01,1.905303e+01,1.900340e+01,1.898922e+01,1.898212e+01,1.897503e+01,1.895375e+01,1.893956e+01,1.881174e+01,1.890407e+01,1.883306e+01,1.874066e+01,1.852712e+01,1.825597e+01,1.819879e+01,1.822024e+01,1.814873e+01,1.809149e+01,1.805570e+01,1.808433e+01,1.802705e+01,1.792674e+01,1.822024e+01,1.808433e+01,1.822738e+01,1.824168e+01,1.825597e+01,1.854137e+01,1.923008e+01,1.979452e+01,1.995621e+01,1.997728e+01,1.993514e+01,1.996324e+01,1.994216e+01,1.997728e+01,1.990000e+01,1.992811e+01,1.990000e+01,2.003345e+01,1.999835e+01,2.001239e+01,2.000537e+01,1.993514e+01,1.994216e+01,1.997026e+01,2.003345e+01,1.993514e+01,2.001239e+01,1.994216e+01,1.999133e+01,1.994216e+01,1.994216e+01,2.006854e+01,1.996324e+01,1.996324e+01,1.997728e+01,1.998431e+01,1.998431e+01,1.994216e+01,1.996324e+01,1.989297e+01,1.997026e+01,1.994216e+01,1.999835e+01,1.989297e+01,1.992109e+01,1.992109e+01,1.992811e+01,1.997728e+01,1.997728e+01,2.004749e+01,2.005451e+01,2.008257e+01,2.000537e+01,2.006854e+01,2.010362e+01,2.012466e+01,2.001239e+01,2.010362e+01,2.001941e+01,2.004047e+01,1.998431e+01,2.001239e+01,2.003345e+01,2.006152e+01,2.012466e+01,2.008257e+01,2.007556e+01,2.009660e+01,2.013167e+01,2.013868e+01,2.007556e+01,2.015971e+01,2.026481e+01,2.022278e+01,2.024380e+01,2.035581e+01,2.022278e+01,2.022979e+01,2.025080e+01,2.025781e+01,2.026481e+01,2.045371e+01,2.020877e+01,1.986485e+01,1.956913e+01,1.929374e+01,1.921593e+01,1.920885e+01,1.911680e+01,1.915222e+01,1.918054e+01,1.937149e+01,1.939268e+01,1.939268e+01,1.947036e+01,1.970302e+01,1.971710e+01,1.999133e+01,2.018775e+01,2.043274e+01,2.034881e+01,2.044672e+01,2.046070e+01,2.046769e+01,2.040477e+01,2.049564e+01,2.057246e+01,2.057246e+01,2.055850e+01,2.042575e+01,2.047468e+01,2.032782e+01,2.052358e+01,2.050961e+01,2.057246e+01,2.035581e+01,2.051660e+01,2.047468e+01,2.058643e+01,2.047468e+01,2.060039e+01,2.057944e+01,2.063528e+01,2.055152e+01,2.066318e+01,2.066318e+01,2.063528e+01,2.060039e+01,2.059340e+01,2.039078e+01,2.043274e+01,2.064225e+01,2.059340e+01,2.061434e+01,2.053755e+01,2.058643e+01,2.055850e+01,2.051660e+01,2.056548e+01,2.053755e+01,2.055850e+01,2.053057e+01,2.055152e+01,2.054453e+01,2.051660e+01,2.053755e+01,2.039078e+01,2.053057e+01,2.056548e+01,2.057246e+01,2.062132e+01,2.050961e+01,2.050262e+01,2.054453e+01,2.048865e+01,2.046769e+01,2.049564e+01,2.046769e+01,2.045371e+01,2.046070e+01,2.043973e+01,2.041875e+01,2.053057e+01,2.042575e+01,2.046070e+01,2.043973e+01,2.042575e+01,2.041875e+01,2.034881e+01,2.036280e+01,2.038379e+01,2.043973e+01,2.038379e+01,2.036980e+01,2.022979e+01,2.025080e+01,2.031382e+01,2.026481e+01,2.020177e+01,2.028582e+01,2.032782e+01,2.013868e+01,2.010362e+01,2.026481e+01,2.021578e+01,2.009660e+01,2.013167e+01,2.019476e+01,2.010362e+01,2.011764e+01,2.006854e+01,2.020877e+01,2.013167e+01,2.022278e+01,2.020877e+01,2.018775e+01,2.032082e+01,2.034181e+01,2.024380e+01,2.027881e+01,2.025080e+01,2.034881e+01,2.044672e+01,2.039778e+01,2.035581e+01,2.045371e+01,2.039778e+01,2.034881e+01,2.052358e+01,2.037679e+01,2.045371e+01,2.039078e+01,2.049564e+01,2.041875e+01,2.038379e+01,2.048865e+01,2.039778e+01,2.043274e+01,2.035581e+01,2.049564e+01,2.044672e+01,2.041875e+01,2.042575e+01,2.039778e+01,2.048865e+01,2.038379e+01,2.050262e+01,2.053057e+01,2.037679e+01,2.048166e+01,2.038379e+01,2.046769e+01,2.042575e+01,2.043274e+01,2.039078e+01,2.045371e+01,2.029282e+01,2.032082e+01,2.048865e+01,2.050262e+01,2.040477e+01,2.046070e+01,2.047468e+01,2.041875e+01,2.051660e+01,2.053057e+01,2.043274e+01,2.062132e+01,2.049564e+01,2.048166e+01,2.046070e+01,2.046769e+01,2.053057e+01,2.054453e+01,2.060736e+01,2.046769e+01,2.049564e+01,2.060736e+01,2.068410e+01,2.085830e+01,2.083741e+01,2.086526e+01,2.083741e+01,2.080955e+01,2.087222e+01,2.079562e+01,2.085134e+01,2.085830e+01,2.085134e+01,2.085830e+01,2.083045e+01,2.088614e+01,2.085134e+01,2.075382e+01,2.085134e+01,2.091398e+01,2.080259e+01,2.085134e+01,2.085830e+01,2.091398e+01,2.078169e+01,2.078169e+01,2.072594e+01,2.090006e+01,2.088614e+01,2.090702e+01,2.086526e+01,2.085134e+01,2.090006e+01,2.087918e+01,2.083045e+01,2.087918e+01,2.081652e+01,2.083045e+01,2.086526e+01,2.085830e+01,2.090006e+01,2.087222e+01,2.089310e+01,2.092789e+01,2.085830e+01,2.090006e+01,2.088614e+01,2.101829e+01,2.085134e+01,2.096267e+01,2.080955e+01,2.088614e+01,2.088614e+01,2.093485e+01,2.092093e+01,2.092789e+01,2.086526e+01,2.092789e+01,2.094180e+01,2.094180e+01,2.107388e+01,2.095572e+01,2.090006e+01,2.108777e+01,2.087222e+01,2.094876e+01,2.093485e+01,2.100439e+01,2.099744e+01,2.091398e+01,2.086526e+01,2.091398e+01,2.080955e+01,2.091398e+01,2.105999e+01,2.087918e+01,2.096267e+01,2.103914e+01,2.103219e+01,2.108777e+01,2.083741e+01,2.094876e+01,2.093485e+01,2.095572e+01,2.076775e+01,2.095572e+01,2.075382e+01,2.091398e+01,2.108777e+01,2.086526e+01,2.085134e+01,2.088614e+01,2.087918e+01,2.087918e+01,2.082348e+01,2.079562e+01,2.073291e+01,2.092093e+01,2.075382e+01,2.083741e+01,2.087222e+01,2.094876e+01,2.096267e+01,2.094876e+01,2.092789e+01,2.094876e+01,2.090702e+01,2.090702e+01,2.099048e+01,2.105999e+01,2.124047e+01,2.115027e+01,2.105304e+01,2.115027e+01,2.133059e+01,2.131673e+01,2.142756e+01,2.138601e+01,2.137908e+01,2.133752e+01,2.139986e+01,2.135830e+01
2.087222e+01,2.087222e+01,2.085830e+01,2.082348e+01,2.076775e+01,2.076775e+01,2.073291e+01,2.073988e+01,2.071897e+01,2.071897e+01,2.075382e+01,2.064923e+01,2.077472e+01,2.080955e+01,2.083045e+01,2.084437e+01,2.071200e+01,2.071200e+01,2.069805e+01,2.071200e+01,2.079562e+01,2.062132e+01,2.080955e+01,2.079562e+01,2.071897e+01,2.067713e+01,2.072594e+01,2.076079e+01,2.071200e+01,2.076079e+01,2.072594e+01,2.085134e+01,2.087222e+01,2.082348e+01,2.073988e+01,2.077472e+01,2.090702e+01,2.089310e+01,2.080955e+01,2.060736e+01,2.077472e+01,2.077472e+01,2.083741e+01,2.070502e+01,2.071200e+01,2.094876e+01,2.069108e+01,2.083045e+01,2.083045e+01,2.083045e+01,2.067713e+01,2.076079e+01,2.075382e+01,2.067016e+01,2.076775e+01,2.076775e+01,2.076775e+01,2.074685e+01,2.074685e+01,2.078866e+01,2.071897e+01,2.073291e+01,2.071200e+01,2.073988e+01,2.071897e+01,2.077472e+01,2.080259e+01,2.070502e+01,2.073291e+01,2.061434e+01,2.064923e+01,2.062830e+01,2.068410e+01,2.075382e+01,2.087918e+01,2.068410e+01,2.066318e+01,2.064923e+01,2.071897e+01,2.071897e+01,2.066318e+01,2.073988e+01,2.067016e+01,2.064225e+01,2.060736e+01,2.071897e+01,2.069805e+01,2.060039e+01,2.069805e+01,2.061434e+01,2.055152e+01,2.070502e+01,2.073988e+01,2.069108e+01,2.062830e+01,2.071897e+01,2.075382e+01,2.069805e+01,2.076775e+01,2.065621e+01,2.062830e+01,2.070502e+01,2.067713e+01,2.065621e+01,2.069805e+01,2.067713e+01,2.073291e+01,2.069805e+01,2.062132e+01,2.065621e+01,2.079562e+01,2.071897e+01,2.064923e+01,2.068410e+01,2.069805e+01,2.067713e+01,2.073291e+01,2.067016e+01,2.080259e+01,2.082348e+01,2.080955e+01,2.076775e+01,2.064923e+01,2.080955e+01,2.059340e+01,2.074685e+01,2.078169e+01,2.076079e+01,2.067713e+01,2.073291e+01,2.055152e+01,2.076079e+01,2.069805e+01,2.066318e+01,2.067016e+01,2.066318e+01,2.067713e+01,2.071897e+01,2.073291e+01,2.079562e+01,2.062830e+01,2.072594e+01,2.060039e+01,2.059340e+01,2.064923e+01,2.071200e+01,2.067713e+01,2.075382e+01,2.062830e+01,2.071200e+01,2.061434e+01,2.069108e+01,2.067713e+01,2.060039e+01,2.060736e+01,2.064923e+01,2.061434e+01,2.065621e+01,2.057246e+01,2.051660e+01,2.058643e+01,2.054453e+01,2.062132e+01,2.051660e+01,2.050961e+01,2.059340e+01,2.047468e+01,2.069108e+01,2.053057e+01,2.054453e+01,2.062132e+01,2.055152e+01,2.061434e+01,2.051660e+01,2.056548e+01,2.041875e+01,2.036980e+01,2.051660e+01,2.037679e+01,2.041176e+01,2.038379e+01,2.036280e+01,2.038379e+01,2.032082e+01,2.009660e+01,1.980156e+01,1.976638e+01,1.968189e+01,1.978045e+01,1.973822e+01,1.976638e+01,1.973118e+01,1.975230e+01,1.966780e+01,1.968893e+01,1.966780e+01,1.966076e+01,1.963257e+01,1.963257e+01,1.966780e+01,1.952681e+01,1.960438e+01,1.975934e+01,1.973822e+01,1.974526e+01,1.965371e+01,1.974526e+01,1.965371e+01,1.964666e+01,1.965371e+01,1.962552e+01,1.966076e+01,1.964666e+01,1.962552e+01,1.964666e+01,1.956913e+01,1.959733e+01,1.962552e+01,1.954797e+01,1.964666e+01,1.966780e+01,1.954797e+01,1.944918e+01,1.946330e+01,1.951270e+01,1.944918e+01,1.937149e+01,1.950564e+01,1.945624e+01,1.937149e+01,1.932909e+01,1.939268e+01,1.933615e+01,1.928667e+01,1.937855e+01,1.940681e+01,1.914513e+01,1.937855e+01,1.918761e+01,1.924423e+01,1.921593e+01,1.918761e+01,1.905303e+01,1.897503e+01,1.896084e+01,1.889697e+01,1.894665e+01,1.897503e+01,1.896084e+01,1.869088e+01,1.888987e+01,1.880464e+01,1.879042e+01,1.850574e+01,1.848436e+01,1.832026e+01,1.817734e+01,1.798407e+01,1.786937e+01,1.789088e+01,1.820594e+01,1.797691e+01,1.795541e+01,1.796258e+01,1.801273e+01,1.784067e+01,1.814873e+01,1.817734e+01,1.884016e+01,1.973822e+01,1.990000e+01,1.996324e+01,1.997728e+01,1.994216e+01,1.997026e+01,1.999835e+01,1.990000e+01,1.990703e+01,1.993514e+01,2.002643e+01,1.997728e+01,1.999133e+01,2.010362e+01,2.010362e+01,1.987892e+01,1.991406e+01,1.990000e+01,1.997728e+01,1.989297e+01,2.013167e+01,1.995621e+01,2.001941e+01,1.999133e+01,1.997026e+01,1.995621e+01,2.006854e+01,1.990000e+01,2.007556e+01,1.991406e+01,1.988594e+01,1.999133e+01,1.996324e+01,1.982266e+01,1.996324e+01,2.001941e+01,2.004749e+01,1.991406e+01,1.995621e+01,1.999133e+01,1.994216e+01,2.001941e+01,2.003345e+01,2.006152e+01,2.008257e+01,2.005451e+01,2.006152e+01,2.009660e+01,2.008959e+01,2.008257e+01,2.012466e+01,2.016672e+01,2.006152e+01,2.008959e+01,2.001239e+01,2.002643e+01,2.008959e+01,2.006854e+01,2.011764e+01,2.008959e+01,2.018775e+01,2.011063e+01,2.015971e+01,2.015971e+01,2.015270e+01,2.023680e+01,2.020177e+01,2.013167e+01,2.020877e+01,2.020877e+01,2.022278e+01,2.024380e+01,2.025080e+01,2.019476e+01,2.024380e+01,2.020177e+01,2.018074e+01,1.954092e+01,1.920885e+01,1.920177e+01,1.922300e+01,1.919469e+01,1.918761e+01,1.916638e+01,1.935736e+01,1.932202e+01,1.932909e+01,1.950564e+01,1.957618e+01,1.962552e+01,1.993514e+01,1.995621e+01,2.033481e+01,2.047468e+01,2.050961e+01,2.056548e+01,2.041176e+01,2.053755e+01,2.055152e+01,2.038379e+01,2.055850e+01,2.049564e+01,2.055850e+01,2.054453e+01,2.048865e+01,2.055152e+01,2.056548e+01,2.053057e+01,2.060039e+01,2.057246e+01,2.060736e+01,2.057246e+01,2.053057e+01,2.055850e+01,2.064923e+01,2.068410e+01,2.042575e+01,2.062132e+01,2.060736e+01,2.061434e+01,2.060039e+01,2.061434e+01,2.037679e+01,2.058643e+01,2.066318e+01,2.057944e+01,2.050262e+01,2.052358e+01,2.055152e+01,2.057944e+01,2.054453e+01,2.050961e+01,2.050262e+01,2.046769e+01,2.052358e+01,2.058643e+01,2.053057e+01,2.052358e+01,2.057246e+01,2.060039e+01,2.057944e+01,2.055152e+01,2.052358e+01,2.057944e+01,2.055152e+01,2.059340e+01,2.049564e+01,2.044672e+01,2.055152e+01,2.055152e+01,2.063528e+01,2.048166e+01,2.046769e+01,2.043274e+01,2.040477e+01,2.043274e+01,2.053755e+01,2.043973e+01,2.044672e+01,2.038379e+01,2.036280e+01,2.037679e+01,2.042575e+01,2.034181e+01,2.025080e+01,2.034881e+01,2.028582e+01,2.027881e+01,2.029982e+01,2.026481e+01,2.027181e+01,2.029282e+01,2.028582e+01,2.022979e+01,2.020177e+01,2.034181e+01,2.029282e+01,2.030682e+01,2.020877e+01,2.020877e+01,2.020177e+01,2.020877e+01,2.017373e+01,2.025781e+01,2.021578e+01,2.022979e+01,2.024380e+01,2.027881e+01,2.023680e+01,2.041875e+01,2.026481e+01,2.034881e+01,2.044672e+01,2.029282e+01,2.053057e+01,2.047468e+01,2.043973e+01,2.039778e+01,2.036280e+01,2.044672e+01,2.040477e+01,2.045371e+01,2.050961e+01,2.048865e+01,2.052358e+01,2.050961e+01,2.053057e+01,2.035581e+01,2.038379e+01,2.036280e+01,2.045371e+01,2.040477e+01,2.053057e+01,2.055850e+01,2.071200e+01,2.041176e+01,2.044672e+01,2.047468e+01,2.049564e+01,2.048166e+01,2.040477e+01,2.051660e+01,2.043973e+01,2.046070e+01,2.050961e+01,2.044672e+01,2.041875e+01,2.041875e+01,2.041875e+01,2.040477e+01,2.041875e+01,2.053755e+01,2.047468e+01,2.049564e+01,2.050262e+01,2.057944e+01,2.051660e+01,2.048166e+01,2.048865e+01,2.050262e+01,2.053057e+01,2.043973e+01,2.051660e+01,2.047468e+01,2.048166e+01,2.048865e+01,2.053057e+01,2.052358e+01,2.041875e+01,2.057246e+01,2.058643e+01,2.061434e+01,2.085830e+01,2.083741e+01,2.087918e+01,2.078169e+01,2.087222e+01,2.088614e+01,2.085830e+01,2.085830e+01,2.097658e+01,2.089310e+01,2.080955e+01,2.092789e+01,2.083741e+01,2.085830e+01,2.086526e+01,2.096267e+01,2.086526e+01,2.110166e+01,2.090006e+01,2.090702e+01,2.091398e+01,2.087918e+01,2.093485e+01,2.092789e+01,2.090006e+01,2.089310e+01,2.087918e+01,2.090702e+01,2.094180e+01,2.097658e+01,2.095572e+01,2.090702e+01,2.087918e+01,2.083741e+01,2.095572e+01,2.096962e+01,2.098353e+01,2.108083e+01,2.091398e+01,2.088614e+01,2.088614e+01,2.088614e+01,2.094876e+01,2.099744e+01,2.086526e+01,2.085830e+01,2.096267e+01,2.089310e+01,2.091398e+01,2.101829e+01,2.091398e+01,2.086526e+01,2.087918e+01,2.093485e+01,2.080259e+01,2.090702e+01,2.090006e+01,2.094180e+01,2.096962e+01,2.091398e+01,2.081652e+01,2.087918e+01,2.091398e+01,2.094180e+01,2.103914e+01,2.092093e+01,2.105999e+01,2.093485e+01,2.092789e+01,2.080955e+01,2.105999e+01,2.085134e+01,2.097658e+01,2.107388e+01,2.087918e+01,2.090702e+01,2.103219e+01,2.098353e+01,2.086526e+01,2.085134e+01,2.092789e+01,2.092093e+01,2.097658e+01,2.092789e+01,2.094180e+01,2.092789e+01,2.112250e+01,2.093485e+01,2.087222e+01,2.088614e+01,2.087222e+01,2.085830e+01,2.083741e+01,2.079562e+01,2.093485e+01,2.085134e+01,2.084437e+01,2.092093e+01,2.090702e+01,2.085830e+01,2.087222e+01,2.092789e+01,2.079562e+01,2.099048e+01,2.096962e+01,2.100439e+01,2.115027e+01,2.105999e+01,2.110166e+01,2.125434e+01,2.129594e+01,2.136523e+01,2.130980e+01,2.139293e+01,2.144140e+01,2.126821e+01,2.140678e+01,2.137908e+01,2.135830e+01
2.087918e+01,2.073988e+01,2.080259e+01,2.080955e+01,2.071200e+01,2.070502e+01,2.071200e+01,2.071897e+01,2.073291e+01,2.074685e+01,2.069805e+01,2.071200e+01,2.063528e+01,2.078169e+01,2.082348e+01,2.082348e+01,2.074685e+01,2.068410e+01,2.078866e+01,2.069805e+01,2.068410e+01,2.075382e+01,2.063528e+01,2.072594e+01,2.071200e+01,2.065621e+01,2.072594e+01,2.069805e+01,2.079562e+01,2.081652e+01,2.064225e+01,2.077472e+01,2.071897e+01,2.070502e+01,2.071200e+01,2.071200e+01,2.067713e+01,2.073988e+01,2.061434e+01,2.059340e+01,2.062132e+01,2.085134e+01,2.073988e+01,2.076775e+01,2.075382e+01,2.073988e+01,2.073988e+01,2.060736e+01,2.076775e+01,2.079562e+01,2.063528e+01,2.077472e+01,2.088614e+01,2.083741e+01,2.058643e+01,2.069108e+01,2.071200e+01,2.080259e+01,2.080955e+01,2.077472e+01,2.071897e+01,2.064225e+01,2.059340e+01,2.070502e+01,2.067713e+01,2.063528e+01,2.063528e+01,2.073988e+01,2.062132e+01,2.060736e+01,2.060039e+01,2.060039e+01,2.071897e+01,2.076079e+01,2.066318e+01,2.072594e+01,2.073988e+01,2.071897e+01,2.065621e+01,2.071897e+01,2.074685e+01,2.068410e+01,2.062132e+01,2.071200e+01,2.064923e+01,2.064225e+01,2.067713e+01,2.068410e+01,2.068410e+01,2.069108e+01,2.069805e+01,2.069805e+01,2.068410e+01,2.076775e+01,2.064225e+01,2.080955e+01,2.066318e+01,2.078169e+01,2.073291e+01,2.064923e+01,2.057944e+01,2.068410e+01,2.047468e+01,2.065621e+01,2.065621e+01,2.064923e+01,2.068410e+01,2.069805e+01,2.062132e+01,2.059340e+01,2.057944e+01,2.069108e+01,2.056548e+01,2.053755e+01,2.062830e+01,2.065621e+01,2.068410e+01,2.065621e+01,2.069108e+01,2.078169e+01,2.072594e+01,2.074685e+01,2.068410e+01,2.058643e+01,2.064923e+01,2.062830e+01,2.057944e+01,2.063528e+01,2.062830e+01,2.068410e+01,2.071200e+01,2.036980e+01,2.069108e+01,2.067713e+01,2.069108e+01,2.067016e+01,2.067016e+01,2.064923e+01,2.066318e+01,2.089310e+01,2.069108e+01,2.063528e+01,2.068410e+01,2.070502e+01,2.069108e+01,2.072594e+01,2.071897e+01,2.067713e+01,2.073988e+01,2.069805e+01,2.053057e+01,2.062830e+01,2.067016e+01,2.061434e+01,2.061434e+01,2.063528e+01,2.064225e+01,2.060736e+01,2.064923e+01,2.060039e+01,2.055152e+01,2.042575e+01,2.043973e+01,2.053057e+01,2.052358e+01,2.061434e+01,2.059340e+01,2.046769e+01,2.050262e+01,2.050961e+01,2.055850e+01,2.055850e+01,2.051660e+01,2.052358e+01,2.051660e+01,2.046070e+01,2.043973e+01,2.036280e+01,2.039078e+01,2.038379e+01,2.038379e+01,2.036280e+01,2.019476e+01,2.027181e+01,2.002643e+01,1.985079e+01,1.979452e+01,1.965371e+01,1.963962e+01,1.967484e+01,1.975230e+01,1.975934e+01,1.961143e+01,1.970302e+01,1.963257e+01,1.968189e+01,1.965371e+01,1.965371e+01,1.974526e+01,1.968189e+01,1.966076e+01,1.961143e+01,1.963257e+01,1.963257e+01,1.975934e+01,1.969597e+01,1.970302e+01,1.969597e+01,1.963962e+01,1.967484e+01,1.968893e+01,1.965371e+01,1.966780e+01,1.960438e+01,1.961143e+01,1.963257e+01,1.956913e+01,1.961847e+01,1.961847e+01,1.951270e+01,1.935029e+01,1.966076e+01,1.942800e+01,1.947036e+01,1.941387e+01,1.963962e+01,1.952681e+01,1.949859e+01,1.945624e+01,1.943506e+01,1.954797e+01,1.947742e+01,1.939975e+01,1.935736e+01,1.942800e+01,1.938562e+01,1.939268e+01,1.918761e+01,1.918761e+01,1.920885e+01,1.923008e+01,1.915930e+01,1.915930e+01,1.893956e+01,1.891117e+01,1.912389e+01,1.898922e+01,1.906012e+01,1.889697e+01,1.887567e+01,1.888277e+01,1.871933e+01,1.877621e+01,1.884016e+01,1.876910e+01,1.849861e+01,1.844871e+01,1.811296e+01,1.793391e+01,1.788371e+01,1.786937e+01,1.789806e+01,1.780478e+01,1.760359e+01,1.776889e+01,1.785502e+01,1.781196e+01,1.802705e+01,1.875488e+01,1.954092e+01,1.983673e+01,1.986485e+01,1.988594e+01,1.984376e+01,1.986485e+01,1.994919e+01,1.987189e+01,1.981563e+01,1.992811e+01,1.993514e+01,1.999835e+01,1.993514e+01,1.995621e+01,2.002643e+01,1.996324e+01,1.985782e+01,1.996324e+01,1.986485e+01,1.992811e+01,1.992811e+01,1.994919e+01,1.999133e+01,1.999133e+01,1.994919e+01,1.994216e+01,1.994919e+01,1.983673e+01,1.994216e+01,1.991406e+01,1.990703e+01,1.997026e+01,1.998431e+01,2.006854e+01,2.000537e+01,1.987892e+01,2.001239e+01,1.996324e+01,1.994919e+01,2.001941e+01,2.002643e+01,2.005451e+01,1.995621e+01,1.999835e+01,2.007556e+01,2.006854e+01,2.005451e+01,2.008257e+01,2.006854e+01,2.011063e+01,2.017373e+01,2.008257e+01,2.003345e+01,1.991406e+01,2.001941e+01,1.998431e+01,2.011764e+01,2.009660e+01,2.008959e+01,2.011063e+01,2.013167e+01,2.018775e+01,2.011764e+01,2.013167e+01,2.010362e+01,2.018074e+01,2.015971e+01,2.015971e+01,2.018074e+01,2.018775e+01,2.029282e+01,2.026481e+01,2.025080e+01,2.022979e+01,2.026481e+01,2.021578e+01,1.994919e+01,1.948447e+01,1.935029e+01,1.921593e+01,1.920177e+01,1.922300e+01,1.920885e+01,1.920885e+01,1.920885e+01,1.928667e+01,1.942093e+01,1.930788e+01,1.957618e+01,1.973118e+01,1.985079e+01,1.993514e+01,2.017373e+01,2.036980e+01,2.039778e+01,2.050961e+01,2.050961e+01,2.054453e+01,2.046070e+01,2.036980e+01,2.049564e+01,2.046070e+01,2.048865e+01,2.045371e+01,2.039078e+01,2.050961e+01,2.054453e+01,2.059340e+01,2.055152e+01,2.063528e+01,2.050262e+01,2.050961e+01,2.057246e+01,2.057246e+01,2.051660e+01,2.058643e+01,2.055152e+01,2.041875e+01,2.049564e+01,2.060736e+01,2.060039e+01,2.061434e+01,2.057944e+01,2.062132e+01,2.056548e+01,2.055850e+01,2.067016e+01,2.056548e+01,2.053755e+01,2.061434e+01,2.053755e+01,2.050262e+01,2.053057e+01,2.049564e+01,2.047468e+01,2.050262e+01,2.036280e+01,2.053057e+01,2.054453e+01,2.050961e+01,2.055850e+01,2.057246e+01,2.053057e+01,2.060736e+01,2.050961e+01,2.052358e+01,2.065621e+01,2.055152e+01,2.054453e+01,2.059340e+01,2.067713e+01,2.061434e+01,2.058643e+01,2.043274e+01,2.054453e+01,2.050262e+01,2.040477e+01,2.052358e+01,2.050961e+01,2.051660e+01,2.030682e+01,2.037679e+01,2.040477e+01,2.029282e+01,2.034181e+01,2.020877e+01,2.032782e+01,2.028582e+01,2.029282e+01,2.021578e+01,2.022278e+01,2.027181e+01,2.034881e+01,2.022979e+01,2.023680e+01,2.031382e+01,2.046769e+01,2.020877e+01,2.022278e+01,2.027881e+01,2.019476e+01,2.022278e+01,2.021578e+01,2.025781e+01,2.013167e+01,2.028582e+01,2.026481e+01,2.032082e+01,2.032082e+01,2.041176e+01,2.022979e+01,2.029282e+01,2.036980e+01,2.037679e+01,2.036980e+01,2.046769e+01,2.043973e+01,2.034881e+01,2.046070e+01,2.047468e+01,2.045371e+01,2.046070e+01,2.050961e+01,2.047468e+01,2.050262e+01,2.042575e+01,2.039078e+01,2.040477e+01,2.048166e+01,2.041176e+01,2.056548e+01,2.051660e+01,2.046769e+01,2.046070e+01,2.048166e+01,2.048166e+01,2.042575e+01,2.052358e+01,2.055152e+01,2.049564e+01,2.048166e+01,2.050262e+01,2.049564e+01,2.048865e+01,2.052358e+01,2.040477e+01,2.020877e+01,2.034881e+01,2.034881e+01,2.042575e+01,2.041875e+01,2.046769e+01,2.048865e+01,2.055850e+01,2.050961e+01,2.050262e+01,2.048166e+01,2.034181e+01,2.045371e+01,2.050961e+01,2.041875e+01,2.050961e+01,2.042575e+01,2.054453e+01,2.047468e+01,2.053755e+01,2.045371e+01,2.045371e+01,2.057246e+01,2.060039e+01,2.054453e+01,2.071897e+01,2.063528e+01,2.072594e+01,2.086526e+01,2.089310e+01,2.086526e+01,2.077472e+01,2.087222e+01,2.086526e+01,2.080955e+01,2.102524e+01,2.098353e+01,2.088614e+01,2.089310e+01,2.089310e+01,2.083741e+01,2.081652e+01,2.069805e+01,2.082348e+01,2.085134e+01,2.084437e+01,2.090006e+01,2.082348e+01,2.087222e+01,2.095572e+01,2.091398e+01,2.095572e+01,2.094180e+01,2.092789e+01,2.090702e+01,2.091398e+01,2.093485e+01,2.082348e+01,2.090006e+01,2.072594e+01,2.080259e+01,2.099744e+01,2.077472e+01,2.090006e+01,2.092093e+01,2.090006e+01,2.096267e+01,2.091398e+01,2.080955e+01,2.085134e+01,2.084437e+01,2.087918e+01,2.083741e+01,2.073988e+01,2.087222e+01,2.090702e+01,2.092093e+01,2.086526e+01,2.090702e+01,2.094180e+01,2.087918e+01,2.090702e+01,2.090702e+01,2.093485e+01,2.090006e+01,2.084437e+01,2.084437e+01,2.097658e+01,2.091398e+01,2.091398e+01,2.089310e+01,2.085830e+01,2.094180e+01,2.083045e+01,2.083741e+01,2.099048e+01,2.080259e+01,2.084437e+01,2.085830e+01,2.094876e+01,2.092093e+01,2.092789e+01,2.092789e+01,2.101134e+01,2.085134e+01,2.085134e+01,2.100439e+01,2.090006e+01,2.094876e+01,2.096267e+01,2.103914e+01,2.096962e+01,2.088614e+01,2.091398e+01,2.090006e+01,2.087222e+01,2.083741e+01,2.083741e+01,2.085830e+01,2.092093e+01,2.079562e+01,2.078866e+01,2.078169e+01,2.078169e+01,2.087222e+01,2.085830e+01,2.078169e+01,2.090702e+01,2.087918e+01,2.092789e+01,2.099048e+01,2.103219e+01,2.103219e+01,2.112250e+01,2.107388e+01,2.126127e+01,2.121272e+01,2.133752e+01,2.137908e+01,2.129594e+01,2.142756e+01,2.140678e+01,2.145524e+01,2.140678e+01,2.137908e+01
2.083045e+01,2.082348e+01,2.081652e+01,2.077472e+01,2.071200e+01,2.073988e+01,2.073291e+01,2.076079e+01,2.073988e+01,2.052358e+01,2.072594e+01,2.076079e+01,2.072594e+01,2.086526e+01,2.083741e+01,2.085134e+01,2.081652e+01,2.064923e+01,2.068410e+01,2.071200e+01,2.078866e+01,2.071897e+01,2.072594e+01,2.070502e+01,2.089310e+01,2.072594e+01,2.076775e+01,2.067713e+01,2.064923e+01,2.078866e+01,2.076775e+01,2.079562e+01,2.068410e+01,2.072594e+01,2.072594e+01,2.080259e+01,2.076079e+01,2.076775e+01,2.086526e+01,2.061434e+01,2.073988e+01,2.074685e+01,2.074685e+01,2.071200e+01,2.072594e+01,2.072594e+01,2.078866e+01,2.066318e+01,2.076079e+01,2.078866e+01,2.076775e+01,2.078866e+01,2.092789e+01,2.066318e+01,2.061434e+01,2.071200e+01,2.061434e+01,2.067713e+01,2.064225e+01,2.062132e+01,2.064923e+01,2.069108e+01,2.064225e+01,2.060039e+01,2.089310e+01,2.078866e+01,2.066318e+01,2.073291e+01,2.057246e+01,2.069805e+01,2.076079e+01,2.068410e+01,2.079562e+01,2.068410e+01,2.082348e+01,2.068410e+01,2.071897e+01,2.063528e+01,2.074685e+01,2.064225e+01,2.076079e+01,2.085134e+01,2.072594e+01,2.067016e+01,2.065621e+01,2.054453e+01,2.063528e+01,2.065621e+01,2.067016e+01,2.069805e+01,2.070502e+01,2.072594e+01,2.083741e+01,2.069805e+01,2.062132e+01,2.063528e+01,2.071200e+01,2.071897e+01,2.084437e+01,2.064923e+01,2.079562e+01,2.052358e+01,2.064923e+01,2.062830e+01,2.067713e+01,2.064923e+01,2.071897e+01,2.072594e+01,2.058643e+01,2.069108e+01,2.071200e+01,2.062132e+01,2.074685e+01,2.069108e+01,2.073291e+01,2.068410e+01,2.064225e+01,2.110166e+01,2.066318e+01,2.086526e+01,2.067016e+01,2.064225e+01,2.075382e+01,2.076775e+01,2.072594e+01,2.076775e+01,2.068410e+01,2.058643e+01,2.071897e+01,2.082348e+01,2.071897e+01,2.050262e+01,2.071897e+01,2.068410e+01,2.067713e+01,2.080955e+01,2.069805e+01,2.076775e+01,2.080259e+01,2.068410e+01,2.062132e+01,2.068410e+01,2.071200e+01,2.068410e+01,2.064225e+01,2.070502e+01,2.073291e+01,2.071200e+01,2.076079e+01,2.045371e+01,2.068410e+01,2.067016e+01,2.057246e+01,2.059340e+01,2.063528e+01,2.062830e+01,2.056548e+01,2.060039e+01,2.062830e+01,2.054453e+01,2.057246e+01,2.056548e+01,2.058643e+01,2.055850e+01,2.056548e+01,2.055850e+01,2.058643e+01,2.057944e+01,2.053057e+01,2.062830e+01,2.049564e+01,2.047468e+01,2.053057e+01,2.053057e+01,2.039078e+01,2.055850e+01,2.061434e+01,2.053755e+01,2.045371e+01,2.041176e+01,2.034181e+01,2.033481e+01,2.011063e+01,2.023680e+01,2.016672e+01,1.983673e+01,1.978749e+01,1.964666e+01,1.976638e+01,1.978045e+01,1.973822e+01,1.963257e+01,1.964666e+01,1.955502e+01,1.961143e+01,1.973822e+01,1.965371e+01,1.961847e+01,1.972414e+01,1.965371e+01,1.955502e+01,1.958323e+01,1.963962e+01,1.959733e+01,1.971710e+01,1.969597e+01,1.968893e+01,1.951270e+01,1.963962e+01,1.961847e+01,1.962552e+01,1.965371e+01,1.968893e+01,1.963962e+01,1.964666e+01,1.960438e+01,1.965371e+01,1.954797e+01,1.951975e+01,1.958323e+01,1.959733e+01,1.947036e+01,1.949153e+01,1.947742e+01,1.943506e+01,1.942800e+01,1.946330e+01,1.949153e+01,1.947742e+01,1.942800e+01,1.941387e+01,1.943506e+01,1.939268e+01,1.935736e+01,1.943506e+01,1.935736e+01,1.935029e+01,1.917346e+01,1.927959e+01,1.919469e+01,1.920885e+01,1.919469e+01,1.919469e+01,1.908847e+01,1.918054e+01,1.914513e+01,1.900340e+01,1.899631e+01,1.893956e+01,1.884726e+01,1.886147e+01,1.886857e+01,1.888987e+01,1.884016e+01,1.885437e+01,1.874066e+01,1.874066e+01,1.852712e+01,1.810580e+01,1.803422e+01,1.786937e+01,1.786219e+01,1.775453e+01,1.779761e+01,1.792674e+01,1.781196e+01,1.781196e+01,1.783349e+01,1.864107e+01,1.949859e+01,1.982969e+01,1.978045e+01,1.983673e+01,1.985782e+01,1.978045e+01,1.994216e+01,1.994216e+01,1.989297e+01,1.995621e+01,1.995621e+01,1.986485e+01,1.998431e+01,1.992109e+01,1.999133e+01,1.987189e+01,1.987892e+01,1.989297e+01,1.987892e+01,1.982969e+01,1.996324e+01,1.993514e+01,1.998431e+01,1.990000e+01,1.990703e+01,1.987189e+01,1.980859e+01,1.992109e+01,1.999133e+01,1.994919e+01,1.992811e+01,1.997026e+01,2.006152e+01,1.996324e+01,1.988594e+01,1.996324e+01,1.996324e+01,1.994919e+01,2.004047e+01,2.001941e+01,2.003345e+01,1.998431e+01,1.996324e+01,2.006152e+01,2.001239e+01,2.001239e+01,2.011063e+01,2.010362e+01,2.013167e+01,1.997728e+01,2.006854e+01,1.994919e+01,2.007556e+01,1.997026e+01,1.996324e+01,2.000537e+01,2.008959e+01,2.002643e+01,2.006854e+01,2.010362e+01,2.011063e+01,2.012466e+01,2.001941e+01,2.018074e+01,2.018074e+01,2.017373e+01,2.014569e+01,2.019476e+01,2.016672e+01,2.013167e+01,2.021578e+01,2.021578e+01,2.020177e+01,2.033481e+01,2.019476e+01,2.025080e+01,1.996324e+01,1.953386e+01,1.920885e+01,1.922300e+01,1.920885e+01,1.922300e+01,1.925838e+01,1.925130e+01,1.913805e+01,1.924423e+01,1.927959e+01,1.935029e+01,1.934322e+01,1.955502e+01,1.971710e+01,1.989297e+01,2.032782e+01,2.038379e+01,2.046769e+01,2.052358e+01,2.050262e+01,2.067016e+01,2.051660e+01,2.048166e+01,2.055850e+01,2.052358e+01,2.049564e+01,2.034881e+01,2.048166e+01,2.054453e+01,2.053755e+01,2.053755e+01,2.060039e+01,2.055850e+01,2.048166e+01,2.071897e+01,2.075382e+01,2.053755e+01,2.053755e+01,2.049564e+01,2.058643e+01,2.056548e+01,2.054453e+01,2.060039e+01,2.061434e+01,2.069108e+01,2.059340e+01,2.069805e+01,2.060736e+01,2.063528e+01,2.058643e+01,2.056548e+01,2.055850e+01,2.055152e+01,2.053057e+01,2.070502e+01,2.050961e+01,2.058643e+01,2.060039e+01,2.056548e+01,2.053057e+01,2.054453e+01,2.055152e+01,2.053057e+01,2.059340e+01,2.053755e+01,2.050961e+01,2.055850e+01,2.050262e+01,2.055850e+01,2.049564e+01,2.055850e+01,2.060736e+01,2.047468e+01,2.046769e+01,2.048166e+01,2.051660e+01,2.048166e+01,2.059340e+01,2.053057e+01,2.048865e+01,2.054453e+01,2.051660e+01,2.047468e+01,2.039078e+01,2.044672e+01,2.052358e+01,2.036980e+01,2.055850e+01,2.025781e+01,2.039078e+01,2.034881e+01,2.046070e+01,2.027181e+01,2.023680e+01,2.022278e+01,2.031382e+01,2.028582e+01,2.036280e+01,2.019476e+01,2.027181e+01,2.020177e+01,2.026481e+01,2.019476e+01,2.022278e+01,2.026481e+01,2.025080e+01,2.013167e+01,2.025080e+01,2.013868e+01,2.029282e+01,2.025781e+01,2.033481e+01,2.029982e+01,2.023680e+01,2.039078e+01,2.046070e+01,2.038379e+01,2.029982e+01,2.047468e+01,2.039078e+01,2.048865e+01,2.037679e+01,2.040477e+01,2.036980e+01,2.041875e+01,2.042575e+01,2.034181e+01,2.044672e+01,2.052358e+01,2.043973e+01,2.055152e+01,2.043973e+01,2.039778e+01,2.052358e+01,2.053057e+01,2.048166e+01,2.049564e+01,2.051660e+01,2.039078e+01,2.061434e+01,2.064923e+01,2.046070e+01,2.043973e+01,2.046769e+01,2.048865e+01,2.047468e+01,2.046769e+01,2.039078e+01,2.050961e+01,2.049564e+01,2.035581e+01,2.043274e+01,2.043973e+01,2.049564e+01,2.045371e+01,2.046769e+01,2.046070e+01,2.048166e+01,2.043973e+01,2.045371e+01,2.034881e+01,2.046769e+01,2.057246e+01,2.043274e+01,2.048166e+01,2.048865e+01,2.054453e+01,2.045371e+01,2.049564e+01,2.051660e+01,2.049564e+01,2.041875e+01,2.055152e+01,2.054453e+01,2.060039e+01,2.066318e+01,2.073291e+01,2.101829e+01,2.093485e+01,2.083741e+01,2.080955e+01,2.085830e+01,2.076775e+01,2.083045e+01,2.085134e+01,2.090006e+01,2.095572e+01,2.080955e+01,2.093485e+01,2.089310e+01,2.091398e+01,2.092093e+01,2.086526e+01,2.083045e+01,2.102524e+01,2.087918e+01,2.088614e+01,2.096962e+01,2.090006e+01,2.087222e+01,2.090006e+01,2.088614e+01,2.092093e+01,2.090702e+01,2.092789e+01,2.090006e+01,2.092093e+01,2.092093e+01,2.084437e+01,2.082348e+01,2.095572e+01,2.082348e+01,2.092093e+01,2.090702e+01,2.085134e+01,2.086526e+01,2.090702e+01,2.087918e+01,2.093485e+01,2.104609e+01,2.105304e+01,2.089310e+01,2.076775e+01,2.086526e+01,2.094876e+01,2.090702e+01,2.085830e+01,2.084437e+01,2.089310e+01,2.096267e+01,2.093485e+01,2.088614e+01,2.093485e+01,2.086526e+01,2.084437e+01,2.083741e+01,2.077472e+01,2.096267e+01,2.089310e+01,2.094876e+01,2.090006e+01,2.084437e+01,2.095572e+01,2.105304e+01,2.093485e+01,2.063528e+01,2.083045e+01,2.102524e+01,2.096962e+01,2.096962e+01,2.093485e+01,2.107388e+01,2.087918e+01,2.103219e+01,2.092093e+01,2.094876e+01,2.091398e+01,2.098353e+01,2.090006e+01,2.092789e+01,2.093485e+01,2.096962e+01,2.094876e+01,2.092789e+01,2.083741e+01,2.085134e+01,2.085830e+01,2.083741e+01,2.076079e+01,2.092789e+01,2.078169e+01,2.080259e+01,2.082348e+01,2.077472e+01,2.088614e+01,2.069108e+01,2.083741e+01,2.087918e+01,2.095572e+01,2.093485e+01,2.102524e+01,2.120579e+01,2.130287e+01,2.117109e+01,2.130980e+01,2.132366e+01,2.143448e+01,2.146216e+01,2.142756e+01,2.142063e+01,2.142063e+01,2.144832e+01,2.135138e+01,2.125434e+01
2.090702e+01,2.078866e+01,2.062830e+01,2.078169e+01,2.063528e+01,2.068410e+01,2.070502e+01,2.085830e+01,2.070502e+01,2.070502e+01,2.071200e+01,2.068410e+01,2.069805e+01,2.073291e+01,2.076775e+01,2.062830e+01,2.069805e+01,2.073988e+01,2.066318e+01,2.073988e+01,2.057246e+01,2.069805e+01,2.065621e+01,2.069805e+01,2.070502e+01,2.083045e+01,2.092093e+01,2.071897e+01,2.073291e+01,2.077472e+01,2.080955e+01,2.069805e+01,2.077472e+01,2.073291e+01,2.073291e+01,2.087918e+01,2.087222e+01,2.076079e+01,2.073988e+01,2.085830e+01,2.080259e+01,2.084437e+01,2.077472e+01,2.071897e+01,2.078169e+01,2.089310e+01,2.076775e+01,2.072594e+01,2.083045e+01,2.069108e+01,2.080955e+01,2.069805e+01,2.067016e+01,2.087918e+01,2.072594e+01,2.069108e+01,2.071200e+01,2.076079e+01,2.071897e+01,2.064923e+01,2.085134e+01,2.066318e+01,2.062132e+01,2.094180e+01,2.069108e+01,2.068410e+01,2.063528e+01,2.072594e+01,2.080259e+01,2.074685e+01,2.067713e+01,2.080259e+01,2.067016e+01,2.066318e+01,2.064923e+01,2.066318e+01,2.073291e+01,2.075382e+01,2.063528e+01,2.068410e+01,2.043274e+01,2.069805e+01,2.074685e+01,2.068410e+01,2.073291e+01,2.069805e+01,2.063528e+01,2.071200e+01,2.068410e+01,2.071200e+01,2.069805e+01,2.078866e+01,2.085134e+01,2.065621e+01,2.075382e+01,2.070502e+01,2.069805e+01,2.070502e+01,2.070502e+01,2.081652e+01,2.078866e+01,2.064923e+01,2.066318e+01,2.070502e+01,2.069805e+01,2.073291e+01,2.071897e+01,2.067713e+01,2.074685e+01,2.057944e+01,2.057944e+01,2.078866e+01,2.073988e+01,2.064923e+01,2.069805e+01,2.065621e+01,2.083741e+01,2.063528e+01,2.069108e+01,2.066318e+01,2.079562e+01,2.083741e+01,2.070502e+01,2.075382e+01,2.064225e+01,2.059340e+01,2.058643e+01,2.062132e+01,2.066318e+01,2.064923e+01,2.067713e+01,2.070502e+01,2.072594e+01,2.070502e+01,2.071897e+01,2.075382e+01,2.081652e+01,2.063528e+01,2.061434e+01,2.068410e+01,2.070502e+01,2.062830e+01,2.072594e+01,2.070502e+01,2.069805e+01,2.069805e+01,2.069805e+01,2.071200e+01,2.067713e+01,2.069108e+01,2.080259e+01,2.094180e+01,2.067016e+01,2.064225e+01,2.062132e+01,2.055850e+01,2.060039e+01,2.082348e+01,2.062132e+01,2.054453e+01,2.053755e+01,2.041875e+01,2.054453e+01,2.051660e+01,2.052358e+01,2.050961e+01,2.049564e+01,2.057944e+01,2.049564e+01,2.068410e+01,2.056548e+01,2.053755e+01,2.060039e+01,2.057944e+01,2.056548e+01,2.048166e+01,2.048865e+01,2.045371e+01,2.034881e+01,2.039078e+01,2.028582e+01,2.024380e+01,2.037679e+01,2.024380e+01,2.004047e+01,1.998431e+01,1.981563e+01,1.980156e+01,1.966076e+01,1.963962e+01,1.968189e+01,1.966780e+01,1.972414e+01,1.957618e+01,1.968189e+01,1.964666e+01,1.965371e+01,1.966780e+01,1.968893e+01,1.956207e+01,1.959028e+01,1.961143e+01,1.966076e+01,1.965371e+01,1.970302e+01,1.967484e+01,1.973822e+01,1.956207e+01,1.971006e+01,1.977341e+01,1.976638e+01,1.961847e+01,1.962552e+01,1.968189e+01,1.968893e+01,1.965371e+01,1.973118e+01,1.980156e+01,1.960438e+01,1.964666e+01,1.963257e+01,1.946330e+01,1.952681e+01,1.943506e+01,1.947742e+01,1.950564e+01,1.946330e+01,1.944918e+01,1.942800e+01,1.945624e+01,1.935029e+01,1.947742e+01,1.933615e+01,1.932202e+01,1.939975e+01,1.935029e+01,1.935029e+01,1.939975e+01,1.932909e+01,1.925130e+01,1.925130e+01,1.923008e+01,1.928667e+01,1.906012e+01,1.916638e+01,1.909555e+01,1.900340e+01,1.897503e+01,1.896084e+01,1.893246e+01,1.891117e+01,1.889697e+01,1.880464e+01,1.883306e+01,1.886147e+01,1.889697e+01,1.870510e+01,1.875488e+01,1.856987e+01,1.850574e+01,1.796258e+01,1.792674e+01,1.779043e+01,1.757482e+01,1.760359e+01,1.782632e+01,1.761798e+01,1.784067e+01,1.825597e+01,1.926545e+01,1.973118e+01,1.961143e+01,1.978045e+01,1.977341e+01,1.986485e+01,1.999133e+01,1.991406e+01,1.990000e+01,1.990703e+01,1.990703e+01,1.985782e+01,1.993514e+01,2.000537e+01,1.993514e+01,1.993514e+01,1.995621e+01,1.987892e+01,1.987189e+01,1.987189e+01,1.994216e+01,1.993514e+01,1.992811e+01,1.995621e+01,2.001941e+01,1.991406e+01,1.983673e+01,2.011764e+01,1.988594e+01,1.991406e+01,1.997026e+01,1.994919e+01,2.008959e+01,1.999133e+01,1.997728e+01,1.999835e+01,1.999133e+01,1.996324e+01,1.997026e+01,2.001941e+01,2.001239e+01,1.999133e+01,2.005451e+01,2.001239e+01,2.006152e+01,2.005451e+01,2.010362e+01,2.005451e+01,2.008959e+01,2.006152e+01,2.002643e+01,2.000537e+01,2.006152e+01,1.996324e+01,2.006854e+01,2.008257e+01,2.011063e+01,2.006152e+01,2.012466e+01,2.004749e+01,2.008959e+01,2.009660e+01,2.010362e+01,2.015971e+01,2.015270e+01,2.014569e+01,2.020877e+01,2.018775e+01,2.032082e+01,2.027181e+01,2.021578e+01,2.034181e+01,2.025781e+01,2.021578e+01,2.022278e+01,2.020877e+01,1.998431e+01,1.962552e+01,1.942093e+01,1.927959e+01,1.922300e+01,1.920885e+01,1.921593e+01,1.922300e+01,1.907429e+01,1.923008e+01,1.927959e+01,1.939975e+01,1.954092e+01,1.955502e+01,1.971710e+01,1.991406e+01,2.006854e+01,2.032782e+01,2.042575e+01,2.050961e+01,2.051660e+01,2.053057e+01,2.053057e+01,2.057944e+01,2.055850e+01,2.057246e+01,2.059340e+01,2.057944e+01,2.050961e+01,2.057944e+01,2.057246e+01,2.055152e+01,2.060736e+01,2.062132e+01,2.057944e+01,2.053057e+01,2.064923e+01,2.063528e+01,2.062830e+01,2.050961e+01,2.058643e+01,2.060039e+01,2.057246e+01,2.065621e+01,2.062132e+01,2.067713e+01,2.060039e+01,2.070502e+01,2.055850e+01,2.048865e+01,2.060736e+01,2.054453e+01,2.054453e+01,2.051660e+01,2.053057e+01,2.057246e+01,2.050961e+01,2.057944e+01,2.055850e+01,2.050262e+01,2.059340e+01,2.053057e+01,2.055850e+01,2.054453e+01,2.049564e+01,2.057246e+01,2.067016e+01,2.060736e+01,2.046070e+01,2.048166e+01,2.058643e+01,2.055850e+01,2.048166e+01,2.048865e+01,2.046769e+01,2.048166e+01,2.055152e+01,2.056548e+01,2.053057e+01,2.046070e+01,2.060736e+01,2.060039e+01,2.041875e+01,2.043274e+01,2.038379e+01,2.040477e+01,2.041875e+01,2.047468e+01,2.041176e+01,2.025781e+01,2.027181e+01,2.035581e+01,2.032082e+01,2.044672e+01,2.022979e+01,2.034881e+01,2.042575e+01,2.025781e+01,2.027881e+01,2.025080e+01,2.022979e+01,2.020177e+01,2.022979e+01,2.031382e+01,2.027881e+01,2.018775e+01,2.027881e+01,2.022979e+01,2.034181e+01,2.028582e+01,2.030682e+01,2.027881e+01,2.028582e+01,2.037679e+01,2.032782e+01,2.032782e+01,2.033481e+01,2.032082e+01,2.043973e+01,2.043973e+01,2.046769e+01,2.043274e+01,2.055152e+01,2.041875e+01,2.051660e+01,2.048166e+01,2.046769e+01,2.047468e+01,2.054453e+01,2.043274e+01,2.052358e+01,2.054453e+01,2.042575e+01,2.049564e+01,2.047468e+01,2.044672e+01,2.060039e+01,2.047468e+01,2.042575e+01,2.050262e+01,2.055850e+01,2.048865e+01,2.045371e+01,2.043274e+01,2.049564e+01,2.053755e+01,2.045371e+01,2.047468e+01,2.050262e+01,2.040477e+01,2.047468e+01,2.040477e+01,2.042575e+01,2.042575e+01,2.048166e+01,2.042575e+01,2.044672e+01,2.045371e+01,2.045371e+01,2.047468e+01,2.046769e+01,2.043274e+01,2.048865e+01,2.057246e+01,2.054453e+01,2.044672e+01,2.053057e+01,2.043274e+01,2.053057e+01,2.062132e+01,2.053057e+01,2.051660e+01,2.049564e+01,2.054453e+01,2.062830e+01,2.057944e+01,2.071200e+01,2.073291e+01,2.076775e+01,2.081652e+01,2.083741e+01,2.085134e+01,2.087222e+01,2.086526e+01,2.088614e+01,2.080955e+01,2.083741e+01,2.100439e+01,2.096267e+01,2.088614e+01,2.096267e+01,2.085134e+01,2.082348e+01,2.090702e+01,2.096267e+01,2.090006e+01,2.083741e+01,2.101134e+01,2.097658e+01,2.096962e+01,2.106693e+01,2.090702e+01,2.089310e+01,2.090006e+01,2.090702e+01,2.091398e+01,2.096962e+01,2.094876e+01,2.089310e+01,2.096267e+01,2.095572e+01,2.076079e+01,2.096267e+01,2.088614e+01,2.087222e+01,2.092093e+01,2.090702e+01,2.093485e+01,2.105304e+01,2.102524e+01,2.089310e+01,2.090702e+01,2.087222e+01,2.074685e+01,2.092789e+01,2.090006e+01,2.101134e+01,2.096267e+01,2.096267e+01,2.089310e+01,2.093485e+01,2.111555e+01,2.086526e+01,2.096267e+01,2.108777e+01,2.112944e+01,2.098353e+01,2.095572e+01,2.098353e+01,2.090006e+01,2.093485e+01,2.098353e+01,2.096267e+01,2.099744e+01,2.103914e+01,2.101829e+01,2.101829e+01,2.095572e+01,2.102524e+01,2.105304e+01,2.103914e+01,2.101134e+01,2.105999e+01,2.111555e+01,2.104609e+01,2.085830e+01,2.088614e+01,2.079562e+01,2.099744e+01,2.100439e+01,2.090702e+01,2.099048e+01,2.092789e+01,2.069108e+01,2.086526e+01,2.085830e+01,2.090006e+01,2.083045e+01,2.083045e+01,2.092093e+01,2.087918e+01,2.103219e+01,2.090006e+01,2.083045e+01,2.083741e+01,2.083741e+01,2.095572e+01,2.092789e+01,2.090702e+01,2.091398e+01,2.084437e+01,2.111555e+01,2.112944e+01,2.124740e+01,2.133059e+01,2.117803e+01,2.129594e+01,2.130980e+01,2.136523e+01,2.130287e+01,2.139293e+01,2.142756e+01,2.139986e+01,2.140678e+01,2.137908e+01
2.068410e+01,2.071897e+01,2.080259e+01,2.065621e+01,2.077472e+01,2.076079e+01,2.073988e+01,2.083741e+01,2.073988e+01,2.071897e+01,2.072594e+01,2.073291e+01,2.090702e+01,2.077472e+01,2.088614e+01,2.060039e+01,2.064923e+01,2.065621e+01,2.068410e+01,2.065621e+01,2.078169e+01,2.073291e+01,2.071200e+01,2.073988e+01,2.074685e+01,2.080259e+01,2.071200e+01,2.080259e+01,2.076079e+01,2.071200e+01,2.076079e+01,2.073291e+01,2.069108e+01,2.068410e+01,2.076079e+01,2.078169e+01,2.091398e+01,2.087918e+01,2.073291e+01,2.080259e+01,2.067713e+01,2.084437e+01,2.069805e+01,2.075382e+01,2.074685e+01,2.074685e+01,2.058643e+01,2.076775e+01,2.085830e+01,2.071200e+01,2.078866e+01,2.066318e+01,2.076079e+01,2.072594e+01,2.085134e+01,2.071897e+01,2.086526e+01,2.067713e+01,2.068410e+01,2.070502e+01,2.092789e+01,2.086526e+01,2.060039e+01,2.076079e+01,2.076775e+01,2.074685e+01,2.080259e+01,2.070502e+01,2.067016e+01,2.073988e+01,2.064923e+01,2.071897e+01,2.080955e+01,2.067713e+01,2.065621e+01,2.067713e+01,2.074685e+01,2.086526e+01,2.079562e+01,2.078866e+01,2.070502e+01,2.073988e+01,2.080955e+01,2.073988e+01,2.071897e+01,2.076775e+01,2.059340e+01,2.067713e+01,2.071897e+01,2.068410e+01,2.075382e+01,2.087918e+01,2.070502e+01,2.064923e+01,2.063528e+01,2.069805e+01,2.079562e+01,2.061434e+01,2.076079e+01,2.056548e+01,2.064923e+01,2.058643e+01,2.065621e+01,2.056548e+01,2.057246e+01,2.073291e+01,2.062830e+01,2.059340e+01,2.062132e+01,2.059340e+01,2.060039e+01,2.068410e+01,2.069108e+01,2.071897e+01,2.070502e+01,2.063528e+01,2.069805e+01,2.062830e+01,2.067713e+01,2.070502e+01,2.071897e+01,2.078866e+01,2.063528e+01,2.069805e+01,2.070502e+01,2.071897e+01,2.059340e+01,2.060736e+01,2.064225e+01,2.065621e+01,2.069805e+01,2.071200e+01,2.052358e+01,2.071200e+01,2.075382e+01,2.068410e+01,2.063528e+01,2.061434e+01,2.076775e+01,2.067016e+01,2.076079e+01,2.069108e+01,2.064923e+01,2.072594e+01,2.063528e+01,2.066318e+01,2.071897e+01,2.072594e+01,2.067016e+01,2.069108e+01,2.046070e+01,2.053057e+01,2.054453e+01,2.067016e+01,2.053755e+01,2.065621e+01,2.062132e+01,2.060039e+01,2.055850e+01,2.057944e+01,2.060039e+01,2.053755e+01,2.051660e+01,2.049564e+01,2.050961e+01,2.051660e+01,2.055850e+01,2.047468e+01,2.047468e+01,2.050262e+01,2.050961e+01,2.064225e+01,2.054453e+01,2.064923e+01,2.057944e+01,2.057246e+01,2.036980e+01,2.037679e+01,2.031382e+01,2.035581e+01,2.028582e+01,2.036980e+01,2.021578e+01,2.022979e+01,2.025080e+01,1.992109e+01,1.990000e+01,1.967484e+01,1.965371e+01,1.972414e+01,1.960438e+01,1.960438e+01,1.959733e+01,1.971006e+01,1.969597e+01,1.964666e+01,1.966076e+01,1.968189e+01,1.959028e+01,1.963257e+01,1.956913e+01,1.965371e+01,1.966780e+01,1.966780e+01,1.963962e+01,1.970302e+01,1.966780e+01,1.957618e+01,1.954092e+01,1.982266e+01,1.962552e+01,1.975934e+01,1.966076e+01,1.973822e+01,1.966780e+01,1.965371e+01,1.971006e+01,1.963962e+01,1.971710e+01,1.951975e+01,1.944212e+01,1.943506e+01,1.952681e+01,1.944918e+01,1.958323e+01,1.942093e+01,1.942800e+01,1.942800e+01,1.945624e+01,1.937149e+01,1.946330e+01,1.943506e+01,1.944918e+01,1.949859e+01,1.959733e+01,1.940681e+01,1.942093e+01,1.932909e+01,1.919469e+01,1.920885e+01,1.934322e+01,1.932202e+01,1.920885e+01,1.916638e+01,1.915222e+01,1.915222e+01,1.898212e+01,1.914513e+01,1.892536e+01,1.899631e+01,1.896794e+01,1.884016e+01,1.886857e+01,1.875488e+01,1.877621e+01,1.872644e+01,1.874066e+01,1.884016e+01,1.856274e+01,1.848436e+01,1.849149e+01,1.807002e+01,1.807718e+01,1.776889e+01,1.758921e+01,1.760359e+01,1.775453e+01,1.761798e+01,1.786937e+01,1.920177e+01,1.959028e+01,1.963257e+01,1.975230e+01,1.978749e+01,1.968893e+01,1.976638e+01,1.982969e+01,1.988594e+01,1.996324e+01,1.993514e+01,1.997026e+01,1.990703e+01,1.997728e+01,1.986485e+01,1.986485e+01,1.979452e+01,1.997026e+01,1.983673e+01,1.995621e+01,1.997026e+01,1.990000e+01,1.992109e+01,1.994216e+01,1.980156e+01,1.987189e+01,1.989297e+01,1.995621e+01,1.997728e+01,1.992109e+01,1.998431e+01,2.000537e+01,2.002643e+01,1.991406e+01,1.994216e+01,1.999133e+01,1.999133e+01,1.999133e+01,1.998431e+01,2.015270e+01,1.995621e+01,1.999133e+01,1.995621e+01,2.008257e+01,2.004047e+01,2.006152e+01,2.007556e+01,2.019476e+01,2.008959e+01,2.011764e+01,2.007556e+01,2.011764e+01,2.006854e+01,1.996324e+01,2.006854e+01,2.006152e+01,2.011063e+01,2.004047e+01,2.011063e+01,2.011764e+01,2.007556e+01,2.016672e+01,2.017373e+01,2.010362e+01,1.999133e+01,2.015971e+01,2.014569e+01,2.019476e+01,2.017373e+01,2.020177e+01,2.018775e+01,2.015971e+01,2.027881e+01,2.021578e+01,2.022278e+01,2.036280e+01,1.997728e+01,1.961143e+01,1.938562e+01,1.920885e+01,1.916638e+01,1.923008e+01,1.922300e+01,1.923008e+01,1.920885e+01,1.918054e+01,1.923008e+01,1.928667e+01,1.945624e+01,1.951270e+01,1.954092e+01,1.987892e+01,1.987189e+01,2.014569e+01,2.033481e+01,2.051660e+01,2.050262e+01,2.051660e+01,2.053755e+01,2.055152e+01,2.055850e+01,2.041176e+01,2.053755e+01,2.057246e+01,2.057944e+01,2.055850e+01,2.057246e+01,2.063528e+01,2.055850e+01,2.062132e+01,2.062132e+01,2.057246e+01,2.058643e+01,2.057246e+01,2.055152e+01,2.055850e+01,2.062830e+01,2.065621e+01,2.048865e+01,2.060736e+01,2.062830e+01,2.069805e+01,2.060039e+01,2.057246e+01,2.059340e+01,2.057246e+01,2.055850e+01,2.059340e+01,2.061434e+01,2.055152e+01,2.055152e+01,2.060736e+01,2.055850e+01,2.050961e+01,2.054453e+01,2.055850e+01,2.064225e+01,2.049564e+01,2.053755e+01,2.050262e+01,2.053057e+01,2.042575e+01,2.044672e+01,2.051660e+01,2.056548e+01,2.060039e+01,2.048865e+01,2.049564e+01,2.046070e+01,2.046769e+01,2.048865e+01,2.049564e+01,2.062132e+01,2.038379e+01,2.044672e+01,2.050262e+01,2.053057e+01,2.050961e+01,2.047468e+01,2.043274e+01,2.039078e+01,2.039778e+01,2.039078e+01,2.041875e+01,2.023680e+01,2.034881e+01,2.036280e+01,2.034881e+01,2.043274e+01,2.029982e+01,2.036280e+01,2.038379e+01,2.040477e+01,2.043973e+01,2.041176e+01,2.032082e+01,2.030682e+01,2.025781e+01,2.046769e+01,2.027181e+01,2.017373e+01,2.032782e+01,2.026481e+01,2.024380e+01,2.022278e+01,2.033481e+01,2.029982e+01,2.029282e+01,2.030682e+01,2.030682e+01,2.034881e+01,2.043274e+01,2.046070e+01,2.040477e+01,2.041176e+01,2.043973e+01,2.047468e+01,2.041875e+01,2.060039e+01,2.043274e+01,2.047468e+01,2.056548e+01,2.046070e+01,2.047468e+01,2.048865e+01,2.047468e+01,2.050262e+01,2.052358e+01,2.042575e+01,2.056548e+01,2.062132e+01,2.044672e+01,2.045371e+01,2.043973e+01,2.052358e+01,2.044672e+01,2.040477e+01,2.042575e+01,2.041176e+01,2.040477e+01,2.039778e+01,2.043274e+01,2.042575e+01,2.048865e+01,2.043973e+01,2.036280e+01,2.049564e+01,2.043973e+01,2.046769e+01,2.035581e+01,2.038379e+01,2.044672e+01,2.043973e+01,2.041176e+01,2.034181e+01,2.027181e+01,2.048166e+01,2.055850e+01,2.065621e+01,2.052358e+01,2.055850e+01,2.058643e+01,2.050961e+01,2.062132e+01,2.048865e+01,2.050961e+01,2.051660e+01,2.052358e+01,2.055850e+01,2.053057e+01,2.060039e+01,2.064225e+01,2.075382e+01,2.062830e+01,2.071897e+01,2.086526e+01,2.083741e+01,2.083045e+01,2.087222e+01,2.081652e+01,2.090006e+01,2.081652e+01,2.086526e+01,2.097658e+01,2.091398e+01,2.087222e+01,2.096962e+01,2.084437e+01,2.083045e+01,2.088614e+01,2.082348e+01,2.087222e+01,2.087918e+01,2.085830e+01,2.094180e+01,2.089310e+01,2.094180e+01,2.089310e+01,2.087222e+01,2.094876e+01,2.096267e+01,2.086526e+01,2.088614e+01,2.097658e+01,2.085134e+01,2.080955e+01,2.085134e+01,2.083741e+01,2.085830e+01,2.083741e+01,2.092093e+01,2.073988e+01,2.088614e+01,2.090702e+01,2.092093e+01,2.075382e+01,2.105304e+01,2.088614e+01,2.085830e+01,2.085830e+01,2.090006e+01,2.087222e+01,2.086526e+01,2.101829e+01,2.091398e+01,2.099048e+01,2.083045e+01,2.089310e+01,2.093485e+01,2.087222e+01,2.090702e+01,2.090006e+01,2.103914e+01,2.091398e+01,2.090702e+01,2.090006e+01,2.084437e+01,2.085830e+01,2.091398e+01,2.093485e+01,2.094876e+01,2.098353e+01,2.099048e+01,2.099744e+01,2.102524e+01,2.101829e+01,2.100439e+01,2.106693e+01,2.113638e+01,2.097658e+01,2.105999e+01,2.085134e+01,2.103219e+01,2.085830e+01,2.104609e+01,2.096962e+01,2.096267e+01,2.113638e+01,2.091398e+01,2.088614e+01,2.083045e+01,2.098353e+01,2.083045e+01,2.080259e+01,2.086526e+01,2.080259e+01,2.087222e+01,2.090702e+01,2.080259e+01,2.085830e+01,2.067713e+01,2.070502e+01,2.080955e+01,2.081652e+01,2.093485e+01,2.085134e+01,2.110861e+01,2.110861e+01,2.110861e+01,2.117803e+01,2.111555e+01,2.128207e+01,2.120579e+01,2.127514e+01,2.133752e+01,2.136523e+01,2.137908e+01,2.137908e+01,2.139293e+01,2.134445e+01,2.142756e+01
2.083045e+01,2.089310e+01,2.074685e+01,2.067713e+01,2.065621e+01,2.078169e+01,2.067016e+01,2.074685e+01,2.073291e+01,2.071200e+01,2.067713e+01,2.071200e+01,2.071897e+01,2.068410e+01,2.069805e+01,2.072594e+01,2.076079e+01,2.070502e+01,2.064923e+01,2.076079e+01,2.083741e+01,2.075382e+01,2.065621e+01,2.073988e+01,2.073291e+01,2.073291e+01,2.076775e+01,2.079562e+01,2.075382e+01,2.077472e+01,2.080259e+01,2.080955e+01,2.069805e+01,2.069805e+01,2.083741e+01,2.078866e+01,2.078169e+01,2.078169e+01,2.076079e+01,2.077472e+01,2.071897e+01,2.083045e+01,2.078169e+01,2.078169e+01,2.076079e+01,2.081652e+01,2.089310e+01,2.074685e+01,2.073988e+01,2.073291e+01,2.090006e+01,2.064225e+01,2.077472e+01,2.073988e+01,2.073291e+01,2.072594e+01,2.076775e+01,2.075382e+01,2.065621e+01,2.066318e+01,2.060736e+01,2.087222e+01,2.069805e+01,2.069805e+01,2.071200e+01,2.076079e+01,2.053057e+01,2.073988e+01,2.071200e+01,2.064923e+01,2.070502e+01,2.071200e+01,2.064923e+01,2.069108e+01,2.072594e+01,2.073988e+01,2.075382e+01,2.073988e+01,2.064923e+01,2.072594e+01,2.078866e+01,2.065621e+01,2.076079e+01,2.085830e+01,2.076775e+01,2.075382e+01,2.064225e+01,2.064225e+01,2.067016e+01,2.073291e+01,2.078169e+01,2.087222e+01,2.083741e+01,2.062830e+01,2.061434e+01,2.067713e+01,2.070502e+01,2.078866e+01,2.055152e+01,2.065621e+01,2.061434e+01,2.067016e+01,2.060736e+01,2.069108e+01,2.057944e+01,2.061434e+01,2.062830e+01,2.080259e+01,2.061434e+01,2.078169e+01,2.061434e+01,2.063528e+01,2.071200e+01,2.071200e+01,2.070502e+01,2.069805e+01,2.070502e+01,2.068410e+01,2.083045e+01,2.073291e+01,2.069805e+01,2.071897e+01,2.065621e+01,2.071200e+01,2.059340e+01,2.067713e+01,2.062132e+01,2.062132e+01,2.073988e+01,2.079562e+01,2.075382e+01,2.071200e+01,2.068410e+01,2.075382e+01,2.083741e+01,2.064225e+01,2.067713e+01,2.060736e+01,2.060736e+01,2.070502e+01,2.067016e+01,2.068410e+01,2.065621e+01,2.062830e+01,2.073291e+01,2.069108e+01,2.061434e+01,2.067713e+01,2.064923e+01,2.064923e+01,2.055152e+01,2.060736e+01,2.057944e+01,2.047468e+01,2.055152e+01,2.048865e+01,2.057944e+01,2.060039e+01,2.055850e+01,2.057944e+01,2.051660e+01,2.057944e+01,2.049564e+01,2.047468e+01,2.050262e+01,2.050262e+01,2.048865e+01,2.053057e+01,2.043274e+01,2.056548e+01,2.055850e+01,2.041875e+01,2.048865e+01,2.057944e+01,2.055850e+01,2.061434e+01,2.039078e+01,2.053057e+01,2.032082e+01,2.032782e+01,2.029982e+01,2.032782e+01,2.036980e+01,2.032082e+01,2.013868e+01,1.993514e+01,1.985782e+01,1.966780e+01,1.963257e+01,1.975230e+01,1.971006e+01,1.971710e+01,1.962552e+01,1.966780e+01,1.969597e+01,1.966076e+01,1.966076e+01,1.947036e+01,1.966780e+01,1.966780e+01,1.954797e+01,1.959733e+01,1.956207e+01,1.959733e+01,1.971710e+01,1.966780e+01,1.968893e+01,1.971006e+01,1.981563e+01,1.980859e+01,1.965371e+01,1.973822e+01,1.961847e+01,1.973118e+01,1.967484e+01,1.961143e+01,1.967484e+01,1.964666e+01,1.966076e+01,1.948447e+01,1.953386e+01,1.947742e+01,1.951975e+01,1.949859e+01,1.956207e+01,1.944918e+01,1.941387e+01,1.941387e+01,1.944918e+01,1.944212e+01,1.949153e+01,1.946330e+01,1.940681e+01,1.947742e+01,1.932909e+01,1.941387e+01,1.939975e+01,1.932909e+01,1.939975e+01,1.938562e+01,1.933615e+01,1.922300e+01,1.923715e+01,1.913097e+01,1.923715e+01,1.923715e+01,1.926545e+01,1.915930e+01,1.895375e+01,1.917346e+01,1.898212e+01,1.894665e+01,1.886857e+01,1.884726e+01,1.879753e+01,1.876910e+01,1.876910e+01,1.873355e+01,1.859835e+01,1.855562e+01,1.865530e+01,1.859835e+01,1.846297e+01,1.801273e+01,1.781914e+01,1.762517e+01,1.758921e+01,1.763955e+01,1.795541e+01,1.855562e+01,1.959028e+01,1.963257e+01,1.956207e+01,1.960438e+01,1.984376e+01,1.962552e+01,1.985782e+01,1.985079e+01,1.987189e+01,1.990000e+01,1.991406e+01,1.992811e+01,1.989297e+01,1.999835e+01,1.997728e+01,1.982969e+01,1.996324e+01,1.991406e+01,1.985079e+01,1.994216e+01,1.997728e+01,1.977341e+01,1.979452e+01,1.993514e+01,1.994919e+01,2.006152e+01,1.980156e+01,1.992811e+01,1.991406e+01,2.000537e+01,1.987892e+01,1.997728e+01,1.994919e+01,1.994919e+01,1.999835e+01,1.998431e+01,1.999133e+01,1.999835e+01,1.987892e+01,2.002643e+01,2.009660e+01,2.004749e+01,1.994919e+01,2.008959e+01,2.004047e+01,2.004047e+01,2.015270e+01,2.013868e+01,2.004749e+01,2.011764e+01,1.998431e+01,1.997728e+01,2.006152e+01,2.006152e+01,2.001239e+01,1.998431e+01,1.999835e+01,2.008257e+01,2.007556e+01,2.009660e+01,2.006152e+01,2.014569e+01,2.015270e+01,2.002643e+01,2.016672e+01,2.015270e+01,2.013167e+01,2.017373e+01,2.025781e+01,2.031382e+01,2.026481e+01,2.022278e+01,2.018775e+01,2.021578e+01,2.018775e+01,1.995621e+01,1.951270e+01,1.938562e+01,1.925838e+01,1.926545e+01,1.914513e+01,1.921593e+01,1.918761e+01,1.908847e+01,1.920885e+01,1.919469e+01,1.921593e+01,1.932202e+01,1.934322e+01,1.959733e+01,1.961143e+01,1.980156e+01,1.985782e+01,2.032082e+01,2.034881e+01,2.050262e+01,2.049564e+01,2.050961e+01,2.056548e+01,2.056548e+01,2.056548e+01,2.047468e+01,2.055850e+01,2.063528e+01,2.071200e+01,2.059340e+01,2.054453e+01,2.057246e+01,2.058643e+01,2.061434e+01,2.067016e+01,2.060039e+01,2.050961e+01,2.056548e+01,2.059340e+01,2.062830e+01,2.070502e+01,2.062132e+01,2.066318e+01,2.067713e+01,2.078169e+01,2.073988e+01,2.055850e+01,2.046070e+01,2.057944e+01,2.064923e+01,2.066318e+01,2.060039e+01,2.057246e+01,2.055850e+01,2.054453e+01,2.057246e+01,2.059340e+01,2.061434e+01,2.055152e+01,2.048166e+01,2.049564e+01,2.051660e+01,2.049564e+01,2.046769e+01,2.057944e+01,2.044672e+01,2.067016e+01,2.053755e+01,2.057944e+01,2.055152e+01,2.055152e+01,2.053755e+01,2.049564e+01,2.053057e+01,2.053057e+01,2.061434e+01,2.046070e+01,2.041875e+01,2.058643e+01,2.060736e+01,2.041875e+01,2.035581e+01,2.036280e+01,2.055850e+01,2.043274e+01,2.040477e+01,2.055152e+01,2.039778e+01,2.054453e+01,2.052358e+01,2.039778e+01,2.036980e+01,2.036280e+01,2.036980e+01,2.043274e+01,2.039778e+01,2.038379e+01,2.031382e+01,2.032782e+01,2.036280e+01,2.057944e+01,2.030682e+01,2.029282e+01,2.032782e+01,2.030682e+01,2.032082e+01,2.027881e+01,2.016672e+01,2.022979e+01,2.029282e+01,2.025781e+01,2.032082e+01,2.027181e+01,2.033481e+01,2.031382e+01,2.035581e+01,2.045371e+01,2.045371e+01,2.043274e+01,2.046070e+01,2.048865e+01,2.051660e+01,2.052358e+01,2.046070e+01,2.047468e+01,2.053057e+01,2.051660e+01,2.051660e+01,2.054453e+01,2.057246e+01,2.051660e+01,2.048865e+01,2.045371e+01,2.061434e+01,2.048865e+01,2.048865e+01,2.049564e+01,2.041875e+01,2.045371e+01,2.043973e+01,2.038379e+01,2.039078e+01,2.041176e+01,2.044672e+01,2.050961e+01,2.042575e+01,2.043274e+01,2.043274e+01,2.041176e+01,2.026481e+01,2.041176e+01,2.048865e+01,2.041875e+01,2.042575e+01,2.032082e+01,2.045371e+01,2.042575e+01,2.048166e+01,2.050961e+01,2.052358e+01,2.066318e+01,2.046070e+01,2.053755e+01,2.046769e+01,2.052358e+01,2.067713e+01,2.050961e+01,2.052358e+01,2.048166e+01,2.053057e+01,2.043274e+01,2.051660e+01,2.051660e+01,2.053057e+01,2.050262e+01,2.066318e+01,2.077472e+01,2.090006e+01,2.084437e+01,2.094180e+01,2.081652e+01,2.096267e+01,2.086526e+01,2.094876e+01,2.085830e+01,2.094876e+01,2.083741e+01,2.098353e+01,2.083741e+01,2.092789e+01,2.094180e+01,2.083741e+01,2.091398e+01,2.087918e+01,2.087222e+01,2.090006e+01,2.078866e+01,2.087918e+01,2.081652e+01,2.091398e+01,2.067016e+01,2.092789e+01,2.086526e+01,2.088614e+01,2.083045e+01,2.087222e+01,2.092789e+01,2.092789e+01,2.094180e+01,2.090006e+01,2.085830e+01,2.085830e+01,2.098353e+01,2.091398e+01,2.099744e+01,2.090006e+01,2.095572e+01,2.092789e+01,2.094180e+01,2.100439e+01,2.094180e+01,2.084437e+01,2.087918e+01,2.086526e+01,2.094876e+01,2.082348e+01,2.101134e+01,2.093485e+01,2.089310e+01,2.099744e+01,2.087918e+01,2.094180e+01,2.086526e+01,2.094876e+01,2.092789e+01,2.084437e+01,2.096267e+01,2.096962e+01,2.090702e+01,2.105999e+01,2.086526e+01,2.111555e+01,2.088614e+01,2.092093e+01,2.092093e+01,2.112250e+01,2.108083e+01,2.103914e+01,2.105304e+01,2.093485e+01,2.109472e+01,2.105304e+01,2.103219e+01,2.090006e+01,2.096962e+01,2.090006e+01,2.103914e+01,2.104609e+01,2.088614e+01,2.100439e+01,2.094180e+01,2.096962e+01,2.088614e+01,2.081652e+01,2.085134e+01,2.080259e+01,2.071200e+01,2.083045e+01,2.084437e+01,2.091398e+01,2.090006e+01,2.087222e+01,2.091398e+01,2.078866e+01,2.088614e+01,2.090006e+01,2.093485e+01,2.085134e+01,2.095572e+01,2.108083e+01,2.091398e+01,2.119885e+01,2.126821e+01,2.110166e+01,2.126127e+01,2.142756e+01,2.128901e+01,2.137216e+01,2.142756e+01,2.142063e+01,2.139293e+01,2.137216e+01,2.140678e+01,2.142756e+01
2.087918e+01,2.061434e+01,2.069805e+01,2.064225e+01,2.071897e+01,2.076775e+01,2.066318e+01,2.069108e+01,2.068410e+01,2.071897e+01,2.085134e+01,2.068410e+01,2.067016e+01,2.071897e+01,2.069108e+01,2.069805e+01,2.077472e+01,2.076775e+01,2.074685e+01,2.072594e+01,2.080955e+01,2.074685e+01,2.061434e+01,2.078866e+01,2.070502e+01,2.075382e+01,2.071897e+01,2.074685e+01,2.071897e+01,2.072594e+01,2.076775e+01,2.073988e+01,2.080259e+01,2.062830e+01,2.073988e+01,2.086526e+01,2.086526e+01,2.077472e+01,2.073988e+01,2.076079e+01,2.069108e+01,2.070502e+01,2.067713e+01,2.075382e+01,2.073988e+01,2.077472e+01,2.075382e+01,2.067713e+01,2.069805e+01,2.070502e+01,2.066318e+01,2.059340e+01,2.072594e+01,2.083741e+01,2.069805e+01,2.066318e+01,2.071897e+01,2.060039e+01,2.078169e+01,2.065621e+01,2.064225e+01,2.056548e+01,2.073291e+01,2.069108e+01,2.074685e+01,2.070502e+01,2.075382e+01,2.075382e+01,2.068410e+01,2.062830e+01,2.075382e+01,2.072594e+01,2.067713e+01,2.060736e+01,2.074685e+01,2.060736e+01,2.068410e+01,2.069805e+01,2.071897e+01,2.069805e+01,2.071200e+01,2.070502e+01,2.067713e+01,2.090006e+01,2.071200e+01,2.071200e+01,2.078169e+01,2.071897e+01,2.079562e+01,2.069805e+01,2.062132e+01,2.064225e+01,2.063528e+01,2.073988e+01,2.087222e+01,2.070502e+01,2.072594e+01,2.064225e+01,2.063528e+01,2.080259e+01,2.064923e+01,2.054453e+01,2.060736e+01,2.066318e+01,2.058643e+01,2.060736e+01,2.069805e+01,2.060039e+01,2.060736e+01,2.064225e+01,2.085830e+01,2.066318e+01,2.067016e+01,2.061434e+01,2.053057e+01,2.076079e+01,2.064923e+01,2.069108e+01,2.062830e+01,2.053057e+01,2.062132e+01,2.069108e+01,2.071200e+01,2.069805e+01,2.072594e+01,2.068410e+01,2.065621e+01,2.062132e+01,2.066318e+01,2.060736e+01,2.070502e+01,2.068410e+01,2.056548e+01,2.066318e+01,2.073988e+01,2.065621e+01,2.069108e+01,2.063528e+01,2.062830e+01,2.073291e+01,2.062132e+01,2.064923e+01,2.073291e+01,2.064923e+01,2.073988e+01,2.067016e+01,2.064225e+01,2.062830e+01,2.059340e+01,2.048865e+01,2.042575e+01,2.053057e+01,2.060736e+01,2.047468e+01,2.064225e+01,2.048166e+01,2.055850e+01,2.062132e+01,2.046769e+01,2.048865e+01,2.057246e+01,2.050262e+01,2.046769e+01,2.047468e+01,2.045371e+01,2.045371e+01,2.046769e+01,2.048166e+01,2.045371e+01,2.040477e+01,2.053755e+01,2.053755e+01,2.058643e+01,2.046070e+01,2.046769e+01,2.027181e+01,2.042575e+01,2.050961e+01,2.039778e+01,2.033481e+01,2.029282e+01,2.026481e+01,2.023680e+01,2.020877e+01,2.010362e+01,1.991406e+01,1.988594e+01,1.963962e+01,1.963962e+01,1.960438e+01,1.957618e+01,1.955502e+01,1.955502e+01,1.961847e+01,1.967484e+01,1.960438e+01,1.959733e+01,1.956207e+01,1.961847e+01,1.967484e+01,1.963962e+01,1.958323e+01,1.958323e+01,1.960438e+01,1.963257e+01,1.961847e+01,1.961143e+01,1.959733e+01,1.963962e+01,1.962552e+01,1.963962e+01,1.963962e+01,1.963257e+01,1.969597e+01,1.965371e+01,1.971006e+01,1.966780e+01,1.963962e+01,1.967484e+01,1.953386e+01,1.954092e+01,1.944918e+01,1.947742e+01,1.944918e+01,1.947036e+01,1.942093e+01,1.937855e+01,1.940681e+01,1.942800e+01,1.935029e+01,1.937855e+01,1.935736e+01,1.939268e+01,1.936442e+01,1.940681e+01,1.933615e+01,1.931495e+01,1.937855e+01,1.933615e+01,1.932202e+01,1.928667e+01,1.928667e+01,1.923715e+01,1.922300e+01,1.920177e+01,1.917346e+01,1.918761e+01,1.921593e+01,1.909555e+01,1.891827e+01,1.891117e+01,1.897503e+01,1.885437e+01,1.875488e+01,1.875488e+01,1.874777e+01,1.871222e+01,1.869088e+01,1.857699e+01,1.857699e+01,1.846297e+01,1.861971e+01,1.861259e+01,1.854850e+01,1.824883e+01,1.796258e+01,1.773298e+01,1.782632e+01,1.784784e+01,1.829169e+01,1.947742e+01,1.937855e+01,1.960438e+01,1.968893e+01,1.961847e+01,1.966076e+01,1.978045e+01,1.985079e+01,1.985782e+01,1.977341e+01,1.978749e+01,1.976638e+01,1.973822e+01,1.981563e+01,1.980156e+01,1.982969e+01,1.986485e+01,1.985782e+01,1.978749e+01,1.975934e+01,1.992109e+01,1.978045e+01,1.985782e+01,1.979452e+01,1.982969e+01,1.984376e+01,2.008959e+01,2.000537e+01,1.987189e+01,1.997728e+01,1.996324e+01,2.001941e+01,2.001239e+01,1.987189e+01,1.994216e+01,1.992811e+01,1.997026e+01,1.983673e+01,1.997728e+01,1.999133e+01,1.993514e+01,1.995621e+01,2.006152e+01,2.001941e+01,1.996324e+01,2.008959e+01,2.006152e+01,2.004749e+01,2.005451e+01,2.004749e+01,2.008257e+01,1.996324e+01,2.003345e+01,1.993514e+01,2.006152e+01,2.001239e+01,2.004047e+01,2.004749e+01,2.006152e+01,1.990000e+01,2.005451e+01,2.005451e+01,2.022278e+01,2.020877e+01,2.006152e+01,2.018074e+01,2.018074e+01,2.013868e+01,2.015270e+01,2.025781e+01,2.024380e+01,2.023680e+01,2.001239e+01,2.020877e+01,2.017373e+01,1.985079e+01,1.949859e+01,1.937149e+01,1.920177e+01,1.908138e+01,1.913805e+01,1.913097e+01,1.914513e+01,1.913097e+01,1.919469e+01,1.906012e+01,1.911680e+01,1.927959e+01,1.931495e+01,1.938562e+01,1.941387e+01,1.959733e+01,1.987189e+01,1.992811e+01,2.039078e+01,2.048865e+01,2.047468e+01,2.033481e+01,2.054453e+01,2.053057e+01,2.055152e+01,2.045371e+01,2.039778e+01,2.064225e+01,2.057944e+01,2.055152e+01,2.050262e+01,2.053057e+01,2.053755e+01,2.061434e+01,2.060039e+01,2.057944e+01,2.059340e+01,2.056548e+01,2.058643e+01,2.055850e+01,2.066318e+01,2.064225e+01,2.047468e+01,2.064923e+01,2.070502e+01,2.041875e+01,2.051660e+01,2.057246e+01,2.058643e+01,2.056548e+01,2.056548e+01,2.051660e+01,2.052358e+01,2.058643e+01,2.054453e+01,2.059340e+01,2.055152e+01,2.050961e+01,2.060039e+01,2.062132e+01,2.051660e+01,2.055152e+01,2.049564e+01,2.049564e+01,2.060736e+01,2.062830e+01,2.050961e+01,2.057944e+01,2.058643e+01,2.059340e+01,2.046769e+01,2.053755e+01,2.055850e+01,2.055152e+01,2.062830e+01,2.046769e+01,2.037679e+01,2.046769e+01,2.041176e+01,2.047468e+01,2.056548e+01,2.052358e+01,2.034181e+01,2.041875e+01,2.041176e+01,2.041176e+01,2.055850e+01,2.039078e+01,2.050961e+01,2.035581e+01,2.037679e+01,2.036980e+01,2.039778e+01,2.039778e+01,2.032082e+01,2.029982e+01,2.045371e+01,2.039078e+01,2.032782e+01,2.028582e+01,2.050262e+01,2.029982e+01,2.026481e+01,2.030682e+01,2.030682e+01,2.028582e+01,2.034181e+01,2.023680e+01,2.029282e+01,2.022278e+01,2.029282e+01,2.029982e+01,2.016672e+01,2.036980e+01,2.024380e+01,2.028582e+01,2.036980e+01,2.038379e+01,2.033481e+01,2.051660e+01,2.051660e+01,2.052358e+01,2.048166e+01,2.059340e+01,2.048865e+01,2.049564e+01,2.048166e+01,2.036980e+01,2.053755e+01,2.048865e+01,2.052358e+01,2.047468e+01,2.037679e+01,2.049564e+01,2.036980e+01,2.057246e+01,2.048166e+01,2.046070e+01,2.046070e+01,2.043274e+01,2.043973e+01,2.043274e+01,2.043274e+01,2.049564e+01,2.043274e+01,2.041875e+01,2.039778e+01,2.039078e+01,2.040477e+01,2.062132e+01,2.047468e+01,2.037679e+01,2.039778e+01,2.039778e+01,2.046070e+01,2.043274e+01,2.047468e+01,2.036280e+01,2.029282e+01,2.040477e+01,2.038379e+01,2.032782e+01,2.040477e+01,2.040477e+01,2.047468e+01,2.042575e+01,2.045371e+01,2.054453e+01,2.055152e+01,2.058643e+01,2.054453e+01,2.052358e+01,2.041875e+01,2.050262e+01,2.059340e+01,2.067016e+01,2.062132e+01,2.076079e+01,2.085134e+01,2.083045e+01,2.086526e+01,2.085134e+01,2.083741e+01,2.087222e+01,2.096962e+01,2.090006e+01,2.087918e+01,2.083741e+01,2.083045e+01,2.083741e+01,2.094180e+01,2.078169e+01,2.091398e+01,2.087222e+01,2.087222e+01,2.078866e+01,2.087918e+01,2.096962e+01,2.096267e+01,2.095572e+01,2.084437e+01,2.083045e+01,2.086526e+01,2.082348e+01,2.080955e+01,2.082348e+01,2.088614e+01,2.084437e+01,2.086526e+01,2.085830e+01,2.099048e+01,2.083741e+01,2.086526e+01,2.097658e+01,2.092093e+01,2.090006e+01,2.087918e+01,2.097658e+01,2.090006e+01,2.092093e+01,2.082348e+01,2.082348e+01,2.087918e+01,2.078866e+01,2.082348e+01,2.078866e+01,2.093485e+01,2.083045e+01,2.102524e+01,2.091398e+01,2.093485e+01,2.090702e+01,2.092789e+01,2.089310e+01,2.078866e+01,2.100439e+01,2.101134e+01,2.093485e+01,2.087918e+01,2.087222e+01,2.088614e+01,2.096962e+01,2.101829e+01,2.085830e+01,2.096962e+01,2.099744e+01,2.088614e+01,2.097658e+01,2.097658e+01,2.099744e+01,2.090006e+01,2.103219e+01,2.085830e+01,2.088614e+01,2.097658e+01,2.098353e+01,2.085830e+01,2.086526e+01,2.103219e+01,2.098353e+01,2.092093e+01,2.071897e+01,2.084437e+01,2.073988e+01,2.079562e+01,2.080259e+01,2.078169e+01,2.084437e+01,2.087918e+01,2.083741e+01,2.096962e+01,2.084437e+01,2.091398e+01,2.084437e+01,2.084437e+01,2.083741e+01,2.093485e+01,2.085134e+01,2.104609e+01,2.086526e+01,2.105999e+01,2.099048e+01,2.151751e+01,2.134445e+01,2.121966e+01,2.130980e+01,2.117109e+01,2.120579e+01,2.143448e+01,2.130287e+01,2.139293e+01,2.139986e+01,2.134445e+01,2.143448e+01
2.088614e+01,2.073988e+01,2.064923e+01,2.057944e+01,2.075382e+01,2.074685e+01,2.071897e+01,2.064923e+01,2.069805e+01,2.067016e+01,2.079562e+01,2.071200e+01,2.070502e+01,2.084437e+01,2.073988e+01,2.069108e+01,2.069108e+01,2.073988e+01,2.080259e+01,2.080955e+01,2.076775e+01,2.074685e+01,2.074685e+01,2.069108e+01,2.083741e+01,2.078866e+01,2.080259e+01,2.076775e+01,2.076775e+01,2.078866e+01,2.076775e+01,2.077472e+01,2.077472e+01,2.076079e+01,2.082348e+01,2.076079e+01,2.076079e+01,2.072594e+01,2.078169e+01,2.073988e+01,2.074685e+01,2.076775e+01,2.074685e+01,2.077472e+01,2.076079e+01,2.069108e+01,2.085134e+01,2.061434e+01,2.096267e+01,2.060039e+01,2.069108e+01,2.071200e+01,2.074685e+01,2.066318e+01,2.069805e+01,2.073988e+01,2.067016e+01,2.067016e+01,2.069108e+01,2.071200e+01,2.061434e+01,2.071897e+01,2.077472e+01,2.069108e+01,2.075382e+01,2.079562e+01,2.075382e+01,2.068410e+01,2.069108e+01,2.062830e+01,2.062830e+01,2.071897e+01,2.070502e+01,2.093485e+01,2.062830e+01,2.076079e+01,2.068410e+01,2.071897e+01,2.072594e+01,2.064225e+01,2.062132e+01,2.068410e+01,2.085830e+01,2.072594e+01,2.067713e+01,2.074685e+01,2.073291e+01,2.067713e+01,2.078866e+01,2.069805e+01,2.067016e+01,2.066318e+01,2.060736e+01,2.067016e+01,2.070502e+01,2.067016e+01,2.071897e+01,2.064225e+01,2.067713e+01,2.078866e+01,2.055152e+01,2.057246e+01,2.065621e+01,2.061434e+01,2.061434e+01,2.062132e+01,2.066318e+01,2.064225e+01,2.061434e+01,2.062830e+01,2.062830e+01,2.065621e+01,2.065621e+01,2.068410e+01,2.067016e+01,2.067016e+01,2.067713e+01,2.067713e+01,2.093485e+01,2.066318e+01,2.067016e+01,2.069108e+01,2.068410e+01,2.068410e+01,2.069108e+01,2.071200e+01,2.064225e+01,2.063528e+01,2.062132e+01,2.065621e+01,2.057246e+01,2.057246e+01,2.053755e+01,2.064923e+01,2.073291e+01,2.064923e+01,2.070502e+01,2.073291e+01,2.064923e+01,2.074685e+01,2.076775e+01,2.062132e+01,2.076079e+01,2.063528e+01,2.069108e+01,2.066318e+01,2.047468e+01,2.060736e+01,2.042575e+01,2.071897e+01,2.062132e+01,2.059340e+01,2.058643e+01,2.059340e+01,2.063528e+01,2.060736e+01,2.055152e+01,2.050961e+01,2.042575e+01,2.055152e+01,2.053755e+01,2.052358e+01,2.043973e+01,2.027181e+01,2.046769e+01,2.050961e+01,2.050262e+01,2.043973e+01,2.047468e+01,2.048166e+01,2.054453e+01,2.059340e+01,2.053755e+01,2.041875e+01,2.046769e+01,2.037679e+01,2.041176e+01,2.045371e+01,2.055152e+01,2.032782e+01,2.032082e+01,2.026481e+01,2.028582e+01,2.021578e+01,2.004749e+01,1.992109e+01,1.963962e+01,1.970302e+01,1.958323e+01,1.954797e+01,1.956207e+01,1.956913e+01,1.958323e+01,1.968893e+01,1.968189e+01,1.970302e+01,1.941387e+01,1.957618e+01,1.955502e+01,1.951975e+01,1.961847e+01,1.965371e+01,1.962552e+01,1.963257e+01,1.968189e+01,1.966076e+01,1.963962e+01,1.963257e+01,1.956913e+01,1.957618e+01,1.972414e+01,1.966780e+01,1.980859e+01,1.972414e+01,1.968189e+01,1.984376e+01,1.962552e+01,1.972414e+01,1.959733e+01,1.956207e+01,1.956207e+01,1.947742e+01,1.955502e+01,1.944212e+01,1.948447e+01,1.938562e+01,1.942800e+01,1.938562e+01,1.939975e+01,1.944918e+01,1.939268e+01,1.939268e+01,1.924423e+01,1.942800e+01,1.924423e+01,1.928667e+01,1.937855e+01,1.940681e+01,1.931495e+01,1.929374e+01,1.938562e+01,1.932202e+01,1.927252e+01,1.928667e+01,1.930788e+01,1.931495e+01,1.911680e+01,1.918054e+01,1.904594e+01,1.908138e+01,1.904594e+01,1.891117e+01,1.892536e+01,1.884016e+01,1.894665e+01,1.878332e+01,1.874777e+01,1.874777e+01,1.861971e+01,1.866242e+01,1.856274e+01,1.857699e+01,1.861259e+01,1.859123e+01,1.842731e+01,1.841304e+01,1.821309e+01,1.797691e+01,1.786937e+01,1.824168e+01,1.916638e+01,1.949153e+01,1.952681e+01,1.959028e+01,1.960438e+01,1.977341e+01,1.969597e+01,1.976638e+01,1.971710e+01,1.968189e+01,1.980156e+01,1.976638e+01,1.975934e+01,1.982266e+01,1.994919e+01,1.993514e+01,1.980156e+01,1.977341e+01,1.998431e+01,1.982969e+01,1.976638e+01,1.992109e+01,1.980859e+01,1.986485e+01,1.983673e+01,1.986485e+01,1.991406e+01,1.983673e+01,1.999835e+01,1.979452e+01,1.995621e+01,1.999133e+01,1.976638e+01,1.984376e+01,1.989297e+01,1.993514e+01,1.997728e+01,1.992811e+01,1.995621e+01,1.996324e+01,1.988594e+01,1.997728e+01,1.992109e+01,2.007556e+01,2.011764e+01,1.992811e+01,2.007556e+01,1.999133e+01,2.008257e+01,2.002643e+01,2.004749e+01,1.994919e+01,2.003345e+01,2.002643e+01,2.000537e+01,1.985079e+01,2.008257e+01,1.999133e+01,2.011764e+01,2.011063e+01,2.011764e+01,2.008257e+01,2.015971e+01,2.013167e+01,2.019476e+01,2.016672e+01,2.015270e+01,2.009660e+01,2.015971e+01,2.020177e+01,2.013167e+01,2.019476e+01,2.018775e+01,2.006854e+01,2.001239e+01,1.989297e+01,1.942800e+01,1.901758e+01,1.911680e+01,1.935029e+01,1.913805e+01,1.909555e+01,1.910972e+01,1.906012e+01,1.906012e+01,1.904594e+01,1.923008e+01,1.932909e+01,1.915222e+01,1.930788e+01,1.932202e+01,1.952681e+01,1.984376e+01,1.997026e+01,2.012466e+01,2.041875e+01,2.048865e+01,2.054453e+01,2.052358e+01,2.055152e+01,2.069108e+01,2.051660e+01,2.038379e+01,2.058643e+01,2.062132e+01,2.049564e+01,2.059340e+01,2.053057e+01,2.055152e+01,2.059340e+01,2.055152e+01,2.057944e+01,2.059340e+01,2.063528e+01,2.050961e+01,2.064225e+01,2.055850e+01,2.052358e+01,2.067713e+01,2.067016e+01,2.060039e+01,2.064923e+01,2.061434e+01,2.069108e+01,2.069805e+01,2.057944e+01,2.058643e+01,2.055152e+01,2.057944e+01,2.053755e+01,2.057944e+01,2.055850e+01,2.055850e+01,2.056548e+01,2.051660e+01,2.055850e+01,2.051660e+01,2.046769e+01,2.048166e+01,2.066318e+01,2.062132e+01,2.049564e+01,2.051660e+01,2.048166e+01,2.053755e+01,2.045371e+01,2.052358e+01,2.055850e+01,2.055152e+01,2.052358e+01,2.055152e+01,2.062132e+01,2.041875e+01,2.049564e+01,2.039078e+01,2.048865e+01,2.050262e+01,2.050262e+01,2.048865e+01,2.051660e+01,2.060039e+01,2.053755e+01,2.046070e+01,2.053057e+01,2.046070e+01,2.053057e+01,2.060736e+01,2.033481e+01,2.036280e+01,2.041176e+01,2.041176e+01,2.041176e+01,2.036980e+01,2.039778e+01,2.041176e+01,2.033481e+01,2.032782e+01,2.031382e+01,2.033481e+01,2.034881e+01,2.029982e+01,2.033481e+01,2.027181e+01,2.024380e+01,2.014569e+01,2.025781e+01,2.020177e+01,2.030682e+01,2.029982e+01,2.037679e+01,2.038379e+01,2.035581e+01,2.045371e+01,2.053057e+01,2.043973e+01,2.044672e+01,2.045371e+01,2.049564e+01,2.062132e+01,2.060736e+01,2.049564e+01,2.053057e+01,2.052358e+01,2.048865e+01,2.048166e+01,2.043274e+01,2.052358e+01,2.050262e+01,2.049564e+01,2.050262e+01,2.050262e+01,2.052358e+01,2.043274e+01,2.036280e+01,2.036280e+01,2.043274e+01,2.038379e+01,2.044672e+01,2.043274e+01,2.044672e+01,2.031382e+01,2.043973e+01,2.049564e+01,2.041875e+01,2.046769e+01,2.043973e+01,2.043973e+01,2.049564e+01,2.048166e+01,2.043274e+01,2.045371e+01,2.044672e+01,2.048865e+01,2.049564e+01,2.053057e+01,2.055152e+01,2.048865e+01,2.042575e+01,2.041875e+01,2.071200e+01,2.053755e+01,2.050262e+01,2.068410e+01,2.052358e+01,2.055850e+01,2.054453e+01,2.053755e+01,2.041176e+01,2.055152e+01,2.050262e+01,2.048865e+01,2.060039e+01,2.063528e+01,2.076079e+01,2.086526e+01,2.085830e+01,2.084437e+01,2.084437e+01,2.081652e+01,2.090006e+01,2.088614e+01,2.081652e+01,2.080259e+01,2.083045e+01,2.081652e+01,2.081652e+01,2.078169e+01,2.085134e+01,2.083741e+01,2.083741e+01,2.085830e+01,2.085830e+01,2.078866e+01,2.095572e+01,2.078169e+01,2.085830e+01,2.075382e+01,2.087222e+01,2.063528e+01,2.088614e+01,2.089310e+01,2.090702e+01,2.080955e+01,2.085134e+01,2.090702e+01,2.088614e+01,2.094876e+01,2.094180e+01,2.094180e+01,2.096962e+01,2.087918e+01,2.089310e+01,2.093485e+01,2.084437e+01,2.084437e+01,2.089310e+01,2.082348e+01,2.098353e+01,2.089310e+01,2.079562e+01,2.092093e+01,2.090006e+01,2.073988e+01,2.095572e+01,2.088614e+01,2.087918e+01,2.094180e+01,2.093485e+01,2.095572e+01,2.114333e+01,2.096267e+01,2.073988e+01,2.086526e+01,2.082348e+01,2.090006e+01,2.111555e+01,2.091398e+01,2.095572e+01,2.099744e+01,2.088614e+01,2.100439e+01,2.111555e+01,2.113638e+01,2.087918e+01,2.094180e+01,2.102524e+01,2.088614e+01,2.100439e+01,2.090702e+01,2.094876e+01,2.105999e+01,2.099048e+01,2.094876e+01,2.101134e+01,2.087918e+01,2.096962e+01,2.083741e+01,2.089310e+01,2.087918e+01,2.089310e+01,2.066318e+01,2.062132e+01,2.093485e+01,2.078866e+01,2.086526e+01,2.094876e+01,2.083045e+01,2.083741e+01,2.079562e+01,2.087918e+01,2.090006e+01,2.093485e+01,2.084437e+01,2.097658e+01,2.090702e+01,2.101829e+01,2.098353e+01,2.115027e+01,2.128207e+01,2.124047e+01,2.122660e+01,2.157974e+01,2.149676e+01,2.132366e+01,2.139986e+01,2.151059e+01,2.149676e+01,2.152443e+01,2.139986e+01,2.143448e+01
2.084437e+01,2.080955e+01,2.068410e+01,2.081652e+01,2.060736e+01,2.062132e+01,2.074685e+01,2.075382e+01,2.069805e+01,2.065621e+01,2.071897e+01,2.075382e+01,2.063528e+01,2.070502e+01,2.070502e+01,2.062132e+01,2.076775e+01,2.063528e+01,2.065621e+01,2.079562e+01,2.077472e+01,2.058643e+01,2.072594e+01,2.079562e+01,2.069805e+01,2.073988e+01,2.074685e+01,2.073291e+01,2.078866e+01,2.090006e+01,2.072594e+01,2.090006e+01,2.075382e+01,2.082348e+01,2.075382e+01,2.075382e+01,2.076775e+01,2.076079e+01,2.073988e+01,2.072594e+01,2.073291e+01,2.078169e+01,2.073988e+01,2.067713e+01,2.075382e+01,2.079562e+01,2.080259e+01,2.084437e+01,2.064923e+01,2.063528e+01,2.074685e+01,2.067713e+01,2.069805e+01,2.067016e+01,2.057944e+01,2.074685e+01,2.075382e+01,2.071200e+01,2.062830e+01,2.075382e+01,2.071897e+01,2.053057e+01,2.068410e+01,2.083045e+01,2.100439e+01,2.068410e+01,2.064225e+01,2.076079e+01,2.066318e+01,2.064923e+01,2.060039e+01,2.068410e+01,2.069805e+01,2.064225e+01,2.067016e+01,2.060039e+01,2.067016e+01,2.069108e+01,2.063528e+01,2.067016e+01,2.064923e+01,2.065621e+01,2.069108e+01,2.053755e+01,2.068410e+01,2.071200e+01,2.064923e+01,2.066318e+01,2.070502e+01,2.066318e+01,2.066318e+01,2.064923e+01,2.062830e+01,2.064923e+01,2.072594e+01,2.070502e+01,2.060039e+01,2.068410e+01,2.064225e+01,2.064923e+01,2.062132e+01,2.074685e+01,2.083741e+01,2.069108e+01,2.070502e+01,2.063528e+01,2.071897e+01,2.067016e+01,2.061434e+01,2.068410e+01,2.061434e+01,2.064225e+01,2.066318e+01,2.058643e+01,2.070502e+01,2.083045e+01,2.057944e+01,2.063528e+01,2.064225e+01,2.053057e+01,2.068410e+01,2.070502e+01,2.069805e+01,2.063528e+01,2.061434e+01,2.062132e+01,2.064225e+01,2.062132e+01,2.060039e+01,2.066318e+01,2.053057e+01,2.062132e+01,2.055152e+01,2.062830e+01,2.065621e+01,2.067016e+01,2.055152e+01,2.060736e+01,2.070502e+01,2.053755e+01,2.051660e+01,2.066318e+01,2.062830e+01,2.064923e+01,2.059340e+01,2.053755e+01,2.060736e+01,2.060736e+01,2.060736e+01,2.058643e+01,2.061434e+01,2.060736e+01,2.060736e+01,2.058643e+01,2.043973e+01,2.052358e+01,2.049564e+01,2.049564e+01,2.045371e+01,2.049564e+01,2.044672e+01,2.047468e+01,2.044672e+01,2.042575e+01,2.042575e+01,2.041176e+01,2.045371e+01,2.050262e+01,2.055850e+01,2.054453e+01,2.051660e+01,2.053057e+01,2.048166e+01,2.050961e+01,2.043274e+01,2.050961e+01,2.042575e+01,2.041875e+01,2.040477e+01,2.031382e+01,2.027181e+01,2.024380e+01,2.016672e+01,2.023680e+01,2.018775e+01,1.989297e+01,1.988594e+01,1.951975e+01,1.956207e+01,1.954092e+01,1.967484e+01,1.963257e+01,1.955502e+01,1.966076e+01,1.956913e+01,1.956913e+01,1.954092e+01,1.954092e+01,1.954797e+01,1.954797e+01,1.953386e+01,1.955502e+01,1.960438e+01,1.955502e+01,1.960438e+01,1.959028e+01,1.963257e+01,1.956913e+01,1.955502e+01,1.961143e+01,1.965371e+01,1.971006e+01,1.973822e+01,1.964666e+01,1.964666e+01,1.961847e+01,1.963962e+01,1.959733e+01,1.956913e+01,1.949859e+01,1.954092e+01,1.947742e+01,1.958323e+01,1.947036e+01,1.933615e+01,1.933615e+01,1.935736e+01,1.939268e+01,1.941387e+01,1.941387e+01,1.939268e+01,1.942800e+01,1.940681e+01,1.929374e+01,1.930788e+01,1.932909e+01,1.935029e+01,1.932202e+01,1.939975e+01,1.934322e+01,1.920885e+01,1.929374e+01,1.920177e+01,1.915930e+01,1.923008e+01,1.928667e+01,1.921593e+01,1.922300e+01,1.915930e+01,1.906721e+01,1.898212e+01,1.881174e+01,1.896794e+01,1.896794e+01,1.893246e+01,1.894665e+01,1.880464e+01,1.863395e+01,1.866242e+01,1.863395e+01,1.865530e+01,1.866242e+01,1.859123e+01,1.852712e+01,1.846297e+01,1.848436e+01,1.832026e+01,1.838450e+01,1.833454e+01,1.851287e+01,1.906012e+01,1.930081e+01,1.961847e+01,1.951270e+01,1.964666e+01,1.957618e+01,1.968189e+01,1.972414e+01,1.975934e+01,1.984376e+01,1.979452e+01,1.978045e+01,1.980156e+01,1.983673e+01,1.979452e+01,1.986485e+01,1.978749e+01,1.975934e+01,1.975230e+01,1.978045e+01,1.986485e+01,1.973118e+01,1.975934e+01,1.973822e+01,1.980859e+01,1.982266e+01,1.984376e+01,1.983673e+01,1.989297e+01,1.982969e+01,1.984376e+01,1.999835e+01,1.975934e+01,1.992109e+01,1.988594e+01,1.988594e+01,1.991406e+01,1.992811e+01,1.997026e+01,1.994216e+01,1.999835e+01,1.996324e+01,1.999835e+01,2.000537e+01,2.001239e+01,2.001239e+01,1.999835e+01,2.000537e+01,2.002643e+01,2.004749e+01,2.002643e+01,1.997026e+01,1.998431e+01,2.001941e+01,1.999835e+01,1.999133e+01,1.999835e+01,2.008257e+01,2.000537e+01,2.002643e+01,2.013167e+01,1.998431e+01,2.006152e+01,2.027181e+01,2.018775e+01,2.010362e+01,2.009660e+01,2.017373e+01,2.003345e+01,2.021578e+01,2.020177e+01,2.015270e+01,2.016672e+01,2.015971e+01,2.009660e+01,1.990000e+01,1.930081e+01,1.927252e+01,1.913097e+01,1.901758e+01,1.905303e+01,1.893246e+01,1.902468e+01,1.898922e+01,1.905303e+01,1.902468e+01,1.910972e+01,1.917346e+01,1.920177e+01,1.929374e+01,1.928667e+01,1.939268e+01,1.951270e+01,1.989297e+01,2.011764e+01,2.011764e+01,2.036280e+01,2.046070e+01,2.048166e+01,2.055152e+01,2.035581e+01,2.053057e+01,2.043274e+01,2.047468e+01,2.055152e+01,2.050961e+01,2.058643e+01,2.065621e+01,2.064923e+01,2.057944e+01,2.057944e+01,2.055152e+01,2.073291e+01,2.057944e+01,2.053755e+01,2.057944e+01,2.055850e+01,2.062132e+01,2.046070e+01,2.068410e+01,2.064225e+01,2.053057e+01,2.055152e+01,2.055850e+01,2.056548e+01,2.053755e+01,2.056548e+01,2.052358e+01,2.057944e+01,2.056548e+01,2.057944e+01,2.057246e+01,2.050961e+01,2.049564e+01,2.057246e+01,2.061434e+01,2.053755e+01,2.051660e+01,2.056548e+01,2.060039e+01,2.058643e+01,2.057246e+01,2.055152e+01,2.051660e+01,2.055152e+01,2.046769e+01,2.076775e+01,2.042575e+01,2.056548e+01,2.056548e+01,2.052358e+01,2.055152e+01,2.054453e+01,2.050961e+01,2.057246e+01,2.045371e+01,2.053755e+01,2.049564e+01,2.052358e+01,2.039078e+01,2.050262e+01,2.051660e+01,2.017373e+01,2.053057e+01,2.045371e+01,2.048166e+01,2.042575e+01,2.042575e+01,2.040477e+01,2.041875e+01,2.040477e+01,2.039778e+01,2.035581e+01,2.039778e+01,2.036280e+01,2.042575e+01,2.045371e+01,2.040477e+01,2.034181e+01,2.032782e+01,2.036980e+01,2.032082e+01,2.034181e+01,2.029282e+01,2.007556e+01,2.022979e+01,2.013167e+01,2.011063e+01,2.012466e+01,2.027881e+01,2.022979e+01,2.032782e+01,2.047468e+01,2.031382e+01,2.049564e+01,2.057246e+01,2.057944e+01,2.055850e+01,2.052358e+01,2.048865e+01,2.056548e+01,2.059340e+01,2.054453e+01,2.060039e+01,2.046070e+01,2.045371e+01,2.050961e+01,2.039778e+01,2.053755e+01,2.055850e+01,2.043973e+01,2.050262e+01,2.052358e+01,2.039078e+01,2.042575e+01,2.045371e+01,2.043973e+01,2.044672e+01,2.044672e+01,2.045371e+01,2.047468e+01,2.048166e+01,2.050262e+01,2.049564e+01,2.042575e+01,2.043274e+01,2.040477e+01,2.046070e+01,2.044672e+01,2.041875e+01,2.036980e+01,2.039778e+01,2.037679e+01,2.036980e+01,2.039078e+01,2.049564e+01,2.018775e+01,2.040477e+01,2.043274e+01,2.048166e+01,2.039778e+01,2.042575e+01,2.038379e+01,2.039778e+01,2.041875e+01,2.057944e+01,2.055152e+01,2.043973e+01,2.044672e+01,2.045371e+01,2.049564e+01,2.057246e+01,2.078169e+01,2.072594e+01,2.092789e+01,2.086526e+01,2.080955e+01,2.081652e+01,2.085134e+01,2.087918e+01,2.080955e+01,2.092093e+01,2.079562e+01,2.079562e+01,2.085134e+01,2.078866e+01,2.076775e+01,2.087222e+01,2.085134e+01,2.089310e+01,2.088614e+01,2.080259e+01,2.096267e+01,2.080955e+01,2.096962e+01,2.080259e+01,2.073291e+01,2.085830e+01,2.086526e+01,2.084437e+01,2.088614e+01,2.089310e+01,2.087222e+01,2.090006e+01,2.087918e+01,2.087918e+01,2.085134e+01,2.095572e+01,2.089310e+01,2.087222e+01,2.092789e+01,2.093485e+01,2.083741e+01,2.089310e+01,2.086526e+01,2.096962e+01,2.083045e+01,2.094876e+01,2.094180e+01,2.084437e+01,2.091398e+01,2.093485e+01,2.090006e+01,2.088614e+01,2.093485e+01,2.085134e+01,2.090702e+01,2.092093e+01,2.103914e+01,2.110166e+01,2.093485e+01,2.087222e+01,2.090006e+01,2.090006e+01,2.092093e+01,2.100439e+01,2.090702e+01,2.094180e+01,2.087918e+01,2.099744e+01,2.098353e+01,2.092789e+01,2.090006e+01,2.099744e+01,2.104609e+01,2.105999e+01,2.108777e+01,2.098353e+01,2.089310e+01,2.090702e+01,2.092093e+01,2.095572e+01,2.085830e+01,2.094876e+01,2.085134e+01,2.090006e+01,2.088614e+01,2.087918e+01,2.092093e+01,2.090006e+01,2.088614e+01,2.069108e+01,2.090006e+01,2.092093e+01,2.090006e+01,2.090006e+01,2.083741e+01,2.090702e+01,2.089310e+01,2.091398e+01,2.085134e+01,2.087222e+01,2.085830e+01,2.092789e+01,2.115027e+01,2.110166e+01,2.109472e+01,2.117803e+01,2.102524e+01,2.110861e+01,2.130980e+01,2.125434e+01,2.123353e+01,2.133059e+01,2.133752e+01,2.139293e+01,2.139293e+01,2.146216e+01,2.142756e+01,2.143448e+01
2.087918e+01,2.083741e+01,2.064225e+01,2.067016e+01,2.087222e+01,2.069805e+01,2.079562e+01,2.071897e+01,2.069108e+01,2.067713e+01,2.072594e+01,2.095572e+01,2.072594e+01,2.073291e+01,2.083045e+01,2.076079e+01,2.080955e+01,2.078866e+01,2.067713e+01,2.074685e+01,2.076079e+01,2.068410e+01,2.073291e+01,2.062132e+01,2.073988e+01,2.067016e+01,2.075382e+01,2.068410e+01,2.068410e+01,2.076775e+01,2.067713e+01,2.093485e+01,2.075382e+01,2.073988e+01,2.065621e+01,2.062830e+01,2.076775e+01,2.072594e+01,2.070502e+01,2.066318e+01,2.066318e+01,2.074685e+01,2.076079e+01,2.067713e+01,2.065621e+01,2.067016e+01,2.069108e+01,2.080259e+01,2.075382e+01,2.075382e+01,2.067713e+01,2.059340e+01,2.074685e+01,2.086526e+01,2.076079e+01,2.058643e+01,2.071200e+01,2.078169e+01,2.094876e+01,2.080955e+01,2.053755e+01,2.067713e+01,2.071897e+01,2.057246e+01,2.064225e+01,2.057246e+01,2.070502e+01,2.069108e+01,2.066318e+01,2.064923e+01,2.073291e+01,2.062132e+01,2.067016e+01,2.069805e+01,2.071200e+01,2.063528e+01,2.067713e+01,2.060039e+01,2.072594e+01,2.064225e+01,2.064225e+01,2.069108e+01,2.062132e+01,2.069108e+01,2.067713e+01,2.064225e+01,2.067713e+01,2.064923e+01,2.085134e+01,2.078169e+01,2.073988e+01,2.076079e+01,2.069108e+01,2.063528e+01,2.071897e+01,2.078866e+01,2.075382e+01,2.060736e+01,2.067713e+01,2.065621e+01,2.064923e+01,2.069805e+01,2.064923e+01,2.072594e+01,2.063528e+01,2.058643e+01,2.053057e+01,2.062830e+01,2.066318e+01,2.065621e+01,2.066318e+01,2.064225e+01,2.060736e+01,2.061434e+01,2.066318e+01,2.064923e+01,2.059340e+01,2.066318e+01,2.059340e+01,2.054453e+01,2.059340e+01,2.071897e+01,2.053755e+01,2.066318e+01,2.062132e+01,2.066318e+01,2.066318e+01,2.062830e+01,2.066318e+01,2.065621e+01,2.036280e+01,2.073291e+01,2.077472e+01,2.060039e+01,2.063528e+01,2.063528e+01,2.062830e+01,2.053755e+01,2.064923e+01,2.051660e+01,2.064923e+01,2.060736e+01,2.071897e+01,2.060039e+01,2.057246e+01,2.062132e+01,2.059340e+01,2.060736e+01,2.060039e+01,2.062830e+01,2.063528e+01,2.050961e+01,2.062132e+01,2.050961e+01,2.052358e+01,2.055850e+01,2.050262e+01,2.055152e+01,2.046769e+01,2.056548e+01,2.046070e+01,2.050961e+01,2.046070e+01,2.042575e+01,2.039778e+01,2.048865e+01,2.053755e+01,2.053755e+01,2.042575e+01,2.051660e+01,2.054453e+01,2.055152e+01,2.040477e+01,2.044672e+01,2.055152e+01,2.042575e+01,2.043274e+01,2.033481e+01,2.028582e+01,2.031382e+01,2.032082e+01,2.025781e+01,2.019476e+01,2.004749e+01,1.994919e+01,2.001239e+01,1.968893e+01,1.961143e+01,1.960438e+01,1.955502e+01,1.968893e+01,1.956913e+01,1.953386e+01,1.958323e+01,1.968893e+01,1.959028e+01,1.955502e+01,1.951975e+01,1.955502e+01,1.959733e+01,1.957618e+01,1.954092e+01,1.950564e+01,1.961143e+01,1.961847e+01,1.956207e+01,1.961847e+01,1.965371e+01,1.963257e+01,1.959733e+01,1.963962e+01,1.966076e+01,1.966780e+01,1.963257e+01,1.977341e+01,1.966076e+01,1.963962e+01,1.963257e+01,1.953386e+01,1.954092e+01,1.958323e+01,1.958323e+01,1.947036e+01,1.947036e+01,1.939975e+01,1.948447e+01,1.941387e+01,1.950564e+01,1.957618e+01,1.938562e+01,1.940681e+01,1.944918e+01,1.940681e+01,1.940681e+01,1.935736e+01,1.941387e+01,1.935736e+01,1.934322e+01,1.952681e+01,1.953386e+01,1.932909e+01,1.923715e+01,1.925130e+01,1.919469e+01,1.929374e+01,1.911680e+01,1.918054e+01,1.923008e+01,1.916638e+01,1.912389e+01,1.908847e+01,1.896084e+01,1.896084e+01,1.893956e+01,1.895375e+01,1.896084e+01,1.877621e+01,1.883306e+01,1.867665e+01,1.859835e+01,1.859123e+01,1.866953e+01,1.837023e+01,1.854850e+01,1.846297e+01,1.842018e+01,1.844157e+01,1.849149e+01,1.844157e+01,1.860547e+01,1.911680e+01,1.947036e+01,1.948447e+01,1.955502e+01,1.950564e+01,1.959028e+01,1.963257e+01,1.977341e+01,1.979452e+01,1.973822e+01,1.952681e+01,1.967484e+01,1.980859e+01,1.982266e+01,1.972414e+01,1.982969e+01,1.976638e+01,1.978045e+01,1.987892e+01,1.981563e+01,1.982266e+01,1.969597e+01,1.968893e+01,1.980156e+01,1.970302e+01,1.984376e+01,1.985079e+01,1.989297e+01,1.984376e+01,1.982266e+01,1.985079e+01,1.986485e+01,1.993514e+01,1.988594e+01,1.987892e+01,1.999133e+01,1.992811e+01,1.991406e+01,1.992109e+01,1.997728e+01,1.997026e+01,2.001239e+01,1.992811e+01,2.004047e+01,1.997728e+01,1.998431e+01,1.999835e+01,2.005451e+01,2.004749e+01,2.004749e+01,2.005451e+01,1.999835e+01,2.001941e+01,1.994216e+01,1.996324e+01,2.004749e+01,2.004047e+01,1.994216e+01,1.993514e+01,2.008257e+01,2.013167e+01,2.001941e+01,2.001239e+01,2.021578e+01,2.012466e+01,1.994216e+01,2.028582e+01,2.001239e+01,2.019476e+01,2.027181e+01,2.025080e+01,2.014569e+01,2.008257e+01,2.030682e+01,2.002643e+01,1.987892e+01,1.929374e+01,1.869799e+01,1.858411e+01,1.854850e+01,1.876199e+01,1.863395e+01,1.884016e+01,1.897503e+01,1.908138e+01,1.897503e+01,1.898922e+01,1.933615e+01,1.893246e+01,1.915222e+01,1.941387e+01,1.930081e+01,1.939268e+01,1.976638e+01,1.978749e+01,2.008257e+01,2.016672e+01,2.029982e+01,2.039778e+01,2.034181e+01,2.052358e+01,2.037679e+01,2.048865e+01,2.055850e+01,2.060039e+01,2.055850e+01,2.059340e+01,2.057246e+01,2.058643e+01,2.062132e+01,2.078169e+01,2.055152e+01,2.055850e+01,2.067713e+01,2.053755e+01,2.068410e+01,2.071200e+01,2.054453e+01,2.068410e+01,2.069805e+01,2.060736e+01,2.067713e+01,2.065621e+01,2.065621e+01,2.055152e+01,2.053057e+01,2.053755e+01,2.055850e+01,2.053057e+01,2.056548e+01,2.057944e+01,2.051660e+01,2.055850e+01,2.057246e+01,2.057246e+01,2.059340e+01,2.057944e+01,2.061434e+01,2.060039e+01,2.057246e+01,2.057246e+01,2.055152e+01,2.053057e+01,2.056548e+01,2.048166e+01,2.044672e+01,2.058643e+01,2.053057e+01,2.052358e+01,2.056548e+01,2.049564e+01,2.055152e+01,2.047468e+01,2.050961e+01,2.047468e+01,2.043973e+01,2.050961e+01,2.054453e+01,2.050262e+01,2.055152e+01,2.053057e+01,2.050961e+01,2.050262e+01,2.053755e+01,2.049564e+01,2.050262e+01,2.048166e+01,2.046769e+01,2.043274e+01,2.052358e+01,2.048865e+01,2.042575e+01,2.039078e+01,2.046070e+01,2.044672e+01,2.041875e+01,2.033481e+01,2.036280e+01,2.043973e+01,2.034181e+01,2.034881e+01,2.032082e+01,2.006152e+01,2.025781e+01,2.007556e+01,2.015971e+01,2.013167e+01,2.015971e+01,2.020177e+01,2.034881e+01,2.028582e+01,2.029282e+01,2.028582e+01,2.041176e+01,2.031382e+01,2.046070e+01,2.040477e+01,2.057944e+01,2.048166e+01,2.053057e+01,2.051660e+01,2.051660e+01,2.055152e+01,2.055152e+01,2.048166e+01,2.052358e+01,2.052358e+01,2.050262e+01,2.057246e+01,2.056548e+01,2.046769e+01,2.044672e+01,2.046769e+01,2.048166e+01,2.044672e+01,2.044672e+01,2.043973e+01,2.050262e+01,2.044672e+01,2.050262e+01,2.042575e+01,2.043274e+01,2.040477e+01,2.043973e+01,2.046070e+01,2.046769e+01,2.050262e+01,2.044672e+01,2.048865e+01,2.038379e+01,2.045371e+01,2.037679e+01,2.051660e+01,2.046070e+01,2.043274e+01,2.041176e+01,2.036980e+01,2.047468e+01,2.041875e+01,2.019476e+01,2.046070e+01,2.036280e+01,2.037679e+01,2.065621e+01,2.060039e+01,2.048166e+01,2.050262e+01,2.047468e+01,2.050262e+01,2.046769e+01,2.048166e+01,2.057246e+01,2.060039e+01,2.076079e+01,2.081652e+01,2.085830e+01,2.083741e+01,2.083741e+01,2.081652e+01,2.084437e+01,2.084437e+01,2.092093e+01,2.098353e+01,2.080955e+01,2.079562e+01,2.078866e+01,2.083045e+01,2.083741e+01,2.078866e+01,2.084437e+01,2.084437e+01,2.082348e+01,2.101829e+01,2.080955e+01,2.077472e+01,2.081652e+01,2.078866e+01,2.078169e+01,2.081652e+01,2.078866e+01,2.084437e+01,2.090702e+01,2.083045e+01,2.088614e+01,2.089310e+01,2.097658e+01,2.097658e+01,2.084437e+01,2.079562e+01,2.087222e+01,2.096962e+01,2.090702e+01,2.089310e+01,2.098353e+01,2.090006e+01,2.083045e+01,2.096962e+01,2.084437e+01,2.087222e+01,2.082348e+01,2.090006e+01,2.082348e+01,2.076079e+01,2.093485e+01,2.084437e+01,2.082348e+01,2.076079e+01,2.103914e+01,2.096267e+01,2.090702e+01,2.094180e+01,2.092093e+01,2.091398e+01,2.103219e+01,2.089310e+01,2.082348e+01,2.094180e+01,2.096267e+01,2.089310e+01,2.092789e+01,2.088614e+01,2.112944e+01,2.096267e+01,2.094180e+01,2.097658e+01,2.097658e+01,2.088614e+01,2.107388e+01,2.090006e+01,2.090702e+01,2.096267e+01,2.094180e+01,2.087222e+01,2.111555e+01,2.081652e+01,2.090006e+01,2.093485e+01,2.074685e+01,2.074685e+01,2.081652e+01,2.094180e+01,2.091398e+01,2.090702e+01,2.076079e+01,2.080259e+01,2.087918e+01,2.085830e+01,2.084437e+01,2.078169e+01,2.080259e+01,2.094180e+01,2.093485e+01,2.083045e+01,2.093485e+01,2.087222e+01,2.093485e+01,2.100439e+01,2.103219e+01,2.123353e+01,2.109472e+01,2.119885e+01,2.129594e+01,2.123353e+01,2.128901e+01,2.130980e+01,2.141371e+01,2.135830e+01,2.142063e+01,2.143448e+01,2.144832e+01
2.083741e+01,2.076079e+01,2.082348e+01,2.084437e+01,2.070502e+01,2.083741e+01,2.071897e+01,2.074685e+01,2.076079e+01,2.079562e+01,2.077472e+01,2.082348e+01,2.090006e+01,2.088614e+01,2.080259e+01,2.071897e+01,2.078866e+01,2.080259e+01,2.080259e+01,2.078169e+01,2.070502e+01,2.080955e+01,2.076079e+01,2.067713e+01,2.073291e+01,2.073988e+01,2.075382e+01,2.078866e+01,2.078169e+01,2.067713e+01,2.071897e+01,2.073988e+01,2.075382e+01,2.066318e+01,2.075382e+01,2.076079e+01,2.076079e+01,2.080955e+01,2.071200e+01,2.073988e+01,2.072594e+01,2.071897e+01,2.066318e+01,2.076775e+01,2.068410e+01,2.069805e+01,2.073988e+01,2.071897e+01,2.065621e+01,2.067016e+01,2.069805e+01,2.072594e+01,2.064225e+01,2.068410e+01,2.064923e+01,2.075382e+01,2.075382e+01,2.069805e+01,2.071200e+01,2.060039e+01,2.069108e+01,2.062132e+01,2.067713e+01,2.065621e+01,2.069805e+01,2.061434e+01,2.067016e+01,2.058643e+01,2.053755e+01,2.067713e+01,2.072594e+01,2.074685e+01,2.067713e+01,2.069108e+01,2.067713e+01,2.085830e+01,2.069805e+01,2.078169e+01,2.075382e+01,2.071897e+01,2.071200e+01,2.072594e+01,2.064225e+01,2.062830e+01,2.064225e+01,2.069805e+01,2.073988e+01,2.066318e+01,2.076775e+01,2.070502e+01,2.069805e+01,2.067016e+01,2.076079e+01,2.069805e+01,2.070502e+01,2.069805e+01,2.072594e+01,2.055152e+01,2.069805e+01,2.072594e+01,2.073988e+01,2.071200e+01,2.072594e+01,2.067016e+01,2.061434e+01,2.067713e+01,2.069805e+01,2.067016e+01,2.062132e+01,2.068410e+01,2.063528e+01,2.064923e+01,2.064225e+01,2.062830e+01,2.067016e+01,2.067016e+01,2.079562e+01,2.073291e+01,2.057944e+01,2.061434e+01,2.067713e+01,2.069108e+01,2.068410e+01,2.067713e+01,2.064923e+01,2.058643e+01,2.060736e+01,2.064225e+01,2.061434e+01,2.064225e+01,2.072594e+01,2.060736e+01,2.073988e+01,2.064923e+01,2.068410e+01,2.057944e+01,2.062132e+01,2.068410e+01,2.083045e+01,2.083741e+01,2.060736e+01,2.056548e+01,2.069805e+01,2.061434e+01,2.068410e+01,2.061434e+01,2.071200e+01,2.064225e+01,2.061434e+01,2.061434e+01,2.057944e+01,2.051660e+01,2.062830e+01,2.054453e+01,2.052358e+01,2.051660e+01,2.055850e+01,2.054453e+01,2.048166e+01,2.045371e+01,2.046070e+01,2.043973e+01,2.053755e+01,2.047468e+01,2.043274e+01,2.047468e+01,2.060039e+01,2.057944e+01,2.055152e+01,2.052358e+01,2.060736e+01,2.055850e+01,2.055850e+01,2.054453e+01,2.056548e+01,2.042575e+01,2.050262e+01,2.050961e+01,2.034881e+01,2.006854e+01,2.020177e+01,2.009660e+01,2.016672e+01,1.997728e+01,2.000537e+01,1.985079e+01,1.985782e+01,1.978749e+01,1.962552e+01,1.964666e+01,1.968893e+01,1.966076e+01,1.968189e+01,1.975230e+01,1.950564e+01,1.954092e+01,1.953386e+01,1.955502e+01,1.952681e+01,1.960438e+01,1.954092e+01,1.959028e+01,1.959028e+01,1.961143e+01,1.954797e+01,1.963962e+01,1.960438e+01,1.964666e+01,1.959028e+01,1.966076e+01,1.962552e+01,1.972414e+01,1.964666e+01,1.945624e+01,1.973118e+01,1.966780e+01,1.959028e+01,1.947742e+01,1.954797e+01,1.947036e+01,1.961847e+01,1.948447e+01,1.954797e+01,1.953386e+01,1.948447e+01,1.953386e+01,1.945624e+01,1.947742e+01,1.940681e+01,1.938562e+01,1.951975e+01,1.937855e+01,1.943506e+01,1.942093e+01,1.939268e+01,1.934322e+01,1.947036e+01,1.944918e+01,1.937149e+01,1.935029e+01,1.946330e+01,1.933615e+01,1.929374e+01,1.920885e+01,1.950564e+01,1.925130e+01,1.923008e+01,1.922300e+01,1.917346e+01,1.917346e+01,1.901758e+01,1.907429e+01,1.906721e+01,1.901758e+01,1.898922e+01,1.896794e+01,1.881174e+01,1.884016e+01,1.879753e+01,1.862683e+01,1.859835e+01,1.859835e+01,1.856987e+01,1.855562e+01,1.843444e+01,1.865530e+01,1.851287e+01,1.837737e+01,1.859123e+01,1.885437e+01,1.918761e+01,1.949859e+01,1.951975e+01,1.953386e+01,1.964666e+01,1.967484e+01,1.975230e+01,1.967484e+01,1.955502e+01,1.971710e+01,1.975934e+01,1.974526e+01,1.979452e+01,1.981563e+01,1.987189e+01,1.983673e+01,1.979452e+01,1.980859e+01,1.973118e+01,1.978749e+01,1.983673e+01,1.987892e+01,1.978749e+01,1.984376e+01,1.986485e+01,1.979452e+01,1.980859e+01,1.980156e+01,1.995621e+01,1.996324e+01,1.977341e+01,1.991406e+01,1.995621e+01,1.990703e+01,1.993514e+01,1.979452e+01,1.983673e+01,1.976638e+01,1.984376e+01,1.992811e+01,1.982969e+01,1.985782e+01,1.998431e+01,1.994216e+01,1.992811e+01,1.999835e+01,1.999133e+01,2.004047e+01,2.006854e+01,2.012466e+01,2.007556e+01,2.002643e+01,1.999133e+01,2.005451e+01,2.002643e+01,2.004047e+01,2.005451e+01,1.992811e+01,1.990703e+01,2.002643e+01,2.001239e+01,2.006152e+01,2.016672e+01,2.005451e+01,2.002643e+01,2.022979e+01,2.022278e+01,2.012466e+01,2.006152e+01,2.005451e+01,2.016672e+01,2.027881e+01,2.014569e+01,2.018074e+01,2.013868e+01,1.993514e+01,1.927252e+01,1.851999e+01,1.834168e+01,1.833454e+01,1.832740e+01,1.843444e+01,1.849861e+01,1.847010e+01,1.858411e+01,1.875488e+01,1.879753e+01,1.871222e+01,1.885437e+01,1.901758e+01,1.901049e+01,1.904594e+01,1.932202e+01,1.948447e+01,1.977341e+01,1.999835e+01,2.001941e+01,2.032082e+01,2.040477e+01,2.046070e+01,2.051660e+01,2.053057e+01,2.056548e+01,2.064225e+01,2.062132e+01,2.057246e+01,2.058643e+01,2.062132e+01,2.060039e+01,2.060039e+01,2.060736e+01,2.059340e+01,2.057246e+01,2.055152e+01,2.064923e+01,2.060736e+01,2.070502e+01,2.067016e+01,2.070502e+01,2.056548e+01,2.057944e+01,2.050262e+01,2.052358e+01,2.064225e+01,2.058643e+01,2.068410e+01,2.057246e+01,2.057246e+01,2.060039e+01,2.057246e+01,2.055850e+01,2.057246e+01,2.057246e+01,2.057944e+01,2.047468e+01,2.060039e+01,2.062132e+01,2.059340e+01,2.060039e+01,2.069805e+01,2.057246e+01,2.055152e+01,2.066318e+01,2.057944e+01,2.050262e+01,2.065621e+01,2.057246e+01,2.050262e+01,2.058643e+01,2.053057e+01,2.054453e+01,2.053057e+01,2.049564e+01,2.057246e+01,2.058643e+01,2.051660e+01,2.051660e+01,2.050961e+01,2.053755e+01,2.053755e+01,2.053057e+01,2.049564e+01,2.053755e+01,2.050961e+01,2.051660e+01,2.043973e+01,2.044672e+01,2.069108e+01,2.050262e+01,2.048865e+01,2.047468e+01,2.057246e+01,2.039778e+01,2.043973e+01,2.035581e+01,2.044672e+01,2.045371e+01,2.063528e+01,2.042575e+01,2.036280e+01,2.038379e+01,2.028582e+01,2.028582e+01,2.030682e+01,2.026481e+01,2.008959e+01,2.012466e+01,2.019476e+01,2.022979e+01,2.041875e+01,2.025781e+01,2.051660e+01,2.043973e+01,2.041875e+01,2.053057e+01,2.047468e+01,2.041176e+01,2.047468e+01,2.046769e+01,2.077472e+01,2.062132e+01,2.047468e+01,2.065621e+01,2.057944e+01,2.043973e+01,2.050262e+01,2.056548e+01,2.078169e+01,2.053755e+01,2.046769e+01,2.046070e+01,2.046769e+01,2.045371e+01,2.043973e+01,2.046070e+01,2.047468e+01,2.050961e+01,2.046070e+01,2.048166e+01,2.053755e+01,2.052358e+01,2.047468e+01,2.048865e+01,2.047468e+01,2.046769e+01,2.040477e+01,2.043274e+01,2.048865e+01,2.048166e+01,2.048865e+01,2.040477e+01,2.035581e+01,2.035581e+01,2.050262e+01,2.052358e+01,2.033481e+01,2.050961e+01,2.050961e+01,2.047468e+01,2.050262e+01,2.050961e+01,2.043274e+01,2.036280e+01,2.046769e+01,2.054453e+01,2.057246e+01,2.056548e+01,2.055152e+01,2.049564e+01,2.044672e+01,2.084437e+01,2.054453e+01,2.062830e+01,2.072594e+01,2.077472e+01,2.081652e+01,2.084437e+01,2.085134e+01,2.083045e+01,2.083741e+01,2.084437e+01,2.080259e+01,2.086526e+01,2.087222e+01,2.084437e+01,2.088614e+01,2.076775e+01,2.083741e+01,2.081652e+01,2.081652e+01,2.084437e+01,2.081652e+01,2.093485e+01,2.089310e+01,2.084437e+01,2.091398e+01,2.083741e+01,2.081652e+01,2.087222e+01,2.085134e+01,2.087222e+01,2.078169e+01,2.090006e+01,2.088614e+01,2.086526e+01,2.089310e+01,2.088614e+01,2.080955e+01,2.093485e+01,2.089310e+01,2.096267e+01,2.096962e+01,2.087222e+01,2.094876e+01,2.094876e+01,2.087918e+01,2.095572e+01,2.089310e+01,2.101829e+01,2.090702e+01,2.087222e+01,2.092789e+01,2.076775e+01,2.076079e+01,2.103914e+01,2.094876e+01,2.080955e+01,2.087918e+01,2.090006e+01,2.091398e+01,2.094180e+01,2.093485e+01,2.094180e+01,2.094876e+01,2.096962e+01,2.092093e+01,2.094876e+01,2.087918e+01,2.103914e+01,2.102524e+01,2.103219e+01,2.107388e+01,2.106693e+01,2.093485e+01,2.102524e+01,2.107388e+01,2.090006e+01,2.090702e+01,2.101829e+01,2.096962e+01,2.094876e+01,2.110166e+01,2.113638e+01,2.094180e+01,2.110861e+01,2.092093e+01,2.090702e+01,2.088614e+01,2.091398e+01,2.090702e+01,2.092093e+01,2.089310e+01,2.083741e+01,2.087222e+01,2.071897e+01,2.091398e+01,2.092789e+01,2.080955e+01,2.085134e+01,2.074685e+01,2.096267e+01,2.094180e+01,2.087918e+01,2.105999e+01,2.094876e+01,2.108083e+01,2.115721e+01,2.121272e+01,2.105304e+01,2.136523e+01,2.108083e+01,2.139293e+01,2.118497e+01,2.130287e+01,2.119191e+01,2.140678e+01,2.137908e+01,2.126821e+01,2.137908e+01,2.122660e+01
2.083741e+01,2.087918e+01,2.083741e+01,2.078169e+01,2.084437e+01,2.089310e+01,2.095572e+01,2.083741e+01,2.071897e+01,2.067016e+01,2.077472e+01,2.073291e+01,2.073291e+01,2.075382e+01,2.078169e+01,2.080259e+01,2.076079e+01,2.062830e+01,2.073988e+01,2.078866e+01,2.084437e+01,2.076079e+01,2.069805e+01,2.080955e+01,2.075382e+01,2.078866e+01,2.082348e+01,2.078866e+01,2.080955e+01,2.085134e+01,2.080955e+01,2.076079e+01,2.083741e+01,2.075382e+01,2.075382e+01,2.079562e+01,2.071897e+01,2.092789e+01,2.072594e+01,2.073291e+01,2.071897e+01,2.075382e+01,2.086526e+01,2.079562e+01,2.071200e+01,2.068410e+01,2.070502e+01,2.064923e+01,2.070502e+01,2.069108e+01,2.077472e+01,2.073291e+01,2.071200e+01,2.068410e+01,2.048865e+01,2.073291e+01,2.076079e+01,2.073988e+01,2.069805e+01,2.080259e+01,2.062830e+01,2.064923e+01,2.073291e+01,2.090006e+01,2.071200e+01,2.072594e+01,2.071200e+01,2.073291e+01,2.058643e+01,2.060039e+01,2.055152e+01,2.060736e+01,2.069805e+01,2.069108e+01,2.062132e+01,2.082348e+01,2.070502e+01,2.067016e+01,2.071200e+01,2.086526e+01,2.065621e+01,2.067016e+01,2.067016e+01,2.073988e+01,2.071897e+01,2.064923e+01,2.067713e+01,2.073988e+01,2.077472e+01,2.076775e+01,2.073988e+01,2.069805e+01,2.080955e+01,2.070502e+01,2.067713e+01,2.069108e+01,2.071897e+01,2.070502e+01,2.077472e+01,2.076079e+01,2.074685e+01,2.071897e+01,2.067016e+01,2.070502e+01,2.073291e+01,2.070502e+01,2.070502e+01,2.071897e+01,2.064923e+01,2.064923e+01,2.064225e+01,2.084437e+01,2.063528e+01,2.062830e+01,2.087222e+01,2.067713e+01,2.069805e+01,2.069805e+01,2.062132e+01,2.065621e+01,2.061434e+01,2.066318e+01,2.064923e+01,2.060039e+01,2.084437e+01,2.067016e+01,2.062830e+01,2.069108e+01,2.060039e+01,2.069805e+01,2.065621e+01,2.062132e+01,2.063528e+01,2.063528e+01,2.061434e+01,2.060736e+01,2.050961e+01,2.053755e+01,2.053057e+01,2.074685e+01,2.052358e+01,2.055850e+01,2.073291e+01,2.064923e+01,2.064923e+01,2.062830e+01,2.064923e+01,2.062132e+01,2.060736e+01,2.061434e+01,2.057944e+01,2.050262e+01,2.048865e+01,2.060736e+01,2.053057e+01,2.048865e+01,2.054453e+01,2.060736e+01,2.031382e+01,2.045371e+01,2.046070e+01,2.050262e+01,2.043274e+01,2.045371e+01,2.041875e+01,2.060736e+01,2.065621e+01,2.050262e+01,2.055152e+01,2.047468e+01,2.052358e+01,2.057246e+01,2.054453e+01,2.054453e+01,2.054453e+01,2.045371e+01,2.043274e+01,2.032782e+01,2.028582e+01,2.033481e+01,2.022278e+01,2.006854e+01,1.997728e+01,2.004749e+01,1.984376e+01,1.992109e+01,1.985782e+01,1.970302e+01,1.956913e+01,1.951270e+01,1.968893e+01,1.966076e+01,1.961143e+01,1.959733e+01,1.953386e+01,1.965371e+01,1.952681e+01,1.967484e+01,1.958323e+01,1.957618e+01,1.954797e+01,1.961143e+01,1.970302e+01,1.959733e+01,1.958323e+01,1.964666e+01,1.942093e+01,1.963257e+01,1.963962e+01,1.949153e+01,1.969597e+01,1.958323e+01,1.944212e+01,1.963257e+01,1.966780e+01,1.967484e+01,1.954797e+01,1.957618e+01,1.951975e+01,1.950564e+01,1.954092e+01,1.971710e+01,1.954092e+01,1.942800e+01,1.937855e+01,1.954092e+01,1.944918e+01,1.954092e+01,1.947742e+01,1.937149e+01,1.940681e+01,1.940681e+01,1.954797e+01,1.930081e+01,1.935029e+01,1.942800e+01,1.947036e+01,1.937855e+01,1.942800e+01,1.923008e+01,1.933615e+01,1.933615e+01,1.926545e+01,1.925130e+01,1.925838e+01,1.923715e+01,1.917346e+01,1.935029e+01,1.926545e+01,1.931495e+01,1.908138e+01,1.918054e+01,1.916638e+01,1.898922e+01,1.899631e+01,1.899631e+01,1.893956e+01,1.886857e+01,1.879753e+01,1.869799e+01,1.881174e+01,1.866953e+01,1.868376e+01,1.859123e+01,1.857699e+01,1.854137e+01,1.859123e+01,1.847010e+01,1.849861e+01,1.852712e+01,1.906012e+01,1.952681e+01,1.949859e+01,1.969597e+01,1.965371e+01,1.965371e+01,1.961143e+01,1.963257e+01,1.951270e+01,1.962552e+01,1.956207e+01,1.958323e+01,1.981563e+01,1.980859e+01,1.977341e+01,1.985079e+01,1.962552e+01,1.982266e+01,1.980859e+01,1.988594e+01,1.983673e+01,1.985079e+01,1.986485e+01,1.991406e+01,1.972414e+01,1.983673e+01,1.982266e+01,1.978045e+01,1.986485e+01,1.983673e+01,1.981563e+01,1.985079e+01,1.997026e+01,1.986485e+01,1.992811e+01,1.993514e+01,1.998431e+01,1.994216e+01,1.994216e+01,1.980859e+01,1.997728e+01,2.018074e+01,2.006152e+01,2.013167e+01,1.994919e+01,2.006854e+01,1.994216e+01,2.004047e+01,2.004749e+01,2.004047e+01,2.004749e+01,2.008257e+01,2.009660e+01,1.997026e+01,2.004047e+01,2.003345e+01,2.005451e+01,2.008257e+01,2.001239e+01,1.999133e+01,2.009660e+01,2.015270e+01,2.011063e+01,2.015270e+01,2.011063e+01,2.016672e+01,2.018775e+01,2.008959e+01,2.016672e+01,2.009660e+01,2.020177e+01,2.022979e+01,2.015971e+01,2.015971e+01,2.009660e+01,1.992811e+01,1.925130e+01,1.848436e+01,1.830597e+01,1.832740e+01,1.827740e+01,1.831312e+01,1.827740e+01,1.832740e+01,1.839164e+01,1.845584e+01,1.840591e+01,1.849861e+01,1.851999e+01,1.871222e+01,1.869799e+01,1.908138e+01,1.926545e+01,1.932909e+01,1.953386e+01,1.948447e+01,1.977341e+01,2.018775e+01,2.034181e+01,2.041875e+01,2.039778e+01,2.050961e+01,2.043973e+01,2.058643e+01,2.060736e+01,2.053057e+01,2.062830e+01,2.067713e+01,2.059340e+01,2.061434e+01,2.060039e+01,2.062132e+01,2.060039e+01,2.067016e+01,2.067713e+01,2.059340e+01,2.070502e+01,2.057246e+01,2.071200e+01,2.071200e+01,2.062132e+01,2.066318e+01,2.065621e+01,2.049564e+01,2.067016e+01,2.057944e+01,2.055850e+01,2.069805e+01,2.055850e+01,2.057246e+01,2.055850e+01,2.065621e+01,2.055152e+01,2.055152e+01,2.061434e+01,2.049564e+01,2.060039e+01,2.053057e+01,2.057246e+01,2.055850e+01,2.051660e+01,2.053755e+01,2.056548e+01,2.055152e+01,2.056548e+01,2.049564e+01,2.061434e+01,2.065621e+01,2.049564e+01,2.062830e+01,2.056548e+01,2.041875e+01,2.055152e+01,2.051660e+01,2.054453e+01,2.050961e+01,2.064923e+01,2.060039e+01,2.050262e+01,2.060736e+01,2.034881e+01,2.052358e+01,2.057246e+01,2.052358e+01,2.053057e+01,2.064225e+01,2.056548e+01,2.058643e+01,2.061434e+01,2.060039e+01,2.043274e+01,2.043274e+01,2.047468e+01,2.043973e+01,2.043973e+01,2.040477e+01,2.051660e+01,2.043274e+01,2.039078e+01,2.034181e+01,2.033481e+01,2.029282e+01,2.034881e+01,2.032782e+01,2.011764e+01,2.026481e+01,2.018074e+01,2.032082e+01,2.022278e+01,2.039078e+01,2.034181e+01,2.053755e+01,2.054453e+01,2.046769e+01,2.039778e+01,2.048865e+01,2.043274e+01,2.061434e+01,2.051660e+01,2.057944e+01,2.056548e+01,2.043274e+01,2.066318e+01,2.048865e+01,2.044672e+01,2.042575e+01,2.053057e+01,2.046070e+01,2.055152e+01,2.053755e+01,2.054453e+01,2.055152e+01,2.046070e+01,2.047468e+01,2.047468e+01,2.046769e+01,2.050262e+01,2.046769e+01,2.051660e+01,2.052358e+01,2.040477e+01,2.053057e+01,2.053057e+01,2.053057e+01,2.048166e+01,2.046070e+01,2.042575e+01,2.048865e+01,2.048166e+01,2.055850e+01,2.049564e+01,2.051660e+01,2.053057e+01,2.029282e+01,2.047468e+01,2.046070e+01,2.047468e+01,2.057246e+01,2.055152e+01,2.057944e+01,2.039778e+01,2.054453e+01,2.078169e+01,2.041176e+01,2.057944e+01,2.060736e+01,2.050262e+01,2.048865e+01,2.050262e+01,2.050262e+01,2.050961e+01,2.053755e+01,2.062830e+01,2.096962e+01,2.080955e+01,2.073291e+01,2.085134e+01,2.080259e+01,2.081652e+01,2.086526e+01,2.083741e+01,2.071200e+01,2.090006e+01,2.077472e+01,2.082348e+01,2.081652e+01,2.088614e+01,2.078169e+01,2.083045e+01,2.092789e+01,2.081652e+01,2.083741e+01,2.101829e+01,2.085830e+01,2.076079e+01,2.085134e+01,2.074685e+01,2.077472e+01,2.083045e+01,2.082348e+01,2.081652e+01,2.087918e+01,2.092789e+01,2.080955e+01,2.085134e+01,2.083045e+01,2.090702e+01,2.099744e+01,2.083045e+01,2.083045e+01,2.100439e+01,2.106693e+01,2.092789e+01,2.087918e+01,2.087918e+01,2.097658e+01,2.103219e+01,2.093485e+01,2.078866e+01,2.086526e+01,2.078169e+01,2.076079e+01,2.079562e+01,2.091398e+01,2.091398e+01,2.094876e+01,2.093485e+01,2.091398e+01,2.100439e+01,2.096962e+01,2.103219e+01,2.096267e+01,2.116415e+01,2.092789e+01,2.096962e+01,2.093485e+01,2.103914e+01,2.092093e+01,2.107388e+01,2.087918e+01,2.085830e+01,2.107388e+01,2.092093e+01,2.099048e+01,2.101134e+01,2.104609e+01,2.098353e+01,2.100439e+01,2.088614e+01,2.088614e+01,2.097658e+01,2.093485e+01,2.088614e+01,2.094876e+01,2.088614e+01,2.090006e+01,2.091398e+01,2.095572e+01,2.084437e+01,2.074685e+01,2.077472e+01,2.089310e+01,2.091398e+01,2.088614e+01,2.092789e+01,2.090006e+01,2.078866e+01,2.075382e+01,2.078866e+01,2.079562e+01,2.088614e+01,2.096267e+01,2.097658e+01,2.100439e+01,2.096267e+01,2.100439e+01,2.097658e+01,2.104609e+01,2.137908e+01,2.136523e+01,2.122660e+01,2.134445e+01,2.127514e+01,2.131673e+01,2.134445e+01,2.121966e+01,2.117109e+01,2.139293e+01,2.141371e+01,2.137908e+01
2.085134e+01,2.082348e+01,2.083741e+01,2.076079e+01,2.080259e+01,2.076775e+01,2.084437e+01,2.085830e+01,2.071897e+01,2.079562e+01,2.082348e+01,2.082348e+01,2.086526e+01,2.070502e+01,2.069108e+01,2.076079e+01,2.067016e+01,2.062132e+01,2.076079e+01,2.076775e+01,2.075382e+01,2.071200e+01,2.077472e+01,2.064923e+01,2.077472e+01,2.074685e+01,2.079562e+01,2.066318e+01,2.062830e+01,2.085134e+01,2.068410e+01,2.068410e+01,2.087222e+01,2.068410e+01,2.083741e+01,2.087918e+01,2.093485e+01,2.072594e+01,2.073988e+01,2.073988e+01,2.073988e+01,2.079562e+01,2.064225e+01,2.064923e+01,2.070502e+01,2.061434e+01,2.062830e+01,2.064923e+01,2.071897e+01,2.074685e+01,2.066318e+01,2.071897e+01,2.078866e+01,2.064225e+01,2.076775e+01,2.072594e+01,2.064225e+01,2.072594e+01,2.068410e+01,2.067016e+01,2.080955e+01,2.069805e+01,2.053755e+01,2.073988e+01,2.072594e+01,2.077472e+01,2.071897e+01,2.072594e+01,2.075382e+01,2.060039e+01,2.061434e+01,2.056548e+01,2.071897e+01,2.067713e+01,2.067713e+01,2.064923e+01,2.042575e+01,2.069805e+01,2.074685e+01,2.067713e+01,2.067713e+01,2.078866e+01,2.076079e+01,2.067016e+01,2.068410e+01,2.066318e+01,2.073291e+01,2.066318e+01,2.073291e+01,2.076775e+01,2.071200e+01,2.071200e+01,2.073291e+01,2.074685e+01,2.066318e+01,2.069805e+01,2.071897e+01,2.075382e+01,2.076775e+01,2.070502e+01,2.058643e+01,2.064923e+01,2.057246e+01,2.071200e+01,2.058643e+01,2.058643e+01,2.071897e+01,2.071897e+01,2.063528e+01,2.064923e+01,2.090006e+01,2.065621e+01,2.055850e+01,2.063528e+01,2.073291e+01,2.085830e+01,2.059340e+01,2.074685e+01,2.075382e+01,2.057944e+01,2.055850e+01,2.071200e+01,2.064225e+01,2.062132e+01,2.055850e+01,2.069108e+01,2.053057e+01,2.065621e+01,2.065621e+01,2.062830e+01,2.074685e+01,2.068410e+01,2.069805e+01,2.064225e+01,2.064923e+01,2.060039e+01,2.062830e+01,2.057246e+01,2.060039e+01,2.055152e+01,2.059340e+01,2.060039e+01,2.055850e+01,2.055152e+01,2.057246e+01,2.050961e+01,2.062132e+01,2.045371e+01,2.061434e+01,2.053755e+01,2.057246e+01,2.050262e+01,2.062132e+01,2.055152e+01,2.054453e+01,2.053755e+01,2.048865e+01,2.054453e+01,2.055152e+01,2.050961e+01,2.048865e+01,2.044672e+01,2.045371e+01,2.046070e+01,2.046070e+01,2.056548e+01,2.049564e+01,2.049564e+01,2.058643e+01,2.048865e+01,2.045371e+01,2.045371e+01,2.052358e+01,2.054453e+01,2.042575e+01,2.036280e+01,2.045371e+01,2.021578e+01,2.023680e+01,2.024380e+01,2.022979e+01,2.006854e+01,1.999835e+01,1.990703e+01,1.991406e+01,1.988594e+01,1.972414e+01,1.959028e+01,1.953386e+01,1.965371e+01,1.976638e+01,1.971006e+01,1.963962e+01,1.963962e+01,1.964666e+01,1.954092e+01,1.952681e+01,1.964666e+01,1.961143e+01,1.954092e+01,1.957618e+01,1.957618e+01,1.960438e+01,1.956913e+01,1.962552e+01,1.949153e+01,1.961847e+01,1.947742e+01,1.958323e+01,1.957618e+01,1.954092e+01,1.967484e+01,1.959733e+01,1.948447e+01,1.953386e+01,1.966780e+01,1.956207e+01,1.949153e+01,1.961847e+01,1.969597e+01,1.968189e+01,1.946330e+01,1.961847e+01,1.956913e+01,1.949859e+01,1.949153e+01,1.957618e+01,1.954092e+01,1.939268e+01,1.940681e+01,1.939268e+01,1.937149e+01,1.942800e+01,1.938562e+01,1.942800e+01,1.939268e+01,1.933615e+01,1.935736e+01,1.941387e+01,1.941387e+01,1.924423e+01,1.929374e+01,1.927959e+01,1.927252e+01,1.924423e+01,1.922300e+01,1.929374e+01,1.932202e+01,1.915930e+01,1.930081e+01,1.923715e+01,1.909555e+01,1.908847e+01,1.915222e+01,1.898212e+01,1.899631e+01,1.885437e+01,1.894665e+01,1.892536e+01,1.890407e+01,1.876910e+01,1.852712e+01,1.858411e+01,1.859123e+01,1.847010e+01,1.859835e+01,1.846297e+01,1.831312e+01,1.845584e+01,1.848436e+01,1.874066e+01,1.948447e+01,1.980156e+01,1.966780e+01,1.969597e+01,1.959028e+01,1.961143e+01,1.961847e+01,1.954092e+01,1.950564e+01,1.956913e+01,1.959028e+01,1.975934e+01,1.971710e+01,1.980156e+01,1.985782e+01,1.982969e+01,1.980859e+01,1.982969e+01,1.981563e+01,1.976638e+01,1.981563e+01,1.987892e+01,1.980156e+01,1.995621e+01,1.989297e+01,1.983673e+01,1.979452e+01,1.977341e+01,1.978045e+01,1.984376e+01,1.992811e+01,1.994919e+01,1.988594e+01,1.989297e+01,1.994919e+01,1.995621e+01,1.982969e+01,1.997026e+01,1.988594e+01,1.994919e+01,1.990703e+01,2.001239e+01,1.986485e+01,2.000537e+01,1.997728e+01,1.997026e+01,1.998431e+01,2.001941e+01,2.004749e+01,2.006152e+01,2.011063e+01,1.997728e+01,2.008959e+01,2.005451e+01,2.004047e+01,2.001941e+01,2.001941e+01,1.996324e+01,2.008257e+01,2.006854e+01,2.002643e+01,2.013868e+01,2.007556e+01,1.987189e+01,2.014569e+01,2.016672e+01,2.010362e+01,2.011063e+01,2.017373e+01,2.011063e+01,2.014569e+01,2.013868e+01,2.016672e+01,2.016672e+01,1.983673e+01,1.913805e+01,1.836309e+01,1.819164e+01,1.818449e+01,1.801989e+01,1.832026e+01,1.824168e+01,1.815589e+01,1.815589e+01,1.819879e+01,1.817019e+01,1.818449e+01,1.824883e+01,1.851999e+01,1.849861e+01,1.866242e+01,1.874777e+01,1.891827e+01,1.936442e+01,1.934322e+01,1.959733e+01,1.976638e+01,2.020877e+01,2.040477e+01,2.032782e+01,2.036280e+01,2.051660e+01,2.055152e+01,2.046769e+01,2.062830e+01,2.060039e+01,2.058643e+01,2.054453e+01,2.060039e+01,2.060736e+01,2.061434e+01,2.058643e+01,2.061434e+01,2.057246e+01,2.067713e+01,2.066318e+01,2.065621e+01,2.067016e+01,2.047468e+01,2.071200e+01,2.058643e+01,2.059340e+01,2.064225e+01,2.061434e+01,2.057246e+01,2.053755e+01,2.055850e+01,2.055850e+01,2.073291e+01,2.061434e+01,2.054453e+01,2.034881e+01,2.050262e+01,2.052358e+01,2.051660e+01,2.051660e+01,2.060736e+01,2.054453e+01,2.060039e+01,2.058643e+01,2.048166e+01,2.047468e+01,2.043973e+01,2.048865e+01,2.048166e+01,2.048865e+01,2.060736e+01,2.053057e+01,2.055152e+01,2.050961e+01,2.055152e+01,2.051660e+01,2.061434e+01,2.057944e+01,2.048166e+01,2.057944e+01,2.055152e+01,2.048865e+01,2.062830e+01,2.051660e+01,2.048865e+01,2.057944e+01,2.057944e+01,2.038379e+01,2.060039e+01,2.047468e+01,2.037679e+01,2.055850e+01,2.058643e+01,2.047468e+01,2.044672e+01,2.045371e+01,2.045371e+01,2.039778e+01,2.039778e+01,2.038379e+01,2.039778e+01,2.036980e+01,2.040477e+01,2.034881e+01,2.034881e+01,2.029982e+01,2.011063e+01,2.016672e+01,2.034181e+01,2.015270e+01,2.025781e+01,2.040477e+01,2.034181e+01,2.033481e+01,2.047468e+01,2.050961e+01,2.035581e+01,2.043274e+01,2.039778e+01,2.041875e+01,2.050961e+01,2.041176e+01,2.044672e+01,2.049564e+01,2.034881e+01,2.042575e+01,2.060039e+01,2.051660e+01,2.050262e+01,2.046070e+01,2.048166e+01,2.046769e+01,2.034881e+01,2.053057e+01,2.057246e+01,2.051660e+01,2.048865e+01,2.049564e+01,2.050262e+01,2.046070e+01,2.051660e+01,2.037679e+01,2.052358e+01,2.052358e+01,2.043973e+01,2.040477e+01,2.050262e+01,2.047468e+01,2.048166e+01,2.050961e+01,2.036280e+01,2.053057e+01,2.050262e+01,2.050262e+01,2.049564e+01,2.043973e+01,2.053057e+01,2.041875e+01,2.041176e+01,2.026481e+01,2.041176e+01,2.052358e+01,2.038379e+01,2.049564e+01,2.040477e+01,2.058643e+01,2.057246e+01,2.046769e+01,2.055850e+01,2.049564e+01,2.051660e+01,2.049564e+01,2.055152e+01,2.049564e+01,2.050262e+01,2.063528e+01,2.062830e+01,2.069108e+01,2.083045e+01,2.079562e+01,2.081652e+01,2.083741e+01,2.086526e+01,2.072594e+01,2.092093e+01,2.087222e+01,2.095572e+01,2.094180e+01,2.081652e+01,2.092789e+01,2.078169e+01,2.074685e+01,2.073988e+01,2.076775e+01,2.075382e+01,2.076775e+01,2.094180e+01,2.100439e+01,2.099744e+01,2.095572e+01,2.073988e+01,2.091398e+01,2.092093e+01,2.104609e+01,2.094180e+01,2.092789e+01,2.092093e+01,2.088614e+01,2.086526e+01,2.085830e+01,2.098353e+01,2.078169e+01,2.079562e+01,2.090702e+01,2.085134e+01,2.090702e+01,2.087918e+01,2.092093e+01,2.090702e+01,2.088614e+01,2.087918e+01,2.079562e+01,2.090006e+01,2.090702e+01,2.091398e+01,2.081652e+01,2.117109e+01,2.085134e+01,2.083045e+01,2.092093e+01,2.095572e+01,2.102524e+01,2.097658e+01,2.087918e+01,2.087222e+01,2.089310e+01,2.091398e+01,2.093485e+01,2.094180e+01,2.105304e+01,2.092789e+01,2.089310e+01,2.088614e+01,2.099048e+01,2.100439e+01,2.101134e+01,2.099744e+01,2.096267e+01,2.091398e+01,2.098353e+01,2.098353e+01,2.094876e+01,2.094876e+01,2.090702e+01,2.094876e+01,2.096267e+01,2.087222e+01,2.103914e+01,2.092093e+01,2.091398e+01,2.062830e+01,2.088614e+01,2.090702e+01,2.080955e+01,2.080259e+01,2.087918e+01,2.083045e+01,2.080259e+01,2.082348e+01,2.087222e+01,2.073988e+01,2.083741e+01,2.073291e+01,2.083045e+01,2.089310e+01,2.080955e+01,2.085134e+01,2.098353e+01,2.103219e+01,2.100439e+01,2.091398e+01,2.112944e+01,2.121272e+01,2.123353e+01,2.126821e+01,2.130287e+01,2.133752e+01,2.139293e+01,2.139986e+01,2.138601e+01,2.147600e+01,2.136523e+01,2.138601e+01
2.099048e+01,2.083741e+01,2.083741e+01,2.076079e+01,2.085830e+01,2.082348e+01,2.080259e+01,2.084437e+01,2.076079e+01,2.083045e+01,2.065621e+01,2.084437e+01,2.070502e+01,2.076079e+01,2.069108e+01,2.081652e+01,2.076079e+01,2.059340e+01,2.079562e+01,2.063528e+01,2.074685e+01,2.076775e+01,2.076079e+01,2.067016e+01,2.065621e+01,2.078866e+01,2.078169e+01,2.079562e+01,2.080955e+01,2.069805e+01,2.076775e+01,2.080259e+01,2.083741e+01,2.083045e+01,2.072594e+01,2.088614e+01,2.088614e+01,2.072594e+01,2.071200e+01,2.073291e+01,2.068410e+01,2.077472e+01,2.084437e+01,2.079562e+01,2.083741e+01,2.060736e+01,2.067016e+01,2.067016e+01,2.067016e+01,2.068410e+01,2.079562e+01,2.072594e+01,2.059340e+01,2.076079e+01,2.059340e+01,2.071897e+01,2.075382e+01,2.071897e+01,2.056548e+01,2.069805e+01,2.073291e+01,2.062830e+01,2.065621e+01,2.067713e+01,2.073988e+01,2.073291e+01,2.067713e+01,2.067713e+01,2.076775e+01,2.067016e+01,2.073988e+01,2.060039e+01,2.073291e+01,2.066318e+01,2.066318e+01,2.068410e+01,2.069108e+01,2.069805e+01,2.072594e+01,2.062830e+01,2.067713e+01,2.068410e+01,2.064225e+01,2.069805e+01,2.074685e+01,2.077472e+01,2.073291e+01,2.076079e+01,2.077472e+01,2.071897e+01,2.072594e+01,2.070502e+01,2.074685e+01,2.069108e+01,2.071200e+01,2.079562e+01,2.071200e+01,2.070502e+01,2.071897e+01,2.066318e+01,2.067713e+01,2.079562e+01,2.057246e+01,2.064923e+01,2.054453e+01,2.052358e+01,2.073291e+01,2.062830e+01,2.063528e+01,2.063528e+01,2.063528e+01,2.062132e+01,2.083045e+01,2.066318e+01,2.064225e+01,2.060039e+01,2.073291e+01,2.059340e+01,2.066318e+01,2.066318e+01,2.083741e+01,2.057944e+01,2.063528e+01,2.066318e+01,2.056548e+01,2.068410e+01,2.054453e+01,2.070502e+01,2.057246e+01,2.067016e+01,2.062132e+01,2.063528e+01,2.070502e+01,2.063528e+01,2.056548e+01,2.060039e+01,2.069805e+01,2.053755e+01,2.065621e+01,2.061434e+01,2.057246e+01,2.048166e+01,2.060039e+01,2.064225e+01,2.057944e+01,2.064923e+01,2.067713e+01,2.046769e+01,2.061434e+01,2.046769e+01,2.061434e+01,2.064225e+01,2.051660e+01,2.062830e+01,2.052358e+01,2.053057e+01,2.036980e+01,2.036280e+01,2.049564e+01,2.047468e+01,2.067016e+01,2.045371e+01,2.044672e+01,2.044672e+01,2.043973e+01,2.048865e+01,2.041875e+01,2.049564e+01,2.047468e+01,2.049564e+01,2.050262e+01,2.052358e+01,2.052358e+01,2.054453e+01,2.050961e+01,2.048865e+01,2.034181e+01,2.028582e+01,2.027181e+01,2.030682e+01,2.019476e+01,1.997728e+01,1.999835e+01,1.993514e+01,1.989297e+01,1.989297e+01,1.988594e+01,1.965371e+01,1.961143e+01,1.942800e+01,1.951975e+01,1.966076e+01,1.964666e+01,1.960438e+01,1.970302e+01,1.956207e+01,1.953386e+01,1.952681e+01,1.961143e+01,1.956207e+01,1.957618e+01,1.959733e+01,1.960438e+01,1.963257e+01,1.967484e+01,1.961847e+01,1.951270e+01,1.961847e+01,1.948447e+01,1.956913e+01,1.960438e+01,1.957618e+01,1.965371e+01,1.956207e+01,1.961143e+01,1.954797e+01,1.955502e+01,1.959028e+01,1.947742e+01,1.953386e+01,1.959733e+01,1.952681e+01,1.949153e+01,1.951270e+01,1.949859e+01,1.949859e+01,1.942800e+01,1.957618e+01,1.928667e+01,1.935736e+01,1.935736e+01,1.933615e+01,1.936442e+01,1.938562e+01,1.940681e+01,1.937149e+01,1.927252e+01,1.949153e+01,1.926545e+01,1.939268e+01,1.927959e+01,1.922300e+01,1.933615e+01,1.929374e+01,1.923008e+01,1.929374e+01,1.921593e+01,1.916638e+01,1.914513e+01,1.927959e+01,1.920177e+01,1.915222e+01,1.908847e+01,1.915930e+01,1.901758e+01,1.890407e+01,1.888277e+01,1.886857e+01,1.885437e+01,1.884016e+01,1.874066e+01,1.888987e+01,1.864107e+01,1.877621e+01,1.858411e+01,1.859835e+01,1.861259e+01,1.854137e+01,1.851999e+01,1.849149e+01,1.877621e+01,1.935736e+01,1.949859e+01,1.961847e+01,1.968189e+01,1.951975e+01,1.973118e+01,1.971710e+01,1.968893e+01,1.961143e+01,1.973822e+01,1.956207e+01,1.971710e+01,1.979452e+01,1.980156e+01,1.989297e+01,1.982969e+01,1.987892e+01,1.982969e+01,1.981563e+01,1.984376e+01,1.990000e+01,1.977341e+01,1.980859e+01,1.985782e+01,1.978749e+01,1.983673e+01,1.982266e+01,1.978045e+01,1.990703e+01,1.979452e+01,1.989297e+01,1.989297e+01,1.986485e+01,1.984376e+01,1.997026e+01,1.984376e+01,1.980859e+01,1.988594e+01,1.993514e+01,1.990703e+01,1.985782e+01,1.997728e+01,1.996324e+01,1.994919e+01,2.005451e+01,1.995621e+01,1.999835e+01,2.006152e+01,2.010362e+01,2.008257e+01,1.999133e+01,2.010362e+01,2.008257e+01,2.008257e+01,1.976638e+01,1.999133e+01,2.001941e+01,2.000537e+01,1.992811e+01,1.995621e+01,2.013868e+01,2.015270e+01,2.016672e+01,2.009660e+01,2.016672e+01,2.011063e+01,2.011764e+01,2.015270e+01,2.012466e+01,2.011063e+01,2.008959e+01,2.011764e+01,2.015971e+01,2.016672e+01,1.994216e+01,1.939975e+01,1.842731e+01,1.826311e+01,1.796258e+01,1.794824e+01,1.803422e+01,1.797691e+01,1.820594e+01,1.801989e+01,1.816304e+01,1.812727e+01,1.812727e+01,1.805570e+01,1.815589e+01,1.803422e+01,1.827026e+01,1.835596e+01,1.864819e+01,1.893956e+01,1.893246e+01,1.933615e+01,1.977341e+01,1.987189e+01,2.033481e+01,2.034181e+01,2.048865e+01,2.049564e+01,2.055850e+01,2.046769e+01,2.063528e+01,2.068410e+01,2.060736e+01,2.045371e+01,2.061434e+01,2.060736e+01,2.061434e+01,2.062830e+01,2.060736e+01,2.065621e+01,2.060736e+01,2.055152e+01,2.067713e+01,2.070502e+01,2.072594e+01,2.070502e+01,2.050262e+01,2.051660e+01,2.061434e+01,2.057246e+01,2.065621e+01,2.062830e+01,2.056548e+01,2.062830e+01,2.064923e+01,2.059340e+01,2.055850e+01,2.057944e+01,2.045371e+01,2.050961e+01,2.060736e+01,2.060736e+01,2.048865e+01,2.053755e+01,2.061434e+01,2.044672e+01,2.057246e+01,2.057246e+01,2.048865e+01,2.043274e+01,2.061434e+01,2.060039e+01,2.052358e+01,2.052358e+01,2.058643e+01,2.039078e+01,2.051660e+01,2.064923e+01,2.055850e+01,2.055850e+01,2.051660e+01,2.057944e+01,2.051660e+01,2.058643e+01,2.057246e+01,2.056548e+01,2.053057e+01,2.052358e+01,2.046769e+01,2.050961e+01,2.059340e+01,2.050262e+01,2.052358e+01,2.057246e+01,2.056548e+01,2.046070e+01,2.043274e+01,2.043973e+01,2.046769e+01,2.046070e+01,2.051660e+01,2.039078e+01,2.036280e+01,2.036980e+01,2.039078e+01,2.039778e+01,2.027881e+01,2.011063e+01,2.025781e+01,2.020177e+01,2.027181e+01,2.028582e+01,2.027881e+01,2.029282e+01,2.048865e+01,2.033481e+01,2.055152e+01,2.046070e+01,2.050961e+01,2.044672e+01,2.063528e+01,2.039078e+01,2.049564e+01,2.034881e+01,2.063528e+01,2.059340e+01,2.044672e+01,2.060736e+01,2.041176e+01,2.065621e+01,2.039078e+01,2.054453e+01,2.055152e+01,2.052358e+01,2.049564e+01,2.056548e+01,2.053057e+01,2.055152e+01,2.052358e+01,2.047468e+01,2.055850e+01,2.050961e+01,2.048865e+01,2.044672e+01,2.050262e+01,2.050262e+01,2.036280e+01,2.034881e+01,2.041176e+01,2.053057e+01,2.048166e+01,2.046769e+01,2.043973e+01,2.048865e+01,2.050262e+01,2.048166e+01,2.048865e+01,2.047468e+01,2.052358e+01,2.048166e+01,2.052358e+01,2.043973e+01,2.056548e+01,2.053057e+01,2.037679e+01,2.039078e+01,2.051660e+01,2.058643e+01,2.054453e+01,2.057246e+01,2.043274e+01,2.048865e+01,2.051660e+01,2.059340e+01,2.051660e+01,2.051660e+01,2.050262e+01,2.048865e+01,2.057246e+01,2.075382e+01,2.068410e+01,2.078866e+01,2.076775e+01,2.080955e+01,2.087918e+01,2.085830e+01,2.089310e+01,2.088614e+01,2.080955e+01,2.077472e+01,2.079562e+01,2.076775e+01,2.086526e+01,2.085134e+01,2.083045e+01,2.099744e+01,2.090702e+01,2.085830e+01,2.078866e+01,2.089310e+01,2.091398e+01,2.099744e+01,2.079562e+01,2.092093e+01,2.090702e+01,2.090702e+01,2.080259e+01,2.083741e+01,2.080259e+01,2.083741e+01,2.087918e+01,2.090702e+01,2.096962e+01,2.090006e+01,2.096267e+01,2.101134e+01,2.089310e+01,2.085134e+01,2.091398e+01,2.096962e+01,2.086526e+01,2.085830e+01,2.090702e+01,2.078169e+01,2.087222e+01,2.094180e+01,2.081652e+01,2.084437e+01,2.092789e+01,2.093485e+01,2.091398e+01,2.089310e+01,2.094180e+01,2.087222e+01,2.087918e+01,2.087918e+01,2.099048e+01,2.088614e+01,2.091398e+01,2.096267e+01,2.097658e+01,2.101829e+01,2.094876e+01,2.103914e+01,2.090006e+01,2.096267e+01,2.101829e+01,2.103219e+01,2.095572e+01,2.104609e+01,2.099744e+01,2.099048e+01,2.100439e+01,2.094180e+01,2.093485e+01,2.100439e+01,2.098353e+01,2.101134e+01,2.101829e+01,2.108777e+01,2.099048e+01,2.088614e+01,2.075382e+01,2.083741e+01,2.080955e+01,2.078866e+01,2.078866e+01,2.085830e+01,2.090006e+01,2.101134e+01,2.089310e+01,2.085134e+01,2.074685e+01,2.073988e+01,2.097658e+01,2.095572e+01,2.100439e+01,2.105999e+01,2.097658e+01,2.097658e+01,2.103914e+01,2.101134e+01,2.105999e+01,2.120579e+01,2.099744e+01,2.137216e+01,2.124740e+01,2.126127e+01,2.121966e+01,2.129594e+01,2.135830e+01,2.135138e+01,2.142756e+01,2.135830e+01,2.137908e+01
