Filename = C:\Users\lenovo\Documents\ResearchIR Data\Rec-0907-tomato-1-000138-250_14_48_45_938.seq
Units = Temperature (C)
Time = 250:14:53:29.037000
FrameNumber = 2832
Preset = 0

2.186445e+01,2.188516e+01,2.187135e+01,2.200930e+01,2.196104e+01,2.191276e+01,2.191276e+01,2.208509e+01,2.182993e+01,2.194725e+01,2.206442e+01,2.196793e+01,2.181612e+01,2.191276e+01,2.189896e+01,2.195414e+01,2.197483e+01,2.193345e+01,2.190586e+01,2.187135e+01,2.191276e+01,2.195414e+01,2.180922e+01,2.198172e+01,2.197483e+01,2.183684e+01,2.183684e+01,2.208509e+01,2.182993e+01,2.184374e+01,2.187135e+01,2.178159e+01,2.189206e+01,2.185755e+01,2.190586e+01,2.166409e+01,2.189896e+01,2.189206e+01,2.182303e+01,2.190586e+01,2.193345e+01,2.180922e+01,2.194035e+01,2.174704e+01,2.190586e+01,2.173322e+01,2.185755e+01,2.171248e+01,2.178850e+01,2.168483e+01,2.187135e+01,2.183684e+01,2.174704e+01,2.189896e+01,2.178159e+01,2.176777e+01,2.187135e+01,2.187135e+01,2.206442e+01,2.189896e+01,2.176086e+01,2.192655e+01,2.172631e+01,2.169175e+01,2.167100e+01,2.178850e+01,2.192655e+01,2.194725e+01,2.178159e+01,2.174013e+01,2.188516e+01,2.180231e+01,2.185755e+01,2.176777e+01,2.187135e+01,2.178159e+01,2.173322e+01,2.185065e+01,2.181612e+01,2.183684e+01,2.177468e+01,2.184374e+01,2.190586e+01,2.185755e+01,2.184374e+01,2.180231e+01,2.199551e+01,2.188516e+01,2.198862e+01,2.178850e+01,2.191276e+01,2.195414e+01,2.175395e+01,2.197483e+01,2.197483e+01,2.185065e+01,2.198172e+01,2.187825e+01,2.198172e+01,2.181612e+01,2.193345e+01,2.192655e+01,2.187825e+01,2.194035e+01,2.194035e+01,2.196104e+01,2.209886e+01,2.215394e+01,2.225713e+01,2.235335e+01,2.228463e+01,2.236022e+01,2.202997e+01,2.187135e+01,2.172631e+01,2.172631e+01,2.178850e+01,2.177468e+01,2.169175e+01,2.162258e+01,2.174704e+01,2.183684e+01,2.163642e+01,2.173322e+01,2.184374e+01,2.182303e+01,2.176777e+01,2.179540e+01,2.175395e+01,2.156029e+01,2.187825e+01,2.182303e+01,2.184374e+01,2.200241e+01,2.244948e+01,2.282625e+01,2.262091e+01,2.239456e+01,2.243575e+01,2.267571e+01,2.319484e+01,2.331740e+01,2.338544e+01,2.375203e+01,2.343983e+01,2.306530e+01,2.306530e+01,2.367068e+01,2.409708e+01,2.456209e+01,2.519227e+01,2.477705e+01,2.477705e+01,2.518559e+01,2.518559e+01,2.448810e+01,2.322209e+01,2.252494e+01,2.292194e+01,2.366390e+01,2.360962e+01,2.280573e+01,2.260720e+01,2.272363e+01,2.281941e+01,2.296292e+01,2.321527e+01,2.342623e+01,2.322209e+01,2.355532e+01,2.431973e+01,2.512541e+01,2.514547e+01,2.535256e+01,2.533921e+01,2.469649e+01,2.379269e+01,2.352136e+01,2.296292e+01,2.255237e+01,2.245634e+01,2.251808e+01,2.220211e+01,2.241516e+01,2.265516e+01,2.292877e+01,2.301753e+01,2.309258e+01,2.310622e+01,2.308576e+01,2.307894e+01,2.352136e+01,2.337864e+01,2.337864e+01,2.334462e+01,2.320165e+01,2.266886e+01,2.256608e+01,2.261406e+01,2.249065e+01,2.247692e+01,2.279206e+01,2.253866e+01,2.250437e+01,2.258665e+01,2.270309e+01,2.291510e+01,2.295609e+01,2.277153e+01,2.308576e+01,2.305848e+01,2.305848e+01,2.328337e+01,2.322209e+01,2.318121e+01,2.318802e+01,2.321527e+01,2.273047e+01,2.236709e+01,2.238082e+01,2.234648e+01,2.225026e+01,2.242202e+01,2.202997e+01,2.226401e+01,2.271679e+01,2.290827e+01,2.286043e+01,2.257979e+01,2.253866e+01,2.251122e+01,2.254551e+01,2.247006e+01,2.248379e+01,2.238769e+01,2.253866e+01,2.260035e+01,2.261406e+01,2.258665e+01,2.206442e+01,2.220211e+01,2.207820e+01,2.207131e+01,2.210575e+01,2.197483e+01,2.196104e+01,2.199551e+01,2.205065e+01,2.200241e+01,2.203687e+01,2.209198e+01,2.195414e+01,2.196104e+01,2.191276e+01,2.206442e+01,2.194035e+01,2.201619e+01,2.199551e+01,2.201619e+01,2.209886e+01,2.200930e+01,2.192655e+01,2.184374e+01,2.209198e+01,2.196793e+01,2.191276e+01,2.183684e+01,2.186445e+01,2.192655e+01,2.180231e+01,2.185065e+01,2.197483e+01,2.171940e+01,2.179540e+01,2.171940e+01,2.188516e+01,2.172631e+01,2.182993e+01,2.166409e+01,2.171940e+01,2.154645e+01,2.170557e+01,2.174704e+01,2.152567e+01,2.158798e+01,2.153952e+01,2.150489e+01,2.144946e+01,2.147718e+01,2.149104e+01,2.171940e+01,2.165717e+01,2.157414e+01,2.158798e+01,2.164334e+01,2.156721e+01,2.157414e+01,2.160182e+01,2.142867e+01,2.160874e+01,2.160874e+01,2.156721e+01,2.153952e+01,2.151875e+01,2.153952e+01,2.151875e+01,2.162258e+01,2.174704e+01,2.158798e+01,2.151182e+01,2.177468e+01,2.174704e+01,2.169866e+01,2.147718e+01,2.166409e+01,2.171248e+01,2.186445e+01,2.175395e+01,2.174704e+01,2.174704e+01,2.183684e+01,2.173322e+01,2.160182e+01,2.175395e+01,2.172631e+01,2.174013e+01,2.180922e+01,2.170557e+01,2.176086e+01,2.180231e+01,2.176777e+01,2.171248e+01,2.172631e+01,2.170557e+01,2.181612e+01,2.181612e+01,2.160874e+01,2.169175e+01,2.184374e+01,2.169175e+01,2.169175e+01,2.170557e+01,2.170557e+01,2.173322e+01,2.169175e+01,2.171248e+01,2.171940e+01,2.168483e+01,2.166409e+01,2.156029e+01,2.150489e+01,2.168483e+01,2.170557e+01,2.175395e+01,2.170557e+01,2.158798e+01,2.158106e+01,2.161566e+01,2.179540e+01,2.170557e+01,2.156721e+01,2.167792e+01,2.164334e+01,2.155337e+01,2.160874e+01,2.169866e+01,2.163642e+01,2.167792e+01,2.165717e+01,2.168483e+01,2.169866e+01,2.160182e+01,2.171940e+01,2.171248e+01,2.169866e+01,2.159490e+01,2.169866e+01,2.160182e+01,2.162950e+01,2.154645e+01,2.155337e+01,2.151182e+01,2.162258e+01,2.175395e+01,2.162258e+01,2.156721e+01,2.150489e+01,2.153260e+01,2.162258e+01,2.151182e+01,2.173322e+01,2.155337e+01,2.155337e+01,2.118576e+01,2.158106e+01,2.153260e+01,2.156721e+01,2.160182e+01,2.167792e+01,2.160874e+01,2.147025e+01,2.165025e+01,2.162258e+01,2.169866e+01,2.157414e+01,2.167792e+01,2.169175e+01,2.165025e+01,2.164334e+01,2.167100e+01,2.163642e+01,2.165025e+01,2.168483e+01,2.154645e+01,2.149796e+01,2.155337e+01,2.176086e+01,2.161566e+01,2.163642e+01,2.168483e+01,2.166409e+01,2.174704e+01,2.161566e+01,2.171248e+01,2.162258e+01,2.177468e+01,2.173322e+01,2.152567e+01,2.168483e+01,2.161566e+01,2.161566e+01,2.160874e+01,2.158106e+01,2.173322e+01,2.168483e+01,2.157414e+01,2.165025e+01,2.184374e+01,2.158106e+01,2.155337e+01,2.167792e+01,2.157414e+01,2.160182e+01,2.165025e+01,2.161566e+01,2.158798e+01,2.167100e+01,2.180922e+01,2.164334e+01,2.154645e+01,2.167792e+01,2.169866e+01,2.173322e+01,2.159490e+01,2.178159e+01,2.167100e+01,2.158106e+01,2.162950e+01,2.160182e+01,2.162258e+01,2.161566e+01,2.159490e+01,2.167792e+01,2.160182e+01,2.153952e+01,2.157414e+01,2.135239e+01,2.156029e+01,2.135239e+01,2.147718e+01,2.137320e+01,2.146332e+01,2.147025e+01,2.150489e+01,2.140094e+01,2.137320e+01,2.127605e+01,2.144946e+01,2.115101e+01,2.127605e+01,2.125522e+01,2.126911e+01,2.123439e+01,2.123439e+01,2.121355e+01,2.129688e+01,2.118576e+01,2.115796e+01,2.119966e+01,2.126217e+01,2.138013e+01,2.124133e+01,2.132464e+01,2.135239e+01,2.130382e+01,2.135933e+01,2.134545e+01,2.149104e+01,2.128299e+01,2.126911e+01,2.140094e+01,2.154645e+01,2.154645e+01,2.163642e+01,2.174704e+01,2.156029e+01,2.162258e+01,2.146332e+01,2.161566e+01,2.168483e+01,2.158798e+01,2.160874e+01,2.159490e+01,2.165025e+01,2.167792e+01,2.166409e+01,2.175395e+01,2.190586e+01,2.174013e+01,2.173322e+01,2.180231e+01,2.174704e+01,2.175395e+01,2.174704e+01,2.178850e+01,2.175395e+01,2.182303e+01,2.174013e+01,2.188516e+01,2.174013e+01,2.174013e+01,2.176086e+01,2.180231e+01,2.187135e+01,2.170557e+01,2.178159e+01,2.169866e+01,2.174013e+01,2.191965e+01,2.191276e+01,2.171940e+01,2.174704e+01,2.174013e+01,2.176086e+01,2.175395e+01,2.165717e+01,2.181612e+01,2.166409e+01,2.170557e+01,2.178159e+01,2.169866e+01,2.167792e+01,2.171940e+01,2.157414e+01,2.161566e+01,2.167100e+01,2.162258e+01,2.158798e+01,2.158106e+01,2.164334e+01,2.176777e+01,2.178159e+01,2.180231e+01,2.165025e+01,2.170557e+01,2.170557e+01,2.170557e+01,2.182993e+01,2.179540e+01,2.159490e+01,2.160182e+01,2.157414e+01,2.177468e+01,2.160874e+01,2.173322e+01,2.187825e+01,2.160874e+01,2.168483e+01,2.166409e+01,2.165025e+01,2.164334e+01,2.173322e+01,2.169866e+01,2.169866e+01,2.156029e+01,2.158798e+01,2.158798e+01,2.147025e+01,2.142174e+01,2.131770e+01,2.137320e+01,2.122744e+01,2.127605e+01,2.124828e+01,2.123439e+01,2.119271e+01,2.116491e+01,2.106756e+01,2.101189e+01,2.103973e+01,2.116491e+01,2.109539e+01,2.110234e+01,2.110234e+01,2.106061e+01,2.112320e+01,2.109539e+01,2.125522e+01,2.106756e+01,2.108843e+01,2.113711e+01,2.108148e+01,2.135933e+01,2.135239e+01,2.112320e+01,2.120660e+01,2.113711e+01,2.144253e+01,2.140787e+01,2.132464e+01,2.135239e+01,2.151875e+01,2.138707e+01,2.154645e+01,2.151182e+01,2.153952e+01,2.160182e+01,2.160874e+01,2.171940e+01,2.159490e+01,2.156721e+01,2.163642e+01,2.167792e+01,2.162258e+01,2.162950e+01,2.155337e+01,2.159490e+01,2.145639e+01,2.144946e+01,2.159490e+01
2.185755e+01,2.205065e+01,2.189896e+01,2.188516e+01,2.194725e+01,2.198172e+01,2.192655e+01,2.198172e+01,2.176086e+01,2.205754e+01,2.168483e+01,2.191276e+01,2.182993e+01,2.194035e+01,2.183684e+01,2.194725e+01,2.200930e+01,2.187825e+01,2.188516e+01,2.185065e+01,2.194035e+01,2.194035e+01,2.196104e+01,2.176086e+01,2.183684e+01,2.182303e+01,2.176086e+01,2.182993e+01,2.183684e+01,2.184374e+01,2.182303e+01,2.181612e+01,2.184374e+01,2.189206e+01,2.176086e+01,2.184374e+01,2.164334e+01,2.188516e+01,2.180922e+01,2.181612e+01,2.183684e+01,2.178850e+01,2.190586e+01,2.185755e+01,2.188516e+01,2.187135e+01,2.186445e+01,2.183684e+01,2.176086e+01,2.178850e+01,2.185065e+01,2.187135e+01,2.176086e+01,2.180922e+01,2.174013e+01,2.175395e+01,2.181612e+01,2.180231e+01,2.178159e+01,2.172631e+01,2.183684e+01,2.185065e+01,2.191965e+01,2.179540e+01,2.186445e+01,2.186445e+01,2.194725e+01,2.195414e+01,2.189896e+01,2.185755e+01,2.192655e+01,2.172631e+01,2.173322e+01,2.195414e+01,2.176086e+01,2.189206e+01,2.192655e+01,2.186445e+01,2.175395e+01,2.211263e+01,2.179540e+01,2.180231e+01,2.187135e+01,2.181612e+01,2.176777e+01,2.185755e+01,2.185065e+01,2.191276e+01,2.202997e+01,2.189896e+01,2.202308e+01,2.196793e+01,2.191965e+01,2.197483e+01,2.183684e+01,2.199551e+01,2.205065e+01,2.200241e+01,2.202997e+01,2.197483e+01,2.198172e+01,2.189896e+01,2.196104e+01,2.197483e+01,2.240142e+01,2.238082e+01,2.240142e+01,2.244948e+01,2.245634e+01,2.264146e+01,2.222962e+01,2.244948e+01,2.218835e+01,2.198172e+01,2.178159e+01,2.180922e+01,2.176086e+01,2.183684e+01,2.171248e+01,2.184374e+01,2.185755e+01,2.184374e+01,2.169866e+01,2.182993e+01,2.166409e+01,2.183684e+01,2.178159e+01,2.175395e+01,2.188516e+01,2.182303e+01,2.194725e+01,2.191276e+01,2.181612e+01,2.222275e+01,2.242888e+01,2.283309e+01,2.243575e+01,2.240142e+01,2.264831e+01,2.288777e+01,2.311304e+01,2.329018e+01,2.341264e+01,2.381978e+01,2.338544e+01,2.292194e+01,2.279206e+01,2.276469e+01,2.299023e+01,2.331060e+01,2.343983e+01,2.370458e+01,2.370458e+01,2.399571e+01,2.434669e+01,2.370458e+01,2.301071e+01,2.326295e+01,2.418485e+01,2.398895e+01,2.331740e+01,2.266201e+01,2.283309e+01,2.310622e+01,2.281941e+01,2.284676e+01,2.315395e+01,2.339224e+01,2.346022e+01,2.346022e+01,2.405655e+01,2.466962e+01,2.513879e+01,2.570568e+01,2.546596e+01,2.438711e+01,2.416460e+01,2.330379e+01,2.277153e+01,2.279206e+01,2.301071e+01,2.256608e+01,2.266886e+01,2.270309e+01,2.286727e+01,2.311304e+01,2.311304e+01,2.309258e+01,2.298340e+01,2.309258e+01,2.301071e+01,2.310622e+01,2.337864e+01,2.354853e+01,2.316076e+01,2.296292e+01,2.270994e+01,2.264146e+01,2.286043e+01,2.255923e+01,2.277837e+01,2.247692e+01,2.256608e+01,2.277837e+01,2.287410e+01,2.275785e+01,2.266201e+01,2.299023e+01,2.303118e+01,2.292877e+01,2.320846e+01,2.325614e+01,2.332421e+01,2.323571e+01,2.334462e+01,2.322209e+01,2.291510e+01,2.273047e+01,2.234648e+01,2.224338e+01,2.210575e+01,2.202997e+01,2.193345e+01,2.205065e+01,2.217459e+01,2.225713e+01,2.256608e+01,2.273047e+01,2.256608e+01,2.253180e+01,2.227088e+01,2.245634e+01,2.247006e+01,2.247006e+01,2.250437e+01,2.234648e+01,2.263461e+01,2.235335e+01,2.244948e+01,2.232587e+01,2.229151e+01,2.210575e+01,2.212641e+01,2.209886e+01,2.207131e+01,2.203687e+01,2.198172e+01,2.198862e+01,2.209886e+01,2.198862e+01,2.194035e+01,2.195414e+01,2.196104e+01,2.202997e+01,2.187825e+01,2.201619e+01,2.206442e+01,2.199551e+01,2.204376e+01,2.198862e+01,2.196104e+01,2.193345e+01,2.202308e+01,2.207820e+01,2.189896e+01,2.191965e+01,2.181612e+01,2.182303e+01,2.196793e+01,2.191276e+01,2.181612e+01,2.185755e+01,2.176086e+01,2.179540e+01,2.179540e+01,2.171940e+01,2.171940e+01,2.174704e+01,2.184374e+01,2.160874e+01,2.180231e+01,2.153260e+01,2.176086e+01,2.153952e+01,2.153952e+01,2.148411e+01,2.147718e+01,2.149796e+01,2.149104e+01,2.149796e+01,2.166409e+01,2.174704e+01,2.157414e+01,2.150489e+01,2.156721e+01,2.156721e+01,2.153952e+01,2.162950e+01,2.172631e+01,2.162950e+01,2.171248e+01,2.158106e+01,2.154645e+01,2.151875e+01,2.162258e+01,2.156721e+01,2.157414e+01,2.162258e+01,2.157414e+01,2.156029e+01,2.175395e+01,2.177468e+01,2.149796e+01,2.153260e+01,2.175395e+01,2.171940e+01,2.171940e+01,2.173322e+01,2.179540e+01,2.177468e+01,2.174013e+01,2.176086e+01,2.173322e+01,2.174704e+01,2.182993e+01,2.180922e+01,2.178159e+01,2.179540e+01,2.176777e+01,2.178159e+01,2.174013e+01,2.185755e+01,2.174013e+01,2.167100e+01,2.176086e+01,2.174013e+01,2.176086e+01,2.162950e+01,2.171940e+01,2.180231e+01,2.171940e+01,2.170557e+01,2.172631e+01,2.170557e+01,2.172631e+01,2.157414e+01,2.157414e+01,2.169175e+01,2.168483e+01,2.166409e+01,2.169866e+01,2.151182e+01,2.169866e+01,2.165025e+01,2.164334e+01,2.160874e+01,2.176777e+01,2.176777e+01,2.161566e+01,2.180231e+01,2.171940e+01,2.180922e+01,2.156721e+01,2.150489e+01,2.169175e+01,2.166409e+01,2.154645e+01,2.167792e+01,2.151875e+01,2.169175e+01,2.168483e+01,2.157414e+01,2.158106e+01,2.163642e+01,2.165025e+01,2.153952e+01,2.171248e+01,2.165717e+01,2.160874e+01,2.159490e+01,2.161566e+01,2.152567e+01,2.155337e+01,2.169175e+01,2.162950e+01,2.159490e+01,2.151875e+01,2.167792e+01,2.154645e+01,2.152567e+01,2.159490e+01,2.150489e+01,2.152567e+01,2.166409e+01,2.161566e+01,2.161566e+01,2.155337e+01,2.158798e+01,2.162950e+01,2.175395e+01,2.171940e+01,2.165717e+01,2.160182e+01,2.165025e+01,2.164334e+01,2.170557e+01,2.164334e+01,2.166409e+01,2.160182e+01,2.161566e+01,2.161566e+01,2.174013e+01,2.161566e+01,2.162258e+01,2.161566e+01,2.167792e+01,2.169175e+01,2.175395e+01,2.174704e+01,2.174704e+01,2.169175e+01,2.167100e+01,2.171940e+01,2.163642e+01,2.161566e+01,2.165717e+01,2.167792e+01,2.178159e+01,2.167792e+01,2.165717e+01,2.162258e+01,2.158798e+01,2.161566e+01,2.162950e+01,2.161566e+01,2.178850e+01,2.178159e+01,2.161566e+01,2.169866e+01,2.162950e+01,2.156721e+01,2.158798e+01,2.160182e+01,2.158106e+01,2.171940e+01,2.162950e+01,2.166409e+01,2.159490e+01,2.162258e+01,2.153952e+01,2.162950e+01,2.170557e+01,2.162258e+01,2.157414e+01,2.180231e+01,2.164334e+01,2.161566e+01,2.163642e+01,2.162258e+01,2.162258e+01,2.136626e+01,2.157414e+01,2.155337e+01,2.154645e+01,2.158798e+01,2.160874e+01,2.164334e+01,2.135239e+01,2.159490e+01,2.147718e+01,2.147718e+01,2.131076e+01,2.136626e+01,2.145639e+01,2.139400e+01,2.147718e+01,2.144946e+01,2.138707e+01,2.130382e+01,2.136626e+01,2.126911e+01,2.130382e+01,2.126911e+01,2.122744e+01,2.119271e+01,2.124133e+01,2.117881e+01,2.125522e+01,2.133158e+01,2.138013e+01,2.138013e+01,2.129688e+01,2.135933e+01,2.128993e+01,2.133851e+01,2.136626e+01,2.123439e+01,2.133158e+01,2.135933e+01,2.147718e+01,2.136626e+01,2.150489e+01,2.158798e+01,2.155337e+01,2.163642e+01,2.160874e+01,2.160182e+01,2.162950e+01,2.160874e+01,2.166409e+01,2.163642e+01,2.167100e+01,2.171940e+01,2.172631e+01,2.156029e+01,2.170557e+01,2.185755e+01,2.172631e+01,2.158106e+01,2.184374e+01,2.189206e+01,2.186445e+01,2.178850e+01,2.181612e+01,2.185065e+01,2.177468e+01,2.179540e+01,2.182303e+01,2.191965e+01,2.175395e+01,2.187825e+01,2.171940e+01,2.174704e+01,2.194035e+01,2.186445e+01,2.171248e+01,2.184374e+01,2.174013e+01,2.171248e+01,2.187825e+01,2.175395e+01,2.168483e+01,2.174013e+01,2.171940e+01,2.167100e+01,2.171940e+01,2.178850e+01,2.156029e+01,2.167792e+01,2.171248e+01,2.167792e+01,2.187825e+01,2.172631e+01,2.181612e+01,2.165717e+01,2.169866e+01,2.160874e+01,2.170557e+01,2.176086e+01,2.178159e+01,2.157414e+01,2.179540e+01,2.183684e+01,2.165025e+01,2.191965e+01,2.173322e+01,2.189206e+01,2.174013e+01,2.160182e+01,2.182303e+01,2.162258e+01,2.156029e+01,2.165717e+01,2.165717e+01,2.159490e+01,2.170557e+01,2.169175e+01,2.175395e+01,2.169175e+01,2.179540e+01,2.173322e+01,2.152567e+01,2.157414e+01,2.158106e+01,2.156029e+01,2.160874e+01,2.153260e+01,2.153952e+01,2.138013e+01,2.128993e+01,2.132464e+01,2.128993e+01,2.128299e+01,2.121355e+01,2.119966e+01,2.117881e+01,2.118576e+01,2.133158e+01,2.111625e+01,2.109539e+01,2.112320e+01,2.122050e+01,2.122744e+01,2.113015e+01,2.122050e+01,2.108843e+01,2.120660e+01,2.115796e+01,2.108843e+01,2.143560e+01,2.105365e+01,2.117881e+01,2.135933e+01,2.135239e+01,2.119966e+01,2.132464e+01,2.130382e+01,2.144946e+01,2.146332e+01,2.146332e+01,2.133158e+01,2.148411e+01,2.152567e+01,2.149796e+01,2.165717e+01,2.146332e+01,2.164334e+01,2.162950e+01,2.158106e+01,2.162258e+01,2.149796e+01,2.164334e+01,2.165717e+01,2.130382e+01,2.154645e+01,2.162258e+01,2.154645e+01,2.149104e+01,2.145639e+01,2.164334e+01
2.189206e+01,2.196793e+01,2.191965e+01,2.189896e+01,2.198862e+01,2.199551e+01,2.188516e+01,2.191276e+01,2.176777e+01,2.197483e+01,2.182303e+01,2.180922e+01,2.191965e+01,2.186445e+01,2.189206e+01,2.187825e+01,2.200241e+01,2.182993e+01,2.191965e+01,2.189206e+01,2.196793e+01,2.190586e+01,2.194035e+01,2.188516e+01,2.182993e+01,2.180231e+01,2.185755e+01,2.182993e+01,2.186445e+01,2.180231e+01,2.178850e+01,2.180922e+01,2.177468e+01,2.189896e+01,2.186445e+01,2.174704e+01,2.163642e+01,2.190586e+01,2.191276e+01,2.184374e+01,2.184374e+01,2.185755e+01,2.187135e+01,2.178159e+01,2.175395e+01,2.182303e+01,2.187135e+01,2.177468e+01,2.178850e+01,2.169175e+01,2.169175e+01,2.189206e+01,2.180231e+01,2.178159e+01,2.185755e+01,2.199551e+01,2.184374e+01,2.188516e+01,2.185755e+01,2.180231e+01,2.190586e+01,2.184374e+01,2.187825e+01,2.180231e+01,2.194725e+01,2.169175e+01,2.189896e+01,2.163642e+01,2.166409e+01,2.184374e+01,2.196793e+01,2.185755e+01,2.185065e+01,2.184374e+01,2.190586e+01,2.185755e+01,2.187135e+01,2.185065e+01,2.187135e+01,2.194035e+01,2.185755e+01,2.187135e+01,2.185065e+01,2.184374e+01,2.183684e+01,2.171940e+01,2.180922e+01,2.201619e+01,2.179540e+01,2.180231e+01,2.199551e+01,2.178850e+01,2.195414e+01,2.195414e+01,2.191276e+01,2.205065e+01,2.204376e+01,2.182993e+01,2.202997e+01,2.210575e+01,2.197483e+01,2.222962e+01,2.248379e+01,2.246320e+01,2.271679e+01,2.242888e+01,2.245634e+01,2.270994e+01,2.247006e+01,2.238769e+01,2.247006e+01,2.245634e+01,2.243575e+01,2.214706e+01,2.192655e+01,2.176777e+01,2.173322e+01,2.171940e+01,2.185065e+01,2.188516e+01,2.185755e+01,2.182303e+01,2.176777e+01,2.174704e+01,2.181612e+01,2.176777e+01,2.174013e+01,2.185065e+01,2.168483e+01,2.191276e+01,2.176086e+01,2.200241e+01,2.204376e+01,2.204376e+01,2.231212e+01,2.217459e+01,2.216082e+01,2.238082e+01,2.238082e+01,2.288094e+01,2.291510e+01,2.317439e+01,2.333782e+01,2.343303e+01,2.276469e+01,2.248379e+01,2.225026e+01,2.222962e+01,2.222275e+01,2.240142e+01,2.275101e+01,2.296292e+01,2.319484e+01,2.319484e+01,2.324933e+01,2.321527e+01,2.352816e+01,2.375881e+01,2.400924e+01,2.358926e+01,2.287410e+01,2.269625e+01,2.288094e+01,2.322209e+01,2.277837e+01,2.253866e+01,2.282625e+01,2.316076e+01,2.303118e+01,2.320165e+01,2.346701e+01,2.401600e+01,2.511872e+01,2.535256e+01,2.513210e+01,2.468306e+01,2.352136e+01,2.275101e+01,2.272363e+01,2.281257e+01,2.266201e+01,2.253180e+01,2.266886e+01,2.284676e+01,2.301071e+01,2.346022e+01,2.344662e+01,2.343303e+01,2.309940e+01,2.273047e+01,2.292194e+01,2.309940e+01,2.307894e+01,2.297657e+01,2.262776e+01,2.264146e+01,2.260035e+01,2.259350e+01,2.267571e+01,2.249751e+01,2.257979e+01,2.256608e+01,2.256608e+01,2.262091e+01,2.282625e+01,2.281257e+01,2.270994e+01,2.277153e+01,2.305165e+01,2.297657e+01,2.297657e+01,2.294243e+01,2.338544e+01,2.418485e+01,2.475691e+01,2.418485e+01,2.322209e+01,2.240829e+01,2.224338e+01,2.219523e+01,2.199551e+01,2.196793e+01,2.197483e+01,2.202997e+01,2.195414e+01,2.208509e+01,2.213329e+01,2.227088e+01,2.214706e+01,2.215394e+01,2.210575e+01,2.228463e+01,2.222275e+01,2.247006e+01,2.247006e+01,2.247006e+01,2.250437e+01,2.242888e+01,2.244261e+01,2.240829e+01,2.222275e+01,2.225713e+01,2.214017e+01,2.216771e+01,2.216082e+01,2.206442e+01,2.201619e+01,2.212641e+01,2.195414e+01,2.211952e+01,2.197483e+01,2.196793e+01,2.205065e+01,2.201619e+01,2.207131e+01,2.207820e+01,2.200241e+01,2.202308e+01,2.198862e+01,2.200930e+01,2.205754e+01,2.195414e+01,2.195414e+01,2.191965e+01,2.191965e+01,2.191276e+01,2.182303e+01,2.202997e+01,2.199551e+01,2.185755e+01,2.191276e+01,2.174704e+01,2.182993e+01,2.187825e+01,2.174704e+01,2.167792e+01,2.191276e+01,2.168483e+01,2.185755e+01,2.173322e+01,2.163642e+01,2.168483e+01,2.153952e+01,2.167792e+01,2.156721e+01,2.161566e+01,2.148411e+01,2.148411e+01,2.149104e+01,2.149796e+01,2.151182e+01,2.156721e+01,2.151182e+01,2.152567e+01,2.141480e+01,2.156029e+01,2.167792e+01,2.156721e+01,2.158106e+01,2.157414e+01,2.158798e+01,2.167100e+01,2.157414e+01,2.170557e+01,2.164334e+01,2.162258e+01,2.164334e+01,2.162258e+01,2.160874e+01,2.171940e+01,2.158798e+01,2.182303e+01,2.176777e+01,2.158798e+01,2.169866e+01,2.180231e+01,2.171248e+01,2.169866e+01,2.147025e+01,2.174704e+01,2.170557e+01,2.177468e+01,2.178159e+01,2.189206e+01,2.183684e+01,2.178159e+01,2.175395e+01,2.177468e+01,2.178850e+01,2.177468e+01,2.171940e+01,2.168483e+01,2.171940e+01,2.164334e+01,2.167792e+01,2.165717e+01,2.184374e+01,2.176777e+01,2.167792e+01,2.168483e+01,2.168483e+01,2.170557e+01,2.178159e+01,2.175395e+01,2.171248e+01,2.170557e+01,2.172631e+01,2.168483e+01,2.173322e+01,2.167792e+01,2.168483e+01,2.166409e+01,2.164334e+01,2.165025e+01,2.172631e+01,2.170557e+01,2.176777e+01,2.174013e+01,2.165025e+01,2.155337e+01,2.168483e+01,2.162950e+01,2.163642e+01,2.158798e+01,2.173322e+01,2.169866e+01,2.167792e+01,2.174704e+01,2.167792e+01,2.165717e+01,2.163642e+01,2.171248e+01,2.156721e+01,2.160182e+01,2.165717e+01,2.171248e+01,2.150489e+01,2.164334e+01,2.143560e+01,2.164334e+01,2.155337e+01,2.185755e+01,2.157414e+01,2.171940e+01,2.168483e+01,2.161566e+01,2.169866e+01,2.166409e+01,2.169866e+01,2.169175e+01,2.155337e+01,2.167792e+01,2.152567e+01,2.164334e+01,2.153952e+01,2.162258e+01,2.158106e+01,2.165025e+01,2.166409e+01,2.175395e+01,2.155337e+01,2.171940e+01,2.162258e+01,2.169175e+01,2.167100e+01,2.165717e+01,2.159490e+01,2.165025e+01,2.169866e+01,2.170557e+01,2.163642e+01,2.165717e+01,2.169175e+01,2.178850e+01,2.174704e+01,2.165717e+01,2.172631e+01,2.167100e+01,2.179540e+01,2.191276e+01,2.166409e+01,2.169175e+01,2.165025e+01,2.174704e+01,2.163642e+01,2.165717e+01,2.176086e+01,2.168483e+01,2.174013e+01,2.171248e+01,2.162258e+01,2.159490e+01,2.165717e+01,2.177468e+01,2.159490e+01,2.174704e+01,2.178850e+01,2.167792e+01,2.167792e+01,2.162950e+01,2.162950e+01,2.169175e+01,2.164334e+01,2.166409e+01,2.169866e+01,2.160874e+01,2.162258e+01,2.158106e+01,2.160874e+01,2.157414e+01,2.162950e+01,2.169175e+01,2.171940e+01,2.162950e+01,2.164334e+01,2.177468e+01,2.167792e+01,2.158106e+01,2.174704e+01,2.160182e+01,2.149104e+01,2.158106e+01,2.160182e+01,2.154645e+01,2.156029e+01,2.159490e+01,2.160874e+01,2.150489e+01,2.162950e+01,2.162950e+01,2.144946e+01,2.142174e+01,2.158798e+01,2.146332e+01,2.142867e+01,2.140094e+01,2.132464e+01,2.134545e+01,2.149104e+01,2.124133e+01,2.146332e+01,2.124133e+01,2.128299e+01,2.132464e+01,2.128299e+01,2.123439e+01,2.120660e+01,2.131076e+01,2.115796e+01,2.149796e+01,2.138013e+01,2.137320e+01,2.133158e+01,2.133158e+01,2.131076e+01,2.138013e+01,2.127605e+01,2.141480e+01,2.138707e+01,2.143560e+01,2.159490e+01,2.151182e+01,2.148411e+01,2.165717e+01,2.153260e+01,2.157414e+01,2.158798e+01,2.165025e+01,2.162258e+01,2.165025e+01,2.165025e+01,2.165717e+01,2.161566e+01,2.177468e+01,2.174013e+01,2.171248e+01,2.173322e+01,2.180922e+01,2.170557e+01,2.175395e+01,2.171940e+01,2.174704e+01,2.171248e+01,2.186445e+01,2.169175e+01,2.182993e+01,2.189206e+01,2.180922e+01,2.194035e+01,2.180922e+01,2.191965e+01,2.157414e+01,2.169175e+01,2.172631e+01,2.169175e+01,2.183684e+01,2.169866e+01,2.187135e+01,2.177468e+01,2.178850e+01,2.176086e+01,2.175395e+01,2.170557e+01,2.170557e+01,2.161566e+01,2.171940e+01,2.158106e+01,2.191276e+01,2.174704e+01,2.167100e+01,2.170557e+01,2.169175e+01,2.171940e+01,2.178850e+01,2.168483e+01,2.158798e+01,2.168483e+01,2.171940e+01,2.187825e+01,2.160182e+01,2.173322e+01,2.174704e+01,2.168483e+01,2.189896e+01,2.170557e+01,2.169866e+01,2.162258e+01,2.181612e+01,2.159490e+01,2.160182e+01,2.156029e+01,2.176777e+01,2.185065e+01,2.158798e+01,2.184374e+01,2.186445e+01,2.176086e+01,2.171248e+01,2.166409e+01,2.176086e+01,2.178850e+01,2.174704e+01,2.156029e+01,2.161566e+01,2.157414e+01,2.155337e+01,2.163642e+01,2.133158e+01,2.142867e+01,2.132464e+01,2.134545e+01,2.147025e+01,2.126911e+01,2.120660e+01,2.134545e+01,2.116491e+01,2.097012e+01,2.120660e+01,2.122744e+01,2.119966e+01,2.113015e+01,2.101885e+01,2.106061e+01,2.118576e+01,2.117881e+01,2.117881e+01,2.106756e+01,2.120660e+01,2.119271e+01,2.117186e+01,2.108843e+01,2.107452e+01,2.122744e+01,2.124133e+01,2.124133e+01,2.128299e+01,2.131076e+01,2.130382e+01,2.135239e+01,2.139400e+01,2.143560e+01,2.151875e+01,2.141480e+01,2.140094e+01,2.147025e+01,2.148411e+01,2.162950e+01,2.155337e+01,2.171940e+01,2.156029e+01,2.153952e+01,2.144253e+01,2.147718e+01,2.162950e+01,2.146332e+01,2.148411e+01,2.158798e+01,2.150489e+01,2.147025e+01,2.147718e+01
2.190586e+01,2.190586e+01,2.191276e+01,2.171940e+01,2.196793e+01,2.189896e+01,2.190586e+01,2.181612e+01,2.182303e+01,2.180922e+01,2.206442e+01,2.181612e+01,2.183684e+01,2.191965e+01,2.191276e+01,2.176777e+01,2.187135e+01,2.198862e+01,2.202308e+01,2.187135e+01,2.187825e+01,2.187135e+01,2.191276e+01,2.187135e+01,2.189206e+01,2.187825e+01,2.183684e+01,2.185065e+01,2.184374e+01,2.192655e+01,2.194725e+01,2.181612e+01,2.174013e+01,2.188516e+01,2.189206e+01,2.183684e+01,2.192655e+01,2.182993e+01,2.184374e+01,2.182303e+01,2.187135e+01,2.177468e+01,2.185065e+01,2.182303e+01,2.175395e+01,2.171248e+01,2.200241e+01,2.180922e+01,2.182993e+01,2.194035e+01,2.185065e+01,2.181612e+01,2.187825e+01,2.185065e+01,2.186445e+01,2.185065e+01,2.188516e+01,2.182303e+01,2.182993e+01,2.183684e+01,2.182993e+01,2.193345e+01,2.174704e+01,2.185755e+01,2.185065e+01,2.194725e+01,2.171248e+01,2.185755e+01,2.177468e+01,2.168483e+01,2.185755e+01,2.192655e+01,2.176777e+01,2.171248e+01,2.178159e+01,2.196793e+01,2.204376e+01,2.181612e+01,2.180922e+01,2.185755e+01,2.185755e+01,2.184374e+01,2.190586e+01,2.185755e+01,2.188516e+01,2.178850e+01,2.182303e+01,2.176086e+01,2.198172e+01,2.198862e+01,2.196793e+01,2.196793e+01,2.196793e+01,2.205065e+01,2.204376e+01,2.214017e+01,2.214017e+01,2.217459e+01,2.225713e+01,2.241516e+01,2.244948e+01,2.268940e+01,2.268255e+01,2.271679e+01,2.274416e+01,2.287410e+01,2.292877e+01,2.279206e+01,2.280573e+01,2.263461e+01,2.243575e+01,2.243575e+01,2.252494e+01,2.216082e+01,2.203687e+01,2.185065e+01,2.171248e+01,2.185065e+01,2.185755e+01,2.194725e+01,2.182303e+01,2.171940e+01,2.166409e+01,2.160182e+01,2.178850e+01,2.191276e+01,2.195414e+01,2.179540e+01,2.182303e+01,2.182993e+01,2.192655e+01,2.198172e+01,2.197483e+01,2.216082e+01,2.216082e+01,2.201619e+01,2.220899e+01,2.264831e+01,2.236709e+01,2.239456e+01,2.288777e+01,2.289461e+01,2.287410e+01,2.274416e+01,2.227776e+01,2.227088e+01,2.231212e+01,2.220211e+01,2.211952e+01,2.224338e+01,2.232587e+01,2.242202e+01,2.279206e+01,2.278522e+01,2.295609e+01,2.321527e+01,2.353495e+01,2.366390e+01,2.422533e+01,2.383332e+01,2.331060e+01,2.334462e+01,2.356890e+01,2.320165e+01,2.239456e+01,2.244261e+01,2.277837e+01,2.286727e+01,2.295609e+01,2.275101e+01,2.314031e+01,2.351457e+01,2.433321e+01,2.513210e+01,2.495137e+01,2.398895e+01,2.277837e+01,2.266886e+01,2.273047e+01,2.265516e+01,2.245634e+01,2.238082e+01,2.262776e+01,2.275101e+01,2.292194e+01,2.301071e+01,2.315395e+01,2.314031e+01,2.316076e+01,2.302436e+01,2.294926e+01,2.314713e+01,2.303801e+01,2.270309e+01,2.292877e+01,2.308576e+01,2.296292e+01,2.266886e+01,2.266201e+01,2.266886e+01,2.266201e+01,2.248379e+01,2.257979e+01,2.276469e+01,2.283309e+01,2.292877e+01,2.293560e+01,2.290827e+01,2.255237e+01,2.252494e+01,2.251808e+01,2.263461e+01,2.339904e+01,2.396190e+01,2.426580e+01,2.293560e+01,2.228463e+01,2.198862e+01,2.202997e+01,2.178850e+01,2.200930e+01,2.194035e+01,2.196793e+01,2.205065e+01,2.206442e+01,2.229838e+01,2.262776e+01,2.266201e+01,2.216082e+01,2.170557e+01,2.176777e+01,2.176777e+01,2.202308e+01,2.224338e+01,2.231900e+01,2.221587e+01,2.251122e+01,2.260720e+01,2.238082e+01,2.233274e+01,2.223650e+01,2.228463e+01,2.225713e+01,2.222962e+01,2.209886e+01,2.223650e+01,2.203687e+01,2.202308e+01,2.198862e+01,2.207820e+01,2.207131e+01,2.198172e+01,2.199551e+01,2.200930e+01,2.195414e+01,2.187135e+01,2.202997e+01,2.202997e+01,2.199551e+01,2.204376e+01,2.195414e+01,2.189206e+01,2.213329e+01,2.195414e+01,2.195414e+01,2.191276e+01,2.186445e+01,2.185755e+01,2.189896e+01,2.172631e+01,2.180231e+01,2.186445e+01,2.181612e+01,2.171940e+01,2.176086e+01,2.180922e+01,2.185755e+01,2.171940e+01,2.173322e+01,2.161566e+01,2.173322e+01,2.175395e+01,2.175395e+01,2.166409e+01,2.161566e+01,2.147025e+01,2.168483e+01,2.156721e+01,2.151875e+01,2.157414e+01,2.153952e+01,2.154645e+01,2.147025e+01,2.155337e+01,2.153952e+01,2.153260e+01,2.151182e+01,2.162258e+01,2.176086e+01,2.162950e+01,2.144946e+01,2.167100e+01,2.151875e+01,2.158106e+01,2.158798e+01,2.164334e+01,2.171248e+01,2.156721e+01,2.156029e+01,2.171248e+01,2.158798e+01,2.158798e+01,2.177468e+01,2.176777e+01,2.157414e+01,2.180231e+01,2.173322e+01,2.175395e+01,2.176777e+01,2.146332e+01,2.184374e+01,2.176086e+01,2.194035e+01,2.172631e+01,2.182303e+01,2.171248e+01,2.163642e+01,2.168483e+01,2.164334e+01,2.165025e+01,2.179540e+01,2.173322e+01,2.171248e+01,2.172631e+01,2.176086e+01,2.160874e+01,2.171248e+01,2.169175e+01,2.160874e+01,2.170557e+01,2.170557e+01,2.185065e+01,2.178850e+01,2.162258e+01,2.179540e+01,2.166409e+01,2.176777e+01,2.163642e+01,2.169175e+01,2.176777e+01,2.165025e+01,2.176086e+01,2.166409e+01,2.164334e+01,2.151875e+01,2.169866e+01,2.180231e+01,2.176086e+01,2.156721e+01,2.166409e+01,2.152567e+01,2.169866e+01,2.164334e+01,2.169175e+01,2.171940e+01,2.146332e+01,2.163642e+01,2.171248e+01,2.169175e+01,2.171248e+01,2.152567e+01,2.153260e+01,2.172631e+01,2.154645e+01,2.164334e+01,2.162950e+01,2.169175e+01,2.161566e+01,2.167100e+01,2.167100e+01,2.161566e+01,2.156029e+01,2.171940e+01,2.156721e+01,2.166409e+01,2.172631e+01,2.162950e+01,2.165025e+01,2.152567e+01,2.165025e+01,2.150489e+01,2.157414e+01,2.162950e+01,2.151875e+01,2.165025e+01,2.168483e+01,2.167100e+01,2.160874e+01,2.158798e+01,2.162950e+01,2.164334e+01,2.165025e+01,2.167792e+01,2.173322e+01,2.167792e+01,2.170557e+01,2.171940e+01,2.167792e+01,2.163642e+01,2.156721e+01,2.188516e+01,2.159490e+01,2.159490e+01,2.162258e+01,2.181612e+01,2.171940e+01,2.160182e+01,2.169175e+01,2.165025e+01,2.185755e+01,2.191276e+01,2.169175e+01,2.171940e+01,2.162950e+01,2.165717e+01,2.169866e+01,2.167100e+01,2.169866e+01,2.162950e+01,2.167100e+01,2.169175e+01,2.165025e+01,2.159490e+01,2.160182e+01,2.161566e+01,2.159490e+01,2.149104e+01,2.158798e+01,2.166409e+01,2.178850e+01,2.166409e+01,2.171940e+01,2.167792e+01,2.163642e+01,2.165025e+01,2.184374e+01,2.178159e+01,2.162950e+01,2.154645e+01,2.171248e+01,2.157414e+01,2.166409e+01,2.161566e+01,2.159490e+01,2.162258e+01,2.161566e+01,2.163642e+01,2.167100e+01,2.159490e+01,2.161566e+01,2.162258e+01,2.159490e+01,2.160182e+01,2.159490e+01,2.154645e+01,2.147718e+01,2.160182e+01,2.152567e+01,2.138013e+01,2.129688e+01,2.132464e+01,2.158106e+01,2.153952e+01,2.144253e+01,2.140787e+01,2.143560e+01,2.133158e+01,2.149796e+01,2.134545e+01,2.126217e+01,2.118576e+01,2.134545e+01,2.140787e+01,2.133851e+01,2.134545e+01,2.118576e+01,2.147025e+01,2.138707e+01,2.119966e+01,2.137320e+01,2.135239e+01,2.127605e+01,2.119966e+01,2.123439e+01,2.132464e+01,2.138707e+01,2.135933e+01,2.126217e+01,2.134545e+01,2.133158e+01,2.138013e+01,2.147718e+01,2.160182e+01,2.148411e+01,2.153260e+01,2.154645e+01,2.160874e+01,2.153260e+01,2.162950e+01,2.165717e+01,2.169866e+01,2.182303e+01,2.160182e+01,2.170557e+01,2.180231e+01,2.178159e+01,2.182993e+01,2.166409e+01,2.176086e+01,2.167792e+01,2.191276e+01,2.187135e+01,2.170557e+01,2.193345e+01,2.174013e+01,2.191965e+01,2.200241e+01,2.181612e+01,2.178159e+01,2.180231e+01,2.176777e+01,2.174704e+01,2.178159e+01,2.180231e+01,2.172631e+01,2.165717e+01,2.177468e+01,2.169175e+01,2.173322e+01,2.184374e+01,2.190586e+01,2.174704e+01,2.178850e+01,2.186445e+01,2.185065e+01,2.176777e+01,2.171940e+01,2.180922e+01,2.189206e+01,2.169175e+01,2.159490e+01,2.182303e+01,2.176086e+01,2.178850e+01,2.166409e+01,2.174013e+01,2.174013e+01,2.169866e+01,2.178159e+01,2.173322e+01,2.182303e+01,2.171248e+01,2.181612e+01,2.175395e+01,2.173322e+01,2.178159e+01,2.174013e+01,2.184374e+01,2.185065e+01,2.175395e+01,2.169866e+01,2.160182e+01,2.173322e+01,2.155337e+01,2.170557e+01,2.167792e+01,2.168483e+01,2.164334e+01,2.159490e+01,2.162258e+01,2.156721e+01,2.174013e+01,2.155337e+01,2.156721e+01,2.156029e+01,2.155337e+01,2.159490e+01,2.140094e+01,2.151875e+01,2.129688e+01,2.128993e+01,2.134545e+01,2.134545e+01,2.129688e+01,2.131076e+01,2.119966e+01,2.121355e+01,2.118576e+01,2.095619e+01,2.117881e+01,2.107452e+01,2.124828e+01,2.103973e+01,2.108148e+01,2.120660e+01,2.113015e+01,2.116491e+01,2.105365e+01,2.113015e+01,2.124828e+01,2.121355e+01,2.120660e+01,2.111625e+01,2.120660e+01,2.129688e+01,2.117881e+01,2.129688e+01,2.124828e+01,2.135933e+01,2.148411e+01,2.144253e+01,2.154645e+01,2.156721e+01,2.151182e+01,2.148411e+01,2.139400e+01,2.154645e+01,2.135933e+01,2.161566e+01,2.174013e+01,2.156029e+01,2.160874e+01,2.162258e+01,2.162950e+01,2.159490e+01,2.151182e+01,2.149104e+01,2.151875e+01,2.151182e+01,2.159490e+01
2.189206e+01,2.170557e+01,2.171940e+01,2.191965e+01,2.202997e+01,2.181612e+01,2.193345e+01,2.205754e+01,2.180231e+01,2.189896e+01,2.185755e+01,2.200241e+01,2.193345e+01,2.195414e+01,2.199551e+01,2.198172e+01,2.197483e+01,2.199551e+01,2.207820e+01,2.194035e+01,2.191276e+01,2.187135e+01,2.196793e+01,2.189896e+01,2.187825e+01,2.181612e+01,2.187135e+01,2.187825e+01,2.186445e+01,2.178159e+01,2.156721e+01,2.180922e+01,2.197483e+01,2.190586e+01,2.187135e+01,2.187825e+01,2.199551e+01,2.188516e+01,2.160874e+01,2.185755e+01,2.152567e+01,2.182303e+01,2.182993e+01,2.184374e+01,2.183684e+01,2.193345e+01,2.183684e+01,2.183684e+01,2.178159e+01,2.180231e+01,2.185065e+01,2.174013e+01,2.184374e+01,2.189206e+01,2.185755e+01,2.185065e+01,2.183684e+01,2.190586e+01,2.183684e+01,2.180922e+01,2.200930e+01,2.201619e+01,2.192655e+01,2.183684e+01,2.189206e+01,2.189896e+01,2.192655e+01,2.185755e+01,2.182993e+01,2.197483e+01,2.187825e+01,2.193345e+01,2.186445e+01,2.187135e+01,2.187825e+01,2.191965e+01,2.190586e+01,2.199551e+01,2.204376e+01,2.185065e+01,2.183684e+01,2.200930e+01,2.189206e+01,2.180922e+01,2.188516e+01,2.187825e+01,2.191276e+01,2.202308e+01,2.202997e+01,2.217459e+01,2.209886e+01,2.199551e+01,2.205754e+01,2.198172e+01,2.200930e+01,2.232587e+01,2.212641e+01,2.240829e+01,2.271679e+01,2.268940e+01,2.273047e+01,2.286727e+01,2.271679e+01,2.270309e+01,2.288777e+01,2.291510e+01,2.285360e+01,2.283309e+01,2.280573e+01,2.266201e+01,2.269625e+01,2.246320e+01,2.242888e+01,2.218147e+01,2.189896e+01,2.189896e+01,2.187135e+01,2.180922e+01,2.183684e+01,2.172631e+01,2.180231e+01,2.202308e+01,2.179540e+01,2.164334e+01,2.180922e+01,2.169866e+01,2.188516e+01,2.185755e+01,2.177468e+01,2.163642e+01,2.200930e+01,2.194725e+01,2.202308e+01,2.212641e+01,2.241516e+01,2.240142e+01,2.255923e+01,2.229151e+01,2.232587e+01,2.206442e+01,2.254551e+01,2.253866e+01,2.285360e+01,2.285360e+01,2.262091e+01,2.220899e+01,2.219523e+01,2.198862e+01,2.218835e+01,2.202997e+01,2.218147e+01,2.214706e+01,2.269625e+01,2.283993e+01,2.293560e+01,2.320165e+01,2.355532e+01,2.388748e+01,2.389425e+01,2.403627e+01,2.429951e+01,2.427254e+01,2.412409e+01,2.321527e+01,2.279206e+01,2.246320e+01,2.258665e+01,2.260035e+01,2.257979e+01,2.261406e+01,2.266201e+01,2.318121e+01,2.367068e+01,2.437364e+01,2.418485e+01,2.320165e+01,2.249065e+01,2.267571e+01,2.260035e+01,2.228463e+01,2.232587e+01,2.234648e+01,2.236022e+01,2.238769e+01,2.239456e+01,2.259350e+01,2.267571e+01,2.293560e+01,2.301753e+01,2.307212e+01,2.298340e+01,2.299023e+01,2.304483e+01,2.333782e+01,2.337864e+01,2.335143e+01,2.328337e+01,2.280573e+01,2.275101e+01,2.254551e+01,2.257294e+01,2.272363e+01,2.264831e+01,2.263461e+01,2.277837e+01,2.290144e+01,2.268940e+01,2.258665e+01,2.255237e+01,2.261406e+01,2.265516e+01,2.293560e+01,2.385364e+01,2.423208e+01,2.344662e+01,2.244261e+01,2.212641e+01,2.190586e+01,2.202997e+01,2.196793e+01,2.231212e+01,2.238769e+01,2.255923e+01,2.253180e+01,2.238082e+01,2.254551e+01,2.279889e+01,2.196104e+01,2.184374e+01,2.171940e+01,2.156721e+01,2.168483e+01,2.140094e+01,2.174013e+01,2.198862e+01,2.191965e+01,2.210575e+01,2.223650e+01,2.241516e+01,2.249751e+01,2.257294e+01,2.234648e+01,2.231212e+01,2.225713e+01,2.206442e+01,2.211263e+01,2.210575e+01,2.202308e+01,2.196104e+01,2.205754e+01,2.197483e+01,2.191965e+01,2.200241e+01,2.206442e+01,2.202308e+01,2.203687e+01,2.203687e+01,2.206442e+01,2.203687e+01,2.196104e+01,2.198862e+01,2.202997e+01,2.195414e+01,2.196104e+01,2.202997e+01,2.208509e+01,2.187825e+01,2.191965e+01,2.189206e+01,2.181612e+01,2.180922e+01,2.191965e+01,2.187135e+01,2.174013e+01,2.182303e+01,2.180231e+01,2.171248e+01,2.167100e+01,2.172631e+01,2.165025e+01,2.175395e+01,2.169175e+01,2.160874e+01,2.162950e+01,2.164334e+01,2.149104e+01,2.160182e+01,2.159490e+01,2.152567e+01,2.171248e+01,2.150489e+01,2.148411e+01,2.159490e+01,2.147025e+01,2.149796e+01,2.158106e+01,2.150489e+01,2.153952e+01,2.160874e+01,2.159490e+01,2.142174e+01,2.172631e+01,2.154645e+01,2.167100e+01,2.158106e+01,2.170557e+01,2.160182e+01,2.169866e+01,2.171940e+01,2.177468e+01,2.171248e+01,2.171248e+01,2.173322e+01,2.177468e+01,2.154645e+01,2.171940e+01,2.179540e+01,2.176086e+01,2.183684e+01,2.176777e+01,2.181612e+01,2.178159e+01,2.173322e+01,2.183684e+01,2.176086e+01,2.167100e+01,2.169175e+01,2.178850e+01,2.166409e+01,2.180231e+01,2.176086e+01,2.168483e+01,2.164334e+01,2.168483e+01,2.160874e+01,2.162258e+01,2.158798e+01,2.159490e+01,2.180922e+01,2.170557e+01,2.160874e+01,2.167792e+01,2.175395e+01,2.174704e+01,2.180231e+01,2.171248e+01,2.160182e+01,2.170557e+01,2.163642e+01,2.164334e+01,2.173322e+01,2.156721e+01,2.166409e+01,2.167792e+01,2.166409e+01,2.167100e+01,2.160874e+01,2.170557e+01,2.159490e+01,2.167792e+01,2.152567e+01,2.151182e+01,2.160874e+01,2.160182e+01,2.165717e+01,2.170557e+01,2.147718e+01,2.169866e+01,2.169175e+01,2.167792e+01,2.153952e+01,2.153952e+01,2.148411e+01,2.155337e+01,2.159490e+01,2.160182e+01,2.164334e+01,2.171248e+01,2.167100e+01,2.155337e+01,2.159490e+01,2.161566e+01,2.165025e+01,2.163642e+01,2.171248e+01,2.156029e+01,2.153260e+01,2.156721e+01,2.158106e+01,2.159490e+01,2.161566e+01,2.155337e+01,2.167792e+01,2.167792e+01,2.152567e+01,2.152567e+01,2.171940e+01,2.171248e+01,2.178850e+01,2.162258e+01,2.165025e+01,2.166409e+01,2.169175e+01,2.164334e+01,2.175395e+01,2.167100e+01,2.169175e+01,2.170557e+01,2.156721e+01,2.165025e+01,2.172631e+01,2.174013e+01,2.185065e+01,2.178850e+01,2.177468e+01,2.173322e+01,2.174013e+01,2.167100e+01,2.174013e+01,2.175395e+01,2.161566e+01,2.173322e+01,2.174704e+01,2.165717e+01,2.167100e+01,2.167100e+01,2.164334e+01,2.168483e+01,2.169866e+01,2.169175e+01,2.164334e+01,2.162258e+01,2.156721e+01,2.169866e+01,2.162950e+01,2.165717e+01,2.165025e+01,2.162258e+01,2.166409e+01,2.169866e+01,2.161566e+01,2.165717e+01,2.163642e+01,2.169175e+01,2.162950e+01,2.162950e+01,2.169866e+01,2.169866e+01,2.164334e+01,2.164334e+01,2.170557e+01,2.174013e+01,2.167100e+01,2.160182e+01,2.167100e+01,2.157414e+01,2.149796e+01,2.160182e+01,2.173322e+01,2.165025e+01,2.158798e+01,2.158798e+01,2.157414e+01,2.158798e+01,2.156029e+01,2.157414e+01,2.149104e+01,2.148411e+01,2.151182e+01,2.144946e+01,2.158106e+01,2.144946e+01,2.140094e+01,2.153260e+01,2.139400e+01,2.137320e+01,2.138013e+01,2.134545e+01,2.139400e+01,2.135933e+01,2.135933e+01,2.133851e+01,2.124133e+01,2.133851e+01,2.134545e+01,2.136626e+01,2.135933e+01,2.150489e+01,2.122744e+01,2.136626e+01,2.128993e+01,2.137320e+01,2.128993e+01,2.135239e+01,2.137320e+01,2.142867e+01,2.149796e+01,2.128299e+01,2.136626e+01,2.142174e+01,2.134545e+01,2.148411e+01,2.148411e+01,2.150489e+01,2.153260e+01,2.161566e+01,2.162950e+01,2.166409e+01,2.167100e+01,2.162258e+01,2.165025e+01,2.168483e+01,2.162258e+01,2.167792e+01,2.153952e+01,2.172631e+01,2.179540e+01,2.185755e+01,2.172631e+01,2.186445e+01,2.166409e+01,2.183684e+01,2.165717e+01,2.167100e+01,2.187825e+01,2.197483e+01,2.201619e+01,2.186445e+01,2.174013e+01,2.179540e+01,2.174704e+01,2.175395e+01,2.174013e+01,2.176086e+01,2.179540e+01,2.161566e+01,2.175395e+01,2.173322e+01,2.171940e+01,2.159490e+01,2.164334e+01,2.175395e+01,2.175395e+01,2.177468e+01,2.171940e+01,2.174704e+01,2.180922e+01,2.178850e+01,2.178159e+01,2.178850e+01,2.174704e+01,2.187825e+01,2.171940e+01,2.178159e+01,2.183684e+01,2.174704e+01,2.182303e+01,2.167100e+01,2.177468e+01,2.182303e+01,2.169866e+01,2.178159e+01,2.162950e+01,2.174013e+01,2.177468e+01,2.161566e+01,2.169866e+01,2.178159e+01,2.174704e+01,2.158798e+01,2.174013e+01,2.152567e+01,2.161566e+01,2.177468e+01,2.178850e+01,2.167792e+01,2.167100e+01,2.163642e+01,2.154645e+01,2.170557e+01,2.174704e+01,2.173322e+01,2.158106e+01,2.162950e+01,2.157414e+01,2.163642e+01,2.154645e+01,2.152567e+01,2.130382e+01,2.148411e+01,2.123439e+01,2.135933e+01,2.141480e+01,2.123439e+01,2.117881e+01,2.117186e+01,2.124133e+01,2.115101e+01,2.122744e+01,2.135239e+01,2.113015e+01,2.104669e+01,2.114406e+01,2.114406e+01,2.103973e+01,2.117186e+01,2.119966e+01,2.122050e+01,2.113711e+01,2.118576e+01,2.108843e+01,2.106756e+01,2.130382e+01,2.124133e+01,2.122050e+01,2.118576e+01,2.119966e+01,2.149796e+01,2.126911e+01,2.142174e+01,2.125522e+01,2.127605e+01,2.147025e+01,2.158106e+01,2.167100e+01,2.140787e+01,2.156721e+01,2.144946e+01,2.160182e+01,2.158798e+01,2.142174e+01,2.144946e+01,2.162950e+01,2.158798e+01,2.143560e+01,2.148411e+01,2.140094e+01,2.152567e+01,2.141480e+01,2.167100e+01
2.202997e+01,2.200241e+01,2.198862e+01,2.174013e+01,2.187135e+01,2.196104e+01,2.191276e+01,2.191276e+01,2.179540e+01,2.209198e+01,2.190586e+01,2.176777e+01,2.189206e+01,2.187135e+01,2.194035e+01,2.194035e+01,2.185755e+01,2.199551e+01,2.178159e+01,2.203687e+01,2.199551e+01,2.181612e+01,2.198172e+01,2.196793e+01,2.179540e+01,2.179540e+01,2.182993e+01,2.174704e+01,2.184374e+01,2.178850e+01,2.188516e+01,2.187135e+01,2.188516e+01,2.168483e+01,2.187825e+01,2.185755e+01,2.185755e+01,2.181612e+01,2.182303e+01,2.189896e+01,2.174013e+01,2.185065e+01,2.185065e+01,2.185065e+01,2.178159e+01,2.193345e+01,2.191276e+01,2.187135e+01,2.187135e+01,2.198862e+01,2.180922e+01,2.187825e+01,2.191276e+01,2.188516e+01,2.185755e+01,2.196104e+01,2.201619e+01,2.225713e+01,2.216082e+01,2.185755e+01,2.192655e+01,2.182303e+01,2.187135e+01,2.198172e+01,2.194725e+01,2.202308e+01,2.188516e+01,2.191965e+01,2.178159e+01,2.191965e+01,2.176777e+01,2.190586e+01,2.188516e+01,2.178850e+01,2.185755e+01,2.193345e+01,2.199551e+01,2.184374e+01,2.200930e+01,2.191965e+01,2.189206e+01,2.196793e+01,2.206442e+01,2.189206e+01,2.211952e+01,2.204376e+01,2.207820e+01,2.196793e+01,2.194725e+01,2.202997e+01,2.189206e+01,2.224338e+01,2.232587e+01,2.214017e+01,2.230525e+01,2.248379e+01,2.258665e+01,2.272363e+01,2.275785e+01,2.270994e+01,2.282625e+01,2.281941e+01,2.290827e+01,2.271679e+01,2.307212e+01,2.296975e+01,2.288094e+01,2.281941e+01,2.268255e+01,2.269625e+01,2.247006e+01,2.238082e+01,2.218147e+01,2.215394e+01,2.206442e+01,2.189896e+01,2.185755e+01,2.204376e+01,2.182993e+01,2.172631e+01,2.188516e+01,2.192655e+01,2.175395e+01,2.163642e+01,2.177468e+01,2.178159e+01,2.169175e+01,2.183684e+01,2.174704e+01,2.181612e+01,2.191965e+01,2.195414e+01,2.198172e+01,2.207131e+01,2.259350e+01,2.225026e+01,2.226401e+01,2.232587e+01,2.219523e+01,2.208509e+01,2.207820e+01,2.254551e+01,2.307894e+01,2.296975e+01,2.246320e+01,2.226401e+01,2.199551e+01,2.204376e+01,2.202308e+01,2.238769e+01,2.239456e+01,2.235335e+01,2.268940e+01,2.286727e+01,2.320165e+01,2.365033e+01,2.353495e+01,2.382655e+01,2.464275e+01,2.545929e+01,2.545929e+01,2.527245e+01,2.429277e+01,2.337864e+01,2.279889e+01,2.256608e+01,2.220211e+01,2.251122e+01,2.258665e+01,2.256608e+01,2.260720e+01,2.259350e+01,2.303118e+01,2.339224e+01,2.340584e+01,2.292194e+01,2.266886e+01,2.270994e+01,2.280573e+01,2.270994e+01,2.270309e+01,2.255923e+01,2.249751e+01,2.236022e+01,2.242888e+01,2.271679e+01,2.263461e+01,2.255237e+01,2.269625e+01,2.275101e+01,2.292194e+01,2.259350e+01,2.296292e+01,2.336503e+01,2.332421e+01,2.335823e+01,2.330379e+01,2.299023e+01,2.285360e+01,2.270309e+01,2.262776e+01,2.272363e+01,2.270309e+01,2.263461e+01,2.244261e+01,2.275101e+01,2.288777e+01,2.289461e+01,2.293560e+01,2.342623e+01,2.362319e+01,2.451501e+01,2.481059e+01,2.413085e+01,2.299706e+01,2.223650e+01,2.198172e+01,2.205754e+01,2.194725e+01,2.218835e+01,2.251122e+01,2.249751e+01,2.236709e+01,2.263461e+01,2.286043e+01,2.268255e+01,2.207131e+01,2.189206e+01,2.192655e+01,2.161566e+01,2.134545e+01,2.158106e+01,2.139400e+01,2.154645e+01,2.155337e+01,2.171248e+01,2.199551e+01,2.253866e+01,2.268255e+01,2.266886e+01,2.225713e+01,2.231900e+01,2.222275e+01,2.229151e+01,2.211952e+01,2.205065e+01,2.207131e+01,2.219523e+01,2.199551e+01,2.199551e+01,2.204376e+01,2.198862e+01,2.198862e+01,2.197483e+01,2.206442e+01,2.202308e+01,2.198862e+01,2.207131e+01,2.194725e+01,2.207820e+01,2.200241e+01,2.196104e+01,2.191965e+01,2.199551e+01,2.196104e+01,2.203687e+01,2.178850e+01,2.207820e+01,2.186445e+01,2.187135e+01,2.185755e+01,2.186445e+01,2.185065e+01,2.177468e+01,2.186445e+01,2.179540e+01,2.173322e+01,2.165717e+01,2.166409e+01,2.164334e+01,2.174013e+01,2.174013e+01,2.153260e+01,2.167792e+01,2.153952e+01,2.158798e+01,2.160874e+01,2.157414e+01,2.158798e+01,2.151875e+01,2.169175e+01,2.144253e+01,2.154645e+01,2.151182e+01,2.154645e+01,2.153952e+01,2.152567e+01,2.150489e+01,2.162950e+01,2.165025e+01,2.158798e+01,2.169175e+01,2.166409e+01,2.157414e+01,2.153952e+01,2.153952e+01,2.155337e+01,2.154645e+01,2.156721e+01,2.167100e+01,2.177468e+01,2.182303e+01,2.158798e+01,2.162950e+01,2.157414e+01,2.165717e+01,2.182303e+01,2.179540e+01,2.167792e+01,2.177468e+01,2.183684e+01,2.169175e+01,2.174013e+01,2.174013e+01,2.179540e+01,2.182303e+01,2.182303e+01,2.178159e+01,2.170557e+01,2.171940e+01,2.170557e+01,2.164334e+01,2.166409e+01,2.159490e+01,2.153260e+01,2.162950e+01,2.157414e+01,2.163642e+01,2.169866e+01,2.155337e+01,2.166409e+01,2.156721e+01,2.183684e+01,2.174013e+01,2.170557e+01,2.164334e+01,2.176086e+01,2.178159e+01,2.175395e+01,2.180231e+01,2.169866e+01,2.172631e+01,2.159490e+01,2.169175e+01,2.159490e+01,2.165025e+01,2.160874e+01,2.155337e+01,2.162950e+01,2.167100e+01,2.157414e+01,2.165717e+01,2.158106e+01,2.170557e+01,2.160874e+01,2.150489e+01,2.159490e+01,2.156029e+01,2.153952e+01,2.150489e+01,2.159490e+01,2.137320e+01,2.158106e+01,2.158798e+01,2.156721e+01,2.150489e+01,2.149796e+01,2.156029e+01,2.162258e+01,2.157414e+01,2.158798e+01,2.160874e+01,2.166409e+01,2.170557e+01,2.159490e+01,2.154645e+01,2.164334e+01,2.154645e+01,2.153260e+01,2.154645e+01,2.156029e+01,2.169175e+01,2.168483e+01,2.150489e+01,2.169175e+01,2.165717e+01,2.166409e+01,2.172631e+01,2.162258e+01,2.173322e+01,2.174013e+01,2.162258e+01,2.170557e+01,2.180922e+01,2.160182e+01,2.161566e+01,2.158106e+01,2.167792e+01,2.167100e+01,2.160874e+01,2.165717e+01,2.174013e+01,2.168483e+01,2.181612e+01,2.174704e+01,2.178159e+01,2.174704e+01,2.174013e+01,2.174704e+01,2.169866e+01,2.165025e+01,2.163642e+01,2.167100e+01,2.176777e+01,2.164334e+01,2.167792e+01,2.171940e+01,2.159490e+01,2.170557e+01,2.171940e+01,2.160182e+01,2.169866e+01,2.166409e+01,2.151182e+01,2.162950e+01,2.163642e+01,2.162258e+01,2.169866e+01,2.151182e+01,2.169175e+01,2.155337e+01,2.165025e+01,2.165025e+01,2.165025e+01,2.170557e+01,2.171940e+01,2.167100e+01,2.149796e+01,2.147718e+01,2.159490e+01,2.174013e+01,2.166409e+01,2.160874e+01,2.152567e+01,2.158106e+01,2.168483e+01,2.156721e+01,2.159490e+01,2.148411e+01,2.173322e+01,2.161566e+01,2.156721e+01,2.156721e+01,2.159490e+01,2.150489e+01,2.149796e+01,2.153952e+01,2.149796e+01,2.153260e+01,2.149104e+01,2.141480e+01,2.145639e+01,2.141480e+01,2.136626e+01,2.140787e+01,2.149104e+01,2.138013e+01,2.137320e+01,2.139400e+01,2.140787e+01,2.133158e+01,2.113711e+01,2.149796e+01,2.144253e+01,2.142867e+01,2.133158e+01,2.142867e+01,2.112320e+01,2.125522e+01,2.122050e+01,2.136626e+01,2.135239e+01,2.136626e+01,2.135933e+01,2.141480e+01,2.144946e+01,2.139400e+01,2.140787e+01,2.129688e+01,2.138013e+01,2.147718e+01,2.149104e+01,2.149104e+01,2.149796e+01,2.158798e+01,2.163642e+01,2.164334e+01,2.158106e+01,2.165717e+01,2.165717e+01,2.160182e+01,2.165025e+01,2.164334e+01,2.185755e+01,2.158798e+01,2.178159e+01,2.150489e+01,2.175395e+01,2.173322e+01,2.174704e+01,2.177468e+01,2.169866e+01,2.193345e+01,2.172631e+01,2.171940e+01,2.181612e+01,2.176086e+01,2.187135e+01,2.175395e+01,2.171248e+01,2.177468e+01,2.174704e+01,2.151875e+01,2.179540e+01,2.174704e+01,2.171940e+01,2.171248e+01,2.166409e+01,2.170557e+01,2.180922e+01,2.167100e+01,2.174013e+01,2.186445e+01,2.175395e+01,2.174013e+01,2.174013e+01,2.174013e+01,2.172631e+01,2.187825e+01,2.174704e+01,2.173322e+01,2.175395e+01,2.171940e+01,2.176086e+01,2.182303e+01,2.175395e+01,2.178159e+01,2.178850e+01,2.176086e+01,2.169175e+01,2.184374e+01,2.170557e+01,2.176777e+01,2.175395e+01,2.176777e+01,2.162950e+01,2.158106e+01,2.188516e+01,2.158798e+01,2.167792e+01,2.183684e+01,2.158106e+01,2.163642e+01,2.156029e+01,2.163642e+01,2.167100e+01,2.168483e+01,2.178850e+01,2.162950e+01,2.165717e+01,2.165717e+01,2.147025e+01,2.160182e+01,2.165717e+01,2.171940e+01,2.151182e+01,2.144253e+01,2.139400e+01,2.131076e+01,2.135933e+01,2.140787e+01,2.135239e+01,2.131770e+01,2.126217e+01,2.113711e+01,2.110929e+01,2.122744e+01,2.112320e+01,2.107452e+01,2.100493e+01,2.115101e+01,2.111625e+01,2.112320e+01,2.112320e+01,2.119271e+01,2.116491e+01,2.117186e+01,2.113711e+01,2.110234e+01,2.104669e+01,2.099797e+01,2.101189e+01,2.117186e+01,2.118576e+01,2.126911e+01,2.118576e+01,2.122050e+01,2.142867e+01,2.148411e+01,2.124828e+01,2.135239e+01,2.151182e+01,2.155337e+01,2.140787e+01,2.149796e+01,2.150489e+01,2.165717e+01,2.143560e+01,2.144253e+01,2.140787e+01,2.159490e+01,2.158106e+01,2.151182e+01,2.144253e+01,2.158798e+01,2.150489e+01,2.160182e+01,2.148411e+01,2.138013e+01,2.145639e+01
2.187135e+01,2.200241e+01,2.195414e+01,2.187825e+01,2.197483e+01,2.185755e+01,2.178850e+01,2.200930e+01,2.190586e+01,2.196104e+01,2.194035e+01,2.198172e+01,2.198172e+01,2.196793e+01,2.180231e+01,2.194035e+01,2.205065e+01,2.178159e+01,2.179540e+01,2.191276e+01,2.185065e+01,2.197483e+01,2.191965e+01,2.177468e+01,2.191276e+01,2.177468e+01,2.188516e+01,2.185065e+01,2.187825e+01,2.171248e+01,2.185065e+01,2.168483e+01,2.187825e+01,2.188516e+01,2.184374e+01,2.191276e+01,2.191965e+01,2.186445e+01,2.176777e+01,2.182303e+01,2.182993e+01,2.203687e+01,2.176086e+01,2.181612e+01,2.194725e+01,2.190586e+01,2.198862e+01,2.197483e+01,2.191276e+01,2.190586e+01,2.197483e+01,2.189206e+01,2.191965e+01,2.188516e+01,2.193345e+01,2.185755e+01,2.185755e+01,2.204376e+01,2.187135e+01,2.183684e+01,2.182303e+01,2.205754e+01,2.196104e+01,2.207820e+01,2.187825e+01,2.191965e+01,2.191965e+01,2.191965e+01,2.191276e+01,2.206442e+01,2.194725e+01,2.197483e+01,2.203687e+01,2.182303e+01,2.192655e+01,2.191276e+01,2.201619e+01,2.182993e+01,2.214017e+01,2.201619e+01,2.211263e+01,2.199551e+01,2.214706e+01,2.208509e+01,2.208509e+01,2.211263e+01,2.204376e+01,2.214017e+01,2.201619e+01,2.222962e+01,2.212641e+01,2.226401e+01,2.250437e+01,2.245634e+01,2.272363e+01,2.273732e+01,2.289461e+01,2.291510e+01,2.269625e+01,2.279206e+01,2.295609e+01,2.297657e+01,2.299706e+01,2.283309e+01,2.283993e+01,2.301753e+01,2.265516e+01,2.279889e+01,2.275101e+01,2.267571e+01,2.266886e+01,2.246320e+01,2.249751e+01,2.225713e+01,2.202997e+01,2.185755e+01,2.189206e+01,2.178159e+01,2.181612e+01,2.178850e+01,2.177468e+01,2.179540e+01,2.185755e+01,2.193345e+01,2.187825e+01,2.186445e+01,2.189206e+01,2.185065e+01,2.182993e+01,2.191276e+01,2.189896e+01,2.209886e+01,2.199551e+01,2.231212e+01,2.237395e+01,2.212641e+01,2.207131e+01,2.233961e+01,2.225026e+01,2.202997e+01,2.239456e+01,2.296975e+01,2.331060e+01,2.298340e+01,2.249751e+01,2.225713e+01,2.198862e+01,2.200241e+01,2.231900e+01,2.235335e+01,2.238082e+01,2.235335e+01,2.269625e+01,2.292194e+01,2.345342e+01,2.356890e+01,2.369781e+01,2.465619e+01,2.582533e+01,2.617025e+01,2.611063e+01,2.458898e+01,2.319484e+01,2.242202e+01,2.232587e+01,2.210575e+01,2.228463e+01,2.244948e+01,2.257979e+01,2.262091e+01,2.231900e+01,2.243575e+01,2.242888e+01,2.282625e+01,2.327656e+01,2.296292e+01,2.277153e+01,2.270994e+01,2.281257e+01,2.246320e+01,2.239456e+01,2.235335e+01,2.245634e+01,2.294243e+01,2.333782e+01,2.287410e+01,2.275101e+01,2.272363e+01,2.258665e+01,2.259350e+01,2.269625e+01,2.281941e+01,2.277153e+01,2.253180e+01,2.257979e+01,2.290144e+01,2.305848e+01,2.301753e+01,2.290144e+01,2.277153e+01,2.290827e+01,2.270994e+01,2.273047e+01,2.279889e+01,2.270994e+01,2.315395e+01,2.315395e+01,2.315395e+01,2.340584e+01,2.367746e+01,2.391455e+01,2.396190e+01,2.406330e+01,2.362319e+01,2.266886e+01,2.260035e+01,2.269625e+01,2.225713e+01,2.238769e+01,2.250437e+01,2.249065e+01,2.255237e+01,2.268940e+01,2.264831e+01,2.258665e+01,2.204376e+01,2.191965e+01,2.196104e+01,2.194725e+01,2.189206e+01,2.159490e+01,2.174013e+01,2.169175e+01,2.156029e+01,2.187825e+01,2.183684e+01,2.228463e+01,2.249065e+01,2.260035e+01,2.236709e+01,2.236709e+01,2.234648e+01,2.225026e+01,2.218147e+01,2.203687e+01,2.220899e+01,2.200930e+01,2.199551e+01,2.198862e+01,2.202997e+01,2.200241e+01,2.201619e+01,2.204376e+01,2.198862e+01,2.205754e+01,2.199551e+01,2.205754e+01,2.195414e+01,2.204376e+01,2.190586e+01,2.194035e+01,2.194035e+01,2.197483e+01,2.200241e+01,2.199551e+01,2.191965e+01,2.199551e+01,2.189896e+01,2.191965e+01,2.208509e+01,2.185755e+01,2.176777e+01,2.183684e+01,2.176777e+01,2.176086e+01,2.185065e+01,2.167792e+01,2.175395e+01,2.168483e+01,2.169866e+01,2.161566e+01,2.166409e+01,2.162258e+01,2.170557e+01,2.150489e+01,2.178850e+01,2.160874e+01,2.162258e+01,2.147718e+01,2.160874e+01,2.153260e+01,2.153260e+01,2.156721e+01,2.151875e+01,2.153952e+01,2.149104e+01,2.151182e+01,2.152567e+01,2.145639e+01,2.139400e+01,2.162258e+01,2.156029e+01,2.167100e+01,2.165717e+01,2.156721e+01,2.162950e+01,2.160874e+01,2.156029e+01,2.156721e+01,2.171940e+01,2.153952e+01,2.169866e+01,2.168483e+01,2.183684e+01,2.169866e+01,2.178850e+01,2.182303e+01,2.171940e+01,2.173322e+01,2.168483e+01,2.167792e+01,2.176086e+01,2.170557e+01,2.171248e+01,2.170557e+01,2.178159e+01,2.166409e+01,2.174704e+01,2.169866e+01,2.177468e+01,2.176777e+01,2.181612e+01,2.165717e+01,2.169175e+01,2.163642e+01,2.180231e+01,2.167792e+01,2.176086e+01,2.158106e+01,2.185755e+01,2.174013e+01,2.156721e+01,2.178159e+01,2.175395e+01,2.175395e+01,2.177468e+01,2.156721e+01,2.177468e+01,2.167792e+01,2.167792e+01,2.168483e+01,2.182303e+01,2.164334e+01,2.165025e+01,2.161566e+01,2.160874e+01,2.162258e+01,2.156721e+01,2.171248e+01,2.158106e+01,2.151182e+01,2.161566e+01,2.157414e+01,2.163642e+01,2.165025e+01,2.169866e+01,2.168483e+01,2.158106e+01,2.138013e+01,2.164334e+01,2.164334e+01,2.168483e+01,2.151182e+01,2.158798e+01,2.162950e+01,2.159490e+01,2.141480e+01,2.153952e+01,2.170557e+01,2.159490e+01,2.158106e+01,2.165717e+01,2.158798e+01,2.161566e+01,2.165717e+01,2.150489e+01,2.171248e+01,2.165025e+01,2.154645e+01,2.174013e+01,2.160874e+01,2.168483e+01,2.167792e+01,2.174013e+01,2.166409e+01,2.153260e+01,2.163642e+01,2.171940e+01,2.170557e+01,2.171248e+01,2.162258e+01,2.176777e+01,2.181612e+01,2.160182e+01,2.167792e+01,2.174013e+01,2.171940e+01,2.166409e+01,2.161566e+01,2.174013e+01,2.165717e+01,2.174704e+01,2.187135e+01,2.176086e+01,2.167792e+01,2.173322e+01,2.174704e+01,2.172631e+01,2.174013e+01,2.182303e+01,2.180922e+01,2.176777e+01,2.176777e+01,2.172631e+01,2.174013e+01,2.169866e+01,2.166409e+01,2.174013e+01,2.174013e+01,2.151182e+01,2.167792e+01,2.160874e+01,2.171940e+01,2.158106e+01,2.164334e+01,2.162950e+01,2.163642e+01,2.167792e+01,2.172631e+01,2.152567e+01,2.169866e+01,2.165025e+01,2.165717e+01,2.167100e+01,2.172631e+01,2.170557e+01,2.176086e+01,2.165717e+01,2.160182e+01,2.163642e+01,2.152567e+01,2.173322e+01,2.167100e+01,2.162950e+01,2.164334e+01,2.153952e+01,2.153260e+01,2.175395e+01,2.160874e+01,2.157414e+01,2.156721e+01,2.151875e+01,2.161566e+01,2.158798e+01,2.160182e+01,2.152567e+01,2.147025e+01,2.150489e+01,2.146332e+01,2.151182e+01,2.153952e+01,2.159490e+01,2.140787e+01,2.141480e+01,2.142174e+01,2.151875e+01,2.144946e+01,2.146332e+01,2.138013e+01,2.139400e+01,2.138013e+01,2.137320e+01,2.145639e+01,2.151875e+01,2.119271e+01,2.118576e+01,2.121355e+01,2.133851e+01,2.125522e+01,2.142867e+01,2.122744e+01,2.135239e+01,2.135933e+01,2.119966e+01,2.128299e+01,2.135239e+01,2.150489e+01,2.146332e+01,2.135933e+01,2.133158e+01,2.135933e+01,2.166409e+01,2.140094e+01,2.154645e+01,2.160182e+01,2.148411e+01,2.159490e+01,2.161566e+01,2.158798e+01,2.160874e+01,2.162950e+01,2.172631e+01,2.153260e+01,2.165025e+01,2.149104e+01,2.176777e+01,2.178159e+01,2.156029e+01,2.172631e+01,2.176086e+01,2.167100e+01,2.177468e+01,2.182303e+01,2.172631e+01,2.171248e+01,2.177468e+01,2.187135e+01,2.177468e+01,2.177468e+01,2.178159e+01,2.167100e+01,2.175395e+01,2.165025e+01,2.178159e+01,2.174013e+01,2.175395e+01,2.162950e+01,2.174013e+01,2.169866e+01,2.172631e+01,2.169866e+01,2.178159e+01,2.174013e+01,2.181612e+01,2.176086e+01,2.173322e+01,2.174013e+01,2.174704e+01,2.169866e+01,2.174704e+01,2.176777e+01,2.171248e+01,2.168483e+01,2.180231e+01,2.176777e+01,2.176086e+01,2.158106e+01,2.176086e+01,2.180922e+01,2.180231e+01,2.178850e+01,2.174704e+01,2.174704e+01,2.175395e+01,2.181612e+01,2.165025e+01,2.178850e+01,2.189896e+01,2.170557e+01,2.154645e+01,2.176086e+01,2.158798e+01,2.182303e+01,2.169866e+01,2.162258e+01,2.158798e+01,2.158106e+01,2.162950e+01,2.170557e+01,2.159490e+01,2.153952e+01,2.171940e+01,2.160182e+01,2.160182e+01,2.155337e+01,2.158798e+01,2.142867e+01,2.160874e+01,2.148411e+01,2.136626e+01,2.125522e+01,2.128993e+01,2.128993e+01,2.131076e+01,2.128299e+01,2.128299e+01,2.121355e+01,2.107452e+01,2.110929e+01,2.124133e+01,2.112320e+01,2.113711e+01,2.109539e+01,2.120660e+01,2.099797e+01,2.104669e+01,2.122050e+01,2.115101e+01,2.110234e+01,2.116491e+01,2.117881e+01,2.114406e+01,2.124828e+01,2.125522e+01,2.119966e+01,2.115796e+01,2.122744e+01,2.123439e+01,2.133158e+01,2.144253e+01,2.130382e+01,2.153952e+01,2.142867e+01,2.149104e+01,2.135239e+01,2.168483e+01,2.168483e+01,2.145639e+01,2.147025e+01,2.160182e+01,2.169866e+01,2.162258e+01,2.156721e+01,2.151182e+01,2.163642e+01,2.141480e+01,2.142174e+01,2.147025e+01,2.170557e+01,2.149104e+01
2.206442e+01,2.197483e+01,2.176777e+01,2.191965e+01,2.196104e+01,2.185755e+01,2.181612e+01,2.185065e+01,2.190586e+01,2.180922e+01,2.192655e+01,2.198172e+01,2.196104e+01,2.191276e+01,2.191965e+01,2.186445e+01,2.182993e+01,2.191276e+01,2.196793e+01,2.195414e+01,2.184374e+01,2.190586e+01,2.199551e+01,2.178850e+01,2.187135e+01,2.182303e+01,2.186445e+01,2.189206e+01,2.189896e+01,2.185755e+01,2.187825e+01,2.200241e+01,2.189206e+01,2.188516e+01,2.189896e+01,2.188516e+01,2.193345e+01,2.192655e+01,2.198172e+01,2.187135e+01,2.175395e+01,2.191965e+01,2.198862e+01,2.176777e+01,2.200930e+01,2.192655e+01,2.202308e+01,2.186445e+01,2.189206e+01,2.192655e+01,2.194725e+01,2.190586e+01,2.193345e+01,2.196793e+01,2.198862e+01,2.199551e+01,2.193345e+01,2.203687e+01,2.206442e+01,2.211263e+01,2.190586e+01,2.203687e+01,2.204376e+01,2.190586e+01,2.185755e+01,2.188516e+01,2.177468e+01,2.198172e+01,2.194725e+01,2.205754e+01,2.200930e+01,2.195414e+01,2.194035e+01,2.200930e+01,2.207131e+01,2.200241e+01,2.202997e+01,2.206442e+01,2.207131e+01,2.205754e+01,2.210575e+01,2.200930e+01,2.199551e+01,2.211263e+01,2.211263e+01,2.223650e+01,2.205065e+01,2.209198e+01,2.227088e+01,2.211263e+01,2.247006e+01,2.260720e+01,2.262776e+01,2.271679e+01,2.273732e+01,2.283309e+01,2.276469e+01,2.273047e+01,2.289461e+01,2.283309e+01,2.283309e+01,2.297657e+01,2.276469e+01,2.286043e+01,2.297657e+01,2.303118e+01,2.294926e+01,2.277153e+01,2.283309e+01,2.270994e+01,2.265516e+01,2.247006e+01,2.240142e+01,2.235335e+01,2.202308e+01,2.185755e+01,2.183684e+01,2.184374e+01,2.171248e+01,2.188516e+01,2.186445e+01,2.182303e+01,2.173322e+01,2.189896e+01,2.192655e+01,2.190586e+01,2.174013e+01,2.189206e+01,2.187135e+01,2.176086e+01,2.187135e+01,2.182993e+01,2.192655e+01,2.197483e+01,2.211952e+01,2.202997e+01,2.202997e+01,2.222962e+01,2.202308e+01,2.225713e+01,2.271679e+01,2.291510e+01,2.297657e+01,2.266886e+01,2.264146e+01,2.220211e+01,2.202997e+01,2.205065e+01,2.242202e+01,2.286043e+01,2.270994e+01,2.275101e+01,2.273732e+01,2.314713e+01,2.347381e+01,2.307894e+01,2.372492e+01,2.509865e+01,2.613713e+01,2.577882e+01,2.444098e+01,2.260035e+01,2.218835e+01,2.200930e+01,2.222962e+01,2.237395e+01,2.284676e+01,2.270994e+01,2.262776e+01,2.264146e+01,2.242202e+01,2.224338e+01,2.211263e+01,2.243575e+01,2.276469e+01,2.253866e+01,2.227776e+01,2.225713e+01,2.204376e+01,2.224338e+01,2.234648e+01,2.242888e+01,2.261406e+01,2.286043e+01,2.252494e+01,2.244261e+01,2.258665e+01,2.279206e+01,2.288777e+01,2.297657e+01,2.299023e+01,2.293560e+01,2.278522e+01,2.253866e+01,2.250437e+01,2.253180e+01,2.257979e+01,2.257979e+01,2.287410e+01,2.292194e+01,2.293560e+01,2.284676e+01,2.280573e+01,2.288777e+01,2.280573e+01,2.288777e+01,2.266201e+01,2.263461e+01,2.274416e+01,2.263461e+01,2.294926e+01,2.312668e+01,2.313350e+01,2.311986e+01,2.317439e+01,2.363676e+01,2.349419e+01,2.328337e+01,2.331060e+01,2.329699e+01,2.273047e+01,2.277153e+01,2.257979e+01,2.238082e+01,2.202997e+01,2.200930e+01,2.204376e+01,2.206442e+01,2.242202e+01,2.229151e+01,2.206442e+01,2.200930e+01,2.178850e+01,2.196104e+01,2.206442e+01,2.247006e+01,2.269625e+01,2.261406e+01,2.249751e+01,2.220899e+01,2.236709e+01,2.230525e+01,2.252494e+01,2.201619e+01,2.207131e+01,2.210575e+01,2.207131e+01,2.207820e+01,2.198172e+01,2.200241e+01,2.205065e+01,2.202997e+01,2.202997e+01,2.197483e+01,2.205754e+01,2.200241e+01,2.209886e+01,2.207820e+01,2.211263e+01,2.191276e+01,2.208509e+01,2.196104e+01,2.206442e+01,2.200241e+01,2.198172e+01,2.202997e+01,2.189206e+01,2.208509e+01,2.192655e+01,2.189206e+01,2.186445e+01,2.189206e+01,2.180231e+01,2.178850e+01,2.184374e+01,2.180231e+01,2.174013e+01,2.179540e+01,2.165025e+01,2.176086e+01,2.173322e+01,2.174013e+01,2.165025e+01,2.169866e+01,2.197483e+01,2.164334e+01,2.160182e+01,2.162258e+01,2.151875e+01,2.165717e+01,2.153260e+01,2.149796e+01,2.148411e+01,2.155337e+01,2.153952e+01,2.150489e+01,2.140787e+01,2.155337e+01,2.156029e+01,2.160182e+01,2.158106e+01,2.164334e+01,2.156721e+01,2.164334e+01,2.165717e+01,2.169866e+01,2.162258e+01,2.164334e+01,2.159490e+01,2.158798e+01,2.175395e+01,2.169175e+01,2.169866e+01,2.161566e+01,2.180231e+01,2.169866e+01,2.167792e+01,2.171940e+01,2.182303e+01,2.171940e+01,2.179540e+01,2.175395e+01,2.171248e+01,2.172631e+01,2.178850e+01,2.178850e+01,2.170557e+01,2.172631e+01,2.167792e+01,2.169866e+01,2.169866e+01,2.167792e+01,2.170557e+01,2.167100e+01,2.171248e+01,2.185065e+01,2.176777e+01,2.156029e+01,2.173322e+01,2.175395e+01,2.162258e+01,2.158106e+01,2.170557e+01,2.169866e+01,2.175395e+01,2.175395e+01,2.176086e+01,2.163642e+01,2.153952e+01,2.159490e+01,2.156029e+01,2.167100e+01,2.161566e+01,2.167792e+01,2.162258e+01,2.158798e+01,2.162950e+01,2.168483e+01,2.163642e+01,2.165025e+01,2.151875e+01,2.162950e+01,2.163642e+01,2.169866e+01,2.151875e+01,2.149796e+01,2.151182e+01,2.159490e+01,2.152567e+01,2.154645e+01,2.164334e+01,2.149796e+01,2.153952e+01,2.164334e+01,2.161566e+01,2.163642e+01,2.160182e+01,2.159490e+01,2.129688e+01,2.158798e+01,2.160182e+01,2.167100e+01,2.164334e+01,2.164334e+01,2.153952e+01,2.157414e+01,2.165717e+01,2.157414e+01,2.157414e+01,2.164334e+01,2.156029e+01,2.167792e+01,2.150489e+01,2.161566e+01,2.151875e+01,2.158798e+01,2.163642e+01,2.165025e+01,2.176777e+01,2.158798e+01,2.176086e+01,2.160874e+01,2.169866e+01,2.157414e+01,2.170557e+01,2.164334e+01,2.170557e+01,2.177468e+01,2.158106e+01,2.174013e+01,2.160874e+01,2.169866e+01,2.167792e+01,2.172631e+01,2.169866e+01,2.171248e+01,2.171248e+01,2.168483e+01,2.174013e+01,2.174704e+01,2.178159e+01,2.173322e+01,2.176086e+01,2.155337e+01,2.168483e+01,2.160874e+01,2.177468e+01,2.174704e+01,2.169866e+01,2.144253e+01,2.161566e+01,2.153260e+01,2.151875e+01,2.158106e+01,2.168483e+01,2.162950e+01,2.162950e+01,2.169175e+01,2.169175e+01,2.158106e+01,2.177468e+01,2.167100e+01,2.167792e+01,2.186445e+01,2.178159e+01,2.172631e+01,2.157414e+01,2.165025e+01,2.166409e+01,2.166409e+01,2.165717e+01,2.152567e+01,2.173322e+01,2.165717e+01,2.163642e+01,2.171248e+01,2.156721e+01,2.158798e+01,2.153260e+01,2.159490e+01,2.158798e+01,2.176777e+01,2.159490e+01,2.162258e+01,2.159490e+01,2.141480e+01,2.157414e+01,2.158798e+01,2.152567e+01,2.160182e+01,2.150489e+01,2.154645e+01,2.152567e+01,2.136626e+01,2.141480e+01,2.160874e+01,2.144946e+01,2.142867e+01,2.161566e+01,2.141480e+01,2.135239e+01,2.131076e+01,2.134545e+01,2.124133e+01,2.131770e+01,2.135933e+01,2.137320e+01,2.124828e+01,2.141480e+01,2.151182e+01,2.127605e+01,2.156721e+01,2.138707e+01,2.124133e+01,2.119271e+01,2.138707e+01,2.141480e+01,2.135933e+01,2.138013e+01,2.152567e+01,2.138013e+01,2.160182e+01,2.145639e+01,2.160874e+01,2.160182e+01,2.144253e+01,2.157414e+01,2.154645e+01,2.167100e+01,2.147718e+01,2.166409e+01,2.152567e+01,2.157414e+01,2.165717e+01,2.165025e+01,2.178159e+01,2.167792e+01,2.151875e+01,2.161566e+01,2.178159e+01,2.197483e+01,2.182303e+01,2.180922e+01,2.182303e+01,2.173322e+01,2.170557e+01,2.182993e+01,2.180231e+01,2.180231e+01,2.178850e+01,2.164334e+01,2.175395e+01,2.183684e+01,2.160874e+01,2.174013e+01,2.177468e+01,2.172631e+01,2.167100e+01,2.169175e+01,2.178850e+01,2.177468e+01,2.174704e+01,2.176086e+01,2.174704e+01,2.170557e+01,2.171248e+01,2.168483e+01,2.185755e+01,2.173322e+01,2.174704e+01,2.176086e+01,2.175395e+01,2.158798e+01,2.183684e+01,2.158798e+01,2.174704e+01,2.169175e+01,2.175395e+01,2.180922e+01,2.158106e+01,2.181612e+01,2.174013e+01,2.174013e+01,2.174013e+01,2.182303e+01,2.170557e+01,2.178850e+01,2.153260e+01,2.160182e+01,2.167100e+01,2.166409e+01,2.173322e+01,2.169175e+01,2.160182e+01,2.165025e+01,2.158798e+01,2.174013e+01,2.171940e+01,2.168483e+01,2.152567e+01,2.153260e+01,2.160874e+01,2.171248e+01,2.160182e+01,2.162950e+01,2.166409e+01,2.153952e+01,2.142867e+01,2.142174e+01,2.133851e+01,2.133158e+01,2.127605e+01,2.134545e+01,2.124133e+01,2.121355e+01,2.118576e+01,2.108148e+01,2.117186e+01,2.119966e+01,2.110234e+01,2.113711e+01,2.100493e+01,2.107452e+01,2.105365e+01,2.125522e+01,2.119966e+01,2.115101e+01,2.113711e+01,2.110929e+01,2.117881e+01,2.104669e+01,2.117881e+01,2.134545e+01,2.120660e+01,2.127605e+01,2.113015e+01,2.154645e+01,2.129688e+01,2.135933e+01,2.140094e+01,2.149104e+01,2.162950e+01,2.153260e+01,2.156721e+01,2.144946e+01,2.122050e+01,2.126911e+01,2.159490e+01,2.163642e+01,2.160874e+01,2.140787e+01,2.142867e+01,2.141480e+01,2.143560e+01,2.161566e+01,2.158798e+01,2.149796e+01,2.149104e+01,2.150489e+01,2.153260e+01
2.202308e+01,2.189896e+01,2.181612e+01,2.182993e+01,2.205754e+01,2.199551e+01,2.200241e+01,2.193345e+01,2.198172e+01,2.163642e+01,2.188516e+01,2.194035e+01,2.185755e+01,2.194725e+01,2.193345e+01,2.194035e+01,2.187825e+01,2.178850e+01,2.190586e+01,2.187825e+01,2.195414e+01,2.201619e+01,2.185755e+01,2.175395e+01,2.179540e+01,2.178159e+01,2.180922e+01,2.185065e+01,2.176777e+01,2.185755e+01,2.174013e+01,2.193345e+01,2.176777e+01,2.183684e+01,2.194725e+01,2.190586e+01,2.194725e+01,2.191965e+01,2.175395e+01,2.177468e+01,2.196104e+01,2.169175e+01,2.199551e+01,2.196104e+01,2.200930e+01,2.196793e+01,2.201619e+01,2.198172e+01,2.197483e+01,2.194035e+01,2.192655e+01,2.197483e+01,2.200241e+01,2.198172e+01,2.185755e+01,2.189206e+01,2.189896e+01,2.203687e+01,2.209886e+01,2.202308e+01,2.202308e+01,2.205065e+01,2.199551e+01,2.201619e+01,2.192655e+01,2.207820e+01,2.189896e+01,2.209198e+01,2.212641e+01,2.195414e+01,2.204376e+01,2.196104e+01,2.194035e+01,2.198862e+01,2.209198e+01,2.219523e+01,2.203687e+01,2.214706e+01,2.215394e+01,2.214017e+01,2.233961e+01,2.233961e+01,2.203687e+01,2.235335e+01,2.223650e+01,2.227088e+01,2.244261e+01,2.252494e+01,2.249751e+01,2.279889e+01,2.286043e+01,2.267571e+01,2.280573e+01,2.286727e+01,2.288094e+01,2.291510e+01,2.290144e+01,2.291510e+01,2.288094e+01,2.294926e+01,2.291510e+01,2.268255e+01,2.273732e+01,2.295609e+01,2.278522e+01,2.301071e+01,2.286043e+01,2.281941e+01,2.277837e+01,2.256608e+01,2.274416e+01,2.262776e+01,2.245634e+01,2.244948e+01,2.217459e+01,2.178850e+01,2.186445e+01,2.186445e+01,2.180231e+01,2.198862e+01,2.178850e+01,2.182303e+01,2.184374e+01,2.180231e+01,2.187825e+01,2.190586e+01,2.187135e+01,2.188516e+01,2.196793e+01,2.180922e+01,2.182993e+01,2.191965e+01,2.189896e+01,2.209886e+01,2.211952e+01,2.206442e+01,2.208509e+01,2.205065e+01,2.221587e+01,2.243575e+01,2.266886e+01,2.285360e+01,2.294243e+01,2.290144e+01,2.251122e+01,2.232587e+01,2.202308e+01,2.225713e+01,2.272363e+01,2.270994e+01,2.254551e+01,2.269625e+01,2.277153e+01,2.304483e+01,2.281257e+01,2.292194e+01,2.320165e+01,2.449483e+01,2.505851e+01,2.447464e+01,2.286043e+01,2.244261e+01,2.255923e+01,2.301071e+01,2.347381e+01,2.346701e+01,2.281257e+01,2.257294e+01,2.264146e+01,2.252494e+01,2.220899e+01,2.182993e+01,2.165025e+01,2.189206e+01,2.164334e+01,2.176777e+01,2.191276e+01,2.251808e+01,2.268940e+01,2.272363e+01,2.219523e+01,2.215394e+01,2.234648e+01,2.213329e+01,2.214706e+01,2.226401e+01,2.244948e+01,2.262776e+01,2.285360e+01,2.333101e+01,2.358926e+01,2.329699e+01,2.296975e+01,2.282625e+01,2.246320e+01,2.231900e+01,2.225713e+01,2.242888e+01,2.274416e+01,2.288777e+01,2.309258e+01,2.279889e+01,2.285360e+01,2.285360e+01,2.289461e+01,2.273732e+01,2.236709e+01,2.236709e+01,2.246320e+01,2.264146e+01,2.266201e+01,2.260720e+01,2.264146e+01,2.299023e+01,2.317439e+01,2.305848e+01,2.300388e+01,2.320165e+01,2.324933e+01,2.277153e+01,2.292194e+01,2.255237e+01,2.199551e+01,2.196104e+01,2.207820e+01,2.207131e+01,2.225026e+01,2.233961e+01,2.245634e+01,2.231212e+01,2.225713e+01,2.218147e+01,2.225026e+01,2.249065e+01,2.264146e+01,2.309940e+01,2.265516e+01,2.252494e+01,2.238769e+01,2.246320e+01,2.225713e+01,2.227088e+01,2.222275e+01,2.198862e+01,2.214017e+01,2.196104e+01,2.194725e+01,2.198862e+01,2.202308e+01,2.200930e+01,2.202997e+01,2.198862e+01,2.207131e+01,2.202997e+01,2.195414e+01,2.206442e+01,2.202308e+01,2.188516e+01,2.202997e+01,2.192655e+01,2.196104e+01,2.193345e+01,2.202308e+01,2.193345e+01,2.194725e+01,2.196104e+01,2.206442e+01,2.200930e+01,2.200241e+01,2.200241e+01,2.192655e+01,2.187135e+01,2.188516e+01,2.180231e+01,2.182993e+01,2.170557e+01,2.174013e+01,2.171248e+01,2.172631e+01,2.170557e+01,2.161566e+01,2.167100e+01,2.166409e+01,2.159490e+01,2.166409e+01,2.160182e+01,2.155337e+01,2.151182e+01,2.147718e+01,2.147025e+01,2.150489e+01,2.157414e+01,2.155337e+01,2.155337e+01,2.142867e+01,2.143560e+01,2.144946e+01,2.145639e+01,2.142174e+01,2.158106e+01,2.162950e+01,2.165717e+01,2.167792e+01,2.153260e+01,2.168483e+01,2.156721e+01,2.159490e+01,2.165717e+01,2.157414e+01,2.168483e+01,2.154645e+01,2.163642e+01,2.162950e+01,2.165025e+01,2.170557e+01,2.165717e+01,2.155337e+01,2.164334e+01,2.167100e+01,2.185065e+01,2.180231e+01,2.177468e+01,2.178159e+01,2.178850e+01,2.181612e+01,2.173322e+01,2.177468e+01,2.171248e+01,2.176086e+01,2.173322e+01,2.164334e+01,2.175395e+01,2.169175e+01,2.173322e+01,2.167100e+01,2.163642e+01,2.165025e+01,2.151182e+01,2.171940e+01,2.176777e+01,2.156721e+01,2.164334e+01,2.181612e+01,2.183684e+01,2.178159e+01,2.155337e+01,2.171940e+01,2.153260e+01,2.153952e+01,2.158798e+01,2.166409e+01,2.173322e+01,2.172631e+01,2.163642e+01,2.163642e+01,2.160182e+01,2.162258e+01,2.156721e+01,2.158106e+01,2.162258e+01,2.160182e+01,2.162950e+01,2.170557e+01,2.167792e+01,2.156029e+01,2.165025e+01,2.151875e+01,2.156029e+01,2.167792e+01,2.155337e+01,2.159490e+01,2.149796e+01,2.150489e+01,2.144946e+01,2.156721e+01,2.158106e+01,2.158798e+01,2.168483e+01,2.152567e+01,2.159490e+01,2.160182e+01,2.162258e+01,2.157414e+01,2.160182e+01,2.164334e+01,2.155337e+01,2.160182e+01,2.158798e+01,2.165717e+01,2.155337e+01,2.166409e+01,2.168483e+01,2.155337e+01,2.165025e+01,2.151182e+01,2.151875e+01,2.169866e+01,2.168483e+01,2.165025e+01,2.160182e+01,2.160874e+01,2.178850e+01,2.169866e+01,2.160182e+01,2.169175e+01,2.176086e+01,2.168483e+01,2.158106e+01,2.173322e+01,2.169866e+01,2.169866e+01,2.176777e+01,2.173322e+01,2.168483e+01,2.162950e+01,2.175395e+01,2.163642e+01,2.172631e+01,2.177468e+01,2.171940e+01,2.174704e+01,2.167100e+01,2.170557e+01,2.165717e+01,2.167100e+01,2.165717e+01,2.158798e+01,2.156721e+01,2.174013e+01,2.168483e+01,2.174013e+01,2.158798e+01,2.168483e+01,2.166409e+01,2.161566e+01,2.164334e+01,2.158106e+01,2.175395e+01,2.169175e+01,2.158106e+01,2.169175e+01,2.165717e+01,2.162258e+01,2.162950e+01,2.170557e+01,2.163642e+01,2.160182e+01,2.164334e+01,2.171940e+01,2.173322e+01,2.145639e+01,2.167100e+01,2.151875e+01,2.162258e+01,2.161566e+01,2.156721e+01,2.160182e+01,2.153952e+01,2.164334e+01,2.156029e+01,2.151182e+01,2.157414e+01,2.142867e+01,2.158106e+01,2.155337e+01,2.147025e+01,2.151875e+01,2.151182e+01,2.154645e+01,2.140094e+01,2.149796e+01,2.149104e+01,2.149796e+01,2.142867e+01,2.139400e+01,2.154645e+01,2.144946e+01,2.143560e+01,2.144946e+01,2.139400e+01,2.138707e+01,2.143560e+01,2.136626e+01,2.131770e+01,2.153952e+01,2.131770e+01,2.145639e+01,2.143560e+01,2.133851e+01,2.140787e+01,2.119271e+01,2.135933e+01,2.142174e+01,2.135239e+01,2.142867e+01,2.147718e+01,2.126217e+01,2.126217e+01,2.136626e+01,2.140094e+01,2.138707e+01,2.141480e+01,2.145639e+01,2.148411e+01,2.158106e+01,2.166409e+01,2.156721e+01,2.160874e+01,2.147718e+01,2.159490e+01,2.157414e+01,2.155337e+01,2.169866e+01,2.163642e+01,2.175395e+01,2.159490e+01,2.166409e+01,2.169866e+01,2.176086e+01,2.180922e+01,2.182303e+01,2.180231e+01,2.191276e+01,2.165717e+01,2.169175e+01,2.184374e+01,2.181612e+01,2.169866e+01,2.178850e+01,2.178159e+01,2.167792e+01,2.166409e+01,2.169866e+01,2.175395e+01,2.160874e+01,2.175395e+01,2.166409e+01,2.169866e+01,2.171248e+01,2.164334e+01,2.170557e+01,2.158106e+01,2.176086e+01,2.185755e+01,2.157414e+01,2.169175e+01,2.173322e+01,2.180922e+01,2.176777e+01,2.176777e+01,2.169866e+01,2.174013e+01,2.166409e+01,2.173322e+01,2.176086e+01,2.158106e+01,2.158106e+01,2.180231e+01,2.175395e+01,2.186445e+01,2.179540e+01,2.175395e+01,2.174704e+01,2.171940e+01,2.167792e+01,2.185755e+01,2.167100e+01,2.182303e+01,2.179540e+01,2.167792e+01,2.150489e+01,2.165717e+01,2.176777e+01,2.159490e+01,2.161566e+01,2.163642e+01,2.160182e+01,2.160874e+01,2.155337e+01,2.164334e+01,2.162950e+01,2.163642e+01,2.169866e+01,2.167792e+01,2.157414e+01,2.159490e+01,2.140094e+01,2.138707e+01,2.134545e+01,2.132464e+01,2.142867e+01,2.125522e+01,2.130382e+01,2.127605e+01,2.125522e+01,2.119271e+01,2.119271e+01,2.116491e+01,2.133851e+01,2.111625e+01,2.126911e+01,2.109539e+01,2.122744e+01,2.106061e+01,2.108843e+01,2.107452e+01,2.117186e+01,2.122050e+01,2.097012e+01,2.115796e+01,2.119271e+01,2.108148e+01,2.118576e+01,2.111625e+01,2.144253e+01,2.130382e+01,2.124828e+01,2.142174e+01,2.122050e+01,2.124828e+01,2.144253e+01,2.139400e+01,2.125522e+01,2.127605e+01,2.123439e+01,2.150489e+01,2.156029e+01,2.122744e+01,2.157414e+01,2.158798e+01,2.141480e+01,2.143560e+01,2.158106e+01,2.158798e+01,2.145639e+01,2.149104e+01,2.159490e+01,2.147718e+01,2.147025e+01,2.157414e+01
2.198862e+01,2.180922e+01,2.195414e+01,2.193345e+01,2.191965e+01,2.200241e+01,2.185755e+01,2.187825e+01,2.198172e+01,2.179540e+01,2.189896e+01,2.178159e+01,2.194035e+01,2.195414e+01,2.183684e+01,2.188516e+01,2.188516e+01,2.185755e+01,2.187135e+01,2.170557e+01,2.184374e+01,2.186445e+01,2.172631e+01,2.189206e+01,2.176086e+01,2.191276e+01,2.191965e+01,2.182303e+01,2.187825e+01,2.159490e+01,2.191965e+01,2.182993e+01,2.194035e+01,2.181612e+01,2.181612e+01,2.186445e+01,2.188516e+01,2.187135e+01,2.189206e+01,2.191276e+01,2.204376e+01,2.201619e+01,2.198172e+01,2.197483e+01,2.200930e+01,2.202308e+01,2.200241e+01,2.196793e+01,2.200241e+01,2.203687e+01,2.197483e+01,2.187825e+01,2.208509e+01,2.197483e+01,2.207820e+01,2.205754e+01,2.210575e+01,2.211263e+01,2.198172e+01,2.202997e+01,2.209886e+01,2.220211e+01,2.202997e+01,2.204376e+01,2.207820e+01,2.207131e+01,2.205065e+01,2.214706e+01,2.215394e+01,2.209198e+01,2.211952e+01,2.215394e+01,2.209198e+01,2.205754e+01,2.220211e+01,2.222275e+01,2.255923e+01,2.225713e+01,2.257294e+01,2.253866e+01,2.235335e+01,2.258665e+01,2.234648e+01,2.257979e+01,2.255237e+01,2.261406e+01,2.294926e+01,2.275785e+01,2.288777e+01,2.293560e+01,2.288777e+01,2.298340e+01,2.286727e+01,2.283309e+01,2.290827e+01,2.311304e+01,2.291510e+01,2.293560e+01,2.293560e+01,2.303801e+01,2.290827e+01,2.280573e+01,2.283993e+01,2.287410e+01,2.283993e+01,2.285360e+01,2.305848e+01,2.289461e+01,2.290827e+01,2.277153e+01,2.273732e+01,2.251808e+01,2.227088e+01,2.239456e+01,2.216771e+01,2.182303e+01,2.186445e+01,2.185755e+01,2.175395e+01,2.174704e+01,2.187135e+01,2.200930e+01,2.189896e+01,2.182303e+01,2.186445e+01,2.193345e+01,2.181612e+01,2.187135e+01,2.178850e+01,2.184374e+01,2.191276e+01,2.183684e+01,2.188516e+01,2.213329e+01,2.209198e+01,2.229151e+01,2.241516e+01,2.229838e+01,2.247006e+01,2.266886e+01,2.264146e+01,2.292877e+01,2.325614e+01,2.285360e+01,2.262776e+01,2.222962e+01,2.241516e+01,2.227088e+01,2.240829e+01,2.245634e+01,2.268255e+01,2.270994e+01,2.275785e+01,2.255923e+01,2.240829e+01,2.234648e+01,2.279889e+01,2.353495e+01,2.392132e+01,2.345342e+01,2.292877e+01,2.350778e+01,2.352816e+01,2.351457e+01,2.296975e+01,2.220899e+01,2.224338e+01,2.231900e+01,2.249751e+01,2.236022e+01,2.185755e+01,2.181612e+01,2.182303e+01,2.182303e+01,2.184374e+01,2.180922e+01,2.247006e+01,2.258665e+01,2.234648e+01,2.257979e+01,2.220211e+01,2.235335e+01,2.220211e+01,2.218835e+01,2.225026e+01,2.245634e+01,2.270309e+01,2.309940e+01,2.353495e+01,2.360283e+01,2.354174e+01,2.310622e+01,2.294243e+01,2.260720e+01,2.241516e+01,2.225713e+01,2.233274e+01,2.290144e+01,2.295609e+01,2.290827e+01,2.290144e+01,2.285360e+01,2.284676e+01,2.270309e+01,2.253180e+01,2.238082e+01,2.249751e+01,2.237395e+01,2.271679e+01,2.266886e+01,2.266201e+01,2.250437e+01,2.218835e+01,2.208509e+01,2.225026e+01,2.263461e+01,2.265516e+01,2.250437e+01,2.294926e+01,2.274416e+01,2.220211e+01,2.194725e+01,2.192655e+01,2.187135e+01,2.202997e+01,2.225026e+01,2.236709e+01,2.252494e+01,2.242202e+01,2.245634e+01,2.241516e+01,2.233274e+01,2.242202e+01,2.247006e+01,2.249751e+01,2.234648e+01,2.244261e+01,2.230525e+01,2.226401e+01,2.220211e+01,2.222275e+01,2.214706e+01,2.214706e+01,2.220899e+01,2.210575e+01,2.198172e+01,2.198862e+01,2.206442e+01,2.202997e+01,2.204376e+01,2.199551e+01,2.202308e+01,2.204376e+01,2.204376e+01,2.189206e+01,2.198862e+01,2.194725e+01,2.207820e+01,2.194725e+01,2.203687e+01,2.194035e+01,2.191965e+01,2.200241e+01,2.183684e+01,2.193345e+01,2.196793e+01,2.189896e+01,2.193345e+01,2.190586e+01,2.191276e+01,2.191276e+01,2.185755e+01,2.187825e+01,2.186445e+01,2.178850e+01,2.178850e+01,2.182303e+01,2.165025e+01,2.176777e+01,2.179540e+01,2.168483e+01,2.156721e+01,2.170557e+01,2.159490e+01,2.165025e+01,2.159490e+01,2.159490e+01,2.156029e+01,2.171940e+01,2.151875e+01,2.151875e+01,2.155337e+01,2.154645e+01,2.152567e+01,2.157414e+01,2.156721e+01,2.149796e+01,2.157414e+01,2.169175e+01,2.152567e+01,2.157414e+01,2.147025e+01,2.160874e+01,2.160182e+01,2.161566e+01,2.162258e+01,2.187825e+01,2.147718e+01,2.168483e+01,2.165717e+01,2.162258e+01,2.161566e+01,2.159490e+01,2.174704e+01,2.162950e+01,2.162258e+01,2.166409e+01,2.174013e+01,2.169866e+01,2.177468e+01,2.180231e+01,2.178159e+01,2.180922e+01,2.179540e+01,2.169175e+01,2.182303e+01,2.183684e+01,2.179540e+01,2.172631e+01,2.175395e+01,2.173322e+01,2.173322e+01,2.173322e+01,2.167100e+01,2.167100e+01,2.169175e+01,2.175395e+01,2.174704e+01,2.168483e+01,2.174704e+01,2.170557e+01,2.162258e+01,2.166409e+01,2.176086e+01,2.178159e+01,2.178850e+01,2.171940e+01,2.170557e+01,2.171940e+01,2.169175e+01,2.163642e+01,2.168483e+01,2.173322e+01,2.159490e+01,2.159490e+01,2.156721e+01,2.165717e+01,2.171248e+01,2.159490e+01,2.159490e+01,2.151875e+01,2.160182e+01,2.153952e+01,2.161566e+01,2.153260e+01,2.153952e+01,2.149796e+01,2.152567e+01,2.167100e+01,2.166409e+01,2.149796e+01,2.149104e+01,2.153952e+01,2.155337e+01,2.157414e+01,2.159490e+01,2.142174e+01,2.166409e+01,2.156029e+01,2.148411e+01,2.162258e+01,2.157414e+01,2.161566e+01,2.163642e+01,2.160874e+01,2.149104e+01,2.157414e+01,2.167792e+01,2.153260e+01,2.155337e+01,2.156721e+01,2.163642e+01,2.165025e+01,2.166409e+01,2.165025e+01,2.163642e+01,2.181612e+01,2.159490e+01,2.174704e+01,2.177468e+01,2.162950e+01,2.167792e+01,2.176086e+01,2.171248e+01,2.184374e+01,2.175395e+01,2.176086e+01,2.171248e+01,2.156029e+01,2.172631e+01,2.172631e+01,2.172631e+01,2.173322e+01,2.175395e+01,2.158798e+01,2.165717e+01,2.171940e+01,2.175395e+01,2.172631e+01,2.175395e+01,2.167792e+01,2.170557e+01,2.173322e+01,2.149796e+01,2.158798e+01,2.162258e+01,2.173322e+01,2.173322e+01,2.173322e+01,2.164334e+01,2.158798e+01,2.164334e+01,2.159490e+01,2.175395e+01,2.171248e+01,2.164334e+01,2.156029e+01,2.163642e+01,2.157414e+01,2.173322e+01,2.167100e+01,2.179540e+01,2.169866e+01,2.163642e+01,2.166409e+01,2.162258e+01,2.170557e+01,2.167100e+01,2.166409e+01,2.171248e+01,2.169175e+01,2.142174e+01,2.158798e+01,2.164334e+01,2.167100e+01,2.159490e+01,2.160874e+01,2.165025e+01,2.160182e+01,2.162950e+01,2.152567e+01,2.160182e+01,2.153260e+01,2.167792e+01,2.161566e+01,2.162258e+01,2.151875e+01,2.151182e+01,2.157414e+01,2.149796e+01,2.153260e+01,2.149104e+01,2.162258e+01,2.144946e+01,2.157414e+01,2.153260e+01,2.142174e+01,2.131770e+01,2.143560e+01,2.140787e+01,2.139400e+01,2.147025e+01,2.148411e+01,2.140094e+01,2.144253e+01,2.151182e+01,2.147025e+01,2.128993e+01,2.113711e+01,2.142174e+01,2.131076e+01,2.141480e+01,2.141480e+01,2.140787e+01,2.146332e+01,2.126911e+01,2.130382e+01,2.132464e+01,2.146332e+01,2.135933e+01,2.140787e+01,2.135239e+01,2.157414e+01,2.145639e+01,2.145639e+01,2.150489e+01,2.159490e+01,2.162950e+01,2.144946e+01,2.149796e+01,2.170557e+01,2.157414e+01,2.158798e+01,2.164334e+01,2.162258e+01,2.163642e+01,2.167792e+01,2.167792e+01,2.180231e+01,2.160182e+01,2.176777e+01,2.175395e+01,2.177468e+01,2.180922e+01,2.183684e+01,2.184374e+01,2.182993e+01,2.185755e+01,2.180922e+01,2.171940e+01,2.185755e+01,2.169175e+01,2.163642e+01,2.166409e+01,2.168483e+01,2.174013e+01,2.174013e+01,2.166409e+01,2.187825e+01,2.167792e+01,2.175395e+01,2.172631e+01,2.178159e+01,2.176086e+01,2.176777e+01,2.172631e+01,2.176777e+01,2.180231e+01,2.172631e+01,2.179540e+01,2.174013e+01,2.168483e+01,2.166409e+01,2.173322e+01,2.176777e+01,2.154645e+01,2.171940e+01,2.156029e+01,2.185065e+01,2.174704e+01,2.178159e+01,2.174013e+01,2.181612e+01,2.167100e+01,2.165025e+01,2.166409e+01,2.189206e+01,2.158798e+01,2.178850e+01,2.174013e+01,2.175395e+01,2.171248e+01,2.167792e+01,2.162950e+01,2.156029e+01,2.162258e+01,2.151182e+01,2.160182e+01,2.162258e+01,2.170557e+01,2.160182e+01,2.158106e+01,2.169866e+01,2.157414e+01,2.160182e+01,2.147025e+01,2.156721e+01,2.145639e+01,2.137320e+01,2.142867e+01,2.140787e+01,2.137320e+01,2.126217e+01,2.125522e+01,2.127605e+01,2.122050e+01,2.135239e+01,2.126217e+01,2.110929e+01,2.113015e+01,2.108148e+01,2.113015e+01,2.106061e+01,2.106061e+01,2.108843e+01,2.128299e+01,2.116491e+01,2.114406e+01,2.117186e+01,2.125522e+01,2.109539e+01,2.117186e+01,2.121355e+01,2.131076e+01,2.134545e+01,2.130382e+01,2.136626e+01,2.117881e+01,2.136626e+01,2.124133e+01,2.138013e+01,2.152567e+01,2.147025e+01,2.148411e+01,2.132464e+01,2.148411e+01,2.149104e+01,2.150489e+01,2.150489e+01,2.162258e+01,2.144253e+01,2.149796e+01,2.149796e+01,2.158106e+01,2.142867e+01,2.151875e+01,2.149104e+01,2.148411e+01,2.151182e+01,2.167100e+01
2.196104e+01,2.194035e+01,2.194725e+01,2.191276e+01,2.195414e+01,2.193345e+01,2.186445e+01,2.184374e+01,2.184374e+01,2.182993e+01,2.175395e+01,2.194035e+01,2.176777e+01,2.176086e+01,2.189896e+01,2.181612e+01,2.200241e+01,2.189896e+01,2.185755e+01,2.185755e+01,2.203687e+01,2.189206e+01,2.180922e+01,2.175395e+01,2.194035e+01,2.191276e+01,2.196793e+01,2.191965e+01,2.175395e+01,2.193345e+01,2.190586e+01,2.191276e+01,2.191276e+01,2.188516e+01,2.191965e+01,2.193345e+01,2.188516e+01,2.191965e+01,2.199551e+01,2.179540e+01,2.209198e+01,2.198862e+01,2.200930e+01,2.203687e+01,2.200930e+01,2.209198e+01,2.202997e+01,2.202997e+01,2.216771e+01,2.207820e+01,2.202308e+01,2.225713e+01,2.213329e+01,2.219523e+01,2.212641e+01,2.220899e+01,2.227776e+01,2.225026e+01,2.217459e+01,2.225026e+01,2.238082e+01,2.225026e+01,2.242202e+01,2.230525e+01,2.215394e+01,2.235335e+01,2.228463e+01,2.216082e+01,2.233961e+01,2.211952e+01,2.231212e+01,2.211952e+01,2.229151e+01,2.234648e+01,2.240829e+01,2.255237e+01,2.281941e+01,2.276469e+01,2.268255e+01,2.273047e+01,2.281257e+01,2.255923e+01,2.279206e+01,2.282625e+01,2.292194e+01,2.298340e+01,2.301071e+01,2.297657e+01,2.295609e+01,2.294243e+01,2.311304e+01,2.307212e+01,2.314031e+01,2.309258e+01,2.315395e+01,2.323571e+01,2.313350e+01,2.316758e+01,2.296292e+01,2.294926e+01,2.286043e+01,2.301071e+01,2.290827e+01,2.294926e+01,2.286043e+01,2.312668e+01,2.277837e+01,2.291510e+01,2.289461e+01,2.278522e+01,2.278522e+01,2.255237e+01,2.252494e+01,2.241516e+01,2.216771e+01,2.216082e+01,2.189206e+01,2.187825e+01,2.175395e+01,2.182993e+01,2.191965e+01,2.176777e+01,2.195414e+01,2.196793e+01,2.179540e+01,2.189206e+01,2.188516e+01,2.182303e+01,2.189206e+01,2.183684e+01,2.187135e+01,2.207131e+01,2.204376e+01,2.215394e+01,2.217459e+01,2.227088e+01,2.229151e+01,2.227776e+01,2.238769e+01,2.259350e+01,2.263461e+01,2.270309e+01,2.272363e+01,2.264831e+01,2.240142e+01,2.236709e+01,2.236709e+01,2.253180e+01,2.273047e+01,2.268255e+01,2.249751e+01,2.257979e+01,2.240142e+01,2.238082e+01,2.205065e+01,2.240142e+01,2.248379e+01,2.263461e+01,2.296975e+01,2.249065e+01,2.218147e+01,2.233274e+01,2.218835e+01,2.195414e+01,2.181612e+01,2.225713e+01,2.211263e+01,2.226401e+01,2.253866e+01,2.189896e+01,2.174013e+01,2.155337e+01,2.185755e+01,2.205754e+01,2.191965e+01,2.225713e+01,2.229838e+01,2.261406e+01,2.260720e+01,2.282625e+01,2.262776e+01,2.227088e+01,2.225713e+01,2.232587e+01,2.219523e+01,2.242888e+01,2.277837e+01,2.357569e+01,2.351457e+01,2.348060e+01,2.273732e+01,2.235335e+01,2.240142e+01,2.227088e+01,2.218147e+01,2.242202e+01,2.316758e+01,2.318802e+01,2.314031e+01,2.301753e+01,2.281257e+01,2.268940e+01,2.255923e+01,2.256608e+01,2.257294e+01,2.282625e+01,2.280573e+01,2.273047e+01,2.271679e+01,2.264146e+01,2.254551e+01,2.242202e+01,2.216082e+01,2.225026e+01,2.216771e+01,2.220899e+01,2.236022e+01,2.273047e+01,2.299023e+01,2.225026e+01,2.190586e+01,2.187825e+01,2.188516e+01,2.196104e+01,2.228463e+01,2.260035e+01,2.262091e+01,2.247006e+01,2.261406e+01,2.317439e+01,2.309258e+01,2.277153e+01,2.246320e+01,2.247006e+01,2.241516e+01,2.228463e+01,2.242888e+01,2.243575e+01,2.240829e+01,2.225026e+01,2.231212e+01,2.220899e+01,2.229151e+01,2.201619e+01,2.214706e+01,2.213329e+01,2.202997e+01,2.202997e+01,2.202308e+01,2.205754e+01,2.207820e+01,2.197483e+01,2.200930e+01,2.200930e+01,2.200241e+01,2.196793e+01,2.196104e+01,2.198172e+01,2.185755e+01,2.195414e+01,2.189896e+01,2.186445e+01,2.182993e+01,2.205065e+01,2.188516e+01,2.194035e+01,2.189896e+01,2.194725e+01,2.197483e+01,2.194035e+01,2.187135e+01,2.189206e+01,2.187825e+01,2.186445e+01,2.182303e+01,2.181612e+01,2.145639e+01,2.171248e+01,2.172631e+01,2.173322e+01,2.160874e+01,2.162950e+01,2.168483e+01,2.170557e+01,2.156029e+01,2.158798e+01,2.161566e+01,2.153260e+01,2.144946e+01,2.154645e+01,2.179540e+01,2.150489e+01,2.155337e+01,2.159490e+01,2.157414e+01,2.155337e+01,2.159490e+01,2.153260e+01,2.157414e+01,2.164334e+01,2.158798e+01,2.146332e+01,2.160874e+01,2.162258e+01,2.166409e+01,2.148411e+01,2.163642e+01,2.161566e+01,2.160874e+01,2.162950e+01,2.165717e+01,2.164334e+01,2.171248e+01,2.169175e+01,2.163642e+01,2.161566e+01,2.171248e+01,2.167792e+01,2.178850e+01,2.177468e+01,2.182303e+01,2.178159e+01,2.182993e+01,2.182993e+01,2.172631e+01,2.164334e+01,2.161566e+01,2.178159e+01,2.160874e+01,2.189206e+01,2.169175e+01,2.167792e+01,2.175395e+01,2.165717e+01,2.170557e+01,2.168483e+01,2.164334e+01,2.166409e+01,2.169175e+01,2.167100e+01,2.162950e+01,2.167100e+01,2.174704e+01,2.169866e+01,2.182993e+01,2.151875e+01,2.164334e+01,2.167792e+01,2.151182e+01,2.169175e+01,2.162258e+01,2.161566e+01,2.163642e+01,2.159490e+01,2.169866e+01,2.167100e+01,2.150489e+01,2.154645e+01,2.158106e+01,2.151875e+01,2.171248e+01,2.160182e+01,2.158798e+01,2.159490e+01,2.157414e+01,2.158106e+01,2.154645e+01,2.152567e+01,2.151875e+01,2.152567e+01,2.149796e+01,2.166409e+01,2.157414e+01,2.163642e+01,2.140094e+01,2.156721e+01,2.161566e+01,2.156029e+01,2.153952e+01,2.158106e+01,2.164334e+01,2.153260e+01,2.155337e+01,2.160182e+01,2.168483e+01,2.168483e+01,2.166409e+01,2.163642e+01,2.163642e+01,2.161566e+01,2.154645e+01,2.153260e+01,2.160874e+01,2.156029e+01,2.182303e+01,2.157414e+01,2.164334e+01,2.173322e+01,2.170557e+01,2.174704e+01,2.176086e+01,2.172631e+01,2.174013e+01,2.169175e+01,2.160874e+01,2.165717e+01,2.179540e+01,2.172631e+01,2.151875e+01,2.178159e+01,2.174704e+01,2.175395e+01,2.171248e+01,2.178159e+01,2.176777e+01,2.171940e+01,2.173322e+01,2.168483e+01,2.167792e+01,2.168483e+01,2.176777e+01,2.175395e+01,2.172631e+01,2.169866e+01,2.163642e+01,2.162950e+01,2.174013e+01,2.171940e+01,2.178159e+01,2.170557e+01,2.160182e+01,2.154645e+01,2.162258e+01,2.164334e+01,2.168483e+01,2.156721e+01,2.167792e+01,2.158106e+01,2.157414e+01,2.167792e+01,2.158798e+01,2.170557e+01,2.164334e+01,2.165717e+01,2.168483e+01,2.165717e+01,2.169175e+01,2.175395e+01,2.171248e+01,2.153260e+01,2.164334e+01,2.168483e+01,2.147025e+01,2.160182e+01,2.174013e+01,2.160182e+01,2.153952e+01,2.153260e+01,2.176777e+01,2.160182e+01,2.157414e+01,2.168483e+01,2.150489e+01,2.155337e+01,2.162950e+01,2.160874e+01,2.155337e+01,2.142174e+01,2.167792e+01,2.158106e+01,2.150489e+01,2.147025e+01,2.161566e+01,2.153952e+01,2.147025e+01,2.153952e+01,2.144253e+01,2.144946e+01,2.149796e+01,2.142174e+01,2.147718e+01,2.146332e+01,2.153260e+01,2.145639e+01,2.151182e+01,2.132464e+01,2.133158e+01,2.142867e+01,2.137320e+01,2.144946e+01,2.128993e+01,2.148411e+01,2.138013e+01,2.140094e+01,2.130382e+01,2.130382e+01,2.128299e+01,2.129688e+01,2.145639e+01,2.131076e+01,2.126217e+01,2.140787e+01,2.138707e+01,2.147025e+01,2.152567e+01,2.147025e+01,2.146332e+01,2.144946e+01,2.164334e+01,2.148411e+01,2.158798e+01,2.157414e+01,2.164334e+01,2.158106e+01,2.159490e+01,2.169866e+01,2.162258e+01,2.167100e+01,2.166409e+01,2.167792e+01,2.159490e+01,2.182303e+01,2.184374e+01,2.175395e+01,2.184374e+01,2.171940e+01,2.173322e+01,2.184374e+01,2.173322e+01,2.171940e+01,2.175395e+01,2.181612e+01,2.170557e+01,2.178850e+01,2.162950e+01,2.164334e+01,2.165025e+01,2.167792e+01,2.170557e+01,2.171248e+01,2.135933e+01,2.169175e+01,2.171248e+01,2.165025e+01,2.180922e+01,2.175395e+01,2.171940e+01,2.182993e+01,2.179540e+01,2.180922e+01,2.169866e+01,2.177468e+01,2.169866e+01,2.173322e+01,2.162950e+01,2.178850e+01,2.177468e+01,2.174704e+01,2.153952e+01,2.171940e+01,2.153952e+01,2.180231e+01,2.173322e+01,2.170557e+01,2.163642e+01,2.177468e+01,2.182303e+01,2.167100e+01,2.167100e+01,2.160874e+01,2.168483e+01,2.157414e+01,2.176777e+01,2.175395e+01,2.160182e+01,2.172631e+01,2.155337e+01,2.161566e+01,2.173322e+01,2.172631e+01,2.171248e+01,2.162258e+01,2.170557e+01,2.154645e+01,2.138707e+01,2.156721e+01,2.132464e+01,2.119966e+01,2.135239e+01,2.147025e+01,2.131076e+01,2.132464e+01,2.129688e+01,2.140787e+01,2.124133e+01,2.128299e+01,2.125522e+01,2.106756e+01,2.128299e+01,2.131076e+01,2.115101e+01,2.113015e+01,2.123439e+01,2.126911e+01,2.120660e+01,2.113711e+01,2.122744e+01,2.142867e+01,2.127605e+01,2.117881e+01,2.119271e+01,2.119271e+01,2.129688e+01,2.129688e+01,2.126911e+01,2.135933e+01,2.124828e+01,2.141480e+01,2.126217e+01,2.140094e+01,2.129688e+01,2.146332e+01,2.151875e+01,2.126217e+01,2.131076e+01,2.142867e+01,2.163642e+01,2.138013e+01,2.147025e+01,2.155337e+01,2.149796e+01,2.161566e+01,2.158798e+01,2.147718e+01,2.146332e+01,2.152567e+01,2.156029e+01,2.151875e+01,2.161566e+01,2.160182e+01
2.187825e+01,2.191965e+01,2.195414e+01,2.179540e+01,2.196793e+01,2.194035e+01,2.190586e+01,2.184374e+01,2.189206e+01,2.187135e+01,2.181612e+01,2.189206e+01,2.191965e+01,2.180231e+01,2.189896e+01,2.195414e+01,2.198172e+01,2.184374e+01,2.189896e+01,2.180922e+01,2.180922e+01,2.200930e+01,2.175395e+01,2.181612e+01,2.189896e+01,2.190586e+01,2.181612e+01,2.176777e+01,2.174704e+01,2.158798e+01,2.185755e+01,2.182993e+01,2.187825e+01,2.181612e+01,2.180231e+01,2.184374e+01,2.196793e+01,2.189896e+01,2.195414e+01,2.207820e+01,2.205065e+01,2.199551e+01,2.204376e+01,2.205065e+01,2.217459e+01,2.210575e+01,2.208509e+01,2.226401e+01,2.210575e+01,2.226401e+01,2.226401e+01,2.211263e+01,2.244261e+01,2.238082e+01,2.251122e+01,2.251808e+01,2.266201e+01,2.274416e+01,2.227088e+01,2.252494e+01,2.249751e+01,2.273732e+01,2.232587e+01,2.236022e+01,2.260035e+01,2.268255e+01,2.249751e+01,2.247692e+01,2.246320e+01,2.244948e+01,2.239456e+01,2.238769e+01,2.248379e+01,2.273047e+01,2.281257e+01,2.281941e+01,2.283309e+01,2.293560e+01,2.281941e+01,2.307894e+01,2.288094e+01,2.296975e+01,2.319484e+01,2.296292e+01,2.297657e+01,2.301753e+01,2.320846e+01,2.325614e+01,2.319484e+01,2.324252e+01,2.311986e+01,2.307894e+01,2.307894e+01,2.312668e+01,2.322209e+01,2.327656e+01,2.318121e+01,2.333782e+01,2.319484e+01,2.322890e+01,2.300388e+01,2.288094e+01,2.284676e+01,2.303118e+01,2.284676e+01,2.293560e+01,2.287410e+01,2.290827e+01,2.293560e+01,2.278522e+01,2.277837e+01,2.286043e+01,2.266886e+01,2.222962e+01,2.218835e+01,2.188516e+01,2.188516e+01,2.188516e+01,2.190586e+01,2.178850e+01,2.191276e+01,2.178159e+01,2.182993e+01,2.185065e+01,2.188516e+01,2.204376e+01,2.198862e+01,2.187135e+01,2.187825e+01,2.188516e+01,2.179540e+01,2.200241e+01,2.182303e+01,2.214017e+01,2.219523e+01,2.231212e+01,2.229151e+01,2.232587e+01,2.246320e+01,2.242202e+01,2.268255e+01,2.268940e+01,2.273732e+01,2.263461e+01,2.240142e+01,2.230525e+01,2.234648e+01,2.238082e+01,2.238769e+01,2.237395e+01,2.249751e+01,2.244948e+01,2.230525e+01,2.225713e+01,2.240142e+01,2.247006e+01,2.225026e+01,2.202308e+01,2.199551e+01,2.172631e+01,2.165717e+01,2.174013e+01,2.160182e+01,2.155337e+01,2.184374e+01,2.182993e+01,2.189206e+01,2.218835e+01,2.197483e+01,2.167792e+01,2.165025e+01,2.156029e+01,2.182303e+01,2.212641e+01,2.223650e+01,2.214706e+01,2.211952e+01,2.273047e+01,2.305848e+01,2.339224e+01,2.262776e+01,2.238769e+01,2.243575e+01,2.242888e+01,2.240142e+01,2.220899e+01,2.245634e+01,2.280573e+01,2.287410e+01,2.294243e+01,2.246320e+01,2.235335e+01,2.227088e+01,2.229838e+01,2.240142e+01,2.306530e+01,2.319484e+01,2.309258e+01,2.340584e+01,2.341944e+01,2.264831e+01,2.244948e+01,2.229838e+01,2.246320e+01,2.273732e+01,2.265516e+01,2.284676e+01,2.288777e+01,2.296975e+01,2.266886e+01,2.241516e+01,2.247692e+01,2.230525e+01,2.214706e+01,2.208509e+01,2.211263e+01,2.234648e+01,2.264146e+01,2.211952e+01,2.171940e+01,2.182303e+01,2.185065e+01,2.193345e+01,2.225026e+01,2.288777e+01,2.330379e+01,2.307894e+01,2.346022e+01,2.450155e+01,2.474349e+01,2.451501e+01,2.384687e+01,2.290144e+01,2.249065e+01,2.240142e+01,2.256608e+01,2.259350e+01,2.238769e+01,2.240829e+01,2.220211e+01,2.219523e+01,2.205754e+01,2.218835e+01,2.198172e+01,2.218835e+01,2.173322e+01,2.202308e+01,2.201619e+01,2.199551e+01,2.190586e+01,2.195414e+01,2.194035e+01,2.191276e+01,2.194725e+01,2.194725e+01,2.197483e+01,2.197483e+01,2.203687e+01,2.198862e+01,2.184374e+01,2.191276e+01,2.180231e+01,2.182303e+01,2.182993e+01,2.189896e+01,2.190586e+01,2.186445e+01,2.186445e+01,2.196104e+01,2.187135e+01,2.183684e+01,2.185755e+01,2.182303e+01,2.189206e+01,2.187825e+01,2.182993e+01,2.177468e+01,2.182303e+01,2.174704e+01,2.187825e+01,2.176777e+01,2.159490e+01,2.164334e+01,2.170557e+01,2.167100e+01,2.162258e+01,2.155337e+01,2.156029e+01,2.161566e+01,2.154645e+01,2.151875e+01,2.160182e+01,2.158106e+01,2.159490e+01,2.157414e+01,2.142867e+01,2.160182e+01,2.156721e+01,2.154645e+01,2.153260e+01,2.165717e+01,2.168483e+01,2.162950e+01,2.157414e+01,2.150489e+01,2.158798e+01,2.158798e+01,2.149796e+01,2.174013e+01,2.159490e+01,2.165025e+01,2.153260e+01,2.162950e+01,2.160182e+01,2.174013e+01,2.175395e+01,2.176086e+01,2.174013e+01,2.174013e+01,2.179540e+01,2.182303e+01,2.175395e+01,2.182303e+01,2.180231e+01,2.182993e+01,2.183684e+01,2.164334e+01,2.154645e+01,2.158106e+01,2.166409e+01,2.170557e+01,2.164334e+01,2.167100e+01,2.194035e+01,2.172631e+01,2.160874e+01,2.173322e+01,2.171248e+01,2.171940e+01,2.165717e+01,2.162258e+01,2.180231e+01,2.165717e+01,2.182993e+01,2.173322e+01,2.167100e+01,2.171248e+01,2.160874e+01,2.174704e+01,2.164334e+01,2.168483e+01,2.171248e+01,2.158798e+01,2.171248e+01,2.158106e+01,2.158106e+01,2.171248e+01,2.156721e+01,2.160874e+01,2.156029e+01,2.162258e+01,2.159490e+01,2.165025e+01,2.158798e+01,2.167792e+01,2.158798e+01,2.156721e+01,2.152567e+01,2.151875e+01,2.156029e+01,2.142867e+01,2.144253e+01,2.149104e+01,2.156721e+01,2.162258e+01,2.158106e+01,2.165717e+01,2.157414e+01,2.160874e+01,2.160182e+01,2.154645e+01,2.160182e+01,2.159490e+01,2.162258e+01,2.166409e+01,2.161566e+01,2.156029e+01,2.162258e+01,2.155337e+01,2.158798e+01,2.164334e+01,2.165717e+01,2.157414e+01,2.161566e+01,2.159490e+01,2.167792e+01,2.164334e+01,2.174704e+01,2.160182e+01,2.176777e+01,2.174704e+01,2.178159e+01,2.176777e+01,2.178850e+01,2.178159e+01,2.178159e+01,2.167792e+01,2.172631e+01,2.172631e+01,2.169866e+01,2.171248e+01,2.174013e+01,2.176777e+01,2.180231e+01,2.165717e+01,2.176777e+01,2.170557e+01,2.174013e+01,2.168483e+01,2.165025e+01,2.175395e+01,2.172631e+01,2.173322e+01,2.169866e+01,2.172631e+01,2.174704e+01,2.169175e+01,2.162258e+01,2.174704e+01,2.159490e+01,2.158798e+01,2.163642e+01,2.165717e+01,2.165717e+01,2.166409e+01,2.158798e+01,2.161566e+01,2.161566e+01,2.156721e+01,2.160182e+01,2.167100e+01,2.150489e+01,2.164334e+01,2.150489e+01,2.162258e+01,2.169866e+01,2.169175e+01,2.165717e+01,2.166409e+01,2.163642e+01,2.166409e+01,2.168483e+01,2.171940e+01,2.162258e+01,2.163642e+01,2.158798e+01,2.175395e+01,2.175395e+01,2.172631e+01,2.174704e+01,2.152567e+01,2.156029e+01,2.150489e+01,2.149796e+01,2.149796e+01,2.160874e+01,2.146332e+01,2.150489e+01,2.156029e+01,2.153952e+01,2.160182e+01,2.158106e+01,2.147025e+01,2.158798e+01,2.158798e+01,2.144946e+01,2.145639e+01,2.147025e+01,2.145639e+01,2.149104e+01,2.138707e+01,2.140094e+01,2.149104e+01,2.150489e+01,2.147025e+01,2.132464e+01,2.145639e+01,2.153952e+01,2.130382e+01,2.128299e+01,2.126911e+01,2.146332e+01,2.130382e+01,2.137320e+01,2.146332e+01,2.137320e+01,2.129688e+01,2.149104e+01,2.127605e+01,2.143560e+01,2.131770e+01,2.144253e+01,2.147025e+01,2.145639e+01,2.151182e+01,2.142867e+01,2.138707e+01,2.158106e+01,2.153952e+01,2.158798e+01,2.166409e+01,2.161566e+01,2.160182e+01,2.171940e+01,2.158106e+01,2.168483e+01,2.168483e+01,2.172631e+01,2.169175e+01,2.176777e+01,2.174704e+01,2.171248e+01,2.169866e+01,2.176086e+01,2.174013e+01,2.179540e+01,2.176777e+01,2.190586e+01,2.176777e+01,2.173322e+01,2.170557e+01,2.160182e+01,2.175395e+01,2.160182e+01,2.176086e+01,2.164334e+01,2.165025e+01,2.172631e+01,2.171248e+01,2.160874e+01,2.164334e+01,2.162258e+01,2.167100e+01,2.162258e+01,2.161566e+01,2.170557e+01,2.167100e+01,2.156029e+01,2.165717e+01,2.180922e+01,2.176086e+01,2.163642e+01,2.160182e+01,2.163642e+01,2.158798e+01,2.174013e+01,2.151875e+01,2.170557e+01,2.184374e+01,2.158798e+01,2.162950e+01,2.171248e+01,2.167100e+01,2.154645e+01,2.166409e+01,2.174013e+01,2.158798e+01,2.159490e+01,2.165025e+01,2.180922e+01,2.180922e+01,2.172631e+01,2.164334e+01,2.172631e+01,2.157414e+01,2.171940e+01,2.159490e+01,2.161566e+01,2.150489e+01,2.156721e+01,2.160182e+01,2.171940e+01,2.160874e+01,2.158106e+01,2.158798e+01,2.148411e+01,2.137320e+01,2.140787e+01,2.134545e+01,2.127605e+01,2.149104e+01,2.128299e+01,2.137320e+01,2.128299e+01,2.131076e+01,2.134545e+01,2.107452e+01,2.118576e+01,2.131076e+01,2.126217e+01,2.119271e+01,2.122050e+01,2.129688e+01,2.109539e+01,2.123439e+01,2.123439e+01,2.115796e+01,2.127605e+01,2.119966e+01,2.123439e+01,2.125522e+01,2.125522e+01,2.135933e+01,2.135933e+01,2.126217e+01,2.126911e+01,2.131770e+01,2.138707e+01,2.117186e+01,2.124828e+01,2.162258e+01,2.133851e+01,2.131770e+01,2.146332e+01,2.149104e+01,2.142174e+01,2.147718e+01,2.167792e+01,2.167792e+01,2.137320e+01,2.152567e+01,2.143560e+01,2.153260e+01,2.148411e+01,2.144946e+01,2.139400e+01,2.147025e+01,2.146332e+01,2.142867e+01,2.156721e+01
2.196104e+01,2.185755e+01,2.194725e+01,2.194035e+01,2.191276e+01,2.195414e+01,2.185065e+01,2.185755e+01,2.191965e+01,2.191276e+01,2.199551e+01,2.183684e+01,2.180231e+01,2.180231e+01,2.204376e+01,2.197483e+01,2.180231e+01,2.182303e+01,2.182993e+01,2.174704e+01,2.187825e+01,2.178159e+01,2.193345e+01,2.200930e+01,2.180922e+01,2.199551e+01,2.181612e+01,2.178159e+01,2.185755e+01,2.176777e+01,2.192655e+01,2.180231e+01,2.198172e+01,2.180231e+01,2.193345e+01,2.186445e+01,2.188516e+01,2.196104e+01,2.200930e+01,2.200930e+01,2.195414e+01,2.213329e+01,2.213329e+01,2.205754e+01,2.229838e+01,2.248379e+01,2.256608e+01,2.247006e+01,2.247692e+01,2.258665e+01,2.273732e+01,2.275785e+01,2.281257e+01,2.291510e+01,2.281257e+01,2.281257e+01,2.279206e+01,2.282625e+01,2.275101e+01,2.276469e+01,2.294243e+01,2.283993e+01,2.275785e+01,2.291510e+01,2.264146e+01,2.275101e+01,2.292194e+01,2.274416e+01,2.250437e+01,2.272363e+01,2.270994e+01,2.245634e+01,2.275101e+01,2.277837e+01,2.288094e+01,2.289461e+01,2.303118e+01,2.306530e+01,2.312668e+01,2.291510e+01,2.304483e+01,2.312668e+01,2.316758e+01,2.319484e+01,2.320846e+01,2.320165e+01,2.326976e+01,2.318121e+01,2.326295e+01,2.324252e+01,2.330379e+01,2.311986e+01,2.309258e+01,2.326295e+01,2.316076e+01,2.329018e+01,2.354853e+01,2.310622e+01,2.320165e+01,2.316758e+01,2.301753e+01,2.296975e+01,2.319484e+01,2.318121e+01,2.313350e+01,2.302436e+01,2.312668e+01,2.302436e+01,2.281941e+01,2.290827e+01,2.288777e+01,2.287410e+01,2.286043e+01,2.248379e+01,2.247692e+01,2.218835e+01,2.209198e+01,2.194035e+01,2.179540e+01,2.183684e+01,2.181612e+01,2.191276e+01,2.178159e+01,2.185065e+01,2.182993e+01,2.188516e+01,2.189206e+01,2.185065e+01,2.186445e+01,2.189896e+01,2.194035e+01,2.199551e+01,2.211952e+01,2.207820e+01,2.217459e+01,2.209886e+01,2.227088e+01,2.242888e+01,2.228463e+01,2.259350e+01,2.265516e+01,2.273732e+01,2.276469e+01,2.250437e+01,2.256608e+01,2.257979e+01,2.255923e+01,2.238769e+01,2.282625e+01,2.266201e+01,2.250437e+01,2.243575e+01,2.246320e+01,2.244261e+01,2.264831e+01,2.246320e+01,2.215394e+01,2.197483e+01,2.206442e+01,2.192655e+01,2.172631e+01,2.172631e+01,2.161566e+01,2.146332e+01,2.162950e+01,2.160182e+01,2.198862e+01,2.227088e+01,2.204376e+01,2.156721e+01,2.132464e+01,2.156721e+01,2.188516e+01,2.215394e+01,2.238082e+01,2.220899e+01,2.253180e+01,2.257979e+01,2.286727e+01,2.272363e+01,2.231900e+01,2.251122e+01,2.250437e+01,2.220899e+01,2.221587e+01,2.221587e+01,2.207131e+01,2.222962e+01,2.251808e+01,2.251808e+01,2.263461e+01,2.233274e+01,2.239456e+01,2.265516e+01,2.307894e+01,2.311304e+01,2.337864e+01,2.419160e+01,2.386718e+01,2.266201e+01,2.209198e+01,2.209198e+01,2.215394e+01,2.232587e+01,2.253180e+01,2.252494e+01,2.252494e+01,2.291510e+01,2.285360e+01,2.290827e+01,2.286043e+01,2.264831e+01,2.209886e+01,2.209198e+01,2.210575e+01,2.203687e+01,2.236022e+01,2.225713e+01,2.197483e+01,2.171248e+01,2.166409e+01,2.194725e+01,2.230525e+01,2.277837e+01,2.348740e+01,2.362998e+01,2.404303e+01,2.456209e+01,2.513879e+01,2.509196e+01,2.500495e+01,2.410383e+01,2.287410e+01,2.252494e+01,2.259350e+01,2.268255e+01,2.269625e+01,2.273732e+01,2.234648e+01,2.221587e+01,2.182993e+01,2.186445e+01,2.182303e+01,2.198172e+01,2.196104e+01,2.202997e+01,2.194725e+01,2.198172e+01,2.197483e+01,2.196793e+01,2.194725e+01,2.199551e+01,2.196104e+01,2.195414e+01,2.185065e+01,2.198172e+01,2.200930e+01,2.195414e+01,2.213329e+01,2.189206e+01,2.192655e+01,2.187825e+01,2.188516e+01,2.188516e+01,2.193345e+01,2.189896e+01,2.190586e+01,2.191276e+01,2.189896e+01,2.200241e+01,2.182993e+01,2.182303e+01,2.185755e+01,2.178850e+01,2.179540e+01,2.185755e+01,2.182303e+01,2.180922e+01,2.176086e+01,2.168483e+01,2.180922e+01,2.162258e+01,2.179540e+01,2.167792e+01,2.167792e+01,2.158106e+01,2.157414e+01,2.165025e+01,2.159490e+01,2.149104e+01,2.161566e+01,2.155337e+01,2.156721e+01,2.157414e+01,2.161566e+01,2.161566e+01,2.157414e+01,2.161566e+01,2.163642e+01,2.158106e+01,2.158798e+01,2.160874e+01,2.161566e+01,2.158798e+01,2.162258e+01,2.162258e+01,2.172631e+01,2.161566e+01,2.154645e+01,2.164334e+01,2.159490e+01,2.167792e+01,2.171248e+01,2.168483e+01,2.167792e+01,2.173322e+01,2.170557e+01,2.176086e+01,2.178850e+01,2.175395e+01,2.183684e+01,2.182993e+01,2.172631e+01,2.171248e+01,2.165717e+01,2.185065e+01,2.180922e+01,2.169866e+01,2.174704e+01,2.173322e+01,2.169175e+01,2.168483e+01,2.176777e+01,2.178850e+01,2.167100e+01,2.173322e+01,2.165717e+01,2.169175e+01,2.169175e+01,2.169175e+01,2.166409e+01,2.180922e+01,2.162950e+01,2.168483e+01,2.178159e+01,2.166409e+01,2.161566e+01,2.171248e+01,2.158798e+01,2.153952e+01,2.169866e+01,2.150489e+01,2.160874e+01,2.164334e+01,2.161566e+01,2.161566e+01,2.170557e+01,2.166409e+01,2.165025e+01,2.151875e+01,2.172631e+01,2.162950e+01,2.159490e+01,2.158798e+01,2.153952e+01,2.154645e+01,2.174704e+01,2.131076e+01,2.152567e+01,2.162258e+01,2.142867e+01,2.144253e+01,2.147025e+01,2.158798e+01,2.160182e+01,2.156721e+01,2.166409e+01,2.153260e+01,2.155337e+01,2.163642e+01,2.168483e+01,2.162258e+01,2.157414e+01,2.158106e+01,2.160874e+01,2.171940e+01,2.166409e+01,2.174704e+01,2.167100e+01,2.162258e+01,2.185065e+01,2.169175e+01,2.185065e+01,2.169866e+01,2.161566e+01,2.169866e+01,2.178159e+01,2.175395e+01,2.185065e+01,2.175395e+01,2.174704e+01,2.166409e+01,2.183684e+01,2.181612e+01,2.164334e+01,2.180231e+01,2.174704e+01,2.175395e+01,2.168483e+01,2.174013e+01,2.177468e+01,2.180922e+01,2.178850e+01,2.171248e+01,2.165025e+01,2.176086e+01,2.167100e+01,2.171940e+01,2.185065e+01,2.185065e+01,2.169175e+01,2.168483e+01,2.176086e+01,2.167100e+01,2.167100e+01,2.165717e+01,2.163642e+01,2.165717e+01,2.171248e+01,2.158798e+01,2.170557e+01,2.167100e+01,2.158106e+01,2.161566e+01,2.161566e+01,2.179540e+01,2.164334e+01,2.160874e+01,2.165717e+01,2.160182e+01,2.159490e+01,2.164334e+01,2.171248e+01,2.155337e+01,2.158798e+01,2.176777e+01,2.172631e+01,2.145639e+01,2.165025e+01,2.165717e+01,2.167100e+01,2.171248e+01,2.164334e+01,2.181612e+01,2.151875e+01,2.150489e+01,2.152567e+01,2.160874e+01,2.156029e+01,2.174013e+01,2.156029e+01,2.149796e+01,2.160182e+01,2.162258e+01,2.159490e+01,2.162950e+01,2.149104e+01,2.153260e+01,2.165717e+01,2.152567e+01,2.147718e+01,2.144946e+01,2.156029e+01,2.155337e+01,2.151182e+01,2.144946e+01,2.155337e+01,2.153952e+01,2.153952e+01,2.151875e+01,2.146332e+01,2.147025e+01,2.136626e+01,2.140787e+01,2.140787e+01,2.150489e+01,2.151182e+01,2.151875e+01,2.130382e+01,2.142867e+01,2.130382e+01,2.130382e+01,2.144946e+01,2.126217e+01,2.144946e+01,2.145639e+01,2.144946e+01,2.147025e+01,2.147718e+01,2.154645e+01,2.143560e+01,2.135239e+01,2.149796e+01,2.153260e+01,2.151182e+01,2.147718e+01,2.155337e+01,2.156029e+01,2.139400e+01,2.167792e+01,2.167100e+01,2.169866e+01,2.169866e+01,2.156029e+01,2.167792e+01,2.151182e+01,2.154645e+01,2.173322e+01,2.165025e+01,2.178159e+01,2.183684e+01,2.171248e+01,2.176777e+01,2.168483e+01,2.187135e+01,2.180922e+01,2.171940e+01,2.171940e+01,2.183684e+01,2.187825e+01,2.179540e+01,2.156721e+01,2.165025e+01,2.161566e+01,2.168483e+01,2.160874e+01,2.176777e+01,2.165025e+01,2.169175e+01,2.169866e+01,2.144253e+01,2.168483e+01,2.160874e+01,2.169175e+01,2.172631e+01,2.158798e+01,2.176086e+01,2.180922e+01,2.168483e+01,2.165025e+01,2.169866e+01,2.173322e+01,2.163642e+01,2.169866e+01,2.175395e+01,2.181612e+01,2.174704e+01,2.187135e+01,2.169175e+01,2.172631e+01,2.160182e+01,2.176086e+01,2.158798e+01,2.167100e+01,2.178159e+01,2.158106e+01,2.166409e+01,2.178850e+01,2.179540e+01,2.161566e+01,2.150489e+01,2.178159e+01,2.180231e+01,2.158798e+01,2.176777e+01,2.176777e+01,2.171940e+01,2.169866e+01,2.170557e+01,2.172631e+01,2.161566e+01,2.167100e+01,2.169866e+01,2.160874e+01,2.169175e+01,2.160874e+01,2.152567e+01,2.134545e+01,2.131076e+01,2.147025e+01,2.133158e+01,2.127605e+01,2.126217e+01,2.123439e+01,2.130382e+01,2.131770e+01,2.134545e+01,2.130382e+01,2.118576e+01,2.126217e+01,2.128299e+01,2.122050e+01,2.108148e+01,2.116491e+01,2.113015e+01,2.113711e+01,2.134545e+01,2.113015e+01,2.117881e+01,2.117881e+01,2.113711e+01,2.136626e+01,2.135239e+01,2.122744e+01,2.120660e+01,2.131076e+01,2.133158e+01,2.135933e+01,2.131076e+01,2.131770e+01,2.133851e+01,2.135239e+01,2.154645e+01,2.135933e+01,2.147025e+01,2.149796e+01,2.134545e+01,2.139400e+01,2.158798e+01,2.136626e+01,2.134545e+01,2.156029e+01,2.155337e+01,2.156029e+01,2.164334e+01,2.144253e+01,2.140787e+01,2.156029e+01,2.147025e+01,2.151182e+01
2.195414e+01,2.192655e+01,2.183684e+01,2.190586e+01,2.202997e+01,2.180231e+01,2.175395e+01,2.178850e+01,2.193345e+01,2.181612e+01,2.179540e+01,2.192655e+01,2.195414e+01,2.186445e+01,2.186445e+01,2.191276e+01,2.197483e+01,2.187135e+01,2.182993e+01,2.182303e+01,2.181612e+01,2.182993e+01,2.188516e+01,2.181612e+01,2.182303e+01,2.182993e+01,2.190586e+01,2.198172e+01,2.177468e+01,2.193345e+01,2.189896e+01,2.185065e+01,2.180922e+01,2.208509e+01,2.178850e+01,2.206442e+01,2.182993e+01,2.210575e+01,2.210575e+01,2.210575e+01,2.207131e+01,2.222275e+01,2.229151e+01,2.249751e+01,2.251122e+01,2.280573e+01,2.282625e+01,2.294243e+01,2.287410e+01,2.296292e+01,2.291510e+01,2.311986e+01,2.295609e+01,2.292194e+01,2.299023e+01,2.298340e+01,2.275785e+01,2.288094e+01,2.296975e+01,2.303118e+01,2.296975e+01,2.294243e+01,2.288777e+01,2.287410e+01,2.288777e+01,2.290827e+01,2.281941e+01,2.296292e+01,2.292877e+01,2.279206e+01,2.274416e+01,2.275101e+01,2.275785e+01,2.300388e+01,2.308576e+01,2.307212e+01,2.300388e+01,2.317439e+01,2.299706e+01,2.328337e+01,2.301753e+01,2.328337e+01,2.314031e+01,2.322890e+01,2.329018e+01,2.321527e+01,2.315395e+01,2.325614e+01,2.327656e+01,2.322890e+01,2.332421e+01,2.327656e+01,2.341264e+01,2.321527e+01,2.303801e+01,2.333782e+01,2.333101e+01,2.326976e+01,2.318121e+01,2.334462e+01,2.320846e+01,2.318802e+01,2.320165e+01,2.309258e+01,2.318802e+01,2.319484e+01,2.306530e+01,2.301753e+01,2.301071e+01,2.294926e+01,2.290144e+01,2.277153e+01,2.276469e+01,2.243575e+01,2.237395e+01,2.221587e+01,2.190586e+01,2.196104e+01,2.182993e+01,2.179540e+01,2.190586e+01,2.180922e+01,2.187135e+01,2.194725e+01,2.177468e+01,2.183684e+01,2.196104e+01,2.191965e+01,2.181612e+01,2.160182e+01,2.194035e+01,2.189896e+01,2.207131e+01,2.209198e+01,2.227776e+01,2.211263e+01,2.232587e+01,2.230525e+01,2.240142e+01,2.270309e+01,2.265516e+01,2.267571e+01,2.263461e+01,2.280573e+01,2.269625e+01,2.247006e+01,2.282625e+01,2.327656e+01,2.312668e+01,2.287410e+01,2.255237e+01,2.262091e+01,2.275785e+01,2.283993e+01,2.243575e+01,2.236022e+01,2.247006e+01,2.234648e+01,2.224338e+01,2.191276e+01,2.192655e+01,2.194035e+01,2.186445e+01,2.169866e+01,2.176086e+01,2.182993e+01,2.207820e+01,2.222275e+01,2.202997e+01,2.171940e+01,2.173322e+01,2.189206e+01,2.205754e+01,2.218835e+01,2.223650e+01,2.229151e+01,2.243575e+01,2.260035e+01,2.286727e+01,2.283993e+01,2.244261e+01,2.241516e+01,2.221587e+01,2.222962e+01,2.218147e+01,2.218835e+01,2.212641e+01,2.210575e+01,2.217459e+01,2.244261e+01,2.256608e+01,2.304483e+01,2.307894e+01,2.303118e+01,2.311304e+01,2.336503e+01,2.449483e+01,2.402275e+01,2.267571e+01,2.210575e+01,2.211952e+01,2.213329e+01,2.247006e+01,2.245634e+01,2.236709e+01,2.220211e+01,2.235335e+01,2.224338e+01,2.240142e+01,2.238769e+01,2.234648e+01,2.215394e+01,2.209886e+01,2.209198e+01,2.247692e+01,2.231900e+01,2.227088e+01,2.189896e+01,2.167792e+01,2.165717e+01,2.171248e+01,2.195414e+01,2.270309e+01,2.286727e+01,2.289461e+01,2.348060e+01,2.348740e+01,2.322209e+01,2.322890e+01,2.347381e+01,2.347381e+01,2.286043e+01,2.231900e+01,2.251122e+01,2.260035e+01,2.272363e+01,2.275785e+01,2.241516e+01,2.238082e+01,2.194725e+01,2.187135e+01,2.187135e+01,2.167100e+01,2.187135e+01,2.194725e+01,2.201619e+01,2.196104e+01,2.203687e+01,2.208509e+01,2.198172e+01,2.197483e+01,2.196104e+01,2.194725e+01,2.194035e+01,2.192655e+01,2.206442e+01,2.191965e+01,2.195414e+01,2.187825e+01,2.185755e+01,2.194035e+01,2.189896e+01,2.192655e+01,2.180231e+01,2.202308e+01,2.197483e+01,2.184374e+01,2.189896e+01,2.196793e+01,2.182303e+01,2.184374e+01,2.185755e+01,2.190586e+01,2.186445e+01,2.179540e+01,2.175395e+01,2.177468e+01,2.176777e+01,2.174704e+01,2.173322e+01,2.178159e+01,2.184374e+01,2.179540e+01,2.174704e+01,2.165717e+01,2.166409e+01,2.158106e+01,2.155337e+01,2.158798e+01,2.152567e+01,2.156721e+01,2.158798e+01,2.160182e+01,2.160182e+01,2.158106e+01,2.141480e+01,2.165025e+01,2.152567e+01,2.149796e+01,2.173322e+01,2.162258e+01,2.151875e+01,2.161566e+01,2.163642e+01,2.157414e+01,2.159490e+01,2.162950e+01,2.162950e+01,2.157414e+01,2.164334e+01,2.156029e+01,2.173322e+01,2.170557e+01,2.177468e+01,2.171248e+01,2.175395e+01,2.179540e+01,2.170557e+01,2.178850e+01,2.180231e+01,2.178159e+01,2.183684e+01,2.166409e+01,2.182303e+01,2.172631e+01,2.162258e+01,2.170557e+01,2.165717e+01,2.194035e+01,2.174704e+01,2.176086e+01,2.177468e+01,2.176086e+01,2.180922e+01,2.173322e+01,2.174013e+01,2.171940e+01,2.170557e+01,2.170557e+01,2.185065e+01,2.169175e+01,2.171248e+01,2.160874e+01,2.170557e+01,2.168483e+01,2.161566e+01,2.169866e+01,2.175395e+01,2.158106e+01,2.157414e+01,2.173322e+01,2.179540e+01,2.167100e+01,2.155337e+01,2.149104e+01,2.167100e+01,2.162258e+01,2.162950e+01,2.171940e+01,2.138707e+01,2.160182e+01,2.156721e+01,2.154645e+01,2.171940e+01,2.160182e+01,2.153952e+01,2.156721e+01,2.152567e+01,2.139400e+01,2.157414e+01,2.160182e+01,2.147718e+01,2.159490e+01,2.164334e+01,2.153260e+01,2.171248e+01,2.169175e+01,2.153260e+01,2.153260e+01,2.167100e+01,2.174704e+01,2.162258e+01,2.146332e+01,2.167792e+01,2.170557e+01,2.167100e+01,2.159490e+01,2.168483e+01,2.165717e+01,2.182303e+01,2.171248e+01,2.160874e+01,2.163642e+01,2.182303e+01,2.159490e+01,2.182303e+01,2.162258e+01,2.174013e+01,2.176777e+01,2.169175e+01,2.187135e+01,2.174704e+01,2.178159e+01,2.182303e+01,2.175395e+01,2.174704e+01,2.167100e+01,2.178159e+01,2.176086e+01,2.178850e+01,2.177468e+01,2.178159e+01,2.177468e+01,2.182993e+01,2.179540e+01,2.166409e+01,2.166409e+01,2.176086e+01,2.172631e+01,2.165717e+01,2.178850e+01,2.167792e+01,2.167792e+01,2.162950e+01,2.166409e+01,2.171940e+01,2.169175e+01,2.165717e+01,2.156029e+01,2.160182e+01,2.182303e+01,2.152567e+01,2.156721e+01,2.160874e+01,2.169175e+01,2.176777e+01,2.156029e+01,2.155337e+01,2.157414e+01,2.165025e+01,2.166409e+01,2.164334e+01,2.160182e+01,2.171940e+01,2.175395e+01,2.149104e+01,2.159490e+01,2.166409e+01,2.168483e+01,2.167100e+01,2.141480e+01,2.167792e+01,2.164334e+01,2.164334e+01,2.153260e+01,2.166409e+01,2.171940e+01,2.149796e+01,2.151182e+01,2.155337e+01,2.151875e+01,2.166409e+01,2.162258e+01,2.152567e+01,2.170557e+01,2.158106e+01,2.153952e+01,2.141480e+01,2.152567e+01,2.153952e+01,2.156721e+01,2.158106e+01,2.149796e+01,2.140094e+01,2.160182e+01,2.140094e+01,2.144253e+01,2.151875e+01,2.155337e+01,2.152567e+01,2.154645e+01,2.145639e+01,2.147025e+01,2.152567e+01,2.153260e+01,2.145639e+01,2.149104e+01,2.138707e+01,2.149104e+01,2.144253e+01,2.144946e+01,2.151875e+01,2.157414e+01,2.126911e+01,2.144253e+01,2.142867e+01,2.148411e+01,2.144253e+01,2.144946e+01,2.124828e+01,2.135933e+01,2.140787e+01,2.150489e+01,2.149796e+01,2.161566e+01,2.151875e+01,2.159490e+01,2.127605e+01,2.162258e+01,2.157414e+01,2.158798e+01,2.153952e+01,2.144253e+01,2.155337e+01,2.153260e+01,2.173322e+01,2.153952e+01,2.167792e+01,2.167792e+01,2.160182e+01,2.178850e+01,2.176086e+01,2.184374e+01,2.167792e+01,2.189206e+01,2.185755e+01,2.164334e+01,2.158106e+01,2.170557e+01,2.170557e+01,2.172631e+01,2.158106e+01,2.174704e+01,2.178850e+01,2.170557e+01,2.164334e+01,2.167792e+01,2.174013e+01,2.168483e+01,2.174704e+01,2.141480e+01,2.171940e+01,2.162258e+01,2.169866e+01,2.170557e+01,2.176777e+01,2.158106e+01,2.160182e+01,2.182993e+01,2.168483e+01,2.162950e+01,2.165717e+01,2.164334e+01,2.165717e+01,2.191965e+01,2.169866e+01,2.187825e+01,2.171248e+01,2.170557e+01,2.169175e+01,2.171248e+01,2.167792e+01,2.170557e+01,2.183684e+01,2.181612e+01,2.169175e+01,2.183684e+01,2.162950e+01,2.161566e+01,2.173322e+01,2.167100e+01,2.169175e+01,2.178850e+01,2.156721e+01,2.158798e+01,2.165025e+01,2.177468e+01,2.174013e+01,2.159490e+01,2.172631e+01,2.158798e+01,2.159490e+01,2.156721e+01,2.167792e+01,2.167100e+01,2.160182e+01,2.155337e+01,2.144253e+01,2.142174e+01,2.136626e+01,2.128993e+01,2.148411e+01,2.137320e+01,2.123439e+01,2.131076e+01,2.132464e+01,2.133851e+01,2.106061e+01,2.138707e+01,2.129688e+01,2.115796e+01,2.126911e+01,2.116491e+01,2.115796e+01,2.122744e+01,2.116491e+01,2.124133e+01,2.115796e+01,2.133851e+01,2.113711e+01,2.113015e+01,2.119966e+01,2.113711e+01,2.114406e+01,2.135239e+01,2.123439e+01,2.133851e+01,2.119966e+01,2.138707e+01,2.137320e+01,2.135239e+01,2.129688e+01,2.136626e+01,2.160182e+01,2.135239e+01,2.147718e+01,2.157414e+01,2.155337e+01,2.135933e+01,2.147025e+01,2.128299e+01,2.157414e+01,2.133851e+01,2.154645e+01,2.122744e+01,2.144946e+01,2.153260e+01,2.156029e+01,2.158106e+01,2.145639e+01
2.190586e+01,2.186445e+01,2.194035e+01,2.199551e+01,2.191965e+01,2.187825e+01,2.195414e+01,2.192655e+01,2.190586e+01,2.185755e+01,2.194725e+01,2.182303e+01,2.192655e+01,2.225713e+01,2.203687e+01,2.189206e+01,2.202997e+01,2.197483e+01,2.178159e+01,2.186445e+01,2.194725e+01,2.184374e+01,2.186445e+01,2.182303e+01,2.185755e+01,2.192655e+01,2.187135e+01,2.196104e+01,2.181612e+01,2.186445e+01,2.193345e+01,2.183684e+01,2.195414e+01,2.210575e+01,2.214706e+01,2.207820e+01,2.202308e+01,2.206442e+01,2.207820e+01,2.222962e+01,2.211952e+01,2.258665e+01,2.280573e+01,2.279206e+01,2.287410e+01,2.296292e+01,2.297657e+01,2.298340e+01,2.300388e+01,2.299023e+01,2.279889e+01,2.291510e+01,2.318802e+01,2.282625e+01,2.296292e+01,2.293560e+01,2.279889e+01,2.294243e+01,2.290144e+01,2.296975e+01,2.294243e+01,2.292877e+01,2.271679e+01,2.288777e+01,2.281257e+01,2.290144e+01,2.279889e+01,2.300388e+01,2.308576e+01,2.303118e+01,2.294926e+01,2.309258e+01,2.310622e+01,2.318802e+01,2.308576e+01,2.326295e+01,2.297657e+01,2.326295e+01,2.327656e+01,2.322890e+01,2.328337e+01,2.313350e+01,2.339904e+01,2.337864e+01,2.323571e+01,2.322209e+01,2.320165e+01,2.314713e+01,2.328337e+01,2.327656e+01,2.324933e+01,2.324933e+01,2.331060e+01,2.329018e+01,2.320165e+01,2.330379e+01,2.328337e+01,2.326295e+01,2.327656e+01,2.323571e+01,2.320846e+01,2.322890e+01,2.321527e+01,2.317439e+01,2.315395e+01,2.315395e+01,2.314713e+01,2.304483e+01,2.291510e+01,2.289461e+01,2.277837e+01,2.294243e+01,2.277837e+01,2.265516e+01,2.256608e+01,2.214017e+01,2.188516e+01,2.197483e+01,2.207820e+01,2.194035e+01,2.186445e+01,2.186445e+01,2.187825e+01,2.191276e+01,2.166409e+01,2.186445e+01,2.193345e+01,2.192655e+01,2.191276e+01,2.189896e+01,2.198862e+01,2.194725e+01,2.206442e+01,2.198862e+01,2.226401e+01,2.212641e+01,2.241516e+01,2.232587e+01,2.246320e+01,2.264831e+01,2.274416e+01,2.267571e+01,2.274416e+01,2.278522e+01,2.261406e+01,2.278522e+01,2.290144e+01,2.343303e+01,2.344662e+01,2.307212e+01,2.255923e+01,2.276469e+01,2.259350e+01,2.243575e+01,2.240142e+01,2.236709e+01,2.268940e+01,2.307212e+01,2.303118e+01,2.236022e+01,2.233961e+01,2.216082e+01,2.231212e+01,2.200930e+01,2.231900e+01,2.232587e+01,2.234648e+01,2.219523e+01,2.215394e+01,2.188516e+01,2.175395e+01,2.194725e+01,2.207131e+01,2.213329e+01,2.208509e+01,2.230525e+01,2.219523e+01,2.227088e+01,2.230525e+01,2.230525e+01,2.220211e+01,2.220899e+01,2.221587e+01,2.221587e+01,2.253180e+01,2.223650e+01,2.202997e+01,2.229838e+01,2.222275e+01,2.253866e+01,2.270309e+01,2.321527e+01,2.301753e+01,2.303801e+01,2.331740e+01,2.427929e+01,2.400924e+01,2.268255e+01,2.233274e+01,2.220899e+01,2.226401e+01,2.305848e+01,2.316076e+01,2.257979e+01,2.262091e+01,2.239456e+01,2.229151e+01,2.218835e+01,2.224338e+01,2.216771e+01,2.234648e+01,2.236709e+01,2.240829e+01,2.247006e+01,2.247006e+01,2.234648e+01,2.216082e+01,2.165025e+01,2.140787e+01,2.187135e+01,2.192655e+01,2.225713e+01,2.218835e+01,2.244948e+01,2.231212e+01,2.211263e+01,2.204376e+01,2.203687e+01,2.231212e+01,2.211952e+01,2.230525e+01,2.235335e+01,2.266201e+01,2.249065e+01,2.257979e+01,2.253866e+01,2.277153e+01,2.251808e+01,2.213329e+01,2.174013e+01,2.175395e+01,2.178159e+01,2.173322e+01,2.215394e+01,2.174013e+01,2.203687e+01,2.197483e+01,2.192655e+01,2.199551e+01,2.191965e+01,2.195414e+01,2.194035e+01,2.196104e+01,2.194035e+01,2.192655e+01,2.192655e+01,2.200930e+01,2.190586e+01,2.184374e+01,2.195414e+01,2.180231e+01,2.195414e+01,2.190586e+01,2.202308e+01,2.186445e+01,2.189206e+01,2.180231e+01,2.192655e+01,2.198172e+01,2.180922e+01,2.187825e+01,2.183684e+01,2.184374e+01,2.177468e+01,2.173322e+01,2.178850e+01,2.174704e+01,2.178159e+01,2.171940e+01,2.176086e+01,2.172631e+01,2.166409e+01,2.167100e+01,2.165025e+01,2.156721e+01,2.164334e+01,2.158798e+01,2.160874e+01,2.160182e+01,2.153952e+01,2.157414e+01,2.154645e+01,2.157414e+01,2.149104e+01,2.153952e+01,2.142174e+01,2.159490e+01,2.157414e+01,2.158106e+01,2.155337e+01,2.164334e+01,2.166409e+01,2.158798e+01,2.154645e+01,2.158106e+01,2.156029e+01,2.160874e+01,2.165025e+01,2.156029e+01,2.156029e+01,2.160182e+01,2.162258e+01,2.167792e+01,2.172631e+01,2.173322e+01,2.172631e+01,2.179540e+01,2.183684e+01,2.178159e+01,2.169866e+01,2.174013e+01,2.178159e+01,2.174013e+01,2.176086e+01,2.163642e+01,2.168483e+01,2.178850e+01,2.172631e+01,2.171248e+01,2.175395e+01,2.171940e+01,2.164334e+01,2.167100e+01,2.175395e+01,2.169866e+01,2.174704e+01,2.172631e+01,2.158798e+01,2.160182e+01,2.171940e+01,2.169866e+01,2.170557e+01,2.162950e+01,2.171940e+01,2.169175e+01,2.170557e+01,2.165717e+01,2.153260e+01,2.151182e+01,2.158106e+01,2.140787e+01,2.158798e+01,2.148411e+01,2.160182e+01,2.163642e+01,2.157414e+01,2.160182e+01,2.167100e+01,2.162950e+01,2.158798e+01,2.160874e+01,2.158798e+01,2.154645e+01,2.152567e+01,2.152567e+01,2.155337e+01,2.154645e+01,2.165025e+01,2.153952e+01,2.152567e+01,2.158106e+01,2.156029e+01,2.158798e+01,2.151182e+01,2.152567e+01,2.147718e+01,2.151182e+01,2.162258e+01,2.153952e+01,2.165025e+01,2.166409e+01,2.160874e+01,2.163642e+01,2.167792e+01,2.151182e+01,2.171248e+01,2.174704e+01,2.160874e+01,2.172631e+01,2.167100e+01,2.169866e+01,2.177468e+01,2.170557e+01,2.174013e+01,2.171940e+01,2.180922e+01,2.173322e+01,2.182993e+01,2.169866e+01,2.186445e+01,2.173322e+01,2.180922e+01,2.182303e+01,2.189206e+01,2.179540e+01,2.175395e+01,2.167792e+01,2.169175e+01,2.168483e+01,2.177468e+01,2.166409e+01,2.178850e+01,2.174013e+01,2.170557e+01,2.178159e+01,2.166409e+01,2.180231e+01,2.191276e+01,2.175395e+01,2.178159e+01,2.181612e+01,2.180231e+01,2.160874e+01,2.162258e+01,2.156029e+01,2.171940e+01,2.163642e+01,2.173322e+01,2.174013e+01,2.174013e+01,2.157414e+01,2.160874e+01,2.166409e+01,2.144253e+01,2.159490e+01,2.169866e+01,2.160182e+01,2.153952e+01,2.164334e+01,2.158106e+01,2.164334e+01,2.162258e+01,2.159490e+01,2.174013e+01,2.158798e+01,2.163642e+01,2.165717e+01,2.170557e+01,2.161566e+01,2.168483e+01,2.168483e+01,2.167100e+01,2.158106e+01,2.160874e+01,2.160874e+01,2.149104e+01,2.160182e+01,2.153952e+01,2.169866e+01,2.162950e+01,2.154645e+01,2.161566e+01,2.171248e+01,2.176777e+01,2.172631e+01,2.173322e+01,2.165717e+01,2.154645e+01,2.143560e+01,2.153952e+01,2.152567e+01,2.151182e+01,2.156721e+01,2.165025e+01,2.156721e+01,2.146332e+01,2.142174e+01,2.155337e+01,2.154645e+01,2.154645e+01,2.154645e+01,2.154645e+01,2.149104e+01,2.152567e+01,2.144253e+01,2.142867e+01,2.128299e+01,2.149796e+01,2.144253e+01,2.134545e+01,2.147025e+01,2.125522e+01,2.127605e+01,2.140094e+01,2.148411e+01,2.147718e+01,2.139400e+01,2.140094e+01,2.135239e+01,2.122744e+01,2.147025e+01,2.154645e+01,2.148411e+01,2.139400e+01,2.144946e+01,2.153952e+01,2.159490e+01,2.156721e+01,2.162258e+01,2.144253e+01,2.157414e+01,2.169866e+01,2.143560e+01,2.167100e+01,2.157414e+01,2.160874e+01,2.158798e+01,2.163642e+01,2.186445e+01,2.176777e+01,2.176086e+01,2.189206e+01,2.191276e+01,2.165717e+01,2.185065e+01,2.159490e+01,2.177468e+01,2.160874e+01,2.172631e+01,2.174704e+01,2.167100e+01,2.171248e+01,2.171940e+01,2.171940e+01,2.169866e+01,2.166409e+01,2.147025e+01,2.165717e+01,2.172631e+01,2.182303e+01,2.162258e+01,2.171940e+01,2.164334e+01,2.165717e+01,2.179540e+01,2.174704e+01,2.173322e+01,2.163642e+01,2.163642e+01,2.160874e+01,2.172631e+01,2.175395e+01,2.159490e+01,2.160874e+01,2.182993e+01,2.169175e+01,2.165025e+01,2.182303e+01,2.165717e+01,2.165717e+01,2.150489e+01,2.167100e+01,2.167100e+01,2.165717e+01,2.172631e+01,2.169175e+01,2.179540e+01,2.176086e+01,2.176777e+01,2.166409e+01,2.166409e+01,2.184374e+01,2.178159e+01,2.171940e+01,2.169866e+01,2.169866e+01,2.158106e+01,2.166409e+01,2.174013e+01,2.164334e+01,2.159490e+01,2.165025e+01,2.131770e+01,2.150489e+01,2.157414e+01,2.161566e+01,2.144253e+01,2.145639e+01,2.117186e+01,2.131770e+01,2.126217e+01,2.134545e+01,2.122744e+01,2.122744e+01,2.115101e+01,2.111625e+01,2.115101e+01,2.116491e+01,2.122050e+01,2.124828e+01,2.137320e+01,2.128299e+01,2.125522e+01,2.124133e+01,2.124828e+01,2.128993e+01,2.123439e+01,2.120660e+01,2.119271e+01,2.125522e+01,2.129688e+01,2.144946e+01,2.142174e+01,2.135239e+01,2.124133e+01,2.133851e+01,2.132464e+01,2.126217e+01,2.133158e+01,2.147718e+01,2.138707e+01,2.140094e+01,2.133158e+01,2.148411e+01,2.133851e+01,2.120660e+01,2.150489e+01,2.137320e+01,2.142867e+01,2.148411e+01,2.135239e+01,2.148411e+01,2.151182e+01,2.151182e+01,2.156721e+01,2.151182e+01,2.143560e+01,2.148411e+01,2.142867e+01,2.143560e+01
2.194035e+01,2.195414e+01,2.196104e+01,2.183684e+01,2.191965e+01,2.196104e+01,2.187825e+01,2.193345e+01,2.198862e+01,2.195414e+01,2.193345e+01,2.194035e+01,2.179540e+01,2.207131e+01,2.176086e+01,2.202997e+01,2.193345e+01,2.195414e+01,2.200241e+01,2.196793e+01,2.187825e+01,2.198172e+01,2.195414e+01,2.191965e+01,2.203687e+01,2.200241e+01,2.200930e+01,2.202997e+01,2.227088e+01,2.200930e+01,2.196104e+01,2.182993e+01,2.210575e+01,2.209886e+01,2.229151e+01,2.209198e+01,2.227088e+01,2.205754e+01,2.237395e+01,2.240829e+01,2.286043e+01,2.286727e+01,2.290144e+01,2.274416e+01,2.289461e+01,2.290827e+01,2.294243e+01,2.293560e+01,2.299023e+01,2.296292e+01,2.291510e+01,2.282625e+01,2.288094e+01,2.291510e+01,2.294243e+01,2.296292e+01,2.277153e+01,2.280573e+01,2.268255e+01,2.290144e+01,2.299706e+01,2.310622e+01,2.293560e+01,2.317439e+01,2.303801e+01,2.306530e+01,2.304483e+01,2.307212e+01,2.305165e+01,2.301071e+01,2.300388e+01,2.310622e+01,2.306530e+01,2.309258e+01,2.299706e+01,2.319484e+01,2.324933e+01,2.319484e+01,2.319484e+01,2.341944e+01,2.333101e+01,2.324933e+01,2.339904e+01,2.329699e+01,2.326295e+01,2.329699e+01,2.329018e+01,2.331060e+01,2.339224e+01,2.330379e+01,2.339904e+01,2.318802e+01,2.317439e+01,2.331740e+01,2.343303e+01,2.340584e+01,2.327656e+01,2.337183e+01,2.329699e+01,2.331060e+01,2.324933e+01,2.330379e+01,2.326976e+01,2.328337e+01,2.317439e+01,2.314031e+01,2.319484e+01,2.315395e+01,2.323571e+01,2.283309e+01,2.281257e+01,2.282625e+01,2.270309e+01,2.262776e+01,2.266201e+01,2.202308e+01,2.216082e+01,2.191965e+01,2.198862e+01,2.198172e+01,2.188516e+01,2.186445e+01,2.186445e+01,2.180922e+01,2.187825e+01,2.197483e+01,2.190586e+01,2.194035e+01,2.191276e+01,2.196793e+01,2.201619e+01,2.200241e+01,2.196104e+01,2.210575e+01,2.225026e+01,2.225026e+01,2.238082e+01,2.229838e+01,2.239456e+01,2.249065e+01,2.242888e+01,2.278522e+01,2.271679e+01,2.279889e+01,2.281941e+01,2.277153e+01,2.324933e+01,2.356211e+01,2.326295e+01,2.270309e+01,2.253866e+01,2.252494e+01,2.259350e+01,2.244261e+01,2.253866e+01,2.262091e+01,2.299023e+01,2.311304e+01,2.343303e+01,2.317439e+01,2.342623e+01,2.316076e+01,2.286727e+01,2.301071e+01,2.303801e+01,2.273732e+01,2.229838e+01,2.249751e+01,2.226401e+01,2.211952e+01,2.202997e+01,2.227776e+01,2.229151e+01,2.246320e+01,2.239456e+01,2.214706e+01,2.185065e+01,2.177468e+01,2.215394e+01,2.259350e+01,2.255237e+01,2.238082e+01,2.225713e+01,2.250437e+01,2.275101e+01,2.209886e+01,2.221587e+01,2.221587e+01,2.229151e+01,2.232587e+01,2.269625e+01,2.300388e+01,2.311986e+01,2.336503e+01,2.363676e+01,2.302436e+01,2.222962e+01,2.232587e+01,2.229151e+01,2.267571e+01,2.320165e+01,2.386041e+01,2.304483e+01,2.267571e+01,2.280573e+01,2.272363e+01,2.251808e+01,2.222275e+01,2.231900e+01,2.281257e+01,2.314713e+01,2.345342e+01,2.305165e+01,2.286043e+01,2.243575e+01,2.242888e+01,2.228463e+01,2.220211e+01,2.211263e+01,2.209198e+01,2.195414e+01,2.220211e+01,2.211263e+01,2.209198e+01,2.220211e+01,2.225713e+01,2.231900e+01,2.206442e+01,2.203687e+01,2.236709e+01,2.235335e+01,2.270309e+01,2.251808e+01,2.249065e+01,2.251808e+01,2.252494e+01,2.277837e+01,2.247006e+01,2.231212e+01,2.194035e+01,2.173322e+01,2.193345e+01,2.173322e+01,2.193345e+01,2.172631e+01,2.190586e+01,2.195414e+01,2.202308e+01,2.196793e+01,2.200241e+01,2.212641e+01,2.194035e+01,2.188516e+01,2.193345e+01,2.190586e+01,2.197483e+01,2.190586e+01,2.191276e+01,2.199551e+01,2.190586e+01,2.202997e+01,2.196104e+01,2.195414e+01,2.200930e+01,2.209886e+01,2.182993e+01,2.199551e+01,2.182303e+01,2.178850e+01,2.188516e+01,2.174704e+01,2.192655e+01,2.181612e+01,2.187135e+01,2.174013e+01,2.169175e+01,2.179540e+01,2.178159e+01,2.172631e+01,2.174704e+01,2.179540e+01,2.182303e+01,2.180231e+01,2.167100e+01,2.187135e+01,2.169866e+01,2.157414e+01,2.151182e+01,2.152567e+01,2.160874e+01,2.147718e+01,2.158106e+01,2.151875e+01,2.153260e+01,2.144946e+01,2.156721e+01,2.156029e+01,2.161566e+01,2.153952e+01,2.156721e+01,2.158106e+01,2.155337e+01,2.164334e+01,2.165025e+01,2.155337e+01,2.152567e+01,2.175395e+01,2.158798e+01,2.158798e+01,2.167100e+01,2.168483e+01,2.161566e+01,2.176777e+01,2.166409e+01,2.167100e+01,2.169866e+01,2.176777e+01,2.171248e+01,2.176777e+01,2.175395e+01,2.167792e+01,2.176086e+01,2.165717e+01,2.181612e+01,2.176777e+01,2.171940e+01,2.182303e+01,2.178850e+01,2.169175e+01,2.176086e+01,2.162258e+01,2.161566e+01,2.169866e+01,2.169866e+01,2.165025e+01,2.171940e+01,2.173322e+01,2.169175e+01,2.193345e+01,2.169866e+01,2.172631e+01,2.172631e+01,2.165717e+01,2.158798e+01,2.170557e+01,2.167792e+01,2.160182e+01,2.161566e+01,2.158106e+01,2.162258e+01,2.158798e+01,2.176086e+01,2.180231e+01,2.158106e+01,2.160182e+01,2.164334e+01,2.159490e+01,2.151875e+01,2.158106e+01,2.160874e+01,2.167792e+01,2.156029e+01,2.165025e+01,2.148411e+01,2.166409e+01,2.152567e+01,2.162950e+01,2.170557e+01,2.152567e+01,2.152567e+01,2.153952e+01,2.148411e+01,2.142867e+01,2.155337e+01,2.165025e+01,2.154645e+01,2.156029e+01,2.167100e+01,2.138013e+01,2.162258e+01,2.167792e+01,2.168483e+01,2.179540e+01,2.169866e+01,2.160182e+01,2.174013e+01,2.186445e+01,2.179540e+01,2.166409e+01,2.176777e+01,2.170557e+01,2.161566e+01,2.167792e+01,2.174013e+01,2.175395e+01,2.174013e+01,2.173322e+01,2.180231e+01,2.182303e+01,2.174704e+01,2.174013e+01,2.182993e+01,2.184374e+01,2.182303e+01,2.171940e+01,2.174013e+01,2.178850e+01,2.185065e+01,2.171248e+01,2.178159e+01,2.179540e+01,2.186445e+01,2.167792e+01,2.169175e+01,2.189896e+01,2.180231e+01,2.166409e+01,2.169866e+01,2.192655e+01,2.187825e+01,2.176777e+01,2.159490e+01,2.171248e+01,2.171940e+01,2.159490e+01,2.167100e+01,2.165717e+01,2.174704e+01,2.176777e+01,2.161566e+01,2.187825e+01,2.156721e+01,2.170557e+01,2.158106e+01,2.177468e+01,2.171248e+01,2.163642e+01,2.151182e+01,2.157414e+01,2.157414e+01,2.162258e+01,2.171940e+01,2.162950e+01,2.162950e+01,2.158106e+01,2.160182e+01,2.162258e+01,2.165025e+01,2.167792e+01,2.173322e+01,2.167792e+01,2.149104e+01,2.171248e+01,2.157414e+01,2.166409e+01,2.170557e+01,2.165025e+01,2.159490e+01,2.154645e+01,2.160182e+01,2.165717e+01,2.165025e+01,2.149104e+01,2.162258e+01,2.151875e+01,2.147025e+01,2.156721e+01,2.159490e+01,2.177468e+01,2.153260e+01,2.150489e+01,2.162950e+01,2.153952e+01,2.150489e+01,2.169866e+01,2.158106e+01,2.153952e+01,2.150489e+01,2.157414e+01,2.133158e+01,2.148411e+01,2.149796e+01,2.151182e+01,2.141480e+01,2.142867e+01,2.147025e+01,2.142174e+01,2.154645e+01,2.141480e+01,2.148411e+01,2.129688e+01,2.156721e+01,2.141480e+01,2.153952e+01,2.156029e+01,2.153260e+01,2.143560e+01,2.144253e+01,2.116491e+01,2.144253e+01,2.145639e+01,2.139400e+01,2.146332e+01,2.145639e+01,2.147718e+01,2.132464e+01,2.147718e+01,2.151875e+01,2.155337e+01,2.160874e+01,2.164334e+01,2.154645e+01,2.169175e+01,2.141480e+01,2.156029e+01,2.160182e+01,2.174704e+01,2.162258e+01,2.162950e+01,2.167100e+01,2.189896e+01,2.188516e+01,2.176777e+01,2.147025e+01,2.178850e+01,2.180922e+01,2.183684e+01,2.175395e+01,2.173322e+01,2.174013e+01,2.174704e+01,2.160874e+01,2.166409e+01,2.159490e+01,2.168483e+01,2.165717e+01,2.165717e+01,2.165025e+01,2.165025e+01,2.160874e+01,2.164334e+01,2.159490e+01,2.160182e+01,2.168483e+01,2.171940e+01,2.181612e+01,2.176777e+01,2.177468e+01,2.171940e+01,2.169175e+01,2.177468e+01,2.176086e+01,2.175395e+01,2.174013e+01,2.174704e+01,2.167100e+01,2.170557e+01,2.171248e+01,2.200930e+01,2.169866e+01,2.169175e+01,2.162950e+01,2.176777e+01,2.170557e+01,2.180922e+01,2.170557e+01,2.165717e+01,2.162950e+01,2.170557e+01,2.165025e+01,2.160874e+01,2.186445e+01,2.172631e+01,2.174704e+01,2.174704e+01,2.164334e+01,2.165025e+01,2.163642e+01,2.159490e+01,2.163642e+01,2.161566e+01,2.157414e+01,2.160874e+01,2.161566e+01,2.164334e+01,2.162950e+01,2.149104e+01,2.147025e+01,2.144946e+01,2.145639e+01,2.108843e+01,2.123439e+01,2.124133e+01,2.121355e+01,2.125522e+01,2.117881e+01,2.135239e+01,2.125522e+01,2.117881e+01,2.129688e+01,2.114406e+01,2.114406e+01,2.110929e+01,2.126217e+01,2.111625e+01,2.127605e+01,2.107452e+01,2.124133e+01,2.122050e+01,2.115101e+01,2.119966e+01,2.142174e+01,2.126911e+01,2.113015e+01,2.141480e+01,2.128299e+01,2.131076e+01,2.119966e+01,2.151875e+01,2.136626e+01,2.135239e+01,2.137320e+01,2.139400e+01,2.144253e+01,2.145639e+01,2.123439e+01,2.142867e+01,2.145639e+01,2.152567e+01,2.151875e+01,2.144946e+01,2.151875e+01,2.157414e+01,2.151182e+01,2.156721e+01,2.143560e+01,2.156721e+01,2.149796e+01,2.160182e+01,2.142867e+01
2.194725e+01,2.183684e+01,2.183684e+01,2.189896e+01,2.182993e+01,2.194035e+01,2.185755e+01,2.182993e+01,2.183684e+01,2.180922e+01,2.196104e+01,2.193345e+01,2.181612e+01,2.199551e+01,2.204376e+01,2.202308e+01,2.209198e+01,2.202997e+01,2.167100e+01,2.198862e+01,2.191276e+01,2.184374e+01,2.194035e+01,2.189896e+01,2.211952e+01,2.200930e+01,2.191276e+01,2.201619e+01,2.199551e+01,2.182993e+01,2.202997e+01,2.215394e+01,2.209198e+01,2.190586e+01,2.210575e+01,2.229151e+01,2.229838e+01,2.269625e+01,2.279889e+01,2.308576e+01,2.298340e+01,2.289461e+01,2.296292e+01,2.301071e+01,2.290144e+01,2.296975e+01,2.299706e+01,2.295609e+01,2.295609e+01,2.294926e+01,2.292877e+01,2.305165e+01,2.305165e+01,2.292877e+01,2.300388e+01,2.300388e+01,2.290144e+01,2.294243e+01,2.311986e+01,2.305848e+01,2.302436e+01,2.306530e+01,2.303118e+01,2.306530e+01,2.303118e+01,2.322209e+01,2.309258e+01,2.286727e+01,2.322209e+01,2.317439e+01,2.307212e+01,2.308576e+01,2.308576e+01,2.329699e+01,2.300388e+01,2.322209e+01,2.318121e+01,2.309258e+01,2.311986e+01,2.329699e+01,2.337864e+01,2.336503e+01,2.329018e+01,2.322890e+01,2.329018e+01,2.336503e+01,2.327656e+01,2.337864e+01,2.333782e+01,2.333101e+01,2.337183e+01,2.329699e+01,2.324252e+01,2.326295e+01,2.333782e+01,2.320165e+01,2.330379e+01,2.348060e+01,2.331060e+01,2.348060e+01,2.333782e+01,2.330379e+01,2.327656e+01,2.320846e+01,2.317439e+01,2.331740e+01,2.328337e+01,2.297657e+01,2.316076e+01,2.317439e+01,2.287410e+01,2.291510e+01,2.275785e+01,2.270994e+01,2.266201e+01,2.234648e+01,2.229838e+01,2.194725e+01,2.203687e+01,2.184374e+01,2.185755e+01,2.187135e+01,2.189206e+01,2.195414e+01,2.195414e+01,2.187825e+01,2.196793e+01,2.188516e+01,2.191276e+01,2.191965e+01,2.192655e+01,2.201619e+01,2.196104e+01,2.194035e+01,2.192655e+01,2.224338e+01,2.247692e+01,2.254551e+01,2.214706e+01,2.259350e+01,2.266201e+01,2.294243e+01,2.273047e+01,2.271679e+01,2.286043e+01,2.292877e+01,2.328337e+01,2.322209e+01,2.279889e+01,2.258665e+01,2.277837e+01,2.276469e+01,2.257294e+01,2.264146e+01,2.265516e+01,2.264146e+01,2.281257e+01,2.286727e+01,2.302436e+01,2.293560e+01,2.289461e+01,2.262091e+01,2.264146e+01,2.294926e+01,2.302436e+01,2.262091e+01,2.300388e+01,2.307894e+01,2.259350e+01,2.246320e+01,2.255237e+01,2.251808e+01,2.238082e+01,2.208509e+01,2.198862e+01,2.186445e+01,2.205754e+01,2.215394e+01,2.262091e+01,2.285360e+01,2.251122e+01,2.238769e+01,2.244948e+01,2.240829e+01,2.251122e+01,2.197483e+01,2.222962e+01,2.214017e+01,2.229838e+01,2.264831e+01,2.303118e+01,2.329699e+01,2.308576e+01,2.305165e+01,2.242888e+01,2.222275e+01,2.222962e+01,2.249065e+01,2.293560e+01,2.397543e+01,2.444098e+01,2.311986e+01,2.258665e+01,2.282625e+01,2.279206e+01,2.271679e+01,2.269625e+01,2.255923e+01,2.275785e+01,2.343303e+01,2.423882e+01,2.376559e+01,2.258665e+01,2.213329e+01,2.202997e+01,2.227088e+01,2.234648e+01,2.233961e+01,2.216082e+01,2.194035e+01,2.231212e+01,2.273047e+01,2.307212e+01,2.296975e+01,2.290827e+01,2.301753e+01,2.299023e+01,2.299023e+01,2.266886e+01,2.242888e+01,2.236709e+01,2.274416e+01,2.249065e+01,2.249065e+01,2.249065e+01,2.245634e+01,2.249751e+01,2.229838e+01,2.196793e+01,2.211952e+01,2.214017e+01,2.189896e+01,2.191965e+01,2.190586e+01,2.178159e+01,2.201619e+01,2.209198e+01,2.207131e+01,2.196104e+01,2.196793e+01,2.189896e+01,2.188516e+01,2.194725e+01,2.182993e+01,2.191276e+01,2.190586e+01,2.189206e+01,2.187825e+01,2.188516e+01,2.185065e+01,2.190586e+01,2.207131e+01,2.195414e+01,2.191965e+01,2.192655e+01,2.182303e+01,2.196793e+01,2.199551e+01,2.180231e+01,2.191276e+01,2.169866e+01,2.178850e+01,2.187825e+01,2.182303e+01,2.171248e+01,2.169866e+01,2.174013e+01,2.179540e+01,2.178159e+01,2.174704e+01,2.172631e+01,2.168483e+01,2.166409e+01,2.167100e+01,2.167100e+01,2.160874e+01,2.163642e+01,2.172631e+01,2.161566e+01,2.151875e+01,2.143560e+01,2.154645e+01,2.156029e+01,2.160874e+01,2.147718e+01,2.147718e+01,2.158106e+01,2.144946e+01,2.174013e+01,2.144253e+01,2.139400e+01,2.166409e+01,2.154645e+01,2.158798e+01,2.153952e+01,2.146332e+01,2.156029e+01,2.161566e+01,2.160182e+01,2.172631e+01,2.169175e+01,2.166409e+01,2.163642e+01,2.178159e+01,2.160874e+01,2.165717e+01,2.162258e+01,2.176777e+01,2.165025e+01,2.167100e+01,2.169175e+01,2.168483e+01,2.173322e+01,2.171248e+01,2.178850e+01,2.174013e+01,2.175395e+01,2.169175e+01,2.159490e+01,2.166409e+01,2.158106e+01,2.168483e+01,2.161566e+01,2.165025e+01,2.180231e+01,2.170557e+01,2.165717e+01,2.167792e+01,2.178159e+01,2.176086e+01,2.158798e+01,2.169866e+01,2.163642e+01,2.167100e+01,2.160874e+01,2.165717e+01,2.162950e+01,2.160874e+01,2.159490e+01,2.166409e+01,2.160182e+01,2.156721e+01,2.167100e+01,2.154645e+01,2.160182e+01,2.139400e+01,2.162258e+01,2.163642e+01,2.149104e+01,2.153260e+01,2.154645e+01,2.159490e+01,2.156721e+01,2.156721e+01,2.152567e+01,2.144253e+01,2.164334e+01,2.151875e+01,2.147718e+01,2.154645e+01,2.157414e+01,2.158798e+01,2.155337e+01,2.156029e+01,2.159490e+01,2.157414e+01,2.153952e+01,2.170557e+01,2.165025e+01,2.177468e+01,2.164334e+01,2.167100e+01,2.169866e+01,2.169175e+01,2.165025e+01,2.167100e+01,2.167792e+01,2.167100e+01,2.167100e+01,2.165717e+01,2.158798e+01,2.168483e+01,2.168483e+01,2.168483e+01,2.169866e+01,2.177468e+01,2.173322e+01,2.176086e+01,2.167792e+01,2.185755e+01,2.170557e+01,2.172631e+01,2.176086e+01,2.165025e+01,2.182993e+01,2.187135e+01,2.170557e+01,2.173322e+01,2.162258e+01,2.161566e+01,2.173322e+01,2.185755e+01,2.182303e+01,2.176777e+01,2.167100e+01,2.175395e+01,2.175395e+01,2.187825e+01,2.169175e+01,2.175395e+01,2.166409e+01,2.169866e+01,2.169175e+01,2.169175e+01,2.169866e+01,2.172631e+01,2.169866e+01,2.182993e+01,2.169866e+01,2.162258e+01,2.152567e+01,2.160182e+01,2.188516e+01,2.167792e+01,2.166409e+01,2.171940e+01,2.173322e+01,2.174704e+01,2.172631e+01,2.162258e+01,2.163642e+01,2.165025e+01,2.161566e+01,2.164334e+01,2.158106e+01,2.165717e+01,2.164334e+01,2.161566e+01,2.160874e+01,2.157414e+01,2.166409e+01,2.165717e+01,2.163642e+01,2.142867e+01,2.165717e+01,2.162258e+01,2.162950e+01,2.166409e+01,2.152567e+01,2.158106e+01,2.155337e+01,2.156721e+01,2.151875e+01,2.173322e+01,2.171248e+01,2.164334e+01,2.156029e+01,2.156721e+01,2.133158e+01,2.152567e+01,2.154645e+01,2.151182e+01,2.163642e+01,2.157414e+01,2.158798e+01,2.161566e+01,2.148411e+01,2.155337e+01,2.130382e+01,2.147718e+01,2.153260e+01,2.160874e+01,2.158798e+01,2.146332e+01,2.142867e+01,2.129688e+01,2.149796e+01,2.153952e+01,2.147025e+01,2.146332e+01,2.145639e+01,2.146332e+01,2.143560e+01,2.152567e+01,2.144946e+01,2.141480e+01,2.137320e+01,2.138013e+01,2.142174e+01,2.135239e+01,2.150489e+01,2.146332e+01,2.149796e+01,2.138707e+01,2.152567e+01,2.143560e+01,2.158798e+01,2.154645e+01,2.147718e+01,2.148411e+01,2.168483e+01,2.160874e+01,2.165717e+01,2.169175e+01,2.162258e+01,2.165025e+01,2.158106e+01,2.158106e+01,2.160182e+01,2.167100e+01,2.178159e+01,2.167792e+01,2.171248e+01,2.176086e+01,2.184374e+01,2.166409e+01,2.187135e+01,2.178850e+01,2.178850e+01,2.169866e+01,2.174013e+01,2.165717e+01,2.173322e+01,2.163642e+01,2.168483e+01,2.170557e+01,2.170557e+01,2.165717e+01,2.156029e+01,2.163642e+01,2.180922e+01,2.166409e+01,2.165717e+01,2.162950e+01,2.167792e+01,2.172631e+01,2.163642e+01,2.178850e+01,2.176777e+01,2.166409e+01,2.162950e+01,2.178159e+01,2.167792e+01,2.168483e+01,2.171248e+01,2.151182e+01,2.167100e+01,2.172631e+01,2.166409e+01,2.167100e+01,2.167792e+01,2.167792e+01,2.171248e+01,2.153952e+01,2.162258e+01,2.182303e+01,2.176777e+01,2.160874e+01,2.168483e+01,2.162258e+01,2.181612e+01,2.169175e+01,2.162950e+01,2.177468e+01,2.178850e+01,2.166409e+01,2.176086e+01,2.165025e+01,2.166409e+01,2.175395e+01,2.174013e+01,2.158106e+01,2.160874e+01,2.160182e+01,2.160874e+01,2.142174e+01,2.147025e+01,2.149104e+01,2.146332e+01,2.135933e+01,2.147718e+01,2.119271e+01,2.124828e+01,2.094226e+01,2.128993e+01,2.124133e+01,2.124133e+01,2.133158e+01,2.120660e+01,2.113711e+01,2.126911e+01,2.126217e+01,2.114406e+01,2.121355e+01,2.102581e+01,2.119271e+01,2.118576e+01,2.115796e+01,2.117186e+01,2.115101e+01,2.125522e+01,2.112320e+01,2.127605e+01,2.147025e+01,2.124828e+01,2.110929e+01,2.138013e+01,2.140787e+01,2.135933e+01,2.129688e+01,2.126911e+01,2.140094e+01,2.143560e+01,2.144946e+01,2.146332e+01,2.150489e+01,2.147718e+01,2.140787e+01,2.140787e+01,2.166409e+01,2.114406e+01,2.140094e+01,2.156029e+01,2.149104e+01,2.150489e+01,2.147718e+01,2.147718e+01,2.150489e+01,2.152567e+01,2.156029e+01
2.192655e+01,2.194035e+01,2.198172e+01,2.195414e+01,2.186445e+01,2.181612e+01,2.183684e+01,2.180231e+01,2.194035e+01,2.194035e+01,2.194725e+01,2.191276e+01,2.189206e+01,2.206442e+01,2.196793e+01,2.202308e+01,2.192655e+01,2.193345e+01,2.189206e+01,2.205754e+01,2.198862e+01,2.199551e+01,2.198862e+01,2.198862e+01,2.189896e+01,2.193345e+01,2.220899e+01,2.219523e+01,2.216082e+01,2.214706e+01,2.212641e+01,2.209886e+01,2.207820e+01,2.225026e+01,2.220899e+01,2.258665e+01,2.291510e+01,2.274416e+01,2.288094e+01,2.304483e+01,2.306530e+01,2.292194e+01,2.287410e+01,2.299706e+01,2.288777e+01,2.303118e+01,2.294926e+01,2.306530e+01,2.300388e+01,2.311986e+01,2.289461e+01,2.292877e+01,2.311304e+01,2.302436e+01,2.322209e+01,2.307212e+01,2.309258e+01,2.303801e+01,2.321527e+01,2.322209e+01,2.331060e+01,2.326295e+01,2.314713e+01,2.323571e+01,2.323571e+01,2.318121e+01,2.316758e+01,2.306530e+01,2.311304e+01,2.309940e+01,2.305848e+01,2.303118e+01,2.310622e+01,2.330379e+01,2.306530e+01,2.316758e+01,2.323571e+01,2.320846e+01,2.326976e+01,2.318121e+01,2.327656e+01,2.321527e+01,2.333101e+01,2.342623e+01,2.328337e+01,2.342623e+01,2.349419e+01,2.332421e+01,2.333101e+01,2.331060e+01,2.344662e+01,2.324252e+01,2.349419e+01,2.320165e+01,2.351457e+01,2.330379e+01,2.324252e+01,2.332421e+01,2.331740e+01,2.345342e+01,2.328337e+01,2.342623e+01,2.351457e+01,2.326976e+01,2.320165e+01,2.320165e+01,2.328337e+01,2.316076e+01,2.328337e+01,2.324252e+01,2.290144e+01,2.294926e+01,2.290827e+01,2.262091e+01,2.264831e+01,2.229838e+01,2.221587e+01,2.211263e+01,2.182993e+01,2.191276e+01,2.193345e+01,2.210575e+01,2.191276e+01,2.187135e+01,2.198862e+01,2.196793e+01,2.198172e+01,2.196793e+01,2.193345e+01,2.198172e+01,2.191965e+01,2.200241e+01,2.194725e+01,2.218147e+01,2.196793e+01,2.216082e+01,2.236709e+01,2.238769e+01,2.241516e+01,2.256608e+01,2.271679e+01,2.261406e+01,2.253180e+01,2.272363e+01,2.329699e+01,2.315395e+01,2.289461e+01,2.291510e+01,2.260720e+01,2.283309e+01,2.333782e+01,2.286727e+01,2.298340e+01,2.294926e+01,2.288777e+01,2.294926e+01,2.297657e+01,2.298340e+01,2.299706e+01,2.283993e+01,2.307212e+01,2.319484e+01,2.309940e+01,2.306530e+01,2.305165e+01,2.312668e+01,2.329699e+01,2.316758e+01,2.271679e+01,2.247692e+01,2.227088e+01,2.208509e+01,2.202308e+01,2.204376e+01,2.205754e+01,2.229151e+01,2.258665e+01,2.279889e+01,2.284676e+01,2.287410e+01,2.263461e+01,2.225713e+01,2.222275e+01,2.229151e+01,2.222962e+01,2.220899e+01,2.239456e+01,2.227776e+01,2.263461e+01,2.316076e+01,2.318121e+01,2.307212e+01,2.326976e+01,2.236022e+01,2.211952e+01,2.219523e+01,2.250437e+01,2.304483e+01,2.473677e+01,2.512541e+01,2.367746e+01,2.271679e+01,2.229838e+01,2.246320e+01,2.249065e+01,2.282625e+01,2.307894e+01,2.280573e+01,2.289461e+01,2.289461e+01,2.255237e+01,2.184374e+01,2.183684e+01,2.182303e+01,2.198172e+01,2.216771e+01,2.240829e+01,2.237395e+01,2.238082e+01,2.242202e+01,2.270309e+01,2.272363e+01,2.273047e+01,2.276469e+01,2.321527e+01,2.399571e+01,2.358247e+01,2.264831e+01,2.236709e+01,2.257294e+01,2.249751e+01,2.279889e+01,2.245634e+01,2.225713e+01,2.247006e+01,2.238082e+01,2.251122e+01,2.241516e+01,2.239456e+01,2.241516e+01,2.212641e+01,2.195414e+01,2.179540e+01,2.192655e+01,2.192655e+01,2.194725e+01,2.195414e+01,2.193345e+01,2.191965e+01,2.197483e+01,2.204376e+01,2.190586e+01,2.200930e+01,2.191965e+01,2.191276e+01,2.194725e+01,2.181612e+01,2.197483e+01,2.182303e+01,2.187135e+01,2.205065e+01,2.187825e+01,2.198172e+01,2.200241e+01,2.195414e+01,2.176777e+01,2.199551e+01,2.202997e+01,2.192655e+01,2.188516e+01,2.191276e+01,2.185065e+01,2.182303e+01,2.171248e+01,2.174013e+01,2.170557e+01,2.171248e+01,2.177468e+01,2.177468e+01,2.176777e+01,2.175395e+01,2.169866e+01,2.172631e+01,2.166409e+01,2.167100e+01,2.162950e+01,2.159490e+01,2.165717e+01,2.176086e+01,2.166409e+01,2.176777e+01,2.148411e+01,2.160182e+01,2.156029e+01,2.165717e+01,2.156721e+01,2.153260e+01,2.156721e+01,2.156029e+01,2.134545e+01,2.151875e+01,2.160182e+01,2.169866e+01,2.164334e+01,2.168483e+01,2.152567e+01,2.165717e+01,2.153952e+01,2.163642e+01,2.160874e+01,2.171940e+01,2.158106e+01,2.163642e+01,2.172631e+01,2.170557e+01,2.162258e+01,2.172631e+01,2.172631e+01,2.174704e+01,2.175395e+01,2.171248e+01,2.162950e+01,2.168483e+01,2.172631e+01,2.176086e+01,2.169175e+01,2.176086e+01,2.165025e+01,2.176777e+01,2.170557e+01,2.176777e+01,2.158798e+01,2.182993e+01,2.169175e+01,2.176086e+01,2.173322e+01,2.171940e+01,2.155337e+01,2.178159e+01,2.178159e+01,2.153260e+01,2.145639e+01,2.165717e+01,2.167792e+01,2.171248e+01,2.168483e+01,2.162950e+01,2.168483e+01,2.160182e+01,2.170557e+01,2.158798e+01,2.168483e+01,2.154645e+01,2.167100e+01,2.165025e+01,2.151182e+01,2.158106e+01,2.156029e+01,2.162258e+01,2.152567e+01,2.165025e+01,2.148411e+01,2.156721e+01,2.158106e+01,2.167100e+01,2.153260e+01,2.155337e+01,2.166409e+01,2.158798e+01,2.159490e+01,2.156721e+01,2.156029e+01,2.158106e+01,2.157414e+01,2.162258e+01,2.160182e+01,2.160874e+01,2.157414e+01,2.159490e+01,2.180231e+01,2.165717e+01,2.162258e+01,2.168483e+01,2.169175e+01,2.167100e+01,2.161566e+01,2.187135e+01,2.168483e+01,2.175395e+01,2.171248e+01,2.174013e+01,2.176777e+01,2.192655e+01,2.168483e+01,2.175395e+01,2.180231e+01,2.180922e+01,2.179540e+01,2.174013e+01,2.183684e+01,2.169175e+01,2.174704e+01,2.175395e+01,2.185755e+01,2.178850e+01,2.175395e+01,2.175395e+01,2.178850e+01,2.169866e+01,2.179540e+01,2.162950e+01,2.179540e+01,2.174013e+01,2.171248e+01,2.185755e+01,2.196104e+01,2.175395e+01,2.188516e+01,2.175395e+01,2.175395e+01,2.170557e+01,2.178850e+01,2.178850e+01,2.161566e+01,2.151875e+01,2.168483e+01,2.169866e+01,2.175395e+01,2.169866e+01,2.166409e+01,2.174704e+01,2.156721e+01,2.165717e+01,2.157414e+01,2.150489e+01,2.160182e+01,2.162258e+01,2.169175e+01,2.174704e+01,2.161566e+01,2.167792e+01,2.164334e+01,2.165025e+01,2.162950e+01,2.186445e+01,2.167100e+01,2.149796e+01,2.165025e+01,2.173322e+01,2.172631e+01,2.178159e+01,2.159490e+01,2.165717e+01,2.166409e+01,2.165717e+01,2.157414e+01,2.168483e+01,2.172631e+01,2.174013e+01,2.157414e+01,2.156029e+01,2.162258e+01,2.158798e+01,2.171940e+01,2.169866e+01,2.158106e+01,2.166409e+01,2.156721e+01,2.152567e+01,2.160874e+01,2.151875e+01,2.153952e+01,2.156721e+01,2.164334e+01,2.157414e+01,2.140094e+01,2.157414e+01,2.152567e+01,2.147718e+01,2.149796e+01,2.156029e+01,2.155337e+01,2.152567e+01,2.142867e+01,2.153952e+01,2.153952e+01,2.154645e+01,2.147718e+01,2.149104e+01,2.136626e+01,2.148411e+01,2.151182e+01,2.144946e+01,2.142174e+01,2.151182e+01,2.149796e+01,2.144946e+01,2.140787e+01,2.142174e+01,2.135933e+01,2.145639e+01,2.137320e+01,2.145639e+01,2.144253e+01,2.144946e+01,2.150489e+01,2.142867e+01,2.140094e+01,2.165717e+01,2.164334e+01,2.151182e+01,2.145639e+01,2.165717e+01,2.149104e+01,2.158798e+01,2.173322e+01,2.167792e+01,2.156721e+01,2.189206e+01,2.170557e+01,2.188516e+01,2.170557e+01,2.173322e+01,2.172631e+01,2.176777e+01,2.173322e+01,2.177468e+01,2.174013e+01,2.176086e+01,2.167100e+01,2.169175e+01,2.163642e+01,2.171940e+01,2.173322e+01,2.158106e+01,2.167792e+01,2.176086e+01,2.193345e+01,2.162258e+01,2.175395e+01,2.164334e+01,2.167100e+01,2.165717e+01,2.162950e+01,2.167100e+01,2.168483e+01,2.172631e+01,2.164334e+01,2.166409e+01,2.180231e+01,2.154645e+01,2.165025e+01,2.173322e+01,2.176777e+01,2.168483e+01,2.167100e+01,2.174013e+01,2.168483e+01,2.167792e+01,2.167792e+01,2.164334e+01,2.167100e+01,2.177468e+01,2.173322e+01,2.178850e+01,2.173322e+01,2.171940e+01,2.158798e+01,2.169175e+01,2.171940e+01,2.167100e+01,2.175395e+01,2.174704e+01,2.167100e+01,2.150489e+01,2.156029e+01,2.168483e+01,2.179540e+01,2.176777e+01,2.179540e+01,2.165717e+01,2.160182e+01,2.162258e+01,2.154645e+01,2.148411e+01,2.156029e+01,2.142867e+01,2.135239e+01,2.146332e+01,2.147718e+01,2.133851e+01,2.125522e+01,2.110234e+01,2.128299e+01,2.108843e+01,2.111625e+01,2.120660e+01,2.116491e+01,2.119271e+01,2.124828e+01,2.132464e+01,2.109539e+01,2.108843e+01,2.127605e+01,2.112320e+01,2.113711e+01,2.101885e+01,2.108843e+01,2.125522e+01,2.119271e+01,2.124828e+01,2.124828e+01,2.126217e+01,2.126217e+01,2.127605e+01,2.149796e+01,2.119966e+01,2.126911e+01,2.130382e+01,2.130382e+01,2.132464e+01,2.131770e+01,2.142867e+01,2.145639e+01,2.149796e+01,2.136626e+01,2.145639e+01,2.144946e+01,2.148411e+01,2.130382e+01,2.143560e+01,2.147025e+01,2.167100e+01,2.151182e+01,2.139400e+01,2.151182e+01,2.140094e+01,2.151875e+01,2.143560e+01,2.119966e+01
2.191276e+01,2.193345e+01,2.194725e+01,2.190586e+01,2.189896e+01,2.190586e+01,2.191965e+01,2.191965e+01,2.204376e+01,2.199551e+01,2.183684e+01,2.195414e+01,2.198862e+01,2.187135e+01,2.191276e+01,2.184374e+01,2.202997e+01,2.194725e+01,2.211263e+01,2.191965e+01,2.202997e+01,2.216771e+01,2.199551e+01,2.194725e+01,2.192655e+01,2.195414e+01,2.196104e+01,2.221587e+01,2.198172e+01,2.207131e+01,2.223650e+01,2.218835e+01,2.232587e+01,2.245634e+01,2.281257e+01,2.284676e+01,2.288777e+01,2.294926e+01,2.293560e+01,2.289461e+01,2.296975e+01,2.290827e+01,2.290144e+01,2.304483e+01,2.301071e+01,2.299023e+01,2.285360e+01,2.291510e+01,2.292194e+01,2.281257e+01,2.277153e+01,2.300388e+01,2.308576e+01,2.311304e+01,2.309258e+01,2.321527e+01,2.308576e+01,2.314713e+01,2.313350e+01,2.309940e+01,2.326295e+01,2.333101e+01,2.326976e+01,2.334462e+01,2.309258e+01,2.324252e+01,2.314713e+01,2.309258e+01,2.333782e+01,2.307212e+01,2.305165e+01,2.315395e+01,2.319484e+01,2.321527e+01,2.323571e+01,2.320165e+01,2.316758e+01,2.317439e+01,2.332421e+01,2.318121e+01,2.337864e+01,2.328337e+01,2.343983e+01,2.337183e+01,2.345342e+01,2.337183e+01,2.332421e+01,2.335823e+01,2.348060e+01,2.352816e+01,2.342623e+01,2.333101e+01,2.348740e+01,2.351457e+01,2.331060e+01,2.352816e+01,2.333782e+01,2.328337e+01,2.330379e+01,2.339224e+01,2.330379e+01,2.328337e+01,2.312668e+01,2.348740e+01,2.347381e+01,2.344662e+01,2.327656e+01,2.327656e+01,2.326976e+01,2.312668e+01,2.286727e+01,2.283309e+01,2.273732e+01,2.272363e+01,2.264146e+01,2.260035e+01,2.225026e+01,2.221587e+01,2.192655e+01,2.200241e+01,2.190586e+01,2.210575e+01,2.189896e+01,2.196104e+01,2.205754e+01,2.197483e+01,2.185755e+01,2.188516e+01,2.187825e+01,2.205065e+01,2.188516e+01,2.206442e+01,2.191965e+01,2.210575e+01,2.211952e+01,2.219523e+01,2.213329e+01,2.244261e+01,2.253180e+01,2.273732e+01,2.224338e+01,2.253866e+01,2.239456e+01,2.331740e+01,2.352136e+01,2.299023e+01,2.292194e+01,2.279206e+01,2.277837e+01,2.329699e+01,2.313350e+01,2.285360e+01,2.319484e+01,2.309258e+01,2.301071e+01,2.301071e+01,2.301753e+01,2.296292e+01,2.279206e+01,2.303801e+01,2.318802e+01,2.322209e+01,2.331740e+01,2.329699e+01,2.332421e+01,2.325614e+01,2.289461e+01,2.257979e+01,2.256608e+01,2.236709e+01,2.214017e+01,2.217459e+01,2.264146e+01,2.251122e+01,2.240142e+01,2.274416e+01,2.283993e+01,2.280573e+01,2.285360e+01,2.253866e+01,2.288094e+01,2.252494e+01,2.247692e+01,2.247006e+01,2.244261e+01,2.221587e+01,2.236709e+01,2.274416e+01,2.305165e+01,2.314031e+01,2.309940e+01,2.328337e+01,2.273047e+01,2.207820e+01,2.209886e+01,2.262091e+01,2.363676e+01,2.474349e+01,2.512541e+01,2.396867e+01,2.287410e+01,2.266886e+01,2.273732e+01,2.295609e+01,2.262776e+01,2.250437e+01,2.259350e+01,2.241516e+01,2.228463e+01,2.212641e+01,2.210575e+01,2.182303e+01,2.181612e+01,2.182303e+01,2.190586e+01,2.244261e+01,2.231212e+01,2.248379e+01,2.262776e+01,2.299023e+01,2.296975e+01,2.270994e+01,2.292877e+01,2.345342e+01,2.369102e+01,2.362998e+01,2.281257e+01,2.260720e+01,2.253180e+01,2.245634e+01,2.254551e+01,2.249065e+01,2.237395e+01,2.220899e+01,2.209198e+01,2.214706e+01,2.222962e+01,2.249751e+01,2.249751e+01,2.248379e+01,2.249751e+01,2.209886e+01,2.194725e+01,2.198862e+01,2.188516e+01,2.207820e+01,2.198172e+01,2.204376e+01,2.189896e+01,2.174013e+01,2.189206e+01,2.197483e+01,2.192655e+01,2.200930e+01,2.182303e+01,2.188516e+01,2.194035e+01,2.205065e+01,2.187135e+01,2.180922e+01,2.197483e+01,2.185755e+01,2.191965e+01,2.196793e+01,2.189896e+01,2.181612e+01,2.185755e+01,2.182303e+01,2.186445e+01,2.186445e+01,2.172631e+01,2.189896e+01,2.185065e+01,2.172631e+01,2.187135e+01,2.174013e+01,2.172631e+01,2.176086e+01,2.176086e+01,2.176086e+01,2.167792e+01,2.180922e+01,2.191965e+01,2.168483e+01,2.168483e+01,2.162258e+01,2.165717e+01,2.167100e+01,2.152567e+01,2.162950e+01,2.179540e+01,2.154645e+01,2.158798e+01,2.167792e+01,2.161566e+01,2.153952e+01,2.157414e+01,2.152567e+01,2.149104e+01,2.153952e+01,2.151875e+01,2.157414e+01,2.153260e+01,2.162950e+01,2.167792e+01,2.151182e+01,2.176086e+01,2.153260e+01,2.170557e+01,2.162258e+01,2.163642e+01,2.163642e+01,2.165717e+01,2.148411e+01,2.170557e+01,2.172631e+01,2.175395e+01,2.170557e+01,2.166409e+01,2.170557e+01,2.167792e+01,2.158798e+01,2.179540e+01,2.179540e+01,2.175395e+01,2.161566e+01,2.165025e+01,2.178850e+01,2.166409e+01,2.167100e+01,2.171248e+01,2.155337e+01,2.170557e+01,2.170557e+01,2.168483e+01,2.176777e+01,2.162258e+01,2.158106e+01,2.169866e+01,2.158798e+01,2.180922e+01,2.169866e+01,2.169175e+01,2.164334e+01,2.160874e+01,2.160182e+01,2.159490e+01,2.160874e+01,2.158798e+01,2.157414e+01,2.159490e+01,2.158798e+01,2.160182e+01,2.156029e+01,2.162258e+01,2.165025e+01,2.157414e+01,2.155337e+01,2.159490e+01,2.161566e+01,2.156721e+01,2.149104e+01,2.147025e+01,2.154645e+01,2.155337e+01,2.156721e+01,2.159490e+01,2.149796e+01,2.162950e+01,2.156721e+01,2.142867e+01,2.149796e+01,2.160182e+01,2.153952e+01,2.159490e+01,2.165717e+01,2.154645e+01,2.169866e+01,2.170557e+01,2.158798e+01,2.171248e+01,2.171940e+01,2.163642e+01,2.162950e+01,2.171940e+01,2.160874e+01,2.155337e+01,2.169866e+01,2.178850e+01,2.167100e+01,2.174704e+01,2.166409e+01,2.173322e+01,2.178850e+01,2.165717e+01,2.174013e+01,2.155337e+01,2.180231e+01,2.185755e+01,2.172631e+01,2.170557e+01,2.174704e+01,2.170557e+01,2.177468e+01,2.179540e+01,2.180922e+01,2.173322e+01,2.170557e+01,2.182993e+01,2.180231e+01,2.165717e+01,2.176086e+01,2.184374e+01,2.180231e+01,2.181612e+01,2.190586e+01,2.177468e+01,2.172631e+01,2.176086e+01,2.182303e+01,2.191276e+01,2.165025e+01,2.159490e+01,2.166409e+01,2.177468e+01,2.164334e+01,2.176777e+01,2.178159e+01,2.159490e+01,2.155337e+01,2.156721e+01,2.167100e+01,2.162950e+01,2.168483e+01,2.165025e+01,2.167792e+01,2.169866e+01,2.165717e+01,2.154645e+01,2.165025e+01,2.153952e+01,2.165717e+01,2.152567e+01,2.156029e+01,2.164334e+01,2.186445e+01,2.153952e+01,2.158798e+01,2.167792e+01,2.158798e+01,2.157414e+01,2.167100e+01,2.175395e+01,2.152567e+01,2.160182e+01,2.176086e+01,2.174013e+01,2.162258e+01,2.151182e+01,2.157414e+01,2.157414e+01,2.167100e+01,2.162950e+01,2.166409e+01,2.162950e+01,2.147718e+01,2.161566e+01,2.158106e+01,2.158798e+01,2.162258e+01,2.151875e+01,2.147025e+01,2.149796e+01,2.160182e+01,2.166409e+01,2.159490e+01,2.153952e+01,2.149104e+01,2.147718e+01,2.158106e+01,2.154645e+01,2.158798e+01,2.140787e+01,2.150489e+01,2.149104e+01,2.151182e+01,2.152567e+01,2.141480e+01,2.153260e+01,2.167100e+01,2.147718e+01,2.148411e+01,2.145639e+01,2.144946e+01,2.142174e+01,2.144946e+01,2.138013e+01,2.144946e+01,2.135239e+01,2.136626e+01,2.145639e+01,2.143560e+01,2.137320e+01,2.142174e+01,2.141480e+01,2.142174e+01,2.141480e+01,2.156721e+01,2.153260e+01,2.153952e+01,2.158798e+01,2.146332e+01,2.145639e+01,2.142174e+01,2.152567e+01,2.169866e+01,2.162950e+01,2.157414e+01,2.157414e+01,2.156721e+01,2.159490e+01,2.169866e+01,2.176086e+01,2.172631e+01,2.171248e+01,2.173322e+01,2.167792e+01,2.175395e+01,2.173322e+01,2.165717e+01,2.169866e+01,2.173322e+01,2.171940e+01,2.165025e+01,2.160182e+01,2.172631e+01,2.139400e+01,2.191965e+01,2.156721e+01,2.158798e+01,2.159490e+01,2.165025e+01,2.163642e+01,2.174013e+01,2.164334e+01,2.169175e+01,2.169866e+01,2.174013e+01,2.174704e+01,2.165025e+01,2.183684e+01,2.165717e+01,2.173322e+01,2.162950e+01,2.174704e+01,2.165717e+01,2.176086e+01,2.171248e+01,2.165717e+01,2.178159e+01,2.168483e+01,2.176086e+01,2.205065e+01,2.166409e+01,2.169866e+01,2.162258e+01,2.174704e+01,2.165025e+01,2.181612e+01,2.169175e+01,2.173322e+01,2.164334e+01,2.161566e+01,2.165717e+01,2.171248e+01,2.149104e+01,2.181612e+01,2.165025e+01,2.158798e+01,2.167100e+01,2.159490e+01,2.155337e+01,2.171940e+01,2.163642e+01,2.158798e+01,2.149796e+01,2.140787e+01,2.154645e+01,2.155337e+01,2.119966e+01,2.122050e+01,2.125522e+01,2.119966e+01,2.108843e+01,2.110234e+01,2.119271e+01,2.119966e+01,2.123439e+01,2.110929e+01,2.108843e+01,2.117881e+01,2.105365e+01,2.128299e+01,2.114406e+01,2.121355e+01,2.100493e+01,2.113015e+01,2.120660e+01,2.124133e+01,2.122744e+01,2.113015e+01,2.124828e+01,2.119271e+01,2.124133e+01,2.124828e+01,2.115796e+01,2.127605e+01,2.124828e+01,2.128993e+01,2.132464e+01,2.137320e+01,2.130382e+01,2.135239e+01,2.140094e+01,2.128993e+01,2.132464e+01,2.147025e+01,2.142174e+01,2.144946e+01,2.147025e+01,2.145639e+01,2.143560e+01,2.140787e+01,2.136626e+01,2.135239e+01,2.126217e+01,2.151875e+01,2.151182e+01,2.149104e+01,2.150489e+01
2.210575e+01,2.177468e+01,2.195414e+01,2.193345e+01,2.178850e+01,2.189206e+01,2.194725e+01,2.191965e+01,2.205065e+01,2.194035e+01,2.207820e+01,2.194035e+01,2.197483e+01,2.198172e+01,2.187825e+01,2.211263e+01,2.189896e+01,2.214017e+01,2.196104e+01,2.211952e+01,2.196793e+01,2.214017e+01,2.215394e+01,2.196793e+01,2.219523e+01,2.218835e+01,2.220899e+01,2.220211e+01,2.232587e+01,2.214017e+01,2.229151e+01,2.233961e+01,2.258665e+01,2.292194e+01,2.294243e+01,2.288777e+01,2.281941e+01,2.301753e+01,2.297657e+01,2.307212e+01,2.303118e+01,2.292877e+01,2.292877e+01,2.296975e+01,2.283309e+01,2.288777e+01,2.290144e+01,2.290827e+01,2.294926e+01,2.296975e+01,2.288777e+01,2.312668e+01,2.313350e+01,2.294926e+01,2.300388e+01,2.312668e+01,2.322890e+01,2.326976e+01,2.310622e+01,2.327656e+01,2.327656e+01,2.323571e+01,2.326295e+01,2.309258e+01,2.324252e+01,2.327656e+01,2.311986e+01,2.325614e+01,2.323571e+01,2.339224e+01,2.314031e+01,2.316758e+01,2.331060e+01,2.318802e+01,2.336503e+01,2.316758e+01,2.333782e+01,2.348060e+01,2.335823e+01,2.327656e+01,2.326295e+01,2.335143e+01,2.322890e+01,2.344662e+01,2.335143e+01,2.334462e+01,2.347381e+01,2.335143e+01,2.348060e+01,2.341264e+01,2.350099e+01,2.340584e+01,2.351457e+01,2.333101e+01,2.344662e+01,2.336503e+01,2.335823e+01,2.346701e+01,2.333101e+01,2.333782e+01,2.331740e+01,2.348740e+01,2.345342e+01,2.343983e+01,2.320165e+01,2.337864e+01,2.322209e+01,2.343303e+01,2.323571e+01,2.302436e+01,2.331060e+01,2.286727e+01,2.297657e+01,2.270994e+01,2.269625e+01,2.238769e+01,2.239456e+01,2.220899e+01,2.209886e+01,2.201619e+01,2.184374e+01,2.195414e+01,2.190586e+01,2.193345e+01,2.191276e+01,2.189896e+01,2.200930e+01,2.189896e+01,2.190586e+01,2.189896e+01,2.205754e+01,2.196793e+01,2.194725e+01,2.198862e+01,2.213329e+01,2.218835e+01,2.236022e+01,2.240829e+01,2.222962e+01,2.216771e+01,2.244261e+01,2.324252e+01,2.305848e+01,2.355532e+01,2.351457e+01,2.279889e+01,2.277153e+01,2.260720e+01,2.333101e+01,2.327656e+01,2.320846e+01,2.321527e+01,2.359605e+01,2.354174e+01,2.339904e+01,2.295609e+01,2.282625e+01,2.295609e+01,2.294926e+01,2.259350e+01,2.251808e+01,2.284676e+01,2.270994e+01,2.320846e+01,2.324933e+01,2.309258e+01,2.290827e+01,2.292877e+01,2.269625e+01,2.288777e+01,2.296975e+01,2.294926e+01,2.295609e+01,2.277153e+01,2.270309e+01,2.278522e+01,2.255923e+01,2.255237e+01,2.247692e+01,2.288094e+01,2.276469e+01,2.236022e+01,2.253180e+01,2.248379e+01,2.244948e+01,2.233274e+01,2.277837e+01,2.307894e+01,2.308576e+01,2.311986e+01,2.360962e+01,2.298340e+01,2.231212e+01,2.206442e+01,2.240142e+01,2.261406e+01,2.320846e+01,2.354174e+01,2.329018e+01,2.273732e+01,2.257294e+01,2.257979e+01,2.302436e+01,2.286727e+01,2.248379e+01,2.251122e+01,2.248379e+01,2.217459e+01,2.212641e+01,2.209198e+01,2.222962e+01,2.204376e+01,2.191276e+01,2.191965e+01,2.218835e+01,2.264831e+01,2.260720e+01,2.269625e+01,2.294926e+01,2.318802e+01,2.373170e+01,2.415785e+01,2.458898e+01,2.483072e+01,2.460915e+01,2.363676e+01,2.294243e+01,2.238082e+01,2.239456e+01,2.240142e+01,2.263461e+01,2.251122e+01,2.217459e+01,2.200930e+01,2.214017e+01,2.189896e+01,2.205754e+01,2.235335e+01,2.251122e+01,2.252494e+01,2.253180e+01,2.253180e+01,2.214017e+01,2.202997e+01,2.214017e+01,2.204376e+01,2.211263e+01,2.193345e+01,2.190586e+01,2.172631e+01,2.195414e+01,2.163642e+01,2.190586e+01,2.191276e+01,2.194035e+01,2.196793e+01,2.189896e+01,2.174704e+01,2.182993e+01,2.176086e+01,2.186445e+01,2.180231e+01,2.191276e+01,2.194035e+01,2.178159e+01,2.178850e+01,2.176777e+01,2.187135e+01,2.194035e+01,2.180922e+01,2.185755e+01,2.187825e+01,2.189206e+01,2.180922e+01,2.193345e+01,2.178159e+01,2.172631e+01,2.169866e+01,2.184374e+01,2.169175e+01,2.181612e+01,2.167792e+01,2.166409e+01,2.167792e+01,2.165025e+01,2.171248e+01,2.168483e+01,2.171940e+01,2.165025e+01,2.161566e+01,2.174704e+01,2.174704e+01,2.151875e+01,2.151875e+01,2.156029e+01,2.160874e+01,2.154645e+01,2.151875e+01,2.158798e+01,2.160182e+01,2.134545e+01,2.165717e+01,2.170557e+01,2.167792e+01,2.169866e+01,2.150489e+01,2.151182e+01,2.174704e+01,2.162258e+01,2.153260e+01,2.174013e+01,2.163642e+01,2.165717e+01,2.167100e+01,2.170557e+01,2.173322e+01,2.174013e+01,2.176086e+01,2.172631e+01,2.166409e+01,2.165717e+01,2.173322e+01,2.174013e+01,2.165025e+01,2.174704e+01,2.167792e+01,2.174013e+01,2.161566e+01,2.180231e+01,2.165717e+01,2.165717e+01,2.164334e+01,2.166409e+01,2.166409e+01,2.173322e+01,2.176086e+01,2.163642e+01,2.158798e+01,2.169866e+01,2.159490e+01,2.153952e+01,2.149104e+01,2.162258e+01,2.156029e+01,2.154645e+01,2.165717e+01,2.158798e+01,2.160182e+01,2.156029e+01,2.161566e+01,2.159490e+01,2.158106e+01,2.159490e+01,2.167792e+01,2.156721e+01,2.148411e+01,2.167792e+01,2.162258e+01,2.159490e+01,2.148411e+01,2.151182e+01,2.153952e+01,2.152567e+01,2.155337e+01,2.152567e+01,2.156029e+01,2.156721e+01,2.155337e+01,2.158106e+01,2.151875e+01,2.150489e+01,2.153260e+01,2.157414e+01,2.149796e+01,2.182303e+01,2.147718e+01,2.144253e+01,2.170557e+01,2.160874e+01,2.169866e+01,2.170557e+01,2.171940e+01,2.153260e+01,2.158106e+01,2.178850e+01,2.169866e+01,2.169866e+01,2.169175e+01,2.182303e+01,2.171940e+01,2.162950e+01,2.178850e+01,2.163642e+01,2.160874e+01,2.144946e+01,2.180231e+01,2.175395e+01,2.176086e+01,2.182303e+01,2.176777e+01,2.182993e+01,2.182303e+01,2.168483e+01,2.182303e+01,2.180922e+01,2.170557e+01,2.180922e+01,2.180922e+01,2.176777e+01,2.171248e+01,2.156721e+01,2.176086e+01,2.172631e+01,2.174013e+01,2.174013e+01,2.172631e+01,2.174704e+01,2.171940e+01,2.176777e+01,2.171248e+01,2.189896e+01,2.195414e+01,2.166409e+01,2.165717e+01,2.169175e+01,2.184374e+01,2.158798e+01,2.147025e+01,2.157414e+01,2.158798e+01,2.159490e+01,2.163642e+01,2.173322e+01,2.166409e+01,2.165717e+01,2.155337e+01,2.152567e+01,2.160182e+01,2.165025e+01,2.170557e+01,2.153952e+01,2.156721e+01,2.151875e+01,2.153952e+01,2.163642e+01,2.170557e+01,2.169866e+01,2.163642e+01,2.165717e+01,2.160874e+01,2.175395e+01,2.157414e+01,2.156721e+01,2.163642e+01,2.174704e+01,2.167100e+01,2.169866e+01,2.162258e+01,2.175395e+01,2.169866e+01,2.158106e+01,2.157414e+01,2.160874e+01,2.150489e+01,2.176086e+01,2.167792e+01,2.159490e+01,2.158798e+01,2.150489e+01,2.163642e+01,2.149796e+01,2.149104e+01,2.153260e+01,2.161566e+01,2.161566e+01,2.158106e+01,2.154645e+01,2.146332e+01,2.156721e+01,2.136626e+01,2.139400e+01,2.147718e+01,2.156029e+01,2.156721e+01,2.154645e+01,2.151182e+01,2.131076e+01,2.142867e+01,2.141480e+01,2.147025e+01,2.151875e+01,2.126217e+01,2.149104e+01,2.156029e+01,2.142174e+01,2.163642e+01,2.140787e+01,2.155337e+01,2.159490e+01,2.144253e+01,2.147025e+01,2.144253e+01,2.142867e+01,2.144946e+01,2.144946e+01,2.144946e+01,2.126217e+01,2.135239e+01,2.140094e+01,2.149104e+01,2.169866e+01,2.158798e+01,2.158106e+01,2.152567e+01,2.161566e+01,2.171940e+01,2.158106e+01,2.156029e+01,2.158798e+01,2.159490e+01,2.169866e+01,2.164334e+01,2.179540e+01,2.154645e+01,2.169175e+01,2.176777e+01,2.162950e+01,2.169866e+01,2.175395e+01,2.175395e+01,2.163642e+01,2.162258e+01,2.155337e+01,2.164334e+01,2.160182e+01,2.166409e+01,2.161566e+01,2.160874e+01,2.163642e+01,2.160874e+01,2.155337e+01,2.161566e+01,2.164334e+01,2.167100e+01,2.171248e+01,2.182993e+01,2.159490e+01,2.171940e+01,2.155337e+01,2.162950e+01,2.162950e+01,2.164334e+01,2.162950e+01,2.169866e+01,2.168483e+01,2.170557e+01,2.163642e+01,2.169866e+01,2.180922e+01,2.174704e+01,2.172631e+01,2.165025e+01,2.170557e+01,2.176086e+01,2.174013e+01,2.167100e+01,2.180922e+01,2.167792e+01,2.166409e+01,2.162950e+01,2.167100e+01,2.177468e+01,2.163642e+01,2.161566e+01,2.178159e+01,2.182993e+01,2.179540e+01,2.182993e+01,2.164334e+01,2.167792e+01,2.169175e+01,2.165025e+01,2.160182e+01,2.153952e+01,2.144253e+01,2.147718e+01,2.138013e+01,2.146332e+01,2.144946e+01,2.134545e+01,2.122744e+01,2.115796e+01,2.110929e+01,2.110234e+01,2.112320e+01,2.112320e+01,2.111625e+01,2.113015e+01,2.113711e+01,2.119271e+01,2.116491e+01,2.110929e+01,2.103973e+01,2.122744e+01,2.113711e+01,2.106756e+01,2.120660e+01,2.113711e+01,2.126911e+01,2.124828e+01,2.126911e+01,2.127605e+01,2.127605e+01,2.122050e+01,2.115796e+01,2.117186e+01,2.117186e+01,2.124828e+01,2.133851e+01,2.134545e+01,2.140094e+01,2.133851e+01,2.131076e+01,2.130382e+01,2.142867e+01,2.147025e+01,2.149104e+01,2.142174e+01,2.124133e+01,2.138707e+01,2.147025e+01,2.162950e+01,2.149796e+01,2.137320e+01,2.140094e+01,2.156721e+01,2.148411e+01,2.148411e+01,2.145639e+01,2.126217e+01
2.220211e+01,2.194035e+01,2.194035e+01,2.194725e+01,2.211952e+01,2.200241e+01,2.209198e+01,2.196104e+01,2.193345e+01,2.194725e+01,2.202997e+01,2.206442e+01,2.211952e+01,2.216082e+01,2.189206e+01,2.214706e+01,2.193345e+01,2.211263e+01,2.211952e+01,2.218835e+01,2.223650e+01,2.219523e+01,2.226401e+01,2.233961e+01,2.213329e+01,2.233961e+01,2.232587e+01,2.243575e+01,2.238082e+01,2.266886e+01,2.260035e+01,2.285360e+01,2.284676e+01,2.290827e+01,2.323571e+01,2.290144e+01,2.302436e+01,2.301071e+01,2.302436e+01,2.320846e+01,2.300388e+01,2.297657e+01,2.296975e+01,2.305165e+01,2.288777e+01,2.283993e+01,2.311986e+01,2.305165e+01,2.307212e+01,2.308576e+01,2.322890e+01,2.314713e+01,2.318802e+01,2.318121e+01,2.326976e+01,2.318121e+01,2.323571e+01,2.312668e+01,2.323571e+01,2.327656e+01,2.331740e+01,2.329018e+01,2.329018e+01,2.333101e+01,2.329699e+01,2.332421e+01,2.309258e+01,2.319484e+01,2.335823e+01,2.317439e+01,2.314031e+01,2.316076e+01,2.331740e+01,2.341264e+01,2.333101e+01,2.331060e+01,2.334462e+01,2.324933e+01,2.335823e+01,2.333782e+01,2.339224e+01,2.340584e+01,2.359605e+01,2.333101e+01,2.337864e+01,2.354174e+01,2.347381e+01,2.342623e+01,2.350099e+01,2.346022e+01,2.331740e+01,2.339224e+01,2.360283e+01,2.344662e+01,2.345342e+01,2.349419e+01,2.338544e+01,2.350099e+01,2.335823e+01,2.344662e+01,2.341944e+01,2.348060e+01,2.350778e+01,2.343983e+01,2.320165e+01,2.343303e+01,2.345342e+01,2.316758e+01,2.331740e+01,2.334462e+01,2.312668e+01,2.325614e+01,2.304483e+01,2.299023e+01,2.299023e+01,2.297657e+01,2.294926e+01,2.242888e+01,2.228463e+01,2.191276e+01,2.209886e+01,2.211952e+01,2.202308e+01,2.205065e+01,2.186445e+01,2.205754e+01,2.192655e+01,2.189896e+01,2.206442e+01,2.189206e+01,2.187825e+01,2.203687e+01,2.189206e+01,2.205065e+01,2.209886e+01,2.221587e+01,2.236022e+01,2.238769e+01,2.242888e+01,2.246320e+01,2.378591e+01,2.415110e+01,2.354853e+01,2.384010e+01,2.386718e+01,2.302436e+01,2.286727e+01,2.296292e+01,2.324252e+01,2.333782e+01,2.298340e+01,2.323571e+01,2.331060e+01,2.357569e+01,2.312668e+01,2.280573e+01,2.281257e+01,2.294243e+01,2.297657e+01,2.257294e+01,2.243575e+01,2.248379e+01,2.244261e+01,2.249751e+01,2.331740e+01,2.358926e+01,2.354853e+01,2.331740e+01,2.308576e+01,2.319484e+01,2.301753e+01,2.279206e+01,2.252494e+01,2.243575e+01,2.262091e+01,2.248379e+01,2.235335e+01,2.246320e+01,2.250437e+01,2.240829e+01,2.246320e+01,2.245634e+01,2.245634e+01,2.249065e+01,2.270994e+01,2.273047e+01,2.326976e+01,2.314713e+01,2.328337e+01,2.388071e+01,2.325614e+01,2.229838e+01,2.228463e+01,2.231900e+01,2.233274e+01,2.252494e+01,2.240829e+01,2.254551e+01,2.234648e+01,2.253866e+01,2.264831e+01,2.308576e+01,2.283309e+01,2.253866e+01,2.227776e+01,2.224338e+01,2.205754e+01,2.195414e+01,2.212641e+01,2.256608e+01,2.231900e+01,2.247006e+01,2.235335e+01,2.294243e+01,2.309258e+01,2.281941e+01,2.289461e+01,2.305165e+01,2.293560e+01,2.309940e+01,2.309940e+01,2.342623e+01,2.371814e+01,2.397543e+01,2.370458e+01,2.324252e+01,2.247692e+01,2.264831e+01,2.273732e+01,2.307212e+01,2.267571e+01,2.228463e+01,2.215394e+01,2.205065e+01,2.209886e+01,2.211952e+01,2.235335e+01,2.212641e+01,2.256608e+01,2.268940e+01,2.281941e+01,2.281941e+01,2.264831e+01,2.242888e+01,2.244261e+01,2.214706e+01,2.186445e+01,2.191276e+01,2.216082e+01,2.190586e+01,2.188516e+01,2.193345e+01,2.198862e+01,2.195414e+01,2.195414e+01,2.187825e+01,2.190586e+01,2.184374e+01,2.181612e+01,2.178850e+01,2.183684e+01,2.180231e+01,2.193345e+01,2.196104e+01,2.194035e+01,2.185065e+01,2.183684e+01,2.189206e+01,2.191965e+01,2.186445e+01,2.185065e+01,2.180231e+01,2.169866e+01,2.189206e+01,2.174704e+01,2.183684e+01,2.183684e+01,2.186445e+01,2.178159e+01,2.167100e+01,2.175395e+01,2.178850e+01,2.181612e+01,2.158798e+01,2.165717e+01,2.167792e+01,2.156721e+01,2.154645e+01,2.163642e+01,2.160874e+01,2.164334e+01,2.174013e+01,2.156721e+01,2.161566e+01,2.152567e+01,2.155337e+01,2.154645e+01,2.158106e+01,2.158798e+01,2.154645e+01,2.156029e+01,2.156029e+01,2.159490e+01,2.151182e+01,2.149104e+01,2.169175e+01,2.172631e+01,2.169175e+01,2.168483e+01,2.151182e+01,2.164334e+01,2.148411e+01,2.156721e+01,2.202308e+01,2.167792e+01,2.156721e+01,2.169866e+01,2.173322e+01,2.169866e+01,2.170557e+01,2.182303e+01,2.180231e+01,2.167100e+01,2.162950e+01,2.173322e+01,2.170557e+01,2.179540e+01,2.178159e+01,2.165025e+01,2.161566e+01,2.165717e+01,2.167100e+01,2.169175e+01,2.161566e+01,2.167792e+01,2.171248e+01,2.156721e+01,2.158798e+01,2.155337e+01,2.181612e+01,2.175395e+01,2.157414e+01,2.168483e+01,2.163642e+01,2.160874e+01,2.174013e+01,2.160182e+01,2.160182e+01,2.160182e+01,2.162258e+01,2.157414e+01,2.146332e+01,2.159490e+01,2.151182e+01,2.159490e+01,2.153260e+01,2.161566e+01,2.159490e+01,2.157414e+01,2.147718e+01,2.156721e+01,2.151182e+01,2.160874e+01,2.157414e+01,2.156721e+01,2.150489e+01,2.146332e+01,2.149796e+01,2.162258e+01,2.153952e+01,2.155337e+01,2.157414e+01,2.158798e+01,2.160182e+01,2.163642e+01,2.147718e+01,2.162950e+01,2.170557e+01,2.158106e+01,2.173322e+01,2.166409e+01,2.157414e+01,2.156721e+01,2.166409e+01,2.167792e+01,2.165025e+01,2.171940e+01,2.171940e+01,2.161566e+01,2.174013e+01,2.169866e+01,2.180922e+01,2.170557e+01,2.177468e+01,2.178850e+01,2.176086e+01,2.176777e+01,2.178850e+01,2.173322e+01,2.179540e+01,2.171940e+01,2.177468e+01,2.182303e+01,2.183684e+01,2.180922e+01,2.187135e+01,2.182303e+01,2.176777e+01,2.179540e+01,2.191276e+01,2.185755e+01,2.171248e+01,2.169175e+01,2.178159e+01,2.176086e+01,2.172631e+01,2.178850e+01,2.178159e+01,2.178850e+01,2.169866e+01,2.192655e+01,2.188516e+01,2.180922e+01,2.182993e+01,2.156029e+01,2.169175e+01,2.176777e+01,2.152567e+01,2.174013e+01,2.162950e+01,2.156721e+01,2.152567e+01,2.168483e+01,2.165717e+01,2.144946e+01,2.151182e+01,2.167100e+01,2.144946e+01,2.155337e+01,2.156721e+01,2.156029e+01,2.169175e+01,2.156029e+01,2.160182e+01,2.171940e+01,2.160182e+01,2.170557e+01,2.152567e+01,2.160874e+01,2.162258e+01,2.160874e+01,2.155337e+01,2.153260e+01,2.161566e+01,2.156029e+01,2.147718e+01,2.167792e+01,2.177468e+01,2.150489e+01,2.171940e+01,2.147718e+01,2.156029e+01,2.156029e+01,2.152567e+01,2.161566e+01,2.167792e+01,2.167792e+01,2.154645e+01,2.158106e+01,2.158798e+01,2.163642e+01,2.162950e+01,2.144946e+01,2.143560e+01,2.160874e+01,2.152567e+01,2.156029e+01,2.160874e+01,2.158106e+01,2.142174e+01,2.146332e+01,2.140094e+01,2.144253e+01,2.143560e+01,2.142867e+01,2.139400e+01,2.156721e+01,2.142174e+01,2.143560e+01,2.147718e+01,2.145639e+01,2.161566e+01,2.149104e+01,2.158798e+01,2.165025e+01,2.145639e+01,2.145639e+01,2.147025e+01,2.150489e+01,2.138707e+01,2.146332e+01,2.147718e+01,2.147718e+01,2.145639e+01,2.147718e+01,2.148411e+01,2.145639e+01,2.138013e+01,2.143560e+01,2.151875e+01,2.144253e+01,2.147718e+01,2.142174e+01,2.141480e+01,2.166409e+01,2.163642e+01,2.165025e+01,2.160182e+01,2.170557e+01,2.158106e+01,2.167792e+01,2.175395e+01,2.168483e+01,2.178159e+01,2.169866e+01,2.166409e+01,2.160874e+01,2.167792e+01,2.184374e+01,2.160874e+01,2.173322e+01,2.168483e+01,2.166409e+01,2.178159e+01,2.180922e+01,2.178850e+01,2.160182e+01,2.165717e+01,2.170557e+01,2.166409e+01,2.149796e+01,2.172631e+01,2.171248e+01,2.154645e+01,2.164334e+01,2.172631e+01,2.169866e+01,2.171940e+01,2.171940e+01,2.161566e+01,2.180231e+01,2.167100e+01,2.169866e+01,2.169866e+01,2.171248e+01,2.171248e+01,2.172631e+01,2.174704e+01,2.164334e+01,2.180231e+01,2.167100e+01,2.175395e+01,2.171248e+01,2.168483e+01,2.167792e+01,2.171940e+01,2.165025e+01,2.165025e+01,2.171940e+01,2.167100e+01,2.173322e+01,2.177468e+01,2.176777e+01,2.177468e+01,2.158798e+01,2.172631e+01,2.158106e+01,2.178850e+01,2.158798e+01,2.170557e+01,2.162258e+01,2.164334e+01,2.165025e+01,2.156029e+01,2.176777e+01,2.169175e+01,2.136626e+01,2.142174e+01,2.135933e+01,2.133851e+01,2.128299e+01,2.124828e+01,2.116491e+01,2.110929e+01,2.104669e+01,2.107452e+01,2.110234e+01,2.116491e+01,2.111625e+01,2.122050e+01,2.107452e+01,2.136626e+01,2.122744e+01,2.116491e+01,2.113711e+01,2.117186e+01,2.115101e+01,2.127605e+01,2.117881e+01,2.122744e+01,2.119966e+01,2.126217e+01,2.122050e+01,2.121355e+01,2.117186e+01,2.126911e+01,2.145639e+01,2.141480e+01,2.117186e+01,2.153260e+01,2.138707e+01,2.144946e+01,2.131770e+01,2.147718e+01,2.127605e+01,2.134545e+01,2.137320e+01,2.135239e+01,2.140787e+01,2.139400e+01,2.138013e+01,2.160874e+01,2.155337e+01,2.156721e+01,2.161566e+01,2.145639e+01,2.149104e+01,2.151182e+01,2.158798e+01,2.135933e+01
2.194725e+01,2.198172e+01,2.195414e+01,2.216082e+01,2.200241e+01,2.211263e+01,2.194725e+01,2.195414e+01,2.211952e+01,2.201619e+01,2.210575e+01,2.207131e+01,2.191276e+01,2.202308e+01,2.201619e+01,2.213329e+01,2.211263e+01,2.217459e+01,2.218147e+01,2.227088e+01,2.220899e+01,2.221587e+01,2.255237e+01,2.254551e+01,2.254551e+01,2.277837e+01,2.253180e+01,2.270994e+01,2.277837e+01,2.281257e+01,2.299023e+01,2.297657e+01,2.292194e+01,2.284676e+01,2.305165e+01,2.303118e+01,2.305165e+01,2.317439e+01,2.313350e+01,2.335823e+01,2.300388e+01,2.299706e+01,2.324933e+01,2.299023e+01,2.307894e+01,2.311986e+01,2.309258e+01,2.320165e+01,2.315395e+01,2.322209e+01,2.312668e+01,2.323571e+01,2.298340e+01,2.328337e+01,2.323571e+01,2.334462e+01,2.324933e+01,2.327656e+01,2.324933e+01,2.329018e+01,2.327656e+01,2.328337e+01,2.333782e+01,2.335823e+01,2.334462e+01,2.348060e+01,2.319484e+01,2.347381e+01,2.333101e+01,2.331740e+01,2.338544e+01,2.348060e+01,2.331060e+01,2.335823e+01,2.327656e+01,2.336503e+01,2.334462e+01,2.332421e+01,2.349419e+01,2.339904e+01,2.340584e+01,2.339224e+01,2.341264e+01,2.351457e+01,2.333101e+01,2.338544e+01,2.356890e+01,2.340584e+01,2.350099e+01,2.343983e+01,2.338544e+01,2.341944e+01,2.335143e+01,2.332421e+01,2.339904e+01,2.347381e+01,2.339904e+01,2.340584e+01,2.336503e+01,2.343303e+01,2.343983e+01,2.342623e+01,2.342623e+01,2.344662e+01,2.340584e+01,2.348740e+01,2.337864e+01,2.336503e+01,2.323571e+01,2.335143e+01,2.326976e+01,2.307212e+01,2.305848e+01,2.296292e+01,2.303118e+01,2.307212e+01,2.310622e+01,2.261406e+01,2.210575e+01,2.201619e+01,2.205065e+01,2.197483e+01,2.208509e+01,2.205065e+01,2.202308e+01,2.186445e+01,2.198172e+01,2.192655e+01,2.188516e+01,2.189206e+01,2.186445e+01,2.193345e+01,2.202997e+01,2.205065e+01,2.238082e+01,2.229838e+01,2.233274e+01,2.246320e+01,2.275785e+01,2.378591e+01,2.458898e+01,2.377914e+01,2.346701e+01,2.402951e+01,2.346701e+01,2.324252e+01,2.294243e+01,2.327656e+01,2.326295e+01,2.294243e+01,2.299023e+01,2.328337e+01,2.360283e+01,2.329699e+01,2.311304e+01,2.309258e+01,2.348740e+01,2.375881e+01,2.371136e+01,2.274416e+01,2.240829e+01,2.259350e+01,2.246320e+01,2.320846e+01,2.435343e+01,2.404979e+01,2.382655e+01,2.350778e+01,2.323571e+01,2.279889e+01,2.251122e+01,2.247006e+01,2.231212e+01,2.231212e+01,2.232587e+01,2.207131e+01,2.230525e+01,2.262776e+01,2.275785e+01,2.265516e+01,2.301071e+01,2.303118e+01,2.295609e+01,2.298340e+01,2.290827e+01,2.273732e+01,2.301071e+01,2.387395e+01,2.409708e+01,2.316758e+01,2.253866e+01,2.251808e+01,2.251122e+01,2.249065e+01,2.231212e+01,2.236022e+01,2.262776e+01,2.261406e+01,2.249065e+01,2.286727e+01,2.310622e+01,2.310622e+01,2.244948e+01,2.247006e+01,2.225026e+01,2.219523e+01,2.214706e+01,2.238082e+01,2.231212e+01,2.264146e+01,2.264831e+01,2.266201e+01,2.329699e+01,2.366390e+01,2.331740e+01,2.331060e+01,2.293560e+01,2.284676e+01,2.275785e+01,2.259350e+01,2.252494e+01,2.256608e+01,2.257294e+01,2.256608e+01,2.252494e+01,2.255923e+01,2.262091e+01,2.255923e+01,2.279889e+01,2.254551e+01,2.244948e+01,2.196793e+01,2.207131e+01,2.212641e+01,2.215394e+01,2.228463e+01,2.201619e+01,2.232587e+01,2.251808e+01,2.278522e+01,2.272363e+01,2.251808e+01,2.261406e+01,2.256608e+01,2.238769e+01,2.240142e+01,2.209886e+01,2.187135e+01,2.189896e+01,2.200930e+01,2.192655e+01,2.205754e+01,2.191276e+01,2.182993e+01,2.192655e+01,2.178159e+01,2.202308e+01,2.186445e+01,2.174704e+01,2.178159e+01,2.174704e+01,2.177468e+01,2.194725e+01,2.176777e+01,2.186445e+01,2.185755e+01,2.185755e+01,2.176086e+01,2.184374e+01,2.182303e+01,2.188516e+01,2.186445e+01,2.175395e+01,2.171248e+01,2.174013e+01,2.189896e+01,2.173322e+01,2.174704e+01,2.178850e+01,2.173322e+01,2.176086e+01,2.160874e+01,2.174013e+01,2.165025e+01,2.157414e+01,2.167100e+01,2.168483e+01,2.165025e+01,2.160874e+01,2.162950e+01,2.150489e+01,2.146332e+01,2.149104e+01,2.151875e+01,2.153952e+01,2.151875e+01,2.149796e+01,2.143560e+01,2.152567e+01,2.160182e+01,2.156029e+01,2.162950e+01,2.147718e+01,2.165025e+01,2.160874e+01,2.163642e+01,2.178850e+01,2.162258e+01,2.151182e+01,2.162950e+01,2.151875e+01,2.162950e+01,2.165025e+01,2.160874e+01,2.168483e+01,2.165025e+01,2.169866e+01,2.168483e+01,2.168483e+01,2.160874e+01,2.171248e+01,2.180922e+01,2.172631e+01,2.167100e+01,2.163642e+01,2.150489e+01,2.158106e+01,2.174013e+01,2.179540e+01,2.170557e+01,2.160874e+01,2.166409e+01,2.156721e+01,2.171940e+01,2.165717e+01,2.169866e+01,2.154645e+01,2.155337e+01,2.167100e+01,2.165025e+01,2.144253e+01,2.162258e+01,2.167100e+01,2.161566e+01,2.163642e+01,2.160182e+01,2.162258e+01,2.165025e+01,2.158106e+01,2.166409e+01,2.160182e+01,2.154645e+01,2.146332e+01,2.147718e+01,2.145639e+01,2.160874e+01,2.149104e+01,2.163642e+01,2.151182e+01,2.146332e+01,2.158798e+01,2.138707e+01,2.152567e+01,2.140094e+01,2.156029e+01,2.158106e+01,2.151875e+01,2.150489e+01,2.150489e+01,2.155337e+01,2.156029e+01,2.152567e+01,2.149796e+01,2.155337e+01,2.167792e+01,2.158106e+01,2.147718e+01,2.154645e+01,2.169866e+01,2.184374e+01,2.163642e+01,2.166409e+01,2.160874e+01,2.160874e+01,2.160182e+01,2.161566e+01,2.165025e+01,2.167100e+01,2.185755e+01,2.179540e+01,2.176777e+01,2.171940e+01,2.170557e+01,2.168483e+01,2.164334e+01,2.183684e+01,2.182303e+01,2.172631e+01,2.176777e+01,2.180231e+01,2.178850e+01,2.184374e+01,2.184374e+01,2.173322e+01,2.162950e+01,2.184374e+01,2.187825e+01,2.175395e+01,2.176777e+01,2.170557e+01,2.182303e+01,2.182993e+01,2.174013e+01,2.172631e+01,2.170557e+01,2.180231e+01,2.175395e+01,2.177468e+01,2.176086e+01,2.180231e+01,2.178850e+01,2.187135e+01,2.171940e+01,2.179540e+01,2.170557e+01,2.157414e+01,2.157414e+01,2.174704e+01,2.165717e+01,2.158798e+01,2.165025e+01,2.170557e+01,2.162950e+01,2.161566e+01,2.133158e+01,2.162258e+01,2.165025e+01,2.151875e+01,2.167792e+01,2.155337e+01,2.152567e+01,2.158798e+01,2.155337e+01,2.154645e+01,2.163642e+01,2.159490e+01,2.168483e+01,2.156721e+01,2.158106e+01,2.158798e+01,2.157414e+01,2.177468e+01,2.169175e+01,2.154645e+01,2.169175e+01,2.151875e+01,2.169175e+01,2.170557e+01,2.155337e+01,2.160874e+01,2.145639e+01,2.151875e+01,2.154645e+01,2.150489e+01,2.164334e+01,2.149796e+01,2.169175e+01,2.153952e+01,2.165717e+01,2.152567e+01,2.152567e+01,2.149796e+01,2.156029e+01,2.151875e+01,2.153260e+01,2.158798e+01,2.157414e+01,2.140094e+01,2.162258e+01,2.143560e+01,2.142174e+01,2.142174e+01,2.149796e+01,2.153952e+01,2.140094e+01,2.147718e+01,2.153952e+01,2.140094e+01,2.149796e+01,2.139400e+01,2.142867e+01,2.152567e+01,2.142174e+01,2.154645e+01,2.145639e+01,2.143560e+01,2.144253e+01,2.144946e+01,2.146332e+01,2.154645e+01,2.124133e+01,2.158798e+01,2.142174e+01,2.149796e+01,2.148411e+01,2.149104e+01,2.156029e+01,2.147718e+01,2.143560e+01,2.153952e+01,2.149104e+01,2.142174e+01,2.140094e+01,2.155337e+01,2.140787e+01,2.147718e+01,2.171248e+01,2.176086e+01,2.160182e+01,2.164334e+01,2.168483e+01,2.163642e+01,2.166409e+01,2.163642e+01,2.162950e+01,2.175395e+01,2.174704e+01,2.164334e+01,2.165717e+01,2.166409e+01,2.167792e+01,2.166409e+01,2.173322e+01,2.167792e+01,2.159490e+01,2.165025e+01,2.169866e+01,2.160182e+01,2.162950e+01,2.176777e+01,2.162950e+01,2.160182e+01,2.170557e+01,2.173322e+01,2.163642e+01,2.174704e+01,2.151875e+01,2.180922e+01,2.176086e+01,2.175395e+01,2.187825e+01,2.178159e+01,2.185065e+01,2.160874e+01,2.172631e+01,2.169175e+01,2.171248e+01,2.184374e+01,2.176086e+01,2.180922e+01,2.173322e+01,2.174704e+01,2.177468e+01,2.177468e+01,2.182303e+01,2.176777e+01,2.172631e+01,2.173322e+01,2.166409e+01,2.164334e+01,2.165025e+01,2.179540e+01,2.167100e+01,2.169175e+01,2.154645e+01,2.177468e+01,2.161566e+01,2.167792e+01,2.174013e+01,2.168483e+01,2.166409e+01,2.179540e+01,2.159490e+01,2.146332e+01,2.149796e+01,2.149104e+01,2.134545e+01,2.131770e+01,2.125522e+01,2.135933e+01,2.147718e+01,2.120660e+01,2.136626e+01,2.109539e+01,2.121355e+01,2.117186e+01,2.115101e+01,2.117881e+01,2.113711e+01,2.108148e+01,2.135933e+01,2.107452e+01,2.114406e+01,2.115796e+01,2.129688e+01,2.108843e+01,2.119271e+01,2.117881e+01,2.131076e+01,2.117881e+01,2.119966e+01,2.117881e+01,2.120660e+01,2.117186e+01,2.119271e+01,2.121355e+01,2.126217e+01,2.138707e+01,2.136626e+01,2.137320e+01,2.131770e+01,2.153260e+01,2.150489e+01,2.122744e+01,2.126217e+01,2.147025e+01,2.128993e+01,2.147718e+01,2.140094e+01,2.138013e+01,2.134545e+01,2.139400e+01,2.147025e+01,2.149104e+01,2.141480e+01,2.140094e+01,2.142174e+01,2.146332e+01,2.163642e+01,2.140787e+01
2.220899e+01,2.197483e+01,2.193345e+01,2.204376e+01,2.195414e+01,2.216082e+01,2.209886e+01,2.211952e+01,2.212641e+01,2.211952e+01,2.212641e+01,2.209198e+01,2.214017e+01,2.244261e+01,2.216082e+01,2.218147e+01,2.218835e+01,2.218835e+01,2.244261e+01,2.255237e+01,2.249751e+01,2.275101e+01,2.253180e+01,2.286043e+01,2.285360e+01,2.290827e+01,2.293560e+01,2.301071e+01,2.321527e+01,2.312668e+01,2.301753e+01,2.307212e+01,2.310622e+01,2.310622e+01,2.318121e+01,2.303801e+01,2.320165e+01,2.327656e+01,2.305165e+01,2.333101e+01,2.301753e+01,2.331060e+01,2.324252e+01,2.319484e+01,2.327656e+01,2.308576e+01,2.318802e+01,2.324252e+01,2.311986e+01,2.323571e+01,2.323571e+01,2.326976e+01,2.324933e+01,2.329018e+01,2.326295e+01,2.316076e+01,2.328337e+01,2.330379e+01,2.326976e+01,2.322209e+01,2.322890e+01,2.328337e+01,2.331740e+01,2.331740e+01,2.326976e+01,2.335143e+01,2.339904e+01,2.335823e+01,2.340584e+01,2.336503e+01,2.329699e+01,2.333101e+01,2.331740e+01,2.336503e+01,2.330379e+01,2.347381e+01,2.340584e+01,2.349419e+01,2.340584e+01,2.350778e+01,2.346701e+01,2.331060e+01,2.341264e+01,2.337864e+01,2.344662e+01,2.335143e+01,2.335823e+01,2.342623e+01,2.343303e+01,2.350778e+01,2.343983e+01,2.347381e+01,2.341264e+01,2.346701e+01,2.332421e+01,2.335143e+01,2.338544e+01,2.343983e+01,2.341944e+01,2.342623e+01,2.344662e+01,2.342623e+01,2.343983e+01,2.351457e+01,2.365711e+01,2.351457e+01,2.340584e+01,2.341264e+01,2.339224e+01,2.343303e+01,2.321527e+01,2.314031e+01,2.308576e+01,2.320846e+01,2.307894e+01,2.306530e+01,2.335143e+01,2.294926e+01,2.242888e+01,2.197483e+01,2.190586e+01,2.195414e+01,2.196793e+01,2.202997e+01,2.185755e+01,2.200930e+01,2.198862e+01,2.194725e+01,2.191276e+01,2.187825e+01,2.183684e+01,2.187825e+01,2.201619e+01,2.200930e+01,2.204376e+01,2.225713e+01,2.228463e+01,2.275785e+01,2.314031e+01,2.390102e+01,2.341264e+01,2.314713e+01,2.333782e+01,2.345342e+01,2.351457e+01,2.358247e+01,2.346022e+01,2.332421e+01,2.295609e+01,2.272363e+01,2.296292e+01,2.324933e+01,2.359605e+01,2.372492e+01,2.335143e+01,2.371136e+01,2.421184e+01,2.393485e+01,2.343303e+01,2.303118e+01,2.289461e+01,2.273732e+01,2.307894e+01,2.403627e+01,2.521900e+01,2.523905e+01,2.469649e+01,2.381301e+01,2.292877e+01,2.264146e+01,2.248379e+01,2.247006e+01,2.231900e+01,2.231212e+01,2.228463e+01,2.228463e+01,2.238769e+01,2.270994e+01,2.305165e+01,2.306530e+01,2.317439e+01,2.299023e+01,2.303118e+01,2.286043e+01,2.275101e+01,2.297657e+01,2.324933e+01,2.322890e+01,2.259350e+01,2.255923e+01,2.256608e+01,2.274416e+01,2.238769e+01,2.249751e+01,2.272363e+01,2.305165e+01,2.320165e+01,2.251808e+01,2.285360e+01,2.312668e+01,2.290144e+01,2.252494e+01,2.224338e+01,2.281941e+01,2.277837e+01,2.315395e+01,2.349419e+01,2.299706e+01,2.269625e+01,2.266201e+01,2.295609e+01,2.328337e+01,2.390102e+01,2.417810e+01,2.365711e+01,2.286043e+01,2.281941e+01,2.276469e+01,2.285360e+01,2.289461e+01,2.323571e+01,2.337864e+01,2.302436e+01,2.280573e+01,2.256608e+01,2.238769e+01,2.205754e+01,2.210575e+01,2.207131e+01,2.216082e+01,2.202997e+01,2.205065e+01,2.216771e+01,2.211263e+01,2.233961e+01,2.236709e+01,2.214017e+01,2.227088e+01,2.244261e+01,2.270994e+01,2.283993e+01,2.266201e+01,2.251122e+01,2.244948e+01,2.222275e+01,2.215394e+01,2.217459e+01,2.218147e+01,2.198862e+01,2.195414e+01,2.187135e+01,2.196793e+01,2.188516e+01,2.189896e+01,2.194725e+01,2.201619e+01,2.203687e+01,2.203687e+01,2.203687e+01,2.197483e+01,2.180922e+01,2.178159e+01,2.195414e+01,2.187825e+01,2.189206e+01,2.189206e+01,2.196104e+01,2.188516e+01,2.191965e+01,2.182993e+01,2.182303e+01,2.185755e+01,2.182993e+01,2.182303e+01,2.191276e+01,2.182993e+01,2.174704e+01,2.180922e+01,2.175395e+01,2.187825e+01,2.171248e+01,2.174013e+01,2.165717e+01,2.165025e+01,2.169866e+01,2.169866e+01,2.147718e+01,2.167100e+01,2.174704e+01,2.164334e+01,2.154645e+01,2.154645e+01,2.151182e+01,2.167100e+01,2.156721e+01,2.160874e+01,2.159490e+01,2.153260e+01,2.151182e+01,2.147718e+01,2.159490e+01,2.163642e+01,2.160874e+01,2.146332e+01,2.158798e+01,2.170557e+01,2.151875e+01,2.170557e+01,2.174704e+01,2.156721e+01,2.180231e+01,2.158798e+01,2.174013e+01,2.170557e+01,2.168483e+01,2.174013e+01,2.174704e+01,2.174013e+01,2.167100e+01,2.165717e+01,2.163642e+01,2.165025e+01,2.169175e+01,2.180231e+01,2.173322e+01,2.172631e+01,2.159490e+01,2.174704e+01,2.171940e+01,2.168483e+01,2.166409e+01,2.160182e+01,2.166409e+01,2.151182e+01,2.160182e+01,2.161566e+01,2.174704e+01,2.160874e+01,2.168483e+01,2.171248e+01,2.159490e+01,2.162258e+01,2.159490e+01,2.182993e+01,2.160182e+01,2.160874e+01,2.158798e+01,2.166409e+01,2.172631e+01,2.159490e+01,2.166409e+01,2.156029e+01,2.154645e+01,2.160182e+01,2.154645e+01,2.163642e+01,2.150489e+01,2.153952e+01,2.150489e+01,2.160182e+01,2.147718e+01,2.156721e+01,2.148411e+01,2.157414e+01,2.156029e+01,2.156029e+01,2.155337e+01,2.162258e+01,2.142867e+01,2.151875e+01,2.151875e+01,2.156721e+01,2.150489e+01,2.158106e+01,2.162258e+01,2.158106e+01,2.144946e+01,2.174704e+01,2.154645e+01,2.173322e+01,2.167792e+01,2.174013e+01,2.171248e+01,2.159490e+01,2.161566e+01,2.167792e+01,2.174704e+01,2.165717e+01,2.185755e+01,2.172631e+01,2.187825e+01,2.172631e+01,2.182303e+01,2.181612e+01,2.167100e+01,2.170557e+01,2.183684e+01,2.165025e+01,2.176086e+01,2.187825e+01,2.185065e+01,2.184374e+01,2.182303e+01,2.187825e+01,2.178159e+01,2.182993e+01,2.193345e+01,2.162950e+01,2.183684e+01,2.182993e+01,2.182303e+01,2.187825e+01,2.178850e+01,2.170557e+01,2.169866e+01,2.168483e+01,2.174704e+01,2.177468e+01,2.177468e+01,2.174704e+01,2.180922e+01,2.177468e+01,2.170557e+01,2.171248e+01,2.177468e+01,2.156029e+01,2.157414e+01,2.160874e+01,2.154645e+01,2.154645e+01,2.153952e+01,2.159490e+01,2.169866e+01,2.155337e+01,2.142867e+01,2.169866e+01,2.164334e+01,2.157414e+01,2.156029e+01,2.158106e+01,2.156721e+01,2.166409e+01,2.154645e+01,2.162950e+01,2.158798e+01,2.156029e+01,2.174013e+01,2.174704e+01,2.153952e+01,2.158106e+01,2.156029e+01,2.158106e+01,2.156029e+01,2.171248e+01,2.167792e+01,2.157414e+01,2.160182e+01,2.165025e+01,2.158106e+01,2.155337e+01,2.166409e+01,2.158106e+01,2.146332e+01,2.153952e+01,2.167792e+01,2.171248e+01,2.160874e+01,2.158106e+01,2.167100e+01,2.157414e+01,2.153260e+01,2.149796e+01,2.150489e+01,2.160182e+01,2.158798e+01,2.165025e+01,2.151875e+01,2.165717e+01,2.171248e+01,2.140094e+01,2.152567e+01,2.150489e+01,2.141480e+01,2.156029e+01,2.153952e+01,2.140094e+01,2.158798e+01,2.151875e+01,2.136626e+01,2.153260e+01,2.156721e+01,2.158106e+01,2.148411e+01,2.140094e+01,2.144946e+01,2.162950e+01,2.151875e+01,2.151182e+01,2.132464e+01,2.153260e+01,2.154645e+01,2.165717e+01,2.151182e+01,2.144253e+01,2.135239e+01,2.138707e+01,2.142174e+01,2.148411e+01,2.147025e+01,2.155337e+01,2.165717e+01,2.140787e+01,2.162950e+01,2.162950e+01,2.158106e+01,2.159490e+01,2.153260e+01,2.160874e+01,2.151182e+01,2.168483e+01,2.171940e+01,2.159490e+01,2.165025e+01,2.169866e+01,2.164334e+01,2.168483e+01,2.171940e+01,2.171940e+01,2.169175e+01,2.164334e+01,2.165717e+01,2.172631e+01,2.168483e+01,2.158798e+01,2.172631e+01,2.170557e+01,2.171940e+01,2.162258e+01,2.171248e+01,2.182993e+01,2.165717e+01,2.187135e+01,2.162950e+01,2.162950e+01,2.173322e+01,2.176086e+01,2.165025e+01,2.178159e+01,2.179540e+01,2.178850e+01,2.171940e+01,2.167792e+01,2.185065e+01,2.161566e+01,2.171248e+01,2.183684e+01,2.164334e+01,2.174704e+01,2.176777e+01,2.174013e+01,2.176086e+01,2.177468e+01,2.178159e+01,2.171940e+01,2.179540e+01,2.171248e+01,2.178850e+01,2.179540e+01,2.176777e+01,2.178159e+01,2.165717e+01,2.177468e+01,2.177468e+01,2.174704e+01,2.174704e+01,2.169175e+01,2.169175e+01,2.167792e+01,2.165025e+01,2.165025e+01,2.163642e+01,2.164334e+01,2.161566e+01,2.156721e+01,2.146332e+01,2.163642e+01,2.157414e+01,2.147718e+01,2.126911e+01,2.136626e+01,2.132464e+01,2.129688e+01,2.119966e+01,2.128993e+01,2.119966e+01,2.121355e+01,2.101885e+01,2.119271e+01,2.131076e+01,2.108843e+01,2.109539e+01,2.116491e+01,2.113015e+01,2.071913e+01,2.113015e+01,2.123439e+01,2.117881e+01,2.117881e+01,2.128993e+01,2.117881e+01,2.124133e+01,2.132464e+01,2.129688e+01,2.120660e+01,2.130382e+01,2.134545e+01,2.130382e+01,2.119966e+01,2.139400e+01,2.141480e+01,2.131076e+01,2.128993e+01,2.119966e+01,2.140094e+01,2.138707e+01,2.148411e+01,2.154645e+01,2.134545e+01,2.145639e+01,2.141480e+01,2.133851e+01,2.136626e+01,2.139400e+01,2.156029e+01,2.139400e+01,2.147025e+01,2.159490e+01,2.140787e+01,2.140094e+01,2.140787e+01
2.221587e+01,2.198172e+01,2.217459e+01,2.213329e+01,2.207820e+01,2.206442e+01,2.207820e+01,2.211263e+01,2.209886e+01,2.209886e+01,2.208509e+01,2.232587e+01,2.236709e+01,2.249751e+01,2.245634e+01,2.252494e+01,2.268255e+01,2.272363e+01,2.284676e+01,2.273047e+01,2.280573e+01,2.257294e+01,2.286043e+01,2.283309e+01,2.297657e+01,2.290144e+01,2.302436e+01,2.297657e+01,2.303118e+01,2.307894e+01,2.320165e+01,2.304483e+01,2.305848e+01,2.311304e+01,2.327656e+01,2.340584e+01,2.324933e+01,2.337183e+01,2.320846e+01,2.322209e+01,2.291510e+01,2.326295e+01,2.322890e+01,2.321527e+01,2.320165e+01,2.325614e+01,2.344662e+01,2.320165e+01,2.331740e+01,2.333782e+01,2.331060e+01,2.331740e+01,2.324933e+01,2.323571e+01,2.336503e+01,2.330379e+01,2.330379e+01,2.330379e+01,2.329018e+01,2.316076e+01,2.321527e+01,2.338544e+01,2.336503e+01,2.346022e+01,2.335823e+01,2.346022e+01,2.329699e+01,2.343303e+01,2.342623e+01,2.329699e+01,2.348060e+01,2.333101e+01,2.332421e+01,2.319484e+01,2.337183e+01,2.357569e+01,2.351457e+01,2.332421e+01,2.335143e+01,2.339904e+01,2.337864e+01,2.343303e+01,2.355532e+01,2.342623e+01,2.354853e+01,2.336503e+01,2.343983e+01,2.339224e+01,2.346022e+01,2.346701e+01,2.343303e+01,2.346701e+01,2.345342e+01,2.333101e+01,2.346022e+01,2.338544e+01,2.350778e+01,2.339904e+01,2.348740e+01,2.347381e+01,2.343983e+01,2.356890e+01,2.342623e+01,2.347381e+01,2.338544e+01,2.346701e+01,2.350778e+01,2.341944e+01,2.347381e+01,2.331060e+01,2.342623e+01,2.331060e+01,2.322209e+01,2.313350e+01,2.314713e+01,2.311986e+01,2.325614e+01,2.313350e+01,2.267571e+01,2.227776e+01,2.200241e+01,2.198172e+01,2.198862e+01,2.194725e+01,2.200930e+01,2.200241e+01,2.200241e+01,2.208509e+01,2.185755e+01,2.200930e+01,2.184374e+01,2.203687e+01,2.205754e+01,2.205065e+01,2.211263e+01,2.226401e+01,2.239456e+01,2.276469e+01,2.306530e+01,2.325614e+01,2.299706e+01,2.313350e+01,2.351457e+01,2.444098e+01,2.515885e+01,2.436690e+01,2.352136e+01,2.302436e+01,2.267571e+01,2.292877e+01,2.299023e+01,2.316076e+01,2.358247e+01,2.328337e+01,2.316758e+01,2.352816e+01,2.389425e+01,2.426580e+01,2.427254e+01,2.348060e+01,2.290827e+01,2.273732e+01,2.338544e+01,2.464275e+01,2.524573e+01,2.523905e+01,2.481730e+01,2.412409e+01,2.322890e+01,2.268255e+01,2.244261e+01,2.259350e+01,2.233274e+01,2.229151e+01,2.219523e+01,2.239456e+01,2.244948e+01,2.274416e+01,2.311986e+01,2.335823e+01,2.335823e+01,2.277153e+01,2.236709e+01,2.239456e+01,2.236022e+01,2.255923e+01,2.248379e+01,2.229151e+01,2.225713e+01,2.238082e+01,2.270994e+01,2.278522e+01,2.286043e+01,2.315395e+01,2.286727e+01,2.249751e+01,2.262776e+01,2.303801e+01,2.328337e+01,2.321527e+01,2.265516e+01,2.284676e+01,2.245634e+01,2.279889e+01,2.305848e+01,2.316076e+01,2.346022e+01,2.351457e+01,2.309258e+01,2.291510e+01,2.293560e+01,2.331740e+01,2.405655e+01,2.394161e+01,2.292194e+01,2.284676e+01,2.309258e+01,2.294926e+01,2.294926e+01,2.315395e+01,2.406330e+01,2.399571e+01,2.334462e+01,2.280573e+01,2.255923e+01,2.246320e+01,2.210575e+01,2.251122e+01,2.267571e+01,2.275785e+01,2.220211e+01,2.220899e+01,2.232587e+01,2.225713e+01,2.207131e+01,2.216082e+01,2.213329e+01,2.225026e+01,2.257979e+01,2.289461e+01,2.283993e+01,2.271679e+01,2.251122e+01,2.257294e+01,2.250437e+01,2.231212e+01,2.216771e+01,2.200930e+01,2.199551e+01,2.198172e+01,2.187135e+01,2.191965e+01,2.193345e+01,2.190586e+01,2.191276e+01,2.200930e+01,2.193345e+01,2.190586e+01,2.178159e+01,2.178850e+01,2.172631e+01,2.196793e+01,2.184374e+01,2.194035e+01,2.198862e+01,2.183684e+01,2.198862e+01,2.184374e+01,2.187825e+01,2.176777e+01,2.173322e+01,2.177468e+01,2.172631e+01,2.195414e+01,2.173322e+01,2.176777e+01,2.179540e+01,2.178159e+01,2.174704e+01,2.166409e+01,2.180922e+01,2.185755e+01,2.177468e+01,2.175395e+01,2.161566e+01,2.172631e+01,2.170557e+01,2.164334e+01,2.174013e+01,2.162950e+01,2.170557e+01,2.162258e+01,2.153952e+01,2.164334e+01,2.149104e+01,2.165717e+01,2.155337e+01,2.151875e+01,2.147025e+01,2.146332e+01,2.155337e+01,2.160874e+01,2.159490e+01,2.158106e+01,2.153260e+01,2.151182e+01,2.158106e+01,2.159490e+01,2.157414e+01,2.158106e+01,2.156721e+01,2.158798e+01,2.164334e+01,2.167100e+01,2.167792e+01,2.169866e+01,2.165717e+01,2.168483e+01,2.168483e+01,2.158798e+01,2.165025e+01,2.170557e+01,2.170557e+01,2.171248e+01,2.173322e+01,2.173322e+01,2.177468e+01,2.165717e+01,2.167792e+01,2.171940e+01,2.170557e+01,2.158798e+01,2.188516e+01,2.159490e+01,2.165025e+01,2.163642e+01,2.163642e+01,2.170557e+01,2.167100e+01,2.149796e+01,2.191276e+01,2.164334e+01,2.180231e+01,2.169866e+01,2.163642e+01,2.161566e+01,2.160874e+01,2.161566e+01,2.157414e+01,2.163642e+01,2.161566e+01,2.171940e+01,2.154645e+01,2.163642e+01,2.148411e+01,2.177468e+01,2.156029e+01,2.158798e+01,2.153952e+01,2.148411e+01,2.152567e+01,2.149104e+01,2.150489e+01,2.152567e+01,2.158106e+01,2.154645e+01,2.153260e+01,2.153260e+01,2.158798e+01,2.152567e+01,2.153260e+01,2.153952e+01,2.162258e+01,2.152567e+01,2.157414e+01,2.148411e+01,2.159490e+01,2.156721e+01,2.156721e+01,2.156721e+01,2.188516e+01,2.167100e+01,2.164334e+01,2.162950e+01,2.161566e+01,2.171248e+01,2.163642e+01,2.167100e+01,2.184374e+01,2.180231e+01,2.183684e+01,2.176086e+01,2.178159e+01,2.177468e+01,2.194725e+01,2.185755e+01,2.190586e+01,2.174704e+01,2.177468e+01,2.182303e+01,2.185755e+01,2.182303e+01,2.183684e+01,2.187825e+01,2.182303e+01,2.161566e+01,2.185065e+01,2.180922e+01,2.182303e+01,2.180231e+01,2.171940e+01,2.186445e+01,2.185065e+01,2.175395e+01,2.172631e+01,2.171940e+01,2.181612e+01,2.176086e+01,2.177468e+01,2.180231e+01,2.178159e+01,2.178159e+01,2.177468e+01,2.173322e+01,2.172631e+01,2.156029e+01,2.175395e+01,2.170557e+01,2.176086e+01,2.176086e+01,2.158798e+01,2.165717e+01,2.170557e+01,2.168483e+01,2.162258e+01,2.167100e+01,2.161566e+01,2.168483e+01,2.170557e+01,2.154645e+01,2.155337e+01,2.155337e+01,2.160874e+01,2.165025e+01,2.154645e+01,2.158106e+01,2.156721e+01,2.167100e+01,2.163642e+01,2.151182e+01,2.151875e+01,2.167100e+01,2.158798e+01,2.153952e+01,2.176777e+01,2.151875e+01,2.153260e+01,2.169175e+01,2.162258e+01,2.154645e+01,2.154645e+01,2.161566e+01,2.155337e+01,2.156721e+01,2.169175e+01,2.167100e+01,2.158106e+01,2.156721e+01,2.159490e+01,2.146332e+01,2.156029e+01,2.153952e+01,2.156721e+01,2.164334e+01,2.147718e+01,2.147025e+01,2.153260e+01,2.164334e+01,2.150489e+01,2.154645e+01,2.141480e+01,2.157414e+01,2.156029e+01,2.145639e+01,2.156721e+01,2.151875e+01,2.149796e+01,2.147718e+01,2.150489e+01,2.150489e+01,2.158106e+01,2.148411e+01,2.142174e+01,2.149796e+01,2.142867e+01,2.147025e+01,2.146332e+01,2.151875e+01,2.133851e+01,2.142174e+01,2.151875e+01,2.151875e+01,2.157414e+01,2.158798e+01,2.159490e+01,2.147718e+01,2.153952e+01,2.155337e+01,2.154645e+01,2.143560e+01,2.162258e+01,2.146332e+01,2.151875e+01,2.150489e+01,2.148411e+01,2.160182e+01,2.144946e+01,2.148411e+01,2.152567e+01,2.160874e+01,2.165025e+01,2.168483e+01,2.174704e+01,2.172631e+01,2.171940e+01,2.176086e+01,2.174013e+01,2.169866e+01,2.162950e+01,2.164334e+01,2.167100e+01,2.173322e+01,2.174013e+01,2.169175e+01,2.160182e+01,2.173322e+01,2.178159e+01,2.165025e+01,2.169866e+01,2.177468e+01,2.172631e+01,2.189206e+01,2.147025e+01,2.174704e+01,2.170557e+01,2.168483e+01,2.164334e+01,2.175395e+01,2.183684e+01,2.171940e+01,2.181612e+01,2.185065e+01,2.186445e+01,2.183684e+01,2.160182e+01,2.187825e+01,2.176086e+01,2.176777e+01,2.171248e+01,2.169175e+01,2.147025e+01,2.181612e+01,2.181612e+01,2.165717e+01,2.181612e+01,2.180922e+01,2.161566e+01,2.174013e+01,2.176086e+01,2.161566e+01,2.165717e+01,2.181612e+01,2.166409e+01,2.169175e+01,2.169175e+01,2.170557e+01,2.178850e+01,2.162950e+01,2.169866e+01,2.170557e+01,2.173322e+01,2.179540e+01,2.160182e+01,2.157414e+01,2.158798e+01,2.142174e+01,2.144253e+01,2.135933e+01,2.126911e+01,2.138707e+01,2.124133e+01,2.118576e+01,2.119966e+01,2.102581e+01,2.123439e+01,2.101885e+01,2.122050e+01,2.107452e+01,2.106756e+01,2.106756e+01,2.119966e+01,2.119271e+01,2.116491e+01,2.119966e+01,2.104669e+01,2.129688e+01,2.126911e+01,2.119966e+01,2.118576e+01,2.115796e+01,2.121355e+01,2.120660e+01,2.135933e+01,2.122050e+01,2.133158e+01,2.127605e+01,2.131076e+01,2.126911e+01,2.132464e+01,2.122050e+01,2.138013e+01,2.140094e+01,2.144253e+01,2.119966e+01,2.144253e+01,2.141480e+01,2.158798e+01,2.142867e+01,2.142174e+01,2.133851e+01,2.144253e+01,2.149104e+01,2.149104e+01,2.133851e+01,2.144946e+01,2.156029e+01,2.143560e+01,2.141480e+01,2.141480e+01,2.162258e+01
2.233961e+01,2.202308e+01,2.202997e+01,2.203687e+01,2.229838e+01,2.212641e+01,2.221587e+01,2.224338e+01,2.220211e+01,2.237395e+01,2.272363e+01,2.251808e+01,2.262091e+01,2.260720e+01,2.283993e+01,2.289461e+01,2.275785e+01,2.284676e+01,2.288777e+01,2.283993e+01,2.297657e+01,2.294243e+01,2.296292e+01,2.276469e+01,2.314713e+01,2.316758e+01,2.283309e+01,2.324252e+01,2.317439e+01,2.303118e+01,2.325614e+01,2.304483e+01,2.328337e+01,2.309940e+01,2.317439e+01,2.318802e+01,2.318121e+01,2.336503e+01,2.328337e+01,2.337864e+01,2.317439e+01,2.335143e+01,2.328337e+01,2.336503e+01,2.319484e+01,2.331740e+01,2.314713e+01,2.325614e+01,2.330379e+01,2.334462e+01,2.338544e+01,2.325614e+01,2.326976e+01,2.328337e+01,2.337183e+01,2.338544e+01,2.339224e+01,2.335143e+01,2.349419e+01,2.326295e+01,2.339224e+01,2.339224e+01,2.340584e+01,2.339904e+01,2.339224e+01,2.337183e+01,2.346701e+01,2.346701e+01,2.331740e+01,2.347381e+01,2.333782e+01,2.330379e+01,2.330379e+01,2.350778e+01,2.348060e+01,2.343983e+01,2.343303e+01,2.352816e+01,2.341264e+01,2.353495e+01,2.336503e+01,2.341264e+01,2.341944e+01,2.339904e+01,2.340584e+01,2.328337e+01,2.339224e+01,2.360962e+01,2.342623e+01,2.353495e+01,2.345342e+01,2.342623e+01,2.337183e+01,2.338544e+01,2.350099e+01,2.355532e+01,2.353495e+01,2.348060e+01,2.350778e+01,2.350099e+01,2.344662e+01,2.346022e+01,2.347381e+01,2.349419e+01,2.344662e+01,2.343303e+01,2.354174e+01,2.338544e+01,2.336503e+01,2.348060e+01,2.323571e+01,2.323571e+01,2.314713e+01,2.299023e+01,2.308576e+01,2.304483e+01,2.302436e+01,2.316758e+01,2.280573e+01,2.224338e+01,2.195414e+01,2.198172e+01,2.205754e+01,2.223650e+01,2.199551e+01,2.198862e+01,2.198172e+01,2.210575e+01,2.211263e+01,2.191276e+01,2.202308e+01,2.181612e+01,2.194035e+01,2.196793e+01,2.220899e+01,2.232587e+01,2.244948e+01,2.278522e+01,2.277837e+01,2.279206e+01,2.309258e+01,2.368424e+01,2.509196e+01,2.614376e+01,2.547929e+01,2.375203e+01,2.294926e+01,2.268940e+01,2.287410e+01,2.276469e+01,2.298340e+01,2.297657e+01,2.275101e+01,2.262776e+01,2.286727e+01,2.329018e+01,2.424557e+01,2.464947e+01,2.429277e+01,2.317439e+01,2.275785e+01,2.295609e+01,2.346022e+01,2.409708e+01,2.411059e+01,2.442078e+01,2.482401e+01,2.440058e+01,2.322209e+01,2.265516e+01,2.268940e+01,2.282625e+01,2.246320e+01,2.236022e+01,2.222275e+01,2.253866e+01,2.288777e+01,2.326976e+01,2.391455e+01,2.349419e+01,2.305848e+01,2.275785e+01,2.235335e+01,2.207131e+01,2.236709e+01,2.209198e+01,2.280573e+01,2.293560e+01,2.294243e+01,2.286043e+01,2.339904e+01,2.396867e+01,2.359605e+01,2.299706e+01,2.251808e+01,2.244261e+01,2.286043e+01,2.377236e+01,2.355532e+01,2.312668e+01,2.281257e+01,2.247692e+01,2.256608e+01,2.263461e+01,2.299023e+01,2.309940e+01,2.316076e+01,2.306530e+01,2.279206e+01,2.274416e+01,2.260720e+01,2.309258e+01,2.303801e+01,2.283993e+01,2.282625e+01,2.283309e+01,2.272363e+01,2.283309e+01,2.283993e+01,2.316758e+01,2.349419e+01,2.358926e+01,2.322209e+01,2.315395e+01,2.318121e+01,2.294243e+01,2.316758e+01,2.400247e+01,2.342623e+01,2.275785e+01,2.227088e+01,2.218835e+01,2.221587e+01,2.220211e+01,2.213329e+01,2.207820e+01,2.222962e+01,2.235335e+01,2.254551e+01,2.279206e+01,2.277153e+01,2.278522e+01,2.260720e+01,2.244948e+01,2.251122e+01,2.255923e+01,2.222275e+01,2.211263e+01,2.192655e+01,2.194725e+01,2.194725e+01,2.191965e+01,2.172631e+01,2.187825e+01,2.189206e+01,2.196793e+01,2.181612e+01,2.180231e+01,2.187825e+01,2.175395e+01,2.205754e+01,2.199551e+01,2.184374e+01,2.189206e+01,2.194035e+01,2.185755e+01,2.189896e+01,2.187135e+01,2.182993e+01,2.174704e+01,2.180231e+01,2.183684e+01,2.187825e+01,2.186445e+01,2.173322e+01,2.178850e+01,2.181612e+01,2.178850e+01,2.175395e+01,2.174013e+01,2.165025e+01,2.171940e+01,2.170557e+01,2.164334e+01,2.166409e+01,2.167100e+01,2.173322e+01,2.171940e+01,2.156029e+01,2.161566e+01,2.167792e+01,2.152567e+01,2.151875e+01,2.164334e+01,2.162950e+01,2.146332e+01,2.155337e+01,2.147718e+01,2.152567e+01,2.150489e+01,2.158798e+01,2.160874e+01,2.146332e+01,2.156721e+01,2.162258e+01,2.152567e+01,2.165717e+01,2.149104e+01,2.158106e+01,2.158798e+01,2.176777e+01,2.174013e+01,2.156029e+01,2.156721e+01,2.156721e+01,2.162258e+01,2.141480e+01,2.166409e+01,2.174013e+01,2.167792e+01,2.167100e+01,2.170557e+01,2.171248e+01,2.166409e+01,2.173322e+01,2.161566e+01,2.159490e+01,2.158798e+01,2.160874e+01,2.169175e+01,2.158106e+01,2.158798e+01,2.158106e+01,2.158798e+01,2.161566e+01,2.160182e+01,2.162258e+01,2.161566e+01,2.148411e+01,2.165717e+01,2.166409e+01,2.167100e+01,2.185755e+01,2.165717e+01,2.169866e+01,2.165025e+01,2.164334e+01,2.160874e+01,2.154645e+01,2.160182e+01,2.160182e+01,2.176086e+01,2.158798e+01,2.166409e+01,2.147718e+01,2.152567e+01,2.169866e+01,2.150489e+01,2.145639e+01,2.160182e+01,2.147025e+01,2.166409e+01,2.175395e+01,2.155337e+01,2.153260e+01,2.151875e+01,2.156029e+01,2.150489e+01,2.175395e+01,2.177468e+01,2.152567e+01,2.158106e+01,2.150489e+01,2.149104e+01,2.166409e+01,2.153952e+01,2.166409e+01,2.161566e+01,2.157414e+01,2.176777e+01,2.180231e+01,2.165025e+01,2.173322e+01,2.174704e+01,2.162950e+01,2.188516e+01,2.152567e+01,2.160182e+01,2.172631e+01,2.178850e+01,2.167792e+01,2.171940e+01,2.169866e+01,2.170557e+01,2.172631e+01,2.178159e+01,2.184374e+01,2.184374e+01,2.176777e+01,2.186445e+01,2.173322e+01,2.189206e+01,2.174704e+01,2.166409e+01,2.175395e+01,2.183684e+01,2.162258e+01,2.175395e+01,2.174704e+01,2.192655e+01,2.183684e+01,2.170557e+01,2.183684e+01,2.177468e+01,2.182993e+01,2.174704e+01,2.181612e+01,2.187135e+01,2.184374e+01,2.182303e+01,2.175395e+01,2.149796e+01,2.160874e+01,2.169175e+01,2.169866e+01,2.176086e+01,2.155337e+01,2.176777e+01,2.162258e+01,2.161566e+01,2.176086e+01,2.158106e+01,2.153952e+01,2.163642e+01,2.145639e+01,2.162950e+01,2.140787e+01,2.168483e+01,2.156721e+01,2.143560e+01,2.167100e+01,2.166409e+01,2.159490e+01,2.154645e+01,2.172631e+01,2.170557e+01,2.147025e+01,2.173322e+01,2.153260e+01,2.153952e+01,2.172631e+01,2.168483e+01,2.166409e+01,2.163642e+01,2.167100e+01,2.169866e+01,2.153952e+01,2.149104e+01,2.151182e+01,2.158106e+01,2.159490e+01,2.162258e+01,2.151875e+01,2.150489e+01,2.165717e+01,2.153952e+01,2.168483e+01,2.168483e+01,2.169175e+01,2.158106e+01,2.176086e+01,2.153260e+01,2.160874e+01,2.151182e+01,2.163642e+01,2.157414e+01,2.165717e+01,2.153952e+01,2.161566e+01,2.147025e+01,2.140094e+01,2.162258e+01,2.156029e+01,2.157414e+01,2.149104e+01,2.153952e+01,2.143560e+01,2.147025e+01,2.150489e+01,2.159490e+01,2.144253e+01,2.156721e+01,2.157414e+01,2.156721e+01,2.149104e+01,2.146332e+01,2.154645e+01,2.149796e+01,2.146332e+01,2.144946e+01,2.149796e+01,2.145639e+01,2.157414e+01,2.147025e+01,2.156029e+01,2.152567e+01,2.156721e+01,2.149796e+01,2.158106e+01,2.152567e+01,2.134545e+01,2.160182e+01,2.153952e+01,2.135933e+01,2.153260e+01,2.151875e+01,2.149104e+01,2.165025e+01,2.164334e+01,2.168483e+01,2.167792e+01,2.169866e+01,2.164334e+01,2.171940e+01,2.169175e+01,2.176086e+01,2.153260e+01,2.172631e+01,2.170557e+01,2.168483e+01,2.171940e+01,2.181612e+01,2.179540e+01,2.171940e+01,2.167792e+01,2.174704e+01,2.179540e+01,2.166409e+01,2.168483e+01,2.172631e+01,2.169866e+01,2.167100e+01,2.162950e+01,2.161566e+01,2.168483e+01,2.177468e+01,2.169866e+01,2.170557e+01,2.168483e+01,2.167792e+01,2.186445e+01,2.182993e+01,2.167792e+01,2.185755e+01,2.172631e+01,2.177468e+01,2.162258e+01,2.190586e+01,2.182993e+01,2.173322e+01,2.180231e+01,2.168483e+01,2.187825e+01,2.179540e+01,2.180231e+01,2.181612e+01,2.187135e+01,2.162258e+01,2.187135e+01,2.185065e+01,2.185065e+01,2.179540e+01,2.158106e+01,2.167100e+01,2.171248e+01,2.169175e+01,2.166409e+01,2.176777e+01,2.179540e+01,2.179540e+01,2.176086e+01,2.169866e+01,2.172631e+01,2.164334e+01,2.162950e+01,2.134545e+01,2.160182e+01,2.127605e+01,2.128299e+01,2.134545e+01,2.108148e+01,2.132464e+01,2.112320e+01,2.122050e+01,2.115796e+01,2.120660e+01,2.099101e+01,2.121355e+01,2.117186e+01,2.103973e+01,2.122744e+01,2.106756e+01,2.113711e+01,2.128299e+01,2.128993e+01,2.109539e+01,2.126911e+01,2.140094e+01,2.117881e+01,2.115101e+01,2.121355e+01,2.116491e+01,2.126911e+01,2.133851e+01,2.134545e+01,2.135933e+01,2.133851e+01,2.135933e+01,2.135239e+01,2.143560e+01,2.133851e+01,2.141480e+01,2.140787e+01,2.142174e+01,2.135933e+01,2.143560e+01,2.144253e+01,2.151875e+01,2.139400e+01,2.138707e+01,2.150489e+01,2.133851e+01,2.151182e+01,2.151182e+01,2.156029e+01,2.142174e+01,2.141480e+01,2.140094e+01,2.145639e+01,2.142867e+01
2.229151e+01,2.219523e+01,2.222275e+01,2.207820e+01,2.231900e+01,2.223650e+01,2.252494e+01,2.250437e+01,2.252494e+01,2.246320e+01,2.270994e+01,2.259350e+01,2.260720e+01,2.270309e+01,2.263461e+01,2.275101e+01,2.295609e+01,2.292194e+01,2.299023e+01,2.283993e+01,2.301753e+01,2.302436e+01,2.319484e+01,2.299706e+01,2.287410e+01,2.316076e+01,2.305848e+01,2.313350e+01,2.332421e+01,2.301753e+01,2.322890e+01,2.317439e+01,2.324252e+01,2.322890e+01,2.323571e+01,2.336503e+01,2.335823e+01,2.330379e+01,2.322890e+01,2.350099e+01,2.331740e+01,2.324933e+01,2.347381e+01,2.326295e+01,2.332421e+01,2.350778e+01,2.333101e+01,2.341944e+01,2.333101e+01,2.343983e+01,2.334462e+01,2.336503e+01,2.324933e+01,2.341264e+01,2.334462e+01,2.337864e+01,2.323571e+01,2.341944e+01,2.335823e+01,2.339224e+01,2.324933e+01,2.335143e+01,2.340584e+01,2.338544e+01,2.336503e+01,2.341944e+01,2.343983e+01,2.343983e+01,2.343983e+01,2.346701e+01,2.348060e+01,2.348060e+01,2.337864e+01,2.331740e+01,2.322890e+01,2.343303e+01,2.343303e+01,2.364355e+01,2.346022e+01,2.346022e+01,2.340584e+01,2.345342e+01,2.362998e+01,2.318802e+01,2.341264e+01,2.336503e+01,2.340584e+01,2.339224e+01,2.348060e+01,2.348740e+01,2.351457e+01,2.347381e+01,2.350778e+01,2.350099e+01,2.362319e+01,2.351457e+01,2.353495e+01,2.349419e+01,2.360283e+01,2.348740e+01,2.349419e+01,2.332421e+01,2.348740e+01,2.346701e+01,2.347381e+01,2.339224e+01,2.341944e+01,2.369102e+01,2.343303e+01,2.341944e+01,2.335143e+01,2.324252e+01,2.337183e+01,2.320165e+01,2.311304e+01,2.294243e+01,2.314031e+01,2.320165e+01,2.289461e+01,2.229838e+01,2.198862e+01,2.201619e+01,2.206442e+01,2.194725e+01,2.198862e+01,2.205754e+01,2.196104e+01,2.202308e+01,2.182993e+01,2.203687e+01,2.214017e+01,2.215394e+01,2.201619e+01,2.202997e+01,2.220899e+01,2.217459e+01,2.247692e+01,2.248379e+01,2.278522e+01,2.308576e+01,2.356890e+01,2.456881e+01,2.577882e+01,2.569237e+01,2.466962e+01,2.305848e+01,2.260720e+01,2.280573e+01,2.262776e+01,2.247692e+01,2.252494e+01,2.235335e+01,2.244948e+01,2.255237e+01,2.325614e+01,2.384010e+01,2.401600e+01,2.355532e+01,2.295609e+01,2.315395e+01,2.315395e+01,2.314031e+01,2.371814e+01,2.339904e+01,2.392132e+01,2.411059e+01,2.413085e+01,2.413760e+01,2.317439e+01,2.262776e+01,2.274416e+01,2.284676e+01,2.274416e+01,2.236022e+01,2.238082e+01,2.260035e+01,2.313350e+01,2.342623e+01,2.318121e+01,2.328337e+01,2.355532e+01,2.277837e+01,2.271679e+01,2.243575e+01,2.266201e+01,2.324252e+01,2.417810e+01,2.379946e+01,2.293560e+01,2.278522e+01,2.331060e+01,2.359605e+01,2.290827e+01,2.277153e+01,2.285360e+01,2.285360e+01,2.376559e+01,2.446791e+01,2.375881e+01,2.305848e+01,2.267571e+01,2.242202e+01,2.264831e+01,2.277153e+01,2.309940e+01,2.307894e+01,2.299023e+01,2.286727e+01,2.286043e+01,2.307212e+01,2.402951e+01,2.431299e+01,2.346022e+01,2.276469e+01,2.303118e+01,2.270994e+01,2.231212e+01,2.285360e+01,2.257294e+01,2.286727e+01,2.354853e+01,2.334462e+01,2.321527e+01,2.319484e+01,2.318121e+01,2.360283e+01,2.452846e+01,2.467634e+01,2.367068e+01,2.275785e+01,2.242888e+01,2.220211e+01,2.220899e+01,2.247006e+01,2.249065e+01,2.249065e+01,2.236709e+01,2.241516e+01,2.230525e+01,2.238769e+01,2.260035e+01,2.251122e+01,2.247692e+01,2.259350e+01,2.218147e+01,2.218835e+01,2.208509e+01,2.215394e+01,2.191276e+01,2.167792e+01,2.211952e+01,2.189896e+01,2.169866e+01,2.191965e+01,2.190586e+01,2.201619e+01,2.187135e+01,2.183684e+01,2.205065e+01,2.190586e+01,2.185755e+01,2.189206e+01,2.201619e+01,2.195414e+01,2.194035e+01,2.187135e+01,2.195414e+01,2.182993e+01,2.190586e+01,2.176777e+01,2.169175e+01,2.177468e+01,2.178850e+01,2.181612e+01,2.186445e+01,2.184374e+01,2.181612e+01,2.185065e+01,2.173322e+01,2.180922e+01,2.189206e+01,2.178159e+01,2.182303e+01,2.166409e+01,2.160182e+01,2.171248e+01,2.167100e+01,2.165717e+01,2.145639e+01,2.164334e+01,2.161566e+01,2.159490e+01,2.162258e+01,2.160182e+01,2.158798e+01,2.157414e+01,2.161566e+01,2.140787e+01,2.152567e+01,2.158798e+01,2.156029e+01,2.147718e+01,2.151182e+01,2.162258e+01,2.163642e+01,2.151875e+01,2.156721e+01,2.159490e+01,2.162950e+01,2.155337e+01,2.163642e+01,2.162258e+01,2.154645e+01,2.157414e+01,2.170557e+01,2.163642e+01,2.172631e+01,2.169175e+01,2.162258e+01,2.157414e+01,2.167792e+01,2.160182e+01,2.169866e+01,2.170557e+01,2.176777e+01,2.171940e+01,2.169175e+01,2.162258e+01,2.170557e+01,2.168483e+01,2.155337e+01,2.153952e+01,2.156721e+01,2.161566e+01,2.160874e+01,2.162950e+01,2.157414e+01,2.165025e+01,2.169866e+01,2.162258e+01,2.172631e+01,2.166409e+01,2.150489e+01,2.168483e+01,2.161566e+01,2.160874e+01,2.162950e+01,2.168483e+01,2.152567e+01,2.169866e+01,2.160182e+01,2.157414e+01,2.148411e+01,2.161566e+01,2.157414e+01,2.149796e+01,2.151182e+01,2.153952e+01,2.159490e+01,2.160182e+01,2.153952e+01,2.149104e+01,2.156721e+01,2.156721e+01,2.142174e+01,2.157414e+01,2.161566e+01,2.151875e+01,2.159490e+01,2.165717e+01,2.155337e+01,2.154645e+01,2.152567e+01,2.153260e+01,2.170557e+01,2.153952e+01,2.159490e+01,2.153952e+01,2.158106e+01,2.176777e+01,2.170557e+01,2.164334e+01,2.169175e+01,2.162258e+01,2.174704e+01,2.162950e+01,2.172631e+01,2.174704e+01,2.182993e+01,2.182303e+01,2.167100e+01,2.178159e+01,2.185065e+01,2.165025e+01,2.187135e+01,2.188516e+01,2.187825e+01,2.175395e+01,2.175395e+01,2.174704e+01,2.188516e+01,2.176777e+01,2.181612e+01,2.181612e+01,2.180922e+01,2.182303e+01,2.186445e+01,2.165717e+01,2.185755e+01,2.182303e+01,2.185065e+01,2.168483e+01,2.179540e+01,2.178850e+01,2.180231e+01,2.171248e+01,2.169866e+01,2.175395e+01,2.180231e+01,2.188516e+01,2.173322e+01,2.174013e+01,2.168483e+01,2.167792e+01,2.171940e+01,2.176086e+01,2.177468e+01,2.160874e+01,2.156029e+01,2.158106e+01,2.175395e+01,2.153952e+01,2.163642e+01,2.165717e+01,2.161566e+01,2.149796e+01,2.151875e+01,2.165025e+01,2.168483e+01,2.158798e+01,2.147718e+01,2.151182e+01,2.165025e+01,2.166409e+01,2.156029e+01,2.155337e+01,2.161566e+01,2.156721e+01,2.153952e+01,2.174013e+01,2.176777e+01,2.167100e+01,2.171940e+01,2.170557e+01,2.160182e+01,2.171248e+01,2.154645e+01,2.165717e+01,2.156721e+01,2.160874e+01,2.165025e+01,2.161566e+01,2.155337e+01,2.158106e+01,2.152567e+01,2.152567e+01,2.168483e+01,2.154645e+01,2.152567e+01,2.171248e+01,2.167100e+01,2.143560e+01,2.156029e+01,2.160182e+01,2.151875e+01,2.160874e+01,2.163642e+01,2.156721e+01,2.159490e+01,2.160182e+01,2.155337e+01,2.145639e+01,2.163642e+01,2.158798e+01,2.162258e+01,2.155337e+01,2.151182e+01,2.154645e+01,2.147718e+01,2.141480e+01,2.149796e+01,2.137320e+01,2.156029e+01,2.139400e+01,2.157414e+01,2.151182e+01,2.148411e+01,2.137320e+01,2.149104e+01,2.149796e+01,2.140787e+01,2.156029e+01,2.153952e+01,2.149796e+01,2.152567e+01,2.148411e+01,2.157414e+01,2.147718e+01,2.153260e+01,2.153952e+01,2.138707e+01,2.147025e+01,2.153260e+01,2.162950e+01,2.153952e+01,2.152567e+01,2.149104e+01,2.156721e+01,2.156029e+01,2.166409e+01,2.157414e+01,2.162950e+01,2.178850e+01,2.176086e+01,2.155337e+01,2.176086e+01,2.194035e+01,2.152567e+01,2.172631e+01,2.180231e+01,2.169175e+01,2.175395e+01,2.169175e+01,2.177468e+01,2.166409e+01,2.171940e+01,2.163642e+01,2.175395e+01,2.173322e+01,2.169866e+01,2.174704e+01,2.174704e+01,2.165025e+01,2.185065e+01,2.185755e+01,2.175395e+01,2.164334e+01,2.172631e+01,2.180922e+01,2.157414e+01,2.188516e+01,2.188516e+01,2.180922e+01,2.178850e+01,2.158798e+01,2.185065e+01,2.174704e+01,2.182993e+01,2.179540e+01,2.194725e+01,2.196104e+01,2.172631e+01,2.188516e+01,2.187135e+01,2.190586e+01,2.185065e+01,2.174013e+01,2.166409e+01,2.191276e+01,2.187825e+01,2.184374e+01,2.186445e+01,2.179540e+01,2.162950e+01,2.174013e+01,2.190586e+01,2.178159e+01,2.182993e+01,2.174704e+01,2.175395e+01,2.169175e+01,2.171940e+01,2.172631e+01,2.158106e+01,2.169866e+01,2.158798e+01,2.142867e+01,2.135933e+01,2.142174e+01,2.144946e+01,2.128299e+01,2.133158e+01,2.126217e+01,2.129688e+01,2.110234e+01,2.114406e+01,2.115796e+01,2.121355e+01,2.106061e+01,2.117186e+01,2.107452e+01,2.106756e+01,2.107452e+01,2.121355e+01,2.114406e+01,2.128299e+01,2.113711e+01,2.127605e+01,2.108843e+01,2.116491e+01,2.127605e+01,2.118576e+01,2.125522e+01,2.135239e+01,2.119271e+01,2.135239e+01,2.132464e+01,2.137320e+01,2.138707e+01,2.140094e+01,2.142174e+01,2.133158e+01,2.143560e+01,2.123439e+01,2.142867e+01,2.140094e+01,2.142174e+01,2.149796e+01,2.140787e+01,2.161566e+01,2.140094e+01,2.138707e+01,2.146332e+01,2.142174e+01,2.140094e+01,2.141480e+01,2.136626e+01,2.147718e+01,2.131770e+01,2.145639e+01
2.229151e+01,2.236709e+01,2.238082e+01,2.240142e+01,2.253180e+01,2.269625e+01,2.284676e+01,2.283309e+01,2.280573e+01,2.276469e+01,2.290144e+01,2.281941e+01,2.290827e+01,2.270994e+01,2.284676e+01,2.296292e+01,2.305165e+01,2.292877e+01,2.305165e+01,2.299706e+01,2.300388e+01,2.301071e+01,2.317439e+01,2.300388e+01,2.312668e+01,2.317439e+01,2.316758e+01,2.313350e+01,2.317439e+01,2.309940e+01,2.331060e+01,2.322890e+01,2.331060e+01,2.335143e+01,2.338544e+01,2.341944e+01,2.339904e+01,2.335823e+01,2.343983e+01,2.343983e+01,2.325614e+01,2.336503e+01,2.341264e+01,2.334462e+01,2.337864e+01,2.345342e+01,2.353495e+01,2.343303e+01,2.341264e+01,2.333101e+01,2.329699e+01,2.325614e+01,2.335823e+01,2.337183e+01,2.337183e+01,2.332421e+01,2.327656e+01,2.324252e+01,2.337183e+01,2.335143e+01,2.352816e+01,2.331060e+01,2.346022e+01,2.347381e+01,2.339904e+01,2.333101e+01,2.330379e+01,2.368424e+01,2.348740e+01,2.343303e+01,2.339224e+01,2.356211e+01,2.333101e+01,2.339224e+01,2.333101e+01,2.352136e+01,2.343303e+01,2.346022e+01,2.354174e+01,2.344662e+01,2.356890e+01,2.343983e+01,2.341264e+01,2.347381e+01,2.339904e+01,2.339224e+01,2.360283e+01,2.359605e+01,2.356211e+01,2.351457e+01,2.349419e+01,2.349419e+01,2.348060e+01,2.351457e+01,2.352136e+01,2.365033e+01,2.341944e+01,2.357569e+01,2.341264e+01,2.346022e+01,2.337183e+01,2.334462e+01,2.343303e+01,2.346701e+01,2.346022e+01,2.359605e+01,2.345342e+01,2.343303e+01,2.323571e+01,2.340584e+01,2.327656e+01,2.331060e+01,2.322890e+01,2.320165e+01,2.309940e+01,2.305848e+01,2.312668e+01,2.322890e+01,2.303801e+01,2.256608e+01,2.215394e+01,2.198862e+01,2.196793e+01,2.197483e+01,2.202997e+01,2.193345e+01,2.194725e+01,2.205754e+01,2.194035e+01,2.205065e+01,2.198862e+01,2.186445e+01,2.196793e+01,2.214017e+01,2.214706e+01,2.231212e+01,2.244261e+01,2.247692e+01,2.262776e+01,2.348740e+01,2.401600e+01,2.438038e+01,2.519227e+01,2.509196e+01,2.367746e+01,2.268255e+01,2.268940e+01,2.272363e+01,2.263461e+01,2.264831e+01,2.247006e+01,2.255237e+01,2.262091e+01,2.295609e+01,2.350778e+01,2.406330e+01,2.352816e+01,2.314713e+01,2.315395e+01,2.331740e+01,2.350778e+01,2.322209e+01,2.350099e+01,2.354853e+01,2.337183e+01,2.351457e+01,2.329699e+01,2.323571e+01,2.241516e+01,2.262091e+01,2.244948e+01,2.268255e+01,2.242202e+01,2.251122e+01,2.242202e+01,2.261406e+01,2.286727e+01,2.297657e+01,2.322890e+01,2.344662e+01,2.303118e+01,2.278522e+01,2.304483e+01,2.326295e+01,2.360962e+01,2.448137e+01,2.416460e+01,2.316076e+01,2.289461e+01,2.326976e+01,2.320846e+01,2.291510e+01,2.292194e+01,2.314031e+01,2.324252e+01,2.318802e+01,2.370458e+01,2.447464e+01,2.358926e+01,2.268940e+01,2.268255e+01,2.273732e+01,2.317439e+01,2.348060e+01,2.347381e+01,2.305165e+01,2.286043e+01,2.283309e+01,2.327656e+01,2.431973e+01,2.525241e+01,2.400924e+01,2.304483e+01,2.332421e+01,2.248379e+01,2.222962e+01,2.230525e+01,2.223650e+01,2.257979e+01,2.284676e+01,2.279206e+01,2.292194e+01,2.317439e+01,2.340584e+01,2.358247e+01,2.414435e+01,2.440058e+01,2.423208e+01,2.400924e+01,2.297657e+01,2.253866e+01,2.219523e+01,2.251122e+01,2.316758e+01,2.285360e+01,2.223650e+01,2.221587e+01,2.207820e+01,2.223650e+01,2.237395e+01,2.240829e+01,2.244261e+01,2.218147e+01,2.233961e+01,2.217459e+01,2.214706e+01,2.209198e+01,2.209886e+01,2.190586e+01,2.189206e+01,2.196793e+01,2.191276e+01,2.188516e+01,2.185065e+01,2.194725e+01,2.191276e+01,2.185755e+01,2.189896e+01,2.191276e+01,2.199551e+01,2.187135e+01,2.154645e+01,2.202308e+01,2.191276e+01,2.151875e+01,2.189896e+01,2.195414e+01,2.198172e+01,2.186445e+01,2.178159e+01,2.190586e+01,2.188516e+01,2.182993e+01,2.193345e+01,2.183684e+01,2.174013e+01,2.184374e+01,2.176777e+01,2.167792e+01,2.174704e+01,2.177468e+01,2.186445e+01,2.185065e+01,2.163642e+01,2.175395e+01,2.169175e+01,2.165025e+01,2.170557e+01,2.166409e+01,2.169175e+01,2.167100e+01,2.160874e+01,2.160874e+01,2.159490e+01,2.158106e+01,2.159490e+01,2.141480e+01,2.147025e+01,2.157414e+01,2.151875e+01,2.153260e+01,2.150489e+01,2.151875e+01,2.152567e+01,2.164334e+01,2.162258e+01,2.148411e+01,2.157414e+01,2.176086e+01,2.150489e+01,2.153952e+01,2.162258e+01,2.169175e+01,2.153952e+01,2.163642e+01,2.168483e+01,2.163642e+01,2.158106e+01,2.154645e+01,2.155337e+01,2.160874e+01,2.164334e+01,2.164334e+01,2.169866e+01,2.169175e+01,2.165025e+01,2.168483e+01,2.180231e+01,2.174013e+01,2.155337e+01,2.157414e+01,2.169866e+01,2.156029e+01,2.175395e+01,2.164334e+01,2.161566e+01,2.165717e+01,2.164334e+01,2.169866e+01,2.158106e+01,2.160182e+01,2.157414e+01,2.167100e+01,2.171248e+01,2.163642e+01,2.164334e+01,2.167792e+01,2.167100e+01,2.151875e+01,2.157414e+01,2.155337e+01,2.160182e+01,2.162950e+01,2.154645e+01,2.153952e+01,2.161566e+01,2.158798e+01,2.158798e+01,2.158798e+01,2.162258e+01,2.156029e+01,2.146332e+01,2.158798e+01,2.158798e+01,2.160182e+01,2.156029e+01,2.151182e+01,2.153952e+01,2.155337e+01,2.153952e+01,2.155337e+01,2.161566e+01,2.154645e+01,2.164334e+01,2.164334e+01,2.153260e+01,2.160182e+01,2.176777e+01,2.177468e+01,2.164334e+01,2.178850e+01,2.176777e+01,2.166409e+01,2.175395e+01,2.171940e+01,2.168483e+01,2.145639e+01,2.180922e+01,2.180922e+01,2.179540e+01,2.180922e+01,2.183684e+01,2.179540e+01,2.183684e+01,2.178850e+01,2.180922e+01,2.190586e+01,2.173322e+01,2.186445e+01,2.185755e+01,2.179540e+01,2.181612e+01,2.180231e+01,2.181612e+01,2.180231e+01,2.184374e+01,2.180922e+01,2.182993e+01,2.186445e+01,2.184374e+01,2.188516e+01,2.182303e+01,2.162950e+01,2.182303e+01,2.160874e+01,2.162950e+01,2.180922e+01,2.171940e+01,2.187135e+01,2.198172e+01,2.181612e+01,2.175395e+01,2.176777e+01,2.167792e+01,2.168483e+01,2.174013e+01,2.169175e+01,2.167792e+01,2.148411e+01,2.162950e+01,2.159490e+01,2.161566e+01,2.165717e+01,2.156721e+01,2.165717e+01,2.139400e+01,2.165717e+01,2.167792e+01,2.164334e+01,2.157414e+01,2.146332e+01,2.154645e+01,2.163642e+01,2.164334e+01,2.147025e+01,2.160874e+01,2.166409e+01,2.164334e+01,2.155337e+01,2.151182e+01,2.151182e+01,2.171248e+01,2.162950e+01,2.168483e+01,2.156721e+01,2.160874e+01,2.165717e+01,2.156721e+01,2.158798e+01,2.160182e+01,2.168483e+01,2.153260e+01,2.151875e+01,2.162258e+01,2.153260e+01,2.160182e+01,2.160874e+01,2.151875e+01,2.154645e+01,2.150489e+01,2.162258e+01,2.165025e+01,2.156721e+01,2.160874e+01,2.153952e+01,2.158798e+01,2.166409e+01,2.160874e+01,2.165717e+01,2.162258e+01,2.152567e+01,2.156721e+01,2.142174e+01,2.162258e+01,2.151875e+01,2.158798e+01,2.142867e+01,2.140094e+01,2.152567e+01,2.149796e+01,2.156029e+01,2.148411e+01,2.173322e+01,2.151875e+01,2.123439e+01,2.144946e+01,2.146332e+01,2.143560e+01,2.150489e+01,2.146332e+01,2.168483e+01,2.141480e+01,2.160874e+01,2.142174e+01,2.156721e+01,2.151182e+01,2.150489e+01,2.153260e+01,2.157414e+01,2.151182e+01,2.157414e+01,2.147718e+01,2.147718e+01,2.151182e+01,2.148411e+01,2.131770e+01,2.149796e+01,2.180231e+01,2.162258e+01,2.149796e+01,2.176777e+01,2.170557e+01,2.161566e+01,2.158106e+01,2.166409e+01,2.176086e+01,2.170557e+01,2.167792e+01,2.178159e+01,2.169175e+01,2.185755e+01,2.171940e+01,2.174704e+01,2.176086e+01,2.174013e+01,2.169866e+01,2.180231e+01,2.169866e+01,2.176086e+01,2.186445e+01,2.173322e+01,2.187825e+01,2.182993e+01,2.182993e+01,2.167792e+01,2.174704e+01,2.176777e+01,2.188516e+01,2.173322e+01,2.170557e+01,2.176086e+01,2.177468e+01,2.185755e+01,2.171248e+01,2.174704e+01,2.174013e+01,2.181612e+01,2.177468e+01,2.174704e+01,2.187825e+01,2.178159e+01,2.192655e+01,2.168483e+01,2.185065e+01,2.189896e+01,2.187135e+01,2.186445e+01,2.172631e+01,2.186445e+01,2.178850e+01,2.165025e+01,2.166409e+01,2.194725e+01,2.196793e+01,2.182993e+01,2.174704e+01,2.178850e+01,2.179540e+01,2.168483e+01,2.180922e+01,2.178850e+01,2.161566e+01,2.160874e+01,2.157414e+01,2.155337e+01,2.165717e+01,2.154645e+01,2.138707e+01,2.142174e+01,2.120660e+01,2.124828e+01,2.130382e+01,2.103973e+01,2.111625e+01,2.110929e+01,2.105365e+01,2.117881e+01,2.108148e+01,2.118576e+01,2.115101e+01,2.124828e+01,2.108148e+01,2.120660e+01,2.110929e+01,2.131076e+01,2.093530e+01,2.129688e+01,2.112320e+01,2.129688e+01,2.128299e+01,2.132464e+01,2.121355e+01,2.134545e+01,2.122050e+01,2.120660e+01,2.123439e+01,2.119966e+01,2.124828e+01,2.137320e+01,2.141480e+01,2.133851e+01,2.160182e+01,2.142174e+01,2.134545e+01,2.144946e+01,2.142867e+01,2.142867e+01,2.146332e+01,2.138707e+01,2.143560e+01,2.142174e+01,2.147025e+01,2.151875e+01,2.142867e+01,2.143560e+01,2.135239e+01,2.146332e+01,2.142174e+01,2.149796e+01,2.142174e+01
2.268940e+01,2.253180e+01,2.254551e+01,2.272363e+01,2.279889e+01,2.262091e+01,2.273047e+01,2.281941e+01,2.283993e+01,2.278522e+01,2.275785e+01,2.286727e+01,2.278522e+01,2.292194e+01,2.296292e+01,2.294243e+01,2.293560e+01,2.297657e+01,2.286727e+01,2.311304e+01,2.313350e+01,2.305165e+01,2.302436e+01,2.321527e+01,2.307894e+01,2.317439e+01,2.320846e+01,2.316758e+01,2.335143e+01,2.313350e+01,2.337864e+01,2.329018e+01,2.337183e+01,2.344662e+01,2.339904e+01,2.334462e+01,2.328337e+01,2.340584e+01,2.341944e+01,2.345342e+01,2.350778e+01,2.336503e+01,2.353495e+01,2.348060e+01,2.349419e+01,2.347381e+01,2.349419e+01,2.347381e+01,2.346022e+01,2.346022e+01,2.330379e+01,2.343303e+01,2.326976e+01,2.340584e+01,2.332421e+01,2.345342e+01,2.335823e+01,2.351457e+01,2.333782e+01,2.348060e+01,2.348740e+01,2.331740e+01,2.329699e+01,2.321527e+01,2.342623e+01,2.341944e+01,2.341944e+01,2.345342e+01,2.335823e+01,2.347381e+01,2.342623e+01,2.345342e+01,2.322209e+01,2.349419e+01,2.339224e+01,2.341264e+01,2.341944e+01,2.348060e+01,2.344662e+01,2.354853e+01,2.367746e+01,2.352816e+01,2.349419e+01,2.372492e+01,2.339224e+01,2.352816e+01,2.348060e+01,2.357569e+01,2.350099e+01,2.350099e+01,2.349419e+01,2.354853e+01,2.338544e+01,2.356890e+01,2.348740e+01,2.348740e+01,2.354174e+01,2.356211e+01,2.361641e+01,2.354174e+01,2.344662e+01,2.363676e+01,2.343303e+01,2.346701e+01,2.327656e+01,2.344662e+01,2.346022e+01,2.324933e+01,2.328337e+01,2.341944e+01,2.331740e+01,2.326295e+01,2.322209e+01,2.314031e+01,2.315395e+01,2.285360e+01,2.292877e+01,2.330379e+01,2.302436e+01,2.236022e+01,2.207820e+01,2.210575e+01,2.194035e+01,2.193345e+01,2.210575e+01,2.196793e+01,2.194035e+01,2.191965e+01,2.186445e+01,2.182303e+01,2.200930e+01,2.215394e+01,2.200930e+01,2.209198e+01,2.209886e+01,2.219523e+01,2.221587e+01,2.278522e+01,2.302436e+01,2.346701e+01,2.366390e+01,2.437364e+01,2.483072e+01,2.377914e+01,2.270309e+01,2.265516e+01,2.273047e+01,2.262776e+01,2.283309e+01,2.233274e+01,2.227776e+01,2.232587e+01,2.264146e+01,2.254551e+01,2.346701e+01,2.328337e+01,2.296292e+01,2.279206e+01,2.312668e+01,2.346022e+01,2.325614e+01,2.337183e+01,2.353495e+01,2.284676e+01,2.311304e+01,2.318802e+01,2.322209e+01,2.244948e+01,2.223650e+01,2.240142e+01,2.264146e+01,2.286727e+01,2.257294e+01,2.227088e+01,2.242202e+01,2.248379e+01,2.255923e+01,2.268940e+01,2.318802e+01,2.320165e+01,2.339904e+01,2.355532e+01,2.305848e+01,2.358926e+01,2.385364e+01,2.349419e+01,2.296292e+01,2.277837e+01,2.296975e+01,2.310622e+01,2.326976e+01,2.290827e+01,2.275785e+01,2.314713e+01,2.337864e+01,2.319484e+01,2.352816e+01,2.412409e+01,2.327656e+01,2.279889e+01,2.281941e+01,2.359605e+01,2.451501e+01,2.379269e+01,2.329018e+01,2.316076e+01,2.299023e+01,2.314031e+01,2.402275e+01,2.505182e+01,2.468977e+01,2.329018e+01,2.299706e+01,2.248379e+01,2.216082e+01,2.206442e+01,2.217459e+01,2.229151e+01,2.281941e+01,2.320165e+01,2.318802e+01,2.340584e+01,2.355532e+01,2.334462e+01,2.301071e+01,2.343983e+01,2.340584e+01,2.299023e+01,2.287410e+01,2.274416e+01,2.255923e+01,2.253866e+01,2.314031e+01,2.361641e+01,2.277153e+01,2.234648e+01,2.220211e+01,2.242888e+01,2.236022e+01,2.237395e+01,2.219523e+01,2.214706e+01,2.218835e+01,2.228463e+01,2.219523e+01,2.236709e+01,2.211952e+01,2.213329e+01,2.189896e+01,2.191965e+01,2.194035e+01,2.188516e+01,2.189206e+01,2.198172e+01,2.178159e+01,2.190586e+01,2.181612e+01,2.191965e+01,2.186445e+01,2.196104e+01,2.191276e+01,2.194725e+01,2.176777e+01,2.190586e+01,2.195414e+01,2.196104e+01,2.193345e+01,2.187825e+01,2.183684e+01,2.190586e+01,2.191276e+01,2.183684e+01,2.186445e+01,2.171940e+01,2.187825e+01,2.172631e+01,2.182303e+01,2.172631e+01,2.178159e+01,2.188516e+01,2.181612e+01,2.186445e+01,2.185755e+01,2.171940e+01,2.169175e+01,2.165025e+01,2.162950e+01,2.164334e+01,2.162950e+01,2.162258e+01,2.160874e+01,2.161566e+01,2.153952e+01,2.161566e+01,2.158798e+01,2.145639e+01,2.158798e+01,2.158798e+01,2.151875e+01,2.157414e+01,2.162258e+01,2.162950e+01,2.155337e+01,2.151875e+01,2.173322e+01,2.151875e+01,2.154645e+01,2.157414e+01,2.153952e+01,2.149104e+01,2.160182e+01,2.161566e+01,2.167100e+01,2.158798e+01,2.168483e+01,2.157414e+01,2.162258e+01,2.155337e+01,2.160874e+01,2.154645e+01,2.164334e+01,2.162950e+01,2.168483e+01,2.182993e+01,2.159490e+01,2.162950e+01,2.165025e+01,2.164334e+01,2.174013e+01,2.158106e+01,2.154645e+01,2.161566e+01,2.158798e+01,2.155337e+01,2.160874e+01,2.166409e+01,2.165717e+01,2.167100e+01,2.166409e+01,2.166409e+01,2.167100e+01,2.178850e+01,2.156029e+01,2.167100e+01,2.169175e+01,2.172631e+01,2.167100e+01,2.156721e+01,2.168483e+01,2.127605e+01,2.168483e+01,2.163642e+01,2.145639e+01,2.155337e+01,2.167100e+01,2.154645e+01,2.158106e+01,2.153952e+01,2.157414e+01,2.156029e+01,2.166409e+01,2.149796e+01,2.158106e+01,2.164334e+01,2.148411e+01,2.172631e+01,2.151182e+01,2.154645e+01,2.158106e+01,2.160182e+01,2.152567e+01,2.151875e+01,2.153260e+01,2.157414e+01,2.168483e+01,2.158106e+01,2.159490e+01,2.155337e+01,2.156029e+01,2.165025e+01,2.177468e+01,2.163642e+01,2.162950e+01,2.156721e+01,2.165025e+01,2.175395e+01,2.173322e+01,2.179540e+01,2.177468e+01,2.177468e+01,2.175395e+01,2.177468e+01,2.181612e+01,2.180922e+01,2.182303e+01,2.182993e+01,2.185755e+01,2.183684e+01,2.176777e+01,2.173322e+01,2.173322e+01,2.182303e+01,2.181612e+01,2.175395e+01,2.176086e+01,2.182303e+01,2.180231e+01,2.179540e+01,2.180922e+01,2.185755e+01,2.182993e+01,2.178850e+01,2.182303e+01,2.169175e+01,2.185755e+01,2.172631e+01,2.171940e+01,2.171940e+01,2.164334e+01,2.167792e+01,2.169866e+01,2.178850e+01,2.178850e+01,2.167792e+01,2.176777e+01,2.163642e+01,2.165717e+01,2.156721e+01,2.164334e+01,2.146332e+01,2.172631e+01,2.169866e+01,2.165717e+01,2.139400e+01,2.145639e+01,2.160182e+01,2.160874e+01,2.157414e+01,2.141480e+01,2.156721e+01,2.150489e+01,2.163642e+01,2.161566e+01,2.166409e+01,2.178850e+01,2.162950e+01,2.159490e+01,2.160182e+01,2.150489e+01,2.156721e+01,2.157414e+01,2.154645e+01,2.147025e+01,2.171248e+01,2.160874e+01,2.166409e+01,2.171940e+01,2.164334e+01,2.160874e+01,2.159490e+01,2.160182e+01,2.160874e+01,2.158798e+01,2.155337e+01,2.169175e+01,2.158106e+01,2.167100e+01,2.171248e+01,2.171940e+01,2.159490e+01,2.156721e+01,2.155337e+01,2.161566e+01,2.162258e+01,2.165717e+01,2.156029e+01,2.152567e+01,2.159490e+01,2.160874e+01,2.157414e+01,2.158106e+01,2.141480e+01,2.140787e+01,2.153952e+01,2.151182e+01,2.151182e+01,2.154645e+01,2.145639e+01,2.141480e+01,2.151875e+01,2.158106e+01,2.140787e+01,2.151182e+01,2.158106e+01,2.162950e+01,2.151182e+01,2.142174e+01,2.149796e+01,2.147025e+01,2.144946e+01,2.151182e+01,2.147718e+01,2.158106e+01,2.157414e+01,2.160182e+01,2.145639e+01,2.145639e+01,2.154645e+01,2.158106e+01,2.162258e+01,2.154645e+01,2.149796e+01,2.155337e+01,2.153260e+01,2.133851e+01,2.154645e+01,2.148411e+01,2.143560e+01,2.154645e+01,2.171248e+01,2.176777e+01,2.167792e+01,2.164334e+01,2.169175e+01,2.171248e+01,2.168483e+01,2.174704e+01,2.156721e+01,2.191965e+01,2.166409e+01,2.173322e+01,2.174013e+01,2.175395e+01,2.177468e+01,2.175395e+01,2.175395e+01,2.181612e+01,2.172631e+01,2.173322e+01,2.185065e+01,2.178850e+01,2.178850e+01,2.180922e+01,2.187135e+01,2.173322e+01,2.182993e+01,2.178159e+01,2.187825e+01,2.191276e+01,2.184374e+01,2.188516e+01,2.179540e+01,2.181612e+01,2.171940e+01,2.177468e+01,2.178159e+01,2.185755e+01,2.178159e+01,2.177468e+01,2.196104e+01,2.195414e+01,2.194725e+01,2.166409e+01,2.181612e+01,2.191276e+01,2.181612e+01,2.187135e+01,2.191276e+01,2.182993e+01,2.178159e+01,2.196793e+01,2.178159e+01,2.185755e+01,2.184374e+01,2.162950e+01,2.178850e+01,2.168483e+01,2.184374e+01,2.188516e+01,2.176086e+01,2.171940e+01,2.174704e+01,2.176777e+01,2.147025e+01,2.156029e+01,2.156029e+01,2.147025e+01,2.138707e+01,2.136626e+01,2.140787e+01,2.134545e+01,2.126911e+01,2.118576e+01,2.115101e+01,2.120660e+01,2.107452e+01,2.102581e+01,2.108843e+01,2.104669e+01,2.119271e+01,2.117186e+01,2.115796e+01,2.111625e+01,2.106756e+01,2.124828e+01,2.131770e+01,2.121355e+01,2.133158e+01,2.120660e+01,2.117881e+01,2.115796e+01,2.129688e+01,2.129688e+01,2.126911e+01,2.126217e+01,2.123439e+01,2.126217e+01,2.128993e+01,2.137320e+01,2.136626e+01,2.138707e+01,2.144946e+01,2.144253e+01,2.136626e+01,2.139400e+01,2.141480e+01,2.153952e+01,2.131076e+01,2.162950e+01,2.162258e+01,2.151182e+01,2.144253e+01,2.142174e+01,2.147718e+01,2.155337e+01,2.151182e+01,2.143560e+01,2.140094e+01,2.146332e+01,2.136626e+01
2.269625e+01,2.276469e+01,2.288094e+01,2.260035e+01,2.264146e+01,2.290144e+01,2.270309e+01,2.275785e+01,2.265516e+01,2.261406e+01,2.262776e+01,2.292877e+01,2.284676e+01,2.292877e+01,2.309258e+01,2.309258e+01,2.292194e+01,2.299023e+01,2.314031e+01,2.293560e+01,2.299706e+01,2.301071e+01,2.322890e+01,2.316758e+01,2.321527e+01,2.301753e+01,2.334462e+01,2.318802e+01,2.333101e+01,2.330379e+01,2.334462e+01,2.328337e+01,2.339904e+01,2.326295e+01,2.332421e+01,2.344662e+01,2.348060e+01,2.343983e+01,2.335823e+01,2.346701e+01,2.346022e+01,2.339224e+01,2.343983e+01,2.337864e+01,2.331740e+01,2.334462e+01,2.336503e+01,2.337864e+01,2.343983e+01,2.334462e+01,2.354174e+01,2.341264e+01,2.337864e+01,2.329018e+01,2.332421e+01,2.340584e+01,2.333101e+01,2.339904e+01,2.339224e+01,2.335143e+01,2.334462e+01,2.335143e+01,2.318802e+01,2.335143e+01,2.340584e+01,2.333101e+01,2.333101e+01,2.337864e+01,2.337183e+01,2.346022e+01,2.330379e+01,2.330379e+01,2.348740e+01,2.344662e+01,2.361641e+01,2.319484e+01,2.339224e+01,2.352816e+01,2.348740e+01,2.337864e+01,2.348060e+01,2.353495e+01,2.354174e+01,2.346022e+01,2.344662e+01,2.339904e+01,2.342623e+01,2.348060e+01,2.354853e+01,2.358247e+01,2.357569e+01,2.351457e+01,2.340584e+01,2.350099e+01,2.361641e+01,2.369781e+01,2.348740e+01,2.346701e+01,2.335823e+01,2.348060e+01,2.362319e+01,2.364355e+01,2.358926e+01,2.347381e+01,2.334462e+01,2.342623e+01,2.329018e+01,2.348060e+01,2.371814e+01,2.326295e+01,2.328337e+01,2.326976e+01,2.336503e+01,2.303118e+01,2.314713e+01,2.303118e+01,2.303118e+01,2.330379e+01,2.324933e+01,2.257294e+01,2.233961e+01,2.186445e+01,2.206442e+01,2.205065e+01,2.193345e+01,2.202308e+01,2.199551e+01,2.189206e+01,2.207820e+01,2.202997e+01,2.205065e+01,2.216082e+01,2.205754e+01,2.194725e+01,2.225026e+01,2.209198e+01,2.224338e+01,2.262776e+01,2.264831e+01,2.295609e+01,2.341944e+01,2.408357e+01,2.349419e+01,2.267571e+01,2.251808e+01,2.259350e+01,2.260720e+01,2.263461e+01,2.264831e+01,2.267571e+01,2.238082e+01,2.236709e+01,2.249065e+01,2.279889e+01,2.279889e+01,2.277837e+01,2.246320e+01,2.278522e+01,2.309258e+01,2.309258e+01,2.326295e+01,2.328337e+01,2.272363e+01,2.274416e+01,2.317439e+01,2.318802e+01,2.290827e+01,2.220211e+01,2.247692e+01,2.255923e+01,2.262776e+01,2.275785e+01,2.235335e+01,2.223650e+01,2.247006e+01,2.226401e+01,2.250437e+01,2.277153e+01,2.321527e+01,2.342623e+01,2.367746e+01,2.360962e+01,2.305165e+01,2.326976e+01,2.327656e+01,2.281257e+01,2.275101e+01,2.257979e+01,2.279206e+01,2.311304e+01,2.258665e+01,2.256608e+01,2.292194e+01,2.364355e+01,2.385364e+01,2.331060e+01,2.322890e+01,2.352136e+01,2.308576e+01,2.277153e+01,2.324252e+01,2.436690e+01,2.379269e+01,2.346022e+01,2.303118e+01,2.316076e+01,2.313350e+01,2.369781e+01,2.468977e+01,2.497147e+01,2.401600e+01,2.303118e+01,2.267571e+01,2.229151e+01,2.236022e+01,2.229838e+01,2.244948e+01,2.259350e+01,2.286727e+01,2.287410e+01,2.346022e+01,2.339904e+01,2.342623e+01,2.303118e+01,2.303801e+01,2.299023e+01,2.298340e+01,2.281941e+01,2.297657e+01,2.283309e+01,2.277837e+01,2.307894e+01,2.361641e+01,2.310622e+01,2.283309e+01,2.281941e+01,2.258665e+01,2.234648e+01,2.252494e+01,2.240829e+01,2.232587e+01,2.226401e+01,2.242202e+01,2.257979e+01,2.260035e+01,2.220211e+01,2.214017e+01,2.201619e+01,2.207820e+01,2.193345e+01,2.194035e+01,2.191965e+01,2.191965e+01,2.192655e+01,2.185065e+01,2.186445e+01,2.184374e+01,2.183684e+01,2.185065e+01,2.185755e+01,2.196104e+01,2.196793e+01,2.194725e+01,2.197483e+01,2.194035e+01,2.182993e+01,2.183684e+01,2.177468e+01,2.189206e+01,2.187825e+01,2.187825e+01,2.176086e+01,2.182993e+01,2.188516e+01,2.169175e+01,2.176086e+01,2.167792e+01,2.187825e+01,2.142867e+01,2.178850e+01,2.159490e+01,2.164334e+01,2.180922e+01,2.175395e+01,2.158798e+01,2.170557e+01,2.149104e+01,2.170557e+01,2.158106e+01,2.159490e+01,2.158106e+01,2.149796e+01,2.147025e+01,2.163642e+01,2.160874e+01,2.146332e+01,2.157414e+01,2.142174e+01,2.142867e+01,2.144946e+01,2.160182e+01,2.169866e+01,2.165025e+01,2.166409e+01,2.149796e+01,2.151875e+01,2.142867e+01,2.151875e+01,2.158106e+01,2.156029e+01,2.156029e+01,2.156721e+01,2.149796e+01,2.144946e+01,2.164334e+01,2.165025e+01,2.158106e+01,2.162258e+01,2.162950e+01,2.151875e+01,2.169175e+01,2.162950e+01,2.160182e+01,2.167100e+01,2.165025e+01,2.171940e+01,2.169175e+01,2.175395e+01,2.166409e+01,2.165025e+01,2.176086e+01,2.178850e+01,2.175395e+01,2.159490e+01,2.158798e+01,2.162258e+01,2.167100e+01,2.153260e+01,2.161566e+01,2.164334e+01,2.165717e+01,2.156029e+01,2.180231e+01,2.164334e+01,2.154645e+01,2.165025e+01,2.156029e+01,2.146332e+01,2.165025e+01,2.162258e+01,2.153952e+01,2.153260e+01,2.153952e+01,2.159490e+01,2.158106e+01,2.144946e+01,2.150489e+01,2.162258e+01,2.149796e+01,2.159490e+01,2.156721e+01,2.171940e+01,2.171248e+01,2.171940e+01,2.162950e+01,2.149796e+01,2.151182e+01,2.153952e+01,2.159490e+01,2.167792e+01,2.152567e+01,2.154645e+01,2.152567e+01,2.175395e+01,2.165717e+01,2.157414e+01,2.154645e+01,2.162258e+01,2.180922e+01,2.162950e+01,2.162950e+01,2.169866e+01,2.170557e+01,2.166409e+01,2.166409e+01,2.169175e+01,2.171248e+01,2.168483e+01,2.185755e+01,2.180922e+01,2.179540e+01,2.179540e+01,2.178159e+01,2.183684e+01,2.182303e+01,2.182303e+01,2.186445e+01,2.172631e+01,2.174704e+01,2.184374e+01,2.174704e+01,2.171940e+01,2.174704e+01,2.187135e+01,2.176777e+01,2.179540e+01,2.189206e+01,2.175395e+01,2.174013e+01,2.178850e+01,2.180231e+01,2.160874e+01,2.177468e+01,2.166409e+01,2.174704e+01,2.173322e+01,2.166409e+01,2.167792e+01,2.178850e+01,2.169866e+01,2.200241e+01,2.170557e+01,2.162950e+01,2.168483e+01,2.169866e+01,2.168483e+01,2.166409e+01,2.166409e+01,2.163642e+01,2.162950e+01,2.161566e+01,2.159490e+01,2.154645e+01,2.153952e+01,2.163642e+01,2.155337e+01,2.160874e+01,2.139400e+01,2.158106e+01,2.154645e+01,2.162258e+01,2.153260e+01,2.165717e+01,2.162258e+01,2.157414e+01,2.159490e+01,2.156029e+01,2.162258e+01,2.165717e+01,2.156721e+01,2.155337e+01,2.167792e+01,2.162950e+01,2.168483e+01,2.160874e+01,2.169866e+01,2.156029e+01,2.167100e+01,2.156721e+01,2.158106e+01,2.159490e+01,2.161566e+01,2.166409e+01,2.164334e+01,2.165025e+01,2.170557e+01,2.158798e+01,2.154645e+01,2.166409e+01,2.167792e+01,2.156721e+01,2.164334e+01,2.151875e+01,2.160874e+01,2.166409e+01,2.165717e+01,2.157414e+01,2.168483e+01,2.156029e+01,2.160874e+01,2.135239e+01,2.151875e+01,2.171248e+01,2.163642e+01,2.144253e+01,2.151182e+01,2.151182e+01,2.152567e+01,2.162258e+01,2.167100e+01,2.153952e+01,2.158106e+01,2.153952e+01,2.165717e+01,2.155337e+01,2.153260e+01,2.153260e+01,2.153952e+01,2.157414e+01,2.160874e+01,2.144253e+01,2.151182e+01,2.144253e+01,2.155337e+01,2.168483e+01,2.158106e+01,2.165717e+01,2.158106e+01,2.147718e+01,2.148411e+01,2.155337e+01,2.151875e+01,2.149104e+01,2.162258e+01,2.142174e+01,2.157414e+01,2.152567e+01,2.173322e+01,2.161566e+01,2.159490e+01,2.159490e+01,2.170557e+01,2.164334e+01,2.169866e+01,2.173322e+01,2.170557e+01,2.170557e+01,2.162258e+01,2.166409e+01,2.195414e+01,2.170557e+01,2.170557e+01,2.166409e+01,2.174013e+01,2.175395e+01,2.172631e+01,2.177468e+01,2.180231e+01,2.182993e+01,2.188516e+01,2.185065e+01,2.183684e+01,2.186445e+01,2.184374e+01,2.178159e+01,2.187135e+01,2.165717e+01,2.183684e+01,2.189896e+01,2.185755e+01,2.190586e+01,2.185755e+01,2.187135e+01,2.174013e+01,2.180922e+01,2.190586e+01,2.181612e+01,2.189206e+01,2.175395e+01,2.191276e+01,2.168483e+01,2.186445e+01,2.185755e+01,2.190586e+01,2.183684e+01,2.194725e+01,2.191276e+01,2.200930e+01,2.180231e+01,2.176086e+01,2.181612e+01,2.185065e+01,2.168483e+01,2.200930e+01,2.183684e+01,2.180231e+01,2.180231e+01,2.174013e+01,2.165025e+01,2.176777e+01,2.170557e+01,2.182993e+01,2.165717e+01,2.173322e+01,2.151182e+01,2.170557e+01,2.147025e+01,2.142867e+01,2.140787e+01,2.144253e+01,2.124828e+01,2.110234e+01,2.116491e+01,2.122744e+01,2.111625e+01,2.110234e+01,2.110929e+01,2.118576e+01,2.117881e+01,2.117881e+01,2.118576e+01,2.105365e+01,2.109539e+01,2.117881e+01,2.113015e+01,2.114406e+01,2.125522e+01,2.118576e+01,2.126217e+01,2.127605e+01,2.128299e+01,2.123439e+01,2.133851e+01,2.138707e+01,2.127605e+01,2.135239e+01,2.134545e+01,2.124828e+01,2.154645e+01,2.142174e+01,2.143560e+01,2.147718e+01,2.142867e+01,2.143560e+01,2.137320e+01,2.150489e+01,2.141480e+01,2.149104e+01,2.134545e+01,2.145639e+01,2.151182e+01,2.149104e+01,2.142174e+01,2.119966e+01,2.151875e+01,2.140094e+01,2.148411e+01,2.147718e+01,2.149796e+01,2.134545e+01
2.270994e+01,2.288094e+01,2.258665e+01,2.290827e+01,2.292877e+01,2.283993e+01,2.283993e+01,2.286727e+01,2.281941e+01,2.286727e+01,2.285360e+01,2.291510e+01,2.296292e+01,2.301753e+01,2.301071e+01,2.297657e+01,2.301753e+01,2.318121e+01,2.304483e+01,2.319484e+01,2.321527e+01,2.298340e+01,2.322209e+01,2.320846e+01,2.318802e+01,2.333101e+01,2.321527e+01,2.333101e+01,2.334462e+01,2.328337e+01,2.331740e+01,2.309940e+01,2.343983e+01,2.325614e+01,2.345342e+01,2.356211e+01,2.351457e+01,2.343983e+01,2.343983e+01,2.343303e+01,2.345342e+01,2.344662e+01,2.348740e+01,2.340584e+01,2.346022e+01,2.347381e+01,2.331740e+01,2.344662e+01,2.350099e+01,2.352136e+01,2.340584e+01,2.338544e+01,2.345342e+01,2.336503e+01,2.337864e+01,2.335143e+01,2.335823e+01,2.342623e+01,2.331740e+01,2.331060e+01,2.338544e+01,2.335143e+01,2.339224e+01,2.343983e+01,2.352136e+01,2.346022e+01,2.342623e+01,2.343303e+01,2.341944e+01,2.341264e+01,2.355532e+01,2.341944e+01,2.335143e+01,2.350099e+01,2.341264e+01,2.341264e+01,2.352816e+01,2.357569e+01,2.351457e+01,2.343983e+01,2.347381e+01,2.352816e+01,2.350099e+01,2.348060e+01,2.348060e+01,2.346022e+01,2.347381e+01,2.345342e+01,2.345342e+01,2.345342e+01,2.349419e+01,2.353495e+01,2.352816e+01,2.356211e+01,2.359605e+01,2.337864e+01,2.355532e+01,2.339224e+01,2.348060e+01,2.345342e+01,2.344662e+01,2.346701e+01,2.333101e+01,2.361641e+01,2.348740e+01,2.342623e+01,2.351457e+01,2.343303e+01,2.346701e+01,2.343303e+01,2.334462e+01,2.329699e+01,2.326295e+01,2.317439e+01,2.303118e+01,2.307894e+01,2.303118e+01,2.318121e+01,2.335143e+01,2.290144e+01,2.233961e+01,2.206442e+01,2.206442e+01,2.196793e+01,2.195414e+01,2.196104e+01,2.216771e+01,2.190586e+01,2.200930e+01,2.198172e+01,2.219523e+01,2.201619e+01,2.211263e+01,2.205754e+01,2.208509e+01,2.214017e+01,2.241516e+01,2.240142e+01,2.260720e+01,2.271679e+01,2.299706e+01,2.307212e+01,2.266886e+01,2.250437e+01,2.233274e+01,2.258665e+01,2.264146e+01,2.276469e+01,2.242888e+01,2.266886e+01,2.261406e+01,2.235335e+01,2.247006e+01,2.273732e+01,2.274416e+01,2.253866e+01,2.255237e+01,2.270994e+01,2.314031e+01,2.264831e+01,2.285360e+01,2.279206e+01,2.279206e+01,2.299023e+01,2.310622e+01,2.316758e+01,2.227088e+01,2.270994e+01,2.281257e+01,2.275101e+01,2.270309e+01,2.283309e+01,2.225713e+01,2.221587e+01,2.228463e+01,2.250437e+01,2.277837e+01,2.321527e+01,2.345342e+01,2.398895e+01,2.433321e+01,2.362998e+01,2.312668e+01,2.331740e+01,2.362998e+01,2.297657e+01,2.266886e+01,2.303801e+01,2.296292e+01,2.242202e+01,2.229838e+01,2.235335e+01,2.337183e+01,2.359605e+01,2.356890e+01,2.308576e+01,2.288777e+01,2.274416e+01,2.292877e+01,2.329018e+01,2.440732e+01,2.409708e+01,2.409032e+01,2.322209e+01,2.330379e+01,2.352136e+01,2.335823e+01,2.369781e+01,2.452174e+01,2.473006e+01,2.398895e+01,2.304483e+01,2.282625e+01,2.300388e+01,2.278522e+01,2.264146e+01,2.245634e+01,2.225026e+01,2.249065e+01,2.343983e+01,2.371814e+01,2.331740e+01,2.313350e+01,2.307894e+01,2.303801e+01,2.335823e+01,2.340584e+01,2.360283e+01,2.360962e+01,2.304483e+01,2.280573e+01,2.288777e+01,2.279889e+01,2.306530e+01,2.329018e+01,2.293560e+01,2.256608e+01,2.260035e+01,2.257294e+01,2.242888e+01,2.239456e+01,2.273047e+01,2.276469e+01,2.270994e+01,2.252494e+01,2.236022e+01,2.216771e+01,2.211263e+01,2.191965e+01,2.190586e+01,2.191276e+01,2.191965e+01,2.194035e+01,2.187135e+01,2.187825e+01,2.194725e+01,2.192655e+01,2.196104e+01,2.188516e+01,2.185755e+01,2.185065e+01,2.191276e+01,2.191276e+01,2.189896e+01,2.181612e+01,2.187135e+01,2.185755e+01,2.199551e+01,2.183684e+01,2.180922e+01,2.201619e+01,2.185755e+01,2.185065e+01,2.171940e+01,2.186445e+01,2.194035e+01,2.187135e+01,2.171940e+01,2.168483e+01,2.161566e+01,2.177468e+01,2.174704e+01,2.182303e+01,2.169866e+01,2.173322e+01,2.182993e+01,2.162258e+01,2.175395e+01,2.166409e+01,2.154645e+01,2.161566e+01,2.146332e+01,2.160182e+01,2.146332e+01,2.155337e+01,2.158106e+01,2.151182e+01,2.148411e+01,2.156721e+01,2.151875e+01,2.160182e+01,2.160182e+01,2.163642e+01,2.148411e+01,2.150489e+01,2.147718e+01,2.151182e+01,2.156029e+01,2.160874e+01,2.162258e+01,2.147718e+01,2.158798e+01,2.162950e+01,2.169175e+01,2.168483e+01,2.154645e+01,2.156721e+01,2.165025e+01,2.160874e+01,2.174013e+01,2.155337e+01,2.159490e+01,2.162950e+01,2.161566e+01,2.165025e+01,2.165025e+01,2.165717e+01,2.166409e+01,2.168483e+01,2.165717e+01,2.174704e+01,2.169866e+01,2.166409e+01,2.174013e+01,2.168483e+01,2.172631e+01,2.148411e+01,2.164334e+01,2.159490e+01,2.166409e+01,2.169175e+01,2.156029e+01,2.156721e+01,2.158798e+01,2.167792e+01,2.149796e+01,2.156721e+01,2.158798e+01,2.163642e+01,2.176777e+01,2.160874e+01,2.156029e+01,2.162950e+01,2.157414e+01,2.156029e+01,2.158798e+01,2.165025e+01,2.156029e+01,2.158798e+01,2.148411e+01,2.180231e+01,2.156721e+01,2.160874e+01,2.151875e+01,2.165717e+01,2.145639e+01,2.149796e+01,2.163642e+01,2.166409e+01,2.156029e+01,2.162950e+01,2.155337e+01,2.171248e+01,2.168483e+01,2.162258e+01,2.171940e+01,2.159490e+01,2.160182e+01,2.162258e+01,2.155337e+01,2.173322e+01,2.176777e+01,2.176086e+01,2.165717e+01,2.173322e+01,2.172631e+01,2.173322e+01,2.180231e+01,2.164334e+01,2.182303e+01,2.187135e+01,2.189206e+01,2.185755e+01,2.182993e+01,2.178159e+01,2.173322e+01,2.188516e+01,2.163642e+01,2.182303e+01,2.174013e+01,2.176777e+01,2.176777e+01,2.184374e+01,2.191965e+01,2.174704e+01,2.171940e+01,2.176777e+01,2.178159e+01,2.184374e+01,2.179540e+01,2.182993e+01,2.176777e+01,2.185755e+01,2.183684e+01,2.177468e+01,2.180922e+01,2.179540e+01,2.171248e+01,2.178850e+01,2.164334e+01,2.158798e+01,2.176777e+01,2.162950e+01,2.174704e+01,2.167100e+01,2.162950e+01,2.165717e+01,2.151182e+01,2.162258e+01,2.163642e+01,2.157414e+01,2.145639e+01,2.147718e+01,2.162950e+01,2.144946e+01,2.160182e+01,2.157414e+01,2.161566e+01,2.151182e+01,2.164334e+01,2.147025e+01,2.168483e+01,2.164334e+01,2.152567e+01,2.144946e+01,2.160874e+01,2.160874e+01,2.160874e+01,2.161566e+01,2.159490e+01,2.155337e+01,2.158798e+01,2.160874e+01,2.153952e+01,2.166409e+01,2.162950e+01,2.169175e+01,2.163642e+01,2.156029e+01,2.156721e+01,2.150489e+01,2.163642e+01,2.158798e+01,2.165025e+01,2.158106e+01,2.160874e+01,2.162258e+01,2.157414e+01,2.156721e+01,2.152567e+01,2.150489e+01,2.156721e+01,2.167792e+01,2.164334e+01,2.178850e+01,2.159490e+01,2.146332e+01,2.155337e+01,2.148411e+01,2.151875e+01,2.160182e+01,2.151182e+01,2.144946e+01,2.147718e+01,2.171248e+01,2.151182e+01,2.155337e+01,2.149796e+01,2.162258e+01,2.158106e+01,2.156029e+01,2.149104e+01,2.165717e+01,2.140094e+01,2.165717e+01,2.158106e+01,2.149796e+01,2.139400e+01,2.152567e+01,2.158106e+01,2.152567e+01,2.156029e+01,2.174704e+01,2.174013e+01,2.180231e+01,2.158798e+01,2.158798e+01,2.162258e+01,2.165025e+01,2.156029e+01,2.156029e+01,2.156029e+01,2.146332e+01,2.148411e+01,2.153260e+01,2.137320e+01,2.157414e+01,2.173322e+01,2.158798e+01,2.156029e+01,2.169175e+01,2.157414e+01,2.153260e+01,2.171248e+01,2.168483e+01,2.169175e+01,2.169175e+01,2.164334e+01,2.177468e+01,2.175395e+01,2.170557e+01,2.175395e+01,2.172631e+01,2.171940e+01,2.168483e+01,2.172631e+01,2.173322e+01,2.174013e+01,2.178159e+01,2.182993e+01,2.182993e+01,2.189206e+01,2.185755e+01,2.187825e+01,2.167100e+01,2.187135e+01,2.166409e+01,2.194725e+01,2.189206e+01,2.185065e+01,2.189206e+01,2.189206e+01,2.178850e+01,2.194725e+01,2.180922e+01,2.178850e+01,2.199551e+01,2.182303e+01,2.180922e+01,2.187825e+01,2.178159e+01,2.192655e+01,2.200930e+01,2.187825e+01,2.192655e+01,2.194035e+01,2.194035e+01,2.185755e+01,2.179540e+01,2.180231e+01,2.196104e+01,2.179540e+01,2.180922e+01,2.185065e+01,2.179540e+01,2.187135e+01,2.179540e+01,2.187825e+01,2.180231e+01,2.179540e+01,2.156721e+01,2.176777e+01,2.171940e+01,2.170557e+01,2.158798e+01,2.161566e+01,2.140094e+01,2.138013e+01,2.144253e+01,2.137320e+01,2.139400e+01,2.113711e+01,2.124828e+01,2.132464e+01,2.113015e+01,2.116491e+01,2.115796e+01,2.113711e+01,2.109539e+01,2.116491e+01,2.105365e+01,2.090743e+01,2.111625e+01,2.115796e+01,2.109539e+01,2.120660e+01,2.113015e+01,2.127605e+01,2.124133e+01,2.119271e+01,2.117186e+01,2.124828e+01,2.128993e+01,2.128299e+01,2.128299e+01,2.104669e+01,2.135239e+01,2.129688e+01,2.121355e+01,2.135933e+01,2.136626e+01,2.149796e+01,2.133851e+01,2.144946e+01,2.151875e+01,2.138013e+01,2.134545e+01,2.133158e+01,2.135933e+01,2.153260e+01,2.146332e+01,2.152567e+01,2.153952e+01,2.145639e+01,2.138707e+01,2.146332e+01,2.147718e+01,2.135239e+01,2.130382e+01,2.135239e+01
2.287410e+01,2.279889e+01,2.290144e+01,2.291510e+01,2.292194e+01,2.292877e+01,2.296975e+01,2.303118e+01,2.298340e+01,2.291510e+01,2.305165e+01,2.309258e+01,2.299023e+01,2.312668e+01,2.286043e+01,2.303118e+01,2.316076e+01,2.316758e+01,2.326976e+01,2.296292e+01,2.327656e+01,2.314031e+01,2.321527e+01,2.321527e+01,2.322890e+01,2.322890e+01,2.329018e+01,2.311986e+01,2.326295e+01,2.329699e+01,2.332421e+01,2.338544e+01,2.332421e+01,2.344662e+01,2.326295e+01,2.333101e+01,2.343303e+01,2.344662e+01,2.345342e+01,2.346701e+01,2.341264e+01,2.346022e+01,2.340584e+01,2.346701e+01,2.351457e+01,2.331060e+01,2.348060e+01,2.359605e+01,2.342623e+01,2.331740e+01,2.339904e+01,2.333782e+01,2.329699e+01,2.331060e+01,2.341264e+01,2.335143e+01,2.333101e+01,2.332421e+01,2.337183e+01,2.349419e+01,2.346022e+01,2.334462e+01,2.333782e+01,2.324933e+01,2.341264e+01,2.339224e+01,2.337864e+01,2.365711e+01,2.345342e+01,2.337183e+01,2.344662e+01,2.343303e+01,2.347381e+01,2.342623e+01,2.348060e+01,2.320846e+01,2.350099e+01,2.354174e+01,2.340584e+01,2.348060e+01,2.358926e+01,2.352816e+01,2.346701e+01,2.348060e+01,2.341944e+01,2.344662e+01,2.341264e+01,2.356890e+01,2.355532e+01,2.346701e+01,2.342623e+01,2.343983e+01,2.369781e+01,2.360962e+01,2.358247e+01,2.354174e+01,2.336503e+01,2.339224e+01,2.341264e+01,2.339904e+01,2.343983e+01,2.347381e+01,2.348740e+01,2.346022e+01,2.342623e+01,2.329018e+01,2.322890e+01,2.344662e+01,2.337864e+01,2.323571e+01,2.336503e+01,2.333101e+01,2.329699e+01,2.323571e+01,2.303801e+01,2.316076e+01,2.316076e+01,2.329018e+01,2.337864e+01,2.294926e+01,2.233274e+01,2.216082e+01,2.207820e+01,2.201619e+01,2.206442e+01,2.202997e+01,2.196104e+01,2.189206e+01,2.190586e+01,2.193345e+01,2.189206e+01,2.203687e+01,2.207820e+01,2.208509e+01,2.203687e+01,2.221587e+01,2.229151e+01,2.229151e+01,2.243575e+01,2.227776e+01,2.257979e+01,2.264831e+01,2.230525e+01,2.233274e+01,2.239456e+01,2.248379e+01,2.259350e+01,2.257294e+01,2.278522e+01,2.264831e+01,2.257294e+01,2.232587e+01,2.236022e+01,2.281257e+01,2.278522e+01,2.256608e+01,2.270994e+01,2.299023e+01,2.302436e+01,2.329018e+01,2.401600e+01,2.338544e+01,2.294926e+01,2.325614e+01,2.294926e+01,2.290144e+01,2.268940e+01,2.295609e+01,2.329699e+01,2.383332e+01,2.304483e+01,2.247692e+01,2.229838e+01,2.216771e+01,2.233274e+01,2.251122e+01,2.300388e+01,2.322209e+01,2.399571e+01,2.469649e+01,2.394161e+01,2.302436e+01,2.333782e+01,2.386718e+01,2.338544e+01,2.279889e+01,2.299023e+01,2.290144e+01,2.222962e+01,2.207820e+01,2.227088e+01,2.319484e+01,2.337864e+01,2.337183e+01,2.336503e+01,2.294926e+01,2.292877e+01,2.309258e+01,2.327656e+01,2.423208e+01,2.436690e+01,2.476362e+01,2.358926e+01,2.322209e+01,2.322890e+01,2.297657e+01,2.299023e+01,2.333782e+01,2.412409e+01,2.435343e+01,2.345342e+01,2.320165e+01,2.368424e+01,2.301071e+01,2.236022e+01,2.248379e+01,2.240829e+01,2.255923e+01,2.222962e+01,2.252494e+01,2.278522e+01,2.294926e+01,2.252494e+01,2.274416e+01,2.298340e+01,2.294926e+01,2.303801e+01,2.339224e+01,2.353495e+01,2.283993e+01,2.281941e+01,2.280573e+01,2.275101e+01,2.279206e+01,2.266201e+01,2.258665e+01,2.257294e+01,2.257979e+01,2.266201e+01,2.241516e+01,2.260035e+01,2.283309e+01,2.249065e+01,2.244948e+01,2.242202e+01,2.260035e+01,2.222275e+01,2.198862e+01,2.200241e+01,2.189896e+01,2.200930e+01,2.191965e+01,2.173322e+01,2.187825e+01,2.187135e+01,2.190586e+01,2.182303e+01,2.196793e+01,2.207131e+01,2.189206e+01,2.184374e+01,2.180231e+01,2.186445e+01,2.189206e+01,2.183684e+01,2.177468e+01,2.186445e+01,2.187135e+01,2.180922e+01,2.187825e+01,2.180231e+01,2.194035e+01,2.185065e+01,2.185065e+01,2.183684e+01,2.181612e+01,2.178850e+01,2.178159e+01,2.178159e+01,2.170557e+01,2.177468e+01,2.173322e+01,2.176777e+01,2.174704e+01,2.176086e+01,2.185755e+01,2.161566e+01,2.169866e+01,2.158106e+01,2.161566e+01,2.149104e+01,2.165717e+01,2.165025e+01,2.145639e+01,2.156721e+01,2.155337e+01,2.152567e+01,2.158106e+01,2.147025e+01,2.158106e+01,2.145639e+01,2.164334e+01,2.147718e+01,2.147025e+01,2.167100e+01,2.150489e+01,2.171248e+01,2.149796e+01,2.167792e+01,2.162950e+01,2.147025e+01,2.158106e+01,2.156721e+01,2.151875e+01,2.157414e+01,2.169175e+01,2.153260e+01,2.155337e+01,2.159490e+01,2.174013e+01,2.162258e+01,2.180922e+01,2.162950e+01,2.162950e+01,2.162258e+01,2.166409e+01,2.161566e+01,2.174704e+01,2.156721e+01,2.172631e+01,2.144253e+01,2.194035e+01,2.153952e+01,2.151182e+01,2.170557e+01,2.165717e+01,2.167100e+01,2.171940e+01,2.160874e+01,2.158798e+01,2.158798e+01,2.160874e+01,2.170557e+01,2.156721e+01,2.156721e+01,2.160182e+01,2.162950e+01,2.161566e+01,2.166409e+01,2.156029e+01,2.156721e+01,2.152567e+01,2.156029e+01,2.158798e+01,2.156721e+01,2.155337e+01,2.146332e+01,2.160182e+01,2.151182e+01,2.159490e+01,2.171248e+01,2.159490e+01,2.164334e+01,2.167792e+01,2.153260e+01,2.161566e+01,2.165025e+01,2.153260e+01,2.157414e+01,2.160874e+01,2.162950e+01,2.158798e+01,2.142174e+01,2.156721e+01,2.178850e+01,2.165717e+01,2.170557e+01,2.171248e+01,2.164334e+01,2.169866e+01,2.169175e+01,2.181612e+01,2.175395e+01,2.156029e+01,2.166409e+01,2.171248e+01,2.171940e+01,2.176086e+01,2.176777e+01,2.178850e+01,2.180922e+01,2.179540e+01,2.181612e+01,2.165025e+01,2.172631e+01,2.178159e+01,2.174013e+01,2.171940e+01,2.168483e+01,2.177468e+01,2.176777e+01,2.178159e+01,2.177468e+01,2.174704e+01,2.171940e+01,2.179540e+01,2.178159e+01,2.178850e+01,2.174704e+01,2.176086e+01,2.179540e+01,2.171940e+01,2.179540e+01,2.170557e+01,2.170557e+01,2.185755e+01,2.189896e+01,2.178159e+01,2.173322e+01,2.170557e+01,2.171248e+01,2.169175e+01,2.174013e+01,2.162950e+01,2.167100e+01,2.161566e+01,2.158798e+01,2.176086e+01,2.161566e+01,2.153260e+01,2.161566e+01,2.154645e+01,2.179540e+01,2.161566e+01,2.163642e+01,2.162258e+01,2.162258e+01,2.153952e+01,2.156721e+01,2.151875e+01,2.159490e+01,2.155337e+01,2.158106e+01,2.156721e+01,2.158106e+01,2.161566e+01,2.160874e+01,2.151182e+01,2.160874e+01,2.162258e+01,2.151875e+01,2.160874e+01,2.167792e+01,2.165025e+01,2.167100e+01,2.161566e+01,2.165717e+01,2.160874e+01,2.160874e+01,2.160874e+01,2.164334e+01,2.162950e+01,2.157414e+01,2.161566e+01,2.160182e+01,2.142174e+01,2.162258e+01,2.158798e+01,2.146332e+01,2.159490e+01,2.175395e+01,2.157414e+01,2.156029e+01,2.150489e+01,2.168483e+01,2.169175e+01,2.165025e+01,2.149796e+01,2.162258e+01,2.158798e+01,2.171940e+01,2.146332e+01,2.152567e+01,2.154645e+01,2.171248e+01,2.173322e+01,2.158798e+01,2.155337e+01,2.144253e+01,2.166409e+01,2.160874e+01,2.166409e+01,2.162258e+01,2.140787e+01,2.160874e+01,2.153952e+01,2.156029e+01,2.149104e+01,2.165717e+01,2.167100e+01,2.158106e+01,2.153260e+01,2.161566e+01,2.151182e+01,2.168483e+01,2.156721e+01,2.170557e+01,2.161566e+01,2.141480e+01,2.163642e+01,2.161566e+01,2.153952e+01,2.157414e+01,2.167100e+01,2.163642e+01,2.162950e+01,2.157414e+01,2.169866e+01,2.164334e+01,2.152567e+01,2.169175e+01,2.161566e+01,2.153260e+01,2.168483e+01,2.169175e+01,2.172631e+01,2.165025e+01,2.165025e+01,2.194035e+01,2.176086e+01,2.178159e+01,2.178850e+01,2.174704e+01,2.170557e+01,2.181612e+01,2.185755e+01,2.189206e+01,2.188516e+01,2.180231e+01,2.182303e+01,2.187135e+01,2.187825e+01,2.171940e+01,2.190586e+01,2.189896e+01,2.199551e+01,2.171248e+01,2.198172e+01,2.222275e+01,2.187825e+01,2.186445e+01,2.189206e+01,2.186445e+01,2.197483e+01,2.180231e+01,2.182993e+01,2.185065e+01,2.178159e+01,2.192655e+01,2.189896e+01,2.198172e+01,2.182993e+01,2.182303e+01,2.180231e+01,2.194035e+01,2.193345e+01,2.194035e+01,2.199551e+01,2.187135e+01,2.191965e+01,2.191965e+01,2.198172e+01,2.186445e+01,2.189206e+01,2.187825e+01,2.185755e+01,2.179540e+01,2.186445e+01,2.184374e+01,2.185065e+01,2.184374e+01,2.177468e+01,2.171940e+01,2.168483e+01,2.162258e+01,2.164334e+01,2.142174e+01,2.127605e+01,2.143560e+01,2.133158e+01,2.138707e+01,2.142867e+01,2.127605e+01,2.117186e+01,2.119271e+01,2.135933e+01,2.117881e+01,2.120660e+01,2.092833e+01,2.111625e+01,2.116491e+01,2.103973e+01,2.089350e+01,2.124133e+01,2.123439e+01,2.118576e+01,2.119966e+01,2.105365e+01,2.119271e+01,2.138707e+01,2.135933e+01,2.127605e+01,2.131770e+01,2.133851e+01,2.133851e+01,2.129688e+01,2.136626e+01,2.135239e+01,2.127605e+01,2.138707e+01,2.142867e+01,2.142174e+01,2.153952e+01,2.140094e+01,2.142174e+01,2.144946e+01,2.140094e+01,2.145639e+01,2.151875e+01,2.129688e+01,2.141480e+01,2.144253e+01,2.142867e+01,2.142174e+01,2.152567e+01,2.152567e+01,2.134545e+01,2.144946e+01,2.142174e+01,2.137320e+01
2.288094e+01,2.287410e+01,2.292194e+01,2.293560e+01,2.299023e+01,2.300388e+01,2.303118e+01,2.305165e+01,2.304483e+01,2.303801e+01,2.306530e+01,2.327656e+01,2.323571e+01,2.303118e+01,2.316076e+01,2.290144e+01,2.307212e+01,2.309258e+01,2.314713e+01,2.314031e+01,2.321527e+01,2.304483e+01,2.328337e+01,2.322890e+01,2.301753e+01,2.323571e+01,2.326976e+01,2.314031e+01,2.320165e+01,2.332421e+01,2.332421e+01,2.332421e+01,2.352816e+01,2.339904e+01,2.327656e+01,2.339904e+01,2.351457e+01,2.341264e+01,2.337864e+01,2.347381e+01,2.339904e+01,2.341944e+01,2.338544e+01,2.341264e+01,2.356211e+01,2.339224e+01,2.343983e+01,2.346022e+01,2.343303e+01,2.329018e+01,2.351457e+01,2.334462e+01,2.346022e+01,2.342623e+01,2.343303e+01,2.329018e+01,2.341944e+01,2.342623e+01,2.335823e+01,2.335143e+01,2.349419e+01,2.335823e+01,2.350099e+01,2.336503e+01,2.337183e+01,2.337864e+01,2.337183e+01,2.341264e+01,2.335143e+01,2.338544e+01,2.334462e+01,2.353495e+01,2.350778e+01,2.349419e+01,2.358926e+01,2.335823e+01,2.340584e+01,2.354174e+01,2.356211e+01,2.354853e+01,2.355532e+01,2.351457e+01,2.343983e+01,2.348060e+01,2.341944e+01,2.348060e+01,2.357569e+01,2.339224e+01,2.359605e+01,2.341264e+01,2.356211e+01,2.358247e+01,2.341944e+01,2.350099e+01,2.361641e+01,2.360962e+01,2.356211e+01,2.352136e+01,2.350099e+01,2.327656e+01,2.345342e+01,2.350778e+01,2.344662e+01,2.332421e+01,2.348740e+01,2.341944e+01,2.341944e+01,2.336503e+01,2.322890e+01,2.326976e+01,2.340584e+01,2.322890e+01,2.320165e+01,2.316076e+01,2.303118e+01,2.305165e+01,2.307212e+01,2.316076e+01,2.341944e+01,2.307894e+01,2.236709e+01,2.209886e+01,2.192655e+01,2.203687e+01,2.205065e+01,2.200930e+01,2.201619e+01,2.198172e+01,2.191965e+01,2.192655e+01,2.187825e+01,2.199551e+01,2.198172e+01,2.194725e+01,2.202997e+01,2.204376e+01,2.214017e+01,2.226401e+01,2.256608e+01,2.225713e+01,2.229151e+01,2.236022e+01,2.234648e+01,2.214017e+01,2.244948e+01,2.234648e+01,2.253866e+01,2.264831e+01,2.277153e+01,2.266201e+01,2.244948e+01,2.233961e+01,2.238082e+01,2.266201e+01,2.277153e+01,2.267571e+01,2.264146e+01,2.279889e+01,2.332421e+01,2.374526e+01,2.377236e+01,2.292877e+01,2.296975e+01,2.328337e+01,2.288777e+01,2.301071e+01,2.359605e+01,2.431299e+01,2.430625e+01,2.370458e+01,2.288094e+01,2.255923e+01,2.231900e+01,2.233961e+01,2.213329e+01,2.271679e+01,2.273047e+01,2.296292e+01,2.323571e+01,2.290144e+01,2.289461e+01,2.290144e+01,2.342623e+01,2.378591e+01,2.323571e+01,2.268940e+01,2.247692e+01,2.225026e+01,2.197483e+01,2.200930e+01,2.233274e+01,2.238082e+01,2.240829e+01,2.261406e+01,2.253180e+01,2.260720e+01,2.267571e+01,2.288777e+01,2.310622e+01,2.362998e+01,2.407006e+01,2.407681e+01,2.286043e+01,2.273732e+01,2.296292e+01,2.283309e+01,2.294926e+01,2.295609e+01,2.338544e+01,2.324933e+01,2.311304e+01,2.305848e+01,2.276469e+01,2.273732e+01,2.356890e+01,2.413085e+01,2.333101e+01,2.250437e+01,2.206442e+01,2.227088e+01,2.222962e+01,2.226401e+01,2.250437e+01,2.261406e+01,2.295609e+01,2.308576e+01,2.305165e+01,2.281257e+01,2.281257e+01,2.283993e+01,2.286727e+01,2.287410e+01,2.280573e+01,2.311986e+01,2.328337e+01,2.307894e+01,2.276469e+01,2.259350e+01,2.256608e+01,2.254551e+01,2.232587e+01,2.234648e+01,2.256608e+01,2.240829e+01,2.246320e+01,2.238769e+01,2.200241e+01,2.189896e+01,2.191276e+01,2.190586e+01,2.187825e+01,2.189896e+01,2.191965e+01,2.181612e+01,2.191965e+01,2.201619e+01,2.175395e+01,2.185065e+01,2.183684e+01,2.184374e+01,2.187135e+01,2.182303e+01,2.187825e+01,2.191276e+01,2.174704e+01,2.198172e+01,2.191276e+01,2.187825e+01,2.198172e+01,2.178850e+01,2.180922e+01,2.176777e+01,2.174704e+01,2.185065e+01,2.186445e+01,2.184374e+01,2.180231e+01,2.174704e+01,2.189206e+01,2.176777e+01,2.174704e+01,2.178159e+01,2.182303e+01,2.169175e+01,2.160182e+01,2.174704e+01,2.161566e+01,2.162258e+01,2.160182e+01,2.164334e+01,2.158798e+01,2.163642e+01,2.158798e+01,2.160182e+01,2.151875e+01,2.162950e+01,2.156721e+01,2.156029e+01,2.155337e+01,2.156029e+01,2.148411e+01,2.162258e+01,2.156029e+01,2.154645e+01,2.153260e+01,2.152567e+01,2.158106e+01,2.144253e+01,2.145639e+01,2.145639e+01,2.157414e+01,2.160874e+01,2.149796e+01,2.162258e+01,2.164334e+01,2.162950e+01,2.155337e+01,2.156721e+01,2.165025e+01,2.152567e+01,2.156721e+01,2.162950e+01,2.164334e+01,2.167792e+01,2.178850e+01,2.160874e+01,2.168483e+01,2.158798e+01,2.165025e+01,2.169866e+01,2.152567e+01,2.146332e+01,2.167100e+01,2.162950e+01,2.168483e+01,2.169175e+01,2.159490e+01,2.171248e+01,2.163642e+01,2.146332e+01,2.157414e+01,2.157414e+01,2.158798e+01,2.160182e+01,2.161566e+01,2.156029e+01,2.153260e+01,2.158106e+01,2.156029e+01,2.153952e+01,2.159490e+01,2.158106e+01,2.156721e+01,2.161566e+01,2.157414e+01,2.166409e+01,2.142867e+01,2.160874e+01,2.160874e+01,2.165717e+01,2.154645e+01,2.149104e+01,2.161566e+01,2.149104e+01,2.153260e+01,2.141480e+01,2.144946e+01,2.148411e+01,2.158106e+01,2.165025e+01,2.156029e+01,2.162258e+01,2.165717e+01,2.139400e+01,2.159490e+01,2.139400e+01,2.166409e+01,2.152567e+01,2.158106e+01,2.169175e+01,2.170557e+01,2.178159e+01,2.165025e+01,2.167792e+01,2.176086e+01,2.173322e+01,2.178850e+01,2.168483e+01,2.181612e+01,2.182303e+01,2.179540e+01,2.187825e+01,2.178850e+01,2.182993e+01,2.175395e+01,2.173322e+01,2.175395e+01,2.177468e+01,2.178850e+01,2.176086e+01,2.179540e+01,2.179540e+01,2.174704e+01,2.176777e+01,2.185755e+01,2.170557e+01,2.176777e+01,2.176777e+01,2.178159e+01,2.173322e+01,2.176086e+01,2.162950e+01,2.176777e+01,2.183684e+01,2.185065e+01,2.178159e+01,2.187825e+01,2.156721e+01,2.167792e+01,2.171940e+01,2.174013e+01,2.168483e+01,2.164334e+01,2.162258e+01,2.161566e+01,2.161566e+01,2.166409e+01,2.160874e+01,2.158798e+01,2.160182e+01,2.158106e+01,2.174704e+01,2.149104e+01,2.145639e+01,2.144253e+01,2.145639e+01,2.172631e+01,2.134545e+01,2.161566e+01,2.166409e+01,2.151875e+01,2.162258e+01,2.140787e+01,2.157414e+01,2.152567e+01,2.156029e+01,2.157414e+01,2.167100e+01,2.162258e+01,2.157414e+01,2.136626e+01,2.160874e+01,2.156721e+01,2.157414e+01,2.164334e+01,2.165717e+01,2.166409e+01,2.160874e+01,2.159490e+01,2.164334e+01,2.163642e+01,2.157414e+01,2.165717e+01,2.159490e+01,2.167100e+01,2.159490e+01,2.167792e+01,2.158798e+01,2.152567e+01,2.166409e+01,2.168483e+01,2.150489e+01,2.156721e+01,2.156721e+01,2.152567e+01,2.159490e+01,2.146332e+01,2.162258e+01,2.158106e+01,2.145639e+01,2.169866e+01,2.154645e+01,2.144253e+01,2.175395e+01,2.149796e+01,2.162258e+01,2.158798e+01,2.153260e+01,2.142867e+01,2.156029e+01,2.162258e+01,2.149796e+01,2.153260e+01,2.154645e+01,2.165025e+01,2.162950e+01,2.155337e+01,2.167792e+01,2.153952e+01,2.164334e+01,2.167100e+01,2.161566e+01,2.156721e+01,2.144946e+01,2.172631e+01,2.158106e+01,2.170557e+01,2.167100e+01,2.160182e+01,2.169866e+01,2.160182e+01,2.159490e+01,2.156029e+01,2.150489e+01,2.158106e+01,2.162258e+01,2.151875e+01,2.165025e+01,2.153260e+01,2.153260e+01,2.156721e+01,2.169866e+01,2.160182e+01,2.168483e+01,2.173322e+01,2.170557e+01,2.171248e+01,2.169175e+01,2.164334e+01,2.167100e+01,2.178850e+01,2.166409e+01,2.182993e+01,2.180922e+01,2.185755e+01,2.180231e+01,2.187135e+01,2.180922e+01,2.192655e+01,2.189896e+01,2.190586e+01,2.170557e+01,2.199551e+01,2.189896e+01,2.189896e+01,2.198172e+01,2.200930e+01,2.190586e+01,2.187825e+01,2.188516e+01,2.178159e+01,2.190586e+01,2.187135e+01,2.207820e+01,2.196793e+01,2.178159e+01,2.198172e+01,2.193345e+01,2.190586e+01,2.182303e+01,2.182993e+01,2.200930e+01,2.192655e+01,2.172631e+01,2.191276e+01,2.193345e+01,2.197483e+01,2.194035e+01,2.211263e+01,2.191276e+01,2.198172e+01,2.180922e+01,2.180922e+01,2.193345e+01,2.191276e+01,2.190586e+01,2.187135e+01,2.182993e+01,2.198172e+01,2.176086e+01,2.174704e+01,2.178850e+01,2.171940e+01,2.161566e+01,2.151182e+01,2.149104e+01,2.143560e+01,2.142174e+01,2.142174e+01,2.138013e+01,2.135239e+01,2.131770e+01,2.139400e+01,2.113711e+01,2.117881e+01,2.109539e+01,2.116491e+01,2.124133e+01,2.095619e+01,2.103973e+01,2.106756e+01,2.112320e+01,2.125522e+01,2.103277e+01,2.126911e+01,2.122744e+01,2.124828e+01,2.120660e+01,2.122744e+01,2.099797e+01,2.124828e+01,2.119966e+01,2.129688e+01,2.135933e+01,2.128299e+01,2.142867e+01,2.138013e+01,2.133158e+01,2.140094e+01,2.135239e+01,2.140787e+01,2.134545e+01,2.144253e+01,2.145639e+01,2.140094e+01,2.151182e+01,2.143560e+01,2.142174e+01,2.138707e+01,2.151875e+01,2.157414e+01,2.140787e+01,2.149104e+01,2.138013e+01,2.156721e+01,2.133851e+01,2.155337e+01,2.132464e+01,2.140094e+01,2.143560e+01
2.290827e+01,2.305848e+01,2.297657e+01,2.299706e+01,2.301753e+01,2.307894e+01,2.309940e+01,2.309258e+01,2.309258e+01,2.310622e+01,2.335143e+01,2.331060e+01,2.308576e+01,2.315395e+01,2.309940e+01,2.316076e+01,2.350778e+01,2.324252e+01,2.314713e+01,2.315395e+01,2.293560e+01,2.326976e+01,2.326295e+01,2.320165e+01,2.336503e+01,2.337183e+01,2.326976e+01,2.324252e+01,2.335823e+01,2.322209e+01,2.322209e+01,2.344662e+01,2.353495e+01,2.351457e+01,2.348060e+01,2.339224e+01,2.342623e+01,2.352816e+01,2.332421e+01,2.343303e+01,2.343303e+01,2.343983e+01,2.337864e+01,2.332421e+01,2.344662e+01,2.346701e+01,2.357569e+01,2.361641e+01,2.329699e+01,2.348740e+01,2.329699e+01,2.348740e+01,2.343303e+01,2.333101e+01,2.328337e+01,2.339904e+01,2.329699e+01,2.337864e+01,2.346701e+01,2.339904e+01,2.343983e+01,2.361641e+01,2.356211e+01,2.346701e+01,2.344662e+01,2.335823e+01,2.341264e+01,2.347381e+01,2.341264e+01,2.337864e+01,2.348060e+01,2.346022e+01,2.339224e+01,2.354853e+01,2.355532e+01,2.351457e+01,2.352816e+01,2.354174e+01,2.354174e+01,2.352136e+01,2.346701e+01,2.360962e+01,2.354174e+01,2.352136e+01,2.355532e+01,2.346701e+01,2.350778e+01,2.356890e+01,2.347381e+01,2.352816e+01,2.345342e+01,2.358926e+01,2.348060e+01,2.348060e+01,2.344662e+01,2.346701e+01,2.350778e+01,2.354174e+01,2.353495e+01,2.356211e+01,2.345342e+01,2.346701e+01,2.341264e+01,2.343303e+01,2.341264e+01,2.364355e+01,2.350099e+01,2.343303e+01,2.317439e+01,2.325614e+01,2.342623e+01,2.318121e+01,2.314713e+01,2.305848e+01,2.309940e+01,2.301753e+01,2.301753e+01,2.329018e+01,2.316076e+01,2.320165e+01,2.255237e+01,2.207131e+01,2.205065e+01,2.171940e+01,2.200241e+01,2.205065e+01,2.198862e+01,2.191965e+01,2.207820e+01,2.204376e+01,2.199551e+01,2.200930e+01,2.199551e+01,2.205065e+01,2.213329e+01,2.205065e+01,2.221587e+01,2.226401e+01,2.226401e+01,2.245634e+01,2.267571e+01,2.231212e+01,2.232587e+01,2.244948e+01,2.237395e+01,2.236022e+01,2.262091e+01,2.275101e+01,2.298340e+01,2.245634e+01,2.235335e+01,2.220899e+01,2.268940e+01,2.294926e+01,2.292877e+01,2.257979e+01,2.262776e+01,2.318121e+01,2.373170e+01,2.336503e+01,2.296975e+01,2.286043e+01,2.337864e+01,2.340584e+01,2.329018e+01,2.392132e+01,2.483742e+01,2.373848e+01,2.348740e+01,2.280573e+01,2.303118e+01,2.273047e+01,2.273732e+01,2.240829e+01,2.233274e+01,2.243575e+01,2.236709e+01,2.235335e+01,2.235335e+01,2.218147e+01,2.290144e+01,2.296292e+01,2.346022e+01,2.360283e+01,2.326295e+01,2.274416e+01,2.260720e+01,2.227776e+01,2.198862e+01,2.216771e+01,2.212641e+01,2.223650e+01,2.211952e+01,2.220211e+01,2.226401e+01,2.205754e+01,2.266886e+01,2.281257e+01,2.339904e+01,2.339904e+01,2.326976e+01,2.285360e+01,2.253180e+01,2.275101e+01,2.266201e+01,2.269625e+01,2.255923e+01,2.249751e+01,2.253180e+01,2.283309e+01,2.309940e+01,2.279206e+01,2.286043e+01,2.399571e+01,2.478376e+01,2.412409e+01,2.305165e+01,2.231212e+01,2.207820e+01,2.217459e+01,2.207131e+01,2.229838e+01,2.256608e+01,2.292877e+01,2.343983e+01,2.365711e+01,2.298340e+01,2.254551e+01,2.276469e+01,2.283993e+01,2.281941e+01,2.284676e+01,2.340584e+01,2.390778e+01,2.344662e+01,2.312668e+01,2.290144e+01,2.258665e+01,2.261406e+01,2.228463e+01,2.227776e+01,2.238769e+01,2.266886e+01,2.248379e+01,2.245634e+01,2.233961e+01,2.218147e+01,2.209886e+01,2.195414e+01,2.190586e+01,2.193345e+01,2.189206e+01,2.191276e+01,2.180922e+01,2.167792e+01,2.184374e+01,2.178159e+01,2.182993e+01,2.200241e+01,2.202997e+01,2.185755e+01,2.190586e+01,2.187135e+01,2.194725e+01,2.184374e+01,2.191276e+01,2.184374e+01,2.192655e+01,2.198862e+01,2.186445e+01,2.194725e+01,2.174704e+01,2.178850e+01,2.188516e+01,2.192655e+01,2.172631e+01,2.180231e+01,2.180922e+01,2.173322e+01,2.176777e+01,2.179540e+01,2.176777e+01,2.180231e+01,2.178159e+01,2.178159e+01,2.175395e+01,2.173322e+01,2.149104e+01,2.165717e+01,2.171248e+01,2.158798e+01,2.164334e+01,2.160874e+01,2.169866e+01,2.158798e+01,2.158798e+01,2.164334e+01,2.160874e+01,2.159490e+01,2.160182e+01,2.156029e+01,2.146332e+01,2.152567e+01,2.153952e+01,2.150489e+01,2.153952e+01,2.149104e+01,2.169175e+01,2.160874e+01,2.154645e+01,2.168483e+01,2.163642e+01,2.142174e+01,2.162258e+01,2.153260e+01,2.165025e+01,2.153260e+01,2.158798e+01,2.159490e+01,2.160874e+01,2.174704e+01,2.160182e+01,2.174013e+01,2.163642e+01,2.162950e+01,2.165025e+01,2.171940e+01,2.168483e+01,2.160874e+01,2.159490e+01,2.160874e+01,2.151875e+01,2.149104e+01,2.151182e+01,2.156029e+01,2.169175e+01,2.159490e+01,2.171940e+01,2.156029e+01,2.163642e+01,2.147025e+01,2.169866e+01,2.151875e+01,2.160182e+01,2.162950e+01,2.160182e+01,2.161566e+01,2.155337e+01,2.158106e+01,2.165025e+01,2.155337e+01,2.157414e+01,2.159490e+01,2.154645e+01,2.147025e+01,2.163642e+01,2.163642e+01,2.151182e+01,2.176086e+01,2.164334e+01,2.165717e+01,2.159490e+01,2.161566e+01,2.159490e+01,2.155337e+01,2.157414e+01,2.166409e+01,2.158798e+01,2.156721e+01,2.169175e+01,2.167100e+01,2.161566e+01,2.156029e+01,2.164334e+01,2.165717e+01,2.162950e+01,2.158798e+01,2.172631e+01,2.162950e+01,2.167792e+01,2.169866e+01,2.175395e+01,2.171248e+01,2.178159e+01,2.175395e+01,2.178850e+01,2.180231e+01,2.176777e+01,2.183684e+01,2.173322e+01,2.169175e+01,2.175395e+01,2.173322e+01,2.165025e+01,2.183684e+01,2.176086e+01,2.182993e+01,2.172631e+01,2.177468e+01,2.177468e+01,2.180922e+01,2.182303e+01,2.175395e+01,2.177468e+01,2.171248e+01,2.175395e+01,2.172631e+01,2.167792e+01,2.180231e+01,2.178850e+01,2.178159e+01,2.183684e+01,2.162258e+01,2.191276e+01,2.177468e+01,2.167100e+01,2.165717e+01,2.171248e+01,2.180231e+01,2.176777e+01,2.175395e+01,2.170557e+01,2.171248e+01,2.162258e+01,2.181612e+01,2.164334e+01,2.158106e+01,2.159490e+01,2.164334e+01,2.161566e+01,2.159490e+01,2.144946e+01,2.169866e+01,2.164334e+01,2.161566e+01,2.162950e+01,2.134545e+01,2.164334e+01,2.156029e+01,2.152567e+01,2.176086e+01,2.164334e+01,2.156721e+01,2.158106e+01,2.159490e+01,2.158798e+01,2.161566e+01,2.158798e+01,2.149104e+01,2.155337e+01,2.159490e+01,2.133851e+01,2.158798e+01,2.163642e+01,2.166409e+01,2.168483e+01,2.172631e+01,2.161566e+01,2.163642e+01,2.175395e+01,2.158106e+01,2.171940e+01,2.165717e+01,2.169175e+01,2.172631e+01,2.162258e+01,2.165717e+01,2.146332e+01,2.155337e+01,2.158798e+01,2.159490e+01,2.161566e+01,2.167792e+01,2.153260e+01,2.161566e+01,2.165025e+01,2.160182e+01,2.163642e+01,2.158798e+01,2.160874e+01,2.156721e+01,2.158798e+01,2.158798e+01,2.147718e+01,2.150489e+01,2.164334e+01,2.153260e+01,2.153952e+01,2.165025e+01,2.167792e+01,2.160182e+01,2.160874e+01,2.154645e+01,2.159490e+01,2.144946e+01,2.151182e+01,2.153260e+01,2.149796e+01,2.161566e+01,2.184374e+01,2.171248e+01,2.158798e+01,2.149104e+01,2.160182e+01,2.160874e+01,2.162258e+01,2.158798e+01,2.159490e+01,2.162950e+01,2.160874e+01,2.167792e+01,2.163642e+01,2.155337e+01,2.154645e+01,2.160182e+01,2.162258e+01,2.157414e+01,2.171248e+01,2.160874e+01,2.170557e+01,2.173322e+01,2.163642e+01,2.168483e+01,2.168483e+01,2.172631e+01,2.172631e+01,2.140787e+01,2.177468e+01,2.184374e+01,2.168483e+01,2.176086e+01,2.178850e+01,2.174704e+01,2.187825e+01,2.185065e+01,2.187135e+01,2.202308e+01,2.187135e+01,2.191965e+01,2.190586e+01,2.187135e+01,2.189896e+01,2.191276e+01,2.200241e+01,2.202308e+01,2.191965e+01,2.189206e+01,2.191276e+01,2.190586e+01,2.176777e+01,2.187135e+01,2.214017e+01,2.178850e+01,2.205754e+01,2.177468e+01,2.200241e+01,2.182303e+01,2.189206e+01,2.205065e+01,2.188516e+01,2.196793e+01,2.194035e+01,2.176777e+01,2.199551e+01,2.194035e+01,2.193345e+01,2.200241e+01,2.185755e+01,2.194035e+01,2.186445e+01,2.193345e+01,2.192655e+01,2.190586e+01,2.192655e+01,2.186445e+01,2.208509e+01,2.184374e+01,2.181612e+01,2.199551e+01,2.182303e+01,2.175395e+01,2.185755e+01,2.174704e+01,2.171248e+01,2.156721e+01,2.160874e+01,2.168483e+01,2.149104e+01,2.142867e+01,2.137320e+01,2.139400e+01,2.136626e+01,2.143560e+01,2.125522e+01,2.126217e+01,2.124133e+01,2.120660e+01,2.108843e+01,2.124133e+01,2.099797e+01,2.109539e+01,2.110929e+01,2.099101e+01,2.096316e+01,2.122744e+01,2.124133e+01,2.127605e+01,2.124133e+01,2.124133e+01,2.126911e+01,2.136626e+01,2.138013e+01,2.117881e+01,2.135933e+01,2.142174e+01,2.138013e+01,2.137320e+01,2.140094e+01,2.145639e+01,2.142867e+01,2.139400e+01,2.146332e+01,2.141480e+01,2.142867e+01,2.161566e+01,2.142174e+01,2.138013e+01,2.151182e+01,2.151875e+01,2.147025e+01,2.149104e+01,2.139400e+01,2.137320e+01,2.148411e+01,2.165717e+01,2.136626e+01,2.136626e+01,2.144946e+01,2.145639e+01,2.145639e+01
2.299023e+01,2.309940e+01,2.314713e+01,2.317439e+01,2.326295e+01,2.318121e+01,2.335143e+01,2.335143e+01,2.337183e+01,2.335823e+01,2.330379e+01,2.341264e+01,2.335143e+01,2.333101e+01,2.316076e+01,2.322209e+01,2.320165e+01,2.316758e+01,2.314031e+01,2.334462e+01,2.329699e+01,2.331740e+01,2.327656e+01,2.320846e+01,2.315395e+01,2.333101e+01,2.328337e+01,2.330379e+01,2.331740e+01,2.320165e+01,2.323571e+01,2.325614e+01,2.348060e+01,2.351457e+01,2.342623e+01,2.346701e+01,2.348060e+01,2.341264e+01,2.344662e+01,2.344662e+01,2.333782e+01,2.336503e+01,2.331060e+01,2.332421e+01,2.345342e+01,2.350099e+01,2.360962e+01,2.335823e+01,2.337864e+01,2.338544e+01,2.337864e+01,2.346022e+01,2.339224e+01,2.345342e+01,2.348060e+01,2.331060e+01,2.322890e+01,2.336503e+01,2.331740e+01,2.347381e+01,2.341264e+01,2.344662e+01,2.334462e+01,2.323571e+01,2.345342e+01,2.343303e+01,2.336503e+01,2.337864e+01,2.356211e+01,2.343983e+01,2.358926e+01,2.339224e+01,2.337183e+01,2.346022e+01,2.344662e+01,2.342623e+01,2.346701e+01,2.352816e+01,2.346022e+01,2.354853e+01,2.356211e+01,2.341264e+01,2.356890e+01,2.354174e+01,2.348740e+01,2.342623e+01,2.346701e+01,2.358926e+01,2.355532e+01,2.353495e+01,2.352136e+01,2.349419e+01,2.360283e+01,2.350099e+01,2.348060e+01,2.348060e+01,2.344662e+01,2.343303e+01,2.329699e+01,2.358247e+01,2.354853e+01,2.339224e+01,2.358247e+01,2.343303e+01,2.356890e+01,2.343303e+01,2.342623e+01,2.342623e+01,2.350778e+01,2.343303e+01,2.331740e+01,2.332421e+01,2.336503e+01,2.310622e+01,2.308576e+01,2.305848e+01,2.296292e+01,2.298340e+01,2.309258e+01,2.331060e+01,2.256608e+01,2.219523e+01,2.203687e+01,2.198172e+01,2.196104e+01,2.195414e+01,2.197483e+01,2.198862e+01,2.200241e+01,2.196104e+01,2.194725e+01,2.201619e+01,2.199551e+01,2.196793e+01,2.197483e+01,2.211263e+01,2.217459e+01,2.244948e+01,2.255237e+01,2.266201e+01,2.267571e+01,2.233961e+01,2.244261e+01,2.235335e+01,2.242888e+01,2.238769e+01,2.275101e+01,2.299706e+01,2.273732e+01,2.242202e+01,2.227088e+01,2.230525e+01,2.278522e+01,2.299706e+01,2.294926e+01,2.270994e+01,2.264831e+01,2.336503e+01,2.346701e+01,2.322209e+01,2.289461e+01,2.324933e+01,2.321527e+01,2.303801e+01,2.352136e+01,2.433995e+01,2.381978e+01,2.303118e+01,2.288777e+01,2.274416e+01,2.248379e+01,2.237395e+01,2.251122e+01,2.251808e+01,2.254551e+01,2.231900e+01,2.207131e+01,2.192655e+01,2.205754e+01,2.247692e+01,2.261406e+01,2.297657e+01,2.303801e+01,2.303801e+01,2.264146e+01,2.273732e+01,2.244261e+01,2.217459e+01,2.220899e+01,2.225026e+01,2.238082e+01,2.266886e+01,2.286727e+01,2.271679e+01,2.258665e+01,2.262776e+01,2.281941e+01,2.289461e+01,2.329699e+01,2.307212e+01,2.264831e+01,2.260035e+01,2.246320e+01,2.281257e+01,2.283993e+01,2.269625e+01,2.259350e+01,2.233274e+01,2.251122e+01,2.259350e+01,2.264831e+01,2.277837e+01,2.331740e+01,2.412409e+01,2.361641e+01,2.279206e+01,2.260720e+01,2.228463e+01,2.262776e+01,2.279889e+01,2.236709e+01,2.223650e+01,2.257294e+01,2.331740e+01,2.394161e+01,2.343983e+01,2.269625e+01,2.268940e+01,2.286727e+01,2.270309e+01,2.277153e+01,2.320165e+01,2.305165e+01,2.288094e+01,2.310622e+01,2.301753e+01,2.291510e+01,2.260720e+01,2.257294e+01,2.229151e+01,2.233961e+01,2.229838e+01,2.250437e+01,2.253180e+01,2.248379e+01,2.261406e+01,2.236022e+01,2.189896e+01,2.197483e+01,2.176777e+01,2.194035e+01,2.187825e+01,2.190586e+01,2.180231e+01,2.184374e+01,2.179540e+01,2.206442e+01,2.183684e+01,2.184374e+01,2.196104e+01,2.184374e+01,2.187135e+01,2.188516e+01,2.189206e+01,2.187825e+01,2.187825e+01,2.191965e+01,2.182993e+01,2.194725e+01,2.186445e+01,2.176086e+01,2.191965e+01,2.187135e+01,2.169175e+01,2.186445e+01,2.184374e+01,2.180231e+01,2.181612e+01,2.185065e+01,2.185755e+01,2.182303e+01,2.178159e+01,2.180231e+01,2.180231e+01,2.184374e+01,2.171940e+01,2.156721e+01,2.171940e+01,2.160874e+01,2.165025e+01,2.160874e+01,2.161566e+01,2.160182e+01,2.182303e+01,2.177468e+01,2.153952e+01,2.162950e+01,2.153952e+01,2.160182e+01,2.159490e+01,2.159490e+01,2.162258e+01,2.144253e+01,2.146332e+01,2.165025e+01,2.146332e+01,2.151182e+01,2.156029e+01,2.170557e+01,2.144946e+01,2.167792e+01,2.157414e+01,2.162950e+01,2.156721e+01,2.149796e+01,2.158798e+01,2.160182e+01,2.164334e+01,2.173322e+01,2.156029e+01,2.162258e+01,2.160874e+01,2.171940e+01,2.165717e+01,2.162950e+01,2.149796e+01,2.163642e+01,2.156721e+01,2.171248e+01,2.157414e+01,2.162258e+01,2.167792e+01,2.156029e+01,2.165025e+01,2.160182e+01,2.166409e+01,2.169175e+01,2.169175e+01,2.157414e+01,2.167792e+01,2.157414e+01,2.166409e+01,2.170557e+01,2.167100e+01,2.162258e+01,2.164334e+01,2.151182e+01,2.151182e+01,2.164334e+01,2.152567e+01,2.154645e+01,2.153260e+01,2.160874e+01,2.162258e+01,2.160874e+01,2.160182e+01,2.158798e+01,2.165025e+01,2.162258e+01,2.151875e+01,2.158798e+01,2.162258e+01,2.160182e+01,2.147718e+01,2.159490e+01,2.151182e+01,2.158798e+01,2.168483e+01,2.176777e+01,2.166409e+01,2.150489e+01,2.158106e+01,2.155337e+01,2.161566e+01,2.165025e+01,2.162950e+01,2.156721e+01,2.170557e+01,2.171940e+01,2.169866e+01,2.170557e+01,2.178850e+01,2.172631e+01,2.176086e+01,2.173322e+01,2.167792e+01,2.179540e+01,2.185755e+01,2.181612e+01,2.175395e+01,2.178850e+01,2.180922e+01,2.176086e+01,2.172631e+01,2.185755e+01,2.178159e+01,2.170557e+01,2.174013e+01,2.193345e+01,2.185755e+01,2.189896e+01,2.165025e+01,2.178159e+01,2.176086e+01,2.182303e+01,2.174013e+01,2.169175e+01,2.171248e+01,2.176777e+01,2.178159e+01,2.183684e+01,2.176777e+01,2.178850e+01,2.175395e+01,2.165025e+01,2.168483e+01,2.165717e+01,2.184374e+01,2.165717e+01,2.171940e+01,2.160182e+01,2.160182e+01,2.171248e+01,2.182993e+01,2.178850e+01,2.159490e+01,2.158106e+01,2.158798e+01,2.162950e+01,2.148411e+01,2.157414e+01,2.160182e+01,2.142174e+01,2.142867e+01,2.144253e+01,2.166409e+01,2.147025e+01,2.155337e+01,2.155337e+01,2.152567e+01,2.151875e+01,2.150489e+01,2.158798e+01,2.153952e+01,2.176086e+01,2.156029e+01,2.156029e+01,2.158798e+01,2.174013e+01,2.156029e+01,2.162950e+01,2.161566e+01,2.162258e+01,2.167100e+01,2.161566e+01,2.157414e+01,2.164334e+01,2.161566e+01,2.167100e+01,2.164334e+01,2.169866e+01,2.169866e+01,2.171248e+01,2.179540e+01,2.171248e+01,2.170557e+01,2.166409e+01,2.158106e+01,2.159490e+01,2.162258e+01,2.158106e+01,2.160182e+01,2.180922e+01,2.160182e+01,2.159490e+01,2.166409e+01,2.160874e+01,2.162950e+01,2.163642e+01,2.161566e+01,2.157414e+01,2.169866e+01,2.156029e+01,2.160874e+01,2.152567e+01,2.163642e+01,2.169866e+01,2.165717e+01,2.153260e+01,2.149796e+01,2.153260e+01,2.158106e+01,2.161566e+01,2.153260e+01,2.159490e+01,2.163642e+01,2.160874e+01,2.147718e+01,2.168483e+01,2.152567e+01,2.153952e+01,2.154645e+01,2.174704e+01,2.162258e+01,2.158798e+01,2.167792e+01,2.171248e+01,2.171248e+01,2.159490e+01,2.165025e+01,2.165025e+01,2.162950e+01,2.153952e+01,2.165025e+01,2.162950e+01,2.165717e+01,2.165025e+01,2.165717e+01,2.164334e+01,2.172631e+01,2.167792e+01,2.170557e+01,2.171940e+01,2.187825e+01,2.168483e+01,2.176777e+01,2.178850e+01,2.167792e+01,2.187135e+01,2.171248e+01,2.179540e+01,2.174013e+01,2.172631e+01,2.185065e+01,2.182993e+01,2.172631e+01,2.187135e+01,2.189896e+01,2.181612e+01,2.191965e+01,2.192655e+01,2.183684e+01,2.188516e+01,2.200930e+01,2.187825e+01,2.191965e+01,2.191965e+01,2.191276e+01,2.215394e+01,2.202997e+01,2.207131e+01,2.189896e+01,2.201619e+01,2.198862e+01,2.200930e+01,2.192655e+01,2.182303e+01,2.205754e+01,2.208509e+01,2.207131e+01,2.208509e+01,2.189206e+01,2.172631e+01,2.195414e+01,2.196793e+01,2.205065e+01,2.201619e+01,2.190586e+01,2.207820e+01,2.189206e+01,2.184374e+01,2.195414e+01,2.191276e+01,2.199551e+01,2.182303e+01,2.179540e+01,2.182303e+01,2.189896e+01,2.193345e+01,2.194725e+01,2.197483e+01,2.176086e+01,2.182303e+01,2.183684e+01,2.171940e+01,2.157414e+01,2.151875e+01,2.144946e+01,2.146332e+01,2.145639e+01,2.140094e+01,2.124133e+01,2.126217e+01,2.127605e+01,2.124133e+01,2.119966e+01,2.124133e+01,2.097012e+01,2.114406e+01,2.119966e+01,2.103973e+01,2.098405e+01,2.116491e+01,2.125522e+01,2.117186e+01,2.125522e+01,2.124828e+01,2.124133e+01,2.122050e+01,2.123439e+01,2.123439e+01,2.127605e+01,2.127605e+01,2.124828e+01,2.131076e+01,2.145639e+01,2.151875e+01,2.128299e+01,2.144946e+01,2.152567e+01,2.137320e+01,2.141480e+01,2.136626e+01,2.149796e+01,2.146332e+01,2.140787e+01,2.149104e+01,2.139400e+01,2.149796e+01,2.143560e+01,2.148411e+01,2.155337e+01,2.138707e+01,2.158106e+01,2.158798e+01,2.142174e+01,2.167100e+01,2.147025e+01,2.141480e+01,2.141480e+01
2.307894e+01,2.310622e+01,2.304483e+01,2.314713e+01,2.339904e+01,2.324933e+01,2.325614e+01,2.345342e+01,2.335143e+01,2.337864e+01,2.331740e+01,2.332421e+01,2.339224e+01,2.335143e+01,2.326295e+01,2.339904e+01,2.316758e+01,2.327656e+01,2.316076e+01,2.296975e+01,2.324933e+01,2.328337e+01,2.304483e+01,2.330379e+01,2.324933e+01,2.321527e+01,2.320165e+01,2.333101e+01,2.331060e+01,2.322209e+01,2.328337e+01,2.336503e+01,2.341944e+01,2.347381e+01,2.345342e+01,2.344662e+01,2.352136e+01,2.337183e+01,2.345342e+01,2.339224e+01,2.347381e+01,2.346701e+01,2.328337e+01,2.341944e+01,2.345342e+01,2.348740e+01,2.343303e+01,2.334462e+01,2.331740e+01,2.347381e+01,2.335143e+01,2.343983e+01,2.333782e+01,2.346701e+01,2.331740e+01,2.331060e+01,2.327656e+01,2.326976e+01,2.337864e+01,2.335823e+01,2.342623e+01,2.343303e+01,2.343983e+01,2.343983e+01,2.331740e+01,2.336503e+01,2.338544e+01,2.352136e+01,2.332421e+01,2.341944e+01,2.340584e+01,2.368424e+01,2.336503e+01,2.346022e+01,2.335823e+01,2.336503e+01,2.354853e+01,2.349419e+01,2.333782e+01,2.350778e+01,2.354174e+01,2.341264e+01,2.348740e+01,2.351457e+01,2.350099e+01,2.350099e+01,2.343303e+01,2.367746e+01,2.343303e+01,2.357569e+01,2.360283e+01,2.346701e+01,2.343303e+01,2.350099e+01,2.360283e+01,2.339904e+01,2.354174e+01,2.338544e+01,2.356211e+01,2.350099e+01,2.343303e+01,2.343983e+01,2.348060e+01,2.337864e+01,2.344662e+01,2.342623e+01,2.336503e+01,2.356890e+01,2.357569e+01,2.335823e+01,2.314713e+01,2.327656e+01,2.329018e+01,2.316076e+01,2.305165e+01,2.308576e+01,2.296292e+01,2.294926e+01,2.328337e+01,2.326295e+01,2.280573e+01,2.216771e+01,2.205754e+01,2.187825e+01,2.169175e+01,2.220899e+01,2.193345e+01,2.196793e+01,2.195414e+01,2.176086e+01,2.191965e+01,2.197483e+01,2.205754e+01,2.196793e+01,2.198172e+01,2.216082e+01,2.235335e+01,2.256608e+01,2.273732e+01,2.270994e+01,2.255237e+01,2.266886e+01,2.248379e+01,2.249751e+01,2.251808e+01,2.272363e+01,2.275101e+01,2.262091e+01,2.275101e+01,2.274416e+01,2.260720e+01,2.273732e+01,2.361641e+01,2.310622e+01,2.294926e+01,2.258665e+01,2.273732e+01,2.287410e+01,2.328337e+01,2.336503e+01,2.322209e+01,2.320165e+01,2.307894e+01,2.306530e+01,2.365711e+01,2.371136e+01,2.268940e+01,2.279889e+01,2.237395e+01,2.211952e+01,2.238769e+01,2.218835e+01,2.231900e+01,2.264146e+01,2.264146e+01,2.210575e+01,2.176086e+01,2.175395e+01,2.195414e+01,2.205065e+01,2.253866e+01,2.290144e+01,2.251808e+01,2.233274e+01,2.233961e+01,2.242202e+01,2.239456e+01,2.198862e+01,2.240142e+01,2.266201e+01,2.352136e+01,2.393485e+01,2.369102e+01,2.329018e+01,2.296292e+01,2.257979e+01,2.257294e+01,2.260720e+01,2.264146e+01,2.273732e+01,2.262776e+01,2.267571e+01,2.251808e+01,2.256608e+01,2.270994e+01,2.238082e+01,2.221587e+01,2.244261e+01,2.245634e+01,2.253180e+01,2.253180e+01,2.232587e+01,2.262091e+01,2.262091e+01,2.265516e+01,2.251122e+01,2.238082e+01,2.289461e+01,2.320165e+01,2.305848e+01,2.247006e+01,2.240142e+01,2.251808e+01,2.311304e+01,2.331060e+01,2.267571e+01,2.257979e+01,2.251122e+01,2.280573e+01,2.290144e+01,2.278522e+01,2.301753e+01,2.320165e+01,2.330379e+01,2.342623e+01,2.316758e+01,2.303118e+01,2.297657e+01,2.266201e+01,2.231900e+01,2.227088e+01,2.216082e+01,2.225713e+01,2.220899e+01,2.221587e+01,2.244948e+01,2.206442e+01,2.213329e+01,2.202308e+01,2.187825e+01,2.189896e+01,2.190586e+01,2.190586e+01,2.174704e+01,2.174013e+01,2.206442e+01,2.182303e+01,2.182993e+01,2.184374e+01,2.187135e+01,2.198172e+01,2.189896e+01,2.189206e+01,2.200930e+01,2.178159e+01,2.194725e+01,2.192655e+01,2.189896e+01,2.179540e+01,2.187825e+01,2.188516e+01,2.180922e+01,2.180922e+01,2.185755e+01,2.173322e+01,2.189896e+01,2.181612e+01,2.187135e+01,2.169175e+01,2.184374e+01,2.175395e+01,2.178159e+01,2.180231e+01,2.172631e+01,2.174704e+01,2.160182e+01,2.172631e+01,2.162950e+01,2.166409e+01,2.162258e+01,2.160874e+01,2.158798e+01,2.165717e+01,2.165717e+01,2.160182e+01,2.154645e+01,2.151875e+01,2.147025e+01,2.162950e+01,2.160182e+01,2.151182e+01,2.147025e+01,2.156029e+01,2.144946e+01,2.161566e+01,2.151182e+01,2.153952e+01,2.147025e+01,2.152567e+01,2.158798e+01,2.159490e+01,2.162258e+01,2.150489e+01,2.146332e+01,2.156721e+01,2.160182e+01,2.163642e+01,2.158798e+01,2.153952e+01,2.160182e+01,2.158106e+01,2.149104e+01,2.150489e+01,2.168483e+01,2.165025e+01,2.161566e+01,2.163642e+01,2.160874e+01,2.153952e+01,2.159490e+01,2.168483e+01,2.165025e+01,2.164334e+01,2.162258e+01,2.164334e+01,2.165025e+01,2.162950e+01,2.158798e+01,2.162258e+01,2.163642e+01,2.153260e+01,2.162258e+01,2.154645e+01,2.160182e+01,2.160874e+01,2.162258e+01,2.163642e+01,2.160874e+01,2.152567e+01,2.151875e+01,2.162950e+01,2.151875e+01,2.157414e+01,2.152567e+01,2.163642e+01,2.162258e+01,2.158106e+01,2.138013e+01,2.169866e+01,2.149104e+01,2.165717e+01,2.160874e+01,2.160182e+01,2.156721e+01,2.161566e+01,2.154645e+01,2.156029e+01,2.156029e+01,2.165025e+01,2.160182e+01,2.161566e+01,2.169866e+01,2.168483e+01,2.166409e+01,2.159490e+01,2.163642e+01,2.167100e+01,2.168483e+01,2.162258e+01,2.164334e+01,2.181612e+01,2.185065e+01,2.171248e+01,2.164334e+01,2.185065e+01,2.184374e+01,2.175395e+01,2.176086e+01,2.169175e+01,2.182993e+01,2.171248e+01,2.183684e+01,2.184374e+01,2.160874e+01,2.174013e+01,2.184374e+01,2.167100e+01,2.171248e+01,2.180231e+01,2.190586e+01,2.169175e+01,2.177468e+01,2.176777e+01,2.162258e+01,2.175395e+01,2.193345e+01,2.173322e+01,2.177468e+01,2.178159e+01,2.179540e+01,2.179540e+01,2.160874e+01,2.175395e+01,2.169866e+01,2.174704e+01,2.165717e+01,2.147718e+01,2.164334e+01,2.162950e+01,2.164334e+01,2.179540e+01,2.157414e+01,2.176777e+01,2.171940e+01,2.176086e+01,2.159490e+01,2.159490e+01,2.160874e+01,2.157414e+01,2.160182e+01,2.151182e+01,2.159490e+01,2.158106e+01,2.160182e+01,2.143560e+01,2.157414e+01,2.160874e+01,2.156721e+01,2.151182e+01,2.143560e+01,2.158106e+01,2.161566e+01,2.162258e+01,2.156029e+01,2.158106e+01,2.154645e+01,2.154645e+01,2.135239e+01,2.160874e+01,2.149104e+01,2.164334e+01,2.160182e+01,2.157414e+01,2.157414e+01,2.158106e+01,2.157414e+01,2.151875e+01,2.160182e+01,2.161566e+01,2.167792e+01,2.160874e+01,2.153952e+01,2.153952e+01,2.153952e+01,2.163642e+01,2.164334e+01,2.172631e+01,2.169866e+01,2.146332e+01,2.160874e+01,2.159490e+01,2.159490e+01,2.160874e+01,2.158798e+01,2.158798e+01,2.160874e+01,2.155337e+01,2.154645e+01,2.153260e+01,2.158798e+01,2.144253e+01,2.160182e+01,2.160182e+01,2.161566e+01,2.151182e+01,2.174013e+01,2.156029e+01,2.157414e+01,2.142174e+01,2.164334e+01,2.173322e+01,2.148411e+01,2.149796e+01,2.156029e+01,2.165717e+01,2.158798e+01,2.169175e+01,2.152567e+01,2.151182e+01,2.153952e+01,2.165717e+01,2.142867e+01,2.147718e+01,2.165717e+01,2.155337e+01,2.172631e+01,2.171940e+01,2.168483e+01,2.188516e+01,2.159490e+01,2.166409e+01,2.162950e+01,2.163642e+01,2.167100e+01,2.151875e+01,2.156721e+01,2.164334e+01,2.162258e+01,2.162258e+01,2.167100e+01,2.168483e+01,2.162950e+01,2.165025e+01,2.169866e+01,2.174013e+01,2.177468e+01,2.169175e+01,2.182993e+01,2.168483e+01,2.177468e+01,2.184374e+01,2.187135e+01,2.167792e+01,2.171248e+01,2.189896e+01,2.187825e+01,2.185755e+01,2.188516e+01,2.167792e+01,2.184374e+01,2.188516e+01,2.196793e+01,2.187135e+01,2.187825e+01,2.200930e+01,2.192655e+01,2.200930e+01,2.200930e+01,2.200930e+01,2.206442e+01,2.188516e+01,2.217459e+01,2.203687e+01,2.195414e+01,2.195414e+01,2.207820e+01,2.213329e+01,2.191276e+01,2.190586e+01,2.209886e+01,2.190586e+01,2.198862e+01,2.216771e+01,2.202308e+01,2.191965e+01,2.197483e+01,2.191965e+01,2.197483e+01,2.194035e+01,2.206442e+01,2.198172e+01,2.197483e+01,2.189206e+01,2.211263e+01,2.198172e+01,2.183684e+01,2.183684e+01,2.185065e+01,2.189206e+01,2.182993e+01,2.180922e+01,2.186445e+01,2.182303e+01,2.177468e+01,2.160182e+01,2.162258e+01,2.144253e+01,2.158798e+01,2.144946e+01,2.143560e+01,2.142174e+01,2.130382e+01,2.112320e+01,2.127605e+01,2.124133e+01,2.123439e+01,2.113015e+01,2.122744e+01,2.096316e+01,2.144946e+01,2.096316e+01,2.117881e+01,2.112320e+01,2.119966e+01,2.124133e+01,2.126911e+01,2.124828e+01,2.123439e+01,2.125522e+01,2.123439e+01,2.123439e+01,2.128299e+01,2.125522e+01,2.129688e+01,2.140094e+01,2.122744e+01,2.143560e+01,2.136626e+01,2.139400e+01,2.140787e+01,2.128993e+01,2.144946e+01,2.144946e+01,2.128299e+01,2.148411e+01,2.148411e+01,2.155337e+01,2.154645e+01,2.148411e+01,2.158798e+01,2.156721e+01,2.141480e+01,2.158798e+01,2.141480e+01,2.149796e+01,2.128993e+01,2.147025e+01,2.138013e+01,2.139400e+01,2.138013e+01
2.333101e+01,2.325614e+01,2.313350e+01,2.324933e+01,2.329699e+01,2.335143e+01,2.337183e+01,2.341944e+01,2.352136e+01,2.333101e+01,2.348060e+01,2.335143e+01,2.360283e+01,2.334462e+01,2.317439e+01,2.321527e+01,2.328337e+01,2.326976e+01,2.328337e+01,2.331060e+01,2.331060e+01,2.329699e+01,2.322890e+01,2.311304e+01,2.316076e+01,2.339904e+01,2.330379e+01,2.335823e+01,2.331740e+01,2.332421e+01,2.335823e+01,2.328337e+01,2.329018e+01,2.351457e+01,2.351457e+01,2.347381e+01,2.344662e+01,2.347381e+01,2.328337e+01,2.347381e+01,2.344662e+01,2.341264e+01,2.348060e+01,2.347381e+01,2.337183e+01,2.339904e+01,2.335823e+01,2.334462e+01,2.335823e+01,2.354174e+01,2.348060e+01,2.344662e+01,2.354174e+01,2.331740e+01,2.333782e+01,2.343303e+01,2.335823e+01,2.331740e+01,2.335823e+01,2.332421e+01,2.336503e+01,2.350099e+01,2.348740e+01,2.339904e+01,2.326976e+01,2.350099e+01,2.336503e+01,2.352816e+01,2.348060e+01,2.331740e+01,2.339904e+01,2.336503e+01,2.338544e+01,2.369781e+01,2.331740e+01,2.344662e+01,2.352816e+01,2.340584e+01,2.343983e+01,2.352136e+01,2.354174e+01,2.355532e+01,2.353495e+01,2.354174e+01,2.352816e+01,2.342623e+01,2.345342e+01,2.341944e+01,2.357569e+01,2.348060e+01,2.348060e+01,2.350778e+01,2.341264e+01,2.356211e+01,2.378591e+01,2.349419e+01,2.346022e+01,2.354853e+01,2.345342e+01,2.343303e+01,2.338544e+01,2.336503e+01,2.343303e+01,2.338544e+01,2.335823e+01,2.359605e+01,2.353495e+01,2.341944e+01,2.346022e+01,2.346701e+01,2.321527e+01,2.330379e+01,2.331060e+01,2.304483e+01,2.318802e+01,2.317439e+01,2.296292e+01,2.296975e+01,2.326295e+01,2.339224e+01,2.270994e+01,2.216082e+01,2.201619e+01,2.196104e+01,2.179540e+01,2.220211e+01,2.205065e+01,2.191965e+01,2.193345e+01,2.210575e+01,2.189206e+01,2.204376e+01,2.196104e+01,2.186445e+01,2.215394e+01,2.201619e+01,2.216771e+01,2.240142e+01,2.260720e+01,2.270309e+01,2.283993e+01,2.280573e+01,2.253866e+01,2.296292e+01,2.369102e+01,2.335143e+01,2.273732e+01,2.275785e+01,2.296975e+01,2.275101e+01,2.275785e+01,2.320846e+01,2.315395e+01,2.299706e+01,2.294926e+01,2.270994e+01,2.285360e+01,2.363676e+01,2.413760e+01,2.376559e+01,2.369781e+01,2.329018e+01,2.331060e+01,2.348060e+01,2.351457e+01,2.275785e+01,2.245634e+01,2.253180e+01,2.185065e+01,2.196793e+01,2.212641e+01,2.227088e+01,2.234648e+01,2.239456e+01,2.244948e+01,2.241516e+01,2.204376e+01,2.198862e+01,2.198862e+01,2.233274e+01,2.290144e+01,2.281941e+01,2.262091e+01,2.231212e+01,2.232587e+01,2.216771e+01,2.229151e+01,2.220899e+01,2.248379e+01,2.287410e+01,2.263461e+01,2.271679e+01,2.260720e+01,2.259350e+01,2.239456e+01,2.262091e+01,2.247006e+01,2.283309e+01,2.268940e+01,2.229838e+01,2.229838e+01,2.227088e+01,2.227088e+01,2.256608e+01,2.244948e+01,2.234648e+01,2.231900e+01,2.234648e+01,2.216082e+01,2.238769e+01,2.240142e+01,2.238769e+01,2.231900e+01,2.227776e+01,2.209886e+01,2.257979e+01,2.250437e+01,2.301071e+01,2.354174e+01,2.321527e+01,2.276469e+01,2.255237e+01,2.303118e+01,2.314031e+01,2.247692e+01,2.244948e+01,2.235335e+01,2.253180e+01,2.266886e+01,2.280573e+01,2.333101e+01,2.343303e+01,2.358247e+01,2.346701e+01,2.338544e+01,2.303118e+01,2.305165e+01,2.278522e+01,2.257979e+01,2.236709e+01,2.230525e+01,2.233274e+01,2.214017e+01,2.214706e+01,2.239456e+01,2.235335e+01,2.215394e+01,2.204376e+01,2.198862e+01,2.189896e+01,2.192655e+01,2.172631e+01,2.195414e+01,2.189206e+01,2.187825e+01,2.185755e+01,2.184374e+01,2.205754e+01,2.199551e+01,2.182303e+01,2.178850e+01,2.184374e+01,2.192655e+01,2.180922e+01,2.196104e+01,2.180231e+01,2.182993e+01,2.192655e+01,2.189206e+01,2.185755e+01,2.187135e+01,2.190586e+01,2.185755e+01,2.180231e+01,2.175395e+01,2.178159e+01,2.180922e+01,2.167100e+01,2.178850e+01,2.180922e+01,2.170557e+01,2.182303e+01,2.173322e+01,2.182303e+01,2.180231e+01,2.171248e+01,2.167792e+01,2.164334e+01,2.167100e+01,2.160874e+01,2.161566e+01,2.155337e+01,2.164334e+01,2.147025e+01,2.163642e+01,2.152567e+01,2.160182e+01,2.147025e+01,2.149796e+01,2.175395e+01,2.156029e+01,2.144946e+01,2.147718e+01,2.154645e+01,2.158106e+01,2.168483e+01,2.153952e+01,2.155337e+01,2.153260e+01,2.147025e+01,2.153260e+01,2.150489e+01,2.151182e+01,2.156721e+01,2.149104e+01,2.156029e+01,2.152567e+01,2.165717e+01,2.150489e+01,2.150489e+01,2.163642e+01,2.156029e+01,2.147718e+01,2.167792e+01,2.161566e+01,2.157414e+01,2.156721e+01,2.153260e+01,2.174704e+01,2.164334e+01,2.169866e+01,2.156029e+01,2.166409e+01,2.159490e+01,2.153952e+01,2.162258e+01,2.160182e+01,2.161566e+01,2.156721e+01,2.160182e+01,2.161566e+01,2.161566e+01,2.161566e+01,2.159490e+01,2.162950e+01,2.154645e+01,2.162258e+01,2.167792e+01,2.151875e+01,2.159490e+01,2.165025e+01,2.165025e+01,2.167792e+01,2.164334e+01,2.166409e+01,2.158798e+01,2.160182e+01,2.155337e+01,2.153260e+01,2.154645e+01,2.165025e+01,2.153260e+01,2.158798e+01,2.153952e+01,2.142174e+01,2.162258e+01,2.156029e+01,2.172631e+01,2.167100e+01,2.151182e+01,2.161566e+01,2.151182e+01,2.156721e+01,2.152567e+01,2.171940e+01,2.165717e+01,2.162950e+01,2.180231e+01,2.161566e+01,2.178850e+01,2.175395e+01,2.182993e+01,2.162950e+01,2.162258e+01,2.176086e+01,2.179540e+01,2.183684e+01,2.174704e+01,2.174704e+01,2.174704e+01,2.176777e+01,2.178159e+01,2.171248e+01,2.167792e+01,2.187825e+01,2.174013e+01,2.172631e+01,2.175395e+01,2.171248e+01,2.161566e+01,2.167792e+01,2.174704e+01,2.179540e+01,2.182303e+01,2.179540e+01,2.182303e+01,2.173322e+01,2.160182e+01,2.169866e+01,2.160874e+01,2.162950e+01,2.168483e+01,2.186445e+01,2.176086e+01,2.169866e+01,2.165717e+01,2.173322e+01,2.185755e+01,2.165717e+01,2.165717e+01,2.162258e+01,2.170557e+01,2.153260e+01,2.172631e+01,2.160874e+01,2.160874e+01,2.158106e+01,2.160874e+01,2.156721e+01,2.147025e+01,2.158798e+01,2.148411e+01,2.159490e+01,2.156029e+01,2.149796e+01,2.153952e+01,2.153260e+01,2.160182e+01,2.148411e+01,2.151182e+01,2.149796e+01,2.156721e+01,2.150489e+01,2.150489e+01,2.153952e+01,2.149796e+01,2.159490e+01,2.163642e+01,2.135239e+01,2.155337e+01,2.158106e+01,2.160874e+01,2.155337e+01,2.150489e+01,2.154645e+01,2.158798e+01,2.160874e+01,2.149796e+01,2.165025e+01,2.166409e+01,2.164334e+01,2.168483e+01,2.158798e+01,2.160874e+01,2.172631e+01,2.165717e+01,2.171940e+01,2.156029e+01,2.159490e+01,2.174013e+01,2.153952e+01,2.159490e+01,2.161566e+01,2.159490e+01,2.160182e+01,2.159490e+01,2.147718e+01,2.160874e+01,2.162950e+01,2.156029e+01,2.149796e+01,2.158106e+01,2.155337e+01,2.150489e+01,2.155337e+01,2.163642e+01,2.162258e+01,2.164334e+01,2.162950e+01,2.153952e+01,2.165717e+01,2.153952e+01,2.149796e+01,2.160182e+01,2.169175e+01,2.152567e+01,2.152567e+01,2.146332e+01,2.171248e+01,2.171248e+01,2.158106e+01,2.165717e+01,2.165717e+01,2.160182e+01,2.160182e+01,2.179540e+01,2.168483e+01,2.165717e+01,2.162950e+01,2.158798e+01,2.168483e+01,2.166409e+01,2.191276e+01,2.160874e+01,2.162258e+01,2.165025e+01,2.166409e+01,2.166409e+01,2.155337e+01,2.167792e+01,2.156029e+01,2.171940e+01,2.173322e+01,2.167100e+01,2.185755e+01,2.169175e+01,2.171940e+01,2.182993e+01,2.169175e+01,2.180231e+01,2.182303e+01,2.186445e+01,2.170557e+01,2.184374e+01,2.171940e+01,2.181612e+01,2.195414e+01,2.190586e+01,2.196104e+01,2.169175e+01,2.193345e+01,2.202997e+01,2.203687e+01,2.208509e+01,2.204376e+01,2.207820e+01,2.209886e+01,2.209886e+01,2.207131e+01,2.210575e+01,2.202997e+01,2.207131e+01,2.202308e+01,2.194035e+01,2.191965e+01,2.191965e+01,2.188516e+01,2.191276e+01,2.190586e+01,2.209886e+01,2.209886e+01,2.198862e+01,2.201619e+01,2.184374e+01,2.209198e+01,2.196104e+01,2.189896e+01,2.200930e+01,2.195414e+01,2.191965e+01,2.194035e+01,2.200241e+01,2.191965e+01,2.191965e+01,2.214706e+01,2.188516e+01,2.199551e+01,2.198862e+01,2.185065e+01,2.184374e+01,2.182303e+01,2.185755e+01,2.187825e+01,2.178159e+01,2.158798e+01,2.157414e+01,2.156721e+01,2.148411e+01,2.162950e+01,2.132464e+01,2.140094e+01,2.128993e+01,2.127605e+01,2.127605e+01,2.129688e+01,2.126911e+01,2.121355e+01,2.118576e+01,2.116491e+01,2.098405e+01,2.096316e+01,2.113015e+01,2.125522e+01,2.105365e+01,2.122744e+01,2.120660e+01,2.125522e+01,2.117881e+01,2.118576e+01,2.118576e+01,2.140094e+01,2.126911e+01,2.122744e+01,2.126217e+01,2.126217e+01,2.140787e+01,2.144946e+01,2.135239e+01,2.137320e+01,2.138013e+01,2.140094e+01,2.142174e+01,2.158798e+01,2.157414e+01,2.121355e+01,2.155337e+01,2.142867e+01,2.158106e+01,2.135239e+01,2.137320e+01,2.156029e+01,2.161566e+01,2.147718e+01,2.135933e+01,2.154645e+01,2.154645e+01,2.137320e+01,2.150489e+01,2.128993e+01,2.137320e+01
2.307212e+01,2.333101e+01,2.337183e+01,2.337864e+01,2.324252e+01,2.343983e+01,2.341944e+01,2.328337e+01,2.346022e+01,2.343303e+01,2.336503e+01,2.356211e+01,2.344662e+01,2.336503e+01,2.326295e+01,2.331740e+01,2.338544e+01,2.316758e+01,2.331060e+01,2.329699e+01,2.320165e+01,2.331060e+01,2.318121e+01,2.314713e+01,2.325614e+01,2.331740e+01,2.323571e+01,2.333782e+01,2.328337e+01,2.318121e+01,2.336503e+01,2.334462e+01,2.321527e+01,2.330379e+01,2.348060e+01,2.349419e+01,2.347381e+01,2.356890e+01,2.338544e+01,2.351457e+01,2.350099e+01,2.341264e+01,2.342623e+01,2.342623e+01,2.350778e+01,2.341944e+01,2.357569e+01,2.337183e+01,2.334462e+01,2.334462e+01,2.335143e+01,2.339904e+01,2.331060e+01,2.347381e+01,2.331740e+01,2.330379e+01,2.346022e+01,2.337183e+01,2.339224e+01,2.345342e+01,2.343983e+01,2.352816e+01,2.331060e+01,2.343983e+01,2.319484e+01,2.338544e+01,2.336503e+01,2.339224e+01,2.350778e+01,2.338544e+01,2.333782e+01,2.349419e+01,2.339224e+01,2.345342e+01,2.346022e+01,2.338544e+01,2.339224e+01,2.345342e+01,2.356211e+01,2.349419e+01,2.352816e+01,2.355532e+01,2.356211e+01,2.355532e+01,2.350099e+01,2.354174e+01,2.341944e+01,2.348740e+01,2.352816e+01,2.357569e+01,2.347381e+01,2.353495e+01,2.351457e+01,2.351457e+01,2.358926e+01,2.350778e+01,2.351457e+01,2.352136e+01,2.348740e+01,2.343303e+01,2.329699e+01,2.341264e+01,2.343983e+01,2.343303e+01,2.358926e+01,2.341944e+01,2.331060e+01,2.340584e+01,2.339904e+01,2.335143e+01,2.311986e+01,2.327656e+01,2.318121e+01,2.305848e+01,2.322209e+01,2.309258e+01,2.304483e+01,2.314031e+01,2.303801e+01,2.340584e+01,2.290144e+01,2.239456e+01,2.196104e+01,2.196104e+01,2.193345e+01,2.200241e+01,2.196793e+01,2.192655e+01,2.183684e+01,2.192655e+01,2.189896e+01,2.194035e+01,2.194725e+01,2.191276e+01,2.211263e+01,2.220211e+01,2.216082e+01,2.238082e+01,2.262091e+01,2.281257e+01,2.285360e+01,2.277837e+01,2.288777e+01,2.371814e+01,2.422533e+01,2.336503e+01,2.287410e+01,2.263461e+01,2.274416e+01,2.244261e+01,2.273732e+01,2.274416e+01,2.270309e+01,2.281941e+01,2.281257e+01,2.286727e+01,2.284676e+01,2.326295e+01,2.371136e+01,2.369781e+01,2.368424e+01,2.367746e+01,2.341264e+01,2.308576e+01,2.275101e+01,2.251122e+01,2.275785e+01,2.257294e+01,2.168483e+01,2.179540e+01,2.180922e+01,2.202997e+01,2.216771e+01,2.247006e+01,2.258665e+01,2.257979e+01,2.242888e+01,2.210575e+01,2.211263e+01,2.257294e+01,2.286043e+01,2.279206e+01,2.262091e+01,2.264831e+01,2.260720e+01,2.261406e+01,2.244948e+01,2.249751e+01,2.294243e+01,2.249065e+01,2.231900e+01,2.263461e+01,2.262091e+01,2.277837e+01,2.301071e+01,2.274416e+01,2.266886e+01,2.266201e+01,2.257294e+01,2.247692e+01,2.246320e+01,2.250437e+01,2.255237e+01,2.242888e+01,2.249065e+01,2.237395e+01,2.220211e+01,2.201619e+01,2.201619e+01,2.209886e+01,2.198172e+01,2.207820e+01,2.211952e+01,2.205754e+01,2.211263e+01,2.235335e+01,2.284676e+01,2.375881e+01,2.402951e+01,2.354853e+01,2.358926e+01,2.360962e+01,2.313350e+01,2.257294e+01,2.221587e+01,2.236709e+01,2.248379e+01,2.270309e+01,2.282625e+01,2.316076e+01,2.326295e+01,2.364355e+01,2.409032e+01,2.402951e+01,2.350099e+01,2.322890e+01,2.303118e+01,2.275101e+01,2.288777e+01,2.247006e+01,2.218835e+01,2.204376e+01,2.209198e+01,2.213329e+01,2.225713e+01,2.211952e+01,2.198172e+01,2.196793e+01,2.194035e+01,2.196793e+01,2.195414e+01,2.189206e+01,2.187825e+01,2.194035e+01,2.187135e+01,2.182303e+01,2.184374e+01,2.178850e+01,2.191276e+01,2.193345e+01,2.195414e+01,2.189896e+01,2.189896e+01,2.187135e+01,2.187825e+01,2.179540e+01,2.185065e+01,2.191276e+01,2.174013e+01,2.185065e+01,2.174704e+01,2.182303e+01,2.194725e+01,2.181612e+01,2.176086e+01,2.190586e+01,2.180231e+01,2.185065e+01,2.184374e+01,2.177468e+01,2.174704e+01,2.174013e+01,2.176777e+01,2.179540e+01,2.162258e+01,2.178159e+01,2.167100e+01,2.163642e+01,2.149104e+01,2.156721e+01,2.160874e+01,2.185755e+01,2.155337e+01,2.149796e+01,2.168483e+01,2.161566e+01,2.145639e+01,2.164334e+01,2.147025e+01,2.155337e+01,2.150489e+01,2.162258e+01,2.142867e+01,2.159490e+01,2.136626e+01,2.139400e+01,2.153260e+01,2.154645e+01,2.152567e+01,2.154645e+01,2.162258e+01,2.156029e+01,2.156029e+01,2.150489e+01,2.151875e+01,2.152567e+01,2.153260e+01,2.150489e+01,2.156721e+01,2.165025e+01,2.163642e+01,2.161566e+01,2.158798e+01,2.167792e+01,2.151875e+01,2.155337e+01,2.173322e+01,2.173322e+01,2.156029e+01,2.155337e+01,2.166409e+01,2.174704e+01,2.161566e+01,2.155337e+01,2.152567e+01,2.158106e+01,2.157414e+01,2.151875e+01,2.151875e+01,2.160182e+01,2.151182e+01,2.160182e+01,2.157414e+01,2.162258e+01,2.155337e+01,2.153260e+01,2.151182e+01,2.160182e+01,2.167792e+01,2.163642e+01,2.165025e+01,2.150489e+01,2.164334e+01,2.165717e+01,2.159490e+01,2.162950e+01,2.156029e+01,2.156029e+01,2.153260e+01,2.165025e+01,2.149104e+01,2.162258e+01,2.164334e+01,2.167100e+01,2.149104e+01,2.165025e+01,2.157414e+01,2.162950e+01,2.165717e+01,2.160874e+01,2.148411e+01,2.157414e+01,2.151182e+01,2.156029e+01,2.155337e+01,2.167100e+01,2.149104e+01,2.163642e+01,2.162950e+01,2.151182e+01,2.176777e+01,2.171248e+01,2.169866e+01,2.156721e+01,2.160182e+01,2.172631e+01,2.169175e+01,2.190586e+01,2.176086e+01,2.168483e+01,2.171940e+01,2.176777e+01,2.172631e+01,2.172631e+01,2.181612e+01,2.174013e+01,2.173322e+01,2.187825e+01,2.155337e+01,2.191276e+01,2.182303e+01,2.158798e+01,2.186445e+01,2.180922e+01,2.163642e+01,2.188516e+01,2.176777e+01,2.163642e+01,2.182993e+01,2.176777e+01,2.164334e+01,2.159490e+01,2.162258e+01,2.172631e+01,2.176086e+01,2.167100e+01,2.162258e+01,2.175395e+01,2.165717e+01,2.153260e+01,2.162950e+01,2.160874e+01,2.176086e+01,2.162258e+01,2.158798e+01,2.158106e+01,2.157414e+01,2.159490e+01,2.147718e+01,2.147718e+01,2.158798e+01,2.159490e+01,2.148411e+01,2.149104e+01,2.156029e+01,2.144253e+01,2.153952e+01,2.150489e+01,2.144253e+01,2.154645e+01,2.158106e+01,2.150489e+01,2.163642e+01,2.153260e+01,2.149796e+01,2.153952e+01,2.144253e+01,2.160874e+01,2.138707e+01,2.148411e+01,2.147025e+01,2.151875e+01,2.127605e+01,2.154645e+01,2.127605e+01,2.153260e+01,2.166409e+01,2.160182e+01,2.149796e+01,2.162950e+01,2.159490e+01,2.160182e+01,2.165025e+01,2.167792e+01,2.165025e+01,2.167792e+01,2.157414e+01,2.142867e+01,2.153952e+01,2.174013e+01,2.158798e+01,2.138707e+01,2.160182e+01,2.159490e+01,2.158798e+01,2.166409e+01,2.157414e+01,2.146332e+01,2.146332e+01,2.156029e+01,2.156721e+01,2.142174e+01,2.153260e+01,2.175395e+01,2.153952e+01,2.156721e+01,2.162258e+01,2.165717e+01,2.150489e+01,2.164334e+01,2.163642e+01,2.151182e+01,2.168483e+01,2.156029e+01,2.156721e+01,2.169866e+01,2.156029e+01,2.165717e+01,2.151875e+01,2.155337e+01,2.158106e+01,2.160182e+01,2.160182e+01,2.164334e+01,2.161566e+01,2.165025e+01,2.170557e+01,2.162950e+01,2.168483e+01,2.173322e+01,2.162258e+01,2.165717e+01,2.153952e+01,2.162950e+01,2.166409e+01,2.165025e+01,2.163642e+01,2.169175e+01,2.155337e+01,2.155337e+01,2.175395e+01,2.174704e+01,2.172631e+01,2.182993e+01,2.169175e+01,2.173322e+01,2.167100e+01,2.179540e+01,2.174013e+01,2.185065e+01,2.180922e+01,2.169866e+01,2.180922e+01,2.170557e+01,2.171940e+01,2.182303e+01,2.167100e+01,2.175395e+01,2.169175e+01,2.171248e+01,2.196793e+01,2.178850e+01,2.185065e+01,2.187825e+01,2.205754e+01,2.200241e+01,2.198172e+01,2.205065e+01,2.209886e+01,2.195414e+01,2.205065e+01,2.180922e+01,2.201619e+01,2.201619e+01,2.209886e+01,2.202997e+01,2.201619e+01,2.196793e+01,2.192655e+01,2.207131e+01,2.194035e+01,2.193345e+01,2.202308e+01,2.203687e+01,2.201619e+01,2.211263e+01,2.208509e+01,2.190586e+01,2.182993e+01,2.199551e+01,2.198862e+01,2.188516e+01,2.198862e+01,2.192655e+01,2.189896e+01,2.195414e+01,2.189206e+01,2.202997e+01,2.179540e+01,2.196104e+01,2.184374e+01,2.186445e+01,2.180231e+01,2.185065e+01,2.156721e+01,2.149104e+01,2.149796e+01,2.144946e+01,2.120660e+01,2.140787e+01,2.128299e+01,2.128993e+01,2.135239e+01,2.131770e+01,2.121355e+01,2.117881e+01,2.125522e+01,2.120660e+01,2.124133e+01,2.114406e+01,2.114406e+01,2.117186e+01,2.115796e+01,2.115796e+01,2.119966e+01,2.120660e+01,2.124133e+01,2.120660e+01,2.123439e+01,2.116491e+01,2.117186e+01,2.125522e+01,2.123439e+01,2.124133e+01,2.141480e+01,2.129688e+01,2.137320e+01,2.133851e+01,2.137320e+01,2.134545e+01,2.126217e+01,2.137320e+01,2.128299e+01,2.146332e+01,2.140094e+01,2.153260e+01,2.157414e+01,2.161566e+01,2.147718e+01,2.151875e+01,2.139400e+01,2.137320e+01,2.153260e+01,2.151182e+01,2.162258e+01,2.145639e+01,2.141480e+01,2.140094e+01,2.140094e+01,2.150489e+01
2.311986e+01,2.335143e+01,2.323571e+01,2.329699e+01,2.344662e+01,2.328337e+01,2.325614e+01,2.352136e+01,2.350778e+01,2.336503e+01,2.350778e+01,2.351457e+01,2.343983e+01,2.345342e+01,2.339224e+01,2.337183e+01,2.338544e+01,2.337864e+01,2.334462e+01,2.330379e+01,2.326976e+01,2.345342e+01,2.329018e+01,2.324933e+01,2.316076e+01,2.326295e+01,2.320846e+01,2.322890e+01,2.336503e+01,2.318121e+01,2.335143e+01,2.336503e+01,2.336503e+01,2.331060e+01,2.347381e+01,2.354853e+01,2.348060e+01,2.356211e+01,2.352136e+01,2.337864e+01,2.335823e+01,2.357569e+01,2.339224e+01,2.343983e+01,2.342623e+01,2.329699e+01,2.337183e+01,2.337864e+01,2.337183e+01,2.334462e+01,2.333782e+01,2.329699e+01,2.339224e+01,2.331740e+01,2.335823e+01,2.330379e+01,2.330379e+01,2.331060e+01,2.346022e+01,2.335823e+01,2.358247e+01,2.341264e+01,2.344662e+01,2.316758e+01,2.331060e+01,2.340584e+01,2.338544e+01,2.350099e+01,2.337183e+01,2.337864e+01,2.350778e+01,2.361641e+01,2.346022e+01,2.343983e+01,2.348060e+01,2.350778e+01,2.337864e+01,2.344662e+01,2.354853e+01,2.333101e+01,2.347381e+01,2.356890e+01,2.354174e+01,2.358247e+01,2.344662e+01,2.352816e+01,2.345342e+01,2.347381e+01,2.355532e+01,2.343983e+01,2.361641e+01,2.356890e+01,2.359605e+01,2.348740e+01,2.350099e+01,2.350778e+01,2.356211e+01,2.352136e+01,2.351457e+01,2.354853e+01,2.326295e+01,2.361641e+01,2.351457e+01,2.356211e+01,2.358247e+01,2.341944e+01,2.331060e+01,2.339904e+01,2.333782e+01,2.337864e+01,2.341264e+01,2.308576e+01,2.322890e+01,2.318802e+01,2.317439e+01,2.308576e+01,2.317439e+01,2.305848e+01,2.319484e+01,2.339904e+01,2.305848e+01,2.231212e+01,2.209198e+01,2.197483e+01,2.185755e+01,2.209886e+01,2.200930e+01,2.189206e+01,2.209886e+01,2.205754e+01,2.191276e+01,2.185065e+01,2.197483e+01,2.199551e+01,2.218835e+01,2.222275e+01,2.208509e+01,2.232587e+01,2.258665e+01,2.277837e+01,2.279206e+01,2.289461e+01,2.296975e+01,2.343983e+01,2.375203e+01,2.305848e+01,2.252494e+01,2.251808e+01,2.252494e+01,2.253180e+01,2.264146e+01,2.230525e+01,2.218835e+01,2.248379e+01,2.273047e+01,2.289461e+01,2.277153e+01,2.272363e+01,2.322209e+01,2.329018e+01,2.341944e+01,2.314713e+01,2.305165e+01,2.304483e+01,2.268255e+01,2.253866e+01,2.254551e+01,2.220899e+01,2.189206e+01,2.183684e+01,2.186445e+01,2.209198e+01,2.229151e+01,2.257979e+01,2.254551e+01,2.240142e+01,2.198172e+01,2.205754e+01,2.256608e+01,2.284676e+01,2.275101e+01,2.268940e+01,2.287410e+01,2.286043e+01,2.254551e+01,2.266886e+01,2.271679e+01,2.249751e+01,2.233961e+01,2.245634e+01,2.247692e+01,2.267571e+01,2.325614e+01,2.307894e+01,2.301753e+01,2.299706e+01,2.296975e+01,2.269625e+01,2.281257e+01,2.322890e+01,2.324933e+01,2.253180e+01,2.230525e+01,2.244261e+01,2.226401e+01,2.214017e+01,2.209886e+01,2.221587e+01,2.230525e+01,2.208509e+01,2.203687e+01,2.216771e+01,2.211263e+01,2.213329e+01,2.286727e+01,2.340584e+01,2.413760e+01,2.489106e+01,2.529916e+01,2.541261e+01,2.485084e+01,2.356890e+01,2.275101e+01,2.243575e+01,2.240829e+01,2.250437e+01,2.277153e+01,2.236022e+01,2.281941e+01,2.281941e+01,2.283309e+01,2.313350e+01,2.339904e+01,2.379946e+01,2.381978e+01,2.332421e+01,2.307894e+01,2.317439e+01,2.300388e+01,2.252494e+01,2.220211e+01,2.225713e+01,2.225026e+01,2.215394e+01,2.211263e+01,2.211263e+01,2.187825e+01,2.189896e+01,2.194725e+01,2.189896e+01,2.201619e+01,2.184374e+01,2.198862e+01,2.178159e+01,2.187825e+01,2.185065e+01,2.191965e+01,2.186445e+01,2.191276e+01,2.181612e+01,2.194725e+01,2.190586e+01,2.187825e+01,2.179540e+01,2.174013e+01,2.191965e+01,2.182303e+01,2.191276e+01,2.184374e+01,2.185755e+01,2.182303e+01,2.182303e+01,2.195414e+01,2.176086e+01,2.181612e+01,2.185065e+01,2.176086e+01,2.187825e+01,2.184374e+01,2.172631e+01,2.186445e+01,2.178850e+01,2.177468e+01,2.166409e+01,2.180922e+01,2.178850e+01,2.165025e+01,2.162950e+01,2.167100e+01,2.162950e+01,2.160874e+01,2.173322e+01,2.171248e+01,2.159490e+01,2.165717e+01,2.160874e+01,2.148411e+01,2.152567e+01,2.154645e+01,2.151875e+01,2.168483e+01,2.171248e+01,2.153952e+01,2.152567e+01,2.160182e+01,2.154645e+01,2.155337e+01,2.147718e+01,2.142867e+01,2.155337e+01,2.157414e+01,2.142867e+01,2.153260e+01,2.153260e+01,2.152567e+01,2.152567e+01,2.153260e+01,2.166409e+01,2.166409e+01,2.153260e+01,2.151875e+01,2.165025e+01,2.160874e+01,2.155337e+01,2.160874e+01,2.157414e+01,2.160874e+01,2.174704e+01,2.156029e+01,2.171940e+01,2.155337e+01,2.160182e+01,2.149796e+01,2.162258e+01,2.151182e+01,2.168483e+01,2.159490e+01,2.149104e+01,2.162258e+01,2.152567e+01,2.151875e+01,2.156029e+01,2.157414e+01,2.156721e+01,2.170557e+01,2.174704e+01,2.173322e+01,2.163642e+01,2.165025e+01,2.163642e+01,2.167792e+01,2.153952e+01,2.150489e+01,2.167100e+01,2.156721e+01,2.153260e+01,2.160874e+01,2.153952e+01,2.151875e+01,2.154645e+01,2.150489e+01,2.162950e+01,2.158106e+01,2.175395e+01,2.176086e+01,2.160182e+01,2.177468e+01,2.153952e+01,2.160182e+01,2.168483e+01,2.167100e+01,2.166409e+01,2.169175e+01,2.173322e+01,2.171940e+01,2.169866e+01,2.168483e+01,2.161566e+01,2.153260e+01,2.167792e+01,2.181612e+01,2.165025e+01,2.160182e+01,2.158798e+01,2.176777e+01,2.169175e+01,2.179540e+01,2.174013e+01,2.174013e+01,2.169175e+01,2.180231e+01,2.171248e+01,2.168483e+01,2.192655e+01,2.183684e+01,2.178159e+01,2.193345e+01,2.177468e+01,2.175395e+01,2.176777e+01,2.175395e+01,2.179540e+01,2.189896e+01,2.187825e+01,2.182993e+01,2.176086e+01,2.176086e+01,2.176086e+01,2.181612e+01,2.165717e+01,2.177468e+01,2.164334e+01,2.167100e+01,2.160874e+01,2.160182e+01,2.183684e+01,2.166409e+01,2.160874e+01,2.168483e+01,2.164334e+01,2.174013e+01,2.175395e+01,2.159490e+01,2.160182e+01,2.169175e+01,2.162258e+01,2.154645e+01,2.158106e+01,2.165717e+01,2.155337e+01,2.161566e+01,2.158106e+01,2.160182e+01,2.156721e+01,2.156721e+01,2.155337e+01,2.156029e+01,2.158106e+01,2.148411e+01,2.144946e+01,2.149796e+01,2.160874e+01,2.151182e+01,2.151182e+01,2.140787e+01,2.165717e+01,2.163642e+01,2.157414e+01,2.144253e+01,2.160182e+01,2.161566e+01,2.162950e+01,2.158798e+01,2.156721e+01,2.153952e+01,2.153952e+01,2.163642e+01,2.163642e+01,2.167792e+01,2.162258e+01,2.160182e+01,2.159490e+01,2.174704e+01,2.160182e+01,2.167792e+01,2.156721e+01,2.168483e+01,2.168483e+01,2.162950e+01,2.144946e+01,2.170557e+01,2.164334e+01,2.173322e+01,2.159490e+01,2.167792e+01,2.157414e+01,2.156721e+01,2.158106e+01,2.156721e+01,2.148411e+01,2.158798e+01,2.160182e+01,2.150489e+01,2.161566e+01,2.156029e+01,2.157414e+01,2.160182e+01,2.156029e+01,2.163642e+01,2.150489e+01,2.166409e+01,2.165025e+01,2.169866e+01,2.170557e+01,2.153260e+01,2.162950e+01,2.164334e+01,2.169175e+01,2.164334e+01,2.162950e+01,2.169866e+01,2.159490e+01,2.177468e+01,2.168483e+01,2.164334e+01,2.163642e+01,2.175395e+01,2.173322e+01,2.166409e+01,2.169866e+01,2.163642e+01,2.158798e+01,2.167100e+01,2.171940e+01,2.167100e+01,2.176777e+01,2.170557e+01,2.171940e+01,2.176086e+01,2.151875e+01,2.162258e+01,2.177468e+01,2.174704e+01,2.172631e+01,2.182993e+01,2.174704e+01,2.175395e+01,2.173322e+01,2.178850e+01,2.178159e+01,2.182993e+01,2.190586e+01,2.189206e+01,2.178159e+01,2.163642e+01,2.173322e+01,2.184374e+01,2.186445e+01,2.196793e+01,2.188516e+01,2.188516e+01,2.198172e+01,2.188516e+01,2.205754e+01,2.204376e+01,2.207820e+01,2.203687e+01,2.196104e+01,2.198172e+01,2.237395e+01,2.207131e+01,2.202308e+01,2.200930e+01,2.213329e+01,2.209198e+01,2.202308e+01,2.207820e+01,2.200930e+01,2.219523e+01,2.201619e+01,2.209198e+01,2.208509e+01,2.212641e+01,2.209198e+01,2.199551e+01,2.200930e+01,2.202308e+01,2.194725e+01,2.202997e+01,2.197483e+01,2.200930e+01,2.197483e+01,2.196104e+01,2.187135e+01,2.211952e+01,2.200241e+01,2.195414e+01,2.194035e+01,2.183684e+01,2.198862e+01,2.185755e+01,2.210575e+01,2.185755e+01,2.157414e+01,2.167792e+01,2.169866e+01,2.144946e+01,2.154645e+01,2.148411e+01,2.140787e+01,2.140094e+01,2.131770e+01,2.134545e+01,2.131076e+01,2.126911e+01,2.129688e+01,2.128993e+01,2.117881e+01,2.144946e+01,2.114406e+01,2.116491e+01,2.123439e+01,2.117186e+01,2.112320e+01,2.109539e+01,2.102581e+01,2.121355e+01,2.119966e+01,2.119271e+01,2.119271e+01,2.124133e+01,2.140787e+01,2.147718e+01,2.123439e+01,2.148411e+01,2.137320e+01,2.134545e+01,2.129688e+01,2.133851e+01,2.132464e+01,2.134545e+01,2.140787e+01,2.139400e+01,2.147718e+01,2.156029e+01,2.150489e+01,2.140787e+01,2.145639e+01,2.143560e+01,2.152567e+01,2.146332e+01,2.149796e+01,2.146332e+01,2.152567e+01,2.147718e+01,2.140787e+01,2.160874e+01,2.133851e+01,2.153952e+01,2.154645e+01
2.330379e+01,2.333101e+01,2.329018e+01,2.335143e+01,2.347381e+01,2.326295e+01,2.341264e+01,2.341264e+01,2.344662e+01,2.341264e+01,2.349419e+01,2.350099e+01,2.362319e+01,2.339224e+01,2.349419e+01,2.328337e+01,2.336503e+01,2.345342e+01,2.333101e+01,2.334462e+01,2.328337e+01,2.331740e+01,2.325614e+01,2.324252e+01,2.321527e+01,2.322890e+01,2.345342e+01,2.335143e+01,2.318802e+01,2.336503e+01,2.337864e+01,2.326295e+01,2.333101e+01,2.347381e+01,2.351457e+01,2.350099e+01,2.351457e+01,2.354174e+01,2.320846e+01,2.341944e+01,2.343983e+01,2.339224e+01,2.352136e+01,2.346701e+01,2.337864e+01,2.348740e+01,2.335143e+01,2.350099e+01,2.346701e+01,2.334462e+01,2.335823e+01,2.341264e+01,2.352816e+01,2.329018e+01,2.352136e+01,2.339224e+01,2.345342e+01,2.331060e+01,2.345342e+01,2.333101e+01,2.348060e+01,2.346701e+01,2.340584e+01,2.346022e+01,2.338544e+01,2.336503e+01,2.335143e+01,2.346701e+01,2.339904e+01,2.344662e+01,2.339224e+01,2.348060e+01,2.340584e+01,2.342623e+01,2.348060e+01,2.350099e+01,2.351457e+01,2.346022e+01,2.346022e+01,2.356890e+01,2.354174e+01,2.356211e+01,2.356890e+01,2.354853e+01,2.353495e+01,2.347381e+01,2.357569e+01,2.343303e+01,2.342623e+01,2.350778e+01,2.352816e+01,2.343303e+01,2.357569e+01,2.369781e+01,2.350099e+01,2.350778e+01,2.350778e+01,2.350099e+01,2.352816e+01,2.346022e+01,2.356211e+01,2.347381e+01,2.349419e+01,2.343983e+01,2.341264e+01,2.338544e+01,2.341264e+01,2.358926e+01,2.340584e+01,2.313350e+01,2.316758e+01,2.327656e+01,2.324252e+01,2.310622e+01,2.326295e+01,2.319484e+01,2.304483e+01,2.322890e+01,2.299023e+01,2.322890e+01,2.314713e+01,2.238082e+01,2.217459e+01,2.191965e+01,2.198172e+01,2.215394e+01,2.196104e+01,2.191276e+01,2.189206e+01,2.204376e+01,2.195414e+01,2.207820e+01,2.198862e+01,2.222275e+01,2.214706e+01,2.202997e+01,2.210575e+01,2.235335e+01,2.222962e+01,2.244261e+01,2.262091e+01,2.286043e+01,2.283309e+01,2.298340e+01,2.324933e+01,2.287410e+01,2.251122e+01,2.247692e+01,2.247692e+01,2.259350e+01,2.230525e+01,2.194035e+01,2.200930e+01,2.248379e+01,2.247006e+01,2.275101e+01,2.250437e+01,2.252494e+01,2.255237e+01,2.261406e+01,2.289461e+01,2.293560e+01,2.307894e+01,2.273047e+01,2.262776e+01,2.248379e+01,2.220899e+01,2.190586e+01,2.189206e+01,2.191276e+01,2.182993e+01,2.204376e+01,2.209198e+01,2.219523e+01,2.231900e+01,2.221587e+01,2.233274e+01,2.236022e+01,2.257979e+01,2.285360e+01,2.273732e+01,2.305848e+01,2.357569e+01,2.331060e+01,2.286043e+01,2.290144e+01,2.272363e+01,2.263461e+01,2.249065e+01,2.249751e+01,2.259350e+01,2.264831e+01,2.294926e+01,2.303118e+01,2.275785e+01,2.275785e+01,2.267571e+01,2.272363e+01,2.290144e+01,2.272363e+01,2.220899e+01,2.214706e+01,2.212641e+01,2.216771e+01,2.217459e+01,2.235335e+01,2.237395e+01,2.244261e+01,2.238082e+01,2.225713e+01,2.236022e+01,2.237395e+01,2.238769e+01,2.259350e+01,2.307894e+01,2.373848e+01,2.440732e+01,2.501834e+01,2.547262e+01,2.576552e+01,2.482401e+01,2.339224e+01,2.275101e+01,2.270309e+01,2.231212e+01,2.221587e+01,2.220211e+01,2.244948e+01,2.221587e+01,2.225713e+01,2.219523e+01,2.263461e+01,2.273732e+01,2.281257e+01,2.278522e+01,2.270994e+01,2.290144e+01,2.292194e+01,2.277837e+01,2.273732e+01,2.243575e+01,2.227088e+01,2.222275e+01,2.225713e+01,2.214017e+01,2.211952e+01,2.194035e+01,2.212641e+01,2.190586e+01,2.187825e+01,2.196104e+01,2.190586e+01,2.186445e+01,2.195414e+01,2.177468e+01,2.184374e+01,2.190586e+01,2.185755e+01,2.179540e+01,2.186445e+01,2.187825e+01,2.167100e+01,2.174013e+01,2.181612e+01,2.206442e+01,2.183684e+01,2.171940e+01,2.175395e+01,2.180922e+01,2.182993e+01,2.174704e+01,2.174013e+01,2.183684e+01,2.180922e+01,2.183684e+01,2.175395e+01,2.176086e+01,2.174704e+01,2.181612e+01,2.177468e+01,2.168483e+01,2.171248e+01,2.171940e+01,2.174704e+01,2.171940e+01,2.173322e+01,2.171940e+01,2.167792e+01,2.163642e+01,2.162950e+01,2.162258e+01,2.160874e+01,2.164334e+01,2.153952e+01,2.158106e+01,2.160182e+01,2.160874e+01,2.149796e+01,2.149104e+01,2.155337e+01,2.169175e+01,2.149796e+01,2.151182e+01,2.160182e+01,2.149796e+01,2.153260e+01,2.156029e+01,2.158106e+01,2.147025e+01,2.139400e+01,2.151875e+01,2.153260e+01,2.150489e+01,2.153952e+01,2.153260e+01,2.157414e+01,2.162950e+01,2.147025e+01,2.150489e+01,2.164334e+01,2.164334e+01,2.166409e+01,2.160182e+01,2.167792e+01,2.168483e+01,2.151875e+01,2.171940e+01,2.156721e+01,2.151875e+01,2.158798e+01,2.157414e+01,2.156721e+01,2.164334e+01,2.158106e+01,2.160182e+01,2.154645e+01,2.158106e+01,2.166409e+01,2.155337e+01,2.149104e+01,2.160182e+01,2.158106e+01,2.165025e+01,2.177468e+01,2.155337e+01,2.158106e+01,2.158798e+01,2.158798e+01,2.171248e+01,2.149104e+01,2.160874e+01,2.174704e+01,2.153952e+01,2.170557e+01,2.160874e+01,2.165717e+01,2.153952e+01,2.161566e+01,2.163642e+01,2.154645e+01,2.157414e+01,2.169175e+01,2.162258e+01,2.163642e+01,2.171940e+01,2.160874e+01,2.169175e+01,2.169866e+01,2.160874e+01,2.149796e+01,2.169175e+01,2.147718e+01,2.167100e+01,2.169866e+01,2.162950e+01,2.168483e+01,2.152567e+01,2.174013e+01,2.176086e+01,2.178159e+01,2.165025e+01,2.182303e+01,2.162258e+01,2.178159e+01,2.174013e+01,2.170557e+01,2.174013e+01,2.172631e+01,2.178850e+01,2.179540e+01,2.176777e+01,2.178850e+01,2.174013e+01,2.170557e+01,2.171248e+01,2.177468e+01,2.171248e+01,2.188516e+01,2.181612e+01,2.185755e+01,2.182303e+01,2.174704e+01,2.178850e+01,2.170557e+01,2.162258e+01,2.174704e+01,2.170557e+01,2.167100e+01,2.167100e+01,2.174704e+01,2.174704e+01,2.167100e+01,2.181612e+01,2.156029e+01,2.164334e+01,2.165717e+01,2.162950e+01,2.162258e+01,2.171940e+01,2.174013e+01,2.176086e+01,2.162950e+01,2.159490e+01,2.150489e+01,2.170557e+01,2.160874e+01,2.155337e+01,2.153260e+01,2.160182e+01,2.147025e+01,2.156029e+01,2.156029e+01,2.149796e+01,2.152567e+01,2.153952e+01,2.147025e+01,2.156721e+01,2.152567e+01,2.158106e+01,2.164334e+01,2.160182e+01,2.149796e+01,2.147718e+01,2.145639e+01,2.164334e+01,2.153952e+01,2.143560e+01,2.158798e+01,2.160182e+01,2.142867e+01,2.144253e+01,2.160182e+01,2.158106e+01,2.155337e+01,2.161566e+01,2.158106e+01,2.171940e+01,2.161566e+01,2.159490e+01,2.157414e+01,2.162950e+01,2.157414e+01,2.167100e+01,2.165717e+01,2.156029e+01,2.162950e+01,2.165717e+01,2.158798e+01,2.165717e+01,2.166409e+01,2.160182e+01,2.172631e+01,2.159490e+01,2.156721e+01,2.169175e+01,2.151182e+01,2.166409e+01,2.157414e+01,2.167100e+01,2.152567e+01,2.149104e+01,2.162950e+01,2.160874e+01,2.153260e+01,2.153952e+01,2.155337e+01,2.157414e+01,2.156721e+01,2.168483e+01,2.153952e+01,2.158798e+01,2.168483e+01,2.152567e+01,2.164334e+01,2.162258e+01,2.172631e+01,2.149104e+01,2.161566e+01,2.175395e+01,2.160874e+01,2.167792e+01,2.174704e+01,2.159490e+01,2.167100e+01,2.176086e+01,2.168483e+01,2.164334e+01,2.171248e+01,2.167100e+01,2.166409e+01,2.165025e+01,2.153260e+01,2.167792e+01,2.161566e+01,2.171248e+01,2.167100e+01,2.178159e+01,2.168483e+01,2.173322e+01,2.155337e+01,2.177468e+01,2.184374e+01,2.176086e+01,2.174704e+01,2.178159e+01,2.174013e+01,2.176777e+01,2.168483e+01,2.180922e+01,2.178159e+01,2.178159e+01,2.180231e+01,2.189896e+01,2.176086e+01,2.173322e+01,2.180922e+01,2.179540e+01,2.198172e+01,2.182993e+01,2.196793e+01,2.194725e+01,2.194035e+01,2.202997e+01,2.195414e+01,2.196104e+01,2.187825e+01,2.203687e+01,2.206442e+01,2.210575e+01,2.205065e+01,2.203687e+01,2.187825e+01,2.191965e+01,2.216771e+01,2.206442e+01,2.203687e+01,2.196104e+01,2.196793e+01,2.209886e+01,2.209198e+01,2.198172e+01,2.209198e+01,2.203687e+01,2.208509e+01,2.205754e+01,2.197483e+01,2.202997e+01,2.196793e+01,2.207131e+01,2.205754e+01,2.200930e+01,2.205065e+01,2.195414e+01,2.211952e+01,2.195414e+01,2.196793e+01,2.200241e+01,2.197483e+01,2.195414e+01,2.187135e+01,2.181612e+01,2.176777e+01,2.188516e+01,2.174704e+01,2.169866e+01,2.169175e+01,2.169866e+01,2.144253e+01,2.149104e+01,2.145639e+01,2.140787e+01,2.134545e+01,2.133851e+01,2.132464e+01,2.133851e+01,2.108843e+01,2.126911e+01,2.135239e+01,2.128993e+01,2.117881e+01,2.115796e+01,2.115101e+01,2.117186e+01,2.119966e+01,2.103277e+01,2.120660e+01,2.103973e+01,2.118576e+01,2.121355e+01,2.136626e+01,2.132464e+01,2.128993e+01,2.126911e+01,2.136626e+01,2.140787e+01,2.144946e+01,2.135239e+01,2.132464e+01,2.131770e+01,2.147025e+01,2.167792e+01,2.136626e+01,2.138707e+01,2.154645e+01,2.151875e+01,2.155337e+01,2.159490e+01,2.162258e+01,2.148411e+01,2.155337e+01,2.151875e+01,2.128993e+01,2.145639e+01,2.161566e+01,2.145639e+01,2.156029e+01,2.143560e+01,2.138013e+01,2.142867e+01,2.156721e+01
2.331740e+01,2.324252e+01,2.331060e+01,2.325614e+01,2.351457e+01,2.324933e+01,2.332421e+01,2.357569e+01,2.352816e+01,2.352816e+01,2.342623e+01,2.337183e+01,2.341264e+01,2.342623e+01,2.345342e+01,2.342623e+01,2.350778e+01,2.337183e+01,2.353495e+01,2.329018e+01,2.331740e+01,2.331740e+01,2.328337e+01,2.322209e+01,2.324252e+01,2.348060e+01,2.331740e+01,2.317439e+01,2.314031e+01,2.337864e+01,2.326976e+01,2.339224e+01,2.333101e+01,2.346701e+01,2.352136e+01,2.352816e+01,2.353495e+01,2.348060e+01,2.337864e+01,2.358926e+01,2.337183e+01,2.337183e+01,2.354853e+01,2.349419e+01,2.345342e+01,2.343303e+01,2.356890e+01,2.339904e+01,2.353495e+01,2.335823e+01,2.337864e+01,2.335143e+01,2.337183e+01,2.336503e+01,2.343983e+01,2.337864e+01,2.337864e+01,2.333101e+01,2.333782e+01,2.331060e+01,2.345342e+01,2.321527e+01,2.328337e+01,2.339904e+01,2.344662e+01,2.339224e+01,2.339224e+01,2.331060e+01,2.326295e+01,2.338544e+01,2.316076e+01,2.338544e+01,2.333101e+01,2.339224e+01,2.346701e+01,2.336503e+01,2.355532e+01,2.357569e+01,2.346022e+01,2.343303e+01,2.352136e+01,2.339224e+01,2.356211e+01,2.354174e+01,2.356890e+01,2.344662e+01,2.340584e+01,2.353495e+01,2.348060e+01,2.356211e+01,2.363676e+01,2.355532e+01,2.360962e+01,2.354174e+01,2.361641e+01,2.367746e+01,2.355532e+01,2.355532e+01,2.352136e+01,2.355532e+01,2.358247e+01,2.341264e+01,2.347381e+01,2.342623e+01,2.348740e+01,2.333101e+01,2.338544e+01,2.342623e+01,2.335143e+01,2.326976e+01,2.335823e+01,2.328337e+01,2.323571e+01,2.324252e+01,2.308576e+01,2.317439e+01,2.307212e+01,2.316758e+01,2.305165e+01,2.315395e+01,2.304483e+01,2.248379e+01,2.218147e+01,2.196104e+01,2.205754e+01,2.197483e+01,2.200241e+01,2.200930e+01,2.205065e+01,2.191965e+01,2.189896e+01,2.199551e+01,2.195414e+01,2.194725e+01,2.198172e+01,2.211263e+01,2.209886e+01,2.223650e+01,2.216771e+01,2.240142e+01,2.265516e+01,2.285360e+01,2.283309e+01,2.269625e+01,2.289461e+01,2.243575e+01,2.247006e+01,2.251808e+01,2.242888e+01,2.218835e+01,2.216771e+01,2.196104e+01,2.196104e+01,2.218835e+01,2.253866e+01,2.284676e+01,2.280573e+01,2.255923e+01,2.267571e+01,2.268255e+01,2.256608e+01,2.289461e+01,2.290827e+01,2.310622e+01,2.286043e+01,2.258665e+01,2.227088e+01,2.188516e+01,2.186445e+01,2.189896e+01,2.191276e+01,2.208509e+01,2.229838e+01,2.218835e+01,2.244261e+01,2.253866e+01,2.230525e+01,2.225026e+01,2.274416e+01,2.255923e+01,2.258665e+01,2.273047e+01,2.333782e+01,2.331060e+01,2.286727e+01,2.287410e+01,2.271679e+01,2.268255e+01,2.250437e+01,2.262776e+01,2.292877e+01,2.312668e+01,2.280573e+01,2.262776e+01,2.272363e+01,2.268255e+01,2.261406e+01,2.227776e+01,2.229838e+01,2.216082e+01,2.214017e+01,2.189206e+01,2.189206e+01,2.188516e+01,2.218147e+01,2.238769e+01,2.273047e+01,2.253180e+01,2.233274e+01,2.235335e+01,2.251808e+01,2.266201e+01,2.254551e+01,2.260035e+01,2.285360e+01,2.316758e+01,2.354853e+01,2.440058e+01,2.530584e+01,2.557923e+01,2.458898e+01,2.341264e+01,2.290827e+01,2.242202e+01,2.218835e+01,2.225713e+01,2.236709e+01,2.238769e+01,2.217459e+01,2.228463e+01,2.218835e+01,2.244948e+01,2.251808e+01,2.223650e+01,2.251808e+01,2.283993e+01,2.290144e+01,2.288777e+01,2.278522e+01,2.270994e+01,2.262091e+01,2.234648e+01,2.197483e+01,2.205754e+01,2.193345e+01,2.207820e+01,2.194725e+01,2.193345e+01,2.189206e+01,2.192655e+01,2.198172e+01,2.189206e+01,2.185065e+01,2.185755e+01,2.189206e+01,2.192655e+01,2.187825e+01,2.185065e+01,2.185755e+01,2.181612e+01,2.182303e+01,2.187135e+01,2.183684e+01,2.185755e+01,2.187135e+01,2.186445e+01,2.188516e+01,2.189896e+01,2.190586e+01,2.187825e+01,2.186445e+01,2.170557e+01,2.166409e+01,2.178159e+01,2.177468e+01,2.189896e+01,2.185065e+01,2.186445e+01,2.184374e+01,2.185755e+01,2.183684e+01,2.174704e+01,2.173322e+01,2.164334e+01,2.171248e+01,2.170557e+01,2.158798e+01,2.165025e+01,2.164334e+01,2.167792e+01,2.165025e+01,2.158798e+01,2.171248e+01,2.171940e+01,2.156029e+01,2.174704e+01,2.159490e+01,2.154645e+01,2.153952e+01,2.147718e+01,2.150489e+01,2.151182e+01,2.154645e+01,2.156721e+01,2.158106e+01,2.151182e+01,2.153952e+01,2.147718e+01,2.156029e+01,2.159490e+01,2.154645e+01,2.149104e+01,2.156029e+01,2.152567e+01,2.155337e+01,2.156029e+01,2.149796e+01,2.176086e+01,2.160874e+01,2.157414e+01,2.161566e+01,2.159490e+01,2.162258e+01,2.164334e+01,2.169866e+01,2.161566e+01,2.168483e+01,2.165717e+01,2.169866e+01,2.173322e+01,2.166409e+01,2.159490e+01,2.158106e+01,2.156721e+01,2.161566e+01,2.156029e+01,2.162950e+01,2.166409e+01,2.158106e+01,2.165717e+01,2.156029e+01,2.175395e+01,2.156721e+01,2.158798e+01,2.161566e+01,2.158106e+01,2.166409e+01,2.138707e+01,2.162258e+01,2.142867e+01,2.167100e+01,2.167100e+01,2.166409e+01,2.167792e+01,2.160182e+01,2.155337e+01,2.154645e+01,2.150489e+01,2.173322e+01,2.158798e+01,2.158106e+01,2.169175e+01,2.168483e+01,2.165025e+01,2.160874e+01,2.154645e+01,2.162258e+01,2.158798e+01,2.159490e+01,2.167792e+01,2.168483e+01,2.167792e+01,2.162950e+01,2.167100e+01,2.168483e+01,2.167792e+01,2.171248e+01,2.169175e+01,2.167100e+01,2.170557e+01,2.181612e+01,2.169175e+01,2.181612e+01,2.160874e+01,2.172631e+01,2.180231e+01,2.189206e+01,2.180231e+01,2.179540e+01,2.176777e+01,2.174704e+01,2.176086e+01,2.167792e+01,2.179540e+01,2.181612e+01,2.170557e+01,2.187135e+01,2.180231e+01,2.168483e+01,2.182303e+01,2.179540e+01,2.187825e+01,2.176086e+01,2.186445e+01,2.165025e+01,2.171248e+01,2.165717e+01,2.164334e+01,2.176777e+01,2.175395e+01,2.165025e+01,2.171940e+01,2.169866e+01,2.161566e+01,2.182303e+01,2.160874e+01,2.165025e+01,2.165717e+01,2.167792e+01,2.160874e+01,2.174013e+01,2.157414e+01,2.176086e+01,2.168483e+01,2.158106e+01,2.162258e+01,2.157414e+01,2.143560e+01,2.155337e+01,2.146332e+01,2.151182e+01,2.158106e+01,2.164334e+01,2.156721e+01,2.153952e+01,2.155337e+01,2.149104e+01,2.145639e+01,2.162950e+01,2.153260e+01,2.142174e+01,2.158798e+01,2.156721e+01,2.151875e+01,2.161566e+01,2.156721e+01,2.169175e+01,2.158798e+01,2.158798e+01,2.140787e+01,2.151182e+01,2.153260e+01,2.164334e+01,2.162258e+01,2.163642e+01,2.143560e+01,2.158798e+01,2.156721e+01,2.157414e+01,2.152567e+01,2.155337e+01,2.165025e+01,2.164334e+01,2.159490e+01,2.155337e+01,2.160182e+01,2.163642e+01,2.154645e+01,2.162258e+01,2.162950e+01,2.156721e+01,2.156721e+01,2.155337e+01,2.156029e+01,2.158106e+01,2.167792e+01,2.168483e+01,2.171248e+01,2.169866e+01,2.157414e+01,2.159490e+01,2.160182e+01,2.168483e+01,2.152567e+01,2.161566e+01,2.155337e+01,2.169175e+01,2.172631e+01,2.168483e+01,2.159490e+01,2.155337e+01,2.155337e+01,2.169175e+01,2.169175e+01,2.169175e+01,2.167792e+01,2.172631e+01,2.169175e+01,2.162950e+01,2.154645e+01,2.158106e+01,2.162258e+01,2.160182e+01,2.176086e+01,2.160874e+01,2.160182e+01,2.168483e+01,2.180922e+01,2.171940e+01,2.167100e+01,2.165025e+01,2.166409e+01,2.167792e+01,2.165717e+01,2.156029e+01,2.180231e+01,2.182993e+01,2.167100e+01,2.183684e+01,2.178850e+01,2.176086e+01,2.176777e+01,2.176777e+01,2.185755e+01,2.182303e+01,2.182303e+01,2.177468e+01,2.182993e+01,2.175395e+01,2.180922e+01,2.178159e+01,2.184374e+01,2.180922e+01,2.174013e+01,2.185065e+01,2.200930e+01,2.200241e+01,2.184374e+01,2.165717e+01,2.189206e+01,2.194725e+01,2.190586e+01,2.189206e+01,2.194725e+01,2.201619e+01,2.200241e+01,2.196793e+01,2.199551e+01,2.207131e+01,2.196793e+01,2.203687e+01,2.200241e+01,2.198862e+01,2.194725e+01,2.208509e+01,2.199551e+01,2.206442e+01,2.205754e+01,2.198862e+01,2.218147e+01,2.200930e+01,2.228463e+01,2.200930e+01,2.209198e+01,2.202308e+01,2.201619e+01,2.209198e+01,2.230525e+01,2.202308e+01,2.199551e+01,2.201619e+01,2.197483e+01,2.209198e+01,2.205065e+01,2.206442e+01,2.191276e+01,2.199551e+01,2.200241e+01,2.188516e+01,2.182993e+01,2.187825e+01,2.187135e+01,2.182303e+01,2.200930e+01,2.182303e+01,2.160874e+01,2.156029e+01,2.158106e+01,2.149796e+01,2.144253e+01,2.131076e+01,2.138707e+01,2.132464e+01,2.131076e+01,2.135239e+01,2.132464e+01,2.131770e+01,2.122744e+01,2.115101e+01,2.135239e+01,2.125522e+01,2.123439e+01,2.117881e+01,2.113711e+01,2.118576e+01,2.129688e+01,2.122744e+01,2.120660e+01,2.131770e+01,2.124828e+01,2.123439e+01,2.121355e+01,2.122050e+01,2.122050e+01,2.136626e+01,2.130382e+01,2.141480e+01,2.144946e+01,2.147025e+01,2.138013e+01,2.143560e+01,2.144946e+01,2.149796e+01,2.135239e+01,2.136626e+01,2.150489e+01,2.149796e+01,2.147025e+01,2.158798e+01,2.153260e+01,2.149796e+01,2.126911e+01,2.140787e+01,2.147718e+01,2.153952e+01,2.144946e+01,2.149104e+01,2.154645e+01,2.147718e+01,2.139400e+01
2.328337e+01,2.326976e+01,2.324252e+01,2.329699e+01,2.333782e+01,2.329699e+01,2.350778e+01,2.332421e+01,2.352816e+01,2.356211e+01,2.354174e+01,2.339224e+01,2.343983e+01,2.336503e+01,2.356211e+01,2.338544e+01,2.324933e+01,2.337864e+01,2.333782e+01,2.329018e+01,2.330379e+01,2.326295e+01,2.327656e+01,2.335823e+01,2.329018e+01,2.326976e+01,2.331060e+01,2.346022e+01,2.334462e+01,2.341264e+01,2.341264e+01,2.329018e+01,2.353495e+01,2.331740e+01,2.356890e+01,2.350778e+01,2.352816e+01,2.347381e+01,2.346701e+01,2.348740e+01,2.348740e+01,2.341264e+01,2.344662e+01,2.346701e+01,2.348740e+01,2.348740e+01,2.352816e+01,2.335143e+01,2.355532e+01,2.343983e+01,2.341264e+01,2.350778e+01,2.339904e+01,2.348060e+01,2.348740e+01,2.335823e+01,2.329699e+01,2.337183e+01,2.339904e+01,2.338544e+01,2.346701e+01,2.333101e+01,2.342623e+01,2.336503e+01,2.345342e+01,2.338544e+01,2.329699e+01,2.338544e+01,2.338544e+01,2.338544e+01,2.343983e+01,2.335823e+01,2.329699e+01,2.332421e+01,2.359605e+01,2.357569e+01,2.334462e+01,2.346701e+01,2.348060e+01,2.329699e+01,2.352136e+01,2.352136e+01,2.360283e+01,2.350778e+01,2.350099e+01,2.355532e+01,2.341944e+01,2.348740e+01,2.352816e+01,2.352816e+01,2.360283e+01,2.347381e+01,2.353495e+01,2.355532e+01,2.355532e+01,2.364355e+01,2.352136e+01,2.352136e+01,2.356211e+01,2.359605e+01,2.360283e+01,2.357569e+01,2.337864e+01,2.334462e+01,2.358926e+01,2.338544e+01,2.352136e+01,2.339904e+01,2.337183e+01,2.333782e+01,2.324252e+01,2.323571e+01,2.321527e+01,2.320846e+01,2.322209e+01,2.311986e+01,2.320165e+01,2.312668e+01,2.273047e+01,2.331060e+01,2.307894e+01,2.270994e+01,2.202997e+01,2.205065e+01,2.207820e+01,2.198862e+01,2.194035e+01,2.209198e+01,2.205754e+01,2.192655e+01,2.205065e+01,2.188516e+01,2.188516e+01,2.209198e+01,2.208509e+01,2.210575e+01,2.216771e+01,2.212641e+01,2.206442e+01,2.242202e+01,2.264146e+01,2.302436e+01,2.322209e+01,2.266201e+01,2.249065e+01,2.220211e+01,2.221587e+01,2.236022e+01,2.232587e+01,2.227088e+01,2.205065e+01,2.222962e+01,2.219523e+01,2.230525e+01,2.260720e+01,2.288094e+01,2.284676e+01,2.260720e+01,2.289461e+01,2.287410e+01,2.288777e+01,2.352136e+01,2.394838e+01,2.350778e+01,2.392808e+01,2.343303e+01,2.251122e+01,2.211952e+01,2.194725e+01,2.200241e+01,2.193345e+01,2.231900e+01,2.233274e+01,2.273047e+01,2.255237e+01,2.221587e+01,2.249065e+01,2.264831e+01,2.248379e+01,2.226401e+01,2.226401e+01,2.277153e+01,2.292877e+01,2.290144e+01,2.267571e+01,2.275101e+01,2.256608e+01,2.264146e+01,2.326976e+01,2.367746e+01,2.387395e+01,2.348740e+01,2.314713e+01,2.320846e+01,2.346022e+01,2.273732e+01,2.229838e+01,2.222275e+01,2.311986e+01,2.270994e+01,2.272363e+01,2.270994e+01,2.205754e+01,2.216082e+01,2.238082e+01,2.236709e+01,2.237395e+01,2.255237e+01,2.244261e+01,2.253866e+01,2.294926e+01,2.292877e+01,2.235335e+01,2.227776e+01,2.226401e+01,2.264831e+01,2.291510e+01,2.373170e+01,2.456881e+01,2.531919e+01,2.475020e+01,2.419835e+01,2.296975e+01,2.220211e+01,2.217459e+01,2.233961e+01,2.244948e+01,2.225713e+01,2.224338e+01,2.211952e+01,2.217459e+01,2.240142e+01,2.225026e+01,2.231900e+01,2.233274e+01,2.264831e+01,2.277153e+01,2.256608e+01,2.276469e+01,2.288094e+01,2.260720e+01,2.219523e+01,2.209198e+01,2.219523e+01,2.232587e+01,2.221587e+01,2.196104e+01,2.196793e+01,2.202308e+01,2.198172e+01,2.185755e+01,2.185755e+01,2.194035e+01,2.194725e+01,2.183684e+01,2.184374e+01,2.186445e+01,2.180231e+01,2.183684e+01,2.187825e+01,2.192655e+01,2.182993e+01,2.173322e+01,2.189206e+01,2.183684e+01,2.175395e+01,2.186445e+01,2.183684e+01,2.180231e+01,2.185065e+01,2.180231e+01,2.180922e+01,2.180922e+01,2.185065e+01,2.177468e+01,2.176086e+01,2.188516e+01,2.186445e+01,2.182303e+01,2.167792e+01,2.171248e+01,2.169866e+01,2.180231e+01,2.178159e+01,2.177468e+01,2.171248e+01,2.165025e+01,2.158798e+01,2.165717e+01,2.167792e+01,2.159490e+01,2.180231e+01,2.154645e+01,2.171248e+01,2.151875e+01,2.155337e+01,2.156721e+01,2.163642e+01,2.154645e+01,2.157414e+01,2.164334e+01,2.157414e+01,2.161566e+01,2.156721e+01,2.158106e+01,2.158798e+01,2.156721e+01,2.151875e+01,2.152567e+01,2.147025e+01,2.158798e+01,2.151182e+01,2.156721e+01,2.147718e+01,2.158106e+01,2.154645e+01,2.160182e+01,2.153952e+01,2.164334e+01,2.159490e+01,2.163642e+01,2.158798e+01,2.145639e+01,2.167792e+01,2.165025e+01,2.172631e+01,2.158798e+01,2.157414e+01,2.164334e+01,2.158798e+01,2.162258e+01,2.159490e+01,2.155337e+01,2.155337e+01,2.167100e+01,2.153260e+01,2.169866e+01,2.158106e+01,2.171248e+01,2.169175e+01,2.159490e+01,2.148411e+01,2.156029e+01,2.168483e+01,2.161566e+01,2.163642e+01,2.175395e+01,2.168483e+01,2.167100e+01,2.172631e+01,2.171940e+01,2.158798e+01,2.171940e+01,2.158106e+01,2.179540e+01,2.159490e+01,2.166409e+01,2.155337e+01,2.168483e+01,2.163642e+01,2.158798e+01,2.153952e+01,2.153260e+01,2.162950e+01,2.166409e+01,2.149796e+01,2.162258e+01,2.172631e+01,2.158106e+01,2.185065e+01,2.164334e+01,2.151875e+01,2.165025e+01,2.171248e+01,2.167792e+01,2.167792e+01,2.175395e+01,2.164334e+01,2.175395e+01,2.173322e+01,2.181612e+01,2.170557e+01,2.182993e+01,2.174013e+01,2.174013e+01,2.181612e+01,2.178850e+01,2.171248e+01,2.176086e+01,2.174704e+01,2.178159e+01,2.177468e+01,2.175395e+01,2.176777e+01,2.171940e+01,2.174013e+01,2.180231e+01,2.179540e+01,2.181612e+01,2.182993e+01,2.179540e+01,2.178850e+01,2.186445e+01,2.166409e+01,2.175395e+01,2.176086e+01,2.172631e+01,2.166409e+01,2.162950e+01,2.160874e+01,2.169175e+01,2.169175e+01,2.180231e+01,2.168483e+01,2.167100e+01,2.162950e+01,2.159490e+01,2.166409e+01,2.162258e+01,2.171248e+01,2.164334e+01,2.165025e+01,2.162258e+01,2.162258e+01,2.158798e+01,2.151875e+01,2.153952e+01,2.148411e+01,2.158106e+01,2.153952e+01,2.149796e+01,2.147025e+01,2.161566e+01,2.157414e+01,2.154645e+01,2.165025e+01,2.150489e+01,2.142174e+01,2.161566e+01,2.161566e+01,2.155337e+01,2.157414e+01,2.156721e+01,2.143560e+01,2.136626e+01,2.158106e+01,2.143560e+01,2.155337e+01,2.171248e+01,2.156721e+01,2.152567e+01,2.162258e+01,2.161566e+01,2.160874e+01,2.161566e+01,2.153260e+01,2.141480e+01,2.164334e+01,2.162258e+01,2.162258e+01,2.164334e+01,2.154645e+01,2.161566e+01,2.169175e+01,2.168483e+01,2.168483e+01,2.167100e+01,2.162258e+01,2.162950e+01,2.167100e+01,2.173322e+01,2.160182e+01,2.151875e+01,2.149796e+01,2.158798e+01,2.173322e+01,2.171248e+01,2.158798e+01,2.151875e+01,2.159490e+01,2.158106e+01,2.160874e+01,2.159490e+01,2.158798e+01,2.153260e+01,2.155337e+01,2.156721e+01,2.163642e+01,2.162258e+01,2.154645e+01,2.169866e+01,2.169866e+01,2.171940e+01,2.168483e+01,2.176086e+01,2.160182e+01,2.163642e+01,2.162950e+01,2.164334e+01,2.168483e+01,2.152567e+01,2.167100e+01,2.169175e+01,2.158106e+01,2.157414e+01,2.167100e+01,2.167792e+01,2.156721e+01,2.165025e+01,2.163642e+01,2.149796e+01,2.165025e+01,2.152567e+01,2.162258e+01,2.160874e+01,2.161566e+01,2.174704e+01,2.171940e+01,2.170557e+01,2.182993e+01,2.183684e+01,2.174013e+01,2.175395e+01,2.183684e+01,2.185065e+01,2.187135e+01,2.189896e+01,2.187825e+01,2.203687e+01,2.178850e+01,2.186445e+01,2.173322e+01,2.173322e+01,2.179540e+01,2.174704e+01,2.181612e+01,2.180922e+01,2.183684e+01,2.187135e+01,2.200930e+01,2.189206e+01,2.197483e+01,2.204376e+01,2.206442e+01,2.185065e+01,2.194035e+01,2.202308e+01,2.198862e+01,2.169866e+01,2.202997e+01,2.205754e+01,2.188516e+01,2.205754e+01,2.205065e+01,2.211952e+01,2.209886e+01,2.210575e+01,2.194725e+01,2.195414e+01,2.200241e+01,2.222275e+01,2.195414e+01,2.205065e+01,2.196793e+01,2.206442e+01,2.202308e+01,2.207131e+01,2.207820e+01,2.207131e+01,2.203687e+01,2.186445e+01,2.197483e+01,2.196793e+01,2.194725e+01,2.208509e+01,2.191276e+01,2.200241e+01,2.186445e+01,2.188516e+01,2.193345e+01,2.185755e+01,2.180922e+01,2.184374e+01,2.191276e+01,2.174013e+01,2.169866e+01,2.165025e+01,2.168483e+01,2.162258e+01,2.165025e+01,2.132464e+01,2.138013e+01,2.134545e+01,2.128299e+01,2.131770e+01,2.136626e+01,2.144946e+01,2.133158e+01,2.126217e+01,2.125522e+01,2.132464e+01,2.122744e+01,2.119271e+01,2.108843e+01,2.135239e+01,2.115101e+01,2.131770e+01,2.118576e+01,2.117186e+01,2.124133e+01,2.137320e+01,2.108843e+01,2.124828e+01,2.130382e+01,2.123439e+01,2.149796e+01,2.140094e+01,2.147025e+01,2.147718e+01,2.144253e+01,2.142867e+01,2.155337e+01,2.141480e+01,2.138707e+01,2.140094e+01,2.156029e+01,2.131076e+01,2.158106e+01,2.147718e+01,2.157414e+01,2.164334e+01,2.161566e+01,2.158798e+01,2.158106e+01,2.154645e+01,2.158106e+01,2.144946e+01,2.139400e+01,2.142867e+01,2.138707e+01
2.324933e+01,2.325614e+01,2.331740e+01,2.326976e+01,2.338544e+01,2.335143e+01,2.358247e+01,2.331060e+01,2.349419e+01,2.339224e+01,2.350099e+01,2.360962e+01,2.335143e+01,2.352136e+01,2.344662e+01,2.339904e+01,2.333782e+01,2.342623e+01,2.350778e+01,2.335823e+01,2.327656e+01,2.327656e+01,2.336503e+01,2.329699e+01,2.339224e+01,2.329018e+01,2.330379e+01,2.333782e+01,2.328337e+01,2.340584e+01,2.345342e+01,2.329699e+01,2.333782e+01,2.330379e+01,2.350778e+01,2.348740e+01,2.320846e+01,2.347381e+01,2.345342e+01,2.353495e+01,2.354853e+01,2.345342e+01,2.356211e+01,2.343983e+01,2.341944e+01,2.348740e+01,2.343983e+01,2.347381e+01,2.348740e+01,2.354174e+01,2.354174e+01,2.341944e+01,2.316758e+01,2.340584e+01,2.337864e+01,2.339904e+01,2.341264e+01,2.340584e+01,2.338544e+01,2.345342e+01,2.338544e+01,2.348060e+01,2.354853e+01,2.349419e+01,2.331740e+01,2.353495e+01,2.337864e+01,2.343983e+01,2.340584e+01,2.327656e+01,2.345342e+01,2.345342e+01,2.334462e+01,2.339224e+01,2.353495e+01,2.335143e+01,2.346701e+01,2.344662e+01,2.360283e+01,2.346022e+01,2.353495e+01,2.336503e+01,2.352136e+01,2.351457e+01,2.358926e+01,2.355532e+01,2.359605e+01,2.346022e+01,2.351457e+01,2.351457e+01,2.362319e+01,2.357569e+01,2.354174e+01,2.350778e+01,2.352816e+01,2.352136e+01,2.354174e+01,2.361641e+01,2.357569e+01,2.363676e+01,2.348740e+01,2.343983e+01,2.354853e+01,2.355532e+01,2.352816e+01,2.354174e+01,2.339904e+01,2.348060e+01,2.336503e+01,2.346022e+01,2.337183e+01,2.336503e+01,2.314031e+01,2.329699e+01,2.311304e+01,2.322890e+01,2.320846e+01,2.310622e+01,2.302436e+01,2.321527e+01,2.328337e+01,2.256608e+01,2.201619e+01,2.209198e+01,2.202308e+01,2.197483e+01,2.194725e+01,2.190586e+01,2.210575e+01,2.194035e+01,2.200930e+01,2.191965e+01,2.184374e+01,2.203687e+01,2.190586e+01,2.198862e+01,2.216771e+01,2.220211e+01,2.237395e+01,2.244948e+01,2.282625e+01,2.345342e+01,2.347381e+01,2.286727e+01,2.222275e+01,2.229151e+01,2.223650e+01,2.241516e+01,2.231212e+01,2.236709e+01,2.224338e+01,2.216082e+01,2.231212e+01,2.236709e+01,2.263461e+01,2.279206e+01,2.279889e+01,2.268940e+01,2.288777e+01,2.268255e+01,2.296975e+01,2.351457e+01,2.356890e+01,2.433321e+01,2.475691e+01,2.391455e+01,2.246320e+01,2.204376e+01,2.180922e+01,2.191965e+01,2.205065e+01,2.228463e+01,2.200930e+01,2.238769e+01,2.225713e+01,2.286043e+01,2.278522e+01,2.291510e+01,2.248379e+01,2.247006e+01,2.244948e+01,2.234648e+01,2.252494e+01,2.260035e+01,2.268255e+01,2.255923e+01,2.290827e+01,2.329699e+01,2.385364e+01,2.358926e+01,2.385364e+01,2.366390e+01,2.359605e+01,2.390102e+01,2.346701e+01,2.233274e+01,2.235335e+01,2.293560e+01,2.310622e+01,2.244948e+01,2.238082e+01,2.191965e+01,2.196104e+01,2.236022e+01,2.238769e+01,2.234648e+01,2.246320e+01,2.272363e+01,2.273732e+01,2.272363e+01,2.274416e+01,2.254551e+01,2.233274e+01,2.231900e+01,2.220899e+01,2.223650e+01,2.252494e+01,2.304483e+01,2.379269e+01,2.440058e+01,2.477034e+01,2.413085e+01,2.291510e+01,2.217459e+01,2.212641e+01,2.246320e+01,2.229838e+01,2.222962e+01,2.214017e+01,2.214017e+01,2.231212e+01,2.218147e+01,2.214017e+01,2.263461e+01,2.299706e+01,2.283993e+01,2.276469e+01,2.288094e+01,2.279889e+01,2.277153e+01,2.272363e+01,2.268255e+01,2.264146e+01,2.288094e+01,2.290144e+01,2.236022e+01,2.195414e+01,2.200930e+01,2.194725e+01,2.180922e+01,2.183684e+01,2.171248e+01,2.196793e+01,2.194725e+01,2.191965e+01,2.187825e+01,2.178850e+01,2.181612e+01,2.187825e+01,2.177468e+01,2.194035e+01,2.191965e+01,2.187135e+01,2.182993e+01,2.186445e+01,2.176777e+01,2.181612e+01,2.185065e+01,2.185065e+01,2.189206e+01,2.168483e+01,2.174013e+01,2.185065e+01,2.184374e+01,2.178159e+01,2.182303e+01,2.181612e+01,2.171940e+01,2.176777e+01,2.171248e+01,2.170557e+01,2.174013e+01,2.168483e+01,2.173322e+01,2.162258e+01,2.153260e+01,2.150489e+01,2.160874e+01,2.164334e+01,2.158798e+01,2.156721e+01,2.156721e+01,2.156029e+01,2.159490e+01,2.153260e+01,2.157414e+01,2.153260e+01,2.146332e+01,2.153260e+01,2.153260e+01,2.157414e+01,2.159490e+01,2.160874e+01,2.159490e+01,2.153952e+01,2.159490e+01,2.150489e+01,2.149104e+01,2.158798e+01,2.149104e+01,2.162258e+01,2.156721e+01,2.156721e+01,2.159490e+01,2.168483e+01,2.162258e+01,2.153952e+01,2.153260e+01,2.146332e+01,2.149104e+01,2.151182e+01,2.163642e+01,2.158798e+01,2.158798e+01,2.159490e+01,2.165717e+01,2.159490e+01,2.167792e+01,2.161566e+01,2.169866e+01,2.173322e+01,2.176086e+01,2.168483e+01,2.170557e+01,2.153952e+01,2.167792e+01,2.156721e+01,2.174013e+01,2.175395e+01,2.174704e+01,2.176086e+01,2.174013e+01,2.162258e+01,2.169866e+01,2.160182e+01,2.167792e+01,2.169175e+01,2.169175e+01,2.168483e+01,2.162258e+01,2.174013e+01,2.174704e+01,2.165025e+01,2.163642e+01,2.160874e+01,2.158798e+01,2.158798e+01,2.173322e+01,2.159490e+01,2.156029e+01,2.173322e+01,2.178850e+01,2.156029e+01,2.160874e+01,2.162950e+01,2.161566e+01,2.162950e+01,2.160182e+01,2.160874e+01,2.160182e+01,2.163642e+01,2.166409e+01,2.167100e+01,2.167100e+01,2.179540e+01,2.170557e+01,2.178159e+01,2.171940e+01,2.169866e+01,2.179540e+01,2.176777e+01,2.173322e+01,2.169175e+01,2.174013e+01,2.176777e+01,2.182993e+01,2.179540e+01,2.181612e+01,2.180231e+01,2.176086e+01,2.179540e+01,2.176777e+01,2.174704e+01,2.176777e+01,2.172631e+01,2.171248e+01,2.168483e+01,2.180231e+01,2.178159e+01,2.181612e+01,2.180231e+01,2.180231e+01,2.180922e+01,2.177468e+01,2.168483e+01,2.171940e+01,2.175395e+01,2.173322e+01,2.162950e+01,2.173322e+01,2.184374e+01,2.172631e+01,2.170557e+01,2.160874e+01,2.182303e+01,2.177468e+01,2.162258e+01,2.165025e+01,2.166409e+01,2.162950e+01,2.153260e+01,2.168483e+01,2.147025e+01,2.176777e+01,2.136626e+01,2.162258e+01,2.158106e+01,2.156029e+01,2.143560e+01,2.158106e+01,2.154645e+01,2.148411e+01,2.148411e+01,2.148411e+01,2.149104e+01,2.148411e+01,2.153952e+01,2.144253e+01,2.157414e+01,2.149104e+01,2.151875e+01,2.167100e+01,2.147718e+01,2.160182e+01,2.147718e+01,2.147025e+01,2.152567e+01,2.172631e+01,2.153260e+01,2.152567e+01,2.142174e+01,2.133158e+01,2.162950e+01,2.158106e+01,2.160874e+01,2.160874e+01,2.151875e+01,2.159490e+01,2.166409e+01,2.158106e+01,2.154645e+01,2.160182e+01,2.162950e+01,2.167100e+01,2.163642e+01,2.165717e+01,2.165025e+01,2.169175e+01,2.158106e+01,2.167792e+01,2.158106e+01,2.154645e+01,2.154645e+01,2.155337e+01,2.159490e+01,2.156029e+01,2.161566e+01,2.162258e+01,2.167100e+01,2.163642e+01,2.156029e+01,2.166409e+01,2.173322e+01,2.160874e+01,2.172631e+01,2.158798e+01,2.159490e+01,2.157414e+01,2.159490e+01,2.174013e+01,2.169175e+01,2.162258e+01,2.169866e+01,2.167792e+01,2.157414e+01,2.154645e+01,2.171940e+01,2.165717e+01,2.167100e+01,2.171248e+01,2.165025e+01,2.160874e+01,2.160182e+01,2.171248e+01,2.173322e+01,2.166409e+01,2.180231e+01,2.165025e+01,2.165025e+01,2.160874e+01,2.162258e+01,2.158798e+01,2.162950e+01,2.157414e+01,2.166409e+01,2.169866e+01,2.166409e+01,2.169175e+01,2.165717e+01,2.176086e+01,2.178159e+01,2.179540e+01,2.183684e+01,2.177468e+01,2.189206e+01,2.185755e+01,2.187135e+01,2.183684e+01,2.189206e+01,2.172631e+01,2.172631e+01,2.195414e+01,2.175395e+01,2.178850e+01,2.177468e+01,2.180922e+01,2.187825e+01,2.206442e+01,2.196793e+01,2.199551e+01,2.173322e+01,2.191965e+01,2.198862e+01,2.195414e+01,2.194035e+01,2.189206e+01,2.199551e+01,2.204376e+01,2.203687e+01,2.207820e+01,2.201619e+01,2.201619e+01,2.189896e+01,2.201619e+01,2.209198e+01,2.211263e+01,2.196793e+01,2.196793e+01,2.205754e+01,2.231900e+01,2.204376e+01,2.196793e+01,2.205754e+01,2.210575e+01,2.202997e+01,2.205065e+01,2.202308e+01,2.212641e+01,2.207131e+01,2.194035e+01,2.210575e+01,2.211263e+01,2.209886e+01,2.208509e+01,2.189896e+01,2.191276e+01,2.196793e+01,2.204376e+01,2.196104e+01,2.186445e+01,2.180231e+01,2.185065e+01,2.188516e+01,2.191276e+01,2.171940e+01,2.174013e+01,2.168483e+01,2.154645e+01,2.149796e+01,2.165717e+01,2.152567e+01,2.140787e+01,2.159490e+01,2.129688e+01,2.128299e+01,2.126217e+01,2.110929e+01,2.133158e+01,2.124828e+01,2.129688e+01,2.126911e+01,2.124828e+01,2.135933e+01,2.122744e+01,2.130382e+01,2.124133e+01,2.131770e+01,2.130382e+01,2.120660e+01,2.140787e+01,2.132464e+01,2.120660e+01,2.134545e+01,2.135239e+01,2.141480e+01,2.147025e+01,2.151875e+01,2.140787e+01,2.155337e+01,2.145639e+01,2.140787e+01,2.147025e+01,2.161566e+01,2.144253e+01,2.150489e+01,2.150489e+01,2.152567e+01,2.152567e+01,2.162258e+01,2.144946e+01,2.137320e+01,2.147718e+01,2.142867e+01,2.146332e+01,2.149796e+01,2.146332e+01,2.155337e+01,2.148411e+01,2.137320e+01,2.135933e+01
2.324252e+01,2.326976e+01,2.320846e+01,2.326295e+01,2.356890e+01,2.358247e+01,2.358926e+01,2.352816e+01,2.359605e+01,2.360283e+01,2.344662e+01,2.332421e+01,2.347381e+01,2.347381e+01,2.350778e+01,2.346022e+01,2.335143e+01,2.337864e+01,2.329018e+01,2.339904e+01,2.338544e+01,2.337864e+01,2.330379e+01,2.331060e+01,2.331740e+01,2.329018e+01,2.346701e+01,2.320165e+01,2.346022e+01,2.330379e+01,2.335143e+01,2.326976e+01,2.341264e+01,2.343983e+01,2.347381e+01,2.346022e+01,2.348060e+01,2.351457e+01,2.347381e+01,2.362998e+01,2.343303e+01,2.358926e+01,2.333782e+01,2.358247e+01,2.339904e+01,2.343303e+01,2.345342e+01,2.359605e+01,2.349419e+01,2.349419e+01,2.332421e+01,2.350099e+01,2.350099e+01,2.331740e+01,2.333101e+01,2.330379e+01,2.347381e+01,2.343983e+01,2.338544e+01,2.341944e+01,2.338544e+01,2.350099e+01,2.341944e+01,2.335143e+01,2.341944e+01,2.326295e+01,2.339224e+01,2.347381e+01,2.326976e+01,2.333782e+01,2.337864e+01,2.341944e+01,2.331740e+01,2.331740e+01,2.338544e+01,2.335143e+01,2.335143e+01,2.342623e+01,2.340584e+01,2.351457e+01,2.367068e+01,2.351457e+01,2.351457e+01,2.356890e+01,2.354174e+01,2.343303e+01,2.348740e+01,2.339224e+01,2.352136e+01,2.355532e+01,2.354853e+01,2.355532e+01,2.346022e+01,2.351457e+01,2.346701e+01,2.346701e+01,2.344662e+01,2.360283e+01,2.340584e+01,2.336503e+01,2.367068e+01,2.343303e+01,2.336503e+01,2.354853e+01,2.351457e+01,2.346022e+01,2.339904e+01,2.336503e+01,2.334462e+01,2.339224e+01,2.339224e+01,2.330379e+01,2.322209e+01,2.320165e+01,2.324252e+01,2.325614e+01,2.311986e+01,2.307894e+01,2.311304e+01,2.325614e+01,2.339904e+01,2.273047e+01,2.237395e+01,2.200241e+01,2.198862e+01,2.199551e+01,2.204376e+01,2.202308e+01,2.209198e+01,2.200241e+01,2.192655e+01,2.199551e+01,2.199551e+01,2.211263e+01,2.218835e+01,2.227776e+01,2.231212e+01,2.237395e+01,2.247692e+01,2.269625e+01,2.299023e+01,2.371136e+01,2.364355e+01,2.268255e+01,2.248379e+01,2.238769e+01,2.281257e+01,2.266201e+01,2.257294e+01,2.263461e+01,2.243575e+01,2.236709e+01,2.233961e+01,2.251808e+01,2.266886e+01,2.288094e+01,2.266886e+01,2.279889e+01,2.250437e+01,2.266201e+01,2.286043e+01,2.309258e+01,2.353495e+01,2.413760e+01,2.468977e+01,2.367068e+01,2.231900e+01,2.190586e+01,2.178159e+01,2.201619e+01,2.206442e+01,2.198172e+01,2.196104e+01,2.218147e+01,2.277837e+01,2.280573e+01,2.302436e+01,2.257294e+01,2.241516e+01,2.231212e+01,2.212641e+01,2.227776e+01,2.264146e+01,2.261406e+01,2.277153e+01,2.280573e+01,2.302436e+01,2.347381e+01,2.349419e+01,2.349419e+01,2.382655e+01,2.430625e+01,2.441405e+01,2.346022e+01,2.233961e+01,2.201619e+01,2.211952e+01,2.214017e+01,2.209886e+01,2.216082e+01,2.202308e+01,2.231900e+01,2.219523e+01,2.233274e+01,2.236709e+01,2.257979e+01,2.270309e+01,2.301753e+01,2.345342e+01,2.345342e+01,2.410383e+01,2.400924e+01,2.320165e+01,2.236022e+01,2.221587e+01,2.230525e+01,2.240829e+01,2.303801e+01,2.303801e+01,2.346022e+01,2.384687e+01,2.379269e+01,2.278522e+01,2.211952e+01,2.222962e+01,2.229838e+01,2.224338e+01,2.237395e+01,2.241516e+01,2.244948e+01,2.247006e+01,2.291510e+01,2.348060e+01,2.350099e+01,2.367746e+01,2.350778e+01,2.287410e+01,2.283993e+01,2.283993e+01,2.281941e+01,2.280573e+01,2.283309e+01,2.326295e+01,2.381301e+01,2.318802e+01,2.255923e+01,2.200930e+01,2.183684e+01,2.196104e+01,2.178850e+01,2.191965e+01,2.198862e+01,2.194725e+01,2.196104e+01,2.187135e+01,2.197483e+01,2.189896e+01,2.191965e+01,2.189896e+01,2.192655e+01,2.176777e+01,2.180231e+01,2.187825e+01,2.186445e+01,2.181612e+01,2.187825e+01,2.184374e+01,2.179540e+01,2.180922e+01,2.178159e+01,2.191276e+01,2.189896e+01,2.183684e+01,2.191276e+01,2.180922e+01,2.169866e+01,2.172631e+01,2.172631e+01,2.184374e+01,2.180231e+01,2.185755e+01,2.170557e+01,2.178159e+01,2.166409e+01,2.165717e+01,2.169866e+01,2.163642e+01,2.167100e+01,2.164334e+01,2.166409e+01,2.169175e+01,2.161566e+01,2.162258e+01,2.154645e+01,2.155337e+01,2.156721e+01,2.152567e+01,2.142867e+01,2.161566e+01,2.151182e+01,2.162258e+01,2.162258e+01,2.183684e+01,2.162950e+01,2.160182e+01,2.152567e+01,2.131076e+01,2.160874e+01,2.159490e+01,2.158798e+01,2.158106e+01,2.158798e+01,2.153952e+01,2.151182e+01,2.160182e+01,2.156721e+01,2.165025e+01,2.155337e+01,2.165025e+01,2.165025e+01,2.151875e+01,2.163642e+01,2.158106e+01,2.160182e+01,2.164334e+01,2.163642e+01,2.167100e+01,2.157414e+01,2.164334e+01,2.177468e+01,2.176086e+01,2.176086e+01,2.160182e+01,2.165717e+01,2.153952e+01,2.171248e+01,2.161566e+01,2.156721e+01,2.153260e+01,2.160182e+01,2.159490e+01,2.161566e+01,2.161566e+01,2.169866e+01,2.166409e+01,2.167100e+01,2.167100e+01,2.149104e+01,2.165025e+01,2.163642e+01,2.161566e+01,2.165717e+01,2.160182e+01,2.161566e+01,2.160182e+01,2.156721e+01,2.169866e+01,2.167100e+01,2.155337e+01,2.156721e+01,2.176086e+01,2.166409e+01,2.165717e+01,2.172631e+01,2.169175e+01,2.162950e+01,2.167100e+01,2.167100e+01,2.163642e+01,2.164334e+01,2.161566e+01,2.161566e+01,2.170557e+01,2.160874e+01,2.175395e+01,2.170557e+01,2.186445e+01,2.176086e+01,2.168483e+01,2.165025e+01,2.178159e+01,2.171940e+01,2.172631e+01,2.173322e+01,2.170557e+01,2.196793e+01,2.180922e+01,2.180231e+01,2.173322e+01,2.171248e+01,2.182993e+01,2.177468e+01,2.172631e+01,2.174013e+01,2.179540e+01,2.173322e+01,2.178850e+01,2.176777e+01,2.180231e+01,2.180922e+01,2.184374e+01,2.173322e+01,2.191276e+01,2.174013e+01,2.180231e+01,2.175395e+01,2.171248e+01,2.179540e+01,2.172631e+01,2.167792e+01,2.161566e+01,2.189206e+01,2.171248e+01,2.157414e+01,2.170557e+01,2.165025e+01,2.174013e+01,2.174704e+01,2.153260e+01,2.171248e+01,2.170557e+01,2.169175e+01,2.162950e+01,2.182303e+01,2.162258e+01,2.150489e+01,2.158106e+01,2.145639e+01,2.152567e+01,2.142867e+01,2.149104e+01,2.148411e+01,2.150489e+01,2.160874e+01,2.149104e+01,2.153952e+01,2.149796e+01,2.148411e+01,2.149104e+01,2.144946e+01,2.137320e+01,2.149796e+01,2.159490e+01,2.140094e+01,2.159490e+01,2.149796e+01,2.157414e+01,2.155337e+01,2.151182e+01,2.142867e+01,2.157414e+01,2.156029e+01,2.161566e+01,2.161566e+01,2.149104e+01,2.150489e+01,2.166409e+01,2.136626e+01,2.165025e+01,2.153952e+01,2.157414e+01,2.152567e+01,2.156029e+01,2.158106e+01,2.164334e+01,2.159490e+01,2.166409e+01,2.150489e+01,2.162950e+01,2.158106e+01,2.161566e+01,2.173322e+01,2.156721e+01,2.159490e+01,2.140094e+01,2.164334e+01,2.158798e+01,2.153952e+01,2.153952e+01,2.166409e+01,2.158798e+01,2.156029e+01,2.163642e+01,2.166409e+01,2.164334e+01,2.156029e+01,2.157414e+01,2.161566e+01,2.158798e+01,2.158106e+01,2.173322e+01,2.158798e+01,2.153952e+01,2.157414e+01,2.171248e+01,2.166409e+01,2.187825e+01,2.167100e+01,2.165025e+01,2.158798e+01,2.163642e+01,2.159490e+01,2.167100e+01,2.161566e+01,2.178159e+01,2.159490e+01,2.180922e+01,2.179540e+01,2.162258e+01,2.162258e+01,2.160874e+01,2.163642e+01,2.162950e+01,2.159490e+01,2.171940e+01,2.165025e+01,2.171940e+01,2.166409e+01,2.168483e+01,2.170557e+01,2.174704e+01,2.182303e+01,2.179540e+01,2.182993e+01,2.182993e+01,2.185065e+01,2.182993e+01,2.186445e+01,2.188516e+01,2.195414e+01,2.198172e+01,2.182993e+01,2.194725e+01,2.188516e+01,2.194725e+01,2.191965e+01,2.201619e+01,2.191276e+01,2.205754e+01,2.193345e+01,2.206442e+01,2.190586e+01,2.197483e+01,2.199551e+01,2.209886e+01,2.194035e+01,2.208509e+01,2.200241e+01,2.203687e+01,2.196104e+01,2.208509e+01,2.205754e+01,2.202308e+01,2.206442e+01,2.207131e+01,2.202308e+01,2.196793e+01,2.216082e+01,2.209198e+01,2.202997e+01,2.227088e+01,2.196793e+01,2.222962e+01,2.206442e+01,2.202997e+01,2.200930e+01,2.194035e+01,2.205754e+01,2.211952e+01,2.211263e+01,2.193345e+01,2.212641e+01,2.207131e+01,2.188516e+01,2.190586e+01,2.211263e+01,2.207820e+01,2.195414e+01,2.187825e+01,2.182993e+01,2.186445e+01,2.191965e+01,2.182993e+01,2.156029e+01,2.178850e+01,2.180231e+01,2.165717e+01,2.149796e+01,2.173322e+01,2.172631e+01,2.139400e+01,2.149796e+01,2.140787e+01,2.139400e+01,2.123439e+01,2.128993e+01,2.134545e+01,2.138013e+01,2.118576e+01,2.135933e+01,2.123439e+01,2.125522e+01,2.132464e+01,2.140787e+01,2.135933e+01,2.116491e+01,2.118576e+01,2.124828e+01,2.122744e+01,2.122744e+01,2.132464e+01,2.131076e+01,2.133158e+01,2.143560e+01,2.130382e+01,2.147025e+01,2.140787e+01,2.142867e+01,2.141480e+01,2.149104e+01,2.158798e+01,2.143560e+01,2.147718e+01,2.149104e+01,2.153260e+01,2.155337e+01,2.149796e+01,2.147718e+01,2.155337e+01,2.153260e+01,2.141480e+01,2.165025e+01,2.154645e+01,2.148411e+01,2.155337e+01,2.142867e+01,2.176777e+01,2.157414e+01,2.149796e+01,2.156721e+01
2.324933e+01,2.326295e+01,2.339904e+01,2.332421e+01,2.333782e+01,2.351457e+01,2.352816e+01,2.346701e+01,2.345342e+01,2.343303e+01,2.356211e+01,2.333782e+01,2.333782e+01,2.348740e+01,2.341264e+01,2.333782e+01,2.348740e+01,2.338544e+01,2.345342e+01,2.348060e+01,2.341944e+01,2.339904e+01,2.343983e+01,2.327656e+01,2.329699e+01,2.343983e+01,2.350778e+01,2.340584e+01,2.343983e+01,2.347381e+01,2.333782e+01,2.338544e+01,2.341264e+01,2.332421e+01,2.339904e+01,2.352136e+01,2.339224e+01,2.352816e+01,2.343303e+01,2.373848e+01,2.358247e+01,2.357569e+01,2.348060e+01,2.354174e+01,2.348060e+01,2.346022e+01,2.344662e+01,2.339224e+01,2.348740e+01,2.334462e+01,2.354174e+01,2.348740e+01,2.335823e+01,2.354174e+01,2.342623e+01,2.343303e+01,2.343303e+01,2.333782e+01,2.337183e+01,2.330379e+01,2.343983e+01,2.339224e+01,2.330379e+01,2.322890e+01,2.315395e+01,2.333101e+01,2.337183e+01,2.328337e+01,2.347381e+01,2.335143e+01,2.342623e+01,2.331740e+01,2.346701e+01,2.346701e+01,2.336503e+01,2.337864e+01,2.346701e+01,2.342623e+01,2.341264e+01,2.344662e+01,2.350778e+01,2.356890e+01,2.339224e+01,2.354174e+01,2.349419e+01,2.349419e+01,2.350778e+01,2.348060e+01,2.347381e+01,2.351457e+01,2.354174e+01,2.358926e+01,2.341944e+01,2.352136e+01,2.354174e+01,2.350099e+01,2.339904e+01,2.339224e+01,2.345342e+01,2.347381e+01,2.335143e+01,2.344662e+01,2.354174e+01,2.337183e+01,2.336503e+01,2.353495e+01,2.335143e+01,2.341264e+01,2.347381e+01,2.338544e+01,2.332421e+01,2.339224e+01,2.325614e+01,2.324933e+01,2.316758e+01,2.312668e+01,2.312668e+01,2.303801e+01,2.310622e+01,2.310622e+01,2.329018e+01,2.292194e+01,2.237395e+01,2.202308e+01,2.201619e+01,2.198862e+01,2.198862e+01,2.201619e+01,2.201619e+01,2.195414e+01,2.194725e+01,2.196793e+01,2.215394e+01,2.202308e+01,2.214706e+01,2.217459e+01,2.218147e+01,2.236022e+01,2.268255e+01,2.253180e+01,2.303118e+01,2.316076e+01,2.289461e+01,2.287410e+01,2.285360e+01,2.320846e+01,2.316758e+01,2.277837e+01,2.268940e+01,2.292194e+01,2.263461e+01,2.233274e+01,2.259350e+01,2.283993e+01,2.275101e+01,2.273732e+01,2.251122e+01,2.255237e+01,2.236709e+01,2.251808e+01,2.260720e+01,2.264146e+01,2.285360e+01,2.353495e+01,2.396190e+01,2.307212e+01,2.225713e+01,2.205754e+01,2.218147e+01,2.205754e+01,2.198172e+01,2.196104e+01,2.203687e+01,2.227088e+01,2.248379e+01,2.260035e+01,2.246320e+01,2.225026e+01,2.237395e+01,2.239456e+01,2.256608e+01,2.259350e+01,2.294243e+01,2.296292e+01,2.279206e+01,2.273732e+01,2.305848e+01,2.309258e+01,2.309258e+01,2.340584e+01,2.373848e+01,2.366390e+01,2.321527e+01,2.270309e+01,2.210575e+01,2.201619e+01,2.202997e+01,2.200930e+01,2.198862e+01,2.205754e+01,2.217459e+01,2.222962e+01,2.229838e+01,2.236709e+01,2.260720e+01,2.271679e+01,2.301753e+01,2.344662e+01,2.411734e+01,2.438711e+01,2.452846e+01,2.366390e+01,2.260035e+01,2.229838e+01,2.237395e+01,2.251122e+01,2.294926e+01,2.277153e+01,2.241516e+01,2.288094e+01,2.298340e+01,2.298340e+01,2.261406e+01,2.222962e+01,2.222962e+01,2.211952e+01,2.233274e+01,2.236022e+01,2.257979e+01,2.240142e+01,2.260035e+01,2.298340e+01,2.301071e+01,2.349419e+01,2.371136e+01,2.333782e+01,2.281941e+01,2.269625e+01,2.275101e+01,2.275785e+01,2.272363e+01,2.280573e+01,2.289461e+01,2.345342e+01,2.303801e+01,2.238082e+01,2.202997e+01,2.200930e+01,2.200241e+01,2.181612e+01,2.189896e+01,2.187825e+01,2.187135e+01,2.193345e+01,2.185065e+01,2.181612e+01,2.191965e+01,2.180922e+01,2.182993e+01,2.185065e+01,2.178159e+01,2.176086e+01,2.182993e+01,2.175395e+01,2.189896e+01,2.185755e+01,2.185065e+01,2.181612e+01,2.193345e+01,2.187825e+01,2.170557e+01,2.192655e+01,2.175395e+01,2.180231e+01,2.174013e+01,2.172631e+01,2.179540e+01,2.171248e+01,2.179540e+01,2.169866e+01,2.171940e+01,2.170557e+01,2.167792e+01,2.172631e+01,2.174704e+01,2.165025e+01,2.162258e+01,2.169866e+01,2.166409e+01,2.167792e+01,2.166409e+01,2.161566e+01,2.147025e+01,2.157414e+01,2.165025e+01,2.158106e+01,2.154645e+01,2.138013e+01,2.160182e+01,2.156029e+01,2.159490e+01,2.160182e+01,2.163642e+01,2.160874e+01,2.128299e+01,2.163642e+01,2.161566e+01,2.143560e+01,2.156029e+01,2.160874e+01,2.153260e+01,2.149104e+01,2.153952e+01,2.163642e+01,2.157414e+01,2.151875e+01,2.149104e+01,2.147025e+01,2.156721e+01,2.153260e+01,2.165717e+01,2.157414e+01,2.158106e+01,2.162258e+01,2.165025e+01,2.159490e+01,2.167100e+01,2.159490e+01,2.164334e+01,2.165717e+01,2.159490e+01,2.174013e+01,2.162258e+01,2.161566e+01,2.165717e+01,2.164334e+01,2.165025e+01,2.158798e+01,2.172631e+01,2.180922e+01,2.157414e+01,2.159490e+01,2.170557e+01,2.167100e+01,2.158798e+01,2.166409e+01,2.165025e+01,2.162950e+01,2.162258e+01,2.166409e+01,2.163642e+01,2.178159e+01,2.169866e+01,2.155337e+01,2.162258e+01,2.162258e+01,2.165025e+01,2.156029e+01,2.153952e+01,2.166409e+01,2.159490e+01,2.165717e+01,2.162950e+01,2.159490e+01,2.166409e+01,2.160874e+01,2.162950e+01,2.162950e+01,2.162950e+01,2.167792e+01,2.165717e+01,2.162258e+01,2.169175e+01,2.180231e+01,2.166409e+01,2.173322e+01,2.176777e+01,2.173322e+01,2.179540e+01,2.177468e+01,2.176086e+01,2.167792e+01,2.175395e+01,2.158106e+01,2.179540e+01,2.169866e+01,2.165025e+01,2.167100e+01,2.179540e+01,2.181612e+01,2.178159e+01,2.182993e+01,2.173322e+01,2.180231e+01,2.182993e+01,2.180231e+01,2.181612e+01,2.175395e+01,2.171248e+01,2.182303e+01,2.176777e+01,2.172631e+01,2.176086e+01,2.165717e+01,2.171248e+01,2.168483e+01,2.171940e+01,2.173322e+01,2.160874e+01,2.169866e+01,2.176086e+01,2.172631e+01,2.174013e+01,2.162258e+01,2.174013e+01,2.165717e+01,2.165025e+01,2.165717e+01,2.174013e+01,2.150489e+01,2.154645e+01,2.143560e+01,2.138707e+01,2.156029e+01,2.156721e+01,2.155337e+01,2.149104e+01,2.156029e+01,2.149104e+01,2.133158e+01,2.149796e+01,2.144253e+01,2.146332e+01,2.144946e+01,2.153952e+01,2.144946e+01,2.144946e+01,2.142867e+01,2.169175e+01,2.157414e+01,2.155337e+01,2.156029e+01,2.138707e+01,2.150489e+01,2.153952e+01,2.147025e+01,2.149796e+01,2.155337e+01,2.149104e+01,2.160874e+01,2.151875e+01,2.154645e+01,2.144253e+01,2.155337e+01,2.149796e+01,2.153260e+01,2.163642e+01,2.167100e+01,2.131076e+01,2.135239e+01,2.153260e+01,2.165025e+01,2.154645e+01,2.153952e+01,2.161566e+01,2.147025e+01,2.157414e+01,2.164334e+01,2.163642e+01,2.159490e+01,2.157414e+01,2.153952e+01,2.146332e+01,2.160874e+01,2.157414e+01,2.158798e+01,2.158106e+01,2.160182e+01,2.157414e+01,2.149796e+01,2.159490e+01,2.156029e+01,2.163642e+01,2.148411e+01,2.158798e+01,2.166409e+01,2.167792e+01,2.158106e+01,2.157414e+01,2.165717e+01,2.171940e+01,2.165025e+01,2.161566e+01,2.157414e+01,2.158798e+01,2.169866e+01,2.158106e+01,2.158798e+01,2.169866e+01,2.165717e+01,2.166409e+01,2.160874e+01,2.163642e+01,2.160874e+01,2.164334e+01,2.150489e+01,2.169866e+01,2.152567e+01,2.159490e+01,2.160182e+01,2.161566e+01,2.170557e+01,2.174013e+01,2.150489e+01,2.151875e+01,2.160874e+01,2.158798e+01,2.167792e+01,2.178850e+01,2.167100e+01,2.182303e+01,2.189896e+01,2.192655e+01,2.182303e+01,2.191965e+01,2.198862e+01,2.186445e+01,2.187135e+01,2.200241e+01,2.201619e+01,2.190586e+01,2.192655e+01,2.184374e+01,2.202308e+01,2.196104e+01,2.189206e+01,2.191965e+01,2.205065e+01,2.188516e+01,2.202997e+01,2.195414e+01,2.193345e+01,2.200930e+01,2.214017e+01,2.202997e+01,2.196793e+01,2.205754e+01,2.195414e+01,2.194035e+01,2.196104e+01,2.193345e+01,2.203687e+01,2.214017e+01,2.191965e+01,2.199551e+01,2.206442e+01,2.196104e+01,2.202308e+01,2.197483e+01,2.194725e+01,2.203687e+01,2.194035e+01,2.191965e+01,2.205065e+01,2.198862e+01,2.203687e+01,2.208509e+01,2.205065e+01,2.189896e+01,2.190586e+01,2.214017e+01,2.210575e+01,2.210575e+01,2.210575e+01,2.207820e+01,2.189206e+01,2.197483e+01,2.188516e+01,2.202997e+01,2.189896e+01,2.187825e+01,2.191965e+01,2.186445e+01,2.174013e+01,2.200930e+01,2.171248e+01,2.165025e+01,2.153260e+01,2.160874e+01,2.148411e+01,2.149796e+01,2.143560e+01,2.136626e+01,2.143560e+01,2.144253e+01,2.135239e+01,2.123439e+01,2.115101e+01,2.136626e+01,2.132464e+01,2.127605e+01,2.140787e+01,2.125522e+01,2.139400e+01,2.138013e+01,2.123439e+01,2.119271e+01,2.135239e+01,2.132464e+01,2.142174e+01,2.135239e+01,2.135933e+01,2.147025e+01,2.123439e+01,2.136626e+01,2.141480e+01,2.145639e+01,2.142174e+01,2.140094e+01,2.151182e+01,2.146332e+01,2.148411e+01,2.147025e+01,2.152567e+01,2.150489e+01,2.166409e+01,2.165025e+01,2.147025e+01,2.147718e+01,2.150489e+01,2.150489e+01,2.156029e+01,2.150489e+01,2.144253e+01,2.144253e+01,2.133851e+01,2.158106e+01,2.156029e+01,2.153952e+01,2.155337e+01
2.328337e+01,2.324933e+01,2.328337e+01,2.339224e+01,2.347381e+01,2.358926e+01,2.344662e+01,2.356890e+01,2.343303e+01,2.339224e+01,2.343303e+01,2.334462e+01,2.350099e+01,2.345342e+01,2.351457e+01,2.336503e+01,2.338544e+01,2.329018e+01,2.341264e+01,2.350778e+01,2.353495e+01,2.346022e+01,2.343303e+01,2.328337e+01,2.352816e+01,2.346022e+01,2.343983e+01,2.328337e+01,2.335143e+01,2.346701e+01,2.346022e+01,2.346022e+01,2.343983e+01,2.337864e+01,2.342623e+01,2.352816e+01,2.354853e+01,2.357569e+01,2.360283e+01,2.368424e+01,2.342623e+01,2.359605e+01,2.368424e+01,2.337183e+01,2.357569e+01,2.358247e+01,2.354174e+01,2.350778e+01,2.351457e+01,2.354853e+01,2.348060e+01,2.334462e+01,2.346701e+01,2.343983e+01,2.331740e+01,2.330379e+01,2.347381e+01,2.348740e+01,2.349419e+01,2.333782e+01,2.346701e+01,2.329699e+01,2.313350e+01,2.331740e+01,2.332421e+01,2.344662e+01,2.350099e+01,2.349419e+01,2.328337e+01,2.325614e+01,2.346022e+01,2.333101e+01,2.332421e+01,2.331060e+01,2.352136e+01,2.341264e+01,2.350099e+01,2.342623e+01,2.358247e+01,2.341264e+01,2.346701e+01,2.358247e+01,2.352136e+01,2.360283e+01,2.360283e+01,2.350099e+01,2.350099e+01,2.343983e+01,2.354853e+01,2.352816e+01,2.350099e+01,2.364355e+01,2.360283e+01,2.351457e+01,2.357569e+01,2.359605e+01,2.365033e+01,2.359605e+01,2.360962e+01,2.345342e+01,2.335823e+01,2.357569e+01,2.355532e+01,2.368424e+01,2.350778e+01,2.347381e+01,2.338544e+01,2.343983e+01,2.335143e+01,2.360962e+01,2.333782e+01,2.335143e+01,2.326976e+01,2.315395e+01,2.324252e+01,2.328337e+01,2.329018e+01,2.307894e+01,2.309258e+01,2.307894e+01,2.318802e+01,2.301071e+01,2.238769e+01,2.214706e+01,2.200930e+01,2.207820e+01,2.200241e+01,2.225713e+01,2.223650e+01,2.192655e+01,2.198172e+01,2.200241e+01,2.195414e+01,2.196793e+01,2.216771e+01,2.225713e+01,2.236709e+01,2.219523e+01,2.235335e+01,2.277837e+01,2.291510e+01,2.341944e+01,2.358926e+01,2.337183e+01,2.303801e+01,2.286727e+01,2.260720e+01,2.273047e+01,2.278522e+01,2.279206e+01,2.301071e+01,2.280573e+01,2.284676e+01,2.277153e+01,2.277837e+01,2.273047e+01,2.247692e+01,2.251808e+01,2.240142e+01,2.239456e+01,2.229151e+01,2.249065e+01,2.288777e+01,2.411059e+01,2.462259e+01,2.307212e+01,2.260720e+01,2.250437e+01,2.229838e+01,2.231900e+01,2.242202e+01,2.249751e+01,2.229838e+01,2.237395e+01,2.232587e+01,2.251808e+01,2.244261e+01,2.247006e+01,2.244948e+01,2.240829e+01,2.233274e+01,2.294243e+01,2.292877e+01,2.273732e+01,2.269625e+01,2.273047e+01,2.305848e+01,2.346701e+01,2.396190e+01,2.362319e+01,2.303118e+01,2.286043e+01,2.332421e+01,2.277837e+01,2.216771e+01,2.196793e+01,2.202308e+01,2.205065e+01,2.211952e+01,2.205065e+01,2.224338e+01,2.232587e+01,2.281257e+01,2.303118e+01,2.262091e+01,2.271679e+01,2.279889e+01,2.264146e+01,2.302436e+01,2.311304e+01,2.277837e+01,2.281941e+01,2.243575e+01,2.219523e+01,2.220899e+01,2.234648e+01,2.255923e+01,2.259350e+01,2.292877e+01,2.331060e+01,2.264831e+01,2.264831e+01,2.244261e+01,2.259350e+01,2.231900e+01,2.229838e+01,2.249751e+01,2.244261e+01,2.236709e+01,2.247692e+01,2.262776e+01,2.288094e+01,2.343983e+01,2.400924e+01,2.373170e+01,2.324252e+01,2.292194e+01,2.283993e+01,2.270309e+01,2.258665e+01,2.244261e+01,2.200241e+01,2.224338e+01,2.211952e+01,2.204376e+01,2.233961e+01,2.203687e+01,2.194035e+01,2.191965e+01,2.196793e+01,2.187825e+01,2.185065e+01,2.178850e+01,2.192655e+01,2.178159e+01,2.194725e+01,2.177468e+01,2.182993e+01,2.180231e+01,2.187825e+01,2.183684e+01,2.178850e+01,2.189206e+01,2.175395e+01,2.172631e+01,2.194725e+01,2.184374e+01,2.182993e+01,2.176086e+01,2.195414e+01,2.182993e+01,2.187825e+01,2.174704e+01,2.176777e+01,2.180922e+01,2.175395e+01,2.171940e+01,2.171248e+01,2.170557e+01,2.180231e+01,2.182993e+01,2.174704e+01,2.176777e+01,2.159490e+01,2.169175e+01,2.167100e+01,2.165717e+01,2.167100e+01,2.174704e+01,2.162950e+01,2.170557e+01,2.182993e+01,2.171248e+01,2.164334e+01,2.165025e+01,2.162950e+01,2.166409e+01,2.161566e+01,2.159490e+01,2.162258e+01,2.160182e+01,2.159490e+01,2.156721e+01,2.165025e+01,2.165025e+01,2.151182e+01,2.160874e+01,2.152567e+01,2.147025e+01,2.151875e+01,2.148411e+01,2.149104e+01,2.156721e+01,2.152567e+01,2.155337e+01,2.151875e+01,2.153260e+01,2.177468e+01,2.155337e+01,2.160182e+01,2.158798e+01,2.169866e+01,2.167100e+01,2.182303e+01,2.162950e+01,2.162258e+01,2.174704e+01,2.166409e+01,2.176777e+01,2.165025e+01,2.178850e+01,2.160182e+01,2.163642e+01,2.162950e+01,2.170557e+01,2.174704e+01,2.162950e+01,2.158798e+01,2.182303e+01,2.182993e+01,2.174013e+01,2.169866e+01,2.165717e+01,2.169866e+01,2.165025e+01,2.167100e+01,2.165717e+01,2.165025e+01,2.174704e+01,2.171940e+01,2.171248e+01,2.153952e+01,2.160182e+01,2.162258e+01,2.159490e+01,2.159490e+01,2.166409e+01,2.156029e+01,2.159490e+01,2.148411e+01,2.163642e+01,2.156721e+01,2.168483e+01,2.178850e+01,2.162258e+01,2.168483e+01,2.165025e+01,2.163642e+01,2.169866e+01,2.168483e+01,2.167100e+01,2.167100e+01,2.168483e+01,2.171940e+01,2.161566e+01,2.178850e+01,2.169175e+01,2.169866e+01,2.175395e+01,2.178850e+01,2.174013e+01,2.195414e+01,2.176086e+01,2.194035e+01,2.180231e+01,2.174013e+01,2.173322e+01,2.181612e+01,2.182303e+01,2.184374e+01,2.183684e+01,2.171940e+01,2.182303e+01,2.173322e+01,2.185065e+01,2.188516e+01,2.183684e+01,2.173322e+01,2.179540e+01,2.176777e+01,2.172631e+01,2.172631e+01,2.176086e+01,2.180231e+01,2.178850e+01,2.174013e+01,2.182303e+01,2.173322e+01,2.174013e+01,2.169175e+01,2.169866e+01,2.178159e+01,2.170557e+01,2.163642e+01,2.162258e+01,2.169175e+01,2.163642e+01,2.175395e+01,2.176777e+01,2.163642e+01,2.156029e+01,2.158106e+01,2.153260e+01,2.152567e+01,2.162950e+01,2.162950e+01,2.175395e+01,2.165025e+01,2.150489e+01,2.149796e+01,2.152567e+01,2.140787e+01,2.146332e+01,2.157414e+01,2.156721e+01,2.144946e+01,2.149796e+01,2.147025e+01,2.152567e+01,2.149796e+01,2.150489e+01,2.156029e+01,2.153952e+01,2.156721e+01,2.159490e+01,2.149104e+01,2.144253e+01,2.159490e+01,2.143560e+01,2.158106e+01,2.153260e+01,2.166409e+01,2.155337e+01,2.154645e+01,2.158798e+01,2.162950e+01,2.157414e+01,2.147718e+01,2.158106e+01,2.153952e+01,2.167792e+01,2.158106e+01,2.150489e+01,2.151875e+01,2.155337e+01,2.154645e+01,2.172631e+01,2.158106e+01,2.163642e+01,2.162950e+01,2.169175e+01,2.153260e+01,2.143560e+01,2.149796e+01,2.161566e+01,2.160874e+01,2.149104e+01,2.160182e+01,2.172631e+01,2.156029e+01,2.162950e+01,2.171940e+01,2.174704e+01,2.158798e+01,2.169866e+01,2.168483e+01,2.157414e+01,2.158106e+01,2.154645e+01,2.156721e+01,2.160874e+01,2.156029e+01,2.161566e+01,2.174013e+01,2.162950e+01,2.171248e+01,2.160182e+01,2.158798e+01,2.162950e+01,2.161566e+01,2.166409e+01,2.167792e+01,2.162950e+01,2.166409e+01,2.167100e+01,2.173322e+01,2.166409e+01,2.168483e+01,2.158798e+01,2.180922e+01,2.165717e+01,2.176777e+01,2.167792e+01,2.165717e+01,2.148411e+01,2.169175e+01,2.167792e+01,2.163642e+01,2.176777e+01,2.194725e+01,2.188516e+01,2.185755e+01,2.186445e+01,2.198862e+01,2.182993e+01,2.198172e+01,2.187135e+01,2.193345e+01,2.190586e+01,2.192655e+01,2.198172e+01,2.203687e+01,2.201619e+01,2.203687e+01,2.198862e+01,2.203687e+01,2.227088e+01,2.206442e+01,2.196104e+01,2.192655e+01,2.193345e+01,2.194035e+01,2.202997e+01,2.207820e+01,2.212641e+01,2.198172e+01,2.213329e+01,2.199551e+01,2.211263e+01,2.195414e+01,2.189206e+01,2.209886e+01,2.211263e+01,2.200930e+01,2.209886e+01,2.207820e+01,2.189896e+01,2.200241e+01,2.205754e+01,2.202997e+01,2.202997e+01,2.225713e+01,2.195414e+01,2.189206e+01,2.204376e+01,2.205065e+01,2.191965e+01,2.214706e+01,2.211263e+01,2.193345e+01,2.201619e+01,2.207131e+01,2.191276e+01,2.189896e+01,2.195414e+01,2.187825e+01,2.205754e+01,2.186445e+01,2.189896e+01,2.202308e+01,2.187135e+01,2.185065e+01,2.175395e+01,2.197483e+01,2.180231e+01,2.175395e+01,2.177468e+01,2.169866e+01,2.153260e+01,2.170557e+01,2.153260e+01,2.142867e+01,2.148411e+01,2.142174e+01,2.143560e+01,2.132464e+01,2.134545e+01,2.140787e+01,2.135933e+01,2.135933e+01,2.132464e+01,2.141480e+01,2.132464e+01,2.144253e+01,2.149104e+01,2.135239e+01,2.142867e+01,2.144946e+01,2.135933e+01,2.158106e+01,2.135239e+01,2.150489e+01,2.139400e+01,2.144946e+01,2.144946e+01,2.142867e+01,2.143560e+01,2.142867e+01,2.141480e+01,2.156721e+01,2.147025e+01,2.152567e+01,2.147025e+01,2.152567e+01,2.149796e+01,2.150489e+01,2.167100e+01,2.147025e+01,2.154645e+01,2.151875e+01,2.156029e+01,2.157414e+01,2.142867e+01,2.152567e+01,2.165025e+01,2.148411e+01,2.157414e+01,2.158798e+01,2.138013e+01,2.153260e+01
2.354853e+01,2.331060e+01,2.324252e+01,2.333101e+01,2.343983e+01,2.339224e+01,2.354174e+01,2.341944e+01,2.338544e+01,2.357569e+01,2.335143e+01,2.335143e+01,2.351457e+01,2.355532e+01,2.348060e+01,2.346022e+01,2.346701e+01,2.335143e+01,2.343303e+01,2.344662e+01,2.350778e+01,2.354174e+01,2.344662e+01,2.343303e+01,2.330379e+01,2.343983e+01,2.344662e+01,2.331740e+01,2.323571e+01,2.344662e+01,2.341264e+01,2.341944e+01,2.326295e+01,2.338544e+01,2.339904e+01,2.347381e+01,2.339224e+01,2.359605e+01,2.365033e+01,2.344662e+01,2.337864e+01,2.344662e+01,2.372492e+01,2.338544e+01,2.345342e+01,2.343983e+01,2.351457e+01,2.346022e+01,2.339224e+01,2.355532e+01,2.348060e+01,2.352136e+01,2.347381e+01,2.340584e+01,2.348740e+01,2.347381e+01,2.346022e+01,2.346701e+01,2.350099e+01,2.348060e+01,2.335823e+01,2.340584e+01,2.338544e+01,2.339224e+01,2.328337e+01,2.343303e+01,2.334462e+01,2.348060e+01,2.337864e+01,2.323571e+01,2.340584e+01,2.337864e+01,2.333101e+01,2.330379e+01,2.348060e+01,2.337864e+01,2.345342e+01,2.345342e+01,2.355532e+01,2.341264e+01,2.342623e+01,2.346701e+01,2.353495e+01,2.350778e+01,2.344662e+01,2.366390e+01,2.353495e+01,2.351457e+01,2.344662e+01,2.354174e+01,2.360962e+01,2.352136e+01,2.358247e+01,2.354853e+01,2.358247e+01,2.354853e+01,2.346701e+01,2.361641e+01,2.331740e+01,2.341264e+01,2.330379e+01,2.346022e+01,2.335143e+01,2.348060e+01,2.341264e+01,2.334462e+01,2.337864e+01,2.357569e+01,2.336503e+01,2.336503e+01,2.339904e+01,2.331740e+01,2.331740e+01,2.330379e+01,2.330379e+01,2.329699e+01,2.307212e+01,2.298340e+01,2.301071e+01,2.341264e+01,2.346701e+01,2.303801e+01,2.243575e+01,2.207131e+01,2.212641e+01,2.198862e+01,2.200930e+01,2.198172e+01,2.196793e+01,2.194035e+01,2.205754e+01,2.199551e+01,2.202997e+01,2.203687e+01,2.209198e+01,2.226401e+01,2.233961e+01,2.234648e+01,2.249751e+01,2.273047e+01,2.311304e+01,2.405655e+01,2.413085e+01,2.303801e+01,2.271679e+01,2.243575e+01,2.237395e+01,2.239456e+01,2.265516e+01,2.299023e+01,2.300388e+01,2.317439e+01,2.318121e+01,2.275101e+01,2.264831e+01,2.264146e+01,2.238769e+01,2.233274e+01,2.249751e+01,2.251808e+01,2.251122e+01,2.276469e+01,2.410383e+01,2.498486e+01,2.411059e+01,2.307212e+01,2.268940e+01,2.266201e+01,2.227776e+01,2.276469e+01,2.283309e+01,2.260720e+01,2.231212e+01,2.257294e+01,2.281941e+01,2.304483e+01,2.257294e+01,2.242888e+01,2.244261e+01,2.263461e+01,2.293560e+01,2.291510e+01,2.259350e+01,2.257294e+01,2.274416e+01,2.306530e+01,2.354853e+01,2.429951e+01,2.426580e+01,2.318802e+01,2.327656e+01,2.375881e+01,2.353495e+01,2.255237e+01,2.220899e+01,2.209886e+01,2.227088e+01,2.200930e+01,2.187135e+01,2.209886e+01,2.231900e+01,2.263461e+01,2.304483e+01,2.286043e+01,2.262091e+01,2.298340e+01,2.319484e+01,2.306530e+01,2.307212e+01,2.309940e+01,2.274416e+01,2.240142e+01,2.231900e+01,2.220211e+01,2.222275e+01,2.260720e+01,2.298340e+01,2.298340e+01,2.294243e+01,2.242202e+01,2.236709e+01,2.237395e+01,2.251122e+01,2.226401e+01,2.264146e+01,2.263461e+01,2.262776e+01,2.247692e+01,2.248379e+01,2.247006e+01,2.298340e+01,2.322209e+01,2.324252e+01,2.324933e+01,2.287410e+01,2.269625e+01,2.278522e+01,2.260035e+01,2.255923e+01,2.231212e+01,2.206442e+01,2.182303e+01,2.182993e+01,2.188516e+01,2.187825e+01,2.207131e+01,2.204376e+01,2.202308e+01,2.194035e+01,2.193345e+01,2.178850e+01,2.178159e+01,2.177468e+01,2.173322e+01,2.185065e+01,2.182993e+01,2.185065e+01,2.181612e+01,2.179540e+01,2.189896e+01,2.186445e+01,2.179540e+01,2.187825e+01,2.176086e+01,2.192655e+01,2.179540e+01,2.185065e+01,2.181612e+01,2.190586e+01,2.182993e+01,2.178850e+01,2.176777e+01,2.195414e+01,2.178159e+01,2.175395e+01,2.177468e+01,2.169866e+01,2.174013e+01,2.171248e+01,2.176086e+01,2.165025e+01,2.160182e+01,2.171940e+01,2.160874e+01,2.178159e+01,2.171248e+01,2.162258e+01,2.178159e+01,2.159490e+01,2.160182e+01,2.159490e+01,2.167792e+01,2.161566e+01,2.162950e+01,2.163642e+01,2.163642e+01,2.158106e+01,2.163642e+01,2.156029e+01,2.171248e+01,2.160182e+01,2.162950e+01,2.167100e+01,2.158798e+01,2.158106e+01,2.153260e+01,2.147025e+01,2.146332e+01,2.140094e+01,2.155337e+01,2.158106e+01,2.180231e+01,2.153952e+01,2.153952e+01,2.154645e+01,2.149796e+01,2.156721e+01,2.157414e+01,2.154645e+01,2.156029e+01,2.160182e+01,2.174013e+01,2.167100e+01,2.161566e+01,2.163642e+01,2.164334e+01,2.159490e+01,2.160182e+01,2.165717e+01,2.164334e+01,2.167100e+01,2.179540e+01,2.142174e+01,2.180922e+01,2.163642e+01,2.164334e+01,2.165717e+01,2.159490e+01,2.169866e+01,2.159490e+01,2.164334e+01,2.167792e+01,2.166409e+01,2.167100e+01,2.160874e+01,2.162950e+01,2.166409e+01,2.165717e+01,2.167100e+01,2.166409e+01,2.160182e+01,2.167100e+01,2.160874e+01,2.162950e+01,2.167100e+01,2.167100e+01,2.162258e+01,2.154645e+01,2.140787e+01,2.165025e+01,2.161566e+01,2.165717e+01,2.160182e+01,2.162950e+01,2.165025e+01,2.163642e+01,2.150489e+01,2.164334e+01,2.162950e+01,2.164334e+01,2.164334e+01,2.163642e+01,2.158798e+01,2.158798e+01,2.160182e+01,2.178159e+01,2.182303e+01,2.168483e+01,2.185755e+01,2.177468e+01,2.182993e+01,2.169866e+01,2.171940e+01,2.172631e+01,2.170557e+01,2.174013e+01,2.182303e+01,2.179540e+01,2.182303e+01,2.176777e+01,2.168483e+01,2.174013e+01,2.175395e+01,2.171940e+01,2.178159e+01,2.169866e+01,2.180922e+01,2.178850e+01,2.182993e+01,2.182993e+01,2.170557e+01,2.174704e+01,2.174013e+01,2.182303e+01,2.167100e+01,2.163642e+01,2.172631e+01,2.168483e+01,2.159490e+01,2.162258e+01,2.160182e+01,2.161566e+01,2.161566e+01,2.167100e+01,2.173322e+01,2.162950e+01,2.151875e+01,2.174704e+01,2.169175e+01,2.167100e+01,2.167792e+01,2.159490e+01,2.156721e+01,2.162950e+01,2.132464e+01,2.151182e+01,2.161566e+01,2.155337e+01,2.140094e+01,2.153260e+01,2.153952e+01,2.149104e+01,2.130382e+01,2.158798e+01,2.148411e+01,2.145639e+01,2.149104e+01,2.147718e+01,2.142867e+01,2.147025e+01,2.154645e+01,2.143560e+01,2.158798e+01,2.153952e+01,2.146332e+01,2.146332e+01,2.145639e+01,2.135239e+01,2.146332e+01,2.160182e+01,2.151875e+01,2.151182e+01,2.160182e+01,2.159490e+01,2.160874e+01,2.146332e+01,2.163642e+01,2.154645e+01,2.147025e+01,2.155337e+01,2.142867e+01,2.161566e+01,2.152567e+01,2.148411e+01,2.156029e+01,2.147025e+01,2.154645e+01,2.164334e+01,2.176777e+01,2.159490e+01,2.151875e+01,2.146332e+01,2.151875e+01,2.150489e+01,2.155337e+01,2.157414e+01,2.162258e+01,2.166409e+01,2.160874e+01,2.169866e+01,2.159490e+01,2.158798e+01,2.173322e+01,2.174013e+01,2.153952e+01,2.147025e+01,2.160182e+01,2.153952e+01,2.156029e+01,2.165717e+01,2.154645e+01,2.156029e+01,2.156029e+01,2.157414e+01,2.162950e+01,2.159490e+01,2.144946e+01,2.164334e+01,2.164334e+01,2.164334e+01,2.172631e+01,2.165717e+01,2.170557e+01,2.172631e+01,2.175395e+01,2.166409e+01,2.157414e+01,2.167792e+01,2.167792e+01,2.177468e+01,2.170557e+01,2.168483e+01,2.171940e+01,2.172631e+01,2.142867e+01,2.165025e+01,2.177468e+01,2.162258e+01,2.188516e+01,2.180231e+01,2.174013e+01,2.176086e+01,2.171940e+01,2.183684e+01,2.189896e+01,2.184374e+01,2.194035e+01,2.189206e+01,2.196104e+01,2.205065e+01,2.202308e+01,2.202997e+01,2.200241e+01,2.202308e+01,2.204376e+01,2.206442e+01,2.202997e+01,2.208509e+01,2.205754e+01,2.203687e+01,2.208509e+01,2.196793e+01,2.200930e+01,2.197483e+01,2.191965e+01,2.212641e+01,2.194725e+01,2.200241e+01,2.198172e+01,2.205065e+01,2.196104e+01,2.205754e+01,2.202308e+01,2.190586e+01,2.194725e+01,2.196104e+01,2.197483e+01,2.180231e+01,2.192655e+01,2.201619e+01,2.191276e+01,2.198172e+01,2.191965e+01,2.195414e+01,2.201619e+01,2.189896e+01,2.189896e+01,2.198862e+01,2.190586e+01,2.165025e+01,2.197483e+01,2.211263e+01,2.191276e+01,2.182993e+01,2.212641e+01,2.194725e+01,2.187825e+01,2.187135e+01,2.189206e+01,2.187825e+01,2.191276e+01,2.174704e+01,2.198862e+01,2.180922e+01,2.172631e+01,2.176086e+01,2.169866e+01,2.177468e+01,2.171248e+01,2.152567e+01,2.151875e+01,2.143560e+01,2.154645e+01,2.144253e+01,2.128993e+01,2.133851e+01,2.138707e+01,2.120660e+01,2.143560e+01,2.135933e+01,2.134545e+01,2.126217e+01,2.126911e+01,2.144946e+01,2.115796e+01,2.133851e+01,2.135933e+01,2.148411e+01,2.147025e+01,2.147025e+01,2.133158e+01,2.135239e+01,2.135933e+01,2.133851e+01,2.136626e+01,2.133851e+01,2.140787e+01,2.145639e+01,2.142867e+01,2.144253e+01,2.146332e+01,2.151182e+01,2.152567e+01,2.141480e+01,2.151875e+01,2.143560e+01,2.145639e+01,2.133851e+01,2.156029e+01,2.165025e+01,2.151182e+01,2.146332e+01,2.159490e+01,2.145639e+01,2.167100e+01,2.142867e+01,2.163642e+01,2.158798e+01,2.157414e+01,2.149796e+01
2.324252e+01,2.329018e+01,2.332421e+01,2.334462e+01,2.339224e+01,2.341944e+01,2.337183e+01,2.338544e+01,2.335143e+01,2.334462e+01,2.344662e+01,2.349419e+01,2.333782e+01,2.333782e+01,2.337183e+01,2.340584e+01,2.359605e+01,2.341264e+01,2.341264e+01,2.342623e+01,2.344662e+01,2.335143e+01,2.346022e+01,2.331740e+01,2.326295e+01,2.352816e+01,2.343983e+01,2.355532e+01,2.341264e+01,2.343303e+01,2.340584e+01,2.345342e+01,2.339224e+01,2.345342e+01,2.337183e+01,2.364355e+01,2.367068e+01,2.356890e+01,2.356890e+01,2.348060e+01,2.358247e+01,2.360962e+01,2.346701e+01,2.351457e+01,2.348060e+01,2.351457e+01,2.354174e+01,2.344662e+01,2.325614e+01,2.342623e+01,2.336503e+01,2.356890e+01,2.339904e+01,2.343983e+01,2.341264e+01,2.345342e+01,2.352816e+01,2.343983e+01,2.340584e+01,2.346022e+01,2.330379e+01,2.320846e+01,2.341264e+01,2.337183e+01,2.329699e+01,2.329018e+01,2.342623e+01,2.339904e+01,2.342623e+01,2.323571e+01,2.341944e+01,2.338544e+01,2.331060e+01,2.337183e+01,2.329699e+01,2.350778e+01,2.339224e+01,2.353495e+01,2.341264e+01,2.341264e+01,2.357569e+01,2.343983e+01,2.352816e+01,2.353495e+01,2.347381e+01,2.347381e+01,2.348060e+01,2.348740e+01,2.348740e+01,2.348060e+01,2.354174e+01,2.368424e+01,2.343983e+01,2.356211e+01,2.365711e+01,2.349419e+01,2.360283e+01,2.369102e+01,2.358247e+01,2.356211e+01,2.356211e+01,2.344662e+01,2.352136e+01,2.350778e+01,2.339904e+01,2.352816e+01,2.348060e+01,2.335823e+01,2.333782e+01,2.345342e+01,2.350099e+01,2.334462e+01,2.334462e+01,2.328337e+01,2.326976e+01,2.335823e+01,2.307212e+01,2.305165e+01,2.307894e+01,2.322209e+01,2.324252e+01,2.316758e+01,2.239456e+01,2.207820e+01,2.202308e+01,2.187825e+01,2.186445e+01,2.192655e+01,2.194725e+01,2.197483e+01,2.200930e+01,2.196793e+01,2.189896e+01,2.207820e+01,2.201619e+01,2.198172e+01,2.234648e+01,2.238769e+01,2.271679e+01,2.286727e+01,2.337864e+01,2.433321e+01,2.393485e+01,2.276469e+01,2.240829e+01,2.239456e+01,2.234648e+01,2.240142e+01,2.260720e+01,2.266886e+01,2.320846e+01,2.349419e+01,2.350778e+01,2.266201e+01,2.251122e+01,2.270309e+01,2.246320e+01,2.253180e+01,2.255237e+01,2.260720e+01,2.292194e+01,2.303118e+01,2.327656e+01,2.350778e+01,2.284676e+01,2.254551e+01,2.264146e+01,2.244948e+01,2.266886e+01,2.300388e+01,2.309258e+01,2.284676e+01,2.325614e+01,2.353495e+01,2.323571e+01,2.322209e+01,2.278522e+01,2.307894e+01,2.371814e+01,2.402275e+01,2.379269e+01,2.312668e+01,2.265516e+01,2.264831e+01,2.280573e+01,2.337183e+01,2.360962e+01,2.396190e+01,2.429951e+01,2.379946e+01,2.380623e+01,2.337183e+01,2.262776e+01,2.251808e+01,2.253180e+01,2.214706e+01,2.216771e+01,2.208509e+01,2.213329e+01,2.263461e+01,2.339904e+01,2.309258e+01,2.302436e+01,2.251122e+01,2.298340e+01,2.339904e+01,2.376559e+01,2.298340e+01,2.273047e+01,2.262091e+01,2.273732e+01,2.272363e+01,2.275785e+01,2.275101e+01,2.285360e+01,2.337183e+01,2.302436e+01,2.296975e+01,2.262091e+01,2.285360e+01,2.273047e+01,2.288777e+01,2.282625e+01,2.284676e+01,2.300388e+01,2.289461e+01,2.292194e+01,2.301753e+01,2.301071e+01,2.352816e+01,2.352136e+01,2.338544e+01,2.342623e+01,2.326976e+01,2.280573e+01,2.279889e+01,2.270994e+01,2.253866e+01,2.255923e+01,2.232587e+01,2.238769e+01,2.208509e+01,2.188516e+01,2.207131e+01,2.185065e+01,2.205065e+01,2.207131e+01,2.200241e+01,2.177468e+01,2.181612e+01,2.190586e+01,2.179540e+01,2.180231e+01,2.177468e+01,2.189206e+01,2.174704e+01,2.185065e+01,2.182993e+01,2.178159e+01,2.181612e+01,2.178850e+01,2.171940e+01,2.176086e+01,2.184374e+01,2.178159e+01,2.180231e+01,2.187825e+01,2.187825e+01,2.181612e+01,2.182303e+01,2.181612e+01,2.178850e+01,2.172631e+01,2.176777e+01,2.176777e+01,2.171248e+01,2.174013e+01,2.167792e+01,2.178159e+01,2.169175e+01,2.160182e+01,2.171940e+01,2.174013e+01,2.173322e+01,2.158798e+01,2.158798e+01,2.165717e+01,2.171940e+01,2.157414e+01,2.156029e+01,2.173322e+01,2.167100e+01,2.163642e+01,2.164334e+01,2.166409e+01,2.160874e+01,2.161566e+01,2.158106e+01,2.166409e+01,2.160182e+01,2.156721e+01,2.154645e+01,2.149104e+01,2.160182e+01,2.144253e+01,2.151182e+01,2.165717e+01,2.153952e+01,2.147718e+01,2.151182e+01,2.151182e+01,2.153952e+01,2.153952e+01,2.153952e+01,2.158106e+01,2.155337e+01,2.157414e+01,2.155337e+01,2.144253e+01,2.172631e+01,2.171248e+01,2.145639e+01,2.150489e+01,2.165025e+01,2.175395e+01,2.168483e+01,2.172631e+01,2.162258e+01,2.161566e+01,2.169175e+01,2.158798e+01,2.171248e+01,2.169175e+01,2.167792e+01,2.163642e+01,2.158798e+01,2.160182e+01,2.172631e+01,2.168483e+01,2.181612e+01,2.171248e+01,2.185065e+01,2.164334e+01,2.165025e+01,2.168483e+01,2.165025e+01,2.165717e+01,2.160182e+01,2.167792e+01,2.167100e+01,2.157414e+01,2.155337e+01,2.167792e+01,2.167100e+01,2.162950e+01,2.165717e+01,2.164334e+01,2.153260e+01,2.160874e+01,2.154645e+01,2.152567e+01,2.162258e+01,2.158106e+01,2.168483e+01,2.162950e+01,2.163642e+01,2.154645e+01,2.164334e+01,2.158106e+01,2.166409e+01,2.167792e+01,2.159490e+01,2.155337e+01,2.167100e+01,2.177468e+01,2.176086e+01,2.175395e+01,2.167792e+01,2.173322e+01,2.179540e+01,2.178159e+01,2.175395e+01,2.177468e+01,2.177468e+01,2.175395e+01,2.176777e+01,2.196793e+01,2.170557e+01,2.176086e+01,2.185065e+01,2.180231e+01,2.176777e+01,2.175395e+01,2.174013e+01,2.174704e+01,2.171248e+01,2.185755e+01,2.171940e+01,2.174013e+01,2.172631e+01,2.174013e+01,2.178850e+01,2.176777e+01,2.176086e+01,2.156721e+01,2.171248e+01,2.160182e+01,2.156721e+01,2.168483e+01,2.158798e+01,2.156721e+01,2.172631e+01,2.172631e+01,2.164334e+01,2.168483e+01,2.162950e+01,2.153260e+01,2.162258e+01,2.151182e+01,2.150489e+01,2.153260e+01,2.153260e+01,2.162950e+01,2.152567e+01,2.162950e+01,2.162950e+01,2.153260e+01,2.154645e+01,2.152567e+01,2.149796e+01,2.163642e+01,2.147718e+01,2.144946e+01,2.147718e+01,2.147718e+01,2.146332e+01,2.117881e+01,2.162950e+01,2.139400e+01,2.153952e+01,2.140094e+01,2.152567e+01,2.153952e+01,2.128299e+01,2.156029e+01,2.149796e+01,2.140787e+01,2.151182e+01,2.151182e+01,2.148411e+01,2.149104e+01,2.149796e+01,2.155337e+01,2.151182e+01,2.142867e+01,2.148411e+01,2.151875e+01,2.151875e+01,2.142867e+01,2.143560e+01,2.138707e+01,2.142867e+01,2.144946e+01,2.157414e+01,2.160182e+01,2.150489e+01,2.157414e+01,2.156721e+01,2.160182e+01,2.160182e+01,2.163642e+01,2.148411e+01,2.147025e+01,2.155337e+01,2.155337e+01,2.155337e+01,2.157414e+01,2.150489e+01,2.160874e+01,2.164334e+01,2.149104e+01,2.173322e+01,2.156029e+01,2.157414e+01,2.160182e+01,2.160874e+01,2.159490e+01,2.158798e+01,2.161566e+01,2.167100e+01,2.157414e+01,2.151875e+01,2.169175e+01,2.161566e+01,2.161566e+01,2.160874e+01,2.160182e+01,2.157414e+01,2.153952e+01,2.174704e+01,2.166409e+01,2.165717e+01,2.177468e+01,2.167100e+01,2.164334e+01,2.168483e+01,2.174704e+01,2.166409e+01,2.157414e+01,2.167792e+01,2.175395e+01,2.177468e+01,2.165717e+01,2.165717e+01,2.170557e+01,2.167100e+01,2.162258e+01,2.173322e+01,2.176777e+01,2.167100e+01,2.166409e+01,2.182303e+01,2.176086e+01,2.175395e+01,2.189896e+01,2.184374e+01,2.191965e+01,2.197483e+01,2.207131e+01,2.197483e+01,2.195414e+01,2.200930e+01,2.198172e+01,2.200241e+01,2.205754e+01,2.209198e+01,2.205065e+01,2.196104e+01,2.200241e+01,2.195414e+01,2.200241e+01,2.193345e+01,2.215394e+01,2.200930e+01,2.195414e+01,2.198862e+01,2.200241e+01,2.194035e+01,2.198172e+01,2.189896e+01,2.202997e+01,2.201619e+01,2.194725e+01,2.191965e+01,2.204376e+01,2.185755e+01,2.189206e+01,2.192655e+01,2.202308e+01,2.202308e+01,2.202997e+01,2.205065e+01,2.205754e+01,2.186445e+01,2.189206e+01,2.194035e+01,2.203687e+01,2.189206e+01,2.203687e+01,2.190586e+01,2.191965e+01,2.188516e+01,2.188516e+01,2.191276e+01,2.179540e+01,2.182303e+01,2.180231e+01,2.189206e+01,2.176086e+01,2.180231e+01,2.180231e+01,2.183684e+01,2.160874e+01,2.171940e+01,2.170557e+01,2.165717e+01,2.170557e+01,2.171248e+01,2.154645e+01,2.149796e+01,2.143560e+01,2.167792e+01,2.143560e+01,2.147718e+01,2.137320e+01,2.128993e+01,2.140787e+01,2.138013e+01,2.140787e+01,2.138013e+01,2.132464e+01,2.135933e+01,2.140094e+01,2.136626e+01,2.144946e+01,2.158798e+01,2.147718e+01,2.135239e+01,2.142867e+01,2.144946e+01,2.143560e+01,2.153952e+01,2.158106e+01,2.136626e+01,2.143560e+01,2.133158e+01,2.141480e+01,2.139400e+01,2.126911e+01,2.143560e+01,2.146332e+01,2.144253e+01,2.144253e+01,2.153952e+01,2.152567e+01,2.140787e+01,2.153952e+01,2.138013e+01,2.155337e+01,2.156029e+01,2.147025e+01,2.143560e+01,2.150489e+01,2.140094e+01,2.175395e+01,2.160182e+01,2.155337e+01,2.156721e+01,2.176086e+01,2.156721e+01
2.329699e+01,2.325614e+01,2.332421e+01,2.346022e+01,2.336503e+01,2.356890e+01,2.343303e+01,2.339904e+01,2.344662e+01,2.326295e+01,2.337864e+01,2.348060e+01,2.335823e+01,2.343303e+01,2.335823e+01,2.337864e+01,2.340584e+01,2.340584e+01,2.345342e+01,2.343303e+01,2.348740e+01,2.351457e+01,2.342623e+01,2.348060e+01,2.343303e+01,2.341944e+01,2.325614e+01,2.324252e+01,2.341264e+01,2.339904e+01,2.344662e+01,2.322209e+01,2.339904e+01,2.346701e+01,2.337183e+01,2.360283e+01,2.340584e+01,2.358926e+01,2.350099e+01,2.360283e+01,2.362998e+01,2.371814e+01,2.340584e+01,2.350099e+01,2.350778e+01,2.350778e+01,2.350778e+01,2.343983e+01,2.345342e+01,2.335143e+01,2.362319e+01,2.349419e+01,2.350099e+01,2.348740e+01,2.341264e+01,2.346701e+01,2.343303e+01,2.344662e+01,2.331060e+01,2.343303e+01,2.335143e+01,2.337183e+01,2.358247e+01,2.334462e+01,2.331060e+01,2.325614e+01,2.337183e+01,2.350778e+01,2.341264e+01,2.339904e+01,2.342623e+01,2.331060e+01,2.339904e+01,2.327656e+01,2.337864e+01,2.340584e+01,2.341944e+01,2.358247e+01,2.360962e+01,2.344662e+01,2.354174e+01,2.355532e+01,2.351457e+01,2.352136e+01,2.349419e+01,2.343303e+01,2.352136e+01,2.343983e+01,2.345342e+01,2.353495e+01,2.354174e+01,2.357569e+01,2.355532e+01,2.362998e+01,2.364355e+01,2.354853e+01,2.356890e+01,2.364355e+01,2.341264e+01,2.354174e+01,2.342623e+01,2.356211e+01,2.352136e+01,2.336503e+01,2.347381e+01,2.343983e+01,2.358247e+01,2.352136e+01,2.341264e+01,2.345342e+01,2.339904e+01,2.317439e+01,2.328337e+01,2.325614e+01,2.319484e+01,2.317439e+01,2.313350e+01,2.319484e+01,2.301753e+01,2.307212e+01,2.343303e+01,2.321527e+01,2.231900e+01,2.209198e+01,2.205065e+01,2.198862e+01,2.198862e+01,2.198172e+01,2.191276e+01,2.198172e+01,2.195414e+01,2.189896e+01,2.190586e+01,2.202308e+01,2.197483e+01,2.202997e+01,2.234648e+01,2.235335e+01,2.249065e+01,2.279889e+01,2.337183e+01,2.411734e+01,2.346701e+01,2.275785e+01,2.262776e+01,2.260035e+01,2.232587e+01,2.238082e+01,2.268940e+01,2.261406e+01,2.322890e+01,2.322890e+01,2.279206e+01,2.242888e+01,2.233961e+01,2.243575e+01,2.265516e+01,2.301753e+01,2.365033e+01,2.328337e+01,2.253180e+01,2.271679e+01,2.288094e+01,2.315395e+01,2.287410e+01,2.286043e+01,2.278522e+01,2.268255e+01,2.279206e+01,2.276469e+01,2.300388e+01,2.309940e+01,2.313350e+01,2.308576e+01,2.295609e+01,2.352136e+01,2.433995e+01,2.523905e+01,2.590503e+01,2.570568e+01,2.428603e+01,2.333782e+01,2.276469e+01,2.254551e+01,2.276469e+01,2.301071e+01,2.300388e+01,2.316076e+01,2.346701e+01,2.341264e+01,2.307894e+01,2.308576e+01,2.360283e+01,2.413760e+01,2.342623e+01,2.259350e+01,2.233274e+01,2.231900e+01,2.261406e+01,2.297657e+01,2.298340e+01,2.278522e+01,2.252494e+01,2.284676e+01,2.288777e+01,2.279889e+01,2.280573e+01,2.244948e+01,2.241516e+01,2.273732e+01,2.256608e+01,2.260035e+01,2.296292e+01,2.273047e+01,2.261406e+01,2.281257e+01,2.296292e+01,2.294243e+01,2.301753e+01,2.380623e+01,2.381978e+01,2.324933e+01,2.282625e+01,2.320846e+01,2.311986e+01,2.318121e+01,2.339904e+01,2.360962e+01,2.382655e+01,2.362998e+01,2.361641e+01,2.363676e+01,2.348740e+01,2.314031e+01,2.288094e+01,2.283993e+01,2.274416e+01,2.259350e+01,2.264831e+01,2.270994e+01,2.254551e+01,2.249065e+01,2.249751e+01,2.192655e+01,2.216082e+01,2.233274e+01,2.227776e+01,2.190586e+01,2.186445e+01,2.184374e+01,2.179540e+01,2.185755e+01,2.176777e+01,2.181612e+01,2.176777e+01,2.180922e+01,2.176086e+01,2.175395e+01,2.180922e+01,2.175395e+01,2.163642e+01,2.168483e+01,2.174704e+01,2.164334e+01,2.171248e+01,2.190586e+01,2.175395e+01,2.169866e+01,2.175395e+01,2.179540e+01,2.187135e+01,2.178850e+01,2.166409e+01,2.161566e+01,2.175395e+01,2.169866e+01,2.178850e+01,2.165717e+01,2.162258e+01,2.170557e+01,2.162258e+01,2.165717e+01,2.164334e+01,2.160874e+01,2.162258e+01,2.162950e+01,2.157414e+01,2.167100e+01,2.160874e+01,2.155337e+01,2.157414e+01,2.160182e+01,2.160182e+01,2.165025e+01,2.159490e+01,2.155337e+01,2.160182e+01,2.156721e+01,2.151182e+01,2.163642e+01,2.155337e+01,2.158106e+01,2.158798e+01,2.147025e+01,2.156029e+01,2.160182e+01,2.163642e+01,2.158798e+01,2.155337e+01,2.149796e+01,2.149796e+01,2.155337e+01,2.158798e+01,2.156029e+01,2.156721e+01,2.158798e+01,2.156721e+01,2.154645e+01,2.156029e+01,2.159490e+01,2.151182e+01,2.162258e+01,2.160182e+01,2.170557e+01,2.176086e+01,2.162258e+01,2.170557e+01,2.172631e+01,2.171248e+01,2.160874e+01,2.159490e+01,2.163642e+01,2.172631e+01,2.155337e+01,2.172631e+01,2.153952e+01,2.164334e+01,2.160182e+01,2.170557e+01,2.171248e+01,2.162950e+01,2.161566e+01,2.163642e+01,2.160874e+01,2.162950e+01,2.170557e+01,2.169175e+01,2.171248e+01,2.188516e+01,2.153260e+01,2.157414e+01,2.165717e+01,2.158798e+01,2.160182e+01,2.168483e+01,2.162258e+01,2.162950e+01,2.160182e+01,2.161566e+01,2.159490e+01,2.170557e+01,2.162258e+01,2.165717e+01,2.165717e+01,2.166409e+01,2.162950e+01,2.157414e+01,2.153260e+01,2.176086e+01,2.162258e+01,2.163642e+01,2.159490e+01,2.165025e+01,2.162258e+01,2.178850e+01,2.179540e+01,2.170557e+01,2.170557e+01,2.184374e+01,2.174013e+01,2.187825e+01,2.174013e+01,2.176086e+01,2.177468e+01,2.189206e+01,2.179540e+01,2.178159e+01,2.178159e+01,2.187135e+01,2.184374e+01,2.182303e+01,2.185755e+01,2.176777e+01,2.181612e+01,2.171248e+01,2.174013e+01,2.174013e+01,2.176777e+01,2.180231e+01,2.180231e+01,2.178159e+01,2.170557e+01,2.173322e+01,2.165025e+01,2.186445e+01,2.181612e+01,2.165717e+01,2.158798e+01,2.170557e+01,2.177468e+01,2.174013e+01,2.167792e+01,2.163642e+01,2.176777e+01,2.165717e+01,2.176086e+01,2.159490e+01,2.149104e+01,2.152567e+01,2.157414e+01,2.168483e+01,2.157414e+01,2.144253e+01,2.162950e+01,2.165025e+01,2.157414e+01,2.158106e+01,2.154645e+01,2.145639e+01,2.149104e+01,2.149796e+01,2.142174e+01,2.147025e+01,2.147025e+01,2.146332e+01,2.149104e+01,2.149104e+01,2.140787e+01,2.153260e+01,2.152567e+01,2.133158e+01,2.138707e+01,2.159490e+01,2.147718e+01,2.171940e+01,2.144946e+01,2.151182e+01,2.156029e+01,2.149796e+01,2.131770e+01,2.148411e+01,2.150489e+01,2.148411e+01,2.160182e+01,2.149796e+01,2.148411e+01,2.151875e+01,2.143560e+01,2.153260e+01,2.153952e+01,2.157414e+01,2.156029e+01,2.158106e+01,2.156029e+01,2.155337e+01,2.146332e+01,2.158798e+01,2.160182e+01,2.145639e+01,2.142867e+01,2.144253e+01,2.157414e+01,2.163642e+01,2.152567e+01,2.153260e+01,2.157414e+01,2.159490e+01,2.161566e+01,2.162950e+01,2.163642e+01,2.149104e+01,2.142174e+01,2.164334e+01,2.150489e+01,2.158106e+01,2.158798e+01,2.160182e+01,2.159490e+01,2.153260e+01,2.167100e+01,2.191276e+01,2.159490e+01,2.159490e+01,2.165717e+01,2.164334e+01,2.142174e+01,2.159490e+01,2.163642e+01,2.168483e+01,2.165717e+01,2.143560e+01,2.164334e+01,2.163642e+01,2.165717e+01,2.168483e+01,2.174013e+01,2.169175e+01,2.174013e+01,2.174013e+01,2.158106e+01,2.165025e+01,2.168483e+01,2.164334e+01,2.169866e+01,2.151182e+01,2.171940e+01,2.170557e+01,2.182993e+01,2.170557e+01,2.176777e+01,2.177468e+01,2.188516e+01,2.176086e+01,2.205754e+01,2.186445e+01,2.182993e+01,2.194035e+01,2.190586e+01,2.190586e+01,2.198172e+01,2.207820e+01,2.193345e+01,2.202308e+01,2.204376e+01,2.204376e+01,2.207131e+01,2.207131e+01,2.198172e+01,2.205754e+01,2.197483e+01,2.198172e+01,2.198862e+01,2.205754e+01,2.211952e+01,2.200930e+01,2.201619e+01,2.199551e+01,2.199551e+01,2.204376e+01,2.189896e+01,2.191965e+01,2.204376e+01,2.189206e+01,2.192655e+01,2.205754e+01,2.202997e+01,2.185755e+01,2.198172e+01,2.204376e+01,2.194035e+01,2.195414e+01,2.182993e+01,2.196104e+01,2.201619e+01,2.182303e+01,2.189896e+01,2.195414e+01,2.185755e+01,2.185065e+01,2.191276e+01,2.181612e+01,2.186445e+01,2.192655e+01,2.209886e+01,2.189896e+01,2.189896e+01,2.200241e+01,2.181612e+01,2.192655e+01,2.177468e+01,2.183684e+01,2.186445e+01,2.176777e+01,2.168483e+01,2.169175e+01,2.166409e+01,2.170557e+01,2.161566e+01,2.151182e+01,2.150489e+01,2.167792e+01,2.149796e+01,2.165025e+01,2.141480e+01,2.144253e+01,2.140787e+01,2.139400e+01,2.133851e+01,2.135239e+01,2.131770e+01,2.139400e+01,2.133851e+01,2.110234e+01,2.147718e+01,2.134545e+01,2.139400e+01,2.143560e+01,2.157414e+01,2.144946e+01,2.149104e+01,2.133158e+01,2.142174e+01,2.139400e+01,2.137320e+01,2.135239e+01,2.138013e+01,2.138707e+01,2.162950e+01,2.158106e+01,2.143560e+01,2.143560e+01,2.151875e+01,2.142867e+01,2.133851e+01,2.134545e+01,2.149104e+01,2.155337e+01,2.139400e+01,2.138707e+01,2.145639e+01,2.144253e+01,2.143560e+01,2.151182e+01,2.139400e+01,2.149796e+01,2.160874e+01,2.156721e+01,2.160874e+01,2.155337e+01,2.143560e+01
2.326976e+01,2.340584e+01,2.346701e+01,2.342623e+01,2.341944e+01,2.340584e+01,2.341264e+01,2.331060e+01,2.341264e+01,2.345342e+01,2.324933e+01,2.335143e+01,2.335143e+01,2.336503e+01,2.336503e+01,2.360283e+01,2.343303e+01,2.342623e+01,2.341264e+01,2.360962e+01,2.338544e+01,2.343303e+01,2.352816e+01,2.342623e+01,2.343303e+01,2.346701e+01,2.333101e+01,2.337864e+01,2.339904e+01,2.346701e+01,2.338544e+01,2.339224e+01,2.337864e+01,2.344662e+01,2.358926e+01,2.344662e+01,2.358926e+01,2.354174e+01,2.345342e+01,2.358926e+01,2.333101e+01,2.352816e+01,2.339224e+01,2.354174e+01,2.346022e+01,2.348060e+01,2.350778e+01,2.337183e+01,2.338544e+01,2.333782e+01,2.333782e+01,2.360283e+01,2.337183e+01,2.355532e+01,2.335143e+01,2.350099e+01,2.344662e+01,2.360283e+01,2.346022e+01,2.327656e+01,2.338544e+01,2.327656e+01,2.331060e+01,2.330379e+01,2.338544e+01,2.339904e+01,2.329018e+01,2.338544e+01,2.337864e+01,2.350778e+01,2.337864e+01,2.335143e+01,2.337183e+01,2.327656e+01,2.331060e+01,2.332421e+01,2.335143e+01,2.338544e+01,2.360283e+01,2.356211e+01,2.348740e+01,2.336503e+01,2.352136e+01,2.339904e+01,2.345342e+01,2.342623e+01,2.350099e+01,2.356890e+01,2.353495e+01,2.348740e+01,2.351457e+01,2.348060e+01,2.352816e+01,2.360962e+01,2.346022e+01,2.360283e+01,2.355532e+01,2.356890e+01,2.349419e+01,2.351457e+01,2.339224e+01,2.346022e+01,2.344662e+01,2.341264e+01,2.331060e+01,2.352816e+01,2.333101e+01,2.341944e+01,2.350099e+01,2.339904e+01,2.337183e+01,2.333782e+01,2.328337e+01,2.321527e+01,2.326295e+01,2.316758e+01,2.320846e+01,2.307212e+01,2.305165e+01,2.299023e+01,2.341944e+01,2.324252e+01,2.243575e+01,2.218147e+01,2.203687e+01,2.202997e+01,2.200241e+01,2.180231e+01,2.206442e+01,2.206442e+01,2.202308e+01,2.207131e+01,2.201619e+01,2.202997e+01,2.189206e+01,2.226401e+01,2.223650e+01,2.230525e+01,2.258665e+01,2.273732e+01,2.300388e+01,2.374526e+01,2.278522e+01,2.255237e+01,2.261406e+01,2.274416e+01,2.231212e+01,2.225713e+01,2.243575e+01,2.270309e+01,2.290827e+01,2.273732e+01,2.233961e+01,2.230525e+01,2.222962e+01,2.251122e+01,2.275785e+01,2.324933e+01,2.392132e+01,2.328337e+01,2.239456e+01,2.253180e+01,2.257979e+01,2.263461e+01,2.275785e+01,2.285360e+01,2.266201e+01,2.245634e+01,2.268940e+01,2.244948e+01,2.260720e+01,2.271679e+01,2.298340e+01,2.335143e+01,2.356211e+01,2.507189e+01,2.601120e+01,2.591167e+01,2.611063e+01,2.553926e+01,2.398219e+01,2.284676e+01,2.261406e+01,2.266886e+01,2.273732e+01,2.273047e+01,2.269625e+01,2.279889e+01,2.295609e+01,2.309940e+01,2.392132e+01,2.527245e+01,2.581869e+01,2.509196e+01,2.333101e+01,2.255237e+01,2.235335e+01,2.232587e+01,2.243575e+01,2.279889e+01,2.297657e+01,2.279889e+01,2.305848e+01,2.315395e+01,2.290144e+01,2.247692e+01,2.239456e+01,2.238769e+01,2.289461e+01,2.275785e+01,2.254551e+01,2.250437e+01,2.255923e+01,2.240829e+01,2.259350e+01,2.261406e+01,2.261406e+01,2.296292e+01,2.307212e+01,2.338544e+01,2.307212e+01,2.306530e+01,2.312668e+01,2.313350e+01,2.320846e+01,2.351457e+01,2.358247e+01,2.369102e+01,2.365033e+01,2.379946e+01,2.477034e+01,2.461587e+01,2.389425e+01,2.346022e+01,2.301071e+01,2.279889e+01,2.268255e+01,2.278522e+01,2.273047e+01,2.266886e+01,2.251808e+01,2.236709e+01,2.212641e+01,2.223650e+01,2.238769e+01,2.236709e+01,2.216082e+01,2.204376e+01,2.189896e+01,2.189206e+01,2.183684e+01,2.183684e+01,2.182993e+01,2.178159e+01,2.182303e+01,2.169175e+01,2.182303e+01,2.174704e+01,2.172631e+01,2.176777e+01,2.179540e+01,2.173322e+01,2.175395e+01,2.182993e+01,2.164334e+01,2.179540e+01,2.180922e+01,2.171248e+01,2.173322e+01,2.174704e+01,2.175395e+01,2.162950e+01,2.160874e+01,2.174013e+01,2.167100e+01,2.175395e+01,2.175395e+01,2.162258e+01,2.169866e+01,2.176777e+01,2.171248e+01,2.168483e+01,2.167100e+01,2.170557e+01,2.172631e+01,2.167100e+01,2.169175e+01,2.173322e+01,2.165025e+01,2.153260e+01,2.165025e+01,2.156029e+01,2.166409e+01,2.161566e+01,2.162950e+01,2.162950e+01,2.160182e+01,2.161566e+01,2.151182e+01,2.162950e+01,2.153260e+01,2.164334e+01,2.161566e+01,2.144253e+01,2.144946e+01,2.149104e+01,2.165025e+01,2.164334e+01,2.150489e+01,2.153260e+01,2.158106e+01,2.156029e+01,2.158106e+01,2.156029e+01,2.160874e+01,2.160182e+01,2.153260e+01,2.156721e+01,2.158798e+01,2.175395e+01,2.171248e+01,2.143560e+01,2.175395e+01,2.167100e+01,2.168483e+01,2.180922e+01,2.170557e+01,2.163642e+01,2.160874e+01,2.158798e+01,2.165717e+01,2.173322e+01,2.170557e+01,2.169866e+01,2.175395e+01,2.157414e+01,2.171248e+01,2.170557e+01,2.165025e+01,2.160874e+01,2.164334e+01,2.163642e+01,2.176777e+01,2.164334e+01,2.163642e+01,2.148411e+01,2.163642e+01,2.169866e+01,2.155337e+01,2.163642e+01,2.166409e+01,2.172631e+01,2.166409e+01,2.166409e+01,2.167100e+01,2.155337e+01,2.155337e+01,2.160874e+01,2.160874e+01,2.167792e+01,2.163642e+01,2.165025e+01,2.153952e+01,2.168483e+01,2.157414e+01,2.164334e+01,2.149796e+01,2.169866e+01,2.160874e+01,2.164334e+01,2.162950e+01,2.163642e+01,2.178850e+01,2.170557e+01,2.174704e+01,2.172631e+01,2.169866e+01,2.184374e+01,2.171248e+01,2.187135e+01,2.176086e+01,2.180231e+01,2.176777e+01,2.174704e+01,2.189206e+01,2.179540e+01,2.186445e+01,2.156029e+01,2.186445e+01,2.182303e+01,2.174013e+01,2.171940e+01,2.184374e+01,2.173322e+01,2.171940e+01,2.171248e+01,2.171248e+01,2.169175e+01,2.171248e+01,2.169175e+01,2.175395e+01,2.168483e+01,2.170557e+01,2.171248e+01,2.179540e+01,2.173322e+01,2.173322e+01,2.156029e+01,2.174704e+01,2.174013e+01,2.159490e+01,2.158106e+01,2.172631e+01,2.162258e+01,2.165025e+01,2.167100e+01,2.169175e+01,2.163642e+01,2.159490e+01,2.161566e+01,2.165025e+01,2.156721e+01,2.160874e+01,2.174704e+01,2.151182e+01,2.181612e+01,2.145639e+01,2.158106e+01,2.162258e+01,2.167100e+01,2.146332e+01,2.155337e+01,2.132464e+01,2.152567e+01,2.149104e+01,2.147025e+01,2.145639e+01,2.147025e+01,2.145639e+01,2.139400e+01,2.151182e+01,2.135933e+01,2.147025e+01,2.146332e+01,2.156721e+01,2.136626e+01,2.151182e+01,2.130382e+01,2.145639e+01,2.149104e+01,2.147718e+01,2.156029e+01,2.150489e+01,2.153260e+01,2.135933e+01,2.152567e+01,2.151182e+01,2.148411e+01,2.147025e+01,2.138707e+01,2.138013e+01,2.139400e+01,2.139400e+01,2.151875e+01,2.158798e+01,2.140094e+01,2.137320e+01,2.158798e+01,2.160874e+01,2.155337e+01,2.158798e+01,2.159490e+01,2.158106e+01,2.156721e+01,2.160874e+01,2.141480e+01,2.162950e+01,2.162258e+01,2.166409e+01,2.167792e+01,2.167792e+01,2.154645e+01,2.156721e+01,2.159490e+01,2.136626e+01,2.159490e+01,2.137320e+01,2.161566e+01,2.159490e+01,2.151182e+01,2.180922e+01,2.172631e+01,2.162950e+01,2.164334e+01,2.160874e+01,2.160874e+01,2.157414e+01,2.176086e+01,2.171248e+01,2.164334e+01,2.163642e+01,2.141480e+01,2.162950e+01,2.163642e+01,2.163642e+01,2.169866e+01,2.175395e+01,2.171940e+01,2.171248e+01,2.170557e+01,2.171248e+01,2.179540e+01,2.162950e+01,2.177468e+01,2.153260e+01,2.175395e+01,2.174013e+01,2.176777e+01,2.175395e+01,2.174704e+01,2.178159e+01,2.184374e+01,2.177468e+01,2.198172e+01,2.175395e+01,2.190586e+01,2.189206e+01,2.193345e+01,2.199551e+01,2.200241e+01,2.203687e+01,2.201619e+01,2.196793e+01,2.205065e+01,2.209198e+01,2.204376e+01,2.202308e+01,2.195414e+01,2.203687e+01,2.211263e+01,2.214017e+01,2.203687e+01,2.213329e+01,2.200241e+01,2.200930e+01,2.195414e+01,2.215394e+01,2.204376e+01,2.201619e+01,2.200930e+01,2.191965e+01,2.207820e+01,2.191276e+01,2.189896e+01,2.196793e+01,2.195414e+01,2.192655e+01,2.202997e+01,2.198172e+01,2.202308e+01,2.186445e+01,2.201619e+01,2.198172e+01,2.182303e+01,2.187825e+01,2.182303e+01,2.187825e+01,2.188516e+01,2.200241e+01,2.184374e+01,2.189206e+01,2.186445e+01,2.186445e+01,2.187825e+01,2.188516e+01,2.186445e+01,2.171940e+01,2.190586e+01,2.177468e+01,2.182993e+01,2.169175e+01,2.175395e+01,2.166409e+01,2.171248e+01,2.164334e+01,2.171248e+01,2.167792e+01,2.167100e+01,2.162258e+01,2.169175e+01,2.151182e+01,2.158106e+01,2.143560e+01,2.141480e+01,2.150489e+01,2.126217e+01,2.139400e+01,2.136626e+01,2.142867e+01,2.137320e+01,2.145639e+01,2.133851e+01,2.140787e+01,2.136626e+01,2.139400e+01,2.135933e+01,2.140787e+01,2.152567e+01,2.151182e+01,2.144946e+01,2.140787e+01,2.141480e+01,2.163642e+01,2.153952e+01,2.138013e+01,2.138013e+01,2.136626e+01,2.138707e+01,2.147025e+01,2.158106e+01,2.144253e+01,2.135933e+01,2.140787e+01,2.124133e+01,2.146332e+01,2.141480e+01,2.145639e+01,2.160874e+01,2.150489e+01,2.139400e+01,2.148411e+01,2.145639e+01,2.141480e+01,2.153952e+01,2.128299e+01,2.156721e+01,2.158106e+01,2.153952e+01,2.154645e+01,2.142174e+01
2.326976e+01,2.323571e+01,2.336503e+01,2.340584e+01,2.343303e+01,2.324933e+01,2.343303e+01,2.335143e+01,2.341944e+01,2.346701e+01,2.335823e+01,2.346022e+01,2.341264e+01,2.338544e+01,2.337183e+01,2.347381e+01,2.340584e+01,2.354853e+01,2.353495e+01,2.343303e+01,2.342623e+01,2.343983e+01,2.346022e+01,2.343983e+01,2.341944e+01,2.337864e+01,2.339904e+01,2.335143e+01,2.344662e+01,2.333782e+01,2.343303e+01,2.343303e+01,2.328337e+01,2.338544e+01,2.335823e+01,2.343983e+01,2.350099e+01,2.356890e+01,2.362998e+01,2.345342e+01,2.356890e+01,2.355532e+01,2.335823e+01,2.343303e+01,2.348060e+01,2.350099e+01,2.348060e+01,2.375881e+01,2.348740e+01,2.337864e+01,2.337864e+01,2.348740e+01,2.337864e+01,2.337864e+01,2.347381e+01,2.350778e+01,2.329699e+01,2.342623e+01,2.343303e+01,2.347381e+01,2.329699e+01,2.335143e+01,2.328337e+01,2.329699e+01,2.348060e+01,2.335143e+01,2.343983e+01,2.342623e+01,2.309258e+01,2.331740e+01,2.335143e+01,2.329699e+01,2.334462e+01,2.329699e+01,2.347381e+01,2.331740e+01,2.352816e+01,2.344662e+01,2.351457e+01,2.355532e+01,2.344662e+01,2.335143e+01,2.338544e+01,2.336503e+01,2.353495e+01,2.348060e+01,2.356211e+01,2.351457e+01,2.358247e+01,2.358247e+01,2.358926e+01,2.348060e+01,2.352816e+01,2.360283e+01,2.346022e+01,2.365033e+01,2.361641e+01,2.353495e+01,2.354174e+01,2.366390e+01,2.343983e+01,2.346701e+01,2.350778e+01,2.339224e+01,2.353495e+01,2.360962e+01,2.356211e+01,2.324933e+01,2.358926e+01,2.348060e+01,2.331740e+01,2.327656e+01,2.327656e+01,2.335143e+01,2.327656e+01,2.311304e+01,2.301071e+01,2.322890e+01,2.298340e+01,2.300388e+01,2.326976e+01,2.330379e+01,2.234648e+01,2.215394e+01,2.214017e+01,2.194035e+01,2.194725e+01,2.191276e+01,2.198172e+01,2.194725e+01,2.206442e+01,2.198172e+01,2.194035e+01,2.200930e+01,2.201619e+01,2.208509e+01,2.219523e+01,2.221587e+01,2.220899e+01,2.270994e+01,2.307212e+01,2.307894e+01,2.273732e+01,2.266201e+01,2.265516e+01,2.256608e+01,2.233961e+01,2.245634e+01,2.294926e+01,2.290144e+01,2.266886e+01,2.234648e+01,2.228463e+01,2.227088e+01,2.221587e+01,2.253866e+01,2.255923e+01,2.289461e+01,2.325614e+01,2.255923e+01,2.236022e+01,2.244948e+01,2.241516e+01,2.210575e+01,2.252494e+01,2.272363e+01,2.266886e+01,2.244261e+01,2.243575e+01,2.249065e+01,2.299706e+01,2.300388e+01,2.301071e+01,2.394838e+01,2.529248e+01,2.611063e+01,2.642160e+01,2.627615e+01,2.519227e+01,2.395514e+01,2.327656e+01,2.309258e+01,2.277153e+01,2.251808e+01,2.252494e+01,2.257979e+01,2.262776e+01,2.296975e+01,2.298340e+01,2.357569e+01,2.449483e+01,2.509196e+01,2.526577e+01,2.448137e+01,2.307212e+01,2.238082e+01,2.238082e+01,2.230525e+01,2.240829e+01,2.278522e+01,2.288777e+01,2.371814e+01,2.404979e+01,2.292877e+01,2.251122e+01,2.246320e+01,2.265516e+01,2.324252e+01,2.405655e+01,2.327656e+01,2.261406e+01,2.234648e+01,2.235335e+01,2.218835e+01,2.260720e+01,2.262091e+01,2.282625e+01,2.249751e+01,2.259350e+01,2.219523e+01,2.245634e+01,2.322890e+01,2.310622e+01,2.322209e+01,2.377236e+01,2.348060e+01,2.356211e+01,2.362319e+01,2.418485e+01,2.543929e+01,2.615701e+01,2.567241e+01,2.467634e+01,2.346022e+01,2.301753e+01,2.310622e+01,2.255923e+01,2.252494e+01,2.246320e+01,2.242888e+01,2.229838e+01,2.181612e+01,2.208509e+01,2.235335e+01,2.214706e+01,2.235335e+01,2.232587e+01,2.225713e+01,2.207131e+01,2.179540e+01,2.178850e+01,2.173322e+01,2.162258e+01,2.183684e+01,2.167792e+01,2.178159e+01,2.160874e+01,2.174013e+01,2.167792e+01,2.176777e+01,2.177468e+01,2.167100e+01,2.176777e+01,2.172631e+01,2.180922e+01,2.169866e+01,2.169175e+01,2.165717e+01,2.166409e+01,2.175395e+01,2.177468e+01,2.167100e+01,2.160874e+01,2.167100e+01,2.162950e+01,2.169866e+01,2.175395e+01,2.162950e+01,2.169866e+01,2.167100e+01,2.172631e+01,2.161566e+01,2.170557e+01,2.171248e+01,2.171248e+01,2.165717e+01,2.164334e+01,2.169175e+01,2.148411e+01,2.157414e+01,2.164334e+01,2.167100e+01,2.165717e+01,2.162950e+01,2.161566e+01,2.161566e+01,2.153952e+01,2.160182e+01,2.147718e+01,2.160182e+01,2.161566e+01,2.159490e+01,2.146332e+01,2.150489e+01,2.142174e+01,2.157414e+01,2.160182e+01,2.136626e+01,2.146332e+01,2.147025e+01,2.153952e+01,2.161566e+01,2.138707e+01,2.166409e+01,2.144253e+01,2.162950e+01,2.152567e+01,2.160182e+01,2.156721e+01,2.158106e+01,2.162258e+01,2.164334e+01,2.162950e+01,2.144253e+01,2.156029e+01,2.166409e+01,2.167792e+01,2.162258e+01,2.167100e+01,2.167792e+01,2.172631e+01,2.172631e+01,2.172631e+01,2.162950e+01,2.171248e+01,2.156029e+01,2.171940e+01,2.160182e+01,2.178159e+01,2.166409e+01,2.161566e+01,2.165717e+01,2.161566e+01,2.164334e+01,2.164334e+01,2.158798e+01,2.171248e+01,2.163642e+01,2.174013e+01,2.171248e+01,2.156029e+01,2.164334e+01,2.156029e+01,2.152567e+01,2.168483e+01,2.158798e+01,2.145639e+01,2.155337e+01,2.160874e+01,2.156029e+01,2.164334e+01,2.167100e+01,2.165025e+01,2.166409e+01,2.165717e+01,2.172631e+01,2.161566e+01,2.160874e+01,2.156029e+01,2.166409e+01,2.158106e+01,2.165717e+01,2.163642e+01,2.168483e+01,2.167100e+01,2.173322e+01,2.172631e+01,2.171940e+01,2.183684e+01,2.176086e+01,2.174704e+01,2.177468e+01,2.178159e+01,2.178159e+01,2.172631e+01,2.182303e+01,2.188516e+01,2.171248e+01,2.169866e+01,2.184374e+01,2.182303e+01,2.160874e+01,2.178850e+01,2.184374e+01,2.183684e+01,2.166409e+01,2.167792e+01,2.173322e+01,2.168483e+01,2.168483e+01,2.171248e+01,2.168483e+01,2.169175e+01,2.168483e+01,2.162950e+01,2.162258e+01,2.162950e+01,2.167100e+01,2.171940e+01,2.160182e+01,2.153260e+01,2.159490e+01,2.176777e+01,2.166409e+01,2.166409e+01,2.164334e+01,2.167100e+01,2.149796e+01,2.156721e+01,2.162258e+01,2.162258e+01,2.153260e+01,2.145639e+01,2.155337e+01,2.153952e+01,2.160874e+01,2.151875e+01,2.164334e+01,2.140787e+01,2.154645e+01,2.147718e+01,2.147718e+01,2.135933e+01,2.151875e+01,2.143560e+01,2.148411e+01,2.148411e+01,2.144253e+01,2.138013e+01,2.134545e+01,2.132464e+01,2.117881e+01,2.138707e+01,2.137320e+01,2.121355e+01,2.144253e+01,2.153260e+01,2.126911e+01,2.130382e+01,2.138707e+01,2.139400e+01,2.151182e+01,2.140094e+01,2.147718e+01,2.135239e+01,2.131770e+01,2.149104e+01,2.147718e+01,2.140787e+01,2.140094e+01,2.139400e+01,2.147025e+01,2.155337e+01,2.156721e+01,2.147025e+01,2.158106e+01,2.153952e+01,2.165717e+01,2.157414e+01,2.140094e+01,2.152567e+01,2.160182e+01,2.155337e+01,2.160182e+01,2.151182e+01,2.156721e+01,2.159490e+01,2.153260e+01,2.149796e+01,2.146332e+01,2.149796e+01,2.156029e+01,2.156721e+01,2.160874e+01,2.159490e+01,2.163642e+01,2.163642e+01,2.162258e+01,2.158106e+01,2.170557e+01,2.170557e+01,2.187135e+01,2.160874e+01,2.161566e+01,2.171940e+01,2.161566e+01,2.161566e+01,2.164334e+01,2.167792e+01,2.169175e+01,2.165717e+01,2.167100e+01,2.165717e+01,2.171940e+01,2.160874e+01,2.178159e+01,2.169175e+01,2.159490e+01,2.156721e+01,2.158798e+01,2.165025e+01,2.163642e+01,2.178159e+01,2.162950e+01,2.153260e+01,2.160182e+01,2.162950e+01,2.170557e+01,2.161566e+01,2.153260e+01,2.189206e+01,2.187825e+01,2.187825e+01,2.183684e+01,2.187135e+01,2.194035e+01,2.189896e+01,2.192655e+01,2.198172e+01,2.200241e+01,2.205065e+01,2.196793e+01,2.199551e+01,2.204376e+01,2.198172e+01,2.203687e+01,2.200930e+01,2.201619e+01,2.200241e+01,2.204376e+01,2.201619e+01,2.204376e+01,2.215394e+01,2.205065e+01,2.204376e+01,2.220211e+01,2.212641e+01,2.198172e+01,2.207131e+01,2.187135e+01,2.197483e+01,2.205754e+01,2.199551e+01,2.196793e+01,2.202308e+01,2.196104e+01,2.199551e+01,2.185065e+01,2.197483e+01,2.195414e+01,2.202308e+01,2.199551e+01,2.178159e+01,2.189206e+01,2.189206e+01,2.187825e+01,2.187825e+01,2.200930e+01,2.186445e+01,2.184374e+01,2.180231e+01,2.187135e+01,2.170557e+01,2.186445e+01,2.180231e+01,2.181612e+01,2.182303e+01,2.178850e+01,2.176777e+01,2.171248e+01,2.187135e+01,2.169866e+01,2.166409e+01,2.168483e+01,2.152567e+01,2.187825e+01,2.172631e+01,2.165025e+01,2.150489e+01,2.146332e+01,2.147718e+01,2.163642e+01,2.142174e+01,2.158106e+01,2.133851e+01,2.143560e+01,2.135239e+01,2.137320e+01,2.138013e+01,2.146332e+01,2.128993e+01,2.138013e+01,2.107452e+01,2.135933e+01,2.149796e+01,2.136626e+01,2.138707e+01,2.145639e+01,2.135239e+01,2.138013e+01,2.144946e+01,2.144946e+01,2.154645e+01,2.139400e+01,2.145639e+01,2.138013e+01,2.144946e+01,2.148411e+01,2.145639e+01,2.151875e+01,2.144253e+01,2.131770e+01,2.144253e+01,2.154645e+01,2.122050e+01,2.150489e+01,2.126217e+01,2.156721e+01,2.160874e+01,2.160874e+01,2.157414e+01,2.153260e+01,2.154645e+01,2.128299e+01,2.158106e+01,2.156721e+01,2.156029e+01,2.155337e+01,2.137320e+01,2.141480e+01
2.320846e+01,2.323571e+01,2.321527e+01,2.331740e+01,2.337183e+01,2.333782e+01,2.336503e+01,2.346022e+01,2.324252e+01,2.343303e+01,2.332421e+01,2.356211e+01,2.340584e+01,2.341264e+01,2.337183e+01,2.347381e+01,2.335143e+01,2.341944e+01,2.356890e+01,2.339904e+01,2.348060e+01,2.339904e+01,2.339904e+01,2.343983e+01,2.339904e+01,2.339224e+01,2.339224e+01,2.336503e+01,2.341264e+01,2.338544e+01,2.339224e+01,2.339904e+01,2.336503e+01,2.336503e+01,2.350099e+01,2.351457e+01,2.354174e+01,2.337183e+01,2.356890e+01,2.356890e+01,2.348740e+01,2.358926e+01,2.354853e+01,2.341264e+01,2.339904e+01,2.341944e+01,2.345342e+01,2.352136e+01,2.338544e+01,2.338544e+01,2.349419e+01,2.362319e+01,2.339224e+01,2.343303e+01,2.339224e+01,2.338544e+01,2.334462e+01,2.332421e+01,2.352136e+01,2.348060e+01,2.335143e+01,2.332421e+01,2.335143e+01,2.354174e+01,2.334462e+01,2.333782e+01,2.333782e+01,2.335143e+01,2.333101e+01,2.336503e+01,2.346701e+01,2.345342e+01,2.334462e+01,2.328337e+01,2.332421e+01,2.331060e+01,2.352816e+01,2.343303e+01,2.351457e+01,2.344662e+01,2.337183e+01,2.339224e+01,2.338544e+01,2.343303e+01,2.340584e+01,2.350778e+01,2.342623e+01,2.350099e+01,2.362319e+01,2.364355e+01,2.347381e+01,2.353495e+01,2.347381e+01,2.348060e+01,2.351457e+01,2.360962e+01,2.348740e+01,2.356890e+01,2.347381e+01,2.356890e+01,2.341944e+01,2.346701e+01,2.342623e+01,2.361641e+01,2.330379e+01,2.339224e+01,2.343983e+01,2.347381e+01,2.317439e+01,2.338544e+01,2.341944e+01,2.322890e+01,2.345342e+01,2.338544e+01,2.324933e+01,2.316076e+01,2.303801e+01,2.308576e+01,2.297657e+01,2.300388e+01,2.300388e+01,2.339904e+01,2.266886e+01,2.224338e+01,2.207131e+01,2.204376e+01,2.210575e+01,2.194035e+01,2.207820e+01,2.176086e+01,2.189896e+01,2.207131e+01,2.206442e+01,2.195414e+01,2.202997e+01,2.211263e+01,2.209886e+01,2.221587e+01,2.220899e+01,2.264831e+01,2.260720e+01,2.259350e+01,2.269625e+01,2.279206e+01,2.275785e+01,2.277153e+01,2.268255e+01,2.279206e+01,2.293560e+01,2.294243e+01,2.261406e+01,2.264831e+01,2.259350e+01,2.222275e+01,2.251808e+01,2.253866e+01,2.237395e+01,2.233274e+01,2.255923e+01,2.227088e+01,2.207131e+01,2.204376e+01,2.234648e+01,2.251808e+01,2.242888e+01,2.238769e+01,2.244948e+01,2.249751e+01,2.244261e+01,2.247006e+01,2.272363e+01,2.313350e+01,2.396190e+01,2.442078e+01,2.473006e+01,2.530584e+01,2.589839e+01,2.563249e+01,2.428603e+01,2.337864e+01,2.331740e+01,2.314031e+01,2.284676e+01,2.251122e+01,2.268940e+01,2.282625e+01,2.275101e+01,2.290827e+01,2.303801e+01,2.354174e+01,2.374526e+01,2.469649e+01,2.512541e+01,2.463603e+01,2.324252e+01,2.238769e+01,2.241516e+01,2.255237e+01,2.247692e+01,2.274416e+01,2.394161e+01,2.401600e+01,2.318121e+01,2.247006e+01,2.244261e+01,2.261406e+01,2.324252e+01,2.348060e+01,2.392808e+01,2.377914e+01,2.271679e+01,2.207820e+01,2.187825e+01,2.178850e+01,2.197483e+01,2.226401e+01,2.219523e+01,2.223650e+01,2.229838e+01,2.240829e+01,2.248379e+01,2.231900e+01,2.280573e+01,2.329018e+01,2.346022e+01,2.345342e+01,2.355532e+01,2.401600e+01,2.517222e+01,2.594486e+01,2.592495e+01,2.569237e+01,2.461587e+01,2.353495e+01,2.338544e+01,2.311986e+01,2.272363e+01,2.249751e+01,2.255923e+01,2.251122e+01,2.222962e+01,2.175395e+01,2.170557e+01,2.167792e+01,2.180922e+01,2.214706e+01,2.211263e+01,2.208509e+01,2.205754e+01,2.185755e+01,2.167100e+01,2.176086e+01,2.180231e+01,2.165025e+01,2.165025e+01,2.172631e+01,2.167792e+01,2.178159e+01,2.169175e+01,2.195414e+01,2.168483e+01,2.162950e+01,2.174704e+01,2.169866e+01,2.163642e+01,2.169175e+01,2.183684e+01,2.180922e+01,2.156029e+01,2.169866e+01,2.153952e+01,2.170557e+01,2.168483e+01,2.168483e+01,2.167792e+01,2.182303e+01,2.169175e+01,2.172631e+01,2.166409e+01,2.174704e+01,2.167100e+01,2.171940e+01,2.167792e+01,2.169866e+01,2.171940e+01,2.166409e+01,2.169866e+01,2.154645e+01,2.153260e+01,2.158798e+01,2.162950e+01,2.165025e+01,2.159490e+01,2.161566e+01,2.157414e+01,2.162950e+01,2.158106e+01,2.158106e+01,2.158106e+01,2.160182e+01,2.162950e+01,2.155337e+01,2.155337e+01,2.167792e+01,2.160182e+01,2.159490e+01,2.163642e+01,2.159490e+01,2.160874e+01,2.156029e+01,2.155337e+01,2.160182e+01,2.158106e+01,2.156029e+01,2.156721e+01,2.160874e+01,2.166409e+01,2.163642e+01,2.170557e+01,2.159490e+01,2.169175e+01,2.178850e+01,2.166409e+01,2.171940e+01,2.170557e+01,2.165025e+01,2.164334e+01,2.169175e+01,2.167792e+01,2.161566e+01,2.163642e+01,2.173322e+01,2.172631e+01,2.171248e+01,2.176777e+01,2.178159e+01,2.166409e+01,2.162258e+01,2.168483e+01,2.171248e+01,2.158798e+01,2.165025e+01,2.165717e+01,2.160182e+01,2.174013e+01,2.135933e+01,2.159490e+01,2.176777e+01,2.160874e+01,2.165025e+01,2.160874e+01,2.158798e+01,2.164334e+01,2.157414e+01,2.153260e+01,2.153952e+01,2.162950e+01,2.153952e+01,2.165717e+01,2.151875e+01,2.166409e+01,2.162950e+01,2.171248e+01,2.166409e+01,2.169175e+01,2.165025e+01,2.140094e+01,2.159490e+01,2.170557e+01,2.168483e+01,2.164334e+01,2.168483e+01,2.171248e+01,2.167792e+01,2.182303e+01,2.181612e+01,2.176777e+01,2.166409e+01,2.168483e+01,2.171248e+01,2.186445e+01,2.178159e+01,2.188516e+01,2.179540e+01,2.180922e+01,2.181612e+01,2.174704e+01,2.175395e+01,2.195414e+01,2.182303e+01,2.180922e+01,2.186445e+01,2.180922e+01,2.175395e+01,2.173322e+01,2.175395e+01,2.167100e+01,2.167792e+01,2.181612e+01,2.187135e+01,2.179540e+01,2.168483e+01,2.171940e+01,2.196104e+01,2.174013e+01,2.164334e+01,2.167792e+01,2.164334e+01,2.159490e+01,2.170557e+01,2.167792e+01,2.167792e+01,2.158798e+01,2.169175e+01,2.174013e+01,2.158106e+01,2.155337e+01,2.171248e+01,2.170557e+01,2.169175e+01,2.173322e+01,2.162258e+01,2.161566e+01,2.156721e+01,2.161566e+01,2.156721e+01,2.151875e+01,2.161566e+01,2.153260e+01,2.156029e+01,2.151875e+01,2.151875e+01,2.142867e+01,2.150489e+01,2.147718e+01,2.146332e+01,2.151875e+01,2.146332e+01,2.140094e+01,2.140094e+01,2.143560e+01,2.153260e+01,2.138707e+01,2.146332e+01,2.142867e+01,2.151875e+01,2.151182e+01,2.153260e+01,2.140787e+01,2.151875e+01,2.131076e+01,2.145639e+01,2.141480e+01,2.147025e+01,2.148411e+01,2.138013e+01,2.150489e+01,2.145639e+01,2.147025e+01,2.151875e+01,2.147718e+01,2.155337e+01,2.144946e+01,2.145639e+01,2.148411e+01,2.161566e+01,2.138707e+01,2.152567e+01,2.136626e+01,2.149104e+01,2.149796e+01,2.163642e+01,2.153952e+01,2.156029e+01,2.166409e+01,2.156029e+01,2.156029e+01,2.162950e+01,2.165717e+01,2.157414e+01,2.160874e+01,2.153952e+01,2.157414e+01,2.148411e+01,2.165717e+01,2.145639e+01,2.151182e+01,2.167792e+01,2.167100e+01,2.171940e+01,2.169175e+01,2.170557e+01,2.169175e+01,2.170557e+01,2.161566e+01,2.168483e+01,2.174704e+01,2.176086e+01,2.164334e+01,2.167792e+01,2.166409e+01,2.169866e+01,2.171940e+01,2.162258e+01,2.169866e+01,2.165025e+01,2.174704e+01,2.168483e+01,2.173322e+01,2.174013e+01,2.174013e+01,2.162258e+01,2.171248e+01,2.170557e+01,2.172631e+01,2.177468e+01,2.166409e+01,2.177468e+01,2.177468e+01,2.179540e+01,2.182993e+01,2.179540e+01,2.184374e+01,2.204376e+01,2.199551e+01,2.174704e+01,2.196104e+01,2.189206e+01,2.191276e+01,2.200930e+01,2.196104e+01,2.200930e+01,2.205754e+01,2.209886e+01,2.205754e+01,2.207820e+01,2.202997e+01,2.202308e+01,2.205754e+01,2.201619e+01,2.204376e+01,2.208509e+01,2.207820e+01,2.209886e+01,2.216771e+01,2.209198e+01,2.217459e+01,2.209198e+01,2.194725e+01,2.199551e+01,2.192655e+01,2.189206e+01,2.189206e+01,2.196104e+01,2.193345e+01,2.195414e+01,2.196104e+01,2.194725e+01,2.205754e+01,2.191965e+01,2.181612e+01,2.174013e+01,2.188516e+01,2.185065e+01,2.183684e+01,2.182303e+01,2.196104e+01,2.183684e+01,2.190586e+01,2.197483e+01,2.185065e+01,2.185755e+01,2.174704e+01,2.168483e+01,2.184374e+01,2.187135e+01,2.187135e+01,2.176086e+01,2.176777e+01,2.181612e+01,2.171940e+01,2.163642e+01,2.168483e+01,2.171248e+01,2.163642e+01,2.172631e+01,2.150489e+01,2.162258e+01,2.153260e+01,2.161566e+01,2.146332e+01,2.144253e+01,2.141480e+01,2.143560e+01,2.137320e+01,2.141480e+01,2.130382e+01,2.138707e+01,2.135239e+01,2.138013e+01,2.142867e+01,2.135933e+01,2.152567e+01,2.140094e+01,2.152567e+01,2.136626e+01,2.147025e+01,2.138013e+01,2.143560e+01,2.153260e+01,2.148411e+01,2.164334e+01,2.156721e+01,2.148411e+01,2.159490e+01,2.147025e+01,2.146332e+01,2.150489e+01,2.150489e+01,2.160182e+01,2.158106e+01,2.150489e+01,2.148411e+01,2.142867e+01,2.147718e+01,2.156029e+01,2.142867e+01,2.153952e+01,2.149796e+01,2.153260e+01,2.148411e+01,2.142174e+01,2.151182e+01,2.152567e+01,2.158106e+01,2.156029e+01,2.154645e+01,2.139400e+01,2.144253e+01,2.149796e+01
2.326295e+01,2.320165e+01,2.342623e+01,2.341264e+01,2.335823e+01,2.333101e+01,2.339904e+01,2.337864e+01,2.324933e+01,2.327656e+01,2.327656e+01,2.324933e+01,2.333782e+01,2.342623e+01,2.341944e+01,2.337864e+01,2.335823e+01,2.350099e+01,2.354174e+01,2.354853e+01,2.354853e+01,2.337864e+01,2.355532e+01,2.354853e+01,2.341264e+01,2.339904e+01,2.340584e+01,2.337183e+01,2.334462e+01,2.337183e+01,2.338544e+01,2.340584e+01,2.339224e+01,2.342623e+01,2.337864e+01,2.351457e+01,2.339904e+01,2.358247e+01,2.356890e+01,2.354174e+01,2.352136e+01,2.342623e+01,2.348060e+01,2.347381e+01,2.340584e+01,2.338544e+01,2.342623e+01,2.335823e+01,2.335143e+01,2.347381e+01,2.334462e+01,2.344662e+01,2.346022e+01,2.341944e+01,2.337183e+01,2.337864e+01,2.354174e+01,2.356890e+01,2.354853e+01,2.328337e+01,2.339904e+01,2.352816e+01,2.348740e+01,2.339224e+01,2.332421e+01,2.346701e+01,2.337183e+01,2.351457e+01,2.336503e+01,2.334462e+01,2.341264e+01,2.347381e+01,2.330379e+01,2.323571e+01,2.331740e+01,2.346022e+01,2.352136e+01,2.343303e+01,2.365033e+01,2.350099e+01,2.356211e+01,2.346022e+01,2.351457e+01,2.339224e+01,2.357569e+01,2.360962e+01,2.341264e+01,2.340584e+01,2.348740e+01,2.360283e+01,2.361641e+01,2.363676e+01,2.349419e+01,2.346701e+01,2.358247e+01,2.352816e+01,2.354853e+01,2.353495e+01,2.356211e+01,2.348060e+01,2.354174e+01,2.367068e+01,2.343983e+01,2.343303e+01,2.342623e+01,2.347381e+01,2.335143e+01,2.336503e+01,2.341264e+01,2.339904e+01,2.345342e+01,2.341944e+01,2.320846e+01,2.324933e+01,2.324252e+01,2.304483e+01,2.310622e+01,2.300388e+01,2.299706e+01,2.297657e+01,2.331060e+01,2.332421e+01,2.247692e+01,2.220211e+01,2.194725e+01,2.194725e+01,2.204376e+01,2.205754e+01,2.210575e+01,2.198172e+01,2.188516e+01,2.206442e+01,2.201619e+01,2.207131e+01,2.207820e+01,2.222275e+01,2.205065e+01,2.215394e+01,2.220211e+01,2.238082e+01,2.242202e+01,2.268255e+01,2.264146e+01,2.266886e+01,2.260035e+01,2.270309e+01,2.251122e+01,2.280573e+01,2.271679e+01,2.274416e+01,2.271679e+01,2.264146e+01,2.257979e+01,2.277153e+01,2.281257e+01,2.262776e+01,2.254551e+01,2.234648e+01,2.223650e+01,2.197483e+01,2.187825e+01,2.207131e+01,2.191276e+01,2.197483e+01,2.196104e+01,2.200241e+01,2.194725e+01,2.212641e+01,2.245634e+01,2.268940e+01,2.329699e+01,2.347381e+01,2.318121e+01,2.299023e+01,2.347381e+01,2.383332e+01,2.437364e+01,2.473006e+01,2.342623e+01,2.314713e+01,2.348740e+01,2.372492e+01,2.340584e+01,2.282625e+01,2.290144e+01,2.285360e+01,2.295609e+01,2.284676e+01,2.288777e+01,2.326976e+01,2.355532e+01,2.413085e+01,2.470992e+01,2.411734e+01,2.271679e+01,2.233961e+01,2.239456e+01,2.232587e+01,2.260720e+01,2.342623e+01,2.372492e+01,2.283309e+01,2.296292e+01,2.323571e+01,2.271679e+01,2.305165e+01,2.324252e+01,2.349419e+01,2.326976e+01,2.284676e+01,2.228463e+01,2.203687e+01,2.164334e+01,2.153952e+01,2.176086e+01,2.167792e+01,2.183684e+01,2.187825e+01,2.185065e+01,2.218147e+01,2.252494e+01,2.299706e+01,2.392808e+01,2.350099e+01,2.309940e+01,2.331740e+01,2.348740e+01,2.465619e+01,2.590503e+01,2.604436e+01,2.608413e+01,2.502504e+01,2.424557e+01,2.333782e+01,2.307894e+01,2.279889e+01,2.279889e+01,2.277837e+01,2.261406e+01,2.251808e+01,2.236022e+01,2.224338e+01,2.181612e+01,2.186445e+01,2.171940e+01,2.177468e+01,2.180231e+01,2.195414e+01,2.196793e+01,2.187135e+01,2.160874e+01,2.171248e+01,2.165025e+01,2.167792e+01,2.179540e+01,2.173322e+01,2.162950e+01,2.173322e+01,2.157414e+01,2.174013e+01,2.164334e+01,2.165717e+01,2.171940e+01,2.166409e+01,2.162258e+01,2.176777e+01,2.168483e+01,2.172631e+01,2.169866e+01,2.174704e+01,2.174013e+01,2.159490e+01,2.171248e+01,2.177468e+01,2.169866e+01,2.169175e+01,2.161566e+01,2.156721e+01,2.165717e+01,2.171248e+01,2.168483e+01,2.170557e+01,2.167792e+01,2.162950e+01,2.170557e+01,2.167100e+01,2.162258e+01,2.158106e+01,2.163642e+01,2.169866e+01,2.167100e+01,2.162950e+01,2.147025e+01,2.160182e+01,2.165025e+01,2.153952e+01,2.153952e+01,2.152567e+01,2.158798e+01,2.151875e+01,2.166409e+01,2.163642e+01,2.165025e+01,2.163642e+01,2.161566e+01,2.161566e+01,2.161566e+01,2.149104e+01,2.149796e+01,2.151875e+01,2.156029e+01,2.155337e+01,2.134545e+01,2.154645e+01,2.158798e+01,2.141480e+01,2.157414e+01,2.172631e+01,2.165025e+01,2.163642e+01,2.176086e+01,2.165025e+01,2.174704e+01,2.169866e+01,2.169175e+01,2.168483e+01,2.162950e+01,2.156029e+01,2.169866e+01,2.169175e+01,2.166409e+01,2.170557e+01,2.171248e+01,2.173322e+01,2.170557e+01,2.162950e+01,2.166409e+01,2.174704e+01,2.162950e+01,2.174013e+01,2.162258e+01,2.167100e+01,2.176086e+01,2.169175e+01,2.162950e+01,2.162950e+01,2.164334e+01,2.137320e+01,2.164334e+01,2.163642e+01,2.174013e+01,2.171248e+01,2.153952e+01,2.155337e+01,2.155337e+01,2.178850e+01,2.160874e+01,2.174704e+01,2.158106e+01,2.168483e+01,2.166409e+01,2.167792e+01,2.162258e+01,2.168483e+01,2.169175e+01,2.172631e+01,2.156721e+01,2.177468e+01,2.169866e+01,2.166409e+01,2.171248e+01,2.166409e+01,2.171940e+01,2.170557e+01,2.191965e+01,2.168483e+01,2.184374e+01,2.174704e+01,2.180922e+01,2.160182e+01,2.178850e+01,2.178159e+01,2.171248e+01,2.180922e+01,2.176777e+01,2.175395e+01,2.182303e+01,2.180231e+01,2.172631e+01,2.180231e+01,2.182993e+01,2.179540e+01,2.185755e+01,2.181612e+01,2.168483e+01,2.166409e+01,2.182303e+01,2.171248e+01,2.173322e+01,2.174013e+01,2.174013e+01,2.174704e+01,2.170557e+01,2.170557e+01,2.180922e+01,2.177468e+01,2.160182e+01,2.163642e+01,2.169866e+01,2.169175e+01,2.160874e+01,2.162258e+01,2.163642e+01,2.174013e+01,2.156029e+01,2.156721e+01,2.165025e+01,2.159490e+01,2.162950e+01,2.158798e+01,2.160182e+01,2.142867e+01,2.153260e+01,2.162950e+01,2.158106e+01,2.156721e+01,2.169175e+01,2.162258e+01,2.155337e+01,2.155337e+01,2.153260e+01,2.151875e+01,2.149796e+01,2.154645e+01,2.120660e+01,2.149104e+01,2.136626e+01,2.148411e+01,2.140094e+01,2.145639e+01,2.137320e+01,2.149104e+01,2.145639e+01,2.147718e+01,2.142174e+01,2.149796e+01,2.137320e+01,2.158106e+01,2.138707e+01,2.150489e+01,2.140094e+01,2.144253e+01,2.134545e+01,2.147025e+01,2.148411e+01,2.132464e+01,2.131076e+01,2.146332e+01,2.144253e+01,2.151182e+01,2.142174e+01,2.152567e+01,2.144946e+01,2.152567e+01,2.143560e+01,2.163642e+01,2.163642e+01,2.137320e+01,2.155337e+01,2.139400e+01,2.159490e+01,2.140787e+01,2.156029e+01,2.153952e+01,2.156029e+01,2.157414e+01,2.162950e+01,2.142867e+01,2.166409e+01,2.163642e+01,2.179540e+01,2.162258e+01,2.153260e+01,2.165025e+01,2.156029e+01,2.167792e+01,2.145639e+01,2.158798e+01,2.168483e+01,2.170557e+01,2.170557e+01,2.173322e+01,2.165717e+01,2.162258e+01,2.177468e+01,2.171248e+01,2.167100e+01,2.167100e+01,2.175395e+01,2.167792e+01,2.158798e+01,2.157414e+01,2.168483e+01,2.163642e+01,2.162258e+01,2.164334e+01,2.174704e+01,2.174704e+01,2.171940e+01,2.158798e+01,2.165717e+01,2.164334e+01,2.158798e+01,2.165717e+01,2.161566e+01,2.186445e+01,2.163642e+01,2.176777e+01,2.180231e+01,2.177468e+01,2.182993e+01,2.181612e+01,2.182993e+01,2.174704e+01,2.189206e+01,2.199551e+01,2.219523e+01,2.191965e+01,2.207131e+01,2.196104e+01,2.202997e+01,2.196793e+01,2.196793e+01,2.188516e+01,2.188516e+01,2.203687e+01,2.199551e+01,2.198172e+01,2.214017e+01,2.207820e+01,2.214706e+01,2.207131e+01,2.202308e+01,2.213329e+01,2.206442e+01,2.214706e+01,2.209198e+01,2.211263e+01,2.200241e+01,2.209198e+01,2.209886e+01,2.193345e+01,2.211263e+01,2.200241e+01,2.189896e+01,2.191965e+01,2.194035e+01,2.197483e+01,2.196793e+01,2.193345e+01,2.179540e+01,2.200241e+01,2.179540e+01,2.190586e+01,2.187825e+01,2.174013e+01,2.185755e+01,2.195414e+01,2.187135e+01,2.184374e+01,2.183684e+01,2.186445e+01,2.163642e+01,2.169866e+01,2.162258e+01,2.181612e+01,2.173322e+01,2.176777e+01,2.175395e+01,2.180231e+01,2.179540e+01,2.169866e+01,2.162950e+01,2.160182e+01,2.169866e+01,2.159490e+01,2.151875e+01,2.164334e+01,2.151875e+01,2.165717e+01,2.166409e+01,2.159490e+01,2.158106e+01,2.159490e+01,2.161566e+01,2.138707e+01,2.147718e+01,2.146332e+01,2.144253e+01,2.121355e+01,2.139400e+01,2.113711e+01,2.135933e+01,2.138707e+01,2.141480e+01,2.140094e+01,2.156721e+01,2.148411e+01,2.159490e+01,2.157414e+01,2.153952e+01,2.156721e+01,2.153260e+01,2.153952e+01,2.165717e+01,2.156721e+01,2.152567e+01,2.148411e+01,2.145639e+01,2.159490e+01,2.151182e+01,2.135239e+01,2.144253e+01,2.158106e+01,2.151182e+01,2.158106e+01,2.150489e+01,2.146332e+01,2.140787e+01,2.154645e+01,2.151875e+01,2.139400e+01,2.140094e+01,2.151182e+01,2.145639e+01,2.154645e+01,2.142867e+01,2.147718e+01,2.152567e+01,2.155337e+01
2.326976e+01,2.320846e+01,2.337864e+01,2.319484e+01,2.322209e+01,2.325614e+01,2.326976e+01,2.342623e+01,2.336503e+01,2.324252e+01,2.349419e+01,2.340584e+01,2.333101e+01,2.335823e+01,2.335823e+01,2.329018e+01,2.345342e+01,2.351457e+01,2.347381e+01,2.348740e+01,2.349419e+01,2.351457e+01,2.343303e+01,2.342623e+01,2.354174e+01,2.340584e+01,2.331060e+01,2.339224e+01,2.341944e+01,2.346701e+01,2.340584e+01,2.333101e+01,2.340584e+01,2.340584e+01,2.355532e+01,2.365033e+01,2.335823e+01,2.359605e+01,2.366390e+01,2.352816e+01,2.352816e+01,2.347381e+01,2.341944e+01,2.341944e+01,2.349419e+01,2.355532e+01,2.342623e+01,2.351457e+01,2.349419e+01,2.333101e+01,2.335143e+01,2.339224e+01,2.356211e+01,2.352136e+01,2.352136e+01,2.351457e+01,2.334462e+01,2.358247e+01,2.338544e+01,2.343983e+01,2.339224e+01,2.348740e+01,2.354853e+01,2.349419e+01,2.338544e+01,2.333101e+01,2.343303e+01,2.344662e+01,2.334462e+01,2.333782e+01,2.333101e+01,2.338544e+01,2.340584e+01,2.352816e+01,2.344662e+01,2.347381e+01,2.354174e+01,2.339224e+01,2.332421e+01,2.331740e+01,2.350099e+01,2.361641e+01,2.339224e+01,2.345342e+01,2.346022e+01,2.360283e+01,2.358926e+01,2.339904e+01,2.350099e+01,2.360962e+01,2.361641e+01,2.356211e+01,2.354174e+01,2.350778e+01,2.358247e+01,2.350778e+01,2.348740e+01,2.367068e+01,2.362998e+01,2.362998e+01,2.346022e+01,2.339904e+01,2.366390e+01,2.346701e+01,2.341264e+01,2.326976e+01,2.340584e+01,2.346022e+01,2.339904e+01,2.345342e+01,2.320846e+01,2.322209e+01,2.345342e+01,2.318802e+01,2.329699e+01,2.304483e+01,2.316076e+01,2.301071e+01,2.297657e+01,2.293560e+01,2.320165e+01,2.337183e+01,2.263461e+01,2.228463e+01,2.201619e+01,2.193345e+01,2.182993e+01,2.206442e+01,2.204376e+01,2.192655e+01,2.203687e+01,2.191965e+01,2.205754e+01,2.194035e+01,2.205754e+01,2.210575e+01,2.208509e+01,2.214017e+01,2.209886e+01,2.227088e+01,2.253180e+01,2.271679e+01,2.279889e+01,2.264146e+01,2.260720e+01,2.262091e+01,2.262091e+01,2.256608e+01,2.264831e+01,2.269625e+01,2.267571e+01,2.274416e+01,2.283309e+01,2.275785e+01,2.279889e+01,2.253180e+01,2.236022e+01,2.207131e+01,2.231212e+01,2.203687e+01,2.189206e+01,2.189206e+01,2.187825e+01,2.209886e+01,2.207131e+01,2.185065e+01,2.205065e+01,2.233961e+01,2.243575e+01,2.252494e+01,2.244948e+01,2.251122e+01,2.247006e+01,2.274416e+01,2.277837e+01,2.320846e+01,2.373848e+01,2.341944e+01,2.326976e+01,2.369102e+01,2.413085e+01,2.404979e+01,2.345342e+01,2.360962e+01,2.350099e+01,2.309940e+01,2.284676e+01,2.288094e+01,2.290827e+01,2.305165e+01,2.349419e+01,2.324933e+01,2.379269e+01,2.325614e+01,2.270994e+01,2.231900e+01,2.238769e+01,2.247006e+01,2.292194e+01,2.327656e+01,2.317439e+01,2.393485e+01,2.330379e+01,2.299706e+01,2.347381e+01,2.361641e+01,2.277837e+01,2.217459e+01,2.180231e+01,2.185755e+01,2.198862e+01,2.170557e+01,2.166409e+01,2.167792e+01,2.172631e+01,2.165717e+01,2.179540e+01,2.165717e+01,2.178159e+01,2.220899e+01,2.261406e+01,2.304483e+01,2.310622e+01,2.259350e+01,2.285360e+01,2.295609e+01,2.355532e+01,2.417135e+01,2.482401e+01,2.521900e+01,2.467634e+01,2.423882e+01,2.398895e+01,2.319484e+01,2.283309e+01,2.293560e+01,2.277837e+01,2.249065e+01,2.236709e+01,2.237395e+01,2.256608e+01,2.254551e+01,2.240829e+01,2.215394e+01,2.179540e+01,2.180922e+01,2.182303e+01,2.198862e+01,2.192655e+01,2.178850e+01,2.151875e+01,2.174704e+01,2.175395e+01,2.171248e+01,2.167792e+01,2.163642e+01,2.167100e+01,2.167792e+01,2.167100e+01,2.173322e+01,2.172631e+01,2.173322e+01,2.176086e+01,2.170557e+01,2.174704e+01,2.164334e+01,2.163642e+01,2.155337e+01,2.173322e+01,2.171248e+01,2.173322e+01,2.159490e+01,2.156721e+01,2.158798e+01,2.168483e+01,2.175395e+01,2.178850e+01,2.166409e+01,2.169175e+01,2.164334e+01,2.161566e+01,2.164334e+01,2.166409e+01,2.167100e+01,2.167100e+01,2.193345e+01,2.165717e+01,2.160874e+01,2.162258e+01,2.167100e+01,2.167792e+01,2.161566e+01,2.166409e+01,2.158798e+01,2.166409e+01,2.164334e+01,2.156721e+01,2.159490e+01,2.166409e+01,2.158106e+01,2.158798e+01,2.158798e+01,2.162950e+01,2.160182e+01,2.151875e+01,2.155337e+01,2.155337e+01,2.161566e+01,2.149104e+01,2.149796e+01,2.156029e+01,2.156029e+01,2.157414e+01,2.155337e+01,2.146332e+01,2.151182e+01,2.156721e+01,2.168483e+01,2.170557e+01,2.165717e+01,2.174704e+01,2.160874e+01,2.167792e+01,2.167792e+01,2.174704e+01,2.169866e+01,2.177468e+01,2.171248e+01,2.168483e+01,2.165717e+01,2.169175e+01,2.166409e+01,2.173322e+01,2.172631e+01,2.174704e+01,2.178159e+01,2.184374e+01,2.166409e+01,2.160182e+01,2.171940e+01,2.172631e+01,2.169866e+01,2.167100e+01,2.172631e+01,2.174013e+01,2.176086e+01,2.167100e+01,2.165025e+01,2.166409e+01,2.160182e+01,2.158106e+01,2.156721e+01,2.159490e+01,2.169866e+01,2.157414e+01,2.159490e+01,2.177468e+01,2.174013e+01,2.165025e+01,2.171248e+01,2.162258e+01,2.164334e+01,2.168483e+01,2.161566e+01,2.167100e+01,2.168483e+01,2.169866e+01,2.158798e+01,2.171940e+01,2.167100e+01,2.174013e+01,2.174013e+01,2.185755e+01,2.171940e+01,2.180922e+01,2.171248e+01,2.176086e+01,2.162950e+01,2.174704e+01,2.185065e+01,2.176777e+01,2.179540e+01,2.174704e+01,2.181612e+01,2.178159e+01,2.180231e+01,2.182303e+01,2.184374e+01,2.181612e+01,2.202997e+01,2.184374e+01,2.182303e+01,2.181612e+01,2.180922e+01,2.176777e+01,2.165717e+01,2.170557e+01,2.176777e+01,2.173322e+01,2.171940e+01,2.171940e+01,2.178159e+01,2.173322e+01,2.179540e+01,2.171248e+01,2.176777e+01,2.172631e+01,2.169175e+01,2.172631e+01,2.168483e+01,2.160874e+01,2.162950e+01,2.173322e+01,2.166409e+01,2.172631e+01,2.166409e+01,2.164334e+01,2.174013e+01,2.169175e+01,2.158798e+01,2.151875e+01,2.162258e+01,2.161566e+01,2.152567e+01,2.159490e+01,2.159490e+01,2.158798e+01,2.160182e+01,2.158798e+01,2.166409e+01,2.148411e+01,2.142174e+01,2.154645e+01,2.144946e+01,2.142867e+01,2.147025e+01,2.144946e+01,2.154645e+01,2.143560e+01,2.138013e+01,2.149796e+01,2.147718e+01,2.140094e+01,2.128993e+01,2.149796e+01,2.149104e+01,2.142867e+01,2.127605e+01,2.140787e+01,2.128299e+01,2.140094e+01,2.144253e+01,2.139400e+01,2.142174e+01,2.151875e+01,2.130382e+01,2.147025e+01,2.141480e+01,2.142174e+01,2.149104e+01,2.156029e+01,2.161566e+01,2.144253e+01,2.151875e+01,2.153952e+01,2.157414e+01,2.160874e+01,2.158106e+01,2.158798e+01,2.136626e+01,2.140094e+01,2.142867e+01,2.157414e+01,2.156029e+01,2.154645e+01,2.153952e+01,2.158798e+01,2.161566e+01,2.160182e+01,2.152567e+01,2.167792e+01,2.162950e+01,2.166409e+01,2.165025e+01,2.168483e+01,2.167792e+01,2.173322e+01,2.171248e+01,2.168483e+01,2.165025e+01,2.162258e+01,2.173322e+01,2.178850e+01,2.161566e+01,2.168483e+01,2.153260e+01,2.158798e+01,2.167792e+01,2.161566e+01,2.167100e+01,2.174013e+01,2.167792e+01,2.171248e+01,2.172631e+01,2.167792e+01,2.174704e+01,2.174013e+01,2.175395e+01,2.171940e+01,2.174704e+01,2.180231e+01,2.175395e+01,2.166409e+01,2.180231e+01,2.163642e+01,2.167100e+01,2.176086e+01,2.179540e+01,2.175395e+01,2.185065e+01,2.189896e+01,2.184374e+01,2.187825e+01,2.185755e+01,2.195414e+01,2.197483e+01,2.191965e+01,2.193345e+01,2.218147e+01,2.205065e+01,2.194725e+01,2.194725e+01,2.210575e+01,2.207820e+01,2.200241e+01,2.191965e+01,2.216771e+01,2.202308e+01,2.201619e+01,2.200241e+01,2.207131e+01,2.204376e+01,2.207131e+01,2.201619e+01,2.216082e+01,2.233961e+01,2.207131e+01,2.224338e+01,2.210575e+01,2.209198e+01,2.205754e+01,2.211263e+01,2.210575e+01,2.211263e+01,2.197483e+01,2.169866e+01,2.187825e+01,2.193345e+01,2.197483e+01,2.189896e+01,2.179540e+01,2.198862e+01,2.200930e+01,2.179540e+01,2.188516e+01,2.196104e+01,2.195414e+01,2.176086e+01,2.189206e+01,2.178159e+01,2.183684e+01,2.176086e+01,2.171248e+01,2.177468e+01,2.165025e+01,2.180922e+01,2.158106e+01,2.176777e+01,2.176777e+01,2.178850e+01,2.174704e+01,2.162258e+01,2.161566e+01,2.171940e+01,2.160874e+01,2.157414e+01,2.170557e+01,2.154645e+01,2.160182e+01,2.165717e+01,2.152567e+01,2.151182e+01,2.158106e+01,2.161566e+01,2.137320e+01,2.154645e+01,2.141480e+01,2.135239e+01,2.138013e+01,2.140787e+01,2.133158e+01,2.138707e+01,2.141480e+01,2.136626e+01,2.142174e+01,2.152567e+01,2.151875e+01,2.147718e+01,2.152567e+01,2.149104e+01,2.140787e+01,2.153952e+01,2.162258e+01,2.149796e+01,2.148411e+01,2.165025e+01,2.151875e+01,2.142174e+01,2.163642e+01,2.150489e+01,2.149796e+01,2.149796e+01,2.147718e+01,2.154645e+01,2.156029e+01,2.149104e+01,2.162950e+01,2.159490e+01,2.151182e+01,2.152567e+01,2.149796e+01,2.164334e+01,2.154645e+01,2.154645e+01,2.159490e+01,2.151875e+01,2.154645e+01,2.153952e+01,2.138013e+01,2.151182e+01
2.320846e+01,2.316076e+01,2.316076e+01,2.321527e+01,2.333101e+01,2.321527e+01,2.325614e+01,2.335143e+01,2.329699e+01,2.328337e+01,2.348060e+01,2.326295e+01,2.326976e+01,2.342623e+01,2.339904e+01,2.347381e+01,2.346701e+01,2.346022e+01,2.346701e+01,2.367746e+01,2.347381e+01,2.347381e+01,2.348740e+01,2.353495e+01,2.354853e+01,2.351457e+01,2.336503e+01,2.334462e+01,2.337864e+01,2.354174e+01,2.335143e+01,2.339904e+01,2.339904e+01,2.341944e+01,2.352136e+01,2.353495e+01,2.335823e+01,2.352136e+01,2.337183e+01,2.356211e+01,2.352816e+01,2.352136e+01,2.346022e+01,2.344662e+01,2.356890e+01,2.337183e+01,2.344662e+01,2.336503e+01,2.331060e+01,2.326976e+01,2.348740e+01,2.341944e+01,2.350099e+01,2.343303e+01,2.347381e+01,2.343303e+01,2.346022e+01,2.354174e+01,2.326976e+01,2.345342e+01,2.342623e+01,2.342623e+01,2.367068e+01,2.342623e+01,2.337864e+01,2.337183e+01,2.337864e+01,2.334462e+01,2.338544e+01,2.352816e+01,2.333782e+01,2.343983e+01,2.338544e+01,2.336503e+01,2.348060e+01,2.336503e+01,2.363676e+01,2.364355e+01,2.358247e+01,2.358926e+01,2.347381e+01,2.354853e+01,2.352136e+01,2.343303e+01,2.364355e+01,2.346701e+01,2.366390e+01,2.344662e+01,2.363676e+01,2.352816e+01,2.357569e+01,2.350099e+01,2.357569e+01,2.355532e+01,2.362998e+01,2.350099e+01,2.350778e+01,2.361641e+01,2.346022e+01,2.366390e+01,2.352136e+01,2.341264e+01,2.341944e+01,2.346701e+01,2.367746e+01,2.349419e+01,2.350778e+01,2.349419e+01,2.343303e+01,2.348740e+01,2.317439e+01,2.320165e+01,2.338544e+01,2.341264e+01,2.319484e+01,2.321527e+01,2.320165e+01,2.301071e+01,2.304483e+01,2.294243e+01,2.326295e+01,2.340584e+01,2.279889e+01,2.233274e+01,2.202997e+01,2.201619e+01,2.200241e+01,2.192655e+01,2.186445e+01,2.187825e+01,2.188516e+01,2.205065e+01,2.197483e+01,2.193345e+01,2.195414e+01,2.207131e+01,2.213329e+01,2.211263e+01,2.223650e+01,2.209198e+01,2.227088e+01,2.276469e+01,2.273047e+01,2.257979e+01,2.260720e+01,2.277837e+01,2.257294e+01,2.264831e+01,2.249751e+01,2.268255e+01,2.276469e+01,2.265516e+01,2.290144e+01,2.276469e+01,2.242888e+01,2.235335e+01,2.219523e+01,2.214017e+01,2.229151e+01,2.211952e+01,2.212641e+01,2.207131e+01,2.216082e+01,2.212641e+01,2.201619e+01,2.205065e+01,2.202997e+01,2.231212e+01,2.209198e+01,2.202308e+01,2.216771e+01,2.250437e+01,2.253866e+01,2.272363e+01,2.301071e+01,2.381978e+01,2.411734e+01,2.355532e+01,2.388071e+01,2.476362e+01,2.470321e+01,2.398219e+01,2.362319e+01,2.358926e+01,2.348060e+01,2.289461e+01,2.266886e+01,2.285360e+01,2.291510e+01,2.285360e+01,2.291510e+01,2.314713e+01,2.326976e+01,2.320846e+01,2.273047e+01,2.247006e+01,2.234648e+01,2.245634e+01,2.255237e+01,2.300388e+01,2.369102e+01,2.429951e+01,2.369102e+01,2.296975e+01,2.265516e+01,2.211952e+01,2.180231e+01,2.167100e+01,2.167792e+01,2.162258e+01,2.181612e+01,2.185755e+01,2.182993e+01,2.178159e+01,2.175395e+01,2.175395e+01,2.177468e+01,2.188516e+01,2.180231e+01,2.206442e+01,2.182303e+01,2.207820e+01,2.229838e+01,2.255923e+01,2.285360e+01,2.317439e+01,2.321527e+01,2.322890e+01,2.323571e+01,2.297657e+01,2.324933e+01,2.376559e+01,2.396867e+01,2.311304e+01,2.288094e+01,2.282625e+01,2.260720e+01,2.244948e+01,2.232587e+01,2.249065e+01,2.242202e+01,2.250437e+01,2.235335e+01,2.222275e+01,2.194725e+01,2.174704e+01,2.179540e+01,2.196793e+01,2.186445e+01,2.176777e+01,2.174013e+01,2.169866e+01,2.165717e+01,2.162950e+01,2.168483e+01,2.164334e+01,2.165025e+01,2.152567e+01,2.165025e+01,2.156721e+01,2.164334e+01,2.171248e+01,2.166409e+01,2.153260e+01,2.167792e+01,2.160874e+01,2.169866e+01,2.162950e+01,2.168483e+01,2.162258e+01,2.168483e+01,2.156721e+01,2.156721e+01,2.174013e+01,2.155337e+01,2.171940e+01,2.166409e+01,2.156721e+01,2.162258e+01,2.167100e+01,2.171940e+01,2.167100e+01,2.169866e+01,2.168483e+01,2.178159e+01,2.154645e+01,2.149796e+01,2.172631e+01,2.176777e+01,2.167792e+01,2.160874e+01,2.162950e+01,2.171248e+01,2.162258e+01,2.166409e+01,2.165717e+01,2.165717e+01,2.162258e+01,2.171248e+01,2.159490e+01,2.158798e+01,2.162950e+01,2.162950e+01,2.158798e+01,2.165025e+01,2.151182e+01,2.177468e+01,2.151182e+01,2.153952e+01,2.156721e+01,2.158798e+01,2.153952e+01,2.156721e+01,2.154645e+01,2.152567e+01,2.150489e+01,2.169175e+01,2.156029e+01,2.158798e+01,2.161566e+01,2.167792e+01,2.161566e+01,2.169175e+01,2.175395e+01,2.171940e+01,2.156721e+01,2.169175e+01,2.169866e+01,2.185065e+01,2.170557e+01,2.165717e+01,2.171940e+01,2.164334e+01,2.171940e+01,2.173322e+01,2.167100e+01,2.168483e+01,2.167100e+01,2.154645e+01,2.180231e+01,2.166409e+01,2.175395e+01,2.162258e+01,2.175395e+01,2.168483e+01,2.160874e+01,2.165025e+01,2.162258e+01,2.160182e+01,2.169866e+01,2.160182e+01,2.173322e+01,2.173322e+01,2.157414e+01,2.161566e+01,2.174704e+01,2.178850e+01,2.165025e+01,2.151182e+01,2.161566e+01,2.163642e+01,2.166409e+01,2.169866e+01,2.166409e+01,2.175395e+01,2.171940e+01,2.175395e+01,2.173322e+01,2.160874e+01,2.180231e+01,2.172631e+01,2.171940e+01,2.174013e+01,2.165717e+01,2.165025e+01,2.174704e+01,2.191965e+01,2.172631e+01,2.184374e+01,2.193345e+01,2.182993e+01,2.180231e+01,2.178159e+01,2.181612e+01,2.183684e+01,2.188516e+01,2.176086e+01,2.180231e+01,2.174704e+01,2.176777e+01,2.185065e+01,2.167792e+01,2.171940e+01,2.181612e+01,2.175395e+01,2.174704e+01,2.181612e+01,2.173322e+01,2.180922e+01,2.166409e+01,2.176086e+01,2.175395e+01,2.170557e+01,2.180922e+01,2.171940e+01,2.169175e+01,2.178850e+01,2.167792e+01,2.169175e+01,2.168483e+01,2.164334e+01,2.169175e+01,2.170557e+01,2.158106e+01,2.174013e+01,2.173322e+01,2.169175e+01,2.162950e+01,2.153952e+01,2.163642e+01,2.162258e+01,2.163642e+01,2.162258e+01,2.162950e+01,2.165717e+01,2.153260e+01,2.155337e+01,2.160182e+01,2.158798e+01,2.171248e+01,2.149796e+01,2.137320e+01,2.143560e+01,2.149104e+01,2.148411e+01,2.148411e+01,2.147025e+01,2.150489e+01,2.151182e+01,2.151182e+01,2.135239e+01,2.147718e+01,2.140094e+01,2.139400e+01,2.147025e+01,2.144946e+01,2.140094e+01,2.142867e+01,2.147718e+01,2.139400e+01,2.151182e+01,2.140787e+01,2.142174e+01,2.143560e+01,2.143560e+01,2.144253e+01,2.142174e+01,2.151875e+01,2.155337e+01,2.153952e+01,2.147025e+01,2.146332e+01,2.146332e+01,2.151875e+01,2.154645e+01,2.140787e+01,2.154645e+01,2.154645e+01,2.140787e+01,2.156721e+01,2.154645e+01,2.157414e+01,2.166409e+01,2.152567e+01,2.154645e+01,2.149104e+01,2.155337e+01,2.160182e+01,2.154645e+01,2.152567e+01,2.161566e+01,2.165025e+01,2.156029e+01,2.169866e+01,2.164334e+01,2.156029e+01,2.165717e+01,2.155337e+01,2.172631e+01,2.171248e+01,2.174704e+01,2.161566e+01,2.167792e+01,2.158106e+01,2.153952e+01,2.170557e+01,2.171248e+01,2.159490e+01,2.185065e+01,2.172631e+01,2.163642e+01,2.175395e+01,2.165717e+01,2.162950e+01,2.170557e+01,2.175395e+01,2.173322e+01,2.178159e+01,2.165717e+01,2.165025e+01,2.169175e+01,2.176777e+01,2.180231e+01,2.183684e+01,2.162950e+01,2.174013e+01,2.168483e+01,2.182993e+01,2.183684e+01,2.190586e+01,2.191965e+01,2.184374e+01,2.184374e+01,2.186445e+01,2.195414e+01,2.188516e+01,2.189206e+01,2.194725e+01,2.219523e+01,2.210575e+01,2.208509e+01,2.214017e+01,2.196793e+01,2.208509e+01,2.203687e+01,2.216771e+01,2.196793e+01,2.206442e+01,2.211952e+01,2.200241e+01,2.206442e+01,2.211263e+01,2.211952e+01,2.209198e+01,2.214017e+01,2.215394e+01,2.214017e+01,2.200930e+01,2.209198e+01,2.211263e+01,2.198172e+01,2.207131e+01,2.209198e+01,2.196104e+01,2.192655e+01,2.195414e+01,2.207820e+01,2.201619e+01,2.191276e+01,2.189206e+01,2.185065e+01,2.182303e+01,2.187135e+01,2.196104e+01,2.192655e+01,2.196104e+01,2.184374e+01,2.185065e+01,2.190586e+01,2.187135e+01,2.188516e+01,2.186445e+01,2.184374e+01,2.167100e+01,2.158106e+01,2.167100e+01,2.168483e+01,2.165025e+01,2.176777e+01,2.168483e+01,2.162950e+01,2.163642e+01,2.163642e+01,2.165717e+01,2.157414e+01,2.162950e+01,2.158798e+01,2.156029e+01,2.151182e+01,2.158106e+01,2.156029e+01,2.150489e+01,2.157414e+01,2.136626e+01,2.140094e+01,2.155337e+01,2.140094e+01,2.136626e+01,2.140787e+01,2.140094e+01,2.133158e+01,2.140787e+01,2.138013e+01,2.150489e+01,2.142174e+01,2.148411e+01,2.154645e+01,2.152567e+01,2.149104e+01,2.151182e+01,2.126911e+01,2.174013e+01,2.157414e+01,2.151875e+01,2.151875e+01,2.155337e+01,2.156721e+01,2.154645e+01,2.142174e+01,2.151875e+01,2.158106e+01,2.151875e+01,2.153952e+01,2.152567e+01,2.150489e+01,2.162258e+01,2.162258e+01,2.141480e+01,2.161566e+01,2.146332e+01,2.155337e+01,2.151875e+01,2.151875e+01,2.153260e+01,2.158106e+01,2.152567e+01,2.139400e+01,2.155337e+01,2.148411e+01,2.152567e+01
2.307894e+01,2.313350e+01,2.340584e+01,2.332421e+01,2.333101e+01,2.323571e+01,2.322890e+01,2.327656e+01,2.343303e+01,2.346701e+01,2.325614e+01,2.319484e+01,2.326295e+01,2.335143e+01,2.326295e+01,2.326295e+01,2.339224e+01,2.347381e+01,2.348060e+01,2.350099e+01,2.349419e+01,2.348740e+01,2.346701e+01,2.350778e+01,2.341264e+01,2.344662e+01,2.331740e+01,2.336503e+01,2.348740e+01,2.331740e+01,2.339904e+01,2.341264e+01,2.343983e+01,2.331740e+01,2.342623e+01,2.324933e+01,2.346701e+01,2.355532e+01,2.348740e+01,2.354853e+01,2.354174e+01,2.358926e+01,2.350778e+01,2.355532e+01,2.354174e+01,2.352136e+01,2.351457e+01,2.348060e+01,2.347381e+01,2.340584e+01,2.337864e+01,2.346022e+01,2.350778e+01,2.350099e+01,2.348740e+01,2.344662e+01,2.344662e+01,2.346701e+01,2.342623e+01,2.342623e+01,2.341944e+01,2.350778e+01,2.339224e+01,2.339224e+01,2.334462e+01,2.350778e+01,2.343303e+01,2.344662e+01,2.337864e+01,2.334462e+01,2.345342e+01,2.339224e+01,2.337864e+01,2.339904e+01,2.348060e+01,2.329018e+01,2.345342e+01,2.336503e+01,2.364355e+01,2.339224e+01,2.357569e+01,2.346701e+01,2.346701e+01,2.344662e+01,2.362319e+01,2.341944e+01,2.348060e+01,2.352816e+01,2.349419e+01,2.351457e+01,2.353495e+01,2.352136e+01,2.352136e+01,2.369102e+01,2.367746e+01,2.363676e+01,2.360283e+01,2.362319e+01,2.359605e+01,2.358247e+01,2.343303e+01,2.343303e+01,2.345342e+01,2.347381e+01,2.343983e+01,2.349419e+01,2.346022e+01,2.339224e+01,2.348060e+01,2.344662e+01,2.323571e+01,2.335823e+01,2.337183e+01,2.314713e+01,2.330379e+01,2.307894e+01,2.303801e+01,2.305848e+01,2.286043e+01,2.293560e+01,2.320165e+01,2.341264e+01,2.285360e+01,2.231900e+01,2.211952e+01,2.216771e+01,2.206442e+01,2.191965e+01,2.187135e+01,2.191965e+01,2.188516e+01,2.202997e+01,2.200241e+01,2.205065e+01,2.196104e+01,2.210575e+01,2.198172e+01,2.219523e+01,2.213329e+01,2.227088e+01,2.249065e+01,2.248379e+01,2.268255e+01,2.265516e+01,2.254551e+01,2.264831e+01,2.266886e+01,2.262091e+01,2.260720e+01,2.264831e+01,2.272363e+01,2.275101e+01,2.257979e+01,2.256608e+01,2.257979e+01,2.253866e+01,2.233274e+01,2.249751e+01,2.244261e+01,2.259350e+01,2.259350e+01,2.251808e+01,2.251122e+01,2.228463e+01,2.192655e+01,2.231900e+01,2.212641e+01,2.200930e+01,2.209198e+01,2.203687e+01,2.244261e+01,2.252494e+01,2.275785e+01,2.322209e+01,2.412409e+01,2.465619e+01,2.513210e+01,2.513210e+01,2.522569e+01,2.456881e+01,2.388071e+01,2.363676e+01,2.351457e+01,2.348740e+01,2.286727e+01,2.266886e+01,2.270994e+01,2.302436e+01,2.302436e+01,2.281257e+01,2.296292e+01,2.290144e+01,2.326295e+01,2.357569e+01,2.285360e+01,2.267571e+01,2.250437e+01,2.257979e+01,2.319484e+01,2.434669e+01,2.452846e+01,2.369781e+01,2.282625e+01,2.224338e+01,2.194035e+01,2.171248e+01,2.171248e+01,2.184374e+01,2.167792e+01,2.180231e+01,2.182993e+01,2.182303e+01,2.183684e+01,2.195414e+01,2.203687e+01,2.218147e+01,2.217459e+01,2.211952e+01,2.181612e+01,2.205065e+01,2.204376e+01,2.233274e+01,2.249751e+01,2.288777e+01,2.333101e+01,2.355532e+01,2.328337e+01,2.279206e+01,2.280573e+01,2.293560e+01,2.320846e+01,2.381301e+01,2.333782e+01,2.281257e+01,2.239456e+01,2.200930e+01,2.213329e+01,2.227776e+01,2.236709e+01,2.251808e+01,2.228463e+01,2.252494e+01,2.248379e+01,2.227776e+01,2.200930e+01,2.187825e+01,2.176086e+01,2.179540e+01,2.192655e+01,2.172631e+01,2.179540e+01,2.174704e+01,2.170557e+01,2.160874e+01,2.162258e+01,2.164334e+01,2.166409e+01,2.165025e+01,2.167792e+01,2.163642e+01,2.154645e+01,2.167100e+01,2.174013e+01,2.160182e+01,2.174704e+01,2.171940e+01,2.162258e+01,2.168483e+01,2.153260e+01,2.162258e+01,2.161566e+01,2.163642e+01,2.159490e+01,2.172631e+01,2.179540e+01,2.155337e+01,2.162258e+01,2.176086e+01,2.167100e+01,2.159490e+01,2.167792e+01,2.169175e+01,2.174704e+01,2.187135e+01,2.167792e+01,2.161566e+01,2.165717e+01,2.165025e+01,2.177468e+01,2.172631e+01,2.158798e+01,2.160874e+01,2.165717e+01,2.178850e+01,2.171248e+01,2.153260e+01,2.168483e+01,2.154645e+01,2.160182e+01,2.158798e+01,2.159490e+01,2.162950e+01,2.165025e+01,2.162950e+01,2.158798e+01,2.157414e+01,2.154645e+01,2.151182e+01,2.160182e+01,2.156721e+01,2.158106e+01,2.160874e+01,2.156029e+01,2.150489e+01,2.154645e+01,2.172631e+01,2.146332e+01,2.157414e+01,2.160874e+01,2.160874e+01,2.164334e+01,2.161566e+01,2.165717e+01,2.171248e+01,2.170557e+01,2.167792e+01,2.175395e+01,2.174013e+01,2.165025e+01,2.169175e+01,2.167792e+01,2.169866e+01,2.162950e+01,2.173322e+01,2.170557e+01,2.169175e+01,2.157414e+01,2.169175e+01,2.169175e+01,2.166409e+01,2.167792e+01,2.162258e+01,2.166409e+01,2.174013e+01,2.162258e+01,2.173322e+01,2.156029e+01,2.160874e+01,2.162950e+01,2.157414e+01,2.154645e+01,2.174013e+01,2.176086e+01,2.168483e+01,2.155337e+01,2.166409e+01,2.150489e+01,2.168483e+01,2.160182e+01,2.165025e+01,2.164334e+01,2.169175e+01,2.170557e+01,2.151182e+01,2.176086e+01,2.169175e+01,2.171248e+01,2.175395e+01,2.160182e+01,2.167792e+01,2.176086e+01,2.182303e+01,2.181612e+01,2.177468e+01,2.184374e+01,2.171940e+01,2.172631e+01,2.185065e+01,2.182993e+01,2.175395e+01,2.177468e+01,2.182303e+01,2.178850e+01,2.176777e+01,2.176777e+01,2.177468e+01,2.185755e+01,2.178850e+01,2.176086e+01,2.175395e+01,2.180922e+01,2.181612e+01,2.178850e+01,2.182303e+01,2.171248e+01,2.170557e+01,2.171940e+01,2.169175e+01,2.167792e+01,2.183684e+01,2.181612e+01,2.171940e+01,2.171940e+01,2.180231e+01,2.172631e+01,2.171940e+01,2.176086e+01,2.167100e+01,2.170557e+01,2.172631e+01,2.167792e+01,2.169866e+01,2.169175e+01,2.173322e+01,2.164334e+01,2.173322e+01,2.167792e+01,2.174013e+01,2.167100e+01,2.168483e+01,2.163642e+01,2.169866e+01,2.147025e+01,2.161566e+01,2.146332e+01,2.160874e+01,2.165025e+01,2.158798e+01,2.156029e+01,2.153260e+01,2.148411e+01,2.151182e+01,2.147718e+01,2.152567e+01,2.149104e+01,2.148411e+01,2.135933e+01,2.139400e+01,2.149104e+01,2.140787e+01,2.139400e+01,2.139400e+01,2.139400e+01,2.140787e+01,2.152567e+01,2.144253e+01,2.147025e+01,2.134545e+01,2.140094e+01,2.138013e+01,2.124828e+01,2.142174e+01,2.142867e+01,2.143560e+01,2.142867e+01,2.143560e+01,2.159490e+01,2.159490e+01,2.139400e+01,2.160874e+01,2.149796e+01,2.144946e+01,2.149104e+01,2.151182e+01,2.136626e+01,2.159490e+01,2.163642e+01,2.167100e+01,2.164334e+01,2.157414e+01,2.139400e+01,2.162950e+01,2.158798e+01,2.154645e+01,2.144946e+01,2.163642e+01,2.152567e+01,2.157414e+01,2.155337e+01,2.167792e+01,2.162950e+01,2.171940e+01,2.162258e+01,2.161566e+01,2.169175e+01,2.182993e+01,2.156721e+01,2.165025e+01,2.164334e+01,2.162258e+01,2.169866e+01,2.180922e+01,2.159490e+01,2.152567e+01,2.171248e+01,2.155337e+01,2.186445e+01,2.170557e+01,2.151875e+01,2.169175e+01,2.167100e+01,2.170557e+01,2.168483e+01,2.167792e+01,2.174704e+01,2.169175e+01,2.174704e+01,2.185755e+01,2.179540e+01,2.186445e+01,2.169866e+01,2.174704e+01,2.169866e+01,2.179540e+01,2.186445e+01,2.184374e+01,2.184374e+01,2.191276e+01,2.187825e+01,2.182303e+01,2.187135e+01,2.180231e+01,2.189206e+01,2.196793e+01,2.190586e+01,2.202308e+01,2.196793e+01,2.203687e+01,2.191276e+01,2.198172e+01,2.180922e+01,2.209198e+01,2.209198e+01,2.209198e+01,2.214017e+01,2.205065e+01,2.194035e+01,2.214017e+01,2.205754e+01,2.221587e+01,2.200930e+01,2.211263e+01,2.205754e+01,2.209198e+01,2.211263e+01,2.209886e+01,2.205065e+01,2.216082e+01,2.192655e+01,2.212641e+01,2.212641e+01,2.212641e+01,2.205754e+01,2.187135e+01,2.214706e+01,2.198172e+01,2.198172e+01,2.194035e+01,2.193345e+01,2.186445e+01,2.189896e+01,2.177468e+01,2.184374e+01,2.185065e+01,2.186445e+01,2.182993e+01,2.183684e+01,2.177468e+01,2.182993e+01,2.187135e+01,2.167100e+01,2.169175e+01,2.169175e+01,2.180922e+01,2.184374e+01,2.158798e+01,2.161566e+01,2.173322e+01,2.167100e+01,2.168483e+01,2.163642e+01,2.165025e+01,2.165717e+01,2.161566e+01,2.167100e+01,2.156721e+01,2.158106e+01,2.156721e+01,2.153952e+01,2.159490e+01,2.161566e+01,2.154645e+01,2.144946e+01,2.138707e+01,2.137320e+01,2.139400e+01,2.138013e+01,2.135239e+01,2.139400e+01,2.143560e+01,2.142174e+01,2.131770e+01,2.142867e+01,2.139400e+01,2.149104e+01,2.160182e+01,2.162258e+01,2.148411e+01,2.153260e+01,2.149796e+01,2.162950e+01,2.152567e+01,2.154645e+01,2.162950e+01,2.139400e+01,2.168483e+01,2.135933e+01,2.165025e+01,2.156721e+01,2.166409e+01,2.158106e+01,2.151182e+01,2.157414e+01,2.153952e+01,2.150489e+01,2.156029e+01,2.158106e+01,2.161566e+01,2.161566e+01,2.138013e+01,2.154645e+01,2.160182e+01,2.163642e+01,2.141480e+01,2.157414e+01,2.153952e+01,2.140787e+01,2.151182e+01,2.148411e+01,2.138707e+01
2.339904e+01,2.316758e+01,2.339224e+01,2.326295e+01,2.326295e+01,2.339224e+01,2.324252e+01,2.320846e+01,2.343983e+01,2.333782e+01,2.332421e+01,2.322890e+01,2.332421e+01,2.327656e+01,2.348740e+01,2.344662e+01,2.346701e+01,2.329699e+01,2.347381e+01,2.346701e+01,2.349419e+01,2.352816e+01,2.351457e+01,2.351457e+01,2.345342e+01,2.350778e+01,2.337183e+01,2.335823e+01,2.338544e+01,2.344662e+01,2.348740e+01,2.331060e+01,2.346701e+01,2.346022e+01,2.337183e+01,2.349419e+01,2.347381e+01,2.352816e+01,2.352816e+01,2.351457e+01,2.355532e+01,2.355532e+01,2.358247e+01,2.352136e+01,2.356211e+01,2.348740e+01,2.352136e+01,2.350099e+01,2.351457e+01,2.347381e+01,2.341264e+01,2.350778e+01,2.343303e+01,2.350099e+01,2.358926e+01,2.349419e+01,2.357569e+01,2.347381e+01,2.346022e+01,2.343983e+01,2.356890e+01,2.339904e+01,2.341264e+01,2.344662e+01,2.343983e+01,2.356890e+01,2.325614e+01,2.332421e+01,2.325614e+01,2.320165e+01,2.325614e+01,2.343303e+01,2.341264e+01,2.328337e+01,2.344662e+01,2.341944e+01,2.338544e+01,2.309258e+01,2.360962e+01,2.340584e+01,2.364355e+01,2.345342e+01,2.351457e+01,2.357569e+01,2.361641e+01,2.344662e+01,2.326976e+01,2.356211e+01,2.357569e+01,2.356211e+01,2.358926e+01,2.358926e+01,2.346701e+01,2.356890e+01,2.354174e+01,2.349419e+01,2.348740e+01,2.351457e+01,2.348740e+01,2.356211e+01,2.349419e+01,2.347381e+01,2.343303e+01,2.360283e+01,2.346022e+01,2.351457e+01,2.346022e+01,2.352816e+01,2.344662e+01,2.334462e+01,2.338544e+01,2.335823e+01,2.332421e+01,2.335143e+01,2.306530e+01,2.318121e+01,2.305848e+01,2.303801e+01,2.289461e+01,2.288777e+01,2.309940e+01,2.341944e+01,2.288777e+01,2.234648e+01,2.199551e+01,2.197483e+01,2.180231e+01,2.210575e+01,2.205065e+01,2.191965e+01,2.202997e+01,2.187825e+01,2.194725e+01,2.201619e+01,2.189896e+01,2.211263e+01,2.205065e+01,2.208509e+01,2.209886e+01,2.211952e+01,2.228463e+01,2.265516e+01,2.259350e+01,2.255237e+01,2.275101e+01,2.253866e+01,2.272363e+01,2.257294e+01,2.253180e+01,2.248379e+01,2.246320e+01,2.260720e+01,2.280573e+01,2.286727e+01,2.283993e+01,2.258665e+01,2.274416e+01,2.274416e+01,2.291510e+01,2.260035e+01,2.283993e+01,2.262091e+01,2.213329e+01,2.195414e+01,2.205754e+01,2.202308e+01,2.191965e+01,2.205754e+01,2.196793e+01,2.216771e+01,2.248379e+01,2.256608e+01,2.283309e+01,2.378591e+01,2.463603e+01,2.507858e+01,2.517222e+01,2.514547e+01,2.458898e+01,2.393485e+01,2.410383e+01,2.390778e+01,2.339904e+01,2.363676e+01,2.339224e+01,2.337183e+01,2.365033e+01,2.366390e+01,2.285360e+01,2.288777e+01,2.286727e+01,2.290144e+01,2.314713e+01,2.266201e+01,2.265516e+01,2.263461e+01,2.273732e+01,2.296292e+01,2.421859e+01,2.506520e+01,2.425906e+01,2.326976e+01,2.269625e+01,2.209198e+01,2.185755e+01,2.177468e+01,2.192655e+01,2.176777e+01,2.163642e+01,2.182993e+01,2.186445e+01,2.223650e+01,2.191965e+01,2.236709e+01,2.290827e+01,2.349419e+01,2.290827e+01,2.239456e+01,2.227776e+01,2.227776e+01,2.261406e+01,2.255237e+01,2.259350e+01,2.293560e+01,2.329018e+01,2.347381e+01,2.320165e+01,2.281941e+01,2.257294e+01,2.281941e+01,2.331060e+01,2.280573e+01,2.214706e+01,2.180922e+01,2.181612e+01,2.159490e+01,2.157414e+01,2.150489e+01,2.182993e+01,2.200930e+01,2.236022e+01,2.242888e+01,2.229838e+01,2.227776e+01,2.227088e+01,2.200241e+01,2.183684e+01,2.151875e+01,2.171940e+01,2.176777e+01,2.156029e+01,2.171248e+01,2.168483e+01,2.160874e+01,2.167100e+01,2.165025e+01,2.162950e+01,2.166409e+01,2.167792e+01,2.168483e+01,2.167100e+01,2.167792e+01,2.153952e+01,2.173322e+01,2.174013e+01,2.165025e+01,2.163642e+01,2.165025e+01,2.164334e+01,2.169175e+01,2.162258e+01,2.167792e+01,2.153260e+01,2.171248e+01,2.176777e+01,2.173322e+01,2.178159e+01,2.155337e+01,2.171248e+01,2.170557e+01,2.172631e+01,2.168483e+01,2.169866e+01,2.169175e+01,2.169175e+01,2.169866e+01,2.168483e+01,2.174013e+01,2.169866e+01,2.163642e+01,2.166409e+01,2.173322e+01,2.171940e+01,2.166409e+01,2.169866e+01,2.165025e+01,2.156029e+01,2.165025e+01,2.156029e+01,2.160182e+01,2.157414e+01,2.156029e+01,2.159490e+01,2.169866e+01,2.169175e+01,2.164334e+01,2.157414e+01,2.151182e+01,2.147025e+01,2.157414e+01,2.162258e+01,2.155337e+01,2.153260e+01,2.153952e+01,2.149796e+01,2.169866e+01,2.155337e+01,2.166409e+01,2.158798e+01,2.156029e+01,2.161566e+01,2.157414e+01,2.169175e+01,2.169866e+01,2.159490e+01,2.165717e+01,2.170557e+01,2.165717e+01,2.168483e+01,2.176086e+01,2.164334e+01,2.166409e+01,2.166409e+01,2.182993e+01,2.158798e+01,2.168483e+01,2.162950e+01,2.177468e+01,2.163642e+01,2.176777e+01,2.165717e+01,2.167792e+01,2.167100e+01,2.169175e+01,2.165025e+01,2.164334e+01,2.160874e+01,2.162258e+01,2.157414e+01,2.165025e+01,2.160874e+01,2.175395e+01,2.174704e+01,2.162950e+01,2.161566e+01,2.170557e+01,2.169866e+01,2.165717e+01,2.172631e+01,2.153952e+01,2.176086e+01,2.171248e+01,2.166409e+01,2.181612e+01,2.176086e+01,2.173322e+01,2.174704e+01,2.179540e+01,2.177468e+01,2.160874e+01,2.170557e+01,2.172631e+01,2.174013e+01,2.175395e+01,2.174704e+01,2.185755e+01,2.169866e+01,2.178850e+01,2.182303e+01,2.196104e+01,2.181612e+01,2.177468e+01,2.178850e+01,2.180922e+01,2.180231e+01,2.178850e+01,2.189896e+01,2.183684e+01,2.187825e+01,2.174704e+01,2.187135e+01,2.178850e+01,2.178159e+01,2.174013e+01,2.170557e+01,2.173322e+01,2.181612e+01,2.174013e+01,2.180231e+01,2.180922e+01,2.172631e+01,2.182303e+01,2.149796e+01,2.181612e+01,2.170557e+01,2.172631e+01,2.170557e+01,2.167792e+01,2.167792e+01,2.171940e+01,2.160874e+01,2.173322e+01,2.165717e+01,2.160182e+01,2.161566e+01,2.166409e+01,2.165025e+01,2.162258e+01,2.160182e+01,2.156029e+01,2.181612e+01,2.159490e+01,2.160182e+01,2.165717e+01,2.165025e+01,2.161566e+01,2.150489e+01,2.153260e+01,2.148411e+01,2.141480e+01,2.152567e+01,2.148411e+01,2.156721e+01,2.150489e+01,2.165717e+01,2.140094e+01,2.149104e+01,2.150489e+01,2.137320e+01,2.149104e+01,2.142867e+01,2.128299e+01,2.147718e+01,2.142867e+01,2.158106e+01,2.155337e+01,2.151875e+01,2.147718e+01,2.137320e+01,2.124828e+01,2.135933e+01,2.146332e+01,2.141480e+01,2.149796e+01,2.144253e+01,2.158106e+01,2.155337e+01,2.149104e+01,2.147025e+01,2.147718e+01,2.148411e+01,2.150489e+01,2.156721e+01,2.136626e+01,2.153952e+01,2.155337e+01,2.163642e+01,2.166409e+01,2.143560e+01,2.163642e+01,2.153952e+01,2.160182e+01,2.148411e+01,2.149104e+01,2.151182e+01,2.152567e+01,2.153260e+01,2.151182e+01,2.157414e+01,2.156721e+01,2.173322e+01,2.167100e+01,2.161566e+01,2.169866e+01,2.160182e+01,2.167792e+01,2.165717e+01,2.165717e+01,2.169175e+01,2.170557e+01,2.171248e+01,2.165025e+01,2.168483e+01,2.172631e+01,2.181612e+01,2.174013e+01,2.171940e+01,2.156721e+01,2.167792e+01,2.187135e+01,2.185755e+01,2.167100e+01,2.170557e+01,2.169175e+01,2.171940e+01,2.171248e+01,2.172631e+01,2.174013e+01,2.176086e+01,2.190586e+01,2.178159e+01,2.175395e+01,2.185755e+01,2.178850e+01,2.176086e+01,2.175395e+01,2.176086e+01,2.176777e+01,2.183684e+01,2.187135e+01,2.198172e+01,2.181612e+01,2.198172e+01,2.202997e+01,2.194725e+01,2.198862e+01,2.201619e+01,2.200241e+01,2.211952e+01,2.203687e+01,2.206442e+01,2.204376e+01,2.220899e+01,2.211263e+01,2.214706e+01,2.206442e+01,2.207131e+01,2.219523e+01,2.200930e+01,2.198172e+01,2.199551e+01,2.200930e+01,2.202997e+01,2.209886e+01,2.212641e+01,2.211263e+01,2.212641e+01,2.207820e+01,2.218147e+01,2.205065e+01,2.201619e+01,2.206442e+01,2.209886e+01,2.214017e+01,2.198172e+01,2.200930e+01,2.198172e+01,2.193345e+01,2.191276e+01,2.187135e+01,2.198172e+01,2.200930e+01,2.156721e+01,2.198862e+01,2.173322e+01,2.184374e+01,2.196793e+01,2.180922e+01,2.181612e+01,2.176777e+01,2.182303e+01,2.185065e+01,2.182303e+01,2.177468e+01,2.184374e+01,2.166409e+01,2.176777e+01,2.162950e+01,2.165717e+01,2.171248e+01,2.166409e+01,2.169175e+01,2.168483e+01,2.165717e+01,2.161566e+01,2.158798e+01,2.156721e+01,2.149796e+01,2.137320e+01,2.153260e+01,2.142174e+01,2.142867e+01,2.138013e+01,2.151875e+01,2.139400e+01,2.140094e+01,2.139400e+01,2.143560e+01,2.135239e+01,2.147025e+01,2.133851e+01,2.133158e+01,2.141480e+01,2.130382e+01,2.133158e+01,2.162950e+01,2.155337e+01,2.144946e+01,2.126911e+01,2.161566e+01,2.164334e+01,2.155337e+01,2.163642e+01,2.154645e+01,2.165025e+01,2.151875e+01,2.169866e+01,2.170557e+01,2.166409e+01,2.158798e+01,2.195414e+01,2.167792e+01,2.136626e+01,2.165025e+01,2.158798e+01,2.158798e+01,2.165025e+01,2.159490e+01,2.159490e+01,2.183684e+01,2.162258e+01,2.153952e+01,2.155337e+01,2.157414e+01,2.154645e+01,2.151875e+01,2.164334e+01,2.150489e+01,2.164334e+01,2.117881e+01
2.320165e+01,2.316758e+01,2.322209e+01,2.304483e+01,2.328337e+01,2.339904e+01,2.320165e+01,2.334462e+01,2.318802e+01,2.333782e+01,2.318121e+01,2.335143e+01,2.341944e+01,2.329699e+01,2.328337e+01,2.331060e+01,2.348060e+01,2.323571e+01,2.350099e+01,2.356890e+01,2.349419e+01,2.348060e+01,2.358247e+01,2.348060e+01,2.328337e+01,2.353495e+01,2.340584e+01,2.348740e+01,2.339224e+01,2.331740e+01,2.349419e+01,2.337183e+01,2.344662e+01,2.339904e+01,2.351457e+01,2.348060e+01,2.345342e+01,2.342623e+01,2.345342e+01,2.353495e+01,2.340584e+01,2.350099e+01,2.343983e+01,2.355532e+01,2.338544e+01,2.336503e+01,2.350778e+01,2.339904e+01,2.344662e+01,2.353495e+01,2.350099e+01,2.353495e+01,2.333782e+01,2.355532e+01,2.358247e+01,2.339904e+01,2.348740e+01,2.346022e+01,2.345342e+01,2.356211e+01,2.346701e+01,2.344662e+01,2.336503e+01,2.340584e+01,2.321527e+01,2.347381e+01,2.341944e+01,2.331060e+01,2.331060e+01,2.322890e+01,2.345342e+01,2.331060e+01,2.340584e+01,2.339224e+01,2.335143e+01,2.362998e+01,2.339224e+01,2.338544e+01,2.351457e+01,2.335143e+01,2.360962e+01,2.358247e+01,2.347381e+01,2.341944e+01,2.345342e+01,2.340584e+01,2.326295e+01,2.352136e+01,2.358247e+01,2.339904e+01,2.355532e+01,2.356211e+01,2.356211e+01,2.349419e+01,2.350099e+01,2.349419e+01,2.348740e+01,2.348060e+01,2.348740e+01,2.343983e+01,2.345342e+01,2.343983e+01,2.344662e+01,2.341944e+01,2.353495e+01,2.350778e+01,2.339904e+01,2.341944e+01,2.336503e+01,2.347381e+01,2.340584e+01,2.332421e+01,2.331740e+01,2.329699e+01,2.329699e+01,2.315395e+01,2.319484e+01,2.294243e+01,2.286043e+01,2.288777e+01,2.314713e+01,2.310622e+01,2.305165e+01,2.228463e+01,2.200930e+01,2.198172e+01,2.211263e+01,2.192655e+01,2.191276e+01,2.197483e+01,2.198172e+01,2.187825e+01,2.189206e+01,2.190586e+01,2.205065e+01,2.209198e+01,2.205065e+01,2.205065e+01,2.200241e+01,2.214017e+01,2.217459e+01,2.253866e+01,2.266201e+01,2.259350e+01,2.260720e+01,2.252494e+01,2.255923e+01,2.251122e+01,2.249065e+01,2.242888e+01,2.247006e+01,2.233961e+01,2.279889e+01,2.339224e+01,2.320165e+01,2.282625e+01,2.274416e+01,2.286043e+01,2.292194e+01,2.292194e+01,2.283993e+01,2.233961e+01,2.200930e+01,2.198172e+01,2.212641e+01,2.197483e+01,2.209198e+01,2.236709e+01,2.222275e+01,2.236709e+01,2.249751e+01,2.273732e+01,2.288094e+01,2.346022e+01,2.348060e+01,2.346701e+01,2.381978e+01,2.383332e+01,2.392808e+01,2.411059e+01,2.434669e+01,2.442078e+01,2.444098e+01,2.349419e+01,2.305165e+01,2.309940e+01,2.347381e+01,2.290144e+01,2.279889e+01,2.286043e+01,2.277153e+01,2.279206e+01,2.262091e+01,2.249751e+01,2.246320e+01,2.252494e+01,2.278522e+01,2.335823e+01,2.430625e+01,2.425906e+01,2.362998e+01,2.299023e+01,2.230525e+01,2.208509e+01,2.209886e+01,2.176086e+01,2.176777e+01,2.182303e+01,2.176086e+01,2.184374e+01,2.188516e+01,2.229838e+01,2.260720e+01,2.372492e+01,2.495807e+01,2.407681e+01,2.333101e+01,2.330379e+01,2.324252e+01,2.319484e+01,2.287410e+01,2.260035e+01,2.313350e+01,2.396190e+01,2.357569e+01,2.294243e+01,2.271679e+01,2.270309e+01,2.266886e+01,2.233274e+01,2.205065e+01,2.184374e+01,2.184374e+01,2.158798e+01,2.157414e+01,2.128299e+01,2.128299e+01,2.139400e+01,2.126217e+01,2.143560e+01,2.160182e+01,2.174013e+01,2.197483e+01,2.198172e+01,2.203687e+01,2.184374e+01,2.176777e+01,2.173322e+01,2.171248e+01,2.180231e+01,2.167100e+01,2.160182e+01,2.166409e+01,2.164334e+01,2.160182e+01,2.167100e+01,2.178159e+01,2.162950e+01,2.165717e+01,2.156029e+01,2.161566e+01,2.158798e+01,2.171248e+01,2.165025e+01,2.139400e+01,2.163642e+01,2.163642e+01,2.167792e+01,2.148411e+01,2.152567e+01,2.174013e+01,2.178159e+01,2.158798e+01,2.174013e+01,2.153260e+01,2.160182e+01,2.162258e+01,2.159490e+01,2.171248e+01,2.173322e+01,2.156029e+01,2.154645e+01,2.173322e+01,2.170557e+01,2.174013e+01,2.163642e+01,2.158798e+01,2.154645e+01,2.189896e+01,2.171940e+01,2.177468e+01,2.172631e+01,2.173322e+01,2.160874e+01,2.180922e+01,2.167100e+01,2.165025e+01,2.164334e+01,2.167100e+01,2.165025e+01,2.158106e+01,2.152567e+01,2.157414e+01,2.157414e+01,2.167100e+01,2.147718e+01,2.156721e+01,2.160874e+01,2.148411e+01,2.161566e+01,2.167100e+01,2.150489e+01,2.151875e+01,2.162258e+01,2.152567e+01,2.150489e+01,2.149796e+01,2.172631e+01,2.166409e+01,2.164334e+01,2.160874e+01,2.160182e+01,2.165025e+01,2.174013e+01,2.160874e+01,2.167792e+01,2.169866e+01,2.169866e+01,2.172631e+01,2.162950e+01,2.167100e+01,2.167100e+01,2.153952e+01,2.166409e+01,2.165717e+01,2.151875e+01,2.157414e+01,2.163642e+01,2.178159e+01,2.173322e+01,2.167100e+01,2.168483e+01,2.165025e+01,2.162950e+01,2.165717e+01,2.164334e+01,2.156721e+01,2.155337e+01,2.165025e+01,2.165717e+01,2.163642e+01,2.168483e+01,2.175395e+01,2.175395e+01,2.159490e+01,2.171248e+01,2.165025e+01,2.166409e+01,2.162258e+01,2.162258e+01,2.172631e+01,2.165025e+01,2.183684e+01,2.160182e+01,2.174013e+01,2.174704e+01,2.173322e+01,2.175395e+01,2.178850e+01,2.171248e+01,2.170557e+01,2.172631e+01,2.166409e+01,2.174704e+01,2.171940e+01,2.198172e+01,2.187825e+01,2.187825e+01,2.187825e+01,2.185755e+01,2.198172e+01,2.190586e+01,2.181612e+01,2.178159e+01,2.177468e+01,2.174013e+01,2.174704e+01,2.185065e+01,2.179540e+01,2.179540e+01,2.180231e+01,2.178850e+01,2.182993e+01,2.165025e+01,2.175395e+01,2.175395e+01,2.184374e+01,2.176777e+01,2.183684e+01,2.182993e+01,2.168483e+01,2.168483e+01,2.169175e+01,2.177468e+01,2.173322e+01,2.174704e+01,2.169175e+01,2.170557e+01,2.168483e+01,2.169175e+01,2.162950e+01,2.173322e+01,2.158106e+01,2.176777e+01,2.157414e+01,2.162258e+01,2.174013e+01,2.162950e+01,2.162258e+01,2.160874e+01,2.164334e+01,2.159490e+01,2.165717e+01,2.162258e+01,2.164334e+01,2.163642e+01,2.158798e+01,2.138013e+01,2.154645e+01,2.149104e+01,2.156721e+01,2.174013e+01,2.147025e+01,2.151182e+01,2.155337e+01,2.146332e+01,2.150489e+01,2.144946e+01,2.147025e+01,2.144253e+01,2.140094e+01,2.147718e+01,2.145639e+01,2.128299e+01,2.152567e+01,2.138707e+01,2.133851e+01,2.126911e+01,2.138013e+01,2.142867e+01,2.133851e+01,2.138707e+01,2.140787e+01,2.157414e+01,2.143560e+01,2.146332e+01,2.147025e+01,2.139400e+01,2.151182e+01,2.157414e+01,2.143560e+01,2.150489e+01,2.143560e+01,2.153952e+01,2.155337e+01,2.156029e+01,2.142867e+01,2.167792e+01,2.160874e+01,2.152567e+01,2.166409e+01,2.165717e+01,2.151875e+01,2.166409e+01,2.160874e+01,2.154645e+01,2.147718e+01,2.147025e+01,2.174704e+01,2.169866e+01,2.159490e+01,2.169866e+01,2.176777e+01,2.169866e+01,2.174013e+01,2.174013e+01,2.169175e+01,2.171940e+01,2.171248e+01,2.172631e+01,2.174704e+01,2.169175e+01,2.182993e+01,2.176777e+01,2.184374e+01,2.171940e+01,2.156721e+01,2.163642e+01,2.171248e+01,2.174013e+01,2.170557e+01,2.182303e+01,2.191276e+01,2.169866e+01,2.171248e+01,2.174704e+01,2.188516e+01,2.177468e+01,2.169175e+01,2.187135e+01,2.178159e+01,2.189896e+01,2.183684e+01,2.179540e+01,2.184374e+01,2.185755e+01,2.192655e+01,2.198862e+01,2.178159e+01,2.187825e+01,2.180231e+01,2.182303e+01,2.183684e+01,2.206442e+01,2.198862e+01,2.205754e+01,2.195414e+01,2.182303e+01,2.209886e+01,2.203687e+01,2.206442e+01,2.210575e+01,2.202997e+01,2.211263e+01,2.210575e+01,2.218147e+01,2.209886e+01,2.209198e+01,2.196793e+01,2.198172e+01,2.199551e+01,2.211952e+01,2.208509e+01,2.209886e+01,2.214017e+01,2.212641e+01,2.212641e+01,2.209198e+01,2.207131e+01,2.205754e+01,2.193345e+01,2.203687e+01,2.200930e+01,2.185065e+01,2.195414e+01,2.193345e+01,2.195414e+01,2.191276e+01,2.194035e+01,2.196104e+01,2.187825e+01,2.187135e+01,2.193345e+01,2.185755e+01,2.191965e+01,2.190586e+01,2.178850e+01,2.176086e+01,2.178850e+01,2.182993e+01,2.166409e+01,2.187135e+01,2.153260e+01,2.153260e+01,2.165717e+01,2.174013e+01,2.168483e+01,2.162950e+01,2.172631e+01,2.174704e+01,2.164334e+01,2.161566e+01,2.144253e+01,2.165025e+01,2.158798e+01,2.156721e+01,2.164334e+01,2.140787e+01,2.158106e+01,2.142174e+01,2.142867e+01,2.137320e+01,2.143560e+01,2.140787e+01,2.139400e+01,2.142174e+01,2.138013e+01,2.133851e+01,2.131076e+01,2.147025e+01,2.129688e+01,2.127605e+01,2.136626e+01,2.151182e+01,2.144946e+01,2.163642e+01,2.151875e+01,2.159490e+01,2.144253e+01,2.152567e+01,2.159490e+01,2.162950e+01,2.152567e+01,2.160874e+01,2.171248e+01,2.161566e+01,2.169175e+01,2.161566e+01,2.158798e+01,2.135239e+01,2.177468e+01,2.153260e+01,2.156721e+01,2.156029e+01,2.170557e+01,2.158106e+01,2.144253e+01,2.151182e+01,2.143560e+01,2.155337e+01,2.155337e+01,2.153260e+01,2.156721e+01,2.152567e+01,2.158798e+01,2.162258e+01,2.162258e+01,2.164334e+01,2.164334e+01,2.162950e+01
2.318121e+01,2.320846e+01,2.309940e+01,2.311986e+01,2.306530e+01,2.322890e+01,2.339904e+01,2.319484e+01,2.318802e+01,2.320846e+01,2.332421e+01,2.329699e+01,2.339904e+01,2.331740e+01,2.341944e+01,2.333782e+01,2.343303e+01,2.348060e+01,2.347381e+01,2.347381e+01,2.350099e+01,2.357569e+01,2.347381e+01,2.355532e+01,2.350778e+01,2.353495e+01,2.351457e+01,2.351457e+01,2.348740e+01,2.337864e+01,2.346701e+01,2.332421e+01,2.347381e+01,2.331060e+01,2.324252e+01,2.339224e+01,2.344662e+01,2.344662e+01,2.333782e+01,2.351457e+01,2.351457e+01,2.346022e+01,2.342623e+01,2.340584e+01,2.356211e+01,2.347381e+01,2.352136e+01,2.331060e+01,2.341944e+01,2.346701e+01,2.354853e+01,2.354174e+01,2.331740e+01,2.333101e+01,2.349419e+01,2.353495e+01,2.350778e+01,2.352136e+01,2.335823e+01,2.345342e+01,2.341264e+01,2.350778e+01,2.340584e+01,2.351457e+01,2.348740e+01,2.344662e+01,2.347381e+01,2.349419e+01,2.343303e+01,2.333782e+01,2.343303e+01,2.339904e+01,2.335823e+01,2.339904e+01,2.331060e+01,2.343983e+01,2.344662e+01,2.339904e+01,2.341944e+01,2.343303e+01,2.360962e+01,2.335143e+01,2.337864e+01,2.342623e+01,2.346701e+01,2.363676e+01,2.331060e+01,2.356211e+01,2.337864e+01,2.342623e+01,2.358926e+01,2.345342e+01,2.355532e+01,2.350099e+01,2.351457e+01,2.350778e+01,2.369102e+01,2.360962e+01,2.348740e+01,2.344662e+01,2.350099e+01,2.350099e+01,2.341944e+01,2.339224e+01,2.341944e+01,2.362319e+01,2.341264e+01,2.331740e+01,2.333782e+01,2.331740e+01,2.312668e+01,2.330379e+01,2.329699e+01,2.335143e+01,2.330379e+01,2.324933e+01,2.313350e+01,2.283309e+01,2.287410e+01,2.279889e+01,2.288777e+01,2.329699e+01,2.310622e+01,2.231900e+01,2.210575e+01,2.200241e+01,2.193345e+01,2.194035e+01,2.197483e+01,2.194035e+01,2.178159e+01,2.198172e+01,2.193345e+01,2.198172e+01,2.194725e+01,2.200930e+01,2.190586e+01,2.216082e+01,2.211263e+01,2.227088e+01,2.213329e+01,2.227088e+01,2.270994e+01,2.264146e+01,2.219523e+01,2.256608e+01,2.264146e+01,2.256608e+01,2.262091e+01,2.245634e+01,2.244948e+01,2.242888e+01,2.268940e+01,2.287410e+01,2.287410e+01,2.278522e+01,2.262776e+01,2.289461e+01,2.307894e+01,2.292194e+01,2.247692e+01,2.243575e+01,2.219523e+01,2.227088e+01,2.211952e+01,2.229838e+01,2.244261e+01,2.238082e+01,2.253866e+01,2.251122e+01,2.267571e+01,2.268940e+01,2.288094e+01,2.316076e+01,2.315395e+01,2.331740e+01,2.337864e+01,2.333101e+01,2.402275e+01,2.466291e+01,2.464947e+01,2.369781e+01,2.298340e+01,2.238082e+01,2.246320e+01,2.261406e+01,2.283309e+01,2.270994e+01,2.283309e+01,2.274416e+01,2.277837e+01,2.264831e+01,2.261406e+01,2.245634e+01,2.242888e+01,2.249065e+01,2.262091e+01,2.315395e+01,2.308576e+01,2.316758e+01,2.292194e+01,2.326295e+01,2.296292e+01,2.229838e+01,2.232587e+01,2.210575e+01,2.225713e+01,2.218147e+01,2.187135e+01,2.192655e+01,2.219523e+01,2.251122e+01,2.334462e+01,2.468306e+01,2.386718e+01,2.350099e+01,2.445445e+01,2.462259e+01,2.445445e+01,2.400247e+01,2.317439e+01,2.266886e+01,2.263461e+01,2.294926e+01,2.275101e+01,2.275785e+01,2.301753e+01,2.305165e+01,2.264146e+01,2.212641e+01,2.186445e+01,2.160874e+01,2.151875e+01,2.133158e+01,2.148411e+01,2.146332e+01,2.128299e+01,2.111625e+01,2.135933e+01,2.126911e+01,2.133851e+01,2.135933e+01,2.167100e+01,2.175395e+01,2.176777e+01,2.175395e+01,2.175395e+01,2.153952e+01,2.179540e+01,2.154645e+01,2.167792e+01,2.180231e+01,2.165717e+01,2.176777e+01,2.158106e+01,2.167792e+01,2.164334e+01,2.169175e+01,2.166409e+01,2.159490e+01,2.164334e+01,2.166409e+01,2.162950e+01,2.165025e+01,2.168483e+01,2.171940e+01,2.167100e+01,2.158106e+01,2.164334e+01,2.159490e+01,2.174704e+01,2.174704e+01,2.160182e+01,2.158106e+01,2.173322e+01,2.169866e+01,2.170557e+01,2.167100e+01,2.164334e+01,2.159490e+01,2.170557e+01,2.172631e+01,2.175395e+01,2.169175e+01,2.166409e+01,2.153260e+01,2.156029e+01,2.166409e+01,2.169866e+01,2.171248e+01,2.157414e+01,2.175395e+01,2.172631e+01,2.171248e+01,2.168483e+01,2.168483e+01,2.167100e+01,2.161566e+01,2.156721e+01,2.162950e+01,2.155337e+01,2.171940e+01,2.164334e+01,2.163642e+01,2.156721e+01,2.156721e+01,2.152567e+01,2.154645e+01,2.156029e+01,2.165025e+01,2.157414e+01,2.156029e+01,2.149104e+01,2.173322e+01,2.151875e+01,2.156721e+01,2.158798e+01,2.150489e+01,2.159490e+01,2.171940e+01,2.160182e+01,2.177468e+01,2.171940e+01,2.172631e+01,2.169866e+01,2.167792e+01,2.171940e+01,2.165025e+01,2.169866e+01,2.167792e+01,2.168483e+01,2.168483e+01,2.169175e+01,2.154645e+01,2.160874e+01,2.160182e+01,2.156721e+01,2.166409e+01,2.176777e+01,2.164334e+01,2.168483e+01,2.175395e+01,2.166409e+01,2.173322e+01,2.167792e+01,2.162258e+01,2.169866e+01,2.155337e+01,2.167792e+01,2.168483e+01,2.169175e+01,2.167792e+01,2.196104e+01,2.176086e+01,2.162950e+01,2.164334e+01,2.166409e+01,2.179540e+01,2.187825e+01,2.169866e+01,2.170557e+01,2.171248e+01,2.170557e+01,2.154645e+01,2.171940e+01,2.178159e+01,2.178159e+01,2.176777e+01,2.187135e+01,2.185755e+01,2.167792e+01,2.174704e+01,2.179540e+01,2.180922e+01,2.169866e+01,2.185755e+01,2.178159e+01,2.178159e+01,2.183684e+01,2.194725e+01,2.182993e+01,2.182993e+01,2.193345e+01,2.178850e+01,2.178850e+01,2.177468e+01,2.182303e+01,2.172631e+01,2.183684e+01,2.181612e+01,2.181612e+01,2.179540e+01,2.180231e+01,2.169175e+01,2.179540e+01,2.178850e+01,2.178159e+01,2.172631e+01,2.173322e+01,2.191965e+01,2.168483e+01,2.168483e+01,2.169175e+01,2.180922e+01,2.168483e+01,2.163642e+01,2.165025e+01,2.172631e+01,2.171248e+01,2.163642e+01,2.188516e+01,2.174704e+01,2.148411e+01,2.158798e+01,2.172631e+01,2.174704e+01,2.167100e+01,2.159490e+01,2.159490e+01,2.161566e+01,2.164334e+01,2.171940e+01,2.175395e+01,2.178159e+01,2.165025e+01,2.165717e+01,2.164334e+01,2.158106e+01,2.156721e+01,2.156721e+01,2.156721e+01,2.156721e+01,2.148411e+01,2.157414e+01,2.149796e+01,2.144253e+01,2.147025e+01,2.145639e+01,2.153260e+01,2.146332e+01,2.153952e+01,2.137320e+01,2.156721e+01,2.142867e+01,2.135239e+01,2.130382e+01,2.146332e+01,2.145639e+01,2.138013e+01,2.146332e+01,2.140787e+01,2.138707e+01,2.140094e+01,2.149796e+01,2.144253e+01,2.144253e+01,2.148411e+01,2.156029e+01,2.152567e+01,2.163642e+01,2.148411e+01,2.153260e+01,2.165025e+01,2.153952e+01,2.155337e+01,2.162258e+01,2.151875e+01,2.158798e+01,2.168483e+01,2.162258e+01,2.167100e+01,2.164334e+01,2.163642e+01,2.170557e+01,2.160874e+01,2.167792e+01,2.161566e+01,2.167792e+01,2.162258e+01,2.174013e+01,2.165717e+01,2.180922e+01,2.173322e+01,2.156029e+01,2.178850e+01,2.146332e+01,2.169175e+01,2.177468e+01,2.173322e+01,2.182303e+01,2.170557e+01,2.165025e+01,2.174013e+01,2.167792e+01,2.181612e+01,2.176777e+01,2.187135e+01,2.170557e+01,2.165025e+01,2.180922e+01,2.171940e+01,2.172631e+01,2.169175e+01,2.167100e+01,2.169866e+01,2.174704e+01,2.193345e+01,2.187825e+01,2.178159e+01,2.181612e+01,2.185065e+01,2.187825e+01,2.186445e+01,2.187825e+01,2.183684e+01,2.188516e+01,2.187825e+01,2.187825e+01,2.177468e+01,2.180231e+01,2.204376e+01,2.181612e+01,2.182303e+01,2.200930e+01,2.197483e+01,2.202308e+01,2.192655e+01,2.189206e+01,2.193345e+01,2.209198e+01,2.202308e+01,2.200930e+01,2.207820e+01,2.209886e+01,2.211952e+01,2.199551e+01,2.217459e+01,2.207131e+01,2.207131e+01,2.202997e+01,2.198172e+01,2.208509e+01,2.185755e+01,2.209198e+01,2.206442e+01,2.209886e+01,2.207820e+01,2.202997e+01,2.202997e+01,2.205065e+01,2.192655e+01,2.186445e+01,2.181612e+01,2.211263e+01,2.189896e+01,2.198172e+01,2.193345e+01,2.198172e+01,2.190586e+01,2.189896e+01,2.191965e+01,2.188516e+01,2.188516e+01,2.196793e+01,2.187825e+01,2.175395e+01,2.180231e+01,2.175395e+01,2.175395e+01,2.173322e+01,2.165717e+01,2.178850e+01,2.162258e+01,2.162258e+01,2.176777e+01,2.165717e+01,2.178159e+01,2.165717e+01,2.171940e+01,2.174704e+01,2.162950e+01,2.168483e+01,2.155337e+01,2.152567e+01,2.158798e+01,2.156029e+01,2.142174e+01,2.155337e+01,2.144946e+01,2.144253e+01,2.151182e+01,2.141480e+01,2.144946e+01,2.159490e+01,2.140787e+01,2.144253e+01,2.142174e+01,2.122744e+01,2.130382e+01,2.144946e+01,2.130382e+01,2.141480e+01,2.160874e+01,2.137320e+01,2.149796e+01,2.138707e+01,2.138707e+01,2.162258e+01,2.165025e+01,2.166409e+01,2.161566e+01,2.152567e+01,2.173322e+01,2.157414e+01,2.158106e+01,2.172631e+01,2.169175e+01,2.163642e+01,2.167100e+01,2.169175e+01,2.169866e+01,2.156721e+01,2.194725e+01,2.177468e+01,2.155337e+01,2.160874e+01,2.176777e+01,2.157414e+01,2.158106e+01,2.156721e+01,2.154645e+01,2.142867e+01,2.186445e+01,2.166409e+01,2.153260e+01,2.166409e+01,2.152567e+01,2.166409e+01,2.147718e+01,2.163642e+01
2.322890e+01,2.307212e+01,2.314031e+01,2.317439e+01,2.324933e+01,2.326295e+01,2.331740e+01,2.321527e+01,2.332421e+01,2.322890e+01,2.338544e+01,2.335823e+01,2.330379e+01,2.346022e+01,2.343983e+01,2.356890e+01,2.351457e+01,2.352816e+01,2.348740e+01,2.350778e+01,2.356890e+01,2.364355e+01,2.359605e+01,2.347381e+01,2.357569e+01,2.363676e+01,2.360962e+01,2.358247e+01,2.356211e+01,2.361641e+01,2.333101e+01,2.354853e+01,2.334462e+01,2.331060e+01,2.347381e+01,2.333782e+01,2.346022e+01,2.363676e+01,2.353495e+01,2.343303e+01,2.349419e+01,2.350099e+01,2.340584e+01,2.367068e+01,2.349419e+01,2.339224e+01,2.342623e+01,2.350778e+01,2.348740e+01,2.346022e+01,2.338544e+01,2.338544e+01,2.355532e+01,2.341264e+01,2.337183e+01,2.350778e+01,2.351457e+01,2.345342e+01,2.351457e+01,2.343983e+01,2.354853e+01,2.354853e+01,2.356211e+01,2.345342e+01,2.338544e+01,2.343983e+01,2.349419e+01,2.356890e+01,2.345342e+01,2.346701e+01,2.336503e+01,2.322890e+01,2.341944e+01,2.350099e+01,2.343303e+01,2.335143e+01,2.346701e+01,2.339224e+01,2.363676e+01,2.353495e+01,2.360962e+01,2.346022e+01,2.330379e+01,2.346022e+01,2.363676e+01,2.358247e+01,2.332421e+01,2.333782e+01,2.358926e+01,2.357569e+01,2.362998e+01,2.343303e+01,2.365033e+01,2.351457e+01,2.353495e+01,2.349419e+01,2.348060e+01,2.341264e+01,2.349419e+01,2.345342e+01,2.348740e+01,2.349419e+01,2.348060e+01,2.340584e+01,2.337864e+01,2.344662e+01,2.363676e+01,2.337864e+01,2.346701e+01,2.342623e+01,2.346701e+01,2.318121e+01,2.333782e+01,2.317439e+01,2.326976e+01,2.325614e+01,2.300388e+01,2.303118e+01,2.305165e+01,2.288777e+01,2.301753e+01,2.335823e+01,2.312668e+01,2.253180e+01,2.220211e+01,2.194035e+01,2.217459e+01,2.191965e+01,2.198862e+01,2.191965e+01,2.196104e+01,2.185065e+01,2.191276e+01,2.191965e+01,2.207131e+01,2.219523e+01,2.200241e+01,2.217459e+01,2.208509e+01,2.199551e+01,2.222962e+01,2.227776e+01,2.232587e+01,2.261406e+01,2.262776e+01,2.264831e+01,2.260720e+01,2.265516e+01,2.259350e+01,2.271679e+01,2.244948e+01,2.245634e+01,2.247006e+01,2.249751e+01,2.261406e+01,2.260035e+01,2.278522e+01,2.305848e+01,2.299023e+01,2.276469e+01,2.264831e+01,2.294926e+01,2.260035e+01,2.249065e+01,2.251808e+01,2.278522e+01,2.305848e+01,2.281941e+01,2.301071e+01,2.277837e+01,2.259350e+01,2.286043e+01,2.331060e+01,2.361641e+01,2.370458e+01,2.353495e+01,2.323571e+01,2.358247e+01,2.444098e+01,2.408357e+01,2.341944e+01,2.301753e+01,2.290144e+01,2.243575e+01,2.241516e+01,2.262776e+01,2.271679e+01,2.285360e+01,2.280573e+01,2.248379e+01,2.271679e+01,2.273047e+01,2.268255e+01,2.254551e+01,2.261406e+01,2.266201e+01,2.264831e+01,2.262091e+01,2.277837e+01,2.301071e+01,2.324252e+01,2.356211e+01,2.298340e+01,2.256608e+01,2.255237e+01,2.251808e+01,2.247006e+01,2.218147e+01,2.227776e+01,2.221587e+01,2.220211e+01,2.257979e+01,2.339904e+01,2.332421e+01,2.388748e+01,2.506520e+01,2.547929e+01,2.513210e+01,2.400247e+01,2.359605e+01,2.320165e+01,2.249751e+01,2.233274e+01,2.208509e+01,2.220211e+01,2.311986e+01,2.390102e+01,2.360283e+01,2.272363e+01,2.211263e+01,2.198172e+01,2.159490e+01,2.144946e+01,2.157414e+01,2.158106e+01,2.145639e+01,2.130382e+01,2.128299e+01,2.111625e+01,2.127605e+01,2.131076e+01,2.140094e+01,2.140094e+01,2.138707e+01,2.166409e+01,2.176777e+01,2.173322e+01,2.164334e+01,2.165717e+01,2.148411e+01,2.176086e+01,2.171940e+01,2.171248e+01,2.165717e+01,2.165717e+01,2.158798e+01,2.167792e+01,2.166409e+01,2.162950e+01,2.164334e+01,2.161566e+01,2.173322e+01,2.160874e+01,2.163642e+01,2.167792e+01,2.163642e+01,2.165717e+01,2.162258e+01,2.167792e+01,2.174013e+01,2.160874e+01,2.171248e+01,2.174704e+01,2.166409e+01,2.173322e+01,2.172631e+01,2.162258e+01,2.178850e+01,2.163642e+01,2.182993e+01,2.165717e+01,2.183684e+01,2.185755e+01,2.168483e+01,2.180922e+01,2.177468e+01,2.165025e+01,2.168483e+01,2.169866e+01,2.169175e+01,2.167100e+01,2.173322e+01,2.171940e+01,2.183684e+01,2.175395e+01,2.166409e+01,2.163642e+01,2.171940e+01,2.162950e+01,2.172631e+01,2.156721e+01,2.172631e+01,2.160874e+01,2.162950e+01,2.160874e+01,2.158106e+01,2.162950e+01,2.163642e+01,2.165025e+01,2.156721e+01,2.163642e+01,2.160874e+01,2.152567e+01,2.165717e+01,2.160874e+01,2.174704e+01,2.167100e+01,2.162258e+01,2.161566e+01,2.160182e+01,2.163642e+01,2.170557e+01,2.173322e+01,2.167792e+01,2.173322e+01,2.165717e+01,2.174013e+01,2.171248e+01,2.171940e+01,2.172631e+01,2.168483e+01,2.201619e+01,2.167100e+01,2.180922e+01,2.174013e+01,2.176086e+01,2.165025e+01,2.158106e+01,2.167792e+01,2.174013e+01,2.167792e+01,2.158798e+01,2.180922e+01,2.170557e+01,2.177468e+01,2.179540e+01,2.171248e+01,2.156721e+01,2.171940e+01,2.169866e+01,2.167792e+01,2.167100e+01,2.169175e+01,2.178850e+01,2.175395e+01,2.171940e+01,2.192655e+01,2.172631e+01,2.171248e+01,2.162950e+01,2.167100e+01,2.189206e+01,2.159490e+01,2.180922e+01,2.180922e+01,2.180922e+01,2.187825e+01,2.181612e+01,2.182993e+01,2.170557e+01,2.179540e+01,2.194725e+01,2.188516e+01,2.188516e+01,2.179540e+01,2.184374e+01,2.186445e+01,2.185755e+01,2.185755e+01,2.183684e+01,2.184374e+01,2.180231e+01,2.196793e+01,2.182993e+01,2.185755e+01,2.179540e+01,2.181612e+01,2.177468e+01,2.182993e+01,2.179540e+01,2.176777e+01,2.184374e+01,2.168483e+01,2.180231e+01,2.180922e+01,2.172631e+01,2.174704e+01,2.178159e+01,2.202997e+01,2.181612e+01,2.180922e+01,2.179540e+01,2.184374e+01,2.192655e+01,2.178850e+01,2.177468e+01,2.162950e+01,2.162258e+01,2.174013e+01,2.164334e+01,2.180922e+01,2.158798e+01,2.152567e+01,2.178850e+01,2.158106e+01,2.174013e+01,2.160182e+01,2.171248e+01,2.172631e+01,2.178159e+01,2.176086e+01,2.174013e+01,2.172631e+01,2.169175e+01,2.162258e+01,2.164334e+01,2.162258e+01,2.160874e+01,2.154645e+01,2.158798e+01,2.156029e+01,2.157414e+01,2.151182e+01,2.153260e+01,2.158106e+01,2.153952e+01,2.148411e+01,2.158106e+01,2.146332e+01,2.150489e+01,2.138707e+01,2.135933e+01,2.140094e+01,2.147718e+01,2.149104e+01,2.159490e+01,2.147718e+01,2.149104e+01,2.127605e+01,2.145639e+01,2.139400e+01,2.158106e+01,2.151875e+01,2.151182e+01,2.175395e+01,2.161566e+01,2.150489e+01,2.164334e+01,2.148411e+01,2.150489e+01,2.163642e+01,2.156029e+01,2.162258e+01,2.170557e+01,2.154645e+01,2.162258e+01,2.166409e+01,2.173322e+01,2.165025e+01,2.155337e+01,2.195414e+01,2.162950e+01,2.163642e+01,2.174013e+01,2.174704e+01,2.173322e+01,2.189206e+01,2.174013e+01,2.163642e+01,2.162950e+01,2.182993e+01,2.176086e+01,2.176086e+01,2.169866e+01,2.172631e+01,2.175395e+01,2.176086e+01,2.182303e+01,2.174704e+01,2.169866e+01,2.167792e+01,2.176086e+01,2.194035e+01,2.179540e+01,2.182993e+01,2.173322e+01,2.171248e+01,2.189896e+01,2.177468e+01,2.183684e+01,2.178850e+01,2.188516e+01,2.166409e+01,2.189896e+01,2.189896e+01,2.194035e+01,2.187825e+01,2.170557e+01,2.175395e+01,2.194035e+01,2.185755e+01,2.189896e+01,2.188516e+01,2.189896e+01,2.181612e+01,2.182303e+01,2.177468e+01,2.195414e+01,2.180231e+01,2.201619e+01,2.195414e+01,2.201619e+01,2.207820e+01,2.205065e+01,2.203687e+01,2.209198e+01,2.205754e+01,2.203687e+01,2.194725e+01,2.210575e+01,2.213329e+01,2.211263e+01,2.221587e+01,2.207820e+01,2.223650e+01,2.203687e+01,2.214706e+01,2.203687e+01,2.198172e+01,2.205754e+01,2.200930e+01,2.207131e+01,2.211952e+01,2.210575e+01,2.202308e+01,2.205065e+01,2.207820e+01,2.207131e+01,2.196104e+01,2.205065e+01,2.202308e+01,2.200241e+01,2.201619e+01,2.194725e+01,2.191276e+01,2.197483e+01,2.211952e+01,2.205065e+01,2.194725e+01,2.187135e+01,2.188516e+01,2.190586e+01,2.183684e+01,2.187135e+01,2.193345e+01,2.176777e+01,2.176086e+01,2.176777e+01,2.176086e+01,2.180231e+01,2.171940e+01,2.176086e+01,2.178159e+01,2.152567e+01,2.174013e+01,2.174013e+01,2.167792e+01,2.178159e+01,2.174013e+01,2.170557e+01,2.172631e+01,2.160182e+01,2.165025e+01,2.161566e+01,2.157414e+01,2.166409e+01,2.154645e+01,2.154645e+01,2.135933e+01,2.149796e+01,2.140094e+01,2.153260e+01,2.150489e+01,2.140094e+01,2.140094e+01,2.149796e+01,2.134545e+01,2.153952e+01,2.158106e+01,2.144253e+01,2.153260e+01,2.127605e+01,2.129688e+01,2.154645e+01,2.158106e+01,2.153260e+01,2.161566e+01,2.166409e+01,2.164334e+01,2.160182e+01,2.160182e+01,2.160874e+01,2.185755e+01,2.159490e+01,2.174704e+01,2.171940e+01,2.169866e+01,2.171940e+01,2.163642e+01,2.171940e+01,2.187825e+01,2.164334e+01,2.171940e+01,2.178850e+01,2.183684e+01,2.184374e+01,2.178159e+01,2.183684e+01,2.164334e+01,2.163642e+01,2.182303e+01,2.182303e+01,2.158106e+01,2.169175e+01,2.165717e+01,2.172631e+01,2.177468e+01,2.167792e+01,2.160874e+01,2.162950e+01
2.320165e+01,2.314031e+01,2.314031e+01,2.317439e+01,2.319484e+01,2.314713e+01,2.311986e+01,2.320846e+01,2.318121e+01,2.333101e+01,2.326976e+01,2.318802e+01,2.348060e+01,2.341944e+01,2.331740e+01,2.333782e+01,2.350778e+01,2.350778e+01,2.352136e+01,2.338544e+01,2.350778e+01,2.361641e+01,2.353495e+01,2.348740e+01,2.346701e+01,2.342623e+01,2.352136e+01,2.362319e+01,2.348060e+01,2.348740e+01,2.326976e+01,2.331740e+01,2.346701e+01,2.330379e+01,2.339904e+01,2.337864e+01,2.347381e+01,2.361641e+01,2.362319e+01,2.339224e+01,2.343983e+01,2.346701e+01,2.346701e+01,2.343303e+01,2.355532e+01,2.347381e+01,2.351457e+01,2.343983e+01,2.342623e+01,2.343983e+01,2.340584e+01,2.335823e+01,2.339904e+01,2.351457e+01,2.337864e+01,2.349419e+01,2.348060e+01,2.351457e+01,2.343303e+01,2.341944e+01,2.365711e+01,2.354174e+01,2.346022e+01,2.350778e+01,2.343983e+01,2.349419e+01,2.353495e+01,2.333101e+01,2.339224e+01,2.350099e+01,2.340584e+01,2.341264e+01,2.340584e+01,2.344662e+01,2.333782e+01,2.339224e+01,2.330379e+01,2.327656e+01,2.338544e+01,2.329699e+01,2.338544e+01,2.350778e+01,2.345342e+01,2.343303e+01,2.352816e+01,2.356211e+01,2.356890e+01,2.356211e+01,2.340584e+01,2.335143e+01,2.364355e+01,2.353495e+01,2.359605e+01,2.358926e+01,2.351457e+01,2.348740e+01,2.349419e+01,2.356890e+01,2.348060e+01,2.354853e+01,2.346701e+01,2.347381e+01,2.349419e+01,2.337864e+01,2.337864e+01,2.351457e+01,2.348060e+01,2.353495e+01,2.354853e+01,2.347381e+01,2.335823e+01,2.345342e+01,2.329699e+01,2.331740e+01,2.324933e+01,2.322890e+01,2.316076e+01,2.312668e+01,2.307212e+01,2.292877e+01,2.288777e+01,2.323571e+01,2.314713e+01,2.233274e+01,2.215394e+01,2.207131e+01,2.194725e+01,2.189896e+01,2.188516e+01,2.200241e+01,2.194035e+01,2.208509e+01,2.193345e+01,2.207131e+01,2.195414e+01,2.212641e+01,2.205754e+01,2.210575e+01,2.218835e+01,2.220899e+01,2.220211e+01,2.222962e+01,2.242202e+01,2.273047e+01,2.296292e+01,2.296975e+01,2.286043e+01,2.289461e+01,2.311986e+01,2.276469e+01,2.260035e+01,2.270994e+01,2.286727e+01,2.233961e+01,2.251808e+01,2.285360e+01,2.283309e+01,2.304483e+01,2.266886e+01,2.271679e+01,2.292877e+01,2.290144e+01,2.283309e+01,2.259350e+01,2.281257e+01,2.288777e+01,2.310622e+01,2.314713e+01,2.278522e+01,2.288777e+01,2.314713e+01,2.343983e+01,2.375203e+01,2.374526e+01,2.354853e+01,2.316076e+01,2.351457e+01,2.351457e+01,2.332421e+01,2.332421e+01,2.301753e+01,2.286727e+01,2.301753e+01,2.264831e+01,2.263461e+01,2.266201e+01,2.287410e+01,2.291510e+01,2.275101e+01,2.284676e+01,2.296292e+01,2.261406e+01,2.253866e+01,2.239456e+01,2.240142e+01,2.259350e+01,2.277153e+01,2.295609e+01,2.374526e+01,2.425906e+01,2.420509e+01,2.387395e+01,2.326295e+01,2.266886e+01,2.255923e+01,2.256608e+01,2.253866e+01,2.236709e+01,2.236022e+01,2.243575e+01,2.249065e+01,2.255923e+01,2.283993e+01,2.339904e+01,2.405655e+01,2.411059e+01,2.353495e+01,2.294926e+01,2.275101e+01,2.255237e+01,2.247692e+01,2.238082e+01,2.194725e+01,2.213329e+01,2.236709e+01,2.260720e+01,2.316758e+01,2.292194e+01,2.240142e+01,2.185065e+01,2.185755e+01,2.149796e+01,2.119966e+01,2.147718e+01,2.150489e+01,2.145639e+01,2.127605e+01,2.146332e+01,2.132464e+01,2.144253e+01,2.153952e+01,2.158106e+01,2.161566e+01,2.147025e+01,2.152567e+01,2.139400e+01,2.147025e+01,2.173322e+01,2.168483e+01,2.169866e+01,2.162950e+01,2.175395e+01,2.176086e+01,2.160182e+01,2.162258e+01,2.169175e+01,2.163642e+01,2.165025e+01,2.151182e+01,2.156029e+01,2.159490e+01,2.166409e+01,2.161566e+01,2.174013e+01,2.168483e+01,2.158798e+01,2.163642e+01,2.157414e+01,2.160874e+01,2.165717e+01,2.165025e+01,2.176777e+01,2.172631e+01,2.178159e+01,2.176777e+01,2.178159e+01,2.168483e+01,2.167792e+01,2.163642e+01,2.162258e+01,2.164334e+01,2.169175e+01,2.169866e+01,2.172631e+01,2.178159e+01,2.166409e+01,2.164334e+01,2.194035e+01,2.169866e+01,2.169866e+01,2.174013e+01,2.180231e+01,2.180922e+01,2.176777e+01,2.166409e+01,2.177468e+01,2.171248e+01,2.164334e+01,2.165717e+01,2.163642e+01,2.166409e+01,2.165717e+01,2.160182e+01,2.167792e+01,2.167792e+01,2.160182e+01,2.162950e+01,2.159490e+01,2.158798e+01,2.178159e+01,2.173322e+01,2.156029e+01,2.174013e+01,2.161566e+01,2.174013e+01,2.153952e+01,2.171248e+01,2.171248e+01,2.164334e+01,2.146332e+01,2.176777e+01,2.173322e+01,2.175395e+01,2.177468e+01,2.171940e+01,2.164334e+01,2.171940e+01,2.161566e+01,2.169175e+01,2.173322e+01,2.167792e+01,2.179540e+01,2.162950e+01,2.171940e+01,2.177468e+01,2.159490e+01,2.175395e+01,2.166409e+01,2.173322e+01,2.175395e+01,2.167100e+01,2.174013e+01,2.178850e+01,2.161566e+01,2.176777e+01,2.178159e+01,2.181612e+01,2.168483e+01,2.165717e+01,2.167792e+01,2.169175e+01,2.169866e+01,2.171248e+01,2.166409e+01,2.176777e+01,2.169175e+01,2.185755e+01,2.170557e+01,2.172631e+01,2.171248e+01,2.185755e+01,2.179540e+01,2.182303e+01,2.182303e+01,2.180922e+01,2.181612e+01,2.179540e+01,2.174013e+01,2.171248e+01,2.188516e+01,2.174013e+01,2.175395e+01,2.184374e+01,2.180231e+01,2.188516e+01,2.175395e+01,2.187825e+01,2.198172e+01,2.188516e+01,2.189206e+01,2.182993e+01,2.189896e+01,2.192655e+01,2.196793e+01,2.189206e+01,2.194035e+01,2.172631e+01,2.195414e+01,2.182993e+01,2.173322e+01,2.182993e+01,2.179540e+01,2.186445e+01,2.178850e+01,2.187825e+01,2.183684e+01,2.178159e+01,2.185065e+01,2.184374e+01,2.184374e+01,2.185755e+01,2.167100e+01,2.172631e+01,2.175395e+01,2.178850e+01,2.183684e+01,2.163642e+01,2.161566e+01,2.185755e+01,2.168483e+01,2.186445e+01,2.182993e+01,2.176086e+01,2.177468e+01,2.174704e+01,2.162950e+01,2.160874e+01,2.173322e+01,2.173322e+01,2.172631e+01,2.175395e+01,2.178159e+01,2.160874e+01,2.159490e+01,2.167100e+01,2.165025e+01,2.159490e+01,2.156721e+01,2.159490e+01,2.161566e+01,2.158106e+01,2.149104e+01,2.157414e+01,2.153260e+01,2.149104e+01,2.152567e+01,2.138707e+01,2.147025e+01,2.145639e+01,2.156029e+01,2.139400e+01,2.138013e+01,2.144946e+01,2.160874e+01,2.153952e+01,2.151875e+01,2.139400e+01,2.141480e+01,2.148411e+01,2.144253e+01,2.158798e+01,2.138707e+01,2.150489e+01,2.154645e+01,2.153260e+01,2.149104e+01,2.176777e+01,2.143560e+01,2.156029e+01,2.156721e+01,2.160182e+01,2.160874e+01,2.158798e+01,2.168483e+01,2.168483e+01,2.173322e+01,2.156721e+01,2.174704e+01,2.171940e+01,2.163642e+01,2.182993e+01,2.160182e+01,2.152567e+01,2.189896e+01,2.179540e+01,2.189206e+01,2.169175e+01,2.179540e+01,2.179540e+01,2.176086e+01,2.171248e+01,2.182303e+01,2.173322e+01,2.180231e+01,2.167100e+01,2.174704e+01,2.186445e+01,2.176086e+01,2.165717e+01,2.181612e+01,2.178850e+01,2.175395e+01,2.177468e+01,2.185065e+01,2.178850e+01,2.183684e+01,2.185755e+01,2.171940e+01,2.182303e+01,2.184374e+01,2.177468e+01,2.185065e+01,2.176086e+01,2.182993e+01,2.187825e+01,2.179540e+01,2.189896e+01,2.189206e+01,2.189206e+01,2.187825e+01,2.191276e+01,2.188516e+01,2.198862e+01,2.192655e+01,2.148411e+01,2.194035e+01,2.197483e+01,2.191276e+01,2.207131e+01,2.192655e+01,2.200930e+01,2.197483e+01,2.205754e+01,2.182303e+01,2.214017e+01,2.205065e+01,2.209886e+01,2.209886e+01,2.206442e+01,2.211263e+01,2.211952e+01,2.216771e+01,2.208509e+01,2.200930e+01,2.206442e+01,2.225713e+01,2.207131e+01,2.209886e+01,2.202997e+01,2.216082e+01,2.216771e+01,2.200930e+01,2.205754e+01,2.209198e+01,2.204376e+01,2.202997e+01,2.205065e+01,2.198172e+01,2.209886e+01,2.202997e+01,2.196104e+01,2.200241e+01,2.187135e+01,2.189206e+01,2.189206e+01,2.194035e+01,2.190586e+01,2.194035e+01,2.197483e+01,2.189206e+01,2.186445e+01,2.188516e+01,2.176777e+01,2.191965e+01,2.189206e+01,2.176777e+01,2.185755e+01,2.173322e+01,2.176086e+01,2.187825e+01,2.166409e+01,2.188516e+01,2.167100e+01,2.174013e+01,2.171248e+01,2.178159e+01,2.171248e+01,2.167100e+01,2.187825e+01,2.181612e+01,2.169866e+01,2.169866e+01,2.157414e+01,2.156721e+01,2.153952e+01,2.151182e+01,2.147718e+01,2.144253e+01,2.151182e+01,2.165025e+01,2.144253e+01,2.153952e+01,2.150489e+01,2.147718e+01,2.140787e+01,2.152567e+01,2.140094e+01,2.133851e+01,2.142867e+01,2.140094e+01,2.140094e+01,2.136626e+01,2.147718e+01,2.161566e+01,2.159490e+01,2.136626e+01,2.158798e+01,2.165025e+01,2.158798e+01,2.159490e+01,2.181612e+01,2.180922e+01,2.180231e+01,2.178850e+01,2.162950e+01,2.158798e+01,2.187135e+01,2.158106e+01,2.161566e+01,2.170557e+01,2.180231e+01,2.188516e+01,2.169866e+01,2.160182e+01,2.174013e+01,2.184374e+01,2.159490e+01,2.157414e+01,2.178159e+01,2.159490e+01,2.174704e+01,2.170557e+01,2.169866e+01,2.166409e+01,2.163642e+01,2.171248e+01,2.164334e+01,2.158106e+01,2.165025e+01,2.164334e+01
2.318121e+01,2.305165e+01,2.312668e+01,2.307894e+01,2.314713e+01,2.313350e+01,2.316076e+01,2.333101e+01,2.320165e+01,2.331060e+01,2.333101e+01,2.318121e+01,2.336503e+01,2.348060e+01,2.339904e+01,2.351457e+01,2.332421e+01,2.333101e+01,2.353495e+01,2.331740e+01,2.366390e+01,2.348740e+01,2.352816e+01,2.347381e+01,2.361641e+01,2.348740e+01,2.345342e+01,2.355532e+01,2.343983e+01,2.348060e+01,2.342623e+01,2.330379e+01,2.341944e+01,2.334462e+01,2.331060e+01,2.341944e+01,2.337864e+01,2.346022e+01,2.354174e+01,2.363676e+01,2.356890e+01,2.345342e+01,2.338544e+01,2.343983e+01,2.361641e+01,2.356890e+01,2.353495e+01,2.356890e+01,2.357569e+01,2.338544e+01,2.343303e+01,2.354174e+01,2.356211e+01,2.360962e+01,2.353495e+01,2.344662e+01,2.345342e+01,2.348060e+01,2.344662e+01,2.354174e+01,2.341944e+01,2.346701e+01,2.344662e+01,2.343983e+01,2.344662e+01,2.341944e+01,2.333101e+01,2.344662e+01,2.351457e+01,2.350099e+01,2.318802e+01,2.341944e+01,2.343983e+01,2.348740e+01,2.348740e+01,2.337183e+01,2.337864e+01,2.339224e+01,2.341264e+01,2.360283e+01,2.342623e+01,2.333101e+01,2.344662e+01,2.341264e+01,2.357569e+01,2.331060e+01,2.351457e+01,2.339224e+01,2.341944e+01,2.326295e+01,2.350778e+01,2.325614e+01,2.348060e+01,2.346022e+01,2.352816e+01,2.352816e+01,2.337183e+01,2.360962e+01,2.345342e+01,2.352136e+01,2.350778e+01,2.350778e+01,2.341944e+01,2.344662e+01,2.339224e+01,2.339904e+01,2.335143e+01,2.350778e+01,2.358926e+01,2.343303e+01,2.337183e+01,2.335823e+01,2.342623e+01,2.332421e+01,2.330379e+01,2.313350e+01,2.307894e+01,2.290827e+01,2.290144e+01,2.288094e+01,2.289461e+01,2.326295e+01,2.321527e+01,2.250437e+01,2.217459e+01,2.198862e+01,2.200930e+01,2.194725e+01,2.202997e+01,2.196793e+01,2.190586e+01,2.196793e+01,2.198172e+01,2.202997e+01,2.191965e+01,2.194725e+01,2.200930e+01,2.206442e+01,2.214017e+01,2.220211e+01,2.224338e+01,2.219523e+01,2.259350e+01,2.264146e+01,2.290827e+01,2.307212e+01,2.306530e+01,2.329018e+01,2.359605e+01,2.327656e+01,2.275785e+01,2.293560e+01,2.274416e+01,2.278522e+01,2.262776e+01,2.280573e+01,2.291510e+01,2.304483e+01,2.282625e+01,2.275101e+01,2.288777e+01,2.301071e+01,2.280573e+01,2.285360e+01,2.281941e+01,2.286043e+01,2.287410e+01,2.267571e+01,2.311986e+01,2.314713e+01,2.356890e+01,2.387395e+01,2.357569e+01,2.331740e+01,2.320846e+01,2.357569e+01,2.352816e+01,2.290144e+01,2.283309e+01,2.273732e+01,2.270309e+01,2.301071e+01,2.319484e+01,2.309258e+01,2.290827e+01,2.292877e+01,2.305848e+01,2.292194e+01,2.292877e+01,2.281941e+01,2.288094e+01,2.281257e+01,2.251808e+01,2.240829e+01,2.240142e+01,2.270309e+01,2.300388e+01,2.317439e+01,2.324933e+01,2.408357e+01,2.481730e+01,2.427929e+01,2.297657e+01,2.233961e+01,2.242888e+01,2.259350e+01,2.257979e+01,2.264146e+01,2.255237e+01,2.253180e+01,2.249065e+01,2.258665e+01,2.281257e+01,2.283993e+01,2.281257e+01,2.275101e+01,2.277837e+01,2.284676e+01,2.288777e+01,2.317439e+01,2.303118e+01,2.240829e+01,2.225026e+01,2.197483e+01,2.195414e+01,2.204376e+01,2.180922e+01,2.171940e+01,2.178159e+01,2.167100e+01,2.175395e+01,2.216771e+01,2.193345e+01,2.160874e+01,2.133158e+01,2.138013e+01,2.147025e+01,2.148411e+01,2.146332e+01,2.149796e+01,2.151875e+01,2.156029e+01,2.165025e+01,2.158106e+01,2.149796e+01,2.154645e+01,2.147025e+01,2.164334e+01,2.175395e+01,2.175395e+01,2.175395e+01,2.171248e+01,2.167792e+01,2.161566e+01,2.163642e+01,2.166409e+01,2.174013e+01,2.165025e+01,2.169175e+01,2.165717e+01,2.172631e+01,2.176086e+01,2.167100e+01,2.167100e+01,2.174013e+01,2.165025e+01,2.165717e+01,2.160182e+01,2.169866e+01,2.168483e+01,2.168483e+01,2.165717e+01,2.170557e+01,2.165025e+01,2.164334e+01,2.170557e+01,2.176777e+01,2.182993e+01,2.180922e+01,2.178159e+01,2.172631e+01,2.169866e+01,2.171248e+01,2.180922e+01,2.180231e+01,2.164334e+01,2.162258e+01,2.176086e+01,2.169175e+01,2.172631e+01,2.172631e+01,2.168483e+01,2.181612e+01,2.176086e+01,2.174704e+01,2.180231e+01,2.178159e+01,2.168483e+01,2.165717e+01,2.162950e+01,2.160874e+01,2.166409e+01,2.188516e+01,2.167100e+01,2.169175e+01,2.159490e+01,2.159490e+01,2.163642e+01,2.157414e+01,2.164334e+01,2.162258e+01,2.161566e+01,2.149796e+01,2.167100e+01,2.165717e+01,2.152567e+01,2.150489e+01,2.158798e+01,2.166409e+01,2.170557e+01,2.167100e+01,2.176777e+01,2.170557e+01,2.168483e+01,2.157414e+01,2.171248e+01,2.167100e+01,2.170557e+01,2.167100e+01,2.172631e+01,2.157414e+01,2.156029e+01,2.167100e+01,2.175395e+01,2.165717e+01,2.181612e+01,2.167100e+01,2.164334e+01,2.169175e+01,2.178850e+01,2.169175e+01,2.175395e+01,2.178159e+01,2.173322e+01,2.180231e+01,2.168483e+01,2.169866e+01,2.168483e+01,2.179540e+01,2.172631e+01,2.169175e+01,2.170557e+01,2.171248e+01,2.171940e+01,2.179540e+01,2.180922e+01,2.180922e+01,2.167792e+01,2.171940e+01,2.169866e+01,2.172631e+01,2.182993e+01,2.182303e+01,2.176086e+01,2.181612e+01,2.187135e+01,2.186445e+01,2.180922e+01,2.184374e+01,2.185755e+01,2.186445e+01,2.187825e+01,2.185755e+01,2.192655e+01,2.193345e+01,2.182993e+01,2.198172e+01,2.198172e+01,2.189206e+01,2.200241e+01,2.191965e+01,2.176777e+01,2.189896e+01,2.182993e+01,2.182303e+01,2.181612e+01,2.205754e+01,2.180922e+01,2.197483e+01,2.196104e+01,2.189896e+01,2.182303e+01,2.194725e+01,2.185755e+01,2.202997e+01,2.180231e+01,2.182993e+01,2.185065e+01,2.182993e+01,2.202308e+01,2.186445e+01,2.185755e+01,2.180231e+01,2.182993e+01,2.181612e+01,2.182993e+01,2.182303e+01,2.171940e+01,2.178159e+01,2.187135e+01,2.187825e+01,2.162258e+01,2.160874e+01,2.174013e+01,2.173322e+01,2.173322e+01,2.173322e+01,2.170557e+01,2.163642e+01,2.171940e+01,2.177468e+01,2.156721e+01,2.162950e+01,2.161566e+01,2.160874e+01,2.161566e+01,2.169175e+01,2.180922e+01,2.162950e+01,2.151875e+01,2.154645e+01,2.150489e+01,2.152567e+01,2.158106e+01,2.135239e+01,2.151875e+01,2.153260e+01,2.148411e+01,2.154645e+01,2.140787e+01,2.144253e+01,2.156029e+01,2.156029e+01,2.159490e+01,2.151875e+01,2.145639e+01,2.152567e+01,2.153952e+01,2.141480e+01,2.155337e+01,2.160874e+01,2.152567e+01,2.156029e+01,2.162950e+01,2.147718e+01,2.153952e+01,2.153952e+01,2.162950e+01,2.168483e+01,2.158106e+01,2.158106e+01,2.166409e+01,2.160182e+01,2.167100e+01,2.176777e+01,2.179540e+01,2.172631e+01,2.171248e+01,2.169866e+01,2.173322e+01,2.168483e+01,2.166409e+01,2.171248e+01,2.174013e+01,2.182993e+01,2.189896e+01,2.180922e+01,2.178159e+01,2.167792e+01,2.182993e+01,2.189206e+01,2.176777e+01,2.178850e+01,2.175395e+01,2.176777e+01,2.170557e+01,2.185755e+01,2.176086e+01,2.177468e+01,2.189206e+01,2.185755e+01,2.177468e+01,2.185065e+01,2.180922e+01,2.181612e+01,2.191276e+01,2.172631e+01,2.186445e+01,2.190586e+01,2.182993e+01,2.180922e+01,2.187135e+01,2.183684e+01,2.194725e+01,2.191276e+01,2.189896e+01,2.194035e+01,2.189896e+01,2.201619e+01,2.200241e+01,2.187135e+01,2.202308e+01,2.186445e+01,2.196793e+01,2.196793e+01,2.184374e+01,2.180922e+01,2.197483e+01,2.194035e+01,2.185065e+01,2.207820e+01,2.207131e+01,2.200930e+01,2.202997e+01,2.202997e+01,2.196793e+01,2.201619e+01,2.218147e+01,2.205754e+01,2.214706e+01,2.197483e+01,2.198862e+01,2.214017e+01,2.216082e+01,2.211952e+01,2.201619e+01,2.203687e+01,2.203687e+01,2.196104e+01,2.204376e+01,2.204376e+01,2.198172e+01,2.211263e+01,2.193345e+01,2.207131e+01,2.194035e+01,2.196793e+01,2.199551e+01,2.211263e+01,2.203687e+01,2.202308e+01,2.204376e+01,2.178159e+01,2.196104e+01,2.195414e+01,2.189896e+01,2.180922e+01,2.194725e+01,2.193345e+01,2.180231e+01,2.182303e+01,2.189896e+01,2.171940e+01,2.174704e+01,2.181612e+01,2.185755e+01,2.178159e+01,2.178159e+01,2.174013e+01,2.181612e+01,2.169175e+01,2.174704e+01,2.163642e+01,2.171248e+01,2.169866e+01,2.178159e+01,2.177468e+01,2.179540e+01,2.173322e+01,2.176086e+01,2.165025e+01,2.156721e+01,2.156029e+01,2.158798e+01,2.151875e+01,2.174013e+01,2.156721e+01,2.144946e+01,2.153952e+01,2.140787e+01,2.150489e+01,2.151182e+01,2.145639e+01,2.146332e+01,2.153952e+01,2.133851e+01,2.135239e+01,2.140787e+01,2.147025e+01,2.137320e+01,2.147025e+01,2.144253e+01,2.142867e+01,2.148411e+01,2.153952e+01,2.135239e+01,2.156029e+01,2.177468e+01,2.157414e+01,2.184374e+01,2.170557e+01,2.168483e+01,2.162258e+01,2.174013e+01,2.171248e+01,2.177468e+01,2.176086e+01,2.180231e+01,2.186445e+01,2.163642e+01,2.172631e+01,2.176086e+01,2.181612e+01,2.174704e+01,2.180231e+01,2.161566e+01,2.167100e+01,2.182993e+01,2.187135e+01,2.185755e+01,2.180922e+01,2.162258e+01,2.185755e+01,2.169175e+01,2.166409e+01,2.174013e+01,2.182303e+01,2.165025e+01,2.184374e+01,2.165025e+01
2.284676e+01,2.316076e+01,2.298340e+01,2.313350e+01,2.314031e+01,2.318802e+01,2.313350e+01,2.316076e+01,2.319484e+01,2.318121e+01,2.333782e+01,2.331740e+01,2.343983e+01,2.350778e+01,2.354174e+01,2.352816e+01,2.357569e+01,2.341264e+01,2.357569e+01,2.335143e+01,2.354174e+01,2.332421e+01,2.349419e+01,2.364355e+01,2.344662e+01,2.330379e+01,2.354853e+01,2.348740e+01,2.344662e+01,2.333101e+01,2.344662e+01,2.335823e+01,2.350099e+01,2.345342e+01,2.324933e+01,2.339904e+01,2.349419e+01,2.378591e+01,2.348740e+01,2.371136e+01,2.367068e+01,2.346022e+01,2.365033e+01,2.359605e+01,2.353495e+01,2.358247e+01,2.341944e+01,2.343983e+01,2.343983e+01,2.354853e+01,2.354853e+01,2.355532e+01,2.356890e+01,2.365711e+01,2.328337e+01,2.366390e+01,2.348060e+01,2.350099e+01,2.348740e+01,2.353495e+01,2.350778e+01,2.341944e+01,2.352816e+01,2.349419e+01,2.351457e+01,2.340584e+01,2.332421e+01,2.349419e+01,2.348740e+01,2.331740e+01,2.354174e+01,2.336503e+01,2.350099e+01,2.343303e+01,2.358247e+01,2.336503e+01,2.343303e+01,2.339904e+01,2.341944e+01,2.339224e+01,2.350099e+01,2.354174e+01,2.356890e+01,2.343303e+01,2.354174e+01,2.352816e+01,2.354853e+01,2.362319e+01,2.348060e+01,2.340584e+01,2.352136e+01,2.346022e+01,2.368424e+01,2.341944e+01,2.344662e+01,2.364355e+01,2.347381e+01,2.348740e+01,2.352816e+01,2.352136e+01,2.352816e+01,2.371136e+01,2.342623e+01,2.348060e+01,2.339904e+01,2.348740e+01,2.360283e+01,2.365711e+01,2.352136e+01,2.341944e+01,2.339904e+01,2.337864e+01,2.339904e+01,2.331060e+01,2.318121e+01,2.313350e+01,2.304483e+01,2.310622e+01,2.300388e+01,2.296292e+01,2.289461e+01,2.308576e+01,2.334462e+01,2.253866e+01,2.215394e+01,2.205754e+01,2.198172e+01,2.207131e+01,2.207820e+01,2.193345e+01,2.209886e+01,2.205065e+01,2.205754e+01,2.187825e+01,2.197483e+01,2.202308e+01,2.199551e+01,2.207820e+01,2.201619e+01,2.233274e+01,2.231900e+01,2.236709e+01,2.263461e+01,2.295609e+01,2.320165e+01,2.326976e+01,2.326976e+01,2.394161e+01,2.431973e+01,2.329699e+01,2.286043e+01,2.287410e+01,2.260035e+01,2.279889e+01,2.279889e+01,2.275785e+01,2.273732e+01,2.273732e+01,2.275785e+01,2.281257e+01,2.301753e+01,2.291510e+01,2.285360e+01,2.282625e+01,2.275785e+01,2.290144e+01,2.285360e+01,2.286043e+01,2.325614e+01,2.379269e+01,2.400247e+01,2.374526e+01,2.329018e+01,2.324933e+01,2.354853e+01,2.352816e+01,2.321527e+01,2.314713e+01,2.305165e+01,2.318121e+01,2.322209e+01,2.331740e+01,2.327656e+01,2.318121e+01,2.307212e+01,2.305165e+01,2.283993e+01,2.296975e+01,2.294243e+01,2.377236e+01,2.377236e+01,2.319484e+01,2.264146e+01,2.260035e+01,2.267571e+01,2.269625e+01,2.270309e+01,2.273732e+01,2.278522e+01,2.303118e+01,2.313350e+01,2.251122e+01,2.238082e+01,2.227776e+01,2.228463e+01,2.262776e+01,2.279889e+01,2.285360e+01,2.233961e+01,2.257979e+01,2.242202e+01,2.257979e+01,2.268255e+01,2.301071e+01,2.301071e+01,2.281941e+01,2.349419e+01,2.352136e+01,2.299706e+01,2.322890e+01,2.253180e+01,2.199551e+01,2.199551e+01,2.202308e+01,2.160874e+01,2.141480e+01,2.140787e+01,2.152567e+01,2.172631e+01,2.184374e+01,2.216771e+01,2.226401e+01,2.182993e+01,2.158106e+01,2.143560e+01,2.156721e+01,2.149104e+01,2.145639e+01,2.147025e+01,2.147025e+01,2.158106e+01,2.157414e+01,2.173322e+01,2.178159e+01,2.165717e+01,2.177468e+01,2.172631e+01,2.174704e+01,2.172631e+01,2.168483e+01,2.174704e+01,2.176086e+01,2.169866e+01,2.178850e+01,2.164334e+01,2.162950e+01,2.165717e+01,2.176086e+01,2.178850e+01,2.158798e+01,2.167792e+01,2.167792e+01,2.169866e+01,2.179540e+01,2.160874e+01,2.169175e+01,2.180231e+01,2.164334e+01,2.163642e+01,2.161566e+01,2.171940e+01,2.165717e+01,2.165025e+01,2.172631e+01,2.161566e+01,2.160182e+01,2.177468e+01,2.174704e+01,2.173322e+01,2.172631e+01,2.171248e+01,2.173322e+01,2.184374e+01,2.174704e+01,2.172631e+01,2.187825e+01,2.174704e+01,2.174013e+01,2.169175e+01,2.171248e+01,2.169175e+01,2.175395e+01,2.194035e+01,2.183684e+01,2.174013e+01,2.174704e+01,2.166409e+01,2.170557e+01,2.181612e+01,2.163642e+01,2.160874e+01,2.174013e+01,2.162258e+01,2.160182e+01,2.168483e+01,2.161566e+01,2.169175e+01,2.160874e+01,2.158106e+01,2.160874e+01,2.156029e+01,2.157414e+01,2.150489e+01,2.159490e+01,2.151875e+01,2.175395e+01,2.153952e+01,2.155337e+01,2.166409e+01,2.167792e+01,2.170557e+01,2.165025e+01,2.175395e+01,2.164334e+01,2.165025e+01,2.164334e+01,2.168483e+01,2.169175e+01,2.156721e+01,2.173322e+01,2.166409e+01,2.177468e+01,2.177468e+01,2.173322e+01,2.164334e+01,2.168483e+01,2.167100e+01,2.171940e+01,2.179540e+01,2.165717e+01,2.174013e+01,2.171248e+01,2.171248e+01,2.166409e+01,2.169866e+01,2.180922e+01,2.177468e+01,2.168483e+01,2.167792e+01,2.168483e+01,2.179540e+01,2.183684e+01,2.182303e+01,2.178850e+01,2.178159e+01,2.191965e+01,2.178159e+01,2.171940e+01,2.179540e+01,2.170557e+01,2.177468e+01,2.177468e+01,2.185755e+01,2.181612e+01,2.181612e+01,2.174013e+01,2.178159e+01,2.182303e+01,2.172631e+01,2.181612e+01,2.181612e+01,2.186445e+01,2.187135e+01,2.182993e+01,2.189206e+01,2.187825e+01,2.186445e+01,2.189896e+01,2.196793e+01,2.190586e+01,2.194035e+01,2.186445e+01,2.198862e+01,2.192655e+01,2.201619e+01,2.187135e+01,2.182303e+01,2.187135e+01,2.191276e+01,2.174013e+01,2.191965e+01,2.195414e+01,2.184374e+01,2.180922e+01,2.194725e+01,2.182303e+01,2.182993e+01,2.193345e+01,2.186445e+01,2.180231e+01,2.181612e+01,2.186445e+01,2.185065e+01,2.188516e+01,2.180922e+01,2.177468e+01,2.186445e+01,2.171248e+01,2.189206e+01,2.187825e+01,2.184374e+01,2.187135e+01,2.172631e+01,2.176086e+01,2.163642e+01,2.172631e+01,2.174013e+01,2.170557e+01,2.170557e+01,2.178850e+01,2.173322e+01,2.173322e+01,2.177468e+01,2.156029e+01,2.160182e+01,2.167792e+01,2.160874e+01,2.162950e+01,2.157414e+01,2.165025e+01,2.172631e+01,2.168483e+01,2.155337e+01,2.165717e+01,2.158106e+01,2.166409e+01,2.163642e+01,2.160874e+01,2.151875e+01,2.149104e+01,2.156029e+01,2.156721e+01,2.157414e+01,2.153260e+01,2.151182e+01,2.153952e+01,2.160874e+01,2.149104e+01,2.151182e+01,2.145639e+01,2.165717e+01,2.153260e+01,2.165717e+01,2.165717e+01,2.159490e+01,2.169175e+01,2.171248e+01,2.172631e+01,2.160182e+01,2.161566e+01,2.159490e+01,2.162258e+01,2.162258e+01,2.171940e+01,2.170557e+01,2.179540e+01,2.169866e+01,2.180231e+01,2.164334e+01,2.167100e+01,2.164334e+01,2.180922e+01,2.180231e+01,2.171940e+01,2.185755e+01,2.178159e+01,2.179540e+01,2.193345e+01,2.194725e+01,2.171248e+01,2.176086e+01,2.180922e+01,2.196793e+01,2.189896e+01,2.171248e+01,2.178850e+01,2.202308e+01,2.191276e+01,2.199551e+01,2.196793e+01,2.182303e+01,2.177468e+01,2.188516e+01,2.181612e+01,2.179540e+01,2.190586e+01,2.192655e+01,2.204376e+01,2.199551e+01,2.188516e+01,2.186445e+01,2.183684e+01,2.185755e+01,2.194725e+01,2.200241e+01,2.188516e+01,2.191276e+01,2.195414e+01,2.192655e+01,2.204376e+01,2.205754e+01,2.194725e+01,2.202997e+01,2.183684e+01,2.189896e+01,2.197483e+01,2.194035e+01,2.178159e+01,2.201619e+01,2.214017e+01,2.208509e+01,2.208509e+01,2.209198e+01,2.205754e+01,2.209198e+01,2.220899e+01,2.218147e+01,2.215394e+01,2.214017e+01,2.209886e+01,2.216771e+01,2.220211e+01,2.208509e+01,2.211952e+01,2.207131e+01,2.194725e+01,2.214017e+01,2.207820e+01,2.200930e+01,2.207820e+01,2.194035e+01,2.197483e+01,2.196793e+01,2.196104e+01,2.202997e+01,2.206442e+01,2.204376e+01,2.190586e+01,2.203687e+01,2.215394e+01,2.205754e+01,2.196793e+01,2.188516e+01,2.189896e+01,2.190586e+01,2.193345e+01,2.176777e+01,2.182303e+01,2.194035e+01,2.186445e+01,2.185065e+01,2.180231e+01,2.184374e+01,2.176777e+01,2.176777e+01,2.178159e+01,2.186445e+01,2.188516e+01,2.184374e+01,2.169866e+01,2.190586e+01,2.171248e+01,2.178159e+01,2.169866e+01,2.169866e+01,2.176777e+01,2.177468e+01,2.166409e+01,2.176777e+01,2.149796e+01,2.159490e+01,2.163642e+01,2.157414e+01,2.147718e+01,2.169866e+01,2.156029e+01,2.152567e+01,2.159490e+01,2.153260e+01,2.147025e+01,2.147025e+01,2.145639e+01,2.149104e+01,2.147025e+01,2.149796e+01,2.142174e+01,2.139400e+01,2.139400e+01,2.140094e+01,2.163642e+01,2.147025e+01,2.143560e+01,2.143560e+01,2.140787e+01,2.142174e+01,2.153952e+01,2.169175e+01,2.157414e+01,2.161566e+01,2.161566e+01,2.175395e+01,2.164334e+01,2.162258e+01,2.165025e+01,2.172631e+01,2.175395e+01,2.185755e+01,2.177468e+01,2.181612e+01,2.189896e+01,2.156029e+01,2.174704e+01,2.176086e+01,2.178159e+01,2.178159e+01,2.173322e+01,2.165717e+01,2.169866e+01,2.179540e+01,2.169866e+01,2.182303e+01,2.180922e+01,2.175395e+01,2.179540e+01,2.174013e+01,2.178159e+01,2.165025e+01,2.180231e+01,2.185065e+01,2.159490e+01
2.286043e+01,2.278522e+01,2.322890e+01,2.308576e+01,2.305165e+01,2.299023e+01,2.307212e+01,2.318802e+01,2.318121e+01,2.315395e+01,2.339904e+01,2.331060e+01,2.335823e+01,2.336503e+01,2.328337e+01,2.350778e+01,2.337864e+01,2.346701e+01,2.355532e+01,2.337864e+01,2.333782e+01,2.347381e+01,2.362319e+01,2.346022e+01,2.348060e+01,2.328337e+01,2.331740e+01,2.337183e+01,2.341944e+01,2.326976e+01,2.335143e+01,2.345342e+01,2.349419e+01,2.348060e+01,2.338544e+01,2.341944e+01,2.335143e+01,2.312668e+01,2.359605e+01,2.364355e+01,2.337864e+01,2.346701e+01,2.352816e+01,2.360283e+01,2.345342e+01,2.348060e+01,2.354174e+01,2.357569e+01,2.348060e+01,2.346701e+01,2.332421e+01,2.337183e+01,2.348740e+01,2.365711e+01,2.325614e+01,2.350099e+01,2.350099e+01,2.353495e+01,2.350778e+01,2.343983e+01,2.341264e+01,2.341944e+01,2.345342e+01,2.343303e+01,2.343983e+01,2.346701e+01,2.330379e+01,2.336503e+01,2.360962e+01,2.346022e+01,2.349419e+01,2.331740e+01,2.336503e+01,2.344662e+01,2.339904e+01,2.346022e+01,2.341944e+01,2.348060e+01,2.341944e+01,2.346701e+01,2.346701e+01,2.338544e+01,2.349419e+01,2.343303e+01,2.346022e+01,2.335143e+01,2.340584e+01,2.337864e+01,2.360283e+01,2.342623e+01,2.343303e+01,2.349419e+01,2.346022e+01,2.346701e+01,2.343303e+01,2.335823e+01,2.354853e+01,2.354853e+01,2.353495e+01,2.346022e+01,2.354853e+01,2.354853e+01,2.354853e+01,2.346701e+01,2.346022e+01,2.343303e+01,2.349419e+01,2.346022e+01,2.344662e+01,2.355532e+01,2.355532e+01,2.339904e+01,2.339224e+01,2.337183e+01,2.317439e+01,2.309258e+01,2.307894e+01,2.308576e+01,2.307894e+01,2.287410e+01,2.293560e+01,2.294926e+01,2.324933e+01,2.241516e+01,2.240142e+01,2.191276e+01,2.196793e+01,2.208509e+01,2.194725e+01,2.200930e+01,2.197483e+01,2.196104e+01,2.198862e+01,2.196793e+01,2.198172e+01,2.201619e+01,2.214706e+01,2.223650e+01,2.202308e+01,2.216082e+01,2.214706e+01,2.227088e+01,2.268255e+01,2.294243e+01,2.323571e+01,2.340584e+01,2.344662e+01,2.373170e+01,2.396190e+01,2.331060e+01,2.331060e+01,2.280573e+01,2.255237e+01,2.265516e+01,2.266886e+01,2.263461e+01,2.265516e+01,2.249751e+01,2.286727e+01,2.322209e+01,2.300388e+01,2.285360e+01,2.261406e+01,2.292194e+01,2.302436e+01,2.293560e+01,2.274416e+01,2.281257e+01,2.346022e+01,2.346022e+01,2.320165e+01,2.320846e+01,2.329018e+01,2.358247e+01,2.415110e+01,2.374526e+01,2.326976e+01,2.327656e+01,2.302436e+01,2.299706e+01,2.318802e+01,2.284676e+01,2.290144e+01,2.285360e+01,2.265516e+01,2.264831e+01,2.262091e+01,2.293560e+01,2.380623e+01,2.411734e+01,2.312668e+01,2.279206e+01,2.240829e+01,2.251122e+01,2.264146e+01,2.272363e+01,2.268940e+01,2.240829e+01,2.226401e+01,2.237395e+01,2.227776e+01,2.209198e+01,2.225713e+01,2.227776e+01,2.228463e+01,2.247006e+01,2.265516e+01,2.273732e+01,2.232587e+01,2.266201e+01,2.227088e+01,2.233961e+01,2.260720e+01,2.270994e+01,2.275101e+01,2.275785e+01,2.316076e+01,2.310622e+01,2.274416e+01,2.268255e+01,2.216082e+01,2.200241e+01,2.171248e+01,2.157414e+01,2.141480e+01,2.149104e+01,2.149104e+01,2.149796e+01,2.173322e+01,2.184374e+01,2.182993e+01,2.170557e+01,2.160182e+01,2.134545e+01,2.143560e+01,2.154645e+01,2.142867e+01,2.142867e+01,2.141480e+01,2.162258e+01,2.155337e+01,2.168483e+01,2.169175e+01,2.176086e+01,2.172631e+01,2.182303e+01,2.167100e+01,2.165025e+01,2.183684e+01,2.168483e+01,2.172631e+01,2.171248e+01,2.168483e+01,2.174704e+01,2.169866e+01,2.172631e+01,2.176086e+01,2.166409e+01,2.170557e+01,2.171248e+01,2.169175e+01,2.176086e+01,2.175395e+01,2.165025e+01,2.167100e+01,2.160874e+01,2.164334e+01,2.171940e+01,2.163642e+01,2.171248e+01,2.174013e+01,2.162258e+01,2.172631e+01,2.179540e+01,2.167792e+01,2.169866e+01,2.176777e+01,2.180922e+01,2.171940e+01,2.176777e+01,2.174704e+01,2.177468e+01,2.177468e+01,2.177468e+01,2.178850e+01,2.189896e+01,2.172631e+01,2.169175e+01,2.171940e+01,2.171248e+01,2.174013e+01,2.176777e+01,2.180231e+01,2.179540e+01,2.180922e+01,2.180922e+01,2.180231e+01,2.168483e+01,2.176086e+01,2.165025e+01,2.169866e+01,2.174704e+01,2.156721e+01,2.167100e+01,2.177468e+01,2.154645e+01,2.158106e+01,2.157414e+01,2.154645e+01,2.160182e+01,2.155337e+01,2.174704e+01,2.154645e+01,2.153952e+01,2.162950e+01,2.158798e+01,2.161566e+01,2.167792e+01,2.157414e+01,2.158798e+01,2.171248e+01,2.165025e+01,2.165025e+01,2.163642e+01,2.169866e+01,2.158106e+01,2.171248e+01,2.164334e+01,2.170557e+01,2.156029e+01,2.171248e+01,2.176086e+01,2.180922e+01,2.184374e+01,2.167792e+01,2.180231e+01,2.170557e+01,2.170557e+01,2.160182e+01,2.174013e+01,2.175395e+01,2.171248e+01,2.174013e+01,2.173322e+01,2.176777e+01,2.173322e+01,2.174704e+01,2.176777e+01,2.171940e+01,2.169866e+01,2.173322e+01,2.174013e+01,2.178850e+01,2.180231e+01,2.182303e+01,2.174013e+01,2.180231e+01,2.176777e+01,2.175395e+01,2.167792e+01,2.167792e+01,2.185065e+01,2.196793e+01,2.178159e+01,2.181612e+01,2.178850e+01,2.187825e+01,2.182993e+01,2.174704e+01,2.188516e+01,2.177468e+01,2.181612e+01,2.193345e+01,2.182303e+01,2.194035e+01,2.195414e+01,2.196104e+01,2.196104e+01,2.195414e+01,2.199551e+01,2.196104e+01,2.186445e+01,2.190586e+01,2.171248e+01,2.186445e+01,2.203687e+01,2.178850e+01,2.183684e+01,2.198172e+01,2.174704e+01,2.180922e+01,2.180231e+01,2.194725e+01,2.179540e+01,2.178159e+01,2.187135e+01,2.185755e+01,2.185755e+01,2.187825e+01,2.187825e+01,2.179540e+01,2.198172e+01,2.186445e+01,2.187825e+01,2.173322e+01,2.188516e+01,2.171940e+01,2.181612e+01,2.169866e+01,2.198862e+01,2.171248e+01,2.185065e+01,2.184374e+01,2.180231e+01,2.176086e+01,2.181612e+01,2.175395e+01,2.173322e+01,2.174704e+01,2.175395e+01,2.174013e+01,2.202308e+01,2.165717e+01,2.158798e+01,2.164334e+01,2.166409e+01,2.158106e+01,2.161566e+01,2.165717e+01,2.162258e+01,2.161566e+01,2.153260e+01,2.153260e+01,2.153952e+01,2.153952e+01,2.158798e+01,2.155337e+01,2.131076e+01,2.140787e+01,2.152567e+01,2.145639e+01,2.147718e+01,2.156721e+01,2.147718e+01,2.158106e+01,2.162950e+01,2.147718e+01,2.153952e+01,2.150489e+01,2.159490e+01,2.158106e+01,2.160182e+01,2.149104e+01,2.156721e+01,2.153952e+01,2.156721e+01,2.158798e+01,2.161566e+01,2.165025e+01,2.162258e+01,2.162950e+01,2.164334e+01,2.156721e+01,2.171248e+01,2.182303e+01,2.187135e+01,2.177468e+01,2.181612e+01,2.180231e+01,2.176777e+01,2.174704e+01,2.187135e+01,2.171248e+01,2.189206e+01,2.184374e+01,2.180922e+01,2.198862e+01,2.182303e+01,2.182303e+01,2.178850e+01,2.196104e+01,2.193345e+01,2.185755e+01,2.183684e+01,2.180231e+01,2.182303e+01,2.194725e+01,2.194035e+01,2.194035e+01,2.194035e+01,2.189896e+01,2.185755e+01,2.197483e+01,2.186445e+01,2.195414e+01,2.187135e+01,2.191965e+01,2.188516e+01,2.182993e+01,2.194725e+01,2.184374e+01,2.197483e+01,2.190586e+01,2.190586e+01,2.194725e+01,2.200241e+01,2.198172e+01,2.191276e+01,2.194725e+01,2.197483e+01,2.211263e+01,2.208509e+01,2.200241e+01,2.199551e+01,2.178850e+01,2.192655e+01,2.182993e+01,2.203687e+01,2.211952e+01,2.196793e+01,2.208509e+01,2.206442e+01,2.198172e+01,2.209198e+01,2.197483e+01,2.214017e+01,2.213329e+01,2.202308e+01,2.216082e+01,2.198862e+01,2.207131e+01,2.214706e+01,2.214017e+01,2.207131e+01,2.208509e+01,2.200930e+01,2.193345e+01,2.206442e+01,2.200930e+01,2.192655e+01,2.189896e+01,2.195414e+01,2.194725e+01,2.205065e+01,2.204376e+01,2.189896e+01,2.195414e+01,2.196793e+01,2.183684e+01,2.206442e+01,2.200241e+01,2.183684e+01,2.181612e+01,2.191276e+01,2.186445e+01,2.190586e+01,2.167792e+01,2.180922e+01,2.185755e+01,2.194035e+01,2.176086e+01,2.187135e+01,2.156721e+01,2.180231e+01,2.184374e+01,2.176777e+01,2.181612e+01,2.168483e+01,2.184374e+01,2.174704e+01,2.167792e+01,2.172631e+01,2.169175e+01,2.162950e+01,2.166409e+01,2.166409e+01,2.173322e+01,2.155337e+01,2.173322e+01,2.162950e+01,2.162258e+01,2.173322e+01,2.153260e+01,2.153952e+01,2.142174e+01,2.146332e+01,2.149796e+01,2.146332e+01,2.160182e+01,2.144253e+01,2.143560e+01,2.146332e+01,2.144946e+01,2.144253e+01,2.140787e+01,2.137320e+01,2.136626e+01,2.138013e+01,2.147025e+01,2.143560e+01,2.142174e+01,2.153952e+01,2.140787e+01,2.143560e+01,2.142174e+01,2.157414e+01,2.158106e+01,2.161566e+01,2.168483e+01,2.165025e+01,2.162950e+01,2.166409e+01,2.176086e+01,2.165025e+01,2.169866e+01,2.167100e+01,2.175395e+01,2.149796e+01,2.179540e+01,2.183684e+01,2.177468e+01,2.178159e+01,2.171248e+01,2.159490e+01,2.169175e+01,2.170557e+01,2.171248e+01,2.178850e+01,2.186445e+01,2.163642e+01,2.180231e+01,2.173322e+01,2.177468e+01,2.166409e+01,2.166409e+01,2.179540e+01,2.164334e+01,2.161566e+01,2.179540e+01,2.162258e+01
2.283993e+01,2.294243e+01,2.306530e+01,2.297657e+01,2.315395e+01,2.305165e+01,2.307212e+01,2.327656e+01,2.307894e+01,2.324252e+01,2.319484e+01,2.316758e+01,2.325614e+01,2.327656e+01,2.334462e+01,2.338544e+01,2.324252e+01,2.356211e+01,2.339904e+01,2.359605e+01,2.333782e+01,2.350099e+01,2.352816e+01,2.365033e+01,2.355532e+01,2.340584e+01,2.329018e+01,2.350099e+01,2.343983e+01,2.339224e+01,2.348740e+01,2.335823e+01,2.310622e+01,2.354174e+01,2.340584e+01,2.337864e+01,2.316076e+01,2.340584e+01,2.349419e+01,2.366390e+01,2.354853e+01,2.343303e+01,2.356211e+01,2.353495e+01,2.348060e+01,2.353495e+01,2.346022e+01,2.346701e+01,2.348060e+01,2.349419e+01,2.346022e+01,2.346022e+01,2.349419e+01,2.339904e+01,2.333101e+01,2.351457e+01,2.352816e+01,2.350099e+01,2.348060e+01,2.340584e+01,2.346701e+01,2.368424e+01,2.351457e+01,2.354174e+01,2.349419e+01,2.337864e+01,2.339904e+01,2.341944e+01,2.338544e+01,2.335143e+01,2.337864e+01,2.352816e+01,2.333101e+01,2.348060e+01,2.362319e+01,2.342623e+01,2.337183e+01,2.338544e+01,2.342623e+01,2.346022e+01,2.341264e+01,2.344662e+01,2.356211e+01,2.362998e+01,2.340584e+01,2.341264e+01,2.346022e+01,2.350778e+01,2.345342e+01,2.343983e+01,2.362319e+01,2.342623e+01,2.326976e+01,2.342623e+01,2.350099e+01,2.355532e+01,2.351457e+01,2.367746e+01,2.352816e+01,2.342623e+01,2.353495e+01,2.341264e+01,2.342623e+01,2.356890e+01,2.352136e+01,2.352136e+01,2.364355e+01,2.346022e+01,2.360283e+01,2.366390e+01,2.341944e+01,2.337864e+01,2.339904e+01,2.331740e+01,2.314713e+01,2.305165e+01,2.309940e+01,2.304483e+01,2.303801e+01,2.303801e+01,2.290144e+01,2.310622e+01,2.333782e+01,2.266886e+01,2.212641e+01,2.205754e+01,2.206442e+01,2.198862e+01,2.205754e+01,2.196104e+01,2.210575e+01,2.207131e+01,2.198172e+01,2.200930e+01,2.203687e+01,2.198172e+01,2.200241e+01,2.202997e+01,2.208509e+01,2.210575e+01,2.234648e+01,2.216082e+01,2.243575e+01,2.296292e+01,2.323571e+01,2.322209e+01,2.311986e+01,2.368424e+01,2.375881e+01,2.330379e+01,2.346022e+01,2.305848e+01,2.271679e+01,2.268940e+01,2.269625e+01,2.290144e+01,2.262091e+01,2.297657e+01,2.296292e+01,2.323571e+01,2.300388e+01,2.288094e+01,2.294926e+01,2.287410e+01,2.270994e+01,2.243575e+01,2.271679e+01,2.316758e+01,2.316758e+01,2.303801e+01,2.311304e+01,2.324933e+01,2.377914e+01,2.361641e+01,2.329699e+01,2.318121e+01,2.301071e+01,2.275785e+01,2.275785e+01,2.294243e+01,2.297657e+01,2.277837e+01,2.265516e+01,2.261406e+01,2.223650e+01,2.217459e+01,2.234648e+01,2.253866e+01,2.276469e+01,2.328337e+01,2.327656e+01,2.283993e+01,2.240142e+01,2.226401e+01,2.218147e+01,2.199551e+01,2.201619e+01,2.194725e+01,2.198862e+01,2.192655e+01,2.206442e+01,2.216771e+01,2.225026e+01,2.222962e+01,2.223650e+01,2.264831e+01,2.264146e+01,2.240142e+01,2.233961e+01,2.244261e+01,2.227776e+01,2.253866e+01,2.242202e+01,2.262776e+01,2.300388e+01,2.321527e+01,2.275785e+01,2.274416e+01,2.274416e+01,2.253180e+01,2.218147e+01,2.221587e+01,2.225713e+01,2.204376e+01,2.196104e+01,2.205754e+01,2.218147e+01,2.225026e+01,2.245634e+01,2.231900e+01,2.217459e+01,2.171940e+01,2.157414e+01,2.140787e+01,2.158798e+01,2.150489e+01,2.149796e+01,2.150489e+01,2.163642e+01,2.156721e+01,2.168483e+01,2.177468e+01,2.167792e+01,2.184374e+01,2.177468e+01,2.173322e+01,2.178159e+01,2.176086e+01,2.181612e+01,2.168483e+01,2.169175e+01,2.182303e+01,2.176777e+01,2.161566e+01,2.169175e+01,2.168483e+01,2.174704e+01,2.174013e+01,2.175395e+01,2.158798e+01,2.160874e+01,2.174704e+01,2.174704e+01,2.177468e+01,2.179540e+01,2.162258e+01,2.177468e+01,2.162258e+01,2.168483e+01,2.168483e+01,2.187825e+01,2.177468e+01,2.181612e+01,2.177468e+01,2.172631e+01,2.182993e+01,2.174704e+01,2.171940e+01,2.160874e+01,2.180922e+01,2.173322e+01,2.179540e+01,2.189896e+01,2.175395e+01,2.178850e+01,2.188516e+01,2.171940e+01,2.175395e+01,2.169175e+01,2.177468e+01,2.186445e+01,2.182993e+01,2.180922e+01,2.180231e+01,2.180231e+01,2.179540e+01,2.179540e+01,2.180231e+01,2.180231e+01,2.165717e+01,2.167792e+01,2.175395e+01,2.169866e+01,2.160182e+01,2.172631e+01,2.165717e+01,2.160874e+01,2.171940e+01,2.157414e+01,2.163642e+01,2.169175e+01,2.172631e+01,2.163642e+01,2.151875e+01,2.167792e+01,2.173322e+01,2.165025e+01,2.160874e+01,2.158798e+01,2.153952e+01,2.169175e+01,2.174013e+01,2.165717e+01,2.174704e+01,2.165717e+01,2.167792e+01,2.180231e+01,2.170557e+01,2.162258e+01,2.167792e+01,2.182303e+01,2.165025e+01,2.172631e+01,2.188516e+01,2.168483e+01,2.178850e+01,2.168483e+01,2.171940e+01,2.174704e+01,2.164334e+01,2.171940e+01,2.174704e+01,2.178850e+01,2.178850e+01,2.158798e+01,2.170557e+01,2.197483e+01,2.174013e+01,2.177468e+01,2.176086e+01,2.185065e+01,2.176777e+01,2.194725e+01,2.175395e+01,2.183684e+01,2.200930e+01,2.182303e+01,2.185755e+01,2.187135e+01,2.180231e+01,2.184374e+01,2.183684e+01,2.198172e+01,2.185755e+01,2.160182e+01,2.180922e+01,2.182303e+01,2.187135e+01,2.191276e+01,2.200241e+01,2.179540e+01,2.185755e+01,2.189206e+01,2.185065e+01,2.194035e+01,2.193345e+01,2.191965e+01,2.194035e+01,2.198862e+01,2.187825e+01,2.196793e+01,2.192655e+01,2.205065e+01,2.194725e+01,2.196793e+01,2.207820e+01,2.195414e+01,2.194725e+01,2.181612e+01,2.189206e+01,2.187825e+01,2.188516e+01,2.197483e+01,2.182303e+01,2.182993e+01,2.191276e+01,2.182993e+01,2.188516e+01,2.187825e+01,2.196793e+01,2.185065e+01,2.187135e+01,2.186445e+01,2.179540e+01,2.191965e+01,2.182993e+01,2.169866e+01,2.189896e+01,2.187135e+01,2.186445e+01,2.189206e+01,2.181612e+01,2.186445e+01,2.180922e+01,2.182303e+01,2.176777e+01,2.187135e+01,2.196793e+01,2.176086e+01,2.176777e+01,2.174013e+01,2.171248e+01,2.171248e+01,2.158798e+01,2.169866e+01,2.165025e+01,2.161566e+01,2.159490e+01,2.158798e+01,2.158106e+01,2.137320e+01,2.150489e+01,2.160182e+01,2.162950e+01,2.156721e+01,2.157414e+01,2.160874e+01,2.153952e+01,2.147718e+01,2.151875e+01,2.156029e+01,2.147025e+01,2.158798e+01,2.147025e+01,2.158106e+01,2.160874e+01,2.160182e+01,2.152567e+01,2.163642e+01,2.156029e+01,2.159490e+01,2.158106e+01,2.167792e+01,2.168483e+01,2.165025e+01,2.164334e+01,2.173322e+01,2.167792e+01,2.184374e+01,2.175395e+01,2.165717e+01,2.180922e+01,2.178159e+01,2.180231e+01,2.185065e+01,2.184374e+01,2.185065e+01,2.196104e+01,2.187825e+01,2.183684e+01,2.195414e+01,2.185755e+01,2.187825e+01,2.182993e+01,2.197483e+01,2.185755e+01,2.200241e+01,2.200930e+01,2.180922e+01,2.197483e+01,2.198862e+01,2.194035e+01,2.201619e+01,2.202308e+01,2.194725e+01,2.199551e+01,2.188516e+01,2.200930e+01,2.195414e+01,2.197483e+01,2.194035e+01,2.194035e+01,2.187825e+01,2.196793e+01,2.202308e+01,2.189206e+01,2.205065e+01,2.187825e+01,2.190586e+01,2.191965e+01,2.190586e+01,2.196793e+01,2.186445e+01,2.191965e+01,2.191276e+01,2.197483e+01,2.198862e+01,2.209198e+01,2.194035e+01,2.207820e+01,2.198172e+01,2.200930e+01,2.207131e+01,2.205065e+01,2.196793e+01,2.176086e+01,2.199551e+01,2.200930e+01,2.200930e+01,2.196104e+01,2.209198e+01,2.225026e+01,2.207131e+01,2.210575e+01,2.209886e+01,2.211263e+01,2.207131e+01,2.207131e+01,2.211952e+01,2.211952e+01,2.214706e+01,2.211263e+01,2.205754e+01,2.211952e+01,2.216082e+01,2.200930e+01,2.212641e+01,2.214706e+01,2.194035e+01,2.191965e+01,2.203687e+01,2.198862e+01,2.197483e+01,2.190586e+01,2.202997e+01,2.205754e+01,2.190586e+01,2.191276e+01,2.199551e+01,2.190586e+01,2.203687e+01,2.202997e+01,2.184374e+01,2.184374e+01,2.190586e+01,2.175395e+01,2.185065e+01,2.193345e+01,2.191276e+01,2.178159e+01,2.187825e+01,2.187135e+01,2.168483e+01,2.175395e+01,2.169175e+01,2.173322e+01,2.182993e+01,2.179540e+01,2.167100e+01,2.170557e+01,2.174013e+01,2.172631e+01,2.174013e+01,2.169175e+01,2.176086e+01,2.161566e+01,2.164334e+01,2.162950e+01,2.164334e+01,2.158106e+01,2.160182e+01,2.158106e+01,2.153952e+01,2.159490e+01,2.138707e+01,2.151875e+01,2.160182e+01,2.151182e+01,2.152567e+01,2.147025e+01,2.146332e+01,2.147025e+01,2.143560e+01,2.140787e+01,2.145639e+01,2.119966e+01,2.143560e+01,2.140094e+01,2.141480e+01,2.144253e+01,2.160874e+01,2.147718e+01,2.141480e+01,2.151182e+01,2.142867e+01,2.190586e+01,2.160182e+01,2.160874e+01,2.161566e+01,2.165025e+01,2.169175e+01,2.176086e+01,2.169866e+01,2.171248e+01,2.181612e+01,2.178159e+01,2.178159e+01,2.189896e+01,2.188516e+01,2.177468e+01,2.178850e+01,2.177468e+01,2.177468e+01,2.194725e+01,2.171940e+01,2.186445e+01,2.180231e+01,2.180231e+01,2.176086e+01,2.176086e+01,2.185065e+01,2.168483e+01,2.174704e+01,2.160182e+01,2.174704e+01,2.176086e+01,2.167792e+01,2.168483e+01,2.165025e+01,2.174704e+01
2.283993e+01,2.290827e+01,2.279206e+01,2.301071e+01,2.295609e+01,2.292194e+01,2.324252e+01,2.311986e+01,2.311986e+01,2.330379e+01,2.314031e+01,2.331740e+01,2.325614e+01,2.340584e+01,2.340584e+01,2.339904e+01,2.343983e+01,2.357569e+01,2.329699e+01,2.333782e+01,2.356890e+01,2.359605e+01,2.357569e+01,2.347381e+01,2.355532e+01,2.356890e+01,2.349419e+01,2.348060e+01,2.320846e+01,2.353495e+01,2.335823e+01,2.352816e+01,2.354853e+01,2.343303e+01,2.351457e+01,2.346022e+01,2.347381e+01,2.329699e+01,2.343983e+01,2.371814e+01,2.369102e+01,2.340584e+01,2.356211e+01,2.355532e+01,2.349419e+01,2.358926e+01,2.347381e+01,2.354174e+01,2.351457e+01,2.350778e+01,2.349419e+01,2.352136e+01,2.352136e+01,2.352136e+01,2.351457e+01,2.355532e+01,2.354853e+01,2.347381e+01,2.353495e+01,2.351457e+01,2.354174e+01,2.354853e+01,2.344662e+01,2.335143e+01,2.346701e+01,2.350099e+01,2.346701e+01,2.348060e+01,2.346701e+01,2.353495e+01,2.358926e+01,2.338544e+01,2.344662e+01,2.328337e+01,2.346022e+01,2.337864e+01,2.347381e+01,2.358926e+01,2.326295e+01,2.349419e+01,2.339224e+01,2.348740e+01,2.347381e+01,2.337183e+01,2.360962e+01,2.343983e+01,2.345342e+01,2.341944e+01,2.343983e+01,2.346022e+01,2.352816e+01,2.345342e+01,2.348060e+01,2.358247e+01,2.354174e+01,2.354853e+01,2.354174e+01,2.355532e+01,2.355532e+01,2.354853e+01,2.347381e+01,2.339904e+01,2.357569e+01,2.345342e+01,2.357569e+01,2.358926e+01,2.366390e+01,2.347381e+01,2.368424e+01,2.335143e+01,2.354174e+01,2.351457e+01,2.344662e+01,2.343303e+01,2.321527e+01,2.322209e+01,2.326295e+01,2.303118e+01,2.299706e+01,2.294926e+01,2.286043e+01,2.310622e+01,2.331740e+01,2.275101e+01,2.212641e+01,2.206442e+01,2.200930e+01,2.197483e+01,2.195414e+01,2.196793e+01,2.195414e+01,2.196793e+01,2.213329e+01,2.202997e+01,2.200930e+01,2.196104e+01,2.201619e+01,2.200930e+01,2.201619e+01,2.209198e+01,2.215394e+01,2.236022e+01,2.238082e+01,2.294926e+01,2.309940e+01,2.307894e+01,2.316076e+01,2.341264e+01,2.372492e+01,2.347381e+01,2.305165e+01,2.283309e+01,2.310622e+01,2.269625e+01,2.259350e+01,2.256608e+01,2.272363e+01,2.297657e+01,2.324252e+01,2.314031e+01,2.296975e+01,2.279206e+01,2.274416e+01,2.275101e+01,2.238769e+01,2.234648e+01,2.242888e+01,2.277837e+01,2.277837e+01,2.310622e+01,2.308576e+01,2.344662e+01,2.379269e+01,2.335143e+01,2.296292e+01,2.283993e+01,2.277837e+01,2.277153e+01,2.275101e+01,2.268940e+01,2.257979e+01,2.275101e+01,2.273732e+01,2.231900e+01,2.179540e+01,2.209198e+01,2.205065e+01,2.233961e+01,2.263461e+01,2.303118e+01,2.273047e+01,2.270994e+01,2.243575e+01,2.232587e+01,2.236022e+01,2.200241e+01,2.194725e+01,2.200241e+01,2.191965e+01,2.225026e+01,2.229151e+01,2.227776e+01,2.247692e+01,2.250437e+01,2.266201e+01,2.270994e+01,2.273047e+01,2.268940e+01,2.262091e+01,2.271679e+01,2.269625e+01,2.248379e+01,2.231900e+01,2.262776e+01,2.274416e+01,2.261406e+01,2.273732e+01,2.275785e+01,2.222962e+01,2.220899e+01,2.217459e+01,2.222275e+01,2.264146e+01,2.227088e+01,2.215394e+01,2.218147e+01,2.236709e+01,2.257979e+01,2.258665e+01,2.207820e+01,2.169866e+01,2.153952e+01,2.155337e+01,2.144946e+01,2.172631e+01,2.162950e+01,2.154645e+01,2.161566e+01,2.152567e+01,2.165025e+01,2.167100e+01,2.173322e+01,2.175395e+01,2.178850e+01,2.176777e+01,2.172631e+01,2.171248e+01,2.185065e+01,2.171248e+01,2.176086e+01,2.183684e+01,2.187135e+01,2.172631e+01,2.180922e+01,2.182993e+01,2.178850e+01,2.178850e+01,2.180231e+01,2.167100e+01,2.175395e+01,2.179540e+01,2.179540e+01,2.179540e+01,2.169866e+01,2.167100e+01,2.182303e+01,2.168483e+01,2.173322e+01,2.171940e+01,2.171248e+01,2.172631e+01,2.171940e+01,2.186445e+01,2.167100e+01,2.182993e+01,2.170557e+01,2.176086e+01,2.173322e+01,2.177468e+01,2.180922e+01,2.177468e+01,2.173322e+01,2.184374e+01,2.175395e+01,2.185755e+01,2.165025e+01,2.189206e+01,2.182303e+01,2.177468e+01,2.174013e+01,2.178850e+01,2.176086e+01,2.191276e+01,2.177468e+01,2.176777e+01,2.180231e+01,2.180922e+01,2.180231e+01,2.175395e+01,2.180231e+01,2.179540e+01,2.177468e+01,2.167792e+01,2.177468e+01,2.156721e+01,2.163642e+01,2.160874e+01,2.165025e+01,2.160182e+01,2.157414e+01,2.159490e+01,2.160182e+01,2.160874e+01,2.167792e+01,2.163642e+01,2.163642e+01,2.155337e+01,2.164334e+01,2.158106e+01,2.170557e+01,2.175395e+01,2.162950e+01,2.176086e+01,2.188516e+01,2.169175e+01,2.163642e+01,2.169175e+01,2.169866e+01,2.176777e+01,2.184374e+01,2.156029e+01,2.168483e+01,2.167792e+01,2.170557e+01,2.174013e+01,2.171940e+01,2.169866e+01,2.170557e+01,2.175395e+01,2.171248e+01,2.182303e+01,2.178850e+01,2.180231e+01,2.171248e+01,2.174013e+01,2.174704e+01,2.177468e+01,2.179540e+01,2.171940e+01,2.182993e+01,2.183684e+01,2.180231e+01,2.198172e+01,2.178850e+01,2.176777e+01,2.178159e+01,2.184374e+01,2.175395e+01,2.183684e+01,2.201619e+01,2.192655e+01,2.185065e+01,2.183684e+01,2.185755e+01,2.191276e+01,2.179540e+01,2.197483e+01,2.190586e+01,2.189206e+01,2.198172e+01,2.200930e+01,2.197483e+01,2.189896e+01,2.195414e+01,2.209198e+01,2.199551e+01,2.196793e+01,2.194725e+01,2.193345e+01,2.186445e+01,2.196793e+01,2.202308e+01,2.196793e+01,2.189896e+01,2.197483e+01,2.192655e+01,2.193345e+01,2.194035e+01,2.193345e+01,2.196793e+01,2.193345e+01,2.195414e+01,2.197483e+01,2.193345e+01,2.191965e+01,2.176777e+01,2.194725e+01,2.198172e+01,2.193345e+01,2.199551e+01,2.180231e+01,2.194035e+01,2.182993e+01,2.194035e+01,2.186445e+01,2.184374e+01,2.176086e+01,2.170557e+01,2.169866e+01,2.191965e+01,2.192655e+01,2.197483e+01,2.174013e+01,2.180231e+01,2.175395e+01,2.180922e+01,2.187135e+01,2.182303e+01,2.187825e+01,2.177468e+01,2.179540e+01,2.180231e+01,2.169175e+01,2.183684e+01,2.158106e+01,2.176086e+01,2.169866e+01,2.169866e+01,2.165025e+01,2.172631e+01,2.157414e+01,2.167792e+01,2.160874e+01,2.166409e+01,2.171940e+01,2.163642e+01,2.162258e+01,2.153952e+01,2.150489e+01,2.158798e+01,2.159490e+01,2.147718e+01,2.150489e+01,2.151182e+01,2.153952e+01,2.158798e+01,2.156029e+01,2.156029e+01,2.158106e+01,2.157414e+01,2.163642e+01,2.154645e+01,2.155337e+01,2.168483e+01,2.162258e+01,2.180922e+01,2.169175e+01,2.173322e+01,2.170557e+01,2.189206e+01,2.174704e+01,2.181612e+01,2.180231e+01,2.178850e+01,2.170557e+01,2.185065e+01,2.187825e+01,2.191276e+01,2.198172e+01,2.189206e+01,2.184374e+01,2.175395e+01,2.191276e+01,2.199551e+01,2.194035e+01,2.200241e+01,2.202308e+01,2.186445e+01,2.183684e+01,2.201619e+01,2.191965e+01,2.187135e+01,2.196104e+01,2.200930e+01,2.198862e+01,2.208509e+01,2.193345e+01,2.200930e+01,2.196793e+01,2.198862e+01,2.201619e+01,2.206442e+01,2.198172e+01,2.199551e+01,2.184374e+01,2.201619e+01,2.198862e+01,2.199551e+01,2.203687e+01,2.200241e+01,2.187825e+01,2.198172e+01,2.189206e+01,2.189896e+01,2.205754e+01,2.207820e+01,2.191965e+01,2.208509e+01,2.198862e+01,2.212641e+01,2.211263e+01,2.205065e+01,2.205754e+01,2.202308e+01,2.205065e+01,2.188516e+01,2.208509e+01,2.207131e+01,2.206442e+01,2.206442e+01,2.209198e+01,2.209198e+01,2.209198e+01,2.200241e+01,2.204376e+01,2.211263e+01,2.200930e+01,2.211952e+01,2.211952e+01,2.214017e+01,2.211263e+01,2.212641e+01,2.205754e+01,2.216082e+01,2.200930e+01,2.197483e+01,2.212641e+01,2.211952e+01,2.192655e+01,2.205065e+01,2.194035e+01,2.193345e+01,2.193345e+01,2.202997e+01,2.198172e+01,2.193345e+01,2.185755e+01,2.200241e+01,2.190586e+01,2.194725e+01,2.192655e+01,2.182993e+01,2.194035e+01,2.184374e+01,2.179540e+01,2.182303e+01,2.171940e+01,2.184374e+01,2.186445e+01,2.172631e+01,2.186445e+01,2.188516e+01,2.187825e+01,2.171940e+01,2.164334e+01,2.168483e+01,2.179540e+01,2.167100e+01,2.178159e+01,2.168483e+01,2.168483e+01,2.171248e+01,2.174704e+01,2.175395e+01,2.163642e+01,2.171940e+01,2.174013e+01,2.142867e+01,2.170557e+01,2.171248e+01,2.157414e+01,2.151875e+01,2.160874e+01,2.158798e+01,2.157414e+01,2.160182e+01,2.150489e+01,2.139400e+01,2.139400e+01,2.153260e+01,2.140094e+01,2.148411e+01,2.144946e+01,2.145639e+01,2.144946e+01,2.144253e+01,2.146332e+01,2.147718e+01,2.147025e+01,2.143560e+01,2.121355e+01,2.149796e+01,2.145639e+01,2.148411e+01,2.153260e+01,2.153952e+01,2.160874e+01,2.160874e+01,2.168483e+01,2.160874e+01,2.180231e+01,2.175395e+01,2.178159e+01,2.174704e+01,2.172631e+01,2.181612e+01,2.171940e+01,2.182993e+01,2.178850e+01,2.180231e+01,2.179540e+01,2.181612e+01,2.180231e+01,2.162258e+01,2.194725e+01,2.187135e+01,2.189206e+01,2.172631e+01,2.182993e+01,2.186445e+01,2.185065e+01,2.188516e+01,2.181612e+01,2.165717e+01,2.173322e+01,2.169866e+01,2.176086e+01,2.182993e+01,2.171248e+01,2.164334e+01
2.282625e+01,2.285360e+01,2.303118e+01,2.310622e+01,2.304483e+01,2.313350e+01,2.324252e+01,2.318121e+01,2.317439e+01,2.316758e+01,2.330379e+01,2.323571e+01,2.338544e+01,2.338544e+01,2.339904e+01,2.346701e+01,2.360962e+01,2.360962e+01,2.353495e+01,2.357569e+01,2.348060e+01,2.354853e+01,2.350099e+01,2.342623e+01,2.357569e+01,2.351457e+01,2.337183e+01,2.339904e+01,2.350778e+01,2.329699e+01,2.339224e+01,2.333782e+01,2.353495e+01,2.349419e+01,2.356890e+01,2.331740e+01,2.335823e+01,2.347381e+01,2.347381e+01,2.348060e+01,2.349419e+01,2.372492e+01,2.355532e+01,2.342623e+01,2.352136e+01,2.352816e+01,2.357569e+01,2.351457e+01,2.353495e+01,2.347381e+01,2.349419e+01,2.352136e+01,2.347381e+01,2.348740e+01,2.352136e+01,2.345342e+01,2.342623e+01,2.354174e+01,2.347381e+01,2.348060e+01,2.346701e+01,2.343303e+01,2.343303e+01,2.341944e+01,2.346022e+01,2.356211e+01,2.335823e+01,2.342623e+01,2.342623e+01,2.345342e+01,2.347381e+01,2.348740e+01,2.348060e+01,2.344662e+01,2.335143e+01,2.343303e+01,2.348740e+01,2.351457e+01,2.326976e+01,2.343983e+01,2.342623e+01,2.343983e+01,2.343983e+01,2.346022e+01,2.344662e+01,2.343303e+01,2.343983e+01,2.337183e+01,2.341264e+01,2.349419e+01,2.349419e+01,2.339224e+01,2.347381e+01,2.359605e+01,2.357569e+01,2.345342e+01,2.358247e+01,2.358926e+01,2.353495e+01,2.354174e+01,2.354174e+01,2.350778e+01,2.357569e+01,2.360283e+01,2.352136e+01,2.350778e+01,2.358926e+01,2.345342e+01,2.360962e+01,2.348060e+01,2.337183e+01,2.347381e+01,2.340584e+01,2.316758e+01,2.336503e+01,2.322209e+01,2.320846e+01,2.300388e+01,2.315395e+01,2.301071e+01,2.294243e+01,2.297657e+01,2.328337e+01,2.309940e+01,2.244948e+01,2.199551e+01,2.196104e+01,2.202997e+01,2.194725e+01,2.201619e+01,2.205754e+01,2.198172e+01,2.194035e+01,2.207820e+01,2.208509e+01,2.179540e+01,2.200930e+01,2.203687e+01,2.205065e+01,2.207820e+01,2.212641e+01,2.231212e+01,2.239456e+01,2.296292e+01,2.299023e+01,2.301753e+01,2.309258e+01,2.314713e+01,2.392132e+01,2.386718e+01,2.298340e+01,2.348740e+01,2.353495e+01,2.281941e+01,2.260035e+01,2.254551e+01,2.270994e+01,2.293560e+01,2.314031e+01,2.294243e+01,2.267571e+01,2.266201e+01,2.298340e+01,2.283993e+01,2.254551e+01,2.223650e+01,2.247692e+01,2.315395e+01,2.294243e+01,2.292194e+01,2.274416e+01,2.293560e+01,2.318121e+01,2.286043e+01,2.279206e+01,2.290827e+01,2.290827e+01,2.274416e+01,2.277153e+01,2.277153e+01,2.275101e+01,2.264146e+01,2.299706e+01,2.284676e+01,2.224338e+01,2.229838e+01,2.236022e+01,2.214017e+01,2.231900e+01,2.260035e+01,2.261406e+01,2.244261e+01,2.278522e+01,2.271679e+01,2.242888e+01,2.217459e+01,2.216771e+01,2.235335e+01,2.266201e+01,2.277153e+01,2.275785e+01,2.248379e+01,2.227088e+01,2.224338e+01,2.272363e+01,2.281941e+01,2.273732e+01,2.280573e+01,2.309940e+01,2.371814e+01,2.329699e+01,2.260035e+01,2.241516e+01,2.231212e+01,2.236022e+01,2.234648e+01,2.233961e+01,2.216771e+01,2.212641e+01,2.193345e+01,2.218835e+01,2.210575e+01,2.221587e+01,2.209198e+01,2.190586e+01,2.203687e+01,2.234648e+01,2.205754e+01,2.151875e+01,2.146332e+01,2.144946e+01,2.142174e+01,2.151182e+01,2.164334e+01,2.153952e+01,2.163642e+01,2.171940e+01,2.165717e+01,2.167792e+01,2.171248e+01,2.181612e+01,2.175395e+01,2.184374e+01,2.177468e+01,2.176777e+01,2.180231e+01,2.177468e+01,2.182303e+01,2.196793e+01,2.176086e+01,2.172631e+01,2.167792e+01,2.185065e+01,2.170557e+01,2.164334e+01,2.182303e+01,2.167100e+01,2.177468e+01,2.174704e+01,2.163642e+01,2.168483e+01,2.172631e+01,2.185755e+01,2.171940e+01,2.177468e+01,2.182303e+01,2.176086e+01,2.171248e+01,2.170557e+01,2.163642e+01,2.173322e+01,2.179540e+01,2.169175e+01,2.172631e+01,2.173322e+01,2.174704e+01,2.175395e+01,2.176086e+01,2.169175e+01,2.180231e+01,2.175395e+01,2.179540e+01,2.183684e+01,2.187825e+01,2.184374e+01,2.192655e+01,2.184374e+01,2.187135e+01,2.182993e+01,2.184374e+01,2.186445e+01,2.180231e+01,2.175395e+01,2.181612e+01,2.171248e+01,2.175395e+01,2.182303e+01,2.181612e+01,2.178850e+01,2.179540e+01,2.174013e+01,2.178159e+01,2.178850e+01,2.179540e+01,2.163642e+01,2.154645e+01,2.158798e+01,2.169175e+01,2.162950e+01,2.161566e+01,2.155337e+01,2.160182e+01,2.162950e+01,2.173322e+01,2.167792e+01,2.165717e+01,2.156029e+01,2.168483e+01,2.173322e+01,2.172631e+01,2.173322e+01,2.165025e+01,2.175395e+01,2.173322e+01,2.182303e+01,2.175395e+01,2.171248e+01,2.178850e+01,2.175395e+01,2.183684e+01,2.185065e+01,2.174704e+01,2.181612e+01,2.172631e+01,2.171940e+01,2.180231e+01,2.179540e+01,2.178850e+01,2.180231e+01,2.179540e+01,2.171248e+01,2.173322e+01,2.182993e+01,2.179540e+01,2.187135e+01,2.176777e+01,2.183684e+01,2.178850e+01,2.182993e+01,2.180231e+01,2.185755e+01,2.194035e+01,2.182303e+01,2.178850e+01,2.185065e+01,2.177468e+01,2.176777e+01,2.198172e+01,2.181612e+01,2.184374e+01,2.202308e+01,2.200241e+01,2.188516e+01,2.185065e+01,2.198172e+01,2.198862e+01,2.181612e+01,2.198862e+01,2.192655e+01,2.202308e+01,2.210575e+01,2.196104e+01,2.197483e+01,2.196104e+01,2.197483e+01,2.200241e+01,2.191965e+01,2.193345e+01,2.187135e+01,2.207820e+01,2.214017e+01,2.206442e+01,2.201619e+01,2.195414e+01,2.193345e+01,2.195414e+01,2.191965e+01,2.185755e+01,2.199551e+01,2.185065e+01,2.215394e+01,2.196793e+01,2.193345e+01,2.176777e+01,2.178159e+01,2.188516e+01,2.197483e+01,2.190586e+01,2.188516e+01,2.191276e+01,2.197483e+01,2.180922e+01,2.186445e+01,2.216082e+01,2.194035e+01,2.181612e+01,2.195414e+01,2.189206e+01,2.189206e+01,2.174013e+01,2.187135e+01,2.205065e+01,2.189206e+01,2.187135e+01,2.187135e+01,2.182303e+01,2.165717e+01,2.181612e+01,2.182303e+01,2.176777e+01,2.185755e+01,2.183684e+01,2.180231e+01,2.177468e+01,2.176086e+01,2.180922e+01,2.167100e+01,2.173322e+01,2.167792e+01,2.176086e+01,2.171248e+01,2.167792e+01,2.163642e+01,2.165717e+01,2.152567e+01,2.174013e+01,2.171248e+01,2.153260e+01,2.144253e+01,2.154645e+01,2.154645e+01,2.153952e+01,2.162258e+01,2.160874e+01,2.156721e+01,2.169866e+01,2.156029e+01,2.171940e+01,2.154645e+01,2.156029e+01,2.182303e+01,2.169175e+01,2.185065e+01,2.174704e+01,2.178850e+01,2.177468e+01,2.173322e+01,2.189206e+01,2.184374e+01,2.176086e+01,2.172631e+01,2.184374e+01,2.184374e+01,2.187135e+01,2.189206e+01,2.189206e+01,2.208509e+01,2.198172e+01,2.192655e+01,2.201619e+01,2.195414e+01,2.199551e+01,2.205754e+01,2.196793e+01,2.191965e+01,2.221587e+01,2.193345e+01,2.200241e+01,2.195414e+01,2.208509e+01,2.202308e+01,2.199551e+01,2.196793e+01,2.209198e+01,2.208509e+01,2.198172e+01,2.196793e+01,2.201619e+01,2.200930e+01,2.196793e+01,2.202308e+01,2.197483e+01,2.203687e+01,2.203687e+01,2.200930e+01,2.196793e+01,2.200241e+01,2.194725e+01,2.205065e+01,2.190586e+01,2.198862e+01,2.197483e+01,2.208509e+01,2.190586e+01,2.210575e+01,2.205065e+01,2.201619e+01,2.214017e+01,2.202997e+01,2.192655e+01,2.196104e+01,2.196793e+01,2.207131e+01,2.194035e+01,2.200241e+01,2.207820e+01,2.204376e+01,2.204376e+01,2.211952e+01,2.209886e+01,2.198862e+01,2.209886e+01,2.205065e+01,2.209886e+01,2.207820e+01,2.205754e+01,2.211952e+01,2.209198e+01,2.215394e+01,2.222275e+01,2.211263e+01,2.211952e+01,2.209198e+01,2.211952e+01,2.213329e+01,2.211263e+01,2.206442e+01,2.198172e+01,2.190586e+01,2.198172e+01,2.195414e+01,2.199551e+01,2.192655e+01,2.191276e+01,2.201619e+01,2.182303e+01,2.199551e+01,2.187135e+01,2.209886e+01,2.195414e+01,2.177468e+01,2.196793e+01,2.177468e+01,2.170557e+01,2.176777e+01,2.172631e+01,2.174013e+01,2.181612e+01,2.176777e+01,2.178159e+01,2.178159e+01,2.188516e+01,2.163642e+01,2.176086e+01,2.165717e+01,2.178850e+01,2.165717e+01,2.180231e+01,2.167100e+01,2.149104e+01,2.166409e+01,2.166409e+01,2.174013e+01,2.181612e+01,2.165025e+01,2.178159e+01,2.153952e+01,2.149796e+01,2.183684e+01,2.182303e+01,2.158798e+01,2.162950e+01,2.153260e+01,2.167100e+01,2.151875e+01,2.151182e+01,2.165717e+01,2.146332e+01,2.147025e+01,2.155337e+01,2.148411e+01,2.140787e+01,2.148411e+01,2.146332e+01,2.144253e+01,2.145639e+01,2.147025e+01,2.147025e+01,2.142867e+01,2.138707e+01,2.147025e+01,2.160874e+01,2.147718e+01,2.149104e+01,2.152567e+01,2.159490e+01,2.162258e+01,2.159490e+01,2.164334e+01,2.172631e+01,2.175395e+01,2.169175e+01,2.172631e+01,2.166409e+01,2.171248e+01,2.180231e+01,2.186445e+01,2.169175e+01,2.187135e+01,2.189206e+01,2.181612e+01,2.193345e+01,2.180922e+01,2.194725e+01,2.185755e+01,2.187825e+01,2.187825e+01,2.179540e+01,2.194725e+01,2.185065e+01,2.186445e+01,2.198172e+01,2.175395e+01,2.166409e+01,2.173322e+01,2.185065e+01,2.182993e+01,2.178850e+01,2.171248e+01,2.174013e+01
2.296292e+01,2.281941e+01,2.281257e+01,2.288777e+01,2.298340e+01,2.303118e+01,2.307894e+01,2.307212e+01,2.301071e+01,2.306530e+01,2.331740e+01,2.332421e+01,2.333101e+01,2.334462e+01,2.339224e+01,2.342623e+01,2.361641e+01,2.349419e+01,2.341264e+01,2.333101e+01,2.363676e+01,2.355532e+01,2.339904e+01,2.354853e+01,2.354174e+01,2.347381e+01,2.337864e+01,2.350778e+01,2.341264e+01,2.349419e+01,2.354174e+01,2.334462e+01,2.337183e+01,2.353495e+01,2.342623e+01,2.341264e+01,2.331740e+01,2.345342e+01,2.345342e+01,2.348740e+01,2.337864e+01,2.367746e+01,2.346701e+01,2.337864e+01,2.352816e+01,2.357569e+01,2.356211e+01,2.351457e+01,2.353495e+01,2.349419e+01,2.352816e+01,2.350099e+01,2.346701e+01,2.352816e+01,2.354174e+01,2.351457e+01,2.335823e+01,2.348740e+01,2.346701e+01,2.350099e+01,2.348060e+01,2.348740e+01,2.356890e+01,2.337183e+01,2.343303e+01,2.354174e+01,2.337183e+01,2.348740e+01,2.341944e+01,2.341944e+01,2.343983e+01,2.347381e+01,2.344662e+01,2.359605e+01,2.340584e+01,2.334462e+01,2.335823e+01,2.325614e+01,2.316758e+01,2.346022e+01,2.345342e+01,2.350099e+01,2.339224e+01,2.364355e+01,2.343983e+01,2.342623e+01,2.333782e+01,2.343983e+01,2.339224e+01,2.335143e+01,2.343303e+01,2.350778e+01,2.342623e+01,2.344662e+01,2.348060e+01,2.356211e+01,2.354853e+01,2.352136e+01,2.349419e+01,2.350099e+01,2.348060e+01,2.343303e+01,2.343303e+01,2.359605e+01,2.358926e+01,2.354853e+01,2.354174e+01,2.347381e+01,2.342623e+01,2.361641e+01,2.345342e+01,2.348060e+01,2.345342e+01,2.328337e+01,2.336503e+01,2.321527e+01,2.328337e+01,2.319484e+01,2.290827e+01,2.292194e+01,2.262091e+01,2.311986e+01,2.323571e+01,2.324933e+01,2.251808e+01,2.202308e+01,2.194725e+01,2.208509e+01,2.171248e+01,2.195414e+01,2.194035e+01,2.198862e+01,2.194725e+01,2.200930e+01,2.179540e+01,2.205065e+01,2.196104e+01,2.207131e+01,2.200930e+01,2.211952e+01,2.213329e+01,2.214017e+01,2.235335e+01,2.262091e+01,2.275785e+01,2.288094e+01,2.311304e+01,2.364355e+01,2.446118e+01,2.384010e+01,2.299706e+01,2.329699e+01,2.298340e+01,2.257979e+01,2.260720e+01,2.244948e+01,2.257979e+01,2.258665e+01,2.277153e+01,2.274416e+01,2.266886e+01,2.278522e+01,2.266886e+01,2.253180e+01,2.233274e+01,2.238769e+01,2.275101e+01,2.289461e+01,2.244261e+01,2.275785e+01,2.253180e+01,2.260720e+01,2.286727e+01,2.290827e+01,2.303118e+01,2.308576e+01,2.295609e+01,2.275785e+01,2.288094e+01,2.288777e+01,2.279206e+01,2.326976e+01,2.353495e+01,2.311986e+01,2.305165e+01,2.267571e+01,2.218835e+01,2.253866e+01,2.283993e+01,2.285360e+01,2.318121e+01,2.296292e+01,2.277153e+01,2.275101e+01,2.275785e+01,2.233274e+01,2.234648e+01,2.235335e+01,2.281257e+01,2.296975e+01,2.309258e+01,2.279889e+01,2.253866e+01,2.288777e+01,2.286043e+01,2.262776e+01,2.272363e+01,2.279206e+01,2.314031e+01,2.343983e+01,2.343983e+01,2.302436e+01,2.270309e+01,2.259350e+01,2.236709e+01,2.217459e+01,2.205065e+01,2.198172e+01,2.187135e+01,2.200241e+01,2.192655e+01,2.210575e+01,2.221587e+01,2.220211e+01,2.227088e+01,2.218835e+01,2.180231e+01,2.142867e+01,2.135933e+01,2.141480e+01,2.152567e+01,2.149104e+01,2.147025e+01,2.141480e+01,2.159490e+01,2.153952e+01,2.172631e+01,2.183684e+01,2.189206e+01,2.189206e+01,2.189206e+01,2.175395e+01,2.172631e+01,2.180922e+01,2.178850e+01,2.175395e+01,2.171248e+01,2.182993e+01,2.180231e+01,2.174704e+01,2.167100e+01,2.188516e+01,2.167792e+01,2.169175e+01,2.186445e+01,2.169866e+01,2.178159e+01,2.185065e+01,2.175395e+01,2.174013e+01,2.185065e+01,2.160182e+01,2.171940e+01,2.170557e+01,2.167792e+01,2.179540e+01,2.168483e+01,2.183684e+01,2.174013e+01,2.172631e+01,2.176086e+01,2.175395e+01,2.171248e+01,2.171248e+01,2.174704e+01,2.170557e+01,2.180922e+01,2.172631e+01,2.176086e+01,2.181612e+01,2.175395e+01,2.184374e+01,2.187825e+01,2.194035e+01,2.161566e+01,2.186445e+01,2.185755e+01,2.196104e+01,2.177468e+01,2.183684e+01,2.178159e+01,2.176086e+01,2.179540e+01,2.182993e+01,2.170557e+01,2.169175e+01,2.180231e+01,2.182303e+01,2.166409e+01,2.179540e+01,2.176086e+01,2.177468e+01,2.159490e+01,2.168483e+01,2.171940e+01,2.172631e+01,2.171248e+01,2.164334e+01,2.161566e+01,2.160874e+01,2.161566e+01,2.167100e+01,2.156029e+01,2.160182e+01,2.168483e+01,2.160182e+01,2.156029e+01,2.166409e+01,2.165025e+01,2.176086e+01,2.155337e+01,2.165025e+01,2.171248e+01,2.173322e+01,2.153952e+01,2.176777e+01,2.182993e+01,2.175395e+01,2.182993e+01,2.182303e+01,2.181612e+01,2.174704e+01,2.178159e+01,2.172631e+01,2.172631e+01,2.170557e+01,2.171248e+01,2.182993e+01,2.168483e+01,2.187825e+01,2.175395e+01,2.176777e+01,2.183684e+01,2.176777e+01,2.189896e+01,2.187135e+01,2.180922e+01,2.185065e+01,2.184374e+01,2.182303e+01,2.182303e+01,2.179540e+01,2.197483e+01,2.186445e+01,2.202997e+01,2.187825e+01,2.187825e+01,2.189206e+01,2.186445e+01,2.194035e+01,2.199551e+01,2.207131e+01,2.198862e+01,2.189896e+01,2.185755e+01,2.211952e+01,2.200241e+01,2.194035e+01,2.193345e+01,2.196793e+01,2.202997e+01,2.189896e+01,2.200930e+01,2.194035e+01,2.205065e+01,2.194035e+01,2.209198e+01,2.191965e+01,2.185755e+01,2.207131e+01,2.184374e+01,2.200930e+01,2.196793e+01,2.200241e+01,2.195414e+01,2.210575e+01,2.198172e+01,2.204376e+01,2.189896e+01,2.194725e+01,2.198862e+01,2.194725e+01,2.194035e+01,2.194725e+01,2.192655e+01,2.194035e+01,2.193345e+01,2.194035e+01,2.193345e+01,2.187825e+01,2.200930e+01,2.197483e+01,2.182303e+01,2.178850e+01,2.183684e+01,2.197483e+01,2.192655e+01,2.190586e+01,2.176086e+01,2.179540e+01,2.188516e+01,2.192655e+01,2.177468e+01,2.185755e+01,2.189896e+01,2.190586e+01,2.163642e+01,2.160874e+01,2.183684e+01,2.170557e+01,2.185065e+01,2.184374e+01,2.179540e+01,2.171248e+01,2.167792e+01,2.172631e+01,2.164334e+01,2.171940e+01,2.172631e+01,2.169175e+01,2.161566e+01,2.153260e+01,2.156029e+01,2.160874e+01,2.167100e+01,2.174704e+01,2.145639e+01,2.161566e+01,2.153952e+01,2.170557e+01,2.171248e+01,2.174704e+01,2.146332e+01,2.149104e+01,2.167100e+01,2.156721e+01,2.162950e+01,2.171940e+01,2.155337e+01,2.177468e+01,2.163642e+01,2.162258e+01,2.176777e+01,2.173322e+01,2.180922e+01,2.170557e+01,2.182993e+01,2.178159e+01,2.182303e+01,2.193345e+01,2.182303e+01,2.204376e+01,2.185755e+01,2.185755e+01,2.205065e+01,2.197483e+01,2.202997e+01,2.202997e+01,2.189896e+01,2.198862e+01,2.198172e+01,2.205754e+01,2.202997e+01,2.204376e+01,2.206442e+01,2.218835e+01,2.194035e+01,2.205754e+01,2.222275e+01,2.197483e+01,2.216082e+01,2.198172e+01,2.195414e+01,2.205065e+01,2.207131e+01,2.209198e+01,2.198862e+01,2.208509e+01,2.197483e+01,2.199551e+01,2.211263e+01,2.204376e+01,2.206442e+01,2.213329e+01,2.199551e+01,2.205754e+01,2.211952e+01,2.200930e+01,2.200930e+01,2.212641e+01,2.189206e+01,2.200241e+01,2.212641e+01,2.208509e+01,2.205065e+01,2.200241e+01,2.220899e+01,2.218835e+01,2.219523e+01,2.205065e+01,2.207131e+01,2.207131e+01,2.194035e+01,2.207131e+01,2.200930e+01,2.204376e+01,2.205754e+01,2.204376e+01,2.207820e+01,2.209198e+01,2.210575e+01,2.211263e+01,2.203687e+01,2.209886e+01,2.209198e+01,2.209886e+01,2.203687e+01,2.205754e+01,2.211263e+01,2.195414e+01,2.201619e+01,2.202997e+01,2.211952e+01,2.200241e+01,2.203687e+01,2.204376e+01,2.209198e+01,2.207131e+01,2.195414e+01,2.200930e+01,2.183684e+01,2.193345e+01,2.181612e+01,2.185755e+01,2.191276e+01,2.192655e+01,2.177468e+01,2.178850e+01,2.176777e+01,2.178850e+01,2.192655e+01,2.187135e+01,2.177468e+01,2.175395e+01,2.158106e+01,2.178159e+01,2.171940e+01,2.171248e+01,2.161566e+01,2.173322e+01,2.174704e+01,2.174704e+01,2.166409e+01,2.165025e+01,2.180231e+01,2.168483e+01,2.162950e+01,2.165717e+01,2.169175e+01,2.180922e+01,2.160874e+01,2.182303e+01,2.173322e+01,2.159490e+01,2.170557e+01,2.168483e+01,2.167100e+01,2.162258e+01,2.161566e+01,2.163642e+01,2.159490e+01,2.165025e+01,2.166409e+01,2.156029e+01,2.148411e+01,2.139400e+01,2.140787e+01,2.141480e+01,2.149796e+01,2.142867e+01,2.144946e+01,2.136626e+01,2.134545e+01,2.146332e+01,2.145639e+01,2.145639e+01,2.145639e+01,2.147718e+01,2.144946e+01,2.147718e+01,2.157414e+01,2.141480e+01,2.165025e+01,2.150489e+01,2.167100e+01,2.154645e+01,2.165717e+01,2.180231e+01,2.164334e+01,2.171940e+01,2.175395e+01,2.180922e+01,2.174704e+01,2.178850e+01,2.180231e+01,2.196793e+01,2.184374e+01,2.177468e+01,2.183684e+01,2.184374e+01,2.189896e+01,2.161566e+01,2.187135e+01,2.182993e+01,2.181612e+01,2.179540e+01,2.163642e+01,2.187825e+01,2.194725e+01,2.188516e+01,2.174704e+01,2.196104e+01,2.183684e+01,2.178850e+01,2.177468e+01,2.194035e+01,2.187825e+01,2.174704e+01,2.167100e+01,2.177468e+01
2.278522e+01,2.285360e+01,2.296292e+01,2.305165e+01,2.309258e+01,2.301071e+01,2.301753e+01,2.314031e+01,2.305165e+01,2.318802e+01,2.326976e+01,2.332421e+01,2.341944e+01,2.337864e+01,2.337864e+01,2.335823e+01,2.359605e+01,2.338544e+01,2.342623e+01,2.356890e+01,2.331060e+01,2.354174e+01,2.353495e+01,2.343303e+01,2.362319e+01,2.342623e+01,2.348740e+01,2.339224e+01,2.350778e+01,2.350099e+01,2.345342e+01,2.352136e+01,2.346701e+01,2.352136e+01,2.337183e+01,2.337183e+01,2.345342e+01,2.346701e+01,2.347381e+01,2.350099e+01,2.347381e+01,2.346701e+01,2.339904e+01,2.356890e+01,2.360962e+01,2.358926e+01,2.356211e+01,2.349419e+01,2.354174e+01,2.348740e+01,2.350099e+01,2.352136e+01,2.346022e+01,2.350099e+01,2.348740e+01,2.339224e+01,2.340584e+01,2.350099e+01,2.343303e+01,2.358926e+01,2.345342e+01,2.346701e+01,2.353495e+01,2.354174e+01,2.346701e+01,2.352816e+01,2.352136e+01,2.350099e+01,2.346022e+01,2.363676e+01,2.342623e+01,2.343983e+01,2.364355e+01,2.335143e+01,2.333782e+01,2.346022e+01,2.346701e+01,2.358247e+01,2.351457e+01,2.346022e+01,2.344662e+01,2.336503e+01,2.344662e+01,2.342623e+01,2.341944e+01,2.347381e+01,2.333782e+01,2.344662e+01,2.344662e+01,2.335823e+01,2.349419e+01,2.337864e+01,2.348740e+01,2.344662e+01,2.340584e+01,2.333101e+01,2.343983e+01,2.346022e+01,2.351457e+01,2.355532e+01,2.346701e+01,2.354853e+01,2.366390e+01,2.356890e+01,2.346701e+01,2.342623e+01,2.356890e+01,2.354853e+01,2.360962e+01,2.354174e+01,2.352136e+01,2.350099e+01,2.335143e+01,2.333101e+01,2.337183e+01,2.331060e+01,2.332421e+01,2.303118e+01,2.296975e+01,2.293560e+01,2.291510e+01,2.309258e+01,2.343983e+01,2.316758e+01,2.254551e+01,2.205065e+01,2.206442e+01,2.197483e+01,2.199551e+01,2.198862e+01,2.196793e+01,2.194035e+01,2.194035e+01,2.195414e+01,2.198862e+01,2.207820e+01,2.202308e+01,2.210575e+01,2.207820e+01,2.209198e+01,2.209198e+01,2.207820e+01,2.233274e+01,2.239456e+01,2.262091e+01,2.303118e+01,2.331740e+01,2.365711e+01,2.385364e+01,2.306530e+01,2.296975e+01,2.290827e+01,2.247692e+01,2.247692e+01,2.249065e+01,2.260035e+01,2.292877e+01,2.279206e+01,2.300388e+01,2.277837e+01,2.278522e+01,2.264831e+01,2.255237e+01,2.253180e+01,2.256608e+01,2.267571e+01,2.251122e+01,2.240142e+01,2.257979e+01,2.279889e+01,2.306530e+01,2.283993e+01,2.286043e+01,2.284676e+01,2.279206e+01,2.285360e+01,2.273732e+01,2.273047e+01,2.275785e+01,2.298340e+01,2.283993e+01,2.255923e+01,2.268255e+01,2.265516e+01,2.267571e+01,2.273047e+01,2.266201e+01,2.311986e+01,2.292877e+01,2.319484e+01,2.296292e+01,2.288094e+01,2.279889e+01,2.244948e+01,2.244261e+01,2.238769e+01,2.232587e+01,2.248379e+01,2.253180e+01,2.294926e+01,2.281257e+01,2.281257e+01,2.300388e+01,2.297657e+01,2.281941e+01,2.268940e+01,2.278522e+01,2.258665e+01,2.247692e+01,2.250437e+01,2.260035e+01,2.296292e+01,2.323571e+01,2.296292e+01,2.222962e+01,2.184374e+01,2.183684e+01,2.189896e+01,2.211952e+01,2.225026e+01,2.224338e+01,2.223650e+01,2.194035e+01,2.195414e+01,2.181612e+01,2.148411e+01,2.153260e+01,2.176777e+01,2.178850e+01,2.168483e+01,2.144946e+01,2.146332e+01,2.149104e+01,2.156029e+01,2.158798e+01,2.162258e+01,2.186445e+01,2.178159e+01,2.170557e+01,2.183684e+01,2.182993e+01,2.185755e+01,2.183684e+01,2.184374e+01,2.169866e+01,2.182303e+01,2.181612e+01,2.187135e+01,2.185065e+01,2.182993e+01,2.187135e+01,2.169175e+01,2.169866e+01,2.186445e+01,2.169866e+01,2.178850e+01,2.178159e+01,2.186445e+01,2.182303e+01,2.181612e+01,2.176777e+01,2.180231e+01,2.182303e+01,2.182303e+01,2.178850e+01,2.181612e+01,2.175395e+01,2.180231e+01,2.181612e+01,2.185065e+01,2.179540e+01,2.172631e+01,2.186445e+01,2.174013e+01,2.175395e+01,2.178159e+01,2.189896e+01,2.193345e+01,2.184374e+01,2.174704e+01,2.178159e+01,2.178850e+01,2.180231e+01,2.178850e+01,2.182303e+01,2.177468e+01,2.185755e+01,2.196104e+01,2.183684e+01,2.185065e+01,2.194035e+01,2.178159e+01,2.192655e+01,2.178850e+01,2.176086e+01,2.174013e+01,2.179540e+01,2.174704e+01,2.164334e+01,2.178850e+01,2.174013e+01,2.178159e+01,2.176086e+01,2.172631e+01,2.162950e+01,2.171248e+01,2.172631e+01,2.161566e+01,2.158106e+01,2.160182e+01,2.167100e+01,2.162258e+01,2.160182e+01,2.160874e+01,2.143560e+01,2.160182e+01,2.165025e+01,2.178159e+01,2.180231e+01,2.172631e+01,2.172631e+01,2.157414e+01,2.185065e+01,2.170557e+01,2.176086e+01,2.180231e+01,2.184374e+01,2.182303e+01,2.176777e+01,2.188516e+01,2.174013e+01,2.178159e+01,2.185755e+01,2.174704e+01,2.175395e+01,2.182993e+01,2.182993e+01,2.191276e+01,2.183684e+01,2.186445e+01,2.186445e+01,2.185065e+01,2.185065e+01,2.186445e+01,2.185755e+01,2.181612e+01,2.191276e+01,2.187825e+01,2.196793e+01,2.187825e+01,2.185755e+01,2.180922e+01,2.189896e+01,2.177468e+01,2.191276e+01,2.200241e+01,2.192655e+01,2.186445e+01,2.201619e+01,2.202308e+01,2.203687e+01,2.186445e+01,2.186445e+01,2.209886e+01,2.207820e+01,2.189206e+01,2.194725e+01,2.201619e+01,2.200930e+01,2.194725e+01,2.198172e+01,2.206442e+01,2.202308e+01,2.205065e+01,2.198862e+01,2.198862e+01,2.195414e+01,2.209198e+01,2.211263e+01,2.200930e+01,2.209886e+01,2.192655e+01,2.203687e+01,2.194035e+01,2.208509e+01,2.199551e+01,2.207131e+01,2.198172e+01,2.205754e+01,2.201619e+01,2.201619e+01,2.205754e+01,2.204376e+01,2.205065e+01,2.194035e+01,2.192655e+01,2.193345e+01,2.191965e+01,2.193345e+01,2.194725e+01,2.186445e+01,2.196793e+01,2.191965e+01,2.201619e+01,2.193345e+01,2.200930e+01,2.183684e+01,2.189206e+01,2.192655e+01,2.189206e+01,2.190586e+01,2.187135e+01,2.189896e+01,2.187825e+01,2.185065e+01,2.185065e+01,2.172631e+01,2.182993e+01,2.195414e+01,2.175395e+01,2.185755e+01,2.180922e+01,2.181612e+01,2.182993e+01,2.175395e+01,2.169866e+01,2.177468e+01,2.167100e+01,2.158106e+01,2.167100e+01,2.180231e+01,2.174013e+01,2.184374e+01,2.157414e+01,2.169866e+01,2.172631e+01,2.152567e+01,2.174704e+01,2.175395e+01,2.175395e+01,2.169175e+01,2.169866e+01,2.171940e+01,2.171248e+01,2.167792e+01,2.172631e+01,2.182993e+01,2.175395e+01,2.173322e+01,2.174013e+01,2.167792e+01,2.171248e+01,2.168483e+01,2.177468e+01,2.179540e+01,2.185755e+01,2.189206e+01,2.189206e+01,2.195414e+01,2.175395e+01,2.186445e+01,2.191965e+01,2.207131e+01,2.188516e+01,2.191965e+01,2.206442e+01,2.212641e+01,2.206442e+01,2.205754e+01,2.206442e+01,2.211952e+01,2.207820e+01,2.209198e+01,2.221587e+01,2.217459e+01,2.215394e+01,2.201619e+01,2.216771e+01,2.205754e+01,2.199551e+01,2.212641e+01,2.201619e+01,2.213329e+01,2.209886e+01,2.202997e+01,2.205754e+01,2.202308e+01,2.207131e+01,2.201619e+01,2.209886e+01,2.214017e+01,2.205065e+01,2.211263e+01,2.207820e+01,2.210575e+01,2.214706e+01,2.218147e+01,2.213329e+01,2.210575e+01,2.217459e+01,2.200241e+01,2.219523e+01,2.208509e+01,2.198862e+01,2.214706e+01,2.199551e+01,2.207131e+01,2.220899e+01,2.209886e+01,2.204376e+01,2.213329e+01,2.200241e+01,2.206442e+01,2.209886e+01,2.209198e+01,2.204376e+01,2.218835e+01,2.214706e+01,2.200930e+01,2.213329e+01,2.207820e+01,2.213329e+01,2.198172e+01,2.198172e+01,2.199551e+01,2.207131e+01,2.228463e+01,2.207131e+01,2.198172e+01,2.214017e+01,2.195414e+01,2.192655e+01,2.211263e+01,2.211952e+01,2.205065e+01,2.205754e+01,2.208509e+01,2.198862e+01,2.185755e+01,2.198172e+01,2.196104e+01,2.192655e+01,2.202997e+01,2.198862e+01,2.198172e+01,2.184374e+01,2.183684e+01,2.182303e+01,2.181612e+01,2.172631e+01,2.182993e+01,2.189896e+01,2.174704e+01,2.180922e+01,2.185065e+01,2.183684e+01,2.161566e+01,2.151182e+01,2.172631e+01,2.174704e+01,2.154645e+01,2.178850e+01,2.176777e+01,2.161566e+01,2.186445e+01,2.157414e+01,2.174013e+01,2.162950e+01,2.165717e+01,2.160874e+01,2.162258e+01,2.174013e+01,2.173322e+01,2.166409e+01,2.183684e+01,2.158106e+01,2.160182e+01,2.163642e+01,2.157414e+01,2.162258e+01,2.160874e+01,2.147025e+01,2.151875e+01,2.155337e+01,2.155337e+01,2.149796e+01,2.135933e+01,2.141480e+01,2.152567e+01,2.145639e+01,2.142174e+01,2.138013e+01,2.145639e+01,2.143560e+01,2.145639e+01,2.144946e+01,2.143560e+01,2.143560e+01,2.144946e+01,2.162950e+01,2.150489e+01,2.145639e+01,2.142174e+01,2.143560e+01,2.165717e+01,2.165717e+01,2.161566e+01,2.171940e+01,2.172631e+01,2.182993e+01,2.179540e+01,2.173322e+01,2.182303e+01,2.181612e+01,2.175395e+01,2.177468e+01,2.180922e+01,2.185065e+01,2.180231e+01,2.191276e+01,2.189206e+01,2.178159e+01,2.187135e+01,2.190586e+01,2.194035e+01,2.177468e+01,2.184374e+01,2.189896e+01,2.175395e+01,2.192655e+01,2.182993e+01,2.168483e+01,2.186445e+01,2.182303e+01,2.183684e+01,2.182993e+01,2.187825e+01,2.185065e+01,2.183684e+01,2.176086e+01
2.274416e+01,2.280573e+01,2.279889e+01,2.288094e+01,2.302436e+01,2.302436e+01,2.315395e+01,2.316758e+01,2.314031e+01,2.309258e+01,2.328337e+01,2.326976e+01,2.329699e+01,2.343303e+01,2.330379e+01,2.341944e+01,2.342623e+01,2.355532e+01,2.356211e+01,2.353495e+01,2.354174e+01,2.346701e+01,2.349419e+01,2.350099e+01,2.346022e+01,2.356890e+01,2.347381e+01,2.342623e+01,2.338544e+01,2.342623e+01,2.340584e+01,2.355532e+01,2.347381e+01,2.352136e+01,2.340584e+01,2.347381e+01,2.343303e+01,2.357569e+01,2.333782e+01,2.350099e+01,2.350099e+01,2.349419e+01,2.349419e+01,2.348740e+01,2.352816e+01,2.362319e+01,2.350778e+01,2.338544e+01,2.354174e+01,2.347381e+01,2.344662e+01,2.357569e+01,2.346022e+01,2.347381e+01,2.355532e+01,2.358247e+01,2.343303e+01,2.354174e+01,2.346022e+01,2.345342e+01,2.349419e+01,2.350099e+01,2.343983e+01,2.342623e+01,2.337864e+01,2.358247e+01,2.329699e+01,2.346022e+01,2.356890e+01,2.356211e+01,2.345342e+01,2.348060e+01,2.335823e+01,2.339224e+01,2.353495e+01,2.346701e+01,2.358247e+01,2.339224e+01,2.326976e+01,2.341264e+01,2.339224e+01,2.329699e+01,2.334462e+01,2.341264e+01,2.341944e+01,2.333101e+01,2.333101e+01,2.338544e+01,2.337864e+01,2.342623e+01,2.352136e+01,2.333782e+01,2.332421e+01,2.343303e+01,2.345342e+01,2.362319e+01,2.346701e+01,2.348060e+01,2.350099e+01,2.346022e+01,2.360962e+01,2.346701e+01,2.344662e+01,2.345342e+01,2.353495e+01,2.356211e+01,2.355532e+01,2.356890e+01,2.354174e+01,2.348740e+01,2.363676e+01,2.343303e+01,2.341264e+01,2.336503e+01,2.337183e+01,2.314713e+01,2.324252e+01,2.320846e+01,2.310622e+01,2.293560e+01,2.291510e+01,2.309940e+01,2.309940e+01,2.326976e+01,2.255923e+01,2.211952e+01,2.206442e+01,2.192655e+01,2.205754e+01,2.202308e+01,2.205754e+01,2.193345e+01,2.191965e+01,2.198862e+01,2.210575e+01,2.205754e+01,2.206442e+01,2.207131e+01,2.202308e+01,2.207131e+01,2.211952e+01,2.229151e+01,2.232587e+01,2.239456e+01,2.262776e+01,2.311304e+01,2.306530e+01,2.310622e+01,2.366390e+01,2.409032e+01,2.408357e+01,2.305848e+01,2.249065e+01,2.247692e+01,2.270994e+01,2.291510e+01,2.292194e+01,2.270994e+01,2.303801e+01,2.337183e+01,2.301753e+01,2.302436e+01,2.264831e+01,2.279889e+01,2.268255e+01,2.270309e+01,2.277837e+01,2.270309e+01,2.291510e+01,2.320846e+01,2.329699e+01,2.308576e+01,2.294926e+01,2.305848e+01,2.302436e+01,2.271679e+01,2.280573e+01,2.301753e+01,2.321527e+01,2.323571e+01,2.278522e+01,2.220211e+01,2.244261e+01,2.258665e+01,2.247006e+01,2.241516e+01,2.273047e+01,2.269625e+01,2.286043e+01,2.280573e+01,2.279889e+01,2.273732e+01,2.247692e+01,2.239456e+01,2.250437e+01,2.234648e+01,2.216771e+01,2.233274e+01,2.232587e+01,2.240829e+01,2.295609e+01,2.316758e+01,2.294926e+01,2.273732e+01,2.279889e+01,2.304483e+01,2.247692e+01,2.198862e+01,2.233961e+01,2.239456e+01,2.238769e+01,2.262091e+01,2.295609e+01,2.212641e+01,2.205065e+01,2.208509e+01,2.221587e+01,2.222275e+01,2.227776e+01,2.194035e+01,2.169175e+01,2.169175e+01,2.166409e+01,2.161566e+01,2.151875e+01,2.188516e+01,2.207131e+01,2.195414e+01,2.184374e+01,2.158106e+01,2.138013e+01,2.144946e+01,2.158106e+01,2.158106e+01,2.170557e+01,2.180922e+01,2.175395e+01,2.183684e+01,2.171940e+01,2.176777e+01,2.180231e+01,2.165025e+01,2.167792e+01,2.175395e+01,2.184374e+01,2.183684e+01,2.186445e+01,2.176777e+01,2.176086e+01,2.182303e+01,2.177468e+01,2.174704e+01,2.187825e+01,2.169175e+01,2.187825e+01,2.185755e+01,2.182993e+01,2.169866e+01,2.176777e+01,2.176777e+01,2.174013e+01,2.178159e+01,2.178159e+01,2.178850e+01,2.181612e+01,2.181612e+01,2.174013e+01,2.179540e+01,2.181612e+01,2.177468e+01,2.183684e+01,2.176086e+01,2.171940e+01,2.173322e+01,2.173322e+01,2.178159e+01,2.181612e+01,2.187825e+01,2.176777e+01,2.169175e+01,2.177468e+01,2.180922e+01,2.177468e+01,2.173322e+01,2.176086e+01,2.176086e+01,2.178850e+01,2.194035e+01,2.194725e+01,2.185755e+01,2.180922e+01,2.180231e+01,2.185755e+01,2.183684e+01,2.186445e+01,2.181612e+01,2.182993e+01,2.175395e+01,2.174013e+01,2.178850e+01,2.168483e+01,2.179540e+01,2.171940e+01,2.172631e+01,2.166409e+01,2.176086e+01,2.169175e+01,2.155337e+01,2.159490e+01,2.165717e+01,2.160182e+01,2.161566e+01,2.147025e+01,2.160874e+01,2.166409e+01,2.151875e+01,2.168483e+01,2.168483e+01,2.169175e+01,2.155337e+01,2.167792e+01,2.174704e+01,2.182993e+01,2.165025e+01,2.162950e+01,2.167792e+01,2.175395e+01,2.184374e+01,2.171940e+01,2.176777e+01,2.174704e+01,2.178850e+01,2.184374e+01,2.174704e+01,2.176086e+01,2.186445e+01,2.183684e+01,2.189206e+01,2.187825e+01,2.187825e+01,2.185065e+01,2.185065e+01,2.182303e+01,2.183684e+01,2.187135e+01,2.188516e+01,2.187135e+01,2.188516e+01,2.186445e+01,2.199551e+01,2.165025e+01,2.202308e+01,2.205065e+01,2.195414e+01,2.200241e+01,2.191276e+01,2.197483e+01,2.205065e+01,2.189206e+01,2.194725e+01,2.196793e+01,2.187825e+01,2.208509e+01,2.202997e+01,2.207820e+01,2.194035e+01,2.191276e+01,2.202308e+01,2.201619e+01,2.216771e+01,2.190586e+01,2.193345e+01,2.204376e+01,2.203687e+01,2.202308e+01,2.208509e+01,2.204376e+01,2.213329e+01,2.209198e+01,2.202308e+01,2.214017e+01,2.207131e+01,2.209886e+01,2.196104e+01,2.202997e+01,2.209886e+01,2.206442e+01,2.196104e+01,2.215394e+01,2.204376e+01,2.210575e+01,2.192655e+01,2.205754e+01,2.190586e+01,2.189896e+01,2.202308e+01,2.202308e+01,2.195414e+01,2.194725e+01,2.199551e+01,2.199551e+01,2.201619e+01,2.197483e+01,2.191965e+01,2.189896e+01,2.191965e+01,2.189896e+01,2.193345e+01,2.191965e+01,2.191276e+01,2.190586e+01,2.187135e+01,2.189206e+01,2.187135e+01,2.200930e+01,2.181612e+01,2.191276e+01,2.189896e+01,2.182993e+01,2.180231e+01,2.160182e+01,2.187825e+01,2.186445e+01,2.188516e+01,2.176777e+01,2.167792e+01,2.170557e+01,2.183684e+01,2.169866e+01,2.178159e+01,2.178159e+01,2.183684e+01,2.183684e+01,2.175395e+01,2.182303e+01,2.171248e+01,2.175395e+01,2.176086e+01,2.178850e+01,2.168483e+01,2.174013e+01,2.163642e+01,2.177468e+01,2.165025e+01,2.179540e+01,2.174013e+01,2.178159e+01,2.174013e+01,2.170557e+01,2.182993e+01,2.161566e+01,2.195414e+01,2.184374e+01,2.188516e+01,2.191276e+01,2.189896e+01,2.187825e+01,2.187825e+01,2.186445e+01,2.187135e+01,2.205065e+01,2.200241e+01,2.205065e+01,2.204376e+01,2.205754e+01,2.206442e+01,2.191965e+01,2.199551e+01,2.203687e+01,2.211263e+01,2.206442e+01,2.203687e+01,2.211263e+01,2.210575e+01,2.207131e+01,2.204376e+01,2.194725e+01,2.207820e+01,2.228463e+01,2.207820e+01,2.200241e+01,2.204376e+01,2.203687e+01,2.214017e+01,2.214017e+01,2.205065e+01,2.202997e+01,2.208509e+01,2.213329e+01,2.212641e+01,2.213329e+01,2.225026e+01,2.207131e+01,2.213329e+01,2.207131e+01,2.212641e+01,2.219523e+01,2.205754e+01,2.215394e+01,2.202308e+01,2.202308e+01,2.212641e+01,2.206442e+01,2.199551e+01,2.214017e+01,2.220899e+01,2.202997e+01,2.211263e+01,2.202308e+01,2.216771e+01,2.202997e+01,2.203687e+01,2.202308e+01,2.224338e+01,2.205065e+01,2.207820e+01,2.201619e+01,2.205754e+01,2.215394e+01,2.199551e+01,2.207820e+01,2.214706e+01,2.204376e+01,2.207131e+01,2.208509e+01,2.209886e+01,2.209198e+01,2.207131e+01,2.226401e+01,2.198172e+01,2.219523e+01,2.191276e+01,2.198862e+01,2.202997e+01,2.194725e+01,2.187825e+01,2.198172e+01,2.193345e+01,2.182303e+01,2.181612e+01,2.189206e+01,2.193345e+01,2.185065e+01,2.191965e+01,2.193345e+01,2.180922e+01,2.173322e+01,2.186445e+01,2.174013e+01,2.187825e+01,2.181612e+01,2.177468e+01,2.149796e+01,2.165717e+01,2.166409e+01,2.160874e+01,2.169866e+01,2.160874e+01,2.174013e+01,2.169175e+01,2.166409e+01,2.165717e+01,2.162950e+01,2.156721e+01,2.162258e+01,2.160182e+01,2.174013e+01,2.179540e+01,2.164334e+01,2.141480e+01,2.158106e+01,2.162950e+01,2.158798e+01,2.165025e+01,2.155337e+01,2.157414e+01,2.162258e+01,2.162258e+01,2.142867e+01,2.150489e+01,2.150489e+01,2.149104e+01,2.150489e+01,2.122744e+01,2.168483e+01,2.145639e+01,2.150489e+01,2.146332e+01,2.150489e+01,2.154645e+01,2.143560e+01,2.143560e+01,2.139400e+01,2.166409e+01,2.143560e+01,2.144946e+01,2.131076e+01,2.142867e+01,2.141480e+01,2.137320e+01,2.140094e+01,2.146332e+01,2.142174e+01,2.164334e+01,2.164334e+01,2.159490e+01,2.154645e+01,2.177468e+01,2.164334e+01,2.171940e+01,2.174704e+01,2.172631e+01,2.171248e+01,2.163642e+01,2.179540e+01,2.153260e+01,2.185755e+01,2.178159e+01,2.182993e+01,2.185065e+01,2.162258e+01,2.191276e+01,2.178159e+01,2.177468e+01,2.173322e+01,2.175395e+01,2.186445e+01,2.184374e+01,2.176086e+01,2.187135e+01,2.186445e+01,2.189206e+01,2.182993e+01,2.185065e+01,2.174013e+01,2.183684e+01,2.174704e+01,2.185065e+01,2.180922e+01,2.178850e+01
2.272363e+01,2.276469e+01,2.294243e+01,2.304483e+01,2.310622e+01,2.310622e+01,2.299023e+01,2.311986e+01,2.317439e+01,2.322890e+01,2.321527e+01,2.331740e+01,2.343983e+01,2.331740e+01,2.339224e+01,2.326976e+01,2.343303e+01,2.336503e+01,2.348740e+01,2.352136e+01,2.343983e+01,2.349419e+01,2.348740e+01,2.350778e+01,2.345342e+01,2.343303e+01,2.344662e+01,2.320846e+01,2.346701e+01,2.343983e+01,2.336503e+01,2.339904e+01,2.337864e+01,2.351457e+01,2.352136e+01,2.350778e+01,2.345342e+01,2.340584e+01,2.338544e+01,2.334462e+01,2.344662e+01,2.336503e+01,2.348740e+01,2.350099e+01,2.356211e+01,2.339904e+01,2.346701e+01,2.339904e+01,2.362998e+01,2.350099e+01,2.342623e+01,2.341264e+01,2.351457e+01,2.356890e+01,2.336503e+01,2.356890e+01,2.346022e+01,2.350099e+01,2.354174e+01,2.333782e+01,2.336503e+01,2.344662e+01,2.353495e+01,2.341264e+01,2.343303e+01,2.351457e+01,2.332421e+01,2.337864e+01,2.347381e+01,2.346022e+01,2.337864e+01,2.336503e+01,2.337183e+01,2.337183e+01,2.341944e+01,2.347381e+01,2.356211e+01,2.341264e+01,2.346701e+01,2.337183e+01,2.336503e+01,2.340584e+01,2.337183e+01,2.335823e+01,2.341944e+01,2.343303e+01,2.335823e+01,2.348060e+01,2.340584e+01,2.342623e+01,2.334462e+01,2.339224e+01,2.337864e+01,2.341264e+01,2.341264e+01,2.337183e+01,2.332421e+01,2.348060e+01,2.339904e+01,2.361641e+01,2.340584e+01,2.329699e+01,2.335823e+01,2.350778e+01,2.350099e+01,2.354853e+01,2.351457e+01,2.354174e+01,2.352136e+01,2.352816e+01,2.344662e+01,2.358247e+01,2.343303e+01,2.337864e+01,2.329018e+01,2.333782e+01,2.313350e+01,2.318802e+01,2.305848e+01,2.268255e+01,2.303801e+01,2.281941e+01,2.309258e+01,2.328337e+01,2.281257e+01,2.229151e+01,2.211263e+01,2.205065e+01,2.200241e+01,2.207131e+01,2.194725e+01,2.196104e+01,2.197483e+01,2.211263e+01,2.188516e+01,2.197483e+01,2.197483e+01,2.209198e+01,2.202308e+01,2.203687e+01,2.208509e+01,2.207131e+01,2.231900e+01,2.233274e+01,2.268940e+01,2.294243e+01,2.307894e+01,2.375881e+01,2.452174e+01,2.433321e+01,2.347381e+01,2.240829e+01,2.247692e+01,2.307212e+01,2.329699e+01,2.294926e+01,2.288094e+01,2.281257e+01,2.377236e+01,2.373170e+01,2.303118e+01,2.302436e+01,2.257294e+01,2.262776e+01,2.296975e+01,2.296975e+01,2.306530e+01,2.294243e+01,2.306530e+01,2.279206e+01,2.305848e+01,2.371136e+01,2.388071e+01,2.369781e+01,2.337183e+01,2.404979e+01,2.438038e+01,2.479718e+01,2.501165e+01,2.456881e+01,2.322890e+01,2.240142e+01,2.244261e+01,2.223650e+01,2.229838e+01,2.247006e+01,2.282625e+01,2.283993e+01,2.279889e+01,2.266201e+01,2.289461e+01,2.260035e+01,2.246320e+01,2.256608e+01,2.230525e+01,2.227088e+01,2.214017e+01,2.236709e+01,2.236709e+01,2.270994e+01,2.281257e+01,2.275785e+01,2.304483e+01,2.345342e+01,2.343983e+01,2.255237e+01,2.184374e+01,2.176086e+01,2.186445e+01,2.209886e+01,2.249751e+01,2.265516e+01,2.257294e+01,2.235335e+01,2.207820e+01,2.204376e+01,2.180231e+01,2.155337e+01,2.189896e+01,2.183684e+01,2.169866e+01,2.156721e+01,2.165717e+01,2.159490e+01,2.164334e+01,2.196104e+01,2.206442e+01,2.189206e+01,2.158798e+01,2.145639e+01,2.140787e+01,2.160182e+01,2.169866e+01,2.148411e+01,2.179540e+01,2.173322e+01,2.178850e+01,2.176086e+01,2.180922e+01,2.174704e+01,2.181612e+01,2.168483e+01,2.178850e+01,2.181612e+01,2.182993e+01,2.186445e+01,2.187135e+01,2.182993e+01,2.179540e+01,2.177468e+01,2.177468e+01,2.185065e+01,2.169866e+01,2.160874e+01,2.182303e+01,2.178850e+01,2.186445e+01,2.179540e+01,2.171940e+01,2.177468e+01,2.180922e+01,2.178850e+01,2.171940e+01,2.178850e+01,2.180231e+01,2.179540e+01,2.179540e+01,2.171940e+01,2.171248e+01,2.178850e+01,2.158798e+01,2.174704e+01,2.185065e+01,2.172631e+01,2.178159e+01,2.176086e+01,2.176086e+01,2.174013e+01,2.176086e+01,2.178850e+01,2.178850e+01,2.177468e+01,2.182993e+01,2.178159e+01,2.178159e+01,2.176777e+01,2.174013e+01,2.187825e+01,2.177468e+01,2.186445e+01,2.181612e+01,2.185755e+01,2.204376e+01,2.180922e+01,2.178159e+01,2.174704e+01,2.176777e+01,2.172631e+01,2.169175e+01,2.169175e+01,2.160182e+01,2.173322e+01,2.174013e+01,2.169866e+01,2.174013e+01,2.162950e+01,2.158798e+01,2.159490e+01,2.156721e+01,2.144253e+01,2.153952e+01,2.171248e+01,2.159490e+01,2.162258e+01,2.163642e+01,2.166409e+01,2.172631e+01,2.169175e+01,2.167792e+01,2.165025e+01,2.156721e+01,2.178159e+01,2.176777e+01,2.180922e+01,2.174013e+01,2.171248e+01,2.176777e+01,2.169175e+01,2.171940e+01,2.185065e+01,2.180231e+01,2.178850e+01,2.179540e+01,2.185755e+01,2.176777e+01,2.186445e+01,2.185755e+01,2.180231e+01,2.182993e+01,2.191965e+01,2.199551e+01,2.197483e+01,2.188516e+01,2.190586e+01,2.194035e+01,2.185065e+01,2.196793e+01,2.185065e+01,2.191276e+01,2.191276e+01,2.189206e+01,2.198172e+01,2.205065e+01,2.189896e+01,2.197483e+01,2.183684e+01,2.189206e+01,2.185065e+01,2.200930e+01,2.195414e+01,2.186445e+01,2.187135e+01,2.187825e+01,2.196793e+01,2.207820e+01,2.205754e+01,2.202997e+01,2.205754e+01,2.192655e+01,2.202308e+01,2.201619e+01,2.206442e+01,2.198172e+01,2.196793e+01,2.205754e+01,2.210575e+01,2.202997e+01,2.197483e+01,2.197483e+01,2.208509e+01,2.203687e+01,2.205754e+01,2.184374e+01,2.207131e+01,2.196104e+01,2.200930e+01,2.195414e+01,2.196793e+01,2.212641e+01,2.209886e+01,2.210575e+01,2.205065e+01,2.191965e+01,2.191965e+01,2.195414e+01,2.190586e+01,2.200930e+01,2.196793e+01,2.202308e+01,2.204376e+01,2.211952e+01,2.196793e+01,2.193345e+01,2.196104e+01,2.197483e+01,2.194035e+01,2.189206e+01,2.191276e+01,2.195414e+01,2.200241e+01,2.189206e+01,2.195414e+01,2.194725e+01,2.178850e+01,2.183684e+01,2.182993e+01,2.189206e+01,2.198862e+01,2.194035e+01,2.182993e+01,2.191276e+01,2.186445e+01,2.185755e+01,2.191276e+01,2.178159e+01,2.184374e+01,2.182993e+01,2.175395e+01,2.182993e+01,2.174704e+01,2.174704e+01,2.174704e+01,2.167792e+01,2.180231e+01,2.156721e+01,2.170557e+01,2.178159e+01,2.176777e+01,2.180231e+01,2.183684e+01,2.171940e+01,2.167100e+01,2.175395e+01,2.175395e+01,2.181612e+01,2.174013e+01,2.188516e+01,2.180231e+01,2.173322e+01,2.182993e+01,2.182303e+01,2.191965e+01,2.180231e+01,2.194035e+01,2.186445e+01,2.191276e+01,2.194725e+01,2.200930e+01,2.185755e+01,2.189896e+01,2.197483e+01,2.194035e+01,2.207820e+01,2.206442e+01,2.203687e+01,2.207131e+01,2.206442e+01,2.207820e+01,2.216771e+01,2.200241e+01,2.212641e+01,2.209198e+01,2.216082e+01,2.211263e+01,2.209198e+01,2.211263e+01,2.211952e+01,2.202997e+01,2.220211e+01,2.213329e+01,2.207131e+01,2.220899e+01,2.199551e+01,2.222962e+01,2.200241e+01,2.211263e+01,2.218147e+01,2.207131e+01,2.215394e+01,2.213329e+01,2.218147e+01,2.225713e+01,2.212641e+01,2.209886e+01,2.211952e+01,2.225026e+01,2.216082e+01,2.209198e+01,2.217459e+01,2.219523e+01,2.205065e+01,2.205754e+01,2.213329e+01,2.203687e+01,2.216082e+01,2.218835e+01,2.207820e+01,2.219523e+01,2.214706e+01,2.206442e+01,2.210575e+01,2.211263e+01,2.207820e+01,2.212641e+01,2.207131e+01,2.200930e+01,2.200930e+01,2.199551e+01,2.203687e+01,2.200930e+01,2.207820e+01,2.198862e+01,2.216082e+01,2.202997e+01,2.203687e+01,2.204376e+01,2.208509e+01,2.205065e+01,2.192655e+01,2.200930e+01,2.198862e+01,2.194035e+01,2.194035e+01,2.195414e+01,2.194035e+01,2.187135e+01,2.181612e+01,2.202308e+01,2.193345e+01,2.196793e+01,2.187825e+01,2.198172e+01,2.175395e+01,2.181612e+01,2.194725e+01,2.175395e+01,2.182303e+01,2.176086e+01,2.178850e+01,2.174013e+01,2.175395e+01,2.174704e+01,2.182303e+01,2.169866e+01,2.178850e+01,2.162950e+01,2.158798e+01,2.182993e+01,2.176777e+01,2.156721e+01,2.168483e+01,2.167792e+01,2.162258e+01,2.178850e+01,2.171248e+01,2.164334e+01,2.168483e+01,2.139400e+01,2.166409e+01,2.175395e+01,2.156721e+01,2.153952e+01,2.156029e+01,2.160182e+01,2.160182e+01,2.156721e+01,2.156029e+01,2.167792e+01,2.159490e+01,2.159490e+01,2.144253e+01,2.163642e+01,2.155337e+01,2.151182e+01,2.142867e+01,2.149796e+01,2.145639e+01,2.147718e+01,2.140094e+01,2.143560e+01,2.146332e+01,2.144253e+01,2.126217e+01,2.127605e+01,2.157414e+01,2.126217e+01,2.142174e+01,2.141480e+01,2.142867e+01,2.144253e+01,2.147025e+01,2.158106e+01,2.149796e+01,2.158798e+01,2.159490e+01,2.157414e+01,2.157414e+01,2.171248e+01,2.185065e+01,2.172631e+01,2.171248e+01,2.174704e+01,2.175395e+01,2.194725e+01,2.177468e+01,2.177468e+01,2.185065e+01,2.188516e+01,2.187825e+01,2.178159e+01,2.190586e+01,2.189206e+01,2.189896e+01,2.180231e+01,2.179540e+01,2.169175e+01,2.180231e+01,2.194035e+01,2.184374e+01,2.185065e+01,2.182993e+01,2.185755e+01,2.176086e+01,2.177468e+01,2.190586e+01,2.174013e+01,2.182303e+01,2.185755e+01,2.185755e+01,2.182303e+01
2.279889e+01,2.275785e+01,2.294243e+01,2.308576e+01,2.309258e+01,2.311304e+01,2.305165e+01,2.301753e+01,2.310622e+01,2.306530e+01,2.324933e+01,2.322209e+01,2.324933e+01,2.351457e+01,2.332421e+01,2.341944e+01,2.347381e+01,2.325614e+01,2.331740e+01,2.339224e+01,2.352816e+01,2.352136e+01,2.354174e+01,2.350099e+01,2.346701e+01,2.341944e+01,2.343303e+01,2.344662e+01,2.355532e+01,2.343303e+01,2.343303e+01,2.343983e+01,2.339224e+01,2.341264e+01,2.348060e+01,2.352136e+01,2.335143e+01,2.346701e+01,2.341944e+01,2.352816e+01,2.346701e+01,2.355532e+01,2.340584e+01,2.362998e+01,2.359605e+01,2.343303e+01,2.341264e+01,2.343983e+01,2.365711e+01,2.342623e+01,2.342623e+01,2.348740e+01,2.350778e+01,2.350099e+01,2.354853e+01,2.350778e+01,2.344662e+01,2.348060e+01,2.344662e+01,2.332421e+01,2.345342e+01,2.340584e+01,2.352816e+01,2.360283e+01,2.352136e+01,2.331740e+01,2.339904e+01,2.350099e+01,2.335823e+01,2.343303e+01,2.349419e+01,2.346701e+01,2.344662e+01,2.330379e+01,2.347381e+01,2.342623e+01,2.333101e+01,2.338544e+01,2.339904e+01,2.341944e+01,2.343303e+01,2.341264e+01,2.344662e+01,2.328337e+01,2.350778e+01,2.329699e+01,2.329699e+01,2.333782e+01,2.335823e+01,2.336503e+01,2.331060e+01,2.335143e+01,2.335143e+01,2.333101e+01,2.342623e+01,2.338544e+01,2.342623e+01,2.341264e+01,2.362319e+01,2.344662e+01,2.350099e+01,2.340584e+01,2.342623e+01,2.346022e+01,2.337183e+01,2.354853e+01,2.341264e+01,2.348740e+01,2.350099e+01,2.346701e+01,2.346022e+01,2.324252e+01,2.345342e+01,2.340584e+01,2.318802e+01,2.329699e+01,2.313350e+01,2.312668e+01,2.310622e+01,2.312668e+01,2.301071e+01,2.281941e+01,2.304483e+01,2.326295e+01,2.307212e+01,2.228463e+01,2.214017e+01,2.212641e+01,2.209198e+01,2.191965e+01,2.189206e+01,2.191965e+01,2.188516e+01,2.192655e+01,2.178850e+01,2.189896e+01,2.200241e+01,2.187135e+01,2.194035e+01,2.207131e+01,2.212641e+01,2.209886e+01,2.209886e+01,2.231212e+01,2.240142e+01,2.292194e+01,2.305848e+01,2.328337e+01,2.277837e+01,2.212641e+01,2.214017e+01,2.246320e+01,2.308576e+01,2.419835e+01,2.371814e+01,2.290144e+01,2.246320e+01,2.303801e+01,2.336503e+01,2.337183e+01,2.275101e+01,2.275785e+01,2.282625e+01,2.301753e+01,2.280573e+01,2.266201e+01,2.290144e+01,2.297657e+01,2.308576e+01,2.299706e+01,2.307212e+01,2.334462e+01,2.369781e+01,2.336503e+01,2.367746e+01,2.440058e+01,2.507189e+01,2.546596e+01,2.542595e+01,2.441405e+01,2.343983e+01,2.280573e+01,2.242202e+01,2.220899e+01,2.245634e+01,2.281941e+01,2.311986e+01,2.330379e+01,2.326295e+01,2.326295e+01,2.273732e+01,2.273732e+01,2.251808e+01,2.235335e+01,2.231900e+01,2.249065e+01,2.229838e+01,2.230525e+01,2.236022e+01,2.289461e+01,2.273732e+01,2.300388e+01,2.344662e+01,2.317439e+01,2.264146e+01,2.192655e+01,2.180922e+01,2.198862e+01,2.233961e+01,2.245634e+01,2.237395e+01,2.209198e+01,2.194035e+01,2.178850e+01,2.163642e+01,2.163642e+01,2.138013e+01,2.138707e+01,2.138013e+01,2.127605e+01,2.140787e+01,2.148411e+01,2.151875e+01,2.164334e+01,2.156721e+01,2.174013e+01,2.187135e+01,2.178159e+01,2.184374e+01,2.180922e+01,2.189206e+01,2.181612e+01,2.182303e+01,2.180922e+01,2.185755e+01,2.176086e+01,2.191276e+01,2.179540e+01,2.178850e+01,2.183684e+01,2.183684e+01,2.182993e+01,2.181612e+01,2.181612e+01,2.158798e+01,2.183684e+01,2.172631e+01,2.179540e+01,2.178159e+01,2.183684e+01,2.176086e+01,2.182993e+01,2.184374e+01,2.172631e+01,2.172631e+01,2.187135e+01,2.171248e+01,2.181612e+01,2.189206e+01,2.178159e+01,2.175395e+01,2.192655e+01,2.172631e+01,2.180922e+01,2.178850e+01,2.179540e+01,2.179540e+01,2.185065e+01,2.174013e+01,2.181612e+01,2.185755e+01,2.158798e+01,2.187135e+01,2.186445e+01,2.177468e+01,2.183684e+01,2.175395e+01,2.178850e+01,2.156721e+01,2.180231e+01,2.182303e+01,2.177468e+01,2.190586e+01,2.179540e+01,2.186445e+01,2.171940e+01,2.177468e+01,2.185755e+01,2.179540e+01,2.174013e+01,2.181612e+01,2.184374e+01,2.187825e+01,2.171248e+01,2.173322e+01,2.184374e+01,2.181612e+01,2.171248e+01,2.178850e+01,2.177468e+01,2.173322e+01,2.174013e+01,2.171248e+01,2.163642e+01,2.166409e+01,2.169866e+01,2.165025e+01,2.157414e+01,2.156029e+01,2.155337e+01,2.159490e+01,2.180922e+01,2.161566e+01,2.161566e+01,2.162258e+01,2.164334e+01,2.167100e+01,2.166409e+01,2.169175e+01,2.171248e+01,2.168483e+01,2.176777e+01,2.168483e+01,2.174704e+01,2.174704e+01,2.182993e+01,2.184374e+01,2.174704e+01,2.177468e+01,2.177468e+01,2.190586e+01,2.187825e+01,2.186445e+01,2.187135e+01,2.182993e+01,2.185755e+01,2.187825e+01,2.184374e+01,2.194035e+01,2.202308e+01,2.187135e+01,2.198172e+01,2.198862e+01,2.189206e+01,2.194035e+01,2.189206e+01,2.184374e+01,2.185065e+01,2.196104e+01,2.193345e+01,2.196793e+01,2.194035e+01,2.198862e+01,2.207820e+01,2.207131e+01,2.210575e+01,2.195414e+01,2.189896e+01,2.196104e+01,2.205065e+01,2.207131e+01,2.201619e+01,2.208509e+01,2.185755e+01,2.209198e+01,2.208509e+01,2.209886e+01,2.218147e+01,2.174704e+01,2.213329e+01,2.207131e+01,2.196104e+01,2.210575e+01,2.198862e+01,2.224338e+01,2.203687e+01,2.225026e+01,2.208509e+01,2.206442e+01,2.209198e+01,2.208509e+01,2.204376e+01,2.198172e+01,2.206442e+01,2.198172e+01,2.196793e+01,2.210575e+01,2.200241e+01,2.211952e+01,2.210575e+01,2.211952e+01,2.202997e+01,2.193345e+01,2.201619e+01,2.207131e+01,2.202997e+01,2.198172e+01,2.184374e+01,2.197483e+01,2.197483e+01,2.195414e+01,2.207131e+01,2.191276e+01,2.196793e+01,2.194035e+01,2.185755e+01,2.186445e+01,2.198862e+01,2.196104e+01,2.195414e+01,2.195414e+01,2.194725e+01,2.183684e+01,2.184374e+01,2.218835e+01,2.192655e+01,2.192655e+01,2.195414e+01,2.197483e+01,2.189896e+01,2.189206e+01,2.196793e+01,2.187135e+01,2.184374e+01,2.177468e+01,2.171248e+01,2.191276e+01,2.182303e+01,2.178159e+01,2.170557e+01,2.171248e+01,2.176086e+01,2.165717e+01,2.167792e+01,2.178159e+01,2.171248e+01,2.154645e+01,2.167100e+01,2.176086e+01,2.178850e+01,2.178159e+01,2.173322e+01,2.178850e+01,2.174013e+01,2.180231e+01,2.193345e+01,2.175395e+01,2.178850e+01,2.190586e+01,2.178850e+01,2.187825e+01,2.185755e+01,2.193345e+01,2.197483e+01,2.194725e+01,2.201619e+01,2.200241e+01,2.200930e+01,2.194035e+01,2.194725e+01,2.194725e+01,2.211263e+01,2.202997e+01,2.208509e+01,2.209886e+01,2.220899e+01,2.209886e+01,2.209886e+01,2.209886e+01,2.210575e+01,2.215394e+01,2.215394e+01,2.209886e+01,2.220899e+01,2.218147e+01,2.225026e+01,2.218147e+01,2.205754e+01,2.214706e+01,2.202997e+01,2.203687e+01,2.219523e+01,2.216082e+01,2.225713e+01,2.218147e+01,2.204376e+01,2.211263e+01,2.208509e+01,2.211952e+01,2.221587e+01,2.225713e+01,2.220211e+01,2.232587e+01,2.218147e+01,2.210575e+01,2.214706e+01,2.216082e+01,2.213329e+01,2.218835e+01,2.214706e+01,2.211952e+01,2.215394e+01,2.210575e+01,2.212641e+01,2.218835e+01,2.208509e+01,2.201619e+01,2.206442e+01,2.215394e+01,2.204376e+01,2.207820e+01,2.211952e+01,2.196104e+01,2.209886e+01,2.208509e+01,2.219523e+01,2.209886e+01,2.205065e+01,2.196793e+01,2.208509e+01,2.216771e+01,2.202997e+01,2.200241e+01,2.199551e+01,2.207131e+01,2.185755e+01,2.208509e+01,2.201619e+01,2.184374e+01,2.209886e+01,2.192655e+01,2.194035e+01,2.192655e+01,2.193345e+01,2.196793e+01,2.184374e+01,2.194035e+01,2.183684e+01,2.194035e+01,2.187825e+01,2.186445e+01,2.177468e+01,2.176086e+01,2.187135e+01,2.177468e+01,2.171940e+01,2.200241e+01,2.178159e+01,2.177468e+01,2.190586e+01,2.169866e+01,2.178159e+01,2.172631e+01,2.171940e+01,2.164334e+01,2.159490e+01,2.173322e+01,2.165717e+01,2.165025e+01,2.178159e+01,2.169175e+01,2.165717e+01,2.149104e+01,2.170557e+01,2.180922e+01,2.165717e+01,2.162258e+01,2.162258e+01,2.164334e+01,2.151182e+01,2.141480e+01,2.162258e+01,2.160874e+01,2.162950e+01,2.161566e+01,2.169175e+01,2.174704e+01,2.147025e+01,2.158798e+01,2.161566e+01,2.150489e+01,2.142174e+01,2.164334e+01,2.148411e+01,2.150489e+01,2.147025e+01,2.145639e+01,2.141480e+01,2.138707e+01,2.145639e+01,2.169175e+01,2.135239e+01,2.147025e+01,2.128993e+01,2.144253e+01,2.133851e+01,2.142174e+01,2.156029e+01,2.140787e+01,2.142867e+01,2.140787e+01,2.144946e+01,2.147718e+01,2.144946e+01,2.157414e+01,2.158106e+01,2.166409e+01,2.188516e+01,2.169866e+01,2.178850e+01,2.178159e+01,2.166409e+01,2.165717e+01,2.192655e+01,2.170557e+01,2.180922e+01,2.167100e+01,2.187825e+01,2.155337e+01,2.189896e+01,2.189206e+01,2.180922e+01,2.192655e+01,2.193345e+01,2.173322e+01,2.176777e+01,2.186445e+01,2.173322e+01,2.192655e+01,2.188516e+01,2.180231e+01,2.176086e+01,2.179540e+01,2.184374e+01,2.191276e+01,2.173322e+01,2.174013e+01,2.165717e+01,2.170557e+01,2.180231e+01
2.279889e+01,2.281941e+01,2.303801e+01,2.293560e+01,2.305848e+01,2.313350e+01,2.310622e+01,2.314713e+01,2.320165e+01,2.301753e+01,2.305848e+01,2.324933e+01,2.329018e+01,2.332421e+01,2.330379e+01,2.333782e+01,2.350099e+01,2.341264e+01,2.350099e+01,2.343983e+01,2.340584e+01,2.352136e+01,2.345342e+01,2.337183e+01,2.349419e+01,2.347381e+01,2.355532e+01,2.348740e+01,2.348740e+01,2.348740e+01,2.341944e+01,2.342623e+01,2.346701e+01,2.344662e+01,2.334462e+01,2.344662e+01,2.348060e+01,2.341264e+01,2.352136e+01,2.352816e+01,2.334462e+01,2.352136e+01,2.352136e+01,2.341264e+01,2.363676e+01,2.341944e+01,2.345342e+01,2.351457e+01,2.348060e+01,2.345342e+01,2.348060e+01,2.338544e+01,2.350778e+01,2.350099e+01,2.347381e+01,2.355532e+01,2.353495e+01,2.343983e+01,2.334462e+01,2.333782e+01,2.364355e+01,2.362319e+01,2.352816e+01,2.346701e+01,2.352136e+01,2.351457e+01,2.335823e+01,2.350099e+01,2.346701e+01,2.349419e+01,2.352136e+01,2.343983e+01,2.354174e+01,2.344662e+01,2.343983e+01,2.348740e+01,2.336503e+01,2.338544e+01,2.336503e+01,2.343303e+01,2.347381e+01,2.341264e+01,2.332421e+01,2.343303e+01,2.341944e+01,2.330379e+01,2.339224e+01,2.359605e+01,2.333782e+01,2.332421e+01,2.339224e+01,2.335143e+01,2.335823e+01,2.337183e+01,2.336503e+01,2.333101e+01,2.362319e+01,2.334462e+01,2.341264e+01,2.344662e+01,2.341944e+01,2.346022e+01,2.348740e+01,2.354174e+01,2.357569e+01,2.367746e+01,2.345342e+01,2.352816e+01,2.352136e+01,2.345342e+01,2.357569e+01,2.348060e+01,2.345342e+01,2.341944e+01,2.337864e+01,2.322209e+01,2.331060e+01,2.309940e+01,2.320846e+01,2.311986e+01,2.301753e+01,2.289461e+01,2.309258e+01,2.337183e+01,2.309258e+01,2.228463e+01,2.225026e+01,2.199551e+01,2.209198e+01,2.192655e+01,2.196793e+01,2.194035e+01,2.192655e+01,2.178159e+01,2.200930e+01,2.190586e+01,2.193345e+01,2.194035e+01,2.198862e+01,2.207131e+01,2.194035e+01,2.207820e+01,2.208509e+01,2.226401e+01,2.235335e+01,2.247006e+01,2.266201e+01,2.233961e+01,2.207820e+01,2.205754e+01,2.240142e+01,2.337864e+01,2.409032e+01,2.461587e+01,2.372492e+01,2.286043e+01,2.276469e+01,2.288094e+01,2.286727e+01,2.300388e+01,2.256608e+01,2.239456e+01,2.289461e+01,2.238082e+01,2.262091e+01,2.265516e+01,2.266201e+01,2.306530e+01,2.274416e+01,2.269625e+01,2.284676e+01,2.307894e+01,2.331740e+01,2.335143e+01,2.330379e+01,2.346022e+01,2.362319e+01,2.360283e+01,2.373170e+01,2.346022e+01,2.343303e+01,2.281257e+01,2.277153e+01,2.281941e+01,2.296292e+01,2.348060e+01,2.350778e+01,2.332421e+01,2.298340e+01,2.296975e+01,2.295609e+01,2.266886e+01,2.263461e+01,2.224338e+01,2.225713e+01,2.246320e+01,2.247692e+01,2.211952e+01,2.238769e+01,2.246320e+01,2.244261e+01,2.225026e+01,2.209198e+01,2.222275e+01,2.196104e+01,2.215394e+01,2.235335e+01,2.242202e+01,2.201619e+01,2.174704e+01,2.176777e+01,2.177468e+01,2.186445e+01,2.164334e+01,2.165717e+01,2.162950e+01,2.158798e+01,2.149104e+01,2.163642e+01,2.151875e+01,2.142174e+01,2.151182e+01,2.151182e+01,2.158798e+01,2.174013e+01,2.170557e+01,2.212641e+01,2.202997e+01,2.188516e+01,2.190586e+01,2.192655e+01,2.180231e+01,2.173322e+01,2.177468e+01,2.174013e+01,2.176777e+01,2.189896e+01,2.180922e+01,2.180231e+01,2.182303e+01,2.184374e+01,2.185755e+01,2.185065e+01,2.177468e+01,2.179540e+01,2.186445e+01,2.175395e+01,2.185065e+01,2.180231e+01,2.186445e+01,2.182993e+01,2.180231e+01,2.185755e+01,2.184374e+01,2.181612e+01,2.187135e+01,2.189896e+01,2.187135e+01,2.187135e+01,2.191276e+01,2.180231e+01,2.174013e+01,2.179540e+01,2.175395e+01,2.184374e+01,2.174704e+01,2.187825e+01,2.174704e+01,2.171940e+01,2.182993e+01,2.182303e+01,2.179540e+01,2.178159e+01,2.177468e+01,2.170557e+01,2.178159e+01,2.178850e+01,2.176777e+01,2.182303e+01,2.169866e+01,2.178850e+01,2.177468e+01,2.179540e+01,2.179540e+01,2.175395e+01,2.194725e+01,2.180231e+01,2.194725e+01,2.185065e+01,2.189206e+01,2.185755e+01,2.182303e+01,2.201619e+01,2.170557e+01,2.180922e+01,2.171248e+01,2.178159e+01,2.180231e+01,2.168483e+01,2.181612e+01,2.183684e+01,2.173322e+01,2.185755e+01,2.169866e+01,2.169866e+01,2.169866e+01,2.173322e+01,2.162950e+01,2.168483e+01,2.158798e+01,2.165717e+01,2.176777e+01,2.170557e+01,2.157414e+01,2.159490e+01,2.164334e+01,2.165025e+01,2.165025e+01,2.167100e+01,2.171940e+01,2.182303e+01,2.170557e+01,2.178850e+01,2.173322e+01,2.167100e+01,2.170557e+01,2.185755e+01,2.180231e+01,2.189896e+01,2.187135e+01,2.189896e+01,2.191276e+01,2.187825e+01,2.192655e+01,2.187825e+01,2.194725e+01,2.187135e+01,2.192655e+01,2.200241e+01,2.196793e+01,2.200241e+01,2.194035e+01,2.198172e+01,2.195414e+01,2.192655e+01,2.196793e+01,2.206442e+01,2.193345e+01,2.202997e+01,2.196104e+01,2.196793e+01,2.202997e+01,2.206442e+01,2.196793e+01,2.195414e+01,2.201619e+01,2.196104e+01,2.196104e+01,2.216082e+01,2.209886e+01,2.218835e+01,2.197483e+01,2.207820e+01,2.209198e+01,2.208509e+01,2.197483e+01,2.193345e+01,2.218147e+01,2.203687e+01,2.208509e+01,2.220899e+01,2.216771e+01,2.207131e+01,2.198172e+01,2.213329e+01,2.202997e+01,2.213329e+01,2.207131e+01,2.206442e+01,2.209886e+01,2.205065e+01,2.209198e+01,2.192655e+01,2.201619e+01,2.202308e+01,2.202997e+01,2.190586e+01,2.192655e+01,2.207131e+01,2.211952e+01,2.193345e+01,2.191276e+01,2.210575e+01,2.200930e+01,2.198862e+01,2.189896e+01,2.205754e+01,2.199551e+01,2.202308e+01,2.207820e+01,2.202997e+01,2.196104e+01,2.194725e+01,2.201619e+01,2.198172e+01,2.194725e+01,2.199551e+01,2.199551e+01,2.194035e+01,2.198862e+01,2.199551e+01,2.197483e+01,2.198862e+01,2.184374e+01,2.182993e+01,2.196104e+01,2.199551e+01,2.189206e+01,2.199551e+01,2.180922e+01,2.191276e+01,2.184374e+01,2.182303e+01,2.193345e+01,2.192655e+01,2.180231e+01,2.196104e+01,2.185755e+01,2.176777e+01,2.187825e+01,2.185065e+01,2.180231e+01,2.163642e+01,2.181612e+01,2.194035e+01,2.186445e+01,2.187135e+01,2.185065e+01,2.183684e+01,2.185065e+01,2.181612e+01,2.191965e+01,2.173322e+01,2.181612e+01,2.181612e+01,2.194035e+01,2.194725e+01,2.207820e+01,2.178850e+01,2.177468e+01,2.190586e+01,2.192655e+01,2.197483e+01,2.190586e+01,2.200241e+01,2.194035e+01,2.193345e+01,2.203687e+01,2.203687e+01,2.203687e+01,2.200930e+01,2.208509e+01,2.208509e+01,2.210575e+01,2.220899e+01,2.211263e+01,2.214706e+01,2.210575e+01,2.209198e+01,2.214706e+01,2.210575e+01,2.214706e+01,2.205754e+01,2.222962e+01,2.217459e+01,2.224338e+01,2.215394e+01,2.214017e+01,2.212641e+01,2.214017e+01,2.241516e+01,2.203687e+01,2.207820e+01,2.218147e+01,2.214706e+01,2.213329e+01,2.218147e+01,2.225026e+01,2.210575e+01,2.222275e+01,2.222962e+01,2.210575e+01,2.214017e+01,2.216771e+01,2.220899e+01,2.216082e+01,2.202997e+01,2.214706e+01,2.205754e+01,2.218835e+01,2.216082e+01,2.203687e+01,2.220211e+01,2.219523e+01,2.221587e+01,2.213329e+01,2.194035e+01,2.211952e+01,2.200930e+01,2.209886e+01,2.223650e+01,2.215394e+01,2.205754e+01,2.207820e+01,2.211952e+01,2.200930e+01,2.208509e+01,2.208509e+01,2.210575e+01,2.194035e+01,2.218147e+01,2.218835e+01,2.207820e+01,2.193345e+01,2.196104e+01,2.194035e+01,2.205754e+01,2.196793e+01,2.198862e+01,2.198172e+01,2.193345e+01,2.205065e+01,2.191965e+01,2.196104e+01,2.184374e+01,2.197483e+01,2.182303e+01,2.189206e+01,2.181612e+01,2.182993e+01,2.188516e+01,2.179540e+01,2.200930e+01,2.173322e+01,2.171248e+01,2.172631e+01,2.188516e+01,2.192655e+01,2.174704e+01,2.182993e+01,2.174704e+01,2.172631e+01,2.171940e+01,2.174013e+01,2.162950e+01,2.154645e+01,2.161566e+01,2.154645e+01,2.176086e+01,2.168483e+01,2.173322e+01,2.166409e+01,2.167792e+01,2.167792e+01,2.178159e+01,2.151182e+01,2.167792e+01,2.162258e+01,2.167100e+01,2.159490e+01,2.166409e+01,2.151875e+01,2.174013e+01,2.171940e+01,2.165025e+01,2.157414e+01,2.153952e+01,2.158798e+01,2.159490e+01,2.165025e+01,2.152567e+01,2.158798e+01,2.141480e+01,2.151875e+01,2.166409e+01,2.148411e+01,2.150489e+01,2.156029e+01,2.144253e+01,2.134545e+01,2.145639e+01,2.145639e+01,2.134545e+01,2.142174e+01,2.144253e+01,2.133158e+01,2.134545e+01,2.138013e+01,2.132464e+01,2.134545e+01,2.157414e+01,2.160182e+01,2.164334e+01,2.169175e+01,2.151875e+01,2.157414e+01,2.169866e+01,2.159490e+01,2.180922e+01,2.169175e+01,2.184374e+01,2.179540e+01,2.179540e+01,2.172631e+01,2.187135e+01,2.192655e+01,2.176086e+01,2.185065e+01,2.187135e+01,2.188516e+01,2.187135e+01,2.180231e+01,2.180922e+01,2.193345e+01,2.180922e+01,2.197483e+01,2.198862e+01,2.195414e+01,2.180231e+01,2.187825e+01,2.182303e+01,2.182993e+01,2.199551e+01,2.197483e+01,2.182303e+01,2.182303e+01,2.183684e+01,2.180231e+01,2.167100e+01,2.180922e+01
2.280573e+01,2.278522e+01,2.277837e+01,2.301753e+01,2.291510e+01,2.309940e+01,2.301753e+01,2.308576e+01,2.321527e+01,2.311986e+01,2.321527e+01,2.321527e+01,2.321527e+01,2.332421e+01,2.324933e+01,2.347381e+01,2.343303e+01,2.331740e+01,2.347381e+01,2.350778e+01,2.338544e+01,2.346701e+01,2.345342e+01,2.348060e+01,2.348740e+01,2.344662e+01,2.347381e+01,2.346022e+01,2.352136e+01,2.342623e+01,2.341944e+01,2.343303e+01,2.338544e+01,2.341264e+01,2.341944e+01,2.347381e+01,2.343983e+01,2.339224e+01,2.342623e+01,2.348740e+01,2.337183e+01,2.340584e+01,2.356211e+01,2.356211e+01,2.350099e+01,2.345342e+01,2.342623e+01,2.345342e+01,2.356211e+01,2.340584e+01,2.362998e+01,2.347381e+01,2.333782e+01,2.348060e+01,2.352136e+01,2.350778e+01,2.348060e+01,2.347381e+01,2.349419e+01,2.340584e+01,2.337864e+01,2.351457e+01,2.343303e+01,2.337864e+01,2.345342e+01,2.348740e+01,2.347381e+01,2.336503e+01,2.335823e+01,2.347381e+01,2.337183e+01,2.350099e+01,2.344662e+01,2.343303e+01,2.325614e+01,2.346022e+01,2.331060e+01,2.333782e+01,2.335823e+01,2.341944e+01,2.343983e+01,2.332421e+01,2.339904e+01,2.352816e+01,2.337183e+01,2.316076e+01,2.337864e+01,2.366390e+01,2.325614e+01,2.335143e+01,2.333782e+01,2.345342e+01,2.339904e+01,2.337183e+01,2.336503e+01,2.337864e+01,2.337864e+01,2.341944e+01,2.346022e+01,2.358926e+01,2.341264e+01,2.336503e+01,2.358247e+01,2.341944e+01,2.356890e+01,2.339904e+01,2.344662e+01,2.342623e+01,2.338544e+01,2.352136e+01,2.347381e+01,2.363676e+01,2.335823e+01,2.330379e+01,2.354174e+01,2.335143e+01,2.327656e+01,2.322890e+01,2.317439e+01,2.311986e+01,2.309258e+01,2.291510e+01,2.307894e+01,2.316758e+01,2.308576e+01,2.238769e+01,2.215394e+01,2.202308e+01,2.189896e+01,2.191276e+01,2.192655e+01,2.192655e+01,2.190586e+01,2.195414e+01,2.200241e+01,2.197483e+01,2.185755e+01,2.194725e+01,2.191965e+01,2.192655e+01,2.211263e+01,2.190586e+01,2.200930e+01,2.214017e+01,2.211263e+01,2.200241e+01,2.231900e+01,2.236709e+01,2.229151e+01,2.219523e+01,2.316076e+01,2.396190e+01,2.389425e+01,2.462931e+01,2.372492e+01,2.251808e+01,2.222962e+01,2.279889e+01,2.275785e+01,2.249751e+01,2.225713e+01,2.273732e+01,2.242202e+01,2.261406e+01,2.251122e+01,2.261406e+01,2.263461e+01,2.245634e+01,2.245634e+01,2.247692e+01,2.283309e+01,2.314031e+01,2.346701e+01,2.352136e+01,2.329699e+01,2.320165e+01,2.307894e+01,2.322890e+01,2.373848e+01,2.340584e+01,2.304483e+01,2.281941e+01,2.264831e+01,2.305165e+01,2.345342e+01,2.347381e+01,2.326295e+01,2.285360e+01,2.268940e+01,2.248379e+01,2.268940e+01,2.273732e+01,2.270994e+01,2.238082e+01,2.216771e+01,2.211952e+01,2.201619e+01,2.211952e+01,2.238769e+01,2.231212e+01,2.203687e+01,2.178850e+01,2.175395e+01,2.198172e+01,2.220899e+01,2.251122e+01,2.216771e+01,2.180922e+01,2.175395e+01,2.189896e+01,2.176086e+01,2.201619e+01,2.195414e+01,2.202308e+01,2.202997e+01,2.177468e+01,2.169175e+01,2.155337e+01,2.155337e+01,2.158106e+01,2.150489e+01,2.159490e+01,2.152567e+01,2.167792e+01,2.195414e+01,2.183684e+01,2.178850e+01,2.206442e+01,2.171940e+01,2.178850e+01,2.176777e+01,2.176086e+01,2.187825e+01,2.166409e+01,2.176777e+01,2.176086e+01,2.176086e+01,2.178850e+01,2.174013e+01,2.187135e+01,2.166409e+01,2.185065e+01,2.183684e+01,2.186445e+01,2.185065e+01,2.182993e+01,2.189896e+01,2.172631e+01,2.181612e+01,2.191965e+01,2.184374e+01,2.181612e+01,2.183684e+01,2.182993e+01,2.207820e+01,2.187825e+01,2.188516e+01,2.179540e+01,2.191965e+01,2.171940e+01,2.174704e+01,2.181612e+01,2.178159e+01,2.186445e+01,2.175395e+01,2.171248e+01,2.185755e+01,2.189896e+01,2.178159e+01,2.174013e+01,2.186445e+01,2.207820e+01,2.176086e+01,2.180231e+01,2.182303e+01,2.178850e+01,2.179540e+01,2.182303e+01,2.181612e+01,2.181612e+01,2.185065e+01,2.184374e+01,2.188516e+01,2.186445e+01,2.187825e+01,2.191965e+01,2.196104e+01,2.185065e+01,2.189206e+01,2.177468e+01,2.174704e+01,2.198862e+01,2.185065e+01,2.184374e+01,2.186445e+01,2.174013e+01,2.178159e+01,2.184374e+01,2.174704e+01,2.165717e+01,2.172631e+01,2.172631e+01,2.179540e+01,2.174704e+01,2.175395e+01,2.167100e+01,2.169175e+01,2.157414e+01,2.160874e+01,2.158798e+01,2.160182e+01,2.163642e+01,2.161566e+01,2.172631e+01,2.162258e+01,2.164334e+01,2.163642e+01,2.164334e+01,2.169175e+01,2.165717e+01,2.176086e+01,2.181612e+01,2.171940e+01,2.183684e+01,2.184374e+01,2.172631e+01,2.172631e+01,2.187135e+01,2.182303e+01,2.174704e+01,2.191276e+01,2.187825e+01,2.189896e+01,2.200930e+01,2.186445e+01,2.187825e+01,2.181612e+01,2.187135e+01,2.187135e+01,2.209886e+01,2.193345e+01,2.201619e+01,2.199551e+01,2.200241e+01,2.202997e+01,2.195414e+01,2.194725e+01,2.193345e+01,2.201619e+01,2.211263e+01,2.196793e+01,2.198862e+01,2.204376e+01,2.195414e+01,2.194035e+01,2.205065e+01,2.205065e+01,2.196104e+01,2.195414e+01,2.218147e+01,2.191276e+01,2.217459e+01,2.210575e+01,2.209886e+01,2.209198e+01,2.212641e+01,2.213329e+01,2.202997e+01,2.207820e+01,2.205754e+01,2.216771e+01,2.205065e+01,2.203687e+01,2.206442e+01,2.209886e+01,2.203687e+01,2.211263e+01,2.205754e+01,2.205065e+01,2.201619e+01,2.200241e+01,2.203687e+01,2.212641e+01,2.199551e+01,2.214706e+01,2.214017e+01,2.196104e+01,2.211263e+01,2.211263e+01,2.197483e+01,2.205754e+01,2.205065e+01,2.208509e+01,2.200241e+01,2.204376e+01,2.202308e+01,2.200930e+01,2.201619e+01,2.198862e+01,2.209886e+01,2.196104e+01,2.200241e+01,2.200930e+01,2.198862e+01,2.204376e+01,2.199551e+01,2.192655e+01,2.202308e+01,2.190586e+01,2.202997e+01,2.194725e+01,2.205754e+01,2.200241e+01,2.200241e+01,2.189896e+01,2.189206e+01,2.196793e+01,2.194035e+01,2.198172e+01,2.188516e+01,2.189206e+01,2.184374e+01,2.187135e+01,2.185065e+01,2.190586e+01,2.174704e+01,2.191965e+01,2.181612e+01,2.175395e+01,2.182993e+01,2.175395e+01,2.187135e+01,2.188516e+01,2.191276e+01,2.190586e+01,2.189206e+01,2.187825e+01,2.181612e+01,2.187825e+01,2.177468e+01,2.190586e+01,2.176777e+01,2.175395e+01,2.185755e+01,2.194035e+01,2.191276e+01,2.195414e+01,2.191965e+01,2.194035e+01,2.175395e+01,2.189896e+01,2.187135e+01,2.199551e+01,2.203687e+01,2.198172e+01,2.202308e+01,2.200241e+01,2.204376e+01,2.199551e+01,2.200241e+01,2.197483e+01,2.196793e+01,2.200241e+01,2.212641e+01,2.214017e+01,2.214017e+01,2.212641e+01,2.235335e+01,2.210575e+01,2.210575e+01,2.210575e+01,2.213329e+01,2.216771e+01,2.202997e+01,2.218147e+01,2.216771e+01,2.225713e+01,2.211263e+01,2.214706e+01,2.210575e+01,2.218835e+01,2.211952e+01,2.220899e+01,2.220211e+01,2.218147e+01,2.199551e+01,2.220211e+01,2.212641e+01,2.211263e+01,2.215394e+01,2.219523e+01,2.222962e+01,2.211263e+01,2.221587e+01,2.209886e+01,2.214017e+01,2.205754e+01,2.218835e+01,2.217459e+01,2.216082e+01,2.223650e+01,2.188516e+01,2.215394e+01,2.207820e+01,2.213329e+01,2.217459e+01,2.209886e+01,2.202997e+01,2.195414e+01,2.200930e+01,2.211263e+01,2.202308e+01,2.202997e+01,2.195414e+01,2.198862e+01,2.202308e+01,2.201619e+01,2.209886e+01,2.212641e+01,2.210575e+01,2.211952e+01,2.194725e+01,2.200930e+01,2.192655e+01,2.202308e+01,2.203687e+01,2.194725e+01,2.198862e+01,2.189206e+01,2.191965e+01,2.197483e+01,2.189896e+01,2.195414e+01,2.196793e+01,2.192655e+01,2.180231e+01,2.195414e+01,2.174704e+01,2.177468e+01,2.176086e+01,2.189206e+01,2.197483e+01,2.172631e+01,2.180922e+01,2.182303e+01,2.171248e+01,2.173322e+01,2.178850e+01,2.174704e+01,2.164334e+01,2.165717e+01,2.182993e+01,2.175395e+01,2.176777e+01,2.169866e+01,2.164334e+01,2.149104e+01,2.173322e+01,2.171940e+01,2.163642e+01,2.168483e+01,2.168483e+01,2.165025e+01,2.167100e+01,2.133158e+01,2.162258e+01,2.144253e+01,2.153260e+01,2.164334e+01,2.147025e+01,2.151875e+01,2.158798e+01,2.167792e+01,2.158106e+01,2.168483e+01,2.162258e+01,2.155337e+01,2.155337e+01,2.156029e+01,2.144946e+01,2.165717e+01,2.143560e+01,2.142867e+01,2.147025e+01,2.140094e+01,2.144946e+01,2.144946e+01,2.158798e+01,2.134545e+01,2.150489e+01,2.142174e+01,2.133158e+01,2.144253e+01,2.146332e+01,2.139400e+01,2.144253e+01,2.137320e+01,2.141480e+01,2.156029e+01,2.136626e+01,2.153260e+01,2.160874e+01,2.151875e+01,2.141480e+01,2.188516e+01,2.174704e+01,2.178159e+01,2.179540e+01,2.182303e+01,2.163642e+01,2.164334e+01,2.180231e+01,2.174704e+01,2.179540e+01,2.167792e+01,2.172631e+01,2.187135e+01,2.182993e+01,2.180231e+01,2.187825e+01,2.183684e+01,2.189896e+01,2.187825e+01,2.193345e+01,2.174704e+01,2.176777e+01,2.178159e+01,2.178159e+01,2.182993e+01,2.178159e+01,2.178159e+01,2.182303e+01,2.196793e+01,2.177468e+01,2.178159e+01,2.189896e+01,2.172631e+01,2.180231e+01,2.181612e+01,2.181612e+01
2.281257e+01,2.285360e+01,2.282625e+01,2.288094e+01,2.284676e+01,2.286043e+01,2.311304e+01,2.312668e+01,2.303118e+01,2.320846e+01,2.322209e+01,2.325614e+01,2.325614e+01,2.332421e+01,2.322209e+01,2.346701e+01,2.335823e+01,2.327656e+01,2.340584e+01,2.337183e+01,2.337183e+01,2.352816e+01,2.343303e+01,2.345342e+01,2.361641e+01,2.350099e+01,2.350099e+01,2.348740e+01,2.351457e+01,2.341944e+01,2.336503e+01,2.338544e+01,2.339224e+01,2.341944e+01,2.343303e+01,2.341944e+01,2.347381e+01,2.343303e+01,2.335143e+01,2.352816e+01,2.350778e+01,2.352136e+01,2.340584e+01,2.344662e+01,2.345342e+01,2.358247e+01,2.346701e+01,2.343983e+01,2.343983e+01,2.360962e+01,2.347381e+01,2.345342e+01,2.348060e+01,2.348060e+01,2.358247e+01,2.350099e+01,2.322890e+01,2.352136e+01,2.360962e+01,2.334462e+01,2.350778e+01,2.349419e+01,2.359605e+01,2.352136e+01,2.354174e+01,2.349419e+01,2.350778e+01,2.344662e+01,2.329699e+01,2.349419e+01,2.341944e+01,2.343983e+01,2.343983e+01,2.347381e+01,2.348740e+01,2.346701e+01,2.327656e+01,2.327656e+01,2.333101e+01,2.341264e+01,2.347381e+01,2.348740e+01,2.319484e+01,2.333101e+01,2.326976e+01,2.335143e+01,2.344662e+01,2.334462e+01,2.331740e+01,2.331740e+01,2.334462e+01,2.331740e+01,2.329699e+01,2.335143e+01,2.343303e+01,2.332421e+01,2.331740e+01,2.337864e+01,2.329699e+01,2.341264e+01,2.338544e+01,2.337864e+01,2.352816e+01,2.359605e+01,2.339224e+01,2.340584e+01,2.354853e+01,2.345342e+01,2.335823e+01,2.356890e+01,2.341264e+01,2.358247e+01,2.338544e+01,2.329699e+01,2.342623e+01,2.340584e+01,2.330379e+01,2.314713e+01,2.314031e+01,2.311986e+01,2.305165e+01,2.278522e+01,2.278522e+01,2.318121e+01,2.307894e+01,2.233274e+01,2.199551e+01,2.206442e+01,2.208509e+01,2.192655e+01,2.187825e+01,2.196104e+01,2.186445e+01,2.189206e+01,2.196793e+01,2.182303e+01,2.192655e+01,2.191965e+01,2.209886e+01,2.200241e+01,2.204376e+01,2.187825e+01,2.214017e+01,2.195414e+01,2.194725e+01,2.202997e+01,2.231212e+01,2.242202e+01,2.242888e+01,2.231900e+01,2.247692e+01,2.250437e+01,2.318802e+01,2.369781e+01,2.313350e+01,2.215394e+01,2.245634e+01,2.283993e+01,2.261406e+01,2.235335e+01,2.258665e+01,2.260035e+01,2.261406e+01,2.260035e+01,2.276469e+01,2.265516e+01,2.257979e+01,2.249065e+01,2.239456e+01,2.249751e+01,2.252494e+01,2.287410e+01,2.341944e+01,2.362319e+01,2.336503e+01,2.327656e+01,2.331740e+01,2.332421e+01,2.331060e+01,2.303118e+01,2.264146e+01,2.269625e+01,2.277837e+01,2.307894e+01,2.310622e+01,2.288777e+01,2.300388e+01,2.262776e+01,2.244948e+01,2.242202e+01,2.261406e+01,2.270994e+01,2.237395e+01,2.231212e+01,2.200241e+01,2.203687e+01,2.198862e+01,2.202997e+01,2.235335e+01,2.207820e+01,2.173322e+01,2.178850e+01,2.178159e+01,2.199551e+01,2.220899e+01,2.210575e+01,2.183684e+01,2.187825e+01,2.176086e+01,2.185755e+01,2.203687e+01,2.205065e+01,2.216771e+01,2.187825e+01,2.186445e+01,2.174013e+01,2.175395e+01,2.180922e+01,2.185065e+01,2.180922e+01,2.158798e+01,2.171940e+01,2.160874e+01,2.183684e+01,2.182303e+01,2.188516e+01,2.173322e+01,2.173322e+01,2.185065e+01,2.182303e+01,2.174704e+01,2.184374e+01,2.178850e+01,2.177468e+01,2.185065e+01,2.178159e+01,2.176086e+01,2.191276e+01,2.181612e+01,2.175395e+01,2.188516e+01,2.184374e+01,2.184374e+01,2.183684e+01,2.180922e+01,2.183684e+01,2.182303e+01,2.171940e+01,2.180922e+01,2.180922e+01,2.178850e+01,2.186445e+01,2.182993e+01,2.194725e+01,2.181612e+01,2.183684e+01,2.182303e+01,2.189896e+01,2.189896e+01,2.192655e+01,2.185065e+01,2.188516e+01,2.173322e+01,2.178850e+01,2.191276e+01,2.194035e+01,2.176086e+01,2.191276e+01,2.178159e+01,2.187135e+01,2.182303e+01,2.183684e+01,2.182303e+01,2.181612e+01,2.167100e+01,2.170557e+01,2.177468e+01,2.183684e+01,2.182993e+01,2.179540e+01,2.180922e+01,2.180922e+01,2.198862e+01,2.175395e+01,2.180922e+01,2.182303e+01,2.184374e+01,2.167792e+01,2.178850e+01,2.171940e+01,2.176777e+01,2.171940e+01,2.186445e+01,2.181612e+01,2.187135e+01,2.185065e+01,2.183684e+01,2.180922e+01,2.177468e+01,2.185065e+01,2.171248e+01,2.171940e+01,2.181612e+01,2.170557e+01,2.163642e+01,2.155337e+01,2.164334e+01,2.168483e+01,2.165717e+01,2.167792e+01,2.167792e+01,2.169866e+01,2.170557e+01,2.174704e+01,2.160182e+01,2.167792e+01,2.173322e+01,2.175395e+01,2.166409e+01,2.167792e+01,2.168483e+01,2.185755e+01,2.173322e+01,2.172631e+01,2.175395e+01,2.190586e+01,2.186445e+01,2.187135e+01,2.189896e+01,2.189896e+01,2.193345e+01,2.187135e+01,2.202997e+01,2.196793e+01,2.200241e+01,2.187135e+01,2.196793e+01,2.198862e+01,2.195414e+01,2.198172e+01,2.194725e+01,2.193345e+01,2.202308e+01,2.209198e+01,2.204376e+01,2.194725e+01,2.192655e+01,2.193345e+01,2.210575e+01,2.197483e+01,2.214706e+01,2.196793e+01,2.207820e+01,2.205754e+01,2.204376e+01,2.207131e+01,2.212641e+01,2.197483e+01,2.218835e+01,2.200930e+01,2.196104e+01,2.220211e+01,2.206442e+01,2.212641e+01,2.215394e+01,2.209886e+01,2.211263e+01,2.213329e+01,2.216771e+01,2.216082e+01,2.203687e+01,2.208509e+01,2.211263e+01,2.225713e+01,2.205754e+01,2.205065e+01,2.205754e+01,2.218147e+01,2.207131e+01,2.215394e+01,2.222962e+01,2.213329e+01,2.209886e+01,2.203687e+01,2.208509e+01,2.216082e+01,2.208509e+01,2.207820e+01,2.208509e+01,2.202997e+01,2.211263e+01,2.200241e+01,2.203687e+01,2.211263e+01,2.214706e+01,2.205754e+01,2.214017e+01,2.203687e+01,2.200241e+01,2.196793e+01,2.176086e+01,2.202997e+01,2.203687e+01,2.183684e+01,2.194725e+01,2.205065e+01,2.198172e+01,2.189896e+01,2.198172e+01,2.202997e+01,2.197483e+01,2.191965e+01,2.209886e+01,2.198172e+01,2.196793e+01,2.199551e+01,2.185755e+01,2.197483e+01,2.194725e+01,2.196793e+01,2.200241e+01,2.202308e+01,2.187825e+01,2.187825e+01,2.191965e+01,2.193345e+01,2.187135e+01,2.185065e+01,2.192655e+01,2.194035e+01,2.185755e+01,2.188516e+01,2.190586e+01,2.192655e+01,2.191965e+01,2.192655e+01,2.191965e+01,2.187825e+01,2.192655e+01,2.187135e+01,2.191276e+01,2.194035e+01,2.188516e+01,2.194035e+01,2.190586e+01,2.191965e+01,2.213329e+01,2.193345e+01,2.209886e+01,2.188516e+01,2.207131e+01,2.193345e+01,2.195414e+01,2.194035e+01,2.196104e+01,2.203687e+01,2.205754e+01,2.205065e+01,2.207820e+01,2.217459e+01,2.216082e+01,2.207131e+01,2.201619e+01,2.206442e+01,2.205754e+01,2.214017e+01,2.218835e+01,2.220211e+01,2.215394e+01,2.211263e+01,2.222275e+01,2.222962e+01,2.236709e+01,2.207131e+01,2.216771e+01,2.221587e+01,2.209198e+01,2.207131e+01,2.220211e+01,2.213329e+01,2.221587e+01,2.213329e+01,2.221587e+01,2.230525e+01,2.221587e+01,2.213329e+01,2.220899e+01,2.215394e+01,2.216082e+01,2.215394e+01,2.216082e+01,2.212641e+01,2.219523e+01,2.209198e+01,2.211263e+01,2.209198e+01,2.212641e+01,2.215394e+01,2.216082e+01,2.218147e+01,2.210575e+01,2.213329e+01,2.217459e+01,2.217459e+01,2.206442e+01,2.210575e+01,2.199551e+01,2.204376e+01,2.206442e+01,2.194725e+01,2.209198e+01,2.195414e+01,2.194035e+01,2.204376e+01,2.205065e+01,2.196793e+01,2.222962e+01,2.187825e+01,2.210575e+01,2.209886e+01,2.206442e+01,2.211952e+01,2.203687e+01,2.204376e+01,2.200930e+01,2.186445e+01,2.182993e+01,2.190586e+01,2.192655e+01,2.194725e+01,2.196104e+01,2.185755e+01,2.180922e+01,2.189896e+01,2.187135e+01,2.182993e+01,2.182993e+01,2.191276e+01,2.188516e+01,2.187825e+01,2.180231e+01,2.173322e+01,2.167792e+01,2.174013e+01,2.169866e+01,2.187135e+01,2.171248e+01,2.176777e+01,2.175395e+01,2.178850e+01,2.175395e+01,2.171940e+01,2.168483e+01,2.165025e+01,2.169175e+01,2.152567e+01,2.151875e+01,2.160182e+01,2.171248e+01,2.168483e+01,2.160874e+01,2.166409e+01,2.150489e+01,2.171940e+01,2.142174e+01,2.174013e+01,2.165025e+01,2.166409e+01,2.154645e+01,2.170557e+01,2.153260e+01,2.171248e+01,2.166409e+01,2.171248e+01,2.163642e+01,2.151875e+01,2.163642e+01,2.155337e+01,2.156029e+01,2.153260e+01,2.153260e+01,2.157414e+01,2.162950e+01,2.169175e+01,2.145639e+01,2.135239e+01,2.147025e+01,2.142174e+01,2.149104e+01,2.149796e+01,2.133158e+01,2.138707e+01,2.149796e+01,2.144946e+01,2.142867e+01,2.146332e+01,2.135933e+01,2.139400e+01,2.144946e+01,2.154645e+01,2.168483e+01,2.154645e+01,2.156721e+01,2.151182e+01,2.165025e+01,2.171940e+01,2.176777e+01,2.166409e+01,2.162950e+01,2.164334e+01,2.174704e+01,2.170557e+01,2.175395e+01,2.176086e+01,2.175395e+01,2.169866e+01,2.183684e+01,2.193345e+01,2.180922e+01,2.189896e+01,2.171940e+01,2.187135e+01,2.189206e+01,2.194035e+01,2.178159e+01,2.198172e+01,2.174704e+01,2.191276e+01,2.182993e+01,2.182993e+01,2.180231e+01,2.176777e+01,2.188516e+01,2.200930e+01,2.185065e+01,2.189896e+01,2.187825e+01,2.175395e+01,2.189896e+01,2.185065e+01
2.280573e+01,2.279889e+01,2.276469e+01,2.291510e+01,2.286727e+01,2.288094e+01,2.310622e+01,2.311986e+01,2.309258e+01,2.314031e+01,2.307212e+01,2.329018e+01,2.326295e+01,2.338544e+01,2.333782e+01,2.333782e+01,2.343303e+01,2.344662e+01,2.340584e+01,2.326295e+01,2.333782e+01,2.324933e+01,2.348060e+01,2.341944e+01,2.338544e+01,2.340584e+01,2.343983e+01,2.330379e+01,2.346701e+01,2.331740e+01,2.339224e+01,2.344662e+01,2.343303e+01,2.346022e+01,2.341264e+01,2.344662e+01,2.340584e+01,2.341944e+01,2.349419e+01,2.340584e+01,2.328337e+01,2.346022e+01,2.340584e+01,2.350099e+01,2.346701e+01,2.349419e+01,2.350778e+01,2.347381e+01,2.346022e+01,2.341944e+01,2.350099e+01,2.338544e+01,2.367746e+01,2.341944e+01,2.343983e+01,2.360283e+01,2.352136e+01,2.358247e+01,2.348740e+01,2.363676e+01,2.349419e+01,2.350099e+01,2.341264e+01,2.354174e+01,2.347381e+01,2.348060e+01,2.347381e+01,2.347381e+01,2.342623e+01,2.343983e+01,2.336503e+01,2.345342e+01,2.341944e+01,2.341944e+01,2.341944e+01,2.341944e+01,2.338544e+01,2.337864e+01,2.339904e+01,2.335143e+01,2.322890e+01,2.335823e+01,2.333101e+01,2.333101e+01,2.335823e+01,2.335823e+01,2.331740e+01,2.346022e+01,2.324933e+01,2.335143e+01,2.330379e+01,2.320846e+01,2.340584e+01,2.333782e+01,2.363676e+01,2.334462e+01,2.337183e+01,2.335823e+01,2.337183e+01,2.333782e+01,2.340584e+01,2.346701e+01,2.344662e+01,2.339904e+01,2.346701e+01,2.352816e+01,2.354853e+01,2.354853e+01,2.348740e+01,2.347381e+01,2.338544e+01,2.358926e+01,2.338544e+01,2.339904e+01,2.339904e+01,2.329699e+01,2.333782e+01,2.322890e+01,2.310622e+01,2.279206e+01,2.299706e+01,2.280573e+01,2.279206e+01,2.300388e+01,2.333782e+01,2.259350e+01,2.208509e+01,2.209198e+01,2.208509e+01,2.189896e+01,2.196104e+01,2.194725e+01,2.177468e+01,2.194035e+01,2.189896e+01,2.202997e+01,2.202308e+01,2.190586e+01,2.206442e+01,2.194035e+01,2.201619e+01,2.202308e+01,2.200241e+01,2.200930e+01,2.201619e+01,2.205754e+01,2.244948e+01,2.245634e+01,2.241516e+01,2.208509e+01,2.217459e+01,2.229151e+01,2.236022e+01,2.233961e+01,2.216082e+01,2.216082e+01,2.221587e+01,2.217459e+01,2.222275e+01,2.224338e+01,2.257294e+01,2.258665e+01,2.270309e+01,2.266886e+01,2.286043e+01,2.264146e+01,2.262091e+01,2.230525e+01,2.247692e+01,2.240142e+01,2.255923e+01,2.297657e+01,2.322209e+01,2.352136e+01,2.325614e+01,2.330379e+01,2.314713e+01,2.300388e+01,2.294243e+01,2.302436e+01,2.305848e+01,2.305165e+01,2.288777e+01,2.311986e+01,2.301753e+01,2.317439e+01,2.260720e+01,2.255237e+01,2.238082e+01,2.264831e+01,2.294243e+01,2.247692e+01,2.234648e+01,2.221587e+01,2.218835e+01,2.204376e+01,2.200930e+01,2.205065e+01,2.207131e+01,2.205065e+01,2.202997e+01,2.176086e+01,2.177468e+01,2.205754e+01,2.182993e+01,2.192655e+01,2.216771e+01,2.257979e+01,2.264831e+01,2.258665e+01,2.258665e+01,2.262776e+01,2.258665e+01,2.233961e+01,2.216771e+01,2.213329e+01,2.231900e+01,2.225713e+01,2.220211e+01,2.159490e+01,2.178850e+01,2.176777e+01,2.171248e+01,2.191276e+01,2.177468e+01,2.175395e+01,2.171940e+01,2.172631e+01,2.183684e+01,2.184374e+01,2.181612e+01,2.170557e+01,2.173322e+01,2.178850e+01,2.176777e+01,2.174013e+01,2.185065e+01,2.191965e+01,2.176777e+01,2.187825e+01,2.182993e+01,2.188516e+01,2.180922e+01,2.184374e+01,2.179540e+01,2.184374e+01,2.183684e+01,2.184374e+01,2.180231e+01,2.180231e+01,2.180922e+01,2.194035e+01,2.170557e+01,2.175395e+01,2.179540e+01,2.182303e+01,2.184374e+01,2.185755e+01,2.181612e+01,2.177468e+01,2.155337e+01,2.191276e+01,2.191276e+01,2.182303e+01,2.176086e+01,2.191276e+01,2.174013e+01,2.182303e+01,2.182993e+01,2.180231e+01,2.182303e+01,2.178850e+01,2.180922e+01,2.178159e+01,2.178159e+01,2.176777e+01,2.175395e+01,2.174704e+01,2.184374e+01,2.183684e+01,2.169866e+01,2.180922e+01,2.183684e+01,2.186445e+01,2.183684e+01,2.191965e+01,2.172631e+01,2.195414e+01,2.176086e+01,2.190586e+01,2.188516e+01,2.184374e+01,2.187135e+01,2.183684e+01,2.182993e+01,2.185065e+01,2.182993e+01,2.172631e+01,2.189896e+01,2.182303e+01,2.173322e+01,2.170557e+01,2.177468e+01,2.172631e+01,2.183684e+01,2.183684e+01,2.166409e+01,2.164334e+01,2.168483e+01,2.165025e+01,2.165717e+01,2.163642e+01,2.162950e+01,2.172631e+01,2.176086e+01,2.161566e+01,2.169866e+01,2.171940e+01,2.163642e+01,2.173322e+01,2.175395e+01,2.168483e+01,2.170557e+01,2.191276e+01,2.182303e+01,2.188516e+01,2.185755e+01,2.187825e+01,2.188516e+01,2.190586e+01,2.191276e+01,2.190586e+01,2.186445e+01,2.201619e+01,2.207820e+01,2.197483e+01,2.196104e+01,2.206442e+01,2.200930e+01,2.203687e+01,2.191965e+01,2.206442e+01,2.209198e+01,2.191965e+01,2.194725e+01,2.199551e+01,2.201619e+01,2.198172e+01,2.208509e+01,2.208509e+01,2.200930e+01,2.201619e+01,2.198172e+01,2.198862e+01,2.202308e+01,2.212641e+01,2.211263e+01,2.201619e+01,2.213329e+01,2.195414e+01,2.209886e+01,2.212641e+01,2.205065e+01,2.210575e+01,2.209198e+01,2.209198e+01,2.214706e+01,2.227088e+01,2.214706e+01,2.209886e+01,2.219523e+01,2.208509e+01,2.215394e+01,2.207131e+01,2.208509e+01,2.207131e+01,2.222275e+01,2.211952e+01,2.216771e+01,2.211952e+01,2.211263e+01,2.209198e+01,2.203687e+01,2.201619e+01,2.199551e+01,2.213329e+01,2.205754e+01,2.208509e+01,2.209198e+01,2.202997e+01,2.200930e+01,2.203687e+01,2.205065e+01,2.211263e+01,2.212641e+01,2.210575e+01,2.221587e+01,2.200241e+01,2.191276e+01,2.218147e+01,2.199551e+01,2.202997e+01,2.214017e+01,2.200241e+01,2.203687e+01,2.200241e+01,2.202308e+01,2.199551e+01,2.202997e+01,2.201619e+01,2.202308e+01,2.204376e+01,2.205065e+01,2.196793e+01,2.198172e+01,2.187135e+01,2.198862e+01,2.200930e+01,2.196104e+01,2.197483e+01,2.200241e+01,2.191276e+01,2.186445e+01,2.202308e+01,2.203687e+01,2.194035e+01,2.183684e+01,2.188516e+01,2.181612e+01,2.191276e+01,2.187825e+01,2.182303e+01,2.189206e+01,2.194035e+01,2.190586e+01,2.191965e+01,2.189206e+01,2.193345e+01,2.190586e+01,2.196104e+01,2.195414e+01,2.194035e+01,2.192655e+01,2.194035e+01,2.211952e+01,2.192655e+01,2.205754e+01,2.204376e+01,2.182303e+01,2.207820e+01,2.196793e+01,2.208509e+01,2.195414e+01,2.205065e+01,2.198172e+01,2.204376e+01,2.208509e+01,2.214017e+01,2.211952e+01,2.211952e+01,2.211263e+01,2.225713e+01,2.211263e+01,2.223650e+01,2.207820e+01,2.222962e+01,2.209886e+01,2.214017e+01,2.223650e+01,2.211952e+01,2.227776e+01,2.211952e+01,2.222275e+01,2.216082e+01,2.213329e+01,2.205065e+01,2.215394e+01,2.214706e+01,2.228463e+01,2.223650e+01,2.214017e+01,2.221587e+01,2.235335e+01,2.209886e+01,2.220211e+01,2.218835e+01,2.214706e+01,2.215394e+01,2.216082e+01,2.221587e+01,2.216082e+01,2.207820e+01,2.217459e+01,2.210575e+01,2.212641e+01,2.210575e+01,2.214706e+01,2.214706e+01,2.209886e+01,2.209198e+01,2.213329e+01,2.211952e+01,2.212641e+01,2.190586e+01,2.207820e+01,2.207820e+01,2.209886e+01,2.220211e+01,2.194725e+01,2.205065e+01,2.209886e+01,2.214017e+01,2.208509e+01,2.206442e+01,2.201619e+01,2.189896e+01,2.187135e+01,2.185065e+01,2.198172e+01,2.207131e+01,2.199551e+01,2.179540e+01,2.203687e+01,2.204376e+01,2.200930e+01,2.202997e+01,2.202308e+01,2.191965e+01,2.189206e+01,2.194725e+01,2.192655e+01,2.177468e+01,2.172631e+01,2.180922e+01,2.178159e+01,2.177468e+01,2.192655e+01,2.176086e+01,2.185755e+01,2.175395e+01,2.178159e+01,2.187825e+01,2.184374e+01,2.174704e+01,2.174013e+01,2.169175e+01,2.167100e+01,2.171940e+01,2.173322e+01,2.176777e+01,2.175395e+01,2.174704e+01,2.171940e+01,2.171940e+01,2.169866e+01,2.153952e+01,2.159490e+01,2.164334e+01,2.169866e+01,2.170557e+01,2.167792e+01,2.154645e+01,2.151875e+01,2.168483e+01,2.165717e+01,2.158798e+01,2.169175e+01,2.162950e+01,2.153952e+01,2.167792e+01,2.155337e+01,2.155337e+01,2.153952e+01,2.162950e+01,2.165025e+01,2.158798e+01,2.149104e+01,2.156721e+01,2.173322e+01,2.155337e+01,2.153260e+01,2.135933e+01,2.152567e+01,2.148411e+01,2.140094e+01,2.147718e+01,2.140094e+01,2.143560e+01,2.151182e+01,2.139400e+01,2.140094e+01,2.140787e+01,2.144253e+01,2.134545e+01,2.144946e+01,2.136626e+01,2.151875e+01,2.132464e+01,2.149104e+01,2.146332e+01,2.148411e+01,2.151182e+01,2.165717e+01,2.158106e+01,2.167792e+01,2.167100e+01,2.178159e+01,2.182993e+01,2.180922e+01,2.178850e+01,2.170557e+01,2.169175e+01,2.171248e+01,2.169866e+01,2.179540e+01,2.193345e+01,2.191965e+01,2.182303e+01,2.182993e+01,2.180922e+01,2.182303e+01,2.167792e+01,2.186445e+01,2.187825e+01,2.191965e+01,2.194725e+01,2.201619e+01,2.185065e+01,2.181612e+01,2.189896e+01,2.190586e+01,2.189896e+01,2.182993e+01,2.190586e+01,2.185755e+01,2.178850e+01,2.188516e+01,2.191276e+01,2.194035e+01,2.193345e+01
2.260035e+01,2.263461e+01,2.259350e+01,2.279889e+01,2.311986e+01,2.313350e+01,2.300388e+01,2.317439e+01,2.306530e+01,2.311986e+01,2.309258e+01,2.321527e+01,2.326976e+01,2.325614e+01,2.336503e+01,2.335823e+01,2.337864e+01,2.326295e+01,2.339904e+01,2.345342e+01,2.341264e+01,2.345342e+01,2.340584e+01,2.336503e+01,2.341264e+01,2.342623e+01,2.342623e+01,2.340584e+01,2.351457e+01,2.355532e+01,2.344662e+01,2.338544e+01,2.339224e+01,2.344662e+01,2.354174e+01,2.339904e+01,2.342623e+01,2.341944e+01,2.340584e+01,2.336503e+01,2.358926e+01,2.352816e+01,2.349419e+01,2.348740e+01,2.339904e+01,2.351457e+01,2.352816e+01,2.339904e+01,2.351457e+01,2.345342e+01,2.343983e+01,2.346022e+01,2.346022e+01,2.346022e+01,2.354853e+01,2.354853e+01,2.362319e+01,2.360283e+01,2.359605e+01,2.350099e+01,2.336503e+01,2.352816e+01,2.351457e+01,2.355532e+01,2.341264e+01,2.346701e+01,2.345342e+01,2.342623e+01,2.347381e+01,2.339904e+01,2.352136e+01,2.345342e+01,2.328337e+01,2.333782e+01,2.343303e+01,2.343983e+01,2.326976e+01,2.322890e+01,2.323571e+01,2.322209e+01,2.334462e+01,2.333782e+01,2.335143e+01,2.333782e+01,2.332421e+01,2.328337e+01,2.323571e+01,2.329699e+01,2.336503e+01,2.331740e+01,2.333782e+01,2.331060e+01,2.339224e+01,2.334462e+01,2.333101e+01,2.337864e+01,2.339224e+01,2.331060e+01,2.335823e+01,2.333101e+01,2.335823e+01,2.345342e+01,2.342623e+01,2.342623e+01,2.350099e+01,2.339224e+01,2.353495e+01,2.343983e+01,2.352136e+01,2.357569e+01,2.335143e+01,2.353495e+01,2.333101e+01,2.336503e+01,2.329699e+01,2.325614e+01,2.331740e+01,2.329699e+01,2.299706e+01,2.292877e+01,2.299023e+01,2.301753e+01,2.278522e+01,2.299023e+01,2.305848e+01,2.266886e+01,2.208509e+01,2.188516e+01,2.202997e+01,2.209886e+01,2.192655e+01,2.191965e+01,2.196104e+01,2.209198e+01,2.183684e+01,2.194035e+01,2.188516e+01,2.186445e+01,2.193345e+01,2.189206e+01,2.197483e+01,2.199551e+01,2.173322e+01,2.203687e+01,2.205065e+01,2.203687e+01,2.220211e+01,2.196104e+01,2.199551e+01,2.242888e+01,2.200241e+01,2.202997e+01,2.207820e+01,2.200241e+01,2.211952e+01,2.211263e+01,2.214017e+01,2.215394e+01,2.234648e+01,2.236709e+01,2.260035e+01,2.264831e+01,2.268255e+01,2.268940e+01,2.263461e+01,2.225026e+01,2.228463e+01,2.209198e+01,2.219523e+01,2.245634e+01,2.249065e+01,2.291510e+01,2.354174e+01,2.388748e+01,2.293560e+01,2.257294e+01,2.259350e+01,2.303118e+01,2.304483e+01,2.327656e+01,2.297657e+01,2.294926e+01,2.309258e+01,2.294243e+01,2.290144e+01,2.258665e+01,2.256608e+01,2.241516e+01,2.255923e+01,2.256608e+01,2.265516e+01,2.244948e+01,2.245634e+01,2.236022e+01,2.238769e+01,2.198862e+01,2.209886e+01,2.202997e+01,2.204376e+01,2.202997e+01,2.188516e+01,2.183684e+01,2.204376e+01,2.233274e+01,2.236709e+01,2.270309e+01,2.319484e+01,2.320846e+01,2.277153e+01,2.260035e+01,2.299023e+01,2.305165e+01,2.260720e+01,2.226401e+01,2.216082e+01,2.217459e+01,2.218835e+01,2.183684e+01,2.184374e+01,2.180231e+01,2.162258e+01,2.184374e+01,2.185755e+01,2.187135e+01,2.189206e+01,2.177468e+01,2.176086e+01,2.176777e+01,2.171940e+01,2.171940e+01,2.165025e+01,2.171248e+01,2.176086e+01,2.187825e+01,2.175395e+01,2.176086e+01,2.191965e+01,2.180922e+01,2.180922e+01,2.188516e+01,2.179540e+01,2.184374e+01,2.182303e+01,2.182303e+01,2.171248e+01,2.171248e+01,2.189896e+01,2.170557e+01,2.182993e+01,2.181612e+01,2.179540e+01,2.174013e+01,2.184374e+01,2.184374e+01,2.175395e+01,2.191276e+01,2.178159e+01,2.187825e+01,2.178850e+01,2.177468e+01,2.171248e+01,2.180231e+01,2.176086e+01,2.185755e+01,2.182993e+01,2.173322e+01,2.189896e+01,2.182993e+01,2.197483e+01,2.184374e+01,2.183684e+01,2.177468e+01,2.177468e+01,2.178159e+01,2.180922e+01,2.170557e+01,2.185755e+01,2.181612e+01,2.182303e+01,2.185065e+01,2.175395e+01,2.182993e+01,2.193345e+01,2.185755e+01,2.181612e+01,2.180231e+01,2.192655e+01,2.174704e+01,2.194725e+01,2.176086e+01,2.173322e+01,2.209198e+01,2.189206e+01,2.176777e+01,2.174704e+01,2.185065e+01,2.175395e+01,2.178850e+01,2.182303e+01,2.169175e+01,2.172631e+01,2.173322e+01,2.179540e+01,2.169866e+01,2.180231e+01,2.185755e+01,2.162258e+01,2.160182e+01,2.169175e+01,2.171248e+01,2.169175e+01,2.171248e+01,2.178850e+01,2.162950e+01,2.174013e+01,2.153260e+01,2.180922e+01,2.176086e+01,2.167100e+01,2.186445e+01,2.174704e+01,2.178159e+01,2.188516e+01,2.187135e+01,2.190586e+01,2.185065e+01,2.187825e+01,2.202308e+01,2.190586e+01,2.190586e+01,2.194035e+01,2.200930e+01,2.190586e+01,2.208509e+01,2.209886e+01,2.188516e+01,2.197483e+01,2.194035e+01,2.194035e+01,2.195414e+01,2.194725e+01,2.204376e+01,2.209886e+01,2.207131e+01,2.204376e+01,2.204376e+01,2.198862e+01,2.218835e+01,2.207820e+01,2.207131e+01,2.209198e+01,2.218147e+01,2.215394e+01,2.216082e+01,2.207131e+01,2.214017e+01,2.198172e+01,2.206442e+01,2.208509e+01,2.214017e+01,2.216082e+01,2.218147e+01,2.212641e+01,2.210575e+01,2.208509e+01,2.209198e+01,2.211952e+01,2.209886e+01,2.213329e+01,2.231212e+01,2.209198e+01,2.207820e+01,2.209198e+01,2.209886e+01,2.212641e+01,2.211263e+01,2.220211e+01,2.200241e+01,2.209886e+01,2.207131e+01,2.202308e+01,2.197483e+01,2.212641e+01,2.198862e+01,2.202308e+01,2.200930e+01,2.205754e+01,2.202997e+01,2.203687e+01,2.209198e+01,2.209198e+01,2.202308e+01,2.205065e+01,2.206442e+01,2.202308e+01,2.225713e+01,2.225026e+01,2.207820e+01,2.221587e+01,2.211952e+01,2.199551e+01,2.200930e+01,2.196793e+01,2.205065e+01,2.205065e+01,2.198172e+01,2.190586e+01,2.195414e+01,2.198862e+01,2.205065e+01,2.202308e+01,2.207820e+01,2.199551e+01,2.196104e+01,2.180922e+01,2.200241e+01,2.198862e+01,2.197483e+01,2.201619e+01,2.194035e+01,2.194035e+01,2.203687e+01,2.169175e+01,2.185065e+01,2.187825e+01,2.183684e+01,2.182993e+01,2.182993e+01,2.198862e+01,2.177468e+01,2.192655e+01,2.204376e+01,2.209886e+01,2.186445e+01,2.200241e+01,2.211263e+01,2.195414e+01,2.194725e+01,2.188516e+01,2.196104e+01,2.194035e+01,2.201619e+01,2.192655e+01,2.197483e+01,2.188516e+01,2.198862e+01,2.210575e+01,2.214017e+01,2.207820e+01,2.208509e+01,2.206442e+01,2.205065e+01,2.206442e+01,2.225713e+01,2.228463e+01,2.213329e+01,2.214706e+01,2.200241e+01,2.218147e+01,2.222962e+01,2.205065e+01,2.208509e+01,2.216082e+01,2.208509e+01,2.205065e+01,2.221587e+01,2.205754e+01,2.219523e+01,2.220211e+01,2.210575e+01,2.213329e+01,2.209198e+01,2.211263e+01,2.231900e+01,2.210575e+01,2.211263e+01,2.209886e+01,2.209198e+01,2.207131e+01,2.219523e+01,2.212641e+01,2.218835e+01,2.214017e+01,2.220211e+01,2.217459e+01,2.218835e+01,2.214706e+01,2.214706e+01,2.216082e+01,2.214706e+01,2.211263e+01,2.209886e+01,2.227088e+01,2.216082e+01,2.210575e+01,2.225026e+01,2.204376e+01,2.217459e+01,2.214017e+01,2.204376e+01,2.211263e+01,2.217459e+01,2.205065e+01,2.207131e+01,2.207131e+01,2.187135e+01,2.224338e+01,2.202997e+01,2.207820e+01,2.204376e+01,2.211952e+01,2.196104e+01,2.198172e+01,2.198172e+01,2.198172e+01,2.192655e+01,2.196793e+01,2.196793e+01,2.202308e+01,2.195414e+01,2.198862e+01,2.205065e+01,2.205065e+01,2.196793e+01,2.191965e+01,2.184374e+01,2.196104e+01,2.192655e+01,2.185755e+01,2.187825e+01,2.178159e+01,2.172631e+01,2.171940e+01,2.187135e+01,2.176086e+01,2.190586e+01,2.171248e+01,2.176777e+01,2.176086e+01,2.186445e+01,2.175395e+01,2.172631e+01,2.180922e+01,2.169175e+01,2.169866e+01,2.174704e+01,2.167792e+01,2.171940e+01,2.174704e+01,2.162950e+01,2.160874e+01,2.169866e+01,2.158106e+01,2.153952e+01,2.165025e+01,2.148411e+01,2.166409e+01,2.165717e+01,2.164334e+01,2.165025e+01,2.165717e+01,2.158106e+01,2.159490e+01,2.167792e+01,2.168483e+01,2.152567e+01,2.166409e+01,2.167792e+01,2.150489e+01,2.156721e+01,2.155337e+01,2.171248e+01,2.170557e+01,2.153952e+01,2.153260e+01,2.161566e+01,2.158798e+01,2.157414e+01,2.158798e+01,2.153260e+01,2.148411e+01,2.138013e+01,2.163642e+01,2.144946e+01,2.153260e+01,2.153260e+01,2.132464e+01,2.153260e+01,2.149796e+01,2.152567e+01,2.152567e+01,2.149796e+01,2.153260e+01,2.147025e+01,2.139400e+01,2.142174e+01,2.149796e+01,2.141480e+01,2.145639e+01,2.159490e+01,2.158106e+01,2.158798e+01,2.161566e+01,2.142174e+01,2.149104e+01,2.170557e+01,2.175395e+01,2.161566e+01,2.178159e+01,2.174013e+01,2.173322e+01,2.178850e+01,2.169175e+01,2.167792e+01,2.165717e+01,2.171940e+01,2.182303e+01,2.182303e+01,2.187135e+01,2.176086e+01,2.170557e+01,2.189206e+01,2.183684e+01,2.182993e+01,2.180922e+01,2.199551e+01,2.183684e+01,2.200930e+01,2.177468e+01,2.187825e+01,2.188516e+01,2.192655e+01,2.189896e+01,2.173322e+01,2.187825e+01,2.182993e+01,2.184374e+01,2.191965e+01,2.182993e+01,2.194035e+01
2.263461e+01,2.267571e+01,2.278522e+01,2.283993e+01,2.286043e+01,2.282625e+01,2.299023e+01,2.304483e+01,2.288094e+01,2.315395e+01,2.318121e+01,2.329699e+01,2.318121e+01,2.332421e+01,2.323571e+01,2.334462e+01,2.337864e+01,2.337183e+01,2.344662e+01,2.337183e+01,2.338544e+01,2.348740e+01,2.344662e+01,2.339904e+01,2.345342e+01,2.348740e+01,2.333101e+01,2.346022e+01,2.327656e+01,2.347381e+01,2.350099e+01,2.342623e+01,2.352136e+01,2.340584e+01,2.345342e+01,2.341944e+01,2.341944e+01,2.340584e+01,2.329018e+01,2.340584e+01,2.341264e+01,2.357569e+01,2.350778e+01,2.341264e+01,2.348740e+01,2.348740e+01,2.350099e+01,2.351457e+01,2.349419e+01,2.348740e+01,2.345342e+01,2.337864e+01,2.345342e+01,2.339904e+01,2.338544e+01,2.343303e+01,2.359605e+01,2.360962e+01,2.358247e+01,2.341944e+01,2.339904e+01,2.359605e+01,2.356211e+01,2.328337e+01,2.358926e+01,2.348060e+01,2.342623e+01,2.339904e+01,2.332421e+01,2.326976e+01,2.330379e+01,2.335823e+01,2.346701e+01,2.338544e+01,2.339224e+01,2.346022e+01,2.342623e+01,2.339904e+01,2.339904e+01,2.323571e+01,2.337864e+01,2.322209e+01,2.323571e+01,2.334462e+01,2.336503e+01,2.334462e+01,2.328337e+01,2.334462e+01,2.333101e+01,2.337183e+01,2.338544e+01,2.338544e+01,2.341944e+01,2.339904e+01,2.305165e+01,2.340584e+01,2.316076e+01,2.337864e+01,2.339904e+01,2.336503e+01,2.331740e+01,2.351457e+01,2.339224e+01,2.341944e+01,2.341264e+01,2.340584e+01,2.335143e+01,2.344662e+01,2.329018e+01,2.339224e+01,2.334462e+01,2.347381e+01,2.335823e+01,2.341944e+01,2.326295e+01,2.341264e+01,2.328337e+01,2.294243e+01,2.311304e+01,2.305165e+01,2.275785e+01,2.277153e+01,2.275785e+01,2.296292e+01,2.299023e+01,2.241516e+01,2.220899e+01,2.202997e+01,2.205065e+01,2.185065e+01,2.189896e+01,2.177468e+01,2.175395e+01,2.190586e+01,2.187825e+01,2.202997e+01,2.175395e+01,2.202997e+01,2.185755e+01,2.189206e+01,2.187825e+01,2.190586e+01,2.187135e+01,2.202308e+01,2.194725e+01,2.195414e+01,2.200241e+01,2.184374e+01,2.177468e+01,2.189896e+01,2.185755e+01,2.180231e+01,2.202308e+01,2.163642e+01,2.192655e+01,2.210575e+01,2.205065e+01,2.217459e+01,2.215394e+01,2.231900e+01,2.236022e+01,2.253180e+01,2.253866e+01,2.238769e+01,2.211263e+01,2.187825e+01,2.209198e+01,2.198862e+01,2.195414e+01,2.233274e+01,2.229151e+01,2.227088e+01,2.298340e+01,2.301753e+01,2.255923e+01,2.251808e+01,2.260035e+01,2.259350e+01,2.270994e+01,2.275101e+01,2.292877e+01,2.291510e+01,2.269625e+01,2.262776e+01,2.238082e+01,2.237395e+01,2.255923e+01,2.239456e+01,2.240829e+01,2.257979e+01,2.269625e+01,2.254551e+01,2.251122e+01,2.249751e+01,2.248379e+01,2.232587e+01,2.210575e+01,2.206442e+01,2.198172e+01,2.205065e+01,2.208509e+01,2.216771e+01,2.210575e+01,2.249065e+01,2.277837e+01,2.264146e+01,2.279206e+01,2.267571e+01,2.249751e+01,2.258665e+01,2.260720e+01,2.260720e+01,2.230525e+01,2.222962e+01,2.182993e+01,2.183684e+01,2.183684e+01,2.182303e+01,2.186445e+01,2.187135e+01,2.182993e+01,2.158106e+01,2.186445e+01,2.161566e+01,2.165717e+01,2.183684e+01,2.180231e+01,2.170557e+01,2.175395e+01,2.171248e+01,2.172631e+01,2.177468e+01,2.167792e+01,2.173322e+01,2.176777e+01,2.175395e+01,2.176777e+01,2.179540e+01,2.180231e+01,2.181612e+01,2.179540e+01,2.180922e+01,2.175395e+01,2.182993e+01,2.187825e+01,2.170557e+01,2.179540e+01,2.182303e+01,2.179540e+01,2.167792e+01,2.182993e+01,2.182993e+01,2.185065e+01,2.189896e+01,2.186445e+01,2.185065e+01,2.179540e+01,2.182303e+01,2.189206e+01,2.178850e+01,2.181612e+01,2.183684e+01,2.188516e+01,2.189206e+01,2.180231e+01,2.181612e+01,2.180231e+01,2.181612e+01,2.179540e+01,2.183684e+01,2.171940e+01,2.187135e+01,2.178159e+01,2.175395e+01,2.176777e+01,2.178850e+01,2.173322e+01,2.180231e+01,2.178850e+01,2.180922e+01,2.188516e+01,2.180231e+01,2.189896e+01,2.176777e+01,2.196793e+01,2.189206e+01,2.187135e+01,2.175395e+01,2.180922e+01,2.176777e+01,2.178850e+01,2.185065e+01,2.184374e+01,2.188516e+01,2.191276e+01,2.182993e+01,2.174704e+01,2.190586e+01,2.174013e+01,2.175395e+01,2.174704e+01,2.176086e+01,2.174704e+01,2.177468e+01,2.167792e+01,2.178850e+01,2.164334e+01,2.169866e+01,2.164334e+01,2.174704e+01,2.167100e+01,2.164334e+01,2.171940e+01,2.177468e+01,2.167792e+01,2.168483e+01,2.163642e+01,2.171940e+01,2.164334e+01,2.186445e+01,2.178850e+01,2.189206e+01,2.168483e+01,2.200241e+01,2.197483e+01,2.178159e+01,2.188516e+01,2.196104e+01,2.187825e+01,2.193345e+01,2.182303e+01,2.187825e+01,2.183684e+01,2.191276e+01,2.191276e+01,2.200930e+01,2.197483e+01,2.191965e+01,2.198862e+01,2.207820e+01,2.212641e+01,2.204376e+01,2.209198e+01,2.209198e+01,2.207820e+01,2.207131e+01,2.202997e+01,2.214017e+01,2.223650e+01,2.207131e+01,2.216082e+01,2.212641e+01,2.218835e+01,2.220211e+01,2.204376e+01,2.202997e+01,2.214017e+01,2.206442e+01,2.209198e+01,2.212641e+01,2.209886e+01,2.215394e+01,2.215394e+01,2.208509e+01,2.213329e+01,2.214017e+01,2.207820e+01,2.214706e+01,2.197483e+01,2.219523e+01,2.200241e+01,2.188516e+01,2.207131e+01,2.225713e+01,2.216771e+01,2.216082e+01,2.218147e+01,2.211263e+01,2.205065e+01,2.220211e+01,2.222962e+01,2.201619e+01,2.213329e+01,2.192655e+01,2.199551e+01,2.213329e+01,2.211952e+01,2.207820e+01,2.206442e+01,2.207820e+01,2.209886e+01,2.210575e+01,2.203687e+01,2.208509e+01,2.217459e+01,2.220899e+01,2.196104e+01,2.198172e+01,2.196793e+01,2.198862e+01,2.205754e+01,2.198172e+01,2.202997e+01,2.212641e+01,2.190586e+01,2.209198e+01,2.204376e+01,2.200241e+01,2.201619e+01,2.191965e+01,2.191276e+01,2.207131e+01,2.189896e+01,2.210575e+01,2.200930e+01,2.203687e+01,2.195414e+01,2.195414e+01,2.207131e+01,2.201619e+01,2.194725e+01,2.187825e+01,2.204376e+01,2.186445e+01,2.206442e+01,2.187825e+01,2.188516e+01,2.193345e+01,2.191276e+01,2.194035e+01,2.184374e+01,2.191276e+01,2.188516e+01,2.189896e+01,2.195414e+01,2.200930e+01,2.199551e+01,2.191965e+01,2.203687e+01,2.197483e+01,2.198172e+01,2.190586e+01,2.192655e+01,2.197483e+01,2.199551e+01,2.200930e+01,2.211263e+01,2.208509e+01,2.186445e+01,2.205065e+01,2.198862e+01,2.209886e+01,2.226401e+01,2.211952e+01,2.202308e+01,2.198862e+01,2.214017e+01,2.225713e+01,2.219523e+01,2.209198e+01,2.217459e+01,2.218147e+01,2.216082e+01,2.211263e+01,2.226401e+01,2.223650e+01,2.222962e+01,2.223650e+01,2.212641e+01,2.216082e+01,2.216771e+01,2.219523e+01,2.211952e+01,2.211263e+01,2.209886e+01,2.223650e+01,2.211952e+01,2.208509e+01,2.227088e+01,2.214706e+01,2.212641e+01,2.213329e+01,2.216082e+01,2.220899e+01,2.218147e+01,2.208509e+01,2.214706e+01,2.209886e+01,2.211263e+01,2.209198e+01,2.214017e+01,2.204376e+01,2.229838e+01,2.213329e+01,2.211263e+01,2.218147e+01,2.215394e+01,2.216082e+01,2.213329e+01,2.214017e+01,2.198862e+01,2.204376e+01,2.216082e+01,2.206442e+01,2.206442e+01,2.218147e+01,2.209198e+01,2.205754e+01,2.199551e+01,2.207820e+01,2.209886e+01,2.191965e+01,2.176777e+01,2.182303e+01,2.178850e+01,2.178159e+01,2.195414e+01,2.185755e+01,2.200241e+01,2.196104e+01,2.194725e+01,2.196104e+01,2.184374e+01,2.177468e+01,2.180231e+01,2.184374e+01,2.182993e+01,2.183684e+01,2.183684e+01,2.184374e+01,2.180231e+01,2.169175e+01,2.184374e+01,2.169866e+01,2.170557e+01,2.189896e+01,2.174704e+01,2.170557e+01,2.168483e+01,2.163642e+01,2.171940e+01,2.174704e+01,2.185755e+01,2.169866e+01,2.171248e+01,2.161566e+01,2.164334e+01,2.183684e+01,2.177468e+01,2.165717e+01,2.169175e+01,2.153260e+01,2.167100e+01,2.162950e+01,2.162258e+01,2.158106e+01,2.149104e+01,2.158106e+01,2.170557e+01,2.165717e+01,2.156721e+01,2.165717e+01,2.152567e+01,2.153260e+01,2.160874e+01,2.171940e+01,2.163642e+01,2.158798e+01,2.160874e+01,2.140094e+01,2.156721e+01,2.154645e+01,2.156721e+01,2.168483e+01,2.167792e+01,2.147718e+01,2.153260e+01,2.156029e+01,2.152567e+01,2.151182e+01,2.153952e+01,2.144946e+01,2.156029e+01,2.143560e+01,2.152567e+01,2.147718e+01,2.151875e+01,2.156029e+01,2.151182e+01,2.153952e+01,2.140094e+01,2.140094e+01,2.141480e+01,2.138707e+01,2.126911e+01,2.141480e+01,2.145639e+01,2.143560e+01,2.149796e+01,2.142867e+01,2.151182e+01,2.144253e+01,2.154645e+01,2.155337e+01,2.170557e+01,2.161566e+01,2.172631e+01,2.185065e+01,2.171940e+01,2.173322e+01,2.170557e+01,2.169866e+01,2.167792e+01,2.174704e+01,2.166409e+01,2.175395e+01,2.183684e+01,2.178159e+01,2.175395e+01,2.171248e+01,2.194035e+01,2.188516e+01,2.183684e+01,2.189896e+01,2.193345e+01,2.189206e+01,2.162950e+01,2.162950e+01,2.185755e+01,2.194035e+01,2.185755e+01,2.186445e+01,2.189206e+01,2.169175e+01,2.178159e+01,2.177468e+01,2.174704e+01,2.182303e+01,2.180922e+01,2.169175e+01
2.256608e+01,2.279206e+01,2.278522e+01,2.290827e+01,2.280573e+01,2.279206e+01,2.286043e+01,2.298340e+01,2.304483e+01,2.300388e+01,2.326976e+01,2.326976e+01,2.327656e+01,2.326295e+01,2.326295e+01,2.332421e+01,2.334462e+01,2.335143e+01,2.324933e+01,2.347381e+01,2.352816e+01,2.346701e+01,2.342623e+01,2.337864e+01,2.345342e+01,2.342623e+01,2.329018e+01,2.348060e+01,2.356890e+01,2.345342e+01,2.335823e+01,2.347381e+01,2.320846e+01,2.339224e+01,2.318802e+01,2.335143e+01,2.337183e+01,2.340584e+01,2.350778e+01,2.339224e+01,2.339224e+01,2.359605e+01,2.344662e+01,2.350778e+01,2.348740e+01,2.345342e+01,2.337183e+01,2.347381e+01,2.354174e+01,2.350099e+01,2.342623e+01,2.345342e+01,2.354174e+01,2.333101e+01,2.345342e+01,2.343983e+01,2.337864e+01,2.352136e+01,2.356890e+01,2.334462e+01,2.348740e+01,2.345342e+01,2.360283e+01,2.349419e+01,2.350099e+01,2.338544e+01,2.350099e+01,2.339904e+01,2.351457e+01,2.350778e+01,2.345342e+01,2.333101e+01,2.354853e+01,2.343303e+01,2.341944e+01,2.330379e+01,2.339224e+01,2.341264e+01,2.339224e+01,2.324933e+01,2.332421e+01,2.322209e+01,2.336503e+01,2.322890e+01,2.336503e+01,2.318802e+01,2.330379e+01,2.319484e+01,2.317439e+01,2.332421e+01,2.334462e+01,2.335823e+01,2.338544e+01,2.334462e+01,2.333782e+01,2.334462e+01,2.329699e+01,2.333782e+01,2.333101e+01,2.339224e+01,2.338544e+01,2.345342e+01,2.338544e+01,2.345342e+01,2.339224e+01,2.337183e+01,2.340584e+01,2.326976e+01,2.329018e+01,2.339904e+01,2.344662e+01,2.333782e+01,2.341264e+01,2.326976e+01,2.327656e+01,2.336503e+01,2.318121e+01,2.326976e+01,2.318121e+01,2.301071e+01,2.299023e+01,2.277837e+01,2.260035e+01,2.277153e+01,2.277153e+01,2.231900e+01,2.220899e+01,2.200930e+01,2.203687e+01,2.193345e+01,2.195414e+01,2.191965e+01,2.189896e+01,2.200930e+01,2.198862e+01,2.189896e+01,2.188516e+01,2.183684e+01,2.187825e+01,2.185755e+01,2.205754e+01,2.204376e+01,2.197483e+01,2.187825e+01,2.191276e+01,2.200930e+01,2.189896e+01,2.187825e+01,2.156721e+01,2.196104e+01,2.178850e+01,2.187825e+01,2.164334e+01,2.174013e+01,2.165717e+01,2.161566e+01,2.190586e+01,2.205065e+01,2.194035e+01,2.189896e+01,2.198862e+01,2.198172e+01,2.205065e+01,2.178850e+01,2.202308e+01,2.204376e+01,2.205065e+01,2.189896e+01,2.200241e+01,2.223650e+01,2.198172e+01,2.200930e+01,2.193345e+01,2.199551e+01,2.181612e+01,2.189896e+01,2.205065e+01,2.183684e+01,2.198172e+01,2.219523e+01,2.214706e+01,2.205754e+01,2.220899e+01,2.201619e+01,2.212641e+01,2.216082e+01,2.197483e+01,2.233274e+01,2.233274e+01,2.244948e+01,2.239456e+01,2.242888e+01,2.238082e+01,2.247006e+01,2.254551e+01,2.236709e+01,2.212641e+01,2.225026e+01,2.231900e+01,2.226401e+01,2.228463e+01,2.233961e+01,2.241516e+01,2.249751e+01,2.287410e+01,2.281257e+01,2.281941e+01,2.258665e+01,2.260035e+01,2.236022e+01,2.225026e+01,2.219523e+01,2.197483e+01,2.181612e+01,2.192655e+01,2.177468e+01,2.184374e+01,2.186445e+01,2.190586e+01,2.182303e+01,2.186445e+01,2.175395e+01,2.171940e+01,2.175395e+01,2.183684e+01,2.179540e+01,2.178159e+01,2.178850e+01,2.172631e+01,2.171940e+01,2.179540e+01,2.180231e+01,2.162950e+01,2.179540e+01,2.187135e+01,2.182993e+01,2.178850e+01,2.184374e+01,2.176777e+01,2.184374e+01,2.157414e+01,2.185755e+01,2.184374e+01,2.181612e+01,2.187825e+01,2.185065e+01,2.185755e+01,2.187825e+01,2.184374e+01,2.183684e+01,2.182303e+01,2.180231e+01,2.183684e+01,2.190586e+01,2.177468e+01,2.185755e+01,2.187825e+01,2.185065e+01,2.188516e+01,2.181612e+01,2.182303e+01,2.200241e+01,2.182303e+01,2.183684e+01,2.185065e+01,2.182303e+01,2.186445e+01,2.191965e+01,2.184374e+01,2.181612e+01,2.187135e+01,2.186445e+01,2.188516e+01,2.174013e+01,2.176777e+01,2.187825e+01,2.182303e+01,2.175395e+01,2.182993e+01,2.179540e+01,2.185755e+01,2.179540e+01,2.190586e+01,2.162950e+01,2.181612e+01,2.190586e+01,2.181612e+01,2.198172e+01,2.185755e+01,2.183684e+01,2.193345e+01,2.182303e+01,2.186445e+01,2.185755e+01,2.187825e+01,2.174704e+01,2.182303e+01,2.187135e+01,2.187135e+01,2.169175e+01,2.173322e+01,2.177468e+01,2.177468e+01,2.180231e+01,2.181612e+01,2.170557e+01,2.151182e+01,2.180231e+01,2.180922e+01,2.169175e+01,2.174013e+01,2.174704e+01,2.172631e+01,2.174704e+01,2.166409e+01,2.156029e+01,2.171248e+01,2.170557e+01,2.171248e+01,2.171940e+01,2.175395e+01,2.192655e+01,2.181612e+01,2.187825e+01,2.189896e+01,2.196104e+01,2.195414e+01,2.187825e+01,2.181612e+01,2.192655e+01,2.194725e+01,2.201619e+01,2.193345e+01,2.205065e+01,2.209198e+01,2.202308e+01,2.209886e+01,2.205754e+01,2.207131e+01,2.211263e+01,2.217459e+01,2.206442e+01,2.209886e+01,2.203687e+01,2.209198e+01,2.205065e+01,2.214706e+01,2.210575e+01,2.208509e+01,2.211263e+01,2.210575e+01,2.217459e+01,2.209198e+01,2.206442e+01,2.206442e+01,2.220899e+01,2.207131e+01,2.220899e+01,2.211952e+01,2.210575e+01,2.225713e+01,2.212641e+01,2.211952e+01,2.210575e+01,2.211263e+01,2.216771e+01,2.212641e+01,2.210575e+01,2.206442e+01,2.205754e+01,2.220211e+01,2.221587e+01,2.207820e+01,2.218147e+01,2.210575e+01,2.205754e+01,2.220211e+01,2.214706e+01,2.207820e+01,2.214706e+01,2.221587e+01,2.214706e+01,2.200241e+01,2.197483e+01,2.200930e+01,2.221587e+01,2.214706e+01,2.211952e+01,2.212641e+01,2.221587e+01,2.210575e+01,2.210575e+01,2.209886e+01,2.213329e+01,2.198862e+01,2.220899e+01,2.202308e+01,2.195414e+01,2.209886e+01,2.211263e+01,2.197483e+01,2.194725e+01,2.209886e+01,2.211263e+01,2.191276e+01,2.187135e+01,2.209198e+01,2.203687e+01,2.196793e+01,2.198862e+01,2.206442e+01,2.202308e+01,2.196104e+01,2.188516e+01,2.211263e+01,2.200930e+01,2.208509e+01,2.205065e+01,2.199551e+01,2.201619e+01,2.203687e+01,2.200930e+01,2.185065e+01,2.197483e+01,2.181612e+01,2.203687e+01,2.196104e+01,2.208509e+01,2.197483e+01,2.196104e+01,2.209886e+01,2.200930e+01,2.185065e+01,2.205754e+01,2.194035e+01,2.202308e+01,2.198172e+01,2.194725e+01,2.201619e+01,2.203687e+01,2.200930e+01,2.203687e+01,2.200241e+01,2.205754e+01,2.207820e+01,2.210575e+01,2.203687e+01,2.217459e+01,2.214706e+01,2.217459e+01,2.212641e+01,2.205754e+01,2.223650e+01,2.207820e+01,2.210575e+01,2.214706e+01,2.216771e+01,2.202308e+01,2.217459e+01,2.211263e+01,2.214706e+01,2.214706e+01,2.216082e+01,2.217459e+01,2.213329e+01,2.212641e+01,2.211952e+01,2.223650e+01,2.203687e+01,2.218147e+01,2.212641e+01,2.207820e+01,2.219523e+01,2.216082e+01,2.204376e+01,2.214706e+01,2.205065e+01,2.211952e+01,2.209886e+01,2.209886e+01,2.214706e+01,2.216771e+01,2.219523e+01,2.208509e+01,2.218835e+01,2.213329e+01,2.213329e+01,2.207820e+01,2.214017e+01,2.207131e+01,2.212641e+01,2.226401e+01,2.212641e+01,2.198862e+01,2.218835e+01,2.219523e+01,2.212641e+01,2.207820e+01,2.215394e+01,2.209886e+01,2.205754e+01,2.207820e+01,2.218835e+01,2.206442e+01,2.225026e+01,2.206442e+01,2.205754e+01,2.206442e+01,2.200930e+01,2.202997e+01,2.202308e+01,2.209198e+01,2.203687e+01,2.197483e+01,2.197483e+01,2.191965e+01,2.202308e+01,2.187825e+01,2.201619e+01,2.182993e+01,2.219523e+01,2.192655e+01,2.190586e+01,2.193345e+01,2.187135e+01,2.191965e+01,2.186445e+01,2.200241e+01,2.187135e+01,2.182993e+01,2.174704e+01,2.185065e+01,2.174013e+01,2.178159e+01,2.169175e+01,2.176777e+01,2.172631e+01,2.172631e+01,2.169866e+01,2.171248e+01,2.176086e+01,2.171940e+01,2.173322e+01,2.175395e+01,2.168483e+01,2.162950e+01,2.167100e+01,2.179540e+01,2.167100e+01,2.165717e+01,2.168483e+01,2.162950e+01,2.162258e+01,2.156721e+01,2.158798e+01,2.167792e+01,2.161566e+01,2.158798e+01,2.167100e+01,2.162258e+01,2.157414e+01,2.166409e+01,2.158798e+01,2.157414e+01,2.161566e+01,2.149104e+01,2.153260e+01,2.160874e+01,2.165025e+01,2.165025e+01,2.153952e+01,2.156029e+01,2.161566e+01,2.160182e+01,2.153260e+01,2.150489e+01,2.149104e+01,2.159490e+01,2.153260e+01,2.161566e+01,2.147718e+01,2.149104e+01,2.158106e+01,2.141480e+01,2.142867e+01,2.154645e+01,2.151182e+01,2.153260e+01,2.151182e+01,2.145639e+01,2.141480e+01,2.151875e+01,2.148411e+01,2.154645e+01,2.156029e+01,2.142174e+01,2.145639e+01,2.139400e+01,2.148411e+01,2.147025e+01,2.158798e+01,2.152567e+01,2.165025e+01,2.167792e+01,2.169866e+01,2.173322e+01,2.155337e+01,2.169866e+01,2.157414e+01,2.171248e+01,2.175395e+01,2.178159e+01,2.172631e+01,2.178850e+01,2.173322e+01,2.180922e+01,2.179540e+01,2.178159e+01,2.185755e+01,2.165717e+01,2.181612e+01,2.192655e+01,2.177468e+01,2.193345e+01,2.167100e+01,2.187135e+01,2.189896e+01,2.182993e+01,2.188516e+01,2.195414e+01,2.185065e+01,2.184374e+01,2.185065e+01,2.182303e+01,2.174704e+01,2.179540e+01,2.190586e+01,2.185755e+01,2.180922e+01,2.174704e+01
2.264831e+01,2.249751e+01,2.273047e+01,2.277153e+01,2.293560e+01,2.281257e+01,2.283993e+01,2.305165e+01,2.313350e+01,2.305165e+01,2.307212e+01,2.326295e+01,2.327656e+01,2.331060e+01,2.326295e+01,2.328337e+01,2.341264e+01,2.331740e+01,2.351457e+01,2.350778e+01,2.348060e+01,2.332421e+01,2.344662e+01,2.337183e+01,2.344662e+01,2.340584e+01,2.348060e+01,2.341944e+01,2.332421e+01,2.343983e+01,2.345342e+01,2.343303e+01,2.341264e+01,2.336503e+01,2.335823e+01,2.339904e+01,2.334462e+01,2.354174e+01,2.322890e+01,2.333782e+01,2.357569e+01,2.350099e+01,2.359605e+01,2.347381e+01,2.338544e+01,2.354853e+01,2.354853e+01,2.343983e+01,2.343303e+01,2.348740e+01,2.342623e+01,2.350778e+01,2.346022e+01,2.346701e+01,2.349419e+01,2.346022e+01,2.333101e+01,2.331740e+01,2.358926e+01,2.359605e+01,2.355532e+01,2.348740e+01,2.346022e+01,2.354853e+01,2.339224e+01,2.344662e+01,2.335143e+01,2.350099e+01,2.335143e+01,2.335823e+01,2.350099e+01,2.343983e+01,2.342623e+01,2.345342e+01,2.341264e+01,2.337864e+01,2.344662e+01,2.348740e+01,2.326976e+01,2.324252e+01,2.324933e+01,2.324252e+01,2.324252e+01,2.328337e+01,2.331740e+01,2.319484e+01,2.332421e+01,2.329699e+01,2.331740e+01,2.333101e+01,2.326295e+01,2.325614e+01,2.334462e+01,2.334462e+01,2.340584e+01,2.336503e+01,2.326295e+01,2.333101e+01,2.336503e+01,2.341944e+01,2.334462e+01,2.339224e+01,2.339904e+01,2.335143e+01,2.340584e+01,2.342623e+01,2.337864e+01,2.327656e+01,2.331060e+01,2.333101e+01,2.339224e+01,2.341944e+01,2.329018e+01,2.329018e+01,2.328337e+01,2.339904e+01,2.325614e+01,2.318802e+01,2.301753e+01,2.298340e+01,2.296975e+01,2.294243e+01,2.266886e+01,2.269625e+01,2.274416e+01,2.227776e+01,2.225713e+01,2.199551e+01,2.190586e+01,2.199551e+01,2.202308e+01,2.193345e+01,2.206442e+01,2.197483e+01,2.198172e+01,2.198862e+01,2.194035e+01,2.189896e+01,2.203687e+01,2.206442e+01,2.204376e+01,2.187825e+01,2.203687e+01,2.205065e+01,2.198172e+01,2.187825e+01,2.189206e+01,2.195414e+01,2.183684e+01,2.180922e+01,2.179540e+01,2.189206e+01,2.176086e+01,2.186445e+01,2.177468e+01,2.176777e+01,2.192655e+01,2.199551e+01,2.194725e+01,2.194035e+01,2.188516e+01,2.178159e+01,2.194725e+01,2.183684e+01,2.205754e+01,2.203687e+01,2.205065e+01,2.195414e+01,2.187825e+01,2.201619e+01,2.200241e+01,2.200241e+01,2.198862e+01,2.198172e+01,2.196793e+01,2.191965e+01,2.202997e+01,2.194725e+01,2.184374e+01,2.216082e+01,2.200930e+01,2.199551e+01,2.190586e+01,2.217459e+01,2.196104e+01,2.198172e+01,2.191276e+01,2.214017e+01,2.207131e+01,2.233274e+01,2.205754e+01,2.221587e+01,2.220211e+01,2.230525e+01,2.240142e+01,2.236709e+01,2.238082e+01,2.232587e+01,2.231900e+01,2.264831e+01,2.245634e+01,2.264831e+01,2.294243e+01,2.312668e+01,2.289461e+01,2.260720e+01,2.236709e+01,2.213329e+01,2.213329e+01,2.188516e+01,2.196793e+01,2.189896e+01,2.199551e+01,2.181612e+01,2.183684e+01,2.189896e+01,2.179540e+01,2.185065e+01,2.180231e+01,2.182993e+01,2.198172e+01,2.197483e+01,2.180231e+01,2.185755e+01,2.183684e+01,2.185065e+01,2.180922e+01,2.178159e+01,2.187135e+01,2.180231e+01,2.175395e+01,2.172631e+01,2.162950e+01,2.189896e+01,2.178850e+01,2.191276e+01,2.178850e+01,2.181612e+01,2.182303e+01,2.185755e+01,2.182993e+01,2.182993e+01,2.180922e+01,2.182303e+01,2.169175e+01,2.185755e+01,2.178850e+01,2.181612e+01,2.187825e+01,2.191276e+01,2.191965e+01,2.187135e+01,2.191276e+01,2.191276e+01,2.184374e+01,2.184374e+01,2.184374e+01,2.180922e+01,2.193345e+01,2.179540e+01,2.182303e+01,2.187825e+01,2.178850e+01,2.183684e+01,2.190586e+01,2.194725e+01,2.177468e+01,2.191276e+01,2.180922e+01,2.191965e+01,2.180231e+01,2.178850e+01,2.180922e+01,2.180922e+01,2.180231e+01,2.184374e+01,2.187135e+01,2.181612e+01,2.181612e+01,2.179540e+01,2.181612e+01,2.182993e+01,2.195414e+01,2.192655e+01,2.182993e+01,2.187825e+01,2.193345e+01,2.192655e+01,2.187825e+01,2.187825e+01,2.194035e+01,2.188516e+01,2.192655e+01,2.190586e+01,2.187825e+01,2.184374e+01,2.185755e+01,2.169866e+01,2.187135e+01,2.183684e+01,2.187825e+01,2.181612e+01,2.182993e+01,2.180231e+01,2.173322e+01,2.184374e+01,2.181612e+01,2.182303e+01,2.176777e+01,2.177468e+01,2.183684e+01,2.168483e+01,2.170557e+01,2.179540e+01,2.173322e+01,2.171248e+01,2.172631e+01,2.171940e+01,2.187825e+01,2.186445e+01,2.194035e+01,2.187825e+01,2.189896e+01,2.182993e+01,2.186445e+01,2.198862e+01,2.185755e+01,2.201619e+01,2.201619e+01,2.189206e+01,2.203687e+01,2.201619e+01,2.178159e+01,2.203687e+01,2.209886e+01,2.206442e+01,2.198862e+01,2.205065e+01,2.221587e+01,2.214706e+01,2.213329e+01,2.211952e+01,2.212641e+01,2.210575e+01,2.207131e+01,2.206442e+01,2.210575e+01,2.209198e+01,2.211263e+01,2.210575e+01,2.209198e+01,2.209886e+01,2.220899e+01,2.221587e+01,2.211263e+01,2.222962e+01,2.217459e+01,2.222275e+01,2.216082e+01,2.209198e+01,2.213329e+01,2.210575e+01,2.215394e+01,2.207131e+01,2.205065e+01,2.222962e+01,2.217459e+01,2.212641e+01,2.201619e+01,2.202308e+01,2.202308e+01,2.209886e+01,2.229838e+01,2.204376e+01,2.217459e+01,2.199551e+01,2.205754e+01,2.209198e+01,2.206442e+01,2.225026e+01,2.212641e+01,2.203687e+01,2.209886e+01,2.211263e+01,2.211952e+01,2.202997e+01,2.211263e+01,2.209198e+01,2.200241e+01,2.200930e+01,2.213329e+01,2.223650e+01,2.211952e+01,2.208509e+01,2.205065e+01,2.205065e+01,2.198862e+01,2.205065e+01,2.194725e+01,2.209198e+01,2.204376e+01,2.211952e+01,2.194725e+01,2.198862e+01,2.205065e+01,2.210575e+01,2.202308e+01,2.206442e+01,2.204376e+01,2.205065e+01,2.198862e+01,2.195414e+01,2.194035e+01,2.209886e+01,2.191965e+01,2.201619e+01,2.196793e+01,2.198862e+01,2.198862e+01,2.202308e+01,2.200241e+01,2.207131e+01,2.185755e+01,2.209886e+01,2.196104e+01,2.209886e+01,2.207131e+01,2.191276e+01,2.212641e+01,2.214017e+01,2.198172e+01,2.198862e+01,2.205065e+01,2.211952e+01,2.214017e+01,2.200930e+01,2.213329e+01,2.190586e+01,2.218835e+01,2.215394e+01,2.200241e+01,2.222962e+01,2.211263e+01,2.222275e+01,2.207820e+01,2.204376e+01,2.215394e+01,2.213329e+01,2.211952e+01,2.217459e+01,2.216771e+01,2.220211e+01,2.211263e+01,2.205754e+01,2.218147e+01,2.203687e+01,2.207131e+01,2.218147e+01,2.212641e+01,2.198172e+01,2.218147e+01,2.208509e+01,2.214706e+01,2.217459e+01,2.209198e+01,2.212641e+01,2.216082e+01,2.217459e+01,2.224338e+01,2.208509e+01,2.220211e+01,2.207820e+01,2.227088e+01,2.204376e+01,2.214706e+01,2.211952e+01,2.205065e+01,2.215394e+01,2.210575e+01,2.223650e+01,2.211263e+01,2.216082e+01,2.213329e+01,2.216771e+01,2.216082e+01,2.214706e+01,2.211952e+01,2.210575e+01,2.204376e+01,2.219523e+01,2.226401e+01,2.227776e+01,2.218835e+01,2.214706e+01,2.216082e+01,2.213329e+01,2.194725e+01,2.217459e+01,2.222275e+01,2.193345e+01,2.209198e+01,2.218147e+01,2.211952e+01,2.194725e+01,2.207131e+01,2.204376e+01,2.211263e+01,2.205065e+01,2.199551e+01,2.207131e+01,2.212641e+01,2.207820e+01,2.220899e+01,2.200930e+01,2.198172e+01,2.198172e+01,2.196793e+01,2.189896e+01,2.204376e+01,2.203687e+01,2.200930e+01,2.216771e+01,2.198862e+01,2.192655e+01,2.191965e+01,2.188516e+01,2.190586e+01,2.183684e+01,2.185065e+01,2.183684e+01,2.174704e+01,2.162258e+01,2.168483e+01,2.173322e+01,2.169866e+01,2.169866e+01,2.181612e+01,2.171940e+01,2.171940e+01,2.171940e+01,2.171940e+01,2.170557e+01,2.160874e+01,2.159490e+01,2.168483e+01,2.162950e+01,2.169175e+01,2.167100e+01,2.167100e+01,2.165717e+01,2.165025e+01,2.165025e+01,2.168483e+01,2.153260e+01,2.165717e+01,2.148411e+01,2.167792e+01,2.167100e+01,2.167100e+01,2.160874e+01,2.167100e+01,2.164334e+01,2.160874e+01,2.159490e+01,2.160874e+01,2.162258e+01,2.153260e+01,2.160874e+01,2.156721e+01,2.156029e+01,2.173322e+01,2.165717e+01,2.158106e+01,2.162258e+01,2.151875e+01,2.160182e+01,2.152567e+01,2.150489e+01,2.152567e+01,2.153260e+01,2.154645e+01,2.145639e+01,2.158106e+01,2.156029e+01,2.124133e+01,2.153260e+01,2.151875e+01,2.139400e+01,2.147718e+01,2.143560e+01,2.146332e+01,2.156029e+01,2.141480e+01,2.139400e+01,2.151182e+01,2.151182e+01,2.149796e+01,2.150489e+01,2.141480e+01,2.143560e+01,2.149796e+01,2.149104e+01,2.147718e+01,2.162950e+01,2.169175e+01,2.171248e+01,2.169866e+01,2.180922e+01,2.167100e+01,2.162258e+01,2.176777e+01,2.174704e+01,2.178850e+01,2.175395e+01,2.182993e+01,2.185065e+01,2.179540e+01,2.195414e+01,2.178159e+01,2.181612e+01,2.185755e+01,2.179540e+01,2.176086e+01,2.180231e+01,2.162258e+01,2.188516e+01,2.186445e+01,2.190586e+01,2.197483e+01,2.198172e+01,2.181612e+01,2.196104e+01,2.186445e+01,2.178850e+01,2.174704e+01,2.172631e+01,2.188516e+01,2.185065e+01,2.163642e+01,2.168483e+01
2.255237e+01,2.248379e+01,2.267571e+01,2.279206e+01,2.278522e+01,2.281941e+01,2.283309e+01,2.298340e+01,2.297657e+01,2.307212e+01,2.311986e+01,2.338544e+01,2.322209e+01,2.322890e+01,2.330379e+01,2.339904e+01,2.343303e+01,2.334462e+01,2.339904e+01,2.352136e+01,2.348740e+01,2.347381e+01,2.347381e+01,2.342623e+01,2.345342e+01,2.350778e+01,2.337864e+01,2.339224e+01,2.340584e+01,2.336503e+01,2.351457e+01,2.347381e+01,2.339224e+01,2.333101e+01,2.336503e+01,2.335823e+01,2.341944e+01,2.336503e+01,2.335143e+01,2.335143e+01,2.354853e+01,2.338544e+01,2.339904e+01,2.352136e+01,2.338544e+01,2.340584e+01,2.346701e+01,2.352136e+01,2.348060e+01,2.347381e+01,2.355532e+01,2.346022e+01,2.354174e+01,2.349419e+01,2.344662e+01,2.336503e+01,2.358926e+01,2.345342e+01,2.341264e+01,2.350778e+01,2.352816e+01,2.362998e+01,2.342623e+01,2.350778e+01,2.339224e+01,2.350099e+01,2.341944e+01,2.335823e+01,2.350778e+01,2.348060e+01,2.335143e+01,2.339904e+01,2.341264e+01,2.333782e+01,2.342623e+01,2.335823e+01,2.335143e+01,2.325614e+01,2.322209e+01,2.327656e+01,2.323571e+01,2.322890e+01,2.336503e+01,2.324252e+01,2.335143e+01,2.336503e+01,2.326295e+01,2.325614e+01,2.335823e+01,2.333101e+01,2.318802e+01,2.322209e+01,2.336503e+01,2.346701e+01,2.324933e+01,2.334462e+01,2.336503e+01,2.337864e+01,2.330379e+01,2.330379e+01,2.311986e+01,2.320846e+01,2.339904e+01,2.318121e+01,2.346701e+01,2.334462e+01,2.336503e+01,2.332421e+01,2.339224e+01,2.340584e+01,2.339224e+01,2.338544e+01,2.339904e+01,2.321527e+01,2.322890e+01,2.326976e+01,2.322890e+01,2.305165e+01,2.297657e+01,2.298340e+01,2.294926e+01,2.271679e+01,2.265516e+01,2.262091e+01,2.265516e+01,2.227776e+01,2.206442e+01,2.207131e+01,2.194725e+01,2.198172e+01,2.200241e+01,2.197483e+01,2.206442e+01,2.210575e+01,2.190586e+01,2.201619e+01,2.189896e+01,2.196104e+01,2.187825e+01,2.187135e+01,2.195414e+01,2.193345e+01,2.189896e+01,2.205754e+01,2.201619e+01,2.188516e+01,2.193345e+01,2.192655e+01,2.187135e+01,2.193345e+01,2.196104e+01,2.198172e+01,2.196793e+01,2.188516e+01,2.202308e+01,2.198862e+01,2.194725e+01,2.190586e+01,2.206442e+01,2.198862e+01,2.189206e+01,2.194035e+01,2.187135e+01,2.195414e+01,2.204376e+01,2.201619e+01,2.202997e+01,2.196793e+01,2.199551e+01,2.202308e+01,2.207131e+01,2.202308e+01,2.202308e+01,2.198172e+01,2.194725e+01,2.207820e+01,2.194725e+01,2.202308e+01,2.206442e+01,2.194035e+01,2.200930e+01,2.197483e+01,2.208509e+01,2.200241e+01,2.207820e+01,2.202997e+01,2.212641e+01,2.213329e+01,2.206442e+01,2.201619e+01,2.209198e+01,2.216082e+01,2.208509e+01,2.229838e+01,2.204376e+01,2.211952e+01,2.225026e+01,2.201619e+01,2.236709e+01,2.236022e+01,2.236022e+01,2.226401e+01,2.243575e+01,2.231900e+01,2.200241e+01,2.195414e+01,2.181612e+01,2.189896e+01,2.184374e+01,2.189206e+01,2.199551e+01,2.188516e+01,2.203687e+01,2.190586e+01,2.199551e+01,2.197483e+01,2.189896e+01,2.185065e+01,2.188516e+01,2.174013e+01,2.194035e+01,2.172631e+01,2.178159e+01,2.180922e+01,2.181612e+01,2.179540e+01,2.180922e+01,2.163642e+01,2.179540e+01,2.178159e+01,2.176086e+01,2.182303e+01,2.170557e+01,2.176086e+01,2.189896e+01,2.176086e+01,2.178850e+01,2.185755e+01,2.181612e+01,2.181612e+01,2.184374e+01,2.179540e+01,2.188516e+01,2.189206e+01,2.171940e+01,2.185065e+01,2.188516e+01,2.177468e+01,2.190586e+01,2.191965e+01,2.190586e+01,2.182993e+01,2.192655e+01,2.190586e+01,2.178850e+01,2.185065e+01,2.178850e+01,2.192655e+01,2.191965e+01,2.182303e+01,2.179540e+01,2.182303e+01,2.189206e+01,2.189896e+01,2.193345e+01,2.195414e+01,2.182303e+01,2.182993e+01,2.192655e+01,2.188516e+01,2.182993e+01,2.198172e+01,2.173322e+01,2.184374e+01,2.190586e+01,2.177468e+01,2.188516e+01,2.186445e+01,2.192655e+01,2.191276e+01,2.187825e+01,2.192655e+01,2.181612e+01,2.183684e+01,2.185755e+01,2.182303e+01,2.177468e+01,2.181612e+01,2.200930e+01,2.192655e+01,2.186445e+01,2.187825e+01,2.207131e+01,2.187135e+01,2.174704e+01,2.174013e+01,2.192655e+01,2.191276e+01,2.178159e+01,2.189896e+01,2.204376e+01,2.185755e+01,2.184374e+01,2.189896e+01,2.185755e+01,2.183684e+01,2.198862e+01,2.176086e+01,2.175395e+01,2.179540e+01,2.174704e+01,2.171248e+01,2.179540e+01,2.170557e+01,2.180231e+01,2.176777e+01,2.177468e+01,2.198172e+01,2.178850e+01,2.199551e+01,2.176086e+01,2.179540e+01,2.184374e+01,2.193345e+01,2.200930e+01,2.196104e+01,2.191276e+01,2.198172e+01,2.182993e+01,2.194725e+01,2.194725e+01,2.187135e+01,2.202997e+01,2.205754e+01,2.213329e+01,2.212641e+01,2.202997e+01,2.212641e+01,2.208509e+01,2.207820e+01,2.215394e+01,2.214706e+01,2.218835e+01,2.224338e+01,2.214706e+01,2.218147e+01,2.211263e+01,2.207131e+01,2.210575e+01,2.216082e+01,2.217459e+01,2.210575e+01,2.235335e+01,2.220211e+01,2.220899e+01,2.218147e+01,2.222962e+01,2.203687e+01,2.216771e+01,2.211263e+01,2.216082e+01,2.222275e+01,2.223650e+01,2.213329e+01,2.222275e+01,2.206442e+01,2.231212e+01,2.213329e+01,2.211263e+01,2.215394e+01,2.203687e+01,2.195414e+01,2.202997e+01,2.233274e+01,2.202308e+01,2.203687e+01,2.215394e+01,2.209198e+01,2.211952e+01,2.226401e+01,2.204376e+01,2.220211e+01,2.214706e+01,2.204376e+01,2.208509e+01,2.220899e+01,2.216082e+01,2.211263e+01,2.204376e+01,2.214706e+01,2.214017e+01,2.211952e+01,2.202308e+01,2.205065e+01,2.192655e+01,2.214706e+01,2.196793e+01,2.209198e+01,2.194035e+01,2.191276e+01,2.199551e+01,2.214706e+01,2.221587e+01,2.206442e+01,2.209886e+01,2.223650e+01,2.191965e+01,2.204376e+01,2.198172e+01,2.196793e+01,2.200241e+01,2.218147e+01,2.202997e+01,2.191276e+01,2.205754e+01,2.207820e+01,2.197483e+01,2.197483e+01,2.199551e+01,2.203687e+01,2.207820e+01,2.180922e+01,2.204376e+01,2.211952e+01,2.204376e+01,2.209198e+01,2.198172e+01,2.194035e+01,2.216082e+01,2.208509e+01,2.203687e+01,2.210575e+01,2.206442e+01,2.205065e+01,2.206442e+01,2.209198e+01,2.216082e+01,2.205754e+01,2.209198e+01,2.205065e+01,2.205754e+01,2.215394e+01,2.211263e+01,2.220899e+01,2.216082e+01,2.209198e+01,2.205754e+01,2.204376e+01,2.218147e+01,2.220211e+01,2.218835e+01,2.210575e+01,2.217459e+01,2.215394e+01,2.222962e+01,2.216771e+01,2.211952e+01,2.211263e+01,2.214706e+01,2.211952e+01,2.215394e+01,2.215394e+01,2.218147e+01,2.221587e+01,2.225713e+01,2.212641e+01,2.227088e+01,2.222275e+01,2.213329e+01,2.223650e+01,2.218147e+01,2.222962e+01,2.205065e+01,2.231212e+01,2.211263e+01,2.218835e+01,2.225026e+01,2.214017e+01,2.212641e+01,2.215394e+01,2.224338e+01,2.218147e+01,2.216771e+01,2.220211e+01,2.215394e+01,2.214017e+01,2.214017e+01,2.216771e+01,2.224338e+01,2.211952e+01,2.226401e+01,2.211263e+01,2.236022e+01,2.216771e+01,2.207820e+01,2.215394e+01,2.205754e+01,2.216082e+01,2.207131e+01,2.197483e+01,2.208509e+01,2.209886e+01,2.208509e+01,2.220899e+01,2.216771e+01,2.204376e+01,2.202997e+01,2.200241e+01,2.214017e+01,2.219523e+01,2.209886e+01,2.197483e+01,2.201619e+01,2.198862e+01,2.190586e+01,2.196793e+01,2.191276e+01,2.194035e+01,2.183684e+01,2.180922e+01,2.194725e+01,2.201619e+01,2.180922e+01,2.193345e+01,2.178159e+01,2.173322e+01,2.184374e+01,2.180922e+01,2.180231e+01,2.169175e+01,2.182993e+01,2.170557e+01,2.171248e+01,2.169866e+01,2.184374e+01,2.171248e+01,2.168483e+01,2.164334e+01,2.165717e+01,2.172631e+01,2.162950e+01,2.165717e+01,2.158106e+01,2.162258e+01,2.167100e+01,2.163642e+01,2.163642e+01,2.167792e+01,2.164334e+01,2.166409e+01,2.163642e+01,2.156721e+01,2.161566e+01,2.158798e+01,2.164334e+01,2.163642e+01,2.171940e+01,2.160874e+01,2.165717e+01,2.167100e+01,2.167792e+01,2.171940e+01,2.162950e+01,2.153952e+01,2.154645e+01,2.154645e+01,2.170557e+01,2.163642e+01,2.156029e+01,2.156029e+01,2.166409e+01,2.165025e+01,2.159490e+01,2.162258e+01,2.151182e+01,2.162258e+01,2.153260e+01,2.149796e+01,2.149796e+01,2.155337e+01,2.150489e+01,2.157414e+01,2.157414e+01,2.154645e+01,2.143560e+01,2.158106e+01,2.146332e+01,2.147718e+01,2.146332e+01,2.143560e+01,2.144946e+01,2.143560e+01,2.150489e+01,2.149104e+01,2.155337e+01,2.153952e+01,2.149796e+01,2.143560e+01,2.136626e+01,2.148411e+01,2.152567e+01,2.144253e+01,2.162258e+01,2.170557e+01,2.159490e+01,2.170557e+01,2.169866e+01,2.169175e+01,2.170557e+01,2.169175e+01,2.191965e+01,2.194725e+01,2.185755e+01,2.178159e+01,2.185065e+01,2.185755e+01,2.189896e+01,2.177468e+01,2.179540e+01,2.174704e+01,2.177468e+01,2.179540e+01,2.174704e+01,2.176086e+01,2.181612e+01,2.189206e+01,2.185065e+01,2.170557e+01,2.189896e+01,2.178850e+01,2.201619e+01,2.176777e+01,2.181612e+01,2.185065e+01,2.187825e+01,2.180922e+01,2.184374e+01,2.174013e+01,2.175395e+01,2.176777e+01
2.260035e+01,2.268940e+01,2.254551e+01,2.255237e+01,2.273732e+01,2.281941e+01,2.283309e+01,2.286043e+01,2.293560e+01,2.315395e+01,2.309940e+01,2.318802e+01,2.316758e+01,2.324933e+01,2.330379e+01,2.328337e+01,2.335143e+01,2.344662e+01,2.347381e+01,2.335823e+01,2.335143e+01,2.345342e+01,2.350099e+01,2.347381e+01,2.338544e+01,2.353495e+01,2.333782e+01,2.348060e+01,2.343983e+01,2.357569e+01,2.327656e+01,2.330379e+01,2.343983e+01,2.338544e+01,2.340584e+01,2.341944e+01,2.346022e+01,2.349419e+01,2.333101e+01,2.352816e+01,2.352816e+01,2.338544e+01,2.341264e+01,2.346701e+01,2.355532e+01,2.352136e+01,2.343303e+01,2.352816e+01,2.348060e+01,2.349419e+01,2.345342e+01,2.348060e+01,2.352816e+01,2.356890e+01,2.349419e+01,2.356211e+01,2.345342e+01,2.350778e+01,2.346022e+01,2.348060e+01,2.337183e+01,2.350099e+01,2.346022e+01,2.346022e+01,2.350778e+01,2.360962e+01,2.336503e+01,2.337183e+01,2.356890e+01,2.332421e+01,2.341264e+01,2.342623e+01,2.333101e+01,2.322209e+01,2.335143e+01,2.336503e+01,2.337864e+01,2.341264e+01,2.317439e+01,2.333101e+01,2.320846e+01,2.326976e+01,2.335143e+01,2.323571e+01,2.320846e+01,2.325614e+01,2.318802e+01,2.322209e+01,2.334462e+01,2.321527e+01,2.334462e+01,2.327656e+01,2.320165e+01,2.328337e+01,2.337183e+01,2.313350e+01,2.333782e+01,2.326976e+01,2.322890e+01,2.324252e+01,2.339904e+01,2.326976e+01,2.335143e+01,2.337183e+01,2.348060e+01,2.321527e+01,2.333101e+01,2.334462e+01,2.329699e+01,2.332421e+01,2.338544e+01,2.322890e+01,2.358247e+01,2.333782e+01,2.320165e+01,2.339224e+01,2.319484e+01,2.329018e+01,2.308576e+01,2.295609e+01,2.270994e+01,2.263461e+01,2.262776e+01,2.240142e+01,2.262091e+01,2.234648e+01,2.207820e+01,2.195414e+01,2.185755e+01,2.186445e+01,2.187135e+01,2.206442e+01,2.185755e+01,2.209198e+01,2.196104e+01,2.188516e+01,2.190586e+01,2.188516e+01,2.186445e+01,2.193345e+01,2.199551e+01,2.193345e+01,2.202997e+01,2.191276e+01,2.189206e+01,2.192655e+01,2.202997e+01,2.178850e+01,2.190586e+01,2.188516e+01,2.202308e+01,2.191276e+01,2.201619e+01,2.194035e+01,2.196793e+01,2.192655e+01,2.210575e+01,2.196793e+01,2.194725e+01,2.205754e+01,2.193345e+01,2.191965e+01,2.198172e+01,2.200930e+01,2.189206e+01,2.184374e+01,2.200930e+01,2.189896e+01,2.189896e+01,2.210575e+01,2.204376e+01,2.203687e+01,2.199551e+01,2.205754e+01,2.187825e+01,2.198862e+01,2.192655e+01,2.192655e+01,2.203687e+01,2.191276e+01,2.189896e+01,2.198862e+01,2.195414e+01,2.196793e+01,2.202997e+01,2.189206e+01,2.198172e+01,2.212641e+01,2.208509e+01,2.205754e+01,2.192655e+01,2.192655e+01,2.191965e+01,2.200241e+01,2.206442e+01,2.201619e+01,2.235335e+01,2.187825e+01,2.233274e+01,2.202308e+01,2.199551e+01,2.200241e+01,2.198172e+01,2.200930e+01,2.196104e+01,2.197483e+01,2.196104e+01,2.191276e+01,2.177468e+01,2.187825e+01,2.187135e+01,2.185755e+01,2.196793e+01,2.198862e+01,2.197483e+01,2.185755e+01,2.184374e+01,2.196104e+01,2.193345e+01,2.190586e+01,2.176086e+01,2.191965e+01,2.175395e+01,2.195414e+01,2.182993e+01,2.182303e+01,2.179540e+01,2.179540e+01,2.180231e+01,2.175395e+01,2.189206e+01,2.191965e+01,2.177468e+01,2.177468e+01,2.191276e+01,2.183684e+01,2.187135e+01,2.187135e+01,2.185755e+01,2.183684e+01,2.185065e+01,2.151875e+01,2.185755e+01,2.189206e+01,2.182303e+01,2.195414e+01,2.187135e+01,2.183684e+01,2.178850e+01,2.189896e+01,2.190586e+01,2.183684e+01,2.191965e+01,2.191965e+01,2.189206e+01,2.187825e+01,2.191965e+01,2.191965e+01,2.188516e+01,2.181612e+01,2.179540e+01,2.181612e+01,2.187135e+01,2.187135e+01,2.198862e+01,2.182303e+01,2.184374e+01,2.184374e+01,2.189206e+01,2.191965e+01,2.169866e+01,2.185755e+01,2.187135e+01,2.185065e+01,2.182993e+01,2.198862e+01,2.194035e+01,2.193345e+01,2.194725e+01,2.194725e+01,2.194725e+01,2.178159e+01,2.189206e+01,2.188516e+01,2.180231e+01,2.180922e+01,2.180231e+01,2.192655e+01,2.176777e+01,2.194725e+01,2.187825e+01,2.187825e+01,2.190586e+01,2.192655e+01,2.185065e+01,2.195414e+01,2.193345e+01,2.197483e+01,2.190586e+01,2.185065e+01,2.201619e+01,2.195414e+01,2.187135e+01,2.188516e+01,2.174704e+01,2.185755e+01,2.180922e+01,2.173322e+01,2.179540e+01,2.178159e+01,2.181612e+01,2.171248e+01,2.188516e+01,2.177468e+01,2.172631e+01,2.182993e+01,2.171940e+01,2.187825e+01,2.185755e+01,2.194035e+01,2.184374e+01,2.156029e+01,2.192655e+01,2.204376e+01,2.204376e+01,2.187825e+01,2.190586e+01,2.196793e+01,2.191276e+01,2.208509e+01,2.202997e+01,2.202997e+01,2.202997e+01,2.210575e+01,2.200241e+01,2.201619e+01,2.215394e+01,2.215394e+01,2.209886e+01,2.215394e+01,2.216082e+01,2.211263e+01,2.211263e+01,2.216082e+01,2.207131e+01,2.218835e+01,2.200930e+01,2.214706e+01,2.215394e+01,2.222275e+01,2.217459e+01,2.216771e+01,2.212641e+01,2.211263e+01,2.201619e+01,2.202997e+01,2.207131e+01,2.210575e+01,2.220899e+01,2.213329e+01,2.214017e+01,2.211263e+01,2.213329e+01,2.208509e+01,2.214017e+01,2.211952e+01,2.208509e+01,2.224338e+01,2.208509e+01,2.211952e+01,2.211952e+01,2.214706e+01,2.201619e+01,2.216082e+01,2.234648e+01,2.205754e+01,2.203687e+01,2.200930e+01,2.209886e+01,2.226401e+01,2.211952e+01,2.207131e+01,2.210575e+01,2.208509e+01,2.210575e+01,2.206442e+01,2.210575e+01,2.208509e+01,2.219523e+01,2.213329e+01,2.213329e+01,2.216082e+01,2.212641e+01,2.203687e+01,2.204376e+01,2.218147e+01,2.206442e+01,2.194725e+01,2.205754e+01,2.190586e+01,2.202997e+01,2.203687e+01,2.220899e+01,2.186445e+01,2.214706e+01,2.206442e+01,2.208509e+01,2.209198e+01,2.200930e+01,2.206442e+01,2.220211e+01,2.202308e+01,2.203687e+01,2.213329e+01,2.219523e+01,2.211952e+01,2.200241e+01,2.201619e+01,2.206442e+01,2.213329e+01,2.201619e+01,2.201619e+01,2.209198e+01,2.213329e+01,2.198862e+01,2.199551e+01,2.200241e+01,2.198862e+01,2.202997e+01,2.214706e+01,2.215394e+01,2.200241e+01,2.205754e+01,2.202308e+01,2.209886e+01,2.209886e+01,2.218835e+01,2.214706e+01,2.216082e+01,2.207131e+01,2.208509e+01,2.209198e+01,2.220211e+01,2.218835e+01,2.210575e+01,2.211952e+01,2.217459e+01,2.220211e+01,2.220211e+01,2.218147e+01,2.217459e+01,2.219523e+01,2.220211e+01,2.220899e+01,2.220211e+01,2.224338e+01,2.209886e+01,2.227088e+01,2.211263e+01,2.207820e+01,2.214017e+01,2.208509e+01,2.207820e+01,2.221587e+01,2.214017e+01,2.225026e+01,2.214706e+01,2.200930e+01,2.218835e+01,2.216082e+01,2.218835e+01,2.217459e+01,2.210575e+01,2.212641e+01,2.211263e+01,2.211952e+01,2.207820e+01,2.214706e+01,2.207820e+01,2.208509e+01,2.211263e+01,2.200930e+01,2.218835e+01,2.214706e+01,2.219523e+01,2.211952e+01,2.223650e+01,2.213329e+01,2.218147e+01,2.218835e+01,2.202997e+01,2.220899e+01,2.218147e+01,2.231212e+01,2.214706e+01,2.216771e+01,2.210575e+01,2.207131e+01,2.191965e+01,2.209198e+01,2.205065e+01,2.205754e+01,2.209198e+01,2.210575e+01,2.212641e+01,2.227088e+01,2.198862e+01,2.205754e+01,2.198862e+01,2.193345e+01,2.203687e+01,2.201619e+01,2.196793e+01,2.191965e+01,2.185065e+01,2.192655e+01,2.186445e+01,2.183684e+01,2.199551e+01,2.189896e+01,2.190586e+01,2.188516e+01,2.194035e+01,2.191965e+01,2.187825e+01,2.185755e+01,2.185755e+01,2.156721e+01,2.178850e+01,2.177468e+01,2.174704e+01,2.169866e+01,2.140787e+01,2.142867e+01,2.168483e+01,2.178850e+01,2.164334e+01,2.169175e+01,2.176086e+01,2.167100e+01,2.163642e+01,2.163642e+01,2.156029e+01,2.160874e+01,2.165025e+01,2.166409e+01,2.168483e+01,2.165717e+01,2.166409e+01,2.164334e+01,2.157414e+01,2.165717e+01,2.162258e+01,2.171248e+01,2.163642e+01,2.155337e+01,2.163642e+01,2.163642e+01,2.165717e+01,2.170557e+01,2.152567e+01,2.163642e+01,2.164334e+01,2.169175e+01,2.158798e+01,2.159490e+01,2.162258e+01,2.172631e+01,2.158798e+01,2.154645e+01,2.158798e+01,2.160874e+01,2.164334e+01,2.153260e+01,2.183684e+01,2.156721e+01,2.153952e+01,2.176777e+01,2.151875e+01,2.154645e+01,2.158106e+01,2.160874e+01,2.158106e+01,2.159490e+01,2.156721e+01,2.151875e+01,2.142867e+01,2.157414e+01,2.160874e+01,2.158798e+01,2.149796e+01,2.164334e+01,2.155337e+01,2.139400e+01,2.156721e+01,2.145639e+01,2.150489e+01,2.145639e+01,2.147718e+01,2.158798e+01,2.144946e+01,2.160874e+01,2.169866e+01,2.162950e+01,2.171248e+01,2.171940e+01,2.171248e+01,2.162950e+01,2.166409e+01,2.171248e+01,2.194725e+01,2.171248e+01,2.192655e+01,2.174704e+01,2.195414e+01,2.174704e+01,2.188516e+01,2.189896e+01,2.189206e+01,2.191965e+01,2.187825e+01,2.173322e+01,2.168483e+01,2.185065e+01,2.187135e+01,2.162258e+01,2.189896e+01,2.182303e+01,2.171248e+01,2.196104e+01,2.189206e+01,2.182303e+01,2.171248e+01,2.174704e+01,2.179540e+01,2.184374e+01,2.183684e+01,2.179540e+01,2.182993e+01,2.188516e+01
2.240142e+01,2.266201e+01,2.260720e+01,2.275101e+01,2.262776e+01,2.283309e+01,2.284676e+01,2.309940e+01,2.284676e+01,2.303801e+01,2.306530e+01,2.309258e+01,2.326976e+01,2.319484e+01,2.342623e+01,2.327656e+01,2.326295e+01,2.348740e+01,2.314031e+01,2.345342e+01,2.338544e+01,2.344662e+01,2.342623e+01,2.349419e+01,2.348060e+01,2.342623e+01,2.335143e+01,2.348060e+01,2.354174e+01,2.330379e+01,2.329018e+01,2.347381e+01,2.335143e+01,2.341264e+01,2.341264e+01,2.335823e+01,2.335143e+01,2.335823e+01,2.331060e+01,2.355532e+01,2.331740e+01,2.348060e+01,2.348740e+01,2.340584e+01,2.341944e+01,2.352816e+01,2.342623e+01,2.343303e+01,2.344662e+01,2.346701e+01,2.343983e+01,2.349419e+01,2.350778e+01,2.326295e+01,2.352816e+01,2.350099e+01,2.356890e+01,2.354174e+01,2.357569e+01,2.358247e+01,2.353495e+01,2.350099e+01,2.346701e+01,2.339224e+01,2.341944e+01,2.337183e+01,2.348060e+01,2.332421e+01,2.341944e+01,2.360962e+01,2.348060e+01,2.343983e+01,2.334462e+01,2.341944e+01,2.338544e+01,2.337183e+01,2.336503e+01,2.330379e+01,2.327656e+01,2.323571e+01,2.326295e+01,2.327656e+01,2.331060e+01,2.334462e+01,2.326976e+01,2.339904e+01,2.320165e+01,2.320846e+01,2.310622e+01,2.338544e+01,2.320165e+01,2.337864e+01,2.314031e+01,2.314031e+01,2.331060e+01,2.326976e+01,2.325614e+01,2.331740e+01,2.327656e+01,2.324252e+01,2.341264e+01,2.323571e+01,2.324252e+01,2.329018e+01,2.330379e+01,2.318121e+01,2.332421e+01,2.334462e+01,2.334462e+01,2.352816e+01,2.327656e+01,2.326976e+01,2.336503e+01,2.322209e+01,2.331060e+01,2.317439e+01,2.327656e+01,2.312668e+01,2.292194e+01,2.293560e+01,2.282625e+01,2.289461e+01,2.266201e+01,2.253866e+01,2.233961e+01,2.205065e+01,2.215394e+01,2.207131e+01,2.199551e+01,2.193345e+01,2.192655e+01,2.203687e+01,2.194725e+01,2.180922e+01,2.189896e+01,2.190586e+01,2.186445e+01,2.185755e+01,2.189206e+01,2.194725e+01,2.194035e+01,2.175395e+01,2.187825e+01,2.200930e+01,2.202308e+01,2.187825e+01,2.194035e+01,2.191276e+01,2.201619e+01,2.216771e+01,2.204376e+01,2.196104e+01,2.190586e+01,2.187135e+01,2.214017e+01,2.191276e+01,2.209198e+01,2.191965e+01,2.202997e+01,2.205065e+01,2.192655e+01,2.196793e+01,2.191965e+01,2.184374e+01,2.195414e+01,2.198862e+01,2.187825e+01,2.206442e+01,2.202308e+01,2.197483e+01,2.201619e+01,2.199551e+01,2.198172e+01,2.207820e+01,2.203687e+01,2.205065e+01,2.198862e+01,2.187825e+01,2.202997e+01,2.196104e+01,2.196793e+01,2.194725e+01,2.190586e+01,2.196793e+01,2.206442e+01,2.204376e+01,2.196104e+01,2.208509e+01,2.200930e+01,2.200241e+01,2.199551e+01,2.195414e+01,2.202308e+01,2.200241e+01,2.196104e+01,2.205065e+01,2.204376e+01,2.201619e+01,2.202308e+01,2.198172e+01,2.198862e+01,2.198862e+01,2.183684e+01,2.196104e+01,2.176086e+01,2.185065e+01,2.193345e+01,2.181612e+01,2.194035e+01,2.187135e+01,2.178159e+01,2.195414e+01,2.187825e+01,2.198862e+01,2.178159e+01,2.187135e+01,2.194725e+01,2.180231e+01,2.195414e+01,2.196104e+01,2.185065e+01,2.178159e+01,2.199551e+01,2.189896e+01,2.180231e+01,2.184374e+01,2.182993e+01,2.168483e+01,2.178159e+01,2.189206e+01,2.180922e+01,2.181612e+01,2.182303e+01,2.172631e+01,2.177468e+01,2.190586e+01,2.185755e+01,2.177468e+01,2.184374e+01,2.187825e+01,2.188516e+01,2.187825e+01,2.186445e+01,2.181612e+01,2.182303e+01,2.183684e+01,2.178850e+01,2.185065e+01,2.189896e+01,2.192655e+01,2.180922e+01,2.190586e+01,2.181612e+01,2.182303e+01,2.187135e+01,2.190586e+01,2.176086e+01,2.189896e+01,2.182303e+01,2.187825e+01,2.182993e+01,2.184374e+01,2.181612e+01,2.197483e+01,2.187825e+01,2.199551e+01,2.187135e+01,2.185755e+01,2.174013e+01,2.186445e+01,2.187135e+01,2.189206e+01,2.186445e+01,2.176777e+01,2.190586e+01,2.188516e+01,2.185755e+01,2.187135e+01,2.184374e+01,2.194725e+01,2.194035e+01,2.209886e+01,2.187825e+01,2.209198e+01,2.180922e+01,2.182303e+01,2.194035e+01,2.198862e+01,2.191965e+01,2.195414e+01,2.200241e+01,2.190586e+01,2.194725e+01,2.188516e+01,2.196104e+01,2.196793e+01,2.190586e+01,2.185755e+01,2.190586e+01,2.188516e+01,2.182993e+01,2.188516e+01,2.194035e+01,2.185065e+01,2.185065e+01,2.188516e+01,2.175395e+01,2.171248e+01,2.180231e+01,2.178159e+01,2.175395e+01,2.174704e+01,2.185755e+01,2.182303e+01,2.174013e+01,2.180922e+01,2.172631e+01,2.175395e+01,2.188516e+01,2.184374e+01,2.181612e+01,2.180922e+01,2.193345e+01,2.197483e+01,2.200930e+01,2.184374e+01,2.205754e+01,2.191965e+01,2.188516e+01,2.206442e+01,2.202308e+01,2.207820e+01,2.203687e+01,2.204376e+01,2.205065e+01,2.213329e+01,2.209886e+01,2.213329e+01,2.221587e+01,2.221587e+01,2.218147e+01,2.220211e+01,2.211263e+01,2.208509e+01,2.214706e+01,2.215394e+01,2.215394e+01,2.216082e+01,2.198862e+01,2.217459e+01,2.217459e+01,2.217459e+01,2.216082e+01,2.220211e+01,2.214017e+01,2.204376e+01,2.212641e+01,2.214706e+01,2.218147e+01,2.208509e+01,2.217459e+01,2.212641e+01,2.217459e+01,2.211952e+01,2.218147e+01,2.214017e+01,2.225713e+01,2.228463e+01,2.213329e+01,2.212641e+01,2.216771e+01,2.211952e+01,2.204376e+01,2.214017e+01,2.219523e+01,2.200930e+01,2.210575e+01,2.213329e+01,2.216082e+01,2.225713e+01,2.207131e+01,2.207820e+01,2.212641e+01,2.211263e+01,2.210575e+01,2.212641e+01,2.213329e+01,2.212641e+01,2.209198e+01,2.217459e+01,2.205754e+01,2.216082e+01,2.219523e+01,2.198862e+01,2.220211e+01,2.208509e+01,2.206442e+01,2.207820e+01,2.203687e+01,2.207820e+01,2.204376e+01,2.209198e+01,2.203687e+01,2.205065e+01,2.198172e+01,2.204376e+01,2.223650e+01,2.207131e+01,2.198172e+01,2.200930e+01,2.200930e+01,2.210575e+01,2.205754e+01,2.198172e+01,2.205754e+01,2.207820e+01,2.200241e+01,2.202308e+01,2.209886e+01,2.202997e+01,2.185065e+01,2.192655e+01,2.209886e+01,2.199551e+01,2.202308e+01,2.207820e+01,2.200930e+01,2.211952e+01,2.205754e+01,2.207820e+01,2.196104e+01,2.203687e+01,2.208509e+01,2.209886e+01,2.209198e+01,2.211952e+01,2.214706e+01,2.211952e+01,2.211263e+01,2.197483e+01,2.220211e+01,2.207131e+01,2.229838e+01,2.213329e+01,2.231900e+01,2.227088e+01,2.220211e+01,2.215394e+01,2.222962e+01,2.214017e+01,2.225026e+01,2.218147e+01,2.220211e+01,2.219523e+01,2.220899e+01,2.222962e+01,2.221587e+01,2.227776e+01,2.229151e+01,2.209198e+01,2.209198e+01,2.224338e+01,2.216771e+01,2.222962e+01,2.232587e+01,2.214706e+01,2.216771e+01,2.218147e+01,2.218147e+01,2.220899e+01,2.223650e+01,2.222962e+01,2.214706e+01,2.206442e+01,2.207131e+01,2.208509e+01,2.208509e+01,2.223650e+01,2.220899e+01,2.215394e+01,2.225713e+01,2.218835e+01,2.218835e+01,2.211952e+01,2.218835e+01,2.215394e+01,2.221587e+01,2.212641e+01,2.198172e+01,2.218147e+01,2.217459e+01,2.214706e+01,2.213329e+01,2.209198e+01,2.225713e+01,2.201619e+01,2.212641e+01,2.202308e+01,2.227088e+01,2.227088e+01,2.210575e+01,2.205754e+01,2.207820e+01,2.203687e+01,2.202308e+01,2.214017e+01,2.198172e+01,2.201619e+01,2.189896e+01,2.202997e+01,2.197483e+01,2.205065e+01,2.197483e+01,2.198172e+01,2.194725e+01,2.195414e+01,2.181612e+01,2.198172e+01,2.186445e+01,2.186445e+01,2.176086e+01,2.174704e+01,2.189206e+01,2.187135e+01,2.170557e+01,2.187825e+01,2.185755e+01,2.180231e+01,2.174704e+01,2.181612e+01,2.158106e+01,2.174013e+01,2.170557e+01,2.159490e+01,2.162950e+01,2.154645e+01,2.176777e+01,2.174013e+01,2.167792e+01,2.160182e+01,2.165025e+01,2.155337e+01,2.160182e+01,2.167100e+01,2.169175e+01,2.177468e+01,2.148411e+01,2.159490e+01,2.165717e+01,2.167100e+01,2.180922e+01,2.167792e+01,2.162950e+01,2.158106e+01,2.155337e+01,2.153260e+01,2.168483e+01,2.162258e+01,2.169175e+01,2.158106e+01,2.159490e+01,2.154645e+01,2.167100e+01,2.169866e+01,2.158106e+01,2.158798e+01,2.171248e+01,2.153952e+01,2.157414e+01,2.167792e+01,2.169175e+01,2.163642e+01,2.165717e+01,2.162950e+01,2.167100e+01,2.158798e+01,2.163642e+01,2.153952e+01,2.156721e+01,2.158106e+01,2.156721e+01,2.161566e+01,2.143560e+01,2.142867e+01,2.160182e+01,2.151182e+01,2.147718e+01,2.142867e+01,2.155337e+01,2.159490e+01,2.140787e+01,2.147025e+01,2.162258e+01,2.147718e+01,2.136626e+01,2.137320e+01,2.154645e+01,2.137320e+01,2.156721e+01,2.169175e+01,2.143560e+01,2.156721e+01,2.170557e+01,2.163642e+01,2.172631e+01,2.165717e+01,2.169866e+01,2.167792e+01,2.173322e+01,2.171940e+01,2.190586e+01,2.191276e+01,2.191965e+01,2.176777e+01,2.189206e+01,2.189896e+01,2.187135e+01,2.181612e+01,2.174704e+01,2.187135e+01,2.180922e+01,2.176086e+01,2.175395e+01,2.174013e+01,2.162950e+01,2.185755e+01,2.160182e+01,2.202308e+01,2.162258e+01,2.204376e+01,2.181612e+01,2.178159e+01,2.169866e+01,2.184374e+01,2.181612e+01,2.167792e+01,2.185755e+01,2.174013e+01,2.185065e+01,2.178159e+01
2.228463e+01,2.258665e+01,2.263461e+01,2.258665e+01,2.275785e+01,2.287410e+01,2.276469e+01,2.279889e+01,2.300388e+01,2.305848e+01,2.313350e+01,2.329699e+01,2.314713e+01,2.314031e+01,2.320165e+01,2.348060e+01,2.339904e+01,2.328337e+01,2.344662e+01,2.333782e+01,2.334462e+01,2.345342e+01,2.355532e+01,2.348740e+01,2.344662e+01,2.350099e+01,2.351457e+01,2.339904e+01,2.339224e+01,2.340584e+01,2.334462e+01,2.356890e+01,2.328337e+01,2.328337e+01,2.335143e+01,2.331740e+01,2.329699e+01,2.333101e+01,2.335823e+01,2.333101e+01,2.337183e+01,2.348740e+01,2.346701e+01,2.339224e+01,2.339904e+01,2.352136e+01,2.346701e+01,2.344662e+01,2.343983e+01,2.344662e+01,2.345342e+01,2.339224e+01,2.348060e+01,2.346701e+01,2.342623e+01,2.353495e+01,2.352136e+01,2.352136e+01,2.354174e+01,2.344662e+01,2.341944e+01,2.341264e+01,2.343983e+01,2.340584e+01,2.347381e+01,2.358247e+01,2.335823e+01,2.350778e+01,2.343983e+01,2.342623e+01,2.339904e+01,2.343303e+01,2.336503e+01,2.339904e+01,2.341944e+01,2.334462e+01,2.321527e+01,2.333782e+01,2.329018e+01,2.331740e+01,2.325614e+01,2.326295e+01,2.317439e+01,2.329699e+01,2.317439e+01,2.311304e+01,2.345342e+01,2.320846e+01,2.318802e+01,2.335143e+01,2.335823e+01,2.323571e+01,2.327656e+01,2.312668e+01,2.331740e+01,2.324933e+01,2.328337e+01,2.327656e+01,2.320165e+01,2.325614e+01,2.305165e+01,2.337864e+01,2.320165e+01,2.324252e+01,2.324933e+01,2.333101e+01,2.328337e+01,2.317439e+01,2.329699e+01,2.326976e+01,2.332421e+01,2.329018e+01,2.327656e+01,2.320165e+01,2.311986e+01,2.324252e+01,2.303801e+01,2.328337e+01,2.298340e+01,2.294243e+01,2.268255e+01,2.268940e+01,2.268940e+01,2.249065e+01,2.202997e+01,2.202997e+01,2.209198e+01,2.202997e+01,2.187825e+01,2.182993e+01,2.187825e+01,2.188516e+01,2.187135e+01,2.190586e+01,2.200930e+01,2.187135e+01,2.186445e+01,2.197483e+01,2.192655e+01,2.188516e+01,2.196793e+01,2.189206e+01,2.191276e+01,2.196104e+01,2.195414e+01,2.192655e+01,2.181612e+01,2.176086e+01,2.176086e+01,2.194725e+01,2.204376e+01,2.200930e+01,2.194035e+01,2.188516e+01,2.192655e+01,2.198862e+01,2.200930e+01,2.192655e+01,2.202997e+01,2.193345e+01,2.196793e+01,2.185755e+01,2.176777e+01,2.190586e+01,2.193345e+01,2.191276e+01,2.204376e+01,2.196793e+01,2.197483e+01,2.189896e+01,2.198862e+01,2.207131e+01,2.200241e+01,2.205754e+01,2.206442e+01,2.201619e+01,2.188516e+01,2.189206e+01,2.203687e+01,2.201619e+01,2.206442e+01,2.198172e+01,2.206442e+01,2.196104e+01,2.198172e+01,2.204376e+01,2.198172e+01,2.199551e+01,2.205065e+01,2.200930e+01,2.194035e+01,2.194035e+01,2.193345e+01,2.200930e+01,2.200241e+01,2.203687e+01,2.200930e+01,2.202308e+01,2.200241e+01,2.198862e+01,2.202997e+01,2.191965e+01,2.197483e+01,2.191276e+01,2.196793e+01,2.179540e+01,2.178850e+01,2.179540e+01,2.192655e+01,2.184374e+01,2.190586e+01,2.192655e+01,2.189206e+01,2.191965e+01,2.180922e+01,2.198172e+01,2.175395e+01,2.175395e+01,2.178850e+01,2.178850e+01,2.176777e+01,2.169175e+01,2.186445e+01,2.191965e+01,2.187825e+01,2.179540e+01,2.180231e+01,2.179540e+01,2.181612e+01,2.170557e+01,2.179540e+01,2.185755e+01,2.184374e+01,2.173322e+01,2.183684e+01,2.172631e+01,2.187825e+01,2.176086e+01,2.188516e+01,2.182993e+01,2.189896e+01,2.189896e+01,2.175395e+01,2.180231e+01,2.191965e+01,2.189206e+01,2.179540e+01,2.174704e+01,2.185755e+01,2.182303e+01,2.181612e+01,2.189896e+01,2.191276e+01,2.190586e+01,2.194725e+01,2.178159e+01,2.175395e+01,2.191276e+01,2.182303e+01,2.181612e+01,2.200241e+01,2.185065e+01,2.184374e+01,2.185755e+01,2.188516e+01,2.193345e+01,2.190586e+01,2.175395e+01,2.190586e+01,2.184374e+01,2.185065e+01,2.187825e+01,2.175395e+01,2.189206e+01,2.190586e+01,2.174704e+01,2.187825e+01,2.191276e+01,2.189206e+01,2.187825e+01,2.203687e+01,2.194035e+01,2.187825e+01,2.194725e+01,2.195414e+01,2.197483e+01,2.202308e+01,2.198172e+01,2.184374e+01,2.205065e+01,2.194725e+01,2.198862e+01,2.211263e+01,2.198862e+01,2.186445e+01,2.179540e+01,2.194035e+01,2.196104e+01,2.195414e+01,2.182993e+01,2.198862e+01,2.207131e+01,2.183684e+01,2.189896e+01,2.184374e+01,2.176777e+01,2.188516e+01,2.174704e+01,2.174013e+01,2.181612e+01,2.180922e+01,2.169866e+01,2.176086e+01,2.176086e+01,2.181612e+01,2.180922e+01,2.183684e+01,2.185755e+01,2.177468e+01,2.176777e+01,2.182993e+01,2.193345e+01,2.198172e+01,2.191276e+01,2.189206e+01,2.186445e+01,2.198172e+01,2.205754e+01,2.189206e+01,2.207820e+01,2.204376e+01,2.194725e+01,2.207131e+01,2.204376e+01,2.203687e+01,2.213329e+01,2.206442e+01,2.216082e+01,2.212641e+01,2.213329e+01,2.222962e+01,2.224338e+01,2.209198e+01,2.207820e+01,2.214706e+01,2.213329e+01,2.211263e+01,2.200241e+01,2.212641e+01,2.213329e+01,2.212641e+01,2.217459e+01,2.205754e+01,2.221587e+01,2.206442e+01,2.216082e+01,2.227088e+01,2.209886e+01,2.214706e+01,2.223650e+01,2.211263e+01,2.233961e+01,2.210575e+01,2.214017e+01,2.214017e+01,2.219523e+01,2.204376e+01,2.213329e+01,2.199551e+01,2.203687e+01,2.202997e+01,2.211263e+01,2.191276e+01,2.210575e+01,2.213329e+01,2.211263e+01,2.208509e+01,2.216771e+01,2.204376e+01,2.206442e+01,2.197483e+01,2.218147e+01,2.202997e+01,2.209886e+01,2.209198e+01,2.215394e+01,2.203687e+01,2.211263e+01,2.216771e+01,2.205754e+01,2.216771e+01,2.209198e+01,2.201619e+01,2.214017e+01,2.196793e+01,2.200930e+01,2.203687e+01,2.207131e+01,2.203687e+01,2.213329e+01,2.202997e+01,2.199551e+01,2.195414e+01,2.212641e+01,2.212641e+01,2.213329e+01,2.193345e+01,2.207820e+01,2.198172e+01,2.203687e+01,2.205754e+01,2.203687e+01,2.204376e+01,2.203687e+01,2.201619e+01,2.204376e+01,2.191276e+01,2.198862e+01,2.186445e+01,2.198172e+01,2.195414e+01,2.202997e+01,2.211952e+01,2.194725e+01,2.201619e+01,2.202997e+01,2.212641e+01,2.201619e+01,2.209886e+01,2.211263e+01,2.207131e+01,2.208509e+01,2.208509e+01,2.209198e+01,2.213329e+01,2.212641e+01,2.214706e+01,2.220899e+01,2.216771e+01,2.211952e+01,2.217459e+01,2.214706e+01,2.206442e+01,2.216771e+01,2.209198e+01,2.223650e+01,2.217459e+01,2.209886e+01,2.218835e+01,2.224338e+01,2.208509e+01,2.222962e+01,2.221587e+01,2.218835e+01,2.225713e+01,2.220899e+01,2.221587e+01,2.231212e+01,2.211952e+01,2.210575e+01,2.214706e+01,2.213329e+01,2.215394e+01,2.219523e+01,2.231900e+01,2.250437e+01,2.200241e+01,2.218835e+01,2.218147e+01,2.218835e+01,2.210575e+01,2.218147e+01,2.221587e+01,2.217459e+01,2.211263e+01,2.215394e+01,2.207820e+01,2.215394e+01,2.224338e+01,2.215394e+01,2.218835e+01,2.215394e+01,2.216082e+01,2.223650e+01,2.227088e+01,2.213329e+01,2.207820e+01,2.217459e+01,2.217459e+01,2.209198e+01,2.205065e+01,2.217459e+01,2.222275e+01,2.211952e+01,2.221587e+01,2.226401e+01,2.204376e+01,2.209886e+01,2.202997e+01,2.206442e+01,2.205754e+01,2.199551e+01,2.201619e+01,2.198862e+01,2.200930e+01,2.213329e+01,2.200930e+01,2.199551e+01,2.188516e+01,2.196104e+01,2.201619e+01,2.195414e+01,2.198172e+01,2.196793e+01,2.182993e+01,2.186445e+01,2.198172e+01,2.180231e+01,2.198862e+01,2.180231e+01,2.185065e+01,2.182303e+01,2.176086e+01,2.186445e+01,2.176086e+01,2.169175e+01,2.164334e+01,2.166409e+01,2.182993e+01,2.187825e+01,2.156721e+01,2.175395e+01,2.167100e+01,2.173322e+01,2.158106e+01,2.159490e+01,2.160874e+01,2.157414e+01,2.177468e+01,2.180231e+01,2.164334e+01,2.174013e+01,2.161566e+01,2.162258e+01,2.158798e+01,2.169175e+01,2.167792e+01,2.162950e+01,2.167100e+01,2.155337e+01,2.157414e+01,2.158798e+01,2.171248e+01,2.151875e+01,2.169175e+01,2.162950e+01,2.168483e+01,2.165025e+01,2.159490e+01,2.168483e+01,2.166409e+01,2.167100e+01,2.156721e+01,2.159490e+01,2.173322e+01,2.164334e+01,2.159490e+01,2.153260e+01,2.155337e+01,2.159490e+01,2.153952e+01,2.169175e+01,2.176777e+01,2.168483e+01,2.169175e+01,2.154645e+01,2.175395e+01,2.156721e+01,2.151182e+01,2.156029e+01,2.158106e+01,2.157414e+01,2.142174e+01,2.145639e+01,2.155337e+01,2.158106e+01,2.158798e+01,2.158798e+01,2.141480e+01,2.144946e+01,2.144253e+01,2.146332e+01,2.151182e+01,2.160182e+01,2.137320e+01,2.139400e+01,2.146332e+01,2.149796e+01,2.144253e+01,2.144946e+01,2.159490e+01,2.136626e+01,2.151182e+01,2.153260e+01,2.167100e+01,2.162950e+01,2.168483e+01,2.174013e+01,2.166409e+01,2.169866e+01,2.170557e+01,2.165025e+01,2.187135e+01,2.172631e+01,2.193345e+01,2.178159e+01,2.185755e+01,2.174013e+01,2.181612e+01,2.177468e+01,2.163642e+01,2.174704e+01,2.181612e+01,2.174704e+01,2.177468e+01,2.180922e+01,2.162950e+01,2.171940e+01,2.186445e+01,2.184374e+01,2.178850e+01,2.199551e+01,2.182993e+01,2.164334e+01,2.172631e+01,2.167100e+01,2.168483e+01,2.194725e+01,2.188516e+01,2.169866e+01
2.227088e+01,2.246320e+01,2.250437e+01,2.261406e+01,2.275101e+01,2.269625e+01,2.279206e+01,2.298340e+01,2.284676e+01,2.301071e+01,2.307212e+01,2.305848e+01,2.322209e+01,2.320846e+01,2.318802e+01,2.324933e+01,2.332421e+01,2.312668e+01,2.330379e+01,2.315395e+01,2.341944e+01,2.330379e+01,2.347381e+01,2.344662e+01,2.333101e+01,2.341944e+01,2.339224e+01,2.346022e+01,2.341944e+01,2.327656e+01,2.325614e+01,2.322890e+01,2.335823e+01,2.341264e+01,2.337183e+01,2.335823e+01,2.336503e+01,2.325614e+01,2.331740e+01,2.326976e+01,2.350099e+01,2.337864e+01,2.333782e+01,2.348060e+01,2.334462e+01,2.347381e+01,2.340584e+01,2.338544e+01,2.341264e+01,2.351457e+01,2.327656e+01,2.347381e+01,2.348060e+01,2.352136e+01,2.343983e+01,2.346022e+01,2.349419e+01,2.350778e+01,2.356890e+01,2.339224e+01,2.357569e+01,2.340584e+01,2.344662e+01,2.358247e+01,2.344662e+01,2.328337e+01,2.350099e+01,2.335823e+01,2.343983e+01,2.339224e+01,2.341264e+01,2.327656e+01,2.343983e+01,2.335143e+01,2.334462e+01,2.318802e+01,2.335823e+01,2.318121e+01,2.322890e+01,2.332421e+01,2.327656e+01,2.322890e+01,2.316758e+01,2.324933e+01,2.317439e+01,2.323571e+01,2.320846e+01,2.327656e+01,2.312668e+01,2.312668e+01,2.310622e+01,2.318802e+01,2.329699e+01,2.319484e+01,2.322209e+01,2.319484e+01,2.329699e+01,2.319484e+01,2.329018e+01,2.304483e+01,2.307212e+01,2.316758e+01,2.323571e+01,2.324933e+01,2.331740e+01,2.324252e+01,2.324252e+01,2.311986e+01,2.324252e+01,2.330379e+01,2.309258e+01,2.314713e+01,2.322209e+01,2.326976e+01,2.326295e+01,2.322890e+01,2.315395e+01,2.294926e+01,2.295609e+01,2.301071e+01,2.276469e+01,2.284676e+01,2.247692e+01,2.246320e+01,2.221587e+01,2.200930e+01,2.193345e+01,2.202308e+01,2.193345e+01,2.190586e+01,2.185755e+01,2.187135e+01,2.197483e+01,2.196104e+01,2.185755e+01,2.176777e+01,2.194725e+01,2.199551e+01,2.181612e+01,2.183684e+01,2.189206e+01,2.191276e+01,2.175395e+01,2.189206e+01,2.181612e+01,2.176777e+01,2.178159e+01,2.178159e+01,2.194725e+01,2.198862e+01,2.192655e+01,2.182303e+01,2.191276e+01,2.185755e+01,2.197483e+01,2.180231e+01,2.178850e+01,2.187825e+01,2.191965e+01,2.189896e+01,2.188516e+01,2.186445e+01,2.190586e+01,2.198172e+01,2.191965e+01,2.194725e+01,2.194725e+01,2.191965e+01,2.186445e+01,2.187825e+01,2.205065e+01,2.189896e+01,2.196104e+01,2.190586e+01,2.185065e+01,2.206442e+01,2.202308e+01,2.189206e+01,2.194035e+01,2.201619e+01,2.205065e+01,2.203687e+01,2.186445e+01,2.197483e+01,2.194035e+01,2.196104e+01,2.203687e+01,2.205065e+01,2.194035e+01,2.201619e+01,2.196104e+01,2.216082e+01,2.202997e+01,2.198862e+01,2.199551e+01,2.199551e+01,2.201619e+01,2.199551e+01,2.202308e+01,2.198862e+01,2.198862e+01,2.198172e+01,2.197483e+01,2.191276e+01,2.191276e+01,2.187135e+01,2.174013e+01,2.189896e+01,2.185755e+01,2.174704e+01,2.191276e+01,2.176777e+01,2.198172e+01,2.187825e+01,2.179540e+01,2.187135e+01,2.180922e+01,2.189206e+01,2.176777e+01,2.187135e+01,2.175395e+01,2.176777e+01,2.182303e+01,2.179540e+01,2.176086e+01,2.175395e+01,2.175395e+01,2.174704e+01,2.185065e+01,2.169175e+01,2.183684e+01,2.188516e+01,2.175395e+01,2.187135e+01,2.171940e+01,2.183684e+01,2.185755e+01,2.177468e+01,2.175395e+01,2.169175e+01,2.191276e+01,2.177468e+01,2.184374e+01,2.177468e+01,2.180231e+01,2.184374e+01,2.179540e+01,2.195414e+01,2.187825e+01,2.182993e+01,2.178159e+01,2.176777e+01,2.179540e+01,2.175395e+01,2.173322e+01,2.174704e+01,2.192655e+01,2.191965e+01,2.178850e+01,2.180231e+01,2.187825e+01,2.182303e+01,2.184374e+01,2.185065e+01,2.186445e+01,2.188516e+01,2.187825e+01,2.193345e+01,2.186445e+01,2.187825e+01,2.182993e+01,2.183684e+01,2.197483e+01,2.196793e+01,2.192655e+01,2.189206e+01,2.191276e+01,2.194725e+01,2.185065e+01,2.196793e+01,2.210575e+01,2.189896e+01,2.187825e+01,2.186445e+01,2.193345e+01,2.200241e+01,2.199551e+01,2.198862e+01,2.194725e+01,2.211263e+01,2.202997e+01,2.179540e+01,2.198862e+01,2.212641e+01,2.201619e+01,2.198862e+01,2.196793e+01,2.201619e+01,2.189206e+01,2.182303e+01,2.185755e+01,2.182303e+01,2.188516e+01,2.182993e+01,2.182993e+01,2.179540e+01,2.181612e+01,2.170557e+01,2.173322e+01,2.181612e+01,2.180231e+01,2.168483e+01,2.178159e+01,2.185065e+01,2.183684e+01,2.185065e+01,2.173322e+01,2.182303e+01,2.180922e+01,2.186445e+01,2.178850e+01,2.190586e+01,2.184374e+01,2.200241e+01,2.198172e+01,2.189896e+01,2.191965e+01,2.207820e+01,2.203687e+01,2.203687e+01,2.203687e+01,2.208509e+01,2.198172e+01,2.209198e+01,2.205754e+01,2.210575e+01,2.213329e+01,2.198172e+01,2.202308e+01,2.215394e+01,2.221587e+01,2.212641e+01,2.211263e+01,2.208509e+01,2.212641e+01,2.210575e+01,2.200930e+01,2.196104e+01,2.211952e+01,2.214017e+01,2.214017e+01,2.203687e+01,2.208509e+01,2.202997e+01,2.202308e+01,2.218147e+01,2.224338e+01,2.209886e+01,2.209886e+01,2.208509e+01,2.207820e+01,2.209886e+01,2.209886e+01,2.207131e+01,2.219523e+01,2.213329e+01,2.214706e+01,2.215394e+01,2.206442e+01,2.208509e+01,2.206442e+01,2.202308e+01,2.191276e+01,2.212641e+01,2.211263e+01,2.217459e+01,2.207820e+01,2.200241e+01,2.211952e+01,2.206442e+01,2.206442e+01,2.206442e+01,2.202997e+01,2.205754e+01,2.200930e+01,2.198172e+01,2.207131e+01,2.209886e+01,2.202997e+01,2.202997e+01,2.205754e+01,2.200241e+01,2.199551e+01,2.182303e+01,2.203687e+01,2.199551e+01,2.205754e+01,2.201619e+01,2.198172e+01,2.200241e+01,2.201619e+01,2.196793e+01,2.198172e+01,2.200241e+01,2.196793e+01,2.195414e+01,2.196793e+01,2.194035e+01,2.197483e+01,2.198862e+01,2.198862e+01,2.207131e+01,2.204376e+01,2.191965e+01,2.194725e+01,2.195414e+01,2.196104e+01,2.196793e+01,2.198862e+01,2.200241e+01,2.207131e+01,2.202997e+01,2.195414e+01,2.201619e+01,2.200930e+01,2.198862e+01,2.209198e+01,2.200930e+01,2.206442e+01,2.205065e+01,2.205754e+01,2.191965e+01,2.208509e+01,2.209886e+01,2.209198e+01,2.200930e+01,2.191276e+01,2.211263e+01,2.210575e+01,2.216082e+01,2.220899e+01,2.206442e+01,2.197483e+01,2.220899e+01,2.222962e+01,2.214017e+01,2.225713e+01,2.218147e+01,2.207820e+01,2.215394e+01,2.217459e+01,2.207131e+01,2.209198e+01,2.226401e+01,2.218835e+01,2.220211e+01,2.225713e+01,2.205065e+01,2.214706e+01,2.213329e+01,2.213329e+01,2.214017e+01,2.214017e+01,2.220899e+01,2.218835e+01,2.200241e+01,2.216771e+01,2.231900e+01,2.218147e+01,2.217459e+01,2.216082e+01,2.214706e+01,2.208509e+01,2.209198e+01,2.214017e+01,2.209198e+01,2.209886e+01,2.206442e+01,2.216771e+01,2.211263e+01,2.214706e+01,2.214017e+01,2.214706e+01,2.224338e+01,2.212641e+01,2.215394e+01,2.206442e+01,2.219523e+01,2.220899e+01,2.204376e+01,2.215394e+01,2.218147e+01,2.206442e+01,2.208509e+01,2.207131e+01,2.206442e+01,2.205065e+01,2.200930e+01,2.194725e+01,2.205754e+01,2.198862e+01,2.180231e+01,2.202308e+01,2.199551e+01,2.202308e+01,2.198862e+01,2.200241e+01,2.197483e+01,2.198862e+01,2.187825e+01,2.189206e+01,2.194725e+01,2.200241e+01,2.186445e+01,2.165025e+01,2.178159e+01,2.187135e+01,2.170557e+01,2.169175e+01,2.184374e+01,2.174704e+01,2.184374e+01,2.187135e+01,2.159490e+01,2.174704e+01,2.165025e+01,2.177468e+01,2.153952e+01,2.183684e+01,2.178159e+01,2.164334e+01,2.161566e+01,2.167792e+01,2.164334e+01,2.154645e+01,2.162258e+01,2.157414e+01,2.169866e+01,2.156721e+01,2.159490e+01,2.160182e+01,2.157414e+01,2.158798e+01,2.157414e+01,2.155337e+01,2.161566e+01,2.164334e+01,2.157414e+01,2.152567e+01,2.153260e+01,2.161566e+01,2.149796e+01,2.147718e+01,2.161566e+01,2.145639e+01,2.165025e+01,2.132464e+01,2.162950e+01,2.158798e+01,2.167100e+01,2.165717e+01,2.168483e+01,2.169866e+01,2.158106e+01,2.160182e+01,2.146332e+01,2.149104e+01,2.153260e+01,2.156029e+01,2.153952e+01,2.155337e+01,2.171940e+01,2.163642e+01,2.169175e+01,2.164334e+01,2.158798e+01,2.159490e+01,2.144946e+01,2.153952e+01,2.150489e+01,2.151182e+01,2.148411e+01,2.155337e+01,2.132464e+01,2.130382e+01,2.146332e+01,2.133851e+01,2.152567e+01,2.142174e+01,2.139400e+01,2.145639e+01,2.140094e+01,2.139400e+01,2.140094e+01,2.108148e+01,2.136626e+01,2.124828e+01,2.133851e+01,2.144946e+01,2.160182e+01,2.160874e+01,2.143560e+01,2.151875e+01,2.159490e+01,2.174704e+01,2.171248e+01,2.171940e+01,2.170557e+01,2.176777e+01,2.164334e+01,2.169866e+01,2.166409e+01,2.171248e+01,2.167792e+01,2.187135e+01,2.187135e+01,2.173322e+01,2.182993e+01,2.171940e+01,2.177468e+01,2.175395e+01,2.179540e+01,2.178159e+01,2.165717e+01,2.180922e+01,2.167792e+01,2.167792e+01,2.162258e+01,2.183684e+01,2.182303e+01,2.179540e+01,2.180231e+01,2.173322e+01,2.182993e+01,2.175395e+01,2.171248e+01,2.163642e+01,2.166409e+01,2.165717e+01,2.169175e+01
2.220899e+01,2.238769e+01,2.240142e+01,2.247692e+01,2.262776e+01,2.261406e+01,2.279889e+01,2.275101e+01,2.286043e+01,2.283993e+01,2.306530e+01,2.307212e+01,2.318121e+01,2.308576e+01,2.326295e+01,2.320846e+01,2.318121e+01,2.324933e+01,2.329699e+01,2.343983e+01,2.337864e+01,2.339904e+01,2.341944e+01,2.335823e+01,2.331060e+01,2.331740e+01,2.344662e+01,2.332421e+01,2.350099e+01,2.335143e+01,2.329018e+01,2.327656e+01,2.329018e+01,2.329018e+01,2.329699e+01,2.342623e+01,2.331060e+01,2.333782e+01,2.326295e+01,2.328337e+01,2.329018e+01,2.324933e+01,2.349419e+01,2.348060e+01,2.342623e+01,2.336503e+01,2.342623e+01,2.339904e+01,2.343303e+01,2.346701e+01,2.350778e+01,2.347381e+01,2.341264e+01,2.358926e+01,2.345342e+01,2.358247e+01,2.352816e+01,2.348060e+01,2.350778e+01,2.350778e+01,2.344662e+01,2.343983e+01,2.355532e+01,2.343983e+01,2.341264e+01,2.332421e+01,2.328337e+01,2.328337e+01,2.332421e+01,2.337183e+01,2.326295e+01,2.333782e+01,2.327656e+01,2.332421e+01,2.331740e+01,2.322209e+01,2.329018e+01,2.325614e+01,2.322209e+01,2.325614e+01,2.322890e+01,2.322890e+01,2.316076e+01,2.323571e+01,2.316758e+01,2.318802e+01,2.314031e+01,2.314713e+01,2.316076e+01,2.316758e+01,2.337864e+01,2.313350e+01,2.313350e+01,2.321527e+01,2.325614e+01,2.324252e+01,2.317439e+01,2.316758e+01,2.321527e+01,2.341944e+01,2.313350e+01,2.314713e+01,2.318121e+01,2.331060e+01,2.312668e+01,2.323571e+01,2.324933e+01,2.321527e+01,2.332421e+01,2.332421e+01,2.326295e+01,2.317439e+01,2.316758e+01,2.325614e+01,2.297657e+01,2.317439e+01,2.307212e+01,2.301753e+01,2.296292e+01,2.290144e+01,2.281257e+01,2.268255e+01,2.247692e+01,2.249065e+01,2.223650e+01,2.193345e+01,2.165717e+01,2.192655e+01,2.192655e+01,2.188516e+01,2.185065e+01,2.193345e+01,2.184374e+01,2.186445e+01,2.189896e+01,2.181612e+01,2.185755e+01,2.197483e+01,2.191965e+01,2.176777e+01,2.189896e+01,2.177468e+01,2.185755e+01,2.191276e+01,2.174704e+01,2.181612e+01,2.198172e+01,2.200241e+01,2.197483e+01,2.183684e+01,2.189206e+01,2.191276e+01,2.187135e+01,2.197483e+01,2.193345e+01,2.199551e+01,2.198172e+01,2.199551e+01,2.182303e+01,2.185065e+01,2.178850e+01,2.195414e+01,2.193345e+01,2.189896e+01,2.196104e+01,2.196104e+01,2.190586e+01,2.188516e+01,2.189206e+01,2.189206e+01,2.188516e+01,2.203687e+01,2.200930e+01,2.205754e+01,2.204376e+01,2.202308e+01,2.192655e+01,2.200241e+01,2.202997e+01,2.202997e+01,2.191276e+01,2.194035e+01,2.191276e+01,2.200930e+01,2.190586e+01,2.197483e+01,2.196793e+01,2.195414e+01,2.195414e+01,2.195414e+01,2.202308e+01,2.198862e+01,2.196793e+01,2.197483e+01,2.192655e+01,2.195414e+01,2.199551e+01,2.198862e+01,2.200241e+01,2.200930e+01,2.201619e+01,2.198172e+01,2.193345e+01,2.205065e+01,2.189896e+01,2.197483e+01,2.174704e+01,2.182303e+01,2.193345e+01,2.191276e+01,2.187135e+01,2.202997e+01,2.188516e+01,2.193345e+01,2.187135e+01,2.182303e+01,2.181612e+01,2.188516e+01,2.180231e+01,2.195414e+01,2.171248e+01,2.168483e+01,2.176086e+01,2.180922e+01,2.179540e+01,2.176086e+01,2.178850e+01,2.174013e+01,2.182993e+01,2.184374e+01,2.182993e+01,2.188516e+01,2.189896e+01,2.176086e+01,2.189206e+01,2.176086e+01,2.187135e+01,2.176086e+01,2.186445e+01,2.187825e+01,2.187135e+01,2.189206e+01,2.172631e+01,2.178159e+01,2.174704e+01,2.181612e+01,2.177468e+01,2.180231e+01,2.177468e+01,2.185755e+01,2.188516e+01,2.171248e+01,2.186445e+01,2.189896e+01,2.186445e+01,2.192655e+01,2.188516e+01,2.187825e+01,2.196793e+01,2.191965e+01,2.194725e+01,2.188516e+01,2.189896e+01,2.185065e+01,2.194035e+01,2.198172e+01,2.190586e+01,2.189896e+01,2.187135e+01,2.189896e+01,2.196793e+01,2.195414e+01,2.187135e+01,2.183684e+01,2.197483e+01,2.196793e+01,2.193345e+01,2.190586e+01,2.192655e+01,2.207820e+01,2.206442e+01,2.191965e+01,2.198172e+01,2.197483e+01,2.191965e+01,2.199551e+01,2.195414e+01,2.191276e+01,2.200241e+01,2.187135e+01,2.200930e+01,2.192655e+01,2.201619e+01,2.211952e+01,2.187135e+01,2.197483e+01,2.200930e+01,2.200930e+01,2.200930e+01,2.196104e+01,2.187825e+01,2.196104e+01,2.193345e+01,2.189896e+01,2.183684e+01,2.202308e+01,2.193345e+01,2.173322e+01,2.185755e+01,2.180231e+01,2.178159e+01,2.182303e+01,2.182993e+01,2.181612e+01,2.179540e+01,2.176777e+01,2.179540e+01,2.182303e+01,2.176086e+01,2.182303e+01,2.183684e+01,2.185755e+01,2.167100e+01,2.196104e+01,2.182993e+01,2.196104e+01,2.197483e+01,2.202308e+01,2.201619e+01,2.207131e+01,2.207131e+01,2.209886e+01,2.186445e+01,2.202997e+01,2.209198e+01,2.209886e+01,2.205065e+01,2.213329e+01,2.211952e+01,2.205065e+01,2.218835e+01,2.220899e+01,2.212641e+01,2.206442e+01,2.210575e+01,2.217459e+01,2.215394e+01,2.217459e+01,2.198862e+01,2.213329e+01,2.198862e+01,2.218835e+01,2.220899e+01,2.216771e+01,2.206442e+01,2.194035e+01,2.209886e+01,2.219523e+01,2.205065e+01,2.211263e+01,2.216771e+01,2.216771e+01,2.211263e+01,2.214706e+01,2.203687e+01,2.203687e+01,2.206442e+01,2.220211e+01,2.202997e+01,2.205754e+01,2.203687e+01,2.200241e+01,2.201619e+01,2.211952e+01,2.211263e+01,2.209198e+01,2.208509e+01,2.194035e+01,2.201619e+01,2.202308e+01,2.202997e+01,2.203687e+01,2.200241e+01,2.201619e+01,2.203687e+01,2.205065e+01,2.198172e+01,2.194035e+01,2.204376e+01,2.202997e+01,2.199551e+01,2.206442e+01,2.200241e+01,2.193345e+01,2.200241e+01,2.200930e+01,2.200241e+01,2.198172e+01,2.198862e+01,2.202997e+01,2.197483e+01,2.197483e+01,2.201619e+01,2.200930e+01,2.199551e+01,2.191276e+01,2.199551e+01,2.197483e+01,2.194725e+01,2.205754e+01,2.211263e+01,2.198172e+01,2.198862e+01,2.201619e+01,2.205065e+01,2.202308e+01,2.187135e+01,2.197483e+01,2.199551e+01,2.208509e+01,2.202997e+01,2.204376e+01,2.205754e+01,2.210575e+01,2.200241e+01,2.202308e+01,2.199551e+01,2.216082e+01,2.201619e+01,2.216082e+01,2.205754e+01,2.211952e+01,2.207820e+01,2.210575e+01,2.209198e+01,2.213329e+01,2.207131e+01,2.217459e+01,2.200241e+01,2.222275e+01,2.205065e+01,2.217459e+01,2.224338e+01,2.220211e+01,2.216771e+01,2.215394e+01,2.222962e+01,2.218147e+01,2.222962e+01,2.220899e+01,2.216082e+01,2.224338e+01,2.222962e+01,2.219523e+01,2.218835e+01,2.219523e+01,2.215394e+01,2.218835e+01,2.214706e+01,2.231900e+01,2.214706e+01,2.234648e+01,2.218147e+01,2.218147e+01,2.233961e+01,2.218835e+01,2.216082e+01,2.217459e+01,2.218147e+01,2.216771e+01,2.222962e+01,2.213329e+01,2.208509e+01,2.218147e+01,2.212641e+01,2.210575e+01,2.209886e+01,2.217459e+01,2.228463e+01,2.214017e+01,2.214017e+01,2.216082e+01,2.216082e+01,2.212641e+01,2.212641e+01,2.225026e+01,2.224338e+01,2.209886e+01,2.214017e+01,2.217459e+01,2.197483e+01,2.203687e+01,2.214017e+01,2.201619e+01,2.202997e+01,2.205065e+01,2.225713e+01,2.205065e+01,2.197483e+01,2.205065e+01,2.203687e+01,2.208509e+01,2.191276e+01,2.196104e+01,2.211263e+01,2.197483e+01,2.194725e+01,2.200930e+01,2.197483e+01,2.192655e+01,2.198862e+01,2.189206e+01,2.190586e+01,2.182993e+01,2.186445e+01,2.180231e+01,2.171940e+01,2.185065e+01,2.160182e+01,2.186445e+01,2.178159e+01,2.160874e+01,2.169866e+01,2.176086e+01,2.180231e+01,2.182993e+01,2.167100e+01,2.166409e+01,2.171248e+01,2.157414e+01,2.177468e+01,2.167792e+01,2.165717e+01,2.164334e+01,2.164334e+01,2.153260e+01,2.153952e+01,2.158106e+01,2.156029e+01,2.162258e+01,2.144946e+01,2.157414e+01,2.156721e+01,2.167792e+01,2.159490e+01,2.153260e+01,2.149104e+01,2.155337e+01,2.147718e+01,2.156029e+01,2.152567e+01,2.167100e+01,2.160874e+01,2.147718e+01,2.167100e+01,2.167792e+01,2.151182e+01,2.170557e+01,2.153952e+01,2.164334e+01,2.162258e+01,2.171248e+01,2.156721e+01,2.170557e+01,2.172631e+01,2.172631e+01,2.171940e+01,2.168483e+01,2.165717e+01,2.160874e+01,2.178850e+01,2.152567e+01,2.162258e+01,2.169866e+01,2.171940e+01,2.160874e+01,2.156721e+01,2.171248e+01,2.162950e+01,2.161566e+01,2.144946e+01,2.153260e+01,2.145639e+01,2.149796e+01,2.140094e+01,2.149104e+01,2.138013e+01,2.142867e+01,2.147025e+01,2.158798e+01,2.138013e+01,2.155337e+01,2.158106e+01,2.135239e+01,2.141480e+01,2.137320e+01,2.146332e+01,2.119966e+01,2.152567e+01,2.171940e+01,2.153260e+01,2.161566e+01,2.160182e+01,2.165717e+01,2.162950e+01,2.176086e+01,2.167792e+01,2.173322e+01,2.164334e+01,2.167792e+01,2.167100e+01,2.171940e+01,2.165717e+01,2.174704e+01,2.188516e+01,2.189206e+01,2.171248e+01,2.177468e+01,2.152567e+01,2.175395e+01,2.177468e+01,2.173322e+01,2.176777e+01,2.171248e+01,2.176777e+01,2.178159e+01,2.169175e+01,2.169866e+01,2.171248e+01,2.169175e+01,2.181612e+01,2.177468e+01,2.168483e+01,2.188516e+01,2.165717e+01,2.167792e+01,2.170557e+01,2.177468e+01,2.182303e+01,2.165717e+01
2.220899e+01,2.242202e+01,2.245634e+01,2.240142e+01,2.267571e+01,2.261406e+01,2.261406e+01,2.264146e+01,2.286043e+01,2.311304e+01,2.306530e+01,2.299023e+01,2.314031e+01,2.321527e+01,2.320165e+01,2.315395e+01,2.329018e+01,2.314713e+01,2.354853e+01,2.325614e+01,2.346701e+01,2.339904e+01,2.337864e+01,2.333101e+01,2.354853e+01,2.350099e+01,2.329699e+01,2.350099e+01,2.350778e+01,2.331740e+01,2.329699e+01,2.329018e+01,2.329018e+01,2.329018e+01,2.326295e+01,2.333782e+01,2.327656e+01,2.329699e+01,2.332421e+01,2.333782e+01,2.329018e+01,2.335143e+01,2.339904e+01,2.334462e+01,2.339224e+01,2.333101e+01,2.336503e+01,2.330379e+01,2.343303e+01,2.346701e+01,2.354174e+01,2.350099e+01,2.350778e+01,2.331740e+01,2.346022e+01,2.352136e+01,2.348060e+01,2.356211e+01,2.353495e+01,2.348060e+01,2.349419e+01,2.354853e+01,2.346701e+01,2.346022e+01,2.342623e+01,2.341264e+01,2.328337e+01,2.345342e+01,2.341944e+01,2.329699e+01,2.337183e+01,2.331740e+01,2.335823e+01,2.337183e+01,2.331740e+01,2.332421e+01,2.333101e+01,2.326976e+01,2.331740e+01,2.316758e+01,2.329699e+01,2.309940e+01,2.322209e+01,2.311986e+01,2.322890e+01,2.319484e+01,2.320165e+01,2.316076e+01,2.318121e+01,2.326295e+01,2.314713e+01,2.318802e+01,2.311986e+01,2.310622e+01,2.307212e+01,2.320846e+01,2.324252e+01,2.318121e+01,2.309940e+01,2.308576e+01,2.320846e+01,2.327656e+01,2.309940e+01,2.322209e+01,2.328337e+01,2.322890e+01,2.298340e+01,2.320165e+01,2.322209e+01,2.332421e+01,2.317439e+01,2.316758e+01,2.323571e+01,2.312668e+01,2.309258e+01,2.311986e+01,2.305848e+01,2.301753e+01,2.290144e+01,2.286043e+01,2.272363e+01,2.252494e+01,2.248379e+01,2.245634e+01,2.221587e+01,2.199551e+01,2.205754e+01,2.187825e+01,2.185065e+01,2.199551e+01,2.184374e+01,2.187135e+01,2.174704e+01,2.183684e+01,2.185755e+01,2.192655e+01,2.185065e+01,2.185755e+01,2.197483e+01,2.187825e+01,2.186445e+01,2.192655e+01,2.187135e+01,2.182303e+01,2.201619e+01,2.190586e+01,2.176086e+01,2.194725e+01,2.194725e+01,2.186445e+01,2.204376e+01,2.191276e+01,2.189896e+01,2.198172e+01,2.194725e+01,2.196104e+01,2.185755e+01,2.200241e+01,2.186445e+01,2.192655e+01,2.188516e+01,2.200930e+01,2.183684e+01,2.200930e+01,2.190586e+01,2.192655e+01,2.194725e+01,2.177468e+01,2.190586e+01,2.199551e+01,2.187135e+01,2.191276e+01,2.187825e+01,2.185065e+01,2.201619e+01,2.189896e+01,2.201619e+01,2.204376e+01,2.203687e+01,2.199551e+01,2.189206e+01,2.200930e+01,2.209198e+01,2.210575e+01,2.193345e+01,2.184374e+01,2.207820e+01,2.202997e+01,2.202308e+01,2.197483e+01,2.201619e+01,2.202308e+01,2.194725e+01,2.214017e+01,2.195414e+01,2.200930e+01,2.198862e+01,2.199551e+01,2.199551e+01,2.197483e+01,2.199551e+01,2.197483e+01,2.194035e+01,2.191965e+01,2.196793e+01,2.187825e+01,2.189206e+01,2.189896e+01,2.191276e+01,2.197483e+01,2.193345e+01,2.192655e+01,2.191965e+01,2.191276e+01,2.185065e+01,2.188516e+01,2.191965e+01,2.187825e+01,2.172631e+01,2.187135e+01,2.179540e+01,2.183684e+01,2.181612e+01,2.181612e+01,2.179540e+01,2.180231e+01,2.178850e+01,2.180922e+01,2.182303e+01,2.174704e+01,2.180231e+01,2.167792e+01,2.178850e+01,2.190586e+01,2.185755e+01,2.171940e+01,2.189206e+01,2.195414e+01,2.189206e+01,2.199551e+01,2.177468e+01,2.188516e+01,2.192655e+01,2.194725e+01,2.169866e+01,2.179540e+01,2.198862e+01,2.185065e+01,2.189896e+01,2.186445e+01,2.177468e+01,2.177468e+01,2.185065e+01,2.187825e+01,2.186445e+01,2.187135e+01,2.189206e+01,2.188516e+01,2.192655e+01,2.183684e+01,2.198862e+01,2.196793e+01,2.195414e+01,2.194725e+01,2.194725e+01,2.209198e+01,2.190586e+01,2.192655e+01,2.194725e+01,2.195414e+01,2.191965e+01,2.195414e+01,2.199551e+01,2.196793e+01,2.191276e+01,2.198862e+01,2.188516e+01,2.194725e+01,2.207820e+01,2.187825e+01,2.191276e+01,2.206442e+01,2.205754e+01,2.205754e+01,2.210575e+01,2.196793e+01,2.196104e+01,2.198862e+01,2.198862e+01,2.209886e+01,2.199551e+01,2.205065e+01,2.202308e+01,2.209886e+01,2.194035e+01,2.196104e+01,2.198172e+01,2.202997e+01,2.198862e+01,2.198172e+01,2.191965e+01,2.198862e+01,2.190586e+01,2.193345e+01,2.191276e+01,2.187135e+01,2.182993e+01,2.183684e+01,2.184374e+01,2.185755e+01,2.176777e+01,2.185065e+01,2.181612e+01,2.174013e+01,2.166409e+01,2.180231e+01,2.176777e+01,2.180231e+01,2.184374e+01,2.182303e+01,2.182993e+01,2.170557e+01,2.190586e+01,2.196793e+01,2.191965e+01,2.200241e+01,2.205754e+01,2.200930e+01,2.201619e+01,2.200241e+01,2.204376e+01,2.200930e+01,2.207820e+01,2.211263e+01,2.205065e+01,2.209886e+01,2.211952e+01,2.213329e+01,2.214017e+01,2.203687e+01,2.216082e+01,2.214017e+01,2.216082e+01,2.209198e+01,2.220211e+01,2.208509e+01,2.211952e+01,2.225026e+01,2.217459e+01,2.215394e+01,2.211952e+01,2.213329e+01,2.210575e+01,2.207820e+01,2.199551e+01,2.222962e+01,2.198862e+01,2.198862e+01,2.209886e+01,2.209886e+01,2.210575e+01,2.207131e+01,2.202308e+01,2.210575e+01,2.202997e+01,2.209198e+01,2.206442e+01,2.202997e+01,2.213329e+01,2.201619e+01,2.204376e+01,2.202997e+01,2.192655e+01,2.208509e+01,2.213329e+01,2.209886e+01,2.209198e+01,2.202308e+01,2.207820e+01,2.202997e+01,2.208509e+01,2.200930e+01,2.204376e+01,2.202308e+01,2.194035e+01,2.210575e+01,2.207131e+01,2.201619e+01,2.201619e+01,2.206442e+01,2.202997e+01,2.200241e+01,2.188516e+01,2.195414e+01,2.201619e+01,2.202308e+01,2.205754e+01,2.204376e+01,2.197483e+01,2.192655e+01,2.189206e+01,2.197483e+01,2.200241e+01,2.194035e+01,2.199551e+01,2.191965e+01,2.188516e+01,2.194035e+01,2.200930e+01,2.198862e+01,2.207820e+01,2.207820e+01,2.196793e+01,2.199551e+01,2.192655e+01,2.188516e+01,2.196793e+01,2.208509e+01,2.200241e+01,2.183684e+01,2.205065e+01,2.199551e+01,2.207820e+01,2.207820e+01,2.200930e+01,2.200930e+01,2.200930e+01,2.219523e+01,2.207131e+01,2.206442e+01,2.209886e+01,2.204376e+01,2.214017e+01,2.210575e+01,2.220211e+01,2.208509e+01,2.227088e+01,2.207820e+01,2.225713e+01,2.206442e+01,2.216771e+01,2.214706e+01,2.207131e+01,2.211952e+01,2.211952e+01,2.216082e+01,2.223650e+01,2.218835e+01,2.210575e+01,2.222275e+01,2.214017e+01,2.220211e+01,2.225026e+01,2.221587e+01,2.218835e+01,2.209886e+01,2.218835e+01,2.209886e+01,2.218147e+01,2.231900e+01,2.214017e+01,2.201619e+01,2.216771e+01,2.216771e+01,2.203687e+01,2.215394e+01,2.215394e+01,2.218147e+01,2.210575e+01,2.210575e+01,2.220211e+01,2.214017e+01,2.212641e+01,2.208509e+01,2.209198e+01,2.220211e+01,2.217459e+01,2.222275e+01,2.212641e+01,2.207131e+01,2.213329e+01,2.214706e+01,2.218147e+01,2.214017e+01,2.219523e+01,2.213329e+01,2.218835e+01,2.229151e+01,2.216082e+01,2.209198e+01,2.212641e+01,2.210575e+01,2.203687e+01,2.210575e+01,2.203687e+01,2.208509e+01,2.205065e+01,2.199551e+01,2.198172e+01,2.195414e+01,2.196104e+01,2.198172e+01,2.202308e+01,2.198172e+01,2.196793e+01,2.214706e+01,2.175395e+01,2.187135e+01,2.186445e+01,2.217459e+01,2.187825e+01,2.187135e+01,2.185755e+01,2.177468e+01,2.182303e+01,2.179540e+01,2.184374e+01,2.165025e+01,2.185755e+01,2.196104e+01,2.173322e+01,2.168483e+01,2.171940e+01,2.162258e+01,2.177468e+01,2.192655e+01,2.165025e+01,2.165025e+01,2.165717e+01,2.167100e+01,2.159490e+01,2.158106e+01,2.166409e+01,2.158798e+01,2.171940e+01,2.157414e+01,2.156721e+01,2.161566e+01,2.153260e+01,2.144946e+01,2.157414e+01,2.164334e+01,2.156029e+01,2.152567e+01,2.158106e+01,2.167792e+01,2.170557e+01,2.162950e+01,2.160874e+01,2.156029e+01,2.169866e+01,2.163642e+01,2.159490e+01,2.154645e+01,2.162258e+01,2.146332e+01,2.162258e+01,2.158798e+01,2.160874e+01,2.156721e+01,2.170557e+01,2.167792e+01,2.148411e+01,2.167792e+01,2.162950e+01,2.165717e+01,2.151875e+01,2.168483e+01,2.150489e+01,2.159490e+01,2.164334e+01,2.158798e+01,2.159490e+01,2.151875e+01,2.174704e+01,2.160182e+01,2.156721e+01,2.150489e+01,2.143560e+01,2.154645e+01,2.153260e+01,2.154645e+01,2.143560e+01,2.159490e+01,2.146332e+01,2.140787e+01,2.149796e+01,2.155337e+01,2.144946e+01,2.146332e+01,2.131770e+01,2.142867e+01,2.138013e+01,2.145639e+01,2.131076e+01,2.149104e+01,2.131770e+01,2.144253e+01,2.158798e+01,2.149796e+01,2.150489e+01,2.152567e+01,2.160874e+01,2.176777e+01,2.164334e+01,2.162258e+01,2.160874e+01,2.166409e+01,2.161566e+01,2.183684e+01,2.158106e+01,2.169866e+01,2.168483e+01,2.177468e+01,2.180922e+01,2.178159e+01,2.171940e+01,2.171248e+01,2.176777e+01,2.180922e+01,2.179540e+01,2.169175e+01,2.170557e+01,2.180231e+01,2.167792e+01,2.186445e+01,2.178850e+01,2.175395e+01,2.181612e+01,2.160874e+01,2.191965e+01,2.167100e+01,2.178850e+01,2.180922e+01,2.167792e+01,2.170557e+01,2.166409e+01,2.168483e+01,2.158798e+01,2.162950e+01
2.218835e+01,2.233274e+01,2.228463e+01,2.251122e+01,2.252494e+01,2.241516e+01,2.268940e+01,2.263461e+01,2.284676e+01,2.311304e+01,2.285360e+01,2.302436e+01,2.318121e+01,2.317439e+01,2.312668e+01,2.329699e+01,2.322209e+01,2.324252e+01,2.354174e+01,2.352136e+01,2.324252e+01,2.346022e+01,2.330379e+01,2.330379e+01,2.334462e+01,2.341944e+01,2.337183e+01,2.347381e+01,2.322209e+01,2.324933e+01,2.326295e+01,2.324933e+01,2.333101e+01,2.326295e+01,2.330379e+01,2.341264e+01,2.331060e+01,2.341264e+01,2.337864e+01,2.339224e+01,2.329018e+01,2.342623e+01,2.341944e+01,2.339224e+01,2.341264e+01,2.344662e+01,2.346022e+01,2.341944e+01,2.347381e+01,2.352136e+01,2.350778e+01,2.351457e+01,2.345342e+01,2.349419e+01,2.348060e+01,2.356890e+01,2.346701e+01,2.350778e+01,2.354174e+01,2.346022e+01,2.351457e+01,2.350099e+01,2.343983e+01,2.347381e+01,2.367068e+01,2.342623e+01,2.339224e+01,2.340584e+01,2.332421e+01,2.335143e+01,2.337864e+01,2.331060e+01,2.337183e+01,2.342623e+01,2.335143e+01,2.337864e+01,2.318802e+01,2.322890e+01,2.320846e+01,2.324933e+01,2.328337e+01,2.327656e+01,2.308576e+01,2.328337e+01,2.320165e+01,2.318802e+01,2.316076e+01,2.316758e+01,2.308576e+01,2.315395e+01,2.318121e+01,2.330379e+01,2.318802e+01,2.303801e+01,2.320846e+01,2.320846e+01,2.303118e+01,2.321527e+01,2.316758e+01,2.311304e+01,2.310622e+01,2.322209e+01,2.299023e+01,2.310622e+01,2.323571e+01,2.321527e+01,2.299023e+01,2.317439e+01,2.305848e+01,2.316076e+01,2.314031e+01,2.309258e+01,2.322890e+01,2.297657e+01,2.308576e+01,2.320846e+01,2.301753e+01,2.294926e+01,2.292194e+01,2.280573e+01,2.295609e+01,2.286727e+01,2.253866e+01,2.267571e+01,2.230525e+01,2.198172e+01,2.202997e+01,2.209886e+01,2.180231e+01,2.198172e+01,2.182303e+01,2.185755e+01,2.189206e+01,2.185755e+01,2.185065e+01,2.180922e+01,2.183684e+01,2.191276e+01,2.188516e+01,2.191965e+01,2.189206e+01,2.195414e+01,2.186445e+01,2.182303e+01,2.184374e+01,2.176777e+01,2.178850e+01,2.194035e+01,2.197483e+01,2.183684e+01,2.189896e+01,2.184374e+01,2.204376e+01,2.192655e+01,2.185065e+01,2.180231e+01,2.200241e+01,2.197483e+01,2.190586e+01,2.188516e+01,2.195414e+01,2.187825e+01,2.189206e+01,2.200241e+01,2.194725e+01,2.191965e+01,2.194725e+01,2.197483e+01,2.190586e+01,2.187825e+01,2.201619e+01,2.200930e+01,2.185755e+01,2.198172e+01,2.195414e+01,2.211263e+01,2.195414e+01,2.192655e+01,2.189206e+01,2.208509e+01,2.204376e+01,2.200930e+01,2.185065e+01,2.190586e+01,2.195414e+01,2.197483e+01,2.198862e+01,2.204376e+01,2.211952e+01,2.197483e+01,2.195414e+01,2.198172e+01,2.190586e+01,2.194035e+01,2.196104e+01,2.181612e+01,2.198172e+01,2.195414e+01,2.200930e+01,2.198172e+01,2.202308e+01,2.199551e+01,2.189896e+01,2.199551e+01,2.201619e+01,2.191276e+01,2.203687e+01,2.189896e+01,2.188516e+01,2.188516e+01,2.191276e+01,2.182993e+01,2.188516e+01,2.187135e+01,2.190586e+01,2.196104e+01,2.185755e+01,2.187135e+01,2.188516e+01,2.188516e+01,2.189896e+01,2.187135e+01,2.189896e+01,2.181612e+01,2.180922e+01,2.180922e+01,2.180231e+01,2.174704e+01,2.167100e+01,2.184374e+01,2.178850e+01,2.183684e+01,2.178850e+01,2.185065e+01,2.187825e+01,2.187135e+01,2.187825e+01,2.178159e+01,2.178159e+01,2.194035e+01,2.178159e+01,2.169175e+01,2.189206e+01,2.179540e+01,2.171248e+01,2.168483e+01,2.196793e+01,2.191965e+01,2.187135e+01,2.192655e+01,2.191965e+01,2.191965e+01,2.184374e+01,2.187135e+01,2.189896e+01,2.186445e+01,2.191965e+01,2.191276e+01,2.187825e+01,2.196793e+01,2.195414e+01,2.196104e+01,2.184374e+01,2.195414e+01,2.191276e+01,2.189896e+01,2.187825e+01,2.190586e+01,2.189896e+01,2.191965e+01,2.194725e+01,2.197483e+01,2.205754e+01,2.194035e+01,2.196793e+01,2.198862e+01,2.198862e+01,2.193345e+01,2.205754e+01,2.197483e+01,2.190586e+01,2.206442e+01,2.191276e+01,2.183684e+01,2.196104e+01,2.214706e+01,2.196793e+01,2.205754e+01,2.198172e+01,2.210575e+01,2.198862e+01,2.213329e+01,2.209198e+01,2.196104e+01,2.207131e+01,2.217459e+01,2.205754e+01,2.203687e+01,2.201619e+01,2.185755e+01,2.200241e+01,2.189896e+01,2.196793e+01,2.196104e+01,2.200930e+01,2.183684e+01,2.185065e+01,2.178159e+01,2.198172e+01,2.187825e+01,2.189896e+01,2.183684e+01,2.184374e+01,2.178159e+01,2.165717e+01,2.176086e+01,2.181612e+01,2.176086e+01,2.182993e+01,2.168483e+01,2.186445e+01,2.193345e+01,2.204376e+01,2.185755e+01,2.196104e+01,2.190586e+01,2.205065e+01,2.198862e+01,2.199551e+01,2.198862e+01,2.194035e+01,2.214706e+01,2.198862e+01,2.205065e+01,2.207131e+01,2.216082e+01,2.212641e+01,2.217459e+01,2.216771e+01,2.211952e+01,2.210575e+01,2.210575e+01,2.221587e+01,2.209198e+01,2.210575e+01,2.207820e+01,2.207820e+01,2.204376e+01,2.196793e+01,2.215394e+01,2.215394e+01,2.209886e+01,2.214706e+01,2.220899e+01,2.202308e+01,2.209198e+01,2.205754e+01,2.202308e+01,2.205754e+01,2.207820e+01,2.206442e+01,2.208509e+01,2.212641e+01,2.211263e+01,2.201619e+01,2.207131e+01,2.213329e+01,2.206442e+01,2.207820e+01,2.205065e+01,2.205754e+01,2.202997e+01,2.196104e+01,2.204376e+01,2.211263e+01,2.214017e+01,2.206442e+01,2.209886e+01,2.202997e+01,2.199551e+01,2.210575e+01,2.210575e+01,2.198862e+01,2.200930e+01,2.200241e+01,2.196104e+01,2.205065e+01,2.207820e+01,2.205065e+01,2.202308e+01,2.202997e+01,2.197483e+01,2.190586e+01,2.198862e+01,2.188516e+01,2.215394e+01,2.202997e+01,2.190586e+01,2.197483e+01,2.207131e+01,2.196104e+01,2.188516e+01,2.202997e+01,2.181612e+01,2.200241e+01,2.200241e+01,2.191965e+01,2.212641e+01,2.193345e+01,2.199551e+01,2.197483e+01,2.197483e+01,2.195414e+01,2.196104e+01,2.192655e+01,2.201619e+01,2.190586e+01,2.195414e+01,2.195414e+01,2.194725e+01,2.203687e+01,2.204376e+01,2.204376e+01,2.202308e+01,2.208509e+01,2.205065e+01,2.201619e+01,2.200930e+01,2.227776e+01,2.209198e+01,2.202997e+01,2.206442e+01,2.214017e+01,2.207820e+01,2.207131e+01,2.205065e+01,2.198862e+01,2.207131e+01,2.216771e+01,2.207131e+01,2.225026e+01,2.206442e+01,2.222962e+01,2.225713e+01,2.216771e+01,2.209886e+01,2.211952e+01,2.211952e+01,2.224338e+01,2.218147e+01,2.222275e+01,2.216082e+01,2.220211e+01,2.219523e+01,2.217459e+01,2.216771e+01,2.213329e+01,2.210575e+01,2.206442e+01,2.216771e+01,2.215394e+01,2.217459e+01,2.218147e+01,2.216082e+01,2.216082e+01,2.214706e+01,2.218835e+01,2.218147e+01,2.214017e+01,2.208509e+01,2.214706e+01,2.217459e+01,2.213329e+01,2.211952e+01,2.214017e+01,2.211952e+01,2.221587e+01,2.210575e+01,2.215394e+01,2.218835e+01,2.207131e+01,2.213329e+01,2.215394e+01,2.217459e+01,2.212641e+01,2.206442e+01,2.214017e+01,2.205065e+01,2.207820e+01,2.205754e+01,2.210575e+01,2.210575e+01,2.211952e+01,2.211263e+01,2.202308e+01,2.200241e+01,2.198862e+01,2.203687e+01,2.196793e+01,2.200241e+01,2.195414e+01,2.189896e+01,2.205754e+01,2.194035e+01,2.196793e+01,2.195414e+01,2.213329e+01,2.184374e+01,2.186445e+01,2.189896e+01,2.187135e+01,2.190586e+01,2.177468e+01,2.176086e+01,2.181612e+01,2.169175e+01,2.165717e+01,2.182993e+01,2.169866e+01,2.169866e+01,2.171248e+01,2.163642e+01,2.177468e+01,2.170557e+01,2.167100e+01,2.164334e+01,2.178159e+01,2.165025e+01,2.165717e+01,2.158106e+01,2.165025e+01,2.160874e+01,2.167100e+01,2.158798e+01,2.160182e+01,2.163642e+01,2.165025e+01,2.173322e+01,2.160874e+01,2.156029e+01,2.167100e+01,2.146332e+01,2.168483e+01,2.147718e+01,2.169866e+01,2.146332e+01,2.156721e+01,2.170557e+01,2.158798e+01,2.167100e+01,2.151182e+01,2.168483e+01,2.170557e+01,2.169866e+01,2.162950e+01,2.134545e+01,2.166409e+01,2.161566e+01,2.162950e+01,2.172631e+01,2.151182e+01,2.158798e+01,2.162258e+01,2.159490e+01,2.156029e+01,2.166409e+01,2.158798e+01,2.167100e+01,2.152567e+01,2.153260e+01,2.160874e+01,2.169866e+01,2.167792e+01,2.149796e+01,2.158106e+01,2.157414e+01,2.169866e+01,2.162258e+01,2.156029e+01,2.157414e+01,2.140787e+01,2.141480e+01,2.149104e+01,2.159490e+01,2.147718e+01,2.160874e+01,2.144253e+01,2.153952e+01,2.150489e+01,2.136626e+01,2.131770e+01,2.131076e+01,2.149104e+01,2.138013e+01,2.138013e+01,2.138013e+01,2.143560e+01,2.146332e+01,2.149104e+01,2.151875e+01,2.151875e+01,2.147025e+01,2.167792e+01,2.157414e+01,2.171940e+01,2.174013e+01,2.161566e+01,2.167100e+01,2.170557e+01,2.157414e+01,2.167100e+01,2.164334e+01,2.182303e+01,2.165717e+01,2.180922e+01,2.172631e+01,2.167100e+01,2.171940e+01,2.173322e+01,2.149796e+01,2.178850e+01,2.174704e+01,2.174013e+01,2.169175e+01,2.165025e+01,2.176086e+01,2.174013e+01,2.176777e+01,2.180231e+01,2.179540e+01,2.168483e+01,2.179540e+01,2.169866e+01,2.180231e+01,2.166409e+01,2.162950e+01,2.164334e+01,2.164334e+01,2.165025e+01,2.160182e+01
2.216082e+01,2.214017e+01,2.238769e+01,2.241516e+01,2.267571e+01,2.247692e+01,2.266886e+01,2.269625e+01,2.296292e+01,2.283993e+01,2.293560e+01,2.299023e+01,2.322890e+01,2.318121e+01,2.310622e+01,2.333101e+01,2.331740e+01,2.316758e+01,2.342623e+01,2.330379e+01,2.343983e+01,2.329699e+01,2.338544e+01,2.331060e+01,2.336503e+01,2.343303e+01,2.319484e+01,2.328337e+01,2.328337e+01,2.328337e+01,2.333782e+01,2.331740e+01,2.312668e+01,2.324252e+01,2.330379e+01,2.327656e+01,2.331060e+01,2.329699e+01,2.331740e+01,2.333101e+01,2.337864e+01,2.336503e+01,2.351457e+01,2.333782e+01,2.347381e+01,2.337864e+01,2.346701e+01,2.350778e+01,2.350099e+01,2.350099e+01,2.346022e+01,2.341944e+01,2.346022e+01,2.344662e+01,2.344662e+01,2.346022e+01,2.349419e+01,2.355532e+01,2.355532e+01,2.360283e+01,2.353495e+01,2.358926e+01,2.352136e+01,2.341944e+01,2.344662e+01,2.352816e+01,2.343983e+01,2.339904e+01,2.356211e+01,2.341264e+01,2.331740e+01,2.329699e+01,2.341264e+01,2.333782e+01,2.333101e+01,2.318802e+01,2.331740e+01,2.321527e+01,2.325614e+01,2.322209e+01,2.326976e+01,2.329699e+01,2.321527e+01,2.317439e+01,2.317439e+01,2.314713e+01,2.312668e+01,2.319484e+01,2.317439e+01,2.311986e+01,2.308576e+01,2.328337e+01,2.322890e+01,2.323571e+01,2.317439e+01,2.315395e+01,2.318121e+01,2.313350e+01,2.325614e+01,2.308576e+01,2.308576e+01,2.310622e+01,2.305165e+01,2.322890e+01,2.316758e+01,2.309940e+01,2.318802e+01,2.308576e+01,2.307212e+01,2.312668e+01,2.305165e+01,2.302436e+01,2.307212e+01,2.310622e+01,2.319484e+01,2.311304e+01,2.311986e+01,2.308576e+01,2.286043e+01,2.281257e+01,2.270994e+01,2.258665e+01,2.236709e+01,2.248379e+01,2.225713e+01,2.187135e+01,2.201619e+01,2.216771e+01,2.187135e+01,2.199551e+01,2.189896e+01,2.190586e+01,2.222275e+01,2.187825e+01,2.187825e+01,2.194035e+01,2.189896e+01,2.189206e+01,2.185755e+01,2.177468e+01,2.176777e+01,2.183684e+01,2.187825e+01,2.196793e+01,2.187135e+01,2.185065e+01,2.191276e+01,2.187135e+01,2.181612e+01,2.189896e+01,2.189206e+01,2.200241e+01,2.206442e+01,2.191276e+01,2.187825e+01,2.183684e+01,2.191276e+01,2.196793e+01,2.189206e+01,2.191965e+01,2.193345e+01,2.192655e+01,2.191276e+01,2.192655e+01,2.200930e+01,2.188516e+01,2.193345e+01,2.185755e+01,2.192655e+01,2.196104e+01,2.202308e+01,2.214017e+01,2.190586e+01,2.207820e+01,2.197483e+01,2.200241e+01,2.205065e+01,2.200930e+01,2.200930e+01,2.197483e+01,2.191276e+01,2.193345e+01,2.185755e+01,2.194725e+01,2.196793e+01,2.198172e+01,2.199551e+01,2.189896e+01,2.212641e+01,2.196104e+01,2.206442e+01,2.193345e+01,2.194725e+01,2.188516e+01,2.205065e+01,2.200241e+01,2.207820e+01,2.198862e+01,2.192655e+01,2.207820e+01,2.199551e+01,2.192655e+01,2.200241e+01,2.200930e+01,2.191965e+01,2.202997e+01,2.189896e+01,2.191276e+01,2.191276e+01,2.198862e+01,2.191965e+01,2.187825e+01,2.189896e+01,2.196793e+01,2.196793e+01,2.196104e+01,2.189896e+01,2.194035e+01,2.182993e+01,2.191276e+01,2.182993e+01,2.186445e+01,2.186445e+01,2.179540e+01,2.185065e+01,2.183684e+01,2.183684e+01,2.182303e+01,2.188516e+01,2.183684e+01,2.165717e+01,2.178159e+01,2.191276e+01,2.187135e+01,2.182993e+01,2.196104e+01,2.195414e+01,2.187135e+01,2.184374e+01,2.189896e+01,2.195414e+01,2.177468e+01,2.195414e+01,2.193345e+01,2.174704e+01,2.186445e+01,2.188516e+01,2.189206e+01,2.189206e+01,2.191276e+01,2.191276e+01,2.194035e+01,2.191276e+01,2.193345e+01,2.192655e+01,2.188516e+01,2.189206e+01,2.186445e+01,2.194035e+01,2.193345e+01,2.192655e+01,2.202997e+01,2.188516e+01,2.196104e+01,2.189896e+01,2.186445e+01,2.205754e+01,2.187825e+01,2.211263e+01,2.200930e+01,2.189896e+01,2.202308e+01,2.189206e+01,2.189896e+01,2.191965e+01,2.198172e+01,2.207131e+01,2.209886e+01,2.209886e+01,2.207820e+01,2.192655e+01,2.207131e+01,2.195414e+01,2.210575e+01,2.195414e+01,2.220211e+01,2.192655e+01,2.218147e+01,2.209886e+01,2.204376e+01,2.211263e+01,2.199551e+01,2.215394e+01,2.207131e+01,2.206442e+01,2.211263e+01,2.206442e+01,2.200241e+01,2.210575e+01,2.194725e+01,2.188516e+01,2.200241e+01,2.198172e+01,2.196104e+01,2.196104e+01,2.194725e+01,2.180231e+01,2.184374e+01,2.196793e+01,2.179540e+01,2.180231e+01,2.170557e+01,2.182303e+01,2.187825e+01,2.187135e+01,2.182303e+01,2.170557e+01,2.181612e+01,2.186445e+01,2.182993e+01,2.207131e+01,2.183684e+01,2.202308e+01,2.190586e+01,2.193345e+01,2.194725e+01,2.190586e+01,2.199551e+01,2.218835e+01,2.195414e+01,2.198172e+01,2.189206e+01,2.210575e+01,2.210575e+01,2.214017e+01,2.218147e+01,2.213329e+01,2.204376e+01,2.206442e+01,2.215394e+01,2.205754e+01,2.212641e+01,2.211952e+01,2.217459e+01,2.209886e+01,2.211952e+01,2.210575e+01,2.212641e+01,2.198172e+01,2.216771e+01,2.200930e+01,2.214706e+01,2.215394e+01,2.211952e+01,2.217459e+01,2.214017e+01,2.207820e+01,2.209886e+01,2.211952e+01,2.207131e+01,2.204376e+01,2.205754e+01,2.209886e+01,2.209198e+01,2.211263e+01,2.211952e+01,2.213329e+01,2.215394e+01,2.207820e+01,2.199551e+01,2.211263e+01,2.210575e+01,2.192655e+01,2.197483e+01,2.194035e+01,2.197483e+01,2.211263e+01,2.180231e+01,2.190586e+01,2.203687e+01,2.204376e+01,2.196793e+01,2.194725e+01,2.209198e+01,2.202997e+01,2.197483e+01,2.200241e+01,2.205065e+01,2.199551e+01,2.190586e+01,2.202308e+01,2.204376e+01,2.191965e+01,2.200930e+01,2.188516e+01,2.204376e+01,2.196104e+01,2.197483e+01,2.198862e+01,2.186445e+01,2.184374e+01,2.198172e+01,2.205754e+01,2.181612e+01,2.201619e+01,2.196104e+01,2.192655e+01,2.190586e+01,2.209886e+01,2.191276e+01,2.195414e+01,2.195414e+01,2.194725e+01,2.190586e+01,2.200930e+01,2.191965e+01,2.191276e+01,2.192655e+01,2.185755e+01,2.194725e+01,2.198172e+01,2.202308e+01,2.209198e+01,2.206442e+01,2.205754e+01,2.207131e+01,2.202308e+01,2.201619e+01,2.204376e+01,2.204376e+01,2.205065e+01,2.203687e+01,2.206442e+01,2.210575e+01,2.202997e+01,2.207820e+01,2.225713e+01,2.224338e+01,2.216082e+01,2.211952e+01,2.223650e+01,2.222275e+01,2.231212e+01,2.207131e+01,2.217459e+01,2.220211e+01,2.210575e+01,2.220211e+01,2.217459e+01,2.221587e+01,2.222275e+01,2.220211e+01,2.214706e+01,2.211263e+01,2.210575e+01,2.220211e+01,2.209886e+01,2.218147e+01,2.216771e+01,2.214017e+01,2.216082e+01,2.217459e+01,2.218147e+01,2.201619e+01,2.211952e+01,2.218835e+01,2.216771e+01,2.214017e+01,2.212641e+01,2.225026e+01,2.207131e+01,2.218147e+01,2.214017e+01,2.223650e+01,2.216082e+01,2.210575e+01,2.224338e+01,2.212641e+01,2.206442e+01,2.223650e+01,2.220211e+01,2.218835e+01,2.207820e+01,2.216082e+01,2.216082e+01,2.207820e+01,2.218835e+01,2.209886e+01,2.221587e+01,2.209886e+01,2.211263e+01,2.211952e+01,2.210575e+01,2.211952e+01,2.200930e+01,2.212641e+01,2.198172e+01,2.197483e+01,2.211952e+01,2.199551e+01,2.196793e+01,2.197483e+01,2.195414e+01,2.207820e+01,2.199551e+01,2.183684e+01,2.199551e+01,2.194035e+01,2.192655e+01,2.176777e+01,2.176086e+01,2.183684e+01,2.171248e+01,2.166409e+01,2.168483e+01,2.176086e+01,2.183684e+01,2.182993e+01,2.164334e+01,2.160874e+01,2.176086e+01,2.164334e+01,2.167792e+01,2.169175e+01,2.180922e+01,2.165717e+01,2.167100e+01,2.171248e+01,2.167100e+01,2.160182e+01,2.157414e+01,2.164334e+01,2.160874e+01,2.154645e+01,2.167792e+01,2.169866e+01,2.162950e+01,2.164334e+01,2.152567e+01,2.151182e+01,2.169866e+01,2.155337e+01,2.158106e+01,2.170557e+01,2.155337e+01,2.153952e+01,2.169866e+01,2.161566e+01,2.170557e+01,2.165025e+01,2.151875e+01,2.162950e+01,2.167100e+01,2.167792e+01,2.143560e+01,2.162950e+01,2.174704e+01,2.156721e+01,2.154645e+01,2.160182e+01,2.168483e+01,2.160182e+01,2.149104e+01,2.162258e+01,2.165717e+01,2.164334e+01,2.158798e+01,2.174013e+01,2.169866e+01,2.150489e+01,2.154645e+01,2.170557e+01,2.172631e+01,2.160182e+01,2.167792e+01,2.153260e+01,2.160182e+01,2.144946e+01,2.149104e+01,2.152567e+01,2.161566e+01,2.153260e+01,2.150489e+01,2.161566e+01,2.138707e+01,2.150489e+01,2.142174e+01,2.155337e+01,2.148411e+01,2.152567e+01,2.150489e+01,2.147025e+01,2.142174e+01,2.142174e+01,2.142867e+01,2.141480e+01,2.146332e+01,2.122050e+01,2.147718e+01,2.147025e+01,2.143560e+01,2.156029e+01,2.167792e+01,2.147025e+01,2.158798e+01,2.153260e+01,2.162258e+01,2.167792e+01,2.173322e+01,2.169866e+01,2.168483e+01,2.171940e+01,2.164334e+01,2.181612e+01,2.180231e+01,2.176777e+01,2.160874e+01,2.166409e+01,2.176777e+01,2.167100e+01,2.174013e+01,2.174704e+01,2.175395e+01,2.172631e+01,2.169866e+01,2.173322e+01,2.169175e+01,2.174704e+01,2.162950e+01,2.173322e+01,2.170557e+01,2.164334e+01,2.174013e+01,2.165717e+01,2.165025e+01,2.167792e+01,2.162258e+01,2.181612e+01,2.157414e+01,2.151182e+01
2.233961e+01,2.222962e+01,2.231900e+01,2.242888e+01,2.247006e+01,2.236022e+01,2.262091e+01,2.273047e+01,2.263461e+01,2.294926e+01,2.312668e+01,2.314713e+01,2.297657e+01,2.302436e+01,2.335823e+01,2.327656e+01,2.304483e+01,2.315395e+01,2.341264e+01,2.346701e+01,2.335823e+01,2.360283e+01,2.349419e+01,2.349419e+01,2.339224e+01,2.335143e+01,2.341944e+01,2.321527e+01,2.314031e+01,2.326976e+01,2.329018e+01,2.324933e+01,2.335823e+01,2.329699e+01,2.329018e+01,2.331740e+01,2.342623e+01,2.332421e+01,2.343983e+01,2.340584e+01,2.334462e+01,2.338544e+01,2.339904e+01,2.322209e+01,2.335143e+01,2.332421e+01,2.348060e+01,2.339904e+01,2.341944e+01,2.337183e+01,2.326295e+01,2.345342e+01,2.347381e+01,2.346022e+01,2.323571e+01,2.352816e+01,2.351457e+01,2.346701e+01,2.352816e+01,2.354853e+01,2.351457e+01,2.353495e+01,2.353495e+01,2.346701e+01,2.346022e+01,2.346701e+01,2.346022e+01,2.341944e+01,2.348740e+01,2.335143e+01,2.340584e+01,2.335823e+01,2.337183e+01,2.336503e+01,2.337183e+01,2.327656e+01,2.318121e+01,2.311304e+01,2.322890e+01,2.324252e+01,2.330379e+01,2.311986e+01,2.312668e+01,2.314713e+01,2.314713e+01,2.305165e+01,2.318802e+01,2.309258e+01,2.303801e+01,2.318802e+01,2.314713e+01,2.313350e+01,2.303801e+01,2.305848e+01,2.302436e+01,2.308576e+01,2.309940e+01,2.318802e+01,2.308576e+01,2.307212e+01,2.305848e+01,2.314031e+01,2.322209e+01,2.322890e+01,2.306530e+01,2.307212e+01,2.302436e+01,2.311986e+01,2.307212e+01,2.307212e+01,2.303801e+01,2.309258e+01,2.309258e+01,2.299706e+01,2.299023e+01,2.307894e+01,2.283993e+01,2.292194e+01,2.285360e+01,2.275785e+01,2.285360e+01,2.274416e+01,2.234648e+01,2.231900e+01,2.211263e+01,2.193345e+01,2.202308e+01,2.206442e+01,2.187135e+01,2.201619e+01,2.186445e+01,2.201619e+01,2.187135e+01,2.176086e+01,2.190586e+01,2.187825e+01,2.187825e+01,2.191276e+01,2.182993e+01,2.196104e+01,2.185065e+01,2.191965e+01,2.186445e+01,2.187135e+01,2.181612e+01,2.188516e+01,2.188516e+01,2.193345e+01,2.196793e+01,2.181612e+01,2.192655e+01,2.179540e+01,2.185755e+01,2.196104e+01,2.167792e+01,2.185065e+01,2.180231e+01,2.198172e+01,2.194725e+01,2.178159e+01,2.194035e+01,2.176777e+01,2.194725e+01,2.200241e+01,2.201619e+01,2.194035e+01,2.189896e+01,2.196793e+01,2.187135e+01,2.189896e+01,2.192655e+01,2.196104e+01,2.209886e+01,2.191965e+01,2.196104e+01,2.198172e+01,2.211952e+01,2.190586e+01,2.193345e+01,2.198172e+01,2.190586e+01,2.196793e+01,2.196793e+01,2.194035e+01,2.187135e+01,2.191965e+01,2.197483e+01,2.200930e+01,2.189896e+01,2.196793e+01,2.199551e+01,2.202308e+01,2.205065e+01,2.216082e+01,2.191276e+01,2.193345e+01,2.189206e+01,2.210575e+01,2.192655e+01,2.198172e+01,2.198172e+01,2.191965e+01,2.198862e+01,2.195414e+01,2.191965e+01,2.203687e+01,2.190586e+01,2.195414e+01,2.190586e+01,2.191276e+01,2.182303e+01,2.185065e+01,2.191276e+01,2.187825e+01,2.194035e+01,2.196104e+01,2.197483e+01,2.187825e+01,2.180231e+01,2.202308e+01,2.188516e+01,2.189896e+01,2.188516e+01,2.189896e+01,2.180231e+01,2.181612e+01,2.191276e+01,2.204376e+01,2.181612e+01,2.186445e+01,2.186445e+01,2.180231e+01,2.173322e+01,2.180231e+01,2.184374e+01,2.182303e+01,2.178850e+01,2.186445e+01,2.185065e+01,2.187135e+01,2.185065e+01,2.187825e+01,2.178850e+01,2.185755e+01,2.189206e+01,2.189896e+01,2.188516e+01,2.198862e+01,2.209886e+01,2.185065e+01,2.185755e+01,2.183684e+01,2.185755e+01,2.185065e+01,2.192655e+01,2.196104e+01,2.188516e+01,2.188516e+01,2.194035e+01,2.209198e+01,2.189896e+01,2.198862e+01,2.199551e+01,2.186445e+01,2.201619e+01,2.202997e+01,2.194035e+01,2.198172e+01,2.194035e+01,2.196793e+01,2.198172e+01,2.191276e+01,2.194035e+01,2.199551e+01,2.198862e+01,2.202997e+01,2.196104e+01,2.205754e+01,2.207131e+01,2.222275e+01,2.214706e+01,2.211952e+01,2.209198e+01,2.194725e+01,2.198862e+01,2.206442e+01,2.209198e+01,2.209198e+01,2.194035e+01,2.200930e+01,2.201619e+01,2.221587e+01,2.222275e+01,2.204376e+01,2.213329e+01,2.201619e+01,2.206442e+01,2.199551e+01,2.195414e+01,2.196793e+01,2.194725e+01,2.197483e+01,2.192655e+01,2.197483e+01,2.207820e+01,2.186445e+01,2.194035e+01,2.184374e+01,2.172631e+01,2.196793e+01,2.169866e+01,2.182993e+01,2.175395e+01,2.181612e+01,2.180231e+01,2.184374e+01,2.180231e+01,2.179540e+01,2.185065e+01,2.182993e+01,2.187825e+01,2.188516e+01,2.200241e+01,2.203687e+01,2.191276e+01,2.194035e+01,2.197483e+01,2.193345e+01,2.193345e+01,2.213329e+01,2.196104e+01,2.196104e+01,2.189206e+01,2.184374e+01,2.210575e+01,2.210575e+01,2.204376e+01,2.209886e+01,2.216771e+01,2.214706e+01,2.213329e+01,2.217459e+01,2.214706e+01,2.216082e+01,2.212641e+01,2.219523e+01,2.213329e+01,2.205754e+01,2.220211e+01,2.216082e+01,2.207131e+01,2.218147e+01,2.214017e+01,2.215394e+01,2.211952e+01,2.214017e+01,2.211952e+01,2.209886e+01,2.209886e+01,2.206442e+01,2.209886e+01,2.209198e+01,2.209198e+01,2.206442e+01,2.209198e+01,2.211263e+01,2.206442e+01,2.203687e+01,2.214017e+01,2.208509e+01,2.203687e+01,2.203687e+01,2.205065e+01,2.209886e+01,2.205754e+01,2.198862e+01,2.211263e+01,2.204376e+01,2.205065e+01,2.203687e+01,2.202308e+01,2.202997e+01,2.194725e+01,2.203687e+01,2.201619e+01,2.202997e+01,2.195414e+01,2.202308e+01,2.191965e+01,2.201619e+01,2.202997e+01,2.196104e+01,2.206442e+01,2.194035e+01,2.196793e+01,2.200930e+01,2.199551e+01,2.202997e+01,2.191276e+01,2.190586e+01,2.197483e+01,2.201619e+01,2.186445e+01,2.190586e+01,2.207820e+01,2.189896e+01,2.189206e+01,2.189206e+01,2.194035e+01,2.192655e+01,2.200930e+01,2.198172e+01,2.197483e+01,2.194725e+01,2.191276e+01,2.191965e+01,2.193345e+01,2.205754e+01,2.191276e+01,2.196104e+01,2.196793e+01,2.202997e+01,2.203687e+01,2.195414e+01,2.205754e+01,2.205754e+01,2.205065e+01,2.202308e+01,2.201619e+01,2.209198e+01,2.207820e+01,2.207820e+01,2.205065e+01,2.206442e+01,2.218835e+01,2.209198e+01,2.227088e+01,2.205065e+01,2.216082e+01,2.222275e+01,2.229838e+01,2.225026e+01,2.220211e+01,2.231212e+01,2.229151e+01,2.218835e+01,2.222962e+01,2.218835e+01,2.212641e+01,2.218147e+01,2.216771e+01,2.210575e+01,2.215394e+01,2.219523e+01,2.214706e+01,2.219523e+01,2.214706e+01,2.220211e+01,2.215394e+01,2.215394e+01,2.216771e+01,2.216082e+01,2.218147e+01,2.213329e+01,2.212641e+01,2.209198e+01,2.225026e+01,2.215394e+01,2.214706e+01,2.223650e+01,2.212641e+01,2.215394e+01,2.200930e+01,2.216771e+01,2.212641e+01,2.210575e+01,2.209198e+01,2.207131e+01,2.221587e+01,2.217459e+01,2.223650e+01,2.208509e+01,2.215394e+01,2.211952e+01,2.213329e+01,2.199551e+01,2.204376e+01,2.211952e+01,2.200930e+01,2.209886e+01,2.200241e+01,2.211952e+01,2.209886e+01,2.209886e+01,2.207131e+01,2.209886e+01,2.208509e+01,2.211263e+01,2.171940e+01,2.198172e+01,2.198172e+01,2.200930e+01,2.197483e+01,2.197483e+01,2.196104e+01,2.199551e+01,2.201619e+01,2.182993e+01,2.193345e+01,2.186445e+01,2.184374e+01,2.179540e+01,2.179540e+01,2.173322e+01,2.178850e+01,2.173322e+01,2.176777e+01,2.171940e+01,2.178159e+01,2.173322e+01,2.158798e+01,2.168483e+01,2.157414e+01,2.145639e+01,2.164334e+01,2.160874e+01,2.173322e+01,2.160182e+01,2.170557e+01,2.166409e+01,2.163642e+01,2.142867e+01,2.162258e+01,2.164334e+01,2.174013e+01,2.158798e+01,2.162258e+01,2.171248e+01,2.160182e+01,2.168483e+01,2.168483e+01,2.158106e+01,2.158798e+01,2.154645e+01,2.166409e+01,2.153952e+01,2.140787e+01,2.172631e+01,2.168483e+01,2.158106e+01,2.165025e+01,2.163642e+01,2.169175e+01,2.165025e+01,2.163642e+01,2.165717e+01,2.158106e+01,2.165717e+01,2.158106e+01,2.165717e+01,2.167792e+01,2.164334e+01,2.160874e+01,2.168483e+01,2.169175e+01,2.168483e+01,2.176086e+01,2.168483e+01,2.150489e+01,2.169175e+01,2.156721e+01,2.158106e+01,2.151182e+01,2.142174e+01,2.171248e+01,2.169866e+01,2.149796e+01,2.147718e+01,2.148411e+01,2.158798e+01,2.153260e+01,2.147718e+01,2.147718e+01,2.153260e+01,2.147718e+01,2.144253e+01,2.151182e+01,2.146332e+01,2.143560e+01,2.148411e+01,2.145639e+01,2.131770e+01,2.147718e+01,2.142867e+01,2.143560e+01,2.140787e+01,2.140787e+01,2.141480e+01,2.135933e+01,2.148411e+01,2.142867e+01,2.151875e+01,2.150489e+01,2.149104e+01,2.158106e+01,2.160874e+01,2.156721e+01,2.157414e+01,2.163642e+01,2.179540e+01,2.158106e+01,2.167792e+01,2.165717e+01,2.194725e+01,2.174704e+01,2.171248e+01,2.166409e+01,2.167792e+01,2.173322e+01,2.167100e+01,2.176086e+01,2.176777e+01,2.151182e+01,2.161566e+01,2.151182e+01,2.173322e+01,2.171940e+01,2.187135e+01,2.139400e+01,2.162950e+01,2.180231e+01,2.167792e+01,2.162950e+01,2.183684e+01,2.172631e+01,2.176086e+01,2.167792e+01,2.161566e+01,2.158106e+01,2.162950e+01
2.231900e+01,2.216771e+01,2.228463e+01,2.220899e+01,2.239456e+01,2.244261e+01,2.260035e+01,2.276469e+01,2.264146e+01,2.292877e+01,2.291510e+01,2.300388e+01,2.307894e+01,2.306530e+01,2.331060e+01,2.311986e+01,2.309940e+01,2.333101e+01,2.330379e+01,2.342623e+01,2.333101e+01,2.346701e+01,2.326976e+01,2.337183e+01,2.334462e+01,2.338544e+01,2.315395e+01,2.333782e+01,2.313350e+01,2.336503e+01,2.326295e+01,2.327656e+01,2.329699e+01,2.330379e+01,2.331740e+01,2.331060e+01,2.337183e+01,2.339224e+01,2.335143e+01,2.334462e+01,2.346701e+01,2.340584e+01,2.328337e+01,2.340584e+01,2.341944e+01,2.334462e+01,2.346701e+01,2.328337e+01,2.337183e+01,2.339224e+01,2.336503e+01,2.340584e+01,2.348740e+01,2.356211e+01,2.344662e+01,2.351457e+01,2.353495e+01,2.356890e+01,2.337864e+01,2.356211e+01,2.344662e+01,2.360283e+01,2.349419e+01,2.348060e+01,2.367746e+01,2.354174e+01,2.349419e+01,2.341264e+01,2.331060e+01,2.331060e+01,2.334462e+01,2.338544e+01,2.338544e+01,2.323571e+01,2.325614e+01,2.328337e+01,2.322890e+01,2.318121e+01,2.307894e+01,2.318121e+01,2.323571e+01,2.319484e+01,2.322209e+01,2.314713e+01,2.303801e+01,2.316758e+01,2.316076e+01,2.314031e+01,2.314031e+01,2.316758e+01,2.285360e+01,2.313350e+01,2.304483e+01,2.294926e+01,2.318802e+01,2.301753e+01,2.314713e+01,2.312668e+01,2.306530e+01,2.313350e+01,2.313350e+01,2.300388e+01,2.307894e+01,2.305165e+01,2.305848e+01,2.308576e+01,2.305848e+01,2.306530e+01,2.303801e+01,2.310622e+01,2.303118e+01,2.292877e+01,2.287410e+01,2.302436e+01,2.292877e+01,2.301071e+01,2.283309e+01,2.285360e+01,2.283993e+01,2.285360e+01,2.275101e+01,2.260035e+01,2.247006e+01,2.228463e+01,2.201619e+01,2.187135e+01,2.204376e+01,2.185755e+01,2.187825e+01,2.191276e+01,2.182303e+01,2.189896e+01,2.180922e+01,2.180922e+01,2.179540e+01,2.182993e+01,2.186445e+01,2.182303e+01,2.202308e+01,2.181612e+01,2.196793e+01,2.177468e+01,2.185755e+01,2.191965e+01,2.186445e+01,2.189206e+01,2.183684e+01,2.182303e+01,2.193345e+01,2.183684e+01,2.176086e+01,2.194725e+01,2.182993e+01,2.187825e+01,2.185755e+01,2.187135e+01,2.186445e+01,2.191965e+01,2.208509e+01,2.196104e+01,2.194035e+01,2.195414e+01,2.189206e+01,2.180922e+01,2.187825e+01,2.196793e+01,2.187825e+01,2.181612e+01,2.193345e+01,2.189896e+01,2.180922e+01,2.196793e+01,2.189206e+01,2.198862e+01,2.186445e+01,2.200241e+01,2.205065e+01,2.200930e+01,2.190586e+01,2.196104e+01,2.196104e+01,2.196104e+01,2.198172e+01,2.185755e+01,2.187135e+01,2.182303e+01,2.194725e+01,2.198172e+01,2.216082e+01,2.205754e+01,2.199551e+01,2.196793e+01,2.200930e+01,2.194725e+01,2.196793e+01,2.205065e+01,2.194035e+01,2.191276e+01,2.205065e+01,2.191276e+01,2.197483e+01,2.196793e+01,2.194725e+01,2.198172e+01,2.196104e+01,2.195414e+01,2.191965e+01,2.193345e+01,2.202997e+01,2.196104e+01,2.190586e+01,2.187825e+01,2.198172e+01,2.196104e+01,2.191276e+01,2.193345e+01,2.196104e+01,2.191276e+01,2.196793e+01,2.193345e+01,2.183684e+01,2.180231e+01,2.188516e+01,2.196793e+01,2.199551e+01,2.188516e+01,2.203687e+01,2.177468e+01,2.184374e+01,2.196793e+01,2.182303e+01,2.190586e+01,2.181612e+01,2.179540e+01,2.180231e+01,2.186445e+01,2.186445e+01,2.194725e+01,2.188516e+01,2.178850e+01,2.185755e+01,2.174013e+01,2.178159e+01,2.194035e+01,2.187135e+01,2.188516e+01,2.187825e+01,2.185065e+01,2.195414e+01,2.185755e+01,2.184374e+01,2.193345e+01,2.185065e+01,2.191965e+01,2.193345e+01,2.194725e+01,2.191276e+01,2.193345e+01,2.193345e+01,2.196104e+01,2.205754e+01,2.194725e+01,2.198172e+01,2.203687e+01,2.196104e+01,2.198862e+01,2.197483e+01,2.180922e+01,2.198862e+01,2.210575e+01,2.195414e+01,2.199551e+01,2.194725e+01,2.204376e+01,2.201619e+01,2.205754e+01,2.197483e+01,2.207820e+01,2.192655e+01,2.217459e+01,2.211263e+01,2.203687e+01,2.209198e+01,2.204376e+01,2.218147e+01,2.225026e+01,2.220211e+01,2.206442e+01,2.211263e+01,2.216082e+01,2.210575e+01,2.215394e+01,2.216082e+01,2.212641e+01,2.207131e+01,2.211263e+01,2.203687e+01,2.206442e+01,2.206442e+01,2.207820e+01,2.194035e+01,2.194035e+01,2.200241e+01,2.195414e+01,2.202997e+01,2.187825e+01,2.192655e+01,2.188516e+01,2.191276e+01,2.187135e+01,2.195414e+01,2.181612e+01,2.179540e+01,2.182993e+01,2.188516e+01,2.178159e+01,2.206442e+01,2.182993e+01,2.183684e+01,2.186445e+01,2.186445e+01,2.193345e+01,2.189896e+01,2.200930e+01,2.191965e+01,2.196793e+01,2.193345e+01,2.190586e+01,2.212641e+01,2.196104e+01,2.197483e+01,2.196104e+01,2.210575e+01,2.198862e+01,2.212641e+01,2.207820e+01,2.202997e+01,2.207820e+01,2.200930e+01,2.208509e+01,2.200930e+01,2.207820e+01,2.197483e+01,2.210575e+01,2.214017e+01,2.211952e+01,2.207820e+01,2.208509e+01,2.209886e+01,2.204376e+01,2.199551e+01,2.204376e+01,2.211952e+01,2.216082e+01,2.219523e+01,2.203687e+01,2.213329e+01,2.212641e+01,2.209886e+01,2.204376e+01,2.201619e+01,2.209198e+01,2.202997e+01,2.208509e+01,2.211952e+01,2.200241e+01,2.189896e+01,2.205754e+01,2.218835e+01,2.195414e+01,2.208509e+01,2.200241e+01,2.202997e+01,2.205754e+01,2.214706e+01,2.203687e+01,2.210575e+01,2.193345e+01,2.200241e+01,2.198172e+01,2.200241e+01,2.197483e+01,2.196793e+01,2.192655e+01,2.197483e+01,2.197483e+01,2.202308e+01,2.191276e+01,2.200241e+01,2.201619e+01,2.219523e+01,2.196793e+01,2.194725e+01,2.194725e+01,2.189896e+01,2.196104e+01,2.195414e+01,2.189896e+01,2.194035e+01,2.196793e+01,2.194725e+01,2.192655e+01,2.191276e+01,2.195414e+01,2.199551e+01,2.191276e+01,2.192655e+01,2.185755e+01,2.194035e+01,2.194035e+01,2.194725e+01,2.193345e+01,2.174704e+01,2.187135e+01,2.186445e+01,2.190586e+01,2.192655e+01,2.191276e+01,2.194035e+01,2.187135e+01,2.196104e+01,2.200241e+01,2.205754e+01,2.195414e+01,2.205065e+01,2.209198e+01,2.207820e+01,2.204376e+01,2.202997e+01,2.205754e+01,2.216082e+01,2.207820e+01,2.205754e+01,2.207820e+01,2.205754e+01,2.211952e+01,2.220211e+01,2.223650e+01,2.221587e+01,2.211263e+01,2.225713e+01,2.223650e+01,2.226401e+01,2.225713e+01,2.227776e+01,2.217459e+01,2.222962e+01,2.210575e+01,2.222275e+01,2.218147e+01,2.214017e+01,2.216082e+01,2.216771e+01,2.225713e+01,2.217459e+01,2.220211e+01,2.216771e+01,2.213329e+01,2.214706e+01,2.214706e+01,2.209198e+01,2.214017e+01,2.216082e+01,2.218147e+01,2.217459e+01,2.220211e+01,2.211263e+01,2.225713e+01,2.218835e+01,2.220899e+01,2.222962e+01,2.200930e+01,2.216082e+01,2.211952e+01,2.213329e+01,2.213329e+01,2.211952e+01,2.218835e+01,2.215394e+01,2.205754e+01,2.216082e+01,2.209886e+01,2.205754e+01,2.218147e+01,2.211263e+01,2.208509e+01,2.218147e+01,2.205754e+01,2.213329e+01,2.220211e+01,2.214017e+01,2.211263e+01,2.211263e+01,2.214017e+01,2.198172e+01,2.210575e+01,2.207131e+01,2.211263e+01,2.197483e+01,2.198862e+01,2.191276e+01,2.197483e+01,2.195414e+01,2.189896e+01,2.194035e+01,2.197483e+01,2.199551e+01,2.177468e+01,2.189206e+01,2.181612e+01,2.191276e+01,2.180922e+01,2.173322e+01,2.183684e+01,2.169866e+01,2.169175e+01,2.169175e+01,2.158106e+01,2.165717e+01,2.174013e+01,2.167792e+01,2.175395e+01,2.162950e+01,2.170557e+01,2.169866e+01,2.173322e+01,2.160182e+01,2.160874e+01,2.174013e+01,2.156029e+01,2.158798e+01,2.161566e+01,2.149796e+01,2.156721e+01,2.162258e+01,2.155337e+01,2.169866e+01,2.165025e+01,2.162950e+01,2.162258e+01,2.166409e+01,2.159490e+01,2.158106e+01,2.163642e+01,2.158798e+01,2.169175e+01,2.156029e+01,2.167100e+01,2.164334e+01,2.170557e+01,2.169175e+01,2.174013e+01,2.151182e+01,2.169175e+01,2.169175e+01,2.167100e+01,2.151182e+01,2.167792e+01,2.158798e+01,2.166409e+01,2.164334e+01,2.161566e+01,2.158106e+01,2.158798e+01,2.176086e+01,2.169175e+01,2.152567e+01,2.160874e+01,2.154645e+01,2.167100e+01,2.173322e+01,2.165717e+01,2.174704e+01,2.148411e+01,2.161566e+01,2.154645e+01,2.142867e+01,2.151875e+01,2.160874e+01,2.157414e+01,2.143560e+01,2.168483e+01,2.161566e+01,2.147718e+01,2.160182e+01,2.132464e+01,2.141480e+01,2.144946e+01,2.145639e+01,2.146332e+01,2.145639e+01,2.147025e+01,2.151875e+01,2.144253e+01,2.143560e+01,2.121355e+01,2.147025e+01,2.139400e+01,2.142867e+01,2.144946e+01,2.158798e+01,2.150489e+01,2.161566e+01,2.151182e+01,2.158106e+01,2.162950e+01,2.153952e+01,2.160874e+01,2.158798e+01,2.153260e+01,2.169866e+01,2.167100e+01,2.170557e+01,2.156029e+01,2.165717e+01,2.176086e+01,2.162950e+01,2.169175e+01,2.162258e+01,2.152567e+01,2.170557e+01,2.171248e+01,2.172631e+01,2.175395e+01,2.159490e+01,2.169866e+01,2.154645e+01,2.155337e+01,2.161566e+01,2.178159e+01,2.155337e+01,2.156029e+01,2.154645e+01,2.158798e+01,2.171940e+01,2.160182e+01,2.167792e+01,2.154645e+01,2.162950e+01,2.158798e+01
2.216082e+01,2.225026e+01,2.227776e+01,2.231212e+01,2.230525e+01,2.261406e+01,2.258665e+01,2.280573e+01,2.268255e+01,2.284676e+01,2.299706e+01,2.311986e+01,2.303118e+01,2.313350e+01,2.301071e+01,2.315395e+01,2.318121e+01,2.325614e+01,2.333782e+01,2.318121e+01,2.328337e+01,2.346022e+01,2.345342e+01,2.339224e+01,2.335143e+01,2.339224e+01,2.339224e+01,2.313350e+01,2.330379e+01,2.326976e+01,2.329018e+01,2.320846e+01,2.329018e+01,2.329018e+01,2.324933e+01,2.352136e+01,2.331060e+01,2.332421e+01,2.331740e+01,2.319484e+01,2.311304e+01,2.328337e+01,2.333782e+01,2.333101e+01,2.343983e+01,2.320165e+01,2.322209e+01,2.334462e+01,2.324933e+01,2.348740e+01,2.332421e+01,2.346701e+01,2.348060e+01,2.346022e+01,2.344662e+01,2.345342e+01,2.354853e+01,2.356890e+01,2.346022e+01,2.349419e+01,2.354853e+01,2.357569e+01,2.343983e+01,2.348740e+01,2.365033e+01,2.360283e+01,2.352136e+01,2.349419e+01,2.340584e+01,2.343303e+01,2.328337e+01,2.333101e+01,2.322890e+01,2.329018e+01,2.320165e+01,2.320165e+01,2.318121e+01,2.316076e+01,2.294926e+01,2.322209e+01,2.300388e+01,2.316076e+01,2.303801e+01,2.307894e+01,2.305165e+01,2.316076e+01,2.316758e+01,2.305848e+01,2.303118e+01,2.296975e+01,2.304483e+01,2.310622e+01,2.308576e+01,2.281257e+01,2.292877e+01,2.312668e+01,2.309940e+01,2.314031e+01,2.314713e+01,2.314031e+01,2.303801e+01,2.305848e+01,2.288094e+01,2.292194e+01,2.307212e+01,2.309258e+01,2.309258e+01,2.308576e+01,2.301071e+01,2.297657e+01,2.292877e+01,2.293560e+01,2.293560e+01,2.298340e+01,2.296975e+01,2.296975e+01,2.287410e+01,2.282625e+01,2.265516e+01,2.266201e+01,2.263461e+01,2.266886e+01,2.232587e+01,2.227088e+01,2.207820e+01,2.200930e+01,2.202997e+01,2.183684e+01,2.182303e+01,2.198172e+01,2.188516e+01,2.187135e+01,2.189896e+01,2.180231e+01,2.187135e+01,2.190586e+01,2.185065e+01,2.182303e+01,2.182993e+01,2.178159e+01,2.186445e+01,2.179540e+01,2.174013e+01,2.187135e+01,2.180922e+01,2.185065e+01,2.181612e+01,2.186445e+01,2.169175e+01,2.183684e+01,2.184374e+01,2.172631e+01,2.181612e+01,2.186445e+01,2.167100e+01,2.184374e+01,2.187825e+01,2.180922e+01,2.191965e+01,2.196104e+01,2.188516e+01,2.193345e+01,2.191965e+01,2.187825e+01,2.187825e+01,2.178850e+01,2.193345e+01,2.185755e+01,2.185065e+01,2.190586e+01,2.185755e+01,2.213329e+01,2.181612e+01,2.200241e+01,2.194725e+01,2.189206e+01,2.190586e+01,2.194035e+01,2.198172e+01,2.196793e+01,2.197483e+01,2.194035e+01,2.190586e+01,2.191965e+01,2.194725e+01,2.182993e+01,2.191965e+01,2.198862e+01,2.204376e+01,2.199551e+01,2.200930e+01,2.184374e+01,2.198862e+01,2.198172e+01,2.189896e+01,2.207820e+01,2.190586e+01,2.191276e+01,2.200241e+01,2.205754e+01,2.200241e+01,2.196104e+01,2.196793e+01,2.205065e+01,2.191965e+01,2.203687e+01,2.192655e+01,2.205065e+01,2.194035e+01,2.191965e+01,2.187825e+01,2.191965e+01,2.184374e+01,2.180231e+01,2.181612e+01,2.196793e+01,2.202308e+01,2.187825e+01,2.198862e+01,2.183684e+01,2.192655e+01,2.182993e+01,2.178850e+01,2.188516e+01,2.190586e+01,2.178159e+01,2.177468e+01,2.183684e+01,2.175395e+01,2.178159e+01,2.174704e+01,2.188516e+01,2.180231e+01,2.185755e+01,2.183684e+01,2.184374e+01,2.183684e+01,2.178850e+01,2.190586e+01,2.181612e+01,2.188516e+01,2.180922e+01,2.188516e+01,2.185065e+01,2.194725e+01,2.177468e+01,2.183684e+01,2.182303e+01,2.195414e+01,2.198172e+01,2.193345e+01,2.183684e+01,2.196104e+01,2.185755e+01,2.191965e+01,2.194035e+01,2.190586e+01,2.184374e+01,2.193345e+01,2.194725e+01,2.197483e+01,2.195414e+01,2.200241e+01,2.191276e+01,2.201619e+01,2.191276e+01,2.203687e+01,2.194035e+01,2.189896e+01,2.197483e+01,2.200930e+01,2.198172e+01,2.200241e+01,2.204376e+01,2.193345e+01,2.194035e+01,2.209886e+01,2.194035e+01,2.208509e+01,2.209198e+01,2.211952e+01,2.212641e+01,2.209198e+01,2.223650e+01,2.209886e+01,2.211263e+01,2.204376e+01,2.218835e+01,2.207820e+01,2.211952e+01,2.215394e+01,2.217459e+01,2.218147e+01,2.211952e+01,2.207820e+01,2.211263e+01,2.215394e+01,2.205065e+01,2.207820e+01,2.209886e+01,2.212641e+01,2.211952e+01,2.194725e+01,2.199551e+01,2.194725e+01,2.190586e+01,2.188516e+01,2.191276e+01,2.205065e+01,2.198172e+01,2.172631e+01,2.175395e+01,2.180922e+01,2.177468e+01,2.184374e+01,2.176777e+01,2.182303e+01,2.175395e+01,2.180231e+01,2.184374e+01,2.193345e+01,2.187135e+01,2.189206e+01,2.202308e+01,2.193345e+01,2.191276e+01,2.187825e+01,2.196793e+01,2.207820e+01,2.199551e+01,2.218835e+01,2.196104e+01,2.189896e+01,2.202997e+01,2.195414e+01,2.203687e+01,2.208509e+01,2.201619e+01,2.210575e+01,2.204376e+01,2.212641e+01,2.211263e+01,2.208509e+01,2.209886e+01,2.235335e+01,2.209198e+01,2.207131e+01,2.207131e+01,2.207131e+01,2.202308e+01,2.201619e+01,2.205065e+01,2.202997e+01,2.207820e+01,2.211952e+01,2.207820e+01,2.213329e+01,2.211952e+01,2.211952e+01,2.211263e+01,2.196793e+01,2.212641e+01,2.209198e+01,2.200241e+01,2.208509e+01,2.207820e+01,2.202997e+01,2.204376e+01,2.197483e+01,2.187135e+01,2.209886e+01,2.203687e+01,2.182303e+01,2.207131e+01,2.207131e+01,2.205065e+01,2.211952e+01,2.204376e+01,2.189896e+01,2.201619e+01,2.204376e+01,2.194725e+01,2.194035e+01,2.204376e+01,2.200930e+01,2.198862e+01,2.180922e+01,2.199551e+01,2.208509e+01,2.202308e+01,2.191276e+01,2.204376e+01,2.186445e+01,2.189896e+01,2.189206e+01,2.194035e+01,2.185065e+01,2.178850e+01,2.180231e+01,2.191276e+01,2.183684e+01,2.187135e+01,2.194725e+01,2.195414e+01,2.205065e+01,2.194725e+01,2.187825e+01,2.195414e+01,2.196104e+01,2.194725e+01,2.191965e+01,2.178159e+01,2.193345e+01,2.189206e+01,2.178850e+01,2.192655e+01,2.202308e+01,2.195414e+01,2.182303e+01,2.196793e+01,2.194725e+01,2.195414e+01,2.196104e+01,2.189206e+01,2.205754e+01,2.209198e+01,2.197483e+01,2.201619e+01,2.201619e+01,2.204376e+01,2.196793e+01,2.208509e+01,2.211263e+01,2.203687e+01,2.213329e+01,2.205754e+01,2.219523e+01,2.217459e+01,2.225713e+01,2.217459e+01,2.210575e+01,2.220211e+01,2.226401e+01,2.220899e+01,2.214017e+01,2.213329e+01,2.231212e+01,2.226401e+01,2.227776e+01,2.226401e+01,2.228463e+01,2.212641e+01,2.211263e+01,2.221587e+01,2.207131e+01,2.216082e+01,2.214017e+01,2.220899e+01,2.205754e+01,2.212641e+01,2.207131e+01,2.207131e+01,2.212641e+01,2.205754e+01,2.222275e+01,2.221587e+01,2.217459e+01,2.218835e+01,2.213329e+01,2.216771e+01,2.216771e+01,2.214706e+01,2.215394e+01,2.214706e+01,2.211952e+01,2.211263e+01,2.209198e+01,2.213329e+01,2.214706e+01,2.222275e+01,2.216082e+01,2.211952e+01,2.196793e+01,2.214706e+01,2.206442e+01,2.202997e+01,2.216082e+01,2.207820e+01,2.208509e+01,2.202997e+01,2.205065e+01,2.204376e+01,2.198862e+01,2.209886e+01,2.197483e+01,2.213329e+01,2.206442e+01,2.195414e+01,2.212641e+01,2.198172e+01,2.177468e+01,2.198172e+01,2.196793e+01,2.202997e+01,2.176086e+01,2.191276e+01,2.176086e+01,2.182993e+01,2.200930e+01,2.172631e+01,2.199551e+01,2.182303e+01,2.179540e+01,2.160182e+01,2.165717e+01,2.168483e+01,2.177468e+01,2.167100e+01,2.173322e+01,2.170557e+01,2.160874e+01,2.165717e+01,2.151182e+01,2.168483e+01,2.176777e+01,2.165025e+01,2.157414e+01,2.166409e+01,2.153952e+01,2.155337e+01,2.153952e+01,2.151875e+01,2.161566e+01,2.164334e+01,2.156721e+01,2.154645e+01,2.153952e+01,2.154645e+01,2.157414e+01,2.151875e+01,2.165717e+01,2.153260e+01,2.166409e+01,2.135933e+01,2.187135e+01,2.171940e+01,2.162258e+01,2.155337e+01,2.168483e+01,2.161566e+01,2.166409e+01,2.165025e+01,2.165025e+01,2.136626e+01,2.165717e+01,2.180231e+01,2.163642e+01,2.170557e+01,2.167792e+01,2.172631e+01,2.160874e+01,2.170557e+01,2.162258e+01,2.165025e+01,2.159490e+01,2.165717e+01,2.165717e+01,2.153260e+01,2.156029e+01,2.167792e+01,2.156029e+01,2.148411e+01,2.167100e+01,2.162950e+01,2.153260e+01,2.171940e+01,2.162950e+01,2.159490e+01,2.150489e+01,2.144946e+01,2.140787e+01,2.142174e+01,2.142174e+01,2.144253e+01,2.147718e+01,2.145639e+01,2.146332e+01,2.134545e+01,2.142867e+01,2.147025e+01,2.148411e+01,2.133158e+01,2.142174e+01,2.143560e+01,2.138013e+01,2.137320e+01,2.144253e+01,2.134545e+01,2.123439e+01,2.156721e+01,2.146332e+01,2.158106e+01,2.145639e+01,2.133851e+01,2.160182e+01,2.160874e+01,2.153260e+01,2.150489e+01,2.161566e+01,2.137320e+01,2.169175e+01,2.160182e+01,2.160874e+01,2.159490e+01,2.158106e+01,2.160182e+01,2.160182e+01,2.162258e+01,2.152567e+01,2.171248e+01,2.165717e+01,2.165717e+01,2.174013e+01,2.159490e+01,2.169866e+01,2.150489e+01,2.147025e+01,2.169175e+01,2.162950e+01,2.163642e+01,2.153260e+01,2.155337e+01,2.157414e+01,2.166409e+01,2.160182e+01,2.156721e+01,2.143560e+01,2.163642e+01,2.145639e+01,2.160874e+01
2.218147e+01,2.214017e+01,2.224338e+01,2.220211e+01,2.228463e+01,2.257979e+01,2.266886e+01,2.273732e+01,2.273732e+01,2.290144e+01,2.288094e+01,2.303118e+01,2.307894e+01,2.303801e+01,2.307894e+01,2.320846e+01,2.318121e+01,2.324252e+01,2.324933e+01,2.324933e+01,2.325614e+01,2.331060e+01,2.326295e+01,2.324933e+01,2.318121e+01,2.319484e+01,2.329018e+01,2.327656e+01,2.326295e+01,2.327656e+01,2.326295e+01,2.320165e+01,2.324252e+01,2.330379e+01,2.331060e+01,2.331060e+01,2.328337e+01,2.324933e+01,2.334462e+01,2.331740e+01,2.321527e+01,2.343303e+01,2.331060e+01,2.333101e+01,2.334462e+01,2.339224e+01,2.329699e+01,2.341944e+01,2.331060e+01,2.339224e+01,2.340584e+01,2.337183e+01,2.337864e+01,2.345342e+01,2.351457e+01,2.355532e+01,2.346701e+01,2.357569e+01,2.352136e+01,2.337183e+01,2.352136e+01,2.359605e+01,2.350099e+01,2.348060e+01,2.348060e+01,2.344662e+01,2.343303e+01,2.348060e+01,2.346701e+01,2.341264e+01,2.347381e+01,2.320165e+01,2.343983e+01,2.327656e+01,2.325614e+01,2.338544e+01,2.322209e+01,2.305165e+01,2.318802e+01,2.311986e+01,2.299706e+01,2.314713e+01,2.309258e+01,2.313350e+01,2.305848e+01,2.309258e+01,2.300388e+01,2.308576e+01,2.300388e+01,2.319484e+01,2.293560e+01,2.321527e+01,2.296292e+01,2.299023e+01,2.307894e+01,2.290827e+01,2.288094e+01,2.286043e+01,2.315395e+01,2.282625e+01,2.305165e+01,2.287410e+01,2.291510e+01,2.292877e+01,2.309940e+01,2.293560e+01,2.286727e+01,2.299023e+01,2.298340e+01,2.301753e+01,2.294926e+01,2.277837e+01,2.294926e+01,2.292877e+01,2.297657e+01,2.286727e+01,2.294926e+01,2.275785e+01,2.286043e+01,2.264146e+01,2.255923e+01,2.266886e+01,2.250437e+01,2.225713e+01,2.207820e+01,2.200241e+01,2.182993e+01,2.197483e+01,2.182993e+01,2.184374e+01,2.185065e+01,2.176777e+01,2.168483e+01,2.189206e+01,2.196104e+01,2.187825e+01,2.182303e+01,2.186445e+01,2.180922e+01,2.178159e+01,2.185755e+01,2.186445e+01,2.187135e+01,2.189896e+01,2.174013e+01,2.183684e+01,2.191965e+01,2.182993e+01,2.186445e+01,2.182993e+01,2.184374e+01,2.187825e+01,2.188516e+01,2.176777e+01,2.189896e+01,2.191965e+01,2.180922e+01,2.177468e+01,2.180922e+01,2.190586e+01,2.186445e+01,2.186445e+01,2.190586e+01,2.190586e+01,2.184374e+01,2.180231e+01,2.186445e+01,2.187135e+01,2.180922e+01,2.192655e+01,2.184374e+01,2.194725e+01,2.174013e+01,2.192655e+01,2.189896e+01,2.189206e+01,2.189206e+01,2.192655e+01,2.190586e+01,2.191276e+01,2.193345e+01,2.198172e+01,2.196104e+01,2.189896e+01,2.196793e+01,2.197483e+01,2.209886e+01,2.191276e+01,2.205065e+01,2.202308e+01,2.200241e+01,2.191276e+01,2.200241e+01,2.191276e+01,2.187825e+01,2.194035e+01,2.193345e+01,2.201619e+01,2.202308e+01,2.203687e+01,2.193345e+01,2.203687e+01,2.196104e+01,2.194725e+01,2.194725e+01,2.204376e+01,2.192655e+01,2.191965e+01,2.180231e+01,2.194035e+01,2.211263e+01,2.189206e+01,2.196104e+01,2.199551e+01,2.196793e+01,2.180922e+01,2.188516e+01,2.192655e+01,2.192655e+01,2.194725e+01,2.188516e+01,2.181612e+01,2.184374e+01,2.198172e+01,2.195414e+01,2.191276e+01,2.185065e+01,2.179540e+01,2.174013e+01,2.178159e+01,2.162950e+01,2.180231e+01,2.183684e+01,2.185755e+01,2.189206e+01,2.187135e+01,2.186445e+01,2.207820e+01,2.182993e+01,2.197483e+01,2.179540e+01,2.180922e+01,2.195414e+01,2.196104e+01,2.191276e+01,2.186445e+01,2.185065e+01,2.200241e+01,2.178159e+01,2.185065e+01,2.176777e+01,2.184374e+01,2.194725e+01,2.178850e+01,2.181612e+01,2.185755e+01,2.194035e+01,2.194035e+01,2.194035e+01,2.194725e+01,2.189896e+01,2.212641e+01,2.198172e+01,2.198172e+01,2.203687e+01,2.184374e+01,2.209198e+01,2.208509e+01,2.184374e+01,2.202308e+01,2.204376e+01,2.199551e+01,2.200241e+01,2.204376e+01,2.202308e+01,2.200241e+01,2.200930e+01,2.209886e+01,2.209886e+01,2.214706e+01,2.214017e+01,2.214017e+01,2.214017e+01,2.218147e+01,2.211952e+01,2.209886e+01,2.225713e+01,2.221587e+01,2.208509e+01,2.217459e+01,2.214706e+01,2.229151e+01,2.229838e+01,2.215394e+01,2.205065e+01,2.209198e+01,2.207820e+01,2.207131e+01,2.206442e+01,2.217459e+01,2.208509e+01,2.209198e+01,2.200930e+01,2.211952e+01,2.192655e+01,2.193345e+01,2.193345e+01,2.188516e+01,2.193345e+01,2.196104e+01,2.174013e+01,2.181612e+01,2.194035e+01,2.178159e+01,2.174704e+01,2.172631e+01,2.185065e+01,2.187135e+01,2.184374e+01,2.174013e+01,2.186445e+01,2.173322e+01,2.189206e+01,2.189206e+01,2.189896e+01,2.191965e+01,2.191965e+01,2.196104e+01,2.199551e+01,2.193345e+01,2.195414e+01,2.194035e+01,2.200930e+01,2.198172e+01,2.198862e+01,2.211952e+01,2.200930e+01,2.209198e+01,2.200241e+01,2.209198e+01,2.213329e+01,2.206442e+01,2.214706e+01,2.208509e+01,2.210575e+01,2.206442e+01,2.207131e+01,2.205065e+01,2.206442e+01,2.203687e+01,2.203687e+01,2.207820e+01,2.204376e+01,2.209198e+01,2.206442e+01,2.210575e+01,2.209886e+01,2.211952e+01,2.207131e+01,2.212641e+01,2.210575e+01,2.198172e+01,2.198862e+01,2.202997e+01,2.203687e+01,2.202308e+01,2.200930e+01,2.200930e+01,2.199551e+01,2.200930e+01,2.200930e+01,2.200241e+01,2.202997e+01,2.200930e+01,2.187135e+01,2.187825e+01,2.188516e+01,2.189206e+01,2.191276e+01,2.199551e+01,2.199551e+01,2.199551e+01,2.178850e+01,2.183684e+01,2.198862e+01,2.182303e+01,2.182993e+01,2.188516e+01,2.189206e+01,2.194725e+01,2.200241e+01,2.197483e+01,2.184374e+01,2.182993e+01,2.182993e+01,2.203687e+01,2.200241e+01,2.194035e+01,2.181612e+01,2.183684e+01,2.183684e+01,2.191965e+01,2.189206e+01,2.193345e+01,2.191965e+01,2.185755e+01,2.187135e+01,2.195414e+01,2.195414e+01,2.192655e+01,2.185065e+01,2.193345e+01,2.175395e+01,2.186445e+01,2.182303e+01,2.198862e+01,2.185065e+01,2.185755e+01,2.182303e+01,2.196793e+01,2.191276e+01,2.205065e+01,2.196104e+01,2.196793e+01,2.201619e+01,2.207820e+01,2.202308e+01,2.200930e+01,2.205065e+01,2.213329e+01,2.198862e+01,2.202997e+01,2.216771e+01,2.198172e+01,2.217459e+01,2.213329e+01,2.217459e+01,2.216082e+01,2.210575e+01,2.231900e+01,2.223650e+01,2.228463e+01,2.214017e+01,2.233274e+01,2.212641e+01,2.215394e+01,2.215394e+01,2.213329e+01,2.225713e+01,2.221587e+01,2.214017e+01,2.218835e+01,2.220211e+01,2.207820e+01,2.206442e+01,2.209886e+01,2.218835e+01,2.207820e+01,2.216771e+01,2.216082e+01,2.214017e+01,2.230525e+01,2.206442e+01,2.214706e+01,2.207131e+01,2.218835e+01,2.220899e+01,2.222275e+01,2.189206e+01,2.202308e+01,2.212641e+01,2.207131e+01,2.217459e+01,2.213329e+01,2.207820e+01,2.211952e+01,2.207820e+01,2.216082e+01,2.214706e+01,2.207131e+01,2.209198e+01,2.211263e+01,2.199551e+01,2.202308e+01,2.201619e+01,2.202308e+01,2.205754e+01,2.209198e+01,2.205754e+01,2.207820e+01,2.205754e+01,2.207820e+01,2.209886e+01,2.206442e+01,2.205754e+01,2.206442e+01,2.194725e+01,2.190586e+01,2.187135e+01,2.194725e+01,2.173322e+01,2.198862e+01,2.173322e+01,2.172631e+01,2.199551e+01,2.191276e+01,2.174013e+01,2.182303e+01,2.181612e+01,2.180922e+01,2.180231e+01,2.181612e+01,2.178159e+01,2.175395e+01,2.174704e+01,2.176086e+01,2.152567e+01,2.171248e+01,2.174013e+01,2.152567e+01,2.153260e+01,2.158798e+01,2.142174e+01,2.161566e+01,2.159490e+01,2.154645e+01,2.156029e+01,2.143560e+01,2.147025e+01,2.149796e+01,2.157414e+01,2.147718e+01,2.150489e+01,2.148411e+01,2.160874e+01,2.160874e+01,2.159490e+01,2.153952e+01,2.153952e+01,2.152567e+01,2.163642e+01,2.167100e+01,2.163642e+01,2.174704e+01,2.167792e+01,2.172631e+01,2.170557e+01,2.171940e+01,2.162950e+01,2.152567e+01,2.153952e+01,2.157414e+01,2.149796e+01,2.176777e+01,2.162950e+01,2.160874e+01,2.160874e+01,2.166409e+01,2.157414e+01,2.157414e+01,2.175395e+01,2.160874e+01,2.157414e+01,2.156721e+01,2.165025e+01,2.167100e+01,2.147025e+01,2.151182e+01,2.152567e+01,2.166409e+01,2.153260e+01,2.147025e+01,2.155337e+01,2.153260e+01,2.169866e+01,2.163642e+01,2.159490e+01,2.153260e+01,2.141480e+01,2.162258e+01,2.142867e+01,2.151875e+01,2.142174e+01,2.144946e+01,2.151182e+01,2.138707e+01,2.153260e+01,2.143560e+01,2.139400e+01,2.150489e+01,2.142174e+01,2.138707e+01,2.144253e+01,2.138707e+01,2.142867e+01,2.113015e+01,2.126911e+01,2.142174e+01,2.139400e+01,2.145639e+01,2.144253e+01,2.143560e+01,2.142174e+01,2.151182e+01,2.149104e+01,2.156029e+01,2.157414e+01,2.156721e+01,2.149796e+01,2.151875e+01,2.149796e+01,2.149796e+01,2.149104e+01,2.154645e+01,2.165025e+01,2.144253e+01,2.158106e+01,2.160874e+01,2.158106e+01,2.164334e+01,2.158106e+01,2.158106e+01,2.150489e+01,2.151875e+01,2.156721e+01,2.167792e+01,2.158106e+01,2.170557e+01,2.148411e+01,2.157414e+01,2.160874e+01,2.144946e+01,2.150489e+01,2.159490e+01,2.162258e+01,2.156721e+01,2.169175e+01,2.158798e+01,2.149796e+01,2.156721e+01
2.220211e+01,2.218147e+01,2.220211e+01,2.227088e+01,2.230525e+01,2.242888e+01,2.257294e+01,2.260035e+01,2.268940e+01,2.289461e+01,2.287410e+01,2.273047e+01,2.296975e+01,2.311986e+01,2.314713e+01,2.321527e+01,2.321527e+01,2.324933e+01,2.320846e+01,2.332421e+01,2.330379e+01,2.325614e+01,2.329018e+01,2.333782e+01,2.320846e+01,2.325614e+01,2.318802e+01,2.320165e+01,2.322209e+01,2.343303e+01,2.318802e+01,2.329699e+01,2.330379e+01,2.328337e+01,2.323571e+01,2.331060e+01,2.329018e+01,2.333101e+01,2.336503e+01,2.334462e+01,2.321527e+01,2.329018e+01,2.336503e+01,2.320165e+01,2.335823e+01,2.340584e+01,2.335143e+01,2.341264e+01,2.337183e+01,2.327656e+01,2.354174e+01,2.354853e+01,2.310622e+01,2.349419e+01,2.341944e+01,2.353495e+01,2.357569e+01,2.356890e+01,2.346701e+01,2.355532e+01,2.354174e+01,2.363676e+01,2.352136e+01,2.348060e+01,2.346022e+01,2.348740e+01,2.348060e+01,2.346022e+01,2.347381e+01,2.348060e+01,2.346022e+01,2.326976e+01,2.320165e+01,2.323571e+01,2.324252e+01,2.322890e+01,2.319484e+01,2.309940e+01,2.307894e+01,2.314031e+01,2.313350e+01,2.309258e+01,2.300388e+01,2.300388e+01,2.307212e+01,2.299706e+01,2.306530e+01,2.307212e+01,2.299023e+01,2.311986e+01,2.307212e+01,2.304483e+01,2.291510e+01,2.290827e+01,2.306530e+01,2.308576e+01,2.287410e+01,2.315395e+01,2.280573e+01,2.283309e+01,2.295609e+01,2.280573e+01,2.271679e+01,2.311304e+01,2.289461e+01,2.288094e+01,2.286043e+01,2.303118e+01,2.298340e+01,2.296975e+01,2.302436e+01,2.295609e+01,2.298340e+01,2.294926e+01,2.288094e+01,2.283993e+01,2.288094e+01,2.283309e+01,2.260720e+01,2.266201e+01,2.263461e+01,2.247692e+01,2.240829e+01,2.209198e+01,2.207131e+01,2.176777e+01,2.185065e+01,2.198862e+01,2.195414e+01,2.179540e+01,2.159490e+01,2.190586e+01,2.189206e+01,2.186445e+01,2.189206e+01,2.183684e+01,2.180231e+01,2.188516e+01,2.182993e+01,2.180922e+01,2.183684e+01,2.183684e+01,2.173322e+01,2.184374e+01,2.193345e+01,2.187135e+01,2.181612e+01,2.191965e+01,2.184374e+01,2.187135e+01,2.179540e+01,2.171940e+01,2.189206e+01,2.186445e+01,2.187135e+01,2.182303e+01,2.186445e+01,2.198172e+01,2.186445e+01,2.199551e+01,2.187825e+01,2.185755e+01,2.189206e+01,2.182993e+01,2.188516e+01,2.185755e+01,2.189206e+01,2.186445e+01,2.182993e+01,2.194725e+01,2.178159e+01,2.179540e+01,2.190586e+01,2.194035e+01,2.194035e+01,2.188516e+01,2.187825e+01,2.190586e+01,2.203687e+01,2.197483e+01,2.194725e+01,2.196104e+01,2.196793e+01,2.198172e+01,2.198172e+01,2.195414e+01,2.198862e+01,2.199551e+01,2.194725e+01,2.199551e+01,2.201619e+01,2.196104e+01,2.209886e+01,2.191276e+01,2.192655e+01,2.191276e+01,2.212641e+01,2.206442e+01,2.205065e+01,2.195414e+01,2.198862e+01,2.200241e+01,2.194035e+01,2.214017e+01,2.200241e+01,2.212641e+01,2.198172e+01,2.199551e+01,2.202308e+01,2.193345e+01,2.178159e+01,2.176086e+01,2.198862e+01,2.198172e+01,2.182303e+01,2.198172e+01,2.201619e+01,2.198862e+01,2.196104e+01,2.204376e+01,2.199551e+01,2.200930e+01,2.190586e+01,2.184374e+01,2.178850e+01,2.176777e+01,2.178850e+01,2.194725e+01,2.195414e+01,2.190586e+01,2.189896e+01,2.178159e+01,2.193345e+01,2.181612e+01,2.185065e+01,2.185755e+01,2.194725e+01,2.194725e+01,2.178159e+01,2.187135e+01,2.186445e+01,2.189206e+01,2.191276e+01,2.182303e+01,2.183684e+01,2.184374e+01,2.188516e+01,2.174704e+01,2.189896e+01,2.200930e+01,2.177468e+01,2.186445e+01,2.198862e+01,2.190586e+01,2.192655e+01,2.188516e+01,2.197483e+01,2.197483e+01,2.198172e+01,2.189896e+01,2.205065e+01,2.196793e+01,2.197483e+01,2.202308e+01,2.211263e+01,2.198862e+01,2.191276e+01,2.215394e+01,2.207131e+01,2.207131e+01,2.205065e+01,2.201619e+01,2.201619e+01,2.205754e+01,2.203687e+01,2.208509e+01,2.209886e+01,2.211263e+01,2.210575e+01,2.211263e+01,2.211263e+01,2.215394e+01,2.222962e+01,2.224338e+01,2.214017e+01,2.205754e+01,2.213329e+01,2.220211e+01,2.226401e+01,2.219523e+01,2.220899e+01,2.213329e+01,2.221587e+01,2.223650e+01,2.215394e+01,2.216082e+01,2.213329e+01,2.208509e+01,2.229838e+01,2.212641e+01,2.207820e+01,2.213329e+01,2.204376e+01,2.197483e+01,2.187135e+01,2.192655e+01,2.191965e+01,2.191965e+01,2.191276e+01,2.190586e+01,2.186445e+01,2.184374e+01,2.187825e+01,2.167792e+01,2.173322e+01,2.176086e+01,2.187825e+01,2.180231e+01,2.178159e+01,2.185065e+01,2.184374e+01,2.188516e+01,2.190586e+01,2.189206e+01,2.189896e+01,2.190586e+01,2.200241e+01,2.192655e+01,2.190586e+01,2.202997e+01,2.194725e+01,2.201619e+01,2.193345e+01,2.193345e+01,2.200241e+01,2.191965e+01,2.202308e+01,2.195414e+01,2.200930e+01,2.202997e+01,2.204376e+01,2.214706e+01,2.211263e+01,2.207820e+01,2.205754e+01,2.206442e+01,2.209198e+01,2.206442e+01,2.200930e+01,2.203687e+01,2.203687e+01,2.207820e+01,2.207131e+01,2.206442e+01,2.207820e+01,2.212641e+01,2.202308e+01,2.205065e+01,2.213329e+01,2.205754e+01,2.196793e+01,2.195414e+01,2.196793e+01,2.201619e+01,2.203687e+01,2.202308e+01,2.203687e+01,2.204376e+01,2.208509e+01,2.202997e+01,2.185755e+01,2.189206e+01,2.185755e+01,2.198172e+01,2.198172e+01,2.194035e+01,2.205754e+01,2.202997e+01,2.196793e+01,2.196793e+01,2.201619e+01,2.199551e+01,2.198172e+01,2.198172e+01,2.196793e+01,2.194035e+01,2.191276e+01,2.198862e+01,2.192655e+01,2.200930e+01,2.189206e+01,2.205754e+01,2.189206e+01,2.195414e+01,2.187135e+01,2.192655e+01,2.187135e+01,2.206442e+01,2.178159e+01,2.190586e+01,2.189896e+01,2.184374e+01,2.189206e+01,2.191276e+01,2.185755e+01,2.189206e+01,2.186445e+01,2.182303e+01,2.194725e+01,2.195414e+01,2.175395e+01,2.191965e+01,2.193345e+01,2.179540e+01,2.194035e+01,2.192655e+01,2.184374e+01,2.192655e+01,2.189896e+01,2.187135e+01,2.198862e+01,2.186445e+01,2.200930e+01,2.206442e+01,2.208509e+01,2.196793e+01,2.200930e+01,2.215394e+01,2.207131e+01,2.198172e+01,2.205065e+01,2.204376e+01,2.220211e+01,2.215394e+01,2.219523e+01,2.214017e+01,2.214017e+01,2.213329e+01,2.221587e+01,2.219523e+01,2.224338e+01,2.223650e+01,2.219523e+01,2.218147e+01,2.222275e+01,2.226401e+01,2.210575e+01,2.225713e+01,2.218835e+01,2.217459e+01,2.225713e+01,2.220899e+01,2.210575e+01,2.210575e+01,2.211952e+01,2.211952e+01,2.220899e+01,2.209198e+01,2.214706e+01,2.213329e+01,2.206442e+01,2.209198e+01,2.207131e+01,2.199551e+01,2.219523e+01,2.208509e+01,2.216082e+01,2.227776e+01,2.202997e+01,2.209886e+01,2.211952e+01,2.206442e+01,2.211952e+01,2.200930e+01,2.209198e+01,2.218147e+01,2.217459e+01,2.214706e+01,2.206442e+01,2.200241e+01,2.211952e+01,2.205065e+01,2.213329e+01,2.205065e+01,2.202308e+01,2.205065e+01,2.204376e+01,2.214017e+01,2.209198e+01,2.198172e+01,2.209886e+01,2.202997e+01,2.203687e+01,2.202308e+01,2.202308e+01,2.196104e+01,2.186445e+01,2.198862e+01,2.186445e+01,2.174013e+01,2.191276e+01,2.189206e+01,2.196104e+01,2.191276e+01,2.187135e+01,2.191965e+01,2.189896e+01,2.168483e+01,2.176777e+01,2.179540e+01,2.182303e+01,2.160874e+01,2.168483e+01,2.167100e+01,2.168483e+01,2.169175e+01,2.173322e+01,2.171940e+01,2.157414e+01,2.153260e+01,2.158106e+01,2.159490e+01,2.160182e+01,2.168483e+01,2.147025e+01,2.153260e+01,2.168483e+01,2.160182e+01,2.172631e+01,2.169175e+01,2.162258e+01,2.167100e+01,2.152567e+01,2.147718e+01,2.167100e+01,2.164334e+01,2.166409e+01,2.154645e+01,2.160182e+01,2.153952e+01,2.147025e+01,2.155337e+01,2.174013e+01,2.160182e+01,2.170557e+01,2.167792e+01,2.152567e+01,2.171940e+01,2.155337e+01,2.176777e+01,2.168483e+01,2.174013e+01,2.162258e+01,2.158798e+01,2.156029e+01,2.151182e+01,2.168483e+01,2.165025e+01,2.160182e+01,2.171940e+01,2.157414e+01,2.173322e+01,2.160182e+01,2.173322e+01,2.162950e+01,2.169175e+01,2.164334e+01,2.143560e+01,2.156029e+01,2.145639e+01,2.169175e+01,2.156721e+01,2.160182e+01,2.166409e+01,2.155337e+01,2.161566e+01,2.156721e+01,2.153260e+01,2.149104e+01,2.155337e+01,2.143560e+01,2.140787e+01,2.166409e+01,2.141480e+01,2.147718e+01,2.135933e+01,2.147025e+01,2.138707e+01,2.141480e+01,2.156721e+01,2.140094e+01,2.142867e+01,2.144253e+01,2.147718e+01,2.134545e+01,2.140787e+01,2.153260e+01,2.147718e+01,2.153952e+01,2.147025e+01,2.153260e+01,2.151182e+01,2.144253e+01,2.147718e+01,2.168483e+01,2.142174e+01,2.154645e+01,2.151875e+01,2.161566e+01,2.148411e+01,2.146332e+01,2.152567e+01,2.153952e+01,2.171248e+01,2.142867e+01,2.148411e+01,2.166409e+01,2.158798e+01,2.167792e+01,2.151875e+01,2.165717e+01,2.158106e+01,2.162950e+01,2.153952e+01,2.157414e+01,2.162258e+01,2.144946e+01,2.147025e+01,2.153260e+01,2.152567e+01,2.151182e+01,2.149104e+01,2.156029e+01,2.145639e+01,2.158798e+01,2.165025e+01,2.156029e+01,2.146332e+01,2.166409e+01,2.153952e+01
2.215394e+01,2.223650e+01,2.222275e+01,2.225026e+01,2.255237e+01,2.249065e+01,2.256608e+01,2.260720e+01,2.286727e+01,2.286727e+01,2.304483e+01,2.302436e+01,2.312668e+01,2.318121e+01,2.322209e+01,2.319484e+01,2.320846e+01,2.314713e+01,2.310622e+01,2.333101e+01,2.328337e+01,2.324933e+01,2.329018e+01,2.329018e+01,2.326295e+01,2.322209e+01,2.329018e+01,2.324252e+01,2.326976e+01,2.323571e+01,2.341264e+01,2.318802e+01,2.327656e+01,2.332421e+01,2.324252e+01,2.333782e+01,2.333782e+01,2.341944e+01,2.335143e+01,2.337183e+01,2.329699e+01,2.321527e+01,2.349419e+01,2.324252e+01,2.335143e+01,2.340584e+01,2.335143e+01,2.330379e+01,2.328337e+01,2.343983e+01,2.343983e+01,2.340584e+01,2.331060e+01,2.351457e+01,2.344662e+01,2.358926e+01,2.344662e+01,2.351457e+01,2.356211e+01,2.352136e+01,2.367068e+01,2.356890e+01,2.350778e+01,2.365711e+01,2.357569e+01,2.346022e+01,2.344662e+01,2.347381e+01,2.348060e+01,2.348740e+01,2.339224e+01,2.335823e+01,2.333101e+01,2.326295e+01,2.324933e+01,2.326976e+01,2.325614e+01,2.329699e+01,2.312668e+01,2.311986e+01,2.300388e+01,2.294926e+01,2.299706e+01,2.303118e+01,2.299023e+01,2.300388e+01,2.308576e+01,2.295609e+01,2.303118e+01,2.298340e+01,2.294926e+01,2.288777e+01,2.287410e+01,2.300388e+01,2.294926e+01,2.283993e+01,2.297657e+01,2.292877e+01,2.309940e+01,2.287410e+01,2.287410e+01,2.283993e+01,2.291510e+01,2.284676e+01,2.286043e+01,2.292194e+01,2.290144e+01,2.277837e+01,2.294926e+01,2.277837e+01,2.296292e+01,2.280573e+01,2.296292e+01,2.283309e+01,2.282625e+01,2.269625e+01,2.287410e+01,2.260035e+01,2.289461e+01,2.265516e+01,2.266886e+01,2.242888e+01,2.246320e+01,2.229838e+01,2.227088e+01,2.190586e+01,2.196793e+01,2.194035e+01,2.194725e+01,2.194725e+01,2.177468e+01,2.188516e+01,2.175395e+01,2.189206e+01,2.165025e+01,2.182993e+01,2.185065e+01,2.180231e+01,2.191276e+01,2.182303e+01,2.176777e+01,2.176086e+01,2.185755e+01,2.183684e+01,2.189206e+01,2.180231e+01,2.184374e+01,2.177468e+01,2.179540e+01,2.191276e+01,2.182993e+01,2.182993e+01,2.191276e+01,2.185755e+01,2.179540e+01,2.180231e+01,2.185065e+01,2.189896e+01,2.198862e+01,2.185065e+01,2.182303e+01,2.185755e+01,2.181612e+01,2.188516e+01,2.179540e+01,2.189206e+01,2.188516e+01,2.189206e+01,2.187825e+01,2.188516e+01,2.189206e+01,2.194725e+01,2.186445e+01,2.182993e+01,2.184374e+01,2.199551e+01,2.205065e+01,2.189206e+01,2.198862e+01,2.203687e+01,2.198862e+01,2.192655e+01,2.198862e+01,2.198172e+01,2.198172e+01,2.193345e+01,2.199551e+01,2.200930e+01,2.200241e+01,2.200930e+01,2.199551e+01,2.188516e+01,2.191965e+01,2.200930e+01,2.194035e+01,2.188516e+01,2.207131e+01,2.207820e+01,2.207820e+01,2.197483e+01,2.206442e+01,2.204376e+01,2.203687e+01,2.198172e+01,2.207820e+01,2.194035e+01,2.197483e+01,2.199551e+01,2.197483e+01,2.203687e+01,2.198862e+01,2.196793e+01,2.187135e+01,2.200930e+01,2.202308e+01,2.198862e+01,2.202997e+01,2.204376e+01,2.183684e+01,2.205754e+01,2.203687e+01,2.202997e+01,2.199551e+01,2.197483e+01,2.194725e+01,2.196793e+01,2.179540e+01,2.189206e+01,2.194725e+01,2.187825e+01,2.191965e+01,2.187825e+01,2.188516e+01,2.187135e+01,2.200241e+01,2.195414e+01,2.202997e+01,2.189896e+01,2.209198e+01,2.187135e+01,2.194035e+01,2.199551e+01,2.198172e+01,2.194035e+01,2.198172e+01,2.194725e+01,2.196793e+01,2.189896e+01,2.195414e+01,2.197483e+01,2.194035e+01,2.191276e+01,2.195414e+01,2.207820e+01,2.190586e+01,2.197483e+01,2.199551e+01,2.202997e+01,2.202308e+01,2.210575e+01,2.195414e+01,2.192655e+01,2.202308e+01,2.214017e+01,2.202997e+01,2.202997e+01,2.211263e+01,2.202997e+01,2.212641e+01,2.211952e+01,2.207820e+01,2.201619e+01,2.205754e+01,2.203687e+01,2.205065e+01,2.200930e+01,2.207131e+01,2.211263e+01,2.212641e+01,2.209886e+01,2.212641e+01,2.211263e+01,2.202997e+01,2.218147e+01,2.225713e+01,2.214706e+01,2.229151e+01,2.227776e+01,2.228463e+01,2.220899e+01,2.231900e+01,2.231900e+01,2.213329e+01,2.230525e+01,2.229151e+01,2.212641e+01,2.219523e+01,2.211263e+01,2.216082e+01,2.212641e+01,2.201619e+01,2.209198e+01,2.205065e+01,2.202308e+01,2.196104e+01,2.196104e+01,2.208509e+01,2.189896e+01,2.192655e+01,2.167100e+01,2.194725e+01,2.186445e+01,2.169866e+01,2.182993e+01,2.176086e+01,2.176086e+01,2.175395e+01,2.175395e+01,2.169175e+01,2.167100e+01,2.186445e+01,2.185755e+01,2.170557e+01,2.188516e+01,2.189206e+01,2.195414e+01,2.191965e+01,2.190586e+01,2.189896e+01,2.196104e+01,2.193345e+01,2.193345e+01,2.195414e+01,2.195414e+01,2.202308e+01,2.198862e+01,2.215394e+01,2.202997e+01,2.205754e+01,2.198862e+01,2.197483e+01,2.212641e+01,2.209886e+01,2.203687e+01,2.205754e+01,2.208509e+01,2.208509e+01,2.207820e+01,2.202308e+01,2.199551e+01,2.198862e+01,2.205754e+01,2.202308e+01,2.197483e+01,2.208509e+01,2.207131e+01,2.201619e+01,2.200930e+01,2.206442e+01,2.207131e+01,2.211263e+01,2.197483e+01,2.205754e+01,2.210575e+01,2.200930e+01,2.204376e+01,2.202308e+01,2.194725e+01,2.191965e+01,2.198862e+01,2.191965e+01,2.192655e+01,2.187135e+01,2.208509e+01,2.208509e+01,2.192655e+01,2.216771e+01,2.189896e+01,2.199551e+01,2.198172e+01,2.189896e+01,2.200930e+01,2.194725e+01,2.194035e+01,2.196104e+01,2.192655e+01,2.189206e+01,2.198862e+01,2.200241e+01,2.176777e+01,2.194725e+01,2.192655e+01,2.185065e+01,2.183684e+01,2.203687e+01,2.185755e+01,2.185755e+01,2.185065e+01,2.188516e+01,2.179540e+01,2.181612e+01,2.186445e+01,2.184374e+01,2.185065e+01,2.182303e+01,2.194035e+01,2.183684e+01,2.176086e+01,2.182303e+01,2.179540e+01,2.185065e+01,2.193345e+01,2.177468e+01,2.194725e+01,2.194725e+01,2.179540e+01,2.182303e+01,2.193345e+01,2.185065e+01,2.188516e+01,2.194725e+01,2.198862e+01,2.201619e+01,2.196104e+01,2.204376e+01,2.192655e+01,2.188516e+01,2.208509e+01,2.194725e+01,2.202308e+01,2.201619e+01,2.206442e+01,2.207131e+01,2.203687e+01,2.218147e+01,2.219523e+01,2.220211e+01,2.216771e+01,2.220899e+01,2.218147e+01,2.220211e+01,2.218147e+01,2.218835e+01,2.219523e+01,2.229151e+01,2.213329e+01,2.231212e+01,2.207131e+01,2.225713e+01,2.214017e+01,2.217459e+01,2.222962e+01,2.222275e+01,2.209198e+01,2.211263e+01,2.227088e+01,2.207131e+01,2.209886e+01,2.209886e+01,2.202308e+01,2.220899e+01,2.205754e+01,2.207131e+01,2.209198e+01,2.219523e+01,2.214706e+01,2.196793e+01,2.218147e+01,2.214706e+01,2.214706e+01,2.205754e+01,2.207131e+01,2.208509e+01,2.217459e+01,2.209886e+01,2.217459e+01,2.205754e+01,2.216082e+01,2.206442e+01,2.211952e+01,2.220899e+01,2.207820e+01,2.205754e+01,2.212641e+01,2.210575e+01,2.204376e+01,2.209198e+01,2.212641e+01,2.199551e+01,2.213329e+01,2.208509e+01,2.202997e+01,2.199551e+01,2.207820e+01,2.200241e+01,2.204376e+01,2.198862e+01,2.197483e+01,2.179540e+01,2.195414e+01,2.205065e+01,2.202997e+01,2.191276e+01,2.183684e+01,2.171248e+01,2.187825e+01,2.196793e+01,2.186445e+01,2.158106e+01,2.186445e+01,2.163642e+01,2.180922e+01,2.161566e+01,2.172631e+01,2.164334e+01,2.169175e+01,2.159490e+01,2.165025e+01,2.171940e+01,2.167792e+01,2.144253e+01,2.153952e+01,2.145639e+01,2.170557e+01,2.166409e+01,2.156721e+01,2.152567e+01,2.164334e+01,2.158106e+01,2.144253e+01,2.163642e+01,2.153260e+01,2.146332e+01,2.145639e+01,2.146332e+01,2.162258e+01,2.159490e+01,2.155337e+01,2.153260e+01,2.158798e+01,2.150489e+01,2.166409e+01,2.164334e+01,2.158798e+01,2.170557e+01,2.172631e+01,2.167792e+01,2.164334e+01,2.155337e+01,2.153952e+01,2.169866e+01,2.175395e+01,2.167100e+01,2.162950e+01,2.151875e+01,2.166409e+01,2.162950e+01,2.171940e+01,2.173322e+01,2.166409e+01,2.156029e+01,2.160874e+01,2.171940e+01,2.171940e+01,2.169866e+01,2.169175e+01,2.169866e+01,2.169175e+01,2.163642e+01,2.159490e+01,2.147718e+01,2.158106e+01,2.153260e+01,2.157414e+01,2.169175e+01,2.167792e+01,2.153952e+01,2.160874e+01,2.150489e+01,2.139400e+01,2.141480e+01,2.142867e+01,2.142867e+01,2.140094e+01,2.142867e+01,2.148411e+01,2.140787e+01,2.151875e+01,2.151182e+01,2.137320e+01,2.151182e+01,2.146332e+01,2.142867e+01,2.146332e+01,2.123439e+01,2.142867e+01,2.140094e+01,2.137320e+01,2.140094e+01,2.146332e+01,2.147025e+01,2.145639e+01,2.149104e+01,2.145639e+01,2.143560e+01,2.154645e+01,2.148411e+01,2.151182e+01,2.149796e+01,2.144946e+01,2.169175e+01,2.147025e+01,2.141480e+01,2.150489e+01,2.147025e+01,2.156029e+01,2.149796e+01,2.151182e+01,2.147718e+01,2.156721e+01,2.142174e+01,2.136626e+01,2.153260e+01,2.160182e+01,2.164334e+01,2.146332e+01,2.162950e+01,2.149104e+01,2.166409e+01,2.158106e+01,2.154645e+01,2.147718e+01,2.153952e+01,2.153260e+01,2.158798e+01,2.160182e+01,2.156721e+01,2.162258e+01,2.161566e+01,2.157414e+01
2.240142e+01,2.225026e+01,2.225026e+01,2.229838e+01,2.233961e+01,2.255237e+01,2.274416e+01,2.279889e+01,2.270994e+01,2.299706e+01,2.321527e+01,2.295609e+01,2.309258e+01,2.301071e+01,2.329699e+01,2.299706e+01,2.321527e+01,2.327656e+01,2.308576e+01,2.304483e+01,2.326976e+01,2.335143e+01,2.328337e+01,2.336503e+01,2.341264e+01,2.327656e+01,2.328337e+01,2.324933e+01,2.343983e+01,2.335143e+01,2.324252e+01,2.328337e+01,2.337864e+01,2.329699e+01,2.322890e+01,2.346701e+01,2.340584e+01,2.339224e+01,2.360962e+01,2.339224e+01,2.329699e+01,2.326976e+01,2.321527e+01,2.341944e+01,2.335823e+01,2.329699e+01,2.337864e+01,2.339224e+01,2.346022e+01,2.333782e+01,2.350099e+01,2.331740e+01,2.354174e+01,2.347381e+01,2.332421e+01,2.331060e+01,2.329699e+01,2.354174e+01,2.354853e+01,2.352816e+01,2.355532e+01,2.369102e+01,2.351457e+01,2.360283e+01,2.347381e+01,2.343303e+01,2.345342e+01,2.346701e+01,2.344662e+01,2.345342e+01,2.341944e+01,2.337183e+01,2.322209e+01,2.332421e+01,2.329018e+01,2.326976e+01,2.324252e+01,2.309940e+01,2.307894e+01,2.313350e+01,2.302436e+01,2.309258e+01,2.308576e+01,2.293560e+01,2.307894e+01,2.296975e+01,2.296292e+01,2.303801e+01,2.298340e+01,2.299023e+01,2.288094e+01,2.286727e+01,2.301071e+01,2.286043e+01,2.288777e+01,2.283993e+01,2.290144e+01,2.283309e+01,2.283993e+01,2.286043e+01,2.279889e+01,2.277837e+01,2.273047e+01,2.285360e+01,2.275101e+01,2.288777e+01,2.288777e+01,2.275785e+01,2.279206e+01,2.268255e+01,2.281257e+01,2.267571e+01,2.288777e+01,2.291510e+01,2.272363e+01,2.294243e+01,2.283993e+01,2.277153e+01,2.286043e+01,2.284676e+01,2.262091e+01,2.242202e+01,2.227088e+01,2.229151e+01,2.214017e+01,2.196793e+01,2.194035e+01,2.194725e+01,2.190586e+01,2.182303e+01,2.196793e+01,2.177468e+01,2.176777e+01,2.193345e+01,2.165025e+01,2.189896e+01,2.189206e+01,2.190586e+01,2.177468e+01,2.172631e+01,2.180231e+01,2.186445e+01,2.177468e+01,2.185755e+01,2.186445e+01,2.178850e+01,2.177468e+01,2.182303e+01,2.175395e+01,2.188516e+01,2.187135e+01,2.176777e+01,2.185065e+01,2.178850e+01,2.170557e+01,2.186445e+01,2.172631e+01,2.182993e+01,2.178159e+01,2.186445e+01,2.180231e+01,2.186445e+01,2.182303e+01,2.207820e+01,2.189206e+01,2.183684e+01,2.200930e+01,2.176777e+01,2.180922e+01,2.191965e+01,2.191965e+01,2.176086e+01,2.183684e+01,2.200930e+01,2.194035e+01,2.196793e+01,2.199551e+01,2.182993e+01,2.192655e+01,2.187825e+01,2.200241e+01,2.201619e+01,2.195414e+01,2.198862e+01,2.197483e+01,2.197483e+01,2.198862e+01,2.205754e+01,2.198862e+01,2.200241e+01,2.203687e+01,2.189206e+01,2.205754e+01,2.215394e+01,2.190586e+01,2.205754e+01,2.207820e+01,2.205754e+01,2.199551e+01,2.211263e+01,2.206442e+01,2.205065e+01,2.195414e+01,2.211263e+01,2.201619e+01,2.196793e+01,2.211952e+01,2.191276e+01,2.200241e+01,2.199551e+01,2.208509e+01,2.192655e+01,2.184374e+01,2.190586e+01,2.180922e+01,2.195414e+01,2.196104e+01,2.196104e+01,2.195414e+01,2.202308e+01,2.200241e+01,2.174013e+01,2.180922e+01,2.185755e+01,2.181612e+01,2.183684e+01,2.178850e+01,2.189206e+01,2.198172e+01,2.189896e+01,2.189206e+01,2.178850e+01,2.191276e+01,2.187825e+01,2.193345e+01,2.205754e+01,2.185755e+01,2.200930e+01,2.200930e+01,2.183684e+01,2.193345e+01,2.182993e+01,2.186445e+01,2.196104e+01,2.189896e+01,2.187825e+01,2.198172e+01,2.198862e+01,2.196793e+01,2.195414e+01,2.198862e+01,2.200930e+01,2.198172e+01,2.196104e+01,2.194035e+01,2.200930e+01,2.191276e+01,2.205754e+01,2.200930e+01,2.198862e+01,2.197483e+01,2.195414e+01,2.214706e+01,2.202997e+01,2.202997e+01,2.207131e+01,2.211263e+01,2.196793e+01,2.214706e+01,2.214706e+01,2.211952e+01,2.211952e+01,2.185755e+01,2.214017e+01,2.202308e+01,2.203687e+01,2.213329e+01,2.216082e+01,2.211952e+01,2.220899e+01,2.222962e+01,2.222962e+01,2.217459e+01,2.225713e+01,2.225713e+01,2.229838e+01,2.228463e+01,2.222962e+01,2.224338e+01,2.235335e+01,2.234648e+01,2.226401e+01,2.225026e+01,2.216771e+01,2.225713e+01,2.216771e+01,2.224338e+01,2.232587e+01,2.209886e+01,2.209886e+01,2.206442e+01,2.210575e+01,2.201619e+01,2.205065e+01,2.207820e+01,2.184374e+01,2.201619e+01,2.198862e+01,2.174013e+01,2.184374e+01,2.187825e+01,2.182303e+01,2.185755e+01,2.170557e+01,2.189206e+01,2.175395e+01,2.176777e+01,2.179540e+01,2.175395e+01,2.171940e+01,2.191276e+01,2.181612e+01,2.191276e+01,2.189206e+01,2.171248e+01,2.185755e+01,2.189206e+01,2.191965e+01,2.187135e+01,2.191965e+01,2.194725e+01,2.197483e+01,2.194725e+01,2.190586e+01,2.211263e+01,2.192655e+01,2.198862e+01,2.200930e+01,2.214706e+01,2.205754e+01,2.201619e+01,2.195414e+01,2.198862e+01,2.200930e+01,2.207820e+01,2.206442e+01,2.200241e+01,2.206442e+01,2.206442e+01,2.216771e+01,2.197483e+01,2.202997e+01,2.205065e+01,2.200241e+01,2.198172e+01,2.206442e+01,2.197483e+01,2.201619e+01,2.202997e+01,2.198862e+01,2.196793e+01,2.196793e+01,2.200930e+01,2.197483e+01,2.200241e+01,2.209886e+01,2.191965e+01,2.206442e+01,2.190586e+01,2.187135e+01,2.187825e+01,2.210575e+01,2.200241e+01,2.185755e+01,2.204376e+01,2.194725e+01,2.194725e+01,2.193345e+01,2.196793e+01,2.199551e+01,2.196104e+01,2.197483e+01,2.192655e+01,2.193345e+01,2.185065e+01,2.194035e+01,2.198862e+01,2.199551e+01,2.195414e+01,2.201619e+01,2.203687e+01,2.184374e+01,2.194725e+01,2.191965e+01,2.185755e+01,2.181612e+01,2.186445e+01,2.188516e+01,2.174704e+01,2.187135e+01,2.185065e+01,2.189206e+01,2.187825e+01,2.186445e+01,2.182993e+01,2.187135e+01,2.181612e+01,2.188516e+01,2.186445e+01,2.192655e+01,2.195414e+01,2.178850e+01,2.178850e+01,2.185755e+01,2.194035e+01,2.182303e+01,2.174013e+01,2.195414e+01,2.185755e+01,2.198862e+01,2.195414e+01,2.194725e+01,2.200241e+01,2.191965e+01,2.191965e+01,2.207131e+01,2.197483e+01,2.204376e+01,2.199551e+01,2.204376e+01,2.202997e+01,2.207131e+01,2.211952e+01,2.208509e+01,2.211952e+01,2.216082e+01,2.213329e+01,2.210575e+01,2.216771e+01,2.218835e+01,2.218835e+01,2.221587e+01,2.216082e+01,2.216771e+01,2.230525e+01,2.212641e+01,2.207131e+01,2.217459e+01,2.215394e+01,2.216771e+01,2.214706e+01,2.214017e+01,2.212641e+01,2.222962e+01,2.211952e+01,2.221587e+01,2.210575e+01,2.213329e+01,2.215394e+01,2.216082e+01,2.210575e+01,2.214706e+01,2.207820e+01,2.216082e+01,2.233961e+01,2.218835e+01,2.221587e+01,2.218147e+01,2.216082e+01,2.218147e+01,2.209886e+01,2.218835e+01,2.196793e+01,2.214706e+01,2.205065e+01,2.214017e+01,2.214017e+01,2.216082e+01,2.216082e+01,2.216771e+01,2.209886e+01,2.204376e+01,2.212641e+01,2.210575e+01,2.204376e+01,2.200930e+01,2.201619e+01,2.201619e+01,2.211263e+01,2.208509e+01,2.207820e+01,2.204376e+01,2.196793e+01,2.202308e+01,2.197483e+01,2.200241e+01,2.199551e+01,2.191276e+01,2.190586e+01,2.182303e+01,2.173322e+01,2.176777e+01,2.175395e+01,2.187825e+01,2.189206e+01,2.178850e+01,2.198172e+01,2.189206e+01,2.166409e+01,2.178850e+01,2.169175e+01,2.167792e+01,2.170557e+01,2.167792e+01,2.167792e+01,2.166409e+01,2.161566e+01,2.157414e+01,2.151875e+01,2.164334e+01,2.164334e+01,2.142867e+01,2.151875e+01,2.147718e+01,2.172631e+01,2.158106e+01,2.165025e+01,2.160182e+01,2.160874e+01,2.149104e+01,2.167100e+01,2.151182e+01,2.151182e+01,2.172631e+01,2.171248e+01,2.163642e+01,2.157414e+01,2.167100e+01,2.169175e+01,2.156721e+01,2.156029e+01,2.151182e+01,2.174013e+01,2.155337e+01,2.190586e+01,2.167792e+01,2.167100e+01,2.172631e+01,2.171940e+01,2.169175e+01,2.156721e+01,2.170557e+01,2.175395e+01,2.148411e+01,2.167792e+01,2.165717e+01,2.172631e+01,2.156029e+01,2.172631e+01,2.167100e+01,2.158106e+01,2.172631e+01,2.155337e+01,2.171940e+01,2.165025e+01,2.167100e+01,2.169866e+01,2.153952e+01,2.158106e+01,2.156721e+01,2.156721e+01,2.156029e+01,2.162950e+01,2.151875e+01,2.152567e+01,2.151182e+01,2.153260e+01,2.152567e+01,2.136626e+01,2.157414e+01,2.149104e+01,2.142174e+01,2.142174e+01,2.142867e+01,2.141480e+01,2.135933e+01,2.144946e+01,2.142867e+01,2.155337e+01,2.144253e+01,2.138707e+01,2.133851e+01,2.131770e+01,2.149104e+01,2.119966e+01,2.131076e+01,2.144946e+01,2.135239e+01,2.138707e+01,2.146332e+01,2.145639e+01,2.141480e+01,2.149796e+01,2.151182e+01,2.144946e+01,2.155337e+01,2.153952e+01,2.146332e+01,2.141480e+01,2.149796e+01,2.146332e+01,2.149796e+01,2.147718e+01,2.153952e+01,2.142174e+01,2.133158e+01,2.137320e+01,2.142867e+01,2.167100e+01,2.154645e+01,2.156721e+01,2.144946e+01,2.158798e+01,2.149104e+01,2.143560e+01,2.158798e+01,2.147718e+01,2.157414e+01,2.146332e+01,2.147718e+01,2.151875e+01,2.153260e+01,2.171940e+01,2.150489e+01,2.152567e+01,2.150489e+01,2.135239e+01,2.162950e+01,2.151875e+01,2.165717e+01
2.220899e+01,2.245634e+01,2.243575e+01,2.224338e+01,2.254551e+01,2.251122e+01,2.264146e+01,2.278522e+01,2.289461e+01,2.300388e+01,2.291510e+01,2.318121e+01,2.286043e+01,2.313350e+01,2.322209e+01,2.314713e+01,2.308576e+01,2.329018e+01,2.323571e+01,2.305165e+01,2.314031e+01,2.324252e+01,2.327656e+01,2.325614e+01,2.327656e+01,2.312668e+01,2.311304e+01,2.331740e+01,2.325614e+01,2.319484e+01,2.333101e+01,2.331740e+01,2.333101e+01,2.333782e+01,2.344662e+01,2.327656e+01,2.340584e+01,2.343983e+01,2.339224e+01,2.329699e+01,2.313350e+01,2.311304e+01,2.320846e+01,2.329699e+01,2.332421e+01,2.330379e+01,2.333101e+01,2.317439e+01,2.326295e+01,2.346022e+01,2.321527e+01,2.353495e+01,2.332421e+01,2.330379e+01,2.330379e+01,2.341264e+01,2.352136e+01,2.346022e+01,2.375203e+01,2.333101e+01,2.357569e+01,2.353495e+01,2.333101e+01,2.354174e+01,2.327656e+01,2.351457e+01,2.345342e+01,2.333101e+01,2.352136e+01,2.332421e+01,2.337864e+01,2.331060e+01,2.321527e+01,2.330379e+01,2.324933e+01,2.321527e+01,2.321527e+01,2.314031e+01,2.309258e+01,2.309940e+01,2.292194e+01,2.292194e+01,2.301071e+01,2.296975e+01,2.301753e+01,2.302436e+01,2.299023e+01,2.292877e+01,2.286043e+01,2.302436e+01,2.292194e+01,2.295609e+01,2.288094e+01,2.294243e+01,2.288777e+01,2.286727e+01,2.286043e+01,2.279889e+01,2.279206e+01,2.294243e+01,2.275785e+01,2.277837e+01,2.273047e+01,2.270309e+01,2.273732e+01,2.267571e+01,2.270309e+01,2.273047e+01,2.266886e+01,2.280573e+01,2.278522e+01,2.280573e+01,2.268255e+01,2.277837e+01,2.288777e+01,2.279889e+01,2.270994e+01,2.262776e+01,2.250437e+01,2.242202e+01,2.244261e+01,2.240142e+01,2.233961e+01,2.214706e+01,2.211263e+01,2.204376e+01,2.194035e+01,2.191276e+01,2.190586e+01,2.195414e+01,2.185065e+01,2.180922e+01,2.174704e+01,2.176086e+01,2.194035e+01,2.197483e+01,2.190586e+01,2.189896e+01,2.178850e+01,2.174704e+01,2.190586e+01,2.177468e+01,2.187825e+01,2.188516e+01,2.177468e+01,2.179540e+01,2.185755e+01,2.183684e+01,2.187825e+01,2.171940e+01,2.182303e+01,2.183684e+01,2.189896e+01,2.189206e+01,2.181612e+01,2.182993e+01,2.179540e+01,2.186445e+01,2.182303e+01,2.180922e+01,2.168483e+01,2.179540e+01,2.179540e+01,2.185755e+01,2.184374e+01,2.183684e+01,2.171940e+01,2.176777e+01,2.188516e+01,2.188516e+01,2.189206e+01,2.181612e+01,2.189896e+01,2.194035e+01,2.198172e+01,2.198172e+01,2.187135e+01,2.193345e+01,2.196104e+01,2.194035e+01,2.198862e+01,2.191965e+01,2.191965e+01,2.190586e+01,2.192655e+01,2.197483e+01,2.198172e+01,2.200241e+01,2.197483e+01,2.191965e+01,2.193345e+01,2.195414e+01,2.198862e+01,2.185755e+01,2.196104e+01,2.204376e+01,2.197483e+01,2.216082e+01,2.208509e+01,2.206442e+01,2.202308e+01,2.207820e+01,2.195414e+01,2.207131e+01,2.197483e+01,2.198172e+01,2.211952e+01,2.200241e+01,2.206442e+01,2.200930e+01,2.194725e+01,2.197483e+01,2.205754e+01,2.210575e+01,2.186445e+01,2.183684e+01,2.200930e+01,2.200930e+01,2.194725e+01,2.191965e+01,2.189206e+01,2.179540e+01,2.190586e+01,2.196793e+01,2.197483e+01,2.197483e+01,2.200930e+01,2.180231e+01,2.194035e+01,2.189206e+01,2.197483e+01,2.185065e+01,2.194035e+01,2.190586e+01,2.179540e+01,2.192655e+01,2.186445e+01,2.186445e+01,2.185755e+01,2.200930e+01,2.203687e+01,2.185755e+01,2.194035e+01,2.202997e+01,2.184374e+01,2.189896e+01,2.204376e+01,2.195414e+01,2.194725e+01,2.192655e+01,2.198862e+01,2.205065e+01,2.203687e+01,2.194725e+01,2.207820e+01,2.201619e+01,2.198172e+01,2.202308e+01,2.206442e+01,2.207131e+01,2.200930e+01,2.200930e+01,2.204376e+01,2.196104e+01,2.210575e+01,2.213329e+01,2.197483e+01,2.211952e+01,2.216771e+01,2.199551e+01,2.214017e+01,2.206442e+01,2.210575e+01,2.214706e+01,2.216082e+01,2.220211e+01,2.211952e+01,2.204376e+01,2.216771e+01,2.212641e+01,2.221587e+01,2.211263e+01,2.214017e+01,2.225713e+01,2.229838e+01,2.228463e+01,2.229838e+01,2.230525e+01,2.225713e+01,2.223650e+01,2.222962e+01,2.237395e+01,2.218147e+01,2.227088e+01,2.217459e+01,2.211952e+01,2.214706e+01,2.215394e+01,2.204376e+01,2.202997e+01,2.202997e+01,2.205065e+01,2.209198e+01,2.187825e+01,2.191965e+01,2.201619e+01,2.198172e+01,2.187825e+01,2.193345e+01,2.178850e+01,2.185065e+01,2.185755e+01,2.192655e+01,2.174704e+01,2.173322e+01,2.173322e+01,2.173322e+01,2.183684e+01,2.184374e+01,2.185065e+01,2.182993e+01,2.166409e+01,2.188516e+01,2.196104e+01,2.187825e+01,2.187135e+01,2.184374e+01,2.189896e+01,2.205065e+01,2.205754e+01,2.194725e+01,2.200241e+01,2.200930e+01,2.198172e+01,2.208509e+01,2.194725e+01,2.191965e+01,2.193345e+01,2.202997e+01,2.217459e+01,2.203687e+01,2.196793e+01,2.214017e+01,2.212641e+01,2.213329e+01,2.212641e+01,2.209886e+01,2.196793e+01,2.198172e+01,2.202997e+01,2.197483e+01,2.189206e+01,2.207820e+01,2.207820e+01,2.202997e+01,2.180922e+01,2.201619e+01,2.199551e+01,2.205065e+01,2.195414e+01,2.198862e+01,2.198862e+01,2.195414e+01,2.197483e+01,2.196793e+01,2.193345e+01,2.205754e+01,2.190586e+01,2.191965e+01,2.189206e+01,2.209886e+01,2.187135e+01,2.191276e+01,2.186445e+01,2.202308e+01,2.183684e+01,2.195414e+01,2.196793e+01,2.197483e+01,2.182993e+01,2.200930e+01,2.187135e+01,2.198172e+01,2.194725e+01,2.194035e+01,2.191276e+01,2.194725e+01,2.189896e+01,2.187135e+01,2.189896e+01,2.201619e+01,2.189896e+01,2.182993e+01,2.191965e+01,2.183684e+01,2.186445e+01,2.189206e+01,2.185755e+01,2.171940e+01,2.194725e+01,2.182993e+01,2.176086e+01,2.194725e+01,2.182993e+01,2.186445e+01,2.181612e+01,2.169175e+01,2.182993e+01,2.182993e+01,2.178159e+01,2.191965e+01,2.178159e+01,2.184374e+01,2.177468e+01,2.177468e+01,2.193345e+01,2.174704e+01,2.187135e+01,2.178850e+01,2.195414e+01,2.182993e+01,2.192655e+01,2.200241e+01,2.187135e+01,2.212641e+01,2.208509e+01,2.201619e+01,2.174704e+01,2.200241e+01,2.187825e+01,2.205065e+01,2.209886e+01,2.205754e+01,2.196104e+01,2.209198e+01,2.206442e+01,2.212641e+01,2.213329e+01,2.212641e+01,2.212641e+01,2.216771e+01,2.210575e+01,2.198172e+01,2.216771e+01,2.207820e+01,2.218147e+01,2.200930e+01,2.212641e+01,2.218147e+01,2.211263e+01,2.216082e+01,2.218835e+01,2.218835e+01,2.219523e+01,2.210575e+01,2.217459e+01,2.219523e+01,2.207820e+01,2.214706e+01,2.217459e+01,2.214017e+01,2.204376e+01,2.213329e+01,2.215394e+01,2.211263e+01,2.221587e+01,2.203687e+01,2.216771e+01,2.206442e+01,2.219523e+01,2.218835e+01,2.211952e+01,2.211263e+01,2.204376e+01,2.216082e+01,2.214017e+01,2.207131e+01,2.204376e+01,2.204376e+01,2.207131e+01,2.207820e+01,2.197483e+01,2.211263e+01,2.207820e+01,2.201619e+01,2.200930e+01,2.200930e+01,2.214017e+01,2.202997e+01,2.202997e+01,2.199551e+01,2.200241e+01,2.213329e+01,2.198172e+01,2.200930e+01,2.204376e+01,2.209886e+01,2.202997e+01,2.191965e+01,2.177468e+01,2.186445e+01,2.179540e+01,2.187135e+01,2.189206e+01,2.174704e+01,2.169175e+01,2.191276e+01,2.182303e+01,2.169866e+01,2.168483e+01,2.166409e+01,2.162258e+01,2.165717e+01,2.149104e+01,2.163642e+01,2.160874e+01,2.152567e+01,2.159490e+01,2.163642e+01,2.151182e+01,2.145639e+01,2.147025e+01,2.156029e+01,2.156029e+01,2.156029e+01,2.167792e+01,2.156029e+01,2.165717e+01,2.155337e+01,2.157414e+01,2.146332e+01,2.147718e+01,2.153260e+01,2.153952e+01,2.156029e+01,2.162258e+01,2.169175e+01,2.169866e+01,2.162950e+01,2.155337e+01,2.166409e+01,2.161566e+01,2.157414e+01,2.158798e+01,2.158798e+01,2.164334e+01,2.174013e+01,2.167792e+01,2.177468e+01,2.166409e+01,2.167792e+01,2.166409e+01,2.173322e+01,2.169175e+01,2.175395e+01,2.161566e+01,2.165717e+01,2.162258e+01,2.155337e+01,2.158106e+01,2.162258e+01,2.172631e+01,2.165717e+01,2.162950e+01,2.167792e+01,2.172631e+01,2.160874e+01,2.145639e+01,2.159490e+01,2.156721e+01,2.158106e+01,2.143560e+01,2.156721e+01,2.164334e+01,2.149796e+01,2.153260e+01,2.142867e+01,2.148411e+01,2.151875e+01,2.151182e+01,2.140787e+01,2.147025e+01,2.141480e+01,2.142174e+01,2.141480e+01,2.154645e+01,2.135239e+01,2.133158e+01,2.142174e+01,2.147025e+01,2.143560e+01,2.131076e+01,2.138707e+01,2.147718e+01,2.135933e+01,2.147718e+01,2.131770e+01,2.132464e+01,2.141480e+01,2.139400e+01,2.147025e+01,2.136626e+01,2.152567e+01,2.144253e+01,2.147025e+01,2.149104e+01,2.149796e+01,2.135239e+01,2.152567e+01,2.147025e+01,2.156721e+01,2.144253e+01,2.141480e+01,2.171248e+01,2.138707e+01,2.149796e+01,2.150489e+01,2.146332e+01,2.152567e+01,2.146332e+01,2.144253e+01,2.162950e+01,2.141480e+01,2.138707e+01,2.156721e+01,2.147025e+01,2.148411e+01,2.153260e+01,2.150489e+01,2.153952e+01,2.135239e+01,2.149796e+01,2.154645e+01,2.153260e+01,2.153952e+01,2.151182e+01,2.145639e+01,2.142867e+01,2.148411e+01,2.155337e+01
2.218147e+01,2.257294e+01,2.229151e+01,2.225713e+01,2.229151e+01,2.265516e+01,2.262776e+01,2.278522e+01,2.273732e+01,2.293560e+01,2.297657e+01,2.299023e+01,2.298340e+01,2.307212e+01,2.296292e+01,2.311304e+01,2.301753e+01,2.300388e+01,2.322890e+01,2.303801e+01,2.315395e+01,2.329018e+01,2.341264e+01,2.314713e+01,2.327656e+01,2.322209e+01,2.326295e+01,2.324933e+01,2.323571e+01,2.314713e+01,2.325614e+01,2.325614e+01,2.335143e+01,2.337864e+01,2.336503e+01,2.336503e+01,2.338544e+01,2.337183e+01,2.335143e+01,2.335823e+01,2.309940e+01,2.314713e+01,2.321527e+01,2.337183e+01,2.334462e+01,2.324933e+01,2.322209e+01,2.320165e+01,2.326976e+01,2.325614e+01,2.326295e+01,2.320846e+01,2.332421e+01,2.328337e+01,2.352816e+01,2.337864e+01,2.346022e+01,2.346022e+01,2.346701e+01,2.352816e+01,2.329699e+01,2.339224e+01,2.339224e+01,2.333782e+01,2.346701e+01,2.348740e+01,2.335143e+01,2.354174e+01,2.350778e+01,2.332421e+01,2.331740e+01,2.322890e+01,2.322890e+01,2.316758e+01,2.322890e+01,2.319484e+01,2.327656e+01,2.321527e+01,2.307212e+01,2.304483e+01,2.305848e+01,2.301753e+01,2.297657e+01,2.307894e+01,2.295609e+01,2.294243e+01,2.296292e+01,2.292194e+01,2.288777e+01,2.293560e+01,2.293560e+01,2.288094e+01,2.292194e+01,2.296292e+01,2.284676e+01,2.286043e+01,2.284676e+01,2.283993e+01,2.283309e+01,2.281257e+01,2.275101e+01,2.268940e+01,2.255237e+01,2.256608e+01,2.258665e+01,2.257294e+01,2.247692e+01,2.253180e+01,2.252494e+01,2.258665e+01,2.253180e+01,2.264831e+01,2.266201e+01,2.267571e+01,2.268940e+01,2.268940e+01,2.266201e+01,2.247006e+01,2.268940e+01,2.240829e+01,2.228463e+01,2.231900e+01,2.209198e+01,2.225026e+01,2.244261e+01,2.192655e+01,2.192655e+01,2.195414e+01,2.187825e+01,2.194725e+01,2.184374e+01,2.180231e+01,2.176086e+01,2.175395e+01,2.196104e+01,2.194035e+01,2.172631e+01,2.193345e+01,2.176086e+01,2.195414e+01,2.175395e+01,2.174013e+01,2.181612e+01,2.182993e+01,2.178850e+01,2.182303e+01,2.189896e+01,2.180231e+01,2.183684e+01,2.189206e+01,2.183684e+01,2.185755e+01,2.190586e+01,2.182993e+01,2.178850e+01,2.182993e+01,2.179540e+01,2.184374e+01,2.187135e+01,2.178850e+01,2.182993e+01,2.189896e+01,2.178159e+01,2.182303e+01,2.203687e+01,2.178850e+01,2.180231e+01,2.185065e+01,2.184374e+01,2.187825e+01,2.194035e+01,2.180922e+01,2.176777e+01,2.182993e+01,2.185755e+01,2.191965e+01,2.184374e+01,2.198862e+01,2.199551e+01,2.198862e+01,2.183684e+01,2.178159e+01,2.189896e+01,2.197483e+01,2.193345e+01,2.187825e+01,2.193345e+01,2.198172e+01,2.197483e+01,2.191965e+01,2.204376e+01,2.194035e+01,2.197483e+01,2.196793e+01,2.187825e+01,2.193345e+01,2.193345e+01,2.207131e+01,2.204376e+01,2.195414e+01,2.196104e+01,2.191276e+01,2.195414e+01,2.196793e+01,2.195414e+01,2.209886e+01,2.198862e+01,2.199551e+01,2.198862e+01,2.204376e+01,2.201619e+01,2.205065e+01,2.187825e+01,2.200241e+01,2.218835e+01,2.195414e+01,2.198862e+01,2.193345e+01,2.185755e+01,2.195414e+01,2.197483e+01,2.192655e+01,2.190586e+01,2.178850e+01,2.187135e+01,2.199551e+01,2.189206e+01,2.198862e+01,2.190586e+01,2.185755e+01,2.184374e+01,2.206442e+01,2.181612e+01,2.186445e+01,2.212641e+01,2.191965e+01,2.191276e+01,2.191276e+01,2.189896e+01,2.197483e+01,2.191276e+01,2.196793e+01,2.192655e+01,2.190586e+01,2.200930e+01,2.200241e+01,2.194035e+01,2.197483e+01,2.195414e+01,2.199551e+01,2.204376e+01,2.209886e+01,2.192655e+01,2.200241e+01,2.202997e+01,2.209198e+01,2.206442e+01,2.205754e+01,2.211952e+01,2.200241e+01,2.210575e+01,2.213329e+01,2.195414e+01,2.201619e+01,2.212641e+01,2.194035e+01,2.202308e+01,2.198172e+01,2.214017e+01,2.214017e+01,2.211952e+01,2.206442e+01,2.214706e+01,2.214017e+01,2.207131e+01,2.217459e+01,2.217459e+01,2.222962e+01,2.217459e+01,2.215394e+01,2.216771e+01,2.222962e+01,2.223650e+01,2.226401e+01,2.227088e+01,2.232587e+01,2.229151e+01,2.229151e+01,2.229838e+01,2.225026e+01,2.227088e+01,2.229151e+01,2.241516e+01,2.207131e+01,2.214706e+01,2.222275e+01,2.221587e+01,2.225026e+01,2.221587e+01,2.205065e+01,2.207820e+01,2.206442e+01,2.208509e+01,2.205065e+01,2.195414e+01,2.207131e+01,2.204376e+01,2.185065e+01,2.187825e+01,2.191965e+01,2.181612e+01,2.189206e+01,2.171940e+01,2.177468e+01,2.170557e+01,2.176777e+01,2.176086e+01,2.177468e+01,2.175395e+01,2.187135e+01,2.185065e+01,2.182303e+01,2.181612e+01,2.187135e+01,2.185755e+01,2.191965e+01,2.178159e+01,2.198862e+01,2.191965e+01,2.196793e+01,2.197483e+01,2.198172e+01,2.195414e+01,2.199551e+01,2.207820e+01,2.199551e+01,2.189206e+01,2.198172e+01,2.190586e+01,2.193345e+01,2.197483e+01,2.200930e+01,2.197483e+01,2.200241e+01,2.212641e+01,2.205754e+01,2.206442e+01,2.202997e+01,2.201619e+01,2.198862e+01,2.207131e+01,2.205754e+01,2.197483e+01,2.208509e+01,2.202997e+01,2.199551e+01,2.202997e+01,2.202997e+01,2.192655e+01,2.196104e+01,2.203687e+01,2.192655e+01,2.194035e+01,2.199551e+01,2.195414e+01,2.192655e+01,2.196793e+01,2.194035e+01,2.187825e+01,2.191276e+01,2.189896e+01,2.189206e+01,2.187135e+01,2.184374e+01,2.198172e+01,2.198862e+01,2.194725e+01,2.199551e+01,2.185755e+01,2.182303e+01,2.196793e+01,2.194725e+01,2.196104e+01,2.195414e+01,2.182303e+01,2.198172e+01,2.186445e+01,2.192655e+01,2.186445e+01,2.195414e+01,2.185755e+01,2.187825e+01,2.182303e+01,2.194035e+01,2.184374e+01,2.177468e+01,2.189896e+01,2.198862e+01,2.191276e+01,2.192655e+01,2.193345e+01,2.187135e+01,2.181612e+01,2.191276e+01,2.191276e+01,2.182303e+01,2.179540e+01,2.182303e+01,2.172631e+01,2.180231e+01,2.182993e+01,2.180922e+01,2.189206e+01,2.177468e+01,2.171940e+01,2.171940e+01,2.173322e+01,2.187135e+01,2.176086e+01,2.189896e+01,2.176777e+01,2.197483e+01,2.201619e+01,2.196793e+01,2.185065e+01,2.203687e+01,2.209886e+01,2.185755e+01,2.205754e+01,2.202997e+01,2.186445e+01,2.203687e+01,2.205065e+01,2.201619e+01,2.204376e+01,2.209886e+01,2.200930e+01,2.216082e+01,2.215394e+01,2.216082e+01,2.221587e+01,2.215394e+01,2.218147e+01,2.216082e+01,2.219523e+01,2.214017e+01,2.214706e+01,2.214017e+01,2.203687e+01,2.213329e+01,2.214017e+01,2.210575e+01,2.209198e+01,2.224338e+01,2.208509e+01,2.219523e+01,2.222275e+01,2.211952e+01,2.215394e+01,2.214017e+01,2.213329e+01,2.211263e+01,2.214017e+01,2.212641e+01,2.220899e+01,2.205065e+01,2.211263e+01,2.211952e+01,2.213329e+01,2.214706e+01,2.210575e+01,2.195414e+01,2.207131e+01,2.219523e+01,2.209198e+01,2.209198e+01,2.209198e+01,2.216082e+01,2.211263e+01,2.207131e+01,2.211952e+01,2.207820e+01,2.211263e+01,2.217459e+01,2.196793e+01,2.204376e+01,2.198172e+01,2.207820e+01,2.209886e+01,2.205754e+01,2.212641e+01,2.194725e+01,2.215394e+01,2.197483e+01,2.194035e+01,2.191965e+01,2.185755e+01,2.185755e+01,2.185755e+01,2.184374e+01,2.175395e+01,2.182993e+01,2.175395e+01,2.180922e+01,2.176086e+01,2.171248e+01,2.189206e+01,2.159490e+01,2.173322e+01,2.169866e+01,2.167100e+01,2.162950e+01,2.165025e+01,2.158106e+01,2.166409e+01,2.166409e+01,2.167100e+01,2.166409e+01,2.153260e+01,2.151875e+01,2.156721e+01,2.165717e+01,2.155337e+01,2.158106e+01,2.158106e+01,2.158106e+01,2.162258e+01,2.153952e+01,2.155337e+01,2.154645e+01,2.141480e+01,2.149796e+01,2.147718e+01,2.151182e+01,2.152567e+01,2.167100e+01,2.165717e+01,2.158106e+01,2.160874e+01,2.147718e+01,2.157414e+01,2.153952e+01,2.158798e+01,2.159490e+01,2.169175e+01,2.158798e+01,2.162258e+01,2.170557e+01,2.164334e+01,2.174704e+01,2.168483e+01,2.166409e+01,2.182993e+01,2.174704e+01,2.163642e+01,2.166409e+01,2.163642e+01,2.171940e+01,2.162258e+01,2.169866e+01,2.160182e+01,2.166409e+01,2.158798e+01,2.161566e+01,2.159490e+01,2.176777e+01,2.154645e+01,2.151875e+01,2.153952e+01,2.154645e+01,2.140094e+01,2.138013e+01,2.145639e+01,2.146332e+01,2.139400e+01,2.144946e+01,2.146332e+01,2.142867e+01,2.125522e+01,2.151182e+01,2.153952e+01,2.155337e+01,2.141480e+01,2.146332e+01,2.151182e+01,2.144946e+01,2.142867e+01,2.126217e+01,2.147025e+01,2.138013e+01,2.135933e+01,2.140787e+01,2.147025e+01,2.127605e+01,2.126911e+01,2.146332e+01,2.133158e+01,2.131076e+01,2.132464e+01,2.132464e+01,2.140787e+01,2.130382e+01,2.132464e+01,2.128299e+01,2.134545e+01,2.133851e+01,2.148411e+01,2.137320e+01,2.147025e+01,2.144253e+01,2.148411e+01,2.138707e+01,2.150489e+01,2.145639e+01,2.149796e+01,2.133851e+01,2.147025e+01,2.141480e+01,2.149796e+01,2.142867e+01,2.165717e+01,2.147025e+01,2.143560e+01,2.141480e+01,2.142174e+01,2.147025e+01,2.147718e+01,2.136626e+01,2.158798e+01,2.133851e+01,2.151182e+01,2.135239e+01,2.152567e+01,2.140787e+01,2.139400e+01,2.157414e+01,2.148411e+01,2.138013e+01,2.138707e+01,2.147718e+01
2.231212e+01,2.249751e+01,2.272363e+01,2.251808e+01,2.255923e+01,2.246320e+01,2.256608e+01,2.263461e+01,2.266201e+01,2.275785e+01,2.289461e+01,2.290827e+01,2.298340e+01,2.305848e+01,2.310622e+01,2.307894e+01,2.300388e+01,2.303801e+01,2.309258e+01,2.320846e+01,2.333101e+01,2.309258e+01,2.320846e+01,2.324252e+01,2.313350e+01,2.303118e+01,2.318802e+01,2.323571e+01,2.324252e+01,2.304483e+01,2.333101e+01,2.326976e+01,2.335143e+01,2.331060e+01,2.338544e+01,2.336503e+01,2.338544e+01,2.325614e+01,2.326295e+01,2.325614e+01,2.324252e+01,2.321527e+01,2.322209e+01,2.331740e+01,2.329018e+01,2.317439e+01,2.304483e+01,2.325614e+01,2.323571e+01,2.322209e+01,2.315395e+01,2.326976e+01,2.324933e+01,2.349419e+01,2.332421e+01,2.323571e+01,2.341264e+01,2.338544e+01,2.336503e+01,2.335823e+01,2.334462e+01,2.332421e+01,2.334462e+01,2.339224e+01,2.351457e+01,2.332421e+01,2.340584e+01,2.331060e+01,2.333782e+01,2.329699e+01,2.333782e+01,2.330379e+01,2.316076e+01,2.328337e+01,2.321527e+01,2.311986e+01,2.317439e+01,2.313350e+01,2.309258e+01,2.303801e+01,2.293560e+01,2.288094e+01,2.301071e+01,2.290144e+01,2.299706e+01,2.292877e+01,2.295609e+01,2.295609e+01,2.290827e+01,2.299706e+01,2.285360e+01,2.288777e+01,2.286727e+01,2.283309e+01,2.284676e+01,2.281941e+01,2.270309e+01,2.274416e+01,2.265516e+01,2.270309e+01,2.273732e+01,2.260035e+01,2.254551e+01,2.254551e+01,2.256608e+01,2.187135e+01,2.205065e+01,2.191965e+01,2.231900e+01,2.238082e+01,2.257294e+01,2.246320e+01,2.253180e+01,2.249065e+01,2.268255e+01,2.246320e+01,2.251122e+01,2.260035e+01,2.218147e+01,2.216771e+01,2.220899e+01,2.214706e+01,2.222962e+01,2.219523e+01,2.209886e+01,2.211263e+01,2.181612e+01,2.185755e+01,2.184374e+01,2.190586e+01,2.179540e+01,2.174704e+01,2.175395e+01,2.181612e+01,2.178159e+01,2.181612e+01,2.174013e+01,2.184374e+01,2.177468e+01,2.178850e+01,2.182303e+01,2.180922e+01,2.173322e+01,2.187825e+01,2.182303e+01,2.170557e+01,2.174704e+01,2.178850e+01,2.180231e+01,2.180922e+01,2.184374e+01,2.187135e+01,2.187825e+01,2.188516e+01,2.177468e+01,2.183684e+01,2.181612e+01,2.179540e+01,2.174013e+01,2.172631e+01,2.179540e+01,2.182303e+01,2.182993e+01,2.178159e+01,2.182303e+01,2.182303e+01,2.189896e+01,2.188516e+01,2.184374e+01,2.185065e+01,2.176086e+01,2.189206e+01,2.178159e+01,2.189206e+01,2.187825e+01,2.187135e+01,2.196104e+01,2.191276e+01,2.198862e+01,2.196793e+01,2.193345e+01,2.198172e+01,2.203687e+01,2.197483e+01,2.191965e+01,2.190586e+01,2.191965e+01,2.211952e+01,2.195414e+01,2.189896e+01,2.196104e+01,2.187825e+01,2.192655e+01,2.191965e+01,2.193345e+01,2.203687e+01,2.195414e+01,2.197483e+01,2.199551e+01,2.205754e+01,2.191965e+01,2.204376e+01,2.200930e+01,2.198172e+01,2.197483e+01,2.196793e+01,2.194035e+01,2.196104e+01,2.195414e+01,2.200930e+01,2.201619e+01,2.191276e+01,2.193345e+01,2.202308e+01,2.197483e+01,2.186445e+01,2.205065e+01,2.196793e+01,2.190586e+01,2.200241e+01,2.187135e+01,2.191276e+01,2.191965e+01,2.187135e+01,2.193345e+01,2.197483e+01,2.192655e+01,2.191965e+01,2.194725e+01,2.184374e+01,2.193345e+01,2.183684e+01,2.187135e+01,2.190586e+01,2.192655e+01,2.184374e+01,2.183684e+01,2.197483e+01,2.195414e+01,2.189896e+01,2.204376e+01,2.198172e+01,2.190586e+01,2.191276e+01,2.191276e+01,2.191965e+01,2.199551e+01,2.194725e+01,2.197483e+01,2.207820e+01,2.209198e+01,2.207820e+01,2.200241e+01,2.202997e+01,2.205065e+01,2.209886e+01,2.204376e+01,2.207820e+01,2.205065e+01,2.214017e+01,2.220899e+01,2.199551e+01,2.198172e+01,2.198172e+01,2.218835e+01,2.213329e+01,2.233274e+01,2.206442e+01,2.200241e+01,2.211952e+01,2.201619e+01,2.213329e+01,2.215394e+01,2.220211e+01,2.222275e+01,2.220211e+01,2.218147e+01,2.218147e+01,2.222275e+01,2.227776e+01,2.221587e+01,2.231212e+01,2.227088e+01,2.225713e+01,2.225026e+01,2.225713e+01,2.231900e+01,2.228463e+01,2.233961e+01,2.225713e+01,2.228463e+01,2.227776e+01,2.226401e+01,2.222962e+01,2.220211e+01,2.221587e+01,2.218835e+01,2.207131e+01,2.202997e+01,2.204376e+01,2.211263e+01,2.202308e+01,2.206442e+01,2.206442e+01,2.205065e+01,2.192655e+01,2.197483e+01,2.187825e+01,2.183684e+01,2.183684e+01,2.176086e+01,2.170557e+01,2.185065e+01,2.180231e+01,2.175395e+01,2.174013e+01,2.180231e+01,2.171248e+01,2.182993e+01,2.185065e+01,2.184374e+01,2.182993e+01,2.178850e+01,2.176777e+01,2.169175e+01,2.178159e+01,2.175395e+01,2.176086e+01,2.176777e+01,2.196793e+01,2.200930e+01,2.186445e+01,2.194035e+01,2.194725e+01,2.198172e+01,2.195414e+01,2.211952e+01,2.207131e+01,2.208509e+01,2.198172e+01,2.200930e+01,2.198862e+01,2.215394e+01,2.191276e+01,2.193345e+01,2.208509e+01,2.202997e+01,2.203687e+01,2.196104e+01,2.185065e+01,2.209198e+01,2.205754e+01,2.192655e+01,2.207820e+01,2.202997e+01,2.202308e+01,2.202308e+01,2.199551e+01,2.192655e+01,2.200930e+01,2.191276e+01,2.203687e+01,2.195414e+01,2.193345e+01,2.214706e+01,2.198862e+01,2.200930e+01,2.192655e+01,2.193345e+01,2.196104e+01,2.198172e+01,2.197483e+01,2.189206e+01,2.200241e+01,2.182993e+01,2.188516e+01,2.202308e+01,2.193345e+01,2.202308e+01,2.190586e+01,2.200241e+01,2.179540e+01,2.185065e+01,2.179540e+01,2.197483e+01,2.180231e+01,2.180922e+01,2.187135e+01,2.185065e+01,2.184374e+01,2.197483e+01,2.189206e+01,2.189206e+01,2.182303e+01,2.194035e+01,2.191276e+01,2.173322e+01,2.191276e+01,2.170557e+01,2.173322e+01,2.175395e+01,2.183684e+01,2.186445e+01,2.192655e+01,2.189206e+01,2.185065e+01,2.191965e+01,2.180922e+01,2.181612e+01,2.180922e+01,2.169175e+01,2.185755e+01,2.174704e+01,2.189896e+01,2.162950e+01,2.163642e+01,2.170557e+01,2.184374e+01,2.176086e+01,2.182303e+01,2.202308e+01,2.186445e+01,2.187825e+01,2.190586e+01,2.179540e+01,2.193345e+01,2.191965e+01,2.198172e+01,2.200930e+01,2.206442e+01,2.204376e+01,2.207131e+01,2.205754e+01,2.202308e+01,2.207131e+01,2.199551e+01,2.196104e+01,2.206442e+01,2.202997e+01,2.212641e+01,2.207131e+01,2.212641e+01,2.218147e+01,2.214706e+01,2.216771e+01,2.197483e+01,2.200930e+01,2.208509e+01,2.214706e+01,2.214017e+01,2.216082e+01,2.212641e+01,2.211952e+01,2.213329e+01,2.211263e+01,2.220899e+01,2.202308e+01,2.207131e+01,2.215394e+01,2.202308e+01,2.208509e+01,2.205754e+01,2.216771e+01,2.208509e+01,2.205754e+01,2.213329e+01,2.201619e+01,2.213329e+01,2.208509e+01,2.210575e+01,2.207820e+01,2.209886e+01,2.206442e+01,2.217459e+01,2.211952e+01,2.202308e+01,2.205065e+01,2.210575e+01,2.202308e+01,2.215394e+01,2.211263e+01,2.209198e+01,2.194725e+01,2.208509e+01,2.203687e+01,2.202308e+01,2.204376e+01,2.211952e+01,2.202308e+01,2.192655e+01,2.196793e+01,2.191965e+01,2.195414e+01,2.196104e+01,2.207131e+01,2.189896e+01,2.188516e+01,2.190586e+01,2.182303e+01,2.177468e+01,2.185065e+01,2.180231e+01,2.171248e+01,2.182303e+01,2.167792e+01,2.171248e+01,2.179540e+01,2.158798e+01,2.169866e+01,2.167100e+01,2.162950e+01,2.165717e+01,2.157414e+01,2.164334e+01,2.149796e+01,2.166409e+01,2.160874e+01,2.146332e+01,2.147025e+01,2.151182e+01,2.137320e+01,2.158106e+01,2.142174e+01,2.162950e+01,2.156029e+01,2.161566e+01,2.150489e+01,2.158106e+01,2.156721e+01,2.143560e+01,2.158798e+01,2.146332e+01,2.161566e+01,2.171940e+01,2.156029e+01,2.166409e+01,2.160874e+01,2.149104e+01,2.162950e+01,2.163642e+01,2.185755e+01,2.156721e+01,2.165717e+01,2.165717e+01,2.169866e+01,2.167792e+01,2.163642e+01,2.156029e+01,2.159490e+01,2.166409e+01,2.160182e+01,2.161566e+01,2.155337e+01,2.168483e+01,2.161566e+01,2.153952e+01,2.162950e+01,2.159490e+01,2.171940e+01,2.177468e+01,2.161566e+01,2.162950e+01,2.162950e+01,2.160874e+01,2.158798e+01,2.156029e+01,2.156029e+01,2.164334e+01,2.151875e+01,2.156029e+01,2.150489e+01,2.152567e+01,2.165025e+01,2.147025e+01,2.153952e+01,2.142867e+01,2.148411e+01,2.142867e+01,2.147718e+01,2.147025e+01,2.133158e+01,2.140094e+01,2.140094e+01,2.143560e+01,2.145639e+01,2.144253e+01,2.125522e+01,2.147025e+01,2.131770e+01,2.129688e+01,2.133851e+01,2.127605e+01,2.131770e+01,2.117186e+01,2.134545e+01,2.110234e+01,2.124133e+01,2.140787e+01,2.133158e+01,2.139400e+01,2.147718e+01,2.128993e+01,2.130382e+01,2.129688e+01,2.149796e+01,2.158798e+01,2.147718e+01,2.149796e+01,2.134545e+01,2.136626e+01,2.147718e+01,2.132464e+01,2.144253e+01,2.144946e+01,2.155337e+01,2.141480e+01,2.151875e+01,2.143560e+01,2.121355e+01,2.144253e+01,2.128299e+01,2.142867e+01,2.142867e+01,2.140787e+01,2.142174e+01,2.142867e+01,2.144946e+01,2.144253e+01,2.150489e+01,2.147718e+01,2.149796e+01,2.153952e+01,2.146332e+01,2.153260e+01,2.149104e+01,2.142867e+01,2.162950e+01,2.161566e+01,2.133851e+01,2.141480e+01
2.241516e+01,2.253180e+01,2.279889e+01,2.252494e+01,2.238769e+01,2.248379e+01,2.266201e+01,2.273047e+01,2.260720e+01,2.283993e+01,2.286727e+01,2.289461e+01,2.289461e+01,2.292194e+01,2.305165e+01,2.297657e+01,2.306530e+01,2.325614e+01,2.304483e+01,2.323571e+01,2.312668e+01,2.310622e+01,2.310622e+01,2.320165e+01,2.318802e+01,2.319484e+01,2.314031e+01,2.307894e+01,2.332421e+01,2.307894e+01,2.318121e+01,2.333101e+01,2.325614e+01,2.330379e+01,2.338544e+01,2.333782e+01,2.335143e+01,2.328337e+01,2.316758e+01,2.319484e+01,2.319484e+01,2.317439e+01,2.307212e+01,2.315395e+01,2.320846e+01,2.305848e+01,2.326976e+01,2.318802e+01,2.325614e+01,2.319484e+01,2.319484e+01,2.322890e+01,2.329699e+01,2.331060e+01,2.326976e+01,2.338544e+01,2.320165e+01,2.324933e+01,2.334462e+01,2.346022e+01,2.331740e+01,2.327656e+01,2.351457e+01,2.326295e+01,2.324252e+01,2.350778e+01,2.333101e+01,2.347381e+01,2.324933e+01,2.333782e+01,2.328337e+01,2.326295e+01,2.322209e+01,2.322209e+01,2.323571e+01,2.320846e+01,2.306530e+01,2.300388e+01,2.307894e+01,2.306530e+01,2.313350e+01,2.297657e+01,2.305165e+01,2.293560e+01,2.298340e+01,2.307894e+01,2.298340e+01,2.294243e+01,2.297657e+01,2.291510e+01,2.290144e+01,2.279889e+01,2.283993e+01,2.285360e+01,2.277153e+01,2.264831e+01,2.271679e+01,2.277837e+01,2.270309e+01,2.270994e+01,2.264831e+01,2.264831e+01,2.249751e+01,2.258665e+01,2.212641e+01,2.170557e+01,2.149796e+01,2.138707e+01,2.182993e+01,2.187135e+01,2.203687e+01,2.231900e+01,2.233274e+01,2.240829e+01,2.252494e+01,2.247006e+01,2.245634e+01,2.244261e+01,2.241516e+01,2.244948e+01,2.235335e+01,2.227088e+01,2.220211e+01,2.207820e+01,2.224338e+01,2.200930e+01,2.194035e+01,2.183684e+01,2.185755e+01,2.182303e+01,2.189896e+01,2.182993e+01,2.184374e+01,2.180922e+01,2.189206e+01,2.189206e+01,2.185755e+01,2.179540e+01,2.174013e+01,2.176086e+01,2.194725e+01,2.180231e+01,2.184374e+01,2.183684e+01,2.170557e+01,2.182303e+01,2.173322e+01,2.182993e+01,2.179540e+01,2.187825e+01,2.185755e+01,2.182303e+01,2.171940e+01,2.182303e+01,2.180922e+01,2.178850e+01,2.181612e+01,2.179540e+01,2.179540e+01,2.172631e+01,2.180922e+01,2.182303e+01,2.180231e+01,2.194035e+01,2.191276e+01,2.178850e+01,2.187135e+01,2.183684e+01,2.189206e+01,2.189206e+01,2.188516e+01,2.190586e+01,2.184374e+01,2.191965e+01,2.187135e+01,2.194725e+01,2.191276e+01,2.185065e+01,2.187135e+01,2.186445e+01,2.200241e+01,2.199551e+01,2.196793e+01,2.189206e+01,2.186445e+01,2.202997e+01,2.194035e+01,2.190586e+01,2.198172e+01,2.200930e+01,2.192655e+01,2.194725e+01,2.192655e+01,2.191276e+01,2.198862e+01,2.201619e+01,2.199551e+01,2.202997e+01,2.209198e+01,2.194725e+01,2.205754e+01,2.205754e+01,2.201619e+01,2.179540e+01,2.202308e+01,2.203687e+01,2.205754e+01,2.200930e+01,2.200241e+01,2.205065e+01,2.204376e+01,2.195414e+01,2.203687e+01,2.204376e+01,2.215394e+01,2.196104e+01,2.198172e+01,2.198862e+01,2.195414e+01,2.194035e+01,2.202997e+01,2.187825e+01,2.185065e+01,2.198172e+01,2.195414e+01,2.196104e+01,2.214017e+01,2.198862e+01,2.194725e+01,2.184374e+01,2.191276e+01,2.188516e+01,2.189896e+01,2.187825e+01,2.197483e+01,2.203687e+01,2.191276e+01,2.190586e+01,2.185755e+01,2.200930e+01,2.200930e+01,2.193345e+01,2.205065e+01,2.192655e+01,2.204376e+01,2.194725e+01,2.201619e+01,2.197483e+01,2.196104e+01,2.203687e+01,2.203687e+01,2.209886e+01,2.200241e+01,2.203687e+01,2.205754e+01,2.205065e+01,2.198172e+01,2.210575e+01,2.201619e+01,2.198172e+01,2.201619e+01,2.211952e+01,2.214017e+01,2.198172e+01,2.209886e+01,2.212641e+01,2.211952e+01,2.212641e+01,2.211263e+01,2.214017e+01,2.214017e+01,2.216082e+01,2.213329e+01,2.221587e+01,2.218835e+01,2.223650e+01,2.223650e+01,2.221587e+01,2.230525e+01,2.227776e+01,2.220899e+01,2.231900e+01,2.224338e+01,2.225713e+01,2.221587e+01,2.224338e+01,2.228463e+01,2.227088e+01,2.233274e+01,2.223650e+01,2.222275e+01,2.228463e+01,2.227088e+01,2.225713e+01,2.221587e+01,2.216771e+01,2.216771e+01,2.215394e+01,2.222962e+01,2.206442e+01,2.201619e+01,2.205754e+01,2.206442e+01,2.205065e+01,2.207131e+01,2.189206e+01,2.186445e+01,2.182993e+01,2.178850e+01,2.187825e+01,2.187135e+01,2.183684e+01,2.183684e+01,2.187825e+01,2.180922e+01,2.176086e+01,2.178850e+01,2.180231e+01,2.178159e+01,2.180922e+01,2.187135e+01,2.179540e+01,2.177468e+01,2.193345e+01,2.176777e+01,2.176086e+01,2.192655e+01,2.197483e+01,2.198862e+01,2.194035e+01,2.195414e+01,2.196104e+01,2.188516e+01,2.191276e+01,2.193345e+01,2.200241e+01,2.201619e+01,2.196104e+01,2.189896e+01,2.200930e+01,2.220899e+01,2.192655e+01,2.194035e+01,2.198862e+01,2.194725e+01,2.215394e+01,2.191276e+01,2.200241e+01,2.205065e+01,2.199551e+01,2.213329e+01,2.206442e+01,2.205754e+01,2.205754e+01,2.189896e+01,2.214017e+01,2.208509e+01,2.207820e+01,2.205754e+01,2.203687e+01,2.207820e+01,2.190586e+01,2.209198e+01,2.194725e+01,2.200930e+01,2.188516e+01,2.200241e+01,2.182993e+01,2.200930e+01,2.196793e+01,2.194725e+01,2.188516e+01,2.198172e+01,2.188516e+01,2.199551e+01,2.199551e+01,2.183684e+01,2.201619e+01,2.183684e+01,2.195414e+01,2.186445e+01,2.197483e+01,2.194725e+01,2.184374e+01,2.200241e+01,2.179540e+01,2.176777e+01,2.185065e+01,2.183684e+01,2.180231e+01,2.189896e+01,2.186445e+01,2.189206e+01,2.189896e+01,2.174013e+01,2.176777e+01,2.183684e+01,2.168483e+01,2.178159e+01,2.189896e+01,2.182993e+01,2.183684e+01,2.182303e+01,2.183684e+01,2.176777e+01,2.189896e+01,2.176777e+01,2.183684e+01,2.179540e+01,2.177468e+01,2.185755e+01,2.183684e+01,2.165717e+01,2.175395e+01,2.184374e+01,2.180231e+01,2.180231e+01,2.183684e+01,2.183684e+01,2.188516e+01,2.187825e+01,2.191276e+01,2.188516e+01,2.180231e+01,2.188516e+01,2.202997e+01,2.189896e+01,2.206442e+01,2.206442e+01,2.207131e+01,2.207820e+01,2.204376e+01,2.207131e+01,2.198862e+01,2.213329e+01,2.205065e+01,2.205754e+01,2.215394e+01,2.208509e+01,2.214706e+01,2.222275e+01,2.205754e+01,2.210575e+01,2.219523e+01,2.222275e+01,2.220211e+01,2.212641e+01,2.202997e+01,2.213329e+01,2.211263e+01,2.219523e+01,2.215394e+01,2.222962e+01,2.214706e+01,2.218835e+01,2.205754e+01,2.224338e+01,2.216771e+01,2.208509e+01,2.205065e+01,2.205065e+01,2.208509e+01,2.215394e+01,2.204376e+01,2.221587e+01,2.202997e+01,2.219523e+01,2.213329e+01,2.218147e+01,2.219523e+01,2.207131e+01,2.216082e+01,2.210575e+01,2.220899e+01,2.218835e+01,2.202997e+01,2.201619e+01,2.204376e+01,2.214706e+01,2.212641e+01,2.205754e+01,2.189206e+01,2.205065e+01,2.232587e+01,2.198172e+01,2.212641e+01,2.207131e+01,2.212641e+01,2.194725e+01,2.206442e+01,2.197483e+01,2.198172e+01,2.189896e+01,2.189206e+01,2.189206e+01,2.194035e+01,2.181612e+01,2.190586e+01,2.178159e+01,2.189206e+01,2.185755e+01,2.185065e+01,2.170557e+01,2.172631e+01,2.180922e+01,2.171248e+01,2.152567e+01,2.158106e+01,2.152567e+01,2.158106e+01,2.162258e+01,2.165717e+01,2.160874e+01,2.155337e+01,2.149104e+01,2.154645e+01,2.165717e+01,2.158106e+01,2.166409e+01,2.167100e+01,2.158798e+01,2.154645e+01,2.159490e+01,2.160874e+01,2.156721e+01,2.160182e+01,2.159490e+01,2.154645e+01,2.151182e+01,2.161566e+01,2.161566e+01,2.144253e+01,2.150489e+01,2.146332e+01,2.167100e+01,2.158798e+01,2.158798e+01,2.166409e+01,2.165025e+01,2.165717e+01,2.162950e+01,2.165717e+01,2.159490e+01,2.162950e+01,2.167792e+01,2.163642e+01,2.170557e+01,2.162258e+01,2.166409e+01,2.169866e+01,2.168483e+01,2.178850e+01,2.167100e+01,2.166409e+01,2.160874e+01,2.161566e+01,2.176086e+01,2.157414e+01,2.162258e+01,2.153260e+01,2.154645e+01,2.165717e+01,2.160182e+01,2.162258e+01,2.167100e+01,2.160182e+01,2.167792e+01,2.149796e+01,2.153260e+01,2.159490e+01,2.149796e+01,2.145639e+01,2.140094e+01,2.157414e+01,2.133158e+01,2.158106e+01,2.144253e+01,2.129688e+01,2.156721e+01,2.153260e+01,2.149796e+01,2.155337e+01,2.142174e+01,2.133158e+01,2.145639e+01,2.146332e+01,2.133851e+01,2.124828e+01,2.128993e+01,2.145639e+01,2.124133e+01,2.122050e+01,2.123439e+01,2.120660e+01,2.135239e+01,2.125522e+01,2.126217e+01,2.130382e+01,2.100493e+01,2.132464e+01,2.128299e+01,2.103973e+01,2.124828e+01,2.131770e+01,2.126217e+01,2.129688e+01,2.136626e+01,2.143560e+01,2.133851e+01,2.140787e+01,2.141480e+01,2.134545e+01,2.140787e+01,2.140787e+01,2.135239e+01,2.140094e+01,2.144253e+01,2.117186e+01,2.125522e+01,2.127605e+01,2.140787e+01,2.134545e+01,2.140787e+01,2.139400e+01,2.151875e+01,2.135933e+01,2.154645e+01,2.139400e+01,2.127605e+01,2.125522e+01,2.146332e+01,2.127605e+01,2.151875e+01,2.142174e+01,2.140094e+01,2.147718e+01,2.138013e+01,2.147718e+01,2.149104e+01,2.150489e+01
2.240829e+01,2.245634e+01,2.281257e+01,2.238769e+01,2.256608e+01,2.231900e+01,2.252494e+01,2.266201e+01,2.269625e+01,2.255923e+01,2.279889e+01,2.283993e+01,2.300388e+01,2.275101e+01,2.288777e+01,2.305848e+01,2.301753e+01,2.310622e+01,2.309258e+01,2.301753e+01,2.321527e+01,2.293560e+01,2.307894e+01,2.303118e+01,2.315395e+01,2.307212e+01,2.310622e+01,2.308576e+01,2.327656e+01,2.309258e+01,2.311986e+01,2.318121e+01,2.336503e+01,2.328337e+01,2.341264e+01,2.335823e+01,2.333101e+01,2.345342e+01,2.310622e+01,2.320165e+01,2.306530e+01,2.315395e+01,2.310622e+01,2.311986e+01,2.312668e+01,2.312668e+01,2.321527e+01,2.323571e+01,2.314031e+01,2.311304e+01,2.317439e+01,2.322209e+01,2.314713e+01,2.320846e+01,2.326976e+01,2.319484e+01,2.320846e+01,2.316076e+01,2.319484e+01,2.327656e+01,2.314713e+01,2.324933e+01,2.327656e+01,2.335143e+01,2.326976e+01,2.330379e+01,2.329018e+01,2.320165e+01,2.326976e+01,2.311986e+01,2.339224e+01,2.311304e+01,2.324933e+01,2.313350e+01,2.319484e+01,2.313350e+01,2.315395e+01,2.317439e+01,2.316758e+01,2.315395e+01,2.311986e+01,2.310622e+01,2.299023e+01,2.296292e+01,2.289461e+01,2.295609e+01,2.292877e+01,2.293560e+01,2.290144e+01,2.299023e+01,2.286043e+01,2.288094e+01,2.272363e+01,2.268255e+01,2.280573e+01,2.280573e+01,2.264831e+01,2.263461e+01,2.253180e+01,2.270309e+01,2.251808e+01,2.253180e+01,2.255923e+01,2.242888e+01,2.185755e+01,2.135933e+01,2.147025e+01,2.144946e+01,2.131770e+01,2.136626e+01,2.177468e+01,2.162258e+01,2.194035e+01,2.209886e+01,2.226401e+01,2.222962e+01,2.225026e+01,2.222275e+01,2.226401e+01,2.237395e+01,2.217459e+01,2.214706e+01,2.233274e+01,2.209886e+01,2.207820e+01,2.201619e+01,2.195414e+01,2.189896e+01,2.189896e+01,2.178850e+01,2.179540e+01,2.182303e+01,2.187135e+01,2.184374e+01,2.187135e+01,2.178159e+01,2.189896e+01,2.194725e+01,2.172631e+01,2.184374e+01,2.173322e+01,2.181612e+01,2.189206e+01,2.183684e+01,2.180231e+01,2.184374e+01,2.179540e+01,2.182303e+01,2.179540e+01,2.180231e+01,2.181612e+01,2.186445e+01,2.176086e+01,2.178850e+01,2.171940e+01,2.170557e+01,2.191276e+01,2.187825e+01,2.193345e+01,2.188516e+01,2.183684e+01,2.183684e+01,2.180922e+01,2.174704e+01,2.176777e+01,2.175395e+01,2.188516e+01,2.185065e+01,2.196104e+01,2.185065e+01,2.185755e+01,2.185065e+01,2.187825e+01,2.185755e+01,2.189896e+01,2.187135e+01,2.183684e+01,2.188516e+01,2.186445e+01,2.179540e+01,2.184374e+01,2.189206e+01,2.187135e+01,2.189206e+01,2.185065e+01,2.189896e+01,2.191276e+01,2.201619e+01,2.198172e+01,2.185755e+01,2.191276e+01,2.188516e+01,2.200930e+01,2.196104e+01,2.176777e+01,2.178850e+01,2.199551e+01,2.202308e+01,2.199551e+01,2.190586e+01,2.209886e+01,2.212641e+01,2.200930e+01,2.201619e+01,2.199551e+01,2.205754e+01,2.204376e+01,2.205754e+01,2.195414e+01,2.190586e+01,2.202308e+01,2.204376e+01,2.196793e+01,2.204376e+01,2.209886e+01,2.194725e+01,2.201619e+01,2.204376e+01,2.196793e+01,2.198172e+01,2.191276e+01,2.189206e+01,2.194725e+01,2.199551e+01,2.186445e+01,2.196104e+01,2.198172e+01,2.188516e+01,2.197483e+01,2.198172e+01,2.189896e+01,2.185065e+01,2.189896e+01,2.196104e+01,2.188516e+01,2.195414e+01,2.198862e+01,2.183684e+01,2.204376e+01,2.202997e+01,2.194035e+01,2.205065e+01,2.200930e+01,2.200241e+01,2.200930e+01,2.199551e+01,2.187135e+01,2.190586e+01,2.207131e+01,2.205754e+01,2.201619e+01,2.202997e+01,2.203687e+01,2.198172e+01,2.196793e+01,2.200930e+01,2.185755e+01,2.201619e+01,2.208509e+01,2.213329e+01,2.194725e+01,2.215394e+01,2.214017e+01,2.200241e+01,2.200241e+01,2.205754e+01,2.212641e+01,2.208509e+01,2.216082e+01,2.216082e+01,2.216771e+01,2.200241e+01,2.215394e+01,2.224338e+01,2.218835e+01,2.216082e+01,2.222962e+01,2.219523e+01,2.211952e+01,2.224338e+01,2.231212e+01,2.231900e+01,2.229838e+01,2.225713e+01,2.231212e+01,2.234648e+01,2.232587e+01,2.233961e+01,2.231212e+01,2.228463e+01,2.219523e+01,2.233274e+01,2.220899e+01,2.216771e+01,2.222275e+01,2.225713e+01,2.214017e+01,2.213329e+01,2.218147e+01,2.210575e+01,2.217459e+01,2.199551e+01,2.201619e+01,2.206442e+01,2.186445e+01,2.182303e+01,2.183684e+01,2.183684e+01,2.174704e+01,2.179540e+01,2.183684e+01,2.174704e+01,2.180922e+01,2.189206e+01,2.178159e+01,2.182303e+01,2.172631e+01,2.163642e+01,2.176777e+01,2.177468e+01,2.176777e+01,2.174013e+01,2.169866e+01,2.180231e+01,2.174013e+01,2.178850e+01,2.180231e+01,2.177468e+01,2.177468e+01,2.181612e+01,2.198172e+01,2.194725e+01,2.191276e+01,2.186445e+01,2.189896e+01,2.189896e+01,2.209886e+01,2.195414e+01,2.191276e+01,2.186445e+01,2.190586e+01,2.198862e+01,2.197483e+01,2.196104e+01,2.203687e+01,2.200241e+01,2.199551e+01,2.202997e+01,2.200930e+01,2.200241e+01,2.203687e+01,2.204376e+01,2.200930e+01,2.204376e+01,2.196104e+01,2.195414e+01,2.200930e+01,2.201619e+01,2.193345e+01,2.207820e+01,2.203687e+01,2.190586e+01,2.193345e+01,2.185755e+01,2.196104e+01,2.192655e+01,2.198172e+01,2.190586e+01,2.196793e+01,2.178850e+01,2.194035e+01,2.193345e+01,2.200241e+01,2.202308e+01,2.190586e+01,2.202997e+01,2.200930e+01,2.202308e+01,2.179540e+01,2.198172e+01,2.183684e+01,2.193345e+01,2.180922e+01,2.182303e+01,2.184374e+01,2.181612e+01,2.185065e+01,2.187135e+01,2.195414e+01,2.182303e+01,2.195414e+01,2.184374e+01,2.191965e+01,2.184374e+01,2.186445e+01,2.186445e+01,2.174704e+01,2.182993e+01,2.182993e+01,2.187135e+01,2.183684e+01,2.175395e+01,2.187135e+01,2.185065e+01,2.187825e+01,2.176777e+01,2.179540e+01,2.176777e+01,2.176777e+01,2.179540e+01,2.180231e+01,2.170557e+01,2.178850e+01,2.169175e+01,2.166409e+01,2.182303e+01,2.185065e+01,2.180231e+01,2.185065e+01,2.180922e+01,2.165717e+01,2.186445e+01,2.188516e+01,2.181612e+01,2.187135e+01,2.185755e+01,2.204376e+01,2.201619e+01,2.205065e+01,2.194725e+01,2.212641e+01,2.206442e+01,2.210575e+01,2.199551e+01,2.199551e+01,2.205754e+01,2.202308e+01,2.220211e+01,2.211263e+01,2.211952e+01,2.203687e+01,2.211952e+01,2.215394e+01,2.212641e+01,2.230525e+01,2.205065e+01,2.218147e+01,2.211952e+01,2.218147e+01,2.208509e+01,2.214017e+01,2.209198e+01,2.207820e+01,2.208509e+01,2.209886e+01,2.204376e+01,2.205754e+01,2.207131e+01,2.216082e+01,2.211263e+01,2.209886e+01,2.209886e+01,2.218147e+01,2.218835e+01,2.213329e+01,2.214706e+01,2.200930e+01,2.220211e+01,2.216771e+01,2.210575e+01,2.222275e+01,2.204376e+01,2.204376e+01,2.218147e+01,2.200241e+01,2.204376e+01,2.204376e+01,2.213329e+01,2.201619e+01,2.194725e+01,2.204376e+01,2.188516e+01,2.202997e+01,2.197483e+01,2.195414e+01,2.206442e+01,2.212641e+01,2.190586e+01,2.190586e+01,2.198862e+01,2.206442e+01,2.193345e+01,2.191276e+01,2.187135e+01,2.194035e+01,2.185065e+01,2.183684e+01,2.189896e+01,2.179540e+01,2.176777e+01,2.156029e+01,2.180231e+01,2.173322e+01,2.176086e+01,2.158798e+01,2.171940e+01,2.159490e+01,2.163642e+01,2.158798e+01,2.158106e+01,2.159490e+01,2.162950e+01,2.160182e+01,2.154645e+01,2.156029e+01,2.146332e+01,2.156721e+01,2.146332e+01,2.159490e+01,2.156029e+01,2.160874e+01,2.154645e+01,2.139400e+01,2.159490e+01,2.160874e+01,2.161566e+01,2.156029e+01,2.154645e+01,2.148411e+01,2.140787e+01,2.163642e+01,2.137320e+01,2.144946e+01,2.149104e+01,2.149104e+01,2.158106e+01,2.126217e+01,2.163642e+01,2.145639e+01,2.165025e+01,2.161566e+01,2.150489e+01,2.160182e+01,2.163642e+01,2.161566e+01,2.156029e+01,2.175395e+01,2.160182e+01,2.169175e+01,2.160874e+01,2.156721e+01,2.159490e+01,2.165717e+01,2.162950e+01,2.166409e+01,2.145639e+01,2.165025e+01,2.156029e+01,2.149796e+01,2.162258e+01,2.194725e+01,2.156029e+01,2.139400e+01,2.158106e+01,2.161566e+01,2.162258e+01,2.157414e+01,2.162950e+01,2.145639e+01,2.149104e+01,2.156029e+01,2.139400e+01,2.128993e+01,2.137320e+01,2.142174e+01,2.126217e+01,2.140787e+01,2.140787e+01,2.132464e+01,2.136626e+01,2.137320e+01,2.144253e+01,2.121355e+01,2.145639e+01,2.144253e+01,2.126217e+01,2.133851e+01,2.124133e+01,2.136626e+01,2.131076e+01,2.124828e+01,2.131770e+01,2.118576e+01,2.119966e+01,2.131770e+01,2.121355e+01,2.110929e+01,2.137320e+01,2.139400e+01,2.123439e+01,2.144946e+01,2.123439e+01,2.131770e+01,2.128993e+01,2.144946e+01,2.130382e+01,2.130382e+01,2.129688e+01,2.128993e+01,2.139400e+01,2.131770e+01,2.137320e+01,2.130382e+01,2.133851e+01,2.144253e+01,2.131770e+01,2.143560e+01,2.125522e+01,2.138707e+01,2.130382e+01,2.132464e+01,2.142867e+01,2.140787e+01,2.149796e+01,2.152567e+01,2.146332e+01,2.126911e+01,2.144946e+01,2.143560e+01,2.134545e+01,2.153952e+01,2.141480e+01,2.141480e+01,2.141480e+01,2.151875e+01,2.149104e+01,2.128993e+01,2.135933e+01,2.133158e+01,2.147025e+01
2.241516e+01,2.233961e+01,2.236709e+01,2.236709e+01,2.249751e+01,2.243575e+01,2.249751e+01,2.275101e+01,2.266201e+01,2.278522e+01,2.277153e+01,2.284676e+01,2.291510e+01,2.287410e+01,2.279206e+01,2.295609e+01,2.304483e+01,2.301753e+01,2.303801e+01,2.299706e+01,2.307894e+01,2.303801e+01,2.311304e+01,2.311304e+01,2.284676e+01,2.309258e+01,2.307894e+01,2.303801e+01,2.303801e+01,2.304483e+01,2.306530e+01,2.330379e+01,2.329699e+01,2.328337e+01,2.337183e+01,2.339224e+01,2.326295e+01,2.322209e+01,2.320846e+01,2.299706e+01,2.300388e+01,2.310622e+01,2.304483e+01,2.307212e+01,2.318121e+01,2.324933e+01,2.326295e+01,2.322209e+01,2.317439e+01,2.316758e+01,2.322890e+01,2.316758e+01,2.324933e+01,2.320846e+01,2.314713e+01,2.316758e+01,2.317439e+01,2.311304e+01,2.326295e+01,2.314713e+01,2.321527e+01,2.327656e+01,2.318802e+01,2.314031e+01,2.320165e+01,2.321527e+01,2.314031e+01,2.323571e+01,2.311304e+01,2.314031e+01,2.324252e+01,2.311304e+01,2.303118e+01,2.320846e+01,2.298340e+01,2.300388e+01,2.297657e+01,2.310622e+01,2.318121e+01,2.301071e+01,2.305848e+01,2.300388e+01,2.292194e+01,2.302436e+01,2.303118e+01,2.296975e+01,2.291510e+01,2.290144e+01,2.299706e+01,2.277837e+01,2.271679e+01,2.274416e+01,2.269625e+01,2.268940e+01,2.273732e+01,2.272363e+01,2.270994e+01,2.266201e+01,2.255237e+01,2.264831e+01,2.243575e+01,2.250437e+01,2.229838e+01,2.232587e+01,2.207820e+01,2.154645e+01,2.138707e+01,2.150489e+01,2.135239e+01,2.146332e+01,2.151875e+01,2.168483e+01,2.144946e+01,2.167100e+01,2.191965e+01,2.222275e+01,2.213329e+01,2.221587e+01,2.222275e+01,2.225026e+01,2.212641e+01,2.214706e+01,2.211952e+01,2.208509e+01,2.209886e+01,2.193345e+01,2.209886e+01,2.185065e+01,2.190586e+01,2.179540e+01,2.188516e+01,2.175395e+01,2.174704e+01,2.185065e+01,2.185065e+01,2.184374e+01,2.178850e+01,2.175395e+01,2.183684e+01,2.171940e+01,2.169866e+01,2.188516e+01,2.186445e+01,2.189206e+01,2.187825e+01,2.178159e+01,2.184374e+01,2.195414e+01,2.178159e+01,2.187825e+01,2.185065e+01,2.174013e+01,2.180231e+01,2.179540e+01,2.187135e+01,2.189896e+01,2.197483e+01,2.177468e+01,2.179540e+01,2.189896e+01,2.173322e+01,2.189896e+01,2.185755e+01,2.180922e+01,2.189896e+01,2.186445e+01,2.178159e+01,2.190586e+01,2.175395e+01,2.186445e+01,2.184374e+01,2.183684e+01,2.189206e+01,2.190586e+01,2.188516e+01,2.191276e+01,2.177468e+01,2.183684e+01,2.187135e+01,2.196104e+01,2.180922e+01,2.185755e+01,2.193345e+01,2.189206e+01,2.194035e+01,2.187135e+01,2.200241e+01,2.188516e+01,2.198862e+01,2.196793e+01,2.198862e+01,2.199551e+01,2.194035e+01,2.196793e+01,2.205065e+01,2.190586e+01,2.200241e+01,2.201619e+01,2.204376e+01,2.195414e+01,2.200241e+01,2.207131e+01,2.210575e+01,2.200241e+01,2.198862e+01,2.200930e+01,2.202308e+01,2.207820e+01,2.198862e+01,2.191965e+01,2.201619e+01,2.209198e+01,2.202308e+01,2.208509e+01,2.206442e+01,2.205754e+01,2.209886e+01,2.188516e+01,2.204376e+01,2.200241e+01,2.202997e+01,2.192655e+01,2.200241e+01,2.197483e+01,2.196104e+01,2.197483e+01,2.197483e+01,2.199551e+01,2.191965e+01,2.199551e+01,2.193345e+01,2.200241e+01,2.199551e+01,2.209198e+01,2.200241e+01,2.211263e+01,2.184374e+01,2.205065e+01,2.205754e+01,2.187825e+01,2.205754e+01,2.199551e+01,2.210575e+01,2.196793e+01,2.194725e+01,2.216082e+01,2.220211e+01,2.204376e+01,2.202997e+01,2.214706e+01,2.200930e+01,2.209198e+01,2.212641e+01,2.205754e+01,2.218147e+01,2.198172e+01,2.212641e+01,2.209198e+01,2.209886e+01,2.209198e+01,2.213329e+01,2.200930e+01,2.212641e+01,2.221587e+01,2.216771e+01,2.227088e+01,2.213329e+01,2.214706e+01,2.212641e+01,2.213329e+01,2.216082e+01,2.222275e+01,2.216771e+01,2.231212e+01,2.225026e+01,2.225713e+01,2.218835e+01,2.220899e+01,2.221587e+01,2.225026e+01,2.228463e+01,2.233274e+01,2.225713e+01,2.230525e+01,2.238769e+01,2.226401e+01,2.238769e+01,2.226401e+01,2.230525e+01,2.225026e+01,2.229838e+01,2.231212e+01,2.225713e+01,2.230525e+01,2.223650e+01,2.216082e+01,2.230525e+01,2.202997e+01,2.218835e+01,2.217459e+01,2.197483e+01,2.211952e+01,2.199551e+01,2.206442e+01,2.206442e+01,2.189206e+01,2.182993e+01,2.196793e+01,2.178159e+01,2.188516e+01,2.178159e+01,2.179540e+01,2.178850e+01,2.178159e+01,2.180922e+01,2.182303e+01,2.176777e+01,2.175395e+01,2.175395e+01,2.174704e+01,2.183684e+01,2.176086e+01,2.168483e+01,2.171940e+01,2.171248e+01,2.179540e+01,2.178159e+01,2.176086e+01,2.171248e+01,2.185755e+01,2.192655e+01,2.193345e+01,2.190586e+01,2.191276e+01,2.186445e+01,2.194725e+01,2.187825e+01,2.201619e+01,2.188516e+01,2.201619e+01,2.202997e+01,2.198862e+01,2.199551e+01,2.205065e+01,2.213329e+01,2.202997e+01,2.189206e+01,2.190586e+01,2.205065e+01,2.203687e+01,2.205065e+01,2.202997e+01,2.202308e+01,2.193345e+01,2.200930e+01,2.200930e+01,2.190586e+01,2.195414e+01,2.202997e+01,2.192655e+01,2.192655e+01,2.195414e+01,2.186445e+01,2.198862e+01,2.198172e+01,2.203687e+01,2.200930e+01,2.202997e+01,2.200241e+01,2.196793e+01,2.200241e+01,2.177468e+01,2.196793e+01,2.177468e+01,2.202997e+01,2.205065e+01,2.176086e+01,2.185065e+01,2.182303e+01,2.181612e+01,2.194035e+01,2.182303e+01,2.186445e+01,2.184374e+01,2.185065e+01,2.188516e+01,2.182993e+01,2.194725e+01,2.186445e+01,2.189206e+01,2.196104e+01,2.189206e+01,2.176777e+01,2.178159e+01,2.179540e+01,2.182303e+01,2.183684e+01,2.174704e+01,2.182993e+01,2.185755e+01,2.165717e+01,2.186445e+01,2.184374e+01,2.176777e+01,2.188516e+01,2.176777e+01,2.179540e+01,2.174704e+01,2.180231e+01,2.174704e+01,2.176086e+01,2.183684e+01,2.175395e+01,2.182993e+01,2.169175e+01,2.163642e+01,2.154645e+01,2.176777e+01,2.171248e+01,2.180231e+01,2.188516e+01,2.189896e+01,2.179540e+01,2.165025e+01,2.189206e+01,2.191276e+01,2.193345e+01,2.202308e+01,2.195414e+01,2.202308e+01,2.196104e+01,2.202997e+01,2.213329e+01,2.202308e+01,2.212641e+01,2.211263e+01,2.206442e+01,2.207131e+01,2.238769e+01,2.205754e+01,2.206442e+01,2.222275e+01,2.210575e+01,2.226401e+01,2.211952e+01,2.213329e+01,2.216082e+01,2.221587e+01,2.218147e+01,2.210575e+01,2.202308e+01,2.212641e+01,2.207131e+01,2.218835e+01,2.211263e+01,2.216082e+01,2.220899e+01,2.214706e+01,2.210575e+01,2.211263e+01,2.209886e+01,2.213329e+01,2.218147e+01,2.201619e+01,2.220211e+01,2.202997e+01,2.201619e+01,2.229151e+01,2.219523e+01,2.203687e+01,2.207820e+01,2.215394e+01,2.202308e+01,2.219523e+01,2.213329e+01,2.218835e+01,2.205065e+01,2.208509e+01,2.211952e+01,2.210575e+01,2.202308e+01,2.191276e+01,2.194725e+01,2.211263e+01,2.202308e+01,2.212641e+01,2.187825e+01,2.205754e+01,2.199551e+01,2.203687e+01,2.201619e+01,2.174704e+01,2.189206e+01,2.194725e+01,2.188516e+01,2.182993e+01,2.180231e+01,2.186445e+01,2.192655e+01,2.187135e+01,2.171248e+01,2.179540e+01,2.179540e+01,2.162258e+01,2.159490e+01,2.167792e+01,2.165025e+01,2.167100e+01,2.164334e+01,2.163642e+01,2.158798e+01,2.157414e+01,2.156721e+01,2.156029e+01,2.150489e+01,2.158106e+01,2.142174e+01,2.143560e+01,2.152567e+01,2.165717e+01,2.154645e+01,2.160874e+01,2.160874e+01,2.152567e+01,2.157414e+01,2.148411e+01,2.154645e+01,2.157414e+01,2.144253e+01,2.165025e+01,2.143560e+01,2.135933e+01,2.135239e+01,2.156029e+01,2.159490e+01,2.156721e+01,2.161566e+01,2.154645e+01,2.155337e+01,2.163642e+01,2.154645e+01,2.146332e+01,2.159490e+01,2.159490e+01,2.165025e+01,2.150489e+01,2.165717e+01,2.159490e+01,2.163642e+01,2.163642e+01,2.166409e+01,2.165025e+01,2.167100e+01,2.167100e+01,2.169866e+01,2.153952e+01,2.162950e+01,2.151875e+01,2.151875e+01,2.163642e+01,2.161566e+01,2.159490e+01,2.158106e+01,2.158106e+01,2.128993e+01,2.155337e+01,2.170557e+01,2.142174e+01,2.155337e+01,2.151182e+01,2.147718e+01,2.143560e+01,2.150489e+01,2.140787e+01,2.124133e+01,2.124828e+01,2.136626e+01,2.140787e+01,2.115101e+01,2.133851e+01,2.138707e+01,2.144946e+01,2.133851e+01,2.128993e+01,2.113015e+01,2.129688e+01,2.128299e+01,2.135933e+01,2.144946e+01,2.131770e+01,2.131770e+01,2.131770e+01,2.115796e+01,2.109539e+01,2.128993e+01,2.129688e+01,2.123439e+01,2.134545e+01,2.128993e+01,2.131076e+01,2.137320e+01,2.118576e+01,2.128299e+01,2.140094e+01,2.138013e+01,2.126911e+01,2.122050e+01,2.129688e+01,2.131076e+01,2.138013e+01,2.136626e+01,2.138707e+01,2.138013e+01,2.141480e+01,2.141480e+01,2.139400e+01,2.142174e+01,2.133851e+01,2.130382e+01,2.138013e+01,2.134545e+01,2.124133e+01,2.135239e+01,2.147718e+01,2.134545e+01,2.142867e+01,2.139400e+01,2.137320e+01,2.126911e+01,2.156029e+01,2.142174e+01,2.123439e+01,2.156721e+01,2.124828e+01,2.138013e+01,2.159490e+01,2.140787e+01,2.144946e+01,2.140787e+01,2.141480e+01
2.239456e+01,2.229838e+01,2.214706e+01,2.214706e+01,2.230525e+01,2.255923e+01,2.240142e+01,2.244948e+01,2.283993e+01,2.279206e+01,2.275785e+01,2.264146e+01,2.285360e+01,2.289461e+01,2.289461e+01,2.307212e+01,2.294243e+01,2.296975e+01,2.319484e+01,2.301071e+01,2.296975e+01,2.303801e+01,2.301753e+01,2.303118e+01,2.312668e+01,2.303801e+01,2.306530e+01,2.309940e+01,2.315395e+01,2.303801e+01,2.325614e+01,2.318802e+01,2.329018e+01,2.326976e+01,2.320846e+01,2.341264e+01,2.324252e+01,2.304483e+01,2.323571e+01,2.322209e+01,2.304483e+01,2.297657e+01,2.309940e+01,2.292877e+01,2.308576e+01,2.305848e+01,2.309258e+01,2.308576e+01,2.288094e+01,2.319484e+01,2.313350e+01,2.311304e+01,2.321527e+01,2.319484e+01,2.309258e+01,2.310622e+01,2.309258e+01,2.317439e+01,2.318121e+01,2.318121e+01,2.305165e+01,2.323571e+01,2.313350e+01,2.320846e+01,2.313350e+01,2.323571e+01,2.322209e+01,2.323571e+01,2.311304e+01,2.309940e+01,2.321527e+01,2.311986e+01,2.302436e+01,2.303118e+01,2.298340e+01,2.303118e+01,2.307894e+01,2.299023e+01,2.296975e+01,2.301071e+01,2.294926e+01,2.301071e+01,2.294926e+01,2.305165e+01,2.305165e+01,2.301071e+01,2.292194e+01,2.301071e+01,2.279889e+01,2.290144e+01,2.279206e+01,2.272363e+01,2.275785e+01,2.276469e+01,2.275785e+01,2.256608e+01,2.271679e+01,2.256608e+01,2.257294e+01,2.255923e+01,2.254551e+01,2.238082e+01,2.220211e+01,2.227088e+01,2.200241e+01,2.158106e+01,2.135933e+01,2.133851e+01,2.130382e+01,2.147025e+01,2.128993e+01,2.158106e+01,2.151182e+01,2.168483e+01,2.168483e+01,2.174013e+01,2.174013e+01,2.212641e+01,2.222275e+01,2.211952e+01,2.227776e+01,2.209886e+01,2.202997e+01,2.203687e+01,2.188516e+01,2.197483e+01,2.191276e+01,2.186445e+01,2.187135e+01,2.186445e+01,2.192655e+01,2.175395e+01,2.178850e+01,2.185755e+01,2.196793e+01,2.177468e+01,2.174013e+01,2.177468e+01,2.187825e+01,2.174704e+01,2.187135e+01,2.187825e+01,2.185755e+01,2.169175e+01,2.187825e+01,2.185755e+01,2.178159e+01,2.185065e+01,2.179540e+01,2.183684e+01,2.179540e+01,2.180231e+01,2.184374e+01,2.191965e+01,2.178159e+01,2.170557e+01,2.178159e+01,2.174013e+01,2.187135e+01,2.189206e+01,2.179540e+01,2.184374e+01,2.188516e+01,2.186445e+01,2.183684e+01,2.174013e+01,2.209198e+01,2.182303e+01,2.185755e+01,2.187825e+01,2.186445e+01,2.182993e+01,2.187135e+01,2.182303e+01,2.182303e+01,2.194725e+01,2.182993e+01,2.195414e+01,2.191965e+01,2.189896e+01,2.187135e+01,2.191965e+01,2.188516e+01,2.184374e+01,2.184374e+01,2.182993e+01,2.184374e+01,2.189206e+01,2.201619e+01,2.199551e+01,2.200930e+01,2.200930e+01,2.177468e+01,2.189206e+01,2.198172e+01,2.182303e+01,2.201619e+01,2.189206e+01,2.203687e+01,2.212641e+01,2.206442e+01,2.200930e+01,2.207131e+01,2.205754e+01,2.205754e+01,2.204376e+01,2.200930e+01,2.204376e+01,2.202997e+01,2.202308e+01,2.201619e+01,2.198862e+01,2.202308e+01,2.201619e+01,2.202308e+01,2.198172e+01,2.206442e+01,2.198862e+01,2.217459e+01,2.189896e+01,2.217459e+01,2.197483e+01,2.200241e+01,2.201619e+01,2.186445e+01,2.207820e+01,2.199551e+01,2.197483e+01,2.196793e+01,2.194725e+01,2.194035e+01,2.197483e+01,2.216082e+01,2.185755e+01,2.200241e+01,2.198172e+01,2.200241e+01,2.205754e+01,2.195414e+01,2.191276e+01,2.207820e+01,2.198862e+01,2.205754e+01,2.205065e+01,2.189896e+01,2.210575e+01,2.206442e+01,2.201619e+01,2.211263e+01,2.201619e+01,2.208509e+01,2.209886e+01,2.205754e+01,2.216082e+01,2.209198e+01,2.216771e+01,2.198862e+01,2.203687e+01,2.210575e+01,2.204376e+01,2.214017e+01,2.216082e+01,2.222962e+01,2.217459e+01,2.218147e+01,2.209886e+01,2.212641e+01,2.209886e+01,2.219523e+01,2.216082e+01,2.214706e+01,2.214706e+01,2.219523e+01,2.219523e+01,2.231900e+01,2.225026e+01,2.224338e+01,2.222962e+01,2.225713e+01,2.233274e+01,2.236022e+01,2.240142e+01,2.229151e+01,2.241516e+01,2.228463e+01,2.228463e+01,2.228463e+01,2.227776e+01,2.230525e+01,2.233274e+01,2.222275e+01,2.220899e+01,2.223650e+01,2.216771e+01,2.222962e+01,2.213329e+01,2.227776e+01,2.216082e+01,2.207131e+01,2.198862e+01,2.202997e+01,2.201619e+01,2.209198e+01,2.205754e+01,2.185065e+01,2.189206e+01,2.193345e+01,2.178850e+01,2.191276e+01,2.188516e+01,2.191276e+01,2.187135e+01,2.171940e+01,2.178159e+01,2.184374e+01,2.181612e+01,2.178850e+01,2.169175e+01,2.166409e+01,2.165025e+01,2.171248e+01,2.165025e+01,2.139400e+01,2.172631e+01,2.183684e+01,2.155337e+01,2.181612e+01,2.180922e+01,2.191276e+01,2.183684e+01,2.193345e+01,2.191276e+01,2.187135e+01,2.188516e+01,2.200930e+01,2.187825e+01,2.187825e+01,2.197483e+01,2.209886e+01,2.189206e+01,2.197483e+01,2.202997e+01,2.200241e+01,2.198862e+01,2.197483e+01,2.189206e+01,2.196793e+01,2.198862e+01,2.206442e+01,2.202997e+01,2.198862e+01,2.202997e+01,2.205754e+01,2.204376e+01,2.202308e+01,2.197483e+01,2.200930e+01,2.196104e+01,2.193345e+01,2.198862e+01,2.194725e+01,2.194035e+01,2.196793e+01,2.198172e+01,2.178850e+01,2.201619e+01,2.186445e+01,2.202997e+01,2.196793e+01,2.194035e+01,2.202308e+01,2.191276e+01,2.185065e+01,2.198862e+01,2.189206e+01,2.192655e+01,2.178850e+01,2.182993e+01,2.186445e+01,2.189206e+01,2.192655e+01,2.194725e+01,2.192655e+01,2.195414e+01,2.184374e+01,2.185065e+01,2.185755e+01,2.186445e+01,2.182303e+01,2.185065e+01,2.180231e+01,2.184374e+01,2.184374e+01,2.185065e+01,2.181612e+01,2.178850e+01,2.185065e+01,2.176777e+01,2.186445e+01,2.184374e+01,2.175395e+01,2.184374e+01,2.185755e+01,2.180231e+01,2.182303e+01,2.176086e+01,2.180231e+01,2.187135e+01,2.172631e+01,2.178159e+01,2.177468e+01,2.178159e+01,2.172631e+01,2.172631e+01,2.165717e+01,2.183684e+01,2.179540e+01,2.169175e+01,2.187135e+01,2.166409e+01,2.187135e+01,2.176777e+01,2.182993e+01,2.187135e+01,2.187135e+01,2.188516e+01,2.185755e+01,2.201619e+01,2.195414e+01,2.205065e+01,2.205065e+01,2.211952e+01,2.209198e+01,2.209886e+01,2.198172e+01,2.192655e+01,2.205754e+01,2.217459e+01,2.214017e+01,2.206442e+01,2.211952e+01,2.210575e+01,2.212641e+01,2.209886e+01,2.214706e+01,2.214706e+01,2.228463e+01,2.216082e+01,2.202308e+01,2.203687e+01,2.200930e+01,2.213329e+01,2.218835e+01,2.217459e+01,2.201619e+01,2.205065e+01,2.214706e+01,2.211952e+01,2.209886e+01,2.211263e+01,2.216082e+01,2.208509e+01,2.200930e+01,2.220211e+01,2.216771e+01,2.202308e+01,2.207820e+01,2.200241e+01,2.211952e+01,2.208509e+01,2.211952e+01,2.214706e+01,2.217459e+01,2.212641e+01,2.196793e+01,2.218147e+01,2.211263e+01,2.209886e+01,2.210575e+01,2.206442e+01,2.207131e+01,2.207131e+01,2.202308e+01,2.190586e+01,2.195414e+01,2.201619e+01,2.198172e+01,2.198862e+01,2.198862e+01,2.202997e+01,2.187825e+01,2.189206e+01,2.197483e+01,2.180231e+01,2.195414e+01,2.198172e+01,2.192655e+01,2.183684e+01,2.178850e+01,2.176086e+01,2.180231e+01,2.179540e+01,2.182303e+01,2.166409e+01,2.169175e+01,2.167100e+01,2.174013e+01,2.160874e+01,2.182993e+01,2.171248e+01,2.156029e+01,2.158106e+01,2.159490e+01,2.165025e+01,2.149796e+01,2.159490e+01,2.149796e+01,2.153952e+01,2.152567e+01,2.153952e+01,2.151875e+01,2.149796e+01,2.149796e+01,2.147025e+01,2.151182e+01,2.169866e+01,2.151182e+01,2.147025e+01,2.166409e+01,2.151182e+01,2.165025e+01,2.143560e+01,2.147718e+01,2.159490e+01,2.157414e+01,2.158106e+01,2.162950e+01,2.164334e+01,2.158798e+01,2.164334e+01,2.151875e+01,2.143560e+01,2.154645e+01,2.169866e+01,2.166409e+01,2.160874e+01,2.164334e+01,2.174013e+01,2.161566e+01,2.165025e+01,2.164334e+01,2.165717e+01,2.153952e+01,2.158798e+01,2.156721e+01,2.157414e+01,2.161566e+01,2.168483e+01,2.165717e+01,2.162258e+01,2.160182e+01,2.162950e+01,2.165025e+01,2.158106e+01,2.165717e+01,2.158106e+01,2.154645e+01,2.128993e+01,2.157414e+01,2.141480e+01,2.142867e+01,2.142867e+01,2.139400e+01,2.134545e+01,2.139400e+01,2.135239e+01,2.131076e+01,2.128299e+01,2.138707e+01,2.131076e+01,2.134545e+01,2.144253e+01,2.137320e+01,2.125522e+01,2.137320e+01,2.117186e+01,2.128993e+01,2.132464e+01,2.134545e+01,2.135933e+01,2.124133e+01,2.130382e+01,2.108148e+01,2.128299e+01,2.110234e+01,2.109539e+01,2.125522e+01,2.127605e+01,2.133851e+01,2.119271e+01,2.117186e+01,2.126217e+01,2.130382e+01,2.121355e+01,2.140094e+01,2.124828e+01,2.126217e+01,2.155337e+01,2.129688e+01,2.136626e+01,2.139400e+01,2.138707e+01,2.139400e+01,2.124133e+01,2.131770e+01,2.121355e+01,2.134545e+01,2.115796e+01,2.121355e+01,2.128993e+01,2.132464e+01,2.133851e+01,2.133851e+01,2.134545e+01,2.134545e+01,2.137320e+01,2.146332e+01,2.134545e+01,2.140787e+01,2.133851e+01,2.126217e+01,2.139400e+01,2.149104e+01,2.124133e+01,2.152567e+01,2.146332e+01,2.136626e+01,2.137320e+01,2.140787e+01,2.147025e+01
2.214017e+01,2.214017e+01,2.211263e+01,2.213329e+01,2.242888e+01,2.243575e+01,2.244261e+01,2.247692e+01,2.249065e+01,2.251122e+01,2.292877e+01,2.285360e+01,2.288777e+01,2.288777e+01,2.295609e+01,2.292194e+01,2.275785e+01,2.293560e+01,2.301753e+01,2.311986e+01,2.303801e+01,2.310622e+01,2.297657e+01,2.301753e+01,2.314713e+01,2.303118e+01,2.291510e+01,2.309258e+01,2.307212e+01,2.327656e+01,2.304483e+01,2.307212e+01,2.327656e+01,2.310622e+01,2.319484e+01,2.324933e+01,2.322890e+01,2.305848e+01,2.303801e+01,2.303118e+01,2.307212e+01,2.299023e+01,2.302436e+01,2.294243e+01,2.306530e+01,2.295609e+01,2.309940e+01,2.293560e+01,2.292877e+01,2.291510e+01,2.312668e+01,2.292877e+01,2.287410e+01,2.308576e+01,2.308576e+01,2.305848e+01,2.309940e+01,2.305165e+01,2.290144e+01,2.311986e+01,2.293560e+01,2.307894e+01,2.303801e+01,2.317439e+01,2.298340e+01,2.290144e+01,2.292877e+01,2.294243e+01,2.292877e+01,2.309258e+01,2.322890e+01,2.300388e+01,2.296292e+01,2.301071e+01,2.296975e+01,2.288094e+01,2.296975e+01,2.295609e+01,2.279889e+01,2.299023e+01,2.279889e+01,2.299706e+01,2.300388e+01,2.281257e+01,2.276469e+01,2.281257e+01,2.280573e+01,2.292877e+01,2.279206e+01,2.273732e+01,2.270309e+01,2.270309e+01,2.270309e+01,2.275101e+01,2.268940e+01,2.256608e+01,2.264146e+01,2.262776e+01,2.255923e+01,2.251808e+01,2.253180e+01,2.253866e+01,2.243575e+01,2.222275e+01,2.220211e+01,2.143560e+01,2.133851e+01,2.132464e+01,2.128299e+01,2.151875e+01,2.137320e+01,2.162258e+01,2.162950e+01,2.158106e+01,2.158798e+01,2.156721e+01,2.171940e+01,2.179540e+01,2.178159e+01,2.200241e+01,2.203687e+01,2.187825e+01,2.193345e+01,2.195414e+01,2.192655e+01,2.191965e+01,2.187135e+01,2.184374e+01,2.181612e+01,2.185755e+01,2.191276e+01,2.211952e+01,2.180922e+01,2.181612e+01,2.174013e+01,2.169866e+01,2.176777e+01,2.181612e+01,2.174704e+01,2.190586e+01,2.172631e+01,2.185755e+01,2.189896e+01,2.181612e+01,2.169866e+01,2.185065e+01,2.178850e+01,2.178159e+01,2.185065e+01,2.182303e+01,2.179540e+01,2.180922e+01,2.183684e+01,2.188516e+01,2.178850e+01,2.182993e+01,2.180922e+01,2.176777e+01,2.178159e+01,2.190586e+01,2.184374e+01,2.180231e+01,2.187135e+01,2.178850e+01,2.189206e+01,2.184374e+01,2.181612e+01,2.196104e+01,2.184374e+01,2.191965e+01,2.185755e+01,2.194035e+01,2.180922e+01,2.187135e+01,2.194725e+01,2.191965e+01,2.187825e+01,2.193345e+01,2.186445e+01,2.189896e+01,2.187135e+01,2.189896e+01,2.187825e+01,2.188516e+01,2.195414e+01,2.196793e+01,2.205754e+01,2.200241e+01,2.181612e+01,2.204376e+01,2.202997e+01,2.209886e+01,2.189896e+01,2.194035e+01,2.196793e+01,2.194725e+01,2.207131e+01,2.198862e+01,2.209886e+01,2.198862e+01,2.192655e+01,2.207131e+01,2.202308e+01,2.205065e+01,2.203687e+01,2.202997e+01,2.195414e+01,2.194725e+01,2.198862e+01,2.196104e+01,2.199551e+01,2.200241e+01,2.207131e+01,2.206442e+01,2.198172e+01,2.200930e+01,2.194035e+01,2.199551e+01,2.196104e+01,2.208509e+01,2.198862e+01,2.194035e+01,2.202308e+01,2.200930e+01,2.197483e+01,2.189896e+01,2.197483e+01,2.202997e+01,2.194035e+01,2.199551e+01,2.200930e+01,2.198862e+01,2.198862e+01,2.194725e+01,2.200930e+01,2.211952e+01,2.205065e+01,2.202997e+01,2.185065e+01,2.207131e+01,2.207820e+01,2.201619e+01,2.202308e+01,2.200241e+01,2.207820e+01,2.207131e+01,2.205754e+01,2.205065e+01,2.205065e+01,2.206442e+01,2.207131e+01,2.207131e+01,2.202308e+01,2.204376e+01,2.199551e+01,2.215394e+01,2.214706e+01,2.210575e+01,2.216771e+01,2.212641e+01,2.229838e+01,2.212641e+01,2.211263e+01,2.213329e+01,2.224338e+01,2.216082e+01,2.217459e+01,2.217459e+01,2.232587e+01,2.228463e+01,2.225026e+01,2.210575e+01,2.224338e+01,2.227088e+01,2.218835e+01,2.216771e+01,2.219523e+01,2.238082e+01,2.221587e+01,2.227776e+01,2.228463e+01,2.230525e+01,2.232587e+01,2.231900e+01,2.223650e+01,2.243575e+01,2.233274e+01,2.222962e+01,2.229151e+01,2.235335e+01,2.223650e+01,2.227088e+01,2.218147e+01,2.227088e+01,2.227776e+01,2.231900e+01,2.218835e+01,2.222275e+01,2.210575e+01,2.199551e+01,2.205754e+01,2.222275e+01,2.199551e+01,2.197483e+01,2.196793e+01,2.198172e+01,2.183684e+01,2.188516e+01,2.182993e+01,2.189206e+01,2.193345e+01,2.180231e+01,2.187135e+01,2.183684e+01,2.181612e+01,2.178159e+01,2.184374e+01,2.174704e+01,2.180231e+01,2.158106e+01,2.160874e+01,2.149104e+01,2.125522e+01,2.123439e+01,2.152567e+01,2.169175e+01,2.157414e+01,2.174013e+01,2.173322e+01,2.189896e+01,2.176086e+01,2.184374e+01,2.187135e+01,2.188516e+01,2.196793e+01,2.201619e+01,2.201619e+01,2.201619e+01,2.194035e+01,2.199551e+01,2.196793e+01,2.198862e+01,2.201619e+01,2.206442e+01,2.201619e+01,2.200241e+01,2.194725e+01,2.195414e+01,2.213329e+01,2.207131e+01,2.201619e+01,2.198862e+01,2.203687e+01,2.201619e+01,2.203687e+01,2.202308e+01,2.192655e+01,2.191276e+01,2.200241e+01,2.191965e+01,2.194725e+01,2.195414e+01,2.193345e+01,2.201619e+01,2.199551e+01,2.185065e+01,2.193345e+01,2.200241e+01,2.189206e+01,2.199551e+01,2.200930e+01,2.197483e+01,2.196793e+01,2.185065e+01,2.190586e+01,2.191276e+01,2.181612e+01,2.188516e+01,2.189896e+01,2.196793e+01,2.192655e+01,2.191276e+01,2.189896e+01,2.190586e+01,2.177468e+01,2.187825e+01,2.196104e+01,2.184374e+01,2.178159e+01,2.177468e+01,2.181612e+01,2.182303e+01,2.188516e+01,2.178159e+01,2.174013e+01,2.196104e+01,2.190586e+01,2.178159e+01,2.173322e+01,2.185755e+01,2.185065e+01,2.185755e+01,2.186445e+01,2.179540e+01,2.176777e+01,2.178850e+01,2.176777e+01,2.164334e+01,2.172631e+01,2.184374e+01,2.186445e+01,2.183684e+01,2.181612e+01,2.175395e+01,2.174013e+01,2.170557e+01,2.170557e+01,2.178159e+01,2.177468e+01,2.188516e+01,2.174013e+01,2.190586e+01,2.185065e+01,2.185755e+01,2.190586e+01,2.187825e+01,2.179540e+01,2.192655e+01,2.201619e+01,2.192655e+01,2.192655e+01,2.189206e+01,2.196104e+01,2.198172e+01,2.207820e+01,2.211263e+01,2.207820e+01,2.190586e+01,2.208509e+01,2.207131e+01,2.211263e+01,2.211263e+01,2.208509e+01,2.213329e+01,2.227776e+01,2.221587e+01,2.205065e+01,2.211952e+01,2.221587e+01,2.213329e+01,2.198862e+01,2.205754e+01,2.204376e+01,2.214017e+01,2.229151e+01,2.209198e+01,2.200930e+01,2.209886e+01,2.209886e+01,2.212641e+01,2.207820e+01,2.216771e+01,2.209198e+01,2.211263e+01,2.215394e+01,2.209886e+01,2.220899e+01,2.218147e+01,2.207131e+01,2.216082e+01,2.210575e+01,2.207820e+01,2.201619e+01,2.214017e+01,2.198172e+01,2.197483e+01,2.206442e+01,2.196104e+01,2.210575e+01,2.207131e+01,2.204376e+01,2.189896e+01,2.189896e+01,2.208509e+01,2.204376e+01,2.196104e+01,2.199551e+01,2.198172e+01,2.195414e+01,2.197483e+01,2.198862e+01,2.190586e+01,2.204376e+01,2.187825e+01,2.196104e+01,2.180231e+01,2.180231e+01,2.191276e+01,2.178850e+01,2.185755e+01,2.169175e+01,2.158106e+01,2.178850e+01,2.179540e+01,2.174013e+01,2.181612e+01,2.156721e+01,2.163642e+01,2.167792e+01,2.160874e+01,2.162950e+01,2.153952e+01,2.155337e+01,2.158106e+01,2.154645e+01,2.156721e+01,2.155337e+01,2.144946e+01,2.154645e+01,2.152567e+01,2.142867e+01,2.149104e+01,2.147025e+01,2.160182e+01,2.151182e+01,2.151875e+01,2.152567e+01,2.151182e+01,2.161566e+01,2.149796e+01,2.150489e+01,2.158798e+01,2.162258e+01,2.153260e+01,2.155337e+01,2.159490e+01,2.148411e+01,2.159490e+01,2.157414e+01,2.146332e+01,2.156721e+01,2.157414e+01,2.159490e+01,2.157414e+01,2.144946e+01,2.155337e+01,2.165025e+01,2.161566e+01,2.185755e+01,2.164334e+01,2.171940e+01,2.166409e+01,2.156721e+01,2.157414e+01,2.160182e+01,2.170557e+01,2.165025e+01,2.159490e+01,2.160182e+01,2.163642e+01,2.159490e+01,2.158798e+01,2.160182e+01,2.162950e+01,2.156721e+01,2.156029e+01,2.151182e+01,2.157414e+01,2.145639e+01,2.145639e+01,2.138707e+01,2.141480e+01,2.140787e+01,2.139400e+01,2.136626e+01,2.137320e+01,2.121355e+01,2.137320e+01,2.130382e+01,2.128299e+01,2.133851e+01,2.122744e+01,2.126911e+01,2.136626e+01,2.126217e+01,2.137320e+01,2.134545e+01,2.124828e+01,2.129688e+01,2.120660e+01,2.136626e+01,2.129688e+01,2.106756e+01,2.130382e+01,2.116491e+01,2.107452e+01,2.126217e+01,2.124828e+01,2.121355e+01,2.112320e+01,2.110234e+01,2.110929e+01,2.123439e+01,2.127605e+01,2.122744e+01,2.122744e+01,2.119966e+01,2.124133e+01,2.122050e+01,2.138013e+01,2.121355e+01,2.139400e+01,2.140094e+01,2.118576e+01,2.116491e+01,2.147025e+01,2.117881e+01,2.126911e+01,2.147025e+01,2.130382e+01,2.132464e+01,2.119966e+01,2.149796e+01,2.125522e+01,2.115796e+01,2.146332e+01,2.133158e+01,2.133158e+01,2.151182e+01,2.156029e+01,2.129688e+01,2.138013e+01,2.130382e+01,2.134545e+01,2.151875e+01,2.135239e+01,2.135933e+01,2.143560e+01,2.151182e+01,2.142867e+01
2.213329e+01,2.218147e+01,2.231212e+01,2.217459e+01,2.241516e+01,2.228463e+01,2.232587e+01,2.247692e+01,2.241516e+01,2.264831e+01,2.274416e+01,2.278522e+01,2.278522e+01,2.275785e+01,2.290827e+01,2.284676e+01,2.291510e+01,2.288094e+01,2.305848e+01,2.296292e+01,2.298340e+01,2.304483e+01,2.290827e+01,2.301753e+01,2.291510e+01,2.306530e+01,2.278522e+01,2.305848e+01,2.301753e+01,2.306530e+01,2.303118e+01,2.324252e+01,2.314031e+01,2.312668e+01,2.314031e+01,2.318802e+01,2.311304e+01,2.301753e+01,2.299706e+01,2.301071e+01,2.295609e+01,2.301071e+01,2.299023e+01,2.296975e+01,2.303801e+01,2.286727e+01,2.307212e+01,2.307212e+01,2.300388e+01,2.287410e+01,2.288094e+01,2.297657e+01,2.296975e+01,2.298340e+01,2.274416e+01,2.299706e+01,2.298340e+01,2.290827e+01,2.305165e+01,2.287410e+01,2.301753e+01,2.288777e+01,2.289461e+01,2.314031e+01,2.294243e+01,2.275785e+01,2.290144e+01,2.285360e+01,2.295609e+01,2.281257e+01,2.298340e+01,2.299706e+01,2.292877e+01,2.302436e+01,2.298340e+01,2.296975e+01,2.300388e+01,2.295609e+01,2.299706e+01,2.299706e+01,2.288777e+01,2.291510e+01,2.279206e+01,2.284676e+01,2.263461e+01,2.289461e+01,2.281257e+01,2.272363e+01,2.282625e+01,2.266886e+01,2.276469e+01,2.256608e+01,2.270994e+01,2.254551e+01,2.247006e+01,2.242202e+01,2.246320e+01,2.249751e+01,2.251122e+01,2.234648e+01,2.235335e+01,2.224338e+01,2.221587e+01,2.221587e+01,2.199551e+01,2.158798e+01,2.142174e+01,2.133158e+01,2.134545e+01,2.144253e+01,2.138013e+01,2.152567e+01,2.149796e+01,2.151875e+01,2.157414e+01,2.162258e+01,2.165025e+01,2.161566e+01,2.168483e+01,2.181612e+01,2.174013e+01,2.206442e+01,2.178159e+01,2.205065e+01,2.191276e+01,2.191965e+01,2.188516e+01,2.178159e+01,2.185755e+01,2.181612e+01,2.172631e+01,2.182303e+01,2.188516e+01,2.182303e+01,2.178159e+01,2.178850e+01,2.198172e+01,2.170557e+01,2.177468e+01,2.175395e+01,2.176777e+01,2.189206e+01,2.183684e+01,2.187135e+01,2.187825e+01,2.188516e+01,2.169866e+01,2.174013e+01,2.182303e+01,2.182993e+01,2.181612e+01,2.167100e+01,2.180231e+01,2.180922e+01,2.176777e+01,2.176777e+01,2.187825e+01,2.195414e+01,2.185755e+01,2.188516e+01,2.172631e+01,2.184374e+01,2.184374e+01,2.178159e+01,2.168483e+01,2.180922e+01,2.180231e+01,2.182303e+01,2.185065e+01,2.178850e+01,2.189206e+01,2.191965e+01,2.186445e+01,2.185755e+01,2.178850e+01,2.191276e+01,2.190586e+01,2.190586e+01,2.178850e+01,2.187135e+01,2.194725e+01,2.189896e+01,2.200930e+01,2.179540e+01,2.199551e+01,2.189206e+01,2.194035e+01,2.201619e+01,2.198862e+01,2.192655e+01,2.203687e+01,2.184374e+01,2.198172e+01,2.194035e+01,2.202997e+01,2.201619e+01,2.198862e+01,2.188516e+01,2.198172e+01,2.202308e+01,2.186445e+01,2.204376e+01,2.203687e+01,2.205754e+01,2.205754e+01,2.203687e+01,2.201619e+01,2.206442e+01,2.199551e+01,2.198862e+01,2.196793e+01,2.196793e+01,2.198862e+01,2.198172e+01,2.200930e+01,2.196793e+01,2.218835e+01,2.194725e+01,2.191965e+01,2.197483e+01,2.215394e+01,2.203687e+01,2.202997e+01,2.203687e+01,2.197483e+01,2.200241e+01,2.209886e+01,2.185755e+01,2.202308e+01,2.200930e+01,2.190586e+01,2.200241e+01,2.196793e+01,2.201619e+01,2.202308e+01,2.203687e+01,2.204376e+01,2.202308e+01,2.206442e+01,2.202308e+01,2.203687e+01,2.195414e+01,2.207820e+01,2.205754e+01,2.209198e+01,2.205754e+01,2.200930e+01,2.206442e+01,2.207131e+01,2.187825e+01,2.211263e+01,2.214017e+01,2.229151e+01,2.213329e+01,2.216082e+01,2.202997e+01,2.202997e+01,2.214706e+01,2.214017e+01,2.220211e+01,2.212641e+01,2.214017e+01,2.220899e+01,2.213329e+01,2.207820e+01,2.214706e+01,2.221587e+01,2.220211e+01,2.219523e+01,2.229151e+01,2.230525e+01,2.231212e+01,2.228463e+01,2.222962e+01,2.227776e+01,2.226401e+01,2.232587e+01,2.232587e+01,2.234648e+01,2.233274e+01,2.225713e+01,2.242202e+01,2.234648e+01,2.231900e+01,2.227776e+01,2.230525e+01,2.225713e+01,2.232587e+01,2.222275e+01,2.219523e+01,2.233961e+01,2.231212e+01,2.219523e+01,2.215394e+01,2.219523e+01,2.213329e+01,2.207131e+01,2.209886e+01,2.205754e+01,2.211263e+01,2.196793e+01,2.199551e+01,2.193345e+01,2.198172e+01,2.196104e+01,2.191965e+01,2.189896e+01,2.185755e+01,2.198172e+01,2.196793e+01,2.177468e+01,2.171940e+01,2.182993e+01,2.178159e+01,2.176086e+01,2.178850e+01,2.177468e+01,2.181612e+01,2.169175e+01,2.164334e+01,2.149104e+01,2.124828e+01,2.123439e+01,2.135239e+01,2.124133e+01,2.133851e+01,2.135239e+01,2.173322e+01,2.171940e+01,2.171940e+01,2.187135e+01,2.174704e+01,2.184374e+01,2.191965e+01,2.185755e+01,2.195414e+01,2.222275e+01,2.205065e+01,2.189206e+01,2.202997e+01,2.206442e+01,2.201619e+01,2.198862e+01,2.200930e+01,2.197483e+01,2.193345e+01,2.198172e+01,2.199551e+01,2.200930e+01,2.200930e+01,2.207131e+01,2.200241e+01,2.194725e+01,2.201619e+01,2.204376e+01,2.198172e+01,2.199551e+01,2.202308e+01,2.196104e+01,2.198862e+01,2.196793e+01,2.201619e+01,2.197483e+01,2.185755e+01,2.194725e+01,2.195414e+01,2.193345e+01,2.192655e+01,2.199551e+01,2.200241e+01,2.200930e+01,2.175395e+01,2.176777e+01,2.176777e+01,2.191965e+01,2.194725e+01,2.191965e+01,2.191276e+01,2.186445e+01,2.190586e+01,2.182993e+01,2.200930e+01,2.186445e+01,2.184374e+01,2.187825e+01,2.189206e+01,2.186445e+01,2.183684e+01,2.189206e+01,2.183684e+01,2.181612e+01,2.183684e+01,2.182303e+01,2.178850e+01,2.172631e+01,2.198172e+01,2.169175e+01,2.173322e+01,2.182303e+01,2.182993e+01,2.186445e+01,2.187135e+01,2.175395e+01,2.176086e+01,2.180231e+01,2.170557e+01,2.181612e+01,2.162258e+01,2.163642e+01,2.166409e+01,2.172631e+01,2.182303e+01,2.183684e+01,2.178850e+01,2.182993e+01,2.169175e+01,2.168483e+01,2.176777e+01,2.174013e+01,2.176086e+01,2.211263e+01,2.177468e+01,2.187135e+01,2.171940e+01,2.187825e+01,2.189206e+01,2.203687e+01,2.198862e+01,2.186445e+01,2.198862e+01,2.194035e+01,2.199551e+01,2.198172e+01,2.202308e+01,2.209886e+01,2.202997e+01,2.207131e+01,2.213329e+01,2.209198e+01,2.207131e+01,2.210575e+01,2.211263e+01,2.201619e+01,2.215394e+01,2.211263e+01,2.213329e+01,2.213329e+01,2.214706e+01,2.199551e+01,2.214017e+01,2.211263e+01,2.210575e+01,2.202997e+01,2.202997e+01,2.204376e+01,2.210575e+01,2.214706e+01,2.207820e+01,2.199551e+01,2.211263e+01,2.209886e+01,2.197483e+01,2.214017e+01,2.209198e+01,2.204376e+01,2.200930e+01,2.200930e+01,2.214706e+01,2.197483e+01,2.216082e+01,2.201619e+01,2.207820e+01,2.214706e+01,2.195414e+01,2.205065e+01,2.197483e+01,2.202308e+01,2.196104e+01,2.201619e+01,2.205754e+01,2.205754e+01,2.205065e+01,2.204376e+01,2.202308e+01,2.198172e+01,2.202308e+01,2.200930e+01,2.198172e+01,2.200241e+01,2.171940e+01,2.205754e+01,2.191276e+01,2.190586e+01,2.185755e+01,2.186445e+01,2.194035e+01,2.185755e+01,2.176086e+01,2.178850e+01,2.181612e+01,2.172631e+01,2.165025e+01,2.167792e+01,2.161566e+01,2.178159e+01,2.169175e+01,2.176086e+01,2.162258e+01,2.153260e+01,2.164334e+01,2.162258e+01,2.152567e+01,2.145639e+01,2.116491e+01,2.148411e+01,2.148411e+01,2.151182e+01,2.146332e+01,2.154645e+01,2.151182e+01,2.151182e+01,2.179540e+01,2.148411e+01,2.149796e+01,2.148411e+01,2.155337e+01,2.153952e+01,2.150489e+01,2.148411e+01,2.147718e+01,2.139400e+01,2.157414e+01,2.161566e+01,2.148411e+01,2.160182e+01,2.146332e+01,2.162950e+01,2.150489e+01,2.160182e+01,2.158798e+01,2.157414e+01,2.166409e+01,2.157414e+01,2.156029e+01,2.160182e+01,2.159490e+01,2.154645e+01,2.165717e+01,2.158798e+01,2.170557e+01,2.156029e+01,2.162950e+01,2.174013e+01,2.158798e+01,2.157414e+01,2.166409e+01,2.162950e+01,2.162258e+01,2.154645e+01,2.160874e+01,2.157414e+01,2.159490e+01,2.162258e+01,2.159490e+01,2.159490e+01,2.156029e+01,2.154645e+01,2.157414e+01,2.130382e+01,2.141480e+01,2.134545e+01,2.140787e+01,2.140787e+01,2.136626e+01,2.138013e+01,2.134545e+01,2.129688e+01,2.124828e+01,2.132464e+01,2.133851e+01,2.135239e+01,2.133851e+01,2.136626e+01,2.115101e+01,2.109539e+01,2.142174e+01,2.123439e+01,2.120660e+01,2.127605e+01,2.119271e+01,2.131076e+01,2.119271e+01,2.105365e+01,2.128299e+01,2.122050e+01,2.119271e+01,2.121355e+01,2.122050e+01,2.118576e+01,2.125522e+01,2.115101e+01,2.106061e+01,2.123439e+01,2.128299e+01,2.106061e+01,2.133158e+01,2.111625e+01,2.119966e+01,2.123439e+01,2.124828e+01,2.138707e+01,2.117186e+01,2.133158e+01,2.126217e+01,2.124828e+01,2.124133e+01,2.124828e+01,2.118576e+01,2.119966e+01,2.122744e+01,2.129688e+01,2.131076e+01,2.117881e+01,2.123439e+01,2.155337e+01,2.135933e+01,2.133158e+01,2.140787e+01,2.140787e+01,2.154645e+01,2.121355e+01,2.142867e+01,2.151182e+01,2.135933e+01,2.137320e+01,2.139400e+01,2.151182e+01,2.141480e+01,2.147025e+01,2.139400e+01
2.205754e+01,2.221587e+01,2.214017e+01,2.224338e+01,2.247006e+01,2.235335e+01,2.249065e+01,2.249065e+01,2.267571e+01,2.281941e+01,2.270309e+01,2.264831e+01,2.286727e+01,2.269625e+01,2.293560e+01,2.289461e+01,2.289461e+01,2.304483e+01,2.296292e+01,2.302436e+01,2.293560e+01,2.326976e+01,2.303801e+01,2.304483e+01,2.306530e+01,2.303118e+01,2.305848e+01,2.304483e+01,2.309940e+01,2.301071e+01,2.302436e+01,2.312668e+01,2.314031e+01,2.297657e+01,2.310622e+01,2.314031e+01,2.298340e+01,2.304483e+01,2.289461e+01,2.299023e+01,2.300388e+01,2.301071e+01,2.303118e+01,2.286043e+01,2.286043e+01,2.283993e+01,2.279889e+01,2.286727e+01,2.281257e+01,2.290827e+01,2.268940e+01,2.293560e+01,2.275785e+01,2.281941e+01,2.272363e+01,2.290144e+01,2.264146e+01,2.297657e+01,2.286727e+01,2.287410e+01,2.284676e+01,2.275785e+01,2.277837e+01,2.275101e+01,2.271679e+01,2.272363e+01,2.266201e+01,2.285360e+01,2.266886e+01,2.285360e+01,2.282625e+01,2.279889e+01,2.288777e+01,2.286043e+01,2.280573e+01,2.292877e+01,2.291510e+01,2.293560e+01,2.267571e+01,2.273732e+01,2.285360e+01,2.299706e+01,2.284676e+01,2.264146e+01,2.264831e+01,2.267571e+01,2.270309e+01,2.245634e+01,2.256608e+01,2.258665e+01,2.257979e+01,2.258665e+01,2.258665e+01,2.251122e+01,2.260035e+01,2.240142e+01,2.246320e+01,2.242202e+01,2.247006e+01,2.244948e+01,2.228463e+01,2.221587e+01,2.225713e+01,2.202997e+01,2.192655e+01,2.163642e+01,2.125522e+01,2.138707e+01,2.144946e+01,2.148411e+01,2.143560e+01,2.144946e+01,2.169175e+01,2.148411e+01,2.159490e+01,2.165717e+01,2.175395e+01,2.169866e+01,2.161566e+01,2.172631e+01,2.183684e+01,2.176777e+01,2.194035e+01,2.168483e+01,2.189206e+01,2.173322e+01,2.185065e+01,2.182993e+01,2.191965e+01,2.182993e+01,2.185065e+01,2.174704e+01,2.196104e+01,2.194725e+01,2.173322e+01,2.173322e+01,2.182303e+01,2.181612e+01,2.174704e+01,2.176777e+01,2.182303e+01,2.160182e+01,2.189896e+01,2.189206e+01,2.189896e+01,2.180231e+01,2.187135e+01,2.189896e+01,2.184374e+01,2.182993e+01,2.177468e+01,2.181612e+01,2.187135e+01,2.188516e+01,2.187825e+01,2.181612e+01,2.188516e+01,2.180922e+01,2.194035e+01,2.189896e+01,2.190586e+01,2.189206e+01,2.167100e+01,2.179540e+01,2.176777e+01,2.184374e+01,2.180922e+01,2.202308e+01,2.175395e+01,2.179540e+01,2.187135e+01,2.188516e+01,2.177468e+01,2.185755e+01,2.194035e+01,2.187135e+01,2.190586e+01,2.188516e+01,2.191965e+01,2.196793e+01,2.198172e+01,2.181612e+01,2.182993e+01,2.199551e+01,2.199551e+01,2.199551e+01,2.191965e+01,2.199551e+01,2.194725e+01,2.197483e+01,2.183684e+01,2.193345e+01,2.194035e+01,2.196793e+01,2.202308e+01,2.194725e+01,2.196104e+01,2.208509e+01,2.189896e+01,2.201619e+01,2.190586e+01,2.202308e+01,2.193345e+01,2.200930e+01,2.208509e+01,2.207820e+01,2.200241e+01,2.189206e+01,2.192655e+01,2.203687e+01,2.194725e+01,2.201619e+01,2.208509e+01,2.197483e+01,2.206442e+01,2.204376e+01,2.198172e+01,2.196793e+01,2.204376e+01,2.194725e+01,2.194725e+01,2.200241e+01,2.206442e+01,2.206442e+01,2.203687e+01,2.201619e+01,2.205065e+01,2.194035e+01,2.196793e+01,2.194035e+01,2.198862e+01,2.191965e+01,2.187135e+01,2.205065e+01,2.200241e+01,2.205065e+01,2.203687e+01,2.207820e+01,2.208509e+01,2.202308e+01,2.197483e+01,2.196793e+01,2.203687e+01,2.207131e+01,2.207131e+01,2.208509e+01,2.211952e+01,2.208509e+01,2.208509e+01,2.213329e+01,2.211263e+01,2.208509e+01,2.210575e+01,2.215394e+01,2.220899e+01,2.215394e+01,2.212641e+01,2.224338e+01,2.210575e+01,2.211952e+01,2.233961e+01,2.214706e+01,2.218835e+01,2.222962e+01,2.213329e+01,2.203687e+01,2.218835e+01,2.218147e+01,2.218147e+01,2.216082e+01,2.220899e+01,2.222275e+01,2.220211e+01,2.233274e+01,2.225026e+01,2.234648e+01,2.225026e+01,2.221587e+01,2.227776e+01,2.241516e+01,2.229151e+01,2.237395e+01,2.236022e+01,2.231212e+01,2.236709e+01,2.227776e+01,2.229151e+01,2.226401e+01,2.227088e+01,2.222275e+01,2.229151e+01,2.227088e+01,2.218835e+01,2.223650e+01,2.218835e+01,2.207131e+01,2.213329e+01,2.210575e+01,2.199551e+01,2.213329e+01,2.212641e+01,2.212641e+01,2.194725e+01,2.193345e+01,2.198172e+01,2.189896e+01,2.193345e+01,2.200241e+01,2.176086e+01,2.182993e+01,2.188516e+01,2.179540e+01,2.181612e+01,2.180922e+01,2.174013e+01,2.171940e+01,2.179540e+01,2.169866e+01,2.169175e+01,2.169866e+01,2.143560e+01,2.139400e+01,2.104669e+01,2.128993e+01,2.124828e+01,2.133851e+01,2.133158e+01,2.169175e+01,2.175395e+01,2.187135e+01,2.185755e+01,2.187135e+01,2.180231e+01,2.187135e+01,2.193345e+01,2.192655e+01,2.190586e+01,2.195414e+01,2.198862e+01,2.200241e+01,2.187825e+01,2.202308e+01,2.202997e+01,2.210575e+01,2.197483e+01,2.210575e+01,2.189206e+01,2.200241e+01,2.199551e+01,2.198862e+01,2.205065e+01,2.200241e+01,2.205065e+01,2.204376e+01,2.196793e+01,2.199551e+01,2.205065e+01,2.204376e+01,2.198862e+01,2.200241e+01,2.195414e+01,2.187825e+01,2.201619e+01,2.201619e+01,2.187825e+01,2.196104e+01,2.191276e+01,2.189206e+01,2.196793e+01,2.183684e+01,2.200241e+01,2.180922e+01,2.186445e+01,2.185755e+01,2.211952e+01,2.190586e+01,2.189206e+01,2.186445e+01,2.179540e+01,2.183684e+01,2.185065e+01,2.182303e+01,2.178159e+01,2.181612e+01,2.182303e+01,2.192655e+01,2.188516e+01,2.191276e+01,2.180231e+01,2.186445e+01,2.181612e+01,2.185065e+01,2.184374e+01,2.182993e+01,2.174704e+01,2.183684e+01,2.168483e+01,2.164334e+01,2.185065e+01,2.185755e+01,2.186445e+01,2.185755e+01,2.185755e+01,2.187825e+01,2.182993e+01,2.186445e+01,2.176777e+01,2.173322e+01,2.167100e+01,2.163642e+01,2.171248e+01,2.162258e+01,2.178850e+01,2.165025e+01,2.164334e+01,2.173322e+01,2.171248e+01,2.174704e+01,2.182303e+01,2.180922e+01,2.178850e+01,2.185065e+01,2.174704e+01,2.186445e+01,2.179540e+01,2.178850e+01,2.198862e+01,2.187135e+01,2.197483e+01,2.199551e+01,2.190586e+01,2.199551e+01,2.194725e+01,2.200241e+01,2.206442e+01,2.200241e+01,2.208509e+01,2.205065e+01,2.205065e+01,2.214706e+01,2.209886e+01,2.211263e+01,2.225026e+01,2.216771e+01,2.209886e+01,2.227776e+01,2.216771e+01,2.216082e+01,2.212641e+01,2.207131e+01,2.205754e+01,2.208509e+01,2.213329e+01,2.210575e+01,2.209886e+01,2.204376e+01,2.214706e+01,2.200930e+01,2.216771e+01,2.200930e+01,2.205065e+01,2.213329e+01,2.212641e+01,2.194725e+01,2.207131e+01,2.202308e+01,2.178850e+01,2.213329e+01,2.212641e+01,2.200930e+01,2.201619e+01,2.207820e+01,2.211263e+01,2.218835e+01,2.205754e+01,2.204376e+01,2.207820e+01,2.207131e+01,2.208509e+01,2.194035e+01,2.211263e+01,2.205065e+01,2.206442e+01,2.207131e+01,2.190586e+01,2.202308e+01,2.200930e+01,2.199551e+01,2.200930e+01,2.196104e+01,2.200930e+01,2.191276e+01,2.185755e+01,2.179540e+01,2.193345e+01,2.174704e+01,2.182303e+01,2.169175e+01,2.173322e+01,2.161566e+01,2.162258e+01,2.170557e+01,2.180231e+01,2.167100e+01,2.170557e+01,2.180231e+01,2.177468e+01,2.158798e+01,2.162950e+01,2.146332e+01,2.157414e+01,2.130382e+01,2.146332e+01,2.154645e+01,2.144253e+01,2.144946e+01,2.154645e+01,2.156721e+01,2.143560e+01,2.144946e+01,2.149796e+01,2.149104e+01,2.151182e+01,2.156029e+01,2.153952e+01,2.151182e+01,2.153952e+01,2.143560e+01,2.162258e+01,2.141480e+01,2.153952e+01,2.161566e+01,2.142867e+01,2.156721e+01,2.160182e+01,2.148411e+01,2.149104e+01,2.160874e+01,2.145639e+01,2.160182e+01,2.159490e+01,2.160182e+01,2.159490e+01,2.160874e+01,2.158106e+01,2.160182e+01,2.169866e+01,2.163642e+01,2.158798e+01,2.165025e+01,2.156721e+01,2.160874e+01,2.164334e+01,2.162258e+01,2.160182e+01,2.159490e+01,2.155337e+01,2.166409e+01,2.167100e+01,2.167792e+01,2.167100e+01,2.160874e+01,2.148411e+01,2.152567e+01,2.145639e+01,2.155337e+01,2.160182e+01,2.138013e+01,2.146332e+01,2.145639e+01,2.147025e+01,2.137320e+01,2.142174e+01,2.140787e+01,2.133158e+01,2.140787e+01,2.135933e+01,2.128299e+01,2.128299e+01,2.127605e+01,2.130382e+01,2.138013e+01,2.117186e+01,2.138013e+01,2.113015e+01,2.127605e+01,2.115101e+01,2.122050e+01,2.133158e+01,2.135933e+01,2.119271e+01,2.126911e+01,2.125522e+01,2.105365e+01,2.119271e+01,2.104669e+01,2.113711e+01,2.126217e+01,2.115101e+01,2.109539e+01,2.110929e+01,2.103277e+01,2.115101e+01,2.117186e+01,2.122050e+01,2.126911e+01,2.113711e+01,2.121355e+01,2.124828e+01,2.144946e+01,2.119966e+01,2.115796e+01,2.118576e+01,2.119271e+01,2.131770e+01,2.122744e+01,2.126217e+01,2.122050e+01,2.121355e+01,2.131076e+01,2.140094e+01,2.128299e+01,2.131076e+01,2.130382e+01,2.132464e+01,2.134545e+01,2.132464e+01,2.152567e+01,2.153952e+01,2.124828e+01,2.122744e+01,2.125522e+01,2.130382e+01,2.130382e+01,2.141480e+01,2.139400e+01,2.138013e+01,2.137320e+01,2.144946e+01,2.138013e+01
2.213329e+01,2.213329e+01,2.216082e+01,2.219523e+01,2.232587e+01,2.225713e+01,2.236022e+01,2.260720e+01,2.243575e+01,2.269625e+01,2.269625e+01,2.270309e+01,2.273047e+01,2.292877e+01,2.277153e+01,2.283309e+01,2.283993e+01,2.299706e+01,2.299023e+01,2.287410e+01,2.297657e+01,2.302436e+01,2.289461e+01,2.292877e+01,2.291510e+01,2.287410e+01,2.307894e+01,2.306530e+01,2.301071e+01,2.306530e+01,2.303118e+01,2.273047e+01,2.292877e+01,2.308576e+01,2.307212e+01,2.296975e+01,2.295609e+01,2.303118e+01,2.301753e+01,2.301753e+01,2.303118e+01,2.297657e+01,2.279206e+01,2.289461e+01,2.279889e+01,2.256608e+01,2.285360e+01,2.286727e+01,2.269625e+01,2.296292e+01,2.266201e+01,2.257294e+01,2.271679e+01,2.262776e+01,2.271679e+01,2.268940e+01,2.255923e+01,2.260720e+01,2.285360e+01,2.266886e+01,2.257979e+01,2.260035e+01,2.262776e+01,2.276469e+01,2.276469e+01,2.261406e+01,2.265516e+01,2.265516e+01,2.279889e+01,2.264146e+01,2.260720e+01,2.254551e+01,2.265516e+01,2.265516e+01,2.277153e+01,2.284676e+01,2.260035e+01,2.266886e+01,2.266886e+01,2.286043e+01,2.254551e+01,2.257979e+01,2.247006e+01,2.269625e+01,2.262091e+01,2.259350e+01,2.271679e+01,2.242888e+01,2.241516e+01,2.255237e+01,2.231212e+01,2.253866e+01,2.235335e+01,2.233961e+01,2.226401e+01,2.238769e+01,2.234648e+01,2.242888e+01,2.226401e+01,2.205754e+01,2.227776e+01,2.214706e+01,2.204376e+01,2.203687e+01,2.202997e+01,2.176777e+01,2.140094e+01,2.133851e+01,2.135239e+01,2.149796e+01,2.144253e+01,2.151875e+01,2.147718e+01,2.140094e+01,2.153260e+01,2.162258e+01,2.159490e+01,2.162950e+01,2.177468e+01,2.171248e+01,2.169175e+01,2.171940e+01,2.169866e+01,2.174704e+01,2.191276e+01,2.191965e+01,2.165025e+01,2.179540e+01,2.181612e+01,2.184374e+01,2.171248e+01,2.185755e+01,2.187825e+01,2.181612e+01,2.182993e+01,2.178159e+01,2.178159e+01,2.168483e+01,2.174704e+01,2.179540e+01,2.166409e+01,2.187135e+01,2.183684e+01,2.189896e+01,2.178850e+01,2.182303e+01,2.189206e+01,2.176086e+01,2.180922e+01,2.180231e+01,2.181612e+01,2.182993e+01,2.184374e+01,2.182993e+01,2.191965e+01,2.187135e+01,2.178159e+01,2.191965e+01,2.182993e+01,2.188516e+01,2.176777e+01,2.190586e+01,2.177468e+01,2.187135e+01,2.187825e+01,2.177468e+01,2.186445e+01,2.179540e+01,2.187825e+01,2.188516e+01,2.187825e+01,2.176777e+01,2.183684e+01,2.185065e+01,2.186445e+01,2.180231e+01,2.188516e+01,2.184374e+01,2.189206e+01,2.191276e+01,2.194035e+01,2.184374e+01,2.197483e+01,2.198862e+01,2.180922e+01,2.189896e+01,2.192655e+01,2.196104e+01,2.194035e+01,2.207820e+01,2.194725e+01,2.188516e+01,2.194035e+01,2.201619e+01,2.198862e+01,2.191276e+01,2.203687e+01,2.207131e+01,2.197483e+01,2.191965e+01,2.207820e+01,2.205065e+01,2.205065e+01,2.202997e+01,2.202308e+01,2.190586e+01,2.194725e+01,2.197483e+01,2.202308e+01,2.207820e+01,2.192655e+01,2.203687e+01,2.205065e+01,2.218147e+01,2.205754e+01,2.202997e+01,2.197483e+01,2.211263e+01,2.194725e+01,2.196104e+01,2.195414e+01,2.192655e+01,2.181612e+01,2.207131e+01,2.202997e+01,2.198862e+01,2.200241e+01,2.200930e+01,2.205065e+01,2.193345e+01,2.204376e+01,2.201619e+01,2.204376e+01,2.200930e+01,2.196793e+01,2.216771e+01,2.200930e+01,2.207820e+01,2.205065e+01,2.205754e+01,2.208509e+01,2.195414e+01,2.206442e+01,2.207131e+01,2.208509e+01,2.209198e+01,2.213329e+01,2.204376e+01,2.217459e+01,2.209198e+01,2.211263e+01,2.218147e+01,2.215394e+01,2.227776e+01,2.215394e+01,2.225713e+01,2.210575e+01,2.225026e+01,2.210575e+01,2.225026e+01,2.220211e+01,2.211952e+01,2.218147e+01,2.210575e+01,2.217459e+01,2.225713e+01,2.217459e+01,2.215394e+01,2.219523e+01,2.231900e+01,2.229151e+01,2.230525e+01,2.227776e+01,2.225713e+01,2.225026e+01,2.225026e+01,2.225713e+01,2.225713e+01,2.233274e+01,2.222962e+01,2.230525e+01,2.222962e+01,2.230525e+01,2.233274e+01,2.231212e+01,2.228463e+01,2.225026e+01,2.218147e+01,2.220899e+01,2.221587e+01,2.219523e+01,2.217459e+01,2.218147e+01,2.220211e+01,2.215394e+01,2.208509e+01,2.213329e+01,2.212641e+01,2.213329e+01,2.213329e+01,2.214017e+01,2.198862e+01,2.196104e+01,2.196793e+01,2.176777e+01,2.185065e+01,2.185755e+01,2.182303e+01,2.177468e+01,2.172631e+01,2.185755e+01,2.178850e+01,2.184374e+01,2.178850e+01,2.183684e+01,2.170557e+01,2.172631e+01,2.166409e+01,2.180922e+01,2.168483e+01,2.140787e+01,2.131076e+01,2.128299e+01,2.122050e+01,2.127605e+01,2.130382e+01,2.131770e+01,2.130382e+01,2.153260e+01,2.180231e+01,2.165025e+01,2.176086e+01,2.196793e+01,2.188516e+01,2.193345e+01,2.191276e+01,2.202308e+01,2.197483e+01,2.206442e+01,2.191276e+01,2.199551e+01,2.209198e+01,2.199551e+01,2.191276e+01,2.207131e+01,2.202997e+01,2.200241e+01,2.200241e+01,2.213329e+01,2.200930e+01,2.200930e+01,2.214706e+01,2.200930e+01,2.194035e+01,2.203687e+01,2.206442e+01,2.207131e+01,2.198172e+01,2.196793e+01,2.197483e+01,2.201619e+01,2.199551e+01,2.187825e+01,2.198172e+01,2.196104e+01,2.208509e+01,2.190586e+01,2.197483e+01,2.189206e+01,2.197483e+01,2.194725e+01,2.182993e+01,2.189896e+01,2.191276e+01,2.193345e+01,2.190586e+01,2.191276e+01,2.184374e+01,2.190586e+01,2.188516e+01,2.189896e+01,2.189896e+01,2.185755e+01,2.189896e+01,2.192655e+01,2.187825e+01,2.191276e+01,2.190586e+01,2.192655e+01,2.189896e+01,2.180922e+01,2.178159e+01,2.189896e+01,2.189206e+01,2.185065e+01,2.175395e+01,2.183684e+01,2.182303e+01,2.178850e+01,2.185065e+01,2.183684e+01,2.179540e+01,2.185065e+01,2.181612e+01,2.174013e+01,2.172631e+01,2.177468e+01,2.166409e+01,2.170557e+01,2.183684e+01,2.176777e+01,2.169175e+01,2.176777e+01,2.169866e+01,2.170557e+01,2.164334e+01,2.183684e+01,2.187135e+01,2.179540e+01,2.179540e+01,2.180922e+01,2.184374e+01,2.168483e+01,2.176086e+01,2.187135e+01,2.191276e+01,2.200241e+01,2.195414e+01,2.188516e+01,2.194035e+01,2.194725e+01,2.190586e+01,2.203687e+01,2.198172e+01,2.199551e+01,2.205754e+01,2.202308e+01,2.210575e+01,2.202997e+01,2.209198e+01,2.220211e+01,2.221587e+01,2.197483e+01,2.209886e+01,2.211263e+01,2.209198e+01,2.211263e+01,2.211952e+01,2.209886e+01,2.211952e+01,2.208509e+01,2.204376e+01,2.205754e+01,2.205754e+01,2.208509e+01,2.198862e+01,2.194725e+01,2.218835e+01,2.206442e+01,2.213329e+01,2.200930e+01,2.197483e+01,2.212641e+01,2.196104e+01,2.211263e+01,2.215394e+01,2.213329e+01,2.216082e+01,2.204376e+01,2.209886e+01,2.201619e+01,2.197483e+01,2.220211e+01,2.205065e+01,2.203687e+01,2.203687e+01,2.203687e+01,2.207820e+01,2.205754e+01,2.196793e+01,2.192655e+01,2.205065e+01,2.204376e+01,2.199551e+01,2.191965e+01,2.191276e+01,2.195414e+01,2.202308e+01,2.200241e+01,2.200241e+01,2.193345e+01,2.191965e+01,2.187135e+01,2.183684e+01,2.176777e+01,2.178159e+01,2.177468e+01,2.162950e+01,2.176086e+01,2.169866e+01,2.171248e+01,2.165025e+01,2.167100e+01,2.169175e+01,2.170557e+01,2.152567e+01,2.165025e+01,2.162258e+01,2.168483e+01,2.160182e+01,2.160874e+01,2.148411e+01,2.149796e+01,2.154645e+01,2.120660e+01,2.153260e+01,2.152567e+01,2.154645e+01,2.154645e+01,2.156029e+01,2.155337e+01,2.149796e+01,2.149104e+01,2.151875e+01,2.151875e+01,2.152567e+01,2.157414e+01,2.153952e+01,2.157414e+01,2.145639e+01,2.160182e+01,2.153260e+01,2.162950e+01,2.160182e+01,2.159490e+01,2.144946e+01,2.156721e+01,2.155337e+01,2.160874e+01,2.158106e+01,2.164334e+01,2.149104e+01,2.182993e+01,2.158798e+01,2.157414e+01,2.154645e+01,2.158106e+01,2.160874e+01,2.156029e+01,2.165025e+01,2.156721e+01,2.171940e+01,2.162950e+01,2.158798e+01,2.159490e+01,2.153260e+01,2.162950e+01,2.156721e+01,2.155337e+01,2.157414e+01,2.159490e+01,2.163642e+01,2.159490e+01,2.164334e+01,2.142867e+01,2.151182e+01,2.159490e+01,2.141480e+01,2.145639e+01,2.148411e+01,2.147718e+01,2.140094e+01,2.143560e+01,2.129688e+01,2.137320e+01,2.140094e+01,2.136626e+01,2.134545e+01,2.125522e+01,2.132464e+01,2.133851e+01,2.132464e+01,2.141480e+01,2.137320e+01,2.124133e+01,2.147025e+01,2.130382e+01,2.117881e+01,2.120660e+01,2.134545e+01,2.116491e+01,2.127605e+01,2.129688e+01,2.112320e+01,2.106061e+01,2.107452e+01,2.117186e+01,2.127605e+01,2.106756e+01,2.113711e+01,2.104669e+01,2.111625e+01,2.116491e+01,2.113711e+01,2.115796e+01,2.115101e+01,2.112320e+01,2.122744e+01,2.108148e+01,2.108843e+01,2.120660e+01,2.117186e+01,2.138013e+01,2.119271e+01,2.099101e+01,2.107452e+01,2.116491e+01,2.118576e+01,2.123439e+01,2.123439e+01,2.136626e+01,2.121355e+01,2.131770e+01,2.128993e+01,2.126217e+01,2.137320e+01,2.140787e+01,2.133851e+01,2.147025e+01,2.126911e+01,2.135239e+01,2.133851e+01,2.153260e+01,2.146332e+01,2.147025e+01,2.142174e+01,2.144946e+01,2.133851e+01,2.142867e+01,2.144253e+01
2.221587e+01,2.213329e+01,2.214706e+01,2.225026e+01,2.217459e+01,2.229838e+01,2.228463e+01,2.247692e+01,2.261406e+01,2.282625e+01,2.269625e+01,2.279889e+01,2.273047e+01,2.269625e+01,2.283309e+01,2.279889e+01,2.292194e+01,2.288777e+01,2.292877e+01,2.294243e+01,2.294243e+01,2.301071e+01,2.287410e+01,2.288777e+01,2.293560e+01,2.281941e+01,2.307894e+01,2.307212e+01,2.304483e+01,2.275101e+01,2.286043e+01,2.299023e+01,2.308576e+01,2.311304e+01,2.290144e+01,2.279206e+01,2.278522e+01,2.301753e+01,2.279206e+01,2.288777e+01,2.290827e+01,2.280573e+01,2.282625e+01,2.266201e+01,2.263461e+01,2.258665e+01,2.253180e+01,2.270309e+01,2.257294e+01,2.249065e+01,2.239456e+01,2.266886e+01,2.248379e+01,2.264146e+01,2.255237e+01,2.252494e+01,2.256608e+01,2.250437e+01,2.257979e+01,2.257294e+01,2.257979e+01,2.257294e+01,2.253866e+01,2.255923e+01,2.257294e+01,2.255923e+01,2.262091e+01,2.265516e+01,2.247692e+01,2.253180e+01,2.253866e+01,2.250437e+01,2.241516e+01,2.260720e+01,2.255923e+01,2.253180e+01,2.247006e+01,2.246320e+01,2.252494e+01,2.273732e+01,2.246320e+01,2.245634e+01,2.247692e+01,2.253866e+01,2.240142e+01,2.246320e+01,2.241516e+01,2.240829e+01,2.222275e+01,2.234648e+01,2.255923e+01,2.227776e+01,2.219523e+01,2.223650e+01,2.227776e+01,2.227776e+01,2.233274e+01,2.225713e+01,2.229151e+01,2.213329e+01,2.213329e+01,2.230525e+01,2.215394e+01,2.205754e+01,2.198172e+01,2.161566e+01,2.138707e+01,2.136626e+01,2.150489e+01,2.149796e+01,2.146332e+01,2.143560e+01,2.153952e+01,2.151875e+01,2.151875e+01,2.166409e+01,2.162258e+01,2.167100e+01,2.169175e+01,2.173322e+01,2.171940e+01,2.174013e+01,2.169866e+01,2.176777e+01,2.188516e+01,2.190586e+01,2.181612e+01,2.179540e+01,2.187135e+01,2.184374e+01,2.180922e+01,2.180922e+01,2.163642e+01,2.178159e+01,2.175395e+01,2.186445e+01,2.176777e+01,2.180922e+01,2.189206e+01,2.183684e+01,2.176086e+01,2.181612e+01,2.176777e+01,2.189896e+01,2.181612e+01,2.181612e+01,2.189896e+01,2.169175e+01,2.176086e+01,2.183684e+01,2.185065e+01,2.182303e+01,2.187825e+01,2.185755e+01,2.181612e+01,2.180231e+01,2.187825e+01,2.181612e+01,2.201619e+01,2.197483e+01,2.179540e+01,2.187135e+01,2.194035e+01,2.189896e+01,2.189206e+01,2.178850e+01,2.179540e+01,2.178850e+01,2.182303e+01,2.179540e+01,2.203687e+01,2.185065e+01,2.192655e+01,2.180922e+01,2.180922e+01,2.192655e+01,2.182303e+01,2.188516e+01,2.184374e+01,2.196793e+01,2.192655e+01,2.195414e+01,2.196104e+01,2.192655e+01,2.192655e+01,2.200241e+01,2.196793e+01,2.194725e+01,2.195414e+01,2.199551e+01,2.195414e+01,2.183684e+01,2.189896e+01,2.205754e+01,2.190586e+01,2.210575e+01,2.198172e+01,2.191965e+01,2.188516e+01,2.207820e+01,2.209198e+01,2.200930e+01,2.205065e+01,2.207131e+01,2.200241e+01,2.202308e+01,2.202308e+01,2.202997e+01,2.205754e+01,2.202997e+01,2.203687e+01,2.200241e+01,2.204376e+01,2.198862e+01,2.207820e+01,2.225713e+01,2.202308e+01,2.196104e+01,2.195414e+01,2.194035e+01,2.198172e+01,2.201619e+01,2.214017e+01,2.211952e+01,2.201619e+01,2.215394e+01,2.197483e+01,2.219523e+01,2.193345e+01,2.196104e+01,2.198862e+01,2.208509e+01,2.202997e+01,2.205065e+01,2.205065e+01,2.198172e+01,2.199551e+01,2.202308e+01,2.205065e+01,2.205065e+01,2.199551e+01,2.206442e+01,2.207131e+01,2.207820e+01,2.207820e+01,2.225026e+01,2.207131e+01,2.209198e+01,2.210575e+01,2.223650e+01,2.213329e+01,2.217459e+01,2.212641e+01,2.208509e+01,2.219523e+01,2.225026e+01,2.219523e+01,2.227088e+01,2.211952e+01,2.215394e+01,2.217459e+01,2.214706e+01,2.211952e+01,2.209886e+01,2.218147e+01,2.210575e+01,2.218835e+01,2.213329e+01,2.227088e+01,2.214706e+01,2.231900e+01,2.232587e+01,2.220899e+01,2.227776e+01,2.223650e+01,2.231212e+01,2.226401e+01,2.220899e+01,2.227776e+01,2.225713e+01,2.222962e+01,2.230525e+01,2.231900e+01,2.229838e+01,2.233274e+01,2.211263e+01,2.224338e+01,2.223650e+01,2.225026e+01,2.225713e+01,2.215394e+01,2.229151e+01,2.217459e+01,2.211952e+01,2.218835e+01,2.220899e+01,2.216771e+01,2.206442e+01,2.213329e+01,2.207131e+01,2.206442e+01,2.198862e+01,2.185755e+01,2.186445e+01,2.182303e+01,2.197483e+01,2.198172e+01,2.172631e+01,2.187825e+01,2.183684e+01,2.178159e+01,2.174704e+01,2.178850e+01,2.178159e+01,2.173322e+01,2.182303e+01,2.165717e+01,2.172631e+01,2.174704e+01,2.172631e+01,2.140094e+01,2.131770e+01,2.134545e+01,2.132464e+01,2.130382e+01,2.131770e+01,2.125522e+01,2.134545e+01,2.144253e+01,2.177468e+01,2.177468e+01,2.182303e+01,2.194035e+01,2.196104e+01,2.187825e+01,2.192655e+01,2.191965e+01,2.202997e+01,2.185065e+01,2.185755e+01,2.192655e+01,2.218835e+01,2.191965e+01,2.194035e+01,2.198172e+01,2.213329e+01,2.200930e+01,2.216771e+01,2.200241e+01,2.201619e+01,2.205065e+01,2.187825e+01,2.204376e+01,2.196793e+01,2.194725e+01,2.198862e+01,2.201619e+01,2.200930e+01,2.201619e+01,2.192655e+01,2.195414e+01,2.202997e+01,2.202997e+01,2.200241e+01,2.204376e+01,2.198172e+01,2.195414e+01,2.187135e+01,2.187825e+01,2.195414e+01,2.196793e+01,2.187135e+01,2.191276e+01,2.185065e+01,2.184374e+01,2.189206e+01,2.209198e+01,2.191276e+01,2.184374e+01,2.186445e+01,2.193345e+01,2.189206e+01,2.189896e+01,2.176086e+01,2.193345e+01,2.178159e+01,2.185755e+01,2.182993e+01,2.184374e+01,2.181612e+01,2.182993e+01,2.179540e+01,2.188516e+01,2.185065e+01,2.175395e+01,2.175395e+01,2.182993e+01,2.174013e+01,2.178850e+01,2.177468e+01,2.178850e+01,2.182303e+01,2.189896e+01,2.178850e+01,2.174013e+01,2.153952e+01,2.176086e+01,2.178159e+01,2.165717e+01,2.174704e+01,2.176777e+01,2.172631e+01,2.172631e+01,2.169866e+01,2.164334e+01,2.172631e+01,2.164334e+01,2.165025e+01,2.182993e+01,2.164334e+01,2.168483e+01,2.181612e+01,2.181612e+01,2.185065e+01,2.185065e+01,2.182303e+01,2.177468e+01,2.195414e+01,2.187135e+01,2.193345e+01,2.196793e+01,2.199551e+01,2.203687e+01,2.204376e+01,2.205065e+01,2.211952e+01,2.205754e+01,2.190586e+01,2.217459e+01,2.218147e+01,2.214017e+01,2.216771e+01,2.216082e+01,2.225713e+01,2.221587e+01,2.216771e+01,2.220211e+01,2.195414e+01,2.212641e+01,2.197483e+01,2.205754e+01,2.204376e+01,2.209886e+01,2.209198e+01,2.205754e+01,2.212641e+01,2.204376e+01,2.209886e+01,2.206442e+01,2.214017e+01,2.205754e+01,2.196104e+01,2.213329e+01,2.194725e+01,2.205065e+01,2.201619e+01,2.212641e+01,2.209198e+01,2.204376e+01,2.211263e+01,2.208509e+01,2.204376e+01,2.196793e+01,2.201619e+01,2.213329e+01,2.204376e+01,2.202997e+01,2.202997e+01,2.202308e+01,2.205754e+01,2.209198e+01,2.194725e+01,2.200930e+01,2.200930e+01,2.201619e+01,2.192655e+01,2.205065e+01,2.202997e+01,2.203687e+01,2.202308e+01,2.187825e+01,2.187825e+01,2.191965e+01,2.183684e+01,2.191276e+01,2.189206e+01,2.169866e+01,2.173322e+01,2.173322e+01,2.159490e+01,2.169175e+01,2.176777e+01,2.170557e+01,2.164334e+01,2.158798e+01,2.166409e+01,2.164334e+01,2.160182e+01,2.160874e+01,2.161566e+01,2.165717e+01,2.149796e+01,2.148411e+01,2.142867e+01,2.142867e+01,2.146332e+01,2.144946e+01,2.159490e+01,2.152567e+01,2.158106e+01,2.155337e+01,2.153952e+01,2.157414e+01,2.152567e+01,2.158106e+01,2.142867e+01,2.156721e+01,2.156029e+01,2.157414e+01,2.157414e+01,2.149104e+01,2.139400e+01,2.149104e+01,2.143560e+01,2.163642e+01,2.153952e+01,2.151182e+01,2.160182e+01,2.162258e+01,2.159490e+01,2.160874e+01,2.153260e+01,2.158106e+01,2.157414e+01,2.162950e+01,2.156029e+01,2.164334e+01,2.167100e+01,2.156029e+01,2.157414e+01,2.161566e+01,2.156721e+01,2.158106e+01,2.131770e+01,2.156721e+01,2.154645e+01,2.164334e+01,2.160182e+01,2.154645e+01,2.162950e+01,2.153260e+01,2.149796e+01,2.162258e+01,2.159490e+01,2.155337e+01,2.139400e+01,2.162258e+01,2.151182e+01,2.126217e+01,2.124133e+01,2.139400e+01,2.140094e+01,2.142174e+01,2.143560e+01,2.117881e+01,2.150489e+01,2.131770e+01,2.138013e+01,2.122050e+01,2.126217e+01,2.119966e+01,2.119966e+01,2.117186e+01,2.110929e+01,2.111625e+01,2.110929e+01,2.106756e+01,2.122050e+01,2.124828e+01,2.128993e+01,2.125522e+01,2.119966e+01,2.115796e+01,2.127605e+01,2.101885e+01,2.113711e+01,2.124133e+01,2.117186e+01,2.115796e+01,2.116491e+01,2.117186e+01,2.116491e+01,2.106756e+01,2.117186e+01,2.131770e+01,2.110929e+01,2.110929e+01,2.114406e+01,2.115796e+01,2.115101e+01,2.119271e+01,2.114406e+01,2.121355e+01,2.117881e+01,2.123439e+01,2.121355e+01,2.129688e+01,2.128299e+01,2.122744e+01,2.119966e+01,2.120660e+01,2.122050e+01,2.126217e+01,2.137320e+01,2.119271e+01,2.122050e+01,2.140094e+01,2.133851e+01,2.151182e+01,2.131076e+01,2.133158e+01,2.155337e+01,2.154645e+01,2.156721e+01,2.130382e+01,2.130382e+01,2.147025e+01,2.140787e+01,2.140094e+01,2.136626e+01
2.211952e+01,2.214706e+01,2.218835e+01,2.222275e+01,2.228463e+01,2.215394e+01,2.225713e+01,2.251122e+01,2.251122e+01,2.265516e+01,2.270309e+01,2.266886e+01,2.264831e+01,2.275785e+01,2.284676e+01,2.289461e+01,2.294926e+01,2.274416e+01,2.292877e+01,2.286043e+01,2.293560e+01,2.295609e+01,2.284676e+01,2.294243e+01,2.301071e+01,2.277153e+01,2.271679e+01,2.301753e+01,2.279889e+01,2.290827e+01,2.299706e+01,2.286727e+01,2.294926e+01,2.270994e+01,2.273047e+01,2.293560e+01,2.277153e+01,2.279206e+01,2.269625e+01,2.299706e+01,2.268255e+01,2.289461e+01,2.260035e+01,2.257979e+01,2.244948e+01,2.249065e+01,2.243575e+01,2.236022e+01,2.251808e+01,2.249065e+01,2.251122e+01,2.242202e+01,2.240142e+01,2.238769e+01,2.266886e+01,2.252494e+01,2.252494e+01,2.255237e+01,2.258665e+01,2.253180e+01,2.247692e+01,2.231900e+01,2.234648e+01,2.249751e+01,2.248379e+01,2.249065e+01,2.231212e+01,2.240829e+01,2.233961e+01,2.232587e+01,2.249751e+01,2.231212e+01,2.227088e+01,2.244261e+01,2.236022e+01,2.248379e+01,2.249751e+01,2.231212e+01,2.228463e+01,2.247006e+01,2.234648e+01,2.234648e+01,2.235335e+01,2.235335e+01,2.235335e+01,2.238769e+01,2.233961e+01,2.233274e+01,2.222962e+01,2.214706e+01,2.222962e+01,2.231900e+01,2.222962e+01,2.226401e+01,2.226401e+01,2.229838e+01,2.229838e+01,2.226401e+01,2.231900e+01,2.210575e+01,2.208509e+01,2.210575e+01,2.206442e+01,2.205065e+01,2.178850e+01,2.176086e+01,2.158798e+01,2.134545e+01,2.135239e+01,2.152567e+01,2.139400e+01,2.149104e+01,2.153952e+01,2.158106e+01,2.162950e+01,2.158106e+01,2.163642e+01,2.174704e+01,2.177468e+01,2.177468e+01,2.176086e+01,2.169175e+01,2.167792e+01,2.174704e+01,2.175395e+01,2.176777e+01,2.180922e+01,2.183684e+01,2.178159e+01,2.180922e+01,2.169175e+01,2.182303e+01,2.165025e+01,2.167100e+01,2.182303e+01,2.196793e+01,2.185065e+01,2.185065e+01,2.186445e+01,2.176086e+01,2.174013e+01,2.179540e+01,2.178850e+01,2.178159e+01,2.179540e+01,2.185755e+01,2.185755e+01,2.176777e+01,2.178850e+01,2.180231e+01,2.181612e+01,2.185755e+01,2.185755e+01,2.181612e+01,2.176086e+01,2.182303e+01,2.179540e+01,2.176086e+01,2.185755e+01,2.185755e+01,2.190586e+01,2.189896e+01,2.187135e+01,2.180231e+01,2.175395e+01,2.187135e+01,2.182303e+01,2.182993e+01,2.184374e+01,2.189896e+01,2.182993e+01,2.187135e+01,2.192655e+01,2.179540e+01,2.192655e+01,2.186445e+01,2.188516e+01,2.180922e+01,2.189896e+01,2.183684e+01,2.181612e+01,2.199551e+01,2.196793e+01,2.191965e+01,2.194035e+01,2.191276e+01,2.198862e+01,2.196793e+01,2.201619e+01,2.195414e+01,2.194725e+01,2.203687e+01,2.199551e+01,2.189896e+01,2.191276e+01,2.212641e+01,2.194725e+01,2.199551e+01,2.202308e+01,2.206442e+01,2.205754e+01,2.202997e+01,2.209886e+01,2.189896e+01,2.207131e+01,2.200241e+01,2.206442e+01,2.200241e+01,2.204376e+01,2.207131e+01,2.198862e+01,2.202997e+01,2.196793e+01,2.209198e+01,2.207820e+01,2.207131e+01,2.205065e+01,2.196793e+01,2.198862e+01,2.212641e+01,2.207131e+01,2.200930e+01,2.207820e+01,2.213329e+01,2.202997e+01,2.195414e+01,2.207820e+01,2.191965e+01,2.189896e+01,2.191276e+01,2.191965e+01,2.206442e+01,2.206442e+01,2.195414e+01,2.202308e+01,2.201619e+01,2.202308e+01,2.201619e+01,2.200930e+01,2.210575e+01,2.209198e+01,2.197483e+01,2.196104e+01,2.207131e+01,2.207820e+01,2.211952e+01,2.207820e+01,2.215394e+01,2.211952e+01,2.211263e+01,2.210575e+01,2.213329e+01,2.225026e+01,2.213329e+01,2.220211e+01,2.214706e+01,2.231212e+01,2.218835e+01,2.210575e+01,2.220211e+01,2.210575e+01,2.212641e+01,2.213329e+01,2.214706e+01,2.215394e+01,2.227088e+01,2.209198e+01,2.218147e+01,2.223650e+01,2.229151e+01,2.211263e+01,2.226401e+01,2.220899e+01,2.221587e+01,2.214017e+01,2.240829e+01,2.227088e+01,2.222962e+01,2.212641e+01,2.227776e+01,2.235335e+01,2.226401e+01,2.235335e+01,2.235335e+01,2.231212e+01,2.225026e+01,2.229151e+01,2.221587e+01,2.233274e+01,2.223650e+01,2.225713e+01,2.218147e+01,2.218147e+01,2.214706e+01,2.204376e+01,2.213329e+01,2.208509e+01,2.190586e+01,2.211263e+01,2.206442e+01,2.202997e+01,2.187825e+01,2.189206e+01,2.187825e+01,2.185755e+01,2.186445e+01,2.179540e+01,2.182993e+01,2.187825e+01,2.187135e+01,2.185755e+01,2.174013e+01,2.174704e+01,2.177468e+01,2.180922e+01,2.180922e+01,2.173322e+01,2.183684e+01,2.162950e+01,2.171248e+01,2.171248e+01,2.137320e+01,2.132464e+01,2.127605e+01,2.148411e+01,2.129688e+01,2.141480e+01,2.141480e+01,2.144253e+01,2.149104e+01,2.173322e+01,2.165025e+01,2.183684e+01,2.189206e+01,2.187825e+01,2.189896e+01,2.189206e+01,2.182993e+01,2.182993e+01,2.204376e+01,2.210575e+01,2.209886e+01,2.215394e+01,2.198862e+01,2.217459e+01,2.194035e+01,2.208509e+01,2.200241e+01,2.205754e+01,2.209198e+01,2.200241e+01,2.201619e+01,2.202997e+01,2.196793e+01,2.199551e+01,2.200930e+01,2.194725e+01,2.205065e+01,2.200930e+01,2.191276e+01,2.191965e+01,2.186445e+01,2.198862e+01,2.198172e+01,2.196793e+01,2.202997e+01,2.205065e+01,2.194725e+01,2.203687e+01,2.185065e+01,2.185755e+01,2.187135e+01,2.185755e+01,2.185065e+01,2.190586e+01,2.187135e+01,2.187135e+01,2.199551e+01,2.187135e+01,2.186445e+01,2.189206e+01,2.176086e+01,2.171940e+01,2.182993e+01,2.179540e+01,2.179540e+01,2.189896e+01,2.186445e+01,2.185065e+01,2.178850e+01,2.182993e+01,2.180922e+01,2.185755e+01,2.185065e+01,2.173322e+01,2.184374e+01,2.185755e+01,2.168483e+01,2.180922e+01,2.177468e+01,2.181612e+01,2.174704e+01,2.186445e+01,2.179540e+01,2.177468e+01,2.177468e+01,2.184374e+01,2.181612e+01,2.169866e+01,2.168483e+01,2.171940e+01,2.173322e+01,2.171248e+01,2.172631e+01,2.167792e+01,2.172631e+01,2.180922e+01,2.171940e+01,2.180922e+01,2.162258e+01,2.171940e+01,2.182303e+01,2.182303e+01,2.184374e+01,2.176086e+01,2.176086e+01,2.178850e+01,2.199551e+01,2.197483e+01,2.188516e+01,2.193345e+01,2.202997e+01,2.205065e+01,2.206442e+01,2.199551e+01,2.202997e+01,2.205065e+01,2.208509e+01,2.214017e+01,2.201619e+01,2.204376e+01,2.219523e+01,2.209886e+01,2.230525e+01,2.208509e+01,2.207131e+01,2.218147e+01,2.217459e+01,2.218147e+01,2.207131e+01,2.216082e+01,2.208509e+01,2.202997e+01,2.209886e+01,2.205065e+01,2.212641e+01,2.206442e+01,2.202308e+01,2.205065e+01,2.202308e+01,2.205065e+01,2.215394e+01,2.202308e+01,2.209886e+01,2.191276e+01,2.203687e+01,2.214017e+01,2.205754e+01,2.213329e+01,2.200930e+01,2.205754e+01,2.216771e+01,2.202997e+01,2.199551e+01,2.200241e+01,2.203687e+01,2.205065e+01,2.202997e+01,2.194035e+01,2.202997e+01,2.207820e+01,2.201619e+01,2.196793e+01,2.204376e+01,2.194035e+01,2.189206e+01,2.174013e+01,2.200241e+01,2.194035e+01,2.203687e+01,2.185755e+01,2.199551e+01,2.198862e+01,2.187825e+01,2.189206e+01,2.183684e+01,2.176086e+01,2.182303e+01,2.170557e+01,2.165717e+01,2.160182e+01,2.169175e+01,2.168483e+01,2.150489e+01,2.167100e+01,2.164334e+01,2.159490e+01,2.164334e+01,2.156029e+01,2.149104e+01,2.144253e+01,2.142174e+01,2.156721e+01,2.160874e+01,2.142867e+01,2.142174e+01,2.147025e+01,2.149796e+01,2.144253e+01,2.140094e+01,2.148411e+01,2.139400e+01,2.159490e+01,2.155337e+01,2.138013e+01,2.154645e+01,2.156721e+01,2.131770e+01,2.142867e+01,2.147718e+01,2.143560e+01,2.158798e+01,2.142867e+01,2.146332e+01,2.144253e+01,2.159490e+01,2.156721e+01,2.160874e+01,2.162950e+01,2.155337e+01,2.151182e+01,2.158106e+01,2.158798e+01,2.160182e+01,2.160182e+01,2.156029e+01,2.159490e+01,2.180231e+01,2.151875e+01,2.158798e+01,2.156029e+01,2.156721e+01,2.154645e+01,2.165717e+01,2.156029e+01,2.160874e+01,2.160182e+01,2.149104e+01,2.165717e+01,2.160182e+01,2.157414e+01,2.149796e+01,2.157414e+01,2.148411e+01,2.154645e+01,2.147025e+01,2.153260e+01,2.140094e+01,2.151875e+01,2.149796e+01,2.140787e+01,2.145639e+01,2.128993e+01,2.140787e+01,2.120660e+01,2.128993e+01,2.119966e+01,2.128299e+01,2.126217e+01,2.128299e+01,2.120660e+01,2.121355e+01,2.144946e+01,2.108148e+01,2.125522e+01,2.114406e+01,2.110234e+01,2.115796e+01,2.125522e+01,2.130382e+01,2.133851e+01,2.116491e+01,2.100493e+01,2.125522e+01,2.119271e+01,2.101189e+01,2.108843e+01,2.103973e+01,2.111625e+01,2.108148e+01,2.105365e+01,2.117881e+01,2.098405e+01,2.115796e+01,2.101885e+01,2.117881e+01,2.108843e+01,2.119271e+01,2.120660e+01,2.116491e+01,2.115101e+01,2.118576e+01,2.122050e+01,2.110929e+01,2.120660e+01,2.115101e+01,2.118576e+01,2.119966e+01,2.115796e+01,2.115796e+01,2.137320e+01,2.122744e+01,2.134545e+01,2.124828e+01,2.117881e+01,2.139400e+01,2.149104e+01,2.137320e+01,2.149104e+01,2.123439e+01,2.128299e+01,2.127605e+01,2.130382e+01,2.130382e+01,2.133851e+01,2.147718e+01,2.146332e+01,2.126911e+01,2.138013e+01,2.140787e+01
2.209198e+01,2.206442e+01,2.208509e+01,2.207820e+01,2.223650e+01,2.231900e+01,2.232587e+01,2.232587e+01,2.242888e+01,2.264146e+01,2.265516e+01,2.273047e+01,2.270309e+01,2.274416e+01,2.275101e+01,2.273732e+01,2.270994e+01,2.272363e+01,2.290827e+01,2.268255e+01,2.268255e+01,2.286727e+01,2.296975e+01,2.276469e+01,2.281257e+01,2.279206e+01,2.279206e+01,2.281257e+01,2.278522e+01,2.301753e+01,2.270309e+01,2.298340e+01,2.282625e+01,2.257294e+01,2.277153e+01,2.262091e+01,2.285360e+01,2.279889e+01,2.263461e+01,2.265516e+01,2.266201e+01,2.240142e+01,2.243575e+01,2.247692e+01,2.246320e+01,2.241516e+01,2.242888e+01,2.249065e+01,2.237395e+01,2.251808e+01,2.231900e+01,2.231900e+01,2.245634e+01,2.230525e+01,2.246320e+01,2.234648e+01,2.228463e+01,2.243575e+01,2.247692e+01,2.254551e+01,2.232587e+01,2.235335e+01,2.230525e+01,2.245634e+01,2.231212e+01,2.229838e+01,2.221587e+01,2.227088e+01,2.231900e+01,2.220211e+01,2.231900e+01,2.233961e+01,2.227776e+01,2.244948e+01,2.230525e+01,2.230525e+01,2.218835e+01,2.228463e+01,2.213329e+01,2.239456e+01,2.222275e+01,2.215394e+01,2.232587e+01,2.213329e+01,2.215394e+01,2.216082e+01,2.233961e+01,2.231212e+01,2.214706e+01,2.225026e+01,2.229151e+01,2.219523e+01,2.214706e+01,2.216082e+01,2.205065e+01,2.222962e+01,2.218147e+01,2.206442e+01,2.210575e+01,2.214017e+01,2.210575e+01,2.212641e+01,2.183684e+01,2.196104e+01,2.192655e+01,2.160182e+01,2.158106e+01,2.134545e+01,2.150489e+01,2.152567e+01,2.151875e+01,2.171940e+01,2.150489e+01,2.156029e+01,2.167100e+01,2.159490e+01,2.173322e+01,2.164334e+01,2.159490e+01,2.171248e+01,2.168483e+01,2.189896e+01,2.191965e+01,2.174704e+01,2.178159e+01,2.177468e+01,2.178159e+01,2.179540e+01,2.197483e+01,2.177468e+01,2.182303e+01,2.176777e+01,2.181612e+01,2.180922e+01,2.187135e+01,2.182303e+01,2.180922e+01,2.178850e+01,2.180231e+01,2.182303e+01,2.173322e+01,2.182993e+01,2.189896e+01,2.162258e+01,2.179540e+01,2.184374e+01,2.180231e+01,2.179540e+01,2.189896e+01,2.184374e+01,2.183684e+01,2.182303e+01,2.185755e+01,2.187135e+01,2.183684e+01,2.178850e+01,2.191276e+01,2.189896e+01,2.180231e+01,2.188516e+01,2.177468e+01,2.194725e+01,2.181612e+01,2.188516e+01,2.187825e+01,2.185755e+01,2.183684e+01,2.179540e+01,2.182993e+01,2.187825e+01,2.187825e+01,2.191965e+01,2.191276e+01,2.193345e+01,2.186445e+01,2.190586e+01,2.197483e+01,2.181612e+01,2.184374e+01,2.191276e+01,2.194725e+01,2.194035e+01,2.200241e+01,2.187825e+01,2.188516e+01,2.203687e+01,2.184374e+01,2.194725e+01,2.191965e+01,2.193345e+01,2.197483e+01,2.198862e+01,2.200930e+01,2.200930e+01,2.182993e+01,2.198172e+01,2.194035e+01,2.205065e+01,2.213329e+01,2.206442e+01,2.208509e+01,2.205065e+01,2.198862e+01,2.210575e+01,2.205065e+01,2.202308e+01,2.214706e+01,2.199551e+01,2.198172e+01,2.202997e+01,2.202997e+01,2.207131e+01,2.207820e+01,2.206442e+01,2.193345e+01,2.199551e+01,2.199551e+01,2.196104e+01,2.196104e+01,2.198862e+01,2.204376e+01,2.203687e+01,2.212641e+01,2.200930e+01,2.216082e+01,2.210575e+01,2.201619e+01,2.214017e+01,2.200241e+01,2.206442e+01,2.209198e+01,2.205065e+01,2.198862e+01,2.209886e+01,2.205065e+01,2.205065e+01,2.206442e+01,2.208509e+01,2.214017e+01,2.200241e+01,2.209886e+01,2.198172e+01,2.210575e+01,2.207131e+01,2.207131e+01,2.215394e+01,2.211263e+01,2.212641e+01,2.210575e+01,2.211952e+01,2.201619e+01,2.216771e+01,2.215394e+01,2.213329e+01,2.216771e+01,2.217459e+01,2.207820e+01,2.230525e+01,2.218147e+01,2.225026e+01,2.214706e+01,2.211263e+01,2.208509e+01,2.210575e+01,2.226401e+01,2.202997e+01,2.222275e+01,2.225713e+01,2.211952e+01,2.221587e+01,2.218147e+01,2.222275e+01,2.221587e+01,2.225026e+01,2.218147e+01,2.235335e+01,2.215394e+01,2.220211e+01,2.223650e+01,2.229151e+01,2.222962e+01,2.219523e+01,2.234648e+01,2.242888e+01,2.236022e+01,2.233274e+01,2.210575e+01,2.225026e+01,2.223650e+01,2.219523e+01,2.214017e+01,2.231212e+01,2.216082e+01,2.214706e+01,2.218147e+01,2.210575e+01,2.196793e+01,2.203687e+01,2.205065e+01,2.209886e+01,2.198862e+01,2.202997e+01,2.197483e+01,2.189206e+01,2.189896e+01,2.187135e+01,2.187825e+01,2.189896e+01,2.185755e+01,2.186445e+01,2.177468e+01,2.182993e+01,2.182303e+01,2.180231e+01,2.187135e+01,2.175395e+01,2.171940e+01,2.174704e+01,2.177468e+01,2.170557e+01,2.171248e+01,2.149796e+01,2.139400e+01,2.144946e+01,2.135239e+01,2.135933e+01,2.147025e+01,2.144253e+01,2.143560e+01,2.140787e+01,2.160182e+01,2.167100e+01,2.174704e+01,2.188516e+01,2.189206e+01,2.190586e+01,2.191965e+01,2.192655e+01,2.190586e+01,2.211952e+01,2.200241e+01,2.200930e+01,2.203687e+01,2.207820e+01,2.211263e+01,2.199551e+01,2.211952e+01,2.202997e+01,2.206442e+01,2.209886e+01,2.200930e+01,2.198862e+01,2.197483e+01,2.198172e+01,2.198862e+01,2.198862e+01,2.203687e+01,2.200930e+01,2.196104e+01,2.199551e+01,2.196793e+01,2.191965e+01,2.198862e+01,2.194035e+01,2.194035e+01,2.196104e+01,2.189896e+01,2.207820e+01,2.201619e+01,2.202308e+01,2.186445e+01,2.187825e+01,2.202308e+01,2.186445e+01,2.198862e+01,2.189896e+01,2.200241e+01,2.194725e+01,2.192655e+01,2.192655e+01,2.186445e+01,2.191965e+01,2.180231e+01,2.182303e+01,2.178850e+01,2.191276e+01,2.180231e+01,2.193345e+01,2.178850e+01,2.185065e+01,2.186445e+01,2.177468e+01,2.183684e+01,2.188516e+01,2.175395e+01,2.187135e+01,2.186445e+01,2.186445e+01,2.180231e+01,2.178850e+01,2.182993e+01,2.180922e+01,2.180231e+01,2.174013e+01,2.171248e+01,2.182993e+01,2.183684e+01,2.182993e+01,2.182303e+01,2.167100e+01,2.177468e+01,2.174013e+01,2.172631e+01,2.169866e+01,2.174704e+01,2.164334e+01,2.178159e+01,2.163642e+01,2.169175e+01,2.160874e+01,2.165717e+01,2.182993e+01,2.185065e+01,2.182303e+01,2.194725e+01,2.185755e+01,2.183684e+01,2.174704e+01,2.188516e+01,2.191965e+01,2.191965e+01,2.204376e+01,2.195414e+01,2.200241e+01,2.211952e+01,2.211952e+01,2.204376e+01,2.205065e+01,2.201619e+01,2.211952e+01,2.216771e+01,2.205065e+01,2.205065e+01,2.218835e+01,2.219523e+01,2.214706e+01,2.205754e+01,2.212641e+01,2.211263e+01,2.212641e+01,2.213329e+01,2.205065e+01,2.216082e+01,2.207820e+01,2.205065e+01,2.217459e+01,2.207820e+01,2.205754e+01,2.217459e+01,2.188516e+01,2.204376e+01,2.205754e+01,2.194725e+01,2.202308e+01,2.199551e+01,2.205065e+01,2.207131e+01,2.207131e+01,2.207820e+01,2.216771e+01,2.205065e+01,2.194725e+01,2.196104e+01,2.202997e+01,2.204376e+01,2.195414e+01,2.205754e+01,2.205754e+01,2.198172e+01,2.204376e+01,2.206442e+01,2.205754e+01,2.195414e+01,2.201619e+01,2.203687e+01,2.191965e+01,2.198172e+01,2.202308e+01,2.185755e+01,2.199551e+01,2.189896e+01,2.187825e+01,2.185065e+01,2.200930e+01,2.182303e+01,2.165717e+01,2.179540e+01,2.174704e+01,2.174704e+01,2.182303e+01,2.165025e+01,2.157414e+01,2.170557e+01,2.169175e+01,2.167792e+01,2.168483e+01,2.155337e+01,2.160874e+01,2.145639e+01,2.171248e+01,2.161566e+01,2.158106e+01,2.151182e+01,2.142867e+01,2.151182e+01,2.156029e+01,2.147025e+01,2.156029e+01,2.144253e+01,2.144946e+01,2.159490e+01,2.148411e+01,2.144253e+01,2.153260e+01,2.147718e+01,2.148411e+01,2.150489e+01,2.160182e+01,2.156721e+01,2.150489e+01,2.157414e+01,2.151875e+01,2.146332e+01,2.151875e+01,2.143560e+01,2.143560e+01,2.156029e+01,2.149104e+01,2.158798e+01,2.144946e+01,2.149796e+01,2.151182e+01,2.160874e+01,2.159490e+01,2.158798e+01,2.160182e+01,2.161566e+01,2.163642e+01,2.163642e+01,2.162950e+01,2.149796e+01,2.160182e+01,2.164334e+01,2.157414e+01,2.164334e+01,2.155337e+01,2.161566e+01,2.151182e+01,2.150489e+01,2.157414e+01,2.167100e+01,2.167792e+01,2.155337e+01,2.160182e+01,2.154645e+01,2.151182e+01,2.157414e+01,2.138013e+01,2.149104e+01,2.117881e+01,2.151875e+01,2.134545e+01,2.129688e+01,2.135239e+01,2.126911e+01,2.130382e+01,2.117881e+01,2.119271e+01,2.114406e+01,2.124828e+01,2.124828e+01,2.119966e+01,2.119966e+01,2.115101e+01,2.121355e+01,2.114406e+01,2.112320e+01,2.119966e+01,2.115796e+01,2.105365e+01,2.118576e+01,2.115101e+01,2.116491e+01,2.108843e+01,2.113015e+01,2.112320e+01,2.117186e+01,2.111625e+01,2.096316e+01,2.116491e+01,2.109539e+01,2.099101e+01,2.114406e+01,2.119271e+01,2.122050e+01,2.106061e+01,2.117881e+01,2.128299e+01,2.113015e+01,2.120660e+01,2.133158e+01,2.113711e+01,2.128993e+01,2.117881e+01,2.131770e+01,2.117186e+01,2.126217e+01,2.125522e+01,2.123439e+01,2.138707e+01,2.139400e+01,2.139400e+01,2.122744e+01,2.148411e+01,2.126217e+01,2.127605e+01,2.138707e+01,2.131076e+01,2.132464e+01,2.130382e+01,2.128299e+01,2.126911e+01,2.128299e+01,2.136626e+01,2.130382e+01,2.138707e+01,2.138707e+01,2.153260e+01,2.145639e+01,2.147718e+01
2.194035e+01,2.214017e+01,2.204376e+01,2.207820e+01,2.209886e+01,2.205754e+01,2.227776e+01,2.238082e+01,2.229838e+01,2.262091e+01,2.249065e+01,2.247006e+01,2.262776e+01,2.274416e+01,2.270994e+01,2.276469e+01,2.284676e+01,2.272363e+01,2.268255e+01,2.266201e+01,2.262776e+01,2.271679e+01,2.299023e+01,2.275101e+01,2.272363e+01,2.292194e+01,2.275785e+01,2.275785e+01,2.271679e+01,2.260720e+01,2.275785e+01,2.260035e+01,2.277153e+01,2.263461e+01,2.253180e+01,2.268940e+01,2.266886e+01,2.273047e+01,2.262776e+01,2.265516e+01,2.244948e+01,2.229151e+01,2.231900e+01,2.236022e+01,2.231900e+01,2.215394e+01,2.233274e+01,2.223650e+01,2.233961e+01,2.229151e+01,2.243575e+01,2.211952e+01,2.227776e+01,2.217459e+01,2.229151e+01,2.227088e+01,2.236709e+01,2.216082e+01,2.228463e+01,2.224338e+01,2.220899e+01,2.216771e+01,2.213329e+01,2.225026e+01,2.222275e+01,2.225026e+01,2.220211e+01,2.214017e+01,2.225026e+01,2.218835e+01,2.217459e+01,2.241516e+01,2.216771e+01,2.207820e+01,2.207820e+01,2.228463e+01,2.209198e+01,2.211263e+01,2.217459e+01,2.214017e+01,2.209198e+01,2.208509e+01,2.229838e+01,2.211952e+01,2.196793e+01,2.211263e+01,2.211952e+01,2.202997e+01,2.205065e+01,2.211263e+01,2.225026e+01,2.209198e+01,2.197483e+01,2.200930e+01,2.202997e+01,2.210575e+01,2.212641e+01,2.188516e+01,2.210575e+01,2.211263e+01,2.200930e+01,2.201619e+01,2.206442e+01,2.196104e+01,2.191965e+01,2.162258e+01,2.153952e+01,2.156029e+01,2.147025e+01,2.145639e+01,2.149796e+01,2.153260e+01,2.158798e+01,2.159490e+01,2.160874e+01,2.176086e+01,2.174704e+01,2.162258e+01,2.163642e+01,2.160182e+01,2.168483e+01,2.167792e+01,2.180231e+01,2.171940e+01,2.180922e+01,2.174013e+01,2.190586e+01,2.182303e+01,2.190586e+01,2.182303e+01,2.182993e+01,2.180922e+01,2.181612e+01,2.179540e+01,2.182303e+01,2.182993e+01,2.178159e+01,2.178850e+01,2.176086e+01,2.175395e+01,2.185755e+01,2.187825e+01,2.185065e+01,2.178159e+01,2.178850e+01,2.179540e+01,2.178159e+01,2.189206e+01,2.195414e+01,2.174013e+01,2.183684e+01,2.185755e+01,2.176086e+01,2.184374e+01,2.187135e+01,2.187825e+01,2.185065e+01,2.186445e+01,2.187135e+01,2.176777e+01,2.183684e+01,2.180922e+01,2.185065e+01,2.178850e+01,2.174013e+01,2.182993e+01,2.184374e+01,2.187135e+01,2.174013e+01,2.190586e+01,2.189206e+01,2.181612e+01,2.193345e+01,2.190586e+01,2.193345e+01,2.187825e+01,2.191276e+01,2.176086e+01,2.182303e+01,2.176086e+01,2.188516e+01,2.194035e+01,2.209198e+01,2.196793e+01,2.189206e+01,2.191276e+01,2.191965e+01,2.199551e+01,2.199551e+01,2.189896e+01,2.201619e+01,2.185755e+01,2.200930e+01,2.199551e+01,2.189896e+01,2.207131e+01,2.195414e+01,2.191276e+01,2.212641e+01,2.198862e+01,2.189896e+01,2.200930e+01,2.196793e+01,2.211263e+01,2.200241e+01,2.202308e+01,2.202308e+01,2.201619e+01,2.200930e+01,2.200930e+01,2.201619e+01,2.220211e+01,2.191965e+01,2.207820e+01,2.207820e+01,2.202308e+01,2.194035e+01,2.195414e+01,2.175395e+01,2.197483e+01,2.198862e+01,2.203687e+01,2.202997e+01,2.210575e+01,2.201619e+01,2.205754e+01,2.205065e+01,2.207131e+01,2.196793e+01,2.203687e+01,2.200930e+01,2.207131e+01,2.207131e+01,2.208509e+01,2.200930e+01,2.202308e+01,2.210575e+01,2.214706e+01,2.202997e+01,2.201619e+01,2.213329e+01,2.198862e+01,2.196793e+01,2.214017e+01,2.208509e+01,2.210575e+01,2.211263e+01,2.211952e+01,2.216082e+01,2.210575e+01,2.219523e+01,2.212641e+01,2.215394e+01,2.217459e+01,2.217459e+01,2.213329e+01,2.212641e+01,2.215394e+01,2.213329e+01,2.225713e+01,2.205754e+01,2.213329e+01,2.218835e+01,2.211952e+01,2.209886e+01,2.209198e+01,2.195414e+01,2.218147e+01,2.213329e+01,2.221587e+01,2.216771e+01,2.222275e+01,2.222962e+01,2.226401e+01,2.221587e+01,2.214017e+01,2.225026e+01,2.216082e+01,2.228463e+01,2.227776e+01,2.225713e+01,2.218147e+01,2.233961e+01,2.226401e+01,2.223650e+01,2.227088e+01,2.210575e+01,2.211263e+01,2.218835e+01,2.213329e+01,2.214706e+01,2.216771e+01,2.222275e+01,2.214017e+01,2.202308e+01,2.212641e+01,2.214017e+01,2.199551e+01,2.207131e+01,2.202997e+01,2.198862e+01,2.183684e+01,2.186445e+01,2.187135e+01,2.188516e+01,2.180231e+01,2.181612e+01,2.174013e+01,2.178159e+01,2.178850e+01,2.177468e+01,2.174013e+01,2.177468e+01,2.177468e+01,2.186445e+01,2.178159e+01,2.186445e+01,2.175395e+01,2.176777e+01,2.171940e+01,2.153260e+01,2.150489e+01,2.146332e+01,2.149104e+01,2.141480e+01,2.151875e+01,2.149104e+01,2.145639e+01,2.146332e+01,2.147718e+01,2.139400e+01,2.142867e+01,2.162950e+01,2.183684e+01,2.191965e+01,2.178159e+01,2.193345e+01,2.186445e+01,2.191276e+01,2.211952e+01,2.212641e+01,2.194725e+01,2.211263e+01,2.196104e+01,2.205754e+01,2.194725e+01,2.203687e+01,2.211263e+01,2.209886e+01,2.203687e+01,2.200241e+01,2.198172e+01,2.202308e+01,2.198172e+01,2.211952e+01,2.198172e+01,2.198862e+01,2.200241e+01,2.199551e+01,2.194725e+01,2.200241e+01,2.191965e+01,2.193345e+01,2.195414e+01,2.191965e+01,2.202308e+01,2.203687e+01,2.205065e+01,2.187135e+01,2.189206e+01,2.186445e+01,2.194725e+01,2.186445e+01,2.185065e+01,2.183684e+01,2.184374e+01,2.182303e+01,2.198172e+01,2.179540e+01,2.192655e+01,2.190586e+01,2.177468e+01,2.182303e+01,2.182993e+01,2.176777e+01,2.191276e+01,2.177468e+01,2.177468e+01,2.180231e+01,2.176086e+01,2.180231e+01,2.179540e+01,2.179540e+01,2.180231e+01,2.174704e+01,2.185755e+01,2.184374e+01,2.187135e+01,2.178850e+01,2.176086e+01,2.176777e+01,2.178850e+01,2.179540e+01,2.180922e+01,2.181612e+01,2.182303e+01,2.182993e+01,2.175395e+01,2.181612e+01,2.179540e+01,2.171940e+01,2.174013e+01,2.173322e+01,2.171940e+01,2.169175e+01,2.159490e+01,2.160182e+01,2.170557e+01,2.172631e+01,2.171248e+01,2.174704e+01,2.175395e+01,2.168483e+01,2.182303e+01,2.182303e+01,2.179540e+01,2.185065e+01,2.178850e+01,2.187135e+01,2.190586e+01,2.189206e+01,2.199551e+01,2.198862e+01,2.201619e+01,2.202997e+01,2.204376e+01,2.197483e+01,2.202997e+01,2.211263e+01,2.202308e+01,2.203687e+01,2.202997e+01,2.209886e+01,2.204376e+01,2.202997e+01,2.203687e+01,2.202308e+01,2.207820e+01,2.204376e+01,2.205065e+01,2.207820e+01,2.207131e+01,2.203687e+01,2.205754e+01,2.205065e+01,2.203687e+01,2.201619e+01,2.203687e+01,2.198172e+01,2.202997e+01,2.195414e+01,2.196793e+01,2.204376e+01,2.205065e+01,2.211952e+01,2.201619e+01,2.202997e+01,2.200930e+01,2.194725e+01,2.197483e+01,2.211263e+01,2.211263e+01,2.206442e+01,2.198862e+01,2.203687e+01,2.201619e+01,2.205754e+01,2.203687e+01,2.203687e+01,2.196104e+01,2.198862e+01,2.202997e+01,2.194725e+01,2.196793e+01,2.197483e+01,2.189206e+01,2.199551e+01,2.185755e+01,2.197483e+01,2.185755e+01,2.183684e+01,2.178850e+01,2.193345e+01,2.176777e+01,2.184374e+01,2.176086e+01,2.176777e+01,2.168483e+01,2.169175e+01,2.176086e+01,2.170557e+01,2.156029e+01,2.178850e+01,2.168483e+01,2.163642e+01,2.167100e+01,2.168483e+01,2.142867e+01,2.144946e+01,2.153260e+01,2.157414e+01,2.153952e+01,2.143560e+01,2.149796e+01,2.142867e+01,2.144253e+01,2.138707e+01,2.158106e+01,2.153260e+01,2.142867e+01,2.156029e+01,2.160874e+01,2.146332e+01,2.151875e+01,2.149104e+01,2.151875e+01,2.158106e+01,2.142174e+01,2.149104e+01,2.144946e+01,2.153952e+01,2.155337e+01,2.144253e+01,2.156029e+01,2.164334e+01,2.142174e+01,2.150489e+01,2.145639e+01,2.145639e+01,2.143560e+01,2.149104e+01,2.159490e+01,2.147025e+01,2.141480e+01,2.154645e+01,2.157414e+01,2.162258e+01,2.158106e+01,2.156029e+01,2.149104e+01,2.160874e+01,2.148411e+01,2.148411e+01,2.142867e+01,2.141480e+01,2.147718e+01,2.162258e+01,2.148411e+01,2.162950e+01,2.159490e+01,2.143560e+01,2.166409e+01,2.146332e+01,2.149796e+01,2.142174e+01,2.144946e+01,2.151182e+01,2.155337e+01,2.150489e+01,2.142174e+01,2.146332e+01,2.135933e+01,2.128299e+01,2.133851e+01,2.122050e+01,2.126911e+01,2.116491e+01,2.114406e+01,2.123439e+01,2.117881e+01,2.105365e+01,2.127605e+01,2.109539e+01,2.113711e+01,2.114406e+01,2.114406e+01,2.113711e+01,2.114406e+01,2.115101e+01,2.115101e+01,2.114406e+01,2.115796e+01,2.117186e+01,2.118576e+01,2.099101e+01,2.117186e+01,2.108843e+01,2.115101e+01,2.093530e+01,2.099101e+01,2.107452e+01,2.107452e+01,2.114406e+01,2.101885e+01,2.113711e+01,2.103277e+01,2.126911e+01,2.128299e+01,2.117881e+01,2.110929e+01,2.106756e+01,2.116491e+01,2.115101e+01,2.099101e+01,2.117186e+01,2.138707e+01,2.115101e+01,2.113711e+01,2.112320e+01,2.123439e+01,2.122744e+01,2.115796e+01,2.119966e+01,2.131076e+01,2.129688e+01,2.124828e+01,2.135239e+01,2.132464e+01,2.133851e+01,2.128299e+01,2.121355e+01,2.149104e+01,2.132464e+01,2.138707e+01,2.143560e+01,2.151182e+01,2.131770e+01,2.141480e+01,2.143560e+01,2.153952e+01
2.229151e+01,2.215394e+01,2.217459e+01,2.216771e+01,2.213329e+01,2.224338e+01,2.227776e+01,2.226401e+01,2.229151e+01,2.227088e+01,2.242888e+01,2.253180e+01,2.243575e+01,2.270994e+01,2.261406e+01,2.262091e+01,2.267571e+01,2.266201e+01,2.264146e+01,2.261406e+01,2.258665e+01,2.275785e+01,2.258665e+01,2.279206e+01,2.260720e+01,2.258665e+01,2.260035e+01,2.255237e+01,2.275101e+01,2.281941e+01,2.262776e+01,2.248379e+01,2.258665e+01,2.254551e+01,2.246320e+01,2.260035e+01,2.257294e+01,2.246320e+01,2.247006e+01,2.256608e+01,2.220899e+01,2.235335e+01,2.214706e+01,2.222275e+01,2.206442e+01,2.214017e+01,2.214017e+01,2.226401e+01,2.196104e+01,2.214017e+01,2.220899e+01,2.216082e+01,2.225026e+01,2.203687e+01,2.211952e+01,2.214706e+01,2.216771e+01,2.224338e+01,2.198862e+01,2.218835e+01,2.218147e+01,2.214017e+01,2.204376e+01,2.206442e+01,2.213329e+01,2.205065e+01,2.201619e+01,2.195414e+01,2.211952e+01,2.198172e+01,2.211952e+01,2.209198e+01,2.211952e+01,2.205754e+01,2.198862e+01,2.210575e+01,2.214017e+01,2.214017e+01,2.215394e+01,2.212641e+01,2.211263e+01,2.208509e+01,2.212641e+01,2.200241e+01,2.203687e+01,2.202308e+01,2.202308e+01,2.204376e+01,2.227776e+01,2.223650e+01,2.198862e+01,2.197483e+01,2.205065e+01,2.194725e+01,2.199551e+01,2.191965e+01,2.225026e+01,2.206442e+01,2.214017e+01,2.195414e+01,2.182993e+01,2.192655e+01,2.190586e+01,2.191276e+01,2.194035e+01,2.177468e+01,2.162950e+01,2.147025e+01,2.153260e+01,2.158798e+01,2.171248e+01,2.148411e+01,2.159490e+01,2.159490e+01,2.173322e+01,2.166409e+01,2.167100e+01,2.170557e+01,2.182993e+01,2.173322e+01,2.165717e+01,2.171940e+01,2.183684e+01,2.174704e+01,2.180922e+01,2.174704e+01,2.188516e+01,2.165025e+01,2.177468e+01,2.181612e+01,2.177468e+01,2.180231e+01,2.167100e+01,2.180231e+01,2.180231e+01,2.176086e+01,2.184374e+01,2.183684e+01,2.180231e+01,2.192655e+01,2.189206e+01,2.178159e+01,2.185755e+01,2.180922e+01,2.185065e+01,2.187135e+01,2.184374e+01,2.179540e+01,2.180231e+01,2.187135e+01,2.176086e+01,2.185755e+01,2.185065e+01,2.180231e+01,2.189896e+01,2.169866e+01,2.188516e+01,2.184374e+01,2.187135e+01,2.189206e+01,2.185065e+01,2.196104e+01,2.180231e+01,2.182303e+01,2.185065e+01,2.182993e+01,2.182303e+01,2.195414e+01,2.185755e+01,2.187135e+01,2.180922e+01,2.189896e+01,2.184374e+01,2.189896e+01,2.194035e+01,2.198172e+01,2.185755e+01,2.195414e+01,2.189896e+01,2.185755e+01,2.181612e+01,2.191965e+01,2.201619e+01,2.185065e+01,2.191965e+01,2.201619e+01,2.189206e+01,2.191965e+01,2.185065e+01,2.198172e+01,2.188516e+01,2.190586e+01,2.202308e+01,2.198862e+01,2.188516e+01,2.200930e+01,2.200930e+01,2.196793e+01,2.208509e+01,2.200241e+01,2.190586e+01,2.212641e+01,2.182993e+01,2.195414e+01,2.206442e+01,2.208509e+01,2.202308e+01,2.201619e+01,2.202997e+01,2.199551e+01,2.203687e+01,2.209198e+01,2.200930e+01,2.209886e+01,2.203687e+01,2.212641e+01,2.207820e+01,2.218147e+01,2.198862e+01,2.189206e+01,2.198862e+01,2.201619e+01,2.198862e+01,2.208509e+01,2.209886e+01,2.194035e+01,2.209886e+01,2.207131e+01,2.204376e+01,2.192655e+01,2.193345e+01,2.202308e+01,2.197483e+01,2.206442e+01,2.200930e+01,2.198862e+01,2.202997e+01,2.200241e+01,2.207820e+01,2.201619e+01,2.200930e+01,2.191965e+01,2.217459e+01,2.200241e+01,2.209198e+01,2.208509e+01,2.207820e+01,2.216771e+01,2.221587e+01,2.211952e+01,2.206442e+01,2.216082e+01,2.206442e+01,2.218835e+01,2.220211e+01,2.216082e+01,2.224338e+01,2.211952e+01,2.211263e+01,2.211263e+01,2.229151e+01,2.221587e+01,2.209886e+01,2.203687e+01,2.211263e+01,2.224338e+01,2.211952e+01,2.209198e+01,2.232587e+01,2.216082e+01,2.220899e+01,2.207820e+01,2.214017e+01,2.220899e+01,2.216082e+01,2.224338e+01,2.213329e+01,2.227776e+01,2.217459e+01,2.225713e+01,2.223650e+01,2.230525e+01,2.214017e+01,2.233961e+01,2.227088e+01,2.211263e+01,2.220899e+01,2.216082e+01,2.216082e+01,2.220899e+01,2.222275e+01,2.214017e+01,2.197483e+01,2.212641e+01,2.212641e+01,2.216771e+01,2.205065e+01,2.202997e+01,2.192655e+01,2.194725e+01,2.199551e+01,2.197483e+01,2.187825e+01,2.193345e+01,2.185755e+01,2.169175e+01,2.180922e+01,2.185755e+01,2.174013e+01,2.174704e+01,2.166409e+01,2.178159e+01,2.174704e+01,2.180231e+01,2.174013e+01,2.185065e+01,2.178850e+01,2.183684e+01,2.165717e+01,2.174013e+01,2.165717e+01,2.151182e+01,2.144253e+01,2.147718e+01,2.153260e+01,2.147718e+01,2.151875e+01,2.157414e+01,2.144253e+01,2.147718e+01,2.147718e+01,2.158106e+01,2.162258e+01,2.155337e+01,2.171248e+01,2.170557e+01,2.187135e+01,2.189896e+01,2.196104e+01,2.202308e+01,2.199551e+01,2.194035e+01,2.194035e+01,2.205065e+01,2.199551e+01,2.211263e+01,2.191276e+01,2.205065e+01,2.196104e+01,2.201619e+01,2.197483e+01,2.208509e+01,2.209198e+01,2.202308e+01,2.202997e+01,2.197483e+01,2.200930e+01,2.199551e+01,2.200930e+01,2.202308e+01,2.195414e+01,2.194725e+01,2.191276e+01,2.190586e+01,2.193345e+01,2.190586e+01,2.194725e+01,2.191276e+01,2.193345e+01,2.185755e+01,2.188516e+01,2.182303e+01,2.188516e+01,2.185755e+01,2.186445e+01,2.182303e+01,2.185065e+01,2.189206e+01,2.182303e+01,2.187135e+01,2.189896e+01,2.190586e+01,2.179540e+01,2.178159e+01,2.180922e+01,2.188516e+01,2.176777e+01,2.177468e+01,2.185755e+01,2.176086e+01,2.176086e+01,2.184374e+01,2.178850e+01,2.180922e+01,2.178159e+01,2.171940e+01,2.187135e+01,2.173322e+01,2.176086e+01,2.180922e+01,2.176777e+01,2.178850e+01,2.180231e+01,2.176777e+01,2.179540e+01,2.180231e+01,2.180922e+01,2.178159e+01,2.174013e+01,2.180922e+01,2.176086e+01,2.178850e+01,2.157414e+01,2.161566e+01,2.171940e+01,2.168483e+01,2.173322e+01,2.162950e+01,2.176086e+01,2.165717e+01,2.176777e+01,2.173322e+01,2.178850e+01,2.174704e+01,2.181612e+01,2.178159e+01,2.176777e+01,2.180231e+01,2.196104e+01,2.187825e+01,2.193345e+01,2.189206e+01,2.202997e+01,2.200241e+01,2.198862e+01,2.187135e+01,2.189896e+01,2.205754e+01,2.209198e+01,2.211263e+01,2.202997e+01,2.205754e+01,2.204376e+01,2.206442e+01,2.205065e+01,2.203687e+01,2.220211e+01,2.206442e+01,2.209886e+01,2.207820e+01,2.203687e+01,2.203687e+01,2.203687e+01,2.207820e+01,2.203687e+01,2.216082e+01,2.204376e+01,2.214706e+01,2.211952e+01,2.205065e+01,2.199551e+01,2.205065e+01,2.202997e+01,2.211263e+01,2.206442e+01,2.202997e+01,2.208509e+01,2.201619e+01,2.213329e+01,2.204376e+01,2.200241e+01,2.198862e+01,2.199551e+01,2.201619e+01,2.203687e+01,2.205754e+01,2.206442e+01,2.206442e+01,2.196793e+01,2.187825e+01,2.189896e+01,2.204376e+01,2.196793e+01,2.187825e+01,2.181612e+01,2.200241e+01,2.189896e+01,2.194725e+01,2.189896e+01,2.185755e+01,2.189896e+01,2.185755e+01,2.174704e+01,2.180922e+01,2.173322e+01,2.177468e+01,2.171248e+01,2.167100e+01,2.169866e+01,2.167100e+01,2.169175e+01,2.169175e+01,2.171940e+01,2.166409e+01,2.170557e+01,2.160182e+01,2.148411e+01,2.151182e+01,2.158798e+01,2.156721e+01,2.153260e+01,2.151875e+01,2.147025e+01,2.153952e+01,2.151182e+01,2.144946e+01,2.158106e+01,2.153952e+01,2.155337e+01,2.140094e+01,2.152567e+01,2.147718e+01,2.147718e+01,2.147718e+01,2.152567e+01,2.151875e+01,2.151875e+01,2.153260e+01,2.144946e+01,2.152567e+01,2.144253e+01,2.158798e+01,2.135239e+01,2.158798e+01,2.147025e+01,2.137320e+01,2.155337e+01,2.156721e+01,2.159490e+01,2.149104e+01,2.147025e+01,2.140787e+01,2.147025e+01,2.151875e+01,2.151182e+01,2.164334e+01,2.158106e+01,2.147025e+01,2.160874e+01,2.168483e+01,2.151182e+01,2.162258e+01,2.150489e+01,2.160874e+01,2.141480e+01,2.155337e+01,2.144253e+01,2.150489e+01,2.154645e+01,2.140787e+01,2.151182e+01,2.151182e+01,2.153952e+01,2.142867e+01,2.147025e+01,2.165717e+01,2.161566e+01,2.137320e+01,2.131076e+01,2.127605e+01,2.131770e+01,2.134545e+01,2.124133e+01,2.119966e+01,2.133158e+01,2.126217e+01,2.124828e+01,2.123439e+01,2.124133e+01,2.110234e+01,2.107452e+01,2.108843e+01,2.121355e+01,2.114406e+01,2.101189e+01,2.119271e+01,2.116491e+01,2.135239e+01,2.113015e+01,2.119271e+01,2.119271e+01,2.119271e+01,2.107452e+01,2.115101e+01,2.098405e+01,2.106756e+01,2.111625e+01,2.101885e+01,2.115796e+01,2.094923e+01,2.107452e+01,2.111625e+01,2.102581e+01,2.094226e+01,2.124133e+01,2.122050e+01,2.115796e+01,2.121355e+01,2.111625e+01,2.114406e+01,2.102581e+01,2.116491e+01,2.113711e+01,2.135933e+01,2.118576e+01,2.133158e+01,2.115101e+01,2.124828e+01,2.113711e+01,2.114406e+01,2.135933e+01,2.115796e+01,2.128993e+01,2.126911e+01,2.140094e+01,2.133158e+01,2.131076e+01,2.130382e+01,2.128993e+01,2.138013e+01,2.124133e+01,2.140094e+01,2.147718e+01,2.140787e+01,2.143560e+01,2.140094e+01,2.150489e+01,2.145639e+01,2.156029e+01,2.141480e+01
2.223650e+01,2.220899e+01,2.204376e+01,2.208509e+01,2.218835e+01,2.204376e+01,2.222962e+01,2.224338e+01,2.225026e+01,2.227776e+01,2.240829e+01,2.260720e+01,2.238082e+01,2.254551e+01,2.249751e+01,2.262776e+01,2.268940e+01,2.263461e+01,2.262091e+01,2.259350e+01,2.255923e+01,2.237395e+01,2.274416e+01,2.262776e+01,2.257294e+01,2.268255e+01,2.262776e+01,2.242202e+01,2.255923e+01,2.250437e+01,2.242888e+01,2.240142e+01,2.241516e+01,2.227776e+01,2.251122e+01,2.260720e+01,2.230525e+01,2.236022e+01,2.223650e+01,2.222275e+01,2.220899e+01,2.220899e+01,2.209198e+01,2.210575e+01,2.207131e+01,2.197483e+01,2.197483e+01,2.216771e+01,2.202308e+01,2.218835e+01,2.225713e+01,2.187825e+01,2.200241e+01,2.178159e+01,2.228463e+01,2.191276e+01,2.209886e+01,2.213329e+01,2.203687e+01,2.189206e+01,2.210575e+01,2.185755e+01,2.200930e+01,2.209198e+01,2.209886e+01,2.188516e+01,2.196793e+01,2.209198e+01,2.185755e+01,2.214017e+01,2.218147e+01,2.195414e+01,2.196793e+01,2.210575e+01,2.169866e+01,2.193345e+01,2.207820e+01,2.212641e+01,2.212641e+01,2.182993e+01,2.194725e+01,2.195414e+01,2.200241e+01,2.203687e+01,2.198172e+01,2.196793e+01,2.197483e+01,2.205065e+01,2.198862e+01,2.194035e+01,2.189896e+01,2.191276e+01,2.194725e+01,2.193345e+01,2.211952e+01,2.198862e+01,2.192655e+01,2.207131e+01,2.207131e+01,2.189206e+01,2.194035e+01,2.195414e+01,2.194035e+01,2.174013e+01,2.184374e+01,2.192655e+01,2.150489e+01,2.135239e+01,2.139400e+01,2.151875e+01,2.149104e+01,2.159490e+01,2.166409e+01,2.162258e+01,2.160874e+01,2.158798e+01,2.174013e+01,2.172631e+01,2.171248e+01,2.168483e+01,2.171940e+01,2.169175e+01,2.176086e+01,2.177468e+01,2.162258e+01,2.176086e+01,2.172631e+01,2.177468e+01,2.162950e+01,2.170557e+01,2.179540e+01,2.190586e+01,2.178159e+01,2.182303e+01,2.181612e+01,2.180922e+01,2.180231e+01,2.189896e+01,2.190586e+01,2.178850e+01,2.185065e+01,2.186445e+01,2.180922e+01,2.176777e+01,2.180922e+01,2.182993e+01,2.178159e+01,2.181612e+01,2.177468e+01,2.175395e+01,2.187135e+01,2.183684e+01,2.176086e+01,2.180231e+01,2.165025e+01,2.189206e+01,2.181612e+01,2.175395e+01,2.190586e+01,2.175395e+01,2.191276e+01,2.196793e+01,2.187135e+01,2.178159e+01,2.181612e+01,2.181612e+01,2.184374e+01,2.182993e+01,2.186445e+01,2.181612e+01,2.191965e+01,2.187135e+01,2.183684e+01,2.196104e+01,2.194035e+01,2.187135e+01,2.198862e+01,2.191276e+01,2.186445e+01,2.187135e+01,2.185755e+01,2.195414e+01,2.196104e+01,2.180922e+01,2.196793e+01,2.193345e+01,2.189896e+01,2.197483e+01,2.194035e+01,2.199551e+01,2.198862e+01,2.205754e+01,2.200241e+01,2.191276e+01,2.196104e+01,2.194035e+01,2.190586e+01,2.198172e+01,2.210575e+01,2.199551e+01,2.197483e+01,2.194725e+01,2.209886e+01,2.187135e+01,2.200241e+01,2.187135e+01,2.200241e+01,2.202997e+01,2.203687e+01,2.205065e+01,2.196793e+01,2.205065e+01,2.197483e+01,2.195414e+01,2.190586e+01,2.213329e+01,2.220899e+01,2.200241e+01,2.198862e+01,2.191276e+01,2.209198e+01,2.198862e+01,2.199551e+01,2.211263e+01,2.196793e+01,2.193345e+01,2.198862e+01,2.194725e+01,2.200930e+01,2.208509e+01,2.199551e+01,2.199551e+01,2.194035e+01,2.207820e+01,2.209886e+01,2.202308e+01,2.215394e+01,2.208509e+01,2.217459e+01,2.200930e+01,2.209198e+01,2.208509e+01,2.210575e+01,2.201619e+01,2.209198e+01,2.197483e+01,2.205754e+01,2.211952e+01,2.210575e+01,2.208509e+01,2.218835e+01,2.214706e+01,2.207820e+01,2.212641e+01,2.221587e+01,2.218835e+01,2.216082e+01,2.214706e+01,2.220899e+01,2.218835e+01,2.234648e+01,2.216082e+01,2.204376e+01,2.211952e+01,2.212641e+01,2.239456e+01,2.225026e+01,2.224338e+01,2.242888e+01,2.219523e+01,2.219523e+01,2.219523e+01,2.211263e+01,2.227088e+01,2.216082e+01,2.213329e+01,2.213329e+01,2.212641e+01,2.216082e+01,2.212641e+01,2.221587e+01,2.217459e+01,2.214706e+01,2.214017e+01,2.226401e+01,2.229151e+01,2.221587e+01,2.210575e+01,2.211263e+01,2.209198e+01,2.216082e+01,2.214706e+01,2.210575e+01,2.213329e+01,2.218147e+01,2.216771e+01,2.216771e+01,2.208509e+01,2.205754e+01,2.193345e+01,2.195414e+01,2.198862e+01,2.190586e+01,2.189896e+01,2.185755e+01,2.192655e+01,2.182993e+01,2.173322e+01,2.193345e+01,2.171940e+01,2.179540e+01,2.170557e+01,2.182993e+01,2.176777e+01,2.172631e+01,2.180231e+01,2.176086e+01,2.176086e+01,2.172631e+01,2.170557e+01,2.169175e+01,2.139400e+01,2.166409e+01,2.153952e+01,2.153260e+01,2.153260e+01,2.157414e+01,2.157414e+01,2.147025e+01,2.156721e+01,2.159490e+01,2.154645e+01,2.147025e+01,2.156029e+01,2.156721e+01,2.169175e+01,2.193345e+01,2.174013e+01,2.196104e+01,2.198172e+01,2.189206e+01,2.198862e+01,2.192655e+01,2.195414e+01,2.203687e+01,2.195414e+01,2.194725e+01,2.198862e+01,2.218835e+01,2.213329e+01,2.190586e+01,2.205065e+01,2.194035e+01,2.195414e+01,2.209198e+01,2.196793e+01,2.198862e+01,2.199551e+01,2.192655e+01,2.200241e+01,2.203687e+01,2.191965e+01,2.200241e+01,2.188516e+01,2.194725e+01,2.197483e+01,2.198172e+01,2.182993e+01,2.202997e+01,2.205754e+01,2.191965e+01,2.186445e+01,2.181612e+01,2.187135e+01,2.183684e+01,2.205754e+01,2.180231e+01,2.187825e+01,2.177468e+01,2.191276e+01,2.189206e+01,2.188516e+01,2.185755e+01,2.179540e+01,2.182993e+01,2.179540e+01,2.190586e+01,2.171940e+01,2.185755e+01,2.182303e+01,2.171248e+01,2.180922e+01,2.176086e+01,2.174013e+01,2.179540e+01,2.187825e+01,2.185065e+01,2.174704e+01,2.189896e+01,2.176086e+01,2.176086e+01,2.176777e+01,2.177468e+01,2.182303e+01,2.175395e+01,2.170557e+01,2.181612e+01,2.173322e+01,2.180922e+01,2.172631e+01,2.177468e+01,2.156721e+01,2.162258e+01,2.165717e+01,2.174013e+01,2.170557e+01,2.162950e+01,2.170557e+01,2.167792e+01,2.176777e+01,2.171248e+01,2.174704e+01,2.180231e+01,2.180231e+01,2.180231e+01,2.192655e+01,2.175395e+01,2.198172e+01,2.192655e+01,2.183684e+01,2.197483e+01,2.196104e+01,2.190586e+01,2.186445e+01,2.194725e+01,2.188516e+01,2.206442e+01,2.205754e+01,2.205065e+01,2.213329e+01,2.208509e+01,2.207820e+01,2.205065e+01,2.219523e+01,2.205754e+01,2.198862e+01,2.222962e+01,2.205065e+01,2.225026e+01,2.207131e+01,2.209886e+01,2.207820e+01,2.206442e+01,2.205065e+01,2.206442e+01,2.205065e+01,2.207820e+01,2.214017e+01,2.203687e+01,2.198172e+01,2.214017e+01,2.217459e+01,2.210575e+01,2.212641e+01,2.211952e+01,2.201619e+01,2.202308e+01,2.200241e+01,2.196104e+01,2.203687e+01,2.197483e+01,2.200930e+01,2.202997e+01,2.200930e+01,2.200241e+01,2.205065e+01,2.203687e+01,2.205065e+01,2.205065e+01,2.202308e+01,2.198172e+01,2.199551e+01,2.197483e+01,2.196104e+01,2.183684e+01,2.200241e+01,2.189896e+01,2.199551e+01,2.191276e+01,2.186445e+01,2.179540e+01,2.182303e+01,2.187135e+01,2.195414e+01,2.179540e+01,2.175395e+01,2.170557e+01,2.164334e+01,2.173322e+01,2.167100e+01,2.163642e+01,2.178850e+01,2.168483e+01,2.157414e+01,2.159490e+01,2.167792e+01,2.156721e+01,2.163642e+01,2.162950e+01,2.151875e+01,2.138013e+01,2.148411e+01,2.152567e+01,2.146332e+01,2.147718e+01,2.144253e+01,2.151182e+01,2.141480e+01,2.151182e+01,2.152567e+01,2.153260e+01,2.148411e+01,2.136626e+01,2.147718e+01,2.151182e+01,2.148411e+01,2.156029e+01,2.149104e+01,2.150489e+01,2.145639e+01,2.140787e+01,2.146332e+01,2.138707e+01,2.135239e+01,2.156029e+01,2.155337e+01,2.153952e+01,2.157414e+01,2.153260e+01,2.144253e+01,2.145639e+01,2.156721e+01,2.153260e+01,2.147718e+01,2.155337e+01,2.155337e+01,2.162950e+01,2.160874e+01,2.160182e+01,2.148411e+01,2.158798e+01,2.160874e+01,2.153952e+01,2.164334e+01,2.152567e+01,2.140787e+01,2.167100e+01,2.171248e+01,2.155337e+01,2.154645e+01,2.153260e+01,2.140094e+01,2.142867e+01,2.153260e+01,2.158798e+01,2.135239e+01,2.144946e+01,2.130382e+01,2.145639e+01,2.128299e+01,2.140787e+01,2.111625e+01,2.130382e+01,2.132464e+01,2.133851e+01,2.123439e+01,2.123439e+01,2.120660e+01,2.124133e+01,2.108843e+01,2.126217e+01,2.120660e+01,2.114406e+01,2.109539e+01,2.113015e+01,2.137320e+01,2.102581e+01,2.118576e+01,2.112320e+01,2.108148e+01,2.115101e+01,2.113711e+01,2.127605e+01,2.107452e+01,2.119271e+01,2.119271e+01,2.110929e+01,2.113015e+01,2.112320e+01,2.112320e+01,2.111625e+01,2.110929e+01,2.111625e+01,2.092833e+01,2.092833e+01,2.120660e+01,2.105365e+01,2.117186e+01,2.119271e+01,2.126217e+01,2.117186e+01,2.126911e+01,2.116491e+01,2.124133e+01,2.119966e+01,2.126911e+01,2.125522e+01,2.135933e+01,2.115796e+01,2.128993e+01,2.117186e+01,2.128993e+01,2.135239e+01,2.120660e+01,2.124133e+01,2.125522e+01,2.127605e+01,2.148411e+01,2.147718e+01,2.126217e+01,2.126217e+01,2.156029e+01,2.144946e+01,2.149796e+01,2.151182e+01,2.151182e+01,2.138707e+01,2.139400e+01,2.142867e+01,2.150489e+01
2.222275e+01,2.197483e+01,2.223650e+01,2.195414e+01,2.197483e+01,2.194035e+01,2.202997e+01,2.207131e+01,2.217459e+01,2.223650e+01,2.228463e+01,2.229151e+01,2.247692e+01,2.236709e+01,2.252494e+01,2.251808e+01,2.253180e+01,2.235335e+01,2.256608e+01,2.262091e+01,2.260035e+01,2.256608e+01,2.253866e+01,2.257294e+01,2.253180e+01,2.249065e+01,2.236709e+01,2.240829e+01,2.238769e+01,2.247006e+01,2.236022e+01,2.239456e+01,2.227776e+01,2.227088e+01,2.226401e+01,2.224338e+01,2.221587e+01,2.226401e+01,2.207131e+01,2.203687e+01,2.209886e+01,2.217459e+01,2.216771e+01,2.202308e+01,2.204376e+01,2.199551e+01,2.199551e+01,2.194035e+01,2.200241e+01,2.198862e+01,2.196793e+01,2.177468e+01,2.193345e+01,2.196104e+01,2.182303e+01,2.210575e+01,2.182303e+01,2.185755e+01,2.188516e+01,2.198862e+01,2.195414e+01,2.182993e+01,2.208509e+01,2.188516e+01,2.185755e+01,2.185065e+01,2.200930e+01,2.200930e+01,2.185755e+01,2.198172e+01,2.189896e+01,2.194725e+01,2.180231e+01,2.195414e+01,2.169175e+01,2.196793e+01,2.207131e+01,2.194035e+01,2.193345e+01,2.189206e+01,2.202997e+01,2.187825e+01,2.198172e+01,2.189206e+01,2.191276e+01,2.208509e+01,2.198862e+01,2.207131e+01,2.189206e+01,2.191965e+01,2.192655e+01,2.216771e+01,2.208509e+01,2.209198e+01,2.198172e+01,2.191965e+01,2.212641e+01,2.195414e+01,2.189206e+01,2.201619e+01,2.185065e+01,2.178850e+01,2.180922e+01,2.182303e+01,2.175395e+01,2.176777e+01,2.153260e+01,2.140094e+01,2.138013e+01,2.152567e+01,2.147718e+01,2.158106e+01,2.144946e+01,2.155337e+01,2.160874e+01,2.160182e+01,2.160874e+01,2.161566e+01,2.181612e+01,2.157414e+01,2.172631e+01,2.160874e+01,2.176086e+01,2.170557e+01,2.163642e+01,2.164334e+01,2.171940e+01,2.176086e+01,2.160874e+01,2.173322e+01,2.160874e+01,2.182303e+01,2.170557e+01,2.183684e+01,2.165025e+01,2.182303e+01,2.176086e+01,2.187135e+01,2.186445e+01,2.171940e+01,2.187825e+01,2.180231e+01,2.178159e+01,2.176777e+01,2.180231e+01,2.180922e+01,2.172631e+01,2.184374e+01,2.182303e+01,2.177468e+01,2.166409e+01,2.172631e+01,2.182993e+01,2.168483e+01,2.178850e+01,2.168483e+01,2.188516e+01,2.175395e+01,2.182993e+01,2.189896e+01,2.182993e+01,2.186445e+01,2.180231e+01,2.194725e+01,2.196104e+01,2.191276e+01,2.184374e+01,2.181612e+01,2.182993e+01,2.187135e+01,2.185065e+01,2.191965e+01,2.194035e+01,2.183684e+01,2.194725e+01,2.193345e+01,2.196793e+01,2.187825e+01,2.187825e+01,2.185065e+01,2.177468e+01,2.203687e+01,2.191276e+01,2.187135e+01,2.198862e+01,2.189206e+01,2.189206e+01,2.185755e+01,2.205754e+01,2.189206e+01,2.198172e+01,2.186445e+01,2.200930e+01,2.197483e+01,2.198862e+01,2.196104e+01,2.192655e+01,2.192655e+01,2.202308e+01,2.208509e+01,2.183684e+01,2.210575e+01,2.196793e+01,2.197483e+01,2.199551e+01,2.200930e+01,2.202308e+01,2.204376e+01,2.201619e+01,2.198172e+01,2.200241e+01,2.207820e+01,2.194035e+01,2.197483e+01,2.205754e+01,2.218147e+01,2.213329e+01,2.205065e+01,2.190586e+01,2.194725e+01,2.197483e+01,2.207820e+01,2.190586e+01,2.185755e+01,2.200930e+01,2.209886e+01,2.198862e+01,2.197483e+01,2.200930e+01,2.198862e+01,2.196793e+01,2.204376e+01,2.202308e+01,2.200930e+01,2.200930e+01,2.201619e+01,2.200930e+01,2.202997e+01,2.211263e+01,2.211263e+01,2.200930e+01,2.211263e+01,2.207131e+01,2.204376e+01,2.210575e+01,2.210575e+01,2.214017e+01,2.210575e+01,2.217459e+01,2.205065e+01,2.202308e+01,2.213329e+01,2.218147e+01,2.200930e+01,2.214706e+01,2.216082e+01,2.220211e+01,2.216082e+01,2.211263e+01,2.223650e+01,2.211263e+01,2.213329e+01,2.231900e+01,2.212641e+01,2.218835e+01,2.214017e+01,2.225026e+01,2.205754e+01,2.220211e+01,2.216771e+01,2.220899e+01,2.219523e+01,2.218835e+01,2.218835e+01,2.216082e+01,2.228463e+01,2.214706e+01,2.212641e+01,2.211952e+01,2.212641e+01,2.216771e+01,2.221587e+01,2.202997e+01,2.220211e+01,2.220211e+01,2.222962e+01,2.211263e+01,2.207131e+01,2.216771e+01,2.216082e+01,2.214017e+01,2.215394e+01,2.215394e+01,2.213329e+01,2.212641e+01,2.211952e+01,2.194035e+01,2.193345e+01,2.198172e+01,2.194035e+01,2.198862e+01,2.190586e+01,2.196793e+01,2.180922e+01,2.174013e+01,2.181612e+01,2.175395e+01,2.171940e+01,2.179540e+01,2.178850e+01,2.183684e+01,2.180922e+01,2.173322e+01,2.176777e+01,2.182303e+01,2.176086e+01,2.173322e+01,2.171940e+01,2.169866e+01,2.165717e+01,2.160874e+01,2.147718e+01,2.151182e+01,2.153952e+01,2.150489e+01,2.157414e+01,2.158798e+01,2.156721e+01,2.147718e+01,2.162258e+01,2.147025e+01,2.153260e+01,2.149796e+01,2.157414e+01,2.150489e+01,2.163642e+01,2.172631e+01,2.176777e+01,2.174704e+01,2.183684e+01,2.177468e+01,2.199551e+01,2.200930e+01,2.200930e+01,2.194725e+01,2.193345e+01,2.193345e+01,2.208509e+01,2.191276e+01,2.200930e+01,2.194725e+01,2.207820e+01,2.194725e+01,2.203687e+01,2.196793e+01,2.199551e+01,2.196793e+01,2.199551e+01,2.188516e+01,2.200241e+01,2.196104e+01,2.193345e+01,2.206442e+01,2.187825e+01,2.203687e+01,2.205754e+01,2.200930e+01,2.205754e+01,2.203687e+01,2.198862e+01,2.200241e+01,2.188516e+01,2.187825e+01,2.195414e+01,2.189896e+01,2.181612e+01,2.176086e+01,2.169175e+01,2.176777e+01,2.185065e+01,2.189896e+01,2.180231e+01,2.182993e+01,2.187825e+01,2.182993e+01,2.174704e+01,2.171248e+01,2.169175e+01,2.174013e+01,2.178159e+01,2.174704e+01,2.177468e+01,2.178850e+01,2.180231e+01,2.173322e+01,2.174013e+01,2.178850e+01,2.176086e+01,2.176777e+01,2.178159e+01,2.174704e+01,2.175395e+01,2.176086e+01,2.174013e+01,2.171248e+01,2.183684e+01,2.174013e+01,2.171248e+01,2.181612e+01,2.176086e+01,2.171248e+01,2.185065e+01,2.162258e+01,2.156721e+01,2.169866e+01,2.167100e+01,2.154645e+01,2.149104e+01,2.169175e+01,2.158106e+01,2.165717e+01,2.169866e+01,2.174013e+01,2.174704e+01,2.182993e+01,2.180231e+01,2.176086e+01,2.183684e+01,2.186445e+01,2.179540e+01,2.197483e+01,2.179540e+01,2.183684e+01,2.194035e+01,2.198172e+01,2.186445e+01,2.206442e+01,2.204376e+01,2.199551e+01,2.205065e+01,2.205754e+01,2.213329e+01,2.205065e+01,2.203687e+01,2.205065e+01,2.203687e+01,2.205754e+01,2.207131e+01,2.210575e+01,2.200930e+01,2.202997e+01,2.200241e+01,2.205754e+01,2.199551e+01,2.205065e+01,2.209886e+01,2.194725e+01,2.200241e+01,2.199551e+01,2.198862e+01,2.200241e+01,2.206442e+01,2.206442e+01,2.203687e+01,2.200930e+01,2.207131e+01,2.202997e+01,2.194725e+01,2.208509e+01,2.195414e+01,2.200241e+01,2.200241e+01,2.188516e+01,2.189206e+01,2.200930e+01,2.202997e+01,2.196793e+01,2.200241e+01,2.190586e+01,2.205754e+01,2.197483e+01,2.199551e+01,2.199551e+01,2.201619e+01,2.205065e+01,2.191965e+01,2.188516e+01,2.189206e+01,2.190586e+01,2.179540e+01,2.174013e+01,2.193345e+01,2.176777e+01,2.173322e+01,2.180231e+01,2.174704e+01,2.171248e+01,2.168483e+01,2.167792e+01,2.183684e+01,2.165717e+01,2.176777e+01,2.174013e+01,2.167792e+01,2.163642e+01,2.160182e+01,2.161566e+01,2.161566e+01,2.158798e+01,2.153952e+01,2.162950e+01,2.148411e+01,2.153260e+01,2.136626e+01,2.156029e+01,2.142867e+01,2.133851e+01,2.151182e+01,2.151875e+01,2.159490e+01,2.154645e+01,2.155337e+01,2.151875e+01,2.148411e+01,2.139400e+01,2.156721e+01,2.157414e+01,2.152567e+01,2.143560e+01,2.150489e+01,2.149104e+01,2.142174e+01,2.166409e+01,2.143560e+01,2.160874e+01,2.156721e+01,2.149104e+01,2.145639e+01,2.128993e+01,2.151182e+01,2.155337e+01,2.150489e+01,2.149104e+01,2.145639e+01,2.158106e+01,2.160874e+01,2.153952e+01,2.167792e+01,2.153952e+01,2.158106e+01,2.142174e+01,2.150489e+01,2.156029e+01,2.151182e+01,2.149796e+01,2.149796e+01,2.155337e+01,2.146332e+01,2.135239e+01,2.148411e+01,2.144946e+01,2.147025e+01,2.148411e+01,2.143560e+01,2.139400e+01,2.131076e+01,2.147025e+01,2.134545e+01,2.136626e+01,2.129688e+01,2.138013e+01,2.143560e+01,2.127605e+01,2.111625e+01,2.129688e+01,2.132464e+01,2.111625e+01,2.125522e+01,2.122050e+01,2.113711e+01,2.120660e+01,2.114406e+01,2.109539e+01,2.115796e+01,2.106061e+01,2.111625e+01,2.107452e+01,2.113015e+01,2.101189e+01,2.111625e+01,2.109539e+01,2.102581e+01,2.109539e+01,2.111625e+01,2.116491e+01,2.111625e+01,2.108843e+01,2.097012e+01,2.115101e+01,2.112320e+01,2.110929e+01,2.108148e+01,2.110234e+01,2.119966e+01,2.105365e+01,2.119966e+01,2.122744e+01,2.121355e+01,2.117186e+01,2.119966e+01,2.105365e+01,2.106061e+01,2.117186e+01,2.107452e+01,2.116491e+01,2.124828e+01,2.127605e+01,2.117881e+01,2.113711e+01,2.110929e+01,2.124133e+01,2.118576e+01,2.126911e+01,2.129688e+01,2.128299e+01,2.128299e+01,2.140787e+01,2.126911e+01,2.147025e+01,2.144946e+01,2.142867e+01,2.125522e+01,2.135933e+01,2.135239e+01,2.126217e+01,2.143560e+01,2.164334e+01,2.138707e+01,2.143560e+01,2.132464e+01
2.196793e+01,2.196104e+01,2.201619e+01,2.192655e+01,2.196104e+01,2.188516e+01,2.216771e+01,2.209198e+01,2.209886e+01,2.225026e+01,2.216771e+01,2.232587e+01,2.220899e+01,2.228463e+01,2.236709e+01,2.231212e+01,2.246320e+01,2.233274e+01,2.242888e+01,2.240142e+01,2.233274e+01,2.233961e+01,2.257979e+01,2.234648e+01,2.251122e+01,2.231900e+01,2.232587e+01,2.228463e+01,2.213329e+01,2.227088e+01,2.228463e+01,2.234648e+01,2.213329e+01,2.209198e+01,2.213329e+01,2.218147e+01,2.209886e+01,2.190586e+01,2.199551e+01,2.194725e+01,2.207131e+01,2.181612e+01,2.194725e+01,2.209886e+01,2.205754e+01,2.205065e+01,2.198862e+01,2.196104e+01,2.191276e+01,2.191276e+01,2.190586e+01,2.189206e+01,2.171940e+01,2.176777e+01,2.180231e+01,2.188516e+01,2.180922e+01,2.197483e+01,2.181612e+01,2.199551e+01,2.183684e+01,2.174704e+01,2.187825e+01,2.186445e+01,2.185065e+01,2.179540e+01,2.182303e+01,2.203687e+01,2.187825e+01,2.187825e+01,2.177468e+01,2.191965e+01,2.177468e+01,2.175395e+01,2.179540e+01,2.193345e+01,2.186445e+01,2.186445e+01,2.202997e+01,2.200241e+01,2.194725e+01,2.191965e+01,2.192655e+01,2.198172e+01,2.197483e+01,2.206442e+01,2.193345e+01,2.191965e+01,2.194725e+01,2.191276e+01,2.194035e+01,2.193345e+01,2.199551e+01,2.209198e+01,2.193345e+01,2.196793e+01,2.189896e+01,2.202997e+01,2.208509e+01,2.194725e+01,2.191965e+01,2.188516e+01,2.188516e+01,2.192655e+01,2.176086e+01,2.174704e+01,2.151875e+01,2.145639e+01,2.144946e+01,2.151182e+01,2.152567e+01,2.151182e+01,2.168483e+01,2.160182e+01,2.162950e+01,2.160182e+01,2.160874e+01,2.171940e+01,2.172631e+01,2.167100e+01,2.181612e+01,2.178850e+01,2.179540e+01,2.168483e+01,2.174704e+01,2.172631e+01,2.170557e+01,2.172631e+01,2.177468e+01,2.170557e+01,2.165025e+01,2.182303e+01,2.162950e+01,2.170557e+01,2.164334e+01,2.180922e+01,2.184374e+01,2.184374e+01,2.172631e+01,2.194035e+01,2.182993e+01,2.180231e+01,2.182303e+01,2.174013e+01,2.181612e+01,2.185755e+01,2.184374e+01,2.167792e+01,2.183684e+01,2.180231e+01,2.176777e+01,2.167100e+01,2.137320e+01,2.157414e+01,2.160182e+01,2.174013e+01,2.179540e+01,2.181612e+01,2.178159e+01,2.184374e+01,2.180922e+01,2.181612e+01,2.179540e+01,2.187825e+01,2.183684e+01,2.186445e+01,2.179540e+01,2.187135e+01,2.185065e+01,2.189896e+01,2.180231e+01,2.193345e+01,2.192655e+01,2.199551e+01,2.196104e+01,2.185065e+01,2.178159e+01,2.182303e+01,2.207131e+01,2.188516e+01,2.183684e+01,2.195414e+01,2.186445e+01,2.200241e+01,2.198862e+01,2.191965e+01,2.187135e+01,2.200241e+01,2.202997e+01,2.191276e+01,2.198172e+01,2.186445e+01,2.189206e+01,2.198172e+01,2.203687e+01,2.198172e+01,2.200930e+01,2.198172e+01,2.209198e+01,2.202308e+01,2.204376e+01,2.202997e+01,2.205754e+01,2.197483e+01,2.205754e+01,2.198862e+01,2.207820e+01,2.204376e+01,2.200241e+01,2.205754e+01,2.196104e+01,2.200241e+01,2.202997e+01,2.202997e+01,2.199551e+01,2.214706e+01,2.196104e+01,2.195414e+01,2.194035e+01,2.205065e+01,2.200930e+01,2.197483e+01,2.209198e+01,2.215394e+01,2.211263e+01,2.217459e+01,2.197483e+01,2.197483e+01,2.191276e+01,2.193345e+01,2.209886e+01,2.205065e+01,2.200241e+01,2.201619e+01,2.202997e+01,2.200930e+01,2.198172e+01,2.202997e+01,2.207820e+01,2.212641e+01,2.209198e+01,2.210575e+01,2.208509e+01,2.201619e+01,2.237395e+01,2.211263e+01,2.209886e+01,2.211263e+01,2.214017e+01,2.225026e+01,2.211263e+01,2.208509e+01,2.211952e+01,2.209198e+01,2.198172e+01,2.212641e+01,2.224338e+01,2.212641e+01,2.227088e+01,2.231212e+01,2.218147e+01,2.214017e+01,2.215394e+01,2.216082e+01,2.227776e+01,2.215394e+01,2.219523e+01,2.209198e+01,2.214706e+01,2.206442e+01,2.206442e+01,2.211952e+01,2.216771e+01,2.214706e+01,2.225713e+01,2.228463e+01,2.208509e+01,2.227776e+01,2.216771e+01,2.209198e+01,2.216082e+01,2.219523e+01,2.208509e+01,2.214706e+01,2.209198e+01,2.225026e+01,2.205065e+01,2.213329e+01,2.220211e+01,2.214706e+01,2.213329e+01,2.214706e+01,2.207820e+01,2.209886e+01,2.209886e+01,2.204376e+01,2.193345e+01,2.193345e+01,2.191276e+01,2.187135e+01,2.191276e+01,2.172631e+01,2.193345e+01,2.195414e+01,2.189206e+01,2.187825e+01,2.177468e+01,2.176777e+01,2.177468e+01,2.169866e+01,2.169866e+01,2.170557e+01,2.172631e+01,2.171248e+01,2.175395e+01,2.176086e+01,2.165717e+01,2.169866e+01,2.165025e+01,2.169175e+01,2.169175e+01,2.156721e+01,2.156721e+01,2.163642e+01,2.158106e+01,2.158106e+01,2.174704e+01,2.154645e+01,2.154645e+01,2.164334e+01,2.158798e+01,2.166409e+01,2.156721e+01,2.156721e+01,2.153260e+01,2.149104e+01,2.151875e+01,2.170557e+01,2.177468e+01,2.196104e+01,2.188516e+01,2.193345e+01,2.191965e+01,2.193345e+01,2.192655e+01,2.193345e+01,2.196793e+01,2.194035e+01,2.205065e+01,2.201619e+01,2.196104e+01,2.205754e+01,2.194035e+01,2.203687e+01,2.196104e+01,2.205754e+01,2.193345e+01,2.199551e+01,2.197483e+01,2.198862e+01,2.205754e+01,2.190586e+01,2.194035e+01,2.188516e+01,2.199551e+01,2.189206e+01,2.194035e+01,2.195414e+01,2.190586e+01,2.181612e+01,2.187135e+01,2.184374e+01,2.196793e+01,2.191276e+01,2.185755e+01,2.185755e+01,2.189896e+01,2.188516e+01,2.188516e+01,2.180922e+01,2.185755e+01,2.186445e+01,2.186445e+01,2.187135e+01,2.176777e+01,2.194725e+01,2.182303e+01,2.178159e+01,2.180231e+01,2.183684e+01,2.176086e+01,2.180231e+01,2.175395e+01,2.176777e+01,2.175395e+01,2.174704e+01,2.164334e+01,2.185065e+01,2.178159e+01,2.185065e+01,2.179540e+01,2.173322e+01,2.174704e+01,2.163642e+01,2.185065e+01,2.171248e+01,2.170557e+01,2.171940e+01,2.173322e+01,2.172631e+01,2.169866e+01,2.178159e+01,2.174013e+01,2.169866e+01,2.171940e+01,2.174704e+01,2.168483e+01,2.170557e+01,2.170557e+01,2.153260e+01,2.174704e+01,2.162950e+01,2.163642e+01,2.171248e+01,2.168483e+01,2.175395e+01,2.189206e+01,2.180922e+01,2.170557e+01,2.181612e+01,2.203687e+01,2.184374e+01,2.183684e+01,2.187135e+01,2.187135e+01,2.202308e+01,2.201619e+01,2.202997e+01,2.205065e+01,2.208509e+01,2.207820e+01,2.211952e+01,2.213329e+01,2.209886e+01,2.205754e+01,2.204376e+01,2.207131e+01,2.205065e+01,2.201619e+01,2.202308e+01,2.209198e+01,2.209886e+01,2.209198e+01,2.207131e+01,2.210575e+01,2.211952e+01,2.209886e+01,2.205065e+01,2.200930e+01,2.198862e+01,2.200241e+01,2.204376e+01,2.203687e+01,2.201619e+01,2.201619e+01,2.206442e+01,2.209198e+01,2.199551e+01,2.194725e+01,2.207820e+01,2.205754e+01,2.202997e+01,2.202308e+01,2.205754e+01,2.204376e+01,2.200930e+01,2.202997e+01,2.203687e+01,2.201619e+01,2.191965e+01,2.195414e+01,2.196793e+01,2.196793e+01,2.194725e+01,2.194035e+01,2.190586e+01,2.189896e+01,2.182303e+01,2.179540e+01,2.185065e+01,2.186445e+01,2.187825e+01,2.173322e+01,2.178850e+01,2.181612e+01,2.171940e+01,2.170557e+01,2.146332e+01,2.163642e+01,2.163642e+01,2.171248e+01,2.173322e+01,2.166409e+01,2.159490e+01,2.164334e+01,2.162258e+01,2.157414e+01,2.162258e+01,2.155337e+01,2.156721e+01,2.153952e+01,2.152567e+01,2.151875e+01,2.135933e+01,2.156721e+01,2.148411e+01,2.140094e+01,2.139400e+01,2.144946e+01,2.153952e+01,2.144253e+01,2.151182e+01,2.144253e+01,2.151875e+01,2.147718e+01,2.150489e+01,2.150489e+01,2.148411e+01,2.153952e+01,2.149796e+01,2.149796e+01,2.146332e+01,2.149104e+01,2.149796e+01,2.143560e+01,2.149796e+01,2.153260e+01,2.153952e+01,2.155337e+01,2.148411e+01,2.165025e+01,2.150489e+01,2.149796e+01,2.159490e+01,2.153952e+01,2.147025e+01,2.160874e+01,2.144946e+01,2.160182e+01,2.156721e+01,2.157414e+01,2.155337e+01,2.153952e+01,2.135239e+01,2.151182e+01,2.139400e+01,2.142867e+01,2.135239e+01,2.147025e+01,2.151182e+01,2.157414e+01,2.156029e+01,2.150489e+01,2.150489e+01,2.124133e+01,2.147025e+01,2.150489e+01,2.134545e+01,2.142174e+01,2.126911e+01,2.153260e+01,2.135239e+01,2.135239e+01,2.130382e+01,2.128299e+01,2.120660e+01,2.124828e+01,2.129688e+01,2.116491e+01,2.117186e+01,2.126217e+01,2.122744e+01,2.110234e+01,2.109539e+01,2.103277e+01,2.107452e+01,2.117186e+01,2.113015e+01,2.101189e+01,2.102581e+01,2.113015e+01,2.109539e+01,2.108148e+01,2.096316e+01,2.106061e+01,2.115101e+01,2.119966e+01,2.118576e+01,2.091440e+01,2.106061e+01,2.112320e+01,2.124133e+01,2.113015e+01,2.113015e+01,2.118576e+01,2.097709e+01,2.113015e+01,2.122744e+01,2.118576e+01,2.116491e+01,2.115796e+01,2.098405e+01,2.124133e+01,2.109539e+01,2.115796e+01,2.126911e+01,2.128299e+01,2.123439e+01,2.134545e+01,2.117881e+01,2.121355e+01,2.142867e+01,2.131770e+01,2.121355e+01,2.135239e+01,2.133851e+01,2.131076e+01,2.142867e+01,2.144946e+01,2.124133e+01,2.127605e+01,2.144946e+01,2.135239e+01,2.133158e+01,2.153260e+01,2.136626e+01,2.142174e+01,2.144253e+01,2.140787e+01,2.133851e+01
2.208509e+01,2.209198e+01,2.207820e+01,2.199551e+01,2.193345e+01,2.192655e+01,2.194035e+01,2.211263e+01,2.208509e+01,2.208509e+01,2.218835e+01,2.220211e+01,2.221587e+01,2.220899e+01,2.235335e+01,2.231212e+01,2.234648e+01,2.242888e+01,2.238082e+01,2.234648e+01,2.236709e+01,2.232587e+01,2.229838e+01,2.228463e+01,2.231900e+01,2.221587e+01,2.225713e+01,2.220211e+01,2.228463e+01,2.214706e+01,2.211952e+01,2.210575e+01,2.217459e+01,2.215394e+01,2.214706e+01,2.211952e+01,2.198862e+01,2.207820e+01,2.207131e+01,2.191965e+01,2.180922e+01,2.204376e+01,2.189206e+01,2.195414e+01,2.178159e+01,2.185755e+01,2.178850e+01,2.182303e+01,2.174704e+01,2.192655e+01,2.174013e+01,2.182303e+01,2.178850e+01,2.180231e+01,2.165717e+01,2.178159e+01,2.182303e+01,2.180231e+01,2.165717e+01,2.167792e+01,2.185755e+01,2.185755e+01,2.187825e+01,2.174013e+01,2.182303e+01,2.180231e+01,2.182303e+01,2.181612e+01,2.199551e+01,2.191276e+01,2.188516e+01,2.192655e+01,2.187825e+01,2.189896e+01,2.189206e+01,2.196793e+01,2.189206e+01,2.185755e+01,2.192655e+01,2.189896e+01,2.205754e+01,2.197483e+01,2.200241e+01,2.215394e+01,2.198172e+01,2.216771e+01,2.188516e+01,2.192655e+01,2.194035e+01,2.196104e+01,2.199551e+01,2.187825e+01,2.192655e+01,2.198172e+01,2.200241e+01,2.194725e+01,2.196104e+01,2.191276e+01,2.214017e+01,2.204376e+01,2.188516e+01,2.189896e+01,2.187135e+01,2.194725e+01,2.186445e+01,2.164334e+01,2.168483e+01,2.156721e+01,2.141480e+01,2.160182e+01,2.147025e+01,2.153952e+01,2.170557e+01,2.160182e+01,2.159490e+01,2.158106e+01,2.169175e+01,2.171248e+01,2.162950e+01,2.180231e+01,2.169866e+01,2.174704e+01,2.170557e+01,2.173322e+01,2.173322e+01,2.171248e+01,2.171248e+01,2.167792e+01,2.172631e+01,2.171248e+01,2.164334e+01,2.166409e+01,2.165717e+01,2.178159e+01,2.164334e+01,2.183684e+01,2.179540e+01,2.184374e+01,2.185065e+01,2.181612e+01,2.183684e+01,2.181612e+01,2.186445e+01,2.181612e+01,2.181612e+01,2.181612e+01,2.183684e+01,2.180922e+01,2.171940e+01,2.171248e+01,2.169175e+01,2.142174e+01,2.140787e+01,2.150489e+01,2.161566e+01,2.177468e+01,2.160182e+01,2.191276e+01,2.185755e+01,2.183684e+01,2.182303e+01,2.183684e+01,2.185065e+01,2.176086e+01,2.186445e+01,2.196793e+01,2.197483e+01,2.194725e+01,2.184374e+01,2.178850e+01,2.192655e+01,2.191276e+01,2.193345e+01,2.198862e+01,2.191965e+01,2.190586e+01,2.191276e+01,2.194725e+01,2.194725e+01,2.185755e+01,2.185755e+01,2.198172e+01,2.192655e+01,2.193345e+01,2.190586e+01,2.193345e+01,2.199551e+01,2.195414e+01,2.200241e+01,2.204376e+01,2.194035e+01,2.200241e+01,2.198172e+01,2.200930e+01,2.198172e+01,2.194725e+01,2.200241e+01,2.208509e+01,2.204376e+01,2.193345e+01,2.188516e+01,2.206442e+01,2.196104e+01,2.209198e+01,2.206442e+01,2.214017e+01,2.198862e+01,2.204376e+01,2.201619e+01,2.208509e+01,2.198862e+01,2.192655e+01,2.211263e+01,2.200930e+01,2.208509e+01,2.210575e+01,2.209198e+01,2.202308e+01,2.206442e+01,2.194035e+01,2.194035e+01,2.205754e+01,2.196793e+01,2.207820e+01,2.202997e+01,2.202308e+01,2.199551e+01,2.201619e+01,2.204376e+01,2.210575e+01,2.200241e+01,2.205754e+01,2.204376e+01,2.198862e+01,2.201619e+01,2.201619e+01,2.217459e+01,2.209886e+01,2.218147e+01,2.204376e+01,2.209198e+01,2.209198e+01,2.205754e+01,2.218835e+01,2.208509e+01,2.209198e+01,2.209198e+01,2.207131e+01,2.224338e+01,2.208509e+01,2.226401e+01,2.214017e+01,2.213329e+01,2.214017e+01,2.211263e+01,2.216082e+01,2.200241e+01,2.215394e+01,2.206442e+01,2.211952e+01,2.219523e+01,2.214706e+01,2.214017e+01,2.213329e+01,2.213329e+01,2.216082e+01,2.225713e+01,2.216082e+01,2.213329e+01,2.218147e+01,2.209198e+01,2.216771e+01,2.214017e+01,2.211952e+01,2.211952e+01,2.211952e+01,2.209886e+01,2.215394e+01,2.211952e+01,2.216082e+01,2.227088e+01,2.205754e+01,2.216082e+01,2.221587e+01,2.212641e+01,2.205754e+01,2.217459e+01,2.209886e+01,2.207820e+01,2.214706e+01,2.214706e+01,2.220899e+01,2.207131e+01,2.208509e+01,2.204376e+01,2.209886e+01,2.191965e+01,2.206442e+01,2.198172e+01,2.204376e+01,2.190586e+01,2.189896e+01,2.201619e+01,2.179540e+01,2.181612e+01,2.187135e+01,2.178159e+01,2.182993e+01,2.182993e+01,2.180231e+01,2.181612e+01,2.176086e+01,2.173322e+01,2.171940e+01,2.174704e+01,2.175395e+01,2.174013e+01,2.161566e+01,2.166409e+01,2.171248e+01,2.157414e+01,2.157414e+01,2.156029e+01,2.159490e+01,2.160874e+01,2.160874e+01,2.167100e+01,2.168483e+01,2.157414e+01,2.158798e+01,2.160874e+01,2.157414e+01,2.171940e+01,2.155337e+01,2.156721e+01,2.158798e+01,2.168483e+01,2.158106e+01,2.165025e+01,2.174704e+01,2.195414e+01,2.189896e+01,2.196793e+01,2.195414e+01,2.192655e+01,2.191276e+01,2.210575e+01,2.191965e+01,2.196793e+01,2.198862e+01,2.200930e+01,2.198862e+01,2.200930e+01,2.198172e+01,2.198862e+01,2.195414e+01,2.200930e+01,2.200930e+01,2.198172e+01,2.207131e+01,2.200241e+01,2.202997e+01,2.178850e+01,2.187825e+01,2.200241e+01,2.197483e+01,2.200241e+01,2.209198e+01,2.188516e+01,2.204376e+01,2.187135e+01,2.194725e+01,2.194035e+01,2.189896e+01,2.189896e+01,2.172631e+01,2.188516e+01,2.201619e+01,2.202308e+01,2.202308e+01,2.186445e+01,2.197483e+01,2.185065e+01,2.185755e+01,2.178159e+01,2.196104e+01,2.180231e+01,2.184374e+01,2.178850e+01,2.183684e+01,2.178850e+01,2.174013e+01,2.177468e+01,2.182993e+01,2.185065e+01,2.184374e+01,2.183684e+01,2.185065e+01,2.185755e+01,2.177468e+01,2.178850e+01,2.180922e+01,2.177468e+01,2.178159e+01,2.174013e+01,2.171248e+01,2.183684e+01,2.171940e+01,2.178159e+01,2.179540e+01,2.178159e+01,2.171940e+01,2.176777e+01,2.164334e+01,2.168483e+01,2.164334e+01,2.169175e+01,2.161566e+01,2.174013e+01,2.167792e+01,2.174704e+01,2.155337e+01,2.163642e+01,2.175395e+01,2.183684e+01,2.176777e+01,2.182993e+01,2.183684e+01,2.177468e+01,2.198862e+01,2.193345e+01,2.192655e+01,2.183684e+01,2.209198e+01,2.196104e+01,2.203687e+01,2.202997e+01,2.202997e+01,2.206442e+01,2.207131e+01,2.209198e+01,2.203687e+01,2.211952e+01,2.206442e+01,2.206442e+01,2.208509e+01,2.214706e+01,2.202308e+01,2.200241e+01,2.198862e+01,2.197483e+01,2.193345e+01,2.217459e+01,2.204376e+01,2.209198e+01,2.191965e+01,2.193345e+01,2.200241e+01,2.196793e+01,2.206442e+01,2.207131e+01,2.209198e+01,2.202308e+01,2.207820e+01,2.211952e+01,2.210575e+01,2.209886e+01,2.201619e+01,2.208509e+01,2.195414e+01,2.202308e+01,2.205065e+01,2.205065e+01,2.197483e+01,2.200930e+01,2.199551e+01,2.195414e+01,2.190586e+01,2.200930e+01,2.198862e+01,2.201619e+01,2.197483e+01,2.191965e+01,2.191276e+01,2.186445e+01,2.194725e+01,2.182993e+01,2.190586e+01,2.180231e+01,2.180231e+01,2.195414e+01,2.192655e+01,2.197483e+01,2.182303e+01,2.165717e+01,2.177468e+01,2.174013e+01,2.170557e+01,2.171248e+01,2.171940e+01,2.167792e+01,2.162258e+01,2.166409e+01,2.169175e+01,2.167100e+01,2.168483e+01,2.160182e+01,2.162950e+01,2.154645e+01,2.159490e+01,2.162258e+01,2.150489e+01,2.147025e+01,2.150489e+01,2.152567e+01,2.136626e+01,2.160874e+01,2.150489e+01,2.139400e+01,2.151875e+01,2.142174e+01,2.151182e+01,2.154645e+01,2.150489e+01,2.149104e+01,2.156721e+01,2.161566e+01,2.142174e+01,2.145639e+01,2.140094e+01,2.153260e+01,2.144253e+01,2.147718e+01,2.146332e+01,2.145639e+01,2.144946e+01,2.153260e+01,2.154645e+01,2.144253e+01,2.151182e+01,2.149796e+01,2.155337e+01,2.156721e+01,2.158106e+01,2.158798e+01,2.158106e+01,2.154645e+01,2.152567e+01,2.154645e+01,2.160182e+01,2.162258e+01,2.156029e+01,2.157414e+01,2.136626e+01,2.142867e+01,2.158798e+01,2.150489e+01,2.146332e+01,2.145639e+01,2.133158e+01,2.149104e+01,2.147718e+01,2.150489e+01,2.153952e+01,2.147718e+01,2.146332e+01,2.153260e+01,2.147718e+01,2.132464e+01,2.142867e+01,2.138013e+01,2.126217e+01,2.140787e+01,2.139400e+01,2.124828e+01,2.119966e+01,2.116491e+01,2.115101e+01,2.125522e+01,2.119271e+01,2.124828e+01,2.124828e+01,2.113711e+01,2.123439e+01,2.104669e+01,2.112320e+01,2.097709e+01,2.101885e+01,2.112320e+01,2.103973e+01,2.106756e+01,2.108148e+01,2.114406e+01,2.114406e+01,2.112320e+01,2.126911e+01,2.113015e+01,2.109539e+01,2.114406e+01,2.108843e+01,2.113015e+01,2.108148e+01,2.117881e+01,2.108148e+01,2.117881e+01,2.119966e+01,2.113015e+01,2.112320e+01,2.124828e+01,2.119966e+01,2.118576e+01,2.106061e+01,2.122050e+01,2.122050e+01,2.112320e+01,2.123439e+01,2.131076e+01,2.132464e+01,2.128299e+01,2.123439e+01,2.117881e+01,2.130382e+01,2.128993e+01,2.123439e+01,2.125522e+01,2.139400e+01,2.122744e+01,2.135933e+01,2.145639e+01,2.144946e+01,2.142174e+01,2.124828e+01,2.132464e+01,2.133851e+01,2.137320e+01,2.148411e+01,2.156721e+01,2.143560e+01,2.135933e+01,2.143560e+01
2.196104e+01,2.214706e+01,2.199551e+01,2.195414e+01,2.201619e+01,2.184374e+01,2.180231e+01,2.182993e+01,2.202997e+01,2.214017e+01,2.225713e+01,2.191965e+01,2.236709e+01,2.229838e+01,2.231212e+01,2.215394e+01,2.214017e+01,2.227776e+01,2.236022e+01,2.205754e+01,2.231900e+01,2.233961e+01,2.231212e+01,2.230525e+01,2.220211e+01,2.205754e+01,2.210575e+01,2.216771e+01,2.198862e+01,2.211952e+01,2.205065e+01,2.200241e+01,2.200241e+01,2.185755e+01,2.195414e+01,2.202997e+01,2.209886e+01,2.205754e+01,2.205754e+01,2.189896e+01,2.172631e+01,2.179540e+01,2.189206e+01,2.185755e+01,2.185755e+01,2.183684e+01,2.171940e+01,2.183684e+01,2.165717e+01,2.166409e+01,2.191276e+01,2.162258e+01,2.179540e+01,2.178159e+01,2.161566e+01,2.178850e+01,2.173322e+01,2.174704e+01,2.172631e+01,2.181612e+01,2.185755e+01,2.180231e+01,2.178159e+01,2.177468e+01,2.194035e+01,2.182303e+01,2.181612e+01,2.171940e+01,2.178159e+01,2.186445e+01,2.185755e+01,2.176777e+01,2.192655e+01,2.176777e+01,2.181612e+01,2.198172e+01,2.194035e+01,2.189896e+01,2.189896e+01,2.191965e+01,2.195414e+01,2.209198e+01,2.196793e+01,2.189206e+01,2.194725e+01,2.222275e+01,2.200241e+01,2.218835e+01,2.196793e+01,2.194725e+01,2.211263e+01,2.213329e+01,2.189206e+01,2.188516e+01,2.207131e+01,2.198172e+01,2.188516e+01,2.190586e+01,2.206442e+01,2.204376e+01,2.194035e+01,2.198172e+01,2.201619e+01,2.182303e+01,2.197483e+01,2.170557e+01,2.187135e+01,2.153952e+01,2.154645e+01,2.151875e+01,2.147025e+01,2.152567e+01,2.149104e+01,2.155337e+01,2.164334e+01,2.159490e+01,2.157414e+01,2.174704e+01,2.169866e+01,2.175395e+01,2.168483e+01,2.169175e+01,2.173322e+01,2.174704e+01,2.172631e+01,2.169175e+01,2.178159e+01,2.173322e+01,2.162950e+01,2.175395e+01,2.163642e+01,2.167100e+01,2.162950e+01,2.162950e+01,2.182303e+01,2.176086e+01,2.180922e+01,2.171940e+01,2.181612e+01,2.175395e+01,2.190586e+01,2.185755e+01,2.179540e+01,2.188516e+01,2.181612e+01,2.169175e+01,2.183684e+01,2.181612e+01,2.166409e+01,2.168483e+01,2.151182e+01,2.135933e+01,2.131770e+01,2.156721e+01,2.134545e+01,2.153260e+01,2.160874e+01,2.178850e+01,2.185755e+01,2.179540e+01,2.190586e+01,2.182303e+01,2.182303e+01,2.185065e+01,2.198862e+01,2.191965e+01,2.191965e+01,2.192655e+01,2.183684e+01,2.185755e+01,2.191276e+01,2.176777e+01,2.189206e+01,2.191965e+01,2.188516e+01,2.191276e+01,2.187135e+01,2.189896e+01,2.212641e+01,2.191965e+01,2.187135e+01,2.187825e+01,2.188516e+01,2.194035e+01,2.198862e+01,2.200930e+01,2.189896e+01,2.199551e+01,2.194035e+01,2.193345e+01,2.200930e+01,2.193345e+01,2.197483e+01,2.194725e+01,2.197483e+01,2.199551e+01,2.199551e+01,2.196793e+01,2.220211e+01,2.200930e+01,2.197483e+01,2.209886e+01,2.222275e+01,2.205065e+01,2.204376e+01,2.207131e+01,2.209198e+01,2.200930e+01,2.205754e+01,2.199551e+01,2.196104e+01,2.200930e+01,2.213329e+01,2.210575e+01,2.206442e+01,2.201619e+01,2.200930e+01,2.202997e+01,2.202997e+01,2.205065e+01,2.202308e+01,2.211263e+01,2.207131e+01,2.203687e+01,2.198862e+01,2.191276e+01,2.202308e+01,2.202997e+01,2.211263e+01,2.198172e+01,2.205065e+01,2.196793e+01,2.204376e+01,2.205065e+01,2.207131e+01,2.205754e+01,2.210575e+01,2.208509e+01,2.212641e+01,2.207131e+01,2.205754e+01,2.207131e+01,2.210575e+01,2.198862e+01,2.209886e+01,2.209198e+01,2.207820e+01,2.209886e+01,2.233274e+01,2.209198e+01,2.210575e+01,2.211263e+01,2.219523e+01,2.216771e+01,2.218147e+01,2.221587e+01,2.217459e+01,2.213329e+01,2.224338e+01,2.215394e+01,2.211263e+01,2.211952e+01,2.213329e+01,2.209886e+01,2.207131e+01,2.214706e+01,2.221587e+01,2.207131e+01,2.217459e+01,2.219523e+01,2.206442e+01,2.202997e+01,2.222275e+01,2.206442e+01,2.220211e+01,2.216082e+01,2.216082e+01,2.211263e+01,2.227088e+01,2.221587e+01,2.225026e+01,2.218147e+01,2.213329e+01,2.209886e+01,2.216771e+01,2.211952e+01,2.215394e+01,2.216082e+01,2.214017e+01,2.211952e+01,2.213329e+01,2.207820e+01,2.205754e+01,2.198862e+01,2.211263e+01,2.209198e+01,2.193345e+01,2.193345e+01,2.190586e+01,2.191276e+01,2.191965e+01,2.189896e+01,2.195414e+01,2.194725e+01,2.179540e+01,2.190586e+01,2.182303e+01,2.174704e+01,2.177468e+01,2.182303e+01,2.178850e+01,2.180922e+01,2.170557e+01,2.171248e+01,2.170557e+01,2.179540e+01,2.185065e+01,2.174013e+01,2.169175e+01,2.165717e+01,2.161566e+01,2.150489e+01,2.156029e+01,2.165025e+01,2.167792e+01,2.168483e+01,2.157414e+01,2.174704e+01,2.162258e+01,2.162258e+01,2.165717e+01,2.171248e+01,2.147718e+01,2.158106e+01,2.153260e+01,2.154645e+01,2.161566e+01,2.151182e+01,2.156029e+01,2.177468e+01,2.175395e+01,2.186445e+01,2.193345e+01,2.183684e+01,2.191965e+01,2.211952e+01,2.196793e+01,2.209198e+01,2.202308e+01,2.209198e+01,2.201619e+01,2.196104e+01,2.207820e+01,2.196793e+01,2.196104e+01,2.194035e+01,2.196104e+01,2.195414e+01,2.201619e+01,2.199551e+01,2.207131e+01,2.187135e+01,2.198172e+01,2.189206e+01,2.211952e+01,2.186445e+01,2.198862e+01,2.194725e+01,2.197483e+01,2.201619e+01,2.201619e+01,2.191276e+01,2.188516e+01,2.189896e+01,2.189896e+01,2.189206e+01,2.187825e+01,2.194035e+01,2.194725e+01,2.191965e+01,2.200241e+01,2.192655e+01,2.187135e+01,2.182303e+01,2.184374e+01,2.185065e+01,2.186445e+01,2.182993e+01,2.186445e+01,2.177468e+01,2.181612e+01,2.184374e+01,2.171940e+01,2.185065e+01,2.185065e+01,2.180922e+01,2.182303e+01,2.185065e+01,2.176086e+01,2.169175e+01,2.183684e+01,2.184374e+01,2.177468e+01,2.183684e+01,2.181612e+01,2.180922e+01,2.180231e+01,2.182993e+01,2.178850e+01,2.173322e+01,2.182993e+01,2.178159e+01,2.160874e+01,2.162258e+01,2.175395e+01,2.158798e+01,2.177468e+01,2.169175e+01,2.165717e+01,2.170557e+01,2.174013e+01,2.166409e+01,2.162258e+01,2.162950e+01,2.180231e+01,2.176086e+01,2.183684e+01,2.169175e+01,2.178159e+01,2.187135e+01,2.189206e+01,2.185065e+01,2.181612e+01,2.198172e+01,2.195414e+01,2.205754e+01,2.194725e+01,2.189206e+01,2.199551e+01,2.216082e+01,2.193345e+01,2.197483e+01,2.194035e+01,2.202997e+01,2.218147e+01,2.215394e+01,2.203687e+01,2.204376e+01,2.209886e+01,2.216082e+01,2.213329e+01,2.209886e+01,2.211263e+01,2.208509e+01,2.199551e+01,2.195414e+01,2.206442e+01,2.194035e+01,2.209198e+01,2.201619e+01,2.208509e+01,2.209198e+01,2.209886e+01,2.211263e+01,2.194035e+01,2.198172e+01,2.198862e+01,2.203687e+01,2.205754e+01,2.198862e+01,2.201619e+01,2.211263e+01,2.200241e+01,2.196104e+01,2.202997e+01,2.193345e+01,2.198862e+01,2.202308e+01,2.208509e+01,2.193345e+01,2.194725e+01,2.189896e+01,2.190586e+01,2.189206e+01,2.196104e+01,2.179540e+01,2.194035e+01,2.180231e+01,2.180922e+01,2.186445e+01,2.180231e+01,2.176086e+01,2.178850e+01,2.178159e+01,2.176086e+01,2.174013e+01,2.174013e+01,2.168483e+01,2.166409e+01,2.166409e+01,2.157414e+01,2.161566e+01,2.167100e+01,2.160182e+01,2.153952e+01,2.165025e+01,2.163642e+01,2.139400e+01,2.163642e+01,2.156721e+01,2.160182e+01,2.158798e+01,2.149104e+01,2.153952e+01,2.151875e+01,2.149796e+01,2.149104e+01,2.153260e+01,2.162258e+01,2.156721e+01,2.141480e+01,2.146332e+01,2.153260e+01,2.153260e+01,2.156721e+01,2.148411e+01,2.147025e+01,2.158106e+01,2.149104e+01,2.140094e+01,2.152567e+01,2.145639e+01,2.145639e+01,2.149796e+01,2.143560e+01,2.144946e+01,2.138707e+01,2.144253e+01,2.151182e+01,2.149796e+01,2.142867e+01,2.142867e+01,2.144253e+01,2.149104e+01,2.142867e+01,2.146332e+01,2.153952e+01,2.153952e+01,2.160182e+01,2.158106e+01,2.154645e+01,2.159490e+01,2.151875e+01,2.155337e+01,2.153952e+01,2.151182e+01,2.158798e+01,2.140787e+01,2.148411e+01,2.151875e+01,2.160874e+01,2.150489e+01,2.157414e+01,2.146332e+01,2.141480e+01,2.156029e+01,2.154645e+01,2.145639e+01,2.147718e+01,2.133158e+01,2.140094e+01,2.139400e+01,2.146332e+01,2.122744e+01,2.128299e+01,2.130382e+01,2.124828e+01,2.122744e+01,2.127605e+01,2.124828e+01,2.120660e+01,2.116491e+01,2.112320e+01,2.110929e+01,2.108148e+01,2.104669e+01,2.111625e+01,2.119966e+01,2.118576e+01,2.110929e+01,2.105365e+01,2.112320e+01,2.108843e+01,2.108843e+01,2.115101e+01,2.108843e+01,2.111625e+01,2.122050e+01,2.111625e+01,2.121355e+01,2.119966e+01,2.119966e+01,2.113711e+01,2.119271e+01,2.103277e+01,2.122744e+01,2.119271e+01,2.118576e+01,2.119271e+01,2.115101e+01,2.118576e+01,2.115796e+01,2.123439e+01,2.128299e+01,2.105365e+01,2.126911e+01,2.119271e+01,2.126911e+01,2.122744e+01,2.137320e+01,2.124828e+01,2.124828e+01,2.129688e+01,2.132464e+01,2.130382e+01,2.134545e+01,2.139400e+01,2.127605e+01,2.137320e+01,2.146332e+01,2.130382e+01,2.128993e+01,2.131076e+01,2.132464e+01,2.136626e+01,2.147025e+01,2.138707e+01,2.135933e+01,2.142867e+01,2.135239e+01
2.211263e+01,2.210575e+01,2.187825e+01,2.205754e+01,2.186445e+01,2.178850e+01,2.158106e+01,2.182993e+01,2.182993e+01,2.188516e+01,2.197483e+01,2.205065e+01,2.214017e+01,2.214706e+01,2.200930e+01,2.216082e+01,2.218835e+01,2.212641e+01,2.229838e+01,2.211952e+01,2.222275e+01,2.200930e+01,2.205754e+01,2.202997e+01,2.196793e+01,2.217459e+01,2.191965e+01,2.202997e+01,2.184374e+01,2.189896e+01,2.185755e+01,2.203687e+01,2.196793e+01,2.192655e+01,2.189896e+01,2.194725e+01,2.191276e+01,2.192655e+01,2.177468e+01,2.172631e+01,2.192655e+01,2.172631e+01,2.186445e+01,2.167100e+01,2.182303e+01,2.180231e+01,2.165025e+01,2.178159e+01,2.165717e+01,2.165025e+01,2.165717e+01,2.174013e+01,2.180231e+01,2.176086e+01,2.169175e+01,2.178850e+01,2.171940e+01,2.184374e+01,2.182993e+01,2.175395e+01,2.182993e+01,2.182303e+01,2.172631e+01,2.179540e+01,2.185755e+01,2.180231e+01,2.184374e+01,2.182303e+01,2.189206e+01,2.191965e+01,2.202997e+01,2.170557e+01,2.191276e+01,2.187825e+01,2.193345e+01,2.194035e+01,2.185755e+01,2.186445e+01,2.191965e+01,2.191276e+01,2.204376e+01,2.189206e+01,2.190586e+01,2.187825e+01,2.188516e+01,2.199551e+01,2.202997e+01,2.209886e+01,2.194725e+01,2.193345e+01,2.202997e+01,2.196104e+01,2.204376e+01,2.196104e+01,2.196793e+01,2.167100e+01,2.187135e+01,2.191965e+01,2.184374e+01,2.209886e+01,2.200241e+01,2.191965e+01,2.180922e+01,2.197483e+01,2.194035e+01,2.185755e+01,2.190586e+01,2.158798e+01,2.147025e+01,2.147718e+01,2.162950e+01,2.166409e+01,2.160874e+01,2.139400e+01,2.160182e+01,2.155337e+01,2.157414e+01,2.157414e+01,2.155337e+01,2.158106e+01,2.172631e+01,2.169866e+01,2.165717e+01,2.172631e+01,2.171940e+01,2.171940e+01,2.172631e+01,2.160874e+01,2.161566e+01,2.157414e+01,2.150489e+01,2.165025e+01,2.165025e+01,2.174013e+01,2.174013e+01,2.182303e+01,2.163642e+01,2.184374e+01,2.178850e+01,2.182993e+01,2.176086e+01,2.179540e+01,2.178850e+01,2.187825e+01,2.172631e+01,2.179540e+01,2.191276e+01,2.175395e+01,2.168483e+01,2.166409e+01,2.145639e+01,2.124828e+01,2.117186e+01,2.125522e+01,2.128993e+01,2.140787e+01,2.178159e+01,2.185065e+01,2.184374e+01,2.207131e+01,2.187135e+01,2.180922e+01,2.185065e+01,2.195414e+01,2.182303e+01,2.180231e+01,2.187825e+01,2.191276e+01,2.209198e+01,2.191965e+01,2.179540e+01,2.182303e+01,2.184374e+01,2.196104e+01,2.190586e+01,2.191276e+01,2.187135e+01,2.187825e+01,2.191276e+01,2.191965e+01,2.196793e+01,2.193345e+01,2.194035e+01,2.188516e+01,2.200241e+01,2.192655e+01,2.197483e+01,2.200241e+01,2.195414e+01,2.205754e+01,2.207820e+01,2.198172e+01,2.183684e+01,2.190586e+01,2.189896e+01,2.196793e+01,2.198862e+01,2.201619e+01,2.202997e+01,2.198172e+01,2.199551e+01,2.198862e+01,2.206442e+01,2.201619e+01,2.206442e+01,2.185065e+01,2.212641e+01,2.215394e+01,2.187135e+01,2.205754e+01,2.209198e+01,2.202308e+01,2.203687e+01,2.204376e+01,2.213329e+01,2.212641e+01,2.212641e+01,2.201619e+01,2.198172e+01,2.201619e+01,2.201619e+01,2.201619e+01,2.202308e+01,2.205754e+01,2.205754e+01,2.211263e+01,2.207820e+01,2.202308e+01,2.200241e+01,2.198862e+01,2.210575e+01,2.209198e+01,2.205065e+01,2.199551e+01,2.216082e+01,2.202997e+01,2.209198e+01,2.201619e+01,2.206442e+01,2.202308e+01,2.206442e+01,2.209886e+01,2.210575e+01,2.210575e+01,2.211263e+01,2.209198e+01,2.196104e+01,2.209886e+01,2.213329e+01,2.209886e+01,2.218835e+01,2.219523e+01,2.232587e+01,2.212641e+01,2.208509e+01,2.214706e+01,2.221587e+01,2.214017e+01,2.218147e+01,2.209198e+01,2.207131e+01,2.214017e+01,2.216082e+01,2.213329e+01,2.212641e+01,2.218147e+01,2.218147e+01,2.216771e+01,2.216082e+01,2.216771e+01,2.203687e+01,2.206442e+01,2.211263e+01,2.206442e+01,2.202308e+01,2.213329e+01,2.200241e+01,2.213329e+01,2.218147e+01,2.211263e+01,2.215394e+01,2.218835e+01,2.209886e+01,2.222962e+01,2.205754e+01,2.222275e+01,2.202997e+01,2.200241e+01,2.211952e+01,2.210575e+01,2.200241e+01,2.205065e+01,2.202308e+01,2.206442e+01,2.202997e+01,2.194725e+01,2.193345e+01,2.194725e+01,2.207131e+01,2.183684e+01,2.188516e+01,2.191965e+01,2.190586e+01,2.190586e+01,2.185065e+01,2.185755e+01,2.177468e+01,2.178159e+01,2.189896e+01,2.182993e+01,2.182303e+01,2.177468e+01,2.171940e+01,2.179540e+01,2.186445e+01,2.166409e+01,2.171940e+01,2.164334e+01,2.168483e+01,2.160182e+01,2.166409e+01,2.166409e+01,2.166409e+01,2.147025e+01,2.159490e+01,2.157414e+01,2.182303e+01,2.178159e+01,2.162950e+01,2.171248e+01,2.172631e+01,2.170557e+01,2.169175e+01,2.162258e+01,2.155337e+01,2.154645e+01,2.152567e+01,2.154645e+01,2.152567e+01,2.152567e+01,2.156029e+01,2.185755e+01,2.182303e+01,2.194035e+01,2.192655e+01,2.192655e+01,2.214017e+01,2.189896e+01,2.207820e+01,2.209198e+01,2.203687e+01,2.202308e+01,2.205754e+01,2.205754e+01,2.194035e+01,2.197483e+01,2.208509e+01,2.207820e+01,2.203687e+01,2.198172e+01,2.206442e+01,2.194725e+01,2.200241e+01,2.200241e+01,2.199551e+01,2.192655e+01,2.196104e+01,2.191965e+01,2.192655e+01,2.193345e+01,2.191965e+01,2.188516e+01,2.185065e+01,2.198862e+01,2.187135e+01,2.189206e+01,2.192655e+01,2.190586e+01,2.202308e+01,2.190586e+01,2.184374e+01,2.185065e+01,2.191965e+01,2.189206e+01,2.190586e+01,2.189896e+01,2.189896e+01,2.185755e+01,2.182303e+01,2.181612e+01,2.179540e+01,2.178159e+01,2.165025e+01,2.169866e+01,2.185065e+01,2.172631e+01,2.185065e+01,2.180231e+01,2.184374e+01,2.180231e+01,2.176777e+01,2.189896e+01,2.178850e+01,2.181612e+01,2.171248e+01,2.171248e+01,2.172631e+01,2.174013e+01,2.172631e+01,2.171940e+01,2.176086e+01,2.160182e+01,2.163642e+01,2.164334e+01,2.173322e+01,2.167100e+01,2.173322e+01,2.160874e+01,2.169866e+01,2.173322e+01,2.167792e+01,2.166409e+01,2.176086e+01,2.169866e+01,2.176086e+01,2.175395e+01,2.165717e+01,2.178850e+01,2.189896e+01,2.187135e+01,2.196104e+01,2.178850e+01,2.195414e+01,2.194725e+01,2.195414e+01,2.208509e+01,2.208509e+01,2.207131e+01,2.203687e+01,2.205065e+01,2.196104e+01,2.209198e+01,2.206442e+01,2.201619e+01,2.196793e+01,2.215394e+01,2.206442e+01,2.202308e+01,2.216771e+01,2.200241e+01,2.214017e+01,2.211263e+01,2.197483e+01,2.210575e+01,2.207131e+01,2.212641e+01,2.195414e+01,2.196104e+01,2.199551e+01,2.194035e+01,2.205065e+01,2.211263e+01,2.206442e+01,2.211263e+01,2.204376e+01,2.196793e+01,2.212641e+01,2.197483e+01,2.209198e+01,2.212641e+01,2.203687e+01,2.201619e+01,2.200930e+01,2.198172e+01,2.202308e+01,2.194035e+01,2.198862e+01,2.196793e+01,2.192655e+01,2.184374e+01,2.198862e+01,2.190586e+01,2.188516e+01,2.200241e+01,2.190586e+01,2.191276e+01,2.188516e+01,2.192655e+01,2.186445e+01,2.191276e+01,2.188516e+01,2.187135e+01,2.179540e+01,2.181612e+01,2.171940e+01,2.175395e+01,2.172631e+01,2.165025e+01,2.167792e+01,2.156721e+01,2.162950e+01,2.171940e+01,2.164334e+01,2.167792e+01,2.158798e+01,2.165717e+01,2.163642e+01,2.170557e+01,2.159490e+01,2.159490e+01,2.156721e+01,2.159490e+01,2.147718e+01,2.140787e+01,2.145639e+01,2.153260e+01,2.136626e+01,2.145639e+01,2.153952e+01,2.155337e+01,2.147025e+01,2.148411e+01,2.155337e+01,2.158106e+01,2.151182e+01,2.151182e+01,2.151875e+01,2.156721e+01,2.145639e+01,2.137320e+01,2.144946e+01,2.144946e+01,2.156721e+01,2.149796e+01,2.148411e+01,2.145639e+01,2.143560e+01,2.155337e+01,2.144946e+01,2.153260e+01,2.149104e+01,2.144946e+01,2.142174e+01,2.155337e+01,2.156029e+01,2.158106e+01,2.158106e+01,2.145639e+01,2.156721e+01,2.157414e+01,2.153260e+01,2.156721e+01,2.160182e+01,2.159490e+01,2.147025e+01,2.153952e+01,2.147718e+01,2.151182e+01,2.144253e+01,2.158106e+01,2.145639e+01,2.148411e+01,2.147025e+01,2.153952e+01,2.157414e+01,2.139400e+01,2.142174e+01,2.131076e+01,2.142174e+01,2.132464e+01,2.134545e+01,2.119966e+01,2.135239e+01,2.140787e+01,2.126911e+01,2.128993e+01,2.128993e+01,2.118576e+01,2.119966e+01,2.124133e+01,2.096316e+01,2.121355e+01,2.105365e+01,2.119271e+01,2.113711e+01,2.107452e+01,2.108148e+01,2.119966e+01,2.100493e+01,2.106061e+01,2.121355e+01,2.092137e+01,2.107452e+01,2.106756e+01,2.115796e+01,2.092833e+01,2.122744e+01,2.122744e+01,2.106756e+01,2.106756e+01,2.119271e+01,2.106756e+01,2.117881e+01,2.106061e+01,2.121355e+01,2.117186e+01,2.108148e+01,2.122050e+01,2.119966e+01,2.111625e+01,2.142174e+01,2.122050e+01,2.127605e+01,2.126217e+01,2.126217e+01,2.122050e+01,2.126911e+01,2.133158e+01,2.115101e+01,2.122744e+01,2.144253e+01,2.115101e+01,2.120660e+01,2.129688e+01,2.138013e+01,2.139400e+01,2.135239e+01,2.138013e+01,2.128993e+01,2.126911e+01,2.135239e+01,2.135933e+01,2.131076e+01,2.133158e+01,2.139400e+01,2.153260e+01,2.142174e+01,2.147718e+01,2.141480e+01,2.134545e+01
2.212641e+01,2.202308e+01,2.209198e+01,2.192655e+01,2.177468e+01,2.166409e+01,2.182303e+01,2.178159e+01,2.180922e+01,2.194035e+01,2.214706e+01,2.190586e+01,2.214017e+01,2.199551e+01,2.193345e+01,2.213329e+01,2.213329e+01,2.213329e+01,2.212641e+01,2.211263e+01,2.228463e+01,2.200241e+01,2.202997e+01,2.202308e+01,2.199551e+01,2.199551e+01,2.188516e+01,2.189206e+01,2.185065e+01,2.183684e+01,2.177468e+01,2.178850e+01,2.182303e+01,2.181612e+01,2.177468e+01,2.177468e+01,2.176086e+01,2.171940e+01,2.171248e+01,2.169175e+01,2.176777e+01,2.174704e+01,2.171248e+01,2.167792e+01,2.160182e+01,2.166409e+01,2.165717e+01,2.178850e+01,2.165717e+01,2.167792e+01,2.168483e+01,2.165717e+01,2.162258e+01,2.162950e+01,2.175395e+01,2.176086e+01,2.178850e+01,2.174704e+01,2.176086e+01,2.178159e+01,2.194725e+01,2.178850e+01,2.196793e+01,2.180231e+01,2.177468e+01,2.182993e+01,2.176086e+01,2.189896e+01,2.176086e+01,2.185065e+01,2.187825e+01,2.180231e+01,2.188516e+01,2.170557e+01,2.177468e+01,2.190586e+01,2.184374e+01,2.196793e+01,2.191276e+01,2.191276e+01,2.191276e+01,2.202308e+01,2.200930e+01,2.189206e+01,2.198172e+01,2.196793e+01,2.188516e+01,2.194725e+01,2.191965e+01,2.194725e+01,2.213329e+01,2.194035e+01,2.193345e+01,2.195414e+01,2.191965e+01,2.188516e+01,2.194035e+01,2.200241e+01,2.199551e+01,2.189896e+01,2.198172e+01,2.196104e+01,2.198172e+01,2.188516e+01,2.191965e+01,2.191276e+01,2.187825e+01,2.149796e+01,2.144253e+01,2.149796e+01,2.147025e+01,2.162258e+01,2.144946e+01,2.143560e+01,2.158106e+01,2.162258e+01,2.153952e+01,2.155337e+01,2.155337e+01,2.163642e+01,2.168483e+01,2.174704e+01,2.169175e+01,2.171248e+01,2.174013e+01,2.165025e+01,2.177468e+01,2.157414e+01,2.165025e+01,2.176086e+01,2.150489e+01,2.165025e+01,2.163642e+01,2.164334e+01,2.165717e+01,2.184374e+01,2.182993e+01,2.186445e+01,2.185065e+01,2.176777e+01,2.181612e+01,2.189896e+01,2.181612e+01,2.190586e+01,2.187825e+01,2.189206e+01,2.174013e+01,2.171248e+01,2.170557e+01,2.156029e+01,2.120660e+01,2.122744e+01,2.121355e+01,2.117186e+01,2.135239e+01,2.135239e+01,2.164334e+01,2.180922e+01,2.186445e+01,2.182303e+01,2.183684e+01,2.182993e+01,2.182993e+01,2.196793e+01,2.194725e+01,2.194035e+01,2.187825e+01,2.194725e+01,2.187825e+01,2.194725e+01,2.189206e+01,2.194725e+01,2.184374e+01,2.194035e+01,2.189206e+01,2.191965e+01,2.182303e+01,2.191965e+01,2.191276e+01,2.202308e+01,2.202997e+01,2.189206e+01,2.209886e+01,2.191276e+01,2.202997e+01,2.193345e+01,2.202308e+01,2.202997e+01,2.202308e+01,2.196793e+01,2.194725e+01,2.200241e+01,2.198172e+01,2.198172e+01,2.196793e+01,2.193345e+01,2.196793e+01,2.202308e+01,2.207131e+01,2.180922e+01,2.211263e+01,2.194035e+01,2.207820e+01,2.204376e+01,2.212641e+01,2.194725e+01,2.200930e+01,2.207131e+01,2.206442e+01,2.198862e+01,2.200241e+01,2.200930e+01,2.217459e+01,2.211263e+01,2.207820e+01,2.203687e+01,2.201619e+01,2.212641e+01,2.202308e+01,2.204376e+01,2.207820e+01,2.204376e+01,2.214706e+01,2.196104e+01,2.207131e+01,2.207131e+01,2.207131e+01,2.209886e+01,2.201619e+01,2.202308e+01,2.203687e+01,2.209198e+01,2.207820e+01,2.208509e+01,2.202308e+01,2.210575e+01,2.211263e+01,2.199551e+01,2.202308e+01,2.198862e+01,2.209198e+01,2.210575e+01,2.209198e+01,2.209198e+01,2.206442e+01,2.212641e+01,2.206442e+01,2.212641e+01,2.201619e+01,2.225026e+01,2.200241e+01,2.209886e+01,2.216082e+01,2.214017e+01,2.214017e+01,2.212641e+01,2.207820e+01,2.212641e+01,2.209198e+01,2.214017e+01,2.211263e+01,2.211263e+01,2.207820e+01,2.213329e+01,2.217459e+01,2.212641e+01,2.207131e+01,2.197483e+01,2.213329e+01,2.202997e+01,2.216771e+01,2.216771e+01,2.212641e+01,2.211952e+01,2.202308e+01,2.205754e+01,2.216082e+01,2.216082e+01,2.218835e+01,2.204376e+01,2.209886e+01,2.205065e+01,2.210575e+01,2.214706e+01,2.216082e+01,2.218147e+01,2.200241e+01,2.216771e+01,2.214017e+01,2.205754e+01,2.198172e+01,2.205065e+01,2.205754e+01,2.205065e+01,2.198862e+01,2.198172e+01,2.200930e+01,2.193345e+01,2.192655e+01,2.192655e+01,2.203687e+01,2.181612e+01,2.183684e+01,2.185755e+01,2.191276e+01,2.178850e+01,2.173322e+01,2.185755e+01,2.180231e+01,2.186445e+01,2.189206e+01,2.189896e+01,2.190586e+01,2.174013e+01,2.182993e+01,2.178850e+01,2.174013e+01,2.173322e+01,2.165717e+01,2.174704e+01,2.162258e+01,2.158106e+01,2.162258e+01,2.166409e+01,2.163642e+01,2.158798e+01,2.168483e+01,2.167792e+01,2.165025e+01,2.174013e+01,2.167100e+01,2.176777e+01,2.169866e+01,2.157414e+01,2.155337e+01,2.165025e+01,2.155337e+01,2.152567e+01,2.131076e+01,2.161566e+01,2.162258e+01,2.178850e+01,2.171248e+01,2.200241e+01,2.194035e+01,2.196793e+01,2.201619e+01,2.185065e+01,2.195414e+01,2.205754e+01,2.194035e+01,2.206442e+01,2.200241e+01,2.201619e+01,2.200930e+01,2.208509e+01,2.198862e+01,2.200930e+01,2.207820e+01,2.187135e+01,2.196104e+01,2.205065e+01,2.200241e+01,2.188516e+01,2.187135e+01,2.198172e+01,2.190586e+01,2.191276e+01,2.194725e+01,2.204376e+01,2.197483e+01,2.199551e+01,2.189206e+01,2.191276e+01,2.200930e+01,2.202308e+01,2.191965e+01,2.185065e+01,2.180231e+01,2.192655e+01,2.193345e+01,2.194725e+01,2.189206e+01,2.173322e+01,2.183684e+01,2.184374e+01,2.190586e+01,2.185065e+01,2.178850e+01,2.186445e+01,2.189896e+01,2.181612e+01,2.187135e+01,2.186445e+01,2.187135e+01,2.174704e+01,2.178850e+01,2.176086e+01,2.174704e+01,2.189206e+01,2.185755e+01,2.184374e+01,2.182993e+01,2.176086e+01,2.186445e+01,2.185065e+01,2.178159e+01,2.158798e+01,2.171248e+01,2.176777e+01,2.174704e+01,2.171248e+01,2.161566e+01,2.164334e+01,2.169866e+01,2.159490e+01,2.164334e+01,2.162950e+01,2.164334e+01,2.166409e+01,2.172631e+01,2.164334e+01,2.167100e+01,2.182993e+01,2.180231e+01,2.169175e+01,2.155337e+01,2.172631e+01,2.179540e+01,2.180231e+01,2.193345e+01,2.191965e+01,2.196104e+01,2.188516e+01,2.196104e+01,2.187135e+01,2.191276e+01,2.190586e+01,2.194035e+01,2.192655e+01,2.193345e+01,2.205065e+01,2.209198e+01,2.205754e+01,2.209198e+01,2.200241e+01,2.208509e+01,2.204376e+01,2.199551e+01,2.210575e+01,2.201619e+01,2.194725e+01,2.202308e+01,2.214706e+01,2.198172e+01,2.200930e+01,2.195414e+01,2.194035e+01,2.192655e+01,2.196104e+01,2.172631e+01,2.208509e+01,2.193345e+01,2.211263e+01,2.219523e+01,2.201619e+01,2.196104e+01,2.199551e+01,2.200930e+01,2.200930e+01,2.202997e+01,2.204376e+01,2.200930e+01,2.205065e+01,2.203687e+01,2.207820e+01,2.205065e+01,2.187825e+01,2.194035e+01,2.199551e+01,2.197483e+01,2.191276e+01,2.190586e+01,2.193345e+01,2.192655e+01,2.191276e+01,2.186445e+01,2.186445e+01,2.189896e+01,2.176086e+01,2.199551e+01,2.165717e+01,2.163642e+01,2.180231e+01,2.175395e+01,2.170557e+01,2.176777e+01,2.169175e+01,2.159490e+01,2.169866e+01,2.158106e+01,2.168483e+01,2.170557e+01,2.167792e+01,2.167792e+01,2.153260e+01,2.164334e+01,2.156721e+01,2.167792e+01,2.153952e+01,2.161566e+01,2.140787e+01,2.151875e+01,2.150489e+01,2.150489e+01,2.149796e+01,2.149104e+01,2.148411e+01,2.144946e+01,2.153952e+01,2.151182e+01,2.154645e+01,2.151875e+01,2.142867e+01,2.143560e+01,2.153260e+01,2.161566e+01,2.157414e+01,2.156721e+01,2.138707e+01,2.153952e+01,2.152567e+01,2.155337e+01,2.151182e+01,2.156721e+01,2.151182e+01,2.149104e+01,2.140094e+01,2.156721e+01,2.151875e+01,2.144946e+01,2.147718e+01,2.149104e+01,2.156029e+01,2.156721e+01,2.145639e+01,2.157414e+01,2.160182e+01,2.142867e+01,2.159490e+01,2.153260e+01,2.153260e+01,2.144946e+01,2.156029e+01,2.142867e+01,2.147718e+01,2.148411e+01,2.166409e+01,2.152567e+01,2.152567e+01,2.152567e+01,2.145639e+01,2.153952e+01,2.143560e+01,2.158798e+01,2.143560e+01,2.147718e+01,2.147025e+01,2.153952e+01,2.149796e+01,2.138707e+01,2.138707e+01,2.144253e+01,2.149104e+01,2.126217e+01,2.135239e+01,2.133851e+01,2.130382e+01,2.117186e+01,2.131076e+01,2.125522e+01,2.128993e+01,2.119271e+01,2.135933e+01,2.107452e+01,2.116491e+01,2.107452e+01,2.109539e+01,2.105365e+01,2.122744e+01,2.115101e+01,2.110929e+01,2.100493e+01,2.106756e+01,2.115101e+01,2.106061e+01,2.104669e+01,2.115796e+01,2.106061e+01,2.117881e+01,2.105365e+01,2.144253e+01,2.122050e+01,2.119271e+01,2.128993e+01,2.133158e+01,2.119966e+01,2.119966e+01,2.112320e+01,2.117881e+01,2.140787e+01,2.101885e+01,2.123439e+01,2.109539e+01,2.138707e+01,2.125522e+01,2.132464e+01,2.124828e+01,2.132464e+01,2.115101e+01,2.113015e+01,2.135933e+01,2.110929e+01,2.137320e+01,2.139400e+01,2.138707e+01,2.143560e+01,2.147718e+01,2.136626e+01,2.144946e+01,2.135933e+01,2.127605e+01,2.128299e+01,2.132464e+01,2.140094e+01,2.135239e+01,2.140787e+01,2.146332e+01,2.136626e+01,2.135933e+01
2.211952e+01,2.210575e+01,2.176777e+01,2.207131e+01,2.182303e+01,2.180231e+01,2.176777e+01,2.209886e+01,2.190586e+01,2.184374e+01,2.207131e+01,2.197483e+01,2.203687e+01,2.204376e+01,2.209198e+01,2.211952e+01,2.209198e+01,2.203687e+01,2.203687e+01,2.197483e+01,2.206442e+01,2.229151e+01,2.185755e+01,2.198172e+01,2.196793e+01,2.196793e+01,2.174704e+01,2.195414e+01,2.192655e+01,2.177468e+01,2.176086e+01,2.172631e+01,2.176086e+01,2.191276e+01,2.178159e+01,2.178159e+01,2.176777e+01,2.169866e+01,2.171248e+01,2.164334e+01,2.174704e+01,2.172631e+01,2.167100e+01,2.170557e+01,2.171940e+01,2.167100e+01,2.177468e+01,2.180922e+01,2.167100e+01,2.170557e+01,2.165717e+01,2.170557e+01,2.171248e+01,2.170557e+01,2.169866e+01,2.178159e+01,2.167792e+01,2.171248e+01,2.182303e+01,2.169866e+01,2.182993e+01,2.201619e+01,2.182303e+01,2.195414e+01,2.183684e+01,2.185065e+01,2.185065e+01,2.187825e+01,2.184374e+01,2.177468e+01,2.189206e+01,2.193345e+01,2.186445e+01,2.190586e+01,2.193345e+01,2.195414e+01,2.188516e+01,2.188516e+01,2.193345e+01,2.206442e+01,2.187825e+01,2.188516e+01,2.200241e+01,2.202997e+01,2.196104e+01,2.198862e+01,2.217459e+01,2.190586e+01,2.195414e+01,2.194035e+01,2.194035e+01,2.202308e+01,2.197483e+01,2.202997e+01,2.196104e+01,2.197483e+01,2.200930e+01,2.207820e+01,2.200930e+01,2.187135e+01,2.202997e+01,2.191965e+01,2.196104e+01,2.180922e+01,2.192655e+01,2.196793e+01,2.187825e+01,2.150489e+01,2.140787e+01,2.153260e+01,2.138707e+01,2.146332e+01,2.149796e+01,2.158798e+01,2.153952e+01,2.159490e+01,2.156029e+01,2.160874e+01,2.171248e+01,2.158798e+01,2.171940e+01,2.164334e+01,2.170557e+01,2.172631e+01,2.160874e+01,2.173322e+01,2.151182e+01,2.159490e+01,2.153260e+01,2.174704e+01,2.168483e+01,2.162950e+01,2.149796e+01,2.160874e+01,2.162258e+01,2.167792e+01,2.189206e+01,2.189206e+01,2.169175e+01,2.183684e+01,2.170557e+01,2.182303e+01,2.188516e+01,2.189206e+01,2.178159e+01,2.176086e+01,2.174704e+01,2.185755e+01,2.167792e+01,2.167792e+01,2.120660e+01,2.119271e+01,2.119271e+01,2.106756e+01,2.131076e+01,2.133158e+01,2.164334e+01,2.190586e+01,2.187825e+01,2.187135e+01,2.189206e+01,2.184374e+01,2.182303e+01,2.188516e+01,2.191276e+01,2.191965e+01,2.187825e+01,2.192655e+01,2.186445e+01,2.186445e+01,2.188516e+01,2.195414e+01,2.192655e+01,2.196793e+01,2.197483e+01,2.196104e+01,2.205065e+01,2.200241e+01,2.200241e+01,2.192655e+01,2.192655e+01,2.202308e+01,2.208509e+01,2.204376e+01,2.192655e+01,2.191965e+01,2.191276e+01,2.196104e+01,2.194725e+01,2.195414e+01,2.201619e+01,2.196793e+01,2.198172e+01,2.198172e+01,2.196793e+01,2.203687e+01,2.194035e+01,2.205754e+01,2.200930e+01,2.198862e+01,2.200930e+01,2.200930e+01,2.199551e+01,2.186445e+01,2.204376e+01,2.202308e+01,2.198862e+01,2.198862e+01,2.207820e+01,2.202308e+01,2.191276e+01,2.198862e+01,2.199551e+01,2.207820e+01,2.204376e+01,2.211263e+01,2.207820e+01,2.199551e+01,2.206442e+01,2.209198e+01,2.205754e+01,2.205065e+01,2.202308e+01,2.199551e+01,2.210575e+01,2.212641e+01,2.214017e+01,2.205065e+01,2.204376e+01,2.202997e+01,2.195414e+01,2.195414e+01,2.205754e+01,2.207820e+01,2.205754e+01,2.209198e+01,2.204376e+01,2.205065e+01,2.218835e+01,2.203687e+01,2.194725e+01,2.208509e+01,2.205754e+01,2.209886e+01,2.207820e+01,2.202308e+01,2.204376e+01,2.202308e+01,2.213329e+01,2.211952e+01,2.216082e+01,2.205754e+01,2.218147e+01,2.210575e+01,2.211952e+01,2.207131e+01,2.211952e+01,2.207131e+01,2.209886e+01,2.202308e+01,2.211263e+01,2.209886e+01,2.219523e+01,2.214706e+01,2.214706e+01,2.217459e+01,2.198862e+01,2.200930e+01,2.216082e+01,2.200930e+01,2.213329e+01,2.215394e+01,2.207820e+01,2.202308e+01,2.200241e+01,2.200930e+01,2.215394e+01,2.202997e+01,2.218147e+01,2.196793e+01,2.204376e+01,2.205754e+01,2.209886e+01,2.218835e+01,2.201619e+01,2.210575e+01,2.202997e+01,2.216082e+01,2.200241e+01,2.209198e+01,2.203687e+01,2.205065e+01,2.206442e+01,2.206442e+01,2.201619e+01,2.195414e+01,2.194035e+01,2.194035e+01,2.191965e+01,2.195414e+01,2.194725e+01,2.181612e+01,2.182993e+01,2.190586e+01,2.185755e+01,2.169866e+01,2.181612e+01,2.179540e+01,2.180231e+01,2.193345e+01,2.187825e+01,2.193345e+01,2.180231e+01,2.185065e+01,2.178850e+01,2.173322e+01,2.182303e+01,2.175395e+01,2.176777e+01,2.165025e+01,2.162950e+01,2.168483e+01,2.168483e+01,2.172631e+01,2.165025e+01,2.165025e+01,2.164334e+01,2.168483e+01,2.174013e+01,2.173322e+01,2.169866e+01,2.169866e+01,2.171248e+01,2.168483e+01,2.150489e+01,2.153260e+01,2.154645e+01,2.152567e+01,2.152567e+01,2.159490e+01,2.155337e+01,2.154645e+01,2.167792e+01,2.176086e+01,2.179540e+01,2.194725e+01,2.192655e+01,2.205754e+01,2.207131e+01,2.203687e+01,2.204376e+01,2.187135e+01,2.205754e+01,2.201619e+01,2.200241e+01,2.190586e+01,2.198862e+01,2.191276e+01,2.207131e+01,2.183684e+01,2.204376e+01,2.189206e+01,2.188516e+01,2.193345e+01,2.196793e+01,2.186445e+01,2.188516e+01,2.198172e+01,2.191965e+01,2.194725e+01,2.197483e+01,2.190586e+01,2.193345e+01,2.195414e+01,2.189896e+01,2.200930e+01,2.187825e+01,2.180922e+01,2.193345e+01,2.193345e+01,2.206442e+01,2.194725e+01,2.182303e+01,2.191276e+01,2.183684e+01,2.194725e+01,2.184374e+01,2.186445e+01,2.189206e+01,2.189206e+01,2.186445e+01,2.189206e+01,2.187135e+01,2.178850e+01,2.182303e+01,2.174704e+01,2.176086e+01,2.176777e+01,2.175395e+01,2.185755e+01,2.182993e+01,2.190586e+01,2.183684e+01,2.187135e+01,2.185065e+01,2.170557e+01,2.184374e+01,2.172631e+01,2.185065e+01,2.173322e+01,2.162258e+01,2.170557e+01,2.160874e+01,2.169175e+01,2.173322e+01,2.171940e+01,2.160874e+01,2.174013e+01,2.171940e+01,2.169866e+01,2.172631e+01,2.176086e+01,2.162258e+01,2.178159e+01,2.171940e+01,2.174013e+01,2.171248e+01,2.183684e+01,2.178159e+01,2.194035e+01,2.193345e+01,2.185065e+01,2.188516e+01,2.189896e+01,2.182303e+01,2.196793e+01,2.203687e+01,2.208509e+01,2.191276e+01,2.205065e+01,2.195414e+01,2.210575e+01,2.207131e+01,2.194725e+01,2.213329e+01,2.211952e+01,2.202308e+01,2.203687e+01,2.205754e+01,2.214017e+01,2.211952e+01,2.198172e+01,2.199551e+01,2.198862e+01,2.207131e+01,2.206442e+01,2.199551e+01,2.193345e+01,2.209198e+01,2.192655e+01,2.209198e+01,2.191965e+01,2.213329e+01,2.206442e+01,2.198172e+01,2.198862e+01,2.195414e+01,2.207131e+01,2.202997e+01,2.204376e+01,2.202308e+01,2.198172e+01,2.200930e+01,2.209886e+01,2.197483e+01,2.206442e+01,2.204376e+01,2.205065e+01,2.200930e+01,2.200930e+01,2.185065e+01,2.189896e+01,2.195414e+01,2.189896e+01,2.192655e+01,2.196793e+01,2.190586e+01,2.190586e+01,2.180231e+01,2.185065e+01,2.174013e+01,2.189896e+01,2.162950e+01,2.173322e+01,2.181612e+01,2.178159e+01,2.172631e+01,2.167100e+01,2.176086e+01,2.170557e+01,2.153260e+01,2.167792e+01,2.165025e+01,2.167792e+01,2.158106e+01,2.165717e+01,2.155337e+01,2.155337e+01,2.156721e+01,2.171248e+01,2.153952e+01,2.162950e+01,2.157414e+01,2.144946e+01,2.153952e+01,2.139400e+01,2.147718e+01,2.149796e+01,2.148411e+01,2.149796e+01,2.149796e+01,2.169866e+01,2.140787e+01,2.147718e+01,2.142867e+01,2.154645e+01,2.153952e+01,2.153260e+01,2.144253e+01,2.141480e+01,2.141480e+01,2.158798e+01,2.156721e+01,2.146332e+01,2.156721e+01,2.147025e+01,2.154645e+01,2.140787e+01,2.158106e+01,2.140787e+01,2.147718e+01,2.151182e+01,2.158798e+01,2.155337e+01,2.155337e+01,2.142174e+01,2.157414e+01,2.167100e+01,2.159490e+01,2.153260e+01,2.151875e+01,2.146332e+01,2.160874e+01,2.147025e+01,2.146332e+01,2.151182e+01,2.148411e+01,2.147718e+01,2.147025e+01,2.156029e+01,2.161566e+01,2.152567e+01,2.144253e+01,2.144253e+01,2.136626e+01,2.159490e+01,2.152567e+01,2.146332e+01,2.154645e+01,2.142174e+01,2.142174e+01,2.143560e+01,2.135239e+01,2.130382e+01,2.137320e+01,2.124133e+01,2.128299e+01,2.122744e+01,2.132464e+01,2.124828e+01,2.113711e+01,2.123439e+01,2.116491e+01,2.116491e+01,2.120660e+01,2.128299e+01,2.104669e+01,2.124133e+01,2.124133e+01,2.092833e+01,2.117881e+01,2.116491e+01,2.117186e+01,2.117186e+01,2.101885e+01,2.122744e+01,2.111625e+01,2.115796e+01,2.117881e+01,2.115101e+01,2.115796e+01,2.119966e+01,2.099101e+01,2.113015e+01,2.123439e+01,2.118576e+01,2.127605e+01,2.120660e+01,2.119966e+01,2.120660e+01,2.125522e+01,2.124828e+01,2.135239e+01,2.134545e+01,2.126217e+01,2.119966e+01,2.122050e+01,2.122744e+01,2.119271e+01,2.131076e+01,2.131770e+01,2.126911e+01,2.108148e+01,2.130382e+01,2.124828e+01,2.142867e+01,2.137320e+01,2.122050e+01,2.141480e+01,2.142174e+01,2.142867e+01,2.124133e+01,2.124828e+01,2.143560e+01,2.151182e+01,2.140787e+01,2.143560e+01,2.144253e+01,2.147718e+01,2.144946e+01
2.198172e+01,2.212641e+01,2.196793e+01,2.209198e+01,2.185755e+01,2.188516e+01,2.189206e+01,2.187135e+01,2.202308e+01,2.207820e+01,2.193345e+01,2.194725e+01,2.195414e+01,2.200241e+01,2.199551e+01,2.198172e+01,2.218835e+01,2.213329e+01,2.202997e+01,2.208509e+01,2.205754e+01,2.202997e+01,2.190586e+01,2.196104e+01,2.192655e+01,2.189206e+01,2.176777e+01,2.173322e+01,2.182303e+01,2.174013e+01,2.177468e+01,2.185755e+01,2.180231e+01,2.175395e+01,2.171940e+01,2.178159e+01,2.177468e+01,2.169866e+01,2.176777e+01,2.174013e+01,2.176086e+01,2.165717e+01,2.168483e+01,2.162258e+01,2.169175e+01,2.160182e+01,2.168483e+01,2.185755e+01,2.183684e+01,2.176086e+01,2.165717e+01,2.174704e+01,2.169866e+01,2.171248e+01,2.179540e+01,2.174704e+01,2.174013e+01,2.182303e+01,2.174704e+01,2.177468e+01,2.176086e+01,2.187825e+01,2.172631e+01,2.177468e+01,2.177468e+01,2.178159e+01,2.180231e+01,2.187825e+01,2.190586e+01,2.182993e+01,2.182993e+01,2.189896e+01,2.169175e+01,2.191965e+01,2.191276e+01,2.187135e+01,2.191276e+01,2.191276e+01,2.198862e+01,2.189896e+01,2.204376e+01,2.192655e+01,2.187825e+01,2.182993e+01,2.202308e+01,2.200241e+01,2.189896e+01,2.208509e+01,2.207131e+01,2.204376e+01,2.196104e+01,2.202308e+01,2.200241e+01,2.204376e+01,2.202997e+01,2.209886e+01,2.211952e+01,2.199551e+01,2.202997e+01,2.184374e+01,2.200241e+01,2.185755e+01,2.187135e+01,2.191965e+01,2.199551e+01,2.182303e+01,2.182993e+01,2.140094e+01,2.139400e+01,2.144946e+01,2.149796e+01,2.146332e+01,2.162258e+01,2.151875e+01,2.162950e+01,2.157414e+01,2.169175e+01,2.157414e+01,2.158798e+01,2.158798e+01,2.170557e+01,2.156029e+01,2.153260e+01,2.150489e+01,2.162950e+01,2.150489e+01,2.170557e+01,2.171940e+01,2.155337e+01,2.162258e+01,2.140787e+01,2.160874e+01,2.137320e+01,2.162950e+01,2.173322e+01,2.162950e+01,2.180922e+01,2.189206e+01,2.169866e+01,2.184374e+01,2.187135e+01,2.182303e+01,2.194725e+01,2.187825e+01,2.179540e+01,2.172631e+01,2.151182e+01,2.169175e+01,2.168483e+01,2.131076e+01,2.128299e+01,2.120660e+01,2.119966e+01,2.120660e+01,2.133158e+01,2.125522e+01,2.136626e+01,2.164334e+01,2.186445e+01,2.185755e+01,2.185065e+01,2.184374e+01,2.183684e+01,2.189896e+01,2.186445e+01,2.193345e+01,2.194725e+01,2.198172e+01,2.186445e+01,2.187135e+01,2.195414e+01,2.187825e+01,2.200930e+01,2.205065e+01,2.193345e+01,2.207820e+01,2.198172e+01,2.188516e+01,2.202997e+01,2.194035e+01,2.194725e+01,2.198172e+01,2.198172e+01,2.203687e+01,2.194725e+01,2.198172e+01,2.193345e+01,2.198172e+01,2.192655e+01,2.196793e+01,2.207131e+01,2.205754e+01,2.198862e+01,2.195414e+01,2.197483e+01,2.194725e+01,2.211263e+01,2.213329e+01,2.200930e+01,2.202308e+01,2.199551e+01,2.194035e+01,2.209198e+01,2.199551e+01,2.200241e+01,2.200241e+01,2.209198e+01,2.203687e+01,2.200241e+01,2.206442e+01,2.196793e+01,2.199551e+01,2.205065e+01,2.207131e+01,2.201619e+01,2.200930e+01,2.197483e+01,2.209198e+01,2.199551e+01,2.210575e+01,2.199551e+01,2.201619e+01,2.204376e+01,2.207131e+01,2.206442e+01,2.207820e+01,2.210575e+01,2.209886e+01,2.198862e+01,2.205065e+01,2.193345e+01,2.208509e+01,2.207820e+01,2.206442e+01,2.196793e+01,2.207820e+01,2.214706e+01,2.196793e+01,2.202308e+01,2.216082e+01,2.215394e+01,2.193345e+01,2.200930e+01,2.207820e+01,2.205754e+01,2.205754e+01,2.199551e+01,2.212641e+01,2.205065e+01,2.208509e+01,2.214706e+01,2.198862e+01,2.217459e+01,2.209886e+01,2.213329e+01,2.214706e+01,2.209198e+01,2.210575e+01,2.210575e+01,2.216082e+01,2.209886e+01,2.196793e+01,2.206442e+01,2.208509e+01,2.199551e+01,2.207820e+01,2.217459e+01,2.203687e+01,2.215394e+01,2.214017e+01,2.212641e+01,2.215394e+01,2.200930e+01,2.203687e+01,2.208509e+01,2.211263e+01,2.201619e+01,2.200930e+01,2.198862e+01,2.204376e+01,2.203687e+01,2.208509e+01,2.198172e+01,2.195414e+01,2.207131e+01,2.198862e+01,2.199551e+01,2.212641e+01,2.201619e+01,2.208509e+01,2.209886e+01,2.202997e+01,2.205065e+01,2.207131e+01,2.202997e+01,2.202997e+01,2.201619e+01,2.191965e+01,2.188516e+01,2.192655e+01,2.200241e+01,2.182303e+01,2.182303e+01,2.189206e+01,2.189896e+01,2.181612e+01,2.189896e+01,2.185065e+01,2.182993e+01,2.176777e+01,2.174704e+01,2.174013e+01,2.170557e+01,2.167792e+01,2.185065e+01,2.171248e+01,2.182303e+01,2.171940e+01,2.175395e+01,2.167100e+01,2.165717e+01,2.165717e+01,2.175395e+01,2.159490e+01,2.165717e+01,2.168483e+01,2.167792e+01,2.164334e+01,2.159490e+01,2.171248e+01,2.164334e+01,2.168483e+01,2.180231e+01,2.170557e+01,2.164334e+01,2.163642e+01,2.166409e+01,2.155337e+01,2.151875e+01,2.147718e+01,2.151875e+01,2.148411e+01,2.167792e+01,2.171940e+01,2.180922e+01,2.196104e+01,2.188516e+01,2.192655e+01,2.195414e+01,2.206442e+01,2.207820e+01,2.201619e+01,2.202997e+01,2.202997e+01,2.198172e+01,2.202997e+01,2.207820e+01,2.188516e+01,2.206442e+01,2.202308e+01,2.203687e+01,2.196104e+01,2.191965e+01,2.197483e+01,2.196793e+01,2.194725e+01,2.187825e+01,2.194725e+01,2.190586e+01,2.189206e+01,2.190586e+01,2.195414e+01,2.192655e+01,2.192655e+01,2.190586e+01,2.184374e+01,2.194035e+01,2.183684e+01,2.185755e+01,2.194725e+01,2.187135e+01,2.187135e+01,2.189206e+01,2.192655e+01,2.200241e+01,2.185065e+01,2.182993e+01,2.180922e+01,2.176086e+01,2.187135e+01,2.205065e+01,2.184374e+01,2.190586e+01,2.186445e+01,2.187135e+01,2.187825e+01,2.183684e+01,2.186445e+01,2.187825e+01,2.186445e+01,2.188516e+01,2.178850e+01,2.178159e+01,2.175395e+01,2.182303e+01,2.170557e+01,2.179540e+01,2.171940e+01,2.182993e+01,2.171248e+01,2.178850e+01,2.176777e+01,2.169866e+01,2.159490e+01,2.166409e+01,2.173322e+01,2.166409e+01,2.176777e+01,2.166409e+01,2.171940e+01,2.175395e+01,2.170557e+01,2.174013e+01,2.171248e+01,2.174013e+01,2.167792e+01,2.174013e+01,2.171248e+01,2.177468e+01,2.183684e+01,2.182993e+01,2.182993e+01,2.183684e+01,2.192655e+01,2.187135e+01,2.194725e+01,2.203687e+01,2.189896e+01,2.201619e+01,2.200930e+01,2.199551e+01,2.202308e+01,2.199551e+01,2.204376e+01,2.196793e+01,2.206442e+01,2.206442e+01,2.218835e+01,2.200930e+01,2.195414e+01,2.205754e+01,2.208509e+01,2.205065e+01,2.205754e+01,2.197483e+01,2.202997e+01,2.198862e+01,2.201619e+01,2.208509e+01,2.198172e+01,2.192655e+01,2.194035e+01,2.209886e+01,2.190586e+01,2.184374e+01,2.201619e+01,2.189896e+01,2.204376e+01,2.203687e+01,2.197483e+01,2.200930e+01,2.196793e+01,2.196793e+01,2.196104e+01,2.175395e+01,2.198172e+01,2.198172e+01,2.185755e+01,2.191965e+01,2.198172e+01,2.194725e+01,2.192655e+01,2.185755e+01,2.190586e+01,2.189896e+01,2.189896e+01,2.186445e+01,2.186445e+01,2.178159e+01,2.193345e+01,2.176086e+01,2.175395e+01,2.201619e+01,2.180231e+01,2.181612e+01,2.169866e+01,2.169175e+01,2.171248e+01,2.174013e+01,2.165025e+01,2.166409e+01,2.155337e+01,2.154645e+01,2.164334e+01,2.153952e+01,2.153952e+01,2.154645e+01,2.154645e+01,2.153260e+01,2.156721e+01,2.153260e+01,2.151182e+01,2.153952e+01,2.153260e+01,2.157414e+01,2.160874e+01,2.156029e+01,2.159490e+01,2.149796e+01,2.150489e+01,2.149796e+01,2.148411e+01,2.176086e+01,2.146332e+01,2.161566e+01,2.157414e+01,2.149104e+01,2.155337e+01,2.154645e+01,2.154645e+01,2.151182e+01,2.151875e+01,2.153260e+01,2.158798e+01,2.155337e+01,2.159490e+01,2.142867e+01,2.156721e+01,2.158106e+01,2.144946e+01,2.165025e+01,2.156721e+01,2.158106e+01,2.147718e+01,2.160182e+01,2.153952e+01,2.153952e+01,2.151182e+01,2.153952e+01,2.162950e+01,2.162258e+01,2.159490e+01,2.158106e+01,2.138013e+01,2.158106e+01,2.156029e+01,2.149104e+01,2.151182e+01,2.151875e+01,2.147718e+01,2.151182e+01,2.144253e+01,2.146332e+01,2.154645e+01,2.158798e+01,2.158106e+01,2.135933e+01,2.149104e+01,2.153952e+01,2.150489e+01,2.156029e+01,2.153952e+01,2.137320e+01,2.143560e+01,2.142174e+01,2.119271e+01,2.132464e+01,2.131076e+01,2.131770e+01,2.122050e+01,2.130382e+01,2.129688e+01,2.132464e+01,2.118576e+01,2.138707e+01,2.119271e+01,2.126911e+01,2.127605e+01,2.123439e+01,2.117881e+01,2.117881e+01,2.106756e+01,2.090047e+01,2.110234e+01,2.123439e+01,2.113015e+01,2.112320e+01,2.119271e+01,2.120660e+01,2.117186e+01,2.116491e+01,2.119966e+01,2.099797e+01,2.116491e+01,2.120660e+01,2.115796e+01,2.117881e+01,2.120660e+01,2.120660e+01,2.122050e+01,2.120660e+01,2.121355e+01,2.117881e+01,2.119271e+01,2.107452e+01,2.131770e+01,2.133851e+01,2.129688e+01,2.120660e+01,2.137320e+01,2.131076e+01,2.131076e+01,2.137320e+01,2.146332e+01,2.140094e+01,2.133158e+01,2.146332e+01,2.137320e+01,2.147025e+01,2.135933e+01,2.142174e+01,2.143560e+01,2.148411e+01,2.142867e+01,2.142867e+01,2.143560e+01,2.149104e+01,2.153952e+01,2.148411e+01,2.137320e+01
2.197483e+01,2.219523e+01,2.195414e+01,2.200241e+01,2.202308e+01,2.216082e+01,2.207820e+01,2.193345e+01,2.212641e+01,2.209886e+01,2.200930e+01,2.209198e+01,2.206442e+01,2.211952e+01,2.197483e+01,2.197483e+01,2.198172e+01,2.213329e+01,2.203687e+01,2.198172e+01,2.200930e+01,2.180231e+01,2.191276e+01,2.190586e+01,2.188516e+01,2.187825e+01,2.181612e+01,2.174013e+01,2.196104e+01,2.180231e+01,2.183684e+01,2.184374e+01,2.172631e+01,2.170557e+01,2.173322e+01,2.181612e+01,2.178159e+01,2.181612e+01,2.178850e+01,2.174013e+01,2.175395e+01,2.169866e+01,2.169866e+01,2.166409e+01,2.168483e+01,2.167792e+01,2.171248e+01,2.173322e+01,2.177468e+01,2.176777e+01,2.172631e+01,2.172631e+01,2.169866e+01,2.155337e+01,2.173322e+01,2.174704e+01,2.171248e+01,2.180922e+01,2.185755e+01,2.180922e+01,2.187825e+01,2.197483e+01,2.204376e+01,2.179540e+01,2.185755e+01,2.175395e+01,2.160874e+01,2.208509e+01,2.185065e+01,2.187825e+01,2.176777e+01,2.189896e+01,2.187825e+01,2.184374e+01,2.196104e+01,2.189896e+01,2.196104e+01,2.198862e+01,2.189206e+01,2.190586e+01,2.196104e+01,2.202997e+01,2.198172e+01,2.198172e+01,2.189206e+01,2.194725e+01,2.189896e+01,2.210575e+01,2.207131e+01,2.189896e+01,2.194035e+01,2.191965e+01,2.205065e+01,2.205754e+01,2.193345e+01,2.202308e+01,2.194725e+01,2.199551e+01,2.185755e+01,2.192655e+01,2.186445e+01,2.193345e+01,2.197483e+01,2.180231e+01,2.199551e+01,2.198862e+01,2.196793e+01,2.143560e+01,2.143560e+01,2.144253e+01,2.144253e+01,2.151875e+01,2.150489e+01,2.150489e+01,2.159490e+01,2.151875e+01,2.156029e+01,2.160182e+01,2.152567e+01,2.168483e+01,2.164334e+01,2.159490e+01,2.155337e+01,2.154645e+01,2.170557e+01,2.158798e+01,2.159490e+01,2.152567e+01,2.151182e+01,2.168483e+01,2.150489e+01,2.161566e+01,2.138013e+01,2.149104e+01,2.163642e+01,2.158106e+01,2.183684e+01,2.182303e+01,2.185755e+01,2.190586e+01,2.185065e+01,2.190586e+01,2.187135e+01,2.187135e+01,2.181612e+01,2.167792e+01,2.171248e+01,2.169866e+01,2.160874e+01,2.122744e+01,2.120660e+01,2.116491e+01,2.110929e+01,2.118576e+01,2.117881e+01,2.119966e+01,2.122744e+01,2.135933e+01,2.182993e+01,2.186445e+01,2.183684e+01,2.181612e+01,2.188516e+01,2.183684e+01,2.189206e+01,2.191276e+01,2.194035e+01,2.196793e+01,2.196793e+01,2.188516e+01,2.194725e+01,2.202997e+01,2.196104e+01,2.193345e+01,2.194035e+01,2.201619e+01,2.207820e+01,2.207131e+01,2.190586e+01,2.197483e+01,2.192655e+01,2.196104e+01,2.195414e+01,2.196793e+01,2.193345e+01,2.195414e+01,2.207131e+01,2.196104e+01,2.194035e+01,2.198862e+01,2.194725e+01,2.207820e+01,2.182303e+01,2.207820e+01,2.188516e+01,2.198862e+01,2.194725e+01,2.197483e+01,2.201619e+01,2.198172e+01,2.200241e+01,2.210575e+01,2.198172e+01,2.190586e+01,2.214017e+01,2.211263e+01,2.206442e+01,2.200930e+01,2.201619e+01,2.198172e+01,2.207131e+01,2.197483e+01,2.202997e+01,2.194035e+01,2.222275e+01,2.204376e+01,2.207131e+01,2.182303e+01,2.202997e+01,2.195414e+01,2.205754e+01,2.201619e+01,2.206442e+01,2.196793e+01,2.206442e+01,2.207131e+01,2.207820e+01,2.206442e+01,2.210575e+01,2.203687e+01,2.201619e+01,2.203687e+01,2.195414e+01,2.206442e+01,2.191276e+01,2.196104e+01,2.206442e+01,2.200241e+01,2.206442e+01,2.203687e+01,2.202997e+01,2.205754e+01,2.195414e+01,2.201619e+01,2.202997e+01,2.215394e+01,2.206442e+01,2.202997e+01,2.210575e+01,2.211263e+01,2.192655e+01,2.198862e+01,2.207131e+01,2.189896e+01,2.205065e+01,2.214706e+01,2.211263e+01,2.209198e+01,2.211263e+01,2.204376e+01,2.220211e+01,2.199551e+01,2.200930e+01,2.206442e+01,2.205065e+01,2.190586e+01,2.214017e+01,2.202308e+01,2.200930e+01,2.203687e+01,2.215394e+01,2.201619e+01,2.204376e+01,2.202308e+01,2.198862e+01,2.199551e+01,2.199551e+01,2.202308e+01,2.196104e+01,2.200241e+01,2.202997e+01,2.206442e+01,2.209198e+01,2.207131e+01,2.199551e+01,2.201619e+01,2.211263e+01,2.202997e+01,2.211263e+01,2.199551e+01,2.199551e+01,2.207820e+01,2.204376e+01,2.193345e+01,2.202997e+01,2.190586e+01,2.198172e+01,2.196104e+01,2.195414e+01,2.189896e+01,2.191276e+01,2.181612e+01,2.188516e+01,2.186445e+01,2.182993e+01,2.184374e+01,2.184374e+01,2.182303e+01,2.184374e+01,2.187825e+01,2.177468e+01,2.182303e+01,2.180231e+01,2.177468e+01,2.176086e+01,2.171940e+01,2.166409e+01,2.172631e+01,2.177468e+01,2.162950e+01,2.165717e+01,2.161566e+01,2.169866e+01,2.170557e+01,2.171248e+01,2.176777e+01,2.168483e+01,2.166409e+01,2.167792e+01,2.180231e+01,2.174013e+01,2.170557e+01,2.170557e+01,2.163642e+01,2.162950e+01,2.161566e+01,2.157414e+01,2.157414e+01,2.148411e+01,2.154645e+01,2.159490e+01,2.152567e+01,2.149796e+01,2.151182e+01,2.151875e+01,2.176086e+01,2.191965e+01,2.187135e+01,2.198862e+01,2.210575e+01,2.201619e+01,2.200241e+01,2.197483e+01,2.199551e+01,2.198862e+01,2.209198e+01,2.187135e+01,2.198172e+01,2.203687e+01,2.190586e+01,2.196793e+01,2.200930e+01,2.200241e+01,2.197483e+01,2.211263e+01,2.175395e+01,2.206442e+01,2.194725e+01,2.175395e+01,2.198172e+01,2.193345e+01,2.196793e+01,2.186445e+01,2.188516e+01,2.192655e+01,2.197483e+01,2.198862e+01,2.185755e+01,2.195414e+01,2.197483e+01,2.194035e+01,2.182993e+01,2.186445e+01,2.200241e+01,2.187825e+01,2.189896e+01,2.192655e+01,2.189206e+01,2.176086e+01,2.185065e+01,2.196104e+01,2.183684e+01,2.189896e+01,2.187825e+01,2.186445e+01,2.180922e+01,2.172631e+01,2.186445e+01,2.187825e+01,2.188516e+01,2.189206e+01,2.188516e+01,2.185065e+01,2.174704e+01,2.168483e+01,2.171248e+01,2.186445e+01,2.172631e+01,2.158106e+01,2.176777e+01,2.169866e+01,2.174704e+01,2.173322e+01,2.168483e+01,2.168483e+01,2.169866e+01,2.165717e+01,2.168483e+01,2.172631e+01,2.167792e+01,2.175395e+01,2.170557e+01,2.168483e+01,2.180922e+01,2.168483e+01,2.168483e+01,2.171940e+01,2.171248e+01,2.179540e+01,2.186445e+01,2.176086e+01,2.190586e+01,2.187825e+01,2.191276e+01,2.198862e+01,2.204376e+01,2.200241e+01,2.196104e+01,2.199551e+01,2.211952e+01,2.204376e+01,2.205754e+01,2.198862e+01,2.204376e+01,2.216771e+01,2.204376e+01,2.202308e+01,2.204376e+01,2.210575e+01,2.202997e+01,2.200241e+01,2.211263e+01,2.194725e+01,2.196104e+01,2.202308e+01,2.218147e+01,2.202997e+01,2.205754e+01,2.199551e+01,2.209886e+01,2.193345e+01,2.202997e+01,2.196793e+01,2.211952e+01,2.200241e+01,2.205754e+01,2.206442e+01,2.202997e+01,2.198862e+01,2.205065e+01,2.204376e+01,2.197483e+01,2.198862e+01,2.196104e+01,2.199551e+01,2.192655e+01,2.193345e+01,2.199551e+01,2.197483e+01,2.191965e+01,2.190586e+01,2.187825e+01,2.192655e+01,2.205065e+01,2.193345e+01,2.190586e+01,2.188516e+01,2.181612e+01,2.186445e+01,2.171940e+01,2.196793e+01,2.174013e+01,2.179540e+01,2.182993e+01,2.177468e+01,2.162950e+01,2.178850e+01,2.170557e+01,2.154645e+01,2.168483e+01,2.160874e+01,2.164334e+01,2.164334e+01,2.156721e+01,2.153952e+01,2.160182e+01,2.153952e+01,2.154645e+01,2.167100e+01,2.153260e+01,2.150489e+01,2.149104e+01,2.145639e+01,2.158106e+01,2.158798e+01,2.160182e+01,2.160182e+01,2.136626e+01,2.141480e+01,2.157414e+01,2.148411e+01,2.147718e+01,2.145639e+01,2.158798e+01,2.147025e+01,2.154645e+01,2.158798e+01,2.147718e+01,2.145639e+01,2.152567e+01,2.144253e+01,2.140094e+01,2.153952e+01,2.143560e+01,2.161566e+01,2.160182e+01,2.160182e+01,2.149796e+01,2.147718e+01,2.157414e+01,2.156029e+01,2.144946e+01,2.144253e+01,2.142174e+01,2.158106e+01,2.160874e+01,2.146332e+01,2.162950e+01,2.156029e+01,2.151875e+01,2.161566e+01,2.146332e+01,2.159490e+01,2.155337e+01,2.164334e+01,2.153260e+01,2.148411e+01,2.163642e+01,2.151182e+01,2.152567e+01,2.153260e+01,2.162258e+01,2.157414e+01,2.159490e+01,2.144253e+01,2.144253e+01,2.153952e+01,2.158106e+01,2.142867e+01,2.145639e+01,2.147718e+01,2.133158e+01,2.147025e+01,2.138013e+01,2.128993e+01,2.135933e+01,2.131770e+01,2.131770e+01,2.133851e+01,2.128299e+01,2.138707e+01,2.130382e+01,2.117186e+01,2.144946e+01,2.131770e+01,2.125522e+01,2.115101e+01,2.119271e+01,2.117186e+01,2.121355e+01,2.110929e+01,2.113711e+01,2.117186e+01,2.115101e+01,2.122050e+01,2.129688e+01,2.110929e+01,2.113711e+01,2.122050e+01,2.117881e+01,2.130382e+01,2.131770e+01,2.118576e+01,2.119966e+01,2.122050e+01,2.121355e+01,2.120660e+01,2.122744e+01,2.129688e+01,2.132464e+01,2.130382e+01,2.126217e+01,2.120660e+01,2.124133e+01,2.142174e+01,2.122050e+01,2.122744e+01,2.121355e+01,2.122744e+01,2.125522e+01,2.134545e+01,2.131770e+01,2.134545e+01,2.110234e+01,2.131076e+01,2.138013e+01,2.135239e+01,2.133158e+01,2.122050e+01,2.142174e+01,2.128299e+01,2.144253e+01,2.143560e+01,2.141480e+01,2.144946e+01,2.145639e+01,2.142174e+01,2.142174e+01,2.144946e+01,2.140094e+01
2.220899e+01,2.212641e+01,2.201619e+01,2.214706e+01,2.216771e+01,2.198172e+01,2.212641e+01,2.216771e+01,2.195414e+01,2.194725e+01,2.207820e+01,2.209886e+01,2.209198e+01,2.200241e+01,2.209886e+01,2.223650e+01,2.205065e+01,2.200930e+01,2.208509e+01,2.205065e+01,2.209198e+01,2.191276e+01,2.191276e+01,2.191276e+01,2.193345e+01,2.182303e+01,2.183684e+01,2.177468e+01,2.189896e+01,2.175395e+01,2.153952e+01,2.181612e+01,2.170557e+01,2.174704e+01,2.169866e+01,2.174013e+01,2.182993e+01,2.180231e+01,2.180231e+01,2.174013e+01,2.173322e+01,2.168483e+01,2.167792e+01,2.165025e+01,2.171248e+01,2.171248e+01,2.169866e+01,2.181612e+01,2.156721e+01,2.176086e+01,2.172631e+01,2.160182e+01,2.175395e+01,2.178159e+01,2.179540e+01,2.176086e+01,2.183684e+01,2.180922e+01,2.182303e+01,2.177468e+01,2.184374e+01,2.191276e+01,2.184374e+01,2.178159e+01,2.178850e+01,2.181612e+01,2.176777e+01,2.178159e+01,2.184374e+01,2.185755e+01,2.182993e+01,2.189206e+01,2.191276e+01,2.190586e+01,2.191276e+01,2.180231e+01,2.194725e+01,2.194725e+01,2.169866e+01,2.193345e+01,2.198862e+01,2.191276e+01,2.192655e+01,2.200241e+01,2.192655e+01,2.194035e+01,2.204376e+01,2.208509e+01,2.191276e+01,2.200241e+01,2.202308e+01,2.196104e+01,2.193345e+01,2.207131e+01,2.204376e+01,2.197483e+01,2.208509e+01,2.188516e+01,2.200241e+01,2.188516e+01,2.204376e+01,2.202308e+01,2.193345e+01,2.191276e+01,2.179540e+01,2.180922e+01,2.177468e+01,2.157414e+01,2.136626e+01,2.131770e+01,2.143560e+01,2.148411e+01,2.157414e+01,2.147718e+01,2.153952e+01,2.153952e+01,2.156029e+01,2.159490e+01,2.150489e+01,2.161566e+01,2.154645e+01,2.152567e+01,2.156029e+01,2.148411e+01,2.164334e+01,2.168483e+01,2.159490e+01,2.158798e+01,2.162950e+01,2.152567e+01,2.153260e+01,2.165025e+01,2.138013e+01,2.149104e+01,2.151875e+01,2.161566e+01,2.160874e+01,2.182303e+01,2.177468e+01,2.169866e+01,2.196104e+01,2.191276e+01,2.187135e+01,2.180231e+01,2.176777e+01,2.182303e+01,2.182993e+01,2.167792e+01,2.153260e+01,2.130382e+01,2.138013e+01,2.113711e+01,2.121355e+01,2.113711e+01,2.117881e+01,2.117881e+01,2.122050e+01,2.137320e+01,2.159490e+01,2.185755e+01,2.186445e+01,2.184374e+01,2.188516e+01,2.189896e+01,2.189896e+01,2.191276e+01,2.187135e+01,2.191276e+01,2.191276e+01,2.198172e+01,2.197483e+01,2.196104e+01,2.195414e+01,2.194725e+01,2.198862e+01,2.196793e+01,2.197483e+01,2.204376e+01,2.196104e+01,2.194725e+01,2.190586e+01,2.193345e+01,2.193345e+01,2.200930e+01,2.210575e+01,2.206442e+01,2.196793e+01,2.191276e+01,2.207820e+01,2.194725e+01,2.196793e+01,2.200930e+01,2.198172e+01,2.196793e+01,2.196104e+01,2.202997e+01,2.218147e+01,2.200241e+01,2.204376e+01,2.208509e+01,2.210575e+01,2.209198e+01,2.200241e+01,2.191276e+01,2.215394e+01,2.198862e+01,2.197483e+01,2.200241e+01,2.205065e+01,2.209886e+01,2.205065e+01,2.198172e+01,2.198862e+01,2.194725e+01,2.205754e+01,2.198862e+01,2.207820e+01,2.207131e+01,2.198862e+01,2.203687e+01,2.204376e+01,2.199551e+01,2.202997e+01,2.205065e+01,2.211952e+01,2.196104e+01,2.199551e+01,2.208509e+01,2.198172e+01,2.203687e+01,2.204376e+01,2.207131e+01,2.207131e+01,2.206442e+01,2.200241e+01,2.197483e+01,2.203687e+01,2.205065e+01,2.201619e+01,2.203687e+01,2.216771e+01,2.201619e+01,2.202308e+01,2.204376e+01,2.200930e+01,2.202997e+01,2.202997e+01,2.204376e+01,2.202997e+01,2.207820e+01,2.196793e+01,2.209198e+01,2.208509e+01,2.217459e+01,2.204376e+01,2.196793e+01,2.204376e+01,2.191276e+01,2.211263e+01,2.194035e+01,2.196104e+01,2.211952e+01,2.206442e+01,2.196104e+01,2.196793e+01,2.215394e+01,2.216771e+01,2.202308e+01,2.202997e+01,2.188516e+01,2.209198e+01,2.207131e+01,2.214706e+01,2.200930e+01,2.200930e+01,2.198172e+01,2.205754e+01,2.198862e+01,2.197483e+01,2.216082e+01,2.204376e+01,2.208509e+01,2.202997e+01,2.203687e+01,2.209886e+01,2.202997e+01,2.208509e+01,2.193345e+01,2.197483e+01,2.205754e+01,2.205754e+01,2.204376e+01,2.197483e+01,2.205754e+01,2.193345e+01,2.201619e+01,2.202997e+01,2.192655e+01,2.198862e+01,2.190586e+01,2.189206e+01,2.188516e+01,2.194035e+01,2.182993e+01,2.185065e+01,2.185755e+01,2.187135e+01,2.182993e+01,2.183684e+01,2.183684e+01,2.184374e+01,2.172631e+01,2.183684e+01,2.178159e+01,2.176086e+01,2.175395e+01,2.178850e+01,2.174013e+01,2.178159e+01,2.167100e+01,2.167100e+01,2.167100e+01,2.180231e+01,2.184374e+01,2.172631e+01,2.176086e+01,2.170557e+01,2.178850e+01,2.167100e+01,2.174013e+01,2.180922e+01,2.178850e+01,2.176777e+01,2.185065e+01,2.165025e+01,2.187135e+01,2.160182e+01,2.167792e+01,2.157414e+01,2.167792e+01,2.164334e+01,2.149796e+01,2.160182e+01,2.150489e+01,2.154645e+01,2.158798e+01,2.167100e+01,2.191276e+01,2.194035e+01,2.211263e+01,2.196104e+01,2.196793e+01,2.202308e+01,2.200241e+01,2.202997e+01,2.191965e+01,2.196793e+01,2.196793e+01,2.196104e+01,2.197483e+01,2.193345e+01,2.193345e+01,2.200241e+01,2.196793e+01,2.198862e+01,2.192655e+01,2.191276e+01,2.195414e+01,2.190586e+01,2.194035e+01,2.200241e+01,2.189896e+01,2.182993e+01,2.187135e+01,2.198862e+01,2.197483e+01,2.196104e+01,2.185065e+01,2.191276e+01,2.194035e+01,2.189206e+01,2.196793e+01,2.192655e+01,2.189896e+01,2.196793e+01,2.189206e+01,2.191965e+01,2.185755e+01,2.187825e+01,2.181612e+01,2.189206e+01,2.186445e+01,2.184374e+01,2.187135e+01,2.186445e+01,2.183684e+01,2.187825e+01,2.189896e+01,2.180922e+01,2.192655e+01,2.177468e+01,2.191276e+01,2.171940e+01,2.178850e+01,2.173322e+01,2.173322e+01,2.193345e+01,2.169866e+01,2.181612e+01,2.176777e+01,2.178159e+01,2.165717e+01,2.171248e+01,2.171248e+01,2.162950e+01,2.167792e+01,2.183684e+01,2.166409e+01,2.169175e+01,2.171940e+01,2.170557e+01,2.169175e+01,2.173322e+01,2.173322e+01,2.170557e+01,2.160874e+01,2.174704e+01,2.174704e+01,2.176086e+01,2.191965e+01,2.186445e+01,2.169866e+01,2.185065e+01,2.201619e+01,2.186445e+01,2.190586e+01,2.197483e+01,2.202997e+01,2.196104e+01,2.194725e+01,2.200930e+01,2.212641e+01,2.194725e+01,2.207131e+01,2.204376e+01,2.199551e+01,2.196793e+01,2.216771e+01,2.198862e+01,2.204376e+01,2.200930e+01,2.198172e+01,2.199551e+01,2.202308e+01,2.206442e+01,2.208509e+01,2.202997e+01,2.198172e+01,2.190586e+01,2.202997e+01,2.196104e+01,2.205754e+01,2.191965e+01,2.195414e+01,2.202308e+01,2.204376e+01,2.209198e+01,2.196793e+01,2.202308e+01,2.207820e+01,2.203687e+01,2.209198e+01,2.212641e+01,2.202997e+01,2.196793e+01,2.171248e+01,2.195414e+01,2.188516e+01,2.187135e+01,2.190586e+01,2.200930e+01,2.189896e+01,2.190586e+01,2.191276e+01,2.192655e+01,2.185065e+01,2.181612e+01,2.182303e+01,2.178159e+01,2.190586e+01,2.174704e+01,2.162950e+01,2.175395e+01,2.179540e+01,2.181612e+01,2.165717e+01,2.175395e+01,2.161566e+01,2.162950e+01,2.166409e+01,2.162258e+01,2.162950e+01,2.163642e+01,2.159490e+01,2.160182e+01,2.153952e+01,2.151875e+01,2.153952e+01,2.151182e+01,2.160182e+01,2.159490e+01,2.153952e+01,2.149104e+01,2.149796e+01,2.158106e+01,2.157414e+01,2.159490e+01,2.158106e+01,2.160182e+01,2.138707e+01,2.146332e+01,2.151182e+01,2.150489e+01,2.150489e+01,2.155337e+01,2.156029e+01,2.156029e+01,2.167100e+01,2.128299e+01,2.155337e+01,2.153952e+01,2.144946e+01,2.140787e+01,2.153952e+01,2.160874e+01,2.151875e+01,2.150489e+01,2.157414e+01,2.149796e+01,2.149796e+01,2.171940e+01,2.155337e+01,2.159490e+01,2.153260e+01,2.158106e+01,2.160182e+01,2.144946e+01,2.162258e+01,2.149104e+01,2.157414e+01,2.164334e+01,2.158106e+01,2.146332e+01,2.158798e+01,2.160874e+01,2.160182e+01,2.152567e+01,2.155337e+01,2.161566e+01,2.167792e+01,2.145639e+01,2.153952e+01,2.155337e+01,2.158798e+01,2.151875e+01,2.153260e+01,2.156721e+01,2.158106e+01,2.156029e+01,2.138707e+01,2.147025e+01,2.136626e+01,2.134545e+01,2.130382e+01,2.142174e+01,2.147025e+01,2.135239e+01,2.149104e+01,2.153260e+01,2.137320e+01,2.128993e+01,2.131076e+01,2.119966e+01,2.128993e+01,2.123439e+01,2.127605e+01,2.128299e+01,2.126217e+01,2.123439e+01,2.126217e+01,2.113015e+01,2.113711e+01,2.119966e+01,2.128299e+01,2.114406e+01,2.121355e+01,2.119966e+01,2.121355e+01,2.119966e+01,2.131076e+01,2.119271e+01,2.119966e+01,2.119271e+01,2.092137e+01,2.143560e+01,2.111625e+01,2.124828e+01,2.121355e+01,2.121355e+01,2.121355e+01,2.162950e+01,2.136626e+01,2.135239e+01,2.131770e+01,2.136626e+01,2.120660e+01,2.117881e+01,2.120660e+01,2.135933e+01,2.131076e+01,2.130382e+01,2.128299e+01,2.128993e+01,2.138013e+01,2.128993e+01,2.144253e+01,2.139400e+01,2.131076e+01,2.141480e+01,2.143560e+01,2.144253e+01,2.144253e+01,2.127605e+01,2.137320e+01,2.155337e+01,2.144253e+01,2.138707e+01,2.149796e+01,2.139400e+01,2.142867e+01
2.198862e+01,2.205065e+01,2.197483e+01,2.191965e+01,2.206442e+01,2.214706e+01,2.213329e+01,2.218835e+01,2.197483e+01,2.196793e+01,2.209198e+01,2.200930e+01,2.209198e+01,2.201619e+01,2.212641e+01,2.202308e+01,2.196793e+01,2.205754e+01,2.196104e+01,2.209886e+01,2.194035e+01,2.178850e+01,2.176777e+01,2.192655e+01,2.180231e+01,2.182993e+01,2.178159e+01,2.176777e+01,2.189206e+01,2.182993e+01,2.191276e+01,2.191965e+01,2.180231e+01,2.172631e+01,2.171248e+01,2.173322e+01,2.167100e+01,2.168483e+01,2.166409e+01,2.165025e+01,2.169866e+01,2.166409e+01,2.162258e+01,2.167792e+01,2.167100e+01,2.167792e+01,2.157414e+01,2.188516e+01,2.151182e+01,2.191965e+01,2.165717e+01,2.179540e+01,2.174704e+01,2.169175e+01,2.174704e+01,2.176777e+01,2.176777e+01,2.182993e+01,2.174013e+01,2.171940e+01,2.186445e+01,2.178850e+01,2.200241e+01,2.178850e+01,2.174704e+01,2.171940e+01,2.178159e+01,2.183684e+01,2.189206e+01,2.183684e+01,2.182303e+01,2.188516e+01,2.192655e+01,2.187825e+01,2.180231e+01,2.197483e+01,2.193345e+01,2.198172e+01,2.190586e+01,2.196104e+01,2.196793e+01,2.198172e+01,2.196793e+01,2.197483e+01,2.198172e+01,2.205065e+01,2.194725e+01,2.191965e+01,2.199551e+01,2.189896e+01,2.193345e+01,2.207131e+01,2.192655e+01,2.202997e+01,2.195414e+01,2.196793e+01,2.194725e+01,2.207820e+01,2.189206e+01,2.209198e+01,2.198172e+01,2.197483e+01,2.193345e+01,2.184374e+01,2.191965e+01,2.174704e+01,2.175395e+01,2.142174e+01,2.149796e+01,2.139400e+01,2.122744e+01,2.169175e+01,2.149796e+01,2.149796e+01,2.163642e+01,2.150489e+01,2.156721e+01,2.153952e+01,2.143560e+01,2.150489e+01,2.151182e+01,2.150489e+01,2.144253e+01,2.155337e+01,2.147718e+01,2.153952e+01,2.158798e+01,2.158106e+01,2.156721e+01,2.153952e+01,2.148411e+01,2.160874e+01,2.141480e+01,2.162950e+01,2.146332e+01,2.151182e+01,2.156721e+01,2.154645e+01,2.178159e+01,2.184374e+01,2.184374e+01,2.184374e+01,2.184374e+01,2.182303e+01,2.178850e+01,2.182303e+01,2.171248e+01,2.168483e+01,2.124828e+01,2.131770e+01,2.122050e+01,2.117186e+01,2.113711e+01,2.122050e+01,2.121355e+01,2.119271e+01,2.119271e+01,2.119966e+01,2.144946e+01,2.180231e+01,2.178159e+01,2.185065e+01,2.187135e+01,2.191276e+01,2.193345e+01,2.191276e+01,2.194035e+01,2.189896e+01,2.202997e+01,2.199551e+01,2.191276e+01,2.195414e+01,2.188516e+01,2.199551e+01,2.206442e+01,2.198172e+01,2.205754e+01,2.192655e+01,2.197483e+01,2.189206e+01,2.188516e+01,2.200930e+01,2.191965e+01,2.199551e+01,2.195414e+01,2.194725e+01,2.197483e+01,2.194725e+01,2.207131e+01,2.206442e+01,2.205065e+01,2.203687e+01,2.207820e+01,2.183684e+01,2.194725e+01,2.180922e+01,2.204376e+01,2.205754e+01,2.202997e+01,2.200241e+01,2.193345e+01,2.191276e+01,2.207131e+01,2.189206e+01,2.203687e+01,2.199551e+01,2.207131e+01,2.216082e+01,2.206442e+01,2.211263e+01,2.189206e+01,2.203687e+01,2.205754e+01,2.193345e+01,2.198862e+01,2.205754e+01,2.207131e+01,2.196104e+01,2.193345e+01,2.205065e+01,2.197483e+01,2.211263e+01,2.193345e+01,2.207131e+01,2.197483e+01,2.209886e+01,2.206442e+01,2.206442e+01,2.196104e+01,2.202997e+01,2.207131e+01,2.195414e+01,2.200241e+01,2.205065e+01,2.202308e+01,2.176086e+01,2.202308e+01,2.203687e+01,2.208509e+01,2.202308e+01,2.205065e+01,2.200241e+01,2.200930e+01,2.198862e+01,2.208509e+01,2.202308e+01,2.199551e+01,2.199551e+01,2.198862e+01,2.196793e+01,2.204376e+01,2.196793e+01,2.193345e+01,2.205065e+01,2.207820e+01,2.213329e+01,2.197483e+01,2.203687e+01,2.202308e+01,2.198172e+01,2.210575e+01,2.207131e+01,2.194725e+01,2.202308e+01,2.197483e+01,2.215394e+01,2.202997e+01,2.202308e+01,2.197483e+01,2.196104e+01,2.204376e+01,2.205754e+01,2.202308e+01,2.200241e+01,2.209886e+01,2.212641e+01,2.199551e+01,2.202308e+01,2.206442e+01,2.204376e+01,2.202997e+01,2.201619e+01,2.200241e+01,2.202997e+01,2.207820e+01,2.202308e+01,2.197483e+01,2.191965e+01,2.196793e+01,2.201619e+01,2.201619e+01,2.202308e+01,2.198172e+01,2.202308e+01,2.191965e+01,2.193345e+01,2.198862e+01,2.182303e+01,2.190586e+01,2.180922e+01,2.187825e+01,2.180922e+01,2.180922e+01,2.186445e+01,2.181612e+01,2.182303e+01,2.183684e+01,2.183684e+01,2.180231e+01,2.184374e+01,2.169866e+01,2.179540e+01,2.186445e+01,2.163642e+01,2.166409e+01,2.167100e+01,2.174704e+01,2.180231e+01,2.165717e+01,2.144253e+01,2.164334e+01,2.167100e+01,2.165025e+01,2.170557e+01,2.176777e+01,2.177468e+01,2.171248e+01,2.180922e+01,2.181612e+01,2.169866e+01,2.179540e+01,2.176777e+01,2.176086e+01,2.180922e+01,2.169866e+01,2.172631e+01,2.173322e+01,2.160182e+01,2.155337e+01,2.164334e+01,2.167792e+01,2.162258e+01,2.154645e+01,2.153952e+01,2.153952e+01,2.159490e+01,2.160874e+01,2.165025e+01,2.162950e+01,2.198172e+01,2.196104e+01,2.199551e+01,2.202997e+01,2.200241e+01,2.198172e+01,2.183684e+01,2.202997e+01,2.201619e+01,2.192655e+01,2.194725e+01,2.196793e+01,2.191965e+01,2.199551e+01,2.193345e+01,2.195414e+01,2.196793e+01,2.198862e+01,2.189206e+01,2.191276e+01,2.193345e+01,2.189896e+01,2.190586e+01,2.193345e+01,2.200241e+01,2.192655e+01,2.186445e+01,2.175395e+01,2.189896e+01,2.185065e+01,2.196793e+01,2.191276e+01,2.185065e+01,2.185755e+01,2.189206e+01,2.180231e+01,2.191276e+01,2.204376e+01,2.194725e+01,2.183684e+01,2.184374e+01,2.194035e+01,2.191276e+01,2.210575e+01,2.185755e+01,2.185755e+01,2.185065e+01,2.174704e+01,2.181612e+01,2.181612e+01,2.187825e+01,2.187135e+01,2.186445e+01,2.169866e+01,2.177468e+01,2.174704e+01,2.182993e+01,2.187825e+01,2.172631e+01,2.169866e+01,2.176777e+01,2.173322e+01,2.171940e+01,2.175395e+01,2.182303e+01,2.171248e+01,2.170557e+01,2.165025e+01,2.165025e+01,2.145639e+01,2.171248e+01,2.169175e+01,2.171940e+01,2.165717e+01,2.174013e+01,2.169866e+01,2.171940e+01,2.176777e+01,2.172631e+01,2.176777e+01,2.179540e+01,2.185065e+01,2.178159e+01,2.181612e+01,2.185065e+01,2.190586e+01,2.190586e+01,2.196793e+01,2.187825e+01,2.190586e+01,2.191276e+01,2.199551e+01,2.191276e+01,2.192655e+01,2.203687e+01,2.198862e+01,2.186445e+01,2.200241e+01,2.211263e+01,2.205754e+01,2.201619e+01,2.202308e+01,2.202308e+01,2.206442e+01,2.202308e+01,2.204376e+01,2.191276e+01,2.191965e+01,2.204376e+01,2.204376e+01,2.200930e+01,2.207131e+01,2.207820e+01,2.190586e+01,2.202308e+01,2.200241e+01,2.200930e+01,2.203687e+01,2.199551e+01,2.202308e+01,2.192655e+01,2.210575e+01,2.208509e+01,2.196793e+01,2.194725e+01,2.194035e+01,2.196793e+01,2.191276e+01,2.198862e+01,2.202997e+01,2.185755e+01,2.186445e+01,2.187135e+01,2.187135e+01,2.200930e+01,2.195414e+01,2.181612e+01,2.181612e+01,2.184374e+01,2.185755e+01,2.182303e+01,2.166409e+01,2.176777e+01,2.171940e+01,2.178159e+01,2.175395e+01,2.171940e+01,2.162950e+01,2.163642e+01,2.160874e+01,2.161566e+01,2.157414e+01,2.159490e+01,2.152567e+01,2.160182e+01,2.157414e+01,2.161566e+01,2.149796e+01,2.157414e+01,2.144946e+01,2.162258e+01,2.146332e+01,2.146332e+01,2.147718e+01,2.163642e+01,2.146332e+01,2.147025e+01,2.155337e+01,2.156029e+01,2.151182e+01,2.159490e+01,2.150489e+01,2.154645e+01,2.155337e+01,2.160182e+01,2.155337e+01,2.159490e+01,2.147025e+01,2.146332e+01,2.155337e+01,2.151875e+01,2.155337e+01,2.138013e+01,2.156029e+01,2.151182e+01,2.160874e+01,2.133158e+01,2.161566e+01,2.142867e+01,2.147718e+01,2.146332e+01,2.146332e+01,2.154645e+01,2.158106e+01,2.143560e+01,2.147718e+01,2.158798e+01,2.146332e+01,2.162258e+01,2.150489e+01,2.164334e+01,2.164334e+01,2.162950e+01,2.147025e+01,2.159490e+01,2.156029e+01,2.156029e+01,2.147718e+01,2.149796e+01,2.154645e+01,2.152567e+01,2.159490e+01,2.165025e+01,2.167792e+01,2.146332e+01,2.154645e+01,2.156029e+01,2.155337e+01,2.156721e+01,2.135239e+01,2.154645e+01,2.141480e+01,2.149796e+01,2.142867e+01,2.141480e+01,2.138707e+01,2.138707e+01,2.138013e+01,2.128299e+01,2.136626e+01,2.136626e+01,2.136626e+01,2.120660e+01,2.131076e+01,2.128299e+01,2.113711e+01,2.127605e+01,2.113015e+01,2.123439e+01,2.113015e+01,2.116491e+01,2.119966e+01,2.126911e+01,2.121355e+01,2.124828e+01,2.119271e+01,2.126217e+01,2.115101e+01,2.117881e+01,2.131076e+01,2.124133e+01,2.119271e+01,2.118576e+01,2.136626e+01,2.117186e+01,2.119966e+01,2.112320e+01,2.122050e+01,2.125522e+01,2.125522e+01,2.126911e+01,2.127605e+01,2.114406e+01,2.126911e+01,2.141480e+01,2.099797e+01,2.128993e+01,2.120660e+01,2.122744e+01,2.132464e+01,2.119966e+01,2.124828e+01,2.128993e+01,2.129688e+01,2.129688e+01,2.128993e+01,2.129688e+01,2.140094e+01,2.147025e+01,2.130382e+01,2.128299e+01,2.140787e+01,2.144946e+01,2.142174e+01,2.129688e+01,2.154645e+01,2.151182e+01,2.138013e+01,2.150489e+01,2.138013e+01,2.142867e+01
2.211263e+01,2.200930e+01,2.205754e+01,2.216082e+01,2.213329e+01,2.198172e+01,2.200930e+01,2.206442e+01,2.214706e+01,2.214017e+01,2.207820e+01,2.205754e+01,2.207820e+01,2.209198e+01,2.205065e+01,2.196793e+01,2.210575e+01,2.218147e+01,2.212641e+01,2.205065e+01,2.215394e+01,2.198172e+01,2.189206e+01,2.200930e+01,2.185755e+01,2.184374e+01,2.197483e+01,2.182303e+01,2.196793e+01,2.190586e+01,2.186445e+01,2.183684e+01,2.176086e+01,2.180231e+01,2.167100e+01,2.176777e+01,2.174013e+01,2.170557e+01,2.167100e+01,2.183684e+01,2.162950e+01,2.169866e+01,2.160182e+01,2.168483e+01,2.167792e+01,2.178850e+01,2.170557e+01,2.157414e+01,2.169866e+01,2.178159e+01,2.169175e+01,2.172631e+01,2.176777e+01,2.174013e+01,2.177468e+01,2.169866e+01,2.176777e+01,2.196104e+01,2.171940e+01,2.195414e+01,2.172631e+01,2.192655e+01,2.179540e+01,2.185065e+01,2.177468e+01,2.180922e+01,2.185755e+01,2.187825e+01,2.173322e+01,2.194035e+01,2.190586e+01,2.195414e+01,2.178850e+01,2.196793e+01,2.178159e+01,2.194725e+01,2.194035e+01,2.198172e+01,2.196793e+01,2.196793e+01,2.200241e+01,2.198172e+01,2.196104e+01,2.196104e+01,2.202997e+01,2.194725e+01,2.202308e+01,2.212641e+01,2.203687e+01,2.197483e+01,2.201619e+01,2.198862e+01,2.196793e+01,2.207820e+01,2.198862e+01,2.202997e+01,2.203687e+01,2.198172e+01,2.211263e+01,2.190586e+01,2.191965e+01,2.206442e+01,2.191276e+01,2.195414e+01,2.189896e+01,2.196104e+01,2.173322e+01,2.142867e+01,2.149796e+01,2.147025e+01,2.137320e+01,2.149796e+01,2.140094e+01,2.149104e+01,2.149796e+01,2.147025e+01,2.154645e+01,2.163642e+01,2.143560e+01,2.141480e+01,2.150489e+01,2.149104e+01,2.169175e+01,2.155337e+01,2.156721e+01,2.149104e+01,2.153260e+01,2.156721e+01,2.178850e+01,2.145639e+01,2.158798e+01,2.159490e+01,2.166409e+01,2.166409e+01,2.149796e+01,2.156721e+01,2.153260e+01,2.142867e+01,2.180231e+01,2.182303e+01,2.182993e+01,2.180922e+01,2.180231e+01,2.180922e+01,2.175395e+01,2.177468e+01,2.185065e+01,2.157414e+01,2.150489e+01,2.135239e+01,2.124133e+01,2.120660e+01,2.116491e+01,2.120660e+01,2.119966e+01,2.116491e+01,2.130382e+01,2.142174e+01,2.137320e+01,2.133158e+01,2.176777e+01,2.191276e+01,2.191276e+01,2.190586e+01,2.191276e+01,2.195414e+01,2.192655e+01,2.199551e+01,2.195414e+01,2.196104e+01,2.189206e+01,2.186445e+01,2.191965e+01,2.199551e+01,2.199551e+01,2.200241e+01,2.204376e+01,2.207131e+01,2.186445e+01,2.205065e+01,2.196104e+01,2.205065e+01,2.191965e+01,2.198172e+01,2.197483e+01,2.198172e+01,2.211952e+01,2.213329e+01,2.200930e+01,2.203687e+01,2.204376e+01,2.202997e+01,2.203687e+01,2.185755e+01,2.207131e+01,2.213329e+01,2.211263e+01,2.207820e+01,2.207131e+01,2.199551e+01,2.209198e+01,2.196104e+01,2.200241e+01,2.202997e+01,2.201619e+01,2.200241e+01,2.204376e+01,2.206442e+01,2.204376e+01,2.211263e+01,2.207131e+01,2.208509e+01,2.209198e+01,2.206442e+01,2.205754e+01,2.221587e+01,2.198172e+01,2.204376e+01,2.207131e+01,2.200930e+01,2.207820e+01,2.193345e+01,2.192655e+01,2.194035e+01,2.212641e+01,2.197483e+01,2.193345e+01,2.194725e+01,2.205065e+01,2.200241e+01,2.198172e+01,2.202308e+01,2.205065e+01,2.202997e+01,2.207820e+01,2.194725e+01,2.207131e+01,2.207131e+01,2.200241e+01,2.217459e+01,2.201619e+01,2.200930e+01,2.202308e+01,2.211263e+01,2.204376e+01,2.204376e+01,2.201619e+01,2.198862e+01,2.205065e+01,2.196104e+01,2.207131e+01,2.198172e+01,2.205754e+01,2.203687e+01,2.193345e+01,2.189206e+01,2.209886e+01,2.203687e+01,2.202308e+01,2.196104e+01,2.202308e+01,2.209886e+01,2.198862e+01,2.194725e+01,2.200930e+01,2.205065e+01,2.206442e+01,2.200241e+01,2.200930e+01,2.200241e+01,2.202997e+01,2.206442e+01,2.202308e+01,2.203687e+01,2.207820e+01,2.200930e+01,2.200241e+01,2.205754e+01,2.209198e+01,2.208509e+01,2.200241e+01,2.200930e+01,2.208509e+01,2.205754e+01,2.207131e+01,2.202308e+01,2.198862e+01,2.200930e+01,2.207131e+01,2.200241e+01,2.204376e+01,2.197483e+01,2.199551e+01,2.203687e+01,2.190586e+01,2.194035e+01,2.196104e+01,2.196793e+01,2.198862e+01,2.200241e+01,2.194035e+01,2.187135e+01,2.177468e+01,2.185755e+01,2.176777e+01,2.186445e+01,2.181612e+01,2.182993e+01,2.186445e+01,2.187825e+01,2.182993e+01,2.176777e+01,2.184374e+01,2.171248e+01,2.185065e+01,2.159490e+01,2.176086e+01,2.175395e+01,2.169175e+01,2.169175e+01,2.174704e+01,2.175395e+01,2.164334e+01,2.180922e+01,2.180922e+01,2.177468e+01,2.191965e+01,2.185065e+01,2.178850e+01,2.182303e+01,2.183684e+01,2.179540e+01,2.182993e+01,2.187825e+01,2.175395e+01,2.165025e+01,2.171940e+01,2.156029e+01,2.167792e+01,2.152567e+01,2.162950e+01,2.162950e+01,2.161566e+01,2.159490e+01,2.161566e+01,2.158798e+01,2.164334e+01,2.157414e+01,2.167100e+01,2.192655e+01,2.189896e+01,2.209886e+01,2.203687e+01,2.194035e+01,2.200930e+01,2.198862e+01,2.196104e+01,2.196104e+01,2.209198e+01,2.199551e+01,2.209198e+01,2.205754e+01,2.207820e+01,2.207131e+01,2.193345e+01,2.210575e+01,2.199551e+01,2.191965e+01,2.204376e+01,2.207820e+01,2.194035e+01,2.203687e+01,2.206442e+01,2.201619e+01,2.200241e+01,2.192655e+01,2.186445e+01,2.194725e+01,2.209886e+01,2.204376e+01,2.199551e+01,2.194725e+01,2.203687e+01,2.189896e+01,2.200930e+01,2.193345e+01,2.196793e+01,2.196104e+01,2.198172e+01,2.194725e+01,2.194035e+01,2.184374e+01,2.187825e+01,2.186445e+01,2.183684e+01,2.185755e+01,2.193345e+01,2.187825e+01,2.178850e+01,2.191276e+01,2.182303e+01,2.189206e+01,2.185755e+01,2.178850e+01,2.173322e+01,2.176777e+01,2.187825e+01,2.169866e+01,2.171940e+01,2.176086e+01,2.171248e+01,2.179540e+01,2.173322e+01,2.174013e+01,2.167792e+01,2.185065e+01,2.178850e+01,2.165025e+01,2.174704e+01,2.179540e+01,2.175395e+01,2.176086e+01,2.168483e+01,2.189206e+01,2.173322e+01,2.181612e+01,2.175395e+01,2.162258e+01,2.179540e+01,2.184374e+01,2.180922e+01,2.183684e+01,2.188516e+01,2.185065e+01,2.194725e+01,2.193345e+01,2.199551e+01,2.196793e+01,2.191965e+01,2.202308e+01,2.197483e+01,2.210575e+01,2.212641e+01,2.200930e+01,2.205754e+01,2.209886e+01,2.192655e+01,2.208509e+01,2.206442e+01,2.207820e+01,2.210575e+01,2.212641e+01,2.200930e+01,2.197483e+01,2.202997e+01,2.206442e+01,2.197483e+01,2.202997e+01,2.200241e+01,2.198172e+01,2.193345e+01,2.200930e+01,2.185755e+01,2.201619e+01,2.187825e+01,2.198172e+01,2.201619e+01,2.209886e+01,2.206442e+01,2.205065e+01,2.201619e+01,2.189206e+01,2.205065e+01,2.199551e+01,2.194035e+01,2.202997e+01,2.204376e+01,2.204376e+01,2.202997e+01,2.201619e+01,2.190586e+01,2.187825e+01,2.190586e+01,2.187135e+01,2.189206e+01,2.188516e+01,2.188516e+01,2.185065e+01,2.190586e+01,2.178850e+01,2.176086e+01,2.161566e+01,2.174704e+01,2.176777e+01,2.176777e+01,2.165025e+01,2.162258e+01,2.182303e+01,2.167100e+01,2.169175e+01,2.157414e+01,2.156721e+01,2.153952e+01,2.155337e+01,2.156029e+01,2.152567e+01,2.160874e+01,2.143560e+01,2.162258e+01,2.147025e+01,2.156029e+01,2.143560e+01,2.152567e+01,2.163642e+01,2.148411e+01,2.158798e+01,2.156029e+01,2.156721e+01,2.158106e+01,2.155337e+01,2.181612e+01,2.148411e+01,2.163642e+01,2.154645e+01,2.156029e+01,2.160182e+01,2.156029e+01,2.156029e+01,2.149796e+01,2.148411e+01,2.152567e+01,2.149104e+01,2.149796e+01,2.151875e+01,2.164334e+01,2.156029e+01,2.168483e+01,2.169175e+01,2.154645e+01,2.144946e+01,2.164334e+01,2.148411e+01,2.171248e+01,2.150489e+01,2.153952e+01,2.147718e+01,2.159490e+01,2.160874e+01,2.156029e+01,2.162950e+01,2.157414e+01,2.167100e+01,2.158798e+01,2.158798e+01,2.157414e+01,2.156029e+01,2.158106e+01,2.157414e+01,2.153260e+01,2.156029e+01,2.171248e+01,2.162258e+01,2.153952e+01,2.158106e+01,2.160182e+01,2.159490e+01,2.154645e+01,2.144946e+01,2.156029e+01,2.159490e+01,2.144253e+01,2.154645e+01,2.144946e+01,2.142174e+01,2.141480e+01,2.140094e+01,2.144253e+01,2.157414e+01,2.149796e+01,2.125522e+01,2.150489e+01,2.133158e+01,2.134545e+01,2.134545e+01,2.129688e+01,2.135239e+01,2.126911e+01,2.121355e+01,2.115101e+01,2.145639e+01,2.124133e+01,2.115796e+01,2.144253e+01,2.131770e+01,2.131770e+01,2.138707e+01,2.115796e+01,2.141480e+01,2.120660e+01,2.135933e+01,2.134545e+01,2.119966e+01,2.119271e+01,2.128993e+01,2.126217e+01,2.137320e+01,2.137320e+01,2.122050e+01,2.135239e+01,2.121355e+01,2.130382e+01,2.131770e+01,2.133851e+01,2.127605e+01,2.133158e+01,2.133851e+01,2.144946e+01,2.121355e+01,2.141480e+01,2.133158e+01,2.144253e+01,2.134545e+01,2.130382e+01,2.135239e+01,2.144253e+01,2.130382e+01,2.144253e+01,2.134545e+01,2.158106e+01,2.132464e+01,2.144253e+01,2.140787e+01,2.146332e+01,2.140094e+01,2.140787e+01,2.149104e+01,2.137320e+01,2.149104e+01,2.153952e+01,2.154645e+01
2.218835e+01,2.216771e+01,2.200930e+01,2.207131e+01,2.204376e+01,2.205754e+01,2.202308e+01,2.203687e+01,2.214706e+01,2.213329e+01,2.216771e+01,2.215394e+01,2.207820e+01,2.205754e+01,2.176777e+01,2.212641e+01,2.211263e+01,2.208509e+01,2.215394e+01,2.214017e+01,2.195414e+01,2.189896e+01,2.180231e+01,2.192655e+01,2.190586e+01,2.198862e+01,2.167792e+01,2.172631e+01,2.171940e+01,2.182303e+01,2.171248e+01,2.171248e+01,2.175395e+01,2.174704e+01,2.171940e+01,2.172631e+01,2.178159e+01,2.169866e+01,2.178159e+01,2.178159e+01,2.167792e+01,2.168483e+01,2.165717e+01,2.159490e+01,2.169866e+01,2.168483e+01,2.171248e+01,2.169175e+01,2.166409e+01,2.171248e+01,2.173322e+01,2.168483e+01,2.174704e+01,2.175395e+01,2.171248e+01,2.148411e+01,2.174704e+01,2.173322e+01,2.174013e+01,2.180922e+01,2.187825e+01,2.188516e+01,2.189206e+01,2.187825e+01,2.191276e+01,2.174013e+01,2.185755e+01,2.178850e+01,2.176086e+01,2.181612e+01,2.192655e+01,2.182993e+01,2.194725e+01,2.194725e+01,2.194035e+01,2.195414e+01,2.178159e+01,2.196793e+01,2.197483e+01,2.183684e+01,2.193345e+01,2.196793e+01,2.198862e+01,2.201619e+01,2.174013e+01,2.194725e+01,2.211263e+01,2.192655e+01,2.179540e+01,2.196793e+01,2.202308e+01,2.182993e+01,2.194035e+01,2.195414e+01,2.204376e+01,2.201619e+01,2.193345e+01,2.191276e+01,2.191965e+01,2.195414e+01,2.190586e+01,2.199551e+01,2.199551e+01,2.191965e+01,2.180922e+01,2.180922e+01,2.180922e+01,2.138013e+01,2.136626e+01,2.138013e+01,2.140094e+01,2.138707e+01,2.151875e+01,2.145639e+01,2.139400e+01,2.141480e+01,2.138013e+01,2.151182e+01,2.147025e+01,2.146332e+01,2.148411e+01,2.123439e+01,2.136626e+01,2.147718e+01,2.152567e+01,2.154645e+01,2.135239e+01,2.147025e+01,2.144946e+01,2.156029e+01,2.144253e+01,2.149104e+01,2.140787e+01,2.140787e+01,2.142174e+01,2.138013e+01,2.142867e+01,2.140787e+01,2.160874e+01,2.182303e+01,2.184374e+01,2.185755e+01,2.185065e+01,2.178850e+01,2.185065e+01,2.174704e+01,2.173322e+01,2.149796e+01,2.124828e+01,2.141480e+01,2.115101e+01,2.120660e+01,2.113015e+01,2.124133e+01,2.119271e+01,2.118576e+01,2.125522e+01,2.117186e+01,2.138013e+01,2.133851e+01,2.145639e+01,2.186445e+01,2.190586e+01,2.191965e+01,2.209198e+01,2.198862e+01,2.180231e+01,2.198172e+01,2.191965e+01,2.189206e+01,2.201619e+01,2.186445e+01,2.191965e+01,2.198862e+01,2.200241e+01,2.164334e+01,2.196104e+01,2.196104e+01,2.192655e+01,2.191965e+01,2.204376e+01,2.206442e+01,2.209198e+01,2.204376e+01,2.199551e+01,2.196104e+01,2.211952e+01,2.210575e+01,2.197483e+01,2.207131e+01,2.203687e+01,2.196104e+01,2.191965e+01,2.220211e+01,2.207131e+01,2.207820e+01,2.209886e+01,2.207820e+01,2.201619e+01,2.188516e+01,2.203687e+01,2.205065e+01,2.202308e+01,2.200241e+01,2.199551e+01,2.193345e+01,2.202997e+01,2.200241e+01,2.202997e+01,2.202997e+01,2.198172e+01,2.196104e+01,2.207131e+01,2.222962e+01,2.205065e+01,2.199551e+01,2.195414e+01,2.200930e+01,2.198172e+01,2.201619e+01,2.208509e+01,2.191276e+01,2.198172e+01,2.189896e+01,2.198172e+01,2.193345e+01,2.200930e+01,2.200930e+01,2.205065e+01,2.185065e+01,2.182303e+01,2.199551e+01,2.201619e+01,2.201619e+01,2.195414e+01,2.197483e+01,2.210575e+01,2.191276e+01,2.198862e+01,2.208509e+01,2.190586e+01,2.200241e+01,2.196793e+01,2.198172e+01,2.202308e+01,2.199551e+01,2.193345e+01,2.194725e+01,2.202308e+01,2.192655e+01,2.187825e+01,2.205065e+01,2.188516e+01,2.186445e+01,2.197483e+01,2.205065e+01,2.200241e+01,2.186445e+01,2.199551e+01,2.197483e+01,2.196104e+01,2.200241e+01,2.193345e+01,2.185065e+01,2.202308e+01,2.200930e+01,2.198862e+01,2.199551e+01,2.196104e+01,2.202308e+01,2.203687e+01,2.201619e+01,2.201619e+01,2.177468e+01,2.200241e+01,2.202997e+01,2.207820e+01,2.191276e+01,2.191276e+01,2.204376e+01,2.196793e+01,2.195414e+01,2.198172e+01,2.205065e+01,2.209886e+01,2.205754e+01,2.182303e+01,2.192655e+01,2.188516e+01,2.196104e+01,2.199551e+01,2.204376e+01,2.199551e+01,2.198862e+01,2.196104e+01,2.195414e+01,2.176777e+01,2.176086e+01,2.185065e+01,2.192655e+01,2.188516e+01,2.184374e+01,2.197483e+01,2.182303e+01,2.177468e+01,2.174704e+01,2.188516e+01,2.171248e+01,2.179540e+01,2.180231e+01,2.181612e+01,2.170557e+01,2.166409e+01,2.182993e+01,2.176777e+01,2.183684e+01,2.158798e+01,2.156721e+01,2.156721e+01,2.164334e+01,2.171248e+01,2.165717e+01,2.174013e+01,2.168483e+01,2.183684e+01,2.178159e+01,2.170557e+01,2.182993e+01,2.182303e+01,2.182993e+01,2.176777e+01,2.180231e+01,2.178159e+01,2.185755e+01,2.186445e+01,2.171940e+01,2.169866e+01,2.168483e+01,2.173322e+01,2.162258e+01,2.170557e+01,2.158106e+01,2.167100e+01,2.152567e+01,2.162258e+01,2.165025e+01,2.157414e+01,2.154645e+01,2.160874e+01,2.171248e+01,2.167100e+01,2.180922e+01,2.198862e+01,2.187135e+01,2.189206e+01,2.184374e+01,2.186445e+01,2.196104e+01,2.200241e+01,2.198862e+01,2.187825e+01,2.207820e+01,2.191965e+01,2.198172e+01,2.200930e+01,2.198862e+01,2.189206e+01,2.192655e+01,2.194035e+01,2.209886e+01,2.194725e+01,2.187135e+01,2.199551e+01,2.200930e+01,2.200241e+01,2.193345e+01,2.193345e+01,2.185065e+01,2.194035e+01,2.195414e+01,2.196793e+01,2.194035e+01,2.190586e+01,2.195414e+01,2.181612e+01,2.184374e+01,2.195414e+01,2.196104e+01,2.194035e+01,2.194035e+01,2.196104e+01,2.186445e+01,2.188516e+01,2.187135e+01,2.187135e+01,2.183684e+01,2.183684e+01,2.200241e+01,2.180922e+01,2.179540e+01,2.176777e+01,2.186445e+01,2.186445e+01,2.182993e+01,2.175395e+01,2.187825e+01,2.160182e+01,2.185065e+01,2.180231e+01,2.184374e+01,2.171248e+01,2.173322e+01,2.175395e+01,2.172631e+01,2.171940e+01,2.169866e+01,2.165025e+01,2.164334e+01,2.169866e+01,2.166409e+01,2.168483e+01,2.162950e+01,2.156721e+01,2.158798e+01,2.156721e+01,2.174013e+01,2.175395e+01,2.174704e+01,2.166409e+01,2.180231e+01,2.185755e+01,2.175395e+01,2.164334e+01,2.186445e+01,2.187135e+01,2.187135e+01,2.193345e+01,2.194035e+01,2.191965e+01,2.186445e+01,2.191276e+01,2.199551e+01,2.207131e+01,2.202308e+01,2.209198e+01,2.198172e+01,2.202997e+01,2.205065e+01,2.209198e+01,2.202997e+01,2.212641e+01,2.200930e+01,2.198862e+01,2.200930e+01,2.205754e+01,2.195414e+01,2.196104e+01,2.205754e+01,2.198172e+01,2.199551e+01,2.205065e+01,2.216771e+01,2.206442e+01,2.202997e+01,2.202997e+01,2.201619e+01,2.203687e+01,2.204376e+01,2.195414e+01,2.186445e+01,2.200241e+01,2.206442e+01,2.200241e+01,2.189896e+01,2.207820e+01,2.209886e+01,2.201619e+01,2.187135e+01,2.213329e+01,2.189206e+01,2.186445e+01,2.194035e+01,2.189896e+01,2.191276e+01,2.182303e+01,2.191965e+01,2.185755e+01,2.186445e+01,2.183684e+01,2.171248e+01,2.178159e+01,2.176086e+01,2.173322e+01,2.171248e+01,2.174704e+01,2.170557e+01,2.157414e+01,2.175395e+01,2.160182e+01,2.159490e+01,2.169866e+01,2.156029e+01,2.162950e+01,2.153952e+01,2.151875e+01,2.162950e+01,2.147718e+01,2.156029e+01,2.151875e+01,2.156029e+01,2.137320e+01,2.151182e+01,2.148411e+01,2.153952e+01,2.138707e+01,2.153952e+01,2.156029e+01,2.144253e+01,2.158798e+01,2.157414e+01,2.130382e+01,2.155337e+01,2.171248e+01,2.153952e+01,2.146332e+01,2.143560e+01,2.155337e+01,2.150489e+01,2.149104e+01,2.153260e+01,2.156029e+01,2.146332e+01,2.158798e+01,2.158798e+01,2.157414e+01,2.157414e+01,2.154645e+01,2.152567e+01,2.153952e+01,2.134545e+01,2.154645e+01,2.167100e+01,2.171248e+01,2.153952e+01,2.153952e+01,2.160182e+01,2.148411e+01,2.151182e+01,2.154645e+01,2.152567e+01,2.157414e+01,2.154645e+01,2.160874e+01,2.159490e+01,2.158106e+01,2.158798e+01,2.156029e+01,2.151182e+01,2.162950e+01,2.155337e+01,2.152567e+01,2.153952e+01,2.153952e+01,2.158106e+01,2.160182e+01,2.138013e+01,2.147718e+01,2.156029e+01,2.140094e+01,2.161566e+01,2.144946e+01,2.148411e+01,2.143560e+01,2.142867e+01,2.141480e+01,2.138707e+01,2.140094e+01,2.133851e+01,2.153952e+01,2.127605e+01,2.139400e+01,2.149104e+01,2.135239e+01,2.123439e+01,2.129688e+01,2.126217e+01,2.119271e+01,2.128299e+01,2.138013e+01,2.140094e+01,2.145639e+01,2.117186e+01,2.128299e+01,2.127605e+01,2.130382e+01,2.135933e+01,2.116491e+01,2.114406e+01,2.135933e+01,2.125522e+01,2.121355e+01,2.120660e+01,2.128299e+01,2.142174e+01,2.124133e+01,2.126217e+01,2.125522e+01,2.126217e+01,2.135239e+01,2.120660e+01,2.134545e+01,2.126217e+01,2.122744e+01,2.132464e+01,2.135239e+01,2.132464e+01,2.125522e+01,2.128993e+01,2.126911e+01,2.142174e+01,2.137320e+01,2.127605e+01,2.135933e+01,2.132464e+01,2.131770e+01,2.148411e+01,2.131770e+01,2.137320e+01,2.144946e+01,2.147718e+01,2.136626e+01,2.140787e+01,2.142867e+01,2.156721e+01,2.138707e+01,2.155337e+01,2.139400e+01,2.142867e+01,2.135239e+01,2.135933e+01
2.200241e+01,2.214017e+01,2.212641e+01,2.215394e+01,2.211952e+01,2.207820e+01,2.198862e+01,2.203687e+01,2.207131e+01,2.207820e+01,2.204376e+01,2.209198e+01,2.204376e+01,2.209886e+01,2.198862e+01,2.197483e+01,2.200930e+01,2.199551e+01,2.189206e+01,2.202308e+01,2.199551e+01,2.219523e+01,2.194725e+01,2.200241e+01,2.189896e+01,2.193345e+01,2.185065e+01,2.172631e+01,2.168483e+01,2.177468e+01,2.180231e+01,2.181612e+01,2.174704e+01,2.175395e+01,2.183684e+01,2.180922e+01,2.180922e+01,2.182993e+01,2.171248e+01,2.169175e+01,2.167100e+01,2.178159e+01,2.174013e+01,2.170557e+01,2.170557e+01,2.168483e+01,2.173322e+01,2.172631e+01,2.169175e+01,2.167792e+01,2.180922e+01,2.171248e+01,2.172631e+01,2.172631e+01,2.176086e+01,2.169866e+01,2.177468e+01,2.174704e+01,2.174013e+01,2.172631e+01,2.178159e+01,2.191276e+01,2.185755e+01,2.191276e+01,2.191276e+01,2.200930e+01,2.191965e+01,2.180231e+01,2.188516e+01,2.171940e+01,2.193345e+01,2.196793e+01,2.194035e+01,2.194035e+01,2.189206e+01,2.194035e+01,2.198862e+01,2.196104e+01,2.198172e+01,2.198862e+01,2.199551e+01,2.201619e+01,2.189896e+01,2.192655e+01,2.198862e+01,2.191965e+01,2.209198e+01,2.192655e+01,2.199551e+01,2.199551e+01,2.200930e+01,2.198862e+01,2.196104e+01,2.203687e+01,2.207131e+01,2.205065e+01,2.196793e+01,2.193345e+01,2.200930e+01,2.198172e+01,2.189206e+01,2.189896e+01,2.191276e+01,2.198172e+01,2.196104e+01,2.174013e+01,2.173322e+01,2.173322e+01,2.135239e+01,2.140787e+01,2.131076e+01,2.144253e+01,2.132464e+01,2.139400e+01,2.147718e+01,2.158798e+01,2.156721e+01,2.133851e+01,2.128993e+01,2.142867e+01,2.135933e+01,2.139400e+01,2.133158e+01,2.128993e+01,2.156029e+01,2.153952e+01,2.131076e+01,2.135239e+01,2.150489e+01,2.160874e+01,2.149104e+01,2.138707e+01,2.142174e+01,2.134545e+01,2.138707e+01,2.146332e+01,2.144946e+01,2.150489e+01,2.154645e+01,2.147718e+01,2.178159e+01,2.178850e+01,2.181612e+01,2.183684e+01,2.183684e+01,2.182993e+01,2.176086e+01,2.169866e+01,2.123439e+01,2.138707e+01,2.138013e+01,2.115796e+01,2.143560e+01,2.142174e+01,2.123439e+01,2.113015e+01,2.132464e+01,2.120660e+01,2.136626e+01,2.134545e+01,2.147025e+01,2.140787e+01,2.196104e+01,2.194035e+01,2.190586e+01,2.192655e+01,2.196793e+01,2.205754e+01,2.200930e+01,2.200241e+01,2.200930e+01,2.202308e+01,2.189206e+01,2.204376e+01,2.198172e+01,2.205754e+01,2.197483e+01,2.202308e+01,2.210575e+01,2.202997e+01,2.205754e+01,2.205754e+01,2.207820e+01,2.205065e+01,2.200930e+01,2.203687e+01,2.201619e+01,2.196793e+01,2.205754e+01,2.208509e+01,2.203687e+01,2.199551e+01,2.205065e+01,2.214706e+01,2.206442e+01,2.205065e+01,2.200241e+01,2.203687e+01,2.202308e+01,2.206442e+01,2.183684e+01,2.201619e+01,2.202308e+01,2.202997e+01,2.201619e+01,2.197483e+01,2.203687e+01,2.202997e+01,2.197483e+01,2.212641e+01,2.196793e+01,2.194725e+01,2.209886e+01,2.203687e+01,2.216771e+01,2.196793e+01,2.194035e+01,2.216771e+01,2.194035e+01,2.200930e+01,2.182303e+01,2.188516e+01,2.194725e+01,2.191965e+01,2.192655e+01,2.204376e+01,2.202308e+01,2.201619e+01,2.198862e+01,2.196104e+01,2.198172e+01,2.198172e+01,2.192655e+01,2.201619e+01,2.199551e+01,2.205754e+01,2.209198e+01,2.209198e+01,2.197483e+01,2.201619e+01,2.200930e+01,2.200930e+01,2.196793e+01,2.202997e+01,2.197483e+01,2.192655e+01,2.201619e+01,2.195414e+01,2.196104e+01,2.200241e+01,2.206442e+01,2.195414e+01,2.198172e+01,2.195414e+01,2.202997e+01,2.184374e+01,2.189206e+01,2.195414e+01,2.200930e+01,2.194725e+01,2.198862e+01,2.198172e+01,2.193345e+01,2.199551e+01,2.201619e+01,2.193345e+01,2.200241e+01,2.222962e+01,2.198172e+01,2.198862e+01,2.200241e+01,2.204376e+01,2.204376e+01,2.176777e+01,2.202997e+01,2.197483e+01,2.191965e+01,2.192655e+01,2.202997e+01,2.205754e+01,2.194035e+01,2.194035e+01,2.188516e+01,2.192655e+01,2.199551e+01,2.207820e+01,2.193345e+01,2.197483e+01,2.198862e+01,2.194725e+01,2.200241e+01,2.195414e+01,2.196793e+01,2.201619e+01,2.191965e+01,2.201619e+01,2.191965e+01,2.189896e+01,2.192655e+01,2.184374e+01,2.184374e+01,2.188516e+01,2.190586e+01,2.182993e+01,2.179540e+01,2.188516e+01,2.174704e+01,2.189896e+01,2.181612e+01,2.194725e+01,2.175395e+01,2.181612e+01,2.183684e+01,2.169175e+01,2.177468e+01,2.172631e+01,2.183684e+01,2.153260e+01,2.171940e+01,2.160874e+01,2.165025e+01,2.165717e+01,2.169866e+01,2.180922e+01,2.183684e+01,2.184374e+01,2.185755e+01,2.181612e+01,2.171940e+01,2.177468e+01,2.178850e+01,2.189896e+01,2.186445e+01,2.174013e+01,2.187825e+01,2.193345e+01,2.167792e+01,2.172631e+01,2.169866e+01,2.171248e+01,2.154645e+01,2.168483e+01,2.166409e+01,2.171940e+01,2.157414e+01,2.157414e+01,2.162950e+01,2.165025e+01,2.156029e+01,2.151182e+01,2.165025e+01,2.187825e+01,2.166409e+01,2.189206e+01,2.200241e+01,2.185065e+01,2.198862e+01,2.196104e+01,2.190586e+01,2.196104e+01,2.201619e+01,2.205754e+01,2.195414e+01,2.200930e+01,2.198172e+01,2.203687e+01,2.199551e+01,2.211952e+01,2.190586e+01,2.194035e+01,2.191276e+01,2.202997e+01,2.190586e+01,2.200930e+01,2.198172e+01,2.195414e+01,2.192655e+01,2.183684e+01,2.195414e+01,2.194035e+01,2.200930e+01,2.194035e+01,2.202308e+01,2.196793e+01,2.191276e+01,2.194035e+01,2.193345e+01,2.196104e+01,2.199551e+01,2.194725e+01,2.196104e+01,2.192655e+01,2.184374e+01,2.178159e+01,2.185065e+01,2.186445e+01,2.187135e+01,2.176777e+01,2.178159e+01,2.189206e+01,2.189206e+01,2.192655e+01,2.177468e+01,2.182303e+01,2.185755e+01,2.187825e+01,2.178159e+01,2.182303e+01,2.174704e+01,2.178850e+01,2.182303e+01,2.174704e+01,2.171248e+01,2.174704e+01,2.176777e+01,2.180231e+01,2.159490e+01,2.181612e+01,2.177468e+01,2.164334e+01,2.167792e+01,2.170557e+01,2.169866e+01,2.158106e+01,2.157414e+01,2.177468e+01,2.174704e+01,2.185065e+01,2.165717e+01,2.186445e+01,2.176777e+01,2.182303e+01,2.185065e+01,2.189206e+01,2.187825e+01,2.188516e+01,2.187825e+01,2.190586e+01,2.196104e+01,2.189896e+01,2.201619e+01,2.211263e+01,2.198172e+01,2.198172e+01,2.202308e+01,2.198862e+01,2.203687e+01,2.205065e+01,2.198172e+01,2.207131e+01,2.201619e+01,2.205065e+01,2.202308e+01,2.201619e+01,2.203687e+01,2.196104e+01,2.198172e+01,2.197483e+01,2.199551e+01,2.198862e+01,2.198862e+01,2.194035e+01,2.205065e+01,2.220211e+01,2.218147e+01,2.198172e+01,2.206442e+01,2.198862e+01,2.206442e+01,2.189896e+01,2.205065e+01,2.204376e+01,2.206442e+01,2.204376e+01,2.205754e+01,2.194725e+01,2.206442e+01,2.195414e+01,2.205065e+01,2.202308e+01,2.190586e+01,2.195414e+01,2.194035e+01,2.193345e+01,2.185755e+01,2.183684e+01,2.199551e+01,2.193345e+01,2.182993e+01,2.171248e+01,2.178159e+01,2.180231e+01,2.181612e+01,2.172631e+01,2.184374e+01,2.177468e+01,2.178159e+01,2.164334e+01,2.165025e+01,2.159490e+01,2.159490e+01,2.156721e+01,2.157414e+01,2.152567e+01,2.148411e+01,2.144253e+01,2.162258e+01,2.150489e+01,2.160874e+01,2.151182e+01,2.158106e+01,2.160182e+01,2.149796e+01,2.148411e+01,2.151182e+01,2.150489e+01,2.148411e+01,2.149104e+01,2.154645e+01,2.156029e+01,2.149796e+01,2.161566e+01,2.169866e+01,2.164334e+01,2.150489e+01,2.158798e+01,2.157414e+01,2.151182e+01,2.153260e+01,2.153952e+01,2.158798e+01,2.153952e+01,2.158106e+01,2.148411e+01,2.157414e+01,2.169866e+01,2.153952e+01,2.153952e+01,2.155337e+01,2.153260e+01,2.161566e+01,2.151182e+01,2.164334e+01,2.171248e+01,2.170557e+01,2.154645e+01,2.169175e+01,2.153260e+01,2.165025e+01,2.161566e+01,2.164334e+01,2.154645e+01,2.150489e+01,2.153260e+01,2.158106e+01,2.154645e+01,2.154645e+01,2.171940e+01,2.154645e+01,2.151875e+01,2.169866e+01,2.158106e+01,2.157414e+01,2.155337e+01,2.171940e+01,2.171940e+01,2.165025e+01,2.158106e+01,2.157414e+01,2.158106e+01,2.144946e+01,2.145639e+01,2.166409e+01,2.144946e+01,2.144253e+01,2.165025e+01,2.129688e+01,2.147718e+01,2.136626e+01,2.138707e+01,2.166409e+01,2.152567e+01,2.140787e+01,2.150489e+01,2.126911e+01,2.141480e+01,2.147025e+01,2.126217e+01,2.133851e+01,2.126217e+01,2.126911e+01,2.122744e+01,2.128993e+01,2.131770e+01,2.132464e+01,2.130382e+01,2.126217e+01,2.138013e+01,2.140094e+01,2.121355e+01,2.137320e+01,2.125522e+01,2.134545e+01,2.123439e+01,2.143560e+01,2.128993e+01,2.137320e+01,2.135933e+01,2.138013e+01,2.135933e+01,2.146332e+01,2.129688e+01,2.142174e+01,2.126911e+01,2.128993e+01,2.138707e+01,2.140787e+01,2.139400e+01,2.143560e+01,2.139400e+01,2.140787e+01,2.135239e+01,2.140094e+01,2.131770e+01,2.141480e+01,2.140094e+01,2.147718e+01,2.145639e+01,2.146332e+01,2.144253e+01,2.142867e+01,2.145639e+01,2.140094e+01,2.140094e+01,2.149796e+01,2.140094e+01,2.151875e+01,2.146332e+01,2.154645e+01,2.131076e+01
2.210575e+01,2.214017e+01,2.213329e+01,2.198172e+01,2.205065e+01,2.205065e+01,2.207820e+01,2.205754e+01,2.207131e+01,2.207820e+01,2.205754e+01,2.210575e+01,2.214706e+01,2.211952e+01,2.221587e+01,2.205065e+01,2.215394e+01,2.204376e+01,2.196793e+01,2.202308e+01,2.194725e+01,2.182993e+01,2.200930e+01,2.196793e+01,2.187135e+01,2.186445e+01,2.172631e+01,2.174704e+01,2.183684e+01,2.174013e+01,2.174704e+01,2.178850e+01,2.181612e+01,2.176777e+01,2.179540e+01,2.178159e+01,2.180231e+01,2.177468e+01,2.172631e+01,2.168483e+01,2.180231e+01,2.167100e+01,2.169866e+01,2.169866e+01,2.173322e+01,2.169175e+01,2.171940e+01,2.175395e+01,2.172631e+01,2.171940e+01,2.171248e+01,2.172631e+01,2.169866e+01,2.172631e+01,2.179540e+01,2.170557e+01,2.176086e+01,2.177468e+01,2.182993e+01,2.173322e+01,2.191965e+01,2.185755e+01,2.192655e+01,2.189896e+01,2.176777e+01,2.196793e+01,2.176086e+01,2.179540e+01,2.182303e+01,2.174704e+01,2.170557e+01,2.191276e+01,2.195414e+01,2.196104e+01,2.202308e+01,2.180231e+01,2.180231e+01,2.187825e+01,2.191276e+01,2.198172e+01,2.195414e+01,2.196793e+01,2.203687e+01,2.198172e+01,2.207820e+01,2.189206e+01,2.197483e+01,2.195414e+01,2.210575e+01,2.208509e+01,2.197483e+01,2.188516e+01,2.193345e+01,2.205754e+01,2.199551e+01,2.198862e+01,2.191276e+01,2.169175e+01,2.202308e+01,2.197483e+01,2.185065e+01,2.194725e+01,2.205065e+01,2.175395e+01,2.190586e+01,2.180922e+01,2.184374e+01,2.174704e+01,2.142174e+01,2.130382e+01,2.131076e+01,2.131076e+01,2.139400e+01,2.136626e+01,2.142867e+01,2.133851e+01,2.133158e+01,2.136626e+01,2.136626e+01,2.134545e+01,2.109539e+01,2.135933e+01,2.131770e+01,2.127605e+01,2.129688e+01,2.126911e+01,2.137320e+01,2.131076e+01,2.147025e+01,2.138013e+01,2.140094e+01,2.138013e+01,2.135239e+01,2.139400e+01,2.131770e+01,2.131076e+01,2.138013e+01,2.141480e+01,2.155337e+01,2.152567e+01,2.183684e+01,2.185755e+01,2.184374e+01,2.196104e+01,2.180922e+01,2.184374e+01,2.187825e+01,2.166409e+01,2.133851e+01,2.138707e+01,2.120660e+01,2.137320e+01,2.118576e+01,2.114406e+01,2.117881e+01,2.117186e+01,2.120660e+01,2.127605e+01,2.128299e+01,2.135239e+01,2.145639e+01,2.173322e+01,2.187135e+01,2.189206e+01,2.204376e+01,2.194035e+01,2.203687e+01,2.186445e+01,2.202308e+01,2.204376e+01,2.185755e+01,2.202308e+01,2.187825e+01,2.200241e+01,2.200241e+01,2.191276e+01,2.203687e+01,2.200930e+01,2.207131e+01,2.189896e+01,2.207820e+01,2.202997e+01,2.196793e+01,2.205065e+01,2.209886e+01,2.204376e+01,2.201619e+01,2.202997e+01,2.204376e+01,2.222962e+01,2.205065e+01,2.201619e+01,2.192655e+01,2.212641e+01,2.209198e+01,2.211263e+01,2.215394e+01,2.207820e+01,2.212641e+01,2.210575e+01,2.200241e+01,2.206442e+01,2.209198e+01,2.190586e+01,2.200241e+01,2.202308e+01,2.201619e+01,2.207131e+01,2.199551e+01,2.202997e+01,2.199551e+01,2.203687e+01,2.206442e+01,2.209886e+01,2.192655e+01,2.200241e+01,2.201619e+01,2.196104e+01,2.207131e+01,2.202308e+01,2.207131e+01,2.186445e+01,2.187135e+01,2.181612e+01,2.201619e+01,2.197483e+01,2.196104e+01,2.198172e+01,2.197483e+01,2.196104e+01,2.185065e+01,2.194725e+01,2.191965e+01,2.198172e+01,2.192655e+01,2.198172e+01,2.206442e+01,2.202997e+01,2.208509e+01,2.191276e+01,2.200241e+01,2.195414e+01,2.197483e+01,2.196793e+01,2.202997e+01,2.200241e+01,2.196104e+01,2.191965e+01,2.192655e+01,2.192655e+01,2.209886e+01,2.195414e+01,2.201619e+01,2.203687e+01,2.210575e+01,2.199551e+01,2.201619e+01,2.199551e+01,2.200241e+01,2.200930e+01,2.198862e+01,2.196104e+01,2.193345e+01,2.191965e+01,2.196793e+01,2.186445e+01,2.194035e+01,2.202308e+01,2.199551e+01,2.204376e+01,2.202308e+01,2.205065e+01,2.201619e+01,2.188516e+01,2.182993e+01,2.195414e+01,2.195414e+01,2.191965e+01,2.202308e+01,2.191965e+01,2.203687e+01,2.189896e+01,2.188516e+01,2.194035e+01,2.202997e+01,2.193345e+01,2.196104e+01,2.196793e+01,2.194035e+01,2.191276e+01,2.198862e+01,2.192655e+01,2.205754e+01,2.189206e+01,2.195414e+01,2.185755e+01,2.193345e+01,2.193345e+01,2.203687e+01,2.184374e+01,2.176086e+01,2.211263e+01,2.181612e+01,2.183684e+01,2.187825e+01,2.188516e+01,2.178159e+01,2.180231e+01,2.193345e+01,2.181612e+01,2.176777e+01,2.179540e+01,2.179540e+01,2.177468e+01,2.170557e+01,2.180231e+01,2.165717e+01,2.169175e+01,2.169866e+01,2.157414e+01,2.156029e+01,2.174704e+01,2.170557e+01,2.171940e+01,2.177468e+01,2.180231e+01,2.181612e+01,2.186445e+01,2.180231e+01,2.169175e+01,2.188516e+01,2.187825e+01,2.189896e+01,2.178159e+01,2.175395e+01,2.173322e+01,2.174013e+01,2.176777e+01,2.189206e+01,2.170557e+01,2.169175e+01,2.171940e+01,2.163642e+01,2.169866e+01,2.157414e+01,2.174013e+01,2.156029e+01,2.156721e+01,2.156029e+01,2.164334e+01,2.156721e+01,2.160182e+01,2.167100e+01,2.193345e+01,2.198862e+01,2.187135e+01,2.194035e+01,2.184374e+01,2.201619e+01,2.205754e+01,2.200241e+01,2.195414e+01,2.197483e+01,2.191276e+01,2.197483e+01,2.191276e+01,2.205065e+01,2.201619e+01,2.196793e+01,2.207820e+01,2.205754e+01,2.189896e+01,2.200930e+01,2.189896e+01,2.202997e+01,2.201619e+01,2.191276e+01,2.196793e+01,2.195414e+01,2.186445e+01,2.195414e+01,2.194035e+01,2.196104e+01,2.204376e+01,2.186445e+01,2.196104e+01,2.201619e+01,2.194725e+01,2.196104e+01,2.194725e+01,2.195414e+01,2.194035e+01,2.192655e+01,2.189896e+01,2.187825e+01,2.185065e+01,2.185065e+01,2.200241e+01,2.192655e+01,2.199551e+01,2.178850e+01,2.191276e+01,2.187825e+01,2.178159e+01,2.183684e+01,2.185065e+01,2.183684e+01,2.185065e+01,2.171248e+01,2.182303e+01,2.174013e+01,2.182303e+01,2.182993e+01,2.175395e+01,2.182303e+01,2.173322e+01,2.163642e+01,2.160182e+01,2.180922e+01,2.164334e+01,2.177468e+01,2.181612e+01,2.160874e+01,2.161566e+01,2.165717e+01,2.171248e+01,2.176086e+01,2.170557e+01,2.170557e+01,2.178850e+01,2.189206e+01,2.177468e+01,2.182303e+01,2.192655e+01,2.185755e+01,2.196104e+01,2.187135e+01,2.187825e+01,2.189896e+01,2.211263e+01,2.187825e+01,2.208509e+01,2.198862e+01,2.192655e+01,2.194035e+01,2.207820e+01,2.205754e+01,2.196793e+01,2.204376e+01,2.194725e+01,2.202308e+01,2.200241e+01,2.199551e+01,2.201619e+01,2.201619e+01,2.205065e+01,2.195414e+01,2.205754e+01,2.200930e+01,2.207131e+01,2.202308e+01,2.203687e+01,2.200241e+01,2.207820e+01,2.205065e+01,2.196793e+01,2.189206e+01,2.198172e+01,2.202308e+01,2.211952e+01,2.202308e+01,2.187135e+01,2.206442e+01,2.196793e+01,2.198172e+01,2.185755e+01,2.187135e+01,2.191276e+01,2.204376e+01,2.180922e+01,2.192655e+01,2.176086e+01,2.189896e+01,2.192655e+01,2.190586e+01,2.192655e+01,2.179540e+01,2.178850e+01,2.172631e+01,2.179540e+01,2.175395e+01,2.183684e+01,2.162950e+01,2.166409e+01,2.165025e+01,2.166409e+01,2.166409e+01,2.169866e+01,2.159490e+01,2.156029e+01,2.157414e+01,2.155337e+01,2.156721e+01,2.160182e+01,2.149796e+01,2.160874e+01,2.157414e+01,2.153260e+01,2.154645e+01,2.162258e+01,2.138013e+01,2.156721e+01,2.149104e+01,2.149796e+01,2.152567e+01,2.152567e+01,2.153260e+01,2.145639e+01,2.152567e+01,2.159490e+01,2.178850e+01,2.156721e+01,2.154645e+01,2.156029e+01,2.159490e+01,2.156721e+01,2.153260e+01,2.158106e+01,2.159490e+01,2.151182e+01,2.151875e+01,2.158106e+01,2.160874e+01,2.159490e+01,2.142174e+01,2.162258e+01,2.156029e+01,2.158106e+01,2.160182e+01,2.163642e+01,2.161566e+01,2.149796e+01,2.150489e+01,2.158798e+01,2.168483e+01,2.158106e+01,2.155337e+01,2.173322e+01,2.153952e+01,2.149104e+01,2.152567e+01,2.153260e+01,2.153260e+01,2.159490e+01,2.161566e+01,2.157414e+01,2.158106e+01,2.152567e+01,2.166409e+01,2.169175e+01,2.171248e+01,2.174013e+01,2.164334e+01,2.169866e+01,2.147025e+01,2.156721e+01,2.156721e+01,2.159490e+01,2.165025e+01,2.142867e+01,2.160874e+01,2.162258e+01,2.143560e+01,2.150489e+01,2.169175e+01,2.151875e+01,2.154645e+01,2.138013e+01,2.153952e+01,2.153260e+01,2.141480e+01,2.149104e+01,2.150489e+01,2.137320e+01,2.153952e+01,2.149796e+01,2.124828e+01,2.157414e+01,2.140787e+01,2.119271e+01,2.138013e+01,2.147718e+01,2.126911e+01,2.136626e+01,2.134545e+01,2.112320e+01,2.135933e+01,2.127605e+01,2.142867e+01,2.142174e+01,2.135933e+01,2.140787e+01,2.136626e+01,2.133158e+01,2.133158e+01,2.128299e+01,2.134545e+01,2.122050e+01,2.135239e+01,2.136626e+01,2.138707e+01,2.117186e+01,2.144253e+01,2.146332e+01,2.142867e+01,2.140787e+01,2.140094e+01,2.139400e+01,2.142174e+01,2.131770e+01,2.135239e+01,2.133158e+01,2.136626e+01,2.137320e+01,2.144946e+01,2.138707e+01,2.145639e+01,2.144946e+01,2.144946e+01,2.148411e+01,2.138707e+01,2.142174e+01,2.144253e+01,2.139400e+01,2.138013e+01,2.151182e+01,2.136626e+01,2.140787e+01,2.144253e+01,2.141480e+01
2.202997e+01,2.207131e+01,2.204376e+01,2.214017e+01,2.211952e+01,2.202308e+01,2.205065e+01,2.208509e+01,2.208509e+01,2.206442e+01,2.214017e+01,2.215394e+01,2.211952e+01,2.207820e+01,2.189896e+01,2.203687e+01,2.196793e+01,2.200930e+01,2.196793e+01,2.198862e+01,2.199551e+01,2.200241e+01,2.194725e+01,2.193345e+01,2.188516e+01,2.190586e+01,2.178850e+01,2.196104e+01,2.196793e+01,2.179540e+01,2.200930e+01,2.176777e+01,2.176777e+01,2.179540e+01,2.177468e+01,2.173322e+01,2.177468e+01,2.173322e+01,2.170557e+01,2.166409e+01,2.149104e+01,2.166409e+01,2.168483e+01,2.165025e+01,2.165717e+01,2.169175e+01,2.167100e+01,2.174013e+01,2.170557e+01,2.173322e+01,2.172631e+01,2.182993e+01,2.171940e+01,2.173322e+01,2.176086e+01,2.173322e+01,2.175395e+01,2.182303e+01,2.189206e+01,2.176086e+01,2.177468e+01,2.177468e+01,2.176086e+01,2.181612e+01,2.187135e+01,2.194035e+01,2.181612e+01,2.184374e+01,2.180231e+01,2.184374e+01,2.187135e+01,2.179540e+01,2.180922e+01,2.182993e+01,2.207131e+01,2.196104e+01,2.191965e+01,2.188516e+01,2.196104e+01,2.189206e+01,2.198172e+01,2.187135e+01,2.192655e+01,2.207820e+01,2.189896e+01,2.191965e+01,2.198172e+01,2.191276e+01,2.202308e+01,2.211263e+01,2.193345e+01,2.190586e+01,2.198862e+01,2.199551e+01,2.202308e+01,2.198862e+01,2.203687e+01,2.201619e+01,2.198862e+01,2.200241e+01,2.187135e+01,2.196793e+01,2.191965e+01,2.176777e+01,2.181612e+01,2.196793e+01,2.178850e+01,2.169866e+01,2.140787e+01,2.128993e+01,2.129688e+01,2.125522e+01,2.133158e+01,2.133851e+01,2.133851e+01,2.140787e+01,2.139400e+01,2.131076e+01,2.144253e+01,2.128299e+01,2.135239e+01,2.126911e+01,2.113711e+01,2.128993e+01,2.127605e+01,2.128993e+01,2.126911e+01,2.131076e+01,2.147718e+01,2.144253e+01,2.147718e+01,2.141480e+01,2.139400e+01,2.135239e+01,2.129688e+01,2.130382e+01,2.132464e+01,2.135239e+01,2.150489e+01,2.157414e+01,2.153260e+01,2.178159e+01,2.182993e+01,2.181612e+01,2.185755e+01,2.179540e+01,2.182993e+01,2.171248e+01,2.153952e+01,2.136626e+01,2.131076e+01,2.127605e+01,2.140094e+01,2.122744e+01,2.119966e+01,2.128299e+01,2.119271e+01,2.117881e+01,2.117186e+01,2.122744e+01,2.159490e+01,2.151182e+01,2.185755e+01,2.193345e+01,2.201619e+01,2.192655e+01,2.185065e+01,2.198172e+01,2.205065e+01,2.198172e+01,2.193345e+01,2.202308e+01,2.194725e+01,2.199551e+01,2.192655e+01,2.202308e+01,2.203687e+01,2.206442e+01,2.207131e+01,2.206442e+01,2.199551e+01,2.207820e+01,2.202308e+01,2.199551e+01,2.200241e+01,2.195414e+01,2.206442e+01,2.207131e+01,2.205754e+01,2.200930e+01,2.211263e+01,2.198172e+01,2.194725e+01,2.209886e+01,2.206442e+01,2.213329e+01,2.202308e+01,2.207131e+01,2.202308e+01,2.205754e+01,2.205065e+01,2.202997e+01,2.207131e+01,2.195414e+01,2.192655e+01,2.205754e+01,2.207131e+01,2.207131e+01,2.198862e+01,2.198172e+01,2.194725e+01,2.191276e+01,2.203687e+01,2.207131e+01,2.201619e+01,2.201619e+01,2.198862e+01,2.194725e+01,2.175395e+01,2.206442e+01,2.185755e+01,2.194725e+01,2.193345e+01,2.189896e+01,2.185755e+01,2.202308e+01,2.200241e+01,2.197483e+01,2.194035e+01,2.196104e+01,2.182993e+01,2.182993e+01,2.193345e+01,2.180922e+01,2.192655e+01,2.200930e+01,2.202308e+01,2.196104e+01,2.187825e+01,2.187135e+01,2.191965e+01,2.183684e+01,2.194725e+01,2.195414e+01,2.185065e+01,2.196793e+01,2.193345e+01,2.199551e+01,2.198862e+01,2.199551e+01,2.191276e+01,2.188516e+01,2.197483e+01,2.186445e+01,2.199551e+01,2.202997e+01,2.185755e+01,2.199551e+01,2.189206e+01,2.194725e+01,2.192655e+01,2.187825e+01,2.189206e+01,2.188516e+01,2.184374e+01,2.196793e+01,2.198862e+01,2.195414e+01,2.193345e+01,2.199551e+01,2.198862e+01,2.200930e+01,2.192655e+01,2.195414e+01,2.195414e+01,2.196793e+01,2.195414e+01,2.193345e+01,2.200930e+01,2.193345e+01,2.196793e+01,2.206442e+01,2.184374e+01,2.189896e+01,2.198172e+01,2.195414e+01,2.196793e+01,2.209198e+01,2.194035e+01,2.209886e+01,2.199551e+01,2.203687e+01,2.186445e+01,2.199551e+01,2.205754e+01,2.200930e+01,2.187135e+01,2.196104e+01,2.189896e+01,2.172631e+01,2.184374e+01,2.181612e+01,2.184374e+01,2.178159e+01,2.184374e+01,2.174704e+01,2.190586e+01,2.171248e+01,2.169175e+01,2.178850e+01,2.178850e+01,2.180922e+01,2.180231e+01,2.175395e+01,2.179540e+01,2.170557e+01,2.169175e+01,2.155337e+01,2.155337e+01,2.157414e+01,2.155337e+01,2.168483e+01,2.167100e+01,2.172631e+01,2.163642e+01,2.181612e+01,2.179540e+01,2.191276e+01,2.191965e+01,2.180922e+01,2.185065e+01,2.182303e+01,2.185065e+01,2.184374e+01,2.187135e+01,2.185755e+01,2.195414e+01,2.191965e+01,2.181612e+01,2.178850e+01,2.178159e+01,2.178159e+01,2.172631e+01,2.172631e+01,2.176086e+01,2.165717e+01,2.167792e+01,2.157414e+01,2.162950e+01,2.157414e+01,2.160874e+01,2.157414e+01,2.159490e+01,2.164334e+01,2.191965e+01,2.190586e+01,2.184374e+01,2.193345e+01,2.199551e+01,2.202997e+01,2.207820e+01,2.201619e+01,2.194725e+01,2.198862e+01,2.201619e+01,2.201619e+01,2.201619e+01,2.204376e+01,2.198172e+01,2.194035e+01,2.204376e+01,2.200241e+01,2.204376e+01,2.205065e+01,2.202997e+01,2.205065e+01,2.193345e+01,2.198172e+01,2.195414e+01,2.194725e+01,2.187825e+01,2.189896e+01,2.195414e+01,2.196793e+01,2.197483e+01,2.194725e+01,2.198862e+01,2.195414e+01,2.194725e+01,2.196104e+01,2.195414e+01,2.182993e+01,2.191965e+01,2.190586e+01,2.186445e+01,2.191965e+01,2.202308e+01,2.182993e+01,2.181612e+01,2.197483e+01,2.194035e+01,2.197483e+01,2.190586e+01,2.182993e+01,2.189896e+01,2.183684e+01,2.182993e+01,2.174704e+01,2.183684e+01,2.181612e+01,2.169175e+01,2.170557e+01,2.171940e+01,2.174013e+01,2.173322e+01,2.164334e+01,2.187135e+01,2.165717e+01,2.164334e+01,2.166409e+01,2.174013e+01,2.164334e+01,2.164334e+01,2.174013e+01,2.164334e+01,2.167100e+01,2.168483e+01,2.172631e+01,2.174013e+01,2.174704e+01,2.178159e+01,2.176777e+01,2.173322e+01,2.190586e+01,2.192655e+01,2.184374e+01,2.194725e+01,2.193345e+01,2.202308e+01,2.187825e+01,2.198862e+01,2.196793e+01,2.182303e+01,2.197483e+01,2.196793e+01,2.204376e+01,2.206442e+01,2.207820e+01,2.203687e+01,2.203687e+01,2.200241e+01,2.202308e+01,2.208509e+01,2.202308e+01,2.200241e+01,2.204376e+01,2.199551e+01,2.191965e+01,2.195414e+01,2.204376e+01,2.201619e+01,2.199551e+01,2.198172e+01,2.207820e+01,2.213329e+01,2.200241e+01,2.194725e+01,2.207820e+01,2.209198e+01,2.196104e+01,2.205754e+01,2.205065e+01,2.202997e+01,2.200930e+01,2.189206e+01,2.210575e+01,2.196104e+01,2.190586e+01,2.225713e+01,2.196793e+01,2.193345e+01,2.185065e+01,2.177468e+01,2.194035e+01,2.176086e+01,2.189206e+01,2.179540e+01,2.186445e+01,2.181612e+01,2.182993e+01,2.178850e+01,2.171940e+01,2.181612e+01,2.174704e+01,2.160874e+01,2.174704e+01,2.162258e+01,2.163642e+01,2.157414e+01,2.159490e+01,2.156721e+01,2.152567e+01,2.156029e+01,2.162258e+01,2.158798e+01,2.166409e+01,2.158798e+01,2.159490e+01,2.149104e+01,2.149104e+01,2.153952e+01,2.160874e+01,2.160182e+01,2.156721e+01,2.154645e+01,2.154645e+01,2.152567e+01,2.144253e+01,2.156029e+01,2.147025e+01,2.156721e+01,2.153952e+01,2.156721e+01,2.166409e+01,2.169175e+01,2.151182e+01,2.165717e+01,2.142174e+01,2.161566e+01,2.158106e+01,2.161566e+01,2.158798e+01,2.149796e+01,2.149104e+01,2.159490e+01,2.156029e+01,2.152567e+01,2.158798e+01,2.162950e+01,2.149104e+01,2.151182e+01,2.167792e+01,2.166409e+01,2.159490e+01,2.163642e+01,2.158106e+01,2.155337e+01,2.156029e+01,2.166409e+01,2.153952e+01,2.169175e+01,2.156721e+01,2.162258e+01,2.166409e+01,2.158106e+01,2.154645e+01,2.169175e+01,2.171940e+01,2.151875e+01,2.158106e+01,2.147718e+01,2.158798e+01,2.167100e+01,2.176086e+01,2.149104e+01,2.169866e+01,2.154645e+01,2.161566e+01,2.158798e+01,2.147025e+01,2.168483e+01,2.154645e+01,2.163642e+01,2.146332e+01,2.146332e+01,2.147718e+01,2.140094e+01,2.158798e+01,2.155337e+01,2.143560e+01,2.138013e+01,2.140094e+01,2.149796e+01,2.151182e+01,2.138707e+01,2.136626e+01,2.140094e+01,2.146332e+01,2.149104e+01,2.144946e+01,2.156721e+01,2.121355e+01,2.141480e+01,2.140094e+01,2.140094e+01,2.135933e+01,2.132464e+01,2.140094e+01,2.145639e+01,2.123439e+01,2.138013e+01,2.131770e+01,2.136626e+01,2.145639e+01,2.136626e+01,2.124828e+01,2.134545e+01,2.138707e+01,2.125522e+01,2.147025e+01,2.124828e+01,2.126217e+01,2.147025e+01,2.135933e+01,2.136626e+01,2.138013e+01,2.144253e+01,2.124133e+01,2.128299e+01,2.135933e+01,2.139400e+01,2.137320e+01,2.135933e+01,2.139400e+01,2.142174e+01,2.141480e+01,2.144253e+01,2.143560e+01,2.138707e+01,2.142174e+01,2.149104e+01,2.156721e+01,2.133851e+01,2.126217e+01,2.142174e+01,2.151182e+01,2.141480e+01,2.138013e+01,2.113711e+01,2.145639e+01
2.205754e+01,2.209886e+01,2.193345e+01,2.209886e+01,2.209198e+01,2.216771e+01,2.205065e+01,2.207820e+01,2.200241e+01,2.211263e+01,2.218835e+01,2.221587e+01,2.199551e+01,2.199551e+01,2.206442e+01,2.200930e+01,2.207820e+01,2.204376e+01,2.198172e+01,2.200930e+01,2.197483e+01,2.197483e+01,2.185755e+01,2.196793e+01,2.187825e+01,2.185755e+01,2.182993e+01,2.185065e+01,2.186445e+01,2.180231e+01,2.178159e+01,2.184374e+01,2.176086e+01,2.176777e+01,2.175395e+01,2.176086e+01,2.184374e+01,2.167792e+01,2.166409e+01,2.168483e+01,2.165717e+01,2.179540e+01,2.167100e+01,2.167792e+01,2.180231e+01,2.166409e+01,2.174013e+01,2.169866e+01,2.169866e+01,2.169175e+01,2.169175e+01,2.170557e+01,2.171248e+01,2.176777e+01,2.177468e+01,2.184374e+01,2.178850e+01,2.187135e+01,2.199551e+01,2.189896e+01,2.193345e+01,2.174013e+01,2.180231e+01,2.186445e+01,2.182303e+01,2.183684e+01,2.200241e+01,2.186445e+01,2.180231e+01,2.180922e+01,2.197483e+01,2.194035e+01,2.189896e+01,2.179540e+01,2.191965e+01,2.180922e+01,2.200930e+01,2.193345e+01,2.189896e+01,2.194725e+01,2.187825e+01,2.187135e+01,2.205065e+01,2.189896e+01,2.166409e+01,2.182993e+01,2.191276e+01,2.196793e+01,2.194725e+01,2.201619e+01,2.197483e+01,2.190586e+01,2.202308e+01,2.195414e+01,2.196793e+01,2.198172e+01,2.197483e+01,2.191965e+01,2.200930e+01,2.194725e+01,2.190586e+01,2.181612e+01,2.179540e+01,2.186445e+01,2.191965e+01,2.185065e+01,2.196104e+01,2.178850e+01,2.140787e+01,2.115796e+01,2.094226e+01,2.123439e+01,2.124133e+01,2.128993e+01,2.133158e+01,2.124133e+01,2.138707e+01,2.131770e+01,2.128299e+01,2.110929e+01,2.125522e+01,2.133158e+01,2.113711e+01,2.114406e+01,2.122744e+01,2.131076e+01,2.106756e+01,2.116491e+01,2.129688e+01,2.139400e+01,2.131076e+01,2.140787e+01,2.131076e+01,2.127605e+01,2.140094e+01,2.133851e+01,2.130382e+01,2.130382e+01,2.151182e+01,2.152567e+01,2.156721e+01,2.153952e+01,2.180922e+01,2.184374e+01,2.185065e+01,2.181612e+01,2.185755e+01,2.180922e+01,2.135933e+01,2.138013e+01,2.135239e+01,2.138707e+01,2.141480e+01,2.140787e+01,2.143560e+01,2.123439e+01,2.118576e+01,2.124133e+01,2.123439e+01,2.128299e+01,2.128299e+01,2.136626e+01,2.158106e+01,2.188516e+01,2.187825e+01,2.191276e+01,2.194725e+01,2.203687e+01,2.203687e+01,2.197483e+01,2.196793e+01,2.195414e+01,2.187825e+01,2.207131e+01,2.194035e+01,2.202308e+01,2.209886e+01,2.203687e+01,2.201619e+01,2.208509e+01,2.205065e+01,2.209198e+01,2.209886e+01,2.203687e+01,2.200241e+01,2.206442e+01,2.213329e+01,2.207820e+01,2.207131e+01,2.203687e+01,2.205754e+01,2.207131e+01,2.197483e+01,2.207820e+01,2.196793e+01,2.210575e+01,2.210575e+01,2.202308e+01,2.202997e+01,2.211263e+01,2.198172e+01,2.202308e+01,2.197483e+01,2.196104e+01,2.202997e+01,2.201619e+01,2.202308e+01,2.207131e+01,2.202997e+01,2.205065e+01,2.202997e+01,2.200930e+01,2.203687e+01,2.200930e+01,2.196793e+01,2.198862e+01,2.200241e+01,2.196793e+01,2.194035e+01,2.196104e+01,2.196104e+01,2.192655e+01,2.198172e+01,2.187825e+01,2.196793e+01,2.196793e+01,2.194725e+01,2.200930e+01,2.189896e+01,2.198862e+01,2.187135e+01,2.191276e+01,2.188516e+01,2.192655e+01,2.189896e+01,2.196793e+01,2.191276e+01,2.183684e+01,2.185065e+01,2.185065e+01,2.185065e+01,2.189896e+01,2.200241e+01,2.196793e+01,2.184374e+01,2.198172e+01,2.197483e+01,2.195414e+01,2.196104e+01,2.190586e+01,2.189896e+01,2.191276e+01,2.185755e+01,2.198862e+01,2.199551e+01,2.201619e+01,2.183684e+01,2.188516e+01,2.184374e+01,2.200241e+01,2.191276e+01,2.191276e+01,2.193345e+01,2.191276e+01,2.193345e+01,2.198862e+01,2.189206e+01,2.172631e+01,2.180922e+01,2.197483e+01,2.197483e+01,2.200241e+01,2.194035e+01,2.196104e+01,2.196793e+01,2.194725e+01,2.194725e+01,2.194035e+01,2.196104e+01,2.185755e+01,2.189896e+01,2.205065e+01,2.197483e+01,2.202308e+01,2.203687e+01,2.198862e+01,2.202308e+01,2.186445e+01,2.196104e+01,2.183684e+01,2.202308e+01,2.201619e+01,2.190586e+01,2.189896e+01,2.186445e+01,2.187135e+01,2.187135e+01,2.195414e+01,2.195414e+01,2.188516e+01,2.187825e+01,2.187825e+01,2.180922e+01,2.182303e+01,2.180231e+01,2.171940e+01,2.169866e+01,2.177468e+01,2.169866e+01,2.166409e+01,2.175395e+01,2.176777e+01,2.177468e+01,2.171248e+01,2.177468e+01,2.178159e+01,2.170557e+01,2.161566e+01,2.158798e+01,2.162950e+01,2.165717e+01,2.150489e+01,2.165717e+01,2.169175e+01,2.174013e+01,2.174704e+01,2.180231e+01,2.181612e+01,2.176086e+01,2.182993e+01,2.175395e+01,2.179540e+01,2.185755e+01,2.177468e+01,2.180922e+01,2.182993e+01,2.174704e+01,2.189206e+01,2.182303e+01,2.182993e+01,2.186445e+01,2.160182e+01,2.177468e+01,2.168483e+01,2.167100e+01,2.174013e+01,2.162258e+01,2.158798e+01,2.162950e+01,2.164334e+01,2.178850e+01,2.164334e+01,2.163642e+01,2.157414e+01,2.153260e+01,2.180922e+01,2.189896e+01,2.187825e+01,2.184374e+01,2.194725e+01,2.205754e+01,2.204376e+01,2.196104e+01,2.203687e+01,2.202997e+01,2.198172e+01,2.197483e+01,2.194035e+01,2.198862e+01,2.200241e+01,2.189206e+01,2.203687e+01,2.193345e+01,2.184374e+01,2.200930e+01,2.200930e+01,2.194725e+01,2.198172e+01,2.189896e+01,2.194725e+01,2.197483e+01,2.189206e+01,2.197483e+01,2.200241e+01,2.199551e+01,2.197483e+01,2.194725e+01,2.192655e+01,2.205065e+01,2.187135e+01,2.193345e+01,2.192655e+01,2.195414e+01,2.181612e+01,2.171940e+01,2.191965e+01,2.187135e+01,2.177468e+01,2.180922e+01,2.198862e+01,2.179540e+01,2.196793e+01,2.186445e+01,2.179540e+01,2.191965e+01,2.189896e+01,2.185755e+01,2.180231e+01,2.179540e+01,2.178159e+01,2.174013e+01,2.177468e+01,2.183684e+01,2.183684e+01,2.166409e+01,2.178850e+01,2.164334e+01,2.162950e+01,2.167100e+01,2.166409e+01,2.172631e+01,2.183684e+01,2.181612e+01,2.175395e+01,2.171940e+01,2.164334e+01,2.166409e+01,2.169866e+01,2.176086e+01,2.187825e+01,2.189206e+01,2.178159e+01,2.188516e+01,2.189896e+01,2.185065e+01,2.185755e+01,2.184374e+01,2.194035e+01,2.196793e+01,2.203687e+01,2.200241e+01,2.198862e+01,2.200241e+01,2.205065e+01,2.179540e+01,2.205065e+01,2.205754e+01,2.207820e+01,2.206442e+01,2.200241e+01,2.206442e+01,2.207131e+01,2.202308e+01,2.202997e+01,2.202308e+01,2.204376e+01,2.196793e+01,2.197483e+01,2.199551e+01,2.204376e+01,2.194035e+01,2.201619e+01,2.193345e+01,2.191276e+01,2.192655e+01,2.190586e+01,2.206442e+01,2.200241e+01,2.207131e+01,2.207131e+01,2.197483e+01,2.204376e+01,2.191276e+01,2.198862e+01,2.198862e+01,2.191276e+01,2.191276e+01,2.195414e+01,2.199551e+01,2.202308e+01,2.195414e+01,2.187825e+01,2.180922e+01,2.188516e+01,2.182303e+01,2.174704e+01,2.184374e+01,2.173322e+01,2.177468e+01,2.175395e+01,2.175395e+01,2.165717e+01,2.181612e+01,2.163642e+01,2.161566e+01,2.177468e+01,2.165025e+01,2.159490e+01,2.167100e+01,2.163642e+01,2.167100e+01,2.154645e+01,2.156029e+01,2.149796e+01,2.152567e+01,2.158798e+01,2.152567e+01,2.158106e+01,2.153260e+01,2.156029e+01,2.156721e+01,2.153260e+01,2.153260e+01,2.156029e+01,2.153952e+01,2.142174e+01,2.153260e+01,2.145639e+01,2.148411e+01,2.154645e+01,2.154645e+01,2.157414e+01,2.162950e+01,2.162258e+01,2.169175e+01,2.156721e+01,2.161566e+01,2.159490e+01,2.162258e+01,2.156029e+01,2.156721e+01,2.149796e+01,2.156721e+01,2.159490e+01,2.161566e+01,2.150489e+01,2.162950e+01,2.172631e+01,2.155337e+01,2.168483e+01,2.168483e+01,2.149104e+01,2.171248e+01,2.157414e+01,2.167792e+01,2.170557e+01,2.159490e+01,2.158106e+01,2.162258e+01,2.153260e+01,2.150489e+01,2.168483e+01,2.169175e+01,2.168483e+01,2.156721e+01,2.174704e+01,2.173322e+01,2.171248e+01,2.174704e+01,2.151875e+01,2.167100e+01,2.149104e+01,2.162258e+01,2.167792e+01,2.168483e+01,2.167100e+01,2.166409e+01,2.136626e+01,2.149104e+01,2.158106e+01,2.155337e+01,2.156721e+01,2.147718e+01,2.167792e+01,2.163642e+01,2.148411e+01,2.153952e+01,2.164334e+01,2.151875e+01,2.148411e+01,2.149104e+01,2.138707e+01,2.150489e+01,2.139400e+01,2.135933e+01,2.131076e+01,2.153952e+01,2.147025e+01,2.147718e+01,2.144253e+01,2.144253e+01,2.144253e+01,2.141480e+01,2.143560e+01,2.147718e+01,2.122744e+01,2.135239e+01,2.144253e+01,2.134545e+01,2.147025e+01,2.135933e+01,2.141480e+01,2.136626e+01,2.146332e+01,2.147025e+01,2.143560e+01,2.128993e+01,2.137320e+01,2.142867e+01,2.138013e+01,2.131076e+01,2.127605e+01,2.143560e+01,2.142867e+01,2.138707e+01,2.140787e+01,2.140094e+01,2.128993e+01,2.147025e+01,2.124133e+01,2.132464e+01,2.149796e+01,2.120660e+01,2.151875e+01,2.151875e+01,2.147025e+01,2.155337e+01,2.146332e+01,2.147718e+01,2.140094e+01,2.142174e+01,2.146332e+01,2.142174e+01,2.147718e+01,2.135239e+01,2.124828e+01,2.149796e+01,2.142867e+01,2.140094e+01,2.139400e+01
2.209198e+01,2.194035e+01,2.212641e+01,2.215394e+01,2.205754e+01,2.204376e+01,2.203687e+01,2.202997e+01,2.211952e+01,2.212641e+01,2.207820e+01,2.205754e+01,2.198862e+01,2.209198e+01,2.208509e+01,2.207820e+01,2.207820e+01,2.202308e+01,2.200241e+01,2.201619e+01,2.197483e+01,2.198172e+01,2.192655e+01,2.196104e+01,2.194725e+01,2.187135e+01,2.196793e+01,2.187135e+01,2.195414e+01,2.187825e+01,2.174013e+01,2.178159e+01,2.174013e+01,2.185755e+01,2.177468e+01,2.182993e+01,2.177468e+01,2.181612e+01,2.185755e+01,2.162950e+01,2.165717e+01,2.166409e+01,2.187825e+01,2.167100e+01,2.189206e+01,2.190586e+01,2.157414e+01,2.189206e+01,2.173322e+01,2.171248e+01,2.170557e+01,2.174704e+01,2.179540e+01,2.178159e+01,2.179540e+01,2.169866e+01,2.185065e+01,2.178159e+01,2.176086e+01,2.190586e+01,2.174704e+01,2.185755e+01,2.181612e+01,2.176777e+01,2.188516e+01,2.176086e+01,2.182993e+01,2.170557e+01,2.194725e+01,2.200241e+01,2.183684e+01,2.180922e+01,2.182993e+01,2.199551e+01,2.190586e+01,2.192655e+01,2.198172e+01,2.179540e+01,2.186445e+01,2.198172e+01,2.191276e+01,2.194725e+01,2.189206e+01,2.192655e+01,2.193345e+01,2.191965e+01,2.202997e+01,2.198172e+01,2.192655e+01,2.197483e+01,2.203687e+01,2.191276e+01,2.199551e+01,2.189896e+01,2.189896e+01,2.197483e+01,2.197483e+01,2.199551e+01,2.207131e+01,2.195414e+01,2.196793e+01,2.194035e+01,2.185755e+01,2.177468e+01,2.173322e+01,2.187135e+01,2.178159e+01,2.167100e+01,2.154645e+01,2.122050e+01,2.122744e+01,2.123439e+01,2.132464e+01,2.120660e+01,2.138013e+01,2.131770e+01,2.131770e+01,2.126217e+01,2.137320e+01,2.136626e+01,2.110234e+01,2.115796e+01,2.108843e+01,2.120660e+01,2.103973e+01,2.119271e+01,2.107452e+01,2.133158e+01,2.132464e+01,2.125522e+01,2.118576e+01,2.137320e+01,2.128993e+01,2.137320e+01,2.131770e+01,2.129688e+01,2.144946e+01,2.156029e+01,2.154645e+01,2.153260e+01,2.154645e+01,2.147025e+01,2.156029e+01,2.187825e+01,2.184374e+01,2.187135e+01,2.184374e+01,2.180922e+01,2.144946e+01,2.139400e+01,2.131076e+01,2.126911e+01,2.128299e+01,2.124133e+01,2.142867e+01,2.123439e+01,2.122050e+01,2.113015e+01,2.124828e+01,2.119271e+01,2.137320e+01,2.130382e+01,2.145639e+01,2.190586e+01,2.188516e+01,2.200241e+01,2.200930e+01,2.202308e+01,2.194725e+01,2.202997e+01,2.203687e+01,2.196104e+01,2.207820e+01,2.198172e+01,2.191276e+01,2.193345e+01,2.210575e+01,2.198862e+01,2.195414e+01,2.196104e+01,2.203687e+01,2.200241e+01,2.210575e+01,2.211952e+01,2.210575e+01,2.210575e+01,2.209886e+01,2.202997e+01,2.205754e+01,2.205754e+01,2.198172e+01,2.205065e+01,2.200930e+01,2.202308e+01,2.203687e+01,2.198172e+01,2.205065e+01,2.196104e+01,2.203687e+01,2.202997e+01,2.200930e+01,2.208509e+01,2.208509e+01,2.210575e+01,2.197483e+01,2.201619e+01,2.202997e+01,2.199551e+01,2.211263e+01,2.201619e+01,2.200241e+01,2.197483e+01,2.202308e+01,2.194725e+01,2.189206e+01,2.199551e+01,2.199551e+01,2.194725e+01,2.191276e+01,2.193345e+01,2.189896e+01,2.193345e+01,2.186445e+01,2.193345e+01,2.191276e+01,2.194725e+01,2.191965e+01,2.202308e+01,2.207820e+01,2.198172e+01,2.180922e+01,2.189896e+01,2.192655e+01,2.191965e+01,2.196104e+01,2.198172e+01,2.204376e+01,2.186445e+01,2.184374e+01,2.203687e+01,2.197483e+01,2.187825e+01,2.191276e+01,2.187135e+01,2.186445e+01,2.186445e+01,2.191276e+01,2.178850e+01,2.191276e+01,2.190586e+01,2.192655e+01,2.189896e+01,2.190586e+01,2.189206e+01,2.199551e+01,2.185065e+01,2.184374e+01,2.189206e+01,2.189896e+01,2.189896e+01,2.189206e+01,2.189896e+01,2.194725e+01,2.190586e+01,2.204376e+01,2.196793e+01,2.194725e+01,2.177468e+01,2.180922e+01,2.196793e+01,2.179540e+01,2.200930e+01,2.195414e+01,2.196104e+01,2.191276e+01,2.189896e+01,2.189206e+01,2.195414e+01,2.196793e+01,2.182303e+01,2.201619e+01,2.202308e+01,2.199551e+01,2.198862e+01,2.201619e+01,2.199551e+01,2.190586e+01,2.174013e+01,2.200930e+01,2.208509e+01,2.205754e+01,2.205754e+01,2.191965e+01,2.189896e+01,2.192655e+01,2.195414e+01,2.190586e+01,2.187135e+01,2.193345e+01,2.189206e+01,2.194725e+01,2.188516e+01,2.177468e+01,2.174704e+01,2.176086e+01,2.187825e+01,2.171248e+01,2.171940e+01,2.181612e+01,2.178159e+01,2.171940e+01,2.180922e+01,2.175395e+01,2.176086e+01,2.172631e+01,2.159490e+01,2.171248e+01,2.164334e+01,2.157414e+01,2.163642e+01,2.165025e+01,2.171940e+01,2.156029e+01,2.178159e+01,2.180231e+01,2.175395e+01,2.182303e+01,2.183684e+01,2.180922e+01,2.180922e+01,2.180922e+01,2.178159e+01,2.176777e+01,2.189206e+01,2.184374e+01,2.182303e+01,2.185065e+01,2.182303e+01,2.185065e+01,2.187135e+01,2.169866e+01,2.177468e+01,2.167792e+01,2.176086e+01,2.175395e+01,2.166409e+01,2.173322e+01,2.162258e+01,2.163642e+01,2.166409e+01,2.162950e+01,2.163642e+01,2.158798e+01,2.153952e+01,2.159490e+01,2.180922e+01,2.186445e+01,2.191965e+01,2.190586e+01,2.191965e+01,2.196104e+01,2.206442e+01,2.208509e+01,2.196793e+01,2.202997e+01,2.197483e+01,2.195414e+01,2.198172e+01,2.205754e+01,2.204376e+01,2.196793e+01,2.186445e+01,2.191965e+01,2.196793e+01,2.200241e+01,2.196104e+01,2.192655e+01,2.189896e+01,2.195414e+01,2.193345e+01,2.202308e+01,2.189206e+01,2.201619e+01,2.202308e+01,2.198172e+01,2.201619e+01,2.199551e+01,2.193345e+01,2.193345e+01,2.199551e+01,2.195414e+01,2.205754e+01,2.198172e+01,2.198172e+01,2.189206e+01,2.191276e+01,2.182993e+01,2.180922e+01,2.182303e+01,2.189206e+01,2.187825e+01,2.193345e+01,2.191965e+01,2.193345e+01,2.188516e+01,2.187135e+01,2.192655e+01,2.181612e+01,2.180231e+01,2.185065e+01,2.176777e+01,2.184374e+01,2.180231e+01,2.182303e+01,2.176777e+01,2.172631e+01,2.166409e+01,2.169866e+01,2.172631e+01,2.176086e+01,2.174704e+01,2.177468e+01,2.172631e+01,2.172631e+01,2.160182e+01,2.167792e+01,2.189206e+01,2.187825e+01,2.172631e+01,2.174704e+01,2.171248e+01,2.189896e+01,2.180922e+01,2.196104e+01,2.194035e+01,2.192655e+01,2.198862e+01,2.194035e+01,2.194725e+01,2.191276e+01,2.202308e+01,2.194035e+01,2.206442e+01,2.193345e+01,2.202997e+01,2.207131e+01,2.207820e+01,2.197483e+01,2.207820e+01,2.199551e+01,2.200241e+01,2.205065e+01,2.199551e+01,2.203687e+01,2.206442e+01,2.199551e+01,2.209886e+01,2.201619e+01,2.187825e+01,2.200930e+01,2.198172e+01,2.209886e+01,2.198862e+01,2.209886e+01,2.193345e+01,2.194035e+01,2.205065e+01,2.191965e+01,2.198862e+01,2.203687e+01,2.211952e+01,2.196104e+01,2.191276e+01,2.196104e+01,2.199551e+01,2.189206e+01,2.202308e+01,2.191965e+01,2.191276e+01,2.181612e+01,2.193345e+01,2.184374e+01,2.176777e+01,2.189206e+01,2.179540e+01,2.181612e+01,2.177468e+01,2.173322e+01,2.176086e+01,2.176086e+01,2.184374e+01,2.169866e+01,2.172631e+01,2.178159e+01,2.165717e+01,2.170557e+01,2.169175e+01,2.163642e+01,2.158798e+01,2.169866e+01,2.158106e+01,2.143560e+01,2.152567e+01,2.163642e+01,2.156721e+01,2.153952e+01,2.157414e+01,2.158798e+01,2.158798e+01,2.158106e+01,2.144946e+01,2.146332e+01,2.149104e+01,2.158798e+01,2.141480e+01,2.148411e+01,2.158798e+01,2.163642e+01,2.154645e+01,2.158106e+01,2.156029e+01,2.161566e+01,2.148411e+01,2.151182e+01,2.158798e+01,2.156721e+01,2.149104e+01,2.152567e+01,2.154645e+01,2.167100e+01,2.156721e+01,2.150489e+01,2.160874e+01,2.158798e+01,2.156029e+01,2.157414e+01,2.156029e+01,2.158798e+01,2.148411e+01,2.165717e+01,2.160182e+01,2.158106e+01,2.171248e+01,2.168483e+01,2.167792e+01,2.167792e+01,2.172631e+01,2.165717e+01,2.174013e+01,2.171940e+01,2.187135e+01,2.165025e+01,2.169175e+01,2.154645e+01,2.164334e+01,2.158798e+01,2.190586e+01,2.158798e+01,2.171940e+01,2.169175e+01,2.162950e+01,2.174013e+01,2.169866e+01,2.168483e+01,2.160874e+01,2.160874e+01,2.167792e+01,2.152567e+01,2.169866e+01,2.157414e+01,2.165717e+01,2.145639e+01,2.164334e+01,2.165025e+01,2.154645e+01,2.154645e+01,2.160874e+01,2.144253e+01,2.146332e+01,2.146332e+01,2.151875e+01,2.153952e+01,2.131076e+01,2.151875e+01,2.153952e+01,2.151182e+01,2.160874e+01,2.142174e+01,2.144253e+01,2.176777e+01,2.117881e+01,2.144946e+01,2.147718e+01,2.152567e+01,2.131770e+01,2.148411e+01,2.133851e+01,2.143560e+01,2.151875e+01,2.136626e+01,2.149104e+01,2.145639e+01,2.139400e+01,2.149104e+01,2.143560e+01,2.135239e+01,2.138707e+01,2.134545e+01,2.138013e+01,2.140094e+01,2.142174e+01,2.149796e+01,2.148411e+01,2.144946e+01,2.142867e+01,2.144946e+01,2.139400e+01,2.146332e+01,2.142174e+01,2.130382e+01,2.126911e+01,2.149796e+01,2.144946e+01,2.144946e+01,2.155337e+01,2.144946e+01,2.153260e+01,2.133158e+01,2.146332e+01,2.151875e+01,2.147025e+01,2.141480e+01,2.151182e+01,2.128299e+01,2.150489e+01,2.148411e+01,2.144946e+01,2.145639e+01,2.138707e+01,2.138013e+01
2.194725e+01,2.209886e+01,2.209198e+01,2.212641e+01,2.207820e+01,2.198172e+01,2.218835e+01,2.209198e+01,2.214706e+01,2.214706e+01,2.204376e+01,2.220211e+01,2.207131e+01,2.222962e+01,2.203687e+01,2.187825e+01,2.201619e+01,2.194725e+01,2.197483e+01,2.202997e+01,2.199551e+01,2.198862e+01,2.196793e+01,2.191965e+01,2.190586e+01,2.193345e+01,2.180922e+01,2.206442e+01,2.180231e+01,2.175395e+01,2.180922e+01,2.180231e+01,2.184374e+01,2.183684e+01,2.171940e+01,2.180922e+01,2.171940e+01,2.185755e+01,2.187825e+01,2.177468e+01,2.181612e+01,2.167100e+01,2.185755e+01,2.187825e+01,2.169175e+01,2.178159e+01,2.167792e+01,2.175395e+01,2.171940e+01,2.167100e+01,2.171940e+01,2.173322e+01,2.176777e+01,2.177468e+01,2.182993e+01,2.179540e+01,2.165717e+01,2.183684e+01,2.188516e+01,2.180231e+01,2.199551e+01,2.201619e+01,2.184374e+01,2.200241e+01,2.190586e+01,2.190586e+01,2.183684e+01,2.198172e+01,2.182303e+01,2.210575e+01,2.187135e+01,2.195414e+01,2.190586e+01,2.194035e+01,2.193345e+01,2.194725e+01,2.178850e+01,2.189896e+01,2.187825e+01,2.189206e+01,2.187825e+01,2.196793e+01,2.194725e+01,2.191965e+01,2.196104e+01,2.191276e+01,2.191276e+01,2.200241e+01,2.204376e+01,2.197483e+01,2.198172e+01,2.190586e+01,2.196104e+01,2.192655e+01,2.196793e+01,2.204376e+01,2.192655e+01,2.198172e+01,2.188516e+01,2.193345e+01,2.187135e+01,2.188516e+01,2.192655e+01,2.174704e+01,2.182303e+01,2.190586e+01,2.172631e+01,2.180231e+01,2.171248e+01,2.135933e+01,2.122050e+01,2.118576e+01,2.132464e+01,2.133851e+01,2.133851e+01,2.130382e+01,2.126911e+01,2.122744e+01,2.125522e+01,2.116491e+01,2.113015e+01,2.110929e+01,2.115796e+01,2.113015e+01,2.113015e+01,2.102581e+01,2.091440e+01,2.119271e+01,2.109539e+01,2.133851e+01,2.110234e+01,2.120660e+01,2.122744e+01,2.128299e+01,2.129688e+01,2.139400e+01,2.127605e+01,2.131770e+01,2.141480e+01,2.149104e+01,2.144253e+01,2.154645e+01,2.157414e+01,2.176086e+01,2.187825e+01,2.190586e+01,2.192655e+01,2.163642e+01,2.169866e+01,2.144253e+01,2.131076e+01,2.129688e+01,2.132464e+01,2.138013e+01,2.119271e+01,2.120660e+01,2.128993e+01,2.131770e+01,2.132464e+01,2.127605e+01,2.128299e+01,2.123439e+01,2.128299e+01,2.167792e+01,2.194035e+01,2.188516e+01,2.194035e+01,2.189896e+01,2.189896e+01,2.185755e+01,2.197483e+01,2.200241e+01,2.198172e+01,2.212641e+01,2.200930e+01,2.212641e+01,2.209886e+01,2.207131e+01,2.209886e+01,2.200241e+01,2.205065e+01,2.199551e+01,2.202308e+01,2.200241e+01,2.207131e+01,2.207131e+01,2.207820e+01,2.199551e+01,2.198172e+01,2.207820e+01,2.209886e+01,2.195414e+01,2.198862e+01,2.204376e+01,2.201619e+01,2.211952e+01,2.197483e+01,2.215394e+01,2.212641e+01,2.205754e+01,2.201619e+01,2.209198e+01,2.204376e+01,2.183684e+01,2.207131e+01,2.208509e+01,2.201619e+01,2.201619e+01,2.211952e+01,2.202997e+01,2.202997e+01,2.202997e+01,2.189896e+01,2.189206e+01,2.200930e+01,2.197483e+01,2.191276e+01,2.196104e+01,2.188516e+01,2.187135e+01,2.186445e+01,2.189206e+01,2.183684e+01,2.198862e+01,2.202997e+01,2.185755e+01,2.191965e+01,2.201619e+01,2.190586e+01,2.181612e+01,2.196793e+01,2.197483e+01,2.194035e+01,2.188516e+01,2.185065e+01,2.198172e+01,2.197483e+01,2.200930e+01,2.190586e+01,2.183684e+01,2.180922e+01,2.178850e+01,2.182993e+01,2.192655e+01,2.185065e+01,2.189896e+01,2.187135e+01,2.180922e+01,2.196793e+01,2.177468e+01,2.190586e+01,2.185065e+01,2.185065e+01,2.196793e+01,2.196793e+01,2.182993e+01,2.191965e+01,2.185755e+01,2.185755e+01,2.189896e+01,2.190586e+01,2.189896e+01,2.189206e+01,2.184374e+01,2.185755e+01,2.201619e+01,2.185755e+01,2.188516e+01,2.189896e+01,2.190586e+01,2.198172e+01,2.185065e+01,2.188516e+01,2.200241e+01,2.186445e+01,2.193345e+01,2.183684e+01,2.189896e+01,2.190586e+01,2.197483e+01,2.197483e+01,2.187825e+01,2.196793e+01,2.196104e+01,2.189896e+01,2.201619e+01,2.191965e+01,2.188516e+01,2.206442e+01,2.193345e+01,2.188516e+01,2.186445e+01,2.191965e+01,2.206442e+01,2.199551e+01,2.196104e+01,2.191965e+01,2.195414e+01,2.187825e+01,2.185755e+01,2.195414e+01,2.186445e+01,2.182993e+01,2.187135e+01,2.183684e+01,2.187135e+01,2.176777e+01,2.172631e+01,2.188516e+01,2.178159e+01,2.177468e+01,2.178850e+01,2.176777e+01,2.184374e+01,2.180231e+01,2.164334e+01,2.164334e+01,2.172631e+01,2.171248e+01,2.162258e+01,2.175395e+01,2.167792e+01,2.170557e+01,2.183684e+01,2.175395e+01,2.198862e+01,2.180922e+01,2.192655e+01,2.181612e+01,2.184374e+01,2.178850e+01,2.192655e+01,2.187135e+01,2.199551e+01,2.184374e+01,2.198172e+01,2.183684e+01,2.196104e+01,2.186445e+01,2.185755e+01,2.184374e+01,2.183684e+01,2.181612e+01,2.176777e+01,2.170557e+01,2.174013e+01,2.164334e+01,2.176777e+01,2.164334e+01,2.159490e+01,2.155337e+01,2.165717e+01,2.153952e+01,2.156721e+01,2.176086e+01,2.188516e+01,2.191276e+01,2.191276e+01,2.192655e+01,2.191276e+01,2.184374e+01,2.195414e+01,2.209198e+01,2.207131e+01,2.198862e+01,2.202308e+01,2.198172e+01,2.197483e+01,2.194035e+01,2.213329e+01,2.196793e+01,2.204376e+01,2.200930e+01,2.203687e+01,2.202308e+01,2.202997e+01,2.206442e+01,2.205754e+01,2.193345e+01,2.193345e+01,2.203687e+01,2.205065e+01,2.195414e+01,2.201619e+01,2.198172e+01,2.201619e+01,2.196104e+01,2.196793e+01,2.198862e+01,2.196104e+01,2.196104e+01,2.202308e+01,2.196793e+01,2.193345e+01,2.201619e+01,2.205754e+01,2.194725e+01,2.193345e+01,2.195414e+01,2.193345e+01,2.182993e+01,2.185755e+01,2.191276e+01,2.194035e+01,2.187135e+01,2.187135e+01,2.190586e+01,2.177468e+01,2.176777e+01,2.177468e+01,2.183684e+01,2.189896e+01,2.184374e+01,2.178850e+01,2.180922e+01,2.178159e+01,2.182303e+01,2.170557e+01,2.171940e+01,2.171248e+01,2.171940e+01,2.168483e+01,2.163642e+01,2.174013e+01,2.169866e+01,2.162258e+01,2.175395e+01,2.187825e+01,2.185065e+01,2.187135e+01,2.182303e+01,2.186445e+01,2.189896e+01,2.189206e+01,2.170557e+01,2.191276e+01,2.201619e+01,2.193345e+01,2.197483e+01,2.189896e+01,2.205754e+01,2.198172e+01,2.204376e+01,2.203687e+01,2.208509e+01,2.205065e+01,2.198172e+01,2.205754e+01,2.198862e+01,2.205065e+01,2.196793e+01,2.201619e+01,2.206442e+01,2.193345e+01,2.206442e+01,2.204376e+01,2.206442e+01,2.200930e+01,2.198172e+01,2.194725e+01,2.198862e+01,2.198172e+01,2.216082e+01,2.196793e+01,2.205754e+01,2.200241e+01,2.202997e+01,2.200930e+01,2.191965e+01,2.200241e+01,2.194725e+01,2.200241e+01,2.198172e+01,2.198172e+01,2.200930e+01,2.190586e+01,2.180231e+01,2.200930e+01,2.191276e+01,2.187825e+01,2.193345e+01,2.177468e+01,2.189896e+01,2.177468e+01,2.185065e+01,2.186445e+01,2.172631e+01,2.198862e+01,2.180231e+01,2.174013e+01,2.181612e+01,2.178159e+01,2.164334e+01,2.180231e+01,2.174013e+01,2.148411e+01,2.170557e+01,2.157414e+01,2.153952e+01,2.156029e+01,2.151182e+01,2.152567e+01,2.157414e+01,2.156721e+01,2.166409e+01,2.156721e+01,2.154645e+01,2.154645e+01,2.152567e+01,2.159490e+01,2.156029e+01,2.158798e+01,2.157414e+01,2.153952e+01,2.158106e+01,2.151182e+01,2.146332e+01,2.152567e+01,2.151875e+01,2.162950e+01,2.164334e+01,2.168483e+01,2.160182e+01,2.159490e+01,2.157414e+01,2.167792e+01,2.159490e+01,2.149796e+01,2.163642e+01,2.152567e+01,2.153952e+01,2.154645e+01,2.159490e+01,2.154645e+01,2.174704e+01,2.164334e+01,2.167100e+01,2.181612e+01,2.169866e+01,2.150489e+01,2.175395e+01,2.154645e+01,2.172631e+01,2.171940e+01,2.165717e+01,2.166409e+01,2.163642e+01,2.160874e+01,2.167792e+01,2.171248e+01,2.171940e+01,2.182303e+01,2.150489e+01,2.169866e+01,2.176777e+01,2.158106e+01,2.177468e+01,2.172631e+01,2.167100e+01,2.166409e+01,2.191276e+01,2.177468e+01,2.169866e+01,2.169866e+01,2.169866e+01,2.167792e+01,2.177468e+01,2.151875e+01,2.169866e+01,2.152567e+01,2.167792e+01,2.173322e+01,2.160182e+01,2.154645e+01,2.156029e+01,2.163642e+01,2.175395e+01,2.151182e+01,2.153952e+01,2.164334e+01,2.156029e+01,2.149104e+01,2.158106e+01,2.154645e+01,2.163642e+01,2.156029e+01,2.153952e+01,2.157414e+01,2.160182e+01,2.157414e+01,2.151182e+01,2.146332e+01,2.153260e+01,2.151875e+01,2.131076e+01,2.157414e+01,2.158798e+01,2.151875e+01,2.147025e+01,2.151182e+01,2.149796e+01,2.136626e+01,2.139400e+01,2.148411e+01,2.143560e+01,2.142174e+01,2.142867e+01,2.147025e+01,2.159490e+01,2.146332e+01,2.147718e+01,2.142867e+01,2.135933e+01,2.138013e+01,2.136626e+01,2.141480e+01,2.142867e+01,2.143560e+01,2.138707e+01,2.144946e+01,2.143560e+01,2.153260e+01,2.155337e+01,2.153952e+01,2.153952e+01,2.152567e+01,2.156721e+01,2.146332e+01,2.151182e+01,2.145639e+01,2.147718e+01,2.142867e+01,2.147025e+01,2.124828e+01,2.132464e+01,2.136626e+01,2.153260e+01,2.141480e+01,2.133158e+01,2.146332e+01
2.212641e+01,2.208509e+01,2.216082e+01,2.210575e+01,2.222962e+01,2.191965e+01,2.196104e+01,2.221587e+01,2.200930e+01,2.213329e+01,2.209886e+01,2.207820e+01,2.207131e+01,2.214706e+01,2.208509e+01,2.203687e+01,2.187825e+01,2.204376e+01,2.194725e+01,2.202997e+01,2.198172e+01,2.200241e+01,2.200930e+01,2.196104e+01,2.196793e+01,2.187135e+01,2.187135e+01,2.204376e+01,2.179540e+01,2.174704e+01,2.174013e+01,2.185065e+01,2.178159e+01,2.174013e+01,2.165025e+01,2.176086e+01,2.173322e+01,2.167792e+01,2.177468e+01,2.180231e+01,2.165025e+01,2.180922e+01,2.170557e+01,2.168483e+01,2.169866e+01,2.171940e+01,2.169175e+01,2.176086e+01,2.176086e+01,2.172631e+01,2.170557e+01,2.176086e+01,2.176777e+01,2.183684e+01,2.182303e+01,2.179540e+01,2.174704e+01,2.182993e+01,2.187825e+01,2.180922e+01,2.183684e+01,2.189206e+01,2.180922e+01,2.182993e+01,2.188516e+01,2.186445e+01,2.183684e+01,2.191276e+01,2.180231e+01,2.178159e+01,2.187135e+01,2.182303e+01,2.185755e+01,2.195414e+01,2.185755e+01,2.178159e+01,2.195414e+01,2.198862e+01,2.196793e+01,2.198862e+01,2.184374e+01,2.187135e+01,2.181612e+01,2.198862e+01,2.188516e+01,2.192655e+01,2.199551e+01,2.202308e+01,2.196104e+01,2.197483e+01,2.196104e+01,2.194035e+01,2.209886e+01,2.196793e+01,2.192655e+01,2.205754e+01,2.195414e+01,2.205065e+01,2.191276e+01,2.191276e+01,2.184374e+01,2.187825e+01,2.182993e+01,2.185755e+01,2.176777e+01,2.187825e+01,2.172631e+01,2.171248e+01,2.153260e+01,2.121355e+01,2.125522e+01,2.121355e+01,2.123439e+01,2.122744e+01,2.128993e+01,2.124828e+01,2.125522e+01,2.124828e+01,2.116491e+01,2.110234e+01,2.103277e+01,2.116491e+01,2.099797e+01,2.087956e+01,2.115101e+01,2.112320e+01,2.090047e+01,2.105365e+01,2.104669e+01,2.110929e+01,2.111625e+01,2.108148e+01,2.092833e+01,2.126217e+01,2.131076e+01,2.134545e+01,2.135239e+01,2.135933e+01,2.133158e+01,2.131770e+01,2.133851e+01,2.155337e+01,2.156029e+01,2.174013e+01,2.165025e+01,2.182993e+01,2.182303e+01,2.180231e+01,2.164334e+01,2.142867e+01,2.132464e+01,2.128299e+01,2.131770e+01,2.130382e+01,2.130382e+01,2.127605e+01,2.116491e+01,2.134545e+01,2.129688e+01,2.125522e+01,2.126911e+01,2.131770e+01,2.126911e+01,2.140094e+01,2.178159e+01,2.198172e+01,2.189896e+01,2.202997e+01,2.207820e+01,2.163642e+01,2.202997e+01,2.198862e+01,2.202308e+01,2.204376e+01,2.205754e+01,2.208509e+01,2.205065e+01,2.194725e+01,2.200930e+01,2.197483e+01,2.219523e+01,2.201619e+01,2.205065e+01,2.209886e+01,2.207131e+01,2.209198e+01,2.211263e+01,2.198862e+01,2.207131e+01,2.205065e+01,2.208509e+01,2.202308e+01,2.204376e+01,2.214706e+01,2.191276e+01,2.209198e+01,2.202997e+01,2.205754e+01,2.211952e+01,2.191965e+01,2.187135e+01,2.198172e+01,2.183684e+01,2.180231e+01,2.180922e+01,2.205754e+01,2.197483e+01,2.200930e+01,2.198172e+01,2.204376e+01,2.200930e+01,2.200930e+01,2.199551e+01,2.196793e+01,2.196104e+01,2.195414e+01,2.197483e+01,2.195414e+01,2.194725e+01,2.197483e+01,2.189896e+01,2.186445e+01,2.182303e+01,2.180922e+01,2.183684e+01,2.189896e+01,2.185755e+01,2.189206e+01,2.187825e+01,2.182303e+01,2.180922e+01,2.186445e+01,2.187135e+01,2.192655e+01,2.189206e+01,2.192655e+01,2.202997e+01,2.182303e+01,2.206442e+01,2.182303e+01,2.180922e+01,2.181612e+01,2.174704e+01,2.184374e+01,2.174704e+01,2.189206e+01,2.196793e+01,2.192655e+01,2.189206e+01,2.181612e+01,2.176086e+01,2.178850e+01,2.182303e+01,2.187825e+01,2.180231e+01,2.191276e+01,2.185755e+01,2.183684e+01,2.189206e+01,2.171248e+01,2.188516e+01,2.182303e+01,2.178159e+01,2.176086e+01,2.184374e+01,2.186445e+01,2.185755e+01,2.194035e+01,2.182993e+01,2.187135e+01,2.191276e+01,2.190586e+01,2.193345e+01,2.185065e+01,2.188516e+01,2.184374e+01,2.184374e+01,2.194035e+01,2.183684e+01,2.198172e+01,2.195414e+01,2.191965e+01,2.182993e+01,2.193345e+01,2.178850e+01,2.205065e+01,2.189896e+01,2.200241e+01,2.189206e+01,2.191276e+01,2.200930e+01,2.183684e+01,2.183684e+01,2.194035e+01,2.194035e+01,2.188516e+01,2.191276e+01,2.187825e+01,2.187825e+01,2.191965e+01,2.187825e+01,2.193345e+01,2.192655e+01,2.182303e+01,2.176086e+01,2.174704e+01,2.188516e+01,2.173322e+01,2.167100e+01,2.174013e+01,2.180231e+01,2.180922e+01,2.187135e+01,2.182993e+01,2.172631e+01,2.167100e+01,2.170557e+01,2.159490e+01,2.160182e+01,2.167792e+01,2.160874e+01,2.163642e+01,2.156721e+01,2.165025e+01,2.183684e+01,2.184374e+01,2.185755e+01,2.190586e+01,2.187135e+01,2.181612e+01,2.180231e+01,2.182303e+01,2.202997e+01,2.200241e+01,2.191965e+01,2.185755e+01,2.194035e+01,2.192655e+01,2.198862e+01,2.181612e+01,2.179540e+01,2.187825e+01,2.179540e+01,2.174013e+01,2.167792e+01,2.179540e+01,2.172631e+01,2.170557e+01,2.181612e+01,2.171248e+01,2.156029e+01,2.156029e+01,2.176777e+01,2.152567e+01,2.151875e+01,2.172631e+01,2.189206e+01,2.189896e+01,2.185755e+01,2.202308e+01,2.196104e+01,2.190586e+01,2.197483e+01,2.200930e+01,2.219523e+01,2.198172e+01,2.200241e+01,2.198172e+01,2.196793e+01,2.200241e+01,2.197483e+01,2.204376e+01,2.202308e+01,2.190586e+01,2.203687e+01,2.200241e+01,2.205754e+01,2.197483e+01,2.206442e+01,2.200930e+01,2.215394e+01,2.199551e+01,2.201619e+01,2.200241e+01,2.201619e+01,2.197483e+01,2.197483e+01,2.202308e+01,2.189896e+01,2.189896e+01,2.184374e+01,2.192655e+01,2.185065e+01,2.203687e+01,2.185065e+01,2.195414e+01,2.194725e+01,2.183684e+01,2.187825e+01,2.182993e+01,2.185065e+01,2.193345e+01,2.178850e+01,2.191276e+01,2.187825e+01,2.179540e+01,2.185755e+01,2.182303e+01,2.180922e+01,2.173322e+01,2.178159e+01,2.178159e+01,2.178850e+01,2.177468e+01,2.178850e+01,2.167792e+01,2.180231e+01,2.173322e+01,2.185065e+01,2.184374e+01,2.169866e+01,2.177468e+01,2.174704e+01,2.167792e+01,2.175395e+01,2.162258e+01,2.166409e+01,2.168483e+01,2.168483e+01,2.177468e+01,2.189896e+01,2.176777e+01,2.183684e+01,2.188516e+01,2.194725e+01,2.192655e+01,2.189206e+01,2.190586e+01,2.202308e+01,2.206442e+01,2.204376e+01,2.184374e+01,2.203687e+01,2.204376e+01,2.207820e+01,2.204376e+01,2.202997e+01,2.205754e+01,2.201619e+01,2.195414e+01,2.203687e+01,2.197483e+01,2.206442e+01,2.201619e+01,2.201619e+01,2.202308e+01,2.215394e+01,2.195414e+01,2.202997e+01,2.196793e+01,2.199551e+01,2.198172e+01,2.189206e+01,2.198862e+01,2.189896e+01,2.195414e+01,2.195414e+01,2.202997e+01,2.197483e+01,2.201619e+01,2.196793e+01,2.189896e+01,2.197483e+01,2.196793e+01,2.196104e+01,2.200241e+01,2.197483e+01,2.198862e+01,2.194035e+01,2.191965e+01,2.194725e+01,2.177468e+01,2.182993e+01,2.170557e+01,2.180231e+01,2.182993e+01,2.178159e+01,2.172631e+01,2.174013e+01,2.177468e+01,2.177468e+01,2.165717e+01,2.170557e+01,2.162950e+01,2.182303e+01,2.148411e+01,2.165025e+01,2.166409e+01,2.162950e+01,2.151182e+01,2.160182e+01,2.154645e+01,2.164334e+01,2.157414e+01,2.162950e+01,2.160182e+01,2.157414e+01,2.156721e+01,2.144946e+01,2.152567e+01,2.156029e+01,2.151875e+01,2.151875e+01,2.153260e+01,2.156721e+01,2.146332e+01,2.163642e+01,2.147025e+01,2.163642e+01,2.159490e+01,2.155337e+01,2.158798e+01,2.156029e+01,2.160182e+01,2.158798e+01,2.166409e+01,2.168483e+01,2.165025e+01,2.166409e+01,2.158106e+01,2.171940e+01,2.155337e+01,2.163642e+01,2.152567e+01,2.162258e+01,2.154645e+01,2.150489e+01,2.155337e+01,2.170557e+01,2.156721e+01,2.158106e+01,2.170557e+01,2.161566e+01,2.167792e+01,2.167792e+01,2.165717e+01,2.165025e+01,2.162258e+01,2.168483e+01,2.159490e+01,2.154645e+01,2.164334e+01,2.152567e+01,2.169866e+01,2.164334e+01,2.168483e+01,2.156029e+01,2.164334e+01,2.180231e+01,2.158798e+01,2.172631e+01,2.169866e+01,2.170557e+01,2.183684e+01,2.170557e+01,2.173322e+01,2.170557e+01,2.166409e+01,2.169866e+01,2.153952e+01,2.162258e+01,2.167792e+01,2.159490e+01,2.168483e+01,2.153952e+01,2.150489e+01,2.165717e+01,2.164334e+01,2.165717e+01,2.165025e+01,2.145639e+01,2.159490e+01,2.151182e+01,2.144253e+01,2.151875e+01,2.154645e+01,2.150489e+01,2.165025e+01,2.153260e+01,2.156721e+01,2.160874e+01,2.152567e+01,2.148411e+01,2.151182e+01,2.144946e+01,2.156029e+01,2.153952e+01,2.159490e+01,2.147718e+01,2.141480e+01,2.152567e+01,2.137320e+01,2.138707e+01,2.153260e+01,2.151875e+01,2.133851e+01,2.142174e+01,2.152567e+01,2.140787e+01,2.153260e+01,2.132464e+01,2.149104e+01,2.145639e+01,2.128299e+01,2.137320e+01,2.114406e+01,2.144253e+01,2.147025e+01,2.144946e+01,2.138707e+01,2.139400e+01,2.148411e+01,2.149796e+01,2.147025e+01,2.156029e+01,2.144946e+01,2.133851e+01,2.149796e+01,2.148411e+01,2.149796e+01,2.140094e+01,2.143560e+01,2.148411e+01,2.133158e+01,2.144946e+01,2.148411e+01,2.145639e+01,2.140094e+01,2.142867e+01,2.148411e+01
2.203687e+01,2.205754e+01,2.189206e+01,2.211263e+01,2.207131e+01,2.194035e+01,2.196104e+01,2.209198e+01,2.217459e+01,2.211952e+01,2.221587e+01,2.205065e+01,2.204376e+01,2.203687e+01,2.201619e+01,2.218835e+01,2.187135e+01,2.200241e+01,2.200930e+01,2.205754e+01,2.191276e+01,2.199551e+01,2.205065e+01,2.197483e+01,2.196104e+01,2.201619e+01,2.187825e+01,2.182303e+01,2.181612e+01,2.176777e+01,2.176086e+01,2.178850e+01,2.180922e+01,2.176777e+01,2.188516e+01,2.185755e+01,2.173322e+01,2.176777e+01,2.179540e+01,2.179540e+01,2.180922e+01,2.180231e+01,2.176777e+01,2.179540e+01,2.180231e+01,2.174704e+01,2.176777e+01,2.176086e+01,2.192655e+01,2.172631e+01,2.178850e+01,2.174013e+01,2.173322e+01,2.178159e+01,2.174704e+01,2.173322e+01,2.183684e+01,2.185755e+01,2.176086e+01,2.199551e+01,2.180922e+01,2.187135e+01,2.183684e+01,2.188516e+01,2.193345e+01,2.182303e+01,2.186445e+01,2.200241e+01,2.182993e+01,2.202997e+01,2.183684e+01,2.197483e+01,2.184374e+01,2.191276e+01,2.176777e+01,2.189896e+01,2.194725e+01,2.189896e+01,2.195414e+01,2.196793e+01,2.198172e+01,2.196104e+01,2.200241e+01,2.192655e+01,2.202308e+01,2.205065e+01,2.207820e+01,2.202308e+01,2.202997e+01,2.191965e+01,2.187135e+01,2.199551e+01,2.195414e+01,2.196793e+01,2.201619e+01,2.187135e+01,2.191965e+01,2.180922e+01,2.207131e+01,2.188516e+01,2.185065e+01,2.182993e+01,2.180922e+01,2.187135e+01,2.174704e+01,2.177468e+01,2.176086e+01,2.171940e+01,2.171248e+01,2.140094e+01,2.122744e+01,2.125522e+01,2.123439e+01,2.128299e+01,2.133851e+01,2.120660e+01,2.119271e+01,2.122744e+01,2.118576e+01,2.122050e+01,2.117186e+01,2.113015e+01,2.113015e+01,2.093530e+01,2.095619e+01,2.111625e+01,2.108843e+01,2.094923e+01,2.112320e+01,2.104669e+01,2.104669e+01,2.092833e+01,2.109539e+01,2.122050e+01,2.135239e+01,2.140094e+01,2.128993e+01,2.124133e+01,2.132464e+01,2.131770e+01,2.149104e+01,2.153952e+01,2.140787e+01,2.152567e+01,2.174704e+01,2.185065e+01,2.175395e+01,2.173322e+01,2.146332e+01,2.134545e+01,2.121355e+01,2.126217e+01,2.124133e+01,2.130382e+01,2.119271e+01,2.135239e+01,2.128299e+01,2.139400e+01,2.126911e+01,2.105365e+01,2.115101e+01,2.121355e+01,2.123439e+01,2.124133e+01,2.168483e+01,2.192655e+01,2.197483e+01,2.211263e+01,2.207131e+01,2.200241e+01,2.204376e+01,2.200241e+01,2.211263e+01,2.196104e+01,2.214017e+01,2.191276e+01,2.204376e+01,2.209886e+01,2.201619e+01,2.195414e+01,2.200241e+01,2.198862e+01,2.198172e+01,2.200930e+01,2.199551e+01,2.207131e+01,2.215394e+01,2.209886e+01,2.206442e+01,2.213329e+01,2.211263e+01,2.200930e+01,2.212641e+01,2.200241e+01,2.200241e+01,2.207820e+01,2.210575e+01,2.201619e+01,2.194725e+01,2.207131e+01,2.199551e+01,2.208509e+01,2.208509e+01,2.198862e+01,2.199551e+01,2.185065e+01,2.209886e+01,2.189896e+01,2.202997e+01,2.191276e+01,2.202997e+01,2.210575e+01,2.187825e+01,2.194725e+01,2.189896e+01,2.204376e+01,2.183684e+01,2.202997e+01,2.192655e+01,2.195414e+01,2.184374e+01,2.183684e+01,2.184374e+01,2.200241e+01,2.182303e+01,2.183684e+01,2.184374e+01,2.205065e+01,2.194725e+01,2.182993e+01,2.184374e+01,2.183684e+01,2.185065e+01,2.186445e+01,2.193345e+01,2.183684e+01,2.181612e+01,2.185755e+01,2.187825e+01,2.182993e+01,2.196793e+01,2.187825e+01,2.189206e+01,2.189206e+01,2.174013e+01,2.180231e+01,2.182993e+01,2.188516e+01,2.189206e+01,2.176086e+01,2.189896e+01,2.185065e+01,2.178850e+01,2.183684e+01,2.181612e+01,2.185755e+01,2.180231e+01,2.186445e+01,2.187825e+01,2.191276e+01,2.182993e+01,2.180922e+01,2.189896e+01,2.187135e+01,2.186445e+01,2.185755e+01,2.182993e+01,2.182993e+01,2.189896e+01,2.188516e+01,2.191276e+01,2.193345e+01,2.191276e+01,2.191965e+01,2.191965e+01,2.179540e+01,2.185065e+01,2.187135e+01,2.177468e+01,2.197483e+01,2.199551e+01,2.198172e+01,2.193345e+01,2.190586e+01,2.194035e+01,2.205065e+01,2.189896e+01,2.187825e+01,2.191276e+01,2.191276e+01,2.189206e+01,2.189896e+01,2.205754e+01,2.197483e+01,2.185065e+01,2.202997e+01,2.189896e+01,2.189206e+01,2.193345e+01,2.181612e+01,2.193345e+01,2.180231e+01,2.179540e+01,2.175395e+01,2.185755e+01,2.188516e+01,2.190586e+01,2.187135e+01,2.187135e+01,2.183684e+01,2.182303e+01,2.186445e+01,2.177468e+01,2.182303e+01,2.171940e+01,2.174013e+01,2.165717e+01,2.162258e+01,2.160874e+01,2.162258e+01,2.166409e+01,2.162258e+01,2.171940e+01,2.178850e+01,2.191276e+01,2.185755e+01,2.183684e+01,2.192655e+01,2.195414e+01,2.188516e+01,2.188516e+01,2.204376e+01,2.184374e+01,2.184374e+01,2.188516e+01,2.187135e+01,2.195414e+01,2.200241e+01,2.196104e+01,2.187825e+01,2.181612e+01,2.183684e+01,2.175395e+01,2.185755e+01,2.171940e+01,2.187135e+01,2.174013e+01,2.174704e+01,2.169175e+01,2.183684e+01,2.165717e+01,2.178850e+01,2.153952e+01,2.154645e+01,2.142867e+01,2.151875e+01,2.189896e+01,2.176086e+01,2.174013e+01,2.196793e+01,2.193345e+01,2.194725e+01,2.209886e+01,2.212641e+01,2.200241e+01,2.205754e+01,2.205754e+01,2.204376e+01,2.198172e+01,2.199551e+01,2.194725e+01,2.207131e+01,2.203687e+01,2.197483e+01,2.210575e+01,2.196793e+01,2.207131e+01,2.196793e+01,2.209886e+01,2.194725e+01,2.203687e+01,2.201619e+01,2.200241e+01,2.200930e+01,2.199551e+01,2.196793e+01,2.196793e+01,2.200241e+01,2.197483e+01,2.198862e+01,2.193345e+01,2.183684e+01,2.189206e+01,2.192655e+01,2.185755e+01,2.185755e+01,2.174704e+01,2.187825e+01,2.187135e+01,2.199551e+01,2.191276e+01,2.191965e+01,2.186445e+01,2.187825e+01,2.189896e+01,2.187825e+01,2.189206e+01,2.186445e+01,2.187135e+01,2.182993e+01,2.182303e+01,2.174704e+01,2.187135e+01,2.175395e+01,2.180231e+01,2.180922e+01,2.182303e+01,2.179540e+01,2.177468e+01,2.176777e+01,2.178159e+01,2.170557e+01,2.167792e+01,2.170557e+01,2.178159e+01,2.178850e+01,2.173322e+01,2.171248e+01,2.169175e+01,2.167792e+01,2.169866e+01,2.182303e+01,2.186445e+01,2.169175e+01,2.174013e+01,2.191965e+01,2.189206e+01,2.203687e+01,2.203687e+01,2.187825e+01,2.202308e+01,2.197483e+01,2.192655e+01,2.207131e+01,2.189206e+01,2.202308e+01,2.213329e+01,2.200241e+01,2.199551e+01,2.193345e+01,2.191276e+01,2.190586e+01,2.204376e+01,2.204376e+01,2.212641e+01,2.208509e+01,2.198172e+01,2.211952e+01,2.205065e+01,2.200930e+01,2.196104e+01,2.208509e+01,2.202308e+01,2.209886e+01,2.209886e+01,2.200241e+01,2.200930e+01,2.201619e+01,2.202997e+01,2.206442e+01,2.200241e+01,2.193345e+01,2.198862e+01,2.196104e+01,2.189206e+01,2.182993e+01,2.194725e+01,2.200930e+01,2.194725e+01,2.196793e+01,2.193345e+01,2.184374e+01,2.193345e+01,2.191276e+01,2.185755e+01,2.180922e+01,2.176777e+01,2.178159e+01,2.179540e+01,2.182303e+01,2.171940e+01,2.182993e+01,2.163642e+01,2.163642e+01,2.162258e+01,2.169175e+01,2.175395e+01,2.164334e+01,2.153952e+01,2.151182e+01,2.150489e+01,2.149796e+01,2.156029e+01,2.160182e+01,2.155337e+01,2.161566e+01,2.154645e+01,2.155337e+01,2.171940e+01,2.147025e+01,2.161566e+01,2.160874e+01,2.160182e+01,2.149104e+01,2.162258e+01,2.152567e+01,2.155337e+01,2.150489e+01,2.159490e+01,2.158798e+01,2.153952e+01,2.158798e+01,2.164334e+01,2.160182e+01,2.168483e+01,2.160182e+01,2.159490e+01,2.170557e+01,2.159490e+01,2.155337e+01,2.156029e+01,2.153952e+01,2.164334e+01,2.165717e+01,2.158106e+01,2.153952e+01,2.176777e+01,2.165025e+01,2.155337e+01,2.151875e+01,2.146332e+01,2.158798e+01,2.163642e+01,2.162258e+01,2.167792e+01,2.166409e+01,2.169866e+01,2.165025e+01,2.167792e+01,2.176086e+01,2.169175e+01,2.172631e+01,2.175395e+01,2.171248e+01,2.172631e+01,2.176777e+01,2.171940e+01,2.169175e+01,2.162258e+01,2.168483e+01,2.174013e+01,2.198862e+01,2.179540e+01,2.178159e+01,2.171940e+01,2.179540e+01,2.165717e+01,2.168483e+01,2.171940e+01,2.167100e+01,2.159490e+01,2.180922e+01,2.160874e+01,2.169866e+01,2.157414e+01,2.169866e+01,2.170557e+01,2.180922e+01,2.168483e+01,2.175395e+01,2.165025e+01,2.167100e+01,2.154645e+01,2.158798e+01,2.175395e+01,2.174013e+01,2.176086e+01,2.160182e+01,2.158798e+01,2.156721e+01,2.165025e+01,2.156721e+01,2.153260e+01,2.169866e+01,2.156029e+01,2.144946e+01,2.160182e+01,2.151875e+01,2.142867e+01,2.153952e+01,2.140094e+01,2.142867e+01,2.146332e+01,2.142174e+01,2.153260e+01,2.144253e+01,2.135239e+01,2.146332e+01,2.141480e+01,2.138013e+01,2.150489e+01,2.146332e+01,2.149796e+01,2.145639e+01,2.143560e+01,2.156029e+01,2.143560e+01,2.122050e+01,2.143560e+01,2.147718e+01,2.135239e+01,2.151182e+01,2.143560e+01,2.158798e+01,2.162950e+01,2.131076e+01,2.149104e+01,2.153952e+01,2.147718e+01,2.144253e+01,2.167792e+01,2.159490e+01,2.149796e+01,2.155337e+01,2.138013e+01,2.145639e+01,2.153260e+01,2.136626e+01,2.138707e+01,2.143560e+01
2.202997e+01,2.209886e+01,2.188516e+01,2.198172e+01,2.215394e+01,2.208509e+01,2.218835e+01,2.216771e+01,2.209198e+01,2.203687e+01,2.209886e+01,2.205065e+01,2.203687e+01,2.209886e+01,2.208509e+01,2.200930e+01,2.199551e+01,2.202308e+01,2.188516e+01,2.204376e+01,2.204376e+01,2.200930e+01,2.196793e+01,2.194725e+01,2.202308e+01,2.188516e+01,2.182993e+01,2.178850e+01,2.181612e+01,2.185065e+01,2.178850e+01,2.180231e+01,2.181612e+01,2.176777e+01,2.185755e+01,2.178850e+01,2.177468e+01,2.185065e+01,2.177468e+01,2.172631e+01,2.169175e+01,2.180922e+01,2.162950e+01,2.178159e+01,2.182993e+01,2.167792e+01,2.195414e+01,2.173322e+01,2.178159e+01,2.175395e+01,2.173322e+01,2.169866e+01,2.165025e+01,2.179540e+01,2.175395e+01,2.182993e+01,2.170557e+01,2.181612e+01,2.190586e+01,2.187135e+01,2.187825e+01,2.179540e+01,2.190586e+01,2.188516e+01,2.182303e+01,2.189206e+01,2.178159e+01,2.182303e+01,2.193345e+01,2.182303e+01,2.183684e+01,2.197483e+01,2.191276e+01,2.199551e+01,2.186445e+01,2.198862e+01,2.191276e+01,2.194725e+01,2.193345e+01,2.198862e+01,2.196104e+01,2.188516e+01,2.199551e+01,2.201619e+01,2.196104e+01,2.191965e+01,2.196793e+01,2.203687e+01,2.199551e+01,2.198172e+01,2.198172e+01,2.196104e+01,2.199551e+01,2.186445e+01,2.193345e+01,2.190586e+01,2.207131e+01,2.190586e+01,2.187135e+01,2.206442e+01,2.191965e+01,2.183684e+01,2.187825e+01,2.188516e+01,2.182993e+01,2.177468e+01,2.177468e+01,2.178850e+01,2.174704e+01,2.144946e+01,2.119966e+01,2.126217e+01,2.115796e+01,2.118576e+01,2.118576e+01,2.121355e+01,2.118576e+01,2.120660e+01,2.097709e+01,2.097012e+01,2.124828e+01,2.110929e+01,2.098405e+01,2.097012e+01,2.096316e+01,2.094226e+01,2.078193e+01,2.101189e+01,2.098405e+01,2.094923e+01,2.081681e+01,2.090047e+01,2.103973e+01,2.119966e+01,2.126217e+01,2.127605e+01,2.129688e+01,2.114406e+01,2.120660e+01,2.117881e+01,2.118576e+01,2.140787e+01,2.133851e+01,2.139400e+01,2.148411e+01,2.166409e+01,2.169866e+01,2.177468e+01,2.153260e+01,2.134545e+01,2.133851e+01,2.131076e+01,2.139400e+01,2.130382e+01,2.141480e+01,2.138013e+01,2.134545e+01,2.113015e+01,2.132464e+01,2.109539e+01,2.126217e+01,2.112320e+01,2.109539e+01,2.133851e+01,2.140094e+01,2.168483e+01,2.187825e+01,2.191276e+01,2.191276e+01,2.209198e+01,2.211952e+01,2.196104e+01,2.207820e+01,2.201619e+01,2.211263e+01,2.211952e+01,2.210575e+01,2.196104e+01,2.193345e+01,2.195414e+01,2.197483e+01,2.204376e+01,2.199551e+01,2.198862e+01,2.199551e+01,2.209198e+01,2.200241e+01,2.190586e+01,2.196793e+01,2.211952e+01,2.216082e+01,2.214017e+01,2.202308e+01,2.211263e+01,2.201619e+01,2.195414e+01,2.209886e+01,2.200241e+01,2.200930e+01,2.208509e+01,2.211263e+01,2.208509e+01,2.195414e+01,2.194035e+01,2.196793e+01,2.191276e+01,2.200930e+01,2.202308e+01,2.190586e+01,2.187825e+01,2.204376e+01,2.189896e+01,2.180922e+01,2.189206e+01,2.191276e+01,2.197483e+01,2.200930e+01,2.198862e+01,2.177468e+01,2.194035e+01,2.192655e+01,2.190586e+01,2.194035e+01,2.189896e+01,2.184374e+01,2.186445e+01,2.186445e+01,2.186445e+01,2.190586e+01,2.182303e+01,2.182993e+01,2.182993e+01,2.189206e+01,2.185065e+01,2.187825e+01,2.185755e+01,2.180922e+01,2.182993e+01,2.183684e+01,2.183684e+01,2.190586e+01,2.176086e+01,2.184374e+01,2.198172e+01,2.178850e+01,2.189896e+01,2.177468e+01,2.190586e+01,2.180231e+01,2.187825e+01,2.176777e+01,2.180922e+01,2.182993e+01,2.205065e+01,2.183684e+01,2.177468e+01,2.178850e+01,2.190586e+01,2.166409e+01,2.177468e+01,2.186445e+01,2.185065e+01,2.157414e+01,2.180231e+01,2.158106e+01,2.177468e+01,2.176777e+01,2.182303e+01,2.184374e+01,2.189206e+01,2.177468e+01,2.189206e+01,2.174704e+01,2.185065e+01,2.184374e+01,2.185755e+01,2.191276e+01,2.185065e+01,2.188516e+01,2.184374e+01,2.189206e+01,2.187135e+01,2.182993e+01,2.180922e+01,2.188516e+01,2.188516e+01,2.198862e+01,2.191276e+01,2.187825e+01,2.182993e+01,2.196104e+01,2.202308e+01,2.187135e+01,2.199551e+01,2.190586e+01,2.176777e+01,2.191276e+01,2.185065e+01,2.198172e+01,2.194035e+01,2.180922e+01,2.193345e+01,2.180231e+01,2.188516e+01,2.185065e+01,2.176086e+01,2.180922e+01,2.185065e+01,2.184374e+01,2.180231e+01,2.182993e+01,2.174704e+01,2.187135e+01,2.186445e+01,2.175395e+01,2.169175e+01,2.173322e+01,2.161566e+01,2.163642e+01,2.161566e+01,2.166409e+01,2.167792e+01,2.163642e+01,2.184374e+01,2.173322e+01,2.186445e+01,2.187135e+01,2.177468e+01,2.187135e+01,2.186445e+01,2.191965e+01,2.199551e+01,2.185755e+01,2.191965e+01,2.184374e+01,2.197483e+01,2.189896e+01,2.196793e+01,2.193345e+01,2.180231e+01,2.180922e+01,2.185755e+01,2.150489e+01,2.173322e+01,2.162950e+01,2.187825e+01,2.165717e+01,2.165025e+01,2.171940e+01,2.173322e+01,2.158798e+01,2.175395e+01,2.176777e+01,2.175395e+01,2.156721e+01,2.151182e+01,2.156721e+01,2.145639e+01,2.172631e+01,2.194725e+01,2.197483e+01,2.196104e+01,2.205754e+01,2.196793e+01,2.200241e+01,2.206442e+01,2.211263e+01,2.202997e+01,2.206442e+01,2.197483e+01,2.206442e+01,2.192655e+01,2.190586e+01,2.203687e+01,2.197483e+01,2.200930e+01,2.203687e+01,2.201619e+01,2.200930e+01,2.213329e+01,2.196793e+01,2.199551e+01,2.195414e+01,2.198862e+01,2.195414e+01,2.196104e+01,2.194035e+01,2.198172e+01,2.197483e+01,2.194725e+01,2.192655e+01,2.193345e+01,2.185065e+01,2.203687e+01,2.185755e+01,2.203687e+01,2.186445e+01,2.187825e+01,2.193345e+01,2.187825e+01,2.186445e+01,2.191965e+01,2.191276e+01,2.191276e+01,2.187825e+01,2.183684e+01,2.191276e+01,2.190586e+01,2.194035e+01,2.182303e+01,2.184374e+01,2.189206e+01,2.172631e+01,2.182303e+01,2.181612e+01,2.169866e+01,2.180922e+01,2.176086e+01,2.182303e+01,2.172631e+01,2.166409e+01,2.176777e+01,2.170557e+01,2.168483e+01,2.160874e+01,2.167100e+01,2.175395e+01,2.174013e+01,2.166409e+01,2.176777e+01,2.167100e+01,2.175395e+01,2.182993e+01,2.195414e+01,2.182303e+01,2.190586e+01,2.189206e+01,2.190586e+01,2.205065e+01,2.203687e+01,2.194035e+01,2.193345e+01,2.198172e+01,2.200930e+01,2.189206e+01,2.211952e+01,2.193345e+01,2.201619e+01,2.199551e+01,2.191276e+01,2.194725e+01,2.201619e+01,2.198862e+01,2.196104e+01,2.203687e+01,2.214017e+01,2.211263e+01,2.207131e+01,2.200930e+01,2.198862e+01,2.199551e+01,2.201619e+01,2.214017e+01,2.197483e+01,2.200930e+01,2.200241e+01,2.199551e+01,2.202308e+01,2.200241e+01,2.218835e+01,2.199551e+01,2.193345e+01,2.188516e+01,2.189896e+01,2.190586e+01,2.187135e+01,2.187825e+01,2.185065e+01,2.202308e+01,2.189206e+01,2.189896e+01,2.191276e+01,2.188516e+01,2.183684e+01,2.180231e+01,2.188516e+01,2.182993e+01,2.181612e+01,2.176777e+01,2.165717e+01,2.184374e+01,2.162950e+01,2.164334e+01,2.182993e+01,2.160182e+01,2.155337e+01,2.152567e+01,2.151875e+01,2.160182e+01,2.154645e+01,2.153952e+01,2.169866e+01,2.147025e+01,2.140787e+01,2.157414e+01,2.153952e+01,2.152567e+01,2.150489e+01,2.144253e+01,2.158106e+01,2.146332e+01,2.163642e+01,2.150489e+01,2.151182e+01,2.148411e+01,2.149104e+01,2.144946e+01,2.152567e+01,2.155337e+01,2.165025e+01,2.163642e+01,2.150489e+01,2.164334e+01,2.160874e+01,2.167100e+01,2.161566e+01,2.153952e+01,2.159490e+01,2.158106e+01,2.154645e+01,2.154645e+01,2.156721e+01,2.156721e+01,2.162258e+01,2.163642e+01,2.171940e+01,2.143560e+01,2.165717e+01,2.163642e+01,2.165025e+01,2.166409e+01,2.149796e+01,2.169175e+01,2.165717e+01,2.176086e+01,2.166409e+01,2.166409e+01,2.172631e+01,2.170557e+01,2.161566e+01,2.169866e+01,2.158106e+01,2.169175e+01,2.172631e+01,2.179540e+01,2.171940e+01,2.165717e+01,2.171940e+01,2.174013e+01,2.172631e+01,2.173322e+01,2.170557e+01,2.174013e+01,2.174704e+01,2.172631e+01,2.166409e+01,2.169866e+01,2.165717e+01,2.175395e+01,2.168483e+01,2.167100e+01,2.176777e+01,2.185065e+01,2.151875e+01,2.182303e+01,2.149796e+01,2.167792e+01,2.172631e+01,2.171940e+01,2.160874e+01,2.161566e+01,2.163642e+01,2.158798e+01,2.159490e+01,2.156721e+01,2.162950e+01,2.164334e+01,2.156721e+01,2.158106e+01,2.158106e+01,2.163642e+01,2.153260e+01,2.149104e+01,2.157414e+01,2.147718e+01,2.153952e+01,2.159490e+01,2.151182e+01,2.140094e+01,2.156721e+01,2.160874e+01,2.143560e+01,2.146332e+01,2.152567e+01,2.151875e+01,2.139400e+01,2.141480e+01,2.147718e+01,2.142867e+01,2.147025e+01,2.142867e+01,2.144946e+01,2.149104e+01,2.158106e+01,2.132464e+01,2.145639e+01,2.143560e+01,2.147718e+01,2.133158e+01,2.145639e+01,2.128993e+01,2.139400e+01,2.144253e+01,2.144253e+01,2.144253e+01,2.151875e+01,2.150489e+01,2.151182e+01,2.153260e+01,2.149104e+01,2.147718e+01,2.151182e+01,2.143560e+01,2.153952e+01,2.147025e+01,2.136626e+01,2.144946e+01,2.134545e+01,2.135933e+01,2.140787e+01
2.209886e+01,2.208509e+01,2.200930e+01,2.195414e+01,2.217459e+01,2.209886e+01,2.196793e+01,2.208509e+01,2.194035e+01,2.209886e+01,2.205754e+01,2.207820e+01,2.209198e+01,2.206442e+01,2.201619e+01,2.202997e+01,2.205754e+01,2.209886e+01,2.187135e+01,2.194725e+01,2.194035e+01,2.190586e+01,2.196793e+01,2.196104e+01,2.193345e+01,2.178850e+01,2.191276e+01,2.188516e+01,2.183684e+01,2.182303e+01,2.182993e+01,2.185065e+01,2.196104e+01,2.167792e+01,2.169175e+01,2.178159e+01,2.168483e+01,2.185755e+01,2.177468e+01,2.184374e+01,2.180231e+01,2.174704e+01,2.170557e+01,2.181612e+01,2.187135e+01,2.182993e+01,2.183684e+01,2.185755e+01,2.171248e+01,2.175395e+01,2.174704e+01,2.176777e+01,2.177468e+01,2.158106e+01,2.175395e+01,2.187825e+01,2.182993e+01,2.191965e+01,2.177468e+01,2.183684e+01,2.189896e+01,2.189896e+01,2.197483e+01,2.185065e+01,2.184374e+01,2.183684e+01,2.177468e+01,2.183684e+01,2.184374e+01,2.184374e+01,2.185065e+01,2.185065e+01,2.188516e+01,2.199551e+01,2.189896e+01,2.202997e+01,2.199551e+01,2.188516e+01,2.195414e+01,2.200930e+01,2.196793e+01,2.189206e+01,2.202997e+01,2.178850e+01,2.196104e+01,2.202997e+01,2.200930e+01,2.189896e+01,2.190586e+01,2.197483e+01,2.194725e+01,2.193345e+01,2.196793e+01,2.205065e+01,2.194725e+01,2.192655e+01,2.205065e+01,2.207131e+01,2.201619e+01,2.183684e+01,2.185065e+01,2.192655e+01,2.190586e+01,2.186445e+01,2.185065e+01,2.189896e+01,2.176086e+01,2.180231e+01,2.174704e+01,2.150489e+01,2.119271e+01,2.114406e+01,2.115796e+01,2.116491e+01,2.108843e+01,2.119966e+01,2.114406e+01,2.119966e+01,2.102581e+01,2.111625e+01,2.103973e+01,2.106756e+01,2.097012e+01,2.091440e+01,2.092833e+01,2.083076e+01,2.076100e+01,2.075403e+01,2.087259e+01,2.078891e+01,2.083773e+01,2.090047e+01,2.101189e+01,2.116491e+01,2.113015e+01,2.126217e+01,2.121355e+01,2.116491e+01,2.126911e+01,2.132464e+01,2.127605e+01,2.117186e+01,2.147718e+01,2.142867e+01,2.151182e+01,2.152567e+01,2.174013e+01,2.171248e+01,2.173322e+01,2.138013e+01,2.134545e+01,2.135933e+01,2.140094e+01,2.149796e+01,2.128299e+01,2.145639e+01,2.136626e+01,2.128993e+01,2.123439e+01,2.106756e+01,2.110929e+01,2.112320e+01,2.121355e+01,2.124133e+01,2.131770e+01,2.152567e+01,2.172631e+01,2.190586e+01,2.194725e+01,2.192655e+01,2.212641e+01,2.197483e+01,2.206442e+01,2.202308e+01,2.209886e+01,2.207820e+01,2.207820e+01,2.208509e+01,2.204376e+01,2.202997e+01,2.202997e+01,2.197483e+01,2.199551e+01,2.203687e+01,2.198172e+01,2.200930e+01,2.199551e+01,2.209886e+01,2.207820e+01,2.205065e+01,2.205754e+01,2.202308e+01,2.204376e+01,2.195414e+01,2.205754e+01,2.204376e+01,2.212641e+01,2.202997e+01,2.206442e+01,2.205065e+01,2.202308e+01,2.207131e+01,2.201619e+01,2.197483e+01,2.188516e+01,2.193345e+01,2.201619e+01,2.200241e+01,2.222275e+01,2.195414e+01,2.204376e+01,2.191276e+01,2.190586e+01,2.189206e+01,2.192655e+01,2.202997e+01,2.201619e+01,2.194035e+01,2.185755e+01,2.185065e+01,2.197483e+01,2.180231e+01,2.195414e+01,2.188516e+01,2.184374e+01,2.190586e+01,2.192655e+01,2.187825e+01,2.180231e+01,2.178850e+01,2.182993e+01,2.183684e+01,2.185755e+01,2.183684e+01,2.185755e+01,2.187825e+01,2.181612e+01,2.187135e+01,2.182303e+01,2.178850e+01,2.185065e+01,2.187135e+01,2.191965e+01,2.176777e+01,2.171248e+01,2.178850e+01,2.169175e+01,2.182993e+01,2.187825e+01,2.191965e+01,2.183684e+01,2.185755e+01,2.181612e+01,2.184374e+01,2.179540e+01,2.181612e+01,2.186445e+01,2.172631e+01,2.188516e+01,2.176086e+01,2.165025e+01,2.185755e+01,2.182993e+01,2.187825e+01,2.180231e+01,2.190586e+01,2.185755e+01,2.186445e+01,2.188516e+01,2.187825e+01,2.185755e+01,2.191965e+01,2.180231e+01,2.180922e+01,2.189206e+01,2.191276e+01,2.188516e+01,2.187135e+01,2.189896e+01,2.185755e+01,2.188516e+01,2.190586e+01,2.189896e+01,2.189896e+01,2.204376e+01,2.186445e+01,2.191276e+01,2.190586e+01,2.198172e+01,2.196104e+01,2.198172e+01,2.188516e+01,2.184374e+01,2.187825e+01,2.198172e+01,2.194725e+01,2.187825e+01,2.194035e+01,2.182993e+01,2.192655e+01,2.196793e+01,2.187135e+01,2.193345e+01,2.184374e+01,2.191276e+01,2.182993e+01,2.175395e+01,2.174013e+01,2.172631e+01,2.181612e+01,2.186445e+01,2.170557e+01,2.188516e+01,2.171940e+01,2.180922e+01,2.174704e+01,2.174013e+01,2.162258e+01,2.160182e+01,2.161566e+01,2.162950e+01,2.170557e+01,2.176086e+01,2.169866e+01,2.166409e+01,2.183684e+01,2.187135e+01,2.180231e+01,2.187135e+01,2.189206e+01,2.189206e+01,2.192655e+01,2.196104e+01,2.194725e+01,2.206442e+01,2.189896e+01,2.190586e+01,2.194035e+01,2.194035e+01,2.184374e+01,2.186445e+01,2.189896e+01,2.179540e+01,2.181612e+01,2.179540e+01,2.182303e+01,2.168483e+01,2.174704e+01,2.174013e+01,2.173322e+01,2.180922e+01,2.172631e+01,2.174013e+01,2.160874e+01,2.178850e+01,2.173322e+01,2.153952e+01,2.148411e+01,2.142174e+01,2.167100e+01,2.190586e+01,2.189206e+01,2.195414e+01,2.201619e+01,2.205065e+01,2.197483e+01,2.202997e+01,2.207131e+01,2.206442e+01,2.205065e+01,2.203687e+01,2.190586e+01,2.205065e+01,2.205754e+01,2.207820e+01,2.202997e+01,2.198172e+01,2.207820e+01,2.197483e+01,2.196793e+01,2.199551e+01,2.196104e+01,2.198172e+01,2.200930e+01,2.201619e+01,2.192655e+01,2.198862e+01,2.196793e+01,2.198862e+01,2.200930e+01,2.191965e+01,2.191965e+01,2.187135e+01,2.191276e+01,2.192655e+01,2.182993e+01,2.192655e+01,2.186445e+01,2.198862e+01,2.198172e+01,2.191276e+01,2.200930e+01,2.188516e+01,2.205065e+01,2.189206e+01,2.187825e+01,2.188516e+01,2.182993e+01,2.184374e+01,2.182993e+01,2.194035e+01,2.176777e+01,2.174013e+01,2.180231e+01,2.178159e+01,2.179540e+01,2.183684e+01,2.176777e+01,2.179540e+01,2.172631e+01,2.165717e+01,2.177468e+01,2.167100e+01,2.171940e+01,2.179540e+01,2.163642e+01,2.178850e+01,2.172631e+01,2.175395e+01,2.176777e+01,2.162950e+01,2.188516e+01,2.186445e+01,2.181612e+01,2.187135e+01,2.188516e+01,2.189896e+01,2.190586e+01,2.209198e+01,2.191965e+01,2.200930e+01,2.193345e+01,2.191965e+01,2.192655e+01,2.196104e+01,2.194035e+01,2.197483e+01,2.196793e+01,2.191965e+01,2.204376e+01,2.210575e+01,2.191965e+01,2.216082e+01,2.198172e+01,2.204376e+01,2.209886e+01,2.202997e+01,2.198172e+01,2.202997e+01,2.214017e+01,2.196104e+01,2.198172e+01,2.204376e+01,2.198172e+01,2.208509e+01,2.197483e+01,2.207820e+01,2.209886e+01,2.202308e+01,2.196793e+01,2.183684e+01,2.196104e+01,2.185065e+01,2.197483e+01,2.182993e+01,2.193345e+01,2.188516e+01,2.187135e+01,2.195414e+01,2.189206e+01,2.182303e+01,2.189206e+01,2.173322e+01,2.180922e+01,2.174704e+01,2.193345e+01,2.185065e+01,2.182303e+01,2.176086e+01,2.182993e+01,2.182303e+01,2.179540e+01,2.169866e+01,2.162950e+01,2.160874e+01,2.172631e+01,2.167100e+01,2.153952e+01,2.160874e+01,2.160182e+01,2.154645e+01,2.157414e+01,2.153952e+01,2.144253e+01,2.158106e+01,2.153260e+01,2.138013e+01,2.140787e+01,2.160182e+01,2.156029e+01,2.156721e+01,2.157414e+01,2.148411e+01,2.154645e+01,2.147718e+01,2.156721e+01,2.158798e+01,2.153260e+01,2.136626e+01,2.149104e+01,2.144946e+01,2.166409e+01,2.156029e+01,2.155337e+01,2.150489e+01,2.170557e+01,2.162950e+01,2.160182e+01,2.159490e+01,2.158798e+01,2.157414e+01,2.159490e+01,2.158106e+01,2.163642e+01,2.165717e+01,2.163642e+01,2.165717e+01,2.160182e+01,2.162950e+01,2.166409e+01,2.171940e+01,2.165025e+01,2.165717e+01,2.159490e+01,2.162950e+01,2.163642e+01,2.164334e+01,2.173322e+01,2.169175e+01,2.169866e+01,2.166409e+01,2.169866e+01,2.171940e+01,2.171248e+01,2.173322e+01,2.174013e+01,2.171248e+01,2.174013e+01,2.175395e+01,2.170557e+01,2.166409e+01,2.187135e+01,2.189896e+01,2.178850e+01,2.190586e+01,2.175395e+01,2.180231e+01,2.169175e+01,2.180922e+01,2.167792e+01,2.162950e+01,2.167100e+01,2.178159e+01,2.171940e+01,2.166409e+01,2.173322e+01,2.179540e+01,2.180231e+01,2.168483e+01,2.160182e+01,2.162950e+01,2.164334e+01,2.154645e+01,2.170557e+01,2.173322e+01,2.164334e+01,2.174013e+01,2.171248e+01,2.171940e+01,2.161566e+01,2.159490e+01,2.160874e+01,2.160182e+01,2.153952e+01,2.160182e+01,2.152567e+01,2.153952e+01,2.164334e+01,2.140787e+01,2.169866e+01,2.163642e+01,2.149104e+01,2.135933e+01,2.153260e+01,2.146332e+01,2.165717e+01,2.143560e+01,2.150489e+01,2.147025e+01,2.150489e+01,2.146332e+01,2.147718e+01,2.147025e+01,2.145639e+01,2.143560e+01,2.133851e+01,2.146332e+01,2.148411e+01,2.143560e+01,2.141480e+01,2.130382e+01,2.166409e+01,2.138707e+01,2.143560e+01,2.138707e+01,2.144253e+01,2.149796e+01,2.145639e+01,2.149796e+01,2.147025e+01,2.150489e+01,2.146332e+01,2.148411e+01,2.149104e+01,2.145639e+01,2.156029e+01,2.135933e+01,2.144253e+01,2.131076e+01,2.138013e+01
2.200241e+01,2.196104e+01,2.201619e+01,2.198172e+01,2.198862e+01,2.191276e+01,2.188516e+01,2.205065e+01,2.207131e+01,2.209198e+01,2.207131e+01,2.209198e+01,2.201619e+01,2.209886e+01,2.205065e+01,2.217459e+01,2.200930e+01,2.208509e+01,2.203687e+01,2.189206e+01,2.196104e+01,2.191965e+01,2.204376e+01,2.192655e+01,2.194725e+01,2.192655e+01,2.187135e+01,2.180922e+01,2.181612e+01,2.178850e+01,2.183684e+01,2.182303e+01,2.183684e+01,2.181612e+01,2.183684e+01,2.168483e+01,2.171248e+01,2.176777e+01,2.189206e+01,2.180231e+01,2.183684e+01,2.181612e+01,2.176777e+01,2.167792e+01,2.171248e+01,2.181612e+01,2.170557e+01,2.176086e+01,2.160874e+01,2.175395e+01,2.176086e+01,2.169866e+01,2.176777e+01,2.176086e+01,2.169175e+01,2.177468e+01,2.176777e+01,2.179540e+01,2.175395e+01,2.180231e+01,2.205754e+01,2.189896e+01,2.181612e+01,2.182993e+01,2.189206e+01,2.182993e+01,2.162258e+01,2.184374e+01,2.179540e+01,2.191276e+01,2.200241e+01,2.198172e+01,2.182303e+01,2.196793e+01,2.198862e+01,2.197483e+01,2.202308e+01,2.205754e+01,2.191276e+01,2.196104e+01,2.189206e+01,2.200930e+01,2.189896e+01,2.196104e+01,2.189896e+01,2.187135e+01,2.201619e+01,2.198862e+01,2.189206e+01,2.191965e+01,2.190586e+01,2.198172e+01,2.197483e+01,2.196104e+01,2.193345e+01,2.194035e+01,2.183684e+01,2.191276e+01,2.190586e+01,2.185755e+01,2.192655e+01,2.185065e+01,2.186445e+01,2.189896e+01,2.195414e+01,2.178159e+01,2.190586e+01,2.180231e+01,2.174013e+01,2.170557e+01,2.130382e+01,2.115796e+01,2.118576e+01,2.094923e+01,2.117881e+01,2.117186e+01,2.115101e+01,2.110929e+01,2.110929e+01,2.104669e+01,2.108843e+01,2.100493e+01,2.092833e+01,2.095619e+01,2.080984e+01,2.076100e+01,2.085168e+01,2.076100e+01,2.081681e+01,2.074705e+01,2.075403e+01,2.092137e+01,2.097012e+01,2.108148e+01,2.122050e+01,2.124828e+01,2.117881e+01,2.115101e+01,2.124828e+01,2.120660e+01,2.126217e+01,2.133851e+01,2.131770e+01,2.136626e+01,2.120660e+01,2.131770e+01,2.164334e+01,2.162950e+01,2.160182e+01,2.134545e+01,2.124828e+01,2.133158e+01,2.128993e+01,2.134545e+01,2.133158e+01,2.141480e+01,2.138013e+01,2.128299e+01,2.117186e+01,2.108148e+01,2.117186e+01,2.107452e+01,2.106756e+01,2.111625e+01,2.132464e+01,2.151182e+01,2.158798e+01,2.191965e+01,2.194035e+01,2.194035e+01,2.209198e+01,2.205065e+01,2.204376e+01,2.212641e+01,2.196104e+01,2.211952e+01,2.208509e+01,2.205065e+01,2.201619e+01,2.204376e+01,2.198862e+01,2.199551e+01,2.202997e+01,2.200930e+01,2.202997e+01,2.202308e+01,2.200241e+01,2.206442e+01,2.204376e+01,2.211263e+01,2.196104e+01,2.195414e+01,2.221587e+01,2.208509e+01,2.206442e+01,2.209886e+01,2.205754e+01,2.196104e+01,2.208509e+01,2.200930e+01,2.209886e+01,2.206442e+01,2.188516e+01,2.189896e+01,2.191965e+01,2.203687e+01,2.194725e+01,2.190586e+01,2.189896e+01,2.192655e+01,2.209198e+01,2.191276e+01,2.189896e+01,2.189896e+01,2.194035e+01,2.194035e+01,2.182993e+01,2.197483e+01,2.196793e+01,2.197483e+01,2.196104e+01,2.193345e+01,2.180922e+01,2.184374e+01,2.189896e+01,2.185755e+01,2.185065e+01,2.189206e+01,2.182303e+01,2.182993e+01,2.180922e+01,2.180922e+01,2.187135e+01,2.184374e+01,2.191965e+01,2.176777e+01,2.186445e+01,2.174704e+01,2.188516e+01,2.182993e+01,2.193345e+01,2.177468e+01,2.178159e+01,2.178850e+01,2.189206e+01,2.178159e+01,2.176086e+01,2.182303e+01,2.174013e+01,2.170557e+01,2.194035e+01,2.179540e+01,2.178850e+01,2.177468e+01,2.178159e+01,2.176777e+01,2.180922e+01,2.187135e+01,2.175395e+01,2.185755e+01,2.183684e+01,2.180922e+01,2.185065e+01,2.182993e+01,2.191276e+01,2.182993e+01,2.181612e+01,2.189896e+01,2.174704e+01,2.179540e+01,2.176777e+01,2.174704e+01,2.176086e+01,2.193345e+01,2.180231e+01,2.184374e+01,2.185065e+01,2.193345e+01,2.180922e+01,2.189896e+01,2.188516e+01,2.187135e+01,2.189896e+01,2.180922e+01,2.190586e+01,2.199551e+01,2.187135e+01,2.197483e+01,2.182993e+01,2.187825e+01,2.196104e+01,2.180231e+01,2.211952e+01,2.191276e+01,2.194725e+01,2.197483e+01,2.199551e+01,2.176086e+01,2.188516e+01,2.194035e+01,2.194725e+01,2.196793e+01,2.182303e+01,2.176086e+01,2.189896e+01,2.170557e+01,2.181612e+01,2.185755e+01,2.180922e+01,2.174704e+01,2.173322e+01,2.175395e+01,2.189896e+01,2.173322e+01,2.174013e+01,2.158798e+01,2.149104e+01,2.160182e+01,2.155337e+01,2.159490e+01,2.165717e+01,2.142867e+01,2.170557e+01,2.167100e+01,2.176086e+01,2.184374e+01,2.180231e+01,2.186445e+01,2.187825e+01,2.187825e+01,2.187825e+01,2.191965e+01,2.189896e+01,2.191965e+01,2.194035e+01,2.202997e+01,2.202308e+01,2.185065e+01,2.198172e+01,2.187825e+01,2.184374e+01,2.194035e+01,2.180231e+01,2.174704e+01,2.178159e+01,2.186445e+01,2.172631e+01,2.167792e+01,2.167792e+01,2.178159e+01,2.187135e+01,2.179540e+01,2.178850e+01,2.174704e+01,2.158798e+01,2.144253e+01,2.147718e+01,2.157414e+01,2.155337e+01,2.154645e+01,2.165717e+01,2.194725e+01,2.183684e+01,2.187135e+01,2.202308e+01,2.208509e+01,2.207131e+01,2.202997e+01,2.203687e+01,2.198172e+01,2.201619e+01,2.190586e+01,2.202308e+01,2.197483e+01,2.204376e+01,2.207820e+01,2.206442e+01,2.196104e+01,2.198172e+01,2.202997e+01,2.194725e+01,2.211952e+01,2.210575e+01,2.198862e+01,2.191276e+01,2.193345e+01,2.201619e+01,2.189896e+01,2.209198e+01,2.200241e+01,2.200930e+01,2.190586e+01,2.189206e+01,2.202997e+01,2.191965e+01,2.192655e+01,2.189896e+01,2.200930e+01,2.197483e+01,2.195414e+01,2.193345e+01,2.203687e+01,2.201619e+01,2.187135e+01,2.196104e+01,2.187135e+01,2.196104e+01,2.185065e+01,2.169866e+01,2.187825e+01,2.188516e+01,2.174013e+01,2.184374e+01,2.175395e+01,2.183684e+01,2.181612e+01,2.185065e+01,2.173322e+01,2.187135e+01,2.166409e+01,2.176777e+01,2.167792e+01,2.167792e+01,2.164334e+01,2.169175e+01,2.173322e+01,2.170557e+01,2.175395e+01,2.167100e+01,2.165717e+01,2.176086e+01,2.162950e+01,2.184374e+01,2.194035e+01,2.186445e+01,2.182993e+01,2.194035e+01,2.193345e+01,2.193345e+01,2.194725e+01,2.185065e+01,2.200241e+01,2.193345e+01,2.191965e+01,2.206442e+01,2.188516e+01,2.185755e+01,2.201619e+01,2.200241e+01,2.192655e+01,2.194725e+01,2.208509e+01,2.196104e+01,2.200241e+01,2.206442e+01,2.196104e+01,2.205065e+01,2.211263e+01,2.194035e+01,2.200930e+01,2.198172e+01,2.197483e+01,2.194725e+01,2.208509e+01,2.205754e+01,2.194035e+01,2.199551e+01,2.204376e+01,2.188516e+01,2.183684e+01,2.189896e+01,2.194035e+01,2.199551e+01,2.187135e+01,2.200930e+01,2.189206e+01,2.184374e+01,2.189206e+01,2.190586e+01,2.193345e+01,2.185755e+01,2.176777e+01,2.182303e+01,2.187825e+01,2.182993e+01,2.185755e+01,2.185755e+01,2.179540e+01,2.175395e+01,2.180231e+01,2.165717e+01,2.160874e+01,2.154645e+01,2.178159e+01,2.168483e+01,2.168483e+01,2.153952e+01,2.159490e+01,2.156029e+01,2.155337e+01,2.156721e+01,2.153260e+01,2.160182e+01,2.154645e+01,2.152567e+01,2.151875e+01,2.164334e+01,2.155337e+01,2.150489e+01,2.153952e+01,2.161566e+01,2.142174e+01,2.160182e+01,2.140787e+01,2.155337e+01,2.150489e+01,2.145639e+01,2.147718e+01,2.162258e+01,2.164334e+01,2.165025e+01,2.161566e+01,2.161566e+01,2.160182e+01,2.165717e+01,2.158798e+01,2.158798e+01,2.165025e+01,2.162258e+01,2.156721e+01,2.157414e+01,2.160874e+01,2.162258e+01,2.144946e+01,2.158106e+01,2.163642e+01,2.156721e+01,2.162258e+01,2.162950e+01,2.163642e+01,2.161566e+01,2.165025e+01,2.171248e+01,2.173322e+01,2.160874e+01,2.166409e+01,2.163642e+01,2.178159e+01,2.168483e+01,2.167792e+01,2.166409e+01,2.167792e+01,2.173322e+01,2.176777e+01,2.160182e+01,2.173322e+01,2.182993e+01,2.176086e+01,2.176086e+01,2.171940e+01,2.171248e+01,2.176777e+01,2.170557e+01,2.174704e+01,2.173322e+01,2.176086e+01,2.174013e+01,2.168483e+01,2.177468e+01,2.171940e+01,2.169866e+01,2.177468e+01,2.174013e+01,2.172631e+01,2.162950e+01,2.171940e+01,2.163642e+01,2.180231e+01,2.172631e+01,2.175395e+01,2.164334e+01,2.168483e+01,2.174013e+01,2.176086e+01,2.167792e+01,2.157414e+01,2.173322e+01,2.174013e+01,2.165717e+01,2.162950e+01,2.162950e+01,2.160874e+01,2.154645e+01,2.158106e+01,2.143560e+01,2.169175e+01,2.170557e+01,2.142867e+01,2.147025e+01,2.160182e+01,2.142867e+01,2.145639e+01,2.149104e+01,2.147718e+01,2.129688e+01,2.148411e+01,2.142867e+01,2.141480e+01,2.151182e+01,2.142867e+01,2.147025e+01,2.146332e+01,2.157414e+01,2.140094e+01,2.145639e+01,2.139400e+01,2.133158e+01,2.134545e+01,2.150489e+01,2.147025e+01,2.149796e+01,2.143560e+01,2.149104e+01,2.147025e+01,2.156721e+01,2.140094e+01,2.147025e+01,2.155337e+01,2.162950e+01,2.146332e+01,2.144946e+01,2.151182e+01,2.152567e+01,2.150489e+01,2.148411e+01,2.147025e+01,2.147025e+01,2.150489e+01,2.147025e+01,2.136626e+01
2.200241e+01,2.207131e+01,2.202997e+01,2.197483e+01,2.209886e+01,2.199551e+01,2.196793e+01,2.198862e+01,2.207820e+01,2.205065e+01,2.220899e+01,2.205065e+01,2.200930e+01,2.218835e+01,2.207131e+01,2.209198e+01,2.194725e+01,2.200930e+01,2.198172e+01,2.198862e+01,2.201619e+01,2.192655e+01,2.196793e+01,2.193345e+01,2.196104e+01,2.196104e+01,2.185755e+01,2.187135e+01,2.187135e+01,2.190586e+01,2.185755e+01,2.176777e+01,2.181612e+01,2.192655e+01,2.178159e+01,2.162950e+01,2.174704e+01,2.182303e+01,2.190586e+01,2.186445e+01,2.188516e+01,2.182993e+01,2.174704e+01,2.178850e+01,2.179540e+01,2.187135e+01,2.170557e+01,2.179540e+01,2.176777e+01,2.178850e+01,2.191276e+01,2.169175e+01,2.176777e+01,2.174704e+01,2.178159e+01,2.187135e+01,2.180231e+01,2.171940e+01,2.182993e+01,2.185755e+01,2.188516e+01,2.186445e+01,2.187825e+01,2.190586e+01,2.191276e+01,2.209198e+01,2.184374e+01,2.186445e+01,2.182303e+01,2.187135e+01,2.185065e+01,2.200930e+01,2.178159e+01,2.199551e+01,2.201619e+01,2.197483e+01,2.188516e+01,2.191276e+01,2.196793e+01,2.191276e+01,2.195414e+01,2.192655e+01,2.199551e+01,2.196793e+01,2.196793e+01,2.200930e+01,2.199551e+01,2.200241e+01,2.202308e+01,2.194725e+01,2.189206e+01,2.190586e+01,2.200241e+01,2.193345e+01,2.194725e+01,2.204376e+01,2.193345e+01,2.201619e+01,2.205754e+01,2.197483e+01,2.186445e+01,2.188516e+01,2.190586e+01,2.189206e+01,2.179540e+01,2.176777e+01,2.178850e+01,2.187825e+01,2.185755e+01,2.160874e+01,2.141480e+01,2.118576e+01,2.115796e+01,2.112320e+01,2.117881e+01,2.118576e+01,2.116491e+01,2.103277e+01,2.101189e+01,2.104669e+01,2.105365e+01,2.108148e+01,2.096316e+01,2.097012e+01,2.092833e+01,2.084470e+01,2.077496e+01,2.085168e+01,2.075403e+01,2.082378e+01,2.080286e+01,2.090047e+01,2.114406e+01,2.122744e+01,2.109539e+01,2.110929e+01,2.127605e+01,2.123439e+01,2.128993e+01,2.133851e+01,2.126911e+01,2.134545e+01,2.134545e+01,2.144253e+01,2.126217e+01,2.137320e+01,2.160874e+01,2.160182e+01,2.126911e+01,2.127605e+01,2.121355e+01,2.135239e+01,2.137320e+01,2.125522e+01,2.140787e+01,2.130382e+01,2.128299e+01,2.125522e+01,2.129688e+01,2.111625e+01,2.119271e+01,2.120660e+01,2.115101e+01,2.108843e+01,2.127605e+01,2.133158e+01,2.144946e+01,2.191276e+01,2.193345e+01,2.208509e+01,2.207820e+01,2.204376e+01,2.207820e+01,2.209198e+01,2.212641e+01,2.218835e+01,2.214017e+01,2.218147e+01,2.218835e+01,2.198862e+01,2.219523e+01,2.201619e+01,2.215394e+01,2.207131e+01,2.203687e+01,2.222275e+01,2.215394e+01,2.200930e+01,2.209886e+01,2.218147e+01,2.214706e+01,2.202997e+01,2.211952e+01,2.204376e+01,2.196793e+01,2.205754e+01,2.202308e+01,2.198172e+01,2.214017e+01,2.200241e+01,2.202308e+01,2.211263e+01,2.196104e+01,2.189206e+01,2.198172e+01,2.195414e+01,2.193345e+01,2.195414e+01,2.196104e+01,2.205754e+01,2.205065e+01,2.192655e+01,2.196793e+01,2.203687e+01,2.190586e+01,2.202997e+01,2.193345e+01,2.196104e+01,2.180231e+01,2.198862e+01,2.192655e+01,2.194035e+01,2.196793e+01,2.184374e+01,2.182993e+01,2.182303e+01,2.183684e+01,2.187825e+01,2.185755e+01,2.182993e+01,2.185065e+01,2.181612e+01,2.183684e+01,2.185755e+01,2.187135e+01,2.185755e+01,2.182993e+01,2.185065e+01,2.181612e+01,2.185065e+01,2.185065e+01,2.179540e+01,2.182993e+01,2.182303e+01,2.180922e+01,2.181612e+01,2.189206e+01,2.185755e+01,2.191276e+01,2.190586e+01,2.185065e+01,2.176777e+01,2.177468e+01,2.189206e+01,2.182303e+01,2.178850e+01,2.178850e+01,2.171248e+01,2.168483e+01,2.179540e+01,2.182993e+01,2.196104e+01,2.180231e+01,2.182993e+01,2.167100e+01,2.170557e+01,2.176777e+01,2.182993e+01,2.174704e+01,2.178850e+01,2.178159e+01,2.187825e+01,2.177468e+01,2.178850e+01,2.181612e+01,2.189896e+01,2.192655e+01,2.185755e+01,2.191965e+01,2.184374e+01,2.178159e+01,2.195414e+01,2.191276e+01,2.188516e+01,2.185755e+01,2.198862e+01,2.197483e+01,2.194035e+01,2.167792e+01,2.185065e+01,2.182303e+01,2.191965e+01,2.184374e+01,2.190586e+01,2.196793e+01,2.196793e+01,2.197483e+01,2.198862e+01,2.194035e+01,2.180231e+01,2.187825e+01,2.191276e+01,2.186445e+01,2.188516e+01,2.184374e+01,2.187135e+01,2.190586e+01,2.192655e+01,2.198172e+01,2.178159e+01,2.176086e+01,2.171248e+01,2.174704e+01,2.190586e+01,2.175395e+01,2.182303e+01,2.160182e+01,2.161566e+01,2.165717e+01,2.165025e+01,2.166409e+01,2.167792e+01,2.178159e+01,2.166409e+01,2.187135e+01,2.178159e+01,2.187825e+01,2.185065e+01,2.197483e+01,2.187825e+01,2.188516e+01,2.191276e+01,2.199551e+01,2.198172e+01,2.193345e+01,2.208509e+01,2.190586e+01,2.202997e+01,2.198172e+01,2.192655e+01,2.190586e+01,2.187135e+01,2.186445e+01,2.187135e+01,2.185755e+01,2.171248e+01,2.177468e+01,2.187135e+01,2.176777e+01,2.180231e+01,2.180922e+01,2.179540e+01,2.162258e+01,2.178159e+01,2.176777e+01,2.165717e+01,2.162258e+01,2.149104e+01,2.162950e+01,2.154645e+01,2.162258e+01,2.178850e+01,2.203687e+01,2.191276e+01,2.198172e+01,2.199551e+01,2.191965e+01,2.204376e+01,2.194035e+01,2.198862e+01,2.204376e+01,2.205754e+01,2.200241e+01,2.204376e+01,2.200241e+01,2.202997e+01,2.218835e+01,2.201619e+01,2.211263e+01,2.209198e+01,2.211952e+01,2.196793e+01,2.200241e+01,2.202997e+01,2.191965e+01,2.193345e+01,2.194725e+01,2.200930e+01,2.185755e+01,2.200930e+01,2.187825e+01,2.189896e+01,2.187825e+01,2.189206e+01,2.206442e+01,2.209198e+01,2.191965e+01,2.196793e+01,2.188516e+01,2.214706e+01,2.189896e+01,2.187135e+01,2.182993e+01,2.197483e+01,2.187135e+01,2.185065e+01,2.201619e+01,2.181612e+01,2.189896e+01,2.187135e+01,2.189206e+01,2.178159e+01,2.176086e+01,2.176086e+01,2.182993e+01,2.185065e+01,2.178159e+01,2.177468e+01,2.182993e+01,2.176086e+01,2.180922e+01,2.175395e+01,2.156721e+01,2.167100e+01,2.172631e+01,2.175395e+01,2.174013e+01,2.170557e+01,2.177468e+01,2.169175e+01,2.176086e+01,2.169175e+01,2.182303e+01,2.193345e+01,2.191965e+01,2.193345e+01,2.189896e+01,2.186445e+01,2.191276e+01,2.199551e+01,2.206442e+01,2.194725e+01,2.196104e+01,2.189206e+01,2.202997e+01,2.194725e+01,2.206442e+01,2.209198e+01,2.205065e+01,2.211263e+01,2.200930e+01,2.196793e+01,2.215394e+01,2.202308e+01,2.198172e+01,2.194725e+01,2.207131e+01,2.195414e+01,2.209198e+01,2.191276e+01,2.209886e+01,2.198172e+01,2.196793e+01,2.201619e+01,2.198862e+01,2.202308e+01,2.202308e+01,2.201619e+01,2.198172e+01,2.200930e+01,2.191276e+01,2.196104e+01,2.196104e+01,2.194035e+01,2.193345e+01,2.191276e+01,2.187825e+01,2.191276e+01,2.186445e+01,2.189896e+01,2.196104e+01,2.191276e+01,2.191965e+01,2.180922e+01,2.188516e+01,2.176777e+01,2.180922e+01,2.182993e+01,2.180922e+01,2.173322e+01,2.176777e+01,2.176777e+01,2.160182e+01,2.158798e+01,2.174013e+01,2.169866e+01,2.161566e+01,2.158106e+01,2.177468e+01,2.165717e+01,2.153952e+01,2.160874e+01,2.153952e+01,2.155337e+01,2.156029e+01,2.160182e+01,2.176777e+01,2.145639e+01,2.147025e+01,2.153952e+01,2.155337e+01,2.156721e+01,2.158798e+01,2.162258e+01,2.147025e+01,2.153952e+01,2.151875e+01,2.161566e+01,2.158798e+01,2.150489e+01,2.162950e+01,2.165025e+01,2.158798e+01,2.166409e+01,2.158798e+01,2.167100e+01,2.158798e+01,2.150489e+01,2.159490e+01,2.167792e+01,2.164334e+01,2.165025e+01,2.157414e+01,2.154645e+01,2.164334e+01,2.162950e+01,2.151182e+01,2.165717e+01,2.167100e+01,2.165717e+01,2.163642e+01,2.175395e+01,2.165025e+01,2.160182e+01,2.176777e+01,2.169175e+01,2.169175e+01,2.180922e+01,2.168483e+01,2.168483e+01,2.189206e+01,2.176777e+01,2.171248e+01,2.189206e+01,2.174704e+01,2.172631e+01,2.182303e+01,2.178850e+01,2.179540e+01,2.169175e+01,2.178159e+01,2.185065e+01,2.174704e+01,2.187135e+01,2.189896e+01,2.170557e+01,2.190586e+01,2.187135e+01,2.182303e+01,2.180922e+01,2.155337e+01,2.182303e+01,2.167792e+01,2.169175e+01,2.187135e+01,2.165717e+01,2.164334e+01,2.178159e+01,2.177468e+01,2.178850e+01,2.176777e+01,2.168483e+01,2.171248e+01,2.170557e+01,2.171940e+01,2.174013e+01,2.172631e+01,2.157414e+01,2.173322e+01,2.174013e+01,2.164334e+01,2.149104e+01,2.160182e+01,2.162950e+01,2.170557e+01,2.143560e+01,2.148411e+01,2.172631e+01,2.145639e+01,2.143560e+01,2.153260e+01,2.158798e+01,2.149104e+01,2.149104e+01,2.150489e+01,2.151875e+01,2.150489e+01,2.138013e+01,2.144946e+01,2.149104e+01,2.147025e+01,2.150489e+01,2.153952e+01,2.157414e+01,2.151875e+01,2.161566e+01,2.149796e+01,2.145639e+01,2.140787e+01,2.146332e+01,2.143560e+01,2.162950e+01,2.144946e+01,2.144253e+01,2.147718e+01,2.135239e+01,2.141480e+01,2.154645e+01,2.138707e+01,2.152567e+01,2.139400e+01,2.142867e+01,2.148411e+01,2.146332e+01,2.144253e+01,2.149104e+01,2.140094e+01,2.138707e+01,2.149796e+01,2.148411e+01
2.199551e+01,2.196104e+01,2.198172e+01,2.203687e+01,2.200241e+01,2.188516e+01,2.208509e+01,2.209198e+01,2.207131e+01,2.199551e+01,2.204376e+01,2.202997e+01,2.200241e+01,2.206442e+01,2.198862e+01,2.207131e+01,2.210575e+01,2.204376e+01,2.191965e+01,2.201619e+01,2.200930e+01,2.198862e+01,2.189896e+01,2.197483e+01,2.198862e+01,2.191965e+01,2.181612e+01,2.185755e+01,2.191276e+01,2.207131e+01,2.208509e+01,2.171940e+01,2.189896e+01,2.192655e+01,2.182993e+01,2.194035e+01,2.191276e+01,2.172631e+01,2.174013e+01,2.181612e+01,2.188516e+01,2.176086e+01,2.174704e+01,2.181612e+01,2.185065e+01,2.181612e+01,2.178850e+01,2.176777e+01,2.178159e+01,2.178850e+01,2.184374e+01,2.176777e+01,2.186445e+01,2.178850e+01,2.179540e+01,2.178159e+01,2.178159e+01,2.174013e+01,2.185065e+01,2.173322e+01,2.187825e+01,2.182993e+01,2.187135e+01,2.179540e+01,2.183684e+01,2.184374e+01,2.181612e+01,2.180922e+01,2.185065e+01,2.182993e+01,2.184374e+01,2.178850e+01,2.184374e+01,2.199551e+01,2.179540e+01,2.194035e+01,2.191276e+01,2.185755e+01,2.193345e+01,2.198172e+01,2.198172e+01,2.197483e+01,2.189206e+01,2.192655e+01,2.192655e+01,2.189896e+01,2.188516e+01,2.191276e+01,2.188516e+01,2.202997e+01,2.195414e+01,2.195414e+01,2.192655e+01,2.197483e+01,2.195414e+01,2.203687e+01,2.196793e+01,2.196793e+01,2.190586e+01,2.185065e+01,2.191276e+01,2.196793e+01,2.187825e+01,2.189896e+01,2.181612e+01,2.177468e+01,2.191276e+01,2.178159e+01,2.176777e+01,2.171248e+01,2.151182e+01,2.119271e+01,2.097709e+01,2.111625e+01,2.114406e+01,2.101885e+01,2.101189e+01,2.110234e+01,2.092833e+01,2.095619e+01,2.103973e+01,2.097012e+01,2.076100e+01,2.092137e+01,2.091440e+01,2.085865e+01,2.090743e+01,2.076100e+01,2.077496e+01,2.074007e+01,2.093530e+01,2.101189e+01,2.104669e+01,2.112320e+01,2.123439e+01,2.124828e+01,2.121355e+01,2.121355e+01,2.129688e+01,2.120660e+01,2.128993e+01,2.135239e+01,2.133851e+01,2.135933e+01,2.131770e+01,2.126217e+01,2.144946e+01,2.139400e+01,2.124828e+01,2.128993e+01,2.122744e+01,2.147025e+01,2.122744e+01,2.123439e+01,2.128993e+01,2.134545e+01,2.122744e+01,2.117186e+01,2.132464e+01,2.123439e+01,2.117186e+01,2.116491e+01,2.122050e+01,2.126911e+01,2.131770e+01,2.124828e+01,2.142867e+01,2.191276e+01,2.193345e+01,2.191276e+01,2.200241e+01,2.209198e+01,2.209886e+01,2.203687e+01,2.219523e+01,2.210575e+01,2.233274e+01,2.212641e+01,2.219523e+01,2.201619e+01,2.203687e+01,2.216771e+01,2.207820e+01,2.202308e+01,2.214706e+01,2.212641e+01,2.214706e+01,2.203687e+01,2.216082e+01,2.214017e+01,2.213329e+01,2.204376e+01,2.202308e+01,2.202997e+01,2.206442e+01,2.192655e+01,2.207820e+01,2.214706e+01,2.209198e+01,2.201619e+01,2.202308e+01,2.200241e+01,2.182303e+01,2.200930e+01,2.184374e+01,2.191276e+01,2.191276e+01,2.201619e+01,2.189896e+01,2.194725e+01,2.205065e+01,2.190586e+01,2.192655e+01,2.189206e+01,2.194725e+01,2.194725e+01,2.188516e+01,2.180922e+01,2.182993e+01,2.195414e+01,2.180231e+01,2.184374e+01,2.180231e+01,2.196104e+01,2.187135e+01,2.192655e+01,2.185755e+01,2.185755e+01,2.189896e+01,2.189896e+01,2.178159e+01,2.180922e+01,2.176777e+01,2.182303e+01,2.189206e+01,2.187825e+01,2.188516e+01,2.175395e+01,2.180231e+01,2.183684e+01,2.178850e+01,2.181612e+01,2.178850e+01,2.182303e+01,2.187135e+01,2.171248e+01,2.190586e+01,2.173322e+01,2.182303e+01,2.174013e+01,2.171940e+01,2.176086e+01,2.192655e+01,2.188516e+01,2.191276e+01,2.180922e+01,2.177468e+01,2.180922e+01,2.173322e+01,2.177468e+01,2.185065e+01,2.177468e+01,2.178850e+01,2.175395e+01,2.174013e+01,2.174704e+01,2.182993e+01,2.171248e+01,2.171940e+01,2.185065e+01,2.175395e+01,2.189896e+01,2.191965e+01,2.180922e+01,2.187135e+01,2.191276e+01,2.178850e+01,2.189896e+01,2.191965e+01,2.187825e+01,2.189896e+01,2.194035e+01,2.197483e+01,2.185755e+01,2.196104e+01,2.199551e+01,2.192655e+01,2.191965e+01,2.192655e+01,2.196104e+01,2.196793e+01,2.185755e+01,2.194035e+01,2.201619e+01,2.194035e+01,2.191276e+01,2.199551e+01,2.193345e+01,2.185755e+01,2.198862e+01,2.188516e+01,2.200930e+01,2.192655e+01,2.182303e+01,2.190586e+01,2.193345e+01,2.184374e+01,2.196793e+01,2.182993e+01,2.180922e+01,2.178850e+01,2.169175e+01,2.172631e+01,2.167100e+01,2.169866e+01,2.178159e+01,2.163642e+01,2.160874e+01,2.158798e+01,2.152567e+01,2.156721e+01,2.170557e+01,2.182993e+01,2.190586e+01,2.190586e+01,2.187825e+01,2.183684e+01,2.179540e+01,2.187825e+01,2.189206e+01,2.196793e+01,2.192655e+01,2.189206e+01,2.189896e+01,2.190586e+01,2.200241e+01,2.189896e+01,2.185065e+01,2.196793e+01,2.194035e+01,2.191276e+01,2.193345e+01,2.180922e+01,2.174704e+01,2.185065e+01,2.184374e+01,2.177468e+01,2.182993e+01,2.183684e+01,2.187135e+01,2.175395e+01,2.178850e+01,2.178850e+01,2.174013e+01,2.167100e+01,2.161566e+01,2.170557e+01,2.156721e+01,2.160182e+01,2.160874e+01,2.151182e+01,2.190586e+01,2.195414e+01,2.186445e+01,2.203687e+01,2.192655e+01,2.206442e+01,2.196793e+01,2.205754e+01,2.209198e+01,2.201619e+01,2.202308e+01,2.205065e+01,2.200241e+01,2.206442e+01,2.198172e+01,2.205754e+01,2.197483e+01,2.195414e+01,2.196793e+01,2.209198e+01,2.207820e+01,2.192655e+01,2.197483e+01,2.188516e+01,2.211952e+01,2.202997e+01,2.192655e+01,2.189206e+01,2.194035e+01,2.201619e+01,2.192655e+01,2.205754e+01,2.193345e+01,2.196104e+01,2.188516e+01,2.194035e+01,2.191276e+01,2.196104e+01,2.197483e+01,2.189896e+01,2.190586e+01,2.177468e+01,2.191965e+01,2.195414e+01,2.193345e+01,2.192655e+01,2.186445e+01,2.182303e+01,2.186445e+01,2.194035e+01,2.179540e+01,2.181612e+01,2.182993e+01,2.182303e+01,2.185755e+01,2.195414e+01,2.185755e+01,2.169175e+01,2.161566e+01,2.159490e+01,2.169866e+01,2.174013e+01,2.169175e+01,2.183684e+01,2.180231e+01,2.171940e+01,2.173322e+01,2.173322e+01,2.179540e+01,2.167100e+01,2.182303e+01,2.185755e+01,2.179540e+01,2.182303e+01,2.194725e+01,2.190586e+01,2.195414e+01,2.185755e+01,2.189896e+01,2.200241e+01,2.180922e+01,2.192655e+01,2.189206e+01,2.191965e+01,2.182303e+01,2.186445e+01,2.202308e+01,2.200930e+01,2.198172e+01,2.198862e+01,2.190586e+01,2.195414e+01,2.194725e+01,2.193345e+01,2.214017e+01,2.198862e+01,2.203687e+01,2.208509e+01,2.207131e+01,2.195414e+01,2.207131e+01,2.197483e+01,2.205754e+01,2.205754e+01,2.198862e+01,2.206442e+01,2.202997e+01,2.198172e+01,2.195414e+01,2.203687e+01,2.198172e+01,2.198172e+01,2.172631e+01,2.197483e+01,2.188516e+01,2.191276e+01,2.191965e+01,2.185755e+01,2.184374e+01,2.169175e+01,2.178159e+01,2.176777e+01,2.181612e+01,2.177468e+01,2.178850e+01,2.178850e+01,2.185755e+01,2.180922e+01,2.177468e+01,2.178850e+01,2.156029e+01,2.156029e+01,2.172631e+01,2.160182e+01,2.147718e+01,2.155337e+01,2.169175e+01,2.162950e+01,2.156721e+01,2.153952e+01,2.153952e+01,2.155337e+01,2.152567e+01,2.156721e+01,2.157414e+01,2.158106e+01,2.155337e+01,2.157414e+01,2.143560e+01,2.150489e+01,2.154645e+01,2.152567e+01,2.152567e+01,2.143560e+01,2.149796e+01,2.152567e+01,2.148411e+01,2.159490e+01,2.156029e+01,2.160182e+01,2.162950e+01,2.160874e+01,2.153952e+01,2.167792e+01,2.153952e+01,2.182303e+01,2.140094e+01,2.163642e+01,2.157414e+01,2.166409e+01,2.165717e+01,2.156721e+01,2.156029e+01,2.152567e+01,2.174704e+01,2.154645e+01,2.160874e+01,2.161566e+01,2.155337e+01,2.165717e+01,2.164334e+01,2.150489e+01,2.169175e+01,2.165025e+01,2.169866e+01,2.166409e+01,2.169866e+01,2.171940e+01,2.169175e+01,2.171248e+01,2.165717e+01,2.186445e+01,2.182303e+01,2.174704e+01,2.181612e+01,2.174704e+01,2.185065e+01,2.176086e+01,2.188516e+01,2.163642e+01,2.184374e+01,2.187825e+01,2.194035e+01,2.194725e+01,2.187135e+01,2.187135e+01,2.196793e+01,2.189896e+01,2.169866e+01,2.180922e+01,2.172631e+01,2.183684e+01,2.180231e+01,2.188516e+01,2.187135e+01,2.179540e+01,2.172631e+01,2.174704e+01,2.179540e+01,2.174013e+01,2.177468e+01,2.174704e+01,2.171940e+01,2.174013e+01,2.169175e+01,2.144946e+01,2.171940e+01,2.175395e+01,2.161566e+01,2.181612e+01,2.162950e+01,2.162950e+01,2.142174e+01,2.158798e+01,2.170557e+01,2.162950e+01,2.174013e+01,2.167792e+01,2.156721e+01,2.160182e+01,2.149796e+01,2.138013e+01,2.155337e+01,2.131770e+01,2.151875e+01,2.147718e+01,2.148411e+01,2.148411e+01,2.149796e+01,2.163642e+01,2.151875e+01,2.164334e+01,2.160874e+01,2.151875e+01,2.151875e+01,2.151875e+01,2.151182e+01,2.133158e+01,2.141480e+01,2.142174e+01,2.140787e+01,2.153260e+01,2.147025e+01,2.140787e+01,2.147718e+01,2.139400e+01,2.144946e+01,2.144946e+01,2.145639e+01,2.144253e+01,2.141480e+01,2.144946e+01,2.151875e+01,2.152567e+01,2.149104e+01,2.144253e+01,2.142867e+01,2.136626e+01,2.148411e+01
2.198172e+01,2.197483e+01,2.188516e+01,2.196104e+01,2.207131e+01,2.216771e+01,2.202308e+01,2.202997e+01,2.199551e+01,2.201619e+01,2.205065e+01,2.202997e+01,2.212641e+01,2.187135e+01,2.212641e+01,2.214017e+01,2.227776e+01,2.204376e+01,2.201619e+01,2.200930e+01,2.200930e+01,2.204376e+01,2.194725e+01,2.197483e+01,2.196104e+01,2.195414e+01,2.201619e+01,2.187135e+01,2.189206e+01,2.189206e+01,2.187825e+01,2.181612e+01,2.192655e+01,2.188516e+01,2.176086e+01,2.192655e+01,2.197483e+01,2.178159e+01,2.174704e+01,2.186445e+01,2.180922e+01,2.180231e+01,2.180922e+01,2.193345e+01,2.177468e+01,2.177468e+01,2.186445e+01,2.182993e+01,2.177468e+01,2.178159e+01,2.180231e+01,2.176086e+01,2.169866e+01,2.178159e+01,2.187135e+01,2.183684e+01,2.188516e+01,2.177468e+01,2.171940e+01,2.187825e+01,2.187135e+01,2.184374e+01,2.186445e+01,2.185065e+01,2.184374e+01,2.185065e+01,2.202997e+01,2.187825e+01,2.185755e+01,2.196104e+01,2.191965e+01,2.181612e+01,2.196104e+01,2.194035e+01,2.184374e+01,2.180922e+01,2.200241e+01,2.194035e+01,2.191276e+01,2.195414e+01,2.195414e+01,2.187135e+01,2.187135e+01,2.188516e+01,2.193345e+01,2.190586e+01,2.204376e+01,2.205065e+01,2.189896e+01,2.202997e+01,2.202308e+01,2.193345e+01,2.200241e+01,2.194725e+01,2.215394e+01,2.196793e+01,2.196793e+01,2.198862e+01,2.199551e+01,2.201619e+01,2.185755e+01,2.195414e+01,2.192655e+01,2.196104e+01,2.196104e+01,2.187825e+01,2.178159e+01,2.169866e+01,2.173322e+01,2.165025e+01,2.151875e+01,2.126217e+01,2.113711e+01,2.099797e+01,2.097012e+01,2.106756e+01,2.103277e+01,2.101885e+01,2.099797e+01,2.102581e+01,2.096316e+01,2.097012e+01,2.090743e+01,2.092137e+01,2.092833e+01,2.087956e+01,2.092833e+01,2.083773e+01,2.088653e+01,2.087259e+01,2.087956e+01,2.090047e+01,2.097709e+01,2.115796e+01,2.115796e+01,2.117186e+01,2.129688e+01,2.119966e+01,2.119966e+01,2.115796e+01,2.140094e+01,2.133158e+01,2.126911e+01,2.129688e+01,2.130382e+01,2.117186e+01,2.133851e+01,2.123439e+01,2.122050e+01,2.127605e+01,2.124133e+01,2.135933e+01,2.125522e+01,2.138013e+01,2.136626e+01,2.127605e+01,2.125522e+01,2.125522e+01,2.112320e+01,2.110929e+01,2.118576e+01,2.122050e+01,2.120660e+01,2.111625e+01,2.122050e+01,2.137320e+01,2.140787e+01,2.177468e+01,2.191276e+01,2.206442e+01,2.209886e+01,2.212641e+01,2.209198e+01,2.209886e+01,2.208509e+01,2.210575e+01,2.214706e+01,2.213329e+01,2.214706e+01,2.201619e+01,2.209886e+01,2.209198e+01,2.206442e+01,2.207131e+01,2.205754e+01,2.203687e+01,2.218147e+01,2.212641e+01,2.209198e+01,2.219523e+01,2.209886e+01,2.210575e+01,2.207131e+01,2.196104e+01,2.201619e+01,2.214706e+01,2.189896e+01,2.207131e+01,2.203687e+01,2.196793e+01,2.201619e+01,2.200930e+01,2.198862e+01,2.196793e+01,2.207820e+01,2.199551e+01,2.191965e+01,2.189896e+01,2.200241e+01,2.215394e+01,2.202997e+01,2.198862e+01,2.191276e+01,2.189896e+01,2.193345e+01,2.191276e+01,2.187825e+01,2.184374e+01,2.180922e+01,2.193345e+01,2.184374e+01,2.197483e+01,2.182303e+01,2.185065e+01,2.189896e+01,2.188516e+01,2.187135e+01,2.187135e+01,2.190586e+01,2.184374e+01,2.180922e+01,2.184374e+01,2.181612e+01,2.188516e+01,2.177468e+01,2.191965e+01,2.194035e+01,2.184374e+01,2.189896e+01,2.188516e+01,2.189206e+01,2.178850e+01,2.180231e+01,2.183684e+01,2.179540e+01,2.186445e+01,2.176086e+01,2.182993e+01,2.177468e+01,2.178850e+01,2.181612e+01,2.176777e+01,2.181612e+01,2.178159e+01,2.174704e+01,2.185065e+01,2.186445e+01,2.180231e+01,2.180922e+01,2.189896e+01,2.180922e+01,2.178850e+01,2.179540e+01,2.186445e+01,2.176086e+01,2.178159e+01,2.180231e+01,2.182303e+01,2.171248e+01,2.182303e+01,2.188516e+01,2.183684e+01,2.178850e+01,2.178159e+01,2.178850e+01,2.192655e+01,2.180922e+01,2.180231e+01,2.187825e+01,2.176086e+01,2.184374e+01,2.196104e+01,2.190586e+01,2.185755e+01,2.191276e+01,2.186445e+01,2.190586e+01,2.187825e+01,2.183684e+01,2.192655e+01,2.189896e+01,2.192655e+01,2.196793e+01,2.193345e+01,2.198172e+01,2.191965e+01,2.201619e+01,2.203687e+01,2.197483e+01,2.196793e+01,2.183684e+01,2.194035e+01,2.181612e+01,2.198172e+01,2.191276e+01,2.188516e+01,2.194725e+01,2.181612e+01,2.185065e+01,2.185755e+01,2.181612e+01,2.176086e+01,2.183684e+01,2.178850e+01,2.167100e+01,2.165717e+01,2.165717e+01,2.153952e+01,2.147718e+01,2.164334e+01,2.160874e+01,2.165025e+01,2.187825e+01,2.180922e+01,2.176777e+01,2.174704e+01,2.189896e+01,2.186445e+01,2.187825e+01,2.191276e+01,2.192655e+01,2.194035e+01,2.193345e+01,2.192655e+01,2.205065e+01,2.191276e+01,2.204376e+01,2.181612e+01,2.196104e+01,2.188516e+01,2.201619e+01,2.193345e+01,2.185065e+01,2.178850e+01,2.176086e+01,2.185065e+01,2.184374e+01,2.177468e+01,2.180922e+01,2.182993e+01,2.178850e+01,2.190586e+01,2.174013e+01,2.175395e+01,2.166409e+01,2.166409e+01,2.169175e+01,2.163642e+01,2.140094e+01,2.165717e+01,2.153952e+01,2.171248e+01,2.198862e+01,2.202997e+01,2.194035e+01,2.195414e+01,2.196104e+01,2.198172e+01,2.209886e+01,2.208509e+01,2.199551e+01,2.213329e+01,2.204376e+01,2.203687e+01,2.204376e+01,2.200241e+01,2.207131e+01,2.202997e+01,2.202997e+01,2.196104e+01,2.203687e+01,2.200241e+01,2.204376e+01,2.207820e+01,2.200930e+01,2.196793e+01,2.189206e+01,2.219523e+01,2.200241e+01,2.202308e+01,2.193345e+01,2.191965e+01,2.198862e+01,2.187825e+01,2.208509e+01,2.193345e+01,2.205065e+01,2.191965e+01,2.176086e+01,2.196793e+01,2.207820e+01,2.197483e+01,2.189206e+01,2.189206e+01,2.195414e+01,2.187825e+01,2.196104e+01,2.182303e+01,2.185065e+01,2.190586e+01,2.182303e+01,2.182303e+01,2.182993e+01,2.185755e+01,2.185065e+01,2.181612e+01,2.184374e+01,2.186445e+01,2.186445e+01,2.177468e+01,2.177468e+01,2.173322e+01,2.174013e+01,2.172631e+01,2.173322e+01,2.174013e+01,2.172631e+01,2.171940e+01,2.170557e+01,2.172631e+01,2.171248e+01,2.171940e+01,2.173322e+01,2.174013e+01,2.184374e+01,2.188516e+01,2.191276e+01,2.180922e+01,2.183684e+01,2.180922e+01,2.188516e+01,2.192655e+01,2.193345e+01,2.202997e+01,2.189206e+01,2.198172e+01,2.187825e+01,2.196793e+01,2.197483e+01,2.198862e+01,2.183684e+01,2.198862e+01,2.197483e+01,2.194725e+01,2.200930e+01,2.198172e+01,2.196104e+01,2.198172e+01,2.214017e+01,2.189206e+01,2.204376e+01,2.207131e+01,2.194035e+01,2.211263e+01,2.211263e+01,2.194725e+01,2.197483e+01,2.200930e+01,2.201619e+01,2.197483e+01,2.205065e+01,2.194035e+01,2.198172e+01,2.194035e+01,2.198862e+01,2.188516e+01,2.193345e+01,2.187825e+01,2.187135e+01,2.184374e+01,2.195414e+01,2.178850e+01,2.194035e+01,2.180231e+01,2.178159e+01,2.178159e+01,2.180231e+01,2.185065e+01,2.180231e+01,2.174704e+01,2.177468e+01,2.168483e+01,2.173322e+01,2.160874e+01,2.149104e+01,2.169866e+01,2.171248e+01,2.162950e+01,2.163642e+01,2.160874e+01,2.158798e+01,2.153260e+01,2.158798e+01,2.158106e+01,2.159490e+01,2.162258e+01,2.168483e+01,2.159490e+01,2.162258e+01,2.149796e+01,2.156721e+01,2.153260e+01,2.146332e+01,2.154645e+01,2.155337e+01,2.148411e+01,2.156721e+01,2.154645e+01,2.144946e+01,2.165717e+01,2.164334e+01,2.160874e+01,2.165025e+01,2.153952e+01,2.160874e+01,2.160874e+01,2.182303e+01,2.159490e+01,2.156721e+01,2.156029e+01,2.154645e+01,2.164334e+01,2.169866e+01,2.168483e+01,2.160182e+01,2.160182e+01,2.173322e+01,2.169175e+01,2.162950e+01,2.162950e+01,2.165717e+01,2.160874e+01,2.179540e+01,2.182993e+01,2.165717e+01,2.175395e+01,2.173322e+01,2.188516e+01,2.179540e+01,2.171940e+01,2.177468e+01,2.174704e+01,2.189206e+01,2.176086e+01,2.172631e+01,2.175395e+01,2.181612e+01,2.169866e+01,2.169175e+01,2.189896e+01,2.187825e+01,2.181612e+01,2.188516e+01,2.188516e+01,2.202308e+01,2.183684e+01,2.178159e+01,2.182993e+01,2.182303e+01,2.200241e+01,2.197483e+01,2.184374e+01,2.185065e+01,2.188516e+01,2.185065e+01,2.187135e+01,2.176086e+01,2.170557e+01,2.183684e+01,2.181612e+01,2.165025e+01,2.164334e+01,2.172631e+01,2.172631e+01,2.176086e+01,2.175395e+01,2.175395e+01,2.170557e+01,2.149796e+01,2.172631e+01,2.175395e+01,2.165717e+01,2.174704e+01,2.176777e+01,2.153260e+01,2.169175e+01,2.158798e+01,2.160182e+01,2.171940e+01,2.140787e+01,2.156721e+01,2.158106e+01,2.166409e+01,2.139400e+01,2.150489e+01,2.148411e+01,2.151182e+01,2.165025e+01,2.151875e+01,2.150489e+01,2.161566e+01,2.159490e+01,2.154645e+01,2.144253e+01,2.160874e+01,2.149796e+01,2.149104e+01,2.143560e+01,2.149796e+01,2.160182e+01,2.152567e+01,2.147718e+01,2.144253e+01,2.149796e+01,2.136626e+01,2.149796e+01,2.153952e+01,2.142174e+01,2.144946e+01,2.152567e+01,2.149104e+01,2.151182e+01,2.150489e+01,2.158106e+01,2.158106e+01,2.156029e+01,2.164334e+01,2.165717e+01,2.151875e+01,2.149104e+01
2.204376e+01,2.201619e+01,2.201619e+01,2.210575e+01,2.221587e+01,2.206442e+01,2.209198e+01,2.220211e+01,2.208509e+01,2.202997e+01,2.173322e+01,2.205754e+01,2.204376e+01,2.193345e+01,2.214017e+01,2.204376e+01,2.210575e+01,2.205754e+01,2.204376e+01,2.199551e+01,2.196793e+01,2.193345e+01,2.186445e+01,2.189896e+01,2.183684e+01,2.191276e+01,2.205754e+01,2.189896e+01,2.186445e+01,2.193345e+01,2.186445e+01,2.189896e+01,2.187135e+01,2.189206e+01,2.191965e+01,2.193345e+01,2.184374e+01,2.185065e+01,2.173322e+01,2.187825e+01,2.170557e+01,2.196104e+01,2.180922e+01,2.178850e+01,2.179540e+01,2.191276e+01,2.188516e+01,2.177468e+01,2.180922e+01,2.185065e+01,2.181612e+01,2.167100e+01,2.196793e+01,2.185755e+01,2.185065e+01,2.185065e+01,2.190586e+01,2.194035e+01,2.177468e+01,2.185755e+01,2.182993e+01,2.185755e+01,2.188516e+01,2.189206e+01,2.188516e+01,2.186445e+01,2.189896e+01,2.178850e+01,2.194035e+01,2.174013e+01,2.188516e+01,2.191276e+01,2.188516e+01,2.178159e+01,2.196793e+01,2.185755e+01,2.199551e+01,2.182993e+01,2.188516e+01,2.200241e+01,2.196104e+01,2.189896e+01,2.187825e+01,2.196104e+01,2.189896e+01,2.192655e+01,2.191965e+01,2.189896e+01,2.199551e+01,2.201619e+01,2.205065e+01,2.202308e+01,2.211952e+01,2.190586e+01,2.196104e+01,2.196793e+01,2.195414e+01,2.194725e+01,2.189206e+01,2.179540e+01,2.193345e+01,2.196104e+01,2.194035e+01,2.186445e+01,2.189896e+01,2.191965e+01,2.180231e+01,2.180922e+01,2.184374e+01,2.165717e+01,2.149796e+01,2.146332e+01,2.097709e+01,2.108843e+01,2.099797e+01,2.104669e+01,2.114406e+01,2.106756e+01,2.100493e+01,2.103973e+01,2.101189e+01,2.079589e+01,2.099797e+01,2.099101e+01,2.099797e+01,2.097012e+01,2.088653e+01,2.080984e+01,2.098405e+01,2.097012e+01,2.090743e+01,2.088653e+01,2.110234e+01,2.111625e+01,2.115796e+01,2.116491e+01,2.124133e+01,2.128299e+01,2.118576e+01,2.131076e+01,2.133851e+01,2.151875e+01,2.138707e+01,2.133158e+01,2.131770e+01,2.144946e+01,2.147025e+01,2.118576e+01,2.118576e+01,2.134545e+01,2.135239e+01,2.131076e+01,2.137320e+01,2.119966e+01,2.119271e+01,2.121355e+01,2.134545e+01,2.126217e+01,2.127605e+01,2.128299e+01,2.116491e+01,2.120660e+01,2.113711e+01,2.124133e+01,2.135239e+01,2.115101e+01,2.131770e+01,2.159490e+01,2.182303e+01,2.188516e+01,2.211263e+01,2.200930e+01,2.211263e+01,2.209198e+01,2.225713e+01,2.209198e+01,2.225026e+01,2.218147e+01,2.216082e+01,2.209198e+01,2.202997e+01,2.222962e+01,2.209198e+01,2.227776e+01,2.208509e+01,2.210575e+01,2.216082e+01,2.214706e+01,2.211263e+01,2.207820e+01,2.211952e+01,2.201619e+01,2.209886e+01,2.213329e+01,2.209198e+01,2.212641e+01,2.202997e+01,2.202997e+01,2.202997e+01,2.204376e+01,2.187135e+01,2.198172e+01,2.195414e+01,2.193345e+01,2.198862e+01,2.195414e+01,2.191276e+01,2.192655e+01,2.171940e+01,2.200241e+01,2.206442e+01,2.188516e+01,2.197483e+01,2.199551e+01,2.192655e+01,2.190586e+01,2.193345e+01,2.182303e+01,2.184374e+01,2.194725e+01,2.178850e+01,2.195414e+01,2.183684e+01,2.198172e+01,2.200241e+01,2.186445e+01,2.191965e+01,2.190586e+01,2.185065e+01,2.189896e+01,2.169175e+01,2.179540e+01,2.189896e+01,2.178159e+01,2.182993e+01,2.182303e+01,2.191965e+01,2.185755e+01,2.187135e+01,2.185065e+01,2.184374e+01,2.174013e+01,2.187135e+01,2.191276e+01,2.188516e+01,2.185065e+01,2.189896e+01,2.189896e+01,2.173322e+01,2.180231e+01,2.179540e+01,2.176777e+01,2.175395e+01,2.181612e+01,2.177468e+01,2.171248e+01,2.174013e+01,2.170557e+01,2.180922e+01,2.175395e+01,2.172631e+01,2.176777e+01,2.176086e+01,2.179540e+01,2.178850e+01,2.179540e+01,2.175395e+01,2.172631e+01,2.169175e+01,2.186445e+01,2.187825e+01,2.196104e+01,2.189206e+01,2.179540e+01,2.191965e+01,2.180231e+01,2.188516e+01,2.194725e+01,2.181612e+01,2.194035e+01,2.194725e+01,2.185065e+01,2.180231e+01,2.198862e+01,2.187825e+01,2.189896e+01,2.192655e+01,2.204376e+01,2.191965e+01,2.207820e+01,2.199551e+01,2.196104e+01,2.189896e+01,2.195414e+01,2.198862e+01,2.208509e+01,2.194035e+01,2.196104e+01,2.188516e+01,2.198862e+01,2.198862e+01,2.189206e+01,2.191965e+01,2.198172e+01,2.201619e+01,2.196793e+01,2.198172e+01,2.198172e+01,2.186445e+01,2.187825e+01,2.184374e+01,2.186445e+01,2.176777e+01,2.182303e+01,2.182993e+01,2.165717e+01,2.161566e+01,2.158106e+01,2.164334e+01,2.167792e+01,2.158798e+01,2.163642e+01,2.158106e+01,2.185755e+01,2.177468e+01,2.189896e+01,2.180231e+01,2.191965e+01,2.189206e+01,2.193345e+01,2.200930e+01,2.194035e+01,2.194725e+01,2.194035e+01,2.190586e+01,2.191965e+01,2.202308e+01,2.186445e+01,2.198862e+01,2.189896e+01,2.193345e+01,2.193345e+01,2.173322e+01,2.187825e+01,2.182993e+01,2.169866e+01,2.165717e+01,2.188516e+01,2.189206e+01,2.184374e+01,2.175395e+01,2.178850e+01,2.185065e+01,2.175395e+01,2.159490e+01,2.166409e+01,2.162258e+01,2.167100e+01,2.156721e+01,2.164334e+01,2.153260e+01,2.161566e+01,2.180922e+01,2.200930e+01,2.197483e+01,2.205065e+01,2.204376e+01,2.200930e+01,2.201619e+01,2.207131e+01,2.199551e+01,2.200241e+01,2.203687e+01,2.201619e+01,2.203687e+01,2.202997e+01,2.199551e+01,2.194035e+01,2.212641e+01,2.203687e+01,2.197483e+01,2.194035e+01,2.200930e+01,2.194725e+01,2.197483e+01,2.217459e+01,2.196104e+01,2.197483e+01,2.193345e+01,2.192655e+01,2.196104e+01,2.180231e+01,2.193345e+01,2.205065e+01,2.198862e+01,2.195414e+01,2.190586e+01,2.184374e+01,2.197483e+01,2.202308e+01,2.186445e+01,2.193345e+01,2.187825e+01,2.191965e+01,2.192655e+01,2.189896e+01,2.197483e+01,2.180922e+01,2.193345e+01,2.202997e+01,2.178159e+01,2.197483e+01,2.183684e+01,2.182993e+01,2.183684e+01,2.182993e+01,2.187825e+01,2.184374e+01,2.184374e+01,2.167792e+01,2.171248e+01,2.176777e+01,2.177468e+01,2.176086e+01,2.175395e+01,2.176086e+01,2.179540e+01,2.183684e+01,2.174704e+01,2.174013e+01,2.171248e+01,2.171248e+01,2.175395e+01,2.187825e+01,2.190586e+01,2.179540e+01,2.184374e+01,2.177468e+01,2.187825e+01,2.189896e+01,2.186445e+01,2.186445e+01,2.191276e+01,2.187825e+01,2.182993e+01,2.183684e+01,2.181612e+01,2.194035e+01,2.185755e+01,2.199551e+01,2.198862e+01,2.196793e+01,2.196793e+01,2.196104e+01,2.196104e+01,2.191965e+01,2.205065e+01,2.198862e+01,2.209198e+01,2.203687e+01,2.207131e+01,2.204376e+01,2.209886e+01,2.193345e+01,2.211263e+01,2.194035e+01,2.200930e+01,2.209198e+01,2.200241e+01,2.202308e+01,2.202308e+01,2.199551e+01,2.199551e+01,2.202308e+01,2.185065e+01,2.196793e+01,2.185755e+01,2.187135e+01,2.194035e+01,2.191965e+01,2.196104e+01,2.196104e+01,2.188516e+01,2.182993e+01,2.169175e+01,2.178159e+01,2.173322e+01,2.178850e+01,2.177468e+01,2.182303e+01,2.178159e+01,2.165025e+01,2.169866e+01,2.169866e+01,2.167100e+01,2.171248e+01,2.165717e+01,2.160182e+01,2.157414e+01,2.156029e+01,2.156721e+01,2.156721e+01,2.153260e+01,2.153260e+01,2.158106e+01,2.151875e+01,2.147025e+01,2.164334e+01,2.154645e+01,2.144253e+01,2.163642e+01,2.154645e+01,2.149796e+01,2.155337e+01,2.156029e+01,2.143560e+01,2.172631e+01,2.158798e+01,2.172631e+01,2.144253e+01,2.164334e+01,2.158106e+01,2.162258e+01,2.159490e+01,2.155337e+01,2.153952e+01,2.158798e+01,2.158798e+01,2.154645e+01,2.133158e+01,2.151875e+01,2.167100e+01,2.164334e+01,2.166409e+01,2.153260e+01,2.158106e+01,2.159490e+01,2.156721e+01,2.169175e+01,2.159490e+01,2.179540e+01,2.162950e+01,2.167792e+01,2.169175e+01,2.171940e+01,2.177468e+01,2.187135e+01,2.185755e+01,2.190586e+01,2.178850e+01,2.170557e+01,2.169866e+01,2.176086e+01,2.174013e+01,2.185065e+01,2.179540e+01,2.174013e+01,2.177468e+01,2.185065e+01,2.181612e+01,2.187135e+01,2.191965e+01,2.182993e+01,2.194035e+01,2.191965e+01,2.176086e+01,2.173322e+01,2.175395e+01,2.197483e+01,2.183684e+01,2.180922e+01,2.184374e+01,2.184374e+01,2.182303e+01,2.171940e+01,2.185065e+01,2.182993e+01,2.182303e+01,2.178159e+01,2.191276e+01,2.166409e+01,2.185755e+01,2.169175e+01,2.160874e+01,2.173322e+01,2.175395e+01,2.170557e+01,2.168483e+01,2.168483e+01,2.169175e+01,2.176777e+01,2.166409e+01,2.153952e+01,2.160874e+01,2.169175e+01,2.175395e+01,2.155337e+01,2.156721e+01,2.153952e+01,2.153260e+01,2.158106e+01,2.154645e+01,2.156029e+01,2.145639e+01,2.154645e+01,2.153952e+01,2.148411e+01,2.164334e+01,2.136626e+01,2.149104e+01,2.150489e+01,2.151875e+01,2.156721e+01,2.151875e+01,2.158798e+01,2.153952e+01,2.156029e+01,2.153952e+01,2.149104e+01,2.147025e+01,2.144253e+01,2.129688e+01,2.151182e+01,2.151182e+01,2.155337e+01,2.140094e+01,2.136626e+01,2.173322e+01,2.156029e+01,2.156029e+01,2.142867e+01,2.155337e+01,2.153260e+01,2.126217e+01,2.144946e+01,2.150489e+01,2.150489e+01,2.144253e+01,2.150489e+01,2.142174e+01
2.205754e+01,2.204376e+01,2.201619e+01,2.213329e+01,2.207131e+01,2.206442e+01,2.200930e+01,2.209198e+01,2.207820e+01,2.200930e+01,2.204376e+01,2.221587e+01,2.226401e+01,2.211263e+01,2.194725e+01,2.212641e+01,2.202308e+01,2.200241e+01,2.195414e+01,2.209198e+01,2.198172e+01,2.196104e+01,2.194725e+01,2.208509e+01,2.193345e+01,2.189896e+01,2.166409e+01,2.193345e+01,2.194725e+01,2.197483e+01,2.193345e+01,2.189206e+01,2.189896e+01,2.189896e+01,2.202997e+01,2.179540e+01,2.190586e+01,2.186445e+01,2.184374e+01,2.185065e+01,2.188516e+01,2.190586e+01,2.177468e+01,2.180231e+01,2.196793e+01,2.161566e+01,2.194725e+01,2.178850e+01,2.183684e+01,2.180231e+01,2.177468e+01,2.185755e+01,2.169175e+01,2.187825e+01,2.186445e+01,2.189896e+01,2.185755e+01,2.187135e+01,2.179540e+01,2.184374e+01,2.181612e+01,2.187135e+01,2.189896e+01,2.187135e+01,2.186445e+01,2.192655e+01,2.183684e+01,2.193345e+01,2.191276e+01,2.180231e+01,2.191276e+01,2.198172e+01,2.189896e+01,2.202308e+01,2.184374e+01,2.185065e+01,2.186445e+01,2.194035e+01,2.200241e+01,2.189206e+01,2.191276e+01,2.192655e+01,2.189206e+01,2.195414e+01,2.191276e+01,2.202997e+01,2.204376e+01,2.201619e+01,2.220211e+01,2.196104e+01,2.186445e+01,2.191965e+01,2.195414e+01,2.199551e+01,2.195414e+01,2.198172e+01,2.191276e+01,2.203687e+01,2.193345e+01,2.199551e+01,2.198172e+01,2.189896e+01,2.188516e+01,2.189896e+01,2.190586e+01,2.178159e+01,2.180231e+01,2.169866e+01,2.175395e+01,2.171940e+01,2.168483e+01,2.129688e+01,2.111625e+01,2.111625e+01,2.101189e+01,2.114406e+01,2.095619e+01,2.085168e+01,2.096316e+01,2.101885e+01,2.099101e+01,2.096316e+01,2.083076e+01,2.074705e+01,2.089350e+01,2.099101e+01,2.101885e+01,2.096316e+01,2.094923e+01,2.090047e+01,2.097709e+01,2.099101e+01,2.119271e+01,2.134545e+01,2.120660e+01,2.133851e+01,2.133158e+01,2.124828e+01,2.119966e+01,2.127605e+01,2.140094e+01,2.142867e+01,2.140787e+01,2.143560e+01,2.131770e+01,2.123439e+01,2.116491e+01,2.128993e+01,2.117881e+01,2.131076e+01,2.125522e+01,2.140094e+01,2.128299e+01,2.120660e+01,2.125522e+01,2.121355e+01,2.133158e+01,2.126217e+01,2.125522e+01,2.126911e+01,2.122744e+01,2.122744e+01,2.126217e+01,2.126911e+01,2.125522e+01,2.133851e+01,2.134545e+01,2.131770e+01,2.181612e+01,2.202997e+01,2.211952e+01,2.207820e+01,2.211952e+01,2.199551e+01,2.211263e+01,2.225713e+01,2.209886e+01,2.211952e+01,2.214706e+01,2.220211e+01,2.215394e+01,2.221587e+01,2.212641e+01,2.224338e+01,2.212641e+01,2.207131e+01,2.213329e+01,2.216771e+01,2.214017e+01,2.211263e+01,2.219523e+01,2.207131e+01,2.203687e+01,2.204376e+01,2.196104e+01,2.218147e+01,2.172631e+01,2.208509e+01,2.201619e+01,2.202997e+01,2.202997e+01,2.205754e+01,2.196793e+01,2.196793e+01,2.179540e+01,2.196793e+01,2.196104e+01,2.196104e+01,2.190586e+01,2.201619e+01,2.189896e+01,2.198172e+01,2.191965e+01,2.201619e+01,2.196793e+01,2.182303e+01,2.197483e+01,2.192655e+01,2.192655e+01,2.194035e+01,2.180922e+01,2.199551e+01,2.180922e+01,2.184374e+01,2.187825e+01,2.189896e+01,2.191276e+01,2.191276e+01,2.189896e+01,2.180231e+01,2.189206e+01,2.174013e+01,2.185755e+01,2.184374e+01,2.190586e+01,2.194035e+01,2.178159e+01,2.178850e+01,2.180922e+01,2.187825e+01,2.185755e+01,2.181612e+01,2.185065e+01,2.176086e+01,2.186445e+01,2.186445e+01,2.189896e+01,2.176777e+01,2.180231e+01,2.164334e+01,2.175395e+01,2.178159e+01,2.176086e+01,2.178850e+01,2.185065e+01,2.178159e+01,2.189206e+01,2.178850e+01,2.179540e+01,2.175395e+01,2.187825e+01,2.180922e+01,2.177468e+01,2.178159e+01,2.171940e+01,2.182993e+01,2.182993e+01,2.183684e+01,2.185065e+01,2.184374e+01,2.186445e+01,2.187825e+01,2.185755e+01,2.177468e+01,2.184374e+01,2.182303e+01,2.198172e+01,2.190586e+01,2.182993e+01,2.179540e+01,2.182993e+01,2.183684e+01,2.174013e+01,2.191276e+01,2.196793e+01,2.198172e+01,2.189206e+01,2.187825e+01,2.191965e+01,2.191276e+01,2.198172e+01,2.194035e+01,2.193345e+01,2.199551e+01,2.191965e+01,2.198172e+01,2.187825e+01,2.189896e+01,2.189896e+01,2.189206e+01,2.192655e+01,2.198172e+01,2.197483e+01,2.202997e+01,2.198862e+01,2.191965e+01,2.183684e+01,2.189206e+01,2.178159e+01,2.187135e+01,2.189206e+01,2.190586e+01,2.189896e+01,2.178850e+01,2.174704e+01,2.165717e+01,2.172631e+01,2.157414e+01,2.162258e+01,2.167792e+01,2.160182e+01,2.170557e+01,2.178850e+01,2.186445e+01,2.188516e+01,2.186445e+01,2.190586e+01,2.190586e+01,2.192655e+01,2.195414e+01,2.195414e+01,2.193345e+01,2.196793e+01,2.205065e+01,2.196793e+01,2.194725e+01,2.198862e+01,2.204376e+01,2.198862e+01,2.196793e+01,2.195414e+01,2.187135e+01,2.194035e+01,2.184374e+01,2.182303e+01,2.178850e+01,2.165717e+01,2.188516e+01,2.189206e+01,2.188516e+01,2.199551e+01,2.174704e+01,2.171248e+01,2.174013e+01,2.178850e+01,2.177468e+01,2.171940e+01,2.171248e+01,2.167792e+01,2.169175e+01,2.169175e+01,2.163642e+01,2.186445e+01,2.187135e+01,2.194035e+01,2.201619e+01,2.201619e+01,2.195414e+01,2.208509e+01,2.208509e+01,2.207131e+01,2.192655e+01,2.207820e+01,2.204376e+01,2.204376e+01,2.204376e+01,2.203687e+01,2.205065e+01,2.194725e+01,2.203687e+01,2.203687e+01,2.203687e+01,2.202308e+01,2.207131e+01,2.193345e+01,2.196104e+01,2.189896e+01,2.194725e+01,2.198862e+01,2.194725e+01,2.199551e+01,2.193345e+01,2.203687e+01,2.193345e+01,2.196793e+01,2.190586e+01,2.191965e+01,2.189206e+01,2.189206e+01,2.188516e+01,2.192655e+01,2.189206e+01,2.190586e+01,2.191276e+01,2.189896e+01,2.193345e+01,2.188516e+01,2.198862e+01,2.184374e+01,2.195414e+01,2.189896e+01,2.186445e+01,2.182993e+01,2.182303e+01,2.185065e+01,2.184374e+01,2.189206e+01,2.172631e+01,2.179540e+01,2.177468e+01,2.166409e+01,2.178850e+01,2.178850e+01,2.176086e+01,2.179540e+01,2.178159e+01,2.178850e+01,2.177468e+01,2.179540e+01,2.182993e+01,2.171940e+01,2.172631e+01,2.174013e+01,2.177468e+01,2.180922e+01,2.180231e+01,2.188516e+01,2.186445e+01,2.175395e+01,2.205754e+01,2.189896e+01,2.184374e+01,2.190586e+01,2.177468e+01,2.187825e+01,2.182303e+01,2.180231e+01,2.187825e+01,2.182303e+01,2.196104e+01,2.190586e+01,2.188516e+01,2.189896e+01,2.183684e+01,2.198172e+01,2.191276e+01,2.196104e+01,2.194035e+01,2.194035e+01,2.205754e+01,2.208509e+01,2.207131e+01,2.198862e+01,2.200930e+01,2.215394e+01,2.197483e+01,2.205065e+01,2.199551e+01,2.200241e+01,2.202308e+01,2.202997e+01,2.202997e+01,2.198172e+01,2.199551e+01,2.197483e+01,2.191276e+01,2.194035e+01,2.196104e+01,2.191276e+01,2.183684e+01,2.194725e+01,2.180922e+01,2.187135e+01,2.189206e+01,2.180231e+01,2.182993e+01,2.174704e+01,2.179540e+01,2.171248e+01,2.179540e+01,2.167792e+01,2.160874e+01,2.180231e+01,2.153952e+01,2.162950e+01,2.174013e+01,2.160874e+01,2.164334e+01,2.160874e+01,2.166409e+01,2.160874e+01,2.155337e+01,2.158106e+01,2.158106e+01,2.167100e+01,2.159490e+01,2.150489e+01,2.164334e+01,2.152567e+01,2.151182e+01,2.143560e+01,2.151182e+01,2.153952e+01,2.148411e+01,2.144253e+01,2.151875e+01,2.145639e+01,2.160182e+01,2.149796e+01,2.162950e+01,2.160182e+01,2.151182e+01,2.154645e+01,2.157414e+01,2.162950e+01,2.162258e+01,2.158798e+01,2.166409e+01,2.167792e+01,2.166409e+01,2.142867e+01,2.166409e+01,2.149796e+01,2.158798e+01,2.176086e+01,2.160874e+01,2.156721e+01,2.173322e+01,2.165025e+01,2.169175e+01,2.161566e+01,2.168483e+01,2.173322e+01,2.172631e+01,2.176086e+01,2.174013e+01,2.174704e+01,2.186445e+01,2.171940e+01,2.173322e+01,2.174704e+01,2.178159e+01,2.197483e+01,2.179540e+01,2.173322e+01,2.181612e+01,2.182303e+01,2.185065e+01,2.191965e+01,2.191965e+01,2.188516e+01,2.180922e+01,2.192655e+01,2.209198e+01,2.174704e+01,2.198172e+01,2.196104e+01,2.178850e+01,2.196104e+01,2.185065e+01,2.194035e+01,2.182303e+01,2.187825e+01,2.186445e+01,2.185755e+01,2.187825e+01,2.176777e+01,2.184374e+01,2.181612e+01,2.178159e+01,2.175395e+01,2.179540e+01,2.184374e+01,2.184374e+01,2.167100e+01,2.179540e+01,2.169866e+01,2.178159e+01,2.167100e+01,2.165025e+01,2.169866e+01,2.176086e+01,2.163642e+01,2.172631e+01,2.172631e+01,2.174013e+01,2.156029e+01,2.155337e+01,2.158106e+01,2.151182e+01,2.161566e+01,2.145639e+01,2.153952e+01,2.155337e+01,2.152567e+01,2.158798e+01,2.151182e+01,2.147025e+01,2.140094e+01,2.156029e+01,2.158106e+01,2.140094e+01,2.149796e+01,2.144946e+01,2.148411e+01,2.153260e+01,2.152567e+01,2.153260e+01,2.151182e+01,2.147025e+01,2.151875e+01,2.149104e+01,2.149796e+01,2.135933e+01,2.153952e+01,2.135239e+01,2.149104e+01,2.153260e+01,2.156721e+01,2.153260e+01,2.161566e+01,2.156721e+01,2.159490e+01,2.158106e+01,2.152567e+01,2.162258e+01,2.151182e+01,2.141480e+01,2.147025e+01,2.143560e+01
2.209886e+01,2.200930e+01,2.202997e+01,2.205754e+01,2.200930e+01,2.189206e+01,2.199551e+01,2.180231e+01,2.209198e+01,2.208509e+01,2.208509e+01,2.205754e+01,2.209198e+01,2.204376e+01,2.205065e+01,2.197483e+01,2.198172e+01,2.207820e+01,2.207820e+01,2.202997e+01,2.200241e+01,2.204376e+01,2.196104e+01,2.186445e+01,2.187135e+01,2.190586e+01,2.189206e+01,2.191965e+01,2.187135e+01,2.189896e+01,2.187825e+01,2.182303e+01,2.179540e+01,2.178159e+01,2.194725e+01,2.178159e+01,2.178159e+01,2.172631e+01,2.178850e+01,2.177468e+01,2.188516e+01,2.196104e+01,2.182993e+01,2.183684e+01,2.174013e+01,2.176086e+01,2.175395e+01,2.177468e+01,2.162950e+01,2.180922e+01,2.178850e+01,2.182993e+01,2.180231e+01,2.178850e+01,2.180231e+01,2.188516e+01,2.180231e+01,2.171248e+01,2.175395e+01,2.178159e+01,2.185065e+01,2.175395e+01,2.180922e+01,2.184374e+01,2.185755e+01,2.196793e+01,2.165025e+01,2.176777e+01,2.180922e+01,2.191965e+01,2.189896e+01,2.188516e+01,2.202308e+01,2.198172e+01,2.196104e+01,2.187825e+01,2.182303e+01,2.194035e+01,2.194035e+01,2.197483e+01,2.191965e+01,2.194725e+01,2.189896e+01,2.200930e+01,2.189896e+01,2.194035e+01,2.207131e+01,2.198862e+01,2.197483e+01,2.196104e+01,2.206442e+01,2.202308e+01,2.205065e+01,2.202997e+01,2.193345e+01,2.203687e+01,2.202997e+01,2.196793e+01,2.201619e+01,2.196793e+01,2.187825e+01,2.200930e+01,2.191276e+01,2.198862e+01,2.198862e+01,2.197483e+01,2.180231e+01,2.191965e+01,2.190586e+01,2.167792e+01,2.160874e+01,2.158798e+01,2.117881e+01,2.105365e+01,2.090743e+01,2.115796e+01,2.101189e+01,2.088653e+01,2.100493e+01,2.101189e+01,2.101885e+01,2.085168e+01,2.097012e+01,2.095619e+01,2.085168e+01,2.099797e+01,2.106061e+01,2.102581e+01,2.110929e+01,2.091440e+01,2.094226e+01,2.097709e+01,2.118576e+01,2.119271e+01,2.126217e+01,2.125522e+01,2.145639e+01,2.135933e+01,2.122050e+01,2.119966e+01,2.132464e+01,2.132464e+01,2.124828e+01,2.140787e+01,2.144253e+01,2.128299e+01,2.133851e+01,2.129688e+01,2.138013e+01,2.134545e+01,2.134545e+01,2.141480e+01,2.133158e+01,2.108843e+01,2.126217e+01,2.126217e+01,2.126911e+01,2.126217e+01,2.124828e+01,2.117881e+01,2.119271e+01,2.115101e+01,2.126217e+01,2.127605e+01,2.138707e+01,2.126217e+01,2.126911e+01,2.144253e+01,2.158798e+01,2.209886e+01,2.210575e+01,2.199551e+01,2.211263e+01,2.209198e+01,2.202997e+01,2.215394e+01,2.214706e+01,2.218147e+01,2.221587e+01,2.221587e+01,2.220211e+01,2.205754e+01,2.207131e+01,2.222275e+01,2.209886e+01,2.210575e+01,2.213329e+01,2.213329e+01,2.202997e+01,2.215394e+01,2.207131e+01,2.209198e+01,2.210575e+01,2.206442e+01,2.200241e+01,2.204376e+01,2.207820e+01,2.202308e+01,2.191276e+01,2.207131e+01,2.207131e+01,2.196793e+01,2.208509e+01,2.198862e+01,2.198172e+01,2.189206e+01,2.189206e+01,2.191965e+01,2.191276e+01,2.183684e+01,2.190586e+01,2.190586e+01,2.194035e+01,2.193345e+01,2.200241e+01,2.195414e+01,2.197483e+01,2.194035e+01,2.178850e+01,2.191276e+01,2.193345e+01,2.194035e+01,2.189896e+01,2.194035e+01,2.196793e+01,2.198862e+01,2.189206e+01,2.172631e+01,2.194725e+01,2.185755e+01,2.180231e+01,2.177468e+01,2.179540e+01,2.172631e+01,2.181612e+01,2.189206e+01,2.188516e+01,2.184374e+01,2.186445e+01,2.182993e+01,2.174704e+01,2.180231e+01,2.178850e+01,2.182993e+01,2.180231e+01,2.190586e+01,2.182303e+01,2.180922e+01,2.182303e+01,2.176777e+01,2.180922e+01,2.177468e+01,2.176777e+01,2.176777e+01,2.174013e+01,2.182993e+01,2.180922e+01,2.175395e+01,2.178159e+01,2.171248e+01,2.178850e+01,2.176086e+01,2.183684e+01,2.179540e+01,2.186445e+01,2.169866e+01,2.182303e+01,2.186445e+01,2.187135e+01,2.175395e+01,2.191276e+01,2.178850e+01,2.187135e+01,2.185065e+01,2.189206e+01,2.191276e+01,2.179540e+01,2.200241e+01,2.190586e+01,2.186445e+01,2.181612e+01,2.185755e+01,2.180922e+01,2.185755e+01,2.204376e+01,2.205754e+01,2.185065e+01,2.185065e+01,2.187135e+01,2.195414e+01,2.200930e+01,2.190586e+01,2.197483e+01,2.192655e+01,2.198172e+01,2.196104e+01,2.217459e+01,2.187135e+01,2.196104e+01,2.192655e+01,2.194725e+01,2.192655e+01,2.201619e+01,2.196104e+01,2.195414e+01,2.198172e+01,2.177468e+01,2.188516e+01,2.191276e+01,2.192655e+01,2.190586e+01,2.188516e+01,2.197483e+01,2.177468e+01,2.187825e+01,2.168483e+01,2.175395e+01,2.154645e+01,2.156721e+01,2.156029e+01,2.161566e+01,2.168483e+01,2.171248e+01,2.180922e+01,2.176086e+01,2.192655e+01,2.190586e+01,2.189896e+01,2.192655e+01,2.185755e+01,2.192655e+01,2.198172e+01,2.198862e+01,2.196104e+01,2.198862e+01,2.197483e+01,2.176777e+01,2.197483e+01,2.193345e+01,2.198862e+01,2.188516e+01,2.181612e+01,2.180922e+01,2.181612e+01,2.183684e+01,2.192655e+01,2.189206e+01,2.189206e+01,2.189896e+01,2.190586e+01,2.197483e+01,2.178850e+01,2.171248e+01,2.178850e+01,2.187825e+01,2.174704e+01,2.158798e+01,2.172631e+01,2.168483e+01,2.173322e+01,2.173322e+01,2.153260e+01,2.181612e+01,2.187135e+01,2.189896e+01,2.190586e+01,2.191965e+01,2.200930e+01,2.203687e+01,2.195414e+01,2.208509e+01,2.210575e+01,2.196104e+01,2.203687e+01,2.194725e+01,2.189896e+01,2.198862e+01,2.200930e+01,2.196104e+01,2.194035e+01,2.196793e+01,2.205065e+01,2.197483e+01,2.196104e+01,2.191965e+01,2.192655e+01,2.193345e+01,2.193345e+01,2.196793e+01,2.194035e+01,2.194725e+01,2.195414e+01,2.188516e+01,2.191965e+01,2.180922e+01,2.188516e+01,2.190586e+01,2.185755e+01,2.187135e+01,2.195414e+01,2.200241e+01,2.200241e+01,2.190586e+01,2.187135e+01,2.193345e+01,2.190586e+01,2.190586e+01,2.179540e+01,2.185755e+01,2.176777e+01,2.185755e+01,2.194035e+01,2.180231e+01,2.185755e+01,2.158106e+01,2.182993e+01,2.178159e+01,2.176086e+01,2.172631e+01,2.173322e+01,2.180922e+01,2.182303e+01,2.178850e+01,2.180231e+01,2.180231e+01,2.167792e+01,2.172631e+01,2.191276e+01,2.172631e+01,2.172631e+01,2.167100e+01,2.171940e+01,2.174013e+01,2.186445e+01,2.176777e+01,2.188516e+01,2.185755e+01,2.184374e+01,2.185755e+01,2.178850e+01,2.189206e+01,2.184374e+01,2.189896e+01,2.176086e+01,2.158798e+01,2.167100e+01,2.196793e+01,2.166409e+01,2.165717e+01,2.177468e+01,2.187135e+01,2.181612e+01,2.179540e+01,2.182303e+01,2.186445e+01,2.189206e+01,2.194035e+01,2.187825e+01,2.192655e+01,2.191276e+01,2.203687e+01,2.205065e+01,2.199551e+01,2.189206e+01,2.198172e+01,2.194725e+01,2.202997e+01,2.198172e+01,2.198172e+01,2.192655e+01,2.206442e+01,2.196793e+01,2.198172e+01,2.197483e+01,2.196104e+01,2.192655e+01,2.193345e+01,2.193345e+01,2.185065e+01,2.194725e+01,2.192655e+01,2.183684e+01,2.191276e+01,2.193345e+01,2.184374e+01,2.167792e+01,2.187825e+01,2.176086e+01,2.169866e+01,2.171248e+01,2.160874e+01,2.169866e+01,2.165025e+01,2.163642e+01,2.174704e+01,2.160874e+01,2.165717e+01,2.154645e+01,2.160182e+01,2.161566e+01,2.167792e+01,2.165717e+01,2.148411e+01,2.160182e+01,2.144253e+01,2.158798e+01,2.160182e+01,2.148411e+01,2.149796e+01,2.153952e+01,2.149104e+01,2.153952e+01,2.154645e+01,2.145639e+01,2.144946e+01,2.149796e+01,2.156721e+01,2.157414e+01,2.147025e+01,2.159490e+01,2.150489e+01,2.174013e+01,2.156721e+01,2.155337e+01,2.156721e+01,2.161566e+01,2.164334e+01,2.163642e+01,2.165025e+01,2.160182e+01,2.163642e+01,2.165717e+01,2.161566e+01,2.163642e+01,2.159490e+01,2.176086e+01,2.165025e+01,2.166409e+01,2.178159e+01,2.165717e+01,2.163642e+01,2.180922e+01,2.165717e+01,2.165717e+01,2.176777e+01,2.171248e+01,2.171940e+01,2.178850e+01,2.174013e+01,2.170557e+01,2.180231e+01,2.168483e+01,2.175395e+01,2.191965e+01,2.171940e+01,2.183684e+01,2.189896e+01,2.193345e+01,2.177468e+01,2.171940e+01,2.194725e+01,2.197483e+01,2.194035e+01,2.198862e+01,2.184374e+01,2.185065e+01,2.191276e+01,2.196793e+01,2.196104e+01,2.200241e+01,2.182993e+01,2.180922e+01,2.192655e+01,2.178850e+01,2.187135e+01,2.184374e+01,2.186445e+01,2.189206e+01,2.178159e+01,2.179540e+01,2.178850e+01,2.192655e+01,2.180231e+01,2.178159e+01,2.170557e+01,2.171940e+01,2.171940e+01,2.160874e+01,2.172631e+01,2.171940e+01,2.177468e+01,2.164334e+01,2.179540e+01,2.161566e+01,2.157414e+01,2.156721e+01,2.156721e+01,2.151182e+01,2.158798e+01,2.164334e+01,2.161566e+01,2.163642e+01,2.165025e+01,2.152567e+01,2.155337e+01,2.142174e+01,2.163642e+01,2.161566e+01,2.138707e+01,2.159490e+01,2.154645e+01,2.151182e+01,2.157414e+01,2.147718e+01,2.153260e+01,2.156721e+01,2.149104e+01,2.138013e+01,2.147025e+01,2.139400e+01,2.151875e+01,2.156029e+01,2.155337e+01,2.155337e+01,2.150489e+01,2.150489e+01,2.152567e+01,2.159490e+01,2.145639e+01,2.140094e+01,2.160182e+01,2.150489e+01,2.150489e+01,2.147025e+01,2.156029e+01,2.160182e+01,2.151875e+01,2.140094e+01,2.140787e+01,2.142867e+01
2.202308e+01,2.194725e+01,2.209198e+01,2.211263e+01,2.198862e+01,2.208509e+01,2.204376e+01,2.196104e+01,2.195414e+01,2.200930e+01,2.200930e+01,2.174704e+01,2.211263e+01,2.208509e+01,2.212641e+01,2.199551e+01,2.195414e+01,2.206442e+01,2.205065e+01,2.190586e+01,2.197483e+01,2.198172e+01,2.189896e+01,2.190586e+01,2.188516e+01,2.188516e+01,2.187135e+01,2.205065e+01,2.187825e+01,2.189206e+01,2.182993e+01,2.178159e+01,2.181612e+01,2.186445e+01,2.186445e+01,2.196104e+01,2.189896e+01,2.191965e+01,2.176086e+01,2.190586e+01,2.178850e+01,2.188516e+01,2.194035e+01,2.173322e+01,2.174704e+01,2.174013e+01,2.186445e+01,2.178850e+01,2.184374e+01,2.209198e+01,2.176777e+01,2.178159e+01,2.182303e+01,2.182303e+01,2.169175e+01,2.192655e+01,2.192655e+01,2.173322e+01,2.184374e+01,2.188516e+01,2.184374e+01,2.182993e+01,2.182303e+01,2.190586e+01,2.187135e+01,2.180922e+01,2.182303e+01,2.184374e+01,2.190586e+01,2.194725e+01,2.191965e+01,2.193345e+01,2.191965e+01,2.195414e+01,2.185755e+01,2.182993e+01,2.199551e+01,2.184374e+01,2.204376e+01,2.185065e+01,2.187825e+01,2.199551e+01,2.191276e+01,2.187135e+01,2.199551e+01,2.198172e+01,2.204376e+01,2.208509e+01,2.199551e+01,2.196793e+01,2.200241e+01,2.200241e+01,2.203687e+01,2.200930e+01,2.193345e+01,2.198862e+01,2.201619e+01,2.203687e+01,2.198172e+01,2.200930e+01,2.191276e+01,2.189206e+01,2.202997e+01,2.204376e+01,2.196104e+01,2.203687e+01,2.196104e+01,2.186445e+01,2.186445e+01,2.171248e+01,2.156721e+01,2.157414e+01,2.127605e+01,2.101189e+01,2.087956e+01,2.101885e+01,2.097012e+01,2.089350e+01,2.103973e+01,2.099797e+01,2.097709e+01,2.102581e+01,2.099101e+01,2.095619e+01,2.104669e+01,2.103277e+01,2.091440e+01,2.099797e+01,2.094923e+01,2.099797e+01,2.097709e+01,2.094923e+01,2.098405e+01,2.130382e+01,2.122744e+01,2.130382e+01,2.125522e+01,2.124828e+01,2.122744e+01,2.144253e+01,2.126217e+01,2.133851e+01,2.124133e+01,2.128299e+01,2.122050e+01,2.132464e+01,2.146332e+01,2.139400e+01,2.133851e+01,2.137320e+01,2.133851e+01,2.129688e+01,2.128993e+01,2.135933e+01,2.127605e+01,2.121355e+01,2.132464e+01,2.122050e+01,2.134545e+01,2.122050e+01,2.124133e+01,2.135933e+01,2.135239e+01,2.138013e+01,2.137320e+01,2.132464e+01,2.135933e+01,2.128993e+01,2.149796e+01,2.189206e+01,2.203687e+01,2.216082e+01,2.214706e+01,2.211263e+01,2.214017e+01,2.210575e+01,2.223650e+01,2.224338e+01,2.214706e+01,2.205754e+01,2.218147e+01,2.215394e+01,2.204376e+01,2.208509e+01,2.211952e+01,2.211263e+01,2.210575e+01,2.218147e+01,2.204376e+01,2.211263e+01,2.220211e+01,2.208509e+01,2.197483e+01,2.198172e+01,2.203687e+01,2.197483e+01,2.198862e+01,2.207820e+01,2.198862e+01,2.200241e+01,2.197483e+01,2.192655e+01,2.198172e+01,2.195414e+01,2.191965e+01,2.198172e+01,2.182303e+01,2.196793e+01,2.195414e+01,2.182303e+01,2.193345e+01,2.198172e+01,2.187825e+01,2.199551e+01,2.191276e+01,2.199551e+01,2.198862e+01,2.192655e+01,2.187135e+01,2.189896e+01,2.198172e+01,2.191276e+01,2.192655e+01,2.196793e+01,2.198862e+01,2.191965e+01,2.176086e+01,2.190586e+01,2.174704e+01,2.187135e+01,2.185065e+01,2.174013e+01,2.179540e+01,2.181612e+01,2.184374e+01,2.185065e+01,2.178159e+01,2.186445e+01,2.185065e+01,2.181612e+01,2.185755e+01,2.184374e+01,2.186445e+01,2.181612e+01,2.180231e+01,2.182993e+01,2.179540e+01,2.173322e+01,2.190586e+01,2.167792e+01,2.181612e+01,2.180231e+01,2.175395e+01,2.180231e+01,2.176777e+01,2.178850e+01,2.178159e+01,2.178159e+01,2.170557e+01,2.171940e+01,2.175395e+01,2.165717e+01,2.173322e+01,2.175395e+01,2.184374e+01,2.180231e+01,2.182303e+01,2.185065e+01,2.186445e+01,2.187825e+01,2.188516e+01,2.186445e+01,2.180231e+01,2.181612e+01,2.198862e+01,2.187825e+01,2.187825e+01,2.183684e+01,2.191965e+01,2.196104e+01,2.184374e+01,2.182993e+01,2.190586e+01,2.194725e+01,2.202308e+01,2.196104e+01,2.197483e+01,2.183684e+01,2.190586e+01,2.192655e+01,2.197483e+01,2.196104e+01,2.198862e+01,2.197483e+01,2.191965e+01,2.200241e+01,2.197483e+01,2.197483e+01,2.196104e+01,2.194725e+01,2.195414e+01,2.189896e+01,2.194035e+01,2.193345e+01,2.193345e+01,2.194725e+01,2.196793e+01,2.202308e+01,2.196793e+01,2.202997e+01,2.192655e+01,2.187825e+01,2.186445e+01,2.189206e+01,2.183684e+01,2.163642e+01,2.153260e+01,2.166409e+01,2.156721e+01,2.158798e+01,2.164334e+01,2.171940e+01,2.161566e+01,2.178850e+01,2.180231e+01,2.185065e+01,2.181612e+01,2.189206e+01,2.182993e+01,2.178850e+01,2.189206e+01,2.196793e+01,2.194725e+01,2.196793e+01,2.197483e+01,2.195414e+01,2.176777e+01,2.197483e+01,2.196793e+01,2.200241e+01,2.196104e+01,2.186445e+01,2.181612e+01,2.188516e+01,2.182993e+01,2.168483e+01,2.178850e+01,2.189896e+01,2.191965e+01,2.180922e+01,2.185065e+01,2.174013e+01,2.180922e+01,2.180922e+01,2.191965e+01,2.182303e+01,2.169175e+01,2.174704e+01,2.174704e+01,2.174013e+01,2.169866e+01,2.156721e+01,2.166409e+01,2.172631e+01,2.178159e+01,2.191276e+01,2.205754e+01,2.194725e+01,2.204376e+01,2.204376e+01,2.197483e+01,2.202997e+01,2.205754e+01,2.194035e+01,2.205065e+01,2.192655e+01,2.201619e+01,2.198172e+01,2.206442e+01,2.205065e+01,2.194725e+01,2.198862e+01,2.202308e+01,2.222275e+01,2.194035e+01,2.190586e+01,2.191965e+01,2.196793e+01,2.190586e+01,2.192655e+01,2.193345e+01,2.198862e+01,2.185065e+01,2.189896e+01,2.196793e+01,2.187825e+01,2.187825e+01,2.189206e+01,2.188516e+01,2.185755e+01,2.178159e+01,2.185065e+01,2.190586e+01,2.187135e+01,2.178850e+01,2.189896e+01,2.189896e+01,2.185065e+01,2.182993e+01,2.180922e+01,2.188516e+01,2.183684e+01,2.187135e+01,2.194035e+01,2.195414e+01,2.182303e+01,2.182303e+01,2.185755e+01,2.175395e+01,2.182303e+01,2.178159e+01,2.163642e+01,2.174013e+01,2.174704e+01,2.174704e+01,2.171940e+01,2.182303e+01,2.157414e+01,2.178159e+01,2.174013e+01,2.185065e+01,2.180922e+01,2.182993e+01,2.187135e+01,2.188516e+01,2.178159e+01,2.180231e+01,2.178159e+01,2.181612e+01,2.210575e+01,2.189206e+01,2.190586e+01,2.189896e+01,2.156721e+01,2.153260e+01,2.147718e+01,2.165025e+01,2.147718e+01,2.168483e+01,2.155337e+01,2.152567e+01,2.178159e+01,2.182303e+01,2.190586e+01,2.179540e+01,2.194035e+01,2.186445e+01,2.199551e+01,2.185755e+01,2.194035e+01,2.192655e+01,2.199551e+01,2.200930e+01,2.196793e+01,2.203687e+01,2.211952e+01,2.198862e+01,2.199551e+01,2.208509e+01,2.200930e+01,2.197483e+01,2.185755e+01,2.200930e+01,2.194035e+01,2.200930e+01,2.199551e+01,2.194725e+01,2.189896e+01,2.186445e+01,2.192655e+01,2.194035e+01,2.185755e+01,2.187135e+01,2.193345e+01,2.182303e+01,2.185755e+01,2.189206e+01,2.178159e+01,2.178159e+01,2.180922e+01,2.159490e+01,2.181612e+01,2.162950e+01,2.147025e+01,2.167100e+01,2.162950e+01,2.158798e+01,2.172631e+01,2.164334e+01,2.153952e+01,2.159490e+01,2.165025e+01,2.149104e+01,2.148411e+01,2.155337e+01,2.169175e+01,2.161566e+01,2.155337e+01,2.160182e+01,2.149104e+01,2.144253e+01,2.144253e+01,2.178850e+01,2.144253e+01,2.148411e+01,2.142867e+01,2.144946e+01,2.161566e+01,2.161566e+01,2.158798e+01,2.158798e+01,2.158106e+01,2.155337e+01,2.147025e+01,2.163642e+01,2.153952e+01,2.160874e+01,2.158106e+01,2.165717e+01,2.163642e+01,2.156721e+01,2.165717e+01,2.165717e+01,2.162258e+01,2.164334e+01,2.171940e+01,2.155337e+01,2.165717e+01,2.165025e+01,2.158106e+01,2.162950e+01,2.158106e+01,2.156029e+01,2.174704e+01,2.167792e+01,2.170557e+01,2.174013e+01,2.187825e+01,2.170557e+01,2.167792e+01,2.184374e+01,2.194035e+01,2.182303e+01,2.179540e+01,2.182993e+01,2.186445e+01,2.187135e+01,2.194035e+01,2.180922e+01,2.185065e+01,2.193345e+01,2.182303e+01,2.194725e+01,2.189206e+01,2.199551e+01,2.182303e+01,2.197483e+01,2.203687e+01,2.179540e+01,2.187825e+01,2.171940e+01,2.178850e+01,2.179540e+01,2.190586e+01,2.184374e+01,2.179540e+01,2.182993e+01,2.178850e+01,2.178159e+01,2.178159e+01,2.178850e+01,2.160182e+01,2.177468e+01,2.178850e+01,2.185755e+01,2.174704e+01,2.172631e+01,2.170557e+01,2.162950e+01,2.174013e+01,2.165025e+01,2.158106e+01,2.167792e+01,2.170557e+01,2.163642e+01,2.158106e+01,2.155337e+01,2.156721e+01,2.147025e+01,2.156029e+01,2.151875e+01,2.154645e+01,2.162950e+01,2.151182e+01,2.151182e+01,2.166409e+01,2.156029e+01,2.155337e+01,2.142867e+01,2.153260e+01,2.153952e+01,2.151182e+01,2.153952e+01,2.148411e+01,2.151875e+01,2.149104e+01,2.156029e+01,2.153952e+01,2.151182e+01,2.155337e+01,2.154645e+01,2.152567e+01,2.142867e+01,2.160182e+01,2.154645e+01,2.144946e+01,2.158798e+01,2.147718e+01,2.145639e+01,2.156029e+01,2.152567e+01,2.143560e+01,2.160182e+01,2.139400e+01,2.131076e+01,2.150489e+01,2.155337e+01,2.143560e+01,2.142174e+01,2.163642e+01
2.213329e+01,2.192655e+01,2.188516e+01,2.199551e+01,2.201619e+01,2.188516e+01,2.197483e+01,2.204376e+01,2.200241e+01,2.198172e+01,2.200930e+01,2.212641e+01,2.194725e+01,2.199551e+01,2.200241e+01,2.205754e+01,2.207820e+01,2.211952e+01,2.206442e+01,2.195414e+01,2.198862e+01,2.208509e+01,2.206442e+01,2.187825e+01,2.208509e+01,2.193345e+01,2.205065e+01,2.205065e+01,2.190586e+01,2.197483e+01,2.195414e+01,2.182993e+01,2.187135e+01,2.187825e+01,2.180922e+01,2.181612e+01,2.182303e+01,2.185755e+01,2.182993e+01,2.182993e+01,2.187825e+01,2.181612e+01,2.177468e+01,2.182993e+01,2.184374e+01,2.190586e+01,2.183684e+01,2.185755e+01,2.189206e+01,2.181612e+01,2.175395e+01,2.183684e+01,2.189206e+01,2.179540e+01,2.186445e+01,2.189896e+01,2.176777e+01,2.174704e+01,2.182303e+01,2.180922e+01,2.179540e+01,2.189206e+01,2.185755e+01,2.192655e+01,2.182993e+01,2.185065e+01,2.194725e+01,2.184374e+01,2.187825e+01,2.198172e+01,2.189896e+01,2.194725e+01,2.195414e+01,2.189206e+01,2.188516e+01,2.195414e+01,2.182303e+01,2.180922e+01,2.202308e+01,2.196793e+01,2.184374e+01,2.200930e+01,2.198172e+01,2.200241e+01,2.200241e+01,2.213329e+01,2.196104e+01,2.204376e+01,2.202997e+01,2.189896e+01,2.198172e+01,2.203687e+01,2.199551e+01,2.206442e+01,2.198862e+01,2.207131e+01,2.204376e+01,2.196793e+01,2.202308e+01,2.197483e+01,2.194725e+01,2.196104e+01,2.191276e+01,2.200930e+01,2.200930e+01,2.197483e+01,2.202308e+01,2.185755e+01,2.191276e+01,2.189206e+01,2.166409e+01,2.176086e+01,2.152567e+01,2.102581e+01,2.101885e+01,2.098405e+01,2.087259e+01,2.086562e+01,2.086562e+01,2.097709e+01,2.091440e+01,2.098405e+01,2.098405e+01,2.113711e+01,2.102581e+01,2.093530e+01,2.103277e+01,2.113015e+01,2.108843e+01,2.102581e+01,2.106756e+01,2.106061e+01,2.108843e+01,2.117881e+01,2.115101e+01,2.133851e+01,2.122050e+01,2.124133e+01,2.133158e+01,2.121355e+01,2.124133e+01,2.136626e+01,2.123439e+01,2.135933e+01,2.123439e+01,2.136626e+01,2.135933e+01,2.123439e+01,2.132464e+01,2.132464e+01,2.128299e+01,2.133158e+01,2.129688e+01,2.127605e+01,2.128299e+01,2.130382e+01,2.120660e+01,2.131770e+01,2.121355e+01,2.122744e+01,2.146332e+01,2.141480e+01,2.128993e+01,2.138707e+01,2.140094e+01,2.140787e+01,2.142174e+01,2.149104e+01,2.155337e+01,2.165717e+01,2.206442e+01,2.216082e+01,2.227776e+01,2.210575e+01,2.218835e+01,2.217459e+01,2.225026e+01,2.225026e+01,2.207131e+01,2.212641e+01,2.214706e+01,2.210575e+01,2.215394e+01,2.216082e+01,2.204376e+01,2.202997e+01,2.214017e+01,2.208509e+01,2.208509e+01,2.211952e+01,2.214706e+01,2.206442e+01,2.216771e+01,2.195414e+01,2.206442e+01,2.197483e+01,2.200930e+01,2.205754e+01,2.203687e+01,2.197483e+01,2.201619e+01,2.209198e+01,2.194035e+01,2.183684e+01,2.194035e+01,2.193345e+01,2.198172e+01,2.193345e+01,2.196104e+01,2.191965e+01,2.197483e+01,2.193345e+01,2.194035e+01,2.197483e+01,2.193345e+01,2.196793e+01,2.200241e+01,2.193345e+01,2.174013e+01,2.193345e+01,2.175395e+01,2.194725e+01,2.187825e+01,2.200241e+01,2.184374e+01,2.194035e+01,2.187135e+01,2.194725e+01,2.181612e+01,2.171940e+01,2.178850e+01,2.174013e+01,2.188516e+01,2.185065e+01,2.180922e+01,2.188516e+01,2.187825e+01,2.186445e+01,2.185755e+01,2.180231e+01,2.181612e+01,2.180231e+01,2.176086e+01,2.185065e+01,2.176777e+01,2.182993e+01,2.180922e+01,2.187135e+01,2.189206e+01,2.190586e+01,2.177468e+01,2.181612e+01,2.184374e+01,2.189896e+01,2.176777e+01,2.177468e+01,2.176086e+01,2.182993e+01,2.187135e+01,2.184374e+01,2.178850e+01,2.181612e+01,2.189896e+01,2.174704e+01,2.180231e+01,2.187135e+01,2.185755e+01,2.186445e+01,2.184374e+01,2.176086e+01,2.178850e+01,2.185065e+01,2.179540e+01,2.178159e+01,2.190586e+01,2.185065e+01,2.185755e+01,2.176777e+01,2.196793e+01,2.183684e+01,2.185065e+01,2.184374e+01,2.194725e+01,2.196793e+01,2.193345e+01,2.198172e+01,2.191965e+01,2.187135e+01,2.189896e+01,2.202308e+01,2.192655e+01,2.193345e+01,2.191965e+01,2.194725e+01,2.196104e+01,2.202997e+01,2.204376e+01,2.200241e+01,2.204376e+01,2.209198e+01,2.203687e+01,2.189896e+01,2.205754e+01,2.194035e+01,2.203687e+01,2.202308e+01,2.191276e+01,2.201619e+01,2.200930e+01,2.187135e+01,2.187135e+01,2.192655e+01,2.190586e+01,2.185755e+01,2.194725e+01,2.168483e+01,2.165025e+01,2.158798e+01,2.162950e+01,2.153260e+01,2.158106e+01,2.167792e+01,2.165717e+01,2.179540e+01,2.183684e+01,2.184374e+01,2.191276e+01,2.197483e+01,2.185755e+01,2.181612e+01,2.194035e+01,2.200930e+01,2.198862e+01,2.206442e+01,2.195414e+01,2.196104e+01,2.179540e+01,2.188516e+01,2.201619e+01,2.187825e+01,2.176086e+01,2.185065e+01,2.187135e+01,2.179540e+01,2.186445e+01,2.180922e+01,2.189206e+01,2.186445e+01,2.181612e+01,2.178850e+01,2.182303e+01,2.183684e+01,2.178159e+01,2.180922e+01,2.197483e+01,2.176086e+01,2.178159e+01,2.171940e+01,2.158798e+01,2.169866e+01,2.171248e+01,2.170557e+01,2.171940e+01,2.178850e+01,2.186445e+01,2.188516e+01,2.198172e+01,2.206442e+01,2.206442e+01,2.204376e+01,2.201619e+01,2.199551e+01,2.191965e+01,2.188516e+01,2.212641e+01,2.204376e+01,2.197483e+01,2.223650e+01,2.198862e+01,2.207820e+01,2.187135e+01,2.191276e+01,2.193345e+01,2.195414e+01,2.196793e+01,2.196104e+01,2.197483e+01,2.192655e+01,2.186445e+01,2.191276e+01,2.188516e+01,2.183684e+01,2.182303e+01,2.187825e+01,2.179540e+01,2.192655e+01,2.198862e+01,2.193345e+01,2.187135e+01,2.191965e+01,2.194725e+01,2.198172e+01,2.194035e+01,2.187135e+01,2.189896e+01,2.178159e+01,2.193345e+01,2.194035e+01,2.192655e+01,2.191965e+01,2.190586e+01,2.183684e+01,2.184374e+01,2.183684e+01,2.180922e+01,2.193345e+01,2.180922e+01,2.176777e+01,2.160182e+01,2.180231e+01,2.178159e+01,2.179540e+01,2.178159e+01,2.181612e+01,2.182993e+01,2.175395e+01,2.169175e+01,2.182303e+01,2.167792e+01,2.168483e+01,2.174013e+01,2.172631e+01,2.178159e+01,2.189206e+01,2.198172e+01,2.180231e+01,2.182993e+01,2.175395e+01,2.189206e+01,2.188516e+01,2.174704e+01,2.176777e+01,2.169866e+01,2.153952e+01,2.146332e+01,2.150489e+01,2.143560e+01,2.147718e+01,2.160874e+01,2.169866e+01,2.154645e+01,2.153260e+01,2.175395e+01,2.182993e+01,2.184374e+01,2.184374e+01,2.195414e+01,2.189896e+01,2.200241e+01,2.190586e+01,2.187135e+01,2.202308e+01,2.198172e+01,2.190586e+01,2.187825e+01,2.208509e+01,2.193345e+01,2.205754e+01,2.207131e+01,2.190586e+01,2.191276e+01,2.195414e+01,2.187825e+01,2.196104e+01,2.200930e+01,2.198172e+01,2.181612e+01,2.180922e+01,2.188516e+01,2.178159e+01,2.196104e+01,2.180231e+01,2.189206e+01,2.182303e+01,2.180922e+01,2.180231e+01,2.178850e+01,2.180922e+01,2.183684e+01,2.182993e+01,2.169866e+01,2.168483e+01,2.159490e+01,2.158798e+01,2.158798e+01,2.169866e+01,2.162258e+01,2.165025e+01,2.169175e+01,2.162258e+01,2.152567e+01,2.159490e+01,2.159490e+01,2.154645e+01,2.153260e+01,2.155337e+01,2.149796e+01,2.161566e+01,2.162258e+01,2.142867e+01,2.154645e+01,2.148411e+01,2.165025e+01,2.151875e+01,2.148411e+01,2.149104e+01,2.158798e+01,2.152567e+01,2.157414e+01,2.159490e+01,2.144253e+01,2.166409e+01,2.161566e+01,2.173322e+01,2.157414e+01,2.161566e+01,2.140787e+01,2.162950e+01,2.162258e+01,2.170557e+01,2.165025e+01,2.169175e+01,2.165717e+01,2.165025e+01,2.157414e+01,2.159490e+01,2.176086e+01,2.155337e+01,2.156029e+01,2.172631e+01,2.162258e+01,2.174013e+01,2.186445e+01,2.177468e+01,2.171248e+01,2.171940e+01,2.171940e+01,2.185755e+01,2.187135e+01,2.176086e+01,2.162258e+01,2.177468e+01,2.191276e+01,2.185755e+01,2.190586e+01,2.190586e+01,2.193345e+01,2.187825e+01,2.188516e+01,2.198172e+01,2.191276e+01,2.181612e+01,2.187135e+01,2.191276e+01,2.194035e+01,2.195414e+01,2.191965e+01,2.183684e+01,2.186445e+01,2.176777e+01,2.177468e+01,2.181612e+01,2.178159e+01,2.189896e+01,2.182303e+01,2.164334e+01,2.188516e+01,2.180922e+01,2.186445e+01,2.191965e+01,2.185065e+01,2.189206e+01,2.190586e+01,2.192655e+01,2.180922e+01,2.171940e+01,2.174013e+01,2.171940e+01,2.174013e+01,2.176086e+01,2.168483e+01,2.170557e+01,2.178850e+01,2.161566e+01,2.178850e+01,2.166409e+01,2.156721e+01,2.143560e+01,2.162950e+01,2.158106e+01,2.156029e+01,2.159490e+01,2.151875e+01,2.156721e+01,2.149104e+01,2.157414e+01,2.156721e+01,2.132464e+01,2.160182e+01,2.151182e+01,2.133158e+01,2.160182e+01,2.160874e+01,2.155337e+01,2.144253e+01,2.151182e+01,2.153952e+01,2.136626e+01,2.144946e+01,2.144253e+01,2.153952e+01,2.141480e+01,2.156721e+01,2.157414e+01,2.158106e+01,2.158106e+01,2.153952e+01,2.140787e+01,2.147718e+01,2.131770e+01,2.162950e+01,2.137320e+01,2.142867e+01,2.145639e+01,2.146332e+01,2.147025e+01,2.150489e+01,2.147025e+01,2.157414e+01,2.163642e+01
2.214017e+01,2.201619e+01,2.198862e+01,2.200930e+01,2.198862e+01,2.207820e+01,2.196793e+01,2.202997e+01,2.205754e+01,2.198172e+01,2.202308e+01,2.214706e+01,2.206442e+01,2.205065e+01,2.209886e+01,2.192655e+01,2.207820e+01,2.212641e+01,2.200241e+01,2.196104e+01,2.196104e+01,2.198172e+01,2.196104e+01,2.204376e+01,2.204376e+01,2.197483e+01,2.189896e+01,2.186445e+01,2.204376e+01,2.183684e+01,2.183684e+01,2.193345e+01,2.192655e+01,2.182993e+01,2.189206e+01,2.186445e+01,2.180922e+01,2.180231e+01,2.189206e+01,2.182303e+01,2.194035e+01,2.180922e+01,2.181612e+01,2.178850e+01,2.185755e+01,2.177468e+01,2.179540e+01,2.187825e+01,2.193345e+01,2.174704e+01,2.178850e+01,2.178850e+01,2.185065e+01,2.181612e+01,2.186445e+01,2.187135e+01,2.177468e+01,2.194035e+01,2.184374e+01,2.191276e+01,2.183684e+01,2.188516e+01,2.186445e+01,2.185755e+01,2.191965e+01,2.195414e+01,2.190586e+01,2.184374e+01,2.191965e+01,2.198172e+01,2.187135e+01,2.189206e+01,2.197483e+01,2.197483e+01,2.197483e+01,2.198862e+01,2.205754e+01,2.189206e+01,2.198862e+01,2.198862e+01,2.200241e+01,2.209886e+01,2.204376e+01,2.197483e+01,2.206442e+01,2.191965e+01,2.189206e+01,2.212641e+01,2.220899e+01,2.204376e+01,2.214706e+01,2.214017e+01,2.193345e+01,2.211952e+01,2.204376e+01,2.205065e+01,2.210575e+01,2.202308e+01,2.204376e+01,2.205065e+01,2.204376e+01,2.196793e+01,2.186445e+01,2.191276e+01,2.195414e+01,2.191276e+01,2.191965e+01,2.185065e+01,2.185065e+01,2.187135e+01,2.176086e+01,2.171940e+01,2.160874e+01,2.138013e+01,2.100493e+01,2.101189e+01,2.090743e+01,2.092833e+01,2.087956e+01,2.085168e+01,2.101885e+01,2.099101e+01,2.108843e+01,2.097709e+01,2.110929e+01,2.113711e+01,2.104669e+01,2.103277e+01,2.108843e+01,2.109539e+01,2.105365e+01,2.101189e+01,2.115101e+01,2.115796e+01,2.128299e+01,2.122050e+01,2.128993e+01,2.119966e+01,2.138013e+01,2.138707e+01,2.128299e+01,2.138013e+01,2.131076e+01,2.131770e+01,2.133851e+01,2.126217e+01,2.135933e+01,2.133158e+01,2.133851e+01,2.131076e+01,2.133158e+01,2.133851e+01,2.127605e+01,2.131076e+01,2.135933e+01,2.133158e+01,2.134545e+01,2.121355e+01,2.119271e+01,2.140787e+01,2.131076e+01,2.142867e+01,2.140094e+01,2.131076e+01,2.140787e+01,2.162258e+01,2.142867e+01,2.172631e+01,2.142174e+01,2.185065e+01,2.209198e+01,2.216771e+01,2.223650e+01,2.215394e+01,2.225713e+01,2.225713e+01,2.216771e+01,2.206442e+01,2.224338e+01,2.230525e+01,2.205065e+01,2.213329e+01,2.219523e+01,2.219523e+01,2.220899e+01,2.226401e+01,2.216771e+01,2.220211e+01,2.219523e+01,2.218147e+01,2.207131e+01,2.202308e+01,2.211263e+01,2.212641e+01,2.205754e+01,2.209198e+01,2.196793e+01,2.205065e+01,2.182303e+01,2.202308e+01,2.200930e+01,2.200241e+01,2.192655e+01,2.193345e+01,2.190586e+01,2.191965e+01,2.204376e+01,2.195414e+01,2.200930e+01,2.195414e+01,2.196104e+01,2.196793e+01,2.194035e+01,2.190586e+01,2.189896e+01,2.189896e+01,2.191276e+01,2.198172e+01,2.187135e+01,2.176086e+01,2.186445e+01,2.189896e+01,2.187825e+01,2.189896e+01,2.198172e+01,2.194035e+01,2.187135e+01,2.196793e+01,2.176777e+01,2.182303e+01,2.182303e+01,2.177468e+01,2.181612e+01,2.176086e+01,2.181612e+01,2.182303e+01,2.183684e+01,2.181612e+01,2.182993e+01,2.185755e+01,2.184374e+01,2.188516e+01,2.182993e+01,2.184374e+01,2.182303e+01,2.178850e+01,2.185065e+01,2.191276e+01,2.176777e+01,2.183684e+01,2.186445e+01,2.171248e+01,2.183684e+01,2.185755e+01,2.180922e+01,2.180231e+01,2.182993e+01,2.177468e+01,2.182303e+01,2.180922e+01,2.184374e+01,2.174704e+01,2.183684e+01,2.182993e+01,2.194725e+01,2.189206e+01,2.180231e+01,2.187135e+01,2.187135e+01,2.182303e+01,2.193345e+01,2.182303e+01,2.187825e+01,2.192655e+01,2.197483e+01,2.190586e+01,2.186445e+01,2.190586e+01,2.187135e+01,2.195414e+01,2.194035e+01,2.200930e+01,2.199551e+01,2.201619e+01,2.198172e+01,2.204376e+01,2.196104e+01,2.205065e+01,2.191965e+01,2.204376e+01,2.207820e+01,2.190586e+01,2.207131e+01,2.208509e+01,2.198172e+01,2.199551e+01,2.201619e+01,2.198172e+01,2.195414e+01,2.206442e+01,2.202997e+01,2.199551e+01,2.202308e+01,2.205065e+01,2.187135e+01,2.202997e+01,2.204376e+01,2.177468e+01,2.204376e+01,2.194035e+01,2.187825e+01,2.205065e+01,2.197483e+01,2.178850e+01,2.170557e+01,2.175395e+01,2.158798e+01,2.160874e+01,2.179540e+01,2.163642e+01,2.165025e+01,2.176086e+01,2.166409e+01,2.166409e+01,2.180231e+01,2.185755e+01,2.196104e+01,2.196104e+01,2.178850e+01,2.182303e+01,2.189206e+01,2.194725e+01,2.182993e+01,2.188516e+01,2.194725e+01,2.201619e+01,2.194725e+01,2.196104e+01,2.192655e+01,2.190586e+01,2.191965e+01,2.180922e+01,2.189896e+01,2.183684e+01,2.188516e+01,2.185755e+01,2.178159e+01,2.189206e+01,2.182993e+01,2.185755e+01,2.186445e+01,2.182303e+01,2.187135e+01,2.180922e+01,2.178159e+01,2.180922e+01,2.193345e+01,2.185755e+01,2.186445e+01,2.169866e+01,2.174013e+01,2.171940e+01,2.158106e+01,2.163642e+01,2.178159e+01,2.182993e+01,2.190586e+01,2.176086e+01,2.200241e+01,2.202997e+01,2.196104e+01,2.204376e+01,2.200241e+01,2.201619e+01,2.196793e+01,2.190586e+01,2.197483e+01,2.209198e+01,2.200930e+01,2.204376e+01,2.193345e+01,2.191276e+01,2.196104e+01,2.196104e+01,2.200930e+01,2.196104e+01,2.190586e+01,2.189206e+01,2.192655e+01,2.191965e+01,2.194725e+01,2.189896e+01,2.194725e+01,2.197483e+01,2.191276e+01,2.181612e+01,2.182303e+01,2.189896e+01,2.189896e+01,2.181612e+01,2.196104e+01,2.182993e+01,2.194725e+01,2.194725e+01,2.190586e+01,2.181612e+01,2.185755e+01,2.185755e+01,2.183684e+01,2.196793e+01,2.184374e+01,2.183684e+01,2.179540e+01,2.182993e+01,2.183684e+01,2.180922e+01,2.185065e+01,2.176086e+01,2.189896e+01,2.174704e+01,2.181612e+01,2.176777e+01,2.180922e+01,2.180922e+01,2.169175e+01,2.182303e+01,2.178159e+01,2.180231e+01,2.176777e+01,2.187135e+01,2.187135e+01,2.173322e+01,2.180231e+01,2.179540e+01,2.183684e+01,2.176777e+01,2.172631e+01,2.180922e+01,2.171940e+01,2.168483e+01,2.165025e+01,2.184374e+01,2.177468e+01,2.178850e+01,2.149104e+01,2.160182e+01,2.145639e+01,2.157414e+01,2.143560e+01,2.165717e+01,2.138013e+01,2.147025e+01,2.163642e+01,2.145639e+01,2.160874e+01,2.160874e+01,2.185065e+01,2.170557e+01,2.190586e+01,2.194725e+01,2.196104e+01,2.195414e+01,2.198172e+01,2.200930e+01,2.194725e+01,2.199551e+01,2.200930e+01,2.215394e+01,2.199551e+01,2.201619e+01,2.201619e+01,2.190586e+01,2.186445e+01,2.200241e+01,2.200930e+01,2.189896e+01,2.198862e+01,2.194035e+01,2.197483e+01,2.182303e+01,2.189896e+01,2.184374e+01,2.192655e+01,2.195414e+01,2.180231e+01,2.187135e+01,2.183684e+01,2.184374e+01,2.169866e+01,2.169866e+01,2.178850e+01,2.176777e+01,2.180922e+01,2.165717e+01,2.160874e+01,2.171940e+01,2.159490e+01,2.167792e+01,2.156029e+01,2.167792e+01,2.158106e+01,2.174013e+01,2.158106e+01,2.158798e+01,2.162950e+01,2.147718e+01,2.149796e+01,2.150489e+01,2.158798e+01,2.167792e+01,2.156721e+01,2.164334e+01,2.153952e+01,2.147025e+01,2.147718e+01,2.149796e+01,2.158798e+01,2.149796e+01,2.144946e+01,2.185065e+01,2.144946e+01,2.178850e+01,2.149796e+01,2.172631e+01,2.171940e+01,2.153952e+01,2.165025e+01,2.154645e+01,2.164334e+01,2.167792e+01,2.164334e+01,2.170557e+01,2.165717e+01,2.165025e+01,2.167100e+01,2.173322e+01,2.173322e+01,2.172631e+01,2.171248e+01,2.197483e+01,2.196793e+01,2.174704e+01,2.171940e+01,2.168483e+01,2.177468e+01,2.174704e+01,2.186445e+01,2.174013e+01,2.181612e+01,2.185065e+01,2.187825e+01,2.188516e+01,2.188516e+01,2.192655e+01,2.193345e+01,2.179540e+01,2.191965e+01,2.197483e+01,2.197483e+01,2.187135e+01,2.203687e+01,2.200930e+01,2.196793e+01,2.196104e+01,2.195414e+01,2.199551e+01,2.183684e+01,2.203687e+01,2.205754e+01,2.184374e+01,2.201619e+01,2.182993e+01,2.190586e+01,2.191276e+01,2.181612e+01,2.188516e+01,2.193345e+01,2.181612e+01,2.188516e+01,2.179540e+01,2.180231e+01,2.177468e+01,2.176777e+01,2.177468e+01,2.177468e+01,2.176086e+01,2.191276e+01,2.160182e+01,2.175395e+01,2.182993e+01,2.180231e+01,2.182993e+01,2.167792e+01,2.157414e+01,2.156721e+01,2.168483e+01,2.167792e+01,2.162950e+01,2.180922e+01,2.157414e+01,2.165717e+01,2.160182e+01,2.161566e+01,2.149796e+01,2.160182e+01,2.151182e+01,2.149104e+01,2.169866e+01,2.154645e+01,2.153952e+01,2.151875e+01,2.153260e+01,2.149796e+01,2.156721e+01,2.159490e+01,2.154645e+01,2.150489e+01,2.151875e+01,2.151875e+01,2.162950e+01,2.154645e+01,2.155337e+01,2.152567e+01,2.158798e+01,2.149796e+01,2.162950e+01,2.149104e+01,2.151875e+01,2.140094e+01,2.166409e+01,2.152567e+01,2.161566e+01,2.144253e+01,2.157414e+01,2.159490e+01,2.149796e+01,2.158106e+01,2.160874e+01,2.152567e+01,2.164334e+01
2.204376e+01,2.194035e+01,2.186445e+01,2.202308e+01,2.207820e+01,2.200241e+01,2.200241e+01,2.202308e+01,2.202997e+01,2.198862e+01,2.202997e+01,2.208509e+01,2.202997e+01,2.191965e+01,2.214706e+01,2.201619e+01,2.189206e+01,2.216082e+01,2.205065e+01,2.196104e+01,2.206442e+01,2.202308e+01,2.196793e+01,2.198862e+01,2.203687e+01,2.187135e+01,2.189896e+01,2.184374e+01,2.201619e+01,2.185755e+01,2.198172e+01,2.196793e+01,2.191276e+01,2.182303e+01,2.192655e+01,2.201619e+01,2.185755e+01,2.187135e+01,2.178850e+01,2.187135e+01,2.195414e+01,2.185065e+01,2.177468e+01,2.189896e+01,2.180922e+01,2.188516e+01,2.189896e+01,2.183684e+01,2.171248e+01,2.189896e+01,2.185065e+01,2.190586e+01,2.178159e+01,2.178850e+01,2.194035e+01,2.187825e+01,2.179540e+01,2.192655e+01,2.174704e+01,2.190586e+01,2.187825e+01,2.188516e+01,2.187135e+01,2.191276e+01,2.189896e+01,2.196104e+01,2.189206e+01,2.189206e+01,2.187135e+01,2.193345e+01,2.193345e+01,2.184374e+01,2.181612e+01,2.187825e+01,2.189206e+01,2.180231e+01,2.188516e+01,2.200930e+01,2.202997e+01,2.189206e+01,2.206442e+01,2.189896e+01,2.190586e+01,2.194035e+01,2.208509e+01,2.189206e+01,2.187825e+01,2.203687e+01,2.219523e+01,2.202997e+01,2.207820e+01,2.207820e+01,2.197483e+01,2.200930e+01,2.200930e+01,2.208509e+01,2.194035e+01,2.194725e+01,2.200930e+01,2.207131e+01,2.199551e+01,2.195414e+01,2.202997e+01,2.206442e+01,2.190586e+01,2.199551e+01,2.190586e+01,2.185065e+01,2.196104e+01,2.180922e+01,2.185065e+01,2.175395e+01,2.167100e+01,2.158106e+01,2.131770e+01,2.101189e+01,2.091440e+01,2.076798e+01,2.083076e+01,2.081681e+01,2.080286e+01,2.096316e+01,2.104669e+01,2.106061e+01,2.102581e+01,2.111625e+01,2.109539e+01,2.108148e+01,2.110234e+01,2.115101e+01,2.106061e+01,2.110929e+01,2.110929e+01,2.109539e+01,2.115796e+01,2.117881e+01,2.121355e+01,2.125522e+01,2.124828e+01,2.119271e+01,2.122050e+01,2.138013e+01,2.136626e+01,2.133851e+01,2.128299e+01,2.128993e+01,2.122050e+01,2.124133e+01,2.126911e+01,2.128299e+01,2.139400e+01,2.135239e+01,2.128993e+01,2.128993e+01,2.124828e+01,2.132464e+01,2.125522e+01,2.124133e+01,2.120660e+01,2.133851e+01,2.136626e+01,2.131770e+01,2.130382e+01,2.144946e+01,2.133158e+01,2.144253e+01,2.150489e+01,2.151875e+01,2.153260e+01,2.169175e+01,2.182993e+01,2.211952e+01,2.214017e+01,2.207820e+01,2.216082e+01,2.220211e+01,2.213329e+01,2.216771e+01,2.222962e+01,2.222962e+01,2.220899e+01,2.209198e+01,2.228463e+01,2.218147e+01,2.216771e+01,2.218147e+01,2.217459e+01,2.214017e+01,2.207820e+01,2.219523e+01,2.201619e+01,2.200930e+01,2.210575e+01,2.200930e+01,2.196793e+01,2.205065e+01,2.198862e+01,2.190586e+01,2.191276e+01,2.178850e+01,2.201619e+01,2.198862e+01,2.195414e+01,2.200241e+01,2.193345e+01,2.202997e+01,2.194035e+01,2.194035e+01,2.195414e+01,2.194725e+01,2.197483e+01,2.196793e+01,2.209198e+01,2.196104e+01,2.188516e+01,2.191276e+01,2.191965e+01,2.187825e+01,2.175395e+01,2.185065e+01,2.191965e+01,2.190586e+01,2.183684e+01,2.185065e+01,2.185065e+01,2.192655e+01,2.171248e+01,2.192655e+01,2.192655e+01,2.174704e+01,2.174704e+01,2.178159e+01,2.178159e+01,2.188516e+01,2.184374e+01,2.188516e+01,2.180231e+01,2.187825e+01,2.185065e+01,2.183684e+01,2.178850e+01,2.180922e+01,2.176777e+01,2.182993e+01,2.184374e+01,2.180922e+01,2.185755e+01,2.176086e+01,2.178159e+01,2.173322e+01,2.182993e+01,2.181612e+01,2.182303e+01,2.181612e+01,2.180922e+01,2.181612e+01,2.179540e+01,2.182303e+01,2.169866e+01,2.179540e+01,2.174704e+01,2.189896e+01,2.186445e+01,2.196104e+01,2.194725e+01,2.180922e+01,2.196104e+01,2.167100e+01,2.180922e+01,2.186445e+01,2.185755e+01,2.185755e+01,2.177468e+01,2.195414e+01,2.175395e+01,2.194035e+01,2.169175e+01,2.192655e+01,2.186445e+01,2.185065e+01,2.189206e+01,2.196793e+01,2.185755e+01,2.200241e+01,2.199551e+01,2.200241e+01,2.198862e+01,2.206442e+01,2.198172e+01,2.193345e+01,2.196104e+01,2.203687e+01,2.200930e+01,2.208509e+01,2.204376e+01,2.198172e+01,2.202308e+01,2.200241e+01,2.213329e+01,2.202997e+01,2.195414e+01,2.207131e+01,2.196104e+01,2.181612e+01,2.193345e+01,2.197483e+01,2.187135e+01,2.187135e+01,2.201619e+01,2.194725e+01,2.189896e+01,2.194035e+01,2.201619e+01,2.189896e+01,2.178159e+01,2.174013e+01,2.169175e+01,2.158798e+01,2.164334e+01,2.169175e+01,2.167792e+01,2.164334e+01,2.173322e+01,2.174013e+01,2.175395e+01,2.191276e+01,2.176777e+01,2.187135e+01,2.185755e+01,2.178850e+01,2.190586e+01,2.184374e+01,2.187825e+01,2.193345e+01,2.189896e+01,2.200241e+01,2.180922e+01,2.198862e+01,2.174013e+01,2.179540e+01,2.176777e+01,2.181612e+01,2.190586e+01,2.184374e+01,2.180922e+01,2.181612e+01,2.186445e+01,2.189206e+01,2.187825e+01,2.187135e+01,2.184374e+01,2.178159e+01,2.183684e+01,2.180922e+01,2.185065e+01,2.187825e+01,2.178850e+01,2.176777e+01,2.176086e+01,2.177468e+01,2.163642e+01,2.166409e+01,2.171940e+01,2.160182e+01,2.173322e+01,2.178159e+01,2.194725e+01,2.207820e+01,2.198862e+01,2.198172e+01,2.209886e+01,2.210575e+01,2.207820e+01,2.199551e+01,2.196793e+01,2.198172e+01,2.185065e+01,2.185065e+01,2.199551e+01,2.198862e+01,2.196793e+01,2.184374e+01,2.199551e+01,2.198862e+01,2.189896e+01,2.197483e+01,2.189206e+01,2.191965e+01,2.193345e+01,2.189896e+01,2.194035e+01,2.187825e+01,2.191276e+01,2.178850e+01,2.182303e+01,2.178159e+01,2.200930e+01,2.191965e+01,2.178159e+01,2.183684e+01,2.191965e+01,2.178850e+01,2.182993e+01,2.183684e+01,2.182303e+01,2.185065e+01,2.166409e+01,2.184374e+01,2.189206e+01,2.181612e+01,2.179540e+01,2.190586e+01,2.174704e+01,2.189206e+01,2.185065e+01,2.180922e+01,2.173322e+01,2.174704e+01,2.177468e+01,2.172631e+01,2.177468e+01,2.174704e+01,2.177468e+01,2.169175e+01,2.170557e+01,2.171940e+01,2.184374e+01,2.167792e+01,2.173322e+01,2.174704e+01,2.173322e+01,2.166409e+01,2.170557e+01,2.172631e+01,2.167792e+01,2.174013e+01,2.141480e+01,2.170557e+01,2.156721e+01,2.168483e+01,2.156029e+01,2.155337e+01,2.159490e+01,2.157414e+01,2.149796e+01,2.160182e+01,2.146332e+01,2.147025e+01,2.149104e+01,2.148411e+01,2.149104e+01,2.140787e+01,2.157414e+01,2.139400e+01,2.144253e+01,2.142174e+01,2.153260e+01,2.151875e+01,2.180231e+01,2.181612e+01,2.196104e+01,2.183684e+01,2.188516e+01,2.195414e+01,2.188516e+01,2.190586e+01,2.194725e+01,2.200241e+01,2.203687e+01,2.191965e+01,2.196104e+01,2.174013e+01,2.202308e+01,2.188516e+01,2.176086e+01,2.181612e+01,2.202308e+01,2.195414e+01,2.200241e+01,2.178850e+01,2.191965e+01,2.182303e+01,2.180231e+01,2.183684e+01,2.180231e+01,2.173322e+01,2.158106e+01,2.169866e+01,2.156721e+01,2.164334e+01,2.167792e+01,2.164334e+01,2.159490e+01,2.176086e+01,2.161566e+01,2.146332e+01,2.162258e+01,2.158798e+01,2.148411e+01,2.163642e+01,2.173322e+01,2.158798e+01,2.147025e+01,2.150489e+01,2.147718e+01,2.151875e+01,2.151875e+01,2.146332e+01,2.151875e+01,2.144253e+01,2.166409e+01,2.156029e+01,2.146332e+01,2.154645e+01,2.156721e+01,2.151182e+01,2.150489e+01,2.147718e+01,2.158106e+01,2.156029e+01,2.155337e+01,2.167792e+01,2.154645e+01,2.158106e+01,2.149796e+01,2.160182e+01,2.146332e+01,2.161566e+01,2.147025e+01,2.167100e+01,2.162258e+01,2.149796e+01,2.165025e+01,2.167100e+01,2.168483e+01,2.157414e+01,2.160874e+01,2.173322e+01,2.165717e+01,2.161566e+01,2.156721e+01,2.173322e+01,2.176086e+01,2.174013e+01,2.176086e+01,2.172631e+01,2.180922e+01,2.175395e+01,2.186445e+01,2.180231e+01,2.185755e+01,2.191276e+01,2.192655e+01,2.189206e+01,2.176777e+01,2.189206e+01,2.189206e+01,2.174013e+01,2.174013e+01,2.202997e+01,2.201619e+01,2.188516e+01,2.182303e+01,2.180922e+01,2.196104e+01,2.194725e+01,2.185755e+01,2.176086e+01,2.177468e+01,2.197483e+01,2.182993e+01,2.172631e+01,2.185755e+01,2.180922e+01,2.185755e+01,2.182993e+01,2.178159e+01,2.170557e+01,2.168483e+01,2.169175e+01,2.194725e+01,2.177468e+01,2.174704e+01,2.178159e+01,2.184374e+01,2.181612e+01,2.176086e+01,2.164334e+01,2.162950e+01,2.169175e+01,2.160874e+01,2.168483e+01,2.166409e+01,2.178850e+01,2.158798e+01,2.189896e+01,2.158106e+01,2.160182e+01,2.158106e+01,2.162950e+01,2.171940e+01,2.144946e+01,2.160182e+01,2.151182e+01,2.125522e+01,2.157414e+01,2.151875e+01,2.140094e+01,2.151182e+01,2.148411e+01,2.151875e+01,2.153952e+01,2.131076e+01,2.140787e+01,2.158798e+01,2.151875e+01,2.154645e+01,2.150489e+01,2.154645e+01,2.155337e+01,2.148411e+01,2.147718e+01,2.157414e+01,2.151182e+01,2.156029e+01,2.143560e+01,2.153260e+01,2.151875e+01,2.143560e+01,2.153952e+01,2.158798e+01,2.162258e+01,2.171248e+01,2.134545e+01,2.148411e+01,2.145639e+01,2.147718e+01,2.145639e+01,2.148411e+01,2.165025e+01
2.186445e+01,2.202997e+01,2.202308e+01,2.202997e+01,2.185755e+01,2.203687e+01,2.196793e+01,2.208509e+01,2.205065e+01,2.201619e+01,2.204376e+01,2.198862e+01,2.207820e+01,2.209198e+01,2.200930e+01,2.199551e+01,2.191276e+01,2.215394e+01,2.217459e+01,2.216082e+01,2.202997e+01,2.192655e+01,2.207820e+01,2.201619e+01,2.204376e+01,2.198172e+01,2.186445e+01,2.202997e+01,2.189896e+01,2.205065e+01,2.190586e+01,2.182303e+01,2.207820e+01,2.193345e+01,2.204376e+01,2.196793e+01,2.198172e+01,2.191965e+01,2.193345e+01,2.198862e+01,2.198172e+01,2.186445e+01,2.179540e+01,2.200241e+01,2.188516e+01,2.183684e+01,2.184374e+01,2.191276e+01,2.190586e+01,2.193345e+01,2.187825e+01,2.178850e+01,2.182303e+01,2.186445e+01,2.190586e+01,2.191965e+01,2.192655e+01,2.194725e+01,2.186445e+01,2.188516e+01,2.189896e+01,2.192655e+01,2.198172e+01,2.193345e+01,2.192655e+01,2.187135e+01,2.189896e+01,2.187825e+01,2.184374e+01,2.180922e+01,2.196104e+01,2.195414e+01,2.195414e+01,2.184374e+01,2.216771e+01,2.182993e+01,2.194725e+01,2.189206e+01,2.189896e+01,2.196793e+01,2.193345e+01,2.198172e+01,2.192655e+01,2.194725e+01,2.195414e+01,2.207131e+01,2.193345e+01,2.186445e+01,2.202997e+01,2.208509e+01,2.208509e+01,2.213329e+01,2.199551e+01,2.198862e+01,2.198862e+01,2.209198e+01,2.211263e+01,2.198862e+01,2.191276e+01,2.189206e+01,2.189206e+01,2.196793e+01,2.197483e+01,2.194725e+01,2.192655e+01,2.192655e+01,2.194035e+01,2.191965e+01,2.191965e+01,2.191965e+01,2.185065e+01,2.188516e+01,2.185065e+01,2.166409e+01,2.133851e+01,2.101885e+01,2.099101e+01,2.098405e+01,2.082378e+01,2.085865e+01,2.080286e+01,2.094923e+01,2.104669e+01,2.105365e+01,2.110234e+01,2.113711e+01,2.100493e+01,2.110234e+01,2.115101e+01,2.137320e+01,2.103277e+01,2.110234e+01,2.115796e+01,2.115796e+01,2.111625e+01,2.122744e+01,2.116491e+01,2.120660e+01,2.115796e+01,2.137320e+01,2.138013e+01,2.126217e+01,2.135239e+01,2.128299e+01,2.129688e+01,2.124133e+01,2.118576e+01,2.123439e+01,2.137320e+01,2.138013e+01,2.128993e+01,2.133158e+01,2.133158e+01,2.131076e+01,2.129688e+01,2.131770e+01,2.128299e+01,2.140787e+01,2.134545e+01,2.149104e+01,2.126217e+01,2.128993e+01,2.150489e+01,2.138013e+01,2.150489e+01,2.145639e+01,2.134545e+01,2.148411e+01,2.156721e+01,2.165717e+01,2.211263e+01,2.200241e+01,2.222275e+01,2.221587e+01,2.228463e+01,2.220899e+01,2.214706e+01,2.234648e+01,2.220211e+01,2.230525e+01,2.221587e+01,2.205065e+01,2.220899e+01,2.228463e+01,2.219523e+01,2.223650e+01,2.218835e+01,2.207820e+01,2.211952e+01,2.215394e+01,2.214706e+01,2.204376e+01,2.200930e+01,2.200930e+01,2.198172e+01,2.205065e+01,2.189206e+01,2.200241e+01,2.202308e+01,2.200930e+01,2.198172e+01,2.196104e+01,2.198172e+01,2.193345e+01,2.204376e+01,2.191965e+01,2.205065e+01,2.199551e+01,2.198172e+01,2.198172e+01,2.200241e+01,2.200241e+01,2.185065e+01,2.189896e+01,2.199551e+01,2.188516e+01,2.189206e+01,2.173322e+01,2.192655e+01,2.191276e+01,2.194035e+01,2.185755e+01,2.194035e+01,2.184374e+01,2.196104e+01,2.191276e+01,2.187135e+01,2.189206e+01,2.179540e+01,2.176086e+01,2.182993e+01,2.173322e+01,2.183684e+01,2.178159e+01,2.178850e+01,2.182993e+01,2.198862e+01,2.189896e+01,2.196104e+01,2.184374e+01,2.193345e+01,2.183684e+01,2.190586e+01,2.180922e+01,2.182993e+01,2.181612e+01,2.182303e+01,2.189896e+01,2.188516e+01,2.182303e+01,2.185065e+01,2.189206e+01,2.174704e+01,2.174704e+01,2.172631e+01,2.178850e+01,2.173322e+01,2.191276e+01,2.178159e+01,2.175395e+01,2.177468e+01,2.191965e+01,2.187825e+01,2.185065e+01,2.187135e+01,2.189206e+01,2.181612e+01,2.187825e+01,2.201619e+01,2.172631e+01,2.191965e+01,2.187825e+01,2.195414e+01,2.191276e+01,2.191965e+01,2.187135e+01,2.189206e+01,2.189896e+01,2.189896e+01,2.186445e+01,2.193345e+01,2.214706e+01,2.191965e+01,2.199551e+01,2.196104e+01,2.201619e+01,2.198172e+01,2.207820e+01,2.200930e+01,2.196793e+01,2.207820e+01,2.199551e+01,2.205754e+01,2.203687e+01,2.207820e+01,2.199551e+01,2.211263e+01,2.207820e+01,2.198862e+01,2.198172e+01,2.200241e+01,2.201619e+01,2.189896e+01,2.202308e+01,2.205065e+01,2.195414e+01,2.200241e+01,2.188516e+01,2.188516e+01,2.202997e+01,2.205065e+01,2.202308e+01,2.204376e+01,2.182993e+01,2.191276e+01,2.168483e+01,2.174704e+01,2.174704e+01,2.165025e+01,2.161566e+01,2.163642e+01,2.171940e+01,2.169175e+01,2.181612e+01,2.182303e+01,2.180231e+01,2.189206e+01,2.180231e+01,2.187825e+01,2.186445e+01,2.185755e+01,2.191965e+01,2.193345e+01,2.187825e+01,2.198172e+01,2.202308e+01,2.191276e+01,2.182303e+01,2.194725e+01,2.176086e+01,2.177468e+01,2.182303e+01,2.186445e+01,2.190586e+01,2.187135e+01,2.188516e+01,2.175395e+01,2.187135e+01,2.187825e+01,2.192655e+01,2.178850e+01,2.192655e+01,2.186445e+01,2.187825e+01,2.182993e+01,2.188516e+01,2.182993e+01,2.185755e+01,2.165025e+01,2.189206e+01,2.174704e+01,2.174704e+01,2.171248e+01,2.168483e+01,2.180231e+01,2.178159e+01,2.189896e+01,2.201619e+01,2.189896e+01,2.195414e+01,2.192655e+01,2.208509e+01,2.198862e+01,2.198172e+01,2.185755e+01,2.199551e+01,2.201619e+01,2.200241e+01,2.185065e+01,2.200930e+01,2.195414e+01,2.196793e+01,2.199551e+01,2.197483e+01,2.199551e+01,2.191965e+01,2.205754e+01,2.193345e+01,2.193345e+01,2.199551e+01,2.191965e+01,2.190586e+01,2.182993e+01,2.185065e+01,2.191965e+01,2.185065e+01,2.187135e+01,2.189896e+01,2.182303e+01,2.194725e+01,2.191965e+01,2.194035e+01,2.194035e+01,2.190586e+01,2.190586e+01,2.189896e+01,2.188516e+01,2.186445e+01,2.165717e+01,2.181612e+01,2.186445e+01,2.181612e+01,2.162258e+01,2.189896e+01,2.176777e+01,2.180231e+01,2.187825e+01,2.180231e+01,2.176086e+01,2.177468e+01,2.181612e+01,2.178850e+01,2.175395e+01,2.157414e+01,2.171940e+01,2.172631e+01,2.181612e+01,2.180922e+01,2.176777e+01,2.171940e+01,2.176777e+01,2.186445e+01,2.186445e+01,2.185065e+01,2.167792e+01,2.152567e+01,2.135933e+01,2.163642e+01,2.149796e+01,2.160874e+01,2.171248e+01,2.158798e+01,2.161566e+01,2.165025e+01,2.158106e+01,2.158106e+01,2.165717e+01,2.156029e+01,2.147025e+01,2.148411e+01,2.158106e+01,2.139400e+01,2.144946e+01,2.156029e+01,2.141480e+01,2.155337e+01,2.145639e+01,2.144946e+01,2.177468e+01,2.178159e+01,2.195414e+01,2.196104e+01,2.189206e+01,2.196793e+01,2.199551e+01,2.209886e+01,2.207131e+01,2.185065e+01,2.200930e+01,2.200930e+01,2.215394e+01,2.180922e+01,2.195414e+01,2.189896e+01,2.190586e+01,2.190586e+01,2.196793e+01,2.187825e+01,2.194725e+01,2.186445e+01,2.188516e+01,2.186445e+01,2.186445e+01,2.189896e+01,2.174704e+01,2.178159e+01,2.179540e+01,2.179540e+01,2.177468e+01,2.167100e+01,2.156029e+01,2.166409e+01,2.176086e+01,2.176086e+01,2.162950e+01,2.165717e+01,2.158798e+01,2.167792e+01,2.167100e+01,2.161566e+01,2.154645e+01,2.142174e+01,2.153952e+01,2.156029e+01,2.159490e+01,2.150489e+01,2.166409e+01,2.146332e+01,2.151182e+01,2.140094e+01,2.153260e+01,2.178159e+01,2.156721e+01,2.156029e+01,2.158798e+01,2.147718e+01,2.153952e+01,2.154645e+01,2.149796e+01,2.160182e+01,2.143560e+01,2.158798e+01,2.151182e+01,2.165025e+01,2.152567e+01,2.161566e+01,2.159490e+01,2.167100e+01,2.164334e+01,2.160182e+01,2.166409e+01,2.162950e+01,2.176086e+01,2.168483e+01,2.169175e+01,2.167100e+01,2.161566e+01,2.168483e+01,2.171248e+01,2.171940e+01,2.170557e+01,2.166409e+01,2.168483e+01,2.172631e+01,2.180231e+01,2.179540e+01,2.185755e+01,2.188516e+01,2.186445e+01,2.180922e+01,2.191276e+01,2.187825e+01,2.189896e+01,2.188516e+01,2.185755e+01,2.197483e+01,2.189896e+01,2.188516e+01,2.194035e+01,2.200930e+01,2.198862e+01,2.189206e+01,2.198172e+01,2.185065e+01,2.197483e+01,2.196104e+01,2.194035e+01,2.180922e+01,2.187825e+01,2.192655e+01,2.196793e+01,2.200930e+01,2.193345e+01,2.188516e+01,2.191965e+01,2.194035e+01,2.185065e+01,2.187135e+01,2.178850e+01,2.189206e+01,2.176777e+01,2.194035e+01,2.193345e+01,2.177468e+01,2.172631e+01,2.194035e+01,2.187825e+01,2.172631e+01,2.177468e+01,2.171248e+01,2.178159e+01,2.170557e+01,2.164334e+01,2.161566e+01,2.163642e+01,2.160182e+01,2.162258e+01,2.158798e+01,2.165025e+01,2.156721e+01,2.165717e+01,2.169175e+01,2.157414e+01,2.158798e+01,2.157414e+01,2.151875e+01,2.167100e+01,2.152567e+01,2.151875e+01,2.151875e+01,2.173322e+01,2.140787e+01,2.160182e+01,2.155337e+01,2.157414e+01,2.152567e+01,2.164334e+01,2.151875e+01,2.152567e+01,2.150489e+01,2.162950e+01,2.149104e+01,2.162258e+01,2.148411e+01,2.156721e+01,2.157414e+01,2.142174e+01,2.156029e+01,2.151875e+01,2.166409e+01,2.156029e+01,2.160182e+01,2.151182e+01,2.141480e+01,2.151875e+01,2.149796e+01,2.156029e+01,2.149796e+01,2.151182e+01,2.160874e+01
2.192655e+01,2.189206e+01,2.200241e+01,2.201619e+01,2.187135e+01,2.196793e+01,2.212641e+01,2.188516e+01,2.191965e+01,2.198862e+01,2.202308e+01,2.209198e+01,2.205065e+01,2.214706e+01,2.214706e+01,2.205754e+01,2.211952e+01,2.205065e+01,2.215394e+01,2.196104e+01,2.211952e+01,2.200930e+01,2.202997e+01,2.200930e+01,2.196104e+01,2.194035e+01,2.194035e+01,2.201619e+01,2.193345e+01,2.198172e+01,2.198172e+01,2.201619e+01,2.192655e+01,2.185065e+01,2.198172e+01,2.193345e+01,2.195414e+01,2.189206e+01,2.191965e+01,2.184374e+01,2.198172e+01,2.193345e+01,2.187825e+01,2.196793e+01,2.191276e+01,2.189896e+01,2.198862e+01,2.191276e+01,2.200930e+01,2.190586e+01,2.194035e+01,2.200241e+01,2.186445e+01,2.193345e+01,2.201619e+01,2.193345e+01,2.191276e+01,2.194035e+01,2.176777e+01,2.179540e+01,2.197483e+01,2.198172e+01,2.196104e+01,2.180922e+01,2.196793e+01,2.184374e+01,2.208509e+01,2.194725e+01,2.193345e+01,2.192655e+01,2.193345e+01,2.198862e+01,2.190586e+01,2.189896e+01,2.189896e+01,2.193345e+01,2.202308e+01,2.185065e+01,2.192655e+01,2.192655e+01,2.192655e+01,2.199551e+01,2.200930e+01,2.207131e+01,2.191276e+01,2.206442e+01,2.206442e+01,2.209886e+01,2.198862e+01,2.204376e+01,2.210575e+01,2.202308e+01,2.203687e+01,2.202997e+01,2.202308e+01,2.207131e+01,2.209886e+01,2.202997e+01,2.204376e+01,2.201619e+01,2.200241e+01,2.203687e+01,2.196793e+01,2.213329e+01,2.214706e+01,2.196104e+01,2.212641e+01,2.196793e+01,2.194035e+01,2.191276e+01,2.197483e+01,2.185065e+01,2.163642e+01,2.164334e+01,2.158798e+01,2.101885e+01,2.099797e+01,2.075403e+01,2.076100e+01,2.080984e+01,2.099797e+01,2.085168e+01,2.090743e+01,2.106756e+01,2.106061e+01,2.102581e+01,2.114406e+01,2.114406e+01,2.130382e+01,2.117186e+01,2.128993e+01,2.115101e+01,2.122050e+01,2.110234e+01,2.105365e+01,2.110929e+01,2.109539e+01,2.122744e+01,2.116491e+01,2.132464e+01,2.138013e+01,2.125522e+01,2.124828e+01,2.129688e+01,2.135933e+01,2.127605e+01,2.127605e+01,2.133158e+01,2.143560e+01,2.138707e+01,2.130382e+01,2.137320e+01,2.126911e+01,2.133158e+01,2.114406e+01,2.138707e+01,2.129688e+01,2.143560e+01,2.133851e+01,2.127605e+01,2.145639e+01,2.145639e+01,2.150489e+01,2.150489e+01,2.148411e+01,2.149796e+01,2.142174e+01,2.153260e+01,2.154645e+01,2.155337e+01,2.166409e+01,2.205754e+01,2.220211e+01,2.221587e+01,2.220899e+01,2.215394e+01,2.215394e+01,2.231212e+01,2.219523e+01,2.229838e+01,2.216771e+01,2.221587e+01,2.227088e+01,2.225713e+01,2.211952e+01,2.214017e+01,2.216082e+01,2.214706e+01,2.205754e+01,2.216082e+01,2.205065e+01,2.213329e+01,2.195414e+01,2.200930e+01,2.201619e+01,2.200241e+01,2.191276e+01,2.202308e+01,2.195414e+01,2.198862e+01,2.201619e+01,2.202308e+01,2.184374e+01,2.180922e+01,2.189206e+01,2.204376e+01,2.191276e+01,2.198862e+01,2.196793e+01,2.205065e+01,2.196793e+01,2.199551e+01,2.203687e+01,2.185065e+01,2.186445e+01,2.191965e+01,2.201619e+01,2.187825e+01,2.189896e+01,2.193345e+01,2.197483e+01,2.182993e+01,2.186445e+01,2.182303e+01,2.186445e+01,2.189896e+01,2.187825e+01,2.187825e+01,2.179540e+01,2.182303e+01,2.176086e+01,2.171248e+01,2.180231e+01,2.174704e+01,2.184374e+01,2.182303e+01,2.180231e+01,2.196793e+01,2.185065e+01,2.182993e+01,2.187825e+01,2.187825e+01,2.182993e+01,2.185755e+01,2.184374e+01,2.181612e+01,2.183684e+01,2.185065e+01,2.187135e+01,2.191965e+01,2.183684e+01,2.179540e+01,2.184374e+01,2.175395e+01,2.175395e+01,2.179540e+01,2.178850e+01,2.180231e+01,2.178850e+01,2.176086e+01,2.176086e+01,2.185755e+01,2.187825e+01,2.181612e+01,2.180922e+01,2.180922e+01,2.196793e+01,2.188516e+01,2.182993e+01,2.197483e+01,2.190586e+01,2.175395e+01,2.188516e+01,2.197483e+01,2.196104e+01,2.196793e+01,2.197483e+01,2.197483e+01,2.197483e+01,2.198862e+01,2.198862e+01,2.207131e+01,2.198172e+01,2.197483e+01,2.212641e+01,2.201619e+01,2.205754e+01,2.207131e+01,2.210575e+01,2.205754e+01,2.198862e+01,2.204376e+01,2.205754e+01,2.210575e+01,2.202308e+01,2.205065e+01,2.208509e+01,2.205065e+01,2.210575e+01,2.207820e+01,2.209886e+01,2.207820e+01,2.205754e+01,2.194035e+01,2.196793e+01,2.196104e+01,2.200930e+01,2.198862e+01,2.194035e+01,2.194725e+01,2.200241e+01,2.201619e+01,2.195414e+01,2.202997e+01,2.209198e+01,2.193345e+01,2.177468e+01,2.175395e+01,2.170557e+01,2.178159e+01,2.168483e+01,2.172631e+01,2.165025e+01,2.178159e+01,2.175395e+01,2.181612e+01,2.189206e+01,2.178850e+01,2.189206e+01,2.194035e+01,2.194035e+01,2.190586e+01,2.199551e+01,2.195414e+01,2.189206e+01,2.196793e+01,2.203687e+01,2.190586e+01,2.177468e+01,2.194035e+01,2.187825e+01,2.174013e+01,2.187825e+01,2.185755e+01,2.187135e+01,2.189206e+01,2.188516e+01,2.189206e+01,2.177468e+01,2.196793e+01,2.194725e+01,2.187135e+01,2.182993e+01,2.194035e+01,2.193345e+01,2.194035e+01,2.194035e+01,2.180922e+01,2.188516e+01,2.187135e+01,2.177468e+01,2.171940e+01,2.174013e+01,2.153952e+01,2.157414e+01,2.173322e+01,2.176777e+01,2.193345e+01,2.194035e+01,2.194725e+01,2.209886e+01,2.205754e+01,2.200241e+01,2.208509e+01,2.202997e+01,2.200930e+01,2.206442e+01,2.202997e+01,2.200241e+01,2.189206e+01,2.187135e+01,2.199551e+01,2.200930e+01,2.205754e+01,2.187825e+01,2.201619e+01,2.197483e+01,2.196104e+01,2.192655e+01,2.198172e+01,2.189206e+01,2.192655e+01,2.190586e+01,2.188516e+01,2.191276e+01,2.191276e+01,2.194035e+01,2.189896e+01,2.181612e+01,2.178850e+01,2.189896e+01,2.194725e+01,2.189896e+01,2.191965e+01,2.193345e+01,2.187135e+01,2.168483e+01,2.185065e+01,2.187825e+01,2.186445e+01,2.182303e+01,2.178850e+01,2.180922e+01,2.187135e+01,2.188516e+01,2.184374e+01,2.189896e+01,2.189206e+01,2.183684e+01,2.174704e+01,2.185065e+01,2.180231e+01,2.181612e+01,2.172631e+01,2.178159e+01,2.183684e+01,2.166409e+01,2.180922e+01,2.183684e+01,2.170557e+01,2.181612e+01,2.178159e+01,2.168483e+01,2.187825e+01,2.165717e+01,2.154645e+01,2.153952e+01,2.145639e+01,2.158798e+01,2.155337e+01,2.159490e+01,2.162258e+01,2.160874e+01,2.162950e+01,2.156029e+01,2.171248e+01,2.156721e+01,2.166409e+01,2.158798e+01,2.147718e+01,2.163642e+01,2.147718e+01,2.158798e+01,2.151875e+01,2.156029e+01,2.147025e+01,2.144253e+01,2.156029e+01,2.151875e+01,2.148411e+01,2.170557e+01,2.182303e+01,2.189206e+01,2.196104e+01,2.196104e+01,2.200241e+01,2.188516e+01,2.227088e+01,2.198862e+01,2.200241e+01,2.189206e+01,2.182303e+01,2.182993e+01,2.189896e+01,2.207131e+01,2.185755e+01,2.196793e+01,2.185065e+01,2.174704e+01,2.184374e+01,2.197483e+01,2.183684e+01,2.182993e+01,2.172631e+01,2.182993e+01,2.171940e+01,2.179540e+01,2.180231e+01,2.171248e+01,2.180231e+01,2.174704e+01,2.174704e+01,2.180231e+01,2.165025e+01,2.172631e+01,2.166409e+01,2.162950e+01,2.167100e+01,2.164334e+01,2.167792e+01,2.151875e+01,2.153952e+01,2.158106e+01,2.159490e+01,2.157414e+01,2.133158e+01,2.165717e+01,2.164334e+01,2.150489e+01,2.153260e+01,2.152567e+01,2.172631e+01,2.158106e+01,2.157414e+01,2.156721e+01,2.155337e+01,2.154645e+01,2.151875e+01,2.158798e+01,2.153952e+01,2.149104e+01,2.176086e+01,2.147025e+01,2.151182e+01,2.167100e+01,2.170557e+01,2.165717e+01,2.160874e+01,2.157414e+01,2.160874e+01,2.160182e+01,2.162258e+01,2.169175e+01,2.165717e+01,2.167100e+01,2.157414e+01,2.163642e+01,2.171248e+01,2.165025e+01,2.168483e+01,2.171940e+01,2.172631e+01,2.176777e+01,2.179540e+01,2.176086e+01,2.188516e+01,2.187825e+01,2.178850e+01,2.178850e+01,2.184374e+01,2.191965e+01,2.182303e+01,2.189896e+01,2.187135e+01,2.187825e+01,2.187825e+01,2.196793e+01,2.190586e+01,2.192655e+01,2.197483e+01,2.194725e+01,2.193345e+01,2.182303e+01,2.198172e+01,2.198172e+01,2.187135e+01,2.196104e+01,2.192655e+01,2.196104e+01,2.187825e+01,2.185755e+01,2.176777e+01,2.199551e+01,2.187135e+01,2.182303e+01,2.187135e+01,2.188516e+01,2.178159e+01,2.196104e+01,2.178159e+01,2.172631e+01,2.174704e+01,2.176086e+01,2.173322e+01,2.176086e+01,2.181612e+01,2.171248e+01,2.174013e+01,2.165717e+01,2.180922e+01,2.167100e+01,2.156721e+01,2.163642e+01,2.169866e+01,2.166409e+01,2.170557e+01,2.158106e+01,2.159490e+01,2.157414e+01,2.147025e+01,2.157414e+01,2.149796e+01,2.162258e+01,2.157414e+01,2.160874e+01,2.158798e+01,2.150489e+01,2.153952e+01,2.154645e+01,2.153952e+01,2.155337e+01,2.156029e+01,2.158798e+01,2.157414e+01,2.153952e+01,2.156721e+01,2.164334e+01,2.153952e+01,2.157414e+01,2.165717e+01,2.158106e+01,2.161566e+01,2.162258e+01,2.155337e+01,2.153952e+01,2.151182e+01,2.140787e+01,2.154645e+01,2.156721e+01,2.149104e+01,2.151875e+01,2.148411e+01,2.158798e+01,2.162258e+01,2.151875e+01,2.162950e+01,2.155337e+01,2.149104e+01,2.149104e+01,2.153260e+01
2.207131e+01,2.190586e+01,2.187135e+01,2.187825e+01,2.191276e+01,2.194035e+01,2.195414e+01,2.194725e+01,2.193345e+01,2.197483e+01,2.197483e+01,2.197483e+01,2.199551e+01,2.213329e+01,2.202997e+01,2.210575e+01,2.205754e+01,2.209198e+01,2.182993e+01,2.205065e+01,2.191276e+01,2.201619e+01,2.201619e+01,2.189206e+01,2.196104e+01,2.195414e+01,2.197483e+01,2.203687e+01,2.200930e+01,2.201619e+01,2.191965e+01,2.188516e+01,2.189206e+01,2.195414e+01,2.194035e+01,2.194035e+01,2.193345e+01,2.198862e+01,2.189206e+01,2.191276e+01,2.196104e+01,2.180922e+01,2.190586e+01,2.196793e+01,2.191965e+01,2.192655e+01,2.186445e+01,2.182993e+01,2.197483e+01,2.194725e+01,2.196793e+01,2.191965e+01,2.189206e+01,2.182993e+01,2.188516e+01,2.181612e+01,2.176086e+01,2.196104e+01,2.179540e+01,2.190586e+01,2.184374e+01,2.194725e+01,2.189206e+01,2.183684e+01,2.191276e+01,2.182993e+01,2.208509e+01,2.180231e+01,2.189206e+01,2.187825e+01,2.185065e+01,2.185755e+01,2.187825e+01,2.183684e+01,2.177468e+01,2.197483e+01,2.196104e+01,2.198862e+01,2.191276e+01,2.209198e+01,2.204376e+01,2.211952e+01,2.191276e+01,2.209886e+01,2.191276e+01,2.194725e+01,2.211263e+01,2.205754e+01,2.205754e+01,2.202997e+01,2.196104e+01,2.219523e+01,2.196104e+01,2.199551e+01,2.211263e+01,2.197483e+01,2.198172e+01,2.196793e+01,2.199551e+01,2.212641e+01,2.193345e+01,2.205754e+01,2.197483e+01,2.194725e+01,2.197483e+01,2.193345e+01,2.191276e+01,2.182303e+01,2.191276e+01,2.187825e+01,2.188516e+01,2.189206e+01,2.167792e+01,2.164334e+01,2.167100e+01,2.135933e+01,2.108148e+01,2.080984e+01,2.069120e+01,2.071913e+01,2.075403e+01,2.069120e+01,2.074007e+01,2.094226e+01,2.100493e+01,2.096316e+01,2.100493e+01,2.111625e+01,2.107452e+01,2.118576e+01,2.101189e+01,2.110929e+01,2.114406e+01,2.122744e+01,2.123439e+01,2.117186e+01,2.128993e+01,2.130382e+01,2.108843e+01,2.135239e+01,2.119271e+01,2.121355e+01,2.126217e+01,2.130382e+01,2.127605e+01,2.129688e+01,2.127605e+01,2.131076e+01,2.135239e+01,2.140094e+01,2.130382e+01,2.144946e+01,2.119966e+01,2.133851e+01,2.133158e+01,2.137320e+01,2.135239e+01,2.123439e+01,2.135239e+01,2.125522e+01,2.144253e+01,2.132464e+01,2.142174e+01,2.136626e+01,2.143560e+01,2.139400e+01,2.151875e+01,2.153260e+01,2.160182e+01,2.156721e+01,2.182993e+01,2.210575e+01,2.224338e+01,2.215394e+01,2.219523e+01,2.217459e+01,2.218147e+01,2.231212e+01,2.211263e+01,2.230525e+01,2.215394e+01,2.220899e+01,2.222275e+01,2.225026e+01,2.218835e+01,2.218835e+01,2.213329e+01,2.227088e+01,2.206442e+01,2.189896e+01,2.202997e+01,2.208509e+01,2.198862e+01,2.202308e+01,2.196793e+01,2.194725e+01,2.204376e+01,2.197483e+01,2.198862e+01,2.189206e+01,2.198172e+01,2.189896e+01,2.198862e+01,2.198172e+01,2.185065e+01,2.186445e+01,2.188516e+01,2.198862e+01,2.186445e+01,2.183684e+01,2.198172e+01,2.196104e+01,2.200241e+01,2.207820e+01,2.182303e+01,2.194035e+01,2.193345e+01,2.198172e+01,2.178850e+01,2.180922e+01,2.182993e+01,2.187825e+01,2.180231e+01,2.185065e+01,2.183684e+01,2.186445e+01,2.191965e+01,2.175395e+01,2.184374e+01,2.178850e+01,2.184374e+01,2.172631e+01,2.176777e+01,2.177468e+01,2.180231e+01,2.178850e+01,2.190586e+01,2.180922e+01,2.189206e+01,2.179540e+01,2.178850e+01,2.176086e+01,2.178850e+01,2.179540e+01,2.178159e+01,2.182303e+01,2.187135e+01,2.185755e+01,2.189206e+01,2.185065e+01,2.182303e+01,2.174704e+01,2.173322e+01,2.173322e+01,2.173322e+01,2.172631e+01,2.167792e+01,2.158798e+01,2.169866e+01,2.165717e+01,2.177468e+01,2.191965e+01,2.187135e+01,2.191965e+01,2.190586e+01,2.187825e+01,2.182303e+01,2.179540e+01,2.193345e+01,2.191965e+01,2.193345e+01,2.194035e+01,2.194725e+01,2.198172e+01,2.194035e+01,2.194035e+01,2.222275e+01,2.198172e+01,2.195414e+01,2.198862e+01,2.202308e+01,2.198172e+01,2.198862e+01,2.198172e+01,2.200930e+01,2.203687e+01,2.213329e+01,2.194725e+01,2.202997e+01,2.202997e+01,2.209198e+01,2.208509e+01,2.203687e+01,2.209886e+01,2.206442e+01,2.207131e+01,2.204376e+01,2.203687e+01,2.215394e+01,2.207820e+01,2.208509e+01,2.198862e+01,2.204376e+01,2.201619e+01,2.202308e+01,2.200930e+01,2.200241e+01,2.197483e+01,2.189896e+01,2.195414e+01,2.205754e+01,2.195414e+01,2.193345e+01,2.202997e+01,2.184374e+01,2.185755e+01,2.175395e+01,2.165717e+01,2.171248e+01,2.170557e+01,2.170557e+01,2.169866e+01,2.176777e+01,2.174013e+01,2.168483e+01,2.178850e+01,2.188516e+01,2.181612e+01,2.180922e+01,2.193345e+01,2.187135e+01,2.185755e+01,2.195414e+01,2.189206e+01,2.196104e+01,2.187825e+01,2.192655e+01,2.186445e+01,2.187135e+01,2.174704e+01,2.182993e+01,2.202997e+01,2.185755e+01,2.201619e+01,2.191965e+01,2.187825e+01,2.189896e+01,2.187135e+01,2.173322e+01,2.191965e+01,2.191965e+01,2.189896e+01,2.193345e+01,2.185065e+01,2.192655e+01,2.193345e+01,2.194035e+01,2.188516e+01,2.180922e+01,2.176777e+01,2.176086e+01,2.166409e+01,2.172631e+01,2.165717e+01,2.160182e+01,2.167100e+01,2.182303e+01,2.183684e+01,2.196104e+01,2.193345e+01,2.198862e+01,2.202308e+01,2.198862e+01,2.195414e+01,2.182303e+01,2.198862e+01,2.195414e+01,2.202997e+01,2.180922e+01,2.200241e+01,2.198862e+01,2.198172e+01,2.196104e+01,2.196793e+01,2.190586e+01,2.190586e+01,2.197483e+01,2.191965e+01,2.196104e+01,2.190586e+01,2.196793e+01,2.185755e+01,2.187135e+01,2.184374e+01,2.183684e+01,2.193345e+01,2.183684e+01,2.189896e+01,2.179540e+01,2.184374e+01,2.182993e+01,2.191276e+01,2.198862e+01,2.182993e+01,2.185755e+01,2.189896e+01,2.185755e+01,2.187825e+01,2.187135e+01,2.187825e+01,2.182993e+01,2.179540e+01,2.174013e+01,2.174704e+01,2.176086e+01,2.181612e+01,2.176777e+01,2.184374e+01,2.179540e+01,2.178850e+01,2.178159e+01,2.176086e+01,2.173322e+01,2.185755e+01,2.169866e+01,2.172631e+01,2.162258e+01,2.171940e+01,2.158798e+01,2.182303e+01,2.171940e+01,2.173322e+01,2.169175e+01,2.171248e+01,2.179540e+01,2.155337e+01,2.162950e+01,2.155337e+01,2.154645e+01,2.153260e+01,2.161566e+01,2.161566e+01,2.164334e+01,2.157414e+01,2.158106e+01,2.162950e+01,2.149796e+01,2.161566e+01,2.161566e+01,2.158798e+01,2.162950e+01,2.157414e+01,2.154645e+01,2.163642e+01,2.149104e+01,2.152567e+01,2.137320e+01,2.142174e+01,2.131770e+01,2.145639e+01,2.149796e+01,2.184374e+01,2.165717e+01,2.182993e+01,2.189206e+01,2.192655e+01,2.194725e+01,2.200930e+01,2.204376e+01,2.180922e+01,2.190586e+01,2.189896e+01,2.193345e+01,2.201619e+01,2.177468e+01,2.189896e+01,2.176086e+01,2.179540e+01,2.184374e+01,2.198862e+01,2.186445e+01,2.180922e+01,2.180231e+01,2.183684e+01,2.182303e+01,2.182993e+01,2.180922e+01,2.173322e+01,2.164334e+01,2.174704e+01,2.169866e+01,2.164334e+01,2.153952e+01,2.171248e+01,2.177468e+01,2.161566e+01,2.164334e+01,2.167100e+01,2.154645e+01,2.151875e+01,2.151875e+01,2.152567e+01,2.142867e+01,2.157414e+01,2.160182e+01,2.153952e+01,2.140094e+01,2.150489e+01,2.150489e+01,2.152567e+01,2.151875e+01,2.159490e+01,2.156721e+01,2.156029e+01,2.156721e+01,2.156029e+01,2.156721e+01,2.158106e+01,2.158798e+01,2.160182e+01,2.143560e+01,2.171940e+01,2.151875e+01,2.158106e+01,2.157414e+01,2.160182e+01,2.160874e+01,2.167792e+01,2.161566e+01,2.155337e+01,2.162258e+01,2.163642e+01,2.171940e+01,2.167100e+01,2.157414e+01,2.171940e+01,2.162258e+01,2.171940e+01,2.175395e+01,2.174704e+01,2.170557e+01,2.176777e+01,2.179540e+01,2.192655e+01,2.176777e+01,2.181612e+01,2.182303e+01,2.182303e+01,2.189206e+01,2.187135e+01,2.187135e+01,2.189206e+01,2.181612e+01,2.182993e+01,2.191965e+01,2.191965e+01,2.197483e+01,2.191276e+01,2.202997e+01,2.198862e+01,2.201619e+01,2.196793e+01,2.180922e+01,2.183684e+01,2.196104e+01,2.195414e+01,2.189206e+01,2.190586e+01,2.209198e+01,2.206442e+01,2.197483e+01,2.199551e+01,2.184374e+01,2.178159e+01,2.166409e+01,2.174704e+01,2.186445e+01,2.179540e+01,2.176777e+01,2.178159e+01,2.175395e+01,2.177468e+01,2.172631e+01,2.169175e+01,2.170557e+01,2.177468e+01,2.171940e+01,2.173322e+01,2.176086e+01,2.156029e+01,2.175395e+01,2.169175e+01,2.157414e+01,2.156029e+01,2.157414e+01,2.165025e+01,2.161566e+01,2.164334e+01,2.160874e+01,2.158106e+01,2.171248e+01,2.151875e+01,2.161566e+01,2.155337e+01,2.143560e+01,2.158106e+01,2.151875e+01,2.147025e+01,2.142174e+01,2.156721e+01,2.154645e+01,2.155337e+01,2.160874e+01,2.158106e+01,2.152567e+01,2.164334e+01,2.153260e+01,2.160874e+01,2.160182e+01,2.150489e+01,2.160182e+01,2.160182e+01,2.153952e+01,2.163642e+01,2.156029e+01,2.156029e+01,2.138013e+01,2.171940e+01,2.153952e+01,2.151182e+01,2.153260e+01,2.162950e+01,2.150489e+01,2.148411e+01,2.122050e+01,2.164334e+01,2.161566e+01,2.149796e+01,2.149796e+01,2.150489e+01
2.202997e+01,2.196793e+01,2.201619e+01,2.200930e+01,2.196104e+01,2.197483e+01,2.200930e+01,2.194725e+01,2.194035e+01,2.201619e+01,2.196793e+01,2.208509e+01,2.203687e+01,2.198172e+01,2.204376e+01,2.202308e+01,2.198862e+01,2.212641e+01,2.194035e+01,2.198862e+01,2.201619e+01,2.196793e+01,2.189896e+01,2.201619e+01,2.196104e+01,2.202308e+01,2.200930e+01,2.199551e+01,2.198862e+01,2.196793e+01,2.194725e+01,2.191965e+01,2.196793e+01,2.190586e+01,2.193345e+01,2.197483e+01,2.195414e+01,2.196793e+01,2.189896e+01,2.190586e+01,2.185065e+01,2.196793e+01,2.191276e+01,2.191276e+01,2.195414e+01,2.196104e+01,2.198172e+01,2.200241e+01,2.188516e+01,2.200241e+01,2.192655e+01,2.200241e+01,2.191965e+01,2.200241e+01,2.192655e+01,2.188516e+01,2.191965e+01,2.182993e+01,2.194725e+01,2.184374e+01,2.189896e+01,2.202308e+01,2.200930e+01,2.190586e+01,2.188516e+01,2.189896e+01,2.196104e+01,2.204376e+01,2.190586e+01,2.201619e+01,2.185065e+01,2.185065e+01,2.187825e+01,2.199551e+01,2.185755e+01,2.199551e+01,2.196793e+01,2.195414e+01,2.197483e+01,2.205065e+01,2.200930e+01,2.197483e+01,2.189896e+01,2.209198e+01,2.198862e+01,2.202308e+01,2.205754e+01,2.205754e+01,2.202997e+01,2.209198e+01,2.200930e+01,2.204376e+01,2.201619e+01,2.200930e+01,2.208509e+01,2.208509e+01,2.200930e+01,2.201619e+01,2.199551e+01,2.203687e+01,2.196104e+01,2.213329e+01,2.198172e+01,2.198862e+01,2.194725e+01,2.202308e+01,2.198172e+01,2.197483e+01,2.195414e+01,2.186445e+01,2.194725e+01,2.180231e+01,2.176086e+01,2.161566e+01,2.169866e+01,2.158106e+01,2.111625e+01,2.091440e+01,2.080286e+01,2.071215e+01,2.069818e+01,2.062135e+01,2.094923e+01,2.096316e+01,2.097709e+01,2.110234e+01,2.112320e+01,2.108148e+01,2.115101e+01,2.121355e+01,2.115101e+01,2.113015e+01,2.116491e+01,2.126217e+01,2.124828e+01,2.110929e+01,2.108843e+01,2.117881e+01,2.121355e+01,2.120660e+01,2.124133e+01,2.117186e+01,2.131076e+01,2.131076e+01,2.132464e+01,2.133851e+01,2.130382e+01,2.124828e+01,2.126217e+01,2.136626e+01,2.127605e+01,2.134545e+01,2.133158e+01,2.126217e+01,2.133158e+01,2.133851e+01,2.136626e+01,2.122744e+01,2.123439e+01,2.133851e+01,2.137320e+01,2.142174e+01,2.142174e+01,2.139400e+01,2.147718e+01,2.139400e+01,2.138707e+01,2.148411e+01,2.149796e+01,2.165025e+01,2.168483e+01,2.194725e+01,2.221587e+01,2.220899e+01,2.226401e+01,2.218147e+01,2.227776e+01,2.223650e+01,2.216082e+01,2.226401e+01,2.220899e+01,2.207131e+01,2.216771e+01,2.234648e+01,2.214017e+01,2.233274e+01,2.208509e+01,2.218147e+01,2.207131e+01,2.199551e+01,2.203687e+01,2.200241e+01,2.193345e+01,2.180922e+01,2.191965e+01,2.198862e+01,2.198862e+01,2.197483e+01,2.192655e+01,2.198862e+01,2.174704e+01,2.195414e+01,2.205065e+01,2.191276e+01,2.176086e+01,2.185065e+01,2.182303e+01,2.198862e+01,2.198172e+01,2.185755e+01,2.200241e+01,2.193345e+01,2.183684e+01,2.195414e+01,2.197483e+01,2.208509e+01,2.171248e+01,2.178850e+01,2.186445e+01,2.178159e+01,2.178850e+01,2.177468e+01,2.193345e+01,2.182993e+01,2.181612e+01,2.158106e+01,2.188516e+01,2.206442e+01,2.189206e+01,2.168483e+01,2.175395e+01,2.177468e+01,2.189896e+01,2.182303e+01,2.182993e+01,2.185755e+01,2.184374e+01,2.180231e+01,2.178850e+01,2.185755e+01,2.194725e+01,2.190586e+01,2.191276e+01,2.185065e+01,2.180922e+01,2.180231e+01,2.182303e+01,2.180231e+01,2.183684e+01,2.178850e+01,2.180231e+01,2.171248e+01,2.170557e+01,2.146332e+01,2.145639e+01,2.153260e+01,2.135239e+01,2.132464e+01,2.138013e+01,2.138707e+01,2.152567e+01,2.182303e+01,2.189206e+01,2.193345e+01,2.191965e+01,2.202308e+01,2.189896e+01,2.205065e+01,2.192655e+01,2.193345e+01,2.193345e+01,2.180922e+01,2.195414e+01,2.196104e+01,2.197483e+01,2.189896e+01,2.204376e+01,2.201619e+01,2.193345e+01,2.198862e+01,2.196104e+01,2.198862e+01,2.202997e+01,2.200930e+01,2.223650e+01,2.217459e+01,2.213329e+01,2.202997e+01,2.208509e+01,2.208509e+01,2.207820e+01,2.202308e+01,2.206442e+01,2.215394e+01,2.204376e+01,2.221587e+01,2.218835e+01,2.209198e+01,2.200930e+01,2.202308e+01,2.209886e+01,2.209198e+01,2.206442e+01,2.208509e+01,2.200241e+01,2.201619e+01,2.194725e+01,2.195414e+01,2.199551e+01,2.191276e+01,2.200930e+01,2.203687e+01,2.198172e+01,2.206442e+01,2.200930e+01,2.189896e+01,2.179540e+01,2.167792e+01,2.168483e+01,2.169175e+01,2.167100e+01,2.171940e+01,2.169175e+01,2.176777e+01,2.176777e+01,2.178159e+01,2.179540e+01,2.175395e+01,2.179540e+01,2.180231e+01,2.185755e+01,2.182993e+01,2.190586e+01,2.187135e+01,2.188516e+01,2.196104e+01,2.192655e+01,2.187825e+01,2.189896e+01,2.186445e+01,2.178850e+01,2.189206e+01,2.198862e+01,2.187135e+01,2.196793e+01,2.189206e+01,2.192655e+01,2.189896e+01,2.190586e+01,2.184374e+01,2.194725e+01,2.191965e+01,2.191965e+01,2.190586e+01,2.182993e+01,2.198862e+01,2.196104e+01,2.179540e+01,2.187825e+01,2.178850e+01,2.176086e+01,2.174704e+01,2.174704e+01,2.165025e+01,2.152567e+01,2.159490e+01,2.165717e+01,2.174704e+01,2.196104e+01,2.195414e+01,2.196793e+01,2.193345e+01,2.211263e+01,2.190586e+01,2.205754e+01,2.202997e+01,2.203687e+01,2.200241e+01,2.196104e+01,2.203687e+01,2.185755e+01,2.192655e+01,2.188516e+01,2.194725e+01,2.198172e+01,2.197483e+01,2.190586e+01,2.206442e+01,2.196104e+01,2.192655e+01,2.193345e+01,2.189206e+01,2.182993e+01,2.197483e+01,2.188516e+01,2.191276e+01,2.197483e+01,2.188516e+01,2.187135e+01,2.191965e+01,2.195414e+01,2.180231e+01,2.190586e+01,2.167100e+01,2.174704e+01,2.201619e+01,2.173322e+01,2.185065e+01,2.168483e+01,2.185065e+01,2.183684e+01,2.173322e+01,2.176777e+01,2.171940e+01,2.174013e+01,2.175395e+01,2.181612e+01,2.185755e+01,2.175395e+01,2.178159e+01,2.180231e+01,2.181612e+01,2.174013e+01,2.180231e+01,2.172631e+01,2.158106e+01,2.171940e+01,2.184374e+01,2.164334e+01,2.165717e+01,2.174704e+01,2.166409e+01,2.167792e+01,2.176086e+01,2.169175e+01,2.169175e+01,2.156721e+01,2.169866e+01,2.166409e+01,2.160182e+01,2.164334e+01,2.164334e+01,2.157414e+01,2.165717e+01,2.162258e+01,2.155337e+01,2.157414e+01,2.157414e+01,2.149104e+01,2.159490e+01,2.153952e+01,2.154645e+01,2.160182e+01,2.160874e+01,2.156029e+01,2.156721e+01,2.138013e+01,2.142867e+01,2.146332e+01,2.138013e+01,2.135239e+01,2.137320e+01,2.148411e+01,2.144253e+01,2.176086e+01,2.185755e+01,2.185755e+01,2.192655e+01,2.196104e+01,2.197483e+01,2.190586e+01,2.200241e+01,2.190586e+01,2.208509e+01,2.194725e+01,2.190586e+01,2.184374e+01,2.197483e+01,2.193345e+01,2.179540e+01,2.189206e+01,2.186445e+01,2.174704e+01,2.175395e+01,2.179540e+01,2.176086e+01,2.176777e+01,2.165025e+01,2.171940e+01,2.159490e+01,2.171940e+01,2.180922e+01,2.169175e+01,2.167100e+01,2.165025e+01,2.167100e+01,2.161566e+01,2.171248e+01,2.157414e+01,2.152567e+01,2.153260e+01,2.150489e+01,2.154645e+01,2.152567e+01,2.151182e+01,2.156029e+01,2.158798e+01,2.158106e+01,2.157414e+01,2.157414e+01,2.151875e+01,2.144253e+01,2.158798e+01,2.153952e+01,2.169175e+01,2.142867e+01,2.153260e+01,2.153260e+01,2.157414e+01,2.159490e+01,2.155337e+01,2.155337e+01,2.164334e+01,2.154645e+01,2.151875e+01,2.159490e+01,2.158798e+01,2.160182e+01,2.158798e+01,2.160874e+01,2.163642e+01,2.158106e+01,2.165025e+01,2.174704e+01,2.162258e+01,2.167100e+01,2.174013e+01,2.168483e+01,2.164334e+01,2.173322e+01,2.158798e+01,2.184374e+01,2.174704e+01,2.180922e+01,2.162950e+01,2.182993e+01,2.191965e+01,2.188516e+01,2.188516e+01,2.181612e+01,2.178850e+01,2.183684e+01,2.179540e+01,2.187825e+01,2.187135e+01,2.193345e+01,2.195414e+01,2.194725e+01,2.207131e+01,2.196104e+01,2.187135e+01,2.196793e+01,2.206442e+01,2.202308e+01,2.216082e+01,2.199551e+01,2.194725e+01,2.208509e+01,2.194725e+01,2.187825e+01,2.191276e+01,2.189896e+01,2.200241e+01,2.189206e+01,2.200930e+01,2.189896e+01,2.196104e+01,2.167792e+01,2.192655e+01,2.173322e+01,2.178159e+01,2.199551e+01,2.182303e+01,2.175395e+01,2.170557e+01,2.192655e+01,2.172631e+01,2.171248e+01,2.178159e+01,2.166409e+01,2.160182e+01,2.160874e+01,2.166409e+01,2.157414e+01,2.165025e+01,2.161566e+01,2.161566e+01,2.160874e+01,2.160182e+01,2.153260e+01,2.155337e+01,2.158798e+01,2.160874e+01,2.165025e+01,2.146332e+01,2.162950e+01,2.158106e+01,2.158106e+01,2.151875e+01,2.162950e+01,2.144253e+01,2.153260e+01,2.158106e+01,2.153952e+01,2.158798e+01,2.158106e+01,2.167792e+01,2.152567e+01,2.153260e+01,2.158798e+01,2.153260e+01,2.158106e+01,2.162950e+01,2.160182e+01,2.158106e+01,2.149104e+01,2.158106e+01,2.154645e+01,2.143560e+01,2.150489e+01,2.149796e+01,2.149104e+01,2.161566e+01,2.146332e+01,2.158798e+01,2.142174e+01,2.151182e+01,2.128299e+01,2.153952e+01,2.159490e+01
2.189896e+01,2.191276e+01,2.207131e+01,2.189896e+01,2.196104e+01,2.192655e+01,2.207820e+01,2.196104e+01,2.191965e+01,2.209886e+01,2.202308e+01,2.203687e+01,2.198862e+01,2.199551e+01,2.204376e+01,2.206442e+01,2.205754e+01,2.203687e+01,2.219523e+01,2.194035e+01,2.209886e+01,2.194725e+01,2.192655e+01,2.202997e+01,2.196793e+01,2.196793e+01,2.202308e+01,2.203687e+01,2.202308e+01,2.200241e+01,2.195414e+01,2.200930e+01,2.199551e+01,2.189896e+01,2.196104e+01,2.201619e+01,2.187135e+01,2.206442e+01,2.192655e+01,2.187825e+01,2.184374e+01,2.191276e+01,2.194725e+01,2.191965e+01,2.191965e+01,2.196793e+01,2.197483e+01,2.196793e+01,2.202997e+01,2.203687e+01,2.185755e+01,2.198172e+01,2.184374e+01,2.185065e+01,2.200241e+01,2.192655e+01,2.197483e+01,2.192655e+01,2.191965e+01,2.197483e+01,2.201619e+01,2.202308e+01,2.198172e+01,2.185065e+01,2.198862e+01,2.203687e+01,2.162258e+01,2.191276e+01,2.183684e+01,2.185755e+01,2.197483e+01,2.188516e+01,2.213329e+01,2.198862e+01,2.186445e+01,2.185065e+01,2.211952e+01,2.201619e+01,2.197483e+01,2.196104e+01,2.187135e+01,2.212641e+01,2.200930e+01,2.214706e+01,2.205065e+01,2.195414e+01,2.193345e+01,2.209198e+01,2.195414e+01,2.201619e+01,2.208509e+01,2.205754e+01,2.208509e+01,2.205754e+01,2.200930e+01,2.202308e+01,2.211263e+01,2.209886e+01,2.199551e+01,2.200241e+01,2.210575e+01,2.202997e+01,2.215394e+01,2.196793e+01,2.193345e+01,2.191965e+01,2.193345e+01,2.205754e+01,2.198172e+01,2.196793e+01,2.189896e+01,2.201619e+01,2.177468e+01,2.189896e+01,2.168483e+01,2.168483e+01,2.148411e+01,2.133158e+01,2.108148e+01,2.076100e+01,2.067723e+01,2.074007e+01,2.091440e+01,2.084470e+01,2.109539e+01,2.110929e+01,2.122050e+01,2.103973e+01,2.118576e+01,2.108843e+01,2.105365e+01,2.113015e+01,2.116491e+01,2.114406e+01,2.110234e+01,2.122050e+01,2.101885e+01,2.131076e+01,2.119271e+01,2.126217e+01,2.126911e+01,2.124828e+01,2.123439e+01,2.124133e+01,2.130382e+01,2.115796e+01,2.118576e+01,2.131076e+01,2.151182e+01,2.138707e+01,2.129688e+01,2.142867e+01,2.133851e+01,2.130382e+01,2.131076e+01,2.123439e+01,2.126911e+01,2.129688e+01,2.140787e+01,2.141480e+01,2.134545e+01,2.138013e+01,2.141480e+01,2.152567e+01,2.143560e+01,2.138707e+01,2.145639e+01,2.142867e+01,2.142867e+01,2.144253e+01,2.160182e+01,2.178850e+01,2.218147e+01,2.220211e+01,2.230525e+01,2.215394e+01,2.221587e+01,2.235335e+01,2.231900e+01,2.217459e+01,2.200241e+01,2.238082e+01,2.225026e+01,2.235335e+01,2.217459e+01,2.211952e+01,2.214706e+01,2.211263e+01,2.198862e+01,2.210575e+01,2.210575e+01,2.197483e+01,2.202997e+01,2.182303e+01,2.199551e+01,2.194035e+01,2.200241e+01,2.178159e+01,2.191965e+01,2.196793e+01,2.196104e+01,2.189896e+01,2.196104e+01,2.189206e+01,2.190586e+01,2.188516e+01,2.183684e+01,2.196104e+01,2.198172e+01,2.196104e+01,2.193345e+01,2.198862e+01,2.198172e+01,2.205065e+01,2.200241e+01,2.191276e+01,2.194035e+01,2.179540e+01,2.171248e+01,2.191965e+01,2.196104e+01,2.178850e+01,2.179540e+01,2.179540e+01,2.181612e+01,2.202308e+01,2.190586e+01,2.189206e+01,2.172631e+01,2.171248e+01,2.177468e+01,2.178159e+01,2.179540e+01,2.183684e+01,2.178850e+01,2.177468e+01,2.185065e+01,2.191965e+01,2.190586e+01,2.178850e+01,2.181612e+01,2.186445e+01,2.178159e+01,2.190586e+01,2.186445e+01,2.182993e+01,2.176777e+01,2.183684e+01,2.179540e+01,2.177468e+01,2.169175e+01,2.162950e+01,2.140787e+01,2.141480e+01,2.133158e+01,2.141480e+01,2.133158e+01,2.133158e+01,2.132464e+01,2.154645e+01,2.150489e+01,2.178850e+01,2.179540e+01,2.189206e+01,2.190586e+01,2.205754e+01,2.189896e+01,2.195414e+01,2.192655e+01,2.193345e+01,2.194035e+01,2.182993e+01,2.172631e+01,2.198862e+01,2.199551e+01,2.194725e+01,2.183684e+01,2.202308e+01,2.208509e+01,2.203687e+01,2.203687e+01,2.200930e+01,2.202308e+01,2.207131e+01,2.221587e+01,2.216771e+01,2.208509e+01,2.205754e+01,2.215394e+01,2.211952e+01,2.206442e+01,2.215394e+01,2.202997e+01,2.211263e+01,2.207131e+01,2.205754e+01,2.217459e+01,2.207820e+01,2.203687e+01,2.211263e+01,2.203687e+01,2.213329e+01,2.210575e+01,2.218147e+01,2.198172e+01,2.198172e+01,2.210575e+01,2.198862e+01,2.204376e+01,2.198172e+01,2.198862e+01,2.202997e+01,2.195414e+01,2.187135e+01,2.196104e+01,2.202997e+01,2.178159e+01,2.167792e+01,2.167100e+01,2.168483e+01,2.172631e+01,2.167792e+01,2.175395e+01,2.170557e+01,2.172631e+01,2.178159e+01,2.173322e+01,2.182993e+01,2.174704e+01,2.182993e+01,2.182303e+01,2.196793e+01,2.185755e+01,2.185065e+01,2.191276e+01,2.191276e+01,2.189896e+01,2.189206e+01,2.190586e+01,2.190586e+01,2.195414e+01,2.200930e+01,2.196793e+01,2.198862e+01,2.197483e+01,2.189896e+01,2.205065e+01,2.198862e+01,2.194725e+01,2.196104e+01,2.194725e+01,2.189896e+01,2.202308e+01,2.194035e+01,2.194035e+01,2.186445e+01,2.192655e+01,2.177468e+01,2.177468e+01,2.182303e+01,2.182303e+01,2.180922e+01,2.169866e+01,2.156029e+01,2.156721e+01,2.163642e+01,2.150489e+01,2.171248e+01,2.184374e+01,2.196104e+01,2.191276e+01,2.195414e+01,2.191276e+01,2.202308e+01,2.194725e+01,2.202308e+01,2.201619e+01,2.219523e+01,2.200930e+01,2.205065e+01,2.189896e+01,2.189206e+01,2.195414e+01,2.197483e+01,2.182993e+01,2.184374e+01,2.185065e+01,2.171940e+01,2.193345e+01,2.187135e+01,2.202308e+01,2.188516e+01,2.191965e+01,2.184374e+01,2.185065e+01,2.189896e+01,2.185755e+01,2.184374e+01,2.184374e+01,2.180231e+01,2.180231e+01,2.180922e+01,2.182993e+01,2.180922e+01,2.182303e+01,2.172631e+01,2.199551e+01,2.182993e+01,2.184374e+01,2.170557e+01,2.183684e+01,2.184374e+01,2.187135e+01,2.175395e+01,2.190586e+01,2.172631e+01,2.178850e+01,2.182993e+01,2.174704e+01,2.168483e+01,2.178159e+01,2.179540e+01,2.169175e+01,2.191965e+01,2.167792e+01,2.168483e+01,2.174704e+01,2.169175e+01,2.153952e+01,2.155337e+01,2.171248e+01,2.162950e+01,2.168483e+01,2.164334e+01,2.169866e+01,2.160182e+01,2.163642e+01,2.155337e+01,2.159490e+01,2.165717e+01,2.173322e+01,2.165717e+01,2.166409e+01,2.152567e+01,2.166409e+01,2.152567e+01,2.159490e+01,2.154645e+01,2.162950e+01,2.176777e+01,2.158798e+01,2.158106e+01,2.147025e+01,2.161566e+01,2.156721e+01,2.153952e+01,2.162258e+01,2.157414e+01,2.143560e+01,2.143560e+01,2.135239e+01,2.141480e+01,2.132464e+01,2.151875e+01,2.152567e+01,2.185755e+01,2.183684e+01,2.187135e+01,2.196104e+01,2.193345e+01,2.197483e+01,2.200241e+01,2.190586e+01,2.200930e+01,2.178850e+01,2.201619e+01,2.187135e+01,2.189206e+01,2.196793e+01,2.193345e+01,2.191276e+01,2.182303e+01,2.180922e+01,2.184374e+01,2.181612e+01,2.182303e+01,2.178850e+01,2.174013e+01,2.168483e+01,2.173322e+01,2.184374e+01,2.171248e+01,2.165025e+01,2.154645e+01,2.155337e+01,2.156029e+01,2.160874e+01,2.171940e+01,2.160874e+01,2.151182e+01,2.158106e+01,2.154645e+01,2.143560e+01,2.156029e+01,2.159490e+01,2.145639e+01,2.164334e+01,2.158106e+01,2.158798e+01,2.148411e+01,2.158798e+01,2.156029e+01,2.153952e+01,2.151182e+01,2.138707e+01,2.156721e+01,2.165025e+01,2.151875e+01,2.155337e+01,2.162258e+01,2.162950e+01,2.162950e+01,2.155337e+01,2.165717e+01,2.161566e+01,2.157414e+01,2.178850e+01,2.154645e+01,2.175395e+01,2.158798e+01,2.164334e+01,2.161566e+01,2.176777e+01,2.173322e+01,2.162258e+01,2.164334e+01,2.175395e+01,2.171248e+01,2.182993e+01,2.145639e+01,2.165717e+01,2.151875e+01,2.178850e+01,2.175395e+01,2.180922e+01,2.178850e+01,2.189896e+01,2.184374e+01,2.188516e+01,2.188516e+01,2.186445e+01,2.176086e+01,2.187825e+01,2.190586e+01,2.187825e+01,2.200241e+01,2.200241e+01,2.196104e+01,2.189206e+01,2.190586e+01,2.203687e+01,2.198862e+01,2.202308e+01,2.194035e+01,2.192655e+01,2.197483e+01,2.198172e+01,2.196793e+01,2.191276e+01,2.189206e+01,2.176086e+01,2.203687e+01,2.194725e+01,2.187135e+01,2.170557e+01,2.190586e+01,2.191965e+01,2.175395e+01,2.175395e+01,2.184374e+01,2.176777e+01,2.183684e+01,2.180922e+01,2.171940e+01,2.171940e+01,2.171940e+01,2.188516e+01,2.173322e+01,2.162950e+01,2.191965e+01,2.182993e+01,2.164334e+01,2.171248e+01,2.162258e+01,2.153260e+01,2.154645e+01,2.162950e+01,2.165025e+01,2.166409e+01,2.156029e+01,2.160182e+01,2.149796e+01,2.156029e+01,2.158106e+01,2.156721e+01,2.160182e+01,2.149104e+01,2.149104e+01,2.145639e+01,2.148411e+01,2.158106e+01,2.141480e+01,2.156721e+01,2.158798e+01,2.158106e+01,2.157414e+01,2.159490e+01,2.158106e+01,2.155337e+01,2.158798e+01,2.150489e+01,2.149104e+01,2.156721e+01,2.158798e+01,2.158798e+01,2.158106e+01,2.167792e+01,2.146332e+01,2.167100e+01,2.159490e+01,2.171248e+01,2.149796e+01,2.150489e+01,2.144946e+01,2.143560e+01,2.154645e+01,2.156029e+01,2.158106e+01,2.139400e+01,2.157414e+01
2.207131e+01,2.196104e+01,2.193345e+01,2.205754e+01,2.194725e+01,2.196793e+01,2.199551e+01,2.201619e+01,2.195414e+01,2.191965e+01,2.201619e+01,2.206442e+01,2.204376e+01,2.202308e+01,2.216082e+01,2.198172e+01,2.205065e+01,2.211263e+01,2.200241e+01,2.211952e+01,2.212641e+01,2.198862e+01,2.195414e+01,2.202308e+01,2.200930e+01,2.200930e+01,2.199551e+01,2.202308e+01,2.198862e+01,2.198862e+01,2.192655e+01,2.194725e+01,2.200241e+01,2.205065e+01,2.209198e+01,2.194035e+01,2.189896e+01,2.193345e+01,2.205065e+01,2.217459e+01,2.191965e+01,2.207131e+01,2.190586e+01,2.189896e+01,2.199551e+01,2.188516e+01,2.200241e+01,2.198862e+01,2.202308e+01,2.207131e+01,2.204376e+01,2.209198e+01,2.187135e+01,2.200930e+01,2.185065e+01,2.193345e+01,2.199551e+01,2.192655e+01,2.192655e+01,2.196793e+01,2.193345e+01,2.198862e+01,2.192655e+01,2.184374e+01,2.189206e+01,2.205065e+01,2.194035e+01,2.191965e+01,2.202308e+01,2.185755e+01,2.191965e+01,2.190586e+01,2.201619e+01,2.203687e+01,2.187135e+01,2.207131e+01,2.197483e+01,2.198862e+01,2.188516e+01,2.196104e+01,2.198172e+01,2.192655e+01,2.183684e+01,2.205065e+01,2.195414e+01,2.214017e+01,2.194035e+01,2.199551e+01,2.209198e+01,2.197483e+01,2.199551e+01,2.208509e+01,2.205754e+01,2.202997e+01,2.219523e+01,2.200930e+01,2.200930e+01,2.207131e+01,2.218147e+01,2.199551e+01,2.192655e+01,2.192655e+01,2.211952e+01,2.191965e+01,2.200241e+01,2.197483e+01,2.200241e+01,2.191276e+01,2.194725e+01,2.186445e+01,2.194725e+01,2.188516e+01,2.199551e+01,2.175395e+01,2.190586e+01,2.165025e+01,2.161566e+01,2.160182e+01,2.129688e+01,2.080286e+01,2.069818e+01,2.071913e+01,2.085865e+01,2.094923e+01,2.097709e+01,2.105365e+01,2.098405e+01,2.103277e+01,2.110929e+01,2.106061e+01,2.111625e+01,2.106756e+01,2.108843e+01,2.103973e+01,2.119966e+01,2.115101e+01,2.116491e+01,2.116491e+01,2.129688e+01,2.126217e+01,2.128993e+01,2.123439e+01,2.113711e+01,2.113015e+01,2.116491e+01,2.131076e+01,2.117186e+01,2.131076e+01,2.131770e+01,2.127605e+01,2.133851e+01,2.135933e+01,2.124133e+01,2.145639e+01,2.134545e+01,2.131770e+01,2.133158e+01,2.133158e+01,2.132464e+01,2.130382e+01,2.138707e+01,2.132464e+01,2.126217e+01,2.128993e+01,2.144253e+01,2.143560e+01,2.149796e+01,2.147025e+01,2.151875e+01,2.151182e+01,2.144253e+01,2.161566e+01,2.191276e+01,2.231900e+01,2.232587e+01,2.214017e+01,2.226401e+01,2.227088e+01,2.229838e+01,2.220211e+01,2.209198e+01,2.212641e+01,2.217459e+01,2.214017e+01,2.212641e+01,2.217459e+01,2.202308e+01,2.202308e+01,2.202997e+01,2.209198e+01,2.200930e+01,2.198172e+01,2.202997e+01,2.180922e+01,2.180922e+01,2.191965e+01,2.185755e+01,2.192655e+01,2.191965e+01,2.200930e+01,2.191965e+01,2.192655e+01,2.196793e+01,2.205754e+01,2.198862e+01,2.195414e+01,2.186445e+01,2.199551e+01,2.197483e+01,2.187825e+01,2.194725e+01,2.184374e+01,2.189206e+01,2.198862e+01,2.176086e+01,2.178850e+01,2.184374e+01,2.182303e+01,2.178159e+01,2.188516e+01,2.176777e+01,2.178159e+01,2.182303e+01,2.188516e+01,2.181612e+01,2.167100e+01,2.175395e+01,2.174013e+01,2.176777e+01,2.174704e+01,2.178159e+01,2.180922e+01,2.180922e+01,2.178850e+01,2.187825e+01,2.185065e+01,2.189206e+01,2.184374e+01,2.186445e+01,2.182993e+01,2.186445e+01,2.178850e+01,2.180922e+01,2.191276e+01,2.181612e+01,2.169866e+01,2.177468e+01,2.170557e+01,2.163642e+01,2.150489e+01,2.151875e+01,2.135933e+01,2.137320e+01,2.141480e+01,2.147718e+01,2.140094e+01,2.136626e+01,2.137320e+01,2.149104e+01,2.147718e+01,2.162950e+01,2.194725e+01,2.189206e+01,2.196793e+01,2.196104e+01,2.187825e+01,2.196793e+01,2.196793e+01,2.197483e+01,2.198172e+01,2.200241e+01,2.197483e+01,2.216082e+01,2.207131e+01,2.197483e+01,2.205065e+01,2.204376e+01,2.199551e+01,2.212641e+01,2.209886e+01,2.210575e+01,2.205065e+01,2.207131e+01,2.208509e+01,2.219523e+01,2.216082e+01,2.212641e+01,2.209886e+01,2.210575e+01,2.200930e+01,2.216771e+01,2.211952e+01,2.215394e+01,2.227088e+01,2.217459e+01,2.207820e+01,2.221587e+01,2.209886e+01,2.207820e+01,2.215394e+01,2.202997e+01,2.203687e+01,2.212641e+01,2.217459e+01,2.209886e+01,2.200241e+01,2.194725e+01,2.202308e+01,2.193345e+01,2.179540e+01,2.176086e+01,2.198172e+01,2.189896e+01,2.187135e+01,2.189206e+01,2.185755e+01,2.171940e+01,2.174013e+01,2.169866e+01,2.167792e+01,2.165717e+01,2.169175e+01,2.169175e+01,2.174704e+01,2.171940e+01,2.165025e+01,2.174704e+01,2.174013e+01,2.179540e+01,2.194035e+01,2.189896e+01,2.196793e+01,2.183684e+01,2.190586e+01,2.187825e+01,2.193345e+01,2.197483e+01,2.187825e+01,2.189206e+01,2.204376e+01,2.187135e+01,2.187825e+01,2.191965e+01,2.194035e+01,2.196793e+01,2.199551e+01,2.195414e+01,2.196104e+01,2.179540e+01,2.189896e+01,2.194035e+01,2.191276e+01,2.191276e+01,2.195414e+01,2.185065e+01,2.191965e+01,2.200930e+01,2.184374e+01,2.179540e+01,2.185755e+01,2.178159e+01,2.175395e+01,2.166409e+01,2.171940e+01,2.165025e+01,2.153952e+01,2.158106e+01,2.149104e+01,2.190586e+01,2.182993e+01,2.194725e+01,2.191276e+01,2.191965e+01,2.202308e+01,2.195414e+01,2.196104e+01,2.205065e+01,2.205754e+01,2.205065e+01,2.198172e+01,2.198172e+01,2.196104e+01,2.193345e+01,2.191276e+01,2.187135e+01,2.187825e+01,2.185755e+01,2.189896e+01,2.185065e+01,2.191276e+01,2.184374e+01,2.187135e+01,2.187135e+01,2.192655e+01,2.181612e+01,2.182993e+01,2.182303e+01,2.198172e+01,2.188516e+01,2.182303e+01,2.186445e+01,2.178159e+01,2.176777e+01,2.180922e+01,2.178850e+01,2.171940e+01,2.178850e+01,2.181612e+01,2.174704e+01,2.184374e+01,2.182303e+01,2.178850e+01,2.183684e+01,2.178159e+01,2.170557e+01,2.174013e+01,2.177468e+01,2.181612e+01,2.183684e+01,2.178850e+01,2.191276e+01,2.181612e+01,2.177468e+01,2.171940e+01,2.169175e+01,2.144946e+01,2.174704e+01,2.160874e+01,2.169175e+01,2.181612e+01,2.173322e+01,2.165717e+01,2.165717e+01,2.171940e+01,2.146332e+01,2.151875e+01,2.158106e+01,2.160182e+01,2.163642e+01,2.174704e+01,2.161566e+01,2.166409e+01,2.168483e+01,2.167792e+01,2.161566e+01,2.164334e+01,2.165025e+01,2.165717e+01,2.165025e+01,2.161566e+01,2.160874e+01,2.162258e+01,2.160874e+01,2.160874e+01,2.148411e+01,2.162950e+01,2.151875e+01,2.148411e+01,2.163642e+01,2.146332e+01,2.136626e+01,2.140094e+01,2.134545e+01,2.134545e+01,2.157414e+01,2.180231e+01,2.182303e+01,2.200241e+01,2.186445e+01,2.188516e+01,2.193345e+01,2.188516e+01,2.183684e+01,2.189896e+01,2.198862e+01,2.181612e+01,2.194035e+01,2.185755e+01,2.198862e+01,2.174013e+01,2.176777e+01,2.198172e+01,2.196104e+01,2.186445e+01,2.185755e+01,2.179540e+01,2.174013e+01,2.172631e+01,2.164334e+01,2.178159e+01,2.171940e+01,2.167792e+01,2.169175e+01,2.151182e+01,2.170557e+01,2.156029e+01,2.169866e+01,2.149796e+01,2.151182e+01,2.162950e+01,2.166409e+01,2.147718e+01,2.164334e+01,2.149104e+01,2.145639e+01,2.153952e+01,2.166409e+01,2.167792e+01,2.149796e+01,2.158106e+01,2.157414e+01,2.160182e+01,2.155337e+01,2.158106e+01,2.135933e+01,2.156721e+01,2.152567e+01,2.151875e+01,2.156721e+01,2.157414e+01,2.153952e+01,2.162258e+01,2.153260e+01,2.163642e+01,2.154645e+01,2.158798e+01,2.162258e+01,2.182303e+01,2.158106e+01,2.163642e+01,2.164334e+01,2.162950e+01,2.162950e+01,2.174013e+01,2.159490e+01,2.159490e+01,2.164334e+01,2.170557e+01,2.176777e+01,2.176086e+01,2.162258e+01,2.195414e+01,2.168483e+01,2.194035e+01,2.177468e+01,2.183684e+01,2.178850e+01,2.189896e+01,2.182303e+01,2.185065e+01,2.191276e+01,2.187825e+01,2.192655e+01,2.191965e+01,2.182303e+01,2.198862e+01,2.196104e+01,2.183684e+01,2.198172e+01,2.199551e+01,2.202997e+01,2.196104e+01,2.200930e+01,2.200241e+01,2.191276e+01,2.187135e+01,2.188516e+01,2.187135e+01,2.193345e+01,2.189206e+01,2.183684e+01,2.196104e+01,2.191276e+01,2.187825e+01,2.186445e+01,2.188516e+01,2.186445e+01,2.174704e+01,2.181612e+01,2.175395e+01,2.176086e+01,2.175395e+01,2.177468e+01,2.171248e+01,2.178850e+01,2.178850e+01,2.175395e+01,2.169866e+01,2.171940e+01,2.162258e+01,2.162950e+01,2.158106e+01,2.161566e+01,2.167100e+01,2.160182e+01,2.166409e+01,2.158798e+01,2.160182e+01,2.163642e+01,2.168483e+01,2.165025e+01,2.161566e+01,2.162258e+01,2.151182e+01,2.157414e+01,2.153260e+01,2.160874e+01,2.154645e+01,2.146332e+01,2.148411e+01,2.149796e+01,2.153952e+01,2.160182e+01,2.165025e+01,2.149104e+01,2.156721e+01,2.135933e+01,2.150489e+01,2.160874e+01,2.153260e+01,2.152567e+01,2.149796e+01,2.157414e+01,2.153260e+01,2.148411e+01,2.150489e+01,2.130382e+01,2.155337e+01,2.156721e+01,2.138707e+01,2.147025e+01,2.151875e+01,2.149796e+01,2.149104e+01,2.147718e+01,2.136626e+01,2.160874e+01,2.147025e+01,2.158798e+01,2.140094e+01
2.196793e+01,2.196793e+01,2.200241e+01,2.189206e+01,2.206442e+01,2.198172e+01,2.206442e+01,2.211263e+01,2.189896e+01,2.199551e+01,2.192655e+01,2.192655e+01,2.205065e+01,2.203687e+01,2.200930e+01,2.200241e+01,2.205754e+01,2.209198e+01,2.197483e+01,2.196104e+01,2.200241e+01,2.208509e+01,2.208509e+01,2.207820e+01,2.204376e+01,2.201619e+01,2.202997e+01,2.193345e+01,2.202308e+01,2.200930e+01,2.202997e+01,2.197483e+01,2.192655e+01,2.195414e+01,2.212641e+01,2.202997e+01,2.202997e+01,2.205754e+01,2.201619e+01,2.196793e+01,2.200241e+01,2.194035e+01,2.189206e+01,2.192655e+01,2.195414e+01,2.200241e+01,2.201619e+01,2.202997e+01,2.189206e+01,2.199551e+01,2.207820e+01,2.196104e+01,2.198862e+01,2.208509e+01,2.197483e+01,2.192655e+01,2.194035e+01,2.189896e+01,2.194725e+01,2.202997e+01,2.191965e+01,2.200930e+01,2.200930e+01,2.207131e+01,2.198172e+01,2.194725e+01,2.189896e+01,2.196793e+01,2.192655e+01,2.186445e+01,2.188516e+01,2.186445e+01,2.194035e+01,2.200241e+01,2.198172e+01,2.205065e+01,2.207820e+01,2.210575e+01,2.198862e+01,2.193345e+01,2.209198e+01,2.209198e+01,2.189206e+01,2.207820e+01,2.196793e+01,2.213329e+01,2.209886e+01,2.212641e+01,2.210575e+01,2.207131e+01,2.207131e+01,2.216771e+01,2.214017e+01,2.201619e+01,2.212641e+01,2.206442e+01,2.222962e+01,2.209198e+01,2.207131e+01,2.187825e+01,2.185065e+01,2.194035e+01,2.193345e+01,2.208509e+01,2.205754e+01,2.202997e+01,2.196793e+01,2.188516e+01,2.195414e+01,2.200241e+01,2.196793e+01,2.196793e+01,2.185065e+01,2.186445e+01,2.177468e+01,2.189896e+01,2.174013e+01,2.170557e+01,2.162258e+01,2.128299e+01,2.100493e+01,2.080286e+01,2.074007e+01,2.082378e+01,2.108843e+01,2.107452e+01,2.107452e+01,2.113015e+01,2.125522e+01,2.113711e+01,2.125522e+01,2.126217e+01,2.120660e+01,2.129688e+01,2.111625e+01,2.107452e+01,2.109539e+01,2.124133e+01,2.109539e+01,2.123439e+01,2.113015e+01,2.125522e+01,2.106061e+01,2.106756e+01,2.128299e+01,2.120660e+01,2.131076e+01,2.129688e+01,2.128993e+01,2.146332e+01,2.131076e+01,2.142867e+01,2.142867e+01,2.144946e+01,2.126217e+01,2.129688e+01,2.135239e+01,2.136626e+01,2.129688e+01,2.138013e+01,2.142174e+01,2.130382e+01,2.122050e+01,2.124133e+01,2.149796e+01,2.165025e+01,2.149796e+01,2.147025e+01,2.137320e+01,2.146332e+01,2.151875e+01,2.156029e+01,2.187825e+01,2.213329e+01,2.224338e+01,2.215394e+01,2.233274e+01,2.231212e+01,2.222962e+01,2.226401e+01,2.229838e+01,2.213329e+01,2.209198e+01,2.209886e+01,2.212641e+01,2.218147e+01,2.211263e+01,2.211263e+01,2.207131e+01,2.202997e+01,2.211263e+01,2.209198e+01,2.202997e+01,2.182993e+01,2.200241e+01,2.190586e+01,2.189206e+01,2.204376e+01,2.192655e+01,2.189896e+01,2.180231e+01,2.192655e+01,2.189896e+01,2.189206e+01,2.190586e+01,2.193345e+01,2.189206e+01,2.191276e+01,2.194035e+01,2.198862e+01,2.184374e+01,2.188516e+01,2.191276e+01,2.178159e+01,2.189896e+01,2.196104e+01,2.193345e+01,2.182993e+01,2.177468e+01,2.178159e+01,2.190586e+01,2.190586e+01,2.182303e+01,2.188516e+01,2.181612e+01,2.184374e+01,2.185755e+01,2.177468e+01,2.190586e+01,2.180231e+01,2.174013e+01,2.191276e+01,2.178850e+01,2.191276e+01,2.178850e+01,2.187135e+01,2.189206e+01,2.198172e+01,2.182993e+01,2.182303e+01,2.190586e+01,2.177468e+01,2.180231e+01,2.176777e+01,2.173322e+01,2.151875e+01,2.162950e+01,2.152567e+01,2.156721e+01,2.151182e+01,2.153260e+01,2.153952e+01,2.138707e+01,2.144253e+01,2.156029e+01,2.134545e+01,2.134545e+01,2.140094e+01,2.149796e+01,2.151875e+01,2.191276e+01,2.197483e+01,2.191965e+01,2.188516e+01,2.200930e+01,2.195414e+01,2.206442e+01,2.199551e+01,2.197483e+01,2.208509e+01,2.200930e+01,2.200241e+01,2.203687e+01,2.202308e+01,2.202308e+01,2.206442e+01,2.207131e+01,2.210575e+01,2.198862e+01,2.208509e+01,2.218147e+01,2.218835e+01,2.219523e+01,2.207131e+01,2.209886e+01,2.219523e+01,2.215394e+01,2.214706e+01,2.209198e+01,2.209886e+01,2.216082e+01,2.214706e+01,2.207131e+01,2.218147e+01,2.204376e+01,2.216082e+01,2.206442e+01,2.220211e+01,2.209886e+01,2.203687e+01,2.220211e+01,2.205065e+01,2.220211e+01,2.197483e+01,2.205065e+01,2.168483e+01,2.168483e+01,2.167100e+01,2.161566e+01,2.157414e+01,2.162258e+01,2.165717e+01,2.165717e+01,2.166409e+01,2.181612e+01,2.174704e+01,2.177468e+01,2.173322e+01,2.173322e+01,2.181612e+01,2.182993e+01,2.176086e+01,2.181612e+01,2.173322e+01,2.189206e+01,2.165025e+01,2.167100e+01,2.170557e+01,2.180922e+01,2.185755e+01,2.182303e+01,2.195414e+01,2.186445e+01,2.180922e+01,2.186445e+01,2.189896e+01,2.185065e+01,2.184374e+01,2.188516e+01,2.181612e+01,2.199551e+01,2.187825e+01,2.199551e+01,2.195414e+01,2.215394e+01,2.206442e+01,2.198172e+01,2.197483e+01,2.199551e+01,2.196793e+01,2.195414e+01,2.195414e+01,2.191965e+01,2.194725e+01,2.194725e+01,2.195414e+01,2.200930e+01,2.186445e+01,2.191965e+01,2.191965e+01,2.180922e+01,2.175395e+01,2.176777e+01,2.163642e+01,2.153260e+01,2.147718e+01,2.149104e+01,2.163642e+01,2.171248e+01,2.194035e+01,2.186445e+01,2.188516e+01,2.191276e+01,2.209198e+01,2.193345e+01,2.195414e+01,2.191276e+01,2.206442e+01,2.202997e+01,2.199551e+01,2.192655e+01,2.187825e+01,2.196104e+01,2.189206e+01,2.189206e+01,2.185755e+01,2.187135e+01,2.187825e+01,2.186445e+01,2.177468e+01,2.190586e+01,2.197483e+01,2.182993e+01,2.185065e+01,2.181612e+01,2.186445e+01,2.181612e+01,2.190586e+01,2.194035e+01,2.181612e+01,2.191965e+01,2.179540e+01,2.176777e+01,2.180922e+01,2.175395e+01,2.176086e+01,2.177468e+01,2.174704e+01,2.172631e+01,2.172631e+01,2.173322e+01,2.176086e+01,2.182993e+01,2.174704e+01,2.180922e+01,2.171248e+01,2.166409e+01,2.174704e+01,2.176777e+01,2.178159e+01,2.176777e+01,2.167100e+01,2.165025e+01,2.154645e+01,2.174013e+01,2.178159e+01,2.170557e+01,2.167792e+01,2.175395e+01,2.176777e+01,2.166409e+01,2.170557e+01,2.166409e+01,2.167100e+01,2.151875e+01,2.158106e+01,2.169866e+01,2.158798e+01,2.160874e+01,2.161566e+01,2.156721e+01,2.164334e+01,2.162950e+01,2.180231e+01,2.168483e+01,2.162950e+01,2.168483e+01,2.170557e+01,2.152567e+01,2.163642e+01,2.153260e+01,2.169175e+01,2.160182e+01,2.162950e+01,2.161566e+01,2.162950e+01,2.164334e+01,2.145639e+01,2.149796e+01,2.158798e+01,2.145639e+01,2.137320e+01,2.114406e+01,2.128993e+01,2.139400e+01,2.151875e+01,2.178159e+01,2.185065e+01,2.182303e+01,2.196793e+01,2.189896e+01,2.187825e+01,2.194725e+01,2.192655e+01,2.201619e+01,2.193345e+01,2.195414e+01,2.182993e+01,2.182303e+01,2.178850e+01,2.176777e+01,2.201619e+01,2.183684e+01,2.187135e+01,2.183684e+01,2.181612e+01,2.176086e+01,2.177468e+01,2.175395e+01,2.162258e+01,2.173322e+01,2.200241e+01,2.151182e+01,2.151182e+01,2.169866e+01,2.160874e+01,2.156029e+01,2.163642e+01,2.156721e+01,2.151182e+01,2.159490e+01,2.149104e+01,2.162950e+01,2.148411e+01,2.160182e+01,2.143560e+01,2.149796e+01,2.168483e+01,2.165717e+01,2.157414e+01,2.166409e+01,2.151875e+01,2.150489e+01,2.161566e+01,2.169175e+01,2.135933e+01,2.140787e+01,2.160182e+01,2.153952e+01,2.158106e+01,2.155337e+01,2.153952e+01,2.158106e+01,2.158798e+01,2.156721e+01,2.156721e+01,2.162950e+01,2.165717e+01,2.160874e+01,2.165717e+01,2.164334e+01,2.166409e+01,2.171248e+01,2.158106e+01,2.156721e+01,2.162950e+01,2.177468e+01,2.176777e+01,2.174704e+01,2.180231e+01,2.167100e+01,2.174013e+01,2.181612e+01,2.174013e+01,2.187825e+01,2.180231e+01,2.182993e+01,2.191276e+01,2.185065e+01,2.191965e+01,2.191276e+01,2.189896e+01,2.191276e+01,2.189896e+01,2.193345e+01,2.196104e+01,2.195414e+01,2.196104e+01,2.194035e+01,2.204376e+01,2.197483e+01,2.199551e+01,2.202308e+01,2.193345e+01,2.189206e+01,2.211263e+01,2.198172e+01,2.190586e+01,2.196793e+01,2.184374e+01,2.198172e+01,2.192655e+01,2.186445e+01,2.185755e+01,2.185755e+01,2.184374e+01,2.189206e+01,2.182993e+01,2.176777e+01,2.178850e+01,2.178159e+01,2.180231e+01,2.186445e+01,2.186445e+01,2.176086e+01,2.182993e+01,2.178850e+01,2.171940e+01,2.182303e+01,2.176086e+01,2.157414e+01,2.179540e+01,2.158106e+01,2.162258e+01,2.165025e+01,2.163642e+01,2.168483e+01,2.156721e+01,2.160874e+01,2.164334e+01,2.149796e+01,2.156721e+01,2.155337e+01,2.161566e+01,2.160874e+01,2.153260e+01,2.163642e+01,2.147718e+01,2.167100e+01,2.159490e+01,2.146332e+01,2.142174e+01,2.156721e+01,2.161566e+01,2.157414e+01,2.151182e+01,2.164334e+01,2.161566e+01,2.151182e+01,2.157414e+01,2.148411e+01,2.160182e+01,2.155337e+01,2.160874e+01,2.150489e+01,2.156721e+01,2.160182e+01,2.168483e+01,2.154645e+01,2.164334e+01,2.149796e+01,2.158798e+01,2.143560e+01,2.149796e+01,2.145639e+01,2.159490e+01,2.159490e+01,2.130382e+01,2.137320e+01,2.161566e+01
2.229838e+01,2.203687e+01,2.193345e+01,2.194725e+01,2.194725e+01,2.203687e+01,2.200930e+01,2.205754e+01,2.188516e+01,2.211952e+01,2.199551e+01,2.204376e+01,2.196793e+01,2.202308e+01,2.212641e+01,2.198172e+01,2.211263e+01,2.196793e+01,2.211952e+01,2.198172e+01,2.209886e+01,2.200930e+01,2.202308e+01,2.187825e+01,2.203687e+01,2.203687e+01,2.197483e+01,2.202308e+01,2.202308e+01,2.201619e+01,2.202997e+01,2.198172e+01,2.198862e+01,2.194035e+01,2.205754e+01,2.204376e+01,2.189206e+01,2.187825e+01,2.215394e+01,2.192655e+01,2.199551e+01,2.187825e+01,2.190586e+01,2.207131e+01,2.201619e+01,2.203687e+01,2.200241e+01,2.197483e+01,2.205065e+01,2.188516e+01,2.194035e+01,2.196104e+01,2.198172e+01,2.186445e+01,2.191965e+01,2.190586e+01,2.194035e+01,2.202997e+01,2.203687e+01,2.195414e+01,2.194035e+01,2.192655e+01,2.202997e+01,2.196104e+01,2.198862e+01,2.199551e+01,2.196104e+01,2.186445e+01,2.233274e+01,2.192655e+01,2.202308e+01,2.195414e+01,2.203687e+01,2.209198e+01,2.202308e+01,2.202308e+01,2.200241e+01,2.208509e+01,2.199551e+01,2.198172e+01,2.180922e+01,2.200930e+01,2.205065e+01,2.198172e+01,2.196104e+01,2.213329e+01,2.197483e+01,2.207820e+01,2.196104e+01,2.196104e+01,2.205065e+01,2.210575e+01,2.196793e+01,2.215394e+01,2.220899e+01,2.210575e+01,2.218835e+01,2.215394e+01,2.199551e+01,2.196104e+01,2.194725e+01,2.197483e+01,2.202997e+01,2.200930e+01,2.205065e+01,2.200930e+01,2.198862e+01,2.200930e+01,2.200241e+01,2.200241e+01,2.202997e+01,2.196104e+01,2.193345e+01,2.194725e+01,2.178850e+01,2.184374e+01,2.170557e+01,2.168483e+01,2.162950e+01,2.140094e+01,2.130382e+01,2.084470e+01,2.075403e+01,2.084470e+01,2.092833e+01,2.103277e+01,2.101885e+01,2.103277e+01,2.105365e+01,2.104669e+01,2.105365e+01,2.108148e+01,2.118576e+01,2.112320e+01,2.126217e+01,2.122050e+01,2.112320e+01,2.124828e+01,2.108843e+01,2.126217e+01,2.124133e+01,2.123439e+01,2.113711e+01,2.119271e+01,2.117186e+01,2.113711e+01,2.128993e+01,2.121355e+01,2.140787e+01,2.138013e+01,2.144253e+01,2.134545e+01,2.140094e+01,2.140787e+01,2.132464e+01,2.135933e+01,2.126911e+01,2.133851e+01,2.126911e+01,2.131770e+01,2.138707e+01,2.129688e+01,2.130382e+01,2.150489e+01,2.142867e+01,2.154645e+01,2.147718e+01,2.151182e+01,2.156721e+01,2.159490e+01,2.147025e+01,2.157414e+01,2.166409e+01,2.183684e+01,2.232587e+01,2.226401e+01,2.234648e+01,2.231212e+01,2.229838e+01,2.225026e+01,2.216771e+01,2.231212e+01,2.211263e+01,2.216771e+01,2.215394e+01,2.211263e+01,2.212641e+01,2.198862e+01,2.199551e+01,2.203687e+01,2.195414e+01,2.199551e+01,2.196793e+01,2.197483e+01,2.196793e+01,2.194725e+01,2.186445e+01,2.208509e+01,2.215394e+01,2.187825e+01,2.188516e+01,2.187825e+01,2.185755e+01,2.193345e+01,2.192655e+01,2.184374e+01,2.199551e+01,2.185755e+01,2.193345e+01,2.185065e+01,2.183684e+01,2.187825e+01,2.193345e+01,2.187135e+01,2.190586e+01,2.191965e+01,2.190586e+01,2.187825e+01,2.180231e+01,2.178159e+01,2.192655e+01,2.181612e+01,2.179540e+01,2.180231e+01,2.180231e+01,2.178159e+01,2.179540e+01,2.180231e+01,2.180922e+01,2.192655e+01,2.184374e+01,2.185065e+01,2.187135e+01,2.184374e+01,2.173322e+01,2.185755e+01,2.182303e+01,2.181612e+01,2.185065e+01,2.180922e+01,2.189896e+01,2.181612e+01,2.178159e+01,2.178159e+01,2.176086e+01,2.157414e+01,2.154645e+01,2.153260e+01,2.149796e+01,2.135239e+01,2.135933e+01,2.153260e+01,2.153260e+01,2.135933e+01,2.138013e+01,2.151182e+01,2.144253e+01,2.156029e+01,2.161566e+01,2.163642e+01,2.196793e+01,2.175395e+01,2.194725e+01,2.205065e+01,2.195414e+01,2.200930e+01,2.207820e+01,2.194035e+01,2.198862e+01,2.211952e+01,2.207820e+01,2.175395e+01,2.201619e+01,2.205065e+01,2.206442e+01,2.205754e+01,2.211952e+01,2.209198e+01,2.206442e+01,2.209886e+01,2.212641e+01,2.210575e+01,2.209886e+01,2.218147e+01,2.209198e+01,2.214706e+01,2.214706e+01,2.211263e+01,2.216082e+01,2.209198e+01,2.208509e+01,2.220211e+01,2.220899e+01,2.209198e+01,2.207820e+01,2.216771e+01,2.209198e+01,2.214017e+01,2.211952e+01,2.218147e+01,2.230525e+01,2.218835e+01,2.221587e+01,2.205754e+01,2.193345e+01,2.181612e+01,2.167100e+01,2.153952e+01,2.151875e+01,2.152567e+01,2.147025e+01,2.158106e+01,2.167100e+01,2.158106e+01,2.178159e+01,2.177468e+01,2.176086e+01,2.174013e+01,2.167792e+01,2.177468e+01,2.171940e+01,2.175395e+01,2.171248e+01,2.176777e+01,2.163642e+01,2.175395e+01,2.174704e+01,2.162950e+01,2.170557e+01,2.193345e+01,2.193345e+01,2.186445e+01,2.180922e+01,2.193345e+01,2.187135e+01,2.194725e+01,2.178850e+01,2.193345e+01,2.192655e+01,2.191276e+01,2.201619e+01,2.191276e+01,2.197483e+01,2.182303e+01,2.186445e+01,2.196104e+01,2.202997e+01,2.187135e+01,2.198172e+01,2.205754e+01,2.192655e+01,2.198172e+01,2.191276e+01,2.197483e+01,2.198862e+01,2.194725e+01,2.202308e+01,2.198172e+01,2.202308e+01,2.191965e+01,2.189896e+01,2.176777e+01,2.178159e+01,2.171248e+01,2.162950e+01,2.160874e+01,2.152567e+01,2.161566e+01,2.170557e+01,2.185755e+01,2.192655e+01,2.190586e+01,2.200241e+01,2.202997e+01,2.205065e+01,2.195414e+01,2.195414e+01,2.202997e+01,2.207820e+01,2.191276e+01,2.185755e+01,2.186445e+01,2.189206e+01,2.187135e+01,2.189896e+01,2.186445e+01,2.188516e+01,2.188516e+01,2.192655e+01,2.190586e+01,2.195414e+01,2.176777e+01,2.180231e+01,2.186445e+01,2.178850e+01,2.198172e+01,2.183684e+01,2.182993e+01,2.184374e+01,2.179540e+01,2.178159e+01,2.180231e+01,2.186445e+01,2.175395e+01,2.180231e+01,2.180922e+01,2.177468e+01,2.184374e+01,2.170557e+01,2.181612e+01,2.169866e+01,2.174704e+01,2.184374e+01,2.175395e+01,2.182303e+01,2.178850e+01,2.169175e+01,2.178159e+01,2.167792e+01,2.178850e+01,2.176777e+01,2.179540e+01,2.166409e+01,2.178159e+01,2.145639e+01,2.163642e+01,2.163642e+01,2.167792e+01,2.153260e+01,2.172631e+01,2.160182e+01,2.171248e+01,2.185755e+01,2.165717e+01,2.167100e+01,2.165717e+01,2.174704e+01,2.174013e+01,2.156721e+01,2.167100e+01,2.167792e+01,2.172631e+01,2.174704e+01,2.172631e+01,2.167100e+01,2.174704e+01,2.172631e+01,2.166409e+01,2.162950e+01,2.163642e+01,2.167792e+01,2.158798e+01,2.172631e+01,2.168483e+01,2.167792e+01,2.167792e+01,2.149796e+01,2.157414e+01,2.165025e+01,2.162258e+01,2.149796e+01,2.154645e+01,2.135239e+01,2.148411e+01,2.149796e+01,2.139400e+01,2.157414e+01,2.176777e+01,2.198172e+01,2.189896e+01,2.192655e+01,2.186445e+01,2.188516e+01,2.187135e+01,2.194035e+01,2.187825e+01,2.190586e+01,2.191276e+01,2.193345e+01,2.191276e+01,2.178850e+01,2.174704e+01,2.182993e+01,2.178850e+01,2.178850e+01,2.176086e+01,2.180231e+01,2.182303e+01,2.181612e+01,2.162258e+01,2.171248e+01,2.163642e+01,2.171248e+01,2.166409e+01,2.165025e+01,2.166409e+01,2.171248e+01,2.160874e+01,2.151875e+01,2.165025e+01,2.150489e+01,2.165025e+01,2.146332e+01,2.151182e+01,2.153260e+01,2.156721e+01,2.154645e+01,2.170557e+01,2.156029e+01,2.156029e+01,2.151182e+01,2.154645e+01,2.173322e+01,2.157414e+01,2.162950e+01,2.160182e+01,2.154645e+01,2.156029e+01,2.152567e+01,2.155337e+01,2.151875e+01,2.157414e+01,2.157414e+01,2.165025e+01,2.172631e+01,2.160182e+01,2.151182e+01,2.170557e+01,2.165025e+01,2.169866e+01,2.162258e+01,2.158798e+01,2.156029e+01,2.159490e+01,2.176777e+01,2.172631e+01,2.170557e+01,2.175395e+01,2.177468e+01,2.177468e+01,2.181612e+01,2.191965e+01,2.178159e+01,2.188516e+01,2.180231e+01,2.180231e+01,2.187825e+01,2.191276e+01,2.181612e+01,2.187135e+01,2.185755e+01,2.191276e+01,2.190586e+01,2.191965e+01,2.191965e+01,2.183684e+01,2.194035e+01,2.188516e+01,2.195414e+01,2.196793e+01,2.198172e+01,2.202308e+01,2.195414e+01,2.195414e+01,2.195414e+01,2.191965e+01,2.195414e+01,2.194035e+01,2.200241e+01,2.186445e+01,2.192655e+01,2.191276e+01,2.186445e+01,2.187825e+01,2.189896e+01,2.185065e+01,2.183684e+01,2.179540e+01,2.180231e+01,2.175395e+01,2.178850e+01,2.180922e+01,2.175395e+01,2.182993e+01,2.177468e+01,2.175395e+01,2.175395e+01,2.177468e+01,2.172631e+01,2.167792e+01,2.175395e+01,2.168483e+01,2.167792e+01,2.157414e+01,2.169866e+01,2.164334e+01,2.154645e+01,2.156721e+01,2.160182e+01,2.165717e+01,2.153260e+01,2.162950e+01,2.149796e+01,2.147025e+01,2.154645e+01,2.169866e+01,2.147025e+01,2.142867e+01,2.148411e+01,2.161566e+01,2.164334e+01,2.155337e+01,2.158106e+01,2.158106e+01,2.158798e+01,2.151875e+01,2.161566e+01,2.160182e+01,2.155337e+01,2.161566e+01,2.153260e+01,2.165717e+01,2.151182e+01,2.152567e+01,2.153260e+01,2.162258e+01,2.160874e+01,2.156029e+01,2.169175e+01,2.151182e+01,2.156029e+01,2.148411e+01,2.154645e+01,2.147718e+01,2.131770e+01,2.152567e+01,2.148411e+01,2.140094e+01,2.153260e+01,2.162258e+01
2.190586e+01,2.217459e+01,2.194725e+01,2.196793e+01,2.186445e+01,2.222962e+01,2.205065e+01,2.186445e+01,2.183684e+01,2.211952e+01,2.202308e+01,2.190586e+01,2.205754e+01,2.200930e+01,2.202997e+01,2.203687e+01,2.195414e+01,2.209886e+01,2.209886e+01,2.206442e+01,2.199551e+01,2.211952e+01,2.197483e+01,2.199551e+01,2.194725e+01,2.194725e+01,2.196793e+01,2.205754e+01,2.204376e+01,2.201619e+01,2.202308e+01,2.196793e+01,2.200241e+01,2.189206e+01,2.205065e+01,2.205065e+01,2.206442e+01,2.209198e+01,2.200930e+01,2.190586e+01,2.197483e+01,2.198862e+01,2.212641e+01,2.202997e+01,2.204376e+01,2.186445e+01,2.200241e+01,2.199551e+01,2.196793e+01,2.187135e+01,2.196793e+01,2.195414e+01,2.189896e+01,2.194725e+01,2.194725e+01,2.210575e+01,2.194725e+01,2.199551e+01,2.200241e+01,2.200241e+01,2.200930e+01,2.206442e+01,2.194725e+01,2.196793e+01,2.200930e+01,2.200241e+01,2.205065e+01,2.197483e+01,2.196104e+01,2.187135e+01,2.189896e+01,2.189896e+01,2.205065e+01,2.196793e+01,2.206442e+01,2.196793e+01,2.198172e+01,2.187825e+01,2.207820e+01,2.196104e+01,2.196793e+01,2.199551e+01,2.200241e+01,2.196104e+01,2.200930e+01,2.206442e+01,2.211263e+01,2.208509e+01,2.203687e+01,2.205065e+01,2.206442e+01,2.211263e+01,2.206442e+01,2.199551e+01,2.202308e+01,2.214017e+01,2.207131e+01,2.217459e+01,2.211952e+01,2.194035e+01,2.204376e+01,2.207131e+01,2.201619e+01,2.207131e+01,2.200241e+01,2.202308e+01,2.202308e+01,2.200241e+01,2.198862e+01,2.204376e+01,2.192655e+01,2.195414e+01,2.196793e+01,2.182993e+01,2.193345e+01,2.187135e+01,2.182303e+01,2.192655e+01,2.179540e+01,2.159490e+01,2.138707e+01,2.103277e+01,2.104669e+01,2.089350e+01,2.086562e+01,2.092137e+01,2.106061e+01,2.105365e+01,2.101885e+01,2.117186e+01,2.110234e+01,2.110234e+01,2.108843e+01,2.108148e+01,2.107452e+01,2.117881e+01,2.114406e+01,2.110929e+01,2.124828e+01,2.121355e+01,2.098405e+01,2.108148e+01,2.106756e+01,2.107452e+01,2.103277e+01,2.106756e+01,2.108148e+01,2.128299e+01,2.135933e+01,2.136626e+01,2.127605e+01,2.141480e+01,2.144253e+01,2.128993e+01,2.131770e+01,2.129688e+01,2.130382e+01,2.128299e+01,2.128299e+01,2.133158e+01,2.135933e+01,2.128993e+01,2.133851e+01,2.130382e+01,2.147718e+01,2.135239e+01,2.128993e+01,2.144253e+01,2.148411e+01,2.150489e+01,2.157414e+01,2.151182e+01,2.158106e+01,2.156029e+01,2.186445e+01,2.211952e+01,2.222962e+01,2.221587e+01,2.226401e+01,2.216771e+01,2.218835e+01,2.219523e+01,2.220899e+01,2.214706e+01,2.214706e+01,2.216082e+01,2.206442e+01,2.209886e+01,2.208509e+01,2.207820e+01,2.204376e+01,2.192655e+01,2.194725e+01,2.197483e+01,2.185755e+01,2.185065e+01,2.186445e+01,2.194035e+01,2.188516e+01,2.191276e+01,2.189206e+01,2.189206e+01,2.184374e+01,2.195414e+01,2.190586e+01,2.192655e+01,2.184374e+01,2.185065e+01,2.186445e+01,2.181612e+01,2.188516e+01,2.185065e+01,2.186445e+01,2.185755e+01,2.181612e+01,2.189206e+01,2.186445e+01,2.180231e+01,2.179540e+01,2.178850e+01,2.190586e+01,2.183684e+01,2.193345e+01,2.192655e+01,2.173322e+01,2.167792e+01,2.181612e+01,2.191276e+01,2.187825e+01,2.185065e+01,2.176086e+01,2.179540e+01,2.182303e+01,2.184374e+01,2.177468e+01,2.169175e+01,2.184374e+01,2.180231e+01,2.180231e+01,2.181612e+01,2.179540e+01,2.183684e+01,2.171248e+01,2.162950e+01,2.173322e+01,2.156721e+01,2.147718e+01,2.147025e+01,2.140787e+01,2.151875e+01,2.147718e+01,2.135933e+01,2.135239e+01,2.150489e+01,2.149796e+01,2.149104e+01,2.136626e+01,2.151875e+01,2.160874e+01,2.172631e+01,2.189896e+01,2.191965e+01,2.205754e+01,2.199551e+01,2.202308e+01,2.202308e+01,2.201619e+01,2.202997e+01,2.199551e+01,2.206442e+01,2.200241e+01,2.200930e+01,2.205754e+01,2.207131e+01,2.198862e+01,2.202997e+01,2.206442e+01,2.207820e+01,2.211263e+01,2.208509e+01,2.209198e+01,2.207820e+01,2.219523e+01,2.211952e+01,2.218147e+01,2.213329e+01,2.214706e+01,2.216082e+01,2.201619e+01,2.201619e+01,2.215394e+01,2.220211e+01,2.221587e+01,2.221587e+01,2.219523e+01,2.225713e+01,2.214017e+01,2.205065e+01,2.216771e+01,2.205754e+01,2.207820e+01,2.209198e+01,2.207820e+01,2.217459e+01,2.214706e+01,2.189206e+01,2.166409e+01,2.147718e+01,2.151182e+01,2.159490e+01,2.160874e+01,2.161566e+01,2.163642e+01,2.165025e+01,2.178159e+01,2.153952e+01,2.179540e+01,2.177468e+01,2.178850e+01,2.176777e+01,2.176086e+01,2.169175e+01,2.180231e+01,2.177468e+01,2.166409e+01,2.164334e+01,2.169866e+01,2.178850e+01,2.181612e+01,2.176777e+01,2.173322e+01,2.175395e+01,2.185755e+01,2.181612e+01,2.182303e+01,2.194035e+01,2.182993e+01,2.188516e+01,2.179540e+01,2.196104e+01,2.194725e+01,2.202997e+01,2.185755e+01,2.196793e+01,2.191276e+01,2.189896e+01,2.189206e+01,2.197483e+01,2.191276e+01,2.193345e+01,2.205754e+01,2.198862e+01,2.189896e+01,2.195414e+01,2.187135e+01,2.194035e+01,2.200241e+01,2.188516e+01,2.191965e+01,2.169866e+01,2.182303e+01,2.177468e+01,2.167792e+01,2.174013e+01,2.161566e+01,2.153260e+01,2.158798e+01,2.152567e+01,2.164334e+01,2.191276e+01,2.198862e+01,2.185065e+01,2.188516e+01,2.207820e+01,2.194035e+01,2.189206e+01,2.185065e+01,2.188516e+01,2.187825e+01,2.195414e+01,2.196104e+01,2.185065e+01,2.195414e+01,2.191276e+01,2.172631e+01,2.184374e+01,2.188516e+01,2.185755e+01,2.188516e+01,2.189206e+01,2.175395e+01,2.187825e+01,2.185065e+01,2.185065e+01,2.182993e+01,2.182993e+01,2.182993e+01,2.189206e+01,2.191965e+01,2.196793e+01,2.180922e+01,2.179540e+01,2.187135e+01,2.169866e+01,2.179540e+01,2.177468e+01,2.176086e+01,2.176086e+01,2.173322e+01,2.183684e+01,2.173322e+01,2.173322e+01,2.174704e+01,2.169175e+01,2.174704e+01,2.176777e+01,2.171248e+01,2.173322e+01,2.189206e+01,2.175395e+01,2.162258e+01,2.162258e+01,2.167100e+01,2.148411e+01,2.165025e+01,2.161566e+01,2.168483e+01,2.170557e+01,2.174013e+01,2.174013e+01,2.158106e+01,2.158798e+01,2.164334e+01,2.166409e+01,2.173322e+01,2.169866e+01,2.166409e+01,2.172631e+01,2.181612e+01,2.170557e+01,2.174013e+01,2.175395e+01,2.175395e+01,2.174704e+01,2.180231e+01,2.172631e+01,2.180922e+01,2.165717e+01,2.160182e+01,2.160182e+01,2.159490e+01,2.169866e+01,2.163642e+01,2.160182e+01,2.165717e+01,2.165717e+01,2.151182e+01,2.147025e+01,2.156721e+01,2.156029e+01,2.156721e+01,2.151182e+01,2.144946e+01,2.146332e+01,2.142174e+01,2.126217e+01,2.151875e+01,2.156029e+01,2.180231e+01,2.179540e+01,2.176086e+01,2.176777e+01,2.186445e+01,2.192655e+01,2.195414e+01,2.190586e+01,2.185755e+01,2.199551e+01,2.189896e+01,2.197483e+01,2.176086e+01,2.178850e+01,2.180922e+01,2.179540e+01,2.182303e+01,2.176777e+01,2.185065e+01,2.171248e+01,2.173322e+01,2.167792e+01,2.167792e+01,2.161566e+01,2.169175e+01,2.159490e+01,2.165717e+01,2.156029e+01,2.157414e+01,2.166409e+01,2.181612e+01,2.156029e+01,2.161566e+01,2.153260e+01,2.151182e+01,2.149796e+01,2.153952e+01,2.156029e+01,2.159490e+01,2.156029e+01,2.151182e+01,2.157414e+01,2.151182e+01,2.158106e+01,2.176086e+01,2.156029e+01,2.153952e+01,2.157414e+01,2.152567e+01,2.158106e+01,2.154645e+01,2.153260e+01,2.160874e+01,2.151182e+01,2.160182e+01,2.157414e+01,2.147025e+01,2.161566e+01,2.163642e+01,2.154645e+01,2.165025e+01,2.163642e+01,2.156721e+01,2.155337e+01,2.162950e+01,2.162950e+01,2.159490e+01,2.180922e+01,2.162258e+01,2.174013e+01,2.168483e+01,2.160874e+01,2.171940e+01,2.176777e+01,2.193345e+01,2.189896e+01,2.174704e+01,2.191276e+01,2.187825e+01,2.187135e+01,2.191965e+01,2.185065e+01,2.183684e+01,2.185755e+01,2.207131e+01,2.191276e+01,2.186445e+01,2.190586e+01,2.201619e+01,2.198172e+01,2.196104e+01,2.196104e+01,2.198172e+01,2.196104e+01,2.198172e+01,2.190586e+01,2.187825e+01,2.191276e+01,2.201619e+01,2.201619e+01,2.185755e+01,2.190586e+01,2.188516e+01,2.181612e+01,2.182993e+01,2.184374e+01,2.179540e+01,2.194725e+01,2.180231e+01,2.176777e+01,2.180922e+01,2.182993e+01,2.178850e+01,2.189206e+01,2.180922e+01,2.179540e+01,2.180231e+01,2.173322e+01,2.167792e+01,2.168483e+01,2.176086e+01,2.169866e+01,2.175395e+01,2.154645e+01,2.162258e+01,2.171248e+01,2.157414e+01,2.166409e+01,2.165025e+01,2.146332e+01,2.159490e+01,2.157414e+01,2.150489e+01,2.156029e+01,2.148411e+01,2.171248e+01,2.157414e+01,2.149104e+01,2.165717e+01,2.159490e+01,2.135239e+01,2.160874e+01,2.154645e+01,2.156721e+01,2.154645e+01,2.156721e+01,2.152567e+01,2.160182e+01,2.158798e+01,2.160182e+01,2.152567e+01,2.147718e+01,2.153260e+01,2.165025e+01,2.163642e+01,2.152567e+01,2.151875e+01,2.153952e+01,2.174704e+01,2.162258e+01,2.150489e+01,2.143560e+01,2.157414e+01,2.149796e+01,2.147718e+01,2.144946e+01,2.143560e+01,2.163642e+01,2.168483e+01,2.136626e+01,2.140787e+01,2.137320e+01
2.192655e+01,2.195414e+01,2.197483e+01,2.187135e+01,2.202308e+01,2.182993e+01,2.198862e+01,2.203687e+01,2.200241e+01,2.193345e+01,2.190586e+01,2.194035e+01,2.200241e+01,2.194725e+01,2.208509e+01,2.196104e+01,2.205065e+01,2.209198e+01,2.202308e+01,2.204376e+01,2.200930e+01,2.209886e+01,2.191276e+01,2.198172e+01,2.200930e+01,2.200241e+01,2.194035e+01,2.202997e+01,2.205065e+01,2.202308e+01,2.200930e+01,2.194035e+01,2.196104e+01,2.195414e+01,2.211263e+01,2.200930e+01,2.198862e+01,2.218835e+01,2.205754e+01,2.200241e+01,2.198172e+01,2.202308e+01,2.202308e+01,2.203687e+01,2.200241e+01,2.204376e+01,2.202997e+01,2.202997e+01,2.199551e+01,2.207820e+01,2.203687e+01,2.191965e+01,2.195414e+01,2.188516e+01,2.206442e+01,2.191276e+01,2.206442e+01,2.191276e+01,2.202997e+01,2.191276e+01,2.200241e+01,2.196793e+01,2.205065e+01,2.207131e+01,2.208509e+01,2.205754e+01,2.198862e+01,2.194725e+01,2.196104e+01,2.204376e+01,2.187135e+01,2.194725e+01,2.208509e+01,2.202997e+01,2.211952e+01,2.224338e+01,2.198172e+01,2.197483e+01,2.209886e+01,2.209886e+01,2.214017e+01,2.214017e+01,2.194035e+01,2.196104e+01,2.204376e+01,2.218835e+01,2.206442e+01,2.205065e+01,2.207820e+01,2.210575e+01,2.198172e+01,2.208509e+01,2.211952e+01,2.214706e+01,2.209886e+01,2.206442e+01,2.218147e+01,2.220211e+01,2.194725e+01,2.205065e+01,2.207131e+01,2.206442e+01,2.196793e+01,2.196793e+01,2.202308e+01,2.204376e+01,2.202308e+01,2.201619e+01,2.218147e+01,2.200241e+01,2.206442e+01,2.198862e+01,2.193345e+01,2.203687e+01,2.192655e+01,2.188516e+01,2.191276e+01,2.192655e+01,2.178159e+01,2.174704e+01,2.152567e+01,2.138013e+01,2.095619e+01,2.105365e+01,2.094923e+01,2.103277e+01,2.095619e+01,2.101885e+01,2.108148e+01,2.103973e+01,2.113711e+01,2.117881e+01,2.110929e+01,2.112320e+01,2.114406e+01,2.112320e+01,2.108148e+01,2.113015e+01,2.113711e+01,2.103277e+01,2.104669e+01,2.114406e+01,2.105365e+01,2.101885e+01,2.122050e+01,2.130382e+01,2.109539e+01,2.134545e+01,2.144946e+01,2.130382e+01,2.130382e+01,2.140094e+01,2.147025e+01,2.143560e+01,2.140094e+01,2.144253e+01,2.142867e+01,2.135933e+01,2.138707e+01,2.134545e+01,2.133158e+01,2.144946e+01,2.131076e+01,2.133158e+01,2.145639e+01,2.138707e+01,2.147718e+01,2.150489e+01,2.144946e+01,2.169866e+01,2.144946e+01,2.149104e+01,2.153952e+01,2.160874e+01,2.182303e+01,2.211952e+01,2.207820e+01,2.228463e+01,2.233274e+01,2.211952e+01,2.218835e+01,2.220211e+01,2.205754e+01,2.215394e+01,2.222962e+01,2.199551e+01,2.201619e+01,2.199551e+01,2.200241e+01,2.209198e+01,2.193345e+01,2.192655e+01,2.188516e+01,2.200930e+01,2.200930e+01,2.187135e+01,2.189896e+01,2.198862e+01,2.187135e+01,2.179540e+01,2.189206e+01,2.189896e+01,2.187825e+01,2.194035e+01,2.187135e+01,2.190586e+01,2.194725e+01,2.185065e+01,2.189206e+01,2.185755e+01,2.186445e+01,2.184374e+01,2.185065e+01,2.185065e+01,2.185755e+01,2.179540e+01,2.189206e+01,2.190586e+01,2.182993e+01,2.186445e+01,2.192655e+01,2.176086e+01,2.191965e+01,2.186445e+01,2.180231e+01,2.182303e+01,2.192655e+01,2.162258e+01,2.184374e+01,2.184374e+01,2.185065e+01,2.182303e+01,2.180922e+01,2.184374e+01,2.178159e+01,2.182303e+01,2.176777e+01,2.180922e+01,2.185065e+01,2.182303e+01,2.183684e+01,2.162950e+01,2.153952e+01,2.153952e+01,2.150489e+01,2.145639e+01,2.155337e+01,2.152567e+01,2.151875e+01,2.151182e+01,2.151875e+01,2.149796e+01,2.151182e+01,2.153260e+01,2.147718e+01,2.155337e+01,2.153260e+01,2.162950e+01,2.171248e+01,2.192655e+01,2.205754e+01,2.207820e+01,2.198862e+01,2.205754e+01,2.209886e+01,2.204376e+01,2.204376e+01,2.206442e+01,2.207820e+01,2.211952e+01,2.210575e+01,2.198862e+01,2.201619e+01,2.199551e+01,2.216082e+01,2.216771e+01,2.211952e+01,2.213329e+01,2.211952e+01,2.209198e+01,2.211263e+01,2.209886e+01,2.216771e+01,2.218835e+01,2.215394e+01,2.222962e+01,2.216082e+01,2.217459e+01,2.218147e+01,2.218147e+01,2.224338e+01,2.220899e+01,2.215394e+01,2.219523e+01,2.225026e+01,2.224338e+01,2.225026e+01,2.216082e+01,2.225713e+01,2.220211e+01,2.218147e+01,2.222962e+01,2.221587e+01,2.220899e+01,2.203687e+01,2.211263e+01,2.163642e+01,2.151182e+01,2.150489e+01,2.164334e+01,2.163642e+01,2.162258e+01,2.160874e+01,2.177468e+01,2.175395e+01,2.176777e+01,2.178850e+01,2.180922e+01,2.176777e+01,2.189206e+01,2.187135e+01,2.177468e+01,2.177468e+01,2.166409e+01,2.174013e+01,2.176777e+01,2.178850e+01,2.178159e+01,2.174704e+01,2.174013e+01,2.171248e+01,2.184374e+01,2.189896e+01,2.185755e+01,2.188516e+01,2.192655e+01,2.194725e+01,2.196104e+01,2.195414e+01,2.191965e+01,2.196104e+01,2.198172e+01,2.205754e+01,2.189896e+01,2.202308e+01,2.193345e+01,2.203687e+01,2.194035e+01,2.191276e+01,2.211952e+01,2.199551e+01,2.200241e+01,2.200241e+01,2.189206e+01,2.197483e+01,2.189896e+01,2.193345e+01,2.187825e+01,2.188516e+01,2.189896e+01,2.181612e+01,2.186445e+01,2.173322e+01,2.180231e+01,2.162950e+01,2.156721e+01,2.152567e+01,2.160874e+01,2.167100e+01,2.176777e+01,2.178159e+01,2.187825e+01,2.201619e+01,2.191965e+01,2.191276e+01,2.187135e+01,2.198172e+01,2.180922e+01,2.193345e+01,2.193345e+01,2.184374e+01,2.188516e+01,2.197483e+01,2.199551e+01,2.185755e+01,2.180231e+01,2.201619e+01,2.186445e+01,2.189896e+01,2.185065e+01,2.187135e+01,2.178159e+01,2.186445e+01,2.176086e+01,2.180231e+01,2.185065e+01,2.185755e+01,2.185065e+01,2.171248e+01,2.172631e+01,2.177468e+01,2.176086e+01,2.174013e+01,2.169175e+01,2.176777e+01,2.176086e+01,2.176086e+01,2.174704e+01,2.178159e+01,2.167792e+01,2.169175e+01,2.173322e+01,2.181612e+01,2.171248e+01,2.171940e+01,2.160182e+01,2.169866e+01,2.175395e+01,2.170557e+01,2.174013e+01,2.171248e+01,2.167100e+01,2.165025e+01,2.164334e+01,2.163642e+01,2.176086e+01,2.162258e+01,2.174704e+01,2.176777e+01,2.174013e+01,2.194035e+01,2.173322e+01,2.162950e+01,2.185755e+01,2.165025e+01,2.162950e+01,2.165025e+01,2.166409e+01,2.176777e+01,2.187135e+01,2.176777e+01,2.178159e+01,2.175395e+01,2.175395e+01,2.165025e+01,2.169866e+01,2.166409e+01,2.167792e+01,2.162258e+01,2.176777e+01,2.171940e+01,2.166409e+01,2.176086e+01,2.168483e+01,2.157414e+01,2.165025e+01,2.162950e+01,2.164334e+01,2.156029e+01,2.153952e+01,2.154645e+01,2.148411e+01,2.148411e+01,2.144946e+01,2.122050e+01,2.138013e+01,2.124828e+01,2.123439e+01,2.157414e+01,2.178850e+01,2.170557e+01,2.175395e+01,2.186445e+01,2.185065e+01,2.188516e+01,2.188516e+01,2.185065e+01,2.190586e+01,2.187135e+01,2.191276e+01,2.190586e+01,2.179540e+01,2.179540e+01,2.185755e+01,2.190586e+01,2.173322e+01,2.180922e+01,2.172631e+01,2.183684e+01,2.179540e+01,2.169175e+01,2.168483e+01,2.166409e+01,2.169175e+01,2.167100e+01,2.165717e+01,2.156029e+01,2.160182e+01,2.166409e+01,2.151182e+01,2.157414e+01,2.165025e+01,2.152567e+01,2.153952e+01,2.152567e+01,2.143560e+01,2.154645e+01,2.161566e+01,2.157414e+01,2.155337e+01,2.153260e+01,2.156721e+01,2.153952e+01,2.159490e+01,2.156029e+01,2.164334e+01,2.152567e+01,2.156721e+01,2.151875e+01,2.151875e+01,2.164334e+01,2.163642e+01,2.155337e+01,2.155337e+01,2.153952e+01,2.166409e+01,2.160874e+01,2.166409e+01,2.167100e+01,2.165025e+01,2.167100e+01,2.152567e+01,2.159490e+01,2.162258e+01,2.159490e+01,2.178159e+01,2.177468e+01,2.176086e+01,2.178850e+01,2.164334e+01,2.178159e+01,2.171940e+01,2.180922e+01,2.190586e+01,2.171940e+01,2.193345e+01,2.184374e+01,2.191276e+01,2.185065e+01,2.180922e+01,2.194035e+01,2.192655e+01,2.189206e+01,2.202308e+01,2.195414e+01,2.187825e+01,2.201619e+01,2.191276e+01,2.195414e+01,2.196104e+01,2.192655e+01,2.197483e+01,2.195414e+01,2.194035e+01,2.193345e+01,2.192655e+01,2.191276e+01,2.200930e+01,2.194725e+01,2.194725e+01,2.192655e+01,2.186445e+01,2.195414e+01,2.187825e+01,2.185065e+01,2.183684e+01,2.182993e+01,2.182303e+01,2.180922e+01,2.182993e+01,2.174013e+01,2.182303e+01,2.167792e+01,2.177468e+01,2.179540e+01,2.163642e+01,2.168483e+01,2.178159e+01,2.172631e+01,2.164334e+01,2.176086e+01,2.169175e+01,2.163642e+01,2.160874e+01,2.161566e+01,2.162950e+01,2.162950e+01,2.165025e+01,2.147718e+01,2.155337e+01,2.155337e+01,2.153952e+01,2.152567e+01,2.157414e+01,2.142174e+01,2.158798e+01,2.164334e+01,2.140094e+01,2.156029e+01,2.146332e+01,2.164334e+01,2.156721e+01,2.159490e+01,2.153952e+01,2.161566e+01,2.160182e+01,2.151182e+01,2.154645e+01,2.161566e+01,2.162950e+01,2.158798e+01,2.152567e+01,2.153260e+01,2.151182e+01,2.152567e+01,2.152567e+01,2.146332e+01,2.151182e+01,2.162258e+01,2.160182e+01,2.159490e+01,2.144946e+01,2.163642e+01,2.141480e+01,2.140094e+01,2.140094e+01,2.158106e+01,2.150489e+01,2.143560e+01,2.138013e+01
2.194725e+01,2.195414e+01,2.187825e+01,2.196104e+01,2.193345e+01,2.189206e+01,2.216771e+01,2.207131e+01,2.203687e+01,2.209198e+01,2.191276e+01,2.205065e+01,2.202308e+01,2.194035e+01,2.207820e+01,2.203687e+01,2.207820e+01,2.185755e+01,2.204376e+01,2.199551e+01,2.196793e+01,2.207131e+01,2.202308e+01,2.199551e+01,2.200930e+01,2.203687e+01,2.208509e+01,2.205754e+01,2.207131e+01,2.205754e+01,2.202308e+01,2.198172e+01,2.201619e+01,2.200241e+01,2.200930e+01,2.204376e+01,2.205754e+01,2.205065e+01,2.203687e+01,2.198172e+01,2.204376e+01,2.214706e+01,2.212641e+01,2.209198e+01,2.206442e+01,2.204376e+01,2.185755e+01,2.200930e+01,2.201619e+01,2.196104e+01,2.204376e+01,2.209886e+01,2.200241e+01,2.199551e+01,2.206442e+01,2.180922e+01,2.196793e+01,2.198862e+01,2.194725e+01,2.196104e+01,2.196793e+01,2.209886e+01,2.212641e+01,2.207820e+01,2.195414e+01,2.206442e+01,2.188516e+01,2.196104e+01,2.203687e+01,2.191276e+01,2.212641e+01,2.197483e+01,2.207131e+01,2.208509e+01,2.196104e+01,2.200241e+01,2.205754e+01,2.193345e+01,2.201619e+01,2.212641e+01,2.214017e+01,2.211952e+01,2.191965e+01,2.201619e+01,2.221587e+01,2.205065e+01,2.221587e+01,2.202997e+01,2.207131e+01,2.202308e+01,2.212641e+01,2.202308e+01,2.210575e+01,2.201619e+01,2.209198e+01,2.204376e+01,2.216082e+01,2.216082e+01,2.205065e+01,2.205754e+01,2.202997e+01,2.205754e+01,2.202997e+01,2.199551e+01,2.196104e+01,2.197483e+01,2.203687e+01,2.194035e+01,2.200241e+01,2.200241e+01,2.180922e+01,2.196793e+01,2.191965e+01,2.196793e+01,2.198862e+01,2.193345e+01,2.200241e+01,2.187825e+01,2.187825e+01,2.155337e+01,2.184374e+01,2.158106e+01,2.124133e+01,2.090743e+01,2.101189e+01,2.094226e+01,2.092137e+01,2.097709e+01,2.099797e+01,2.118576e+01,2.106756e+01,2.119271e+01,2.117881e+01,2.104669e+01,2.115101e+01,2.117186e+01,2.117881e+01,2.121355e+01,2.113711e+01,2.109539e+01,2.097709e+01,2.106756e+01,2.099797e+01,2.103973e+01,2.121355e+01,2.134545e+01,2.122050e+01,2.136626e+01,2.135933e+01,2.128299e+01,2.138013e+01,2.130382e+01,2.142867e+01,2.142867e+01,2.147718e+01,2.142867e+01,2.136626e+01,2.146332e+01,2.145639e+01,2.140094e+01,2.129688e+01,2.146332e+01,2.132464e+01,2.133158e+01,2.137320e+01,2.140787e+01,2.135239e+01,2.145639e+01,2.144253e+01,2.155337e+01,2.140094e+01,2.138013e+01,2.156029e+01,2.154645e+01,2.156029e+01,2.158106e+01,2.194035e+01,2.206442e+01,2.217459e+01,2.207820e+01,2.216771e+01,2.213329e+01,2.202997e+01,2.211263e+01,2.212641e+01,2.200241e+01,2.198862e+01,2.202308e+01,2.191965e+01,2.203687e+01,2.191965e+01,2.190586e+01,2.199551e+01,2.187825e+01,2.201619e+01,2.187135e+01,2.186445e+01,2.185755e+01,2.178850e+01,2.187825e+01,2.191965e+01,2.183684e+01,2.192655e+01,2.192655e+01,2.189896e+01,2.194035e+01,2.186445e+01,2.186445e+01,2.185065e+01,2.184374e+01,2.182993e+01,2.187135e+01,2.184374e+01,2.183684e+01,2.179540e+01,2.184374e+01,2.182993e+01,2.191276e+01,2.184374e+01,2.186445e+01,2.179540e+01,2.185065e+01,2.184374e+01,2.196793e+01,2.180231e+01,2.177468e+01,2.207820e+01,2.182303e+01,2.180231e+01,2.188516e+01,2.182303e+01,2.185755e+01,2.171940e+01,2.186445e+01,2.181612e+01,2.181612e+01,2.176777e+01,2.178159e+01,2.181612e+01,2.176777e+01,2.174013e+01,2.152567e+01,2.156029e+01,2.157414e+01,2.154645e+01,2.161566e+01,2.165717e+01,2.162258e+01,2.162258e+01,2.148411e+01,2.167792e+01,2.148411e+01,2.162950e+01,2.149104e+01,2.151875e+01,2.152567e+01,2.161566e+01,2.153260e+01,2.163642e+01,2.198172e+01,2.205065e+01,2.207820e+01,2.209886e+01,2.205065e+01,2.201619e+01,2.213329e+01,2.204376e+01,2.202308e+01,2.212641e+01,2.212641e+01,2.209198e+01,2.210575e+01,2.205754e+01,2.201619e+01,2.215394e+01,2.215394e+01,2.210575e+01,2.211952e+01,2.207820e+01,2.211952e+01,2.205754e+01,2.207131e+01,2.227776e+01,2.211263e+01,2.218835e+01,2.214017e+01,2.214706e+01,2.225713e+01,2.222275e+01,2.218147e+01,2.218835e+01,2.222962e+01,2.218835e+01,2.220211e+01,2.222275e+01,2.225026e+01,2.216082e+01,2.218835e+01,2.227776e+01,2.223650e+01,2.219523e+01,2.219523e+01,2.229151e+01,2.219523e+01,2.214706e+01,2.207131e+01,2.167792e+01,2.171248e+01,2.152567e+01,2.160182e+01,2.161566e+01,2.162258e+01,2.178850e+01,2.168483e+01,2.172631e+01,2.178159e+01,2.189206e+01,2.186445e+01,2.182303e+01,2.178159e+01,2.183684e+01,2.189206e+01,2.182993e+01,2.171248e+01,2.174704e+01,2.169175e+01,2.176777e+01,2.171248e+01,2.176086e+01,2.173322e+01,2.176086e+01,2.184374e+01,2.182303e+01,2.191965e+01,2.176086e+01,2.191965e+01,2.187825e+01,2.196793e+01,2.193345e+01,2.186445e+01,2.182993e+01,2.189206e+01,2.202308e+01,2.200241e+01,2.201619e+01,2.203687e+01,2.211263e+01,2.208509e+01,2.199551e+01,2.187135e+01,2.197483e+01,2.201619e+01,2.195414e+01,2.207820e+01,2.206442e+01,2.194725e+01,2.198172e+01,2.194725e+01,2.188516e+01,2.186445e+01,2.174704e+01,2.169175e+01,2.178850e+01,2.174704e+01,2.156029e+01,2.162258e+01,2.156029e+01,2.154645e+01,2.154645e+01,2.176086e+01,2.191965e+01,2.191965e+01,2.196793e+01,2.182303e+01,2.184374e+01,2.188516e+01,2.187135e+01,2.189206e+01,2.200241e+01,2.191965e+01,2.190586e+01,2.189896e+01,2.200930e+01,2.189896e+01,2.195414e+01,2.180922e+01,2.186445e+01,2.181612e+01,2.186445e+01,2.178850e+01,2.176086e+01,2.179540e+01,2.176086e+01,2.176777e+01,2.182303e+01,2.184374e+01,2.180231e+01,2.184374e+01,2.171940e+01,2.180922e+01,2.175395e+01,2.182993e+01,2.175395e+01,2.169866e+01,2.176086e+01,2.183684e+01,2.173322e+01,2.178850e+01,2.189896e+01,2.175395e+01,2.171940e+01,2.176086e+01,2.176777e+01,2.171248e+01,2.169866e+01,2.187825e+01,2.171248e+01,2.189206e+01,2.168483e+01,2.169175e+01,2.176777e+01,2.169175e+01,2.171940e+01,2.170557e+01,2.166409e+01,2.163642e+01,2.161566e+01,2.175395e+01,2.181612e+01,2.174704e+01,2.171940e+01,2.161566e+01,2.176086e+01,2.169866e+01,2.168483e+01,2.169175e+01,2.178850e+01,2.162950e+01,2.169175e+01,2.178159e+01,2.179540e+01,2.182993e+01,2.178850e+01,2.176086e+01,2.176086e+01,2.176086e+01,2.163642e+01,2.165025e+01,2.174013e+01,2.167100e+01,2.168483e+01,2.169175e+01,2.162258e+01,2.151875e+01,2.167100e+01,2.176777e+01,2.159490e+01,2.163642e+01,2.165025e+01,2.153952e+01,2.156029e+01,2.149796e+01,2.154645e+01,2.151875e+01,2.142867e+01,2.146332e+01,2.128993e+01,2.129688e+01,2.150489e+01,2.160874e+01,2.174704e+01,2.166409e+01,2.173322e+01,2.183684e+01,2.187825e+01,2.188516e+01,2.181612e+01,2.185065e+01,2.187825e+01,2.179540e+01,2.177468e+01,2.190586e+01,2.191276e+01,2.176777e+01,2.191276e+01,2.187135e+01,2.182993e+01,2.175395e+01,2.162950e+01,2.169175e+01,2.165025e+01,2.166409e+01,2.169175e+01,2.166409e+01,2.166409e+01,2.158798e+01,2.159490e+01,2.160182e+01,2.157414e+01,2.147718e+01,2.151182e+01,2.154645e+01,2.153260e+01,2.151875e+01,2.135933e+01,2.152567e+01,2.153260e+01,2.154645e+01,2.155337e+01,2.159490e+01,2.158106e+01,2.154645e+01,2.157414e+01,2.165717e+01,2.156721e+01,2.157414e+01,2.159490e+01,2.160182e+01,2.167792e+01,2.169866e+01,2.163642e+01,2.160874e+01,2.162258e+01,2.166409e+01,2.156029e+01,2.171940e+01,2.169866e+01,2.159490e+01,2.166409e+01,2.165025e+01,2.165717e+01,2.168483e+01,2.162258e+01,2.160182e+01,2.158106e+01,2.177468e+01,2.166409e+01,2.174013e+01,2.169866e+01,2.170557e+01,2.171940e+01,2.167792e+01,2.188516e+01,2.191965e+01,2.169866e+01,2.181612e+01,2.185065e+01,2.193345e+01,2.180922e+01,2.183684e+01,2.185755e+01,2.189896e+01,2.191965e+01,2.194035e+01,2.202308e+01,2.201619e+01,2.198172e+01,2.185755e+01,2.196793e+01,2.207131e+01,2.195414e+01,2.197483e+01,2.198862e+01,2.198862e+01,2.194725e+01,2.189206e+01,2.182993e+01,2.186445e+01,2.189206e+01,2.196104e+01,2.185755e+01,2.194035e+01,2.191276e+01,2.187135e+01,2.192655e+01,2.174704e+01,2.181612e+01,2.179540e+01,2.182303e+01,2.182993e+01,2.182993e+01,2.169175e+01,2.176086e+01,2.178159e+01,2.178850e+01,2.178159e+01,2.177468e+01,2.161566e+01,2.173322e+01,2.160874e+01,2.160874e+01,2.157414e+01,2.172631e+01,2.163642e+01,2.171940e+01,2.166409e+01,2.170557e+01,2.165717e+01,2.158106e+01,2.154645e+01,2.153952e+01,2.151182e+01,2.160874e+01,2.161566e+01,2.154645e+01,2.170557e+01,2.153260e+01,2.146332e+01,2.153952e+01,2.159490e+01,2.138013e+01,2.156029e+01,2.156721e+01,2.155337e+01,2.160182e+01,2.163642e+01,2.156029e+01,2.148411e+01,2.152567e+01,2.153952e+01,2.146332e+01,2.151182e+01,2.160182e+01,2.151182e+01,2.152567e+01,2.156721e+01,2.163642e+01,2.166409e+01,2.165717e+01,2.156029e+01,2.148411e+01,2.147025e+01,2.154645e+01,2.153260e+01,2.147718e+01,2.151182e+01,2.148411e+01,2.148411e+01,2.146332e+01,2.138707e+01
2.197483e+01,2.196104e+01,2.193345e+01,2.216771e+01,2.185755e+01,2.199551e+01,2.219523e+01,2.206442e+01,2.188516e+01,2.193345e+01,2.211263e+01,2.200930e+01,2.208509e+01,2.213329e+01,2.190586e+01,2.208509e+01,2.209886e+01,2.206442e+01,2.210575e+01,2.205065e+01,2.194035e+01,2.194035e+01,2.209886e+01,2.200930e+01,2.206442e+01,2.194035e+01,2.202997e+01,2.208509e+01,2.202308e+01,2.207131e+01,2.191276e+01,2.203687e+01,2.207820e+01,2.196793e+01,2.200930e+01,2.204376e+01,2.202997e+01,2.209198e+01,2.204376e+01,2.210575e+01,2.215394e+01,2.212641e+01,2.214017e+01,2.211952e+01,2.187135e+01,2.185755e+01,2.203687e+01,2.205754e+01,2.182303e+01,2.202997e+01,2.197483e+01,2.197483e+01,2.200930e+01,2.205754e+01,2.200930e+01,2.209198e+01,2.202997e+01,2.208509e+01,2.202997e+01,2.191965e+01,2.201619e+01,2.195414e+01,2.198862e+01,2.211952e+01,2.207820e+01,2.204376e+01,2.199551e+01,2.201619e+01,2.200241e+01,2.201619e+01,2.211952e+01,2.211263e+01,2.192655e+01,2.211952e+01,2.202997e+01,2.191276e+01,2.209198e+01,2.194725e+01,2.202308e+01,2.204376e+01,2.206442e+01,2.200930e+01,2.210575e+01,2.204376e+01,2.200241e+01,2.207820e+01,2.199551e+01,2.214706e+01,2.208509e+01,2.204376e+01,2.201619e+01,2.207131e+01,2.205065e+01,2.209886e+01,2.200930e+01,2.202308e+01,2.222275e+01,2.211263e+01,2.203687e+01,2.196104e+01,2.206442e+01,2.209198e+01,2.194725e+01,2.200930e+01,2.196793e+01,2.199551e+01,2.202308e+01,2.207131e+01,2.192655e+01,2.193345e+01,2.198172e+01,2.199551e+01,2.198862e+01,2.198172e+01,2.189206e+01,2.202997e+01,2.191965e+01,2.191276e+01,2.190586e+01,2.190586e+01,2.187135e+01,2.162950e+01,2.152567e+01,2.094226e+01,2.092137e+01,2.098405e+01,2.094923e+01,2.099101e+01,2.096316e+01,2.107452e+01,2.120660e+01,2.112320e+01,2.112320e+01,2.106061e+01,2.113711e+01,2.117186e+01,2.113015e+01,2.115796e+01,2.113015e+01,2.110929e+01,2.103277e+01,2.102581e+01,2.097709e+01,2.120660e+01,2.128299e+01,2.122050e+01,2.134545e+01,2.131770e+01,2.137320e+01,2.149796e+01,2.146332e+01,2.135239e+01,2.128993e+01,2.116491e+01,2.143560e+01,2.149104e+01,2.139400e+01,2.149104e+01,2.151875e+01,2.134545e+01,2.133158e+01,2.143560e+01,2.146332e+01,2.142174e+01,2.133851e+01,2.136626e+01,2.132464e+01,2.132464e+01,2.138013e+01,2.150489e+01,2.138707e+01,2.140094e+01,2.142867e+01,2.137320e+01,2.156721e+01,2.158106e+01,2.174704e+01,2.193345e+01,2.201619e+01,2.218835e+01,2.218147e+01,2.207131e+01,2.207131e+01,2.210575e+01,2.203687e+01,2.205065e+01,2.207131e+01,2.200930e+01,2.191965e+01,2.192655e+01,2.203687e+01,2.187825e+01,2.189206e+01,2.189206e+01,2.188516e+01,2.187135e+01,2.182993e+01,2.181612e+01,2.191965e+01,2.183684e+01,2.178159e+01,2.185755e+01,2.186445e+01,2.189896e+01,2.191965e+01,2.191965e+01,2.192655e+01,2.185065e+01,2.182303e+01,2.182303e+01,2.182993e+01,2.180922e+01,2.179540e+01,2.184374e+01,2.179540e+01,2.181612e+01,2.179540e+01,2.183684e+01,2.182303e+01,2.183684e+01,2.182303e+01,2.194035e+01,2.189206e+01,2.177468e+01,2.182303e+01,2.180231e+01,2.183684e+01,2.181612e+01,2.190586e+01,2.183684e+01,2.181612e+01,2.184374e+01,2.185065e+01,2.169175e+01,2.175395e+01,2.185755e+01,2.172631e+01,2.166409e+01,2.161566e+01,2.150489e+01,2.158106e+01,2.154645e+01,2.157414e+01,2.160182e+01,2.140094e+01,2.151182e+01,2.151182e+01,2.171940e+01,2.153260e+01,2.145639e+01,2.145639e+01,2.153260e+01,2.151875e+01,2.158798e+01,2.162950e+01,2.151875e+01,2.144946e+01,2.164334e+01,2.183684e+01,2.206442e+01,2.208509e+01,2.204376e+01,2.206442e+01,2.206442e+01,2.216082e+01,2.205065e+01,2.209886e+01,2.207820e+01,2.207820e+01,2.197483e+01,2.209198e+01,2.210575e+01,2.211952e+01,2.196793e+01,2.205065e+01,2.214706e+01,2.205065e+01,2.215394e+01,2.214017e+01,2.214017e+01,2.214706e+01,2.223650e+01,2.212641e+01,2.214706e+01,2.216082e+01,2.225713e+01,2.215394e+01,2.214017e+01,2.225713e+01,2.227776e+01,2.218835e+01,2.221587e+01,2.220899e+01,2.220211e+01,2.224338e+01,2.228463e+01,2.227088e+01,2.209198e+01,2.217459e+01,2.225713e+01,2.219523e+01,2.228463e+01,2.222275e+01,2.222275e+01,2.218147e+01,2.225026e+01,2.189896e+01,2.161566e+01,2.171940e+01,2.151875e+01,2.168483e+01,2.158106e+01,2.160874e+01,2.169175e+01,2.178159e+01,2.191965e+01,2.167792e+01,2.184374e+01,2.182993e+01,2.181612e+01,2.170557e+01,2.180231e+01,2.180231e+01,2.182303e+01,2.177468e+01,2.185065e+01,2.165717e+01,2.170557e+01,2.169175e+01,2.178850e+01,2.174704e+01,2.170557e+01,2.179540e+01,2.194725e+01,2.176086e+01,2.182993e+01,2.187825e+01,2.192655e+01,2.198862e+01,2.191965e+01,2.197483e+01,2.200930e+01,2.210575e+01,2.210575e+01,2.200241e+01,2.192655e+01,2.204376e+01,2.191276e+01,2.199551e+01,2.195414e+01,2.197483e+01,2.191276e+01,2.199551e+01,2.203687e+01,2.189896e+01,2.198172e+01,2.196793e+01,2.192655e+01,2.187825e+01,2.182993e+01,2.186445e+01,2.171940e+01,2.171940e+01,2.174704e+01,2.156029e+01,2.158798e+01,2.155337e+01,2.160874e+01,2.155337e+01,2.171248e+01,2.176086e+01,2.184374e+01,2.188516e+01,2.191965e+01,2.187825e+01,2.197483e+01,2.203687e+01,2.189206e+01,2.193345e+01,2.191965e+01,2.189896e+01,2.194035e+01,2.196104e+01,2.184374e+01,2.192655e+01,2.181612e+01,2.178850e+01,2.188516e+01,2.182303e+01,2.182993e+01,2.185065e+01,2.182303e+01,2.177468e+01,2.179540e+01,2.185755e+01,2.178159e+01,2.182993e+01,2.178850e+01,2.169866e+01,2.172631e+01,2.182993e+01,2.178159e+01,2.165025e+01,2.172631e+01,2.179540e+01,2.180231e+01,2.176777e+01,2.175395e+01,2.171940e+01,2.171248e+01,2.165717e+01,2.162950e+01,2.170557e+01,2.169866e+01,2.175395e+01,2.167100e+01,2.170557e+01,2.182303e+01,2.169175e+01,2.169866e+01,2.176777e+01,2.167100e+01,2.173322e+01,2.169175e+01,2.169175e+01,2.167100e+01,2.176086e+01,2.172631e+01,2.171940e+01,2.176086e+01,2.175395e+01,2.191965e+01,2.165717e+01,2.165717e+01,2.188516e+01,2.168483e+01,2.179540e+01,2.167100e+01,2.186445e+01,2.185755e+01,2.175395e+01,2.179540e+01,2.175395e+01,2.170557e+01,2.170557e+01,2.180231e+01,2.178850e+01,2.180231e+01,2.171248e+01,2.178850e+01,2.171940e+01,2.178850e+01,2.169175e+01,2.153952e+01,2.169175e+01,2.168483e+01,2.152567e+01,2.167100e+01,2.169866e+01,2.158798e+01,2.147025e+01,2.160874e+01,2.146332e+01,2.148411e+01,2.140787e+01,2.135239e+01,2.122050e+01,2.123439e+01,2.128299e+01,2.133158e+01,2.158106e+01,2.165025e+01,2.177468e+01,2.180231e+01,2.182993e+01,2.175395e+01,2.186445e+01,2.178159e+01,2.179540e+01,2.187825e+01,2.176777e+01,2.191965e+01,2.182303e+01,2.173322e+01,2.176086e+01,2.170557e+01,2.185065e+01,2.182993e+01,2.171940e+01,2.165717e+01,2.161566e+01,2.170557e+01,2.169175e+01,2.161566e+01,2.160874e+01,2.162950e+01,2.163642e+01,2.153260e+01,2.160874e+01,2.164334e+01,2.162258e+01,2.154645e+01,2.151875e+01,2.156029e+01,2.160874e+01,2.153260e+01,2.160874e+01,2.156029e+01,2.154645e+01,2.136626e+01,2.156721e+01,2.146332e+01,2.154645e+01,2.174013e+01,2.156029e+01,2.160182e+01,2.159490e+01,2.158798e+01,2.160874e+01,2.162258e+01,2.161566e+01,2.160182e+01,2.160874e+01,2.167792e+01,2.156721e+01,2.166409e+01,2.168483e+01,2.168483e+01,2.163642e+01,2.137320e+01,2.169866e+01,2.141480e+01,2.173322e+01,2.160874e+01,2.164334e+01,2.162950e+01,2.159490e+01,2.190586e+01,2.165717e+01,2.172631e+01,2.174013e+01,2.160874e+01,2.177468e+01,2.162258e+01,2.187135e+01,2.185755e+01,2.185755e+01,2.187135e+01,2.180922e+01,2.180922e+01,2.196104e+01,2.195414e+01,2.191965e+01,2.189206e+01,2.195414e+01,2.195414e+01,2.196793e+01,2.200930e+01,2.196793e+01,2.195414e+01,2.193345e+01,2.184374e+01,2.201619e+01,2.191276e+01,2.193345e+01,2.185755e+01,2.193345e+01,2.201619e+01,2.189206e+01,2.194725e+01,2.189206e+01,2.185755e+01,2.184374e+01,2.185065e+01,2.185065e+01,2.182303e+01,2.198862e+01,2.179540e+01,2.185065e+01,2.178850e+01,2.179540e+01,2.172631e+01,2.183684e+01,2.170557e+01,2.168483e+01,2.176777e+01,2.172631e+01,2.178850e+01,2.173322e+01,2.160182e+01,2.161566e+01,2.161566e+01,2.172631e+01,2.169175e+01,2.176777e+01,2.171248e+01,2.170557e+01,2.158798e+01,2.159490e+01,2.162950e+01,2.167792e+01,2.163642e+01,2.168483e+01,2.153952e+01,2.156029e+01,2.151182e+01,2.152567e+01,2.145639e+01,2.151182e+01,2.166409e+01,2.156029e+01,2.156721e+01,2.151875e+01,2.160874e+01,2.143560e+01,2.160874e+01,2.160182e+01,2.155337e+01,2.149104e+01,2.155337e+01,2.158798e+01,2.138707e+01,2.162950e+01,2.156721e+01,2.150489e+01,2.153952e+01,2.151875e+01,2.152567e+01,2.144946e+01,2.167100e+01,2.181612e+01,2.148411e+01,2.155337e+01,2.153952e+01,2.156721e+01,2.153952e+01,2.147025e+01,2.148411e+01,2.149796e+01,2.151182e+01
2.198862e+01,2.198172e+01,2.197483e+01,2.202997e+01,2.194725e+01,2.198862e+01,2.187825e+01,2.201619e+01,2.229838e+01,2.205065e+01,2.207131e+01,2.200930e+01,2.196104e+01,2.206442e+01,2.207131e+01,2.199551e+01,2.207131e+01,2.229151e+01,2.204376e+01,2.211952e+01,2.204376e+01,2.207131e+01,2.214706e+01,2.207131e+01,2.209198e+01,2.200930e+01,2.210575e+01,2.212641e+01,2.202997e+01,2.209198e+01,2.205754e+01,2.198172e+01,2.214017e+01,2.217459e+01,2.199551e+01,2.207820e+01,2.221587e+01,2.194725e+01,2.205065e+01,2.208509e+01,2.212641e+01,2.220211e+01,2.207820e+01,2.206442e+01,2.212641e+01,2.214017e+01,2.205754e+01,2.206442e+01,2.205065e+01,2.206442e+01,2.201619e+01,2.192655e+01,2.213329e+01,2.205065e+01,2.199551e+01,2.209886e+01,2.208509e+01,2.220899e+01,2.210575e+01,2.208509e+01,2.200241e+01,2.207131e+01,2.211952e+01,2.216082e+01,2.211952e+01,2.213329e+01,2.198172e+01,2.215394e+01,2.213329e+01,2.194725e+01,2.206442e+01,2.211263e+01,2.210575e+01,2.198862e+01,2.198172e+01,2.196104e+01,2.202308e+01,2.205754e+01,2.202997e+01,2.192655e+01,2.198172e+01,2.209886e+01,2.207820e+01,2.204376e+01,2.192655e+01,2.207131e+01,2.209886e+01,2.214017e+01,2.205065e+01,2.208509e+01,2.200930e+01,2.196104e+01,2.207820e+01,2.203687e+01,2.216082e+01,2.222275e+01,2.202308e+01,2.206442e+01,2.219523e+01,2.200241e+01,2.194725e+01,2.193345e+01,2.198862e+01,2.202997e+01,2.200241e+01,2.207820e+01,2.213329e+01,2.199551e+01,2.209198e+01,2.217459e+01,2.196793e+01,2.197483e+01,2.199551e+01,2.206442e+01,2.194725e+01,2.210575e+01,2.200241e+01,2.196793e+01,2.196104e+01,2.195414e+01,2.186445e+01,2.174704e+01,2.180922e+01,2.144253e+01,2.099101e+01,2.095619e+01,2.108148e+01,2.101189e+01,2.110234e+01,2.106756e+01,2.106756e+01,2.112320e+01,2.109539e+01,2.108148e+01,2.117881e+01,2.114406e+01,2.119271e+01,2.113711e+01,2.112320e+01,2.106061e+01,2.106756e+01,2.099101e+01,2.094226e+01,2.113711e+01,2.122744e+01,2.130382e+01,2.121355e+01,2.128299e+01,2.136626e+01,2.131770e+01,2.128299e+01,2.147718e+01,2.125522e+01,2.149796e+01,2.138707e+01,2.147025e+01,2.142174e+01,2.142867e+01,2.148411e+01,2.146332e+01,2.140787e+01,2.132464e+01,2.149796e+01,2.144253e+01,2.131076e+01,2.131770e+01,2.144946e+01,2.151182e+01,2.147718e+01,2.158106e+01,2.136626e+01,2.143560e+01,2.144253e+01,2.140787e+01,2.142867e+01,2.138707e+01,2.126911e+01,2.177468e+01,2.187825e+01,2.208509e+01,2.207131e+01,2.218147e+01,2.207820e+01,2.207131e+01,2.204376e+01,2.200241e+01,2.208509e+01,2.211952e+01,2.198172e+01,2.195414e+01,2.198172e+01,2.187135e+01,2.192655e+01,2.186445e+01,2.191276e+01,2.187825e+01,2.189206e+01,2.189206e+01,2.178159e+01,2.180231e+01,2.174704e+01,2.189896e+01,2.190586e+01,2.187135e+01,2.191965e+01,2.190586e+01,2.173322e+01,2.180231e+01,2.189206e+01,2.182303e+01,2.193345e+01,2.180922e+01,2.182993e+01,2.183684e+01,2.186445e+01,2.185065e+01,2.169175e+01,2.191276e+01,2.192655e+01,2.189896e+01,2.185755e+01,2.187135e+01,2.180231e+01,2.191965e+01,2.181612e+01,2.180922e+01,2.189896e+01,2.191276e+01,2.184374e+01,2.187825e+01,2.177468e+01,2.187825e+01,2.187135e+01,2.177468e+01,2.196793e+01,2.183684e+01,2.154645e+01,2.149104e+01,2.164334e+01,2.148411e+01,2.156029e+01,2.157414e+01,2.153952e+01,2.146332e+01,2.154645e+01,2.154645e+01,2.173322e+01,2.164334e+01,2.151875e+01,2.156029e+01,2.155337e+01,2.149796e+01,2.148411e+01,2.153260e+01,2.162258e+01,2.164334e+01,2.162950e+01,2.162950e+01,2.192655e+01,2.207820e+01,2.199551e+01,2.205754e+01,2.207820e+01,2.209198e+01,2.207820e+01,2.209198e+01,2.214706e+01,2.211952e+01,2.211952e+01,2.206442e+01,2.213329e+01,2.211952e+01,2.200930e+01,2.222275e+01,2.219523e+01,2.221587e+01,2.203687e+01,2.215394e+01,2.210575e+01,2.213329e+01,2.211952e+01,2.209886e+01,2.214706e+01,2.217459e+01,2.222275e+01,2.225713e+01,2.220211e+01,2.220211e+01,2.216082e+01,2.221587e+01,2.220211e+01,2.218835e+01,2.219523e+01,2.222275e+01,2.214017e+01,2.225713e+01,2.227776e+01,2.222275e+01,2.215394e+01,2.213329e+01,2.222962e+01,2.227776e+01,2.231900e+01,2.229151e+01,2.214017e+01,2.215394e+01,2.196793e+01,2.171248e+01,2.157414e+01,2.159490e+01,2.151875e+01,2.171940e+01,2.181612e+01,2.173322e+01,2.181612e+01,2.183684e+01,2.180922e+01,2.196104e+01,2.178850e+01,2.183684e+01,2.183684e+01,2.189896e+01,2.180922e+01,2.176086e+01,2.176086e+01,2.169175e+01,2.175395e+01,2.174704e+01,2.175395e+01,2.176086e+01,2.176086e+01,2.178159e+01,2.180231e+01,2.176086e+01,2.187825e+01,2.187825e+01,2.189206e+01,2.191276e+01,2.202997e+01,2.192655e+01,2.204376e+01,2.202997e+01,2.211952e+01,2.199551e+01,2.192655e+01,2.194035e+01,2.208509e+01,2.202997e+01,2.209198e+01,2.200241e+01,2.199551e+01,2.201619e+01,2.188516e+01,2.207820e+01,2.200241e+01,2.189206e+01,2.189206e+01,2.198172e+01,2.196104e+01,2.191276e+01,2.181612e+01,2.168483e+01,2.168483e+01,2.165717e+01,2.183684e+01,2.158798e+01,2.154645e+01,2.163642e+01,2.153952e+01,2.170557e+01,2.179540e+01,2.176086e+01,2.192655e+01,2.191965e+01,2.179540e+01,2.189896e+01,2.187825e+01,2.202308e+01,2.203687e+01,2.197483e+01,2.198172e+01,2.193345e+01,2.194725e+01,2.191276e+01,2.184374e+01,2.191965e+01,2.183684e+01,2.191276e+01,2.171940e+01,2.186445e+01,2.180231e+01,2.185065e+01,2.176086e+01,2.187135e+01,2.174013e+01,2.181612e+01,2.183684e+01,2.175395e+01,2.167792e+01,2.172631e+01,2.166409e+01,2.182993e+01,2.185755e+01,2.171248e+01,2.180231e+01,2.169866e+01,2.180231e+01,2.182303e+01,2.169175e+01,2.153260e+01,2.173322e+01,2.167792e+01,2.164334e+01,2.163642e+01,2.177468e+01,2.177468e+01,2.157414e+01,2.167792e+01,2.171248e+01,2.177468e+01,2.180231e+01,2.176086e+01,2.177468e+01,2.170557e+01,2.171940e+01,2.168483e+01,2.169866e+01,2.169866e+01,2.179540e+01,2.177468e+01,2.190586e+01,2.169866e+01,2.190586e+01,2.181612e+01,2.183684e+01,2.185755e+01,2.185065e+01,2.176086e+01,2.186445e+01,2.176777e+01,2.171940e+01,2.178159e+01,2.176777e+01,2.169866e+01,2.179540e+01,2.186445e+01,2.180231e+01,2.174013e+01,2.168483e+01,2.180922e+01,2.169866e+01,2.178850e+01,2.180231e+01,2.156029e+01,2.180922e+01,2.169175e+01,2.165025e+01,2.167792e+01,2.162950e+01,2.156721e+01,2.165717e+01,2.165025e+01,2.155337e+01,2.149796e+01,2.138707e+01,2.137320e+01,2.133851e+01,2.125522e+01,2.124828e+01,2.115796e+01,2.130382e+01,2.157414e+01,2.175395e+01,2.182993e+01,2.191965e+01,2.185755e+01,2.187825e+01,2.171940e+01,2.176777e+01,2.181612e+01,2.185755e+01,2.183684e+01,2.180231e+01,2.178850e+01,2.167100e+01,2.169175e+01,2.169866e+01,2.163642e+01,2.168483e+01,2.180231e+01,2.165717e+01,2.169175e+01,2.164334e+01,2.160182e+01,2.160182e+01,2.149796e+01,2.161566e+01,2.167792e+01,2.159490e+01,2.165025e+01,2.164334e+01,2.153952e+01,2.160182e+01,2.165717e+01,2.153260e+01,2.160874e+01,2.160874e+01,2.158798e+01,2.159490e+01,2.153260e+01,2.157414e+01,2.163642e+01,2.153260e+01,2.162258e+01,2.160182e+01,2.164334e+01,2.157414e+01,2.157414e+01,2.158106e+01,2.160182e+01,2.158798e+01,2.158798e+01,2.162950e+01,2.158106e+01,2.160182e+01,2.167792e+01,2.162950e+01,2.168483e+01,2.161566e+01,2.167100e+01,2.171248e+01,2.175395e+01,2.162950e+01,2.171940e+01,2.167792e+01,2.168483e+01,2.175395e+01,2.184374e+01,2.170557e+01,2.169866e+01,2.169866e+01,2.183684e+01,2.182303e+01,2.175395e+01,2.174704e+01,2.179540e+01,2.185755e+01,2.191965e+01,2.198172e+01,2.182303e+01,2.200241e+01,2.194725e+01,2.194035e+01,2.187825e+01,2.198172e+01,2.182303e+01,2.182993e+01,2.196793e+01,2.191276e+01,2.200930e+01,2.191276e+01,2.201619e+01,2.182993e+01,2.187825e+01,2.180231e+01,2.197483e+01,2.188516e+01,2.179540e+01,2.192655e+01,2.190586e+01,2.187135e+01,2.194035e+01,2.191276e+01,2.187825e+01,2.187135e+01,2.182303e+01,2.187135e+01,2.193345e+01,2.181612e+01,2.181612e+01,2.178159e+01,2.171248e+01,2.162950e+01,2.169175e+01,2.183684e+01,2.165025e+01,2.167792e+01,2.166409e+01,2.180231e+01,2.174704e+01,2.165025e+01,2.172631e+01,2.169866e+01,2.169866e+01,2.173322e+01,2.136626e+01,2.174013e+01,2.173322e+01,2.171248e+01,2.163642e+01,2.153260e+01,2.161566e+01,2.167100e+01,2.159490e+01,2.165025e+01,2.155337e+01,2.156721e+01,2.164334e+01,2.158798e+01,2.151875e+01,2.153260e+01,2.156029e+01,2.158798e+01,2.164334e+01,2.160182e+01,2.149104e+01,2.156029e+01,2.151875e+01,2.175395e+01,2.140094e+01,2.156029e+01,2.158798e+01,2.153260e+01,2.151875e+01,2.177468e+01,2.160874e+01,2.153952e+01,2.147025e+01,2.163642e+01,2.162950e+01,2.152567e+01,2.162258e+01,2.145639e+01,2.146332e+01,2.144253e+01,2.158798e+01,2.152567e+01,2.150489e+01,2.132464e+01,2.149796e+01
2.186445e+01,2.199551e+01,2.198862e+01,2.196793e+01,2.191965e+01,2.196104e+01,2.196104e+01,2.199551e+01,2.226401e+01,2.200930e+01,2.191965e+01,2.202997e+01,2.205754e+01,2.214017e+01,2.193345e+01,2.208509e+01,2.209886e+01,2.202997e+01,2.205065e+01,2.206442e+01,2.204376e+01,2.194725e+01,2.216771e+01,2.211263e+01,2.210575e+01,2.200241e+01,2.213329e+01,2.213329e+01,2.202997e+01,2.198862e+01,2.203687e+01,2.200930e+01,2.196793e+01,2.200930e+01,2.216082e+01,2.209198e+01,2.209198e+01,2.210575e+01,2.209198e+01,2.211263e+01,2.207820e+01,2.208509e+01,2.209886e+01,2.211952e+01,2.209886e+01,2.208509e+01,2.218147e+01,2.213329e+01,2.209886e+01,2.215394e+01,2.198172e+01,2.200241e+01,2.218147e+01,2.207820e+01,2.218147e+01,2.207131e+01,2.208509e+01,2.209886e+01,2.205754e+01,2.202997e+01,2.211263e+01,2.196793e+01,2.215394e+01,2.216082e+01,2.198862e+01,2.200930e+01,2.199551e+01,2.210575e+01,2.202308e+01,2.207820e+01,2.189896e+01,2.200930e+01,2.216771e+01,2.205754e+01,2.198172e+01,2.199551e+01,2.193345e+01,2.207820e+01,2.201619e+01,2.200241e+01,2.198172e+01,2.200241e+01,2.207131e+01,2.208509e+01,2.214706e+01,2.205754e+01,2.200930e+01,2.207820e+01,2.207820e+01,2.210575e+01,2.201619e+01,2.208509e+01,2.205754e+01,2.210575e+01,2.205065e+01,2.207820e+01,2.225713e+01,2.200241e+01,2.205065e+01,2.207820e+01,2.209886e+01,2.206442e+01,2.209198e+01,2.199551e+01,2.197483e+01,2.209886e+01,2.209198e+01,2.207820e+01,2.209198e+01,2.194725e+01,2.198172e+01,2.198862e+01,2.201619e+01,2.218835e+01,2.196793e+01,2.200241e+01,2.196104e+01,2.189896e+01,2.202308e+01,2.194725e+01,2.207820e+01,2.191965e+01,2.183684e+01,2.171940e+01,2.119966e+01,2.106061e+01,2.097012e+01,2.094923e+01,2.105365e+01,2.118576e+01,2.117186e+01,2.112320e+01,2.117881e+01,2.106061e+01,2.110929e+01,2.108843e+01,2.115796e+01,2.124828e+01,2.110234e+01,2.108843e+01,2.110929e+01,2.113015e+01,2.113015e+01,2.123439e+01,2.119966e+01,2.125522e+01,2.133851e+01,2.151182e+01,2.135933e+01,2.135239e+01,2.152567e+01,2.139400e+01,2.143560e+01,2.144946e+01,2.147025e+01,2.148411e+01,2.143560e+01,2.147025e+01,2.140787e+01,2.136626e+01,2.156721e+01,2.146332e+01,2.126911e+01,2.136626e+01,2.132464e+01,2.135239e+01,2.146332e+01,2.136626e+01,2.135933e+01,2.149796e+01,2.147025e+01,2.133851e+01,2.135239e+01,2.143560e+01,2.145639e+01,2.131076e+01,2.126911e+01,2.153952e+01,2.170557e+01,2.200241e+01,2.202308e+01,2.206442e+01,2.205065e+01,2.210575e+01,2.214017e+01,2.220899e+01,2.200241e+01,2.196104e+01,2.199551e+01,2.191276e+01,2.187825e+01,2.182303e+01,2.189206e+01,2.184374e+01,2.187825e+01,2.196793e+01,2.190586e+01,2.182993e+01,2.193345e+01,2.176777e+01,2.176777e+01,2.187135e+01,2.185755e+01,2.181612e+01,2.176777e+01,2.192655e+01,2.169175e+01,2.189896e+01,2.187135e+01,2.183684e+01,2.182993e+01,2.180231e+01,2.181612e+01,2.183684e+01,2.179540e+01,2.184374e+01,2.182303e+01,2.180922e+01,2.183684e+01,2.193345e+01,2.185065e+01,2.189896e+01,2.181612e+01,2.181612e+01,2.189206e+01,2.181612e+01,2.189896e+01,2.196104e+01,2.189206e+01,2.190586e+01,2.183684e+01,2.169866e+01,2.169866e+01,2.167100e+01,2.164334e+01,2.160874e+01,2.158798e+01,2.160182e+01,2.158106e+01,2.151182e+01,2.147718e+01,2.153260e+01,2.160182e+01,2.153952e+01,2.157414e+01,2.161566e+01,2.158798e+01,2.153952e+01,2.165717e+01,2.153952e+01,2.156721e+01,2.149104e+01,2.162950e+01,2.148411e+01,2.167792e+01,2.156721e+01,2.162258e+01,2.171940e+01,2.209198e+01,2.210575e+01,2.202997e+01,2.202308e+01,2.201619e+01,2.204376e+01,2.207131e+01,2.214017e+01,2.220899e+01,2.203687e+01,2.218147e+01,2.202997e+01,2.214706e+01,2.211952e+01,2.209198e+01,2.212641e+01,2.209886e+01,2.203687e+01,2.204376e+01,2.211263e+01,2.214017e+01,2.211263e+01,2.211263e+01,2.211263e+01,2.216771e+01,2.215394e+01,2.221587e+01,2.218835e+01,2.227776e+01,2.224338e+01,2.216771e+01,2.224338e+01,2.236709e+01,2.231900e+01,2.224338e+01,2.236709e+01,2.220899e+01,2.225713e+01,2.223650e+01,2.225026e+01,2.233961e+01,2.221587e+01,2.226401e+01,2.219523e+01,2.216082e+01,2.224338e+01,2.216771e+01,2.205754e+01,2.210575e+01,2.176086e+01,2.160874e+01,2.159490e+01,2.171248e+01,2.178159e+01,2.151182e+01,2.167792e+01,2.174013e+01,2.189896e+01,2.191276e+01,2.193345e+01,2.187825e+01,2.187135e+01,2.182993e+01,2.187825e+01,2.177468e+01,2.187135e+01,2.178159e+01,2.176086e+01,2.187135e+01,2.173322e+01,2.177468e+01,2.179540e+01,2.173322e+01,2.180922e+01,2.200930e+01,2.176086e+01,2.176777e+01,2.186445e+01,2.189206e+01,2.181612e+01,2.191965e+01,2.188516e+01,2.203687e+01,2.204376e+01,2.192655e+01,2.202997e+01,2.207820e+01,2.203687e+01,2.205065e+01,2.195414e+01,2.203687e+01,2.214706e+01,2.191965e+01,2.211952e+01,2.206442e+01,2.189206e+01,2.205754e+01,2.191965e+01,2.195414e+01,2.195414e+01,2.185755e+01,2.189896e+01,2.177468e+01,2.172631e+01,2.175395e+01,2.166409e+01,2.158798e+01,2.158798e+01,2.171248e+01,2.163642e+01,2.167100e+01,2.152567e+01,2.187825e+01,2.185065e+01,2.193345e+01,2.180922e+01,2.202308e+01,2.185065e+01,2.187135e+01,2.195414e+01,2.199551e+01,2.202997e+01,2.193345e+01,2.194725e+01,2.182303e+01,2.181612e+01,2.185065e+01,2.180231e+01,2.182993e+01,2.182993e+01,2.182303e+01,2.186445e+01,2.183684e+01,2.178159e+01,2.185065e+01,2.174013e+01,2.172631e+01,2.171248e+01,2.171940e+01,2.171248e+01,2.168483e+01,2.169175e+01,2.171940e+01,2.171248e+01,2.177468e+01,2.185065e+01,2.178159e+01,2.167792e+01,2.182993e+01,2.165025e+01,2.182303e+01,2.178159e+01,2.178850e+01,2.167792e+01,2.163642e+01,2.163642e+01,2.163642e+01,2.161566e+01,2.169175e+01,2.171940e+01,2.171940e+01,2.166409e+01,2.182303e+01,2.170557e+01,2.178850e+01,2.169866e+01,2.168483e+01,2.177468e+01,2.176086e+01,2.179540e+01,2.172631e+01,2.189206e+01,2.180231e+01,2.190586e+01,2.186445e+01,2.180922e+01,2.178850e+01,2.191965e+01,2.189206e+01,2.169175e+01,2.169866e+01,2.176777e+01,2.181612e+01,2.182303e+01,2.180922e+01,2.172631e+01,2.174704e+01,2.165717e+01,2.176777e+01,2.179540e+01,2.172631e+01,2.172631e+01,2.174013e+01,2.174013e+01,2.184374e+01,2.173322e+01,2.178850e+01,2.174704e+01,2.174704e+01,2.172631e+01,2.176777e+01,2.172631e+01,2.155337e+01,2.159490e+01,2.156721e+01,2.150489e+01,2.138013e+01,2.140787e+01,2.124828e+01,2.124828e+01,2.114406e+01,2.108843e+01,2.128299e+01,2.158106e+01,2.153952e+01,2.168483e+01,2.182993e+01,2.178850e+01,2.182993e+01,2.180231e+01,2.184374e+01,2.185755e+01,2.187135e+01,2.192655e+01,2.189206e+01,2.182303e+01,2.166409e+01,2.169175e+01,2.169866e+01,2.171940e+01,2.165717e+01,2.174013e+01,2.167100e+01,2.169866e+01,2.170557e+01,2.167792e+01,2.169175e+01,2.164334e+01,2.162950e+01,2.173322e+01,2.162258e+01,2.156721e+01,2.156721e+01,2.151182e+01,2.136626e+01,2.158106e+01,2.144253e+01,2.161566e+01,2.153952e+01,2.152567e+01,2.156029e+01,2.153260e+01,2.154645e+01,2.157414e+01,2.155337e+01,2.140787e+01,2.140787e+01,2.160874e+01,2.156029e+01,2.157414e+01,2.158106e+01,2.158106e+01,2.151182e+01,2.159490e+01,2.161566e+01,2.156029e+01,2.165717e+01,2.166409e+01,2.169175e+01,2.165717e+01,2.160182e+01,2.166409e+01,2.167792e+01,2.171940e+01,2.171940e+01,2.167100e+01,2.171940e+01,2.160182e+01,2.168483e+01,2.176086e+01,2.171248e+01,2.181612e+01,2.180922e+01,2.178850e+01,2.182303e+01,2.180922e+01,2.182993e+01,2.176086e+01,2.193345e+01,2.180922e+01,2.193345e+01,2.196104e+01,2.181612e+01,2.194035e+01,2.193345e+01,2.181612e+01,2.196104e+01,2.188516e+01,2.189896e+01,2.187135e+01,2.183684e+01,2.201619e+01,2.182993e+01,2.194725e+01,2.202997e+01,2.184374e+01,2.186445e+01,2.188516e+01,2.189206e+01,2.189206e+01,2.204376e+01,2.198862e+01,2.194035e+01,2.189206e+01,2.191965e+01,2.186445e+01,2.190586e+01,2.180922e+01,2.186445e+01,2.178850e+01,2.180922e+01,2.168483e+01,2.178850e+01,2.174704e+01,2.166409e+01,2.177468e+01,2.163642e+01,2.186445e+01,2.169175e+01,2.168483e+01,2.171248e+01,2.171940e+01,2.160182e+01,2.165717e+01,2.163642e+01,2.167792e+01,2.171248e+01,2.152567e+01,2.165025e+01,2.170557e+01,2.157414e+01,2.173322e+01,2.158798e+01,2.174013e+01,2.162258e+01,2.156721e+01,2.151182e+01,2.160874e+01,2.160182e+01,2.147025e+01,2.162950e+01,2.153952e+01,2.158798e+01,2.159490e+01,2.160182e+01,2.164334e+01,2.151182e+01,2.148411e+01,2.158106e+01,2.152567e+01,2.144253e+01,2.156721e+01,2.160874e+01,2.158106e+01,2.161566e+01,2.152567e+01,2.154645e+01,2.154645e+01,2.158106e+01,2.149104e+01,2.141480e+01,2.151875e+01,2.153952e+01,2.150489e+01,2.159490e+01,2.152567e+01,2.187135e+01,2.150489e+01,2.151182e+01,2.150489e+01,2.149796e+01,2.149104e+01
2.196104e+01,2.204376e+01,2.197483e+01,2.180922e+01,2.197483e+01,2.197483e+01,2.196793e+01,2.195414e+01,2.200241e+01,2.203687e+01,2.197483e+01,2.202308e+01,2.209198e+01,2.202308e+01,2.202997e+01,2.204376e+01,2.208509e+01,2.206442e+01,2.207820e+01,2.200930e+01,2.202308e+01,2.214706e+01,2.200241e+01,2.215394e+01,2.214706e+01,2.209886e+01,2.214706e+01,2.194725e+01,2.198862e+01,2.210575e+01,2.214706e+01,2.201619e+01,2.201619e+01,2.215394e+01,2.214017e+01,2.208509e+01,2.187135e+01,2.210575e+01,2.209886e+01,2.206442e+01,2.206442e+01,2.207820e+01,2.209198e+01,2.207820e+01,2.210575e+01,2.205065e+01,2.209886e+01,2.216082e+01,2.205065e+01,2.211952e+01,2.209198e+01,2.202997e+01,2.209198e+01,2.200930e+01,2.208509e+01,2.208509e+01,2.211952e+01,2.206442e+01,2.213329e+01,2.214706e+01,2.214017e+01,2.208509e+01,2.218147e+01,2.203687e+01,2.207131e+01,2.207820e+01,2.202997e+01,2.207131e+01,2.201619e+01,2.203687e+01,2.207820e+01,2.203687e+01,2.207131e+01,2.203687e+01,2.230525e+01,2.210575e+01,2.196104e+01,2.194725e+01,2.199551e+01,2.206442e+01,2.199551e+01,2.201619e+01,2.199551e+01,2.204376e+01,2.212641e+01,2.218835e+01,2.205754e+01,2.211263e+01,2.205754e+01,2.207131e+01,2.189206e+01,2.207820e+01,2.208509e+01,2.209886e+01,2.217459e+01,2.207131e+01,2.202997e+01,2.202308e+01,2.219523e+01,2.207820e+01,2.204376e+01,2.207131e+01,2.206442e+01,2.203687e+01,2.211263e+01,2.211263e+01,2.205065e+01,2.203687e+01,2.189896e+01,2.192655e+01,2.196793e+01,2.193345e+01,2.195414e+01,2.196793e+01,2.196104e+01,2.194725e+01,2.192655e+01,2.193345e+01,2.189206e+01,2.206442e+01,2.204376e+01,2.191276e+01,2.158106e+01,2.166409e+01,2.162950e+01,2.127605e+01,2.109539e+01,2.099797e+01,2.115101e+01,2.116491e+01,2.108843e+01,2.118576e+01,2.117881e+01,2.114406e+01,2.115796e+01,2.115796e+01,2.114406e+01,2.128299e+01,2.133851e+01,2.115101e+01,2.100493e+01,2.115101e+01,2.129688e+01,2.117186e+01,2.133851e+01,2.134545e+01,2.124133e+01,2.153260e+01,2.140787e+01,2.140787e+01,2.140787e+01,2.136626e+01,2.147718e+01,2.151875e+01,2.144253e+01,2.148411e+01,2.156029e+01,2.148411e+01,2.147025e+01,2.142174e+01,2.141480e+01,2.140094e+01,2.136626e+01,2.145639e+01,2.124828e+01,2.131770e+01,2.137320e+01,2.144946e+01,2.132464e+01,2.140787e+01,2.150489e+01,2.133158e+01,2.135933e+01,2.142174e+01,2.161566e+01,2.121355e+01,2.117881e+01,2.122744e+01,2.131076e+01,2.160874e+01,2.167792e+01,2.194725e+01,2.202997e+01,2.206442e+01,2.222962e+01,2.200241e+01,2.218835e+01,2.198172e+01,2.200930e+01,2.191965e+01,2.193345e+01,2.200241e+01,2.192655e+01,2.185755e+01,2.169866e+01,2.194035e+01,2.180231e+01,2.185065e+01,2.185065e+01,2.182303e+01,2.178850e+01,2.184374e+01,2.182993e+01,2.176086e+01,2.189896e+01,2.189896e+01,2.191965e+01,2.188516e+01,2.187825e+01,2.166409e+01,2.184374e+01,2.171940e+01,2.184374e+01,2.181612e+01,2.171248e+01,2.181612e+01,2.189896e+01,2.173322e+01,2.197483e+01,2.190586e+01,2.186445e+01,2.182993e+01,2.180231e+01,2.180231e+01,2.193345e+01,2.190586e+01,2.193345e+01,2.185755e+01,2.189896e+01,2.176086e+01,2.177468e+01,2.166409e+01,2.165717e+01,2.164334e+01,2.153952e+01,2.165025e+01,2.150489e+01,2.166409e+01,2.159490e+01,2.156721e+01,2.158798e+01,2.159490e+01,2.155337e+01,2.170557e+01,2.160874e+01,2.158798e+01,2.173322e+01,2.177468e+01,2.164334e+01,2.162258e+01,2.160874e+01,2.158798e+01,2.155337e+01,2.158798e+01,2.167792e+01,2.159490e+01,2.181612e+01,2.191276e+01,2.199551e+01,2.204376e+01,2.207820e+01,2.205754e+01,2.204376e+01,2.207131e+01,2.209886e+01,2.208509e+01,2.219523e+01,2.213329e+01,2.214706e+01,2.214017e+01,2.212641e+01,2.218835e+01,2.210575e+01,2.216082e+01,2.221587e+01,2.220211e+01,2.225713e+01,2.206442e+01,2.212641e+01,2.214017e+01,2.214706e+01,2.222962e+01,2.216771e+01,2.219523e+01,2.234648e+01,2.221587e+01,2.223650e+01,2.222962e+01,2.215394e+01,2.233961e+01,2.227088e+01,2.229838e+01,2.238769e+01,2.232587e+01,2.232587e+01,2.231900e+01,2.235335e+01,2.233961e+01,2.213329e+01,2.233274e+01,2.229838e+01,2.231900e+01,2.230525e+01,2.228463e+01,2.218147e+01,2.209198e+01,2.221587e+01,2.198172e+01,2.188516e+01,2.166409e+01,2.164334e+01,2.176777e+01,2.175395e+01,2.171248e+01,2.178159e+01,2.182303e+01,2.179540e+01,2.196793e+01,2.203687e+01,2.191276e+01,2.182303e+01,2.204376e+01,2.182993e+01,2.178850e+01,2.191965e+01,2.182993e+01,2.180922e+01,2.181612e+01,2.181612e+01,2.179540e+01,2.177468e+01,2.175395e+01,2.205754e+01,2.186445e+01,2.184374e+01,2.182993e+01,2.193345e+01,2.196793e+01,2.197483e+01,2.197483e+01,2.201619e+01,2.216082e+01,2.207131e+01,2.195414e+01,2.200241e+01,2.205754e+01,2.198172e+01,2.199551e+01,2.207131e+01,2.190586e+01,2.198862e+01,2.189206e+01,2.202997e+01,2.198862e+01,2.190586e+01,2.194035e+01,2.194725e+01,2.194035e+01,2.190586e+01,2.185755e+01,2.187135e+01,2.179540e+01,2.179540e+01,2.153260e+01,2.178850e+01,2.167792e+01,2.160874e+01,2.157414e+01,2.160182e+01,2.153952e+01,2.156029e+01,2.176777e+01,2.175395e+01,2.204376e+01,2.176777e+01,2.181612e+01,2.181612e+01,2.190586e+01,2.194725e+01,2.191965e+01,2.187825e+01,2.195414e+01,2.193345e+01,2.182303e+01,2.178850e+01,2.177468e+01,2.184374e+01,2.186445e+01,2.182303e+01,2.180231e+01,2.181612e+01,2.182303e+01,2.182303e+01,2.170557e+01,2.189206e+01,2.172631e+01,2.176086e+01,2.173322e+01,2.170557e+01,2.181612e+01,2.174704e+01,2.176777e+01,2.173322e+01,2.174013e+01,2.174704e+01,2.173322e+01,2.164334e+01,2.171940e+01,2.170557e+01,2.167792e+01,2.169866e+01,2.165717e+01,2.177468e+01,2.178159e+01,2.179540e+01,2.150489e+01,2.176777e+01,2.171940e+01,2.165025e+01,2.165717e+01,2.180231e+01,2.173322e+01,2.174013e+01,2.171248e+01,2.174704e+01,2.168483e+01,2.172631e+01,2.179540e+01,2.172631e+01,2.191276e+01,2.186445e+01,2.176086e+01,2.194035e+01,2.185755e+01,2.181612e+01,2.183684e+01,2.187825e+01,2.184374e+01,2.184374e+01,2.171248e+01,2.180231e+01,2.176086e+01,2.176086e+01,2.176777e+01,2.176086e+01,2.168483e+01,2.178850e+01,2.178159e+01,2.176086e+01,2.167792e+01,2.179540e+01,2.185065e+01,2.176777e+01,2.175395e+01,2.177468e+01,2.175395e+01,2.174013e+01,2.185065e+01,2.188516e+01,2.184374e+01,2.148411e+01,2.169866e+01,2.160874e+01,2.146332e+01,2.146332e+01,2.121355e+01,2.123439e+01,2.122744e+01,2.110234e+01,2.108843e+01,2.116491e+01,2.119271e+01,2.160874e+01,2.176086e+01,2.177468e+01,2.182993e+01,2.180231e+01,2.179540e+01,2.182303e+01,2.187825e+01,2.183684e+01,2.168483e+01,2.177468e+01,2.185755e+01,2.158798e+01,2.164334e+01,2.187135e+01,2.160874e+01,2.177468e+01,2.168483e+01,2.182303e+01,2.169175e+01,2.160874e+01,2.158798e+01,2.161566e+01,2.166409e+01,2.158798e+01,2.156721e+01,2.162950e+01,2.165025e+01,2.155337e+01,2.157414e+01,2.160874e+01,2.144253e+01,2.165025e+01,2.151182e+01,2.151182e+01,2.156029e+01,2.151875e+01,2.147718e+01,2.158106e+01,2.153260e+01,2.161566e+01,2.156721e+01,2.169175e+01,2.156721e+01,2.168483e+01,2.157414e+01,2.156029e+01,2.162950e+01,2.162950e+01,2.153952e+01,2.165025e+01,2.161566e+01,2.160874e+01,2.166409e+01,2.166409e+01,2.167100e+01,2.165025e+01,2.170557e+01,2.169866e+01,2.173322e+01,2.180922e+01,2.171248e+01,2.176086e+01,2.165025e+01,2.169175e+01,2.168483e+01,2.169175e+01,2.182303e+01,2.180231e+01,2.172631e+01,2.180922e+01,2.187135e+01,2.186445e+01,2.185755e+01,2.186445e+01,2.191965e+01,2.188516e+01,2.182993e+01,2.184374e+01,2.176777e+01,2.183684e+01,2.185755e+01,2.195414e+01,2.190586e+01,2.199551e+01,2.185755e+01,2.188516e+01,2.197483e+01,2.194725e+01,2.187135e+01,2.186445e+01,2.195414e+01,2.195414e+01,2.197483e+01,2.187135e+01,2.186445e+01,2.188516e+01,2.185755e+01,2.185065e+01,2.191965e+01,2.179540e+01,2.187135e+01,2.174704e+01,2.178850e+01,2.189206e+01,2.189206e+01,2.176777e+01,2.180922e+01,2.179540e+01,2.177468e+01,2.165717e+01,2.169866e+01,2.182993e+01,2.167100e+01,2.172631e+01,2.169866e+01,2.163642e+01,2.156721e+01,2.160182e+01,2.168483e+01,2.169866e+01,2.164334e+01,2.167100e+01,2.144946e+01,2.153952e+01,2.173322e+01,2.156721e+01,2.169175e+01,2.159490e+01,2.161566e+01,2.160182e+01,2.166409e+01,2.156721e+01,2.155337e+01,2.148411e+01,2.144946e+01,2.151182e+01,2.153260e+01,2.149796e+01,2.146332e+01,2.155337e+01,2.154645e+01,2.149104e+01,2.152567e+01,2.158106e+01,2.170557e+01,2.140787e+01,2.152567e+01,2.147025e+01,2.159490e+01,2.163642e+01,2.150489e+01,2.153260e+01,2.155337e+01,2.153952e+01,2.158106e+01,2.144253e+01,2.157414e+01,2.157414e+01,2.155337e+01,2.184374e+01,2.153260e+01,2.159490e+01,2.158798e+01,2.153952e+01,2.151875e+01,2.150489e+01,2.149104e+01
2.194725e+01,2.198172e+01,2.195414e+01,2.211952e+01,2.196793e+01,2.196793e+01,2.213329e+01,2.194035e+01,2.194725e+01,2.202997e+01,2.191965e+01,2.198862e+01,2.213329e+01,2.205754e+01,2.198862e+01,2.196793e+01,2.198172e+01,2.207131e+01,2.200241e+01,2.205065e+01,2.190586e+01,2.202308e+01,2.200930e+01,2.201619e+01,2.213329e+01,2.211952e+01,2.195414e+01,2.199551e+01,2.214017e+01,2.202997e+01,2.205754e+01,2.197483e+01,2.211952e+01,2.214706e+01,2.207131e+01,2.230525e+01,2.209886e+01,2.209886e+01,2.210575e+01,2.214706e+01,2.210575e+01,2.220211e+01,2.202997e+01,2.202997e+01,2.202997e+01,2.205754e+01,2.203687e+01,2.216082e+01,2.201619e+01,2.218147e+01,2.213329e+01,2.201619e+01,2.217459e+01,2.210575e+01,2.211263e+01,2.208509e+01,2.213329e+01,2.175395e+01,2.210575e+01,2.214706e+01,2.214706e+01,2.204376e+01,2.214017e+01,2.211952e+01,2.217459e+01,2.203687e+01,2.202308e+01,2.204376e+01,2.211952e+01,2.206442e+01,2.196793e+01,2.205754e+01,2.200930e+01,2.206442e+01,2.209886e+01,2.205065e+01,2.207820e+01,2.198862e+01,2.197483e+01,2.220211e+01,2.199551e+01,2.203687e+01,2.204376e+01,2.215394e+01,2.212641e+01,2.196793e+01,2.214017e+01,2.209886e+01,2.209886e+01,2.215394e+01,2.213329e+01,2.208509e+01,2.207820e+01,2.211263e+01,2.206442e+01,2.205754e+01,2.212641e+01,2.204376e+01,2.206442e+01,2.202997e+01,2.205065e+01,2.198172e+01,2.225026e+01,2.207131e+01,2.203687e+01,2.202997e+01,2.210575e+01,2.205065e+01,2.209198e+01,2.205065e+01,2.203687e+01,2.208509e+01,2.216771e+01,2.198172e+01,2.202997e+01,2.201619e+01,2.205065e+01,2.193345e+01,2.200930e+01,2.202308e+01,2.194035e+01,2.194035e+01,2.190586e+01,2.173322e+01,2.185755e+01,2.158106e+01,2.125522e+01,2.103973e+01,2.106061e+01,2.108843e+01,2.119271e+01,2.113711e+01,2.115796e+01,2.118576e+01,2.122744e+01,2.123439e+01,2.117881e+01,2.128299e+01,2.109539e+01,2.115796e+01,2.130382e+01,2.115101e+01,2.131076e+01,2.129688e+01,2.132464e+01,2.135239e+01,2.133851e+01,2.120660e+01,2.148411e+01,2.152567e+01,2.151182e+01,2.140094e+01,2.136626e+01,2.138013e+01,2.143560e+01,2.138707e+01,2.150489e+01,2.153260e+01,2.145639e+01,2.142867e+01,2.142867e+01,2.144253e+01,2.144946e+01,2.131770e+01,2.137320e+01,2.142867e+01,2.142174e+01,2.130382e+01,2.133158e+01,2.147718e+01,2.128993e+01,2.144253e+01,2.131770e+01,2.146332e+01,2.129688e+01,2.131076e+01,2.129688e+01,2.124133e+01,2.124828e+01,2.124828e+01,2.136626e+01,2.158798e+01,2.198862e+01,2.200241e+01,2.213329e+01,2.207131e+01,2.200930e+01,2.191965e+01,2.199551e+01,2.189206e+01,2.193345e+01,2.193345e+01,2.192655e+01,2.190586e+01,2.184374e+01,2.182303e+01,2.187135e+01,2.177468e+01,2.180231e+01,2.180231e+01,2.184374e+01,2.181612e+01,2.186445e+01,2.187825e+01,2.179540e+01,2.189896e+01,2.185755e+01,2.189896e+01,2.187825e+01,2.180922e+01,2.182993e+01,2.181612e+01,2.181612e+01,2.180922e+01,2.185755e+01,2.185755e+01,2.187825e+01,2.186445e+01,2.174013e+01,2.191276e+01,2.185065e+01,2.180231e+01,2.195414e+01,2.174704e+01,2.182303e+01,2.180231e+01,2.190586e+01,2.182303e+01,2.166409e+01,2.177468e+01,2.165717e+01,2.167100e+01,2.153260e+01,2.150489e+01,2.153260e+01,2.158798e+01,2.165717e+01,2.169175e+01,2.162258e+01,2.157414e+01,2.158106e+01,2.163642e+01,2.160874e+01,2.174704e+01,2.160182e+01,2.162258e+01,2.168483e+01,2.163642e+01,2.159490e+01,2.167792e+01,2.160182e+01,2.150489e+01,2.158798e+01,2.169866e+01,2.168483e+01,2.160182e+01,2.196793e+01,2.194035e+01,2.211263e+01,2.209198e+01,2.227776e+01,2.210575e+01,2.199551e+01,2.211263e+01,2.209198e+01,2.212641e+01,2.214706e+01,2.214706e+01,2.218147e+01,2.211952e+01,2.216771e+01,2.208509e+01,2.211952e+01,2.214706e+01,2.197483e+01,2.222962e+01,2.221587e+01,2.217459e+01,2.221587e+01,2.215394e+01,2.222962e+01,2.225026e+01,2.223650e+01,2.219523e+01,2.220899e+01,2.220899e+01,2.237395e+01,2.221587e+01,2.222962e+01,2.224338e+01,2.233274e+01,2.231900e+01,2.229151e+01,2.232587e+01,2.231900e+01,2.232587e+01,2.220211e+01,2.216082e+01,2.231212e+01,2.232587e+01,2.234648e+01,2.227776e+01,2.227088e+01,2.229151e+01,2.218147e+01,2.217459e+01,2.206442e+01,2.200930e+01,2.185755e+01,2.182993e+01,2.191965e+01,2.176086e+01,2.167100e+01,2.176086e+01,2.187825e+01,2.186445e+01,2.183684e+01,2.180231e+01,2.181612e+01,2.187135e+01,2.187825e+01,2.188516e+01,2.189206e+01,2.180922e+01,2.181612e+01,2.183684e+01,2.180231e+01,2.178850e+01,2.178850e+01,2.175395e+01,2.181612e+01,2.178850e+01,2.186445e+01,2.172631e+01,2.186445e+01,2.189206e+01,2.189206e+01,2.200930e+01,2.192655e+01,2.189896e+01,2.205065e+01,2.194035e+01,2.196793e+01,2.204376e+01,2.193345e+01,2.200930e+01,2.200241e+01,2.205754e+01,2.210575e+01,2.209198e+01,2.202308e+01,2.202997e+01,2.207820e+01,2.211952e+01,2.209198e+01,2.194725e+01,2.193345e+01,2.192655e+01,2.187135e+01,2.188516e+01,2.190586e+01,2.178850e+01,2.173322e+01,2.173322e+01,2.178159e+01,2.178159e+01,2.171248e+01,2.162950e+01,2.158798e+01,2.173322e+01,2.171248e+01,2.172631e+01,2.182993e+01,2.181612e+01,2.182993e+01,2.188516e+01,2.183684e+01,2.184374e+01,2.181612e+01,2.186445e+01,2.185755e+01,2.183684e+01,2.191965e+01,2.184374e+01,2.184374e+01,2.186445e+01,2.183684e+01,2.180922e+01,2.185065e+01,2.171940e+01,2.181612e+01,2.179540e+01,2.176777e+01,2.172631e+01,2.175395e+01,2.169866e+01,2.189896e+01,2.171248e+01,2.189896e+01,2.174704e+01,2.174704e+01,2.168483e+01,2.174704e+01,2.167100e+01,2.169866e+01,2.165717e+01,2.168483e+01,2.165025e+01,2.194035e+01,2.168483e+01,2.169175e+01,2.164334e+01,2.174704e+01,2.174704e+01,2.176777e+01,2.163642e+01,2.152567e+01,2.171248e+01,2.166409e+01,2.158106e+01,2.170557e+01,2.169175e+01,2.179540e+01,2.171248e+01,2.160874e+01,2.176777e+01,2.185065e+01,2.186445e+01,2.178850e+01,2.194725e+01,2.193345e+01,2.192655e+01,2.182993e+01,2.185755e+01,2.189206e+01,2.174013e+01,2.184374e+01,2.184374e+01,2.185065e+01,2.175395e+01,2.180922e+01,2.178850e+01,2.179540e+01,2.192655e+01,2.173322e+01,2.190586e+01,2.173322e+01,2.173322e+01,2.171248e+01,2.172631e+01,2.178159e+01,2.174704e+01,2.172631e+01,2.171940e+01,2.179540e+01,2.169175e+01,2.171248e+01,2.174013e+01,2.176086e+01,2.174704e+01,2.158106e+01,2.159490e+01,2.178159e+01,2.174704e+01,2.143560e+01,2.142867e+01,2.128993e+01,2.140094e+01,2.112320e+01,2.108843e+01,2.113711e+01,2.102581e+01,2.143560e+01,2.165717e+01,2.177468e+01,2.166409e+01,2.180231e+01,2.176777e+01,2.177468e+01,2.177468e+01,2.180231e+01,2.189896e+01,2.174704e+01,2.183684e+01,2.184374e+01,2.173322e+01,2.185755e+01,2.186445e+01,2.198862e+01,2.170557e+01,2.167100e+01,2.170557e+01,2.169175e+01,2.167100e+01,2.168483e+01,2.156721e+01,2.169866e+01,2.164334e+01,2.161566e+01,2.155337e+01,2.160182e+01,2.162258e+01,2.143560e+01,2.157414e+01,2.162950e+01,2.155337e+01,2.154645e+01,2.156721e+01,2.147718e+01,2.151182e+01,2.158106e+01,2.157414e+01,2.157414e+01,2.158798e+01,2.144253e+01,2.154645e+01,2.169175e+01,2.162258e+01,2.149104e+01,2.158798e+01,2.163642e+01,2.151875e+01,2.162258e+01,2.176777e+01,2.166409e+01,2.165025e+01,2.147718e+01,2.162258e+01,2.165717e+01,2.162950e+01,2.165025e+01,2.170557e+01,2.169175e+01,2.168483e+01,2.165025e+01,2.165717e+01,2.175395e+01,2.169175e+01,2.165717e+01,2.173322e+01,2.170557e+01,2.178850e+01,2.181612e+01,2.172631e+01,2.174704e+01,2.178159e+01,2.183684e+01,2.187135e+01,2.185065e+01,2.175395e+01,2.179540e+01,2.185755e+01,2.181612e+01,2.185065e+01,2.185755e+01,2.185065e+01,2.185755e+01,2.187135e+01,2.186445e+01,2.191276e+01,2.196793e+01,2.191965e+01,2.189896e+01,2.185065e+01,2.189206e+01,2.191276e+01,2.196104e+01,2.194035e+01,2.198862e+01,2.194725e+01,2.185755e+01,2.187825e+01,2.193345e+01,2.183684e+01,2.180231e+01,2.196104e+01,2.189206e+01,2.183684e+01,2.179540e+01,2.180922e+01,2.180922e+01,2.177468e+01,2.164334e+01,2.168483e+01,2.171248e+01,2.169175e+01,2.167100e+01,2.163642e+01,2.169175e+01,2.171940e+01,2.162950e+01,2.166409e+01,2.160182e+01,2.163642e+01,2.154645e+01,2.167792e+01,2.152567e+01,2.171940e+01,2.167792e+01,2.170557e+01,2.158106e+01,2.164334e+01,2.166409e+01,2.157414e+01,2.153952e+01,2.137320e+01,2.149104e+01,2.145639e+01,2.150489e+01,2.146332e+01,2.157414e+01,2.152567e+01,2.149104e+01,2.147718e+01,2.154645e+01,2.147025e+01,2.153952e+01,2.158798e+01,2.138707e+01,2.171248e+01,2.167100e+01,2.152567e+01,2.148411e+01,2.156029e+01,2.154645e+01,2.153952e+01,2.154645e+01,2.144946e+01,2.157414e+01,2.159490e+01,2.158106e+01,2.159490e+01,2.158106e+01,2.155337e+01,2.158798e+01,2.160874e+01,2.151875e+01,2.154645e+01,2.166409e+01,2.149796e+01
2.198862e+01,2.194725e+01,2.195414e+01,2.194035e+01,2.194035e+01,2.169866e+01,2.192655e+01,2.195414e+01,2.196104e+01,2.196793e+01,2.205754e+01,2.213329e+01,2.202308e+01,2.209886e+01,2.209198e+01,2.199551e+01,2.209198e+01,2.206442e+01,2.205754e+01,2.202997e+01,2.207131e+01,2.211952e+01,2.207820e+01,2.213329e+01,2.213329e+01,2.211263e+01,2.214706e+01,2.214706e+01,2.214017e+01,2.214706e+01,2.216082e+01,2.196793e+01,2.202308e+01,2.205065e+01,2.203687e+01,2.196793e+01,2.227776e+01,2.207131e+01,2.205754e+01,2.215394e+01,2.217459e+01,2.200930e+01,2.209886e+01,2.212641e+01,2.218835e+01,2.211263e+01,2.195414e+01,2.211263e+01,2.215394e+01,2.213329e+01,2.215394e+01,2.201619e+01,2.209886e+01,2.216771e+01,2.202997e+01,2.206442e+01,2.208509e+01,2.205065e+01,2.214706e+01,2.207820e+01,2.206442e+01,2.214706e+01,2.200930e+01,2.200930e+01,2.214706e+01,2.207131e+01,2.205754e+01,2.220899e+01,2.214017e+01,2.198172e+01,2.214706e+01,2.214017e+01,2.221587e+01,2.206442e+01,2.204376e+01,2.200930e+01,2.207131e+01,2.182303e+01,2.210575e+01,2.204376e+01,2.202997e+01,2.204376e+01,2.210575e+01,2.196793e+01,2.207820e+01,2.211952e+01,2.211952e+01,2.209886e+01,2.210575e+01,2.205754e+01,2.208509e+01,2.204376e+01,2.208509e+01,2.206442e+01,2.208509e+01,2.204376e+01,2.207131e+01,2.207131e+01,2.206442e+01,2.196793e+01,2.205065e+01,2.203687e+01,2.205065e+01,2.201619e+01,2.199551e+01,2.200241e+01,2.200930e+01,2.212641e+01,2.207131e+01,2.211952e+01,2.207820e+01,2.194725e+01,2.205065e+01,2.202308e+01,2.201619e+01,2.202308e+01,2.200930e+01,2.221587e+01,2.191276e+01,2.205065e+01,2.199551e+01,2.215394e+01,2.192655e+01,2.189896e+01,2.186445e+01,2.161566e+01,2.125522e+01,2.114406e+01,2.117881e+01,2.110234e+01,2.117881e+01,2.112320e+01,2.119966e+01,2.116491e+01,2.124828e+01,2.124133e+01,2.123439e+01,2.120660e+01,2.122744e+01,2.124133e+01,2.123439e+01,2.124133e+01,2.130382e+01,2.134545e+01,2.128993e+01,2.140094e+01,2.128993e+01,2.151875e+01,2.140787e+01,2.139400e+01,2.135933e+01,2.144946e+01,2.145639e+01,2.151875e+01,2.151182e+01,2.145639e+01,2.150489e+01,2.138707e+01,2.144253e+01,2.142867e+01,2.146332e+01,2.156721e+01,2.118576e+01,2.124828e+01,2.131076e+01,2.131770e+01,2.126911e+01,2.147718e+01,2.138707e+01,2.131770e+01,2.132464e+01,2.125522e+01,2.136626e+01,2.125522e+01,2.119966e+01,2.111625e+01,2.126217e+01,2.110234e+01,2.110234e+01,2.105365e+01,2.107452e+01,2.117186e+01,2.171248e+01,2.202308e+01,2.209198e+01,2.208509e+01,2.189206e+01,2.200930e+01,2.189896e+01,2.202308e+01,2.196793e+01,2.184374e+01,2.192655e+01,2.187825e+01,2.171940e+01,2.170557e+01,2.178850e+01,2.178850e+01,2.185065e+01,2.180231e+01,2.178850e+01,2.178850e+01,2.181612e+01,2.183684e+01,2.176777e+01,2.180231e+01,2.186445e+01,2.187825e+01,2.185065e+01,2.188516e+01,2.183684e+01,2.182993e+01,2.182303e+01,2.180922e+01,2.195414e+01,2.194035e+01,2.191965e+01,2.186445e+01,2.185065e+01,2.185755e+01,2.185065e+01,2.167792e+01,2.182993e+01,2.183684e+01,2.183684e+01,2.182303e+01,2.185065e+01,2.173322e+01,2.160182e+01,2.167100e+01,2.150489e+01,2.152567e+01,2.169866e+01,2.167100e+01,2.164334e+01,2.156721e+01,2.166409e+01,2.162950e+01,2.165717e+01,2.158798e+01,2.160874e+01,2.175395e+01,2.162950e+01,2.169175e+01,2.166409e+01,2.163642e+01,2.165025e+01,2.157414e+01,2.160182e+01,2.170557e+01,2.161566e+01,2.165025e+01,2.164334e+01,2.162258e+01,2.146332e+01,2.175395e+01,2.207820e+01,2.211263e+01,2.214706e+01,2.211263e+01,2.214706e+01,2.214017e+01,2.205065e+01,2.209886e+01,2.209886e+01,2.209198e+01,2.209886e+01,2.213329e+01,2.214706e+01,2.220899e+01,2.214017e+01,2.214706e+01,2.213329e+01,2.216082e+01,2.216771e+01,2.216771e+01,2.216771e+01,2.227088e+01,2.216082e+01,2.216771e+01,2.218147e+01,2.224338e+01,2.224338e+01,2.221587e+01,2.220211e+01,2.226401e+01,2.225713e+01,2.233961e+01,2.220899e+01,2.233274e+01,2.236709e+01,2.236022e+01,2.235335e+01,2.234648e+01,2.217459e+01,2.242202e+01,2.238769e+01,2.235335e+01,2.214706e+01,2.233961e+01,2.233961e+01,2.229151e+01,2.225026e+01,2.224338e+01,2.224338e+01,2.222275e+01,2.205754e+01,2.219523e+01,2.181612e+01,2.180922e+01,2.176086e+01,2.178850e+01,2.167100e+01,2.177468e+01,2.185755e+01,2.194035e+01,2.179540e+01,2.207131e+01,2.185755e+01,2.191276e+01,2.189896e+01,2.200241e+01,2.185065e+01,2.188516e+01,2.187825e+01,2.187825e+01,2.188516e+01,2.181612e+01,2.180231e+01,2.180231e+01,2.176777e+01,2.177468e+01,2.175395e+01,2.187135e+01,2.189206e+01,2.189206e+01,2.198172e+01,2.191276e+01,2.189206e+01,2.191965e+01,2.191965e+01,2.202997e+01,2.191276e+01,2.203687e+01,2.193345e+01,2.208509e+01,2.198172e+01,2.204376e+01,2.198172e+01,2.198172e+01,2.202308e+01,2.191276e+01,2.197483e+01,2.196793e+01,2.206442e+01,2.187135e+01,2.190586e+01,2.196793e+01,2.191965e+01,2.181612e+01,2.178159e+01,2.184374e+01,2.169866e+01,2.176086e+01,2.170557e+01,2.166409e+01,2.178159e+01,2.149796e+01,2.163642e+01,2.172631e+01,2.165025e+01,2.167792e+01,2.171248e+01,2.175395e+01,2.182993e+01,2.176777e+01,2.177468e+01,2.189206e+01,2.181612e+01,2.187825e+01,2.184374e+01,2.190586e+01,2.186445e+01,2.183684e+01,2.184374e+01,2.178159e+01,2.182303e+01,2.180231e+01,2.182303e+01,2.174013e+01,2.174013e+01,2.176777e+01,2.178850e+01,2.179540e+01,2.177468e+01,2.171248e+01,2.169175e+01,2.187135e+01,2.173322e+01,2.170557e+01,2.166409e+01,2.171940e+01,2.166409e+01,2.164334e+01,2.167100e+01,2.160182e+01,2.174013e+01,2.169175e+01,2.162258e+01,2.165025e+01,2.159490e+01,2.172631e+01,2.161566e+01,2.164334e+01,2.165025e+01,2.158798e+01,2.158106e+01,2.169175e+01,2.158798e+01,2.175395e+01,2.180231e+01,2.173322e+01,2.180922e+01,2.176086e+01,2.171248e+01,2.185755e+01,2.178159e+01,2.181612e+01,2.194725e+01,2.192655e+01,2.186445e+01,2.180231e+01,2.183684e+01,2.191965e+01,2.191276e+01,2.183684e+01,2.186445e+01,2.182303e+01,2.179540e+01,2.173322e+01,2.177468e+01,2.170557e+01,2.172631e+01,2.168483e+01,2.166409e+01,2.182993e+01,2.174704e+01,2.191965e+01,2.176777e+01,2.176777e+01,2.174013e+01,2.177468e+01,2.178159e+01,2.174013e+01,2.181612e+01,2.169175e+01,2.178159e+01,2.180231e+01,2.178850e+01,2.181612e+01,2.183684e+01,2.173322e+01,2.164334e+01,2.157414e+01,2.144946e+01,2.145639e+01,2.117186e+01,2.135239e+01,2.117186e+01,2.109539e+01,2.108843e+01,2.120660e+01,2.112320e+01,2.153952e+01,2.169866e+01,2.167792e+01,2.180231e+01,2.180922e+01,2.175395e+01,2.178159e+01,2.185065e+01,2.184374e+01,2.182303e+01,2.160182e+01,2.169866e+01,2.182993e+01,2.171248e+01,2.181612e+01,2.169866e+01,2.167100e+01,2.167100e+01,2.168483e+01,2.166409e+01,2.163642e+01,2.168483e+01,2.156721e+01,2.153952e+01,2.158798e+01,2.147718e+01,2.160874e+01,2.146332e+01,2.148411e+01,2.157414e+01,2.147025e+01,2.164334e+01,2.154645e+01,2.145639e+01,2.153260e+01,2.159490e+01,2.167792e+01,2.147718e+01,2.155337e+01,2.145639e+01,2.144946e+01,2.150489e+01,2.153260e+01,2.162258e+01,2.160182e+01,2.165717e+01,2.167792e+01,2.164334e+01,2.153952e+01,2.160182e+01,2.161566e+01,2.165025e+01,2.165717e+01,2.165717e+01,2.166409e+01,2.163642e+01,2.158798e+01,2.169175e+01,2.165717e+01,2.167792e+01,2.167100e+01,2.167100e+01,2.167792e+01,2.162950e+01,2.170557e+01,2.169866e+01,2.171248e+01,2.172631e+01,2.185065e+01,2.175395e+01,2.176777e+01,2.182303e+01,2.183684e+01,2.191276e+01,2.182993e+01,2.185755e+01,2.171940e+01,2.185065e+01,2.211263e+01,2.185065e+01,2.176086e+01,2.186445e+01,2.185065e+01,2.187135e+01,2.199551e+01,2.185755e+01,2.189896e+01,2.194725e+01,2.199551e+01,2.188516e+01,2.198862e+01,2.185755e+01,2.187825e+01,2.189206e+01,2.196793e+01,2.205065e+01,2.185065e+01,2.194035e+01,2.183684e+01,2.185065e+01,2.176777e+01,2.187135e+01,2.183684e+01,2.189206e+01,2.172631e+01,2.178159e+01,2.171248e+01,2.175395e+01,2.179540e+01,2.174013e+01,2.168483e+01,2.173322e+01,2.168483e+01,2.167792e+01,2.171248e+01,2.155337e+01,2.174013e+01,2.156721e+01,2.165025e+01,2.153952e+01,2.170557e+01,2.163642e+01,2.169175e+01,2.151182e+01,2.151875e+01,2.156029e+01,2.158106e+01,2.167100e+01,2.160874e+01,2.162258e+01,2.161566e+01,2.148411e+01,2.147718e+01,2.149796e+01,2.169175e+01,2.149796e+01,2.158798e+01,2.151875e+01,2.151182e+01,2.162950e+01,2.165717e+01,2.156029e+01,2.145639e+01,2.154645e+01,2.157414e+01,2.154645e+01,2.135933e+01,2.157414e+01,2.146332e+01,2.149796e+01,2.149796e+01,2.154645e+01,2.153260e+01,2.147718e+01,2.126217e+01,2.155337e+01,2.149796e+01,2.156721e+01,2.138013e+01,2.153952e+01,2.151875e+01,2.151182e+01,2.155337e+01,2.143560e+01,2.149796e+01,2.149104e+01,2.148411e+01
2.202308e+01,2.189206e+01,2.194725e+01,2.194725e+01,2.195414e+01,2.194725e+01,2.197483e+01,2.192655e+01,2.198172e+01,2.198862e+01,2.200930e+01,2.193345e+01,2.203687e+01,2.194725e+01,2.209198e+01,2.209198e+01,2.205065e+01,2.206442e+01,2.199551e+01,2.206442e+01,2.209886e+01,2.212641e+01,2.199551e+01,2.204376e+01,2.204376e+01,2.218147e+01,2.200241e+01,2.216771e+01,2.198862e+01,2.199551e+01,2.212641e+01,2.210575e+01,2.202997e+01,2.202308e+01,2.216082e+01,2.206442e+01,2.211952e+01,2.218147e+01,2.211263e+01,2.228463e+01,2.203687e+01,2.218835e+01,2.222962e+01,2.216771e+01,2.216771e+01,2.204376e+01,2.206442e+01,2.211263e+01,2.214017e+01,2.205065e+01,2.216082e+01,2.205754e+01,2.222962e+01,2.216771e+01,2.216771e+01,2.211263e+01,2.225713e+01,2.212641e+01,2.214017e+01,2.216771e+01,2.216771e+01,2.218147e+01,2.212641e+01,2.207820e+01,2.203687e+01,2.194725e+01,2.207131e+01,2.201619e+01,2.197483e+01,2.196104e+01,2.212641e+01,2.210575e+01,2.209886e+01,2.209886e+01,2.205065e+01,2.203687e+01,2.211263e+01,2.204376e+01,2.203687e+01,2.207820e+01,2.200930e+01,2.214706e+01,2.211263e+01,2.202308e+01,2.211263e+01,2.212641e+01,2.213329e+01,2.209886e+01,2.209886e+01,2.217459e+01,2.187825e+01,2.209198e+01,2.208509e+01,2.203687e+01,2.207131e+01,2.204376e+01,2.204376e+01,2.205754e+01,2.211952e+01,2.218835e+01,2.197483e+01,2.202997e+01,2.205065e+01,2.198862e+01,2.203687e+01,2.197483e+01,2.197483e+01,2.209886e+01,2.214017e+01,2.211952e+01,2.194725e+01,2.211952e+01,2.208509e+01,2.214706e+01,2.198172e+01,2.218835e+01,2.201619e+01,2.211263e+01,2.202997e+01,2.210575e+01,2.207131e+01,2.205754e+01,2.188516e+01,2.196104e+01,2.207820e+01,2.179540e+01,2.193345e+01,2.158106e+01,2.108843e+01,2.103973e+01,2.118576e+01,2.122050e+01,2.112320e+01,2.121355e+01,2.122050e+01,2.128299e+01,2.120660e+01,2.125522e+01,2.113711e+01,2.135933e+01,2.128299e+01,2.138013e+01,2.127605e+01,2.134545e+01,2.152567e+01,2.129688e+01,2.144253e+01,2.141480e+01,2.151182e+01,2.151875e+01,2.146332e+01,2.140787e+01,2.146332e+01,2.133158e+01,2.140787e+01,2.156721e+01,2.151875e+01,2.152567e+01,2.146332e+01,2.147025e+01,2.126911e+01,2.120660e+01,2.126911e+01,2.126217e+01,2.124828e+01,2.143560e+01,2.128993e+01,2.148411e+01,2.147025e+01,2.144946e+01,2.126911e+01,2.126217e+01,2.132464e+01,2.135933e+01,2.138013e+01,2.116491e+01,2.114406e+01,2.114406e+01,2.108843e+01,2.103277e+01,2.108843e+01,2.135239e+01,2.171248e+01,2.182303e+01,2.198172e+01,2.206442e+01,2.198172e+01,2.184374e+01,2.191276e+01,2.194725e+01,2.188516e+01,2.192655e+01,2.190586e+01,2.191276e+01,2.178850e+01,2.182993e+01,2.171248e+01,2.189206e+01,2.179540e+01,2.178159e+01,2.180231e+01,2.185065e+01,2.182303e+01,2.179540e+01,2.172631e+01,2.178159e+01,2.179540e+01,2.180922e+01,2.179540e+01,2.181612e+01,2.181612e+01,2.178159e+01,2.187135e+01,2.176086e+01,2.188516e+01,2.188516e+01,2.188516e+01,2.188516e+01,2.188516e+01,2.189206e+01,2.189206e+01,2.169175e+01,2.187825e+01,2.183684e+01,2.176777e+01,2.180922e+01,2.174704e+01,2.169175e+01,2.167100e+01,2.152567e+01,2.162950e+01,2.155337e+01,2.159490e+01,2.156029e+01,2.163642e+01,2.169175e+01,2.168483e+01,2.161566e+01,2.169175e+01,2.165025e+01,2.160874e+01,2.173322e+01,2.177468e+01,2.165717e+01,2.176086e+01,2.165717e+01,2.173322e+01,2.161566e+01,2.156029e+01,2.165717e+01,2.167100e+01,2.160182e+01,2.161566e+01,2.158798e+01,2.162950e+01,2.186445e+01,2.208509e+01,2.209886e+01,2.211952e+01,2.211263e+01,2.202308e+01,2.209886e+01,2.209198e+01,2.217459e+01,2.215394e+01,2.211952e+01,2.214017e+01,2.209198e+01,2.222962e+01,2.224338e+01,2.214706e+01,2.231900e+01,2.209886e+01,2.213329e+01,2.222275e+01,2.216771e+01,2.227088e+01,2.220899e+01,2.221587e+01,2.219523e+01,2.222962e+01,2.219523e+01,2.220899e+01,2.218835e+01,2.232587e+01,2.236022e+01,2.227088e+01,2.241516e+01,2.222962e+01,2.235335e+01,2.240829e+01,2.233961e+01,2.236022e+01,2.234648e+01,2.231212e+01,2.236709e+01,2.240142e+01,2.227088e+01,2.233274e+01,2.235335e+01,2.225713e+01,2.236022e+01,2.235335e+01,2.237395e+01,2.218835e+01,2.216771e+01,2.215394e+01,2.223650e+01,2.214706e+01,2.211952e+01,2.181612e+01,2.176086e+01,2.171940e+01,2.179540e+01,2.185065e+01,2.178159e+01,2.167792e+01,2.188516e+01,2.193345e+01,2.189896e+01,2.194725e+01,2.201619e+01,2.188516e+01,2.185065e+01,2.198862e+01,2.187825e+01,2.180922e+01,2.189206e+01,2.173322e+01,2.179540e+01,2.180922e+01,2.181612e+01,2.174013e+01,2.189206e+01,2.188516e+01,2.200241e+01,2.196793e+01,2.195414e+01,2.194725e+01,2.196104e+01,2.201619e+01,2.198172e+01,2.207131e+01,2.206442e+01,2.204376e+01,2.208509e+01,2.202308e+01,2.198862e+01,2.200241e+01,2.202308e+01,2.203687e+01,2.209886e+01,2.204376e+01,2.191276e+01,2.199551e+01,2.188516e+01,2.189896e+01,2.186445e+01,2.182993e+01,2.184374e+01,2.187825e+01,2.186445e+01,2.185065e+01,2.173322e+01,2.178159e+01,2.174704e+01,2.165025e+01,2.170557e+01,2.162950e+01,2.148411e+01,2.160874e+01,2.169175e+01,2.181612e+01,2.179540e+01,2.171940e+01,2.174704e+01,2.177468e+01,2.163642e+01,2.179540e+01,2.192655e+01,2.190586e+01,2.186445e+01,2.188516e+01,2.185755e+01,2.176777e+01,2.180231e+01,2.178850e+01,2.177468e+01,2.176086e+01,2.185065e+01,2.174704e+01,2.182993e+01,2.182303e+01,2.179540e+01,2.165717e+01,2.171248e+01,2.161566e+01,2.161566e+01,2.169866e+01,2.164334e+01,2.170557e+01,2.158106e+01,2.169866e+01,2.171248e+01,2.169866e+01,2.156721e+01,2.168483e+01,2.165717e+01,2.168483e+01,2.171248e+01,2.169175e+01,2.169866e+01,2.165025e+01,2.164334e+01,2.163642e+01,2.177468e+01,2.158106e+01,2.154645e+01,2.171940e+01,2.174704e+01,2.168483e+01,2.172631e+01,2.182303e+01,2.178850e+01,2.179540e+01,2.179540e+01,2.183684e+01,2.180231e+01,2.187135e+01,2.189206e+01,2.192655e+01,2.194035e+01,2.185755e+01,2.191276e+01,2.183684e+01,2.191276e+01,2.186445e+01,2.168483e+01,2.169866e+01,2.170557e+01,2.173322e+01,2.165025e+01,2.165717e+01,2.172631e+01,2.171248e+01,2.169866e+01,2.170557e+01,2.173322e+01,2.178850e+01,2.167792e+01,2.174013e+01,2.183684e+01,2.176086e+01,2.178850e+01,2.173322e+01,2.178159e+01,2.177468e+01,2.178850e+01,2.173322e+01,2.180231e+01,2.179540e+01,2.160182e+01,2.162258e+01,2.164334e+01,2.149796e+01,2.144946e+01,2.133158e+01,2.146332e+01,2.136626e+01,2.137320e+01,2.099797e+01,2.110234e+01,2.108843e+01,2.140094e+01,2.165025e+01,2.176086e+01,2.164334e+01,2.181612e+01,2.178159e+01,2.179540e+01,2.179540e+01,2.173322e+01,2.177468e+01,2.172631e+01,2.173322e+01,2.173322e+01,2.167100e+01,2.169175e+01,2.174704e+01,2.168483e+01,2.167100e+01,2.162258e+01,2.166409e+01,2.164334e+01,2.168483e+01,2.158798e+01,2.162950e+01,2.160874e+01,2.160874e+01,2.162258e+01,2.145639e+01,2.162258e+01,2.140094e+01,2.145639e+01,2.158798e+01,2.154645e+01,2.152567e+01,2.152567e+01,2.166409e+01,2.153952e+01,2.148411e+01,2.151875e+01,2.154645e+01,2.160182e+01,2.155337e+01,2.158106e+01,2.150489e+01,2.158798e+01,2.156721e+01,2.156721e+01,2.161566e+01,2.161566e+01,2.156721e+01,2.167792e+01,2.180231e+01,2.162950e+01,2.162950e+01,2.176086e+01,2.157414e+01,2.165717e+01,2.158798e+01,2.180231e+01,2.165025e+01,2.185065e+01,2.156721e+01,2.164334e+01,2.170557e+01,2.171248e+01,2.166409e+01,2.182993e+01,2.186445e+01,2.170557e+01,2.178850e+01,2.181612e+01,2.194725e+01,2.182993e+01,2.214706e+01,2.182993e+01,2.184374e+01,2.186445e+01,2.185065e+01,2.189896e+01,2.188516e+01,2.187135e+01,2.191965e+01,2.189206e+01,2.176777e+01,2.199551e+01,2.189206e+01,2.187825e+01,2.188516e+01,2.188516e+01,2.189206e+01,2.189896e+01,2.185755e+01,2.175395e+01,2.189896e+01,2.192655e+01,2.167792e+01,2.189206e+01,2.185065e+01,2.194035e+01,2.171940e+01,2.197483e+01,2.189896e+01,2.182993e+01,2.179540e+01,2.182303e+01,2.183684e+01,2.177468e+01,2.182993e+01,2.179540e+01,2.166409e+01,2.173322e+01,2.174704e+01,2.152567e+01,2.169866e+01,2.170557e+01,2.168483e+01,2.157414e+01,2.169175e+01,2.178850e+01,2.171248e+01,2.166409e+01,2.151182e+01,2.151182e+01,2.148411e+01,2.169175e+01,2.161566e+01,2.165025e+01,2.158106e+01,2.153952e+01,2.160182e+01,2.158106e+01,2.155337e+01,2.145639e+01,2.152567e+01,2.144946e+01,2.152567e+01,2.176086e+01,2.160874e+01,2.163642e+01,2.147718e+01,2.156721e+01,2.155337e+01,2.158106e+01,2.158106e+01,2.154645e+01,2.157414e+01,2.151182e+01,2.157414e+01,2.148411e+01,2.159490e+01,2.155337e+01,2.152567e+01,2.160874e+01,2.155337e+01,2.161566e+01,2.180231e+01,2.152567e+01,2.153952e+01,2.160874e+01,2.154645e+01,2.152567e+01,2.151182e+01,2.161566e+01,2.148411e+01,2.147718e+01,2.155337e+01,2.167792e+01
2.205754e+01,2.200241e+01,2.190586e+01,2.191276e+01,2.194725e+01,2.198862e+01,2.203687e+01,2.199551e+01,2.201619e+01,2.199551e+01,2.199551e+01,2.189896e+01,2.196793e+01,2.213329e+01,2.206442e+01,2.208509e+01,2.204376e+01,2.200930e+01,2.205065e+01,2.207131e+01,2.200930e+01,2.214706e+01,2.204376e+01,2.206442e+01,2.196104e+01,2.212641e+01,2.215394e+01,2.200930e+01,2.201619e+01,2.218147e+01,2.200241e+01,2.210575e+01,2.205065e+01,2.214017e+01,2.206442e+01,2.209198e+01,2.210575e+01,2.245634e+01,2.213329e+01,2.214017e+01,2.218147e+01,2.204376e+01,2.219523e+01,2.212641e+01,2.218147e+01,2.210575e+01,2.215394e+01,2.218147e+01,2.196104e+01,2.202997e+01,2.199551e+01,2.205754e+01,2.213329e+01,2.225026e+01,2.204376e+01,2.213329e+01,2.218147e+01,2.205065e+01,2.206442e+01,2.217459e+01,2.207820e+01,2.211263e+01,2.215394e+01,2.207820e+01,2.216771e+01,2.199551e+01,2.212641e+01,2.198172e+01,2.206442e+01,2.214017e+01,2.213329e+01,2.199551e+01,2.202997e+01,2.204376e+01,2.202997e+01,2.232587e+01,2.205065e+01,2.203687e+01,2.207131e+01,2.178159e+01,2.219523e+01,2.213329e+01,2.204376e+01,2.211263e+01,2.201619e+01,2.204376e+01,2.203687e+01,2.212641e+01,2.209198e+01,2.218147e+01,2.201619e+01,2.214706e+01,2.218147e+01,2.203687e+01,2.207820e+01,2.205065e+01,2.213329e+01,2.206442e+01,2.218835e+01,2.211952e+01,2.202308e+01,2.201619e+01,2.207131e+01,2.202997e+01,2.206442e+01,2.194725e+01,2.194725e+01,2.194035e+01,2.207131e+01,2.206442e+01,2.194725e+01,2.207820e+01,2.209198e+01,2.197483e+01,2.199551e+01,2.202997e+01,2.220899e+01,2.204376e+01,2.205754e+01,2.214706e+01,2.209198e+01,2.202997e+01,2.207131e+01,2.199551e+01,2.192655e+01,2.192655e+01,2.185755e+01,2.174704e+01,2.142174e+01,2.112320e+01,2.110234e+01,2.113015e+01,2.110929e+01,2.118576e+01,2.114406e+01,2.113711e+01,2.119271e+01,2.121355e+01,2.124133e+01,2.126217e+01,2.129688e+01,2.128299e+01,2.129688e+01,2.137320e+01,2.151875e+01,2.135933e+01,2.138707e+01,2.150489e+01,2.151182e+01,2.143560e+01,2.141480e+01,2.151875e+01,2.144253e+01,2.135239e+01,2.157414e+01,2.157414e+01,2.149104e+01,2.137320e+01,2.139400e+01,2.148411e+01,2.140094e+01,2.131770e+01,2.128299e+01,2.123439e+01,2.124133e+01,2.126911e+01,2.147718e+01,2.140787e+01,2.142867e+01,2.131076e+01,2.130382e+01,2.128299e+01,2.134545e+01,2.128993e+01,2.133158e+01,2.115101e+01,2.120660e+01,2.111625e+01,2.112320e+01,2.117881e+01,2.112320e+01,2.122050e+01,2.138013e+01,2.170557e+01,2.201619e+01,2.197483e+01,2.196104e+01,2.186445e+01,2.189206e+01,2.196104e+01,2.191965e+01,2.188516e+01,2.192655e+01,2.194035e+01,2.191276e+01,2.189896e+01,2.177468e+01,2.192655e+01,2.185065e+01,2.180922e+01,2.176086e+01,2.179540e+01,2.177468e+01,2.180922e+01,2.181612e+01,2.183684e+01,2.183684e+01,2.186445e+01,2.180231e+01,2.181612e+01,2.180922e+01,2.180231e+01,2.180922e+01,2.182303e+01,2.179540e+01,2.189896e+01,2.197483e+01,2.187135e+01,2.185065e+01,2.191276e+01,2.172631e+01,2.186445e+01,2.187135e+01,2.191276e+01,2.175395e+01,2.177468e+01,2.180231e+01,2.157414e+01,2.151875e+01,2.162950e+01,2.160874e+01,2.161566e+01,2.168483e+01,2.169175e+01,2.160874e+01,2.169866e+01,2.170557e+01,2.160182e+01,2.166409e+01,2.172631e+01,2.165717e+01,2.180922e+01,2.168483e+01,2.162950e+01,2.163642e+01,2.167100e+01,2.165025e+01,2.163642e+01,2.160874e+01,2.169175e+01,2.165717e+01,2.167100e+01,2.157414e+01,2.169175e+01,2.176086e+01,2.186445e+01,2.203687e+01,2.209198e+01,2.209886e+01,2.213329e+01,2.207820e+01,2.206442e+01,2.214706e+01,2.211952e+01,2.203687e+01,2.207820e+01,2.214017e+01,2.217459e+01,2.217459e+01,2.219523e+01,2.216771e+01,2.216082e+01,2.213329e+01,2.216082e+01,2.213329e+01,2.228463e+01,2.226401e+01,2.225713e+01,2.221587e+01,2.219523e+01,2.220211e+01,2.225713e+01,2.220211e+01,2.236709e+01,2.234648e+01,2.231900e+01,2.230525e+01,2.224338e+01,2.218835e+01,2.229838e+01,2.239456e+01,2.237395e+01,2.233961e+01,2.238082e+01,2.227776e+01,2.244948e+01,2.246320e+01,2.231900e+01,2.255923e+01,2.237395e+01,2.236022e+01,2.236709e+01,2.234648e+01,2.236709e+01,2.237395e+01,2.220899e+01,2.226401e+01,2.216771e+01,2.216082e+01,2.210575e+01,2.183684e+01,2.174013e+01,2.180922e+01,2.175395e+01,2.169866e+01,2.185755e+01,2.185065e+01,2.202308e+01,2.182993e+01,2.187825e+01,2.196104e+01,2.195414e+01,2.176086e+01,2.189896e+01,2.194035e+01,2.188516e+01,2.173322e+01,2.185755e+01,2.177468e+01,2.193345e+01,2.185755e+01,2.174704e+01,2.187135e+01,2.192655e+01,2.194035e+01,2.184374e+01,2.184374e+01,2.192655e+01,2.198862e+01,2.205065e+01,2.200930e+01,2.194725e+01,2.207820e+01,2.205065e+01,2.189896e+01,2.206442e+01,2.192655e+01,2.204376e+01,2.199551e+01,2.199551e+01,2.201619e+01,2.200930e+01,2.187825e+01,2.201619e+01,2.202308e+01,2.196104e+01,2.183684e+01,2.189896e+01,2.180922e+01,2.178850e+01,2.181612e+01,2.187135e+01,2.173322e+01,2.174704e+01,2.176777e+01,2.171940e+01,2.165717e+01,2.166409e+01,2.165025e+01,2.168483e+01,2.146332e+01,2.167792e+01,2.182303e+01,2.178850e+01,2.183684e+01,2.176086e+01,2.168483e+01,2.176777e+01,2.190586e+01,2.204376e+01,2.187825e+01,2.188516e+01,2.184374e+01,2.187135e+01,2.179540e+01,2.177468e+01,2.177468e+01,2.169175e+01,2.185065e+01,2.170557e+01,2.179540e+01,2.171248e+01,2.169175e+01,2.167100e+01,2.173322e+01,2.164334e+01,2.166409e+01,2.161566e+01,2.172631e+01,2.166409e+01,2.169175e+01,2.168483e+01,2.163642e+01,2.171248e+01,2.163642e+01,2.170557e+01,2.163642e+01,2.165717e+01,2.167100e+01,2.166409e+01,2.167792e+01,2.162258e+01,2.169175e+01,2.169175e+01,2.160182e+01,2.176086e+01,2.156029e+01,2.165717e+01,2.155337e+01,2.169866e+01,2.167100e+01,2.158798e+01,2.177468e+01,2.155337e+01,2.173322e+01,2.182993e+01,2.181612e+01,2.186445e+01,2.188516e+01,2.185755e+01,2.198862e+01,2.180922e+01,2.189206e+01,2.195414e+01,2.194725e+01,2.188516e+01,2.189896e+01,2.182993e+01,2.182993e+01,2.182303e+01,2.176086e+01,2.166409e+01,2.170557e+01,2.169175e+01,2.169866e+01,2.171248e+01,2.171940e+01,2.178850e+01,2.177468e+01,2.185065e+01,2.183684e+01,2.184374e+01,2.188516e+01,2.174013e+01,2.178159e+01,2.178850e+01,2.177468e+01,2.182303e+01,2.172631e+01,2.169866e+01,2.172631e+01,2.174013e+01,2.161566e+01,2.156029e+01,2.155337e+01,2.160182e+01,2.144253e+01,2.142174e+01,2.134545e+01,2.121355e+01,2.116491e+01,2.109539e+01,2.113015e+01,2.124828e+01,2.162950e+01,2.166409e+01,2.178159e+01,2.176086e+01,2.162258e+01,2.178159e+01,2.191276e+01,2.180922e+01,2.180922e+01,2.180922e+01,2.180231e+01,2.169866e+01,2.176777e+01,2.169866e+01,2.162950e+01,2.162258e+01,2.168483e+01,2.168483e+01,2.162258e+01,2.163642e+01,2.169866e+01,2.144946e+01,2.164334e+01,2.151875e+01,2.156721e+01,2.167100e+01,2.157414e+01,2.156721e+01,2.158798e+01,2.155337e+01,2.157414e+01,2.163642e+01,2.171248e+01,2.151875e+01,2.156721e+01,2.153952e+01,2.168483e+01,2.155337e+01,2.162950e+01,2.150489e+01,2.156721e+01,2.157414e+01,2.154645e+01,2.167100e+01,2.160874e+01,2.162258e+01,2.155337e+01,2.158106e+01,2.160182e+01,2.160874e+01,2.162258e+01,2.171940e+01,2.169866e+01,2.165025e+01,2.169175e+01,2.169175e+01,2.172631e+01,2.168483e+01,2.168483e+01,2.180922e+01,2.180231e+01,2.174013e+01,2.172631e+01,2.171940e+01,2.180231e+01,2.171940e+01,2.169175e+01,2.167792e+01,2.185755e+01,2.182303e+01,2.179540e+01,2.189206e+01,2.180231e+01,2.185065e+01,2.186445e+01,2.187135e+01,2.191965e+01,2.180922e+01,2.189206e+01,2.189206e+01,2.188516e+01,2.196104e+01,2.188516e+01,2.177468e+01,2.180922e+01,2.188516e+01,2.188516e+01,2.186445e+01,2.191276e+01,2.187825e+01,2.191965e+01,2.184374e+01,2.182303e+01,2.190586e+01,2.187135e+01,2.220211e+01,2.195414e+01,2.192655e+01,2.196104e+01,2.186445e+01,2.185065e+01,2.182993e+01,2.182993e+01,2.183684e+01,2.181612e+01,2.176086e+01,2.183684e+01,2.178850e+01,2.170557e+01,2.165025e+01,2.176777e+01,2.172631e+01,2.169866e+01,2.165025e+01,2.156029e+01,2.168483e+01,2.156029e+01,2.153260e+01,2.156721e+01,2.156029e+01,2.151875e+01,2.161566e+01,2.169866e+01,2.165717e+01,2.150489e+01,2.153260e+01,2.159490e+01,2.155337e+01,2.158106e+01,2.158106e+01,2.149104e+01,2.144253e+01,2.171248e+01,2.147718e+01,2.158106e+01,2.151182e+01,2.160182e+01,2.153260e+01,2.150489e+01,2.144253e+01,2.147025e+01,2.158106e+01,2.157414e+01,2.155337e+01,2.129688e+01,2.147718e+01,2.140094e+01,2.143560e+01,2.150489e+01,2.149796e+01,2.153260e+01,2.129688e+01,2.156029e+01,2.161566e+01,2.176086e+01,2.154645e+01,2.131770e+01,2.154645e+01,2.163642e+01,2.165025e+01,2.144946e+01,2.170557e+01,2.148411e+01,2.159490e+01,2.153260e+01,2.161566e+01
2.194725e+01,2.204376e+01,2.207820e+01,2.196793e+01,2.198172e+01,2.201619e+01,2.204376e+01,2.198172e+01,2.200241e+01,2.209198e+01,2.204376e+01,2.201619e+01,2.197483e+01,2.196104e+01,2.207131e+01,2.205065e+01,2.205754e+01,2.220899e+01,2.220899e+01,2.202997e+01,2.210575e+01,2.213329e+01,2.205065e+01,2.209886e+01,2.206442e+01,2.213329e+01,2.209886e+01,2.217459e+01,2.199551e+01,2.218835e+01,2.216771e+01,2.215394e+01,2.212641e+01,2.222275e+01,2.209886e+01,2.221587e+01,2.210575e+01,2.212641e+01,2.222962e+01,2.216082e+01,2.227088e+01,2.229838e+01,2.219523e+01,2.220211e+01,2.216082e+01,2.211952e+01,2.224338e+01,2.205754e+01,2.206442e+01,2.217459e+01,2.221587e+01,2.229151e+01,2.219523e+01,2.211952e+01,2.225713e+01,2.211952e+01,2.219523e+01,2.205754e+01,2.219523e+01,2.220899e+01,2.209198e+01,2.221587e+01,2.221587e+01,2.220899e+01,2.209198e+01,2.229838e+01,2.203687e+01,2.211952e+01,2.202997e+01,2.208509e+01,2.214706e+01,2.208509e+01,2.211952e+01,2.216082e+01,2.212641e+01,2.211263e+01,2.206442e+01,2.217459e+01,2.222275e+01,2.219523e+01,2.209886e+01,2.211263e+01,2.211263e+01,2.211263e+01,2.214706e+01,2.206442e+01,2.212641e+01,2.218835e+01,2.216771e+01,2.216771e+01,2.214017e+01,2.209198e+01,2.208509e+01,2.201619e+01,2.214017e+01,2.203687e+01,2.202997e+01,2.210575e+01,2.201619e+01,2.204376e+01,2.180922e+01,2.202308e+01,2.205065e+01,2.219523e+01,2.211263e+01,2.210575e+01,2.218835e+01,2.208509e+01,2.213329e+01,2.210575e+01,2.210575e+01,2.198862e+01,2.209886e+01,2.200241e+01,2.200930e+01,2.200930e+01,2.216082e+01,2.205065e+01,2.203687e+01,2.212641e+01,2.216082e+01,2.210575e+01,2.216082e+01,2.205065e+01,2.210575e+01,2.209886e+01,2.185065e+01,2.182993e+01,2.182303e+01,2.155337e+01,2.124828e+01,2.116491e+01,2.113015e+01,2.111625e+01,2.133158e+01,2.126911e+01,2.126217e+01,2.126217e+01,2.131770e+01,2.131770e+01,2.128299e+01,2.132464e+01,2.135933e+01,2.130382e+01,2.142867e+01,2.163642e+01,2.151182e+01,2.143560e+01,2.154645e+01,2.155337e+01,2.142867e+01,2.148411e+01,2.156029e+01,2.153260e+01,2.152567e+01,2.141480e+01,2.143560e+01,2.153260e+01,2.151875e+01,2.147718e+01,2.133158e+01,2.126217e+01,2.131076e+01,2.130382e+01,2.126911e+01,2.140094e+01,2.144946e+01,2.147718e+01,2.133851e+01,2.145639e+01,2.127605e+01,2.126911e+01,2.149796e+01,2.138707e+01,2.149104e+01,2.124828e+01,2.128299e+01,2.134545e+01,2.117186e+01,2.122744e+01,2.133851e+01,2.141480e+01,2.134545e+01,2.171940e+01,2.205065e+01,2.201619e+01,2.193345e+01,2.197483e+01,2.191965e+01,2.186445e+01,2.184374e+01,2.201619e+01,2.187825e+01,2.191276e+01,2.189896e+01,2.178850e+01,2.183684e+01,2.184374e+01,2.189896e+01,2.176086e+01,2.178850e+01,2.186445e+01,2.182993e+01,2.191276e+01,2.183684e+01,2.179540e+01,2.180922e+01,2.182993e+01,2.182303e+01,2.182303e+01,2.183684e+01,2.180922e+01,2.181612e+01,2.187135e+01,2.187135e+01,2.178159e+01,2.187825e+01,2.195414e+01,2.187825e+01,2.186445e+01,2.191276e+01,2.187135e+01,2.182303e+01,2.185065e+01,2.170557e+01,2.162258e+01,2.169175e+01,2.171940e+01,2.161566e+01,2.156029e+01,2.161566e+01,2.159490e+01,2.182303e+01,2.163642e+01,2.168483e+01,2.173322e+01,2.169866e+01,2.175395e+01,2.178159e+01,2.176086e+01,2.173322e+01,2.162950e+01,2.167792e+01,2.173322e+01,2.176086e+01,2.167100e+01,2.169175e+01,2.156721e+01,2.161566e+01,2.166409e+01,2.156721e+01,2.164334e+01,2.167792e+01,2.183684e+01,2.181612e+01,2.210575e+01,2.209886e+01,2.205754e+01,2.204376e+01,2.214017e+01,2.214706e+01,2.218147e+01,2.216771e+01,2.216082e+01,2.218835e+01,2.218147e+01,2.218835e+01,2.216771e+01,2.207820e+01,2.209886e+01,2.224338e+01,2.216082e+01,2.215394e+01,2.214017e+01,2.236022e+01,2.216082e+01,2.225026e+01,2.222962e+01,2.222275e+01,2.228463e+01,2.232587e+01,2.223650e+01,2.244261e+01,2.225026e+01,2.235335e+01,2.234648e+01,2.233961e+01,2.227088e+01,2.238769e+01,2.248379e+01,2.240829e+01,2.240829e+01,2.251808e+01,2.236022e+01,2.236709e+01,2.238769e+01,2.236022e+01,2.240829e+01,2.247692e+01,2.244948e+01,2.238082e+01,2.238082e+01,2.233961e+01,2.240142e+01,2.238769e+01,2.242888e+01,2.229151e+01,2.225026e+01,2.227776e+01,2.212641e+01,2.190586e+01,2.178159e+01,2.170557e+01,2.181612e+01,2.176777e+01,2.171940e+01,2.189896e+01,2.185065e+01,2.184374e+01,2.187135e+01,2.207820e+01,2.197483e+01,2.194725e+01,2.190586e+01,2.189206e+01,2.191276e+01,2.188516e+01,2.186445e+01,2.194725e+01,2.179540e+01,2.181612e+01,2.178850e+01,2.191965e+01,2.190586e+01,2.196793e+01,2.198172e+01,2.199551e+01,2.197483e+01,2.199551e+01,2.198862e+01,2.202997e+01,2.194035e+01,2.200930e+01,2.198862e+01,2.200930e+01,2.205754e+01,2.196104e+01,2.193345e+01,2.203687e+01,2.201619e+01,2.201619e+01,2.201619e+01,2.189896e+01,2.200241e+01,2.204376e+01,2.189206e+01,2.193345e+01,2.193345e+01,2.187135e+01,2.188516e+01,2.175395e+01,2.173322e+01,2.185065e+01,2.186445e+01,2.173322e+01,2.182303e+01,2.171940e+01,2.160182e+01,2.167792e+01,2.155337e+01,2.159490e+01,2.163642e+01,2.179540e+01,2.172631e+01,2.176086e+01,2.176086e+01,2.177468e+01,2.191276e+01,2.172631e+01,2.183684e+01,2.188516e+01,2.176777e+01,2.182303e+01,2.181612e+01,2.185065e+01,2.180922e+01,2.176086e+01,2.177468e+01,2.165717e+01,2.172631e+01,2.171248e+01,2.175395e+01,2.169866e+01,2.178159e+01,2.181612e+01,2.168483e+01,2.170557e+01,2.168483e+01,2.169175e+01,2.167100e+01,2.170557e+01,2.165717e+01,2.170557e+01,2.176086e+01,2.171940e+01,2.165025e+01,2.161566e+01,2.165717e+01,2.164334e+01,2.167792e+01,2.171248e+01,2.154645e+01,2.164334e+01,2.158106e+01,2.162258e+01,2.156721e+01,2.158798e+01,2.183684e+01,2.142174e+01,2.168483e+01,2.165717e+01,2.163642e+01,2.183684e+01,2.179540e+01,2.165717e+01,2.185065e+01,2.194035e+01,2.183684e+01,2.192655e+01,2.191276e+01,2.189206e+01,2.191276e+01,2.191965e+01,2.194725e+01,2.185755e+01,2.194035e+01,2.189896e+01,2.196793e+01,2.182303e+01,2.175395e+01,2.176777e+01,2.182303e+01,2.168483e+01,2.169175e+01,2.174704e+01,2.174704e+01,2.168483e+01,2.175395e+01,2.183684e+01,2.180922e+01,2.182993e+01,2.186445e+01,2.174704e+01,2.185065e+01,2.175395e+01,2.176086e+01,2.176086e+01,2.181612e+01,2.185065e+01,2.177468e+01,2.166409e+01,2.178159e+01,2.160874e+01,2.155337e+01,2.160874e+01,2.155337e+01,2.156721e+01,2.139400e+01,2.122744e+01,2.143560e+01,2.123439e+01,2.115796e+01,2.119966e+01,2.113015e+01,2.139400e+01,2.152567e+01,2.175395e+01,2.180231e+01,2.175395e+01,2.180922e+01,2.185065e+01,2.185755e+01,2.176777e+01,2.185755e+01,2.180922e+01,2.179540e+01,2.178850e+01,2.164334e+01,2.175395e+01,2.169175e+01,2.166409e+01,2.171940e+01,2.170557e+01,2.168483e+01,2.168483e+01,2.165717e+01,2.162258e+01,2.161566e+01,2.160182e+01,2.146332e+01,2.147718e+01,2.154645e+01,2.163642e+01,2.160874e+01,2.160182e+01,2.153952e+01,2.152567e+01,2.153260e+01,2.156029e+01,2.169175e+01,2.152567e+01,2.154645e+01,2.149796e+01,2.142867e+01,2.162258e+01,2.167100e+01,2.160182e+01,2.162950e+01,2.161566e+01,2.160874e+01,2.159490e+01,2.160874e+01,2.158798e+01,2.172631e+01,2.171248e+01,2.162258e+01,2.160874e+01,2.171940e+01,2.174704e+01,2.167792e+01,2.165717e+01,2.168483e+01,2.170557e+01,2.167792e+01,2.183684e+01,2.171248e+01,2.167100e+01,2.172631e+01,2.180231e+01,2.167792e+01,2.164334e+01,2.192655e+01,2.192655e+01,2.185065e+01,2.185065e+01,2.189206e+01,2.178850e+01,2.180231e+01,2.185755e+01,2.189896e+01,2.194035e+01,2.180922e+01,2.185755e+01,2.191276e+01,2.190586e+01,2.182303e+01,2.189896e+01,2.178159e+01,2.191965e+01,2.197483e+01,2.194035e+01,2.180231e+01,2.191965e+01,2.187135e+01,2.184374e+01,2.188516e+01,2.183684e+01,2.190586e+01,2.188516e+01,2.188516e+01,2.195414e+01,2.180231e+01,2.189896e+01,2.186445e+01,2.188516e+01,2.182303e+01,2.182303e+01,2.170557e+01,2.185755e+01,2.176777e+01,2.175395e+01,2.169866e+01,2.178159e+01,2.166409e+01,2.161566e+01,2.167100e+01,2.163642e+01,2.173322e+01,2.167792e+01,2.173322e+01,2.168483e+01,2.172631e+01,2.158106e+01,2.166409e+01,2.167100e+01,2.174704e+01,2.160874e+01,2.155337e+01,2.165025e+01,2.160182e+01,2.162950e+01,2.161566e+01,2.158798e+01,2.158798e+01,2.153952e+01,2.156029e+01,2.165717e+01,2.161566e+01,2.167792e+01,2.167792e+01,2.168483e+01,2.155337e+01,2.167100e+01,2.155337e+01,2.147718e+01,2.146332e+01,2.151182e+01,2.155337e+01,2.141480e+01,2.157414e+01,2.143560e+01,2.158106e+01,2.167792e+01,2.151182e+01,2.147718e+01,2.156721e+01,2.150489e+01,2.173322e+01,2.157414e+01,2.144946e+01,2.145639e+01,2.157414e+01,2.153952e+01,2.147718e+01,2.165025e+01,2.156721e+01,2.160182e+01,2.150489e+01,2.160874e+01,2.151875e+01
2.192655e+01,2.191965e+01,2.214017e+01,2.191276e+01,2.189206e+01,2.203687e+01,2.202997e+01,2.205065e+01,2.191276e+01,2.197483e+01,2.194035e+01,2.200930e+01,2.205065e+01,2.196104e+01,2.194725e+01,2.224338e+01,2.210575e+01,2.202997e+01,2.218147e+01,2.217459e+01,2.202997e+01,2.209198e+01,2.237395e+01,2.213329e+01,2.230525e+01,2.216771e+01,2.220211e+01,2.206442e+01,2.220211e+01,2.217459e+01,2.214017e+01,2.205065e+01,2.207131e+01,2.222275e+01,2.218835e+01,2.216082e+01,2.225713e+01,2.226401e+01,2.207131e+01,2.214706e+01,2.215394e+01,2.205754e+01,2.205754e+01,2.216082e+01,2.219523e+01,2.222962e+01,2.211952e+01,2.209886e+01,2.209886e+01,2.215394e+01,2.218147e+01,2.213329e+01,2.226401e+01,2.220899e+01,2.216082e+01,2.220211e+01,2.218147e+01,2.209886e+01,2.218147e+01,2.220211e+01,2.208509e+01,2.218147e+01,2.214706e+01,2.211952e+01,2.221587e+01,2.216771e+01,2.206442e+01,2.202308e+01,2.218147e+01,2.208509e+01,2.209198e+01,2.210575e+01,2.208509e+01,2.207820e+01,2.209886e+01,2.212641e+01,2.214706e+01,2.211952e+01,2.202997e+01,2.218835e+01,2.211263e+01,2.207131e+01,2.205065e+01,2.202308e+01,2.214706e+01,2.206442e+01,2.222962e+01,2.220211e+01,2.209198e+01,2.217459e+01,2.212641e+01,2.210575e+01,2.211263e+01,2.216771e+01,2.207131e+01,2.211263e+01,2.215394e+01,2.212641e+01,2.214017e+01,2.207820e+01,2.202308e+01,2.208509e+01,2.205065e+01,2.204376e+01,2.200241e+01,2.199551e+01,2.195414e+01,2.212641e+01,2.211952e+01,2.209886e+01,2.211263e+01,2.196104e+01,2.210575e+01,2.202997e+01,2.203687e+01,2.201619e+01,2.212641e+01,2.208509e+01,2.208509e+01,2.203687e+01,2.214017e+01,2.207820e+01,2.213329e+01,2.213329e+01,2.211263e+01,2.206442e+01,2.190586e+01,2.185065e+01,2.188516e+01,2.185755e+01,2.147718e+01,2.110234e+01,2.113015e+01,2.110234e+01,2.116491e+01,2.108843e+01,2.120660e+01,2.124828e+01,2.128299e+01,2.128993e+01,2.145639e+01,2.135933e+01,2.144253e+01,2.141480e+01,2.128299e+01,2.150489e+01,2.160874e+01,2.150489e+01,2.145639e+01,2.154645e+01,2.149796e+01,2.159490e+01,2.152567e+01,2.149104e+01,2.153952e+01,2.158798e+01,2.148411e+01,2.148411e+01,2.146332e+01,2.133158e+01,2.127605e+01,2.131770e+01,2.126217e+01,2.135933e+01,2.135933e+01,2.125522e+01,2.140094e+01,2.147025e+01,2.146332e+01,2.132464e+01,2.140094e+01,2.144946e+01,2.115101e+01,2.153260e+01,2.142867e+01,2.133851e+01,2.151875e+01,2.134545e+01,2.145639e+01,2.133851e+01,2.133851e+01,2.135239e+01,2.133851e+01,2.158798e+01,2.171940e+01,2.195414e+01,2.195414e+01,2.194035e+01,2.197483e+01,2.195414e+01,2.195414e+01,2.187825e+01,2.187825e+01,2.192655e+01,2.175395e+01,2.188516e+01,2.178159e+01,2.176777e+01,2.182303e+01,2.182303e+01,2.179540e+01,2.174704e+01,2.179540e+01,2.187135e+01,2.180231e+01,2.194035e+01,2.194035e+01,2.181612e+01,2.184374e+01,2.182303e+01,2.187825e+01,2.186445e+01,2.179540e+01,2.189896e+01,2.191276e+01,2.191965e+01,2.188516e+01,2.196104e+01,2.191276e+01,2.181612e+01,2.187135e+01,2.187135e+01,2.171248e+01,2.171940e+01,2.173322e+01,2.167792e+01,2.169866e+01,2.156029e+01,2.153952e+01,2.171940e+01,2.156029e+01,2.164334e+01,2.169175e+01,2.164334e+01,2.171940e+01,2.166409e+01,2.178159e+01,2.174704e+01,2.179540e+01,2.172631e+01,2.171940e+01,2.172631e+01,2.174013e+01,2.174013e+01,2.177468e+01,2.159490e+01,2.158106e+01,2.169866e+01,2.154645e+01,2.161566e+01,2.161566e+01,2.175395e+01,2.165717e+01,2.187135e+01,2.211952e+01,2.202308e+01,2.206442e+01,2.205754e+01,2.209886e+01,2.211263e+01,2.206442e+01,2.214706e+01,2.216082e+01,2.216771e+01,2.206442e+01,2.216082e+01,2.216082e+01,2.214706e+01,2.212641e+01,2.214706e+01,2.221587e+01,2.220899e+01,2.213329e+01,2.209198e+01,2.215394e+01,2.225026e+01,2.227088e+01,2.222275e+01,2.248379e+01,2.224338e+01,2.225713e+01,2.237395e+01,2.236709e+01,2.241516e+01,2.229838e+01,2.235335e+01,2.236022e+01,2.240142e+01,2.229838e+01,2.238769e+01,2.241516e+01,2.251122e+01,2.240829e+01,2.235335e+01,2.241516e+01,2.246320e+01,2.242888e+01,2.235335e+01,2.240829e+01,2.241516e+01,2.240829e+01,2.241516e+01,2.237395e+01,2.241516e+01,2.236022e+01,2.236022e+01,2.240142e+01,2.221587e+01,2.230525e+01,2.220211e+01,2.182303e+01,2.169175e+01,2.169175e+01,2.177468e+01,2.182303e+01,2.175395e+01,2.186445e+01,2.180231e+01,2.185065e+01,2.184374e+01,2.205754e+01,2.197483e+01,2.193345e+01,2.200930e+01,2.189896e+01,2.197483e+01,2.189896e+01,2.181612e+01,2.182993e+01,2.180231e+01,2.180231e+01,2.186445e+01,2.191965e+01,2.191276e+01,2.195414e+01,2.190586e+01,2.198172e+01,2.187135e+01,2.202308e+01,2.202308e+01,2.201619e+01,2.204376e+01,2.205065e+01,2.205754e+01,2.196104e+01,2.209886e+01,2.200930e+01,2.203687e+01,2.202997e+01,2.198172e+01,2.202308e+01,2.201619e+01,2.199551e+01,2.205754e+01,2.193345e+01,2.185755e+01,2.185065e+01,2.187825e+01,2.185755e+01,2.192655e+01,2.187135e+01,2.179540e+01,2.174704e+01,2.174704e+01,2.175395e+01,2.178159e+01,2.171940e+01,2.173322e+01,2.165025e+01,2.162950e+01,2.159490e+01,2.166409e+01,2.168483e+01,2.167100e+01,2.185755e+01,2.172631e+01,2.178850e+01,2.163642e+01,2.203687e+01,2.188516e+01,2.180231e+01,2.173322e+01,2.172631e+01,2.174704e+01,2.179540e+01,2.174013e+01,2.174013e+01,2.174704e+01,2.170557e+01,2.174013e+01,2.170557e+01,2.174704e+01,2.171940e+01,2.177468e+01,2.183684e+01,2.147025e+01,2.160874e+01,2.176777e+01,2.169175e+01,2.171940e+01,2.165025e+01,2.177468e+01,2.160874e+01,2.164334e+01,2.162258e+01,2.174704e+01,2.171248e+01,2.172631e+01,2.163642e+01,2.173322e+01,2.169175e+01,2.169175e+01,2.158106e+01,2.164334e+01,2.160182e+01,2.159490e+01,2.169866e+01,2.169866e+01,2.165025e+01,2.159490e+01,2.160182e+01,2.163642e+01,2.180231e+01,2.181612e+01,2.182303e+01,2.182993e+01,2.169175e+01,2.185065e+01,2.189206e+01,2.194725e+01,2.200241e+01,2.193345e+01,2.198862e+01,2.196104e+01,2.188516e+01,2.186445e+01,2.183684e+01,2.189896e+01,2.184374e+01,2.185755e+01,2.184374e+01,2.187135e+01,2.181612e+01,2.168483e+01,2.169866e+01,2.167792e+01,2.166409e+01,2.171248e+01,2.167792e+01,2.171248e+01,2.184374e+01,2.198862e+01,2.169175e+01,2.181612e+01,2.182993e+01,2.178850e+01,2.175395e+01,2.185755e+01,2.176086e+01,2.182993e+01,2.185755e+01,2.180922e+01,2.171248e+01,2.178159e+01,2.165025e+01,2.165717e+01,2.147718e+01,2.149104e+01,2.127605e+01,2.123439e+01,2.136626e+01,2.119271e+01,2.116491e+01,2.124133e+01,2.123439e+01,2.144946e+01,2.166409e+01,2.181612e+01,2.166409e+01,2.179540e+01,2.184374e+01,2.179540e+01,2.183684e+01,2.182993e+01,2.180231e+01,2.181612e+01,2.167792e+01,2.176086e+01,2.165025e+01,2.168483e+01,2.173322e+01,2.170557e+01,2.163642e+01,2.162258e+01,2.162258e+01,2.167792e+01,2.144253e+01,2.165025e+01,2.152567e+01,2.156721e+01,2.156029e+01,2.154645e+01,2.171940e+01,2.171940e+01,2.171940e+01,2.173322e+01,2.156721e+01,2.148411e+01,2.150489e+01,2.149796e+01,2.158798e+01,2.153260e+01,2.156721e+01,2.149104e+01,2.163642e+01,2.168483e+01,2.167100e+01,2.160182e+01,2.155337e+01,2.160874e+01,2.162258e+01,2.160874e+01,2.164334e+01,2.161566e+01,2.174013e+01,2.169175e+01,2.176777e+01,2.164334e+01,2.164334e+01,2.171940e+01,2.162258e+01,2.177468e+01,2.164334e+01,2.167792e+01,2.164334e+01,2.164334e+01,2.162258e+01,2.180922e+01,2.170557e+01,2.167100e+01,2.193345e+01,2.185755e+01,2.192655e+01,2.171940e+01,2.185755e+01,2.178850e+01,2.187135e+01,2.181612e+01,2.185755e+01,2.189206e+01,2.194035e+01,2.187135e+01,2.189896e+01,2.185065e+01,2.185755e+01,2.184374e+01,2.195414e+01,2.187135e+01,2.176777e+01,2.196104e+01,2.186445e+01,2.190586e+01,2.191965e+01,2.184374e+01,2.187135e+01,2.180922e+01,2.191276e+01,2.193345e+01,2.186445e+01,2.194035e+01,2.179540e+01,2.187825e+01,2.191965e+01,2.185065e+01,2.182993e+01,2.184374e+01,2.182993e+01,2.165717e+01,2.174704e+01,2.174704e+01,2.168483e+01,2.174704e+01,2.174704e+01,2.181612e+01,2.178159e+01,2.163642e+01,2.168483e+01,2.163642e+01,2.182993e+01,2.157414e+01,2.170557e+01,2.167100e+01,2.167100e+01,2.166409e+01,2.165025e+01,2.167100e+01,2.163642e+01,2.167100e+01,2.163642e+01,2.166409e+01,2.158798e+01,2.161566e+01,2.159490e+01,2.150489e+01,2.158106e+01,2.164334e+01,2.153260e+01,2.155337e+01,2.166409e+01,2.140787e+01,2.162258e+01,2.149104e+01,2.162258e+01,2.142867e+01,2.155337e+01,2.147025e+01,2.131076e+01,2.162258e+01,2.142174e+01,2.162950e+01,2.167792e+01,2.153260e+01,2.155337e+01,2.164334e+01,2.140787e+01,2.164334e+01,2.147718e+01,2.145639e+01,2.140787e+01,2.142174e+01,2.142174e+01,2.154645e+01,2.143560e+01,2.156029e+01,2.182993e+01,2.152567e+01,2.165717e+01,2.180922e+01,2.151875e+01,2.149796e+01
2.193345e+01,2.194725e+01,2.189896e+01,2.201619e+01,2.200241e+01,2.192655e+01,2.197483e+01,2.194725e+01,2.195414e+01,2.195414e+01,2.205754e+01,2.206442e+01,2.207820e+01,2.207820e+01,2.198172e+01,2.200930e+01,2.204376e+01,2.222962e+01,2.219523e+01,2.214706e+01,2.210575e+01,2.210575e+01,2.205754e+01,2.202997e+01,2.212641e+01,2.207820e+01,2.207131e+01,2.221587e+01,2.212641e+01,2.220899e+01,2.219523e+01,2.202997e+01,2.220211e+01,2.214706e+01,2.212641e+01,2.219523e+01,2.220899e+01,2.221587e+01,2.214706e+01,2.216082e+01,2.215394e+01,2.213329e+01,2.218835e+01,2.219523e+01,2.215394e+01,2.227776e+01,2.211952e+01,2.216082e+01,2.218835e+01,2.207131e+01,2.211952e+01,2.218835e+01,2.229838e+01,2.205754e+01,2.225713e+01,2.217459e+01,2.214017e+01,2.216771e+01,2.212641e+01,2.210575e+01,2.218147e+01,2.220211e+01,2.213329e+01,2.211952e+01,2.216082e+01,2.200930e+01,2.217459e+01,2.219523e+01,2.208509e+01,2.208509e+01,2.210575e+01,2.207820e+01,2.225026e+01,2.200930e+01,2.202308e+01,2.211263e+01,2.202997e+01,2.216771e+01,2.209198e+01,2.216082e+01,2.213329e+01,2.202308e+01,2.209198e+01,2.210575e+01,2.225026e+01,2.218835e+01,2.211263e+01,2.216771e+01,2.221587e+01,2.205065e+01,2.204376e+01,2.205065e+01,2.204376e+01,2.206442e+01,2.206442e+01,2.210575e+01,2.200241e+01,2.194035e+01,2.201619e+01,2.205065e+01,2.222275e+01,2.208509e+01,2.208509e+01,2.195414e+01,2.207820e+01,2.204376e+01,2.201619e+01,2.204376e+01,2.205754e+01,2.207820e+01,2.200930e+01,2.200241e+01,2.199551e+01,2.202308e+01,2.201619e+01,2.212641e+01,2.200241e+01,2.199551e+01,2.200930e+01,2.205065e+01,2.207820e+01,2.214706e+01,2.208509e+01,2.221587e+01,2.216082e+01,2.207820e+01,2.209886e+01,2.199551e+01,2.190586e+01,2.194725e+01,2.158798e+01,2.138707e+01,2.117186e+01,2.111625e+01,2.124133e+01,2.131770e+01,2.126911e+01,2.112320e+01,2.130382e+01,2.128993e+01,2.134545e+01,2.146332e+01,2.133158e+01,2.150489e+01,2.152567e+01,2.154645e+01,2.151875e+01,2.148411e+01,2.158106e+01,2.152567e+01,2.142174e+01,2.158106e+01,2.149104e+01,2.148411e+01,2.153952e+01,2.147718e+01,2.144946e+01,2.158106e+01,2.143560e+01,2.142867e+01,2.137320e+01,2.138707e+01,2.138013e+01,2.138707e+01,2.136626e+01,2.140787e+01,2.138013e+01,2.141480e+01,2.126911e+01,2.131770e+01,2.138013e+01,2.144946e+01,2.150489e+01,2.151875e+01,2.147718e+01,2.152567e+01,2.139400e+01,2.125522e+01,2.147025e+01,2.144946e+01,2.144253e+01,2.135239e+01,2.138707e+01,2.138707e+01,2.166409e+01,2.191965e+01,2.196793e+01,2.187825e+01,2.192655e+01,2.189206e+01,2.185065e+01,2.191276e+01,2.184374e+01,2.177468e+01,2.178159e+01,2.186445e+01,2.178850e+01,2.178159e+01,2.194725e+01,2.173322e+01,2.180922e+01,2.182303e+01,2.182993e+01,2.184374e+01,2.182303e+01,2.182303e+01,2.180922e+01,2.184374e+01,2.186445e+01,2.178850e+01,2.185065e+01,2.190586e+01,2.182993e+01,2.178850e+01,2.200930e+01,2.180231e+01,2.189206e+01,2.195414e+01,2.190586e+01,2.190586e+01,2.186445e+01,2.187135e+01,2.180922e+01,2.171248e+01,2.162258e+01,2.163642e+01,2.176086e+01,2.170557e+01,2.175395e+01,2.175395e+01,2.163642e+01,2.181612e+01,2.170557e+01,2.168483e+01,2.186445e+01,2.165717e+01,2.176086e+01,2.174704e+01,2.169866e+01,2.165025e+01,2.177468e+01,2.176777e+01,2.176086e+01,2.174704e+01,2.173322e+01,2.167792e+01,2.161566e+01,2.169175e+01,2.165025e+01,2.163642e+01,2.159490e+01,2.160182e+01,2.181612e+01,2.194035e+01,2.201619e+01,2.207131e+01,2.202308e+01,2.200930e+01,2.206442e+01,2.200930e+01,2.207820e+01,2.205754e+01,2.204376e+01,2.215394e+01,2.214017e+01,2.217459e+01,2.213329e+01,2.210575e+01,2.205754e+01,2.216082e+01,2.210575e+01,2.217459e+01,2.208509e+01,2.210575e+01,2.217459e+01,2.219523e+01,2.221587e+01,2.220899e+01,2.224338e+01,2.221587e+01,2.231212e+01,2.231212e+01,2.230525e+01,2.233274e+01,2.222275e+01,2.224338e+01,2.241516e+01,2.239456e+01,2.236709e+01,2.251808e+01,2.251808e+01,2.242202e+01,2.254551e+01,2.238769e+01,2.243575e+01,2.252494e+01,2.236709e+01,2.240142e+01,2.249065e+01,2.260720e+01,2.260035e+01,2.242202e+01,2.242202e+01,2.240142e+01,2.240142e+01,2.238082e+01,2.237395e+01,2.238082e+01,2.232587e+01,2.195414e+01,2.176086e+01,2.180231e+01,2.185065e+01,2.177468e+01,2.189896e+01,2.189206e+01,2.183684e+01,2.191276e+01,2.186445e+01,2.184374e+01,2.199551e+01,2.185755e+01,2.188516e+01,2.189206e+01,2.191965e+01,2.189206e+01,2.189206e+01,2.196104e+01,2.191965e+01,2.188516e+01,2.187135e+01,2.189896e+01,2.194035e+01,2.191276e+01,2.182303e+01,2.188516e+01,2.184374e+01,2.194725e+01,2.194035e+01,2.202997e+01,2.192655e+01,2.199551e+01,2.200241e+01,2.199551e+01,2.201619e+01,2.200241e+01,2.202308e+01,2.196793e+01,2.200241e+01,2.198172e+01,2.194035e+01,2.205754e+01,2.199551e+01,2.207131e+01,2.196104e+01,2.186445e+01,2.185755e+01,2.182993e+01,2.182993e+01,2.178159e+01,2.174013e+01,2.171940e+01,2.173322e+01,2.175395e+01,2.174704e+01,2.171248e+01,2.176086e+01,2.175395e+01,2.162950e+01,2.169175e+01,2.163642e+01,2.168483e+01,2.167100e+01,2.168483e+01,2.180231e+01,2.170557e+01,2.176086e+01,2.180231e+01,2.182993e+01,2.180231e+01,2.173322e+01,2.179540e+01,2.181612e+01,2.172631e+01,2.175395e+01,2.171940e+01,2.174013e+01,2.178159e+01,2.177468e+01,2.171248e+01,2.175395e+01,2.174013e+01,2.168483e+01,2.164334e+01,2.174704e+01,2.168483e+01,2.160182e+01,2.169866e+01,2.186445e+01,2.160874e+01,2.172631e+01,2.170557e+01,2.165025e+01,2.162950e+01,2.162950e+01,2.167792e+01,2.158798e+01,2.162258e+01,2.160874e+01,2.161566e+01,2.166409e+01,2.173322e+01,2.164334e+01,2.162258e+01,2.165025e+01,2.156721e+01,2.160874e+01,2.165025e+01,2.163642e+01,2.167100e+01,2.167792e+01,2.158798e+01,2.171940e+01,2.176777e+01,2.175395e+01,2.185755e+01,2.185065e+01,2.189206e+01,2.189896e+01,2.189896e+01,2.192655e+01,2.191276e+01,2.188516e+01,2.195414e+01,2.192655e+01,2.183684e+01,2.184374e+01,2.185065e+01,2.185755e+01,2.178850e+01,2.184374e+01,2.191965e+01,2.178159e+01,2.187825e+01,2.176777e+01,2.166409e+01,2.169866e+01,2.167100e+01,2.169866e+01,2.176777e+01,2.177468e+01,2.182993e+01,2.171940e+01,2.186445e+01,2.187825e+01,2.185065e+01,2.193345e+01,2.192655e+01,2.186445e+01,2.183684e+01,2.166409e+01,2.164334e+01,2.165717e+01,2.171940e+01,2.160874e+01,2.160874e+01,2.149796e+01,2.160182e+01,2.142867e+01,2.128299e+01,2.138707e+01,2.126217e+01,2.122744e+01,2.119271e+01,2.120660e+01,2.125522e+01,2.167100e+01,2.170557e+01,2.168483e+01,2.176086e+01,2.181612e+01,2.180922e+01,2.182303e+01,2.180922e+01,2.171940e+01,2.179540e+01,2.180922e+01,2.179540e+01,2.172631e+01,2.174704e+01,2.162258e+01,2.169866e+01,2.167792e+01,2.166409e+01,2.164334e+01,2.162258e+01,2.158106e+01,2.159490e+01,2.149796e+01,2.154645e+01,2.152567e+01,2.167792e+01,2.156721e+01,2.144946e+01,2.155337e+01,2.154645e+01,2.160182e+01,2.153952e+01,2.157414e+01,2.161566e+01,2.150489e+01,2.160874e+01,2.158106e+01,2.147025e+01,2.134545e+01,2.158106e+01,2.169175e+01,2.161566e+01,2.152567e+01,2.162258e+01,2.149796e+01,2.162258e+01,2.169866e+01,2.157414e+01,2.168483e+01,2.164334e+01,2.171248e+01,2.167792e+01,2.166409e+01,2.175395e+01,2.163642e+01,2.169175e+01,2.181612e+01,2.178850e+01,2.178159e+01,2.157414e+01,2.171940e+01,2.175395e+01,2.163642e+01,2.185065e+01,2.161566e+01,2.178159e+01,2.185065e+01,2.176777e+01,2.173322e+01,2.176086e+01,2.192655e+01,2.179540e+01,2.184374e+01,2.192655e+01,2.191965e+01,2.180922e+01,2.187135e+01,2.197483e+01,2.196793e+01,2.186445e+01,2.158798e+01,2.189896e+01,2.178159e+01,2.187135e+01,2.187135e+01,2.185065e+01,2.183684e+01,2.191965e+01,2.187135e+01,2.179540e+01,2.181612e+01,2.182993e+01,2.185065e+01,2.194035e+01,2.186445e+01,2.189896e+01,2.194035e+01,2.172631e+01,2.187825e+01,2.177468e+01,2.174704e+01,2.179540e+01,2.176777e+01,2.172631e+01,2.170557e+01,2.171248e+01,2.167100e+01,2.171940e+01,2.167100e+01,2.168483e+01,2.177468e+01,2.165717e+01,2.171248e+01,2.162950e+01,2.161566e+01,2.165717e+01,2.164334e+01,2.160182e+01,2.174704e+01,2.165717e+01,2.142867e+01,2.153952e+01,2.150489e+01,2.151182e+01,2.158798e+01,2.162258e+01,2.143560e+01,2.162258e+01,2.170557e+01,2.159490e+01,2.151182e+01,2.160182e+01,2.146332e+01,2.153952e+01,2.142867e+01,2.158798e+01,2.160874e+01,2.143560e+01,2.144253e+01,2.147718e+01,2.146332e+01,2.158798e+01,2.153260e+01,2.156029e+01,2.155337e+01,2.152567e+01,2.152567e+01,2.149104e+01,2.164334e+01,2.154645e+01,2.147025e+01,2.160874e+01,2.157414e+01,2.138707e+01,2.154645e+01,2.144253e+01,2.152567e+01,2.165025e+01,2.156029e+01,2.151182e+01,2.144946e+01,2.151182e+01,2.150489e+01,2.156029e+01
2.196104e+01,2.197483e+01,2.190586e+01,2.196793e+01,2.204376e+01,2.207820e+01,2.202997e+01,2.189896e+01,2.189206e+01,2.218147e+01,2.209886e+01,2.200930e+01,2.197483e+01,2.202308e+01,2.204376e+01,2.202308e+01,2.222962e+01,2.202308e+01,2.204376e+01,2.206442e+01,2.209198e+01,2.218835e+01,2.207820e+01,2.217459e+01,2.216082e+01,2.226401e+01,2.214017e+01,2.219523e+01,2.218147e+01,2.225026e+01,2.211952e+01,2.209886e+01,2.218835e+01,2.222275e+01,2.214017e+01,2.220899e+01,2.223650e+01,2.219523e+01,2.226401e+01,2.211952e+01,2.214017e+01,2.216082e+01,2.212641e+01,2.214017e+01,2.245634e+01,2.218147e+01,2.218147e+01,2.214706e+01,2.220211e+01,2.213329e+01,2.214017e+01,2.220899e+01,2.225713e+01,2.220211e+01,2.225713e+01,2.224338e+01,2.216771e+01,2.214017e+01,2.210575e+01,2.214706e+01,2.214706e+01,2.218147e+01,2.219523e+01,2.219523e+01,2.220211e+01,2.213329e+01,2.240142e+01,2.211263e+01,2.214017e+01,2.211263e+01,2.206442e+01,2.213329e+01,2.205754e+01,2.207131e+01,2.214706e+01,2.212641e+01,2.212641e+01,2.214706e+01,2.202308e+01,2.207820e+01,2.205754e+01,2.212641e+01,2.198862e+01,2.205065e+01,2.212641e+01,2.206442e+01,2.222275e+01,2.211263e+01,2.214017e+01,2.207820e+01,2.205065e+01,2.209886e+01,2.205065e+01,2.207131e+01,2.207820e+01,2.214017e+01,2.207131e+01,2.200241e+01,2.208509e+01,2.198172e+01,2.208509e+01,2.197483e+01,2.199551e+01,2.206442e+01,2.196793e+01,2.209198e+01,2.202308e+01,2.198862e+01,2.202308e+01,2.209886e+01,2.198862e+01,2.202997e+01,2.225713e+01,2.214706e+01,2.202997e+01,2.216082e+01,2.216082e+01,2.205754e+01,2.207131e+01,2.205754e+01,2.202308e+01,2.206442e+01,2.213329e+01,2.199551e+01,2.213329e+01,2.209886e+01,2.198172e+01,2.207131e+01,2.198172e+01,2.200241e+01,2.186445e+01,2.154645e+01,2.110929e+01,2.106061e+01,2.140094e+01,2.128299e+01,2.127605e+01,2.124828e+01,2.128993e+01,2.130382e+01,2.135239e+01,2.141480e+01,2.133851e+01,2.160182e+01,2.151182e+01,2.152567e+01,2.154645e+01,2.153260e+01,2.144253e+01,2.151182e+01,2.162950e+01,2.155337e+01,2.159490e+01,2.146332e+01,2.151182e+01,2.151182e+01,2.151875e+01,2.151182e+01,2.149796e+01,2.146332e+01,2.140094e+01,2.139400e+01,2.137320e+01,2.141480e+01,2.138707e+01,2.142174e+01,2.146332e+01,2.147025e+01,2.153952e+01,2.137320e+01,2.152567e+01,2.140094e+01,2.144946e+01,2.139400e+01,2.140787e+01,2.152567e+01,2.149104e+01,2.141480e+01,2.149796e+01,2.133158e+01,2.138013e+01,2.133851e+01,2.138707e+01,2.139400e+01,2.158798e+01,2.169175e+01,2.179540e+01,2.191276e+01,2.206442e+01,2.191965e+01,2.193345e+01,2.176777e+01,2.183684e+01,2.195414e+01,2.187135e+01,2.191276e+01,2.190586e+01,2.192655e+01,2.177468e+01,2.175395e+01,2.174704e+01,2.169866e+01,2.180231e+01,2.182993e+01,2.185065e+01,2.181612e+01,2.182303e+01,2.174704e+01,2.182303e+01,2.175395e+01,2.185065e+01,2.185755e+01,2.175395e+01,2.166409e+01,2.185755e+01,2.187825e+01,2.189206e+01,2.189206e+01,2.183684e+01,2.189896e+01,2.179540e+01,2.183684e+01,2.162950e+01,2.167792e+01,2.167100e+01,2.170557e+01,2.161566e+01,2.171248e+01,2.158798e+01,2.180922e+01,2.185065e+01,2.173322e+01,2.171248e+01,2.180922e+01,2.176086e+01,2.169175e+01,2.174013e+01,2.177468e+01,2.176086e+01,2.167100e+01,2.174704e+01,2.176777e+01,2.174704e+01,2.171940e+01,2.161566e+01,2.165717e+01,2.157414e+01,2.165025e+01,2.165717e+01,2.164334e+01,2.179540e+01,2.159490e+01,2.163642e+01,2.200241e+01,2.201619e+01,2.208509e+01,2.210575e+01,2.205065e+01,2.217459e+01,2.205754e+01,2.212641e+01,2.203687e+01,2.212641e+01,2.208509e+01,2.216082e+01,2.219523e+01,2.217459e+01,2.216082e+01,2.216082e+01,2.220211e+01,2.213329e+01,2.218835e+01,2.218147e+01,2.218835e+01,2.205065e+01,2.221587e+01,2.222275e+01,2.225026e+01,2.224338e+01,2.223650e+01,2.222275e+01,2.225026e+01,2.236022e+01,2.242888e+01,2.229151e+01,2.236022e+01,2.251808e+01,2.242202e+01,2.253180e+01,2.247692e+01,2.236022e+01,2.248379e+01,2.254551e+01,2.260720e+01,2.248379e+01,2.251808e+01,2.245634e+01,2.239456e+01,2.253180e+01,2.243575e+01,2.253866e+01,2.260035e+01,2.256608e+01,2.237395e+01,2.238769e+01,2.236709e+01,2.251122e+01,2.240142e+01,2.235335e+01,2.225713e+01,2.193345e+01,2.174704e+01,2.176777e+01,2.183684e+01,2.173322e+01,2.185755e+01,2.185755e+01,2.180922e+01,2.182303e+01,2.183684e+01,2.185755e+01,2.189206e+01,2.194725e+01,2.181612e+01,2.191965e+01,2.188516e+01,2.194035e+01,2.192655e+01,2.193345e+01,2.196793e+01,2.189206e+01,2.190586e+01,2.192655e+01,2.191276e+01,2.194725e+01,2.194725e+01,2.188516e+01,2.198172e+01,2.198172e+01,2.200241e+01,2.201619e+01,2.204376e+01,2.203687e+01,2.201619e+01,2.201619e+01,2.204376e+01,2.195414e+01,2.202308e+01,2.200930e+01,2.198172e+01,2.211952e+01,2.203687e+01,2.209198e+01,2.200930e+01,2.197483e+01,2.189896e+01,2.185065e+01,2.187825e+01,2.183684e+01,2.171248e+01,2.173322e+01,2.173322e+01,2.170557e+01,2.179540e+01,2.175395e+01,2.178159e+01,2.178159e+01,2.169866e+01,2.154645e+01,2.162258e+01,2.162950e+01,2.165025e+01,2.165025e+01,2.171940e+01,2.170557e+01,2.184374e+01,2.178850e+01,2.168483e+01,2.185065e+01,2.166409e+01,2.182993e+01,2.169175e+01,2.178159e+01,2.170557e+01,2.173322e+01,2.175395e+01,2.178159e+01,2.185065e+01,2.168483e+01,2.165717e+01,2.170557e+01,2.172631e+01,2.176777e+01,2.179540e+01,2.161566e+01,2.159490e+01,2.156721e+01,2.156029e+01,2.170557e+01,2.168483e+01,2.169175e+01,2.165025e+01,2.164334e+01,2.169175e+01,2.165717e+01,2.162258e+01,2.160874e+01,2.167100e+01,2.158106e+01,2.141480e+01,2.158798e+01,2.156721e+01,2.155337e+01,2.153952e+01,2.156721e+01,2.154645e+01,2.165025e+01,2.161566e+01,2.162258e+01,2.151875e+01,2.165717e+01,2.178850e+01,2.178850e+01,2.182303e+01,2.166409e+01,2.185755e+01,2.196793e+01,2.197483e+01,2.195414e+01,2.188516e+01,2.196793e+01,2.205754e+01,2.194035e+01,2.196104e+01,2.195414e+01,2.185755e+01,2.185755e+01,2.202997e+01,2.183684e+01,2.182303e+01,2.181612e+01,2.185065e+01,2.178850e+01,2.175395e+01,2.177468e+01,2.170557e+01,2.167100e+01,2.172631e+01,2.169175e+01,2.169866e+01,2.168483e+01,2.169866e+01,2.171248e+01,2.185755e+01,2.187135e+01,2.187135e+01,2.192655e+01,2.162258e+01,2.182303e+01,2.169175e+01,2.182993e+01,2.181612e+01,2.181612e+01,2.184374e+01,2.150489e+01,2.164334e+01,2.150489e+01,2.145639e+01,2.136626e+01,2.142174e+01,2.150489e+01,2.122744e+01,2.142174e+01,2.122744e+01,2.118576e+01,2.119966e+01,2.165025e+01,2.167792e+01,2.165025e+01,2.165717e+01,2.180231e+01,2.174704e+01,2.173322e+01,2.170557e+01,2.181612e+01,2.180922e+01,2.171248e+01,2.171248e+01,2.162950e+01,2.175395e+01,2.158106e+01,2.162950e+01,2.169175e+01,2.153260e+01,2.164334e+01,2.160874e+01,2.157414e+01,2.147025e+01,2.147718e+01,2.156029e+01,2.153952e+01,2.163642e+01,2.154645e+01,2.156721e+01,2.154645e+01,2.152567e+01,2.158798e+01,2.160182e+01,2.151875e+01,2.150489e+01,2.151875e+01,2.162950e+01,2.167792e+01,2.159490e+01,2.165025e+01,2.147025e+01,2.151182e+01,2.156721e+01,2.164334e+01,2.153952e+01,2.173322e+01,2.162258e+01,2.165717e+01,2.167100e+01,2.165717e+01,2.158106e+01,2.175395e+01,2.169175e+01,2.174704e+01,2.165025e+01,2.158106e+01,2.167100e+01,2.161566e+01,2.165717e+01,2.152567e+01,2.165717e+01,2.176777e+01,2.171248e+01,2.174013e+01,2.178159e+01,2.180922e+01,2.179540e+01,2.183684e+01,2.169866e+01,2.174013e+01,2.188516e+01,2.187135e+01,2.185755e+01,2.181612e+01,2.177468e+01,2.187135e+01,2.179540e+01,2.176777e+01,2.182303e+01,2.183684e+01,2.178850e+01,2.187825e+01,2.196104e+01,2.192655e+01,2.180922e+01,2.185065e+01,2.201619e+01,2.183684e+01,2.185755e+01,2.180922e+01,2.187135e+01,2.196104e+01,2.186445e+01,2.181612e+01,2.187825e+01,2.187135e+01,2.177468e+01,2.181612e+01,2.171248e+01,2.185065e+01,2.182303e+01,2.182303e+01,2.170557e+01,2.175395e+01,2.166409e+01,2.162950e+01,2.169866e+01,2.152567e+01,2.164334e+01,2.183684e+01,2.165025e+01,2.171940e+01,2.166409e+01,2.153952e+01,2.169175e+01,2.166409e+01,2.176777e+01,2.163642e+01,2.158798e+01,2.173322e+01,2.167792e+01,2.161566e+01,2.156029e+01,2.150489e+01,2.157414e+01,2.167792e+01,2.158798e+01,2.159490e+01,2.158798e+01,2.153260e+01,2.160182e+01,2.160874e+01,2.159490e+01,2.152567e+01,2.162950e+01,2.152567e+01,2.153260e+01,2.161566e+01,2.152567e+01,2.147025e+01,2.157414e+01,2.150489e+01,2.155337e+01,2.142174e+01,2.156721e+01,2.150489e+01,2.144253e+01,2.167100e+01,2.155337e+01,2.156721e+01,2.156721e+01,2.153260e+01,2.161566e+01,2.137320e+01,2.145639e+01,2.145639e+01,2.154645e+01,2.158798e+01,2.153260e+01,2.146332e+01,2.159490e+01,2.152567e+01,2.165717e+01,2.150489e+01,2.156721e+01
2.197483e+01,2.196793e+01,2.196104e+01,2.197483e+01,2.205754e+01,2.202997e+01,2.189206e+01,2.205065e+01,2.187135e+01,2.199551e+01,2.207820e+01,2.204376e+01,2.230525e+01,2.222962e+01,2.217459e+01,2.210575e+01,2.211952e+01,2.209886e+01,2.225026e+01,2.206442e+01,2.225713e+01,2.210575e+01,2.207131e+01,2.210575e+01,2.210575e+01,2.205065e+01,2.214017e+01,2.218835e+01,2.196104e+01,2.219523e+01,2.218835e+01,2.210575e+01,2.220899e+01,2.214017e+01,2.216771e+01,2.219523e+01,2.220899e+01,2.220211e+01,2.229151e+01,2.227088e+01,2.227088e+01,2.218835e+01,2.216082e+01,2.209886e+01,2.220899e+01,2.214706e+01,2.218147e+01,2.228463e+01,2.229151e+01,2.211952e+01,2.214017e+01,2.209886e+01,2.212641e+01,2.216082e+01,2.204376e+01,2.219523e+01,2.224338e+01,2.221587e+01,2.218147e+01,2.210575e+01,2.208509e+01,2.207131e+01,2.217459e+01,2.197483e+01,2.218147e+01,2.217459e+01,2.216082e+01,2.214706e+01,2.209886e+01,2.218835e+01,2.207131e+01,2.206442e+01,2.196104e+01,2.211263e+01,2.216771e+01,2.214017e+01,2.207820e+01,2.204376e+01,2.210575e+01,2.200930e+01,2.209198e+01,2.200930e+01,2.214706e+01,2.217459e+01,2.209198e+01,2.216771e+01,2.218835e+01,2.219523e+01,2.211263e+01,2.222275e+01,2.221587e+01,2.220211e+01,2.205754e+01,2.207820e+01,2.207131e+01,2.202308e+01,2.198862e+01,2.205065e+01,2.197483e+01,2.197483e+01,2.200930e+01,2.205754e+01,2.209198e+01,2.205065e+01,2.206442e+01,2.217459e+01,2.206442e+01,2.202308e+01,2.207820e+01,2.204376e+01,2.212641e+01,2.206442e+01,2.213329e+01,2.222962e+01,2.207131e+01,2.209198e+01,2.211952e+01,2.205754e+01,2.210575e+01,2.214706e+01,2.208509e+01,2.207131e+01,2.212641e+01,2.202997e+01,2.217459e+01,2.209886e+01,2.211952e+01,2.207131e+01,2.196104e+01,2.209198e+01,2.196104e+01,2.178159e+01,2.111625e+01,2.123439e+01,2.126217e+01,2.124828e+01,2.127605e+01,2.125522e+01,2.129688e+01,2.132464e+01,2.144946e+01,2.140787e+01,2.151182e+01,2.153952e+01,2.154645e+01,2.149104e+01,2.153952e+01,2.153260e+01,2.154645e+01,2.150489e+01,2.152567e+01,2.159490e+01,2.137320e+01,2.156029e+01,2.156029e+01,2.147025e+01,2.145639e+01,2.145639e+01,2.153260e+01,2.147718e+01,2.133158e+01,2.135933e+01,2.140787e+01,2.138013e+01,2.160182e+01,2.138707e+01,2.156029e+01,2.149104e+01,2.157414e+01,2.140094e+01,2.132464e+01,2.153952e+01,2.148411e+01,2.148411e+01,2.151182e+01,2.147718e+01,2.153952e+01,2.149104e+01,2.147025e+01,2.140094e+01,2.139400e+01,2.143560e+01,2.132464e+01,2.151875e+01,2.141480e+01,2.171248e+01,2.194725e+01,2.184374e+01,2.189896e+01,2.188516e+01,2.184374e+01,2.183684e+01,2.189896e+01,2.184374e+01,2.194035e+01,2.182993e+01,2.177468e+01,2.177468e+01,2.188516e+01,2.180231e+01,2.182303e+01,2.177468e+01,2.179540e+01,2.184374e+01,2.186445e+01,2.172631e+01,2.182303e+01,2.180231e+01,2.179540e+01,2.191276e+01,2.194725e+01,2.179540e+01,2.191276e+01,2.190586e+01,2.198862e+01,2.181612e+01,2.188516e+01,2.201619e+01,2.194725e+01,2.185755e+01,2.196104e+01,2.190586e+01,2.169866e+01,2.165717e+01,2.170557e+01,2.166409e+01,2.169175e+01,2.166409e+01,2.165717e+01,2.164334e+01,2.174013e+01,2.183684e+01,2.185065e+01,2.181612e+01,2.175395e+01,2.184374e+01,2.173322e+01,2.181612e+01,2.174704e+01,2.169866e+01,2.174704e+01,2.174013e+01,2.171940e+01,2.162258e+01,2.167100e+01,2.167792e+01,2.165717e+01,2.158798e+01,2.158106e+01,2.160874e+01,2.159490e+01,2.163642e+01,2.181612e+01,2.189206e+01,2.205065e+01,2.209198e+01,2.206442e+01,2.209198e+01,2.200930e+01,2.209886e+01,2.207820e+01,2.213329e+01,2.202997e+01,2.203687e+01,2.200930e+01,2.215394e+01,2.218835e+01,2.207820e+01,2.206442e+01,2.213329e+01,2.207820e+01,2.215394e+01,2.220899e+01,2.220899e+01,2.220899e+01,2.222962e+01,2.236709e+01,2.223650e+01,2.233961e+01,2.222962e+01,2.235335e+01,2.227088e+01,2.236709e+01,2.247692e+01,2.238769e+01,2.242202e+01,2.248379e+01,2.240142e+01,2.248379e+01,2.240829e+01,2.255923e+01,2.250437e+01,2.257979e+01,2.258665e+01,2.249751e+01,2.253866e+01,2.245634e+01,2.267571e+01,2.245634e+01,2.264831e+01,2.243575e+01,2.258665e+01,2.265516e+01,2.261406e+01,2.237395e+01,2.242888e+01,2.258665e+01,2.241516e+01,2.239456e+01,2.225026e+01,2.204376e+01,2.185065e+01,2.180922e+01,2.180231e+01,2.179540e+01,2.183684e+01,2.185065e+01,2.187825e+01,2.190586e+01,2.189206e+01,2.197483e+01,2.192655e+01,2.202308e+01,2.189896e+01,2.194035e+01,2.192655e+01,2.189896e+01,2.187135e+01,2.187135e+01,2.189206e+01,2.191276e+01,2.189896e+01,2.187135e+01,2.190586e+01,2.193345e+01,2.207131e+01,2.194035e+01,2.197483e+01,2.191965e+01,2.202997e+01,2.202997e+01,2.196104e+01,2.202308e+01,2.194035e+01,2.198862e+01,2.216082e+01,2.200930e+01,2.202308e+01,2.200930e+01,2.200930e+01,2.218147e+01,2.200241e+01,2.196104e+01,2.205065e+01,2.188516e+01,2.174704e+01,2.188516e+01,2.187135e+01,2.184374e+01,2.189206e+01,2.178850e+01,2.181612e+01,2.180231e+01,2.182303e+01,2.174704e+01,2.177468e+01,2.172631e+01,2.164334e+01,2.169175e+01,2.161566e+01,2.165025e+01,2.165717e+01,2.166409e+01,2.165717e+01,2.183684e+01,2.165025e+01,2.169175e+01,2.176777e+01,2.165717e+01,2.173322e+01,2.175395e+01,2.156029e+01,2.171248e+01,2.172631e+01,2.170557e+01,2.176777e+01,2.174704e+01,2.166409e+01,2.168483e+01,2.184374e+01,2.169866e+01,2.173322e+01,2.178159e+01,2.167792e+01,2.175395e+01,2.160874e+01,2.158106e+01,2.179540e+01,2.156029e+01,2.164334e+01,2.171248e+01,2.166409e+01,2.165717e+01,2.161566e+01,2.162950e+01,2.169866e+01,2.167100e+01,2.165025e+01,2.160182e+01,2.158798e+01,2.154645e+01,2.156721e+01,2.151875e+01,2.162950e+01,2.156029e+01,2.159490e+01,2.162950e+01,2.162950e+01,2.151182e+01,2.151182e+01,2.164334e+01,2.171248e+01,2.174704e+01,2.178850e+01,2.178850e+01,2.166409e+01,2.178850e+01,2.190586e+01,2.188516e+01,2.196793e+01,2.198862e+01,2.190586e+01,2.196104e+01,2.191276e+01,2.189206e+01,2.183684e+01,2.205065e+01,2.207131e+01,2.202308e+01,2.185755e+01,2.185065e+01,2.186445e+01,2.189206e+01,2.182303e+01,2.196104e+01,2.168483e+01,2.168483e+01,2.162258e+01,2.170557e+01,2.171248e+01,2.169866e+01,2.178159e+01,2.184374e+01,2.182303e+01,2.181612e+01,2.187825e+01,2.191276e+01,2.182303e+01,2.194035e+01,2.188516e+01,2.182993e+01,2.179540e+01,2.167100e+01,2.172631e+01,2.186445e+01,2.162950e+01,2.162950e+01,2.166409e+01,2.153260e+01,2.156721e+01,2.149796e+01,2.136626e+01,2.129688e+01,2.128299e+01,2.118576e+01,2.119271e+01,2.135239e+01,2.165717e+01,2.165717e+01,2.170557e+01,2.183684e+01,2.182993e+01,2.178159e+01,2.198862e+01,2.171940e+01,2.167792e+01,2.169175e+01,2.173322e+01,2.155337e+01,2.167792e+01,2.176086e+01,2.166409e+01,2.169866e+01,2.169866e+01,2.166409e+01,2.148411e+01,2.159490e+01,2.156721e+01,2.142867e+01,2.149104e+01,2.157414e+01,2.153260e+01,2.163642e+01,2.162258e+01,2.161566e+01,2.152567e+01,2.154645e+01,2.172631e+01,2.165717e+01,2.158106e+01,2.149104e+01,2.160182e+01,2.149104e+01,2.147718e+01,2.151875e+01,2.151182e+01,2.150489e+01,2.152567e+01,2.163642e+01,2.158798e+01,2.165025e+01,2.171940e+01,2.158106e+01,2.180231e+01,2.171940e+01,2.173322e+01,2.171248e+01,2.171940e+01,2.167100e+01,2.158798e+01,2.176086e+01,2.176777e+01,2.171940e+01,2.176086e+01,2.172631e+01,2.176777e+01,2.167100e+01,2.169175e+01,2.178850e+01,2.174013e+01,2.183684e+01,2.183684e+01,2.174013e+01,2.187825e+01,2.190586e+01,2.188516e+01,2.189206e+01,2.180922e+01,2.182993e+01,2.184374e+01,2.188516e+01,2.175395e+01,2.180231e+01,2.177468e+01,2.181612e+01,2.187135e+01,2.189896e+01,2.191276e+01,2.195414e+01,2.195414e+01,2.188516e+01,2.197483e+01,2.187825e+01,2.178850e+01,2.194725e+01,2.186445e+01,2.180922e+01,2.187825e+01,2.188516e+01,2.185755e+01,2.178850e+01,2.194725e+01,2.187135e+01,2.174704e+01,2.180922e+01,2.170557e+01,2.172631e+01,2.174013e+01,2.178850e+01,2.185755e+01,2.174704e+01,2.173322e+01,2.175395e+01,2.144253e+01,2.177468e+01,2.176777e+01,2.166409e+01,2.165717e+01,2.155337e+01,2.185065e+01,2.169866e+01,2.163642e+01,2.159490e+01,2.171940e+01,2.166409e+01,2.176777e+01,2.156721e+01,2.156029e+01,2.165025e+01,2.156721e+01,2.160874e+01,2.173322e+01,2.161566e+01,2.159490e+01,2.160874e+01,2.160874e+01,2.158106e+01,2.158106e+01,2.153260e+01,2.155337e+01,2.165025e+01,2.156029e+01,2.154645e+01,2.163642e+01,2.143560e+01,2.154645e+01,2.155337e+01,2.153260e+01,2.142867e+01,2.145639e+01,2.149796e+01,2.156029e+01,2.158106e+01,2.142867e+01,2.151875e+01,2.156029e+01,2.154645e+01,2.130382e+01,2.146332e+01,2.147718e+01,2.136626e+01,2.162950e+01,2.149104e+01,2.160182e+01,2.156721e+01,2.156029e+01,2.154645e+01,2.153952e+01,2.158106e+01,2.167792e+01
2.203687e+01,2.198172e+01,2.194725e+01,2.198862e+01,2.192655e+01,2.196793e+01,2.196104e+01,2.220899e+01,2.211263e+01,2.206442e+01,2.197483e+01,2.191965e+01,2.211952e+01,2.209198e+01,2.206442e+01,2.200930e+01,2.207820e+01,2.226401e+01,2.207820e+01,2.205754e+01,2.207131e+01,2.207820e+01,2.209886e+01,2.203687e+01,2.219523e+01,2.213329e+01,2.222275e+01,2.212641e+01,2.219523e+01,2.218147e+01,2.216771e+01,2.209198e+01,2.205065e+01,2.207131e+01,2.216082e+01,2.216082e+01,2.221587e+01,2.220899e+01,2.216771e+01,2.225713e+01,2.214706e+01,2.227776e+01,2.218835e+01,2.220211e+01,2.215394e+01,2.227088e+01,2.217459e+01,2.221587e+01,2.217459e+01,2.227088e+01,2.229151e+01,2.215394e+01,2.222962e+01,2.221587e+01,2.212641e+01,2.225713e+01,2.209198e+01,2.214706e+01,2.218147e+01,2.217459e+01,2.204376e+01,2.219523e+01,2.222275e+01,2.219523e+01,2.219523e+01,2.218147e+01,2.218147e+01,2.198172e+01,2.209886e+01,2.213329e+01,2.209198e+01,2.216771e+01,2.216771e+01,2.210575e+01,2.211263e+01,2.204376e+01,2.209198e+01,2.211952e+01,2.200241e+01,2.205754e+01,2.203687e+01,2.206442e+01,2.211952e+01,2.214706e+01,2.216771e+01,2.205065e+01,2.205065e+01,2.216771e+01,2.220211e+01,2.217459e+01,2.221587e+01,2.205754e+01,2.207131e+01,2.213329e+01,2.202308e+01,2.204376e+01,2.201619e+01,2.205754e+01,2.205065e+01,2.205754e+01,2.209198e+01,2.211263e+01,2.200930e+01,2.193345e+01,2.214706e+01,2.204376e+01,2.204376e+01,2.205065e+01,2.202308e+01,2.213329e+01,2.212641e+01,2.198172e+01,2.202308e+01,2.216771e+01,2.200930e+01,2.207820e+01,2.216082e+01,2.220899e+01,2.219523e+01,2.205754e+01,2.205065e+01,2.208509e+01,2.209886e+01,2.218835e+01,2.216771e+01,2.215394e+01,2.216082e+01,2.207820e+01,2.208509e+01,2.206442e+01,2.208509e+01,2.180922e+01,2.174013e+01,2.116491e+01,2.126911e+01,2.131076e+01,2.130382e+01,2.126911e+01,2.119966e+01,2.122050e+01,2.132464e+01,2.143560e+01,2.146332e+01,2.154645e+01,2.151875e+01,2.153952e+01,2.155337e+01,2.144253e+01,2.156029e+01,2.157414e+01,2.150489e+01,2.144253e+01,2.137320e+01,2.165025e+01,2.150489e+01,2.141480e+01,2.150489e+01,2.155337e+01,2.149796e+01,2.134545e+01,2.138013e+01,2.140787e+01,2.142867e+01,2.138707e+01,2.140094e+01,2.156029e+01,2.143560e+01,2.139400e+01,2.136626e+01,2.133158e+01,2.139400e+01,2.144253e+01,2.151875e+01,2.147718e+01,2.148411e+01,2.147025e+01,2.148411e+01,2.151182e+01,2.150489e+01,2.149104e+01,2.147718e+01,2.147025e+01,2.133851e+01,2.134545e+01,2.130382e+01,2.156721e+01,2.181612e+01,2.195414e+01,2.187825e+01,2.182993e+01,2.187825e+01,2.185755e+01,2.184374e+01,2.169175e+01,2.186445e+01,2.180922e+01,2.178159e+01,2.182993e+01,2.194725e+01,2.175395e+01,2.184374e+01,2.173322e+01,2.177468e+01,2.187825e+01,2.177468e+01,2.178159e+01,2.178850e+01,2.187825e+01,2.180922e+01,2.178850e+01,2.189896e+01,2.188516e+01,2.195414e+01,2.194035e+01,2.187825e+01,2.198862e+01,2.190586e+01,2.188516e+01,2.194035e+01,2.187135e+01,2.169866e+01,2.171940e+01,2.169866e+01,2.164334e+01,2.170557e+01,2.168483e+01,2.167100e+01,2.171248e+01,2.160874e+01,2.171248e+01,2.173322e+01,2.178159e+01,2.174013e+01,2.182993e+01,2.187135e+01,2.178159e+01,2.169175e+01,2.169866e+01,2.171248e+01,2.163642e+01,2.177468e+01,2.176086e+01,2.161566e+01,2.165717e+01,2.158106e+01,2.160182e+01,2.162950e+01,2.165025e+01,2.162258e+01,2.162950e+01,2.156721e+01,2.160182e+01,2.184374e+01,2.205065e+01,2.199551e+01,2.214706e+01,2.211263e+01,2.209886e+01,2.210575e+01,2.203687e+01,2.205065e+01,2.220899e+01,2.211263e+01,2.207820e+01,2.206442e+01,2.215394e+01,2.215394e+01,2.219523e+01,2.205754e+01,2.222275e+01,2.207820e+01,2.224338e+01,2.215394e+01,2.209886e+01,2.221587e+01,2.225713e+01,2.227088e+01,2.230525e+01,2.231900e+01,2.240142e+01,2.240142e+01,2.232587e+01,2.242202e+01,2.240142e+01,2.246320e+01,2.242202e+01,2.249751e+01,2.253180e+01,2.254551e+01,2.255237e+01,2.262091e+01,2.259350e+01,2.261406e+01,2.260720e+01,2.255923e+01,2.253866e+01,2.259350e+01,2.253866e+01,2.258665e+01,2.261406e+01,2.260720e+01,2.251808e+01,2.249751e+01,2.253866e+01,2.248379e+01,2.253866e+01,2.242202e+01,2.229838e+01,2.243575e+01,2.243575e+01,2.227088e+01,2.204376e+01,2.180231e+01,2.178159e+01,2.187135e+01,2.177468e+01,2.184374e+01,2.185065e+01,2.196793e+01,2.187825e+01,2.190586e+01,2.188516e+01,2.192655e+01,2.189896e+01,2.186445e+01,2.193345e+01,2.187825e+01,2.189206e+01,2.183684e+01,2.198862e+01,2.182993e+01,2.190586e+01,2.191965e+01,2.193345e+01,2.192655e+01,2.193345e+01,2.194725e+01,2.189896e+01,2.202308e+01,2.190586e+01,2.196793e+01,2.199551e+01,2.199551e+01,2.195414e+01,2.201619e+01,2.198862e+01,2.215394e+01,2.202997e+01,2.191965e+01,2.201619e+01,2.198862e+01,2.202308e+01,2.187825e+01,2.193345e+01,2.185755e+01,2.196793e+01,2.186445e+01,2.183684e+01,2.176777e+01,2.186445e+01,2.182993e+01,2.187135e+01,2.175395e+01,2.185065e+01,2.169866e+01,2.165025e+01,2.162258e+01,2.158798e+01,2.162258e+01,2.158106e+01,2.155337e+01,2.172631e+01,2.178159e+01,2.168483e+01,2.173322e+01,2.172631e+01,2.161566e+01,2.165717e+01,2.144253e+01,2.138013e+01,2.152567e+01,2.153260e+01,2.164334e+01,2.160874e+01,2.176086e+01,2.169175e+01,2.176086e+01,2.175395e+01,2.167792e+01,2.164334e+01,2.180922e+01,2.160874e+01,2.164334e+01,2.172631e+01,2.171248e+01,2.159490e+01,2.167100e+01,2.158798e+01,2.155337e+01,2.160874e+01,2.171248e+01,2.161566e+01,2.169175e+01,2.165025e+01,2.151182e+01,2.165025e+01,2.159490e+01,2.161566e+01,2.157414e+01,2.156721e+01,2.160182e+01,2.161566e+01,2.151182e+01,2.150489e+01,2.149796e+01,2.162258e+01,2.163642e+01,2.164334e+01,2.150489e+01,2.163642e+01,2.177468e+01,2.152567e+01,2.151875e+01,2.170557e+01,2.163642e+01,2.171248e+01,2.180922e+01,2.189206e+01,2.184374e+01,2.194035e+01,2.191965e+01,2.189896e+01,2.193345e+01,2.189206e+01,2.171248e+01,2.194035e+01,2.187135e+01,2.185755e+01,2.190586e+01,2.196104e+01,2.196793e+01,2.184374e+01,2.187135e+01,2.193345e+01,2.187135e+01,2.167100e+01,2.179540e+01,2.168483e+01,2.169866e+01,2.174704e+01,2.174013e+01,2.165025e+01,2.177468e+01,2.187135e+01,2.176086e+01,2.191276e+01,2.192655e+01,2.189206e+01,2.185755e+01,2.186445e+01,2.169866e+01,2.177468e+01,2.185065e+01,2.173322e+01,2.167100e+01,2.173322e+01,2.167100e+01,2.164334e+01,2.158106e+01,2.150489e+01,2.138013e+01,2.142174e+01,2.128299e+01,2.128993e+01,2.128299e+01,2.116491e+01,2.120660e+01,2.128299e+01,2.162258e+01,2.172631e+01,2.166409e+01,2.172631e+01,2.168483e+01,2.169175e+01,2.167792e+01,2.171940e+01,2.169866e+01,2.157414e+01,2.156721e+01,2.157414e+01,2.171940e+01,2.174013e+01,2.169175e+01,2.165717e+01,2.156721e+01,2.158106e+01,2.153952e+01,2.155337e+01,2.151875e+01,2.152567e+01,2.154645e+01,2.140787e+01,2.156721e+01,2.161566e+01,2.140094e+01,2.154645e+01,2.143560e+01,2.163642e+01,2.168483e+01,2.156721e+01,2.153260e+01,2.147718e+01,2.149104e+01,2.154645e+01,2.157414e+01,2.152567e+01,2.159490e+01,2.150489e+01,2.171940e+01,2.152567e+01,2.152567e+01,2.153952e+01,2.157414e+01,2.155337e+01,2.182993e+01,2.167100e+01,2.165025e+01,2.178159e+01,2.172631e+01,2.170557e+01,2.174704e+01,2.175395e+01,2.178850e+01,2.173322e+01,2.171940e+01,2.171940e+01,2.174704e+01,2.179540e+01,2.169175e+01,2.169866e+01,2.177468e+01,2.172631e+01,2.184374e+01,2.191276e+01,2.171248e+01,2.183684e+01,2.182993e+01,2.179540e+01,2.181612e+01,2.182303e+01,2.177468e+01,2.182993e+01,2.178159e+01,2.178159e+01,2.173322e+01,2.189896e+01,2.191965e+01,2.189206e+01,2.189206e+01,2.183684e+01,2.184374e+01,2.194725e+01,2.182993e+01,2.178850e+01,2.184374e+01,2.179540e+01,2.173322e+01,2.176086e+01,2.191965e+01,2.186445e+01,2.188516e+01,2.185755e+01,2.164334e+01,2.184374e+01,2.180922e+01,2.176777e+01,2.154645e+01,2.169866e+01,2.178850e+01,2.178850e+01,2.161566e+01,2.158798e+01,2.171940e+01,2.177468e+01,2.164334e+01,2.171940e+01,2.164334e+01,2.144946e+01,2.161566e+01,2.166409e+01,2.160182e+01,2.156721e+01,2.171940e+01,2.156721e+01,2.180231e+01,2.156029e+01,2.178850e+01,2.151875e+01,2.156029e+01,2.160182e+01,2.158106e+01,2.162258e+01,2.159490e+01,2.158798e+01,2.154645e+01,2.160874e+01,2.151875e+01,2.148411e+01,2.151182e+01,2.150489e+01,2.156029e+01,2.151875e+01,2.147025e+01,2.146332e+01,2.159490e+01,2.131076e+01,2.162950e+01,2.142174e+01,2.149796e+01,2.144946e+01,2.151875e+01,2.149796e+01,2.153952e+01,2.155337e+01,2.156029e+01,2.144946e+01,2.141480e+01,2.137320e+01,2.138707e+01,2.141480e+01,2.152567e+01,2.148411e+01,2.140094e+01,2.142867e+01,2.149796e+01,2.152567e+01,2.153952e+01,2.170557e+01,2.156029e+01,2.161566e+01
2.194725e+01,2.196793e+01,2.197483e+01,2.200930e+01,2.191965e+01,2.190586e+01,2.207820e+01,2.204376e+01,2.203687e+01,2.214017e+01,2.203687e+01,2.195414e+01,2.214017e+01,2.215394e+01,2.213329e+01,2.205065e+01,2.205065e+01,2.221587e+01,2.214017e+01,2.223650e+01,2.213329e+01,2.215394e+01,2.214706e+01,2.213329e+01,2.216082e+01,2.212641e+01,2.217459e+01,2.214017e+01,2.214706e+01,2.213329e+01,2.213329e+01,2.208509e+01,2.225026e+01,2.214706e+01,2.215394e+01,2.220899e+01,2.217459e+01,2.217459e+01,2.220899e+01,2.222962e+01,2.221587e+01,2.223650e+01,2.224338e+01,2.231900e+01,2.222962e+01,2.221587e+01,2.218147e+01,2.227088e+01,2.223650e+01,2.228463e+01,2.218147e+01,2.224338e+01,2.222962e+01,2.218147e+01,2.214017e+01,2.215394e+01,2.225026e+01,2.214017e+01,2.225026e+01,2.217459e+01,2.219523e+01,2.208509e+01,2.218147e+01,2.221587e+01,2.218835e+01,2.218835e+01,2.220211e+01,2.223650e+01,2.220211e+01,2.242202e+01,2.222962e+01,2.207131e+01,2.205065e+01,2.218835e+01,2.227088e+01,2.209886e+01,2.208509e+01,2.206442e+01,2.205754e+01,2.216082e+01,2.216771e+01,2.219523e+01,2.194035e+01,2.205065e+01,2.214706e+01,2.212641e+01,2.214706e+01,2.210575e+01,2.217459e+01,2.216771e+01,2.203687e+01,2.208509e+01,2.209198e+01,2.203687e+01,2.204376e+01,2.215394e+01,2.209198e+01,2.202308e+01,2.200930e+01,2.194725e+01,2.200241e+01,2.215394e+01,2.213329e+01,2.205754e+01,2.215394e+01,2.205754e+01,2.202997e+01,2.206442e+01,2.216082e+01,2.204376e+01,2.211263e+01,2.203687e+01,2.213329e+01,2.216771e+01,2.208509e+01,2.202997e+01,2.209198e+01,2.220211e+01,2.218147e+01,2.209886e+01,2.216771e+01,2.205754e+01,2.219523e+01,2.219523e+01,2.210575e+01,2.216082e+01,2.231900e+01,2.216771e+01,2.222962e+01,2.209198e+01,2.201619e+01,2.194035e+01,2.192655e+01,2.156029e+01,2.128993e+01,2.128299e+01,2.140094e+01,2.132464e+01,2.133158e+01,2.128993e+01,2.143560e+01,2.156721e+01,2.149104e+01,2.160182e+01,2.152567e+01,2.147718e+01,2.154645e+01,2.153952e+01,2.155337e+01,2.154645e+01,2.158798e+01,2.148411e+01,2.146332e+01,2.156721e+01,2.149796e+01,2.151875e+01,2.148411e+01,2.153952e+01,2.149104e+01,2.156721e+01,2.140094e+01,2.134545e+01,2.140094e+01,2.141480e+01,2.138013e+01,2.138013e+01,2.144946e+01,2.149104e+01,2.137320e+01,2.134545e+01,2.137320e+01,2.144946e+01,2.146332e+01,2.149104e+01,2.145639e+01,2.147718e+01,2.147025e+01,2.149104e+01,2.164334e+01,2.151875e+01,2.148411e+01,2.149104e+01,2.142174e+01,2.140094e+01,2.137320e+01,2.133851e+01,2.171940e+01,2.192655e+01,2.194035e+01,2.189206e+01,2.188516e+01,2.178850e+01,2.184374e+01,2.185755e+01,2.184374e+01,2.178159e+01,2.181612e+01,2.183684e+01,2.183684e+01,2.178850e+01,2.171248e+01,2.189206e+01,2.187825e+01,2.180231e+01,2.186445e+01,2.189896e+01,2.177468e+01,2.182303e+01,2.204376e+01,2.194035e+01,2.187135e+01,2.191965e+01,2.192655e+01,2.184374e+01,2.189206e+01,2.191965e+01,2.199551e+01,2.194035e+01,2.182303e+01,2.167100e+01,2.167100e+01,2.165025e+01,2.172631e+01,2.171248e+01,2.168483e+01,2.194035e+01,2.187825e+01,2.171248e+01,2.182993e+01,2.176086e+01,2.180231e+01,2.180922e+01,2.182993e+01,2.180231e+01,2.173322e+01,2.182993e+01,2.173322e+01,2.173322e+01,2.176777e+01,2.174013e+01,2.170557e+01,2.161566e+01,2.177468e+01,2.160874e+01,2.159490e+01,2.154645e+01,2.161566e+01,2.157414e+01,2.162950e+01,2.144253e+01,2.164334e+01,2.166409e+01,2.178159e+01,2.198172e+01,2.198862e+01,2.216082e+01,2.207820e+01,2.208509e+01,2.214706e+01,2.216771e+01,2.202308e+01,2.218835e+01,2.208509e+01,2.214706e+01,2.209198e+01,2.200930e+01,2.223650e+01,2.189206e+01,2.212641e+01,2.209198e+01,2.218835e+01,2.222275e+01,2.219523e+01,2.222275e+01,2.239456e+01,2.222962e+01,2.230525e+01,2.226401e+01,2.242202e+01,2.252494e+01,2.244948e+01,2.239456e+01,2.247006e+01,2.244261e+01,2.259350e+01,2.249751e+01,2.251122e+01,2.253866e+01,2.253180e+01,2.255237e+01,2.257294e+01,2.263461e+01,2.269625e+01,2.262776e+01,2.261406e+01,2.253866e+01,2.264146e+01,2.273732e+01,2.269625e+01,2.267571e+01,2.268255e+01,2.277153e+01,2.259350e+01,2.253866e+01,2.251808e+01,2.253180e+01,2.252494e+01,2.253180e+01,2.245634e+01,2.247006e+01,2.227776e+01,2.209886e+01,2.180231e+01,2.180231e+01,2.180922e+01,2.187825e+01,2.187825e+01,2.178850e+01,2.187135e+01,2.184374e+01,2.189206e+01,2.189206e+01,2.184374e+01,2.190586e+01,2.197483e+01,2.198862e+01,2.196104e+01,2.186445e+01,2.196104e+01,2.188516e+01,2.194035e+01,2.196793e+01,2.189896e+01,2.193345e+01,2.191276e+01,2.193345e+01,2.205065e+01,2.191276e+01,2.199551e+01,2.194725e+01,2.196793e+01,2.204376e+01,2.209886e+01,2.196793e+01,2.198862e+01,2.216771e+01,2.203687e+01,2.205065e+01,2.196104e+01,2.200241e+01,2.201619e+01,2.191965e+01,2.193345e+01,2.194725e+01,2.207131e+01,2.181612e+01,2.180922e+01,2.160182e+01,2.182993e+01,2.183684e+01,2.183684e+01,2.176086e+01,2.175395e+01,2.177468e+01,2.175395e+01,2.170557e+01,2.165025e+01,2.162258e+01,2.163642e+01,2.169175e+01,2.158798e+01,2.165717e+01,2.163642e+01,2.167100e+01,2.165025e+01,2.167100e+01,2.153952e+01,2.158106e+01,2.137320e+01,2.144253e+01,2.149104e+01,2.149796e+01,2.167100e+01,2.171248e+01,2.173322e+01,2.171248e+01,2.177468e+01,2.171248e+01,2.182993e+01,2.166409e+01,2.166409e+01,2.155337e+01,2.171940e+01,2.159490e+01,2.162950e+01,2.166409e+01,2.173322e+01,2.155337e+01,2.156029e+01,2.171248e+01,2.170557e+01,2.170557e+01,2.163642e+01,2.165717e+01,2.161566e+01,2.157414e+01,2.159490e+01,2.157414e+01,2.149796e+01,2.150489e+01,2.150489e+01,2.149104e+01,2.149104e+01,2.158106e+01,2.156721e+01,2.160874e+01,2.160182e+01,2.167792e+01,2.175395e+01,2.174704e+01,2.167792e+01,2.177468e+01,2.171248e+01,2.164334e+01,2.158106e+01,2.162258e+01,2.194035e+01,2.173322e+01,2.198172e+01,2.185065e+01,2.192655e+01,2.193345e+01,2.191965e+01,2.200930e+01,2.193345e+01,2.191276e+01,2.186445e+01,2.197483e+01,2.196793e+01,2.192655e+01,2.196793e+01,2.195414e+01,2.199551e+01,2.189206e+01,2.189896e+01,2.176777e+01,2.169866e+01,2.183684e+01,2.179540e+01,2.166409e+01,2.180231e+01,2.165717e+01,2.179540e+01,2.183684e+01,2.180922e+01,2.180231e+01,2.182303e+01,2.189896e+01,2.187135e+01,2.190586e+01,2.182993e+01,2.168483e+01,2.171248e+01,2.178159e+01,2.156721e+01,2.174704e+01,2.165717e+01,2.166409e+01,2.155337e+01,2.147025e+01,2.150489e+01,2.132464e+01,2.132464e+01,2.119271e+01,2.134545e+01,2.110234e+01,2.119966e+01,2.132464e+01,2.141480e+01,2.165025e+01,2.178850e+01,2.172631e+01,2.174013e+01,2.171248e+01,2.164334e+01,2.163642e+01,2.176086e+01,2.160874e+01,2.176086e+01,2.175395e+01,2.167100e+01,2.164334e+01,2.174013e+01,2.164334e+01,2.169866e+01,2.160182e+01,2.159490e+01,2.162950e+01,2.147718e+01,2.161566e+01,2.159490e+01,2.160874e+01,2.160874e+01,2.156721e+01,2.172631e+01,2.155337e+01,2.160874e+01,2.160874e+01,2.165025e+01,2.161566e+01,2.168483e+01,2.151875e+01,2.162950e+01,2.158798e+01,2.177468e+01,2.161566e+01,2.163642e+01,2.156721e+01,2.162950e+01,2.154645e+01,2.168483e+01,2.169175e+01,2.169866e+01,2.171248e+01,2.174704e+01,2.171940e+01,2.177468e+01,2.170557e+01,2.174704e+01,2.178159e+01,2.167100e+01,2.176086e+01,2.156029e+01,2.169175e+01,2.169175e+01,2.169866e+01,2.178159e+01,2.170557e+01,2.172631e+01,2.174704e+01,2.176086e+01,2.185065e+01,2.178850e+01,2.187825e+01,2.184374e+01,2.180922e+01,2.180922e+01,2.174704e+01,2.162258e+01,2.183684e+01,2.183684e+01,2.184374e+01,2.181612e+01,2.175395e+01,2.185065e+01,2.174704e+01,2.176086e+01,2.198862e+01,2.194725e+01,2.193345e+01,2.185755e+01,2.189206e+01,2.194725e+01,2.178159e+01,2.178159e+01,2.185755e+01,2.188516e+01,2.189896e+01,2.193345e+01,2.189206e+01,2.184374e+01,2.175395e+01,2.171248e+01,2.175395e+01,2.162950e+01,2.181612e+01,2.178850e+01,2.165025e+01,2.165025e+01,2.181612e+01,2.172631e+01,2.174013e+01,2.174704e+01,2.160874e+01,2.179540e+01,2.170557e+01,2.165025e+01,2.165025e+01,2.167100e+01,2.167792e+01,2.167792e+01,2.157414e+01,2.159490e+01,2.156029e+01,2.158798e+01,2.157414e+01,2.158106e+01,2.160182e+01,2.150489e+01,2.156029e+01,2.161566e+01,2.165025e+01,2.166409e+01,2.159490e+01,2.156029e+01,2.144946e+01,2.151875e+01,2.155337e+01,2.153952e+01,2.154645e+01,2.151182e+01,2.151875e+01,2.163642e+01,2.152567e+01,2.157414e+01,2.131770e+01,2.152567e+01,2.140787e+01,2.169866e+01,2.144946e+01,2.140787e+01,2.150489e+01,2.150489e+01,2.154645e+01,2.148411e+01,2.138013e+01,2.147025e+01,2.139400e+01,2.147025e+01,2.146332e+01,2.162950e+01,2.150489e+01,2.158106e+01,2.149104e+01,2.151875e+01,2.158106e+01,2.156029e+01,2.160874e+01,2.163642e+01,2.158798e+01
2.199551e+01,2.195414e+01,2.194035e+01,2.196104e+01,2.206442e+01,2.194035e+01,2.206442e+01,2.199551e+01,2.193345e+01,2.205065e+01,2.200241e+01,2.212641e+01,2.217459e+01,2.207820e+01,2.209198e+01,2.211952e+01,2.210575e+01,2.229838e+01,2.205754e+01,2.205754e+01,2.202997e+01,2.222962e+01,2.207131e+01,2.231900e+01,2.214017e+01,2.214017e+01,2.211263e+01,2.227776e+01,2.214017e+01,2.220899e+01,2.211952e+01,2.216082e+01,2.218835e+01,2.213329e+01,2.213329e+01,2.220211e+01,2.219523e+01,2.231212e+01,2.215394e+01,2.220211e+01,2.216082e+01,2.217459e+01,2.225026e+01,2.222962e+01,2.221587e+01,2.218147e+01,2.235335e+01,2.237395e+01,2.221587e+01,2.222275e+01,2.218835e+01,2.207820e+01,2.227776e+01,2.220899e+01,2.222962e+01,2.205065e+01,2.218835e+01,2.220211e+01,2.216771e+01,2.216771e+01,2.228463e+01,2.236709e+01,2.222962e+01,2.222962e+01,2.220899e+01,2.216771e+01,2.218147e+01,2.222275e+01,2.216082e+01,2.220899e+01,2.207820e+01,2.225713e+01,2.217459e+01,2.205754e+01,2.223650e+01,2.206442e+01,2.205065e+01,2.219523e+01,2.209198e+01,2.207131e+01,2.206442e+01,2.216771e+01,2.209886e+01,2.220899e+01,2.210575e+01,2.212641e+01,2.204376e+01,2.202308e+01,2.223650e+01,2.202997e+01,2.205065e+01,2.209198e+01,2.205065e+01,2.214017e+01,2.206442e+01,2.203687e+01,2.217459e+01,2.206442e+01,2.200241e+01,2.201619e+01,2.202308e+01,2.209198e+01,2.202308e+01,2.196104e+01,2.197483e+01,2.214706e+01,2.203687e+01,2.211952e+01,2.201619e+01,2.206442e+01,2.212641e+01,2.207820e+01,2.212641e+01,2.195414e+01,2.214706e+01,2.227088e+01,2.216771e+01,2.218835e+01,2.207820e+01,2.213329e+01,2.213329e+01,2.221587e+01,2.210575e+01,2.209886e+01,2.217459e+01,2.224338e+01,2.220899e+01,2.224338e+01,2.216771e+01,2.196104e+01,2.207131e+01,2.207820e+01,2.197483e+01,2.181612e+01,2.146332e+01,2.143560e+01,2.135239e+01,2.148411e+01,2.133158e+01,2.151182e+01,2.145639e+01,2.150489e+01,2.158106e+01,2.159490e+01,2.153260e+01,2.155337e+01,2.156721e+01,2.150489e+01,2.151182e+01,2.153952e+01,2.162258e+01,2.153260e+01,2.154645e+01,2.151875e+01,2.147718e+01,2.155337e+01,2.151182e+01,2.147718e+01,2.153952e+01,2.147025e+01,2.139400e+01,2.149104e+01,2.140094e+01,2.138013e+01,2.142867e+01,2.137320e+01,2.134545e+01,2.151182e+01,2.139400e+01,2.144946e+01,2.138013e+01,2.144253e+01,2.144253e+01,2.147718e+01,2.145639e+01,2.148411e+01,2.142867e+01,2.144253e+01,2.151182e+01,2.158106e+01,2.142174e+01,2.148411e+01,2.142867e+01,2.129688e+01,2.141480e+01,2.125522e+01,2.132464e+01,2.186445e+01,2.186445e+01,2.182303e+01,2.198862e+01,2.187825e+01,2.176777e+01,2.177468e+01,2.186445e+01,2.185755e+01,2.176086e+01,2.180922e+01,2.185065e+01,2.182993e+01,2.188516e+01,2.184374e+01,2.187825e+01,2.171940e+01,2.175395e+01,2.187825e+01,2.194035e+01,2.193345e+01,2.185065e+01,2.186445e+01,2.186445e+01,2.198172e+01,2.192655e+01,2.188516e+01,2.188516e+01,2.185065e+01,2.184374e+01,2.181612e+01,2.180922e+01,2.165025e+01,2.169866e+01,2.171248e+01,2.168483e+01,2.171940e+01,2.170557e+01,2.169866e+01,2.174704e+01,2.170557e+01,2.182993e+01,2.172631e+01,2.181612e+01,2.180922e+01,2.171248e+01,2.178850e+01,2.171940e+01,2.168483e+01,2.166409e+01,2.174013e+01,2.174013e+01,2.169866e+01,2.169175e+01,2.169175e+01,2.166409e+01,2.153260e+01,2.156029e+01,2.160182e+01,2.163642e+01,2.157414e+01,2.166409e+01,2.148411e+01,2.161566e+01,2.169175e+01,2.182303e+01,2.207131e+01,2.200241e+01,2.209198e+01,2.207131e+01,2.212641e+01,2.211952e+01,2.213329e+01,2.208509e+01,2.202997e+01,2.205754e+01,2.201619e+01,2.201619e+01,2.212641e+01,2.216082e+01,2.205754e+01,2.222275e+01,2.215394e+01,2.217459e+01,2.216082e+01,2.220899e+01,2.216082e+01,2.240142e+01,2.230525e+01,2.238769e+01,2.227088e+01,2.232587e+01,2.225026e+01,2.247692e+01,2.252494e+01,2.253866e+01,2.249751e+01,2.247006e+01,2.249065e+01,2.249751e+01,2.258665e+01,2.262776e+01,2.273732e+01,2.266201e+01,2.269625e+01,2.268940e+01,2.285360e+01,2.271679e+01,2.274416e+01,2.253180e+01,2.273047e+01,2.272363e+01,2.266201e+01,2.268940e+01,2.262091e+01,2.266201e+01,2.259350e+01,2.257294e+01,2.252494e+01,2.255237e+01,2.254551e+01,2.245634e+01,2.244948e+01,2.242202e+01,2.230525e+01,2.186445e+01,2.178850e+01,2.180231e+01,2.182993e+01,2.185065e+01,2.180231e+01,2.185065e+01,2.200930e+01,2.192655e+01,2.186445e+01,2.189896e+01,2.194035e+01,2.189206e+01,2.199551e+01,2.199551e+01,2.185065e+01,2.181612e+01,2.182303e+01,2.186445e+01,2.191276e+01,2.190586e+01,2.199551e+01,2.191276e+01,2.195414e+01,2.210575e+01,2.195414e+01,2.194035e+01,2.196104e+01,2.205065e+01,2.195414e+01,2.199551e+01,2.205065e+01,2.203687e+01,2.196104e+01,2.200930e+01,2.216771e+01,2.197483e+01,2.191276e+01,2.194725e+01,2.199551e+01,2.185065e+01,2.192655e+01,2.191276e+01,2.194035e+01,2.180231e+01,2.188516e+01,2.180231e+01,2.178159e+01,2.178159e+01,2.185065e+01,2.172631e+01,2.184374e+01,2.198172e+01,2.169866e+01,2.160874e+01,2.164334e+01,2.167792e+01,2.158106e+01,2.163642e+01,2.169175e+01,2.167100e+01,2.164334e+01,2.162258e+01,2.152567e+01,2.155337e+01,2.141480e+01,2.156721e+01,2.149104e+01,2.142174e+01,2.132464e+01,2.151182e+01,2.155337e+01,2.176086e+01,2.174013e+01,2.173322e+01,2.158798e+01,2.166409e+01,2.161566e+01,2.165025e+01,2.162258e+01,2.158106e+01,2.158106e+01,2.167792e+01,2.162950e+01,2.163642e+01,2.160182e+01,2.165717e+01,2.162258e+01,2.157414e+01,2.162950e+01,2.156721e+01,2.164334e+01,2.163642e+01,2.168483e+01,2.153952e+01,2.162950e+01,2.154645e+01,2.169175e+01,2.142174e+01,2.151875e+01,2.159490e+01,2.171940e+01,2.156721e+01,2.144253e+01,2.153260e+01,2.161566e+01,2.165025e+01,2.177468e+01,2.162950e+01,2.171248e+01,2.168483e+01,2.173322e+01,2.165717e+01,2.169175e+01,2.180231e+01,2.189896e+01,2.189206e+01,2.186445e+01,2.191276e+01,2.185755e+01,2.192655e+01,2.191276e+01,2.191965e+01,2.196793e+01,2.196104e+01,2.200930e+01,2.200930e+01,2.199551e+01,2.193345e+01,2.184374e+01,2.196793e+01,2.189206e+01,2.189206e+01,2.176777e+01,2.177468e+01,2.176086e+01,2.176086e+01,2.176086e+01,2.171248e+01,2.188516e+01,2.168483e+01,2.175395e+01,2.177468e+01,2.190586e+01,2.191276e+01,2.170557e+01,2.187825e+01,2.165717e+01,2.183684e+01,2.169175e+01,2.166409e+01,2.171940e+01,2.153260e+01,2.158798e+01,2.159490e+01,2.151182e+01,2.169175e+01,2.154645e+01,2.160182e+01,2.165717e+01,2.133851e+01,2.128299e+01,2.124133e+01,2.108843e+01,2.117881e+01,2.128299e+01,2.144253e+01,2.171940e+01,2.173322e+01,2.174013e+01,2.171940e+01,2.169175e+01,2.171940e+01,2.163642e+01,2.165025e+01,2.178850e+01,2.176777e+01,2.176777e+01,2.175395e+01,2.167792e+01,2.178159e+01,2.171940e+01,2.170557e+01,2.159490e+01,2.170557e+01,2.161566e+01,2.158106e+01,2.156029e+01,2.160874e+01,2.157414e+01,2.162258e+01,2.158106e+01,2.160874e+01,2.156029e+01,2.160182e+01,2.164334e+01,2.160182e+01,2.164334e+01,2.151875e+01,2.165025e+01,2.153260e+01,2.153952e+01,2.147025e+01,2.149796e+01,2.155337e+01,2.176086e+01,2.160874e+01,2.160182e+01,2.172631e+01,2.168483e+01,2.159490e+01,2.185065e+01,2.169866e+01,2.168483e+01,2.176777e+01,2.169866e+01,2.173322e+01,2.142174e+01,2.177468e+01,2.168483e+01,2.172631e+01,2.166409e+01,2.171248e+01,2.167792e+01,2.178850e+01,2.169175e+01,2.170557e+01,2.173322e+01,2.182303e+01,2.171940e+01,2.182303e+01,2.172631e+01,2.187135e+01,2.181612e+01,2.183684e+01,2.193345e+01,2.187135e+01,2.184374e+01,2.182303e+01,2.178159e+01,2.185755e+01,2.189206e+01,2.176777e+01,2.178159e+01,2.182993e+01,2.182303e+01,2.195414e+01,2.182303e+01,2.181612e+01,2.192655e+01,2.184374e+01,2.191276e+01,2.189896e+01,2.190586e+01,2.191965e+01,2.171248e+01,2.190586e+01,2.189206e+01,2.179540e+01,2.178159e+01,2.180231e+01,2.181612e+01,2.176086e+01,2.174704e+01,2.179540e+01,2.180231e+01,2.169175e+01,2.168483e+01,2.183684e+01,2.177468e+01,2.171248e+01,2.166409e+01,2.164334e+01,2.169866e+01,2.171940e+01,2.151182e+01,2.166409e+01,2.165025e+01,2.162950e+01,2.164334e+01,2.162258e+01,2.171248e+01,2.179540e+01,2.162258e+01,2.170557e+01,2.166409e+01,2.156721e+01,2.160182e+01,2.169175e+01,2.177468e+01,2.159490e+01,2.169866e+01,2.151182e+01,2.180231e+01,2.148411e+01,2.154645e+01,2.157414e+01,2.154645e+01,2.152567e+01,2.153952e+01,2.159490e+01,2.140094e+01,2.159490e+01,2.150489e+01,2.159490e+01,2.156029e+01,2.143560e+01,2.156721e+01,2.150489e+01,2.153952e+01,2.144253e+01,2.146332e+01,2.150489e+01,2.132464e+01,2.150489e+01,2.151182e+01,2.148411e+01,2.159490e+01,2.147025e+01,2.151875e+01,2.149796e+01,2.157414e+01,2.151182e+01,2.152567e+01,2.158106e+01,2.152567e+01,2.152567e+01,2.160182e+01
2.197483e+01,2.194035e+01,2.207131e+01,2.198862e+01,2.200241e+01,2.204376e+01,2.202308e+01,2.207820e+01,2.220211e+01,2.207820e+01,2.197483e+01,2.214017e+01,2.214017e+01,2.211263e+01,2.209886e+01,2.217459e+01,2.219523e+01,2.222962e+01,2.227776e+01,2.223650e+01,2.221587e+01,2.216082e+01,2.214017e+01,2.220211e+01,2.214017e+01,2.211952e+01,2.209198e+01,2.217459e+01,2.217459e+01,2.234648e+01,2.215394e+01,2.211952e+01,2.220899e+01,2.219523e+01,2.219523e+01,2.218835e+01,2.219523e+01,2.219523e+01,2.225026e+01,2.222962e+01,2.227088e+01,2.213329e+01,2.226401e+01,2.225026e+01,2.224338e+01,2.225713e+01,2.233274e+01,2.236022e+01,2.218835e+01,2.211952e+01,2.214706e+01,2.226401e+01,2.216082e+01,2.237395e+01,2.217459e+01,2.222962e+01,2.211952e+01,2.214706e+01,2.211263e+01,2.216082e+01,2.216771e+01,2.217459e+01,2.223650e+01,2.222962e+01,2.220899e+01,2.215394e+01,2.215394e+01,2.223650e+01,2.222962e+01,2.221587e+01,2.222962e+01,2.216082e+01,2.223650e+01,2.208509e+01,2.218147e+01,2.217459e+01,2.210575e+01,2.210575e+01,2.216771e+01,2.208509e+01,2.205065e+01,2.207131e+01,2.212641e+01,2.208509e+01,2.215394e+01,2.218835e+01,2.203687e+01,2.205754e+01,2.205754e+01,2.207131e+01,2.220211e+01,2.198172e+01,2.206442e+01,2.224338e+01,2.204376e+01,2.209198e+01,2.214017e+01,2.202997e+01,2.208509e+01,2.203687e+01,2.220211e+01,2.205065e+01,2.207820e+01,2.205754e+01,2.207131e+01,2.213329e+01,2.215394e+01,2.214017e+01,2.218147e+01,2.192655e+01,2.210575e+01,2.206442e+01,2.196793e+01,2.215394e+01,2.205065e+01,2.212641e+01,2.194035e+01,2.213329e+01,2.213329e+01,2.214706e+01,2.219523e+01,2.214017e+01,2.215394e+01,2.213329e+01,2.230525e+01,2.216082e+01,2.229151e+01,2.206442e+01,2.209198e+01,2.209886e+01,2.209886e+01,2.196104e+01,2.188516e+01,2.187825e+01,2.162950e+01,2.145639e+01,2.142867e+01,2.150489e+01,2.148411e+01,2.148411e+01,2.148411e+01,2.155337e+01,2.160874e+01,2.152567e+01,2.159490e+01,2.158798e+01,2.159490e+01,2.157414e+01,2.154645e+01,2.156029e+01,2.157414e+01,2.153260e+01,2.156721e+01,2.151182e+01,2.158798e+01,2.155337e+01,2.147718e+01,2.147025e+01,2.140094e+01,2.144946e+01,2.137320e+01,2.142867e+01,2.142174e+01,2.152567e+01,2.151182e+01,2.140787e+01,2.150489e+01,2.133851e+01,2.143560e+01,2.136626e+01,2.141480e+01,2.150489e+01,2.144946e+01,2.135239e+01,2.160874e+01,2.156029e+01,2.150489e+01,2.151182e+01,2.149796e+01,2.141480e+01,2.156721e+01,2.136626e+01,2.128299e+01,2.143560e+01,2.124828e+01,2.122050e+01,2.141480e+01,2.171248e+01,2.191276e+01,2.189206e+01,2.178850e+01,2.188516e+01,2.188516e+01,2.186445e+01,2.176086e+01,2.189896e+01,2.173322e+01,2.182993e+01,2.180922e+01,2.186445e+01,2.185755e+01,2.185755e+01,2.178159e+01,2.189206e+01,2.187825e+01,2.181612e+01,2.183684e+01,2.183684e+01,2.193345e+01,2.189206e+01,2.191276e+01,2.191276e+01,2.184374e+01,2.182303e+01,2.190586e+01,2.188516e+01,2.179540e+01,2.185755e+01,2.172631e+01,2.169866e+01,2.169175e+01,2.168483e+01,2.173322e+01,2.167792e+01,2.170557e+01,2.172631e+01,2.176777e+01,2.184374e+01,2.176777e+01,2.180922e+01,2.183684e+01,2.171940e+01,2.176086e+01,2.182993e+01,2.171940e+01,2.166409e+01,2.171248e+01,2.174013e+01,2.172631e+01,2.171940e+01,2.167100e+01,2.157414e+01,2.162950e+01,2.165717e+01,2.161566e+01,2.163642e+01,2.158798e+01,2.165717e+01,2.165025e+01,2.181612e+01,2.161566e+01,2.176086e+01,2.170557e+01,2.205065e+01,2.205754e+01,2.204376e+01,2.213329e+01,2.207820e+01,2.212641e+01,2.214706e+01,2.208509e+01,2.207820e+01,2.211263e+01,2.205065e+01,2.199551e+01,2.209198e+01,2.210575e+01,2.204376e+01,2.214017e+01,2.213329e+01,2.214017e+01,2.222962e+01,2.218147e+01,2.216771e+01,2.227088e+01,2.210575e+01,2.236022e+01,2.234648e+01,2.235335e+01,2.253866e+01,2.236022e+01,2.251122e+01,2.245634e+01,2.251808e+01,2.249065e+01,2.258665e+01,2.258665e+01,2.257979e+01,2.265516e+01,2.264146e+01,2.271679e+01,2.270309e+01,2.269625e+01,2.285360e+01,2.270994e+01,2.279206e+01,2.277153e+01,2.275785e+01,2.273732e+01,2.268940e+01,2.267571e+01,2.270309e+01,2.264831e+01,2.262091e+01,2.274416e+01,2.273047e+01,2.251808e+01,2.254551e+01,2.249751e+01,2.251808e+01,2.227776e+01,2.249751e+01,2.225026e+01,2.190586e+01,2.176086e+01,2.176777e+01,2.182993e+01,2.184374e+01,2.185755e+01,2.178850e+01,2.201619e+01,2.186445e+01,2.193345e+01,2.180922e+01,2.184374e+01,2.200930e+01,2.195414e+01,2.193345e+01,2.187825e+01,2.194035e+01,2.190586e+01,2.177468e+01,2.187825e+01,2.190586e+01,2.194725e+01,2.206442e+01,2.201619e+01,2.196104e+01,2.196104e+01,2.200241e+01,2.194725e+01,2.198172e+01,2.196793e+01,2.198172e+01,2.194725e+01,2.205754e+01,2.204376e+01,2.201619e+01,2.198172e+01,2.196104e+01,2.197483e+01,2.197483e+01,2.191965e+01,2.195414e+01,2.183684e+01,2.184374e+01,2.166409e+01,2.182993e+01,2.178159e+01,2.181612e+01,2.181612e+01,2.175395e+01,2.180922e+01,2.169866e+01,2.169175e+01,2.175395e+01,2.178850e+01,2.176086e+01,2.172631e+01,2.168483e+01,2.176086e+01,2.162258e+01,2.159490e+01,2.159490e+01,2.158798e+01,2.158798e+01,2.153952e+01,2.151182e+01,2.140094e+01,2.140787e+01,2.145639e+01,2.136626e+01,2.167792e+01,2.162950e+01,2.152567e+01,2.171940e+01,2.171940e+01,2.153952e+01,2.168483e+01,2.172631e+01,2.167100e+01,2.164334e+01,2.166409e+01,2.169866e+01,2.162950e+01,2.164334e+01,2.156029e+01,2.160182e+01,2.160874e+01,2.160874e+01,2.165025e+01,2.155337e+01,2.156029e+01,2.167100e+01,2.161566e+01,2.152567e+01,2.151182e+01,2.158106e+01,2.147718e+01,2.148411e+01,2.154645e+01,2.161566e+01,2.151182e+01,2.150489e+01,2.149796e+01,2.160182e+01,2.152567e+01,2.163642e+01,2.158106e+01,2.162950e+01,2.175395e+01,2.171940e+01,2.178850e+01,2.171248e+01,2.180922e+01,2.161566e+01,2.178159e+01,2.190586e+01,2.188516e+01,2.194035e+01,2.189896e+01,2.191276e+01,2.189206e+01,2.200930e+01,2.198172e+01,2.200241e+01,2.179540e+01,2.199551e+01,2.196104e+01,2.205065e+01,2.196793e+01,2.199551e+01,2.192655e+01,2.199551e+01,2.190586e+01,2.183684e+01,2.177468e+01,2.179540e+01,2.175395e+01,2.183684e+01,2.177468e+01,2.191965e+01,2.180922e+01,2.171940e+01,2.185065e+01,2.181612e+01,2.161566e+01,2.189206e+01,2.187825e+01,2.187825e+01,2.177468e+01,2.167792e+01,2.160874e+01,2.176777e+01,2.167792e+01,2.171940e+01,2.162950e+01,2.151875e+01,2.168483e+01,2.160874e+01,2.144946e+01,2.136626e+01,2.153260e+01,2.144253e+01,2.127605e+01,2.122744e+01,2.132464e+01,2.106756e+01,2.133158e+01,2.146332e+01,2.165717e+01,2.174704e+01,2.176086e+01,2.172631e+01,2.174704e+01,2.174704e+01,2.176086e+01,2.162258e+01,2.167100e+01,2.176086e+01,2.176777e+01,2.174704e+01,2.175395e+01,2.153260e+01,2.155337e+01,2.165025e+01,2.159490e+01,2.159490e+01,2.162950e+01,2.172631e+01,2.160182e+01,2.156029e+01,2.162258e+01,2.158106e+01,2.164334e+01,2.140094e+01,2.146332e+01,2.154645e+01,2.163642e+01,2.160182e+01,2.160182e+01,2.142174e+01,2.153260e+01,2.167100e+01,2.161566e+01,2.169866e+01,2.165717e+01,2.156029e+01,2.154645e+01,2.158798e+01,2.153952e+01,2.153952e+01,2.162258e+01,2.173322e+01,2.164334e+01,2.178159e+01,2.182993e+01,2.170557e+01,2.171248e+01,2.165025e+01,2.170557e+01,2.177468e+01,2.168483e+01,2.168483e+01,2.166409e+01,2.168483e+01,2.171940e+01,2.169866e+01,2.171248e+01,2.171940e+01,2.173322e+01,2.180231e+01,2.178159e+01,2.174013e+01,2.180231e+01,2.180922e+01,2.178159e+01,2.179540e+01,2.185065e+01,2.195414e+01,2.174013e+01,2.180231e+01,2.176777e+01,2.176086e+01,2.176086e+01,2.192655e+01,2.177468e+01,2.178159e+01,2.182303e+01,2.180922e+01,2.196793e+01,2.182993e+01,2.184374e+01,2.190586e+01,2.188516e+01,2.185065e+01,2.189206e+01,2.184374e+01,2.184374e+01,2.175395e+01,2.180231e+01,2.191276e+01,2.174704e+01,2.170557e+01,2.159490e+01,2.159490e+01,2.158106e+01,2.176086e+01,2.171248e+01,2.169175e+01,2.178850e+01,2.179540e+01,2.165025e+01,2.162950e+01,2.171248e+01,2.166409e+01,2.169175e+01,2.169866e+01,2.161566e+01,2.165025e+01,2.165717e+01,2.166409e+01,2.162258e+01,2.166409e+01,2.160182e+01,2.164334e+01,2.157414e+01,2.170557e+01,2.158106e+01,2.158798e+01,2.156721e+01,2.159490e+01,2.167100e+01,2.167792e+01,2.151875e+01,2.155337e+01,2.154645e+01,2.152567e+01,2.153952e+01,2.148411e+01,2.151875e+01,2.150489e+01,2.159490e+01,2.148411e+01,2.144946e+01,2.165025e+01,2.157414e+01,2.140787e+01,2.158106e+01,2.159490e+01,2.158106e+01,2.149104e+01,2.148411e+01,2.153260e+01,2.151875e+01,2.165717e+01,2.160874e+01,2.155337e+01,2.149796e+01,2.153952e+01,2.152567e+01,2.147025e+01,2.128993e+01,2.146332e+01,2.166409e+01,2.144946e+01,2.156721e+01,2.157414e+01,2.154645e+01,2.161566e+01
2.198862e+01,2.209886e+01,2.202308e+01,2.194725e+01,2.209886e+01,2.216771e+01,2.209198e+01,2.205754e+01,2.214706e+01,2.220211e+01,2.201619e+01,2.202308e+01,2.209886e+01,2.209198e+01,2.214017e+01,2.189206e+01,2.220899e+01,2.204376e+01,2.211952e+01,2.227088e+01,2.208509e+01,2.220211e+01,2.218147e+01,2.218147e+01,2.216082e+01,2.219523e+01,2.198172e+01,2.216082e+01,2.200930e+01,2.216771e+01,2.215394e+01,2.218835e+01,2.221587e+01,2.219523e+01,2.215394e+01,2.220899e+01,2.225026e+01,2.223650e+01,2.227088e+01,2.220899e+01,2.229151e+01,2.211952e+01,2.230525e+01,2.231212e+01,2.230525e+01,2.219523e+01,2.225713e+01,2.219523e+01,2.217459e+01,2.226401e+01,2.221587e+01,2.218147e+01,2.225713e+01,2.226401e+01,2.216082e+01,2.211952e+01,2.230525e+01,2.214706e+01,2.213329e+01,2.215394e+01,2.231212e+01,2.227776e+01,2.219523e+01,2.220211e+01,2.223650e+01,2.222275e+01,2.222962e+01,2.218147e+01,2.214017e+01,2.223650e+01,2.216771e+01,2.214017e+01,2.219523e+01,2.220211e+01,2.214706e+01,2.205754e+01,2.198862e+01,2.209886e+01,2.209198e+01,2.207820e+01,2.205754e+01,2.212641e+01,2.200241e+01,2.208509e+01,2.215394e+01,2.202997e+01,2.218835e+01,2.212641e+01,2.227088e+01,2.205754e+01,2.201619e+01,2.198172e+01,2.245634e+01,2.211952e+01,2.209198e+01,2.207820e+01,2.202997e+01,2.215394e+01,2.201619e+01,2.203687e+01,2.205754e+01,2.205065e+01,2.215394e+01,2.214706e+01,2.202308e+01,2.213329e+01,2.216771e+01,2.202997e+01,2.202997e+01,2.205754e+01,2.225713e+01,2.208509e+01,2.218147e+01,2.214017e+01,2.211952e+01,2.218147e+01,2.231212e+01,2.214017e+01,2.216082e+01,2.222962e+01,2.220211e+01,2.207820e+01,2.212641e+01,2.214017e+01,2.213329e+01,2.211263e+01,2.220899e+01,2.212641e+01,2.209198e+01,2.214017e+01,2.209198e+01,2.203687e+01,2.191965e+01,2.180922e+01,2.188516e+01,2.149796e+01,2.135933e+01,2.149796e+01,2.147025e+01,2.147718e+01,2.152567e+01,2.159490e+01,2.155337e+01,2.160874e+01,2.152567e+01,2.153260e+01,2.156029e+01,2.150489e+01,2.158798e+01,2.157414e+01,2.154645e+01,2.154645e+01,2.161566e+01,2.162258e+01,2.144253e+01,2.142867e+01,2.144253e+01,2.144946e+01,2.144253e+01,2.148411e+01,2.136626e+01,2.167100e+01,2.144253e+01,2.140787e+01,2.142174e+01,2.147718e+01,2.144946e+01,2.138013e+01,2.144946e+01,2.138707e+01,2.146332e+01,2.155337e+01,2.150489e+01,2.144253e+01,2.153260e+01,2.151182e+01,2.156029e+01,2.140094e+01,2.159490e+01,2.142867e+01,2.134545e+01,2.142867e+01,2.124828e+01,2.128993e+01,2.125522e+01,2.119966e+01,2.117186e+01,2.164334e+01,2.165717e+01,2.186445e+01,2.182303e+01,2.187825e+01,2.178159e+01,2.176777e+01,2.181612e+01,2.189206e+01,2.181612e+01,2.180922e+01,2.171248e+01,2.178850e+01,2.178850e+01,2.185755e+01,2.194035e+01,2.189206e+01,2.189206e+01,2.180231e+01,2.194035e+01,2.180922e+01,2.187825e+01,2.189896e+01,2.190586e+01,2.191965e+01,2.191965e+01,2.187135e+01,2.189896e+01,2.194725e+01,2.177468e+01,2.180922e+01,2.171940e+01,2.172631e+01,2.169175e+01,2.171940e+01,2.171940e+01,2.174013e+01,2.171248e+01,2.171940e+01,2.176777e+01,2.176086e+01,2.172631e+01,2.184374e+01,2.171248e+01,2.178850e+01,2.174704e+01,2.180922e+01,2.176777e+01,2.178850e+01,2.174013e+01,2.174013e+01,2.178850e+01,2.170557e+01,2.171248e+01,2.156029e+01,2.165025e+01,2.157414e+01,2.162950e+01,2.160874e+01,2.163642e+01,2.165717e+01,2.165717e+01,2.157414e+01,2.162950e+01,2.167792e+01,2.171248e+01,2.200930e+01,2.206442e+01,2.205754e+01,2.209886e+01,2.212641e+01,2.214017e+01,2.214017e+01,2.213329e+01,2.201619e+01,2.214706e+01,2.204376e+01,2.206442e+01,2.207820e+01,2.205065e+01,2.211952e+01,2.207820e+01,2.212641e+01,2.206442e+01,2.206442e+01,2.211263e+01,2.224338e+01,2.230525e+01,2.218147e+01,2.233274e+01,2.242202e+01,2.233274e+01,2.246320e+01,2.232587e+01,2.250437e+01,2.246320e+01,2.251808e+01,2.254551e+01,2.255237e+01,2.264146e+01,2.262776e+01,2.269625e+01,2.275785e+01,2.268255e+01,2.288777e+01,2.271679e+01,2.273732e+01,2.270309e+01,2.272363e+01,2.270309e+01,2.273047e+01,2.274416e+01,2.268940e+01,2.271679e+01,2.268940e+01,2.272363e+01,2.262776e+01,2.251122e+01,2.272363e+01,2.269625e+01,2.253180e+01,2.249065e+01,2.251808e+01,2.248379e+01,2.247006e+01,2.229151e+01,2.194725e+01,2.191276e+01,2.192655e+01,2.183684e+01,2.191965e+01,2.181612e+01,2.189206e+01,2.187825e+01,2.179540e+01,2.178159e+01,2.191276e+01,2.196104e+01,2.194035e+01,2.194035e+01,2.196104e+01,2.188516e+01,2.194035e+01,2.174013e+01,2.192655e+01,2.180922e+01,2.194725e+01,2.187825e+01,2.188516e+01,2.196104e+01,2.196793e+01,2.208509e+01,2.197483e+01,2.205754e+01,2.197483e+01,2.206442e+01,2.203687e+01,2.207820e+01,2.205754e+01,2.197483e+01,2.201619e+01,2.204376e+01,2.196793e+01,2.196793e+01,2.198172e+01,2.197483e+01,2.189896e+01,2.195414e+01,2.187825e+01,2.184374e+01,2.185755e+01,2.178159e+01,2.168483e+01,2.167792e+01,2.180922e+01,2.180231e+01,2.178850e+01,2.171940e+01,2.176086e+01,2.165717e+01,2.176777e+01,2.144946e+01,2.172631e+01,2.174013e+01,2.162950e+01,2.166409e+01,2.161566e+01,2.159490e+01,2.161566e+01,2.167100e+01,2.152567e+01,2.140787e+01,2.152567e+01,2.133158e+01,2.150489e+01,2.151182e+01,2.153952e+01,2.169175e+01,2.162258e+01,2.161566e+01,2.177468e+01,2.163642e+01,2.158798e+01,2.162258e+01,2.166409e+01,2.170557e+01,2.169175e+01,2.159490e+01,2.156721e+01,2.158798e+01,2.162258e+01,2.159490e+01,2.169866e+01,2.161566e+01,2.155337e+01,2.154645e+01,2.154645e+01,2.160874e+01,2.160874e+01,2.160874e+01,2.154645e+01,2.162258e+01,2.166409e+01,2.160182e+01,2.153260e+01,2.154645e+01,2.169175e+01,2.171248e+01,2.175395e+01,2.165717e+01,2.167792e+01,2.184374e+01,2.175395e+01,2.169175e+01,2.177468e+01,2.181612e+01,2.180231e+01,2.165717e+01,2.160182e+01,2.185755e+01,2.185755e+01,2.182993e+01,2.190586e+01,2.194725e+01,2.189206e+01,2.202308e+01,2.194035e+01,2.194035e+01,2.198862e+01,2.194035e+01,2.194035e+01,2.197483e+01,2.181612e+01,2.192655e+01,2.196104e+01,2.201619e+01,2.184374e+01,2.191965e+01,2.185065e+01,2.185065e+01,2.174013e+01,2.179540e+01,2.182303e+01,2.187825e+01,2.198862e+01,2.183684e+01,2.182303e+01,2.180922e+01,2.177468e+01,2.165025e+01,2.178159e+01,2.185755e+01,2.191276e+01,2.182993e+01,2.189206e+01,2.169175e+01,2.178850e+01,2.182303e+01,2.178159e+01,2.177468e+01,2.174013e+01,2.174013e+01,2.165025e+01,2.157414e+01,2.162258e+01,2.147025e+01,2.135239e+01,2.134545e+01,2.133851e+01,2.115796e+01,2.122050e+01,2.115796e+01,2.140787e+01,2.163642e+01,2.174704e+01,2.171940e+01,2.175395e+01,2.176086e+01,2.169866e+01,2.176086e+01,2.178159e+01,2.178159e+01,2.172631e+01,2.177468e+01,2.147718e+01,2.179540e+01,2.176777e+01,2.171940e+01,2.170557e+01,2.165717e+01,2.157414e+01,2.160182e+01,2.156029e+01,2.158106e+01,2.150489e+01,2.158106e+01,2.160874e+01,2.154645e+01,2.166409e+01,2.164334e+01,2.155337e+01,2.144946e+01,2.156721e+01,2.138013e+01,2.176777e+01,2.155337e+01,2.160874e+01,2.167792e+01,2.152567e+01,2.160874e+01,2.174704e+01,2.160874e+01,2.163642e+01,2.174013e+01,2.169175e+01,2.161566e+01,2.173322e+01,2.166409e+01,2.171940e+01,2.178850e+01,2.172631e+01,2.169866e+01,2.168483e+01,2.171248e+01,2.170557e+01,2.171940e+01,2.155337e+01,2.175395e+01,2.173322e+01,2.174704e+01,2.169866e+01,2.172631e+01,2.178850e+01,2.179540e+01,2.176777e+01,2.170557e+01,2.191276e+01,2.173322e+01,2.174704e+01,2.178159e+01,2.180922e+01,2.186445e+01,2.184374e+01,2.179540e+01,2.184374e+01,2.176086e+01,2.176777e+01,2.189896e+01,2.180922e+01,2.176086e+01,2.184374e+01,2.199551e+01,2.197483e+01,2.190586e+01,2.182303e+01,2.197483e+01,2.191965e+01,2.186445e+01,2.188516e+01,2.185755e+01,2.191276e+01,2.187825e+01,2.190586e+01,2.176086e+01,2.178850e+01,2.179540e+01,2.173322e+01,2.175395e+01,2.181612e+01,2.182303e+01,2.169175e+01,2.180922e+01,2.169866e+01,2.165025e+01,2.165025e+01,2.175395e+01,2.167792e+01,2.164334e+01,2.167792e+01,2.170557e+01,2.171248e+01,2.156721e+01,2.164334e+01,2.165717e+01,2.171248e+01,2.174704e+01,2.172631e+01,2.174704e+01,2.171248e+01,2.160874e+01,2.165717e+01,2.174013e+01,2.160182e+01,2.165025e+01,2.158798e+01,2.160182e+01,2.162950e+01,2.157414e+01,2.155337e+01,2.154645e+01,2.144253e+01,2.151875e+01,2.147718e+01,2.152567e+01,2.150489e+01,2.143560e+01,2.149104e+01,2.157414e+01,2.147718e+01,2.139400e+01,2.142174e+01,2.159490e+01,2.150489e+01,2.142867e+01,2.156029e+01,2.149104e+01,2.151875e+01,2.163642e+01,2.151182e+01,2.137320e+01,2.150489e+01,2.159490e+01,2.149796e+01,2.153260e+01,2.141480e+01,2.146332e+01,2.164334e+01,2.160874e+01,2.147025e+01,2.157414e+01,2.161566e+01,2.151182e+01,2.162950e+01
2.214017e+01,2.198862e+01,2.199551e+01,2.217459e+01,2.199551e+01,2.200241e+01,2.207820e+01,2.210575e+01,2.211263e+01,2.202308e+01,2.207820e+01,2.205754e+01,2.230525e+01,2.207820e+01,2.207820e+01,2.214706e+01,2.225713e+01,2.222275e+01,2.211263e+01,2.207820e+01,2.231900e+01,2.200930e+01,2.211263e+01,2.215394e+01,2.210575e+01,2.229151e+01,2.199551e+01,2.209198e+01,2.233961e+01,2.216082e+01,2.216082e+01,2.225713e+01,2.226401e+01,2.219523e+01,2.216771e+01,2.219523e+01,2.217459e+01,2.218835e+01,2.229151e+01,2.216082e+01,2.223650e+01,2.231212e+01,2.234648e+01,2.233274e+01,2.220899e+01,2.221587e+01,2.219523e+01,2.220211e+01,2.225713e+01,2.236709e+01,2.232587e+01,2.229838e+01,2.231212e+01,2.215394e+01,2.234648e+01,2.214706e+01,2.213329e+01,2.214017e+01,2.212641e+01,2.218147e+01,2.215394e+01,2.238082e+01,2.225713e+01,2.229838e+01,2.209886e+01,2.214706e+01,2.213329e+01,2.217459e+01,2.229838e+01,2.224338e+01,2.217459e+01,2.216082e+01,2.218147e+01,2.213329e+01,2.216082e+01,2.207131e+01,2.214017e+01,2.217459e+01,2.224338e+01,2.200241e+01,2.207131e+01,2.214017e+01,2.220211e+01,2.207131e+01,2.211952e+01,2.216771e+01,2.203687e+01,2.211263e+01,2.214017e+01,2.204376e+01,2.214706e+01,2.214017e+01,2.222962e+01,2.205754e+01,2.213329e+01,2.208509e+01,2.214706e+01,2.215394e+01,2.220211e+01,2.211263e+01,2.204376e+01,2.217459e+01,2.210575e+01,2.216771e+01,2.214706e+01,2.207131e+01,2.206442e+01,2.204376e+01,2.213329e+01,2.222275e+01,2.216082e+01,2.213329e+01,2.217459e+01,2.200241e+01,2.218147e+01,2.216771e+01,2.211263e+01,2.211952e+01,2.222275e+01,2.221587e+01,2.217459e+01,2.211952e+01,2.210575e+01,2.227088e+01,2.230525e+01,2.208509e+01,2.214017e+01,2.211952e+01,2.214017e+01,2.211263e+01,2.209198e+01,2.205065e+01,2.207131e+01,2.177468e+01,2.172631e+01,2.156721e+01,2.134545e+01,2.153952e+01,2.153952e+01,2.156721e+01,2.148411e+01,2.159490e+01,2.157414e+01,2.162258e+01,2.161566e+01,2.161566e+01,2.158798e+01,2.153260e+01,2.154645e+01,2.154645e+01,2.157414e+01,2.148411e+01,2.159490e+01,2.160874e+01,2.162258e+01,2.146332e+01,2.148411e+01,2.139400e+01,2.139400e+01,2.140094e+01,2.140787e+01,2.147718e+01,2.141480e+01,2.131770e+01,2.141480e+01,2.144253e+01,2.135239e+01,2.135933e+01,2.138013e+01,2.136626e+01,2.138707e+01,2.144253e+01,2.147025e+01,2.158106e+01,2.150489e+01,2.158106e+01,2.143560e+01,2.142867e+01,2.151182e+01,2.151875e+01,2.135933e+01,2.134545e+01,2.115796e+01,2.117186e+01,2.120660e+01,2.116491e+01,2.111625e+01,2.155337e+01,2.182993e+01,2.182993e+01,2.176086e+01,2.189206e+01,2.178159e+01,2.189206e+01,2.182993e+01,2.177468e+01,2.187135e+01,2.178159e+01,2.187135e+01,2.180922e+01,2.180231e+01,2.178159e+01,2.177468e+01,2.191276e+01,2.195414e+01,2.191965e+01,2.176777e+01,2.194035e+01,2.191276e+01,2.190586e+01,2.196104e+01,2.196793e+01,2.187825e+01,2.191276e+01,2.185755e+01,2.188516e+01,2.173322e+01,2.172631e+01,2.169866e+01,2.170557e+01,2.170557e+01,2.174013e+01,2.175395e+01,2.176086e+01,2.174704e+01,2.176086e+01,2.185755e+01,2.170557e+01,2.180922e+01,2.173322e+01,2.185755e+01,2.183684e+01,2.182993e+01,2.182993e+01,2.176086e+01,2.179540e+01,2.174013e+01,2.176086e+01,2.174704e+01,2.163642e+01,2.171248e+01,2.167100e+01,2.171248e+01,2.165025e+01,2.159490e+01,2.169866e+01,2.167100e+01,2.163642e+01,2.164334e+01,2.165717e+01,2.176777e+01,2.169866e+01,2.188516e+01,2.201619e+01,2.203687e+01,2.207131e+01,2.220211e+01,2.205754e+01,2.207131e+01,2.211952e+01,2.215394e+01,2.216771e+01,2.213329e+01,2.202308e+01,2.202997e+01,2.207131e+01,2.204376e+01,2.218147e+01,2.211952e+01,2.211263e+01,2.215394e+01,2.213329e+01,2.216771e+01,2.234648e+01,2.229151e+01,2.233961e+01,2.232587e+01,2.233274e+01,2.248379e+01,2.239456e+01,2.249751e+01,2.253180e+01,2.258665e+01,2.247006e+01,2.257979e+01,2.257294e+01,2.260720e+01,2.277153e+01,2.278522e+01,2.268940e+01,2.275785e+01,2.273732e+01,2.271679e+01,2.277153e+01,2.288777e+01,2.275785e+01,2.273047e+01,2.274416e+01,2.275785e+01,2.273047e+01,2.271679e+01,2.270994e+01,2.275785e+01,2.263461e+01,2.262776e+01,2.264831e+01,2.263461e+01,2.247006e+01,2.243575e+01,2.235335e+01,2.235335e+01,2.238769e+01,2.240142e+01,2.222275e+01,2.181612e+01,2.184374e+01,2.189896e+01,2.189206e+01,2.183684e+01,2.185065e+01,2.191965e+01,2.189206e+01,2.195414e+01,2.194725e+01,2.205065e+01,2.191965e+01,2.200241e+01,2.184374e+01,2.182303e+01,2.186445e+01,2.183684e+01,2.182303e+01,2.183684e+01,2.191965e+01,2.186445e+01,2.192655e+01,2.192655e+01,2.186445e+01,2.197483e+01,2.198172e+01,2.199551e+01,2.204376e+01,2.196104e+01,2.202997e+01,2.202997e+01,2.195414e+01,2.209198e+01,2.201619e+01,2.205065e+01,2.189896e+01,2.200241e+01,2.198172e+01,2.193345e+01,2.198172e+01,2.185755e+01,2.185065e+01,2.184374e+01,2.184374e+01,2.184374e+01,2.185755e+01,2.182993e+01,2.176777e+01,2.169175e+01,2.173322e+01,2.182303e+01,2.179540e+01,2.179540e+01,2.176086e+01,2.171940e+01,2.169175e+01,2.170557e+01,2.160874e+01,2.159490e+01,2.182303e+01,2.165025e+01,2.160182e+01,2.142867e+01,2.152567e+01,2.146332e+01,2.142867e+01,2.131076e+01,2.149796e+01,2.154645e+01,2.171940e+01,2.175395e+01,2.165025e+01,2.176777e+01,2.164334e+01,2.165025e+01,2.162950e+01,2.169175e+01,2.166409e+01,2.163642e+01,2.164334e+01,2.162950e+01,2.160874e+01,2.163642e+01,2.162258e+01,2.167792e+01,2.157414e+01,2.166409e+01,2.152567e+01,2.155337e+01,2.156721e+01,2.165717e+01,2.156029e+01,2.165025e+01,2.151182e+01,2.156721e+01,2.162950e+01,2.160182e+01,2.164334e+01,2.147718e+01,2.164334e+01,2.171940e+01,2.177468e+01,2.165025e+01,2.169866e+01,2.175395e+01,2.172631e+01,2.173322e+01,2.182303e+01,2.165025e+01,2.169866e+01,2.172631e+01,2.170557e+01,2.180922e+01,2.188516e+01,2.196793e+01,2.195414e+01,2.198862e+01,2.198172e+01,2.197483e+01,2.198862e+01,2.192655e+01,2.193345e+01,2.193345e+01,2.198172e+01,2.197483e+01,2.202997e+01,2.200930e+01,2.184374e+01,2.198172e+01,2.182303e+01,2.199551e+01,2.180922e+01,2.187825e+01,2.179540e+01,2.189896e+01,2.185755e+01,2.189206e+01,2.182993e+01,2.179540e+01,2.162258e+01,2.185755e+01,2.176777e+01,2.184374e+01,2.195414e+01,2.189206e+01,2.165025e+01,2.173322e+01,2.207820e+01,2.181612e+01,2.186445e+01,2.178159e+01,2.174013e+01,2.171248e+01,2.156029e+01,2.186445e+01,2.150489e+01,2.172631e+01,2.159490e+01,2.160182e+01,2.134545e+01,2.130382e+01,2.118576e+01,2.117186e+01,2.120660e+01,2.114406e+01,2.147025e+01,2.147718e+01,2.165717e+01,2.171248e+01,2.176777e+01,2.176086e+01,2.169866e+01,2.177468e+01,2.178159e+01,2.176777e+01,2.165025e+01,2.172631e+01,2.174013e+01,2.147025e+01,2.175395e+01,2.175395e+01,2.170557e+01,2.160182e+01,2.162950e+01,2.166409e+01,2.167100e+01,2.156721e+01,2.163642e+01,2.162258e+01,2.171248e+01,2.157414e+01,2.142174e+01,2.149104e+01,2.171248e+01,2.155337e+01,2.166409e+01,2.155337e+01,2.158798e+01,2.154645e+01,2.153952e+01,2.160874e+01,2.160874e+01,2.169866e+01,2.166409e+01,2.162258e+01,2.162258e+01,2.163642e+01,2.172631e+01,2.175395e+01,2.175395e+01,2.153952e+01,2.171940e+01,2.178159e+01,2.173322e+01,2.177468e+01,2.167792e+01,2.171940e+01,2.169175e+01,2.169175e+01,2.171248e+01,2.169866e+01,2.181612e+01,2.170557e+01,2.168483e+01,2.176086e+01,2.175395e+01,2.180922e+01,2.175395e+01,2.179540e+01,2.178850e+01,2.180231e+01,2.182303e+01,2.179540e+01,2.176086e+01,2.187135e+01,2.186445e+01,2.188516e+01,2.180231e+01,2.174704e+01,2.179540e+01,2.178850e+01,2.196793e+01,2.181612e+01,2.182303e+01,2.191276e+01,2.197483e+01,2.182303e+01,2.184374e+01,2.193345e+01,2.185755e+01,2.189896e+01,2.187825e+01,2.187825e+01,2.184374e+01,2.187825e+01,2.187825e+01,2.183684e+01,2.187135e+01,2.177468e+01,2.175395e+01,2.176086e+01,2.179540e+01,2.175395e+01,2.162258e+01,2.178850e+01,2.171248e+01,2.169866e+01,2.169866e+01,2.196104e+01,2.167100e+01,2.160874e+01,2.169866e+01,2.162950e+01,2.165025e+01,2.166409e+01,2.154645e+01,2.157414e+01,2.158106e+01,2.169175e+01,2.159490e+01,2.157414e+01,2.161566e+01,2.160182e+01,2.166409e+01,2.167100e+01,2.151875e+01,2.159490e+01,2.160874e+01,2.158106e+01,2.159490e+01,2.150489e+01,2.152567e+01,2.147025e+01,2.153260e+01,2.151875e+01,2.154645e+01,2.151182e+01,2.149104e+01,2.156029e+01,2.156029e+01,2.159490e+01,2.154645e+01,2.160874e+01,2.155337e+01,2.156029e+01,2.139400e+01,2.148411e+01,2.147718e+01,2.158106e+01,2.155337e+01,2.146332e+01,2.161566e+01,2.149104e+01,2.158798e+01,2.147025e+01,2.148411e+01,2.153260e+01,2.147718e+01,2.151875e+01,2.154645e+01,2.158106e+01,2.144946e+01,2.163642e+01,2.163642e+01,2.160874e+01,2.159490e+01
2.204376e+01,2.213329e+01,2.197483e+01,2.206442e+01,2.207820e+01,2.204376e+01,2.205065e+01,2.205754e+01,2.209886e+01,2.206442e+01,2.210575e+01,2.207820e+01,2.201619e+01,2.212641e+01,2.209886e+01,2.226401e+01,2.214706e+01,2.216082e+01,2.212641e+01,2.215394e+01,2.214706e+01,2.217459e+01,2.221587e+01,2.219523e+01,2.225026e+01,2.207131e+01,2.221587e+01,2.220211e+01,2.227776e+01,2.236709e+01,2.225713e+01,2.220211e+01,2.223650e+01,2.221587e+01,2.221587e+01,2.222275e+01,2.227776e+01,2.229838e+01,2.218835e+01,2.220899e+01,2.218835e+01,2.220211e+01,2.235335e+01,2.222275e+01,2.231212e+01,2.221587e+01,2.217459e+01,2.216082e+01,2.215394e+01,2.214017e+01,2.218835e+01,2.239456e+01,2.214706e+01,2.213329e+01,2.219523e+01,2.220899e+01,2.218835e+01,2.212641e+01,2.214706e+01,2.230525e+01,2.215394e+01,2.223650e+01,2.226401e+01,2.220211e+01,2.226401e+01,2.205065e+01,2.213329e+01,2.225713e+01,2.221587e+01,2.225713e+01,2.214017e+01,2.215394e+01,2.216082e+01,2.205754e+01,2.218147e+01,2.203687e+01,2.210575e+01,2.205065e+01,2.209198e+01,2.211952e+01,2.210575e+01,2.200930e+01,2.212641e+01,2.207131e+01,2.211952e+01,2.205065e+01,2.216771e+01,2.203687e+01,2.207131e+01,2.205754e+01,2.213329e+01,2.219523e+01,2.218835e+01,2.209886e+01,2.215394e+01,2.212641e+01,2.214706e+01,2.212641e+01,2.205754e+01,2.213329e+01,2.211263e+01,2.209886e+01,2.211952e+01,2.217459e+01,2.211263e+01,2.220211e+01,2.209886e+01,2.208509e+01,2.209198e+01,2.211263e+01,2.215394e+01,2.211263e+01,2.221587e+01,2.201619e+01,2.211952e+01,2.230525e+01,2.225026e+01,2.207820e+01,2.196104e+01,2.225713e+01,2.228463e+01,2.225713e+01,2.201619e+01,2.203687e+01,2.211952e+01,2.212641e+01,2.219523e+01,2.210575e+01,2.203687e+01,2.210575e+01,2.203687e+01,2.207820e+01,2.207820e+01,2.193345e+01,2.165717e+01,2.144253e+01,2.133851e+01,2.160182e+01,2.146332e+01,2.156721e+01,2.144253e+01,2.156721e+01,2.153260e+01,2.152567e+01,2.160874e+01,2.163642e+01,2.164334e+01,2.151875e+01,2.147718e+01,2.147718e+01,2.147718e+01,2.149104e+01,2.156029e+01,2.155337e+01,2.144253e+01,2.144253e+01,2.147025e+01,2.140787e+01,2.142867e+01,2.148411e+01,2.135933e+01,2.137320e+01,2.151182e+01,2.142867e+01,2.149104e+01,2.138707e+01,2.135933e+01,2.122050e+01,2.139400e+01,2.135933e+01,2.139400e+01,2.149104e+01,2.151182e+01,2.147718e+01,2.152567e+01,2.156721e+01,2.152567e+01,2.153952e+01,2.129688e+01,2.131076e+01,2.117186e+01,2.138013e+01,2.119271e+01,2.116491e+01,2.117881e+01,2.124133e+01,2.126217e+01,2.139400e+01,2.185755e+01,2.180922e+01,2.177468e+01,2.185755e+01,2.189896e+01,2.187825e+01,2.187825e+01,2.187135e+01,2.189206e+01,2.179540e+01,2.181612e+01,2.185755e+01,2.185065e+01,2.189206e+01,2.178850e+01,2.193345e+01,2.182303e+01,2.189206e+01,2.190586e+01,2.192655e+01,2.177468e+01,2.175395e+01,2.195414e+01,2.187135e+01,2.190586e+01,2.184374e+01,2.190586e+01,2.180231e+01,2.171940e+01,2.171248e+01,2.176777e+01,2.174013e+01,2.176777e+01,2.171248e+01,2.172631e+01,2.175395e+01,2.176086e+01,2.176086e+01,2.182303e+01,2.185755e+01,2.176086e+01,2.176086e+01,2.185755e+01,2.185065e+01,2.185755e+01,2.180231e+01,2.176086e+01,2.178850e+01,2.176086e+01,2.173322e+01,2.171248e+01,2.165025e+01,2.163642e+01,2.160874e+01,2.163642e+01,2.167100e+01,2.160182e+01,2.160182e+01,2.163642e+01,2.169866e+01,2.166409e+01,2.165717e+01,2.158798e+01,2.176086e+01,2.199551e+01,2.194725e+01,2.216082e+01,2.205754e+01,2.196793e+01,2.209886e+01,2.209198e+01,2.211263e+01,2.205754e+01,2.194035e+01,2.204376e+01,2.195414e+01,2.207131e+01,2.207131e+01,2.201619e+01,2.211952e+01,2.209198e+01,2.214706e+01,2.209198e+01,2.215394e+01,2.217459e+01,2.221587e+01,2.227776e+01,2.232587e+01,2.231900e+01,2.233274e+01,2.235335e+01,2.253866e+01,2.237395e+01,2.249751e+01,2.241516e+01,2.252494e+01,2.244261e+01,2.256608e+01,2.261406e+01,2.262776e+01,2.275785e+01,2.267571e+01,2.273732e+01,2.260035e+01,2.270309e+01,2.283993e+01,2.276469e+01,2.274416e+01,2.272363e+01,2.279206e+01,2.275101e+01,2.270994e+01,2.268255e+01,2.272363e+01,2.275785e+01,2.270994e+01,2.267571e+01,2.253180e+01,2.251122e+01,2.255237e+01,2.247692e+01,2.249065e+01,2.248379e+01,2.231900e+01,2.232587e+01,2.196793e+01,2.198172e+01,2.194725e+01,2.177468e+01,2.174704e+01,2.191276e+01,2.189896e+01,2.189206e+01,2.198862e+01,2.194725e+01,2.196104e+01,2.190586e+01,2.192655e+01,2.188516e+01,2.187825e+01,2.185755e+01,2.189896e+01,2.197483e+01,2.188516e+01,2.182993e+01,2.174704e+01,2.180922e+01,2.180231e+01,2.186445e+01,2.209198e+01,2.197483e+01,2.189206e+01,2.200930e+01,2.199551e+01,2.199551e+01,2.196793e+01,2.205065e+01,2.205065e+01,2.195414e+01,2.194035e+01,2.194725e+01,2.186445e+01,2.193345e+01,2.198862e+01,2.189896e+01,2.189896e+01,2.180231e+01,2.185065e+01,2.184374e+01,2.182993e+01,2.185065e+01,2.180231e+01,2.171248e+01,2.179540e+01,2.183684e+01,2.182993e+01,2.185755e+01,2.163642e+01,2.171248e+01,2.171940e+01,2.167792e+01,2.180922e+01,2.178159e+01,2.161566e+01,2.162258e+01,2.157414e+01,2.163642e+01,2.164334e+01,2.159490e+01,2.151182e+01,2.149796e+01,2.141480e+01,2.148411e+01,2.141480e+01,2.155337e+01,2.158798e+01,2.160182e+01,2.159490e+01,2.166409e+01,2.165717e+01,2.158798e+01,2.170557e+01,2.166409e+01,2.171248e+01,2.153260e+01,2.156029e+01,2.169175e+01,2.157414e+01,2.159490e+01,2.163642e+01,2.157414e+01,2.168483e+01,2.155337e+01,2.160874e+01,2.155337e+01,2.157414e+01,2.158106e+01,2.160182e+01,2.151875e+01,2.165717e+01,2.161566e+01,2.164334e+01,2.167100e+01,2.165025e+01,2.163642e+01,2.162950e+01,2.165025e+01,2.176086e+01,2.178159e+01,2.178850e+01,2.178850e+01,2.184374e+01,2.177468e+01,2.172631e+01,2.173322e+01,2.170557e+01,2.165025e+01,2.165717e+01,2.167792e+01,2.193345e+01,2.185065e+01,2.187135e+01,2.186445e+01,2.197483e+01,2.190586e+01,2.199551e+01,2.194035e+01,2.200241e+01,2.200930e+01,2.196793e+01,2.189206e+01,2.194035e+01,2.186445e+01,2.207820e+01,2.192655e+01,2.201619e+01,2.185065e+01,2.194035e+01,2.180922e+01,2.185755e+01,2.186445e+01,2.186445e+01,2.183684e+01,2.177468e+01,2.187135e+01,2.177468e+01,2.180922e+01,2.182993e+01,2.187825e+01,2.190586e+01,2.194725e+01,2.180231e+01,2.186445e+01,2.186445e+01,2.185755e+01,2.191276e+01,2.183684e+01,2.182993e+01,2.177468e+01,2.162950e+01,2.159490e+01,2.156721e+01,2.157414e+01,2.151182e+01,2.157414e+01,2.138707e+01,2.141480e+01,2.131076e+01,2.124133e+01,2.126217e+01,2.132464e+01,2.115101e+01,2.145639e+01,2.171940e+01,2.167100e+01,2.176777e+01,2.176777e+01,2.168483e+01,2.176777e+01,2.158798e+01,2.169866e+01,2.167792e+01,2.164334e+01,2.171940e+01,2.173322e+01,2.171940e+01,2.168483e+01,2.164334e+01,2.163642e+01,2.159490e+01,2.160182e+01,2.158106e+01,2.174013e+01,2.158798e+01,2.170557e+01,2.159490e+01,2.153952e+01,2.167100e+01,2.149104e+01,2.165717e+01,2.151182e+01,2.167100e+01,2.140094e+01,2.164334e+01,2.174013e+01,2.158798e+01,2.167792e+01,2.168483e+01,2.165025e+01,2.153952e+01,2.169866e+01,2.159490e+01,2.165717e+01,2.158798e+01,2.168483e+01,2.171940e+01,2.172631e+01,2.174704e+01,2.171248e+01,2.179540e+01,2.166409e+01,2.158106e+01,2.170557e+01,2.168483e+01,2.156721e+01,2.174704e+01,2.171940e+01,2.161566e+01,2.163642e+01,2.175395e+01,2.165025e+01,2.176777e+01,2.162258e+01,2.167100e+01,2.176777e+01,2.168483e+01,2.176777e+01,2.185755e+01,2.187135e+01,2.182993e+01,2.179540e+01,2.180922e+01,2.178850e+01,2.178850e+01,2.177468e+01,2.179540e+01,2.180231e+01,2.178159e+01,2.182303e+01,2.198862e+01,2.189896e+01,2.203687e+01,2.194035e+01,2.184374e+01,2.191965e+01,2.178159e+01,2.196104e+01,2.184374e+01,2.181612e+01,2.185065e+01,2.184374e+01,2.184374e+01,2.185065e+01,2.187135e+01,2.186445e+01,2.184374e+01,2.176086e+01,2.175395e+01,2.171248e+01,2.163642e+01,2.162950e+01,2.163642e+01,2.169175e+01,2.167100e+01,2.159490e+01,2.165025e+01,2.160182e+01,2.162258e+01,2.167100e+01,2.166409e+01,2.164334e+01,2.171248e+01,2.154645e+01,2.162258e+01,2.168483e+01,2.161566e+01,2.156721e+01,2.153952e+01,2.162950e+01,2.165025e+01,2.165025e+01,2.166409e+01,2.160874e+01,2.159490e+01,2.159490e+01,2.156721e+01,2.144253e+01,2.151182e+01,2.150489e+01,2.148411e+01,2.153952e+01,2.147718e+01,2.149796e+01,2.149104e+01,2.148411e+01,2.136626e+01,2.154645e+01,2.144253e+01,2.144253e+01,2.146332e+01,2.138707e+01,2.152567e+01,2.156029e+01,2.153952e+01,2.158798e+01,2.148411e+01,2.150489e+01,2.160874e+01,2.150489e+01,2.153952e+01,2.156029e+01,2.148411e+01,2.151875e+01,2.151875e+01,2.145639e+01,2.151182e+01,2.144253e+01,2.160874e+01,2.140787e+01,2.159490e+01,2.159490e+01,2.154645e+01
2.217459e+01,2.211263e+01,2.196793e+01,2.210575e+01,2.202997e+01,2.205065e+01,2.216082e+01,2.207131e+01,2.207820e+01,2.206442e+01,2.216771e+01,2.202308e+01,2.205754e+01,2.211263e+01,2.207131e+01,2.225026e+01,2.208509e+01,2.214706e+01,2.208509e+01,2.214706e+01,2.217459e+01,2.207820e+01,2.225713e+01,2.225713e+01,2.221587e+01,2.208509e+01,2.202997e+01,2.216771e+01,2.212641e+01,2.229151e+01,2.221587e+01,2.216082e+01,2.229838e+01,2.228463e+01,2.226401e+01,2.211952e+01,2.218147e+01,2.211263e+01,2.222962e+01,2.214017e+01,2.218835e+01,2.209886e+01,2.227088e+01,2.223650e+01,2.235335e+01,2.236022e+01,2.218147e+01,2.225026e+01,2.220211e+01,2.236022e+01,2.218147e+01,2.213329e+01,2.216771e+01,2.220211e+01,2.218147e+01,2.216082e+01,2.212641e+01,2.215394e+01,2.223650e+01,2.211263e+01,2.218835e+01,2.226401e+01,2.206442e+01,2.212641e+01,2.222962e+01,2.215394e+01,2.213329e+01,2.203687e+01,2.226401e+01,2.216771e+01,2.204376e+01,2.208509e+01,2.227776e+01,2.206442e+01,2.222275e+01,2.212641e+01,2.222962e+01,2.200241e+01,2.203687e+01,2.216771e+01,2.207131e+01,2.196104e+01,2.216082e+01,2.206442e+01,2.203687e+01,2.210575e+01,2.203687e+01,2.212641e+01,2.203687e+01,2.220211e+01,2.207131e+01,2.207131e+01,2.207131e+01,2.216082e+01,2.210575e+01,2.212641e+01,2.211952e+01,2.212641e+01,2.211952e+01,2.207131e+01,2.202308e+01,2.210575e+01,2.213329e+01,2.220211e+01,2.204376e+01,2.204376e+01,2.218147e+01,2.207131e+01,2.208509e+01,2.208509e+01,2.209886e+01,2.210575e+01,2.192655e+01,2.229151e+01,2.205065e+01,2.219523e+01,2.214017e+01,2.226401e+01,2.211952e+01,2.210575e+01,2.187135e+01,2.202308e+01,2.203687e+01,2.207820e+01,2.203687e+01,2.213329e+01,2.210575e+01,2.200241e+01,2.192655e+01,2.201619e+01,2.199551e+01,2.207131e+01,2.197483e+01,2.189206e+01,2.168483e+01,2.138013e+01,2.139400e+01,2.158106e+01,2.151182e+01,2.155337e+01,2.159490e+01,2.159490e+01,2.162258e+01,2.164334e+01,2.162950e+01,2.155337e+01,2.162258e+01,2.162950e+01,2.160182e+01,2.159490e+01,2.144946e+01,2.157414e+01,2.145639e+01,2.139400e+01,2.145639e+01,2.140787e+01,2.144253e+01,2.137320e+01,2.142867e+01,2.151875e+01,2.143560e+01,2.135933e+01,2.131076e+01,2.133851e+01,2.149104e+01,2.127605e+01,2.131076e+01,2.123439e+01,2.127605e+01,2.133158e+01,2.136626e+01,2.135239e+01,2.147718e+01,2.143560e+01,2.146332e+01,2.156721e+01,2.151875e+01,2.149796e+01,2.153260e+01,2.137320e+01,2.122050e+01,2.132464e+01,2.122050e+01,2.122744e+01,2.113015e+01,2.108843e+01,2.108843e+01,2.147718e+01,2.156721e+01,2.189206e+01,2.162950e+01,2.169175e+01,2.191276e+01,2.185065e+01,2.186445e+01,2.186445e+01,2.185755e+01,2.179540e+01,2.183684e+01,2.184374e+01,2.189206e+01,2.180231e+01,2.192655e+01,2.191965e+01,2.192655e+01,2.194035e+01,2.196793e+01,2.185755e+01,2.187135e+01,2.184374e+01,2.199551e+01,2.185065e+01,2.191965e+01,2.182303e+01,2.175395e+01,2.169175e+01,2.171940e+01,2.154645e+01,2.154645e+01,2.174013e+01,2.160182e+01,2.173322e+01,2.174704e+01,2.173322e+01,2.169866e+01,2.176086e+01,2.178159e+01,2.175395e+01,2.185755e+01,2.182993e+01,2.178850e+01,2.180231e+01,2.189206e+01,2.178850e+01,2.169175e+01,2.176777e+01,2.177468e+01,2.176777e+01,2.178159e+01,2.166409e+01,2.138013e+01,2.163642e+01,2.172631e+01,2.169175e+01,2.156721e+01,2.172631e+01,2.165717e+01,2.171940e+01,2.162950e+01,2.149796e+01,2.150489e+01,2.174013e+01,2.191276e+01,2.202997e+01,2.196104e+01,2.215394e+01,2.207131e+01,2.201619e+01,2.215394e+01,2.200241e+01,2.216771e+01,2.214706e+01,2.194035e+01,2.200930e+01,2.200241e+01,2.201619e+01,2.205754e+01,2.202308e+01,2.211952e+01,2.215394e+01,2.200930e+01,2.224338e+01,2.209198e+01,2.225713e+01,2.230525e+01,2.230525e+01,2.231900e+01,2.233274e+01,2.231900e+01,2.233274e+01,2.245634e+01,2.262776e+01,2.249751e+01,2.253866e+01,2.264831e+01,2.257979e+01,2.266201e+01,2.272363e+01,2.277837e+01,2.268255e+01,2.277837e+01,2.283309e+01,2.283993e+01,2.288094e+01,2.275101e+01,2.276469e+01,2.276469e+01,2.273047e+01,2.281941e+01,2.262091e+01,2.273047e+01,2.256608e+01,2.279206e+01,2.273047e+01,2.253866e+01,2.261406e+01,2.268255e+01,2.247006e+01,2.240829e+01,2.245634e+01,2.249751e+01,2.232587e+01,2.223650e+01,2.226401e+01,2.196104e+01,2.177468e+01,2.174704e+01,2.177468e+01,2.183684e+01,2.185755e+01,2.200241e+01,2.192655e+01,2.178159e+01,2.194035e+01,2.185065e+01,2.189896e+01,2.197483e+01,2.185065e+01,2.194725e+01,2.188516e+01,2.179540e+01,2.171940e+01,2.174013e+01,2.181612e+01,2.189206e+01,2.187825e+01,2.178159e+01,2.180231e+01,2.180231e+01,2.183684e+01,2.197483e+01,2.206442e+01,2.194725e+01,2.202308e+01,2.202308e+01,2.198862e+01,2.194035e+01,2.201619e+01,2.192655e+01,2.201619e+01,2.197483e+01,2.201619e+01,2.185065e+01,2.185755e+01,2.184374e+01,2.186445e+01,2.191965e+01,2.187825e+01,2.186445e+01,2.180922e+01,2.160182e+01,2.193345e+01,2.188516e+01,2.182993e+01,2.194035e+01,2.173322e+01,2.181612e+01,2.166409e+01,2.180922e+01,2.164334e+01,2.167792e+01,2.169866e+01,2.163642e+01,2.165717e+01,2.159490e+01,2.162258e+01,2.149796e+01,2.142174e+01,2.135933e+01,2.146332e+01,2.130382e+01,2.145639e+01,2.157414e+01,2.144253e+01,2.159490e+01,2.174013e+01,2.169175e+01,2.160874e+01,2.161566e+01,2.169866e+01,2.163642e+01,2.165717e+01,2.164334e+01,2.151875e+01,2.153260e+01,2.158798e+01,2.162258e+01,2.165025e+01,2.156721e+01,2.158798e+01,2.157414e+01,2.157414e+01,2.153260e+01,2.155337e+01,2.159490e+01,2.162258e+01,2.153260e+01,2.153260e+01,2.169175e+01,2.142867e+01,2.166409e+01,2.166409e+01,2.162950e+01,2.176086e+01,2.181612e+01,2.179540e+01,2.191276e+01,2.189896e+01,2.186445e+01,2.184374e+01,2.183684e+01,2.185065e+01,2.185065e+01,2.172631e+01,2.176777e+01,2.167792e+01,2.169866e+01,2.181612e+01,2.193345e+01,2.201619e+01,2.198172e+01,2.197483e+01,2.197483e+01,2.205065e+01,2.202308e+01,2.191276e+01,2.191965e+01,2.198862e+01,2.195414e+01,2.207820e+01,2.205065e+01,2.201619e+01,2.200930e+01,2.191276e+01,2.192655e+01,2.186445e+01,2.192655e+01,2.201619e+01,2.182993e+01,2.184374e+01,2.182303e+01,2.182993e+01,2.184374e+01,2.185065e+01,2.182303e+01,2.180922e+01,2.193345e+01,2.182993e+01,2.188516e+01,2.191276e+01,2.189206e+01,2.180231e+01,2.188516e+01,2.184374e+01,2.176777e+01,2.177468e+01,2.171940e+01,2.158106e+01,2.162258e+01,2.158106e+01,2.159490e+01,2.147025e+01,2.142174e+01,2.146332e+01,2.146332e+01,2.128993e+01,2.126911e+01,2.119966e+01,2.124133e+01,2.124133e+01,2.156721e+01,2.148411e+01,2.160874e+01,2.176777e+01,2.165025e+01,2.175395e+01,2.176086e+01,2.175395e+01,2.178159e+01,2.169175e+01,2.160182e+01,2.160874e+01,2.166409e+01,2.170557e+01,2.164334e+01,2.165717e+01,2.162950e+01,2.158106e+01,2.157414e+01,2.165717e+01,2.152567e+01,2.173322e+01,2.164334e+01,2.152567e+01,2.163642e+01,2.162950e+01,2.169866e+01,2.148411e+01,2.167792e+01,2.153260e+01,2.162258e+01,2.160182e+01,2.161566e+01,2.169866e+01,2.163642e+01,2.155337e+01,2.163642e+01,2.166409e+01,2.169175e+01,2.162258e+01,2.169866e+01,2.160182e+01,2.171940e+01,2.168483e+01,2.171248e+01,2.177468e+01,2.179540e+01,2.176777e+01,2.172631e+01,2.175395e+01,2.167792e+01,2.166409e+01,2.170557e+01,2.173322e+01,2.162950e+01,2.167792e+01,2.171940e+01,2.167792e+01,2.167100e+01,2.162950e+01,2.178159e+01,2.174013e+01,2.182303e+01,2.171248e+01,2.187135e+01,2.176777e+01,2.181612e+01,2.183684e+01,2.180231e+01,2.187135e+01,2.180231e+01,2.185755e+01,2.177468e+01,2.180231e+01,2.174013e+01,2.179540e+01,2.181612e+01,2.189896e+01,2.187825e+01,2.185755e+01,2.200930e+01,2.177468e+01,2.189896e+01,2.182303e+01,2.182993e+01,2.194725e+01,2.178159e+01,2.185755e+01,2.185755e+01,2.186445e+01,2.176777e+01,2.185065e+01,2.182993e+01,2.184374e+01,2.197483e+01,2.177468e+01,2.179540e+01,2.177468e+01,2.179540e+01,2.165717e+01,2.180922e+01,2.176777e+01,2.164334e+01,2.168483e+01,2.157414e+01,2.165025e+01,2.165025e+01,2.165025e+01,2.167792e+01,2.170557e+01,2.167792e+01,2.162950e+01,2.165025e+01,2.153952e+01,2.161566e+01,2.185065e+01,2.155337e+01,2.142867e+01,2.146332e+01,2.160874e+01,2.156721e+01,2.162258e+01,2.156721e+01,2.153260e+01,2.140787e+01,2.158106e+01,2.148411e+01,2.147025e+01,2.146332e+01,2.147025e+01,2.139400e+01,2.146332e+01,2.142867e+01,2.141480e+01,2.141480e+01,2.159490e+01,2.126911e+01,2.148411e+01,2.148411e+01,2.144946e+01,2.142867e+01,2.137320e+01,2.141480e+01,2.144253e+01,2.144253e+01,2.158106e+01,2.149104e+01,2.158106e+01,2.149104e+01,2.144946e+01,2.156721e+01,2.149104e+01,2.151182e+01,2.153260e+01,2.149796e+01,2.156721e+01,2.152567e+01,2.163642e+01,2.169175e+01,2.165025e+01
2.216771e+01,2.216082e+01,2.200930e+01,2.204376e+01,2.202308e+01,2.205754e+01,2.205065e+01,2.216771e+01,2.202997e+01,2.205065e+01,2.202308e+01,2.198172e+01,2.207820e+01,2.214017e+01,2.221587e+01,2.210575e+01,2.215394e+01,2.209886e+01,2.211952e+01,2.213329e+01,2.213329e+01,2.224338e+01,2.225026e+01,2.219523e+01,2.206442e+01,2.210575e+01,2.229151e+01,2.219523e+01,2.222962e+01,2.216082e+01,2.221587e+01,2.211952e+01,2.224338e+01,2.220899e+01,2.225713e+01,2.229151e+01,2.227088e+01,2.214706e+01,2.224338e+01,2.211263e+01,2.215394e+01,2.228463e+01,2.240829e+01,2.232587e+01,2.222275e+01,2.229151e+01,2.224338e+01,2.218835e+01,2.220899e+01,2.227088e+01,2.225026e+01,2.217459e+01,2.216771e+01,2.238769e+01,2.220899e+01,2.218835e+01,2.211263e+01,2.208509e+01,2.214706e+01,2.211952e+01,2.216082e+01,2.223650e+01,2.220211e+01,2.215394e+01,2.216771e+01,2.220899e+01,2.218147e+01,2.214706e+01,2.213329e+01,2.218835e+01,2.209886e+01,2.205754e+01,2.218147e+01,2.219523e+01,2.203687e+01,2.216082e+01,2.205754e+01,2.215394e+01,2.209886e+01,2.214706e+01,2.209886e+01,2.194725e+01,2.200930e+01,2.209198e+01,2.216082e+01,2.216082e+01,2.214706e+01,2.216082e+01,2.220211e+01,2.207131e+01,2.207820e+01,2.206442e+01,2.209886e+01,2.213329e+01,2.207131e+01,2.207131e+01,2.229151e+01,2.198172e+01,2.205754e+01,2.204376e+01,2.206442e+01,2.187135e+01,2.194035e+01,2.209198e+01,2.194725e+01,2.201619e+01,2.206442e+01,2.213329e+01,2.207131e+01,2.214017e+01,2.197483e+01,2.200241e+01,2.231212e+01,2.205754e+01,2.195414e+01,2.203687e+01,2.209886e+01,2.214706e+01,2.212641e+01,2.202308e+01,2.204376e+01,2.203687e+01,2.197483e+01,2.195414e+01,2.200241e+01,2.201619e+01,2.179540e+01,2.160182e+01,2.148411e+01,2.183684e+01,2.158106e+01,2.164334e+01,2.162258e+01,2.165717e+01,2.156721e+01,2.138013e+01,2.153952e+01,2.151875e+01,2.140787e+01,2.147718e+01,2.149104e+01,2.164334e+01,2.153260e+01,2.156721e+01,2.149796e+01,2.159490e+01,2.158106e+01,2.160182e+01,2.159490e+01,2.176086e+01,2.156029e+01,2.153952e+01,2.145639e+01,2.144253e+01,2.147718e+01,2.142867e+01,2.142867e+01,2.142174e+01,2.141480e+01,2.143560e+01,2.133851e+01,2.135239e+01,2.147025e+01,2.135239e+01,2.133158e+01,2.126217e+01,2.123439e+01,2.126217e+01,2.124133e+01,2.129688e+01,2.134545e+01,2.145639e+01,2.147025e+01,2.144946e+01,2.138013e+01,2.141480e+01,2.147025e+01,2.137320e+01,2.138013e+01,2.147025e+01,2.137320e+01,2.121355e+01,2.136626e+01,2.126217e+01,2.113015e+01,2.113015e+01,2.108843e+01,2.116491e+01,2.160874e+01,2.182993e+01,2.187135e+01,2.182303e+01,2.186445e+01,2.183684e+01,2.187135e+01,2.181612e+01,2.185065e+01,2.182993e+01,2.186445e+01,2.185755e+01,2.184374e+01,2.189896e+01,2.191276e+01,2.178850e+01,2.188516e+01,2.196104e+01,2.196793e+01,2.183684e+01,2.196793e+01,2.194725e+01,2.182993e+01,2.192655e+01,2.181612e+01,2.178159e+01,2.169175e+01,2.158798e+01,2.169175e+01,2.170557e+01,2.175395e+01,2.165025e+01,2.174704e+01,2.174013e+01,2.178850e+01,2.177468e+01,2.176086e+01,2.185065e+01,2.174013e+01,2.182993e+01,2.173322e+01,2.176777e+01,2.179540e+01,2.189206e+01,2.177468e+01,2.187825e+01,2.175395e+01,2.176777e+01,2.175395e+01,2.171248e+01,2.176086e+01,2.167792e+01,2.167100e+01,2.169866e+01,2.165025e+01,2.158106e+01,2.167100e+01,2.170557e+01,2.151875e+01,2.164334e+01,2.165717e+01,2.151875e+01,2.162950e+01,2.174704e+01,2.190586e+01,2.209198e+01,2.212641e+01,2.211263e+01,2.197483e+01,2.211263e+01,2.205754e+01,2.203687e+01,2.206442e+01,2.195414e+01,2.196104e+01,2.198862e+01,2.207131e+01,2.214706e+01,2.196793e+01,2.200930e+01,2.227776e+01,2.200241e+01,2.205754e+01,2.200930e+01,2.216771e+01,2.211952e+01,2.228463e+01,2.233274e+01,2.220211e+01,2.236022e+01,2.232587e+01,2.249065e+01,2.241516e+01,2.250437e+01,2.247692e+01,2.251122e+01,2.252494e+01,2.255923e+01,2.269625e+01,2.270994e+01,2.267571e+01,2.269625e+01,2.277837e+01,2.272363e+01,2.272363e+01,2.283993e+01,2.286727e+01,2.275101e+01,2.274416e+01,2.264146e+01,2.273732e+01,2.277837e+01,2.275785e+01,2.272363e+01,2.262776e+01,2.271679e+01,2.275101e+01,2.249751e+01,2.255923e+01,2.265516e+01,2.249065e+01,2.232587e+01,2.232587e+01,2.244948e+01,2.229838e+01,2.222962e+01,2.218835e+01,2.175395e+01,2.177468e+01,2.182303e+01,2.178159e+01,2.187135e+01,2.185065e+01,2.182303e+01,2.200241e+01,2.192655e+01,2.162258e+01,2.198172e+01,2.187825e+01,2.188516e+01,2.198862e+01,2.191965e+01,2.180922e+01,2.179540e+01,2.175395e+01,2.182993e+01,2.184374e+01,2.182993e+01,2.178850e+01,2.182303e+01,2.193345e+01,2.187135e+01,2.193345e+01,2.200241e+01,2.180231e+01,2.204376e+01,2.202997e+01,2.194035e+01,2.195414e+01,2.194725e+01,2.194035e+01,2.195414e+01,2.185755e+01,2.196104e+01,2.194035e+01,2.192655e+01,2.187825e+01,2.185065e+01,2.184374e+01,2.176086e+01,2.176777e+01,2.176777e+01,2.180231e+01,2.168483e+01,2.191965e+01,2.191276e+01,2.183684e+01,2.172631e+01,2.183684e+01,2.166409e+01,2.169866e+01,2.166409e+01,2.160874e+01,2.167792e+01,2.158798e+01,2.161566e+01,2.161566e+01,2.151875e+01,2.147718e+01,2.144946e+01,2.135239e+01,2.144946e+01,2.153260e+01,2.159490e+01,2.168483e+01,2.152567e+01,2.158106e+01,2.167100e+01,2.172631e+01,2.160182e+01,2.169866e+01,2.160874e+01,2.165717e+01,2.161566e+01,2.162950e+01,2.153952e+01,2.153952e+01,2.153952e+01,2.160182e+01,2.161566e+01,2.159490e+01,2.162950e+01,2.158106e+01,2.156029e+01,2.158798e+01,2.152567e+01,2.153260e+01,2.154645e+01,2.150489e+01,2.154645e+01,2.156029e+01,2.144946e+01,2.155337e+01,2.160874e+01,2.162950e+01,2.168483e+01,2.176086e+01,2.187135e+01,2.176086e+01,2.194035e+01,2.192655e+01,2.182993e+01,2.186445e+01,2.208509e+01,2.189206e+01,2.184374e+01,2.181612e+01,2.171940e+01,2.171940e+01,2.199551e+01,2.178159e+01,2.198862e+01,2.201619e+01,2.197483e+01,2.199551e+01,2.202308e+01,2.195414e+01,2.198172e+01,2.197483e+01,2.194725e+01,2.187825e+01,2.200930e+01,2.194035e+01,2.199551e+01,2.195414e+01,2.193345e+01,2.194035e+01,2.196104e+01,2.181612e+01,2.189206e+01,2.185065e+01,2.177468e+01,2.187825e+01,2.186445e+01,2.186445e+01,2.185755e+01,2.189896e+01,2.190586e+01,2.180922e+01,2.178850e+01,2.179540e+01,2.188516e+01,2.188516e+01,2.202308e+01,2.177468e+01,2.178159e+01,2.175395e+01,2.177468e+01,2.165025e+01,2.159490e+01,2.153952e+01,2.161566e+01,2.170557e+01,2.152567e+01,2.151875e+01,2.133851e+01,2.134545e+01,2.136626e+01,2.131770e+01,2.122050e+01,2.117186e+01,2.113711e+01,2.146332e+01,2.162950e+01,2.165717e+01,2.168483e+01,2.166409e+01,2.173322e+01,2.176777e+01,2.171940e+01,2.175395e+01,2.169866e+01,2.159490e+01,2.167100e+01,2.161566e+01,2.165025e+01,2.164334e+01,2.165717e+01,2.166409e+01,2.160874e+01,2.170557e+01,2.154645e+01,2.162258e+01,2.174013e+01,2.156721e+01,2.171248e+01,2.160874e+01,2.175395e+01,2.175395e+01,2.162258e+01,2.162950e+01,2.178850e+01,2.169866e+01,2.169175e+01,2.161566e+01,2.169866e+01,2.165717e+01,2.163642e+01,2.165025e+01,2.165717e+01,2.162950e+01,2.162950e+01,2.169866e+01,2.160874e+01,2.178850e+01,2.177468e+01,2.160182e+01,2.169866e+01,2.168483e+01,2.175395e+01,2.165717e+01,2.174704e+01,2.165717e+01,2.175395e+01,2.172631e+01,2.165025e+01,2.166409e+01,2.169866e+01,2.176086e+01,2.174013e+01,2.166409e+01,2.162950e+01,2.182303e+01,2.165025e+01,2.180231e+01,2.182993e+01,2.176086e+01,2.179540e+01,2.177468e+01,2.177468e+01,2.179540e+01,2.179540e+01,2.204376e+01,2.180922e+01,2.184374e+01,2.182303e+01,2.180922e+01,2.182303e+01,2.180922e+01,2.179540e+01,2.194725e+01,2.192655e+01,2.189206e+01,2.182993e+01,2.180231e+01,2.182993e+01,2.190586e+01,2.179540e+01,2.180922e+01,2.178850e+01,2.188516e+01,2.187135e+01,2.189206e+01,2.182303e+01,2.187135e+01,2.169866e+01,2.174013e+01,2.176777e+01,2.171248e+01,2.180231e+01,2.168483e+01,2.160874e+01,2.175395e+01,2.160874e+01,2.178159e+01,2.162258e+01,2.158798e+01,2.167792e+01,2.167100e+01,2.165025e+01,2.169866e+01,2.162258e+01,2.163642e+01,2.156721e+01,2.163642e+01,2.166409e+01,2.166409e+01,2.156029e+01,2.164334e+01,2.158798e+01,2.165025e+01,2.142867e+01,2.154645e+01,2.156721e+01,2.155337e+01,2.156029e+01,2.147025e+01,2.161566e+01,2.146332e+01,2.151875e+01,2.150489e+01,2.156721e+01,2.149104e+01,2.153260e+01,2.144253e+01,2.151875e+01,2.146332e+01,2.161566e+01,2.149104e+01,2.147718e+01,2.143560e+01,2.149104e+01,2.146332e+01,2.140787e+01,2.147718e+01,2.150489e+01,2.145639e+01,2.145639e+01,2.158106e+01,2.165025e+01,2.157414e+01,2.151875e+01,2.153952e+01,2.139400e+01,2.152567e+01,2.149796e+01,2.156029e+01,2.162258e+01,2.153952e+01,2.165025e+01,2.156721e+01,2.141480e+01
2.194035e+01,2.212641e+01,2.211263e+01,2.196104e+01,2.201619e+01,2.202308e+01,2.204376e+01,2.198862e+01,2.202997e+01,2.208509e+01,2.205754e+01,2.225026e+01,2.218835e+01,2.217459e+01,2.216082e+01,2.214706e+01,2.220211e+01,2.216082e+01,2.212641e+01,2.211263e+01,2.222962e+01,2.217459e+01,2.207820e+01,2.225713e+01,2.214706e+01,2.207820e+01,2.196793e+01,2.211263e+01,2.227088e+01,2.214706e+01,2.227088e+01,2.220211e+01,2.224338e+01,2.218835e+01,2.216771e+01,2.218147e+01,2.209886e+01,2.207131e+01,2.222275e+01,2.209198e+01,2.224338e+01,2.227088e+01,2.229838e+01,2.233961e+01,2.235335e+01,2.229151e+01,2.230525e+01,2.225026e+01,2.225713e+01,2.223650e+01,2.222962e+01,2.216082e+01,2.222275e+01,2.211263e+01,2.220899e+01,2.219523e+01,2.220899e+01,2.225026e+01,2.214017e+01,2.216082e+01,2.211263e+01,2.221587e+01,2.212641e+01,2.225026e+01,2.208509e+01,2.215394e+01,2.213329e+01,2.209886e+01,2.208509e+01,2.199551e+01,2.207820e+01,2.205754e+01,2.206442e+01,2.225026e+01,2.207131e+01,2.212641e+01,2.205065e+01,2.209886e+01,2.219523e+01,2.216082e+01,2.213329e+01,2.196104e+01,2.207820e+01,2.204376e+01,2.207131e+01,2.209886e+01,2.218835e+01,2.206442e+01,2.209886e+01,2.221587e+01,2.214706e+01,2.218147e+01,2.210575e+01,2.214706e+01,2.212641e+01,2.209886e+01,2.201619e+01,2.209886e+01,2.209886e+01,2.202997e+01,2.202997e+01,2.208509e+01,2.210575e+01,2.207820e+01,2.211263e+01,2.207131e+01,2.195414e+01,2.211263e+01,2.202308e+01,2.216082e+01,2.196793e+01,2.200241e+01,2.190586e+01,2.204376e+01,2.187135e+01,2.202997e+01,2.204376e+01,2.190586e+01,2.189206e+01,2.184374e+01,2.182993e+01,2.158106e+01,2.171940e+01,2.171248e+01,2.169866e+01,2.147718e+01,2.138013e+01,2.133158e+01,2.144946e+01,2.113015e+01,2.133158e+01,2.138013e+01,2.136626e+01,2.140787e+01,2.134545e+01,2.137320e+01,2.142174e+01,2.149796e+01,2.143560e+01,2.165025e+01,2.154645e+01,2.167792e+01,2.152567e+01,2.165717e+01,2.150489e+01,2.162950e+01,2.163642e+01,2.161566e+01,2.162258e+01,2.161566e+01,2.157414e+01,2.149104e+01,2.149796e+01,2.149796e+01,2.147025e+01,2.146332e+01,2.147718e+01,2.141480e+01,2.147025e+01,2.144946e+01,2.133158e+01,2.139400e+01,2.134545e+01,2.134545e+01,2.137320e+01,2.136626e+01,2.133851e+01,2.125522e+01,2.133851e+01,2.130382e+01,2.131076e+01,2.128299e+01,2.136626e+01,2.143560e+01,2.126217e+01,2.143560e+01,2.140787e+01,2.148411e+01,2.151182e+01,2.135933e+01,2.133851e+01,2.118576e+01,2.117186e+01,2.126911e+01,2.113711e+01,2.105365e+01,2.108843e+01,2.110234e+01,2.158106e+01,2.162950e+01,2.192655e+01,2.191276e+01,2.178159e+01,2.177468e+01,2.183684e+01,2.182993e+01,2.182993e+01,2.180922e+01,2.181612e+01,2.182303e+01,2.189206e+01,2.189206e+01,2.176777e+01,2.178159e+01,2.196104e+01,2.190586e+01,2.176777e+01,2.196793e+01,2.187825e+01,2.182993e+01,2.191276e+01,2.184374e+01,2.196104e+01,2.180231e+01,2.165025e+01,2.168483e+01,2.167792e+01,2.176777e+01,2.158106e+01,2.189896e+01,2.175395e+01,2.172631e+01,2.178159e+01,2.179540e+01,2.181612e+01,2.187135e+01,2.179540e+01,2.188516e+01,2.175395e+01,2.185755e+01,2.189206e+01,2.179540e+01,2.181612e+01,2.185065e+01,2.181612e+01,2.178850e+01,2.176086e+01,2.172631e+01,2.170557e+01,2.167792e+01,2.187135e+01,2.166409e+01,2.174013e+01,2.173322e+01,2.173322e+01,2.167792e+01,2.171940e+01,2.163642e+01,2.156029e+01,2.167792e+01,2.161566e+01,2.178159e+01,2.191276e+01,2.205065e+01,2.208509e+01,2.207820e+01,2.202308e+01,2.209886e+01,2.208509e+01,2.217459e+01,2.202308e+01,2.210575e+01,2.193345e+01,2.198862e+01,2.205065e+01,2.192655e+01,2.213329e+01,2.204376e+01,2.198172e+01,2.179540e+01,2.172631e+01,2.198862e+01,2.207131e+01,2.218147e+01,2.231212e+01,2.209886e+01,2.225713e+01,2.220899e+01,2.227088e+01,2.242888e+01,2.231212e+01,2.247692e+01,2.263461e+01,2.249751e+01,2.249751e+01,2.258665e+01,2.254551e+01,2.260720e+01,2.268255e+01,2.269625e+01,2.275101e+01,2.277837e+01,2.288094e+01,2.274416e+01,2.273732e+01,2.271679e+01,2.273047e+01,2.282625e+01,2.277153e+01,2.260720e+01,2.264146e+01,2.266886e+01,2.247692e+01,2.250437e+01,2.268940e+01,2.244261e+01,2.249065e+01,2.244948e+01,2.238769e+01,2.228463e+01,2.251122e+01,2.235335e+01,2.220899e+01,2.227088e+01,2.220211e+01,2.192655e+01,2.177468e+01,2.174013e+01,2.174704e+01,2.182993e+01,2.186445e+01,2.183684e+01,2.197483e+01,2.200930e+01,2.187825e+01,2.185065e+01,2.193345e+01,2.183684e+01,2.186445e+01,2.184374e+01,2.184374e+01,2.172631e+01,2.180231e+01,2.178850e+01,2.185065e+01,2.179540e+01,2.189896e+01,2.182303e+01,2.188516e+01,2.185755e+01,2.200241e+01,2.199551e+01,2.209886e+01,2.190586e+01,2.194725e+01,2.206442e+01,2.187825e+01,2.207131e+01,2.202308e+01,2.191965e+01,2.191276e+01,2.207131e+01,2.202308e+01,2.202997e+01,2.191276e+01,2.177468e+01,2.194725e+01,2.194035e+01,2.194725e+01,2.176086e+01,2.189896e+01,2.171940e+01,2.185755e+01,2.165025e+01,2.170557e+01,2.167792e+01,2.167792e+01,2.166409e+01,2.165025e+01,2.164334e+01,2.174013e+01,2.163642e+01,2.163642e+01,2.152567e+01,2.160182e+01,2.158106e+01,2.150489e+01,2.162258e+01,2.144253e+01,2.156721e+01,2.159490e+01,2.158106e+01,2.157414e+01,2.167792e+01,2.163642e+01,2.169175e+01,2.164334e+01,2.168483e+01,2.169866e+01,2.164334e+01,2.162950e+01,2.149796e+01,2.173322e+01,2.160182e+01,2.158798e+01,2.160182e+01,2.156721e+01,2.157414e+01,2.157414e+01,2.165025e+01,2.155337e+01,2.157414e+01,2.153260e+01,2.154645e+01,2.155337e+01,2.152567e+01,2.157414e+01,2.165025e+01,2.153952e+01,2.156029e+01,2.157414e+01,2.168483e+01,2.165025e+01,2.165717e+01,2.167792e+01,2.191965e+01,2.174013e+01,2.176086e+01,2.187825e+01,2.182303e+01,2.202997e+01,2.184374e+01,2.185755e+01,2.180922e+01,2.176777e+01,2.180922e+01,2.172631e+01,2.176777e+01,2.195414e+01,2.194725e+01,2.203687e+01,2.199551e+01,2.188516e+01,2.196793e+01,2.189896e+01,2.199551e+01,2.210575e+01,2.196793e+01,2.195414e+01,2.197483e+01,2.200241e+01,2.195414e+01,2.203687e+01,2.198862e+01,2.201619e+01,2.194035e+01,2.193345e+01,2.189206e+01,2.194035e+01,2.183684e+01,2.198862e+01,2.188516e+01,2.181612e+01,2.161566e+01,2.187825e+01,2.183684e+01,2.188516e+01,2.191965e+01,2.182993e+01,2.186445e+01,2.187135e+01,2.185755e+01,2.185065e+01,2.182993e+01,2.187135e+01,2.165025e+01,2.161566e+01,2.159490e+01,2.147718e+01,2.169866e+01,2.156721e+01,2.156029e+01,2.159490e+01,2.132464e+01,2.144946e+01,2.128299e+01,2.146332e+01,2.123439e+01,2.124133e+01,2.120660e+01,2.127605e+01,2.160874e+01,2.147718e+01,2.156721e+01,2.159490e+01,2.167100e+01,2.167100e+01,2.171248e+01,2.167792e+01,2.169866e+01,2.169866e+01,2.166409e+01,2.166409e+01,2.171940e+01,2.173322e+01,2.157414e+01,2.170557e+01,2.158798e+01,2.158106e+01,2.156029e+01,2.153952e+01,2.168483e+01,2.154645e+01,2.149796e+01,2.165025e+01,2.153952e+01,2.151875e+01,2.160182e+01,2.167100e+01,2.168483e+01,2.166409e+01,2.166409e+01,2.160182e+01,2.172631e+01,2.162258e+01,2.153260e+01,2.161566e+01,2.163642e+01,2.156721e+01,2.165025e+01,2.168483e+01,2.160182e+01,2.176777e+01,2.159490e+01,2.168483e+01,2.171248e+01,2.176777e+01,2.166409e+01,2.166409e+01,2.175395e+01,2.169175e+01,2.165717e+01,2.164334e+01,2.169175e+01,2.161566e+01,2.162258e+01,2.176086e+01,2.176777e+01,2.164334e+01,2.164334e+01,2.162258e+01,2.165025e+01,2.176777e+01,2.167792e+01,2.171940e+01,2.177468e+01,2.180922e+01,2.189896e+01,2.171248e+01,2.182993e+01,2.185065e+01,2.187135e+01,2.188516e+01,2.178850e+01,2.184374e+01,2.197483e+01,2.185755e+01,2.196104e+01,2.193345e+01,2.194035e+01,2.187135e+01,2.194035e+01,2.187135e+01,2.182993e+01,2.191965e+01,2.180231e+01,2.186445e+01,2.181612e+01,2.190586e+01,2.188516e+01,2.176777e+01,2.187135e+01,2.180922e+01,2.173322e+01,2.177468e+01,2.174704e+01,2.169866e+01,2.165717e+01,2.166409e+01,2.168483e+01,2.183684e+01,2.165025e+01,2.169175e+01,2.165025e+01,2.161566e+01,2.166409e+01,2.152567e+01,2.169866e+01,2.156029e+01,2.156029e+01,2.167792e+01,2.153260e+01,2.162950e+01,2.158106e+01,2.170557e+01,2.169175e+01,2.163642e+01,2.158106e+01,2.151182e+01,2.141480e+01,2.154645e+01,2.149796e+01,2.159490e+01,2.160182e+01,2.145639e+01,2.156721e+01,2.157414e+01,2.142174e+01,2.153260e+01,2.143560e+01,2.158798e+01,2.153952e+01,2.150489e+01,2.148411e+01,2.144946e+01,2.147025e+01,2.137320e+01,2.145639e+01,2.145639e+01,2.149796e+01,2.149796e+01,2.136626e+01,2.165025e+01,2.149104e+01,2.144946e+01,2.146332e+01,2.153260e+01,2.144253e+01,2.146332e+01,2.155337e+01,2.147025e+01,2.145639e+01,2.142867e+01,2.149796e+01,2.150489e+01,2.157414e+01,2.157414e+01,2.149104e+01,2.156721e+01,2.156029e+01
2.194035e+01,2.197483e+01,2.202308e+01,2.205754e+01,2.211263e+01,2.205065e+01,2.201619e+01,2.208509e+01,2.208509e+01,2.214017e+01,2.211263e+01,2.220211e+01,2.220899e+01,2.211263e+01,2.224338e+01,2.211263e+01,2.218835e+01,2.217459e+01,2.218835e+01,2.233961e+01,2.214706e+01,2.219523e+01,2.209886e+01,2.222962e+01,2.207820e+01,2.212641e+01,2.219523e+01,2.218147e+01,2.205065e+01,2.220211e+01,2.219523e+01,2.226401e+01,2.231900e+01,2.209198e+01,2.217459e+01,2.216082e+01,2.222962e+01,2.222962e+01,2.210575e+01,2.225713e+01,2.207131e+01,2.234648e+01,2.225713e+01,2.227776e+01,2.229838e+01,2.236022e+01,2.227088e+01,2.232587e+01,2.231900e+01,2.225026e+01,2.219523e+01,2.214706e+01,2.220899e+01,2.227776e+01,2.218147e+01,2.222275e+01,2.215394e+01,2.222275e+01,2.214017e+01,2.226401e+01,2.222962e+01,2.216082e+01,2.220211e+01,2.224338e+01,2.215394e+01,2.222962e+01,2.209886e+01,2.216082e+01,2.214706e+01,2.209198e+01,2.213329e+01,2.206442e+01,2.211952e+01,2.220211e+01,2.215394e+01,2.212641e+01,2.202308e+01,2.206442e+01,2.219523e+01,2.209198e+01,2.216771e+01,2.205754e+01,2.211952e+01,2.216082e+01,2.216082e+01,2.201619e+01,2.200241e+01,2.210575e+01,2.217459e+01,2.209886e+01,2.220899e+01,2.208509e+01,2.221587e+01,2.211952e+01,2.211952e+01,2.218835e+01,2.218835e+01,2.200930e+01,2.211263e+01,2.218147e+01,2.209886e+01,2.207131e+01,2.208509e+01,2.209198e+01,2.215394e+01,2.207131e+01,2.205065e+01,2.202308e+01,2.204376e+01,2.198862e+01,2.196104e+01,2.204376e+01,2.197483e+01,2.181612e+01,2.196793e+01,2.196793e+01,2.189896e+01,2.168483e+01,2.151182e+01,2.127605e+01,2.153952e+01,2.135933e+01,2.106061e+01,2.142174e+01,2.133851e+01,2.147025e+01,2.138707e+01,2.133851e+01,2.135933e+01,2.138707e+01,2.138707e+01,2.136626e+01,2.138707e+01,2.140787e+01,2.157414e+01,2.138013e+01,2.155337e+01,2.155337e+01,2.156029e+01,2.166409e+01,2.167100e+01,2.167792e+01,2.167100e+01,2.155337e+01,2.151182e+01,2.163642e+01,2.162950e+01,2.156721e+01,2.135239e+01,2.162950e+01,2.159490e+01,2.147718e+01,2.147718e+01,2.153260e+01,2.158798e+01,2.151875e+01,2.142174e+01,2.142867e+01,2.142867e+01,2.143560e+01,2.140094e+01,2.134545e+01,2.142867e+01,2.140094e+01,2.133851e+01,2.127605e+01,2.126911e+01,2.138013e+01,2.109539e+01,2.117881e+01,2.126217e+01,2.130382e+01,2.135239e+01,2.123439e+01,2.138013e+01,2.135933e+01,2.134545e+01,2.148411e+01,2.135239e+01,2.135933e+01,2.122050e+01,2.122050e+01,2.119271e+01,2.121355e+01,2.085865e+01,2.112320e+01,2.109539e+01,2.112320e+01,2.168483e+01,2.178159e+01,2.181612e+01,2.164334e+01,2.179540e+01,2.180231e+01,2.184374e+01,2.185755e+01,2.182303e+01,2.188516e+01,2.180922e+01,2.188516e+01,2.177468e+01,2.176777e+01,2.185065e+01,2.185065e+01,2.185065e+01,2.198172e+01,2.180231e+01,2.198862e+01,2.199551e+01,2.196104e+01,2.196104e+01,2.182303e+01,2.176777e+01,2.174013e+01,2.174704e+01,2.169866e+01,2.173322e+01,2.174704e+01,2.170557e+01,2.172631e+01,2.174704e+01,2.185065e+01,2.169866e+01,2.181612e+01,2.178159e+01,2.191965e+01,2.178159e+01,2.193345e+01,2.176777e+01,2.194035e+01,2.187825e+01,2.179540e+01,2.198172e+01,2.185065e+01,2.187135e+01,2.177468e+01,2.179540e+01,2.182993e+01,2.171940e+01,2.171940e+01,2.169866e+01,2.169866e+01,2.172631e+01,2.171248e+01,2.167100e+01,2.168483e+01,2.169866e+01,2.169866e+01,2.162950e+01,2.170557e+01,2.167792e+01,2.178850e+01,2.187825e+01,2.210575e+01,2.211952e+01,2.209886e+01,2.212641e+01,2.208509e+01,2.202997e+01,2.203687e+01,2.200241e+01,2.207131e+01,2.205065e+01,2.209198e+01,2.198862e+01,2.203687e+01,2.200241e+01,2.190586e+01,2.186445e+01,2.156721e+01,2.149796e+01,2.166409e+01,2.196793e+01,2.218147e+01,2.215394e+01,2.227776e+01,2.225713e+01,2.242202e+01,2.240142e+01,2.248379e+01,2.248379e+01,2.247692e+01,2.262091e+01,2.245634e+01,2.258665e+01,2.249065e+01,2.265516e+01,2.260035e+01,2.264146e+01,2.265516e+01,2.285360e+01,2.267571e+01,2.276469e+01,2.279889e+01,2.268255e+01,2.280573e+01,2.260720e+01,2.271679e+01,2.262091e+01,2.264831e+01,2.274416e+01,2.276469e+01,2.249065e+01,2.275101e+01,2.244948e+01,2.251808e+01,2.241516e+01,2.247692e+01,2.245634e+01,2.238082e+01,2.225713e+01,2.218147e+01,2.230525e+01,2.214706e+01,2.219523e+01,2.209198e+01,2.172631e+01,2.172631e+01,2.172631e+01,2.187825e+01,2.180231e+01,2.185065e+01,2.184374e+01,2.181612e+01,2.184374e+01,2.194035e+01,2.184374e+01,2.176086e+01,2.170557e+01,2.187135e+01,2.179540e+01,2.180231e+01,2.182993e+01,2.179540e+01,2.176086e+01,2.182303e+01,2.183684e+01,2.178850e+01,2.180231e+01,2.187135e+01,2.195414e+01,2.199551e+01,2.196104e+01,2.185755e+01,2.200930e+01,2.205065e+01,2.203687e+01,2.194035e+01,2.204376e+01,2.203687e+01,2.197483e+01,2.199551e+01,2.189896e+01,2.184374e+01,2.186445e+01,2.196793e+01,2.193345e+01,2.184374e+01,2.178159e+01,2.185065e+01,2.193345e+01,2.180922e+01,2.176777e+01,2.182303e+01,2.179540e+01,2.173322e+01,2.167100e+01,2.171940e+01,2.170557e+01,2.167100e+01,2.163642e+01,2.158798e+01,2.166409e+01,2.158106e+01,2.156721e+01,2.153260e+01,2.159490e+01,2.148411e+01,2.149104e+01,2.144253e+01,2.158106e+01,2.161566e+01,2.167100e+01,2.170557e+01,2.169866e+01,2.169175e+01,2.166409e+01,2.162950e+01,2.158106e+01,2.170557e+01,2.156029e+01,2.160874e+01,2.158798e+01,2.154645e+01,2.156029e+01,2.162258e+01,2.160874e+01,2.161566e+01,2.158798e+01,2.158106e+01,2.158798e+01,2.150489e+01,2.150489e+01,2.165025e+01,2.161566e+01,2.169175e+01,2.156029e+01,2.158798e+01,2.153952e+01,2.166409e+01,2.163642e+01,2.175395e+01,2.174704e+01,2.174013e+01,2.167792e+01,2.189206e+01,2.190586e+01,2.187825e+01,2.189206e+01,2.185065e+01,2.184374e+01,2.195414e+01,2.209198e+01,2.184374e+01,2.201619e+01,2.191965e+01,2.192655e+01,2.192655e+01,2.196793e+01,2.196793e+01,2.194725e+01,2.192655e+01,2.195414e+01,2.196104e+01,2.196793e+01,2.180922e+01,2.190586e+01,2.196104e+01,2.194725e+01,2.198172e+01,2.199551e+01,2.190586e+01,2.217459e+01,2.198172e+01,2.193345e+01,2.192655e+01,2.203687e+01,2.199551e+01,2.194035e+01,2.185755e+01,2.185065e+01,2.182993e+01,2.191965e+01,2.183684e+01,2.174013e+01,2.191276e+01,2.177468e+01,2.182993e+01,2.190586e+01,2.180231e+01,2.182993e+01,2.176086e+01,2.164334e+01,2.181612e+01,2.189896e+01,2.179540e+01,2.165717e+01,2.163642e+01,2.171248e+01,2.167100e+01,2.162258e+01,2.169866e+01,2.169866e+01,2.156721e+01,2.129688e+01,2.131770e+01,2.159490e+01,2.125522e+01,2.135933e+01,2.129688e+01,2.124133e+01,2.159490e+01,2.159490e+01,2.160874e+01,2.174704e+01,2.163642e+01,2.167792e+01,2.169866e+01,2.169175e+01,2.177468e+01,2.168483e+01,2.166409e+01,2.167100e+01,2.165717e+01,2.166409e+01,2.162258e+01,2.158798e+01,2.160874e+01,2.168483e+01,2.156029e+01,2.156029e+01,2.175395e+01,2.164334e+01,2.162258e+01,2.166409e+01,2.164334e+01,2.162258e+01,2.163642e+01,2.166409e+01,2.162258e+01,2.169175e+01,2.169175e+01,2.165025e+01,2.174704e+01,2.162258e+01,2.160874e+01,2.164334e+01,2.161566e+01,2.162950e+01,2.167100e+01,2.166409e+01,2.165717e+01,2.159490e+01,2.165717e+01,2.166409e+01,2.164334e+01,2.180922e+01,2.169175e+01,2.166409e+01,2.169175e+01,2.170557e+01,2.174013e+01,2.174704e+01,2.165025e+01,2.156029e+01,2.165717e+01,2.176086e+01,2.176777e+01,2.178850e+01,2.179540e+01,2.168483e+01,2.187135e+01,2.191965e+01,2.175395e+01,2.176086e+01,2.175395e+01,2.174704e+01,2.183684e+01,2.189206e+01,2.178159e+01,2.184374e+01,2.174013e+01,2.169866e+01,2.194035e+01,2.183684e+01,2.179540e+01,2.173322e+01,2.185755e+01,2.184374e+01,2.195414e+01,2.198862e+01,2.204376e+01,2.199551e+01,2.184374e+01,2.184374e+01,2.182993e+01,2.194035e+01,2.178850e+01,2.189896e+01,2.171248e+01,2.176777e+01,2.171940e+01,2.184374e+01,2.171248e+01,2.175395e+01,2.167792e+01,2.188516e+01,2.166409e+01,2.185755e+01,2.167100e+01,2.164334e+01,2.163642e+01,2.163642e+01,2.162950e+01,2.169175e+01,2.171248e+01,2.171940e+01,2.163642e+01,2.160874e+01,2.167100e+01,2.167100e+01,2.165717e+01,2.165025e+01,2.152567e+01,2.162950e+01,2.168483e+01,2.169175e+01,2.165025e+01,2.153952e+01,2.165717e+01,2.164334e+01,2.154645e+01,2.171248e+01,2.155337e+01,2.157414e+01,2.153260e+01,2.156721e+01,2.154645e+01,2.153260e+01,2.148411e+01,2.154645e+01,2.158798e+01,2.153260e+01,2.149796e+01,2.149796e+01,2.129688e+01,2.149796e+01,2.151875e+01,2.163642e+01,2.152567e+01,2.151182e+01,2.153952e+01,2.153952e+01,2.153260e+01,2.141480e+01,2.144946e+01,2.151875e+01,2.148411e+01,2.159490e+01,2.153260e+01,2.153952e+01,2.151875e+01,2.153952e+01,2.151182e+01,2.155337e+01,2.149796e+01,2.150489e+01,2.151182e+01,2.158106e+01,2.171248e+01
2.202997e+01,2.200930e+01,2.193345e+01,2.199551e+01,2.202308e+01,2.200241e+01,2.202308e+01,2.200241e+01,2.218147e+01,2.222275e+01,2.216082e+01,2.215394e+01,2.227088e+01,2.207131e+01,2.222962e+01,2.210575e+01,2.216771e+01,2.223650e+01,2.214706e+01,2.211263e+01,2.187135e+01,2.209886e+01,2.225713e+01,2.220899e+01,2.210575e+01,2.220899e+01,2.218147e+01,2.202997e+01,2.222962e+01,2.217459e+01,2.214017e+01,2.206442e+01,2.218835e+01,2.220211e+01,2.226401e+01,2.220899e+01,2.225026e+01,2.199551e+01,2.202308e+01,2.228463e+01,2.226401e+01,2.209886e+01,2.224338e+01,2.228463e+01,2.226401e+01,2.228463e+01,2.222962e+01,2.223650e+01,2.215394e+01,2.218147e+01,2.228463e+01,2.216082e+01,2.222962e+01,2.202308e+01,2.230525e+01,2.217459e+01,2.203687e+01,2.222962e+01,2.218147e+01,2.219523e+01,2.208509e+01,2.207820e+01,2.210575e+01,2.206442e+01,2.212641e+01,2.214706e+01,2.216771e+01,2.207820e+01,2.219523e+01,2.216771e+01,2.200930e+01,2.191965e+01,2.202997e+01,2.220899e+01,2.201619e+01,2.219523e+01,2.214706e+01,2.207131e+01,2.207131e+01,2.208509e+01,2.207820e+01,2.215394e+01,2.197483e+01,2.211952e+01,2.216771e+01,2.198862e+01,2.211952e+01,2.209198e+01,2.207131e+01,2.216771e+01,2.233274e+01,2.206442e+01,2.212641e+01,2.210575e+01,2.210575e+01,2.205754e+01,2.216082e+01,2.198862e+01,2.210575e+01,2.205065e+01,2.200930e+01,2.205754e+01,2.209886e+01,2.202308e+01,2.225713e+01,2.202308e+01,2.200930e+01,2.200930e+01,2.198862e+01,2.195414e+01,2.179540e+01,2.180922e+01,2.180231e+01,2.174013e+01,2.157414e+01,2.167792e+01,2.155337e+01,2.154645e+01,2.162258e+01,2.140094e+01,2.135239e+01,2.154645e+01,2.135239e+01,2.159490e+01,2.142174e+01,2.147718e+01,2.135239e+01,2.134545e+01,2.137320e+01,2.128299e+01,2.131076e+01,2.135933e+01,2.126217e+01,2.126217e+01,2.122050e+01,2.142174e+01,2.148411e+01,2.149104e+01,2.159490e+01,2.154645e+01,2.161566e+01,2.154645e+01,2.154645e+01,2.165025e+01,2.158106e+01,2.163642e+01,2.155337e+01,2.163642e+01,2.153952e+01,2.142867e+01,2.147025e+01,2.154645e+01,2.131770e+01,2.144946e+01,2.149104e+01,2.135933e+01,2.135933e+01,2.145639e+01,2.145639e+01,2.136626e+01,2.147025e+01,2.144946e+01,2.142867e+01,2.128993e+01,2.135239e+01,2.124133e+01,2.137320e+01,2.128299e+01,2.127605e+01,2.127605e+01,2.130382e+01,2.119271e+01,2.133158e+01,2.133158e+01,2.138707e+01,2.135239e+01,2.134545e+01,2.132464e+01,2.133158e+01,2.113015e+01,2.128993e+01,2.115101e+01,2.117186e+01,2.115101e+01,2.114406e+01,2.087956e+01,2.101885e+01,2.108148e+01,2.153952e+01,2.179540e+01,2.178850e+01,2.180231e+01,2.183684e+01,2.176777e+01,2.197483e+01,2.178159e+01,2.180231e+01,2.180922e+01,2.190586e+01,2.187825e+01,2.174013e+01,2.187135e+01,2.181612e+01,2.180231e+01,2.183684e+01,2.181612e+01,2.180922e+01,2.189206e+01,2.197483e+01,2.202308e+01,2.196793e+01,2.178850e+01,2.173322e+01,2.165025e+01,2.153260e+01,2.165717e+01,2.169175e+01,2.169175e+01,2.171940e+01,2.169866e+01,2.186445e+01,2.187825e+01,2.179540e+01,2.186445e+01,2.174704e+01,2.185065e+01,2.176086e+01,2.187825e+01,2.182993e+01,2.181612e+01,2.189896e+01,2.180231e+01,2.177468e+01,2.180922e+01,2.187825e+01,2.180922e+01,2.186445e+01,2.176086e+01,2.180231e+01,2.169866e+01,2.173322e+01,2.172631e+01,2.174704e+01,2.174013e+01,2.172631e+01,2.166409e+01,2.163642e+01,2.161566e+01,2.162258e+01,2.163642e+01,2.163642e+01,2.183684e+01,2.202997e+01,2.211263e+01,2.211263e+01,2.209198e+01,2.200930e+01,2.201619e+01,2.193345e+01,2.214706e+01,2.200241e+01,2.192655e+01,2.201619e+01,2.195414e+01,2.196793e+01,2.192655e+01,2.195414e+01,2.193345e+01,2.195414e+01,2.144253e+01,2.140094e+01,2.147025e+01,2.151182e+01,2.188516e+01,2.202308e+01,2.216771e+01,2.226401e+01,2.223650e+01,2.236022e+01,2.226401e+01,2.240142e+01,2.255237e+01,2.253180e+01,2.253180e+01,2.251122e+01,2.263461e+01,2.255237e+01,2.249751e+01,2.257294e+01,2.260720e+01,2.267571e+01,2.271679e+01,2.267571e+01,2.267571e+01,2.270994e+01,2.271679e+01,2.283309e+01,2.262776e+01,2.259350e+01,2.264146e+01,2.260035e+01,2.255237e+01,2.276469e+01,2.249751e+01,2.247006e+01,2.239456e+01,2.234648e+01,2.243575e+01,2.245634e+01,2.228463e+01,2.227088e+01,2.231212e+01,2.230525e+01,2.237395e+01,2.208509e+01,2.209198e+01,2.174704e+01,2.175395e+01,2.178850e+01,2.176777e+01,2.182993e+01,2.178159e+01,2.197483e+01,2.200241e+01,2.180922e+01,2.200930e+01,2.194035e+01,2.185065e+01,2.186445e+01,2.182303e+01,2.186445e+01,2.185065e+01,2.183684e+01,2.176777e+01,2.181612e+01,2.171940e+01,2.180922e+01,2.176777e+01,2.178159e+01,2.195414e+01,2.191965e+01,2.191276e+01,2.206442e+01,2.189206e+01,2.211263e+01,2.185755e+01,2.200930e+01,2.198862e+01,2.194725e+01,2.191276e+01,2.190586e+01,2.189896e+01,2.199551e+01,2.191276e+01,2.187135e+01,2.185065e+01,2.175395e+01,2.183684e+01,2.193345e+01,2.187135e+01,2.176086e+01,2.174704e+01,2.181612e+01,2.181612e+01,2.174013e+01,2.166409e+01,2.178850e+01,2.167100e+01,2.178159e+01,2.165717e+01,2.174704e+01,2.174704e+01,2.158106e+01,2.158106e+01,2.159490e+01,2.159490e+01,2.149796e+01,2.138707e+01,2.144946e+01,2.147025e+01,2.147718e+01,2.162950e+01,2.156721e+01,2.156029e+01,2.164334e+01,2.160874e+01,2.165025e+01,2.162258e+01,2.170557e+01,2.171940e+01,2.158798e+01,2.158106e+01,2.160874e+01,2.160182e+01,2.152567e+01,2.158798e+01,2.146332e+01,2.151875e+01,2.150489e+01,2.153260e+01,2.153260e+01,2.156029e+01,2.150489e+01,2.153260e+01,2.151182e+01,2.152567e+01,2.164334e+01,2.157414e+01,2.158798e+01,2.156721e+01,2.153952e+01,2.169866e+01,2.174013e+01,2.179540e+01,2.185755e+01,2.189896e+01,2.189206e+01,2.194725e+01,2.194725e+01,2.195414e+01,2.191276e+01,2.202997e+01,2.207820e+01,2.191965e+01,2.198862e+01,2.189206e+01,2.208509e+01,2.199551e+01,2.196104e+01,2.194725e+01,2.199551e+01,2.200241e+01,2.200241e+01,2.185065e+01,2.192655e+01,2.183684e+01,2.196793e+01,2.188516e+01,2.196104e+01,2.195414e+01,2.182993e+01,2.195414e+01,2.197483e+01,2.204376e+01,2.204376e+01,2.203687e+01,2.202308e+01,2.188516e+01,2.188516e+01,2.188516e+01,2.201619e+01,2.195414e+01,2.180231e+01,2.198172e+01,2.184374e+01,2.182993e+01,2.193345e+01,2.182993e+01,2.181612e+01,2.183684e+01,2.187135e+01,2.183684e+01,2.175395e+01,2.187825e+01,2.196104e+01,2.160874e+01,2.171248e+01,2.170557e+01,2.167792e+01,2.157414e+01,2.159490e+01,2.158798e+01,2.144253e+01,2.143560e+01,2.160874e+01,2.156721e+01,2.149796e+01,2.136626e+01,2.137320e+01,2.128299e+01,2.114406e+01,2.142867e+01,2.163642e+01,2.165025e+01,2.166409e+01,2.163642e+01,2.175395e+01,2.167100e+01,2.161566e+01,2.171248e+01,2.179540e+01,2.166409e+01,2.169866e+01,2.162258e+01,2.161566e+01,2.163642e+01,2.153260e+01,2.158798e+01,2.158106e+01,2.161566e+01,2.166409e+01,2.165717e+01,2.168483e+01,2.157414e+01,2.160182e+01,2.171940e+01,2.162258e+01,2.171248e+01,2.160182e+01,2.162950e+01,2.168483e+01,2.165025e+01,2.159490e+01,2.167792e+01,2.176777e+01,2.140787e+01,2.153952e+01,2.167792e+01,2.168483e+01,2.166409e+01,2.169866e+01,2.162258e+01,2.169175e+01,2.169175e+01,2.169175e+01,2.166409e+01,2.164334e+01,2.165025e+01,2.162950e+01,2.153260e+01,2.167792e+01,2.172631e+01,2.171248e+01,2.160874e+01,2.167792e+01,2.160182e+01,2.172631e+01,2.173322e+01,2.163642e+01,2.176086e+01,2.165717e+01,2.182993e+01,2.172631e+01,2.175395e+01,2.179540e+01,2.175395e+01,2.174704e+01,2.182993e+01,2.185065e+01,2.180231e+01,2.169175e+01,2.160874e+01,2.182303e+01,2.182303e+01,2.180922e+01,2.182993e+01,2.173322e+01,2.180231e+01,2.180231e+01,2.186445e+01,2.189896e+01,2.196793e+01,2.187135e+01,2.189206e+01,2.198172e+01,2.181612e+01,2.194035e+01,2.187135e+01,2.174704e+01,2.185755e+01,2.172631e+01,2.186445e+01,2.169866e+01,2.173322e+01,2.167792e+01,2.169866e+01,2.174704e+01,2.173322e+01,2.171940e+01,2.165025e+01,2.169866e+01,2.165025e+01,2.172631e+01,2.164334e+01,2.160182e+01,2.173322e+01,2.158798e+01,2.169866e+01,2.168483e+01,2.173322e+01,2.161566e+01,2.160182e+01,2.158798e+01,2.162258e+01,2.159490e+01,2.152567e+01,2.167792e+01,2.146332e+01,2.152567e+01,2.168483e+01,2.152567e+01,2.160874e+01,2.156029e+01,2.156029e+01,2.159490e+01,2.156029e+01,2.156029e+01,2.138013e+01,2.145639e+01,2.159490e+01,2.158798e+01,2.160182e+01,2.156721e+01,2.149104e+01,2.141480e+01,2.170557e+01,2.150489e+01,2.153952e+01,2.146332e+01,2.153260e+01,2.156721e+01,2.151875e+01,2.140787e+01,2.153952e+01,2.153260e+01,2.143560e+01,2.150489e+01,2.149796e+01,2.158106e+01,2.158106e+01,2.134545e+01,2.164334e+01,2.151182e+01,2.162258e+01,2.155337e+01,2.148411e+01,2.150489e+01,2.152567e+01,2.160874e+01,2.170557e+01
2.197483e+01,2.199551e+01,2.205754e+01,2.202997e+01,2.207131e+01,2.216082e+01,2.205065e+01,2.200241e+01,2.200241e+01,2.222275e+01,2.214017e+01,2.224338e+01,2.218835e+01,2.225026e+01,2.211952e+01,2.210575e+01,2.218147e+01,2.210575e+01,2.209886e+01,2.209198e+01,2.216771e+01,2.228463e+01,2.215394e+01,2.215394e+01,2.218147e+01,2.209198e+01,2.205065e+01,2.220899e+01,2.218147e+01,2.229838e+01,2.215394e+01,2.216771e+01,2.221587e+01,2.225713e+01,2.218147e+01,2.223650e+01,2.205754e+01,2.231212e+01,2.218147e+01,2.212641e+01,2.219523e+01,2.224338e+01,2.228463e+01,2.207820e+01,2.227088e+01,2.225026e+01,2.227776e+01,2.222275e+01,2.217459e+01,2.214706e+01,2.225713e+01,2.224338e+01,2.222962e+01,2.229151e+01,2.230525e+01,2.221587e+01,2.218835e+01,2.208509e+01,2.220899e+01,2.204376e+01,2.213329e+01,2.222962e+01,2.213329e+01,2.214017e+01,2.216082e+01,2.212641e+01,2.207820e+01,2.214017e+01,2.213329e+01,2.202308e+01,2.217459e+01,2.209886e+01,2.193345e+01,2.201619e+01,2.213329e+01,2.206442e+01,2.211263e+01,2.211263e+01,2.209198e+01,2.198862e+01,2.188516e+01,2.201619e+01,2.208509e+01,2.213329e+01,2.209198e+01,2.210575e+01,2.203687e+01,2.214017e+01,2.191965e+01,2.212641e+01,2.210575e+01,2.208509e+01,2.211952e+01,2.216771e+01,2.205065e+01,2.211952e+01,2.214017e+01,2.215394e+01,2.212641e+01,2.213329e+01,2.209886e+01,2.211952e+01,2.205065e+01,2.205065e+01,2.199551e+01,2.205065e+01,2.199551e+01,2.196793e+01,2.200930e+01,2.194035e+01,2.165025e+01,2.176777e+01,2.156721e+01,2.159490e+01,2.159490e+01,2.165717e+01,2.152567e+01,2.160874e+01,2.148411e+01,2.160182e+01,2.154645e+01,2.150489e+01,2.134545e+01,2.147718e+01,2.150489e+01,2.150489e+01,2.133158e+01,2.133158e+01,2.133851e+01,2.124133e+01,2.135239e+01,2.134545e+01,2.126217e+01,2.135239e+01,2.135933e+01,2.141480e+01,2.148411e+01,2.150489e+01,2.150489e+01,2.147025e+01,2.163642e+01,2.156029e+01,2.156029e+01,2.157414e+01,2.157414e+01,2.147025e+01,2.151182e+01,2.140787e+01,2.156721e+01,2.165717e+01,2.147718e+01,2.145639e+01,2.148411e+01,2.153260e+01,2.136626e+01,2.132464e+01,2.146332e+01,2.133158e+01,2.133158e+01,2.146332e+01,2.135239e+01,2.132464e+01,2.142867e+01,2.142867e+01,2.125522e+01,2.126217e+01,2.136626e+01,2.119271e+01,2.123439e+01,2.128299e+01,2.126911e+01,2.126911e+01,2.123439e+01,2.131076e+01,2.131770e+01,2.126911e+01,2.135933e+01,2.132464e+01,2.123439e+01,2.121355e+01,2.126217e+01,2.116491e+01,2.116491e+01,2.117186e+01,2.108148e+01,2.096316e+01,2.099101e+01,2.112320e+01,2.142867e+01,2.176086e+01,2.178850e+01,2.182303e+01,2.180231e+01,2.177468e+01,2.182993e+01,2.192655e+01,2.190586e+01,2.189206e+01,2.177468e+01,2.175395e+01,2.194035e+01,2.174704e+01,2.180922e+01,2.183684e+01,2.191965e+01,2.188516e+01,2.202997e+01,2.190586e+01,2.195414e+01,2.192655e+01,2.191276e+01,2.166409e+01,2.160182e+01,2.153260e+01,2.163642e+01,2.170557e+01,2.169175e+01,2.167100e+01,2.171248e+01,2.170557e+01,2.169866e+01,2.185065e+01,2.187825e+01,2.188516e+01,2.181612e+01,2.191965e+01,2.185755e+01,2.192655e+01,2.175395e+01,2.182993e+01,2.177468e+01,2.178159e+01,2.182993e+01,2.179540e+01,2.187135e+01,2.180922e+01,2.180231e+01,2.182303e+01,2.178159e+01,2.182993e+01,2.171940e+01,2.172631e+01,2.173322e+01,2.173322e+01,2.169866e+01,2.167100e+01,2.170557e+01,2.165025e+01,2.166409e+01,2.167100e+01,2.166409e+01,2.178850e+01,2.189896e+01,2.205065e+01,2.203687e+01,2.204376e+01,2.200930e+01,2.209198e+01,2.198862e+01,2.200241e+01,2.214706e+01,2.196104e+01,2.194035e+01,2.194725e+01,2.202308e+01,2.203687e+01,2.195414e+01,2.194725e+01,2.184374e+01,2.156029e+01,2.144946e+01,2.145639e+01,2.142174e+01,2.156721e+01,2.207820e+01,2.216082e+01,2.217459e+01,2.228463e+01,2.239456e+01,2.240142e+01,2.228463e+01,2.241516e+01,2.253866e+01,2.248379e+01,2.257979e+01,2.258665e+01,2.254551e+01,2.248379e+01,2.260035e+01,2.256608e+01,2.266201e+01,2.279206e+01,2.262091e+01,2.264146e+01,2.270309e+01,2.270994e+01,2.255237e+01,2.266886e+01,2.261406e+01,2.252494e+01,2.256608e+01,2.253180e+01,2.250437e+01,2.241516e+01,2.244948e+01,2.251808e+01,2.236709e+01,2.228463e+01,2.229838e+01,2.229838e+01,2.227088e+01,2.209886e+01,2.214706e+01,2.208509e+01,2.212641e+01,2.180231e+01,2.200241e+01,2.187135e+01,2.176086e+01,2.173322e+01,2.177468e+01,2.188516e+01,2.180922e+01,2.189896e+01,2.180231e+01,2.184374e+01,2.187135e+01,2.188516e+01,2.187135e+01,2.184374e+01,2.177468e+01,2.187825e+01,2.184374e+01,2.183684e+01,2.179540e+01,2.174704e+01,2.174013e+01,2.187825e+01,2.184374e+01,2.181612e+01,2.180922e+01,2.193345e+01,2.193345e+01,2.189206e+01,2.208509e+01,2.198172e+01,2.195414e+01,2.200241e+01,2.193345e+01,2.191276e+01,2.200930e+01,2.203687e+01,2.189896e+01,2.191276e+01,2.188516e+01,2.191276e+01,2.177468e+01,2.193345e+01,2.167100e+01,2.180922e+01,2.180231e+01,2.181612e+01,2.182303e+01,2.171248e+01,2.176086e+01,2.172631e+01,2.175395e+01,2.168483e+01,2.159490e+01,2.164334e+01,2.160182e+01,2.167100e+01,2.171940e+01,2.165717e+01,2.149104e+01,2.153260e+01,2.149796e+01,2.133851e+01,2.144253e+01,2.143560e+01,2.146332e+01,2.163642e+01,2.159490e+01,2.162950e+01,2.169866e+01,2.167100e+01,2.168483e+01,2.167100e+01,2.159490e+01,2.171248e+01,2.159490e+01,2.152567e+01,2.172631e+01,2.162258e+01,2.168483e+01,2.170557e+01,2.158798e+01,2.158798e+01,2.153952e+01,2.151182e+01,2.158106e+01,2.161566e+01,2.146332e+01,2.158798e+01,2.147718e+01,2.153952e+01,2.160874e+01,2.162950e+01,2.165025e+01,2.157414e+01,2.171940e+01,2.175395e+01,2.169175e+01,2.182303e+01,2.186445e+01,2.191276e+01,2.190586e+01,2.190586e+01,2.189896e+01,2.209886e+01,2.193345e+01,2.198172e+01,2.196104e+01,2.206442e+01,2.198172e+01,2.198862e+01,2.189896e+01,2.193345e+01,2.201619e+01,2.198172e+01,2.194725e+01,2.190586e+01,2.196793e+01,2.199551e+01,2.191965e+01,2.191965e+01,2.189206e+01,2.195414e+01,2.191965e+01,2.193345e+01,2.197483e+01,2.191276e+01,2.194725e+01,2.178159e+01,2.205065e+01,2.184374e+01,2.189206e+01,2.202308e+01,2.187825e+01,2.192655e+01,2.196104e+01,2.185755e+01,2.184374e+01,2.182993e+01,2.179540e+01,2.188516e+01,2.183684e+01,2.187825e+01,2.182993e+01,2.187825e+01,2.174704e+01,2.191965e+01,2.176086e+01,2.174013e+01,2.182993e+01,2.173322e+01,2.169866e+01,2.167792e+01,2.165025e+01,2.157414e+01,2.168483e+01,2.153952e+01,2.159490e+01,2.160874e+01,2.140094e+01,2.142867e+01,2.146332e+01,2.143560e+01,2.140787e+01,2.140787e+01,2.122744e+01,2.120660e+01,2.157414e+01,2.158798e+01,2.167792e+01,2.177468e+01,2.162950e+01,2.164334e+01,2.165025e+01,2.168483e+01,2.178850e+01,2.150489e+01,2.174704e+01,2.174704e+01,2.153952e+01,2.162258e+01,2.158106e+01,2.168483e+01,2.158798e+01,2.156721e+01,2.164334e+01,2.165717e+01,2.167792e+01,2.167100e+01,2.169866e+01,2.170557e+01,2.173322e+01,2.168483e+01,2.156029e+01,2.165717e+01,2.178159e+01,2.161566e+01,2.161566e+01,2.163642e+01,2.167100e+01,2.172631e+01,2.161566e+01,2.158106e+01,2.158106e+01,2.166409e+01,2.169175e+01,2.165717e+01,2.167792e+01,2.169866e+01,2.166409e+01,2.139400e+01,2.143560e+01,2.149796e+01,2.166409e+01,2.180231e+01,2.178850e+01,2.160874e+01,2.161566e+01,2.163642e+01,2.159490e+01,2.165717e+01,2.175395e+01,2.174704e+01,2.165717e+01,2.174013e+01,2.165025e+01,2.172631e+01,2.190586e+01,2.173322e+01,2.176086e+01,2.168483e+01,2.177468e+01,2.179540e+01,2.174013e+01,2.181612e+01,2.186445e+01,2.185755e+01,2.174013e+01,2.178850e+01,2.180922e+01,2.185065e+01,2.186445e+01,2.196104e+01,2.194035e+01,2.179540e+01,2.192655e+01,2.199551e+01,2.178850e+01,2.187135e+01,2.194035e+01,2.188516e+01,2.191965e+01,2.180922e+01,2.181612e+01,2.178159e+01,2.173322e+01,2.200241e+01,2.185065e+01,2.167792e+01,2.179540e+01,2.169866e+01,2.176777e+01,2.174704e+01,2.169175e+01,2.151182e+01,2.167792e+01,2.167100e+01,2.162950e+01,2.170557e+01,2.167100e+01,2.171940e+01,2.166409e+01,2.170557e+01,2.163642e+01,2.163642e+01,2.163642e+01,2.167100e+01,2.162258e+01,2.168483e+01,2.151182e+01,2.158106e+01,2.178850e+01,2.169866e+01,2.151182e+01,2.152567e+01,2.163642e+01,2.162258e+01,2.167100e+01,2.167100e+01,2.160182e+01,2.155337e+01,2.146332e+01,2.144946e+01,2.160874e+01,2.147718e+01,2.159490e+01,2.152567e+01,2.159490e+01,2.150489e+01,2.147025e+01,2.160182e+01,2.151875e+01,2.160874e+01,2.148411e+01,2.162258e+01,2.144946e+01,2.151182e+01,2.153952e+01,2.153952e+01,2.152567e+01,2.147718e+01,2.150489e+01,2.150489e+01,2.147718e+01,2.160182e+01,2.149796e+01,2.150489e+01,2.150489e+01,2.136626e+01,2.147718e+01,2.160182e+01,2.149104e+01,2.158798e+01,2.156029e+01,2.174013e+01
2.204376e+01,2.196104e+01,2.198862e+01,2.198862e+01,2.206442e+01,2.195414e+01,2.207131e+01,2.219523e+01,2.218835e+01,2.216771e+01,2.216082e+01,2.225713e+01,2.213329e+01,2.211263e+01,2.213329e+01,2.211952e+01,2.209886e+01,2.207131e+01,2.222962e+01,2.230525e+01,2.205754e+01,2.209886e+01,2.205754e+01,2.211263e+01,2.217459e+01,2.227088e+01,2.205754e+01,2.218147e+01,2.220211e+01,2.207820e+01,2.215394e+01,2.211263e+01,2.219523e+01,2.209198e+01,2.227088e+01,2.220899e+01,2.224338e+01,2.218835e+01,2.224338e+01,2.219523e+01,2.211952e+01,2.219523e+01,2.227776e+01,2.225713e+01,2.228463e+01,2.236022e+01,2.212641e+01,2.216082e+01,2.227088e+01,2.220899e+01,2.223650e+01,2.215394e+01,2.216771e+01,2.222275e+01,2.226401e+01,2.234648e+01,2.205065e+01,2.208509e+01,2.215394e+01,2.216771e+01,2.212641e+01,2.221587e+01,2.210575e+01,2.213329e+01,2.211952e+01,2.216771e+01,2.210575e+01,2.207131e+01,2.211263e+01,2.217459e+01,2.225026e+01,2.198172e+01,2.207131e+01,2.202308e+01,2.195414e+01,2.217459e+01,2.208509e+01,2.213329e+01,2.203687e+01,2.208509e+01,2.196793e+01,2.206442e+01,2.209886e+01,2.227776e+01,2.227776e+01,2.225713e+01,2.202308e+01,2.207820e+01,2.210575e+01,2.198862e+01,2.203687e+01,2.215394e+01,2.211952e+01,2.207820e+01,2.212641e+01,2.209886e+01,2.204376e+01,2.211263e+01,2.211263e+01,2.207131e+01,2.206442e+01,2.203687e+01,2.202308e+01,2.204376e+01,2.197483e+01,2.191276e+01,2.199551e+01,2.167100e+01,2.172631e+01,2.170557e+01,2.156029e+01,2.158106e+01,2.165025e+01,2.162950e+01,2.161566e+01,2.167792e+01,2.167100e+01,2.158798e+01,2.158106e+01,2.169175e+01,2.156721e+01,2.155337e+01,2.146332e+01,2.151182e+01,2.140094e+01,2.143560e+01,2.141480e+01,2.140787e+01,2.136626e+01,2.133158e+01,2.137320e+01,2.131770e+01,2.132464e+01,2.136626e+01,2.131770e+01,2.138707e+01,2.148411e+01,2.147025e+01,2.149796e+01,2.160874e+01,2.157414e+01,2.156721e+01,2.149796e+01,2.153260e+01,2.149796e+01,2.138013e+01,2.147025e+01,2.146332e+01,2.149104e+01,2.139400e+01,2.156029e+01,2.149796e+01,2.137320e+01,2.151182e+01,2.139400e+01,2.150489e+01,2.143560e+01,2.142174e+01,2.132464e+01,2.142174e+01,2.123439e+01,2.125522e+01,2.128993e+01,2.118576e+01,2.141480e+01,2.124828e+01,2.133851e+01,2.126911e+01,2.121355e+01,2.118576e+01,2.109539e+01,2.118576e+01,2.130382e+01,2.125522e+01,2.129688e+01,2.126217e+01,2.132464e+01,2.112320e+01,2.135933e+01,2.118576e+01,2.110929e+01,2.115796e+01,2.111625e+01,2.108148e+01,2.099797e+01,2.111625e+01,2.110234e+01,2.110234e+01,2.139400e+01,2.181612e+01,2.180922e+01,2.178850e+01,2.185755e+01,2.180231e+01,2.176086e+01,2.176777e+01,2.185065e+01,2.185755e+01,2.194725e+01,2.184374e+01,2.174013e+01,2.189896e+01,2.174013e+01,2.172631e+01,2.194035e+01,2.184374e+01,2.186445e+01,2.185065e+01,2.185065e+01,2.189206e+01,2.186445e+01,2.164334e+01,2.170557e+01,2.153952e+01,2.172631e+01,2.166409e+01,2.168483e+01,2.169175e+01,2.178850e+01,2.174013e+01,2.181612e+01,2.183684e+01,2.179540e+01,2.189206e+01,2.171248e+01,2.178850e+01,2.189896e+01,2.187135e+01,2.193345e+01,2.186445e+01,2.191965e+01,2.174704e+01,2.196793e+01,2.182993e+01,2.187825e+01,2.180231e+01,2.182993e+01,2.185065e+01,2.188516e+01,2.176777e+01,2.179540e+01,2.174704e+01,2.173322e+01,2.169175e+01,2.167792e+01,2.165025e+01,2.169866e+01,2.166409e+01,2.168483e+01,2.169866e+01,2.176777e+01,2.193345e+01,2.191276e+01,2.192655e+01,2.205754e+01,2.206442e+01,2.202308e+01,2.197483e+01,2.203687e+01,2.200930e+01,2.192655e+01,2.195414e+01,2.208509e+01,2.196104e+01,2.196104e+01,2.194725e+01,2.192655e+01,2.202308e+01,2.194035e+01,2.152567e+01,2.149104e+01,2.140787e+01,2.162258e+01,2.153260e+01,2.171940e+01,2.195414e+01,2.217459e+01,2.218147e+01,2.238769e+01,2.238082e+01,2.238082e+01,2.236709e+01,2.236022e+01,2.262091e+01,2.250437e+01,2.242888e+01,2.247006e+01,2.248379e+01,2.255237e+01,2.253866e+01,2.257979e+01,2.249751e+01,2.276469e+01,2.261406e+01,2.262776e+01,2.249065e+01,2.262776e+01,2.240829e+01,2.248379e+01,2.251808e+01,2.251808e+01,2.254551e+01,2.249751e+01,2.245634e+01,2.236709e+01,2.229151e+01,2.244261e+01,2.222275e+01,2.231900e+01,2.231900e+01,2.208509e+01,2.237395e+01,2.197483e+01,2.206442e+01,2.214706e+01,2.191276e+01,2.198172e+01,2.191276e+01,2.170557e+01,2.180231e+01,2.180922e+01,2.187135e+01,2.178159e+01,2.170557e+01,2.178159e+01,2.180231e+01,2.189896e+01,2.182993e+01,2.188516e+01,2.186445e+01,2.186445e+01,2.179540e+01,2.180231e+01,2.183684e+01,2.174704e+01,2.173322e+01,2.175395e+01,2.188516e+01,2.176777e+01,2.184374e+01,2.184374e+01,2.189206e+01,2.205065e+01,2.189896e+01,2.197483e+01,2.202997e+01,2.195414e+01,2.198172e+01,2.184374e+01,2.197483e+01,2.187825e+01,2.195414e+01,2.189896e+01,2.211263e+01,2.190586e+01,2.188516e+01,2.185755e+01,2.183684e+01,2.181612e+01,2.179540e+01,2.167792e+01,2.180231e+01,2.177468e+01,2.178850e+01,2.173322e+01,2.174013e+01,2.171940e+01,2.172631e+01,2.161566e+01,2.176777e+01,2.162258e+01,2.169175e+01,2.167100e+01,2.159490e+01,2.153260e+01,2.150489e+01,2.149796e+01,2.139400e+01,2.140787e+01,2.141480e+01,2.147718e+01,2.158798e+01,2.156029e+01,2.158106e+01,2.165717e+01,2.164334e+01,2.167100e+01,2.165717e+01,2.171940e+01,2.162258e+01,2.169175e+01,2.172631e+01,2.161566e+01,2.151182e+01,2.166409e+01,2.162950e+01,2.160874e+01,2.160182e+01,2.160874e+01,2.156721e+01,2.162258e+01,2.152567e+01,2.145639e+01,2.147718e+01,2.150489e+01,2.146332e+01,2.160874e+01,2.154645e+01,2.158798e+01,2.156029e+01,2.174013e+01,2.171940e+01,2.176777e+01,2.186445e+01,2.189206e+01,2.189206e+01,2.188516e+01,2.191965e+01,2.174013e+01,2.192655e+01,2.200930e+01,2.192655e+01,2.181612e+01,2.205754e+01,2.193345e+01,2.200930e+01,2.193345e+01,2.196793e+01,2.198172e+01,2.200930e+01,2.198172e+01,2.191965e+01,2.199551e+01,2.190586e+01,2.192655e+01,2.184374e+01,2.188516e+01,2.180231e+01,2.195414e+01,2.194725e+01,2.185755e+01,2.196793e+01,2.193345e+01,2.182303e+01,2.194725e+01,2.202308e+01,2.202997e+01,2.205065e+01,2.184374e+01,2.181612e+01,2.197483e+01,2.184374e+01,2.188516e+01,2.182993e+01,2.184374e+01,2.192655e+01,2.185065e+01,2.192655e+01,2.188516e+01,2.180922e+01,2.171940e+01,2.192655e+01,2.184374e+01,2.174704e+01,2.183684e+01,2.178159e+01,2.170557e+01,2.158106e+01,2.167792e+01,2.169866e+01,2.162950e+01,2.163642e+01,2.157414e+01,2.151875e+01,2.152567e+01,2.158106e+01,2.144946e+01,2.126217e+01,2.142174e+01,2.120660e+01,2.123439e+01,2.118576e+01,2.151875e+01,2.158106e+01,2.158106e+01,2.160182e+01,2.161566e+01,2.166409e+01,2.171248e+01,2.169866e+01,2.175395e+01,2.168483e+01,2.170557e+01,2.169175e+01,2.172631e+01,2.171940e+01,2.159490e+01,2.168483e+01,2.151182e+01,2.168483e+01,2.165025e+01,2.165717e+01,2.166409e+01,2.165025e+01,2.173322e+01,2.176777e+01,2.160182e+01,2.175395e+01,2.165717e+01,2.167100e+01,2.164334e+01,2.158798e+01,2.156721e+01,2.171248e+01,2.162950e+01,2.163642e+01,2.165025e+01,2.180922e+01,2.160182e+01,2.174013e+01,2.167100e+01,2.163642e+01,2.171248e+01,2.167792e+01,2.167100e+01,2.149104e+01,2.144253e+01,2.142174e+01,2.130382e+01,2.150489e+01,2.162950e+01,2.171940e+01,2.171248e+01,2.155337e+01,2.169175e+01,2.160874e+01,2.169866e+01,2.168483e+01,2.158106e+01,2.168483e+01,2.165025e+01,2.166409e+01,2.175395e+01,2.170557e+01,2.182303e+01,2.164334e+01,2.176777e+01,2.161566e+01,2.182993e+01,2.167792e+01,2.191965e+01,2.176086e+01,2.180231e+01,2.184374e+01,2.181612e+01,2.184374e+01,2.182303e+01,2.196793e+01,2.178850e+01,2.187135e+01,2.185755e+01,2.198862e+01,2.196793e+01,2.185065e+01,2.184374e+01,2.182303e+01,2.179540e+01,2.180231e+01,2.187135e+01,2.185065e+01,2.189896e+01,2.177468e+01,2.172631e+01,2.178850e+01,2.170557e+01,2.167100e+01,2.177468e+01,2.169175e+01,2.165717e+01,2.163642e+01,2.171248e+01,2.162950e+01,2.162950e+01,2.166409e+01,2.169175e+01,2.171248e+01,2.169175e+01,2.158798e+01,2.173322e+01,2.160874e+01,2.156029e+01,2.171248e+01,2.178159e+01,2.159490e+01,2.178159e+01,2.157414e+01,2.168483e+01,2.158798e+01,2.156029e+01,2.161566e+01,2.152567e+01,2.156029e+01,2.167792e+01,2.156721e+01,2.151875e+01,2.155337e+01,2.149796e+01,2.154645e+01,2.159490e+01,2.169866e+01,2.155337e+01,2.147025e+01,2.157414e+01,2.146332e+01,2.158106e+01,2.160182e+01,2.151182e+01,2.129688e+01,2.142174e+01,2.165717e+01,2.158798e+01,2.164334e+01,2.155337e+01,2.141480e+01,2.143560e+01,2.156029e+01,2.152567e+01,2.151182e+01,2.149796e+01,2.140787e+01,2.153952e+01,2.167792e+01,2.153260e+01,2.153952e+01,2.162950e+01,2.149104e+01,2.141480e+01,2.156721e+01,2.146332e+01,2.165025e+01
2.207131e+01,2.187135e+01,2.207131e+01,2.205065e+01,2.207820e+01,2.206442e+01,2.204376e+01,2.214706e+01,2.198172e+01,2.211952e+01,2.218835e+01,2.196793e+01,2.214706e+01,2.211263e+01,2.218835e+01,2.210575e+01,2.221587e+01,2.228463e+01,2.207820e+01,2.206442e+01,2.218147e+01,2.216771e+01,2.205065e+01,2.221587e+01,2.226401e+01,2.223650e+01,2.224338e+01,2.221587e+01,2.217459e+01,2.233274e+01,2.214706e+01,2.209886e+01,2.213329e+01,2.209886e+01,2.221587e+01,2.208509e+01,2.218835e+01,2.216771e+01,2.225026e+01,2.219523e+01,2.222962e+01,2.209198e+01,2.218147e+01,2.212641e+01,2.227088e+01,2.222275e+01,2.211952e+01,2.220899e+01,2.214706e+01,2.214017e+01,2.218835e+01,2.227776e+01,2.214017e+01,2.215394e+01,2.216771e+01,2.210575e+01,2.199551e+01,2.213329e+01,2.208509e+01,2.214017e+01,2.218835e+01,2.209886e+01,2.216771e+01,2.214017e+01,2.217459e+01,2.214706e+01,2.209886e+01,2.222962e+01,2.216082e+01,2.207131e+01,2.219523e+01,2.206442e+01,2.207820e+01,2.226401e+01,2.206442e+01,2.205754e+01,2.212641e+01,2.212641e+01,2.205065e+01,2.202997e+01,2.206442e+01,2.205065e+01,2.208509e+01,2.208509e+01,2.207820e+01,2.210575e+01,2.205065e+01,2.217459e+01,2.209886e+01,2.194035e+01,2.213329e+01,2.209198e+01,2.201619e+01,2.210575e+01,2.207820e+01,2.204376e+01,2.201619e+01,2.207131e+01,2.205754e+01,2.200930e+01,2.200930e+01,2.202308e+01,2.209886e+01,2.199551e+01,2.180922e+01,2.179540e+01,2.170557e+01,2.167100e+01,2.165717e+01,2.150489e+01,2.151182e+01,2.156721e+01,2.160182e+01,2.158106e+01,2.156721e+01,2.160874e+01,2.160182e+01,2.149104e+01,2.156029e+01,2.158106e+01,2.153952e+01,2.156721e+01,2.156029e+01,2.156029e+01,2.156721e+01,2.149104e+01,2.128299e+01,2.133851e+01,2.131770e+01,2.133851e+01,2.138707e+01,2.134545e+01,2.124133e+01,2.131076e+01,2.134545e+01,2.149104e+01,2.148411e+01,2.145639e+01,2.154645e+01,2.162258e+01,2.135933e+01,2.158106e+01,2.156721e+01,2.151182e+01,2.139400e+01,2.151182e+01,2.138707e+01,2.140094e+01,2.130382e+01,2.141480e+01,2.142867e+01,2.140787e+01,2.139400e+01,2.142867e+01,2.138013e+01,2.131770e+01,2.136626e+01,2.141480e+01,2.133158e+01,2.144946e+01,2.134545e+01,2.124828e+01,2.124133e+01,2.135239e+01,2.120660e+01,2.124133e+01,2.127605e+01,2.124828e+01,2.128299e+01,2.128299e+01,2.124828e+01,2.105365e+01,2.126217e+01,2.133851e+01,2.113711e+01,2.128299e+01,2.114406e+01,2.132464e+01,2.121355e+01,2.116491e+01,2.106061e+01,2.119966e+01,2.116491e+01,2.101189e+01,2.113711e+01,2.111625e+01,2.113015e+01,2.108843e+01,2.140787e+01,2.182993e+01,2.176086e+01,2.179540e+01,2.179540e+01,2.188516e+01,2.187825e+01,2.178159e+01,2.185065e+01,2.185755e+01,2.175395e+01,2.174704e+01,2.194725e+01,2.192655e+01,2.186445e+01,2.192655e+01,2.186445e+01,2.185755e+01,2.187825e+01,2.185755e+01,2.185065e+01,2.182993e+01,2.184374e+01,2.163642e+01,2.158798e+01,2.167100e+01,2.166409e+01,2.167792e+01,2.167792e+01,2.169175e+01,2.169175e+01,2.175395e+01,2.184374e+01,2.180922e+01,2.178850e+01,2.184374e+01,2.187825e+01,2.191276e+01,2.185065e+01,2.195414e+01,2.189896e+01,2.177468e+01,2.187135e+01,2.190586e+01,2.189206e+01,2.174013e+01,2.187825e+01,2.189206e+01,2.178850e+01,2.182303e+01,2.178159e+01,2.179540e+01,2.177468e+01,2.176777e+01,2.175395e+01,2.180231e+01,2.165717e+01,2.169175e+01,2.166409e+01,2.163642e+01,2.165025e+01,2.169175e+01,2.184374e+01,2.183684e+01,2.189896e+01,2.200930e+01,2.204376e+01,2.205754e+01,2.205754e+01,2.201619e+01,2.200930e+01,2.198862e+01,2.190586e+01,2.194725e+01,2.195414e+01,2.189206e+01,2.194035e+01,2.196793e+01,2.186445e+01,2.194035e+01,2.191965e+01,2.168483e+01,2.142174e+01,2.141480e+01,2.149796e+01,2.147025e+01,2.165025e+01,2.188516e+01,2.218835e+01,2.219523e+01,2.216771e+01,2.236709e+01,2.226401e+01,2.235335e+01,2.233961e+01,2.244948e+01,2.240829e+01,2.247692e+01,2.249065e+01,2.242888e+01,2.253866e+01,2.253866e+01,2.257294e+01,2.253866e+01,2.240829e+01,2.247692e+01,2.257979e+01,2.237395e+01,2.253866e+01,2.244261e+01,2.245634e+01,2.247692e+01,2.238082e+01,2.247006e+01,2.242202e+01,2.233274e+01,2.229151e+01,2.225713e+01,2.221587e+01,2.229151e+01,2.228463e+01,2.209198e+01,2.210575e+01,2.216082e+01,2.200930e+01,2.197483e+01,2.215394e+01,2.196104e+01,2.204376e+01,2.189206e+01,2.188516e+01,2.178159e+01,2.177468e+01,2.177468e+01,2.182993e+01,2.178850e+01,2.182993e+01,2.185755e+01,2.179540e+01,2.179540e+01,2.173322e+01,2.191965e+01,2.182303e+01,2.187825e+01,2.187825e+01,2.179540e+01,2.180231e+01,2.180922e+01,2.174704e+01,2.176777e+01,2.188516e+01,2.186445e+01,2.188516e+01,2.194035e+01,2.191276e+01,2.190586e+01,2.195414e+01,2.206442e+01,2.198862e+01,2.195414e+01,2.193345e+01,2.187135e+01,2.187825e+01,2.189206e+01,2.189896e+01,2.188516e+01,2.178850e+01,2.187135e+01,2.182303e+01,2.179540e+01,2.182993e+01,2.178159e+01,2.178850e+01,2.191276e+01,2.172631e+01,2.174704e+01,2.175395e+01,2.169175e+01,2.162950e+01,2.160182e+01,2.160182e+01,2.166409e+01,2.165025e+01,2.169866e+01,2.171940e+01,2.169866e+01,2.159490e+01,2.151875e+01,2.152567e+01,2.151875e+01,2.141480e+01,2.150489e+01,2.171940e+01,2.167792e+01,2.158798e+01,2.167100e+01,2.160182e+01,2.165025e+01,2.168483e+01,2.167792e+01,2.162950e+01,2.171248e+01,2.158798e+01,2.169175e+01,2.171940e+01,2.154645e+01,2.157414e+01,2.162258e+01,2.157414e+01,2.149104e+01,2.157414e+01,2.159490e+01,2.155337e+01,2.158106e+01,2.156721e+01,2.149104e+01,2.160874e+01,2.151182e+01,2.152567e+01,2.149104e+01,2.156721e+01,2.167792e+01,2.172631e+01,2.178159e+01,2.188516e+01,2.180231e+01,2.186445e+01,2.192655e+01,2.185755e+01,2.190586e+01,2.202997e+01,2.198172e+01,2.196104e+01,2.196104e+01,2.186445e+01,2.194725e+01,2.194035e+01,2.202308e+01,2.199551e+01,2.200930e+01,2.196104e+01,2.197483e+01,2.202997e+01,2.194725e+01,2.195414e+01,2.204376e+01,2.182993e+01,2.188516e+01,2.187135e+01,2.189206e+01,2.190586e+01,2.180231e+01,2.184374e+01,2.190586e+01,2.196104e+01,2.194035e+01,2.201619e+01,2.202308e+01,2.203687e+01,2.195414e+01,2.192655e+01,2.198862e+01,2.191965e+01,2.184374e+01,2.197483e+01,2.194725e+01,2.185755e+01,2.187825e+01,2.183684e+01,2.188516e+01,2.189206e+01,2.192655e+01,2.183684e+01,2.170557e+01,2.185755e+01,2.184374e+01,2.174013e+01,2.193345e+01,2.174704e+01,2.182993e+01,2.177468e+01,2.186445e+01,2.152567e+01,2.164334e+01,2.162258e+01,2.156721e+01,2.145639e+01,2.149796e+01,2.140787e+01,2.140094e+01,2.140787e+01,2.125522e+01,2.122744e+01,2.134545e+01,2.153952e+01,2.158798e+01,2.156029e+01,2.160182e+01,2.171940e+01,2.166409e+01,2.169175e+01,2.173322e+01,2.174704e+01,2.166409e+01,2.167100e+01,2.164334e+01,2.144946e+01,2.166409e+01,2.162258e+01,2.159490e+01,2.162950e+01,2.162950e+01,2.156029e+01,2.173322e+01,2.160182e+01,2.172631e+01,2.161566e+01,2.160874e+01,2.165025e+01,2.165025e+01,2.161566e+01,2.167792e+01,2.155337e+01,2.169175e+01,2.156721e+01,2.174013e+01,2.162258e+01,2.174704e+01,2.160874e+01,2.173322e+01,2.160874e+01,2.158798e+01,2.171248e+01,2.156721e+01,2.151875e+01,2.151182e+01,2.141480e+01,2.138707e+01,2.146332e+01,2.134545e+01,2.128299e+01,2.157414e+01,2.156029e+01,2.154645e+01,2.168483e+01,2.169175e+01,2.170557e+01,2.172631e+01,2.158798e+01,2.165717e+01,2.167100e+01,2.164334e+01,2.176777e+01,2.171248e+01,2.178850e+01,2.167100e+01,2.156029e+01,2.177468e+01,2.182303e+01,2.176086e+01,2.166409e+01,2.181612e+01,2.189896e+01,2.180922e+01,2.188516e+01,2.174013e+01,2.174013e+01,2.174704e+01,2.172631e+01,2.169866e+01,2.202308e+01,2.185755e+01,2.182303e+01,2.198862e+01,2.195414e+01,2.194035e+01,2.186445e+01,2.183684e+01,2.187825e+01,2.187135e+01,2.189896e+01,2.191276e+01,2.189896e+01,2.177468e+01,2.169175e+01,2.178159e+01,2.174013e+01,2.174013e+01,2.173322e+01,2.171940e+01,2.175395e+01,2.167792e+01,2.167100e+01,2.163642e+01,2.167100e+01,2.172631e+01,2.164334e+01,2.169175e+01,2.156721e+01,2.173322e+01,2.166409e+01,2.156721e+01,2.171248e+01,2.159490e+01,2.156721e+01,2.165717e+01,2.159490e+01,2.166409e+01,2.160874e+01,2.176086e+01,2.149796e+01,2.139400e+01,2.157414e+01,2.168483e+01,2.170557e+01,2.156721e+01,2.161566e+01,2.161566e+01,2.167792e+01,2.165717e+01,2.160874e+01,2.158106e+01,2.147025e+01,2.147025e+01,2.162950e+01,2.147025e+01,2.141480e+01,2.149104e+01,2.151875e+01,2.153260e+01,2.125522e+01,2.145639e+01,2.153952e+01,2.146332e+01,2.148411e+01,2.147025e+01,2.160874e+01,2.160874e+01,2.147718e+01,2.148411e+01,2.158798e+01,2.149796e+01,2.147718e+01,2.158106e+01,2.147025e+01,2.156029e+01,2.147025e+01,2.147025e+01,2.154645e+01,2.147025e+01,2.147025e+01,2.156029e+01
2.202997e+01,2.200930e+01,2.198172e+01,2.203687e+01,2.192655e+01,2.208509e+01,2.214706e+01,2.206442e+01,2.213329e+01,2.196104e+01,2.212641e+01,2.214706e+01,2.225026e+01,2.217459e+01,2.211263e+01,2.213329e+01,2.211952e+01,2.211952e+01,2.207131e+01,2.226401e+01,2.227776e+01,2.218835e+01,2.225713e+01,2.207131e+01,2.208509e+01,2.209198e+01,2.220899e+01,2.198172e+01,2.223650e+01,2.203687e+01,2.211263e+01,2.214706e+01,2.229838e+01,2.214706e+01,2.225713e+01,2.219523e+01,2.216082e+01,2.221587e+01,2.217459e+01,2.219523e+01,2.232587e+01,2.214706e+01,2.220211e+01,2.211263e+01,2.211263e+01,2.225026e+01,2.219523e+01,2.214017e+01,2.229151e+01,2.213329e+01,2.210575e+01,2.213329e+01,2.214017e+01,2.211952e+01,2.212641e+01,2.215394e+01,2.214706e+01,2.193345e+01,2.218835e+01,2.224338e+01,2.216082e+01,2.216082e+01,2.220211e+01,2.207820e+01,2.273732e+01,2.256608e+01,2.218147e+01,2.223650e+01,2.209886e+01,2.224338e+01,2.202308e+01,2.209198e+01,2.201619e+01,2.211263e+01,2.201619e+01,2.206442e+01,2.218147e+01,2.211263e+01,2.225713e+01,2.203687e+01,2.205754e+01,2.213329e+01,2.209886e+01,2.213329e+01,2.205065e+01,2.199551e+01,2.211952e+01,2.225713e+01,2.208509e+01,2.220211e+01,2.226401e+01,2.211952e+01,2.216771e+01,2.208509e+01,2.211263e+01,2.202997e+01,2.209198e+01,2.215394e+01,2.214706e+01,2.202997e+01,2.200241e+01,2.204376e+01,2.199551e+01,2.173322e+01,2.163642e+01,2.163642e+01,2.159490e+01,2.160874e+01,2.162950e+01,2.170557e+01,2.165025e+01,2.168483e+01,2.176086e+01,2.164334e+01,2.154645e+01,2.165717e+01,2.160874e+01,2.156721e+01,2.158106e+01,2.150489e+01,2.152567e+01,2.144253e+01,2.147025e+01,2.149796e+01,2.153260e+01,2.149104e+01,2.134545e+01,2.145639e+01,2.131770e+01,2.135933e+01,2.145639e+01,2.135239e+01,2.147718e+01,2.132464e+01,2.147718e+01,2.152567e+01,2.140787e+01,2.142174e+01,2.158798e+01,2.160874e+01,2.160874e+01,2.144946e+01,2.142867e+01,2.144253e+01,2.155337e+01,2.137320e+01,2.152567e+01,2.135239e+01,2.140094e+01,2.139400e+01,2.142174e+01,2.138707e+01,2.136626e+01,2.135239e+01,2.130382e+01,2.140094e+01,2.133851e+01,2.135933e+01,2.140094e+01,2.124828e+01,2.127605e+01,2.121355e+01,2.120660e+01,2.122744e+01,2.122050e+01,2.122744e+01,2.107452e+01,2.105365e+01,2.119966e+01,2.090743e+01,2.102581e+01,2.100493e+01,2.110234e+01,2.122744e+01,2.111625e+01,2.126217e+01,2.132464e+01,2.110234e+01,2.111625e+01,2.112320e+01,2.102581e+01,2.115796e+01,2.103277e+01,2.104669e+01,2.115101e+01,2.104669e+01,2.100493e+01,2.112320e+01,2.135933e+01,2.176086e+01,2.186445e+01,2.177468e+01,2.182303e+01,2.187135e+01,2.178159e+01,2.184374e+01,2.185065e+01,2.190586e+01,2.189206e+01,2.187825e+01,2.187825e+01,2.192655e+01,2.187825e+01,2.188516e+01,2.189206e+01,2.199551e+01,2.188516e+01,2.192655e+01,2.187825e+01,2.178159e+01,2.167100e+01,2.162258e+01,2.158798e+01,2.168483e+01,2.169175e+01,2.171940e+01,2.168483e+01,2.169866e+01,2.172631e+01,2.177468e+01,2.176777e+01,2.178159e+01,2.176086e+01,2.170557e+01,2.192655e+01,2.176777e+01,2.188516e+01,2.190586e+01,2.172631e+01,2.191965e+01,2.183684e+01,2.190586e+01,2.189896e+01,2.188516e+01,2.180922e+01,2.182993e+01,2.182993e+01,2.178850e+01,2.185755e+01,2.178159e+01,2.174704e+01,2.178159e+01,2.175395e+01,2.181612e+01,2.168483e+01,2.168483e+01,2.168483e+01,2.174013e+01,2.169175e+01,2.167100e+01,2.179540e+01,2.187825e+01,2.194725e+01,2.196793e+01,2.192655e+01,2.207131e+01,2.189896e+01,2.199551e+01,2.199551e+01,2.206442e+01,2.195414e+01,2.196104e+01,2.196104e+01,2.193345e+01,2.192655e+01,2.191965e+01,2.199551e+01,2.193345e+01,2.186445e+01,2.151875e+01,2.154645e+01,2.140787e+01,2.157414e+01,2.139400e+01,2.163642e+01,2.163642e+01,2.194035e+01,2.207131e+01,2.236709e+01,2.214706e+01,2.236022e+01,2.233961e+01,2.247692e+01,2.242888e+01,2.222962e+01,2.240142e+01,2.249751e+01,2.254551e+01,2.243575e+01,2.249751e+01,2.245634e+01,2.250437e+01,2.227776e+01,2.240142e+01,2.243575e+01,2.239456e+01,2.239456e+01,2.223650e+01,2.237395e+01,2.240829e+01,2.231900e+01,2.231900e+01,2.236022e+01,2.223650e+01,2.222275e+01,2.220211e+01,2.216771e+01,2.217459e+01,2.216082e+01,2.209886e+01,2.200930e+01,2.200241e+01,2.201619e+01,2.199551e+01,2.192655e+01,2.198172e+01,2.207820e+01,2.194035e+01,2.202308e+01,2.183684e+01,2.165717e+01,2.180231e+01,2.186445e+01,2.186445e+01,2.192655e+01,2.185755e+01,2.185065e+01,2.183684e+01,2.185755e+01,2.185065e+01,2.182303e+01,2.184374e+01,2.187825e+01,2.185065e+01,2.182303e+01,2.187825e+01,2.176086e+01,2.182303e+01,2.190586e+01,2.196104e+01,2.182303e+01,2.208509e+01,2.202308e+01,2.192655e+01,2.204376e+01,2.186445e+01,2.182993e+01,2.186445e+01,2.195414e+01,2.192655e+01,2.189206e+01,2.201619e+01,2.188516e+01,2.189896e+01,2.189206e+01,2.182993e+01,2.182993e+01,2.190586e+01,2.178159e+01,2.175395e+01,2.178850e+01,2.183684e+01,2.174704e+01,2.174704e+01,2.164334e+01,2.167100e+01,2.165025e+01,2.160182e+01,2.163642e+01,2.179540e+01,2.167792e+01,2.173322e+01,2.163642e+01,2.159490e+01,2.156721e+01,2.153260e+01,2.144253e+01,2.142867e+01,2.149104e+01,2.158106e+01,2.176777e+01,2.169175e+01,2.169866e+01,2.164334e+01,2.169866e+01,2.176086e+01,2.169175e+01,2.181612e+01,2.163642e+01,2.162258e+01,2.171940e+01,2.171248e+01,2.169866e+01,2.157414e+01,2.154645e+01,2.169175e+01,2.160182e+01,2.149796e+01,2.155337e+01,2.156029e+01,2.158798e+01,2.143560e+01,2.158106e+01,2.165025e+01,2.168483e+01,2.143560e+01,2.157414e+01,2.156029e+01,2.144946e+01,2.176777e+01,2.176777e+01,2.180922e+01,2.178159e+01,2.196793e+01,2.187135e+01,2.192655e+01,2.191276e+01,2.188516e+01,2.190586e+01,2.195414e+01,2.204376e+01,2.191276e+01,2.185065e+01,2.196104e+01,2.202308e+01,2.194725e+01,2.204376e+01,2.203687e+01,2.202308e+01,2.195414e+01,2.197483e+01,2.204376e+01,2.184374e+01,2.185065e+01,2.185065e+01,2.179540e+01,2.187825e+01,2.178850e+01,2.185755e+01,2.178159e+01,2.196104e+01,2.188516e+01,2.185755e+01,2.181612e+01,2.196793e+01,2.187825e+01,2.190586e+01,2.203687e+01,2.194035e+01,2.194725e+01,2.193345e+01,2.190586e+01,2.185065e+01,2.197483e+01,2.184374e+01,2.194725e+01,2.185065e+01,2.184374e+01,2.183684e+01,2.188516e+01,2.185755e+01,2.191276e+01,2.178159e+01,2.184374e+01,2.186445e+01,2.156029e+01,2.176086e+01,2.186445e+01,2.168483e+01,2.164334e+01,2.167792e+01,2.159490e+01,2.165717e+01,2.160182e+01,2.159490e+01,2.147025e+01,2.158798e+01,2.140787e+01,2.133158e+01,2.135933e+01,2.120660e+01,2.131770e+01,2.139400e+01,2.156029e+01,2.170557e+01,2.169866e+01,2.162258e+01,2.166409e+01,2.176086e+01,2.169175e+01,2.192655e+01,2.164334e+01,2.167100e+01,2.162950e+01,2.161566e+01,2.167100e+01,2.167792e+01,2.169175e+01,2.165717e+01,2.166409e+01,2.163642e+01,2.163642e+01,2.174013e+01,2.163642e+01,2.177468e+01,2.161566e+01,2.162258e+01,2.170557e+01,2.165025e+01,2.167100e+01,2.168483e+01,2.171940e+01,2.172631e+01,2.155337e+01,2.172631e+01,2.158798e+01,2.165025e+01,2.171248e+01,2.151875e+01,2.156721e+01,2.142867e+01,2.143560e+01,2.139400e+01,2.140094e+01,2.128993e+01,2.133158e+01,2.131770e+01,2.128993e+01,2.126217e+01,2.131076e+01,2.146332e+01,2.160874e+01,2.156029e+01,2.164334e+01,2.156029e+01,2.156721e+01,2.167100e+01,2.169866e+01,2.165717e+01,2.169866e+01,2.171248e+01,2.168483e+01,2.169175e+01,2.168483e+01,2.167792e+01,2.178159e+01,2.180231e+01,2.175395e+01,2.184374e+01,2.187135e+01,2.167792e+01,2.178850e+01,2.174013e+01,2.169175e+01,2.191965e+01,2.174013e+01,2.171940e+01,2.178159e+01,2.198172e+01,2.185755e+01,2.195414e+01,2.182993e+01,2.184374e+01,2.178159e+01,2.189206e+01,2.181612e+01,2.193345e+01,2.177468e+01,2.181612e+01,2.191276e+01,2.187825e+01,2.188516e+01,2.176086e+01,2.180922e+01,2.174704e+01,2.178850e+01,2.182303e+01,2.174013e+01,2.182993e+01,2.180922e+01,2.175395e+01,2.158106e+01,2.169175e+01,2.161566e+01,2.166409e+01,2.173322e+01,2.170557e+01,2.164334e+01,2.162950e+01,2.167792e+01,2.183684e+01,2.166409e+01,2.167100e+01,2.169175e+01,2.168483e+01,2.162258e+01,2.174013e+01,2.168483e+01,2.174704e+01,2.153260e+01,2.154645e+01,2.160874e+01,2.168483e+01,2.163642e+01,2.166409e+01,2.152567e+01,2.154645e+01,2.158106e+01,2.156721e+01,2.153952e+01,2.146332e+01,2.153260e+01,2.149104e+01,2.149104e+01,2.158798e+01,2.158798e+01,2.142867e+01,2.147025e+01,2.163642e+01,2.164334e+01,2.135933e+01,2.149104e+01,2.149104e+01,2.158106e+01,2.156721e+01,2.147025e+01,2.151182e+01,2.162258e+01,2.158798e+01,2.150489e+01,2.160874e+01,2.148411e+01,2.154645e+01,2.149104e+01,2.147718e+01,2.147025e+01,2.144946e+01,2.149104e+01,2.160874e+01,2.151875e+01
2.200241e+01,2.202997e+01,2.202997e+01,2.192655e+01,2.193345e+01,2.224338e+01,2.226401e+01,2.207131e+01,2.210575e+01,2.209198e+01,2.204376e+01,2.205754e+01,2.214017e+01,2.215394e+01,2.211263e+01,2.238769e+01,2.214017e+01,2.234648e+01,2.215394e+01,2.211263e+01,2.213329e+01,2.215394e+01,2.205065e+01,2.223650e+01,2.220211e+01,2.217459e+01,2.211263e+01,2.210575e+01,2.219523e+01,2.216771e+01,2.209886e+01,2.225026e+01,2.222962e+01,2.225026e+01,2.217459e+01,2.226401e+01,2.225713e+01,2.220899e+01,2.213329e+01,2.215394e+01,2.207131e+01,2.231212e+01,2.212641e+01,2.214017e+01,2.225026e+01,2.209886e+01,2.216082e+01,2.214706e+01,2.216082e+01,2.214706e+01,2.212641e+01,2.213329e+01,2.209198e+01,2.221587e+01,2.209886e+01,2.216771e+01,2.215394e+01,2.218147e+01,2.225713e+01,2.214017e+01,2.209886e+01,2.211263e+01,2.211263e+01,2.207820e+01,2.221587e+01,2.209198e+01,2.216082e+01,2.209886e+01,2.208509e+01,2.211263e+01,2.214706e+01,2.198862e+01,2.207131e+01,2.206442e+01,2.194725e+01,2.207131e+01,2.227088e+01,2.203687e+01,2.206442e+01,2.210575e+01,2.207131e+01,2.201619e+01,2.206442e+01,2.199551e+01,2.194725e+01,2.211952e+01,2.204376e+01,2.208509e+01,2.214706e+01,2.211952e+01,2.205065e+01,2.209886e+01,2.217459e+01,2.198172e+01,2.223650e+01,2.213329e+01,2.209198e+01,2.200241e+01,2.205065e+01,2.198862e+01,2.198172e+01,2.193345e+01,2.160874e+01,2.156029e+01,2.167100e+01,2.151875e+01,2.168483e+01,2.171940e+01,2.171248e+01,2.158106e+01,2.153952e+01,2.145639e+01,2.162258e+01,2.151182e+01,2.159490e+01,2.161566e+01,2.159490e+01,2.158798e+01,2.153260e+01,2.151182e+01,2.153260e+01,2.149104e+01,2.154645e+01,2.151182e+01,2.147718e+01,2.144253e+01,2.146332e+01,2.153260e+01,2.136626e+01,2.150489e+01,2.140787e+01,2.134545e+01,2.129688e+01,2.135239e+01,2.140094e+01,2.144946e+01,2.152567e+01,2.159490e+01,2.144253e+01,2.149796e+01,2.149104e+01,2.161566e+01,2.139400e+01,2.135933e+01,2.134545e+01,2.131076e+01,2.133851e+01,2.138013e+01,2.136626e+01,2.126911e+01,2.122744e+01,2.138707e+01,2.144946e+01,2.138707e+01,2.136626e+01,2.154645e+01,2.136626e+01,2.133851e+01,2.159490e+01,2.130382e+01,2.117186e+01,2.129688e+01,2.119271e+01,2.121355e+01,2.122744e+01,2.121355e+01,2.124133e+01,2.124828e+01,2.123439e+01,2.112320e+01,2.102581e+01,2.110234e+01,2.110234e+01,2.110234e+01,2.115796e+01,2.115796e+01,2.109539e+01,2.111625e+01,2.106061e+01,2.106756e+01,2.100493e+01,2.104669e+01,2.102581e+01,2.098405e+01,2.100493e+01,2.104669e+01,2.118576e+01,2.106756e+01,2.136626e+01,2.174013e+01,2.180922e+01,2.188516e+01,2.180231e+01,2.187135e+01,2.182303e+01,2.186445e+01,2.182993e+01,2.184374e+01,2.191965e+01,2.185065e+01,2.185755e+01,2.198862e+01,2.188516e+01,2.194035e+01,2.200241e+01,2.187135e+01,2.184374e+01,2.185755e+01,2.178850e+01,2.165025e+01,2.174013e+01,2.167792e+01,2.165025e+01,2.164334e+01,2.160874e+01,2.168483e+01,2.172631e+01,2.182303e+01,2.172631e+01,2.176086e+01,2.174013e+01,2.174704e+01,2.181612e+01,2.192655e+01,2.185755e+01,2.189206e+01,2.185755e+01,2.187135e+01,2.200930e+01,2.194725e+01,2.203687e+01,2.191965e+01,2.180922e+01,2.187825e+01,2.187135e+01,2.182993e+01,2.183684e+01,2.190586e+01,2.189896e+01,2.180922e+01,2.174704e+01,2.177468e+01,2.171940e+01,2.175395e+01,2.157414e+01,2.162258e+01,2.169175e+01,2.160874e+01,2.158106e+01,2.166409e+01,2.196104e+01,2.197483e+01,2.198172e+01,2.196793e+01,2.207131e+01,2.185065e+01,2.206442e+01,2.199551e+01,2.202308e+01,2.190586e+01,2.198862e+01,2.185755e+01,2.194725e+01,2.190586e+01,2.196793e+01,2.199551e+01,2.193345e+01,2.188516e+01,2.178159e+01,2.171940e+01,2.142174e+01,2.152567e+01,2.158798e+01,2.138707e+01,2.165025e+01,2.164334e+01,2.165717e+01,2.205065e+01,2.215394e+01,2.210575e+01,2.223650e+01,2.231900e+01,2.211952e+01,2.227088e+01,2.235335e+01,2.238769e+01,2.240829e+01,2.218147e+01,2.242202e+01,2.239456e+01,2.246320e+01,2.249065e+01,2.248379e+01,2.240829e+01,2.235335e+01,2.240829e+01,2.238769e+01,2.240142e+01,2.242202e+01,2.236022e+01,2.239456e+01,2.224338e+01,2.220211e+01,2.223650e+01,2.224338e+01,2.217459e+01,2.199551e+01,2.200930e+01,2.206442e+01,2.195414e+01,2.196793e+01,2.192655e+01,2.193345e+01,2.198862e+01,2.194035e+01,2.189896e+01,2.182993e+01,2.205065e+01,2.189896e+01,2.194725e+01,2.189206e+01,2.182303e+01,2.185065e+01,2.185755e+01,2.187825e+01,2.186445e+01,2.196104e+01,2.190586e+01,2.189896e+01,2.187825e+01,2.180231e+01,2.187825e+01,2.182303e+01,2.180922e+01,2.185065e+01,2.193345e+01,2.194035e+01,2.185755e+01,2.190586e+01,2.189896e+01,2.185065e+01,2.189206e+01,2.176086e+01,2.190586e+01,2.197483e+01,2.197483e+01,2.185065e+01,2.196793e+01,2.189896e+01,2.214706e+01,2.193345e+01,2.189896e+01,2.176777e+01,2.188516e+01,2.182303e+01,2.191276e+01,2.185065e+01,2.181612e+01,2.189896e+01,2.185065e+01,2.179540e+01,2.190586e+01,2.172631e+01,2.187135e+01,2.179540e+01,2.180922e+01,2.181612e+01,2.178850e+01,2.179540e+01,2.171248e+01,2.161566e+01,2.160182e+01,2.162950e+01,2.160874e+01,2.153260e+01,2.151875e+01,2.153260e+01,2.144946e+01,2.164334e+01,2.167100e+01,2.162258e+01,2.171248e+01,2.165717e+01,2.166409e+01,2.172631e+01,2.174704e+01,2.170557e+01,2.162950e+01,2.178850e+01,2.144253e+01,2.168483e+01,2.162950e+01,2.171248e+01,2.166409e+01,2.154645e+01,2.168483e+01,2.155337e+01,2.158798e+01,2.158106e+01,2.158798e+01,2.160182e+01,2.157414e+01,2.156721e+01,2.144946e+01,2.152567e+01,2.149796e+01,2.151875e+01,2.160182e+01,2.169866e+01,2.183684e+01,2.182993e+01,2.185065e+01,2.176086e+01,2.181612e+01,2.181612e+01,2.193345e+01,2.203687e+01,2.206442e+01,2.187135e+01,2.197483e+01,2.195414e+01,2.195414e+01,2.187135e+01,2.202308e+01,2.202308e+01,2.202308e+01,2.202997e+01,2.198172e+01,2.208509e+01,2.200930e+01,2.197483e+01,2.196793e+01,2.192655e+01,2.189896e+01,2.180922e+01,2.182303e+01,2.180922e+01,2.183684e+01,2.174013e+01,2.190586e+01,2.182993e+01,2.189896e+01,2.195414e+01,2.189206e+01,2.187825e+01,2.194035e+01,2.193345e+01,2.195414e+01,2.190586e+01,2.194035e+01,2.191965e+01,2.196793e+01,2.206442e+01,2.199551e+01,2.185755e+01,2.197483e+01,2.187135e+01,2.196793e+01,2.185755e+01,2.176086e+01,2.193345e+01,2.182993e+01,2.180231e+01,2.190586e+01,2.175395e+01,2.173322e+01,2.179540e+01,2.174704e+01,2.153952e+01,2.176086e+01,2.162950e+01,2.149104e+01,2.165717e+01,2.165025e+01,2.169175e+01,2.142867e+01,2.152567e+01,2.158798e+01,2.137320e+01,2.135933e+01,2.126911e+01,2.150489e+01,2.140094e+01,2.157414e+01,2.161566e+01,2.158798e+01,2.158798e+01,2.164334e+01,2.173322e+01,2.176086e+01,2.175395e+01,2.174013e+01,2.194035e+01,2.162950e+01,2.163642e+01,2.165025e+01,2.164334e+01,2.165025e+01,2.161566e+01,2.166409e+01,2.146332e+01,2.162950e+01,2.173322e+01,2.160874e+01,2.162258e+01,2.161566e+01,2.162950e+01,2.162258e+01,2.165025e+01,2.170557e+01,2.162950e+01,2.160874e+01,2.144946e+01,2.160182e+01,2.153260e+01,2.147718e+01,2.160182e+01,2.169866e+01,2.147718e+01,2.144946e+01,2.139400e+01,2.137320e+01,2.138013e+01,2.135933e+01,2.140787e+01,2.133158e+01,2.127605e+01,2.129688e+01,2.120660e+01,2.141480e+01,2.153952e+01,2.154645e+01,2.162258e+01,2.169175e+01,2.153952e+01,2.171248e+01,2.156029e+01,2.171940e+01,2.161566e+01,2.166409e+01,2.167100e+01,2.169866e+01,2.173322e+01,2.169866e+01,2.173322e+01,2.169175e+01,2.169175e+01,2.164334e+01,2.164334e+01,2.167100e+01,2.182993e+01,2.165717e+01,2.172631e+01,2.191276e+01,2.188516e+01,2.187135e+01,2.184374e+01,2.169866e+01,2.180231e+01,2.174704e+01,2.178850e+01,2.176777e+01,2.181612e+01,2.174704e+01,2.186445e+01,2.183684e+01,2.182303e+01,2.186445e+01,2.169175e+01,2.187135e+01,2.169866e+01,2.189896e+01,2.171248e+01,2.172631e+01,2.178850e+01,2.177468e+01,2.165717e+01,2.179540e+01,2.164334e+01,2.178159e+01,2.171940e+01,2.165717e+01,2.169175e+01,2.170557e+01,2.170557e+01,2.169175e+01,2.165025e+01,2.169175e+01,2.168483e+01,2.177468e+01,2.158106e+01,2.160182e+01,2.165025e+01,2.162258e+01,2.160874e+01,2.167792e+01,2.167792e+01,2.156721e+01,2.159490e+01,2.175395e+01,2.163642e+01,2.160182e+01,2.164334e+01,2.162950e+01,2.160874e+01,2.161566e+01,2.158798e+01,2.156029e+01,2.156029e+01,2.153260e+01,2.157414e+01,2.159490e+01,2.150489e+01,2.149104e+01,2.157414e+01,2.164334e+01,2.162258e+01,2.144946e+01,2.145639e+01,2.148411e+01,2.156721e+01,2.146332e+01,2.123439e+01,2.133851e+01,2.162258e+01,2.144253e+01,2.144946e+01,2.153260e+01,2.151875e+01,2.139400e+01,2.150489e+01,2.164334e+01,2.147718e+01,2.148411e+01,2.159490e+01,2.147718e+01,2.169175e+01,2.131770e+01,2.154645e+01,2.153260e+01
2.206442e+01,2.203687e+01,2.198862e+01,2.191965e+01,2.211263e+01,2.200241e+01,2.197483e+01,2.217459e+01,2.207131e+01,2.208509e+01,2.214706e+01,2.218147e+01,2.236709e+01,2.203687e+01,2.219523e+01,2.204376e+01,2.214017e+01,2.222962e+01,2.218835e+01,2.212641e+01,2.210575e+01,2.214706e+01,2.209198e+01,2.224338e+01,2.222962e+01,2.219523e+01,2.207820e+01,2.214017e+01,2.219523e+01,2.205065e+01,2.220211e+01,2.216082e+01,2.222962e+01,2.221587e+01,2.218835e+01,2.225026e+01,2.211263e+01,2.222962e+01,2.212641e+01,2.224338e+01,2.211952e+01,2.209198e+01,2.204376e+01,2.205065e+01,2.220211e+01,2.226401e+01,2.211952e+01,2.216771e+01,2.214017e+01,2.213329e+01,2.211952e+01,2.209198e+01,2.210575e+01,2.211263e+01,2.216082e+01,2.205754e+01,2.215394e+01,2.211952e+01,2.216771e+01,2.213329e+01,2.211952e+01,2.215394e+01,2.204376e+01,2.201619e+01,2.209886e+01,2.208509e+01,2.211263e+01,2.207131e+01,2.205065e+01,2.206442e+01,2.208509e+01,2.203687e+01,2.204376e+01,2.209198e+01,2.203687e+01,2.202308e+01,2.208509e+01,2.202997e+01,2.223650e+01,2.205754e+01,2.206442e+01,2.208509e+01,2.202997e+01,2.210575e+01,2.202308e+01,2.201619e+01,2.207131e+01,2.226401e+01,2.207131e+01,2.204376e+01,2.205754e+01,2.211263e+01,2.205065e+01,2.213329e+01,2.218835e+01,2.214706e+01,2.205754e+01,2.205065e+01,2.200930e+01,2.210575e+01,2.180231e+01,2.164334e+01,2.156721e+01,2.150489e+01,2.156029e+01,2.155337e+01,2.157414e+01,2.169175e+01,2.160874e+01,2.168483e+01,2.160182e+01,2.147718e+01,2.180231e+01,2.162950e+01,2.170557e+01,2.167100e+01,2.160874e+01,2.158106e+01,2.153952e+01,2.161566e+01,2.148411e+01,2.160874e+01,2.144253e+01,2.144946e+01,2.147025e+01,2.145639e+01,2.146332e+01,2.135933e+01,2.142174e+01,2.140787e+01,2.133158e+01,2.133851e+01,2.138013e+01,2.146332e+01,2.145639e+01,2.139400e+01,2.149796e+01,2.144253e+01,2.156721e+01,2.141480e+01,2.142174e+01,2.151182e+01,2.135239e+01,2.135239e+01,2.132464e+01,2.132464e+01,2.133851e+01,2.121355e+01,2.124828e+01,2.136626e+01,2.139400e+01,2.138707e+01,2.137320e+01,2.135239e+01,2.140787e+01,2.129688e+01,2.138707e+01,2.125522e+01,2.125522e+01,2.110929e+01,2.131770e+01,2.120660e+01,2.119966e+01,2.124828e+01,2.132464e+01,2.119966e+01,2.120660e+01,2.112320e+01,2.098405e+01,2.101885e+01,2.100493e+01,2.097709e+01,2.103973e+01,2.108843e+01,2.112320e+01,2.111625e+01,2.104669e+01,2.113015e+01,2.113711e+01,2.092137e+01,2.085168e+01,2.086562e+01,2.091440e+01,2.090047e+01,2.102581e+01,2.105365e+01,2.103277e+01,2.104669e+01,2.123439e+01,2.169175e+01,2.189896e+01,2.187135e+01,2.181612e+01,2.180231e+01,2.180231e+01,2.184374e+01,2.205065e+01,2.190586e+01,2.187135e+01,2.193345e+01,2.178159e+01,2.183684e+01,2.192655e+01,2.184374e+01,2.189206e+01,2.186445e+01,2.185065e+01,2.185065e+01,2.175395e+01,2.170557e+01,2.173322e+01,2.156721e+01,2.171248e+01,2.171940e+01,2.170557e+01,2.183684e+01,2.185065e+01,2.180922e+01,2.175395e+01,2.187135e+01,2.177468e+01,2.177468e+01,2.176777e+01,2.181612e+01,2.185755e+01,2.184374e+01,2.191965e+01,2.195414e+01,2.184374e+01,2.202997e+01,2.191965e+01,2.185065e+01,2.190586e+01,2.189896e+01,2.182303e+01,2.187135e+01,2.183684e+01,2.181612e+01,2.181612e+01,2.184374e+01,2.178159e+01,2.172631e+01,2.179540e+01,2.174704e+01,2.156029e+01,2.172631e+01,2.171248e+01,2.162950e+01,2.158798e+01,2.154645e+01,2.181612e+01,2.187825e+01,2.196793e+01,2.197483e+01,2.184374e+01,2.209886e+01,2.191276e+01,2.198172e+01,2.198172e+01,2.201619e+01,2.185755e+01,2.194035e+01,2.187825e+01,2.197483e+01,2.199551e+01,2.191965e+01,2.196104e+01,2.174013e+01,2.180231e+01,2.179540e+01,2.155337e+01,2.138013e+01,2.149104e+01,2.153260e+01,2.163642e+01,2.163642e+01,2.186445e+01,2.207131e+01,2.209198e+01,2.207131e+01,2.214706e+01,2.207820e+01,2.220899e+01,2.222962e+01,2.222275e+01,2.230525e+01,2.218835e+01,2.225713e+01,2.241516e+01,2.244261e+01,2.233961e+01,2.225026e+01,2.243575e+01,2.239456e+01,2.222275e+01,2.245634e+01,2.233961e+01,2.234648e+01,2.222275e+01,2.236022e+01,2.219523e+01,2.226401e+01,2.207820e+01,2.231900e+01,2.214706e+01,2.198172e+01,2.210575e+01,2.191276e+01,2.190586e+01,2.196104e+01,2.162258e+01,2.169866e+01,2.177468e+01,2.178159e+01,2.183684e+01,2.194725e+01,2.189896e+01,2.180231e+01,2.187825e+01,2.185065e+01,2.182303e+01,2.184374e+01,2.185065e+01,2.186445e+01,2.187135e+01,2.190586e+01,2.194035e+01,2.192655e+01,2.200241e+01,2.196104e+01,2.186445e+01,2.201619e+01,2.180922e+01,2.185065e+01,2.181612e+01,2.182303e+01,2.189896e+01,2.192655e+01,2.188516e+01,2.189206e+01,2.176086e+01,2.185065e+01,2.189206e+01,2.196793e+01,2.185755e+01,2.187825e+01,2.201619e+01,2.198862e+01,2.186445e+01,2.189206e+01,2.185065e+01,2.194035e+01,2.190586e+01,2.189896e+01,2.193345e+01,2.177468e+01,2.188516e+01,2.189206e+01,2.187825e+01,2.178850e+01,2.178850e+01,2.171940e+01,2.174013e+01,2.182303e+01,2.165025e+01,2.178850e+01,2.165717e+01,2.180231e+01,2.167100e+01,2.167100e+01,2.173322e+01,2.170557e+01,2.164334e+01,2.172631e+01,2.156721e+01,2.155337e+01,2.155337e+01,2.141480e+01,2.158798e+01,2.162258e+01,2.153260e+01,2.160874e+01,2.169175e+01,2.136626e+01,2.164334e+01,2.169175e+01,2.162950e+01,2.159490e+01,2.174013e+01,2.164334e+01,2.169175e+01,2.155337e+01,2.166409e+01,2.160182e+01,2.144253e+01,2.155337e+01,2.158798e+01,2.160874e+01,2.161566e+01,2.154645e+01,2.147025e+01,2.156029e+01,2.151182e+01,2.159490e+01,2.146332e+01,2.154645e+01,2.156721e+01,2.153260e+01,2.153952e+01,2.187135e+01,2.165717e+01,2.174013e+01,2.180231e+01,2.185065e+01,2.188516e+01,2.190586e+01,2.194725e+01,2.200930e+01,2.189896e+01,2.195414e+01,2.198172e+01,2.191276e+01,2.196104e+01,2.198862e+01,2.193345e+01,2.195414e+01,2.202997e+01,2.202997e+01,2.198862e+01,2.197483e+01,2.198172e+01,2.194035e+01,2.194035e+01,2.193345e+01,2.192655e+01,2.184374e+01,2.179540e+01,2.187135e+01,2.179540e+01,2.178159e+01,2.187825e+01,2.176777e+01,2.193345e+01,2.189896e+01,2.196104e+01,2.189896e+01,2.188516e+01,2.185065e+01,2.191276e+01,2.185755e+01,2.185755e+01,2.194035e+01,2.190586e+01,2.186445e+01,2.191965e+01,2.191965e+01,2.190586e+01,2.189206e+01,2.191276e+01,2.192655e+01,2.193345e+01,2.192655e+01,2.190586e+01,2.189206e+01,2.180231e+01,2.182303e+01,2.190586e+01,2.176777e+01,2.177468e+01,2.165717e+01,2.174704e+01,2.165025e+01,2.166409e+01,2.167100e+01,2.144946e+01,2.146332e+01,2.158798e+01,2.137320e+01,2.131076e+01,2.138013e+01,2.131770e+01,2.130382e+01,2.134545e+01,2.142867e+01,2.156029e+01,2.159490e+01,2.165717e+01,2.173322e+01,2.176086e+01,2.172631e+01,2.174013e+01,2.168483e+01,2.173322e+01,2.158798e+01,2.180922e+01,2.165025e+01,2.173322e+01,2.163642e+01,2.167100e+01,2.154645e+01,2.170557e+01,2.154645e+01,2.158798e+01,2.162950e+01,2.161566e+01,2.166409e+01,2.158106e+01,2.165717e+01,2.163642e+01,2.147025e+01,2.156029e+01,2.156029e+01,2.141480e+01,2.147718e+01,2.142867e+01,2.154645e+01,2.145639e+01,2.142174e+01,2.132464e+01,2.129688e+01,2.134545e+01,2.138707e+01,2.109539e+01,2.118576e+01,2.131076e+01,2.133851e+01,2.140787e+01,2.129688e+01,2.128993e+01,2.132464e+01,2.142867e+01,2.145639e+01,2.158798e+01,2.152567e+01,2.171248e+01,2.153260e+01,2.160874e+01,2.161566e+01,2.167100e+01,2.168483e+01,2.169175e+01,2.169866e+01,2.174013e+01,2.174013e+01,2.168483e+01,2.169866e+01,2.163642e+01,2.166409e+01,2.169175e+01,2.160874e+01,2.181612e+01,2.179540e+01,2.160874e+01,2.181612e+01,2.178159e+01,2.187135e+01,2.171248e+01,2.171940e+01,2.175395e+01,2.174013e+01,2.174013e+01,2.172631e+01,2.168483e+01,2.166409e+01,2.175395e+01,2.191276e+01,2.182303e+01,2.175395e+01,2.186445e+01,2.174013e+01,2.169866e+01,2.174704e+01,2.179540e+01,2.189896e+01,2.175395e+01,2.178159e+01,2.178850e+01,2.178850e+01,2.162258e+01,2.169866e+01,2.169175e+01,2.162950e+01,2.170557e+01,2.171940e+01,2.169175e+01,2.156029e+01,2.160182e+01,2.153260e+01,2.160182e+01,2.162258e+01,2.177468e+01,2.164334e+01,2.165717e+01,2.170557e+01,2.169866e+01,2.163642e+01,2.162950e+01,2.171248e+01,2.185065e+01,2.163642e+01,2.163642e+01,2.164334e+01,2.166409e+01,2.162950e+01,2.155337e+01,2.152567e+01,2.155337e+01,2.156029e+01,2.153952e+01,2.152567e+01,2.158106e+01,2.151182e+01,2.165717e+01,2.154645e+01,2.165025e+01,2.160182e+01,2.152567e+01,2.146332e+01,2.171940e+01,2.135933e+01,2.149796e+01,2.145639e+01,2.144253e+01,2.144946e+01,2.144946e+01,2.145639e+01,2.137320e+01,2.159490e+01,2.147718e+01,2.149104e+01,2.148411e+01,2.136626e+01,2.151182e+01,2.147718e+01,2.149104e+01,2.151182e+01,2.149796e+01,2.160182e+01,2.167100e+01,2.153260e+01
2.196793e+01,2.205065e+01,2.200241e+01,2.207131e+01,2.191965e+01,2.216082e+01,2.198172e+01,2.207820e+01,2.202997e+01,2.206442e+01,2.224338e+01,2.229151e+01,2.214706e+01,2.214706e+01,2.215394e+01,2.210575e+01,2.220211e+01,2.219523e+01,2.213329e+01,2.223650e+01,2.201619e+01,2.208509e+01,2.200930e+01,2.219523e+01,2.214017e+01,2.211952e+01,2.192655e+01,2.219523e+01,2.220211e+01,2.218835e+01,2.221587e+01,2.226401e+01,2.218835e+01,2.205754e+01,2.215394e+01,2.198862e+01,2.220899e+01,2.211952e+01,2.214017e+01,2.206442e+01,2.194725e+01,2.212641e+01,2.220899e+01,2.207131e+01,2.209198e+01,2.215394e+01,2.202308e+01,2.206442e+01,2.211263e+01,2.216771e+01,2.218147e+01,2.213329e+01,2.215394e+01,2.206442e+01,2.207820e+01,2.214706e+01,2.203687e+01,2.207820e+01,2.213329e+01,2.215394e+01,2.216082e+01,2.212641e+01,2.205065e+01,2.210575e+01,2.204376e+01,2.213329e+01,2.208509e+01,2.218147e+01,2.200241e+01,2.211952e+01,2.196793e+01,2.205065e+01,2.207131e+01,2.202997e+01,2.205754e+01,2.209198e+01,2.209886e+01,2.211952e+01,2.215394e+01,2.205754e+01,2.200930e+01,2.209198e+01,2.205754e+01,2.217459e+01,2.217459e+01,2.205754e+01,2.206442e+01,2.202308e+01,2.206442e+01,2.211952e+01,2.206442e+01,2.212641e+01,2.211952e+01,2.204376e+01,2.211952e+01,2.194725e+01,2.205065e+01,2.182303e+01,2.176777e+01,2.186445e+01,2.143560e+01,2.158106e+01,2.153952e+01,2.153260e+01,2.155337e+01,2.153260e+01,2.167792e+01,2.158798e+01,2.168483e+01,2.164334e+01,2.155337e+01,2.170557e+01,2.163642e+01,2.156721e+01,2.164334e+01,2.156029e+01,2.154645e+01,2.162950e+01,2.151182e+01,2.147025e+01,2.167792e+01,2.160182e+01,2.156029e+01,2.149104e+01,2.141480e+01,2.148411e+01,2.146332e+01,2.134545e+01,2.138707e+01,2.133851e+01,2.138013e+01,2.132464e+01,2.133851e+01,2.135239e+01,2.143560e+01,2.148411e+01,2.141480e+01,2.143560e+01,2.141480e+01,2.145639e+01,2.146332e+01,2.149104e+01,2.137320e+01,2.134545e+01,2.133851e+01,2.132464e+01,2.131770e+01,2.126911e+01,2.133851e+01,2.134545e+01,2.130382e+01,2.124828e+01,2.140787e+01,2.128299e+01,2.121355e+01,2.125522e+01,2.124133e+01,2.133851e+01,2.129688e+01,2.128299e+01,2.131076e+01,2.134545e+01,2.134545e+01,2.120660e+01,2.130382e+01,2.099101e+01,2.120660e+01,2.114406e+01,2.110929e+01,2.099101e+01,2.097709e+01,2.103277e+01,2.107452e+01,2.110929e+01,2.106756e+01,2.106061e+01,2.110234e+01,2.108843e+01,2.107452e+01,2.102581e+01,2.096316e+01,2.083773e+01,2.083773e+01,2.096316e+01,2.092137e+01,2.103973e+01,2.140094e+01,2.123439e+01,2.133158e+01,2.173322e+01,2.194035e+01,2.185065e+01,2.182303e+01,2.179540e+01,2.179540e+01,2.191276e+01,2.193345e+01,2.180231e+01,2.187825e+01,2.198862e+01,2.186445e+01,2.194725e+01,2.182993e+01,2.203687e+01,2.187135e+01,2.200930e+01,2.185065e+01,2.182993e+01,2.173322e+01,2.169175e+01,2.157414e+01,2.153260e+01,2.167100e+01,2.166409e+01,2.175395e+01,2.176777e+01,2.170557e+01,2.179540e+01,2.176777e+01,2.177468e+01,2.178850e+01,2.178159e+01,2.180231e+01,2.183684e+01,2.173322e+01,2.183684e+01,2.179540e+01,2.197483e+01,2.183684e+01,2.181612e+01,2.200241e+01,2.194035e+01,2.189206e+01,2.188516e+01,2.185065e+01,2.184374e+01,2.178850e+01,2.187135e+01,2.187825e+01,2.177468e+01,2.178159e+01,2.174013e+01,2.177468e+01,2.174704e+01,2.176086e+01,2.178850e+01,2.161566e+01,2.165025e+01,2.152567e+01,2.164334e+01,2.184374e+01,2.195414e+01,2.195414e+01,2.198172e+01,2.188516e+01,2.187825e+01,2.185755e+01,2.193345e+01,2.196793e+01,2.200930e+01,2.196104e+01,2.198862e+01,2.188516e+01,2.196104e+01,2.189896e+01,2.185755e+01,2.189896e+01,2.182993e+01,2.180922e+01,2.179540e+01,2.154645e+01,2.149796e+01,2.160182e+01,2.147718e+01,2.163642e+01,2.162258e+01,2.161566e+01,2.185065e+01,2.198172e+01,2.205754e+01,2.211263e+01,2.222962e+01,2.220899e+01,2.216771e+01,2.213329e+01,2.220211e+01,2.243575e+01,2.220211e+01,2.214706e+01,2.233274e+01,2.217459e+01,2.219523e+01,2.229151e+01,2.219523e+01,2.223650e+01,2.228463e+01,2.215394e+01,2.224338e+01,2.215394e+01,2.207131e+01,2.206442e+01,2.218835e+01,2.216082e+01,2.218147e+01,2.200241e+01,2.199551e+01,2.183684e+01,2.162950e+01,2.163642e+01,2.170557e+01,2.164334e+01,2.165025e+01,2.162258e+01,2.173322e+01,2.181612e+01,2.187825e+01,2.185755e+01,2.182993e+01,2.179540e+01,2.194035e+01,2.185065e+01,2.185065e+01,2.193345e+01,2.182993e+01,2.191965e+01,2.188516e+01,2.194035e+01,2.197483e+01,2.187135e+01,2.196104e+01,2.188516e+01,2.198172e+01,2.191965e+01,2.190586e+01,2.191965e+01,2.185755e+01,2.189206e+01,2.193345e+01,2.190586e+01,2.189206e+01,2.185755e+01,2.196793e+01,2.185065e+01,2.180231e+01,2.190586e+01,2.189896e+01,2.196104e+01,2.198172e+01,2.195414e+01,2.198172e+01,2.195414e+01,2.185755e+01,2.192655e+01,2.195414e+01,2.191965e+01,2.183684e+01,2.187135e+01,2.187135e+01,2.187825e+01,2.176777e+01,2.173322e+01,2.178850e+01,2.182303e+01,2.178159e+01,2.176086e+01,2.174704e+01,2.173322e+01,2.165025e+01,2.178159e+01,2.181612e+01,2.167792e+01,2.164334e+01,2.174013e+01,2.156721e+01,2.162950e+01,2.154645e+01,2.155337e+01,2.156721e+01,2.164334e+01,2.164334e+01,2.177468e+01,2.170557e+01,2.176086e+01,2.166409e+01,2.171248e+01,2.170557e+01,2.158798e+01,2.169866e+01,2.161566e+01,2.172631e+01,2.169175e+01,2.169866e+01,2.183684e+01,2.162258e+01,2.170557e+01,2.159490e+01,2.166409e+01,2.150489e+01,2.156721e+01,2.167792e+01,2.153952e+01,2.163642e+01,2.147025e+01,2.158798e+01,2.152567e+01,2.151182e+01,2.151875e+01,2.152567e+01,2.160874e+01,2.172631e+01,2.150489e+01,2.180231e+01,2.181612e+01,2.185065e+01,2.189896e+01,2.190586e+01,2.187135e+01,2.188516e+01,2.196793e+01,2.187135e+01,2.196104e+01,2.198862e+01,2.200241e+01,2.199551e+01,2.190586e+01,2.198862e+01,2.194035e+01,2.191276e+01,2.192655e+01,2.194035e+01,2.194035e+01,2.194035e+01,2.200930e+01,2.196793e+01,2.183684e+01,2.180922e+01,2.174704e+01,2.179540e+01,2.181612e+01,2.180231e+01,2.173322e+01,2.195414e+01,2.185755e+01,2.194725e+01,2.185755e+01,2.193345e+01,2.193345e+01,2.187825e+01,2.187825e+01,2.197483e+01,2.191965e+01,2.197483e+01,2.196793e+01,2.181612e+01,2.206442e+01,2.204376e+01,2.190586e+01,2.191965e+01,2.190586e+01,2.192655e+01,2.182303e+01,2.199551e+01,2.177468e+01,2.177468e+01,2.178159e+01,2.166409e+01,2.175395e+01,2.166409e+01,2.155337e+01,2.155337e+01,2.174704e+01,2.164334e+01,2.169175e+01,2.163642e+01,2.153260e+01,2.140787e+01,2.148411e+01,2.138707e+01,2.136626e+01,2.135933e+01,2.126911e+01,2.129688e+01,2.133158e+01,2.156721e+01,2.165717e+01,2.178159e+01,2.174704e+01,2.167792e+01,2.173322e+01,2.171248e+01,2.171248e+01,2.169175e+01,2.163642e+01,2.174013e+01,2.160874e+01,2.156721e+01,2.158106e+01,2.166409e+01,2.145639e+01,2.162258e+01,2.162950e+01,2.162258e+01,2.174704e+01,2.160874e+01,2.165717e+01,2.156029e+01,2.173322e+01,2.160874e+01,2.165025e+01,2.149104e+01,2.135239e+01,2.140094e+01,2.144253e+01,2.138707e+01,2.142174e+01,2.122050e+01,2.136626e+01,2.135239e+01,2.135933e+01,2.126911e+01,2.128299e+01,2.136626e+01,2.138013e+01,2.131770e+01,2.139400e+01,2.119271e+01,2.138707e+01,2.128299e+01,2.117186e+01,2.126911e+01,2.137320e+01,2.153952e+01,2.155337e+01,2.153260e+01,2.154645e+01,2.151182e+01,2.178850e+01,2.172631e+01,2.171940e+01,2.169866e+01,2.150489e+01,2.165717e+01,2.167792e+01,2.170557e+01,2.156721e+01,2.156721e+01,2.150489e+01,2.159490e+01,2.161566e+01,2.163642e+01,2.161566e+01,2.169175e+01,2.162258e+01,2.169175e+01,2.160182e+01,2.171248e+01,2.158798e+01,2.140787e+01,2.136626e+01,2.140094e+01,2.142174e+01,2.144253e+01,2.158106e+01,2.168483e+01,2.176086e+01,2.188516e+01,2.188516e+01,2.186445e+01,2.175395e+01,2.185755e+01,2.192655e+01,2.174013e+01,2.185065e+01,2.171940e+01,2.176086e+01,2.174013e+01,2.173322e+01,2.185065e+01,2.174013e+01,2.182303e+01,2.165025e+01,2.174704e+01,2.174013e+01,2.169175e+01,2.166409e+01,2.171940e+01,2.169866e+01,2.171248e+01,2.168483e+01,2.166409e+01,2.181612e+01,2.167792e+01,2.163642e+01,2.162258e+01,2.162950e+01,2.160182e+01,2.165025e+01,2.171940e+01,2.173322e+01,2.153260e+01,2.158106e+01,2.162258e+01,2.152567e+01,2.164334e+01,2.160182e+01,2.151875e+01,2.164334e+01,2.155337e+01,2.156029e+01,2.148411e+01,2.152567e+01,2.149796e+01,2.157414e+01,2.149104e+01,2.149104e+01,2.158106e+01,2.146332e+01,2.142174e+01,2.140787e+01,2.149796e+01,2.138013e+01,2.137320e+01,2.145639e+01,2.158798e+01,2.151875e+01,2.131770e+01,2.161566e+01,2.144946e+01,2.144946e+01,2.149796e+01,2.151182e+01,2.150489e+01,2.153952e+01,2.156721e+01,2.150489e+01,2.149104e+01,2.157414e+01,2.145639e+01,2.163642e+01,2.155337e+01
2.190586e+01,2.191965e+01,2.193345e+01,2.186445e+01,2.211952e+01,2.209886e+01,2.207131e+01,2.205754e+01,2.217459e+01,2.207820e+01,2.220211e+01,2.211952e+01,2.189896e+01,2.214017e+01,2.211263e+01,2.213329e+01,2.216771e+01,2.206442e+01,2.216082e+01,2.231212e+01,2.214017e+01,2.209886e+01,2.206442e+01,2.223650e+01,2.222962e+01,2.211952e+01,2.217459e+01,2.218147e+01,2.218835e+01,2.200241e+01,2.216771e+01,2.201619e+01,2.203687e+01,2.196793e+01,2.189896e+01,2.220899e+01,2.207820e+01,2.207820e+01,2.214706e+01,2.209198e+01,2.218147e+01,2.206442e+01,2.209198e+01,2.205754e+01,2.222962e+01,2.214706e+01,2.219523e+01,2.200930e+01,2.217459e+01,2.201619e+01,2.221587e+01,2.207131e+01,2.205065e+01,2.211952e+01,2.204376e+01,2.205754e+01,2.206442e+01,2.205065e+01,2.208509e+01,2.216771e+01,2.201619e+01,2.207131e+01,2.209886e+01,2.208509e+01,2.206442e+01,2.207820e+01,2.209886e+01,2.213329e+01,2.216771e+01,2.209198e+01,2.211952e+01,2.212641e+01,2.206442e+01,2.209198e+01,2.200241e+01,2.211263e+01,2.200930e+01,2.204376e+01,2.207820e+01,2.211263e+01,2.205065e+01,2.199551e+01,2.209886e+01,2.205065e+01,2.205754e+01,2.208509e+01,2.207820e+01,2.222275e+01,2.200930e+01,2.208509e+01,2.208509e+01,2.197483e+01,2.194725e+01,2.194035e+01,2.194725e+01,2.191965e+01,2.185755e+01,2.204376e+01,2.158798e+01,2.133158e+01,2.154645e+01,2.139400e+01,2.144253e+01,2.147025e+01,2.135933e+01,2.152567e+01,2.157414e+01,2.164334e+01,2.158798e+01,2.165025e+01,2.145639e+01,2.158798e+01,2.148411e+01,2.146332e+01,2.143560e+01,2.159490e+01,2.144253e+01,2.142867e+01,2.151182e+01,2.162950e+01,2.140787e+01,2.152567e+01,2.144253e+01,2.143560e+01,2.147025e+01,2.147718e+01,2.139400e+01,2.134545e+01,2.147718e+01,2.116491e+01,2.141480e+01,2.139400e+01,2.135933e+01,2.142867e+01,2.135933e+01,2.147025e+01,2.138707e+01,2.143560e+01,2.135239e+01,2.136626e+01,2.136626e+01,2.142174e+01,2.137320e+01,2.135933e+01,2.128299e+01,2.136626e+01,2.133851e+01,2.132464e+01,2.131076e+01,2.127605e+01,2.136626e+01,2.123439e+01,2.124133e+01,2.121355e+01,2.124133e+01,2.115796e+01,2.117186e+01,2.128299e+01,2.118576e+01,2.117881e+01,2.113711e+01,2.127605e+01,2.113015e+01,2.133851e+01,2.115101e+01,2.108148e+01,2.097012e+01,2.097012e+01,2.100493e+01,2.099797e+01,2.112320e+01,2.113015e+01,2.083773e+01,2.101885e+01,2.090743e+01,2.104669e+01,2.109539e+01,2.092833e+01,2.094923e+01,2.098405e+01,2.084470e+01,2.079589e+01,2.084470e+01,2.090047e+01,2.097709e+01,2.097012e+01,2.110234e+01,2.106756e+01,2.126217e+01,2.172631e+01,2.174013e+01,2.177468e+01,2.185755e+01,2.187825e+01,2.190586e+01,2.185065e+01,2.182303e+01,2.183684e+01,2.187135e+01,2.182303e+01,2.197483e+01,2.184374e+01,2.184374e+01,2.183684e+01,2.185065e+01,2.187135e+01,2.182303e+01,2.179540e+01,2.165025e+01,2.165717e+01,2.173322e+01,2.169175e+01,2.168483e+01,2.174704e+01,2.176777e+01,2.180231e+01,2.176086e+01,2.174013e+01,2.179540e+01,2.182303e+01,2.176086e+01,2.195414e+01,2.179540e+01,2.189206e+01,2.180231e+01,2.187135e+01,2.184374e+01,2.185755e+01,2.184374e+01,2.180922e+01,2.185755e+01,2.165717e+01,2.185755e+01,2.178850e+01,2.181612e+01,2.187135e+01,2.182303e+01,2.185755e+01,2.178850e+01,2.186445e+01,2.166409e+01,2.170557e+01,2.178159e+01,2.175395e+01,2.166409e+01,2.155337e+01,2.165717e+01,2.151182e+01,2.152567e+01,2.162950e+01,2.169866e+01,2.187135e+01,2.192655e+01,2.201619e+01,2.194035e+01,2.187135e+01,2.200241e+01,2.198862e+01,2.177468e+01,2.200241e+01,2.184374e+01,2.180922e+01,2.211952e+01,2.191276e+01,2.190586e+01,2.188516e+01,2.191965e+01,2.182993e+01,2.184374e+01,2.172631e+01,2.158798e+01,2.155337e+01,2.158798e+01,2.161566e+01,2.162258e+01,2.180922e+01,2.186445e+01,2.184374e+01,2.185065e+01,2.187825e+01,2.194725e+01,2.209886e+01,2.209198e+01,2.203687e+01,2.210575e+01,2.208509e+01,2.211952e+01,2.211952e+01,2.206442e+01,2.220211e+01,2.217459e+01,2.216082e+01,2.217459e+01,2.222962e+01,2.216082e+01,2.214706e+01,2.206442e+01,2.214706e+01,2.204376e+01,2.214017e+01,2.202997e+01,2.220211e+01,2.201619e+01,2.201619e+01,2.197483e+01,2.191276e+01,2.155337e+01,2.164334e+01,2.163642e+01,2.164334e+01,2.160182e+01,2.162950e+01,2.173322e+01,2.169175e+01,2.164334e+01,2.194035e+01,2.182993e+01,2.185755e+01,2.179540e+01,2.184374e+01,2.187825e+01,2.187135e+01,2.196793e+01,2.189206e+01,2.192655e+01,2.199551e+01,2.205754e+01,2.186445e+01,2.198172e+01,2.182993e+01,2.206442e+01,2.195414e+01,2.203687e+01,2.191965e+01,2.191965e+01,2.185755e+01,2.196104e+01,2.191965e+01,2.187825e+01,2.188516e+01,2.197483e+01,2.187135e+01,2.178159e+01,2.186445e+01,2.186445e+01,2.197483e+01,2.195414e+01,2.191965e+01,2.196793e+01,2.194725e+01,2.183684e+01,2.199551e+01,2.196793e+01,2.191965e+01,2.194035e+01,2.185065e+01,2.179540e+01,2.192655e+01,2.184374e+01,2.178850e+01,2.181612e+01,2.180922e+01,2.180231e+01,2.180922e+01,2.179540e+01,2.175395e+01,2.178159e+01,2.170557e+01,2.166409e+01,2.165717e+01,2.176086e+01,2.165717e+01,2.162950e+01,2.169175e+01,2.162258e+01,2.158798e+01,2.154645e+01,2.158798e+01,2.177468e+01,2.165025e+01,2.172631e+01,2.171248e+01,2.168483e+01,2.167100e+01,2.168483e+01,2.156029e+01,2.176086e+01,2.176086e+01,2.155337e+01,2.161566e+01,2.165717e+01,2.166409e+01,2.160182e+01,2.154645e+01,2.164334e+01,2.165025e+01,2.165717e+01,2.165025e+01,2.158798e+01,2.156721e+01,2.159490e+01,2.144253e+01,2.153260e+01,2.152567e+01,2.150489e+01,2.162258e+01,2.158798e+01,2.149796e+01,2.153260e+01,2.159490e+01,2.176777e+01,2.165717e+01,2.191276e+01,2.188516e+01,2.191965e+01,2.187825e+01,2.191276e+01,2.210575e+01,2.188516e+01,2.187825e+01,2.188516e+01,2.193345e+01,2.190586e+01,2.194035e+01,2.196104e+01,2.193345e+01,2.197483e+01,2.190586e+01,2.197483e+01,2.196104e+01,2.195414e+01,2.196104e+01,2.199551e+01,2.197483e+01,2.191276e+01,2.195414e+01,2.178159e+01,2.178850e+01,2.177468e+01,2.180231e+01,2.182993e+01,2.171940e+01,2.184374e+01,2.185065e+01,2.186445e+01,2.187135e+01,2.191276e+01,2.191965e+01,2.200930e+01,2.192655e+01,2.191276e+01,2.196793e+01,2.195414e+01,2.183684e+01,2.189896e+01,2.185065e+01,2.207820e+01,2.189896e+01,2.182993e+01,2.191276e+01,2.195414e+01,2.192655e+01,2.185755e+01,2.176086e+01,2.174704e+01,2.174704e+01,2.177468e+01,2.157414e+01,2.159490e+01,2.164334e+01,2.163642e+01,2.160182e+01,2.150489e+01,2.144946e+01,2.156721e+01,2.148411e+01,2.147025e+01,2.127605e+01,2.128993e+01,2.118576e+01,2.131076e+01,2.128993e+01,2.154645e+01,2.160874e+01,2.173322e+01,2.171248e+01,2.165025e+01,2.170557e+01,2.180922e+01,2.169175e+01,2.171940e+01,2.164334e+01,2.176086e+01,2.173322e+01,2.167792e+01,2.154645e+01,2.178850e+01,2.153952e+01,2.182993e+01,2.187135e+01,2.150489e+01,2.147025e+01,2.162258e+01,2.131770e+01,2.133851e+01,2.133158e+01,2.152567e+01,2.139400e+01,2.136626e+01,2.124828e+01,2.124133e+01,2.130382e+01,2.127605e+01,2.135933e+01,2.135933e+01,2.134545e+01,2.134545e+01,2.144946e+01,2.133851e+01,2.128993e+01,2.142174e+01,2.140787e+01,2.140787e+01,2.139400e+01,2.132464e+01,2.135239e+01,2.136626e+01,2.128299e+01,2.115796e+01,2.131770e+01,2.123439e+01,2.144253e+01,2.153952e+01,2.147025e+01,2.149104e+01,2.153952e+01,2.153260e+01,2.158798e+01,2.153260e+01,2.141480e+01,2.144946e+01,2.139400e+01,2.151182e+01,2.136626e+01,2.153952e+01,2.154645e+01,2.139400e+01,2.140787e+01,2.135239e+01,2.137320e+01,2.140094e+01,2.154645e+01,2.142867e+01,2.112320e+01,2.141480e+01,2.126911e+01,2.122050e+01,2.134545e+01,2.125522e+01,2.128993e+01,2.135933e+01,2.128299e+01,2.120660e+01,2.144946e+01,2.171940e+01,2.173322e+01,2.176086e+01,2.177468e+01,2.185755e+01,2.174704e+01,2.184374e+01,2.175395e+01,2.173322e+01,2.184374e+01,2.174704e+01,2.178850e+01,2.176086e+01,2.174013e+01,2.175395e+01,2.175395e+01,2.165025e+01,2.163642e+01,2.172631e+01,2.169866e+01,2.175395e+01,2.167100e+01,2.165025e+01,2.174013e+01,2.181612e+01,2.183684e+01,2.162258e+01,2.169866e+01,2.169175e+01,2.161566e+01,2.165025e+01,2.160874e+01,2.153260e+01,2.171248e+01,2.174013e+01,2.165025e+01,2.161566e+01,2.168483e+01,2.149104e+01,2.167100e+01,2.153260e+01,2.148411e+01,2.145639e+01,2.155337e+01,2.144946e+01,2.157414e+01,2.153260e+01,2.151875e+01,2.151182e+01,2.151875e+01,2.157414e+01,2.149796e+01,2.154645e+01,2.142174e+01,2.143560e+01,2.143560e+01,2.144253e+01,2.153952e+01,2.151182e+01,2.145639e+01,2.160182e+01,2.147025e+01,2.158106e+01,2.138013e+01,2.160182e+01,2.149796e+01,2.149104e+01,2.149104e+01,2.147718e+01,2.145639e+01,2.162950e+01,2.146332e+01,2.140787e+01,2.147025e+01,2.144253e+01,2.132464e+01
2.182993e+01,2.208509e+01,2.194035e+01,2.195414e+01,2.202997e+01,2.198172e+01,2.203687e+01,2.207131e+01,2.205065e+01,2.218835e+01,2.202997e+01,2.205065e+01,2.209198e+01,2.216082e+01,2.193345e+01,2.213329e+01,2.227776e+01,2.212641e+01,2.222275e+01,2.204376e+01,2.209198e+01,2.214706e+01,2.205754e+01,2.205065e+01,2.217459e+01,2.204376e+01,2.200241e+01,2.201619e+01,2.192655e+01,2.217459e+01,2.207820e+01,2.201619e+01,2.212641e+01,2.209886e+01,2.214017e+01,2.205065e+01,2.216771e+01,2.214706e+01,2.214706e+01,2.206442e+01,2.212641e+01,2.207820e+01,2.210575e+01,2.209198e+01,2.201619e+01,2.202997e+01,2.209198e+01,2.216082e+01,2.200930e+01,2.203687e+01,2.220211e+01,2.207820e+01,2.221587e+01,2.198862e+01,2.203687e+01,2.208509e+01,2.212641e+01,2.205754e+01,2.200930e+01,2.205065e+01,2.209198e+01,2.212641e+01,2.209886e+01,2.206442e+01,2.207131e+01,2.206442e+01,2.205065e+01,2.196793e+01,2.205754e+01,2.214706e+01,2.205065e+01,2.199551e+01,2.204376e+01,2.199551e+01,2.200241e+01,2.211952e+01,2.209198e+01,2.212641e+01,2.207820e+01,2.210575e+01,2.203687e+01,2.211952e+01,2.197483e+01,2.211263e+01,2.210575e+01,2.208509e+01,2.209886e+01,2.207131e+01,2.193345e+01,2.211952e+01,2.202308e+01,2.198172e+01,2.195414e+01,2.216771e+01,2.214017e+01,2.194035e+01,2.204376e+01,2.171940e+01,2.144946e+01,2.135239e+01,2.135239e+01,2.143560e+01,2.140787e+01,2.142174e+01,2.165025e+01,2.166409e+01,2.160874e+01,2.149104e+01,2.156029e+01,2.154645e+01,2.142174e+01,2.147025e+01,2.149796e+01,2.142867e+01,2.153260e+01,2.141480e+01,2.142867e+01,2.142867e+01,2.145639e+01,2.151182e+01,2.150489e+01,2.135933e+01,2.152567e+01,2.138013e+01,2.140094e+01,2.140094e+01,2.142867e+01,2.142867e+01,2.132464e+01,2.134545e+01,2.138013e+01,2.144253e+01,2.134545e+01,2.144946e+01,2.135239e+01,2.142867e+01,2.135239e+01,2.132464e+01,2.147718e+01,2.147025e+01,2.148411e+01,2.140787e+01,2.135239e+01,2.139400e+01,2.128993e+01,2.126911e+01,2.133851e+01,2.131076e+01,2.140787e+01,2.126217e+01,2.119966e+01,2.133158e+01,2.117881e+01,2.121355e+01,2.119966e+01,2.114406e+01,2.113711e+01,2.109539e+01,2.124828e+01,2.121355e+01,2.122744e+01,2.116491e+01,2.125522e+01,2.117186e+01,2.116491e+01,2.115796e+01,2.122050e+01,2.111625e+01,2.103973e+01,2.099797e+01,2.103277e+01,2.098405e+01,2.095619e+01,2.095619e+01,2.102581e+01,2.108843e+01,2.092833e+01,2.103973e+01,2.101189e+01,2.087956e+01,2.080286e+01,2.101189e+01,2.076798e+01,2.080984e+01,2.096316e+01,2.094923e+01,2.113015e+01,2.095619e+01,2.139400e+01,2.174013e+01,2.187825e+01,2.176777e+01,2.178159e+01,2.190586e+01,2.175395e+01,2.184374e+01,2.185755e+01,2.189206e+01,2.191965e+01,2.186445e+01,2.191276e+01,2.191965e+01,2.182993e+01,2.176086e+01,2.181612e+01,2.180922e+01,2.180231e+01,2.173322e+01,2.159490e+01,2.157414e+01,2.160182e+01,2.166409e+01,2.167100e+01,2.173322e+01,2.176086e+01,2.163642e+01,2.173322e+01,2.180922e+01,2.180922e+01,2.185065e+01,2.182303e+01,2.176777e+01,2.194725e+01,2.175395e+01,2.195414e+01,2.185065e+01,2.177468e+01,2.181612e+01,2.173322e+01,2.180922e+01,2.182303e+01,2.189896e+01,2.185755e+01,2.180231e+01,2.185755e+01,2.187825e+01,2.178850e+01,2.185755e+01,2.189896e+01,2.181612e+01,2.184374e+01,2.173322e+01,2.177468e+01,2.162258e+01,2.169175e+01,2.160874e+01,2.172631e+01,2.171248e+01,2.162950e+01,2.179540e+01,2.178850e+01,2.196793e+01,2.190586e+01,2.187135e+01,2.189896e+01,2.190586e+01,2.192655e+01,2.196793e+01,2.177468e+01,2.180922e+01,2.182303e+01,2.182993e+01,2.183684e+01,2.191965e+01,2.190586e+01,2.191276e+01,2.189896e+01,2.190586e+01,2.158106e+01,2.158798e+01,2.160182e+01,2.153260e+01,2.156721e+01,2.157414e+01,2.167792e+01,2.158798e+01,2.162950e+01,2.166409e+01,2.183684e+01,2.182993e+01,2.187825e+01,2.207820e+01,2.209886e+01,2.211952e+01,2.216082e+01,2.189206e+01,2.213329e+01,2.211952e+01,2.218147e+01,2.214017e+01,2.208509e+01,2.220899e+01,2.214017e+01,2.216082e+01,2.200241e+01,2.209198e+01,2.211263e+01,2.205065e+01,2.205754e+01,2.195414e+01,2.205754e+01,2.212641e+01,2.201619e+01,2.198862e+01,2.185755e+01,2.194725e+01,2.169866e+01,2.178850e+01,2.151182e+01,2.172631e+01,2.155337e+01,2.166409e+01,2.170557e+01,2.179540e+01,2.172631e+01,2.178159e+01,2.182303e+01,2.183684e+01,2.181612e+01,2.194035e+01,2.192655e+01,2.188516e+01,2.187135e+01,2.193345e+01,2.193345e+01,2.196793e+01,2.192655e+01,2.203687e+01,2.191965e+01,2.202308e+01,2.200241e+01,2.175395e+01,2.185755e+01,2.191965e+01,2.185755e+01,2.187135e+01,2.185065e+01,2.187825e+01,2.189206e+01,2.187825e+01,2.191965e+01,2.185755e+01,2.187825e+01,2.187825e+01,2.187825e+01,2.182993e+01,2.185065e+01,2.197483e+01,2.194725e+01,2.194725e+01,2.195414e+01,2.198172e+01,2.197483e+01,2.194035e+01,2.190586e+01,2.183684e+01,2.192655e+01,2.174704e+01,2.180922e+01,2.185755e+01,2.185065e+01,2.185065e+01,2.181612e+01,2.183684e+01,2.181612e+01,2.177468e+01,2.176086e+01,2.171940e+01,2.185065e+01,2.168483e+01,2.169175e+01,2.175395e+01,2.165025e+01,2.169175e+01,2.165025e+01,2.158106e+01,2.154645e+01,2.165025e+01,2.169175e+01,2.176777e+01,2.171940e+01,2.172631e+01,2.171940e+01,2.154645e+01,2.160874e+01,2.158798e+01,2.169175e+01,2.156721e+01,2.165717e+01,2.165025e+01,2.167792e+01,2.182303e+01,2.167100e+01,2.163642e+01,2.160182e+01,2.162258e+01,2.160182e+01,2.164334e+01,2.154645e+01,2.156029e+01,2.156721e+01,2.150489e+01,2.154645e+01,2.165025e+01,2.162950e+01,2.152567e+01,2.156029e+01,2.158106e+01,2.158798e+01,2.161566e+01,2.166409e+01,2.169866e+01,2.185755e+01,2.180922e+01,2.189206e+01,2.187135e+01,2.193345e+01,2.191965e+01,2.183684e+01,2.191965e+01,2.185755e+01,2.196793e+01,2.187135e+01,2.196793e+01,2.193345e+01,2.192655e+01,2.200930e+01,2.187825e+01,2.191965e+01,2.210575e+01,2.189206e+01,2.191276e+01,2.196104e+01,2.187135e+01,2.196104e+01,2.193345e+01,2.183684e+01,2.171940e+01,2.189206e+01,2.182993e+01,2.185755e+01,2.175395e+01,2.190586e+01,2.191276e+01,2.189206e+01,2.194035e+01,2.188516e+01,2.185755e+01,2.185755e+01,2.192655e+01,2.194035e+01,2.189896e+01,2.186445e+01,2.194725e+01,2.189896e+01,2.189896e+01,2.182993e+01,2.192655e+01,2.199551e+01,2.191276e+01,2.187135e+01,2.193345e+01,2.174013e+01,2.181612e+01,2.186445e+01,2.185755e+01,2.162950e+01,2.169175e+01,2.163642e+01,2.161566e+01,2.159490e+01,2.162950e+01,2.164334e+01,2.141480e+01,2.151182e+01,2.144253e+01,2.147718e+01,2.147718e+01,2.142174e+01,2.133851e+01,2.144946e+01,2.147025e+01,2.156721e+01,2.167792e+01,2.173322e+01,2.171940e+01,2.171248e+01,2.182993e+01,2.163642e+01,2.181612e+01,2.172631e+01,2.174013e+01,2.172631e+01,2.169866e+01,2.168483e+01,2.158106e+01,2.167792e+01,2.147718e+01,2.153952e+01,2.161566e+01,2.160874e+01,2.136626e+01,2.128993e+01,2.128299e+01,2.129688e+01,2.129688e+01,2.131076e+01,2.130382e+01,2.149104e+01,2.123439e+01,2.123439e+01,2.125522e+01,2.122050e+01,2.130382e+01,2.133851e+01,2.136626e+01,2.138013e+01,2.145639e+01,2.131770e+01,2.124828e+01,2.136626e+01,2.144946e+01,2.135239e+01,2.131076e+01,2.131770e+01,2.136626e+01,2.132464e+01,2.134545e+01,2.131076e+01,2.142174e+01,2.141480e+01,2.137320e+01,2.153952e+01,2.154645e+01,2.148411e+01,2.146332e+01,2.153260e+01,2.145639e+01,2.140787e+01,2.140787e+01,2.143560e+01,2.155337e+01,2.133158e+01,2.148411e+01,2.149104e+01,2.171248e+01,2.153952e+01,2.146332e+01,2.134545e+01,2.140787e+01,2.144253e+01,2.135933e+01,2.108843e+01,2.109539e+01,2.110234e+01,2.113015e+01,2.122744e+01,2.134545e+01,2.125522e+01,2.122050e+01,2.125522e+01,2.114406e+01,2.132464e+01,2.128993e+01,2.138013e+01,2.169866e+01,2.172631e+01,2.186445e+01,2.193345e+01,2.194725e+01,2.175395e+01,2.152567e+01,2.184374e+01,2.176777e+01,2.156029e+01,2.171940e+01,2.171940e+01,2.172631e+01,2.176086e+01,2.174013e+01,2.173322e+01,2.181612e+01,2.176086e+01,2.168483e+01,2.174013e+01,2.165025e+01,2.175395e+01,2.176086e+01,2.156029e+01,2.174704e+01,2.169866e+01,2.167792e+01,2.167792e+01,2.169866e+01,2.168483e+01,2.156029e+01,2.153952e+01,2.169175e+01,2.162950e+01,2.171248e+01,2.171248e+01,2.150489e+01,2.168483e+01,2.170557e+01,2.166409e+01,2.155337e+01,2.166409e+01,2.167792e+01,2.142867e+01,2.157414e+01,2.154645e+01,2.151182e+01,2.160182e+01,2.151875e+01,2.152567e+01,2.145639e+01,2.135239e+01,2.149796e+01,2.144946e+01,2.147025e+01,2.152567e+01,2.137320e+01,2.145639e+01,2.159490e+01,2.150489e+01,2.153952e+01,2.157414e+01,2.151182e+01,2.149104e+01,2.152567e+01,2.148411e+01,2.144946e+01,2.140787e+01,2.151182e+01,2.153260e+01,2.151182e+01,2.144253e+01,2.153260e+01,2.148411e+01,2.162950e+01
2.198862e+01,2.198172e+01,2.183684e+01,2.187135e+01,2.203687e+01,2.191276e+01,2.190586e+01,2.191965e+01,2.193345e+01,2.202308e+01,2.204376e+01,2.198172e+01,2.214017e+01,2.202308e+01,2.189896e+01,2.195414e+01,2.221587e+01,2.219523e+01,2.227088e+01,2.208509e+01,2.209198e+01,2.208509e+01,2.198172e+01,2.202997e+01,2.223650e+01,2.210575e+01,2.210575e+01,2.201619e+01,2.194035e+01,2.201619e+01,2.203687e+01,2.189896e+01,2.203687e+01,2.208509e+01,2.214706e+01,2.208509e+01,2.214017e+01,2.198172e+01,2.216082e+01,2.200241e+01,2.208509e+01,2.191965e+01,2.220211e+01,2.207820e+01,2.198862e+01,2.200241e+01,2.213329e+01,2.202997e+01,2.205065e+01,2.206442e+01,2.211263e+01,2.214706e+01,2.215394e+01,2.209198e+01,2.209886e+01,2.205754e+01,2.207131e+01,2.207131e+01,2.213329e+01,2.211263e+01,2.221587e+01,2.209198e+01,2.204376e+01,2.207820e+01,2.207820e+01,2.206442e+01,2.206442e+01,2.196104e+01,2.200930e+01,2.197483e+01,2.200241e+01,2.200241e+01,2.207131e+01,2.207820e+01,2.198172e+01,2.187135e+01,2.190586e+01,2.189896e+01,2.207820e+01,2.205065e+01,2.205754e+01,2.185065e+01,2.197483e+01,2.207820e+01,2.205754e+01,2.192655e+01,2.202308e+01,2.197483e+01,2.211263e+01,2.196104e+01,2.203687e+01,2.204376e+01,2.188516e+01,2.185755e+01,2.192655e+01,2.186445e+01,2.149104e+01,2.121355e+01,2.124828e+01,2.139400e+01,2.131076e+01,2.137320e+01,2.145639e+01,2.147025e+01,2.148411e+01,2.153260e+01,2.139400e+01,2.153260e+01,2.153260e+01,2.153260e+01,2.156721e+01,2.123439e+01,2.150489e+01,2.144253e+01,2.141480e+01,2.134545e+01,2.142174e+01,2.137320e+01,2.138707e+01,2.145639e+01,2.139400e+01,2.140787e+01,2.148411e+01,2.153260e+01,2.138707e+01,2.138013e+01,2.143560e+01,2.135239e+01,2.138013e+01,2.138013e+01,2.143560e+01,2.133158e+01,2.126911e+01,2.144946e+01,2.123439e+01,2.146332e+01,2.136626e+01,2.138013e+01,2.135933e+01,2.136626e+01,2.138013e+01,2.138707e+01,2.128993e+01,2.122050e+01,2.127605e+01,2.113015e+01,2.113711e+01,2.120660e+01,2.124828e+01,2.114406e+01,2.113015e+01,2.118576e+01,2.117881e+01,2.124133e+01,2.126217e+01,2.116491e+01,2.124828e+01,2.109539e+01,2.108148e+01,2.115101e+01,2.103277e+01,2.124133e+01,2.116491e+01,2.100493e+01,2.110929e+01,2.119966e+01,2.113711e+01,2.097012e+01,2.104669e+01,2.085865e+01,2.092137e+01,2.097012e+01,2.095619e+01,2.092137e+01,2.090743e+01,2.089350e+01,2.101885e+01,2.093530e+01,2.101885e+01,2.080286e+01,2.078193e+01,2.083773e+01,2.084470e+01,2.091440e+01,2.089350e+01,2.107452e+01,2.115101e+01,2.113711e+01,2.140094e+01,2.180231e+01,2.170557e+01,2.179540e+01,2.182993e+01,2.191276e+01,2.185065e+01,2.185755e+01,2.187825e+01,2.187135e+01,2.189896e+01,2.191276e+01,2.189896e+01,2.193345e+01,2.178159e+01,2.175395e+01,2.185755e+01,2.177468e+01,2.175395e+01,2.155337e+01,2.151182e+01,2.166409e+01,2.158106e+01,2.165025e+01,2.174013e+01,2.164334e+01,2.174013e+01,2.174013e+01,2.169866e+01,2.182993e+01,2.176777e+01,2.174013e+01,2.176777e+01,2.178850e+01,2.197483e+01,2.178850e+01,2.190586e+01,2.189896e+01,2.189206e+01,2.183684e+01,2.182993e+01,2.186445e+01,2.188516e+01,2.188516e+01,2.190586e+01,2.189206e+01,2.183684e+01,2.190586e+01,2.177468e+01,2.185755e+01,2.181612e+01,2.180231e+01,2.162950e+01,2.171248e+01,2.158798e+01,2.176086e+01,2.176086e+01,2.162258e+01,2.173322e+01,2.159490e+01,2.171248e+01,2.180922e+01,2.183684e+01,2.204376e+01,2.189206e+01,2.189896e+01,2.189206e+01,2.180922e+01,2.198862e+01,2.179540e+01,2.178850e+01,2.184374e+01,2.191276e+01,2.185755e+01,2.182303e+01,2.190586e+01,2.189206e+01,2.187825e+01,2.191276e+01,2.180231e+01,2.189206e+01,2.163642e+01,2.157414e+01,2.158798e+01,2.158798e+01,2.165025e+01,2.160182e+01,2.161566e+01,2.162950e+01,2.169866e+01,2.181612e+01,2.178850e+01,2.187135e+01,2.190586e+01,2.202997e+01,2.205754e+01,2.200241e+01,2.207820e+01,2.211263e+01,2.202308e+01,2.209198e+01,2.218147e+01,2.209886e+01,2.207820e+01,2.200241e+01,2.202308e+01,2.216771e+01,2.211952e+01,2.214706e+01,2.205754e+01,2.202308e+01,2.194035e+01,2.199551e+01,2.198862e+01,2.209198e+01,2.194035e+01,2.196793e+01,2.187135e+01,2.160874e+01,2.152567e+01,2.153952e+01,2.162950e+01,2.158798e+01,2.156721e+01,2.168483e+01,2.159490e+01,2.180231e+01,2.174013e+01,2.180922e+01,2.189896e+01,2.189896e+01,2.187825e+01,2.188516e+01,2.202308e+01,2.192655e+01,2.195414e+01,2.189896e+01,2.191965e+01,2.202997e+01,2.194035e+01,2.202997e+01,2.196793e+01,2.195414e+01,2.195414e+01,2.195414e+01,2.199551e+01,2.190586e+01,2.191965e+01,2.186445e+01,2.189206e+01,2.192655e+01,2.189206e+01,2.193345e+01,2.188516e+01,2.179540e+01,2.189206e+01,2.179540e+01,2.185755e+01,2.188516e+01,2.194725e+01,2.181612e+01,2.180922e+01,2.191965e+01,2.198862e+01,2.187135e+01,2.191965e+01,2.193345e+01,2.197483e+01,2.192655e+01,2.186445e+01,2.184374e+01,2.189206e+01,2.183684e+01,2.182303e+01,2.185755e+01,2.184374e+01,2.184374e+01,2.182993e+01,2.180922e+01,2.177468e+01,2.174704e+01,2.181612e+01,2.177468e+01,2.168483e+01,2.165717e+01,2.168483e+01,2.168483e+01,2.168483e+01,2.162258e+01,2.172631e+01,2.160874e+01,2.164334e+01,2.167100e+01,2.161566e+01,2.167792e+01,2.147025e+01,2.151182e+01,2.156029e+01,2.156721e+01,2.161566e+01,2.167100e+01,2.165025e+01,2.160874e+01,2.164334e+01,2.171940e+01,2.169866e+01,2.163642e+01,2.146332e+01,2.165025e+01,2.164334e+01,2.153260e+01,2.166409e+01,2.155337e+01,2.163642e+01,2.162950e+01,2.149104e+01,2.164334e+01,2.151182e+01,2.153260e+01,2.153260e+01,2.142174e+01,2.153260e+01,2.162950e+01,2.173322e+01,2.170557e+01,2.181612e+01,2.191276e+01,2.191276e+01,2.210575e+01,2.189206e+01,2.189896e+01,2.178850e+01,2.208509e+01,2.199551e+01,2.194035e+01,2.197483e+01,2.198862e+01,2.192655e+01,2.176086e+01,2.193345e+01,2.190586e+01,2.195414e+01,2.194035e+01,2.198172e+01,2.196104e+01,2.183684e+01,2.187135e+01,2.182303e+01,2.183684e+01,2.176086e+01,2.182993e+01,2.171248e+01,2.187135e+01,2.185755e+01,2.189896e+01,2.184374e+01,2.190586e+01,2.193345e+01,2.194725e+01,2.189206e+01,2.187825e+01,2.187135e+01,2.190586e+01,2.177468e+01,2.197483e+01,2.188516e+01,2.188516e+01,2.189206e+01,2.195414e+01,2.190586e+01,2.194725e+01,2.192655e+01,2.189206e+01,2.187825e+01,2.191276e+01,2.176086e+01,2.177468e+01,2.177468e+01,2.160874e+01,2.170557e+01,2.172631e+01,2.160182e+01,2.164334e+01,2.160874e+01,2.158798e+01,2.160182e+01,2.155337e+01,2.150489e+01,2.147718e+01,2.150489e+01,2.138013e+01,2.138013e+01,2.138013e+01,2.152567e+01,2.156029e+01,2.168483e+01,2.160874e+01,2.161566e+01,2.185065e+01,2.158798e+01,2.176777e+01,2.179540e+01,2.171940e+01,2.156029e+01,2.158798e+01,2.169866e+01,2.172631e+01,2.169175e+01,2.154645e+01,2.153952e+01,2.142174e+01,2.138013e+01,2.133158e+01,2.133851e+01,2.133158e+01,2.138707e+01,2.124828e+01,2.130382e+01,2.133851e+01,2.133158e+01,2.130382e+01,2.126911e+01,2.123439e+01,2.146332e+01,2.126217e+01,2.131770e+01,2.132464e+01,2.142867e+01,2.140787e+01,2.138013e+01,2.142174e+01,2.141480e+01,2.133158e+01,2.141480e+01,2.132464e+01,2.137320e+01,2.140094e+01,2.142174e+01,2.130382e+01,2.129688e+01,2.132464e+01,2.131770e+01,2.133851e+01,2.132464e+01,2.129688e+01,2.156029e+01,2.149796e+01,2.144253e+01,2.139400e+01,2.153260e+01,2.141480e+01,2.151875e+01,2.154645e+01,2.156029e+01,2.139400e+01,2.151182e+01,2.148411e+01,2.140787e+01,2.132464e+01,2.143560e+01,2.122744e+01,2.138013e+01,2.135239e+01,2.131076e+01,2.112320e+01,2.115796e+01,2.115796e+01,2.119271e+01,2.117186e+01,2.124828e+01,2.134545e+01,2.124133e+01,2.121355e+01,2.128993e+01,2.115796e+01,2.124133e+01,2.115101e+01,2.167792e+01,2.169175e+01,2.166409e+01,2.183684e+01,2.191965e+01,2.177468e+01,2.187135e+01,2.176777e+01,2.177468e+01,2.175395e+01,2.174704e+01,2.170557e+01,2.171940e+01,2.161566e+01,2.176777e+01,2.171248e+01,2.163642e+01,2.168483e+01,2.182993e+01,2.181612e+01,2.178850e+01,2.165717e+01,2.165025e+01,2.175395e+01,2.167100e+01,2.170557e+01,2.169175e+01,2.175395e+01,2.167100e+01,2.170557e+01,2.165025e+01,2.152567e+01,2.156029e+01,2.157414e+01,2.151182e+01,2.168483e+01,2.165025e+01,2.173322e+01,2.165717e+01,2.163642e+01,2.168483e+01,2.142867e+01,2.159490e+01,2.155337e+01,2.160182e+01,2.160182e+01,2.156721e+01,2.157414e+01,2.151182e+01,2.152567e+01,2.150489e+01,2.143560e+01,2.144946e+01,2.147718e+01,2.144946e+01,2.141480e+01,2.152567e+01,2.140787e+01,2.147718e+01,2.148411e+01,2.158106e+01,2.140094e+01,2.147718e+01,2.149796e+01,2.147718e+01,2.147025e+01,2.138707e+01,2.147025e+01,2.136626e+01,2.151875e+01,2.138013e+01,2.135239e+01,2.145639e+01,2.142174e+01,2.143560e+01
2.185755e+01,2.196793e+01,2.204376e+01,2.187135e+01,2.187135e+01,2.198862e+01,2.183684e+01,2.194725e+01,2.204376e+01,2.201619e+01,2.202308e+01,2.202308e+01,2.220899e+01,2.208509e+01,2.200241e+01,2.196104e+01,2.215394e+01,2.203687e+01,2.195414e+01,2.211263e+01,2.211263e+01,2.207820e+01,2.210575e+01,2.214017e+01,2.209886e+01,2.199551e+01,2.198862e+01,2.197483e+01,2.212641e+01,2.205754e+01,2.209198e+01,2.200930e+01,2.212641e+01,2.208509e+01,2.207820e+01,2.203687e+01,2.209886e+01,2.209886e+01,2.212641e+01,2.200930e+01,2.191965e+01,2.205754e+01,2.195414e+01,2.216771e+01,2.215394e+01,2.209886e+01,2.203687e+01,2.206442e+01,2.209886e+01,2.200241e+01,2.211952e+01,2.200241e+01,2.214706e+01,2.203687e+01,2.194035e+01,2.193345e+01,2.208509e+01,2.214706e+01,2.209198e+01,2.207131e+01,2.210575e+01,2.208509e+01,2.205065e+01,2.205754e+01,2.207820e+01,2.205065e+01,2.203687e+01,2.203687e+01,2.199551e+01,2.207820e+01,2.202997e+01,2.200930e+01,2.202308e+01,2.204376e+01,2.194725e+01,2.192655e+01,2.200930e+01,2.189896e+01,2.204376e+01,2.200930e+01,2.201619e+01,2.214017e+01,2.200241e+01,2.211263e+01,2.198172e+01,2.202308e+01,2.209198e+01,2.207131e+01,2.207820e+01,2.195414e+01,2.207820e+01,2.195414e+01,2.193345e+01,2.202308e+01,2.172631e+01,2.135239e+01,2.139400e+01,2.123439e+01,2.128299e+01,2.144946e+01,2.132464e+01,2.122050e+01,2.140094e+01,2.139400e+01,2.139400e+01,2.142867e+01,2.140787e+01,2.133158e+01,2.136626e+01,2.140787e+01,2.158106e+01,2.138707e+01,2.145639e+01,2.138013e+01,2.142174e+01,2.134545e+01,2.144253e+01,2.147718e+01,2.141480e+01,2.126911e+01,2.140094e+01,2.145639e+01,2.140094e+01,2.130382e+01,2.138707e+01,2.143560e+01,2.121355e+01,2.141480e+01,2.135933e+01,2.143560e+01,2.132464e+01,2.131770e+01,2.133158e+01,2.138707e+01,2.141480e+01,2.137320e+01,2.134545e+01,2.133158e+01,2.138013e+01,2.128299e+01,2.133158e+01,2.135933e+01,2.127605e+01,2.126217e+01,2.128993e+01,2.117881e+01,2.107452e+01,2.122050e+01,2.110234e+01,2.110929e+01,2.101885e+01,2.119271e+01,2.108843e+01,2.115796e+01,2.093530e+01,2.114406e+01,2.101189e+01,2.105365e+01,2.121355e+01,2.114406e+01,2.099101e+01,2.107452e+01,2.119966e+01,2.113015e+01,2.110929e+01,2.106061e+01,2.098405e+01,2.092833e+01,2.103973e+01,2.099797e+01,2.089350e+01,2.097709e+01,2.124828e+01,2.096316e+01,2.099797e+01,2.092833e+01,2.090047e+01,2.101189e+01,2.088653e+01,2.071913e+01,2.076100e+01,2.076100e+01,2.074705e+01,2.080286e+01,2.065628e+01,2.095619e+01,2.092833e+01,2.111625e+01,2.142174e+01,2.188516e+01,2.185755e+01,2.175395e+01,2.182993e+01,2.184374e+01,2.187135e+01,2.185065e+01,2.187825e+01,2.180231e+01,2.191276e+01,2.189896e+01,2.185755e+01,2.179540e+01,2.194725e+01,2.194725e+01,2.176086e+01,2.171940e+01,2.170557e+01,2.158106e+01,2.156721e+01,2.158106e+01,2.162950e+01,2.162950e+01,2.169175e+01,2.174013e+01,2.184374e+01,2.178850e+01,2.185755e+01,2.171940e+01,2.183684e+01,2.183684e+01,2.185065e+01,2.180231e+01,2.179540e+01,2.194035e+01,2.196104e+01,2.182303e+01,2.184374e+01,2.180231e+01,2.185065e+01,2.185065e+01,2.185065e+01,2.185755e+01,2.187825e+01,2.178850e+01,2.184374e+01,2.181612e+01,2.186445e+01,2.171940e+01,2.179540e+01,2.174013e+01,2.177468e+01,2.180231e+01,2.157414e+01,2.164334e+01,2.160182e+01,2.174704e+01,2.149104e+01,2.167100e+01,2.172631e+01,2.173322e+01,2.185065e+01,2.189896e+01,2.188516e+01,2.186445e+01,2.187135e+01,2.180922e+01,2.198862e+01,2.179540e+01,2.189896e+01,2.191965e+01,2.196104e+01,2.182303e+01,2.185755e+01,2.189206e+01,2.186445e+01,2.191276e+01,2.182993e+01,2.186445e+01,2.166409e+01,2.162258e+01,2.164334e+01,2.163642e+01,2.160182e+01,2.156029e+01,2.166409e+01,2.178850e+01,2.169175e+01,2.174704e+01,2.177468e+01,2.174013e+01,2.167792e+01,2.182993e+01,2.195414e+01,2.205065e+01,2.205754e+01,2.202308e+01,2.195414e+01,2.214706e+01,2.202308e+01,2.206442e+01,2.196793e+01,2.203687e+01,2.194035e+01,2.200930e+01,2.205754e+01,2.191965e+01,2.202308e+01,2.190586e+01,2.198862e+01,2.194725e+01,2.190586e+01,2.182993e+01,2.196793e+01,2.195414e+01,2.194035e+01,2.180922e+01,2.179540e+01,2.178159e+01,2.155337e+01,2.151875e+01,2.170557e+01,2.165025e+01,2.174013e+01,2.159490e+01,2.174704e+01,2.179540e+01,2.179540e+01,2.187135e+01,2.188516e+01,2.178850e+01,2.197483e+01,2.198172e+01,2.191276e+01,2.189896e+01,2.183684e+01,2.194035e+01,2.209198e+01,2.198862e+01,2.202308e+01,2.209198e+01,2.192655e+01,2.196104e+01,2.194725e+01,2.194035e+01,2.187825e+01,2.190586e+01,2.187135e+01,2.183684e+01,2.181612e+01,2.181612e+01,2.187825e+01,2.181612e+01,2.186445e+01,2.190586e+01,2.187825e+01,2.191965e+01,2.195414e+01,2.184374e+01,2.189896e+01,2.194035e+01,2.202997e+01,2.188516e+01,2.188516e+01,2.181612e+01,2.180231e+01,2.183684e+01,2.191965e+01,2.190586e+01,2.179540e+01,2.180231e+01,2.184374e+01,2.178850e+01,2.186445e+01,2.184374e+01,2.183684e+01,2.182993e+01,2.176086e+01,2.167100e+01,2.167792e+01,2.167792e+01,2.179540e+01,2.165025e+01,2.168483e+01,2.173322e+01,2.171248e+01,2.165025e+01,2.167100e+01,2.160874e+01,2.161566e+01,2.156721e+01,2.162950e+01,2.145639e+01,2.167100e+01,2.149104e+01,2.146332e+01,2.150489e+01,2.164334e+01,2.160874e+01,2.165717e+01,2.166409e+01,2.170557e+01,2.166409e+01,2.162258e+01,2.170557e+01,2.166409e+01,2.164334e+01,2.157414e+01,2.160182e+01,2.153952e+01,2.168483e+01,2.157414e+01,2.156029e+01,2.154645e+01,2.156721e+01,2.158798e+01,2.144253e+01,2.155337e+01,2.153952e+01,2.153952e+01,2.154645e+01,2.165025e+01,2.169175e+01,2.182993e+01,2.196104e+01,2.191276e+01,2.191965e+01,2.191965e+01,2.180922e+01,2.190586e+01,2.191276e+01,2.205754e+01,2.196793e+01,2.199551e+01,2.195414e+01,2.189206e+01,2.196104e+01,2.189206e+01,2.182303e+01,2.180922e+01,2.207131e+01,2.191276e+01,2.206442e+01,2.198862e+01,2.194725e+01,2.184374e+01,2.193345e+01,2.187135e+01,2.196793e+01,2.185065e+01,2.185755e+01,2.188516e+01,2.178850e+01,2.186445e+01,2.195414e+01,2.194725e+01,2.196793e+01,2.196793e+01,2.189206e+01,2.198172e+01,2.189896e+01,2.188516e+01,2.189896e+01,2.188516e+01,2.189206e+01,2.180231e+01,2.191965e+01,2.192655e+01,2.191276e+01,2.189896e+01,2.187135e+01,2.181612e+01,2.181612e+01,2.174704e+01,2.173322e+01,2.164334e+01,2.189896e+01,2.156721e+01,2.176777e+01,2.172631e+01,2.158106e+01,2.158106e+01,2.149796e+01,2.146332e+01,2.147718e+01,2.152567e+01,2.122744e+01,2.150489e+01,2.141480e+01,2.144253e+01,2.138013e+01,2.124828e+01,2.151875e+01,2.162258e+01,2.161566e+01,2.158106e+01,2.166409e+01,2.174013e+01,2.165717e+01,2.167100e+01,2.158798e+01,2.172631e+01,2.162258e+01,2.160874e+01,2.162258e+01,2.163642e+01,2.150489e+01,2.128299e+01,2.140787e+01,2.127605e+01,2.142174e+01,2.128299e+01,2.144946e+01,2.130382e+01,2.132464e+01,2.135933e+01,2.138707e+01,2.133851e+01,2.135239e+01,2.132464e+01,2.142174e+01,2.132464e+01,2.138707e+01,2.137320e+01,2.126217e+01,2.132464e+01,2.141480e+01,2.140787e+01,2.139400e+01,2.139400e+01,2.137320e+01,2.140787e+01,2.140094e+01,2.143560e+01,2.144253e+01,2.153260e+01,2.153952e+01,2.139400e+01,2.151182e+01,2.128299e+01,2.128299e+01,2.133158e+01,2.138707e+01,2.147025e+01,2.133158e+01,2.156721e+01,2.144946e+01,2.154645e+01,2.141480e+01,2.142867e+01,2.145639e+01,2.144253e+01,2.147718e+01,2.147718e+01,2.145639e+01,2.147025e+01,2.146332e+01,2.153260e+01,2.148411e+01,2.155337e+01,2.153952e+01,2.141480e+01,2.133158e+01,2.126217e+01,2.133851e+01,2.128299e+01,2.130382e+01,2.126911e+01,2.131770e+01,2.123439e+01,2.138707e+01,2.135933e+01,2.117186e+01,2.129688e+01,2.135239e+01,2.128299e+01,2.143560e+01,2.164334e+01,2.169175e+01,2.179540e+01,2.176086e+01,2.186445e+01,2.156721e+01,2.154645e+01,2.178850e+01,2.182303e+01,2.171940e+01,2.174704e+01,2.171248e+01,2.167100e+01,2.161566e+01,2.174704e+01,2.175395e+01,2.161566e+01,2.177468e+01,2.163642e+01,2.167792e+01,2.155337e+01,2.176777e+01,2.174704e+01,2.162258e+01,2.161566e+01,2.165025e+01,2.164334e+01,2.167100e+01,2.158798e+01,2.174013e+01,2.172631e+01,2.154645e+01,2.166409e+01,2.165025e+01,2.147718e+01,2.165717e+01,2.165025e+01,2.165025e+01,2.151875e+01,2.157414e+01,2.157414e+01,2.161566e+01,2.150489e+01,2.157414e+01,2.153260e+01,2.156721e+01,2.149796e+01,2.149796e+01,2.150489e+01,2.144946e+01,2.146332e+01,2.144946e+01,2.144946e+01,2.146332e+01,2.150489e+01,2.134545e+01,2.141480e+01,2.144946e+01,2.149796e+01,2.139400e+01,2.145639e+01,2.149796e+01,2.147025e+01,2.144946e+01,2.142174e+01,2.153260e+01,2.154645e+01,2.135239e+01,2.146332e+01,2.149796e+01,2.151875e+01,2.144253e+01,2.144946e+01,2.141480e+01
2.195414e+01,2.177468e+01,2.185755e+01,2.196104e+01,2.198862e+01,2.187135e+01,2.203687e+01,2.202997e+01,2.197483e+01,2.200241e+01,2.201619e+01,2.206442e+01,2.203687e+01,2.210575e+01,2.200241e+01,2.202997e+01,2.200241e+01,2.222275e+01,2.208509e+01,2.214017e+01,2.198172e+01,2.196793e+01,2.214706e+01,2.206442e+01,2.211263e+01,2.212641e+01,2.204376e+01,2.200241e+01,2.210575e+01,2.213329e+01,2.208509e+01,2.197483e+01,2.202308e+01,2.219523e+01,2.211263e+01,2.200241e+01,2.220899e+01,2.193345e+01,2.208509e+01,2.208509e+01,2.205754e+01,2.205065e+01,2.196104e+01,2.213329e+01,2.201619e+01,2.194035e+01,2.208509e+01,2.211952e+01,2.210575e+01,2.204376e+01,2.208509e+01,2.210575e+01,2.203687e+01,2.201619e+01,2.200241e+01,2.209198e+01,2.204376e+01,2.214017e+01,2.208509e+01,2.205754e+01,2.207131e+01,2.206442e+01,2.198862e+01,2.211263e+01,2.214706e+01,2.202997e+01,2.196793e+01,2.209198e+01,2.206442e+01,2.203687e+01,2.204376e+01,2.202997e+01,2.183684e+01,2.196793e+01,2.200241e+01,2.196104e+01,2.208509e+01,2.204376e+01,2.207820e+01,2.204376e+01,2.205754e+01,2.199551e+01,2.196793e+01,2.201619e+01,2.189896e+01,2.210575e+01,2.225026e+01,2.214017e+01,2.191276e+01,2.211263e+01,2.198172e+01,2.202997e+01,2.198172e+01,2.185755e+01,2.140787e+01,2.094923e+01,2.095619e+01,2.122744e+01,2.124133e+01,2.132464e+01,2.120660e+01,2.130382e+01,2.133851e+01,2.133851e+01,2.139400e+01,2.143560e+01,2.137320e+01,2.147025e+01,2.147718e+01,2.146332e+01,2.130382e+01,2.153952e+01,2.139400e+01,2.131770e+01,2.127605e+01,2.122050e+01,2.142174e+01,2.138013e+01,2.138707e+01,2.149104e+01,2.136626e+01,2.142867e+01,2.146332e+01,2.137320e+01,2.142174e+01,2.142867e+01,2.144946e+01,2.137320e+01,2.137320e+01,2.132464e+01,2.129688e+01,2.131770e+01,2.135239e+01,2.139400e+01,2.138013e+01,2.132464e+01,2.156029e+01,2.131770e+01,2.141480e+01,2.131770e+01,2.127605e+01,2.143560e+01,2.134545e+01,2.131770e+01,2.126911e+01,2.125522e+01,2.120660e+01,2.119966e+01,2.124828e+01,2.114406e+01,2.103277e+01,2.104669e+01,2.100493e+01,2.112320e+01,2.095619e+01,2.103973e+01,2.094226e+01,2.107452e+01,2.111625e+01,2.092833e+01,2.104669e+01,2.115101e+01,2.114406e+01,2.115796e+01,2.107452e+01,2.099101e+01,2.107452e+01,2.111625e+01,2.096316e+01,2.101885e+01,2.083773e+01,2.094923e+01,2.097012e+01,2.101885e+01,2.097012e+01,2.093530e+01,2.093530e+01,2.079589e+01,2.085168e+01,2.087956e+01,2.083076e+01,2.073309e+01,2.076798e+01,2.077496e+01,2.094226e+01,2.092833e+01,2.098405e+01,2.112320e+01,2.146332e+01,2.185065e+01,2.187135e+01,2.185065e+01,2.189896e+01,2.189896e+01,2.189896e+01,2.185755e+01,2.184374e+01,2.191965e+01,2.182993e+01,2.186445e+01,2.192655e+01,2.189206e+01,2.180231e+01,2.182993e+01,2.177468e+01,2.183684e+01,2.156721e+01,2.174013e+01,2.162258e+01,2.160874e+01,2.162950e+01,2.173322e+01,2.160874e+01,2.166409e+01,2.179540e+01,2.171248e+01,2.189896e+01,2.181612e+01,2.189206e+01,2.190586e+01,2.189206e+01,2.183684e+01,2.196104e+01,2.182303e+01,2.197483e+01,2.198172e+01,2.194035e+01,2.184374e+01,2.190586e+01,2.182303e+01,2.178850e+01,2.187135e+01,2.182303e+01,2.185755e+01,2.187135e+01,2.188516e+01,2.185065e+01,2.181612e+01,2.170557e+01,2.169866e+01,2.162950e+01,2.172631e+01,2.152567e+01,2.161566e+01,2.160874e+01,2.157414e+01,2.167100e+01,2.159490e+01,2.176086e+01,2.180231e+01,2.182993e+01,2.188516e+01,2.187825e+01,2.187825e+01,2.180922e+01,2.181612e+01,2.180922e+01,2.179540e+01,2.189206e+01,2.196793e+01,2.175395e+01,2.171940e+01,2.179540e+01,2.178159e+01,2.185755e+01,2.178850e+01,2.191965e+01,2.181612e+01,2.176777e+01,2.162950e+01,2.151875e+01,2.156721e+01,2.159490e+01,2.169866e+01,2.175395e+01,2.169866e+01,2.176086e+01,2.173322e+01,2.177468e+01,2.182993e+01,2.184374e+01,2.174704e+01,2.187825e+01,2.187135e+01,2.187135e+01,2.185755e+01,2.202308e+01,2.191965e+01,2.198172e+01,2.194725e+01,2.203687e+01,2.194035e+01,2.199551e+01,2.212641e+01,2.195414e+01,2.200241e+01,2.194725e+01,2.194725e+01,2.189206e+01,2.190586e+01,2.191965e+01,2.199551e+01,2.182303e+01,2.195414e+01,2.187135e+01,2.180922e+01,2.180231e+01,2.174013e+01,2.180231e+01,2.158106e+01,2.158106e+01,2.159490e+01,2.162950e+01,2.173322e+01,2.176777e+01,2.186445e+01,2.184374e+01,2.182993e+01,2.180922e+01,2.189896e+01,2.182303e+01,2.196104e+01,2.191965e+01,2.202997e+01,2.205065e+01,2.205754e+01,2.193345e+01,2.194035e+01,2.194035e+01,2.206442e+01,2.200930e+01,2.202308e+01,2.194725e+01,2.198862e+01,2.200930e+01,2.194035e+01,2.200930e+01,2.191276e+01,2.196104e+01,2.185065e+01,2.192655e+01,2.191965e+01,2.192655e+01,2.190586e+01,2.186445e+01,2.185755e+01,2.181612e+01,2.182303e+01,2.189206e+01,2.198862e+01,2.205065e+01,2.193345e+01,2.189206e+01,2.183684e+01,2.194035e+01,2.185755e+01,2.185065e+01,2.182993e+01,2.191965e+01,2.182303e+01,2.176777e+01,2.183684e+01,2.177468e+01,2.182303e+01,2.190586e+01,2.185065e+01,2.167100e+01,2.163642e+01,2.165025e+01,2.180922e+01,2.164334e+01,2.170557e+01,2.172631e+01,2.178850e+01,2.171248e+01,2.167100e+01,2.167792e+01,2.169175e+01,2.161566e+01,2.158106e+01,2.148411e+01,2.144253e+01,2.140787e+01,2.145639e+01,2.121355e+01,2.128299e+01,2.133158e+01,2.160182e+01,2.156029e+01,2.165025e+01,2.168483e+01,2.171248e+01,2.170557e+01,2.170557e+01,2.162258e+01,2.151875e+01,2.162258e+01,2.162950e+01,2.163642e+01,2.160182e+01,2.153260e+01,2.154645e+01,2.157414e+01,2.157414e+01,2.156029e+01,2.158798e+01,2.160874e+01,2.138013e+01,2.153952e+01,2.158798e+01,2.167100e+01,2.171248e+01,2.164334e+01,2.174704e+01,2.181612e+01,2.202997e+01,2.191276e+01,2.194035e+01,2.188516e+01,2.207131e+01,2.189206e+01,2.198172e+01,2.195414e+01,2.198172e+01,2.195414e+01,2.196793e+01,2.194725e+01,2.178850e+01,2.190586e+01,2.192655e+01,2.196793e+01,2.197483e+01,2.198862e+01,2.194725e+01,2.192655e+01,2.190586e+01,2.183684e+01,2.171248e+01,2.197483e+01,2.182993e+01,2.186445e+01,2.191276e+01,2.188516e+01,2.187135e+01,2.186445e+01,2.198862e+01,2.199551e+01,2.189896e+01,2.187135e+01,2.196793e+01,2.194035e+01,2.189206e+01,2.191965e+01,2.191276e+01,2.191276e+01,2.192655e+01,2.191965e+01,2.191276e+01,2.189206e+01,2.178159e+01,2.189896e+01,2.176086e+01,2.177468e+01,2.173322e+01,2.174704e+01,2.188516e+01,2.174013e+01,2.158798e+01,2.160874e+01,2.153952e+01,2.155337e+01,2.157414e+01,2.156029e+01,2.163642e+01,2.150489e+01,2.147718e+01,2.148411e+01,2.138707e+01,2.140094e+01,2.132464e+01,2.132464e+01,2.158106e+01,2.164334e+01,2.167100e+01,2.162950e+01,2.169866e+01,2.168483e+01,2.165717e+01,2.189896e+01,2.174013e+01,2.156029e+01,2.170557e+01,2.167792e+01,2.171248e+01,2.163642e+01,2.149104e+01,2.138013e+01,2.144253e+01,2.135239e+01,2.135933e+01,2.138013e+01,2.144253e+01,2.145639e+01,2.131770e+01,2.148411e+01,2.134545e+01,2.137320e+01,2.132464e+01,2.149796e+01,2.151182e+01,2.132464e+01,2.137320e+01,2.150489e+01,2.148411e+01,2.153952e+01,2.145639e+01,2.161566e+01,2.144946e+01,2.142867e+01,2.141480e+01,2.142174e+01,2.136626e+01,2.153952e+01,2.142867e+01,2.152567e+01,2.151875e+01,2.144946e+01,2.138013e+01,2.133158e+01,2.126911e+01,2.134545e+01,2.144253e+01,2.147025e+01,2.128299e+01,2.154645e+01,2.134545e+01,2.144946e+01,2.167100e+01,2.149796e+01,2.149796e+01,2.143560e+01,2.147025e+01,2.144253e+01,2.148411e+01,2.147718e+01,2.147025e+01,2.160874e+01,2.154645e+01,2.149104e+01,2.134545e+01,2.151875e+01,2.128993e+01,2.142867e+01,2.142174e+01,2.131076e+01,2.143560e+01,2.108148e+01,2.122744e+01,2.138707e+01,2.135239e+01,2.142174e+01,2.135933e+01,2.124828e+01,2.132464e+01,2.128299e+01,2.129688e+01,2.174704e+01,2.180231e+01,2.187135e+01,2.185755e+01,2.178850e+01,2.182993e+01,2.181612e+01,2.171940e+01,2.176777e+01,2.165025e+01,2.184374e+01,2.174704e+01,2.167792e+01,2.167100e+01,2.167792e+01,2.176777e+01,2.184374e+01,2.153952e+01,2.174013e+01,2.178159e+01,2.177468e+01,2.163642e+01,2.162950e+01,2.160182e+01,2.162950e+01,2.197483e+01,2.167100e+01,2.167100e+01,2.175395e+01,2.180922e+01,2.179540e+01,2.174704e+01,2.167792e+01,2.151875e+01,2.150489e+01,2.162258e+01,2.162950e+01,2.160874e+01,2.165025e+01,2.169866e+01,2.169175e+01,2.161566e+01,2.156029e+01,2.156029e+01,2.157414e+01,2.147718e+01,2.166409e+01,2.133851e+01,2.155337e+01,2.156029e+01,2.144946e+01,2.145639e+01,2.147718e+01,2.149796e+01,2.150489e+01,2.151875e+01,2.153952e+01,2.151182e+01,2.154645e+01,2.142867e+01,2.148411e+01,2.147718e+01,2.142174e+01,2.140787e+01,2.153952e+01,2.153260e+01,2.147025e+01,2.138707e+01,2.142174e+01,2.157414e+01,2.134545e+01,2.153952e+01,2.162258e+01,2.141480e+01
2.191276e+01,2.194725e+01,2.187825e+01,2.191965e+01,2.197483e+01,2.187135e+01,2.198862e+01,2.185065e+01,2.202997e+01,2.203687e+01,2.212641e+01,2.196793e+01,2.206442e+01,2.200241e+01,2.202997e+01,2.208509e+01,2.195414e+01,2.202308e+01,2.202308e+01,2.202308e+01,2.196104e+01,2.209198e+01,2.206442e+01,2.219523e+01,2.202308e+01,2.201619e+01,2.195414e+01,2.205754e+01,2.196104e+01,2.209886e+01,2.214706e+01,2.197483e+01,2.199551e+01,2.198862e+01,2.217459e+01,2.208509e+01,2.196104e+01,2.196104e+01,2.205754e+01,2.201619e+01,2.198172e+01,2.207131e+01,2.200241e+01,2.191965e+01,2.197483e+01,2.212641e+01,2.197483e+01,2.203687e+01,2.201619e+01,2.207131e+01,2.210575e+01,2.200930e+01,2.194035e+01,2.207131e+01,2.214017e+01,2.207820e+01,2.207131e+01,2.203687e+01,2.214017e+01,2.203687e+01,2.217459e+01,2.196793e+01,2.202997e+01,2.202308e+01,2.197483e+01,2.203687e+01,2.207820e+01,2.197483e+01,2.207131e+01,2.209886e+01,2.209886e+01,2.208509e+01,2.198862e+01,2.200241e+01,2.198172e+01,2.197483e+01,2.211263e+01,2.207131e+01,2.197483e+01,2.209886e+01,2.212641e+01,2.207820e+01,2.202308e+01,2.187135e+01,2.194725e+01,2.211952e+01,2.191276e+01,2.211263e+01,2.189896e+01,2.209886e+01,2.198862e+01,2.175395e+01,2.176777e+01,2.163642e+01,2.085168e+01,2.087259e+01,2.094226e+01,2.119966e+01,2.117881e+01,2.128299e+01,2.117881e+01,2.124133e+01,2.132464e+01,2.135239e+01,2.126217e+01,2.140094e+01,2.127605e+01,2.146332e+01,2.135239e+01,2.119966e+01,2.135239e+01,2.136626e+01,2.135239e+01,2.140787e+01,2.128299e+01,2.134545e+01,2.133851e+01,2.119271e+01,2.125522e+01,2.122744e+01,2.137320e+01,2.131770e+01,2.126217e+01,2.136626e+01,2.144253e+01,2.144946e+01,2.143560e+01,2.131770e+01,2.129688e+01,2.133851e+01,2.129688e+01,2.136626e+01,2.139400e+01,2.140094e+01,2.131770e+01,2.136626e+01,2.135239e+01,2.151875e+01,2.129688e+01,2.135239e+01,2.138707e+01,2.135933e+01,2.133158e+01,2.122050e+01,2.133158e+01,2.104669e+01,2.119271e+01,2.102581e+01,2.102581e+01,2.113711e+01,2.091440e+01,2.089350e+01,2.104669e+01,2.088653e+01,2.089350e+01,2.097012e+01,2.101189e+01,2.101885e+01,2.110234e+01,2.092833e+01,2.097709e+01,2.101189e+01,2.099797e+01,2.095619e+01,2.115101e+01,2.097709e+01,2.094226e+01,2.108148e+01,2.097012e+01,2.099101e+01,2.100493e+01,2.099101e+01,2.098405e+01,2.092833e+01,2.093530e+01,2.102581e+01,2.093530e+01,2.084470e+01,2.088653e+01,2.069818e+01,2.073309e+01,2.068422e+01,2.078193e+01,2.087259e+01,2.089350e+01,2.091440e+01,2.093530e+01,2.118576e+01,2.142867e+01,2.183684e+01,2.194035e+01,2.186445e+01,2.196793e+01,2.190586e+01,2.189206e+01,2.189896e+01,2.191965e+01,2.181612e+01,2.190586e+01,2.188516e+01,2.203687e+01,2.187825e+01,2.178850e+01,2.179540e+01,2.181612e+01,2.160874e+01,2.154645e+01,2.153952e+01,2.160182e+01,2.169866e+01,2.163642e+01,2.165717e+01,2.175395e+01,2.174704e+01,2.173322e+01,2.178850e+01,2.187135e+01,2.188516e+01,2.188516e+01,2.185755e+01,2.189896e+01,2.184374e+01,2.178850e+01,2.190586e+01,2.180231e+01,2.180231e+01,2.178850e+01,2.189896e+01,2.187825e+01,2.187135e+01,2.169866e+01,2.192655e+01,2.182993e+01,2.189206e+01,2.180231e+01,2.182993e+01,2.185755e+01,2.182303e+01,2.171248e+01,2.176777e+01,2.167100e+01,2.167792e+01,2.161566e+01,2.160182e+01,2.161566e+01,2.169175e+01,2.162950e+01,2.171248e+01,2.163642e+01,2.185065e+01,2.187135e+01,2.189206e+01,2.187825e+01,2.182993e+01,2.180922e+01,2.184374e+01,2.180231e+01,2.182303e+01,2.178850e+01,2.190586e+01,2.176086e+01,2.189896e+01,2.183684e+01,2.185065e+01,2.191965e+01,2.180231e+01,2.182303e+01,2.166409e+01,2.173322e+01,2.160182e+01,2.163642e+01,2.165025e+01,2.165025e+01,2.159490e+01,2.179540e+01,2.174013e+01,2.174704e+01,2.173322e+01,2.167792e+01,2.165025e+01,2.170557e+01,2.162950e+01,2.160874e+01,2.183684e+01,2.189896e+01,2.196104e+01,2.189206e+01,2.209198e+01,2.193345e+01,2.202308e+01,2.198862e+01,2.191965e+01,2.191965e+01,2.193345e+01,2.184374e+01,2.194035e+01,2.193345e+01,2.191276e+01,2.187135e+01,2.189206e+01,2.191276e+01,2.191965e+01,2.194035e+01,2.216771e+01,2.195414e+01,2.185065e+01,2.176777e+01,2.178159e+01,2.180231e+01,2.169866e+01,2.165025e+01,2.167792e+01,2.159490e+01,2.164334e+01,2.165717e+01,2.165025e+01,2.187135e+01,2.185755e+01,2.187825e+01,2.185755e+01,2.185755e+01,2.189206e+01,2.200241e+01,2.205754e+01,2.202997e+01,2.199551e+01,2.198172e+01,2.194035e+01,2.211263e+01,2.196793e+01,2.205065e+01,2.203687e+01,2.196793e+01,2.198172e+01,2.196104e+01,2.195414e+01,2.196793e+01,2.195414e+01,2.191276e+01,2.187825e+01,2.183684e+01,2.182303e+01,2.185065e+01,2.184374e+01,2.193345e+01,2.196104e+01,2.196104e+01,2.196104e+01,2.189896e+01,2.181612e+01,2.196104e+01,2.192655e+01,2.190586e+01,2.201619e+01,2.188516e+01,2.186445e+01,2.200930e+01,2.186445e+01,2.197483e+01,2.187135e+01,2.181612e+01,2.189206e+01,2.182993e+01,2.185065e+01,2.199551e+01,2.178159e+01,2.182303e+01,2.165025e+01,2.169175e+01,2.180231e+01,2.180231e+01,2.176086e+01,2.171248e+01,2.178850e+01,2.170557e+01,2.168483e+01,2.181612e+01,2.167100e+01,2.162258e+01,2.158798e+01,2.152567e+01,2.134545e+01,2.146332e+01,2.126911e+01,2.136626e+01,2.131770e+01,2.135239e+01,2.144946e+01,2.162950e+01,2.174704e+01,2.165025e+01,2.158106e+01,2.167100e+01,2.169866e+01,2.167792e+01,2.162950e+01,2.162950e+01,2.170557e+01,2.163642e+01,2.158106e+01,2.162950e+01,2.152567e+01,2.158798e+01,2.156721e+01,2.153260e+01,2.158798e+01,2.160182e+01,2.152567e+01,2.135933e+01,2.155337e+01,2.165025e+01,2.165717e+01,2.167792e+01,2.167100e+01,2.185065e+01,2.191276e+01,2.189896e+01,2.191276e+01,2.196104e+01,2.193345e+01,2.190586e+01,2.191276e+01,2.190586e+01,2.199551e+01,2.193345e+01,2.196104e+01,2.185755e+01,2.201619e+01,2.197483e+01,2.194035e+01,2.194725e+01,2.195414e+01,2.194725e+01,2.191965e+01,2.195414e+01,2.184374e+01,2.196793e+01,2.172631e+01,2.172631e+01,2.180231e+01,2.181612e+01,2.182303e+01,2.172631e+01,2.185065e+01,2.182993e+01,2.185065e+01,2.197483e+01,2.189206e+01,2.190586e+01,2.191965e+01,2.202997e+01,2.189896e+01,2.191965e+01,2.187825e+01,2.191965e+01,2.191965e+01,2.191965e+01,2.180922e+01,2.190586e+01,2.184374e+01,2.178159e+01,2.188516e+01,2.176086e+01,2.185755e+01,2.180922e+01,2.165717e+01,2.154645e+01,2.158798e+01,2.158798e+01,2.154645e+01,2.165717e+01,2.160182e+01,2.159490e+01,2.156721e+01,2.146332e+01,2.152567e+01,2.144253e+01,2.139400e+01,2.119966e+01,2.131770e+01,2.131076e+01,2.152567e+01,2.164334e+01,2.180922e+01,2.160182e+01,2.167100e+01,2.170557e+01,2.171248e+01,2.181612e+01,2.187825e+01,2.179540e+01,2.157414e+01,2.166409e+01,2.160874e+01,2.147718e+01,2.148411e+01,2.144253e+01,2.133158e+01,2.137320e+01,2.150489e+01,2.146332e+01,2.140787e+01,2.142867e+01,2.144946e+01,2.138013e+01,2.147025e+01,2.151182e+01,2.138707e+01,2.134545e+01,2.151182e+01,2.149796e+01,2.149104e+01,2.150489e+01,2.142867e+01,2.149796e+01,2.156029e+01,2.143560e+01,2.153952e+01,2.141480e+01,2.141480e+01,2.150489e+01,2.142174e+01,2.151875e+01,2.146332e+01,2.144253e+01,2.151182e+01,2.154645e+01,2.144253e+01,2.142867e+01,2.127605e+01,2.130382e+01,2.135933e+01,2.142867e+01,2.144946e+01,2.152567e+01,2.146332e+01,2.140094e+01,2.138013e+01,2.152567e+01,2.153952e+01,2.150489e+01,2.143560e+01,2.147025e+01,2.148411e+01,2.163642e+01,2.144946e+01,2.149104e+01,2.127605e+01,2.148411e+01,2.140787e+01,2.151875e+01,2.128993e+01,2.126217e+01,2.135239e+01,2.144946e+01,2.128299e+01,2.136626e+01,2.133851e+01,2.135239e+01,2.140787e+01,2.118576e+01,2.138707e+01,2.134545e+01,2.153260e+01,2.132464e+01,2.164334e+01,2.168483e+01,2.174013e+01,2.174013e+01,2.183684e+01,2.187135e+01,2.185065e+01,2.178159e+01,2.173322e+01,2.177468e+01,2.160874e+01,2.168483e+01,2.176086e+01,2.162258e+01,2.165025e+01,2.176086e+01,2.165025e+01,2.165025e+01,2.158106e+01,2.176086e+01,2.165025e+01,2.173322e+01,2.167100e+01,2.169175e+01,2.169175e+01,2.167100e+01,2.163642e+01,2.158106e+01,2.166409e+01,2.169175e+01,2.175395e+01,2.173322e+01,2.167100e+01,2.171940e+01,2.169866e+01,2.167792e+01,2.164334e+01,2.162950e+01,2.161566e+01,2.164334e+01,2.149796e+01,2.147025e+01,2.165717e+01,2.169866e+01,2.153952e+01,2.148411e+01,2.155337e+01,2.149104e+01,2.148411e+01,2.153952e+01,2.153260e+01,2.154645e+01,2.143560e+01,2.150489e+01,2.147718e+01,2.142174e+01,2.142174e+01,2.143560e+01,2.147025e+01,2.153260e+01,2.153952e+01,2.151182e+01,2.143560e+01,2.149104e+01,2.135933e+01,2.154645e+01,2.133158e+01,2.156029e+01,2.142174e+01,2.140094e+01,2.149796e+01,2.142174e+01,2.153952e+01,2.146332e+01,2.142867e+01
2.192655e+01,2.191276e+01,2.178159e+01,2.185755e+01,2.186445e+01,2.202997e+01,2.196104e+01,2.199551e+01,2.207131e+01,2.196793e+01,2.219523e+01,2.217459e+01,2.199551e+01,2.194725e+01,2.197483e+01,2.198172e+01,2.205065e+01,2.213329e+01,2.195414e+01,2.199551e+01,2.205065e+01,2.203687e+01,2.205754e+01,2.195414e+01,2.196793e+01,2.199551e+01,2.197483e+01,2.196793e+01,2.213329e+01,2.213329e+01,2.196104e+01,2.198172e+01,2.201619e+01,2.204376e+01,2.198172e+01,2.201619e+01,2.196104e+01,2.193345e+01,2.209198e+01,2.202997e+01,2.200930e+01,2.201619e+01,2.196104e+01,2.202308e+01,2.192655e+01,2.215394e+01,2.207131e+01,2.196104e+01,2.211263e+01,2.200930e+01,2.205065e+01,2.202308e+01,2.200930e+01,2.201619e+01,2.202997e+01,2.204376e+01,2.202997e+01,2.207131e+01,2.209198e+01,2.200930e+01,2.202308e+01,2.211952e+01,2.201619e+01,2.202308e+01,2.199551e+01,2.187825e+01,2.198862e+01,2.208509e+01,2.210575e+01,2.198172e+01,2.195414e+01,2.196793e+01,2.197483e+01,2.210575e+01,2.210575e+01,2.199551e+01,2.207820e+01,2.207820e+01,2.207131e+01,2.205065e+01,2.199551e+01,2.195414e+01,2.215394e+01,2.202997e+01,2.213329e+01,2.214017e+01,2.190586e+01,2.198862e+01,2.191965e+01,2.205065e+01,2.190586e+01,2.173322e+01,2.171940e+01,2.114406e+01,2.073309e+01,2.090047e+01,2.104669e+01,2.116491e+01,2.120660e+01,2.120660e+01,2.115796e+01,2.124133e+01,2.127605e+01,2.122744e+01,2.120660e+01,2.125522e+01,2.141480e+01,2.142174e+01,2.130382e+01,2.130382e+01,2.132464e+01,2.142867e+01,2.138013e+01,2.124133e+01,2.107452e+01,2.133851e+01,2.126217e+01,2.122050e+01,2.124133e+01,2.131770e+01,2.128299e+01,2.133851e+01,2.125522e+01,2.144946e+01,2.128299e+01,2.143560e+01,2.128299e+01,2.132464e+01,2.151875e+01,2.125522e+01,2.128993e+01,2.131076e+01,2.142174e+01,2.134545e+01,2.122050e+01,2.125522e+01,2.135933e+01,2.135239e+01,2.136626e+01,2.107452e+01,2.119271e+01,2.135933e+01,2.128993e+01,2.118576e+01,2.108843e+01,2.119966e+01,2.104669e+01,2.101885e+01,2.096316e+01,2.078891e+01,2.066327e+01,2.085865e+01,2.085168e+01,2.078193e+01,2.076100e+01,2.071913e+01,2.087956e+01,2.080286e+01,2.085168e+01,2.096316e+01,2.080286e+01,2.087259e+01,2.104669e+01,2.090743e+01,2.101189e+01,2.117186e+01,2.106061e+01,2.111625e+01,2.092137e+01,2.101189e+01,2.095619e+01,2.105365e+01,2.100493e+01,2.103277e+01,2.099101e+01,2.091440e+01,2.087956e+01,2.090743e+01,2.090047e+01,2.084470e+01,2.069818e+01,2.069120e+01,2.088653e+01,2.089350e+01,2.090743e+01,2.104669e+01,2.113711e+01,2.122744e+01,2.169175e+01,2.191276e+01,2.188516e+01,2.180231e+01,2.198862e+01,2.189896e+01,2.187825e+01,2.188516e+01,2.192655e+01,2.186445e+01,2.196793e+01,2.185755e+01,2.187825e+01,2.187825e+01,2.179540e+01,2.181612e+01,2.180231e+01,2.165717e+01,2.145639e+01,2.144946e+01,2.163642e+01,2.162950e+01,2.174704e+01,2.169175e+01,2.171940e+01,2.184374e+01,2.177468e+01,2.191965e+01,2.191965e+01,2.187825e+01,2.187135e+01,2.187135e+01,2.188516e+01,2.178850e+01,2.191965e+01,2.184374e+01,2.199551e+01,2.194725e+01,2.191965e+01,2.193345e+01,2.193345e+01,2.180922e+01,2.187135e+01,2.192655e+01,2.158106e+01,2.182303e+01,2.181612e+01,2.176777e+01,2.185065e+01,2.170557e+01,2.169866e+01,2.169175e+01,2.172631e+01,2.160182e+01,2.160874e+01,2.160182e+01,2.164334e+01,2.159490e+01,2.160182e+01,2.156029e+01,2.169866e+01,2.178159e+01,2.175395e+01,2.180231e+01,2.186445e+01,2.188516e+01,2.186445e+01,2.180231e+01,2.191965e+01,2.181612e+01,2.184374e+01,2.186445e+01,2.188516e+01,2.180922e+01,2.181612e+01,2.182303e+01,2.175395e+01,2.176777e+01,2.184374e+01,2.181612e+01,2.162258e+01,2.170557e+01,2.157414e+01,2.156721e+01,2.176777e+01,2.178850e+01,2.169866e+01,2.176086e+01,2.167100e+01,2.179540e+01,2.175395e+01,2.170557e+01,2.161566e+01,2.160874e+01,2.160874e+01,2.176777e+01,2.178159e+01,2.171940e+01,2.195414e+01,2.187135e+01,2.196793e+01,2.200930e+01,2.197483e+01,2.189896e+01,2.187825e+01,2.191276e+01,2.191276e+01,2.191276e+01,2.198862e+01,2.194725e+01,2.175395e+01,2.186445e+01,2.185065e+01,2.187135e+01,2.194035e+01,2.185065e+01,2.189206e+01,2.176777e+01,2.189896e+01,2.181612e+01,2.185755e+01,2.167100e+01,2.152567e+01,2.153952e+01,2.164334e+01,2.165717e+01,2.165025e+01,2.167792e+01,2.186445e+01,2.178159e+01,2.185755e+01,2.172631e+01,2.187135e+01,2.199551e+01,2.202997e+01,2.204376e+01,2.197483e+01,2.207131e+01,2.190586e+01,2.199551e+01,2.197483e+01,2.207131e+01,2.206442e+01,2.200241e+01,2.202997e+01,2.207820e+01,2.192655e+01,2.212641e+01,2.193345e+01,2.191965e+01,2.194035e+01,2.182303e+01,2.184374e+01,2.194725e+01,2.193345e+01,2.196104e+01,2.191965e+01,2.190586e+01,2.189206e+01,2.180231e+01,2.180922e+01,2.189896e+01,2.191965e+01,2.190586e+01,2.189206e+01,2.199551e+01,2.223650e+01,2.189206e+01,2.193345e+01,2.185065e+01,2.195414e+01,2.189206e+01,2.188516e+01,2.189206e+01,2.189896e+01,2.181612e+01,2.180922e+01,2.180231e+01,2.175395e+01,2.178850e+01,2.180922e+01,2.182303e+01,2.180922e+01,2.176086e+01,2.180922e+01,2.177468e+01,2.174013e+01,2.172631e+01,2.182303e+01,2.164334e+01,2.167100e+01,2.158106e+01,2.141480e+01,2.145639e+01,2.138707e+01,2.131076e+01,2.122050e+01,2.129688e+01,2.133851e+01,2.138013e+01,2.157414e+01,2.160874e+01,2.163642e+01,2.162258e+01,2.159490e+01,2.160874e+01,2.166409e+01,2.165025e+01,2.167100e+01,2.162258e+01,2.164334e+01,2.153260e+01,2.155337e+01,2.160182e+01,2.157414e+01,2.158106e+01,2.158798e+01,2.162950e+01,2.157414e+01,2.152567e+01,2.153952e+01,2.154645e+01,2.167100e+01,2.164334e+01,2.167792e+01,2.167100e+01,2.168483e+01,2.189896e+01,2.190586e+01,2.189206e+01,2.190586e+01,2.187825e+01,2.202308e+01,2.196793e+01,2.194725e+01,2.195414e+01,2.200241e+01,2.193345e+01,2.195414e+01,2.191276e+01,2.194035e+01,2.176777e+01,2.194725e+01,2.195414e+01,2.198862e+01,2.185755e+01,2.184374e+01,2.200241e+01,2.189206e+01,2.183684e+01,2.180231e+01,2.174704e+01,2.180922e+01,2.174013e+01,2.177468e+01,2.192655e+01,2.180231e+01,2.171940e+01,2.198172e+01,2.194725e+01,2.187825e+01,2.191276e+01,2.187135e+01,2.178850e+01,2.185755e+01,2.191276e+01,2.196104e+01,2.189206e+01,2.197483e+01,2.187135e+01,2.187825e+01,2.183684e+01,2.186445e+01,2.179540e+01,2.185755e+01,2.189206e+01,2.166409e+01,2.176086e+01,2.165025e+01,2.165025e+01,2.170557e+01,2.167100e+01,2.157414e+01,2.166409e+01,2.153260e+01,2.160182e+01,2.139400e+01,2.141480e+01,2.142174e+01,2.150489e+01,2.131076e+01,2.142867e+01,2.148411e+01,2.123439e+01,2.160182e+01,2.168483e+01,2.169866e+01,2.166409e+01,2.171940e+01,2.175395e+01,2.168483e+01,2.187135e+01,2.170557e+01,2.167792e+01,2.147718e+01,2.158106e+01,2.144946e+01,2.153260e+01,2.150489e+01,2.149104e+01,2.140787e+01,2.140787e+01,2.150489e+01,2.146332e+01,2.137320e+01,2.149104e+01,2.153260e+01,2.144253e+01,2.139400e+01,2.151182e+01,2.155337e+01,2.150489e+01,2.147025e+01,2.149104e+01,2.152567e+01,2.153260e+01,2.143560e+01,2.159490e+01,2.145639e+01,2.140094e+01,2.159490e+01,2.144946e+01,2.145639e+01,2.167100e+01,2.149104e+01,2.157414e+01,2.154645e+01,2.155337e+01,2.157414e+01,2.160874e+01,2.149796e+01,2.147025e+01,2.140787e+01,2.131076e+01,2.132464e+01,2.137320e+01,2.138013e+01,2.151875e+01,2.155337e+01,2.171248e+01,2.154645e+01,2.146332e+01,2.157414e+01,2.150489e+01,2.154645e+01,2.161566e+01,2.156721e+01,2.149104e+01,2.160874e+01,2.179540e+01,2.153952e+01,2.151875e+01,2.134545e+01,2.145639e+01,2.126911e+01,2.142867e+01,2.145639e+01,2.136626e+01,2.144946e+01,2.140094e+01,2.134545e+01,2.136626e+01,2.131770e+01,2.139400e+01,2.138013e+01,2.130382e+01,2.130382e+01,2.129688e+01,2.165717e+01,2.165717e+01,2.182303e+01,2.182303e+01,2.159490e+01,2.153952e+01,2.171248e+01,2.171248e+01,2.173322e+01,2.169866e+01,2.174013e+01,2.170557e+01,2.169175e+01,2.173322e+01,2.175395e+01,2.169866e+01,2.160874e+01,2.174013e+01,2.140787e+01,2.168483e+01,2.163642e+01,2.163642e+01,2.160182e+01,2.165025e+01,2.167100e+01,2.168483e+01,2.170557e+01,2.169175e+01,2.163642e+01,2.174704e+01,2.173322e+01,2.169866e+01,2.158798e+01,2.159490e+01,2.162950e+01,2.176777e+01,2.162258e+01,2.160182e+01,2.172631e+01,2.151875e+01,2.152567e+01,2.146332e+01,2.144946e+01,2.142174e+01,2.147025e+01,2.151875e+01,2.153952e+01,2.147025e+01,2.160182e+01,2.147718e+01,2.146332e+01,2.148411e+01,2.151182e+01,2.149796e+01,2.144253e+01,2.140094e+01,2.140787e+01,2.153260e+01,2.151182e+01,2.146332e+01,2.144253e+01,2.140787e+01,2.140787e+01,2.139400e+01,2.141480e+01,2.128993e+01,2.142174e+01,2.139400e+01,2.137320e+01,2.138707e+01,2.144253e+01,2.144253e+01,2.144253e+01,2.142174e+01
2.192655e+01,2.193345e+01,2.186445e+01,2.193345e+01,2.197483e+01,2.197483e+01,2.191965e+01,2.191965e+01,2.188516e+01,2.194725e+01,2.201619e+01,2.195414e+01,2.199551e+01,2.192655e+01,2.202997e+01,2.204376e+01,2.201619e+01,2.199551e+01,2.209198e+01,2.194725e+01,2.189206e+01,2.216771e+01,2.210575e+01,2.207820e+01,2.198172e+01,2.199551e+01,2.201619e+01,2.197483e+01,2.205754e+01,2.209886e+01,2.195414e+01,2.220899e+01,2.201619e+01,2.196793e+01,2.204376e+01,2.202997e+01,2.193345e+01,2.204376e+01,2.196104e+01,2.207131e+01,2.200241e+01,2.195414e+01,2.201619e+01,2.205754e+01,2.200930e+01,2.205754e+01,2.206442e+01,2.207131e+01,2.205065e+01,2.204376e+01,2.198862e+01,2.201619e+01,2.199551e+01,2.201619e+01,2.203687e+01,2.202997e+01,2.202308e+01,2.200930e+01,2.205065e+01,2.202308e+01,2.200241e+01,2.215394e+01,2.209198e+01,2.208509e+01,2.205065e+01,2.209198e+01,2.207131e+01,2.195414e+01,2.202308e+01,2.194725e+01,2.211263e+01,2.207820e+01,2.203687e+01,2.198172e+01,2.199551e+01,2.187825e+01,2.198862e+01,2.198862e+01,2.198862e+01,2.200241e+01,2.197483e+01,2.200930e+01,2.203687e+01,2.191276e+01,2.190586e+01,2.203687e+01,2.198172e+01,2.198172e+01,2.194725e+01,2.180922e+01,2.189206e+01,2.175395e+01,2.140094e+01,2.088653e+01,2.087259e+01,2.104669e+01,2.111625e+01,2.118576e+01,2.110929e+01,2.115796e+01,2.124133e+01,2.124133e+01,2.124133e+01,2.122744e+01,2.119271e+01,2.125522e+01,2.126911e+01,2.138707e+01,2.140787e+01,2.118576e+01,2.128993e+01,2.117186e+01,2.117186e+01,2.115101e+01,2.113711e+01,2.122050e+01,2.120660e+01,2.106756e+01,2.126911e+01,2.131076e+01,2.119271e+01,2.119966e+01,2.135933e+01,2.124133e+01,2.126217e+01,2.120660e+01,2.123439e+01,2.135239e+01,2.128993e+01,2.119966e+01,2.126911e+01,2.143560e+01,2.121355e+01,2.131770e+01,2.127605e+01,2.127605e+01,2.132464e+01,2.134545e+01,2.133851e+01,2.136626e+01,2.135933e+01,2.109539e+01,2.106061e+01,2.114406e+01,2.111625e+01,2.105365e+01,2.103973e+01,2.101885e+01,2.083773e+01,2.074705e+01,2.080984e+01,2.085865e+01,2.085168e+01,2.064930e+01,2.053047e+01,2.076100e+01,2.061436e+01,2.051648e+01,2.063532e+01,2.101189e+01,2.069818e+01,2.087956e+01,2.066327e+01,2.104669e+01,2.097012e+01,2.094923e+01,2.115101e+01,2.100493e+01,2.103973e+01,2.094923e+01,2.101885e+01,2.097709e+01,2.103973e+01,2.084470e+01,2.079589e+01,2.092833e+01,2.091440e+01,2.084470e+01,2.083076e+01,2.069818e+01,2.089350e+01,2.070517e+01,2.082378e+01,2.090743e+01,2.085168e+01,2.101189e+01,2.098405e+01,2.124133e+01,2.180231e+01,2.191276e+01,2.192655e+01,2.191965e+01,2.197483e+01,2.180922e+01,2.189896e+01,2.186445e+01,2.190586e+01,2.194725e+01,2.193345e+01,2.180231e+01,2.195414e+01,2.185065e+01,2.184374e+01,2.175395e+01,2.154645e+01,2.156029e+01,2.155337e+01,2.158798e+01,2.171248e+01,2.156029e+01,2.165717e+01,2.172631e+01,2.182303e+01,2.176086e+01,2.185065e+01,2.190586e+01,2.202308e+01,2.181612e+01,2.176777e+01,2.178850e+01,2.184374e+01,2.185755e+01,2.199551e+01,2.175395e+01,2.183684e+01,2.191276e+01,2.185065e+01,2.189896e+01,2.174704e+01,2.190586e+01,2.176777e+01,2.189206e+01,2.191276e+01,2.180231e+01,2.183684e+01,2.178159e+01,2.182303e+01,2.174704e+01,2.182303e+01,2.183684e+01,2.178159e+01,2.169866e+01,2.170557e+01,2.163642e+01,2.174704e+01,2.171940e+01,2.169175e+01,2.169866e+01,2.159490e+01,2.178159e+01,2.174013e+01,2.182993e+01,2.182303e+01,2.185755e+01,2.185065e+01,2.191276e+01,2.189896e+01,2.185755e+01,2.187135e+01,2.171940e+01,2.184374e+01,2.178850e+01,2.180231e+01,2.181612e+01,2.182303e+01,2.187825e+01,2.173322e+01,2.163642e+01,2.138013e+01,2.166409e+01,2.160874e+01,2.184374e+01,2.170557e+01,2.176086e+01,2.180231e+01,2.180922e+01,2.176086e+01,2.171940e+01,2.166409e+01,2.167100e+01,2.176777e+01,2.155337e+01,2.173322e+01,2.182303e+01,2.182993e+01,2.189206e+01,2.189206e+01,2.176086e+01,2.178159e+01,2.191276e+01,2.190586e+01,2.182303e+01,2.194725e+01,2.196104e+01,2.180231e+01,2.181612e+01,2.190586e+01,2.176777e+01,2.187825e+01,2.187135e+01,2.187135e+01,2.190586e+01,2.189896e+01,2.189206e+01,2.189206e+01,2.174704e+01,2.175395e+01,2.190586e+01,2.191965e+01,2.176777e+01,2.167100e+01,2.176086e+01,2.163642e+01,2.151182e+01,2.169175e+01,2.164334e+01,2.175395e+01,2.173322e+01,2.171940e+01,2.171248e+01,2.178159e+01,2.181612e+01,2.189896e+01,2.202997e+01,2.205065e+01,2.205754e+01,2.204376e+01,2.196793e+01,2.194035e+01,2.205065e+01,2.204376e+01,2.202997e+01,2.201619e+01,2.202997e+01,2.196104e+01,2.191965e+01,2.189206e+01,2.188516e+01,2.194035e+01,2.185755e+01,2.194035e+01,2.201619e+01,2.191965e+01,2.188516e+01,2.185755e+01,2.192655e+01,2.193345e+01,2.196104e+01,2.196104e+01,2.191965e+01,2.204376e+01,2.194725e+01,2.186445e+01,2.191965e+01,2.191276e+01,2.201619e+01,2.194035e+01,2.191965e+01,2.182993e+01,2.191276e+01,2.182993e+01,2.189206e+01,2.181612e+01,2.185755e+01,2.187825e+01,2.182303e+01,2.178850e+01,2.180922e+01,2.176777e+01,2.180231e+01,2.180231e+01,2.180231e+01,2.176086e+01,2.198172e+01,2.174704e+01,2.163642e+01,2.160874e+01,2.148411e+01,2.165025e+01,2.160874e+01,2.140787e+01,2.149796e+01,2.142867e+01,2.142174e+01,2.128993e+01,2.126217e+01,2.118576e+01,2.147025e+01,2.158798e+01,2.156029e+01,2.166409e+01,2.162950e+01,2.162258e+01,2.180231e+01,2.165025e+01,2.164334e+01,2.172631e+01,2.152567e+01,2.163642e+01,2.158106e+01,2.158798e+01,2.156029e+01,2.159490e+01,2.159490e+01,2.148411e+01,2.158798e+01,2.156721e+01,2.156029e+01,2.156029e+01,2.138013e+01,2.158798e+01,2.159490e+01,2.168483e+01,2.169175e+01,2.171248e+01,2.171248e+01,2.190586e+01,2.187825e+01,2.192655e+01,2.185065e+01,2.186445e+01,2.193345e+01,2.190586e+01,2.191276e+01,2.197483e+01,2.185065e+01,2.187135e+01,2.196104e+01,2.194725e+01,2.178850e+01,2.196793e+01,2.178850e+01,2.191965e+01,2.189896e+01,2.183684e+01,2.189896e+01,2.189206e+01,2.180922e+01,2.180231e+01,2.180231e+01,2.177468e+01,2.175395e+01,2.178159e+01,2.200930e+01,2.194035e+01,2.194035e+01,2.178850e+01,2.185755e+01,2.178159e+01,2.186445e+01,2.185755e+01,2.188516e+01,2.173322e+01,2.178159e+01,2.186445e+01,2.187825e+01,2.192655e+01,2.187825e+01,2.184374e+01,2.180231e+01,2.183684e+01,2.187135e+01,2.181612e+01,2.178850e+01,2.169175e+01,2.166409e+01,2.162950e+01,2.140787e+01,2.160182e+01,2.158798e+01,2.167100e+01,2.164334e+01,2.149796e+01,2.160182e+01,2.154645e+01,2.160874e+01,2.142174e+01,2.147718e+01,2.127605e+01,2.126217e+01,2.127605e+01,2.122744e+01,2.142174e+01,2.168483e+01,2.167792e+01,2.176086e+01,2.159490e+01,2.169175e+01,2.171248e+01,2.160874e+01,2.169866e+01,2.162950e+01,2.148411e+01,2.147025e+01,2.150489e+01,2.147025e+01,2.141480e+01,2.139400e+01,2.143560e+01,2.140787e+01,2.141480e+01,2.136626e+01,2.138707e+01,2.140787e+01,2.153952e+01,2.146332e+01,2.156029e+01,2.156029e+01,2.160874e+01,2.160182e+01,2.156029e+01,2.151182e+01,2.156721e+01,2.134545e+01,2.144253e+01,2.147718e+01,2.157414e+01,2.154645e+01,2.157414e+01,2.142174e+01,2.151182e+01,2.145639e+01,2.149104e+01,2.153260e+01,2.151182e+01,2.153952e+01,2.145639e+01,2.169866e+01,2.156721e+01,2.149796e+01,2.145639e+01,2.131076e+01,2.138013e+01,2.142174e+01,2.147025e+01,2.158106e+01,2.151182e+01,2.156721e+01,2.156721e+01,2.155337e+01,2.150489e+01,2.157414e+01,2.149796e+01,2.165025e+01,2.152567e+01,2.156721e+01,2.150489e+01,2.149796e+01,2.151875e+01,2.143560e+01,2.151875e+01,2.145639e+01,2.131076e+01,2.132464e+01,2.140094e+01,2.140787e+01,2.144253e+01,2.137320e+01,2.139400e+01,2.136626e+01,2.135933e+01,2.136626e+01,2.132464e+01,2.138013e+01,2.130382e+01,2.163642e+01,2.160874e+01,2.177468e+01,2.174704e+01,2.167100e+01,2.155337e+01,2.171248e+01,2.160874e+01,2.165717e+01,2.170557e+01,2.189206e+01,2.171248e+01,2.169866e+01,2.167792e+01,2.171940e+01,2.162258e+01,2.168483e+01,2.162950e+01,2.165025e+01,2.164334e+01,2.160182e+01,2.176086e+01,2.162950e+01,2.154645e+01,2.169866e+01,2.167100e+01,2.165025e+01,2.163642e+01,2.157414e+01,2.169175e+01,2.169866e+01,2.175395e+01,2.164334e+01,2.162950e+01,2.160182e+01,2.155337e+01,2.159490e+01,2.159490e+01,2.163642e+01,2.156029e+01,2.170557e+01,2.173322e+01,2.148411e+01,2.144946e+01,2.156721e+01,2.142867e+01,2.140787e+01,2.156029e+01,2.150489e+01,2.162950e+01,2.157414e+01,2.147025e+01,2.149104e+01,2.148411e+01,2.150489e+01,2.148411e+01,2.149104e+01,2.136626e+01,2.154645e+01,2.140787e+01,2.146332e+01,2.146332e+01,2.150489e+01,2.144253e+01,2.140094e+01,2.135933e+01,2.137320e+01,2.138013e+01,2.136626e+01,2.152567e+01,2.144253e+01,2.145639e+01,2.131770e+01,2.122744e+01,2.145639e+01
2.190586e+01,2.191276e+01,2.191276e+01,2.202997e+01,2.196793e+01,2.196793e+01,2.209198e+01,2.200241e+01,2.192655e+01,2.185065e+01,2.194725e+01,2.205754e+01,2.194725e+01,2.194725e+01,2.211952e+01,2.200930e+01,2.191276e+01,2.200241e+01,2.196793e+01,2.214017e+01,2.212641e+01,2.193345e+01,2.194035e+01,2.203687e+01,2.231900e+01,2.198172e+01,2.196104e+01,2.201619e+01,2.202997e+01,2.226401e+01,2.195414e+01,2.198172e+01,2.194725e+01,2.196104e+01,2.205065e+01,2.207131e+01,2.189206e+01,2.203687e+01,2.205754e+01,2.200930e+01,2.193345e+01,2.204376e+01,2.201619e+01,2.191276e+01,2.205754e+01,2.196793e+01,2.189206e+01,2.193345e+01,2.205065e+01,2.191276e+01,2.202308e+01,2.196793e+01,2.203687e+01,2.200241e+01,2.200930e+01,2.200930e+01,2.193345e+01,2.200930e+01,2.202997e+01,2.188516e+01,2.198862e+01,2.195414e+01,2.211952e+01,2.214017e+01,2.209886e+01,2.207820e+01,2.212641e+01,2.209886e+01,2.209886e+01,2.198172e+01,2.208509e+01,2.198172e+01,2.192655e+01,2.199551e+01,2.191965e+01,2.194725e+01,2.196793e+01,2.206442e+01,2.214706e+01,2.211952e+01,2.201619e+01,2.202308e+01,2.210575e+01,2.209198e+01,2.202997e+01,2.210575e+01,2.211263e+01,2.197483e+01,2.196793e+01,2.200241e+01,2.188516e+01,2.158106e+01,2.126217e+01,2.094923e+01,2.095619e+01,2.089350e+01,2.111625e+01,2.112320e+01,2.112320e+01,2.110234e+01,2.117881e+01,2.124133e+01,2.124828e+01,2.125522e+01,2.119966e+01,2.138013e+01,2.138707e+01,2.137320e+01,2.125522e+01,2.126217e+01,2.134545e+01,2.119271e+01,2.125522e+01,2.115101e+01,2.119271e+01,2.099101e+01,2.106061e+01,2.106756e+01,2.116491e+01,2.121355e+01,2.122744e+01,2.121355e+01,2.123439e+01,2.127605e+01,2.121355e+01,2.127605e+01,2.124133e+01,2.127605e+01,2.122050e+01,2.135933e+01,2.124828e+01,2.133851e+01,2.126217e+01,2.128299e+01,2.120660e+01,2.120660e+01,2.117186e+01,2.117186e+01,2.125522e+01,2.115796e+01,2.118576e+01,2.117186e+01,2.133158e+01,2.103973e+01,2.106061e+01,2.108843e+01,2.106756e+01,2.094226e+01,2.076798e+01,2.099101e+01,2.066327e+01,2.084470e+01,2.072611e+01,2.067723e+01,2.044651e+01,2.059340e+01,2.059340e+01,2.057942e+01,2.070517e+01,2.065628e+01,2.069120e+01,2.100493e+01,2.070517e+01,2.092137e+01,2.084470e+01,2.111625e+01,2.103973e+01,2.099797e+01,2.113711e+01,2.101189e+01,2.106061e+01,2.101885e+01,2.105365e+01,2.103277e+01,2.096316e+01,2.097709e+01,2.094226e+01,2.083773e+01,2.085865e+01,2.090743e+01,2.089350e+01,2.074007e+01,2.076100e+01,2.087956e+01,2.093530e+01,2.090743e+01,2.107452e+01,2.124133e+01,2.188516e+01,2.191965e+01,2.182303e+01,2.175395e+01,2.194725e+01,2.202997e+01,2.194035e+01,2.194035e+01,2.188516e+01,2.188516e+01,2.193345e+01,2.197483e+01,2.190586e+01,2.188516e+01,2.184374e+01,2.172631e+01,2.171940e+01,2.156029e+01,2.158798e+01,2.164334e+01,2.169866e+01,2.170557e+01,2.172631e+01,2.175395e+01,2.173322e+01,2.183684e+01,2.180231e+01,2.200930e+01,2.180231e+01,2.181612e+01,2.178850e+01,2.184374e+01,2.181612e+01,2.194035e+01,2.189206e+01,2.196793e+01,2.180231e+01,2.183684e+01,2.195414e+01,2.180231e+01,2.191276e+01,2.187135e+01,2.185065e+01,2.178159e+01,2.178850e+01,2.185065e+01,2.172631e+01,2.167100e+01,2.174704e+01,2.174704e+01,2.180922e+01,2.180922e+01,2.176086e+01,2.169175e+01,2.178159e+01,2.167792e+01,2.172631e+01,2.175395e+01,2.165717e+01,2.155337e+01,2.170557e+01,2.174704e+01,2.192655e+01,2.185755e+01,2.179540e+01,2.180231e+01,2.183684e+01,2.182993e+01,2.185755e+01,2.174704e+01,2.174013e+01,2.176777e+01,2.182993e+01,2.172631e+01,2.181612e+01,2.191965e+01,2.177468e+01,2.170557e+01,2.167100e+01,2.174013e+01,2.170557e+01,2.168483e+01,2.162258e+01,2.176086e+01,2.178850e+01,2.171940e+01,2.182303e+01,2.191965e+01,2.187825e+01,2.182993e+01,2.172631e+01,2.180231e+01,2.165025e+01,2.174013e+01,2.152567e+01,2.170557e+01,2.176777e+01,2.178159e+01,2.189206e+01,2.187825e+01,2.190586e+01,2.196793e+01,2.185065e+01,2.182303e+01,2.187825e+01,2.189206e+01,2.187135e+01,2.187825e+01,2.189896e+01,2.188516e+01,2.189206e+01,2.182993e+01,2.185755e+01,2.193345e+01,2.192655e+01,2.187825e+01,2.195414e+01,2.183684e+01,2.179540e+01,2.182303e+01,2.187825e+01,2.180231e+01,2.182993e+01,2.174704e+01,2.165025e+01,2.162950e+01,2.167792e+01,2.169175e+01,2.167100e+01,2.183684e+01,2.181612e+01,2.191965e+01,2.184374e+01,2.201619e+01,2.201619e+01,2.189206e+01,2.204376e+01,2.200930e+01,2.202997e+01,2.202308e+01,2.207131e+01,2.202308e+01,2.206442e+01,2.211952e+01,2.201619e+01,2.212641e+01,2.200930e+01,2.192655e+01,2.196104e+01,2.190586e+01,2.203687e+01,2.205754e+01,2.195414e+01,2.202997e+01,2.203687e+01,2.197483e+01,2.202308e+01,2.194035e+01,2.189896e+01,2.198172e+01,2.196104e+01,2.194035e+01,2.192655e+01,2.191965e+01,2.193345e+01,2.189896e+01,2.190586e+01,2.191965e+01,2.191276e+01,2.190586e+01,2.185755e+01,2.189206e+01,2.189896e+01,2.189206e+01,2.191276e+01,2.180922e+01,2.182303e+01,2.187135e+01,2.182303e+01,2.182993e+01,2.173322e+01,2.182303e+01,2.188516e+01,2.186445e+01,2.177468e+01,2.179540e+01,2.180231e+01,2.169866e+01,2.172631e+01,2.165717e+01,2.161566e+01,2.162950e+01,2.153952e+01,2.149104e+01,2.140094e+01,2.135933e+01,2.133158e+01,2.131770e+01,2.145639e+01,2.159490e+01,2.160874e+01,2.162258e+01,2.160182e+01,2.162258e+01,2.158798e+01,2.175395e+01,2.163642e+01,2.162950e+01,2.164334e+01,2.160874e+01,2.146332e+01,2.157414e+01,2.161566e+01,2.160182e+01,2.163642e+01,2.158106e+01,2.162950e+01,2.152567e+01,2.154645e+01,2.156029e+01,2.156029e+01,2.159490e+01,2.156721e+01,2.171248e+01,2.167792e+01,2.169175e+01,2.169175e+01,2.185065e+01,2.189206e+01,2.186445e+01,2.194035e+01,2.187825e+01,2.182303e+01,2.198172e+01,2.194725e+01,2.195414e+01,2.189896e+01,2.185065e+01,2.186445e+01,2.194035e+01,2.199551e+01,2.196104e+01,2.187135e+01,2.187825e+01,2.192655e+01,2.192655e+01,2.190586e+01,2.191965e+01,2.188516e+01,2.180922e+01,2.180231e+01,2.179540e+01,2.181612e+01,2.181612e+01,2.155337e+01,2.199551e+01,2.177468e+01,2.179540e+01,2.178159e+01,2.191276e+01,2.187135e+01,2.186445e+01,2.190586e+01,2.185065e+01,2.185755e+01,2.180922e+01,2.200241e+01,2.199551e+01,2.183684e+01,2.188516e+01,2.198862e+01,2.189206e+01,2.184374e+01,2.183684e+01,2.185755e+01,2.178850e+01,2.176777e+01,2.174013e+01,2.171248e+01,2.161566e+01,2.156721e+01,2.157414e+01,2.165717e+01,2.165025e+01,2.153260e+01,2.156721e+01,2.153260e+01,2.143560e+01,2.144253e+01,2.140787e+01,2.140094e+01,2.126911e+01,2.126217e+01,2.125522e+01,2.136626e+01,2.151875e+01,2.168483e+01,2.172631e+01,2.159490e+01,2.166409e+01,2.171248e+01,2.169866e+01,2.162258e+01,2.156721e+01,2.165025e+01,2.142867e+01,2.156721e+01,2.145639e+01,2.134545e+01,2.151182e+01,2.151875e+01,2.141480e+01,2.150489e+01,2.153952e+01,2.149796e+01,2.158798e+01,2.149104e+01,2.148411e+01,2.156721e+01,2.165025e+01,2.159490e+01,2.148411e+01,2.165717e+01,2.162950e+01,2.149796e+01,2.160182e+01,2.153952e+01,2.151182e+01,2.158106e+01,2.149104e+01,2.160182e+01,2.150489e+01,2.160874e+01,2.150489e+01,2.156029e+01,2.147718e+01,2.158798e+01,2.159490e+01,2.158106e+01,2.153952e+01,2.149796e+01,2.135239e+01,2.140094e+01,2.156721e+01,2.138013e+01,2.157414e+01,2.158798e+01,2.156721e+01,2.147718e+01,2.149796e+01,2.155337e+01,2.157414e+01,2.156721e+01,2.160182e+01,2.153260e+01,2.152567e+01,2.161566e+01,2.152567e+01,2.156721e+01,2.151182e+01,2.153952e+01,2.151875e+01,2.149796e+01,2.143560e+01,2.144946e+01,2.135933e+01,2.137320e+01,2.142867e+01,2.145639e+01,2.156721e+01,2.135239e+01,2.128299e+01,2.138013e+01,2.133851e+01,2.132464e+01,2.133851e+01,2.139400e+01,2.130382e+01,2.167792e+01,2.167792e+01,2.177468e+01,2.168483e+01,2.195414e+01,2.165717e+01,2.167100e+01,2.188516e+01,2.149796e+01,2.169866e+01,2.170557e+01,2.172631e+01,2.165025e+01,2.174704e+01,2.165025e+01,2.148411e+01,2.146332e+01,2.149796e+01,2.135933e+01,2.161566e+01,2.169175e+01,2.172631e+01,2.160182e+01,2.171248e+01,2.153260e+01,2.158798e+01,2.160874e+01,2.180231e+01,2.165717e+01,2.171248e+01,2.163642e+01,2.169866e+01,2.185755e+01,2.162258e+01,2.169866e+01,2.175395e+01,2.171940e+01,2.164334e+01,2.155337e+01,2.169866e+01,2.161566e+01,2.157414e+01,2.165717e+01,2.156029e+01,2.159490e+01,2.153260e+01,2.153952e+01,2.150489e+01,2.149104e+01,2.146332e+01,2.147718e+01,2.161566e+01,2.141480e+01,2.138013e+01,2.135933e+01,2.153260e+01,2.151182e+01,2.142174e+01,2.133851e+01,2.145639e+01,2.149796e+01,2.142867e+01,2.149796e+01,2.136626e+01,2.142174e+01,2.158798e+01,2.145639e+01,2.135933e+01,2.149104e+01,2.144946e+01,2.145639e+01,2.144946e+01,2.147025e+01,2.147718e+01
2.188516e+01,2.187825e+01,2.179540e+01,2.198172e+01,2.180922e+01,2.201619e+01,2.181612e+01,2.191276e+01,2.195414e+01,2.185065e+01,2.188516e+01,2.198862e+01,2.194725e+01,2.193345e+01,2.196793e+01,2.200241e+01,2.200930e+01,2.214706e+01,2.207131e+01,2.205754e+01,2.209198e+01,2.209198e+01,2.205065e+01,2.193345e+01,2.196104e+01,2.203687e+01,2.192655e+01,2.199551e+01,2.194035e+01,2.205065e+01,2.195414e+01,2.200930e+01,2.196793e+01,2.193345e+01,2.194035e+01,2.191965e+01,2.196104e+01,2.193345e+01,2.191965e+01,2.186445e+01,2.203687e+01,2.189896e+01,2.202308e+01,2.204376e+01,2.198172e+01,2.204376e+01,2.189896e+01,2.202308e+01,2.212641e+01,2.200930e+01,2.204376e+01,2.200930e+01,2.200930e+01,2.206442e+01,2.199551e+01,2.206442e+01,2.196793e+01,2.190586e+01,2.191965e+01,2.205065e+01,2.202308e+01,2.216082e+01,2.174704e+01,2.214017e+01,2.211263e+01,2.206442e+01,2.209198e+01,2.212641e+01,2.211263e+01,2.204376e+01,2.202308e+01,2.200241e+01,2.195414e+01,2.200241e+01,2.200930e+01,2.194725e+01,2.199551e+01,2.195414e+01,2.216082e+01,2.200241e+01,2.214017e+01,2.200930e+01,2.205754e+01,2.206442e+01,2.200930e+01,2.202308e+01,2.211263e+01,2.211263e+01,2.206442e+01,2.178159e+01,2.188516e+01,2.144946e+01,2.109539e+01,2.110929e+01,2.115101e+01,2.095619e+01,2.113015e+01,2.113711e+01,2.108843e+01,2.119271e+01,2.124133e+01,2.124828e+01,2.122050e+01,2.124828e+01,2.135239e+01,2.137320e+01,2.134545e+01,2.125522e+01,2.135239e+01,2.134545e+01,2.126911e+01,2.137320e+01,2.121355e+01,2.108843e+01,2.098405e+01,2.110234e+01,2.106756e+01,2.105365e+01,2.124828e+01,2.128993e+01,2.124828e+01,2.129688e+01,2.126911e+01,2.125522e+01,2.157414e+01,2.124133e+01,2.119271e+01,2.122050e+01,2.119966e+01,2.124828e+01,2.124133e+01,2.126217e+01,2.125522e+01,2.117881e+01,2.115796e+01,2.117881e+01,2.127605e+01,2.117881e+01,2.114406e+01,2.122744e+01,2.119966e+01,2.124133e+01,2.101189e+01,2.119966e+01,2.103973e+01,2.103277e+01,2.107452e+01,2.095619e+01,2.083773e+01,2.087259e+01,2.068422e+01,2.074705e+01,2.067025e+01,2.049550e+01,2.046051e+01,2.049550e+01,2.032745e+01,2.033446e+01,2.055145e+01,2.062834e+01,2.065628e+01,2.083773e+01,2.081681e+01,2.098405e+01,2.099797e+01,2.106061e+01,2.115101e+01,2.108843e+01,2.114406e+01,2.107452e+01,2.092833e+01,2.108843e+01,2.130382e+01,2.099797e+01,2.091440e+01,2.106061e+01,2.089350e+01,2.098405e+01,2.089350e+01,2.086562e+01,2.090047e+01,2.067723e+01,2.089350e+01,2.092137e+01,2.095619e+01,2.090047e+01,2.115101e+01,2.154645e+01,2.188516e+01,2.201619e+01,2.181612e+01,2.196793e+01,2.179540e+01,2.202308e+01,2.188516e+01,2.194035e+01,2.179540e+01,2.183684e+01,2.180922e+01,2.186445e+01,2.189896e+01,2.188516e+01,2.176086e+01,2.172631e+01,2.160182e+01,2.156721e+01,2.162258e+01,2.165025e+01,2.175395e+01,2.149104e+01,2.165717e+01,2.172631e+01,2.171248e+01,2.176777e+01,2.189896e+01,2.185755e+01,2.190586e+01,2.184374e+01,2.184374e+01,2.189896e+01,2.185065e+01,2.180922e+01,2.194035e+01,2.178159e+01,2.198172e+01,2.196793e+01,2.180922e+01,2.181612e+01,2.178850e+01,2.180231e+01,2.188516e+01,2.188516e+01,2.191276e+01,2.178159e+01,2.191965e+01,2.172631e+01,2.171940e+01,2.187135e+01,2.168483e+01,2.169175e+01,2.176086e+01,2.171940e+01,2.171248e+01,2.179540e+01,2.175395e+01,2.155337e+01,2.166409e+01,2.168483e+01,2.176777e+01,2.182993e+01,2.185755e+01,2.183684e+01,2.188516e+01,2.181612e+01,2.185065e+01,2.183684e+01,2.187825e+01,2.180231e+01,2.176777e+01,2.187135e+01,2.177468e+01,2.174013e+01,2.182303e+01,2.176086e+01,2.174704e+01,2.170557e+01,2.165025e+01,2.159490e+01,2.154645e+01,2.165717e+01,2.162950e+01,2.172631e+01,2.184374e+01,2.171940e+01,2.169866e+01,2.180922e+01,2.185755e+01,2.174013e+01,2.184374e+01,2.167792e+01,2.169866e+01,2.169175e+01,2.185755e+01,2.176086e+01,2.175395e+01,2.176086e+01,2.182993e+01,2.201619e+01,2.174013e+01,2.209198e+01,2.188516e+01,2.198862e+01,2.194725e+01,2.186445e+01,2.185065e+01,2.193345e+01,2.180231e+01,2.192655e+01,2.193345e+01,2.191965e+01,2.182993e+01,2.189896e+01,2.190586e+01,2.196104e+01,2.190586e+01,2.182993e+01,2.189206e+01,2.185065e+01,2.191965e+01,2.180231e+01,2.177468e+01,2.180231e+01,2.169866e+01,2.167100e+01,2.165717e+01,2.162950e+01,2.165025e+01,2.171940e+01,2.174013e+01,2.183684e+01,2.177468e+01,2.185065e+01,2.199551e+01,2.201619e+01,2.191965e+01,2.186445e+01,2.205065e+01,2.209198e+01,2.189206e+01,2.198172e+01,2.205065e+01,2.195414e+01,2.201619e+01,2.214706e+01,2.196793e+01,2.194725e+01,2.194035e+01,2.188516e+01,2.192655e+01,2.200930e+01,2.191276e+01,2.195414e+01,2.196104e+01,2.191276e+01,2.198172e+01,2.191965e+01,2.202308e+01,2.194725e+01,2.196793e+01,2.194035e+01,2.187135e+01,2.192655e+01,2.190586e+01,2.189896e+01,2.198172e+01,2.191965e+01,2.193345e+01,2.192655e+01,2.191965e+01,2.189206e+01,2.187825e+01,2.189896e+01,2.178850e+01,2.202308e+01,2.186445e+01,2.183684e+01,2.176086e+01,2.178159e+01,2.183684e+01,2.182993e+01,2.180922e+01,2.180231e+01,2.185755e+01,2.177468e+01,2.180922e+01,2.172631e+01,2.160874e+01,2.153952e+01,2.157414e+01,2.155337e+01,2.152567e+01,2.145639e+01,2.153952e+01,2.135933e+01,2.129688e+01,2.132464e+01,2.158798e+01,2.145639e+01,2.166409e+01,2.160874e+01,2.154645e+01,2.161566e+01,2.152567e+01,2.163642e+01,2.167792e+01,2.164334e+01,2.168483e+01,2.168483e+01,2.152567e+01,2.160182e+01,2.169175e+01,2.142867e+01,2.162258e+01,2.159490e+01,2.154645e+01,2.163642e+01,2.151182e+01,2.154645e+01,2.148411e+01,2.164334e+01,2.152567e+01,2.158798e+01,2.174704e+01,2.169866e+01,2.169866e+01,2.173322e+01,2.182303e+01,2.179540e+01,2.187825e+01,2.189206e+01,2.186445e+01,2.185065e+01,2.194725e+01,2.188516e+01,2.197483e+01,2.191276e+01,2.179540e+01,2.206442e+01,2.185755e+01,2.187135e+01,2.194725e+01,2.183684e+01,2.189896e+01,2.196793e+01,2.191276e+01,2.184374e+01,2.191276e+01,2.175395e+01,2.179540e+01,2.183684e+01,2.182303e+01,2.182303e+01,2.178850e+01,2.176086e+01,2.180922e+01,2.179540e+01,2.182303e+01,2.172631e+01,2.187135e+01,2.187825e+01,2.191276e+01,2.183684e+01,2.182303e+01,2.186445e+01,2.198862e+01,2.202308e+01,2.182993e+01,2.185065e+01,2.184374e+01,2.183684e+01,2.180231e+01,2.181612e+01,2.189896e+01,2.178850e+01,2.176086e+01,2.174013e+01,2.167100e+01,2.163642e+01,2.166409e+01,2.177468e+01,2.152567e+01,2.164334e+01,2.156029e+01,2.160182e+01,2.158106e+01,2.149104e+01,2.138707e+01,2.147718e+01,2.134545e+01,2.140787e+01,2.147025e+01,2.123439e+01,2.165025e+01,2.152567e+01,2.172631e+01,2.169866e+01,2.170557e+01,2.175395e+01,2.172631e+01,2.161566e+01,2.163642e+01,2.163642e+01,2.160182e+01,2.159490e+01,2.162950e+01,2.157414e+01,2.153260e+01,2.153952e+01,2.151182e+01,2.153952e+01,2.154645e+01,2.155337e+01,2.156029e+01,2.159490e+01,2.155337e+01,2.151182e+01,2.165025e+01,2.159490e+01,2.142867e+01,2.142174e+01,2.168483e+01,2.143560e+01,2.159490e+01,2.159490e+01,2.153952e+01,2.170557e+01,2.158798e+01,2.163642e+01,2.146332e+01,2.162950e+01,2.147718e+01,2.167100e+01,2.158798e+01,2.155337e+01,2.158106e+01,2.156721e+01,2.160874e+01,2.149104e+01,2.148411e+01,2.144946e+01,2.146332e+01,2.139400e+01,2.153260e+01,2.158106e+01,2.156029e+01,2.157414e+01,2.143560e+01,2.156721e+01,2.151875e+01,2.161566e+01,2.152567e+01,2.154645e+01,2.151182e+01,2.153952e+01,2.151875e+01,2.149104e+01,2.165717e+01,2.150489e+01,2.156029e+01,2.155337e+01,2.142867e+01,2.144946e+01,2.142174e+01,2.156029e+01,2.147025e+01,2.138013e+01,2.138707e+01,2.145639e+01,2.142867e+01,2.147718e+01,2.133158e+01,2.142867e+01,2.129688e+01,2.128299e+01,2.139400e+01,2.141480e+01,2.156029e+01,2.176777e+01,2.166409e+01,2.169866e+01,2.144946e+01,2.165717e+01,2.164334e+01,2.152567e+01,2.165025e+01,2.165717e+01,2.146332e+01,2.144253e+01,2.138707e+01,2.144253e+01,2.133158e+01,2.156029e+01,2.129688e+01,2.136626e+01,2.144946e+01,2.153952e+01,2.145639e+01,2.160874e+01,2.160182e+01,2.154645e+01,2.156721e+01,2.158798e+01,2.154645e+01,2.160874e+01,2.168483e+01,2.167100e+01,2.175395e+01,2.174013e+01,2.162258e+01,2.160874e+01,2.161566e+01,2.165717e+01,2.175395e+01,2.169175e+01,2.148411e+01,2.153260e+01,2.162258e+01,2.158106e+01,2.162258e+01,2.156029e+01,2.151182e+01,2.158798e+01,2.157414e+01,2.149796e+01,2.148411e+01,2.152567e+01,2.162950e+01,2.134545e+01,2.147025e+01,2.138707e+01,2.147025e+01,2.151875e+01,2.139400e+01,2.139400e+01,2.143560e+01,2.148411e+01,2.145639e+01,2.153260e+01,2.139400e+01,2.154645e+01,2.132464e+01,2.135933e+01,2.141480e+01,2.160182e+01,2.142867e+01,2.140094e+01,2.136626e+01,2.163642e+01,2.151182e+01,2.149104e+01
2.198862e+01,2.180231e+01,2.176086e+01,2.187825e+01,2.185065e+01,2.176086e+01,2.188516e+01,2.189206e+01,2.169866e+01,2.191965e+01,2.194035e+01,2.205754e+01,2.179540e+01,2.192655e+01,2.191276e+01,2.191276e+01,2.194725e+01,2.195414e+01,2.211263e+01,2.194035e+01,2.198862e+01,2.207131e+01,2.193345e+01,2.189896e+01,2.185755e+01,2.200930e+01,2.202997e+01,2.196104e+01,2.203687e+01,2.204376e+01,2.196104e+01,2.195414e+01,2.194035e+01,2.198172e+01,2.193345e+01,2.180922e+01,2.206442e+01,2.193345e+01,2.199551e+01,2.187135e+01,2.170557e+01,2.191965e+01,2.201619e+01,2.189896e+01,2.205065e+01,2.192655e+01,2.190586e+01,2.205754e+01,2.189206e+01,2.193345e+01,2.195414e+01,2.204376e+01,2.200241e+01,2.198862e+01,2.200930e+01,2.213329e+01,2.197483e+01,2.195414e+01,2.191276e+01,2.190586e+01,2.213329e+01,2.195414e+01,2.209886e+01,2.195414e+01,2.194035e+01,2.194035e+01,2.196104e+01,2.209886e+01,2.207820e+01,2.204376e+01,2.201619e+01,2.202308e+01,2.205065e+01,2.216771e+01,2.207820e+01,2.196104e+01,2.197483e+01,2.198862e+01,2.195414e+01,2.197483e+01,2.198172e+01,2.199551e+01,2.206442e+01,2.206442e+01,2.199551e+01,2.207820e+01,2.207820e+01,2.198862e+01,2.198172e+01,2.199551e+01,2.196104e+01,2.149796e+01,2.127605e+01,2.111625e+01,2.119271e+01,2.113711e+01,2.110929e+01,2.122744e+01,2.112320e+01,2.119271e+01,2.116491e+01,2.126911e+01,2.132464e+01,2.125522e+01,2.138707e+01,2.177468e+01,2.176086e+01,2.174013e+01,2.174704e+01,2.160874e+01,2.165025e+01,2.128299e+01,2.120660e+01,2.099101e+01,2.103277e+01,2.095619e+01,2.112320e+01,2.112320e+01,2.106061e+01,2.121355e+01,2.122744e+01,2.121355e+01,2.113015e+01,2.120660e+01,2.109539e+01,2.115796e+01,2.116491e+01,2.125522e+01,2.117881e+01,2.113015e+01,2.119271e+01,2.124133e+01,2.118576e+01,2.115796e+01,2.108843e+01,2.120660e+01,2.115101e+01,2.115796e+01,2.122050e+01,2.119271e+01,2.115101e+01,2.111625e+01,2.100493e+01,2.098405e+01,2.102581e+01,2.094923e+01,2.101189e+01,2.074007e+01,2.069120e+01,2.071913e+01,2.064231e+01,2.063532e+01,2.058641e+01,2.054446e+01,2.040450e+01,2.029941e+01,2.048150e+01,2.031343e+01,2.050949e+01,2.058641e+01,2.065628e+01,2.062135e+01,2.066327e+01,2.079589e+01,2.090743e+01,2.097709e+01,2.103973e+01,2.106756e+01,2.118576e+01,2.108148e+01,2.112320e+01,2.106756e+01,2.109539e+01,2.106756e+01,2.100493e+01,2.097012e+01,2.098405e+01,2.090047e+01,2.087259e+01,2.097709e+01,2.067025e+01,2.082378e+01,2.085865e+01,2.085168e+01,2.068422e+01,2.086562e+01,2.118576e+01,2.183684e+01,2.188516e+01,2.198862e+01,2.205065e+01,2.196104e+01,2.191965e+01,2.209886e+01,2.189896e+01,2.176086e+01,2.189896e+01,2.188516e+01,2.181612e+01,2.182993e+01,2.178850e+01,2.176777e+01,2.178850e+01,2.167100e+01,2.166409e+01,2.170557e+01,2.168483e+01,2.163642e+01,2.176777e+01,2.163642e+01,2.162258e+01,2.167100e+01,2.176086e+01,2.180922e+01,2.173322e+01,2.187135e+01,2.178850e+01,2.200930e+01,2.180922e+01,2.183684e+01,2.182993e+01,2.190586e+01,2.187825e+01,2.183684e+01,2.178850e+01,2.198862e+01,2.180231e+01,2.198862e+01,2.173322e+01,2.178159e+01,2.176777e+01,2.180922e+01,2.184374e+01,2.175395e+01,2.194725e+01,2.169866e+01,2.170557e+01,2.170557e+01,2.177468e+01,2.170557e+01,2.176086e+01,2.167100e+01,2.173322e+01,2.169175e+01,2.176086e+01,2.175395e+01,2.167100e+01,2.162258e+01,2.171248e+01,2.176086e+01,2.182303e+01,2.178159e+01,2.186445e+01,2.156029e+01,2.180922e+01,2.181612e+01,2.187135e+01,2.186445e+01,2.174704e+01,2.183684e+01,2.185065e+01,2.180231e+01,2.180231e+01,2.179540e+01,2.182303e+01,2.179540e+01,2.168483e+01,2.151182e+01,2.154645e+01,2.169866e+01,2.164334e+01,2.166409e+01,2.167100e+01,2.176777e+01,2.188516e+01,2.198172e+01,2.176086e+01,2.176086e+01,2.180922e+01,2.177468e+01,2.168483e+01,2.178159e+01,2.171940e+01,2.167792e+01,2.178850e+01,2.178850e+01,2.185755e+01,2.205754e+01,2.180922e+01,2.187135e+01,2.190586e+01,2.191276e+01,2.172631e+01,2.183684e+01,2.187825e+01,2.187825e+01,2.185755e+01,2.178159e+01,2.186445e+01,2.184374e+01,2.184374e+01,2.191276e+01,2.183684e+01,2.189896e+01,2.185755e+01,2.190586e+01,2.183684e+01,2.189896e+01,2.181612e+01,2.196104e+01,2.180922e+01,2.192655e+01,2.179540e+01,2.166409e+01,2.164334e+01,2.161566e+01,2.161566e+01,2.162950e+01,2.162258e+01,2.184374e+01,2.183684e+01,2.180231e+01,2.182993e+01,2.189206e+01,2.190586e+01,2.192655e+01,2.191276e+01,2.191276e+01,2.187135e+01,2.194725e+01,2.192655e+01,2.185755e+01,2.199551e+01,2.197483e+01,2.194725e+01,2.191965e+01,2.192655e+01,2.191965e+01,2.194035e+01,2.203687e+01,2.191276e+01,2.191965e+01,2.193345e+01,2.198172e+01,2.199551e+01,2.190586e+01,2.191965e+01,2.183684e+01,2.194725e+01,2.196104e+01,2.194725e+01,2.189206e+01,2.190586e+01,2.194035e+01,2.190586e+01,2.190586e+01,2.197483e+01,2.188516e+01,2.192655e+01,2.191965e+01,2.182303e+01,2.186445e+01,2.196104e+01,2.191276e+01,2.190586e+01,2.180231e+01,2.182303e+01,2.187135e+01,2.184374e+01,2.178850e+01,2.191276e+01,2.181612e+01,2.179540e+01,2.178159e+01,2.180922e+01,2.176086e+01,2.165025e+01,2.158798e+01,2.152567e+01,2.150489e+01,2.139400e+01,2.133851e+01,2.158798e+01,2.130382e+01,2.133851e+01,2.158798e+01,2.150489e+01,2.165717e+01,2.163642e+01,2.165025e+01,2.165717e+01,2.171248e+01,2.162258e+01,2.164334e+01,2.165717e+01,2.165025e+01,2.162950e+01,2.163642e+01,2.162950e+01,2.151875e+01,2.158798e+01,2.160874e+01,2.138013e+01,2.146332e+01,2.158106e+01,2.157414e+01,2.156721e+01,2.151182e+01,2.154645e+01,2.154645e+01,2.149104e+01,2.158798e+01,2.165717e+01,2.161566e+01,2.169866e+01,2.186445e+01,2.171248e+01,2.182993e+01,2.182303e+01,2.182993e+01,2.191276e+01,2.190586e+01,2.188516e+01,2.190586e+01,2.194035e+01,2.181612e+01,2.185755e+01,2.182303e+01,2.178159e+01,2.184374e+01,2.182993e+01,2.192655e+01,2.191965e+01,2.182993e+01,2.190586e+01,2.180922e+01,2.167792e+01,2.185065e+01,2.180922e+01,2.179540e+01,2.185755e+01,2.180922e+01,2.182303e+01,2.178850e+01,2.185065e+01,2.180922e+01,2.187825e+01,2.182993e+01,2.179540e+01,2.174013e+01,2.178850e+01,2.186445e+01,2.183684e+01,2.184374e+01,2.174704e+01,2.196104e+01,2.180922e+01,2.187825e+01,2.178159e+01,2.183684e+01,2.176086e+01,2.187135e+01,2.178850e+01,2.167792e+01,2.177468e+01,2.181612e+01,2.168483e+01,2.169175e+01,2.168483e+01,2.165717e+01,2.161566e+01,2.158798e+01,2.157414e+01,2.154645e+01,2.153952e+01,2.153952e+01,2.147718e+01,2.128993e+01,2.126217e+01,2.127605e+01,2.123439e+01,2.135933e+01,2.163642e+01,2.163642e+01,2.162258e+01,2.189206e+01,2.172631e+01,2.171248e+01,2.138013e+01,2.158106e+01,2.151875e+01,2.131770e+01,2.152567e+01,2.156721e+01,2.162258e+01,2.155337e+01,2.156721e+01,2.154645e+01,2.155337e+01,2.151875e+01,2.160182e+01,2.150489e+01,2.144253e+01,2.147025e+01,2.155337e+01,2.158798e+01,2.162950e+01,2.165717e+01,2.151875e+01,2.149796e+01,2.165025e+01,2.169866e+01,2.161566e+01,2.150489e+01,2.155337e+01,2.153260e+01,2.142867e+01,2.163642e+01,2.160874e+01,2.148411e+01,2.147025e+01,2.170557e+01,2.149796e+01,2.148411e+01,2.158106e+01,2.149104e+01,2.151182e+01,2.148411e+01,2.148411e+01,2.149104e+01,2.147718e+01,2.139400e+01,2.144946e+01,2.138707e+01,2.153952e+01,2.144253e+01,2.142867e+01,2.155337e+01,2.154645e+01,2.151182e+01,2.158106e+01,2.151182e+01,2.151875e+01,2.153260e+01,2.153952e+01,2.153260e+01,2.148411e+01,2.153260e+01,2.134545e+01,2.117881e+01,2.147025e+01,2.147025e+01,2.139400e+01,2.148411e+01,2.140094e+01,2.122744e+01,2.128299e+01,2.133158e+01,2.146332e+01,2.150489e+01,2.135239e+01,2.135239e+01,2.129688e+01,2.127605e+01,2.142867e+01,2.137320e+01,2.147025e+01,2.148411e+01,2.142174e+01,2.148411e+01,2.140094e+01,2.133851e+01,2.146332e+01,2.145639e+01,2.124828e+01,2.149104e+01,2.134545e+01,2.145639e+01,2.128299e+01,2.130382e+01,2.120660e+01,2.142174e+01,2.130382e+01,2.136626e+01,2.129688e+01,2.130382e+01,2.134545e+01,2.137320e+01,2.147025e+01,2.156721e+01,2.161566e+01,2.156721e+01,2.156029e+01,2.158106e+01,2.161566e+01,2.165025e+01,2.158798e+01,2.161566e+01,2.151875e+01,2.165717e+01,2.157414e+01,2.165717e+01,2.170557e+01,2.154645e+01,2.168483e+01,2.175395e+01,2.153260e+01,2.152567e+01,2.160874e+01,2.155337e+01,2.156721e+01,2.155337e+01,2.156721e+01,2.165717e+01,2.144253e+01,2.144946e+01,2.160182e+01,2.149104e+01,2.152567e+01,2.152567e+01,2.144946e+01,2.150489e+01,2.140094e+01,2.150489e+01,2.141480e+01,2.149104e+01,2.145639e+01,2.146332e+01,2.146332e+01,2.135933e+01,2.144253e+01,2.141480e+01,2.160874e+01,2.146332e+01,2.135933e+01,2.135933e+01,2.153260e+01,2.133851e+01,2.147718e+01,2.152567e+01
2.180231e+01,2.178159e+01,2.165717e+01,2.183684e+01,2.187135e+01,2.183684e+01,2.188516e+01,2.191965e+01,2.190586e+01,2.189896e+01,2.213329e+01,2.195414e+01,2.194725e+01,2.191965e+01,2.196793e+01,2.194725e+01,2.200241e+01,2.202308e+01,2.198862e+01,2.195414e+01,2.196104e+01,2.200241e+01,2.191965e+01,2.199551e+01,2.196104e+01,2.191276e+01,2.197483e+01,2.202308e+01,2.193345e+01,2.198172e+01,2.201619e+01,2.195414e+01,2.196104e+01,2.200241e+01,2.194035e+01,2.195414e+01,2.213329e+01,2.184374e+01,2.185755e+01,2.217459e+01,2.202308e+01,2.183684e+01,2.202308e+01,2.191965e+01,2.191276e+01,2.191276e+01,2.201619e+01,2.206442e+01,2.192655e+01,2.191965e+01,2.193345e+01,2.201619e+01,2.196104e+01,2.198862e+01,2.179540e+01,2.220211e+01,2.191965e+01,2.190586e+01,2.199551e+01,2.191276e+01,2.200930e+01,2.198862e+01,2.207131e+01,2.194035e+01,2.214706e+01,2.195414e+01,2.194725e+01,2.196793e+01,2.202308e+01,2.200930e+01,2.202997e+01,2.201619e+01,2.203687e+01,2.200930e+01,2.204376e+01,2.195414e+01,2.201619e+01,2.201619e+01,2.208509e+01,2.202997e+01,2.204376e+01,2.205065e+01,2.196104e+01,2.198862e+01,2.198862e+01,2.204376e+01,2.198172e+01,2.198862e+01,2.197483e+01,2.195414e+01,2.190586e+01,2.187825e+01,2.149104e+01,2.130382e+01,2.138707e+01,2.134545e+01,2.138013e+01,2.131076e+01,2.151875e+01,2.140787e+01,2.182303e+01,2.163642e+01,2.183684e+01,2.196793e+01,2.182303e+01,2.184374e+01,2.178850e+01,2.182993e+01,2.201619e+01,2.171940e+01,2.176777e+01,2.148411e+01,2.129688e+01,2.140787e+01,2.098405e+01,2.120660e+01,2.106061e+01,2.108843e+01,2.126911e+01,2.115101e+01,2.107452e+01,2.119271e+01,2.120660e+01,2.130382e+01,2.121355e+01,2.117881e+01,2.117881e+01,2.115101e+01,2.115101e+01,2.110234e+01,2.113015e+01,2.113015e+01,2.123439e+01,2.112320e+01,2.111625e+01,2.114406e+01,2.111625e+01,2.119966e+01,2.113711e+01,2.113711e+01,2.111625e+01,2.086562e+01,2.099101e+01,2.101189e+01,2.099101e+01,2.101189e+01,2.099101e+01,2.073309e+01,2.083076e+01,2.103277e+01,2.076798e+01,2.076798e+01,2.074705e+01,2.050249e+01,2.069818e+01,2.048150e+01,2.048150e+01,2.051648e+01,2.055844e+01,2.062834e+01,2.077496e+01,2.064930e+01,2.082378e+01,2.085865e+01,2.095619e+01,2.103973e+01,2.103973e+01,2.106061e+01,2.109539e+01,2.131770e+01,2.103277e+01,2.103973e+01,2.107452e+01,2.101885e+01,2.113711e+01,2.102581e+01,2.113711e+01,2.097709e+01,2.094226e+01,2.086562e+01,2.076798e+01,2.087956e+01,2.094226e+01,2.087956e+01,2.088653e+01,2.097709e+01,2.154645e+01,2.182993e+01,2.187135e+01,2.191965e+01,2.194035e+01,2.187135e+01,2.198862e+01,2.189896e+01,2.191276e+01,2.172631e+01,2.179540e+01,2.189206e+01,2.178159e+01,2.180922e+01,2.182993e+01,2.191965e+01,2.178159e+01,2.168483e+01,2.172631e+01,2.167792e+01,2.167792e+01,2.160874e+01,2.165025e+01,2.169175e+01,2.174704e+01,2.169175e+01,2.170557e+01,2.169175e+01,2.177468e+01,2.185065e+01,2.182303e+01,2.179540e+01,2.189206e+01,2.185755e+01,2.192655e+01,2.194035e+01,2.189896e+01,2.174704e+01,2.180922e+01,2.178159e+01,2.177468e+01,2.178850e+01,2.177468e+01,2.178159e+01,2.177468e+01,2.177468e+01,2.179540e+01,2.169175e+01,2.176777e+01,2.178159e+01,2.176777e+01,2.174704e+01,2.187135e+01,2.178850e+01,2.169175e+01,2.178159e+01,2.167100e+01,2.148411e+01,2.169866e+01,2.168483e+01,2.170557e+01,2.170557e+01,2.166409e+01,2.178850e+01,2.172631e+01,2.176777e+01,2.183684e+01,2.164334e+01,2.185755e+01,2.176777e+01,2.187825e+01,2.186445e+01,2.187135e+01,2.175395e+01,2.175395e+01,2.177468e+01,2.184374e+01,2.173322e+01,2.179540e+01,2.183684e+01,2.171248e+01,2.166409e+01,2.151875e+01,2.163642e+01,2.182993e+01,2.177468e+01,2.176086e+01,2.177468e+01,2.189896e+01,2.194035e+01,2.187135e+01,2.168483e+01,2.188516e+01,2.182303e+01,2.181612e+01,2.176777e+01,2.181612e+01,2.169175e+01,2.161566e+01,2.165717e+01,2.181612e+01,2.185755e+01,2.178850e+01,2.204376e+01,2.179540e+01,2.178850e+01,2.182993e+01,2.181612e+01,2.200241e+01,2.186445e+01,2.180231e+01,2.198862e+01,2.185065e+01,2.181612e+01,2.193345e+01,2.191965e+01,2.191965e+01,2.185755e+01,2.185065e+01,2.185755e+01,2.182303e+01,2.195414e+01,2.182303e+01,2.185755e+01,2.174013e+01,2.178850e+01,2.182303e+01,2.165025e+01,2.178850e+01,2.163642e+01,2.161566e+01,2.169175e+01,2.161566e+01,2.167792e+01,2.183684e+01,2.185755e+01,2.191965e+01,2.174704e+01,2.190586e+01,2.188516e+01,2.185065e+01,2.185755e+01,2.188516e+01,2.185065e+01,2.191965e+01,2.198862e+01,2.198172e+01,2.192655e+01,2.176086e+01,2.193345e+01,2.193345e+01,2.194725e+01,2.222275e+01,2.190586e+01,2.200241e+01,2.196793e+01,2.194035e+01,2.196104e+01,2.194725e+01,2.191276e+01,2.185755e+01,2.192655e+01,2.194725e+01,2.194725e+01,2.195414e+01,2.192655e+01,2.193345e+01,2.191965e+01,2.199551e+01,2.190586e+01,2.191276e+01,2.195414e+01,2.188516e+01,2.197483e+01,2.198862e+01,2.187135e+01,2.178159e+01,2.200930e+01,2.176086e+01,2.185065e+01,2.176777e+01,2.184374e+01,2.189896e+01,2.193345e+01,2.184374e+01,2.182303e+01,2.180231e+01,2.177468e+01,2.177468e+01,2.178850e+01,2.167792e+01,2.165025e+01,2.159490e+01,2.142867e+01,2.151182e+01,2.135239e+01,2.143560e+01,2.137320e+01,2.159490e+01,2.161566e+01,2.162950e+01,2.163642e+01,2.162950e+01,2.168483e+01,2.161566e+01,2.151875e+01,2.171940e+01,2.173322e+01,2.167792e+01,2.165717e+01,2.168483e+01,2.163642e+01,2.167792e+01,2.149796e+01,2.160874e+01,2.162950e+01,2.160874e+01,2.158798e+01,2.158798e+01,2.153260e+01,2.153260e+01,2.145639e+01,2.150489e+01,2.157414e+01,2.156721e+01,2.162258e+01,2.167100e+01,2.162950e+01,2.160874e+01,2.171940e+01,2.167792e+01,2.170557e+01,2.180922e+01,2.185065e+01,2.180922e+01,2.198172e+01,2.183684e+01,2.198172e+01,2.191276e+01,2.190586e+01,2.187135e+01,2.180922e+01,2.188516e+01,2.178850e+01,2.180922e+01,2.194035e+01,2.187825e+01,2.178159e+01,2.183684e+01,2.192655e+01,2.187825e+01,2.190586e+01,2.187135e+01,2.174013e+01,2.183684e+01,2.175395e+01,2.194035e+01,2.182993e+01,2.189896e+01,2.177468e+01,2.188516e+01,2.186445e+01,2.185065e+01,2.173322e+01,2.186445e+01,2.188516e+01,2.176086e+01,2.197483e+01,2.194725e+01,2.196104e+01,2.194725e+01,2.178159e+01,2.180231e+01,2.184374e+01,2.188516e+01,2.179540e+01,2.187825e+01,2.182993e+01,2.180922e+01,2.185065e+01,2.180231e+01,2.182303e+01,2.166409e+01,2.162950e+01,2.165717e+01,2.142867e+01,2.160182e+01,2.160182e+01,2.152567e+01,2.143560e+01,2.128993e+01,2.126911e+01,2.128993e+01,2.122050e+01,2.126217e+01,2.131770e+01,2.162258e+01,2.160874e+01,2.174704e+01,2.164334e+01,2.169175e+01,2.162258e+01,2.170557e+01,2.168483e+01,2.153952e+01,2.163642e+01,2.156721e+01,2.146332e+01,2.164334e+01,2.153260e+01,2.159490e+01,2.158798e+01,2.145639e+01,2.158798e+01,2.159490e+01,2.159490e+01,2.158798e+01,2.162950e+01,2.158798e+01,2.163642e+01,2.152567e+01,2.156029e+01,2.165717e+01,2.162258e+01,2.160874e+01,2.163642e+01,2.155337e+01,2.160182e+01,2.151182e+01,2.160182e+01,2.149104e+01,2.165025e+01,2.164334e+01,2.165717e+01,2.158106e+01,2.156029e+01,2.154645e+01,2.154645e+01,2.154645e+01,2.158798e+01,2.154645e+01,2.150489e+01,2.147718e+01,2.151182e+01,2.148411e+01,2.149104e+01,2.155337e+01,2.156721e+01,2.144253e+01,2.152567e+01,2.148411e+01,2.149104e+01,2.150489e+01,2.152567e+01,2.150489e+01,2.158798e+01,2.153952e+01,2.155337e+01,2.153952e+01,2.156721e+01,2.156029e+01,2.156029e+01,2.138013e+01,2.142174e+01,2.147025e+01,2.133851e+01,2.149796e+01,2.137320e+01,2.146332e+01,2.147718e+01,2.140094e+01,2.136626e+01,2.138013e+01,2.153260e+01,2.123439e+01,2.133158e+01,2.138013e+01,2.140094e+01,2.138707e+01,2.136626e+01,2.142867e+01,2.138013e+01,2.135239e+01,2.141480e+01,2.140787e+01,2.141480e+01,2.144253e+01,2.136626e+01,2.141480e+01,2.142867e+01,2.144253e+01,2.125522e+01,2.125522e+01,2.126217e+01,2.137320e+01,2.133851e+01,2.117186e+01,2.132464e+01,2.116491e+01,2.133158e+01,2.118576e+01,2.124133e+01,2.133158e+01,2.130382e+01,2.146332e+01,2.153260e+01,2.158106e+01,2.162950e+01,2.158106e+01,2.162950e+01,2.154645e+01,2.163642e+01,2.162258e+01,2.169866e+01,2.164334e+01,2.162258e+01,2.157414e+01,2.158798e+01,2.153260e+01,2.158798e+01,2.159490e+01,2.162258e+01,2.170557e+01,2.149104e+01,2.158798e+01,2.153952e+01,2.158106e+01,2.145639e+01,2.158798e+01,2.142174e+01,2.146332e+01,2.153260e+01,2.148411e+01,2.141480e+01,2.155337e+01,2.151182e+01,2.142867e+01,2.142174e+01,2.143560e+01,2.140787e+01,2.123439e+01,2.135239e+01,2.138013e+01,2.138707e+01,2.136626e+01,2.133158e+01,2.143560e+01,2.140787e+01,2.138013e+01,2.126911e+01,2.132464e+01,2.151875e+01,2.147025e+01,2.135239e+01
2.182303e+01,2.174704e+01,2.185065e+01,2.187825e+01,2.189206e+01,2.174704e+01,2.173322e+01,2.172631e+01,2.188516e+01,2.176086e+01,2.191965e+01,2.178159e+01,2.186445e+01,2.203687e+01,2.186445e+01,2.200241e+01,2.187135e+01,2.189206e+01,2.190586e+01,2.194035e+01,2.187825e+01,2.191965e+01,2.200930e+01,2.176777e+01,2.185065e+01,2.184374e+01,2.197483e+01,2.194725e+01,2.200930e+01,2.210575e+01,2.198172e+01,2.198862e+01,2.201619e+01,2.194035e+01,2.188516e+01,2.196104e+01,2.185755e+01,2.185065e+01,2.185755e+01,2.190586e+01,2.189896e+01,2.207820e+01,2.180922e+01,2.176777e+01,2.200241e+01,2.205754e+01,2.189206e+01,2.184374e+01,2.192655e+01,2.187135e+01,2.201619e+01,2.198172e+01,2.199551e+01,2.198862e+01,2.193345e+01,2.196104e+01,2.192655e+01,2.165717e+01,2.200241e+01,2.200930e+01,2.202997e+01,2.189896e+01,2.194035e+01,2.205065e+01,2.197483e+01,2.192655e+01,2.198172e+01,2.209886e+01,2.204376e+01,2.202308e+01,2.200241e+01,2.199551e+01,2.204376e+01,2.204376e+01,2.203687e+01,2.189206e+01,2.187825e+01,2.205754e+01,2.211952e+01,2.213329e+01,2.203687e+01,2.200241e+01,2.205065e+01,2.201619e+01,2.207131e+01,2.205065e+01,2.198172e+01,2.202997e+01,2.191965e+01,2.198862e+01,2.194725e+01,2.192655e+01,2.196104e+01,2.189206e+01,2.190586e+01,2.195414e+01,2.187135e+01,2.182993e+01,2.189206e+01,2.192655e+01,2.189896e+01,2.195414e+01,2.196104e+01,2.201619e+01,2.196793e+01,2.200241e+01,2.202997e+01,2.199551e+01,2.187825e+01,2.186445e+01,2.191276e+01,2.187825e+01,2.189206e+01,2.167100e+01,2.166409e+01,2.168483e+01,2.167100e+01,2.154645e+01,2.134545e+01,2.149796e+01,2.144253e+01,2.140787e+01,2.119966e+01,2.119271e+01,2.123439e+01,2.112320e+01,2.115101e+01,2.106061e+01,2.105365e+01,2.097709e+01,2.087259e+01,2.108843e+01,2.117186e+01,2.109539e+01,2.111625e+01,2.111625e+01,2.097012e+01,2.094226e+01,2.114406e+01,2.105365e+01,2.117186e+01,2.094226e+01,2.095619e+01,2.097012e+01,2.088653e+01,2.092137e+01,2.083773e+01,2.073309e+01,2.087259e+01,2.085865e+01,2.066327e+01,2.073309e+01,2.074007e+01,2.074705e+01,2.057942e+01,2.071913e+01,2.051648e+01,2.057942e+01,2.071215e+01,2.070517e+01,2.078891e+01,2.085168e+01,2.080286e+01,2.084470e+01,2.103973e+01,2.097709e+01,2.110929e+01,2.108843e+01,2.116491e+01,2.122050e+01,2.112320e+01,2.108843e+01,2.116491e+01,2.115796e+01,2.110929e+01,2.114406e+01,2.110234e+01,2.097012e+01,2.090047e+01,2.100493e+01,2.103277e+01,2.099101e+01,2.097709e+01,2.101885e+01,2.108148e+01,2.149104e+01,2.180231e+01,2.189206e+01,2.190586e+01,2.193345e+01,2.194035e+01,2.192655e+01,2.191276e+01,2.191276e+01,2.191276e+01,2.188516e+01,2.190586e+01,2.176777e+01,2.187825e+01,2.187825e+01,2.182993e+01,2.165717e+01,2.176777e+01,2.173322e+01,2.164334e+01,2.158798e+01,2.164334e+01,2.160182e+01,2.163642e+01,2.171248e+01,2.168483e+01,2.167792e+01,2.181612e+01,2.176086e+01,2.191276e+01,2.189896e+01,2.179540e+01,2.197483e+01,2.187135e+01,2.186445e+01,2.173322e+01,2.186445e+01,2.186445e+01,2.189206e+01,2.188516e+01,2.202997e+01,2.175395e+01,2.182993e+01,2.174013e+01,2.176777e+01,2.180922e+01,2.165717e+01,2.168483e+01,2.176086e+01,2.170557e+01,2.160182e+01,2.177468e+01,2.179540e+01,2.189896e+01,2.178850e+01,2.173322e+01,2.174013e+01,2.171248e+01,2.180231e+01,2.170557e+01,2.169866e+01,2.153260e+01,2.176086e+01,2.178159e+01,2.183684e+01,2.169866e+01,2.181612e+01,2.160874e+01,2.179540e+01,2.184374e+01,2.179540e+01,2.185755e+01,2.176086e+01,2.175395e+01,2.186445e+01,2.180922e+01,2.181612e+01,2.174013e+01,2.174704e+01,2.180231e+01,2.171940e+01,2.164334e+01,2.154645e+01,2.168483e+01,2.172631e+01,2.179540e+01,2.168483e+01,2.182303e+01,2.187825e+01,2.198172e+01,2.187135e+01,2.190586e+01,2.180231e+01,2.189206e+01,2.184374e+01,2.185065e+01,2.183684e+01,2.180922e+01,2.165717e+01,2.169866e+01,2.167100e+01,2.162258e+01,2.164334e+01,2.180922e+01,2.178159e+01,2.193345e+01,2.189896e+01,2.184374e+01,2.205065e+01,2.197483e+01,2.199551e+01,2.198862e+01,2.200930e+01,2.193345e+01,2.186445e+01,2.187825e+01,2.189206e+01,2.187135e+01,2.195414e+01,2.184374e+01,2.185065e+01,2.184374e+01,2.188516e+01,2.189206e+01,2.181612e+01,2.183684e+01,2.188516e+01,2.185065e+01,2.191965e+01,2.180231e+01,2.174013e+01,2.177468e+01,2.165025e+01,2.173322e+01,2.163642e+01,2.161566e+01,2.182993e+01,2.188516e+01,2.169866e+01,2.172631e+01,2.198862e+01,2.189206e+01,2.189206e+01,2.196793e+01,2.189896e+01,2.182993e+01,2.197483e+01,2.187825e+01,2.191276e+01,2.189896e+01,2.194035e+01,2.195414e+01,2.193345e+01,2.196104e+01,2.193345e+01,2.202308e+01,2.205754e+01,2.193345e+01,2.191965e+01,2.192655e+01,2.191276e+01,2.191276e+01,2.195414e+01,2.198862e+01,2.192655e+01,2.191276e+01,2.189896e+01,2.194725e+01,2.200930e+01,2.191276e+01,2.203687e+01,2.191965e+01,2.196104e+01,2.193345e+01,2.196104e+01,2.187825e+01,2.187825e+01,2.193345e+01,2.180231e+01,2.189206e+01,2.192655e+01,2.189206e+01,2.181612e+01,2.187135e+01,2.187135e+01,2.182993e+01,2.194035e+01,2.182993e+01,2.162950e+01,2.180231e+01,2.167100e+01,2.167100e+01,2.167100e+01,2.165717e+01,2.151875e+01,2.144946e+01,2.147025e+01,2.134545e+01,2.134545e+01,2.166409e+01,2.166409e+01,2.157414e+01,2.158798e+01,2.165717e+01,2.166409e+01,2.162950e+01,2.158106e+01,2.172631e+01,2.164334e+01,2.161566e+01,2.160182e+01,2.167100e+01,2.151182e+01,2.162258e+01,2.174013e+01,2.161566e+01,2.160182e+01,2.160874e+01,2.156029e+01,2.160182e+01,2.147718e+01,2.153260e+01,2.158106e+01,2.153952e+01,2.151182e+01,2.158106e+01,2.153952e+01,2.162258e+01,2.159490e+01,2.167100e+01,2.167792e+01,2.174704e+01,2.177468e+01,2.177468e+01,2.180231e+01,2.180922e+01,2.189896e+01,2.186445e+01,2.198862e+01,2.200930e+01,2.185755e+01,2.191965e+01,2.185755e+01,2.194035e+01,2.185755e+01,2.198172e+01,2.180922e+01,2.181612e+01,2.178159e+01,2.192655e+01,2.187825e+01,2.199551e+01,2.191276e+01,2.178159e+01,2.185755e+01,2.187135e+01,2.177468e+01,2.178850e+01,2.183684e+01,2.182993e+01,2.177468e+01,2.171940e+01,2.187825e+01,2.173322e+01,2.176086e+01,2.194725e+01,2.179540e+01,2.196104e+01,2.182303e+01,2.189206e+01,2.185755e+01,2.189206e+01,2.187135e+01,2.187135e+01,2.184374e+01,2.187135e+01,2.186445e+01,2.187825e+01,2.182303e+01,2.181612e+01,2.182303e+01,2.167792e+01,2.179540e+01,2.178159e+01,2.170557e+01,2.167792e+01,2.158798e+01,2.156721e+01,2.147718e+01,2.148411e+01,2.149796e+01,2.133158e+01,2.146332e+01,2.139400e+01,2.127605e+01,2.140094e+01,2.159490e+01,2.160874e+01,2.158106e+01,2.163642e+01,2.176777e+01,2.174013e+01,2.157414e+01,2.158106e+01,2.152567e+01,2.168483e+01,2.155337e+01,2.167100e+01,2.168483e+01,2.155337e+01,2.150489e+01,2.153952e+01,2.154645e+01,2.158106e+01,2.160874e+01,2.158798e+01,2.149104e+01,2.160874e+01,2.162258e+01,2.171940e+01,2.150489e+01,2.150489e+01,2.163642e+01,2.163642e+01,2.160182e+01,2.162950e+01,2.143560e+01,2.139400e+01,2.158798e+01,2.151875e+01,2.162950e+01,2.149796e+01,2.147025e+01,2.158106e+01,2.142867e+01,2.133851e+01,2.141480e+01,2.156029e+01,2.147718e+01,2.147718e+01,2.153260e+01,2.150489e+01,2.151182e+01,2.151182e+01,2.149796e+01,2.138013e+01,2.145639e+01,2.146332e+01,2.153952e+01,2.149796e+01,2.148411e+01,2.149104e+01,2.142867e+01,2.147025e+01,2.162950e+01,2.161566e+01,2.152567e+01,2.157414e+01,2.160182e+01,2.156029e+01,2.153952e+01,2.149796e+01,2.144253e+01,2.135239e+01,2.137320e+01,2.139400e+01,2.151875e+01,2.133851e+01,2.140787e+01,2.124828e+01,2.140094e+01,2.152567e+01,2.142174e+01,2.138707e+01,2.151875e+01,2.139400e+01,2.151182e+01,2.137320e+01,2.143560e+01,2.143560e+01,2.127605e+01,2.119966e+01,2.129688e+01,2.133158e+01,2.142174e+01,2.142867e+01,2.137320e+01,2.138707e+01,2.146332e+01,2.133851e+01,2.134545e+01,2.144253e+01,2.127605e+01,2.134545e+01,2.138013e+01,2.141480e+01,2.136626e+01,2.131076e+01,2.122744e+01,2.116491e+01,2.126217e+01,2.119966e+01,2.123439e+01,2.101189e+01,2.128993e+01,2.129688e+01,2.126911e+01,2.160874e+01,2.154645e+01,2.163642e+01,2.155337e+01,2.153260e+01,2.167792e+01,2.165025e+01,2.161566e+01,2.165025e+01,2.163642e+01,2.156029e+01,2.161566e+01,2.168483e+01,2.162258e+01,2.152567e+01,2.146332e+01,2.147025e+01,2.153952e+01,2.151182e+01,2.159490e+01,2.157414e+01,2.143560e+01,2.157414e+01,2.142174e+01,2.147025e+01,2.137320e+01,2.149104e+01,2.140094e+01,2.144946e+01,2.138707e+01,2.151875e+01,2.136626e+01,2.137320e+01,2.149796e+01,2.142867e+01,2.143560e+01,2.138013e+01,2.149104e+01,2.139400e+01,2.145639e+01,2.143560e+01,2.139400e+01,2.138707e+01,2.144253e+01,2.132464e+01,2.140094e+01,2.152567e+01,2.153952e+01
2.190586e+01,2.174013e+01,2.180231e+01,2.178159e+01,2.178159e+01,2.173322e+01,2.189206e+01,2.187135e+01,2.195414e+01,2.196793e+01,2.191965e+01,2.191965e+01,2.189896e+01,2.189206e+01,2.191276e+01,2.193345e+01,2.195414e+01,2.196793e+01,2.194035e+01,2.191965e+01,2.191276e+01,2.197483e+01,2.174704e+01,2.188516e+01,2.180922e+01,2.197483e+01,2.197483e+01,2.194035e+01,2.182993e+01,2.194035e+01,2.182303e+01,2.202997e+01,2.181612e+01,2.181612e+01,2.185755e+01,2.185065e+01,2.196104e+01,2.189896e+01,2.184374e+01,2.201619e+01,2.182303e+01,2.192655e+01,2.204376e+01,2.209886e+01,2.190586e+01,2.195414e+01,2.198172e+01,2.194035e+01,2.202308e+01,2.196104e+01,2.205065e+01,2.202997e+01,2.198862e+01,2.196793e+01,2.199551e+01,2.196104e+01,2.200241e+01,2.188516e+01,2.187135e+01,2.191276e+01,2.191965e+01,2.191965e+01,2.194725e+01,2.209886e+01,2.189896e+01,2.191276e+01,2.201619e+01,2.205754e+01,2.201619e+01,2.199551e+01,2.196104e+01,2.204376e+01,2.198862e+01,2.196104e+01,2.219523e+01,2.187135e+01,2.183684e+01,2.198862e+01,2.201619e+01,2.201619e+01,2.200930e+01,2.198172e+01,2.207131e+01,2.200241e+01,2.205754e+01,2.183684e+01,2.207131e+01,2.194725e+01,2.198862e+01,2.203687e+01,2.202997e+01,2.206442e+01,2.200241e+01,2.193345e+01,2.209886e+01,2.198172e+01,2.189206e+01,2.195414e+01,2.187825e+01,2.194035e+01,2.177468e+01,2.193345e+01,2.207131e+01,2.191965e+01,2.199551e+01,2.202308e+01,2.196104e+01,2.207820e+01,2.202308e+01,2.199551e+01,2.185755e+01,2.189206e+01,2.188516e+01,2.188516e+01,2.190586e+01,2.190586e+01,2.182993e+01,2.188516e+01,2.173322e+01,2.178159e+01,2.180922e+01,2.177468e+01,2.178850e+01,2.145639e+01,2.140787e+01,2.142867e+01,2.111625e+01,2.115101e+01,2.102581e+01,2.106061e+01,2.085865e+01,2.092833e+01,2.103277e+01,2.103973e+01,2.088653e+01,2.109539e+01,2.090743e+01,2.094923e+01,2.094226e+01,2.087259e+01,2.089350e+01,2.094923e+01,2.104669e+01,2.085865e+01,2.088653e+01,2.083076e+01,2.082378e+01,2.085168e+01,2.077496e+01,2.083076e+01,2.060737e+01,2.063532e+01,2.053047e+01,2.056544e+01,2.064930e+01,2.051648e+01,2.050949e+01,2.069818e+01,2.069818e+01,2.056544e+01,2.069120e+01,2.076798e+01,2.087259e+01,2.108148e+01,2.120660e+01,2.122744e+01,2.144253e+01,2.123439e+01,2.129688e+01,2.110929e+01,2.109539e+01,2.115796e+01,2.117881e+01,2.110929e+01,2.113711e+01,2.103973e+01,2.108843e+01,2.090047e+01,2.086562e+01,2.101189e+01,2.092137e+01,2.100493e+01,2.098405e+01,2.110234e+01,2.119966e+01,2.158106e+01,2.194725e+01,2.190586e+01,2.190586e+01,2.184374e+01,2.191276e+01,2.182303e+01,2.191276e+01,2.182993e+01,2.185065e+01,2.185755e+01,2.174013e+01,2.185065e+01,2.187135e+01,2.185755e+01,2.178850e+01,2.164334e+01,2.175395e+01,2.184374e+01,2.155337e+01,2.157414e+01,2.167100e+01,2.167792e+01,2.162258e+01,2.165025e+01,2.165717e+01,2.166409e+01,2.176777e+01,2.178159e+01,2.186445e+01,2.172631e+01,2.184374e+01,2.183684e+01,2.183684e+01,2.177468e+01,2.189896e+01,2.185065e+01,2.178850e+01,2.192655e+01,2.189896e+01,2.180231e+01,2.176777e+01,2.175395e+01,2.178159e+01,2.173322e+01,2.176777e+01,2.172631e+01,2.173322e+01,2.185755e+01,2.180922e+01,2.178850e+01,2.176086e+01,2.173322e+01,2.179540e+01,2.187135e+01,2.174013e+01,2.160874e+01,2.175395e+01,2.167792e+01,2.165025e+01,2.172631e+01,2.159490e+01,2.158106e+01,2.185755e+01,2.171940e+01,2.185065e+01,2.167792e+01,2.176777e+01,2.169175e+01,2.178850e+01,2.187135e+01,2.176086e+01,2.174704e+01,2.182303e+01,2.171248e+01,2.182303e+01,2.175395e+01,2.175395e+01,2.186445e+01,2.149104e+01,2.168483e+01,2.150489e+01,2.157414e+01,2.163642e+01,2.165025e+01,2.176086e+01,2.180231e+01,2.185755e+01,2.180231e+01,2.198172e+01,2.190586e+01,2.191965e+01,2.191965e+01,2.191965e+01,2.176086e+01,2.181612e+01,2.178159e+01,2.170557e+01,2.175395e+01,2.167100e+01,2.165717e+01,2.182993e+01,2.161566e+01,2.172631e+01,2.185755e+01,2.180922e+01,2.216771e+01,2.183684e+01,2.182303e+01,2.180922e+01,2.184374e+01,2.185755e+01,2.180231e+01,2.194035e+01,2.191965e+01,2.184374e+01,2.192655e+01,2.196104e+01,2.189896e+01,2.182303e+01,2.189206e+01,2.196793e+01,2.187135e+01,2.182993e+01,2.189896e+01,2.190586e+01,2.184374e+01,2.169866e+01,2.184374e+01,2.185755e+01,2.181612e+01,2.167100e+01,2.169866e+01,2.165717e+01,2.164334e+01,2.174013e+01,2.181612e+01,2.184374e+01,2.169175e+01,2.189896e+01,2.192655e+01,2.182303e+01,2.182303e+01,2.188516e+01,2.188516e+01,2.177468e+01,2.190586e+01,2.186445e+01,2.187135e+01,2.189206e+01,2.191965e+01,2.196104e+01,2.200241e+01,2.188516e+01,2.190586e+01,2.200930e+01,2.199551e+01,2.193345e+01,2.191276e+01,2.194035e+01,2.191965e+01,2.193345e+01,2.198172e+01,2.200241e+01,2.196793e+01,2.195414e+01,2.194725e+01,2.202308e+01,2.195414e+01,2.191965e+01,2.191965e+01,2.189896e+01,2.186445e+01,2.177468e+01,2.198172e+01,2.178159e+01,2.176086e+01,2.189206e+01,2.187825e+01,2.195414e+01,2.189206e+01,2.190586e+01,2.192655e+01,2.185065e+01,2.185755e+01,2.184374e+01,2.175395e+01,2.177468e+01,2.185755e+01,2.180922e+01,2.173322e+01,2.174013e+01,2.156029e+01,2.140094e+01,2.139400e+01,2.153260e+01,2.153260e+01,2.134545e+01,2.162950e+01,2.162950e+01,2.165717e+01,2.158798e+01,2.162950e+01,2.167100e+01,2.167100e+01,2.169175e+01,2.168483e+01,2.169866e+01,2.169175e+01,2.174013e+01,2.167100e+01,2.172631e+01,2.159490e+01,2.158106e+01,2.158798e+01,2.156721e+01,2.174013e+01,2.168483e+01,2.156721e+01,2.160182e+01,2.159490e+01,2.158798e+01,2.160874e+01,2.153952e+01,2.158798e+01,2.157414e+01,2.159490e+01,2.164334e+01,2.140787e+01,2.165717e+01,2.160182e+01,2.167100e+01,2.180231e+01,2.169866e+01,2.184374e+01,2.189896e+01,2.188516e+01,2.174013e+01,2.189896e+01,2.188516e+01,2.197483e+01,2.189896e+01,2.191276e+01,2.180231e+01,2.186445e+01,2.180922e+01,2.176086e+01,2.176086e+01,2.194725e+01,2.178850e+01,2.176777e+01,2.178850e+01,2.195414e+01,2.189206e+01,2.194725e+01,2.187135e+01,2.179540e+01,2.182993e+01,2.191965e+01,2.176777e+01,2.182303e+01,2.174013e+01,2.182303e+01,2.166409e+01,2.178159e+01,2.194035e+01,2.184374e+01,2.182303e+01,2.187135e+01,2.182993e+01,2.188516e+01,2.190586e+01,2.177468e+01,2.189206e+01,2.198862e+01,2.186445e+01,2.187135e+01,2.181612e+01,2.182993e+01,2.167792e+01,2.160182e+01,2.191276e+01,2.167792e+01,2.178850e+01,2.169866e+01,2.160874e+01,2.159490e+01,2.149104e+01,2.145639e+01,2.137320e+01,2.133158e+01,2.144946e+01,2.135239e+01,2.134545e+01,2.143560e+01,2.140787e+01,2.162950e+01,2.160182e+01,2.164334e+01,2.168483e+01,2.164334e+01,2.165717e+01,2.165025e+01,2.158106e+01,2.144946e+01,2.149796e+01,2.160182e+01,2.156721e+01,2.158106e+01,2.148411e+01,2.161566e+01,2.146332e+01,2.151182e+01,2.156029e+01,2.159490e+01,2.154645e+01,2.150489e+01,2.147718e+01,2.150489e+01,2.164334e+01,2.165025e+01,2.168483e+01,2.165717e+01,2.162258e+01,2.168483e+01,2.157414e+01,2.143560e+01,2.153260e+01,2.140094e+01,2.147718e+01,2.155337e+01,2.156721e+01,2.146332e+01,2.160182e+01,2.161566e+01,2.136626e+01,2.158106e+01,2.150489e+01,2.158106e+01,2.150489e+01,2.142867e+01,2.154645e+01,2.153952e+01,2.154645e+01,2.149104e+01,2.140787e+01,2.140787e+01,2.163642e+01,2.145639e+01,2.145639e+01,2.146332e+01,2.147025e+01,2.150489e+01,2.147025e+01,2.150489e+01,2.156029e+01,2.160182e+01,2.156029e+01,2.142174e+01,2.154645e+01,2.156029e+01,2.158106e+01,2.151875e+01,2.136626e+01,2.138707e+01,2.140787e+01,2.139400e+01,2.155337e+01,2.143560e+01,2.150489e+01,2.140787e+01,2.150489e+01,2.140094e+01,2.149796e+01,2.153952e+01,2.151875e+01,2.134545e+01,2.127605e+01,2.133851e+01,2.142867e+01,2.145639e+01,2.142867e+01,2.133851e+01,2.143560e+01,2.144253e+01,2.126217e+01,2.138707e+01,2.141480e+01,2.145639e+01,2.141480e+01,2.133851e+01,2.131770e+01,2.139400e+01,2.127605e+01,2.135239e+01,2.129688e+01,2.125522e+01,2.139400e+01,2.134545e+01,2.116491e+01,2.133158e+01,2.112320e+01,2.109539e+01,2.119271e+01,2.117186e+01,2.115796e+01,2.117186e+01,2.117881e+01,2.140787e+01,2.147025e+01,2.151182e+01,2.166409e+01,2.165025e+01,2.159490e+01,2.158798e+01,2.165025e+01,2.160182e+01,2.171248e+01,2.156721e+01,2.158798e+01,2.157414e+01,2.153260e+01,2.149104e+01,2.151875e+01,2.155337e+01,2.147025e+01,2.165025e+01,2.155337e+01,2.146332e+01,2.146332e+01,2.158798e+01,2.162950e+01,2.145639e+01,2.155337e+01,2.148411e+01,2.149796e+01,2.148411e+01,2.136626e+01,2.144946e+01,2.135239e+01,2.135933e+01,2.134545e+01,2.124133e+01,2.143560e+01,2.144946e+01,2.145639e+01,2.139400e+01,2.151875e+01,2.132464e+01,2.154645e+01,2.131076e+01,2.138707e+01,2.140787e+01,2.133851e+01,2.133851e+01
2.197483e+01,2.181612e+01,2.188516e+01,2.175395e+01,2.186445e+01,2.171248e+01,2.175395e+01,2.191276e+01,2.171940e+01,2.188516e+01,2.180922e+01,2.190586e+01,2.186445e+01,2.191965e+01,2.200930e+01,2.196104e+01,2.203687e+01,2.194035e+01,2.182303e+01,2.193345e+01,2.193345e+01,2.190586e+01,2.189206e+01,2.189896e+01,2.190586e+01,2.189896e+01,2.176777e+01,2.193345e+01,2.185755e+01,2.195414e+01,2.191276e+01,2.185065e+01,2.191965e+01,2.191965e+01,2.187135e+01,2.195414e+01,2.196104e+01,2.190586e+01,2.186445e+01,2.200241e+01,2.193345e+01,2.188516e+01,2.191965e+01,2.191276e+01,2.191965e+01,2.188516e+01,2.198172e+01,2.189206e+01,2.198172e+01,2.192655e+01,2.199551e+01,2.194035e+01,2.196104e+01,2.200930e+01,2.194725e+01,2.188516e+01,2.185755e+01,2.187135e+01,2.202308e+01,2.189206e+01,2.198172e+01,2.190586e+01,2.198862e+01,2.191276e+01,2.196793e+01,2.198172e+01,2.201619e+01,2.220899e+01,2.196793e+01,2.202997e+01,2.201619e+01,2.200930e+01,2.208509e+01,2.192655e+01,2.201619e+01,2.194035e+01,2.186445e+01,2.202997e+01,2.202997e+01,2.198172e+01,2.198172e+01,2.200930e+01,2.184374e+01,2.202997e+01,2.204376e+01,2.203687e+01,2.202308e+01,2.201619e+01,2.196793e+01,2.198172e+01,2.206442e+01,2.202997e+01,2.197483e+01,2.200241e+01,2.201619e+01,2.200241e+01,2.209886e+01,2.197483e+01,2.205065e+01,2.202997e+01,2.197483e+01,2.206442e+01,2.209198e+01,2.202997e+01,2.200930e+01,2.202997e+01,2.191965e+01,2.203687e+01,2.202997e+01,2.187825e+01,2.189206e+01,2.191276e+01,2.189206e+01,2.189896e+01,2.180922e+01,2.191276e+01,2.189896e+01,2.182303e+01,2.189896e+01,2.180922e+01,2.178850e+01,2.184374e+01,2.197483e+01,2.175395e+01,2.178159e+01,2.171248e+01,2.167792e+01,2.138013e+01,2.136626e+01,2.114406e+01,2.099101e+01,2.100493e+01,2.106061e+01,2.085168e+01,2.076100e+01,2.088653e+01,2.107452e+01,2.097709e+01,2.099101e+01,2.087956e+01,2.092137e+01,2.087956e+01,2.090743e+01,2.074705e+01,2.069818e+01,2.061436e+01,2.076100e+01,2.070517e+01,2.055145e+01,2.069818e+01,2.068422e+01,2.069120e+01,2.061436e+01,2.072611e+01,2.050249e+01,2.071913e+01,2.065628e+01,2.066327e+01,2.074007e+01,2.067025e+01,2.069818e+01,2.077496e+01,2.113015e+01,2.108148e+01,2.123439e+01,2.155337e+01,2.149104e+01,2.162950e+01,2.130382e+01,2.126217e+01,2.114406e+01,2.117881e+01,2.133851e+01,2.113015e+01,2.121355e+01,2.122744e+01,2.113711e+01,2.110929e+01,2.112320e+01,2.105365e+01,2.108148e+01,2.100493e+01,2.116491e+01,2.100493e+01,2.155337e+01,2.184374e+01,2.187135e+01,2.190586e+01,2.188516e+01,2.186445e+01,2.185755e+01,2.192655e+01,2.192655e+01,2.189896e+01,2.187825e+01,2.174704e+01,2.190586e+01,2.193345e+01,2.176777e+01,2.181612e+01,2.187135e+01,2.180922e+01,2.169175e+01,2.165717e+01,2.162258e+01,2.172631e+01,2.158106e+01,2.169866e+01,2.171248e+01,2.169866e+01,2.175395e+01,2.169175e+01,2.165717e+01,2.179540e+01,2.182303e+01,2.191276e+01,2.192655e+01,2.186445e+01,2.182303e+01,2.184374e+01,2.185755e+01,2.186445e+01,2.190586e+01,2.205065e+01,2.191965e+01,2.180922e+01,2.182303e+01,2.182993e+01,2.178159e+01,2.176777e+01,2.174704e+01,2.169866e+01,2.179540e+01,2.184374e+01,2.169175e+01,2.169866e+01,2.165717e+01,2.165025e+01,2.182993e+01,2.176777e+01,2.182993e+01,2.162950e+01,2.164334e+01,2.174013e+01,2.176086e+01,2.157414e+01,2.155337e+01,2.169866e+01,2.167100e+01,2.171248e+01,2.167792e+01,2.180922e+01,2.184374e+01,2.176777e+01,2.180922e+01,2.167100e+01,2.187825e+01,2.173322e+01,2.178850e+01,2.176777e+01,2.171940e+01,2.171940e+01,2.185065e+01,2.172631e+01,2.162258e+01,2.176086e+01,2.155337e+01,2.171248e+01,2.158798e+01,2.176777e+01,2.181612e+01,2.179540e+01,2.195414e+01,2.193345e+01,2.194035e+01,2.194035e+01,2.194035e+01,2.191276e+01,2.185065e+01,2.188516e+01,2.191276e+01,2.180922e+01,2.171248e+01,2.184374e+01,2.163642e+01,2.160874e+01,2.165717e+01,2.158798e+01,2.174013e+01,2.175395e+01,2.187135e+01,2.191965e+01,2.193345e+01,2.179540e+01,2.189896e+01,2.184374e+01,2.198172e+01,2.199551e+01,2.189206e+01,2.189206e+01,2.186445e+01,2.196793e+01,2.184374e+01,2.181612e+01,2.187135e+01,2.182303e+01,2.185755e+01,2.185755e+01,2.191965e+01,2.187135e+01,2.196793e+01,2.183684e+01,2.174013e+01,2.186445e+01,2.178159e+01,2.189896e+01,2.179540e+01,2.169175e+01,2.153952e+01,2.162258e+01,2.167792e+01,2.181612e+01,2.182303e+01,2.183684e+01,2.171248e+01,2.189206e+01,2.172631e+01,2.188516e+01,2.189896e+01,2.185065e+01,2.188516e+01,2.187825e+01,2.187135e+01,2.182993e+01,2.191965e+01,2.191965e+01,2.191276e+01,2.187135e+01,2.189896e+01,2.195414e+01,2.197483e+01,2.193345e+01,2.194035e+01,2.187135e+01,2.189206e+01,2.193345e+01,2.191276e+01,2.198172e+01,2.192655e+01,2.202997e+01,2.202308e+01,2.196793e+01,2.191965e+01,2.196793e+01,2.194725e+01,2.202997e+01,2.193345e+01,2.189206e+01,2.182303e+01,2.191276e+01,2.194035e+01,2.196104e+01,2.195414e+01,2.194035e+01,2.191276e+01,2.187135e+01,2.182303e+01,2.187135e+01,2.182993e+01,2.182303e+01,2.185065e+01,2.180231e+01,2.168483e+01,2.164334e+01,2.165717e+01,2.166409e+01,2.164334e+01,2.146332e+01,2.144946e+01,2.136626e+01,2.141480e+01,2.137320e+01,2.162950e+01,2.147718e+01,2.166409e+01,2.166409e+01,2.162950e+01,2.159490e+01,2.160874e+01,2.166409e+01,2.170557e+01,2.169175e+01,2.149796e+01,2.164334e+01,2.167792e+01,2.174704e+01,2.156029e+01,2.159490e+01,2.164334e+01,2.165717e+01,2.156029e+01,2.158798e+01,2.158106e+01,2.158106e+01,2.159490e+01,2.157414e+01,2.155337e+01,2.159490e+01,2.153952e+01,2.153952e+01,2.154645e+01,2.158106e+01,2.157414e+01,2.153952e+01,2.155337e+01,2.149104e+01,2.167100e+01,2.169866e+01,2.171248e+01,2.169175e+01,2.175395e+01,2.177468e+01,2.180922e+01,2.187825e+01,2.196104e+01,2.196793e+01,2.188516e+01,2.184374e+01,2.184374e+01,2.184374e+01,2.177468e+01,2.185755e+01,2.180922e+01,2.180922e+01,2.181612e+01,2.185065e+01,2.193345e+01,2.194035e+01,2.185755e+01,2.176086e+01,2.190586e+01,2.176086e+01,2.178850e+01,2.167792e+01,2.181612e+01,2.182993e+01,2.185065e+01,2.181612e+01,2.172631e+01,2.188516e+01,2.183684e+01,2.180922e+01,2.185065e+01,2.182993e+01,2.181612e+01,2.184374e+01,2.178850e+01,2.183684e+01,2.187135e+01,2.179540e+01,2.181612e+01,2.181612e+01,2.178850e+01,2.182303e+01,2.185065e+01,2.166409e+01,2.165717e+01,2.175395e+01,2.158106e+01,2.164334e+01,2.164334e+01,2.154645e+01,2.156029e+01,2.142174e+01,2.150489e+01,2.149104e+01,2.144253e+01,2.131770e+01,2.135239e+01,2.153952e+01,2.158798e+01,2.164334e+01,2.160182e+01,2.167100e+01,2.169866e+01,2.170557e+01,2.169866e+01,2.157414e+01,2.163642e+01,2.152567e+01,2.159490e+01,2.164334e+01,2.156721e+01,2.160874e+01,2.164334e+01,2.153260e+01,2.146332e+01,2.161566e+01,2.156721e+01,2.159490e+01,2.149796e+01,2.162258e+01,2.162258e+01,2.153260e+01,2.166409e+01,2.151182e+01,2.169175e+01,2.158106e+01,2.167100e+01,2.162258e+01,2.153952e+01,2.169866e+01,2.159490e+01,2.141480e+01,2.153260e+01,2.165025e+01,2.153260e+01,2.153952e+01,2.158106e+01,2.143560e+01,2.153260e+01,2.153260e+01,2.158798e+01,2.156029e+01,2.154645e+01,2.153952e+01,2.156029e+01,2.140094e+01,2.148411e+01,2.147718e+01,2.150489e+01,2.138013e+01,2.146332e+01,2.144946e+01,2.151182e+01,2.147718e+01,2.150489e+01,2.147025e+01,2.144946e+01,2.147718e+01,2.157414e+01,2.145639e+01,2.147718e+01,2.148411e+01,2.156721e+01,2.157414e+01,2.156721e+01,2.141480e+01,2.139400e+01,2.146332e+01,2.151875e+01,2.137320e+01,2.148411e+01,2.137320e+01,2.140787e+01,2.134545e+01,2.140094e+01,2.147718e+01,2.152567e+01,2.154645e+01,2.136626e+01,2.149104e+01,2.149104e+01,2.151182e+01,2.131076e+01,2.129688e+01,2.133158e+01,2.135933e+01,2.140787e+01,2.140787e+01,2.136626e+01,2.139400e+01,2.135933e+01,2.135933e+01,2.140094e+01,2.145639e+01,2.138013e+01,2.120660e+01,2.134545e+01,2.131076e+01,2.136626e+01,2.128299e+01,2.140787e+01,2.124828e+01,2.126217e+01,2.115101e+01,2.122744e+01,2.115796e+01,2.110234e+01,2.119966e+01,2.122050e+01,2.116491e+01,2.110929e+01,2.133851e+01,2.147718e+01,2.153952e+01,2.150489e+01,2.145639e+01,2.162258e+01,2.161566e+01,2.165717e+01,2.165717e+01,2.163642e+01,2.161566e+01,2.159490e+01,2.159490e+01,2.162258e+01,2.169175e+01,2.150489e+01,2.165025e+01,2.154645e+01,2.174704e+01,2.165025e+01,2.151875e+01,2.144253e+01,2.150489e+01,2.153952e+01,2.158798e+01,2.139400e+01,2.146332e+01,2.140094e+01,2.158106e+01,2.139400e+01,2.153260e+01,2.147718e+01,2.136626e+01,2.134545e+01,2.133851e+01,2.142174e+01,2.123439e+01,2.138013e+01,2.133158e+01,2.135933e+01,2.156029e+01,2.160182e+01,2.145639e+01,2.135933e+01,2.134545e+01,2.152567e+01,2.155337e+01
2.190586e+01,2.176086e+01,2.180231e+01,2.187825e+01,2.176777e+01,2.190586e+01,2.187135e+01,2.180922e+01,2.179540e+01,2.187825e+01,2.178159e+01,2.187135e+01,2.189896e+01,2.197483e+01,2.184374e+01,2.188516e+01,2.184374e+01,2.165717e+01,2.195414e+01,2.194035e+01,2.188516e+01,2.189896e+01,2.190586e+01,2.190586e+01,2.189206e+01,2.179540e+01,2.184374e+01,2.187135e+01,2.191276e+01,2.191276e+01,2.189896e+01,2.187825e+01,2.190586e+01,2.188516e+01,2.196104e+01,2.187135e+01,2.190586e+01,2.184374e+01,2.182993e+01,2.186445e+01,2.186445e+01,2.200930e+01,2.180922e+01,2.203687e+01,2.187135e+01,2.194725e+01,2.201619e+01,2.190586e+01,2.195414e+01,2.200241e+01,2.192655e+01,2.192655e+01,2.198172e+01,2.194035e+01,2.177468e+01,2.198172e+01,2.199551e+01,2.199551e+01,2.202997e+01,2.193345e+01,2.194725e+01,2.185755e+01,2.190586e+01,2.199551e+01,2.184374e+01,2.182303e+01,2.187825e+01,2.199551e+01,2.198862e+01,2.196793e+01,2.197483e+01,2.194725e+01,2.194035e+01,2.200930e+01,2.198172e+01,2.197483e+01,2.202997e+01,2.200241e+01,2.200930e+01,2.197483e+01,2.198172e+01,2.200241e+01,2.208509e+01,2.205754e+01,2.205065e+01,2.207131e+01,2.202997e+01,2.196104e+01,2.207131e+01,2.210575e+01,2.202308e+01,2.211952e+01,2.203687e+01,2.200930e+01,2.207131e+01,2.207131e+01,2.202997e+01,2.198862e+01,2.180231e+01,2.209886e+01,2.197483e+01,2.208509e+01,2.206442e+01,2.205065e+01,2.205065e+01,2.200241e+01,2.205065e+01,2.204376e+01,2.187825e+01,2.187825e+01,2.188516e+01,2.185755e+01,2.184374e+01,2.188516e+01,2.192655e+01,2.190586e+01,2.194035e+01,2.193345e+01,2.195414e+01,2.191276e+01,2.178159e+01,2.187135e+01,2.185755e+01,2.180231e+01,2.175395e+01,2.176086e+01,2.178850e+01,2.175395e+01,2.165025e+01,2.162258e+01,2.156721e+01,2.110234e+01,2.089350e+01,2.089350e+01,2.076798e+01,2.079589e+01,2.091440e+01,2.083076e+01,2.093530e+01,2.087956e+01,2.087956e+01,2.084470e+01,2.079589e+01,2.085168e+01,2.075403e+01,2.071215e+01,2.083076e+01,2.080984e+01,2.064231e+01,2.071913e+01,2.069818e+01,2.053747e+01,2.053747e+01,2.050949e+01,2.071913e+01,2.072611e+01,2.074007e+01,2.069120e+01,2.074007e+01,2.074705e+01,2.078193e+01,2.101189e+01,2.123439e+01,2.156029e+01,2.162950e+01,2.162258e+01,2.167100e+01,2.158798e+01,2.173322e+01,2.160874e+01,2.114406e+01,2.115796e+01,2.111625e+01,2.126217e+01,2.122050e+01,2.113015e+01,2.114406e+01,2.106061e+01,2.110234e+01,2.108148e+01,2.110234e+01,2.117186e+01,2.123439e+01,2.133158e+01,2.181612e+01,2.190586e+01,2.180231e+01,2.171940e+01,2.180231e+01,2.194035e+01,2.178159e+01,2.188516e+01,2.191276e+01,2.185755e+01,2.179540e+01,2.173322e+01,2.174704e+01,2.180231e+01,2.182303e+01,2.185755e+01,2.182993e+01,2.185755e+01,2.183684e+01,2.176086e+01,2.159490e+01,2.170557e+01,2.162258e+01,2.169175e+01,2.169175e+01,2.171248e+01,2.187135e+01,2.164334e+01,2.185755e+01,2.167792e+01,2.185755e+01,2.189896e+01,2.185065e+01,2.194725e+01,2.184374e+01,2.184374e+01,2.169175e+01,2.196793e+01,2.187135e+01,2.187825e+01,2.180922e+01,2.189206e+01,2.177468e+01,2.174704e+01,2.181612e+01,2.172631e+01,2.175395e+01,2.185065e+01,2.171248e+01,2.180922e+01,2.176086e+01,2.180231e+01,2.170557e+01,2.178850e+01,2.170557e+01,2.166409e+01,2.171248e+01,2.167792e+01,2.169866e+01,2.170557e+01,2.165025e+01,2.153952e+01,2.166409e+01,2.186445e+01,2.176777e+01,2.174704e+01,2.171940e+01,2.180231e+01,2.171248e+01,2.183684e+01,2.171248e+01,2.176086e+01,2.179540e+01,2.169175e+01,2.186445e+01,2.156721e+01,2.178850e+01,2.172631e+01,2.178850e+01,2.174013e+01,2.165025e+01,2.160182e+01,2.156721e+01,2.151182e+01,2.167100e+01,2.178159e+01,2.173322e+01,2.186445e+01,2.165025e+01,2.194035e+01,2.197483e+01,2.194725e+01,2.198172e+01,2.185755e+01,2.189896e+01,2.189206e+01,2.183684e+01,2.200930e+01,2.170557e+01,2.179540e+01,2.164334e+01,2.157414e+01,2.162258e+01,2.146332e+01,2.179540e+01,2.171940e+01,2.188516e+01,2.181612e+01,2.194035e+01,2.191965e+01,2.187135e+01,2.191965e+01,2.185065e+01,2.193345e+01,2.187135e+01,2.185755e+01,2.194725e+01,2.186445e+01,2.181612e+01,2.196104e+01,2.191276e+01,2.180922e+01,2.185065e+01,2.197483e+01,2.185755e+01,2.199551e+01,2.218835e+01,2.185755e+01,2.187825e+01,2.176777e+01,2.195414e+01,2.183684e+01,2.180922e+01,2.180922e+01,2.176086e+01,2.166409e+01,2.165717e+01,2.162258e+01,2.164334e+01,2.167792e+01,2.167792e+01,2.180231e+01,2.189896e+01,2.182993e+01,2.175395e+01,2.173322e+01,2.177468e+01,2.186445e+01,2.188516e+01,2.191965e+01,2.190586e+01,2.180922e+01,2.187825e+01,2.186445e+01,2.191965e+01,2.208509e+01,2.197483e+01,2.200241e+01,2.184374e+01,2.198862e+01,2.191965e+01,2.188516e+01,2.196793e+01,2.196104e+01,2.203687e+01,2.204376e+01,2.200930e+01,2.194035e+01,2.191965e+01,2.196793e+01,2.199551e+01,2.197483e+01,2.201619e+01,2.203687e+01,2.182303e+01,2.191965e+01,2.201619e+01,2.195414e+01,2.189206e+01,2.194035e+01,2.192655e+01,2.187135e+01,2.194035e+01,2.185065e+01,2.187135e+01,2.188516e+01,2.186445e+01,2.182303e+01,2.178850e+01,2.165717e+01,2.165025e+01,2.163642e+01,2.167792e+01,2.162950e+01,2.145639e+01,2.148411e+01,2.139400e+01,2.157414e+01,2.166409e+01,2.166409e+01,2.168483e+01,2.174013e+01,2.179540e+01,2.167100e+01,2.172631e+01,2.171940e+01,2.169175e+01,2.173322e+01,2.174704e+01,2.160874e+01,2.147718e+01,2.168483e+01,2.175395e+01,2.168483e+01,2.156721e+01,2.173322e+01,2.173322e+01,2.158798e+01,2.156721e+01,2.159490e+01,2.154645e+01,2.161566e+01,2.151182e+01,2.156029e+01,2.163642e+01,2.158106e+01,2.155337e+01,2.156721e+01,2.163642e+01,2.161566e+01,2.161566e+01,2.157414e+01,2.163642e+01,2.172631e+01,2.169866e+01,2.165717e+01,2.175395e+01,2.177468e+01,2.179540e+01,2.184374e+01,2.197483e+01,2.176777e+01,2.194035e+01,2.196104e+01,2.186445e+01,2.183684e+01,2.181612e+01,2.184374e+01,2.180231e+01,2.184374e+01,2.178159e+01,2.174013e+01,2.197483e+01,2.180231e+01,2.191965e+01,2.176086e+01,2.187825e+01,2.182993e+01,2.175395e+01,2.164334e+01,2.179540e+01,2.166409e+01,2.186445e+01,2.176086e+01,2.180231e+01,2.185065e+01,2.192655e+01,2.175395e+01,2.185065e+01,2.161566e+01,2.187135e+01,2.195414e+01,2.189896e+01,2.182993e+01,2.194035e+01,2.188516e+01,2.178159e+01,2.185755e+01,2.185065e+01,2.185755e+01,2.175395e+01,2.169866e+01,2.169175e+01,2.165025e+01,2.168483e+01,2.156721e+01,2.165025e+01,2.149104e+01,2.148411e+01,2.150489e+01,2.147718e+01,2.147718e+01,2.142174e+01,2.143560e+01,2.160182e+01,2.157414e+01,2.170557e+01,2.166409e+01,2.166409e+01,2.171940e+01,2.166409e+01,2.181612e+01,2.163642e+01,2.153952e+01,2.158106e+01,2.158798e+01,2.175395e+01,2.162258e+01,2.159490e+01,2.160182e+01,2.163642e+01,2.160874e+01,2.155337e+01,2.156029e+01,2.142174e+01,2.146332e+01,2.156029e+01,2.157414e+01,2.151875e+01,2.160874e+01,2.153952e+01,2.165025e+01,2.167100e+01,2.169866e+01,2.151875e+01,2.171940e+01,2.156029e+01,2.166409e+01,2.157414e+01,2.156721e+01,2.146332e+01,2.149104e+01,2.169866e+01,2.143560e+01,2.140094e+01,2.156721e+01,2.151875e+01,2.140094e+01,2.149796e+01,2.155337e+01,2.154645e+01,2.146332e+01,2.155337e+01,2.150489e+01,2.151182e+01,2.151182e+01,2.149796e+01,2.133158e+01,2.149796e+01,2.134545e+01,2.142867e+01,2.144946e+01,2.145639e+01,2.150489e+01,2.149796e+01,2.149104e+01,2.158798e+01,2.156029e+01,2.155337e+01,2.154645e+01,2.158798e+01,2.149104e+01,2.160874e+01,2.142867e+01,2.145639e+01,2.143560e+01,2.143560e+01,2.151182e+01,2.145639e+01,2.139400e+01,2.141480e+01,2.140094e+01,2.150489e+01,2.147718e+01,2.138013e+01,2.156029e+01,2.137320e+01,2.137320e+01,2.137320e+01,2.148411e+01,2.142174e+01,2.133851e+01,2.131770e+01,2.140787e+01,2.142867e+01,2.141480e+01,2.138707e+01,2.128299e+01,2.138707e+01,2.125522e+01,2.126217e+01,2.123439e+01,2.147025e+01,2.135239e+01,2.135239e+01,2.135933e+01,2.134545e+01,2.137320e+01,2.146332e+01,2.125522e+01,2.125522e+01,2.131076e+01,2.121355e+01,2.127605e+01,2.114406e+01,2.104669e+01,2.113015e+01,2.118576e+01,2.094226e+01,2.116491e+01,2.121355e+01,2.145639e+01,2.147025e+01,2.148411e+01,2.153952e+01,2.155337e+01,2.169175e+01,2.159490e+01,2.165717e+01,2.160874e+01,2.160182e+01,2.160874e+01,2.156029e+01,2.156721e+01,2.151875e+01,2.145639e+01,2.157414e+01,2.259350e+01,2.170557e+01,2.145639e+01,2.146332e+01,2.160182e+01,2.151875e+01,2.148411e+01,2.146332e+01,2.145639e+01,2.148411e+01,2.142174e+01,2.149796e+01,2.142174e+01,2.145639e+01,2.141480e+01,2.138707e+01,2.134545e+01,2.141480e+01,2.147025e+01,2.148411e+01,2.126217e+01,2.124828e+01,2.127605e+01,2.126911e+01,2.141480e+01,2.131770e+01,2.139400e+01,2.142174e+01,2.128299e+01
2.185755e+01,2.178159e+01,2.177468e+01,2.176777e+01,2.180231e+01,2.194725e+01,2.182993e+01,2.171940e+01,2.193345e+01,2.194035e+01,2.210575e+01,2.185065e+01,2.189206e+01,2.208509e+01,2.189896e+01,2.194035e+01,2.196104e+01,2.195414e+01,2.191965e+01,2.196104e+01,2.191965e+01,2.190586e+01,2.186445e+01,2.194035e+01,2.186445e+01,2.178159e+01,2.185755e+01,2.188516e+01,2.195414e+01,2.191965e+01,2.173322e+01,2.194725e+01,2.199551e+01,2.196793e+01,2.182303e+01,2.194035e+01,2.193345e+01,2.182993e+01,2.191965e+01,2.194725e+01,2.187825e+01,2.189896e+01,2.192655e+01,2.192655e+01,2.191276e+01,2.204376e+01,2.198862e+01,2.195414e+01,2.202997e+01,2.192655e+01,2.196104e+01,2.192655e+01,2.198172e+01,2.198172e+01,2.191965e+01,2.192655e+01,2.189896e+01,2.200241e+01,2.190586e+01,2.189896e+01,2.204376e+01,2.200241e+01,2.198172e+01,2.194035e+01,2.193345e+01,2.200930e+01,2.196793e+01,2.195414e+01,2.216082e+01,2.225713e+01,2.191965e+01,2.206442e+01,2.201619e+01,2.206442e+01,2.205065e+01,2.198862e+01,2.203687e+01,2.202308e+01,2.198172e+01,2.200241e+01,2.201619e+01,2.200241e+01,2.205754e+01,2.203687e+01,2.205754e+01,2.205754e+01,2.208509e+01,2.204376e+01,2.207820e+01,2.206442e+01,2.214706e+01,2.203687e+01,2.205754e+01,2.213329e+01,2.202308e+01,2.203687e+01,2.202997e+01,2.201619e+01,2.202997e+01,2.204376e+01,2.202308e+01,2.211952e+01,2.207820e+01,2.207820e+01,2.200930e+01,2.205754e+01,2.200930e+01,2.193345e+01,2.200930e+01,2.202308e+01,2.190586e+01,2.202308e+01,2.192655e+01,2.191276e+01,2.190586e+01,2.189206e+01,2.183684e+01,2.194725e+01,2.186445e+01,2.193345e+01,2.191276e+01,2.178850e+01,2.194725e+01,2.191276e+01,2.187825e+01,2.175395e+01,2.177468e+01,2.179540e+01,2.174013e+01,2.178159e+01,2.166409e+01,2.164334e+01,2.140787e+01,2.115101e+01,2.094923e+01,2.103277e+01,2.089350e+01,2.086562e+01,2.087956e+01,2.085865e+01,2.087956e+01,2.089350e+01,2.080984e+01,2.082378e+01,2.074007e+01,2.079589e+01,2.077496e+01,2.070517e+01,2.079589e+01,2.078891e+01,2.065628e+01,2.070517e+01,2.064930e+01,2.068422e+01,2.080286e+01,2.078193e+01,2.076100e+01,2.075403e+01,2.077496e+01,2.092137e+01,2.108148e+01,2.126911e+01,2.162258e+01,2.169175e+01,2.174013e+01,2.187825e+01,2.171248e+01,2.178159e+01,2.175395e+01,2.161566e+01,2.162950e+01,2.137320e+01,2.123439e+01,2.119966e+01,2.121355e+01,2.123439e+01,2.115101e+01,2.113711e+01,2.099797e+01,2.108843e+01,2.108148e+01,2.105365e+01,2.129688e+01,2.171940e+01,2.185065e+01,2.180231e+01,2.184374e+01,2.189206e+01,2.185065e+01,2.191965e+01,2.189896e+01,2.182993e+01,2.189206e+01,2.187825e+01,2.191276e+01,2.180231e+01,2.183684e+01,2.184374e+01,2.184374e+01,2.182993e+01,2.178850e+01,2.178850e+01,2.178850e+01,2.158106e+01,2.166409e+01,2.164334e+01,2.176777e+01,2.170557e+01,2.169175e+01,2.164334e+01,2.172631e+01,2.182993e+01,2.185755e+01,2.180922e+01,2.187825e+01,2.179540e+01,2.200241e+01,2.194725e+01,2.186445e+01,2.185065e+01,2.181612e+01,2.187825e+01,2.192655e+01,2.185065e+01,2.184374e+01,2.173322e+01,2.174704e+01,2.183684e+01,2.186445e+01,2.174013e+01,2.178159e+01,2.171248e+01,2.176086e+01,2.178850e+01,2.169866e+01,2.174013e+01,2.180922e+01,2.181612e+01,2.174013e+01,2.165717e+01,2.169866e+01,2.169866e+01,2.158106e+01,2.167792e+01,2.169175e+01,2.158106e+01,2.151182e+01,2.157414e+01,2.162258e+01,2.167792e+01,2.175395e+01,2.183684e+01,2.186445e+01,2.178850e+01,2.184374e+01,2.182993e+01,2.182303e+01,2.171940e+01,2.181612e+01,2.176086e+01,2.177468e+01,2.178159e+01,2.182993e+01,2.176777e+01,2.162950e+01,2.154645e+01,2.165717e+01,2.166409e+01,2.162950e+01,2.183684e+01,2.187825e+01,2.193345e+01,2.187825e+01,2.197483e+01,2.193345e+01,2.202308e+01,2.196104e+01,2.203687e+01,2.202997e+01,2.182993e+01,2.180922e+01,2.183684e+01,2.176777e+01,2.169866e+01,2.187825e+01,2.160874e+01,2.160874e+01,2.167100e+01,2.162258e+01,2.165025e+01,2.181612e+01,2.186445e+01,2.186445e+01,2.189206e+01,2.190586e+01,2.192655e+01,2.195414e+01,2.186445e+01,2.189206e+01,2.193345e+01,2.185065e+01,2.194725e+01,2.188516e+01,2.187135e+01,2.188516e+01,2.195414e+01,2.201619e+01,2.187135e+01,2.189896e+01,2.189896e+01,2.190586e+01,2.185065e+01,2.194035e+01,2.187135e+01,2.188516e+01,2.193345e+01,2.177468e+01,2.185755e+01,2.189206e+01,2.175395e+01,2.168483e+01,2.181612e+01,2.170557e+01,2.179540e+01,2.179540e+01,2.171248e+01,2.188516e+01,2.176086e+01,2.172631e+01,2.187135e+01,2.186445e+01,2.180922e+01,2.189206e+01,2.189206e+01,2.187825e+01,2.186445e+01,2.191965e+01,2.194725e+01,2.187825e+01,2.202308e+01,2.199551e+01,2.198862e+01,2.199551e+01,2.185065e+01,2.190586e+01,2.190586e+01,2.194035e+01,2.202308e+01,2.194035e+01,2.191965e+01,2.202997e+01,2.202997e+01,2.200930e+01,2.190586e+01,2.202308e+01,2.204376e+01,2.191965e+01,2.199551e+01,2.191965e+01,2.192655e+01,2.189896e+01,2.195414e+01,2.197483e+01,2.199551e+01,2.187825e+01,2.194035e+01,2.195414e+01,2.196793e+01,2.194725e+01,2.187825e+01,2.180231e+01,2.181612e+01,2.178159e+01,2.165025e+01,2.164334e+01,2.163642e+01,2.165025e+01,2.161566e+01,2.149796e+01,2.162950e+01,2.164334e+01,2.162950e+01,2.167100e+01,2.165717e+01,2.169175e+01,2.171248e+01,2.167792e+01,2.179540e+01,2.180231e+01,2.174704e+01,2.174013e+01,2.171940e+01,2.191276e+01,2.172631e+01,2.157414e+01,2.169866e+01,2.173322e+01,2.165025e+01,2.172631e+01,2.183684e+01,2.166409e+01,2.154645e+01,2.161566e+01,2.160874e+01,2.167792e+01,2.163642e+01,2.156029e+01,2.153952e+01,2.153260e+01,2.165717e+01,2.150489e+01,2.151182e+01,2.147025e+01,2.148411e+01,2.163642e+01,2.161566e+01,2.159490e+01,2.167792e+01,2.159490e+01,2.165717e+01,2.176086e+01,2.163642e+01,2.174704e+01,2.176086e+01,2.189206e+01,2.167100e+01,2.196793e+01,2.194725e+01,2.183684e+01,2.183684e+01,2.185755e+01,2.182993e+01,2.185755e+01,2.176086e+01,2.178850e+01,2.174013e+01,2.189206e+01,2.185065e+01,2.181612e+01,2.194035e+01,2.178159e+01,2.180922e+01,2.178850e+01,2.182303e+01,2.178850e+01,2.171248e+01,2.187135e+01,2.180231e+01,2.191965e+01,2.174704e+01,2.178159e+01,2.189206e+01,2.184374e+01,2.180922e+01,2.193345e+01,2.182993e+01,2.189206e+01,2.185755e+01,2.186445e+01,2.187825e+01,2.187135e+01,2.185755e+01,2.185755e+01,2.181612e+01,2.178850e+01,2.178159e+01,2.174704e+01,2.160874e+01,2.167100e+01,2.156029e+01,2.146332e+01,2.144946e+01,2.151182e+01,2.152567e+01,2.155337e+01,2.147718e+01,2.144946e+01,2.147025e+01,2.169175e+01,2.176086e+01,2.174704e+01,2.185755e+01,2.171248e+01,2.180231e+01,2.181612e+01,2.169175e+01,2.151875e+01,2.153952e+01,2.160874e+01,2.162950e+01,2.161566e+01,2.151875e+01,2.159490e+01,2.161566e+01,2.158106e+01,2.156721e+01,2.153260e+01,2.163642e+01,2.157414e+01,2.162950e+01,2.160182e+01,2.161566e+01,2.156721e+01,2.156721e+01,2.156721e+01,2.165717e+01,2.169175e+01,2.173322e+01,2.167100e+01,2.166409e+01,2.151182e+01,2.178159e+01,2.165025e+01,2.165025e+01,2.162258e+01,2.145639e+01,2.165025e+01,2.145639e+01,2.145639e+01,2.141480e+01,2.142174e+01,2.144253e+01,2.152567e+01,2.153952e+01,2.149104e+01,2.157414e+01,2.162258e+01,2.154645e+01,2.151182e+01,2.152567e+01,2.151875e+01,2.147718e+01,2.147718e+01,2.144946e+01,2.142867e+01,2.151875e+01,2.142867e+01,2.138707e+01,2.128993e+01,2.142867e+01,2.153952e+01,2.152567e+01,2.148411e+01,2.152567e+01,2.167792e+01,2.154645e+01,2.158798e+01,2.155337e+01,2.151875e+01,2.141480e+01,2.151182e+01,2.136626e+01,2.146332e+01,2.147025e+01,2.140094e+01,2.155337e+01,2.148411e+01,2.154645e+01,2.153952e+01,2.155337e+01,2.137320e+01,2.153260e+01,2.128299e+01,2.142174e+01,2.146332e+01,2.130382e+01,2.144253e+01,2.133851e+01,2.142867e+01,2.145639e+01,2.138013e+01,2.138013e+01,2.130382e+01,2.139400e+01,2.140787e+01,2.140094e+01,2.139400e+01,2.138013e+01,2.139400e+01,2.131076e+01,2.132464e+01,2.138013e+01,2.133851e+01,2.112320e+01,2.123439e+01,2.119271e+01,2.131770e+01,2.132464e+01,2.131770e+01,2.113711e+01,2.119271e+01,2.103973e+01,2.103277e+01,2.092833e+01,2.101189e+01,2.115796e+01,2.141480e+01,2.139400e+01,2.138707e+01,2.143560e+01,2.155337e+01,2.160182e+01,2.176777e+01,2.160182e+01,2.171248e+01,2.162258e+01,2.166409e+01,2.161566e+01,2.153260e+01,2.160874e+01,2.147718e+01,2.351457e+01,2.216082e+01,2.149796e+01,2.147718e+01,2.160182e+01,2.140787e+01,2.147025e+01,2.147718e+01,2.135239e+01,2.140787e+01,2.144253e+01,2.138013e+01,2.137320e+01,2.151182e+01,2.147718e+01,2.151182e+01,2.146332e+01,2.141480e+01,2.149104e+01,2.135239e+01,2.143560e+01,2.141480e+01,2.134545e+01,2.140787e+01,2.139400e+01,2.150489e+01,2.131076e+01,2.128299e+01,2.151875e+01
2.187825e+01,2.181612e+01,2.188516e+01,2.200930e+01,2.176086e+01,2.184374e+01,2.190586e+01,2.188516e+01,2.178850e+01,2.190586e+01,2.186445e+01,2.178850e+01,2.189896e+01,2.188516e+01,2.193345e+01,2.188516e+01,2.195414e+01,2.195414e+01,2.180922e+01,2.180922e+01,2.178850e+01,2.193345e+01,2.188516e+01,2.180922e+01,2.194035e+01,2.185755e+01,2.186445e+01,2.180231e+01,2.193345e+01,2.184374e+01,2.173322e+01,2.186445e+01,2.185065e+01,2.176777e+01,2.184374e+01,2.186445e+01,2.189206e+01,2.188516e+01,2.187135e+01,2.187135e+01,2.182993e+01,2.186445e+01,2.189206e+01,2.200241e+01,2.187825e+01,2.198862e+01,2.197483e+01,2.198172e+01,2.196793e+01,2.202308e+01,2.194725e+01,2.192655e+01,2.190586e+01,2.194725e+01,2.200241e+01,2.207131e+01,2.195414e+01,2.194035e+01,2.194035e+01,2.184374e+01,2.188516e+01,2.202308e+01,2.194725e+01,2.191965e+01,2.192655e+01,2.200930e+01,2.193345e+01,2.202997e+01,2.196104e+01,2.196104e+01,2.190586e+01,2.216082e+01,2.196104e+01,2.205754e+01,2.202997e+01,2.200930e+01,2.198172e+01,2.196793e+01,2.194725e+01,2.200241e+01,2.196793e+01,2.203687e+01,2.205065e+01,2.202308e+01,2.194035e+01,2.207820e+01,2.203687e+01,2.200930e+01,2.200930e+01,2.207820e+01,2.185755e+01,2.198862e+01,2.205754e+01,2.205065e+01,2.206442e+01,2.206442e+01,2.204376e+01,2.200930e+01,2.204376e+01,2.209198e+01,2.202308e+01,2.193345e+01,2.201619e+01,2.204376e+01,2.203687e+01,2.191965e+01,2.201619e+01,2.192655e+01,2.191276e+01,2.187825e+01,2.191965e+01,2.196793e+01,2.198862e+01,2.190586e+01,2.188516e+01,2.189206e+01,2.194725e+01,2.185065e+01,2.188516e+01,2.178850e+01,2.192655e+01,2.191965e+01,2.191965e+01,2.176777e+01,2.176777e+01,2.174704e+01,2.179540e+01,2.179540e+01,2.178850e+01,2.169175e+01,2.163642e+01,2.165025e+01,2.167792e+01,2.152567e+01,2.150489e+01,2.117186e+01,2.096316e+01,2.099101e+01,2.088653e+01,2.092833e+01,2.092833e+01,2.088653e+01,2.099797e+01,2.071913e+01,2.084470e+01,2.069818e+01,2.083076e+01,2.078891e+01,2.080286e+01,2.087956e+01,2.074705e+01,2.098405e+01,2.075403e+01,2.111625e+01,2.113015e+01,2.078891e+01,2.111625e+01,2.110929e+01,2.109539e+01,2.160182e+01,2.161566e+01,2.160182e+01,2.176777e+01,2.167100e+01,2.172631e+01,2.182303e+01,2.183684e+01,2.175395e+01,2.160874e+01,2.170557e+01,2.162950e+01,2.158106e+01,2.126911e+01,2.140094e+01,2.106756e+01,2.120660e+01,2.115101e+01,2.127605e+01,2.119271e+01,2.116491e+01,2.129688e+01,2.127605e+01,2.136626e+01,2.181612e+01,2.178850e+01,2.186445e+01,2.181612e+01,2.188516e+01,2.180922e+01,2.184374e+01,2.176086e+01,2.182303e+01,2.161566e+01,2.175395e+01,2.181612e+01,2.177468e+01,2.172631e+01,2.178850e+01,2.167792e+01,2.182993e+01,2.178159e+01,2.176086e+01,2.169866e+01,2.172631e+01,2.159490e+01,2.169175e+01,2.166409e+01,2.173322e+01,2.174013e+01,2.168483e+01,2.177468e+01,2.179540e+01,2.179540e+01,2.179540e+01,2.178159e+01,2.179540e+01,2.181612e+01,2.178850e+01,2.192655e+01,2.198172e+01,2.194035e+01,2.188516e+01,2.193345e+01,2.189206e+01,2.192655e+01,2.185065e+01,2.176086e+01,2.180231e+01,2.154645e+01,2.171248e+01,2.185755e+01,2.169175e+01,2.184374e+01,2.176777e+01,2.179540e+01,2.174013e+01,2.171940e+01,2.171940e+01,2.178159e+01,2.171940e+01,2.172631e+01,2.166409e+01,2.167792e+01,2.162258e+01,2.159490e+01,2.158798e+01,2.163642e+01,2.154645e+01,2.153260e+01,2.156029e+01,2.158106e+01,2.173322e+01,2.180231e+01,2.183684e+01,2.177468e+01,2.185755e+01,2.182303e+01,2.182303e+01,2.176777e+01,2.176086e+01,2.180922e+01,2.167792e+01,2.173322e+01,2.163642e+01,2.149796e+01,2.163642e+01,2.162950e+01,2.165025e+01,2.165025e+01,2.166409e+01,2.193345e+01,2.197483e+01,2.180231e+01,2.194035e+01,2.207131e+01,2.198172e+01,2.210575e+01,2.180922e+01,2.180231e+01,2.180231e+01,2.195414e+01,2.189896e+01,2.189896e+01,2.182303e+01,2.182993e+01,2.171248e+01,2.187135e+01,2.158798e+01,2.165717e+01,2.162258e+01,2.165717e+01,2.183684e+01,2.191965e+01,2.184374e+01,2.187135e+01,2.187825e+01,2.185065e+01,2.191965e+01,2.185755e+01,2.189206e+01,2.190586e+01,2.187825e+01,2.191276e+01,2.201619e+01,2.179540e+01,2.184374e+01,2.201619e+01,2.189896e+01,2.187135e+01,2.201619e+01,2.184374e+01,2.185755e+01,2.191965e+01,2.182993e+01,2.191276e+01,2.189206e+01,2.179540e+01,2.189206e+01,2.185755e+01,2.183684e+01,2.181612e+01,2.165025e+01,2.167100e+01,2.165717e+01,2.151182e+01,2.174013e+01,2.167100e+01,2.179540e+01,2.170557e+01,2.171940e+01,2.180231e+01,2.176777e+01,2.190586e+01,2.189896e+01,2.181612e+01,2.189896e+01,2.187135e+01,2.198172e+01,2.196104e+01,2.185755e+01,2.189206e+01,2.191276e+01,2.191276e+01,2.189896e+01,2.194035e+01,2.183684e+01,2.189206e+01,2.194725e+01,2.198862e+01,2.198862e+01,2.202308e+01,2.202308e+01,2.189206e+01,2.196793e+01,2.198172e+01,2.185065e+01,2.188516e+01,2.198172e+01,2.193345e+01,2.200241e+01,2.190586e+01,2.200930e+01,2.195414e+01,2.197483e+01,2.196104e+01,2.201619e+01,2.182993e+01,2.194035e+01,2.195414e+01,2.183684e+01,2.177468e+01,2.166409e+01,2.179540e+01,2.170557e+01,2.169175e+01,2.170557e+01,2.158798e+01,2.159490e+01,2.149796e+01,2.149104e+01,2.167792e+01,2.168483e+01,2.168483e+01,2.176086e+01,2.173322e+01,2.174013e+01,2.174013e+01,2.177468e+01,2.180231e+01,2.176086e+01,2.171940e+01,2.175395e+01,2.180231e+01,2.162950e+01,2.174704e+01,2.166409e+01,2.159490e+01,2.155337e+01,2.162258e+01,2.152567e+01,2.158106e+01,2.156721e+01,2.161566e+01,2.162950e+01,2.165717e+01,2.162950e+01,2.163642e+01,2.151182e+01,2.149796e+01,2.152567e+01,2.161566e+01,2.152567e+01,2.159490e+01,2.151182e+01,2.144253e+01,2.168483e+01,2.153952e+01,2.162258e+01,2.164334e+01,2.162950e+01,2.149104e+01,2.172631e+01,2.174704e+01,2.160874e+01,2.180922e+01,2.182303e+01,2.182303e+01,2.193345e+01,2.176777e+01,2.182303e+01,2.165717e+01,2.180231e+01,2.181612e+01,2.182993e+01,2.180922e+01,2.176777e+01,2.177468e+01,2.184374e+01,2.172631e+01,2.182993e+01,2.171248e+01,2.181612e+01,2.171940e+01,2.182993e+01,2.172631e+01,2.189206e+01,2.186445e+01,2.172631e+01,2.174704e+01,2.168483e+01,2.174704e+01,2.177468e+01,2.178850e+01,2.179540e+01,2.191965e+01,2.184374e+01,2.180922e+01,2.177468e+01,2.184374e+01,2.178159e+01,2.187135e+01,2.180922e+01,2.188516e+01,2.165717e+01,2.167792e+01,2.176086e+01,2.174013e+01,2.171248e+01,2.162950e+01,2.177468e+01,2.151182e+01,2.128299e+01,2.147718e+01,2.145639e+01,2.147025e+01,2.145639e+01,2.154645e+01,2.140094e+01,2.149104e+01,2.166409e+01,2.173322e+01,2.161566e+01,2.185755e+01,2.178850e+01,2.174013e+01,2.157414e+01,2.160874e+01,2.160182e+01,2.159490e+01,2.158106e+01,2.157414e+01,2.158106e+01,2.160874e+01,2.167792e+01,2.160874e+01,2.162950e+01,2.158798e+01,2.174704e+01,2.160182e+01,2.160874e+01,2.162950e+01,2.154645e+01,2.165717e+01,2.167100e+01,2.158106e+01,2.160874e+01,2.156029e+01,2.158106e+01,2.169866e+01,2.156029e+01,2.149104e+01,2.162950e+01,2.149796e+01,2.153260e+01,2.145639e+01,2.155337e+01,2.142867e+01,2.142174e+01,2.144253e+01,2.141480e+01,2.138707e+01,2.149104e+01,2.150489e+01,2.153952e+01,2.149796e+01,2.151182e+01,2.153952e+01,2.147718e+01,2.133158e+01,2.151875e+01,2.133158e+01,2.145639e+01,2.147718e+01,2.140094e+01,2.159490e+01,2.143560e+01,2.134545e+01,2.143560e+01,2.145639e+01,2.151875e+01,2.151182e+01,2.143560e+01,2.153952e+01,2.152567e+01,2.156721e+01,2.158106e+01,2.169175e+01,2.150489e+01,2.151875e+01,2.154645e+01,2.146332e+01,2.147718e+01,2.140094e+01,2.146332e+01,2.138013e+01,2.143560e+01,2.142174e+01,2.142174e+01,2.140787e+01,2.136626e+01,2.147718e+01,2.144946e+01,2.149796e+01,2.148411e+01,2.148411e+01,2.134545e+01,2.122744e+01,2.140787e+01,2.140094e+01,2.144253e+01,2.147025e+01,2.144946e+01,2.133851e+01,2.141480e+01,2.134545e+01,2.141480e+01,2.118576e+01,2.133851e+01,2.131770e+01,2.126911e+01,2.122744e+01,2.141480e+01,2.121355e+01,2.121355e+01,2.145639e+01,2.117881e+01,2.118576e+01,2.121355e+01,2.131770e+01,2.122050e+01,2.116491e+01,2.111625e+01,2.119966e+01,2.126217e+01,2.110234e+01,2.104669e+01,2.109539e+01,2.111625e+01,2.135239e+01,2.125522e+01,2.153952e+01,2.151875e+01,2.147718e+01,2.160182e+01,2.160874e+01,2.161566e+01,2.160874e+01,2.156029e+01,2.165025e+01,2.147718e+01,2.172631e+01,2.148411e+01,2.162258e+01,2.152567e+01,2.147718e+01,2.162258e+01,2.147718e+01,2.149104e+01,2.147025e+01,2.140094e+01,2.144253e+01,2.157414e+01,2.142867e+01,2.140094e+01,2.148411e+01,2.138707e+01,2.122744e+01,2.137320e+01,2.139400e+01,2.149796e+01,2.141480e+01,2.133851e+01,2.138013e+01,2.138707e+01,2.128993e+01,2.141480e+01,2.138707e+01,2.129688e+01,2.142867e+01,2.142867e+01
2.165025e+01,2.188516e+01,2.189206e+01,2.177468e+01,2.189206e+01,2.180922e+01,2.178850e+01,2.180922e+01,2.187825e+01,2.180922e+01,2.189896e+01,2.188516e+01,2.188516e+01,2.188516e+01,2.190586e+01,2.194725e+01,2.187825e+01,2.180922e+01,2.192655e+01,2.184374e+01,2.181612e+01,2.177468e+01,2.176777e+01,2.166409e+01,2.178850e+01,2.190586e+01,2.182303e+01,2.183684e+01,2.185065e+01,2.185755e+01,2.175395e+01,2.175395e+01,2.190586e+01,2.198172e+01,2.184374e+01,2.191965e+01,2.200241e+01,2.199551e+01,2.189896e+01,2.192655e+01,2.192655e+01,2.185755e+01,2.191965e+01,2.192655e+01,2.188516e+01,2.178159e+01,2.193345e+01,2.190586e+01,2.204376e+01,2.198172e+01,2.198862e+01,2.194035e+01,2.191965e+01,2.194035e+01,2.194035e+01,2.193345e+01,2.195414e+01,2.191276e+01,2.194725e+01,2.202997e+01,2.188516e+01,2.196104e+01,2.191965e+01,2.198172e+01,2.194725e+01,2.196104e+01,2.196793e+01,2.195414e+01,2.192655e+01,2.200241e+01,2.191276e+01,2.191965e+01,2.206442e+01,2.197483e+01,2.196793e+01,2.200930e+01,2.202997e+01,2.196793e+01,2.192655e+01,2.194035e+01,2.198172e+01,2.200930e+01,2.205065e+01,2.196104e+01,2.191965e+01,2.205754e+01,2.213329e+01,2.211263e+01,2.202997e+01,2.209198e+01,2.208509e+01,2.191965e+01,2.207820e+01,2.203687e+01,2.211263e+01,2.199551e+01,2.200930e+01,2.198862e+01,2.200930e+01,2.202997e+01,2.202308e+01,2.202308e+01,2.204376e+01,2.202997e+01,2.201619e+01,2.200930e+01,2.201619e+01,2.205754e+01,2.196793e+01,2.185755e+01,2.187825e+01,2.191965e+01,2.191276e+01,2.191965e+01,2.189206e+01,2.195414e+01,2.189896e+01,2.189206e+01,2.192655e+01,2.188516e+01,2.189896e+01,2.193345e+01,2.190586e+01,2.192655e+01,2.178850e+01,2.187135e+01,2.190586e+01,2.181612e+01,2.178850e+01,2.167100e+01,2.180922e+01,2.173322e+01,2.153260e+01,2.166409e+01,2.170557e+01,2.165717e+01,2.152567e+01,2.156029e+01,2.135239e+01,2.146332e+01,2.134545e+01,2.126911e+01,2.120660e+01,2.117881e+01,2.128299e+01,2.126217e+01,2.121355e+01,2.088653e+01,2.120660e+01,2.136626e+01,2.147025e+01,2.140787e+01,2.139400e+01,2.158798e+01,2.142867e+01,2.168483e+01,2.168483e+01,2.138013e+01,2.172631e+01,2.160874e+01,2.178850e+01,2.171248e+01,2.171940e+01,2.165717e+01,2.163642e+01,2.173322e+01,2.181612e+01,2.179540e+01,2.176777e+01,2.172631e+01,2.163642e+01,2.166409e+01,2.147025e+01,2.134545e+01,2.123439e+01,2.117881e+01,2.117186e+01,2.129688e+01,2.129688e+01,2.115796e+01,2.132464e+01,2.130382e+01,2.140094e+01,2.161566e+01,2.182303e+01,2.183684e+01,2.180231e+01,2.181612e+01,2.174704e+01,2.195414e+01,2.179540e+01,2.178850e+01,2.183684e+01,2.171940e+01,2.180922e+01,2.173322e+01,2.179540e+01,2.178850e+01,2.179540e+01,2.166409e+01,2.165025e+01,2.173322e+01,2.178159e+01,2.163642e+01,2.160874e+01,2.168483e+01,2.178850e+01,2.171940e+01,2.171248e+01,2.179540e+01,2.172631e+01,2.184374e+01,2.173322e+01,2.188516e+01,2.187135e+01,2.177468e+01,2.187135e+01,2.178850e+01,2.179540e+01,2.185755e+01,2.182303e+01,2.189206e+01,2.179540e+01,2.178850e+01,2.182993e+01,2.189896e+01,2.170557e+01,2.185065e+01,2.176086e+01,2.165025e+01,2.162258e+01,2.180231e+01,2.175395e+01,2.176777e+01,2.174704e+01,2.172631e+01,2.174013e+01,2.167100e+01,2.163642e+01,2.168483e+01,2.173322e+01,2.165717e+01,2.151875e+01,2.161566e+01,2.158798e+01,2.154645e+01,2.147025e+01,2.151875e+01,2.152567e+01,2.154645e+01,2.142867e+01,2.174704e+01,2.184374e+01,2.180231e+01,2.183684e+01,2.182303e+01,2.180231e+01,2.176777e+01,2.182303e+01,2.174704e+01,2.178850e+01,2.180922e+01,2.176777e+01,2.176086e+01,2.153260e+01,2.162258e+01,2.160182e+01,2.167100e+01,2.168483e+01,2.166409e+01,2.178159e+01,2.180922e+01,2.190586e+01,2.196104e+01,2.194725e+01,2.194725e+01,2.208509e+01,2.201619e+01,2.218835e+01,2.207131e+01,2.201619e+01,2.187135e+01,2.187825e+01,2.191276e+01,2.172631e+01,2.168483e+01,2.169175e+01,2.171248e+01,2.165025e+01,2.158106e+01,2.165717e+01,2.188516e+01,2.185065e+01,2.185755e+01,2.193345e+01,2.187135e+01,2.189896e+01,2.184374e+01,2.192655e+01,2.191276e+01,2.191965e+01,2.186445e+01,2.190586e+01,2.189206e+01,2.185065e+01,2.196104e+01,2.189896e+01,2.199551e+01,2.189206e+01,2.186445e+01,2.187135e+01,2.189896e+01,2.189896e+01,2.191965e+01,2.187825e+01,2.180922e+01,2.191965e+01,2.179540e+01,2.181612e+01,2.176777e+01,2.200930e+01,2.177468e+01,2.182993e+01,2.167100e+01,2.160182e+01,2.165025e+01,2.162258e+01,2.177468e+01,2.182303e+01,2.174013e+01,2.173322e+01,2.177468e+01,2.176777e+01,2.194035e+01,2.193345e+01,2.186445e+01,2.183684e+01,2.198862e+01,2.188516e+01,2.186445e+01,2.185755e+01,2.199551e+01,2.187135e+01,2.204376e+01,2.192655e+01,2.190586e+01,2.187825e+01,2.191276e+01,2.191276e+01,2.195414e+01,2.191276e+01,2.198172e+01,2.196793e+01,2.202308e+01,2.196793e+01,2.196793e+01,2.187825e+01,2.196793e+01,2.199551e+01,2.199551e+01,2.193345e+01,2.205754e+01,2.198172e+01,2.200241e+01,2.200241e+01,2.199551e+01,2.191965e+01,2.188516e+01,2.185065e+01,2.184374e+01,2.184374e+01,2.167792e+01,2.165717e+01,2.159490e+01,2.152567e+01,2.188516e+01,2.168483e+01,2.153952e+01,2.159490e+01,2.180922e+01,2.173322e+01,2.165025e+01,2.173322e+01,2.180231e+01,2.177468e+01,2.169175e+01,2.175395e+01,2.175395e+01,2.174013e+01,2.167792e+01,2.174704e+01,2.175395e+01,2.153952e+01,2.176777e+01,2.158798e+01,2.177468e+01,2.167792e+01,2.161566e+01,2.158798e+01,2.153260e+01,2.164334e+01,2.160874e+01,2.177468e+01,2.164334e+01,2.159490e+01,2.158798e+01,2.158798e+01,2.151875e+01,2.163642e+01,2.158106e+01,2.151182e+01,2.147718e+01,2.151182e+01,2.148411e+01,2.147718e+01,2.161566e+01,2.151182e+01,2.167792e+01,2.160874e+01,2.162950e+01,2.157414e+01,2.175395e+01,2.175395e+01,2.176086e+01,2.189206e+01,2.175395e+01,2.180231e+01,2.171940e+01,2.179540e+01,2.165717e+01,2.179540e+01,2.179540e+01,2.183684e+01,2.180922e+01,2.180922e+01,2.179540e+01,2.185755e+01,2.180922e+01,2.173322e+01,2.175395e+01,2.180922e+01,2.169866e+01,2.169175e+01,2.176777e+01,2.181612e+01,2.176086e+01,2.183684e+01,2.180922e+01,2.174013e+01,2.177468e+01,2.177468e+01,2.171940e+01,2.176086e+01,2.189206e+01,2.183684e+01,2.182993e+01,2.188516e+01,2.183684e+01,2.185065e+01,2.181612e+01,2.187135e+01,2.182303e+01,2.183684e+01,2.163642e+01,2.160182e+01,2.167792e+01,2.162950e+01,2.160874e+01,2.160182e+01,2.140787e+01,2.148411e+01,2.119966e+01,2.142174e+01,2.147025e+01,2.122050e+01,2.134545e+01,2.135239e+01,2.148411e+01,2.143560e+01,2.165717e+01,2.167792e+01,2.172631e+01,2.174013e+01,2.176086e+01,2.175395e+01,2.166409e+01,2.153260e+01,2.151182e+01,2.154645e+01,2.155337e+01,2.157414e+01,2.154645e+01,2.165025e+01,2.156721e+01,2.162950e+01,2.165025e+01,2.155337e+01,2.160874e+01,2.161566e+01,2.156721e+01,2.163642e+01,2.157414e+01,2.170557e+01,2.162950e+01,2.165717e+01,2.166409e+01,2.163642e+01,2.160874e+01,2.165025e+01,2.164334e+01,2.158798e+01,2.153260e+01,2.151875e+01,2.159490e+01,2.158106e+01,2.155337e+01,2.155337e+01,2.141480e+01,2.151182e+01,2.143560e+01,2.151182e+01,2.151875e+01,2.140787e+01,2.154645e+01,2.155337e+01,2.151875e+01,2.158106e+01,2.147025e+01,2.158106e+01,2.155337e+01,2.153260e+01,2.148411e+01,2.155337e+01,2.149796e+01,2.140787e+01,2.142867e+01,2.151875e+01,2.154645e+01,2.154645e+01,2.142867e+01,2.155337e+01,2.153260e+01,2.157414e+01,2.166409e+01,2.151875e+01,2.165717e+01,2.153952e+01,2.153952e+01,2.140094e+01,2.152567e+01,2.153260e+01,2.150489e+01,2.151875e+01,2.146332e+01,2.140787e+01,2.152567e+01,2.149796e+01,2.152567e+01,2.140787e+01,2.141480e+01,2.144253e+01,2.141480e+01,2.148411e+01,2.149104e+01,2.151182e+01,2.149796e+01,2.141480e+01,2.143560e+01,2.143560e+01,2.144253e+01,2.141480e+01,2.138013e+01,2.143560e+01,2.144253e+01,2.135239e+01,2.124133e+01,2.156029e+01,2.117881e+01,2.129688e+01,2.123439e+01,2.134545e+01,2.121355e+01,2.130382e+01,2.135239e+01,2.129688e+01,2.110234e+01,2.129688e+01,2.115101e+01,2.128993e+01,2.113711e+01,2.110929e+01,2.127605e+01,2.122050e+01,2.111625e+01,2.092833e+01,2.092833e+01,2.103277e+01,2.097012e+01,2.120660e+01,2.126217e+01,2.132464e+01,2.146332e+01,2.166409e+01,2.138707e+01,2.162950e+01,2.160182e+01,2.147025e+01,2.156721e+01,2.156721e+01,2.153952e+01,2.141480e+01,2.157414e+01,2.153952e+01,2.156721e+01,2.149796e+01,2.149796e+01,2.139400e+01,2.141480e+01,2.147718e+01,2.141480e+01,2.142174e+01,2.138707e+01,2.148411e+01,2.144946e+01,2.140787e+01,2.144946e+01,2.140094e+01,2.146332e+01,2.132464e+01,2.140094e+01,2.149104e+01,2.136626e+01,2.138013e+01,2.131770e+01,2.137320e+01,2.151875e+01,2.149796e+01,2.137320e+01,2.133851e+01,2.133851e+01
2.165717e+01,2.189206e+01,2.189896e+01,2.178159e+01,2.192655e+01,2.178850e+01,2.184374e+01,2.187135e+01,2.178159e+01,2.187825e+01,2.187825e+01,2.178850e+01,2.178159e+01,2.187825e+01,2.196104e+01,2.192655e+01,2.167792e+01,2.185065e+01,2.186445e+01,2.187135e+01,2.177468e+01,2.178159e+01,2.184374e+01,2.185755e+01,2.181612e+01,2.187825e+01,2.174704e+01,2.187135e+01,2.182993e+01,2.187135e+01,2.185065e+01,2.184374e+01,2.187135e+01,2.169175e+01,2.185755e+01,2.187825e+01,2.187825e+01,2.194725e+01,2.190586e+01,2.191276e+01,2.185065e+01,2.191965e+01,2.184374e+01,2.194725e+01,2.188516e+01,2.188516e+01,2.178159e+01,2.198172e+01,2.203687e+01,2.201619e+01,2.191965e+01,2.230525e+01,2.188516e+01,2.200241e+01,2.193345e+01,2.199551e+01,2.194035e+01,2.193345e+01,2.200930e+01,2.203687e+01,2.205754e+01,2.193345e+01,2.196104e+01,2.194035e+01,2.191276e+01,2.198172e+01,2.198172e+01,2.203687e+01,2.194035e+01,2.209886e+01,2.190586e+01,2.195414e+01,2.203687e+01,2.194725e+01,2.196793e+01,2.196793e+01,2.200930e+01,2.196104e+01,2.198172e+01,2.199551e+01,2.194725e+01,2.200930e+01,2.206442e+01,2.200930e+01,2.204376e+01,2.200241e+01,2.205754e+01,2.211952e+01,2.201619e+01,2.214017e+01,2.211263e+01,2.194725e+01,2.209198e+01,2.196104e+01,2.188516e+01,2.199551e+01,2.195414e+01,2.202997e+01,2.200241e+01,2.201619e+01,2.205754e+01,2.208509e+01,2.191965e+01,2.202308e+01,2.194035e+01,2.196793e+01,2.188516e+01,2.193345e+01,2.186445e+01,2.187825e+01,2.190586e+01,2.189896e+01,2.184374e+01,2.194035e+01,2.184374e+01,2.185755e+01,2.192655e+01,2.170557e+01,2.192655e+01,2.191276e+01,2.188516e+01,2.180922e+01,2.191965e+01,2.190586e+01,2.188516e+01,2.182993e+01,2.185755e+01,2.194725e+01,2.174704e+01,2.178850e+01,2.176086e+01,2.178159e+01,2.174704e+01,2.176086e+01,2.170557e+01,2.165025e+01,2.159490e+01,2.167792e+01,2.156721e+01,2.163642e+01,2.157414e+01,2.167792e+01,2.144946e+01,2.153952e+01,2.164334e+01,2.157414e+01,2.156029e+01,2.157414e+01,2.161566e+01,2.169866e+01,2.171248e+01,2.175395e+01,2.151875e+01,2.168483e+01,2.174013e+01,2.167792e+01,2.169866e+01,2.170557e+01,2.178159e+01,2.174704e+01,2.187135e+01,2.167100e+01,2.181612e+01,2.164334e+01,2.176777e+01,2.174704e+01,2.175395e+01,2.177468e+01,2.170557e+01,2.165025e+01,2.162258e+01,2.165717e+01,2.161566e+01,2.156029e+01,2.133158e+01,2.139400e+01,2.132464e+01,2.122744e+01,2.132464e+01,2.128993e+01,2.130382e+01,2.136626e+01,2.153260e+01,2.166409e+01,2.184374e+01,2.178159e+01,2.184374e+01,2.175395e+01,2.178850e+01,2.196104e+01,2.174704e+01,2.176086e+01,2.169866e+01,2.180922e+01,2.176777e+01,2.187135e+01,2.194035e+01,2.164334e+01,2.165717e+01,2.178850e+01,2.166409e+01,2.173322e+01,2.175395e+01,2.162258e+01,2.162950e+01,2.162258e+01,2.174704e+01,2.172631e+01,2.172631e+01,2.180231e+01,2.171940e+01,2.181612e+01,2.179540e+01,2.180922e+01,2.181612e+01,2.178159e+01,2.180231e+01,2.192655e+01,2.189896e+01,2.183684e+01,2.185755e+01,2.175395e+01,2.188516e+01,2.189896e+01,2.187825e+01,2.173322e+01,2.170557e+01,2.173322e+01,2.183684e+01,2.160182e+01,2.168483e+01,2.165025e+01,2.167100e+01,2.168483e+01,2.171940e+01,2.172631e+01,2.169866e+01,2.169866e+01,2.170557e+01,2.168483e+01,2.166409e+01,2.162258e+01,2.152567e+01,2.150489e+01,2.163642e+01,2.161566e+01,2.154645e+01,2.160182e+01,2.144946e+01,2.146332e+01,2.133851e+01,2.167792e+01,2.174013e+01,2.174013e+01,2.169866e+01,2.178159e+01,2.178159e+01,2.178159e+01,2.178159e+01,2.178850e+01,2.178159e+01,2.178850e+01,2.171248e+01,2.159490e+01,2.166409e+01,2.148411e+01,2.148411e+01,2.168483e+01,2.167792e+01,2.172631e+01,2.177468e+01,2.198862e+01,2.198862e+01,2.189206e+01,2.194035e+01,2.191965e+01,2.204376e+01,2.201619e+01,2.205754e+01,2.206442e+01,2.200930e+01,2.191276e+01,2.196104e+01,2.194725e+01,2.172631e+01,2.170557e+01,2.171940e+01,2.168483e+01,2.162258e+01,2.162950e+01,2.149104e+01,2.183684e+01,2.185065e+01,2.188516e+01,2.194035e+01,2.194725e+01,2.189896e+01,2.180231e+01,2.191965e+01,2.195414e+01,2.191965e+01,2.189206e+01,2.187135e+01,2.190586e+01,2.189206e+01,2.189896e+01,2.191965e+01,2.194725e+01,2.172631e+01,2.192655e+01,2.185755e+01,2.191276e+01,2.187825e+01,2.194725e+01,2.187135e+01,2.181612e+01,2.180231e+01,2.191965e+01,2.191276e+01,2.176086e+01,2.198862e+01,2.190586e+01,2.180922e+01,2.174013e+01,2.175395e+01,2.172631e+01,2.171248e+01,2.164334e+01,2.171248e+01,2.173322e+01,2.178159e+01,2.178850e+01,2.188516e+01,2.189896e+01,2.189206e+01,2.189206e+01,2.188516e+01,2.186445e+01,2.199551e+01,2.196793e+01,2.198172e+01,2.200930e+01,2.187135e+01,2.200241e+01,2.192655e+01,2.207820e+01,2.187825e+01,2.194035e+01,2.191965e+01,2.200930e+01,2.194725e+01,2.200241e+01,2.200930e+01,2.200241e+01,2.197483e+01,2.189896e+01,2.198862e+01,2.194725e+01,2.201619e+01,2.197483e+01,2.199551e+01,2.189896e+01,2.191276e+01,2.203687e+01,2.189896e+01,2.187825e+01,2.186445e+01,2.189896e+01,2.183684e+01,2.187135e+01,2.162258e+01,2.171940e+01,2.163642e+01,2.171940e+01,2.159490e+01,2.169866e+01,2.167792e+01,2.163642e+01,2.160874e+01,2.166409e+01,2.170557e+01,2.176086e+01,2.180231e+01,2.175395e+01,2.177468e+01,2.178159e+01,2.176777e+01,2.175395e+01,2.176777e+01,2.175395e+01,2.170557e+01,2.178159e+01,2.156721e+01,2.174013e+01,2.167792e+01,2.159490e+01,2.179540e+01,2.146332e+01,2.149796e+01,2.146332e+01,2.146332e+01,2.162258e+01,2.163642e+01,2.170557e+01,2.159490e+01,2.161566e+01,2.154645e+01,2.152567e+01,2.160182e+01,2.153260e+01,2.151875e+01,2.159490e+01,2.159490e+01,2.161566e+01,2.152567e+01,2.155337e+01,2.151182e+01,2.167792e+01,2.155337e+01,2.167100e+01,2.155337e+01,2.153952e+01,2.159490e+01,2.163642e+01,2.161566e+01,2.160182e+01,2.169866e+01,2.171248e+01,2.174704e+01,2.176777e+01,2.180922e+01,2.175395e+01,2.176086e+01,2.171248e+01,2.174704e+01,2.181612e+01,2.174704e+01,2.180922e+01,2.175395e+01,2.180922e+01,2.175395e+01,2.180231e+01,2.165717e+01,2.174013e+01,2.177468e+01,2.175395e+01,2.178850e+01,2.176086e+01,2.189896e+01,2.185755e+01,2.177468e+01,2.177468e+01,2.174704e+01,2.175395e+01,2.180231e+01,2.182303e+01,2.173322e+01,2.185755e+01,2.191276e+01,2.176086e+01,2.177468e+01,2.178850e+01,2.175395e+01,2.182303e+01,2.172631e+01,2.176777e+01,2.178159e+01,2.160182e+01,2.158106e+01,2.156029e+01,2.138707e+01,2.130382e+01,2.149796e+01,2.131770e+01,2.127605e+01,2.128993e+01,2.122050e+01,2.136626e+01,2.140094e+01,2.155337e+01,2.174013e+01,2.183684e+01,2.172631e+01,2.175395e+01,2.161566e+01,2.158798e+01,2.150489e+01,2.149104e+01,2.153952e+01,2.161566e+01,2.159490e+01,2.157414e+01,2.155337e+01,2.162950e+01,2.163642e+01,2.151182e+01,2.155337e+01,2.154645e+01,2.156721e+01,2.156721e+01,2.165717e+01,2.153260e+01,2.165025e+01,2.174013e+01,2.156029e+01,2.156721e+01,2.169866e+01,2.162258e+01,2.159490e+01,2.165717e+01,2.156721e+01,2.147025e+01,2.152567e+01,2.141480e+01,2.158106e+01,2.142174e+01,2.153260e+01,2.140787e+01,2.144253e+01,2.138013e+01,2.146332e+01,2.143560e+01,2.154645e+01,2.144253e+01,2.157414e+01,2.156721e+01,2.158106e+01,2.153952e+01,2.158798e+01,2.155337e+01,2.152567e+01,2.153260e+01,2.147718e+01,2.153260e+01,2.155337e+01,2.144946e+01,2.146332e+01,2.131770e+01,2.143560e+01,2.153952e+01,2.153952e+01,2.154645e+01,2.154645e+01,2.152567e+01,2.152567e+01,2.151875e+01,2.150489e+01,2.154645e+01,2.150489e+01,2.152567e+01,2.142867e+01,2.150489e+01,2.151875e+01,2.143560e+01,2.140787e+01,2.133158e+01,2.144946e+01,2.144946e+01,2.140787e+01,2.143560e+01,2.138013e+01,2.153260e+01,2.156029e+01,2.151182e+01,2.140787e+01,2.146332e+01,2.145639e+01,2.141480e+01,2.133851e+01,2.142174e+01,2.140094e+01,2.140787e+01,2.134545e+01,2.135933e+01,2.131770e+01,2.125522e+01,2.129688e+01,2.132464e+01,2.133158e+01,2.132464e+01,2.124828e+01,2.124828e+01,2.128299e+01,2.119966e+01,2.121355e+01,2.120660e+01,2.131076e+01,2.129688e+01,2.119271e+01,2.130382e+01,2.118576e+01,2.126217e+01,2.113711e+01,2.105365e+01,2.098405e+01,2.112320e+01,2.097709e+01,2.103277e+01,2.098405e+01,2.103973e+01,2.128993e+01,2.142867e+01,2.147025e+01,2.147718e+01,2.160874e+01,2.138707e+01,2.133851e+01,2.152567e+01,2.160874e+01,2.144253e+01,2.154645e+01,2.147718e+01,2.155337e+01,2.157414e+01,2.158798e+01,2.147025e+01,2.157414e+01,2.145639e+01,2.143560e+01,2.157414e+01,2.148411e+01,2.144253e+01,2.143560e+01,2.142174e+01,2.142867e+01,2.135933e+01,2.136626e+01,2.147718e+01,2.139400e+01,2.147718e+01,2.138707e+01,2.138707e+01,2.132464e+01,2.139400e+01,2.140094e+01,2.129688e+01,2.140094e+01,2.119271e+01,2.147025e+01,2.131770e+01
2.187825e+01,2.169175e+01,2.167792e+01,2.189206e+01,2.174013e+01,2.176777e+01,2.173322e+01,2.179540e+01,2.181612e+01,2.189896e+01,2.189896e+01,2.180922e+01,2.174013e+01,2.175395e+01,2.181612e+01,2.179540e+01,2.194035e+01,2.189896e+01,2.196104e+01,2.183684e+01,2.186445e+01,2.167792e+01,2.185065e+01,2.195414e+01,2.185065e+01,2.172631e+01,2.174704e+01,2.178850e+01,2.179540e+01,2.185065e+01,2.176777e+01,2.175395e+01,2.183684e+01,2.164334e+01,2.194725e+01,2.163642e+01,2.184374e+01,2.166409e+01,2.186445e+01,2.182993e+01,2.185755e+01,2.194725e+01,2.190586e+01,2.182993e+01,2.207820e+01,2.203687e+01,2.186445e+01,2.188516e+01,2.186445e+01,2.187135e+01,2.188516e+01,2.187825e+01,2.194035e+01,2.191276e+01,2.186445e+01,2.202997e+01,2.190586e+01,2.198172e+01,2.187825e+01,2.200930e+01,2.207820e+01,2.196104e+01,2.190586e+01,2.185755e+01,2.188516e+01,2.187825e+01,2.196793e+01,2.192655e+01,2.198172e+01,2.194725e+01,2.194035e+01,2.201619e+01,2.194725e+01,2.197483e+01,2.197483e+01,2.203687e+01,2.225713e+01,2.203687e+01,2.210575e+01,2.196793e+01,2.197483e+01,2.195414e+01,2.206442e+01,2.194035e+01,2.193345e+01,2.202308e+01,2.204376e+01,2.207820e+01,2.202997e+01,2.205065e+01,2.211952e+01,2.205065e+01,2.208509e+01,2.189896e+01,2.203687e+01,2.198862e+01,2.197483e+01,2.197483e+01,2.197483e+01,2.202997e+01,2.205065e+01,2.204376e+01,2.202308e+01,2.199551e+01,2.196104e+01,2.189896e+01,2.198862e+01,2.196793e+01,2.197483e+01,2.183684e+01,2.190586e+01,2.186445e+01,2.187825e+01,2.190586e+01,2.189206e+01,2.181612e+01,2.183684e+01,2.185755e+01,2.187135e+01,2.172631e+01,2.189896e+01,2.179540e+01,2.178850e+01,2.175395e+01,2.174013e+01,2.188516e+01,2.182303e+01,2.196104e+01,2.177468e+01,2.182303e+01,2.182993e+01,2.176777e+01,2.152567e+01,2.172631e+01,2.174704e+01,2.172631e+01,2.167792e+01,2.168483e+01,2.161566e+01,2.163642e+01,2.173322e+01,2.179540e+01,2.169175e+01,2.170557e+01,2.172631e+01,2.158798e+01,2.164334e+01,2.160874e+01,2.171940e+01,2.178850e+01,2.175395e+01,2.172631e+01,2.180231e+01,2.171248e+01,2.176086e+01,2.180922e+01,2.173322e+01,2.169866e+01,2.162950e+01,2.174013e+01,2.176086e+01,2.186445e+01,2.170557e+01,2.166409e+01,2.172631e+01,2.176086e+01,2.176086e+01,2.170557e+01,2.182303e+01,2.169866e+01,2.162950e+01,2.165025e+01,2.160182e+01,2.158106e+01,2.144946e+01,2.138013e+01,2.115796e+01,2.122050e+01,2.117186e+01,2.115101e+01,2.133851e+01,2.129688e+01,2.160874e+01,2.185755e+01,2.184374e+01,2.180231e+01,2.175395e+01,2.177468e+01,2.173322e+01,2.176777e+01,2.174704e+01,2.176086e+01,2.164334e+01,2.169866e+01,2.175395e+01,2.169866e+01,2.174704e+01,2.176086e+01,2.175395e+01,2.171940e+01,2.171248e+01,2.159490e+01,2.176777e+01,2.174704e+01,2.160182e+01,2.167100e+01,2.164334e+01,2.159490e+01,2.179540e+01,2.172631e+01,2.174704e+01,2.178159e+01,2.178159e+01,2.181612e+01,2.178159e+01,2.178850e+01,2.177468e+01,2.181612e+01,2.182303e+01,2.169866e+01,2.188516e+01,2.169866e+01,2.185755e+01,2.171248e+01,2.166409e+01,2.175395e+01,2.174704e+01,2.187135e+01,2.172631e+01,2.167792e+01,2.167792e+01,2.180922e+01,2.165025e+01,2.171248e+01,2.169175e+01,2.169866e+01,2.168483e+01,2.158798e+01,2.175395e+01,2.158798e+01,2.157414e+01,2.161566e+01,2.155337e+01,2.165717e+01,2.167100e+01,2.165717e+01,2.162258e+01,2.151182e+01,2.162950e+01,2.154645e+01,2.160182e+01,2.165717e+01,2.163642e+01,2.180922e+01,2.180231e+01,2.176777e+01,2.174013e+01,2.182303e+01,2.174704e+01,2.178850e+01,2.166409e+01,2.173322e+01,2.162258e+01,2.165717e+01,2.163642e+01,2.163642e+01,2.165717e+01,2.169866e+01,2.154645e+01,2.165717e+01,2.180231e+01,2.171248e+01,2.194035e+01,2.194725e+01,2.194725e+01,2.203687e+01,2.207820e+01,2.207820e+01,2.210575e+01,2.203687e+01,2.196104e+01,2.189206e+01,2.198172e+01,2.195414e+01,2.189896e+01,2.189206e+01,2.178159e+01,2.168483e+01,2.162258e+01,2.154645e+01,2.161566e+01,2.165025e+01,2.184374e+01,2.186445e+01,2.187825e+01,2.200241e+01,2.191965e+01,2.189896e+01,2.194035e+01,2.190586e+01,2.176086e+01,2.198172e+01,2.194725e+01,2.198862e+01,2.188516e+01,2.189206e+01,2.194725e+01,2.194725e+01,2.189206e+01,2.187135e+01,2.190586e+01,2.185065e+01,2.187135e+01,2.189206e+01,2.187135e+01,2.187135e+01,2.185755e+01,2.181612e+01,2.175395e+01,2.193345e+01,2.186445e+01,2.187825e+01,2.178159e+01,2.186445e+01,2.191965e+01,2.174013e+01,2.172631e+01,2.169866e+01,2.172631e+01,2.175395e+01,2.158798e+01,2.169866e+01,2.172631e+01,2.170557e+01,2.167792e+01,2.190586e+01,2.194725e+01,2.196104e+01,2.189896e+01,2.192655e+01,2.205065e+01,2.187135e+01,2.195414e+01,2.197483e+01,2.199551e+01,2.189206e+01,2.202997e+01,2.193345e+01,2.197483e+01,2.195414e+01,2.195414e+01,2.202308e+01,2.198862e+01,2.200241e+01,2.191965e+01,2.193345e+01,2.196104e+01,2.202308e+01,2.181612e+01,2.207820e+01,2.203687e+01,2.201619e+01,2.206442e+01,2.204376e+01,2.200930e+01,2.187135e+01,2.168483e+01,2.180922e+01,2.185755e+01,2.185065e+01,2.187135e+01,2.161566e+01,2.170557e+01,2.156721e+01,2.179540e+01,2.155337e+01,2.164334e+01,2.160182e+01,2.176777e+01,2.176777e+01,2.184374e+01,2.167100e+01,2.177468e+01,2.172631e+01,2.177468e+01,2.162258e+01,2.187135e+01,2.177468e+01,2.175395e+01,2.169175e+01,2.167100e+01,2.176086e+01,2.180231e+01,2.165717e+01,2.167792e+01,2.160874e+01,2.152567e+01,2.128299e+01,2.129688e+01,2.133851e+01,2.138013e+01,2.158798e+01,2.151182e+01,2.153260e+01,2.161566e+01,2.161566e+01,2.164334e+01,2.158798e+01,2.160874e+01,2.151182e+01,2.153952e+01,2.159490e+01,2.157414e+01,2.150489e+01,2.165717e+01,2.151182e+01,2.157414e+01,2.153260e+01,2.150489e+01,2.152567e+01,2.160874e+01,2.142174e+01,2.153260e+01,2.160182e+01,2.162258e+01,2.159490e+01,2.162258e+01,2.158798e+01,2.170557e+01,2.175395e+01,2.178159e+01,2.162258e+01,2.181612e+01,2.179540e+01,2.166409e+01,2.176086e+01,2.191965e+01,2.171248e+01,2.181612e+01,2.171248e+01,2.177468e+01,2.169175e+01,2.172631e+01,2.176086e+01,2.173322e+01,2.180922e+01,2.185755e+01,2.158106e+01,2.175395e+01,2.172631e+01,2.165025e+01,2.173322e+01,2.174704e+01,2.176086e+01,2.185755e+01,2.183684e+01,2.185755e+01,2.180922e+01,2.191276e+01,2.176777e+01,2.180231e+01,2.158106e+01,2.158106e+01,2.169175e+01,2.176777e+01,2.163642e+01,2.160182e+01,2.157414e+01,2.153260e+01,2.124133e+01,2.130382e+01,2.120660e+01,2.137320e+01,2.124133e+01,2.130382e+01,2.140094e+01,2.131076e+01,2.135933e+01,2.131770e+01,2.172631e+01,2.189896e+01,2.174013e+01,2.178850e+01,2.174013e+01,2.173322e+01,2.165717e+01,2.159490e+01,2.151182e+01,2.160182e+01,2.150489e+01,2.153260e+01,2.154645e+01,2.165025e+01,2.153260e+01,2.147025e+01,2.158106e+01,2.167792e+01,2.158106e+01,2.151182e+01,2.153260e+01,2.153260e+01,2.156029e+01,2.155337e+01,2.159490e+01,2.169175e+01,2.164334e+01,2.162258e+01,2.165025e+01,2.165025e+01,2.158106e+01,2.157414e+01,2.156721e+01,2.153952e+01,2.142174e+01,2.152567e+01,2.156721e+01,2.151182e+01,2.138707e+01,2.143560e+01,2.138707e+01,2.131770e+01,2.138013e+01,2.139400e+01,2.156029e+01,2.151875e+01,2.156721e+01,2.149796e+01,2.140787e+01,2.153260e+01,2.157414e+01,2.152567e+01,2.153260e+01,2.138013e+01,2.153260e+01,2.143560e+01,2.149796e+01,2.147025e+01,2.144946e+01,2.139400e+01,2.156029e+01,2.150489e+01,2.153952e+01,2.164334e+01,2.151875e+01,2.163642e+01,2.167792e+01,2.160182e+01,2.151182e+01,2.151875e+01,2.151182e+01,2.154645e+01,2.151182e+01,2.149796e+01,2.155337e+01,2.152567e+01,2.145639e+01,2.135239e+01,2.147718e+01,2.146332e+01,2.137320e+01,2.153260e+01,2.149104e+01,2.157414e+01,2.150489e+01,2.151182e+01,2.151182e+01,2.144946e+01,2.142174e+01,2.142174e+01,2.137320e+01,2.141480e+01,2.135239e+01,2.136626e+01,2.139400e+01,2.131770e+01,2.132464e+01,2.123439e+01,2.128299e+01,2.116491e+01,2.119966e+01,2.133158e+01,2.133851e+01,2.130382e+01,2.124133e+01,2.119966e+01,2.122744e+01,2.119271e+01,2.138013e+01,2.128299e+01,2.113015e+01,2.124828e+01,2.110929e+01,2.128299e+01,2.113015e+01,2.113711e+01,2.098405e+01,2.092833e+01,2.099101e+01,2.097012e+01,2.096316e+01,2.097709e+01,2.099101e+01,2.140094e+01,2.150489e+01,2.149796e+01,2.134545e+01,2.138707e+01,2.162950e+01,2.145639e+01,2.151182e+01,2.150489e+01,2.148411e+01,2.151182e+01,2.162950e+01,2.155337e+01,2.155337e+01,2.151182e+01,2.145639e+01,2.150489e+01,2.144253e+01,2.148411e+01,2.146332e+01,2.145639e+01,2.147718e+01,2.142174e+01,2.133851e+01,2.135239e+01,2.143560e+01,2.133158e+01,2.131076e+01,2.137320e+01,2.138013e+01,2.132464e+01,2.147718e+01,2.140787e+01,2.144946e+01,2.128299e+01,2.128993e+01,2.138013e+01,2.144946e+01
2.187135e+01,2.174013e+01,2.168483e+01,2.174013e+01,2.176777e+01,2.175395e+01,2.177468e+01,2.173322e+01,2.184374e+01,2.180231e+01,2.164334e+01,2.182993e+01,2.194035e+01,2.191276e+01,2.176086e+01,2.194725e+01,2.193345e+01,2.181612e+01,2.176086e+01,2.186445e+01,2.179540e+01,2.167100e+01,2.183684e+01,2.176086e+01,2.187135e+01,2.173322e+01,2.176086e+01,2.179540e+01,2.180231e+01,2.187135e+01,2.185065e+01,2.186445e+01,2.178159e+01,2.165025e+01,2.182993e+01,2.185065e+01,2.192655e+01,2.167100e+01,2.189896e+01,2.189896e+01,2.201619e+01,2.191276e+01,2.193345e+01,2.197483e+01,2.184374e+01,2.188516e+01,2.198172e+01,2.181612e+01,2.190586e+01,2.184374e+01,2.193345e+01,2.189896e+01,2.191276e+01,2.190586e+01,2.194725e+01,2.199551e+01,2.191276e+01,2.199551e+01,2.203687e+01,2.194035e+01,2.201619e+01,2.196793e+01,2.200930e+01,2.190586e+01,2.196104e+01,2.196104e+01,2.197483e+01,2.196104e+01,2.191965e+01,2.194725e+01,2.196793e+01,2.196104e+01,2.194725e+01,2.208509e+01,2.204376e+01,2.198862e+01,2.194035e+01,2.192655e+01,2.200930e+01,2.198862e+01,2.192655e+01,2.195414e+01,2.198862e+01,2.196104e+01,2.194725e+01,2.202308e+01,2.198862e+01,2.207131e+01,2.197483e+01,2.202308e+01,2.202308e+01,2.200930e+01,2.196104e+01,2.196104e+01,2.185755e+01,2.198862e+01,2.197483e+01,2.191276e+01,2.200930e+01,2.199551e+01,2.195414e+01,2.196104e+01,2.202997e+01,2.202997e+01,2.193345e+01,2.186445e+01,2.198172e+01,2.195414e+01,2.187135e+01,2.183684e+01,2.203687e+01,2.192655e+01,2.198172e+01,2.187135e+01,2.176777e+01,2.189206e+01,2.183684e+01,2.171940e+01,2.190586e+01,2.180231e+01,2.185065e+01,2.187825e+01,2.186445e+01,2.182303e+01,2.182303e+01,2.187825e+01,2.181612e+01,2.179540e+01,2.183684e+01,2.163642e+01,2.183684e+01,2.174704e+01,2.182303e+01,2.178850e+01,2.173322e+01,2.171248e+01,2.170557e+01,2.164334e+01,2.180922e+01,2.162258e+01,2.171248e+01,2.176086e+01,2.169175e+01,2.172631e+01,2.170557e+01,2.172631e+01,2.173322e+01,2.171248e+01,2.158106e+01,2.171940e+01,2.173322e+01,2.169175e+01,2.171940e+01,2.167792e+01,2.164334e+01,2.165025e+01,2.171940e+01,2.171248e+01,2.178159e+01,2.161566e+01,2.177468e+01,2.185755e+01,2.174013e+01,2.169866e+01,2.184374e+01,2.177468e+01,2.171940e+01,2.175395e+01,2.171940e+01,2.166409e+01,2.185755e+01,2.172631e+01,2.161566e+01,2.164334e+01,2.148411e+01,2.140787e+01,2.135933e+01,2.135239e+01,2.129688e+01,2.127605e+01,2.133851e+01,2.130382e+01,2.163642e+01,2.172631e+01,2.172631e+01,2.181612e+01,2.181612e+01,2.178850e+01,2.176086e+01,2.176086e+01,2.176086e+01,2.165717e+01,2.182993e+01,2.189206e+01,2.160874e+01,2.182303e+01,2.176086e+01,2.174704e+01,2.169175e+01,2.176086e+01,2.176086e+01,2.169866e+01,2.176777e+01,2.168483e+01,2.172631e+01,2.155337e+01,2.177468e+01,2.170557e+01,2.155337e+01,2.174704e+01,2.180922e+01,2.169175e+01,2.185755e+01,2.162258e+01,2.176086e+01,2.171940e+01,2.180231e+01,2.167792e+01,2.178850e+01,2.176777e+01,2.182303e+01,2.176086e+01,2.173322e+01,2.176777e+01,2.180922e+01,2.173322e+01,2.161566e+01,2.171248e+01,2.167100e+01,2.167100e+01,2.156029e+01,2.167792e+01,2.164334e+01,2.169175e+01,2.173322e+01,2.168483e+01,2.175395e+01,2.166409e+01,2.161566e+01,2.162258e+01,2.165717e+01,2.167792e+01,2.141480e+01,2.155337e+01,2.157414e+01,2.161566e+01,2.150489e+01,2.140787e+01,2.145639e+01,2.159490e+01,2.163642e+01,2.191276e+01,2.174704e+01,2.182303e+01,2.176086e+01,2.184374e+01,2.192655e+01,2.178159e+01,2.177468e+01,2.171940e+01,2.180922e+01,2.178159e+01,2.169175e+01,2.143560e+01,2.162258e+01,2.165717e+01,2.167792e+01,2.182993e+01,2.176777e+01,2.197483e+01,2.177468e+01,2.199551e+01,2.198172e+01,2.197483e+01,2.198172e+01,2.211952e+01,2.211952e+01,2.205754e+01,2.214017e+01,2.193345e+01,2.210575e+01,2.191965e+01,2.206442e+01,2.186445e+01,2.189896e+01,2.178850e+01,2.174013e+01,2.170557e+01,2.174013e+01,2.177468e+01,2.162258e+01,2.167792e+01,2.176086e+01,2.181612e+01,2.191276e+01,2.194035e+01,2.185065e+01,2.194725e+01,2.184374e+01,2.202997e+01,2.202308e+01,2.198862e+01,2.191276e+01,2.191276e+01,2.189206e+01,2.195414e+01,2.195414e+01,2.186445e+01,2.180231e+01,2.185065e+01,2.185065e+01,2.189896e+01,2.189896e+01,2.187825e+01,2.189896e+01,2.188516e+01,2.182993e+01,2.188516e+01,2.191965e+01,2.191965e+01,2.196104e+01,2.189896e+01,2.194035e+01,2.182303e+01,2.180922e+01,2.180922e+01,2.176086e+01,2.158798e+01,2.175395e+01,2.171940e+01,2.174013e+01,2.173322e+01,2.175395e+01,2.178850e+01,2.173322e+01,2.182303e+01,2.182303e+01,2.177468e+01,2.184374e+01,2.194035e+01,2.212641e+01,2.192655e+01,2.189896e+01,2.191276e+01,2.202997e+01,2.199551e+01,2.202997e+01,2.198172e+01,2.202997e+01,2.202997e+01,2.191276e+01,2.196104e+01,2.198862e+01,2.200241e+01,2.193345e+01,2.193345e+01,2.202997e+01,2.205754e+01,2.198862e+01,2.193345e+01,2.200241e+01,2.201619e+01,2.205754e+01,2.206442e+01,2.198862e+01,2.187135e+01,2.185755e+01,2.185755e+01,2.184374e+01,2.182993e+01,2.178159e+01,2.181612e+01,2.178159e+01,2.169866e+01,2.163642e+01,2.165025e+01,2.163642e+01,2.182303e+01,2.195414e+01,2.171248e+01,2.177468e+01,2.171248e+01,2.178159e+01,2.176086e+01,2.180231e+01,2.182993e+01,2.162258e+01,2.169175e+01,2.167792e+01,2.169175e+01,2.175395e+01,2.174704e+01,2.175395e+01,2.161566e+01,2.161566e+01,2.163642e+01,2.141480e+01,2.146332e+01,2.117186e+01,2.122744e+01,2.123439e+01,2.135933e+01,2.147718e+01,2.147718e+01,2.159490e+01,2.162950e+01,2.162950e+01,2.174013e+01,2.151182e+01,2.149104e+01,2.156721e+01,2.159490e+01,2.153260e+01,2.151182e+01,2.162950e+01,2.160182e+01,2.154645e+01,2.149104e+01,2.151875e+01,2.152567e+01,2.151875e+01,2.155337e+01,2.147025e+01,2.153952e+01,2.150489e+01,2.156721e+01,2.160182e+01,2.162950e+01,2.163642e+01,2.165025e+01,2.159490e+01,2.185755e+01,2.174013e+01,2.182303e+01,2.194035e+01,2.169175e+01,2.180922e+01,2.170557e+01,2.179540e+01,2.171248e+01,2.175395e+01,2.174013e+01,2.176777e+01,2.195414e+01,2.176086e+01,2.179540e+01,2.191965e+01,2.179540e+01,2.174013e+01,2.173322e+01,2.176086e+01,2.172631e+01,2.172631e+01,2.165025e+01,2.181612e+01,2.185755e+01,2.169866e+01,2.197483e+01,2.167792e+01,2.156029e+01,2.177468e+01,2.178850e+01,2.157414e+01,2.162258e+01,2.174013e+01,2.171940e+01,2.162950e+01,2.158106e+01,2.158106e+01,2.127605e+01,2.136626e+01,2.133851e+01,2.128299e+01,2.131076e+01,2.135933e+01,2.135933e+01,2.138013e+01,2.135933e+01,2.160874e+01,2.174013e+01,2.176086e+01,2.174013e+01,2.172631e+01,2.174013e+01,2.173322e+01,2.149104e+01,2.154645e+01,2.147718e+01,2.156029e+01,2.167792e+01,2.157414e+01,2.153260e+01,2.167792e+01,2.167100e+01,2.156029e+01,2.165717e+01,2.162950e+01,2.167100e+01,2.159490e+01,2.162258e+01,2.162950e+01,2.160874e+01,2.159490e+01,2.164334e+01,2.162950e+01,2.153952e+01,2.163642e+01,2.157414e+01,2.151182e+01,2.160874e+01,2.155337e+01,2.160182e+01,2.157414e+01,2.145639e+01,2.151875e+01,2.141480e+01,2.117881e+01,2.138707e+01,2.135933e+01,2.137320e+01,2.138707e+01,2.133158e+01,2.149796e+01,2.142174e+01,2.142174e+01,2.149104e+01,2.160182e+01,2.152567e+01,2.140094e+01,2.154645e+01,2.156029e+01,2.154645e+01,2.140787e+01,2.151182e+01,2.151182e+01,2.142867e+01,2.151875e+01,2.143560e+01,2.159490e+01,2.151182e+01,2.150489e+01,2.153952e+01,2.158106e+01,2.154645e+01,2.151182e+01,2.158798e+01,2.151182e+01,2.150489e+01,2.156029e+01,2.153260e+01,2.151875e+01,2.148411e+01,2.144946e+01,2.151875e+01,2.156029e+01,2.142174e+01,2.143560e+01,2.151182e+01,2.142174e+01,2.148411e+01,2.157414e+01,2.148411e+01,2.139400e+01,2.156029e+01,2.147025e+01,2.153260e+01,2.139400e+01,2.144253e+01,2.149796e+01,2.143560e+01,2.138707e+01,2.142174e+01,2.115796e+01,2.138707e+01,2.133158e+01,2.131076e+01,2.133158e+01,2.111625e+01,2.111625e+01,2.122050e+01,2.121355e+01,2.125522e+01,2.129688e+01,2.125522e+01,2.132464e+01,2.128993e+01,2.113711e+01,2.132464e+01,2.122744e+01,2.109539e+01,2.129688e+01,2.110234e+01,2.100493e+01,2.098405e+01,2.103973e+01,2.100493e+01,2.124828e+01,2.099101e+01,2.097709e+01,2.094923e+01,2.099101e+01,2.100493e+01,2.145639e+01,2.144946e+01,2.134545e+01,2.146332e+01,2.159490e+01,2.125522e+01,2.161566e+01,2.155337e+01,2.152567e+01,2.143560e+01,2.152567e+01,2.156029e+01,2.148411e+01,2.153952e+01,2.151182e+01,2.147718e+01,2.141480e+01,2.145639e+01,2.147718e+01,2.144253e+01,2.131076e+01,2.143560e+01,2.142867e+01,2.142867e+01,2.142867e+01,2.140787e+01,2.142867e+01,2.142867e+01,2.143560e+01,2.142174e+01,2.144253e+01,2.126911e+01,2.135933e+01,2.126217e+01,2.135933e+01,2.135933e+01,2.144253e+01,2.144253e+01
2.181612e+01,2.184374e+01,2.195414e+01,2.189896e+01,2.186445e+01,2.182993e+01,2.169866e+01,2.189206e+01,2.169175e+01,2.190586e+01,2.180231e+01,2.191965e+01,2.191276e+01,2.176777e+01,2.175395e+01,2.182993e+01,2.173322e+01,2.189206e+01,2.170557e+01,2.178159e+01,2.184374e+01,2.180922e+01,2.182993e+01,2.188516e+01,2.177468e+01,2.172631e+01,2.196793e+01,2.184374e+01,2.179540e+01,2.176777e+01,2.180922e+01,2.183684e+01,2.181612e+01,2.173322e+01,2.183684e+01,2.184374e+01,2.191965e+01,2.184374e+01,2.187825e+01,2.200930e+01,2.191965e+01,2.193345e+01,2.191965e+01,2.193345e+01,2.191965e+01,2.197483e+01,2.203687e+01,2.184374e+01,2.195414e+01,2.186445e+01,2.189206e+01,2.193345e+01,2.189206e+01,2.191965e+01,2.185065e+01,2.189896e+01,2.193345e+01,2.196793e+01,2.198172e+01,2.180922e+01,2.187135e+01,2.188516e+01,2.194725e+01,2.197483e+01,2.198172e+01,2.187135e+01,2.185065e+01,2.199551e+01,2.200930e+01,2.196104e+01,2.198862e+01,2.191965e+01,2.195414e+01,2.187825e+01,2.198862e+01,2.199551e+01,2.202308e+01,2.196104e+01,2.198862e+01,2.203687e+01,2.182993e+01,2.197483e+01,2.207820e+01,2.197483e+01,2.201619e+01,2.200930e+01,2.195414e+01,2.205065e+01,2.196793e+01,2.200241e+01,2.198862e+01,2.205065e+01,2.200930e+01,2.194725e+01,2.198862e+01,2.219523e+01,2.196793e+01,2.185755e+01,2.202997e+01,2.193345e+01,2.196104e+01,2.196104e+01,2.189896e+01,2.199551e+01,2.193345e+01,2.194725e+01,2.185065e+01,2.178850e+01,2.200241e+01,2.190586e+01,2.178159e+01,2.178850e+01,2.189896e+01,2.187825e+01,2.183684e+01,2.182993e+01,2.174013e+01,2.170557e+01,2.172631e+01,2.173322e+01,2.180922e+01,2.182303e+01,2.170557e+01,2.182303e+01,2.177468e+01,2.180231e+01,2.182303e+01,2.158798e+01,2.164334e+01,2.184374e+01,2.171940e+01,2.175395e+01,2.174013e+01,2.172631e+01,2.172631e+01,2.172631e+01,2.169866e+01,2.176086e+01,2.169175e+01,2.180922e+01,2.171248e+01,2.163642e+01,2.171248e+01,2.164334e+01,2.167100e+01,2.174013e+01,2.170557e+01,2.170557e+01,2.159490e+01,2.167100e+01,2.171248e+01,2.176777e+01,2.173322e+01,2.169175e+01,2.171248e+01,2.183684e+01,2.176777e+01,2.171248e+01,2.185755e+01,2.165717e+01,2.182303e+01,2.170557e+01,2.171940e+01,2.169175e+01,2.183684e+01,2.171248e+01,2.174704e+01,2.177468e+01,2.174013e+01,2.187825e+01,2.179540e+01,2.170557e+01,2.163642e+01,2.171248e+01,2.163642e+01,2.160874e+01,2.143560e+01,2.122744e+01,2.124133e+01,2.113711e+01,2.127605e+01,2.154645e+01,2.157414e+01,2.171940e+01,2.171940e+01,2.176777e+01,2.176086e+01,2.175395e+01,2.168483e+01,2.162258e+01,2.183684e+01,2.184374e+01,2.178159e+01,2.169866e+01,2.175395e+01,2.166409e+01,2.173322e+01,2.170557e+01,2.169866e+01,2.174704e+01,2.170557e+01,2.169175e+01,2.172631e+01,2.169866e+01,2.155337e+01,2.174013e+01,2.164334e+01,2.176777e+01,2.167100e+01,2.178850e+01,2.173322e+01,2.174013e+01,2.174704e+01,2.178850e+01,2.180231e+01,2.171248e+01,2.174013e+01,2.164334e+01,2.180231e+01,2.181612e+01,2.175395e+01,2.178159e+01,2.174013e+01,2.174013e+01,2.174704e+01,2.169866e+01,2.165025e+01,2.172631e+01,2.167792e+01,2.168483e+01,2.167100e+01,2.163642e+01,2.165025e+01,2.167792e+01,2.170557e+01,2.169175e+01,2.176086e+01,2.176777e+01,2.169175e+01,2.178850e+01,2.163642e+01,2.149796e+01,2.162258e+01,2.137320e+01,2.153260e+01,2.155337e+01,2.142174e+01,2.141480e+01,2.139400e+01,2.167100e+01,2.165025e+01,2.169866e+01,2.186445e+01,2.182303e+01,2.176777e+01,2.181612e+01,2.169866e+01,2.185755e+01,2.178850e+01,2.182993e+01,2.182303e+01,2.174013e+01,2.178159e+01,2.158106e+01,2.162950e+01,2.165717e+01,2.182993e+01,2.170557e+01,2.179540e+01,2.183684e+01,2.178159e+01,2.173322e+01,2.200930e+01,2.208509e+01,2.203687e+01,2.216771e+01,2.205754e+01,2.211952e+01,2.210575e+01,2.203687e+01,2.202997e+01,2.202308e+01,2.196104e+01,2.185755e+01,2.196793e+01,2.176777e+01,2.174704e+01,2.166409e+01,2.168483e+01,2.164334e+01,2.169866e+01,2.163642e+01,2.177468e+01,2.169175e+01,2.180922e+01,2.180922e+01,2.189896e+01,2.194035e+01,2.193345e+01,2.196104e+01,2.191965e+01,2.192655e+01,2.192655e+01,2.193345e+01,2.189896e+01,2.189896e+01,2.187825e+01,2.204376e+01,2.190586e+01,2.183684e+01,2.187135e+01,2.191276e+01,2.188516e+01,2.181612e+01,2.184374e+01,2.184374e+01,2.186445e+01,2.192655e+01,2.177468e+01,2.189896e+01,2.193345e+01,2.194725e+01,2.184374e+01,2.181612e+01,2.188516e+01,2.180922e+01,2.178159e+01,2.169175e+01,2.160182e+01,2.160874e+01,2.171248e+01,2.154645e+01,2.172631e+01,2.167100e+01,2.180922e+01,2.178159e+01,2.198172e+01,2.187135e+01,2.198862e+01,2.183684e+01,2.202997e+01,2.196793e+01,2.198172e+01,2.200930e+01,2.200930e+01,2.202308e+01,2.201619e+01,2.199551e+01,2.200930e+01,2.194035e+01,2.202997e+01,2.202997e+01,2.202997e+01,2.198862e+01,2.198862e+01,2.200930e+01,2.202997e+01,2.196104e+01,2.199551e+01,2.205754e+01,2.182993e+01,2.202997e+01,2.198172e+01,2.199551e+01,2.198862e+01,2.189206e+01,2.185755e+01,2.181612e+01,2.182993e+01,2.175395e+01,2.169175e+01,2.179540e+01,2.174013e+01,2.177468e+01,2.162950e+01,2.164334e+01,2.184374e+01,2.182303e+01,2.180922e+01,2.182993e+01,2.184374e+01,2.176777e+01,2.182993e+01,2.182993e+01,2.173322e+01,2.185065e+01,2.185065e+01,2.176777e+01,2.185065e+01,2.161566e+01,2.174013e+01,2.174013e+01,2.167792e+01,2.171248e+01,2.150489e+01,2.159490e+01,2.136626e+01,2.123439e+01,2.123439e+01,2.122050e+01,2.114406e+01,2.128299e+01,2.130382e+01,2.174013e+01,2.146332e+01,2.165025e+01,2.163642e+01,2.156721e+01,2.162258e+01,2.158106e+01,2.162258e+01,2.156721e+01,2.161566e+01,2.150489e+01,2.151875e+01,2.147025e+01,2.156029e+01,2.144946e+01,2.154645e+01,2.146332e+01,2.147718e+01,2.145639e+01,2.159490e+01,2.147718e+01,2.160874e+01,2.158106e+01,2.162258e+01,2.162258e+01,2.162258e+01,2.169866e+01,2.163642e+01,2.166409e+01,2.190586e+01,2.169175e+01,2.167100e+01,2.169866e+01,2.171940e+01,2.171248e+01,2.175395e+01,2.171940e+01,2.169175e+01,2.169866e+01,2.171248e+01,2.169866e+01,2.171248e+01,2.171940e+01,2.169866e+01,2.173322e+01,2.162950e+01,2.166409e+01,2.171248e+01,2.172631e+01,2.165717e+01,2.169866e+01,2.174704e+01,2.186445e+01,2.168483e+01,2.180922e+01,2.167100e+01,2.180231e+01,2.173322e+01,2.170557e+01,2.169866e+01,2.158106e+01,2.165717e+01,2.176777e+01,2.154645e+01,2.153260e+01,2.137320e+01,2.138013e+01,2.131076e+01,2.137320e+01,2.140787e+01,2.136626e+01,2.136626e+01,2.135933e+01,2.156721e+01,2.166409e+01,2.170557e+01,2.185065e+01,2.174704e+01,2.172631e+01,2.173322e+01,2.174013e+01,2.142174e+01,2.147718e+01,2.145639e+01,2.145639e+01,2.162950e+01,2.157414e+01,2.162950e+01,2.153952e+01,2.161566e+01,2.160182e+01,2.166409e+01,2.156721e+01,2.166409e+01,2.162258e+01,2.153952e+01,2.155337e+01,2.161566e+01,2.162258e+01,2.156029e+01,2.153952e+01,2.160874e+01,2.160182e+01,2.153952e+01,2.147718e+01,2.150489e+01,2.153260e+01,2.157414e+01,2.156029e+01,2.156029e+01,2.151875e+01,2.144946e+01,2.157414e+01,2.141480e+01,2.153952e+01,2.148411e+01,2.135933e+01,2.135933e+01,2.133158e+01,2.138013e+01,2.133158e+01,2.153952e+01,2.149796e+01,2.154645e+01,2.149104e+01,2.145639e+01,2.151182e+01,2.151875e+01,2.148411e+01,2.142174e+01,2.154645e+01,2.148411e+01,2.141480e+01,2.140787e+01,2.149104e+01,2.151182e+01,2.162258e+01,2.167100e+01,2.155337e+01,2.151875e+01,2.158106e+01,2.156029e+01,2.162950e+01,2.149104e+01,2.153952e+01,2.160874e+01,2.155337e+01,2.158106e+01,2.151182e+01,2.146332e+01,2.158106e+01,2.162950e+01,2.148411e+01,2.151182e+01,2.145639e+01,2.144946e+01,2.139400e+01,2.150489e+01,2.149796e+01,2.157414e+01,2.146332e+01,2.140787e+01,2.156029e+01,2.150489e+01,2.147025e+01,2.142174e+01,2.139400e+01,2.145639e+01,2.151182e+01,2.130382e+01,2.150489e+01,2.110929e+01,2.128993e+01,2.115796e+01,2.111625e+01,2.116491e+01,2.110929e+01,2.126217e+01,2.124133e+01,2.133851e+01,2.114406e+01,2.118576e+01,2.135933e+01,2.122744e+01,2.120660e+01,2.121355e+01,2.119966e+01,2.130382e+01,2.115796e+01,2.126911e+01,2.101885e+01,2.108843e+01,2.111625e+01,2.108843e+01,2.100493e+01,2.100493e+01,2.099101e+01,2.097012e+01,2.097012e+01,2.093530e+01,2.100493e+01,2.143560e+01,2.139400e+01,2.160874e+01,2.149104e+01,2.149796e+01,2.131770e+01,2.151182e+01,2.155337e+01,2.155337e+01,2.147025e+01,2.145639e+01,2.141480e+01,2.150489e+01,2.149104e+01,2.141480e+01,2.147718e+01,2.142174e+01,2.141480e+01,2.145639e+01,2.138013e+01,2.136626e+01,2.137320e+01,2.144253e+01,2.130382e+01,2.131076e+01,2.138013e+01,2.140787e+01,2.136626e+01,2.143560e+01,2.121355e+01,2.135933e+01,2.128993e+01,2.123439e+01,2.124828e+01,2.144946e+01,2.141480e+01
2.176777e+01,2.185065e+01,2.185755e+01,2.176777e+01,2.179540e+01,2.189206e+01,2.182993e+01,2.189896e+01,2.187825e+01,2.172631e+01,2.176777e+01,2.180922e+01,2.194035e+01,2.189206e+01,2.178159e+01,2.174013e+01,2.187825e+01,2.179540e+01,2.178850e+01,2.193345e+01,2.175395e+01,2.176777e+01,2.177468e+01,2.198172e+01,2.175395e+01,2.175395e+01,2.171940e+01,2.169866e+01,2.178850e+01,2.168483e+01,2.188516e+01,2.182993e+01,2.167792e+01,2.182993e+01,2.184374e+01,2.178850e+01,2.189896e+01,2.182303e+01,2.180231e+01,2.190586e+01,2.178850e+01,2.196104e+01,2.190586e+01,2.191276e+01,2.182993e+01,2.181612e+01,2.194035e+01,2.194725e+01,2.198862e+01,2.187825e+01,2.187825e+01,2.191965e+01,2.187825e+01,2.189206e+01,2.187825e+01,2.189896e+01,2.192655e+01,2.196793e+01,2.192655e+01,2.191276e+01,2.202997e+01,2.189206e+01,2.201619e+01,2.185065e+01,2.200930e+01,2.185065e+01,2.181612e+01,2.202308e+01,2.202308e+01,2.198172e+01,2.192655e+01,2.197483e+01,2.194725e+01,2.189896e+01,2.202308e+01,2.200241e+01,2.207131e+01,2.194725e+01,2.197483e+01,2.196104e+01,2.200241e+01,2.193345e+01,2.226401e+01,2.203687e+01,2.206442e+01,2.206442e+01,2.201619e+01,2.202308e+01,2.189896e+01,2.196104e+01,2.194035e+01,2.201619e+01,2.204376e+01,2.185755e+01,2.187825e+01,2.218835e+01,2.202308e+01,2.194725e+01,2.193345e+01,2.182993e+01,2.198172e+01,2.200241e+01,2.193345e+01,2.189896e+01,2.199551e+01,2.190586e+01,2.202308e+01,2.179540e+01,2.182303e+01,2.191276e+01,2.192655e+01,2.189896e+01,2.183684e+01,2.186445e+01,2.190586e+01,2.198172e+01,2.184374e+01,2.183684e+01,2.176777e+01,2.171940e+01,2.180922e+01,2.180231e+01,2.169175e+01,2.186445e+01,2.182993e+01,2.182993e+01,2.182303e+01,2.171248e+01,2.176086e+01,2.168483e+01,2.172631e+01,2.176777e+01,2.174013e+01,2.176086e+01,2.165025e+01,2.170557e+01,2.168483e+01,2.174704e+01,2.169866e+01,2.169866e+01,2.158106e+01,2.172631e+01,2.174013e+01,2.175395e+01,2.178159e+01,2.169866e+01,2.180922e+01,2.169866e+01,2.165025e+01,2.180231e+01,2.153952e+01,2.178850e+01,2.172631e+01,2.178850e+01,2.174704e+01,2.175395e+01,2.175395e+01,2.171940e+01,2.172631e+01,2.165717e+01,2.183684e+01,2.187135e+01,2.185065e+01,2.172631e+01,2.170557e+01,2.169866e+01,2.169175e+01,2.178850e+01,2.175395e+01,2.180922e+01,2.178850e+01,2.187825e+01,2.160874e+01,2.158106e+01,2.175395e+01,2.156721e+01,2.153952e+01,2.140787e+01,2.141480e+01,2.133158e+01,2.128993e+01,2.135239e+01,2.135933e+01,2.171940e+01,2.169866e+01,2.171248e+01,2.168483e+01,2.183684e+01,2.174704e+01,2.174704e+01,2.175395e+01,2.180231e+01,2.167792e+01,2.191276e+01,2.176777e+01,2.170557e+01,2.177468e+01,2.173322e+01,2.172631e+01,2.174704e+01,2.175395e+01,2.175395e+01,2.176086e+01,2.163642e+01,2.174704e+01,2.174013e+01,2.153260e+01,2.170557e+01,2.162258e+01,2.182993e+01,2.176777e+01,2.170557e+01,2.163642e+01,2.171940e+01,2.167792e+01,2.178850e+01,2.171940e+01,2.180231e+01,2.170557e+01,2.170557e+01,2.169866e+01,2.181612e+01,2.172631e+01,2.172631e+01,2.180922e+01,2.162258e+01,2.163642e+01,2.175395e+01,2.165717e+01,2.157414e+01,2.168483e+01,2.156721e+01,2.170557e+01,2.167792e+01,2.165025e+01,2.169866e+01,2.169175e+01,2.164334e+01,2.159490e+01,2.163642e+01,2.165717e+01,2.162950e+01,2.151875e+01,2.140094e+01,2.156029e+01,2.138013e+01,2.132464e+01,2.151182e+01,2.144946e+01,2.178159e+01,2.164334e+01,2.189896e+01,2.173322e+01,2.186445e+01,2.174013e+01,2.177468e+01,2.176086e+01,2.181612e+01,2.178850e+01,2.174704e+01,2.182993e+01,2.184374e+01,2.183684e+01,2.156721e+01,2.155337e+01,2.177468e+01,2.170557e+01,2.171940e+01,2.189206e+01,2.193345e+01,2.196793e+01,2.194725e+01,2.194725e+01,2.203687e+01,2.194035e+01,2.206442e+01,2.209886e+01,2.208509e+01,2.209198e+01,2.201619e+01,2.215394e+01,2.209886e+01,2.207820e+01,2.187135e+01,2.187135e+01,2.185755e+01,2.182993e+01,2.167100e+01,2.167100e+01,2.170557e+01,2.165025e+01,2.178850e+01,2.164334e+01,2.178159e+01,2.174013e+01,2.172631e+01,2.188516e+01,2.176086e+01,2.193345e+01,2.194035e+01,2.190586e+01,2.191276e+01,2.187135e+01,2.205754e+01,2.195414e+01,2.190586e+01,2.180922e+01,2.196793e+01,2.182303e+01,2.194035e+01,2.185065e+01,2.181612e+01,2.185755e+01,2.191965e+01,2.198172e+01,2.182993e+01,2.183684e+01,2.185755e+01,2.190586e+01,2.185755e+01,2.196104e+01,2.182303e+01,2.185065e+01,2.187135e+01,2.183684e+01,2.181612e+01,2.188516e+01,2.162258e+01,2.144946e+01,2.160874e+01,2.153952e+01,2.169866e+01,2.168483e+01,2.178159e+01,2.176086e+01,2.167792e+01,2.196104e+01,2.175395e+01,2.184374e+01,2.185755e+01,2.197483e+01,2.198172e+01,2.208509e+01,2.199551e+01,2.200930e+01,2.198862e+01,2.207131e+01,2.207820e+01,2.208509e+01,2.197483e+01,2.203687e+01,2.202997e+01,2.203687e+01,2.199551e+01,2.203687e+01,2.201619e+01,2.205754e+01,2.200241e+01,2.198862e+01,2.188516e+01,2.200930e+01,2.196793e+01,2.203687e+01,2.200930e+01,2.189896e+01,2.189206e+01,2.198172e+01,2.176777e+01,2.188516e+01,2.188516e+01,2.178159e+01,2.178159e+01,2.178159e+01,2.178159e+01,2.180922e+01,2.182993e+01,2.188516e+01,2.185755e+01,2.191276e+01,2.180231e+01,2.185065e+01,2.179540e+01,2.185065e+01,2.185065e+01,2.174704e+01,2.183684e+01,2.182303e+01,2.186445e+01,2.176086e+01,2.170557e+01,2.183684e+01,2.172631e+01,2.171940e+01,2.171248e+01,2.134545e+01,2.130382e+01,2.127605e+01,2.133158e+01,2.136626e+01,2.137320e+01,2.122050e+01,2.120660e+01,2.117881e+01,2.130382e+01,2.149104e+01,2.149796e+01,2.151182e+01,2.155337e+01,2.157414e+01,2.151875e+01,2.152567e+01,2.154645e+01,2.160874e+01,2.156721e+01,2.160182e+01,2.158106e+01,2.154645e+01,2.156029e+01,2.162950e+01,2.139400e+01,2.148411e+01,2.145639e+01,2.149104e+01,2.147718e+01,2.156721e+01,2.156721e+01,2.162258e+01,2.163642e+01,2.163642e+01,2.156721e+01,2.160182e+01,2.169175e+01,2.178850e+01,2.169175e+01,2.192655e+01,2.165025e+01,2.168483e+01,2.179540e+01,2.186445e+01,2.177468e+01,2.165717e+01,2.167792e+01,2.176777e+01,2.173322e+01,2.173322e+01,2.171940e+01,2.186445e+01,2.171940e+01,2.163642e+01,2.167100e+01,2.178159e+01,2.166409e+01,2.180922e+01,2.172631e+01,2.167792e+01,2.181612e+01,2.173322e+01,2.180231e+01,2.166409e+01,2.186445e+01,2.159490e+01,2.162950e+01,2.163642e+01,2.162258e+01,2.165717e+01,2.153952e+01,2.159490e+01,2.149104e+01,2.151875e+01,2.135239e+01,2.126217e+01,2.132464e+01,2.135933e+01,2.137320e+01,2.138707e+01,2.138707e+01,2.139400e+01,2.155337e+01,2.159490e+01,2.157414e+01,2.176086e+01,2.178850e+01,2.179540e+01,2.172631e+01,2.148411e+01,2.168483e+01,2.165717e+01,2.153260e+01,2.160182e+01,2.159490e+01,2.162258e+01,2.152567e+01,2.162258e+01,2.165025e+01,2.162258e+01,2.167792e+01,2.165717e+01,2.165717e+01,2.153952e+01,2.166409e+01,2.172631e+01,2.172631e+01,2.159490e+01,2.194035e+01,2.162950e+01,2.151182e+01,2.151182e+01,2.157414e+01,2.147025e+01,2.155337e+01,2.149104e+01,2.160182e+01,2.151875e+01,2.155337e+01,2.157414e+01,2.139400e+01,2.151182e+01,2.147718e+01,2.117881e+01,2.122050e+01,2.126911e+01,2.130382e+01,2.118576e+01,2.127605e+01,2.133158e+01,2.151182e+01,2.142867e+01,2.148411e+01,2.149104e+01,2.154645e+01,2.169866e+01,2.150489e+01,2.156721e+01,2.144946e+01,2.140094e+01,2.152567e+01,2.158798e+01,2.149104e+01,2.147718e+01,2.163642e+01,2.147718e+01,2.152567e+01,2.178159e+01,2.155337e+01,2.153260e+01,2.158106e+01,2.162950e+01,2.161566e+01,2.160182e+01,2.163642e+01,2.163642e+01,2.162258e+01,2.158106e+01,2.150489e+01,2.162258e+01,2.166409e+01,2.144253e+01,2.147025e+01,2.158106e+01,2.156029e+01,2.143560e+01,2.140094e+01,2.154645e+01,2.153952e+01,2.161566e+01,2.160874e+01,2.147025e+01,2.131770e+01,2.156721e+01,2.144946e+01,2.132464e+01,2.139400e+01,2.122744e+01,2.118576e+01,2.142867e+01,2.127605e+01,2.140787e+01,2.111625e+01,2.113711e+01,2.121355e+01,2.122744e+01,2.122050e+01,2.117186e+01,2.122050e+01,2.120660e+01,2.133851e+01,2.122050e+01,2.114406e+01,2.122744e+01,2.113711e+01,2.101189e+01,2.128299e+01,2.129688e+01,2.107452e+01,2.108843e+01,2.113711e+01,2.105365e+01,2.115796e+01,2.097709e+01,2.100493e+01,2.074705e+01,2.095619e+01,2.092137e+01,2.107452e+01,2.126217e+01,2.140094e+01,2.149104e+01,2.149796e+01,2.141480e+01,2.147718e+01,2.165025e+01,2.162258e+01,2.149796e+01,2.150489e+01,2.161566e+01,2.146332e+01,2.141480e+01,2.147025e+01,2.147718e+01,2.142867e+01,2.140787e+01,2.140787e+01,2.133158e+01,2.131076e+01,2.144946e+01,2.144253e+01,2.133158e+01,2.133158e+01,2.136626e+01,2.133158e+01,2.140787e+01,2.126217e+01,2.140094e+01,2.135933e+01,2.130382e+01,2.143560e+01,2.139400e+01,2.144253e+01,2.144946e+01,2.142174e+01
2.174013e+01,2.184374e+01,2.179540e+01,2.178850e+01,2.181612e+01,2.174013e+01,2.180231e+01,2.187135e+01,2.171248e+01,2.165717e+01,2.178159e+01,2.177468e+01,2.178159e+01,2.192655e+01,2.193345e+01,2.188516e+01,2.178159e+01,2.180922e+01,2.177468e+01,2.189206e+01,2.171940e+01,2.174704e+01,2.175395e+01,2.178159e+01,2.177468e+01,2.166409e+01,2.179540e+01,2.178159e+01,2.178159e+01,2.177468e+01,2.171248e+01,2.170557e+01,2.182993e+01,2.171248e+01,2.171940e+01,2.181612e+01,2.182303e+01,2.174704e+01,2.176777e+01,2.194725e+01,2.180922e+01,2.197483e+01,2.190586e+01,2.185755e+01,2.187825e+01,2.182993e+01,2.181612e+01,2.196104e+01,2.190586e+01,2.189896e+01,2.197483e+01,2.190586e+01,2.194035e+01,2.189206e+01,2.191276e+01,2.191965e+01,2.187825e+01,2.189206e+01,2.169866e+01,2.197483e+01,2.202308e+01,2.192655e+01,2.202308e+01,2.196793e+01,2.189896e+01,2.206442e+01,2.184374e+01,2.199551e+01,2.202997e+01,2.196104e+01,2.200930e+01,2.196793e+01,2.181612e+01,2.205754e+01,2.198862e+01,2.196104e+01,2.196793e+01,2.193345e+01,2.198172e+01,2.198862e+01,2.193345e+01,2.194725e+01,2.200241e+01,2.196104e+01,2.208509e+01,2.191965e+01,2.197483e+01,2.204376e+01,2.195414e+01,2.196104e+01,2.195414e+01,2.198172e+01,2.194035e+01,2.194035e+01,2.212641e+01,2.198862e+01,2.195414e+01,2.196104e+01,2.191965e+01,2.198172e+01,2.197483e+01,2.192655e+01,2.188516e+01,2.191276e+01,2.179540e+01,2.196104e+01,2.180922e+01,2.177468e+01,2.176777e+01,2.185065e+01,2.183684e+01,2.182993e+01,2.178850e+01,2.187135e+01,2.184374e+01,2.181612e+01,2.182303e+01,2.178159e+01,2.183684e+01,2.173322e+01,2.176086e+01,2.175395e+01,2.178850e+01,2.171248e+01,2.167792e+01,2.170557e+01,2.185755e+01,2.180922e+01,2.179540e+01,2.176777e+01,2.169866e+01,2.178159e+01,2.164334e+01,2.174013e+01,2.174013e+01,2.192655e+01,2.168483e+01,2.170557e+01,2.174013e+01,2.167792e+01,2.174013e+01,2.162258e+01,2.184374e+01,2.169866e+01,2.172631e+01,2.171248e+01,2.173322e+01,2.171248e+01,2.146332e+01,2.180922e+01,2.165025e+01,2.174704e+01,2.180231e+01,2.176086e+01,2.179540e+01,2.181612e+01,2.172631e+01,2.170557e+01,2.163642e+01,2.170557e+01,2.172631e+01,2.169866e+01,2.171248e+01,2.169866e+01,2.179540e+01,2.169866e+01,2.171248e+01,2.176777e+01,2.176086e+01,2.180231e+01,2.173322e+01,2.155337e+01,2.170557e+01,2.153260e+01,2.165717e+01,2.164334e+01,2.145639e+01,2.163642e+01,2.135933e+01,2.131770e+01,2.131770e+01,2.136626e+01,2.151182e+01,2.154645e+01,2.161566e+01,2.168483e+01,2.182303e+01,2.182303e+01,2.172631e+01,2.169866e+01,2.167792e+01,2.169175e+01,2.169866e+01,2.171248e+01,2.178159e+01,2.169866e+01,2.169175e+01,2.167100e+01,2.171940e+01,2.173322e+01,2.170557e+01,2.175395e+01,2.171940e+01,2.171940e+01,2.168483e+01,2.171940e+01,2.155337e+01,2.160874e+01,2.171940e+01,2.151875e+01,2.163642e+01,2.172631e+01,2.174704e+01,2.171248e+01,2.168483e+01,2.179540e+01,2.179540e+01,2.169866e+01,2.177468e+01,2.169866e+01,2.180231e+01,2.178850e+01,2.177468e+01,2.169866e+01,2.168483e+01,2.171248e+01,2.168483e+01,2.161566e+01,2.167792e+01,2.164334e+01,2.165717e+01,2.158798e+01,2.169866e+01,2.167100e+01,2.162950e+01,2.173322e+01,2.169866e+01,2.173322e+01,2.176086e+01,2.169175e+01,2.159490e+01,2.154645e+01,2.157414e+01,2.150489e+01,2.154645e+01,2.153260e+01,2.135239e+01,2.138707e+01,2.166409e+01,2.167792e+01,2.185065e+01,2.181612e+01,2.173322e+01,2.185755e+01,2.178159e+01,2.177468e+01,2.189206e+01,2.180922e+01,2.183684e+01,2.183684e+01,2.159490e+01,2.188516e+01,2.179540e+01,2.162950e+01,2.163642e+01,2.171248e+01,2.163642e+01,2.178850e+01,2.187825e+01,2.175395e+01,2.189896e+01,2.198172e+01,2.194725e+01,2.194035e+01,2.203687e+01,2.194725e+01,2.213329e+01,2.205065e+01,2.206442e+01,2.209198e+01,2.197483e+01,2.211263e+01,2.189206e+01,2.194725e+01,2.182303e+01,2.181612e+01,2.183684e+01,2.164334e+01,2.167792e+01,2.171248e+01,2.164334e+01,2.175395e+01,2.162950e+01,2.171248e+01,2.173322e+01,2.164334e+01,2.176777e+01,2.176086e+01,2.185755e+01,2.193345e+01,2.193345e+01,2.194035e+01,2.190586e+01,2.196793e+01,2.191276e+01,2.193345e+01,2.189896e+01,2.187825e+01,2.182993e+01,2.189896e+01,2.188516e+01,2.190586e+01,2.182993e+01,2.182993e+01,2.183684e+01,2.188516e+01,2.186445e+01,2.185065e+01,2.192655e+01,2.189206e+01,2.187135e+01,2.198862e+01,2.194035e+01,2.184374e+01,2.185755e+01,2.158798e+01,2.171940e+01,2.154645e+01,2.148411e+01,2.160182e+01,2.153952e+01,2.169866e+01,2.162950e+01,2.162950e+01,2.174704e+01,2.180922e+01,2.180922e+01,2.194035e+01,2.186445e+01,2.189206e+01,2.198862e+01,2.200241e+01,2.195414e+01,2.197483e+01,2.198172e+01,2.202308e+01,2.209886e+01,2.204376e+01,2.206442e+01,2.209198e+01,2.191965e+01,2.201619e+01,2.201619e+01,2.194035e+01,2.194725e+01,2.198172e+01,2.187825e+01,2.198172e+01,2.193345e+01,2.189206e+01,2.198172e+01,2.190586e+01,2.194725e+01,2.211263e+01,2.201619e+01,2.187825e+01,2.187825e+01,2.186445e+01,2.188516e+01,2.187825e+01,2.182303e+01,2.183684e+01,2.180922e+01,2.160874e+01,2.177468e+01,2.182303e+01,2.180231e+01,2.184374e+01,2.178159e+01,2.176086e+01,2.183684e+01,2.182993e+01,2.185755e+01,2.183684e+01,2.181612e+01,2.182993e+01,2.177468e+01,2.169175e+01,2.178159e+01,2.173322e+01,2.174704e+01,2.174013e+01,2.145639e+01,2.135239e+01,2.128299e+01,2.126911e+01,2.122744e+01,2.121355e+01,2.126217e+01,2.114406e+01,2.124133e+01,2.120660e+01,2.118576e+01,2.133158e+01,2.149104e+01,2.158106e+01,2.159490e+01,2.157414e+01,2.158106e+01,2.156029e+01,2.156721e+01,2.154645e+01,2.161566e+01,2.158798e+01,2.151875e+01,2.154645e+01,2.145639e+01,2.139400e+01,2.143560e+01,2.142174e+01,2.144253e+01,2.149796e+01,2.147025e+01,2.148411e+01,2.153952e+01,2.160874e+01,2.153952e+01,2.160182e+01,2.167792e+01,2.166409e+01,2.160874e+01,2.169866e+01,2.174704e+01,2.174013e+01,2.180231e+01,2.167792e+01,2.166409e+01,2.169175e+01,2.171248e+01,2.166409e+01,2.167792e+01,2.172631e+01,2.176086e+01,2.171248e+01,2.174704e+01,2.173322e+01,2.173322e+01,2.168483e+01,2.167100e+01,2.169175e+01,2.167100e+01,2.167792e+01,2.156721e+01,2.160874e+01,2.174704e+01,2.158798e+01,2.167792e+01,2.167792e+01,2.162950e+01,2.160874e+01,2.155337e+01,2.167792e+01,2.151875e+01,2.156721e+01,2.151875e+01,2.159490e+01,2.144946e+01,2.160182e+01,2.139400e+01,2.135933e+01,2.118576e+01,2.131076e+01,2.131076e+01,2.131770e+01,2.138013e+01,2.140787e+01,2.141480e+01,2.144253e+01,2.147025e+01,2.163642e+01,2.175395e+01,2.176086e+01,2.175395e+01,2.148411e+01,2.131770e+01,2.149104e+01,2.137320e+01,2.147718e+01,2.158106e+01,2.158106e+01,2.162950e+01,2.160182e+01,2.158106e+01,2.166409e+01,2.163642e+01,2.158798e+01,2.157414e+01,2.164334e+01,2.146332e+01,2.167792e+01,2.161566e+01,2.158106e+01,2.166409e+01,2.167100e+01,2.155337e+01,2.156029e+01,2.156029e+01,2.160874e+01,2.159490e+01,2.145639e+01,2.151875e+01,2.151875e+01,2.154645e+01,2.142174e+01,2.156721e+01,2.138013e+01,2.139400e+01,2.141480e+01,2.134545e+01,2.139400e+01,2.127605e+01,2.129688e+01,2.115101e+01,2.114406e+01,2.127605e+01,2.145639e+01,2.145639e+01,2.152567e+01,2.147025e+01,2.158798e+01,2.155337e+01,2.155337e+01,2.158106e+01,2.168483e+01,2.153260e+01,2.143560e+01,2.144253e+01,2.154645e+01,2.149104e+01,2.150489e+01,2.149796e+01,2.147718e+01,2.161566e+01,2.158798e+01,2.160182e+01,2.146332e+01,2.148411e+01,2.148411e+01,2.155337e+01,2.150489e+01,2.162258e+01,2.153952e+01,2.159490e+01,2.164334e+01,2.153260e+01,2.162950e+01,2.152567e+01,2.158106e+01,2.151875e+01,2.145639e+01,2.158106e+01,2.147025e+01,2.151182e+01,2.146332e+01,2.162258e+01,2.161566e+01,2.150489e+01,2.152567e+01,2.148411e+01,2.145639e+01,2.142867e+01,2.149104e+01,2.140787e+01,2.135239e+01,2.124828e+01,2.124133e+01,2.127605e+01,2.113711e+01,2.113711e+01,2.124828e+01,2.108148e+01,2.125522e+01,2.117186e+01,2.119966e+01,2.132464e+01,2.118576e+01,2.120660e+01,2.117186e+01,2.110929e+01,2.125522e+01,2.122050e+01,2.118576e+01,2.128299e+01,2.127605e+01,2.093530e+01,2.116491e+01,2.099797e+01,2.104669e+01,2.106061e+01,2.095619e+01,2.098405e+01,2.093530e+01,2.091440e+01,2.101885e+01,2.101885e+01,2.142867e+01,2.142867e+01,2.137320e+01,2.141480e+01,2.149796e+01,2.160182e+01,2.147718e+01,2.147718e+01,2.144946e+01,2.161566e+01,2.142174e+01,2.153952e+01,2.138707e+01,2.145639e+01,2.144946e+01,2.140094e+01,2.160874e+01,2.153952e+01,2.131770e+01,2.138013e+01,2.140094e+01,2.130382e+01,2.155337e+01,2.141480e+01,2.141480e+01,2.141480e+01,2.141480e+01,2.128299e+01,2.123439e+01,2.135933e+01,2.134545e+01,2.138013e+01,2.142867e+01,2.140787e+01,2.127605e+01
2.180922e+01,2.182303e+01,2.180922e+01,2.180922e+01,2.179540e+01,2.178159e+01,2.180231e+01,2.185755e+01,2.183684e+01,2.177468e+01,2.184374e+01,2.179540e+01,2.180231e+01,2.176777e+01,2.180922e+01,2.184374e+01,2.173322e+01,2.177468e+01,2.182303e+01,2.174704e+01,2.174013e+01,2.196793e+01,2.177468e+01,2.180231e+01,2.178850e+01,2.179540e+01,2.183684e+01,2.185755e+01,2.186445e+01,2.168483e+01,2.178850e+01,2.178159e+01,2.176086e+01,2.167792e+01,2.172631e+01,2.171940e+01,2.187135e+01,2.174704e+01,2.174013e+01,2.180922e+01,2.191965e+01,2.180922e+01,2.187135e+01,2.190586e+01,2.196104e+01,2.186445e+01,2.184374e+01,2.193345e+01,2.197483e+01,2.188516e+01,2.195414e+01,2.194725e+01,2.190586e+01,2.193345e+01,2.194035e+01,2.189896e+01,2.188516e+01,2.189206e+01,2.188516e+01,2.187825e+01,2.196793e+01,2.189896e+01,2.199551e+01,2.185755e+01,2.202997e+01,2.211952e+01,2.194725e+01,2.182303e+01,2.196104e+01,2.195414e+01,2.198862e+01,2.180231e+01,2.198862e+01,2.199551e+01,2.211952e+01,2.205754e+01,2.196793e+01,2.193345e+01,2.196793e+01,2.200930e+01,2.191276e+01,2.189896e+01,2.202308e+01,2.203687e+01,2.193345e+01,2.202997e+01,2.191276e+01,2.200930e+01,2.199551e+01,2.196793e+01,2.199551e+01,2.191965e+01,2.200930e+01,2.193345e+01,2.193345e+01,2.197483e+01,2.184374e+01,2.190586e+01,2.198862e+01,2.190586e+01,2.205065e+01,2.203687e+01,2.195414e+01,2.182993e+01,2.188516e+01,2.191965e+01,2.204376e+01,2.182303e+01,2.183684e+01,2.176777e+01,2.183684e+01,2.186445e+01,2.185065e+01,2.202997e+01,2.181612e+01,2.178159e+01,2.182303e+01,2.174704e+01,2.179540e+01,2.191965e+01,2.175395e+01,2.174704e+01,2.171248e+01,2.174704e+01,2.170557e+01,2.178159e+01,2.177468e+01,2.181612e+01,2.180922e+01,2.178850e+01,2.172631e+01,2.173322e+01,2.167792e+01,2.182303e+01,2.169866e+01,2.175395e+01,2.169175e+01,2.175395e+01,2.167100e+01,2.169175e+01,2.178850e+01,2.168483e+01,2.165025e+01,2.181612e+01,2.171248e+01,2.168483e+01,2.173322e+01,2.154645e+01,2.163642e+01,2.171940e+01,2.171248e+01,2.171940e+01,2.173322e+01,2.177468e+01,2.169866e+01,2.173322e+01,2.171248e+01,2.185755e+01,2.171248e+01,2.165025e+01,2.171940e+01,2.182993e+01,2.173322e+01,2.174704e+01,2.177468e+01,2.178850e+01,2.184374e+01,2.176777e+01,2.176086e+01,2.178850e+01,2.172631e+01,2.180231e+01,2.174704e+01,2.162258e+01,2.169866e+01,2.174013e+01,2.169866e+01,2.165717e+01,2.158106e+01,2.138707e+01,2.137320e+01,2.140094e+01,2.135239e+01,2.144946e+01,2.162258e+01,2.167792e+01,2.163642e+01,2.173322e+01,2.173322e+01,2.171940e+01,2.166409e+01,2.180922e+01,2.166409e+01,2.156029e+01,2.158798e+01,2.176086e+01,2.173322e+01,2.173322e+01,2.174013e+01,2.174704e+01,2.174704e+01,2.180231e+01,2.168483e+01,2.176086e+01,2.178159e+01,2.176777e+01,2.168483e+01,2.167792e+01,2.160182e+01,2.169175e+01,2.168483e+01,2.166409e+01,2.171248e+01,2.179540e+01,2.179540e+01,2.168483e+01,2.170557e+01,2.165717e+01,2.170557e+01,2.185755e+01,2.182303e+01,2.182303e+01,2.168483e+01,2.168483e+01,2.179540e+01,2.171940e+01,2.162258e+01,2.168483e+01,2.164334e+01,2.154645e+01,2.175395e+01,2.162258e+01,2.173322e+01,2.170557e+01,2.168483e+01,2.175395e+01,2.168483e+01,2.174704e+01,2.173322e+01,2.162950e+01,2.159490e+01,2.182303e+01,2.145639e+01,2.152567e+01,2.155337e+01,2.146332e+01,2.149796e+01,2.146332e+01,2.182303e+01,2.187135e+01,2.202997e+01,2.178850e+01,2.178850e+01,2.178159e+01,2.172631e+01,2.169866e+01,2.165025e+01,2.186445e+01,2.182993e+01,2.180922e+01,2.182303e+01,2.180231e+01,2.158798e+01,2.157414e+01,2.165025e+01,2.166409e+01,2.171248e+01,2.185755e+01,2.189896e+01,2.192655e+01,2.189896e+01,2.199551e+01,2.207131e+01,2.192655e+01,2.207131e+01,2.209198e+01,2.215394e+01,2.222962e+01,2.212641e+01,2.212641e+01,2.211263e+01,2.194035e+01,2.191965e+01,2.191965e+01,2.184374e+01,2.187135e+01,2.169866e+01,2.176086e+01,2.174013e+01,2.169175e+01,2.168483e+01,2.165025e+01,2.156721e+01,2.165025e+01,2.151875e+01,2.153260e+01,2.146332e+01,2.171940e+01,2.172631e+01,2.192655e+01,2.193345e+01,2.192655e+01,2.191965e+01,2.197483e+01,2.189896e+01,2.186445e+01,2.191965e+01,2.185755e+01,2.197483e+01,2.194035e+01,2.183684e+01,2.184374e+01,2.194035e+01,2.187825e+01,2.193345e+01,2.196104e+01,2.184374e+01,2.187825e+01,2.192655e+01,2.176086e+01,2.187825e+01,2.191965e+01,2.181612e+01,2.167100e+01,2.180922e+01,2.183684e+01,2.171940e+01,2.162258e+01,2.145639e+01,2.157414e+01,2.143560e+01,2.153260e+01,2.163642e+01,2.164334e+01,2.167792e+01,2.166409e+01,2.184374e+01,2.190586e+01,2.182993e+01,2.200241e+01,2.204376e+01,2.198862e+01,2.194725e+01,2.205065e+01,2.203687e+01,2.202308e+01,2.210575e+01,2.204376e+01,2.200930e+01,2.202308e+01,2.201619e+01,2.200241e+01,2.203687e+01,2.212641e+01,2.196793e+01,2.194725e+01,2.193345e+01,2.199551e+01,2.198172e+01,2.200241e+01,2.195414e+01,2.222275e+01,2.195414e+01,2.201619e+01,2.191276e+01,2.189896e+01,2.190586e+01,2.189206e+01,2.189206e+01,2.186445e+01,2.185755e+01,2.166409e+01,2.182303e+01,2.169866e+01,2.196104e+01,2.185065e+01,2.187135e+01,2.188516e+01,2.187825e+01,2.184374e+01,2.187825e+01,2.184374e+01,2.187825e+01,2.191276e+01,2.181612e+01,2.181612e+01,2.179540e+01,2.173322e+01,2.174013e+01,2.176777e+01,2.173322e+01,2.174704e+01,2.146332e+01,2.140787e+01,2.122050e+01,2.124828e+01,2.122050e+01,2.130382e+01,2.122050e+01,2.126217e+01,2.117881e+01,2.125522e+01,2.116491e+01,2.113015e+01,2.141480e+01,2.167100e+01,2.154645e+01,2.157414e+01,2.163642e+01,2.155337e+01,2.159490e+01,2.160182e+01,2.157414e+01,2.153952e+01,2.158106e+01,2.148411e+01,2.146332e+01,2.152567e+01,2.140787e+01,2.147025e+01,2.149796e+01,2.151182e+01,2.146332e+01,2.155337e+01,2.160182e+01,2.155337e+01,2.161566e+01,2.155337e+01,2.163642e+01,2.170557e+01,2.164334e+01,2.160874e+01,2.169175e+01,2.174013e+01,2.168483e+01,2.169866e+01,2.167100e+01,2.169866e+01,2.169175e+01,2.170557e+01,2.170557e+01,2.167792e+01,2.169175e+01,2.178159e+01,2.163642e+01,2.173322e+01,2.172631e+01,2.174704e+01,2.171940e+01,2.172631e+01,2.163642e+01,2.170557e+01,2.162950e+01,2.166409e+01,2.160874e+01,2.171248e+01,2.162950e+01,2.167792e+01,2.171940e+01,2.165717e+01,2.158798e+01,2.174704e+01,2.173322e+01,2.169175e+01,2.168483e+01,2.172631e+01,2.160182e+01,2.169866e+01,2.148411e+01,2.133851e+01,2.140787e+01,2.134545e+01,2.137320e+01,2.129688e+01,2.135933e+01,2.136626e+01,2.143560e+01,2.135239e+01,2.148411e+01,2.174013e+01,2.171940e+01,2.175395e+01,2.178159e+01,2.169866e+01,2.149796e+01,2.148411e+01,2.147025e+01,2.150489e+01,2.160182e+01,2.157414e+01,2.157414e+01,2.159490e+01,2.156721e+01,2.163642e+01,2.162258e+01,2.162950e+01,2.167792e+01,2.162950e+01,2.167792e+01,2.158798e+01,2.155337e+01,2.155337e+01,2.163642e+01,2.157414e+01,2.161566e+01,2.166409e+01,2.147718e+01,2.188516e+01,2.148411e+01,2.149796e+01,2.149104e+01,2.149796e+01,2.157414e+01,2.147025e+01,2.145639e+01,2.142867e+01,2.146332e+01,2.140094e+01,2.144946e+01,2.144253e+01,2.124133e+01,2.133158e+01,2.126217e+01,2.128993e+01,2.135239e+01,2.153952e+01,2.162950e+01,2.148411e+01,2.155337e+01,2.151182e+01,2.156029e+01,2.164334e+01,2.144253e+01,2.156029e+01,2.144946e+01,2.158798e+01,2.139400e+01,2.147718e+01,2.158106e+01,2.144253e+01,2.154645e+01,2.149104e+01,2.152567e+01,2.162258e+01,2.163642e+01,2.163642e+01,2.135933e+01,2.164334e+01,2.165717e+01,2.164334e+01,2.158106e+01,2.160182e+01,2.161566e+01,2.156721e+01,2.160182e+01,2.164334e+01,2.162258e+01,2.156721e+01,2.157414e+01,2.156029e+01,2.157414e+01,2.156721e+01,2.156721e+01,2.158798e+01,2.149104e+01,2.147025e+01,2.160182e+01,2.153260e+01,2.147025e+01,2.149104e+01,2.141480e+01,2.147025e+01,2.151182e+01,2.145639e+01,2.143560e+01,2.128993e+01,2.126911e+01,2.137320e+01,2.122744e+01,2.125522e+01,2.122050e+01,2.123439e+01,2.120660e+01,2.117881e+01,2.132464e+01,2.138707e+01,2.133851e+01,2.113015e+01,2.112320e+01,2.123439e+01,2.128299e+01,2.118576e+01,2.108148e+01,2.115796e+01,2.120660e+01,2.116491e+01,2.096316e+01,2.101885e+01,2.097012e+01,2.096316e+01,2.101189e+01,2.096316e+01,2.090743e+01,2.076100e+01,2.127605e+01,2.143560e+01,2.138707e+01,2.135933e+01,2.146332e+01,2.147025e+01,2.151875e+01,2.148411e+01,2.152567e+01,2.149796e+01,2.146332e+01,2.156721e+01,2.151182e+01,2.142867e+01,2.140787e+01,2.142867e+01,2.139400e+01,2.137320e+01,2.144253e+01,2.147718e+01,2.152567e+01,2.137320e+01,2.135933e+01,2.126217e+01,2.135933e+01,2.142174e+01,2.131770e+01,2.128993e+01,2.128993e+01,2.135239e+01,2.138013e+01,2.140094e+01,2.142174e+01,2.128299e+01,2.124828e+01,2.142174e+01
2.171940e+01,2.180231e+01,2.180922e+01,2.182303e+01,2.180231e+01,2.179540e+01,2.188516e+01,2.176086e+01,2.181612e+01,2.182993e+01,2.180231e+01,2.180922e+01,2.181612e+01,2.185065e+01,2.178159e+01,2.178159e+01,2.176086e+01,2.178159e+01,2.191276e+01,2.185755e+01,2.177468e+01,2.174013e+01,2.175395e+01,2.173322e+01,2.176777e+01,2.173322e+01,2.175395e+01,2.171940e+01,2.167792e+01,2.188516e+01,2.165717e+01,2.177468e+01,2.178850e+01,2.170557e+01,2.182993e+01,2.185755e+01,2.184374e+01,2.180231e+01,2.178850e+01,2.179540e+01,2.189896e+01,2.181612e+01,2.190586e+01,2.183684e+01,2.199551e+01,2.182303e+01,2.184374e+01,2.180922e+01,2.187825e+01,2.187135e+01,2.200241e+01,2.189206e+01,2.190586e+01,2.191276e+01,2.185755e+01,2.194035e+01,2.194035e+01,2.189896e+01,2.195414e+01,2.193345e+01,2.169866e+01,2.202308e+01,2.191276e+01,2.192655e+01,2.200930e+01,2.189206e+01,2.185755e+01,2.189206e+01,2.191276e+01,2.178850e+01,2.192655e+01,2.195414e+01,2.192655e+01,2.198862e+01,2.197483e+01,2.191276e+01,2.196793e+01,2.209198e+01,2.209198e+01,2.186445e+01,2.189206e+01,2.199551e+01,2.200241e+01,2.205065e+01,2.194725e+01,2.200930e+01,2.202997e+01,2.191276e+01,2.197483e+01,2.200241e+01,2.198172e+01,2.203687e+01,2.198172e+01,2.188516e+01,2.183684e+01,2.194035e+01,2.205754e+01,2.201619e+01,2.194035e+01,2.186445e+01,2.185065e+01,2.187825e+01,2.185755e+01,2.182993e+01,2.200241e+01,2.178850e+01,2.176777e+01,2.185755e+01,2.171248e+01,2.178159e+01,2.170557e+01,2.179540e+01,2.171248e+01,2.185065e+01,2.170557e+01,2.180922e+01,2.176086e+01,2.180231e+01,2.176777e+01,2.172631e+01,2.174704e+01,2.187825e+01,2.162258e+01,2.183684e+01,2.164334e+01,2.176777e+01,2.175395e+01,2.175395e+01,2.166409e+01,2.176086e+01,2.174704e+01,2.171940e+01,2.165717e+01,2.174013e+01,2.162950e+01,2.185755e+01,2.169866e+01,2.171248e+01,2.171248e+01,2.170557e+01,2.173322e+01,2.169866e+01,2.166409e+01,2.167792e+01,2.165025e+01,2.156721e+01,2.172631e+01,2.171940e+01,2.171940e+01,2.171940e+01,2.179540e+01,2.180922e+01,2.172631e+01,2.180922e+01,2.169175e+01,2.177468e+01,2.174704e+01,2.164334e+01,2.169866e+01,2.167792e+01,2.173322e+01,2.174704e+01,2.176086e+01,2.174013e+01,2.171940e+01,2.177468e+01,2.175395e+01,2.177468e+01,2.174013e+01,2.174704e+01,2.173322e+01,2.179540e+01,2.175395e+01,2.163642e+01,2.169175e+01,2.168483e+01,2.168483e+01,2.167792e+01,2.167100e+01,2.144253e+01,2.125522e+01,2.134545e+01,2.126911e+01,2.136626e+01,2.149104e+01,2.144253e+01,2.160182e+01,2.175395e+01,2.175395e+01,2.174013e+01,2.172631e+01,2.166409e+01,2.169175e+01,2.160874e+01,2.168483e+01,2.178850e+01,2.161566e+01,2.172631e+01,2.180922e+01,2.174013e+01,2.173322e+01,2.176777e+01,2.169866e+01,2.182303e+01,2.168483e+01,2.167792e+01,2.171248e+01,2.157414e+01,2.162258e+01,2.159490e+01,2.167100e+01,2.167100e+01,2.169866e+01,2.167792e+01,2.172631e+01,2.168483e+01,2.182993e+01,2.167792e+01,2.182993e+01,2.171248e+01,2.162950e+01,2.176777e+01,2.169175e+01,2.175395e+01,2.168483e+01,2.167792e+01,2.162950e+01,2.161566e+01,2.161566e+01,2.159490e+01,2.165717e+01,2.170557e+01,2.168483e+01,2.173322e+01,2.170557e+01,2.162258e+01,2.158106e+01,2.167100e+01,2.163642e+01,2.165025e+01,2.139400e+01,2.159490e+01,2.153952e+01,2.149796e+01,2.137320e+01,2.160874e+01,2.148411e+01,2.164334e+01,2.182303e+01,2.185065e+01,2.176086e+01,2.183684e+01,2.184374e+01,2.179540e+01,2.174013e+01,2.180922e+01,2.183684e+01,2.179540e+01,2.180922e+01,2.182993e+01,2.182993e+01,2.179540e+01,2.153952e+01,2.167100e+01,2.170557e+01,2.168483e+01,2.178850e+01,2.181612e+01,2.188516e+01,2.185755e+01,2.195414e+01,2.206442e+01,2.196793e+01,2.214017e+01,2.200241e+01,2.209886e+01,2.211952e+01,2.211263e+01,2.204376e+01,2.210575e+01,2.200930e+01,2.194725e+01,2.209198e+01,2.192655e+01,2.194035e+01,2.189206e+01,2.190586e+01,2.180922e+01,2.183684e+01,2.171940e+01,2.168483e+01,2.162950e+01,2.153952e+01,2.146332e+01,2.151875e+01,2.150489e+01,2.151182e+01,2.169866e+01,2.180922e+01,2.191276e+01,2.185065e+01,2.207820e+01,2.189896e+01,2.193345e+01,2.192655e+01,2.190586e+01,2.194035e+01,2.192655e+01,2.187825e+01,2.188516e+01,2.192655e+01,2.185755e+01,2.201619e+01,2.187135e+01,2.184374e+01,2.192655e+01,2.185755e+01,2.198862e+01,2.185755e+01,2.192655e+01,2.180922e+01,2.192655e+01,2.182993e+01,2.161566e+01,2.180231e+01,2.158106e+01,2.158798e+01,2.155337e+01,2.138013e+01,2.158798e+01,2.135933e+01,2.135239e+01,2.131076e+01,2.152567e+01,2.164334e+01,2.171940e+01,2.181612e+01,2.187825e+01,2.191965e+01,2.206442e+01,2.205754e+01,2.202997e+01,2.202997e+01,2.203687e+01,2.201619e+01,2.205754e+01,2.207820e+01,2.199551e+01,2.207820e+01,2.205754e+01,2.216082e+01,2.197483e+01,2.202997e+01,2.194035e+01,2.198172e+01,2.196793e+01,2.195414e+01,2.194725e+01,2.194725e+01,2.204376e+01,2.192655e+01,2.193345e+01,2.196104e+01,2.195414e+01,2.185755e+01,2.188516e+01,2.185065e+01,2.183684e+01,2.183684e+01,2.186445e+01,2.173322e+01,2.178159e+01,2.187135e+01,2.182993e+01,2.189206e+01,2.187135e+01,2.189206e+01,2.187135e+01,2.186445e+01,2.185065e+01,2.186445e+01,2.182993e+01,2.187825e+01,2.184374e+01,2.162258e+01,2.194725e+01,2.174704e+01,2.171940e+01,2.174013e+01,2.166409e+01,2.173322e+01,2.140094e+01,2.134545e+01,2.128299e+01,2.123439e+01,2.124133e+01,2.123439e+01,2.137320e+01,2.124828e+01,2.116491e+01,2.118576e+01,2.124133e+01,2.112320e+01,2.115796e+01,2.122744e+01,2.148411e+01,2.153952e+01,2.147025e+01,2.158106e+01,2.159490e+01,2.159490e+01,2.161566e+01,2.156721e+01,2.153952e+01,2.151875e+01,2.153952e+01,2.160874e+01,2.142867e+01,2.147718e+01,2.140787e+01,2.144946e+01,2.144946e+01,2.155337e+01,2.156029e+01,2.157414e+01,2.157414e+01,2.167100e+01,2.155337e+01,2.154645e+01,2.160874e+01,2.170557e+01,2.163642e+01,2.180231e+01,2.167100e+01,2.164334e+01,2.176086e+01,2.168483e+01,2.166409e+01,2.167100e+01,2.167792e+01,2.171940e+01,2.169175e+01,2.174013e+01,2.178850e+01,2.171248e+01,2.171940e+01,2.171248e+01,2.169175e+01,2.171940e+01,2.162950e+01,2.165717e+01,2.161566e+01,2.163642e+01,2.165025e+01,2.171248e+01,2.179540e+01,2.158798e+01,2.160182e+01,2.170557e+01,2.162258e+01,2.157414e+01,2.171248e+01,2.178850e+01,2.182303e+01,2.176086e+01,2.182303e+01,2.182303e+01,2.145639e+01,2.144253e+01,2.140787e+01,2.138707e+01,2.137320e+01,2.125522e+01,2.128993e+01,2.140094e+01,2.140787e+01,2.147718e+01,2.135239e+01,2.135239e+01,2.149104e+01,2.175395e+01,2.175395e+01,2.175395e+01,2.167100e+01,2.159490e+01,2.158106e+01,2.149104e+01,2.146332e+01,2.162258e+01,2.147718e+01,2.158798e+01,2.158798e+01,2.156029e+01,2.155337e+01,2.167100e+01,2.168483e+01,2.160182e+01,2.166409e+01,2.145639e+01,2.160874e+01,2.154645e+01,2.153952e+01,2.166409e+01,2.160182e+01,2.165717e+01,2.181612e+01,2.153260e+01,2.157414e+01,2.155337e+01,2.158798e+01,2.146332e+01,2.144253e+01,2.155337e+01,2.145639e+01,2.148411e+01,2.139400e+01,2.141480e+01,2.143560e+01,2.143560e+01,2.137320e+01,2.146332e+01,2.135239e+01,2.128299e+01,2.126217e+01,2.135239e+01,2.147025e+01,2.157414e+01,2.149104e+01,2.151182e+01,2.156029e+01,2.160182e+01,2.155337e+01,2.159490e+01,2.147718e+01,2.153952e+01,2.147025e+01,2.156721e+01,2.143560e+01,2.167100e+01,2.151182e+01,2.156029e+01,2.165025e+01,2.154645e+01,2.163642e+01,2.164334e+01,2.163642e+01,2.160874e+01,2.166409e+01,2.141480e+01,2.169866e+01,2.160874e+01,2.170557e+01,2.160182e+01,2.151875e+01,2.150489e+01,2.155337e+01,2.158798e+01,2.155337e+01,2.154645e+01,2.158106e+01,2.153260e+01,2.151182e+01,2.152567e+01,2.151182e+01,2.158798e+01,2.142867e+01,2.162950e+01,2.141480e+01,2.149796e+01,2.142867e+01,2.146332e+01,2.147718e+01,2.142174e+01,2.121355e+01,2.143560e+01,2.127605e+01,2.122050e+01,2.122744e+01,2.128299e+01,2.121355e+01,2.119966e+01,2.126911e+01,2.119966e+01,2.113711e+01,2.113015e+01,2.115101e+01,2.115796e+01,2.115796e+01,2.118576e+01,2.107452e+01,2.124133e+01,2.118576e+01,2.128993e+01,2.115101e+01,2.096316e+01,2.103973e+01,2.117186e+01,2.094226e+01,2.093530e+01,2.094923e+01,2.093530e+01,2.074705e+01,2.076100e+01,2.096316e+01,2.112320e+01,2.135933e+01,2.138013e+01,2.142174e+01,2.153260e+01,2.158106e+01,2.158798e+01,2.131770e+01,2.169175e+01,2.151182e+01,2.153952e+01,2.140787e+01,2.142174e+01,2.143560e+01,2.140094e+01,2.139400e+01,2.138013e+01,2.136626e+01,2.149796e+01,2.137320e+01,2.138013e+01,2.141480e+01,2.134545e+01,2.138707e+01,2.140094e+01,2.128993e+01,2.141480e+01,2.149796e+01,2.131076e+01,2.124133e+01,2.140094e+01,2.136626e+01,2.145639e+01,2.128993e+01,2.138013e+01,2.139400e+01
2.178850e+01,2.169866e+01,2.182993e+01,2.180922e+01,2.180231e+01,2.182993e+01,2.182303e+01,2.177468e+01,2.185755e+01,2.184374e+01,2.187135e+01,2.180922e+01,2.180922e+01,2.176086e+01,2.177468e+01,2.176086e+01,2.178850e+01,2.175395e+01,2.180231e+01,2.174704e+01,2.189206e+01,2.173322e+01,2.171940e+01,2.178159e+01,2.165025e+01,2.171940e+01,2.179540e+01,2.175395e+01,2.175395e+01,2.182993e+01,2.181612e+01,2.181612e+01,2.171940e+01,2.198172e+01,2.182303e+01,2.180231e+01,2.195414e+01,2.174704e+01,2.176086e+01,2.188516e+01,2.180922e+01,2.191965e+01,2.182303e+01,2.195414e+01,2.186445e+01,2.194725e+01,2.180231e+01,2.194035e+01,2.182303e+01,2.189896e+01,2.192655e+01,2.190586e+01,2.187825e+01,2.205754e+01,2.186445e+01,2.182993e+01,2.193345e+01,2.188516e+01,2.187135e+01,2.186445e+01,2.187825e+01,2.189206e+01,2.194035e+01,2.201619e+01,2.191965e+01,2.192655e+01,2.196793e+01,2.194725e+01,2.198172e+01,2.198172e+01,2.200241e+01,2.200241e+01,2.196793e+01,2.203687e+01,2.198172e+01,2.189206e+01,2.206442e+01,2.191965e+01,2.191965e+01,2.191276e+01,2.192655e+01,2.208509e+01,2.183684e+01,2.194035e+01,2.198172e+01,2.208509e+01,2.203687e+01,2.190586e+01,2.199551e+01,2.188516e+01,2.196104e+01,2.197483e+01,2.187825e+01,2.194035e+01,2.196104e+01,2.189896e+01,2.210575e+01,2.187825e+01,2.191276e+01,2.174013e+01,2.192655e+01,2.176777e+01,2.190586e+01,2.198862e+01,2.189206e+01,2.174013e+01,2.195414e+01,2.183684e+01,2.176777e+01,2.182993e+01,2.181612e+01,2.177468e+01,2.183684e+01,2.175395e+01,2.174013e+01,2.176777e+01,2.171248e+01,2.173322e+01,2.176086e+01,2.176777e+01,2.171248e+01,2.180922e+01,2.172631e+01,2.169866e+01,2.183684e+01,2.172631e+01,2.183684e+01,2.184374e+01,2.169175e+01,2.176777e+01,2.174704e+01,2.165717e+01,2.171940e+01,2.169866e+01,2.161566e+01,2.168483e+01,2.177468e+01,2.174013e+01,2.176086e+01,2.167792e+01,2.169175e+01,2.169175e+01,2.174013e+01,2.172631e+01,2.168483e+01,2.166409e+01,2.165717e+01,2.169175e+01,2.172631e+01,2.169866e+01,2.174704e+01,2.180231e+01,2.180231e+01,2.169175e+01,2.173322e+01,2.168483e+01,2.169866e+01,2.171248e+01,2.169866e+01,2.165025e+01,2.184374e+01,2.182303e+01,2.172631e+01,2.177468e+01,2.191276e+01,2.169175e+01,2.180922e+01,2.174704e+01,2.176086e+01,2.172631e+01,2.174704e+01,2.169866e+01,2.169866e+01,2.172631e+01,2.167792e+01,2.165717e+01,2.171248e+01,2.143560e+01,2.156029e+01,2.165717e+01,2.136626e+01,2.138013e+01,2.141480e+01,2.140094e+01,2.156721e+01,2.149104e+01,2.156721e+01,2.172631e+01,2.174013e+01,2.174704e+01,2.167792e+01,2.158106e+01,2.176086e+01,2.176777e+01,2.162258e+01,2.175395e+01,2.171248e+01,2.174013e+01,2.165025e+01,2.174704e+01,2.172631e+01,2.180922e+01,2.171940e+01,2.174013e+01,2.165717e+01,2.166409e+01,2.158798e+01,2.169175e+01,2.166409e+01,2.161566e+01,2.165025e+01,2.171940e+01,2.171940e+01,2.183684e+01,2.165717e+01,2.174704e+01,2.178850e+01,2.185065e+01,2.165025e+01,2.176086e+01,2.171248e+01,2.176086e+01,2.178159e+01,2.194035e+01,2.167792e+01,2.180231e+01,2.160874e+01,2.169175e+01,2.165717e+01,2.165717e+01,2.156721e+01,2.178850e+01,2.169175e+01,2.162258e+01,2.171248e+01,2.180231e+01,2.163642e+01,2.172631e+01,2.162950e+01,2.163642e+01,2.159490e+01,2.160874e+01,2.154645e+01,2.156029e+01,2.155337e+01,2.162258e+01,2.171248e+01,2.188516e+01,2.187135e+01,2.176086e+01,2.187135e+01,2.174704e+01,2.182993e+01,2.182993e+01,2.181612e+01,2.189206e+01,2.185755e+01,2.181612e+01,2.184374e+01,2.182303e+01,2.180231e+01,2.180231e+01,2.178159e+01,2.164334e+01,2.167100e+01,2.168483e+01,2.182993e+01,2.180231e+01,2.182993e+01,2.191965e+01,2.201619e+01,2.201619e+01,2.198862e+01,2.202308e+01,2.194725e+01,2.209886e+01,2.197483e+01,2.199551e+01,2.206442e+01,2.211263e+01,2.204376e+01,2.202308e+01,2.205754e+01,2.203687e+01,2.187135e+01,2.191276e+01,2.192655e+01,2.188516e+01,2.182993e+01,2.187825e+01,2.172631e+01,2.163642e+01,2.164334e+01,2.153952e+01,2.144253e+01,2.151182e+01,2.151182e+01,2.172631e+01,2.178159e+01,2.196793e+01,2.191965e+01,2.189896e+01,2.195414e+01,2.194035e+01,2.194725e+01,2.194725e+01,2.189206e+01,2.189896e+01,2.194035e+01,2.188516e+01,2.193345e+01,2.196793e+01,2.189206e+01,2.199551e+01,2.191276e+01,2.191276e+01,2.193345e+01,2.178850e+01,2.194035e+01,2.193345e+01,2.182993e+01,2.176777e+01,2.181612e+01,2.175395e+01,2.162258e+01,2.162950e+01,2.141480e+01,2.149796e+01,2.136626e+01,2.138013e+01,2.134545e+01,2.135933e+01,2.134545e+01,2.135239e+01,2.149796e+01,2.181612e+01,2.180922e+01,2.182993e+01,2.178850e+01,2.193345e+01,2.205065e+01,2.207820e+01,2.200241e+01,2.201619e+01,2.212641e+01,2.211263e+01,2.205065e+01,2.230525e+01,2.202997e+01,2.209886e+01,2.203687e+01,2.200930e+01,2.196793e+01,2.199551e+01,2.189896e+01,2.191965e+01,2.193345e+01,2.191276e+01,2.198862e+01,2.189896e+01,2.190586e+01,2.188516e+01,2.189206e+01,2.189896e+01,2.198862e+01,2.198172e+01,2.189206e+01,2.176777e+01,2.197483e+01,2.191965e+01,2.169175e+01,2.195414e+01,2.194035e+01,2.200241e+01,2.188516e+01,2.195414e+01,2.196104e+01,2.189896e+01,2.187135e+01,2.189206e+01,2.182303e+01,2.189896e+01,2.196104e+01,2.182303e+01,2.184374e+01,2.194725e+01,2.189206e+01,2.170557e+01,2.174013e+01,2.184374e+01,2.169175e+01,2.150489e+01,2.128299e+01,2.134545e+01,2.130382e+01,2.131770e+01,2.126217e+01,2.133851e+01,2.141480e+01,2.130382e+01,2.121355e+01,2.127605e+01,2.123439e+01,2.126911e+01,2.124133e+01,2.142174e+01,2.156721e+01,2.168483e+01,2.152567e+01,2.167100e+01,2.155337e+01,2.157414e+01,2.156721e+01,2.155337e+01,2.156721e+01,2.156721e+01,2.153260e+01,2.152567e+01,2.150489e+01,2.149796e+01,2.145639e+01,2.148411e+01,2.151875e+01,2.133851e+01,2.138707e+01,2.156721e+01,2.154645e+01,2.157414e+01,2.162950e+01,2.156721e+01,2.165717e+01,2.161566e+01,2.167100e+01,2.180922e+01,2.165025e+01,2.167792e+01,2.162258e+01,2.167792e+01,2.169866e+01,2.167792e+01,2.171940e+01,2.166409e+01,2.167792e+01,2.180922e+01,2.169175e+01,2.170557e+01,2.173322e+01,2.175395e+01,2.180231e+01,2.165025e+01,2.165025e+01,2.151875e+01,2.158798e+01,2.168483e+01,2.166409e+01,2.163642e+01,2.179540e+01,2.167792e+01,2.170557e+01,2.172631e+01,2.169866e+01,2.182993e+01,2.176086e+01,2.190586e+01,2.177468e+01,2.177468e+01,2.182993e+01,2.180922e+01,2.157414e+01,2.142867e+01,2.143560e+01,2.144253e+01,2.140094e+01,2.144253e+01,2.147025e+01,2.142867e+01,2.157414e+01,2.142867e+01,2.142867e+01,2.153952e+01,2.174704e+01,2.174704e+01,2.177468e+01,2.169175e+01,2.162950e+01,2.151875e+01,2.150489e+01,2.152567e+01,2.156029e+01,2.178850e+01,2.160874e+01,2.161566e+01,2.162258e+01,2.164334e+01,2.160182e+01,2.167792e+01,2.162258e+01,2.157414e+01,2.158106e+01,2.157414e+01,2.158798e+01,2.149104e+01,2.156029e+01,2.161566e+01,2.173322e+01,2.153952e+01,2.156029e+01,2.161566e+01,2.172631e+01,2.165025e+01,2.150489e+01,2.147718e+01,2.153952e+01,2.145639e+01,2.145639e+01,2.157414e+01,2.142867e+01,2.140787e+01,2.140787e+01,2.140094e+01,2.150489e+01,2.148411e+01,2.147718e+01,2.132464e+01,2.140787e+01,2.153952e+01,2.158798e+01,2.156029e+01,2.147025e+01,2.157414e+01,2.157414e+01,2.157414e+01,2.155337e+01,2.153952e+01,2.138707e+01,2.153260e+01,2.165025e+01,2.165717e+01,2.167100e+01,2.161566e+01,2.165025e+01,2.165025e+01,2.162258e+01,2.161566e+01,2.175395e+01,2.161566e+01,2.165717e+01,2.166409e+01,2.158106e+01,2.171248e+01,2.165717e+01,2.167100e+01,2.149796e+01,2.156721e+01,2.156721e+01,2.158798e+01,2.158798e+01,2.154645e+01,2.156721e+01,2.160182e+01,2.156029e+01,2.154645e+01,2.156029e+01,2.157414e+01,2.157414e+01,2.151182e+01,2.150489e+01,2.149796e+01,2.147025e+01,2.147025e+01,2.146332e+01,2.138707e+01,2.142174e+01,2.124133e+01,2.133851e+01,2.130382e+01,2.133158e+01,2.124133e+01,2.123439e+01,2.112320e+01,2.097709e+01,2.122050e+01,2.126217e+01,2.108148e+01,2.110234e+01,2.117186e+01,2.117186e+01,2.114406e+01,2.115796e+01,2.120660e+01,2.124133e+01,2.119271e+01,2.138013e+01,2.121355e+01,2.106756e+01,2.109539e+01,2.110234e+01,2.117186e+01,2.101885e+01,2.101885e+01,2.095619e+01,2.106061e+01,2.097709e+01,2.094226e+01,2.116491e+01,2.134545e+01,2.128993e+01,2.132464e+01,2.153260e+01,2.147718e+01,2.148411e+01,2.156721e+01,2.155337e+01,2.142867e+01,2.155337e+01,2.148411e+01,2.145639e+01,2.145639e+01,2.144946e+01,2.140787e+01,2.136626e+01,2.143560e+01,2.138013e+01,2.136626e+01,2.140787e+01,2.139400e+01,2.124133e+01,2.140094e+01,2.140094e+01,2.136626e+01,2.127605e+01,2.142174e+01,2.133851e+01,2.132464e+01,2.122744e+01,2.145639e+01,2.129688e+01,2.127605e+01,2.127605e+01,2.126911e+01
2.181612e+01,2.172631e+01,2.169866e+01,2.180231e+01,2.180922e+01,2.168483e+01,2.175395e+01,2.171248e+01,2.176777e+01,2.183684e+01,2.179540e+01,2.176777e+01,2.173322e+01,2.174704e+01,2.179540e+01,2.167100e+01,2.166409e+01,2.169866e+01,2.180231e+01,2.176777e+01,2.169175e+01,2.172631e+01,2.169866e+01,2.177468e+01,2.179540e+01,2.179540e+01,2.179540e+01,2.174704e+01,2.178159e+01,2.177468e+01,2.174704e+01,2.172631e+01,2.178850e+01,2.193345e+01,2.167792e+01,2.176777e+01,2.188516e+01,2.177468e+01,2.174704e+01,2.175395e+01,2.178850e+01,2.176777e+01,2.197483e+01,2.175395e+01,2.180922e+01,2.191965e+01,2.175395e+01,2.180231e+01,2.188516e+01,2.190586e+01,2.191965e+01,2.194035e+01,2.188516e+01,2.174704e+01,2.185755e+01,2.183684e+01,2.190586e+01,2.196104e+01,2.194725e+01,2.184374e+01,2.189896e+01,2.196104e+01,2.189206e+01,2.158798e+01,2.188516e+01,2.185755e+01,2.188516e+01,2.192655e+01,2.198172e+01,2.194725e+01,2.182993e+01,2.204376e+01,2.198172e+01,2.197483e+01,2.200930e+01,2.191965e+01,2.192655e+01,2.195414e+01,2.182993e+01,2.209198e+01,2.209886e+01,2.187135e+01,2.196793e+01,2.191276e+01,2.200241e+01,2.195414e+01,2.200930e+01,2.203687e+01,2.199551e+01,2.195414e+01,2.197483e+01,2.191965e+01,2.195414e+01,2.201619e+01,2.189206e+01,2.191276e+01,2.189206e+01,2.193345e+01,2.184374e+01,2.188516e+01,2.174704e+01,2.182303e+01,2.184374e+01,2.189206e+01,2.187135e+01,2.176086e+01,2.169866e+01,2.169175e+01,2.182303e+01,2.164334e+01,2.178850e+01,2.181612e+01,2.176086e+01,2.174013e+01,2.178850e+01,2.175395e+01,2.174013e+01,2.172631e+01,2.180231e+01,2.184374e+01,2.165025e+01,2.176777e+01,2.174013e+01,2.163642e+01,2.175395e+01,2.167792e+01,2.179540e+01,2.168483e+01,2.174704e+01,2.172631e+01,2.174013e+01,2.160874e+01,2.178159e+01,2.162950e+01,2.165717e+01,2.173322e+01,2.161566e+01,2.170557e+01,2.177468e+01,2.171248e+01,2.177468e+01,2.167100e+01,2.169866e+01,2.166409e+01,2.167100e+01,2.170557e+01,2.167792e+01,2.169175e+01,2.170557e+01,2.163642e+01,2.168483e+01,2.179540e+01,2.176086e+01,2.178159e+01,2.168483e+01,2.168483e+01,2.170557e+01,2.168483e+01,2.174704e+01,2.167792e+01,2.174013e+01,2.169175e+01,2.173322e+01,2.172631e+01,2.166409e+01,2.175395e+01,2.171940e+01,2.176777e+01,2.174704e+01,2.172631e+01,2.173322e+01,2.163642e+01,2.162258e+01,2.160874e+01,2.169866e+01,2.171248e+01,2.171248e+01,2.186445e+01,2.144253e+01,2.168483e+01,2.158106e+01,2.144253e+01,2.133851e+01,2.127605e+01,2.134545e+01,2.145639e+01,2.151182e+01,2.165717e+01,2.152567e+01,2.170557e+01,2.172631e+01,2.172631e+01,2.171940e+01,2.178159e+01,2.174704e+01,2.174704e+01,2.173322e+01,2.175395e+01,2.172631e+01,2.174704e+01,2.176777e+01,2.176086e+01,2.180231e+01,2.175395e+01,2.173322e+01,2.175395e+01,2.155337e+01,2.170557e+01,2.156721e+01,2.159490e+01,2.168483e+01,2.159490e+01,2.171248e+01,2.165717e+01,2.168483e+01,2.164334e+01,2.171248e+01,2.170557e+01,2.188516e+01,2.170557e+01,2.173322e+01,2.171940e+01,2.163642e+01,2.162950e+01,2.164334e+01,2.162950e+01,2.165717e+01,2.160182e+01,2.162258e+01,2.160182e+01,2.160182e+01,2.158798e+01,2.166409e+01,2.167100e+01,2.168483e+01,2.149104e+01,2.159490e+01,2.168483e+01,2.167100e+01,2.162950e+01,2.151182e+01,2.160874e+01,2.157414e+01,2.153260e+01,2.152567e+01,2.149104e+01,2.167100e+01,2.185755e+01,2.174704e+01,2.176086e+01,2.188516e+01,2.176777e+01,2.183684e+01,2.181612e+01,2.171940e+01,2.182993e+01,2.182303e+01,2.187825e+01,2.187135e+01,2.185065e+01,2.179540e+01,2.180922e+01,2.166409e+01,2.165717e+01,2.172631e+01,2.166409e+01,2.182993e+01,2.180922e+01,2.191276e+01,2.176086e+01,2.189896e+01,2.205065e+01,2.204376e+01,2.202308e+01,2.202308e+01,2.203687e+01,2.213329e+01,2.211952e+01,2.211952e+01,2.210575e+01,2.208509e+01,2.196104e+01,2.208509e+01,2.191276e+01,2.200241e+01,2.187135e+01,2.180922e+01,2.185755e+01,2.180231e+01,2.179540e+01,2.180231e+01,2.157414e+01,2.158798e+01,2.156721e+01,2.152567e+01,2.155337e+01,2.157414e+01,2.176777e+01,2.182993e+01,2.194035e+01,2.198172e+01,2.189206e+01,2.194035e+01,2.194035e+01,2.191965e+01,2.195414e+01,2.196793e+01,2.194035e+01,2.196793e+01,2.202997e+01,2.188516e+01,2.220211e+01,2.186445e+01,2.202997e+01,2.188516e+01,2.200241e+01,2.189206e+01,2.191965e+01,2.192655e+01,2.175395e+01,2.192655e+01,2.178159e+01,2.181612e+01,2.162258e+01,2.166409e+01,2.157414e+01,2.161566e+01,2.159490e+01,2.145639e+01,2.127605e+01,2.131770e+01,2.125522e+01,2.133851e+01,2.128299e+01,2.128993e+01,2.152567e+01,2.153952e+01,2.187825e+01,2.189896e+01,2.194725e+01,2.191276e+01,2.200241e+01,2.199551e+01,2.202997e+01,2.202997e+01,2.207820e+01,2.206442e+01,2.207820e+01,2.196793e+01,2.196793e+01,2.201619e+01,2.199551e+01,2.194725e+01,2.196104e+01,2.193345e+01,2.193345e+01,2.187135e+01,2.189206e+01,2.192655e+01,2.196793e+01,2.187825e+01,2.188516e+01,2.189206e+01,2.185755e+01,2.199551e+01,2.200241e+01,2.191965e+01,2.181612e+01,2.196104e+01,2.177468e+01,2.196793e+01,2.187135e+01,2.191276e+01,2.194725e+01,2.198172e+01,2.198172e+01,2.189206e+01,2.191965e+01,2.196793e+01,2.190586e+01,2.193345e+01,2.183684e+01,2.182993e+01,2.189896e+01,2.183684e+01,2.176086e+01,2.180231e+01,2.168483e+01,2.168483e+01,2.174704e+01,2.153952e+01,2.151182e+01,2.132464e+01,2.125522e+01,2.126217e+01,2.133158e+01,2.126217e+01,2.128993e+01,2.122050e+01,2.133851e+01,2.118576e+01,2.120660e+01,2.120660e+01,2.131076e+01,2.113015e+01,2.125522e+01,2.142867e+01,2.154645e+01,2.167792e+01,2.154645e+01,2.154645e+01,2.159490e+01,2.152567e+01,2.159490e+01,2.142867e+01,2.163642e+01,2.147025e+01,2.152567e+01,2.149796e+01,2.149796e+01,2.152567e+01,2.153260e+01,2.158106e+01,2.132464e+01,2.157414e+01,2.158106e+01,2.165025e+01,2.162950e+01,2.167100e+01,2.164334e+01,2.160182e+01,2.154645e+01,2.162950e+01,2.150489e+01,2.157414e+01,2.162950e+01,2.168483e+01,2.170557e+01,2.164334e+01,2.171248e+01,2.167100e+01,2.169175e+01,2.180231e+01,2.167792e+01,2.169866e+01,2.169175e+01,2.172631e+01,2.173322e+01,2.164334e+01,2.160874e+01,2.162258e+01,2.151182e+01,2.169866e+01,2.157414e+01,2.162950e+01,2.169175e+01,2.173322e+01,2.163642e+01,2.170557e+01,2.170557e+01,2.171940e+01,2.168483e+01,2.169866e+01,2.189206e+01,2.175395e+01,2.191276e+01,2.190586e+01,2.174704e+01,2.169175e+01,2.149796e+01,2.151875e+01,2.142174e+01,2.140094e+01,2.140787e+01,2.140094e+01,2.147025e+01,2.143560e+01,2.144253e+01,2.140094e+01,2.163642e+01,2.167100e+01,2.174704e+01,2.178850e+01,2.173322e+01,2.160874e+01,2.153260e+01,2.149104e+01,2.159490e+01,2.168483e+01,2.162258e+01,2.138707e+01,2.158106e+01,2.167100e+01,2.162950e+01,2.143560e+01,2.156029e+01,2.161566e+01,2.157414e+01,2.147025e+01,2.159490e+01,2.158798e+01,2.160182e+01,2.156029e+01,2.160874e+01,2.158106e+01,2.152567e+01,2.168483e+01,2.160874e+01,2.153952e+01,2.152567e+01,2.162258e+01,2.151875e+01,2.160182e+01,2.155337e+01,2.146332e+01,2.157414e+01,2.145639e+01,2.143560e+01,2.147718e+01,2.144253e+01,2.150489e+01,2.151875e+01,2.148411e+01,2.144946e+01,2.157414e+01,2.147025e+01,2.150489e+01,2.154645e+01,2.166409e+01,2.152567e+01,2.158798e+01,2.167100e+01,2.172631e+01,2.166409e+01,2.148411e+01,2.152567e+01,2.167100e+01,2.163642e+01,2.158798e+01,2.165025e+01,2.174013e+01,2.160182e+01,2.169866e+01,2.165025e+01,2.174704e+01,2.165717e+01,2.164334e+01,2.172631e+01,2.169866e+01,2.168483e+01,2.170557e+01,2.160182e+01,2.152567e+01,2.156721e+01,2.140787e+01,2.157414e+01,2.146332e+01,2.162950e+01,2.153260e+01,2.153260e+01,2.153260e+01,2.139400e+01,2.158106e+01,2.153952e+01,2.155337e+01,2.147718e+01,2.144253e+01,2.145639e+01,2.151182e+01,2.148411e+01,2.148411e+01,2.147718e+01,2.138707e+01,2.116491e+01,2.132464e+01,2.116491e+01,2.119966e+01,2.115796e+01,2.117186e+01,2.122050e+01,2.120660e+01,2.124828e+01,2.110929e+01,2.109539e+01,2.117881e+01,2.116491e+01,2.109539e+01,2.119271e+01,2.118576e+01,2.109539e+01,2.109539e+01,2.115101e+01,2.120660e+01,2.118576e+01,2.097709e+01,2.116491e+01,2.109539e+01,2.103277e+01,2.097012e+01,2.097012e+01,2.099101e+01,2.090743e+01,2.079589e+01,2.092833e+01,2.107452e+01,2.141480e+01,2.148411e+01,2.147025e+01,2.152567e+01,2.153260e+01,2.158106e+01,2.154645e+01,2.149104e+01,2.171248e+01,2.151875e+01,2.155337e+01,2.146332e+01,2.148411e+01,2.152567e+01,2.148411e+01,2.149796e+01,2.140787e+01,2.138707e+01,2.141480e+01,2.139400e+01,2.138707e+01,2.140094e+01,2.136626e+01,2.139400e+01,2.121355e+01,2.126911e+01,2.138707e+01,2.130382e+01,2.124828e+01,2.128993e+01,2.133158e+01,2.138707e+01,2.128993e+01,2.126911e+01,2.147718e+01
2.171940e+01,2.173322e+01,2.162950e+01,2.178850e+01,2.183684e+01,2.180922e+01,2.170557e+01,2.184374e+01,2.156721e+01,2.183684e+01,2.183684e+01,2.175395e+01,2.182303e+01,2.182303e+01,2.169866e+01,2.170557e+01,2.180922e+01,2.174704e+01,2.180231e+01,2.179540e+01,2.165717e+01,2.168483e+01,2.170557e+01,2.180922e+01,2.179540e+01,2.179540e+01,2.177468e+01,2.174704e+01,2.162258e+01,2.169866e+01,2.172631e+01,2.176777e+01,2.169866e+01,2.168483e+01,2.177468e+01,2.171248e+01,2.171940e+01,2.174704e+01,2.180922e+01,2.169866e+01,2.179540e+01,2.187135e+01,2.182993e+01,2.179540e+01,2.171248e+01,2.183684e+01,2.178159e+01,2.183684e+01,2.178159e+01,2.196104e+01,2.197483e+01,2.187825e+01,2.183684e+01,2.182993e+01,2.185065e+01,2.198862e+01,2.186445e+01,2.185065e+01,2.191276e+01,2.187825e+01,2.202308e+01,2.191276e+01,2.202997e+01,2.194725e+01,2.191965e+01,2.205065e+01,2.183684e+01,2.197483e+01,2.197483e+01,2.190586e+01,2.192655e+01,2.193345e+01,2.194035e+01,2.195414e+01,2.196793e+01,2.200241e+01,2.197483e+01,2.206442e+01,2.194725e+01,2.189896e+01,2.202308e+01,2.192655e+01,2.212641e+01,2.200930e+01,2.197483e+01,2.198172e+01,2.196793e+01,2.207131e+01,2.194725e+01,2.188516e+01,2.191965e+01,2.196104e+01,2.197483e+01,2.189896e+01,2.186445e+01,2.186445e+01,2.187135e+01,2.189206e+01,2.189896e+01,2.187825e+01,2.178159e+01,2.180231e+01,2.190586e+01,2.174704e+01,2.175395e+01,2.165717e+01,2.177468e+01,2.172631e+01,2.167100e+01,2.177468e+01,2.178850e+01,2.165717e+01,2.169866e+01,2.176086e+01,2.175395e+01,2.172631e+01,2.171248e+01,2.173322e+01,2.174704e+01,2.173322e+01,2.176777e+01,2.174013e+01,2.184374e+01,2.171940e+01,2.175395e+01,2.168483e+01,2.185755e+01,2.165717e+01,2.167100e+01,2.170557e+01,2.171940e+01,2.166409e+01,2.173322e+01,2.166409e+01,2.174013e+01,2.158106e+01,2.171248e+01,2.159490e+01,2.163642e+01,2.170557e+01,2.178159e+01,2.171940e+01,2.166409e+01,2.171248e+01,2.169175e+01,2.165717e+01,2.169175e+01,2.169175e+01,2.171940e+01,2.178850e+01,2.177468e+01,2.178159e+01,2.175395e+01,2.174013e+01,2.174013e+01,2.167792e+01,2.174704e+01,2.169175e+01,2.169866e+01,2.167100e+01,2.169175e+01,2.171940e+01,2.167792e+01,2.167100e+01,2.167792e+01,2.178850e+01,2.178850e+01,2.176777e+01,2.165717e+01,2.174704e+01,2.171248e+01,2.170557e+01,2.182303e+01,2.166409e+01,2.162950e+01,2.174704e+01,2.169175e+01,2.167792e+01,2.169175e+01,2.167100e+01,2.160874e+01,2.135933e+01,2.135239e+01,2.133158e+01,2.125522e+01,2.155337e+01,2.154645e+01,2.159490e+01,2.156029e+01,2.171940e+01,2.174704e+01,2.165717e+01,2.173322e+01,2.169866e+01,2.176086e+01,2.174013e+01,2.174013e+01,2.159490e+01,2.165025e+01,2.171940e+01,2.180922e+01,2.176777e+01,2.171248e+01,2.182993e+01,2.173322e+01,2.182993e+01,2.185065e+01,2.172631e+01,2.173322e+01,2.175395e+01,2.168483e+01,2.167100e+01,2.162950e+01,2.165025e+01,2.168483e+01,2.172631e+01,2.169175e+01,2.169175e+01,2.166409e+01,2.170557e+01,2.170557e+01,2.167792e+01,2.162950e+01,2.164334e+01,2.167100e+01,2.164334e+01,2.163642e+01,2.167792e+01,2.167792e+01,2.169866e+01,2.164334e+01,2.167792e+01,2.160874e+01,2.158798e+01,2.173322e+01,2.160182e+01,2.170557e+01,2.162258e+01,2.173322e+01,2.162950e+01,2.149796e+01,2.156721e+01,2.164334e+01,2.155337e+01,2.153260e+01,2.170557e+01,2.175395e+01,2.167100e+01,2.187825e+01,2.186445e+01,2.182303e+01,2.180231e+01,2.186445e+01,2.180922e+01,2.174704e+01,2.185755e+01,2.186445e+01,2.186445e+01,2.184374e+01,2.187135e+01,2.182993e+01,2.184374e+01,2.189206e+01,2.174013e+01,2.168483e+01,2.169175e+01,2.194035e+01,2.173322e+01,2.192655e+01,2.195414e+01,2.193345e+01,2.196104e+01,2.200930e+01,2.201619e+01,2.203687e+01,2.207820e+01,2.200930e+01,2.214706e+01,2.211263e+01,2.205065e+01,2.200241e+01,2.200241e+01,2.200241e+01,2.206442e+01,2.174704e+01,2.182303e+01,2.189896e+01,2.190586e+01,2.174704e+01,2.176086e+01,2.172631e+01,2.171940e+01,2.169866e+01,2.167100e+01,2.153260e+01,2.176086e+01,2.172631e+01,2.177468e+01,2.191276e+01,2.190586e+01,2.187135e+01,2.196104e+01,2.191965e+01,2.194035e+01,2.185065e+01,2.198172e+01,2.193345e+01,2.191276e+01,2.189896e+01,2.211952e+01,2.189206e+01,2.205754e+01,2.189896e+01,2.197483e+01,2.187135e+01,2.194035e+01,2.193345e+01,2.177468e+01,2.202308e+01,2.178159e+01,2.173322e+01,2.172631e+01,2.166409e+01,2.168483e+01,2.155337e+01,2.148411e+01,2.144946e+01,2.143560e+01,2.134545e+01,2.127605e+01,2.121355e+01,2.124828e+01,2.129688e+01,2.128993e+01,2.131770e+01,2.135933e+01,2.151875e+01,2.171248e+01,2.183684e+01,2.200930e+01,2.202997e+01,2.196793e+01,2.202308e+01,2.204376e+01,2.197483e+01,2.205065e+01,2.200241e+01,2.201619e+01,2.206442e+01,2.199551e+01,2.205754e+01,2.199551e+01,2.192655e+01,2.202308e+01,2.198172e+01,2.187825e+01,2.193345e+01,2.192655e+01,2.189896e+01,2.188516e+01,2.189206e+01,2.190586e+01,2.196104e+01,2.196104e+01,2.185755e+01,2.202997e+01,2.192655e+01,2.187825e+01,2.199551e+01,2.191276e+01,2.194725e+01,2.193345e+01,2.196104e+01,2.194725e+01,2.189206e+01,2.197483e+01,2.195414e+01,2.193345e+01,2.187135e+01,2.185755e+01,2.187135e+01,2.183684e+01,2.184374e+01,2.176086e+01,2.188516e+01,2.185755e+01,2.181612e+01,2.187825e+01,2.185755e+01,2.176086e+01,2.155337e+01,2.142867e+01,2.144946e+01,2.134545e+01,2.138013e+01,2.138013e+01,2.142867e+01,2.141480e+01,2.142867e+01,2.140094e+01,2.135933e+01,2.131076e+01,2.129688e+01,2.120660e+01,2.119966e+01,2.128299e+01,2.128299e+01,2.170557e+01,2.165025e+01,2.147718e+01,2.158798e+01,2.161566e+01,2.158106e+01,2.159490e+01,2.159490e+01,2.158106e+01,2.153260e+01,2.155337e+01,2.164334e+01,2.152567e+01,2.153260e+01,2.150489e+01,2.157414e+01,2.154645e+01,2.147025e+01,2.162950e+01,2.158798e+01,2.159490e+01,2.164334e+01,2.167100e+01,2.157414e+01,2.172631e+01,2.178159e+01,2.160874e+01,2.173322e+01,2.169866e+01,2.176777e+01,2.169866e+01,2.165025e+01,2.170557e+01,2.186445e+01,2.167792e+01,2.169175e+01,2.178159e+01,2.167100e+01,2.169175e+01,2.168483e+01,2.160874e+01,2.165025e+01,2.157414e+01,2.162258e+01,2.161566e+01,2.167792e+01,2.171940e+01,2.171940e+01,2.170557e+01,2.172631e+01,2.161566e+01,2.172631e+01,2.167100e+01,2.179540e+01,2.176777e+01,2.174704e+01,2.178159e+01,2.190586e+01,2.188516e+01,2.172631e+01,2.190586e+01,2.172631e+01,2.159490e+01,2.153952e+01,2.147718e+01,2.143560e+01,2.156029e+01,2.144253e+01,2.131076e+01,2.142174e+01,2.156721e+01,2.156721e+01,2.161566e+01,2.182993e+01,2.163642e+01,2.181612e+01,2.175395e+01,2.166409e+01,2.156029e+01,2.163642e+01,2.156029e+01,2.159490e+01,2.157414e+01,2.166409e+01,2.156029e+01,2.158798e+01,2.157414e+01,2.163642e+01,2.147718e+01,2.158106e+01,2.156721e+01,2.152567e+01,2.146332e+01,2.159490e+01,2.145639e+01,2.166409e+01,2.159490e+01,2.165717e+01,2.156029e+01,2.160874e+01,2.157414e+01,2.162258e+01,2.156721e+01,2.159490e+01,2.162950e+01,2.160874e+01,2.150489e+01,2.151182e+01,2.153952e+01,2.153260e+01,2.154645e+01,2.144946e+01,2.155337e+01,2.151182e+01,2.146332e+01,2.149796e+01,2.149104e+01,2.150489e+01,2.153952e+01,2.147025e+01,2.137320e+01,2.167792e+01,2.167792e+01,2.158106e+01,2.178850e+01,2.156029e+01,2.153260e+01,2.168483e+01,2.135933e+01,2.166409e+01,2.153260e+01,2.162950e+01,2.163642e+01,2.162950e+01,2.168483e+01,2.162950e+01,2.167100e+01,2.170557e+01,2.157414e+01,2.162258e+01,2.162950e+01,2.169866e+01,2.171940e+01,2.156721e+01,2.168483e+01,2.151182e+01,2.160182e+01,2.160182e+01,2.160874e+01,2.148411e+01,2.152567e+01,2.156721e+01,2.156721e+01,2.154645e+01,2.151875e+01,2.154645e+01,2.151182e+01,2.155337e+01,2.149796e+01,2.142174e+01,2.142867e+01,2.146332e+01,2.113015e+01,2.149796e+01,2.136626e+01,2.140094e+01,2.133851e+01,2.133851e+01,2.132464e+01,2.131770e+01,2.126217e+01,2.129688e+01,2.110234e+01,2.111625e+01,2.119271e+01,2.110929e+01,2.103277e+01,2.104669e+01,2.117881e+01,2.113015e+01,2.124828e+01,2.115796e+01,2.109539e+01,2.112320e+01,2.109539e+01,2.109539e+01,2.112320e+01,2.109539e+01,2.111625e+01,2.109539e+01,2.099101e+01,2.113711e+01,2.090047e+01,2.103277e+01,2.092833e+01,2.101885e+01,2.106756e+01,2.128299e+01,2.150489e+01,2.151182e+01,2.153260e+01,2.147025e+01,2.148411e+01,2.152567e+01,2.165025e+01,2.144253e+01,2.149796e+01,2.143560e+01,2.143560e+01,2.162950e+01,2.142867e+01,2.147025e+01,2.150489e+01,2.144253e+01,2.147718e+01,2.138013e+01,2.144946e+01,2.139400e+01,2.138013e+01,2.140787e+01,2.141480e+01,2.139400e+01,2.121355e+01,2.134545e+01,2.131770e+01,2.139400e+01,2.126911e+01,2.138707e+01,2.132464e+01,2.130382e+01,2.127605e+01,2.123439e+01,2.147718e+01
2.176086e+01,2.172631e+01,2.173322e+01,2.174704e+01,2.178159e+01,2.173322e+01,2.171248e+01,2.174013e+01,2.176777e+01,2.158106e+01,2.177468e+01,2.171248e+01,2.180922e+01,2.182993e+01,2.177468e+01,2.174704e+01,2.171940e+01,2.177468e+01,2.172631e+01,2.176777e+01,2.171248e+01,2.169175e+01,2.174704e+01,2.169866e+01,2.167792e+01,2.182303e+01,2.165717e+01,2.164334e+01,2.174013e+01,2.172631e+01,2.171248e+01,2.176777e+01,2.168483e+01,2.165025e+01,2.175395e+01,2.167100e+01,2.176777e+01,2.195414e+01,2.161566e+01,2.179540e+01,2.171248e+01,2.177468e+01,2.180231e+01,2.178850e+01,2.185065e+01,2.180231e+01,2.173322e+01,2.174013e+01,2.196793e+01,2.182993e+01,2.189896e+01,2.195414e+01,2.181612e+01,2.189206e+01,2.187135e+01,2.185755e+01,2.182303e+01,2.178850e+01,2.195414e+01,2.187825e+01,2.201619e+01,2.189896e+01,2.193345e+01,2.200930e+01,2.198862e+01,2.193345e+01,2.185755e+01,2.192655e+01,2.198862e+01,2.186445e+01,2.196793e+01,2.196104e+01,2.192655e+01,2.187825e+01,2.202308e+01,2.188516e+01,2.192655e+01,2.191276e+01,2.202997e+01,2.184374e+01,2.201619e+01,2.198172e+01,2.198172e+01,2.195414e+01,2.194035e+01,2.196793e+01,2.195414e+01,2.196104e+01,2.200241e+01,2.196793e+01,2.212641e+01,2.201619e+01,2.182993e+01,2.160182e+01,2.195414e+01,2.193345e+01,2.177468e+01,2.192655e+01,2.184374e+01,2.181612e+01,2.186445e+01,2.184374e+01,2.191276e+01,2.186445e+01,2.185065e+01,2.182303e+01,2.180231e+01,2.178159e+01,2.167100e+01,2.178850e+01,2.175395e+01,2.163642e+01,2.178850e+01,2.175395e+01,2.173322e+01,2.162950e+01,2.163642e+01,2.167792e+01,2.142174e+01,2.167100e+01,2.155337e+01,2.179540e+01,2.167100e+01,2.174704e+01,2.166409e+01,2.171940e+01,2.160874e+01,2.167792e+01,2.153952e+01,2.175395e+01,2.157414e+01,2.174704e+01,2.167792e+01,2.167100e+01,2.162950e+01,2.164334e+01,2.195414e+01,2.174704e+01,2.171248e+01,2.169866e+01,2.169866e+01,2.172631e+01,2.165025e+01,2.170557e+01,2.165717e+01,2.170557e+01,2.170557e+01,2.168483e+01,2.169866e+01,2.169866e+01,2.164334e+01,2.170557e+01,2.176086e+01,2.174013e+01,2.176086e+01,2.171248e+01,2.169866e+01,2.169175e+01,2.165717e+01,2.169175e+01,2.167792e+01,2.166409e+01,2.167100e+01,2.163642e+01,2.176086e+01,2.179540e+01,2.176777e+01,2.175395e+01,2.176777e+01,2.170557e+01,2.167100e+01,2.151875e+01,2.167792e+01,2.173322e+01,2.169866e+01,2.171248e+01,2.185755e+01,2.177468e+01,2.173322e+01,2.151182e+01,2.147718e+01,2.161566e+01,2.149796e+01,2.133851e+01,2.135933e+01,2.149796e+01,2.135933e+01,2.151182e+01,2.144946e+01,2.167792e+01,2.173322e+01,2.164334e+01,2.174013e+01,2.176086e+01,2.176777e+01,2.176086e+01,2.176086e+01,2.181612e+01,2.175395e+01,2.175395e+01,2.183684e+01,2.167100e+01,2.180922e+01,2.176086e+01,2.171940e+01,2.176086e+01,2.172631e+01,2.170557e+01,2.171940e+01,2.173322e+01,2.174704e+01,2.175395e+01,2.167100e+01,2.165025e+01,2.171940e+01,2.176086e+01,2.159490e+01,2.169866e+01,2.161566e+01,2.164334e+01,2.166409e+01,2.167792e+01,2.158106e+01,2.158106e+01,2.166409e+01,2.160182e+01,2.166409e+01,2.163642e+01,2.163642e+01,2.162258e+01,2.169866e+01,2.159490e+01,2.169866e+01,2.159490e+01,2.165717e+01,2.160874e+01,2.175395e+01,2.156721e+01,2.158106e+01,2.162258e+01,2.158798e+01,2.149796e+01,2.152567e+01,2.148411e+01,2.158106e+01,2.185755e+01,2.178850e+01,2.176086e+01,2.178159e+01,2.177468e+01,2.189896e+01,2.182303e+01,2.184374e+01,2.184374e+01,2.186445e+01,2.176777e+01,2.189206e+01,2.187135e+01,2.188516e+01,2.189896e+01,2.179540e+01,2.185755e+01,2.186445e+01,2.175395e+01,2.159490e+01,2.185755e+01,2.171248e+01,2.194725e+01,2.191965e+01,2.194035e+01,2.193345e+01,2.201619e+01,2.192655e+01,2.194725e+01,2.201619e+01,2.200930e+01,2.207131e+01,2.205754e+01,2.211263e+01,2.209886e+01,2.207131e+01,2.209198e+01,2.209198e+01,2.184374e+01,2.182993e+01,2.180922e+01,2.184374e+01,2.176086e+01,2.170557e+01,2.186445e+01,2.157414e+01,2.171940e+01,2.170557e+01,2.178159e+01,2.153952e+01,2.176086e+01,2.182303e+01,2.176777e+01,2.193345e+01,2.179540e+01,2.179540e+01,2.193345e+01,2.192655e+01,2.182993e+01,2.186445e+01,2.196793e+01,2.191965e+01,2.189896e+01,2.194725e+01,2.193345e+01,2.194035e+01,2.192655e+01,2.202308e+01,2.191276e+01,2.189206e+01,2.191965e+01,2.191276e+01,2.191965e+01,2.189896e+01,2.191965e+01,2.182993e+01,2.167792e+01,2.156721e+01,2.155337e+01,2.168483e+01,2.156721e+01,2.155337e+01,2.142867e+01,2.119271e+01,2.138707e+01,2.130382e+01,2.126217e+01,2.110234e+01,2.142867e+01,2.129688e+01,2.135239e+01,2.133851e+01,2.158798e+01,2.192655e+01,2.191965e+01,2.195414e+01,2.197483e+01,2.190586e+01,2.202308e+01,2.198862e+01,2.196104e+01,2.206442e+01,2.196793e+01,2.196104e+01,2.200930e+01,2.204376e+01,2.195414e+01,2.198172e+01,2.189896e+01,2.202308e+01,2.199551e+01,2.191276e+01,2.170557e+01,2.180922e+01,2.175395e+01,2.174704e+01,2.187135e+01,2.187135e+01,2.201619e+01,2.190586e+01,2.198862e+01,2.192655e+01,2.197483e+01,2.191965e+01,2.198172e+01,2.193345e+01,2.194035e+01,2.185755e+01,2.189206e+01,2.200241e+01,2.191965e+01,2.189896e+01,2.198172e+01,2.195414e+01,2.200241e+01,2.187135e+01,2.176777e+01,2.190586e+01,2.183684e+01,2.186445e+01,2.187135e+01,2.185065e+01,2.178850e+01,2.165025e+01,2.154645e+01,2.155337e+01,2.131076e+01,2.135933e+01,2.127605e+01,2.123439e+01,2.140787e+01,2.126217e+01,2.136626e+01,2.147025e+01,2.149104e+01,2.153952e+01,2.133158e+01,2.120660e+01,2.125522e+01,2.120660e+01,2.135933e+01,2.126217e+01,2.146332e+01,2.143560e+01,2.171940e+01,2.160182e+01,2.160874e+01,2.160874e+01,2.161566e+01,2.158106e+01,2.151182e+01,2.156721e+01,2.144253e+01,2.150489e+01,2.153260e+01,2.153952e+01,2.147025e+01,2.147025e+01,2.147718e+01,2.158798e+01,2.150489e+01,2.161566e+01,2.162950e+01,2.169866e+01,2.158106e+01,2.171248e+01,2.157414e+01,2.171940e+01,2.151182e+01,2.164334e+01,2.176777e+01,2.166409e+01,2.178159e+01,2.159490e+01,2.175395e+01,2.169866e+01,2.168483e+01,2.173322e+01,2.167792e+01,2.166409e+01,2.175395e+01,2.169866e+01,2.165025e+01,2.162950e+01,2.165717e+01,2.160182e+01,2.153952e+01,2.158798e+01,2.163642e+01,2.167792e+01,2.171940e+01,2.167792e+01,2.168483e+01,2.172631e+01,2.178159e+01,2.182993e+01,2.169175e+01,2.187825e+01,2.187135e+01,2.182303e+01,2.180922e+01,2.185065e+01,2.190586e+01,2.174704e+01,2.171940e+01,2.153260e+01,2.145639e+01,2.142867e+01,2.144946e+01,2.142867e+01,2.156029e+01,2.156029e+01,2.151875e+01,2.157414e+01,2.163642e+01,2.163642e+01,2.167792e+01,2.162258e+01,2.167792e+01,2.160874e+01,2.161566e+01,2.162950e+01,2.167792e+01,2.159490e+01,2.162258e+01,2.154645e+01,2.160182e+01,2.162950e+01,2.158106e+01,2.162258e+01,2.154645e+01,2.151182e+01,2.153260e+01,2.158106e+01,2.147025e+01,2.146332e+01,2.151875e+01,2.128993e+01,2.153952e+01,2.150489e+01,2.159490e+01,2.169866e+01,2.156721e+01,2.156029e+01,2.158798e+01,2.153952e+01,2.156029e+01,2.157414e+01,2.160874e+01,2.149796e+01,2.161566e+01,2.149796e+01,2.159490e+01,2.155337e+01,2.144253e+01,2.158798e+01,2.147718e+01,2.158106e+01,2.153260e+01,2.153952e+01,2.158798e+01,2.156029e+01,2.148411e+01,2.161566e+01,2.147718e+01,2.169866e+01,2.162258e+01,2.158106e+01,2.162258e+01,2.170557e+01,2.155337e+01,2.157414e+01,2.161566e+01,2.157414e+01,2.146332e+01,2.165717e+01,2.165717e+01,2.170557e+01,2.171940e+01,2.167792e+01,2.155337e+01,2.168483e+01,2.167792e+01,2.165025e+01,2.155337e+01,2.167792e+01,2.164334e+01,2.160874e+01,2.174704e+01,2.163642e+01,2.162950e+01,2.145639e+01,2.159490e+01,2.155337e+01,2.155337e+01,2.155337e+01,2.151875e+01,2.152567e+01,2.145639e+01,2.142174e+01,2.144946e+01,2.147025e+01,2.141480e+01,2.144253e+01,2.145639e+01,2.128299e+01,2.142867e+01,2.137320e+01,2.133158e+01,2.131770e+01,2.114406e+01,2.124133e+01,2.120660e+01,2.117881e+01,2.115101e+01,2.103277e+01,2.106061e+01,2.115101e+01,2.105365e+01,2.099797e+01,2.110929e+01,2.108148e+01,2.124133e+01,2.120660e+01,2.115796e+01,2.122050e+01,2.109539e+01,2.106756e+01,2.105365e+01,2.124828e+01,2.097012e+01,2.094226e+01,2.100493e+01,2.101189e+01,2.093530e+01,2.098405e+01,2.092833e+01,2.090047e+01,2.121355e+01,2.150489e+01,2.151875e+01,2.147025e+01,2.153952e+01,2.153260e+01,2.149796e+01,2.149104e+01,2.149796e+01,2.159490e+01,2.150489e+01,2.144946e+01,2.137320e+01,2.149104e+01,2.145639e+01,2.142867e+01,2.148411e+01,2.147025e+01,2.140094e+01,2.145639e+01,2.149104e+01,2.127605e+01,2.141480e+01,2.141480e+01,2.132464e+01,2.134545e+01,2.142174e+01,2.142174e+01,2.121355e+01,2.138013e+01,2.131770e+01,2.132464e+01,2.134545e+01,2.124828e+01,2.127605e+01,2.113711e+01,2.124828e+01
2.177468e+01,2.174704e+01,2.178159e+01,2.167792e+01,2.191276e+01,2.165717e+01,2.168483e+01,2.170557e+01,2.171248e+01,2.171940e+01,2.183684e+01,2.175395e+01,2.177468e+01,2.169866e+01,2.180231e+01,2.174704e+01,2.162950e+01,2.176086e+01,2.167100e+01,2.171940e+01,2.170557e+01,2.153260e+01,2.173322e+01,2.167100e+01,2.179540e+01,2.182993e+01,2.158798e+01,2.167792e+01,2.167792e+01,2.170557e+01,2.175395e+01,2.182993e+01,2.171248e+01,2.173322e+01,2.178850e+01,2.172631e+01,2.177468e+01,2.171248e+01,2.189896e+01,2.174704e+01,2.178159e+01,2.180922e+01,2.194725e+01,2.180922e+01,2.178850e+01,2.174704e+01,2.169866e+01,2.181612e+01,2.178850e+01,2.174013e+01,2.188516e+01,2.193345e+01,2.182303e+01,2.178159e+01,2.179540e+01,2.171940e+01,2.183684e+01,2.181612e+01,2.189206e+01,2.195414e+01,2.193345e+01,2.189896e+01,2.191965e+01,2.195414e+01,2.198862e+01,2.189206e+01,2.189206e+01,2.198172e+01,2.196793e+01,2.189896e+01,2.181612e+01,2.194035e+01,2.195414e+01,2.205754e+01,2.194035e+01,2.191965e+01,2.189896e+01,2.202997e+01,2.195414e+01,2.202997e+01,2.191276e+01,2.186445e+01,2.198172e+01,2.193345e+01,2.209886e+01,2.198172e+01,2.196104e+01,2.189896e+01,2.188516e+01,2.182993e+01,2.183684e+01,2.182303e+01,2.187135e+01,2.189206e+01,2.191276e+01,2.189896e+01,2.188516e+01,2.190586e+01,2.200930e+01,2.190586e+01,2.177468e+01,2.182993e+01,2.176777e+01,2.177468e+01,2.185065e+01,2.179540e+01,2.172631e+01,2.177468e+01,2.176086e+01,2.167792e+01,2.176086e+01,2.166409e+01,2.170557e+01,2.171940e+01,2.170557e+01,2.168483e+01,2.165025e+01,2.169866e+01,2.162258e+01,2.167100e+01,2.171940e+01,2.178159e+01,2.158798e+01,2.178850e+01,2.168483e+01,2.171940e+01,2.176086e+01,2.178850e+01,2.159490e+01,2.169866e+01,2.165717e+01,2.169175e+01,2.153952e+01,2.168483e+01,2.170557e+01,2.170557e+01,2.167792e+01,2.161566e+01,2.155337e+01,2.167792e+01,2.171248e+01,2.171248e+01,2.171248e+01,2.163642e+01,2.169866e+01,2.169866e+01,2.170557e+01,2.163642e+01,2.169866e+01,2.175395e+01,2.172631e+01,2.166409e+01,2.164334e+01,2.180922e+01,2.167100e+01,2.180922e+01,2.168483e+01,2.173322e+01,2.151875e+01,2.167100e+01,2.166409e+01,2.180231e+01,2.171248e+01,2.169175e+01,2.174704e+01,2.153260e+01,2.172631e+01,2.176086e+01,2.169175e+01,2.177468e+01,2.171248e+01,2.169175e+01,2.179540e+01,2.169866e+01,2.171248e+01,2.181612e+01,2.170557e+01,2.180231e+01,2.173322e+01,2.163642e+01,2.176777e+01,2.167100e+01,2.166409e+01,2.160874e+01,2.137320e+01,2.138707e+01,2.144946e+01,2.138707e+01,2.145639e+01,2.151875e+01,2.167100e+01,2.162950e+01,2.163642e+01,2.173322e+01,2.168483e+01,2.171940e+01,2.167100e+01,2.182303e+01,2.169866e+01,2.171940e+01,2.184374e+01,2.179540e+01,2.180922e+01,2.198172e+01,2.170557e+01,2.169175e+01,2.174013e+01,2.168483e+01,2.169866e+01,2.169866e+01,2.180231e+01,2.169866e+01,2.174013e+01,2.163642e+01,2.165717e+01,2.163642e+01,2.179540e+01,2.173322e+01,2.164334e+01,2.162950e+01,2.161566e+01,2.160182e+01,2.160182e+01,2.164334e+01,2.167100e+01,2.165717e+01,2.169175e+01,2.157414e+01,2.156721e+01,2.168483e+01,2.156721e+01,2.171248e+01,2.161566e+01,2.165717e+01,2.167100e+01,2.160874e+01,2.157414e+01,2.144253e+01,2.158798e+01,2.151182e+01,2.150489e+01,2.158798e+01,2.148411e+01,2.155337e+01,2.154645e+01,2.165717e+01,2.179540e+01,2.181612e+01,2.180231e+01,2.171248e+01,2.194035e+01,2.189896e+01,2.186445e+01,2.187135e+01,2.185755e+01,2.185755e+01,2.186445e+01,2.186445e+01,2.185065e+01,2.175395e+01,2.182993e+01,2.182993e+01,2.171940e+01,2.179540e+01,2.173322e+01,2.183684e+01,2.194725e+01,2.181612e+01,2.196104e+01,2.198172e+01,2.202308e+01,2.197483e+01,2.202308e+01,2.201619e+01,2.196793e+01,2.200241e+01,2.198862e+01,2.211952e+01,2.209886e+01,2.205065e+01,2.207820e+01,2.195414e+01,2.204376e+01,2.181612e+01,2.185065e+01,2.185755e+01,2.183684e+01,2.185065e+01,2.180922e+01,2.183684e+01,2.172631e+01,2.170557e+01,2.174704e+01,2.166409e+01,2.156721e+01,2.180231e+01,2.176777e+01,2.193345e+01,2.185755e+01,2.198172e+01,2.173322e+01,2.185065e+01,2.195414e+01,2.194035e+01,2.192655e+01,2.199551e+01,2.205065e+01,2.194725e+01,2.194035e+01,2.196793e+01,2.194035e+01,2.193345e+01,2.190586e+01,2.195414e+01,2.199551e+01,2.182993e+01,2.183684e+01,2.192655e+01,2.179540e+01,2.187135e+01,2.178850e+01,2.162950e+01,2.155337e+01,2.159490e+01,2.159490e+01,2.142174e+01,2.153260e+01,2.141480e+01,2.139400e+01,2.131076e+01,2.121355e+01,2.121355e+01,2.122050e+01,2.126217e+01,2.128299e+01,2.156029e+01,2.138013e+01,2.162950e+01,2.174704e+01,2.165717e+01,2.192655e+01,2.198172e+01,2.197483e+01,2.192655e+01,2.198172e+01,2.196104e+01,2.201619e+01,2.198172e+01,2.197483e+01,2.199551e+01,2.193345e+01,2.199551e+01,2.195414e+01,2.193345e+01,2.194035e+01,2.185065e+01,2.183684e+01,2.193345e+01,2.171940e+01,2.170557e+01,2.191965e+01,2.181612e+01,2.179540e+01,2.195414e+01,2.201619e+01,2.187135e+01,2.198172e+01,2.186445e+01,2.191276e+01,2.196104e+01,2.191276e+01,2.197483e+01,2.194725e+01,2.185755e+01,2.198862e+01,2.191965e+01,2.197483e+01,2.197483e+01,2.197483e+01,2.190586e+01,2.182993e+01,2.188516e+01,2.182303e+01,2.177468e+01,2.181612e+01,2.174704e+01,2.189896e+01,2.164334e+01,2.178850e+01,2.151182e+01,2.136626e+01,2.137320e+01,2.134545e+01,2.138013e+01,2.135933e+01,2.140787e+01,2.140094e+01,2.149796e+01,2.126217e+01,2.140094e+01,2.138707e+01,2.137320e+01,2.138013e+01,2.119271e+01,2.131770e+01,2.123439e+01,2.135239e+01,2.139400e+01,2.161566e+01,2.147025e+01,2.161566e+01,2.160182e+01,2.159490e+01,2.162950e+01,2.158798e+01,2.162258e+01,2.151182e+01,2.158106e+01,2.158106e+01,2.156029e+01,2.144946e+01,2.146332e+01,2.152567e+01,2.153260e+01,2.145639e+01,2.151182e+01,2.156029e+01,2.162950e+01,2.167792e+01,2.149796e+01,2.168483e+01,2.162258e+01,2.169866e+01,2.173322e+01,2.167792e+01,2.158106e+01,2.171940e+01,2.171248e+01,2.169175e+01,2.160182e+01,2.185065e+01,2.182993e+01,2.164334e+01,2.158798e+01,2.165717e+01,2.165717e+01,2.162258e+01,2.166409e+01,2.165717e+01,2.158798e+01,2.158798e+01,2.153260e+01,2.157414e+01,2.138013e+01,2.166409e+01,2.163642e+01,2.169866e+01,2.175395e+01,2.176086e+01,2.177468e+01,2.178850e+01,2.174013e+01,2.187825e+01,2.182303e+01,2.171248e+01,2.187825e+01,2.194035e+01,2.173322e+01,2.178159e+01,2.184374e+01,2.150489e+01,2.158106e+01,2.139400e+01,2.149796e+01,2.146332e+01,2.147025e+01,2.152567e+01,2.144946e+01,2.162258e+01,2.161566e+01,2.162258e+01,2.157414e+01,2.160874e+01,2.165717e+01,2.162258e+01,2.167792e+01,2.158106e+01,2.162258e+01,2.172631e+01,2.174013e+01,2.177468e+01,2.169175e+01,2.153260e+01,2.162258e+01,2.160182e+01,2.157414e+01,2.153952e+01,2.138013e+01,2.151875e+01,2.143560e+01,2.158798e+01,2.153260e+01,2.151875e+01,2.158106e+01,2.156721e+01,2.158798e+01,2.167792e+01,2.159490e+01,2.160182e+01,2.154645e+01,2.162950e+01,2.154645e+01,2.158106e+01,2.159490e+01,2.152567e+01,2.157414e+01,2.165025e+01,2.157414e+01,2.150489e+01,2.153260e+01,2.148411e+01,2.149796e+01,2.147718e+01,2.160182e+01,2.156721e+01,2.170557e+01,2.167792e+01,2.153952e+01,2.158798e+01,2.162950e+01,2.153260e+01,2.158798e+01,2.167100e+01,2.162258e+01,2.169175e+01,2.162258e+01,2.162950e+01,2.132464e+01,2.159490e+01,2.168483e+01,2.167100e+01,2.169175e+01,2.170557e+01,2.165025e+01,2.166409e+01,2.162950e+01,2.162258e+01,2.165025e+01,2.176086e+01,2.153260e+01,2.167100e+01,2.153260e+01,2.148411e+01,2.162950e+01,2.160182e+01,2.149796e+01,2.153260e+01,2.147025e+01,2.150489e+01,2.151182e+01,2.152567e+01,2.147025e+01,2.144253e+01,2.150489e+01,2.155337e+01,2.142174e+01,2.151875e+01,2.143560e+01,2.139400e+01,2.139400e+01,2.135239e+01,2.143560e+01,2.135239e+01,2.147025e+01,2.139400e+01,2.131770e+01,2.114406e+01,2.124133e+01,2.118576e+01,2.113711e+01,2.119966e+01,2.106756e+01,2.109539e+01,2.126911e+01,2.106061e+01,2.111625e+01,2.103973e+01,2.114406e+01,2.106061e+01,2.116491e+01,2.105365e+01,2.113711e+01,2.114406e+01,2.117186e+01,2.100493e+01,2.099797e+01,2.099101e+01,2.101189e+01,2.098405e+01,2.113711e+01,2.103973e+01,2.109539e+01,2.093530e+01,2.138013e+01,2.137320e+01,2.147718e+01,2.150489e+01,2.151875e+01,2.139400e+01,2.154645e+01,2.147718e+01,2.154645e+01,2.150489e+01,2.148411e+01,2.157414e+01,2.149104e+01,2.144946e+01,2.144253e+01,2.142174e+01,2.133158e+01,2.145639e+01,2.140094e+01,2.135933e+01,2.136626e+01,2.135239e+01,2.144253e+01,2.126217e+01,2.138707e+01,2.142867e+01,2.140787e+01,2.124133e+01,2.140094e+01,2.129688e+01,2.130382e+01,2.132464e+01,2.137320e+01,2.129688e+01,2.123439e+01,2.125522e+01,2.126217e+01
2.176086e+01,2.171248e+01,2.178850e+01,2.175395e+01,2.174704e+01,2.181612e+01,2.167100e+01,2.169866e+01,2.170557e+01,2.165025e+01,2.171940e+01,2.182303e+01,2.176777e+01,2.176086e+01,2.174704e+01,2.169866e+01,2.177468e+01,2.174704e+01,2.176086e+01,2.178159e+01,2.162258e+01,2.178159e+01,2.174013e+01,2.176086e+01,2.178850e+01,2.183684e+01,2.162950e+01,2.176777e+01,2.184374e+01,2.175395e+01,2.183684e+01,2.173322e+01,2.167100e+01,2.170557e+01,2.172631e+01,2.182303e+01,2.182303e+01,2.180231e+01,2.183684e+01,2.170557e+01,2.180922e+01,2.179540e+01,2.180922e+01,2.187825e+01,2.171940e+01,2.201619e+01,2.178850e+01,2.182993e+01,2.178159e+01,2.183684e+01,2.195414e+01,2.182303e+01,2.184374e+01,2.187825e+01,2.189206e+01,2.188516e+01,2.191276e+01,2.187825e+01,2.175395e+01,2.197483e+01,2.191276e+01,2.174704e+01,2.191965e+01,2.192655e+01,2.193345e+01,2.191965e+01,2.201619e+01,2.200241e+01,2.183684e+01,2.200241e+01,2.190586e+01,2.182993e+01,2.192655e+01,2.192655e+01,2.194725e+01,2.198172e+01,2.189896e+01,2.190586e+01,2.200930e+01,2.165717e+01,2.197483e+01,2.198172e+01,2.194035e+01,2.202308e+01,2.196104e+01,2.189896e+01,2.206442e+01,2.212641e+01,2.194725e+01,2.192655e+01,2.188516e+01,2.182993e+01,2.184374e+01,2.185065e+01,2.178159e+01,2.182993e+01,2.202308e+01,2.178159e+01,2.185065e+01,2.177468e+01,2.185065e+01,2.178159e+01,2.172631e+01,2.178850e+01,2.182993e+01,2.178850e+01,2.178850e+01,2.171940e+01,2.162950e+01,2.169175e+01,2.174704e+01,2.178159e+01,2.178159e+01,2.167100e+01,2.160182e+01,2.168483e+01,2.162258e+01,2.166409e+01,2.173322e+01,2.169866e+01,2.172631e+01,2.174704e+01,2.176777e+01,2.174013e+01,2.173322e+01,2.174013e+01,2.176777e+01,2.160182e+01,2.175395e+01,2.175395e+01,2.169175e+01,2.156029e+01,2.156029e+01,2.159490e+01,2.167792e+01,2.156029e+01,2.171248e+01,2.166409e+01,2.165025e+01,2.165717e+01,2.165717e+01,2.173322e+01,2.171248e+01,2.171940e+01,2.188516e+01,2.168483e+01,2.171940e+01,2.169866e+01,2.169175e+01,2.171940e+01,2.172631e+01,2.175395e+01,2.177468e+01,2.165717e+01,2.163642e+01,2.177468e+01,2.178850e+01,2.170557e+01,2.171248e+01,2.169866e+01,2.170557e+01,2.174704e+01,2.179540e+01,2.168483e+01,2.175395e+01,2.161566e+01,2.174704e+01,2.176086e+01,2.169175e+01,2.171248e+01,2.169175e+01,2.166409e+01,2.180922e+01,2.168483e+01,2.169175e+01,2.177468e+01,2.173322e+01,2.166409e+01,2.169175e+01,2.164334e+01,2.175395e+01,2.166409e+01,2.164334e+01,2.165717e+01,2.164334e+01,2.144253e+01,2.137320e+01,2.146332e+01,2.143560e+01,2.153260e+01,2.160874e+01,2.161566e+01,2.167100e+01,2.178850e+01,2.174013e+01,2.176777e+01,2.178850e+01,2.176777e+01,2.176777e+01,2.178850e+01,2.174013e+01,2.180922e+01,2.171248e+01,2.184374e+01,2.168483e+01,2.183684e+01,2.173322e+01,2.193345e+01,2.174704e+01,2.188516e+01,2.181612e+01,2.180922e+01,2.170557e+01,2.158106e+01,2.161566e+01,2.172631e+01,2.161566e+01,2.171248e+01,2.163642e+01,2.158106e+01,2.165025e+01,2.165717e+01,2.156029e+01,2.165717e+01,2.161566e+01,2.157414e+01,2.156029e+01,2.169866e+01,2.158798e+01,2.159490e+01,2.163642e+01,2.158798e+01,2.163642e+01,2.160182e+01,2.160874e+01,2.169175e+01,2.160182e+01,2.151182e+01,2.149104e+01,2.162950e+01,2.149796e+01,2.158106e+01,2.153260e+01,2.161566e+01,2.156029e+01,2.180231e+01,2.185755e+01,2.177468e+01,2.191276e+01,2.186445e+01,2.181612e+01,2.185755e+01,2.194725e+01,2.187825e+01,2.178159e+01,2.195414e+01,2.186445e+01,2.184374e+01,2.185755e+01,2.186445e+01,2.185065e+01,2.190586e+01,2.181612e+01,2.174704e+01,2.171248e+01,2.186445e+01,2.170557e+01,2.179540e+01,2.194035e+01,2.196104e+01,2.202308e+01,2.200930e+01,2.200241e+01,2.198172e+01,2.189896e+01,2.200241e+01,2.211952e+01,2.211952e+01,2.209886e+01,2.209198e+01,2.198172e+01,2.197483e+01,2.194725e+01,2.201619e+01,2.193345e+01,2.187135e+01,2.184374e+01,2.187135e+01,2.187135e+01,2.183684e+01,2.172631e+01,2.177468e+01,2.156029e+01,2.174704e+01,2.154645e+01,2.185065e+01,2.200930e+01,2.191965e+01,2.196793e+01,2.189206e+01,2.200930e+01,2.185755e+01,2.198172e+01,2.204376e+01,2.193345e+01,2.197483e+01,2.195414e+01,2.196104e+01,2.191965e+01,2.202308e+01,2.194035e+01,2.191276e+01,2.198172e+01,2.197483e+01,2.190586e+01,2.197483e+01,2.194035e+01,2.195414e+01,2.191965e+01,2.188516e+01,2.189896e+01,2.162950e+01,2.160874e+01,2.154645e+01,2.156029e+01,2.157414e+01,2.142867e+01,2.140094e+01,2.137320e+01,2.131076e+01,2.122744e+01,2.113711e+01,2.129688e+01,2.146332e+01,2.131770e+01,2.123439e+01,2.161566e+01,2.168483e+01,2.172631e+01,2.178850e+01,2.175395e+01,2.201619e+01,2.182303e+01,2.203687e+01,2.201619e+01,2.196793e+01,2.193345e+01,2.200930e+01,2.202997e+01,2.198172e+01,2.190586e+01,2.188516e+01,2.194725e+01,2.185065e+01,2.187825e+01,2.198862e+01,2.187825e+01,2.181612e+01,2.192655e+01,2.191965e+01,2.175395e+01,2.193345e+01,2.191965e+01,2.190586e+01,2.199551e+01,2.200241e+01,2.200930e+01,2.195414e+01,2.199551e+01,2.196104e+01,2.190586e+01,2.198862e+01,2.191965e+01,2.189206e+01,2.188516e+01,2.193345e+01,2.178850e+01,2.194725e+01,2.195414e+01,2.189896e+01,2.195414e+01,2.185065e+01,2.186445e+01,2.178159e+01,2.178850e+01,2.182303e+01,2.174704e+01,2.167100e+01,2.174704e+01,2.162258e+01,2.155337e+01,2.158798e+01,2.151182e+01,2.139400e+01,2.133851e+01,2.147718e+01,2.140094e+01,2.138013e+01,2.142174e+01,2.143560e+01,2.144946e+01,2.142174e+01,2.133851e+01,2.140787e+01,2.144253e+01,2.131076e+01,2.123439e+01,2.132464e+01,2.168483e+01,2.162258e+01,2.161566e+01,2.154645e+01,2.161566e+01,2.160182e+01,2.164334e+01,2.162258e+01,2.168483e+01,2.156029e+01,2.155337e+01,2.166409e+01,2.153260e+01,2.149796e+01,2.149104e+01,2.151875e+01,2.144253e+01,2.149104e+01,2.154645e+01,2.159490e+01,2.160182e+01,2.166409e+01,2.174704e+01,2.174013e+01,2.169866e+01,2.162258e+01,2.171940e+01,2.172631e+01,2.166409e+01,2.166409e+01,2.157414e+01,2.157414e+01,2.175395e+01,2.174013e+01,2.163642e+01,2.160874e+01,2.170557e+01,2.156029e+01,2.173322e+01,2.167100e+01,2.151875e+01,2.154645e+01,2.158798e+01,2.156721e+01,2.148411e+01,2.154645e+01,2.158106e+01,2.157414e+01,2.162258e+01,2.167792e+01,2.162258e+01,2.176777e+01,2.188516e+01,2.175395e+01,2.183684e+01,2.181612e+01,2.171940e+01,2.184374e+01,2.182993e+01,2.189206e+01,2.169866e+01,2.186445e+01,2.185755e+01,2.164334e+01,2.157414e+01,2.136626e+01,2.149796e+01,2.144253e+01,2.151875e+01,2.146332e+01,2.152567e+01,2.160182e+01,2.158106e+01,2.160874e+01,2.162258e+01,2.171940e+01,2.161566e+01,2.158106e+01,2.158798e+01,2.165717e+01,2.167100e+01,2.172631e+01,2.169175e+01,2.154645e+01,2.168483e+01,2.151182e+01,2.169175e+01,2.150489e+01,2.144253e+01,2.149104e+01,2.140094e+01,2.148411e+01,2.144946e+01,2.153260e+01,2.165717e+01,2.155337e+01,2.160874e+01,2.158798e+01,2.162258e+01,2.165025e+01,2.170557e+01,2.160874e+01,2.162258e+01,2.158798e+01,2.160182e+01,2.158106e+01,2.164334e+01,2.166409e+01,2.162950e+01,2.156029e+01,2.153952e+01,2.150489e+01,2.165025e+01,2.165717e+01,2.151875e+01,2.153952e+01,2.160874e+01,2.155337e+01,2.178159e+01,2.160874e+01,2.172631e+01,2.160874e+01,2.154645e+01,2.173322e+01,2.156029e+01,2.172631e+01,2.160874e+01,2.158106e+01,2.169175e+01,2.176777e+01,2.170557e+01,2.172631e+01,2.162258e+01,2.173322e+01,2.174704e+01,2.168483e+01,2.167100e+01,2.158798e+01,2.165717e+01,2.168483e+01,2.176086e+01,2.166409e+01,2.168483e+01,2.171940e+01,2.156029e+01,2.164334e+01,2.160182e+01,2.159490e+01,2.146332e+01,2.151875e+01,2.153260e+01,2.156029e+01,2.153952e+01,2.147025e+01,2.143560e+01,2.150489e+01,2.152567e+01,2.149796e+01,2.137320e+01,2.140094e+01,2.128299e+01,2.136626e+01,2.123439e+01,2.132464e+01,2.137320e+01,2.137320e+01,2.138707e+01,2.137320e+01,2.116491e+01,2.124133e+01,2.122050e+01,2.124133e+01,2.126217e+01,2.103277e+01,2.107452e+01,2.097012e+01,2.108148e+01,2.106061e+01,2.109539e+01,2.105365e+01,2.111625e+01,2.118576e+01,2.131076e+01,2.105365e+01,2.115101e+01,2.104669e+01,2.100493e+01,2.110234e+01,2.099797e+01,2.090047e+01,2.106756e+01,2.110929e+01,2.094226e+01,2.099101e+01,2.122050e+01,2.146332e+01,2.149796e+01,2.147718e+01,2.156029e+01,2.150489e+01,2.144946e+01,2.147718e+01,2.151182e+01,2.144253e+01,2.142174e+01,2.146332e+01,2.142174e+01,2.149104e+01,2.148411e+01,2.165717e+01,2.138707e+01,2.132464e+01,2.140094e+01,2.144946e+01,2.136626e+01,2.136626e+01,2.142174e+01,2.149796e+01,2.133158e+01,2.110929e+01,2.131770e+01,2.132464e+01,2.132464e+01,2.138707e+01,2.140787e+01,2.133851e+01,2.127605e+01,2.133158e+01,2.125522e+01,2.122744e+01,2.145639e+01,2.142174e+01
2.175395e+01,2.169866e+01,2.177468e+01,2.177468e+01,2.173322e+01,2.171248e+01,2.166409e+01,2.163642e+01,2.164334e+01,2.155337e+01,2.171248e+01,2.178159e+01,2.172631e+01,2.171940e+01,2.164334e+01,2.180922e+01,2.168483e+01,2.174704e+01,2.178159e+01,2.176777e+01,2.161566e+01,2.178850e+01,2.169175e+01,2.174704e+01,2.184374e+01,2.171940e+01,2.180231e+01,2.182993e+01,2.162258e+01,2.176086e+01,2.168483e+01,2.164334e+01,2.153260e+01,2.169175e+01,2.179540e+01,2.160182e+01,2.167792e+01,2.182303e+01,2.167100e+01,2.164334e+01,2.176086e+01,2.167792e+01,2.177468e+01,2.180922e+01,2.175395e+01,2.177468e+01,2.177468e+01,2.177468e+01,2.184374e+01,2.189206e+01,2.181612e+01,2.187135e+01,2.187135e+01,2.179540e+01,2.189206e+01,2.175395e+01,2.171940e+01,2.178850e+01,2.191276e+01,2.172631e+01,2.190586e+01,2.192655e+01,2.201619e+01,2.191276e+01,2.198862e+01,2.197483e+01,2.182993e+01,2.189206e+01,2.190586e+01,2.188516e+01,2.193345e+01,2.193345e+01,2.192655e+01,2.194725e+01,2.194035e+01,2.191276e+01,2.194725e+01,2.191965e+01,2.187825e+01,2.184374e+01,2.193345e+01,2.191965e+01,2.194035e+01,2.203687e+01,2.196104e+01,2.193345e+01,2.196104e+01,2.194725e+01,2.191965e+01,2.185065e+01,2.191965e+01,2.185065e+01,2.200241e+01,2.186445e+01,2.187135e+01,2.184374e+01,2.184374e+01,2.180231e+01,2.183684e+01,2.182993e+01,2.173322e+01,2.172631e+01,2.189896e+01,2.178850e+01,2.161566e+01,2.171248e+01,2.175395e+01,2.167792e+01,2.176086e+01,2.172631e+01,2.171940e+01,2.171940e+01,2.173322e+01,2.165025e+01,2.169866e+01,2.172631e+01,2.166409e+01,2.163642e+01,2.171940e+01,2.174013e+01,2.168483e+01,2.178159e+01,2.171248e+01,2.173322e+01,2.168483e+01,2.163642e+01,2.151182e+01,2.167100e+01,2.168483e+01,2.162258e+01,2.166409e+01,2.159490e+01,2.159490e+01,2.173322e+01,2.171940e+01,2.158798e+01,2.169866e+01,2.158106e+01,2.164334e+01,2.172631e+01,2.171248e+01,2.171940e+01,2.156721e+01,2.171248e+01,2.167792e+01,2.146332e+01,2.170557e+01,2.175395e+01,2.165717e+01,2.156721e+01,2.174013e+01,2.165025e+01,2.168483e+01,2.168483e+01,2.173322e+01,2.164334e+01,2.176086e+01,2.164334e+01,2.169866e+01,2.162258e+01,2.166409e+01,2.171940e+01,2.174013e+01,2.179540e+01,2.175395e+01,2.168483e+01,2.171940e+01,2.169175e+01,2.166409e+01,2.160182e+01,2.171940e+01,2.180231e+01,2.169175e+01,2.169866e+01,2.169866e+01,2.162950e+01,2.167792e+01,2.170557e+01,2.160874e+01,2.155337e+01,2.178850e+01,2.171940e+01,2.167792e+01,2.160874e+01,2.165025e+01,2.145639e+01,2.149796e+01,2.136626e+01,2.135933e+01,2.158106e+01,2.135933e+01,2.155337e+01,2.166409e+01,2.159490e+01,2.163642e+01,2.161566e+01,2.172631e+01,2.178850e+01,2.178850e+01,2.171940e+01,2.180922e+01,2.180922e+01,2.165717e+01,2.187135e+01,2.187825e+01,2.184374e+01,2.176086e+01,2.177468e+01,2.169175e+01,2.176086e+01,2.182993e+01,2.166409e+01,2.171940e+01,2.165025e+01,2.166409e+01,2.153260e+01,2.160874e+01,2.157414e+01,2.153952e+01,2.170557e+01,2.156721e+01,2.157414e+01,2.157414e+01,2.154645e+01,2.160182e+01,2.167100e+01,2.166409e+01,2.160874e+01,2.158106e+01,2.171940e+01,2.155337e+01,2.156721e+01,2.153260e+01,2.154645e+01,2.165717e+01,2.156721e+01,2.161566e+01,2.144946e+01,2.142867e+01,2.153952e+01,2.152567e+01,2.156029e+01,2.144253e+01,2.158798e+01,2.159490e+01,2.187135e+01,2.185755e+01,2.184374e+01,2.194725e+01,2.187825e+01,2.172631e+01,2.178850e+01,2.175395e+01,2.191965e+01,2.178850e+01,2.193345e+01,2.182993e+01,2.183684e+01,2.185065e+01,2.189896e+01,2.185755e+01,2.187825e+01,2.174013e+01,2.174013e+01,2.159490e+01,2.171248e+01,2.195414e+01,2.177468e+01,2.196793e+01,2.182993e+01,2.186445e+01,2.200930e+01,2.197483e+01,2.201619e+01,2.193345e+01,2.208509e+01,2.208509e+01,2.189896e+01,2.209198e+01,2.206442e+01,2.199551e+01,2.209886e+01,2.190586e+01,2.195414e+01,2.195414e+01,2.185755e+01,2.187825e+01,2.187135e+01,2.181612e+01,2.179540e+01,2.180231e+01,2.171248e+01,2.169866e+01,2.173322e+01,2.171940e+01,2.189896e+01,2.197483e+01,2.196104e+01,2.196793e+01,2.187135e+01,2.198862e+01,2.195414e+01,2.195414e+01,2.193345e+01,2.193345e+01,2.193345e+01,2.194035e+01,2.192655e+01,2.197483e+01,2.196104e+01,2.195414e+01,2.194035e+01,2.189896e+01,2.187135e+01,2.195414e+01,2.193345e+01,2.189896e+01,2.189206e+01,2.191276e+01,2.186445e+01,2.188516e+01,2.179540e+01,2.156721e+01,2.153952e+01,2.147025e+01,2.153952e+01,2.142174e+01,2.142174e+01,2.132464e+01,2.125522e+01,2.126911e+01,2.137320e+01,2.131770e+01,2.126217e+01,2.149796e+01,2.155337e+01,2.164334e+01,2.168483e+01,2.173322e+01,2.176086e+01,2.164334e+01,2.185755e+01,2.186445e+01,2.197483e+01,2.189206e+01,2.205065e+01,2.202308e+01,2.187135e+01,2.201619e+01,2.193345e+01,2.197483e+01,2.178159e+01,2.191965e+01,2.194725e+01,2.194035e+01,2.190586e+01,2.195414e+01,2.194035e+01,2.194725e+01,2.170557e+01,2.182993e+01,2.194725e+01,2.184374e+01,2.184374e+01,2.190586e+01,2.188516e+01,2.202308e+01,2.200241e+01,2.196104e+01,2.194725e+01,2.189896e+01,2.202308e+01,2.189206e+01,2.184374e+01,2.189206e+01,2.181612e+01,2.182993e+01,2.179540e+01,2.157414e+01,2.180922e+01,2.182303e+01,2.183684e+01,2.183684e+01,2.185755e+01,2.180922e+01,2.173322e+01,2.165025e+01,2.160182e+01,2.164334e+01,2.138013e+01,2.138707e+01,2.134545e+01,2.134545e+01,2.128299e+01,2.137320e+01,2.149796e+01,2.145639e+01,2.149104e+01,2.160182e+01,2.142867e+01,2.145639e+01,2.144253e+01,2.143560e+01,2.141480e+01,2.134545e+01,2.139400e+01,2.140094e+01,2.136626e+01,2.161566e+01,2.160874e+01,2.160874e+01,2.160182e+01,2.153952e+01,2.165717e+01,2.162950e+01,2.161566e+01,2.168483e+01,2.142174e+01,2.148411e+01,2.154645e+01,2.156029e+01,2.151875e+01,2.143560e+01,2.153260e+01,2.159490e+01,2.147718e+01,2.151875e+01,2.158106e+01,2.164334e+01,2.147718e+01,2.160874e+01,2.168483e+01,2.162950e+01,2.157414e+01,2.159490e+01,2.168483e+01,2.164334e+01,2.169175e+01,2.162258e+01,2.176086e+01,2.157414e+01,2.158798e+01,2.157414e+01,2.171248e+01,2.178850e+01,2.159490e+01,2.162258e+01,2.162950e+01,2.151182e+01,2.153260e+01,2.146332e+01,2.153952e+01,2.160182e+01,2.160182e+01,2.160874e+01,2.165025e+01,2.155337e+01,2.176086e+01,2.176086e+01,2.175395e+01,2.173322e+01,2.162950e+01,2.186445e+01,2.189206e+01,2.190586e+01,2.176086e+01,2.187135e+01,2.189896e+01,2.188516e+01,2.185755e+01,2.182993e+01,2.149796e+01,2.159490e+01,2.156029e+01,2.137320e+01,2.156029e+01,2.167792e+01,2.159490e+01,2.161566e+01,2.141480e+01,2.160182e+01,2.160182e+01,2.160874e+01,2.158798e+01,2.158106e+01,2.158798e+01,2.171248e+01,2.159490e+01,2.156029e+01,2.166409e+01,2.148411e+01,2.153952e+01,2.169175e+01,2.168483e+01,2.149104e+01,2.147025e+01,2.158798e+01,2.142174e+01,2.149796e+01,2.144946e+01,2.138013e+01,2.164334e+01,2.155337e+01,2.154645e+01,2.165025e+01,2.164334e+01,2.155337e+01,2.156721e+01,2.159490e+01,2.162950e+01,2.169866e+01,2.160874e+01,2.171248e+01,2.163642e+01,2.159490e+01,2.165025e+01,2.163642e+01,2.153952e+01,2.173322e+01,2.152567e+01,2.149796e+01,2.165025e+01,2.167100e+01,2.165025e+01,2.137320e+01,2.158798e+01,2.155337e+01,2.156721e+01,2.171940e+01,2.163642e+01,2.157414e+01,2.171248e+01,2.163642e+01,2.165025e+01,2.158798e+01,2.156721e+01,2.167100e+01,2.169866e+01,2.171940e+01,2.170557e+01,2.173322e+01,2.169175e+01,2.169866e+01,2.160874e+01,2.165025e+01,2.169866e+01,2.167792e+01,2.167792e+01,2.165025e+01,2.155337e+01,2.151182e+01,2.153260e+01,2.158106e+01,2.144253e+01,2.148411e+01,2.133851e+01,2.131076e+01,2.151875e+01,2.151182e+01,2.127605e+01,2.143560e+01,2.147718e+01,2.160874e+01,2.129688e+01,2.142867e+01,2.145639e+01,2.135933e+01,2.133158e+01,2.146332e+01,2.147025e+01,2.136626e+01,2.128299e+01,2.115796e+01,2.115101e+01,2.119271e+01,2.119271e+01,2.115796e+01,2.129688e+01,2.120660e+01,2.126217e+01,2.110234e+01,2.115796e+01,2.117881e+01,2.115796e+01,2.105365e+01,2.110929e+01,2.117881e+01,2.101885e+01,2.110929e+01,2.111625e+01,2.106061e+01,2.097012e+01,2.112320e+01,2.097709e+01,2.101885e+01,2.100493e+01,2.108148e+01,2.107452e+01,2.099101e+01,2.089350e+01,2.101189e+01,2.119271e+01,2.123439e+01,2.135239e+01,2.149104e+01,2.153260e+01,2.137320e+01,2.153260e+01,2.160182e+01,2.146332e+01,2.154645e+01,2.150489e+01,2.143560e+01,2.147025e+01,2.118576e+01,2.138013e+01,2.130382e+01,2.138013e+01,2.135933e+01,2.128993e+01,2.135933e+01,2.133851e+01,2.130382e+01,2.131076e+01,2.128993e+01,2.141480e+01,2.128299e+01,2.140787e+01,2.113015e+01,2.135239e+01,2.130382e+01,2.128299e+01,2.136626e+01,2.126217e+01,2.138013e+01,2.137320e+01,2.135933e+01,2.125522e+01,2.131076e+01,2.141480e+01
2.178850e+01,2.174704e+01,2.172631e+01,2.176086e+01,2.171248e+01,2.172631e+01,2.173322e+01,2.172631e+01,2.165025e+01,2.174013e+01,2.156721e+01,2.169175e+01,2.171248e+01,2.173322e+01,2.169866e+01,2.169175e+01,2.167100e+01,2.176086e+01,2.178850e+01,2.164334e+01,2.177468e+01,2.168483e+01,2.173322e+01,2.176777e+01,2.173322e+01,2.165025e+01,2.169175e+01,2.178850e+01,2.166409e+01,2.169866e+01,2.176777e+01,2.179540e+01,2.170557e+01,2.169866e+01,2.185755e+01,2.162258e+01,2.174704e+01,2.178159e+01,2.172631e+01,2.165025e+01,2.168483e+01,2.176086e+01,2.176086e+01,2.178850e+01,2.176086e+01,2.177468e+01,2.176086e+01,2.174704e+01,2.176777e+01,2.182993e+01,2.183684e+01,2.176086e+01,2.187135e+01,2.174013e+01,2.187135e+01,2.179540e+01,2.189896e+01,2.184374e+01,2.191276e+01,2.176086e+01,2.187135e+01,2.191965e+01,2.190586e+01,2.180922e+01,2.182993e+01,2.177468e+01,2.180231e+01,2.195414e+01,2.202308e+01,2.200241e+01,2.195414e+01,2.189206e+01,2.194035e+01,2.196104e+01,2.177468e+01,2.191965e+01,2.194725e+01,2.187825e+01,2.187135e+01,2.200241e+01,2.186445e+01,2.200930e+01,2.175395e+01,2.187825e+01,2.187135e+01,2.185065e+01,2.197483e+01,2.194035e+01,2.191965e+01,2.187825e+01,2.191965e+01,2.196793e+01,2.185755e+01,2.177468e+01,2.185065e+01,2.189896e+01,2.187825e+01,2.184374e+01,2.183684e+01,2.176086e+01,2.181612e+01,2.169866e+01,2.187825e+01,2.180922e+01,2.171940e+01,2.172631e+01,2.171940e+01,2.182303e+01,2.167100e+01,2.158106e+01,2.166409e+01,2.176777e+01,2.167100e+01,2.161566e+01,2.167792e+01,2.165717e+01,2.181612e+01,2.160182e+01,2.165717e+01,2.160182e+01,2.165025e+01,2.174013e+01,2.171940e+01,2.171248e+01,2.172631e+01,2.173322e+01,2.169866e+01,2.168483e+01,2.174704e+01,2.168483e+01,2.191276e+01,2.168483e+01,2.162950e+01,2.160182e+01,2.159490e+01,2.160182e+01,2.168483e+01,2.167792e+01,2.150489e+01,2.151875e+01,2.172631e+01,2.160874e+01,2.173322e+01,2.141480e+01,2.140094e+01,2.174013e+01,2.174704e+01,2.160182e+01,2.155337e+01,2.153952e+01,2.174013e+01,2.171248e+01,2.176086e+01,2.174704e+01,2.165025e+01,2.167100e+01,2.164334e+01,2.165025e+01,2.167100e+01,2.177468e+01,2.187135e+01,2.171248e+01,2.170557e+01,2.169866e+01,2.175395e+01,2.167792e+01,2.175395e+01,2.169866e+01,2.171940e+01,2.165717e+01,2.183684e+01,2.173322e+01,2.170557e+01,2.176086e+01,2.181612e+01,2.177468e+01,2.156029e+01,2.178850e+01,2.171940e+01,2.163642e+01,2.170557e+01,2.167792e+01,2.163642e+01,2.156029e+01,2.166409e+01,2.159490e+01,2.162258e+01,2.120660e+01,2.138707e+01,2.137320e+01,2.138013e+01,2.144946e+01,2.160182e+01,2.161566e+01,2.165717e+01,2.165717e+01,2.180231e+01,2.171248e+01,2.179540e+01,2.174013e+01,2.187825e+01,2.170557e+01,2.171248e+01,2.164334e+01,2.185755e+01,2.182993e+01,2.185065e+01,2.187135e+01,2.178159e+01,2.180231e+01,2.173322e+01,2.165717e+01,2.165025e+01,2.169866e+01,2.150489e+01,2.165717e+01,2.169175e+01,2.169175e+01,2.159490e+01,2.165717e+01,2.162258e+01,2.160182e+01,2.158106e+01,2.145639e+01,2.154645e+01,2.154645e+01,2.153260e+01,2.154645e+01,2.168483e+01,2.151182e+01,2.154645e+01,2.148411e+01,2.146332e+01,2.154645e+01,2.149104e+01,2.160182e+01,2.150489e+01,2.144253e+01,2.146332e+01,2.159490e+01,2.169866e+01,2.154645e+01,2.156721e+01,2.156029e+01,2.171940e+01,2.162258e+01,2.184374e+01,2.190586e+01,2.188516e+01,2.190586e+01,2.191965e+01,2.194035e+01,2.190586e+01,2.180922e+01,2.197483e+01,2.181612e+01,2.202997e+01,2.184374e+01,2.181612e+01,2.195414e+01,2.186445e+01,2.189896e+01,2.187825e+01,2.176777e+01,2.162950e+01,2.174704e+01,2.190586e+01,2.195414e+01,2.184374e+01,2.195414e+01,2.189206e+01,2.189896e+01,2.199551e+01,2.200930e+01,2.198172e+01,2.207820e+01,2.194725e+01,2.209198e+01,2.207131e+01,2.198172e+01,2.204376e+01,2.207820e+01,2.206442e+01,2.191276e+01,2.200930e+01,2.188516e+01,2.198172e+01,2.184374e+01,2.185755e+01,2.174013e+01,2.169175e+01,2.174013e+01,2.171940e+01,2.172631e+01,2.187135e+01,2.188516e+01,2.187135e+01,2.196104e+01,2.198172e+01,2.198862e+01,2.197483e+01,2.195414e+01,2.198172e+01,2.194035e+01,2.192655e+01,2.214706e+01,2.200930e+01,2.199551e+01,2.195414e+01,2.195414e+01,2.196793e+01,2.196104e+01,2.196104e+01,2.193345e+01,2.197483e+01,2.192655e+01,2.193345e+01,2.192655e+01,2.192655e+01,2.189896e+01,2.178850e+01,2.191276e+01,2.159490e+01,2.157414e+01,2.156721e+01,2.136626e+01,2.124133e+01,2.138707e+01,2.122744e+01,2.126911e+01,2.131076e+01,2.129688e+01,2.144253e+01,2.151182e+01,2.155337e+01,2.168483e+01,2.174013e+01,2.172631e+01,2.170557e+01,2.180231e+01,2.175395e+01,2.192655e+01,2.186445e+01,2.205754e+01,2.196104e+01,2.200241e+01,2.189896e+01,2.198862e+01,2.192655e+01,2.199551e+01,2.189896e+01,2.192655e+01,2.182993e+01,2.191965e+01,2.184374e+01,2.180922e+01,2.186445e+01,2.194725e+01,2.196104e+01,2.193345e+01,2.180231e+01,2.175395e+01,2.176777e+01,2.205754e+01,2.206442e+01,2.199551e+01,2.196793e+01,2.189206e+01,2.191965e+01,2.195414e+01,2.197483e+01,2.186445e+01,2.182303e+01,2.174704e+01,2.183684e+01,2.174013e+01,2.164334e+01,2.173322e+01,2.173322e+01,2.154645e+01,2.158106e+01,2.153952e+01,2.156721e+01,2.157414e+01,2.154645e+01,2.151875e+01,2.160182e+01,2.159490e+01,2.164334e+01,2.142867e+01,2.137320e+01,2.147025e+01,2.136626e+01,2.151875e+01,2.142174e+01,2.153952e+01,2.150489e+01,2.150489e+01,2.149104e+01,2.154645e+01,2.153260e+01,2.142174e+01,2.149104e+01,2.126911e+01,2.137320e+01,2.131770e+01,2.135239e+01,2.133851e+01,2.140094e+01,2.154645e+01,2.137320e+01,2.169866e+01,2.153260e+01,2.158798e+01,2.162258e+01,2.156721e+01,2.157414e+01,2.151182e+01,2.155337e+01,2.162950e+01,2.145639e+01,2.159490e+01,2.153260e+01,2.143560e+01,2.149104e+01,2.143560e+01,2.156721e+01,2.158106e+01,2.151875e+01,2.156721e+01,2.164334e+01,2.165717e+01,2.158106e+01,2.156721e+01,2.155337e+01,2.160182e+01,2.177468e+01,2.158798e+01,2.175395e+01,2.162950e+01,2.171248e+01,2.158106e+01,2.160874e+01,2.169866e+01,2.160874e+01,2.174704e+01,2.162950e+01,2.174013e+01,2.164334e+01,2.158106e+01,2.149796e+01,2.149796e+01,2.158106e+01,2.151875e+01,2.160874e+01,2.153260e+01,2.157414e+01,2.175395e+01,2.175395e+01,2.159490e+01,2.175395e+01,2.180922e+01,2.176086e+01,2.182303e+01,2.189206e+01,2.182993e+01,2.188516e+01,2.196793e+01,2.187825e+01,2.185755e+01,2.176777e+01,2.195414e+01,2.193345e+01,2.180231e+01,2.153952e+01,2.153260e+01,2.169866e+01,2.158798e+01,2.149104e+01,2.174704e+01,2.160182e+01,2.158798e+01,2.158106e+01,2.163642e+01,2.169866e+01,2.169866e+01,2.172631e+01,2.173322e+01,2.162258e+01,2.164334e+01,2.148411e+01,2.154645e+01,2.162258e+01,2.161566e+01,2.146332e+01,2.156721e+01,2.143560e+01,2.139400e+01,2.149104e+01,2.142867e+01,2.153260e+01,2.158798e+01,2.160874e+01,2.168483e+01,2.160182e+01,2.167100e+01,2.158798e+01,2.156029e+01,2.168483e+01,2.171248e+01,2.172631e+01,2.170557e+01,2.169866e+01,2.171248e+01,2.161566e+01,2.171940e+01,2.169175e+01,2.154645e+01,2.151875e+01,2.150489e+01,2.159490e+01,2.163642e+01,2.165717e+01,2.167100e+01,2.160182e+01,2.158798e+01,2.162950e+01,2.158798e+01,2.155337e+01,2.167100e+01,2.154645e+01,2.165025e+01,2.166409e+01,2.154645e+01,2.158798e+01,2.166409e+01,2.157414e+01,2.173322e+01,2.160874e+01,2.167792e+01,2.164334e+01,2.167100e+01,2.163642e+01,2.158106e+01,2.164334e+01,2.163642e+01,2.164334e+01,2.168483e+01,2.180231e+01,2.162950e+01,2.157414e+01,2.141480e+01,2.148411e+01,2.145639e+01,2.142174e+01,2.136626e+01,2.141480e+01,2.136626e+01,2.149104e+01,2.144946e+01,2.119271e+01,2.158106e+01,2.148411e+01,2.142174e+01,2.143560e+01,2.142174e+01,2.151182e+01,2.144946e+01,2.151182e+01,2.122050e+01,2.122050e+01,2.117186e+01,2.133158e+01,2.135239e+01,2.127605e+01,2.133158e+01,2.126911e+01,2.128993e+01,2.119966e+01,2.125522e+01,2.108843e+01,2.120660e+01,2.117881e+01,2.109539e+01,2.095619e+01,2.104669e+01,2.090047e+01,2.106756e+01,2.098405e+01,2.124133e+01,2.101885e+01,2.100493e+01,2.101189e+01,2.099797e+01,2.100493e+01,2.106756e+01,2.113015e+01,2.104669e+01,2.099101e+01,2.114406e+01,2.116491e+01,2.120660e+01,2.144253e+01,2.149796e+01,2.148411e+01,2.140094e+01,2.147718e+01,2.142867e+01,2.150489e+01,2.153260e+01,2.151875e+01,2.159490e+01,2.147025e+01,2.158106e+01,2.146332e+01,2.151182e+01,2.153952e+01,2.137320e+01,2.138013e+01,2.139400e+01,2.140094e+01,2.142867e+01,2.140787e+01,2.140094e+01,2.142867e+01,2.133158e+01,2.135239e+01,2.133851e+01,2.105365e+01,2.138707e+01,2.140094e+01,2.122744e+01,2.141480e+01,2.122050e+01,2.123439e+01,2.134545e+01,2.137320e+01,2.133851e+01,2.144253e+01,2.133851e+01
2.174704e+01,2.183684e+01,2.176777e+01,2.168483e+01,2.173322e+01,2.176777e+01,2.169175e+01,2.161566e+01,2.169175e+01,2.165717e+01,2.175395e+01,2.160182e+01,2.186445e+01,2.171248e+01,2.167792e+01,2.165717e+01,2.167792e+01,2.162950e+01,2.161566e+01,2.176086e+01,2.163642e+01,2.174704e+01,2.174704e+01,2.175395e+01,2.170557e+01,2.170557e+01,2.180231e+01,2.178159e+01,2.162258e+01,2.160874e+01,2.164334e+01,2.170557e+01,2.161566e+01,2.152567e+01,2.165717e+01,2.175395e+01,2.167100e+01,2.173322e+01,2.174013e+01,2.176086e+01,2.183684e+01,2.184374e+01,2.182993e+01,2.176777e+01,2.176777e+01,2.176777e+01,2.176086e+01,2.159490e+01,2.176777e+01,2.189206e+01,2.176086e+01,2.176777e+01,2.188516e+01,2.176777e+01,2.174013e+01,2.197483e+01,2.193345e+01,2.182993e+01,2.182993e+01,2.187135e+01,2.180231e+01,2.186445e+01,2.184374e+01,2.185065e+01,2.179540e+01,2.190586e+01,2.185755e+01,2.177468e+01,2.186445e+01,2.185755e+01,2.189206e+01,2.185065e+01,2.185755e+01,2.193345e+01,2.187825e+01,2.196104e+01,2.184374e+01,2.192655e+01,2.196793e+01,2.181612e+01,2.189206e+01,2.199551e+01,2.193345e+01,2.196793e+01,2.198862e+01,2.188516e+01,2.200241e+01,2.196793e+01,2.188516e+01,2.181612e+01,2.196104e+01,2.185755e+01,2.191965e+01,2.191965e+01,2.186445e+01,2.182993e+01,2.176086e+01,2.183684e+01,2.182993e+01,2.183684e+01,2.168483e+01,2.184374e+01,2.174704e+01,2.178159e+01,2.171248e+01,2.160182e+01,2.174013e+01,2.171940e+01,2.157414e+01,2.166409e+01,2.167100e+01,2.162258e+01,2.165025e+01,2.167100e+01,2.160182e+01,2.165717e+01,2.166409e+01,2.172631e+01,2.159490e+01,2.169175e+01,2.169175e+01,2.171248e+01,2.164334e+01,2.169866e+01,2.158106e+01,2.172631e+01,2.171248e+01,2.173322e+01,2.147718e+01,2.167100e+01,2.165025e+01,2.165717e+01,2.174013e+01,2.156721e+01,2.164334e+01,2.158798e+01,2.161566e+01,2.157414e+01,2.148411e+01,2.149796e+01,2.141480e+01,2.151182e+01,2.140094e+01,2.134545e+01,2.140094e+01,2.149104e+01,2.133851e+01,2.154645e+01,2.151182e+01,2.151875e+01,2.153952e+01,2.157414e+01,2.154645e+01,2.149796e+01,2.158106e+01,2.160182e+01,2.167100e+01,2.160874e+01,2.181612e+01,2.169175e+01,2.176777e+01,2.171248e+01,2.169866e+01,2.171940e+01,2.174704e+01,2.176777e+01,2.172631e+01,2.165717e+01,2.181612e+01,2.171248e+01,2.179540e+01,2.176086e+01,2.176777e+01,2.168483e+01,2.168483e+01,2.177468e+01,2.182993e+01,2.175395e+01,2.170557e+01,2.165717e+01,2.161566e+01,2.170557e+01,2.170557e+01,2.163642e+01,2.160182e+01,2.167100e+01,2.161566e+01,2.147718e+01,2.134545e+01,2.137320e+01,2.135933e+01,2.137320e+01,2.133851e+01,2.153952e+01,2.159490e+01,2.170557e+01,2.176086e+01,2.171940e+01,2.174013e+01,2.184374e+01,2.180231e+01,2.174013e+01,2.186445e+01,2.185755e+01,2.183684e+01,2.167100e+01,2.178159e+01,2.185065e+01,2.180922e+01,2.187825e+01,2.178159e+01,2.167792e+01,2.173322e+01,2.164334e+01,2.155337e+01,2.149104e+01,2.144946e+01,2.157414e+01,2.156029e+01,2.157414e+01,2.167792e+01,2.147718e+01,2.142867e+01,2.158106e+01,2.160874e+01,2.156029e+01,2.159490e+01,2.143560e+01,2.151182e+01,2.161566e+01,2.151875e+01,2.156721e+01,2.156029e+01,2.147025e+01,2.151875e+01,2.150489e+01,2.152567e+01,2.156721e+01,2.155337e+01,2.160874e+01,2.157414e+01,2.151182e+01,2.157414e+01,2.163642e+01,2.187135e+01,2.189206e+01,2.190586e+01,2.193345e+01,2.188516e+01,2.189206e+01,2.181612e+01,2.193345e+01,2.179540e+01,2.191276e+01,2.180231e+01,2.197483e+01,2.185065e+01,2.182993e+01,2.193345e+01,2.187825e+01,2.192655e+01,2.177468e+01,2.167792e+01,2.164334e+01,2.169175e+01,2.172631e+01,2.171940e+01,2.194035e+01,2.187135e+01,2.200930e+01,2.192655e+01,2.193345e+01,2.196104e+01,2.203687e+01,2.196104e+01,2.203687e+01,2.199551e+01,2.200930e+01,2.200930e+01,2.203687e+01,2.207820e+01,2.203687e+01,2.193345e+01,2.182303e+01,2.193345e+01,2.200241e+01,2.187825e+01,2.187135e+01,2.185755e+01,2.182303e+01,2.173322e+01,2.178159e+01,2.175395e+01,2.156721e+01,2.194725e+01,2.200930e+01,2.187825e+01,2.194035e+01,2.214706e+01,2.192655e+01,2.205065e+01,2.199551e+01,2.216771e+01,2.202997e+01,2.194725e+01,2.196104e+01,2.199551e+01,2.196793e+01,2.205065e+01,2.196793e+01,2.197483e+01,2.197483e+01,2.203687e+01,2.191965e+01,2.205754e+01,2.182303e+01,2.190586e+01,2.197483e+01,2.196104e+01,2.182993e+01,2.185065e+01,2.177468e+01,2.156029e+01,2.156029e+01,2.136626e+01,2.143560e+01,2.140787e+01,2.131770e+01,2.128993e+01,2.127605e+01,2.135239e+01,2.153260e+01,2.151875e+01,2.140787e+01,2.167792e+01,2.165717e+01,2.164334e+01,2.151875e+01,2.180922e+01,2.181612e+01,2.192655e+01,2.188516e+01,2.187825e+01,2.194035e+01,2.185065e+01,2.199551e+01,2.198862e+01,2.197483e+01,2.195414e+01,2.199551e+01,2.196793e+01,2.197483e+01,2.180231e+01,2.180231e+01,2.196793e+01,2.185755e+01,2.187825e+01,2.183684e+01,2.195414e+01,2.191965e+01,2.193345e+01,2.187825e+01,2.176777e+01,2.178159e+01,2.179540e+01,2.184374e+01,2.196793e+01,2.200241e+01,2.188516e+01,2.182303e+01,2.174013e+01,2.168483e+01,2.174013e+01,2.173322e+01,2.168483e+01,2.169175e+01,2.166409e+01,2.167100e+01,2.163642e+01,2.155337e+01,2.153260e+01,2.139400e+01,2.145639e+01,2.147025e+01,2.144253e+01,2.144253e+01,2.138707e+01,2.137320e+01,2.154645e+01,2.135239e+01,2.143560e+01,2.156029e+01,2.135933e+01,2.156029e+01,2.156721e+01,2.152567e+01,2.145639e+01,2.160182e+01,2.155337e+01,2.156721e+01,2.149104e+01,2.141480e+01,2.141480e+01,2.137320e+01,2.144946e+01,2.142867e+01,2.143560e+01,2.129688e+01,2.140094e+01,2.158106e+01,2.163642e+01,2.164334e+01,2.160182e+01,2.156721e+01,2.158106e+01,2.158106e+01,2.156721e+01,2.154645e+01,2.160182e+01,2.160182e+01,2.151182e+01,2.156721e+01,2.160874e+01,2.153952e+01,2.156721e+01,2.149796e+01,2.153260e+01,2.154645e+01,2.156721e+01,2.154645e+01,2.150489e+01,2.160182e+01,2.158106e+01,2.172631e+01,2.153952e+01,2.158798e+01,2.158798e+01,2.171248e+01,2.173322e+01,2.157414e+01,2.160182e+01,2.162258e+01,2.156029e+01,2.176777e+01,2.171248e+01,2.173322e+01,2.171940e+01,2.152567e+01,2.152567e+01,2.160874e+01,2.142174e+01,2.146332e+01,2.151182e+01,2.167100e+01,2.166409e+01,2.157414e+01,2.158106e+01,2.171940e+01,2.183684e+01,2.167100e+01,2.158798e+01,2.182993e+01,2.178159e+01,2.178850e+01,2.171940e+01,2.178159e+01,2.176086e+01,2.186445e+01,2.189206e+01,2.194035e+01,2.182303e+01,2.193345e+01,2.182303e+01,2.180922e+01,2.182303e+01,2.180231e+01,2.156721e+01,2.155337e+01,2.160182e+01,2.165717e+01,2.162258e+01,2.158798e+01,2.158798e+01,2.167792e+01,2.159490e+01,2.176086e+01,2.168483e+01,2.163642e+01,2.156029e+01,2.167792e+01,2.169175e+01,2.165717e+01,2.166409e+01,2.167100e+01,2.156029e+01,2.152567e+01,2.155337e+01,2.151182e+01,2.150489e+01,2.140094e+01,2.156721e+01,2.149796e+01,2.162258e+01,2.171248e+01,2.155337e+01,2.164334e+01,2.159490e+01,2.167792e+01,2.165717e+01,2.176086e+01,2.169866e+01,2.174013e+01,2.161566e+01,2.171940e+01,2.166409e+01,2.172631e+01,2.156029e+01,2.171940e+01,2.178159e+01,2.151182e+01,2.167100e+01,2.159490e+01,2.162950e+01,2.169866e+01,2.173322e+01,2.168483e+01,2.168483e+01,2.159490e+01,2.174704e+01,2.159490e+01,2.162258e+01,2.161566e+01,2.165025e+01,2.155337e+01,2.157414e+01,2.184374e+01,2.171248e+01,2.170557e+01,2.163642e+01,2.171248e+01,2.168483e+01,2.162258e+01,2.171248e+01,2.160874e+01,2.165717e+01,2.165717e+01,2.168483e+01,2.167100e+01,2.155337e+01,2.155337e+01,2.156029e+01,2.142174e+01,2.138707e+01,2.151182e+01,2.147025e+01,2.135239e+01,2.144946e+01,2.137320e+01,2.138013e+01,2.133851e+01,2.141480e+01,2.142867e+01,2.120660e+01,2.145639e+01,2.142174e+01,2.138013e+01,2.146332e+01,2.151182e+01,2.138707e+01,2.138013e+01,2.122744e+01,2.140094e+01,2.141480e+01,2.133158e+01,2.126911e+01,2.128993e+01,2.114406e+01,2.124133e+01,2.108843e+01,2.122050e+01,2.124828e+01,2.106061e+01,2.095619e+01,2.088653e+01,2.113015e+01,2.115796e+01,2.085168e+01,2.113711e+01,2.107452e+01,2.112320e+01,2.099101e+01,2.106756e+01,2.100493e+01,2.108843e+01,2.099101e+01,2.117186e+01,2.104669e+01,2.106061e+01,2.113711e+01,2.121355e+01,2.143560e+01,2.127605e+01,2.141480e+01,2.149796e+01,2.143560e+01,2.152567e+01,2.143560e+01,2.147718e+01,2.136626e+01,2.143560e+01,2.147025e+01,2.146332e+01,2.157414e+01,2.137320e+01,2.137320e+01,2.135933e+01,2.160182e+01,2.147025e+01,2.130382e+01,2.140094e+01,2.137320e+01,2.140787e+01,2.143560e+01,2.135933e+01,2.132464e+01,2.150489e+01,2.133851e+01,2.129688e+01,2.140094e+01,2.107452e+01,2.135933e+01,2.135933e+01,2.124133e+01,2.124828e+01,2.127605e+01,2.121355e+01,2.133158e+01,2.124133e+01,2.138013e+01,2.138013e+01
2.162258e+01,2.169866e+01,2.176777e+01,2.178159e+01,2.165025e+01,2.165717e+01,2.171940e+01,2.172631e+01,2.167100e+01,2.166409e+01,2.175395e+01,2.172631e+01,2.182993e+01,2.180231e+01,2.179540e+01,2.173322e+01,2.162258e+01,2.174704e+01,2.172631e+01,2.178159e+01,2.174704e+01,2.172631e+01,2.171248e+01,2.176086e+01,2.174013e+01,2.162258e+01,2.174013e+01,2.164334e+01,2.166409e+01,2.174013e+01,2.171248e+01,2.171248e+01,2.168483e+01,2.165717e+01,2.166409e+01,2.167100e+01,2.160182e+01,2.171248e+01,2.185065e+01,2.174013e+01,2.179540e+01,2.180922e+01,2.176777e+01,2.182303e+01,2.161566e+01,2.182993e+01,2.175395e+01,2.174013e+01,2.173322e+01,2.189206e+01,2.173322e+01,2.173322e+01,2.173322e+01,2.187825e+01,2.180231e+01,2.193345e+01,2.185065e+01,2.190586e+01,2.186445e+01,2.181612e+01,2.176086e+01,2.182993e+01,2.185065e+01,2.192655e+01,2.182303e+01,2.190586e+01,2.181612e+01,2.187825e+01,2.187135e+01,2.180231e+01,2.186445e+01,2.196793e+01,2.187825e+01,2.186445e+01,2.194725e+01,2.195414e+01,2.188516e+01,2.169175e+01,2.189896e+01,2.186445e+01,2.191965e+01,2.186445e+01,2.189896e+01,2.197483e+01,2.184374e+01,2.202997e+01,2.202308e+01,2.191965e+01,2.184374e+01,2.187825e+01,2.187825e+01,2.186445e+01,2.200241e+01,2.175395e+01,2.191965e+01,2.187825e+01,2.190586e+01,2.176777e+01,2.165025e+01,2.179540e+01,2.182303e+01,2.170557e+01,2.188516e+01,2.168483e+01,2.172631e+01,2.172631e+01,2.174704e+01,2.169866e+01,2.168483e+01,2.172631e+01,2.169866e+01,2.166409e+01,2.166409e+01,2.158798e+01,2.170557e+01,2.170557e+01,2.167792e+01,2.162950e+01,2.162258e+01,2.167792e+01,2.173322e+01,2.176777e+01,2.171248e+01,2.167792e+01,2.167100e+01,2.176086e+01,2.162950e+01,2.155337e+01,2.172631e+01,2.169175e+01,2.170557e+01,2.153952e+01,2.153260e+01,2.151875e+01,2.154645e+01,2.143560e+01,2.153260e+01,2.154645e+01,2.148411e+01,2.148411e+01,2.139400e+01,2.141480e+01,2.144253e+01,2.139400e+01,2.131770e+01,2.142174e+01,2.137320e+01,2.134545e+01,2.133158e+01,2.156029e+01,2.153952e+01,2.153260e+01,2.166409e+01,2.171940e+01,2.159490e+01,2.165717e+01,2.164334e+01,2.168483e+01,2.165025e+01,2.167792e+01,2.163642e+01,2.166409e+01,2.185065e+01,2.176777e+01,2.166409e+01,2.172631e+01,2.158106e+01,2.178159e+01,2.161566e+01,2.180231e+01,2.170557e+01,2.181612e+01,2.181612e+01,2.176777e+01,2.172631e+01,2.177468e+01,2.176086e+01,2.159490e+01,2.165025e+01,2.174013e+01,2.169866e+01,2.165717e+01,2.177468e+01,2.163642e+01,2.167100e+01,2.171248e+01,2.165717e+01,2.145639e+01,2.138707e+01,2.145639e+01,2.134545e+01,2.136626e+01,2.131770e+01,2.142867e+01,2.155337e+01,2.155337e+01,2.184374e+01,2.176777e+01,2.173322e+01,2.185065e+01,2.185065e+01,2.176777e+01,2.180231e+01,2.189896e+01,2.180231e+01,2.167100e+01,2.178850e+01,2.178850e+01,2.171940e+01,2.177468e+01,2.161566e+01,2.176777e+01,2.153260e+01,2.148411e+01,2.143560e+01,2.155337e+01,2.151875e+01,2.157414e+01,2.156029e+01,2.156721e+01,2.155337e+01,2.165025e+01,2.159490e+01,2.156721e+01,2.162950e+01,2.153952e+01,2.156029e+01,2.149796e+01,2.159490e+01,2.155337e+01,2.143560e+01,2.142867e+01,2.144253e+01,2.148411e+01,2.153952e+01,2.150489e+01,2.155337e+01,2.152567e+01,2.150489e+01,2.153260e+01,2.152567e+01,2.152567e+01,2.164334e+01,2.168483e+01,2.188516e+01,2.185755e+01,2.192655e+01,2.171940e+01,2.189896e+01,2.187825e+01,2.189206e+01,2.190586e+01,2.191276e+01,2.191965e+01,2.190586e+01,2.188516e+01,2.197483e+01,2.184374e+01,2.196104e+01,2.192655e+01,2.191276e+01,2.167100e+01,2.169175e+01,2.171940e+01,2.169866e+01,2.173322e+01,2.175395e+01,2.194035e+01,2.196793e+01,2.194725e+01,2.191276e+01,2.200930e+01,2.194725e+01,2.202997e+01,2.188516e+01,2.191965e+01,2.190586e+01,2.189206e+01,2.207820e+01,2.202997e+01,2.207820e+01,2.192655e+01,2.205065e+01,2.192655e+01,2.189896e+01,2.191276e+01,2.191965e+01,2.182993e+01,2.180231e+01,2.178850e+01,2.176777e+01,2.178850e+01,2.176777e+01,2.183684e+01,2.184374e+01,2.189896e+01,2.198862e+01,2.200241e+01,2.188516e+01,2.213329e+01,2.213329e+01,2.191276e+01,2.198862e+01,2.198862e+01,2.200930e+01,2.198172e+01,2.197483e+01,2.204376e+01,2.197483e+01,2.198862e+01,2.204376e+01,2.198172e+01,2.198862e+01,2.198172e+01,2.184374e+01,2.191276e+01,2.191965e+01,2.191965e+01,2.194725e+01,2.180922e+01,2.180922e+01,2.171248e+01,2.164334e+01,2.155337e+01,2.156721e+01,2.144253e+01,2.130382e+01,2.133158e+01,2.124828e+01,2.147025e+01,2.153260e+01,2.151182e+01,2.145639e+01,2.169866e+01,2.165717e+01,2.164334e+01,2.176086e+01,2.164334e+01,2.176777e+01,2.184374e+01,2.184374e+01,2.188516e+01,2.197483e+01,2.194725e+01,2.192655e+01,2.198862e+01,2.198172e+01,2.196793e+01,2.192655e+01,2.197483e+01,2.203687e+01,2.189206e+01,2.196793e+01,2.188516e+01,2.173322e+01,2.185755e+01,2.182303e+01,2.179540e+01,2.191276e+01,2.172631e+01,2.195414e+01,2.174013e+01,2.177468e+01,2.178159e+01,2.202997e+01,2.200241e+01,2.183684e+01,2.202308e+01,2.202308e+01,2.176086e+01,2.176777e+01,2.176086e+01,2.171248e+01,2.165717e+01,2.189896e+01,2.170557e+01,2.165717e+01,2.158798e+01,2.151182e+01,2.156029e+01,2.154645e+01,2.153260e+01,2.131770e+01,2.140787e+01,2.139400e+01,2.138013e+01,2.158106e+01,2.142174e+01,2.151182e+01,2.152567e+01,2.132464e+01,2.156721e+01,2.149104e+01,2.158106e+01,2.154645e+01,2.160182e+01,2.147025e+01,2.158106e+01,2.149796e+01,2.160182e+01,2.153260e+01,2.150489e+01,2.151182e+01,2.147025e+01,2.150489e+01,2.131770e+01,2.133851e+01,2.144253e+01,2.137320e+01,2.156721e+01,2.161566e+01,2.167792e+01,2.167100e+01,2.159490e+01,2.159490e+01,2.157414e+01,2.160874e+01,2.167100e+01,2.159490e+01,2.158106e+01,2.140787e+01,2.144253e+01,2.156029e+01,2.157414e+01,2.149104e+01,2.147718e+01,2.145639e+01,2.153260e+01,2.156029e+01,2.158798e+01,2.154645e+01,2.149796e+01,2.156029e+01,2.156721e+01,2.151875e+01,2.158798e+01,2.149796e+01,2.168483e+01,2.157414e+01,2.160182e+01,2.148411e+01,2.154645e+01,2.156721e+01,2.173322e+01,2.167100e+01,2.171248e+01,2.186445e+01,2.161566e+01,2.157414e+01,2.138707e+01,2.155337e+01,2.153952e+01,2.163642e+01,2.149104e+01,2.154645e+01,2.171940e+01,2.174704e+01,2.180231e+01,2.171248e+01,2.179540e+01,2.178850e+01,2.178850e+01,2.176086e+01,2.188516e+01,2.188516e+01,2.180231e+01,2.185065e+01,2.191965e+01,2.178850e+01,2.180231e+01,2.180922e+01,2.190586e+01,2.195414e+01,2.178850e+01,2.193345e+01,2.177468e+01,2.183684e+01,2.158798e+01,2.162950e+01,2.162258e+01,2.164334e+01,2.165717e+01,2.178159e+01,2.158798e+01,2.158106e+01,2.166409e+01,2.158798e+01,2.168483e+01,2.172631e+01,2.154645e+01,2.169866e+01,2.167100e+01,2.172631e+01,2.167792e+01,2.160874e+01,2.166409e+01,2.166409e+01,2.156721e+01,2.158798e+01,2.165717e+01,2.167792e+01,2.149104e+01,2.167100e+01,2.162950e+01,2.167792e+01,2.174013e+01,2.169175e+01,2.174704e+01,2.167100e+01,2.176086e+01,2.165717e+01,2.163642e+01,2.166409e+01,2.160182e+01,2.164334e+01,2.174704e+01,2.171940e+01,2.173322e+01,2.165025e+01,2.168483e+01,2.165025e+01,2.176777e+01,2.165025e+01,2.170557e+01,2.164334e+01,2.158798e+01,2.162950e+01,2.161566e+01,2.158106e+01,2.166409e+01,2.156029e+01,2.162950e+01,2.162258e+01,2.166409e+01,2.160182e+01,2.158798e+01,2.160874e+01,2.168483e+01,2.166409e+01,2.158798e+01,2.162950e+01,2.160182e+01,2.165717e+01,2.170557e+01,2.169175e+01,2.161566e+01,2.167100e+01,2.149796e+01,2.153952e+01,2.162258e+01,2.149104e+01,2.149104e+01,2.147718e+01,2.144253e+01,2.151875e+01,2.132464e+01,2.131076e+01,2.128299e+01,2.150489e+01,2.143560e+01,2.141480e+01,2.143560e+01,2.130382e+01,2.156029e+01,2.141480e+01,2.141480e+01,2.143560e+01,2.140787e+01,2.131076e+01,2.128299e+01,2.128993e+01,2.127605e+01,2.129688e+01,2.141480e+01,2.113711e+01,2.127605e+01,2.121355e+01,2.128299e+01,2.117881e+01,2.117881e+01,2.120660e+01,2.115796e+01,2.117186e+01,2.118576e+01,2.108148e+01,2.112320e+01,2.113015e+01,2.114406e+01,2.114406e+01,2.112320e+01,2.113015e+01,2.113711e+01,2.098405e+01,2.106061e+01,2.105365e+01,2.115101e+01,2.112320e+01,2.112320e+01,2.146332e+01,2.144946e+01,2.126217e+01,2.149796e+01,2.148411e+01,2.148411e+01,2.152567e+01,2.147718e+01,2.142867e+01,2.169866e+01,2.151875e+01,2.147025e+01,2.149104e+01,2.153952e+01,2.144946e+01,2.137320e+01,2.151182e+01,2.161566e+01,2.129688e+01,2.146332e+01,2.130382e+01,2.140094e+01,2.140787e+01,2.134545e+01,2.135933e+01,2.140787e+01,2.135933e+01,2.129688e+01,2.140787e+01,2.135933e+01,2.135933e+01,2.122744e+01,2.142867e+01,2.119271e+01,2.133851e+01,2.122050e+01,2.143560e+01,2.146332e+01,2.127605e+01,2.130382e+01,2.134545e+01,2.133158e+01
2.177468e+01,2.164334e+01,2.172631e+01,2.171940e+01,2.164334e+01,2.170557e+01,2.167100e+01,2.168483e+01,2.174704e+01,2.175395e+01,2.154645e+01,2.158106e+01,2.171940e+01,2.168483e+01,2.168483e+01,2.170557e+01,2.174013e+01,2.174704e+01,2.159490e+01,2.174013e+01,2.151182e+01,2.167792e+01,2.151875e+01,2.165025e+01,2.171940e+01,2.167792e+01,2.170557e+01,2.161566e+01,2.165025e+01,2.160874e+01,2.158106e+01,2.160874e+01,2.185065e+01,2.165717e+01,2.171248e+01,2.171940e+01,2.169866e+01,2.178850e+01,2.174013e+01,2.177468e+01,2.180231e+01,2.175395e+01,2.161566e+01,2.177468e+01,2.181612e+01,2.165025e+01,2.175395e+01,2.173322e+01,2.187135e+01,2.174704e+01,2.171940e+01,2.191276e+01,2.178159e+01,2.187135e+01,2.185065e+01,2.192655e+01,2.183684e+01,2.196793e+01,2.189896e+01,2.166409e+01,2.177468e+01,2.182303e+01,2.178159e+01,2.195414e+01,2.182993e+01,2.179540e+01,2.185755e+01,2.187825e+01,2.183684e+01,2.185755e+01,2.198862e+01,2.188516e+01,2.187825e+01,2.184374e+01,2.194725e+01,2.189896e+01,2.179540e+01,2.189206e+01,2.189206e+01,2.191965e+01,2.197483e+01,2.186445e+01,2.191965e+01,2.196104e+01,2.185065e+01,2.200241e+01,2.183684e+01,2.192655e+01,2.189206e+01,2.189206e+01,2.185065e+01,2.185065e+01,2.187135e+01,2.187825e+01,2.187825e+01,2.182303e+01,2.174704e+01,2.180922e+01,2.174704e+01,2.163642e+01,2.171940e+01,2.176086e+01,2.173322e+01,2.169866e+01,2.162950e+01,2.171940e+01,2.173322e+01,2.171940e+01,2.166409e+01,2.169866e+01,2.165717e+01,2.168483e+01,2.170557e+01,2.167792e+01,2.167792e+01,2.169175e+01,2.167100e+01,2.162258e+01,2.164334e+01,2.160874e+01,2.160874e+01,2.164334e+01,2.169175e+01,2.162258e+01,2.160182e+01,2.174013e+01,2.171248e+01,2.165025e+01,2.155337e+01,2.165025e+01,2.152567e+01,2.153260e+01,2.163642e+01,2.151875e+01,2.136626e+01,2.155337e+01,2.149104e+01,2.140787e+01,2.159490e+01,2.150489e+01,2.152567e+01,2.143560e+01,2.142867e+01,2.145639e+01,2.151182e+01,2.140787e+01,2.135933e+01,2.149796e+01,2.133158e+01,2.153260e+01,2.147718e+01,2.154645e+01,2.156029e+01,2.159490e+01,2.157414e+01,2.154645e+01,2.162950e+01,2.163642e+01,2.156721e+01,2.165717e+01,2.169175e+01,2.167792e+01,2.167792e+01,2.168483e+01,2.178159e+01,2.175395e+01,2.161566e+01,2.161566e+01,2.179540e+01,2.165025e+01,2.174704e+01,2.178159e+01,2.166409e+01,2.173322e+01,2.174013e+01,2.169866e+01,2.169866e+01,2.172631e+01,2.177468e+01,2.171940e+01,2.167792e+01,2.162950e+01,2.174013e+01,2.168483e+01,2.162258e+01,2.153260e+01,2.159490e+01,2.143560e+01,2.151182e+01,2.154645e+01,2.136626e+01,2.131770e+01,2.133851e+01,2.144253e+01,2.146332e+01,2.153260e+01,2.149796e+01,2.183684e+01,2.171940e+01,2.174704e+01,2.182303e+01,2.184374e+01,2.167100e+01,2.187135e+01,2.185755e+01,2.165717e+01,2.171248e+01,2.171940e+01,2.165025e+01,2.182303e+01,2.160874e+01,2.171248e+01,2.155337e+01,2.158798e+01,2.146332e+01,2.164334e+01,2.162950e+01,2.151182e+01,2.163642e+01,2.156029e+01,2.163642e+01,2.143560e+01,2.147718e+01,2.157414e+01,2.157414e+01,2.151875e+01,2.154645e+01,2.153260e+01,2.144253e+01,2.155337e+01,2.138707e+01,2.147025e+01,2.144253e+01,2.146332e+01,2.150489e+01,2.151182e+01,2.155337e+01,2.151182e+01,2.153260e+01,2.150489e+01,2.152567e+01,2.166409e+01,2.169866e+01,2.190586e+01,2.188516e+01,2.186445e+01,2.185755e+01,2.192655e+01,2.197483e+01,2.188516e+01,2.184374e+01,2.196104e+01,2.191965e+01,2.189896e+01,2.192655e+01,2.189896e+01,2.191965e+01,2.190586e+01,2.189896e+01,2.196104e+01,2.158798e+01,2.159490e+01,2.156721e+01,2.169175e+01,2.166409e+01,2.183684e+01,2.171940e+01,2.187825e+01,2.171248e+01,2.191276e+01,2.189896e+01,2.202997e+01,2.194725e+01,2.195414e+01,2.199551e+01,2.202308e+01,2.194725e+01,2.198172e+01,2.205754e+01,2.191965e+01,2.193345e+01,2.202997e+01,2.200241e+01,2.189896e+01,2.186445e+01,2.190586e+01,2.185065e+01,2.181612e+01,2.176777e+01,2.176777e+01,2.177468e+01,2.181612e+01,2.181612e+01,2.187825e+01,2.194035e+01,2.178159e+01,2.190586e+01,2.204376e+01,2.205065e+01,2.211952e+01,2.205754e+01,2.196793e+01,2.198862e+01,2.201619e+01,2.197483e+01,2.200930e+01,2.211952e+01,2.196793e+01,2.204376e+01,2.208509e+01,2.200241e+01,2.197483e+01,2.198172e+01,2.196793e+01,2.178159e+01,2.196104e+01,2.195414e+01,2.195414e+01,2.194725e+01,2.200241e+01,2.171940e+01,2.170557e+01,2.162258e+01,2.155337e+01,2.145639e+01,2.137320e+01,2.127605e+01,2.150489e+01,2.150489e+01,2.150489e+01,2.142867e+01,2.142867e+01,2.161566e+01,2.166409e+01,2.172631e+01,2.167792e+01,2.178159e+01,2.177468e+01,2.180231e+01,2.195414e+01,2.200930e+01,2.194035e+01,2.196104e+01,2.194725e+01,2.194035e+01,2.197483e+01,2.198862e+01,2.198172e+01,2.201619e+01,2.189206e+01,2.198862e+01,2.191965e+01,2.189896e+01,2.200241e+01,2.191276e+01,2.187135e+01,2.181612e+01,2.185065e+01,2.194725e+01,2.190586e+01,2.188516e+01,2.191965e+01,2.170557e+01,2.180922e+01,2.194725e+01,2.189896e+01,2.192655e+01,2.198172e+01,2.168483e+01,2.171940e+01,2.167100e+01,2.167792e+01,2.172631e+01,2.172631e+01,2.169866e+01,2.167100e+01,2.160874e+01,2.158106e+01,2.153260e+01,2.151182e+01,2.151875e+01,2.153260e+01,2.144946e+01,2.151875e+01,2.152567e+01,2.149796e+01,2.142174e+01,2.138013e+01,2.135933e+01,2.156721e+01,2.155337e+01,2.155337e+01,2.155337e+01,2.155337e+01,2.146332e+01,2.159490e+01,2.147025e+01,2.149104e+01,2.159490e+01,2.151182e+01,2.167100e+01,2.152567e+01,2.153260e+01,2.147718e+01,2.137320e+01,2.155337e+01,2.139400e+01,2.138013e+01,2.144253e+01,2.153952e+01,2.158798e+01,2.169175e+01,2.152567e+01,2.168483e+01,2.158798e+01,2.158798e+01,2.157414e+01,2.157414e+01,2.161566e+01,2.163642e+01,2.160874e+01,2.148411e+01,2.150489e+01,2.154645e+01,2.155337e+01,2.147718e+01,2.151875e+01,2.149796e+01,2.151875e+01,2.162950e+01,2.144946e+01,2.151875e+01,2.151875e+01,2.158798e+01,2.148411e+01,2.157414e+01,2.169175e+01,2.160182e+01,2.143560e+01,2.147025e+01,2.161566e+01,2.148411e+01,2.153952e+01,2.175395e+01,2.174704e+01,2.156029e+01,2.178159e+01,2.158106e+01,2.149104e+01,2.151182e+01,2.159490e+01,2.156029e+01,2.152567e+01,2.164334e+01,2.152567e+01,2.172631e+01,2.159490e+01,2.156721e+01,2.158106e+01,2.157414e+01,2.180231e+01,2.178850e+01,2.181612e+01,2.170557e+01,2.183684e+01,2.181612e+01,2.177468e+01,2.180922e+01,2.180231e+01,2.183684e+01,2.180922e+01,2.183684e+01,2.194725e+01,2.180231e+01,2.186445e+01,2.180922e+01,2.187825e+01,2.181612e+01,2.169866e+01,2.164334e+01,2.173322e+01,2.160874e+01,2.169866e+01,2.166409e+01,2.174704e+01,2.173322e+01,2.165025e+01,2.165025e+01,2.162950e+01,2.167792e+01,2.170557e+01,2.174013e+01,2.175395e+01,2.164334e+01,2.162950e+01,2.167100e+01,2.165717e+01,2.158106e+01,2.167100e+01,2.134545e+01,2.149104e+01,2.166409e+01,2.163642e+01,2.165717e+01,2.178159e+01,2.175395e+01,2.171940e+01,2.174704e+01,2.174704e+01,2.178159e+01,2.158798e+01,2.171940e+01,2.174704e+01,2.169866e+01,2.176777e+01,2.169866e+01,2.175395e+01,2.169175e+01,2.171940e+01,2.166409e+01,2.157414e+01,2.165717e+01,2.169175e+01,2.171940e+01,2.162258e+01,2.174704e+01,2.169175e+01,2.160182e+01,2.154645e+01,2.153952e+01,2.162950e+01,2.155337e+01,2.163642e+01,2.163642e+01,2.156029e+01,2.163642e+01,2.165717e+01,2.163642e+01,2.174013e+01,2.165717e+01,2.168483e+01,2.165025e+01,2.154645e+01,2.148411e+01,2.153260e+01,2.147025e+01,2.158798e+01,2.162258e+01,2.158798e+01,2.157414e+01,2.152567e+01,2.145639e+01,2.144946e+01,2.147718e+01,2.147718e+01,2.139400e+01,2.135933e+01,2.150489e+01,2.132464e+01,2.133158e+01,2.131076e+01,2.138013e+01,2.139400e+01,2.136626e+01,2.136626e+01,2.135933e+01,2.139400e+01,2.139400e+01,2.132464e+01,2.131770e+01,2.126911e+01,2.126911e+01,2.121355e+01,2.126217e+01,2.126217e+01,2.125522e+01,2.128299e+01,2.122744e+01,2.110234e+01,2.122744e+01,2.118576e+01,2.112320e+01,2.115101e+01,2.122744e+01,2.104669e+01,2.107452e+01,2.113711e+01,2.113711e+01,2.124828e+01,2.113015e+01,2.080984e+01,2.122744e+01,2.106061e+01,2.103973e+01,2.122050e+01,2.129688e+01,2.109539e+01,2.139400e+01,2.143560e+01,2.143560e+01,2.144253e+01,2.147718e+01,2.148411e+01,2.153260e+01,2.151875e+01,2.150489e+01,2.147718e+01,2.142867e+01,2.148411e+01,2.149796e+01,2.143560e+01,2.145639e+01,2.135933e+01,2.147718e+01,2.139400e+01,2.131770e+01,2.143560e+01,2.138013e+01,2.138707e+01,2.144946e+01,2.140094e+01,2.140094e+01,2.141480e+01,2.142867e+01,2.134545e+01,2.131770e+01,2.137320e+01,2.135933e+01,2.112320e+01,2.138013e+01,2.128993e+01,2.129688e+01,2.140787e+01,2.135933e+01,2.134545e+01,2.137320e+01,2.142174e+01,2.135239e+01,2.146332e+01,2.133158e+01
2.162950e+01,2.178159e+01,2.173322e+01,2.168483e+01,2.169866e+01,2.171940e+01,2.169866e+01,2.167100e+01,2.168483e+01,2.167100e+01,2.167792e+01,2.172631e+01,2.169866e+01,2.176086e+01,2.187825e+01,2.161566e+01,2.178850e+01,2.163642e+01,2.189206e+01,2.165717e+01,2.182993e+01,2.171248e+01,2.173322e+01,2.163642e+01,2.160182e+01,2.174013e+01,2.165025e+01,2.167100e+01,2.170557e+01,2.168483e+01,2.168483e+01,2.164334e+01,2.156029e+01,2.183684e+01,2.163642e+01,2.179540e+01,2.177468e+01,2.174704e+01,2.176086e+01,2.181612e+01,2.176086e+01,2.190586e+01,2.172631e+01,2.175395e+01,2.162258e+01,2.180922e+01,2.187135e+01,2.171940e+01,2.180231e+01,2.169175e+01,2.175395e+01,2.174704e+01,2.183684e+01,2.174704e+01,2.191965e+01,2.181612e+01,2.190586e+01,2.187135e+01,2.176777e+01,2.176777e+01,2.188516e+01,2.176777e+01,2.185065e+01,2.186445e+01,2.198172e+01,2.186445e+01,2.185065e+01,2.191965e+01,2.184374e+01,2.185755e+01,2.184374e+01,2.188516e+01,2.190586e+01,2.184374e+01,2.181612e+01,2.194725e+01,2.193345e+01,2.193345e+01,2.191965e+01,2.200241e+01,2.198172e+01,2.185065e+01,2.197483e+01,2.196104e+01,2.200241e+01,2.187825e+01,2.200930e+01,2.202308e+01,2.184374e+01,2.188516e+01,2.198172e+01,2.190586e+01,2.202308e+01,2.182993e+01,2.185065e+01,2.187135e+01,2.189206e+01,2.198862e+01,2.172631e+01,2.152567e+01,2.174013e+01,2.171248e+01,2.179540e+01,2.171940e+01,2.165717e+01,2.172631e+01,2.167792e+01,2.164334e+01,2.165717e+01,2.165025e+01,2.159490e+01,2.167792e+01,2.165717e+01,2.167100e+01,2.154645e+01,2.160182e+01,2.171248e+01,2.159490e+01,2.158798e+01,2.170557e+01,2.162950e+01,2.165717e+01,2.162950e+01,2.159490e+01,2.156721e+01,2.158106e+01,2.156029e+01,2.171248e+01,2.161566e+01,2.152567e+01,2.151182e+01,2.143560e+01,2.154645e+01,2.146332e+01,2.140094e+01,2.152567e+01,2.142174e+01,2.154645e+01,2.147718e+01,2.141480e+01,2.143560e+01,2.146332e+01,2.140094e+01,2.148411e+01,2.149104e+01,2.154645e+01,2.154645e+01,2.136626e+01,2.153260e+01,2.149796e+01,2.159490e+01,2.156721e+01,2.153952e+01,2.156721e+01,2.158106e+01,2.156029e+01,2.156721e+01,2.157414e+01,2.172631e+01,2.165025e+01,2.158798e+01,2.162258e+01,2.158106e+01,2.165025e+01,2.163642e+01,2.168483e+01,2.167100e+01,2.179540e+01,2.181612e+01,2.180922e+01,2.169175e+01,2.169175e+01,2.187825e+01,2.188516e+01,2.183684e+01,2.173322e+01,2.170557e+01,2.176086e+01,2.173322e+01,2.165717e+01,2.165025e+01,2.173322e+01,2.167792e+01,2.178159e+01,2.169866e+01,2.170557e+01,2.180922e+01,2.158106e+01,2.163642e+01,2.150489e+01,2.140094e+01,2.134545e+01,2.133851e+01,2.137320e+01,2.151182e+01,2.145639e+01,2.160874e+01,2.150489e+01,2.182993e+01,2.179540e+01,2.184374e+01,2.171248e+01,2.187135e+01,2.188516e+01,2.167100e+01,2.173322e+01,2.174013e+01,2.181612e+01,2.179540e+01,2.178850e+01,2.178159e+01,2.177468e+01,2.157414e+01,2.147718e+01,2.142174e+01,2.144253e+01,2.153260e+01,2.154645e+01,2.156029e+01,2.151875e+01,2.149796e+01,2.167792e+01,2.151875e+01,2.154645e+01,2.149796e+01,2.155337e+01,2.154645e+01,2.147718e+01,2.148411e+01,2.137320e+01,2.139400e+01,2.138013e+01,2.135933e+01,2.154645e+01,2.140787e+01,2.157414e+01,2.150489e+01,2.154645e+01,2.156721e+01,2.152567e+01,2.163642e+01,2.212641e+01,2.185755e+01,2.180231e+01,2.186445e+01,2.188516e+01,2.191965e+01,2.187135e+01,2.187825e+01,2.196104e+01,2.202308e+01,2.202308e+01,2.190586e+01,2.200930e+01,2.199551e+01,2.190586e+01,2.196104e+01,2.205065e+01,2.204376e+01,2.183684e+01,2.180922e+01,2.156029e+01,2.158798e+01,2.164334e+01,2.159490e+01,2.167792e+01,2.171940e+01,2.182993e+01,2.181612e+01,2.198172e+01,2.170557e+01,2.200930e+01,2.192655e+01,2.197483e+01,2.191965e+01,2.189896e+01,2.205065e+01,2.202997e+01,2.188516e+01,2.191276e+01,2.191276e+01,2.202997e+01,2.200241e+01,2.197483e+01,2.187135e+01,2.183684e+01,2.190586e+01,2.187135e+01,2.187135e+01,2.176777e+01,2.182303e+01,2.180231e+01,2.167100e+01,2.179540e+01,2.180231e+01,2.180231e+01,2.209198e+01,2.196104e+01,2.196793e+01,2.187825e+01,2.195414e+01,2.184374e+01,2.172631e+01,2.182993e+01,2.202308e+01,2.187825e+01,2.207820e+01,2.209886e+01,2.196104e+01,2.197483e+01,2.204376e+01,2.202997e+01,2.204376e+01,2.204376e+01,2.187135e+01,2.189896e+01,2.195414e+01,2.199551e+01,2.190586e+01,2.202997e+01,2.185755e+01,2.171940e+01,2.169866e+01,2.168483e+01,2.149104e+01,2.160182e+01,2.148411e+01,2.151875e+01,2.152567e+01,2.152567e+01,2.150489e+01,2.158106e+01,2.167100e+01,2.165717e+01,2.165717e+01,2.174704e+01,2.181612e+01,2.178850e+01,2.183684e+01,2.196793e+01,2.189896e+01,2.194035e+01,2.194725e+01,2.194725e+01,2.203687e+01,2.198862e+01,2.197483e+01,2.198862e+01,2.201619e+01,2.194725e+01,2.200930e+01,2.204376e+01,2.190586e+01,2.198862e+01,2.189206e+01,2.180231e+01,2.174704e+01,2.180922e+01,2.194035e+01,2.194725e+01,2.182993e+01,2.189896e+01,2.192655e+01,2.178159e+01,2.200930e+01,2.180922e+01,2.195414e+01,2.171940e+01,2.174013e+01,2.171248e+01,2.165717e+01,2.169175e+01,2.171248e+01,2.173322e+01,2.167792e+01,2.167792e+01,2.163642e+01,2.159490e+01,2.165717e+01,2.163642e+01,2.160874e+01,2.153952e+01,2.139400e+01,2.153952e+01,2.145639e+01,2.140094e+01,2.153952e+01,2.151875e+01,2.154645e+01,2.153952e+01,2.133851e+01,2.152567e+01,2.156029e+01,2.158106e+01,2.151182e+01,2.150489e+01,2.159490e+01,2.151875e+01,2.160874e+01,2.158106e+01,2.158798e+01,2.151182e+01,2.150489e+01,2.143560e+01,2.155337e+01,2.142867e+01,2.141480e+01,2.144253e+01,2.141480e+01,2.157414e+01,2.159490e+01,2.162258e+01,2.163642e+01,2.159490e+01,2.169175e+01,2.156029e+01,2.173322e+01,2.160182e+01,2.169866e+01,2.144946e+01,2.148411e+01,2.152567e+01,2.148411e+01,2.140094e+01,2.153260e+01,2.153952e+01,2.144253e+01,2.145639e+01,2.135933e+01,2.142867e+01,2.144253e+01,2.151875e+01,2.155337e+01,2.140094e+01,2.152567e+01,2.158798e+01,2.147025e+01,2.142867e+01,2.141480e+01,2.144946e+01,2.147025e+01,2.142867e+01,2.147025e+01,2.161566e+01,2.174704e+01,2.175395e+01,2.162258e+01,2.154645e+01,2.165717e+01,2.145639e+01,2.147718e+01,2.145639e+01,2.156721e+01,2.158106e+01,2.156029e+01,2.162258e+01,2.172631e+01,2.162950e+01,2.180231e+01,2.178850e+01,2.178159e+01,2.179540e+01,2.178159e+01,2.182993e+01,2.181612e+01,2.189206e+01,2.182303e+01,2.178850e+01,2.189896e+01,2.187135e+01,2.195414e+01,2.195414e+01,2.182993e+01,2.186445e+01,2.188516e+01,2.186445e+01,2.184374e+01,2.180922e+01,2.175395e+01,2.171940e+01,2.167792e+01,2.165717e+01,2.176777e+01,2.167792e+01,2.167100e+01,2.169866e+01,2.171248e+01,2.164334e+01,2.164334e+01,2.176086e+01,2.173322e+01,2.171248e+01,2.174013e+01,2.176086e+01,2.176086e+01,2.171248e+01,2.157414e+01,2.171248e+01,2.162950e+01,2.163642e+01,2.165717e+01,2.163642e+01,2.153260e+01,2.174704e+01,2.172631e+01,2.169175e+01,2.167792e+01,2.169175e+01,2.179540e+01,2.175395e+01,2.177468e+01,2.166409e+01,2.171248e+01,2.175395e+01,2.178159e+01,2.169866e+01,2.167792e+01,2.163642e+01,2.161566e+01,2.166409e+01,2.169866e+01,2.169175e+01,2.178159e+01,2.153952e+01,2.154645e+01,2.156029e+01,2.155337e+01,2.158106e+01,2.158798e+01,2.152567e+01,2.153952e+01,2.149796e+01,2.170557e+01,2.167792e+01,2.150489e+01,2.163642e+01,2.158106e+01,2.167100e+01,2.162258e+01,2.174013e+01,2.171248e+01,2.174704e+01,2.167100e+01,2.163642e+01,2.162950e+01,2.164334e+01,2.163642e+01,2.154645e+01,2.166409e+01,2.141480e+01,2.156721e+01,2.144253e+01,2.150489e+01,2.163642e+01,2.149796e+01,2.153952e+01,2.140094e+01,2.135933e+01,2.134545e+01,2.136626e+01,2.139400e+01,2.140094e+01,2.140787e+01,2.142174e+01,2.139400e+01,2.126911e+01,2.141480e+01,2.124828e+01,2.124828e+01,2.117881e+01,2.126217e+01,2.124828e+01,2.124133e+01,2.126911e+01,2.117881e+01,2.120660e+01,2.122050e+01,2.136626e+01,2.108148e+01,2.112320e+01,2.110234e+01,2.110929e+01,2.105365e+01,2.108148e+01,2.117186e+01,2.106756e+01,2.111625e+01,2.113711e+01,2.117881e+01,2.112320e+01,2.112320e+01,2.084470e+01,2.104669e+01,2.102581e+01,2.130382e+01,2.150489e+01,2.135933e+01,2.157414e+01,2.145639e+01,2.142174e+01,2.143560e+01,2.140787e+01,2.149796e+01,2.147025e+01,2.147718e+01,2.136626e+01,2.153952e+01,2.147718e+01,2.138013e+01,2.142867e+01,2.140094e+01,2.133158e+01,2.139400e+01,2.159490e+01,2.143560e+01,2.142174e+01,2.145639e+01,2.133158e+01,2.112320e+01,2.138707e+01,2.142867e+01,2.144946e+01,2.131770e+01,2.130382e+01,2.139400e+01,2.140094e+01,2.128993e+01,2.118576e+01,2.122744e+01,2.117186e+01,2.146332e+01,2.146332e+01,2.140094e+01,2.138013e+01,2.128299e+01,2.135933e+01,2.129688e+01,2.131770e+01,2.128993e+01,2.144946e+01
2.175395e+01,2.169866e+01,2.166409e+01,2.176086e+01,2.173322e+01,2.187825e+01,2.171248e+01,2.167100e+01,2.169175e+01,2.170557e+01,2.176777e+01,2.174013e+01,2.163642e+01,2.162950e+01,2.167100e+01,2.169866e+01,2.164334e+01,2.180922e+01,2.171940e+01,2.192655e+01,2.158106e+01,2.169866e+01,2.156721e+01,2.174013e+01,2.167792e+01,2.172631e+01,2.154645e+01,2.165717e+01,2.170557e+01,2.167792e+01,2.153260e+01,2.170557e+01,2.160874e+01,2.158798e+01,2.179540e+01,2.167792e+01,2.163642e+01,2.182303e+01,2.181612e+01,2.187135e+01,2.176086e+01,2.180231e+01,2.180922e+01,2.161566e+01,2.165717e+01,2.187135e+01,2.176086e+01,2.163642e+01,2.178159e+01,2.171248e+01,2.175395e+01,2.174013e+01,2.180922e+01,2.178159e+01,2.172631e+01,2.180922e+01,2.182303e+01,2.197483e+01,2.174704e+01,2.179540e+01,2.176777e+01,2.179540e+01,2.190586e+01,2.194725e+01,2.194725e+01,2.181612e+01,2.187135e+01,2.189206e+01,2.182993e+01,2.187825e+01,2.195414e+01,2.194725e+01,2.187825e+01,2.190586e+01,2.187135e+01,2.190586e+01,2.192655e+01,2.189896e+01,2.173322e+01,2.197483e+01,2.182303e+01,2.191965e+01,2.198172e+01,2.196104e+01,2.191276e+01,2.196104e+01,2.185755e+01,2.192655e+01,2.189896e+01,2.191276e+01,2.187825e+01,2.189206e+01,2.183684e+01,2.182993e+01,2.156721e+01,2.191965e+01,2.175395e+01,2.178850e+01,2.176777e+01,2.174704e+01,2.165717e+01,2.169175e+01,2.171248e+01,2.159490e+01,2.173322e+01,2.167100e+01,2.168483e+01,2.165717e+01,2.166409e+01,2.161566e+01,2.152567e+01,2.161566e+01,2.165025e+01,2.158798e+01,2.166409e+01,2.172631e+01,2.163642e+01,2.163642e+01,2.162950e+01,2.156721e+01,2.169866e+01,2.162950e+01,2.159490e+01,2.166409e+01,2.164334e+01,2.157414e+01,2.152567e+01,2.153952e+01,2.160182e+01,2.153952e+01,2.153952e+01,2.154645e+01,2.153952e+01,2.150489e+01,2.152567e+01,2.156029e+01,2.155337e+01,2.150489e+01,2.165717e+01,2.150489e+01,2.173322e+01,2.155337e+01,2.152567e+01,2.159490e+01,2.158106e+01,2.151182e+01,2.157414e+01,2.157414e+01,2.162258e+01,2.162258e+01,2.154645e+01,2.166409e+01,2.171248e+01,2.169866e+01,2.167792e+01,2.164334e+01,2.156721e+01,2.156029e+01,2.174013e+01,2.167100e+01,2.167792e+01,2.164334e+01,2.163642e+01,2.163642e+01,2.165717e+01,2.162258e+01,2.176086e+01,2.155337e+01,2.162950e+01,2.176086e+01,2.175395e+01,2.178850e+01,2.171940e+01,2.173322e+01,2.176086e+01,2.174013e+01,2.169866e+01,2.176086e+01,2.175395e+01,2.172631e+01,2.169866e+01,2.171248e+01,2.171248e+01,2.164334e+01,2.174704e+01,2.178159e+01,2.163642e+01,2.169175e+01,2.172631e+01,2.156029e+01,2.137320e+01,2.139400e+01,2.136626e+01,2.137320e+01,2.131770e+01,2.147718e+01,2.147718e+01,2.168483e+01,2.164334e+01,2.169175e+01,2.168483e+01,2.178159e+01,2.175395e+01,2.176777e+01,2.169175e+01,2.178159e+01,2.173322e+01,2.184374e+01,2.178850e+01,2.178159e+01,2.179540e+01,2.157414e+01,2.156721e+01,2.144253e+01,2.144946e+01,2.145639e+01,2.138707e+01,2.153260e+01,2.140787e+01,2.146332e+01,2.151875e+01,2.151875e+01,2.170557e+01,2.151182e+01,2.147025e+01,2.149796e+01,2.144253e+01,2.157414e+01,2.148411e+01,2.132464e+01,2.134545e+01,2.147025e+01,2.140094e+01,2.148411e+01,2.151182e+01,2.154645e+01,2.153952e+01,2.154645e+01,2.155337e+01,2.167100e+01,2.182993e+01,2.171940e+01,2.185755e+01,2.189896e+01,2.191276e+01,2.191276e+01,2.192655e+01,2.192655e+01,2.198862e+01,2.197483e+01,2.200930e+01,2.203687e+01,2.205065e+01,2.205754e+01,2.198172e+01,2.187135e+01,2.190586e+01,2.194035e+01,2.203687e+01,2.200930e+01,2.182303e+01,2.185755e+01,2.165025e+01,2.159490e+01,2.162258e+01,2.162950e+01,2.172631e+01,2.181612e+01,2.180231e+01,2.191965e+01,2.194035e+01,2.193345e+01,2.197483e+01,2.185755e+01,2.193345e+01,2.187825e+01,2.193345e+01,2.189896e+01,2.185755e+01,2.199551e+01,2.191276e+01,2.190586e+01,2.194725e+01,2.188516e+01,2.194725e+01,2.184374e+01,2.193345e+01,2.185755e+01,2.196104e+01,2.178159e+01,2.176777e+01,2.182993e+01,2.180231e+01,2.182993e+01,2.180231e+01,2.187825e+01,2.205065e+01,2.177468e+01,2.192655e+01,2.158798e+01,2.176086e+01,2.166409e+01,2.165025e+01,2.179540e+01,2.178850e+01,2.204376e+01,2.209198e+01,2.200241e+01,2.196793e+01,2.195414e+01,2.203687e+01,2.208509e+01,2.205065e+01,2.201619e+01,2.194725e+01,2.207820e+01,2.195414e+01,2.194035e+01,2.200930e+01,2.185755e+01,2.185065e+01,2.178159e+01,2.167100e+01,2.163642e+01,2.162950e+01,2.152567e+01,2.151875e+01,2.158798e+01,2.160182e+01,2.163642e+01,2.154645e+01,2.160182e+01,2.165717e+01,2.164334e+01,2.174013e+01,2.178850e+01,2.196104e+01,2.181612e+01,2.195414e+01,2.187135e+01,2.200241e+01,2.195414e+01,2.191965e+01,2.199551e+01,2.194725e+01,2.193345e+01,2.199551e+01,2.196104e+01,2.198172e+01,2.197483e+01,2.191965e+01,2.206442e+01,2.203687e+01,2.199551e+01,2.183684e+01,2.193345e+01,2.177468e+01,2.180231e+01,2.196104e+01,2.195414e+01,2.180922e+01,2.183684e+01,2.177468e+01,2.189896e+01,2.195414e+01,2.190586e+01,2.176777e+01,2.171940e+01,2.172631e+01,2.162258e+01,2.171248e+01,2.171940e+01,2.159490e+01,2.168483e+01,2.171248e+01,2.158798e+01,2.162950e+01,2.162950e+01,2.162950e+01,2.158798e+01,2.174013e+01,2.160874e+01,2.149104e+01,2.137320e+01,2.138013e+01,2.151182e+01,2.160874e+01,2.151182e+01,2.153952e+01,2.155337e+01,2.157414e+01,2.153260e+01,2.141480e+01,2.160182e+01,2.167792e+01,2.147718e+01,2.158798e+01,2.160182e+01,2.153952e+01,2.165717e+01,2.163642e+01,2.160182e+01,2.151875e+01,2.156029e+01,2.147718e+01,2.153260e+01,2.136626e+01,2.143560e+01,2.152567e+01,2.152567e+01,2.165717e+01,2.165717e+01,2.158106e+01,2.162258e+01,2.176086e+01,2.160182e+01,2.158798e+01,2.160182e+01,2.158798e+01,2.172631e+01,2.158106e+01,2.151875e+01,2.150489e+01,2.152567e+01,2.154645e+01,2.151875e+01,2.151875e+01,2.151875e+01,2.148411e+01,2.138013e+01,2.138707e+01,2.148411e+01,2.141480e+01,2.140094e+01,2.142867e+01,2.140787e+01,2.147025e+01,2.153952e+01,2.149104e+01,2.149796e+01,2.147718e+01,2.156721e+01,2.161566e+01,2.160874e+01,2.175395e+01,2.176777e+01,2.167100e+01,2.144946e+01,2.144946e+01,2.149796e+01,2.158106e+01,2.156721e+01,2.158798e+01,2.149796e+01,2.163642e+01,2.170557e+01,2.155337e+01,2.162950e+01,2.173322e+01,2.177468e+01,2.176086e+01,2.178159e+01,2.176086e+01,2.178159e+01,2.186445e+01,2.185065e+01,2.179540e+01,2.188516e+01,2.189896e+01,2.181612e+01,2.176086e+01,2.196104e+01,2.193345e+01,2.191965e+01,2.189896e+01,2.186445e+01,2.184374e+01,2.180231e+01,2.174013e+01,2.180231e+01,2.162258e+01,2.162258e+01,2.168483e+01,2.169175e+01,2.171940e+01,2.174013e+01,2.170557e+01,2.169175e+01,2.166409e+01,2.169866e+01,2.174704e+01,2.176777e+01,2.178850e+01,2.169175e+01,2.173322e+01,2.169866e+01,2.172631e+01,2.174704e+01,2.162950e+01,2.173322e+01,2.174704e+01,2.171248e+01,2.171248e+01,2.171940e+01,2.169175e+01,2.170557e+01,2.169175e+01,2.180922e+01,2.173322e+01,2.175395e+01,2.183684e+01,2.167100e+01,2.180922e+01,2.176777e+01,2.171940e+01,2.166409e+01,2.167792e+01,2.168483e+01,2.170557e+01,2.167100e+01,2.167100e+01,2.171248e+01,2.167100e+01,2.172631e+01,2.158798e+01,2.155337e+01,2.156721e+01,2.176777e+01,2.176086e+01,2.160182e+01,2.153952e+01,2.150489e+01,2.145639e+01,2.151182e+01,2.167792e+01,2.160874e+01,2.159490e+01,2.165717e+01,2.162258e+01,2.157414e+01,2.149796e+01,2.154645e+01,2.171940e+01,2.159490e+01,2.171248e+01,2.165717e+01,2.180231e+01,2.163642e+01,2.158798e+01,2.158798e+01,2.144253e+01,2.143560e+01,2.156029e+01,2.152567e+01,2.149104e+01,2.131770e+01,2.152567e+01,2.133158e+01,2.138013e+01,2.138707e+01,2.131770e+01,2.140094e+01,2.132464e+01,2.144946e+01,2.133851e+01,2.130382e+01,2.124828e+01,2.140787e+01,2.140094e+01,2.124828e+01,2.133851e+01,2.096316e+01,2.125522e+01,2.121355e+01,2.119966e+01,2.119966e+01,2.140094e+01,2.119966e+01,2.120660e+01,2.106061e+01,2.108843e+01,2.115101e+01,2.101189e+01,2.111625e+01,2.101885e+01,2.102581e+01,2.093530e+01,2.103973e+01,2.122744e+01,2.114406e+01,2.113711e+01,2.118576e+01,2.115796e+01,2.142174e+01,2.152567e+01,2.139400e+01,2.153260e+01,2.156721e+01,2.149104e+01,2.155337e+01,2.149104e+01,2.149796e+01,2.145639e+01,2.147025e+01,2.149796e+01,2.153952e+01,2.156721e+01,2.149104e+01,2.148411e+01,2.142867e+01,2.140787e+01,2.137320e+01,2.149104e+01,2.137320e+01,2.147718e+01,2.133158e+01,2.142174e+01,2.131076e+01,2.147025e+01,2.124133e+01,2.134545e+01,2.131770e+01,2.146332e+01,2.121355e+01,2.147718e+01,2.135933e+01,2.133158e+01,2.137320e+01,2.122744e+01,2.133851e+01,2.134545e+01,2.120660e+01,2.138013e+01,2.151875e+01,2.139400e+01,2.147718e+01,2.142867e+01,2.146332e+01,2.147718e+01,2.147718e+01
2.185065e+01,2.165717e+01,2.164334e+01,2.165025e+01,2.167100e+01,2.170557e+01,2.175395e+01,2.167100e+01,2.165717e+01,2.167792e+01,2.176086e+01,2.166409e+01,2.167792e+01,2.167792e+01,2.165025e+01,2.174013e+01,2.158798e+01,2.167100e+01,2.158106e+01,2.159490e+01,2.165025e+01,2.158798e+01,2.154645e+01,2.164334e+01,2.166409e+01,2.169866e+01,2.171248e+01,2.169175e+01,2.171248e+01,2.153952e+01,2.166409e+01,2.167100e+01,2.167100e+01,2.163642e+01,2.156721e+01,2.167792e+01,2.168483e+01,2.165025e+01,2.165025e+01,2.176086e+01,2.176777e+01,2.172631e+01,2.180922e+01,2.180231e+01,2.158798e+01,2.162258e+01,2.176777e+01,2.161566e+01,2.176777e+01,2.175395e+01,2.178850e+01,2.179540e+01,2.177468e+01,2.174013e+01,2.178850e+01,2.200241e+01,2.184374e+01,2.194035e+01,2.194035e+01,2.174013e+01,2.182303e+01,2.188516e+01,2.194035e+01,2.194035e+01,2.187825e+01,2.182303e+01,2.181612e+01,2.189206e+01,2.176777e+01,2.179540e+01,2.189206e+01,2.183684e+01,2.189206e+01,2.189206e+01,2.187825e+01,2.182303e+01,2.191276e+01,2.188516e+01,2.193345e+01,2.177468e+01,2.195414e+01,2.194725e+01,2.194035e+01,2.194725e+01,2.194035e+01,2.197483e+01,2.189896e+01,2.185065e+01,2.177468e+01,2.163642e+01,2.189206e+01,2.189206e+01,2.186445e+01,2.192655e+01,2.177468e+01,2.176086e+01,2.171940e+01,2.176777e+01,2.173322e+01,2.172631e+01,2.177468e+01,2.168483e+01,2.176086e+01,2.169866e+01,2.171248e+01,2.167792e+01,2.158798e+01,2.161566e+01,2.155337e+01,2.164334e+01,2.159490e+01,2.158798e+01,2.162258e+01,2.161566e+01,2.150489e+01,2.160182e+01,2.155337e+01,2.157414e+01,2.156721e+01,2.158106e+01,2.155337e+01,2.153260e+01,2.166409e+01,2.153260e+01,2.153952e+01,2.146332e+01,2.137320e+01,2.153260e+01,2.142174e+01,2.145639e+01,2.144946e+01,2.152567e+01,2.138707e+01,2.146332e+01,2.154645e+01,2.151875e+01,2.156029e+01,2.155337e+01,2.165717e+01,2.163642e+01,2.164334e+01,2.153952e+01,2.161566e+01,2.160182e+01,2.170557e+01,2.151875e+01,2.158106e+01,2.150489e+01,2.163642e+01,2.160874e+01,2.167100e+01,2.151875e+01,2.160182e+01,2.164334e+01,2.156029e+01,2.153952e+01,2.151182e+01,2.151182e+01,2.165717e+01,2.158798e+01,2.156721e+01,2.153260e+01,2.164334e+01,2.165025e+01,2.172631e+01,2.155337e+01,2.154645e+01,2.169175e+01,2.165025e+01,2.166409e+01,2.170557e+01,2.171940e+01,2.173322e+01,2.171248e+01,2.171248e+01,2.169866e+01,2.163642e+01,2.171940e+01,2.171248e+01,2.176086e+01,2.161566e+01,2.169866e+01,2.171940e+01,2.176777e+01,2.164334e+01,2.169175e+01,2.166409e+01,2.156721e+01,2.161566e+01,2.151182e+01,2.140094e+01,2.140787e+01,2.146332e+01,2.130382e+01,2.131770e+01,2.143560e+01,2.142867e+01,2.148411e+01,2.151875e+01,2.166409e+01,2.167100e+01,2.176777e+01,2.173322e+01,2.171940e+01,2.170557e+01,2.165025e+01,2.178850e+01,2.170557e+01,2.164334e+01,2.163642e+01,2.179540e+01,2.160182e+01,2.157414e+01,2.142174e+01,2.141480e+01,2.159490e+01,2.157414e+01,2.148411e+01,2.138013e+01,2.143560e+01,2.152567e+01,2.153952e+01,2.148411e+01,2.147718e+01,2.151875e+01,2.153952e+01,2.117881e+01,2.158798e+01,2.113015e+01,2.131770e+01,2.117881e+01,2.126911e+01,2.149104e+01,2.138707e+01,2.149104e+01,2.156029e+01,2.165025e+01,2.166409e+01,2.180231e+01,2.188516e+01,2.185755e+01,2.187825e+01,2.188516e+01,2.191965e+01,2.191965e+01,2.187825e+01,2.193345e+01,2.196793e+01,2.189896e+01,2.189896e+01,2.202997e+01,2.199551e+01,2.192655e+01,2.194725e+01,2.200930e+01,2.195414e+01,2.198172e+01,2.197483e+01,2.198862e+01,2.187135e+01,2.184374e+01,2.194035e+01,2.180922e+01,2.158798e+01,2.160182e+01,2.164334e+01,2.166409e+01,2.179540e+01,2.185065e+01,2.181612e+01,2.174013e+01,2.182993e+01,2.194035e+01,2.195414e+01,2.184374e+01,2.176777e+01,2.189896e+01,2.191965e+01,2.198862e+01,2.185755e+01,2.191276e+01,2.187825e+01,2.191965e+01,2.192655e+01,2.185065e+01,2.189206e+01,2.191276e+01,2.187135e+01,2.196793e+01,2.180922e+01,2.189206e+01,2.187135e+01,2.179540e+01,2.174013e+01,2.176777e+01,2.182303e+01,2.175395e+01,2.176777e+01,2.158798e+01,2.152567e+01,2.158106e+01,2.147718e+01,2.151182e+01,2.144946e+01,2.158798e+01,2.205754e+01,2.183684e+01,2.205065e+01,2.198862e+01,2.194725e+01,2.191965e+01,2.202308e+01,2.198172e+01,2.200241e+01,2.189896e+01,2.196104e+01,2.202308e+01,2.190586e+01,2.191965e+01,2.192655e+01,2.180922e+01,2.180231e+01,2.158106e+01,2.162950e+01,2.155337e+01,2.154645e+01,2.158106e+01,2.149796e+01,2.156029e+01,2.159490e+01,2.176777e+01,2.167100e+01,2.175395e+01,2.174013e+01,2.180231e+01,2.184374e+01,2.181612e+01,2.188516e+01,2.195414e+01,2.191276e+01,2.191965e+01,2.192655e+01,2.192655e+01,2.194035e+01,2.194725e+01,2.200930e+01,2.192655e+01,2.195414e+01,2.198172e+01,2.196793e+01,2.196793e+01,2.191965e+01,2.191965e+01,2.189896e+01,2.185065e+01,2.180231e+01,2.176086e+01,2.182303e+01,2.181612e+01,2.181612e+01,2.171940e+01,2.180922e+01,2.176086e+01,2.172631e+01,2.194725e+01,2.191276e+01,2.172631e+01,2.178850e+01,2.161566e+01,2.172631e+01,2.169175e+01,2.171940e+01,2.171248e+01,2.163642e+01,2.169175e+01,2.149796e+01,2.182993e+01,2.159490e+01,2.151875e+01,2.169175e+01,2.165717e+01,2.142174e+01,2.145639e+01,2.141480e+01,2.142174e+01,2.142174e+01,2.152567e+01,2.159490e+01,2.155337e+01,2.153952e+01,2.154645e+01,2.155337e+01,2.149104e+01,2.162950e+01,2.156721e+01,2.161566e+01,2.143560e+01,2.147718e+01,2.166409e+01,2.162258e+01,2.172631e+01,2.156029e+01,2.156029e+01,2.151875e+01,2.160182e+01,2.142867e+01,2.146332e+01,2.154645e+01,2.160182e+01,2.151182e+01,2.162258e+01,2.171248e+01,2.167792e+01,2.160182e+01,2.157414e+01,2.158106e+01,2.154645e+01,2.170557e+01,2.159490e+01,2.157414e+01,2.155337e+01,2.165025e+01,2.148411e+01,2.153260e+01,2.147718e+01,2.144946e+01,2.151182e+01,2.148411e+01,2.138013e+01,2.135933e+01,2.138013e+01,2.138707e+01,2.137320e+01,2.138013e+01,2.151182e+01,2.136626e+01,2.139400e+01,2.139400e+01,2.144253e+01,2.144946e+01,2.140787e+01,2.156029e+01,2.158798e+01,2.168483e+01,2.163642e+01,2.176086e+01,2.165025e+01,2.147718e+01,2.147025e+01,2.144253e+01,2.147718e+01,2.155337e+01,2.151875e+01,2.147025e+01,2.165025e+01,2.158798e+01,2.165717e+01,2.162950e+01,2.164334e+01,2.174013e+01,2.176777e+01,2.165717e+01,2.176086e+01,2.178159e+01,2.180922e+01,2.173322e+01,2.171940e+01,2.185065e+01,2.176086e+01,2.182303e+01,2.177468e+01,2.179540e+01,2.176777e+01,2.190586e+01,2.173322e+01,2.170557e+01,2.178850e+01,2.173322e+01,2.158106e+01,2.166409e+01,2.160874e+01,2.164334e+01,2.167792e+01,2.173322e+01,2.159490e+01,2.169175e+01,2.176086e+01,2.166409e+01,2.165025e+01,2.172631e+01,2.171940e+01,2.171940e+01,2.180922e+01,2.163642e+01,2.174013e+01,2.173322e+01,2.174013e+01,2.172631e+01,2.167792e+01,2.175395e+01,2.165025e+01,2.171940e+01,2.167792e+01,2.181612e+01,2.171940e+01,2.175395e+01,2.182993e+01,2.168483e+01,2.176086e+01,2.184374e+01,2.178159e+01,2.171248e+01,2.177468e+01,2.166409e+01,2.171248e+01,2.171248e+01,2.171940e+01,2.170557e+01,2.180231e+01,2.165717e+01,2.168483e+01,2.176086e+01,2.174704e+01,2.164334e+01,2.154645e+01,2.158798e+01,2.149104e+01,2.148411e+01,2.151875e+01,2.154645e+01,2.155337e+01,2.144253e+01,2.160182e+01,2.159490e+01,2.160182e+01,2.144253e+01,2.169175e+01,2.165025e+01,2.160874e+01,2.154645e+01,2.164334e+01,2.167100e+01,2.137320e+01,2.151875e+01,2.165025e+01,2.158798e+01,2.167100e+01,2.164334e+01,2.161566e+01,2.143560e+01,2.151182e+01,2.153260e+01,2.151875e+01,2.153952e+01,2.147025e+01,2.148411e+01,2.133851e+01,2.133158e+01,2.135239e+01,2.135239e+01,2.137320e+01,2.127605e+01,2.128299e+01,2.127605e+01,2.130382e+01,2.128993e+01,2.123439e+01,2.125522e+01,2.121355e+01,2.119271e+01,2.125522e+01,2.123439e+01,2.117881e+01,2.119271e+01,2.108148e+01,2.112320e+01,2.120660e+01,2.117881e+01,2.112320e+01,2.112320e+01,2.115796e+01,2.094226e+01,2.101189e+01,2.101885e+01,2.101885e+01,2.112320e+01,2.102581e+01,2.107452e+01,2.103973e+01,2.101189e+01,2.108148e+01,2.128299e+01,2.154645e+01,2.142867e+01,2.141480e+01,2.142867e+01,2.153260e+01,2.138707e+01,2.148411e+01,2.150489e+01,2.149796e+01,2.147025e+01,2.145639e+01,2.141480e+01,2.147718e+01,2.136626e+01,2.147718e+01,2.149796e+01,2.137320e+01,2.160182e+01,2.135239e+01,2.135933e+01,2.147718e+01,2.127605e+01,2.145639e+01,2.146332e+01,2.131770e+01,2.129688e+01,2.135933e+01,2.135239e+01,2.144946e+01,2.133158e+01,2.121355e+01,2.122050e+01,2.128993e+01,2.123439e+01,2.122744e+01,2.131076e+01,2.131770e+01,2.136626e+01,2.131770e+01,2.132464e+01,2.128993e+01,2.132464e+01,2.152567e+01,2.138013e+01,2.130382e+01,2.137320e+01,2.126217e+01,2.119966e+01
2.186445e+01,2.162258e+01,2.167792e+01,2.162258e+01,2.168483e+01,2.173322e+01,2.170557e+01,2.164334e+01,2.161566e+01,2.170557e+01,2.167100e+01,2.155337e+01,2.160182e+01,2.163642e+01,2.165025e+01,2.161566e+01,2.153952e+01,2.171248e+01,2.162258e+01,2.176777e+01,2.170557e+01,2.176777e+01,2.174704e+01,2.162950e+01,2.160182e+01,2.124828e+01,2.175395e+01,2.176086e+01,2.149104e+01,2.166409e+01,2.149796e+01,2.169175e+01,2.158798e+01,2.171248e+01,2.174013e+01,2.171248e+01,2.160874e+01,2.165717e+01,2.169175e+01,2.162258e+01,2.171248e+01,2.169866e+01,2.184374e+01,2.174013e+01,2.172631e+01,2.163642e+01,2.176086e+01,2.175395e+01,2.178159e+01,2.174013e+01,2.176777e+01,2.178850e+01,2.180922e+01,2.172631e+01,2.180231e+01,2.182993e+01,2.180922e+01,2.178159e+01,2.186445e+01,2.177468e+01,2.184374e+01,2.180922e+01,2.177468e+01,2.180922e+01,2.193345e+01,2.189896e+01,2.187825e+01,2.190586e+01,2.188516e+01,2.190586e+01,2.189896e+01,2.183684e+01,2.175395e+01,2.173322e+01,2.188516e+01,2.180231e+01,2.189896e+01,2.180922e+01,2.193345e+01,2.193345e+01,2.179540e+01,2.192655e+01,2.200930e+01,2.185065e+01,2.171248e+01,2.199551e+01,2.202997e+01,2.177468e+01,2.191965e+01,2.189206e+01,2.188516e+01,2.198172e+01,2.187135e+01,2.190586e+01,2.158798e+01,2.190586e+01,2.182303e+01,2.176777e+01,2.167100e+01,2.169175e+01,2.168483e+01,2.171940e+01,2.167100e+01,2.178159e+01,2.164334e+01,2.159490e+01,2.161566e+01,2.163642e+01,2.174704e+01,2.158798e+01,2.165025e+01,2.158798e+01,2.163642e+01,2.159490e+01,2.158798e+01,2.160182e+01,2.156721e+01,2.163642e+01,2.154645e+01,2.159490e+01,2.165025e+01,2.157414e+01,2.144946e+01,2.149104e+01,2.153260e+01,2.151875e+01,2.153260e+01,2.145639e+01,2.146332e+01,2.146332e+01,2.156721e+01,2.156029e+01,2.153952e+01,2.155337e+01,2.155337e+01,2.151182e+01,2.159490e+01,2.151875e+01,2.176777e+01,2.160182e+01,2.163642e+01,2.158106e+01,2.151182e+01,2.165025e+01,2.160874e+01,2.157414e+01,2.149104e+01,2.160182e+01,2.163642e+01,2.153952e+01,2.162258e+01,2.162258e+01,2.165717e+01,2.164334e+01,2.157414e+01,2.156029e+01,2.155337e+01,2.161566e+01,2.153952e+01,2.157414e+01,2.165025e+01,2.157414e+01,2.163642e+01,2.167100e+01,2.167100e+01,2.156029e+01,2.159490e+01,2.163642e+01,2.161566e+01,2.189206e+01,2.169866e+01,2.172631e+01,2.171940e+01,2.171248e+01,2.171248e+01,2.171940e+01,2.173322e+01,2.171248e+01,2.176777e+01,2.169866e+01,2.174013e+01,2.165717e+01,2.167792e+01,2.174013e+01,2.168483e+01,2.163642e+01,2.162258e+01,2.160874e+01,2.153260e+01,2.154645e+01,2.138013e+01,2.151875e+01,2.135239e+01,2.131076e+01,2.140094e+01,2.138707e+01,2.153260e+01,2.133851e+01,2.140094e+01,2.143560e+01,2.162950e+01,2.172631e+01,2.175395e+01,2.165717e+01,2.171940e+01,2.174704e+01,2.172631e+01,2.169866e+01,2.169175e+01,2.177468e+01,2.165717e+01,2.159490e+01,2.146332e+01,2.158798e+01,2.145639e+01,2.160874e+01,2.146332e+01,2.154645e+01,2.145639e+01,2.162258e+01,2.150489e+01,2.138013e+01,2.153952e+01,2.139400e+01,2.139400e+01,2.131770e+01,2.141480e+01,2.135239e+01,2.134545e+01,2.131076e+01,2.133158e+01,2.124133e+01,2.123439e+01,2.139400e+01,2.145639e+01,2.156721e+01,2.163642e+01,2.180231e+01,2.186445e+01,2.178850e+01,2.206442e+01,2.189896e+01,2.191276e+01,2.189896e+01,2.191276e+01,2.206442e+01,2.216082e+01,2.209198e+01,2.197483e+01,2.206442e+01,2.191276e+01,2.205754e+01,2.206442e+01,2.200241e+01,2.197483e+01,2.204376e+01,2.196104e+01,2.201619e+01,2.198862e+01,2.185065e+01,2.211263e+01,2.185065e+01,2.185065e+01,2.162950e+01,2.162258e+01,2.156721e+01,2.169175e+01,2.167792e+01,2.184374e+01,2.181612e+01,2.177468e+01,2.180231e+01,2.183684e+01,2.190586e+01,2.196104e+01,2.181612e+01,2.185065e+01,2.194725e+01,2.187825e+01,2.189896e+01,2.195414e+01,2.194725e+01,2.196104e+01,2.182303e+01,2.190586e+01,2.191276e+01,2.182303e+01,2.180922e+01,2.187135e+01,2.193345e+01,2.191965e+01,2.196104e+01,2.176086e+01,2.183684e+01,2.182993e+01,2.165025e+01,2.167100e+01,2.175395e+01,2.158106e+01,2.149796e+01,2.147025e+01,2.146332e+01,2.150489e+01,2.156029e+01,2.178850e+01,2.207131e+01,2.194035e+01,2.201619e+01,2.205065e+01,2.195414e+01,2.193345e+01,2.192655e+01,2.207820e+01,2.198172e+01,2.198172e+01,2.196793e+01,2.196104e+01,2.192655e+01,2.189206e+01,2.172631e+01,2.187135e+01,2.182303e+01,2.174704e+01,2.158106e+01,2.157414e+01,2.158106e+01,2.159490e+01,2.157414e+01,2.156721e+01,2.177468e+01,2.168483e+01,2.161566e+01,2.164334e+01,2.171940e+01,2.165025e+01,2.182303e+01,2.183684e+01,2.193345e+01,2.190586e+01,2.194725e+01,2.195414e+01,2.194035e+01,2.192655e+01,2.187135e+01,2.196793e+01,2.201619e+01,2.194035e+01,2.205065e+01,2.196793e+01,2.200241e+01,2.195414e+01,2.194725e+01,2.191276e+01,2.191965e+01,2.203687e+01,2.179540e+01,2.190586e+01,2.189206e+01,2.181612e+01,2.191276e+01,2.180231e+01,2.163642e+01,2.170557e+01,2.174013e+01,2.191276e+01,2.192655e+01,2.171248e+01,2.167100e+01,2.168483e+01,2.170557e+01,2.169866e+01,2.171940e+01,2.177468e+01,2.165717e+01,2.171940e+01,2.165025e+01,2.162258e+01,2.166409e+01,2.153952e+01,2.147718e+01,2.150489e+01,2.149104e+01,2.145639e+01,2.137320e+01,2.134545e+01,2.151182e+01,2.150489e+01,2.162258e+01,2.160874e+01,2.158106e+01,2.165717e+01,2.155337e+01,2.149104e+01,2.159490e+01,2.162258e+01,2.163642e+01,2.151182e+01,2.154645e+01,2.160182e+01,2.163642e+01,2.171248e+01,2.164334e+01,2.165025e+01,2.149796e+01,2.163642e+01,2.157414e+01,2.154645e+01,2.153952e+01,2.165717e+01,2.165717e+01,2.158798e+01,2.169866e+01,2.165717e+01,2.167100e+01,2.169866e+01,2.159490e+01,2.164334e+01,2.161566e+01,2.159490e+01,2.156721e+01,2.156029e+01,2.153952e+01,2.149796e+01,2.150489e+01,2.144253e+01,2.152567e+01,2.142174e+01,2.153260e+01,2.144946e+01,2.151875e+01,2.146332e+01,2.141480e+01,2.140094e+01,2.145639e+01,2.133158e+01,2.138013e+01,2.134545e+01,2.135933e+01,2.144253e+01,2.144253e+01,2.158798e+01,2.158798e+01,2.156721e+01,2.169175e+01,2.175395e+01,2.153260e+01,2.162950e+01,2.162258e+01,2.156029e+01,2.144946e+01,2.147025e+01,2.144253e+01,2.155337e+01,2.145639e+01,2.160182e+01,2.162258e+01,2.164334e+01,2.163642e+01,2.162950e+01,2.164334e+01,2.166409e+01,2.183684e+01,2.175395e+01,2.180922e+01,2.180922e+01,2.173322e+01,2.184374e+01,2.170557e+01,2.179540e+01,2.189896e+01,2.187825e+01,2.186445e+01,2.169866e+01,2.167792e+01,2.179540e+01,2.173322e+01,2.170557e+01,2.165717e+01,2.168483e+01,2.171248e+01,2.169866e+01,2.162258e+01,2.169866e+01,2.169866e+01,2.163642e+01,2.169175e+01,2.166409e+01,2.169866e+01,2.169866e+01,2.175395e+01,2.168483e+01,2.162950e+01,2.175395e+01,2.162950e+01,2.167100e+01,2.171940e+01,2.169866e+01,2.176777e+01,2.168483e+01,2.169866e+01,2.169866e+01,2.171940e+01,2.178159e+01,2.168483e+01,2.185755e+01,2.175395e+01,2.171940e+01,2.178850e+01,2.167792e+01,2.180922e+01,2.182993e+01,2.168483e+01,2.172631e+01,2.169866e+01,2.169866e+01,2.170557e+01,2.171940e+01,2.171940e+01,2.167100e+01,2.174704e+01,2.166409e+01,2.169175e+01,2.170557e+01,2.160182e+01,2.160182e+01,2.159490e+01,2.140094e+01,2.161566e+01,2.158106e+01,2.146332e+01,2.157414e+01,2.157414e+01,2.156721e+01,2.146332e+01,2.171940e+01,2.156029e+01,2.151875e+01,2.157414e+01,2.157414e+01,2.163642e+01,2.147025e+01,2.162950e+01,2.148411e+01,2.154645e+01,2.165025e+01,2.139400e+01,2.164334e+01,2.131076e+01,2.161566e+01,2.161566e+01,2.158798e+01,2.156721e+01,2.153952e+01,2.153952e+01,2.136626e+01,2.149104e+01,2.134545e+01,2.138013e+01,2.134545e+01,2.135239e+01,2.135933e+01,2.138013e+01,2.128993e+01,2.131770e+01,2.128993e+01,2.124133e+01,2.124828e+01,2.117881e+01,2.122744e+01,2.122744e+01,2.121355e+01,2.115796e+01,2.126217e+01,2.115101e+01,2.111625e+01,2.115796e+01,2.099101e+01,2.116491e+01,2.112320e+01,2.115101e+01,2.105365e+01,2.106061e+01,2.097012e+01,2.096316e+01,2.099797e+01,2.095619e+01,2.102581e+01,2.100493e+01,2.110234e+01,2.140787e+01,2.143560e+01,2.126911e+01,2.143560e+01,2.135239e+01,2.142867e+01,2.144946e+01,2.149104e+01,2.151182e+01,2.136626e+01,2.152567e+01,2.151182e+01,2.151875e+01,2.144946e+01,2.147025e+01,2.153260e+01,2.148411e+01,2.147025e+01,2.147718e+01,2.137320e+01,2.135933e+01,2.131770e+01,2.136626e+01,2.130382e+01,2.140094e+01,2.144253e+01,2.135933e+01,2.131770e+01,2.130382e+01,2.146332e+01,2.124828e+01,2.135933e+01,2.148411e+01,2.126911e+01,2.136626e+01,2.129688e+01,2.109539e+01,2.134545e+01,2.125522e+01,2.133851e+01,2.133158e+01,2.131076e+01,2.132464e+01,2.138707e+01,2.138707e+01,2.137320e+01,2.143560e+01,2.153952e+01,2.146332e+01,2.146332e+01,2.112320e+01
2.173322e+01,2.162258e+01,2.169866e+01,2.165717e+01,2.166409e+01,2.181612e+01,2.169866e+01,2.171248e+01,2.175395e+01,2.168483e+01,2.167100e+01,2.165717e+01,2.162258e+01,2.161566e+01,2.164334e+01,2.167100e+01,2.171940e+01,2.166409e+01,2.171940e+01,2.157414e+01,2.167792e+01,2.159490e+01,2.156721e+01,2.161566e+01,2.165717e+01,2.165717e+01,2.161566e+01,2.165025e+01,2.153952e+01,2.159490e+01,2.162258e+01,2.150489e+01,2.168483e+01,2.162950e+01,2.170557e+01,2.167792e+01,2.165717e+01,2.177468e+01,2.170557e+01,2.169175e+01,2.174704e+01,2.153952e+01,2.160182e+01,2.176086e+01,2.168483e+01,2.164334e+01,2.167792e+01,2.171940e+01,2.167100e+01,2.172631e+01,2.165717e+01,2.182993e+01,2.169175e+01,2.178850e+01,2.176086e+01,2.175395e+01,2.178159e+01,2.176086e+01,2.178850e+01,2.181612e+01,2.187135e+01,2.181612e+01,2.181612e+01,2.172631e+01,2.177468e+01,2.191965e+01,2.194035e+01,2.176777e+01,2.189206e+01,2.191965e+01,2.176777e+01,2.188516e+01,2.178159e+01,2.174013e+01,2.184374e+01,2.179540e+01,2.182993e+01,2.184374e+01,2.191965e+01,2.193345e+01,2.187825e+01,2.180922e+01,2.187825e+01,2.191965e+01,2.195414e+01,2.176086e+01,2.197483e+01,2.197483e+01,2.180922e+01,2.172631e+01,2.191965e+01,2.187825e+01,2.181612e+01,2.186445e+01,2.172631e+01,2.165717e+01,2.171248e+01,2.185065e+01,2.170557e+01,2.171940e+01,2.165025e+01,2.137320e+01,2.164334e+01,2.165717e+01,2.169175e+01,2.160182e+01,2.162258e+01,2.161566e+01,2.161566e+01,2.153260e+01,2.158106e+01,2.152567e+01,2.161566e+01,2.162258e+01,2.149104e+01,2.160182e+01,2.151182e+01,2.156721e+01,2.158798e+01,2.151875e+01,2.142174e+01,2.153952e+01,2.130382e+01,2.147025e+01,2.160182e+01,2.140787e+01,2.149796e+01,2.144946e+01,2.147025e+01,2.145639e+01,2.152567e+01,2.152567e+01,2.151875e+01,2.151182e+01,2.153952e+01,2.157414e+01,2.160182e+01,2.160874e+01,2.153952e+01,2.162950e+01,2.171248e+01,2.156029e+01,2.162950e+01,2.157414e+01,2.164334e+01,2.157414e+01,2.160874e+01,2.162950e+01,2.164334e+01,2.164334e+01,2.156029e+01,2.156721e+01,2.166409e+01,2.167792e+01,2.152567e+01,2.160182e+01,2.156721e+01,2.164334e+01,2.158798e+01,2.156721e+01,2.153260e+01,2.155337e+01,2.158798e+01,2.165025e+01,2.155337e+01,2.167100e+01,2.154645e+01,2.156721e+01,2.161566e+01,2.168483e+01,2.166409e+01,2.166409e+01,2.176777e+01,2.172631e+01,2.171248e+01,2.176777e+01,2.171248e+01,2.165025e+01,2.175395e+01,2.170557e+01,2.168483e+01,2.169175e+01,2.171940e+01,2.172631e+01,2.155337e+01,2.158106e+01,2.162950e+01,2.153260e+01,2.153260e+01,2.151182e+01,2.147025e+01,2.144946e+01,2.138013e+01,2.127605e+01,2.138013e+01,2.131076e+01,2.147718e+01,2.127605e+01,2.127605e+01,2.144946e+01,2.145639e+01,2.167792e+01,2.172631e+01,2.174013e+01,2.171940e+01,2.176777e+01,2.170557e+01,2.178850e+01,2.167100e+01,2.174704e+01,2.158106e+01,2.158798e+01,2.160182e+01,2.164334e+01,2.159490e+01,2.156721e+01,2.148411e+01,2.147718e+01,2.149796e+01,2.152567e+01,2.140787e+01,2.128299e+01,2.154645e+01,2.142867e+01,2.140787e+01,2.118576e+01,2.111625e+01,2.125522e+01,2.122050e+01,2.119271e+01,2.131770e+01,2.133158e+01,2.149796e+01,2.149104e+01,2.170557e+01,2.189896e+01,2.189896e+01,2.187825e+01,2.191965e+01,2.197483e+01,2.183684e+01,2.188516e+01,2.195414e+01,2.200241e+01,2.196104e+01,2.193345e+01,2.196793e+01,2.207131e+01,2.202997e+01,2.206442e+01,2.209198e+01,2.196793e+01,2.202308e+01,2.201619e+01,2.200241e+01,2.198862e+01,2.200241e+01,2.200930e+01,2.200241e+01,2.205754e+01,2.187135e+01,2.196793e+01,2.197483e+01,2.160874e+01,2.162950e+01,2.163642e+01,2.175395e+01,2.167100e+01,2.167792e+01,2.189206e+01,2.198862e+01,2.187825e+01,2.180231e+01,2.182303e+01,2.178159e+01,2.191965e+01,2.188516e+01,2.183684e+01,2.194035e+01,2.194725e+01,2.189206e+01,2.191276e+01,2.192655e+01,2.189206e+01,2.183684e+01,2.184374e+01,2.180922e+01,2.179540e+01,2.185065e+01,2.182303e+01,2.179540e+01,2.173322e+01,2.170557e+01,2.187135e+01,2.166409e+01,2.165717e+01,2.159490e+01,2.157414e+01,2.153260e+01,2.154645e+01,2.153260e+01,2.153952e+01,2.155337e+01,2.159490e+01,2.185065e+01,2.198862e+01,2.202997e+01,2.206442e+01,2.202997e+01,2.190586e+01,2.198172e+01,2.190586e+01,2.196793e+01,2.208509e+01,2.198862e+01,2.200241e+01,2.187825e+01,2.191276e+01,2.190586e+01,2.189206e+01,2.179540e+01,2.182303e+01,2.175395e+01,2.165025e+01,2.156721e+01,2.158106e+01,2.158106e+01,2.159490e+01,2.171940e+01,2.165025e+01,2.156721e+01,2.180922e+01,2.180922e+01,2.176777e+01,2.182993e+01,2.193345e+01,2.185755e+01,2.184374e+01,2.188516e+01,2.191276e+01,2.197483e+01,2.187135e+01,2.191965e+01,2.195414e+01,2.205065e+01,2.207131e+01,2.196104e+01,2.204376e+01,2.190586e+01,2.194725e+01,2.194035e+01,2.191965e+01,2.191276e+01,2.193345e+01,2.200241e+01,2.180922e+01,2.185755e+01,2.189206e+01,2.178850e+01,2.170557e+01,2.184374e+01,2.165717e+01,2.169175e+01,2.171940e+01,2.191276e+01,2.191965e+01,2.170557e+01,2.170557e+01,2.186445e+01,2.174013e+01,2.169175e+01,2.160874e+01,2.168483e+01,2.169866e+01,2.169175e+01,2.165717e+01,2.167100e+01,2.162950e+01,2.153952e+01,2.156721e+01,2.147025e+01,2.142867e+01,2.135239e+01,2.134545e+01,2.135933e+01,2.156029e+01,2.162258e+01,2.149104e+01,2.165025e+01,2.162950e+01,2.151875e+01,2.165025e+01,2.151875e+01,2.161566e+01,2.162950e+01,2.156721e+01,2.174704e+01,2.170557e+01,2.162950e+01,2.172631e+01,2.172631e+01,2.170557e+01,2.162950e+01,2.160874e+01,2.156029e+01,2.154645e+01,2.138013e+01,2.161566e+01,2.166409e+01,2.158106e+01,2.167100e+01,2.164334e+01,2.169175e+01,2.155337e+01,2.162258e+01,2.165025e+01,2.154645e+01,2.162258e+01,2.153952e+01,2.154645e+01,2.153260e+01,2.150489e+01,2.152567e+01,2.149796e+01,2.154645e+01,2.156029e+01,2.150489e+01,2.155337e+01,2.149796e+01,2.151182e+01,2.149796e+01,2.142174e+01,2.140094e+01,2.139400e+01,2.134545e+01,2.124828e+01,2.136626e+01,2.147025e+01,2.152567e+01,2.142174e+01,2.144253e+01,2.164334e+01,2.167792e+01,2.172631e+01,2.172631e+01,2.171248e+01,2.166409e+01,2.144253e+01,2.151875e+01,2.144253e+01,2.139400e+01,2.158798e+01,2.137320e+01,2.152567e+01,2.164334e+01,2.156721e+01,2.157414e+01,2.163642e+01,2.162258e+01,2.161566e+01,2.164334e+01,2.171940e+01,2.167100e+01,2.172631e+01,2.182993e+01,2.171940e+01,2.172631e+01,2.178159e+01,2.168483e+01,2.177468e+01,2.169175e+01,2.177468e+01,2.171940e+01,2.168483e+01,2.169175e+01,2.186445e+01,2.171940e+01,2.167792e+01,2.162950e+01,2.165717e+01,2.160874e+01,2.164334e+01,2.173322e+01,2.161566e+01,2.174704e+01,2.174704e+01,2.176777e+01,2.169866e+01,2.177468e+01,2.176086e+01,2.169866e+01,2.180231e+01,2.176086e+01,2.172631e+01,2.172631e+01,2.169866e+01,2.171248e+01,2.177468e+01,2.160182e+01,2.173322e+01,2.160874e+01,2.170557e+01,2.171248e+01,2.169175e+01,2.169866e+01,2.184374e+01,2.178850e+01,2.184374e+01,2.181612e+01,2.167792e+01,2.182993e+01,2.174013e+01,2.178850e+01,2.158106e+01,2.167792e+01,2.165025e+01,2.170557e+01,2.160874e+01,2.167100e+01,2.150489e+01,2.175395e+01,2.165025e+01,2.178159e+01,2.177468e+01,2.144253e+01,2.167100e+01,2.160874e+01,2.153952e+01,2.160874e+01,2.151182e+01,2.151182e+01,2.144946e+01,2.158106e+01,2.156029e+01,2.146332e+01,2.158798e+01,2.155337e+01,2.157414e+01,2.163642e+01,2.143560e+01,2.146332e+01,2.154645e+01,2.157414e+01,2.150489e+01,2.143560e+01,2.140787e+01,2.149796e+01,2.161566e+01,2.156029e+01,2.158106e+01,2.160874e+01,2.155337e+01,2.135239e+01,2.152567e+01,2.167792e+01,2.137320e+01,2.138013e+01,2.140094e+01,2.133851e+01,2.126911e+01,2.126911e+01,2.126911e+01,2.125522e+01,2.133851e+01,2.129688e+01,2.124828e+01,2.122744e+01,2.140787e+01,2.124133e+01,2.125522e+01,2.124133e+01,2.126217e+01,2.117186e+01,2.115101e+01,2.114406e+01,2.122050e+01,2.111625e+01,2.102581e+01,2.112320e+01,2.101189e+01,2.089350e+01,2.108843e+01,2.088653e+01,2.105365e+01,2.098405e+01,2.111625e+01,2.127605e+01,2.122050e+01,2.137320e+01,2.146332e+01,2.124133e+01,2.145639e+01,2.150489e+01,2.149104e+01,2.151875e+01,2.149104e+01,2.150489e+01,2.145639e+01,2.148411e+01,2.146332e+01,2.147025e+01,2.154645e+01,2.144253e+01,2.139400e+01,2.140094e+01,2.140787e+01,2.144946e+01,2.149104e+01,2.154645e+01,2.133158e+01,2.153260e+01,2.141480e+01,2.124828e+01,2.131076e+01,2.127605e+01,2.128299e+01,2.133158e+01,2.126911e+01,2.135239e+01,2.138707e+01,2.127605e+01,2.134545e+01,2.140094e+01,2.126217e+01,2.147718e+01,2.144253e+01,2.131770e+01,2.133851e+01,2.148411e+01,2.132464e+01,2.134545e+01,2.133851e+01,2.131770e+01,2.142867e+01,2.156029e+01,2.151875e+01,2.152567e+01,2.139400e+01,2.135933e+01,2.131770e+01
2.169175e+01,2.171940e+01,2.162258e+01,2.165717e+01,2.165025e+01,2.180231e+01,2.166409e+01,2.162258e+01,2.166409e+01,2.176777e+01,2.173322e+01,2.166409e+01,2.158106e+01,2.160182e+01,2.165717e+01,2.167792e+01,2.166409e+01,2.170557e+01,2.157414e+01,2.171248e+01,2.160874e+01,2.158798e+01,2.171248e+01,2.156721e+01,2.158798e+01,2.158106e+01,2.158798e+01,2.180231e+01,2.159490e+01,2.161566e+01,2.151182e+01,2.162258e+01,2.160182e+01,2.165717e+01,2.169175e+01,2.176777e+01,2.167100e+01,2.179540e+01,2.178159e+01,2.167100e+01,2.158798e+01,2.174704e+01,2.164334e+01,2.176777e+01,2.175395e+01,2.176086e+01,2.168483e+01,2.177468e+01,2.176086e+01,2.162950e+01,2.180231e+01,2.177468e+01,2.179540e+01,2.180922e+01,2.177468e+01,2.178850e+01,2.166409e+01,2.182993e+01,2.174013e+01,2.178850e+01,2.175395e+01,2.182303e+01,2.187825e+01,2.190586e+01,2.178850e+01,2.175395e+01,2.190586e+01,2.189896e+01,2.180231e+01,2.186445e+01,2.189896e+01,2.186445e+01,2.191276e+01,2.179540e+01,2.179540e+01,2.191276e+01,2.182303e+01,2.180231e+01,2.194035e+01,2.191965e+01,2.171248e+01,2.186445e+01,2.199551e+01,2.190586e+01,2.196793e+01,2.180922e+01,2.195414e+01,2.176777e+01,2.179540e+01,2.189896e+01,2.182993e+01,2.173322e+01,2.186445e+01,2.187135e+01,2.166409e+01,2.169175e+01,2.170557e+01,2.170557e+01,2.180231e+01,2.165717e+01,2.161566e+01,2.167100e+01,2.158798e+01,2.167792e+01,2.166409e+01,2.160874e+01,2.164334e+01,2.142174e+01,2.162258e+01,2.160874e+01,2.163642e+01,2.160182e+01,2.158798e+01,2.158106e+01,2.158798e+01,2.150489e+01,2.154645e+01,2.154645e+01,2.147025e+01,2.147718e+01,2.131076e+01,2.153260e+01,2.143560e+01,2.154645e+01,2.145639e+01,2.158106e+01,2.146332e+01,2.152567e+01,2.151875e+01,2.151182e+01,2.151875e+01,2.166409e+01,2.153260e+01,2.154645e+01,2.151182e+01,2.158106e+01,2.149796e+01,2.165717e+01,2.153260e+01,2.156721e+01,2.161566e+01,2.159490e+01,2.162950e+01,2.167100e+01,2.165717e+01,2.160874e+01,2.160182e+01,2.162258e+01,2.159490e+01,2.166409e+01,2.155337e+01,2.171248e+01,2.154645e+01,2.165025e+01,2.167100e+01,2.159490e+01,2.164334e+01,2.165717e+01,2.152567e+01,2.160182e+01,2.160874e+01,2.151875e+01,2.168483e+01,2.165025e+01,2.162258e+01,2.164334e+01,2.155337e+01,2.160182e+01,2.169175e+01,2.163642e+01,2.163642e+01,2.165717e+01,2.165717e+01,2.167792e+01,2.173322e+01,2.181612e+01,2.162258e+01,2.166409e+01,2.168483e+01,2.159490e+01,2.163642e+01,2.157414e+01,2.169175e+01,2.162950e+01,2.158106e+01,2.158798e+01,2.156721e+01,2.155337e+01,2.142174e+01,2.156721e+01,2.152567e+01,2.144946e+01,2.146332e+01,2.147718e+01,2.137320e+01,2.130382e+01,2.139400e+01,2.132464e+01,2.143560e+01,2.131770e+01,2.138013e+01,2.146332e+01,2.166409e+01,2.169175e+01,2.171940e+01,2.174704e+01,2.175395e+01,2.171248e+01,2.155337e+01,2.154645e+01,2.158106e+01,2.147718e+01,2.150489e+01,2.160182e+01,2.160874e+01,2.169866e+01,2.160874e+01,2.183684e+01,2.162258e+01,2.168483e+01,2.159490e+01,2.140787e+01,2.154645e+01,2.132464e+01,2.137320e+01,2.130382e+01,2.128299e+01,2.126217e+01,2.132464e+01,2.124828e+01,2.133851e+01,2.139400e+01,2.147718e+01,2.171940e+01,2.185065e+01,2.183684e+01,2.190586e+01,2.188516e+01,2.196793e+01,2.194035e+01,2.192655e+01,2.196793e+01,2.192655e+01,2.195414e+01,2.193345e+01,2.196793e+01,2.190586e+01,2.203687e+01,2.207820e+01,2.200930e+01,2.203687e+01,2.201619e+01,2.199551e+01,2.204376e+01,2.201619e+01,2.205754e+01,2.196793e+01,2.205754e+01,2.199551e+01,2.192655e+01,2.198862e+01,2.196793e+01,2.182993e+01,2.195414e+01,2.162258e+01,2.168483e+01,2.151875e+01,2.171248e+01,2.165717e+01,2.165025e+01,2.185065e+01,2.184374e+01,2.176777e+01,2.178850e+01,2.181612e+01,2.180922e+01,2.184374e+01,2.180922e+01,2.185755e+01,2.178850e+01,2.191276e+01,2.175395e+01,2.189896e+01,2.181612e+01,2.180231e+01,2.191276e+01,2.193345e+01,2.183684e+01,2.178159e+01,2.173322e+01,2.167100e+01,2.168483e+01,2.173322e+01,2.175395e+01,2.179540e+01,2.176086e+01,2.169175e+01,2.156029e+01,2.162950e+01,2.150489e+01,2.154645e+01,2.153952e+01,2.167792e+01,2.175395e+01,2.199551e+01,2.202997e+01,2.204376e+01,2.200930e+01,2.195414e+01,2.179540e+01,2.193345e+01,2.196104e+01,2.193345e+01,2.194035e+01,2.202308e+01,2.193345e+01,2.186445e+01,2.189896e+01,2.189896e+01,2.187135e+01,2.184374e+01,2.169866e+01,2.153952e+01,2.165025e+01,2.160182e+01,2.159490e+01,2.164334e+01,2.161566e+01,2.160874e+01,2.182993e+01,2.180922e+01,2.180922e+01,2.172631e+01,2.181612e+01,2.180922e+01,2.187135e+01,2.189206e+01,2.184374e+01,2.192655e+01,2.187825e+01,2.196793e+01,2.185065e+01,2.193345e+01,2.194035e+01,2.194035e+01,2.195414e+01,2.193345e+01,2.193345e+01,2.191276e+01,2.196104e+01,2.195414e+01,2.196793e+01,2.190586e+01,2.203687e+01,2.197483e+01,2.182993e+01,2.187135e+01,2.189206e+01,2.187135e+01,2.187135e+01,2.171248e+01,2.166409e+01,2.162950e+01,2.176086e+01,2.158798e+01,2.169866e+01,2.173322e+01,2.171248e+01,2.168483e+01,2.165025e+01,2.169866e+01,2.170557e+01,2.170557e+01,2.172631e+01,2.152567e+01,2.157414e+01,2.156721e+01,2.159490e+01,2.154645e+01,2.150489e+01,2.147025e+01,2.138013e+01,2.153260e+01,2.143560e+01,2.135239e+01,2.157414e+01,2.163642e+01,2.167792e+01,2.165025e+01,2.167792e+01,2.161566e+01,2.168483e+01,2.160182e+01,2.165025e+01,2.171248e+01,2.167100e+01,2.176777e+01,2.160874e+01,2.169866e+01,2.159490e+01,2.161566e+01,2.169866e+01,2.161566e+01,2.153260e+01,2.158798e+01,2.162258e+01,2.151182e+01,2.153952e+01,2.169175e+01,2.167792e+01,2.169866e+01,2.171248e+01,2.165025e+01,2.170557e+01,2.162258e+01,2.158106e+01,2.161566e+01,2.159490e+01,2.158106e+01,2.155337e+01,2.156721e+01,2.176086e+01,2.156029e+01,2.151875e+01,2.142174e+01,2.149796e+01,2.144253e+01,2.155337e+01,2.140094e+01,2.149104e+01,2.147718e+01,2.138013e+01,2.139400e+01,2.137320e+01,2.134545e+01,2.142867e+01,2.122050e+01,2.135933e+01,2.135239e+01,2.151182e+01,2.143560e+01,2.178159e+01,2.163642e+01,2.166409e+01,2.167100e+01,2.165025e+01,2.153952e+01,2.162258e+01,2.149796e+01,2.143560e+01,2.151182e+01,2.151182e+01,2.145639e+01,2.153260e+01,2.158106e+01,2.160874e+01,2.158106e+01,2.161566e+01,2.164334e+01,2.162950e+01,2.162258e+01,2.173322e+01,2.172631e+01,2.174013e+01,2.176086e+01,2.155337e+01,2.154645e+01,2.182303e+01,2.156029e+01,2.169175e+01,2.167100e+01,2.167792e+01,2.166409e+01,2.169866e+01,2.169175e+01,2.168483e+01,2.166409e+01,2.182303e+01,2.175395e+01,2.172631e+01,2.166409e+01,2.167100e+01,2.174013e+01,2.181612e+01,2.176777e+01,2.182993e+01,2.166409e+01,2.173322e+01,2.186445e+01,2.180922e+01,2.170557e+01,2.184374e+01,2.176086e+01,2.169866e+01,2.176086e+01,2.169866e+01,2.188516e+01,2.176086e+01,2.170557e+01,2.173322e+01,2.167792e+01,2.171248e+01,2.172631e+01,2.175395e+01,2.181612e+01,2.171940e+01,2.165717e+01,2.186445e+01,2.185065e+01,2.178850e+01,2.181612e+01,2.176086e+01,2.176777e+01,2.173322e+01,2.166409e+01,2.164334e+01,2.171248e+01,2.167792e+01,2.164334e+01,2.165717e+01,2.175395e+01,2.152567e+01,2.155337e+01,2.164334e+01,2.163642e+01,2.156721e+01,2.157414e+01,2.164334e+01,2.153260e+01,2.149796e+01,2.159490e+01,2.154645e+01,2.140787e+01,2.149796e+01,2.143560e+01,2.147025e+01,2.151875e+01,2.157414e+01,2.153952e+01,2.144253e+01,2.153260e+01,2.151182e+01,2.142174e+01,2.160182e+01,2.153952e+01,2.147025e+01,2.154645e+01,2.151875e+01,2.152567e+01,2.174704e+01,2.139400e+01,2.143560e+01,2.139400e+01,2.137320e+01,2.137320e+01,2.133851e+01,2.124828e+01,2.126217e+01,2.126911e+01,2.133158e+01,2.131076e+01,2.131076e+01,2.131770e+01,2.125522e+01,2.127605e+01,2.131076e+01,2.119271e+01,2.113711e+01,2.128299e+01,2.125522e+01,2.118576e+01,2.127605e+01,2.108148e+01,2.106756e+01,2.103973e+01,2.111625e+01,2.110234e+01,2.101189e+01,2.110234e+01,2.115101e+01,2.104669e+01,2.106756e+01,2.103277e+01,2.097012e+01,2.099797e+01,2.094923e+01,2.080984e+01,2.126911e+01,2.160874e+01,2.150489e+01,2.135933e+01,2.147025e+01,2.142174e+01,2.147718e+01,2.148411e+01,2.145639e+01,2.147718e+01,2.144946e+01,2.151875e+01,2.141480e+01,2.153260e+01,2.149796e+01,2.141480e+01,2.149104e+01,2.140787e+01,2.143560e+01,2.144946e+01,2.152567e+01,2.128993e+01,2.128993e+01,2.158798e+01,2.136626e+01,2.126911e+01,2.140787e+01,2.127605e+01,2.124828e+01,2.131770e+01,2.127605e+01,2.124133e+01,2.132464e+01,2.124828e+01,2.134545e+01,2.133851e+01,2.134545e+01,2.141480e+01,2.136626e+01,2.131076e+01,2.131076e+01,2.144253e+01,2.132464e+01,2.131076e+01,2.131770e+01,2.131770e+01,2.133851e+01,2.135239e+01,2.144946e+01,2.136626e+01,2.130382e+01,2.137320e+01,2.130382e+01
2.160182e+01,2.165717e+01,2.162258e+01,2.161566e+01,2.162950e+01,2.171248e+01,2.167100e+01,2.177468e+01,2.154645e+01,2.167100e+01,2.153952e+01,2.162950e+01,2.163642e+01,2.167792e+01,2.158798e+01,2.158798e+01,2.155337e+01,2.171248e+01,2.159490e+01,2.170557e+01,2.156721e+01,2.160182e+01,2.158106e+01,2.149104e+01,2.161566e+01,2.159490e+01,2.158798e+01,2.159490e+01,2.155337e+01,2.160874e+01,2.167792e+01,2.157414e+01,2.164334e+01,2.154645e+01,2.153952e+01,2.176777e+01,2.164334e+01,2.177468e+01,2.173322e+01,2.172631e+01,2.177468e+01,2.161566e+01,2.168483e+01,2.175395e+01,2.167100e+01,2.180231e+01,2.183684e+01,2.172631e+01,2.167792e+01,2.170557e+01,2.181612e+01,2.167100e+01,2.191276e+01,2.178850e+01,2.178159e+01,2.178850e+01,2.178159e+01,2.179540e+01,2.174704e+01,2.178159e+01,2.180922e+01,2.184374e+01,2.184374e+01,2.180922e+01,2.185065e+01,2.170557e+01,2.183684e+01,2.190586e+01,2.174704e+01,2.178159e+01,2.174704e+01,2.185755e+01,2.176086e+01,2.181612e+01,2.178159e+01,2.183684e+01,2.180922e+01,2.188516e+01,2.180231e+01,2.180922e+01,2.188516e+01,2.196793e+01,2.178850e+01,2.182993e+01,2.174704e+01,2.176086e+01,2.177468e+01,2.182303e+01,2.173322e+01,2.178159e+01,2.190586e+01,2.186445e+01,2.185065e+01,2.186445e+01,2.166409e+01,2.165717e+01,2.167792e+01,2.167792e+01,2.166409e+01,2.157414e+01,2.156029e+01,2.132464e+01,2.156029e+01,2.163642e+01,2.161566e+01,2.167100e+01,2.160182e+01,2.162950e+01,2.151182e+01,2.151875e+01,2.159490e+01,2.152567e+01,2.154645e+01,2.158106e+01,2.149104e+01,2.148411e+01,2.158106e+01,2.149104e+01,2.140094e+01,2.131770e+01,2.131076e+01,2.135239e+01,2.142867e+01,2.143560e+01,2.153260e+01,2.139400e+01,2.151182e+01,2.151182e+01,2.147025e+01,2.153952e+01,2.151182e+01,2.155337e+01,2.160182e+01,2.153260e+01,2.158106e+01,2.154645e+01,2.162258e+01,2.156029e+01,2.151182e+01,2.160874e+01,2.157414e+01,2.160874e+01,2.162258e+01,2.171940e+01,2.178850e+01,2.147025e+01,2.164334e+01,2.159490e+01,2.163642e+01,2.161566e+01,2.162950e+01,2.158106e+01,2.158798e+01,2.165717e+01,2.164334e+01,2.162258e+01,2.157414e+01,2.158106e+01,2.160874e+01,2.157414e+01,2.148411e+01,2.146332e+01,2.151182e+01,2.160874e+01,2.155337e+01,2.167792e+01,2.167792e+01,2.166409e+01,2.166409e+01,2.168483e+01,2.156721e+01,2.165025e+01,2.167100e+01,2.170557e+01,2.168483e+01,2.172631e+01,2.170557e+01,2.174704e+01,2.163642e+01,2.167100e+01,2.162950e+01,2.158798e+01,2.156029e+01,2.159490e+01,2.157414e+01,2.152567e+01,2.158798e+01,2.154645e+01,2.159490e+01,2.136626e+01,2.142174e+01,2.144946e+01,2.151875e+01,2.146332e+01,2.149104e+01,2.128299e+01,2.146332e+01,2.138013e+01,2.137320e+01,2.125522e+01,2.136626e+01,2.153952e+01,2.134545e+01,2.161566e+01,2.161566e+01,2.172631e+01,2.162950e+01,2.166409e+01,2.161566e+01,2.156721e+01,2.147025e+01,2.149796e+01,2.159490e+01,2.168483e+01,2.170557e+01,2.173322e+01,2.179540e+01,2.175395e+01,2.179540e+01,2.171940e+01,2.173322e+01,2.157414e+01,2.147718e+01,2.142174e+01,2.172631e+01,2.161566e+01,2.156721e+01,2.154645e+01,2.148411e+01,2.154645e+01,2.152567e+01,2.176777e+01,2.186445e+01,2.186445e+01,2.188516e+01,2.189896e+01,2.202308e+01,2.199551e+01,2.196104e+01,2.203687e+01,2.196104e+01,2.203687e+01,2.201619e+01,2.210575e+01,2.195414e+01,2.196104e+01,2.208509e+01,2.205065e+01,2.203687e+01,2.202997e+01,2.204376e+01,2.203687e+01,2.197483e+01,2.195414e+01,2.195414e+01,2.203687e+01,2.196793e+01,2.199551e+01,2.189896e+01,2.195414e+01,2.194035e+01,2.195414e+01,2.193345e+01,2.191965e+01,2.193345e+01,2.164334e+01,2.165717e+01,2.171248e+01,2.174013e+01,2.176086e+01,2.181612e+01,2.178850e+01,2.182303e+01,2.177468e+01,2.176777e+01,2.180231e+01,2.181612e+01,2.177468e+01,2.182303e+01,2.180922e+01,2.182993e+01,2.187135e+01,2.188516e+01,2.186445e+01,2.179540e+01,2.177468e+01,2.190586e+01,2.194035e+01,2.156029e+01,2.180231e+01,2.180922e+01,2.180231e+01,2.185065e+01,2.163642e+01,2.159490e+01,2.160874e+01,2.165025e+01,2.166409e+01,2.152567e+01,2.157414e+01,2.138707e+01,2.154645e+01,2.175395e+01,2.196104e+01,2.204376e+01,2.200241e+01,2.193345e+01,2.202308e+01,2.191965e+01,2.202997e+01,2.185065e+01,2.185065e+01,2.187825e+01,2.190586e+01,2.191276e+01,2.194035e+01,2.188516e+01,2.189896e+01,2.186445e+01,2.186445e+01,2.166409e+01,2.167100e+01,2.156029e+01,2.158106e+01,2.162258e+01,2.168483e+01,2.165025e+01,2.167100e+01,2.163642e+01,2.161566e+01,2.167792e+01,2.173322e+01,2.183684e+01,2.189896e+01,2.185065e+01,2.185755e+01,2.182993e+01,2.183684e+01,2.189896e+01,2.189896e+01,2.193345e+01,2.192655e+01,2.191965e+01,2.193345e+01,2.198172e+01,2.196104e+01,2.193345e+01,2.198862e+01,2.204376e+01,2.193345e+01,2.195414e+01,2.200930e+01,2.194035e+01,2.191965e+01,2.189896e+01,2.185065e+01,2.186445e+01,2.185755e+01,2.187825e+01,2.171248e+01,2.180922e+01,2.165717e+01,2.167100e+01,2.160874e+01,2.171248e+01,2.171940e+01,2.171248e+01,2.158106e+01,2.162950e+01,2.164334e+01,2.162950e+01,2.157414e+01,2.173322e+01,2.176086e+01,2.155337e+01,2.151182e+01,2.172631e+01,2.168483e+01,2.151182e+01,2.147718e+01,2.149104e+01,2.144946e+01,2.154645e+01,2.156029e+01,2.172631e+01,2.174013e+01,2.174704e+01,2.163642e+01,2.161566e+01,2.171940e+01,2.167792e+01,2.173322e+01,2.171248e+01,2.171940e+01,2.174013e+01,2.165025e+01,2.176777e+01,2.166409e+01,2.165025e+01,2.174704e+01,2.156029e+01,2.167792e+01,2.165025e+01,2.166409e+01,2.149796e+01,2.158106e+01,2.170557e+01,2.156721e+01,2.168483e+01,2.151875e+01,2.167100e+01,2.148411e+01,2.169175e+01,2.176777e+01,2.172631e+01,2.176086e+01,2.158798e+01,2.158106e+01,2.157414e+01,2.156029e+01,2.149796e+01,2.153260e+01,2.149104e+01,2.141480e+01,2.156029e+01,2.152567e+01,2.153260e+01,2.151875e+01,2.145639e+01,2.137320e+01,2.146332e+01,2.136626e+01,2.143560e+01,2.150489e+01,2.147025e+01,2.142174e+01,2.131770e+01,2.144946e+01,2.148411e+01,2.129688e+01,2.151182e+01,2.176777e+01,2.170557e+01,2.168483e+01,2.159490e+01,2.162950e+01,2.154645e+01,2.151875e+01,2.150489e+01,2.149796e+01,2.140787e+01,2.142174e+01,2.149796e+01,2.156029e+01,2.153952e+01,2.157414e+01,2.154645e+01,2.165717e+01,2.162950e+01,2.165025e+01,2.160182e+01,2.168483e+01,2.169866e+01,2.166409e+01,2.164334e+01,2.158798e+01,2.160874e+01,2.155337e+01,2.163642e+01,2.165025e+01,2.149104e+01,2.151182e+01,2.166409e+01,2.168483e+01,2.170557e+01,2.169866e+01,2.174704e+01,2.178850e+01,2.162258e+01,2.176086e+01,2.171248e+01,2.176777e+01,2.172631e+01,2.173322e+01,2.173322e+01,2.188516e+01,2.174704e+01,2.183684e+01,2.175395e+01,2.177468e+01,2.188516e+01,2.193345e+01,2.175395e+01,2.170557e+01,2.172631e+01,2.181612e+01,2.166409e+01,2.166409e+01,2.172631e+01,2.174704e+01,2.171940e+01,2.171940e+01,2.174013e+01,2.167792e+01,2.175395e+01,2.179540e+01,2.168483e+01,2.180922e+01,2.187825e+01,2.177468e+01,2.174013e+01,2.167100e+01,2.167792e+01,2.178159e+01,2.173322e+01,2.159490e+01,2.167100e+01,2.160874e+01,2.168483e+01,2.158106e+01,2.167100e+01,2.158106e+01,2.176777e+01,2.153952e+01,2.163642e+01,2.165717e+01,2.160182e+01,2.162258e+01,2.162258e+01,2.144253e+01,2.154645e+01,2.142174e+01,2.161566e+01,2.147718e+01,2.159490e+01,2.151875e+01,2.147718e+01,2.156029e+01,2.144253e+01,2.143560e+01,2.149796e+01,2.142174e+01,2.157414e+01,2.140787e+01,2.148411e+01,2.153952e+01,2.152567e+01,2.139400e+01,2.156721e+01,2.156721e+01,2.153952e+01,2.142174e+01,2.154645e+01,2.138707e+01,2.137320e+01,2.133158e+01,2.133158e+01,2.128299e+01,2.115101e+01,2.117186e+01,2.114406e+01,2.120660e+01,2.123439e+01,2.127605e+01,2.128299e+01,2.128993e+01,2.123439e+01,2.133851e+01,2.127605e+01,2.110929e+01,2.111625e+01,2.105365e+01,2.106061e+01,2.107452e+01,2.115101e+01,2.103277e+01,2.115101e+01,2.103277e+01,2.101885e+01,2.110234e+01,2.103277e+01,2.099797e+01,2.087259e+01,2.096316e+01,2.092137e+01,2.097709e+01,2.094226e+01,2.154645e+01,2.155337e+01,2.150489e+01,2.143560e+01,2.145639e+01,2.140787e+01,2.151182e+01,2.162258e+01,2.152567e+01,2.152567e+01,2.146332e+01,2.149796e+01,2.143560e+01,2.145639e+01,2.140094e+01,2.137320e+01,2.141480e+01,2.138707e+01,2.140787e+01,2.142867e+01,2.134545e+01,2.133851e+01,2.131076e+01,2.131770e+01,2.128299e+01,2.137320e+01,2.120660e+01,2.140094e+01,2.124133e+01,2.120660e+01,2.134545e+01,2.144253e+01,2.123439e+01,2.131770e+01,2.121355e+01,2.135933e+01,2.125522e+01,2.132464e+01,2.134545e+01,2.144253e+01,2.147025e+01,2.130382e+01,2.145639e+01,2.128299e+01,2.123439e+01,2.131770e+01,2.136626e+01,2.138707e+01,2.135239e+01,2.140787e+01,2.139400e+01,2.133851e+01,2.135933e+01
2.160874e+01,2.166409e+01,2.154645e+01,2.161566e+01,2.171248e+01,2.170557e+01,2.158798e+01,2.169175e+01,2.167792e+01,2.168483e+01,2.157414e+01,2.162258e+01,2.158106e+01,2.158798e+01,2.176777e+01,2.173322e+01,2.174013e+01,2.162258e+01,2.171940e+01,2.169175e+01,2.165025e+01,2.157414e+01,2.165717e+01,2.169175e+01,2.149796e+01,2.153260e+01,2.157414e+01,2.156721e+01,2.160182e+01,2.160874e+01,2.157414e+01,2.153260e+01,2.170557e+01,2.162950e+01,2.160182e+01,2.162258e+01,2.163642e+01,2.171940e+01,2.165717e+01,2.171248e+01,2.170557e+01,2.180922e+01,2.180922e+01,2.166409e+01,2.157414e+01,2.177468e+01,2.169175e+01,2.158106e+01,2.179540e+01,2.178159e+01,2.168483e+01,2.176777e+01,2.171248e+01,2.180922e+01,2.164334e+01,2.183684e+01,2.180922e+01,2.176777e+01,2.168483e+01,2.175395e+01,2.172631e+01,2.189896e+01,2.189206e+01,2.169175e+01,2.185755e+01,2.189896e+01,2.182993e+01,2.194035e+01,2.184374e+01,2.185065e+01,2.191276e+01,2.179540e+01,2.183684e+01,2.193345e+01,2.189896e+01,2.176777e+01,2.176086e+01,2.176777e+01,2.187135e+01,2.186445e+01,2.170557e+01,2.196793e+01,2.182303e+01,2.179540e+01,2.176777e+01,2.178850e+01,2.178850e+01,2.181612e+01,2.178159e+01,2.189206e+01,2.185065e+01,2.172631e+01,2.173322e+01,2.174013e+01,2.167792e+01,2.167792e+01,2.171940e+01,2.169175e+01,2.166409e+01,2.166409e+01,2.159490e+01,2.162950e+01,2.157414e+01,2.159490e+01,2.166409e+01,2.157414e+01,2.139400e+01,2.154645e+01,2.143560e+01,2.157414e+01,2.156721e+01,2.158798e+01,2.140787e+01,2.157414e+01,2.147025e+01,2.142174e+01,2.149104e+01,2.140094e+01,2.133158e+01,2.138013e+01,2.139400e+01,2.156029e+01,2.138707e+01,2.135933e+01,2.157414e+01,2.156029e+01,2.138707e+01,2.152567e+01,2.159490e+01,2.150489e+01,2.149104e+01,2.158798e+01,2.163642e+01,2.157414e+01,2.138707e+01,2.155337e+01,2.157414e+01,2.160874e+01,2.157414e+01,2.159490e+01,2.151182e+01,2.160182e+01,2.163642e+01,2.159490e+01,2.151875e+01,2.160182e+01,2.162950e+01,2.165025e+01,2.149796e+01,2.167792e+01,2.163642e+01,2.164334e+01,2.159490e+01,2.158798e+01,2.161566e+01,2.156029e+01,2.164334e+01,2.159490e+01,2.165717e+01,2.165717e+01,2.163642e+01,2.167792e+01,2.167792e+01,2.171248e+01,2.167792e+01,2.166409e+01,2.166409e+01,2.156721e+01,2.155337e+01,2.159490e+01,2.166409e+01,2.156721e+01,2.165717e+01,2.167100e+01,2.169175e+01,2.165717e+01,2.174013e+01,2.164334e+01,2.165717e+01,2.166409e+01,2.158106e+01,2.155337e+01,2.160182e+01,2.160874e+01,2.160182e+01,2.156029e+01,2.152567e+01,2.159490e+01,2.157414e+01,2.149104e+01,2.171940e+01,2.171248e+01,2.161566e+01,2.158106e+01,2.150489e+01,2.144253e+01,2.148411e+01,2.145639e+01,2.126911e+01,2.138707e+01,2.130382e+01,2.142867e+01,2.142867e+01,2.154645e+01,2.164334e+01,2.156721e+01,2.170557e+01,2.164334e+01,2.160874e+01,2.149796e+01,2.153952e+01,2.160874e+01,2.169175e+01,2.164334e+01,2.174704e+01,2.173322e+01,2.184374e+01,2.182993e+01,2.182993e+01,2.191276e+01,2.184374e+01,2.194725e+01,2.185755e+01,2.174013e+01,2.174704e+01,2.176086e+01,2.176086e+01,2.182993e+01,2.168483e+01,2.184374e+01,2.182303e+01,2.193345e+01,2.183684e+01,2.181612e+01,2.190586e+01,2.191965e+01,2.211952e+01,2.194725e+01,2.198172e+01,2.196793e+01,2.200241e+01,2.192655e+01,2.201619e+01,2.191276e+01,2.210575e+01,2.205065e+01,2.209198e+01,2.202308e+01,2.205754e+01,2.196793e+01,2.201619e+01,2.201619e+01,2.194035e+01,2.205065e+01,2.203687e+01,2.205754e+01,2.194725e+01,2.194725e+01,2.198172e+01,2.192655e+01,2.189896e+01,2.201619e+01,2.197483e+01,2.200930e+01,2.198862e+01,2.170557e+01,2.168483e+01,2.175395e+01,2.170557e+01,2.180922e+01,2.178159e+01,2.180922e+01,2.176086e+01,2.176777e+01,2.178159e+01,2.182993e+01,2.182303e+01,2.182303e+01,2.180231e+01,2.176086e+01,2.180231e+01,2.189896e+01,2.180922e+01,2.180922e+01,2.189896e+01,2.175395e+01,2.176086e+01,2.177468e+01,2.178850e+01,2.177468e+01,2.178850e+01,2.179540e+01,2.180231e+01,2.160874e+01,2.163642e+01,2.162950e+01,2.159490e+01,2.151182e+01,2.150489e+01,2.154645e+01,2.152567e+01,2.169175e+01,2.176086e+01,2.198862e+01,2.194725e+01,2.187825e+01,2.202997e+01,2.188516e+01,2.180231e+01,2.182993e+01,2.185065e+01,2.180922e+01,2.188516e+01,2.185065e+01,2.189206e+01,2.190586e+01,2.185755e+01,2.191965e+01,2.183684e+01,2.164334e+01,2.166409e+01,2.153260e+01,2.160874e+01,2.157414e+01,2.160874e+01,2.160874e+01,2.165025e+01,2.174704e+01,2.169866e+01,2.158798e+01,2.171940e+01,2.187135e+01,2.174013e+01,2.182303e+01,2.172631e+01,2.182303e+01,2.180922e+01,2.185755e+01,2.186445e+01,2.185755e+01,2.186445e+01,2.189896e+01,2.190586e+01,2.196104e+01,2.181612e+01,2.198862e+01,2.194035e+01,2.194725e+01,2.194725e+01,2.201619e+01,2.192655e+01,2.189896e+01,2.191276e+01,2.189896e+01,2.203687e+01,2.187825e+01,2.185755e+01,2.181612e+01,2.185065e+01,2.182993e+01,2.178159e+01,2.174013e+01,2.165717e+01,2.162950e+01,2.165025e+01,2.168483e+01,2.169866e+01,2.161566e+01,2.165025e+01,2.158798e+01,2.181612e+01,2.158798e+01,2.156721e+01,2.164334e+01,2.168483e+01,2.170557e+01,2.155337e+01,2.156029e+01,2.151182e+01,2.147025e+01,2.155337e+01,2.169866e+01,2.172631e+01,2.193345e+01,2.192655e+01,2.191965e+01,2.174013e+01,2.165717e+01,2.178850e+01,2.171248e+01,2.182993e+01,2.171248e+01,2.169175e+01,2.168483e+01,2.161566e+01,2.177468e+01,2.167792e+01,2.174013e+01,2.162950e+01,2.169175e+01,2.166409e+01,2.170557e+01,2.168483e+01,2.160182e+01,2.169175e+01,2.165025e+01,2.153952e+01,2.157414e+01,2.169866e+01,2.176777e+01,2.165717e+01,2.171248e+01,2.151875e+01,2.169175e+01,2.165717e+01,2.176086e+01,2.155337e+01,2.165717e+01,2.160874e+01,2.157414e+01,2.158798e+01,2.154645e+01,2.151182e+01,2.158106e+01,2.157414e+01,2.144253e+01,2.147025e+01,2.151875e+01,2.150489e+01,2.150489e+01,2.144946e+01,2.147718e+01,2.135933e+01,2.124828e+01,2.147718e+01,2.146332e+01,2.131076e+01,2.145639e+01,2.142174e+01,2.135933e+01,2.162258e+01,2.165717e+01,2.178159e+01,2.171940e+01,2.165717e+01,2.155337e+01,2.157414e+01,2.147718e+01,2.151875e+01,2.151875e+01,2.144946e+01,2.138013e+01,2.152567e+01,2.149104e+01,2.151875e+01,2.162950e+01,2.151182e+01,2.172631e+01,2.166409e+01,2.159490e+01,2.171940e+01,2.161566e+01,2.159490e+01,2.172631e+01,2.165025e+01,2.162950e+01,2.163642e+01,2.163642e+01,2.164334e+01,2.149104e+01,2.156721e+01,2.151182e+01,2.167792e+01,2.171940e+01,2.167792e+01,2.171940e+01,2.174704e+01,2.176777e+01,2.189896e+01,2.178159e+01,2.195414e+01,2.172631e+01,2.180922e+01,2.177468e+01,2.178159e+01,2.187825e+01,2.179540e+01,2.185755e+01,2.185065e+01,2.175395e+01,2.180231e+01,2.181612e+01,2.180231e+01,2.184374e+01,2.171940e+01,2.166409e+01,2.165025e+01,2.167792e+01,2.179540e+01,2.173322e+01,2.174013e+01,2.174704e+01,2.174013e+01,2.171940e+01,2.175395e+01,2.180231e+01,2.178850e+01,2.179540e+01,2.179540e+01,2.167792e+01,2.181612e+01,2.170557e+01,2.165025e+01,2.180922e+01,2.159490e+01,2.174704e+01,2.159490e+01,2.167792e+01,2.161566e+01,2.167100e+01,2.153260e+01,2.167100e+01,2.153260e+01,2.174704e+01,2.160874e+01,2.153952e+01,2.160182e+01,2.165717e+01,2.151182e+01,2.144946e+01,2.162950e+01,2.149796e+01,2.140787e+01,2.149104e+01,2.149104e+01,2.148411e+01,2.154645e+01,2.143560e+01,2.144946e+01,2.144253e+01,2.148411e+01,2.141480e+01,2.140787e+01,2.147718e+01,2.146332e+01,2.153260e+01,2.146332e+01,2.151182e+01,2.148411e+01,2.151875e+01,2.157414e+01,2.133851e+01,2.152567e+01,2.138013e+01,2.137320e+01,2.138707e+01,2.123439e+01,2.126217e+01,2.129688e+01,2.126217e+01,2.117881e+01,2.127605e+01,2.128993e+01,2.124828e+01,2.125522e+01,2.128993e+01,2.117881e+01,2.114406e+01,2.117881e+01,2.110234e+01,2.108148e+01,2.103973e+01,2.106061e+01,2.119966e+01,2.103973e+01,2.108843e+01,2.101885e+01,2.109539e+01,2.103973e+01,2.105365e+01,2.097012e+01,2.105365e+01,2.097012e+01,2.087956e+01,2.092833e+01,2.096316e+01,2.133851e+01,2.153260e+01,2.134545e+01,2.151875e+01,2.149104e+01,2.156029e+01,2.151875e+01,2.153952e+01,2.149104e+01,2.149104e+01,2.151182e+01,2.151875e+01,2.144253e+01,2.139400e+01,2.152567e+01,2.158798e+01,2.140787e+01,2.142174e+01,2.131770e+01,2.140787e+01,2.138707e+01,2.133158e+01,2.140094e+01,2.133851e+01,2.141480e+01,2.129688e+01,2.131076e+01,2.128299e+01,2.118576e+01,2.128993e+01,2.138013e+01,2.122050e+01,2.122050e+01,2.121355e+01,2.125522e+01,2.131076e+01,2.139400e+01,2.130382e+01,2.131770e+01,2.125522e+01,2.144946e+01,2.135933e+01,2.147025e+01,2.132464e+01,2.126217e+01,2.132464e+01,2.128299e+01,2.141480e+01,2.137320e+01,2.144253e+01,2.134545e+01,2.142867e+01,2.140094e+01,2.142867e+01
2.161566e+01,2.161566e+01,2.162950e+01,2.169175e+01,2.169175e+01,2.155337e+01,2.167100e+01,2.154645e+01,2.170557e+01,2.169175e+01,2.160874e+01,2.169866e+01,2.164334e+01,2.166409e+01,2.160182e+01,2.157414e+01,2.169866e+01,2.169866e+01,2.171940e+01,2.162258e+01,2.160182e+01,2.153952e+01,2.162950e+01,2.151875e+01,2.173322e+01,2.160874e+01,2.164334e+01,2.159490e+01,2.170557e+01,2.158798e+01,2.174704e+01,2.160874e+01,2.167100e+01,2.155337e+01,2.159490e+01,2.160182e+01,2.172631e+01,2.176086e+01,2.168483e+01,2.169175e+01,2.167792e+01,2.157414e+01,2.180231e+01,2.182993e+01,2.176086e+01,2.177468e+01,2.174013e+01,2.172631e+01,2.171940e+01,2.174704e+01,2.178159e+01,2.180231e+01,2.178850e+01,2.177468e+01,2.182993e+01,2.185755e+01,2.176086e+01,2.180231e+01,2.194725e+01,2.178850e+01,2.182993e+01,2.180231e+01,2.174013e+01,2.182993e+01,2.185065e+01,2.169866e+01,2.189206e+01,2.185065e+01,2.185755e+01,2.174013e+01,2.186445e+01,2.191965e+01,2.174704e+01,2.178850e+01,2.179540e+01,2.192655e+01,2.186445e+01,2.176086e+01,2.182303e+01,2.162950e+01,2.166409e+01,2.180922e+01,2.176086e+01,2.182303e+01,2.177468e+01,2.171940e+01,2.176777e+01,2.173322e+01,2.176086e+01,2.163642e+01,2.179540e+01,2.187825e+01,2.180922e+01,2.175395e+01,2.169866e+01,2.171940e+01,2.167792e+01,2.169866e+01,2.154645e+01,2.166409e+01,2.160874e+01,2.156721e+01,2.160874e+01,2.158106e+01,2.154645e+01,2.157414e+01,2.141480e+01,2.152567e+01,2.135933e+01,2.159490e+01,2.149796e+01,2.151875e+01,2.147718e+01,2.148411e+01,2.147025e+01,2.134545e+01,2.143560e+01,2.131770e+01,2.131076e+01,2.134545e+01,2.152567e+01,2.151182e+01,2.140787e+01,2.153260e+01,2.153952e+01,2.147025e+01,2.147718e+01,2.155337e+01,2.164334e+01,2.160182e+01,2.161566e+01,2.149104e+01,2.155337e+01,2.159490e+01,2.155337e+01,2.151875e+01,2.162258e+01,2.155337e+01,2.151182e+01,2.160874e+01,2.161566e+01,2.154645e+01,2.157414e+01,2.162258e+01,2.161566e+01,2.163642e+01,2.165025e+01,2.162950e+01,2.165717e+01,2.151182e+01,2.166409e+01,2.155337e+01,2.159490e+01,2.162258e+01,2.153260e+01,2.156029e+01,2.164334e+01,2.161566e+01,2.160874e+01,2.150489e+01,2.165025e+01,2.171248e+01,2.169175e+01,2.162950e+01,2.162258e+01,2.165025e+01,2.167792e+01,2.165025e+01,2.162258e+01,2.165717e+01,2.170557e+01,2.161566e+01,2.168483e+01,2.167100e+01,2.158106e+01,2.165025e+01,2.176777e+01,2.165025e+01,2.168483e+01,2.162258e+01,2.160182e+01,2.151182e+01,2.158106e+01,2.151875e+01,2.159490e+01,2.162950e+01,2.161566e+01,2.163642e+01,2.169175e+01,2.171940e+01,2.169175e+01,2.168483e+01,2.172631e+01,2.161566e+01,2.149796e+01,2.151182e+01,2.167100e+01,2.132464e+01,2.127605e+01,2.127605e+01,2.134545e+01,2.133851e+01,2.135933e+01,2.133158e+01,2.136626e+01,2.138013e+01,2.138707e+01,2.142174e+01,2.129688e+01,2.151875e+01,2.145639e+01,2.156721e+01,2.149796e+01,2.171940e+01,2.180922e+01,2.180922e+01,2.185065e+01,2.182993e+01,2.186445e+01,2.180231e+01,2.178850e+01,2.182303e+01,2.175395e+01,2.187135e+01,2.174013e+01,2.189206e+01,2.184374e+01,2.166409e+01,2.185755e+01,2.186445e+01,2.185755e+01,2.186445e+01,2.187135e+01,2.196793e+01,2.203687e+01,2.202308e+01,2.203687e+01,2.198862e+01,2.197483e+01,2.196104e+01,2.200241e+01,2.202308e+01,2.202308e+01,2.204376e+01,2.224338e+01,2.209198e+01,2.192655e+01,2.209198e+01,2.205065e+01,2.205065e+01,2.205754e+01,2.202997e+01,2.174704e+01,2.194725e+01,2.210575e+01,2.199551e+01,2.200930e+01,2.218835e+01,2.207131e+01,2.200930e+01,2.193345e+01,2.193345e+01,2.198172e+01,2.197483e+01,2.182993e+01,2.189896e+01,2.171940e+01,2.179540e+01,2.169175e+01,2.169175e+01,2.173322e+01,2.175395e+01,2.174704e+01,2.172631e+01,2.173322e+01,2.176777e+01,2.175395e+01,2.180231e+01,2.180231e+01,2.171248e+01,2.176777e+01,2.184374e+01,2.168483e+01,2.173322e+01,2.182993e+01,2.176086e+01,2.189896e+01,2.178159e+01,2.169175e+01,2.176777e+01,2.176777e+01,2.172631e+01,2.163642e+01,2.180922e+01,2.187135e+01,2.169866e+01,2.147025e+01,2.153260e+01,2.158106e+01,2.154645e+01,2.168483e+01,2.165025e+01,2.183684e+01,2.203687e+01,2.186445e+01,2.187825e+01,2.185755e+01,2.181612e+01,2.188516e+01,2.182993e+01,2.180231e+01,2.174704e+01,2.185755e+01,2.173322e+01,2.187825e+01,2.169175e+01,2.187135e+01,2.185065e+01,2.177468e+01,2.167100e+01,2.158798e+01,2.151875e+01,2.158106e+01,2.165025e+01,2.160182e+01,2.165025e+01,2.165025e+01,2.167100e+01,2.166409e+01,2.162950e+01,2.172631e+01,2.174013e+01,2.175395e+01,2.179540e+01,2.171940e+01,2.185065e+01,2.187135e+01,2.183684e+01,2.185065e+01,2.178159e+01,2.189896e+01,2.178850e+01,2.187825e+01,2.191276e+01,2.192655e+01,2.191276e+01,2.193345e+01,2.190586e+01,2.194035e+01,2.189206e+01,2.189206e+01,2.196793e+01,2.193345e+01,2.189206e+01,2.185065e+01,2.187135e+01,2.174013e+01,2.184374e+01,2.181612e+01,2.187135e+01,2.176777e+01,2.187135e+01,2.162950e+01,2.164334e+01,2.171940e+01,2.170557e+01,2.179540e+01,2.171248e+01,2.182303e+01,2.159490e+01,2.159490e+01,2.169866e+01,2.166409e+01,2.163642e+01,2.179540e+01,2.159490e+01,2.161566e+01,2.149104e+01,2.149796e+01,2.150489e+01,2.176777e+01,2.175395e+01,2.205065e+01,2.204376e+01,2.194035e+01,2.198862e+01,2.181612e+01,2.178850e+01,2.169866e+01,2.182303e+01,2.183684e+01,2.173322e+01,2.178159e+01,2.161566e+01,2.163642e+01,2.166409e+01,2.178159e+01,2.168483e+01,2.174013e+01,2.156029e+01,2.168483e+01,2.166409e+01,2.170557e+01,2.167100e+01,2.164334e+01,2.164334e+01,2.153952e+01,2.154645e+01,2.165025e+01,2.153952e+01,2.172631e+01,2.170557e+01,2.157414e+01,2.172631e+01,2.168483e+01,2.171940e+01,2.158106e+01,2.156721e+01,2.156721e+01,2.155337e+01,2.156029e+01,2.158798e+01,2.158798e+01,2.147718e+01,2.151875e+01,2.142867e+01,2.149104e+01,2.150489e+01,2.151182e+01,2.144253e+01,2.146332e+01,2.146332e+01,2.147025e+01,2.133851e+01,2.149104e+01,2.131770e+01,2.147718e+01,2.125522e+01,2.146332e+01,2.151182e+01,2.151182e+01,2.178850e+01,2.172631e+01,2.167100e+01,2.170557e+01,2.169175e+01,2.153260e+01,2.145639e+01,2.150489e+01,2.141480e+01,2.150489e+01,2.147025e+01,2.169175e+01,2.157414e+01,2.153952e+01,2.160874e+01,2.156029e+01,2.158106e+01,2.173322e+01,2.168483e+01,2.147718e+01,2.165717e+01,2.169866e+01,2.158106e+01,2.168483e+01,2.161566e+01,2.158798e+01,2.162950e+01,2.158798e+01,2.163642e+01,2.169866e+01,2.165717e+01,2.168483e+01,2.177468e+01,2.174013e+01,2.168483e+01,2.184374e+01,2.187825e+01,2.176086e+01,2.194035e+01,2.183684e+01,2.178159e+01,2.178850e+01,2.186445e+01,2.178159e+01,2.179540e+01,2.176777e+01,2.194725e+01,2.180922e+01,2.178850e+01,2.185065e+01,2.175395e+01,2.188516e+01,2.169866e+01,2.172631e+01,2.168483e+01,2.171248e+01,2.179540e+01,2.169866e+01,2.160182e+01,2.164334e+01,2.170557e+01,2.156029e+01,2.172631e+01,2.177468e+01,2.175395e+01,2.178159e+01,2.178850e+01,2.187135e+01,2.176086e+01,2.173322e+01,2.180231e+01,2.180231e+01,2.168483e+01,2.169866e+01,2.162258e+01,2.157414e+01,2.149104e+01,2.171940e+01,2.153952e+01,2.169866e+01,2.157414e+01,2.156721e+01,2.160874e+01,2.154645e+01,2.164334e+01,2.160182e+01,2.162950e+01,2.143560e+01,2.146332e+01,2.155337e+01,2.148411e+01,2.140787e+01,2.151875e+01,2.151875e+01,2.144946e+01,2.145639e+01,2.143560e+01,2.144253e+01,2.149796e+01,2.175395e+01,2.153260e+01,2.140094e+01,2.147718e+01,2.147025e+01,2.149104e+01,2.139400e+01,2.140787e+01,2.143560e+01,2.147718e+01,2.143560e+01,2.140787e+01,2.153952e+01,2.120660e+01,2.117881e+01,2.128993e+01,2.131770e+01,2.129688e+01,2.115101e+01,2.122744e+01,2.125522e+01,2.126217e+01,2.119966e+01,2.117881e+01,2.127605e+01,2.128993e+01,2.125522e+01,2.128299e+01,2.124133e+01,2.134545e+01,2.106061e+01,2.119271e+01,2.105365e+01,2.106756e+01,2.101189e+01,2.106756e+01,2.102581e+01,2.107452e+01,2.099101e+01,2.105365e+01,2.092833e+01,2.097709e+01,2.090743e+01,2.094923e+01,2.104669e+01,2.097012e+01,2.131770e+01,2.153952e+01,2.153260e+01,2.156029e+01,2.144946e+01,2.158798e+01,2.144253e+01,2.144253e+01,2.149796e+01,2.150489e+01,2.144253e+01,2.156721e+01,2.153952e+01,2.138013e+01,2.152567e+01,2.141480e+01,2.144253e+01,2.155337e+01,2.141480e+01,2.139400e+01,2.140787e+01,2.132464e+01,2.133851e+01,2.148411e+01,2.130382e+01,2.124828e+01,2.133851e+01,2.138013e+01,2.119271e+01,2.134545e+01,2.122050e+01,2.142174e+01,2.122050e+01,2.128299e+01,2.126911e+01,2.128993e+01,2.126217e+01,2.135239e+01,2.126911e+01,2.124133e+01,2.133851e+01,2.126911e+01,2.151182e+01,2.128299e+01,2.139400e+01,2.138013e+01,2.153260e+01,2.156721e+01,2.131770e+01,2.128299e+01,2.149104e+01,2.145639e+01,2.147718e+01,2.147025e+01
2.163642e+01,2.165025e+01,2.168483e+01,2.159490e+01,2.169175e+01,2.167100e+01,2.160874e+01,2.171940e+01,2.169866e+01,2.164334e+01,2.169175e+01,2.165717e+01,2.158106e+01,2.161566e+01,2.169175e+01,2.160182e+01,2.170557e+01,2.164334e+01,2.168483e+01,2.165717e+01,2.160182e+01,2.169175e+01,2.152567e+01,2.161566e+01,2.149796e+01,2.159490e+01,2.151182e+01,2.161566e+01,2.166409e+01,2.166409e+01,2.162950e+01,2.162950e+01,2.164334e+01,2.162950e+01,2.162258e+01,2.163642e+01,2.158798e+01,2.165717e+01,2.167100e+01,2.168483e+01,2.170557e+01,2.169866e+01,2.156029e+01,2.166409e+01,2.165717e+01,2.170557e+01,2.174704e+01,2.172631e+01,2.173322e+01,2.174013e+01,2.177468e+01,2.187825e+01,2.185065e+01,2.182303e+01,2.172631e+01,2.185065e+01,2.196793e+01,2.177468e+01,2.178850e+01,2.177468e+01,2.153260e+01,2.180922e+01,2.191276e+01,2.180231e+01,2.183684e+01,2.169866e+01,2.183684e+01,2.185755e+01,2.186445e+01,2.185065e+01,2.190586e+01,2.187825e+01,2.174013e+01,2.160874e+01,2.184374e+01,2.176777e+01,2.176777e+01,2.175395e+01,2.171940e+01,2.182303e+01,2.181612e+01,2.182303e+01,2.181612e+01,2.178159e+01,2.169866e+01,2.184374e+01,2.182993e+01,2.183684e+01,2.186445e+01,2.182993e+01,2.182993e+01,2.172631e+01,2.180231e+01,2.169175e+01,2.169175e+01,2.165025e+01,2.171248e+01,2.169175e+01,2.158106e+01,2.159490e+01,2.158798e+01,2.152567e+01,2.153260e+01,2.147718e+01,2.138013e+01,2.153952e+01,2.136626e+01,2.114406e+01,2.126217e+01,2.138707e+01,2.147025e+01,2.124133e+01,2.144253e+01,2.122050e+01,2.135239e+01,2.133158e+01,2.139400e+01,2.140094e+01,2.153260e+01,2.144946e+01,2.135239e+01,2.137320e+01,2.143560e+01,2.147718e+01,2.160182e+01,2.156029e+01,2.165025e+01,2.154645e+01,2.156029e+01,2.158106e+01,2.155337e+01,2.156721e+01,2.147025e+01,2.154645e+01,2.152567e+01,2.153952e+01,2.151875e+01,2.156029e+01,2.160182e+01,2.161566e+01,2.162950e+01,2.160874e+01,2.161566e+01,2.161566e+01,2.156029e+01,2.169866e+01,2.158106e+01,2.163642e+01,2.166409e+01,2.165717e+01,2.165717e+01,2.165025e+01,2.162258e+01,2.157414e+01,2.175395e+01,2.153952e+01,2.166409e+01,2.163642e+01,2.167100e+01,2.162950e+01,2.165717e+01,2.165025e+01,2.173322e+01,2.163642e+01,2.169866e+01,2.169175e+01,2.167100e+01,2.169175e+01,2.169866e+01,2.171248e+01,2.169866e+01,2.168483e+01,2.160874e+01,2.171248e+01,2.169866e+01,2.171248e+01,2.174704e+01,2.170557e+01,2.169175e+01,2.165025e+01,2.158798e+01,2.163642e+01,2.150489e+01,2.156721e+01,2.158106e+01,2.164334e+01,2.182303e+01,2.181612e+01,2.172631e+01,2.172631e+01,2.172631e+01,2.165025e+01,2.175395e+01,2.167100e+01,2.174013e+01,2.167100e+01,2.173322e+01,2.151875e+01,2.134545e+01,2.126911e+01,2.140787e+01,2.133851e+01,2.124133e+01,2.135239e+01,2.135239e+01,2.138707e+01,2.137320e+01,2.130382e+01,2.131770e+01,2.144253e+01,2.142174e+01,2.149796e+01,2.185755e+01,2.169866e+01,2.183684e+01,2.192655e+01,2.190586e+01,2.179540e+01,2.200241e+01,2.181612e+01,2.177468e+01,2.189896e+01,2.195414e+01,2.191276e+01,2.194725e+01,2.191965e+01,2.196104e+01,2.173322e+01,2.185755e+01,2.189896e+01,2.188516e+01,2.187135e+01,2.189896e+01,2.189896e+01,2.209198e+01,2.200241e+01,2.199551e+01,2.202997e+01,2.199551e+01,2.203687e+01,2.196104e+01,2.199551e+01,2.203687e+01,2.196104e+01,2.206442e+01,2.191965e+01,2.201619e+01,2.209198e+01,2.204376e+01,2.202997e+01,2.189206e+01,2.176086e+01,2.192655e+01,2.207131e+01,2.191276e+01,2.187825e+01,2.211952e+01,2.200930e+01,2.191965e+01,2.196104e+01,2.197483e+01,2.192655e+01,2.193345e+01,2.191276e+01,2.198172e+01,2.184374e+01,2.180231e+01,2.174013e+01,2.166409e+01,2.173322e+01,2.176086e+01,2.176086e+01,2.178850e+01,2.174013e+01,2.182303e+01,2.172631e+01,2.176777e+01,2.174013e+01,2.176777e+01,2.171248e+01,2.167792e+01,2.181612e+01,2.182303e+01,2.173322e+01,2.174704e+01,2.169175e+01,2.170557e+01,2.172631e+01,2.173322e+01,2.172631e+01,2.174704e+01,2.178850e+01,2.177468e+01,2.162258e+01,2.160874e+01,2.163642e+01,2.144946e+01,2.156721e+01,2.158106e+01,2.169175e+01,2.170557e+01,2.183684e+01,2.179540e+01,2.182303e+01,2.184374e+01,2.183684e+01,2.182993e+01,2.185065e+01,2.186445e+01,2.185755e+01,2.162258e+01,2.182303e+01,2.160874e+01,2.171248e+01,2.187135e+01,2.187135e+01,2.179540e+01,2.181612e+01,2.156029e+01,2.148411e+01,2.154645e+01,2.163642e+01,2.170557e+01,2.162258e+01,2.157414e+01,2.147025e+01,2.164334e+01,2.165025e+01,2.165025e+01,2.169175e+01,2.176086e+01,2.171940e+01,2.169175e+01,2.171248e+01,2.174013e+01,2.174013e+01,2.170557e+01,2.176777e+01,2.188516e+01,2.186445e+01,2.174013e+01,2.185065e+01,2.179540e+01,2.176777e+01,2.181612e+01,2.186445e+01,2.192655e+01,2.196793e+01,2.191276e+01,2.194035e+01,2.181612e+01,2.182993e+01,2.178850e+01,2.190586e+01,2.178850e+01,2.196793e+01,2.180231e+01,2.181612e+01,2.172631e+01,2.186445e+01,2.191276e+01,2.174013e+01,2.160874e+01,2.156029e+01,2.164334e+01,2.170557e+01,2.176086e+01,2.191965e+01,2.188516e+01,2.163642e+01,2.174704e+01,2.169866e+01,2.182993e+01,2.165717e+01,2.178850e+01,2.180922e+01,2.172631e+01,2.176086e+01,2.176777e+01,2.177468e+01,2.189896e+01,2.179540e+01,2.198172e+01,2.197483e+01,2.196104e+01,2.188516e+01,2.180922e+01,2.183684e+01,2.165717e+01,2.164334e+01,2.171248e+01,2.176086e+01,2.160182e+01,2.166409e+01,2.170557e+01,2.177468e+01,2.174013e+01,2.178159e+01,2.177468e+01,2.172631e+01,2.174704e+01,2.167100e+01,2.178159e+01,2.171248e+01,2.156029e+01,2.160182e+01,2.167100e+01,2.161566e+01,2.182993e+01,2.168483e+01,2.175395e+01,2.167100e+01,2.159490e+01,2.167792e+01,2.169175e+01,2.167100e+01,2.150489e+01,2.167100e+01,2.157414e+01,2.149796e+01,2.148411e+01,2.149796e+01,2.149104e+01,2.153952e+01,2.144946e+01,2.155337e+01,2.157414e+01,2.153952e+01,2.142174e+01,2.157414e+01,2.115101e+01,2.150489e+01,2.148411e+01,2.153952e+01,2.147718e+01,2.137320e+01,2.147025e+01,2.145639e+01,2.145639e+01,2.166409e+01,2.165025e+01,2.176086e+01,2.181612e+01,2.172631e+01,2.157414e+01,2.182303e+01,2.160182e+01,2.165025e+01,2.173322e+01,2.170557e+01,2.167100e+01,2.170557e+01,2.174013e+01,2.153260e+01,2.167792e+01,2.170557e+01,2.154645e+01,2.164334e+01,2.167100e+01,2.164334e+01,2.160182e+01,2.166409e+01,2.159490e+01,2.159490e+01,2.167100e+01,2.158106e+01,2.177468e+01,2.167792e+01,2.162258e+01,2.179540e+01,2.161566e+01,2.178850e+01,2.194035e+01,2.184374e+01,2.186445e+01,2.200241e+01,2.184374e+01,2.187135e+01,2.191965e+01,2.186445e+01,2.189206e+01,2.185755e+01,2.195414e+01,2.191276e+01,2.178159e+01,2.184374e+01,2.176086e+01,2.178159e+01,2.180922e+01,2.175395e+01,2.180922e+01,2.179540e+01,2.184374e+01,2.183684e+01,2.185065e+01,2.184374e+01,2.172631e+01,2.169175e+01,2.171940e+01,2.165717e+01,2.165717e+01,2.162950e+01,2.170557e+01,2.186445e+01,2.174013e+01,2.176086e+01,2.186445e+01,2.174704e+01,2.170557e+01,2.177468e+01,2.172631e+01,2.182303e+01,2.175395e+01,2.174013e+01,2.160182e+01,2.171248e+01,2.158106e+01,2.156029e+01,2.162258e+01,2.163642e+01,2.158798e+01,2.167100e+01,2.158106e+01,2.167100e+01,2.163642e+01,2.144946e+01,2.160182e+01,2.151182e+01,2.150489e+01,2.152567e+01,2.154645e+01,2.158798e+01,2.149796e+01,2.147025e+01,2.146332e+01,2.151875e+01,2.157414e+01,2.144253e+01,2.153260e+01,2.144946e+01,2.144253e+01,2.131076e+01,2.139400e+01,2.147025e+01,2.138013e+01,2.138707e+01,2.135933e+01,2.137320e+01,2.146332e+01,2.133158e+01,2.142174e+01,2.123439e+01,2.127605e+01,2.119271e+01,2.123439e+01,2.136626e+01,2.124828e+01,2.123439e+01,2.109539e+01,2.115101e+01,2.121355e+01,2.125522e+01,2.123439e+01,2.113015e+01,2.118576e+01,2.119271e+01,2.113015e+01,2.124133e+01,2.112320e+01,2.115796e+01,2.119966e+01,2.110234e+01,2.106061e+01,2.102581e+01,2.093530e+01,2.098405e+01,2.099797e+01,2.085168e+01,2.085168e+01,2.105365e+01,2.083773e+01,2.097012e+01,2.080286e+01,2.087259e+01,2.085865e+01,2.103277e+01,2.131770e+01,2.134545e+01,2.149796e+01,2.137320e+01,2.153952e+01,2.153260e+01,2.155337e+01,2.140094e+01,2.162950e+01,2.144253e+01,2.148411e+01,2.148411e+01,2.155337e+01,2.155337e+01,2.141480e+01,2.161566e+01,2.137320e+01,2.144253e+01,2.143560e+01,2.140787e+01,2.137320e+01,2.134545e+01,2.133158e+01,2.139400e+01,2.128993e+01,2.140094e+01,2.134545e+01,2.122050e+01,2.130382e+01,2.126217e+01,2.127605e+01,2.120660e+01,2.121355e+01,2.133851e+01,2.122744e+01,2.139400e+01,2.130382e+01,2.120660e+01,2.142867e+01,2.144253e+01,2.135239e+01,2.134545e+01,2.135933e+01,2.136626e+01,2.151182e+01,2.140787e+01,2.129688e+01,2.139400e+01,2.155337e+01,2.151182e+01,2.160874e+01,2.146332e+01,2.142174e+01,2.144253e+01
2.161566e+01,2.162258e+01,2.167100e+01,2.178850e+01,2.158106e+01,2.158798e+01,2.164334e+01,2.151875e+01,2.163642e+01,2.167792e+01,2.170557e+01,2.167100e+01,2.160874e+01,2.162950e+01,2.162950e+01,2.170557e+01,2.180922e+01,2.166409e+01,2.161566e+01,2.149796e+01,2.161566e+01,2.153952e+01,2.154645e+01,2.159490e+01,2.162950e+01,2.156721e+01,2.151875e+01,2.160182e+01,2.161566e+01,2.160874e+01,2.162258e+01,2.161566e+01,2.162258e+01,2.163642e+01,2.178850e+01,2.163642e+01,2.173322e+01,2.168483e+01,2.163642e+01,2.167100e+01,2.171248e+01,2.172631e+01,2.172631e+01,2.180922e+01,2.175395e+01,2.174013e+01,2.175395e+01,2.173322e+01,2.172631e+01,2.174704e+01,2.184374e+01,2.171248e+01,2.171248e+01,2.169175e+01,2.173322e+01,2.188516e+01,2.185755e+01,2.186445e+01,2.174704e+01,2.180231e+01,2.170557e+01,2.185065e+01,2.179540e+01,2.174704e+01,2.182993e+01,2.179540e+01,2.184374e+01,2.187135e+01,2.185065e+01,2.186445e+01,2.180922e+01,2.180922e+01,2.184374e+01,2.190586e+01,2.190586e+01,2.178159e+01,2.178159e+01,2.178159e+01,2.174013e+01,2.174704e+01,2.178850e+01,2.173322e+01,2.167100e+01,2.171248e+01,2.175395e+01,2.178159e+01,2.175395e+01,2.178850e+01,2.181612e+01,2.180922e+01,2.180231e+01,2.178159e+01,2.178850e+01,2.176086e+01,2.172631e+01,2.168483e+01,2.171940e+01,2.165717e+01,2.162258e+01,2.160182e+01,2.153952e+01,2.151182e+01,2.164334e+01,2.146332e+01,2.120660e+01,2.137320e+01,2.119966e+01,2.124828e+01,2.128299e+01,2.128299e+01,2.133158e+01,2.131770e+01,2.130382e+01,2.132464e+01,2.138013e+01,2.131770e+01,2.131770e+01,2.150489e+01,2.139400e+01,2.140094e+01,2.150489e+01,2.156029e+01,2.149104e+01,2.156029e+01,2.152567e+01,2.156721e+01,2.148411e+01,2.151182e+01,2.157414e+01,2.151875e+01,2.158106e+01,2.151182e+01,2.148411e+01,2.147718e+01,2.147718e+01,2.158798e+01,2.147718e+01,2.159490e+01,2.156721e+01,2.158798e+01,2.160874e+01,2.158106e+01,2.155337e+01,2.150489e+01,2.167100e+01,2.166409e+01,2.155337e+01,2.164334e+01,2.151875e+01,2.165025e+01,2.164334e+01,2.160874e+01,2.162950e+01,2.152567e+01,2.168483e+01,2.165717e+01,2.167100e+01,2.171940e+01,2.165025e+01,2.156721e+01,2.162950e+01,2.168483e+01,2.162950e+01,2.166409e+01,2.165717e+01,2.166409e+01,2.165717e+01,2.162950e+01,2.187135e+01,2.171248e+01,2.165717e+01,2.171248e+01,2.171248e+01,2.171940e+01,2.169866e+01,2.183684e+01,2.166409e+01,2.169866e+01,2.174704e+01,2.175395e+01,2.151875e+01,2.170557e+01,2.158798e+01,2.161566e+01,2.162950e+01,2.151182e+01,2.160182e+01,2.162950e+01,2.173322e+01,2.182993e+01,2.172631e+01,2.181612e+01,2.158798e+01,2.174013e+01,2.175395e+01,2.182993e+01,2.186445e+01,2.180231e+01,2.170557e+01,2.144946e+01,2.135933e+01,2.128993e+01,2.133851e+01,2.130382e+01,2.133851e+01,2.135933e+01,2.131770e+01,2.128993e+01,2.134545e+01,2.131770e+01,2.144946e+01,2.145639e+01,2.183684e+01,2.187135e+01,2.179540e+01,2.197483e+01,2.189896e+01,2.179540e+01,2.198862e+01,2.191276e+01,2.194725e+01,2.188516e+01,2.192655e+01,2.184374e+01,2.191965e+01,2.199551e+01,2.187135e+01,2.201619e+01,2.189896e+01,2.189896e+01,2.194035e+01,2.190586e+01,2.205065e+01,2.207820e+01,2.204376e+01,2.204376e+01,2.202308e+01,2.200930e+01,2.205065e+01,2.202308e+01,2.200930e+01,2.198172e+01,2.203687e+01,2.202308e+01,2.211263e+01,2.204376e+01,2.206442e+01,2.197483e+01,2.194035e+01,2.193345e+01,2.170557e+01,2.155337e+01,2.149796e+01,2.165717e+01,2.156721e+01,2.188516e+01,2.187825e+01,2.174013e+01,2.177468e+01,2.198862e+01,2.191276e+01,2.191276e+01,2.189206e+01,2.187135e+01,2.192655e+01,2.182993e+01,2.180922e+01,2.171940e+01,2.174704e+01,2.169866e+01,2.173322e+01,2.164334e+01,2.174704e+01,2.178850e+01,2.166409e+01,2.178850e+01,2.181612e+01,2.176086e+01,2.167100e+01,2.174013e+01,2.169866e+01,2.171940e+01,2.176086e+01,2.180922e+01,2.171248e+01,2.169175e+01,2.175395e+01,2.169175e+01,2.175395e+01,2.175395e+01,2.174013e+01,2.176086e+01,2.171248e+01,2.168483e+01,2.156029e+01,2.154645e+01,2.162950e+01,2.156029e+01,2.156721e+01,2.184374e+01,2.188516e+01,2.181612e+01,2.180922e+01,2.185065e+01,2.189206e+01,2.185065e+01,2.182993e+01,2.177468e+01,2.183684e+01,2.183684e+01,2.181612e+01,2.184374e+01,2.183684e+01,2.182303e+01,2.181612e+01,2.181612e+01,2.182303e+01,2.169866e+01,2.172631e+01,2.166409e+01,2.154645e+01,2.148411e+01,2.169866e+01,2.148411e+01,2.156029e+01,2.151182e+01,2.169866e+01,2.165025e+01,2.166409e+01,2.159490e+01,2.170557e+01,2.175395e+01,2.161566e+01,2.165717e+01,2.176777e+01,2.176777e+01,2.166409e+01,2.174704e+01,2.176086e+01,2.176777e+01,2.175395e+01,2.181612e+01,2.183684e+01,2.194035e+01,2.186445e+01,2.183684e+01,2.182303e+01,2.191276e+01,2.184374e+01,2.177468e+01,2.203687e+01,2.194035e+01,2.185065e+01,2.187825e+01,2.178159e+01,2.170557e+01,2.202308e+01,2.185755e+01,2.182993e+01,2.179540e+01,2.185755e+01,2.177468e+01,2.155337e+01,2.163642e+01,2.162950e+01,2.159490e+01,2.177468e+01,2.194725e+01,2.197483e+01,2.200241e+01,2.207820e+01,2.184374e+01,2.187825e+01,2.180231e+01,2.180231e+01,2.196104e+01,2.194725e+01,2.197483e+01,2.198862e+01,2.205754e+01,2.201619e+01,2.204376e+01,2.194725e+01,2.189896e+01,2.200241e+01,2.189896e+01,2.178159e+01,2.176777e+01,2.166409e+01,2.165717e+01,2.170557e+01,2.182993e+01,2.169866e+01,2.173322e+01,2.178159e+01,2.167100e+01,2.165717e+01,2.175395e+01,2.167100e+01,2.169866e+01,2.176086e+01,2.179540e+01,2.165717e+01,2.165025e+01,2.166409e+01,2.158798e+01,2.157414e+01,2.167100e+01,2.174704e+01,2.181612e+01,2.178159e+01,2.166409e+01,2.172631e+01,2.170557e+01,2.171248e+01,2.171940e+01,2.168483e+01,2.167100e+01,2.147718e+01,2.162258e+01,2.162258e+01,2.160182e+01,2.158106e+01,2.160182e+01,2.142867e+01,2.153260e+01,2.159490e+01,2.140094e+01,2.143560e+01,2.144946e+01,2.150489e+01,2.145639e+01,2.151182e+01,2.153260e+01,2.153260e+01,2.153952e+01,2.158106e+01,2.161566e+01,2.165025e+01,2.171248e+01,2.160874e+01,2.170557e+01,2.171940e+01,2.182993e+01,2.180922e+01,2.176777e+01,2.180231e+01,2.161566e+01,2.176777e+01,2.174013e+01,2.169175e+01,2.165717e+01,2.172631e+01,2.174013e+01,2.174013e+01,2.168483e+01,2.158798e+01,2.168483e+01,2.169866e+01,2.160874e+01,2.163642e+01,2.172631e+01,2.164334e+01,2.169175e+01,2.174704e+01,2.173322e+01,2.179540e+01,2.177468e+01,2.185065e+01,2.196793e+01,2.171940e+01,2.177468e+01,2.189896e+01,2.176086e+01,2.179540e+01,2.180231e+01,2.192655e+01,2.182993e+01,2.187825e+01,2.188516e+01,2.188516e+01,2.184374e+01,2.187825e+01,2.193345e+01,2.185065e+01,2.186445e+01,2.185065e+01,2.181612e+01,2.178159e+01,2.177468e+01,2.182993e+01,2.177468e+01,2.179540e+01,2.179540e+01,2.168483e+01,2.172631e+01,2.176086e+01,2.171248e+01,2.171940e+01,2.167792e+01,2.169866e+01,2.165025e+01,2.172631e+01,2.181612e+01,2.194725e+01,2.177468e+01,2.178159e+01,2.177468e+01,2.177468e+01,2.176777e+01,2.181612e+01,2.178159e+01,2.178159e+01,2.176086e+01,2.180231e+01,2.160874e+01,2.158106e+01,2.178159e+01,2.162258e+01,2.149796e+01,2.169866e+01,2.163642e+01,2.156029e+01,2.155337e+01,2.170557e+01,2.151182e+01,2.167792e+01,2.162950e+01,2.159490e+01,2.144253e+01,2.159490e+01,2.158106e+01,2.147718e+01,2.151875e+01,2.149104e+01,2.147718e+01,2.144253e+01,2.145639e+01,2.141480e+01,2.133851e+01,2.143560e+01,2.143560e+01,2.144946e+01,2.149796e+01,2.135933e+01,2.148411e+01,2.145639e+01,2.150489e+01,2.144946e+01,2.140094e+01,2.129688e+01,2.125522e+01,2.130382e+01,2.121355e+01,2.119966e+01,2.131770e+01,2.124828e+01,2.122050e+01,2.113015e+01,2.131076e+01,2.122744e+01,2.118576e+01,2.122050e+01,2.125522e+01,2.120660e+01,2.115796e+01,2.121355e+01,2.110234e+01,2.113015e+01,2.106061e+01,2.103277e+01,2.110929e+01,2.102581e+01,2.108843e+01,2.101189e+01,2.104669e+01,2.108148e+01,2.100493e+01,2.108148e+01,2.094923e+01,2.096316e+01,2.085865e+01,2.090047e+01,2.096316e+01,2.101885e+01,2.101885e+01,2.131076e+01,2.149796e+01,2.150489e+01,2.165717e+01,2.147025e+01,2.155337e+01,2.157414e+01,2.156029e+01,2.147718e+01,2.144253e+01,2.151875e+01,2.137320e+01,2.149796e+01,2.144253e+01,2.156721e+01,2.150489e+01,2.147718e+01,2.147025e+01,2.138707e+01,2.140787e+01,2.128299e+01,2.142867e+01,2.116491e+01,2.132464e+01,2.129688e+01,2.126911e+01,2.126217e+01,2.131076e+01,2.136626e+01,2.124828e+01,2.134545e+01,2.123439e+01,2.128299e+01,2.124828e+01,2.126911e+01,2.129688e+01,2.128993e+01,2.136626e+01,2.129688e+01,2.129688e+01,2.144946e+01,2.127605e+01,2.150489e+01,2.149796e+01,2.151182e+01,2.135239e+01,2.140787e+01,2.130382e+01,2.132464e+01,2.134545e+01,2.160874e+01,2.151182e+01,2.151875e+01,2.138013e+01
2.161566e+01,2.163642e+01,2.160182e+01,2.164334e+01,2.164334e+01,2.166409e+01,2.153952e+01,2.169175e+01,2.158798e+01,2.163642e+01,2.148411e+01,2.163642e+01,2.161566e+01,2.155337e+01,2.161566e+01,2.160182e+01,2.165025e+01,2.160182e+01,2.160182e+01,2.176777e+01,2.161566e+01,2.152567e+01,2.169866e+01,2.152567e+01,2.165717e+01,2.164334e+01,2.158798e+01,2.162950e+01,2.169175e+01,2.146332e+01,2.162950e+01,2.165717e+01,2.163642e+01,2.162258e+01,2.162258e+01,2.163642e+01,2.163642e+01,2.167792e+01,2.165025e+01,2.171940e+01,2.167100e+01,2.167100e+01,2.166409e+01,2.168483e+01,2.171248e+01,2.167792e+01,2.176086e+01,2.160182e+01,2.180231e+01,2.171248e+01,2.180922e+01,2.178850e+01,2.162950e+01,2.174013e+01,2.171940e+01,2.171940e+01,2.183684e+01,2.177468e+01,2.178850e+01,2.189896e+01,2.178850e+01,2.174013e+01,2.187825e+01,2.187135e+01,2.181612e+01,2.182993e+01,2.178850e+01,2.185065e+01,2.171940e+01,2.186445e+01,2.183684e+01,2.182303e+01,2.169866e+01,2.186445e+01,2.178159e+01,2.175395e+01,2.175395e+01,2.187825e+01,2.176086e+01,2.185755e+01,2.174704e+01,2.170557e+01,2.178159e+01,2.171248e+01,2.175395e+01,2.176777e+01,2.186445e+01,2.174013e+01,2.171248e+01,2.178159e+01,2.172631e+01,2.182303e+01,2.176086e+01,2.165717e+01,2.168483e+01,2.176777e+01,2.160182e+01,2.171248e+01,2.162950e+01,2.158798e+01,2.158106e+01,2.153952e+01,2.128299e+01,2.123439e+01,2.118576e+01,2.133851e+01,2.116491e+01,2.126911e+01,2.124133e+01,2.116491e+01,2.126911e+01,2.128993e+01,2.132464e+01,2.135239e+01,2.129688e+01,2.135239e+01,2.137320e+01,2.151875e+01,2.140094e+01,2.153952e+01,2.142867e+01,2.153260e+01,2.150489e+01,2.154645e+01,2.161566e+01,2.152567e+01,2.150489e+01,2.157414e+01,2.147718e+01,2.160182e+01,2.159490e+01,2.150489e+01,2.141480e+01,2.147718e+01,2.148411e+01,2.150489e+01,2.147025e+01,2.151875e+01,2.159490e+01,2.157414e+01,2.154645e+01,2.153952e+01,2.149796e+01,2.154645e+01,2.153260e+01,2.149104e+01,2.165025e+01,2.153260e+01,2.162950e+01,2.162950e+01,2.149796e+01,2.160182e+01,2.160182e+01,2.164334e+01,2.164334e+01,2.156721e+01,2.143560e+01,2.165025e+01,2.167100e+01,2.164334e+01,2.163642e+01,2.161566e+01,2.163642e+01,2.164334e+01,2.167792e+01,2.167792e+01,2.167792e+01,2.166409e+01,2.162950e+01,2.168483e+01,2.174013e+01,2.167792e+01,2.161566e+01,2.169175e+01,2.168483e+01,2.160874e+01,2.164334e+01,2.172631e+01,2.169866e+01,2.169866e+01,2.172631e+01,2.164334e+01,2.156029e+01,2.165025e+01,2.162258e+01,2.173322e+01,2.181612e+01,2.175395e+01,2.184374e+01,2.184374e+01,2.182303e+01,2.174013e+01,2.185065e+01,2.176777e+01,2.174013e+01,2.171940e+01,2.165025e+01,2.171940e+01,2.170557e+01,2.170557e+01,2.158798e+01,2.129688e+01,2.146332e+01,2.134545e+01,2.120660e+01,2.136626e+01,2.119271e+01,2.126217e+01,2.139400e+01,2.117186e+01,2.133851e+01,2.148411e+01,2.188516e+01,2.169866e+01,2.189896e+01,2.187135e+01,2.189896e+01,2.187825e+01,2.176777e+01,2.198862e+01,2.194035e+01,2.196793e+01,2.199551e+01,2.197483e+01,2.187135e+01,2.199551e+01,2.194035e+01,2.196793e+01,2.200241e+01,2.199551e+01,2.191276e+01,2.211263e+01,2.202997e+01,2.191965e+01,2.205065e+01,2.207131e+01,2.186445e+01,2.199551e+01,2.199551e+01,2.202997e+01,2.200241e+01,2.204376e+01,2.198862e+01,2.196793e+01,2.194725e+01,2.196104e+01,2.187825e+01,2.194035e+01,2.189206e+01,2.165717e+01,2.144946e+01,2.135933e+01,2.145639e+01,2.149104e+01,2.149104e+01,2.162258e+01,2.180922e+01,2.176777e+01,2.154645e+01,2.171248e+01,2.165717e+01,2.165025e+01,2.187825e+01,2.174013e+01,2.173322e+01,2.181612e+01,2.185065e+01,2.174704e+01,2.171940e+01,2.164334e+01,2.172631e+01,2.171248e+01,2.170557e+01,2.166409e+01,2.174704e+01,2.182303e+01,2.168483e+01,2.160874e+01,2.180231e+01,2.167792e+01,2.170557e+01,2.175395e+01,2.177468e+01,2.164334e+01,2.165025e+01,2.167100e+01,2.174704e+01,2.164334e+01,2.168483e+01,2.167792e+01,2.163642e+01,2.163642e+01,2.171940e+01,2.167100e+01,2.155337e+01,2.172631e+01,2.138707e+01,2.165025e+01,2.167100e+01,2.192655e+01,2.184374e+01,2.179540e+01,2.183684e+01,2.186445e+01,2.180231e+01,2.173322e+01,2.185755e+01,2.184374e+01,2.185065e+01,2.184374e+01,2.185755e+01,2.168483e+01,2.182993e+01,2.184374e+01,2.177468e+01,2.174704e+01,2.180922e+01,2.169866e+01,2.169866e+01,2.162950e+01,2.176086e+01,2.156029e+01,2.162258e+01,2.154645e+01,2.158798e+01,2.151182e+01,2.163642e+01,2.153952e+01,2.131076e+01,2.145639e+01,2.167100e+01,2.156029e+01,2.160874e+01,2.165717e+01,2.160182e+01,2.160182e+01,2.162950e+01,2.171940e+01,2.174013e+01,2.172631e+01,2.170557e+01,2.165025e+01,2.176777e+01,2.180922e+01,2.179540e+01,2.182993e+01,2.174704e+01,2.167792e+01,2.178850e+01,2.182993e+01,2.193345e+01,2.169866e+01,2.185065e+01,2.180922e+01,2.177468e+01,2.172631e+01,2.180922e+01,2.177468e+01,2.183684e+01,2.202997e+01,2.184374e+01,2.184374e+01,2.158798e+01,2.153952e+01,2.156029e+01,2.153952e+01,2.193345e+01,2.191965e+01,2.192655e+01,2.198862e+01,2.199551e+01,2.194035e+01,2.204376e+01,2.206442e+01,2.189206e+01,2.195414e+01,2.199551e+01,2.198862e+01,2.201619e+01,2.203687e+01,2.205754e+01,2.205754e+01,2.200241e+01,2.204376e+01,2.200241e+01,2.201619e+01,2.203687e+01,2.178159e+01,2.179540e+01,2.176086e+01,2.181612e+01,2.172631e+01,2.171248e+01,2.181612e+01,2.171248e+01,2.167792e+01,2.178159e+01,2.176086e+01,2.178850e+01,2.186445e+01,2.176086e+01,2.182993e+01,2.174704e+01,2.156721e+01,2.170557e+01,2.158798e+01,2.175395e+01,2.163642e+01,2.168483e+01,2.169175e+01,2.167792e+01,2.173322e+01,2.167100e+01,2.170557e+01,2.151875e+01,2.167792e+01,2.169175e+01,2.158106e+01,2.166409e+01,2.160874e+01,2.169175e+01,2.160182e+01,2.158798e+01,2.143560e+01,2.147718e+01,2.162950e+01,2.160874e+01,2.158798e+01,2.148411e+01,2.152567e+01,2.158106e+01,2.148411e+01,2.147718e+01,2.149796e+01,2.155337e+01,2.152567e+01,2.167792e+01,2.165025e+01,2.165025e+01,2.166409e+01,2.167792e+01,2.173322e+01,2.172631e+01,2.178159e+01,2.179540e+01,2.165717e+01,2.176086e+01,2.178850e+01,2.171940e+01,2.174013e+01,2.176086e+01,2.176086e+01,2.168483e+01,2.176086e+01,2.163642e+01,2.156721e+01,2.176777e+01,2.163642e+01,2.163642e+01,2.159490e+01,2.171940e+01,2.167100e+01,2.169866e+01,2.177468e+01,2.183684e+01,2.182303e+01,2.169866e+01,2.185065e+01,2.188516e+01,2.190586e+01,2.184374e+01,2.197483e+01,2.182993e+01,2.189896e+01,2.183684e+01,2.189206e+01,2.192655e+01,2.191965e+01,2.188516e+01,2.191276e+01,2.182993e+01,2.183684e+01,2.185065e+01,2.183684e+01,2.185755e+01,2.186445e+01,2.177468e+01,2.183684e+01,2.176777e+01,2.170557e+01,2.185065e+01,2.182303e+01,2.185755e+01,2.176086e+01,2.185755e+01,2.172631e+01,2.172631e+01,2.170557e+01,2.176086e+01,2.180922e+01,2.167792e+01,2.167100e+01,2.160874e+01,2.174013e+01,2.188516e+01,2.174704e+01,2.171248e+01,2.180231e+01,2.169866e+01,2.178159e+01,2.175395e+01,2.182303e+01,2.168483e+01,2.175395e+01,2.167792e+01,2.169866e+01,2.160874e+01,2.161566e+01,2.167792e+01,2.168483e+01,2.169866e+01,2.153260e+01,2.156029e+01,2.159490e+01,2.164334e+01,2.156721e+01,2.152567e+01,2.162258e+01,2.161566e+01,2.158798e+01,2.156721e+01,2.149104e+01,2.145639e+01,2.147718e+01,2.147718e+01,2.151182e+01,2.131076e+01,2.144946e+01,2.142174e+01,2.145639e+01,2.144946e+01,2.123439e+01,2.127605e+01,2.128993e+01,2.138013e+01,2.124828e+01,2.149796e+01,2.131770e+01,2.142174e+01,2.142867e+01,2.133851e+01,2.119271e+01,2.124133e+01,2.121355e+01,2.115796e+01,2.117186e+01,2.117881e+01,2.125522e+01,2.123439e+01,2.131076e+01,2.115101e+01,2.121355e+01,2.118576e+01,2.111625e+01,2.113711e+01,2.110234e+01,2.120660e+01,2.115796e+01,2.108148e+01,2.117186e+01,2.097709e+01,2.097012e+01,2.105365e+01,2.102581e+01,2.099797e+01,2.100493e+01,2.096316e+01,2.102581e+01,2.103277e+01,2.099797e+01,2.099101e+01,2.094923e+01,2.090047e+01,2.092137e+01,2.080984e+01,2.103277e+01,2.130382e+01,2.131076e+01,2.149796e+01,2.131770e+01,2.151875e+01,2.138013e+01,2.137320e+01,2.153952e+01,2.146332e+01,2.142867e+01,2.138013e+01,2.151182e+01,2.142867e+01,2.140094e+01,2.138707e+01,2.143560e+01,2.149796e+01,2.140094e+01,2.142867e+01,2.116491e+01,2.136626e+01,2.140094e+01,2.129688e+01,2.136626e+01,2.128993e+01,2.126911e+01,2.125522e+01,2.126217e+01,2.129688e+01,2.123439e+01,2.124828e+01,2.125522e+01,2.129688e+01,2.127605e+01,2.128299e+01,2.136626e+01,2.136626e+01,2.125522e+01,2.127605e+01,2.141480e+01,2.134545e+01,2.145639e+01,2.152567e+01,2.130382e+01,2.126217e+01,2.140094e+01,2.148411e+01,2.145639e+01,2.153260e+01,2.131770e+01,2.135933e+01,2.158798e+01,2.151182e+01,2.144946e+01
2.160874e+01,2.152567e+01,2.160874e+01,2.160874e+01,2.176777e+01,2.164334e+01,2.156721e+01,2.158106e+01,2.158798e+01,2.176777e+01,2.165025e+01,2.162950e+01,2.164334e+01,2.163642e+01,2.153952e+01,2.165717e+01,2.162258e+01,2.156029e+01,2.166409e+01,2.161566e+01,2.169175e+01,2.157414e+01,2.155337e+01,2.149104e+01,2.158106e+01,2.158106e+01,2.142174e+01,2.137320e+01,2.159490e+01,2.158106e+01,2.165717e+01,2.168483e+01,2.160874e+01,2.164334e+01,2.161566e+01,2.167100e+01,2.165717e+01,2.164334e+01,2.167792e+01,2.170557e+01,2.169866e+01,2.185065e+01,2.175395e+01,2.174704e+01,2.178850e+01,2.172631e+01,2.170557e+01,2.174013e+01,2.176777e+01,2.165717e+01,2.177468e+01,2.177468e+01,2.172631e+01,2.165025e+01,2.177468e+01,2.179540e+01,2.184374e+01,2.198172e+01,2.175395e+01,2.182993e+01,2.188516e+01,2.165717e+01,2.181612e+01,2.176777e+01,2.187825e+01,2.173322e+01,2.181612e+01,2.184374e+01,2.183684e+01,2.179540e+01,2.185755e+01,2.175395e+01,2.156029e+01,2.183684e+01,2.176086e+01,2.174704e+01,2.181612e+01,2.169175e+01,2.175395e+01,2.177468e+01,2.185755e+01,2.176777e+01,2.176777e+01,2.177468e+01,2.178159e+01,2.174013e+01,2.174704e+01,2.178159e+01,2.176777e+01,2.175395e+01,2.179540e+01,2.176086e+01,2.172631e+01,2.158106e+01,2.174704e+01,2.171248e+01,2.170557e+01,2.160182e+01,2.156029e+01,2.156721e+01,2.154645e+01,2.156721e+01,2.146332e+01,2.126911e+01,2.113711e+01,2.117881e+01,2.117186e+01,2.114406e+01,2.126217e+01,2.128993e+01,2.125522e+01,2.137320e+01,2.133851e+01,2.138013e+01,2.137320e+01,2.139400e+01,2.127605e+01,2.147718e+01,2.147718e+01,2.145639e+01,2.144946e+01,2.151182e+01,2.149104e+01,2.164334e+01,2.162258e+01,2.154645e+01,2.159490e+01,2.151182e+01,2.150489e+01,2.150489e+01,2.159490e+01,2.161566e+01,2.162258e+01,2.145639e+01,2.153260e+01,2.151875e+01,2.148411e+01,2.149104e+01,2.147025e+01,2.156029e+01,2.154645e+01,2.157414e+01,2.151875e+01,2.160182e+01,2.151182e+01,2.162258e+01,2.155337e+01,2.164334e+01,2.152567e+01,2.161566e+01,2.153952e+01,2.179540e+01,2.156721e+01,2.161566e+01,2.157414e+01,2.160182e+01,2.170557e+01,2.161566e+01,2.167100e+01,2.165025e+01,2.159490e+01,2.165025e+01,2.163642e+01,2.166409e+01,2.168483e+01,2.169175e+01,2.168483e+01,2.167100e+01,2.165717e+01,2.188516e+01,2.174704e+01,2.167792e+01,2.167100e+01,2.171248e+01,2.167792e+01,2.174704e+01,2.177468e+01,2.171248e+01,2.171940e+01,2.167100e+01,2.162950e+01,2.169866e+01,2.153952e+01,2.156029e+01,2.163642e+01,2.168483e+01,2.174013e+01,2.180922e+01,2.175395e+01,2.187135e+01,2.187135e+01,2.178850e+01,2.183684e+01,2.179540e+01,2.178850e+01,2.176777e+01,2.181612e+01,2.173322e+01,2.172631e+01,2.201619e+01,2.172631e+01,2.168483e+01,2.136626e+01,2.134545e+01,2.133158e+01,2.119966e+01,2.122050e+01,2.125522e+01,2.126217e+01,2.133158e+01,2.147025e+01,2.134545e+01,2.155337e+01,2.181612e+01,2.182993e+01,2.180231e+01,2.187135e+01,2.183684e+01,2.188516e+01,2.190586e+01,2.203687e+01,2.190586e+01,2.204376e+01,2.200241e+01,2.200241e+01,2.201619e+01,2.212641e+01,2.202997e+01,2.198172e+01,2.200241e+01,2.193345e+01,2.189206e+01,2.191965e+01,2.200930e+01,2.188516e+01,2.203687e+01,2.203687e+01,2.202997e+01,2.202308e+01,2.198862e+01,2.198862e+01,2.204376e+01,2.196104e+01,2.196793e+01,2.200241e+01,2.187135e+01,2.189206e+01,2.192655e+01,2.190586e+01,2.166409e+01,2.166409e+01,2.142867e+01,2.138707e+01,2.144253e+01,2.148411e+01,2.150489e+01,2.160182e+01,2.149796e+01,2.173322e+01,2.162258e+01,2.171940e+01,2.171248e+01,2.168483e+01,2.178159e+01,2.170557e+01,2.185065e+01,2.182303e+01,2.169866e+01,2.176777e+01,2.177468e+01,2.166409e+01,2.175395e+01,2.160874e+01,2.167100e+01,2.180231e+01,2.169866e+01,2.176777e+01,2.165025e+01,2.162258e+01,2.169175e+01,2.182303e+01,2.175395e+01,2.174013e+01,2.177468e+01,2.177468e+01,2.174704e+01,2.176777e+01,2.167100e+01,2.176086e+01,2.158106e+01,2.160182e+01,2.176086e+01,2.167100e+01,2.165025e+01,2.155337e+01,2.167792e+01,2.167792e+01,2.167100e+01,2.172631e+01,2.174704e+01,2.174013e+01,2.178159e+01,2.185065e+01,2.181612e+01,2.176086e+01,2.172631e+01,2.181612e+01,2.183684e+01,2.184374e+01,2.181612e+01,2.185065e+01,2.189206e+01,2.184374e+01,2.178850e+01,2.182303e+01,2.171248e+01,2.171940e+01,2.163642e+01,2.166409e+01,2.184374e+01,2.161566e+01,2.155337e+01,2.158798e+01,2.156721e+01,2.153260e+01,2.150489e+01,2.153260e+01,2.149796e+01,2.156029e+01,2.147025e+01,2.158798e+01,2.153260e+01,2.142174e+01,2.152567e+01,2.153952e+01,2.156721e+01,2.159490e+01,2.164334e+01,2.162258e+01,2.161566e+01,2.169175e+01,2.164334e+01,2.169175e+01,2.174013e+01,2.160182e+01,2.165717e+01,2.178850e+01,2.165025e+01,2.165717e+01,2.182303e+01,2.185065e+01,2.180922e+01,2.178850e+01,2.182303e+01,2.168483e+01,2.174704e+01,2.175395e+01,2.186445e+01,2.202308e+01,2.191276e+01,2.202997e+01,2.187135e+01,2.165717e+01,2.156029e+01,2.148411e+01,2.157414e+01,2.175395e+01,2.199551e+01,2.196104e+01,2.197483e+01,2.195414e+01,2.200241e+01,2.201619e+01,2.186445e+01,2.202997e+01,2.198862e+01,2.202997e+01,2.203687e+01,2.204376e+01,2.205065e+01,2.203687e+01,2.209886e+01,2.204376e+01,2.201619e+01,2.212641e+01,2.205065e+01,2.202997e+01,2.182993e+01,2.182303e+01,2.163642e+01,2.171940e+01,2.180922e+01,2.180922e+01,2.178159e+01,2.178850e+01,2.162258e+01,2.178850e+01,2.173322e+01,2.173322e+01,2.177468e+01,2.176086e+01,2.176777e+01,2.174013e+01,2.174013e+01,2.178850e+01,2.186445e+01,2.174013e+01,2.171940e+01,2.169175e+01,2.172631e+01,2.171248e+01,2.182993e+01,2.187825e+01,2.167792e+01,2.172631e+01,2.168483e+01,2.169175e+01,2.165717e+01,2.160874e+01,2.154645e+01,2.163642e+01,2.160182e+01,2.160182e+01,2.159490e+01,2.162950e+01,2.164334e+01,2.160874e+01,2.157414e+01,2.158106e+01,2.146332e+01,2.160182e+01,2.149104e+01,2.161566e+01,2.166409e+01,2.174704e+01,2.168483e+01,2.169866e+01,2.169866e+01,2.166409e+01,2.165025e+01,2.180231e+01,2.176777e+01,2.176777e+01,2.175395e+01,2.180922e+01,2.178159e+01,2.178159e+01,2.180231e+01,2.178850e+01,2.165025e+01,2.167100e+01,2.169866e+01,2.177468e+01,2.171940e+01,2.154645e+01,2.168483e+01,2.159490e+01,2.170557e+01,2.160182e+01,2.169866e+01,2.155337e+01,2.162258e+01,2.178159e+01,2.174013e+01,2.169866e+01,2.181612e+01,2.180231e+01,2.178850e+01,2.179540e+01,2.187135e+01,2.194725e+01,2.183684e+01,2.182993e+01,2.189896e+01,2.187825e+01,2.206442e+01,2.207820e+01,2.191276e+01,2.189896e+01,2.185755e+01,2.185065e+01,2.182303e+01,2.189896e+01,2.191276e+01,2.188516e+01,2.181612e+01,2.174704e+01,2.181612e+01,2.172631e+01,2.167792e+01,2.176086e+01,2.185065e+01,2.186445e+01,2.182303e+01,2.172631e+01,2.176086e+01,2.172631e+01,2.180231e+01,2.167100e+01,2.169866e+01,2.182993e+01,2.178159e+01,2.182303e+01,2.185755e+01,2.173322e+01,2.191276e+01,2.175395e+01,2.182993e+01,2.171940e+01,2.180922e+01,2.176777e+01,2.174704e+01,2.169175e+01,2.178850e+01,2.172631e+01,2.162950e+01,2.167792e+01,2.167100e+01,2.166409e+01,2.165025e+01,2.158798e+01,2.156029e+01,2.182993e+01,2.165025e+01,2.153952e+01,2.160182e+01,2.158106e+01,2.143560e+01,2.140787e+01,2.152567e+01,2.156029e+01,2.138013e+01,2.152567e+01,2.147718e+01,2.153952e+01,2.141480e+01,2.144253e+01,2.128993e+01,2.131770e+01,2.135239e+01,2.144946e+01,2.123439e+01,2.143560e+01,2.129688e+01,2.130382e+01,2.128993e+01,2.131076e+01,2.147718e+01,2.126911e+01,2.131770e+01,2.120660e+01,2.117186e+01,2.121355e+01,2.122050e+01,2.104669e+01,2.127605e+01,2.117186e+01,2.135933e+01,2.118576e+01,2.126911e+01,2.111625e+01,2.124133e+01,2.120660e+01,2.117881e+01,2.118576e+01,2.119271e+01,2.109539e+01,2.108148e+01,2.103973e+01,2.097012e+01,2.104669e+01,2.101885e+01,2.099797e+01,2.093530e+01,2.099797e+01,2.100493e+01,2.097709e+01,2.105365e+01,2.088653e+01,2.098405e+01,2.097012e+01,2.090743e+01,2.086562e+01,2.084470e+01,2.061436e+01,2.087259e+01,2.143560e+01,2.133158e+01,2.142867e+01,2.132464e+01,2.150489e+01,2.154645e+01,2.158798e+01,2.155337e+01,2.155337e+01,2.167792e+01,2.148411e+01,2.142867e+01,2.144946e+01,2.138707e+01,2.152567e+01,2.153260e+01,2.147025e+01,2.143560e+01,2.140094e+01,2.141480e+01,2.131076e+01,2.137320e+01,2.134545e+01,2.130382e+01,2.134545e+01,2.142867e+01,2.136626e+01,2.128993e+01,2.135933e+01,2.142174e+01,2.128993e+01,2.126911e+01,2.127605e+01,2.139400e+01,2.126911e+01,2.131770e+01,2.129688e+01,2.131770e+01,2.146332e+01,2.133158e+01,2.113711e+01,2.144253e+01,2.142174e+01,2.148411e+01,2.137320e+01,2.152567e+01,2.143560e+01,2.140094e+01,2.138707e+01,2.141480e+01,2.156029e+01,2.149796e+01,2.141480e+01,2.151182e+01
2.156029e+01,2.160182e+01,2.160182e+01,2.171940e+01,2.156721e+01,2.160182e+01,2.158106e+01,2.161566e+01,2.156029e+01,2.165717e+01,2.165025e+01,2.161566e+01,2.162258e+01,2.163642e+01,2.162258e+01,2.151875e+01,2.166409e+01,2.163642e+01,2.150489e+01,2.148411e+01,2.158106e+01,2.149796e+01,2.161566e+01,2.152567e+01,2.169866e+01,2.151875e+01,2.159490e+01,2.165025e+01,2.160182e+01,2.151875e+01,2.156721e+01,2.162258e+01,2.161566e+01,2.165025e+01,2.181612e+01,2.165717e+01,2.167792e+01,2.174013e+01,2.167792e+01,2.165717e+01,2.174704e+01,2.180231e+01,2.169175e+01,2.171940e+01,2.162950e+01,2.169175e+01,2.196104e+01,2.175395e+01,2.176777e+01,2.169175e+01,2.173322e+01,2.182993e+01,2.187825e+01,2.178850e+01,2.172631e+01,2.180922e+01,2.178850e+01,2.172631e+01,2.182303e+01,2.167792e+01,2.177468e+01,2.182303e+01,2.183684e+01,2.182993e+01,2.183684e+01,2.185065e+01,2.181612e+01,2.188516e+01,2.185065e+01,2.169175e+01,2.186445e+01,2.178850e+01,2.182993e+01,2.178159e+01,2.178850e+01,2.173322e+01,2.170557e+01,2.180922e+01,2.175395e+01,2.162950e+01,2.164334e+01,2.178159e+01,2.173322e+01,2.178159e+01,2.172631e+01,2.173322e+01,2.174704e+01,2.176086e+01,2.177468e+01,2.160182e+01,2.173322e+01,2.174013e+01,2.176086e+01,2.158798e+01,2.161566e+01,2.160182e+01,2.151875e+01,2.153260e+01,2.153260e+01,2.160874e+01,2.151182e+01,2.147718e+01,2.156029e+01,2.126911e+01,2.103277e+01,2.110234e+01,2.116491e+01,2.125522e+01,2.121355e+01,2.124133e+01,2.132464e+01,2.133158e+01,2.135933e+01,2.140787e+01,2.131076e+01,2.142867e+01,2.149104e+01,2.151182e+01,2.140094e+01,2.160874e+01,2.154645e+01,2.142867e+01,2.151875e+01,2.144946e+01,2.150489e+01,2.152567e+01,2.160874e+01,2.156721e+01,2.145639e+01,2.158798e+01,2.152567e+01,2.153260e+01,2.143560e+01,2.144946e+01,2.151182e+01,2.147025e+01,2.150489e+01,2.148411e+01,2.146332e+01,2.144253e+01,2.157414e+01,2.149796e+01,2.148411e+01,2.149796e+01,2.164334e+01,2.147718e+01,2.164334e+01,2.160182e+01,2.163642e+01,2.162950e+01,2.161566e+01,2.166409e+01,2.165025e+01,2.165025e+01,2.160182e+01,2.168483e+01,2.161566e+01,2.160874e+01,2.159490e+01,2.171248e+01,2.160874e+01,2.164334e+01,2.165717e+01,2.161566e+01,2.165717e+01,2.166409e+01,2.164334e+01,2.167792e+01,2.167100e+01,2.176777e+01,2.165717e+01,2.166409e+01,2.176777e+01,2.171248e+01,2.178159e+01,2.160874e+01,2.169175e+01,2.167100e+01,2.158106e+01,2.169866e+01,2.157414e+01,2.162950e+01,2.164334e+01,2.163642e+01,2.165717e+01,2.167100e+01,2.171248e+01,2.182303e+01,2.173322e+01,2.174704e+01,2.183684e+01,2.178850e+01,2.173322e+01,2.177468e+01,2.179540e+01,2.175395e+01,2.175395e+01,2.179540e+01,2.171940e+01,2.170557e+01,2.174013e+01,2.178850e+01,2.159490e+01,2.155337e+01,2.119966e+01,2.131076e+01,2.133851e+01,2.124828e+01,2.129688e+01,2.128299e+01,2.127605e+01,2.128299e+01,2.147025e+01,2.174013e+01,2.175395e+01,2.178850e+01,2.200241e+01,2.193345e+01,2.185755e+01,2.193345e+01,2.203687e+01,2.198172e+01,2.202308e+01,2.198172e+01,2.202308e+01,2.200930e+01,2.198862e+01,2.205754e+01,2.198862e+01,2.196793e+01,2.196104e+01,2.198172e+01,2.191276e+01,2.203687e+01,2.218147e+01,2.189896e+01,2.186445e+01,2.201619e+01,2.206442e+01,2.196793e+01,2.199551e+01,2.201619e+01,2.192655e+01,2.201619e+01,2.195414e+01,2.198862e+01,2.187135e+01,2.185065e+01,2.193345e+01,2.176777e+01,2.188516e+01,2.171940e+01,2.144253e+01,2.156721e+01,2.153952e+01,2.156721e+01,2.156721e+01,2.151875e+01,2.155337e+01,2.169866e+01,2.171940e+01,2.167792e+01,2.172631e+01,2.169175e+01,2.182303e+01,2.179540e+01,2.177468e+01,2.184374e+01,2.175395e+01,2.184374e+01,2.186445e+01,2.178850e+01,2.174704e+01,2.169175e+01,2.170557e+01,2.167792e+01,2.172631e+01,2.170557e+01,2.167792e+01,2.163642e+01,2.172631e+01,2.165025e+01,2.167100e+01,2.168483e+01,2.159490e+01,2.173322e+01,2.177468e+01,2.163642e+01,2.180231e+01,2.174704e+01,2.160182e+01,2.153952e+01,2.158798e+01,2.152567e+01,2.153952e+01,2.170557e+01,2.165717e+01,2.169866e+01,2.166409e+01,2.178159e+01,2.178850e+01,2.176777e+01,2.178159e+01,2.184374e+01,2.176777e+01,2.178159e+01,2.182993e+01,2.172631e+01,2.178159e+01,2.184374e+01,2.182993e+01,2.183684e+01,2.183684e+01,2.180922e+01,2.175395e+01,2.186445e+01,2.163642e+01,2.165717e+01,2.169175e+01,2.165717e+01,2.171940e+01,2.162950e+01,2.175395e+01,2.156029e+01,2.154645e+01,2.154645e+01,2.149796e+01,2.132464e+01,2.148411e+01,2.139400e+01,2.135933e+01,2.148411e+01,2.155337e+01,2.147718e+01,2.151182e+01,2.155337e+01,2.143560e+01,2.165717e+01,2.164334e+01,2.156029e+01,2.159490e+01,2.160874e+01,2.165717e+01,2.153260e+01,2.162950e+01,2.171248e+01,2.160182e+01,2.171940e+01,2.168483e+01,2.154645e+01,2.176086e+01,2.181612e+01,2.176777e+01,2.178159e+01,2.165025e+01,2.189896e+01,2.186445e+01,2.199551e+01,2.185065e+01,2.198862e+01,2.190586e+01,2.186445e+01,2.162950e+01,2.160182e+01,2.151875e+01,2.149104e+01,2.166409e+01,2.191276e+01,2.197483e+01,2.198172e+01,2.194725e+01,2.198862e+01,2.196793e+01,2.200241e+01,2.194725e+01,2.209198e+01,2.206442e+01,2.208509e+01,2.197483e+01,2.212641e+01,2.210575e+01,2.208509e+01,2.207820e+01,2.212641e+01,2.205754e+01,2.207131e+01,2.199551e+01,2.197483e+01,2.178159e+01,2.179540e+01,2.163642e+01,2.180231e+01,2.179540e+01,2.178159e+01,2.179540e+01,2.176777e+01,2.176086e+01,2.171248e+01,2.180922e+01,2.182993e+01,2.175395e+01,2.174704e+01,2.173322e+01,2.174704e+01,2.177468e+01,2.174013e+01,2.181612e+01,2.194035e+01,2.173322e+01,2.173322e+01,2.171248e+01,2.176086e+01,2.170557e+01,2.167100e+01,2.170557e+01,2.160182e+01,2.176086e+01,2.167100e+01,2.163642e+01,2.160874e+01,2.175395e+01,2.159490e+01,2.156721e+01,2.156721e+01,2.155337e+01,2.164334e+01,2.165025e+01,2.163642e+01,2.161566e+01,2.162258e+01,2.163642e+01,2.160874e+01,2.171248e+01,2.165717e+01,2.167100e+01,2.160182e+01,2.174704e+01,2.171940e+01,2.166409e+01,2.167792e+01,2.165717e+01,2.169175e+01,2.176777e+01,2.178159e+01,2.179540e+01,2.178850e+01,2.157414e+01,2.181612e+01,2.156029e+01,2.164334e+01,2.162258e+01,2.170557e+01,2.156721e+01,2.153952e+01,2.156721e+01,2.152567e+01,2.149104e+01,2.151182e+01,2.162258e+01,2.155337e+01,2.154645e+01,2.174013e+01,2.176086e+01,2.185065e+01,2.169866e+01,2.180922e+01,2.184374e+01,2.187135e+01,2.191965e+01,2.179540e+01,2.185065e+01,2.178850e+01,2.186445e+01,2.185755e+01,2.184374e+01,2.190586e+01,2.182303e+01,2.193345e+01,2.189206e+01,2.190586e+01,2.185755e+01,2.191965e+01,2.185755e+01,2.193345e+01,2.189206e+01,2.181612e+01,2.171940e+01,2.176777e+01,2.167100e+01,2.169175e+01,2.178850e+01,2.182993e+01,2.161566e+01,2.181612e+01,2.174704e+01,2.178850e+01,2.169175e+01,2.166409e+01,2.173322e+01,2.165025e+01,2.174704e+01,2.171940e+01,2.177468e+01,2.170557e+01,2.169866e+01,2.185065e+01,2.178850e+01,2.170557e+01,2.169175e+01,2.174013e+01,2.173322e+01,2.174013e+01,2.167792e+01,2.176086e+01,2.175395e+01,2.174704e+01,2.162258e+01,2.166409e+01,2.144946e+01,2.169175e+01,2.165025e+01,2.153952e+01,2.165025e+01,2.157414e+01,2.162258e+01,2.164334e+01,2.156721e+01,2.157414e+01,2.158798e+01,2.153260e+01,2.138707e+01,2.148411e+01,2.140094e+01,2.152567e+01,2.138013e+01,2.144253e+01,2.131770e+01,2.136626e+01,2.138707e+01,2.133158e+01,2.124133e+01,2.140787e+01,2.128993e+01,2.117186e+01,2.108843e+01,2.128299e+01,2.131076e+01,2.125522e+01,2.119966e+01,2.129688e+01,2.123439e+01,2.129688e+01,2.124133e+01,2.122744e+01,2.119271e+01,2.116491e+01,2.117881e+01,2.113015e+01,2.111625e+01,2.123439e+01,2.109539e+01,2.121355e+01,2.118576e+01,2.113015e+01,2.117186e+01,2.105365e+01,2.107452e+01,2.105365e+01,2.106061e+01,2.104669e+01,2.108148e+01,2.117186e+01,2.095619e+01,2.107452e+01,2.092137e+01,2.096316e+01,2.094226e+01,2.089350e+01,2.092137e+01,2.097709e+01,2.074705e+01,2.089350e+01,2.087956e+01,2.084470e+01,2.064930e+01,2.098405e+01,2.129688e+01,2.141480e+01,2.133158e+01,2.131076e+01,2.147718e+01,2.151875e+01,2.169175e+01,2.147718e+01,2.140094e+01,2.153260e+01,2.143560e+01,2.140094e+01,2.138707e+01,2.153952e+01,2.151875e+01,2.152567e+01,2.133851e+01,2.135933e+01,2.133158e+01,2.143560e+01,2.137320e+01,2.129688e+01,2.134545e+01,2.133158e+01,2.129688e+01,2.126911e+01,2.123439e+01,2.123439e+01,2.139400e+01,2.127605e+01,2.131076e+01,2.129688e+01,2.135933e+01,2.128993e+01,2.139400e+01,2.126911e+01,2.124133e+01,2.140787e+01,2.136626e+01,2.148411e+01,2.133158e+01,2.133851e+01,2.150489e+01,2.148411e+01,2.147718e+01,2.135239e+01,2.140094e+01,2.139400e+01,2.133851e+01,2.138013e+01,2.146332e+01,2.149796e+01,2.157414e+01,2.139400e+01
2.178850e+01,2.160874e+01,2.154645e+01,2.160182e+01,2.158106e+01,2.153952e+01,2.158106e+01,2.160182e+01,2.165717e+01,2.167100e+01,2.158798e+01,2.160182e+01,2.165025e+01,2.160874e+01,2.162950e+01,2.160874e+01,2.159490e+01,2.165717e+01,2.160182e+01,2.163642e+01,2.158798e+01,2.161566e+01,2.167100e+01,2.147718e+01,2.140787e+01,2.153952e+01,2.169175e+01,2.165717e+01,2.167100e+01,2.167100e+01,2.156721e+01,2.169175e+01,2.167792e+01,2.144946e+01,2.165025e+01,2.164334e+01,2.160182e+01,2.160182e+01,2.178159e+01,2.172631e+01,2.170557e+01,2.160182e+01,2.180922e+01,2.161566e+01,2.169866e+01,2.169866e+01,2.176777e+01,2.176086e+01,2.176086e+01,2.183684e+01,2.184374e+01,2.176086e+01,2.182303e+01,2.169866e+01,2.178159e+01,2.181612e+01,2.182993e+01,2.174013e+01,2.184374e+01,2.185755e+01,2.183684e+01,2.180922e+01,2.179540e+01,2.180922e+01,2.184374e+01,2.176086e+01,2.185755e+01,2.184374e+01,2.169866e+01,2.183684e+01,2.172631e+01,2.183684e+01,2.177468e+01,2.209198e+01,2.162950e+01,2.169866e+01,2.163642e+01,2.197483e+01,2.173322e+01,2.163642e+01,2.175395e+01,2.174013e+01,2.177468e+01,2.171248e+01,2.171248e+01,2.166409e+01,2.176777e+01,2.176777e+01,2.161566e+01,2.166409e+01,2.166409e+01,2.165717e+01,2.165717e+01,2.166409e+01,2.174013e+01,2.171248e+01,2.175395e+01,2.159490e+01,2.154645e+01,2.159490e+01,2.153952e+01,2.153952e+01,2.145639e+01,2.146332e+01,2.128299e+01,2.110929e+01,2.107452e+01,2.126217e+01,2.122744e+01,2.126217e+01,2.131770e+01,2.128299e+01,2.131770e+01,2.134545e+01,2.138013e+01,2.138707e+01,2.129688e+01,2.160874e+01,2.150489e+01,2.148411e+01,2.141480e+01,2.141480e+01,2.143560e+01,2.155337e+01,2.159490e+01,2.156721e+01,2.160182e+01,2.151182e+01,2.157414e+01,2.153952e+01,2.157414e+01,2.160182e+01,2.147025e+01,2.139400e+01,2.140094e+01,2.149104e+01,2.145639e+01,2.150489e+01,2.152567e+01,2.143560e+01,2.144946e+01,2.149796e+01,2.147025e+01,2.160182e+01,2.158798e+01,2.150489e+01,2.155337e+01,2.147718e+01,2.161566e+01,2.160874e+01,2.169866e+01,2.160182e+01,2.160182e+01,2.156029e+01,2.161566e+01,2.148411e+01,2.160874e+01,2.164334e+01,2.163642e+01,2.176777e+01,2.165717e+01,2.166409e+01,2.176777e+01,2.169175e+01,2.173322e+01,2.156721e+01,2.170557e+01,2.171940e+01,2.172631e+01,2.165717e+01,2.163642e+01,2.168483e+01,2.174704e+01,2.174013e+01,2.166409e+01,2.175395e+01,2.173322e+01,2.169175e+01,2.173322e+01,2.162950e+01,2.154645e+01,2.169175e+01,2.160874e+01,2.167100e+01,2.162258e+01,2.165025e+01,2.171248e+01,2.182993e+01,2.179540e+01,2.179540e+01,2.186445e+01,2.178159e+01,2.179540e+01,2.182993e+01,2.180922e+01,2.187135e+01,2.171940e+01,2.183684e+01,2.172631e+01,2.179540e+01,2.169866e+01,2.181612e+01,2.170557e+01,2.179540e+01,2.140787e+01,2.136626e+01,2.132464e+01,2.133158e+01,2.131770e+01,2.122050e+01,2.130382e+01,2.134545e+01,2.133158e+01,2.147718e+01,2.176777e+01,2.176777e+01,2.189206e+01,2.195414e+01,2.193345e+01,2.202997e+01,2.198862e+01,2.202997e+01,2.202308e+01,2.205065e+01,2.208509e+01,2.200241e+01,2.207131e+01,2.199551e+01,2.199551e+01,2.193345e+01,2.196104e+01,2.196104e+01,2.189206e+01,2.190586e+01,2.201619e+01,2.186445e+01,2.191965e+01,2.192655e+01,2.193345e+01,2.185065e+01,2.194035e+01,2.194725e+01,2.198172e+01,2.197483e+01,2.202308e+01,2.197483e+01,2.190586e+01,2.189206e+01,2.187825e+01,2.183684e+01,2.167792e+01,2.171248e+01,2.158106e+01,2.165717e+01,2.144253e+01,2.147025e+01,2.158798e+01,2.158106e+01,2.167100e+01,2.169866e+01,2.157414e+01,2.170557e+01,2.167792e+01,2.163642e+01,2.182303e+01,2.185065e+01,2.178850e+01,2.184374e+01,2.176086e+01,2.185755e+01,2.176086e+01,2.186445e+01,2.177468e+01,2.170557e+01,2.181612e+01,2.174704e+01,2.166409e+01,2.177468e+01,2.165025e+01,2.160874e+01,2.168483e+01,2.176086e+01,2.171940e+01,2.165025e+01,2.178850e+01,2.173322e+01,2.171940e+01,2.161566e+01,2.174704e+01,2.177468e+01,2.176777e+01,2.154645e+01,2.160182e+01,2.163642e+01,2.151875e+01,2.157414e+01,2.156029e+01,2.171248e+01,2.195414e+01,2.174704e+01,2.175395e+01,2.185065e+01,2.178850e+01,2.178159e+01,2.171940e+01,2.171940e+01,2.182993e+01,2.177468e+01,2.166409e+01,2.180922e+01,2.182993e+01,2.184374e+01,2.184374e+01,2.185065e+01,2.191276e+01,2.176086e+01,2.182993e+01,2.181612e+01,2.183684e+01,2.182303e+01,2.178850e+01,2.179540e+01,2.161566e+01,2.165717e+01,2.156721e+01,2.151182e+01,2.138707e+01,2.148411e+01,2.133158e+01,2.133158e+01,2.145639e+01,2.152567e+01,2.141480e+01,2.149796e+01,2.151182e+01,2.165717e+01,2.152567e+01,2.156721e+01,2.160874e+01,2.150489e+01,2.153952e+01,2.162258e+01,2.155337e+01,2.159490e+01,2.155337e+01,2.152567e+01,2.174704e+01,2.160182e+01,2.170557e+01,2.174013e+01,2.178850e+01,2.189206e+01,2.177468e+01,2.175395e+01,2.184374e+01,2.196793e+01,2.202308e+01,2.200930e+01,2.196793e+01,2.207820e+01,2.197483e+01,2.198172e+01,2.165025e+01,2.156029e+01,2.144946e+01,2.157414e+01,2.174704e+01,2.196793e+01,2.199551e+01,2.194725e+01,2.198862e+01,2.194725e+01,2.195414e+01,2.196793e+01,2.202308e+01,2.195414e+01,2.210575e+01,2.204376e+01,2.209886e+01,2.207820e+01,2.208509e+01,2.205065e+01,2.205065e+01,2.202997e+01,2.208509e+01,2.204376e+01,2.209886e+01,2.192655e+01,2.200930e+01,2.193345e+01,2.181612e+01,2.178159e+01,2.178850e+01,2.179540e+01,2.178159e+01,2.175395e+01,2.181612e+01,2.179540e+01,2.172631e+01,2.168483e+01,2.176777e+01,2.173322e+01,2.173322e+01,2.186445e+01,2.174704e+01,2.181612e+01,2.168483e+01,2.169175e+01,2.176777e+01,2.176086e+01,2.176777e+01,2.179540e+01,2.173322e+01,2.167100e+01,2.171940e+01,2.166409e+01,2.162950e+01,2.178850e+01,2.163642e+01,2.166409e+01,2.160874e+01,2.177468e+01,2.146332e+01,2.159490e+01,2.163642e+01,2.173322e+01,2.171940e+01,2.165717e+01,2.164334e+01,2.163642e+01,2.171940e+01,2.155337e+01,2.164334e+01,2.186445e+01,2.166409e+01,2.169175e+01,2.169866e+01,2.171248e+01,2.167100e+01,2.182303e+01,2.180231e+01,2.178850e+01,2.189206e+01,2.179540e+01,2.185755e+01,2.182303e+01,2.176086e+01,2.184374e+01,2.179540e+01,2.158106e+01,2.163642e+01,2.140787e+01,2.142867e+01,2.158798e+01,2.134545e+01,2.147025e+01,2.153260e+01,2.162950e+01,2.149104e+01,2.164334e+01,2.156721e+01,2.176777e+01,2.175395e+01,2.182993e+01,2.182303e+01,2.189206e+01,2.181612e+01,2.175395e+01,2.186445e+01,2.187135e+01,2.178850e+01,2.187135e+01,2.188516e+01,2.178850e+01,2.178850e+01,2.187135e+01,2.189206e+01,2.194035e+01,2.182303e+01,2.195414e+01,2.194035e+01,2.191965e+01,2.186445e+01,2.187825e+01,2.186445e+01,2.181612e+01,2.167100e+01,2.169866e+01,2.166409e+01,2.165025e+01,2.182303e+01,2.183684e+01,2.176086e+01,2.176086e+01,2.171940e+01,2.157414e+01,2.172631e+01,2.180231e+01,2.180231e+01,2.175395e+01,2.178850e+01,2.165025e+01,2.167100e+01,2.182993e+01,2.178159e+01,2.178850e+01,2.169866e+01,2.181612e+01,2.185755e+01,2.171940e+01,2.170557e+01,2.176777e+01,2.174704e+01,2.180231e+01,2.165717e+01,2.169866e+01,2.176086e+01,2.171940e+01,2.167100e+01,2.165717e+01,2.160182e+01,2.162950e+01,2.167100e+01,2.158798e+01,2.159490e+01,2.171248e+01,2.153260e+01,2.157414e+01,2.158798e+01,2.156721e+01,2.157414e+01,2.150489e+01,2.146332e+01,2.142174e+01,2.139400e+01,2.139400e+01,2.156029e+01,2.131076e+01,2.131770e+01,2.122744e+01,2.122050e+01,2.129688e+01,2.124133e+01,2.124133e+01,2.123439e+01,2.127605e+01,2.120660e+01,2.120660e+01,2.127605e+01,2.121355e+01,2.119966e+01,2.121355e+01,2.120660e+01,2.104669e+01,2.113015e+01,2.113711e+01,2.114406e+01,2.120660e+01,2.124133e+01,2.117881e+01,2.125522e+01,2.113711e+01,2.125522e+01,2.110234e+01,2.106756e+01,2.098405e+01,2.114406e+01,2.105365e+01,2.089350e+01,2.107452e+01,2.092137e+01,2.101885e+01,2.108843e+01,2.084470e+01,2.089350e+01,2.091440e+01,2.086562e+01,2.083773e+01,2.084470e+01,2.080286e+01,2.085865e+01,2.080984e+01,2.076100e+01,2.074007e+01,2.059340e+01,2.090743e+01,2.108148e+01,2.113015e+01,2.121355e+01,2.149104e+01,2.152567e+01,2.147025e+01,2.157414e+01,2.157414e+01,2.169175e+01,2.138707e+01,2.155337e+01,2.145639e+01,2.131770e+01,2.133158e+01,2.156029e+01,2.138013e+01,2.145639e+01,2.135933e+01,2.130382e+01,2.133851e+01,2.136626e+01,2.135933e+01,2.140787e+01,2.147718e+01,2.147718e+01,2.124828e+01,2.146332e+01,2.124133e+01,2.126217e+01,2.133158e+01,2.122744e+01,2.131076e+01,2.133158e+01,2.131770e+01,2.148411e+01,2.145639e+01,2.133158e+01,2.129688e+01,2.142867e+01,2.126911e+01,2.146332e+01,2.147718e+01,2.147025e+01,2.147025e+01,2.144946e+01,2.147025e+01,2.147025e+01,2.140094e+01,2.132464e+01,2.149104e+01,2.147025e+01,2.162950e+01,2.144253e+01,2.139400e+01
2.169866e+01,2.156721e+01,2.158798e+01,2.161566e+01,2.158106e+01,2.165717e+01,2.162258e+01,2.154645e+01,2.147025e+01,2.155337e+01,2.166409e+01,2.161566e+01,2.164334e+01,2.160874e+01,2.162950e+01,2.158106e+01,2.162950e+01,2.152567e+01,2.152567e+01,2.162950e+01,2.144253e+01,2.153260e+01,2.147718e+01,2.151182e+01,2.153952e+01,2.159490e+01,2.159490e+01,2.165025e+01,2.153952e+01,2.158798e+01,2.156029e+01,2.163642e+01,2.162258e+01,2.162950e+01,2.172631e+01,2.161566e+01,2.172631e+01,2.170557e+01,2.163642e+01,2.167792e+01,2.169175e+01,2.166409e+01,2.166409e+01,2.174013e+01,2.170557e+01,2.161566e+01,2.194035e+01,2.173322e+01,2.179540e+01,2.177468e+01,2.171248e+01,2.171940e+01,2.167100e+01,2.167792e+01,2.170557e+01,2.178159e+01,2.186445e+01,2.182993e+01,2.191965e+01,2.172631e+01,2.162258e+01,2.180231e+01,2.179540e+01,2.176777e+01,2.183684e+01,2.171248e+01,2.165025e+01,2.187135e+01,2.182993e+01,2.175395e+01,2.170557e+01,2.167792e+01,2.173322e+01,2.171248e+01,2.173322e+01,2.192655e+01,2.171940e+01,2.168483e+01,2.163642e+01,2.173322e+01,2.173322e+01,2.176086e+01,2.165025e+01,2.170557e+01,2.167792e+01,2.162258e+01,2.163642e+01,2.195414e+01,2.165025e+01,2.161566e+01,2.158106e+01,2.158106e+01,2.156721e+01,2.166409e+01,2.162950e+01,2.167792e+01,2.169866e+01,2.167100e+01,2.156029e+01,2.152567e+01,2.153260e+01,2.149796e+01,2.148411e+01,2.149104e+01,2.137320e+01,2.130382e+01,2.119271e+01,2.126217e+01,2.117881e+01,2.122744e+01,2.132464e+01,2.126217e+01,2.129688e+01,2.126911e+01,2.147718e+01,2.135239e+01,2.160182e+01,2.136626e+01,2.149104e+01,2.148411e+01,2.147718e+01,2.165717e+01,2.144253e+01,2.142174e+01,2.147025e+01,2.154645e+01,2.147025e+01,2.158106e+01,2.153952e+01,2.162258e+01,2.162950e+01,2.156721e+01,2.145639e+01,2.144253e+01,2.138707e+01,2.146332e+01,2.149796e+01,2.140787e+01,2.156029e+01,2.140787e+01,2.153952e+01,2.151182e+01,2.163642e+01,2.146332e+01,2.153952e+01,2.145639e+01,2.148411e+01,2.160182e+01,2.145639e+01,2.157414e+01,2.165025e+01,2.158798e+01,2.160874e+01,2.162950e+01,2.161566e+01,2.161566e+01,2.165025e+01,2.151182e+01,2.147718e+01,2.167100e+01,2.150489e+01,2.168483e+01,2.155337e+01,2.167792e+01,2.152567e+01,2.162950e+01,2.176086e+01,2.151875e+01,2.170557e+01,2.165025e+01,2.177468e+01,2.164334e+01,2.172631e+01,2.175395e+01,2.165717e+01,2.173322e+01,2.163642e+01,2.167792e+01,2.170557e+01,2.169175e+01,2.158798e+01,2.159490e+01,2.160182e+01,2.159490e+01,2.163642e+01,2.160182e+01,2.169175e+01,2.181612e+01,2.178850e+01,2.176777e+01,2.184374e+01,2.188516e+01,2.184374e+01,2.185065e+01,2.182303e+01,2.180922e+01,2.175395e+01,2.185065e+01,2.172631e+01,2.178850e+01,2.176086e+01,2.180231e+01,2.176086e+01,2.178850e+01,2.167792e+01,2.153952e+01,2.135933e+01,2.131770e+01,2.125522e+01,2.118576e+01,2.122050e+01,2.122744e+01,2.129688e+01,2.135239e+01,2.140094e+01,2.175395e+01,2.181612e+01,2.186445e+01,2.192655e+01,2.194035e+01,2.200241e+01,2.207820e+01,2.200241e+01,2.200930e+01,2.201619e+01,2.202308e+01,2.205754e+01,2.192655e+01,2.193345e+01,2.187135e+01,2.194035e+01,2.197483e+01,2.190586e+01,2.190586e+01,2.160874e+01,2.128299e+01,2.131770e+01,2.174013e+01,2.178159e+01,2.184374e+01,2.185065e+01,2.200241e+01,2.185755e+01,2.183684e+01,2.194035e+01,2.174013e+01,2.173322e+01,2.185065e+01,2.178850e+01,2.185755e+01,2.171940e+01,2.169866e+01,2.167100e+01,2.156029e+01,2.153260e+01,2.156721e+01,2.156721e+01,2.149796e+01,2.162950e+01,2.167792e+01,2.150489e+01,2.156721e+01,2.164334e+01,2.164334e+01,2.179540e+01,2.182993e+01,2.198172e+01,2.180231e+01,2.177468e+01,2.180231e+01,2.183684e+01,2.176086e+01,2.180922e+01,2.172631e+01,2.172631e+01,2.167792e+01,2.165717e+01,2.160182e+01,2.167792e+01,2.165025e+01,2.162258e+01,2.158798e+01,2.167100e+01,2.158798e+01,2.162950e+01,2.165717e+01,2.176086e+01,2.163642e+01,2.177468e+01,2.151875e+01,2.174704e+01,2.166409e+01,2.157414e+01,2.168483e+01,2.153952e+01,2.162950e+01,2.153952e+01,2.165025e+01,2.169866e+01,2.170557e+01,2.174013e+01,2.173322e+01,2.185065e+01,2.175395e+01,2.172631e+01,2.172631e+01,2.177468e+01,2.187825e+01,2.186445e+01,2.182303e+01,2.182993e+01,2.179540e+01,2.183684e+01,2.186445e+01,2.170557e+01,2.180231e+01,2.185755e+01,2.177468e+01,2.182993e+01,2.165717e+01,2.178850e+01,2.167100e+01,2.174704e+01,2.165025e+01,2.153260e+01,2.151875e+01,2.150489e+01,2.132464e+01,2.133851e+01,2.138707e+01,2.126911e+01,2.135239e+01,2.140094e+01,2.147025e+01,2.135239e+01,2.153952e+01,2.140094e+01,2.144946e+01,2.162258e+01,2.137320e+01,2.153952e+01,2.156721e+01,2.156721e+01,2.149104e+01,2.156721e+01,2.158798e+01,2.164334e+01,2.167792e+01,2.169175e+01,2.174704e+01,2.176777e+01,2.183684e+01,2.187825e+01,2.193345e+01,2.195414e+01,2.196104e+01,2.191965e+01,2.190586e+01,2.204376e+01,2.183684e+01,2.187135e+01,2.187135e+01,2.157414e+01,2.140787e+01,2.147718e+01,2.140094e+01,2.156721e+01,2.187825e+01,2.198862e+01,2.192655e+01,2.193345e+01,2.197483e+01,2.212641e+01,2.192655e+01,2.209886e+01,2.200930e+01,2.205065e+01,2.207820e+01,2.209886e+01,2.209886e+01,2.195414e+01,2.201619e+01,2.211263e+01,2.207820e+01,2.208509e+01,2.197483e+01,2.196793e+01,2.197483e+01,2.182993e+01,2.191276e+01,2.189206e+01,2.188516e+01,2.185755e+01,2.178850e+01,2.174704e+01,2.176777e+01,2.170557e+01,2.178850e+01,2.172631e+01,2.172631e+01,2.180231e+01,2.171940e+01,2.189896e+01,2.177468e+01,2.176086e+01,2.180922e+01,2.182303e+01,2.171940e+01,2.177468e+01,2.174013e+01,2.182303e+01,2.171940e+01,2.178850e+01,2.173322e+01,2.174704e+01,2.169175e+01,2.160874e+01,2.174013e+01,2.167100e+01,2.162258e+01,2.176777e+01,2.160182e+01,2.156029e+01,2.177468e+01,2.166409e+01,2.176777e+01,2.157414e+01,2.182993e+01,2.156721e+01,2.178850e+01,2.167100e+01,2.165717e+01,2.168483e+01,2.160874e+01,2.153952e+01,2.166409e+01,2.167100e+01,2.176777e+01,2.176777e+01,2.167100e+01,2.158798e+01,2.178159e+01,2.171940e+01,2.180231e+01,2.180922e+01,2.174013e+01,2.179540e+01,2.171940e+01,2.176777e+01,2.158106e+01,2.158798e+01,2.149796e+01,2.140787e+01,2.149104e+01,2.135239e+01,2.151875e+01,2.145639e+01,2.160874e+01,2.165025e+01,2.167100e+01,2.156721e+01,2.169866e+01,2.157414e+01,2.177468e+01,2.182993e+01,2.169175e+01,2.174704e+01,2.176086e+01,2.176086e+01,2.178159e+01,2.191276e+01,2.188516e+01,2.181612e+01,2.184374e+01,2.184374e+01,2.179540e+01,2.174013e+01,2.189206e+01,2.199551e+01,2.193345e+01,2.187825e+01,2.207131e+01,2.186445e+01,2.186445e+01,2.185755e+01,2.170557e+01,2.165025e+01,2.170557e+01,2.165717e+01,2.166409e+01,2.158798e+01,2.179540e+01,2.163642e+01,2.177468e+01,2.165717e+01,2.160874e+01,2.171940e+01,2.169866e+01,2.167792e+01,2.165717e+01,2.165025e+01,2.171940e+01,2.174704e+01,2.176086e+01,2.174013e+01,2.177468e+01,2.171248e+01,2.182303e+01,2.183684e+01,2.171248e+01,2.176777e+01,2.188516e+01,2.177468e+01,2.176086e+01,2.176777e+01,2.172631e+01,2.186445e+01,2.167100e+01,2.162258e+01,2.162950e+01,2.165717e+01,2.165717e+01,2.160182e+01,2.166409e+01,2.160874e+01,2.155337e+01,2.160182e+01,2.153952e+01,2.147718e+01,2.147025e+01,2.147025e+01,2.148411e+01,2.139400e+01,2.156721e+01,2.142174e+01,2.135239e+01,2.128993e+01,2.137320e+01,2.126911e+01,2.124133e+01,2.126911e+01,2.136626e+01,2.143560e+01,2.119966e+01,2.108843e+01,2.124133e+01,2.126911e+01,2.124133e+01,2.125522e+01,2.122744e+01,2.123439e+01,2.124133e+01,2.124828e+01,2.110929e+01,2.123439e+01,2.106061e+01,2.110234e+01,2.111625e+01,2.098405e+01,2.106756e+01,2.106756e+01,2.124133e+01,2.103973e+01,2.113015e+01,2.102581e+01,2.108843e+01,2.117881e+01,2.090743e+01,2.119966e+01,2.107452e+01,2.083773e+01,2.092137e+01,2.113015e+01,2.080984e+01,2.090047e+01,2.092137e+01,2.087259e+01,2.080286e+01,2.067723e+01,2.072611e+01,2.087956e+01,2.079589e+01,2.094226e+01,2.073309e+01,2.074007e+01,2.077496e+01,2.085865e+01,2.108843e+01,2.133851e+01,2.135933e+01,2.133158e+01,2.163642e+01,2.138013e+01,2.136626e+01,2.139400e+01,2.135933e+01,2.147718e+01,2.149796e+01,2.147718e+01,2.136626e+01,2.146332e+01,2.134545e+01,2.137320e+01,2.133158e+01,2.157414e+01,2.135933e+01,2.128299e+01,2.126217e+01,2.133851e+01,2.128299e+01,2.142174e+01,2.128993e+01,2.123439e+01,2.141480e+01,2.129688e+01,2.131076e+01,2.149104e+01,2.133851e+01,2.149796e+01,2.133851e+01,2.126911e+01,2.135933e+01,2.132464e+01,2.134545e+01,2.130382e+01,2.141480e+01,2.142174e+01,2.144253e+01,2.146332e+01,2.144946e+01,2.147025e+01,2.140787e+01,2.151875e+01,2.144253e+01,2.161566e+01,2.142174e+01,2.144253e+01,2.143560e+01,2.165717e+01,2.144946e+01
2.158798e+01,2.156721e+01,2.158798e+01,2.154645e+01,2.158798e+01,2.154645e+01,2.161566e+01,2.152567e+01,2.153952e+01,2.170557e+01,2.153952e+01,2.169175e+01,2.169866e+01,2.165717e+01,2.160182e+01,2.153260e+01,2.162258e+01,2.164334e+01,2.151875e+01,2.144946e+01,2.163642e+01,2.145639e+01,2.156721e+01,2.152567e+01,2.154645e+01,2.159490e+01,2.164334e+01,2.161566e+01,2.153952e+01,2.168483e+01,2.169866e+01,2.156029e+01,2.163642e+01,2.167792e+01,2.156029e+01,2.147025e+01,2.166409e+01,2.176777e+01,2.162950e+01,2.165717e+01,2.169175e+01,2.185065e+01,2.163642e+01,2.178159e+01,2.163642e+01,2.162258e+01,2.183684e+01,2.167792e+01,2.170557e+01,2.186445e+01,2.185065e+01,2.163642e+01,2.174704e+01,2.188516e+01,2.172631e+01,2.178159e+01,2.174013e+01,2.187135e+01,2.176777e+01,2.183684e+01,2.177468e+01,2.184374e+01,2.180922e+01,2.178850e+01,2.182303e+01,2.183684e+01,2.185755e+01,2.188516e+01,2.182303e+01,2.176086e+01,2.164334e+01,2.173322e+01,2.171248e+01,2.167100e+01,2.169175e+01,2.168483e+01,2.166409e+01,2.171248e+01,2.170557e+01,2.169866e+01,2.171940e+01,2.167792e+01,2.177468e+01,2.169866e+01,2.168483e+01,2.163642e+01,2.178850e+01,2.167100e+01,2.167792e+01,2.170557e+01,2.165025e+01,2.165717e+01,2.158798e+01,2.165717e+01,2.165025e+01,2.161566e+01,2.165717e+01,2.158106e+01,2.152567e+01,2.154645e+01,2.144253e+01,2.147718e+01,2.145639e+01,2.143560e+01,2.147025e+01,2.127605e+01,2.117881e+01,2.117186e+01,2.126911e+01,2.124828e+01,2.130382e+01,2.135239e+01,2.135239e+01,2.136626e+01,2.135239e+01,2.143560e+01,2.145639e+01,2.132464e+01,2.128299e+01,2.146332e+01,2.147025e+01,2.147718e+01,2.140787e+01,2.160182e+01,2.140094e+01,2.143560e+01,2.149104e+01,2.149796e+01,2.158106e+01,2.154645e+01,2.148411e+01,2.144253e+01,2.136626e+01,2.144253e+01,2.140787e+01,2.139400e+01,2.149104e+01,2.150489e+01,2.155337e+01,2.144253e+01,2.154645e+01,2.147718e+01,2.142867e+01,2.153260e+01,2.169866e+01,2.157414e+01,2.163642e+01,2.155337e+01,2.154645e+01,2.170557e+01,2.155337e+01,2.157414e+01,2.154645e+01,2.162258e+01,2.162258e+01,2.174704e+01,2.160874e+01,2.168483e+01,2.160874e+01,2.160182e+01,2.171248e+01,2.167792e+01,2.164334e+01,2.171940e+01,2.164334e+01,2.174704e+01,2.176086e+01,2.154645e+01,2.169175e+01,2.168483e+01,2.171940e+01,2.162950e+01,2.175395e+01,2.174704e+01,2.169866e+01,2.175395e+01,2.163642e+01,2.180231e+01,2.165717e+01,2.160182e+01,2.157414e+01,2.156721e+01,2.149796e+01,2.163642e+01,2.147025e+01,2.165717e+01,2.167792e+01,2.171940e+01,2.182993e+01,2.185065e+01,2.178159e+01,2.182993e+01,2.176086e+01,2.178159e+01,2.180231e+01,2.182993e+01,2.183684e+01,2.191276e+01,2.186445e+01,2.186445e+01,2.174013e+01,2.184374e+01,2.177468e+01,2.178850e+01,2.165717e+01,2.178850e+01,2.144946e+01,2.133851e+01,2.119966e+01,2.133851e+01,2.117881e+01,2.117881e+01,2.117186e+01,2.134545e+01,2.122744e+01,2.140094e+01,2.148411e+01,2.184374e+01,2.181612e+01,2.194725e+01,2.203687e+01,2.204376e+01,2.200930e+01,2.201619e+01,2.200241e+01,2.199551e+01,2.195414e+01,2.201619e+01,2.185755e+01,2.197483e+01,2.194035e+01,2.187135e+01,2.190586e+01,2.182303e+01,2.130382e+01,2.115796e+01,2.132464e+01,2.133851e+01,2.177468e+01,2.183684e+01,2.178850e+01,2.184374e+01,2.174013e+01,2.184374e+01,2.196104e+01,2.186445e+01,2.168483e+01,2.180922e+01,2.174013e+01,2.170557e+01,2.180922e+01,2.169175e+01,2.171940e+01,2.171248e+01,2.163642e+01,2.158106e+01,2.162950e+01,2.151182e+01,2.161566e+01,2.167792e+01,2.166409e+01,2.167100e+01,2.172631e+01,2.177468e+01,2.182303e+01,2.176086e+01,2.180231e+01,2.174013e+01,2.174013e+01,2.169175e+01,2.175395e+01,2.174013e+01,2.168483e+01,2.156721e+01,2.165025e+01,2.162258e+01,2.167100e+01,2.169866e+01,2.163642e+01,2.159490e+01,2.166409e+01,2.153260e+01,2.167792e+01,2.161566e+01,2.173322e+01,2.160182e+01,2.167100e+01,2.169175e+01,2.176777e+01,2.172631e+01,2.166409e+01,2.164334e+01,2.177468e+01,2.167100e+01,2.157414e+01,2.169866e+01,2.162950e+01,2.169866e+01,2.173322e+01,2.168483e+01,2.177468e+01,2.181612e+01,2.186445e+01,2.174013e+01,2.194035e+01,2.172631e+01,2.189206e+01,2.175395e+01,2.178159e+01,2.176086e+01,2.180922e+01,2.177468e+01,2.181612e+01,2.186445e+01,2.174704e+01,2.175395e+01,2.176086e+01,2.182303e+01,2.184374e+01,2.164334e+01,2.184374e+01,2.171940e+01,2.167100e+01,2.171248e+01,2.169175e+01,2.153260e+01,2.151182e+01,2.134545e+01,2.147025e+01,2.120660e+01,2.124828e+01,2.115101e+01,2.131770e+01,2.125522e+01,2.125522e+01,2.126217e+01,2.124133e+01,2.147718e+01,2.142867e+01,2.143560e+01,2.156029e+01,2.140787e+01,2.157414e+01,2.155337e+01,2.150489e+01,2.154645e+01,2.155337e+01,2.178850e+01,2.185065e+01,2.190586e+01,2.180922e+01,2.184374e+01,2.189206e+01,2.189206e+01,2.187825e+01,2.193345e+01,2.186445e+01,2.195414e+01,2.203687e+01,2.191965e+01,2.185755e+01,2.185065e+01,2.185755e+01,2.139400e+01,2.137320e+01,2.144946e+01,2.163642e+01,2.199551e+01,2.200930e+01,2.198172e+01,2.185065e+01,2.198172e+01,2.190586e+01,2.203687e+01,2.203687e+01,2.195414e+01,2.198172e+01,2.200241e+01,2.196793e+01,2.196793e+01,2.206442e+01,2.192655e+01,2.209886e+01,2.196793e+01,2.211263e+01,2.213329e+01,2.209886e+01,2.180922e+01,2.204376e+01,2.195414e+01,2.197483e+01,2.178159e+01,2.174704e+01,2.171248e+01,2.169866e+01,2.176777e+01,2.173322e+01,2.178159e+01,2.173322e+01,2.172631e+01,2.183684e+01,2.184374e+01,2.176086e+01,2.180922e+01,2.186445e+01,2.178850e+01,2.177468e+01,2.180922e+01,2.169175e+01,2.177468e+01,2.180922e+01,2.176086e+01,2.160874e+01,2.182993e+01,2.171940e+01,2.159490e+01,2.160182e+01,2.165025e+01,2.162950e+01,2.165717e+01,2.171940e+01,2.151182e+01,2.150489e+01,2.162258e+01,2.174013e+01,2.152567e+01,2.169175e+01,2.169175e+01,2.169175e+01,2.149104e+01,2.173322e+01,2.168483e+01,2.165717e+01,2.168483e+01,2.167792e+01,2.170557e+01,2.171940e+01,2.171248e+01,2.168483e+01,2.171940e+01,2.176777e+01,2.162950e+01,2.159490e+01,2.178850e+01,2.177468e+01,2.176086e+01,2.182993e+01,2.182993e+01,2.178159e+01,2.156029e+01,2.158106e+01,2.122744e+01,2.139400e+01,2.143560e+01,2.148411e+01,2.147025e+01,2.146332e+01,2.153952e+01,2.149796e+01,2.153260e+01,2.154645e+01,2.164334e+01,2.175395e+01,2.173322e+01,2.186445e+01,2.151182e+01,2.175395e+01,2.181612e+01,2.178159e+01,2.191965e+01,2.191276e+01,2.187135e+01,2.182303e+01,2.188516e+01,2.190586e+01,2.196104e+01,2.201619e+01,2.182303e+01,2.184374e+01,2.191276e+01,2.184374e+01,2.182303e+01,2.176777e+01,2.187135e+01,2.186445e+01,2.167792e+01,2.179540e+01,2.164334e+01,2.165717e+01,2.160182e+01,2.175395e+01,2.169175e+01,2.157414e+01,2.168483e+01,2.171940e+01,2.160182e+01,2.161566e+01,2.173322e+01,2.166409e+01,2.162258e+01,2.169866e+01,2.167100e+01,2.161566e+01,2.176086e+01,2.174704e+01,2.175395e+01,2.176777e+01,2.176086e+01,2.175395e+01,2.182993e+01,2.167792e+01,2.174704e+01,2.171248e+01,2.171940e+01,2.171940e+01,2.167792e+01,2.172631e+01,2.165717e+01,2.173322e+01,2.162258e+01,2.164334e+01,2.160874e+01,2.169866e+01,2.153952e+01,2.156721e+01,2.158798e+01,2.158798e+01,2.149104e+01,2.153952e+01,2.147718e+01,2.147025e+01,2.150489e+01,2.153952e+01,2.140094e+01,2.155337e+01,2.126217e+01,2.126217e+01,2.135933e+01,2.131076e+01,2.137320e+01,2.131076e+01,2.124828e+01,2.130382e+01,2.113015e+01,2.110234e+01,2.108843e+01,2.106756e+01,2.126217e+01,2.122744e+01,2.125522e+01,2.109539e+01,2.113711e+01,2.107452e+01,2.114406e+01,2.106756e+01,2.113711e+01,2.110929e+01,2.115101e+01,2.099797e+01,2.103277e+01,2.110929e+01,2.106061e+01,2.117186e+01,2.104669e+01,2.106061e+01,2.099797e+01,2.116491e+01,2.095619e+01,2.101885e+01,2.089350e+01,2.090047e+01,2.097012e+01,2.090743e+01,2.090743e+01,2.089350e+01,2.088653e+01,2.073309e+01,2.081681e+01,2.083076e+01,2.087259e+01,2.078193e+01,2.078891e+01,2.077496e+01,2.075403e+01,2.055844e+01,2.067723e+01,2.068422e+01,2.136626e+01,2.142174e+01,2.134545e+01,2.144946e+01,2.140787e+01,2.147718e+01,2.142867e+01,2.153952e+01,2.131076e+01,2.140787e+01,2.130382e+01,2.130382e+01,2.145639e+01,2.149104e+01,2.147025e+01,2.133158e+01,2.141480e+01,2.133158e+01,2.133851e+01,2.133851e+01,2.131770e+01,2.132464e+01,2.126911e+01,2.126911e+01,2.134545e+01,2.124133e+01,2.126217e+01,2.131770e+01,2.124133e+01,2.130382e+01,2.131770e+01,2.140787e+01,2.140787e+01,2.141480e+01,2.134545e+01,2.144946e+01,2.142867e+01,2.138707e+01,2.145639e+01,2.146332e+01,2.145639e+01,2.139400e+01,2.143560e+01,2.172631e+01,2.147025e+01,2.166409e+01,2.160182e+01,2.144253e+01,2.152567e+01,2.157414e+01,2.141480e+01,2.160182e+01,2.167100e+01
2.156029e+01,2.162258e+01,2.153952e+01,2.138707e+01,2.150489e+01,2.160182e+01,2.134545e+01,2.154645e+01,2.142174e+01,2.153952e+01,2.172631e+01,2.156721e+01,2.169175e+01,2.158798e+01,2.156029e+01,2.165025e+01,2.165025e+01,2.158798e+01,2.148411e+01,2.142867e+01,2.163642e+01,2.159490e+01,2.158106e+01,2.167100e+01,2.144946e+01,2.166409e+01,2.160874e+01,2.158106e+01,2.160182e+01,2.152567e+01,2.159490e+01,2.162950e+01,2.166409e+01,2.158798e+01,2.169175e+01,2.166409e+01,2.167100e+01,2.162950e+01,2.162258e+01,2.165717e+01,2.162950e+01,2.178159e+01,2.186445e+01,2.174013e+01,2.158798e+01,2.181612e+01,2.176777e+01,2.168483e+01,2.185065e+01,2.167100e+01,2.175395e+01,2.174013e+01,2.174013e+01,2.173322e+01,2.153952e+01,2.170557e+01,2.167792e+01,2.191276e+01,2.177468e+01,2.175395e+01,2.185065e+01,2.182303e+01,2.183684e+01,2.185065e+01,2.178159e+01,2.170557e+01,2.182993e+01,2.189896e+01,2.182993e+01,2.171940e+01,2.171248e+01,2.170557e+01,2.169866e+01,2.174013e+01,2.153952e+01,2.167100e+01,2.174704e+01,2.173322e+01,2.166409e+01,2.165717e+01,2.171248e+01,2.170557e+01,2.169175e+01,2.162950e+01,2.165717e+01,2.166409e+01,2.169175e+01,2.170557e+01,2.160874e+01,2.178850e+01,2.156029e+01,2.156029e+01,2.156721e+01,2.153260e+01,2.160182e+01,2.163642e+01,2.155337e+01,2.158106e+01,2.156721e+01,2.153260e+01,2.145639e+01,2.143560e+01,2.142174e+01,2.124828e+01,2.145639e+01,2.124133e+01,2.115796e+01,2.118576e+01,2.122744e+01,2.118576e+01,2.129688e+01,2.128299e+01,2.135239e+01,2.133158e+01,2.131076e+01,2.133158e+01,2.138013e+01,2.147718e+01,2.140787e+01,2.158106e+01,2.144946e+01,2.143560e+01,2.157414e+01,2.144946e+01,2.162258e+01,2.145639e+01,2.147718e+01,2.156029e+01,2.156721e+01,2.143560e+01,2.138707e+01,2.142867e+01,2.140094e+01,2.145639e+01,2.147025e+01,2.144946e+01,2.147718e+01,2.149104e+01,2.149104e+01,2.153952e+01,2.145639e+01,2.137320e+01,2.152567e+01,2.162258e+01,2.151875e+01,2.149104e+01,2.156029e+01,2.153952e+01,2.155337e+01,2.156029e+01,2.150489e+01,2.163642e+01,2.165025e+01,2.164334e+01,2.162258e+01,2.165717e+01,2.151875e+01,2.161566e+01,2.155337e+01,2.171940e+01,2.170557e+01,2.162258e+01,2.156721e+01,2.171248e+01,2.174704e+01,2.163642e+01,2.159490e+01,2.151182e+01,2.167792e+01,2.160874e+01,2.167100e+01,2.168483e+01,2.153952e+01,2.162950e+01,2.162950e+01,2.169175e+01,2.167100e+01,2.169175e+01,2.160182e+01,2.160182e+01,2.165717e+01,2.154645e+01,2.167100e+01,2.158106e+01,2.156721e+01,2.162950e+01,2.161566e+01,2.170557e+01,2.183684e+01,2.185755e+01,2.178850e+01,2.187825e+01,2.187135e+01,2.181612e+01,2.186445e+01,2.182993e+01,2.180922e+01,2.184374e+01,2.194725e+01,2.191965e+01,2.184374e+01,2.179540e+01,2.182993e+01,2.188516e+01,2.179540e+01,2.180231e+01,2.177468e+01,2.171940e+01,2.141480e+01,2.127605e+01,2.144253e+01,2.119271e+01,2.110234e+01,2.132464e+01,2.124133e+01,2.127605e+01,2.130382e+01,2.147025e+01,2.180231e+01,2.175395e+01,2.188516e+01,2.195414e+01,2.195414e+01,2.198862e+01,2.204376e+01,2.202997e+01,2.200241e+01,2.193345e+01,2.189206e+01,2.196104e+01,2.189206e+01,2.178850e+01,2.174013e+01,2.185065e+01,2.133158e+01,2.131770e+01,2.131770e+01,2.131076e+01,2.133851e+01,2.170557e+01,2.180231e+01,2.178850e+01,2.182993e+01,2.176777e+01,2.189206e+01,2.164334e+01,2.172631e+01,2.174704e+01,2.176086e+01,2.167100e+01,2.172631e+01,2.171248e+01,2.174013e+01,2.169866e+01,2.170557e+01,2.157414e+01,2.163642e+01,2.167792e+01,2.160874e+01,2.177468e+01,2.154645e+01,2.155337e+01,2.169175e+01,2.157414e+01,2.162258e+01,2.162950e+01,2.163642e+01,2.156029e+01,2.180231e+01,2.167100e+01,2.178159e+01,2.159490e+01,2.158798e+01,2.164334e+01,2.156721e+01,2.156721e+01,2.156721e+01,2.158106e+01,2.158106e+01,2.147025e+01,2.156721e+01,2.158106e+01,2.157414e+01,2.167792e+01,2.167792e+01,2.166409e+01,2.157414e+01,2.159490e+01,2.173322e+01,2.174013e+01,2.169175e+01,2.165717e+01,2.161566e+01,2.155337e+01,2.148411e+01,2.142174e+01,2.155337e+01,2.158106e+01,2.169175e+01,2.169866e+01,2.169866e+01,2.180231e+01,2.175395e+01,2.172631e+01,2.170557e+01,2.167100e+01,2.188516e+01,2.167792e+01,2.178159e+01,2.176777e+01,2.180922e+01,2.184374e+01,2.174704e+01,2.185755e+01,2.180231e+01,2.175395e+01,2.171940e+01,2.180922e+01,2.180231e+01,2.171248e+01,2.170557e+01,2.178159e+01,2.171940e+01,2.163642e+01,2.149796e+01,2.148411e+01,2.142867e+01,2.138707e+01,2.130382e+01,2.128299e+01,2.119271e+01,2.125522e+01,2.115101e+01,2.114406e+01,2.113015e+01,2.124828e+01,2.140094e+01,2.143560e+01,2.143560e+01,2.144253e+01,2.148411e+01,2.150489e+01,2.152567e+01,2.156721e+01,2.152567e+01,2.176777e+01,2.182993e+01,2.185755e+01,2.191276e+01,2.182993e+01,2.186445e+01,2.191965e+01,2.191276e+01,2.200930e+01,2.187825e+01,2.184374e+01,2.198172e+01,2.182993e+01,2.189206e+01,2.184374e+01,2.186445e+01,2.182993e+01,2.146332e+01,2.144253e+01,2.140094e+01,2.137320e+01,2.160874e+01,2.194035e+01,2.189896e+01,2.189206e+01,2.194035e+01,2.198172e+01,2.194725e+01,2.202308e+01,2.207820e+01,2.204376e+01,2.214017e+01,2.198862e+01,2.211952e+01,2.207131e+01,2.199551e+01,2.209886e+01,2.200930e+01,2.199551e+01,2.194035e+01,2.196793e+01,2.205754e+01,2.203687e+01,2.207131e+01,2.206442e+01,2.193345e+01,2.204376e+01,2.186445e+01,2.179540e+01,2.172631e+01,2.160182e+01,2.172631e+01,2.172631e+01,2.170557e+01,2.187825e+01,2.187825e+01,2.177468e+01,2.176086e+01,2.178159e+01,2.194035e+01,2.177468e+01,2.171940e+01,2.174704e+01,2.171940e+01,2.165717e+01,2.174704e+01,2.175395e+01,2.167100e+01,2.163642e+01,2.162258e+01,2.162258e+01,2.185065e+01,2.164334e+01,2.155337e+01,2.160874e+01,2.162950e+01,2.162950e+01,2.162950e+01,2.157414e+01,2.162258e+01,2.159490e+01,2.160182e+01,2.170557e+01,2.153952e+01,2.154645e+01,2.168483e+01,2.156029e+01,2.170557e+01,2.171248e+01,2.163642e+01,2.160874e+01,2.170557e+01,2.164334e+01,2.161566e+01,2.161566e+01,2.161566e+01,2.158798e+01,2.153260e+01,2.152567e+01,2.164334e+01,2.177468e+01,2.186445e+01,2.191965e+01,2.180922e+01,2.187135e+01,2.155337e+01,2.154645e+01,2.143560e+01,2.144946e+01,2.143560e+01,2.148411e+01,2.137320e+01,2.147025e+01,2.151182e+01,2.150489e+01,2.158798e+01,2.171248e+01,2.167792e+01,2.174013e+01,2.162258e+01,2.175395e+01,2.188516e+01,2.182303e+01,2.182993e+01,2.191965e+01,2.178159e+01,2.191276e+01,2.182993e+01,2.202308e+01,2.187135e+01,2.182993e+01,2.187825e+01,2.183684e+01,2.192655e+01,2.174704e+01,2.187135e+01,2.182303e+01,2.180922e+01,2.182303e+01,2.177468e+01,2.167792e+01,2.150489e+01,2.161566e+01,2.162258e+01,2.161566e+01,2.165717e+01,2.169175e+01,2.158106e+01,2.161566e+01,2.154645e+01,2.151875e+01,2.167100e+01,2.165717e+01,2.177468e+01,2.160874e+01,2.166409e+01,2.170557e+01,2.165717e+01,2.182993e+01,2.170557e+01,2.171248e+01,2.180231e+01,2.175395e+01,2.177468e+01,2.175395e+01,2.174013e+01,2.180231e+01,2.179540e+01,2.164334e+01,2.165025e+01,2.167792e+01,2.171940e+01,2.169175e+01,2.167100e+01,2.156721e+01,2.157414e+01,2.158106e+01,2.159490e+01,2.162258e+01,2.165025e+01,2.162258e+01,2.157414e+01,2.158798e+01,2.158798e+01,2.160182e+01,2.144253e+01,2.150489e+01,2.146332e+01,2.139400e+01,2.135933e+01,2.142867e+01,2.131770e+01,2.130382e+01,2.128993e+01,2.130382e+01,2.106061e+01,2.117186e+01,2.129688e+01,2.110234e+01,2.117186e+01,2.107452e+01,2.109539e+01,2.127605e+01,2.126217e+01,2.122050e+01,2.117881e+01,2.121355e+01,2.112320e+01,2.108148e+01,2.109539e+01,2.114406e+01,2.105365e+01,2.113015e+01,2.110929e+01,2.110929e+01,2.107452e+01,2.105365e+01,2.116491e+01,2.110929e+01,2.104669e+01,2.108843e+01,2.091440e+01,2.103277e+01,2.095619e+01,2.100493e+01,2.089350e+01,2.090743e+01,2.094923e+01,2.090047e+01,2.093530e+01,2.091440e+01,2.080984e+01,2.082378e+01,2.085168e+01,2.083773e+01,2.069120e+01,2.080984e+01,2.077496e+01,2.061436e+01,2.055844e+01,2.066327e+01,2.061436e+01,2.103277e+01,2.139400e+01,2.144253e+01,2.133851e+01,2.146332e+01,2.144946e+01,2.142867e+01,2.140787e+01,2.136626e+01,2.127605e+01,2.132464e+01,2.147025e+01,2.141480e+01,2.139400e+01,2.138707e+01,2.136626e+01,2.135239e+01,2.142174e+01,2.134545e+01,2.127605e+01,2.126911e+01,2.119966e+01,2.142174e+01,2.131076e+01,2.129688e+01,2.131770e+01,2.126911e+01,2.124133e+01,2.126217e+01,2.129688e+01,2.128299e+01,2.143560e+01,2.140094e+01,2.128993e+01,2.131770e+01,2.135239e+01,2.141480e+01,2.140787e+01,2.146332e+01,2.140787e+01,2.144946e+01,2.147718e+01,2.144946e+01,2.141480e+01,2.149104e+01,2.144946e+01,2.140094e+01,2.152567e+01,2.142174e+01,2.140787e+01,2.164334e+01,2.144946e+01,2.145639e+01
2.165717e+01,2.161566e+01,2.147718e+01,2.142174e+01,2.166409e+01,2.147025e+01,2.169175e+01,2.167792e+01,2.167792e+01,2.157414e+01,2.149104e+01,2.154645e+01,2.158106e+01,2.153952e+01,2.174704e+01,2.157414e+01,2.162950e+01,2.160874e+01,2.163642e+01,2.150489e+01,2.163642e+01,2.153260e+01,2.145639e+01,2.168483e+01,2.149104e+01,2.152567e+01,2.160182e+01,2.160182e+01,2.159490e+01,2.160182e+01,2.160182e+01,2.160874e+01,2.161566e+01,2.162258e+01,2.183684e+01,2.169866e+01,2.165025e+01,2.160874e+01,2.164334e+01,2.164334e+01,2.165025e+01,2.165717e+01,2.176777e+01,2.171940e+01,2.191965e+01,2.193345e+01,2.170557e+01,2.177468e+01,2.174013e+01,2.181612e+01,2.169866e+01,2.173322e+01,2.173322e+01,2.162950e+01,2.175395e+01,2.171940e+01,2.174704e+01,2.197483e+01,2.169175e+01,2.168483e+01,2.173322e+01,2.175395e+01,2.187135e+01,2.182993e+01,2.187135e+01,2.187825e+01,2.169866e+01,2.166409e+01,2.176086e+01,2.179540e+01,2.182303e+01,2.174013e+01,2.161566e+01,2.168483e+01,2.174704e+01,2.176086e+01,2.178159e+01,2.162950e+01,2.167100e+01,2.166409e+01,2.171940e+01,2.167100e+01,2.160182e+01,2.164334e+01,2.165717e+01,2.167792e+01,2.166409e+01,2.179540e+01,2.168483e+01,2.165717e+01,2.159490e+01,2.155337e+01,2.156721e+01,2.151875e+01,2.153952e+01,2.162950e+01,2.160874e+01,2.160182e+01,2.154645e+01,2.150489e+01,2.151182e+01,2.149796e+01,2.149104e+01,2.131770e+01,2.133158e+01,2.122050e+01,2.117881e+01,2.118576e+01,2.118576e+01,2.128299e+01,2.128299e+01,2.126911e+01,2.131076e+01,2.149796e+01,2.138707e+01,2.150489e+01,2.149796e+01,2.143560e+01,2.149796e+01,2.145639e+01,2.144253e+01,2.147025e+01,2.142867e+01,2.143560e+01,2.147718e+01,2.142174e+01,2.151875e+01,2.151875e+01,2.147718e+01,2.149104e+01,2.143560e+01,2.143560e+01,2.142174e+01,2.138707e+01,2.149796e+01,2.152567e+01,2.138013e+01,2.139400e+01,2.138707e+01,2.147025e+01,2.140787e+01,2.139400e+01,2.152567e+01,2.151875e+01,2.151875e+01,2.154645e+01,2.153260e+01,2.153260e+01,2.151875e+01,2.155337e+01,2.148411e+01,2.163642e+01,2.147025e+01,2.164334e+01,2.162950e+01,2.160874e+01,2.162950e+01,2.166409e+01,2.167100e+01,2.169175e+01,2.171248e+01,2.167792e+01,2.169866e+01,2.163642e+01,2.171248e+01,2.165717e+01,2.156721e+01,2.161566e+01,2.167100e+01,2.177468e+01,2.158106e+01,2.160874e+01,2.171248e+01,2.167100e+01,2.176086e+01,2.181612e+01,2.178850e+01,2.176086e+01,2.175395e+01,2.160874e+01,2.162950e+01,2.161566e+01,2.163642e+01,2.164334e+01,2.149104e+01,2.163642e+01,2.173322e+01,2.179540e+01,2.172631e+01,2.176086e+01,2.189896e+01,2.187135e+01,2.185755e+01,2.185065e+01,2.182303e+01,2.178850e+01,2.196793e+01,2.176086e+01,2.203687e+01,2.185065e+01,2.176086e+01,2.204376e+01,2.191276e+01,2.180231e+01,2.179540e+01,2.178850e+01,2.180922e+01,2.180231e+01,2.144253e+01,2.142867e+01,2.126217e+01,2.129688e+01,2.122050e+01,2.122050e+01,2.121355e+01,2.117186e+01,2.126217e+01,2.130382e+01,2.144946e+01,2.157414e+01,2.189206e+01,2.195414e+01,2.202308e+01,2.204376e+01,2.202997e+01,2.199551e+01,2.188516e+01,2.178159e+01,2.197483e+01,2.183684e+01,2.195414e+01,2.186445e+01,2.175395e+01,2.185755e+01,2.136626e+01,2.135239e+01,2.129688e+01,2.127605e+01,2.131770e+01,2.158798e+01,2.135239e+01,2.178159e+01,2.175395e+01,2.173322e+01,2.160182e+01,2.171248e+01,2.176777e+01,2.176777e+01,2.171248e+01,2.167100e+01,2.173322e+01,2.174704e+01,2.164334e+01,2.162258e+01,2.171940e+01,2.165717e+01,2.169866e+01,2.160182e+01,2.168483e+01,2.165025e+01,2.159490e+01,2.165025e+01,2.165025e+01,2.159490e+01,2.162258e+01,2.173322e+01,2.167792e+01,2.164334e+01,2.175395e+01,2.180231e+01,2.159490e+01,2.178159e+01,2.160874e+01,2.166409e+01,2.171248e+01,2.158106e+01,2.154645e+01,2.154645e+01,2.158798e+01,2.151875e+01,2.151875e+01,2.157414e+01,2.153952e+01,2.164334e+01,2.162258e+01,2.160182e+01,2.170557e+01,2.159490e+01,2.173322e+01,2.165717e+01,2.152567e+01,2.175395e+01,2.157414e+01,2.168483e+01,2.158798e+01,2.155337e+01,2.162950e+01,2.160182e+01,2.158106e+01,2.167100e+01,2.173322e+01,2.186445e+01,2.173322e+01,2.169866e+01,2.172631e+01,2.169175e+01,2.174704e+01,2.174013e+01,2.176086e+01,2.176086e+01,2.171248e+01,2.182303e+01,2.176777e+01,2.178159e+01,2.174704e+01,2.173322e+01,2.169866e+01,2.171940e+01,2.174704e+01,2.169175e+01,2.160874e+01,2.169866e+01,2.173322e+01,2.158798e+01,2.171940e+01,2.149796e+01,2.147025e+01,2.143560e+01,2.128299e+01,2.109539e+01,2.121355e+01,2.115796e+01,2.113711e+01,2.122050e+01,2.110929e+01,2.103973e+01,2.131770e+01,2.139400e+01,2.132464e+01,2.144253e+01,2.152567e+01,2.154645e+01,2.147718e+01,2.162258e+01,2.177468e+01,2.191965e+01,2.178850e+01,2.197483e+01,2.189206e+01,2.191965e+01,2.191276e+01,2.189896e+01,2.187135e+01,2.193345e+01,2.191965e+01,2.188516e+01,2.192655e+01,2.188516e+01,2.185065e+01,2.200241e+01,2.174704e+01,2.180922e+01,2.152567e+01,2.143560e+01,2.158106e+01,2.130382e+01,2.160874e+01,2.186445e+01,2.195414e+01,2.199551e+01,2.199551e+01,2.196793e+01,2.198172e+01,2.197483e+01,2.208509e+01,2.205754e+01,2.204376e+01,2.200241e+01,2.211263e+01,2.199551e+01,2.194725e+01,2.198172e+01,2.200241e+01,2.208509e+01,2.206442e+01,2.214017e+01,2.207820e+01,2.199551e+01,2.193345e+01,2.203687e+01,2.203687e+01,2.193345e+01,2.191965e+01,2.197483e+01,2.172631e+01,2.170557e+01,2.183684e+01,2.187825e+01,2.192655e+01,2.189896e+01,2.191276e+01,2.186445e+01,2.178159e+01,2.187135e+01,2.194035e+01,2.176777e+01,2.187135e+01,2.173322e+01,2.172631e+01,2.182303e+01,2.170557e+01,2.167100e+01,2.169866e+01,2.170557e+01,2.162258e+01,2.160182e+01,2.165717e+01,2.161566e+01,2.160874e+01,2.167100e+01,2.169175e+01,2.160182e+01,2.160874e+01,2.163642e+01,2.160182e+01,2.154645e+01,2.156029e+01,2.171940e+01,2.169866e+01,2.172631e+01,2.153260e+01,2.162950e+01,2.168483e+01,2.164334e+01,2.160874e+01,2.163642e+01,2.167100e+01,2.165025e+01,2.142174e+01,2.158798e+01,2.157414e+01,2.157414e+01,2.155337e+01,2.150489e+01,2.146332e+01,2.174013e+01,2.187135e+01,2.178850e+01,2.189206e+01,2.178159e+01,2.191276e+01,2.164334e+01,2.154645e+01,2.146332e+01,2.147718e+01,2.145639e+01,2.147718e+01,2.167792e+01,2.146332e+01,2.155337e+01,2.157414e+01,2.168483e+01,2.176086e+01,2.169866e+01,2.175395e+01,2.174704e+01,2.176777e+01,2.166409e+01,2.184374e+01,2.191276e+01,2.182993e+01,2.180231e+01,2.190586e+01,2.187135e+01,2.183684e+01,2.179540e+01,2.181612e+01,2.162950e+01,2.165025e+01,2.165025e+01,2.178850e+01,2.179540e+01,2.162950e+01,2.167792e+01,2.175395e+01,2.187135e+01,2.160874e+01,2.155337e+01,2.156721e+01,2.156029e+01,2.158106e+01,2.160182e+01,2.160874e+01,2.163642e+01,2.157414e+01,2.161566e+01,2.165025e+01,2.154645e+01,2.161566e+01,2.149796e+01,2.162258e+01,2.164334e+01,2.171940e+01,2.159490e+01,2.174704e+01,2.166409e+01,2.174704e+01,2.179540e+01,2.173322e+01,2.180922e+01,2.173322e+01,2.175395e+01,2.167100e+01,2.167100e+01,2.174013e+01,2.174704e+01,2.163642e+01,2.162950e+01,2.171940e+01,2.156721e+01,2.164334e+01,2.163642e+01,2.169866e+01,2.160182e+01,2.169866e+01,2.155337e+01,2.153952e+01,2.165025e+01,2.147025e+01,2.144946e+01,2.143560e+01,2.157414e+01,2.144946e+01,2.148411e+01,2.160182e+01,2.140787e+01,2.131076e+01,2.133851e+01,2.148411e+01,2.126217e+01,2.131770e+01,2.117186e+01,2.108148e+01,2.109539e+01,2.108148e+01,2.092137e+01,2.112320e+01,2.113711e+01,2.128993e+01,2.130382e+01,2.116491e+01,2.122050e+01,2.115101e+01,2.122050e+01,2.122744e+01,2.113015e+01,2.115101e+01,2.117881e+01,2.110929e+01,2.107452e+01,2.112320e+01,2.106061e+01,2.124133e+01,2.106061e+01,2.114406e+01,2.099797e+01,2.098405e+01,2.092833e+01,2.087956e+01,2.100493e+01,2.089350e+01,2.091440e+01,2.090743e+01,2.094226e+01,2.082378e+01,2.072611e+01,2.078193e+01,2.077496e+01,2.080984e+01,2.081681e+01,2.078891e+01,2.084470e+01,2.067025e+01,2.056544e+01,2.069120e+01,2.059340e+01,2.058641e+01,2.128299e+01,2.131076e+01,2.139400e+01,2.132464e+01,2.145639e+01,2.141480e+01,2.143560e+01,2.142867e+01,2.146332e+01,2.141480e+01,2.149104e+01,2.128993e+01,2.149796e+01,2.138013e+01,2.149104e+01,2.145639e+01,2.140787e+01,2.135933e+01,2.133851e+01,2.136626e+01,2.147025e+01,2.134545e+01,2.139400e+01,2.142867e+01,2.129688e+01,2.135933e+01,2.124133e+01,2.127605e+01,2.126911e+01,2.132464e+01,2.118576e+01,2.145639e+01,2.135933e+01,2.133851e+01,2.142174e+01,2.138013e+01,2.142174e+01,2.137320e+01,2.136626e+01,2.148411e+01,2.154645e+01,2.147718e+01,2.131076e+01,2.147025e+01,2.147718e+01,2.154645e+01,2.158106e+01,2.150489e+01,2.151182e+01,2.151182e+01,2.169866e+01,2.145639e+01,2.162950e+01
2.165717e+01,2.161566e+01,2.156721e+01,2.152567e+01,2.160182e+01,2.143560e+01,2.153952e+01,2.154645e+01,2.154645e+01,2.156721e+01,2.156029e+01,2.153260e+01,2.151182e+01,2.159490e+01,2.153260e+01,2.149796e+01,2.148411e+01,2.162258e+01,2.149104e+01,2.165025e+01,2.147025e+01,2.142174e+01,2.158106e+01,2.156721e+01,2.151875e+01,2.170557e+01,2.156029e+01,2.165025e+01,2.153260e+01,2.169866e+01,2.163642e+01,2.164334e+01,2.171248e+01,2.152567e+01,2.169175e+01,2.162950e+01,2.171940e+01,2.176086e+01,2.180922e+01,2.157414e+01,2.176086e+01,2.185065e+01,2.187825e+01,2.184374e+01,2.171940e+01,2.174013e+01,2.172631e+01,2.171248e+01,2.178159e+01,2.183684e+01,2.169866e+01,2.177468e+01,2.176086e+01,2.178159e+01,2.175395e+01,2.181612e+01,2.182993e+01,2.185065e+01,2.184374e+01,2.169175e+01,2.177468e+01,2.177468e+01,2.179540e+01,2.171248e+01,2.182993e+01,2.178159e+01,2.169866e+01,2.176777e+01,2.183684e+01,2.174013e+01,2.165025e+01,2.175395e+01,2.164334e+01,2.171940e+01,2.165717e+01,2.156721e+01,2.166409e+01,2.162950e+01,2.176086e+01,2.169175e+01,2.165717e+01,2.179540e+01,2.160874e+01,2.159490e+01,2.169866e+01,2.162258e+01,2.153260e+01,2.171248e+01,2.172631e+01,2.168483e+01,2.164334e+01,2.167792e+01,2.151182e+01,2.162950e+01,2.149796e+01,2.153952e+01,2.153952e+01,2.144253e+01,2.164334e+01,2.145639e+01,2.151182e+01,2.149796e+01,2.146332e+01,2.145639e+01,2.140094e+01,2.137320e+01,2.115796e+01,2.124133e+01,2.124828e+01,2.126217e+01,2.128993e+01,2.126911e+01,2.129688e+01,2.131076e+01,2.145639e+01,2.140787e+01,2.136626e+01,2.153260e+01,2.142867e+01,2.149796e+01,2.142867e+01,2.142867e+01,2.139400e+01,2.143560e+01,2.144253e+01,2.147025e+01,2.144946e+01,2.152567e+01,2.144253e+01,2.158106e+01,2.143560e+01,2.160874e+01,2.142174e+01,2.144253e+01,2.138013e+01,2.140787e+01,2.151875e+01,2.151182e+01,2.151182e+01,2.151182e+01,2.149104e+01,2.153260e+01,2.139400e+01,2.159490e+01,2.155337e+01,2.159490e+01,2.155337e+01,2.155337e+01,2.149104e+01,2.156029e+01,2.171248e+01,2.171940e+01,2.171940e+01,2.154645e+01,2.152567e+01,2.160182e+01,2.159490e+01,2.165025e+01,2.156029e+01,2.166409e+01,2.165025e+01,2.171940e+01,2.170557e+01,2.167100e+01,2.162258e+01,2.147718e+01,2.159490e+01,2.165717e+01,2.153260e+01,2.162950e+01,2.158798e+01,2.157414e+01,2.175395e+01,2.174013e+01,2.172631e+01,2.174013e+01,2.174704e+01,2.181612e+01,2.176086e+01,2.168483e+01,2.162950e+01,2.149104e+01,2.163642e+01,2.149104e+01,2.159490e+01,2.149104e+01,2.175395e+01,2.186445e+01,2.187825e+01,2.185065e+01,2.182303e+01,2.189896e+01,2.190586e+01,2.182303e+01,2.181612e+01,2.189896e+01,2.200241e+01,2.193345e+01,2.189896e+01,2.193345e+01,2.194035e+01,2.176086e+01,2.187135e+01,2.184374e+01,2.187135e+01,2.182303e+01,2.183684e+01,2.182303e+01,2.188516e+01,2.171940e+01,2.141480e+01,2.131076e+01,2.125522e+01,2.129688e+01,2.106756e+01,2.108148e+01,2.128993e+01,2.120660e+01,2.126217e+01,2.144253e+01,2.165025e+01,2.185065e+01,2.194035e+01,2.189206e+01,2.203687e+01,2.186445e+01,2.185755e+01,2.192655e+01,2.171248e+01,2.191276e+01,2.193345e+01,2.171940e+01,2.187135e+01,2.162950e+01,2.137320e+01,2.122744e+01,2.122050e+01,2.110929e+01,2.115101e+01,2.140787e+01,2.137320e+01,2.169866e+01,2.176086e+01,2.171248e+01,2.180922e+01,2.167100e+01,2.172631e+01,2.171940e+01,2.169175e+01,2.176086e+01,2.174013e+01,2.162258e+01,2.165717e+01,2.163642e+01,2.160874e+01,2.168483e+01,2.160874e+01,2.169866e+01,2.169866e+01,2.169866e+01,2.157414e+01,2.156029e+01,2.159490e+01,2.155337e+01,2.167100e+01,2.167792e+01,2.171248e+01,2.166409e+01,2.169866e+01,2.174013e+01,2.158106e+01,2.160182e+01,2.158106e+01,2.168483e+01,2.157414e+01,2.156029e+01,2.157414e+01,2.160182e+01,2.156029e+01,2.153952e+01,2.155337e+01,2.161566e+01,2.153952e+01,2.152567e+01,2.158106e+01,2.171940e+01,2.170557e+01,2.171248e+01,2.161566e+01,2.166409e+01,2.168483e+01,2.156721e+01,2.168483e+01,2.169175e+01,2.169866e+01,2.158798e+01,2.169866e+01,2.170557e+01,2.169175e+01,2.151875e+01,2.162258e+01,2.150489e+01,2.167100e+01,2.160182e+01,2.171248e+01,2.176086e+01,2.173322e+01,2.169175e+01,2.176086e+01,2.178159e+01,2.172631e+01,2.178850e+01,2.171248e+01,2.172631e+01,2.171248e+01,2.172631e+01,2.177468e+01,2.168483e+01,2.173322e+01,2.169866e+01,2.169866e+01,2.167792e+01,2.175395e+01,2.165025e+01,2.160182e+01,2.156721e+01,2.149796e+01,2.137320e+01,2.139400e+01,2.123439e+01,2.113711e+01,2.120660e+01,2.121355e+01,2.112320e+01,2.117881e+01,2.114406e+01,2.113711e+01,2.123439e+01,2.130382e+01,2.130382e+01,2.158798e+01,2.153952e+01,2.185065e+01,2.173322e+01,2.190586e+01,2.187135e+01,2.187825e+01,2.204376e+01,2.187825e+01,2.191276e+01,2.187825e+01,2.194725e+01,2.187135e+01,2.187135e+01,2.187825e+01,2.191965e+01,2.187825e+01,2.196104e+01,2.189896e+01,2.194725e+01,2.187135e+01,2.187825e+01,2.177468e+01,2.146332e+01,2.138013e+01,2.144946e+01,2.169866e+01,2.189896e+01,2.191276e+01,2.194035e+01,2.198172e+01,2.196104e+01,2.198862e+01,2.198172e+01,2.198862e+01,2.203687e+01,2.214017e+01,2.214017e+01,2.206442e+01,2.212641e+01,2.194035e+01,2.202308e+01,2.202308e+01,2.200930e+01,2.198862e+01,2.205065e+01,2.200930e+01,2.200930e+01,2.194035e+01,2.196104e+01,2.191965e+01,2.196104e+01,2.198172e+01,2.196793e+01,2.169175e+01,2.172631e+01,2.171248e+01,2.187135e+01,2.186445e+01,2.183684e+01,2.182303e+01,2.187135e+01,2.180231e+01,2.205065e+01,2.187825e+01,2.183684e+01,2.178159e+01,2.172631e+01,2.167792e+01,2.162258e+01,2.170557e+01,2.162950e+01,2.168483e+01,2.170557e+01,2.165717e+01,2.158106e+01,2.171940e+01,2.158798e+01,2.159490e+01,2.160874e+01,2.169175e+01,2.165717e+01,2.157414e+01,2.156721e+01,2.156721e+01,2.168483e+01,2.160182e+01,2.168483e+01,2.169175e+01,2.173322e+01,2.173322e+01,2.169866e+01,2.160874e+01,2.160182e+01,2.151182e+01,2.150489e+01,2.159490e+01,2.159490e+01,2.162258e+01,2.157414e+01,2.156029e+01,2.145639e+01,2.154645e+01,2.123439e+01,2.146332e+01,2.153952e+01,2.171248e+01,2.177468e+01,2.192655e+01,2.187135e+01,2.190586e+01,2.187825e+01,2.179540e+01,2.151875e+01,2.153952e+01,2.157414e+01,2.159490e+01,2.158106e+01,2.147718e+01,2.152567e+01,2.170557e+01,2.159490e+01,2.160182e+01,2.156721e+01,2.171248e+01,2.179540e+01,2.185755e+01,2.184374e+01,2.187825e+01,2.176086e+01,2.187825e+01,2.188516e+01,2.177468e+01,2.162258e+01,2.158106e+01,2.160874e+01,2.159490e+01,2.168483e+01,2.158106e+01,2.153260e+01,2.162258e+01,2.151182e+01,2.149796e+01,2.160874e+01,2.144946e+01,2.162258e+01,2.152567e+01,2.156029e+01,2.153260e+01,2.154645e+01,2.153260e+01,2.155337e+01,2.156721e+01,2.156721e+01,2.158106e+01,2.147718e+01,2.156721e+01,2.160182e+01,2.162258e+01,2.156029e+01,2.155337e+01,2.159490e+01,2.158798e+01,2.167100e+01,2.163642e+01,2.179540e+01,2.176086e+01,2.173322e+01,2.171248e+01,2.163642e+01,2.171940e+01,2.177468e+01,2.168483e+01,2.166409e+01,2.176777e+01,2.170557e+01,2.172631e+01,2.165025e+01,2.171248e+01,2.160874e+01,2.162258e+01,2.168483e+01,2.167100e+01,2.163642e+01,2.157414e+01,2.165025e+01,2.158798e+01,2.165025e+01,2.156721e+01,2.153260e+01,2.162258e+01,2.151875e+01,2.151182e+01,2.149796e+01,2.142174e+01,2.149796e+01,2.146332e+01,2.131076e+01,2.129688e+01,2.132464e+01,2.111625e+01,2.113015e+01,2.108843e+01,2.100493e+01,2.104669e+01,2.114406e+01,2.108843e+01,2.135933e+01,2.133851e+01,2.110929e+01,2.117186e+01,2.109539e+01,2.123439e+01,2.119966e+01,2.112320e+01,2.113015e+01,2.115796e+01,2.112320e+01,2.111625e+01,2.110929e+01,2.120660e+01,2.109539e+01,2.105365e+01,2.103973e+01,2.104669e+01,2.102581e+01,2.107452e+01,2.103973e+01,2.094923e+01,2.087259e+01,2.097709e+01,2.091440e+01,2.087259e+01,2.085168e+01,2.062834e+01,2.090047e+01,2.086562e+01,2.074705e+01,2.071913e+01,2.081681e+01,2.078891e+01,2.079589e+01,2.062135e+01,2.068422e+01,2.057243e+01,2.068422e+01,2.092137e+01,2.134545e+01,2.137320e+01,2.131770e+01,2.142867e+01,2.133851e+01,2.138707e+01,2.138013e+01,2.140787e+01,2.144946e+01,2.138707e+01,2.137320e+01,2.148411e+01,2.149796e+01,2.149796e+01,2.140094e+01,2.135933e+01,2.140787e+01,2.139400e+01,2.138707e+01,2.138707e+01,2.125522e+01,2.139400e+01,2.138013e+01,2.142174e+01,2.140094e+01,2.128299e+01,2.130382e+01,2.135239e+01,2.129688e+01,2.149796e+01,2.135239e+01,2.144253e+01,2.138707e+01,2.140787e+01,2.138707e+01,2.156721e+01,2.140787e+01,2.133851e+01,2.147718e+01,2.147025e+01,2.147718e+01,2.145639e+01,2.169866e+01,2.124828e+01,2.154645e+01,2.151182e+01,2.169175e+01,2.152567e+01,2.150489e+01,2.153952e+01,2.147025e+01,2.144253e+01,2.159490e+01
2.156029e+01,2.148411e+01,2.160182e+01,2.141480e+01,2.157414e+01,2.156721e+01,2.155337e+01,2.158106e+01,2.155337e+01,2.156721e+01,2.156721e+01,2.156029e+01,2.158106e+01,2.151875e+01,2.158798e+01,2.153260e+01,2.153952e+01,2.171248e+01,2.151182e+01,2.174013e+01,2.163642e+01,2.153952e+01,2.156721e+01,2.164334e+01,2.156029e+01,2.167792e+01,2.148411e+01,2.151182e+01,2.160874e+01,2.164334e+01,2.152567e+01,2.160874e+01,2.166409e+01,2.166409e+01,2.151182e+01,2.168483e+01,2.169175e+01,2.178850e+01,2.178850e+01,2.181612e+01,2.180231e+01,2.179540e+01,2.169175e+01,2.172631e+01,2.177468e+01,2.184374e+01,2.185755e+01,2.169866e+01,2.170557e+01,2.171248e+01,2.166409e+01,2.174013e+01,2.169866e+01,2.171940e+01,2.169175e+01,2.169175e+01,2.194035e+01,2.185065e+01,2.182303e+01,2.187135e+01,2.182303e+01,2.168483e+01,2.171940e+01,2.176777e+01,2.193345e+01,2.178850e+01,2.177468e+01,2.182303e+01,2.169866e+01,2.173322e+01,2.167792e+01,2.172631e+01,2.169175e+01,2.169866e+01,2.202308e+01,2.167100e+01,2.167792e+01,2.167100e+01,2.166409e+01,2.163642e+01,2.165717e+01,2.172631e+01,2.161566e+01,2.170557e+01,2.173322e+01,2.165025e+01,2.162950e+01,2.160182e+01,2.167100e+01,2.169866e+01,2.167792e+01,2.163642e+01,2.166409e+01,2.165025e+01,2.161566e+01,2.153952e+01,2.158798e+01,2.152567e+01,2.154645e+01,2.149104e+01,2.148411e+01,2.149796e+01,2.147718e+01,2.149104e+01,2.146332e+01,2.141480e+01,2.111625e+01,2.111625e+01,2.112320e+01,2.122050e+01,2.130382e+01,2.128993e+01,2.120660e+01,2.131076e+01,2.151875e+01,2.133851e+01,2.139400e+01,2.133851e+01,2.139400e+01,2.141480e+01,2.140094e+01,2.145639e+01,2.142174e+01,2.138707e+01,2.145639e+01,2.142867e+01,2.146332e+01,2.147025e+01,2.150489e+01,2.142867e+01,2.147718e+01,2.146332e+01,2.139400e+01,2.137320e+01,2.153260e+01,2.140094e+01,2.139400e+01,2.149104e+01,2.151182e+01,2.151182e+01,2.153260e+01,2.156721e+01,2.149796e+01,2.145639e+01,2.145639e+01,2.155337e+01,2.156721e+01,2.146332e+01,2.146332e+01,2.144946e+01,2.162950e+01,2.164334e+01,2.162950e+01,2.161566e+01,2.164334e+01,2.164334e+01,2.168483e+01,2.159490e+01,2.167100e+01,2.169866e+01,2.168483e+01,2.161566e+01,2.169866e+01,2.168483e+01,2.164334e+01,2.165025e+01,2.162950e+01,2.162258e+01,2.158106e+01,2.165025e+01,2.176086e+01,2.174013e+01,2.167100e+01,2.174704e+01,2.176777e+01,2.167792e+01,2.155337e+01,2.171940e+01,2.170557e+01,2.153952e+01,2.164334e+01,2.158106e+01,2.162258e+01,2.156721e+01,2.151875e+01,2.161566e+01,2.174013e+01,2.208509e+01,2.174704e+01,2.189896e+01,2.182303e+01,2.176086e+01,2.191276e+01,2.191276e+01,2.196104e+01,2.190586e+01,2.186445e+01,2.189896e+01,2.204376e+01,2.179540e+01,2.189896e+01,2.192655e+01,2.194035e+01,2.196793e+01,2.191276e+01,2.192655e+01,2.186445e+01,2.178159e+01,2.186445e+01,2.184374e+01,2.181612e+01,2.143560e+01,2.124828e+01,2.126911e+01,2.132464e+01,2.115101e+01,2.122050e+01,2.126911e+01,2.121355e+01,2.119966e+01,2.136626e+01,2.169175e+01,2.179540e+01,2.184374e+01,2.186445e+01,2.198862e+01,2.187825e+01,2.194035e+01,2.188516e+01,2.173322e+01,2.169175e+01,2.172631e+01,2.160182e+01,2.153952e+01,2.154645e+01,2.128299e+01,2.117881e+01,2.117881e+01,2.125522e+01,2.128993e+01,2.131770e+01,2.159490e+01,2.177468e+01,2.162950e+01,2.156029e+01,2.166409e+01,2.169175e+01,2.162258e+01,2.166409e+01,2.160182e+01,2.164334e+01,2.151182e+01,2.159490e+01,2.163642e+01,2.164334e+01,2.162950e+01,2.169866e+01,2.158106e+01,2.178159e+01,2.160874e+01,2.162258e+01,2.156029e+01,2.160874e+01,2.155337e+01,2.166409e+01,2.167100e+01,2.172631e+01,2.167100e+01,2.150489e+01,2.162258e+01,2.166409e+01,2.156029e+01,2.156029e+01,2.161566e+01,2.167100e+01,2.158106e+01,2.157414e+01,2.156029e+01,2.149104e+01,2.158798e+01,2.151182e+01,2.153260e+01,2.137320e+01,2.151182e+01,2.158798e+01,2.153952e+01,2.153952e+01,2.157414e+01,2.161566e+01,2.171248e+01,2.178850e+01,2.177468e+01,2.163642e+01,2.160182e+01,2.167792e+01,2.165025e+01,2.171248e+01,2.169175e+01,2.155337e+01,2.168483e+01,2.158798e+01,2.163642e+01,2.149796e+01,2.150489e+01,2.151182e+01,2.153260e+01,2.159490e+01,2.146332e+01,2.174013e+01,2.162950e+01,2.165025e+01,2.173322e+01,2.172631e+01,2.169866e+01,2.177468e+01,2.167100e+01,2.169866e+01,2.174013e+01,2.174013e+01,2.171248e+01,2.171940e+01,2.170557e+01,2.172631e+01,2.155337e+01,2.165717e+01,2.151182e+01,2.145639e+01,2.142867e+01,2.136626e+01,2.125522e+01,2.099101e+01,2.116491e+01,2.113711e+01,2.115796e+01,2.122050e+01,2.111625e+01,2.123439e+01,2.130382e+01,2.131770e+01,2.138013e+01,2.156721e+01,2.160182e+01,2.174013e+01,2.177468e+01,2.180231e+01,2.183684e+01,2.178850e+01,2.184374e+01,2.185755e+01,2.188516e+01,2.189896e+01,2.192655e+01,2.187135e+01,2.186445e+01,2.189206e+01,2.169866e+01,2.189896e+01,2.184374e+01,2.189896e+01,2.186445e+01,2.180922e+01,2.174704e+01,2.179540e+01,2.150489e+01,2.142867e+01,2.126911e+01,2.156029e+01,2.189206e+01,2.193345e+01,2.196104e+01,2.196104e+01,2.201619e+01,2.202997e+01,2.201619e+01,2.205065e+01,2.204376e+01,2.198172e+01,2.209198e+01,2.197483e+01,2.200241e+01,2.203687e+01,2.209886e+01,2.201619e+01,2.199551e+01,2.208509e+01,2.203687e+01,2.202997e+01,2.203687e+01,2.200930e+01,2.191965e+01,2.202308e+01,2.193345e+01,2.198172e+01,2.190586e+01,2.175395e+01,2.171248e+01,2.183684e+01,2.197483e+01,2.186445e+01,2.180922e+01,2.182993e+01,2.182303e+01,2.178159e+01,2.189896e+01,2.180231e+01,2.178159e+01,2.180231e+01,2.169866e+01,2.174704e+01,2.171940e+01,2.169175e+01,2.162258e+01,2.171248e+01,2.160874e+01,2.174013e+01,2.160874e+01,2.158106e+01,2.158798e+01,2.172631e+01,2.172631e+01,2.167792e+01,2.158798e+01,2.159490e+01,2.161566e+01,2.160182e+01,2.155337e+01,2.159490e+01,2.169866e+01,2.170557e+01,2.160874e+01,2.156721e+01,2.158798e+01,2.160874e+01,2.164334e+01,2.167792e+01,2.174704e+01,2.174704e+01,2.194035e+01,2.196793e+01,2.188516e+01,2.198172e+01,2.162950e+01,2.177468e+01,2.156029e+01,2.149796e+01,2.157414e+01,2.153952e+01,2.178159e+01,2.191276e+01,2.187825e+01,2.189206e+01,2.193345e+01,2.174704e+01,2.157414e+01,2.149796e+01,2.147025e+01,2.146332e+01,2.148411e+01,2.151182e+01,2.153260e+01,2.160182e+01,2.163642e+01,2.168483e+01,2.171248e+01,2.166409e+01,2.186445e+01,2.169866e+01,2.187135e+01,2.171248e+01,2.184374e+01,2.176086e+01,2.157414e+01,2.162950e+01,2.163642e+01,2.175395e+01,2.171940e+01,2.161566e+01,2.165025e+01,2.174704e+01,2.141480e+01,2.153260e+01,2.153260e+01,2.156721e+01,2.153952e+01,2.143560e+01,2.153260e+01,2.149796e+01,2.128299e+01,2.141480e+01,2.152567e+01,2.135239e+01,2.153260e+01,2.131076e+01,2.151182e+01,2.149104e+01,2.164334e+01,2.149796e+01,2.138707e+01,2.149796e+01,2.157414e+01,2.163642e+01,2.158798e+01,2.159490e+01,2.167100e+01,2.169175e+01,2.161566e+01,2.178159e+01,2.172631e+01,2.175395e+01,2.174704e+01,2.165025e+01,2.159490e+01,2.158798e+01,2.167792e+01,2.169866e+01,2.162258e+01,2.162950e+01,2.178159e+01,2.160182e+01,2.162950e+01,2.171940e+01,2.166409e+01,2.174013e+01,2.171940e+01,2.169175e+01,2.167100e+01,2.155337e+01,2.159490e+01,2.160874e+01,2.155337e+01,2.153952e+01,2.150489e+01,2.149796e+01,2.159490e+01,2.142867e+01,2.140787e+01,2.142867e+01,2.138707e+01,2.131770e+01,2.131770e+01,2.133851e+01,2.110234e+01,2.108148e+01,2.113015e+01,2.108148e+01,2.151182e+01,2.144946e+01,2.142867e+01,2.158798e+01,2.144253e+01,2.136626e+01,2.130382e+01,2.130382e+01,2.117881e+01,2.126911e+01,2.114406e+01,2.114406e+01,2.110234e+01,2.105365e+01,2.109539e+01,2.117186e+01,2.113711e+01,2.104669e+01,2.112320e+01,2.092833e+01,2.113015e+01,2.107452e+01,2.094226e+01,2.094226e+01,2.089350e+01,2.082378e+01,2.089350e+01,2.090047e+01,2.069818e+01,2.064231e+01,2.080286e+01,2.074007e+01,2.099797e+01,2.085168e+01,2.084470e+01,2.079589e+01,2.085865e+01,2.080286e+01,2.085168e+01,2.083773e+01,2.090743e+01,2.109539e+01,2.138707e+01,2.133158e+01,2.126217e+01,2.131770e+01,2.125522e+01,2.133851e+01,2.139400e+01,2.149796e+01,2.137320e+01,2.142174e+01,2.143560e+01,2.133158e+01,2.151182e+01,2.142867e+01,2.144253e+01,2.133851e+01,2.131770e+01,2.138707e+01,2.128993e+01,2.150489e+01,2.115101e+01,2.142174e+01,2.135239e+01,2.123439e+01,2.134545e+01,2.158798e+01,2.140787e+01,2.135933e+01,2.131076e+01,2.136626e+01,2.135239e+01,2.148411e+01,2.136626e+01,2.144946e+01,2.138013e+01,2.143560e+01,2.138707e+01,2.144946e+01,2.147025e+01,2.139400e+01,2.149104e+01,2.172631e+01,2.153260e+01,2.165025e+01,2.159490e+01,2.153260e+01,2.152567e+01,2.149796e+01,2.151875e+01,2.166409e+01,2.167100e+01,2.161566e+01,2.147025e+01
2.153952e+01,2.151182e+01,2.144946e+01,2.144946e+01,2.154645e+01,2.150489e+01,2.155337e+01,2.157414e+01,2.153952e+01,2.156029e+01,2.149104e+01,2.151875e+01,2.164334e+01,2.156029e+01,2.156721e+01,2.151875e+01,2.157414e+01,2.151875e+01,2.164334e+01,2.154645e+01,2.158798e+01,2.158106e+01,2.168483e+01,2.157414e+01,2.155337e+01,2.156721e+01,2.162258e+01,2.151182e+01,2.159490e+01,2.157414e+01,2.149796e+01,2.162258e+01,2.155337e+01,2.159490e+01,2.168483e+01,2.176777e+01,2.172631e+01,2.180231e+01,2.182303e+01,2.171248e+01,2.170557e+01,2.184374e+01,2.167100e+01,2.169866e+01,2.184374e+01,2.171248e+01,2.178850e+01,2.186445e+01,2.171248e+01,2.165025e+01,2.197483e+01,2.166409e+01,2.165717e+01,2.176777e+01,2.165717e+01,2.165717e+01,2.171940e+01,2.180231e+01,2.174704e+01,2.182993e+01,2.174704e+01,2.171940e+01,2.167792e+01,2.169866e+01,2.169866e+01,2.171940e+01,2.158798e+01,2.176086e+01,2.173322e+01,2.184374e+01,2.164334e+01,2.174704e+01,2.167792e+01,2.167100e+01,2.171248e+01,2.158798e+01,2.167792e+01,2.167792e+01,2.161566e+01,2.168483e+01,2.160874e+01,2.167100e+01,2.156721e+01,2.171940e+01,2.160182e+01,2.162950e+01,2.164334e+01,2.158798e+01,2.159490e+01,2.162258e+01,2.162258e+01,2.165025e+01,2.150489e+01,2.160182e+01,2.154645e+01,2.152567e+01,2.154645e+01,2.144253e+01,2.142174e+01,2.142174e+01,2.147025e+01,2.150489e+01,2.148411e+01,2.143560e+01,2.132464e+01,2.107452e+01,2.115101e+01,2.117186e+01,2.108843e+01,2.109539e+01,2.122744e+01,2.136626e+01,2.119966e+01,2.131770e+01,2.130382e+01,2.135933e+01,2.153260e+01,2.134545e+01,2.140787e+01,2.142174e+01,2.135933e+01,2.148411e+01,2.140787e+01,2.142174e+01,2.143560e+01,2.142867e+01,2.141480e+01,2.151182e+01,2.140787e+01,2.138707e+01,2.138707e+01,2.131076e+01,2.138707e+01,2.132464e+01,2.153260e+01,2.140094e+01,2.141480e+01,2.151875e+01,2.151182e+01,2.151875e+01,2.140787e+01,2.150489e+01,2.151182e+01,2.156721e+01,2.143560e+01,2.146332e+01,2.152567e+01,2.151182e+01,2.150489e+01,2.149796e+01,2.161566e+01,2.156029e+01,2.165025e+01,2.151875e+01,2.149104e+01,2.150489e+01,2.155337e+01,2.155337e+01,2.165717e+01,2.162258e+01,2.164334e+01,2.172631e+01,2.164334e+01,2.165025e+01,2.173322e+01,2.156029e+01,2.156029e+01,2.169866e+01,2.165025e+01,2.162950e+01,2.184374e+01,2.171940e+01,2.169175e+01,2.162258e+01,2.154645e+01,2.176086e+01,2.158798e+01,2.144946e+01,2.144253e+01,2.165025e+01,2.160874e+01,2.163642e+01,2.162950e+01,2.149796e+01,2.149796e+01,2.142174e+01,2.160874e+01,2.191276e+01,2.190586e+01,2.196793e+01,2.179540e+01,2.180922e+01,2.190586e+01,2.182303e+01,2.189206e+01,2.193345e+01,2.187135e+01,2.187135e+01,2.195414e+01,2.206442e+01,2.204376e+01,2.190586e+01,2.204376e+01,2.186445e+01,2.187135e+01,2.193345e+01,2.192655e+01,2.187825e+01,2.169866e+01,2.180922e+01,2.184374e+01,2.167100e+01,2.162950e+01,2.145639e+01,2.116491e+01,2.126911e+01,2.105365e+01,2.112320e+01,2.120660e+01,2.115796e+01,2.134545e+01,2.131770e+01,2.138707e+01,2.156721e+01,2.157414e+01,2.185065e+01,2.180922e+01,2.177468e+01,2.174704e+01,2.171248e+01,2.167792e+01,2.161566e+01,2.162258e+01,2.140787e+01,2.132464e+01,2.113015e+01,2.123439e+01,2.128993e+01,2.124828e+01,2.110929e+01,2.116491e+01,2.137320e+01,2.126217e+01,2.141480e+01,2.161566e+01,2.162258e+01,2.158798e+01,2.158798e+01,2.166409e+01,2.170557e+01,2.169175e+01,2.158798e+01,2.167100e+01,2.170557e+01,2.161566e+01,2.159490e+01,2.166409e+01,2.162258e+01,2.178159e+01,2.169866e+01,2.174704e+01,2.167792e+01,2.174013e+01,2.168483e+01,2.142867e+01,2.155337e+01,2.156721e+01,2.167792e+01,2.149104e+01,2.149104e+01,2.158106e+01,2.158798e+01,2.144253e+01,2.148411e+01,2.149104e+01,2.153260e+01,2.147025e+01,2.158798e+01,2.148411e+01,2.144946e+01,2.148411e+01,2.153260e+01,2.152567e+01,2.148411e+01,2.149104e+01,2.149796e+01,2.155337e+01,2.160874e+01,2.164334e+01,2.156721e+01,2.169866e+01,2.174013e+01,2.165025e+01,2.169866e+01,2.172631e+01,2.165717e+01,2.169866e+01,2.162950e+01,2.153260e+01,2.152567e+01,2.153260e+01,2.151875e+01,2.155337e+01,2.153260e+01,2.144946e+01,2.142174e+01,2.141480e+01,2.143560e+01,2.160874e+01,2.178850e+01,2.172631e+01,2.169866e+01,2.172631e+01,2.172631e+01,2.169866e+01,2.161566e+01,2.175395e+01,2.167100e+01,2.174013e+01,2.156721e+01,2.169175e+01,2.169175e+01,2.167792e+01,2.167792e+01,2.152567e+01,2.153260e+01,2.142174e+01,2.140787e+01,2.131076e+01,2.122050e+01,2.113015e+01,2.117186e+01,2.108843e+01,2.119271e+01,2.119271e+01,2.119966e+01,2.116491e+01,2.124828e+01,2.126911e+01,2.141480e+01,2.159490e+01,2.150489e+01,2.176777e+01,2.178159e+01,2.177468e+01,2.191965e+01,2.186445e+01,2.186445e+01,2.176086e+01,2.189896e+01,2.187825e+01,2.188516e+01,2.181612e+01,2.188516e+01,2.191965e+01,2.185065e+01,2.186445e+01,2.190586e+01,2.190586e+01,2.178850e+01,2.178159e+01,2.173322e+01,2.160182e+01,2.141480e+01,2.138013e+01,2.147718e+01,2.148411e+01,2.185065e+01,2.184374e+01,2.196104e+01,2.198862e+01,2.203687e+01,2.201619e+01,2.202308e+01,2.203687e+01,2.197483e+01,2.206442e+01,2.208509e+01,2.208509e+01,2.201619e+01,2.209886e+01,2.197483e+01,2.202308e+01,2.212641e+01,2.202308e+01,2.201619e+01,2.189896e+01,2.191276e+01,2.198172e+01,2.191276e+01,2.189896e+01,2.204376e+01,2.196104e+01,2.194725e+01,2.171248e+01,2.171940e+01,2.170557e+01,2.182993e+01,2.182303e+01,2.196104e+01,2.193345e+01,2.181612e+01,2.182303e+01,2.187825e+01,2.173322e+01,2.181612e+01,2.172631e+01,2.167100e+01,2.167792e+01,2.170557e+01,2.167100e+01,2.162258e+01,2.162258e+01,2.160182e+01,2.163642e+01,2.160874e+01,2.165717e+01,2.160182e+01,2.162950e+01,2.157414e+01,2.169175e+01,2.160874e+01,2.159490e+01,2.134545e+01,2.168483e+01,2.162950e+01,2.153952e+01,2.160182e+01,2.158106e+01,2.153260e+01,2.162950e+01,2.152567e+01,2.178850e+01,2.198172e+01,2.186445e+01,2.189206e+01,2.188516e+01,2.194725e+01,2.196793e+01,2.216771e+01,2.202308e+01,2.194035e+01,2.194725e+01,2.182993e+01,2.164334e+01,2.153260e+01,2.144253e+01,2.165025e+01,2.178850e+01,2.178159e+01,2.189206e+01,2.178159e+01,2.196793e+01,2.184374e+01,2.167792e+01,2.161566e+01,2.163642e+01,2.148411e+01,2.147025e+01,2.155337e+01,2.165025e+01,2.159490e+01,2.162258e+01,2.169866e+01,2.167100e+01,2.167100e+01,2.185065e+01,2.180231e+01,2.162258e+01,2.167100e+01,2.153952e+01,2.163642e+01,2.153260e+01,2.158798e+01,2.157414e+01,2.150489e+01,2.175395e+01,2.168483e+01,2.156721e+01,2.155337e+01,2.156029e+01,2.152567e+01,2.154645e+01,2.151182e+01,2.148411e+01,2.104669e+01,2.132464e+01,2.123439e+01,2.126911e+01,2.113711e+01,2.121355e+01,2.128993e+01,2.134545e+01,2.127605e+01,2.140787e+01,2.158106e+01,2.137320e+01,2.147718e+01,2.141480e+01,2.143560e+01,2.160874e+01,2.156029e+01,2.154645e+01,2.162258e+01,2.144253e+01,2.165025e+01,2.169866e+01,2.159490e+01,2.152567e+01,2.174704e+01,2.171940e+01,2.168483e+01,2.159490e+01,2.176777e+01,2.175395e+01,2.161566e+01,2.161566e+01,2.162950e+01,2.162950e+01,2.162258e+01,2.160874e+01,2.168483e+01,2.167792e+01,2.172631e+01,2.153952e+01,2.168483e+01,2.158106e+01,2.152567e+01,2.156721e+01,2.156029e+01,2.156029e+01,2.149796e+01,2.156029e+01,2.149104e+01,2.142174e+01,2.140787e+01,2.147025e+01,2.131770e+01,2.131076e+01,2.145639e+01,2.133158e+01,2.128993e+01,2.108843e+01,2.099797e+01,2.108148e+01,2.151182e+01,2.169175e+01,2.165025e+01,2.160182e+01,2.157414e+01,2.165025e+01,2.158798e+01,2.165025e+01,2.126911e+01,2.121355e+01,2.124828e+01,2.128299e+01,2.113711e+01,2.109539e+01,2.110929e+01,2.116491e+01,2.108148e+01,2.105365e+01,2.093530e+01,2.101885e+01,2.090743e+01,2.090743e+01,2.090743e+01,2.090743e+01,2.076100e+01,2.085865e+01,2.079589e+01,2.078193e+01,2.078891e+01,2.071913e+01,2.071913e+01,2.087956e+01,2.096316e+01,2.087956e+01,2.074007e+01,2.083076e+01,2.078193e+01,2.090743e+01,2.087956e+01,2.103277e+01,2.114406e+01,2.117186e+01,2.135933e+01,2.131770e+01,2.140787e+01,2.137320e+01,2.138013e+01,2.140787e+01,2.155337e+01,2.140094e+01,2.138013e+01,2.144253e+01,2.146332e+01,2.136626e+01,2.140094e+01,2.145639e+01,2.128299e+01,2.142174e+01,2.148411e+01,2.136626e+01,2.133851e+01,2.131770e+01,2.136626e+01,2.135239e+01,2.129688e+01,2.131076e+01,2.134545e+01,2.157414e+01,2.141480e+01,2.136626e+01,2.135239e+01,2.134545e+01,2.139400e+01,2.144946e+01,2.144946e+01,2.140094e+01,2.138013e+01,2.141480e+01,2.149796e+01,2.137320e+01,2.148411e+01,2.157414e+01,2.151875e+01,2.147025e+01,2.148411e+01,2.162258e+01,2.156029e+01,2.155337e+01,2.153260e+01,2.158106e+01,2.152567e+01,2.160182e+01,2.158798e+01,2.162258e+01,2.135933e+01
2.150489e+01,2.160182e+01,2.145639e+01,2.171248e+01,2.147025e+01,2.158106e+01,2.155337e+01,2.155337e+01,2.156029e+01,2.156721e+01,2.158798e+01,2.153260e+01,2.158106e+01,2.153260e+01,2.180231e+01,2.147025e+01,2.160874e+01,2.156721e+01,2.153952e+01,2.158106e+01,2.155337e+01,2.168483e+01,2.162950e+01,2.153952e+01,2.155337e+01,2.167100e+01,2.153260e+01,2.146332e+01,2.147025e+01,2.164334e+01,2.151875e+01,2.153260e+01,2.164334e+01,2.168483e+01,2.157414e+01,2.158798e+01,2.169866e+01,2.170557e+01,2.177468e+01,2.178850e+01,2.173322e+01,2.179540e+01,2.181612e+01,2.178850e+01,2.163642e+01,2.179540e+01,2.179540e+01,2.182303e+01,2.169866e+01,2.166409e+01,2.171940e+01,2.172631e+01,2.165025e+01,2.168483e+01,2.170557e+01,2.165717e+01,2.181612e+01,2.170557e+01,2.176086e+01,2.160874e+01,2.168483e+01,2.178159e+01,2.182993e+01,2.175395e+01,2.184374e+01,2.171248e+01,2.169175e+01,2.172631e+01,2.173322e+01,2.159490e+01,2.171248e+01,2.169866e+01,2.165717e+01,2.158798e+01,2.163642e+01,2.159490e+01,2.167792e+01,2.165717e+01,2.171248e+01,2.166409e+01,2.169175e+01,2.159490e+01,2.170557e+01,2.169866e+01,2.157414e+01,2.162950e+01,2.161566e+01,2.166409e+01,2.157414e+01,2.162950e+01,2.166409e+01,2.160182e+01,2.158106e+01,2.158798e+01,2.157414e+01,2.150489e+01,2.160182e+01,2.150489e+01,2.146332e+01,2.147025e+01,2.140094e+01,2.144946e+01,2.142867e+01,2.138013e+01,2.122050e+01,2.123439e+01,2.118576e+01,2.112320e+01,2.114406e+01,2.126911e+01,2.110929e+01,2.127605e+01,2.126217e+01,2.131770e+01,2.151182e+01,2.133851e+01,2.131076e+01,2.130382e+01,2.119271e+01,2.136626e+01,2.139400e+01,2.138707e+01,2.140094e+01,2.134545e+01,2.139400e+01,2.142174e+01,2.144253e+01,2.144946e+01,2.135933e+01,2.153260e+01,2.149796e+01,2.138707e+01,2.147025e+01,2.140094e+01,2.134545e+01,2.141480e+01,2.148411e+01,2.151182e+01,2.131076e+01,2.149104e+01,2.151182e+01,2.144946e+01,2.135239e+01,2.128299e+01,2.145639e+01,2.149104e+01,2.149104e+01,2.152567e+01,2.150489e+01,2.161566e+01,2.159490e+01,2.169175e+01,2.166409e+01,2.165025e+01,2.147025e+01,2.165717e+01,2.169866e+01,2.176086e+01,2.168483e+01,2.161566e+01,2.160182e+01,2.167100e+01,2.169175e+01,2.167792e+01,2.171248e+01,2.163642e+01,2.165717e+01,2.166409e+01,2.171940e+01,2.167792e+01,2.160874e+01,2.172631e+01,2.158106e+01,2.160874e+01,2.160874e+01,2.153260e+01,2.173322e+01,2.173322e+01,2.159490e+01,2.160182e+01,2.162258e+01,2.159490e+01,2.165025e+01,2.165025e+01,2.152567e+01,2.152567e+01,2.178159e+01,2.186445e+01,2.188516e+01,2.182993e+01,2.198862e+01,2.180922e+01,2.196104e+01,2.186445e+01,2.188516e+01,2.189896e+01,2.193345e+01,2.200241e+01,2.198172e+01,2.189896e+01,2.194725e+01,2.190586e+01,2.189896e+01,2.198862e+01,2.196104e+01,2.195414e+01,2.194725e+01,2.192655e+01,2.195414e+01,2.192655e+01,2.186445e+01,2.183684e+01,2.169175e+01,2.157414e+01,2.150489e+01,2.117881e+01,2.119271e+01,2.097709e+01,2.118576e+01,2.123439e+01,2.131770e+01,2.135933e+01,2.135933e+01,2.156029e+01,2.160182e+01,2.183684e+01,2.168483e+01,2.165717e+01,2.171940e+01,2.171248e+01,2.156721e+01,2.169866e+01,2.169866e+01,2.140094e+01,2.139400e+01,2.134545e+01,2.130382e+01,2.131076e+01,2.115101e+01,2.112320e+01,2.124828e+01,2.127605e+01,2.116491e+01,2.135933e+01,2.140094e+01,2.166409e+01,2.167792e+01,2.165717e+01,2.157414e+01,2.156721e+01,2.166409e+01,2.162258e+01,2.165717e+01,2.171248e+01,2.169866e+01,2.182993e+01,2.169866e+01,2.162258e+01,2.176086e+01,2.180922e+01,2.170557e+01,2.172631e+01,2.158106e+01,2.170557e+01,2.169866e+01,2.175395e+01,2.145639e+01,2.148411e+01,2.147025e+01,2.147025e+01,2.151875e+01,2.146332e+01,2.149796e+01,2.149104e+01,2.147025e+01,2.153260e+01,2.153260e+01,2.151875e+01,2.145639e+01,2.145639e+01,2.140787e+01,2.153952e+01,2.146332e+01,2.164334e+01,2.160182e+01,2.152567e+01,2.156721e+01,2.160182e+01,2.158106e+01,2.175395e+01,2.171940e+01,2.180231e+01,2.180231e+01,2.165717e+01,2.167100e+01,2.169175e+01,2.164334e+01,2.168483e+01,2.160874e+01,2.168483e+01,2.153260e+01,2.156721e+01,2.148411e+01,2.147025e+01,2.146332e+01,2.135933e+01,2.147718e+01,2.146332e+01,2.170557e+01,2.167100e+01,2.180231e+01,2.171248e+01,2.171940e+01,2.187135e+01,2.169175e+01,2.169175e+01,2.176086e+01,2.177468e+01,2.173322e+01,2.180231e+01,2.176086e+01,2.168483e+01,2.157414e+01,2.173322e+01,2.171248e+01,2.171248e+01,2.153952e+01,2.139400e+01,2.138013e+01,2.119966e+01,2.119966e+01,2.117881e+01,2.117881e+01,2.127605e+01,2.115101e+01,2.117186e+01,2.130382e+01,2.112320e+01,2.122744e+01,2.139400e+01,2.146332e+01,2.171940e+01,2.189896e+01,2.180231e+01,2.180922e+01,2.185755e+01,2.184374e+01,2.182303e+01,2.193345e+01,2.184374e+01,2.187135e+01,2.189206e+01,2.188516e+01,2.190586e+01,2.183684e+01,2.175395e+01,2.189206e+01,2.185065e+01,2.179540e+01,2.174704e+01,2.177468e+01,2.176777e+01,2.169866e+01,2.142867e+01,2.129688e+01,2.149796e+01,2.140094e+01,2.196104e+01,2.194035e+01,2.207131e+01,2.207820e+01,2.198862e+01,2.205754e+01,2.207820e+01,2.211263e+01,2.190586e+01,2.196793e+01,2.200930e+01,2.206442e+01,2.200241e+01,2.202997e+01,2.216082e+01,2.199551e+01,2.198862e+01,2.204376e+01,2.191965e+01,2.192655e+01,2.210575e+01,2.199551e+01,2.197483e+01,2.194725e+01,2.200241e+01,2.196104e+01,2.187135e+01,2.176086e+01,2.167100e+01,2.169175e+01,2.173322e+01,2.178159e+01,2.172631e+01,2.175395e+01,2.171940e+01,2.172631e+01,2.164334e+01,2.166409e+01,2.164334e+01,2.171248e+01,2.175395e+01,2.161566e+01,2.169175e+01,2.161566e+01,2.171248e+01,2.162258e+01,2.159490e+01,2.158798e+01,2.162258e+01,2.164334e+01,2.160182e+01,2.166409e+01,2.158798e+01,2.158798e+01,2.182303e+01,2.166409e+01,2.156029e+01,2.160182e+01,2.164334e+01,2.153952e+01,2.159490e+01,2.159490e+01,2.165717e+01,2.168483e+01,2.170557e+01,2.193345e+01,2.198862e+01,2.197483e+01,2.212641e+01,2.199551e+01,2.194725e+01,2.202308e+01,2.212641e+01,2.207131e+01,2.193345e+01,2.202997e+01,2.198172e+01,2.207131e+01,2.195414e+01,2.182993e+01,2.179540e+01,2.174704e+01,2.193345e+01,2.200241e+01,2.182993e+01,2.179540e+01,2.185755e+01,2.185755e+01,2.142867e+01,2.141480e+01,2.142867e+01,2.151182e+01,2.160874e+01,2.167792e+01,2.164334e+01,2.167792e+01,2.158798e+01,2.168483e+01,2.164334e+01,2.182993e+01,2.164334e+01,2.166409e+01,2.162950e+01,2.174704e+01,2.172631e+01,2.169175e+01,2.176777e+01,2.176086e+01,2.176777e+01,2.162950e+01,2.153952e+01,2.173322e+01,2.155337e+01,2.153260e+01,2.153260e+01,2.153260e+01,2.142174e+01,2.146332e+01,2.151875e+01,2.126911e+01,2.143560e+01,2.141480e+01,2.115101e+01,2.131770e+01,2.130382e+01,2.126911e+01,2.146332e+01,2.126217e+01,2.134545e+01,2.128299e+01,2.143560e+01,2.146332e+01,2.152567e+01,2.145639e+01,2.151182e+01,2.146332e+01,2.160874e+01,2.152567e+01,2.151875e+01,2.169175e+01,2.156029e+01,2.154645e+01,2.171248e+01,2.150489e+01,2.162950e+01,2.165717e+01,2.165025e+01,2.161566e+01,2.162950e+01,2.162258e+01,2.165717e+01,2.162950e+01,2.164334e+01,2.165717e+01,2.167792e+01,2.174013e+01,2.160182e+01,2.157414e+01,2.156721e+01,2.158798e+01,2.156029e+01,2.158798e+01,2.151182e+01,2.153952e+01,2.162950e+01,2.156029e+01,2.162258e+01,2.142867e+01,2.144253e+01,2.135933e+01,2.140094e+01,2.136626e+01,2.128299e+01,2.131770e+01,2.131770e+01,2.107452e+01,2.113711e+01,2.101189e+01,2.153952e+01,2.162258e+01,2.151875e+01,2.175395e+01,2.160874e+01,2.167792e+01,2.174013e+01,2.172631e+01,2.164334e+01,2.129688e+01,2.128993e+01,2.125522e+01,2.120660e+01,2.108843e+01,2.087956e+01,2.117186e+01,2.090047e+01,2.103973e+01,2.115101e+01,2.116491e+01,2.115796e+01,2.115796e+01,2.092833e+01,2.091440e+01,2.077496e+01,2.086562e+01,2.085168e+01,2.078891e+01,2.066327e+01,2.079589e+01,2.090743e+01,2.083773e+01,2.095619e+01,2.099797e+01,2.099797e+01,2.098405e+01,2.090743e+01,2.125522e+01,2.133158e+01,2.131076e+01,2.129688e+01,2.108148e+01,2.145639e+01,2.133158e+01,2.136626e+01,2.142174e+01,2.151182e+01,2.138707e+01,2.128993e+01,2.133851e+01,2.149104e+01,2.135239e+01,2.137320e+01,2.174704e+01,2.139400e+01,2.136626e+01,2.136626e+01,2.143560e+01,2.135239e+01,2.135933e+01,2.136626e+01,2.126911e+01,2.141480e+01,2.130382e+01,2.153260e+01,2.129688e+01,2.140094e+01,2.136626e+01,2.138013e+01,2.152567e+01,2.133851e+01,2.143560e+01,2.110234e+01,2.142174e+01,2.135933e+01,2.146332e+01,2.149796e+01,2.136626e+01,2.149796e+01,2.159490e+01,2.147718e+01,2.144253e+01,2.148411e+01,2.170557e+01,2.153952e+01,2.155337e+01,2.158106e+01,2.151182e+01,2.158798e+01,2.161566e+01,2.153260e+01,2.164334e+01,2.159490e+01,2.165025e+01,2.144946e+01
2.148411e+01,2.148411e+01,2.146332e+01,2.147718e+01,2.140787e+01,2.151875e+01,2.142867e+01,2.154645e+01,2.156029e+01,2.150489e+01,2.155337e+01,2.156721e+01,2.145639e+01,2.156721e+01,2.151182e+01,2.170557e+01,2.148411e+01,2.167100e+01,2.169866e+01,2.153260e+01,2.159490e+01,2.163642e+01,2.152567e+01,2.155337e+01,2.164334e+01,2.163642e+01,2.150489e+01,2.169175e+01,2.167792e+01,2.158798e+01,2.156029e+01,2.167100e+01,2.168483e+01,2.169175e+01,2.157414e+01,2.162950e+01,2.182303e+01,2.174013e+01,2.167792e+01,2.176777e+01,2.176086e+01,2.178850e+01,2.178159e+01,2.177468e+01,2.177468e+01,2.185755e+01,2.174704e+01,2.167792e+01,2.183684e+01,2.176086e+01,2.184374e+01,2.167100e+01,2.179540e+01,2.166409e+01,2.169866e+01,2.167792e+01,2.160182e+01,2.180922e+01,2.189206e+01,2.167792e+01,2.179540e+01,2.183684e+01,2.182303e+01,2.179540e+01,2.176086e+01,2.177468e+01,2.171248e+01,2.162950e+01,2.173322e+01,2.171940e+01,2.167792e+01,2.165717e+01,2.159490e+01,2.162950e+01,2.156029e+01,2.156029e+01,2.170557e+01,2.172631e+01,2.159490e+01,2.165717e+01,2.148411e+01,2.171248e+01,2.166409e+01,2.169866e+01,2.166409e+01,2.155337e+01,2.165025e+01,2.164334e+01,2.154645e+01,2.165025e+01,2.162950e+01,2.150489e+01,2.156721e+01,2.160182e+01,2.149796e+01,2.151182e+01,2.151875e+01,2.144946e+01,2.140787e+01,2.144946e+01,2.129688e+01,2.141480e+01,2.130382e+01,2.126217e+01,2.121355e+01,2.118576e+01,2.108843e+01,2.116491e+01,2.112320e+01,2.107452e+01,2.128299e+01,2.122744e+01,2.125522e+01,2.125522e+01,2.119966e+01,2.131770e+01,2.128993e+01,2.150489e+01,2.140787e+01,2.140787e+01,2.137320e+01,2.139400e+01,2.133158e+01,2.140094e+01,2.144253e+01,2.140787e+01,2.152567e+01,2.141480e+01,2.154645e+01,2.141480e+01,2.142174e+01,2.135933e+01,2.142174e+01,2.147025e+01,2.151875e+01,2.142867e+01,2.140094e+01,2.142867e+01,2.149104e+01,2.149104e+01,2.149104e+01,2.153952e+01,2.153260e+01,2.151182e+01,2.146332e+01,2.145639e+01,2.147718e+01,2.151182e+01,2.147718e+01,2.151182e+01,2.153260e+01,2.165717e+01,2.150489e+01,2.151875e+01,2.169175e+01,2.165025e+01,2.169866e+01,2.157414e+01,2.172631e+01,2.169866e+01,2.154645e+01,2.163642e+01,2.171940e+01,2.174013e+01,2.173322e+01,2.170557e+01,2.169175e+01,2.162950e+01,2.159490e+01,2.168483e+01,2.161566e+01,2.160182e+01,2.169866e+01,2.158106e+01,2.158106e+01,2.173322e+01,2.165717e+01,2.160874e+01,2.160874e+01,2.162950e+01,2.160874e+01,2.182303e+01,2.164334e+01,2.145639e+01,2.153952e+01,2.165025e+01,2.187825e+01,2.199551e+01,2.197483e+01,2.194035e+01,2.178159e+01,2.200930e+01,2.211263e+01,2.191965e+01,2.195414e+01,2.191276e+01,2.192655e+01,2.192655e+01,2.191965e+01,2.204376e+01,2.196793e+01,2.205065e+01,2.200930e+01,2.204376e+01,2.203687e+01,2.204376e+01,2.201619e+01,2.192655e+01,2.203687e+01,2.187825e+01,2.189896e+01,2.181612e+01,2.185755e+01,2.163642e+01,2.162950e+01,2.158798e+01,2.112320e+01,2.119966e+01,2.115796e+01,2.131076e+01,2.115101e+01,2.126911e+01,2.129688e+01,2.134545e+01,2.158106e+01,2.180231e+01,2.173322e+01,2.187135e+01,2.165025e+01,2.162950e+01,2.160182e+01,2.169866e+01,2.162950e+01,2.167792e+01,2.137320e+01,2.130382e+01,2.124828e+01,2.122744e+01,2.126911e+01,2.128299e+01,2.124828e+01,2.125522e+01,2.123439e+01,2.119966e+01,2.131770e+01,2.158106e+01,2.153260e+01,2.157414e+01,2.164334e+01,2.153260e+01,2.162950e+01,2.169175e+01,2.165717e+01,2.165717e+01,2.170557e+01,2.172631e+01,2.164334e+01,2.165717e+01,2.181612e+01,2.165717e+01,2.175395e+01,2.174704e+01,2.174704e+01,2.174013e+01,2.175395e+01,2.158798e+01,2.176086e+01,2.160874e+01,2.149104e+01,2.159490e+01,2.149104e+01,2.142174e+01,2.156721e+01,2.140094e+01,2.142867e+01,2.150489e+01,2.138707e+01,2.152567e+01,2.137320e+01,2.138013e+01,2.139400e+01,2.131770e+01,2.142174e+01,2.145639e+01,2.153952e+01,2.151182e+01,2.156721e+01,2.167100e+01,2.163642e+01,2.166409e+01,2.176777e+01,2.167100e+01,2.174704e+01,2.171940e+01,2.166409e+01,2.170557e+01,2.168483e+01,2.172631e+01,2.161566e+01,2.163642e+01,2.156029e+01,2.153952e+01,2.150489e+01,2.148411e+01,2.139400e+01,2.141480e+01,2.133851e+01,2.171940e+01,2.170557e+01,2.171248e+01,2.165025e+01,2.171248e+01,2.178159e+01,2.177468e+01,2.178850e+01,2.177468e+01,2.179540e+01,2.171940e+01,2.176777e+01,2.178850e+01,2.178850e+01,2.176086e+01,2.176777e+01,2.168483e+01,2.157414e+01,2.151182e+01,2.142867e+01,2.144253e+01,2.136626e+01,2.119271e+01,2.124133e+01,2.125522e+01,2.098405e+01,2.117186e+01,2.126217e+01,2.118576e+01,2.119966e+01,2.115796e+01,2.131770e+01,2.142174e+01,2.155337e+01,2.155337e+01,2.178850e+01,2.184374e+01,2.178850e+01,2.188516e+01,2.194725e+01,2.196793e+01,2.195414e+01,2.191276e+01,2.192655e+01,2.185755e+01,2.180922e+01,2.182303e+01,2.187825e+01,2.184374e+01,2.186445e+01,2.174013e+01,2.188516e+01,2.190586e+01,2.182303e+01,2.187135e+01,2.180922e+01,2.169866e+01,2.140094e+01,2.139400e+01,2.131770e+01,2.188516e+01,2.196104e+01,2.208509e+01,2.206442e+01,2.211263e+01,2.205065e+01,2.209886e+01,2.212641e+01,2.202997e+01,2.200241e+01,2.205065e+01,2.209886e+01,2.198172e+01,2.202997e+01,2.205754e+01,2.218147e+01,2.200241e+01,2.204376e+01,2.197483e+01,2.194725e+01,2.196793e+01,2.196793e+01,2.193345e+01,2.191276e+01,2.193345e+01,2.204376e+01,2.181612e+01,2.173322e+01,2.172631e+01,2.158106e+01,2.173322e+01,2.171248e+01,2.176086e+01,2.170557e+01,2.158798e+01,2.165025e+01,2.158106e+01,2.160182e+01,2.169175e+01,2.169866e+01,2.174013e+01,2.171248e+01,2.169175e+01,2.169175e+01,2.169175e+01,2.161566e+01,2.164334e+01,2.167792e+01,2.160182e+01,2.164334e+01,2.171248e+01,2.162950e+01,2.171248e+01,2.182993e+01,2.170557e+01,2.168483e+01,2.166409e+01,2.162950e+01,2.152567e+01,2.164334e+01,2.161566e+01,2.156029e+01,2.155337e+01,2.185755e+01,2.188516e+01,2.205065e+01,2.201619e+01,2.200241e+01,2.216082e+01,2.205065e+01,2.206442e+01,2.216082e+01,2.217459e+01,2.211952e+01,2.217459e+01,2.211952e+01,2.211952e+01,2.212641e+01,2.210575e+01,2.211952e+01,2.202997e+01,2.185065e+01,2.202308e+01,2.193345e+01,2.195414e+01,2.182993e+01,2.193345e+01,2.186445e+01,2.182993e+01,2.174013e+01,2.157414e+01,2.151875e+01,2.154645e+01,2.158106e+01,2.158106e+01,2.177468e+01,2.176777e+01,2.164334e+01,2.185065e+01,2.176086e+01,2.178159e+01,2.167792e+01,2.168483e+01,2.171940e+01,2.168483e+01,2.162258e+01,2.158106e+01,2.146332e+01,2.162258e+01,2.158106e+01,2.171940e+01,2.149796e+01,2.155337e+01,2.156721e+01,2.147025e+01,2.155337e+01,2.152567e+01,2.140787e+01,2.143560e+01,2.144946e+01,2.143560e+01,2.140787e+01,2.126217e+01,2.129688e+01,2.128993e+01,2.127605e+01,2.126217e+01,2.117881e+01,2.122744e+01,2.137320e+01,2.143560e+01,2.142867e+01,2.129688e+01,2.138013e+01,2.134545e+01,2.142174e+01,2.156721e+01,2.142174e+01,2.149104e+01,2.149796e+01,2.160182e+01,2.154645e+01,2.159490e+01,2.171248e+01,2.175395e+01,2.161566e+01,2.158798e+01,2.173322e+01,2.159490e+01,2.158798e+01,2.165025e+01,2.174704e+01,2.162950e+01,2.164334e+01,2.156721e+01,2.169866e+01,2.164334e+01,2.170557e+01,2.160182e+01,2.156029e+01,2.158798e+01,2.150489e+01,2.151875e+01,2.147718e+01,2.144946e+01,2.149104e+01,2.151875e+01,2.144946e+01,2.140787e+01,2.146332e+01,2.140094e+01,2.139400e+01,2.138707e+01,2.126911e+01,2.133851e+01,2.133851e+01,2.133158e+01,2.122050e+01,2.133158e+01,2.151875e+01,2.165025e+01,2.175395e+01,2.178159e+01,2.186445e+01,2.186445e+01,2.169175e+01,2.162258e+01,2.166409e+01,2.158798e+01,2.160874e+01,2.151182e+01,2.152567e+01,2.110929e+01,2.117186e+01,2.117881e+01,2.115101e+01,2.115101e+01,2.112320e+01,2.089350e+01,2.091440e+01,2.090047e+01,2.095619e+01,2.097012e+01,2.114406e+01,2.082378e+01,2.089350e+01,2.082378e+01,2.094923e+01,2.098405e+01,2.097012e+01,2.093530e+01,2.107452e+01,2.102581e+01,2.128299e+01,2.127605e+01,2.134545e+01,2.127605e+01,2.138013e+01,2.131076e+01,2.133851e+01,2.142867e+01,2.135239e+01,2.142174e+01,2.132464e+01,2.138707e+01,2.156029e+01,2.133851e+01,2.144253e+01,2.138013e+01,2.135933e+01,2.139400e+01,2.164334e+01,2.138013e+01,2.140094e+01,2.139400e+01,2.147718e+01,2.133158e+01,2.137320e+01,2.148411e+01,2.143560e+01,2.142174e+01,2.131770e+01,2.139400e+01,2.151875e+01,2.136626e+01,2.138707e+01,2.127605e+01,2.140094e+01,2.120660e+01,2.137320e+01,2.145639e+01,2.135239e+01,2.135933e+01,2.148411e+01,2.153952e+01,2.138707e+01,2.146332e+01,2.126911e+01,2.158798e+01,2.153260e+01,2.148411e+01,2.162950e+01,2.157414e+01,2.151875e+01,2.182993e+01,2.158106e+01,2.155337e+01,2.154645e+01,2.158798e+01,2.165025e+01,2.165025e+01,2.156029e+01,2.156721e+01
2.151182e+01,2.148411e+01,2.161566e+01,2.145639e+01,2.143560e+01,2.138013e+01,2.158106e+01,2.162258e+01,2.154645e+01,2.160182e+01,2.152567e+01,2.160182e+01,2.153952e+01,2.167792e+01,2.163642e+01,2.159490e+01,2.152567e+01,2.167100e+01,2.153260e+01,2.169866e+01,2.161566e+01,2.157414e+01,2.156721e+01,2.148411e+01,2.149104e+01,2.162258e+01,2.158106e+01,2.160182e+01,2.165717e+01,2.165025e+01,2.159490e+01,2.168483e+01,2.156721e+01,2.163642e+01,2.173322e+01,2.168483e+01,2.185065e+01,2.172631e+01,2.177468e+01,2.174704e+01,2.178159e+01,2.161566e+01,2.176086e+01,2.179540e+01,2.174013e+01,2.189206e+01,2.175395e+01,2.168483e+01,2.182993e+01,2.182303e+01,2.180922e+01,2.167100e+01,2.171248e+01,2.174704e+01,2.176086e+01,2.178159e+01,2.171248e+01,2.178159e+01,2.169866e+01,2.178850e+01,2.188516e+01,2.173322e+01,2.178850e+01,2.183684e+01,2.168483e+01,2.175395e+01,2.167792e+01,2.170557e+01,2.155337e+01,2.171940e+01,2.167792e+01,2.174704e+01,2.172631e+01,2.161566e+01,2.158798e+01,2.159490e+01,2.151875e+01,2.173322e+01,2.165025e+01,2.167100e+01,2.173322e+01,2.165025e+01,2.154645e+01,2.163642e+01,2.157414e+01,2.162950e+01,2.159490e+01,2.165025e+01,2.169866e+01,2.161566e+01,2.165717e+01,2.148411e+01,2.158106e+01,2.163642e+01,2.163642e+01,2.164334e+01,2.150489e+01,2.151875e+01,2.150489e+01,2.148411e+01,2.136626e+01,2.149796e+01,2.136626e+01,2.124133e+01,2.115796e+01,2.117881e+01,2.120660e+01,2.115796e+01,2.103973e+01,2.108843e+01,2.125522e+01,2.119966e+01,2.124133e+01,2.126911e+01,2.122744e+01,2.119966e+01,2.125522e+01,2.136626e+01,2.135933e+01,2.130382e+01,2.133851e+01,2.131076e+01,2.134545e+01,2.135933e+01,2.141480e+01,2.139400e+01,2.138013e+01,2.155337e+01,2.140094e+01,2.131770e+01,2.147025e+01,2.140787e+01,2.139400e+01,2.140787e+01,2.139400e+01,2.142867e+01,2.138707e+01,2.144253e+01,2.147718e+01,2.144253e+01,2.142867e+01,2.149796e+01,2.150489e+01,2.146332e+01,2.150489e+01,2.148411e+01,2.147718e+01,2.147025e+01,2.158798e+01,2.151182e+01,2.159490e+01,2.169175e+01,2.168483e+01,2.162950e+01,2.165025e+01,2.160182e+01,2.171248e+01,2.173322e+01,2.159490e+01,2.167792e+01,2.167100e+01,2.162258e+01,2.162950e+01,2.155337e+01,2.166409e+01,2.169866e+01,2.162258e+01,2.150489e+01,2.157414e+01,2.167792e+01,2.159490e+01,2.167100e+01,2.165025e+01,2.160182e+01,2.153260e+01,2.150489e+01,2.162258e+01,2.142867e+01,2.158798e+01,2.167792e+01,2.146332e+01,2.147025e+01,2.162950e+01,2.148411e+01,2.149796e+01,2.174704e+01,2.187825e+01,2.191276e+01,2.189896e+01,2.198172e+01,2.189206e+01,2.189896e+01,2.207131e+01,2.198172e+01,2.196793e+01,2.201619e+01,2.196104e+01,2.198862e+01,2.205754e+01,2.193345e+01,2.207131e+01,2.207131e+01,2.201619e+01,2.205065e+01,2.200241e+01,2.205065e+01,2.198862e+01,2.194725e+01,2.198862e+01,2.201619e+01,2.189896e+01,2.196793e+01,2.199551e+01,2.182303e+01,2.160182e+01,2.161566e+01,2.162950e+01,2.121355e+01,2.120660e+01,2.111625e+01,2.110234e+01,2.125522e+01,2.117186e+01,2.135933e+01,2.118576e+01,2.136626e+01,2.143560e+01,2.171940e+01,2.165717e+01,2.167792e+01,2.165025e+01,2.158106e+01,2.156721e+01,2.150489e+01,2.138013e+01,2.124828e+01,2.128993e+01,2.127605e+01,2.127605e+01,2.137320e+01,2.125522e+01,2.122744e+01,2.125522e+01,2.128993e+01,2.128993e+01,2.119271e+01,2.152567e+01,2.154645e+01,2.156721e+01,2.156029e+01,2.168483e+01,2.167792e+01,2.166409e+01,2.166409e+01,2.163642e+01,2.176777e+01,2.181612e+01,2.179540e+01,2.172631e+01,2.179540e+01,2.187825e+01,2.184374e+01,2.170557e+01,2.175395e+01,2.178159e+01,2.187825e+01,2.177468e+01,2.155337e+01,2.166409e+01,2.156721e+01,2.140094e+01,2.153952e+01,2.150489e+01,2.144946e+01,2.144253e+01,2.144946e+01,2.144253e+01,2.142174e+01,2.151875e+01,2.140094e+01,2.143560e+01,2.132464e+01,2.136626e+01,2.143560e+01,2.158798e+01,2.161566e+01,2.160182e+01,2.160874e+01,2.166409e+01,2.165025e+01,2.178850e+01,2.167792e+01,2.167100e+01,2.165717e+01,2.162950e+01,2.168483e+01,2.158798e+01,2.163642e+01,2.160182e+01,2.161566e+01,2.167792e+01,2.149796e+01,2.156029e+01,2.144946e+01,2.156721e+01,2.162258e+01,2.156029e+01,2.177468e+01,2.178159e+01,2.167792e+01,2.174013e+01,2.177468e+01,2.173322e+01,2.178850e+01,2.180922e+01,2.178850e+01,2.185755e+01,2.183684e+01,2.171940e+01,2.183684e+01,2.178850e+01,2.173322e+01,2.173322e+01,2.175395e+01,2.162950e+01,2.151875e+01,2.156029e+01,2.149104e+01,2.119966e+01,2.116491e+01,2.128993e+01,2.115796e+01,2.108148e+01,2.109539e+01,2.119271e+01,2.115101e+01,2.110929e+01,2.121355e+01,2.132464e+01,2.151182e+01,2.166409e+01,2.167792e+01,2.167792e+01,2.175395e+01,2.180922e+01,2.171248e+01,2.195414e+01,2.186445e+01,2.189896e+01,2.189206e+01,2.187825e+01,2.185755e+01,2.184374e+01,2.193345e+01,2.183684e+01,2.183684e+01,2.180922e+01,2.183684e+01,2.182993e+01,2.183684e+01,2.179540e+01,2.171940e+01,2.173322e+01,2.144253e+01,2.143560e+01,2.135239e+01,2.152567e+01,2.182993e+01,2.188516e+01,2.203687e+01,2.209198e+01,2.213329e+01,2.211263e+01,2.213329e+01,2.211952e+01,2.208509e+01,2.207820e+01,2.205754e+01,2.210575e+01,2.210575e+01,2.202308e+01,2.209886e+01,2.202997e+01,2.199551e+01,2.196793e+01,2.196793e+01,2.196104e+01,2.211952e+01,2.198172e+01,2.191965e+01,2.199551e+01,2.191276e+01,2.193345e+01,2.171940e+01,2.156721e+01,2.170557e+01,2.156029e+01,2.165717e+01,2.170557e+01,2.177468e+01,2.171248e+01,2.169175e+01,2.170557e+01,2.171248e+01,2.166409e+01,2.178159e+01,2.169866e+01,2.164334e+01,2.176086e+01,2.169866e+01,2.169866e+01,2.161566e+01,2.159490e+01,2.164334e+01,2.172631e+01,2.165025e+01,2.170557e+01,2.166409e+01,2.162950e+01,2.169866e+01,2.167100e+01,2.157414e+01,2.168483e+01,2.169175e+01,2.169175e+01,2.164334e+01,2.165717e+01,2.170557e+01,2.170557e+01,2.170557e+01,2.192655e+01,2.188516e+01,2.203687e+01,2.200930e+01,2.199551e+01,2.201619e+01,2.209198e+01,2.207131e+01,2.216082e+01,2.216082e+01,2.218147e+01,2.221587e+01,2.213329e+01,2.207820e+01,2.209198e+01,2.213329e+01,2.213329e+01,2.202997e+01,2.220211e+01,2.204376e+01,2.203687e+01,2.202308e+01,2.181612e+01,2.199551e+01,2.183684e+01,2.185755e+01,2.184374e+01,2.159490e+01,2.157414e+01,2.153260e+01,2.156721e+01,2.170557e+01,2.158106e+01,2.163642e+01,2.180922e+01,2.183684e+01,2.180922e+01,2.181612e+01,2.169866e+01,2.183684e+01,2.171940e+01,2.171248e+01,2.164334e+01,2.169866e+01,2.161566e+01,2.176086e+01,2.169175e+01,2.154645e+01,2.159490e+01,2.151875e+01,2.160182e+01,2.155337e+01,2.156721e+01,2.153952e+01,2.149796e+01,2.140094e+01,2.155337e+01,2.120660e+01,2.134545e+01,2.135239e+01,2.137320e+01,2.132464e+01,2.133158e+01,2.124133e+01,2.123439e+01,2.123439e+01,2.126911e+01,2.124828e+01,2.117881e+01,2.138013e+01,2.160182e+01,2.130382e+01,2.159490e+01,2.145639e+01,2.149796e+01,2.148411e+01,2.152567e+01,2.148411e+01,2.152567e+01,2.163642e+01,2.151875e+01,2.162258e+01,2.162950e+01,2.152567e+01,2.163642e+01,2.153952e+01,2.163642e+01,2.153952e+01,2.156029e+01,2.168483e+01,2.163642e+01,2.166409e+01,2.141480e+01,2.151875e+01,2.156029e+01,2.162950e+01,2.162950e+01,2.156029e+01,2.165717e+01,2.153952e+01,2.152567e+01,2.151182e+01,2.166409e+01,2.150489e+01,2.141480e+01,2.148411e+01,2.139400e+01,2.140094e+01,2.140787e+01,2.128299e+01,2.128993e+01,2.128993e+01,2.122050e+01,2.131770e+01,2.109539e+01,2.118576e+01,2.128993e+01,2.153952e+01,2.168483e+01,2.174013e+01,2.176777e+01,2.201619e+01,2.161566e+01,2.172631e+01,2.180922e+01,2.169866e+01,2.153952e+01,2.152567e+01,2.152567e+01,2.164334e+01,2.150489e+01,2.139400e+01,2.142174e+01,2.117186e+01,2.115101e+01,2.119271e+01,2.120660e+01,2.118576e+01,2.132464e+01,2.117881e+01,2.132464e+01,2.131076e+01,2.130382e+01,2.126911e+01,2.138013e+01,2.122744e+01,2.130382e+01,2.130382e+01,2.140094e+01,2.131076e+01,2.143560e+01,2.133851e+01,2.142174e+01,2.131770e+01,2.142174e+01,2.152567e+01,2.140787e+01,2.144253e+01,2.153260e+01,2.138707e+01,2.143560e+01,2.140094e+01,2.152567e+01,2.142867e+01,2.138707e+01,2.155337e+01,2.135933e+01,2.141480e+01,2.134545e+01,2.138707e+01,2.153260e+01,2.143560e+01,2.138707e+01,2.132464e+01,2.147025e+01,2.131076e+01,2.147718e+01,2.147718e+01,2.133851e+01,2.140094e+01,2.134545e+01,2.135933e+01,2.139400e+01,2.139400e+01,2.147025e+01,2.146332e+01,2.139400e+01,2.135933e+01,2.144946e+01,2.142174e+01,2.144946e+01,2.153260e+01,2.144946e+01,2.155337e+01,2.138707e+01,2.151182e+01,2.159490e+01,2.156721e+01,2.156721e+01,2.147025e+01,2.150489e+01,2.151875e+01,2.165025e+01,2.165025e+01,2.149104e+01,2.163642e+01,2.160874e+01,2.163642e+01,2.163642e+01,2.166409e+01
2.140787e+01,2.150489e+01,2.147025e+01,2.141480e+01,2.146332e+01,2.141480e+01,2.141480e+01,2.152567e+01,2.152567e+01,2.157414e+01,2.161566e+01,2.159490e+01,2.153260e+01,2.148411e+01,2.149796e+01,2.174013e+01,2.151875e+01,2.172631e+01,2.157414e+01,2.156721e+01,2.165717e+01,2.156029e+01,2.157414e+01,2.156721e+01,2.149104e+01,2.162950e+01,2.163642e+01,2.169866e+01,2.163642e+01,2.163642e+01,2.162950e+01,2.152567e+01,2.169866e+01,2.171248e+01,2.164334e+01,2.172631e+01,2.177468e+01,2.171940e+01,2.169866e+01,2.176086e+01,2.176777e+01,2.175395e+01,2.177468e+01,2.176086e+01,2.177468e+01,2.177468e+01,2.162950e+01,2.173322e+01,2.167100e+01,2.180922e+01,2.187135e+01,2.181612e+01,2.178850e+01,2.173322e+01,2.174704e+01,2.173322e+01,2.166409e+01,2.176086e+01,2.178850e+01,2.172631e+01,2.168483e+01,2.176086e+01,2.183684e+01,2.169866e+01,2.168483e+01,2.169175e+01,2.171248e+01,2.155337e+01,2.154645e+01,2.159490e+01,2.165025e+01,2.167100e+01,2.164334e+01,2.161566e+01,2.158798e+01,2.166409e+01,2.165717e+01,2.156029e+01,2.162258e+01,2.163642e+01,2.158798e+01,2.169866e+01,2.168483e+01,2.154645e+01,2.163642e+01,2.163642e+01,2.160874e+01,2.157414e+01,2.157414e+01,2.157414e+01,2.151182e+01,2.149796e+01,2.152567e+01,2.160182e+01,2.138707e+01,2.142867e+01,2.161566e+01,2.138707e+01,2.145639e+01,2.135239e+01,2.142867e+01,2.142867e+01,2.122050e+01,2.118576e+01,2.110234e+01,2.115101e+01,2.108148e+01,2.108843e+01,2.087259e+01,2.100493e+01,2.113015e+01,2.111625e+01,2.122050e+01,2.115796e+01,2.135933e+01,2.124133e+01,2.126911e+01,2.124133e+01,2.128993e+01,2.137320e+01,2.134545e+01,2.138707e+01,2.128993e+01,2.138013e+01,2.137320e+01,2.142174e+01,2.139400e+01,2.138013e+01,2.139400e+01,2.133851e+01,2.140094e+01,2.135239e+01,2.150489e+01,2.144253e+01,2.139400e+01,2.140094e+01,2.144946e+01,2.140787e+01,2.147718e+01,2.141480e+01,2.151182e+01,2.147025e+01,2.133851e+01,2.152567e+01,2.141480e+01,2.145639e+01,2.149796e+01,2.156721e+01,2.148411e+01,2.149104e+01,2.163642e+01,2.158106e+01,2.160182e+01,2.164334e+01,2.158106e+01,2.170557e+01,2.171940e+01,2.169175e+01,2.169866e+01,2.167100e+01,2.162950e+01,2.165025e+01,2.158798e+01,2.173322e+01,2.164334e+01,2.162950e+01,2.185065e+01,2.154645e+01,2.154645e+01,2.165025e+01,2.168483e+01,2.159490e+01,2.165717e+01,2.160874e+01,2.159490e+01,2.156721e+01,2.165025e+01,2.162258e+01,2.147025e+01,2.158106e+01,2.154645e+01,2.151182e+01,2.149104e+01,2.148411e+01,2.171940e+01,2.178850e+01,2.178850e+01,2.190586e+01,2.179540e+01,2.186445e+01,2.200930e+01,2.200930e+01,2.183684e+01,2.187825e+01,2.195414e+01,2.196793e+01,2.198172e+01,2.207131e+01,2.206442e+01,2.203687e+01,2.207131e+01,2.192655e+01,2.196793e+01,2.209886e+01,2.194725e+01,2.198172e+01,2.196793e+01,2.196104e+01,2.184374e+01,2.189206e+01,2.196793e+01,2.184374e+01,2.189206e+01,2.185755e+01,2.185065e+01,2.171248e+01,2.166409e+01,2.142867e+01,2.120660e+01,2.111625e+01,2.116491e+01,2.110234e+01,2.116491e+01,2.133158e+01,2.122744e+01,2.130382e+01,2.134545e+01,2.142174e+01,2.176777e+01,2.151875e+01,2.165025e+01,2.156721e+01,2.168483e+01,2.151182e+01,2.135239e+01,2.126217e+01,2.131076e+01,2.127605e+01,2.128299e+01,2.124828e+01,2.135933e+01,2.113015e+01,2.119966e+01,2.119966e+01,2.124828e+01,2.119966e+01,2.127605e+01,2.155337e+01,2.130382e+01,2.133851e+01,2.143560e+01,2.165025e+01,2.141480e+01,2.167792e+01,2.168483e+01,2.162950e+01,2.160182e+01,2.178159e+01,2.170557e+01,2.179540e+01,2.162950e+01,2.180922e+01,2.172631e+01,2.181612e+01,2.185065e+01,2.187825e+01,2.178159e+01,2.180922e+01,2.168483e+01,2.156721e+01,2.137320e+01,2.135239e+01,2.143560e+01,2.139400e+01,2.145639e+01,2.140094e+01,2.139400e+01,2.151875e+01,2.142174e+01,2.139400e+01,2.134545e+01,2.144946e+01,2.140787e+01,2.139400e+01,2.147718e+01,2.159490e+01,2.158798e+01,2.164334e+01,2.165025e+01,2.167100e+01,2.176777e+01,2.166409e+01,2.161566e+01,2.166409e+01,2.167792e+01,2.166409e+01,2.181612e+01,2.174704e+01,2.165717e+01,2.158798e+01,2.153260e+01,2.160182e+01,2.158798e+01,2.163642e+01,2.181612e+01,2.177468e+01,2.171248e+01,2.185065e+01,2.171940e+01,2.167792e+01,2.187135e+01,2.180231e+01,2.169175e+01,2.182303e+01,2.168483e+01,2.179540e+01,2.183684e+01,2.177468e+01,2.184374e+01,2.188516e+01,2.184374e+01,2.176777e+01,2.182303e+01,2.165717e+01,2.171248e+01,2.156029e+01,2.158106e+01,2.131770e+01,2.137320e+01,2.122744e+01,2.125522e+01,2.119966e+01,2.110929e+01,2.115101e+01,2.115101e+01,2.110234e+01,2.118576e+01,2.131076e+01,2.131770e+01,2.154645e+01,2.169175e+01,2.156029e+01,2.178159e+01,2.191276e+01,2.183684e+01,2.178850e+01,2.184374e+01,2.187825e+01,2.176086e+01,2.188516e+01,2.191965e+01,2.188516e+01,2.183684e+01,2.177468e+01,2.182993e+01,2.176086e+01,2.171940e+01,2.175395e+01,2.169866e+01,2.185755e+01,2.169866e+01,2.177468e+01,2.169175e+01,2.140094e+01,2.147718e+01,2.132464e+01,2.140787e+01,2.166409e+01,2.191965e+01,2.214706e+01,2.213329e+01,2.215394e+01,2.214017e+01,2.214706e+01,2.206442e+01,2.207131e+01,2.211263e+01,2.200930e+01,2.201619e+01,2.196104e+01,2.211263e+01,2.196104e+01,2.202997e+01,2.195414e+01,2.194035e+01,2.189896e+01,2.196793e+01,2.187135e+01,2.188516e+01,2.178159e+01,2.190586e+01,2.162950e+01,2.170557e+01,2.171940e+01,2.163642e+01,2.174704e+01,2.167792e+01,2.156721e+01,2.156721e+01,2.182303e+01,2.165025e+01,2.159490e+01,2.171940e+01,2.166409e+01,2.173322e+01,2.165717e+01,2.165025e+01,2.167792e+01,2.185755e+01,2.172631e+01,2.176777e+01,2.185065e+01,2.190586e+01,2.166409e+01,2.186445e+01,2.173322e+01,2.180231e+01,2.167100e+01,2.167100e+01,2.169866e+01,2.162258e+01,2.166409e+01,2.169175e+01,2.169175e+01,2.161566e+01,2.164334e+01,2.166409e+01,2.183684e+01,2.187825e+01,2.187135e+01,2.184374e+01,2.182303e+01,2.197483e+01,2.200241e+01,2.198172e+01,2.199551e+01,2.209198e+01,2.219523e+01,2.217459e+01,2.211952e+01,2.222275e+01,2.214017e+01,2.212641e+01,2.211952e+01,2.207820e+01,2.214017e+01,2.207131e+01,2.205754e+01,2.209198e+01,2.222962e+01,2.200930e+01,2.202308e+01,2.201619e+01,2.189206e+01,2.183684e+01,2.177468e+01,2.163642e+01,2.176086e+01,2.173322e+01,2.151182e+01,2.157414e+01,2.157414e+01,2.157414e+01,2.158798e+01,2.171940e+01,2.178159e+01,2.187825e+01,2.169866e+01,2.171940e+01,2.161566e+01,2.176086e+01,2.174013e+01,2.167100e+01,2.173322e+01,2.167792e+01,2.174013e+01,2.162950e+01,2.167792e+01,2.167792e+01,2.162258e+01,2.158106e+01,2.160182e+01,2.151182e+01,2.153952e+01,2.147025e+01,2.153260e+01,2.145639e+01,2.140787e+01,2.128993e+01,2.140787e+01,2.142867e+01,2.134545e+01,2.134545e+01,2.132464e+01,2.119271e+01,2.119966e+01,2.135239e+01,2.106756e+01,2.113711e+01,2.122050e+01,2.137320e+01,2.135933e+01,2.138013e+01,2.150489e+01,2.134545e+01,2.146332e+01,2.159490e+01,2.154645e+01,2.158106e+01,2.149104e+01,2.156721e+01,2.156029e+01,2.163642e+01,2.163642e+01,2.157414e+01,2.151182e+01,2.166409e+01,2.162258e+01,2.171248e+01,2.161566e+01,2.160874e+01,2.141480e+01,2.162950e+01,2.154645e+01,2.157414e+01,2.161566e+01,2.156721e+01,2.150489e+01,2.157414e+01,2.155337e+01,2.154645e+01,2.152567e+01,2.148411e+01,2.149104e+01,2.140094e+01,2.146332e+01,2.145639e+01,2.140787e+01,2.140787e+01,2.160874e+01,2.138707e+01,2.135933e+01,2.127605e+01,2.122744e+01,2.119271e+01,2.128993e+01,2.133851e+01,2.156029e+01,2.174013e+01,2.188516e+01,2.161566e+01,2.174704e+01,2.174013e+01,2.176777e+01,2.174013e+01,2.178159e+01,2.172631e+01,2.175395e+01,2.169175e+01,2.167100e+01,2.153952e+01,2.169175e+01,2.175395e+01,2.157414e+01,2.136626e+01,2.131770e+01,2.142867e+01,2.135239e+01,2.165025e+01,2.147718e+01,2.157414e+01,2.143560e+01,2.145639e+01,2.131076e+01,2.147718e+01,2.151875e+01,2.133158e+01,2.120660e+01,2.140787e+01,2.126911e+01,2.143560e+01,2.140787e+01,2.142174e+01,2.140094e+01,2.140787e+01,2.142867e+01,2.144946e+01,2.135239e+01,2.146332e+01,2.137320e+01,2.133158e+01,2.140787e+01,2.153260e+01,2.148411e+01,2.152567e+01,2.152567e+01,2.145639e+01,2.143560e+01,2.142174e+01,2.139400e+01,2.137320e+01,2.138707e+01,2.140094e+01,2.140094e+01,2.144946e+01,2.135239e+01,2.145639e+01,2.144946e+01,2.144946e+01,2.144253e+01,2.142867e+01,2.144253e+01,2.138013e+01,2.128299e+01,2.124828e+01,2.138707e+01,2.139400e+01,2.147025e+01,2.139400e+01,2.138013e+01,2.142867e+01,2.144946e+01,2.145639e+01,2.147718e+01,2.157414e+01,2.136626e+01,2.151875e+01,2.152567e+01,2.154645e+01,2.157414e+01,2.151875e+01,2.155337e+01,2.164334e+01,2.168483e+01,2.151182e+01,2.153260e+01,2.155337e+01,2.160182e+01,2.160182e+01,2.151875e+01
2.134545e+01,2.141480e+01,2.147025e+01,2.153260e+01,2.151875e+01,2.147718e+01,2.140787e+01,2.143560e+01,2.150489e+01,2.148411e+01,2.153260e+01,2.140094e+01,2.151875e+01,2.147718e+01,2.151182e+01,2.163642e+01,2.149796e+01,2.169175e+01,2.158106e+01,2.149796e+01,2.153952e+01,2.160874e+01,2.158798e+01,2.157414e+01,2.156721e+01,2.147718e+01,2.147025e+01,2.152567e+01,2.156029e+01,2.171940e+01,2.170557e+01,2.158106e+01,2.163642e+01,2.161566e+01,2.171248e+01,2.175395e+01,2.173322e+01,2.174704e+01,2.168483e+01,2.169866e+01,2.172631e+01,2.176086e+01,2.162258e+01,2.163642e+01,2.178159e+01,2.186445e+01,2.180922e+01,2.185755e+01,2.172631e+01,2.184374e+01,2.169175e+01,2.176086e+01,2.170557e+01,2.167100e+01,2.178850e+01,2.171248e+01,2.172631e+01,2.178159e+01,2.170557e+01,2.150489e+01,2.177468e+01,2.165025e+01,2.170557e+01,2.169866e+01,2.172631e+01,2.167792e+01,2.166409e+01,2.168483e+01,2.158798e+01,2.164334e+01,2.165717e+01,2.164334e+01,2.144253e+01,2.159490e+01,2.162258e+01,2.156721e+01,2.165717e+01,2.153952e+01,2.171940e+01,2.172631e+01,2.155337e+01,2.163642e+01,2.156029e+01,2.153260e+01,2.157414e+01,2.165717e+01,2.160182e+01,2.156029e+01,2.153260e+01,2.165717e+01,2.149104e+01,2.149796e+01,2.151875e+01,2.148411e+01,2.143560e+01,2.148411e+01,2.142867e+01,2.152567e+01,2.149796e+01,2.142174e+01,2.124828e+01,2.113711e+01,2.108148e+01,2.113015e+01,2.107452e+01,2.104669e+01,2.109539e+01,2.106756e+01,2.108843e+01,2.108148e+01,2.102581e+01,2.103973e+01,2.103973e+01,2.131770e+01,2.135933e+01,2.124133e+01,2.131770e+01,2.138707e+01,2.138707e+01,2.113711e+01,2.128299e+01,2.133158e+01,2.135933e+01,2.121355e+01,2.137320e+01,2.135933e+01,2.136626e+01,2.135239e+01,2.129688e+01,2.137320e+01,2.142174e+01,2.144946e+01,2.138013e+01,2.139400e+01,2.140094e+01,2.144253e+01,2.137320e+01,2.133158e+01,2.131076e+01,2.140787e+01,2.134545e+01,2.151182e+01,2.143560e+01,2.144946e+01,2.143560e+01,2.144253e+01,2.147025e+01,2.148411e+01,2.147025e+01,2.164334e+01,2.156721e+01,2.165025e+01,2.164334e+01,2.167100e+01,2.156721e+01,2.169175e+01,2.176086e+01,2.151875e+01,2.171248e+01,2.166409e+01,2.162950e+01,2.152567e+01,2.158798e+01,2.152567e+01,2.151182e+01,2.162258e+01,2.153952e+01,2.155337e+01,2.158106e+01,2.155337e+01,2.157414e+01,2.169866e+01,2.156721e+01,2.163642e+01,2.156029e+01,2.148411e+01,2.160182e+01,2.150489e+01,2.144946e+01,2.145639e+01,2.142174e+01,2.149796e+01,2.144253e+01,2.151875e+01,2.176086e+01,2.165025e+01,2.187825e+01,2.190586e+01,2.175395e+01,2.191965e+01,2.196104e+01,2.200241e+01,2.202997e+01,2.178159e+01,2.198172e+01,2.196104e+01,2.205754e+01,2.208509e+01,2.191276e+01,2.196104e+01,2.183684e+01,2.206442e+01,2.192655e+01,2.207820e+01,2.196793e+01,2.194725e+01,2.194725e+01,2.199551e+01,2.199551e+01,2.189896e+01,2.200930e+01,2.187135e+01,2.185065e+01,2.188516e+01,2.178850e+01,2.172631e+01,2.171940e+01,2.158106e+01,2.151182e+01,2.121355e+01,2.122050e+01,2.111625e+01,2.108843e+01,2.113711e+01,2.119966e+01,2.110929e+01,2.128993e+01,2.135933e+01,2.135239e+01,2.136626e+01,2.148411e+01,2.148411e+01,2.154645e+01,2.153952e+01,2.130382e+01,2.127605e+01,2.125522e+01,2.126217e+01,2.117186e+01,2.129688e+01,2.109539e+01,2.126217e+01,2.117186e+01,2.112320e+01,2.124133e+01,2.124133e+01,2.126217e+01,2.126911e+01,2.117881e+01,2.116491e+01,2.119271e+01,2.131770e+01,2.133851e+01,2.151182e+01,2.154645e+01,2.161566e+01,2.154645e+01,2.178850e+01,2.181612e+01,2.169866e+01,2.172631e+01,2.173322e+01,2.177468e+01,2.177468e+01,2.189206e+01,2.184374e+01,2.179540e+01,2.167100e+01,2.164334e+01,2.140094e+01,2.139400e+01,2.138013e+01,2.139400e+01,2.131770e+01,2.141480e+01,2.144946e+01,2.131076e+01,2.128299e+01,2.146332e+01,2.138013e+01,2.135933e+01,2.131076e+01,2.139400e+01,2.137320e+01,2.140094e+01,2.140094e+01,2.145639e+01,2.151182e+01,2.161566e+01,2.167100e+01,2.159490e+01,2.165717e+01,2.171940e+01,2.167792e+01,2.164334e+01,2.165025e+01,2.158106e+01,2.161566e+01,2.170557e+01,2.151182e+01,2.161566e+01,2.185065e+01,2.178159e+01,2.182303e+01,2.165025e+01,2.165025e+01,2.165025e+01,2.165717e+01,2.178159e+01,2.178850e+01,2.175395e+01,2.176777e+01,2.178159e+01,2.179540e+01,2.179540e+01,2.179540e+01,2.180922e+01,2.174704e+01,2.182303e+01,2.180922e+01,2.185755e+01,2.180922e+01,2.178159e+01,2.176777e+01,2.158798e+01,2.170557e+01,2.152567e+01,2.151875e+01,2.129688e+01,2.128299e+01,2.120660e+01,2.112320e+01,2.116491e+01,2.110234e+01,2.117881e+01,2.108843e+01,2.113015e+01,2.110929e+01,2.133851e+01,2.151875e+01,2.155337e+01,2.151182e+01,2.156029e+01,2.174013e+01,2.178850e+01,2.194725e+01,2.183684e+01,2.185065e+01,2.187825e+01,2.196793e+01,2.182303e+01,2.187135e+01,2.181612e+01,2.166409e+01,2.174704e+01,2.174704e+01,2.187825e+01,2.176086e+01,2.185065e+01,2.175395e+01,2.178159e+01,2.170557e+01,2.171248e+01,2.138013e+01,2.145639e+01,2.134545e+01,2.133158e+01,2.172631e+01,2.209198e+01,2.218147e+01,2.218147e+01,2.240142e+01,2.220211e+01,2.214706e+01,2.229838e+01,2.209886e+01,2.207820e+01,2.213329e+01,2.213329e+01,2.201619e+01,2.215394e+01,2.194035e+01,2.198172e+01,2.205065e+01,2.178159e+01,2.195414e+01,2.175395e+01,2.180231e+01,2.178850e+01,2.152567e+01,2.161566e+01,2.170557e+01,2.158798e+01,2.155337e+01,2.161566e+01,2.163642e+01,2.156721e+01,2.156721e+01,2.158106e+01,2.156721e+01,2.169866e+01,2.171940e+01,2.162950e+01,2.161566e+01,2.176086e+01,2.166409e+01,2.182993e+01,2.183684e+01,2.181612e+01,2.187135e+01,2.194035e+01,2.172631e+01,2.185755e+01,2.169866e+01,2.182993e+01,2.171940e+01,2.162950e+01,2.172631e+01,2.166409e+01,2.171940e+01,2.176777e+01,2.168483e+01,2.169866e+01,2.163642e+01,2.166409e+01,2.160182e+01,2.166409e+01,2.166409e+01,2.186445e+01,2.192655e+01,2.189206e+01,2.191276e+01,2.198172e+01,2.211263e+01,2.200930e+01,2.199551e+01,2.220899e+01,2.214706e+01,2.207820e+01,2.221587e+01,2.224338e+01,2.215394e+01,2.200930e+01,2.213329e+01,2.215394e+01,2.215394e+01,2.213329e+01,2.211952e+01,2.197483e+01,2.205754e+01,2.203687e+01,2.194725e+01,2.192655e+01,2.186445e+01,2.202308e+01,2.179540e+01,2.195414e+01,2.178850e+01,2.158798e+01,2.160874e+01,2.157414e+01,2.167100e+01,2.171940e+01,2.171248e+01,2.181612e+01,2.178850e+01,2.183684e+01,2.181612e+01,2.179540e+01,2.172631e+01,2.174013e+01,2.173322e+01,2.171248e+01,2.171940e+01,2.174704e+01,2.183684e+01,2.166409e+01,2.163642e+01,2.167100e+01,2.156721e+01,2.167100e+01,2.160182e+01,2.154645e+01,2.156721e+01,2.156029e+01,2.145639e+01,2.152567e+01,2.153260e+01,2.139400e+01,2.135239e+01,2.137320e+01,2.125522e+01,2.128993e+01,2.133851e+01,2.112320e+01,2.115101e+01,2.119966e+01,2.118576e+01,2.118576e+01,2.117881e+01,2.111625e+01,2.123439e+01,2.122050e+01,2.124828e+01,2.133158e+01,2.132464e+01,2.142174e+01,2.143560e+01,2.142174e+01,2.152567e+01,2.142174e+01,2.149104e+01,2.154645e+01,2.159490e+01,2.162258e+01,2.161566e+01,2.150489e+01,2.149796e+01,2.151182e+01,2.165717e+01,2.162258e+01,2.160874e+01,2.162950e+01,2.157414e+01,2.158106e+01,2.165025e+01,2.162950e+01,2.153952e+01,2.149796e+01,2.144946e+01,2.142174e+01,2.144946e+01,2.151875e+01,2.148411e+01,2.141480e+01,2.138707e+01,2.147718e+01,2.148411e+01,2.141480e+01,2.141480e+01,2.138707e+01,2.126911e+01,2.131770e+01,2.116491e+01,2.132464e+01,2.119271e+01,2.120660e+01,2.133851e+01,2.145639e+01,2.158106e+01,2.176086e+01,2.179540e+01,2.173322e+01,2.172631e+01,2.157414e+01,2.171248e+01,2.173322e+01,2.178159e+01,2.161566e+01,2.169175e+01,2.171248e+01,2.162950e+01,2.165717e+01,2.160182e+01,2.167100e+01,2.160874e+01,2.158106e+01,2.156029e+01,2.150489e+01,2.159490e+01,2.154645e+01,2.159490e+01,2.149796e+01,2.147718e+01,2.131770e+01,2.128299e+01,2.131076e+01,2.129688e+01,2.137320e+01,2.147025e+01,2.144253e+01,2.136626e+01,2.145639e+01,2.144253e+01,2.136626e+01,2.143560e+01,2.138707e+01,2.138013e+01,2.134545e+01,2.135239e+01,2.147025e+01,2.138013e+01,2.129688e+01,2.129688e+01,2.134545e+01,2.128993e+01,2.140787e+01,2.124133e+01,2.145639e+01,2.135933e+01,2.161566e+01,2.142867e+01,2.138707e+01,2.143560e+01,2.134545e+01,2.131770e+01,2.135933e+01,2.133851e+01,2.130382e+01,2.149104e+01,2.144253e+01,2.138707e+01,2.144253e+01,2.124828e+01,2.135933e+01,2.140094e+01,2.138707e+01,2.136626e+01,2.141480e+01,2.140787e+01,2.134545e+01,2.144946e+01,2.150489e+01,2.140094e+01,2.153952e+01,2.151182e+01,2.151875e+01,2.170557e+01,2.153260e+01,2.150489e+01,2.153260e+01,2.149796e+01,2.168483e+01,2.148411e+01,2.160874e+01,2.155337e+01,2.151875e+01,2.153952e+01,2.169866e+01,2.147718e+01
2.148411e+01,2.146332e+01,2.140787e+01,2.147025e+01,2.144946e+01,2.156029e+01,2.144946e+01,2.145639e+01,2.149796e+01,2.149104e+01,2.153260e+01,2.151182e+01,2.159490e+01,2.159490e+01,2.156721e+01,2.144253e+01,2.172631e+01,2.160182e+01,2.154645e+01,2.161566e+01,2.165717e+01,2.155337e+01,2.157414e+01,2.153260e+01,2.158106e+01,2.151875e+01,2.158798e+01,2.162950e+01,2.161566e+01,2.163642e+01,2.158106e+01,2.158798e+01,2.171248e+01,2.162950e+01,2.178159e+01,2.164334e+01,2.174704e+01,2.160874e+01,2.176086e+01,2.180922e+01,2.176086e+01,2.172631e+01,2.177468e+01,2.180922e+01,2.157414e+01,2.173322e+01,2.151182e+01,2.164334e+01,2.171248e+01,2.173322e+01,2.175395e+01,2.178159e+01,2.178850e+01,2.161566e+01,2.179540e+01,2.171248e+01,2.168483e+01,2.173322e+01,2.168483e+01,2.176777e+01,2.158106e+01,2.165025e+01,2.172631e+01,2.175395e+01,2.179540e+01,2.165717e+01,2.161566e+01,2.162950e+01,2.163642e+01,2.168483e+01,2.167100e+01,2.166409e+01,2.164334e+01,2.165025e+01,2.162258e+01,2.166409e+01,2.159490e+01,2.169866e+01,2.162950e+01,2.162258e+01,2.167100e+01,2.159490e+01,2.166409e+01,2.158106e+01,2.161566e+01,2.161566e+01,2.162258e+01,2.161566e+01,2.156721e+01,2.151875e+01,2.148411e+01,2.151875e+01,2.147718e+01,2.149104e+01,2.135933e+01,2.150489e+01,2.141480e+01,2.132464e+01,2.122050e+01,2.128299e+01,2.124828e+01,2.110234e+01,2.107452e+01,2.106756e+01,2.121355e+01,2.110929e+01,2.089350e+01,2.092833e+01,2.117881e+01,2.112320e+01,2.116491e+01,2.117881e+01,2.120660e+01,2.119271e+01,2.124828e+01,2.132464e+01,2.124828e+01,2.126217e+01,2.131076e+01,2.134545e+01,2.127605e+01,2.130382e+01,2.132464e+01,2.131770e+01,2.140094e+01,2.137320e+01,2.130382e+01,2.143560e+01,2.140787e+01,2.132464e+01,2.131076e+01,2.136626e+01,2.136626e+01,2.140787e+01,2.140094e+01,2.138013e+01,2.135933e+01,2.138707e+01,2.141480e+01,2.135933e+01,2.135933e+01,2.139400e+01,2.146332e+01,2.147718e+01,2.151182e+01,2.152567e+01,2.152567e+01,2.149104e+01,2.165717e+01,2.158798e+01,2.166409e+01,2.164334e+01,2.159490e+01,2.176777e+01,2.165025e+01,2.167792e+01,2.166409e+01,2.166409e+01,2.151875e+01,2.167100e+01,2.170557e+01,2.162950e+01,2.160182e+01,2.154645e+01,2.152567e+01,2.158798e+01,2.160874e+01,2.149104e+01,2.155337e+01,2.153260e+01,2.156721e+01,2.159490e+01,2.150489e+01,2.147718e+01,2.156721e+01,2.149796e+01,2.149796e+01,2.152567e+01,2.142867e+01,2.165025e+01,2.148411e+01,2.154645e+01,2.160874e+01,2.184374e+01,2.198862e+01,2.202997e+01,2.186445e+01,2.176777e+01,2.190586e+01,2.200241e+01,2.194035e+01,2.196793e+01,2.197483e+01,2.197483e+01,2.200241e+01,2.200930e+01,2.198862e+01,2.198172e+01,2.199551e+01,2.206442e+01,2.206442e+01,2.188516e+01,2.205065e+01,2.194035e+01,2.198862e+01,2.200930e+01,2.196104e+01,2.192655e+01,2.198172e+01,2.202308e+01,2.180231e+01,2.182993e+01,2.184374e+01,2.185755e+01,2.179540e+01,2.173322e+01,2.174013e+01,2.162258e+01,2.156029e+01,2.156029e+01,2.121355e+01,2.126217e+01,2.128299e+01,2.083076e+01,2.118576e+01,2.127605e+01,2.110929e+01,2.135239e+01,2.119966e+01,2.142174e+01,2.150489e+01,2.140787e+01,2.160874e+01,2.147025e+01,2.134545e+01,2.133158e+01,2.124828e+01,2.127605e+01,2.126911e+01,2.128299e+01,2.124133e+01,2.114406e+01,2.123439e+01,2.126217e+01,2.128299e+01,2.128993e+01,2.122050e+01,2.133158e+01,2.133851e+01,2.129688e+01,2.127605e+01,2.134545e+01,2.131076e+01,2.128993e+01,2.147718e+01,2.162950e+01,2.159490e+01,2.158798e+01,2.160182e+01,2.181612e+01,2.178159e+01,2.187825e+01,2.189896e+01,2.178159e+01,2.182303e+01,2.178159e+01,2.177468e+01,2.160874e+01,2.157414e+01,2.138707e+01,2.141480e+01,2.137320e+01,2.142174e+01,2.133158e+01,2.129688e+01,2.136626e+01,2.130382e+01,2.139400e+01,2.133158e+01,2.139400e+01,2.132464e+01,2.138013e+01,2.132464e+01,2.137320e+01,2.154645e+01,2.142174e+01,2.160182e+01,2.161566e+01,2.160874e+01,2.168483e+01,2.165717e+01,2.167792e+01,2.165025e+01,2.169175e+01,2.161566e+01,2.175395e+01,2.165717e+01,2.167792e+01,2.170557e+01,2.171248e+01,2.174013e+01,2.172631e+01,2.180922e+01,2.213329e+01,2.181612e+01,2.164334e+01,2.178850e+01,2.179540e+01,2.188516e+01,2.178159e+01,2.178850e+01,2.200241e+01,2.184374e+01,2.178159e+01,2.187135e+01,2.172631e+01,2.175395e+01,2.185755e+01,2.187825e+01,2.186445e+01,2.177468e+01,2.180922e+01,2.188516e+01,2.179540e+01,2.160182e+01,2.174013e+01,2.162258e+01,2.131770e+01,2.130382e+01,2.136626e+01,2.129688e+01,2.118576e+01,2.116491e+01,2.117881e+01,2.113015e+01,2.117881e+01,2.130382e+01,2.125522e+01,2.138013e+01,2.146332e+01,2.149796e+01,2.169866e+01,2.167792e+01,2.175395e+01,2.180922e+01,2.178159e+01,2.179540e+01,2.178850e+01,2.178159e+01,2.176777e+01,2.191965e+01,2.182993e+01,2.194035e+01,2.190586e+01,2.192655e+01,2.178159e+01,2.184374e+01,2.189896e+01,2.180922e+01,2.178850e+01,2.187135e+01,2.183684e+01,2.178159e+01,2.167100e+01,2.138707e+01,2.132464e+01,2.141480e+01,2.187825e+01,2.214017e+01,2.221587e+01,2.238769e+01,2.243575e+01,2.243575e+01,2.219523e+01,2.224338e+01,2.226401e+01,2.216771e+01,2.207820e+01,2.202997e+01,2.210575e+01,2.182993e+01,2.202997e+01,2.196104e+01,2.182993e+01,2.176777e+01,2.160182e+01,2.170557e+01,2.162258e+01,2.153952e+01,2.163642e+01,2.158798e+01,2.160182e+01,2.159490e+01,2.149796e+01,2.157414e+01,2.162258e+01,2.153952e+01,2.160874e+01,2.162950e+01,2.161566e+01,2.177468e+01,2.176086e+01,2.175395e+01,2.165717e+01,2.196104e+01,2.188516e+01,2.181612e+01,2.183684e+01,2.196104e+01,2.196104e+01,2.198172e+01,2.196793e+01,2.191965e+01,2.181612e+01,2.189896e+01,2.183684e+01,2.185065e+01,2.172631e+01,2.167792e+01,2.171940e+01,2.170557e+01,2.165717e+01,2.168483e+01,2.165717e+01,2.168483e+01,2.167792e+01,2.175395e+01,2.176086e+01,2.185755e+01,2.187135e+01,2.194725e+01,2.190586e+01,2.198172e+01,2.207820e+01,2.197483e+01,2.196793e+01,2.218147e+01,2.218147e+01,2.214706e+01,2.208509e+01,2.214017e+01,2.214017e+01,2.202308e+01,2.203687e+01,2.209886e+01,2.205065e+01,2.210575e+01,2.211263e+01,2.209198e+01,2.214706e+01,2.204376e+01,2.210575e+01,2.205065e+01,2.194035e+01,2.205065e+01,2.202308e+01,2.187135e+01,2.195414e+01,2.198862e+01,2.172631e+01,2.162950e+01,2.166409e+01,2.161566e+01,2.175395e+01,2.187135e+01,2.176777e+01,2.184374e+01,2.183684e+01,2.174013e+01,2.180922e+01,2.166409e+01,2.172631e+01,2.171248e+01,2.165717e+01,2.165717e+01,2.173322e+01,2.171940e+01,2.168483e+01,2.161566e+01,2.167792e+01,2.162258e+01,2.155337e+01,2.155337e+01,2.158798e+01,2.156721e+01,2.153260e+01,2.160182e+01,2.138707e+01,2.140094e+01,2.133158e+01,2.137320e+01,2.131076e+01,2.138707e+01,2.133158e+01,2.131770e+01,2.118576e+01,2.115796e+01,2.119271e+01,2.117186e+01,2.107452e+01,2.106061e+01,2.119271e+01,2.121355e+01,2.134545e+01,2.128299e+01,2.147025e+01,2.148411e+01,2.138013e+01,2.145639e+01,2.147718e+01,2.156029e+01,2.155337e+01,2.153952e+01,2.161566e+01,2.151182e+01,2.161566e+01,2.149796e+01,2.160874e+01,2.148411e+01,2.151182e+01,2.159490e+01,2.156029e+01,2.156029e+01,2.156029e+01,2.142174e+01,2.158798e+01,2.153260e+01,2.164334e+01,2.160874e+01,2.144946e+01,2.147025e+01,2.157414e+01,2.156721e+01,2.138013e+01,2.145639e+01,2.147025e+01,2.138013e+01,2.153260e+01,2.138707e+01,2.140787e+01,2.130382e+01,2.133851e+01,2.128299e+01,2.128299e+01,2.131076e+01,2.124828e+01,2.131770e+01,2.122744e+01,2.138707e+01,2.166409e+01,2.172631e+01,2.180231e+01,2.162950e+01,2.169866e+01,2.176086e+01,2.176086e+01,2.172631e+01,2.174013e+01,2.175395e+01,2.172631e+01,2.171248e+01,2.168483e+01,2.170557e+01,2.162950e+01,2.165717e+01,2.166409e+01,2.160874e+01,2.160874e+01,2.162258e+01,2.165025e+01,2.158106e+01,2.157414e+01,2.152567e+01,2.144946e+01,2.147025e+01,2.149104e+01,2.149796e+01,2.149104e+01,2.133851e+01,2.140787e+01,2.133158e+01,2.137320e+01,2.139400e+01,2.151182e+01,2.153952e+01,2.144946e+01,2.144253e+01,2.144946e+01,2.133158e+01,2.137320e+01,2.135933e+01,2.134545e+01,2.137320e+01,2.131076e+01,2.131076e+01,2.153260e+01,2.144253e+01,2.138707e+01,2.153952e+01,2.140094e+01,2.138707e+01,2.136626e+01,2.151182e+01,2.138707e+01,2.132464e+01,2.130382e+01,2.143560e+01,2.138013e+01,2.142867e+01,2.129688e+01,2.129688e+01,2.147025e+01,2.153952e+01,2.145639e+01,2.142174e+01,2.142867e+01,2.142174e+01,2.162258e+01,2.136626e+01,2.144946e+01,2.147718e+01,2.149104e+01,2.150489e+01,2.158798e+01,2.152567e+01,2.161566e+01,2.158798e+01,2.151875e+01,2.152567e+01,2.155337e+01,2.152567e+01,2.163642e+01,2.190586e+01,2.149104e+01,2.160874e+01,2.168483e+01,2.170557e+01,2.160874e+01,2.156721e+01,2.159490e+01
2.150489e+01,2.139400e+01,2.151182e+01,2.146332e+01,2.147025e+01,2.153952e+01,2.147718e+01,2.147025e+01,2.144946e+01,2.147718e+01,2.155337e+01,2.158798e+01,2.148411e+01,2.162950e+01,2.159490e+01,2.164334e+01,2.161566e+01,2.158798e+01,2.156721e+01,2.160182e+01,2.157414e+01,2.159490e+01,2.158106e+01,2.158798e+01,2.160182e+01,2.162258e+01,2.160874e+01,2.157414e+01,2.150489e+01,2.158106e+01,2.163642e+01,2.160874e+01,2.162950e+01,2.174704e+01,2.154645e+01,2.165025e+01,2.171248e+01,2.176086e+01,2.160874e+01,2.170557e+01,2.177468e+01,2.170557e+01,2.165717e+01,2.186445e+01,2.166409e+01,2.165025e+01,2.180922e+01,2.171940e+01,2.172631e+01,2.168483e+01,2.187825e+01,2.172631e+01,2.157414e+01,2.165717e+01,2.178850e+01,2.171248e+01,2.161566e+01,2.158106e+01,2.169175e+01,2.160182e+01,2.163642e+01,2.168483e+01,2.172631e+01,2.157414e+01,2.160182e+01,2.176777e+01,2.162950e+01,2.176086e+01,2.164334e+01,2.163642e+01,2.168483e+01,2.157414e+01,2.164334e+01,2.165025e+01,2.163642e+01,2.164334e+01,2.159490e+01,2.160874e+01,2.151182e+01,2.140787e+01,2.139400e+01,2.150489e+01,2.156029e+01,2.174013e+01,2.154645e+01,2.168483e+01,2.169175e+01,2.154645e+01,2.174013e+01,2.153260e+01,2.151182e+01,2.152567e+01,2.149796e+01,2.133158e+01,2.133158e+01,2.137320e+01,2.123439e+01,2.123439e+01,2.108148e+01,2.108843e+01,2.108843e+01,2.110929e+01,2.107452e+01,2.108843e+01,2.100493e+01,2.106061e+01,2.095619e+01,2.111625e+01,2.108843e+01,2.114406e+01,2.108843e+01,2.122050e+01,2.119966e+01,2.120660e+01,2.124133e+01,2.133158e+01,2.133158e+01,2.126911e+01,2.128993e+01,2.126911e+01,2.146332e+01,2.128299e+01,2.134545e+01,2.139400e+01,2.135239e+01,2.129688e+01,2.128299e+01,2.144946e+01,2.144946e+01,2.138013e+01,2.127605e+01,2.128993e+01,2.135239e+01,2.138013e+01,2.135239e+01,2.135933e+01,2.133851e+01,2.131076e+01,2.144253e+01,2.140787e+01,2.139400e+01,2.142867e+01,2.134545e+01,2.148411e+01,2.153260e+01,2.147718e+01,2.156029e+01,2.145639e+01,2.160182e+01,2.146332e+01,2.161566e+01,2.152567e+01,2.161566e+01,2.160182e+01,2.162950e+01,2.171248e+01,2.165025e+01,2.156029e+01,2.156029e+01,2.149796e+01,2.156721e+01,2.167792e+01,2.162258e+01,2.158798e+01,2.159490e+01,2.158106e+01,2.154645e+01,2.158798e+01,2.141480e+01,2.156721e+01,2.154645e+01,2.147025e+01,2.152567e+01,2.153952e+01,2.157414e+01,2.151875e+01,2.149796e+01,2.147718e+01,2.138013e+01,2.141480e+01,2.141480e+01,2.147025e+01,2.151182e+01,2.185065e+01,2.191276e+01,2.197483e+01,2.188516e+01,2.189206e+01,2.186445e+01,2.191965e+01,2.196104e+01,2.205754e+01,2.202997e+01,2.205754e+01,2.197483e+01,2.204376e+01,2.185065e+01,2.193345e+01,2.192655e+01,2.189206e+01,2.208509e+01,2.201619e+01,2.205065e+01,2.204376e+01,2.200241e+01,2.200930e+01,2.200241e+01,2.202997e+01,2.187825e+01,2.190586e+01,2.191276e+01,2.190586e+01,2.178850e+01,2.176086e+01,2.181612e+01,2.174704e+01,2.170557e+01,2.173322e+01,2.156029e+01,2.160182e+01,2.127605e+01,2.132464e+01,2.117881e+01,2.108843e+01,2.106061e+01,2.120660e+01,2.112320e+01,2.094226e+01,2.108148e+01,2.099797e+01,2.140787e+01,2.109539e+01,2.148411e+01,2.141480e+01,2.133158e+01,2.124133e+01,2.128299e+01,2.126217e+01,2.125522e+01,2.111625e+01,2.125522e+01,2.133158e+01,2.124133e+01,2.119966e+01,2.123439e+01,2.126217e+01,2.124828e+01,2.126911e+01,2.119271e+01,2.126911e+01,2.126217e+01,2.127605e+01,2.132464e+01,2.140094e+01,2.151182e+01,2.145639e+01,2.147025e+01,2.148411e+01,2.153260e+01,2.164334e+01,2.154645e+01,2.151875e+01,2.175395e+01,2.177468e+01,2.178159e+01,2.168483e+01,2.158798e+01,2.135239e+01,2.162950e+01,2.141480e+01,2.139400e+01,2.137320e+01,2.129688e+01,2.121355e+01,2.122744e+01,2.131076e+01,2.137320e+01,2.127605e+01,2.128299e+01,2.132464e+01,2.122050e+01,2.134545e+01,2.137320e+01,2.139400e+01,2.134545e+01,2.142174e+01,2.151182e+01,2.159490e+01,2.148411e+01,2.161566e+01,2.160874e+01,2.162258e+01,2.167792e+01,2.159490e+01,2.161566e+01,2.165717e+01,2.166409e+01,2.179540e+01,2.183684e+01,2.170557e+01,2.185065e+01,2.165717e+01,2.183684e+01,2.181612e+01,2.180922e+01,2.178850e+01,2.182303e+01,2.180922e+01,2.176086e+01,2.176086e+01,2.179540e+01,2.179540e+01,2.184374e+01,2.176777e+01,2.167792e+01,2.178850e+01,2.180231e+01,2.189896e+01,2.189206e+01,2.189206e+01,2.187825e+01,2.176086e+01,2.179540e+01,2.194035e+01,2.167100e+01,2.156029e+01,2.153260e+01,2.133158e+01,2.149104e+01,2.125522e+01,2.114406e+01,2.124828e+01,2.110929e+01,2.113711e+01,2.114406e+01,2.112320e+01,2.112320e+01,2.113711e+01,2.126217e+01,2.140787e+01,2.144253e+01,2.146332e+01,2.174013e+01,2.176777e+01,2.173322e+01,2.169866e+01,2.179540e+01,2.185755e+01,2.182993e+01,2.182303e+01,2.183684e+01,2.182993e+01,2.171248e+01,2.178850e+01,2.172631e+01,2.173322e+01,2.187825e+01,2.182303e+01,2.162258e+01,2.182993e+01,2.172631e+01,2.167100e+01,2.167100e+01,2.151182e+01,2.144253e+01,2.147025e+01,2.129688e+01,2.158798e+01,2.223650e+01,2.233274e+01,2.251808e+01,2.239456e+01,2.229151e+01,2.236709e+01,2.231900e+01,2.216771e+01,2.216082e+01,2.214017e+01,2.207820e+01,2.189206e+01,2.189206e+01,2.178850e+01,2.173322e+01,2.173322e+01,2.154645e+01,2.171248e+01,2.159490e+01,2.158798e+01,2.153260e+01,2.149796e+01,2.158106e+01,2.148411e+01,2.147718e+01,2.156029e+01,2.158106e+01,2.158106e+01,2.166409e+01,2.154645e+01,2.151182e+01,2.174013e+01,2.178850e+01,2.175395e+01,2.177468e+01,2.182993e+01,2.195414e+01,2.176777e+01,2.192655e+01,2.193345e+01,2.207820e+01,2.187135e+01,2.189896e+01,2.190586e+01,2.185755e+01,2.198862e+01,2.191965e+01,2.179540e+01,2.182303e+01,2.177468e+01,2.179540e+01,2.188516e+01,2.172631e+01,2.188516e+01,2.167792e+01,2.160182e+01,2.168483e+01,2.167100e+01,2.164334e+01,2.194725e+01,2.192655e+01,2.175395e+01,2.187135e+01,2.192655e+01,2.192655e+01,2.195414e+01,2.196104e+01,2.205754e+01,2.216771e+01,2.205065e+01,2.215394e+01,2.209886e+01,2.207131e+01,2.213329e+01,2.209886e+01,2.208509e+01,2.214017e+01,2.208509e+01,2.205065e+01,2.207131e+01,2.205754e+01,2.205754e+01,2.204376e+01,2.208509e+01,2.201619e+01,2.208509e+01,2.200241e+01,2.194725e+01,2.191965e+01,2.203687e+01,2.198862e+01,2.167100e+01,2.169175e+01,2.160182e+01,2.175395e+01,2.165025e+01,2.177468e+01,2.178159e+01,2.178850e+01,2.176777e+01,2.181612e+01,2.176086e+01,2.171940e+01,2.172631e+01,2.181612e+01,2.167100e+01,2.169175e+01,2.165717e+01,2.166409e+01,2.166409e+01,2.168483e+01,2.165717e+01,2.169175e+01,2.160874e+01,2.170557e+01,2.158798e+01,2.155337e+01,2.157414e+01,2.158798e+01,2.142867e+01,2.142867e+01,2.142867e+01,2.130382e+01,2.135239e+01,2.133158e+01,2.136626e+01,2.138013e+01,2.119966e+01,2.116491e+01,2.108148e+01,2.113015e+01,2.112320e+01,2.118576e+01,2.117186e+01,2.120660e+01,2.112320e+01,2.128299e+01,2.136626e+01,2.135239e+01,2.135239e+01,2.140787e+01,2.145639e+01,2.155337e+01,2.148411e+01,2.149796e+01,2.145639e+01,2.138013e+01,2.147025e+01,2.146332e+01,2.147025e+01,2.153952e+01,2.153952e+01,2.151875e+01,2.140787e+01,2.157414e+01,2.140787e+01,2.155337e+01,2.155337e+01,2.142174e+01,2.158106e+01,2.144253e+01,2.158798e+01,2.143560e+01,2.151875e+01,2.152567e+01,2.138013e+01,2.136626e+01,2.147718e+01,2.135933e+01,2.140094e+01,2.119966e+01,2.158106e+01,2.158106e+01,2.135239e+01,2.131770e+01,2.125522e+01,2.126911e+01,2.124133e+01,2.133158e+01,2.127605e+01,2.140094e+01,2.139400e+01,2.145639e+01,2.174704e+01,2.173322e+01,2.179540e+01,2.178850e+01,2.173322e+01,2.178850e+01,2.175395e+01,2.173322e+01,2.167792e+01,2.179540e+01,2.171248e+01,2.170557e+01,2.166409e+01,2.161566e+01,2.160874e+01,2.153952e+01,2.163642e+01,2.162950e+01,2.152567e+01,2.141480e+01,2.150489e+01,2.160874e+01,2.149104e+01,2.149104e+01,2.147718e+01,2.152567e+01,2.145639e+01,2.154645e+01,2.151875e+01,2.138707e+01,2.142867e+01,2.126911e+01,2.150489e+01,2.149796e+01,2.128993e+01,2.147718e+01,2.147718e+01,2.137320e+01,2.144946e+01,2.140787e+01,2.132464e+01,2.131770e+01,2.138707e+01,2.133851e+01,2.144946e+01,2.140094e+01,2.144946e+01,2.138707e+01,2.126217e+01,2.141480e+01,2.138707e+01,2.134545e+01,2.140787e+01,2.138707e+01,2.174013e+01,2.131770e+01,2.128299e+01,2.130382e+01,2.131770e+01,2.131076e+01,2.131076e+01,2.135933e+01,2.142174e+01,2.142174e+01,2.130382e+01,2.146332e+01,2.136626e+01,2.151182e+01,2.139400e+01,2.142867e+01,2.145639e+01,2.160182e+01,2.140787e+01,2.149796e+01,2.163642e+01,2.155337e+01,2.150489e+01,2.153260e+01,2.151182e+01,2.147025e+01,2.162258e+01,2.162950e+01,2.165025e+01,2.171248e+01,2.156721e+01,2.156721e+01,2.153952e+01,2.160182e+01,2.168483e+01
2.149104e+01,2.153260e+01,2.145639e+01,2.151182e+01,2.144946e+01,2.151182e+01,2.147718e+01,2.147025e+01,2.147718e+01,2.148411e+01,2.149796e+01,2.166409e+01,2.167100e+01,2.159490e+01,2.131076e+01,2.144253e+01,2.167100e+01,2.162950e+01,2.157414e+01,2.151875e+01,2.156721e+01,2.138013e+01,2.142174e+01,2.153260e+01,2.159490e+01,2.169866e+01,2.161566e+01,2.171940e+01,2.163642e+01,2.167100e+01,2.166409e+01,2.161566e+01,2.179540e+01,2.165025e+01,2.171940e+01,2.167100e+01,2.169866e+01,2.159490e+01,2.185065e+01,2.175395e+01,2.180231e+01,2.177468e+01,2.181612e+01,2.181612e+01,2.172631e+01,2.191276e+01,2.167792e+01,2.174013e+01,2.162950e+01,2.167792e+01,2.175395e+01,2.176086e+01,2.176777e+01,2.162950e+01,2.156029e+01,2.180231e+01,2.177468e+01,2.174704e+01,2.177468e+01,2.167100e+01,2.157414e+01,2.171940e+01,2.178850e+01,2.166409e+01,2.178850e+01,2.179540e+01,2.161566e+01,2.162258e+01,2.160874e+01,2.159490e+01,2.159490e+01,2.158106e+01,2.159490e+01,2.157414e+01,2.163642e+01,2.164334e+01,2.158798e+01,2.160182e+01,2.170557e+01,2.167792e+01,2.167792e+01,2.151875e+01,2.145639e+01,2.147718e+01,2.153952e+01,2.156029e+01,2.158106e+01,2.163642e+01,2.155337e+01,2.153260e+01,2.150489e+01,2.153952e+01,2.149104e+01,2.131076e+01,2.132464e+01,2.095619e+01,2.105365e+01,2.094226e+01,2.099797e+01,2.104669e+01,2.115796e+01,2.102581e+01,2.107452e+01,2.113015e+01,2.121355e+01,2.103973e+01,2.112320e+01,2.108148e+01,2.115101e+01,2.117186e+01,2.117881e+01,2.097012e+01,2.093530e+01,2.117881e+01,2.126217e+01,2.134545e+01,2.126911e+01,2.135933e+01,2.126217e+01,2.133851e+01,2.128993e+01,2.129688e+01,2.140787e+01,2.134545e+01,2.124828e+01,2.134545e+01,2.142867e+01,2.130382e+01,2.135933e+01,2.122744e+01,2.122050e+01,2.126217e+01,2.135239e+01,2.135933e+01,2.132464e+01,2.135933e+01,2.138013e+01,2.140787e+01,2.144946e+01,2.135239e+01,2.135933e+01,2.146332e+01,2.149104e+01,2.142867e+01,2.147718e+01,2.141480e+01,2.155337e+01,2.143560e+01,2.152567e+01,2.162258e+01,2.156721e+01,2.169866e+01,2.162258e+01,2.164334e+01,2.162258e+01,2.168483e+01,2.166409e+01,2.151875e+01,2.158798e+01,2.176086e+01,2.165717e+01,2.155337e+01,2.163642e+01,2.146332e+01,2.150489e+01,2.153260e+01,2.153952e+01,2.155337e+01,2.158106e+01,2.140787e+01,2.160182e+01,2.143560e+01,2.151875e+01,2.149104e+01,2.148411e+01,2.147025e+01,2.144253e+01,2.142867e+01,2.135933e+01,2.138707e+01,2.131076e+01,2.149104e+01,2.182993e+01,2.200241e+01,2.191276e+01,2.183684e+01,2.192655e+01,2.191965e+01,2.188516e+01,2.203687e+01,2.210575e+01,2.205065e+01,2.187135e+01,2.209198e+01,2.193345e+01,2.197483e+01,2.204376e+01,2.198172e+01,2.198862e+01,2.207820e+01,2.210575e+01,2.198172e+01,2.184374e+01,2.186445e+01,2.202997e+01,2.216771e+01,2.185065e+01,2.202308e+01,2.188516e+01,2.199551e+01,2.189206e+01,2.189206e+01,2.194035e+01,2.180231e+01,2.187825e+01,2.172631e+01,2.174013e+01,2.166409e+01,2.158798e+01,2.165025e+01,2.147025e+01,2.145639e+01,2.140787e+01,2.124133e+01,2.113711e+01,2.126911e+01,2.106061e+01,2.098405e+01,2.117186e+01,2.113711e+01,2.108148e+01,2.113711e+01,2.125522e+01,2.133158e+01,2.122744e+01,2.110929e+01,2.128993e+01,2.122744e+01,2.117186e+01,2.128299e+01,2.138013e+01,2.136626e+01,2.126911e+01,2.131770e+01,2.124828e+01,2.122050e+01,2.128993e+01,2.132464e+01,2.128299e+01,2.128993e+01,2.126911e+01,2.135239e+01,2.119966e+01,2.121355e+01,2.131770e+01,2.145639e+01,2.151875e+01,2.145639e+01,2.130382e+01,2.150489e+01,2.154645e+01,2.140094e+01,2.148411e+01,2.160874e+01,2.154645e+01,2.141480e+01,2.138013e+01,2.133158e+01,2.131076e+01,2.137320e+01,2.133851e+01,2.145639e+01,2.124133e+01,2.140094e+01,2.135933e+01,2.125522e+01,2.141480e+01,2.132464e+01,2.126217e+01,2.141480e+01,2.126217e+01,2.121355e+01,2.118576e+01,2.139400e+01,2.136626e+01,2.137320e+01,2.184374e+01,2.147718e+01,2.160182e+01,2.164334e+01,2.165025e+01,2.150489e+01,2.151182e+01,2.153260e+01,2.149104e+01,2.162950e+01,2.170557e+01,2.173322e+01,2.175395e+01,2.185065e+01,2.185755e+01,2.182303e+01,2.175395e+01,2.182993e+01,2.171248e+01,2.178159e+01,2.181612e+01,2.180231e+01,2.185755e+01,2.185755e+01,2.180231e+01,2.180231e+01,2.175395e+01,2.184374e+01,2.180231e+01,2.167792e+01,2.184374e+01,2.192655e+01,2.179540e+01,2.176086e+01,2.185755e+01,2.175395e+01,2.175395e+01,2.171248e+01,2.169175e+01,2.179540e+01,2.177468e+01,2.160874e+01,2.130382e+01,2.133851e+01,2.121355e+01,2.126217e+01,2.106061e+01,2.117186e+01,2.101885e+01,2.117881e+01,2.124828e+01,2.122744e+01,2.127605e+01,2.133851e+01,2.149796e+01,2.144946e+01,2.147025e+01,2.172631e+01,2.167792e+01,2.175395e+01,2.174704e+01,2.180231e+01,2.196104e+01,2.185065e+01,2.182993e+01,2.180922e+01,2.174013e+01,2.185065e+01,2.174704e+01,2.177468e+01,2.178159e+01,2.182303e+01,2.177468e+01,2.176777e+01,2.186445e+01,2.168483e+01,2.176086e+01,2.143560e+01,2.138013e+01,2.129688e+01,2.127605e+01,2.157414e+01,2.218835e+01,2.222962e+01,2.247006e+01,2.254551e+01,2.238082e+01,2.239456e+01,2.213329e+01,2.205065e+01,2.208509e+01,2.205754e+01,2.196793e+01,2.160182e+01,2.170557e+01,2.158106e+01,2.160182e+01,2.165025e+01,2.158106e+01,2.149104e+01,2.151875e+01,2.165025e+01,2.153260e+01,2.147025e+01,2.156721e+01,2.153952e+01,2.159490e+01,2.161566e+01,2.155337e+01,2.172631e+01,2.161566e+01,2.171248e+01,2.171248e+01,2.178159e+01,2.181612e+01,2.189206e+01,2.207131e+01,2.181612e+01,2.194725e+01,2.187135e+01,2.189206e+01,2.194035e+01,2.198862e+01,2.201619e+01,2.189206e+01,2.189206e+01,2.194725e+01,2.194725e+01,2.184374e+01,2.189206e+01,2.178850e+01,2.178850e+01,2.176777e+01,2.167792e+01,2.171248e+01,2.171940e+01,2.168483e+01,2.157414e+01,2.166409e+01,2.165025e+01,2.182993e+01,2.172631e+01,2.171940e+01,2.190586e+01,2.185065e+01,2.191965e+01,2.187825e+01,2.206442e+01,2.208509e+01,2.209886e+01,2.215394e+01,2.202308e+01,2.216082e+01,2.205754e+01,2.211952e+01,2.226401e+01,2.207131e+01,2.209198e+01,2.211263e+01,2.211263e+01,2.206442e+01,2.206442e+01,2.204376e+01,2.209886e+01,2.191965e+01,2.191276e+01,2.206442e+01,2.191965e+01,2.209198e+01,2.207820e+01,2.202308e+01,2.185065e+01,2.184374e+01,2.196104e+01,2.182303e+01,2.182303e+01,2.166409e+01,2.159490e+01,2.181612e+01,2.190586e+01,2.187825e+01,2.191276e+01,2.182993e+01,2.175395e+01,2.180231e+01,2.181612e+01,2.172631e+01,2.183684e+01,2.180922e+01,2.164334e+01,2.171940e+01,2.174013e+01,2.167792e+01,2.169175e+01,2.171940e+01,2.171248e+01,2.175395e+01,2.167100e+01,2.158798e+01,2.157414e+01,2.155337e+01,2.147025e+01,2.144253e+01,2.140094e+01,2.142174e+01,2.149104e+01,2.135239e+01,2.136626e+01,2.133851e+01,2.128299e+01,2.130382e+01,2.116491e+01,2.119966e+01,2.122050e+01,2.108843e+01,2.113711e+01,2.125522e+01,2.122744e+01,2.133851e+01,2.137320e+01,2.132464e+01,2.150489e+01,2.150489e+01,2.158798e+01,2.145639e+01,2.136626e+01,2.143560e+01,2.148411e+01,2.144253e+01,2.143560e+01,2.143560e+01,2.144946e+01,2.151875e+01,2.156029e+01,2.151875e+01,2.144253e+01,2.143560e+01,2.160182e+01,2.135933e+01,2.151875e+01,2.137320e+01,2.140787e+01,2.150489e+01,2.147718e+01,2.150489e+01,2.145639e+01,2.143560e+01,2.143560e+01,2.142867e+01,2.140094e+01,2.140094e+01,2.152567e+01,2.142867e+01,2.138013e+01,2.138707e+01,2.136626e+01,2.137320e+01,2.133851e+01,2.135239e+01,2.123439e+01,2.130382e+01,2.119271e+01,2.123439e+01,2.123439e+01,2.173322e+01,2.164334e+01,2.174013e+01,2.149796e+01,2.178850e+01,2.175395e+01,2.182993e+01,2.185065e+01,2.184374e+01,2.174013e+01,2.178159e+01,2.166409e+01,2.176086e+01,2.169866e+01,2.176777e+01,2.163642e+01,2.164334e+01,2.162258e+01,2.159490e+01,2.167100e+01,2.158106e+01,2.142174e+01,2.162258e+01,2.151182e+01,2.151875e+01,2.149104e+01,2.140094e+01,2.142174e+01,2.147718e+01,2.149796e+01,2.162258e+01,2.153260e+01,2.144946e+01,2.144253e+01,2.151182e+01,2.135933e+01,2.148411e+01,2.148411e+01,2.135239e+01,2.142867e+01,2.136626e+01,2.145639e+01,2.133851e+01,2.138013e+01,2.128299e+01,2.138707e+01,2.148411e+01,2.140787e+01,2.153260e+01,2.150489e+01,2.141480e+01,2.139400e+01,2.140787e+01,2.138707e+01,2.149796e+01,2.147025e+01,2.144253e+01,2.128993e+01,2.133851e+01,2.144946e+01,2.149796e+01,2.117881e+01,2.139400e+01,2.154645e+01,2.140787e+01,2.151182e+01,2.138707e+01,2.142867e+01,2.140094e+01,2.140094e+01,2.133158e+01,2.147025e+01,2.149104e+01,2.153952e+01,2.160874e+01,2.158798e+01,2.161566e+01,2.164334e+01,2.160874e+01,2.163642e+01,2.173322e+01,2.159490e+01,2.171248e+01,2.161566e+01,2.165717e+01,2.171248e+01,2.164334e+01,2.166409e+01,2.163642e+01,2.163642e+01
2.146332e+01,2.152567e+01,2.147025e+01,2.154645e+01,2.149796e+01,2.143560e+01,2.149104e+01,2.145639e+01,2.147025e+01,2.148411e+01,2.151875e+01,2.162950e+01,2.150489e+01,2.162950e+01,2.159490e+01,2.166409e+01,2.157414e+01,2.165025e+01,2.152567e+01,2.158798e+01,2.168483e+01,2.153260e+01,2.159490e+01,2.156721e+01,2.158106e+01,2.165025e+01,2.159490e+01,2.167100e+01,2.163642e+01,2.161566e+01,2.162950e+01,2.151182e+01,2.173322e+01,2.163642e+01,2.169866e+01,2.172631e+01,2.170557e+01,2.170557e+01,2.174704e+01,2.158798e+01,2.178850e+01,2.180922e+01,2.156029e+01,2.170557e+01,2.179540e+01,2.169175e+01,2.181612e+01,2.167792e+01,2.191965e+01,2.154645e+01,2.159490e+01,2.158798e+01,2.162950e+01,2.161566e+01,2.169175e+01,2.176086e+01,2.167792e+01,2.156029e+01,2.174704e+01,2.164334e+01,2.171248e+01,2.153260e+01,2.158798e+01,2.169175e+01,2.175395e+01,2.158106e+01,2.155337e+01,2.161566e+01,2.160874e+01,2.160182e+01,2.162258e+01,2.156029e+01,2.149104e+01,2.160182e+01,2.161566e+01,2.162258e+01,2.165025e+01,2.155337e+01,2.161566e+01,2.159490e+01,2.160874e+01,2.148411e+01,2.150489e+01,2.160874e+01,2.147718e+01,2.145639e+01,2.149796e+01,2.152567e+01,2.152567e+01,2.151875e+01,2.153260e+01,2.142867e+01,2.133158e+01,2.124828e+01,2.082378e+01,2.097709e+01,2.092137e+01,2.102581e+01,2.099797e+01,2.102581e+01,2.103973e+01,2.103973e+01,2.110929e+01,2.106061e+01,2.107452e+01,2.120660e+01,2.111625e+01,2.095619e+01,2.117186e+01,2.116491e+01,2.121355e+01,2.119966e+01,2.120660e+01,2.117186e+01,2.120660e+01,2.121355e+01,2.124133e+01,2.122744e+01,2.132464e+01,2.126217e+01,2.127605e+01,2.124828e+01,2.134545e+01,2.129688e+01,2.120660e+01,2.128993e+01,2.126217e+01,2.136626e+01,2.136626e+01,2.138013e+01,2.124133e+01,2.124133e+01,2.132464e+01,2.127605e+01,2.138013e+01,2.133158e+01,2.132464e+01,2.144253e+01,2.142867e+01,2.140787e+01,2.146332e+01,2.153952e+01,2.139400e+01,2.147025e+01,2.146332e+01,2.151182e+01,2.151875e+01,2.153952e+01,2.156721e+01,2.162258e+01,2.159490e+01,2.157414e+01,2.182993e+01,2.169866e+01,2.156721e+01,2.163642e+01,2.176777e+01,2.149796e+01,2.174013e+01,2.156721e+01,2.154645e+01,2.157414e+01,2.156029e+01,2.168483e+01,2.148411e+01,2.154645e+01,2.138707e+01,2.135239e+01,2.141480e+01,2.145639e+01,2.141480e+01,2.135239e+01,2.151875e+01,2.151875e+01,2.148411e+01,2.150489e+01,2.140094e+01,2.128299e+01,2.133851e+01,2.142867e+01,2.138707e+01,2.186445e+01,2.191276e+01,2.199551e+01,2.196104e+01,2.191965e+01,2.180231e+01,2.196793e+01,2.185755e+01,2.190586e+01,2.202997e+01,2.194035e+01,2.202997e+01,2.205065e+01,2.200241e+01,2.206442e+01,2.205754e+01,2.195414e+01,2.194725e+01,2.196793e+01,2.197483e+01,2.202308e+01,2.206442e+01,2.213329e+01,2.200930e+01,2.200241e+01,2.186445e+01,2.185755e+01,2.193345e+01,2.189896e+01,2.198172e+01,2.191276e+01,2.190586e+01,2.178850e+01,2.175395e+01,2.158106e+01,2.173322e+01,2.180922e+01,2.153952e+01,2.162258e+01,2.165025e+01,2.144946e+01,2.131076e+01,2.165025e+01,2.117881e+01,2.115796e+01,2.117881e+01,2.107452e+01,2.107452e+01,2.103973e+01,2.108843e+01,2.109539e+01,2.108843e+01,2.117186e+01,2.120660e+01,2.117186e+01,2.119966e+01,2.116491e+01,2.119271e+01,2.129688e+01,2.146332e+01,2.124133e+01,2.137320e+01,2.130382e+01,2.128993e+01,2.130382e+01,2.130382e+01,2.133851e+01,2.125522e+01,2.130382e+01,2.128299e+01,2.126217e+01,2.126911e+01,2.142174e+01,2.150489e+01,2.143560e+01,2.145639e+01,2.139400e+01,2.147025e+01,2.145639e+01,2.138707e+01,2.142174e+01,2.140094e+01,2.140787e+01,2.140094e+01,2.137320e+01,2.149796e+01,2.138013e+01,2.140787e+01,2.141480e+01,2.125522e+01,2.135933e+01,2.133851e+01,2.124828e+01,2.130382e+01,2.144253e+01,2.121355e+01,2.126217e+01,2.128993e+01,2.122744e+01,2.122744e+01,2.131076e+01,2.136626e+01,2.134545e+01,2.138013e+01,2.138707e+01,2.144253e+01,2.135933e+01,2.159490e+01,2.157414e+01,2.142867e+01,2.139400e+01,2.138707e+01,2.149104e+01,2.153260e+01,2.167100e+01,2.172631e+01,2.172631e+01,2.171248e+01,2.185065e+01,2.183684e+01,2.181612e+01,2.174013e+01,2.179540e+01,2.178159e+01,2.181612e+01,2.162950e+01,2.182303e+01,2.183684e+01,2.168483e+01,2.182993e+01,2.189896e+01,2.171248e+01,2.171248e+01,2.176777e+01,2.171248e+01,2.176777e+01,2.178850e+01,2.191276e+01,2.174013e+01,2.178159e+01,2.189896e+01,2.177468e+01,2.178159e+01,2.169175e+01,2.182303e+01,2.178850e+01,2.156721e+01,2.133851e+01,2.133851e+01,2.130382e+01,2.133158e+01,2.112320e+01,2.109539e+01,2.109539e+01,2.109539e+01,2.113711e+01,2.122744e+01,2.134545e+01,2.125522e+01,2.142174e+01,2.145639e+01,2.153952e+01,2.166409e+01,2.167792e+01,2.171940e+01,2.176086e+01,2.180231e+01,2.182303e+01,2.200930e+01,2.198862e+01,2.194725e+01,2.185065e+01,2.183684e+01,2.174013e+01,2.174704e+01,2.175395e+01,2.164334e+01,2.185065e+01,2.197483e+01,2.180922e+01,2.180231e+01,2.171940e+01,2.147025e+01,2.138707e+01,2.136626e+01,2.133158e+01,2.128993e+01,2.200930e+01,2.234648e+01,2.223650e+01,2.231212e+01,2.207820e+01,2.207820e+01,2.201619e+01,2.184374e+01,2.185065e+01,2.169866e+01,2.166409e+01,2.160182e+01,2.161566e+01,2.153952e+01,2.153952e+01,2.135933e+01,2.160182e+01,2.164334e+01,2.149796e+01,2.161566e+01,2.131770e+01,2.159490e+01,2.157414e+01,2.147718e+01,2.152567e+01,2.153952e+01,2.157414e+01,2.173322e+01,2.171940e+01,2.184374e+01,2.187825e+01,2.177468e+01,2.186445e+01,2.186445e+01,2.186445e+01,2.188516e+01,2.193345e+01,2.189206e+01,2.193345e+01,2.202997e+01,2.196793e+01,2.198172e+01,2.188516e+01,2.187135e+01,2.193345e+01,2.194035e+01,2.191276e+01,2.189896e+01,2.180922e+01,2.184374e+01,2.185065e+01,2.180922e+01,2.176086e+01,2.169866e+01,2.166409e+01,2.167792e+01,2.167792e+01,2.160874e+01,2.178159e+01,2.185755e+01,2.190586e+01,2.189896e+01,2.185065e+01,2.193345e+01,2.202308e+01,2.205065e+01,2.194035e+01,2.199551e+01,2.210575e+01,2.206442e+01,2.207820e+01,2.215394e+01,2.205065e+01,2.212641e+01,2.209198e+01,2.206442e+01,2.206442e+01,2.209198e+01,2.205065e+01,2.218835e+01,2.200241e+01,2.196793e+01,2.207820e+01,2.201619e+01,2.209198e+01,2.196793e+01,2.200241e+01,2.199551e+01,2.202997e+01,2.196104e+01,2.181612e+01,2.186445e+01,2.178850e+01,2.169175e+01,2.161566e+01,2.174704e+01,2.191276e+01,2.187135e+01,2.189896e+01,2.178850e+01,2.190586e+01,2.175395e+01,2.176777e+01,2.177468e+01,2.184374e+01,2.182303e+01,2.172631e+01,2.169866e+01,2.175395e+01,2.176086e+01,2.165025e+01,2.171248e+01,2.174013e+01,2.177468e+01,2.166409e+01,2.164334e+01,2.157414e+01,2.155337e+01,2.162258e+01,2.158106e+01,2.145639e+01,2.142174e+01,2.141480e+01,2.136626e+01,2.147025e+01,2.139400e+01,2.138013e+01,2.128993e+01,2.133158e+01,2.127605e+01,2.100493e+01,2.114406e+01,2.122050e+01,2.110929e+01,2.112320e+01,2.128993e+01,2.171940e+01,2.165717e+01,2.136626e+01,2.152567e+01,2.153952e+01,2.147718e+01,2.152567e+01,2.147718e+01,2.136626e+01,2.144946e+01,2.152567e+01,2.151875e+01,2.150489e+01,2.149104e+01,2.150489e+01,2.135933e+01,2.148411e+01,2.137320e+01,2.143560e+01,2.151875e+01,2.149104e+01,2.133851e+01,2.154645e+01,2.131770e+01,2.146332e+01,2.141480e+01,2.144253e+01,2.147025e+01,2.146332e+01,2.138013e+01,2.135239e+01,2.138707e+01,2.139400e+01,2.138707e+01,2.136626e+01,2.136626e+01,2.138707e+01,2.131076e+01,2.137320e+01,2.126911e+01,2.126911e+01,2.130382e+01,2.125522e+01,2.126911e+01,2.110929e+01,2.121355e+01,2.139400e+01,2.147718e+01,2.169175e+01,2.160874e+01,2.167100e+01,2.174013e+01,2.169866e+01,2.180231e+01,2.169175e+01,2.177468e+01,2.171248e+01,2.163642e+01,2.167792e+01,2.170557e+01,2.167100e+01,2.152567e+01,2.169175e+01,2.151875e+01,2.152567e+01,2.160874e+01,2.159490e+01,2.162258e+01,2.151875e+01,2.161566e+01,2.152567e+01,2.147718e+01,2.149796e+01,2.145639e+01,2.152567e+01,2.147718e+01,2.144253e+01,2.124828e+01,2.152567e+01,2.150489e+01,2.140094e+01,2.150489e+01,2.133158e+01,2.136626e+01,2.130382e+01,2.144253e+01,2.138707e+01,2.136626e+01,2.136626e+01,2.151182e+01,2.133851e+01,2.142867e+01,2.151182e+01,2.144946e+01,2.157414e+01,2.135933e+01,2.141480e+01,2.153260e+01,2.150489e+01,2.144253e+01,2.137320e+01,2.138707e+01,2.138013e+01,2.178850e+01,2.144253e+01,2.148411e+01,2.147025e+01,2.138707e+01,2.148411e+01,2.145639e+01,2.140787e+01,2.144946e+01,2.136626e+01,2.142867e+01,2.135239e+01,2.138013e+01,2.153260e+01,2.140094e+01,2.149104e+01,2.149104e+01,2.150489e+01,2.147025e+01,2.165025e+01,2.164334e+01,2.153260e+01,2.165025e+01,2.160182e+01,2.146332e+01,2.158798e+01,2.160182e+01,2.164334e+01,2.171248e+01,2.166409e+01,2.180231e+01,2.177468e+01,2.162258e+01
2.154645e+01,2.157414e+01,2.152567e+01,2.149796e+01,2.149796e+01,2.147025e+01,2.154645e+01,2.149104e+01,2.147025e+01,2.149796e+01,2.154645e+01,2.137320e+01,2.160182e+01,2.162258e+01,2.167100e+01,2.147718e+01,2.157414e+01,2.156029e+01,2.155337e+01,2.154645e+01,2.163642e+01,2.162950e+01,2.158798e+01,2.156721e+01,2.162950e+01,2.164334e+01,2.160182e+01,2.164334e+01,2.164334e+01,2.164334e+01,2.153260e+01,2.164334e+01,2.167100e+01,2.161566e+01,2.167792e+01,2.174013e+01,2.172631e+01,2.168483e+01,2.179540e+01,2.176777e+01,2.173322e+01,2.177468e+01,2.166409e+01,2.162950e+01,2.171248e+01,2.172631e+01,2.166409e+01,2.178159e+01,2.162950e+01,2.162950e+01,2.161566e+01,2.158106e+01,2.158106e+01,2.176086e+01,2.155337e+01,2.167100e+01,2.174704e+01,2.169175e+01,2.180231e+01,2.182993e+01,2.167100e+01,2.155337e+01,2.155337e+01,2.165717e+01,2.162258e+01,2.156721e+01,2.153260e+01,2.153260e+01,2.162258e+01,2.159490e+01,2.158798e+01,2.161566e+01,2.158106e+01,2.156029e+01,2.149796e+01,2.153260e+01,2.151182e+01,2.160874e+01,2.158106e+01,2.154645e+01,2.156721e+01,2.158106e+01,2.150489e+01,2.164334e+01,2.164334e+01,2.151875e+01,2.156029e+01,2.146332e+01,2.149104e+01,2.156029e+01,2.149104e+01,2.151182e+01,2.138013e+01,2.092833e+01,2.085168e+01,2.100493e+01,2.103973e+01,2.095619e+01,2.096316e+01,2.101189e+01,2.085168e+01,2.093530e+01,2.105365e+01,2.115101e+01,2.110234e+01,2.101189e+01,2.110234e+01,2.103277e+01,2.115796e+01,2.116491e+01,2.116491e+01,2.117881e+01,2.119271e+01,2.101885e+01,2.119966e+01,2.116491e+01,2.131076e+01,2.122744e+01,2.124828e+01,2.128299e+01,2.119966e+01,2.125522e+01,2.130382e+01,2.128993e+01,2.113711e+01,2.133158e+01,2.138013e+01,2.131076e+01,2.124828e+01,2.122744e+01,2.130382e+01,2.124133e+01,2.126911e+01,2.129688e+01,2.135933e+01,2.128299e+01,2.139400e+01,2.133851e+01,2.141480e+01,2.133851e+01,2.147718e+01,2.149104e+01,2.135239e+01,2.142867e+01,2.154645e+01,2.147718e+01,2.153952e+01,2.158798e+01,2.164334e+01,2.166409e+01,2.171248e+01,2.167100e+01,2.165717e+01,2.174013e+01,2.153260e+01,2.167100e+01,2.153260e+01,2.160874e+01,2.153260e+01,2.156721e+01,2.156721e+01,2.153952e+01,2.163642e+01,2.155337e+01,2.149796e+01,2.153952e+01,2.129688e+01,2.140094e+01,2.135239e+01,2.137320e+01,2.115796e+01,2.123439e+01,2.117881e+01,2.133158e+01,2.130382e+01,2.133158e+01,2.127605e+01,2.141480e+01,2.138013e+01,2.144253e+01,2.171248e+01,2.176086e+01,2.187135e+01,2.188516e+01,2.194035e+01,2.204376e+01,2.202308e+01,2.198172e+01,2.187825e+01,2.194725e+01,2.200241e+01,2.204376e+01,2.202308e+01,2.177468e+01,2.200241e+01,2.204376e+01,2.205754e+01,2.195414e+01,2.208509e+01,2.196104e+01,2.194725e+01,2.207131e+01,2.214706e+01,2.206442e+01,2.187135e+01,2.194035e+01,2.197483e+01,2.186445e+01,2.187825e+01,2.188516e+01,2.185755e+01,2.189206e+01,2.176777e+01,2.179540e+01,2.177468e+01,2.171940e+01,2.174013e+01,2.174013e+01,2.161566e+01,2.164334e+01,2.165025e+01,2.162950e+01,2.167100e+01,2.154645e+01,2.142174e+01,2.141480e+01,2.119271e+01,2.117186e+01,2.106756e+01,2.101189e+01,2.107452e+01,2.105365e+01,2.102581e+01,2.119271e+01,2.122744e+01,2.119966e+01,2.115796e+01,2.119966e+01,2.122050e+01,2.128299e+01,2.142174e+01,2.142867e+01,2.136626e+01,2.141480e+01,2.133158e+01,2.132464e+01,2.126911e+01,2.123439e+01,2.130382e+01,2.120660e+01,2.134545e+01,2.139400e+01,2.141480e+01,2.135933e+01,2.144253e+01,2.147025e+01,2.148411e+01,2.147025e+01,2.142867e+01,2.154645e+01,2.146332e+01,2.144253e+01,2.141480e+01,2.139400e+01,2.139400e+01,2.124133e+01,2.133158e+01,2.137320e+01,2.128993e+01,2.134545e+01,2.129688e+01,2.131076e+01,2.138013e+01,2.124828e+01,2.135239e+01,2.126911e+01,2.119966e+01,2.139400e+01,2.128993e+01,2.122744e+01,2.128993e+01,2.135933e+01,2.135933e+01,2.128299e+01,2.137320e+01,2.146332e+01,2.157414e+01,2.140787e+01,2.156029e+01,2.144946e+01,2.143560e+01,2.146332e+01,2.139400e+01,2.146332e+01,2.148411e+01,2.164334e+01,2.173322e+01,2.182993e+01,2.171940e+01,2.176086e+01,2.186445e+01,2.183684e+01,2.171940e+01,2.172631e+01,2.174013e+01,2.175395e+01,2.180231e+01,2.183684e+01,2.188516e+01,2.185065e+01,2.182993e+01,2.181612e+01,2.169175e+01,2.171940e+01,2.188516e+01,2.178159e+01,2.182303e+01,2.188516e+01,2.178850e+01,2.183684e+01,2.187825e+01,2.176086e+01,2.182993e+01,2.175395e+01,2.179540e+01,2.176086e+01,2.158106e+01,2.162950e+01,2.157414e+01,2.132464e+01,2.123439e+01,2.120660e+01,2.119966e+01,2.118576e+01,2.112320e+01,2.103277e+01,2.116491e+01,2.117186e+01,2.130382e+01,2.140094e+01,2.144253e+01,2.138013e+01,2.147718e+01,2.159490e+01,2.168483e+01,2.159490e+01,2.177468e+01,2.174704e+01,2.179540e+01,2.202308e+01,2.178850e+01,2.182993e+01,2.187825e+01,2.187825e+01,2.190586e+01,2.179540e+01,2.188516e+01,2.180922e+01,2.178159e+01,2.182303e+01,2.180231e+01,2.185065e+01,2.182993e+01,2.147718e+01,2.138707e+01,2.129688e+01,2.128993e+01,2.137320e+01,2.153260e+01,2.174704e+01,2.177468e+01,2.168483e+01,2.175395e+01,2.153260e+01,2.151182e+01,2.157414e+01,2.160874e+01,2.161566e+01,2.156029e+01,2.165025e+01,2.158798e+01,2.156721e+01,2.148411e+01,2.150489e+01,2.153260e+01,2.164334e+01,2.160182e+01,2.162258e+01,2.162258e+01,2.161566e+01,2.153952e+01,2.156721e+01,2.155337e+01,2.174013e+01,2.171940e+01,2.182993e+01,2.186445e+01,2.180922e+01,2.186445e+01,2.185755e+01,2.187135e+01,2.194035e+01,2.191965e+01,2.196104e+01,2.190586e+01,2.196793e+01,2.194725e+01,2.193345e+01,2.205754e+01,2.193345e+01,2.202997e+01,2.200241e+01,2.194725e+01,2.194035e+01,2.198862e+01,2.186445e+01,2.187825e+01,2.187135e+01,2.185755e+01,2.183684e+01,2.171248e+01,2.182303e+01,2.178159e+01,2.169175e+01,2.168483e+01,2.164334e+01,2.177468e+01,2.185065e+01,2.182303e+01,2.176777e+01,2.187825e+01,2.193345e+01,2.203687e+01,2.200930e+01,2.190586e+01,2.207820e+01,2.207131e+01,2.213329e+01,2.202997e+01,2.211952e+01,2.209198e+01,2.209886e+01,2.201619e+01,2.204376e+01,2.216082e+01,2.201619e+01,2.201619e+01,2.199551e+01,2.196104e+01,2.197483e+01,2.190586e+01,2.205754e+01,2.199551e+01,2.199551e+01,2.202308e+01,2.210575e+01,2.201619e+01,2.200930e+01,2.202308e+01,2.190586e+01,2.169866e+01,2.190586e+01,2.193345e+01,2.178850e+01,2.191276e+01,2.188516e+01,2.182993e+01,2.176777e+01,2.190586e+01,2.180231e+01,2.191276e+01,2.184374e+01,2.175395e+01,2.176086e+01,2.174013e+01,2.184374e+01,2.167792e+01,2.171940e+01,2.176777e+01,2.175395e+01,2.178159e+01,2.154645e+01,2.168483e+01,2.154645e+01,2.158798e+01,2.159490e+01,2.165025e+01,2.153260e+01,2.147718e+01,2.130382e+01,2.149104e+01,2.138013e+01,2.140787e+01,2.138707e+01,2.133851e+01,2.128299e+01,2.132464e+01,2.128299e+01,2.110929e+01,2.116491e+01,2.115101e+01,2.116491e+01,2.106756e+01,2.153952e+01,2.177468e+01,2.179540e+01,2.180922e+01,2.180922e+01,2.150489e+01,2.173322e+01,2.147025e+01,2.142867e+01,2.151182e+01,2.145639e+01,2.149796e+01,2.139400e+01,2.143560e+01,2.147718e+01,2.150489e+01,2.142867e+01,2.142174e+01,2.127605e+01,2.135239e+01,2.162258e+01,2.134545e+01,2.137320e+01,2.152567e+01,2.151875e+01,2.140094e+01,2.140094e+01,2.137320e+01,2.134545e+01,2.140787e+01,2.133158e+01,2.144946e+01,2.115796e+01,2.140094e+01,2.138013e+01,2.135933e+01,2.133851e+01,2.114406e+01,2.137320e+01,2.129688e+01,2.131770e+01,2.131076e+01,2.109539e+01,2.111625e+01,2.110929e+01,2.118576e+01,2.119271e+01,2.117186e+01,2.153260e+01,2.171940e+01,2.171248e+01,2.180231e+01,2.178850e+01,2.174704e+01,2.175395e+01,2.178850e+01,2.165025e+01,2.165025e+01,2.161566e+01,2.177468e+01,2.162950e+01,2.176777e+01,2.164334e+01,2.153260e+01,2.157414e+01,2.162258e+01,2.164334e+01,2.140787e+01,2.152567e+01,2.158106e+01,2.158798e+01,2.160874e+01,2.158798e+01,2.151875e+01,2.149796e+01,2.160874e+01,2.143560e+01,2.149104e+01,2.146332e+01,2.144946e+01,2.149104e+01,2.133851e+01,2.139400e+01,2.137320e+01,2.141480e+01,2.147025e+01,2.139400e+01,2.135239e+01,2.146332e+01,2.134545e+01,2.133851e+01,2.134545e+01,2.131076e+01,2.133851e+01,2.139400e+01,2.149104e+01,2.140094e+01,2.142867e+01,2.144253e+01,2.152567e+01,2.128993e+01,2.151875e+01,2.144946e+01,2.149796e+01,2.151182e+01,2.145639e+01,2.149104e+01,2.152567e+01,2.138013e+01,2.140787e+01,2.139400e+01,2.138707e+01,2.144253e+01,2.141480e+01,2.142174e+01,2.140787e+01,2.144946e+01,2.136626e+01,2.144946e+01,2.148411e+01,2.156721e+01,2.153260e+01,2.153952e+01,2.162258e+01,2.149104e+01,2.164334e+01,2.169866e+01,2.164334e+01,2.154645e+01,2.158798e+01,2.151182e+01,2.169866e+01,2.164334e+01,2.169175e+01,2.164334e+01,2.167100e+01,2.138707e+01
2.160182e+01,2.148411e+01,2.144946e+01,2.150489e+01,2.151182e+01,2.151182e+01,2.148411e+01,2.144253e+01,2.152567e+01,2.152567e+01,2.157414e+01,2.153952e+01,2.156721e+01,2.153952e+01,2.148411e+01,2.160182e+01,2.156029e+01,2.165717e+01,2.166409e+01,2.155337e+01,2.161566e+01,2.162950e+01,2.176086e+01,2.161566e+01,2.178159e+01,2.172631e+01,2.167792e+01,2.167792e+01,2.164334e+01,2.165025e+01,2.165025e+01,2.165025e+01,2.162950e+01,2.166409e+01,2.178850e+01,2.167792e+01,2.171248e+01,2.175395e+01,2.179540e+01,2.176777e+01,2.153260e+01,2.179540e+01,2.191276e+01,2.178159e+01,2.181612e+01,2.185755e+01,2.169175e+01,2.171248e+01,2.165025e+01,2.167792e+01,2.172631e+01,2.168483e+01,2.171940e+01,2.174013e+01,2.172631e+01,2.169175e+01,2.156029e+01,2.167792e+01,2.169866e+01,2.165025e+01,2.156721e+01,2.169175e+01,2.160874e+01,2.175395e+01,2.160874e+01,2.169175e+01,2.154645e+01,2.163642e+01,2.160874e+01,2.156029e+01,2.156721e+01,2.156721e+01,2.158106e+01,2.154645e+01,2.160182e+01,2.162258e+01,2.154645e+01,2.154645e+01,2.153952e+01,2.154645e+01,2.154645e+01,2.149796e+01,2.162258e+01,2.157414e+01,2.161566e+01,2.160874e+01,2.149796e+01,2.156721e+01,2.166409e+01,2.144253e+01,2.149104e+01,2.147025e+01,2.127605e+01,2.080984e+01,2.083076e+01,2.087956e+01,2.080286e+01,2.095619e+01,2.097012e+01,2.104669e+01,2.117881e+01,2.106061e+01,2.112320e+01,2.103973e+01,2.105365e+01,2.108148e+01,2.110234e+01,2.113711e+01,2.114406e+01,2.121355e+01,2.119966e+01,2.117186e+01,2.118576e+01,2.115101e+01,2.119966e+01,2.121355e+01,2.120660e+01,2.120660e+01,2.116491e+01,2.126217e+01,2.124133e+01,2.119966e+01,2.124133e+01,2.114406e+01,2.119271e+01,2.125522e+01,2.117186e+01,2.133851e+01,2.122744e+01,2.121355e+01,2.122744e+01,2.134545e+01,2.131770e+01,2.135239e+01,2.131076e+01,2.136626e+01,2.139400e+01,2.133158e+01,2.135239e+01,2.115796e+01,2.134545e+01,2.143560e+01,2.148411e+01,2.134545e+01,2.149796e+01,2.142867e+01,2.155337e+01,2.159490e+01,2.156721e+01,2.165025e+01,2.159490e+01,2.177468e+01,2.154645e+01,2.168483e+01,2.158106e+01,2.158798e+01,2.156029e+01,2.158106e+01,2.158798e+01,2.167100e+01,2.155337e+01,2.154645e+01,2.149104e+01,2.142867e+01,2.151182e+01,2.149796e+01,2.147718e+01,2.135933e+01,2.111625e+01,2.136626e+01,2.115796e+01,2.116491e+01,2.126217e+01,2.116491e+01,2.131076e+01,2.135933e+01,2.141480e+01,2.141480e+01,2.135933e+01,2.152567e+01,2.192655e+01,2.197483e+01,2.194725e+01,2.192655e+01,2.202997e+01,2.194035e+01,2.211952e+01,2.206442e+01,2.200241e+01,2.200241e+01,2.201619e+01,2.194725e+01,2.202997e+01,2.194035e+01,2.204376e+01,2.197483e+01,2.207131e+01,2.207820e+01,2.203687e+01,2.202308e+01,2.200930e+01,2.187135e+01,2.205754e+01,2.195414e+01,2.198172e+01,2.191276e+01,2.189206e+01,2.188516e+01,2.185065e+01,2.189206e+01,2.187825e+01,2.192655e+01,2.178159e+01,2.182303e+01,2.178159e+01,2.176777e+01,2.180922e+01,2.171248e+01,2.181612e+01,2.179540e+01,2.167792e+01,2.174013e+01,2.174013e+01,2.174704e+01,2.179540e+01,2.164334e+01,2.142867e+01,2.116491e+01,2.106061e+01,2.108148e+01,2.102581e+01,2.101885e+01,2.117881e+01,2.110929e+01,2.135933e+01,2.117881e+01,2.120660e+01,2.142867e+01,2.145639e+01,2.143560e+01,2.144946e+01,2.127605e+01,2.151875e+01,2.136626e+01,2.133851e+01,2.140787e+01,2.131770e+01,2.135239e+01,2.135239e+01,2.131076e+01,2.135239e+01,2.141480e+01,2.142867e+01,2.144946e+01,2.148411e+01,2.149796e+01,2.149104e+01,2.150489e+01,2.144946e+01,2.143560e+01,2.140094e+01,2.138707e+01,2.136626e+01,2.127605e+01,2.140094e+01,2.141480e+01,2.138013e+01,2.134545e+01,2.135239e+01,2.131076e+01,2.142867e+01,2.134545e+01,2.135239e+01,2.128299e+01,2.131770e+01,2.128993e+01,2.123439e+01,2.138013e+01,2.136626e+01,2.133158e+01,2.129688e+01,2.124828e+01,2.133158e+01,2.137320e+01,2.147718e+01,2.134545e+01,2.141480e+01,2.152567e+01,2.149104e+01,2.151182e+01,2.158106e+01,2.138707e+01,2.144946e+01,2.140787e+01,2.172631e+01,2.170557e+01,2.183684e+01,2.169175e+01,2.168483e+01,2.186445e+01,2.178850e+01,2.187135e+01,2.181612e+01,2.172631e+01,2.173322e+01,2.176086e+01,2.182303e+01,2.182303e+01,2.180922e+01,2.185755e+01,2.186445e+01,2.176086e+01,2.180231e+01,2.176777e+01,2.185755e+01,2.169866e+01,2.187135e+01,2.176086e+01,2.193345e+01,2.179540e+01,2.177468e+01,2.189206e+01,2.185065e+01,2.189896e+01,2.182993e+01,2.174704e+01,2.156029e+01,2.160874e+01,2.156029e+01,2.150489e+01,2.147025e+01,2.134545e+01,2.115796e+01,2.124828e+01,2.116491e+01,2.117881e+01,2.102581e+01,2.121355e+01,2.119271e+01,2.134545e+01,2.133158e+01,2.142867e+01,2.149796e+01,2.146332e+01,2.146332e+01,2.160874e+01,2.176777e+01,2.176086e+01,2.184374e+01,2.182303e+01,2.184374e+01,2.185065e+01,2.188516e+01,2.188516e+01,2.184374e+01,2.182993e+01,2.192655e+01,2.183684e+01,2.187135e+01,2.171248e+01,2.174013e+01,2.174704e+01,2.156029e+01,2.143560e+01,2.133851e+01,2.131076e+01,2.138707e+01,2.135933e+01,2.152567e+01,2.135239e+01,2.152567e+01,2.154645e+01,2.164334e+01,2.152567e+01,2.154645e+01,2.148411e+01,2.146332e+01,2.145639e+01,2.146332e+01,2.161566e+01,2.166409e+01,2.163642e+01,2.151875e+01,2.162258e+01,2.147718e+01,2.171248e+01,2.153952e+01,2.162950e+01,2.165025e+01,2.182993e+01,2.189206e+01,2.183684e+01,2.198172e+01,2.183684e+01,2.187135e+01,2.191965e+01,2.186445e+01,2.190586e+01,2.194035e+01,2.191276e+01,2.198862e+01,2.205065e+01,2.202308e+01,2.206442e+01,2.206442e+01,2.196793e+01,2.218147e+01,2.202308e+01,2.199551e+01,2.195414e+01,2.206442e+01,2.202308e+01,2.200930e+01,2.198172e+01,2.202997e+01,2.198172e+01,2.185065e+01,2.187135e+01,2.182993e+01,2.183684e+01,2.181612e+01,2.181612e+01,2.176086e+01,2.182303e+01,2.167792e+01,2.180231e+01,2.165717e+01,2.182993e+01,2.177468e+01,2.189896e+01,2.191276e+01,2.191276e+01,2.207131e+01,2.192655e+01,2.196793e+01,2.211263e+01,2.199551e+01,2.205754e+01,2.200241e+01,2.205065e+01,2.216082e+01,2.206442e+01,2.204376e+01,2.203687e+01,2.199551e+01,2.202997e+01,2.203687e+01,2.201619e+01,2.200241e+01,2.196793e+01,2.202308e+01,2.202997e+01,2.194035e+01,2.207820e+01,2.201619e+01,2.194035e+01,2.200241e+01,2.198862e+01,2.198862e+01,2.189206e+01,2.189206e+01,2.192655e+01,2.191965e+01,2.196104e+01,2.194035e+01,2.182303e+01,2.193345e+01,2.191965e+01,2.205065e+01,2.189206e+01,2.187825e+01,2.189206e+01,2.174704e+01,2.174704e+01,2.189206e+01,2.185065e+01,2.167100e+01,2.180231e+01,2.182993e+01,2.178159e+01,2.171248e+01,2.171248e+01,2.170557e+01,2.160874e+01,2.152567e+01,2.156721e+01,2.174013e+01,2.156721e+01,2.147025e+01,2.144253e+01,2.156721e+01,2.137320e+01,2.135933e+01,2.147025e+01,2.129688e+01,2.131770e+01,2.132464e+01,2.126911e+01,2.121355e+01,2.113711e+01,2.120660e+01,2.147718e+01,2.153260e+01,2.182993e+01,2.187135e+01,2.187135e+01,2.179540e+01,2.178159e+01,2.180922e+01,2.176086e+01,2.167100e+01,2.147025e+01,2.144253e+01,2.138707e+01,2.137320e+01,2.153260e+01,2.149796e+01,2.152567e+01,2.137320e+01,2.146332e+01,2.134545e+01,2.133158e+01,2.143560e+01,2.138013e+01,2.130382e+01,2.140094e+01,2.137320e+01,2.135933e+01,2.144946e+01,2.138013e+01,2.137320e+01,2.134545e+01,2.142174e+01,2.133158e+01,2.142867e+01,2.140787e+01,2.138707e+01,2.118576e+01,2.136626e+01,2.136626e+01,2.129688e+01,2.120660e+01,2.134545e+01,2.113015e+01,2.120660e+01,2.127605e+01,2.118576e+01,2.120660e+01,2.116491e+01,2.124828e+01,2.118576e+01,2.133158e+01,2.167100e+01,2.168483e+01,2.174704e+01,2.174704e+01,2.184374e+01,2.189206e+01,2.171940e+01,2.177468e+01,2.167792e+01,2.174704e+01,2.177468e+01,2.178850e+01,2.160182e+01,2.154645e+01,2.167792e+01,2.165717e+01,2.152567e+01,2.159490e+01,2.166409e+01,2.162258e+01,2.160874e+01,2.167100e+01,2.163642e+01,2.149796e+01,2.157414e+01,2.150489e+01,2.163642e+01,2.146332e+01,2.142174e+01,2.146332e+01,2.142174e+01,2.145639e+01,2.133851e+01,2.148411e+01,2.137320e+01,2.138013e+01,2.140787e+01,2.141480e+01,2.138013e+01,2.144946e+01,2.142867e+01,2.131770e+01,2.140094e+01,2.149104e+01,2.149796e+01,2.142867e+01,2.148411e+01,2.151182e+01,2.147025e+01,2.145639e+01,2.148411e+01,2.149796e+01,2.146332e+01,2.147718e+01,2.153952e+01,2.151875e+01,2.148411e+01,2.142174e+01,2.142867e+01,2.123439e+01,2.135239e+01,2.150489e+01,2.147718e+01,2.160874e+01,2.159490e+01,2.144253e+01,2.145639e+01,2.153952e+01,2.158106e+01,2.153952e+01,2.149104e+01,2.155337e+01,2.146332e+01,2.155337e+01,2.159490e+01,2.164334e+01,2.162950e+01,2.162258e+01,2.160182e+01,2.157414e+01,2.156029e+01,2.170557e+01,2.170557e+01,2.159490e+01,2.165717e+01,2.171940e+01,2.169175e+01,2.162950e+01
2.160182e+01,2.151182e+01,2.151875e+01,2.163642e+01,2.151182e+01,2.150489e+01,2.152567e+01,2.153952e+01,2.142174e+01,2.153952e+01,2.152567e+01,2.155337e+01,2.158798e+01,2.157414e+01,2.138707e+01,2.158798e+01,2.162258e+01,2.166409e+01,2.153952e+01,2.146332e+01,2.144946e+01,2.153952e+01,2.177468e+01,2.162258e+01,2.163642e+01,2.167100e+01,2.166409e+01,2.164334e+01,2.167792e+01,2.168483e+01,2.165025e+01,2.178850e+01,2.166409e+01,2.171940e+01,2.159490e+01,2.178159e+01,2.167100e+01,2.170557e+01,2.175395e+01,2.161566e+01,2.171940e+01,2.174013e+01,2.174013e+01,2.161566e+01,2.176777e+01,2.162258e+01,2.167100e+01,2.167100e+01,2.156721e+01,2.165025e+01,2.171940e+01,2.171940e+01,2.160182e+01,2.171940e+01,2.167792e+01,2.165025e+01,2.162258e+01,2.167792e+01,2.167100e+01,2.168483e+01,2.158798e+01,2.156721e+01,2.157414e+01,2.172631e+01,2.165717e+01,2.171940e+01,2.161566e+01,2.162950e+01,2.160874e+01,2.165717e+01,2.162950e+01,2.162258e+01,2.158798e+01,2.160874e+01,2.151875e+01,2.157414e+01,2.158106e+01,2.162950e+01,2.153952e+01,2.151875e+01,2.155337e+01,2.155337e+01,2.147025e+01,2.153952e+01,2.152567e+01,2.152567e+01,2.142174e+01,2.151875e+01,2.165025e+01,2.162950e+01,2.149104e+01,2.144253e+01,2.103973e+01,2.074705e+01,2.088653e+01,2.084470e+01,2.088653e+01,2.097012e+01,2.088653e+01,2.080286e+01,2.099797e+01,2.101189e+01,2.115796e+01,2.103973e+01,2.099101e+01,2.110234e+01,2.103973e+01,2.103277e+01,2.113015e+01,2.107452e+01,2.110234e+01,2.112320e+01,2.119966e+01,2.106756e+01,2.115101e+01,2.120660e+01,2.115101e+01,2.117881e+01,2.105365e+01,2.116491e+01,2.126217e+01,2.128299e+01,2.122050e+01,2.123439e+01,2.117881e+01,2.110234e+01,2.118576e+01,2.110234e+01,2.124133e+01,2.119271e+01,2.119271e+01,2.128299e+01,2.121355e+01,2.117881e+01,2.125522e+01,2.126911e+01,2.130382e+01,2.139400e+01,2.144946e+01,2.130382e+01,2.133851e+01,2.142174e+01,2.147025e+01,2.149796e+01,2.148411e+01,2.151875e+01,2.142174e+01,2.147718e+01,2.154645e+01,2.156721e+01,2.158798e+01,2.155337e+01,2.158798e+01,2.169175e+01,2.171248e+01,2.165025e+01,2.158106e+01,2.163642e+01,2.158106e+01,2.156721e+01,2.149796e+01,2.156721e+01,2.142867e+01,2.147718e+01,2.127605e+01,2.154645e+01,2.142174e+01,2.105365e+01,2.126911e+01,2.103973e+01,2.111625e+01,2.117186e+01,2.117186e+01,2.122050e+01,2.135933e+01,2.130382e+01,2.128299e+01,2.140787e+01,2.133851e+01,2.171940e+01,2.191965e+01,2.188516e+01,2.200241e+01,2.214017e+01,2.200241e+01,2.194725e+01,2.204376e+01,2.202997e+01,2.206442e+01,2.205065e+01,2.207131e+01,2.192655e+01,2.206442e+01,2.207820e+01,2.206442e+01,2.206442e+01,2.205754e+01,2.205754e+01,2.206442e+01,2.202308e+01,2.209886e+01,2.200241e+01,2.202997e+01,2.197483e+01,2.187135e+01,2.194725e+01,2.191276e+01,2.189206e+01,2.188516e+01,2.182303e+01,2.185065e+01,2.178159e+01,2.185755e+01,2.174704e+01,2.182303e+01,2.182993e+01,2.185065e+01,2.182993e+01,2.185755e+01,2.183684e+01,2.198172e+01,2.196104e+01,2.173322e+01,2.191276e+01,2.165717e+01,2.180231e+01,2.162950e+01,2.158106e+01,2.112320e+01,2.118576e+01,2.105365e+01,2.108148e+01,2.110234e+01,2.099101e+01,2.120660e+01,2.115796e+01,2.118576e+01,2.124828e+01,2.143560e+01,2.127605e+01,2.130382e+01,2.143560e+01,2.137320e+01,2.141480e+01,2.149796e+01,2.138013e+01,2.126217e+01,2.129688e+01,2.137320e+01,2.138013e+01,2.138707e+01,2.133851e+01,2.143560e+01,2.128299e+01,2.142867e+01,2.147718e+01,2.148411e+01,2.149796e+01,2.146332e+01,2.135239e+01,2.139400e+01,2.137320e+01,2.135933e+01,2.135933e+01,2.126217e+01,2.128993e+01,2.122744e+01,2.125522e+01,2.124828e+01,2.132464e+01,2.128299e+01,2.126911e+01,2.126217e+01,2.126911e+01,2.135933e+01,2.128993e+01,2.113711e+01,2.131770e+01,2.132464e+01,2.123439e+01,2.124828e+01,2.134545e+01,2.120660e+01,2.146332e+01,2.125522e+01,2.119271e+01,2.124828e+01,2.146332e+01,2.143560e+01,2.148411e+01,2.135933e+01,2.144253e+01,2.140787e+01,2.138707e+01,2.144253e+01,2.170557e+01,2.167792e+01,2.156029e+01,2.167100e+01,2.174704e+01,2.177468e+01,2.173322e+01,2.171940e+01,2.180922e+01,2.171248e+01,2.166409e+01,2.176086e+01,2.177468e+01,2.182993e+01,2.176777e+01,2.181612e+01,2.173322e+01,2.177468e+01,2.176086e+01,2.178159e+01,2.172631e+01,2.176086e+01,2.179540e+01,2.185755e+01,2.182993e+01,2.183684e+01,2.176777e+01,2.189206e+01,2.181612e+01,2.176086e+01,2.173322e+01,2.165025e+01,2.167100e+01,2.151875e+01,2.135933e+01,2.133158e+01,2.138707e+01,2.119271e+01,2.104669e+01,2.114406e+01,2.123439e+01,2.103277e+01,2.108843e+01,2.124133e+01,2.122744e+01,2.144253e+01,2.138013e+01,2.143560e+01,2.160874e+01,2.149796e+01,2.154645e+01,2.160874e+01,2.177468e+01,2.174704e+01,2.167100e+01,2.184374e+01,2.191276e+01,2.187825e+01,2.182993e+01,2.169175e+01,2.188516e+01,2.178159e+01,2.173322e+01,2.179540e+01,2.176086e+01,2.169866e+01,2.151875e+01,2.156029e+01,2.147718e+01,2.131076e+01,2.133851e+01,2.128993e+01,2.133851e+01,2.135239e+01,2.135933e+01,2.137320e+01,2.138013e+01,2.147025e+01,2.138707e+01,2.155337e+01,2.143560e+01,2.167100e+01,2.153260e+01,2.158106e+01,2.153952e+01,2.161566e+01,2.154645e+01,2.164334e+01,2.149104e+01,2.167792e+01,2.178159e+01,2.175395e+01,2.203687e+01,2.203687e+01,2.193345e+01,2.206442e+01,2.205754e+01,2.196793e+01,2.202997e+01,2.193345e+01,2.187825e+01,2.178159e+01,2.192655e+01,2.191276e+01,2.183684e+01,2.194035e+01,2.201619e+01,2.205065e+01,2.199551e+01,2.199551e+01,2.202308e+01,2.201619e+01,2.197483e+01,2.196104e+01,2.196104e+01,2.202308e+01,2.194035e+01,2.183684e+01,2.199551e+01,2.188516e+01,2.198862e+01,2.189896e+01,2.187135e+01,2.181612e+01,2.185755e+01,2.182993e+01,2.176086e+01,2.174704e+01,2.169866e+01,2.189206e+01,2.161566e+01,2.170557e+01,2.167100e+01,2.178850e+01,2.187825e+01,2.177468e+01,2.198862e+01,2.189206e+01,2.191276e+01,2.195414e+01,2.200241e+01,2.204376e+01,2.211263e+01,2.204376e+01,2.195414e+01,2.205065e+01,2.196793e+01,2.203687e+01,2.200930e+01,2.198172e+01,2.202997e+01,2.198862e+01,2.201619e+01,2.193345e+01,2.198172e+01,2.201619e+01,2.202308e+01,2.201619e+01,2.205065e+01,2.205065e+01,2.205065e+01,2.202308e+01,2.200241e+01,2.200241e+01,2.202308e+01,2.196104e+01,2.191276e+01,2.174704e+01,2.189206e+01,2.194035e+01,2.194725e+01,2.184374e+01,2.191965e+01,2.183684e+01,2.191965e+01,2.181612e+01,2.178850e+01,2.174013e+01,2.172631e+01,2.178159e+01,2.177468e+01,2.171940e+01,2.175395e+01,2.175395e+01,2.169866e+01,2.175395e+01,2.174013e+01,2.158798e+01,2.153260e+01,2.162950e+01,2.155337e+01,2.151182e+01,2.152567e+01,2.155337e+01,2.151182e+01,2.128993e+01,2.136626e+01,2.145639e+01,2.132464e+01,2.133851e+01,2.131076e+01,2.133851e+01,2.117186e+01,2.131770e+01,2.128993e+01,2.147025e+01,2.159490e+01,2.156029e+01,2.180922e+01,2.180231e+01,2.184374e+01,2.180231e+01,2.182303e+01,2.177468e+01,2.186445e+01,2.164334e+01,2.173322e+01,2.157414e+01,2.140094e+01,2.139400e+01,2.128993e+01,2.150489e+01,2.137320e+01,2.140787e+01,2.143560e+01,2.133158e+01,2.142174e+01,2.134545e+01,2.138013e+01,2.139400e+01,2.139400e+01,2.137320e+01,2.143560e+01,2.143560e+01,2.135933e+01,2.132464e+01,2.139400e+01,2.136626e+01,2.128299e+01,2.136626e+01,2.148411e+01,2.115796e+01,2.118576e+01,2.126217e+01,2.117186e+01,2.123439e+01,2.130382e+01,2.120660e+01,2.135933e+01,2.123439e+01,2.117186e+01,2.119271e+01,2.122744e+01,2.119966e+01,2.122050e+01,2.121355e+01,2.130382e+01,2.168483e+01,2.151875e+01,2.178850e+01,2.184374e+01,2.172631e+01,2.191276e+01,2.160874e+01,2.179540e+01,2.163642e+01,2.172631e+01,2.158106e+01,2.173322e+01,2.173322e+01,2.163642e+01,2.165717e+01,2.164334e+01,2.167792e+01,2.158106e+01,2.160874e+01,2.160874e+01,2.154645e+01,2.146332e+01,2.149104e+01,2.164334e+01,2.162950e+01,2.158798e+01,2.140787e+01,2.153952e+01,2.135239e+01,2.147025e+01,2.124828e+01,2.151182e+01,2.128299e+01,2.136626e+01,2.151875e+01,2.135933e+01,2.142174e+01,2.135239e+01,2.132464e+01,2.136626e+01,2.137320e+01,2.134545e+01,2.138707e+01,2.153952e+01,2.138707e+01,2.166409e+01,2.147718e+01,2.144946e+01,2.142174e+01,2.142867e+01,2.148411e+01,2.149104e+01,2.142867e+01,2.149104e+01,2.149104e+01,2.151182e+01,2.152567e+01,2.149104e+01,2.153260e+01,2.141480e+01,2.152567e+01,2.137320e+01,2.155337e+01,2.149104e+01,2.151182e+01,2.145639e+01,2.142867e+01,2.147718e+01,2.153952e+01,2.156029e+01,2.151182e+01,2.153952e+01,2.152567e+01,2.149104e+01,2.161566e+01,2.162258e+01,2.160182e+01,2.152567e+01,2.162258e+01,2.156721e+01,2.156721e+01,2.142174e+01,2.165025e+01,2.171940e+01,2.166409e+01,2.173322e+01,2.162950e+01,2.177468e+01
2.154645e+01,2.151875e+01,2.147718e+01,2.163642e+01,2.150489e+01,2.143560e+01,2.148411e+01,2.152567e+01,2.146332e+01,2.151875e+01,2.154645e+01,2.159490e+01,2.153952e+01,2.145639e+01,2.153260e+01,2.146332e+01,2.157414e+01,2.152567e+01,2.162950e+01,2.165717e+01,2.154645e+01,2.163642e+01,2.160182e+01,2.162258e+01,2.169175e+01,2.173322e+01,2.166409e+01,2.167100e+01,2.168483e+01,2.177468e+01,2.174704e+01,2.167100e+01,2.166409e+01,2.171248e+01,2.156721e+01,2.163642e+01,2.160874e+01,2.176777e+01,2.165025e+01,2.171940e+01,2.176777e+01,2.168483e+01,2.185755e+01,2.171940e+01,2.182303e+01,2.171248e+01,2.165717e+01,2.174704e+01,2.174704e+01,2.171248e+01,2.163642e+01,2.174013e+01,2.153260e+01,2.155337e+01,2.159490e+01,2.151182e+01,2.169175e+01,2.155337e+01,2.154645e+01,2.160182e+01,2.170557e+01,2.166409e+01,2.160182e+01,2.155337e+01,2.164334e+01,2.162950e+01,2.171248e+01,2.160874e+01,2.163642e+01,2.166409e+01,2.155337e+01,2.154645e+01,2.153260e+01,2.158106e+01,2.169175e+01,2.158798e+01,2.164334e+01,2.156721e+01,2.152567e+01,2.156029e+01,2.156721e+01,2.162258e+01,2.149104e+01,2.152567e+01,2.155337e+01,2.158106e+01,2.153952e+01,2.149796e+01,2.149104e+01,2.146332e+01,2.144946e+01,2.146332e+01,2.100493e+01,2.086562e+01,2.087956e+01,2.075403e+01,2.086562e+01,2.085168e+01,2.097709e+01,2.078193e+01,2.109539e+01,2.106756e+01,2.097012e+01,2.101189e+01,2.114406e+01,2.104669e+01,2.101189e+01,2.113711e+01,2.114406e+01,2.119271e+01,2.117186e+01,2.110234e+01,2.110234e+01,2.113015e+01,2.111625e+01,2.122744e+01,2.103973e+01,2.114406e+01,2.113711e+01,2.114406e+01,2.115796e+01,2.118576e+01,2.124133e+01,2.124828e+01,2.106756e+01,2.108843e+01,2.110929e+01,2.117186e+01,2.117881e+01,2.122744e+01,2.119966e+01,2.119966e+01,2.116491e+01,2.117186e+01,2.130382e+01,2.123439e+01,2.127605e+01,2.129688e+01,2.133158e+01,2.132464e+01,2.134545e+01,2.144946e+01,2.147718e+01,2.138707e+01,2.144253e+01,2.158106e+01,2.140094e+01,2.145639e+01,2.159490e+01,2.156721e+01,2.158106e+01,2.167100e+01,2.152567e+01,2.154645e+01,2.156029e+01,2.167100e+01,2.163642e+01,2.156029e+01,2.165717e+01,2.150489e+01,2.155337e+01,2.141480e+01,2.151875e+01,2.131076e+01,2.146332e+01,2.128299e+01,2.127605e+01,2.119966e+01,2.118576e+01,2.104669e+01,2.103973e+01,2.113015e+01,2.104669e+01,2.115101e+01,2.128299e+01,2.126217e+01,2.128299e+01,2.129688e+01,2.170557e+01,2.189896e+01,2.209886e+01,2.201619e+01,2.194035e+01,2.205065e+01,2.198862e+01,2.203687e+01,2.195414e+01,2.201619e+01,2.202308e+01,2.203687e+01,2.207820e+01,2.200930e+01,2.198862e+01,2.202308e+01,2.208509e+01,2.202308e+01,2.202997e+01,2.208509e+01,2.199551e+01,2.195414e+01,2.209886e+01,2.196104e+01,2.189896e+01,2.199551e+01,2.196793e+01,2.189896e+01,2.180231e+01,2.192655e+01,2.182303e+01,2.187135e+01,2.184374e+01,2.180922e+01,2.180922e+01,2.181612e+01,2.184374e+01,2.182993e+01,2.176777e+01,2.191276e+01,2.174704e+01,2.184374e+01,2.180231e+01,2.178159e+01,2.178850e+01,2.191965e+01,2.203687e+01,2.186445e+01,2.169175e+01,2.166409e+01,2.151875e+01,2.131770e+01,2.115796e+01,2.103277e+01,2.100493e+01,2.105365e+01,2.112320e+01,2.117186e+01,2.124133e+01,2.130382e+01,2.143560e+01,2.137320e+01,2.128299e+01,2.140787e+01,2.127605e+01,2.143560e+01,2.140094e+01,2.143560e+01,2.149796e+01,2.138707e+01,2.135933e+01,2.133158e+01,2.139400e+01,2.145639e+01,2.142867e+01,2.145639e+01,2.147025e+01,2.147718e+01,2.147025e+01,2.136626e+01,2.137320e+01,2.144946e+01,2.144946e+01,2.138707e+01,2.141480e+01,2.149796e+01,2.125522e+01,2.120660e+01,2.133851e+01,2.126217e+01,2.126217e+01,2.121355e+01,2.119271e+01,2.117881e+01,2.126911e+01,2.126217e+01,2.123439e+01,2.122050e+01,2.126217e+01,2.122050e+01,2.137320e+01,2.113015e+01,2.126911e+01,2.125522e+01,2.125522e+01,2.115796e+01,2.119966e+01,2.116491e+01,2.138013e+01,2.143560e+01,2.132464e+01,2.125522e+01,2.134545e+01,2.137320e+01,2.142174e+01,2.135933e+01,2.140094e+01,2.144253e+01,2.145639e+01,2.143560e+01,2.144253e+01,2.142867e+01,2.146332e+01,2.157414e+01,2.160874e+01,2.163642e+01,2.168483e+01,2.170557e+01,2.175395e+01,2.172631e+01,2.177468e+01,2.171248e+01,2.180922e+01,2.180922e+01,2.179540e+01,2.173322e+01,2.171248e+01,2.178159e+01,2.184374e+01,2.178850e+01,2.179540e+01,2.185755e+01,2.181612e+01,2.183684e+01,2.177468e+01,2.183684e+01,2.180231e+01,2.175395e+01,2.181612e+01,2.169175e+01,2.151875e+01,2.156721e+01,2.135239e+01,2.131076e+01,2.111625e+01,2.117881e+01,2.108843e+01,2.119271e+01,2.118576e+01,2.117881e+01,2.128993e+01,2.131076e+01,2.136626e+01,2.126911e+01,2.144946e+01,2.131076e+01,2.151182e+01,2.157414e+01,2.158798e+01,2.159490e+01,2.180922e+01,2.193345e+01,2.184374e+01,2.186445e+01,2.188516e+01,2.187135e+01,2.167792e+01,2.154645e+01,2.167100e+01,2.181612e+01,2.164334e+01,2.157414e+01,2.156029e+01,2.136626e+01,2.130382e+01,2.135239e+01,2.143560e+01,2.128993e+01,2.128299e+01,2.131770e+01,2.138707e+01,2.135239e+01,2.135933e+01,2.147025e+01,2.135933e+01,2.146332e+01,2.148411e+01,2.146332e+01,2.162258e+01,2.165025e+01,2.155337e+01,2.155337e+01,2.157414e+01,2.164334e+01,2.185065e+01,2.182993e+01,2.200241e+01,2.209886e+01,2.239456e+01,2.213329e+01,2.236709e+01,2.238082e+01,2.228463e+01,2.207820e+01,2.214017e+01,2.194035e+01,2.194035e+01,2.194035e+01,2.193345e+01,2.189206e+01,2.190586e+01,2.194725e+01,2.191965e+01,2.191965e+01,2.201619e+01,2.209198e+01,2.196104e+01,2.198172e+01,2.207820e+01,2.200930e+01,2.205754e+01,2.202308e+01,2.201619e+01,2.198862e+01,2.204376e+01,2.203687e+01,2.194035e+01,2.185065e+01,2.183684e+01,2.186445e+01,2.182993e+01,2.177468e+01,2.187135e+01,2.181612e+01,2.191965e+01,2.182303e+01,2.164334e+01,2.171940e+01,2.159490e+01,2.175395e+01,2.173322e+01,2.185065e+01,2.176086e+01,2.187825e+01,2.187135e+01,2.190586e+01,2.182993e+01,2.198172e+01,2.198172e+01,2.195414e+01,2.200241e+01,2.191965e+01,2.191965e+01,2.196104e+01,2.211952e+01,2.202308e+01,2.201619e+01,2.190586e+01,2.215394e+01,2.194725e+01,2.191276e+01,2.200930e+01,2.189896e+01,2.202308e+01,2.192655e+01,2.203687e+01,2.200930e+01,2.202308e+01,2.201619e+01,2.209198e+01,2.201619e+01,2.196793e+01,2.211952e+01,2.218835e+01,2.198862e+01,2.196793e+01,2.195414e+01,2.191965e+01,2.194725e+01,2.193345e+01,2.191276e+01,2.176777e+01,2.179540e+01,2.191276e+01,2.180922e+01,2.179540e+01,2.189206e+01,2.171940e+01,2.165717e+01,2.176777e+01,2.169175e+01,2.166409e+01,2.178159e+01,2.155337e+01,2.169175e+01,2.163642e+01,2.158798e+01,2.158798e+01,2.149104e+01,2.146332e+01,2.150489e+01,2.147025e+01,2.150489e+01,2.138013e+01,2.150489e+01,2.134545e+01,2.134545e+01,2.125522e+01,2.130382e+01,2.131076e+01,2.123439e+01,2.155337e+01,2.182303e+01,2.180231e+01,2.178850e+01,2.178159e+01,2.189206e+01,2.187825e+01,2.182993e+01,2.182993e+01,2.180922e+01,2.180922e+01,2.168483e+01,2.185755e+01,2.178159e+01,2.172631e+01,2.160182e+01,2.150489e+01,2.151182e+01,2.130382e+01,2.138707e+01,2.149796e+01,2.133158e+01,2.127605e+01,2.140094e+01,2.142174e+01,2.144253e+01,2.158106e+01,2.162258e+01,2.163642e+01,2.162950e+01,2.135239e+01,2.130382e+01,2.115101e+01,2.117881e+01,2.116491e+01,2.122744e+01,2.117186e+01,2.122050e+01,2.137320e+01,2.128993e+01,2.131076e+01,2.117881e+01,2.126217e+01,2.131076e+01,2.128299e+01,2.118576e+01,2.119271e+01,2.121355e+01,2.119271e+01,2.120660e+01,2.117881e+01,2.113711e+01,2.140094e+01,2.157414e+01,2.175395e+01,2.178159e+01,2.185065e+01,2.174704e+01,2.185755e+01,2.184374e+01,2.167100e+01,2.169175e+01,2.200241e+01,2.174704e+01,2.164334e+01,2.169866e+01,2.176086e+01,2.174704e+01,2.156029e+01,2.162258e+01,2.162950e+01,2.141480e+01,2.160874e+01,2.158106e+01,2.156721e+01,2.159490e+01,2.136626e+01,2.146332e+01,2.159490e+01,2.143560e+01,2.155337e+01,2.150489e+01,2.142867e+01,2.128993e+01,2.148411e+01,2.127605e+01,2.122744e+01,2.139400e+01,2.147718e+01,2.136626e+01,2.131076e+01,2.143560e+01,2.135239e+01,2.135933e+01,2.140787e+01,2.135239e+01,2.138707e+01,2.143560e+01,2.140787e+01,2.142867e+01,2.143560e+01,2.143560e+01,2.145639e+01,2.142867e+01,2.150489e+01,2.147718e+01,2.144946e+01,2.147025e+01,2.152567e+01,2.146332e+01,2.152567e+01,2.146332e+01,2.142867e+01,2.138013e+01,2.134545e+01,2.133851e+01,2.149796e+01,2.162258e+01,2.152567e+01,2.153952e+01,2.149104e+01,2.151182e+01,2.151875e+01,2.155337e+01,2.148411e+01,2.160182e+01,2.158798e+01,2.161566e+01,2.162950e+01,2.161566e+01,2.162258e+01,2.172631e+01,2.162950e+01,2.155337e+01,2.169175e+01,2.178850e+01,2.171248e+01,2.162950e+01,2.173322e+01,2.170557e+01,2.167792e+01
2.154645e+01,2.157414e+01,2.142174e+01,2.147025e+01,2.151182e+01,2.149796e+01,2.149796e+01,2.151182e+01,2.156721e+01,2.152567e+01,2.169866e+01,2.159490e+01,2.146332e+01,2.150489e+01,2.161566e+01,2.149104e+01,2.154645e+01,2.163642e+01,2.167792e+01,2.158106e+01,2.161566e+01,2.165025e+01,2.161566e+01,2.169866e+01,2.198862e+01,2.165025e+01,2.151182e+01,2.169175e+01,2.174013e+01,2.173322e+01,2.175395e+01,2.168483e+01,2.174704e+01,2.174013e+01,2.161566e+01,2.169175e+01,2.173322e+01,2.176086e+01,2.162258e+01,2.163642e+01,2.169866e+01,2.168483e+01,2.160874e+01,2.172631e+01,2.174013e+01,2.176086e+01,2.171940e+01,2.164334e+01,2.178850e+01,2.169175e+01,2.160182e+01,2.162258e+01,2.163642e+01,2.159490e+01,2.169175e+01,2.170557e+01,2.160182e+01,2.157414e+01,2.163642e+01,2.157414e+01,2.165025e+01,2.156029e+01,2.158798e+01,2.160874e+01,2.159490e+01,2.156029e+01,2.158106e+01,2.157414e+01,2.162950e+01,2.167100e+01,2.166409e+01,2.163642e+01,2.154645e+01,2.155337e+01,2.158106e+01,2.156029e+01,2.156721e+01,2.162950e+01,2.142174e+01,2.160182e+01,2.148411e+01,2.162258e+01,2.165717e+01,2.156029e+01,2.144946e+01,2.154645e+01,2.156721e+01,2.156721e+01,2.142867e+01,2.145639e+01,2.140094e+01,2.140787e+01,2.135239e+01,2.094226e+01,2.086562e+01,2.094923e+01,2.099101e+01,2.080286e+01,2.087259e+01,2.094923e+01,2.099101e+01,2.085865e+01,2.103277e+01,2.093530e+01,2.097709e+01,2.100493e+01,2.097709e+01,2.097709e+01,2.104669e+01,2.104669e+01,2.111625e+01,2.109539e+01,2.107452e+01,2.115101e+01,2.113711e+01,2.128993e+01,2.114406e+01,2.117186e+01,2.110234e+01,2.117186e+01,2.103277e+01,2.114406e+01,2.110929e+01,2.114406e+01,2.117186e+01,2.111625e+01,2.113015e+01,2.111625e+01,2.107452e+01,2.129688e+01,2.116491e+01,2.120660e+01,2.126217e+01,2.121355e+01,2.124828e+01,2.124828e+01,2.135933e+01,2.131076e+01,2.128299e+01,2.144946e+01,2.149104e+01,2.144253e+01,2.133158e+01,2.137320e+01,2.148411e+01,2.159490e+01,2.155337e+01,2.155337e+01,2.153952e+01,2.152567e+01,2.155337e+01,2.158798e+01,2.154645e+01,2.145639e+01,2.156721e+01,2.147718e+01,2.157414e+01,2.157414e+01,2.154645e+01,2.156029e+01,2.147718e+01,2.148411e+01,2.142867e+01,2.138013e+01,2.144253e+01,2.124828e+01,2.126911e+01,2.103277e+01,2.096316e+01,2.112320e+01,2.090047e+01,2.101885e+01,2.090743e+01,2.119966e+01,2.120660e+01,2.119966e+01,2.157414e+01,2.178159e+01,2.181612e+01,2.192655e+01,2.194725e+01,2.196104e+01,2.196104e+01,2.195414e+01,2.202997e+01,2.194035e+01,2.205065e+01,2.208509e+01,2.211263e+01,2.214017e+01,2.208509e+01,2.205754e+01,2.196104e+01,2.207820e+01,2.207820e+01,2.207131e+01,2.190586e+01,2.207131e+01,2.191965e+01,2.197483e+01,2.205754e+01,2.196104e+01,2.194725e+01,2.196104e+01,2.191965e+01,2.191276e+01,2.189896e+01,2.176777e+01,2.186445e+01,2.206442e+01,2.185755e+01,2.178850e+01,2.189896e+01,2.188516e+01,2.192655e+01,2.183684e+01,2.188516e+01,2.186445e+01,2.200241e+01,2.190586e+01,2.199551e+01,2.190586e+01,2.205754e+01,2.196793e+01,2.211952e+01,2.187135e+01,2.195414e+01,2.192655e+01,2.183684e+01,2.159490e+01,2.142174e+01,2.116491e+01,2.109539e+01,2.113711e+01,2.111625e+01,2.117186e+01,2.126217e+01,2.134545e+01,2.131076e+01,2.128299e+01,2.129688e+01,2.153260e+01,2.149104e+01,2.147025e+01,2.147025e+01,2.141480e+01,2.142867e+01,2.139400e+01,2.135239e+01,2.141480e+01,2.131076e+01,2.146332e+01,2.141480e+01,2.145639e+01,2.148411e+01,2.135239e+01,2.140094e+01,2.147718e+01,2.147718e+01,2.147025e+01,2.144253e+01,2.137320e+01,2.142174e+01,2.129688e+01,2.127605e+01,2.124133e+01,2.134545e+01,2.111625e+01,2.128299e+01,2.111625e+01,2.119271e+01,2.126217e+01,2.118576e+01,2.123439e+01,2.126217e+01,2.110929e+01,2.115796e+01,2.121355e+01,2.120660e+01,2.113711e+01,2.128993e+01,2.113015e+01,2.126217e+01,2.110234e+01,2.124828e+01,2.124133e+01,2.121355e+01,2.117881e+01,2.149796e+01,2.133851e+01,2.131770e+01,2.136626e+01,2.138013e+01,2.138013e+01,2.140094e+01,2.140094e+01,2.138013e+01,2.144253e+01,2.143560e+01,2.129688e+01,2.140094e+01,2.142867e+01,2.142174e+01,2.141480e+01,2.131076e+01,2.156721e+01,2.160874e+01,2.148411e+01,2.153260e+01,2.146332e+01,2.155337e+01,2.142174e+01,2.135933e+01,2.134545e+01,2.153260e+01,2.164334e+01,2.171940e+01,2.176777e+01,2.183684e+01,2.175395e+01,2.189896e+01,2.193345e+01,2.178159e+01,2.197483e+01,2.186445e+01,2.175395e+01,2.169866e+01,2.166409e+01,2.167792e+01,2.166409e+01,2.131076e+01,2.144253e+01,2.126911e+01,2.123439e+01,2.106756e+01,2.110929e+01,2.119966e+01,2.113711e+01,2.115101e+01,2.124828e+01,2.135239e+01,2.117881e+01,2.126911e+01,2.138707e+01,2.135239e+01,2.147718e+01,2.159490e+01,2.175395e+01,2.180922e+01,2.182303e+01,2.181612e+01,2.175395e+01,2.170557e+01,2.185065e+01,2.161566e+01,2.144946e+01,2.177468e+01,2.169175e+01,2.138707e+01,2.138013e+01,2.142867e+01,2.149104e+01,2.126217e+01,2.119966e+01,2.127605e+01,2.123439e+01,2.136626e+01,2.133851e+01,2.129688e+01,2.133158e+01,2.144253e+01,2.153260e+01,2.143560e+01,2.155337e+01,2.149796e+01,2.152567e+01,2.153260e+01,2.158798e+01,2.160182e+01,2.182303e+01,2.210575e+01,2.214706e+01,2.240829e+01,2.268255e+01,2.288777e+01,2.289461e+01,2.251122e+01,2.253180e+01,2.251122e+01,2.252494e+01,2.209886e+01,2.234648e+01,2.229151e+01,2.206442e+01,2.198172e+01,2.191965e+01,2.190586e+01,2.191965e+01,2.194035e+01,2.194035e+01,2.196793e+01,2.196793e+01,2.205065e+01,2.196793e+01,2.212641e+01,2.200241e+01,2.212641e+01,2.200241e+01,2.204376e+01,2.200241e+01,2.198172e+01,2.205754e+01,2.198862e+01,2.206442e+01,2.202997e+01,2.202308e+01,2.195414e+01,2.196104e+01,2.213329e+01,2.188516e+01,2.178159e+01,2.184374e+01,2.173322e+01,2.172631e+01,2.169866e+01,2.158798e+01,2.170557e+01,2.176777e+01,2.168483e+01,2.180922e+01,2.171940e+01,2.191276e+01,2.187825e+01,2.196793e+01,2.200930e+01,2.189896e+01,2.207820e+01,2.194035e+01,2.195414e+01,2.191965e+01,2.196793e+01,2.200241e+01,2.196793e+01,2.208509e+01,2.193345e+01,2.197483e+01,2.192655e+01,2.192655e+01,2.192655e+01,2.198172e+01,2.198172e+01,2.192655e+01,2.199551e+01,2.203687e+01,2.201619e+01,2.203687e+01,2.185065e+01,2.200241e+01,2.196793e+01,2.203687e+01,2.194725e+01,2.194035e+01,2.193345e+01,2.222275e+01,2.194035e+01,2.191965e+01,2.194035e+01,2.178850e+01,2.194725e+01,2.192655e+01,2.185755e+01,2.169866e+01,2.171248e+01,2.179540e+01,2.176086e+01,2.175395e+01,2.175395e+01,2.184374e+01,2.176777e+01,2.173322e+01,2.167100e+01,2.160874e+01,2.160182e+01,2.161566e+01,2.156721e+01,2.144253e+01,2.146332e+01,2.147718e+01,2.149796e+01,2.152567e+01,2.147025e+01,2.134545e+01,2.142174e+01,2.147025e+01,2.131770e+01,2.142867e+01,2.140094e+01,2.149796e+01,2.161566e+01,2.188516e+01,2.178850e+01,2.187135e+01,2.191276e+01,2.186445e+01,2.186445e+01,2.183684e+01,2.189896e+01,2.192655e+01,2.180231e+01,2.185065e+01,2.165025e+01,2.176086e+01,2.182993e+01,2.174013e+01,2.180231e+01,2.180922e+01,2.172631e+01,2.147025e+01,2.134545e+01,2.153260e+01,2.142867e+01,2.138013e+01,2.135239e+01,2.165025e+01,2.165717e+01,2.161566e+01,2.177468e+01,2.176777e+01,2.169866e+01,2.166409e+01,2.173322e+01,2.158106e+01,2.177468e+01,2.131770e+01,2.151875e+01,2.152567e+01,2.155337e+01,2.144946e+01,2.146332e+01,2.145639e+01,2.129688e+01,2.155337e+01,2.118576e+01,2.120660e+01,2.120660e+01,2.120660e+01,2.121355e+01,2.100493e+01,2.112320e+01,2.131076e+01,2.127605e+01,2.127605e+01,2.175395e+01,2.171248e+01,2.175395e+01,2.176777e+01,2.171248e+01,2.189896e+01,2.167792e+01,2.171248e+01,2.177468e+01,2.162258e+01,2.165717e+01,2.172631e+01,2.172631e+01,2.175395e+01,2.160874e+01,2.178159e+01,2.160182e+01,2.153952e+01,2.149796e+01,2.160874e+01,2.164334e+01,2.159490e+01,2.150489e+01,2.161566e+01,2.164334e+01,2.140787e+01,2.160874e+01,2.146332e+01,2.140094e+01,2.148411e+01,2.151875e+01,2.138013e+01,2.136626e+01,2.137320e+01,2.138707e+01,2.146332e+01,2.146332e+01,2.133851e+01,2.140094e+01,2.130382e+01,2.138707e+01,2.127605e+01,2.140787e+01,2.141480e+01,2.142867e+01,2.155337e+01,2.145639e+01,2.151182e+01,2.158106e+01,2.146332e+01,2.158798e+01,2.158798e+01,2.154645e+01,2.153952e+01,2.149796e+01,2.153260e+01,2.149104e+01,2.149104e+01,2.153260e+01,2.140787e+01,2.144946e+01,2.135933e+01,2.145639e+01,2.148411e+01,2.136626e+01,2.162950e+01,2.151875e+01,2.156721e+01,2.151875e+01,2.148411e+01,2.154645e+01,2.149104e+01,2.154645e+01,2.153952e+01,2.151875e+01,2.165025e+01,2.156721e+01,2.162258e+01,2.163642e+01,2.155337e+01,2.166409e+01,2.154645e+01,2.171248e+01,2.174704e+01,2.163642e+01,2.160874e+01,2.176086e+01,2.166409e+01
2.142867e+01,2.147025e+01,2.157414e+01,2.163642e+01,2.145639e+01,2.148411e+01,2.153260e+01,2.153952e+01,2.149104e+01,2.165025e+01,2.155337e+01,2.142174e+01,2.153260e+01,2.154645e+01,2.161566e+01,2.158106e+01,2.151875e+01,2.174013e+01,2.164334e+01,2.162258e+01,2.154645e+01,2.164334e+01,2.167792e+01,2.157414e+01,2.169866e+01,2.172631e+01,2.158106e+01,2.167100e+01,2.167792e+01,2.159490e+01,2.176086e+01,2.172631e+01,2.173322e+01,2.163642e+01,2.165717e+01,2.168483e+01,2.162950e+01,2.166409e+01,2.169866e+01,2.167792e+01,2.168483e+01,2.190586e+01,2.175395e+01,2.172631e+01,2.173322e+01,2.173322e+01,2.161566e+01,2.160182e+01,2.158106e+01,2.163642e+01,2.165025e+01,2.163642e+01,2.156721e+01,2.153260e+01,2.162950e+01,2.153260e+01,2.151182e+01,2.155337e+01,2.154645e+01,2.157414e+01,2.158106e+01,2.158106e+01,2.159490e+01,2.153952e+01,2.156029e+01,2.157414e+01,2.142867e+01,2.149796e+01,2.158798e+01,2.146332e+01,2.162258e+01,2.147718e+01,2.154645e+01,2.158798e+01,2.154645e+01,2.140787e+01,2.157414e+01,2.153952e+01,2.159490e+01,2.159490e+01,2.160874e+01,2.158798e+01,2.162950e+01,2.162950e+01,2.155337e+01,2.158798e+01,2.156029e+01,2.152567e+01,2.147025e+01,2.145639e+01,2.137320e+01,2.147025e+01,2.127605e+01,2.097709e+01,2.076100e+01,2.086562e+01,2.085865e+01,2.086562e+01,2.087956e+01,2.084470e+01,2.078891e+01,2.099101e+01,2.086562e+01,2.093530e+01,2.097012e+01,2.097012e+01,2.101885e+01,2.097012e+01,2.098405e+01,2.101189e+01,2.108843e+01,2.108843e+01,2.110234e+01,2.108843e+01,2.107452e+01,2.117881e+01,2.126217e+01,2.113711e+01,2.108148e+01,2.109539e+01,2.106061e+01,2.106061e+01,2.102581e+01,2.109539e+01,2.104669e+01,2.116491e+01,2.115101e+01,2.108843e+01,2.110929e+01,2.111625e+01,2.114406e+01,2.115796e+01,2.118576e+01,2.124133e+01,2.115101e+01,2.119966e+01,2.135239e+01,2.122050e+01,2.133851e+01,2.138013e+01,2.126217e+01,2.142174e+01,2.144253e+01,2.150489e+01,2.142867e+01,2.135239e+01,2.157414e+01,2.155337e+01,2.156721e+01,2.157414e+01,2.157414e+01,2.150489e+01,2.162258e+01,2.151875e+01,2.149796e+01,2.153952e+01,2.148411e+01,2.144946e+01,2.146332e+01,2.151875e+01,2.141480e+01,2.151875e+01,2.125522e+01,2.135239e+01,2.129688e+01,2.129688e+01,2.099101e+01,2.094226e+01,2.095619e+01,2.094923e+01,2.086562e+01,2.085168e+01,2.090047e+01,2.116491e+01,2.134545e+01,2.151182e+01,2.157414e+01,2.174704e+01,2.200930e+01,2.190586e+01,2.194035e+01,2.193345e+01,2.207131e+01,2.205065e+01,2.218835e+01,2.202997e+01,2.202997e+01,2.211952e+01,2.209886e+01,2.215394e+01,2.198172e+01,2.211263e+01,2.212641e+01,2.207820e+01,2.202308e+01,2.194725e+01,2.191965e+01,2.201619e+01,2.203687e+01,2.205065e+01,2.202308e+01,2.194725e+01,2.198862e+01,2.195414e+01,2.197483e+01,2.201619e+01,2.198862e+01,2.182993e+01,2.191965e+01,2.189896e+01,2.190586e+01,2.193345e+01,2.195414e+01,2.192655e+01,2.180922e+01,2.186445e+01,2.190586e+01,2.191965e+01,2.189206e+01,2.193345e+01,2.190586e+01,2.193345e+01,2.185065e+01,2.198172e+01,2.204376e+01,2.201619e+01,2.200930e+01,2.196104e+01,2.186445e+01,2.162258e+01,2.162950e+01,2.143560e+01,2.107452e+01,2.113015e+01,2.115796e+01,2.120660e+01,2.122744e+01,2.128993e+01,2.129688e+01,2.127605e+01,2.133158e+01,2.130382e+01,2.147718e+01,2.148411e+01,2.142174e+01,2.145639e+01,2.126911e+01,2.145639e+01,2.130382e+01,2.141480e+01,2.144253e+01,2.133158e+01,2.147025e+01,2.134545e+01,2.147025e+01,2.144253e+01,2.135933e+01,2.133158e+01,2.145639e+01,2.144946e+01,2.136626e+01,2.134545e+01,2.137320e+01,2.128993e+01,2.127605e+01,2.126911e+01,2.126911e+01,2.128993e+01,2.110929e+01,2.123439e+01,2.115101e+01,2.113711e+01,2.110929e+01,2.111625e+01,2.110234e+01,2.109539e+01,2.115796e+01,2.138013e+01,2.131770e+01,2.110234e+01,2.120660e+01,2.121355e+01,2.115796e+01,2.110929e+01,2.113711e+01,2.123439e+01,2.131076e+01,2.119271e+01,2.118576e+01,2.130382e+01,2.131770e+01,2.129688e+01,2.128993e+01,2.121355e+01,2.117881e+01,2.126217e+01,2.126911e+01,2.123439e+01,2.127605e+01,2.129688e+01,2.142867e+01,2.151182e+01,2.140787e+01,2.138707e+01,2.142867e+01,2.149796e+01,2.143560e+01,2.133158e+01,2.134545e+01,2.133158e+01,2.123439e+01,2.121355e+01,2.110929e+01,2.112320e+01,2.120660e+01,2.119271e+01,2.114406e+01,2.165717e+01,2.174013e+01,2.185755e+01,2.186445e+01,2.180231e+01,2.189896e+01,2.175395e+01,2.182303e+01,2.176086e+01,2.185065e+01,2.165717e+01,2.170557e+01,2.160182e+01,2.138013e+01,2.131076e+01,2.124828e+01,2.124828e+01,2.126217e+01,2.117186e+01,2.121355e+01,2.113711e+01,2.120660e+01,2.123439e+01,2.115101e+01,2.122050e+01,2.134545e+01,2.126911e+01,2.135933e+01,2.147718e+01,2.151182e+01,2.153952e+01,2.175395e+01,2.185065e+01,2.175395e+01,2.172631e+01,2.182303e+01,2.159490e+01,2.147025e+01,2.126911e+01,2.129688e+01,2.122050e+01,2.122744e+01,2.127605e+01,2.127605e+01,2.127605e+01,2.126217e+01,2.123439e+01,2.139400e+01,2.129688e+01,2.123439e+01,2.124828e+01,2.128299e+01,2.134545e+01,2.144946e+01,2.148411e+01,2.143560e+01,2.147718e+01,2.156029e+01,2.150489e+01,2.172631e+01,2.185755e+01,2.218835e+01,2.233961e+01,2.311986e+01,2.308576e+01,2.324933e+01,2.319484e+01,2.309940e+01,2.307212e+01,2.265516e+01,2.279889e+01,2.254551e+01,2.255923e+01,2.238082e+01,2.231212e+01,2.233274e+01,2.219523e+01,2.194035e+01,2.185755e+01,2.183684e+01,2.176777e+01,2.198862e+01,2.183684e+01,2.187135e+01,2.201619e+01,2.197483e+01,2.193345e+01,2.190586e+01,2.211263e+01,2.200241e+01,2.209886e+01,2.201619e+01,2.196793e+01,2.202308e+01,2.205754e+01,2.202997e+01,2.200930e+01,2.202308e+01,2.205754e+01,2.209886e+01,2.193345e+01,2.189206e+01,2.189206e+01,2.187825e+01,2.189896e+01,2.185065e+01,2.171248e+01,2.160182e+01,2.158798e+01,2.164334e+01,2.170557e+01,2.174704e+01,2.174704e+01,2.171248e+01,2.185065e+01,2.188516e+01,2.190586e+01,2.189896e+01,2.187825e+01,2.191965e+01,2.191965e+01,2.192655e+01,2.189896e+01,2.191965e+01,2.193345e+01,2.195414e+01,2.196793e+01,2.184374e+01,2.185755e+01,2.189206e+01,2.194725e+01,2.198862e+01,2.191965e+01,2.190586e+01,2.199551e+01,2.207131e+01,2.200241e+01,2.200241e+01,2.205754e+01,2.205065e+01,2.187825e+01,2.192655e+01,2.191965e+01,2.190586e+01,2.191276e+01,2.191276e+01,2.195414e+01,2.191276e+01,2.182303e+01,2.186445e+01,2.190586e+01,2.189896e+01,2.185755e+01,2.187825e+01,2.168483e+01,2.181612e+01,2.177468e+01,2.174704e+01,2.178850e+01,2.182303e+01,2.171940e+01,2.174704e+01,2.167792e+01,2.165717e+01,2.153260e+01,2.156029e+01,2.151182e+01,2.153952e+01,2.158106e+01,2.167792e+01,2.162258e+01,2.156721e+01,2.160874e+01,2.142867e+01,2.142174e+01,2.144946e+01,2.142867e+01,2.138707e+01,2.142174e+01,2.160874e+01,2.175395e+01,2.177468e+01,2.182303e+01,2.178850e+01,2.181612e+01,2.184374e+01,2.187825e+01,2.187135e+01,2.188516e+01,2.185065e+01,2.196793e+01,2.171940e+01,2.182303e+01,2.182303e+01,2.186445e+01,2.187135e+01,2.179540e+01,2.180231e+01,2.181612e+01,2.185755e+01,2.156029e+01,2.151182e+01,2.153260e+01,2.157414e+01,2.163642e+01,2.172631e+01,2.163642e+01,2.158798e+01,2.159490e+01,2.184374e+01,2.175395e+01,2.167792e+01,2.171940e+01,2.174704e+01,2.169175e+01,2.177468e+01,2.170557e+01,2.167792e+01,2.183684e+01,2.164334e+01,2.172631e+01,2.151875e+01,2.156721e+01,2.160874e+01,2.156721e+01,2.156029e+01,2.151182e+01,2.132464e+01,2.131770e+01,2.126217e+01,2.122050e+01,2.106756e+01,2.122050e+01,2.128299e+01,2.151182e+01,2.167792e+01,2.171940e+01,2.177468e+01,2.193345e+01,2.173322e+01,2.189896e+01,2.173322e+01,2.168483e+01,2.175395e+01,2.176777e+01,2.171940e+01,2.165717e+01,2.178159e+01,2.158106e+01,2.156029e+01,2.157414e+01,2.166409e+01,2.153952e+01,2.156029e+01,2.153260e+01,2.147718e+01,2.151875e+01,2.132464e+01,2.147718e+01,2.147718e+01,2.138013e+01,2.158798e+01,2.138013e+01,2.149104e+01,2.149104e+01,2.136626e+01,2.142867e+01,2.128993e+01,2.138013e+01,2.150489e+01,2.132464e+01,2.138707e+01,2.132464e+01,2.130382e+01,2.127605e+01,2.144253e+01,2.136626e+01,2.131076e+01,2.130382e+01,2.137320e+01,2.143560e+01,2.139400e+01,2.142174e+01,2.144946e+01,2.144253e+01,2.147025e+01,2.147718e+01,2.149796e+01,2.146332e+01,2.151182e+01,2.148411e+01,2.147025e+01,2.146332e+01,2.142867e+01,2.141480e+01,2.135239e+01,2.149104e+01,2.157414e+01,2.141480e+01,2.160182e+01,2.162950e+01,2.148411e+01,2.157414e+01,2.152567e+01,2.152567e+01,2.151182e+01,2.147718e+01,2.126217e+01,2.125522e+01,2.160874e+01,2.149104e+01,2.171248e+01,2.144946e+01,2.165717e+01,2.139400e+01,2.163642e+01,2.169175e+01,2.154645e+01,2.165025e+01,2.176086e+01,2.161566e+01,2.170557e+01,2.161566e+01
2.144946e+01,2.143560e+01,2.144253e+01,2.162950e+01,2.149104e+01,2.150489e+01,2.158798e+01,2.166409e+01,2.164334e+01,2.143560e+01,2.149104e+01,2.151182e+01,2.153952e+01,2.154645e+01,2.167100e+01,2.183684e+01,2.156721e+01,2.174704e+01,2.156029e+01,2.157414e+01,2.161566e+01,2.165025e+01,2.161566e+01,2.169175e+01,2.169866e+01,2.165025e+01,2.170557e+01,2.177468e+01,2.173322e+01,2.174704e+01,2.175395e+01,2.167100e+01,2.167792e+01,2.171248e+01,2.163642e+01,2.163642e+01,2.157414e+01,2.181612e+01,2.181612e+01,2.169866e+01,2.167100e+01,2.160874e+01,2.169175e+01,2.164334e+01,2.182303e+01,2.185755e+01,2.174704e+01,2.167792e+01,2.170557e+01,2.160874e+01,2.153260e+01,2.174704e+01,2.166409e+01,2.155337e+01,2.164334e+01,2.157414e+01,2.164334e+01,2.165025e+01,2.160182e+01,2.156029e+01,2.165025e+01,2.154645e+01,2.146332e+01,2.169175e+01,2.164334e+01,2.162950e+01,2.155337e+01,2.160182e+01,2.156721e+01,2.159490e+01,2.156029e+01,2.148411e+01,2.158106e+01,2.153260e+01,2.153952e+01,2.158798e+01,2.155337e+01,2.165717e+01,2.157414e+01,2.166409e+01,2.162258e+01,2.157414e+01,2.153260e+01,2.162950e+01,2.152567e+01,2.158798e+01,2.157414e+01,2.157414e+01,2.135933e+01,2.163642e+01,2.149796e+01,2.135933e+01,2.131076e+01,2.100493e+01,2.084470e+01,2.080984e+01,2.072611e+01,2.082378e+01,2.078193e+01,2.080286e+01,2.084470e+01,2.097012e+01,2.085168e+01,2.100493e+01,2.100493e+01,2.099797e+01,2.106756e+01,2.098405e+01,2.094226e+01,2.106061e+01,2.106756e+01,2.107452e+01,2.094226e+01,2.107452e+01,2.108843e+01,2.113711e+01,2.128299e+01,2.113015e+01,2.107452e+01,2.109539e+01,2.103277e+01,2.094923e+01,2.098405e+01,2.101189e+01,2.116491e+01,2.102581e+01,2.108843e+01,2.109539e+01,2.106756e+01,2.106061e+01,2.120660e+01,2.114406e+01,2.114406e+01,2.118576e+01,2.115101e+01,2.133158e+01,2.124828e+01,2.128993e+01,2.129688e+01,2.141480e+01,2.141480e+01,2.138013e+01,2.145639e+01,2.135933e+01,2.139400e+01,2.149104e+01,2.153260e+01,2.153260e+01,2.153952e+01,2.152567e+01,2.151875e+01,2.162950e+01,2.157414e+01,2.147718e+01,2.148411e+01,2.151875e+01,2.156029e+01,2.147718e+01,2.149104e+01,2.159490e+01,2.126217e+01,2.148411e+01,2.147025e+01,2.128299e+01,2.128993e+01,2.129688e+01,2.101885e+01,2.113711e+01,2.092137e+01,2.087259e+01,2.094226e+01,2.123439e+01,2.100493e+01,2.121355e+01,2.156721e+01,2.184374e+01,2.187825e+01,2.194725e+01,2.202308e+01,2.204376e+01,2.198862e+01,2.208509e+01,2.211263e+01,2.200930e+01,2.210575e+01,2.197483e+01,2.202308e+01,2.204376e+01,2.210575e+01,2.209886e+01,2.206442e+01,2.208509e+01,2.211263e+01,2.208509e+01,2.211952e+01,2.207820e+01,2.208509e+01,2.201619e+01,2.205754e+01,2.198172e+01,2.203687e+01,2.192655e+01,2.197483e+01,2.188516e+01,2.196793e+01,2.200241e+01,2.204376e+01,2.195414e+01,2.189896e+01,2.185755e+01,2.184374e+01,2.191276e+01,2.196104e+01,2.188516e+01,2.197483e+01,2.202997e+01,2.200930e+01,2.198862e+01,2.197483e+01,2.194725e+01,2.203687e+01,2.188516e+01,2.206442e+01,2.220211e+01,2.218147e+01,2.189896e+01,2.200241e+01,2.198172e+01,2.205754e+01,2.183684e+01,2.191965e+01,2.179540e+01,2.140787e+01,2.136626e+01,2.144253e+01,2.134545e+01,2.133851e+01,2.142174e+01,2.138013e+01,2.139400e+01,2.153952e+01,2.135239e+01,2.147718e+01,2.144946e+01,2.149104e+01,2.143560e+01,2.135933e+01,2.144946e+01,2.131076e+01,2.140787e+01,2.131076e+01,2.145639e+01,2.144946e+01,2.144946e+01,2.151182e+01,2.135239e+01,2.142867e+01,2.134545e+01,2.131076e+01,2.147025e+01,2.146332e+01,2.135239e+01,2.142867e+01,2.132464e+01,2.134545e+01,2.128993e+01,2.128993e+01,2.119271e+01,2.102581e+01,2.114406e+01,2.103277e+01,2.117881e+01,2.114406e+01,2.108148e+01,2.122744e+01,2.114406e+01,2.116491e+01,2.118576e+01,2.112320e+01,2.120660e+01,2.112320e+01,2.107452e+01,2.109539e+01,2.108843e+01,2.106756e+01,2.126217e+01,2.118576e+01,2.099101e+01,2.133851e+01,2.133158e+01,2.129688e+01,2.128299e+01,2.110234e+01,2.123439e+01,2.115796e+01,2.134545e+01,2.132464e+01,2.139400e+01,2.128993e+01,2.138707e+01,2.141480e+01,2.151875e+01,2.131076e+01,2.136626e+01,2.138013e+01,2.140094e+01,2.131770e+01,2.128993e+01,2.131076e+01,2.131770e+01,2.118576e+01,2.113711e+01,2.118576e+01,2.117881e+01,2.115796e+01,2.125522e+01,2.133158e+01,2.171248e+01,2.187825e+01,2.188516e+01,2.187825e+01,2.186445e+01,2.192655e+01,2.182303e+01,2.185755e+01,2.171940e+01,2.178159e+01,2.168483e+01,2.167792e+01,2.145639e+01,2.152567e+01,2.133851e+01,2.118576e+01,2.127605e+01,2.122744e+01,2.111625e+01,2.122050e+01,2.114406e+01,2.119966e+01,2.118576e+01,2.124133e+01,2.126911e+01,2.119966e+01,2.136626e+01,2.137320e+01,2.147025e+01,2.152567e+01,2.180231e+01,2.171940e+01,2.173322e+01,2.173322e+01,2.158798e+01,2.150489e+01,2.124828e+01,2.119966e+01,2.110929e+01,2.125522e+01,2.119966e+01,2.122050e+01,2.153952e+01,2.127605e+01,2.126217e+01,2.127605e+01,2.125522e+01,2.121355e+01,2.125522e+01,2.125522e+01,2.139400e+01,2.141480e+01,2.146332e+01,2.134545e+01,2.144946e+01,2.172631e+01,2.173322e+01,2.173322e+01,2.231212e+01,2.261406e+01,2.277153e+01,2.339904e+01,2.367068e+01,2.379946e+01,2.360962e+01,2.350778e+01,2.349419e+01,2.330379e+01,2.322890e+01,2.316758e+01,2.288777e+01,2.288094e+01,2.277837e+01,2.257294e+01,2.249751e+01,2.257294e+01,2.233274e+01,2.194035e+01,2.181612e+01,2.184374e+01,2.191965e+01,2.188516e+01,2.195414e+01,2.180922e+01,2.187135e+01,2.201619e+01,2.187135e+01,2.192655e+01,2.199551e+01,2.211952e+01,2.210575e+01,2.227088e+01,2.200241e+01,2.205754e+01,2.203687e+01,2.202997e+01,2.198862e+01,2.201619e+01,2.204376e+01,2.207820e+01,2.188516e+01,2.203687e+01,2.185065e+01,2.191276e+01,2.192655e+01,2.181612e+01,2.162950e+01,2.174013e+01,2.168483e+01,2.160182e+01,2.169866e+01,2.169866e+01,2.169866e+01,2.179540e+01,2.181612e+01,2.200241e+01,2.185755e+01,2.187825e+01,2.189206e+01,2.191276e+01,2.196104e+01,2.213329e+01,2.191965e+01,2.197483e+01,2.189206e+01,2.191276e+01,2.200241e+01,2.190586e+01,2.185065e+01,2.185065e+01,2.189206e+01,2.191276e+01,2.180922e+01,2.193345e+01,2.185065e+01,2.201619e+01,2.194725e+01,2.202997e+01,2.201619e+01,2.200241e+01,2.168483e+01,2.196104e+01,2.191965e+01,2.195414e+01,2.199551e+01,2.197483e+01,2.198172e+01,2.190586e+01,2.190586e+01,2.182993e+01,2.190586e+01,2.191965e+01,2.191276e+01,2.181612e+01,2.192655e+01,2.182993e+01,2.178159e+01,2.173322e+01,2.168483e+01,2.170557e+01,2.174013e+01,2.177468e+01,2.178159e+01,2.165025e+01,2.153260e+01,2.162950e+01,2.166409e+01,2.156029e+01,2.145639e+01,2.160874e+01,2.154645e+01,2.166409e+01,2.160182e+01,2.162258e+01,2.151875e+01,2.155337e+01,2.153260e+01,2.156029e+01,2.169175e+01,2.172631e+01,2.177468e+01,2.185755e+01,2.182303e+01,2.185755e+01,2.182303e+01,2.201619e+01,2.196793e+01,2.192655e+01,2.192655e+01,2.194035e+01,2.194725e+01,2.190586e+01,2.186445e+01,2.187135e+01,2.185755e+01,2.185065e+01,2.178159e+01,2.191276e+01,2.190586e+01,2.174704e+01,2.188516e+01,2.182993e+01,2.185065e+01,2.185065e+01,2.169866e+01,2.162258e+01,2.188516e+01,2.162258e+01,2.192655e+01,2.176086e+01,2.177468e+01,2.178850e+01,2.182993e+01,2.176777e+01,2.168483e+01,2.176777e+01,2.176086e+01,2.180922e+01,2.183684e+01,2.182303e+01,2.168483e+01,2.168483e+01,2.189896e+01,2.165717e+01,2.160874e+01,2.180231e+01,2.172631e+01,2.174704e+01,2.178850e+01,2.156721e+01,2.160874e+01,2.158106e+01,2.169175e+01,2.149796e+01,2.163642e+01,2.176777e+01,2.176086e+01,2.179540e+01,2.174704e+01,2.173322e+01,2.175395e+01,2.188516e+01,2.176777e+01,2.168483e+01,2.174013e+01,2.169175e+01,2.169866e+01,2.173322e+01,2.168483e+01,2.179540e+01,2.160182e+01,2.162950e+01,2.150489e+01,2.151182e+01,2.174013e+01,2.148411e+01,2.169175e+01,2.128993e+01,2.142867e+01,2.147025e+01,2.147025e+01,2.156029e+01,2.143560e+01,2.145639e+01,2.145639e+01,2.140787e+01,2.138707e+01,2.138707e+01,2.137320e+01,2.134545e+01,2.136626e+01,2.148411e+01,2.138013e+01,2.126217e+01,2.132464e+01,2.144946e+01,2.138013e+01,2.135239e+01,2.154645e+01,2.143560e+01,2.145639e+01,2.144253e+01,2.142867e+01,2.156721e+01,2.142867e+01,2.154645e+01,2.152567e+01,2.151875e+01,2.156721e+01,2.151875e+01,2.158798e+01,2.140094e+01,2.167100e+01,2.153260e+01,2.141480e+01,2.159490e+01,2.149796e+01,2.174013e+01,2.175395e+01,2.155337e+01,2.143560e+01,2.163642e+01,2.156721e+01,2.156029e+01,2.155337e+01,2.151875e+01,2.152567e+01,2.160874e+01,2.151875e+01,2.165025e+01,2.145639e+01,2.168483e+01,2.130382e+01,2.153260e+01,2.156721e+01,2.158798e+01,2.165717e+01,2.169866e+01,2.177468e+01,2.175395e+01,2.173322e+01,2.161566e+01,2.171940e+01
2.144253e+01,2.144253e+01,2.144253e+01,2.162258e+01,2.164334e+01,2.151182e+01,2.148411e+01,2.150489e+01,2.144946e+01,2.147025e+01,2.165025e+01,2.160874e+01,2.156029e+01,2.150489e+01,2.169175e+01,2.158106e+01,2.166409e+01,2.171940e+01,2.168483e+01,2.156721e+01,2.154645e+01,2.173322e+01,2.166409e+01,2.160182e+01,2.170557e+01,2.158798e+01,2.178159e+01,2.173322e+01,2.163642e+01,2.174704e+01,2.168483e+01,2.171248e+01,2.163642e+01,2.168483e+01,2.166409e+01,2.165717e+01,2.165717e+01,2.162258e+01,2.179540e+01,2.161566e+01,2.178159e+01,2.169175e+01,2.181612e+01,2.161566e+01,2.159490e+01,2.169866e+01,2.181612e+01,2.169175e+01,2.171248e+01,2.162258e+01,2.164334e+01,2.154645e+01,2.155337e+01,2.156721e+01,2.160182e+01,2.160874e+01,2.156721e+01,2.156721e+01,2.153260e+01,2.155337e+01,2.160182e+01,2.155337e+01,2.156721e+01,2.160874e+01,2.167100e+01,2.166409e+01,2.153260e+01,2.162258e+01,2.160182e+01,2.155337e+01,2.157414e+01,2.167792e+01,2.161566e+01,2.153260e+01,2.147025e+01,2.153260e+01,2.160874e+01,2.157414e+01,2.162258e+01,2.164334e+01,2.158798e+01,2.158798e+01,2.158798e+01,2.160874e+01,2.160182e+01,2.160182e+01,2.159490e+01,2.156029e+01,2.152567e+01,2.165717e+01,2.153952e+01,2.141480e+01,2.133158e+01,2.091440e+01,2.084470e+01,2.075403e+01,2.069120e+01,2.084470e+01,2.080984e+01,2.076798e+01,2.084470e+01,2.101885e+01,2.078891e+01,2.094923e+01,2.097709e+01,2.097709e+01,2.093530e+01,2.095619e+01,2.101189e+01,2.108148e+01,2.096316e+01,2.103277e+01,2.103277e+01,2.107452e+01,2.103277e+01,2.104669e+01,2.115101e+01,2.102581e+01,2.104669e+01,2.109539e+01,2.099797e+01,2.113015e+01,2.098405e+01,2.115101e+01,2.101885e+01,2.116491e+01,2.109539e+01,2.110929e+01,2.094226e+01,2.107452e+01,2.111625e+01,2.115796e+01,2.112320e+01,2.119966e+01,2.125522e+01,2.117186e+01,2.131770e+01,2.133158e+01,2.128993e+01,2.127605e+01,2.131770e+01,2.131770e+01,2.146332e+01,2.142867e+01,2.143560e+01,2.133158e+01,2.151875e+01,2.153260e+01,2.153260e+01,2.151182e+01,2.152567e+01,2.140094e+01,2.146332e+01,2.142174e+01,2.151182e+01,2.155337e+01,2.154645e+01,2.151182e+01,2.150489e+01,2.125522e+01,2.138013e+01,2.135239e+01,2.114406e+01,2.118576e+01,2.121355e+01,2.110929e+01,2.096316e+01,2.106061e+01,2.087259e+01,2.094226e+01,2.092833e+01,2.113711e+01,2.113711e+01,2.153952e+01,2.171940e+01,2.187135e+01,2.190586e+01,2.186445e+01,2.202308e+01,2.213329e+01,2.207820e+01,2.204376e+01,2.191965e+01,2.214706e+01,2.203687e+01,2.200930e+01,2.209886e+01,2.210575e+01,2.210575e+01,2.206442e+01,2.208509e+01,2.209886e+01,2.205065e+01,2.207820e+01,2.205754e+01,2.208509e+01,2.204376e+01,2.208509e+01,2.207820e+01,2.200241e+01,2.204376e+01,2.206442e+01,2.212641e+01,2.199551e+01,2.205065e+01,2.205754e+01,2.201619e+01,2.199551e+01,2.200241e+01,2.190586e+01,2.195414e+01,2.196793e+01,2.209198e+01,2.209198e+01,2.195414e+01,2.199551e+01,2.205065e+01,2.194725e+01,2.215394e+01,2.200930e+01,2.202997e+01,2.202997e+01,2.202308e+01,2.206442e+01,2.200930e+01,2.209886e+01,2.203687e+01,2.202997e+01,2.207131e+01,2.177468e+01,2.188516e+01,2.184374e+01,2.164334e+01,2.147718e+01,2.129688e+01,2.108148e+01,2.136626e+01,2.131770e+01,2.130382e+01,2.139400e+01,2.143560e+01,2.126217e+01,2.142867e+01,2.140787e+01,2.151875e+01,2.142867e+01,2.139400e+01,2.150489e+01,2.133851e+01,2.143560e+01,2.144946e+01,2.136626e+01,2.138013e+01,2.138707e+01,2.139400e+01,2.145639e+01,2.137320e+01,2.145639e+01,2.135239e+01,2.147025e+01,2.148411e+01,2.132464e+01,2.128299e+01,2.135933e+01,2.128993e+01,2.121355e+01,2.124828e+01,2.115796e+01,2.114406e+01,2.115101e+01,2.120660e+01,2.110929e+01,2.110234e+01,2.106061e+01,2.119966e+01,2.114406e+01,2.107452e+01,2.110929e+01,2.108148e+01,2.110234e+01,2.108843e+01,2.106756e+01,2.108148e+01,2.113015e+01,2.106756e+01,2.113711e+01,2.105365e+01,2.115796e+01,2.127605e+01,2.121355e+01,2.115796e+01,2.122744e+01,2.116491e+01,2.121355e+01,2.127605e+01,2.127605e+01,2.128993e+01,2.126911e+01,2.133851e+01,2.144253e+01,2.122050e+01,2.135239e+01,2.131076e+01,2.125522e+01,2.133158e+01,2.133851e+01,2.117186e+01,2.128299e+01,2.127605e+01,2.128299e+01,2.126217e+01,2.120660e+01,2.115796e+01,2.124133e+01,2.131076e+01,2.128993e+01,2.171248e+01,2.171940e+01,2.195414e+01,2.181612e+01,2.187135e+01,2.185065e+01,2.185755e+01,2.186445e+01,2.170557e+01,2.186445e+01,2.185755e+01,2.168483e+01,2.167100e+01,2.169175e+01,2.149796e+01,2.138707e+01,2.123439e+01,2.117881e+01,2.117881e+01,2.118576e+01,2.119271e+01,2.119966e+01,2.110234e+01,2.113711e+01,2.114406e+01,2.128299e+01,2.126217e+01,2.133158e+01,2.133851e+01,2.146332e+01,2.163642e+01,2.174704e+01,2.156029e+01,2.141480e+01,2.140787e+01,2.121355e+01,2.128993e+01,2.117881e+01,2.121355e+01,2.111625e+01,2.106061e+01,2.105365e+01,2.118576e+01,2.118576e+01,2.122744e+01,2.113711e+01,2.113015e+01,2.131076e+01,2.123439e+01,2.138013e+01,2.136626e+01,2.135933e+01,2.144253e+01,2.142174e+01,2.135933e+01,2.151875e+01,2.147718e+01,2.209198e+01,2.264146e+01,2.363676e+01,2.388748e+01,2.377914e+01,2.382655e+01,2.410383e+01,2.390102e+01,2.386041e+01,2.371814e+01,2.383332e+01,2.382655e+01,2.341264e+01,2.318802e+01,2.318802e+01,2.314031e+01,2.290144e+01,2.282625e+01,2.275785e+01,2.250437e+01,2.249065e+01,2.194035e+01,2.190586e+01,2.197483e+01,2.178850e+01,2.191965e+01,2.196104e+01,2.198862e+01,2.200241e+01,2.185065e+01,2.191965e+01,2.195414e+01,2.200930e+01,2.211263e+01,2.198172e+01,2.202308e+01,2.203687e+01,2.209198e+01,2.208509e+01,2.205754e+01,2.202308e+01,2.198862e+01,2.194035e+01,2.201619e+01,2.198862e+01,2.194725e+01,2.186445e+01,2.198172e+01,2.184374e+01,2.180922e+01,2.160182e+01,2.186445e+01,2.162258e+01,2.174013e+01,2.167100e+01,2.168483e+01,2.165717e+01,2.183684e+01,2.185065e+01,2.185755e+01,2.186445e+01,2.187135e+01,2.187825e+01,2.187825e+01,2.187825e+01,2.193345e+01,2.192655e+01,2.195414e+01,2.193345e+01,2.194725e+01,2.189896e+01,2.180231e+01,2.194725e+01,2.176777e+01,2.182993e+01,2.187135e+01,2.206442e+01,2.194035e+01,2.194725e+01,2.195414e+01,2.193345e+01,2.191965e+01,2.194035e+01,2.191965e+01,2.189206e+01,2.185755e+01,2.185755e+01,2.196793e+01,2.196793e+01,2.196793e+01,2.198172e+01,2.194035e+01,2.189896e+01,2.194725e+01,2.182303e+01,2.189896e+01,2.185065e+01,2.187135e+01,2.193345e+01,2.182993e+01,2.188516e+01,2.178159e+01,2.178159e+01,2.171248e+01,2.173322e+01,2.171940e+01,2.171940e+01,2.167792e+01,2.161566e+01,2.167100e+01,2.178159e+01,2.165025e+01,2.154645e+01,2.158798e+01,2.159490e+01,2.143560e+01,2.154645e+01,2.156029e+01,2.150489e+01,2.144946e+01,2.149796e+01,2.174704e+01,2.191965e+01,2.191965e+01,2.190586e+01,2.189206e+01,2.187135e+01,2.193345e+01,2.185065e+01,2.186445e+01,2.189896e+01,2.182303e+01,2.179540e+01,2.189206e+01,2.191276e+01,2.182303e+01,2.185065e+01,2.169866e+01,2.187135e+01,2.185755e+01,2.187135e+01,2.181612e+01,2.190586e+01,2.174013e+01,2.162950e+01,2.174013e+01,2.171940e+01,2.183684e+01,2.171248e+01,2.178159e+01,2.182993e+01,2.174704e+01,2.175395e+01,2.176086e+01,2.179540e+01,2.176777e+01,2.176086e+01,2.171248e+01,2.181612e+01,2.176777e+01,2.171940e+01,2.183684e+01,2.177468e+01,2.176086e+01,2.184374e+01,2.169175e+01,2.190586e+01,2.167100e+01,2.189896e+01,2.182993e+01,2.175395e+01,2.176086e+01,2.179540e+01,2.182303e+01,2.187825e+01,2.188516e+01,2.171248e+01,2.159490e+01,2.171248e+01,2.176086e+01,2.180922e+01,2.176777e+01,2.181612e+01,2.170557e+01,2.171248e+01,2.182303e+01,2.179540e+01,2.191276e+01,2.180231e+01,2.167792e+01,2.162950e+01,2.169866e+01,2.166409e+01,2.167792e+01,2.161566e+01,2.153952e+01,2.174704e+01,2.156029e+01,2.154645e+01,2.145639e+01,2.156029e+01,2.156029e+01,2.151182e+01,2.149796e+01,2.140094e+01,2.160182e+01,2.146332e+01,2.157414e+01,2.134545e+01,2.153260e+01,2.134545e+01,2.134545e+01,2.158798e+01,2.144253e+01,2.142867e+01,2.149104e+01,2.144946e+01,2.147718e+01,2.147718e+01,2.128993e+01,2.140787e+01,2.109539e+01,2.147718e+01,2.146332e+01,2.153952e+01,2.146332e+01,2.151875e+01,2.142174e+01,2.151875e+01,2.147718e+01,2.149104e+01,2.157414e+01,2.151182e+01,2.154645e+01,2.149796e+01,2.147718e+01,2.157414e+01,2.149796e+01,2.147718e+01,2.153952e+01,2.133158e+01,2.148411e+01,2.147025e+01,2.137320e+01,2.158106e+01,2.166409e+01,2.127605e+01,2.161566e+01,2.141480e+01,2.158798e+01,2.148411e+01,2.151875e+01,2.155337e+01,2.155337e+01,2.146332e+01,2.160874e+01,2.151875e+01,2.158106e+01,2.164334e+01,2.165025e+01,2.160874e+01,2.177468e+01,2.159490e+01,2.155337e+01,2.166409e+01,2.168483e+01,2.174704e+01
2.162950e+01,2.145639e+01,2.144253e+01,2.165025e+01,2.147718e+01,2.151875e+01,2.178159e+01,2.162950e+01,2.151182e+01,2.167792e+01,2.149796e+01,2.156721e+01,2.152567e+01,2.145639e+01,2.159490e+01,2.168483e+01,2.156721e+01,2.174704e+01,2.162258e+01,2.168483e+01,2.165717e+01,2.172631e+01,2.166409e+01,2.165717e+01,2.174704e+01,2.169866e+01,2.169866e+01,2.164334e+01,2.167100e+01,2.180922e+01,2.161566e+01,2.169175e+01,2.166409e+01,2.167792e+01,2.170557e+01,2.158106e+01,2.168483e+01,2.171940e+01,2.171248e+01,2.161566e+01,2.166409e+01,2.160874e+01,2.171248e+01,2.158106e+01,2.172631e+01,2.166409e+01,2.165025e+01,2.163642e+01,2.168483e+01,2.167100e+01,2.169175e+01,2.153952e+01,2.167792e+01,2.153260e+01,2.157414e+01,2.160874e+01,2.159490e+01,2.144253e+01,2.162950e+01,2.158106e+01,2.150489e+01,2.160874e+01,2.165717e+01,2.158798e+01,2.155337e+01,2.161566e+01,2.152567e+01,2.151875e+01,2.152567e+01,2.156029e+01,2.159490e+01,2.144946e+01,2.152567e+01,2.156721e+01,2.152567e+01,2.162950e+01,2.158106e+01,2.165717e+01,2.147025e+01,2.153260e+01,2.158798e+01,2.153260e+01,2.158106e+01,2.160182e+01,2.156029e+01,2.164334e+01,2.167100e+01,2.156721e+01,2.152567e+01,2.150489e+01,2.147718e+01,2.138707e+01,2.125522e+01,2.075403e+01,2.076798e+01,2.076798e+01,2.071913e+01,2.070517e+01,2.083773e+01,2.073309e+01,2.080286e+01,2.085865e+01,2.084470e+01,2.101885e+01,2.101189e+01,2.092833e+01,2.095619e+01,2.119271e+01,2.101885e+01,2.108843e+01,2.105365e+01,2.095619e+01,2.103973e+01,2.105365e+01,2.100493e+01,2.101885e+01,2.095619e+01,2.098405e+01,2.103973e+01,2.109539e+01,2.099797e+01,2.101885e+01,2.116491e+01,2.101885e+01,2.115101e+01,2.114406e+01,2.097012e+01,2.099101e+01,2.110234e+01,2.105365e+01,2.097709e+01,2.109539e+01,2.122744e+01,2.118576e+01,2.118576e+01,2.117881e+01,2.126217e+01,2.131770e+01,2.140787e+01,2.138707e+01,2.130382e+01,2.134545e+01,2.143560e+01,2.133158e+01,2.137320e+01,2.146332e+01,2.150489e+01,2.145639e+01,2.144253e+01,2.148411e+01,2.148411e+01,2.148411e+01,2.153260e+01,2.142174e+01,2.135239e+01,2.134545e+01,2.148411e+01,2.151182e+01,2.132464e+01,2.133158e+01,2.129688e+01,2.144946e+01,2.131770e+01,2.132464e+01,2.099797e+01,2.103973e+01,2.103973e+01,2.093530e+01,2.097012e+01,2.086562e+01,2.107452e+01,2.144253e+01,2.165717e+01,2.191276e+01,2.201619e+01,2.202997e+01,2.196104e+01,2.210575e+01,2.205065e+01,2.214017e+01,2.207820e+01,2.204376e+01,2.207131e+01,2.209886e+01,2.198862e+01,2.214706e+01,2.205754e+01,2.211263e+01,2.207131e+01,2.210575e+01,2.207820e+01,2.211952e+01,2.211952e+01,2.202997e+01,2.209198e+01,2.210575e+01,2.208509e+01,2.203687e+01,2.200241e+01,2.207131e+01,2.203687e+01,2.207820e+01,2.203687e+01,2.200930e+01,2.180922e+01,2.204376e+01,2.202997e+01,2.203687e+01,2.204376e+01,2.200241e+01,2.197483e+01,2.202997e+01,2.201619e+01,2.198172e+01,2.212641e+01,2.201619e+01,2.203687e+01,2.200241e+01,2.201619e+01,2.228463e+01,2.226401e+01,2.202308e+01,2.198862e+01,2.210575e+01,2.220899e+01,2.204376e+01,2.206442e+01,2.208509e+01,2.191965e+01,2.199551e+01,2.180231e+01,2.180922e+01,2.179540e+01,2.151182e+01,2.136626e+01,2.134545e+01,2.124828e+01,2.136626e+01,2.122744e+01,2.145639e+01,2.141480e+01,2.137320e+01,2.137320e+01,2.140787e+01,2.144253e+01,2.147718e+01,2.140094e+01,2.151875e+01,2.144253e+01,2.144253e+01,2.146332e+01,2.146332e+01,2.145639e+01,2.134545e+01,2.135239e+01,2.149104e+01,2.142174e+01,2.133158e+01,2.135239e+01,2.135933e+01,2.149104e+01,2.124133e+01,2.132464e+01,2.124828e+01,2.125522e+01,2.127605e+01,2.127605e+01,2.124828e+01,2.122744e+01,2.126217e+01,2.119966e+01,2.121355e+01,2.114406e+01,2.103973e+01,2.102581e+01,2.110234e+01,2.113015e+01,2.100493e+01,2.112320e+01,2.094923e+01,2.110234e+01,2.106756e+01,2.105365e+01,2.113015e+01,2.110234e+01,2.111625e+01,2.103973e+01,2.111625e+01,2.119271e+01,2.110234e+01,2.114406e+01,2.125522e+01,2.125522e+01,2.122744e+01,2.119966e+01,2.120660e+01,2.113711e+01,2.107452e+01,2.126911e+01,2.131770e+01,2.125522e+01,2.126217e+01,2.133158e+01,2.122744e+01,2.128299e+01,2.127605e+01,2.128993e+01,2.120660e+01,2.124133e+01,2.128299e+01,2.125522e+01,2.113015e+01,2.121355e+01,2.134545e+01,2.163642e+01,2.173322e+01,2.186445e+01,2.189896e+01,2.190586e+01,2.195414e+01,2.199551e+01,2.193345e+01,2.202308e+01,2.194035e+01,2.191965e+01,2.188516e+01,2.182303e+01,2.184374e+01,2.174013e+01,2.135239e+01,2.144946e+01,2.130382e+01,2.131770e+01,2.147025e+01,2.114406e+01,2.119271e+01,2.117881e+01,2.111625e+01,2.118576e+01,2.115101e+01,2.118576e+01,2.122744e+01,2.123439e+01,2.130382e+01,2.147025e+01,2.145639e+01,2.145639e+01,2.146332e+01,2.125522e+01,2.122744e+01,2.119271e+01,2.105365e+01,2.115796e+01,2.111625e+01,2.108148e+01,2.115796e+01,2.108148e+01,2.116491e+01,2.115101e+01,2.115796e+01,2.118576e+01,2.117186e+01,2.115796e+01,2.124133e+01,2.131770e+01,2.135239e+01,2.135933e+01,2.141480e+01,2.144253e+01,2.146332e+01,2.147718e+01,2.174704e+01,2.222962e+01,2.343983e+01,2.416460e+01,2.442752e+01,2.438711e+01,2.441405e+01,2.409032e+01,2.430625e+01,2.432647e+01,2.413760e+01,2.409708e+01,2.394161e+01,2.385364e+01,2.383332e+01,2.340584e+01,2.339224e+01,2.321527e+01,2.318802e+01,2.298340e+01,2.277153e+01,2.285360e+01,2.276469e+01,2.229838e+01,2.204376e+01,2.185755e+01,2.191276e+01,2.178850e+01,2.195414e+01,2.176086e+01,2.197483e+01,2.196104e+01,2.205754e+01,2.208509e+01,2.205065e+01,2.209198e+01,2.213329e+01,2.201619e+01,2.200930e+01,2.209198e+01,2.204376e+01,2.204376e+01,2.202308e+01,2.200930e+01,2.205754e+01,2.199551e+01,2.214017e+01,2.187825e+01,2.188516e+01,2.196104e+01,2.182303e+01,2.184374e+01,2.176777e+01,2.180922e+01,2.165717e+01,2.174704e+01,2.176777e+01,2.169866e+01,2.175395e+01,2.171248e+01,2.172631e+01,2.183684e+01,2.186445e+01,2.185755e+01,2.186445e+01,2.198862e+01,2.196104e+01,2.220211e+01,2.191276e+01,2.192655e+01,2.190586e+01,2.199551e+01,2.191276e+01,2.184374e+01,2.187825e+01,2.185755e+01,2.180922e+01,2.183684e+01,2.180922e+01,2.185065e+01,2.206442e+01,2.189206e+01,2.198172e+01,2.202997e+01,2.200930e+01,2.192655e+01,2.194725e+01,2.196793e+01,2.195414e+01,2.191965e+01,2.192655e+01,2.199551e+01,2.198172e+01,2.191276e+01,2.196104e+01,2.191276e+01,2.180922e+01,2.187825e+01,2.177468e+01,2.179540e+01,2.172631e+01,2.180231e+01,2.172631e+01,2.182993e+01,2.180922e+01,2.174013e+01,2.163642e+01,2.172631e+01,2.170557e+01,2.169866e+01,2.159490e+01,2.167792e+01,2.161566e+01,2.164334e+01,2.164334e+01,2.162950e+01,2.163642e+01,2.162950e+01,2.155337e+01,2.158798e+01,2.156721e+01,2.153260e+01,2.153260e+01,2.192655e+01,2.191276e+01,2.189206e+01,2.196104e+01,2.186445e+01,2.187825e+01,2.194725e+01,2.196793e+01,2.202308e+01,2.185755e+01,2.199551e+01,2.184374e+01,2.196793e+01,2.183684e+01,2.187825e+01,2.204376e+01,2.187825e+01,2.193345e+01,2.187135e+01,2.185755e+01,2.189206e+01,2.189896e+01,2.178159e+01,2.177468e+01,2.186445e+01,2.185065e+01,2.178850e+01,2.181612e+01,2.172631e+01,2.173322e+01,2.183684e+01,2.197483e+01,2.180922e+01,2.177468e+01,2.176086e+01,2.180231e+01,2.176777e+01,2.170557e+01,2.173322e+01,2.185065e+01,2.183684e+01,2.182303e+01,2.171940e+01,2.169866e+01,2.174704e+01,2.187135e+01,2.170557e+01,2.160874e+01,2.175395e+01,2.198862e+01,2.177468e+01,2.177468e+01,2.178159e+01,2.178159e+01,2.185065e+01,2.186445e+01,2.173322e+01,2.174013e+01,2.173322e+01,2.187825e+01,2.178850e+01,2.162950e+01,2.172631e+01,2.180922e+01,2.185065e+01,2.182303e+01,2.170557e+01,2.175395e+01,2.171940e+01,2.168483e+01,2.180231e+01,2.169866e+01,2.170557e+01,2.162258e+01,2.166409e+01,2.145639e+01,2.164334e+01,2.143560e+01,2.160182e+01,2.155337e+01,2.162258e+01,2.155337e+01,2.144946e+01,2.145639e+01,2.141480e+01,2.143560e+01,2.141480e+01,2.151182e+01,2.140094e+01,2.133851e+01,2.150489e+01,2.124828e+01,2.132464e+01,2.149104e+01,2.131076e+01,2.128993e+01,2.142867e+01,2.144253e+01,2.130382e+01,2.138013e+01,2.147025e+01,2.146332e+01,2.147025e+01,2.154645e+01,2.138707e+01,2.141480e+01,2.159490e+01,2.155337e+01,2.151875e+01,2.144253e+01,2.147025e+01,2.151875e+01,2.144253e+01,2.147025e+01,2.155337e+01,2.142867e+01,2.138013e+01,2.134545e+01,2.143560e+01,2.143560e+01,2.145639e+01,2.167792e+01,2.146332e+01,2.148411e+01,2.138707e+01,2.152567e+01,2.155337e+01,2.156029e+01,2.150489e+01,2.144253e+01,2.160874e+01,2.154645e+01,2.156029e+01,2.159490e+01,2.153260e+01,2.158106e+01,2.157414e+01,2.160874e+01,2.156029e+01,2.160182e+01,2.156721e+01,2.159490e+01,2.158798e+01,2.158106e+01,2.158798e+01,2.155337e+01
2.156721e+01,2.145639e+01,2.158106e+01,2.142867e+01,2.142174e+01,2.143560e+01,2.147718e+01,2.149796e+01,2.147718e+01,2.165717e+01,2.151875e+01,2.165717e+01,2.170557e+01,2.173322e+01,2.170557e+01,2.170557e+01,2.174013e+01,2.174013e+01,2.166409e+01,2.153952e+01,2.157414e+01,2.155337e+01,2.169866e+01,2.171248e+01,2.169175e+01,2.177468e+01,2.180922e+01,2.180922e+01,2.168483e+01,2.180922e+01,2.199551e+01,2.160182e+01,2.165717e+01,2.166409e+01,2.177468e+01,2.160874e+01,2.172631e+01,2.161566e+01,2.160874e+01,2.149796e+01,2.174013e+01,2.163642e+01,2.158798e+01,2.165717e+01,2.151875e+01,2.158798e+01,2.159490e+01,2.178850e+01,2.156029e+01,2.165717e+01,2.165025e+01,2.158798e+01,2.156721e+01,2.157414e+01,2.180922e+01,2.153952e+01,2.178850e+01,2.162258e+01,2.176777e+01,2.158798e+01,2.153952e+01,2.162258e+01,2.151875e+01,2.153260e+01,2.153952e+01,2.165717e+01,2.151875e+01,2.152567e+01,2.138013e+01,2.160874e+01,2.153952e+01,2.160182e+01,2.149796e+01,2.165025e+01,2.154645e+01,2.160182e+01,2.163642e+01,2.146332e+01,2.165717e+01,2.164334e+01,2.167100e+01,2.156721e+01,2.156029e+01,2.152567e+01,2.174013e+01,2.158798e+01,2.156029e+01,2.158798e+01,2.153260e+01,2.151875e+01,2.153260e+01,2.150489e+01,2.133158e+01,2.077496e+01,2.059340e+01,2.066327e+01,2.071913e+01,2.081681e+01,2.080984e+01,2.076798e+01,2.090743e+01,2.079589e+01,2.081681e+01,2.098405e+01,2.098405e+01,2.096316e+01,2.099101e+01,2.094923e+01,2.096316e+01,2.092137e+01,2.104669e+01,2.087956e+01,2.098405e+01,2.101189e+01,2.090047e+01,2.102581e+01,2.092137e+01,2.099797e+01,2.095619e+01,2.102581e+01,2.094226e+01,2.097012e+01,2.091440e+01,2.094923e+01,2.097709e+01,2.099797e+01,2.110234e+01,2.103277e+01,2.099797e+01,2.103973e+01,2.097012e+01,2.097709e+01,2.098405e+01,2.099797e+01,2.119271e+01,2.121355e+01,2.124828e+01,2.115101e+01,2.124133e+01,2.124828e+01,2.129688e+01,2.131770e+01,2.131770e+01,2.133851e+01,2.135239e+01,2.130382e+01,2.141480e+01,2.144253e+01,2.143560e+01,2.149796e+01,2.144946e+01,2.151875e+01,2.135933e+01,2.138013e+01,2.135933e+01,2.153952e+01,2.147025e+01,2.131076e+01,2.135933e+01,2.123439e+01,2.119271e+01,2.120660e+01,2.125522e+01,2.107452e+01,2.108148e+01,2.106061e+01,2.085865e+01,2.091440e+01,2.095619e+01,2.111625e+01,2.134545e+01,2.183684e+01,2.187135e+01,2.182993e+01,2.207820e+01,2.208509e+01,2.207131e+01,2.211263e+01,2.206442e+01,2.215394e+01,2.198862e+01,2.206442e+01,2.205754e+01,2.200930e+01,2.196104e+01,2.211952e+01,2.214706e+01,2.221587e+01,2.207820e+01,2.216771e+01,2.206442e+01,2.207131e+01,2.207820e+01,2.207820e+01,2.201619e+01,2.199551e+01,2.205754e+01,2.204376e+01,2.205754e+01,2.204376e+01,2.207820e+01,2.202997e+01,2.200930e+01,2.208509e+01,2.207820e+01,2.201619e+01,2.210575e+01,2.202308e+01,2.189896e+01,2.201619e+01,2.212641e+01,2.205065e+01,2.218147e+01,2.202308e+01,2.202997e+01,2.200930e+01,2.211263e+01,2.201619e+01,2.206442e+01,2.199551e+01,2.199551e+01,2.200241e+01,2.220899e+01,2.197483e+01,2.192655e+01,2.202997e+01,2.193345e+01,2.188516e+01,2.187825e+01,2.181612e+01,2.180231e+01,2.168483e+01,2.176086e+01,2.165025e+01,2.131770e+01,2.124828e+01,2.135239e+01,2.133158e+01,2.125522e+01,2.143560e+01,2.147025e+01,2.127605e+01,2.147025e+01,2.140787e+01,2.127605e+01,2.147718e+01,2.147025e+01,2.143560e+01,2.148411e+01,2.140094e+01,2.134545e+01,2.137320e+01,2.135239e+01,2.140787e+01,2.131076e+01,2.140094e+01,2.140787e+01,2.138707e+01,2.128993e+01,2.143560e+01,2.126217e+01,2.125522e+01,2.132464e+01,2.131076e+01,2.130382e+01,2.125522e+01,2.126911e+01,2.122050e+01,2.121355e+01,2.116491e+01,2.113711e+01,2.108148e+01,2.095619e+01,2.100493e+01,2.106061e+01,2.098405e+01,2.115101e+01,2.101189e+01,2.102581e+01,2.110234e+01,2.103973e+01,2.100493e+01,2.106756e+01,2.097709e+01,2.098405e+01,2.130382e+01,2.109539e+01,2.108843e+01,2.114406e+01,2.102581e+01,2.106061e+01,2.122744e+01,2.120660e+01,2.117186e+01,2.124828e+01,2.122744e+01,2.125522e+01,2.127605e+01,2.129688e+01,2.124133e+01,2.122050e+01,2.134545e+01,2.126911e+01,2.125522e+01,2.133158e+01,2.128299e+01,2.129688e+01,2.127605e+01,2.116491e+01,2.128299e+01,2.119271e+01,2.122050e+01,2.133851e+01,2.178159e+01,2.177468e+01,2.183684e+01,2.190586e+01,2.196793e+01,2.191965e+01,2.194725e+01,2.196104e+01,2.191965e+01,2.202308e+01,2.194725e+01,2.187135e+01,2.178159e+01,2.180231e+01,2.171940e+01,2.167792e+01,2.166409e+01,2.132464e+01,2.130382e+01,2.137320e+01,2.127605e+01,2.118576e+01,2.126217e+01,2.117186e+01,2.112320e+01,2.108148e+01,2.111625e+01,2.116491e+01,2.116491e+01,2.126217e+01,2.126911e+01,2.116491e+01,2.131076e+01,2.111625e+01,2.107452e+01,2.113711e+01,2.103277e+01,2.099101e+01,2.103973e+01,2.092833e+01,2.104669e+01,2.106061e+01,2.111625e+01,2.102581e+01,2.110929e+01,2.117881e+01,2.115101e+01,2.129688e+01,2.117186e+01,2.119271e+01,2.125522e+01,2.138707e+01,2.133158e+01,2.138013e+01,2.142174e+01,2.140094e+01,2.150489e+01,2.148411e+01,2.162950e+01,2.288094e+01,2.416460e+01,2.475691e+01,2.470321e+01,2.473677e+01,2.471663e+01,2.434669e+01,2.452846e+01,2.464947e+01,2.450828e+01,2.430625e+01,2.411059e+01,2.394838e+01,2.388748e+01,2.365711e+01,2.361641e+01,2.342623e+01,2.335143e+01,2.315395e+01,2.308576e+01,2.292877e+01,2.290144e+01,2.248379e+01,2.202308e+01,2.187135e+01,2.198172e+01,2.176086e+01,2.194035e+01,2.196104e+01,2.184374e+01,2.185755e+01,2.198862e+01,2.211952e+01,2.186445e+01,2.200930e+01,2.211952e+01,2.214017e+01,2.200930e+01,2.202997e+01,2.205065e+01,2.207820e+01,2.202308e+01,2.207820e+01,2.204376e+01,2.199551e+01,2.205065e+01,2.202997e+01,2.193345e+01,2.200241e+01,2.178850e+01,2.186445e+01,2.177468e+01,2.188516e+01,2.160182e+01,2.169175e+01,2.173322e+01,2.163642e+01,2.161566e+01,2.175395e+01,2.180922e+01,2.176086e+01,2.187825e+01,2.182303e+01,2.188516e+01,2.181612e+01,2.196793e+01,2.187825e+01,2.182303e+01,2.194035e+01,2.189896e+01,2.176777e+01,2.175395e+01,2.174013e+01,2.184374e+01,2.175395e+01,2.186445e+01,2.182993e+01,2.202308e+01,2.196793e+01,2.196793e+01,2.196104e+01,2.194725e+01,2.189896e+01,2.189206e+01,2.196793e+01,2.178159e+01,2.196104e+01,2.194035e+01,2.189206e+01,2.202308e+01,2.183684e+01,2.190586e+01,2.199551e+01,2.191276e+01,2.191276e+01,2.192655e+01,2.198862e+01,2.190586e+01,2.184374e+01,2.178159e+01,2.187135e+01,2.177468e+01,2.180922e+01,2.166409e+01,2.160874e+01,2.174704e+01,2.170557e+01,2.162258e+01,2.167792e+01,2.174704e+01,2.160182e+01,2.160874e+01,2.163642e+01,2.153260e+01,2.167100e+01,2.163642e+01,2.165025e+01,2.162258e+01,2.162950e+01,2.154645e+01,2.159490e+01,2.153952e+01,2.168483e+01,2.173322e+01,2.187825e+01,2.190586e+01,2.193345e+01,2.194725e+01,2.197483e+01,2.200241e+01,2.194035e+01,2.187825e+01,2.184374e+01,2.187135e+01,2.191965e+01,2.182303e+01,2.190586e+01,2.182303e+01,2.189206e+01,2.197483e+01,2.177468e+01,2.182303e+01,2.179540e+01,2.190586e+01,2.180922e+01,2.189206e+01,2.173322e+01,2.181612e+01,2.184374e+01,2.167100e+01,2.174704e+01,2.182993e+01,2.181612e+01,2.189896e+01,2.187135e+01,2.178850e+01,2.180922e+01,2.183684e+01,2.181612e+01,2.185755e+01,2.178850e+01,2.181612e+01,2.179540e+01,2.174013e+01,2.178159e+01,2.184374e+01,2.176777e+01,2.178850e+01,2.178159e+01,2.188516e+01,2.179540e+01,2.182303e+01,2.185755e+01,2.180922e+01,2.188516e+01,2.182993e+01,2.187135e+01,2.173322e+01,2.178850e+01,2.169175e+01,2.174704e+01,2.171248e+01,2.177468e+01,2.173322e+01,2.184374e+01,2.182993e+01,2.185065e+01,2.180231e+01,2.181612e+01,2.171940e+01,2.180231e+01,2.180922e+01,2.171248e+01,2.165025e+01,2.165025e+01,2.160874e+01,2.174013e+01,2.162950e+01,2.165717e+01,2.158798e+01,2.153260e+01,2.152567e+01,2.162950e+01,2.147718e+01,2.145639e+01,2.142867e+01,2.167100e+01,2.141480e+01,2.136626e+01,2.149796e+01,2.144946e+01,2.146332e+01,2.144946e+01,2.129688e+01,2.134545e+01,2.166409e+01,2.140787e+01,2.138013e+01,2.136626e+01,2.141480e+01,2.144946e+01,2.138707e+01,2.151875e+01,2.138707e+01,2.143560e+01,2.144946e+01,2.147025e+01,2.131076e+01,2.153260e+01,2.150489e+01,2.147718e+01,2.142174e+01,2.147025e+01,2.157414e+01,2.143560e+01,2.138013e+01,2.167100e+01,2.151182e+01,2.143560e+01,2.147718e+01,2.155337e+01,2.152567e+01,2.144946e+01,2.147025e+01,2.149796e+01,2.146332e+01,2.134545e+01,2.145639e+01,2.145639e+01,2.147718e+01,2.154645e+01,2.160874e+01,2.160874e+01,2.147718e+01,2.157414e+01,2.156029e+01,2.148411e+01,2.144253e+01,2.151182e+01,2.158798e+01,2.156721e+01,2.158798e+01,2.154645e+01,2.156721e+01,2.158798e+01,2.156029e+01,2.160182e+01,2.153260e+01
2.143560e+01,2.148411e+01,2.151182e+01,2.140094e+01,2.157414e+01,2.142174e+01,2.147025e+01,2.160874e+01,2.169175e+01,2.160182e+01,2.163642e+01,2.171248e+01,2.153952e+01,2.151182e+01,2.150489e+01,2.152567e+01,2.162950e+01,2.174013e+01,2.157414e+01,2.161566e+01,2.170557e+01,2.161566e+01,2.171248e+01,2.171940e+01,2.167100e+01,2.166409e+01,2.161566e+01,2.172631e+01,2.175395e+01,2.174013e+01,2.167792e+01,2.164334e+01,2.172631e+01,2.168483e+01,2.167792e+01,2.156721e+01,2.165025e+01,2.151875e+01,2.178159e+01,2.171940e+01,2.154645e+01,2.156029e+01,2.170557e+01,2.156029e+01,2.175395e+01,2.174704e+01,2.174013e+01,2.160182e+01,2.153952e+01,2.158106e+01,2.168483e+01,2.153260e+01,2.157414e+01,2.154645e+01,2.153952e+01,2.166409e+01,2.153260e+01,2.159490e+01,2.156029e+01,2.172631e+01,2.148411e+01,2.151875e+01,2.150489e+01,2.160874e+01,2.156721e+01,2.156029e+01,2.151875e+01,2.164334e+01,2.157414e+01,2.143560e+01,2.161566e+01,2.162950e+01,2.169175e+01,2.149796e+01,2.167100e+01,2.153952e+01,2.152567e+01,2.163642e+01,2.149796e+01,2.162950e+01,2.157414e+01,2.171940e+01,2.163642e+01,2.166409e+01,2.151875e+01,2.166409e+01,2.157414e+01,2.174013e+01,2.156029e+01,2.145639e+01,2.150489e+01,2.131770e+01,2.107452e+01,2.070517e+01,2.055145e+01,2.060737e+01,2.064231e+01,2.079589e+01,2.083076e+01,2.079589e+01,2.080984e+01,2.078891e+01,2.082378e+01,2.087956e+01,2.094923e+01,2.097709e+01,2.093530e+01,2.092137e+01,2.093530e+01,2.098405e+01,2.094226e+01,2.090743e+01,2.094923e+01,2.086562e+01,2.100493e+01,2.103277e+01,2.085168e+01,2.106061e+01,2.094226e+01,2.106756e+01,2.085168e+01,2.090047e+01,2.093530e+01,2.096316e+01,2.101189e+01,2.099797e+01,2.101885e+01,2.100493e+01,2.098405e+01,2.099101e+01,2.095619e+01,2.094226e+01,2.103973e+01,2.101885e+01,2.106061e+01,2.135933e+01,2.123439e+01,2.121355e+01,2.122744e+01,2.135239e+01,2.122050e+01,2.136626e+01,2.128993e+01,2.129688e+01,2.155337e+01,2.128993e+01,2.126217e+01,2.142174e+01,2.145639e+01,2.145639e+01,2.141480e+01,2.136626e+01,2.151182e+01,2.133851e+01,2.150489e+01,2.150489e+01,2.130382e+01,2.124828e+01,2.129688e+01,2.148411e+01,2.118576e+01,2.119966e+01,2.110929e+01,2.106756e+01,2.092833e+01,2.087956e+01,2.074705e+01,2.073309e+01,2.100493e+01,2.141480e+01,2.185755e+01,2.202308e+01,2.201619e+01,2.204376e+01,2.198172e+01,2.201619e+01,2.215394e+01,2.202308e+01,2.203687e+01,2.214017e+01,2.208509e+01,2.215394e+01,2.208509e+01,2.211263e+01,2.212641e+01,2.202308e+01,2.216771e+01,2.207131e+01,2.194725e+01,2.207131e+01,2.211263e+01,2.209198e+01,2.209886e+01,2.204376e+01,2.214706e+01,2.226401e+01,2.211263e+01,2.209886e+01,2.208509e+01,2.207131e+01,2.210575e+01,2.212641e+01,2.209198e+01,2.209886e+01,2.210575e+01,2.207131e+01,2.204376e+01,2.198172e+01,2.194725e+01,2.208509e+01,2.216082e+01,2.219523e+01,2.205065e+01,2.209198e+01,2.213329e+01,2.207820e+01,2.205065e+01,2.210575e+01,2.201619e+01,2.211263e+01,2.200241e+01,2.198862e+01,2.189206e+01,2.192655e+01,2.191965e+01,2.188516e+01,2.185065e+01,2.183684e+01,2.181612e+01,2.185065e+01,2.162258e+01,2.168483e+01,2.165717e+01,2.141480e+01,2.141480e+01,2.133851e+01,2.125522e+01,2.123439e+01,2.122744e+01,2.130382e+01,2.146332e+01,2.141480e+01,2.147025e+01,2.144253e+01,2.142867e+01,2.144946e+01,2.143560e+01,2.142867e+01,2.142174e+01,2.143560e+01,2.143560e+01,2.141480e+01,2.136626e+01,2.129688e+01,2.131770e+01,2.138013e+01,2.142174e+01,2.138013e+01,2.121355e+01,2.125522e+01,2.140787e+01,2.124828e+01,2.131770e+01,2.132464e+01,2.126217e+01,2.129688e+01,2.127605e+01,2.113015e+01,2.122050e+01,2.117881e+01,2.115796e+01,2.115101e+01,2.108148e+01,2.102581e+01,2.101189e+01,2.094923e+01,2.099101e+01,2.104669e+01,2.103277e+01,2.103277e+01,2.103277e+01,2.109539e+01,2.099101e+01,2.106756e+01,2.108843e+01,2.104669e+01,2.108148e+01,2.103973e+01,2.109539e+01,2.112320e+01,2.100493e+01,2.122744e+01,2.108148e+01,2.122050e+01,2.124133e+01,2.127605e+01,2.125522e+01,2.124133e+01,2.125522e+01,2.143560e+01,2.126217e+01,2.124828e+01,2.135933e+01,2.134545e+01,2.131076e+01,2.129688e+01,2.126911e+01,2.133158e+01,2.129688e+01,2.119966e+01,2.128993e+01,2.158106e+01,2.173322e+01,2.177468e+01,2.178159e+01,2.197483e+01,2.176086e+01,2.180922e+01,2.186445e+01,2.186445e+01,2.200241e+01,2.194035e+01,2.203687e+01,2.200241e+01,2.185065e+01,2.181612e+01,2.189206e+01,2.172631e+01,2.178850e+01,2.178850e+01,2.141480e+01,2.144253e+01,2.127605e+01,2.119966e+01,2.107452e+01,2.117186e+01,2.116491e+01,2.115101e+01,2.119966e+01,2.115101e+01,2.110234e+01,2.114406e+01,2.115101e+01,2.117881e+01,2.113711e+01,2.106061e+01,2.113711e+01,2.106756e+01,2.111625e+01,2.105365e+01,2.090743e+01,2.099797e+01,2.103973e+01,2.099797e+01,2.105365e+01,2.115101e+01,2.102581e+01,2.108148e+01,2.122744e+01,2.121355e+01,2.123439e+01,2.122050e+01,2.137320e+01,2.147025e+01,2.149796e+01,2.152567e+01,2.182303e+01,2.153260e+01,2.153260e+01,2.151875e+01,2.150489e+01,2.181612e+01,2.306530e+01,2.462931e+01,2.483072e+01,2.487095e+01,2.487095e+01,2.495137e+01,2.486425e+01,2.462931e+01,2.485084e+01,2.466291e+01,2.462931e+01,2.438711e+01,2.438038e+01,2.438711e+01,2.397543e+01,2.384687e+01,2.365033e+01,2.356890e+01,2.341264e+01,2.343983e+01,2.328337e+01,2.313350e+01,2.279889e+01,2.229151e+01,2.184374e+01,2.190586e+01,2.185065e+01,2.194725e+01,2.196793e+01,2.182303e+01,2.194725e+01,2.200930e+01,2.202308e+01,2.209198e+01,2.203687e+01,2.210575e+01,2.203687e+01,2.199551e+01,2.215394e+01,2.199551e+01,2.213329e+01,2.212641e+01,2.198862e+01,2.203687e+01,2.218147e+01,2.202308e+01,2.188516e+01,2.198172e+01,2.188516e+01,2.189206e+01,2.182303e+01,2.178850e+01,2.180922e+01,2.176086e+01,2.165717e+01,2.172631e+01,2.176086e+01,2.175395e+01,2.189896e+01,2.182993e+01,2.183684e+01,2.188516e+01,2.182303e+01,2.196793e+01,2.190586e+01,2.193345e+01,2.177468e+01,2.195414e+01,2.194725e+01,2.197483e+01,2.182993e+01,2.190586e+01,2.178159e+01,2.178159e+01,2.185755e+01,2.186445e+01,2.171248e+01,2.187825e+01,2.193345e+01,2.189206e+01,2.191276e+01,2.195414e+01,2.187825e+01,2.189206e+01,2.189896e+01,2.189206e+01,2.190586e+01,2.197483e+01,2.187825e+01,2.191276e+01,2.186445e+01,2.198172e+01,2.194725e+01,2.184374e+01,2.192655e+01,2.190586e+01,2.179540e+01,2.196104e+01,2.191965e+01,2.191965e+01,2.178850e+01,2.190586e+01,2.181612e+01,2.181612e+01,2.171248e+01,2.175395e+01,2.173322e+01,2.171940e+01,2.173322e+01,2.165717e+01,2.169866e+01,2.158106e+01,2.165717e+01,2.169866e+01,2.166409e+01,2.158106e+01,2.171248e+01,2.161566e+01,2.160182e+01,2.157414e+01,2.154645e+01,2.157414e+01,2.154645e+01,2.156721e+01,2.164334e+01,2.170557e+01,2.161566e+01,2.189206e+01,2.195414e+01,2.194035e+01,2.193345e+01,2.186445e+01,2.201619e+01,2.192655e+01,2.196104e+01,2.182993e+01,2.183684e+01,2.187135e+01,2.196104e+01,2.194035e+01,2.179540e+01,2.192655e+01,2.178850e+01,2.175395e+01,2.188516e+01,2.176777e+01,2.180231e+01,2.184374e+01,2.187825e+01,2.181612e+01,2.182303e+01,2.174704e+01,2.178159e+01,2.186445e+01,2.177468e+01,2.181612e+01,2.184374e+01,2.174013e+01,2.194035e+01,2.173322e+01,2.172631e+01,2.182993e+01,2.169175e+01,2.187825e+01,2.184374e+01,2.174013e+01,2.186445e+01,2.185065e+01,2.178159e+01,2.189206e+01,2.184374e+01,2.177468e+01,2.180231e+01,2.176777e+01,2.177468e+01,2.189896e+01,2.186445e+01,2.183684e+01,2.176086e+01,2.182303e+01,2.182303e+01,2.180922e+01,2.182303e+01,2.178159e+01,2.184374e+01,2.179540e+01,2.183684e+01,2.174704e+01,2.186445e+01,2.185755e+01,2.167100e+01,2.180922e+01,2.185755e+01,2.167792e+01,2.169866e+01,2.174013e+01,2.156721e+01,2.158798e+01,2.161566e+01,2.160874e+01,2.151875e+01,2.160874e+01,2.147025e+01,2.156721e+01,2.151182e+01,2.151182e+01,2.144253e+01,2.142174e+01,2.151182e+01,2.134545e+01,2.145639e+01,2.143560e+01,2.150489e+01,2.131076e+01,2.143560e+01,2.137320e+01,2.123439e+01,2.139400e+01,2.124828e+01,2.146332e+01,2.153952e+01,2.136626e+01,2.142867e+01,2.140787e+01,2.147025e+01,2.151875e+01,2.140094e+01,2.149796e+01,2.138013e+01,2.138013e+01,2.155337e+01,2.153260e+01,2.160874e+01,2.156029e+01,2.153952e+01,2.151182e+01,2.148411e+01,2.151875e+01,2.145639e+01,2.153260e+01,2.158106e+01,2.144253e+01,2.145639e+01,2.143560e+01,2.149796e+01,2.147025e+01,2.147718e+01,2.148411e+01,2.146332e+01,2.148411e+01,2.145639e+01,2.142174e+01,2.154645e+01,2.158798e+01,2.152567e+01,2.157414e+01,2.156029e+01,2.139400e+01,2.156721e+01,2.151182e+01,2.165025e+01,2.158798e+01,2.158106e+01,2.154645e+01,2.157414e+01,2.153952e+01,2.165717e+01,2.149796e+01
2.152567e+01,2.149104e+01,2.147025e+01,2.143560e+01,2.144946e+01,2.153260e+01,2.159490e+01,2.153260e+01,2.165025e+01,2.163642e+01,2.154645e+01,2.172631e+01,2.156029e+01,2.176086e+01,2.176086e+01,2.178850e+01,2.169866e+01,2.173322e+01,2.166409e+01,2.161566e+01,2.162258e+01,2.167100e+01,2.161566e+01,2.168483e+01,2.171248e+01,2.169175e+01,2.171248e+01,2.171940e+01,2.174013e+01,2.171940e+01,2.182303e+01,2.174013e+01,2.171940e+01,2.165025e+01,2.173322e+01,2.135933e+01,2.166409e+01,2.171248e+01,2.168483e+01,2.169866e+01,2.174013e+01,2.152567e+01,2.164334e+01,2.155337e+01,2.158106e+01,2.156721e+01,2.167100e+01,2.156029e+01,2.157414e+01,2.157414e+01,2.153260e+01,2.160182e+01,2.137320e+01,2.150489e+01,2.150489e+01,2.153260e+01,2.152567e+01,2.153952e+01,2.158106e+01,2.153952e+01,2.148411e+01,2.147718e+01,2.165717e+01,2.151875e+01,2.162258e+01,2.151875e+01,2.162258e+01,2.153260e+01,2.162258e+01,2.146332e+01,2.167100e+01,2.160874e+01,2.162950e+01,2.168483e+01,2.150489e+01,2.155337e+01,2.155337e+01,2.162258e+01,2.153260e+01,2.158106e+01,2.160182e+01,2.160182e+01,2.149796e+01,2.174704e+01,2.151875e+01,2.175395e+01,2.156029e+01,2.164334e+01,2.167100e+01,2.154645e+01,2.153952e+01,2.144253e+01,2.124133e+01,2.062135e+01,2.052348e+01,2.056544e+01,2.064231e+01,2.063532e+01,2.070517e+01,2.069818e+01,2.071215e+01,2.071215e+01,2.080286e+01,2.072611e+01,2.081681e+01,2.093530e+01,2.088653e+01,2.090047e+01,2.096316e+01,2.096316e+01,2.090743e+01,2.099101e+01,2.084470e+01,2.084470e+01,2.088653e+01,2.086562e+01,2.082378e+01,2.084470e+01,2.087259e+01,2.086562e+01,2.089350e+01,2.085865e+01,2.103973e+01,2.097012e+01,2.080984e+01,2.092137e+01,2.099797e+01,2.091440e+01,2.099797e+01,2.096316e+01,2.096316e+01,2.097012e+01,2.106756e+01,2.097709e+01,2.115796e+01,2.107452e+01,2.108148e+01,2.123439e+01,2.109539e+01,2.122744e+01,2.108148e+01,2.125522e+01,2.131076e+01,2.126911e+01,2.129688e+01,2.124828e+01,2.128299e+01,2.133851e+01,2.140094e+01,2.139400e+01,2.150489e+01,2.133158e+01,2.139400e+01,2.131770e+01,2.138707e+01,2.135239e+01,2.144946e+01,2.128299e+01,2.119966e+01,2.120660e+01,2.118576e+01,2.124133e+01,2.115796e+01,2.098405e+01,2.096316e+01,2.084470e+01,2.092137e+01,2.073309e+01,2.149104e+01,2.152567e+01,2.189206e+01,2.204376e+01,2.191965e+01,2.196104e+01,2.201619e+01,2.209198e+01,2.197483e+01,2.217459e+01,2.205754e+01,2.205065e+01,2.217459e+01,2.218147e+01,2.223650e+01,2.202308e+01,2.210575e+01,2.207131e+01,2.208509e+01,2.205754e+01,2.208509e+01,2.208509e+01,2.214017e+01,2.214017e+01,2.216082e+01,2.205065e+01,2.206442e+01,2.213329e+01,2.206442e+01,2.208509e+01,2.207131e+01,2.209198e+01,2.212641e+01,2.211952e+01,2.203687e+01,2.220211e+01,2.207820e+01,2.210575e+01,2.203687e+01,2.204376e+01,2.211952e+01,2.186445e+01,2.199551e+01,2.203687e+01,2.201619e+01,2.205754e+01,2.205065e+01,2.204376e+01,2.198862e+01,2.182993e+01,2.204376e+01,2.180231e+01,2.194035e+01,2.181612e+01,2.187135e+01,2.201619e+01,2.187825e+01,2.178159e+01,2.168483e+01,2.177468e+01,2.166409e+01,2.161566e+01,2.174013e+01,2.162950e+01,2.161566e+01,2.160874e+01,2.158798e+01,2.137320e+01,2.127605e+01,2.125522e+01,2.123439e+01,2.127605e+01,2.144253e+01,2.133851e+01,2.143560e+01,2.142174e+01,2.143560e+01,2.140094e+01,2.142174e+01,2.135933e+01,2.142174e+01,2.138013e+01,2.137320e+01,2.133158e+01,2.130382e+01,2.125522e+01,2.137320e+01,2.138707e+01,2.152567e+01,2.133851e+01,2.140787e+01,2.128993e+01,2.126217e+01,2.124828e+01,2.126217e+01,2.130382e+01,2.126911e+01,2.128993e+01,2.124828e+01,2.122744e+01,2.118576e+01,2.117186e+01,2.115796e+01,2.113015e+01,2.111625e+01,2.113015e+01,2.101189e+01,2.094226e+01,2.092137e+01,2.103277e+01,2.090743e+01,2.103277e+01,2.102581e+01,2.103277e+01,2.093530e+01,2.088653e+01,2.092833e+01,2.099797e+01,2.108148e+01,2.094923e+01,2.111625e+01,2.111625e+01,2.113015e+01,2.101885e+01,2.117186e+01,2.113015e+01,2.111625e+01,2.124828e+01,2.122050e+01,2.125522e+01,2.140094e+01,2.126217e+01,2.140094e+01,2.133158e+01,2.137320e+01,2.138013e+01,2.131770e+01,2.126217e+01,2.124828e+01,2.124828e+01,2.138013e+01,2.137320e+01,2.146332e+01,2.178850e+01,2.171940e+01,2.183684e+01,2.176777e+01,2.180922e+01,2.189206e+01,2.191276e+01,2.198172e+01,2.189206e+01,2.194725e+01,2.196793e+01,2.189206e+01,2.183684e+01,2.186445e+01,2.179540e+01,2.185755e+01,2.176777e+01,2.164334e+01,2.162950e+01,2.165025e+01,2.132464e+01,2.135933e+01,2.124828e+01,2.115101e+01,2.123439e+01,2.107452e+01,2.108148e+01,2.116491e+01,2.113015e+01,2.113015e+01,2.114406e+01,2.110234e+01,2.115101e+01,2.097012e+01,2.110929e+01,2.101189e+01,2.108843e+01,2.099101e+01,2.106061e+01,2.105365e+01,2.103277e+01,2.105365e+01,2.102581e+01,2.103277e+01,2.106756e+01,2.104669e+01,2.111625e+01,2.110234e+01,2.131076e+01,2.126911e+01,2.136626e+01,2.138013e+01,2.166409e+01,2.194035e+01,2.203687e+01,2.207131e+01,2.180231e+01,2.150489e+01,2.147718e+01,2.165717e+01,2.178850e+01,2.289461e+01,2.431973e+01,2.493797e+01,2.495137e+01,2.524573e+01,2.522569e+01,2.519227e+01,2.511203e+01,2.485084e+01,2.483742e+01,2.487095e+01,2.464947e+01,2.438711e+01,2.438711e+01,2.422533e+01,2.407681e+01,2.402951e+01,2.374526e+01,2.352136e+01,2.346701e+01,2.353495e+01,2.313350e+01,2.294926e+01,2.251122e+01,2.216771e+01,2.194725e+01,2.200930e+01,2.202308e+01,2.202308e+01,2.190586e+01,2.202308e+01,2.203687e+01,2.198172e+01,2.203687e+01,2.206442e+01,2.205065e+01,2.204376e+01,2.202308e+01,2.214706e+01,2.210575e+01,2.204376e+01,2.209198e+01,2.206442e+01,2.206442e+01,2.208509e+01,2.199551e+01,2.199551e+01,2.196104e+01,2.196793e+01,2.180922e+01,2.175395e+01,2.176777e+01,2.165025e+01,2.170557e+01,2.158106e+01,2.168483e+01,2.162258e+01,2.180231e+01,2.185755e+01,2.185065e+01,2.182303e+01,2.183684e+01,2.184374e+01,2.182303e+01,2.193345e+01,2.194725e+01,2.183684e+01,2.182303e+01,2.193345e+01,2.176777e+01,2.177468e+01,2.182303e+01,2.202997e+01,2.171940e+01,2.169866e+01,2.182993e+01,2.169866e+01,2.174013e+01,2.180231e+01,2.189896e+01,2.181612e+01,2.183684e+01,2.190586e+01,2.187825e+01,2.191965e+01,2.186445e+01,2.181612e+01,2.168483e+01,2.191276e+01,2.181612e+01,2.181612e+01,2.187135e+01,2.185065e+01,2.198862e+01,2.182993e+01,2.188516e+01,2.185065e+01,2.190586e+01,2.176777e+01,2.184374e+01,2.187825e+01,2.174013e+01,2.182993e+01,2.165717e+01,2.176777e+01,2.168483e+01,2.180231e+01,2.174704e+01,2.176777e+01,2.165717e+01,2.169866e+01,2.169866e+01,2.171940e+01,2.166409e+01,2.167792e+01,2.165025e+01,2.151875e+01,2.156029e+01,2.160182e+01,2.160182e+01,2.158106e+01,2.133158e+01,2.160182e+01,2.153260e+01,2.155337e+01,2.144946e+01,2.146332e+01,2.143560e+01,2.164334e+01,2.157414e+01,2.193345e+01,2.187825e+01,2.197483e+01,2.194035e+01,2.192655e+01,2.188516e+01,2.187135e+01,2.189896e+01,2.175395e+01,2.195414e+01,2.189206e+01,2.182993e+01,2.188516e+01,2.174013e+01,2.184374e+01,2.176777e+01,2.178850e+01,2.180922e+01,2.178850e+01,2.187825e+01,2.176777e+01,2.175395e+01,2.183684e+01,2.183684e+01,2.180922e+01,2.174704e+01,2.191965e+01,2.178159e+01,2.179540e+01,2.184374e+01,2.188516e+01,2.167100e+01,2.185065e+01,2.187135e+01,2.186445e+01,2.175395e+01,2.180231e+01,2.181612e+01,2.189206e+01,2.178159e+01,2.180231e+01,2.187135e+01,2.180231e+01,2.182303e+01,2.186445e+01,2.185065e+01,2.178159e+01,2.175395e+01,2.175395e+01,2.180922e+01,2.180231e+01,2.174704e+01,2.180231e+01,2.182993e+01,2.185065e+01,2.202997e+01,2.181612e+01,2.185755e+01,2.180922e+01,2.179540e+01,2.174704e+01,2.177468e+01,2.169866e+01,2.168483e+01,2.177468e+01,2.164334e+01,2.167792e+01,2.158106e+01,2.165717e+01,2.167792e+01,2.162258e+01,2.160874e+01,2.158106e+01,2.145639e+01,2.148411e+01,2.158106e+01,2.151875e+01,2.149796e+01,2.145639e+01,2.149104e+01,2.145639e+01,2.133158e+01,2.142867e+01,2.131770e+01,2.131770e+01,2.148411e+01,2.126911e+01,2.144946e+01,2.140094e+01,2.139400e+01,2.135239e+01,2.135933e+01,2.140787e+01,2.135933e+01,2.143560e+01,2.145639e+01,2.152567e+01,2.142174e+01,2.138013e+01,2.156721e+01,2.153952e+01,2.144253e+01,2.156721e+01,2.144253e+01,2.149104e+01,2.161566e+01,2.146332e+01,2.161566e+01,2.153260e+01,2.150489e+01,2.153952e+01,2.142867e+01,2.153952e+01,2.146332e+01,2.147718e+01,2.149104e+01,2.140094e+01,2.133851e+01,2.150489e+01,2.138707e+01,2.156029e+01,2.135933e+01,2.157414e+01,2.158106e+01,2.152567e+01,2.156721e+01,2.143560e+01,2.158798e+01,2.148411e+01,2.161566e+01,2.159490e+01,2.148411e+01,2.155337e+01,2.160874e+01,2.171248e+01,2.147718e+01,2.167100e+01,2.158106e+01
2.140094e+01,2.144253e+01,2.155337e+01,2.143560e+01,2.142174e+01,2.143560e+01,2.153952e+01,2.164334e+01,2.155337e+01,2.162950e+01,2.160182e+01,2.175395e+01,2.170557e+01,2.176777e+01,2.173322e+01,2.150489e+01,2.180922e+01,2.180922e+01,2.165025e+01,2.177468e+01,2.164334e+01,2.165717e+01,2.178159e+01,2.169175e+01,2.171940e+01,2.166409e+01,2.169175e+01,2.167792e+01,2.178850e+01,2.176777e+01,2.168483e+01,2.165025e+01,2.162258e+01,2.165717e+01,2.167100e+01,2.172631e+01,2.164334e+01,2.162950e+01,2.160182e+01,2.152567e+01,2.158798e+01,2.154645e+01,2.168483e+01,2.150489e+01,2.161566e+01,2.161566e+01,2.153260e+01,2.168483e+01,2.166409e+01,2.153260e+01,2.165025e+01,2.156721e+01,2.160182e+01,2.149796e+01,2.151875e+01,2.156029e+01,2.156029e+01,2.156721e+01,2.151182e+01,2.162258e+01,2.153260e+01,2.163642e+01,2.151875e+01,2.156029e+01,2.156029e+01,2.158798e+01,2.152567e+01,2.156029e+01,2.160874e+01,2.153260e+01,2.151875e+01,2.145639e+01,2.148411e+01,2.156029e+01,2.154645e+01,2.151875e+01,2.162258e+01,2.153952e+01,2.168483e+01,2.156029e+01,2.170557e+01,2.169175e+01,2.152567e+01,2.169866e+01,2.167100e+01,2.181612e+01,2.154645e+01,2.157414e+01,2.154645e+01,2.140094e+01,2.153952e+01,2.128993e+01,2.088653e+01,2.055844e+01,2.040450e+01,2.060737e+01,2.064231e+01,2.067025e+01,2.070517e+01,2.068422e+01,2.075403e+01,2.076798e+01,2.067723e+01,2.071215e+01,2.078193e+01,2.090047e+01,2.080984e+01,2.094226e+01,2.093530e+01,2.086562e+01,2.094923e+01,2.095619e+01,2.098405e+01,2.085168e+01,2.083076e+01,2.089350e+01,2.085168e+01,2.081681e+01,2.085865e+01,2.087259e+01,2.087956e+01,2.105365e+01,2.085168e+01,2.087259e+01,2.094226e+01,2.085865e+01,2.093530e+01,2.095619e+01,2.097012e+01,2.096316e+01,2.099797e+01,2.094226e+01,2.098405e+01,2.106756e+01,2.103973e+01,2.108843e+01,2.115796e+01,2.110234e+01,2.104669e+01,2.103973e+01,2.124133e+01,2.118576e+01,2.110929e+01,2.126217e+01,2.153952e+01,2.127605e+01,2.125522e+01,2.128299e+01,2.133158e+01,2.126911e+01,2.132464e+01,2.152567e+01,2.135239e+01,2.136626e+01,2.133158e+01,2.154645e+01,2.134545e+01,2.121355e+01,2.133158e+01,2.116491e+01,2.113711e+01,2.108843e+01,2.122050e+01,2.107452e+01,2.091440e+01,2.098405e+01,2.094923e+01,2.140787e+01,2.191965e+01,2.191276e+01,2.200241e+01,2.199551e+01,2.217459e+01,2.200241e+01,2.198172e+01,2.205754e+01,2.208509e+01,2.209886e+01,2.210575e+01,2.205065e+01,2.216082e+01,2.223650e+01,2.217459e+01,2.228463e+01,2.209886e+01,2.224338e+01,2.210575e+01,2.218835e+01,2.223650e+01,2.213329e+01,2.218835e+01,2.216082e+01,2.206442e+01,2.220211e+01,2.211263e+01,2.211952e+01,2.211263e+01,2.214017e+01,2.209886e+01,2.207131e+01,2.207131e+01,2.211263e+01,2.208509e+01,2.215394e+01,2.207131e+01,2.206442e+01,2.203687e+01,2.200930e+01,2.196104e+01,2.209198e+01,2.216771e+01,2.204376e+01,2.191276e+01,2.191276e+01,2.205754e+01,2.186445e+01,2.180922e+01,2.200241e+01,2.184374e+01,2.176086e+01,2.169866e+01,2.174704e+01,2.185755e+01,2.187135e+01,2.176777e+01,2.182303e+01,2.180922e+01,2.166409e+01,2.186445e+01,2.160874e+01,2.162258e+01,2.162950e+01,2.164334e+01,2.162950e+01,2.161566e+01,2.151875e+01,2.129688e+01,2.138013e+01,2.117186e+01,2.146332e+01,2.131770e+01,2.130382e+01,2.135933e+01,2.141480e+01,2.128299e+01,2.138707e+01,2.126217e+01,2.144253e+01,2.136626e+01,2.133851e+01,2.134545e+01,2.138707e+01,2.126217e+01,2.128299e+01,2.128993e+01,2.138707e+01,2.130382e+01,2.158798e+01,2.170557e+01,2.142867e+01,2.133158e+01,2.124828e+01,2.138013e+01,2.128993e+01,2.123439e+01,2.118576e+01,2.115796e+01,2.109539e+01,2.118576e+01,2.114406e+01,2.115796e+01,2.115101e+01,2.114406e+01,2.111625e+01,2.100493e+01,2.099797e+01,2.099797e+01,2.098405e+01,2.101885e+01,2.101885e+01,2.106756e+01,2.099101e+01,2.094226e+01,2.101189e+01,2.095619e+01,2.093530e+01,2.106756e+01,2.100493e+01,2.099797e+01,2.109539e+01,2.113711e+01,2.113711e+01,2.116491e+01,2.127605e+01,2.130382e+01,2.123439e+01,2.116491e+01,2.126911e+01,2.123439e+01,2.128299e+01,2.133851e+01,2.128299e+01,2.124133e+01,2.128993e+01,2.136626e+01,2.135933e+01,2.133158e+01,2.133158e+01,2.156721e+01,2.170557e+01,2.166409e+01,2.189206e+01,2.189206e+01,2.187825e+01,2.179540e+01,2.181612e+01,2.187135e+01,2.180231e+01,2.191276e+01,2.194725e+01,2.191276e+01,2.191276e+01,2.187825e+01,2.198862e+01,2.176086e+01,2.187825e+01,2.185755e+01,2.179540e+01,2.175395e+01,2.169866e+01,2.162950e+01,2.140787e+01,2.136626e+01,2.138013e+01,2.116491e+01,2.113711e+01,2.103973e+01,2.108148e+01,2.115101e+01,2.102581e+01,2.100493e+01,2.111625e+01,2.108148e+01,2.099101e+01,2.096316e+01,2.091440e+01,2.108843e+01,2.090047e+01,2.097709e+01,2.100493e+01,2.101885e+01,2.105365e+01,2.103973e+01,2.104669e+01,2.110929e+01,2.110929e+01,2.106756e+01,2.109539e+01,2.113711e+01,2.138013e+01,2.128299e+01,2.142174e+01,2.168483e+01,2.182993e+01,2.198172e+01,2.222275e+01,2.221587e+01,2.174013e+01,2.155337e+01,2.151182e+01,2.151875e+01,2.176086e+01,2.291510e+01,2.473677e+01,2.517890e+01,2.526577e+01,2.531919e+01,2.530584e+01,2.527245e+01,2.539260e+01,2.515216e+01,2.517222e+01,2.493797e+01,2.487095e+01,2.479718e+01,2.470992e+01,2.440058e+01,2.440058e+01,2.407006e+01,2.406330e+01,2.377236e+01,2.373170e+01,2.353495e+01,2.342623e+01,2.316758e+01,2.281257e+01,2.229151e+01,2.202308e+01,2.187825e+01,2.200930e+01,2.204376e+01,2.191965e+01,2.198862e+01,2.207131e+01,2.203687e+01,2.190586e+01,2.203687e+01,2.204376e+01,2.204376e+01,2.212641e+01,2.214017e+01,2.214706e+01,2.211952e+01,2.209198e+01,2.209886e+01,2.218835e+01,2.208509e+01,2.209198e+01,2.196104e+01,2.200241e+01,2.202997e+01,2.179540e+01,2.179540e+01,2.176086e+01,2.176777e+01,2.166409e+01,2.162258e+01,2.157414e+01,2.165025e+01,2.174704e+01,2.188516e+01,2.176086e+01,2.174013e+01,2.185755e+01,2.188516e+01,2.179540e+01,2.192655e+01,2.195414e+01,2.189206e+01,2.194035e+01,2.193345e+01,2.177468e+01,2.179540e+01,2.176777e+01,2.181612e+01,2.180231e+01,2.168483e+01,2.171940e+01,2.180922e+01,2.189896e+01,2.198862e+01,2.191965e+01,2.182303e+01,2.191965e+01,2.187135e+01,2.189206e+01,2.187135e+01,2.193345e+01,2.185065e+01,2.176777e+01,2.189896e+01,2.183684e+01,2.182303e+01,2.198862e+01,2.192655e+01,2.183684e+01,2.187135e+01,2.186445e+01,2.197483e+01,2.188516e+01,2.187825e+01,2.189896e+01,2.175395e+01,2.185065e+01,2.176086e+01,2.182993e+01,2.180231e+01,2.179540e+01,2.170557e+01,2.177468e+01,2.179540e+01,2.169866e+01,2.170557e+01,2.167792e+01,2.166409e+01,2.168483e+01,2.169175e+01,2.169175e+01,2.164334e+01,2.156029e+01,2.156029e+01,2.161566e+01,2.157414e+01,2.169175e+01,2.142867e+01,2.151182e+01,2.151875e+01,2.153260e+01,2.154645e+01,2.166409e+01,2.147025e+01,2.162950e+01,2.163642e+01,2.169175e+01,2.185065e+01,2.185755e+01,2.185065e+01,2.184374e+01,2.182303e+01,2.191965e+01,2.191965e+01,2.195414e+01,2.184374e+01,2.194035e+01,2.187135e+01,2.190586e+01,2.186445e+01,2.174013e+01,2.180922e+01,2.185755e+01,2.188516e+01,2.178850e+01,2.186445e+01,2.178159e+01,2.178159e+01,2.183684e+01,2.187825e+01,2.190586e+01,2.171248e+01,2.182303e+01,2.185755e+01,2.183684e+01,2.169866e+01,2.182303e+01,2.182993e+01,2.184374e+01,2.187135e+01,2.180922e+01,2.178159e+01,2.181612e+01,2.181612e+01,2.176777e+01,2.178850e+01,2.183684e+01,2.183684e+01,2.179540e+01,2.177468e+01,2.176777e+01,2.183684e+01,2.174704e+01,2.174704e+01,2.173322e+01,2.180231e+01,2.172631e+01,2.191276e+01,2.194035e+01,2.178850e+01,2.180231e+01,2.180922e+01,2.190586e+01,2.180231e+01,2.183684e+01,2.183684e+01,2.173322e+01,2.167792e+01,2.164334e+01,2.170557e+01,2.164334e+01,2.171940e+01,2.166409e+01,2.160182e+01,2.160182e+01,2.160182e+01,2.158106e+01,2.156029e+01,2.148411e+01,2.159490e+01,2.146332e+01,2.148411e+01,2.166409e+01,2.147025e+01,2.147718e+01,2.138707e+01,2.133158e+01,2.143560e+01,2.143560e+01,2.132464e+01,2.137320e+01,2.133851e+01,2.138707e+01,2.153952e+01,2.135239e+01,2.142867e+01,2.140787e+01,2.147025e+01,2.149104e+01,2.158106e+01,2.142174e+01,2.153260e+01,2.143560e+01,2.152567e+01,2.140094e+01,2.139400e+01,2.148411e+01,2.156029e+01,2.155337e+01,2.152567e+01,2.148411e+01,2.157414e+01,2.150489e+01,2.140094e+01,2.153260e+01,2.148411e+01,2.154645e+01,2.156721e+01,2.155337e+01,2.150489e+01,2.147025e+01,2.151182e+01,2.150489e+01,2.148411e+01,2.155337e+01,2.153952e+01,2.155337e+01,2.157414e+01,2.165717e+01,2.156029e+01,2.151182e+01,2.159490e+01,2.158798e+01,2.158798e+01,2.159490e+01,2.159490e+01,2.150489e+01,2.156029e+01,2.162950e+01,2.164334e+01,2.151182e+01,2.158106e+01,2.165717e+01
2.157414e+01,2.149796e+01,2.156029e+01,2.152567e+01,2.144946e+01,2.145639e+01,2.161566e+01,2.158798e+01,2.163642e+01,2.160182e+01,2.149796e+01,2.160874e+01,2.172631e+01,2.166409e+01,2.178159e+01,2.160874e+01,2.166409e+01,2.175395e+01,2.179540e+01,2.163642e+01,2.176777e+01,2.172631e+01,2.159490e+01,2.169175e+01,2.167100e+01,2.167792e+01,2.169175e+01,2.169866e+01,2.158106e+01,2.166409e+01,2.157414e+01,2.174704e+01,2.172631e+01,2.174704e+01,2.173322e+01,2.165025e+01,2.160874e+01,2.177468e+01,2.178159e+01,2.174013e+01,2.153260e+01,2.164334e+01,2.166409e+01,2.154645e+01,2.167100e+01,2.165717e+01,2.154645e+01,2.169175e+01,2.155337e+01,2.152567e+01,2.155337e+01,2.143560e+01,2.155337e+01,2.153952e+01,2.165025e+01,2.157414e+01,2.156029e+01,2.151875e+01,2.152567e+01,2.147025e+01,2.153260e+01,2.149796e+01,2.154645e+01,2.148411e+01,2.165025e+01,2.151182e+01,2.152567e+01,2.156721e+01,2.156721e+01,2.167792e+01,2.148411e+01,2.147025e+01,2.151182e+01,2.147718e+01,2.171248e+01,2.153952e+01,2.161566e+01,2.159490e+01,2.160874e+01,2.165025e+01,2.159490e+01,2.169866e+01,2.158798e+01,2.172631e+01,2.160874e+01,2.163642e+01,2.162258e+01,2.157414e+01,2.156029e+01,2.153952e+01,2.156029e+01,2.102581e+01,2.076798e+01,2.053047e+01,2.043251e+01,2.055145e+01,2.053747e+01,2.053747e+01,2.070517e+01,2.067025e+01,2.072611e+01,2.066327e+01,2.054446e+01,2.078891e+01,2.085865e+01,2.082378e+01,2.079589e+01,2.087259e+01,2.080984e+01,2.083076e+01,2.093530e+01,2.084470e+01,2.083773e+01,2.083773e+01,2.085865e+01,2.083773e+01,2.089350e+01,2.089350e+01,2.087259e+01,2.086562e+01,2.082378e+01,2.094226e+01,2.080984e+01,2.080286e+01,2.083773e+01,2.081681e+01,2.076100e+01,2.090743e+01,2.085168e+01,2.095619e+01,2.083076e+01,2.082378e+01,2.119966e+01,2.099101e+01,2.101885e+01,2.106061e+01,2.107452e+01,2.110234e+01,2.103973e+01,2.100493e+01,2.121355e+01,2.131770e+01,2.124133e+01,2.122050e+01,2.114406e+01,2.114406e+01,2.117881e+01,2.126911e+01,2.133158e+01,2.144946e+01,2.132464e+01,2.124133e+01,2.146332e+01,2.128993e+01,2.137320e+01,2.127605e+01,2.135933e+01,2.135239e+01,2.130382e+01,2.117186e+01,2.115101e+01,2.112320e+01,2.113015e+01,2.102581e+01,2.097709e+01,2.123439e+01,2.140094e+01,2.183684e+01,2.198172e+01,2.192655e+01,2.193345e+01,2.194035e+01,2.191276e+01,2.206442e+01,2.203687e+01,2.203687e+01,2.216771e+01,2.207820e+01,2.212641e+01,2.214706e+01,2.211263e+01,2.214706e+01,2.214706e+01,2.216082e+01,2.207820e+01,2.205065e+01,2.205065e+01,2.222962e+01,2.209886e+01,2.222275e+01,2.220899e+01,2.209886e+01,2.209886e+01,2.210575e+01,2.216771e+01,2.217459e+01,2.207131e+01,2.209198e+01,2.209198e+01,2.216082e+01,2.213329e+01,2.209198e+01,2.212641e+01,2.209886e+01,2.196104e+01,2.202997e+01,2.197483e+01,2.191965e+01,2.204376e+01,2.187825e+01,2.202308e+01,2.185755e+01,2.186445e+01,2.191276e+01,2.173322e+01,2.184374e+01,2.182303e+01,2.179540e+01,2.178850e+01,2.173322e+01,2.173322e+01,2.169175e+01,2.171940e+01,2.174013e+01,2.171248e+01,2.182993e+01,2.174704e+01,2.175395e+01,2.166409e+01,2.173322e+01,2.160182e+01,2.163642e+01,2.164334e+01,2.161566e+01,2.166409e+01,2.157414e+01,2.149104e+01,2.122744e+01,2.125522e+01,2.126911e+01,2.144253e+01,2.130382e+01,2.143560e+01,2.138707e+01,2.138013e+01,2.142867e+01,2.139400e+01,2.131770e+01,2.138707e+01,2.136626e+01,2.144946e+01,2.129688e+01,2.131770e+01,2.130382e+01,2.132464e+01,2.150489e+01,2.142867e+01,2.155337e+01,2.167100e+01,2.175395e+01,2.149104e+01,2.132464e+01,2.131076e+01,2.113711e+01,2.123439e+01,2.119966e+01,2.122744e+01,2.122050e+01,2.119966e+01,2.113015e+01,2.115101e+01,2.115101e+01,2.113015e+01,2.112320e+01,2.107452e+01,2.086562e+01,2.100493e+01,2.086562e+01,2.088653e+01,2.092833e+01,2.060737e+01,2.098405e+01,2.101189e+01,2.097709e+01,2.104669e+01,2.103277e+01,2.096316e+01,2.101189e+01,2.097012e+01,2.110234e+01,2.106756e+01,2.127605e+01,2.113015e+01,2.127605e+01,2.110929e+01,2.126217e+01,2.116491e+01,2.123439e+01,2.122050e+01,2.121355e+01,2.129688e+01,2.142867e+01,2.119966e+01,2.127605e+01,2.133158e+01,2.124828e+01,2.126217e+01,2.151875e+01,2.165717e+01,2.170557e+01,2.189206e+01,2.180922e+01,2.171248e+01,2.189206e+01,2.176777e+01,2.176086e+01,2.180231e+01,2.179540e+01,2.178850e+01,2.181612e+01,2.176777e+01,2.191965e+01,2.195414e+01,2.175395e+01,2.181612e+01,2.185755e+01,2.182303e+01,2.182303e+01,2.180231e+01,2.162258e+01,2.153260e+01,2.147025e+01,2.118576e+01,2.117881e+01,2.116491e+01,2.115101e+01,2.101189e+01,2.088653e+01,2.113711e+01,2.113015e+01,2.099797e+01,2.102581e+01,2.109539e+01,2.101885e+01,2.091440e+01,2.095619e+01,2.101885e+01,2.093530e+01,2.097709e+01,2.106061e+01,2.097709e+01,2.109539e+01,2.112320e+01,2.112320e+01,2.115101e+01,2.115101e+01,2.112320e+01,2.131770e+01,2.160182e+01,2.167792e+01,2.174013e+01,2.188516e+01,2.180922e+01,2.192655e+01,2.222962e+01,2.229151e+01,2.231212e+01,2.200930e+01,2.154645e+01,2.156029e+01,2.151875e+01,2.179540e+01,2.269625e+01,2.471663e+01,2.517222e+01,2.531919e+01,2.554592e+01,2.568572e+01,2.547262e+01,2.541928e+01,2.547929e+01,2.509865e+01,2.504512e+01,2.523237e+01,2.515216e+01,2.485084e+01,2.477705e+01,2.465619e+01,2.446118e+01,2.423882e+01,2.415785e+01,2.398219e+01,2.374526e+01,2.354174e+01,2.339904e+01,2.309940e+01,2.294243e+01,2.214706e+01,2.205754e+01,2.216771e+01,2.191276e+01,2.199551e+01,2.205754e+01,2.198172e+01,2.216771e+01,2.197483e+01,2.201619e+01,2.201619e+01,2.198172e+01,2.222275e+01,2.201619e+01,2.207820e+01,2.196104e+01,2.219523e+01,2.209886e+01,2.211952e+01,2.213329e+01,2.202997e+01,2.202997e+01,2.198862e+01,2.198862e+01,2.178850e+01,2.180922e+01,2.180231e+01,2.173322e+01,2.167792e+01,2.165717e+01,2.163642e+01,2.176777e+01,2.172631e+01,2.185065e+01,2.185755e+01,2.185755e+01,2.184374e+01,2.188516e+01,2.176777e+01,2.185065e+01,2.185755e+01,2.185065e+01,2.180922e+01,2.194035e+01,2.187135e+01,2.177468e+01,2.175395e+01,2.180231e+01,2.183684e+01,2.174013e+01,2.168483e+01,2.168483e+01,2.178159e+01,2.171248e+01,2.184374e+01,2.190586e+01,2.188516e+01,2.182993e+01,2.191965e+01,2.187825e+01,2.186445e+01,2.185755e+01,2.176086e+01,2.189206e+01,2.180922e+01,2.193345e+01,2.202308e+01,2.198172e+01,2.184374e+01,2.194035e+01,2.185065e+01,2.194725e+01,2.176086e+01,2.177468e+01,2.174704e+01,2.175395e+01,2.180231e+01,2.167792e+01,2.181612e+01,2.180231e+01,2.174704e+01,2.178850e+01,2.183684e+01,2.172631e+01,2.182993e+01,2.176086e+01,2.177468e+01,2.171940e+01,2.172631e+01,2.164334e+01,2.176777e+01,2.164334e+01,2.160182e+01,2.158106e+01,2.154645e+01,2.155337e+01,2.153952e+01,2.156029e+01,2.154645e+01,2.154645e+01,2.154645e+01,2.151875e+01,2.159490e+01,2.164334e+01,2.145639e+01,2.143560e+01,2.160874e+01,2.153952e+01,2.181612e+01,2.170557e+01,2.189206e+01,2.186445e+01,2.186445e+01,2.178850e+01,2.182993e+01,2.171940e+01,2.181612e+01,2.186445e+01,2.180922e+01,2.180231e+01,2.189206e+01,2.180231e+01,2.192655e+01,2.182993e+01,2.185065e+01,2.180231e+01,2.181612e+01,2.181612e+01,2.176777e+01,2.180922e+01,2.179540e+01,2.182303e+01,2.174704e+01,2.190586e+01,2.180922e+01,2.187135e+01,2.185755e+01,2.184374e+01,2.174704e+01,2.185755e+01,2.183684e+01,2.183684e+01,2.196793e+01,2.179540e+01,2.187135e+01,2.177468e+01,2.187825e+01,2.180231e+01,2.179540e+01,2.184374e+01,2.175395e+01,2.187135e+01,2.182303e+01,2.190586e+01,2.182993e+01,2.175395e+01,2.192655e+01,2.162950e+01,2.181612e+01,2.171248e+01,2.180231e+01,2.188516e+01,2.188516e+01,2.177468e+01,2.172631e+01,2.185755e+01,2.174013e+01,2.166409e+01,2.176777e+01,2.166409e+01,2.159490e+01,2.173322e+01,2.162258e+01,2.162258e+01,2.162258e+01,2.162258e+01,2.145639e+01,2.145639e+01,2.147718e+01,2.165717e+01,2.147025e+01,2.151875e+01,2.144946e+01,2.147718e+01,2.153260e+01,2.153260e+01,2.144253e+01,2.142174e+01,2.133158e+01,2.128993e+01,2.135239e+01,2.134545e+01,2.136626e+01,2.144946e+01,2.139400e+01,2.144253e+01,2.149796e+01,2.140094e+01,2.135933e+01,2.150489e+01,2.150489e+01,2.146332e+01,2.149104e+01,2.152567e+01,2.151875e+01,2.153952e+01,2.138707e+01,2.156029e+01,2.151875e+01,2.145639e+01,2.149104e+01,2.144946e+01,2.147718e+01,2.151875e+01,2.140787e+01,2.149104e+01,2.144253e+01,2.148411e+01,2.149796e+01,2.144946e+01,2.154645e+01,2.148411e+01,2.135933e+01,2.151182e+01,2.160182e+01,2.151875e+01,2.157414e+01,2.130382e+01,2.148411e+01,2.151182e+01,2.144946e+01,2.154645e+01,2.152567e+01,2.150489e+01,2.151182e+01,2.163642e+01,2.149796e+01,2.154645e+01,2.167792e+01,2.166409e+01,2.156721e+01,2.162258e+01,2.163642e+01
2.148411e+01,2.158106e+01,2.144253e+01,2.151182e+01,2.144253e+01,2.157414e+01,2.182993e+01,2.188516e+01,2.160874e+01,2.174704e+01,2.160874e+01,2.169866e+01,2.165717e+01,2.159490e+01,2.176086e+01,2.164334e+01,2.180922e+01,2.181612e+01,2.169175e+01,2.180231e+01,2.172631e+01,2.172631e+01,2.173322e+01,2.171248e+01,2.166409e+01,2.171940e+01,2.167100e+01,2.171248e+01,2.167792e+01,2.169175e+01,2.160182e+01,2.176086e+01,2.155337e+01,2.164334e+01,2.169175e+01,2.167100e+01,2.165717e+01,2.183684e+01,2.159490e+01,2.157414e+01,2.157414e+01,2.163642e+01,2.161566e+01,2.165717e+01,2.164334e+01,2.196793e+01,2.154645e+01,2.160182e+01,2.163642e+01,2.153952e+01,2.156721e+01,2.155337e+01,2.153952e+01,2.149104e+01,2.153952e+01,2.156029e+01,2.156029e+01,2.136626e+01,2.153260e+01,2.158798e+01,2.147025e+01,2.157414e+01,2.151875e+01,2.160874e+01,2.151182e+01,2.153260e+01,2.147718e+01,2.151182e+01,2.163642e+01,2.162950e+01,2.158798e+01,2.154645e+01,2.150489e+01,2.143560e+01,2.153260e+01,2.158798e+01,2.163642e+01,2.163642e+01,2.162258e+01,2.157414e+01,2.158798e+01,2.169175e+01,2.169866e+01,2.168483e+01,2.162258e+01,2.164334e+01,2.166409e+01,2.146332e+01,2.158106e+01,2.156029e+01,2.153952e+01,2.102581e+01,2.060737e+01,2.056544e+01,2.045351e+01,2.046051e+01,2.050949e+01,2.052348e+01,2.066327e+01,2.070517e+01,2.070517e+01,2.060039e+01,2.065628e+01,2.081681e+01,2.078193e+01,2.077496e+01,2.083773e+01,2.092137e+01,2.078891e+01,2.096316e+01,2.092833e+01,2.085865e+01,2.081681e+01,2.088653e+01,2.083076e+01,2.086562e+01,2.082378e+01,2.084470e+01,2.090047e+01,2.088653e+01,2.081681e+01,2.080286e+01,2.069818e+01,2.080984e+01,2.083076e+01,2.081681e+01,2.084470e+01,2.097709e+01,2.087259e+01,2.079589e+01,2.097012e+01,2.074705e+01,2.096316e+01,2.087956e+01,2.092137e+01,2.090047e+01,2.106061e+01,2.101189e+01,2.101189e+01,2.106061e+01,2.091440e+01,2.106756e+01,2.109539e+01,2.115796e+01,2.113015e+01,2.117881e+01,2.126911e+01,2.125522e+01,2.120660e+01,2.132464e+01,2.132464e+01,2.134545e+01,2.129688e+01,2.124828e+01,2.135239e+01,2.125522e+01,2.125522e+01,2.116491e+01,2.114406e+01,2.117881e+01,2.115796e+01,2.115101e+01,2.112320e+01,2.099797e+01,2.131076e+01,2.170557e+01,2.176777e+01,2.196793e+01,2.197483e+01,2.195414e+01,2.196104e+01,2.202308e+01,2.207820e+01,2.194725e+01,2.191965e+01,2.211952e+01,2.210575e+01,2.191276e+01,2.218835e+01,2.213329e+01,2.209198e+01,2.219523e+01,2.214017e+01,2.209198e+01,2.214706e+01,2.222962e+01,2.204376e+01,2.220211e+01,2.212641e+01,2.220899e+01,2.215394e+01,2.212641e+01,2.207131e+01,2.208509e+01,2.209886e+01,2.201619e+01,2.202308e+01,2.214017e+01,2.207820e+01,2.206442e+01,2.209886e+01,2.206442e+01,2.209198e+01,2.201619e+01,2.196793e+01,2.205754e+01,2.209886e+01,2.194725e+01,2.171940e+01,2.180231e+01,2.182303e+01,2.186445e+01,2.177468e+01,2.167100e+01,2.164334e+01,2.159490e+01,2.175395e+01,2.177468e+01,2.170557e+01,2.177468e+01,2.173322e+01,2.165025e+01,2.177468e+01,2.169866e+01,2.174704e+01,2.161566e+01,2.169175e+01,2.165025e+01,2.169866e+01,2.168483e+01,2.160182e+01,2.165717e+01,2.162950e+01,2.166409e+01,2.163642e+01,2.160182e+01,2.135239e+01,2.127605e+01,2.135239e+01,2.124828e+01,2.126911e+01,2.127605e+01,2.128299e+01,2.133851e+01,2.132464e+01,2.141480e+01,2.131076e+01,2.126911e+01,2.142174e+01,2.135933e+01,2.136626e+01,2.128299e+01,2.131076e+01,2.128299e+01,2.137320e+01,2.132464e+01,2.142867e+01,2.148411e+01,2.171940e+01,2.174013e+01,2.171940e+01,2.158106e+01,2.128993e+01,2.124828e+01,2.122744e+01,2.120660e+01,2.120660e+01,2.119966e+01,2.119966e+01,2.119966e+01,2.117186e+01,2.117186e+01,2.113015e+01,2.121355e+01,2.110929e+01,2.110929e+01,2.099797e+01,2.097012e+01,2.097012e+01,2.086562e+01,2.101885e+01,2.093530e+01,2.093530e+01,2.090743e+01,2.089350e+01,2.101189e+01,2.095619e+01,2.104669e+01,2.097012e+01,2.106756e+01,2.119966e+01,2.118576e+01,2.130382e+01,2.132464e+01,2.126217e+01,2.114406e+01,2.129688e+01,2.126217e+01,2.130382e+01,2.126217e+01,2.120660e+01,2.124133e+01,2.119966e+01,2.133158e+01,2.122050e+01,2.134545e+01,2.167100e+01,2.176777e+01,2.182303e+01,2.170557e+01,2.187825e+01,2.168483e+01,2.188516e+01,2.174704e+01,2.184374e+01,2.176086e+01,2.177468e+01,2.193345e+01,2.180922e+01,2.192655e+01,2.194035e+01,2.176777e+01,2.179540e+01,2.183684e+01,2.177468e+01,2.180922e+01,2.182993e+01,2.183684e+01,2.176777e+01,2.149104e+01,2.145639e+01,2.142867e+01,2.141480e+01,2.121355e+01,2.110234e+01,2.108148e+01,2.101189e+01,2.103973e+01,2.106061e+01,2.103277e+01,2.105365e+01,2.099101e+01,2.094226e+01,2.090047e+01,2.085865e+01,2.097012e+01,2.090743e+01,2.089350e+01,2.097709e+01,2.106061e+01,2.110929e+01,2.113015e+01,2.118576e+01,2.116491e+01,2.116491e+01,2.140094e+01,2.162258e+01,2.169175e+01,2.191965e+01,2.176086e+01,2.171940e+01,2.187825e+01,2.194725e+01,2.219523e+01,2.231900e+01,2.240829e+01,2.255923e+01,2.214017e+01,2.170557e+01,2.153952e+01,2.164334e+01,2.173322e+01,2.270994e+01,2.468306e+01,2.525909e+01,2.531919e+01,2.552594e+01,2.554592e+01,2.555258e+01,2.575887e+01,2.557257e+01,2.562583e+01,2.524573e+01,2.523905e+01,2.520564e+01,2.503173e+01,2.501834e+01,2.473006e+01,2.468306e+01,2.436690e+01,2.431973e+01,2.407006e+01,2.393485e+01,2.375203e+01,2.354174e+01,2.350778e+01,2.324933e+01,2.270309e+01,2.231212e+01,2.230525e+01,2.196104e+01,2.191965e+01,2.218147e+01,2.205754e+01,2.206442e+01,2.204376e+01,2.205065e+01,2.202308e+01,2.203687e+01,2.205065e+01,2.205065e+01,2.198172e+01,2.206442e+01,2.222962e+01,2.195414e+01,2.209198e+01,2.208509e+01,2.203687e+01,2.197483e+01,2.199551e+01,2.199551e+01,2.180922e+01,2.190586e+01,2.178159e+01,2.171248e+01,2.167792e+01,2.163642e+01,2.165025e+01,2.166409e+01,2.169175e+01,2.176777e+01,2.188516e+01,2.185065e+01,2.167100e+01,2.184374e+01,2.178159e+01,2.179540e+01,2.181612e+01,2.189206e+01,2.180922e+01,2.182993e+01,2.177468e+01,2.179540e+01,2.183684e+01,2.176777e+01,2.175395e+01,2.169866e+01,2.166409e+01,2.182993e+01,2.177468e+01,2.194035e+01,2.179540e+01,2.180922e+01,2.177468e+01,2.180922e+01,2.183684e+01,2.184374e+01,2.178850e+01,2.182303e+01,2.183684e+01,2.182303e+01,2.178850e+01,2.179540e+01,2.202308e+01,2.201619e+01,2.173322e+01,2.185065e+01,2.196104e+01,2.189206e+01,2.167792e+01,2.191965e+01,2.178159e+01,2.177468e+01,2.169175e+01,2.179540e+01,2.183684e+01,2.190586e+01,2.175395e+01,2.186445e+01,2.186445e+01,2.184374e+01,2.171940e+01,2.183684e+01,2.178159e+01,2.164334e+01,2.180231e+01,2.180231e+01,2.173322e+01,2.176086e+01,2.151875e+01,2.160182e+01,2.163642e+01,2.154645e+01,2.153260e+01,2.171940e+01,2.158106e+01,2.154645e+01,2.153260e+01,2.157414e+01,2.144253e+01,2.157414e+01,2.145639e+01,2.153952e+01,2.147718e+01,2.148411e+01,2.156029e+01,2.165025e+01,2.166409e+01,2.180231e+01,2.177468e+01,2.178850e+01,2.187135e+01,2.181612e+01,2.179540e+01,2.180922e+01,2.185065e+01,2.184374e+01,2.182303e+01,2.190586e+01,2.191965e+01,2.185755e+01,2.180231e+01,2.187135e+01,2.189896e+01,2.178159e+01,2.180231e+01,2.179540e+01,2.188516e+01,2.185065e+01,2.183684e+01,2.183684e+01,2.182303e+01,2.184374e+01,2.183684e+01,2.189206e+01,2.180922e+01,2.178159e+01,2.182993e+01,2.177468e+01,2.182303e+01,2.194725e+01,2.174704e+01,2.179540e+01,2.189896e+01,2.178159e+01,2.190586e+01,2.187825e+01,2.191965e+01,2.186445e+01,2.187825e+01,2.181612e+01,2.168483e+01,2.197483e+01,2.180922e+01,2.173322e+01,2.189896e+01,2.182993e+01,2.178159e+01,2.180231e+01,2.181612e+01,2.183684e+01,2.179540e+01,2.181612e+01,2.170557e+01,2.175395e+01,2.173322e+01,2.166409e+01,2.171248e+01,2.170557e+01,2.181612e+01,2.170557e+01,2.157414e+01,2.151182e+01,2.160874e+01,2.144946e+01,2.162258e+01,2.150489e+01,2.149796e+01,2.162950e+01,2.146332e+01,2.149104e+01,2.144946e+01,2.147025e+01,2.153260e+01,2.142174e+01,2.137320e+01,2.146332e+01,2.143560e+01,2.143560e+01,2.141480e+01,2.135933e+01,2.143560e+01,2.145639e+01,2.138707e+01,2.145639e+01,2.147025e+01,2.143560e+01,2.147025e+01,2.137320e+01,2.150489e+01,2.144253e+01,2.151182e+01,2.156721e+01,2.153952e+01,2.154645e+01,2.149104e+01,2.152567e+01,2.148411e+01,2.148411e+01,2.152567e+01,2.148411e+01,2.147025e+01,2.145639e+01,2.144253e+01,2.156029e+01,2.147718e+01,2.149796e+01,2.148411e+01,2.147025e+01,2.151875e+01,2.145639e+01,2.144946e+01,2.147718e+01,2.149796e+01,2.153260e+01,2.146332e+01,2.149796e+01,2.149104e+01,2.151182e+01,2.153260e+01,2.145639e+01,2.162950e+01,2.152567e+01,2.161566e+01,2.160182e+01,2.159490e+01,2.167100e+01,2.150489e+01,2.166409e+01,2.170557e+01
2.148411e+01,2.145639e+01,2.151875e+01,2.152567e+01,2.149796e+01,2.147718e+01,2.153952e+01,2.161566e+01,2.165717e+01,2.167792e+01,2.164334e+01,2.161566e+01,2.149796e+01,2.162950e+01,2.167100e+01,2.165025e+01,2.178159e+01,2.169175e+01,2.167100e+01,2.167100e+01,2.167100e+01,2.174704e+01,2.166409e+01,2.160874e+01,2.167100e+01,2.162950e+01,2.176777e+01,2.158798e+01,2.165025e+01,2.160874e+01,2.167100e+01,2.174704e+01,2.173322e+01,2.174704e+01,2.165717e+01,2.167792e+01,2.174704e+01,2.162950e+01,2.156721e+01,2.172631e+01,2.153952e+01,2.162258e+01,2.153952e+01,2.152567e+01,2.156721e+01,2.169866e+01,2.156721e+01,2.160874e+01,2.149796e+01,2.137320e+01,2.156029e+01,2.156721e+01,2.156029e+01,2.153260e+01,2.155337e+01,2.156721e+01,2.153260e+01,2.150489e+01,2.156029e+01,2.146332e+01,2.156029e+01,2.153952e+01,2.147718e+01,2.162258e+01,2.154645e+01,2.156029e+01,2.155337e+01,2.153260e+01,2.157414e+01,2.176777e+01,2.151875e+01,2.154645e+01,2.159490e+01,2.155337e+01,2.149796e+01,2.161566e+01,2.162950e+01,2.158106e+01,2.158798e+01,2.164334e+01,2.158106e+01,2.171940e+01,2.168483e+01,2.159490e+01,2.167792e+01,2.174704e+01,2.164334e+01,2.161566e+01,2.153952e+01,2.158106e+01,2.128993e+01,2.082378e+01,2.062834e+01,2.053047e+01,2.047451e+01,2.048150e+01,2.048850e+01,2.039750e+01,2.070517e+01,2.064930e+01,2.078891e+01,2.080984e+01,2.079589e+01,2.080984e+01,2.074705e+01,2.082378e+01,2.094923e+01,2.081681e+01,2.052348e+01,2.072611e+01,2.085865e+01,2.080984e+01,2.084470e+01,2.084470e+01,2.083773e+01,2.080984e+01,2.071215e+01,2.083773e+01,2.100493e+01,2.074705e+01,2.078193e+01,2.064930e+01,2.080984e+01,2.078891e+01,2.083076e+01,2.077496e+01,2.072611e+01,2.083076e+01,2.099797e+01,2.072611e+01,2.072611e+01,2.074007e+01,2.100493e+01,2.072611e+01,2.087956e+01,2.092137e+01,2.085865e+01,2.079589e+01,2.099101e+01,2.083076e+01,2.087259e+01,2.097709e+01,2.110929e+01,2.111625e+01,2.106061e+01,2.113015e+01,2.127605e+01,2.129688e+01,2.130382e+01,2.129688e+01,2.128299e+01,2.127605e+01,2.126911e+01,2.124133e+01,2.140094e+01,2.122744e+01,2.118576e+01,2.115101e+01,2.117881e+01,2.111625e+01,2.106756e+01,2.113711e+01,2.110929e+01,2.131076e+01,2.180231e+01,2.178850e+01,2.194725e+01,2.196793e+01,2.192655e+01,2.182993e+01,2.204376e+01,2.194725e+01,2.197483e+01,2.200241e+01,2.219523e+01,2.194725e+01,2.209886e+01,2.203687e+01,2.207131e+01,2.214017e+01,2.209886e+01,2.215394e+01,2.219523e+01,2.204376e+01,2.218835e+01,2.220899e+01,2.221587e+01,2.198862e+01,2.217459e+01,2.214706e+01,2.207820e+01,2.209886e+01,2.207820e+01,2.218147e+01,2.209886e+01,2.211263e+01,2.214706e+01,2.216771e+01,2.200930e+01,2.202308e+01,2.214017e+01,2.201619e+01,2.205065e+01,2.195414e+01,2.192655e+01,2.190586e+01,2.191276e+01,2.189206e+01,2.167100e+01,2.168483e+01,2.173322e+01,2.167792e+01,2.169866e+01,2.169175e+01,2.159490e+01,2.171940e+01,2.171248e+01,2.175395e+01,2.173322e+01,2.174704e+01,2.169175e+01,2.172631e+01,2.169866e+01,2.176086e+01,2.167100e+01,2.175395e+01,2.161566e+01,2.176086e+01,2.170557e+01,2.167100e+01,2.164334e+01,2.165717e+01,2.165025e+01,2.163642e+01,2.165025e+01,2.161566e+01,2.159490e+01,2.126911e+01,2.124828e+01,2.141480e+01,2.126217e+01,2.140094e+01,2.134545e+01,2.126217e+01,2.140787e+01,2.143560e+01,2.138707e+01,2.146332e+01,2.143560e+01,2.140094e+01,2.127605e+01,2.133158e+01,2.130382e+01,2.126911e+01,2.133158e+01,2.125522e+01,2.122050e+01,2.147718e+01,2.154645e+01,2.191276e+01,2.179540e+01,2.174704e+01,2.148411e+01,2.125522e+01,2.121355e+01,2.124828e+01,2.120660e+01,2.109539e+01,2.113015e+01,2.122744e+01,2.120660e+01,2.108843e+01,2.106061e+01,2.109539e+01,2.105365e+01,2.103973e+01,2.099101e+01,2.094226e+01,2.093530e+01,2.099101e+01,2.099101e+01,2.097709e+01,2.102581e+01,2.093530e+01,2.083773e+01,2.097012e+01,2.099101e+01,2.106061e+01,2.107452e+01,2.108843e+01,2.116491e+01,2.129688e+01,2.131770e+01,2.126911e+01,2.118576e+01,2.120660e+01,2.136626e+01,2.121355e+01,2.126911e+01,2.126217e+01,2.119966e+01,2.123439e+01,2.119271e+01,2.135239e+01,2.155337e+01,2.168483e+01,2.190586e+01,2.181612e+01,2.183684e+01,2.169866e+01,2.183684e+01,2.177468e+01,2.189206e+01,2.185755e+01,2.178159e+01,2.179540e+01,2.176777e+01,2.193345e+01,2.174013e+01,2.184374e+01,2.183684e+01,2.184374e+01,2.182993e+01,2.189206e+01,2.184374e+01,2.171940e+01,2.184374e+01,2.182993e+01,2.157414e+01,2.144946e+01,2.139400e+01,2.132464e+01,2.122050e+01,2.117186e+01,2.116491e+01,2.114406e+01,2.101885e+01,2.099797e+01,2.099101e+01,2.103277e+01,2.105365e+01,2.093530e+01,2.088653e+01,2.099797e+01,2.090743e+01,2.087956e+01,2.092833e+01,2.105365e+01,2.105365e+01,2.098405e+01,2.125522e+01,2.108148e+01,2.147025e+01,2.150489e+01,2.168483e+01,2.163642e+01,2.171248e+01,2.174704e+01,2.187825e+01,2.191276e+01,2.193345e+01,2.187135e+01,2.194725e+01,2.232587e+01,2.218835e+01,2.242202e+01,2.239456e+01,2.217459e+01,2.173322e+01,2.160874e+01,2.160182e+01,2.175395e+01,2.260035e+01,2.446791e+01,2.497147e+01,2.549262e+01,2.554592e+01,2.589839e+01,2.582533e+01,2.577217e+01,2.576552e+01,2.587183e+01,2.580540e+01,2.539927e+01,2.540594e+01,2.528580e+01,2.513210e+01,2.513210e+01,2.498486e+01,2.473006e+01,2.451501e+01,2.429951e+01,2.411059e+01,2.403627e+01,2.373848e+01,2.356211e+01,2.346701e+01,2.327656e+01,2.240142e+01,2.222962e+01,2.207131e+01,2.208509e+01,2.199551e+01,2.205754e+01,2.204376e+01,2.204376e+01,2.195414e+01,2.200241e+01,2.195414e+01,2.189206e+01,2.208509e+01,2.213329e+01,2.200241e+01,2.213329e+01,2.216771e+01,2.203687e+01,2.207820e+01,2.212641e+01,2.202997e+01,2.200930e+01,2.201619e+01,2.194725e+01,2.191276e+01,2.174013e+01,2.165717e+01,2.159490e+01,2.172631e+01,2.161566e+01,2.174704e+01,2.167100e+01,2.173322e+01,2.185065e+01,2.184374e+01,2.174704e+01,2.194035e+01,2.176777e+01,2.178159e+01,2.186445e+01,2.179540e+01,2.182303e+01,2.184374e+01,2.183684e+01,2.185755e+01,2.171248e+01,2.198172e+01,2.176086e+01,2.182303e+01,2.182993e+01,2.176086e+01,2.177468e+01,2.182303e+01,2.168483e+01,2.190586e+01,2.181612e+01,2.186445e+01,2.184374e+01,2.187135e+01,2.177468e+01,2.180231e+01,2.185755e+01,2.184374e+01,2.168483e+01,2.182303e+01,2.182303e+01,2.196793e+01,2.185065e+01,2.171248e+01,2.178159e+01,2.174704e+01,2.171248e+01,2.178850e+01,2.178850e+01,2.185755e+01,2.177468e+01,2.168483e+01,2.167100e+01,2.193345e+01,2.186445e+01,2.183684e+01,2.185755e+01,2.182993e+01,2.162950e+01,2.180922e+01,2.176777e+01,2.177468e+01,2.177468e+01,2.179540e+01,2.176777e+01,2.167100e+01,2.161566e+01,2.168483e+01,2.153952e+01,2.171940e+01,2.156029e+01,2.172631e+01,2.157414e+01,2.157414e+01,2.149796e+01,2.162950e+01,2.155337e+01,2.145639e+01,2.134545e+01,2.153952e+01,2.148411e+01,2.133158e+01,2.151875e+01,2.135239e+01,2.170557e+01,2.162258e+01,2.177468e+01,2.168483e+01,2.178850e+01,2.203687e+01,2.185755e+01,2.179540e+01,2.179540e+01,2.183684e+01,2.182303e+01,2.182993e+01,2.187825e+01,2.184374e+01,2.186445e+01,2.193345e+01,2.185065e+01,2.182303e+01,2.182303e+01,2.188516e+01,2.189206e+01,2.182303e+01,2.178159e+01,2.186445e+01,2.178850e+01,2.171248e+01,2.187135e+01,2.179540e+01,2.191276e+01,2.178850e+01,2.179540e+01,2.192655e+01,2.181612e+01,2.188516e+01,2.180231e+01,2.192655e+01,2.187825e+01,2.170557e+01,2.190586e+01,2.188516e+01,2.187825e+01,2.182993e+01,2.180922e+01,2.180231e+01,2.183684e+01,2.178850e+01,2.183684e+01,2.182993e+01,2.172631e+01,2.177468e+01,2.176777e+01,2.178159e+01,2.177468e+01,2.177468e+01,2.182303e+01,2.174013e+01,2.170557e+01,2.199551e+01,2.172631e+01,2.173322e+01,2.163642e+01,2.173322e+01,2.167792e+01,2.165717e+01,2.151875e+01,2.149796e+01,2.156029e+01,2.162258e+01,2.150489e+01,2.159490e+01,2.162950e+01,2.149796e+01,2.155337e+01,2.158798e+01,2.159490e+01,2.146332e+01,2.140787e+01,2.143560e+01,2.133851e+01,2.135239e+01,2.153952e+01,2.135933e+01,2.139400e+01,2.140094e+01,2.142867e+01,2.148411e+01,2.139400e+01,2.138013e+01,2.149796e+01,2.158106e+01,2.156029e+01,2.150489e+01,2.150489e+01,2.155337e+01,2.140787e+01,2.144946e+01,2.153260e+01,2.134545e+01,2.138707e+01,2.151875e+01,2.166409e+01,2.155337e+01,2.146332e+01,2.146332e+01,2.148411e+01,2.160874e+01,2.151875e+01,2.186445e+01,2.144946e+01,2.148411e+01,2.149796e+01,2.153260e+01,2.147025e+01,2.146332e+01,2.144253e+01,2.153952e+01,2.147718e+01,2.149104e+01,2.154645e+01,2.151875e+01,2.153952e+01,2.156721e+01,2.149796e+01,2.150489e+01,2.166409e+01,2.158106e+01,2.156029e+01,2.162258e+01,2.158798e+01,2.158106e+01,2.165025e+01,2.156029e+01,2.164334e+01
2.149104e+01,2.171248e+01,2.156721e+01,2.157414e+01,2.158106e+01,2.148411e+01,2.162258e+01,2.160182e+01,2.167792e+01,2.176777e+01,2.163642e+01,2.169866e+01,2.171248e+01,2.176777e+01,2.171248e+01,2.169175e+01,2.174704e+01,2.187825e+01,2.176086e+01,2.172631e+01,2.171248e+01,2.169866e+01,2.162950e+01,2.169866e+01,2.172631e+01,2.181612e+01,2.174704e+01,2.167792e+01,2.180231e+01,2.185755e+01,2.158798e+01,2.167100e+01,2.162950e+01,2.176777e+01,2.145639e+01,2.165717e+01,2.168483e+01,2.158106e+01,2.157414e+01,2.171940e+01,2.171940e+01,2.159490e+01,2.153952e+01,2.160182e+01,2.162258e+01,2.160874e+01,2.162950e+01,2.157414e+01,2.155337e+01,2.140787e+01,2.158106e+01,2.155337e+01,2.156721e+01,2.153260e+01,2.153260e+01,2.150489e+01,2.169866e+01,2.153260e+01,2.169175e+01,2.160874e+01,2.156029e+01,2.161566e+01,2.156721e+01,2.151182e+01,2.149104e+01,2.159490e+01,2.151875e+01,2.150489e+01,2.156029e+01,2.156029e+01,2.156721e+01,2.138707e+01,2.145639e+01,2.157414e+01,2.161566e+01,2.156029e+01,2.162950e+01,2.141480e+01,2.161566e+01,2.159490e+01,2.163642e+01,2.164334e+01,2.171248e+01,2.174704e+01,2.167100e+01,2.166409e+01,2.174704e+01,2.167100e+01,2.162258e+01,2.126217e+01,2.118576e+01,2.069818e+01,2.040450e+01,2.055145e+01,2.052348e+01,2.050949e+01,2.040450e+01,2.039050e+01,2.066327e+01,2.070517e+01,2.066327e+01,2.074007e+01,2.053747e+01,2.053747e+01,2.074705e+01,2.071913e+01,2.087259e+01,2.073309e+01,2.088653e+01,2.077496e+01,2.078891e+01,2.087259e+01,2.090047e+01,2.079589e+01,2.083773e+01,2.074705e+01,2.071913e+01,2.079589e+01,2.079589e+01,2.075403e+01,2.066327e+01,2.074007e+01,2.074007e+01,2.080984e+01,2.080984e+01,2.067723e+01,2.080286e+01,2.069120e+01,2.072611e+01,2.071913e+01,2.064231e+01,2.076100e+01,2.087956e+01,2.085865e+01,2.080984e+01,2.084470e+01,2.090047e+01,2.074007e+01,2.074007e+01,2.086562e+01,2.085168e+01,2.088653e+01,2.108148e+01,2.106061e+01,2.109539e+01,2.115796e+01,2.113015e+01,2.128299e+01,2.130382e+01,2.115101e+01,2.123439e+01,2.114406e+01,2.116491e+01,2.133851e+01,2.132464e+01,2.115101e+01,2.126911e+01,2.113015e+01,2.144253e+01,2.113711e+01,2.112320e+01,2.118576e+01,2.136626e+01,2.162950e+01,2.187825e+01,2.163642e+01,2.161566e+01,2.180922e+01,2.182993e+01,2.190586e+01,2.163642e+01,2.175395e+01,2.182303e+01,2.194035e+01,2.195414e+01,2.196793e+01,2.200930e+01,2.200241e+01,2.205065e+01,2.207820e+01,2.207820e+01,2.211263e+01,2.193345e+01,2.187135e+01,2.200241e+01,2.208509e+01,2.193345e+01,2.223650e+01,2.200930e+01,2.220211e+01,2.206442e+01,2.222275e+01,2.218835e+01,2.197483e+01,2.203687e+01,2.200930e+01,2.200930e+01,2.211952e+01,2.202997e+01,2.200930e+01,2.195414e+01,2.192655e+01,2.184374e+01,2.169866e+01,2.191965e+01,2.187135e+01,2.187135e+01,2.163642e+01,2.168483e+01,2.162258e+01,2.168483e+01,2.172631e+01,2.179540e+01,2.152567e+01,2.185065e+01,2.170557e+01,2.164334e+01,2.173322e+01,2.173322e+01,2.174013e+01,2.174013e+01,2.169866e+01,2.184374e+01,2.171248e+01,2.169175e+01,2.173322e+01,2.174013e+01,2.173322e+01,2.174704e+01,2.169866e+01,2.167792e+01,2.160874e+01,2.171940e+01,2.162258e+01,2.174013e+01,2.161566e+01,2.158798e+01,2.159490e+01,2.140094e+01,2.138707e+01,2.138013e+01,2.136626e+01,2.137320e+01,2.139400e+01,2.143560e+01,2.141480e+01,2.127605e+01,2.131770e+01,2.143560e+01,2.133851e+01,2.135239e+01,2.130382e+01,2.128299e+01,2.132464e+01,2.144253e+01,2.135933e+01,2.138013e+01,2.150489e+01,2.149796e+01,2.142174e+01,2.163642e+01,2.181612e+01,2.163642e+01,2.151875e+01,2.146332e+01,2.156721e+01,2.138707e+01,2.149104e+01,2.142867e+01,2.122050e+01,2.124133e+01,2.113711e+01,2.111625e+01,2.105365e+01,2.106756e+01,2.106756e+01,2.090743e+01,2.097709e+01,2.097709e+01,2.090047e+01,2.093530e+01,2.101885e+01,2.090047e+01,2.099797e+01,2.099797e+01,2.102581e+01,2.097709e+01,2.107452e+01,2.113711e+01,2.118576e+01,2.113711e+01,2.119271e+01,2.126217e+01,2.118576e+01,2.126217e+01,2.127605e+01,2.126217e+01,2.125522e+01,2.114406e+01,2.124828e+01,2.128993e+01,2.138707e+01,2.139400e+01,2.165717e+01,2.191276e+01,2.187135e+01,2.191965e+01,2.190586e+01,2.183684e+01,2.179540e+01,2.187825e+01,2.204376e+01,2.185755e+01,2.177468e+01,2.180231e+01,2.161566e+01,2.175395e+01,2.187825e+01,2.171940e+01,2.182993e+01,2.183684e+01,2.177468e+01,2.179540e+01,2.182303e+01,2.181612e+01,2.171940e+01,2.176777e+01,2.157414e+01,2.145639e+01,2.123439e+01,2.121355e+01,2.113711e+01,2.117881e+01,2.115796e+01,2.103277e+01,2.098405e+01,2.094923e+01,2.095619e+01,2.094226e+01,2.099797e+01,2.099101e+01,2.091440e+01,2.092137e+01,2.090743e+01,2.091440e+01,2.086562e+01,2.092833e+01,2.112320e+01,2.112320e+01,2.138707e+01,2.147025e+01,2.158106e+01,2.167792e+01,2.169175e+01,2.180231e+01,2.184374e+01,2.183684e+01,2.182303e+01,2.196104e+01,2.196104e+01,2.200241e+01,2.200930e+01,2.206442e+01,2.220211e+01,2.236022e+01,2.241516e+01,2.254551e+01,2.217459e+01,2.184374e+01,2.157414e+01,2.152567e+01,2.174013e+01,2.225713e+01,2.375881e+01,2.490447e+01,2.546596e+01,2.579211e+01,2.587183e+01,2.588511e+01,2.583198e+01,2.602446e+01,2.608413e+01,2.584526e+01,2.573228e+01,2.544595e+01,2.562583e+01,2.537925e+01,2.524573e+01,2.519227e+01,2.474349e+01,2.473677e+01,2.438711e+01,2.454192e+01,2.421859e+01,2.395514e+01,2.380623e+01,2.360962e+01,2.343983e+01,2.312668e+01,2.240142e+01,2.227088e+01,2.210575e+01,2.205754e+01,2.194725e+01,2.205754e+01,2.220211e+01,2.202308e+01,2.201619e+01,2.197483e+01,2.189896e+01,2.225026e+01,2.207820e+01,2.209198e+01,2.222275e+01,2.197483e+01,2.219523e+01,2.204376e+01,2.214017e+01,2.195414e+01,2.197483e+01,2.200241e+01,2.198172e+01,2.181612e+01,2.176086e+01,2.174704e+01,2.159490e+01,2.169175e+01,2.170557e+01,2.165717e+01,2.181612e+01,2.164334e+01,2.167792e+01,2.171248e+01,2.180231e+01,2.174704e+01,2.195414e+01,2.171940e+01,2.182303e+01,2.179540e+01,2.175395e+01,2.174704e+01,2.171940e+01,2.174013e+01,2.180231e+01,2.182303e+01,2.174704e+01,2.176086e+01,2.176777e+01,2.176086e+01,2.178850e+01,2.180231e+01,2.182993e+01,2.183684e+01,2.180922e+01,2.172631e+01,2.173322e+01,2.184374e+01,2.180231e+01,2.175395e+01,2.180922e+01,2.185755e+01,2.178850e+01,2.171248e+01,2.170557e+01,2.176777e+01,2.174704e+01,2.181612e+01,2.176086e+01,2.182303e+01,2.178159e+01,2.182993e+01,2.186445e+01,2.180922e+01,2.180231e+01,2.166409e+01,2.182993e+01,2.189206e+01,2.189206e+01,2.188516e+01,2.185065e+01,2.187135e+01,2.167792e+01,2.176086e+01,2.169866e+01,2.156029e+01,2.177468e+01,2.174013e+01,2.182993e+01,2.167792e+01,2.164334e+01,2.162258e+01,2.165025e+01,2.164334e+01,2.161566e+01,2.153260e+01,2.168483e+01,2.151875e+01,2.154645e+01,2.149796e+01,2.153952e+01,2.148411e+01,2.158106e+01,2.154645e+01,2.151875e+01,2.156721e+01,2.150489e+01,2.136626e+01,2.127605e+01,2.136626e+01,2.158106e+01,2.168483e+01,2.176086e+01,2.178850e+01,2.188516e+01,2.174013e+01,2.180922e+01,2.180922e+01,2.178850e+01,2.180922e+01,2.175395e+01,2.182993e+01,2.180922e+01,2.178850e+01,2.180231e+01,2.187135e+01,2.185755e+01,2.191276e+01,2.184374e+01,2.185755e+01,2.181612e+01,2.186445e+01,2.187825e+01,2.180231e+01,2.185065e+01,2.179540e+01,2.175395e+01,2.180922e+01,2.182993e+01,2.187825e+01,2.188516e+01,2.192655e+01,2.194035e+01,2.198172e+01,2.191276e+01,2.174704e+01,2.178850e+01,2.177468e+01,2.196793e+01,2.185755e+01,2.187825e+01,2.187135e+01,2.182993e+01,2.180231e+01,2.180231e+01,2.183684e+01,2.170557e+01,2.181612e+01,2.181612e+01,2.183684e+01,2.182993e+01,2.178159e+01,2.178159e+01,2.188516e+01,2.174013e+01,2.171248e+01,2.172631e+01,2.176086e+01,2.171248e+01,2.167792e+01,2.174013e+01,2.170557e+01,2.161566e+01,2.162950e+01,2.159490e+01,2.142867e+01,2.154645e+01,2.159490e+01,2.153952e+01,2.147025e+01,2.155337e+01,2.151182e+01,2.146332e+01,2.149796e+01,2.151875e+01,2.142867e+01,2.146332e+01,2.149104e+01,2.139400e+01,2.142174e+01,2.142867e+01,2.144946e+01,2.139400e+01,2.136626e+01,2.143560e+01,2.140094e+01,2.143560e+01,2.146332e+01,2.148411e+01,2.150489e+01,2.145639e+01,2.147025e+01,2.159490e+01,2.153260e+01,2.142867e+01,2.149796e+01,2.148411e+01,2.147718e+01,2.144946e+01,2.144946e+01,2.148411e+01,2.147718e+01,2.148411e+01,2.165717e+01,2.162258e+01,2.140787e+01,2.151182e+01,2.160874e+01,2.131770e+01,2.139400e+01,2.149796e+01,2.147025e+01,2.160182e+01,2.160182e+01,2.160182e+01,2.153952e+01,2.162258e+01,2.153952e+01,2.151875e+01,2.153260e+01,2.158106e+01,2.155337e+01,2.162950e+01,2.162258e+01,2.159490e+01,2.151182e+01,2.158106e+01,2.152567e+01,2.162258e+01,2.147025e+01,2.160182e+01
2.151875e+01,2.153952e+01,2.151875e+01,2.154645e+01,2.156721e+01,2.165025e+01,2.156029e+01,2.161566e+01,2.165717e+01,2.148411e+01,2.169175e+01,2.172631e+01,2.174013e+01,2.172631e+01,2.177468e+01,2.173322e+01,2.169175e+01,2.174013e+01,2.167792e+01,2.169866e+01,2.171248e+01,2.173322e+01,2.170557e+01,2.171248e+01,2.177468e+01,2.174704e+01,2.173322e+01,2.167100e+01,2.169866e+01,2.168483e+01,2.161566e+01,2.172631e+01,2.172631e+01,2.169866e+01,2.168483e+01,2.175395e+01,2.175395e+01,2.162950e+01,2.174704e+01,2.174013e+01,2.154645e+01,2.158798e+01,2.156721e+01,2.155337e+01,2.169175e+01,2.162258e+01,2.159490e+01,2.159490e+01,2.150489e+01,2.156721e+01,2.151875e+01,2.156721e+01,2.156721e+01,2.152567e+01,2.155337e+01,2.156721e+01,2.134545e+01,2.162950e+01,2.145639e+01,2.153952e+01,2.158798e+01,2.146332e+01,2.149796e+01,2.149796e+01,2.151875e+01,2.146332e+01,2.151182e+01,2.164334e+01,2.149796e+01,2.156029e+01,2.153260e+01,2.154645e+01,2.165025e+01,2.162950e+01,2.151182e+01,2.158106e+01,2.169175e+01,2.161566e+01,2.152567e+01,2.160874e+01,2.163642e+01,2.163642e+01,2.168483e+01,2.165717e+01,2.163642e+01,2.169866e+01,2.165025e+01,2.160874e+01,2.147718e+01,2.125522e+01,2.099101e+01,2.055844e+01,2.055145e+01,2.046751e+01,2.052348e+01,2.048150e+01,2.048850e+01,2.057942e+01,2.047451e+01,2.066327e+01,2.067025e+01,2.067723e+01,2.060039e+01,2.077496e+01,2.078193e+01,2.070517e+01,2.070517e+01,2.074007e+01,2.071215e+01,2.078193e+01,2.076100e+01,2.086562e+01,2.090743e+01,2.082378e+01,2.077496e+01,2.083076e+01,2.075403e+01,2.070517e+01,2.072611e+01,2.078891e+01,2.078193e+01,2.074007e+01,2.073309e+01,2.072611e+01,2.069120e+01,2.047451e+01,2.074705e+01,2.064930e+01,2.062834e+01,2.050949e+01,2.066327e+01,2.071913e+01,2.069818e+01,2.056544e+01,2.071913e+01,2.080286e+01,2.082378e+01,2.082378e+01,2.080286e+01,2.076100e+01,2.071913e+01,2.083773e+01,2.101189e+01,2.110234e+01,2.110234e+01,2.108148e+01,2.128299e+01,2.122744e+01,2.122744e+01,2.103973e+01,2.127605e+01,2.114406e+01,2.116491e+01,2.122050e+01,2.119271e+01,2.117186e+01,2.115101e+01,2.115101e+01,2.117881e+01,2.110234e+01,2.140094e+01,2.147718e+01,2.137320e+01,2.144946e+01,2.134545e+01,2.135933e+01,2.131076e+01,2.149796e+01,2.145639e+01,2.146332e+01,2.141480e+01,2.147718e+01,2.151182e+01,2.158798e+01,2.147718e+01,2.167100e+01,2.166409e+01,2.156029e+01,2.180231e+01,2.185755e+01,2.183684e+01,2.174013e+01,2.185065e+01,2.168483e+01,2.190586e+01,2.198172e+01,2.189206e+01,2.193345e+01,2.206442e+01,2.203687e+01,2.207131e+01,2.209886e+01,2.231212e+01,2.196793e+01,2.217459e+01,2.196104e+01,2.199551e+01,2.198172e+01,2.194035e+01,2.193345e+01,2.185065e+01,2.173322e+01,2.170557e+01,2.169866e+01,2.165717e+01,2.172631e+01,2.185755e+01,2.162950e+01,2.157414e+01,2.168483e+01,2.168483e+01,2.164334e+01,2.178850e+01,2.165717e+01,2.167100e+01,2.163642e+01,2.166409e+01,2.169866e+01,2.165025e+01,2.169175e+01,2.168483e+01,2.169175e+01,2.152567e+01,2.170557e+01,2.165717e+01,2.185755e+01,2.161566e+01,2.165717e+01,2.173322e+01,2.170557e+01,2.164334e+01,2.163642e+01,2.163642e+01,2.171940e+01,2.174704e+01,2.163642e+01,2.160874e+01,2.151875e+01,2.137320e+01,2.139400e+01,2.139400e+01,2.136626e+01,2.134545e+01,2.133851e+01,2.136626e+01,2.133158e+01,2.121355e+01,2.147718e+01,2.140094e+01,2.131076e+01,2.147025e+01,2.131076e+01,2.124828e+01,2.138707e+01,2.140094e+01,2.142867e+01,2.136626e+01,2.125522e+01,2.135933e+01,2.132464e+01,2.161566e+01,2.191276e+01,2.173322e+01,2.173322e+01,2.147025e+01,2.141480e+01,2.122744e+01,2.122744e+01,2.124828e+01,2.107452e+01,2.108148e+01,2.092137e+01,2.087956e+01,2.109539e+01,2.110929e+01,2.096316e+01,2.092137e+01,2.095619e+01,2.117186e+01,2.100493e+01,2.087259e+01,2.092833e+01,2.091440e+01,2.099797e+01,2.089350e+01,2.092137e+01,2.106061e+01,2.102581e+01,2.117186e+01,2.117186e+01,2.138013e+01,2.133158e+01,2.135239e+01,2.113711e+01,2.124828e+01,2.135933e+01,2.115101e+01,2.122050e+01,2.124133e+01,2.129688e+01,2.120660e+01,2.157414e+01,2.174704e+01,2.165025e+01,2.185755e+01,2.178850e+01,2.188516e+01,2.192655e+01,2.175395e+01,2.193345e+01,2.189896e+01,2.181612e+01,2.183684e+01,2.184374e+01,2.182303e+01,2.177468e+01,2.179540e+01,2.167792e+01,2.176777e+01,2.165717e+01,2.169175e+01,2.175395e+01,2.182993e+01,2.178159e+01,2.156721e+01,2.149796e+01,2.146332e+01,2.131076e+01,2.124133e+01,2.103277e+01,2.100493e+01,2.113015e+01,2.111625e+01,2.112320e+01,2.099101e+01,2.100493e+01,2.092137e+01,2.093530e+01,2.090047e+01,2.088653e+01,2.087956e+01,2.094923e+01,2.092833e+01,2.094923e+01,2.090743e+01,2.103277e+01,2.105365e+01,2.129688e+01,2.144253e+01,2.151182e+01,2.153260e+01,2.174013e+01,2.178159e+01,2.191965e+01,2.176086e+01,2.184374e+01,2.182993e+01,2.183684e+01,2.182993e+01,2.182993e+01,2.200930e+01,2.201619e+01,2.185755e+01,2.214017e+01,2.213329e+01,2.236709e+01,2.244948e+01,2.237395e+01,2.207131e+01,2.160182e+01,2.145639e+01,2.165025e+01,2.206442e+01,2.363676e+01,2.482401e+01,2.546596e+01,2.554592e+01,2.583862e+01,2.604436e+01,2.594486e+01,2.591167e+01,2.610401e+01,2.579211e+01,2.594486e+01,2.579211e+01,2.561917e+01,2.554592e+01,2.528580e+01,2.527913e+01,2.502504e+01,2.477034e+01,2.451501e+01,2.452174e+01,2.429277e+01,2.420509e+01,2.396867e+01,2.395514e+01,2.374526e+01,2.348740e+01,2.283993e+01,2.229838e+01,2.218835e+01,2.214706e+01,2.213329e+01,2.204376e+01,2.202997e+01,2.200241e+01,2.189896e+01,2.188516e+01,2.192655e+01,2.198172e+01,2.188516e+01,2.200241e+01,2.209886e+01,2.207820e+01,2.202308e+01,2.199551e+01,2.202997e+01,2.196793e+01,2.193345e+01,2.182303e+01,2.195414e+01,2.171248e+01,2.176086e+01,2.196793e+01,2.162258e+01,2.163642e+01,2.162258e+01,2.165717e+01,2.162950e+01,2.164334e+01,2.165025e+01,2.173322e+01,2.178159e+01,2.170557e+01,2.174013e+01,2.173322e+01,2.166409e+01,2.180231e+01,2.163642e+01,2.178159e+01,2.182303e+01,2.173322e+01,2.171248e+01,2.171940e+01,2.182303e+01,2.169866e+01,2.195414e+01,2.173322e+01,2.180922e+01,2.176086e+01,2.180231e+01,2.182303e+01,2.185065e+01,2.180231e+01,2.182993e+01,2.186445e+01,2.177468e+01,2.187135e+01,2.178850e+01,2.164334e+01,2.165025e+01,2.185755e+01,2.168483e+01,2.173322e+01,2.169175e+01,2.178159e+01,2.177468e+01,2.180922e+01,2.180231e+01,2.169866e+01,2.174013e+01,2.178850e+01,2.180231e+01,2.177468e+01,2.181612e+01,2.175395e+01,2.177468e+01,2.175395e+01,2.163642e+01,2.182993e+01,2.166409e+01,2.176086e+01,2.156721e+01,2.171940e+01,2.168483e+01,2.181612e+01,2.167100e+01,2.166409e+01,2.167100e+01,2.165717e+01,2.147025e+01,2.162950e+01,2.166409e+01,2.163642e+01,2.156721e+01,2.156029e+01,2.148411e+01,2.152567e+01,2.154645e+01,2.149104e+01,2.148411e+01,2.156721e+01,2.151875e+01,2.139400e+01,2.145639e+01,2.142174e+01,2.128299e+01,2.138013e+01,2.141480e+01,2.133851e+01,2.152567e+01,2.168483e+01,2.177468e+01,2.178850e+01,2.176777e+01,2.181612e+01,2.187135e+01,2.183684e+01,2.187135e+01,2.191276e+01,2.189206e+01,2.182993e+01,2.195414e+01,2.183684e+01,2.185755e+01,2.177468e+01,2.183684e+01,2.176086e+01,2.180922e+01,2.181612e+01,2.180922e+01,2.196793e+01,2.169866e+01,2.184374e+01,2.181612e+01,2.175395e+01,2.189206e+01,2.185065e+01,2.175395e+01,2.196793e+01,2.163642e+01,2.188516e+01,2.176086e+01,2.178850e+01,2.177468e+01,2.183684e+01,2.198172e+01,2.185755e+01,2.196793e+01,2.191965e+01,2.185065e+01,2.183684e+01,2.174013e+01,2.180231e+01,2.170557e+01,2.175395e+01,2.179540e+01,2.180922e+01,2.171940e+01,2.180922e+01,2.170557e+01,2.176086e+01,2.162258e+01,2.182993e+01,2.183684e+01,2.177468e+01,2.168483e+01,2.164334e+01,2.154645e+01,2.153952e+01,2.154645e+01,2.156721e+01,2.160874e+01,2.140094e+01,2.158798e+01,2.142174e+01,2.143560e+01,2.161566e+01,2.144946e+01,2.151875e+01,2.146332e+01,2.131076e+01,2.152567e+01,2.142174e+01,2.143560e+01,2.146332e+01,2.147025e+01,2.145639e+01,2.148411e+01,2.132464e+01,2.144253e+01,2.146332e+01,2.158106e+01,2.162950e+01,2.143560e+01,2.144946e+01,2.146332e+01,2.147718e+01,2.142174e+01,2.145639e+01,2.160182e+01,2.155337e+01,2.144253e+01,2.152567e+01,2.155337e+01,2.157414e+01,2.149796e+01,2.143560e+01,2.160182e+01,2.142867e+01,2.162950e+01,2.142174e+01,2.165025e+01,2.156721e+01,2.153952e+01,2.152567e+01,2.151875e+01,2.145639e+01,2.144253e+01,2.144253e+01,2.153260e+01,2.151182e+01,2.139400e+01,2.158106e+01,2.140787e+01,2.158106e+01,2.155337e+01,2.169175e+01,2.142867e+01,2.158798e+01,2.158798e+01,2.142174e+01,2.162258e+01,2.162950e+01,2.163642e+01,2.156029e+01,2.161566e+01,2.160182e+01,2.157414e+01
2.154645e+01,2.150489e+01,2.154645e+01,2.162950e+01,2.157414e+01,2.153952e+01,2.163642e+01,2.165025e+01,2.164334e+01,2.169175e+01,2.174013e+01,2.171940e+01,2.171940e+01,2.174013e+01,2.174704e+01,2.174704e+01,2.160182e+01,2.174013e+01,2.171940e+01,2.174704e+01,2.160182e+01,2.184374e+01,2.171248e+01,2.176777e+01,2.175395e+01,2.164334e+01,2.165025e+01,2.166409e+01,2.166409e+01,2.162950e+01,2.174013e+01,2.162950e+01,2.162258e+01,2.173322e+01,2.156029e+01,2.168483e+01,2.158798e+01,2.153260e+01,2.162258e+01,2.174013e+01,2.165717e+01,2.169175e+01,2.171248e+01,2.158106e+01,2.153260e+01,2.156029e+01,2.156029e+01,2.162950e+01,2.147025e+01,2.158798e+01,2.149796e+01,2.151182e+01,2.153260e+01,2.149104e+01,2.149796e+01,2.151875e+01,2.155337e+01,2.147718e+01,2.156721e+01,2.149796e+01,2.155337e+01,2.147025e+01,2.151182e+01,2.153952e+01,2.156721e+01,2.170557e+01,2.174013e+01,2.150489e+01,2.176086e+01,2.161566e+01,2.158798e+01,2.147025e+01,2.157414e+01,2.178159e+01,2.160182e+01,2.174704e+01,2.172631e+01,2.171940e+01,2.158798e+01,2.184374e+01,2.164334e+01,2.157414e+01,2.167792e+01,2.167100e+01,2.158106e+01,2.164334e+01,2.162950e+01,2.166409e+01,2.132464e+01,2.128993e+01,2.075403e+01,2.051648e+01,2.060737e+01,2.051648e+01,2.048850e+01,2.060039e+01,2.048150e+01,2.046051e+01,2.043951e+01,2.053047e+01,2.050949e+01,2.067723e+01,2.052348e+01,2.066327e+01,2.077496e+01,2.074007e+01,2.076798e+01,2.081681e+01,2.071913e+01,2.077496e+01,2.072611e+01,2.069818e+01,2.068422e+01,2.076798e+01,2.070517e+01,2.070517e+01,2.072611e+01,2.073309e+01,2.078193e+01,2.065628e+01,2.071215e+01,2.063532e+01,2.074705e+01,2.071913e+01,2.070517e+01,2.067025e+01,2.045351e+01,2.058641e+01,2.059340e+01,2.050249e+01,2.058641e+01,2.057243e+01,2.057243e+01,2.047451e+01,2.078891e+01,2.080286e+01,2.075403e+01,2.080984e+01,2.095619e+01,2.098405e+01,2.069120e+01,2.076798e+01,2.097012e+01,2.104669e+01,2.113015e+01,2.120660e+01,2.118576e+01,2.101189e+01,2.115796e+01,2.125522e+01,2.106756e+01,2.126217e+01,2.109539e+01,2.124133e+01,2.113015e+01,2.114406e+01,2.119966e+01,2.113711e+01,2.119966e+01,2.154645e+01,2.159490e+01,2.123439e+01,2.120660e+01,2.115796e+01,2.127605e+01,2.122744e+01,2.131076e+01,2.147025e+01,2.131076e+01,2.131076e+01,2.147025e+01,2.150489e+01,2.149104e+01,2.156029e+01,2.147025e+01,2.146332e+01,2.148411e+01,2.146332e+01,2.158106e+01,2.151875e+01,2.148411e+01,2.168483e+01,2.142174e+01,2.149796e+01,2.149796e+01,2.147718e+01,2.159490e+01,2.157414e+01,2.172631e+01,2.156721e+01,2.173322e+01,2.189896e+01,2.188516e+01,2.192655e+01,2.200241e+01,2.199551e+01,2.195414e+01,2.190586e+01,2.187135e+01,2.186445e+01,2.183684e+01,2.182303e+01,2.171248e+01,2.177468e+01,2.179540e+01,2.168483e+01,2.184374e+01,2.167792e+01,2.156721e+01,2.162258e+01,2.162950e+01,2.174704e+01,2.173322e+01,2.163642e+01,2.165025e+01,2.164334e+01,2.159490e+01,2.171248e+01,2.159490e+01,2.163642e+01,2.166409e+01,2.166409e+01,2.188516e+01,2.168483e+01,2.172631e+01,2.170557e+01,2.167100e+01,2.172631e+01,2.168483e+01,2.169175e+01,2.166409e+01,2.172631e+01,2.179540e+01,2.167792e+01,2.175395e+01,2.165717e+01,2.162950e+01,2.160874e+01,2.161566e+01,2.141480e+01,2.129688e+01,2.134545e+01,2.130382e+01,2.133158e+01,2.135933e+01,2.137320e+01,2.123439e+01,2.130382e+01,2.133158e+01,2.131076e+01,2.126217e+01,2.119966e+01,2.123439e+01,2.122744e+01,2.128993e+01,2.142174e+01,2.122744e+01,2.122050e+01,2.126217e+01,2.144253e+01,2.153260e+01,2.174013e+01,2.170557e+01,2.132464e+01,2.101885e+01,2.102581e+01,2.108843e+01,2.102581e+01,2.120660e+01,2.088653e+01,2.123439e+01,2.116491e+01,2.101189e+01,2.103277e+01,2.086562e+01,2.099101e+01,2.104669e+01,2.087956e+01,2.096316e+01,2.095619e+01,2.095619e+01,2.094923e+01,2.090047e+01,2.090047e+01,2.083076e+01,2.103277e+01,2.110929e+01,2.106756e+01,2.119271e+01,2.116491e+01,2.122050e+01,2.127605e+01,2.131076e+01,2.162950e+01,2.162258e+01,2.159490e+01,2.138707e+01,2.160874e+01,2.151875e+01,2.157414e+01,2.184374e+01,2.185755e+01,2.191276e+01,2.194725e+01,2.188516e+01,2.194035e+01,2.195414e+01,2.194725e+01,2.191965e+01,2.186445e+01,2.183684e+01,2.185755e+01,2.183684e+01,2.182993e+01,2.176777e+01,2.174704e+01,2.180922e+01,2.157414e+01,2.165717e+01,2.160182e+01,2.167792e+01,2.168483e+01,2.145639e+01,2.138013e+01,2.137320e+01,2.116491e+01,2.147025e+01,2.115796e+01,2.102581e+01,2.124828e+01,2.115101e+01,2.100493e+01,2.102581e+01,2.113015e+01,2.098405e+01,2.100493e+01,2.103277e+01,2.101885e+01,2.091440e+01,2.094923e+01,2.102581e+01,2.094226e+01,2.106061e+01,2.111625e+01,2.124133e+01,2.125522e+01,2.135239e+01,2.154645e+01,2.166409e+01,2.178159e+01,2.182993e+01,2.196793e+01,2.195414e+01,2.198172e+01,2.198172e+01,2.190586e+01,2.206442e+01,2.202308e+01,2.185755e+01,2.184374e+01,2.199551e+01,2.201619e+01,2.205065e+01,2.201619e+01,2.207131e+01,2.234648e+01,2.229838e+01,2.223650e+01,2.208509e+01,2.161566e+01,2.163642e+01,2.173322e+01,2.207820e+01,2.381978e+01,2.518559e+01,2.553926e+01,2.579211e+01,2.579211e+01,2.601783e+01,2.612389e+01,2.614376e+01,2.607750e+01,2.609076e+01,2.584526e+01,2.584526e+01,2.572563e+01,2.545262e+01,2.539927e+01,2.529248e+01,2.504512e+01,2.499826e+01,2.475691e+01,2.450155e+01,2.430625e+01,2.423208e+01,2.406330e+01,2.415785e+01,2.366390e+01,2.362998e+01,2.312668e+01,2.284676e+01,2.229151e+01,2.213329e+01,2.206442e+01,2.207131e+01,2.189206e+01,2.192655e+01,2.188516e+01,2.191276e+01,2.189206e+01,2.192655e+01,2.192655e+01,2.207820e+01,2.197483e+01,2.198172e+01,2.196104e+01,2.207820e+01,2.189896e+01,2.186445e+01,2.205754e+01,2.199551e+01,2.191276e+01,2.189206e+01,2.179540e+01,2.173322e+01,2.171940e+01,2.167100e+01,2.163642e+01,2.163642e+01,2.174013e+01,2.174013e+01,2.173322e+01,2.181612e+01,2.171940e+01,2.174013e+01,2.171940e+01,2.176086e+01,2.174704e+01,2.164334e+01,2.173322e+01,2.182303e+01,2.184374e+01,2.167100e+01,2.182303e+01,2.171940e+01,2.174013e+01,2.177468e+01,2.169866e+01,2.171940e+01,2.169866e+01,2.164334e+01,2.191965e+01,2.169866e+01,2.173322e+01,2.168483e+01,2.180231e+01,2.180922e+01,2.174704e+01,2.177468e+01,2.170557e+01,2.187135e+01,2.182993e+01,2.171248e+01,2.173322e+01,2.172631e+01,2.176086e+01,2.167792e+01,2.171248e+01,2.180922e+01,2.179540e+01,2.168483e+01,2.184374e+01,2.181612e+01,2.176086e+01,2.166409e+01,2.176777e+01,2.170557e+01,2.185065e+01,2.187825e+01,2.178850e+01,2.168483e+01,2.176086e+01,2.176777e+01,2.182303e+01,2.177468e+01,2.174013e+01,2.174013e+01,2.164334e+01,2.167100e+01,2.173322e+01,2.168483e+01,2.169866e+01,2.169175e+01,2.165025e+01,2.163642e+01,2.151875e+01,2.152567e+01,2.146332e+01,2.156029e+01,2.158798e+01,2.147718e+01,2.147718e+01,2.149104e+01,2.138013e+01,2.156029e+01,2.142867e+01,2.142867e+01,2.127605e+01,2.126217e+01,2.131770e+01,2.128299e+01,2.129688e+01,2.137320e+01,2.178850e+01,2.181612e+01,2.171940e+01,2.178159e+01,2.174013e+01,2.183684e+01,2.192655e+01,2.191276e+01,2.187825e+01,2.179540e+01,2.185755e+01,2.182993e+01,2.185755e+01,2.182303e+01,2.183684e+01,2.187825e+01,2.182303e+01,2.182993e+01,2.183684e+01,2.182303e+01,2.185755e+01,2.184374e+01,2.176777e+01,2.198862e+01,2.193345e+01,2.185755e+01,2.201619e+01,2.187825e+01,2.183684e+01,2.185065e+01,2.180231e+01,2.180231e+01,2.178850e+01,2.185065e+01,2.173322e+01,2.182993e+01,2.198172e+01,2.189896e+01,2.197483e+01,2.180922e+01,2.177468e+01,2.194725e+01,2.189896e+01,2.182993e+01,2.185755e+01,2.172631e+01,2.179540e+01,2.178159e+01,2.179540e+01,2.187135e+01,2.187825e+01,2.162258e+01,2.176777e+01,2.171248e+01,2.165717e+01,2.166409e+01,2.174013e+01,2.167792e+01,2.167792e+01,2.160182e+01,2.151875e+01,2.151182e+01,2.151182e+01,2.163642e+01,2.157414e+01,2.144946e+01,2.158106e+01,2.144946e+01,2.151182e+01,2.144946e+01,2.129688e+01,2.143560e+01,2.132464e+01,2.131770e+01,2.136626e+01,2.142174e+01,2.151182e+01,2.156721e+01,2.144946e+01,2.144253e+01,2.129688e+01,2.153260e+01,2.145639e+01,2.153952e+01,2.148411e+01,2.142867e+01,2.140787e+01,2.149104e+01,2.151182e+01,2.147025e+01,2.151182e+01,2.153260e+01,2.137320e+01,2.144253e+01,2.147718e+01,2.154645e+01,2.144946e+01,2.142174e+01,2.143560e+01,2.153260e+01,2.151875e+01,2.158798e+01,2.156721e+01,2.146332e+01,2.157414e+01,2.138013e+01,2.147718e+01,2.144946e+01,2.144946e+01,2.144253e+01,2.157414e+01,2.156029e+01,2.158798e+01,2.147025e+01,2.147718e+01,2.156029e+01,2.145639e+01,2.146332e+01,2.161566e+01,2.138707e+01,2.144946e+01,2.160182e+01,2.159490e+01,2.161566e+01,2.162258e+01,2.159490e+01,2.169175e+01
2.156029e+01,2.152567e+01,2.153260e+01,2.162950e+01,2.176086e+01,2.162258e+01,2.165025e+01,2.165717e+01,2.169175e+01,2.167792e+01,2.174013e+01,2.176086e+01,2.164334e+01,2.165717e+01,2.170557e+01,2.179540e+01,2.176777e+01,2.174704e+01,2.158106e+01,2.173322e+01,2.171248e+01,2.168483e+01,2.166409e+01,2.174704e+01,2.174704e+01,2.162950e+01,2.165025e+01,2.182993e+01,2.163642e+01,2.167100e+01,2.158798e+01,2.170557e+01,2.172631e+01,2.141480e+01,2.160874e+01,2.150489e+01,2.151182e+01,2.156721e+01,2.160182e+01,2.165025e+01,2.165025e+01,2.147025e+01,2.160874e+01,2.156029e+01,2.160874e+01,2.154645e+01,2.153260e+01,2.147718e+01,2.148411e+01,2.151182e+01,2.149104e+01,2.151875e+01,2.149104e+01,2.154645e+01,2.152567e+01,2.152567e+01,2.150489e+01,2.141480e+01,2.146332e+01,2.153952e+01,2.159490e+01,2.158798e+01,2.162258e+01,2.147025e+01,2.169866e+01,2.149796e+01,2.160874e+01,2.159490e+01,2.159490e+01,2.155337e+01,2.158798e+01,2.157414e+01,2.153952e+01,2.159490e+01,2.179540e+01,2.174013e+01,2.165717e+01,2.160182e+01,2.161566e+01,2.166409e+01,2.172631e+01,2.162950e+01,2.169175e+01,2.170557e+01,2.170557e+01,2.158106e+01,2.161566e+01,2.166409e+01,2.137320e+01,2.119966e+01,2.062135e+01,2.058641e+01,2.039050e+01,2.060039e+01,2.039750e+01,2.044651e+01,2.057942e+01,2.043251e+01,2.053747e+01,2.067025e+01,2.047451e+01,2.074007e+01,2.052348e+01,2.065628e+01,2.074007e+01,2.063532e+01,2.076100e+01,2.076100e+01,2.072611e+01,2.073309e+01,2.075403e+01,2.090743e+01,2.081681e+01,2.071215e+01,2.068422e+01,2.071215e+01,2.078891e+01,2.073309e+01,2.068422e+01,2.061436e+01,2.067025e+01,2.069120e+01,2.071215e+01,2.059340e+01,2.049550e+01,2.059340e+01,2.046751e+01,2.047451e+01,2.041151e+01,2.041851e+01,2.057942e+01,2.037649e+01,2.067723e+01,2.043951e+01,2.076100e+01,2.078891e+01,2.080984e+01,2.099797e+01,2.119966e+01,2.116491e+01,2.092137e+01,2.096316e+01,2.088653e+01,2.113015e+01,2.110234e+01,2.103277e+01,2.110929e+01,2.114406e+01,2.110929e+01,2.117186e+01,2.110929e+01,2.104669e+01,2.117881e+01,2.119966e+01,2.113711e+01,2.113015e+01,2.122744e+01,2.125522e+01,2.153260e+01,2.161566e+01,2.149104e+01,2.108148e+01,2.112320e+01,2.115796e+01,2.122050e+01,2.128299e+01,2.125522e+01,2.131770e+01,2.149104e+01,2.135239e+01,2.143560e+01,2.151182e+01,2.150489e+01,2.156721e+01,2.147718e+01,2.142867e+01,2.144253e+01,2.148411e+01,2.153952e+01,2.148411e+01,2.143560e+01,2.151182e+01,2.150489e+01,2.143560e+01,2.156029e+01,2.153952e+01,2.156721e+01,2.153952e+01,2.150489e+01,2.144946e+01,2.153260e+01,2.149104e+01,2.149104e+01,2.141480e+01,2.164334e+01,2.161566e+01,2.162950e+01,2.162950e+01,2.167100e+01,2.179540e+01,2.169866e+01,2.165025e+01,2.177468e+01,2.166409e+01,2.171248e+01,2.156721e+01,2.160874e+01,2.156721e+01,2.134545e+01,2.140094e+01,2.159490e+01,2.162258e+01,2.171940e+01,2.170557e+01,2.161566e+01,2.171940e+01,2.172631e+01,2.175395e+01,2.169175e+01,2.164334e+01,2.174013e+01,2.165025e+01,2.170557e+01,2.175395e+01,2.170557e+01,2.171248e+01,2.173322e+01,2.174013e+01,2.173322e+01,2.167100e+01,2.171248e+01,2.162258e+01,2.186445e+01,2.171940e+01,2.176777e+01,2.176777e+01,2.161566e+01,2.140094e+01,2.140787e+01,2.124828e+01,2.133851e+01,2.117881e+01,2.117186e+01,2.122050e+01,2.137320e+01,2.152567e+01,2.144253e+01,2.145639e+01,2.134545e+01,2.135933e+01,2.128993e+01,2.135239e+01,2.117881e+01,2.119271e+01,2.141480e+01,2.131076e+01,2.122744e+01,2.119966e+01,2.121355e+01,2.131770e+01,2.133851e+01,2.156029e+01,2.161566e+01,2.151875e+01,2.110234e+01,2.099797e+01,2.090047e+01,2.095619e+01,2.085865e+01,2.087956e+01,2.096316e+01,2.093530e+01,2.105365e+01,2.095619e+01,2.102581e+01,2.099797e+01,2.097012e+01,2.085865e+01,2.087956e+01,2.091440e+01,2.091440e+01,2.076798e+01,2.095619e+01,2.083773e+01,2.091440e+01,2.087956e+01,2.103277e+01,2.116491e+01,2.121355e+01,2.129688e+01,2.114406e+01,2.130382e+01,2.155337e+01,2.186445e+01,2.185065e+01,2.187135e+01,2.189206e+01,2.168483e+01,2.171248e+01,2.194035e+01,2.191276e+01,2.187135e+01,2.187135e+01,2.184374e+01,2.189206e+01,2.174013e+01,2.194725e+01,2.185065e+01,2.196104e+01,2.194725e+01,2.184374e+01,2.185065e+01,2.176777e+01,2.181612e+01,2.179540e+01,2.174704e+01,2.163642e+01,2.168483e+01,2.168483e+01,2.162258e+01,2.163642e+01,2.151875e+01,2.128993e+01,2.126217e+01,2.122744e+01,2.126911e+01,2.126217e+01,2.110929e+01,2.101885e+01,2.104669e+01,2.105365e+01,2.113015e+01,2.101885e+01,2.104669e+01,2.100493e+01,2.097709e+01,2.101189e+01,2.103973e+01,2.103277e+01,2.097709e+01,2.122744e+01,2.131770e+01,2.131076e+01,2.132464e+01,2.133851e+01,2.156721e+01,2.168483e+01,2.173322e+01,2.195414e+01,2.196793e+01,2.195414e+01,2.198172e+01,2.195414e+01,2.198862e+01,2.198862e+01,2.207131e+01,2.199551e+01,2.204376e+01,2.203687e+01,2.197483e+01,2.191965e+01,2.207820e+01,2.209886e+01,2.205754e+01,2.205065e+01,2.228463e+01,2.232587e+01,2.229151e+01,2.204376e+01,2.161566e+01,2.162950e+01,2.185755e+01,2.196104e+01,2.351457e+01,2.521232e+01,2.571898e+01,2.580540e+01,2.598467e+01,2.614376e+01,2.614376e+01,2.615701e+01,2.612389e+01,2.594486e+01,2.586519e+01,2.559254e+01,2.545929e+01,2.530584e+01,2.504512e+01,2.478376e+01,2.415110e+01,2.411734e+01,2.413085e+01,2.429951e+01,2.444098e+01,2.413085e+01,2.411059e+01,2.398895e+01,2.371136e+01,2.358247e+01,2.352136e+01,2.333101e+01,2.285360e+01,2.238082e+01,2.211952e+01,2.205754e+01,2.190586e+01,2.193345e+01,2.182993e+01,2.189896e+01,2.181612e+01,2.197483e+01,2.174704e+01,2.199551e+01,2.206442e+01,2.203687e+01,2.187135e+01,2.188516e+01,2.189896e+01,2.188516e+01,2.185065e+01,2.188516e+01,2.183684e+01,2.166409e+01,2.176777e+01,2.175395e+01,2.165717e+01,2.168483e+01,2.166409e+01,2.161566e+01,2.167792e+01,2.165025e+01,2.176086e+01,2.169175e+01,2.168483e+01,2.175395e+01,2.169175e+01,2.163642e+01,2.171940e+01,2.179540e+01,2.184374e+01,2.182303e+01,2.171248e+01,2.178850e+01,2.179540e+01,2.177468e+01,2.180922e+01,2.179540e+01,2.164334e+01,2.173322e+01,2.170557e+01,2.167792e+01,2.180922e+01,2.195414e+01,2.181612e+01,2.180922e+01,2.179540e+01,2.183684e+01,2.176086e+01,2.164334e+01,2.162950e+01,2.162258e+01,2.165025e+01,2.162258e+01,2.166409e+01,2.176086e+01,2.165717e+01,2.177468e+01,2.179540e+01,2.182993e+01,2.170557e+01,2.171940e+01,2.176086e+01,2.180231e+01,2.181612e+01,2.166409e+01,2.170557e+01,2.171940e+01,2.182303e+01,2.188516e+01,2.184374e+01,2.165025e+01,2.164334e+01,2.172631e+01,2.169175e+01,2.163642e+01,2.176086e+01,2.165717e+01,2.165025e+01,2.169175e+01,2.155337e+01,2.169175e+01,2.166409e+01,2.167792e+01,2.168483e+01,2.152567e+01,2.151182e+01,2.161566e+01,2.150489e+01,2.155337e+01,2.154645e+01,2.153952e+01,2.151875e+01,2.142867e+01,2.138707e+01,2.147025e+01,2.151875e+01,2.148411e+01,2.139400e+01,2.141480e+01,2.126911e+01,2.133158e+01,2.131076e+01,2.118576e+01,2.144946e+01,2.149104e+01,2.168483e+01,2.187825e+01,2.166409e+01,2.176777e+01,2.178850e+01,2.186445e+01,2.182993e+01,2.193345e+01,2.187825e+01,2.187135e+01,2.182993e+01,2.189206e+01,2.183684e+01,2.176777e+01,2.181612e+01,2.183684e+01,2.170557e+01,2.180231e+01,2.176777e+01,2.191965e+01,2.182993e+01,2.180231e+01,2.196793e+01,2.187825e+01,2.176086e+01,2.187135e+01,2.171940e+01,2.175395e+01,2.182303e+01,2.187135e+01,2.181612e+01,2.184374e+01,2.174704e+01,2.192655e+01,2.174704e+01,2.191965e+01,2.182993e+01,2.180922e+01,2.179540e+01,2.189206e+01,2.178850e+01,2.180231e+01,2.173322e+01,2.176777e+01,2.185065e+01,2.176086e+01,2.162258e+01,2.171940e+01,2.181612e+01,2.174704e+01,2.179540e+01,2.174013e+01,2.172631e+01,2.167792e+01,2.180231e+01,2.164334e+01,2.156721e+01,2.167100e+01,2.157414e+01,2.148411e+01,2.165717e+01,2.143560e+01,2.140094e+01,2.148411e+01,2.158106e+01,2.157414e+01,2.156721e+01,2.153952e+01,2.135933e+01,2.143560e+01,2.143560e+01,2.132464e+01,2.141480e+01,2.148411e+01,2.127605e+01,2.144946e+01,2.122050e+01,2.149796e+01,2.149104e+01,2.147718e+01,2.152567e+01,2.149104e+01,2.144253e+01,2.151875e+01,2.143560e+01,2.151875e+01,2.151182e+01,2.140787e+01,2.150489e+01,2.141480e+01,2.157414e+01,2.154645e+01,2.158798e+01,2.154645e+01,2.149796e+01,2.143560e+01,2.141480e+01,2.161566e+01,2.140787e+01,2.138707e+01,2.150489e+01,2.147718e+01,2.146332e+01,2.147025e+01,2.146332e+01,2.145639e+01,2.141480e+01,2.147025e+01,2.144253e+01,2.151875e+01,2.158798e+01,2.147718e+01,2.152567e+01,2.147025e+01,2.139400e+01,2.160182e+01,2.166409e+01,2.159490e+01,2.155337e+01,2.169175e+01,2.161566e+01,2.162258e+01,2.169175e+01,2.167792e+01,2.174013e+01
2.169175e+01,2.158798e+01,2.165025e+01,2.167792e+01,2.164334e+01,2.153952e+01,2.156721e+01,2.146332e+01,2.164334e+01,2.147718e+01,2.160182e+01,2.171248e+01,2.176777e+01,2.169175e+01,2.168483e+01,2.162950e+01,2.172631e+01,2.169175e+01,2.170557e+01,2.172631e+01,2.167100e+01,2.161566e+01,2.174704e+01,2.185065e+01,2.147718e+01,2.183684e+01,2.160874e+01,2.165025e+01,2.178850e+01,2.163642e+01,2.163642e+01,2.171940e+01,2.155337e+01,2.151875e+01,2.160874e+01,2.168483e+01,2.152567e+01,2.174704e+01,2.150489e+01,2.160874e+01,2.167100e+01,2.148411e+01,2.161566e+01,2.161566e+01,2.160182e+01,2.153260e+01,2.153260e+01,2.158798e+01,2.156029e+01,2.150489e+01,2.150489e+01,2.158798e+01,2.157414e+01,2.144946e+01,2.154645e+01,2.162950e+01,2.157414e+01,2.138707e+01,2.144253e+01,2.151182e+01,2.156721e+01,2.148411e+01,2.149104e+01,2.160874e+01,2.159490e+01,2.158106e+01,2.174013e+01,2.157414e+01,2.154645e+01,2.156721e+01,2.166409e+01,2.160182e+01,2.157414e+01,2.167100e+01,2.158106e+01,2.153260e+01,2.163642e+01,2.171248e+01,2.165717e+01,2.178850e+01,2.185755e+01,2.161566e+01,2.173322e+01,2.177468e+01,2.158798e+01,2.174013e+01,2.159490e+01,2.153952e+01,2.146332e+01,2.140094e+01,2.052348e+01,2.048850e+01,2.045351e+01,2.054446e+01,2.052348e+01,2.045351e+01,2.054446e+01,2.055145e+01,2.055844e+01,2.062834e+01,2.060039e+01,2.064231e+01,2.058641e+01,2.062834e+01,2.065628e+01,2.062135e+01,2.069818e+01,2.073309e+01,2.065628e+01,2.071215e+01,2.074007e+01,2.070517e+01,2.070517e+01,2.069818e+01,2.085865e+01,2.070517e+01,2.069120e+01,2.069818e+01,2.065628e+01,2.071215e+01,2.064231e+01,2.054446e+01,2.061436e+01,2.046751e+01,2.070517e+01,2.057942e+01,2.057243e+01,2.056544e+01,2.044651e+01,2.042551e+01,2.043251e+01,2.062834e+01,2.064231e+01,2.076100e+01,2.092833e+01,2.107452e+01,2.146332e+01,2.151182e+01,2.156029e+01,2.121355e+01,2.069818e+01,2.089350e+01,2.102581e+01,2.119271e+01,2.112320e+01,2.108148e+01,2.106061e+01,2.110234e+01,2.101189e+01,2.108148e+01,2.103973e+01,2.103277e+01,2.109539e+01,2.116491e+01,2.108148e+01,2.117186e+01,2.123439e+01,2.156029e+01,2.159490e+01,2.160182e+01,2.110234e+01,2.109539e+01,2.119966e+01,2.106756e+01,2.123439e+01,2.128299e+01,2.131076e+01,2.141480e+01,2.152567e+01,2.132464e+01,2.142867e+01,2.156721e+01,2.147718e+01,2.153952e+01,2.156721e+01,2.156721e+01,2.166409e+01,2.165025e+01,2.147718e+01,2.152567e+01,2.157414e+01,2.144946e+01,2.150489e+01,2.156029e+01,2.151182e+01,2.152567e+01,2.152567e+01,2.153260e+01,2.149796e+01,2.147025e+01,2.126217e+01,2.142867e+01,2.138013e+01,2.135933e+01,2.147025e+01,2.141480e+01,2.141480e+01,2.151875e+01,2.150489e+01,2.154645e+01,2.160874e+01,2.160874e+01,2.162258e+01,2.165717e+01,2.160874e+01,2.159490e+01,2.166409e+01,2.142174e+01,2.139400e+01,2.120660e+01,2.132464e+01,2.134545e+01,2.172631e+01,2.162950e+01,2.178159e+01,2.177468e+01,2.164334e+01,2.173322e+01,2.164334e+01,2.163642e+01,2.170557e+01,2.171248e+01,2.172631e+01,2.169175e+01,2.171940e+01,2.184374e+01,2.172631e+01,2.170557e+01,2.178159e+01,2.180922e+01,2.168483e+01,2.171248e+01,2.186445e+01,2.162950e+01,2.162258e+01,2.163642e+01,2.144946e+01,2.128993e+01,2.116491e+01,2.135239e+01,2.114406e+01,2.118576e+01,2.120660e+01,2.133158e+01,2.122050e+01,2.147025e+01,2.120660e+01,2.136626e+01,2.136626e+01,2.135239e+01,2.134545e+01,2.134545e+01,2.135933e+01,2.135239e+01,2.131770e+01,2.138013e+01,2.126217e+01,2.120660e+01,2.118576e+01,2.138707e+01,2.152567e+01,2.174013e+01,2.189896e+01,2.169175e+01,2.134545e+01,2.094226e+01,2.098405e+01,2.084470e+01,2.088653e+01,2.084470e+01,2.092833e+01,2.085865e+01,2.095619e+01,2.097012e+01,2.086562e+01,2.097709e+01,2.076798e+01,2.087259e+01,2.087259e+01,2.092137e+01,2.083076e+01,2.090743e+01,2.081681e+01,2.086562e+01,2.085865e+01,2.083773e+01,2.099797e+01,2.092833e+01,2.122744e+01,2.124828e+01,2.132464e+01,2.156029e+01,2.165717e+01,2.185065e+01,2.189206e+01,2.205065e+01,2.206442e+01,2.195414e+01,2.183684e+01,2.194035e+01,2.188516e+01,2.198172e+01,2.195414e+01,2.192655e+01,2.192655e+01,2.188516e+01,2.196104e+01,2.196793e+01,2.195414e+01,2.191276e+01,2.191276e+01,2.189206e+01,2.185065e+01,2.176777e+01,2.173322e+01,2.171940e+01,2.163642e+01,2.167792e+01,2.156029e+01,2.141480e+01,2.140787e+01,2.125522e+01,2.135239e+01,2.128993e+01,2.120660e+01,2.097709e+01,2.099797e+01,2.100493e+01,2.106756e+01,2.103973e+01,2.099101e+01,2.107452e+01,2.099101e+01,2.097709e+01,2.102581e+01,2.100493e+01,2.114406e+01,2.101885e+01,2.108843e+01,2.089350e+01,2.129688e+01,2.129688e+01,2.158106e+01,2.158106e+01,2.165717e+01,2.171940e+01,2.189206e+01,2.174704e+01,2.192655e+01,2.197483e+01,2.196793e+01,2.200241e+01,2.209886e+01,2.197483e+01,2.198172e+01,2.227776e+01,2.200930e+01,2.199551e+01,2.191965e+01,2.209886e+01,2.211952e+01,2.211263e+01,2.191965e+01,2.209886e+01,2.207820e+01,2.230525e+01,2.230525e+01,2.230525e+01,2.238082e+01,2.176777e+01,2.164334e+01,2.171940e+01,2.196104e+01,2.350778e+01,2.517222e+01,2.572563e+01,2.595149e+01,2.616363e+01,2.615038e+01,2.611726e+01,2.597803e+01,2.586519e+01,2.514547e+01,2.514547e+01,2.484413e+01,2.464275e+01,2.409708e+01,2.317439e+01,2.299023e+01,2.227088e+01,2.226401e+01,2.227776e+01,2.259350e+01,2.291510e+01,2.320165e+01,2.333101e+01,2.352136e+01,2.368424e+01,2.349419e+01,2.350778e+01,2.331060e+01,2.331060e+01,2.307894e+01,2.239456e+01,2.206442e+01,2.191276e+01,2.171940e+01,2.174013e+01,2.191276e+01,2.180922e+01,2.193345e+01,2.180231e+01,2.176777e+01,2.205065e+01,2.191965e+01,2.184374e+01,2.192655e+01,2.188516e+01,2.187825e+01,2.190586e+01,2.171940e+01,2.181612e+01,2.185065e+01,2.171940e+01,2.171248e+01,2.166409e+01,2.163642e+01,2.161566e+01,2.160182e+01,2.174013e+01,2.170557e+01,2.165025e+01,2.166409e+01,2.166409e+01,2.165717e+01,2.163642e+01,2.169866e+01,2.173322e+01,2.170557e+01,2.169175e+01,2.169866e+01,2.180922e+01,2.182303e+01,2.174013e+01,2.174704e+01,2.169175e+01,2.170557e+01,2.178159e+01,2.180922e+01,2.174704e+01,2.198172e+01,2.163642e+01,2.180231e+01,2.180231e+01,2.178159e+01,2.173322e+01,2.172631e+01,2.171248e+01,2.176086e+01,2.158106e+01,2.162950e+01,2.170557e+01,2.175395e+01,2.178850e+01,2.170557e+01,2.165717e+01,2.167100e+01,2.176086e+01,2.169866e+01,2.181612e+01,2.176777e+01,2.187135e+01,2.186445e+01,2.172631e+01,2.169866e+01,2.171248e+01,2.174013e+01,2.172631e+01,2.179540e+01,2.188516e+01,2.172631e+01,2.165025e+01,2.162950e+01,2.176777e+01,2.187135e+01,2.171248e+01,2.184374e+01,2.165717e+01,2.167792e+01,2.161566e+01,2.164334e+01,2.162950e+01,2.166409e+01,2.164334e+01,2.163642e+01,2.149796e+01,2.158798e+01,2.158106e+01,2.157414e+01,2.165717e+01,2.152567e+01,2.150489e+01,2.151875e+01,2.152567e+01,2.144946e+01,2.145639e+01,2.149796e+01,2.144253e+01,2.139400e+01,2.142174e+01,2.112320e+01,2.129688e+01,2.124133e+01,2.117186e+01,2.136626e+01,2.170557e+01,2.160182e+01,2.171940e+01,2.162258e+01,2.181612e+01,2.188516e+01,2.189896e+01,2.199551e+01,2.196793e+01,2.170557e+01,2.192655e+01,2.181612e+01,2.185065e+01,2.167100e+01,2.186445e+01,2.183684e+01,2.186445e+01,2.182993e+01,2.190586e+01,2.191276e+01,2.183684e+01,2.187825e+01,2.197483e+01,2.178159e+01,2.183684e+01,2.193345e+01,2.180231e+01,2.182303e+01,2.183684e+01,2.180231e+01,2.203687e+01,2.185755e+01,2.191276e+01,2.189206e+01,2.187135e+01,2.170557e+01,2.178850e+01,2.186445e+01,2.178850e+01,2.182993e+01,2.175395e+01,2.167100e+01,2.186445e+01,2.173322e+01,2.179540e+01,2.176086e+01,2.177468e+01,2.176777e+01,2.177468e+01,2.187135e+01,2.173322e+01,2.171940e+01,2.165717e+01,2.174013e+01,2.162258e+01,2.174704e+01,2.159490e+01,2.165025e+01,2.157414e+01,2.159490e+01,2.165025e+01,2.137320e+01,2.151875e+01,2.141480e+01,2.161566e+01,2.154645e+01,2.140787e+01,2.147025e+01,2.153260e+01,2.140787e+01,2.144253e+01,2.142174e+01,2.149104e+01,2.147718e+01,2.144253e+01,2.124133e+01,2.160874e+01,2.143560e+01,2.162258e+01,2.162950e+01,2.151875e+01,2.152567e+01,2.151875e+01,2.153260e+01,2.151875e+01,2.162258e+01,2.158798e+01,2.156721e+01,2.149796e+01,2.156029e+01,2.160182e+01,2.147718e+01,2.153952e+01,2.149796e+01,2.158106e+01,2.142174e+01,2.168483e+01,2.149104e+01,2.156721e+01,2.143560e+01,2.158798e+01,2.149104e+01,2.150489e+01,2.144946e+01,2.146332e+01,2.146332e+01,2.160874e+01,2.149796e+01,2.149104e+01,2.144946e+01,2.144946e+01,2.148411e+01,2.144946e+01,2.153260e+01,2.158798e+01,2.160874e+01,2.149104e+01,2.166409e+01,2.168483e+01,2.155337e+01,2.169866e+01,2.171248e+01,2.166409e+01,2.153952e+01,2.173322e+01
2.149104e+01,2.149104e+01,2.167792e+01,2.169175e+01,2.162950e+01,2.164334e+01,2.167100e+01,2.149796e+01,2.165717e+01,2.168483e+01,2.166409e+01,2.166409e+01,2.165717e+01,2.179540e+01,2.166409e+01,2.167100e+01,2.167100e+01,2.182303e+01,2.157414e+01,2.161566e+01,2.174704e+01,2.171248e+01,2.185755e+01,2.175395e+01,2.172631e+01,2.168483e+01,2.163642e+01,2.149796e+01,2.167792e+01,2.162258e+01,2.165717e+01,2.159490e+01,2.165025e+01,2.176086e+01,2.171248e+01,2.160874e+01,2.153952e+01,2.152567e+01,2.153260e+01,2.156721e+01,2.165717e+01,2.155337e+01,2.162950e+01,2.152567e+01,2.147025e+01,2.158106e+01,2.154645e+01,2.152567e+01,2.153260e+01,2.148411e+01,2.162258e+01,2.143560e+01,2.147025e+01,2.151875e+01,2.149104e+01,2.149796e+01,2.141480e+01,2.141480e+01,2.153952e+01,2.149796e+01,2.153260e+01,2.150489e+01,2.158106e+01,2.153952e+01,2.153952e+01,2.160874e+01,2.169175e+01,2.170557e+01,2.174013e+01,2.144253e+01,2.163642e+01,2.163642e+01,2.166409e+01,2.156029e+01,2.158106e+01,2.167100e+01,2.169866e+01,2.158798e+01,2.160182e+01,2.175395e+01,2.163642e+01,2.169866e+01,2.175395e+01,2.164334e+01,2.163642e+01,2.174013e+01,2.158106e+01,2.151182e+01,2.160182e+01,2.113015e+01,2.053047e+01,2.050949e+01,2.048850e+01,2.036248e+01,2.056544e+01,2.049550e+01,2.057942e+01,2.056544e+01,2.060039e+01,2.053747e+01,2.060737e+01,2.053047e+01,2.036248e+01,2.059340e+01,2.076100e+01,2.060737e+01,2.063532e+01,2.062135e+01,2.064231e+01,2.074007e+01,2.070517e+01,2.069120e+01,2.070517e+01,2.065628e+01,2.079589e+01,2.075403e+01,2.072611e+01,2.062834e+01,2.071215e+01,2.061436e+01,2.048850e+01,2.064231e+01,2.058641e+01,2.052348e+01,2.053747e+01,2.046751e+01,2.055844e+01,2.062834e+01,2.043951e+01,2.052348e+01,2.039750e+01,2.062135e+01,2.078193e+01,2.099101e+01,2.127605e+01,2.151182e+01,2.153952e+01,2.160874e+01,2.153952e+01,2.109539e+01,2.086562e+01,2.096316e+01,2.099101e+01,2.096316e+01,2.115101e+01,2.099797e+01,2.113015e+01,2.117186e+01,2.102581e+01,2.108148e+01,2.107452e+01,2.101189e+01,2.104669e+01,2.099101e+01,2.118576e+01,2.132464e+01,2.190586e+01,2.194035e+01,2.191276e+01,2.170557e+01,2.146332e+01,2.108843e+01,2.112320e+01,2.123439e+01,2.109539e+01,2.122050e+01,2.144253e+01,2.133851e+01,2.133158e+01,2.148411e+01,2.152567e+01,2.160182e+01,2.165717e+01,2.171248e+01,2.156029e+01,2.166409e+01,2.167100e+01,2.160182e+01,2.153260e+01,2.153260e+01,2.153260e+01,2.156721e+01,2.139400e+01,2.152567e+01,2.145639e+01,2.143560e+01,2.156029e+01,2.151182e+01,2.144946e+01,2.145639e+01,2.147025e+01,2.131076e+01,2.145639e+01,2.126217e+01,2.152567e+01,2.144946e+01,2.138707e+01,2.147025e+01,2.156029e+01,2.156029e+01,2.155337e+01,2.174704e+01,2.158798e+01,2.156029e+01,2.158798e+01,2.159490e+01,2.158798e+01,2.144253e+01,2.134545e+01,2.137320e+01,2.130382e+01,2.135239e+01,2.157414e+01,2.162258e+01,2.168483e+01,2.170557e+01,2.168483e+01,2.165025e+01,2.162950e+01,2.169866e+01,2.176777e+01,2.165717e+01,2.169175e+01,2.176086e+01,2.189206e+01,2.171940e+01,2.175395e+01,2.176777e+01,2.174013e+01,2.176777e+01,2.180231e+01,2.175395e+01,2.168483e+01,2.165025e+01,2.180922e+01,2.156721e+01,2.133851e+01,2.114406e+01,2.117186e+01,2.133158e+01,2.120660e+01,2.129688e+01,2.128299e+01,2.129688e+01,2.122050e+01,2.129688e+01,2.130382e+01,2.130382e+01,2.133851e+01,2.124828e+01,2.135239e+01,2.124828e+01,2.133158e+01,2.135933e+01,2.117186e+01,2.139400e+01,2.117881e+01,2.119271e+01,2.136626e+01,2.137320e+01,2.128993e+01,2.176086e+01,2.179540e+01,2.176777e+01,2.174704e+01,2.099101e+01,2.099797e+01,2.090743e+01,2.078193e+01,2.086562e+01,2.097012e+01,2.087259e+01,2.095619e+01,2.082378e+01,2.090743e+01,2.081681e+01,2.088653e+01,2.074705e+01,2.080984e+01,2.076798e+01,2.078891e+01,2.083773e+01,2.085865e+01,2.087259e+01,2.085865e+01,2.083773e+01,2.083076e+01,2.095619e+01,2.123439e+01,2.150489e+01,2.165025e+01,2.181612e+01,2.181612e+01,2.198172e+01,2.205754e+01,2.205754e+01,2.202308e+01,2.189206e+01,2.193345e+01,2.194725e+01,2.193345e+01,2.204376e+01,2.202997e+01,2.197483e+01,2.191965e+01,2.190586e+01,2.192655e+01,2.198172e+01,2.181612e+01,2.178850e+01,2.193345e+01,2.178850e+01,2.169175e+01,2.173322e+01,2.162950e+01,2.165025e+01,2.164334e+01,2.149104e+01,2.121355e+01,2.110234e+01,2.120660e+01,2.131770e+01,2.110929e+01,2.118576e+01,2.121355e+01,2.103277e+01,2.092833e+01,2.094923e+01,2.098405e+01,2.097709e+01,2.115796e+01,2.106756e+01,2.099101e+01,2.100493e+01,2.110234e+01,2.102581e+01,2.113711e+01,2.116491e+01,2.131770e+01,2.138707e+01,2.131076e+01,2.138013e+01,2.151875e+01,2.165717e+01,2.172631e+01,2.180231e+01,2.189896e+01,2.191965e+01,2.194035e+01,2.194725e+01,2.198172e+01,2.211263e+01,2.197483e+01,2.197483e+01,2.213329e+01,2.203687e+01,2.207820e+01,2.201619e+01,2.208509e+01,2.203687e+01,2.215394e+01,2.193345e+01,2.197483e+01,2.206442e+01,2.207131e+01,2.230525e+01,2.227776e+01,2.238082e+01,2.207820e+01,2.173322e+01,2.171940e+01,2.176777e+01,2.207131e+01,2.328337e+01,2.503173e+01,2.567907e+01,2.597803e+01,2.616363e+01,2.616363e+01,2.547262e+01,2.516553e+01,2.412409e+01,2.303801e+01,2.302436e+01,2.261406e+01,2.248379e+01,2.221587e+01,2.222275e+01,2.199551e+01,2.187135e+01,2.179540e+01,2.179540e+01,2.166409e+01,2.180922e+01,2.171940e+01,2.206442e+01,2.206442e+01,2.243575e+01,2.244261e+01,2.277837e+01,2.295609e+01,2.296292e+01,2.302436e+01,2.288094e+01,2.237395e+01,2.196104e+01,2.162950e+01,2.189206e+01,2.174704e+01,2.182993e+01,2.183684e+01,2.182993e+01,2.167100e+01,2.192655e+01,2.181612e+01,2.182993e+01,2.191965e+01,2.207131e+01,2.189896e+01,2.182303e+01,2.191276e+01,2.167792e+01,2.180231e+01,2.167792e+01,2.167792e+01,2.168483e+01,2.159490e+01,2.160182e+01,2.160874e+01,2.171248e+01,2.167792e+01,2.165025e+01,2.160182e+01,2.170557e+01,2.163642e+01,2.167792e+01,2.164334e+01,2.164334e+01,2.178159e+01,2.177468e+01,2.173322e+01,2.167792e+01,2.167100e+01,2.178159e+01,2.178850e+01,2.176086e+01,2.176777e+01,2.177468e+01,2.181612e+01,2.176777e+01,2.177468e+01,2.180231e+01,2.178159e+01,2.178850e+01,2.166409e+01,2.182993e+01,2.174013e+01,2.167100e+01,2.168483e+01,2.169175e+01,2.165717e+01,2.162258e+01,2.165025e+01,2.167100e+01,2.187135e+01,2.175395e+01,2.168483e+01,2.174013e+01,2.167792e+01,2.164334e+01,2.165025e+01,2.171940e+01,2.175395e+01,2.169175e+01,2.187135e+01,2.172631e+01,2.172631e+01,2.172631e+01,2.176777e+01,2.180922e+01,2.178159e+01,2.179540e+01,2.160182e+01,2.171940e+01,2.171248e+01,2.169175e+01,2.166409e+01,2.175395e+01,2.170557e+01,2.164334e+01,2.168483e+01,2.167100e+01,2.169866e+01,2.153952e+01,2.165717e+01,2.152567e+01,2.165025e+01,2.167100e+01,2.167792e+01,2.158106e+01,2.151182e+01,2.153952e+01,2.149796e+01,2.157414e+01,2.147718e+01,2.146332e+01,2.155337e+01,2.142174e+01,2.139400e+01,2.133158e+01,2.131770e+01,2.126911e+01,2.129688e+01,2.119966e+01,2.122050e+01,2.138013e+01,2.168483e+01,2.185065e+01,2.177468e+01,2.176086e+01,2.185755e+01,2.194725e+01,2.191965e+01,2.183684e+01,2.200930e+01,2.184374e+01,2.181612e+01,2.165717e+01,2.189896e+01,2.178850e+01,2.174013e+01,2.182993e+01,2.182993e+01,2.176086e+01,2.192655e+01,2.189896e+01,2.189896e+01,2.183684e+01,2.180922e+01,2.178850e+01,2.178159e+01,2.182303e+01,2.185065e+01,2.183684e+01,2.185755e+01,2.179540e+01,2.184374e+01,2.186445e+01,2.187135e+01,2.189206e+01,2.186445e+01,2.176086e+01,2.182993e+01,2.176086e+01,2.178159e+01,2.191965e+01,2.178850e+01,2.184374e+01,2.185065e+01,2.170557e+01,2.170557e+01,2.185065e+01,2.181612e+01,2.183684e+01,2.157414e+01,2.157414e+01,2.172631e+01,2.169175e+01,2.165025e+01,2.161566e+01,2.167100e+01,2.155337e+01,2.163642e+01,2.167100e+01,2.154645e+01,2.165025e+01,2.156721e+01,2.173322e+01,2.150489e+01,2.163642e+01,2.150489e+01,2.149796e+01,2.156029e+01,2.154645e+01,2.142867e+01,2.145639e+01,2.152567e+01,2.141480e+01,2.149796e+01,2.142867e+01,2.142867e+01,2.150489e+01,2.145639e+01,2.143560e+01,2.157414e+01,2.135239e+01,2.173322e+01,2.154645e+01,2.152567e+01,2.159490e+01,2.161566e+01,2.155337e+01,2.159490e+01,2.149104e+01,2.158798e+01,2.151182e+01,2.156029e+01,2.149796e+01,2.156029e+01,2.151875e+01,2.149104e+01,2.155337e+01,2.147718e+01,2.152567e+01,2.138707e+01,2.139400e+01,2.142174e+01,2.148411e+01,2.146332e+01,2.151182e+01,2.144946e+01,2.147718e+01,2.147025e+01,2.138707e+01,2.143560e+01,2.154645e+01,2.153260e+01,2.157414e+01,2.152567e+01,2.160182e+01,2.162950e+01,2.163642e+01,2.156029e+01,2.163642e+01,2.160874e+01,2.171940e+01,2.168483e+01,2.170557e+01,2.151182e+01,2.174704e+01
2.158106e+01,2.142867e+01,2.147718e+01,2.168483e+01,2.169866e+01,2.161566e+01,2.160874e+01,2.156029e+01,2.162258e+01,2.177468e+01,2.177468e+01,2.165717e+01,2.169175e+01,2.171940e+01,2.168483e+01,2.172631e+01,2.174013e+01,2.175395e+01,2.164334e+01,2.169175e+01,2.167792e+01,2.172631e+01,2.180922e+01,2.176777e+01,2.159490e+01,2.167792e+01,2.164334e+01,2.167792e+01,2.169866e+01,2.167100e+01,2.151182e+01,2.169866e+01,2.169175e+01,2.154645e+01,2.173322e+01,2.158798e+01,2.150489e+01,2.154645e+01,2.165717e+01,2.162258e+01,2.161566e+01,2.168483e+01,2.151875e+01,2.157414e+01,2.158106e+01,2.154645e+01,2.154645e+01,2.151875e+01,2.156029e+01,2.162950e+01,2.160182e+01,2.169866e+01,2.147718e+01,2.146332e+01,2.138707e+01,2.160874e+01,2.153952e+01,2.135933e+01,2.149796e+01,2.151182e+01,2.157414e+01,2.155337e+01,2.151182e+01,2.160874e+01,2.162258e+01,2.152567e+01,2.162258e+01,2.148411e+01,2.165025e+01,2.163642e+01,2.169175e+01,2.156721e+01,2.180231e+01,2.160182e+01,2.165717e+01,2.167100e+01,2.174013e+01,2.164334e+01,2.162950e+01,2.162258e+01,2.173322e+01,2.160182e+01,2.174013e+01,2.179540e+01,2.148411e+01,2.153260e+01,2.142174e+01,2.144253e+01,2.133158e+01,2.115101e+01,2.038350e+01,2.053047e+01,2.048150e+01,2.043251e+01,2.046051e+01,2.053047e+01,2.053047e+01,2.050949e+01,2.045351e+01,2.069818e+01,2.056544e+01,2.066327e+01,2.059340e+01,2.062135e+01,2.064930e+01,2.060737e+01,2.060737e+01,2.065628e+01,2.074007e+01,2.071913e+01,2.074705e+01,2.074007e+01,2.068422e+01,2.064930e+01,2.063532e+01,2.062135e+01,2.058641e+01,2.067723e+01,2.070517e+01,2.068422e+01,2.046751e+01,2.062834e+01,2.046051e+01,2.054446e+01,2.042551e+01,2.043951e+01,2.040450e+01,2.047451e+01,2.077496e+01,2.062834e+01,2.099101e+01,2.099797e+01,2.127605e+01,2.151182e+01,2.153260e+01,2.167792e+01,2.165025e+01,2.173322e+01,2.150489e+01,2.132464e+01,2.098405e+01,2.095619e+01,2.094226e+01,2.101189e+01,2.106756e+01,2.098405e+01,2.099101e+01,2.101885e+01,2.098405e+01,2.101885e+01,2.108148e+01,2.107452e+01,2.106756e+01,2.103973e+01,2.131076e+01,2.169866e+01,2.196793e+01,2.196793e+01,2.207131e+01,2.194035e+01,2.178850e+01,2.162950e+01,2.119271e+01,2.108148e+01,2.117881e+01,2.131770e+01,2.135239e+01,2.128993e+01,2.130382e+01,2.143560e+01,2.157414e+01,2.154645e+01,2.155337e+01,2.155337e+01,2.157414e+01,2.156721e+01,2.162258e+01,2.161566e+01,2.162950e+01,2.153260e+01,2.155337e+01,2.158798e+01,2.158106e+01,2.152567e+01,2.156721e+01,2.158798e+01,2.155337e+01,2.158798e+01,2.158106e+01,2.142867e+01,2.151182e+01,2.140094e+01,2.135933e+01,2.136626e+01,2.138707e+01,2.148411e+01,2.145639e+01,2.151182e+01,2.147025e+01,2.154645e+01,2.153952e+01,2.160182e+01,2.156029e+01,2.169175e+01,2.158798e+01,2.160874e+01,2.159490e+01,2.126911e+01,2.133851e+01,2.128993e+01,2.122050e+01,2.129688e+01,2.133851e+01,2.140787e+01,2.170557e+01,2.167100e+01,2.140787e+01,2.167792e+01,2.162950e+01,2.167100e+01,2.178850e+01,2.170557e+01,2.173322e+01,2.177468e+01,2.178850e+01,2.180231e+01,2.177468e+01,2.176086e+01,2.185065e+01,2.186445e+01,2.187135e+01,2.165717e+01,2.187135e+01,2.187135e+01,2.191276e+01,2.165025e+01,2.160874e+01,2.142174e+01,2.122744e+01,2.119966e+01,2.110929e+01,2.111625e+01,2.135239e+01,2.127605e+01,2.101885e+01,2.129688e+01,2.128299e+01,2.130382e+01,2.131076e+01,2.134545e+01,2.134545e+01,2.136626e+01,2.134545e+01,2.123439e+01,2.130382e+01,2.123439e+01,2.135933e+01,2.127605e+01,2.126217e+01,2.147718e+01,2.151182e+01,2.176086e+01,2.174704e+01,2.169866e+01,2.168483e+01,2.131770e+01,2.092833e+01,2.078891e+01,2.078891e+01,2.094923e+01,2.099101e+01,2.088653e+01,2.085168e+01,2.090047e+01,2.087956e+01,2.080286e+01,2.083076e+01,2.072611e+01,2.076798e+01,2.078891e+01,2.080984e+01,2.049550e+01,2.085168e+01,2.092137e+01,2.092137e+01,2.087259e+01,2.087956e+01,2.101189e+01,2.129688e+01,2.146332e+01,2.164334e+01,2.185065e+01,2.184374e+01,2.200241e+01,2.194725e+01,2.191276e+01,2.205754e+01,2.207820e+01,2.205754e+01,2.195414e+01,2.197483e+01,2.202997e+01,2.203687e+01,2.189206e+01,2.190586e+01,2.193345e+01,2.199551e+01,2.177468e+01,2.185755e+01,2.178159e+01,2.187135e+01,2.166409e+01,2.173322e+01,2.158798e+01,2.130382e+01,2.129688e+01,2.122744e+01,2.128299e+01,2.102581e+01,2.113711e+01,2.114406e+01,2.099797e+01,2.105365e+01,2.106756e+01,2.121355e+01,2.096316e+01,2.108843e+01,2.095619e+01,2.104669e+01,2.099797e+01,2.100493e+01,2.101189e+01,2.097709e+01,2.097709e+01,2.102581e+01,2.106756e+01,2.114406e+01,2.120660e+01,2.134545e+01,2.138707e+01,2.140787e+01,2.152567e+01,2.168483e+01,2.167100e+01,2.178850e+01,2.193345e+01,2.186445e+01,2.190586e+01,2.192655e+01,2.204376e+01,2.210575e+01,2.214706e+01,2.208509e+01,2.210575e+01,2.211952e+01,2.213329e+01,2.211263e+01,2.209886e+01,2.189206e+01,2.214706e+01,2.196104e+01,2.209886e+01,2.210575e+01,2.204376e+01,2.205754e+01,2.230525e+01,2.209886e+01,2.222275e+01,2.231900e+01,2.178159e+01,2.167792e+01,2.158106e+01,2.191276e+01,2.267571e+01,2.427929e+01,2.523237e+01,2.565911e+01,2.567907e+01,2.519895e+01,2.375203e+01,2.277153e+01,2.225026e+01,2.222275e+01,2.207820e+01,2.189206e+01,2.193345e+01,2.195414e+01,2.194035e+01,2.186445e+01,2.169175e+01,2.160874e+01,2.176777e+01,2.156029e+01,2.162950e+01,2.161566e+01,2.162258e+01,2.173322e+01,2.171248e+01,2.160874e+01,2.172631e+01,2.172631e+01,2.194725e+01,2.246320e+01,2.249751e+01,2.263461e+01,2.236022e+01,2.190586e+01,2.180231e+01,2.153952e+01,2.178159e+01,2.165717e+01,2.166409e+01,2.182303e+01,2.170557e+01,2.187135e+01,2.169175e+01,2.180922e+01,2.185755e+01,2.178850e+01,2.180922e+01,2.178850e+01,2.173322e+01,2.174704e+01,2.167100e+01,2.164334e+01,2.165717e+01,2.147718e+01,2.162258e+01,2.165025e+01,2.158106e+01,2.173322e+01,2.156029e+01,2.172631e+01,2.168483e+01,2.160182e+01,2.165025e+01,2.169175e+01,2.167792e+01,2.166409e+01,2.173322e+01,2.167792e+01,2.169866e+01,2.175395e+01,2.163642e+01,2.167792e+01,2.176086e+01,2.170557e+01,2.170557e+01,2.169175e+01,2.175395e+01,2.178159e+01,2.180922e+01,2.179540e+01,2.171248e+01,2.181612e+01,2.172631e+01,2.172631e+01,2.189896e+01,2.158106e+01,2.156029e+01,2.168483e+01,2.163642e+01,2.158106e+01,2.162258e+01,2.169175e+01,2.162950e+01,2.159490e+01,2.163642e+01,2.174704e+01,2.165717e+01,2.174013e+01,2.183684e+01,2.170557e+01,2.171248e+01,2.170557e+01,2.179540e+01,2.171940e+01,2.185065e+01,2.178850e+01,2.180922e+01,2.178159e+01,2.178159e+01,2.176086e+01,2.168483e+01,2.151182e+01,2.160874e+01,2.182303e+01,2.167792e+01,2.165717e+01,2.162950e+01,2.167792e+01,2.166409e+01,2.160182e+01,2.161566e+01,2.162258e+01,2.162258e+01,2.147025e+01,2.162950e+01,2.158798e+01,2.149796e+01,2.159490e+01,2.154645e+01,2.151182e+01,2.151875e+01,2.150489e+01,2.147025e+01,2.153952e+01,2.135933e+01,2.140094e+01,2.142174e+01,2.124828e+01,2.125522e+01,2.124133e+01,2.131770e+01,2.118576e+01,2.126217e+01,2.149796e+01,2.169866e+01,2.182303e+01,2.191276e+01,2.201619e+01,2.178159e+01,2.200930e+01,2.191276e+01,2.185065e+01,2.187135e+01,2.178850e+01,2.167792e+01,2.178159e+01,2.181612e+01,2.196793e+01,2.189896e+01,2.195414e+01,2.178159e+01,2.182303e+01,2.179540e+01,2.183684e+01,2.185755e+01,2.187135e+01,2.188516e+01,2.180922e+01,2.187135e+01,2.184374e+01,2.176086e+01,2.187135e+01,2.188516e+01,2.197483e+01,2.182993e+01,2.192655e+01,2.187135e+01,2.178159e+01,2.184374e+01,2.178850e+01,2.176777e+01,2.171940e+01,2.180922e+01,2.182993e+01,2.180231e+01,2.199551e+01,2.187135e+01,2.177468e+01,2.180922e+01,2.182993e+01,2.176086e+01,2.178850e+01,2.173322e+01,2.171940e+01,2.176777e+01,2.162950e+01,2.161566e+01,2.168483e+01,2.162950e+01,2.162258e+01,2.160874e+01,2.168483e+01,2.153260e+01,2.161566e+01,2.158798e+01,2.152567e+01,2.151875e+01,2.160874e+01,2.149104e+01,2.155337e+01,2.142174e+01,2.144946e+01,2.148411e+01,2.148411e+01,2.160182e+01,2.147718e+01,2.148411e+01,2.153260e+01,2.154645e+01,2.149796e+01,2.157414e+01,2.148411e+01,2.154645e+01,2.144946e+01,2.143560e+01,2.174013e+01,2.142867e+01,2.153260e+01,2.148411e+01,2.151875e+01,2.159490e+01,2.152567e+01,2.143560e+01,2.158798e+01,2.159490e+01,2.156029e+01,2.156029e+01,2.141480e+01,2.156029e+01,2.151182e+01,2.149796e+01,2.154645e+01,2.142867e+01,2.138707e+01,2.157414e+01,2.150489e+01,2.151875e+01,2.147718e+01,2.140787e+01,2.144253e+01,2.137320e+01,2.156721e+01,2.159490e+01,2.158798e+01,2.162258e+01,2.151182e+01,2.156721e+01,2.152567e+01,2.163642e+01,2.160874e+01,2.165717e+01,2.156721e+01,2.161566e+01,2.155337e+01,2.157414e+01,2.160874e+01,2.164334e+01
2.166409e+01,2.162950e+01,2.167100e+01,2.143560e+01,2.168483e+01,2.157414e+01,2.168483e+01,2.167100e+01,2.176777e+01,2.162950e+01,2.169175e+01,2.167792e+01,2.174704e+01,2.168483e+01,2.162258e+01,2.173322e+01,2.165717e+01,2.160874e+01,2.170557e+01,2.158106e+01,2.169175e+01,2.176086e+01,2.174704e+01,2.168483e+01,2.178850e+01,2.173322e+01,2.154645e+01,2.171940e+01,2.148411e+01,2.167792e+01,2.169175e+01,2.158798e+01,2.169175e+01,2.166409e+01,2.162950e+01,2.156029e+01,2.161566e+01,2.144946e+01,2.154645e+01,2.158798e+01,2.154645e+01,2.159490e+01,2.157414e+01,2.153952e+01,2.151875e+01,2.156721e+01,2.161566e+01,2.165717e+01,2.152567e+01,2.162950e+01,2.150489e+01,2.160182e+01,2.148411e+01,2.147718e+01,2.145639e+01,2.144253e+01,2.142174e+01,2.153952e+01,2.156029e+01,2.151875e+01,2.151875e+01,2.154645e+01,2.169866e+01,2.147025e+01,2.161566e+01,2.165717e+01,2.162950e+01,2.156721e+01,2.165025e+01,2.164334e+01,2.153952e+01,2.157414e+01,2.169175e+01,2.158798e+01,2.170557e+01,2.163642e+01,2.161566e+01,2.168483e+01,2.164334e+01,2.174704e+01,2.158106e+01,2.162258e+01,2.162258e+01,2.171248e+01,2.165025e+01,2.160182e+01,2.153952e+01,2.140787e+01,2.135933e+01,2.083773e+01,2.050249e+01,2.034847e+01,2.040450e+01,2.036248e+01,2.036949e+01,2.052348e+01,2.049550e+01,2.050949e+01,2.050249e+01,2.059340e+01,2.063532e+01,2.060039e+01,2.060737e+01,2.058641e+01,2.057942e+01,2.064231e+01,2.063532e+01,2.060039e+01,2.071215e+01,2.068422e+01,2.066327e+01,2.078193e+01,2.060039e+01,2.066327e+01,2.071913e+01,2.060737e+01,2.067723e+01,2.067723e+01,2.062834e+01,2.058641e+01,2.056544e+01,2.032745e+01,2.043951e+01,2.044651e+01,2.069120e+01,2.071215e+01,2.073309e+01,2.087956e+01,2.089350e+01,2.113711e+01,2.156721e+01,2.165025e+01,2.151875e+01,2.168483e+01,2.175395e+01,2.155337e+01,2.178850e+01,2.173322e+01,2.174013e+01,2.142174e+01,2.094923e+01,2.097709e+01,2.099797e+01,2.112320e+01,2.099797e+01,2.100493e+01,2.101885e+01,2.108148e+01,2.099797e+01,2.106756e+01,2.106061e+01,2.097012e+01,2.107452e+01,2.133851e+01,2.172631e+01,2.195414e+01,2.200241e+01,2.176086e+01,2.194035e+01,2.194725e+01,2.194725e+01,2.167100e+01,2.142174e+01,2.112320e+01,2.119966e+01,2.133158e+01,2.134545e+01,2.126911e+01,2.131076e+01,2.152567e+01,2.147025e+01,2.153952e+01,2.152567e+01,2.159490e+01,2.158106e+01,2.167100e+01,2.165025e+01,2.167100e+01,2.164334e+01,2.165717e+01,2.165717e+01,2.158798e+01,2.151182e+01,2.162950e+01,2.150489e+01,2.144253e+01,2.155337e+01,2.145639e+01,2.158798e+01,2.153952e+01,2.156721e+01,2.151182e+01,2.149104e+01,2.142174e+01,2.140094e+01,2.147718e+01,2.159490e+01,2.145639e+01,2.147025e+01,2.153260e+01,2.147025e+01,2.168483e+01,2.162258e+01,2.154645e+01,2.158106e+01,2.164334e+01,2.149796e+01,2.133851e+01,2.148411e+01,2.145639e+01,2.120660e+01,2.128993e+01,2.131076e+01,2.148411e+01,2.137320e+01,2.165717e+01,2.157414e+01,2.191276e+01,2.176086e+01,2.163642e+01,2.179540e+01,2.182303e+01,2.187825e+01,2.183684e+01,2.178850e+01,2.176777e+01,2.178159e+01,2.173322e+01,2.187135e+01,2.187135e+01,2.185755e+01,2.172631e+01,2.182303e+01,2.168483e+01,2.169866e+01,2.169866e+01,2.164334e+01,2.167100e+01,2.140094e+01,2.128993e+01,2.122744e+01,2.108843e+01,2.125522e+01,2.121355e+01,2.124828e+01,2.130382e+01,2.126911e+01,2.131076e+01,2.112320e+01,2.133851e+01,2.133158e+01,2.137320e+01,2.129688e+01,2.137320e+01,2.129688e+01,2.135933e+01,2.127605e+01,2.126911e+01,2.135239e+01,2.131076e+01,2.155337e+01,2.160874e+01,2.167792e+01,2.174704e+01,2.169866e+01,2.132464e+01,2.088653e+01,2.087956e+01,2.087259e+01,2.089350e+01,2.090743e+01,2.086562e+01,2.083076e+01,2.081681e+01,2.080286e+01,2.078891e+01,2.080984e+01,2.078891e+01,2.069120e+01,2.083773e+01,2.083076e+01,2.081681e+01,2.085865e+01,2.096316e+01,2.097709e+01,2.094923e+01,2.081681e+01,2.090047e+01,2.128299e+01,2.141480e+01,2.140787e+01,2.165717e+01,2.174704e+01,2.181612e+01,2.201619e+01,2.189896e+01,2.212641e+01,2.208509e+01,2.200241e+01,2.216082e+01,2.205065e+01,2.205754e+01,2.194035e+01,2.196793e+01,2.192655e+01,2.173322e+01,2.185755e+01,2.179540e+01,2.180922e+01,2.159490e+01,2.174013e+01,2.156721e+01,2.149796e+01,2.119271e+01,2.112320e+01,2.119271e+01,2.117881e+01,2.106756e+01,2.100493e+01,2.109539e+01,2.119966e+01,2.100493e+01,2.114406e+01,2.108148e+01,2.108843e+01,2.113711e+01,2.106756e+01,2.090047e+01,2.105365e+01,2.110929e+01,2.105365e+01,2.105365e+01,2.120660e+01,2.133158e+01,2.135933e+01,2.108843e+01,2.119271e+01,2.125522e+01,2.113711e+01,2.144946e+01,2.140787e+01,2.144946e+01,2.172631e+01,2.179540e+01,2.182303e+01,2.189896e+01,2.187825e+01,2.200241e+01,2.209886e+01,2.196793e+01,2.213329e+01,2.203687e+01,2.214017e+01,2.214017e+01,2.212641e+01,2.220211e+01,2.207820e+01,2.205065e+01,2.214706e+01,2.214706e+01,2.202997e+01,2.208509e+01,2.200930e+01,2.202308e+01,2.216082e+01,2.211952e+01,2.209198e+01,2.211263e+01,2.200930e+01,2.178159e+01,2.165025e+01,2.160874e+01,2.205754e+01,2.267571e+01,2.438038e+01,2.503173e+01,2.512541e+01,2.469649e+01,2.352816e+01,2.224338e+01,2.225026e+01,2.211263e+01,2.190586e+01,2.191965e+01,2.187825e+01,2.174013e+01,2.186445e+01,2.175395e+01,2.168483e+01,2.162950e+01,2.163642e+01,2.165717e+01,2.162258e+01,2.169866e+01,2.160874e+01,2.153952e+01,2.153952e+01,2.157414e+01,2.142174e+01,2.140787e+01,2.139400e+01,2.127605e+01,2.129688e+01,2.154645e+01,2.196104e+01,2.209198e+01,2.225713e+01,2.186445e+01,2.168483e+01,2.151875e+01,2.162950e+01,2.177468e+01,2.163642e+01,2.176777e+01,2.180231e+01,2.179540e+01,2.182993e+01,2.176777e+01,2.180231e+01,2.178850e+01,2.174704e+01,2.179540e+01,2.169866e+01,2.159490e+01,2.167100e+01,2.164334e+01,2.156721e+01,2.153952e+01,2.162950e+01,2.178850e+01,2.158106e+01,2.157414e+01,2.156029e+01,2.165717e+01,2.154645e+01,2.167792e+01,2.165025e+01,2.167792e+01,2.162258e+01,2.169866e+01,2.171248e+01,2.172631e+01,2.164334e+01,2.164334e+01,2.176086e+01,2.162950e+01,2.154645e+01,2.176086e+01,2.178850e+01,2.175395e+01,2.171940e+01,2.171940e+01,2.180922e+01,2.169866e+01,2.180922e+01,2.169866e+01,2.173322e+01,2.162258e+01,2.169175e+01,2.164334e+01,2.167100e+01,2.162258e+01,2.165025e+01,2.163642e+01,2.164334e+01,2.159490e+01,2.167792e+01,2.156721e+01,2.174013e+01,2.160874e+01,2.162950e+01,2.180922e+01,2.167100e+01,2.178850e+01,2.185065e+01,2.165717e+01,2.187825e+01,2.176777e+01,2.178850e+01,2.178850e+01,2.169175e+01,2.171940e+01,2.160182e+01,2.176086e+01,2.171248e+01,2.178850e+01,2.183684e+01,2.179540e+01,2.171248e+01,2.162950e+01,2.167792e+01,2.157414e+01,2.167100e+01,2.158106e+01,2.161566e+01,2.162950e+01,2.153952e+01,2.151182e+01,2.149796e+01,2.156029e+01,2.155337e+01,2.159490e+01,2.155337e+01,2.154645e+01,2.153260e+01,2.153260e+01,2.144946e+01,2.149104e+01,2.133851e+01,2.133158e+01,2.130382e+01,2.125522e+01,2.122050e+01,2.133851e+01,2.115796e+01,2.115796e+01,2.114406e+01,2.170557e+01,2.172631e+01,2.174704e+01,2.176777e+01,2.176777e+01,2.198172e+01,2.184374e+01,2.179540e+01,2.197483e+01,2.174013e+01,2.191276e+01,2.189206e+01,2.187135e+01,2.196793e+01,2.198172e+01,2.177468e+01,2.182993e+01,2.176777e+01,2.185755e+01,2.186445e+01,2.183684e+01,2.189206e+01,2.185755e+01,2.184374e+01,2.184374e+01,2.189896e+01,2.185755e+01,2.187135e+01,2.171248e+01,2.188516e+01,2.174704e+01,2.187135e+01,2.185755e+01,2.185755e+01,2.171940e+01,2.181612e+01,2.176777e+01,2.184374e+01,2.184374e+01,2.188516e+01,2.190586e+01,2.189206e+01,2.189896e+01,2.172631e+01,2.192655e+01,2.179540e+01,2.177468e+01,2.177468e+01,2.158798e+01,2.180231e+01,2.160182e+01,2.176086e+01,2.179540e+01,2.156721e+01,2.162950e+01,2.158106e+01,2.162950e+01,2.157414e+01,2.157414e+01,2.151875e+01,2.167792e+01,2.151182e+01,2.158106e+01,2.151182e+01,2.147718e+01,2.151875e+01,2.156029e+01,2.149104e+01,2.153260e+01,2.153260e+01,2.145639e+01,2.149796e+01,2.146332e+01,2.156721e+01,2.144946e+01,2.156721e+01,2.147025e+01,2.156721e+01,2.155337e+01,2.153952e+01,2.144253e+01,2.144946e+01,2.148411e+01,2.153952e+01,2.153260e+01,2.149796e+01,2.151875e+01,2.152567e+01,2.158798e+01,2.152567e+01,2.158798e+01,2.157414e+01,2.156029e+01,2.156029e+01,2.146332e+01,2.154645e+01,2.149796e+01,2.156029e+01,2.139400e+01,2.144253e+01,2.151182e+01,2.149796e+01,2.147025e+01,2.152567e+01,2.158106e+01,2.151182e+01,2.151875e+01,2.152567e+01,2.148411e+01,2.159490e+01,2.160874e+01,2.155337e+01,2.156029e+01,2.163642e+01,2.161566e+01,2.158106e+01,2.160874e+01,2.149104e+01,2.174013e+01,2.171940e+01,2.169866e+01,2.161566e+01,2.169866e+01
2.166409e+01,2.166409e+01,2.167792e+01,2.167792e+01,2.160182e+01,2.165025e+01,2.175395e+01,2.159490e+01,2.171248e+01,2.189896e+01,2.187135e+01,2.189896e+01,2.163642e+01,2.174013e+01,2.176777e+01,2.162950e+01,2.176777e+01,2.167792e+01,2.172631e+01,2.166409e+01,2.166409e+01,2.179540e+01,2.186445e+01,2.182993e+01,2.184374e+01,2.172631e+01,2.176086e+01,2.170557e+01,2.173322e+01,2.146332e+01,2.148411e+01,2.170557e+01,2.170557e+01,2.169866e+01,2.160874e+01,2.163642e+01,2.145639e+01,2.152567e+01,2.151182e+01,2.154645e+01,2.149104e+01,2.158106e+01,2.160874e+01,2.156029e+01,2.156721e+01,2.168483e+01,2.156721e+01,2.145639e+01,2.160874e+01,2.148411e+01,2.153952e+01,2.158106e+01,2.144946e+01,2.156029e+01,2.143560e+01,2.158798e+01,2.158106e+01,2.159490e+01,2.151875e+01,2.161566e+01,2.156029e+01,2.155337e+01,2.158106e+01,2.154645e+01,2.167792e+01,2.164334e+01,2.163642e+01,2.158798e+01,2.170557e+01,2.163642e+01,2.162258e+01,2.157414e+01,2.162950e+01,2.157414e+01,2.165025e+01,2.165025e+01,2.164334e+01,2.179540e+01,2.169866e+01,2.174013e+01,2.167100e+01,2.162950e+01,2.164334e+01,2.169866e+01,2.176777e+01,2.169175e+01,2.147025e+01,2.141480e+01,2.113015e+01,2.080286e+01,2.029240e+01,2.047451e+01,2.034847e+01,2.034847e+01,2.036949e+01,2.041151e+01,2.050249e+01,2.046751e+01,2.044651e+01,2.048150e+01,2.057942e+01,2.065628e+01,2.069120e+01,2.064930e+01,2.068422e+01,2.060737e+01,2.064231e+01,2.063532e+01,2.063532e+01,2.040450e+01,2.065628e+01,2.078193e+01,2.071913e+01,2.062135e+01,2.069120e+01,2.063532e+01,2.064930e+01,2.056544e+01,2.053747e+01,2.065628e+01,2.055844e+01,2.043951e+01,2.044651e+01,2.062834e+01,2.069818e+01,2.074007e+01,2.114406e+01,2.135933e+01,2.158798e+01,2.156721e+01,2.176777e+01,2.180231e+01,2.178159e+01,2.178159e+01,2.177468e+01,2.175395e+01,2.172631e+01,2.175395e+01,2.160874e+01,2.140787e+01,2.095619e+01,2.098405e+01,2.105365e+01,2.102581e+01,2.108148e+01,2.100493e+01,2.109539e+01,2.123439e+01,2.113711e+01,2.117881e+01,2.109539e+01,2.117186e+01,2.139400e+01,2.193345e+01,2.196793e+01,2.202997e+01,2.202308e+01,2.212641e+01,2.200241e+01,2.200241e+01,2.198172e+01,2.180922e+01,2.188516e+01,2.182303e+01,2.142867e+01,2.120660e+01,2.130382e+01,2.137320e+01,2.140787e+01,2.154645e+01,2.151875e+01,2.155337e+01,2.158106e+01,2.158106e+01,2.158106e+01,2.167100e+01,2.171248e+01,2.163642e+01,2.162950e+01,2.158798e+01,2.170557e+01,2.161566e+01,2.165025e+01,2.167792e+01,2.150489e+01,2.153260e+01,2.164334e+01,2.160182e+01,2.169866e+01,2.161566e+01,2.148411e+01,2.155337e+01,2.155337e+01,2.151182e+01,2.151182e+01,2.152567e+01,2.149796e+01,2.148411e+01,2.151182e+01,2.159490e+01,2.151875e+01,2.159490e+01,2.163642e+01,2.148411e+01,2.167100e+01,2.147718e+01,2.160874e+01,2.130382e+01,2.144253e+01,2.149104e+01,2.140094e+01,2.132464e+01,2.132464e+01,2.133851e+01,2.136626e+01,2.144946e+01,2.168483e+01,2.174013e+01,2.165025e+01,2.163642e+01,2.177468e+01,2.188516e+01,2.180231e+01,2.177468e+01,2.187135e+01,2.191276e+01,2.177468e+01,2.181612e+01,2.176777e+01,2.193345e+01,2.175395e+01,2.187825e+01,2.189896e+01,2.181612e+01,2.180922e+01,2.168483e+01,2.176777e+01,2.170557e+01,2.174013e+01,2.149796e+01,2.123439e+01,2.130382e+01,2.123439e+01,2.122744e+01,2.136626e+01,2.122744e+01,2.122050e+01,2.131770e+01,2.123439e+01,2.129688e+01,2.125522e+01,2.133158e+01,2.133851e+01,2.126217e+01,2.134545e+01,2.126911e+01,2.141480e+01,2.132464e+01,2.128299e+01,2.123439e+01,2.136626e+01,2.156029e+01,2.165717e+01,2.180231e+01,2.154645e+01,2.151182e+01,2.107452e+01,2.088653e+01,2.078891e+01,2.094226e+01,2.087956e+01,2.101189e+01,2.085865e+01,2.090743e+01,2.082378e+01,2.083076e+01,2.079589e+01,2.079589e+01,2.077496e+01,2.082378e+01,2.080984e+01,2.083773e+01,2.101189e+01,2.097709e+01,2.085168e+01,2.099101e+01,2.085168e+01,2.101885e+01,2.110929e+01,2.133158e+01,2.130382e+01,2.162258e+01,2.187135e+01,2.187825e+01,2.189896e+01,2.191965e+01,2.205065e+01,2.204376e+01,2.196104e+01,2.207131e+01,2.207131e+01,2.205065e+01,2.197483e+01,2.205065e+01,2.187135e+01,2.195414e+01,2.170557e+01,2.169175e+01,2.160182e+01,2.151875e+01,2.136626e+01,2.141480e+01,2.126217e+01,2.125522e+01,2.103973e+01,2.102581e+01,2.098405e+01,2.094923e+01,2.099101e+01,2.107452e+01,2.099797e+01,2.099101e+01,2.108843e+01,2.099797e+01,2.108148e+01,2.116491e+01,2.108148e+01,2.106756e+01,2.115796e+01,2.126217e+01,2.108843e+01,2.111625e+01,2.142867e+01,2.134545e+01,2.124828e+01,2.106756e+01,2.133851e+01,2.116491e+01,2.142174e+01,2.143560e+01,2.151182e+01,2.158106e+01,2.175395e+01,2.171940e+01,2.190586e+01,2.189206e+01,2.187135e+01,2.193345e+01,2.192655e+01,2.214706e+01,2.206442e+01,2.208509e+01,2.214706e+01,2.215394e+01,2.212641e+01,2.211952e+01,2.218147e+01,2.204376e+01,2.218147e+01,2.214017e+01,2.210575e+01,2.209198e+01,2.195414e+01,2.213329e+01,2.206442e+01,2.207131e+01,2.211263e+01,2.212641e+01,2.211952e+01,2.194725e+01,2.169175e+01,2.175395e+01,2.191965e+01,2.240829e+01,2.404303e+01,2.470992e+01,2.468306e+01,2.311986e+01,2.209198e+01,2.210575e+01,2.190586e+01,2.178159e+01,2.180231e+01,2.190586e+01,2.181612e+01,2.189896e+01,2.174704e+01,2.165717e+01,2.167100e+01,2.166409e+01,2.161566e+01,2.161566e+01,2.167792e+01,2.164334e+01,2.162258e+01,2.160182e+01,2.147718e+01,2.142174e+01,2.143560e+01,2.142867e+01,2.129688e+01,2.127605e+01,2.122050e+01,2.111625e+01,2.108148e+01,2.151182e+01,2.148411e+01,2.177468e+01,2.171940e+01,2.165025e+01,2.164334e+01,2.175395e+01,2.161566e+01,2.162950e+01,2.172631e+01,2.182303e+01,2.189206e+01,2.169175e+01,2.173322e+01,2.176086e+01,2.158106e+01,2.171248e+01,2.180231e+01,2.169175e+01,2.164334e+01,2.166409e+01,2.165025e+01,2.162258e+01,2.163642e+01,2.169866e+01,2.165717e+01,2.157414e+01,2.164334e+01,2.156721e+01,2.151875e+01,2.164334e+01,2.160182e+01,2.168483e+01,2.167792e+01,2.180231e+01,2.174704e+01,2.163642e+01,2.167792e+01,2.156029e+01,2.169866e+01,2.166409e+01,2.171940e+01,2.180231e+01,2.181612e+01,2.170557e+01,2.176086e+01,2.172631e+01,2.185065e+01,2.182303e+01,2.183684e+01,2.176777e+01,2.169866e+01,2.164334e+01,2.165025e+01,2.162950e+01,2.159490e+01,2.168483e+01,2.162950e+01,2.160874e+01,2.180231e+01,2.167100e+01,2.167100e+01,2.170557e+01,2.161566e+01,2.174013e+01,2.162258e+01,2.164334e+01,2.167100e+01,2.185755e+01,2.174013e+01,2.177468e+01,2.171940e+01,2.180922e+01,2.181612e+01,2.179540e+01,2.209886e+01,2.166409e+01,2.151182e+01,2.170557e+01,2.169866e+01,2.179540e+01,2.171248e+01,2.171940e+01,2.169866e+01,2.169866e+01,2.169866e+01,2.166409e+01,2.160182e+01,2.149104e+01,2.155337e+01,2.160182e+01,2.147025e+01,2.162258e+01,2.151875e+01,2.156029e+01,2.153952e+01,2.149796e+01,2.150489e+01,2.150489e+01,2.151875e+01,2.145639e+01,2.146332e+01,2.147025e+01,2.138013e+01,2.138707e+01,2.138013e+01,2.135239e+01,2.138707e+01,2.134545e+01,2.133851e+01,2.126911e+01,2.117881e+01,2.131076e+01,2.156721e+01,2.159490e+01,2.174704e+01,2.180231e+01,2.192655e+01,2.179540e+01,2.178159e+01,2.178850e+01,2.180922e+01,2.191276e+01,2.189206e+01,2.194035e+01,2.185755e+01,2.198862e+01,2.174704e+01,2.179540e+01,2.196104e+01,2.185065e+01,2.188516e+01,2.186445e+01,2.182993e+01,2.186445e+01,2.188516e+01,2.187825e+01,2.194035e+01,2.182993e+01,2.187825e+01,2.179540e+01,2.184374e+01,2.195414e+01,2.183684e+01,2.187825e+01,2.187135e+01,2.184374e+01,2.181612e+01,2.198862e+01,2.185755e+01,2.178850e+01,2.187135e+01,2.187825e+01,2.179540e+01,2.179540e+01,2.194725e+01,2.177468e+01,2.194035e+01,2.180231e+01,2.180922e+01,2.176777e+01,2.180231e+01,2.175395e+01,2.190586e+01,2.169175e+01,2.165717e+01,2.171940e+01,2.162258e+01,2.165025e+01,2.158106e+01,2.160874e+01,2.179540e+01,2.167792e+01,2.169175e+01,2.153952e+01,2.158798e+01,2.147718e+01,2.155337e+01,2.153260e+01,2.149796e+01,2.156029e+01,2.149796e+01,2.147025e+01,2.152567e+01,2.162258e+01,2.156721e+01,2.153952e+01,2.157414e+01,2.158106e+01,2.158106e+01,2.159490e+01,2.149796e+01,2.158106e+01,2.163642e+01,2.147025e+01,2.161566e+01,2.150489e+01,2.148411e+01,2.160874e+01,2.153260e+01,2.154645e+01,2.164334e+01,2.154645e+01,2.155337e+01,2.154645e+01,2.156029e+01,2.150489e+01,2.166409e+01,2.152567e+01,2.158106e+01,2.153260e+01,2.152567e+01,2.144253e+01,2.153952e+01,2.156721e+01,2.147025e+01,2.147025e+01,2.159490e+01,2.154645e+01,2.156029e+01,2.149796e+01,2.158798e+01,2.169175e+01,2.156029e+01,2.161566e+01,2.158798e+01,2.166409e+01,2.159490e+01,2.156721e+01,2.157414e+01,2.157414e+01,2.165717e+01,2.174704e+01,2.160874e+01,2.172631e+01
2.165025e+01,2.167100e+01,2.157414e+01,2.137320e+01,2.169866e+01,2.162258e+01,2.159490e+01,2.163642e+01,2.158798e+01,2.187825e+01,2.170557e+01,2.185755e+01,2.167100e+01,2.171248e+01,2.174013e+01,2.175395e+01,2.171940e+01,2.179540e+01,2.171248e+01,2.187135e+01,2.165717e+01,2.167792e+01,2.171248e+01,2.159490e+01,2.167100e+01,2.177468e+01,2.176777e+01,2.165025e+01,2.171940e+01,2.169866e+01,2.171940e+01,2.169866e+01,2.166409e+01,2.165025e+01,2.162950e+01,2.163642e+01,2.162258e+01,2.155337e+01,2.176777e+01,2.154645e+01,2.158106e+01,2.162258e+01,2.157414e+01,2.150489e+01,2.155337e+01,2.155337e+01,2.141480e+01,2.155337e+01,2.146332e+01,2.147718e+01,2.157414e+01,2.148411e+01,2.153952e+01,2.158798e+01,2.155337e+01,2.155337e+01,2.153260e+01,2.152567e+01,2.180231e+01,2.162258e+01,2.153260e+01,2.153952e+01,2.162950e+01,2.160182e+01,2.159490e+01,2.157414e+01,2.165717e+01,2.154645e+01,2.153260e+01,2.176086e+01,2.163642e+01,2.167100e+01,2.159490e+01,2.173322e+01,2.164334e+01,2.167100e+01,2.159490e+01,2.162950e+01,2.170557e+01,2.180922e+01,2.171248e+01,2.166409e+01,2.176777e+01,2.161566e+01,2.157414e+01,2.145639e+01,2.140787e+01,2.142867e+01,2.112320e+01,2.034847e+01,2.032044e+01,2.035547e+01,2.026436e+01,2.022227e+01,2.032745e+01,2.053047e+01,2.034146e+01,2.048150e+01,2.043251e+01,2.046051e+01,2.048850e+01,2.048850e+01,2.057243e+01,2.061436e+01,2.067025e+01,2.062135e+01,2.072611e+01,2.057942e+01,2.059340e+01,2.057942e+01,2.067025e+01,2.074705e+01,2.069818e+01,2.071215e+01,2.066327e+01,2.062834e+01,2.085168e+01,2.062135e+01,2.061436e+01,2.052348e+01,2.046751e+01,2.052348e+01,2.063532e+01,2.065628e+01,2.071215e+01,2.122050e+01,2.144946e+01,2.142867e+01,2.156721e+01,2.168483e+01,2.178850e+01,2.180231e+01,2.178850e+01,2.163642e+01,2.180231e+01,2.160182e+01,2.175395e+01,2.177468e+01,2.174704e+01,2.132464e+01,2.109539e+01,2.103277e+01,2.106061e+01,2.094226e+01,2.108843e+01,2.111625e+01,2.109539e+01,2.113711e+01,2.113711e+01,2.111625e+01,2.116491e+01,2.174704e+01,2.189206e+01,2.215394e+01,2.205754e+01,2.204376e+01,2.202308e+01,2.205065e+01,2.216771e+01,2.210575e+01,2.205065e+01,2.209198e+01,2.182303e+01,2.174013e+01,2.163642e+01,2.142867e+01,2.124828e+01,2.122744e+01,2.146332e+01,2.135933e+01,2.136626e+01,2.157414e+01,2.157414e+01,2.164334e+01,2.168483e+01,2.169175e+01,2.167100e+01,2.167100e+01,2.168483e+01,2.162258e+01,2.168483e+01,2.175395e+01,2.174704e+01,2.170557e+01,2.169866e+01,2.168483e+01,2.171940e+01,2.172631e+01,2.152567e+01,2.165025e+01,2.165717e+01,2.160874e+01,2.156029e+01,2.154645e+01,2.151182e+01,2.144253e+01,2.149796e+01,2.154645e+01,2.147718e+01,2.152567e+01,2.159490e+01,2.163642e+01,2.164334e+01,2.165717e+01,2.166409e+01,2.158106e+01,2.157414e+01,2.147718e+01,2.139400e+01,2.155337e+01,2.149104e+01,2.135239e+01,2.136626e+01,2.134545e+01,2.145639e+01,2.124828e+01,2.137320e+01,2.169866e+01,2.167100e+01,2.157414e+01,2.171940e+01,2.158106e+01,2.172631e+01,2.180922e+01,2.178850e+01,2.182993e+01,2.196793e+01,2.189206e+01,2.180922e+01,2.180231e+01,2.183684e+01,2.185065e+01,2.186445e+01,2.176777e+01,2.193345e+01,2.176777e+01,2.173322e+01,2.179540e+01,2.166409e+01,2.165717e+01,2.141480e+01,2.142867e+01,2.125522e+01,2.122050e+01,2.138013e+01,2.122050e+01,2.126911e+01,2.130382e+01,2.128299e+01,2.126911e+01,2.130382e+01,2.123439e+01,2.126217e+01,2.138013e+01,2.133158e+01,2.129688e+01,2.128993e+01,2.131770e+01,2.128299e+01,2.141480e+01,2.136626e+01,2.124828e+01,2.144946e+01,2.151875e+01,2.165025e+01,2.169175e+01,2.107452e+01,2.094226e+01,2.094226e+01,2.092137e+01,2.087259e+01,2.094226e+01,2.080286e+01,2.074007e+01,2.083773e+01,2.081681e+01,2.083773e+01,2.066327e+01,2.080984e+01,2.083773e+01,2.089350e+01,2.089350e+01,2.085865e+01,2.099797e+01,2.098405e+01,2.099101e+01,2.092137e+01,2.092833e+01,2.122050e+01,2.129688e+01,2.131770e+01,2.143560e+01,2.186445e+01,2.185755e+01,2.189206e+01,2.200930e+01,2.191276e+01,2.191276e+01,2.198172e+01,2.187825e+01,2.202997e+01,2.199551e+01,2.182303e+01,2.174013e+01,2.169175e+01,2.172631e+01,2.156721e+01,2.144253e+01,2.137320e+01,2.115796e+01,2.122744e+01,2.116491e+01,2.097012e+01,2.104669e+01,2.103277e+01,2.099797e+01,2.096316e+01,2.105365e+01,2.096316e+01,2.106756e+01,2.097012e+01,2.094923e+01,2.106061e+01,2.109539e+01,2.112320e+01,2.113015e+01,2.117881e+01,2.124133e+01,2.144946e+01,2.131770e+01,2.142867e+01,2.151182e+01,2.153952e+01,2.138013e+01,2.135933e+01,2.125522e+01,2.133158e+01,2.144253e+01,2.145639e+01,2.142174e+01,2.144253e+01,2.162258e+01,2.167100e+01,2.169866e+01,2.182303e+01,2.189206e+01,2.194035e+01,2.187825e+01,2.207131e+01,2.209198e+01,2.214706e+01,2.218835e+01,2.217459e+01,2.222275e+01,2.210575e+01,2.216771e+01,2.216082e+01,2.219523e+01,2.213329e+01,2.215394e+01,2.210575e+01,2.211263e+01,2.207820e+01,2.201619e+01,2.201619e+01,2.210575e+01,2.210575e+01,2.216082e+01,2.200930e+01,2.198172e+01,2.169175e+01,2.188516e+01,2.190586e+01,2.218835e+01,2.390102e+01,2.458898e+01,2.346022e+01,2.220899e+01,2.209886e+01,2.186445e+01,2.178850e+01,2.185065e+01,2.179540e+01,2.183684e+01,2.172631e+01,2.173322e+01,2.189206e+01,2.177468e+01,2.165025e+01,2.174013e+01,2.171248e+01,2.166409e+01,2.174704e+01,2.164334e+01,2.160874e+01,2.158798e+01,2.156721e+01,2.150489e+01,2.147025e+01,2.137320e+01,2.126217e+01,2.131770e+01,2.122744e+01,2.113015e+01,2.108148e+01,2.110929e+01,2.109539e+01,2.101885e+01,2.103973e+01,2.106756e+01,2.141480e+01,2.149796e+01,2.156029e+01,2.153952e+01,2.167100e+01,2.167100e+01,2.167100e+01,2.164334e+01,2.160874e+01,2.156029e+01,2.178159e+01,2.165025e+01,2.180231e+01,2.164334e+01,2.167792e+01,2.149104e+01,2.175395e+01,2.179540e+01,2.155337e+01,2.170557e+01,2.161566e+01,2.172631e+01,2.158798e+01,2.165025e+01,2.146332e+01,2.166409e+01,2.162258e+01,2.166409e+01,2.169175e+01,2.177468e+01,2.162950e+01,2.163642e+01,2.174704e+01,2.170557e+01,2.171940e+01,2.174013e+01,2.176086e+01,2.164334e+01,2.175395e+01,2.179540e+01,2.169866e+01,2.164334e+01,2.174013e+01,2.177468e+01,2.175395e+01,2.162950e+01,2.175395e+01,2.169866e+01,2.163642e+01,2.167792e+01,2.162258e+01,2.158106e+01,2.165717e+01,2.153952e+01,2.162258e+01,2.161566e+01,2.162258e+01,2.162258e+01,2.166409e+01,2.166409e+01,2.165717e+01,2.171248e+01,2.166409e+01,2.176777e+01,2.169866e+01,2.173322e+01,2.182303e+01,2.199551e+01,2.178159e+01,2.180231e+01,2.158106e+01,2.165717e+01,2.167100e+01,2.171248e+01,2.176086e+01,2.173322e+01,2.174013e+01,2.160182e+01,2.172631e+01,2.160874e+01,2.169175e+01,2.164334e+01,2.171248e+01,2.157414e+01,2.155337e+01,2.161566e+01,2.156721e+01,2.155337e+01,2.150489e+01,2.149796e+01,2.162258e+01,2.163642e+01,2.150489e+01,2.134545e+01,2.149796e+01,2.150489e+01,2.154645e+01,2.151182e+01,2.156029e+01,2.144946e+01,2.152567e+01,2.137320e+01,2.111625e+01,2.131076e+01,2.133158e+01,2.125522e+01,2.131076e+01,2.117881e+01,2.129688e+01,2.159490e+01,2.180922e+01,2.185065e+01,2.176086e+01,2.194725e+01,2.175395e+01,2.184374e+01,2.178159e+01,2.188516e+01,2.198172e+01,2.193345e+01,2.176086e+01,2.189896e+01,2.186445e+01,2.177468e+01,2.183684e+01,2.188516e+01,2.192655e+01,2.193345e+01,2.184374e+01,2.178850e+01,2.185065e+01,2.185065e+01,2.188516e+01,2.185755e+01,2.187135e+01,2.185065e+01,2.189206e+01,2.179540e+01,2.209198e+01,2.184374e+01,2.183684e+01,2.198172e+01,2.177468e+01,2.180922e+01,2.182303e+01,2.180922e+01,2.185065e+01,2.189206e+01,2.199551e+01,2.179540e+01,2.180922e+01,2.180231e+01,2.174013e+01,2.179540e+01,2.178850e+01,2.177468e+01,2.171248e+01,2.181612e+01,2.168483e+01,2.182993e+01,2.165717e+01,2.169175e+01,2.163642e+01,2.168483e+01,2.159490e+01,2.160182e+01,2.160182e+01,2.162950e+01,2.159490e+01,2.156721e+01,2.158798e+01,2.163642e+01,2.152567e+01,2.153260e+01,2.140094e+01,2.149104e+01,2.162950e+01,2.157414e+01,2.153260e+01,2.156721e+01,2.162950e+01,2.151875e+01,2.140787e+01,2.156029e+01,2.139400e+01,2.151875e+01,2.150489e+01,2.150489e+01,2.160874e+01,2.161566e+01,2.149104e+01,2.156029e+01,2.152567e+01,2.158798e+01,2.151182e+01,2.147718e+01,2.154645e+01,2.148411e+01,2.160182e+01,2.148411e+01,2.158798e+01,2.150489e+01,2.149104e+01,2.152567e+01,2.146332e+01,2.153260e+01,2.144253e+01,2.155337e+01,2.151875e+01,2.148411e+01,2.147718e+01,2.145639e+01,2.159490e+01,2.157414e+01,2.156029e+01,2.153260e+01,2.169175e+01,2.172631e+01,2.167792e+01,2.162258e+01,2.160182e+01,2.160182e+01,2.161566e+01,2.160874e+01,2.159490e+01,2.155337e+01,2.160182e+01,2.163642e+01,2.176086e+01,2.160182e+01
2.165025e+01,2.168483e+01,2.165717e+01,2.158798e+01,2.172631e+01,2.162258e+01,2.167792e+01,2.163642e+01,2.159490e+01,2.188516e+01,2.172631e+01,2.167100e+01,2.174704e+01,2.175395e+01,2.174704e+01,2.174013e+01,2.173322e+01,2.188516e+01,2.170557e+01,2.171248e+01,2.173322e+01,2.167100e+01,2.169175e+01,2.169175e+01,2.180231e+01,2.158798e+01,2.160182e+01,2.167100e+01,2.166409e+01,2.166409e+01,2.169175e+01,2.165025e+01,2.163642e+01,2.156721e+01,2.146332e+01,2.156029e+01,2.165025e+01,2.157414e+01,2.171248e+01,2.162950e+01,2.149796e+01,2.167100e+01,2.151182e+01,2.152567e+01,2.154645e+01,2.158106e+01,2.149796e+01,2.153260e+01,2.153260e+01,2.148411e+01,2.158106e+01,2.151875e+01,2.157414e+01,2.155337e+01,2.159490e+01,2.155337e+01,2.156029e+01,2.155337e+01,2.153952e+01,2.151182e+01,2.158798e+01,2.160874e+01,2.161566e+01,2.167792e+01,2.162258e+01,2.162950e+01,2.165025e+01,2.153260e+01,2.177468e+01,2.161566e+01,2.174704e+01,2.158106e+01,2.169175e+01,2.169175e+01,2.167792e+01,2.162950e+01,2.165717e+01,2.181612e+01,2.180922e+01,2.167792e+01,2.161566e+01,2.168483e+01,2.176777e+01,2.167792e+01,2.154645e+01,2.155337e+01,2.146332e+01,2.147025e+01,2.111625e+01,2.046751e+01,2.002566e+01,2.005377e+01,2.020123e+01,2.024332e+01,2.036949e+01,2.040450e+01,2.041851e+01,2.044651e+01,2.056544e+01,2.046051e+01,2.050249e+01,2.069818e+01,2.062135e+01,2.056544e+01,2.060039e+01,2.058641e+01,2.062834e+01,2.067723e+01,2.072611e+01,2.050249e+01,2.074007e+01,2.072611e+01,2.040450e+01,2.052348e+01,2.060039e+01,2.055844e+01,2.063532e+01,2.055844e+01,2.058641e+01,2.069818e+01,2.065628e+01,2.066327e+01,2.062834e+01,2.103277e+01,2.121355e+01,2.156029e+01,2.151875e+01,2.174704e+01,2.171248e+01,2.167792e+01,2.180231e+01,2.177468e+01,2.178850e+01,2.171248e+01,2.180922e+01,2.177468e+01,2.174704e+01,2.167100e+01,2.162950e+01,2.131076e+01,2.094226e+01,2.090047e+01,2.092833e+01,2.110929e+01,2.092833e+01,2.108843e+01,2.106061e+01,2.102581e+01,2.115796e+01,2.158106e+01,2.180231e+01,2.199551e+01,2.195414e+01,2.198862e+01,2.202997e+01,2.220899e+01,2.216771e+01,2.205065e+01,2.205754e+01,2.200241e+01,2.200930e+01,2.193345e+01,2.200241e+01,2.185065e+01,2.171248e+01,2.158106e+01,2.135933e+01,2.125522e+01,2.151182e+01,2.128299e+01,2.151182e+01,2.154645e+01,2.158798e+01,2.157414e+01,2.162950e+01,2.165717e+01,2.165717e+01,2.167792e+01,2.162258e+01,2.170557e+01,2.166409e+01,2.163642e+01,2.160182e+01,2.170557e+01,2.169866e+01,2.167792e+01,2.167100e+01,2.164334e+01,2.170557e+01,2.157414e+01,2.168483e+01,2.155337e+01,2.154645e+01,2.157414e+01,2.160182e+01,2.150489e+01,2.158798e+01,2.150489e+01,2.162258e+01,2.162950e+01,2.158798e+01,2.167100e+01,2.166409e+01,2.178159e+01,2.158798e+01,2.161566e+01,2.167792e+01,2.165025e+01,2.147718e+01,2.149796e+01,2.154645e+01,2.134545e+01,2.151182e+01,2.140094e+01,2.149796e+01,2.122744e+01,2.138013e+01,2.166409e+01,2.158798e+01,2.170557e+01,2.165717e+01,2.180922e+01,2.149104e+01,2.176777e+01,2.174704e+01,2.169866e+01,2.184374e+01,2.180922e+01,2.193345e+01,2.191276e+01,2.180922e+01,2.171940e+01,2.182303e+01,2.183684e+01,2.172631e+01,2.174013e+01,2.192655e+01,2.175395e+01,2.173322e+01,2.169866e+01,2.168483e+01,2.147718e+01,2.134545e+01,2.133158e+01,2.124133e+01,2.128299e+01,2.129688e+01,2.129688e+01,2.130382e+01,2.129688e+01,2.103973e+01,2.128299e+01,2.126911e+01,2.126911e+01,2.132464e+01,2.135933e+01,2.125522e+01,2.133158e+01,2.131770e+01,2.124828e+01,2.123439e+01,2.140787e+01,2.126911e+01,2.144946e+01,2.158106e+01,2.142867e+01,2.114406e+01,2.094923e+01,2.094923e+01,2.096316e+01,2.089350e+01,2.083773e+01,2.099101e+01,2.088653e+01,2.078193e+01,2.074007e+01,2.075403e+01,2.085168e+01,2.083076e+01,2.085168e+01,2.085168e+01,2.093530e+01,2.094226e+01,2.087259e+01,2.104669e+01,2.099797e+01,2.094923e+01,2.095619e+01,2.096316e+01,2.131076e+01,2.130382e+01,2.160874e+01,2.162258e+01,2.185755e+01,2.181612e+01,2.188516e+01,2.191965e+01,2.188516e+01,2.187825e+01,2.189896e+01,2.182993e+01,2.182303e+01,2.179540e+01,2.180922e+01,2.171248e+01,2.156721e+01,2.158106e+01,2.113015e+01,2.114406e+01,2.116491e+01,2.097709e+01,2.099101e+01,2.095619e+01,2.099101e+01,2.092137e+01,2.101189e+01,2.099797e+01,2.101189e+01,2.099797e+01,2.097709e+01,2.117186e+01,2.095619e+01,2.111625e+01,2.112320e+01,2.110234e+01,2.124133e+01,2.123439e+01,2.147718e+01,2.151875e+01,2.148411e+01,2.173322e+01,2.154645e+01,2.153952e+01,2.149104e+01,2.139400e+01,2.126911e+01,2.133158e+01,2.133851e+01,2.144946e+01,2.142174e+01,2.140787e+01,2.165025e+01,2.170557e+01,2.174704e+01,2.169175e+01,2.187135e+01,2.193345e+01,2.205754e+01,2.240142e+01,2.213329e+01,2.215394e+01,2.215394e+01,2.214017e+01,2.207131e+01,2.221587e+01,2.220211e+01,2.220899e+01,2.216082e+01,2.216082e+01,2.218147e+01,2.215394e+01,2.208509e+01,2.213329e+01,2.203687e+01,2.198862e+01,2.208509e+01,2.209886e+01,2.216771e+01,2.218835e+01,2.207820e+01,2.176086e+01,2.176777e+01,2.170557e+01,2.211263e+01,2.360962e+01,2.377236e+01,2.218835e+01,2.184374e+01,2.184374e+01,2.191965e+01,2.191276e+01,2.182993e+01,2.178159e+01,2.171940e+01,2.183684e+01,2.186445e+01,2.188516e+01,2.179540e+01,2.180922e+01,2.171940e+01,2.169175e+01,2.167100e+01,2.165717e+01,2.163642e+01,2.149104e+01,2.158798e+01,2.150489e+01,2.147718e+01,2.137320e+01,2.131076e+01,2.126217e+01,2.116491e+01,2.116491e+01,2.108843e+01,2.100493e+01,2.093530e+01,2.099797e+01,2.088653e+01,2.106061e+01,2.098405e+01,2.131770e+01,2.101885e+01,2.138013e+01,2.138013e+01,2.147718e+01,2.147025e+01,2.162258e+01,2.163642e+01,2.157414e+01,2.158106e+01,2.160874e+01,2.161566e+01,2.162258e+01,2.157414e+01,2.160182e+01,2.155337e+01,2.168483e+01,2.168483e+01,2.184374e+01,2.181612e+01,2.162258e+01,2.159490e+01,2.156721e+01,2.158106e+01,2.153260e+01,2.165025e+01,2.162258e+01,2.165717e+01,2.164334e+01,2.167100e+01,2.160874e+01,2.159490e+01,2.174013e+01,2.172631e+01,2.162258e+01,2.169866e+01,2.171940e+01,2.175395e+01,2.173322e+01,2.160182e+01,2.161566e+01,2.173322e+01,2.173322e+01,2.172631e+01,2.167792e+01,2.172631e+01,2.174704e+01,2.162258e+01,2.166409e+01,2.161566e+01,2.164334e+01,2.158798e+01,2.158798e+01,2.162258e+01,2.154645e+01,2.161566e+01,2.165025e+01,2.162950e+01,2.160182e+01,2.167792e+01,2.169866e+01,2.176086e+01,2.182303e+01,2.173322e+01,2.169866e+01,2.179540e+01,2.177468e+01,2.180922e+01,2.195414e+01,2.174704e+01,2.174704e+01,2.167100e+01,2.156721e+01,2.174704e+01,2.171940e+01,2.174013e+01,2.153260e+01,2.172631e+01,2.159490e+01,2.171248e+01,2.166409e+01,2.160874e+01,2.167100e+01,2.153260e+01,2.159490e+01,2.143560e+01,2.153952e+01,2.148411e+01,2.142174e+01,2.141480e+01,2.138013e+01,2.151875e+01,2.152567e+01,2.153952e+01,2.144946e+01,2.157414e+01,2.154645e+01,2.156029e+01,2.144946e+01,2.149104e+01,2.133158e+01,2.147025e+01,2.132464e+01,2.135239e+01,2.133158e+01,2.127605e+01,2.120660e+01,2.117186e+01,2.128299e+01,2.132464e+01,2.161566e+01,2.174013e+01,2.187135e+01,2.176086e+01,2.196104e+01,2.176086e+01,2.190586e+01,2.189896e+01,2.187135e+01,2.170557e+01,2.183684e+01,2.171940e+01,2.171940e+01,2.178850e+01,2.188516e+01,2.180922e+01,2.183684e+01,2.180922e+01,2.187135e+01,2.187825e+01,2.178159e+01,2.191965e+01,2.181612e+01,2.188516e+01,2.187825e+01,2.191965e+01,2.182303e+01,2.187135e+01,2.170557e+01,2.186445e+01,2.184374e+01,2.188516e+01,2.178850e+01,2.192655e+01,2.179540e+01,2.187135e+01,2.194725e+01,2.187825e+01,2.179540e+01,2.158798e+01,2.179540e+01,2.175395e+01,2.175395e+01,2.176777e+01,2.170557e+01,2.178850e+01,2.182303e+01,2.167100e+01,2.162258e+01,2.171940e+01,2.169175e+01,2.164334e+01,2.155337e+01,2.157414e+01,2.156029e+01,2.156721e+01,2.146332e+01,2.160182e+01,2.156029e+01,2.171248e+01,2.150489e+01,2.152567e+01,2.159490e+01,2.150489e+01,2.153952e+01,2.147025e+01,2.156029e+01,2.151182e+01,2.149104e+01,2.156721e+01,2.159490e+01,2.159490e+01,2.158798e+01,2.156721e+01,2.151182e+01,2.157414e+01,2.158798e+01,2.151875e+01,2.160874e+01,2.142867e+01,2.152567e+01,2.133851e+01,2.153952e+01,2.151875e+01,2.153952e+01,2.163642e+01,2.159490e+01,2.160182e+01,2.157414e+01,2.150489e+01,2.149796e+01,2.151875e+01,2.151875e+01,2.150489e+01,2.148411e+01,2.149796e+01,2.150489e+01,2.151182e+01,2.162950e+01,2.144946e+01,2.156029e+01,2.147718e+01,2.139400e+01,2.149104e+01,2.135933e+01,2.151875e+01,2.134545e+01,2.156029e+01,2.167792e+01,2.162950e+01,2.161566e+01,2.160182e+01,2.170557e+01,2.165025e+01,2.158106e+01,2.171940e+01,2.169175e+01,2.136626e+01,2.159490e+01,2.149104e+01
2.166409e+01,2.169175e+01,2.170557e+01,2.168483e+01,2.169175e+01,2.162950e+01,2.168483e+01,2.167100e+01,2.172631e+01,2.174013e+01,2.159490e+01,2.165025e+01,2.172631e+01,2.176777e+01,2.165025e+01,2.174704e+01,2.182303e+01,2.162950e+01,2.170557e+01,2.176777e+01,2.171248e+01,2.174013e+01,2.174013e+01,2.158106e+01,2.159490e+01,2.160874e+01,2.165025e+01,2.158106e+01,2.174013e+01,2.165717e+01,2.163642e+01,2.167792e+01,2.156029e+01,2.157414e+01,2.156721e+01,2.151875e+01,2.161566e+01,2.152567e+01,2.156721e+01,2.174013e+01,2.156029e+01,2.144946e+01,2.150489e+01,2.156029e+01,2.139400e+01,2.163642e+01,2.161566e+01,2.148411e+01,2.156029e+01,2.147718e+01,2.151182e+01,2.156721e+01,2.151182e+01,2.156721e+01,2.140094e+01,2.146332e+01,2.151182e+01,2.161566e+01,2.180231e+01,2.163642e+01,2.161566e+01,2.166409e+01,2.151182e+01,2.169175e+01,2.165717e+01,2.164334e+01,2.178159e+01,2.175395e+01,2.140787e+01,2.170557e+01,2.170557e+01,2.168483e+01,2.161566e+01,2.170557e+01,2.180231e+01,2.155337e+01,2.156721e+01,2.143560e+01,2.153260e+01,2.176086e+01,2.171940e+01,2.168483e+01,2.165717e+01,2.152567e+01,2.153260e+01,2.140787e+01,2.139400e+01,2.144946e+01,2.109539e+01,2.031343e+01,2.000457e+01,2.001160e+01,2.004674e+01,2.019421e+01,2.028539e+01,2.021526e+01,2.043951e+01,2.042551e+01,2.043251e+01,2.039050e+01,2.048150e+01,2.050249e+01,2.037649e+01,2.057243e+01,2.061436e+01,2.063532e+01,2.053747e+01,2.064930e+01,2.065628e+01,2.054446e+01,2.049550e+01,2.071215e+01,2.059340e+01,2.079589e+01,2.076100e+01,2.064930e+01,2.062834e+01,2.062834e+01,2.069818e+01,2.065628e+01,2.048150e+01,2.071913e+01,2.101189e+01,2.141480e+01,2.158798e+01,2.165025e+01,2.160182e+01,2.169866e+01,2.180922e+01,2.181612e+01,2.176086e+01,2.176777e+01,2.176086e+01,2.176777e+01,2.194035e+01,2.177468e+01,2.172631e+01,2.169175e+01,2.169175e+01,2.150489e+01,2.108843e+01,2.101885e+01,2.106061e+01,2.108843e+01,2.109539e+01,2.109539e+01,2.121355e+01,2.125522e+01,2.166409e+01,2.180231e+01,2.201619e+01,2.201619e+01,2.217459e+01,2.195414e+01,2.211263e+01,2.206442e+01,2.207131e+01,2.203687e+01,2.217459e+01,2.214706e+01,2.194725e+01,2.206442e+01,2.191965e+01,2.196104e+01,2.185755e+01,2.185065e+01,2.153952e+01,2.133158e+01,2.140787e+01,2.135239e+01,2.142174e+01,2.151182e+01,2.152567e+01,2.152567e+01,2.156029e+01,2.165717e+01,2.161566e+01,2.165717e+01,2.167100e+01,2.169866e+01,2.165025e+01,2.169866e+01,2.169175e+01,2.172631e+01,2.174013e+01,2.174704e+01,2.162258e+01,2.164334e+01,2.167792e+01,2.169175e+01,2.172631e+01,2.152567e+01,2.171248e+01,2.156721e+01,2.155337e+01,2.155337e+01,2.153952e+01,2.164334e+01,2.151875e+01,2.158798e+01,2.167792e+01,2.182303e+01,2.168483e+01,2.166409e+01,2.165717e+01,2.161566e+01,2.165717e+01,2.156029e+01,2.147718e+01,2.149796e+01,2.147025e+01,2.152567e+01,2.154645e+01,2.154645e+01,2.140787e+01,2.131076e+01,2.142867e+01,2.138707e+01,2.156029e+01,2.164334e+01,2.172631e+01,2.149104e+01,2.134545e+01,2.138707e+01,2.174013e+01,2.188516e+01,2.195414e+01,2.181612e+01,2.182303e+01,2.180922e+01,2.196793e+01,2.194035e+01,2.193345e+01,2.190586e+01,2.187135e+01,2.186445e+01,2.176086e+01,2.182303e+01,2.181612e+01,2.178159e+01,2.167100e+01,2.173322e+01,2.144253e+01,2.136626e+01,2.126217e+01,2.129688e+01,2.130382e+01,2.133158e+01,2.128993e+01,2.139400e+01,2.122744e+01,2.124133e+01,2.134545e+01,2.129688e+01,2.132464e+01,2.134545e+01,2.124133e+01,2.138013e+01,2.133851e+01,2.129688e+01,2.124133e+01,2.125522e+01,2.115101e+01,2.120660e+01,2.142174e+01,2.129688e+01,2.120660e+01,2.094226e+01,2.094226e+01,2.095619e+01,2.087259e+01,2.093530e+01,2.084470e+01,2.101189e+01,2.090047e+01,2.081681e+01,2.072611e+01,2.085168e+01,2.085168e+01,2.087956e+01,2.086562e+01,2.085865e+01,2.092833e+01,2.093530e+01,2.094226e+01,2.090743e+01,2.080984e+01,2.090743e+01,2.104669e+01,2.119966e+01,2.133851e+01,2.159490e+01,2.160874e+01,2.165717e+01,2.181612e+01,2.185755e+01,2.165717e+01,2.187825e+01,2.178159e+01,2.173322e+01,2.170557e+01,2.171940e+01,2.162950e+01,2.151875e+01,2.138707e+01,2.112320e+01,2.115796e+01,2.110929e+01,2.114406e+01,2.092833e+01,2.095619e+01,2.095619e+01,2.096316e+01,2.073309e+01,2.101189e+01,2.087956e+01,2.097012e+01,2.105365e+01,2.094923e+01,2.094923e+01,2.101189e+01,2.113711e+01,2.114406e+01,2.110929e+01,2.146332e+01,2.147025e+01,2.149796e+01,2.156721e+01,2.156029e+01,2.165717e+01,2.177468e+01,2.156029e+01,2.162258e+01,2.146332e+01,2.133158e+01,2.128299e+01,2.132464e+01,2.143560e+01,2.156029e+01,2.145639e+01,2.149796e+01,2.167100e+01,2.162258e+01,2.181612e+01,2.166409e+01,2.185755e+01,2.207820e+01,2.183684e+01,2.204376e+01,2.216082e+01,2.206442e+01,2.214017e+01,2.216771e+01,2.209886e+01,2.216082e+01,2.220899e+01,2.220899e+01,2.216082e+01,2.222962e+01,2.214017e+01,2.209198e+01,2.218147e+01,2.215394e+01,2.202308e+01,2.214017e+01,2.202997e+01,2.215394e+01,2.217459e+01,2.209886e+01,2.205065e+01,2.180922e+01,2.174013e+01,2.189206e+01,2.207820e+01,2.283993e+01,2.255237e+01,2.195414e+01,2.198172e+01,2.191965e+01,2.191276e+01,2.176777e+01,2.177468e+01,2.179540e+01,2.175395e+01,2.189206e+01,2.179540e+01,2.177468e+01,2.173322e+01,2.179540e+01,2.167100e+01,2.163642e+01,2.169175e+01,2.171248e+01,2.163642e+01,2.159490e+01,2.160182e+01,2.152567e+01,2.157414e+01,2.149796e+01,2.140787e+01,2.121355e+01,2.133158e+01,2.120660e+01,2.114406e+01,2.097709e+01,2.103973e+01,2.090743e+01,2.094226e+01,2.112320e+01,2.094226e+01,2.090743e+01,2.087956e+01,2.084470e+01,2.106061e+01,2.144946e+01,2.147718e+01,2.153260e+01,2.155337e+01,2.155337e+01,2.155337e+01,2.162950e+01,2.162258e+01,2.157414e+01,2.163642e+01,2.160874e+01,2.163642e+01,2.169175e+01,2.174704e+01,2.180922e+01,2.170557e+01,2.158798e+01,2.160182e+01,2.167792e+01,2.165025e+01,2.160874e+01,2.165025e+01,2.169175e+01,2.158798e+01,2.166409e+01,2.162950e+01,2.168483e+01,2.162950e+01,2.174013e+01,2.174013e+01,2.178159e+01,2.172631e+01,2.176086e+01,2.182303e+01,2.169175e+01,2.172631e+01,2.159490e+01,2.178159e+01,2.172631e+01,2.158798e+01,2.160874e+01,2.158798e+01,2.164334e+01,2.156029e+01,2.160182e+01,2.161566e+01,2.157414e+01,2.160182e+01,2.166409e+01,2.163642e+01,2.160874e+01,2.157414e+01,2.152567e+01,2.151182e+01,2.162258e+01,2.163642e+01,2.159490e+01,2.163642e+01,2.167792e+01,2.168483e+01,2.169175e+01,2.174704e+01,2.172631e+01,2.151182e+01,2.178159e+01,2.173322e+01,2.163642e+01,2.168483e+01,2.171248e+01,2.167792e+01,2.171248e+01,2.170557e+01,2.166409e+01,2.169175e+01,2.172631e+01,2.158798e+01,2.153952e+01,2.171248e+01,2.159490e+01,2.149796e+01,2.159490e+01,2.158798e+01,2.140787e+01,2.149796e+01,2.143560e+01,2.149104e+01,2.140787e+01,2.141480e+01,2.142867e+01,2.140787e+01,2.144253e+01,2.135933e+01,2.145639e+01,2.147025e+01,2.152567e+01,2.133158e+01,2.137320e+01,2.135933e+01,2.127605e+01,2.126911e+01,2.133158e+01,2.121355e+01,2.117881e+01,2.091440e+01,2.131770e+01,2.117186e+01,2.135933e+01,2.143560e+01,2.176777e+01,2.175395e+01,2.169175e+01,2.182303e+01,2.185755e+01,2.165717e+01,2.188516e+01,2.185065e+01,2.190586e+01,2.189206e+01,2.175395e+01,2.186445e+01,2.186445e+01,2.180922e+01,2.184374e+01,2.177468e+01,2.185065e+01,2.188516e+01,2.170557e+01,2.196104e+01,2.186445e+01,2.182303e+01,2.189896e+01,2.191276e+01,2.178850e+01,2.189896e+01,2.205065e+01,2.184374e+01,2.185065e+01,2.174013e+01,2.185065e+01,2.198862e+01,2.198862e+01,2.183684e+01,2.181612e+01,2.175395e+01,2.180922e+01,2.196793e+01,2.176777e+01,2.178159e+01,2.187135e+01,2.176777e+01,2.181612e+01,2.180231e+01,2.178850e+01,2.182303e+01,2.165717e+01,2.168483e+01,2.165025e+01,2.158798e+01,2.165025e+01,2.160182e+01,2.167100e+01,2.149104e+01,2.162258e+01,2.160874e+01,2.160182e+01,2.153260e+01,2.153260e+01,2.156721e+01,2.158798e+01,2.153260e+01,2.158106e+01,2.153952e+01,2.154645e+01,2.144946e+01,2.156029e+01,2.156029e+01,2.155337e+01,2.157414e+01,2.151182e+01,2.150489e+01,2.157414e+01,2.158798e+01,2.138013e+01,2.159490e+01,2.148411e+01,2.160874e+01,2.144946e+01,2.154645e+01,2.137320e+01,2.153952e+01,2.151182e+01,2.149796e+01,2.153952e+01,2.149796e+01,2.153952e+01,2.154645e+01,2.164334e+01,2.152567e+01,2.150489e+01,2.149104e+01,2.150489e+01,2.158798e+01,2.149104e+01,2.161566e+01,2.149104e+01,2.147025e+01,2.144946e+01,2.148411e+01,2.151182e+01,2.158798e+01,2.167792e+01,2.158106e+01,2.167100e+01,2.147718e+01,2.162950e+01,2.160182e+01,2.162258e+01,2.160182e+01,2.158106e+01,2.162950e+01,2.174013e+01,2.169866e+01,2.153952e+01,2.173322e+01,2.167100e+01,2.158106e+01
2.166409e+01,2.169175e+01,2.169866e+01,2.167100e+01,2.170557e+01,2.168483e+01,2.163642e+01,2.169866e+01,2.189896e+01,2.174704e+01,2.178850e+01,2.174704e+01,2.172631e+01,2.176777e+01,2.187135e+01,2.187135e+01,2.166409e+01,2.187135e+01,2.175395e+01,2.166409e+01,2.168483e+01,2.171940e+01,2.167100e+01,2.165717e+01,2.170557e+01,2.165025e+01,2.160182e+01,2.185065e+01,2.167792e+01,2.161566e+01,2.167100e+01,2.158798e+01,2.162258e+01,2.154645e+01,2.173322e+01,2.153952e+01,2.158798e+01,2.151875e+01,2.150489e+01,2.140787e+01,2.141480e+01,2.148411e+01,2.148411e+01,2.166409e+01,2.176086e+01,2.165025e+01,2.144946e+01,2.151875e+01,2.153260e+01,2.157414e+01,2.151182e+01,2.149104e+01,2.163642e+01,2.157414e+01,2.156721e+01,2.153952e+01,2.160874e+01,2.158106e+01,2.170557e+01,2.165025e+01,2.162258e+01,2.171940e+01,2.162950e+01,2.165717e+01,2.169175e+01,2.167792e+01,2.167100e+01,2.171248e+01,2.165717e+01,2.175395e+01,2.172631e+01,2.169866e+01,2.170557e+01,2.157414e+01,2.167792e+01,2.171248e+01,2.173322e+01,2.163642e+01,2.159490e+01,2.175395e+01,2.166409e+01,2.171940e+01,2.171248e+01,2.162258e+01,2.160874e+01,2.154645e+01,2.149796e+01,2.137320e+01,2.112320e+01,2.029240e+01,2.015210e+01,1.997644e+01,2.024332e+01,2.040450e+01,2.018719e+01,2.025734e+01,2.046751e+01,2.046051e+01,2.037649e+01,2.045351e+01,2.034847e+01,2.053047e+01,2.039750e+01,2.055145e+01,2.053747e+01,2.061436e+01,2.074007e+01,2.048850e+01,2.054446e+01,2.076798e+01,2.053047e+01,2.060737e+01,2.051648e+01,2.069818e+01,2.054446e+01,2.064930e+01,2.058641e+01,2.050249e+01,2.050949e+01,2.069818e+01,2.103277e+01,2.106756e+01,2.138707e+01,2.165717e+01,2.167792e+01,2.176777e+01,2.176777e+01,2.171248e+01,2.180922e+01,2.190586e+01,2.174704e+01,2.187825e+01,2.181612e+01,2.182993e+01,2.177468e+01,2.180922e+01,2.173322e+01,2.177468e+01,2.165025e+01,2.157414e+01,2.112320e+01,2.100493e+01,2.110234e+01,2.119271e+01,2.117881e+01,2.130382e+01,2.131770e+01,2.162258e+01,2.184374e+01,2.205754e+01,2.187135e+01,2.202308e+01,2.207131e+01,2.229838e+01,2.210575e+01,2.211263e+01,2.198172e+01,2.215394e+01,2.206442e+01,2.215394e+01,2.206442e+01,2.200930e+01,2.201619e+01,2.211952e+01,2.204376e+01,2.197483e+01,2.183684e+01,2.162258e+01,2.142867e+01,2.156721e+01,2.128993e+01,2.159490e+01,2.153260e+01,2.156721e+01,2.157414e+01,2.171248e+01,2.165025e+01,2.169866e+01,2.169866e+01,2.164334e+01,2.168483e+01,2.169866e+01,2.170557e+01,2.169175e+01,2.176777e+01,2.172631e+01,2.175395e+01,2.178159e+01,2.171940e+01,2.165717e+01,2.153260e+01,2.168483e+01,2.157414e+01,2.151875e+01,2.166409e+01,2.165025e+01,2.165717e+01,2.156029e+01,2.162950e+01,2.158798e+01,2.163642e+01,2.167792e+01,2.180922e+01,2.176777e+01,2.170557e+01,2.174013e+01,2.163642e+01,2.152567e+01,2.151875e+01,2.158798e+01,2.147025e+01,2.153260e+01,2.151875e+01,2.145639e+01,2.136626e+01,2.138013e+01,2.144946e+01,2.139400e+01,2.142867e+01,2.160874e+01,2.171940e+01,2.142174e+01,2.135239e+01,2.135933e+01,2.137320e+01,2.169866e+01,2.175395e+01,2.173322e+01,2.185755e+01,2.178850e+01,2.190586e+01,2.183684e+01,2.186445e+01,2.196793e+01,2.194035e+01,2.189206e+01,2.196104e+01,2.191276e+01,2.177468e+01,2.171940e+01,2.177468e+01,2.180922e+01,2.169175e+01,2.160874e+01,2.162950e+01,2.156029e+01,2.130382e+01,2.128993e+01,2.130382e+01,2.117881e+01,2.130382e+01,2.131076e+01,2.127605e+01,2.126911e+01,2.128299e+01,2.135933e+01,2.133851e+01,2.135239e+01,2.134545e+01,2.124133e+01,2.126217e+01,2.123439e+01,2.112320e+01,2.110234e+01,2.111625e+01,2.122744e+01,2.124133e+01,2.109539e+01,2.095619e+01,2.085865e+01,2.097709e+01,2.095619e+01,2.094923e+01,2.076798e+01,2.094226e+01,2.068422e+01,2.097012e+01,2.094923e+01,2.094923e+01,2.090743e+01,2.087259e+01,2.087956e+01,2.091440e+01,2.068422e+01,2.074705e+01,2.087956e+01,2.086562e+01,2.087259e+01,2.098405e+01,2.100493e+01,2.116491e+01,2.135933e+01,2.147718e+01,2.155337e+01,2.178850e+01,2.178159e+01,2.178159e+01,2.182303e+01,2.181612e+01,2.176086e+01,2.150489e+01,2.144253e+01,2.131770e+01,2.128993e+01,2.112320e+01,2.103973e+01,2.108843e+01,2.110929e+01,2.083773e+01,2.082378e+01,2.093530e+01,2.081681e+01,2.082378e+01,2.092137e+01,2.090047e+01,2.103973e+01,2.092833e+01,2.095619e+01,2.115796e+01,2.110234e+01,2.119966e+01,2.113711e+01,2.117186e+01,2.146332e+01,2.163642e+01,2.153952e+01,2.163642e+01,2.168483e+01,2.162950e+01,2.174704e+01,2.170557e+01,2.174013e+01,2.173322e+01,2.164334e+01,2.151182e+01,2.131076e+01,2.132464e+01,2.138707e+01,2.149104e+01,2.153260e+01,2.163642e+01,2.151182e+01,2.158798e+01,2.174013e+01,2.182993e+01,2.187135e+01,2.189206e+01,2.187825e+01,2.207131e+01,2.205065e+01,2.208509e+01,2.214706e+01,2.220899e+01,2.210575e+01,2.209198e+01,2.205754e+01,2.220211e+01,2.219523e+01,2.205065e+01,2.216082e+01,2.218835e+01,2.211263e+01,2.211263e+01,2.212641e+01,2.207820e+01,2.194035e+01,2.207820e+01,2.205754e+01,2.214017e+01,2.202997e+01,2.193345e+01,2.187825e+01,2.185065e+01,2.185065e+01,2.252494e+01,2.209886e+01,2.193345e+01,2.183684e+01,2.182993e+01,2.176086e+01,2.191276e+01,2.178159e+01,2.177468e+01,2.174704e+01,2.171940e+01,2.180231e+01,2.180922e+01,2.190586e+01,2.174013e+01,2.163642e+01,2.168483e+01,2.176777e+01,2.173322e+01,2.170557e+01,2.171248e+01,2.170557e+01,2.156721e+01,2.143560e+01,2.141480e+01,2.149796e+01,2.137320e+01,2.122744e+01,2.118576e+01,2.097709e+01,2.106061e+01,2.097012e+01,2.098405e+01,2.099797e+01,2.095619e+01,2.097709e+01,2.081681e+01,2.090047e+01,2.087259e+01,2.088653e+01,2.105365e+01,2.147025e+01,2.162258e+01,2.159490e+01,2.157414e+01,2.158798e+01,2.155337e+01,2.158798e+01,2.159490e+01,2.144253e+01,2.141480e+01,2.158798e+01,2.167792e+01,2.177468e+01,2.171248e+01,2.171248e+01,2.164334e+01,2.160182e+01,2.148411e+01,2.166409e+01,2.149104e+01,2.147718e+01,2.166409e+01,2.151182e+01,2.162258e+01,2.159490e+01,2.169175e+01,2.158798e+01,2.177468e+01,2.162258e+01,2.167792e+01,2.173322e+01,2.167792e+01,2.170557e+01,2.165717e+01,2.183684e+01,2.158798e+01,2.173322e+01,2.168483e+01,2.156029e+01,2.160874e+01,2.158106e+01,2.165025e+01,2.155337e+01,2.153952e+01,2.160874e+01,2.162258e+01,2.160182e+01,2.161566e+01,2.168483e+01,2.155337e+01,2.162258e+01,2.160182e+01,2.160182e+01,2.158798e+01,2.169175e+01,2.166409e+01,2.156029e+01,2.187825e+01,2.167100e+01,2.168483e+01,2.169866e+01,2.177468e+01,2.169175e+01,2.170557e+01,2.173322e+01,2.172631e+01,2.162950e+01,2.165025e+01,2.165025e+01,2.178159e+01,2.167100e+01,2.164334e+01,2.165025e+01,2.165717e+01,2.165025e+01,2.161566e+01,2.158798e+01,2.165025e+01,2.163642e+01,2.157414e+01,2.160182e+01,2.159490e+01,2.149796e+01,2.150489e+01,2.160182e+01,2.144946e+01,2.151182e+01,2.147718e+01,2.142867e+01,2.148411e+01,2.144253e+01,2.146332e+01,2.142174e+01,2.145639e+01,2.150489e+01,2.145639e+01,2.130382e+01,2.142174e+01,2.128993e+01,2.129688e+01,2.129688e+01,2.131770e+01,2.115796e+01,2.118576e+01,2.122050e+01,2.117881e+01,2.126911e+01,2.161566e+01,2.170557e+01,2.169866e+01,2.182993e+01,2.188516e+01,2.184374e+01,2.191965e+01,2.191965e+01,2.190586e+01,2.190586e+01,2.188516e+01,2.190586e+01,2.187135e+01,2.178159e+01,2.178159e+01,2.178850e+01,2.176086e+01,2.176086e+01,2.178159e+01,2.181612e+01,2.178850e+01,2.182993e+01,2.186445e+01,2.186445e+01,2.207131e+01,2.172631e+01,2.193345e+01,2.184374e+01,2.202997e+01,2.190586e+01,2.202997e+01,2.198172e+01,2.183684e+01,2.189206e+01,2.177468e+01,2.194725e+01,2.175395e+01,2.174704e+01,2.176086e+01,2.175395e+01,2.181612e+01,2.173322e+01,2.174013e+01,2.180922e+01,2.179540e+01,2.157414e+01,2.161566e+01,2.158798e+01,2.174013e+01,2.164334e+01,2.169175e+01,2.164334e+01,2.153260e+01,2.171248e+01,2.159490e+01,2.161566e+01,2.162258e+01,2.161566e+01,2.152567e+01,2.154645e+01,2.161566e+01,2.160182e+01,2.162950e+01,2.154645e+01,2.154645e+01,2.154645e+01,2.158798e+01,2.165717e+01,2.158106e+01,2.155337e+01,2.156721e+01,2.149104e+01,2.159490e+01,2.158106e+01,2.158106e+01,2.151182e+01,2.153952e+01,2.153952e+01,2.146332e+01,2.149104e+01,2.146332e+01,2.153952e+01,2.157414e+01,2.162950e+01,2.158798e+01,2.153260e+01,2.158798e+01,2.165025e+01,2.154645e+01,2.153952e+01,2.147718e+01,2.151182e+01,2.144946e+01,2.144253e+01,2.148411e+01,2.158798e+01,2.153260e+01,2.147718e+01,2.147718e+01,2.151875e+01,2.151182e+01,2.160182e+01,2.150489e+01,2.155337e+01,2.165717e+01,2.173322e+01,2.147718e+01,2.162258e+01,2.161566e+01,2.161566e+01,2.167100e+01,2.174013e+01,2.174013e+01,2.169175e+01,2.165025e+01,2.171248e+01,2.167792e+01,2.166409e+01
2.171248e+01,2.171940e+01,2.167792e+01,2.168483e+01,2.162258e+01,2.165717e+01,2.162950e+01,2.171940e+01,2.188516e+01,2.175395e+01,2.172631e+01,2.176777e+01,2.171940e+01,2.183684e+01,2.180922e+01,2.178850e+01,2.177468e+01,2.176777e+01,2.185755e+01,2.180231e+01,2.186445e+01,2.174013e+01,2.170557e+01,2.174013e+01,2.171940e+01,2.166409e+01,2.164334e+01,2.161566e+01,2.163642e+01,2.165025e+01,2.167792e+01,2.156029e+01,2.168483e+01,2.152567e+01,2.156721e+01,2.151875e+01,2.154645e+01,2.153952e+01,2.159490e+01,2.149796e+01,2.144253e+01,2.167100e+01,2.143560e+01,2.148411e+01,2.167100e+01,2.153952e+01,2.151875e+01,2.159490e+01,2.150489e+01,2.150489e+01,2.151875e+01,2.155337e+01,2.166409e+01,2.153260e+01,2.153260e+01,2.156721e+01,2.160182e+01,2.160874e+01,2.160182e+01,2.163642e+01,2.172631e+01,2.159490e+01,2.169175e+01,2.166409e+01,2.166409e+01,2.165717e+01,2.171940e+01,2.174013e+01,2.177468e+01,2.170557e+01,2.171248e+01,2.167792e+01,2.153260e+01,2.166409e+01,2.169175e+01,2.166409e+01,2.177468e+01,2.180922e+01,2.175395e+01,2.180231e+01,2.174704e+01,2.163642e+01,2.158798e+01,2.163642e+01,2.159490e+01,2.158798e+01,2.140787e+01,2.124133e+01,2.116491e+01,2.050249e+01,2.005377e+01,1.999754e+01,2.014508e+01,2.000457e+01,2.022227e+01,2.034847e+01,2.046751e+01,2.028539e+01,2.027137e+01,2.044651e+01,2.017315e+01,2.050949e+01,2.067025e+01,2.059340e+01,2.064231e+01,2.060039e+01,2.060737e+01,2.069120e+01,2.052348e+01,2.064231e+01,2.061436e+01,2.075403e+01,2.045351e+01,2.072611e+01,2.062834e+01,2.068422e+01,2.057243e+01,2.074705e+01,2.075403e+01,2.085168e+01,2.108148e+01,2.147025e+01,2.156721e+01,2.165025e+01,2.166409e+01,2.172631e+01,2.172631e+01,2.187135e+01,2.175395e+01,2.176086e+01,2.186445e+01,2.182993e+01,2.191276e+01,2.177468e+01,2.192655e+01,2.183684e+01,2.178159e+01,2.176777e+01,2.171940e+01,2.158106e+01,2.101189e+01,2.103973e+01,2.100493e+01,2.118576e+01,2.128299e+01,2.122050e+01,2.171248e+01,2.182993e+01,2.202997e+01,2.208509e+01,2.208509e+01,2.202308e+01,2.207820e+01,2.214017e+01,2.206442e+01,2.204376e+01,2.207820e+01,2.222275e+01,2.216082e+01,2.216771e+01,2.215394e+01,2.216082e+01,2.199551e+01,2.202997e+01,2.198172e+01,2.185755e+01,2.184374e+01,2.178850e+01,2.158106e+01,2.139400e+01,2.136626e+01,2.128299e+01,2.144946e+01,2.149796e+01,2.153260e+01,2.153952e+01,2.165025e+01,2.153952e+01,2.165025e+01,2.171248e+01,2.166409e+01,2.168483e+01,2.167792e+01,2.174704e+01,2.179540e+01,2.177468e+01,2.178850e+01,2.172631e+01,2.172631e+01,2.171940e+01,2.172631e+01,2.155337e+01,2.169175e+01,2.162258e+01,2.168483e+01,2.168483e+01,2.163642e+01,2.166409e+01,2.171248e+01,2.178159e+01,2.165717e+01,2.183684e+01,2.168483e+01,2.167792e+01,2.171248e+01,2.172631e+01,2.167100e+01,2.160874e+01,2.160182e+01,2.166409e+01,2.151875e+01,2.147025e+01,2.144253e+01,2.147718e+01,2.144946e+01,2.135239e+01,2.142867e+01,2.142867e+01,2.138707e+01,2.166409e+01,2.174013e+01,2.118576e+01,2.132464e+01,2.119966e+01,2.117881e+01,2.167100e+01,2.187825e+01,2.182303e+01,2.198862e+01,2.196104e+01,2.194725e+01,2.195414e+01,2.171248e+01,2.184374e+01,2.187825e+01,2.182993e+01,2.179540e+01,2.177468e+01,2.197483e+01,2.174013e+01,2.185065e+01,2.174013e+01,2.165717e+01,2.176777e+01,2.154645e+01,2.131770e+01,2.128993e+01,2.154645e+01,2.130382e+01,2.127605e+01,2.133158e+01,2.131770e+01,2.133158e+01,2.122744e+01,2.120660e+01,2.124828e+01,2.121355e+01,2.120660e+01,2.122050e+01,2.118576e+01,2.122744e+01,2.113015e+01,2.090047e+01,2.109539e+01,2.106061e+01,2.125522e+01,2.115796e+01,2.113711e+01,2.097709e+01,2.095619e+01,2.086562e+01,2.081681e+01,2.092833e+01,2.093530e+01,2.110929e+01,2.096316e+01,2.076798e+01,2.088653e+01,2.090047e+01,2.099101e+01,2.088653e+01,2.089350e+01,2.074007e+01,2.078193e+01,2.082378e+01,2.071215e+01,2.091440e+01,2.093530e+01,2.086562e+01,2.094923e+01,2.118576e+01,2.126911e+01,2.141480e+01,2.144946e+01,2.173322e+01,2.182993e+01,2.176086e+01,2.176777e+01,2.158798e+01,2.158106e+01,2.138013e+01,2.131770e+01,2.111625e+01,2.100493e+01,2.097012e+01,2.090047e+01,2.099797e+01,2.090743e+01,2.091440e+01,2.087956e+01,2.079589e+01,2.095619e+01,2.096316e+01,2.097012e+01,2.095619e+01,2.094923e+01,2.099797e+01,2.106756e+01,2.113711e+01,2.122744e+01,2.149796e+01,2.145639e+01,2.153952e+01,2.158106e+01,2.165717e+01,2.175395e+01,2.167792e+01,2.171940e+01,2.172631e+01,2.178159e+01,2.191276e+01,2.155337e+01,2.170557e+01,2.168483e+01,2.150489e+01,2.147025e+01,2.150489e+01,2.147718e+01,2.142867e+01,2.145639e+01,2.143560e+01,2.163642e+01,2.166409e+01,2.159490e+01,2.180922e+01,2.182303e+01,2.186445e+01,2.211952e+01,2.214017e+01,2.208509e+01,2.205754e+01,2.214706e+01,2.227776e+01,2.220211e+01,2.224338e+01,2.218147e+01,2.220211e+01,2.199551e+01,2.220211e+01,2.219523e+01,2.215394e+01,2.196793e+01,2.212641e+01,2.207131e+01,2.209198e+01,2.211952e+01,2.206442e+01,2.211952e+01,2.203687e+01,2.202997e+01,2.178850e+01,2.177468e+01,2.180231e+01,2.194035e+01,2.200241e+01,2.193345e+01,2.191965e+01,2.176777e+01,2.187825e+01,2.194035e+01,2.185065e+01,2.182993e+01,2.180922e+01,2.187825e+01,2.187825e+01,2.183684e+01,2.184374e+01,2.189206e+01,2.178850e+01,2.165717e+01,2.167100e+01,2.175395e+01,2.175395e+01,2.173322e+01,2.159490e+01,2.167100e+01,2.152567e+01,2.156721e+01,2.158106e+01,2.141480e+01,2.158798e+01,2.119966e+01,2.126217e+01,2.134545e+01,2.123439e+01,2.095619e+01,2.092833e+01,2.096316e+01,2.090047e+01,2.085168e+01,2.087956e+01,2.088653e+01,2.057942e+01,2.082378e+01,2.106061e+01,2.119271e+01,2.167792e+01,2.202308e+01,2.198172e+01,2.195414e+01,2.184374e+01,2.160182e+01,2.165025e+01,2.163642e+01,2.153952e+01,2.164334e+01,2.183684e+01,2.182993e+01,2.171248e+01,2.158106e+01,2.157414e+01,2.169866e+01,2.151182e+01,2.140787e+01,2.153260e+01,2.153952e+01,2.142867e+01,2.160182e+01,2.156721e+01,2.153952e+01,2.174013e+01,2.171248e+01,2.165025e+01,2.167100e+01,2.165717e+01,2.165025e+01,2.167100e+01,2.160182e+01,2.180231e+01,2.163642e+01,2.158798e+01,2.160182e+01,2.158798e+01,2.156029e+01,2.153952e+01,2.158798e+01,2.154645e+01,2.166409e+01,2.160874e+01,2.162950e+01,2.156721e+01,2.160874e+01,2.156029e+01,2.158798e+01,2.160182e+01,2.158106e+01,2.156721e+01,2.152567e+01,2.152567e+01,2.165025e+01,2.174013e+01,2.165717e+01,2.165717e+01,2.176086e+01,2.173322e+01,2.167792e+01,2.169175e+01,2.176777e+01,2.179540e+01,2.169866e+01,2.162258e+01,2.171940e+01,2.160182e+01,2.169866e+01,2.162950e+01,2.173322e+01,2.169866e+01,2.168483e+01,2.166409e+01,2.164334e+01,2.171940e+01,2.162258e+01,2.159490e+01,2.158798e+01,2.162258e+01,2.158798e+01,2.151875e+01,2.147718e+01,2.163642e+01,2.151875e+01,2.149104e+01,2.156029e+01,2.150489e+01,2.151182e+01,2.149104e+01,2.138707e+01,2.144946e+01,2.139400e+01,2.147718e+01,2.136626e+01,2.134545e+01,2.110929e+01,2.128299e+01,2.131770e+01,2.125522e+01,2.123439e+01,2.128993e+01,2.119966e+01,2.116491e+01,2.106061e+01,2.117186e+01,2.117186e+01,2.116491e+01,2.160874e+01,2.172631e+01,2.185755e+01,2.185065e+01,2.182303e+01,2.185065e+01,2.177468e+01,2.188516e+01,2.192655e+01,2.183684e+01,2.190586e+01,2.180231e+01,2.182993e+01,2.180922e+01,2.190586e+01,2.174013e+01,2.189206e+01,2.172631e+01,2.164334e+01,2.201619e+01,2.184374e+01,2.179540e+01,2.188516e+01,2.189896e+01,2.194725e+01,2.190586e+01,2.189206e+01,2.188516e+01,2.184374e+01,2.178159e+01,2.194725e+01,2.198172e+01,2.165717e+01,2.170557e+01,2.182993e+01,2.191965e+01,2.179540e+01,2.178850e+01,2.165717e+01,2.180922e+01,2.175395e+01,2.178850e+01,2.186445e+01,2.179540e+01,2.176777e+01,2.174704e+01,2.167792e+01,2.175395e+01,2.169866e+01,2.165717e+01,2.145639e+01,2.163642e+01,2.135933e+01,2.168483e+01,2.163642e+01,2.155337e+01,2.159490e+01,2.142867e+01,2.162258e+01,2.152567e+01,2.162950e+01,2.152567e+01,2.151875e+01,2.167100e+01,2.146332e+01,2.149796e+01,2.157414e+01,2.153952e+01,2.154645e+01,2.156029e+01,2.149104e+01,2.156029e+01,2.159490e+01,2.151182e+01,2.158798e+01,2.153260e+01,2.160874e+01,2.161566e+01,2.158106e+01,2.159490e+01,2.153952e+01,2.144253e+01,2.158106e+01,2.164334e+01,2.151182e+01,2.151182e+01,2.151875e+01,2.151875e+01,2.142867e+01,2.160182e+01,2.152567e+01,2.152567e+01,2.147025e+01,2.149796e+01,2.146332e+01,2.149796e+01,2.152567e+01,2.149796e+01,2.146332e+01,2.146332e+01,2.151875e+01,2.157414e+01,2.171940e+01,2.141480e+01,2.171248e+01,2.161566e+01,2.174013e+01,2.162950e+01,2.170557e+01,2.161566e+01,2.152567e+01,2.186445e+01,2.162950e+01,2.170557e+01,2.176777e+01,2.174704e+01,2.171248e+01
2.177468e+01,2.160874e+01,2.171940e+01,2.175395e+01,2.183684e+01,2.179540e+01,2.163642e+01,2.182303e+01,2.177468e+01,2.168483e+01,2.177468e+01,2.175395e+01,2.161566e+01,2.172631e+01,2.181612e+01,2.170557e+01,2.172631e+01,2.178850e+01,2.172631e+01,2.149104e+01,2.171248e+01,2.169175e+01,2.165025e+01,2.172631e+01,2.161566e+01,2.169175e+01,2.165717e+01,2.156029e+01,2.162950e+01,2.153260e+01,2.153952e+01,2.155337e+01,2.156029e+01,2.159490e+01,2.158798e+01,2.152567e+01,2.149796e+01,2.149796e+01,2.158798e+01,2.156721e+01,2.175395e+01,2.150489e+01,2.162258e+01,2.141480e+01,2.148411e+01,2.151875e+01,2.159490e+01,2.157414e+01,2.153952e+01,2.156029e+01,2.148411e+01,2.152567e+01,2.153952e+01,2.155337e+01,2.167792e+01,2.153260e+01,2.160874e+01,2.156029e+01,2.174013e+01,2.165717e+01,2.160182e+01,2.170557e+01,2.169175e+01,2.167100e+01,2.167792e+01,2.169175e+01,2.142174e+01,2.160874e+01,2.165717e+01,2.193345e+01,2.175395e+01,2.154645e+01,2.154645e+01,2.160874e+01,2.173322e+01,2.162950e+01,2.159490e+01,2.176777e+01,2.175395e+01,2.156029e+01,2.156721e+01,2.157414e+01,2.171248e+01,2.165025e+01,2.157414e+01,2.141480e+01,2.140787e+01,2.139400e+01,2.121355e+01,2.068422e+01,2.043951e+01,2.029941e+01,2.038350e+01,2.039750e+01,2.036248e+01,2.028539e+01,2.022227e+01,2.041851e+01,2.042551e+01,2.025734e+01,2.025033e+01,2.048150e+01,2.055145e+01,2.053747e+01,2.050249e+01,2.078193e+01,2.057243e+01,2.071215e+01,2.080984e+01,2.074705e+01,2.057243e+01,2.067723e+01,2.065628e+01,2.073309e+01,2.072611e+01,2.073309e+01,2.086562e+01,2.071913e+01,2.079589e+01,2.100493e+01,2.144946e+01,2.154645e+01,2.166409e+01,2.169175e+01,2.175395e+01,2.165717e+01,2.190586e+01,2.179540e+01,2.174013e+01,2.187825e+01,2.195414e+01,2.185065e+01,2.191276e+01,2.184374e+01,2.180922e+01,2.182993e+01,2.178850e+01,2.180922e+01,2.174013e+01,2.163642e+01,2.138013e+01,2.090047e+01,2.108843e+01,2.113711e+01,2.131770e+01,2.174013e+01,2.178159e+01,2.189206e+01,2.207820e+01,2.205065e+01,2.205065e+01,2.204376e+01,2.206442e+01,2.221587e+01,2.207820e+01,2.206442e+01,2.219523e+01,2.220211e+01,2.220211e+01,2.211952e+01,2.217459e+01,2.212641e+01,2.223650e+01,2.195414e+01,2.209198e+01,2.191276e+01,2.182993e+01,2.174704e+01,2.156721e+01,2.137320e+01,2.130382e+01,2.133851e+01,2.133158e+01,2.160874e+01,2.145639e+01,2.162258e+01,2.161566e+01,2.153952e+01,2.150489e+01,2.169175e+01,2.159490e+01,2.166409e+01,2.179540e+01,2.179540e+01,2.174013e+01,2.176777e+01,2.172631e+01,2.173322e+01,2.172631e+01,2.178159e+01,2.168483e+01,2.170557e+01,2.166409e+01,2.167792e+01,2.165025e+01,2.161566e+01,2.156721e+01,2.160182e+01,2.171940e+01,2.169866e+01,2.172631e+01,2.170557e+01,2.185755e+01,2.169175e+01,2.171248e+01,2.164334e+01,2.173322e+01,2.160874e+01,2.165025e+01,2.152567e+01,2.173322e+01,2.162950e+01,2.157414e+01,2.165717e+01,2.150489e+01,2.138707e+01,2.140787e+01,2.151875e+01,2.160874e+01,2.153952e+01,2.158106e+01,2.142867e+01,2.138707e+01,2.122744e+01,2.117186e+01,2.137320e+01,2.152567e+01,2.167100e+01,2.194035e+01,2.177468e+01,2.189206e+01,2.192655e+01,2.172631e+01,2.187825e+01,2.179540e+01,2.178159e+01,2.193345e+01,2.178850e+01,2.178159e+01,2.189206e+01,2.183684e+01,2.171940e+01,2.176086e+01,2.153952e+01,2.131076e+01,2.118576e+01,2.119966e+01,2.122050e+01,2.127605e+01,2.118576e+01,2.118576e+01,2.127605e+01,2.124828e+01,2.125522e+01,2.120660e+01,2.122744e+01,2.119966e+01,2.119966e+01,2.122050e+01,2.119966e+01,2.106061e+01,2.107452e+01,2.093530e+01,2.102581e+01,2.103973e+01,2.095619e+01,2.107452e+01,2.123439e+01,2.108843e+01,2.092137e+01,2.084470e+01,2.096316e+01,2.095619e+01,2.085168e+01,2.091440e+01,2.076798e+01,2.093530e+01,2.087956e+01,2.097012e+01,2.122050e+01,2.097012e+01,2.089350e+01,2.074007e+01,2.080984e+01,2.079589e+01,2.060737e+01,2.087259e+01,2.083076e+01,2.088653e+01,2.097709e+01,2.098405e+01,2.119966e+01,2.129688e+01,2.135239e+01,2.156721e+01,2.153952e+01,2.156721e+01,2.143560e+01,2.138013e+01,2.140094e+01,2.126911e+01,2.130382e+01,2.093530e+01,2.095619e+01,2.097709e+01,2.097012e+01,2.100493e+01,2.093530e+01,2.095619e+01,2.093530e+01,2.087259e+01,2.083773e+01,2.089350e+01,2.091440e+01,2.097709e+01,2.102581e+01,2.110234e+01,2.119271e+01,2.154645e+01,2.160874e+01,2.165717e+01,2.163642e+01,2.173322e+01,2.169175e+01,2.175395e+01,2.164334e+01,2.172631e+01,2.191965e+01,2.170557e+01,2.187825e+01,2.174013e+01,2.165717e+01,2.174013e+01,2.157414e+01,2.147025e+01,2.144946e+01,2.142174e+01,2.132464e+01,2.144253e+01,2.147718e+01,2.148411e+01,2.142867e+01,2.178159e+01,2.177468e+01,2.180922e+01,2.196793e+01,2.188516e+01,2.202308e+01,2.202997e+01,2.211952e+01,2.207131e+01,2.212641e+01,2.188516e+01,2.207820e+01,2.196793e+01,2.204376e+01,2.233961e+01,2.205754e+01,2.209198e+01,2.216082e+01,2.200241e+01,2.212641e+01,2.211263e+01,2.187825e+01,2.209886e+01,2.205754e+01,2.211263e+01,2.203687e+01,2.202308e+01,2.198862e+01,2.177468e+01,2.196793e+01,2.176086e+01,2.183684e+01,2.209198e+01,2.189896e+01,2.191965e+01,2.185755e+01,2.180922e+01,2.179540e+01,2.182303e+01,2.171248e+01,2.189206e+01,2.180922e+01,2.186445e+01,2.183684e+01,2.178850e+01,2.189206e+01,2.171940e+01,2.176086e+01,2.176086e+01,2.167792e+01,2.175395e+01,2.171940e+01,2.160874e+01,2.161566e+01,2.164334e+01,2.154645e+01,2.148411e+01,2.144253e+01,2.135239e+01,2.138707e+01,2.133851e+01,2.109539e+01,2.094923e+01,2.121355e+01,2.099101e+01,2.096316e+01,2.097012e+01,2.091440e+01,2.079589e+01,2.069120e+01,2.083076e+01,2.087259e+01,2.089350e+01,2.120660e+01,2.194035e+01,2.215394e+01,2.214017e+01,2.204376e+01,2.197483e+01,2.194725e+01,2.185065e+01,2.173322e+01,2.169866e+01,2.196104e+01,2.168483e+01,2.180922e+01,2.160182e+01,2.164334e+01,2.168483e+01,2.167792e+01,2.165025e+01,2.151875e+01,2.152567e+01,2.158106e+01,2.144253e+01,2.153260e+01,2.165717e+01,2.166409e+01,2.165717e+01,2.166409e+01,2.162258e+01,2.167100e+01,2.161566e+01,2.183684e+01,2.163642e+01,2.178159e+01,2.158798e+01,2.179540e+01,2.160182e+01,2.157414e+01,2.158106e+01,2.160182e+01,2.157414e+01,2.158106e+01,2.162258e+01,2.159490e+01,2.166409e+01,2.166409e+01,2.160874e+01,2.161566e+01,2.138013e+01,2.146332e+01,2.156029e+01,2.151875e+01,2.159490e+01,2.159490e+01,2.161566e+01,2.156721e+01,2.152567e+01,2.158106e+01,2.166409e+01,2.171248e+01,2.160874e+01,2.169866e+01,2.171248e+01,2.165717e+01,2.171248e+01,2.176086e+01,2.158106e+01,2.168483e+01,2.161566e+01,2.155337e+01,2.158106e+01,2.169175e+01,2.165717e+01,2.162258e+01,2.169175e+01,2.166409e+01,2.161566e+01,2.149104e+01,2.154645e+01,2.167100e+01,2.156721e+01,2.157414e+01,2.160182e+01,2.156029e+01,2.155337e+01,2.151182e+01,2.153260e+01,2.151875e+01,2.148411e+01,2.149796e+01,2.148411e+01,2.149796e+01,2.138013e+01,2.149796e+01,2.123439e+01,2.128299e+01,2.144253e+01,2.130382e+01,2.128299e+01,2.131076e+01,2.130382e+01,2.131076e+01,2.124828e+01,2.126217e+01,2.110929e+01,2.128993e+01,2.113711e+01,2.110234e+01,2.117881e+01,2.114406e+01,2.140787e+01,2.165717e+01,2.172631e+01,2.182303e+01,2.187825e+01,2.176086e+01,2.182303e+01,2.185755e+01,2.178850e+01,2.180922e+01,2.189206e+01,2.177468e+01,2.185065e+01,2.180922e+01,2.182303e+01,2.175395e+01,2.183684e+01,2.182993e+01,2.185065e+01,2.187135e+01,2.185065e+01,2.189896e+01,2.180922e+01,2.171248e+01,2.190586e+01,2.191276e+01,2.189896e+01,2.194035e+01,2.192655e+01,2.180922e+01,2.186445e+01,2.181612e+01,2.178850e+01,2.180922e+01,2.187135e+01,2.179540e+01,2.182993e+01,2.178159e+01,2.173322e+01,2.184374e+01,2.176777e+01,2.185755e+01,2.181612e+01,2.178850e+01,2.159490e+01,2.172631e+01,2.174704e+01,2.163642e+01,2.161566e+01,2.167792e+01,2.169175e+01,2.153952e+01,2.150489e+01,2.164334e+01,2.163642e+01,2.158106e+01,2.157414e+01,2.161566e+01,2.149104e+01,2.165717e+01,2.154645e+01,2.153260e+01,2.151182e+01,2.154645e+01,2.156721e+01,2.163642e+01,2.158798e+01,2.157414e+01,2.154645e+01,2.156721e+01,2.160182e+01,2.158106e+01,2.160874e+01,2.160182e+01,2.147718e+01,2.149104e+01,2.140787e+01,2.159490e+01,2.156029e+01,2.133158e+01,2.147025e+01,2.154645e+01,2.158798e+01,2.149796e+01,2.156029e+01,2.157414e+01,2.148411e+01,2.151875e+01,2.153952e+01,2.155337e+01,2.156029e+01,2.149104e+01,2.149796e+01,2.138013e+01,2.163642e+01,2.153952e+01,2.145639e+01,2.148411e+01,2.151875e+01,2.148411e+01,2.153260e+01,2.157414e+01,2.164334e+01,2.169866e+01,2.170557e+01,2.151875e+01,2.172631e+01,2.152567e+01,2.169175e+01,2.149796e+01,2.155337e+01,2.158106e+01,2.156029e+01,2.155337e+01,2.177468e+01,2.140094e+01
2.172631e+01,2.169175e+01,2.167100e+01,2.167100e+01,2.162258e+01,2.162258e+01,2.172631e+01,2.178850e+01,2.167100e+01,2.175395e+01,2.185065e+01,2.170557e+01,2.182303e+01,2.167792e+01,2.176086e+01,2.172631e+01,2.174013e+01,2.185065e+01,2.185065e+01,2.174704e+01,2.172631e+01,2.185065e+01,2.163642e+01,2.162950e+01,2.171940e+01,2.161566e+01,2.158106e+01,2.166409e+01,2.156721e+01,2.165025e+01,2.167792e+01,2.152567e+01,2.155337e+01,2.150489e+01,2.156721e+01,2.147025e+01,2.149796e+01,2.144946e+01,2.153260e+01,2.151875e+01,2.148411e+01,2.147025e+01,2.169866e+01,2.163642e+01,2.147025e+01,2.147025e+01,2.152567e+01,2.153952e+01,2.150489e+01,2.153952e+01,2.156029e+01,2.155337e+01,2.151875e+01,2.156029e+01,2.160182e+01,2.167100e+01,2.162950e+01,2.171940e+01,2.169175e+01,2.158106e+01,2.166409e+01,2.169175e+01,2.158798e+01,2.167100e+01,2.166409e+01,2.162258e+01,2.168483e+01,2.171940e+01,2.163642e+01,2.165025e+01,2.167100e+01,2.171248e+01,2.171248e+01,2.162258e+01,2.171940e+01,2.171940e+01,2.168483e+01,2.167100e+01,2.177468e+01,2.176086e+01,2.167100e+01,2.164334e+01,2.175395e+01,2.158106e+01,2.147718e+01,2.161566e+01,2.152567e+01,2.146332e+01,2.142867e+01,2.113711e+01,2.095619e+01,2.075403e+01,2.069120e+01,2.043951e+01,2.040450e+01,2.031343e+01,2.049550e+01,2.050249e+01,2.048850e+01,2.022929e+01,2.048850e+01,2.048850e+01,2.048150e+01,2.066327e+01,2.074705e+01,2.087956e+01,2.087956e+01,2.092137e+01,2.087956e+01,2.087259e+01,2.067723e+01,2.078193e+01,2.060039e+01,2.075403e+01,2.067025e+01,2.069818e+01,2.085168e+01,2.080286e+01,2.084470e+01,2.147025e+01,2.153260e+01,2.165025e+01,2.167792e+01,2.179540e+01,2.176086e+01,2.172631e+01,2.175395e+01,2.182993e+01,2.194035e+01,2.178159e+01,2.189896e+01,2.193345e+01,2.183684e+01,2.178159e+01,2.179540e+01,2.178850e+01,2.182993e+01,2.178159e+01,2.180922e+01,2.180231e+01,2.163642e+01,2.131770e+01,2.120660e+01,2.131076e+01,2.178850e+01,2.191965e+01,2.191965e+01,2.204376e+01,2.202997e+01,2.203687e+01,2.201619e+01,2.211952e+01,2.209886e+01,2.217459e+01,2.212641e+01,2.209198e+01,2.220211e+01,2.216082e+01,2.218147e+01,2.217459e+01,2.211952e+01,2.205754e+01,2.211952e+01,2.209198e+01,2.202308e+01,2.180922e+01,2.190586e+01,2.174704e+01,2.180231e+01,2.155337e+01,2.133851e+01,2.140094e+01,2.144253e+01,2.135933e+01,2.138707e+01,2.151875e+01,2.146332e+01,2.147718e+01,2.148411e+01,2.166409e+01,2.165025e+01,2.159490e+01,2.169175e+01,2.171940e+01,2.171248e+01,2.174013e+01,2.171940e+01,2.172631e+01,2.172631e+01,2.171940e+01,2.166409e+01,2.182303e+01,2.162950e+01,2.176086e+01,2.162950e+01,2.152567e+01,2.178850e+01,2.171940e+01,2.186445e+01,2.167792e+01,2.167100e+01,2.168483e+01,2.174704e+01,2.172631e+01,2.168483e+01,2.165025e+01,2.171248e+01,2.167100e+01,2.168483e+01,2.174013e+01,2.157414e+01,2.164334e+01,2.153952e+01,2.152567e+01,2.152567e+01,2.155337e+01,2.147025e+01,2.147718e+01,2.154645e+01,2.138013e+01,2.153952e+01,2.140787e+01,2.126911e+01,2.117881e+01,2.117186e+01,2.119271e+01,2.124828e+01,2.169175e+01,2.191965e+01,2.187825e+01,2.189896e+01,2.190586e+01,2.176777e+01,2.177468e+01,2.188516e+01,2.189206e+01,2.178850e+01,2.181612e+01,2.183684e+01,2.181612e+01,2.187135e+01,2.178159e+01,2.185065e+01,2.168483e+01,2.156029e+01,2.124828e+01,2.123439e+01,2.124133e+01,2.126911e+01,2.126217e+01,2.133158e+01,2.122744e+01,2.120660e+01,2.118576e+01,2.117186e+01,2.120660e+01,2.124828e+01,2.119271e+01,2.112320e+01,2.119271e+01,2.093530e+01,2.104669e+01,2.103277e+01,2.103277e+01,2.094923e+01,2.101885e+01,2.099101e+01,2.107452e+01,2.108843e+01,2.100493e+01,2.094226e+01,2.097012e+01,2.092137e+01,2.101885e+01,2.110234e+01,2.082378e+01,2.115101e+01,2.087956e+01,2.102581e+01,2.081681e+01,2.097012e+01,2.077496e+01,2.075403e+01,2.085168e+01,2.062135e+01,2.064231e+01,2.064930e+01,2.063532e+01,2.089350e+01,2.101885e+01,2.094226e+01,2.115796e+01,2.099797e+01,2.121355e+01,2.133158e+01,2.130382e+01,2.127605e+01,2.119271e+01,2.104669e+01,2.113711e+01,2.112320e+01,2.097012e+01,2.093530e+01,2.086562e+01,2.077496e+01,2.082378e+01,2.099797e+01,2.083773e+01,2.103973e+01,2.080984e+01,2.088653e+01,2.105365e+01,2.093530e+01,2.102581e+01,2.126911e+01,2.127605e+01,2.138707e+01,2.158798e+01,2.161566e+01,2.176777e+01,2.159490e+01,2.164334e+01,2.164334e+01,2.182993e+01,2.169175e+01,2.170557e+01,2.174704e+01,2.177468e+01,2.173322e+01,2.176086e+01,2.167100e+01,2.174013e+01,2.171940e+01,2.171248e+01,2.158798e+01,2.151875e+01,2.134545e+01,2.136626e+01,2.142867e+01,2.142174e+01,2.148411e+01,2.154645e+01,2.162258e+01,2.182303e+01,2.176086e+01,2.180922e+01,2.178850e+01,2.202308e+01,2.198862e+01,2.205065e+01,2.194035e+01,2.214706e+01,2.202308e+01,2.195414e+01,2.194035e+01,2.196793e+01,2.198862e+01,2.179540e+01,2.188516e+01,2.174013e+01,2.187825e+01,2.187825e+01,2.198862e+01,2.204376e+01,2.193345e+01,2.200241e+01,2.206442e+01,2.202997e+01,2.200930e+01,2.191965e+01,2.175395e+01,2.186445e+01,2.187825e+01,2.176086e+01,2.189206e+01,2.189896e+01,2.191276e+01,2.191276e+01,2.187825e+01,2.181612e+01,2.191276e+01,2.184374e+01,2.179540e+01,2.190586e+01,2.180231e+01,2.184374e+01,2.188516e+01,2.188516e+01,2.175395e+01,2.174704e+01,2.169866e+01,2.175395e+01,2.174704e+01,2.159490e+01,2.158106e+01,2.150489e+01,2.166409e+01,2.148411e+01,2.158798e+01,2.156029e+01,2.158798e+01,2.139400e+01,2.127605e+01,2.130382e+01,2.115796e+01,2.094226e+01,2.094923e+01,2.095619e+01,2.091440e+01,2.090047e+01,2.085168e+01,2.085168e+01,2.087259e+01,2.087956e+01,2.105365e+01,2.194725e+01,2.212641e+01,2.219523e+01,2.214017e+01,2.222275e+01,2.198862e+01,2.187135e+01,2.191965e+01,2.189206e+01,2.171248e+01,2.187135e+01,2.170557e+01,2.170557e+01,2.174013e+01,2.167792e+01,2.164334e+01,2.167100e+01,2.153952e+01,2.143560e+01,2.156029e+01,2.149104e+01,2.141480e+01,2.144946e+01,2.163642e+01,2.147025e+01,2.155337e+01,2.151875e+01,2.165717e+01,2.164334e+01,2.161566e+01,2.155337e+01,2.165717e+01,2.187825e+01,2.165025e+01,2.164334e+01,2.162950e+01,2.155337e+01,2.147718e+01,2.160874e+01,2.155337e+01,2.152567e+01,2.164334e+01,2.160874e+01,2.154645e+01,2.160182e+01,2.153952e+01,2.161566e+01,2.166409e+01,2.154645e+01,2.156721e+01,2.153952e+01,2.159490e+01,2.144946e+01,2.160182e+01,2.158106e+01,2.164334e+01,2.168483e+01,2.161566e+01,2.178159e+01,2.169866e+01,2.163642e+01,2.171940e+01,2.169866e+01,2.165025e+01,2.165025e+01,2.164334e+01,2.156721e+01,2.153952e+01,2.150489e+01,2.144946e+01,2.157414e+01,2.156029e+01,2.160182e+01,2.153952e+01,2.158798e+01,2.165717e+01,2.160874e+01,2.156029e+01,2.162950e+01,2.160182e+01,2.162950e+01,2.153952e+01,2.153260e+01,2.160182e+01,2.141480e+01,2.169866e+01,2.151182e+01,2.145639e+01,2.144253e+01,2.151875e+01,2.156721e+01,2.139400e+01,2.142867e+01,2.131770e+01,2.143560e+01,2.131076e+01,2.129688e+01,2.131076e+01,2.128299e+01,2.133158e+01,2.127605e+01,2.119271e+01,2.113015e+01,2.115796e+01,2.115101e+01,2.115796e+01,2.112320e+01,2.113015e+01,2.112320e+01,2.110234e+01,2.145639e+01,2.151182e+01,2.166409e+01,2.183684e+01,2.185755e+01,2.189206e+01,2.170557e+01,2.170557e+01,2.174013e+01,2.180922e+01,2.186445e+01,2.186445e+01,2.182303e+01,2.177468e+01,2.182303e+01,2.183684e+01,2.182993e+01,2.183684e+01,2.177468e+01,2.192655e+01,2.194725e+01,2.182303e+01,2.182303e+01,2.180231e+01,2.181612e+01,2.190586e+01,2.186445e+01,2.191276e+01,2.184374e+01,2.185755e+01,2.175395e+01,2.164334e+01,2.178159e+01,2.191276e+01,2.170557e+01,2.179540e+01,2.175395e+01,2.173322e+01,2.179540e+01,2.172631e+01,2.174013e+01,2.172631e+01,2.172631e+01,2.151182e+01,2.177468e+01,2.161566e+01,2.157414e+01,2.141480e+01,2.162950e+01,2.162950e+01,2.157414e+01,2.167792e+01,2.160182e+01,2.165717e+01,2.169866e+01,2.144946e+01,2.148411e+01,2.156721e+01,2.158798e+01,2.158798e+01,2.155337e+01,2.153260e+01,2.157414e+01,2.162258e+01,2.145639e+01,2.159490e+01,2.145639e+01,2.144946e+01,2.148411e+01,2.158798e+01,2.151182e+01,2.160182e+01,2.149796e+01,2.143560e+01,2.148411e+01,2.143560e+01,2.145639e+01,2.152567e+01,2.150489e+01,2.158798e+01,2.149104e+01,2.149796e+01,2.158798e+01,2.149104e+01,2.167100e+01,2.140787e+01,2.168483e+01,2.139400e+01,2.156029e+01,2.149104e+01,2.143560e+01,2.138013e+01,2.148411e+01,2.133158e+01,2.148411e+01,2.147718e+01,2.151875e+01,2.142867e+01,2.169866e+01,2.165025e+01,2.143560e+01,2.143560e+01,2.166409e+01,2.161566e+01,2.156029e+01,2.169175e+01,2.165717e+01,2.168483e+01,2.162258e+01,2.166409e+01,2.156721e+01,2.173322e+01,2.176086e+01,2.173322e+01,2.170557e+01
2.157414e+01,2.179540e+01,2.154645e+01,2.162258e+01,2.165717e+01,2.168483e+01,2.174013e+01,2.171940e+01,2.171248e+01,2.178850e+01,2.160874e+01,2.180922e+01,2.176086e+01,2.179540e+01,2.180231e+01,2.176086e+01,2.183684e+01,2.184374e+01,2.149796e+01,2.170557e+01,2.173322e+01,2.172631e+01,2.173322e+01,2.165717e+01,2.167100e+01,2.160874e+01,2.170557e+01,2.160182e+01,2.165717e+01,2.155337e+01,2.160874e+01,2.165717e+01,2.155337e+01,2.156029e+01,2.160874e+01,2.151875e+01,2.144253e+01,2.153260e+01,2.145639e+01,2.158106e+01,2.165717e+01,2.169175e+01,2.160182e+01,2.162258e+01,2.144253e+01,2.151875e+01,2.151182e+01,2.149796e+01,2.150489e+01,2.157414e+01,2.153260e+01,2.153952e+01,2.154645e+01,2.153952e+01,2.152567e+01,2.167792e+01,2.153260e+01,2.156029e+01,2.174704e+01,2.158106e+01,2.174013e+01,2.168483e+01,2.165025e+01,2.180231e+01,2.158106e+01,2.162950e+01,2.167100e+01,2.159490e+01,2.162950e+01,2.174704e+01,2.170557e+01,2.171940e+01,2.166409e+01,2.160182e+01,2.170557e+01,2.161566e+01,2.174704e+01,2.156721e+01,2.153260e+01,2.169866e+01,2.170557e+01,2.157414e+01,2.160874e+01,2.156721e+01,2.167792e+01,2.152567e+01,2.140094e+01,2.155337e+01,2.132464e+01,2.119966e+01,2.119966e+01,2.119966e+01,2.103277e+01,2.101885e+01,2.095619e+01,2.096316e+01,2.068422e+01,2.083773e+01,2.083076e+01,2.051648e+01,2.049550e+01,2.070517e+01,2.079589e+01,2.097012e+01,2.099797e+01,2.135239e+01,2.131770e+01,2.131770e+01,2.130382e+01,2.131076e+01,2.127605e+01,2.093530e+01,2.075403e+01,2.072611e+01,2.076798e+01,2.074007e+01,2.090047e+01,2.110234e+01,2.109539e+01,2.149104e+01,2.169175e+01,2.180231e+01,2.183684e+01,2.169866e+01,2.158798e+01,2.179540e+01,2.173322e+01,2.180922e+01,2.185755e+01,2.186445e+01,2.182303e+01,2.182303e+01,2.194725e+01,2.188516e+01,2.189896e+01,2.182303e+01,2.186445e+01,2.184374e+01,2.183684e+01,2.182993e+01,2.185755e+01,2.176086e+01,2.178850e+01,2.177468e+01,2.188516e+01,2.189206e+01,2.208509e+01,2.209886e+01,2.196104e+01,2.201619e+01,2.220899e+01,2.218147e+01,2.224338e+01,2.206442e+01,2.215394e+01,2.216082e+01,2.221587e+01,2.218147e+01,2.223650e+01,2.212641e+01,2.208509e+01,2.213329e+01,2.216082e+01,2.216771e+01,2.204376e+01,2.187135e+01,2.194035e+01,2.189206e+01,2.169175e+01,2.168483e+01,2.139400e+01,2.131076e+01,2.129688e+01,2.140094e+01,2.142867e+01,2.151875e+01,2.144946e+01,2.147025e+01,2.153952e+01,2.162950e+01,2.169175e+01,2.161566e+01,2.175395e+01,2.164334e+01,2.168483e+01,2.165717e+01,2.171248e+01,2.194035e+01,2.178850e+01,2.187135e+01,2.161566e+01,2.187135e+01,2.180922e+01,2.174704e+01,2.168483e+01,2.174704e+01,2.156029e+01,2.175395e+01,2.183684e+01,2.171248e+01,2.180922e+01,2.179540e+01,2.176086e+01,2.167792e+01,2.168483e+01,2.169175e+01,2.167792e+01,2.171248e+01,2.161566e+01,2.155337e+01,2.171940e+01,2.167100e+01,2.170557e+01,2.154645e+01,2.160874e+01,2.153260e+01,2.156029e+01,2.158798e+01,2.151182e+01,2.158798e+01,2.167792e+01,2.143560e+01,2.135239e+01,2.135933e+01,2.126217e+01,2.119271e+01,2.129688e+01,2.143560e+01,2.175395e+01,2.187135e+01,2.177468e+01,2.190586e+01,2.185065e+01,2.171940e+01,2.190586e+01,2.179540e+01,2.186445e+01,2.186445e+01,2.196793e+01,2.196793e+01,2.182993e+01,2.182993e+01,2.193345e+01,2.189896e+01,2.167792e+01,2.156721e+01,2.126217e+01,2.123439e+01,2.130382e+01,2.135933e+01,2.129688e+01,2.128993e+01,2.140094e+01,2.124133e+01,2.120660e+01,2.113711e+01,2.116491e+01,2.117881e+01,2.120660e+01,2.104669e+01,2.109539e+01,2.108843e+01,2.103277e+01,2.103277e+01,2.091440e+01,2.097709e+01,2.106061e+01,2.106061e+01,2.106061e+01,2.108843e+01,2.093530e+01,2.097012e+01,2.113711e+01,2.106061e+01,2.115101e+01,2.114406e+01,2.101885e+01,2.122050e+01,2.102581e+01,2.121355e+01,2.103277e+01,2.101885e+01,2.106061e+01,2.106061e+01,2.083773e+01,2.085168e+01,2.069818e+01,2.068422e+01,2.092137e+01,2.092137e+01,2.097012e+01,2.096316e+01,2.122050e+01,2.115796e+01,2.117186e+01,2.122050e+01,2.111625e+01,2.106756e+01,2.092137e+01,2.106756e+01,2.087956e+01,2.098405e+01,2.095619e+01,2.088653e+01,2.090047e+01,2.092137e+01,2.099797e+01,2.102581e+01,2.095619e+01,2.107452e+01,2.107452e+01,2.104669e+01,2.124828e+01,2.133851e+01,2.149104e+01,2.147025e+01,2.154645e+01,2.158106e+01,2.184374e+01,2.161566e+01,2.178159e+01,2.168483e+01,2.174013e+01,2.182993e+01,2.169175e+01,2.179540e+01,2.173322e+01,2.178159e+01,2.189206e+01,2.174704e+01,2.172631e+01,2.192655e+01,2.166409e+01,2.161566e+01,2.158798e+01,2.156721e+01,2.162258e+01,2.144946e+01,2.154645e+01,2.144946e+01,2.142867e+01,2.152567e+01,2.176777e+01,2.178159e+01,2.182993e+01,2.180922e+01,2.200930e+01,2.200930e+01,2.191276e+01,2.170557e+01,2.169866e+01,2.163642e+01,2.171940e+01,2.197483e+01,2.157414e+01,2.164334e+01,2.194035e+01,2.183684e+01,2.175395e+01,2.181612e+01,2.184374e+01,2.185065e+01,2.189896e+01,2.189206e+01,2.196793e+01,2.205754e+01,2.202997e+01,2.207820e+01,2.200241e+01,2.198862e+01,2.197483e+01,2.188516e+01,2.187135e+01,2.191276e+01,2.189206e+01,2.188516e+01,2.216771e+01,2.199551e+01,2.200241e+01,2.187825e+01,2.197483e+01,2.191276e+01,2.193345e+01,2.185065e+01,2.186445e+01,2.191965e+01,2.183684e+01,2.190586e+01,2.177468e+01,2.173322e+01,2.180922e+01,2.165025e+01,2.161566e+01,2.161566e+01,2.162258e+01,2.154645e+01,2.148411e+01,2.146332e+01,2.157414e+01,2.148411e+01,2.131770e+01,2.130382e+01,2.125522e+01,2.128299e+01,2.105365e+01,2.101885e+01,2.104669e+01,2.096316e+01,2.094923e+01,2.091440e+01,2.083076e+01,2.085168e+01,2.088653e+01,2.127605e+01,2.191965e+01,2.230525e+01,2.232587e+01,2.254551e+01,2.224338e+01,2.221587e+01,2.201619e+01,2.194725e+01,2.185755e+01,2.195414e+01,2.191276e+01,2.189896e+01,2.171248e+01,2.180231e+01,2.185755e+01,2.183684e+01,2.169866e+01,2.172631e+01,2.165025e+01,2.136626e+01,2.139400e+01,2.137320e+01,2.156721e+01,2.160182e+01,2.159490e+01,2.147025e+01,2.152567e+01,2.164334e+01,2.165717e+01,2.153260e+01,2.159490e+01,2.162258e+01,2.158798e+01,2.159490e+01,2.183684e+01,2.163642e+01,2.158798e+01,2.157414e+01,2.170557e+01,2.150489e+01,2.158798e+01,2.152567e+01,2.165025e+01,2.166409e+01,2.160874e+01,2.169175e+01,2.147025e+01,2.165025e+01,2.156721e+01,2.164334e+01,2.151182e+01,2.156721e+01,2.162950e+01,2.158106e+01,2.158798e+01,2.153952e+01,2.157414e+01,2.169175e+01,2.178850e+01,2.171940e+01,2.165717e+01,2.174013e+01,2.169866e+01,2.172631e+01,2.167792e+01,2.178159e+01,2.161566e+01,2.165717e+01,2.168483e+01,2.165717e+01,2.149104e+01,2.168483e+01,2.153952e+01,2.158106e+01,2.165025e+01,2.162258e+01,2.156721e+01,2.162950e+01,2.165025e+01,2.162950e+01,2.161566e+01,2.162258e+01,2.156029e+01,2.152567e+01,2.153260e+01,2.156029e+01,2.147025e+01,2.147025e+01,2.138013e+01,2.151182e+01,2.135933e+01,2.142174e+01,2.147025e+01,2.151182e+01,2.144946e+01,2.152567e+01,2.128299e+01,2.128993e+01,2.131076e+01,2.126911e+01,2.129688e+01,2.129688e+01,2.130382e+01,2.125522e+01,2.114406e+01,2.118576e+01,2.119271e+01,2.110929e+01,2.118576e+01,2.113711e+01,2.116491e+01,2.114406e+01,2.157414e+01,2.165025e+01,2.164334e+01,2.184374e+01,2.176086e+01,2.177468e+01,2.179540e+01,2.178159e+01,2.170557e+01,2.176777e+01,2.172631e+01,2.187135e+01,2.184374e+01,2.185065e+01,2.193345e+01,2.183684e+01,2.178850e+01,2.174013e+01,2.187825e+01,2.191276e+01,2.194035e+01,2.185065e+01,2.189896e+01,2.193345e+01,2.187135e+01,2.189206e+01,2.215394e+01,2.189206e+01,2.193345e+01,2.189896e+01,2.175395e+01,2.182303e+01,2.180922e+01,2.195414e+01,2.176086e+01,2.177468e+01,2.174704e+01,2.171248e+01,2.178159e+01,2.171248e+01,2.195414e+01,2.173322e+01,2.182303e+01,2.168483e+01,2.171940e+01,2.167792e+01,2.173322e+01,2.162258e+01,2.164334e+01,2.173322e+01,2.164334e+01,2.167792e+01,2.156721e+01,2.147025e+01,2.156721e+01,2.158798e+01,2.160874e+01,2.156721e+01,2.151875e+01,2.153260e+01,2.148411e+01,2.154645e+01,2.156721e+01,2.156721e+01,2.156029e+01,2.151182e+01,2.155337e+01,2.155337e+01,2.158798e+01,2.161566e+01,2.162950e+01,2.143560e+01,2.149796e+01,2.147025e+01,2.144946e+01,2.141480e+01,2.158106e+01,2.162950e+01,2.153260e+01,2.149104e+01,2.162258e+01,2.147025e+01,2.146332e+01,2.151182e+01,2.153952e+01,2.169175e+01,2.154645e+01,2.151875e+01,2.160874e+01,2.149796e+01,2.153260e+01,2.163642e+01,2.151182e+01,2.145639e+01,2.149796e+01,2.156029e+01,2.145639e+01,2.147025e+01,2.158798e+01,2.167100e+01,2.145639e+01,2.167100e+01,2.150489e+01,2.161566e+01,2.169175e+01,2.172631e+01,2.170557e+01,2.167100e+01,2.154645e+01,2.163642e+01,2.149104e+01,2.163642e+01,2.169175e+01,2.167792e+01
2.160874e+01,2.157414e+01,2.174704e+01,2.163642e+01,2.163642e+01,2.173322e+01,2.171940e+01,2.171248e+01,2.171248e+01,2.183684e+01,2.178159e+01,2.180231e+01,2.176777e+01,2.178850e+01,2.159490e+01,2.177468e+01,2.179540e+01,2.175395e+01,2.175395e+01,2.170557e+01,2.174013e+01,2.163642e+01,2.167100e+01,2.169866e+01,2.161566e+01,2.164334e+01,2.149104e+01,2.165025e+01,2.147718e+01,2.158106e+01,2.161566e+01,2.151875e+01,2.151182e+01,2.153952e+01,2.156029e+01,2.156721e+01,2.147718e+01,2.138707e+01,2.150489e+01,2.159490e+01,2.143560e+01,2.168483e+01,2.159490e+01,2.168483e+01,2.140787e+01,2.154645e+01,2.151182e+01,2.162950e+01,2.149104e+01,2.165025e+01,2.151875e+01,2.145639e+01,2.156029e+01,2.155337e+01,2.160182e+01,2.152567e+01,2.165025e+01,2.167100e+01,2.156721e+01,2.165025e+01,2.171940e+01,2.167792e+01,2.160874e+01,2.165717e+01,2.172631e+01,2.164334e+01,2.169175e+01,2.159490e+01,2.169175e+01,2.174013e+01,2.162950e+01,2.167792e+01,2.171940e+01,2.160874e+01,2.172631e+01,2.166409e+01,2.156721e+01,2.153260e+01,2.154645e+01,2.157414e+01,2.169866e+01,2.169175e+01,2.167100e+01,2.158106e+01,2.151182e+01,2.140094e+01,2.164334e+01,2.151875e+01,2.142174e+01,2.138707e+01,2.144946e+01,2.113015e+01,2.126217e+01,2.127605e+01,2.124133e+01,2.122050e+01,2.138707e+01,2.109539e+01,2.117186e+01,2.113711e+01,2.117186e+01,2.118576e+01,2.110929e+01,2.135239e+01,2.119966e+01,2.133851e+01,2.139400e+01,2.133158e+01,2.147025e+01,2.139400e+01,2.129688e+01,2.128299e+01,2.090743e+01,2.074007e+01,2.074705e+01,2.097012e+01,2.090743e+01,2.094923e+01,2.147718e+01,2.162258e+01,2.149104e+01,2.176086e+01,2.183684e+01,2.173322e+01,2.164334e+01,2.169175e+01,2.174013e+01,2.171940e+01,2.179540e+01,2.171940e+01,2.196104e+01,2.185065e+01,2.171248e+01,2.196104e+01,2.189206e+01,2.190586e+01,2.182303e+01,2.184374e+01,2.189206e+01,2.180231e+01,2.182303e+01,2.189896e+01,2.189206e+01,2.185755e+01,2.190586e+01,2.191965e+01,2.206442e+01,2.201619e+01,2.209198e+01,2.218147e+01,2.210575e+01,2.219523e+01,2.216082e+01,2.216082e+01,2.212641e+01,2.216082e+01,2.220211e+01,2.207820e+01,2.220899e+01,2.229151e+01,2.219523e+01,2.229151e+01,2.227776e+01,2.222962e+01,2.207131e+01,2.191276e+01,2.184374e+01,2.182993e+01,2.175395e+01,2.152567e+01,2.145639e+01,2.138013e+01,2.129688e+01,2.133158e+01,2.141480e+01,2.142867e+01,2.149796e+01,2.143560e+01,2.148411e+01,2.156721e+01,2.167100e+01,2.166409e+01,2.188516e+01,2.161566e+01,2.165717e+01,2.165717e+01,2.177468e+01,2.169175e+01,2.180231e+01,2.169866e+01,2.166409e+01,2.167792e+01,2.166409e+01,2.174013e+01,2.165025e+01,2.169866e+01,2.171940e+01,2.179540e+01,2.175395e+01,2.171940e+01,2.169866e+01,2.167100e+01,2.164334e+01,2.177468e+01,2.169175e+01,2.168483e+01,2.174704e+01,2.169866e+01,2.170557e+01,2.170557e+01,2.156029e+01,2.169175e+01,2.165717e+01,2.156721e+01,2.158106e+01,2.156029e+01,2.155337e+01,2.153260e+01,2.157414e+01,2.152567e+01,2.151182e+01,2.133851e+01,2.134545e+01,2.133851e+01,2.132464e+01,2.122744e+01,2.127605e+01,2.136626e+01,2.150489e+01,2.170557e+01,2.190586e+01,2.180922e+01,2.185065e+01,2.183684e+01,2.210575e+01,2.189206e+01,2.186445e+01,2.185065e+01,2.176777e+01,2.187825e+01,2.188516e+01,2.188516e+01,2.185065e+01,2.193345e+01,2.173322e+01,2.180231e+01,2.175395e+01,2.169866e+01,2.138707e+01,2.140787e+01,2.133851e+01,2.126217e+01,2.117186e+01,2.131076e+01,2.119966e+01,2.115796e+01,2.121355e+01,2.105365e+01,2.105365e+01,2.113711e+01,2.102581e+01,2.097709e+01,2.094923e+01,2.106756e+01,2.096316e+01,2.104669e+01,2.105365e+01,2.099797e+01,2.099797e+01,2.110929e+01,2.106061e+01,2.085865e+01,2.103277e+01,2.110929e+01,2.116491e+01,2.113015e+01,2.117881e+01,2.092833e+01,2.094226e+01,2.095619e+01,2.103277e+01,2.117186e+01,2.108148e+01,2.108148e+01,2.106756e+01,2.087259e+01,2.084470e+01,2.090047e+01,2.090047e+01,2.091440e+01,2.112320e+01,2.095619e+01,2.114406e+01,2.105365e+01,2.099797e+01,2.114406e+01,2.094923e+01,2.092833e+01,2.090743e+01,2.089350e+01,2.092137e+01,2.086562e+01,2.087259e+01,2.087956e+01,2.092833e+01,2.076798e+01,2.103277e+01,2.092137e+01,2.106756e+01,2.103973e+01,2.128993e+01,2.135239e+01,2.161566e+01,2.158106e+01,2.169866e+01,2.176086e+01,2.169175e+01,2.188516e+01,2.182993e+01,2.180922e+01,2.161566e+01,2.177468e+01,2.186445e+01,2.165025e+01,2.178850e+01,2.171940e+01,2.183684e+01,2.176086e+01,2.194725e+01,2.168483e+01,2.170557e+01,2.174013e+01,2.171248e+01,2.162258e+01,2.160874e+01,2.146332e+01,2.156721e+01,2.151182e+01,2.147025e+01,2.156721e+01,2.146332e+01,2.169175e+01,2.158106e+01,2.163642e+01,2.182993e+01,2.184374e+01,2.174013e+01,2.178159e+01,2.156029e+01,2.167792e+01,2.159490e+01,2.153260e+01,2.170557e+01,2.163642e+01,2.162950e+01,2.162258e+01,2.189896e+01,2.187135e+01,2.182303e+01,2.188516e+01,2.190586e+01,2.178850e+01,2.187825e+01,2.189206e+01,2.191276e+01,2.194725e+01,2.196793e+01,2.194035e+01,2.195414e+01,2.197483e+01,2.195414e+01,2.194725e+01,2.191276e+01,2.192655e+01,2.196793e+01,2.257294e+01,2.346022e+01,2.216082e+01,2.196793e+01,2.196104e+01,2.189896e+01,2.191965e+01,2.193345e+01,2.189206e+01,2.191276e+01,2.193345e+01,2.193345e+01,2.185065e+01,2.178159e+01,2.166409e+01,2.164334e+01,2.163642e+01,2.169175e+01,2.169866e+01,2.170557e+01,2.152567e+01,2.149104e+01,2.164334e+01,2.147718e+01,2.138707e+01,2.137320e+01,2.126911e+01,2.138013e+01,2.115101e+01,2.106756e+01,2.102581e+01,2.106756e+01,2.101189e+01,2.116491e+01,2.101885e+01,2.110234e+01,2.122744e+01,2.161566e+01,2.236022e+01,2.278522e+01,2.252494e+01,2.246320e+01,2.243575e+01,2.243575e+01,2.221587e+01,2.238082e+01,2.220899e+01,2.191965e+01,2.191965e+01,2.178850e+01,2.176777e+01,2.181612e+01,2.168483e+01,2.174013e+01,2.179540e+01,2.165717e+01,2.167100e+01,2.156721e+01,2.135239e+01,2.154645e+01,2.141480e+01,2.143560e+01,2.144253e+01,2.145639e+01,2.165025e+01,2.151875e+01,2.142174e+01,2.151182e+01,2.156721e+01,2.160874e+01,2.153952e+01,2.160182e+01,2.160182e+01,2.161566e+01,2.156721e+01,2.155337e+01,2.147718e+01,2.151182e+01,2.148411e+01,2.144946e+01,2.154645e+01,2.159490e+01,2.157414e+01,2.159490e+01,2.155337e+01,2.165717e+01,2.160182e+01,2.166409e+01,2.163642e+01,2.148411e+01,2.159490e+01,2.164334e+01,2.159490e+01,2.162258e+01,2.164334e+01,2.148411e+01,2.162258e+01,2.160182e+01,2.168483e+01,2.161566e+01,2.169866e+01,2.167100e+01,2.165025e+01,2.167100e+01,2.165025e+01,2.165717e+01,2.166409e+01,2.167100e+01,2.167792e+01,2.149796e+01,2.153260e+01,2.160182e+01,2.157414e+01,2.176086e+01,2.154645e+01,2.151182e+01,2.158798e+01,2.167100e+01,2.156029e+01,2.137320e+01,2.157414e+01,2.153952e+01,2.159490e+01,2.147025e+01,2.157414e+01,2.162258e+01,2.142174e+01,2.149104e+01,2.145639e+01,2.145639e+01,2.154645e+01,2.141480e+01,2.144946e+01,2.135239e+01,2.147718e+01,2.126217e+01,2.144253e+01,2.128993e+01,2.126911e+01,2.117881e+01,2.128993e+01,2.118576e+01,2.121355e+01,2.121355e+01,2.119966e+01,2.118576e+01,2.115101e+01,2.117881e+01,2.121355e+01,2.107452e+01,2.111625e+01,2.111625e+01,2.138013e+01,2.164334e+01,2.176777e+01,2.175395e+01,2.180922e+01,2.166409e+01,2.184374e+01,2.176777e+01,2.170557e+01,2.188516e+01,2.186445e+01,2.185755e+01,2.182993e+01,2.178850e+01,2.183684e+01,2.188516e+01,2.196104e+01,2.193345e+01,2.188516e+01,2.189896e+01,2.193345e+01,2.198862e+01,2.183684e+01,2.162258e+01,2.196104e+01,2.180922e+01,2.186445e+01,2.187135e+01,2.182303e+01,2.187825e+01,2.192655e+01,2.181612e+01,2.177468e+01,2.183684e+01,2.186445e+01,2.186445e+01,2.175395e+01,2.176777e+01,2.178159e+01,2.178159e+01,2.164334e+01,2.170557e+01,2.170557e+01,2.177468e+01,2.187135e+01,2.162950e+01,2.165717e+01,2.165025e+01,2.169175e+01,2.167100e+01,2.169175e+01,2.164334e+01,2.146332e+01,2.146332e+01,2.156721e+01,2.152567e+01,2.158798e+01,2.159490e+01,2.162258e+01,2.162950e+01,2.155337e+01,2.162950e+01,2.157414e+01,2.141480e+01,2.156721e+01,2.141480e+01,2.151875e+01,2.151875e+01,2.147718e+01,2.142867e+01,2.163642e+01,2.156721e+01,2.164334e+01,2.148411e+01,2.146332e+01,2.165025e+01,2.155337e+01,2.162258e+01,2.165717e+01,2.147025e+01,2.160182e+01,2.152567e+01,2.149104e+01,2.162258e+01,2.156721e+01,2.159490e+01,2.150489e+01,2.156721e+01,2.137320e+01,2.153952e+01,2.152567e+01,2.133158e+01,2.153260e+01,2.140094e+01,2.156029e+01,2.165025e+01,2.161566e+01,2.144946e+01,2.144253e+01,2.168483e+01,2.166409e+01,2.158798e+01,2.160182e+01,2.151182e+01,2.151875e+01,2.166409e+01,2.168483e+01,2.168483e+01,2.182303e+01,2.153260e+01,2.160182e+01,2.169866e+01,2.169175e+01
2.167100e+01,2.189896e+01,2.169866e+01,2.194035e+01,2.171248e+01,2.171940e+01,2.170557e+01,2.171248e+01,2.168483e+01,2.182303e+01,2.169175e+01,2.181612e+01,2.169866e+01,2.179540e+01,2.176086e+01,2.178850e+01,2.171940e+01,2.160874e+01,2.170557e+01,2.174704e+01,2.174704e+01,2.160182e+01,2.174013e+01,2.162258e+01,2.168483e+01,2.165717e+01,2.171940e+01,2.165025e+01,2.158798e+01,2.160182e+01,2.162950e+01,2.157414e+01,2.148411e+01,2.156721e+01,2.153260e+01,2.151875e+01,2.158798e+01,2.160182e+01,2.135239e+01,2.165025e+01,2.156029e+01,2.159490e+01,2.153952e+01,2.153952e+01,2.148411e+01,2.165717e+01,2.151875e+01,2.151182e+01,2.164334e+01,2.159490e+01,2.148411e+01,2.149104e+01,2.165717e+01,2.176086e+01,2.164334e+01,2.158798e+01,2.167100e+01,2.167792e+01,2.171940e+01,2.168483e+01,2.177468e+01,2.180231e+01,2.179540e+01,2.180922e+01,2.168483e+01,2.180922e+01,2.169866e+01,2.167792e+01,2.164334e+01,2.179540e+01,2.163642e+01,2.164334e+01,2.167792e+01,2.163642e+01,2.165717e+01,2.168483e+01,2.173322e+01,2.166409e+01,2.162950e+01,2.165025e+01,2.155337e+01,2.161566e+01,2.173322e+01,2.165717e+01,2.157414e+01,2.151182e+01,2.140094e+01,2.151182e+01,2.155337e+01,2.151182e+01,2.152567e+01,2.146332e+01,2.144253e+01,2.137320e+01,2.140094e+01,2.145639e+01,2.121355e+01,2.135239e+01,2.136626e+01,2.136626e+01,2.135239e+01,2.128299e+01,2.146332e+01,2.131076e+01,2.145639e+01,2.155337e+01,2.156721e+01,2.139400e+01,2.135933e+01,2.144946e+01,2.142867e+01,2.147718e+01,2.138013e+01,2.118576e+01,2.080984e+01,2.090047e+01,2.107452e+01,2.149796e+01,2.162950e+01,2.171248e+01,2.171248e+01,2.172631e+01,2.171248e+01,2.174013e+01,2.179540e+01,2.177468e+01,2.178850e+01,2.176777e+01,2.183684e+01,2.180922e+01,2.185065e+01,2.183684e+01,2.194035e+01,2.190586e+01,2.193345e+01,2.179540e+01,2.194035e+01,2.193345e+01,2.187135e+01,2.197483e+01,2.194035e+01,2.190586e+01,2.198172e+01,2.187825e+01,2.193345e+01,2.207820e+01,2.190586e+01,2.216082e+01,2.201619e+01,2.220211e+01,2.212641e+01,2.211952e+01,2.218147e+01,2.216082e+01,2.227088e+01,2.217459e+01,2.214706e+01,2.218835e+01,2.230525e+01,2.235335e+01,2.236709e+01,2.230525e+01,2.216771e+01,2.225713e+01,2.216082e+01,2.209886e+01,2.184374e+01,2.181612e+01,2.171940e+01,2.162258e+01,2.171248e+01,2.166409e+01,2.131076e+01,2.129688e+01,2.140787e+01,2.142867e+01,2.140094e+01,2.145639e+01,2.143560e+01,2.150489e+01,2.153260e+01,2.160874e+01,2.162258e+01,2.153952e+01,2.167100e+01,2.165025e+01,2.164334e+01,2.166409e+01,2.162258e+01,2.180922e+01,2.162950e+01,2.165717e+01,2.183684e+01,2.183684e+01,2.184374e+01,2.180922e+01,2.182303e+01,2.179540e+01,2.189206e+01,2.170557e+01,2.169175e+01,2.164334e+01,2.176086e+01,2.162950e+01,2.171248e+01,2.181612e+01,2.169866e+01,2.182303e+01,2.184374e+01,2.171248e+01,2.173322e+01,2.168483e+01,2.172631e+01,2.162950e+01,2.166409e+01,2.162950e+01,2.162258e+01,2.156721e+01,2.147025e+01,2.161566e+01,2.158106e+01,2.159490e+01,2.131770e+01,2.134545e+01,2.158106e+01,2.132464e+01,2.140094e+01,2.154645e+01,2.138707e+01,2.158106e+01,2.185755e+01,2.174704e+01,2.185755e+01,2.164334e+01,2.189206e+01,2.183684e+01,2.197483e+01,2.193345e+01,2.181612e+01,2.196104e+01,2.203687e+01,2.207131e+01,2.191965e+01,2.193345e+01,2.168483e+01,2.190586e+01,2.180922e+01,2.170557e+01,2.168483e+01,2.150489e+01,2.168483e+01,2.130382e+01,2.135239e+01,2.135933e+01,2.131770e+01,2.104669e+01,2.124828e+01,2.115796e+01,2.108843e+01,2.105365e+01,2.106756e+01,2.106061e+01,2.103277e+01,2.111625e+01,2.104669e+01,2.103277e+01,2.099101e+01,2.105365e+01,2.103973e+01,2.100493e+01,2.099797e+01,2.099797e+01,2.093530e+01,2.113015e+01,2.115796e+01,2.117881e+01,2.112320e+01,2.119966e+01,2.109539e+01,2.085865e+01,2.122050e+01,2.124133e+01,2.115796e+01,2.117881e+01,2.092833e+01,2.073309e+01,2.067723e+01,2.089350e+01,2.081681e+01,2.091440e+01,2.094923e+01,2.095619e+01,2.100493e+01,2.109539e+01,2.105365e+01,2.112320e+01,2.092833e+01,2.090047e+01,2.079589e+01,2.081681e+01,2.092833e+01,2.090047e+01,2.091440e+01,2.092833e+01,2.092137e+01,2.102581e+01,2.105365e+01,2.120660e+01,2.135239e+01,2.142174e+01,2.128299e+01,2.160874e+01,2.174704e+01,2.174704e+01,2.173322e+01,2.173322e+01,2.186445e+01,2.187825e+01,2.184374e+01,2.189896e+01,2.177468e+01,2.186445e+01,2.187135e+01,2.184374e+01,2.181612e+01,2.170557e+01,2.185065e+01,2.171940e+01,2.177468e+01,2.178850e+01,2.173322e+01,2.163642e+01,2.165025e+01,2.177468e+01,2.162258e+01,2.143560e+01,2.139400e+01,2.155337e+01,2.155337e+01,2.142867e+01,2.160874e+01,2.145639e+01,2.158106e+01,2.164334e+01,2.174013e+01,2.180922e+01,2.187825e+01,2.171248e+01,2.165025e+01,2.162950e+01,2.166409e+01,2.168483e+01,2.166409e+01,2.174704e+01,2.161566e+01,2.183684e+01,2.165717e+01,2.181612e+01,2.181612e+01,2.183684e+01,2.185065e+01,2.187135e+01,2.183684e+01,2.189896e+01,2.178850e+01,2.185755e+01,2.196104e+01,2.204376e+01,2.203687e+01,2.198862e+01,2.206442e+01,2.194035e+01,2.196793e+01,2.193345e+01,2.218147e+01,2.303118e+01,2.389425e+01,2.351457e+01,2.219523e+01,2.218147e+01,2.200241e+01,2.191965e+01,2.188516e+01,2.207131e+01,2.197483e+01,2.187825e+01,2.184374e+01,2.179540e+01,2.171940e+01,2.175395e+01,2.171940e+01,2.166409e+01,2.156721e+01,2.154645e+01,2.159490e+01,2.162950e+01,2.156029e+01,2.151875e+01,2.140094e+01,2.144253e+01,2.147025e+01,2.143560e+01,2.126217e+01,2.126911e+01,2.107452e+01,2.126911e+01,2.105365e+01,2.101885e+01,2.117186e+01,2.126217e+01,2.185065e+01,2.235335e+01,2.290827e+01,2.311304e+01,2.290144e+01,2.292877e+01,2.288094e+01,2.265516e+01,2.248379e+01,2.244948e+01,2.222275e+01,2.223650e+01,2.203687e+01,2.192655e+01,2.195414e+01,2.188516e+01,2.181612e+01,2.181612e+01,2.179540e+01,2.167792e+01,2.177468e+01,2.179540e+01,2.158798e+01,2.138707e+01,2.141480e+01,2.150489e+01,2.147025e+01,2.149796e+01,2.142174e+01,2.156029e+01,2.149796e+01,2.140787e+01,2.151875e+01,2.152567e+01,2.162950e+01,2.152567e+01,2.157414e+01,2.160182e+01,2.159490e+01,2.148411e+01,2.155337e+01,2.142174e+01,2.155337e+01,2.156721e+01,2.151875e+01,2.154645e+01,2.157414e+01,2.153952e+01,2.156721e+01,2.157414e+01,2.163642e+01,2.159490e+01,2.162258e+01,2.164334e+01,2.158798e+01,2.158798e+01,2.167792e+01,2.164334e+01,2.151875e+01,2.171940e+01,2.165025e+01,2.160874e+01,2.148411e+01,2.174704e+01,2.163642e+01,2.160182e+01,2.172631e+01,2.173322e+01,2.164334e+01,2.157414e+01,2.160182e+01,2.167792e+01,2.167100e+01,2.169175e+01,2.161566e+01,2.153952e+01,2.169175e+01,2.160182e+01,2.158106e+01,2.172631e+01,2.157414e+01,2.154645e+01,2.163642e+01,2.158798e+01,2.153952e+01,2.156029e+01,2.153952e+01,2.159490e+01,2.158106e+01,2.154645e+01,2.138013e+01,2.145639e+01,2.140094e+01,2.151182e+01,2.154645e+01,2.153260e+01,2.142867e+01,2.143560e+01,2.140787e+01,2.147025e+01,2.133851e+01,2.133158e+01,2.132464e+01,2.121355e+01,2.120660e+01,2.128993e+01,2.128299e+01,2.125522e+01,2.123439e+01,2.120660e+01,2.113015e+01,2.119271e+01,2.115101e+01,2.108148e+01,2.112320e+01,2.110234e+01,2.131076e+01,2.117186e+01,2.164334e+01,2.167100e+01,2.171248e+01,2.183684e+01,2.174704e+01,2.182303e+01,2.180231e+01,2.184374e+01,2.187825e+01,2.187825e+01,2.185755e+01,2.184374e+01,2.186445e+01,2.190586e+01,2.197483e+01,2.187135e+01,2.198862e+01,2.187135e+01,2.189206e+01,2.194035e+01,2.193345e+01,2.185755e+01,2.184374e+01,2.199551e+01,2.184374e+01,2.189896e+01,2.179540e+01,2.199551e+01,2.191276e+01,2.174704e+01,2.185755e+01,2.186445e+01,2.182303e+01,2.185755e+01,2.184374e+01,2.187825e+01,2.169175e+01,2.176777e+01,2.152567e+01,2.182303e+01,2.189206e+01,2.173322e+01,2.169866e+01,2.169175e+01,2.164334e+01,2.166409e+01,2.171248e+01,2.164334e+01,2.173322e+01,2.150489e+01,2.171248e+01,2.154645e+01,2.164334e+01,2.157414e+01,2.156721e+01,2.153260e+01,2.151875e+01,2.147718e+01,2.161566e+01,2.151875e+01,2.168483e+01,2.167792e+01,2.161566e+01,2.160182e+01,2.154645e+01,2.156029e+01,2.155337e+01,2.153952e+01,2.136626e+01,2.145639e+01,2.147718e+01,2.145639e+01,2.150489e+01,2.151875e+01,2.152567e+01,2.140787e+01,2.158106e+01,2.153952e+01,2.156029e+01,2.158106e+01,2.165717e+01,2.154645e+01,2.161566e+01,2.153260e+01,2.153952e+01,2.145639e+01,2.156029e+01,2.150489e+01,2.153952e+01,2.150489e+01,2.156029e+01,2.158798e+01,2.163642e+01,2.164334e+01,2.156721e+01,2.158798e+01,2.167792e+01,2.163642e+01,2.165025e+01,2.155337e+01,2.164334e+01,2.155337e+01,2.151182e+01,2.161566e+01,2.179540e+01,2.163642e+01,2.169175e+01,2.171248e+01,2.164334e+01,2.167100e+01,2.176086e+01,2.173322e+01
2.158106e+01,2.179540e+01,2.187825e+01,2.183684e+01,2.163642e+01,2.164334e+01,2.169175e+01,2.163642e+01,2.180231e+01,2.182303e+01,2.182303e+01,2.182303e+01,2.178159e+01,2.184374e+01,2.178159e+01,2.162950e+01,2.180922e+01,2.155337e+01,2.172631e+01,2.165717e+01,2.180922e+01,2.166409e+01,2.157414e+01,2.168483e+01,2.166409e+01,2.164334e+01,2.155337e+01,2.150489e+01,2.153260e+01,2.162950e+01,2.156029e+01,2.156721e+01,2.151875e+01,2.155337e+01,2.157414e+01,2.152567e+01,2.154645e+01,2.137320e+01,2.150489e+01,2.151875e+01,2.164334e+01,2.156029e+01,2.154645e+01,2.165025e+01,2.155337e+01,2.148411e+01,2.147718e+01,2.161566e+01,2.159490e+01,2.153952e+01,2.154645e+01,2.156029e+01,2.152567e+01,2.163642e+01,2.153260e+01,2.164334e+01,2.174704e+01,2.174013e+01,2.167100e+01,2.158106e+01,2.167792e+01,2.174013e+01,2.167100e+01,2.165717e+01,2.175395e+01,2.174704e+01,2.168483e+01,2.168483e+01,2.161566e+01,2.171248e+01,2.169866e+01,2.167792e+01,2.164334e+01,2.162258e+01,2.165717e+01,2.170557e+01,2.169175e+01,2.158106e+01,2.156029e+01,2.170557e+01,2.164334e+01,2.165717e+01,2.151182e+01,2.158798e+01,2.163642e+01,2.148411e+01,2.139400e+01,2.151875e+01,2.151875e+01,2.154645e+01,2.144946e+01,2.143560e+01,2.156029e+01,2.145639e+01,2.144253e+01,2.147025e+01,2.141480e+01,2.148411e+01,2.126911e+01,2.139400e+01,2.153260e+01,2.138013e+01,2.148411e+01,2.145639e+01,2.154645e+01,2.156029e+01,2.145639e+01,2.153952e+01,2.149104e+01,2.149796e+01,2.149104e+01,2.148411e+01,2.140787e+01,2.150489e+01,2.103277e+01,2.108843e+01,2.159490e+01,2.165025e+01,2.170557e+01,2.150489e+01,2.159490e+01,2.174013e+01,2.180231e+01,2.176777e+01,2.182303e+01,2.168483e+01,2.175395e+01,2.183684e+01,2.176086e+01,2.182993e+01,2.188516e+01,2.185755e+01,2.194725e+01,2.178159e+01,2.182303e+01,2.174013e+01,2.194035e+01,2.198862e+01,2.190586e+01,2.200930e+01,2.185065e+01,2.191965e+01,2.200241e+01,2.194035e+01,2.210575e+01,2.208509e+01,2.198862e+01,2.208509e+01,2.213329e+01,2.209198e+01,2.205754e+01,2.217459e+01,2.217459e+01,2.242202e+01,2.226401e+01,2.235335e+01,2.244948e+01,2.237395e+01,2.238082e+01,2.232587e+01,2.234648e+01,2.228463e+01,2.227088e+01,2.221587e+01,2.218835e+01,2.205065e+01,2.186445e+01,2.174704e+01,2.174013e+01,2.168483e+01,2.156029e+01,2.156029e+01,2.162258e+01,2.127605e+01,2.121355e+01,2.128993e+01,2.139400e+01,2.142867e+01,2.146332e+01,2.149104e+01,2.148411e+01,2.157414e+01,2.153952e+01,2.155337e+01,2.156721e+01,2.164334e+01,2.168483e+01,2.163642e+01,2.180231e+01,2.174013e+01,2.167100e+01,2.160182e+01,2.165025e+01,2.169175e+01,2.167792e+01,2.184374e+01,2.177468e+01,2.179540e+01,2.180922e+01,2.176086e+01,2.176777e+01,2.172631e+01,2.181612e+01,2.179540e+01,2.174013e+01,2.180922e+01,2.179540e+01,2.156721e+01,2.180231e+01,2.171940e+01,2.172631e+01,2.173322e+01,2.169866e+01,2.169866e+01,2.160182e+01,2.165025e+01,2.162950e+01,2.160182e+01,2.160182e+01,2.165025e+01,2.155337e+01,2.160874e+01,2.146332e+01,2.156029e+01,2.156721e+01,2.132464e+01,2.135933e+01,2.148411e+01,2.128299e+01,2.146332e+01,2.182993e+01,2.182303e+01,2.182303e+01,2.169866e+01,2.153952e+01,2.177468e+01,2.185755e+01,2.196104e+01,2.198862e+01,2.174704e+01,2.189206e+01,2.193345e+01,2.191276e+01,2.190586e+01,2.194725e+01,2.188516e+01,2.192655e+01,2.187135e+01,2.180231e+01,2.170557e+01,2.149796e+01,2.133851e+01,2.130382e+01,2.133851e+01,2.109539e+01,2.122744e+01,2.110929e+01,2.114406e+01,2.104669e+01,2.110929e+01,2.108148e+01,2.103277e+01,2.126217e+01,2.126911e+01,2.106061e+01,2.099797e+01,2.097012e+01,2.101885e+01,2.099101e+01,2.101189e+01,2.103973e+01,2.104669e+01,2.103973e+01,2.101885e+01,2.112320e+01,2.115796e+01,2.103277e+01,2.113015e+01,2.116491e+01,2.108148e+01,2.118576e+01,2.120660e+01,2.124828e+01,2.127605e+01,2.110929e+01,2.097012e+01,2.086562e+01,2.089350e+01,2.104669e+01,2.093530e+01,2.111625e+01,2.116491e+01,2.107452e+01,2.120660e+01,2.107452e+01,2.108843e+01,2.106756e+01,2.111625e+01,2.098405e+01,2.095619e+01,2.097709e+01,2.094923e+01,2.089350e+01,2.099101e+01,2.118576e+01,2.126911e+01,2.133851e+01,2.140094e+01,2.163642e+01,2.168483e+01,2.158106e+01,2.166409e+01,2.180922e+01,2.187135e+01,2.187825e+01,2.189206e+01,2.187825e+01,2.178159e+01,2.165717e+01,2.189896e+01,2.168483e+01,2.179540e+01,2.188516e+01,2.191276e+01,2.188516e+01,2.187825e+01,2.175395e+01,2.180922e+01,2.169866e+01,2.176086e+01,2.169866e+01,2.142174e+01,2.166409e+01,2.160874e+01,2.147025e+01,2.157414e+01,2.147025e+01,2.146332e+01,2.157414e+01,2.147718e+01,2.158106e+01,2.157414e+01,2.159490e+01,2.180922e+01,2.174013e+01,2.181612e+01,2.174704e+01,2.188516e+01,2.163642e+01,2.160874e+01,2.166409e+01,2.165717e+01,2.159490e+01,2.163642e+01,2.167792e+01,2.160874e+01,2.178159e+01,2.172631e+01,2.163642e+01,2.164334e+01,2.186445e+01,2.199551e+01,2.184374e+01,2.182303e+01,2.191276e+01,2.187825e+01,2.188516e+01,2.185755e+01,2.188516e+01,2.198172e+01,2.197483e+01,2.190586e+01,2.192655e+01,2.194035e+01,2.216082e+01,2.298340e+01,2.390102e+01,2.400924e+01,2.340584e+01,2.226401e+01,2.191965e+01,2.206442e+01,2.194035e+01,2.192655e+01,2.193345e+01,2.191276e+01,2.196793e+01,2.178850e+01,2.176777e+01,2.169175e+01,2.171248e+01,2.172631e+01,2.165717e+01,2.157414e+01,2.160182e+01,2.151182e+01,2.147025e+01,2.150489e+01,2.152567e+01,2.138707e+01,2.144253e+01,2.127605e+01,2.116491e+01,2.112320e+01,2.127605e+01,2.122050e+01,2.119966e+01,2.124133e+01,2.179540e+01,2.257294e+01,2.327656e+01,2.335823e+01,2.334462e+01,2.326976e+01,2.333782e+01,2.311986e+01,2.308576e+01,2.288777e+01,2.262091e+01,2.249751e+01,2.246320e+01,2.221587e+01,2.220899e+01,2.200241e+01,2.192655e+01,2.196793e+01,2.187135e+01,2.180922e+01,2.175395e+01,2.168483e+01,2.173322e+01,2.175395e+01,2.165025e+01,2.144946e+01,2.145639e+01,2.149104e+01,2.135239e+01,2.139400e+01,2.134545e+01,2.147718e+01,2.146332e+01,2.144946e+01,2.151875e+01,2.152567e+01,2.146332e+01,2.160874e+01,2.132464e+01,2.155337e+01,2.160182e+01,2.155337e+01,2.158798e+01,2.158106e+01,2.147025e+01,2.147718e+01,2.158798e+01,2.153952e+01,2.130382e+01,2.128993e+01,2.158106e+01,2.158106e+01,2.157414e+01,2.148411e+01,2.159490e+01,2.156029e+01,2.159490e+01,2.159490e+01,2.158106e+01,2.160874e+01,2.148411e+01,2.158798e+01,2.167100e+01,2.161566e+01,2.161566e+01,2.155337e+01,2.163642e+01,2.158106e+01,2.166409e+01,2.162258e+01,2.151182e+01,2.165025e+01,2.164334e+01,2.151875e+01,2.150489e+01,2.150489e+01,2.152567e+01,2.156029e+01,2.161566e+01,2.158106e+01,2.155337e+01,2.157414e+01,2.170557e+01,2.157414e+01,2.161566e+01,2.156721e+01,2.162950e+01,2.148411e+01,2.166409e+01,2.139400e+01,2.156721e+01,2.167100e+01,2.155337e+01,2.149104e+01,2.147718e+01,2.137320e+01,2.151875e+01,2.142174e+01,2.125522e+01,2.135239e+01,2.128299e+01,2.135933e+01,2.135239e+01,2.133158e+01,2.131076e+01,2.126217e+01,2.128993e+01,2.131770e+01,2.126217e+01,2.128299e+01,2.122744e+01,2.120660e+01,2.119271e+01,2.114406e+01,2.116491e+01,2.109539e+01,2.113015e+01,2.118576e+01,2.101885e+01,2.127605e+01,2.165717e+01,2.175395e+01,2.180231e+01,2.180231e+01,2.185065e+01,2.180231e+01,2.176777e+01,2.190586e+01,2.185065e+01,2.189896e+01,2.189206e+01,2.196104e+01,2.188516e+01,2.188516e+01,2.190586e+01,2.176086e+01,2.178850e+01,2.194035e+01,2.189896e+01,2.192655e+01,2.191965e+01,2.188516e+01,2.182303e+01,2.185065e+01,2.183684e+01,2.186445e+01,2.171940e+01,2.198172e+01,2.175395e+01,2.178850e+01,2.179540e+01,2.190586e+01,2.180922e+01,2.175395e+01,2.186445e+01,2.176777e+01,2.181612e+01,2.183684e+01,2.140787e+01,2.182993e+01,2.166409e+01,2.173322e+01,2.171248e+01,2.172631e+01,2.170557e+01,2.165025e+01,2.172631e+01,2.154645e+01,2.151875e+01,2.175395e+01,2.165025e+01,2.167792e+01,2.165025e+01,2.156721e+01,2.143560e+01,2.142174e+01,2.158106e+01,2.156029e+01,2.158798e+01,2.156721e+01,2.158798e+01,2.158798e+01,2.155337e+01,2.156029e+01,2.155337e+01,2.154645e+01,2.156721e+01,2.157414e+01,2.160182e+01,2.149104e+01,2.146332e+01,2.149104e+01,2.152567e+01,2.147718e+01,2.156029e+01,2.158106e+01,2.158798e+01,2.164334e+01,2.161566e+01,2.149104e+01,2.166409e+01,2.150489e+01,2.148411e+01,2.144946e+01,2.157414e+01,2.153952e+01,2.150489e+01,2.161566e+01,2.151875e+01,2.162950e+01,2.160182e+01,2.133851e+01,2.155337e+01,2.149796e+01,2.147025e+01,2.160182e+01,2.157414e+01,2.165717e+01,2.167792e+01,2.164334e+01,2.163642e+01,2.165025e+01,2.173322e+01,2.155337e+01,2.175395e+01,2.179540e+01,2.165025e+01,2.162950e+01,2.167792e+01,2.165025e+01,2.165025e+01,2.165717e+01
2.185065e+01,2.168483e+01,2.193345e+01,2.162950e+01,2.173322e+01,2.167100e+01,2.171248e+01,2.180231e+01,2.175395e+01,2.175395e+01,2.177468e+01,2.185065e+01,2.185755e+01,2.176777e+01,2.178850e+01,2.180231e+01,2.170557e+01,2.178159e+01,2.175395e+01,2.182303e+01,2.163642e+01,2.157414e+01,2.158106e+01,2.162258e+01,2.153952e+01,2.161566e+01,2.162258e+01,2.163642e+01,2.155337e+01,2.169175e+01,2.147718e+01,2.168483e+01,2.151182e+01,2.153260e+01,2.154645e+01,2.163642e+01,2.170557e+01,2.142867e+01,2.159490e+01,2.164334e+01,2.151875e+01,2.149104e+01,2.147718e+01,2.156721e+01,2.156029e+01,2.148411e+01,2.159490e+01,2.172631e+01,2.176777e+01,2.158798e+01,2.157414e+01,2.151182e+01,2.156721e+01,2.156721e+01,2.157414e+01,2.163642e+01,2.171248e+01,2.169866e+01,2.165717e+01,2.174013e+01,2.162258e+01,2.161566e+01,2.165025e+01,2.167792e+01,2.167792e+01,2.169866e+01,2.175395e+01,2.172631e+01,2.164334e+01,2.172631e+01,2.163642e+01,2.168483e+01,2.163642e+01,2.162258e+01,2.149104e+01,2.149796e+01,2.167100e+01,2.161566e+01,2.162258e+01,2.157414e+01,2.152567e+01,2.160182e+01,2.162258e+01,2.168483e+01,2.166409e+01,2.156721e+01,2.153260e+01,2.151875e+01,2.157414e+01,2.145639e+01,2.147718e+01,2.146332e+01,2.149104e+01,2.140787e+01,2.144946e+01,2.144253e+01,2.143560e+01,2.148411e+01,2.141480e+01,2.144253e+01,2.158106e+01,2.156721e+01,2.158798e+01,2.162258e+01,2.160874e+01,2.156721e+01,2.151875e+01,2.155337e+01,2.153260e+01,2.151875e+01,2.149104e+01,2.151875e+01,2.149104e+01,2.140787e+01,2.158106e+01,2.152567e+01,2.158798e+01,2.162258e+01,2.167100e+01,2.171248e+01,2.174704e+01,2.174013e+01,2.175395e+01,2.174704e+01,2.188516e+01,2.185755e+01,2.169866e+01,2.187135e+01,2.183684e+01,2.187825e+01,2.187135e+01,2.182303e+01,2.186445e+01,2.182303e+01,2.185065e+01,2.196104e+01,2.191276e+01,2.194035e+01,2.194035e+01,2.192655e+01,2.223650e+01,2.199551e+01,2.207820e+01,2.202997e+01,2.205754e+01,2.207131e+01,2.193345e+01,2.227776e+01,2.209886e+01,2.216082e+01,2.232587e+01,2.218147e+01,2.216771e+01,2.230525e+01,2.228463e+01,2.240142e+01,2.247692e+01,2.244261e+01,2.246320e+01,2.242888e+01,2.248379e+01,2.237395e+01,2.258665e+01,2.244261e+01,2.247692e+01,2.206442e+01,2.183684e+01,2.216082e+01,2.163642e+01,2.177468e+01,2.165025e+01,2.140787e+01,2.160182e+01,2.147025e+01,2.136626e+01,2.139400e+01,2.136626e+01,2.131770e+01,2.131076e+01,2.143560e+01,2.140094e+01,2.147718e+01,2.147718e+01,2.153260e+01,2.160182e+01,2.162950e+01,2.162258e+01,2.160874e+01,2.169175e+01,2.168483e+01,2.162950e+01,2.175395e+01,2.174013e+01,2.178850e+01,2.181612e+01,2.178159e+01,2.180922e+01,2.178159e+01,2.174013e+01,2.176777e+01,2.171940e+01,2.171940e+01,2.173322e+01,2.177468e+01,2.182993e+01,2.165717e+01,2.176777e+01,2.169866e+01,2.166409e+01,2.175395e+01,2.189206e+01,2.170557e+01,2.172631e+01,2.170557e+01,2.172631e+01,2.180922e+01,2.165717e+01,2.164334e+01,2.173322e+01,2.157414e+01,2.164334e+01,2.160874e+01,2.153952e+01,2.151875e+01,2.146332e+01,2.140094e+01,2.151182e+01,2.131076e+01,2.152567e+01,2.142867e+01,2.152567e+01,2.187135e+01,2.166409e+01,2.163642e+01,2.147025e+01,2.144946e+01,2.151875e+01,2.184374e+01,2.191276e+01,2.189896e+01,2.191276e+01,2.184374e+01,2.189896e+01,2.185065e+01,2.169175e+01,2.155337e+01,2.167792e+01,2.196793e+01,2.181612e+01,2.178850e+01,2.171248e+01,2.166409e+01,2.134545e+01,2.165025e+01,2.138707e+01,2.124828e+01,2.125522e+01,2.114406e+01,2.118576e+01,2.118576e+01,2.103277e+01,2.107452e+01,2.135933e+01,2.133158e+01,2.109539e+01,2.128993e+01,2.100493e+01,2.099101e+01,2.099101e+01,2.103277e+01,2.101885e+01,2.103277e+01,2.103277e+01,2.098405e+01,2.109539e+01,2.109539e+01,2.099101e+01,2.109539e+01,2.120660e+01,2.120660e+01,2.138013e+01,2.134545e+01,2.128299e+01,2.131770e+01,2.130382e+01,2.120660e+01,2.124828e+01,2.128299e+01,2.120660e+01,2.108843e+01,2.140094e+01,2.147025e+01,2.151182e+01,2.138013e+01,2.127605e+01,2.125522e+01,2.134545e+01,2.126911e+01,2.135239e+01,2.121355e+01,2.101885e+01,2.099101e+01,2.117881e+01,2.115101e+01,2.147718e+01,2.163642e+01,2.162950e+01,2.164334e+01,2.167100e+01,2.179540e+01,2.169866e+01,2.180231e+01,2.170557e+01,2.184374e+01,2.182993e+01,2.184374e+01,2.187135e+01,2.187825e+01,2.183684e+01,2.189896e+01,2.191965e+01,2.193345e+01,2.188516e+01,2.189206e+01,2.187825e+01,2.178159e+01,2.188516e+01,2.175395e+01,2.174013e+01,2.175395e+01,2.177468e+01,2.171248e+01,2.167792e+01,2.163642e+01,2.156721e+01,2.156721e+01,2.155337e+01,2.156721e+01,2.148411e+01,2.154645e+01,2.158798e+01,2.158798e+01,2.169175e+01,2.167792e+01,2.180922e+01,2.185065e+01,2.186445e+01,2.165025e+01,2.171940e+01,2.155337e+01,2.165025e+01,2.166409e+01,2.162258e+01,2.169866e+01,2.172631e+01,2.181612e+01,2.171940e+01,2.180922e+01,2.169866e+01,2.180231e+01,2.190586e+01,2.180922e+01,2.180922e+01,2.185755e+01,2.188516e+01,2.199551e+01,2.188516e+01,2.198172e+01,2.189206e+01,2.183684e+01,2.179540e+01,2.180922e+01,2.192655e+01,2.192655e+01,2.196104e+01,2.287410e+01,2.403627e+01,2.440732e+01,2.431299e+01,2.343983e+01,2.257979e+01,2.196104e+01,2.199551e+01,2.194725e+01,2.194035e+01,2.187135e+01,2.194725e+01,2.197483e+01,2.171248e+01,2.167100e+01,2.174013e+01,2.187135e+01,2.162258e+01,2.156721e+01,2.170557e+01,2.148411e+01,2.145639e+01,2.144253e+01,2.140094e+01,2.151182e+01,2.149796e+01,2.149104e+01,2.129688e+01,2.131076e+01,2.149796e+01,2.166409e+01,2.237395e+01,2.319484e+01,2.386041e+01,2.402951e+01,2.398219e+01,2.381978e+01,2.385364e+01,2.358247e+01,2.344662e+01,2.353495e+01,2.311304e+01,2.305165e+01,2.279889e+01,2.270994e+01,2.236709e+01,2.236022e+01,2.238082e+01,2.206442e+01,2.196104e+01,2.194035e+01,2.196104e+01,2.185065e+01,2.180231e+01,2.178159e+01,2.179540e+01,2.181612e+01,2.178850e+01,2.161566e+01,2.147025e+01,2.146332e+01,2.144946e+01,2.147718e+01,2.142867e+01,2.151182e+01,2.169175e+01,2.150489e+01,2.147718e+01,2.150489e+01,2.158798e+01,2.160182e+01,2.145639e+01,2.151875e+01,2.157414e+01,2.156029e+01,2.148411e+01,2.153952e+01,2.148411e+01,2.147718e+01,2.132464e+01,2.141480e+01,2.131770e+01,2.138013e+01,2.159490e+01,2.161566e+01,2.159490e+01,2.156721e+01,2.147718e+01,2.157414e+01,2.158106e+01,2.159490e+01,2.158798e+01,2.161566e+01,2.163642e+01,2.156721e+01,2.138707e+01,2.155337e+01,2.160874e+01,2.158798e+01,2.158798e+01,2.163642e+01,2.161566e+01,2.160874e+01,2.161566e+01,2.159490e+01,2.153952e+01,2.154645e+01,2.151182e+01,2.161566e+01,2.167100e+01,2.147025e+01,2.160182e+01,2.166409e+01,2.167100e+01,2.171248e+01,2.158106e+01,2.159490e+01,2.168483e+01,2.165717e+01,2.165025e+01,2.155337e+01,2.160182e+01,2.160182e+01,2.160874e+01,2.159490e+01,2.144253e+01,2.156721e+01,2.145639e+01,2.142867e+01,2.136626e+01,2.147718e+01,2.142174e+01,2.142867e+01,2.145639e+01,2.146332e+01,2.149104e+01,2.138707e+01,2.135239e+01,2.129688e+01,2.132464e+01,2.128993e+01,2.117186e+01,2.119271e+01,2.121355e+01,2.119966e+01,2.120660e+01,2.128993e+01,2.114406e+01,2.111625e+01,2.110929e+01,2.109539e+01,2.110929e+01,2.122050e+01,2.168483e+01,2.169175e+01,2.168483e+01,2.179540e+01,2.180922e+01,2.185755e+01,2.180922e+01,2.184374e+01,2.185755e+01,2.198172e+01,2.187135e+01,2.189206e+01,2.188516e+01,2.184374e+01,2.182993e+01,2.179540e+01,2.195414e+01,2.187135e+01,2.193345e+01,2.194035e+01,2.194035e+01,2.191276e+01,2.194725e+01,2.187825e+01,2.187825e+01,2.173322e+01,2.191965e+01,2.174704e+01,2.180231e+01,2.176086e+01,2.200930e+01,2.175395e+01,2.167792e+01,2.185065e+01,2.177468e+01,2.173322e+01,2.183684e+01,2.184374e+01,2.173322e+01,2.180922e+01,2.174704e+01,2.182303e+01,2.180922e+01,2.172631e+01,2.185065e+01,2.175395e+01,2.162258e+01,2.155337e+01,2.164334e+01,2.173322e+01,2.167792e+01,2.166409e+01,2.160182e+01,2.154645e+01,2.168483e+01,2.164334e+01,2.155337e+01,2.158106e+01,2.168483e+01,2.170557e+01,2.152567e+01,2.156029e+01,2.156029e+01,2.156721e+01,2.153952e+01,2.152567e+01,2.151875e+01,2.155337e+01,2.149104e+01,2.155337e+01,2.154645e+01,2.143560e+01,2.150489e+01,2.154645e+01,2.165025e+01,2.151875e+01,2.154645e+01,2.149796e+01,2.158798e+01,2.153952e+01,2.166409e+01,2.153260e+01,2.151182e+01,2.153260e+01,2.135239e+01,2.153260e+01,2.145639e+01,2.153260e+01,2.160874e+01,2.159490e+01,2.150489e+01,2.150489e+01,2.154645e+01,2.160874e+01,2.159490e+01,2.165025e+01,2.167792e+01,2.166409e+01,2.162950e+01,2.164334e+01,2.165025e+01,2.165025e+01,2.163642e+01,2.171940e+01,2.172631e+01,2.162950e+01,2.162950e+01,2.172631e+01,2.165717e+01,2.175395e+01,2.166409e+01,2.165717e+01
2.185755e+01,2.183684e+01,2.195414e+01,2.187135e+01,2.167792e+01,2.181612e+01,2.167792e+01,2.162258e+01,2.163642e+01,2.160182e+01,2.161566e+01,2.176086e+01,2.169866e+01,2.164334e+01,2.167792e+01,2.182993e+01,2.173322e+01,2.158798e+01,2.163642e+01,2.174704e+01,2.176086e+01,2.169866e+01,2.150489e+01,2.165025e+01,2.167100e+01,2.158106e+01,2.158106e+01,2.156721e+01,2.165025e+01,2.151875e+01,2.158798e+01,2.153952e+01,2.147025e+01,2.151875e+01,2.160874e+01,2.153952e+01,2.150489e+01,2.151182e+01,2.171940e+01,2.165025e+01,2.152567e+01,2.176086e+01,2.157414e+01,2.162258e+01,2.165717e+01,2.168483e+01,2.162258e+01,2.154645e+01,2.160874e+01,2.162258e+01,2.152567e+01,2.162258e+01,2.161566e+01,2.156029e+01,2.158798e+01,2.185065e+01,2.158798e+01,2.163642e+01,2.165717e+01,2.165717e+01,2.165717e+01,2.169175e+01,2.175395e+01,2.180231e+01,2.171248e+01,2.170557e+01,2.175395e+01,2.173322e+01,2.171248e+01,2.160874e+01,2.161566e+01,2.167792e+01,2.161566e+01,2.149104e+01,2.166409e+01,2.162258e+01,2.156029e+01,2.149796e+01,2.157414e+01,2.156721e+01,2.157414e+01,2.151875e+01,2.160874e+01,2.171940e+01,2.156029e+01,2.153260e+01,2.148411e+01,2.146332e+01,2.141480e+01,2.153260e+01,2.140787e+01,2.150489e+01,2.152567e+01,2.140787e+01,2.167100e+01,2.147025e+01,2.140787e+01,2.145639e+01,2.149104e+01,2.151182e+01,2.148411e+01,2.144946e+01,2.156029e+01,2.171940e+01,2.153260e+01,2.154645e+01,2.159490e+01,2.156029e+01,2.147718e+01,2.153952e+01,2.152567e+01,2.151875e+01,2.156029e+01,2.152567e+01,2.156721e+01,2.158798e+01,2.167100e+01,2.167792e+01,2.166409e+01,2.165025e+01,2.176777e+01,2.174704e+01,2.187825e+01,2.176777e+01,2.173322e+01,2.173322e+01,2.185755e+01,2.178850e+01,2.214706e+01,2.168483e+01,2.188516e+01,2.180231e+01,2.189896e+01,2.180922e+01,2.173322e+01,2.189206e+01,2.185755e+01,2.194035e+01,2.204376e+01,2.198172e+01,2.197483e+01,2.200930e+01,2.200930e+01,2.205065e+01,2.208509e+01,2.209198e+01,2.211263e+01,2.218147e+01,2.208509e+01,2.206442e+01,2.233274e+01,2.231212e+01,2.231900e+01,2.231212e+01,2.242202e+01,2.247006e+01,2.251808e+01,2.240142e+01,2.264146e+01,2.255237e+01,2.257294e+01,2.257979e+01,2.256608e+01,2.244261e+01,2.244948e+01,2.220899e+01,2.186445e+01,2.192655e+01,2.174704e+01,2.163642e+01,2.162258e+01,2.158106e+01,2.153260e+01,2.143560e+01,2.152567e+01,2.140094e+01,2.143560e+01,2.126217e+01,2.133851e+01,2.128993e+01,2.128993e+01,2.134545e+01,2.137320e+01,2.144253e+01,2.143560e+01,2.158798e+01,2.157414e+01,2.159490e+01,2.161566e+01,2.161566e+01,2.169866e+01,2.159490e+01,2.171248e+01,2.176777e+01,2.168483e+01,2.185065e+01,2.182993e+01,2.181612e+01,2.178850e+01,2.178159e+01,2.172631e+01,2.169175e+01,2.172631e+01,2.177468e+01,2.182303e+01,2.180922e+01,2.176086e+01,2.183684e+01,2.175395e+01,2.175395e+01,2.173322e+01,2.169175e+01,2.170557e+01,2.175395e+01,2.172631e+01,2.180922e+01,2.165717e+01,2.171248e+01,2.156721e+01,2.169175e+01,2.167100e+01,2.158106e+01,2.157414e+01,2.149104e+01,2.151182e+01,2.163642e+01,2.146332e+01,2.134545e+01,2.138013e+01,2.146332e+01,2.165025e+01,2.165025e+01,2.158798e+01,2.130382e+01,2.134545e+01,2.133851e+01,2.153260e+01,2.179540e+01,2.190586e+01,2.187135e+01,2.193345e+01,2.188516e+01,2.190586e+01,2.182303e+01,2.119271e+01,2.126911e+01,2.128299e+01,2.161566e+01,2.167792e+01,2.175395e+01,2.176777e+01,2.165717e+01,2.176086e+01,2.147718e+01,2.158798e+01,2.122744e+01,2.120660e+01,2.113711e+01,2.108148e+01,2.122744e+01,2.110234e+01,2.118576e+01,2.138013e+01,2.160182e+01,2.149104e+01,2.131076e+01,2.110929e+01,2.107452e+01,2.105365e+01,2.099797e+01,2.101189e+01,2.108148e+01,2.107452e+01,2.106061e+01,2.110234e+01,2.119271e+01,2.118576e+01,2.117881e+01,2.122050e+01,2.136626e+01,2.148411e+01,2.144946e+01,2.133851e+01,2.120660e+01,2.132464e+01,2.138707e+01,2.140787e+01,2.129688e+01,2.130382e+01,2.139400e+01,2.131076e+01,2.146332e+01,2.141480e+01,2.147718e+01,2.145639e+01,2.141480e+01,2.136626e+01,2.142174e+01,2.138013e+01,2.126911e+01,2.117881e+01,2.128993e+01,2.139400e+01,2.147718e+01,2.162950e+01,2.163642e+01,2.169866e+01,2.173322e+01,2.178159e+01,2.180231e+01,2.182303e+01,2.185065e+01,2.186445e+01,2.182993e+01,2.182303e+01,2.182993e+01,2.191965e+01,2.196793e+01,2.195414e+01,2.196104e+01,2.192655e+01,2.191965e+01,2.180231e+01,2.187825e+01,2.185755e+01,2.180922e+01,2.196793e+01,2.183684e+01,2.181612e+01,2.171940e+01,2.177468e+01,2.174704e+01,2.170557e+01,2.158106e+01,2.162258e+01,2.153260e+01,2.159490e+01,2.144946e+01,2.154645e+01,2.159490e+01,2.160874e+01,2.150489e+01,2.153952e+01,2.159490e+01,2.167792e+01,2.187135e+01,2.176777e+01,2.167100e+01,2.167100e+01,2.154645e+01,2.165717e+01,2.163642e+01,2.164334e+01,2.169175e+01,2.178850e+01,2.167100e+01,2.182303e+01,2.181612e+01,2.158106e+01,2.168483e+01,2.192655e+01,2.181612e+01,2.185065e+01,2.182303e+01,2.191276e+01,2.188516e+01,2.194035e+01,2.191276e+01,2.182993e+01,2.178159e+01,2.179540e+01,2.192655e+01,2.186445e+01,2.187135e+01,2.221587e+01,2.269625e+01,2.391455e+01,2.446791e+01,2.485084e+01,2.501834e+01,2.460915e+01,2.372492e+01,2.266201e+01,2.223650e+01,2.196793e+01,2.194035e+01,2.198172e+01,2.193345e+01,2.191965e+01,2.171248e+01,2.178159e+01,2.180922e+01,2.176086e+01,2.180922e+01,2.159490e+01,2.153952e+01,2.156029e+01,2.151875e+01,2.155337e+01,2.164334e+01,2.155337e+01,2.161566e+01,2.194035e+01,2.270309e+01,2.335143e+01,2.391455e+01,2.422533e+01,2.459571e+01,2.447464e+01,2.460243e+01,2.427254e+01,2.417810e+01,2.404979e+01,2.385364e+01,2.362998e+01,2.352136e+01,2.311986e+01,2.316758e+01,2.308576e+01,2.277153e+01,2.267571e+01,2.258665e+01,2.237395e+01,2.222275e+01,2.225713e+01,2.210575e+01,2.194035e+01,2.187825e+01,2.191276e+01,2.185065e+01,2.180231e+01,2.181612e+01,2.175395e+01,2.178159e+01,2.158106e+01,2.138707e+01,2.135239e+01,2.144253e+01,2.144946e+01,2.147718e+01,2.152567e+01,2.153952e+01,2.158798e+01,2.146332e+01,2.156029e+01,2.160874e+01,2.157414e+01,2.145639e+01,2.150489e+01,2.148411e+01,2.144946e+01,2.156721e+01,2.150489e+01,2.144946e+01,2.133851e+01,2.142867e+01,2.137320e+01,2.131076e+01,2.140787e+01,2.154645e+01,2.160182e+01,2.150489e+01,2.160182e+01,2.158798e+01,2.159490e+01,2.164334e+01,2.146332e+01,2.155337e+01,2.160182e+01,2.151182e+01,2.153952e+01,2.157414e+01,2.161566e+01,2.158798e+01,2.150489e+01,2.160182e+01,2.159490e+01,2.158798e+01,2.169866e+01,2.153952e+01,2.161566e+01,2.151182e+01,2.153260e+01,2.151875e+01,2.158106e+01,2.154645e+01,2.152567e+01,2.165025e+01,2.158798e+01,2.155337e+01,2.159490e+01,2.161566e+01,2.156029e+01,2.155337e+01,2.159490e+01,2.153260e+01,2.156029e+01,2.158106e+01,2.162258e+01,2.153952e+01,2.153260e+01,2.157414e+01,2.147025e+01,2.145639e+01,2.144253e+01,2.139400e+01,2.143560e+01,2.142174e+01,2.142174e+01,2.149796e+01,2.145639e+01,2.145639e+01,2.129688e+01,2.132464e+01,2.134545e+01,2.133851e+01,2.123439e+01,2.116491e+01,2.119966e+01,2.125522e+01,2.114406e+01,2.113711e+01,2.127605e+01,2.115796e+01,2.104669e+01,2.105365e+01,2.108843e+01,2.117881e+01,2.162258e+01,2.179540e+01,2.178850e+01,2.181612e+01,2.170557e+01,2.182993e+01,2.187135e+01,2.195414e+01,2.191276e+01,2.182993e+01,2.187135e+01,2.194725e+01,2.183684e+01,2.182303e+01,2.183684e+01,2.191965e+01,2.187135e+01,2.189896e+01,2.196104e+01,2.196104e+01,2.191965e+01,2.192655e+01,2.177468e+01,2.196793e+01,2.194725e+01,2.198862e+01,2.176086e+01,2.200241e+01,2.174704e+01,2.174013e+01,2.172631e+01,2.181612e+01,2.182993e+01,2.185065e+01,2.174013e+01,2.178850e+01,2.176086e+01,2.189206e+01,2.187135e+01,2.165025e+01,2.173322e+01,2.176777e+01,2.176086e+01,2.175395e+01,2.160874e+01,2.163642e+01,2.165025e+01,2.160182e+01,2.174704e+01,2.154645e+01,2.167100e+01,2.156029e+01,2.167100e+01,2.157414e+01,2.166409e+01,2.157414e+01,2.158798e+01,2.165025e+01,2.164334e+01,2.167792e+01,2.165717e+01,2.156029e+01,2.156721e+01,2.153952e+01,2.153952e+01,2.162950e+01,2.146332e+01,2.159490e+01,2.156029e+01,2.152567e+01,2.141480e+01,2.171940e+01,2.167792e+01,2.149796e+01,2.155337e+01,2.157414e+01,2.158106e+01,2.158798e+01,2.173322e+01,2.151182e+01,2.149104e+01,2.169175e+01,2.171940e+01,2.162950e+01,2.148411e+01,2.156721e+01,2.149104e+01,2.156029e+01,2.151875e+01,2.151182e+01,2.150489e+01,2.160874e+01,2.161566e+01,2.161566e+01,2.155337e+01,2.157414e+01,2.158106e+01,2.167100e+01,2.161566e+01,2.164334e+01,2.162950e+01,2.144946e+01,2.168483e+01,2.156029e+01,2.176086e+01,2.162950e+01,2.170557e+01,2.167792e+01,2.165025e+01,2.166409e+01,2.187135e+01,2.174013e+01
2.172631e+01,2.171940e+01,2.172631e+01,2.182993e+01,2.166409e+01,2.164334e+01,2.180231e+01,2.178850e+01,2.185065e+01,2.156029e+01,2.178850e+01,2.180231e+01,2.176086e+01,2.167100e+01,2.178850e+01,2.184374e+01,2.170557e+01,2.174704e+01,2.177468e+01,2.174013e+01,2.165717e+01,2.170557e+01,2.163642e+01,2.160874e+01,2.161566e+01,2.157414e+01,2.160874e+01,2.160182e+01,2.160182e+01,2.150489e+01,2.156029e+01,2.156721e+01,2.159490e+01,2.157414e+01,2.160874e+01,2.151875e+01,2.156721e+01,2.151875e+01,2.154645e+01,2.153952e+01,2.147718e+01,2.154645e+01,2.158106e+01,2.165025e+01,2.162950e+01,2.173322e+01,2.151875e+01,2.157414e+01,2.154645e+01,2.159490e+01,2.158106e+01,2.162258e+01,2.160874e+01,2.160182e+01,2.156029e+01,2.155337e+01,2.182303e+01,2.169175e+01,2.162950e+01,2.169866e+01,2.163642e+01,2.170557e+01,2.168483e+01,2.161566e+01,2.161566e+01,2.170557e+01,2.170557e+01,2.172631e+01,2.171248e+01,2.165717e+01,2.160182e+01,2.148411e+01,2.171248e+01,2.163642e+01,2.163642e+01,2.162258e+01,2.155337e+01,2.162950e+01,2.151182e+01,2.161566e+01,2.150489e+01,2.156029e+01,2.161566e+01,2.156721e+01,2.158106e+01,2.156029e+01,2.156029e+01,2.155337e+01,2.158106e+01,2.160874e+01,2.157414e+01,2.162950e+01,2.143560e+01,2.153260e+01,2.131770e+01,2.148411e+01,2.142867e+01,2.151875e+01,2.141480e+01,2.165717e+01,2.164334e+01,2.153952e+01,2.138013e+01,2.158798e+01,2.151875e+01,2.150489e+01,2.153260e+01,2.147025e+01,2.159490e+01,2.147025e+01,2.156029e+01,2.174704e+01,2.160874e+01,2.157414e+01,2.162258e+01,2.173322e+01,2.171248e+01,2.169866e+01,2.148411e+01,2.175395e+01,2.178159e+01,2.181612e+01,2.175395e+01,2.185065e+01,2.185755e+01,2.170557e+01,2.173322e+01,2.169866e+01,2.189206e+01,2.176086e+01,2.179540e+01,2.182993e+01,2.180922e+01,2.194035e+01,2.186445e+01,2.187135e+01,2.189206e+01,2.187825e+01,2.200241e+01,2.198172e+01,2.196793e+01,2.198172e+01,2.200930e+01,2.210575e+01,2.207131e+01,2.202308e+01,2.216771e+01,2.211952e+01,2.209198e+01,2.217459e+01,2.229151e+01,2.236709e+01,2.238769e+01,2.233961e+01,2.252494e+01,2.242202e+01,2.251808e+01,2.275101e+01,2.266886e+01,2.264831e+01,2.278522e+01,2.270309e+01,2.261406e+01,2.257294e+01,2.240829e+01,2.222962e+01,2.201619e+01,2.205065e+01,2.183684e+01,2.163642e+01,2.160182e+01,2.160874e+01,2.163642e+01,2.160874e+01,2.149104e+01,2.147718e+01,2.124828e+01,2.134545e+01,2.126217e+01,2.120660e+01,2.119966e+01,2.130382e+01,2.116491e+01,2.147718e+01,2.156721e+01,2.153260e+01,2.158798e+01,2.156029e+01,2.160182e+01,2.150489e+01,2.160874e+01,2.176777e+01,2.167100e+01,2.168483e+01,2.178159e+01,2.184374e+01,2.180231e+01,2.177468e+01,2.174704e+01,2.164334e+01,2.172631e+01,2.178159e+01,2.171248e+01,2.167792e+01,2.161566e+01,2.178850e+01,2.166409e+01,2.160182e+01,2.176086e+01,2.169175e+01,2.171940e+01,2.167792e+01,2.167792e+01,2.174013e+01,2.180231e+01,2.180231e+01,2.178159e+01,2.176086e+01,2.180922e+01,2.157414e+01,2.156029e+01,2.159490e+01,2.162258e+01,2.156721e+01,2.155337e+01,2.145639e+01,2.147025e+01,2.133851e+01,2.144253e+01,2.147025e+01,2.152567e+01,2.182303e+01,2.162258e+01,2.128993e+01,2.125522e+01,2.133158e+01,2.138707e+01,2.165717e+01,2.189206e+01,2.190586e+01,2.189206e+01,2.184374e+01,2.188516e+01,2.190586e+01,2.129688e+01,2.128993e+01,2.127605e+01,2.119271e+01,2.158106e+01,2.158106e+01,2.158798e+01,2.180231e+01,2.164334e+01,2.162950e+01,2.159490e+01,2.149104e+01,2.120660e+01,2.113711e+01,2.119271e+01,2.122050e+01,2.124828e+01,2.135239e+01,2.159490e+01,2.173322e+01,2.153952e+01,2.144946e+01,2.124828e+01,2.099101e+01,2.109539e+01,2.113711e+01,2.111625e+01,2.104669e+01,2.112320e+01,2.107452e+01,2.114406e+01,2.126911e+01,2.115101e+01,2.123439e+01,2.140094e+01,2.139400e+01,2.138707e+01,2.138707e+01,2.143560e+01,2.147025e+01,2.135933e+01,2.139400e+01,2.126911e+01,2.132464e+01,2.152567e+01,2.144253e+01,2.147718e+01,2.146332e+01,2.139400e+01,2.142174e+01,2.135239e+01,2.146332e+01,2.142174e+01,2.146332e+01,2.142867e+01,2.130382e+01,2.131770e+01,2.129688e+01,2.130382e+01,2.146332e+01,2.160182e+01,2.166409e+01,2.191965e+01,2.183684e+01,2.182993e+01,2.182303e+01,2.182303e+01,2.185065e+01,2.191276e+01,2.187135e+01,2.192655e+01,2.194725e+01,2.189206e+01,2.193345e+01,2.197483e+01,2.189206e+01,2.191965e+01,2.185755e+01,2.187135e+01,2.185065e+01,2.187135e+01,2.167792e+01,2.185065e+01,2.187135e+01,2.175395e+01,2.169175e+01,2.173322e+01,2.173322e+01,2.160874e+01,2.171248e+01,2.163642e+01,2.164334e+01,2.166409e+01,2.150489e+01,2.153260e+01,2.157414e+01,2.160874e+01,2.147718e+01,2.152567e+01,2.170557e+01,2.157414e+01,2.165025e+01,2.160182e+01,2.152567e+01,2.158798e+01,2.153952e+01,2.165025e+01,2.165025e+01,2.166409e+01,2.171248e+01,2.167100e+01,2.178850e+01,2.176086e+01,2.168483e+01,2.177468e+01,2.178159e+01,2.186445e+01,2.179540e+01,2.194035e+01,2.179540e+01,2.195414e+01,2.197483e+01,2.196104e+01,2.194035e+01,2.193345e+01,2.184374e+01,2.193345e+01,2.196793e+01,2.194725e+01,2.185065e+01,2.196793e+01,2.283309e+01,2.392132e+01,2.452846e+01,2.499826e+01,2.547929e+01,2.573228e+01,2.548595e+01,2.509865e+01,2.381978e+01,2.283993e+01,2.229151e+01,2.217459e+01,2.200930e+01,2.209198e+01,2.189896e+01,2.178850e+01,2.182993e+01,2.161566e+01,2.177468e+01,2.184374e+01,2.174704e+01,2.183684e+01,2.184374e+01,2.258665e+01,2.293560e+01,2.331740e+01,2.382655e+01,2.458226e+01,2.468306e+01,2.488436e+01,2.489106e+01,2.491117e+01,2.483742e+01,2.477705e+01,2.473006e+01,2.463603e+01,2.459571e+01,2.427929e+01,2.404303e+01,2.404303e+01,2.358247e+01,2.356211e+01,2.322209e+01,2.319484e+01,2.287410e+01,2.290827e+01,2.248379e+01,2.241516e+01,2.239456e+01,2.205754e+01,2.223650e+01,2.199551e+01,2.198862e+01,2.177468e+01,2.187135e+01,2.183684e+01,2.173322e+01,2.149104e+01,2.158798e+01,2.160182e+01,2.139400e+01,2.137320e+01,2.145639e+01,2.138013e+01,2.150489e+01,2.140094e+01,2.148411e+01,2.142867e+01,2.159490e+01,2.156029e+01,2.148411e+01,2.150489e+01,2.149796e+01,2.145639e+01,2.138707e+01,2.144946e+01,2.145639e+01,2.139400e+01,2.151182e+01,2.137320e+01,2.137320e+01,2.133158e+01,2.131770e+01,2.130382e+01,2.160874e+01,2.156029e+01,2.147025e+01,2.149796e+01,2.158106e+01,2.151875e+01,2.154645e+01,2.160182e+01,2.144253e+01,2.143560e+01,2.151182e+01,2.141480e+01,2.153260e+01,2.158798e+01,2.160182e+01,2.159490e+01,2.156721e+01,2.161566e+01,2.162258e+01,2.160874e+01,2.158106e+01,2.150489e+01,2.150489e+01,2.160874e+01,2.158106e+01,2.159490e+01,2.162258e+01,2.170557e+01,2.156721e+01,2.164334e+01,2.158798e+01,2.160182e+01,2.157414e+01,2.158106e+01,2.158798e+01,2.160874e+01,2.149796e+01,2.151875e+01,2.151875e+01,2.158106e+01,2.156721e+01,2.154645e+01,2.147718e+01,2.147025e+01,2.142867e+01,2.138013e+01,2.143560e+01,2.142174e+01,2.150489e+01,2.135933e+01,2.142867e+01,2.129688e+01,2.134545e+01,2.131770e+01,2.131076e+01,2.129688e+01,2.123439e+01,2.124133e+01,2.113711e+01,2.120660e+01,2.115796e+01,2.113711e+01,2.110929e+01,2.117186e+01,2.106061e+01,2.102581e+01,2.100493e+01,2.117186e+01,2.106756e+01,2.117186e+01,2.164334e+01,2.174704e+01,2.177468e+01,2.167100e+01,2.186445e+01,2.184374e+01,2.178159e+01,2.184374e+01,2.198862e+01,2.189206e+01,2.182303e+01,2.194725e+01,2.184374e+01,2.181612e+01,2.185065e+01,2.179540e+01,2.192655e+01,2.183684e+01,2.181612e+01,2.186445e+01,2.203687e+01,2.176777e+01,2.178850e+01,2.180231e+01,2.182303e+01,2.180231e+01,2.196793e+01,2.175395e+01,2.202997e+01,2.189896e+01,2.181612e+01,2.171940e+01,2.180922e+01,2.177468e+01,2.175395e+01,2.174013e+01,2.184374e+01,2.182993e+01,2.176086e+01,2.173322e+01,2.176777e+01,2.176086e+01,2.174013e+01,2.169866e+01,2.176777e+01,2.171940e+01,2.166409e+01,2.162258e+01,2.154645e+01,2.159490e+01,2.171248e+01,2.158106e+01,2.169175e+01,2.162950e+01,2.178159e+01,2.165717e+01,2.154645e+01,2.176777e+01,2.167100e+01,2.165717e+01,2.170557e+01,2.158798e+01,2.165717e+01,2.153952e+01,2.166409e+01,2.153260e+01,2.147025e+01,2.159490e+01,2.155337e+01,2.146332e+01,2.149104e+01,2.144946e+01,2.147025e+01,2.158798e+01,2.155337e+01,2.162950e+01,2.153260e+01,2.158106e+01,2.164334e+01,2.162950e+01,2.169866e+01,2.142867e+01,2.163642e+01,2.149104e+01,2.153952e+01,2.156721e+01,2.144946e+01,2.156721e+01,2.153952e+01,2.145639e+01,2.161566e+01,2.150489e+01,2.154645e+01,2.156029e+01,2.151875e+01,2.147025e+01,2.151875e+01,2.149796e+01,2.163642e+01,2.156029e+01,2.156029e+01,2.156029e+01,2.160182e+01,2.160874e+01,2.149104e+01,2.174013e+01,2.166409e+01,2.165025e+01,2.169866e+01,2.162950e+01,2.167100e+01
2.182303e+01,2.183684e+01,2.173322e+01,2.175395e+01,2.176086e+01,2.177468e+01,2.177468e+01,2.171248e+01,2.184374e+01,2.171248e+01,2.169866e+01,2.176086e+01,2.177468e+01,2.158798e+01,2.177468e+01,2.178159e+01,2.174013e+01,2.165717e+01,2.162950e+01,2.173322e+01,2.154645e+01,2.173322e+01,2.160874e+01,2.158798e+01,2.156721e+01,2.158106e+01,2.155337e+01,2.155337e+01,2.130382e+01,2.156721e+01,2.154645e+01,2.149796e+01,2.147025e+01,2.161566e+01,2.160182e+01,2.150489e+01,2.173322e+01,2.151182e+01,2.153952e+01,2.151875e+01,2.146332e+01,2.156029e+01,2.158106e+01,2.169175e+01,2.160182e+01,2.136626e+01,2.156721e+01,2.142867e+01,2.160182e+01,2.158798e+01,2.165717e+01,2.160182e+01,2.162950e+01,2.162258e+01,2.153952e+01,2.163642e+01,2.162950e+01,2.169175e+01,2.160182e+01,2.170557e+01,2.171940e+01,2.169866e+01,2.178159e+01,2.166409e+01,2.169866e+01,2.194725e+01,2.167792e+01,2.167100e+01,2.166409e+01,2.163642e+01,2.175395e+01,2.156721e+01,2.163642e+01,2.162258e+01,2.158106e+01,2.158798e+01,2.159490e+01,2.157414e+01,2.153260e+01,2.162258e+01,2.159490e+01,2.159490e+01,2.155337e+01,2.147025e+01,2.160182e+01,2.154645e+01,2.139400e+01,2.163642e+01,2.157414e+01,2.149796e+01,2.126217e+01,2.156721e+01,2.144946e+01,2.146332e+01,2.145639e+01,2.148411e+01,2.126217e+01,2.149104e+01,2.141480e+01,2.160182e+01,2.150489e+01,2.143560e+01,2.137320e+01,2.158798e+01,2.162950e+01,2.158106e+01,2.161566e+01,2.147025e+01,2.146332e+01,2.151875e+01,2.156029e+01,2.156029e+01,2.175395e+01,2.159490e+01,2.155337e+01,2.155337e+01,2.167792e+01,2.173322e+01,2.177468e+01,2.170557e+01,2.174704e+01,2.184374e+01,2.175395e+01,2.182303e+01,2.178850e+01,2.182993e+01,2.184374e+01,2.180922e+01,2.171940e+01,2.190586e+01,2.199551e+01,2.178850e+01,2.180922e+01,2.180922e+01,2.184374e+01,2.187825e+01,2.203687e+01,2.189896e+01,2.191276e+01,2.195414e+01,2.200241e+01,2.200241e+01,2.199551e+01,2.205065e+01,2.203687e+01,2.200930e+01,2.208509e+01,2.216771e+01,2.226401e+01,2.216082e+01,2.231900e+01,2.234648e+01,2.238769e+01,2.254551e+01,2.248379e+01,2.275101e+01,2.275101e+01,2.277153e+01,2.289461e+01,2.292194e+01,2.274416e+01,2.281257e+01,2.268940e+01,2.282625e+01,2.248379e+01,2.243575e+01,2.202997e+01,2.186445e+01,2.180922e+01,2.185755e+01,2.154645e+01,2.162258e+01,2.151875e+01,2.149796e+01,2.158798e+01,2.150489e+01,2.143560e+01,2.115101e+01,2.124828e+01,2.128299e+01,2.124828e+01,2.119966e+01,2.131770e+01,2.128993e+01,2.142867e+01,2.133851e+01,2.144253e+01,2.157414e+01,2.153952e+01,2.148411e+01,2.152567e+01,2.158798e+01,2.162258e+01,2.169175e+01,2.158106e+01,2.172631e+01,2.167792e+01,2.180231e+01,2.175395e+01,2.171248e+01,2.163642e+01,2.178159e+01,2.177468e+01,2.179540e+01,2.175395e+01,2.171248e+01,2.184374e+01,2.167100e+01,2.170557e+01,2.173322e+01,2.187825e+01,2.164334e+01,2.171248e+01,2.175395e+01,2.179540e+01,2.177468e+01,2.167100e+01,2.168483e+01,2.179540e+01,2.156721e+01,2.156029e+01,2.158798e+01,2.160874e+01,2.164334e+01,2.136626e+01,2.156029e+01,2.165717e+01,2.142867e+01,2.147718e+01,2.138707e+01,2.141480e+01,2.179540e+01,2.142174e+01,2.144253e+01,2.131076e+01,2.137320e+01,2.144946e+01,2.165025e+01,2.177468e+01,2.187135e+01,2.182303e+01,2.186445e+01,2.183684e+01,2.189206e+01,2.160182e+01,2.126911e+01,2.108843e+01,2.122744e+01,2.113015e+01,2.123439e+01,2.124133e+01,2.161566e+01,2.161566e+01,2.156721e+01,2.145639e+01,2.180922e+01,2.113711e+01,2.120660e+01,2.125522e+01,2.112320e+01,2.160182e+01,2.149796e+01,2.176777e+01,2.153260e+01,2.144946e+01,2.149104e+01,2.159490e+01,2.124828e+01,2.134545e+01,2.114406e+01,2.111625e+01,2.108843e+01,2.108148e+01,2.132464e+01,2.133851e+01,2.137320e+01,2.136626e+01,2.139400e+01,2.138707e+01,2.141480e+01,2.138707e+01,2.143560e+01,2.152567e+01,2.147718e+01,2.156029e+01,2.156721e+01,2.151182e+01,2.147025e+01,2.140787e+01,2.162950e+01,2.149796e+01,2.144946e+01,2.142174e+01,2.158798e+01,2.141480e+01,2.144946e+01,2.147718e+01,2.142174e+01,2.142174e+01,2.139400e+01,2.150489e+01,2.135933e+01,2.146332e+01,2.131076e+01,2.131770e+01,2.145639e+01,2.192655e+01,2.182993e+01,2.188516e+01,2.185755e+01,2.184374e+01,2.180231e+01,2.191965e+01,2.190586e+01,2.195414e+01,2.185755e+01,2.192655e+01,2.194725e+01,2.189206e+01,2.200241e+01,2.192655e+01,2.185755e+01,2.185065e+01,2.186445e+01,2.182303e+01,2.185755e+01,2.182303e+01,2.174013e+01,2.176777e+01,2.171248e+01,2.178159e+01,2.191276e+01,2.176086e+01,2.169866e+01,2.168483e+01,2.160182e+01,2.166409e+01,2.148411e+01,2.155337e+01,2.146332e+01,2.160874e+01,2.155337e+01,2.161566e+01,2.158798e+01,2.162950e+01,2.155337e+01,2.159490e+01,2.158106e+01,2.157414e+01,2.164334e+01,2.164334e+01,2.169866e+01,2.154645e+01,2.168483e+01,2.173322e+01,2.176086e+01,2.169866e+01,2.173322e+01,2.180231e+01,2.181612e+01,2.181612e+01,2.180231e+01,2.185065e+01,2.190586e+01,2.188516e+01,2.178850e+01,2.194725e+01,2.193345e+01,2.178159e+01,2.191965e+01,2.195414e+01,2.169866e+01,2.197483e+01,2.198862e+01,2.214017e+01,2.267571e+01,2.392132e+01,2.454864e+01,2.539927e+01,2.546596e+01,2.583862e+01,2.588511e+01,2.601783e+01,2.593158e+01,2.552594e+01,2.470321e+01,2.361641e+01,2.299023e+01,2.243575e+01,2.239456e+01,2.236709e+01,2.260720e+01,2.260035e+01,2.260720e+01,2.310622e+01,2.352816e+01,2.374526e+01,2.459571e+01,2.505182e+01,2.533921e+01,2.535256e+01,2.534589e+01,2.538593e+01,2.537925e+01,2.533254e+01,2.525909e+01,2.525909e+01,2.514547e+01,2.505851e+01,2.479718e+01,2.479718e+01,2.458898e+01,2.451501e+01,2.413085e+01,2.405655e+01,2.395514e+01,2.362998e+01,2.346701e+01,2.315395e+01,2.316758e+01,2.282625e+01,2.270994e+01,2.260720e+01,2.245634e+01,2.240142e+01,2.222962e+01,2.209886e+01,2.196104e+01,2.189896e+01,2.177468e+01,2.182993e+01,2.181612e+01,2.176777e+01,2.163642e+01,2.162950e+01,2.143560e+01,2.144253e+01,2.160182e+01,2.130382e+01,2.139400e+01,2.140094e+01,2.144253e+01,2.154645e+01,2.147718e+01,2.154645e+01,2.148411e+01,2.137320e+01,2.142867e+01,2.142174e+01,2.146332e+01,2.144946e+01,2.144946e+01,2.144946e+01,2.142174e+01,2.145639e+01,2.132464e+01,2.135933e+01,2.140094e+01,2.135933e+01,2.146332e+01,2.147718e+01,2.153952e+01,2.160874e+01,2.158106e+01,2.151182e+01,2.155337e+01,2.149796e+01,2.142174e+01,2.151875e+01,2.164334e+01,2.163642e+01,2.144253e+01,2.162950e+01,2.153952e+01,2.161566e+01,2.156029e+01,2.159490e+01,2.160874e+01,2.164334e+01,2.162258e+01,2.159490e+01,2.149796e+01,2.151875e+01,2.156029e+01,2.153260e+01,2.148411e+01,2.152567e+01,2.160182e+01,2.164334e+01,2.150489e+01,2.160182e+01,2.157414e+01,2.155337e+01,2.154645e+01,2.153952e+01,2.154645e+01,2.145639e+01,2.153260e+01,2.145639e+01,2.153260e+01,2.160182e+01,2.147025e+01,2.144253e+01,2.135933e+01,2.136626e+01,2.149104e+01,2.146332e+01,2.145639e+01,2.127605e+01,2.128299e+01,2.131076e+01,2.138013e+01,2.136626e+01,2.130382e+01,2.136626e+01,2.124828e+01,2.122050e+01,2.122050e+01,2.128993e+01,2.124828e+01,2.129688e+01,2.121355e+01,2.126217e+01,2.127605e+01,2.103277e+01,2.118576e+01,2.115796e+01,2.108843e+01,2.111625e+01,2.110234e+01,2.144253e+01,2.162950e+01,2.174013e+01,2.173322e+01,2.191965e+01,2.180922e+01,2.183684e+01,2.195414e+01,2.198172e+01,2.186445e+01,2.190586e+01,2.182993e+01,2.190586e+01,2.191965e+01,2.188516e+01,2.190586e+01,2.185755e+01,2.185065e+01,2.196793e+01,2.194035e+01,2.182993e+01,2.175395e+01,2.172631e+01,2.181612e+01,2.191276e+01,2.200930e+01,2.180231e+01,2.184374e+01,2.182993e+01,2.172631e+01,2.181612e+01,2.188516e+01,2.185065e+01,2.179540e+01,2.173322e+01,2.187825e+01,2.169866e+01,2.179540e+01,2.171940e+01,2.182303e+01,2.172631e+01,2.192655e+01,2.178159e+01,2.170557e+01,2.162258e+01,2.160874e+01,2.160874e+01,2.158106e+01,2.157414e+01,2.164334e+01,2.176086e+01,2.158798e+01,2.155337e+01,2.160874e+01,2.163642e+01,2.157414e+01,2.168483e+01,2.171248e+01,2.166409e+01,2.162258e+01,2.169866e+01,2.155337e+01,2.160182e+01,2.162950e+01,2.162950e+01,2.160182e+01,2.167792e+01,2.162258e+01,2.166409e+01,2.169866e+01,2.168483e+01,2.157414e+01,2.157414e+01,2.152567e+01,2.158798e+01,2.151875e+01,2.158106e+01,2.157414e+01,2.158106e+01,2.165025e+01,2.160874e+01,2.142174e+01,2.144253e+01,2.156029e+01,2.155337e+01,2.151875e+01,2.122050e+01,2.145639e+01,2.160182e+01,2.151875e+01,2.149104e+01,2.145639e+01,2.147718e+01,2.146332e+01,2.146332e+01,2.162258e+01,2.158798e+01,2.168483e+01,2.153952e+01,2.187135e+01,2.165025e+01,2.155337e+01,2.156721e+01,2.156029e+01,2.159490e+01,2.171248e+01,2.162258e+01,2.167100e+01,2.164334e+01,2.167792e+01
2.174013e+01,2.185065e+01,2.174704e+01,2.180231e+01,2.182993e+01,2.173322e+01,2.174704e+01,2.169866e+01,2.171940e+01,2.174013e+01,2.174704e+01,2.167792e+01,2.176086e+01,2.170557e+01,2.176086e+01,2.180922e+01,2.163642e+01,2.155337e+01,2.172631e+01,2.162950e+01,2.177468e+01,2.159490e+01,2.169175e+01,2.160874e+01,2.158106e+01,2.163642e+01,2.152567e+01,2.155337e+01,2.147025e+01,2.164334e+01,2.169866e+01,2.152567e+01,2.149796e+01,2.153952e+01,2.150489e+01,2.155337e+01,2.151875e+01,2.155337e+01,2.158798e+01,2.151875e+01,2.161566e+01,2.160182e+01,2.153260e+01,2.155337e+01,2.154645e+01,2.152567e+01,2.155337e+01,2.158106e+01,2.159490e+01,2.172631e+01,2.158798e+01,2.160182e+01,2.167792e+01,2.166409e+01,2.162258e+01,2.165717e+01,2.159490e+01,2.161566e+01,2.159490e+01,2.168483e+01,2.160182e+01,2.171248e+01,2.173322e+01,2.167792e+01,2.169866e+01,2.157414e+01,2.169866e+01,2.167100e+01,2.153260e+01,2.165025e+01,2.167100e+01,2.162258e+01,2.163642e+01,2.160182e+01,2.158106e+01,2.157414e+01,2.151182e+01,2.160182e+01,2.153260e+01,2.162950e+01,2.156029e+01,2.157414e+01,2.147025e+01,2.153260e+01,2.156029e+01,2.142174e+01,2.161566e+01,2.159490e+01,2.151875e+01,2.153952e+01,2.154645e+01,2.159490e+01,2.146332e+01,2.169866e+01,2.144946e+01,2.144253e+01,2.149104e+01,2.142867e+01,2.145639e+01,2.170557e+01,2.161566e+01,2.161566e+01,2.149796e+01,2.157414e+01,2.159490e+01,2.153952e+01,2.155337e+01,2.166409e+01,2.158106e+01,2.153260e+01,2.153952e+01,2.167792e+01,2.155337e+01,2.160874e+01,2.171940e+01,2.168483e+01,2.167100e+01,2.174013e+01,2.163642e+01,2.167792e+01,2.176086e+01,2.185065e+01,2.181612e+01,2.183684e+01,2.180231e+01,2.173322e+01,2.179540e+01,2.181612e+01,2.187825e+01,2.178159e+01,2.176777e+01,2.181612e+01,2.180231e+01,2.181612e+01,2.185065e+01,2.185755e+01,2.202308e+01,2.185755e+01,2.197483e+01,2.199551e+01,2.198172e+01,2.197483e+01,2.197483e+01,2.204376e+01,2.200241e+01,2.214706e+01,2.202308e+01,2.229151e+01,2.227088e+01,2.238769e+01,2.229838e+01,2.248379e+01,2.259350e+01,2.272363e+01,2.254551e+01,2.273732e+01,2.290827e+01,2.279206e+01,2.286727e+01,2.292877e+01,2.293560e+01,2.289461e+01,2.291510e+01,2.286043e+01,2.267571e+01,2.233961e+01,2.228463e+01,2.220211e+01,2.155337e+01,2.171940e+01,2.171940e+01,2.153952e+01,2.158106e+01,2.149796e+01,2.162950e+01,2.153260e+01,2.151182e+01,2.150489e+01,2.135933e+01,2.119271e+01,2.127605e+01,2.119966e+01,2.126217e+01,2.142867e+01,2.145639e+01,2.135933e+01,2.149796e+01,2.151182e+01,2.152567e+01,2.156029e+01,2.160182e+01,2.160182e+01,2.158798e+01,2.158106e+01,2.158798e+01,2.160182e+01,2.171940e+01,2.177468e+01,2.175395e+01,2.182993e+01,2.175395e+01,2.175395e+01,2.180231e+01,2.180231e+01,2.171940e+01,2.174704e+01,2.181612e+01,2.166409e+01,2.172631e+01,2.185755e+01,2.180922e+01,2.191276e+01,2.180231e+01,2.174704e+01,2.178159e+01,2.179540e+01,2.160182e+01,2.162258e+01,2.174704e+01,2.160182e+01,2.169175e+01,2.157414e+01,2.160874e+01,2.163642e+01,2.140787e+01,2.154645e+01,2.144253e+01,2.152567e+01,2.151875e+01,2.149796e+01,2.148411e+01,2.161566e+01,2.141480e+01,2.163642e+01,2.135239e+01,2.137320e+01,2.146332e+01,2.169175e+01,2.186445e+01,2.177468e+01,2.191965e+01,2.200930e+01,2.187135e+01,2.185755e+01,2.189896e+01,2.143560e+01,2.123439e+01,2.125522e+01,2.122744e+01,2.123439e+01,2.123439e+01,2.131076e+01,2.126911e+01,2.154645e+01,2.180922e+01,2.159490e+01,2.140787e+01,2.119271e+01,2.119271e+01,2.119966e+01,2.171248e+01,2.182303e+01,2.178850e+01,2.169175e+01,2.144946e+01,2.143560e+01,2.162258e+01,2.143560e+01,2.114406e+01,2.122050e+01,2.124133e+01,2.129688e+01,2.115796e+01,2.132464e+01,2.126911e+01,2.141480e+01,2.132464e+01,2.135239e+01,2.144253e+01,2.140787e+01,2.142867e+01,2.149104e+01,2.141480e+01,2.149104e+01,2.151875e+01,2.131770e+01,2.163642e+01,2.159490e+01,2.152567e+01,2.144253e+01,2.158106e+01,2.149104e+01,2.147718e+01,2.156029e+01,2.151182e+01,2.159490e+01,2.150489e+01,2.147025e+01,2.144253e+01,2.151182e+01,2.146332e+01,2.143560e+01,2.147025e+01,2.140787e+01,2.153260e+01,2.155337e+01,2.177468e+01,2.184374e+01,2.172631e+01,2.195414e+01,2.181612e+01,2.198172e+01,2.185065e+01,2.182993e+01,2.194035e+01,2.197483e+01,2.196104e+01,2.187135e+01,2.194725e+01,2.196793e+01,2.194725e+01,2.188516e+01,2.187135e+01,2.188516e+01,2.185755e+01,2.176777e+01,2.171940e+01,2.180231e+01,2.180231e+01,2.182303e+01,2.163642e+01,2.182993e+01,2.176086e+01,2.164334e+01,2.167100e+01,2.162950e+01,2.163642e+01,2.162258e+01,2.151182e+01,2.144946e+01,2.145639e+01,2.162258e+01,2.151182e+01,2.153260e+01,2.161566e+01,2.160182e+01,2.160182e+01,2.158106e+01,2.165717e+01,2.168483e+01,2.169866e+01,2.171940e+01,2.164334e+01,2.173322e+01,2.171940e+01,2.180231e+01,2.178159e+01,2.171248e+01,2.177468e+01,2.179540e+01,2.178159e+01,2.185065e+01,2.187825e+01,2.196104e+01,2.189206e+01,2.194035e+01,2.178159e+01,2.194725e+01,2.189896e+01,2.177468e+01,2.200241e+01,2.197483e+01,2.198172e+01,2.211263e+01,2.222275e+01,2.248379e+01,2.370458e+01,2.446791e+01,2.492457e+01,2.541928e+01,2.585191e+01,2.606424e+01,2.634229e+01,2.632245e+01,2.622983e+01,2.625631e+01,2.613051e+01,2.581205e+01,2.549262e+01,2.527913e+01,2.523905e+01,2.546596e+01,2.555258e+01,2.547929e+01,2.545262e+01,2.593158e+01,2.568572e+01,2.589839e+01,2.583198e+01,2.586519e+01,2.570568e+01,2.581869e+01,2.583862e+01,2.578546e+01,2.559254e+01,2.551927e+01,2.539260e+01,2.528580e+01,2.533921e+01,2.508527e+01,2.502504e+01,2.483072e+01,2.469649e+01,2.456881e+01,2.418485e+01,2.405655e+01,2.375203e+01,2.362998e+01,2.325614e+01,2.328337e+01,2.308576e+01,2.279889e+01,2.277153e+01,2.255923e+01,2.233961e+01,2.226401e+01,2.215394e+01,2.209886e+01,2.181612e+01,2.183684e+01,2.183684e+01,2.189896e+01,2.176777e+01,2.175395e+01,2.173322e+01,2.150489e+01,2.142867e+01,2.133851e+01,2.144253e+01,2.148411e+01,2.144946e+01,2.146332e+01,2.147025e+01,2.146332e+01,2.144946e+01,2.151875e+01,2.142867e+01,2.140787e+01,2.146332e+01,2.137320e+01,2.144253e+01,2.138013e+01,2.138013e+01,2.133158e+01,2.132464e+01,2.131770e+01,2.135933e+01,2.131076e+01,2.131076e+01,2.140787e+01,2.131770e+01,2.142867e+01,2.156721e+01,2.154645e+01,2.151182e+01,2.165717e+01,2.153952e+01,2.149104e+01,2.144253e+01,2.141480e+01,2.149796e+01,2.135239e+01,2.151182e+01,2.165025e+01,2.158106e+01,2.156721e+01,2.154645e+01,2.160874e+01,2.158798e+01,2.162950e+01,2.161566e+01,2.154645e+01,2.152567e+01,2.152567e+01,2.151875e+01,2.158106e+01,2.152567e+01,2.159490e+01,2.160182e+01,2.162950e+01,2.155337e+01,2.149796e+01,2.167792e+01,2.145639e+01,2.143560e+01,2.158106e+01,2.142174e+01,2.141480e+01,2.156721e+01,2.144946e+01,2.160182e+01,2.153260e+01,2.146332e+01,2.147025e+01,2.150489e+01,2.155337e+01,2.148411e+01,2.149104e+01,2.132464e+01,2.151182e+01,2.128299e+01,2.130382e+01,2.129688e+01,2.133158e+01,2.132464e+01,2.136626e+01,2.136626e+01,2.132464e+01,2.124828e+01,2.133851e+01,2.119966e+01,2.112320e+01,2.120660e+01,2.115101e+01,2.107452e+01,2.117186e+01,2.119966e+01,2.110929e+01,2.099797e+01,2.110929e+01,2.118576e+01,2.164334e+01,2.167100e+01,2.180231e+01,2.193345e+01,2.176086e+01,2.196104e+01,2.185065e+01,2.189896e+01,2.184374e+01,2.191965e+01,2.194725e+01,2.191965e+01,2.189896e+01,2.187135e+01,2.187135e+01,2.197483e+01,2.184374e+01,2.202308e+01,2.177468e+01,2.180231e+01,2.182993e+01,2.198862e+01,2.195414e+01,2.187825e+01,2.185065e+01,2.176777e+01,2.185755e+01,2.194035e+01,2.188516e+01,2.188516e+01,2.175395e+01,2.182303e+01,2.186445e+01,2.186445e+01,2.177468e+01,2.173322e+01,2.170557e+01,2.171940e+01,2.179540e+01,2.169175e+01,2.172631e+01,2.173322e+01,2.178159e+01,2.167100e+01,2.179540e+01,2.172631e+01,2.165717e+01,2.172631e+01,2.166409e+01,2.178850e+01,2.171940e+01,2.160874e+01,2.176777e+01,2.166409e+01,2.169175e+01,2.165717e+01,2.171248e+01,2.171940e+01,2.172631e+01,2.171940e+01,2.158798e+01,2.162258e+01,2.153952e+01,2.164334e+01,2.160182e+01,2.156721e+01,2.167100e+01,2.155337e+01,2.166409e+01,2.168483e+01,2.172631e+01,2.183684e+01,2.156029e+01,2.176777e+01,2.157414e+01,2.149796e+01,2.157414e+01,2.164334e+01,2.162258e+01,2.146332e+01,2.149796e+01,2.155337e+01,2.158106e+01,2.151875e+01,2.153260e+01,2.151875e+01,2.142867e+01,2.140787e+01,2.144253e+01,2.171248e+01,2.159490e+01,2.151182e+01,2.174013e+01,2.152567e+01,2.160874e+01,2.177468e+01,2.176086e+01,2.178159e+01,2.155337e+01,2.176086e+01,2.169866e+01,2.164334e+01,2.168483e+01,2.171940e+01,2.174013e+01,2.162950e+01,2.176777e+01,2.153952e+01,2.155337e+01
2.171248e+01,2.179540e+01,2.178850e+01,2.180922e+01,2.182303e+01,2.176777e+01,2.180231e+01,2.174704e+01,2.171940e+01,2.165717e+01,2.175395e+01,2.175395e+01,2.178850e+01,2.167100e+01,2.174704e+01,2.155337e+01,2.173322e+01,2.162950e+01,2.173322e+01,2.165717e+01,2.162258e+01,2.163642e+01,2.157414e+01,2.168483e+01,2.160874e+01,2.166409e+01,2.158798e+01,2.146332e+01,2.165717e+01,2.153952e+01,2.158106e+01,2.171940e+01,2.157414e+01,2.149104e+01,2.157414e+01,2.154645e+01,2.167100e+01,2.151875e+01,2.155337e+01,2.151875e+01,2.162258e+01,2.153952e+01,2.151875e+01,2.161566e+01,2.162258e+01,2.148411e+01,2.159490e+01,2.160182e+01,2.156721e+01,2.158106e+01,2.168483e+01,2.153260e+01,2.161566e+01,2.160182e+01,2.158798e+01,2.163642e+01,2.161566e+01,2.167792e+01,2.169175e+01,2.163642e+01,2.159490e+01,2.169175e+01,2.168483e+01,2.170557e+01,2.167792e+01,2.162950e+01,2.162258e+01,2.165717e+01,2.158798e+01,2.165717e+01,2.162950e+01,2.163642e+01,2.163642e+01,2.158106e+01,2.151182e+01,2.149104e+01,2.151875e+01,2.142867e+01,2.152567e+01,2.161566e+01,2.150489e+01,2.151875e+01,2.162950e+01,2.144946e+01,2.141480e+01,2.159490e+01,2.150489e+01,2.142867e+01,2.153260e+01,2.147025e+01,2.169866e+01,2.160874e+01,2.147025e+01,2.147025e+01,2.152567e+01,2.144946e+01,2.147718e+01,2.163642e+01,2.144946e+01,2.156029e+01,2.149104e+01,2.162950e+01,2.151875e+01,2.153260e+01,2.151875e+01,2.161566e+01,2.141480e+01,2.152567e+01,2.156721e+01,2.160182e+01,2.176777e+01,2.158798e+01,2.160874e+01,2.162258e+01,2.164334e+01,2.166409e+01,2.176086e+01,2.164334e+01,2.171248e+01,2.180922e+01,2.175395e+01,2.176086e+01,2.174704e+01,2.174704e+01,2.185755e+01,2.182993e+01,2.182303e+01,2.178850e+01,2.185755e+01,2.179540e+01,2.191276e+01,2.180231e+01,2.180922e+01,2.195414e+01,2.178850e+01,2.191276e+01,2.192655e+01,2.200241e+01,2.197483e+01,2.198172e+01,2.194035e+01,2.198172e+01,2.212641e+01,2.207131e+01,2.210575e+01,2.227776e+01,2.225026e+01,2.223650e+01,2.225713e+01,2.239456e+01,2.240142e+01,2.242202e+01,2.247006e+01,2.269625e+01,2.283993e+01,2.304483e+01,2.301753e+01,2.286727e+01,2.309258e+01,2.311304e+01,2.315395e+01,2.300388e+01,2.309940e+01,2.283993e+01,2.272363e+01,2.244948e+01,2.229838e+01,2.211952e+01,2.198862e+01,2.178850e+01,2.165025e+01,2.152567e+01,2.149104e+01,2.149796e+01,2.149796e+01,2.165025e+01,2.146332e+01,2.151182e+01,2.133851e+01,2.123439e+01,2.127605e+01,2.116491e+01,2.131076e+01,2.126217e+01,2.127605e+01,2.138013e+01,2.136626e+01,2.148411e+01,2.154645e+01,2.151182e+01,2.146332e+01,2.154645e+01,2.161566e+01,2.155337e+01,2.171940e+01,2.160182e+01,2.164334e+01,2.176777e+01,2.174013e+01,2.187825e+01,2.168483e+01,2.180231e+01,2.175395e+01,2.174704e+01,2.176777e+01,2.176086e+01,2.174704e+01,2.168483e+01,2.175395e+01,2.174013e+01,2.173322e+01,2.186445e+01,2.167100e+01,2.178159e+01,2.164334e+01,2.180922e+01,2.156029e+01,2.156721e+01,2.167100e+01,2.169175e+01,2.161566e+01,2.166409e+01,2.161566e+01,2.160182e+01,2.151182e+01,2.156721e+01,2.148411e+01,2.147718e+01,2.148411e+01,2.163642e+01,2.143560e+01,2.142867e+01,2.144253e+01,2.143560e+01,2.135239e+01,2.139400e+01,2.140094e+01,2.167100e+01,2.188516e+01,2.187825e+01,2.194725e+01,2.200930e+01,2.191276e+01,2.187135e+01,2.199551e+01,2.159490e+01,2.126217e+01,2.125522e+01,2.117881e+01,2.123439e+01,2.131076e+01,2.124133e+01,2.122744e+01,2.123439e+01,2.157414e+01,2.163642e+01,2.160182e+01,2.141480e+01,2.120660e+01,2.122050e+01,2.127605e+01,2.162950e+01,2.164334e+01,2.180231e+01,2.161566e+01,2.149104e+01,2.144946e+01,2.119966e+01,2.117881e+01,2.118576e+01,2.131770e+01,2.122050e+01,2.131770e+01,2.133158e+01,2.140094e+01,2.134545e+01,2.135933e+01,2.140094e+01,2.147718e+01,2.140094e+01,2.159490e+01,2.145639e+01,2.153260e+01,2.153952e+01,2.153952e+01,2.156029e+01,2.149796e+01,2.149104e+01,2.160874e+01,2.163642e+01,2.151875e+01,2.162258e+01,2.160182e+01,2.150489e+01,2.158106e+01,2.153260e+01,2.154645e+01,2.158798e+01,2.152567e+01,2.153952e+01,2.149796e+01,2.157414e+01,2.157414e+01,2.138707e+01,2.146332e+01,2.148411e+01,2.157414e+01,2.162258e+01,2.177468e+01,2.182993e+01,2.196793e+01,2.198172e+01,2.205065e+01,2.184374e+01,2.198172e+01,2.191965e+01,2.191965e+01,2.207131e+01,2.193345e+01,2.196793e+01,2.191276e+01,2.191965e+01,2.188516e+01,2.189896e+01,2.179540e+01,2.185755e+01,2.180231e+01,2.184374e+01,2.177468e+01,2.177468e+01,2.200241e+01,2.182993e+01,2.180231e+01,2.163642e+01,2.178850e+01,2.162950e+01,2.155337e+01,2.164334e+01,2.156721e+01,2.151182e+01,2.156029e+01,2.155337e+01,2.144946e+01,2.160874e+01,2.159490e+01,2.161566e+01,2.160874e+01,2.152567e+01,2.162258e+01,2.165717e+01,2.167100e+01,2.168483e+01,2.168483e+01,2.165717e+01,2.182303e+01,2.181612e+01,2.181612e+01,2.158798e+01,2.169866e+01,2.180922e+01,2.185065e+01,2.182303e+01,2.183684e+01,2.193345e+01,2.187135e+01,2.185755e+01,2.193345e+01,2.187825e+01,2.194035e+01,2.196104e+01,2.181612e+01,2.195414e+01,2.203687e+01,2.205065e+01,2.197483e+01,2.248379e+01,2.338544e+01,2.403627e+01,2.464275e+01,2.530584e+01,2.568572e+01,2.605099e+01,2.630923e+01,2.655364e+01,2.651405e+01,2.654705e+01,2.658663e+01,2.639517e+01,2.646783e+01,2.636873e+01,2.615038e+01,2.628277e+01,2.626954e+01,2.630923e+01,2.628938e+01,2.633568e+01,2.637534e+01,2.621660e+01,2.632907e+01,2.620998e+01,2.603772e+01,2.589839e+01,2.606424e+01,2.590503e+01,2.588511e+01,2.580540e+01,2.553260e+01,2.556591e+01,2.539260e+01,2.503843e+01,2.512541e+01,2.492457e+01,2.475691e+01,2.453519e+01,2.435343e+01,2.409032e+01,2.392808e+01,2.367746e+01,2.368424e+01,2.327656e+01,2.325614e+01,2.307212e+01,2.268255e+01,2.270994e+01,2.262776e+01,2.236709e+01,2.225026e+01,2.223650e+01,2.201619e+01,2.206442e+01,2.184374e+01,2.187825e+01,2.183684e+01,2.176777e+01,2.176777e+01,2.160874e+01,2.141480e+01,2.147025e+01,2.140787e+01,2.143560e+01,2.143560e+01,2.147025e+01,2.156721e+01,2.153260e+01,2.147718e+01,2.142867e+01,2.147718e+01,2.151182e+01,2.142867e+01,2.137320e+01,2.141480e+01,2.138013e+01,2.137320e+01,2.134545e+01,2.145639e+01,2.133158e+01,2.131770e+01,2.128993e+01,2.137320e+01,2.135239e+01,2.151182e+01,2.144253e+01,2.150489e+01,2.143560e+01,2.156721e+01,2.141480e+01,2.158798e+01,2.138013e+01,2.142867e+01,2.147025e+01,2.147718e+01,2.138707e+01,2.160874e+01,2.144253e+01,2.152567e+01,2.154645e+01,2.152567e+01,2.158106e+01,2.167100e+01,2.157414e+01,2.162258e+01,2.151182e+01,2.154645e+01,2.153260e+01,2.150489e+01,2.147718e+01,2.167792e+01,2.162950e+01,2.151875e+01,2.151875e+01,2.161566e+01,2.167100e+01,2.158798e+01,2.156029e+01,2.149104e+01,2.142867e+01,2.153952e+01,2.139400e+01,2.144253e+01,2.140787e+01,2.153260e+01,2.150489e+01,2.147025e+01,2.144946e+01,2.148411e+01,2.144253e+01,2.148411e+01,2.147025e+01,2.140787e+01,2.133851e+01,2.135239e+01,2.138707e+01,2.129688e+01,2.140787e+01,2.128299e+01,2.134545e+01,2.135239e+01,2.117881e+01,2.139400e+01,2.125522e+01,2.124828e+01,2.114406e+01,2.118576e+01,2.120660e+01,2.113711e+01,2.115796e+01,2.106756e+01,2.103277e+01,2.102581e+01,2.108843e+01,2.106756e+01,2.118576e+01,2.157414e+01,2.165717e+01,2.184374e+01,2.180922e+01,2.182303e+01,2.184374e+01,2.158106e+01,2.191965e+01,2.191965e+01,2.187825e+01,2.187825e+01,2.185755e+01,2.190586e+01,2.197483e+01,2.207820e+01,2.195414e+01,2.191965e+01,2.182303e+01,2.185065e+01,2.182303e+01,2.182993e+01,2.214706e+01,2.189206e+01,2.187825e+01,2.185065e+01,2.211952e+01,2.179540e+01,2.193345e+01,2.185065e+01,2.180231e+01,2.187825e+01,2.180922e+01,2.187825e+01,2.186445e+01,2.179540e+01,2.178850e+01,2.162258e+01,2.167792e+01,2.182303e+01,2.185755e+01,2.185065e+01,2.162258e+01,2.169175e+01,2.171248e+01,2.167792e+01,2.169175e+01,2.176777e+01,2.167792e+01,2.165025e+01,2.154645e+01,2.166409e+01,2.167100e+01,2.163642e+01,2.164334e+01,2.167100e+01,2.171940e+01,2.172631e+01,2.166409e+01,2.167792e+01,2.158106e+01,2.165025e+01,2.162950e+01,2.166409e+01,2.171940e+01,2.169175e+01,2.169866e+01,2.154645e+01,2.160182e+01,2.171248e+01,2.172631e+01,2.162258e+01,2.170557e+01,2.159490e+01,2.157414e+01,2.158798e+01,2.158798e+01,2.162258e+01,2.162950e+01,2.158106e+01,2.165717e+01,2.166409e+01,2.153260e+01,2.156721e+01,2.156721e+01,2.151182e+01,2.143560e+01,2.156029e+01,2.150489e+01,2.145639e+01,2.150489e+01,2.155337e+01,2.159490e+01,2.160182e+01,2.155337e+01,2.159490e+01,2.171940e+01,2.174704e+01,2.158798e+01,2.164334e+01,2.162258e+01,2.168483e+01,2.178159e+01,2.180922e+01,2.174704e+01,2.176086e+01,2.167792e+01,2.164334e+01,2.174013e+01
2.171248e+01,2.169175e+01,2.180922e+01,2.181612e+01,2.171248e+01,2.178850e+01,2.164334e+01,2.169866e+01,2.180231e+01,2.194725e+01,2.174013e+01,2.168483e+01,2.175395e+01,2.176086e+01,2.174704e+01,2.170557e+01,2.171940e+01,2.162950e+01,2.167100e+01,2.162258e+01,2.185065e+01,2.162950e+01,2.159490e+01,2.163642e+01,2.167100e+01,2.163642e+01,2.155337e+01,2.147718e+01,2.149796e+01,2.156029e+01,2.160182e+01,2.160182e+01,2.156721e+01,2.152567e+01,2.161566e+01,2.153260e+01,2.156029e+01,2.155337e+01,2.165717e+01,2.153260e+01,2.162950e+01,2.150489e+01,2.158798e+01,2.161566e+01,2.156721e+01,2.158798e+01,2.160874e+01,2.158106e+01,2.174704e+01,2.159490e+01,2.162258e+01,2.163642e+01,2.164334e+01,2.159490e+01,2.156721e+01,2.162258e+01,2.169175e+01,2.162258e+01,2.167100e+01,2.170557e+01,2.162258e+01,2.160874e+01,2.169175e+01,2.165025e+01,2.162258e+01,2.172631e+01,2.162258e+01,2.175395e+01,2.163642e+01,2.153260e+01,2.151875e+01,2.161566e+01,2.156721e+01,2.158106e+01,2.153952e+01,2.146332e+01,2.158106e+01,2.158106e+01,2.161566e+01,2.148411e+01,2.151182e+01,2.151182e+01,2.155337e+01,2.147718e+01,2.144253e+01,2.154645e+01,2.142867e+01,2.162950e+01,2.156721e+01,2.147718e+01,2.156721e+01,2.144946e+01,2.158798e+01,2.158798e+01,2.163642e+01,2.158798e+01,2.155337e+01,2.162950e+01,2.155337e+01,2.153260e+01,2.156721e+01,2.158798e+01,2.149104e+01,2.162950e+01,2.162258e+01,2.158798e+01,2.160182e+01,2.160874e+01,2.167792e+01,2.154645e+01,2.162258e+01,2.182993e+01,2.159490e+01,2.162950e+01,2.165717e+01,2.172631e+01,2.162258e+01,2.176777e+01,2.170557e+01,2.189206e+01,2.173322e+01,2.169866e+01,2.175395e+01,2.169175e+01,2.183684e+01,2.182303e+01,2.183684e+01,2.182303e+01,2.178159e+01,2.180231e+01,2.179540e+01,2.180231e+01,2.184374e+01,2.190586e+01,2.178850e+01,2.197483e+01,2.196793e+01,2.176086e+01,2.197483e+01,2.192655e+01,2.202308e+01,2.198862e+01,2.204376e+01,2.202308e+01,2.206442e+01,2.216082e+01,2.225713e+01,2.234648e+01,2.231212e+01,2.254551e+01,2.251122e+01,2.255237e+01,2.273047e+01,2.291510e+01,2.282625e+01,2.304483e+01,2.321527e+01,2.306530e+01,2.334462e+01,2.314713e+01,2.311986e+01,2.330379e+01,2.317439e+01,2.299706e+01,2.294926e+01,2.265516e+01,2.255237e+01,2.189206e+01,2.198862e+01,2.174013e+01,2.153260e+01,2.151182e+01,2.155337e+01,2.164334e+01,2.158106e+01,2.162950e+01,2.145639e+01,2.155337e+01,2.153952e+01,2.131770e+01,2.129688e+01,2.121355e+01,2.132464e+01,2.122744e+01,2.130382e+01,2.126911e+01,2.131076e+01,2.149796e+01,2.142174e+01,2.149796e+01,2.149796e+01,2.152567e+01,2.147718e+01,2.154645e+01,2.153260e+01,2.158106e+01,2.164334e+01,2.162950e+01,2.169866e+01,2.173322e+01,2.174013e+01,2.171940e+01,2.174013e+01,2.173322e+01,2.179540e+01,2.169866e+01,2.174704e+01,2.184374e+01,2.173322e+01,2.180231e+01,2.180231e+01,2.174704e+01,2.176777e+01,2.165025e+01,2.167100e+01,2.163642e+01,2.173322e+01,2.158798e+01,2.167792e+01,2.174013e+01,2.163642e+01,2.165717e+01,2.143560e+01,2.156721e+01,2.159490e+01,2.165717e+01,2.155337e+01,2.131076e+01,2.131770e+01,2.148411e+01,2.167100e+01,2.146332e+01,2.135933e+01,2.135933e+01,2.144253e+01,2.137320e+01,2.149104e+01,2.163642e+01,2.185065e+01,2.196104e+01,2.178850e+01,2.199551e+01,2.196793e+01,2.191276e+01,2.189206e+01,2.187825e+01,2.129688e+01,2.128993e+01,2.122744e+01,2.115796e+01,2.127605e+01,2.122050e+01,2.124133e+01,2.119966e+01,2.158798e+01,2.156721e+01,2.154645e+01,2.167792e+01,2.146332e+01,2.125522e+01,2.131076e+01,2.147025e+01,2.183684e+01,2.169866e+01,2.159490e+01,2.151875e+01,2.133158e+01,2.126911e+01,2.117881e+01,2.119966e+01,2.127605e+01,2.113711e+01,2.114406e+01,2.136626e+01,2.126911e+01,2.136626e+01,2.141480e+01,2.135239e+01,2.134545e+01,2.140787e+01,2.152567e+01,2.150489e+01,2.144253e+01,2.140787e+01,2.157414e+01,2.155337e+01,2.156029e+01,2.162258e+01,2.160182e+01,2.164334e+01,2.158798e+01,2.158798e+01,2.160874e+01,2.154645e+01,2.161566e+01,2.153260e+01,2.160874e+01,2.154645e+01,2.157414e+01,2.167792e+01,2.153952e+01,2.162258e+01,2.155337e+01,2.156721e+01,2.148411e+01,2.158106e+01,2.143560e+01,2.153260e+01,2.171248e+01,2.167792e+01,2.178850e+01,2.176086e+01,2.185755e+01,2.197483e+01,2.201619e+01,2.196793e+01,2.197483e+01,2.192655e+01,2.192655e+01,2.191965e+01,2.189206e+01,2.191276e+01,2.183684e+01,2.192655e+01,2.193345e+01,2.189206e+01,2.189206e+01,2.180231e+01,2.178850e+01,2.181612e+01,2.176777e+01,2.164334e+01,2.178850e+01,2.166409e+01,2.168483e+01,2.163642e+01,2.167792e+01,2.160182e+01,2.158798e+01,2.163642e+01,2.158798e+01,2.156029e+01,2.149796e+01,2.160874e+01,2.160182e+01,2.160874e+01,2.160874e+01,2.160182e+01,2.160874e+01,2.168483e+01,2.167100e+01,2.166409e+01,2.161566e+01,2.161566e+01,2.165025e+01,2.167792e+01,2.172631e+01,2.156721e+01,2.174013e+01,2.171248e+01,2.175395e+01,2.182993e+01,2.190586e+01,2.183684e+01,2.183684e+01,2.179540e+01,2.194725e+01,2.177468e+01,2.189206e+01,2.194725e+01,2.168483e+01,2.193345e+01,2.191965e+01,2.197483e+01,2.207820e+01,2.224338e+01,2.305165e+01,2.412409e+01,2.436690e+01,2.473006e+01,2.542595e+01,2.586519e+01,2.594486e+01,2.595813e+01,2.591167e+01,2.632907e+01,2.642160e+01,2.652725e+01,2.635551e+01,2.634229e+01,2.654045e+01,2.654705e+01,2.656024e+01,2.642820e+01,2.650084e+01,2.644141e+01,2.655364e+01,2.647444e+01,2.637534e+01,2.632245e+01,2.626954e+01,2.613051e+01,2.616363e+01,2.596476e+01,2.591167e+01,2.583198e+01,2.580540e+01,2.561917e+01,2.550595e+01,2.531251e+01,2.517222e+01,2.496477e+01,2.482401e+01,2.483742e+01,2.444771e+01,2.423882e+01,2.403627e+01,2.388071e+01,2.362998e+01,2.356890e+01,2.326976e+01,2.312668e+01,2.283993e+01,2.265516e+01,2.266886e+01,2.242202e+01,2.236709e+01,2.212641e+01,2.216771e+01,2.217459e+01,2.185065e+01,2.175395e+01,2.176777e+01,2.191276e+01,2.177468e+01,2.166409e+01,2.161566e+01,2.143560e+01,2.140787e+01,2.144946e+01,2.142867e+01,2.146332e+01,2.148411e+01,2.145639e+01,2.151875e+01,2.128299e+01,2.142867e+01,2.143560e+01,2.143560e+01,2.138707e+01,2.142867e+01,2.144253e+01,2.153260e+01,2.141480e+01,2.133158e+01,2.131770e+01,2.138013e+01,2.130382e+01,2.142867e+01,2.133851e+01,2.140787e+01,2.137320e+01,2.158798e+01,2.151182e+01,2.146332e+01,2.144946e+01,2.151182e+01,2.158798e+01,2.140094e+01,2.140094e+01,2.142174e+01,2.138013e+01,2.141480e+01,2.155337e+01,2.144253e+01,2.144253e+01,2.154645e+01,2.156029e+01,2.167792e+01,2.155337e+01,2.149104e+01,2.157414e+01,2.153260e+01,2.135239e+01,2.150489e+01,2.158106e+01,2.157414e+01,2.156721e+01,2.154645e+01,2.149104e+01,2.156721e+01,2.144253e+01,2.149796e+01,2.149796e+01,2.147025e+01,2.146332e+01,2.148411e+01,2.139400e+01,2.151182e+01,2.143560e+01,2.154645e+01,2.141480e+01,2.145639e+01,2.146332e+01,2.147025e+01,2.145639e+01,2.144253e+01,2.144946e+01,2.147718e+01,2.131076e+01,2.138013e+01,2.134545e+01,2.127605e+01,2.138707e+01,2.133158e+01,2.128993e+01,2.122050e+01,2.140094e+01,2.135239e+01,2.119966e+01,2.108843e+01,2.121355e+01,2.120660e+01,2.124133e+01,2.119271e+01,2.125522e+01,2.108148e+01,2.108148e+01,2.091440e+01,2.093530e+01,2.097012e+01,2.100493e+01,2.113015e+01,2.176086e+01,2.169866e+01,2.192655e+01,2.194035e+01,2.182303e+01,2.182303e+01,2.185755e+01,2.182303e+01,2.191276e+01,2.189206e+01,2.189206e+01,2.194725e+01,2.193345e+01,2.194725e+01,2.184374e+01,2.189896e+01,2.192655e+01,2.195414e+01,2.183684e+01,2.192655e+01,2.187825e+01,2.187135e+01,2.179540e+01,2.180231e+01,2.181612e+01,2.180922e+01,2.191276e+01,2.190586e+01,2.182303e+01,2.190586e+01,2.181612e+01,2.182303e+01,2.180231e+01,2.181612e+01,2.190586e+01,2.179540e+01,2.182993e+01,2.186445e+01,2.162950e+01,2.170557e+01,2.190586e+01,2.169866e+01,2.168483e+01,2.170557e+01,2.171940e+01,2.170557e+01,2.173322e+01,2.167792e+01,2.170557e+01,2.184374e+01,2.186445e+01,2.156029e+01,2.161566e+01,2.164334e+01,2.170557e+01,2.165717e+01,2.182993e+01,2.162258e+01,2.150489e+01,2.176777e+01,2.162258e+01,2.165025e+01,2.162258e+01,2.162258e+01,2.163642e+01,2.153952e+01,2.173322e+01,2.160874e+01,2.171940e+01,2.173322e+01,2.162258e+01,2.158798e+01,2.158106e+01,2.160182e+01,2.153952e+01,2.156029e+01,2.164334e+01,2.162258e+01,2.142867e+01,2.149796e+01,2.147718e+01,2.144946e+01,2.151875e+01,2.160182e+01,2.153952e+01,2.142867e+01,2.151875e+01,2.143560e+01,2.161566e+01,2.171248e+01,2.162950e+01,2.170557e+01,2.175395e+01,2.163642e+01,2.164334e+01,2.175395e+01,2.169866e+01,2.160874e+01,2.162258e+01,2.165717e+01,2.167100e+01,2.168483e+01,2.166409e+01,2.174013e+01,2.159490e+01,2.175395e+01,2.183684e+01
2.185065e+01,2.175395e+01,2.184374e+01,2.182993e+01,2.171940e+01,2.180231e+01,2.189206e+01,2.183684e+01,2.174704e+01,2.176086e+01,2.169175e+01,2.171248e+01,2.169175e+01,2.168483e+01,2.172631e+01,2.167100e+01,2.165717e+01,2.165717e+01,2.162258e+01,2.162258e+01,2.186445e+01,2.163642e+01,2.167100e+01,2.167100e+01,2.168483e+01,2.153952e+01,2.156029e+01,2.156029e+01,2.158798e+01,2.151875e+01,2.153952e+01,2.151182e+01,2.156721e+01,2.151182e+01,2.150489e+01,2.159490e+01,2.153260e+01,2.160182e+01,2.159490e+01,2.155337e+01,2.160182e+01,2.143560e+01,2.165717e+01,2.171248e+01,2.153952e+01,2.149796e+01,2.155337e+01,2.173322e+01,2.161566e+01,2.159490e+01,2.161566e+01,2.158798e+01,2.160182e+01,2.157414e+01,2.171940e+01,2.158106e+01,2.170557e+01,2.167792e+01,2.162258e+01,2.160874e+01,2.169175e+01,2.167100e+01,2.162258e+01,2.173322e+01,2.158106e+01,2.165025e+01,2.158106e+01,2.160874e+01,2.165025e+01,2.165717e+01,2.162950e+01,2.164334e+01,2.165025e+01,2.157414e+01,2.149104e+01,2.150489e+01,2.147718e+01,2.148411e+01,2.142174e+01,2.158798e+01,2.165717e+01,2.164334e+01,2.158798e+01,2.151182e+01,2.151182e+01,2.142867e+01,2.139400e+01,2.140787e+01,2.147025e+01,2.152567e+01,2.151182e+01,2.147718e+01,2.155337e+01,2.157414e+01,2.147025e+01,2.161566e+01,2.147718e+01,2.145639e+01,2.149104e+01,2.149104e+01,2.146332e+01,2.154645e+01,2.156721e+01,2.153952e+01,2.156721e+01,2.164334e+01,2.163642e+01,2.158106e+01,2.171940e+01,2.171248e+01,2.165025e+01,2.173322e+01,2.159490e+01,2.162950e+01,2.163642e+01,2.171940e+01,2.166409e+01,2.171940e+01,2.169175e+01,2.168483e+01,2.173322e+01,2.176086e+01,2.176086e+01,2.176777e+01,2.176086e+01,2.185065e+01,2.187825e+01,2.194035e+01,2.180922e+01,2.189896e+01,2.182993e+01,2.191276e+01,2.191276e+01,2.194725e+01,2.180922e+01,2.180231e+01,2.203687e+01,2.189206e+01,2.198172e+01,2.200241e+01,2.207131e+01,2.198172e+01,2.218147e+01,2.220211e+01,2.224338e+01,2.233961e+01,2.222962e+01,2.236022e+01,2.252494e+01,2.253180e+01,2.276469e+01,2.279889e+01,2.290827e+01,2.293560e+01,2.305165e+01,2.342623e+01,2.340584e+01,2.348740e+01,2.344662e+01,2.350099e+01,2.358247e+01,2.353495e+01,2.329699e+01,2.318121e+01,2.313350e+01,2.285360e+01,2.261406e+01,2.216771e+01,2.201619e+01,2.176086e+01,2.176777e+01,2.171248e+01,2.160182e+01,2.151875e+01,2.162950e+01,2.168483e+01,2.163642e+01,2.162258e+01,2.160182e+01,2.171248e+01,2.135933e+01,2.138707e+01,2.129688e+01,2.125522e+01,2.129688e+01,2.128299e+01,2.128299e+01,2.138013e+01,2.137320e+01,2.142174e+01,2.160182e+01,2.147718e+01,2.149796e+01,2.149796e+01,2.151875e+01,2.154645e+01,2.162258e+01,2.171248e+01,2.172631e+01,2.172631e+01,2.169866e+01,2.174013e+01,2.168483e+01,2.168483e+01,2.173322e+01,2.176777e+01,2.180231e+01,2.173322e+01,2.178850e+01,2.181612e+01,2.182993e+01,2.180922e+01,2.169175e+01,2.191276e+01,2.179540e+01,2.165025e+01,2.169175e+01,2.177468e+01,2.162950e+01,2.171248e+01,2.162258e+01,2.160874e+01,2.177468e+01,2.156029e+01,2.153952e+01,2.151182e+01,2.151875e+01,2.147025e+01,2.151875e+01,2.162950e+01,2.153952e+01,2.144253e+01,2.142174e+01,2.140094e+01,2.138707e+01,2.144946e+01,2.153260e+01,2.159490e+01,2.169866e+01,2.204376e+01,2.177468e+01,2.199551e+01,2.194035e+01,2.197483e+01,2.199551e+01,2.189206e+01,2.185755e+01,2.144253e+01,2.126911e+01,2.119271e+01,2.128993e+01,2.126911e+01,2.124828e+01,2.128993e+01,2.147025e+01,2.147718e+01,2.159490e+01,2.171248e+01,2.153260e+01,2.134545e+01,2.128993e+01,2.125522e+01,2.147025e+01,2.157414e+01,2.144946e+01,2.127605e+01,2.120660e+01,2.120660e+01,2.118576e+01,2.130382e+01,2.117881e+01,2.120660e+01,2.121355e+01,2.123439e+01,2.126911e+01,2.136626e+01,2.135933e+01,2.144253e+01,2.142174e+01,2.158106e+01,2.149796e+01,2.148411e+01,2.162950e+01,2.151182e+01,2.159490e+01,2.163642e+01,2.163642e+01,2.153952e+01,2.163642e+01,2.166409e+01,2.161566e+01,2.154645e+01,2.162950e+01,2.163642e+01,2.170557e+01,2.153952e+01,2.144253e+01,2.162258e+01,2.162258e+01,2.158798e+01,2.165025e+01,2.165717e+01,2.166409e+01,2.160182e+01,2.155337e+01,2.160874e+01,2.156721e+01,2.160874e+01,2.167792e+01,2.147718e+01,2.151875e+01,2.171248e+01,2.183684e+01,2.198172e+01,2.202308e+01,2.182303e+01,2.208509e+01,2.194725e+01,2.194725e+01,2.194035e+01,2.197483e+01,2.191965e+01,2.190586e+01,2.183684e+01,2.193345e+01,2.189206e+01,2.192655e+01,2.187135e+01,2.183684e+01,2.176777e+01,2.178159e+01,2.179540e+01,2.179540e+01,2.163642e+01,2.166409e+01,2.175395e+01,2.156029e+01,2.166409e+01,2.169175e+01,2.150489e+01,2.156721e+01,2.158106e+01,2.155337e+01,2.155337e+01,2.162258e+01,2.162950e+01,2.157414e+01,2.157414e+01,2.167792e+01,2.172631e+01,2.167792e+01,2.169866e+01,2.171248e+01,2.176086e+01,2.176086e+01,2.171940e+01,2.178159e+01,2.171940e+01,2.176777e+01,2.167792e+01,2.175395e+01,2.191965e+01,2.178850e+01,2.183684e+01,2.180231e+01,2.191965e+01,2.189896e+01,2.182993e+01,2.196793e+01,2.193345e+01,2.193345e+01,2.199551e+01,2.189206e+01,2.200241e+01,2.223650e+01,2.211263e+01,2.288094e+01,2.369102e+01,2.384010e+01,2.446118e+01,2.413760e+01,2.356890e+01,2.338544e+01,2.335823e+01,2.360962e+01,2.427929e+01,2.433321e+01,2.476362e+01,2.493127e+01,2.584526e+01,2.605761e+01,2.640838e+01,2.648764e+01,2.659982e+01,2.663280e+01,2.644802e+01,2.663939e+01,2.649424e+01,2.644802e+01,2.648764e+01,2.640178e+01,2.628277e+01,2.620998e+01,2.606424e+01,2.597140e+01,2.598467e+01,2.582533e+01,2.563914e+01,2.571233e+01,2.557257e+01,2.534589e+01,2.515216e+01,2.497817e+01,2.483072e+01,2.453519e+01,2.431973e+01,2.423882e+01,2.393485e+01,2.372492e+01,2.362319e+01,2.351457e+01,2.326976e+01,2.301753e+01,2.284676e+01,2.265516e+01,2.257979e+01,2.241516e+01,2.232587e+01,2.219523e+01,2.224338e+01,2.189896e+01,2.205754e+01,2.187135e+01,2.177468e+01,2.178159e+01,2.177468e+01,2.155337e+01,2.146332e+01,2.152567e+01,2.153952e+01,2.150489e+01,2.144253e+01,2.149796e+01,2.149104e+01,2.150489e+01,2.147025e+01,2.145639e+01,2.142867e+01,2.142867e+01,2.142867e+01,2.141480e+01,2.142174e+01,2.141480e+01,2.140787e+01,2.126217e+01,2.139400e+01,2.143560e+01,2.128993e+01,2.130382e+01,2.128299e+01,2.145639e+01,2.153260e+01,2.140787e+01,2.152567e+01,2.146332e+01,2.149796e+01,2.161566e+01,2.163642e+01,2.147025e+01,2.147025e+01,2.144253e+01,2.140787e+01,2.147025e+01,2.138013e+01,2.143560e+01,2.144253e+01,2.146332e+01,2.164334e+01,2.158798e+01,2.156029e+01,2.164334e+01,2.153260e+01,2.149796e+01,2.149796e+01,2.162258e+01,2.147718e+01,2.154645e+01,2.149796e+01,2.147718e+01,2.165717e+01,2.159490e+01,2.149104e+01,2.139400e+01,2.152567e+01,2.153952e+01,2.145639e+01,2.143560e+01,2.140094e+01,2.138013e+01,2.142174e+01,2.149104e+01,2.142174e+01,2.145639e+01,2.133851e+01,2.148411e+01,2.147718e+01,2.131770e+01,2.143560e+01,2.142174e+01,2.140787e+01,2.140787e+01,2.138013e+01,2.138707e+01,2.126911e+01,2.129688e+01,2.134545e+01,2.131770e+01,2.139400e+01,2.133158e+01,2.139400e+01,2.128993e+01,2.128299e+01,2.134545e+01,2.122744e+01,2.111625e+01,2.110929e+01,2.115796e+01,2.115101e+01,2.111625e+01,2.106061e+01,2.105365e+01,2.095619e+01,2.110234e+01,2.142867e+01,2.167100e+01,2.189896e+01,2.179540e+01,2.181612e+01,2.188516e+01,2.185755e+01,2.181612e+01,2.191965e+01,2.191276e+01,2.189206e+01,2.187135e+01,2.198862e+01,2.201619e+01,2.188516e+01,2.185065e+01,2.181612e+01,2.191276e+01,2.191965e+01,2.198172e+01,2.189206e+01,2.180231e+01,2.188516e+01,2.185755e+01,2.189896e+01,2.181612e+01,2.189896e+01,2.180922e+01,2.174013e+01,2.189896e+01,2.184374e+01,2.183684e+01,2.182993e+01,2.179540e+01,2.185755e+01,2.188516e+01,2.177468e+01,2.183684e+01,2.169866e+01,2.172631e+01,2.178159e+01,2.169866e+01,2.185755e+01,2.169866e+01,2.171940e+01,2.171940e+01,2.167792e+01,2.170557e+01,2.176777e+01,2.167100e+01,2.188516e+01,2.167792e+01,2.160874e+01,2.162258e+01,2.182303e+01,2.165025e+01,2.170557e+01,2.171248e+01,2.167100e+01,2.187135e+01,2.180231e+01,2.165717e+01,2.169866e+01,2.156721e+01,2.165717e+01,2.172631e+01,2.160874e+01,2.173322e+01,2.165025e+01,2.169175e+01,2.178850e+01,2.176086e+01,2.161566e+01,2.165025e+01,2.159490e+01,2.160874e+01,2.187135e+01,2.167100e+01,2.161566e+01,2.167100e+01,2.154645e+01,2.156721e+01,2.150489e+01,2.160182e+01,2.151875e+01,2.156029e+01,2.158106e+01,2.149796e+01,2.162258e+01,2.169866e+01,2.160182e+01,2.165025e+01,2.167792e+01,2.164334e+01,2.185065e+01,2.173322e+01,2.174013e+01,2.168483e+01,2.164334e+01,2.170557e+01,2.158798e+01,2.178850e+01,2.170557e+01,2.174704e+01,2.176086e+01,2.174704e+01,2.185065e+01
2.178850e+01,2.185065e+01,2.184374e+01,2.172631e+01,2.177468e+01,2.169175e+01,2.178850e+01,2.176777e+01,2.169175e+01,2.158106e+01,2.166409e+01,2.173322e+01,2.166409e+01,2.185065e+01,2.167792e+01,2.168483e+01,2.170557e+01,2.165025e+01,2.163642e+01,2.164334e+01,2.167792e+01,2.165717e+01,2.163642e+01,2.167792e+01,2.161566e+01,2.161566e+01,2.156721e+01,2.156029e+01,2.158106e+01,2.151182e+01,2.151182e+01,2.155337e+01,2.153260e+01,2.157414e+01,2.152567e+01,2.158798e+01,2.161566e+01,2.152567e+01,2.149104e+01,2.150489e+01,2.162258e+01,2.141480e+01,2.149796e+01,2.169866e+01,2.156721e+01,2.162950e+01,2.160182e+01,2.167100e+01,2.162950e+01,2.158798e+01,2.163642e+01,2.168483e+01,2.169175e+01,2.159490e+01,2.166409e+01,2.158798e+01,2.166409e+01,2.163642e+01,2.170557e+01,2.170557e+01,2.166409e+01,2.167100e+01,2.168483e+01,2.162258e+01,2.161566e+01,2.156721e+01,2.172631e+01,2.156721e+01,2.162258e+01,2.161566e+01,2.165025e+01,2.167792e+01,2.154645e+01,2.151875e+01,2.148411e+01,2.155337e+01,2.151182e+01,2.164334e+01,2.153260e+01,2.153260e+01,2.148411e+01,2.152567e+01,2.141480e+01,2.157414e+01,2.149104e+01,2.140094e+01,2.152567e+01,2.145639e+01,2.151182e+01,2.151875e+01,2.151182e+01,2.165717e+01,2.151182e+01,2.147025e+01,2.151875e+01,2.164334e+01,2.144253e+01,2.165717e+01,2.160182e+01,2.156029e+01,2.144946e+01,2.144253e+01,2.149796e+01,2.164334e+01,2.154645e+01,2.166409e+01,2.156029e+01,2.164334e+01,2.159490e+01,2.154645e+01,2.160874e+01,2.167100e+01,2.165025e+01,2.180231e+01,2.168483e+01,2.176777e+01,2.169866e+01,2.178850e+01,2.166409e+01,2.186445e+01,2.174704e+01,2.175395e+01,2.176777e+01,2.175395e+01,2.175395e+01,2.188516e+01,2.189206e+01,2.186445e+01,2.185065e+01,2.189206e+01,2.180922e+01,2.199551e+01,2.189896e+01,2.182993e+01,2.193345e+01,2.191965e+01,2.189896e+01,2.207131e+01,2.202997e+01,2.205065e+01,2.210575e+01,2.208509e+01,2.223650e+01,2.229151e+01,2.223650e+01,2.229151e+01,2.227776e+01,2.244948e+01,2.246320e+01,2.259350e+01,2.284676e+01,2.294926e+01,2.295609e+01,2.309258e+01,2.332421e+01,2.353495e+01,2.345342e+01,2.362998e+01,2.365033e+01,2.367068e+01,2.361641e+01,2.359605e+01,2.353495e+01,2.339904e+01,2.336503e+01,2.307894e+01,2.268255e+01,2.229151e+01,2.220899e+01,2.198862e+01,2.173322e+01,2.167100e+01,2.162950e+01,2.163642e+01,2.161566e+01,2.160874e+01,2.162950e+01,2.156721e+01,2.165025e+01,2.163642e+01,2.152567e+01,2.157414e+01,2.148411e+01,2.133851e+01,2.126217e+01,2.131770e+01,2.140787e+01,2.140094e+01,2.138707e+01,2.133851e+01,2.145639e+01,2.145639e+01,2.145639e+01,2.137320e+01,2.139400e+01,2.165025e+01,2.157414e+01,2.158798e+01,2.160182e+01,2.157414e+01,2.174013e+01,2.169175e+01,2.174013e+01,2.179540e+01,2.179540e+01,2.174704e+01,2.179540e+01,2.178159e+01,2.180922e+01,2.182993e+01,2.180922e+01,2.190586e+01,2.181612e+01,2.168483e+01,2.189206e+01,2.169175e+01,2.168483e+01,2.183684e+01,2.180231e+01,2.170557e+01,2.164334e+01,2.165025e+01,2.170557e+01,2.152567e+01,2.154645e+01,2.147025e+01,2.159490e+01,2.152567e+01,2.153952e+01,2.145639e+01,2.165025e+01,2.148411e+01,2.146332e+01,2.156029e+01,2.138013e+01,2.157414e+01,2.151875e+01,2.169866e+01,2.200930e+01,2.198172e+01,2.178850e+01,2.200241e+01,2.201619e+01,2.196104e+01,2.198172e+01,2.187825e+01,2.183684e+01,2.183684e+01,2.134545e+01,2.131076e+01,2.124133e+01,2.130382e+01,2.128993e+01,2.119271e+01,2.130382e+01,2.141480e+01,2.151182e+01,2.165025e+01,2.156721e+01,2.141480e+01,2.124828e+01,2.110234e+01,2.129688e+01,2.125522e+01,2.120660e+01,2.128993e+01,2.117881e+01,2.125522e+01,2.122744e+01,2.120660e+01,2.126217e+01,2.124133e+01,2.117881e+01,2.131770e+01,2.132464e+01,2.126911e+01,2.127605e+01,2.133158e+01,2.123439e+01,2.143560e+01,2.158798e+01,2.151875e+01,2.151875e+01,2.164334e+01,2.168483e+01,2.159490e+01,2.160182e+01,2.165717e+01,2.156029e+01,2.161566e+01,2.168483e+01,2.166409e+01,2.166409e+01,2.162258e+01,2.155337e+01,2.158106e+01,2.169175e+01,2.162258e+01,2.159490e+01,2.168483e+01,2.160874e+01,2.163642e+01,2.167100e+01,2.164334e+01,2.176086e+01,2.152567e+01,2.158798e+01,2.155337e+01,2.149796e+01,2.159490e+01,2.152567e+01,2.153952e+01,2.169175e+01,2.198862e+01,2.205065e+01,2.194725e+01,2.205754e+01,2.196104e+01,2.194035e+01,2.209886e+01,2.193345e+01,2.198172e+01,2.197483e+01,2.191276e+01,2.192655e+01,2.194725e+01,2.198862e+01,2.180231e+01,2.189896e+01,2.183684e+01,2.185755e+01,2.171248e+01,2.176086e+01,2.176086e+01,2.167792e+01,2.167100e+01,2.166409e+01,2.167792e+01,2.166409e+01,2.161566e+01,2.155337e+01,2.173322e+01,2.158106e+01,2.164334e+01,2.163642e+01,2.163642e+01,2.163642e+01,2.165717e+01,2.180231e+01,2.169866e+01,2.165717e+01,2.166409e+01,2.164334e+01,2.165025e+01,2.176777e+01,2.175395e+01,2.178159e+01,2.174013e+01,2.176777e+01,2.162950e+01,2.180922e+01,2.180922e+01,2.178850e+01,2.188516e+01,2.184374e+01,2.179540e+01,2.194035e+01,2.188516e+01,2.205065e+01,2.191965e+01,2.183684e+01,2.194035e+01,2.196104e+01,2.197483e+01,2.191276e+01,2.207131e+01,2.259350e+01,2.333101e+01,2.333101e+01,2.289461e+01,2.249751e+01,2.243575e+01,2.247692e+01,2.255923e+01,2.230525e+01,2.244261e+01,2.245634e+01,2.263461e+01,2.265516e+01,2.291510e+01,2.341264e+01,2.425906e+01,2.507189e+01,2.601120e+01,2.641499e+01,2.642820e+01,2.663280e+01,2.660642e+01,2.646783e+01,2.642820e+01,2.637534e+01,2.632907e+01,2.625631e+01,2.604436e+01,2.605761e+01,2.605099e+01,2.581205e+01,2.581205e+01,2.559254e+01,2.539260e+01,2.537925e+01,2.516553e+01,2.499156e+01,2.495137e+01,2.463603e+01,2.452174e+01,2.424557e+01,2.423882e+01,2.389425e+01,2.378591e+01,2.357569e+01,2.333782e+01,2.309940e+01,2.285360e+01,2.275785e+01,2.260720e+01,2.237395e+01,2.224338e+01,2.228463e+01,2.206442e+01,2.202308e+01,2.191276e+01,2.186445e+01,2.174704e+01,2.196104e+01,2.174704e+01,2.149796e+01,2.147718e+01,2.146332e+01,2.143560e+01,2.150489e+01,2.149796e+01,2.149796e+01,2.146332e+01,2.148411e+01,2.131770e+01,2.148411e+01,2.143560e+01,2.137320e+01,2.135933e+01,2.141480e+01,2.143560e+01,2.142174e+01,2.144946e+01,2.141480e+01,2.130382e+01,2.132464e+01,2.130382e+01,2.128993e+01,2.144946e+01,2.148411e+01,2.145639e+01,2.151182e+01,2.147025e+01,2.147718e+01,2.149796e+01,2.151875e+01,2.159490e+01,2.148411e+01,2.147718e+01,2.144946e+01,2.144946e+01,2.147718e+01,2.152567e+01,2.142174e+01,2.158798e+01,2.169866e+01,2.156029e+01,2.153952e+01,2.153952e+01,2.153952e+01,2.156721e+01,2.148411e+01,2.162950e+01,2.133158e+01,2.156721e+01,2.146332e+01,2.152567e+01,2.153952e+01,2.153260e+01,2.153260e+01,2.148411e+01,2.143560e+01,2.151182e+01,2.151182e+01,2.142867e+01,2.126217e+01,2.148411e+01,2.147025e+01,2.128993e+01,2.128299e+01,2.154645e+01,2.132464e+01,2.152567e+01,2.142174e+01,2.145639e+01,2.135239e+01,2.135933e+01,2.127605e+01,2.127605e+01,2.148411e+01,2.147718e+01,2.128993e+01,2.131076e+01,2.134545e+01,2.128299e+01,2.127605e+01,2.134545e+01,2.133158e+01,2.126217e+01,2.108843e+01,2.124133e+01,2.132464e+01,2.120660e+01,2.125522e+01,2.118576e+01,2.115796e+01,2.118576e+01,2.131076e+01,2.101885e+01,2.094923e+01,2.112320e+01,2.091440e+01,2.115101e+01,2.149796e+01,2.178850e+01,2.185065e+01,2.194725e+01,2.182303e+01,2.181612e+01,2.200241e+01,2.191965e+01,2.191276e+01,2.184374e+01,2.202308e+01,2.182303e+01,2.196104e+01,2.202308e+01,2.199551e+01,2.191965e+01,2.196793e+01,2.187135e+01,2.183684e+01,2.185065e+01,2.200241e+01,2.196793e+01,2.185755e+01,2.193345e+01,2.181612e+01,2.181612e+01,2.189206e+01,2.178850e+01,2.185755e+01,2.180922e+01,2.186445e+01,2.169866e+01,2.187135e+01,2.182303e+01,2.180922e+01,2.192655e+01,2.189206e+01,2.182303e+01,2.182303e+01,2.162258e+01,2.171248e+01,2.169866e+01,2.185755e+01,2.189206e+01,2.175395e+01,2.171940e+01,2.182303e+01,2.179540e+01,2.169866e+01,2.178159e+01,2.182993e+01,2.183684e+01,2.164334e+01,2.176777e+01,2.185065e+01,2.184374e+01,2.173322e+01,2.172631e+01,2.189896e+01,2.149796e+01,2.166409e+01,2.178850e+01,2.156721e+01,2.180922e+01,2.178159e+01,2.184374e+01,2.178159e+01,2.175395e+01,2.184374e+01,2.165025e+01,2.167100e+01,2.167100e+01,2.152567e+01,2.152567e+01,2.169175e+01,2.167792e+01,2.168483e+01,2.158798e+01,2.158106e+01,2.163642e+01,2.165717e+01,2.163642e+01,2.154645e+01,2.153952e+01,2.151182e+01,2.162950e+01,2.165025e+01,2.153260e+01,2.169866e+01,2.164334e+01,2.153260e+01,2.164334e+01,2.157414e+01,2.166409e+01,2.160874e+01,2.181612e+01,2.158798e+01,2.169175e+01,2.169175e+01,2.167792e+01,2.167792e+01,2.174704e+01,2.165717e+01,2.168483e+01,2.171248e+01,2.172631e+01
2.158798e+01,2.186445e+01,2.176777e+01,2.162258e+01,2.173322e+01,2.180231e+01,2.185065e+01,2.165717e+01,2.173322e+01,2.168483e+01,2.171248e+01,2.173322e+01,2.165717e+01,2.166409e+01,2.186445e+01,2.169175e+01,2.169175e+01,2.171940e+01,2.169866e+01,2.165025e+01,2.158798e+01,2.165025e+01,2.165025e+01,2.164334e+01,2.160182e+01,2.160182e+01,2.158106e+01,2.156721e+01,2.162950e+01,2.147025e+01,2.156029e+01,2.152567e+01,2.161566e+01,2.158798e+01,2.158106e+01,2.151182e+01,2.158106e+01,2.153952e+01,2.160874e+01,2.151875e+01,2.156029e+01,2.142174e+01,2.147718e+01,2.168483e+01,2.160874e+01,2.161566e+01,2.165717e+01,2.162258e+01,2.160874e+01,2.158106e+01,2.161566e+01,2.154645e+01,2.163642e+01,2.165025e+01,2.156721e+01,2.160874e+01,2.158798e+01,2.160182e+01,2.169866e+01,2.170557e+01,2.153952e+01,2.161566e+01,2.168483e+01,2.169866e+01,2.164334e+01,2.158798e+01,2.167100e+01,2.162950e+01,2.158106e+01,2.151875e+01,2.178159e+01,2.160874e+01,2.147025e+01,2.156721e+01,2.147025e+01,2.150489e+01,2.151182e+01,2.149796e+01,2.156721e+01,2.153260e+01,2.149104e+01,2.161566e+01,2.152567e+01,2.154645e+01,2.156029e+01,2.156721e+01,2.142174e+01,2.154645e+01,2.148411e+01,2.146332e+01,2.149796e+01,2.140094e+01,2.162258e+01,2.144946e+01,2.147025e+01,2.152567e+01,2.149796e+01,2.152567e+01,2.145639e+01,2.162258e+01,2.147718e+01,2.153952e+01,2.159490e+01,2.151182e+01,2.165717e+01,2.151875e+01,2.167792e+01,2.158106e+01,2.162258e+01,2.171248e+01,2.163642e+01,2.167792e+01,2.167792e+01,2.171940e+01,2.178159e+01,2.156721e+01,2.164334e+01,2.168483e+01,2.176777e+01,2.180231e+01,2.175395e+01,2.175395e+01,2.191276e+01,2.192655e+01,2.173322e+01,2.193345e+01,2.191965e+01,2.183684e+01,2.190586e+01,2.194035e+01,2.191276e+01,2.168483e+01,2.187135e+01,2.198172e+01,2.194035e+01,2.183684e+01,2.207820e+01,2.198862e+01,2.198172e+01,2.207131e+01,2.205065e+01,2.214017e+01,2.218835e+01,2.217459e+01,2.224338e+01,2.244261e+01,2.242202e+01,2.236709e+01,2.262776e+01,2.268255e+01,2.279206e+01,2.296292e+01,2.317439e+01,2.313350e+01,2.345342e+01,2.348060e+01,2.365033e+01,2.360283e+01,2.379269e+01,2.377914e+01,2.404303e+01,2.378591e+01,2.385364e+01,2.358247e+01,2.343303e+01,2.316076e+01,2.301753e+01,2.230525e+01,2.214706e+01,2.187825e+01,2.170557e+01,2.165025e+01,2.177468e+01,2.161566e+01,2.162950e+01,2.158798e+01,2.155337e+01,2.152567e+01,2.176086e+01,2.167100e+01,2.151182e+01,2.160874e+01,2.161566e+01,2.142174e+01,2.128993e+01,2.139400e+01,2.138707e+01,2.140094e+01,2.134545e+01,2.134545e+01,2.141480e+01,2.144253e+01,2.147025e+01,2.147025e+01,2.145639e+01,2.147718e+01,2.153260e+01,2.165025e+01,2.140787e+01,2.165025e+01,2.160182e+01,2.180231e+01,2.174013e+01,2.172631e+01,2.172631e+01,2.174013e+01,2.168483e+01,2.175395e+01,2.182993e+01,2.179540e+01,2.178159e+01,2.178850e+01,2.177468e+01,2.172631e+01,2.176777e+01,2.185755e+01,2.167792e+01,2.162950e+01,2.166409e+01,2.172631e+01,2.178850e+01,2.165717e+01,2.149796e+01,2.169175e+01,2.145639e+01,2.149796e+01,2.149796e+01,2.161566e+01,2.140094e+01,2.153952e+01,2.158798e+01,2.148411e+01,2.147025e+01,2.155337e+01,2.146332e+01,2.135239e+01,2.151875e+01,2.155337e+01,2.165717e+01,2.194035e+01,2.199551e+01,2.198862e+01,2.196793e+01,2.195414e+01,2.194035e+01,2.196104e+01,2.185065e+01,2.181612e+01,2.169175e+01,2.133158e+01,2.120660e+01,2.131770e+01,2.117881e+01,2.134545e+01,2.117186e+01,2.143560e+01,2.148411e+01,2.147718e+01,2.171940e+01,2.159490e+01,2.133158e+01,2.115101e+01,2.132464e+01,2.124828e+01,2.117881e+01,2.124133e+01,2.130382e+01,2.128299e+01,2.125522e+01,2.132464e+01,2.121355e+01,2.129688e+01,2.121355e+01,2.122744e+01,2.138707e+01,2.134545e+01,2.126217e+01,2.140094e+01,2.140787e+01,2.151182e+01,2.148411e+01,2.160874e+01,2.161566e+01,2.165717e+01,2.157414e+01,2.160874e+01,2.166409e+01,2.165717e+01,2.166409e+01,2.146332e+01,2.163642e+01,2.163642e+01,2.166409e+01,2.168483e+01,2.170557e+01,2.153952e+01,2.155337e+01,2.174704e+01,2.164334e+01,2.167100e+01,2.169866e+01,2.169175e+01,2.169866e+01,2.163642e+01,2.167100e+01,2.158106e+01,2.169866e+01,2.175395e+01,2.149104e+01,2.158798e+01,2.151182e+01,2.153952e+01,2.169175e+01,2.169866e+01,2.194035e+01,2.178159e+01,2.196793e+01,2.204376e+01,2.208509e+01,2.198862e+01,2.193345e+01,2.189206e+01,2.192655e+01,2.192655e+01,2.194035e+01,2.194035e+01,2.195414e+01,2.188516e+01,2.178850e+01,2.177468e+01,2.181612e+01,2.187135e+01,2.174704e+01,2.174704e+01,2.167792e+01,2.162950e+01,2.174704e+01,2.156721e+01,2.165025e+01,2.158798e+01,2.151182e+01,2.152567e+01,2.174704e+01,2.168483e+01,2.165025e+01,2.160874e+01,2.165025e+01,2.158798e+01,2.170557e+01,2.174013e+01,2.165025e+01,2.164334e+01,2.171940e+01,2.171248e+01,2.175395e+01,2.180231e+01,2.176777e+01,2.180231e+01,2.178159e+01,2.184374e+01,2.174704e+01,2.180231e+01,2.195414e+01,2.192655e+01,2.189896e+01,2.194725e+01,2.196104e+01,2.185755e+01,2.193345e+01,2.191965e+01,2.191965e+01,2.193345e+01,2.189896e+01,2.200241e+01,2.189206e+01,2.207820e+01,2.220899e+01,2.253866e+01,2.233961e+01,2.214706e+01,2.239456e+01,2.213329e+01,2.223650e+01,2.220899e+01,2.207820e+01,2.218835e+01,2.219523e+01,2.218835e+01,2.219523e+01,2.208509e+01,2.224338e+01,2.238082e+01,2.264146e+01,2.340584e+01,2.487095e+01,2.617687e+01,2.643481e+01,2.644802e+01,2.654705e+01,2.650084e+01,2.645462e+01,2.624969e+01,2.620998e+01,2.613051e+01,2.605099e+01,2.579876e+01,2.593822e+01,2.575223e+01,2.571233e+01,2.560586e+01,2.537925e+01,2.525909e+01,2.517890e+01,2.487766e+01,2.473677e+01,2.477034e+01,2.455536e+01,2.422533e+01,2.402275e+01,2.378591e+01,2.358926e+01,2.363676e+01,2.325614e+01,2.326295e+01,2.276469e+01,2.280573e+01,2.251808e+01,2.247006e+01,2.223650e+01,2.220211e+01,2.211263e+01,2.205754e+01,2.196104e+01,2.185065e+01,2.179540e+01,2.179540e+01,2.150489e+01,2.149104e+01,2.147025e+01,2.135933e+01,2.151182e+01,2.149796e+01,2.144946e+01,2.139400e+01,2.145639e+01,2.145639e+01,2.136626e+01,2.133851e+01,2.124828e+01,2.127605e+01,2.147025e+01,2.142867e+01,2.142867e+01,2.140787e+01,2.120660e+01,2.136626e+01,2.141480e+01,2.126217e+01,2.127605e+01,2.129688e+01,2.149104e+01,2.146332e+01,2.149104e+01,2.146332e+01,2.154645e+01,2.163642e+01,2.160874e+01,2.149796e+01,2.162258e+01,2.152567e+01,2.144253e+01,2.141480e+01,2.146332e+01,2.142867e+01,2.146332e+01,2.155337e+01,2.144253e+01,2.159490e+01,2.156721e+01,2.154645e+01,2.142867e+01,2.158798e+01,2.161566e+01,2.159490e+01,2.132464e+01,2.154645e+01,2.152567e+01,2.149104e+01,2.144253e+01,2.151182e+01,2.148411e+01,2.149796e+01,2.146332e+01,2.144946e+01,2.147718e+01,2.146332e+01,2.148411e+01,2.145639e+01,2.141480e+01,2.144253e+01,2.127605e+01,2.143560e+01,2.141480e+01,2.142867e+01,2.145639e+01,2.148411e+01,2.136626e+01,2.148411e+01,2.133851e+01,2.126217e+01,2.134545e+01,2.128299e+01,2.126911e+01,2.137320e+01,2.130382e+01,2.130382e+01,2.130382e+01,2.130382e+01,2.122744e+01,2.129688e+01,2.128299e+01,2.108843e+01,2.122050e+01,2.118576e+01,2.111625e+01,2.115101e+01,2.115101e+01,2.113015e+01,2.113711e+01,2.113711e+01,2.110234e+01,2.109539e+01,2.103973e+01,2.110234e+01,2.153260e+01,2.160874e+01,2.164334e+01,2.190586e+01,2.177468e+01,2.188516e+01,2.180231e+01,2.196104e+01,2.194035e+01,2.192655e+01,2.192655e+01,2.180231e+01,2.196793e+01,2.198172e+01,2.191276e+01,2.194035e+01,2.184374e+01,2.188516e+01,2.200241e+01,2.188516e+01,2.181612e+01,2.185755e+01,2.190586e+01,2.189206e+01,2.190586e+01,2.176777e+01,2.187135e+01,2.187135e+01,2.182993e+01,2.189896e+01,2.179540e+01,2.185065e+01,2.181612e+01,2.182993e+01,2.180922e+01,2.180922e+01,2.191276e+01,2.181612e+01,2.174704e+01,2.166409e+01,2.174704e+01,2.171940e+01,2.171940e+01,2.152567e+01,2.179540e+01,2.183684e+01,2.189896e+01,2.169175e+01,2.190586e+01,2.184374e+01,2.192655e+01,2.179540e+01,2.180922e+01,2.177468e+01,2.166409e+01,2.188516e+01,2.192655e+01,2.189206e+01,2.189896e+01,2.180922e+01,2.194725e+01,2.189896e+01,2.182303e+01,2.160182e+01,2.183684e+01,2.182303e+01,2.184374e+01,2.171940e+01,2.174704e+01,2.174704e+01,2.177468e+01,2.162258e+01,2.159490e+01,2.176777e+01,2.171940e+01,2.164334e+01,2.160874e+01,2.157414e+01,2.157414e+01,2.158798e+01,2.158798e+01,2.167792e+01,2.158798e+01,2.147718e+01,2.151875e+01,2.156721e+01,2.165717e+01,2.166409e+01,2.169866e+01,2.169175e+01,2.164334e+01,2.164334e+01,2.165025e+01,2.157414e+01,2.167792e+01,2.155337e+01,2.160874e+01,2.182303e+01,2.156029e+01,2.167792e+01,2.175395e+01,2.170557e+01,2.174013e+01,2.161566e+01,2.177468e+01,2.168483e+01
2.167792e+01,2.184374e+01,2.173322e+01,2.185755e+01,2.180922e+01,2.162258e+01,2.176777e+01,2.174704e+01,2.182303e+01,2.171248e+01,2.168483e+01,2.174013e+01,2.179540e+01,2.163642e+01,2.169866e+01,2.167100e+01,2.172631e+01,2.162950e+01,2.168483e+01,2.171248e+01,2.167792e+01,2.165025e+01,2.165025e+01,2.167792e+01,2.162258e+01,2.162950e+01,2.151182e+01,2.155337e+01,2.171248e+01,2.149796e+01,2.147025e+01,2.159490e+01,2.141480e+01,2.154645e+01,2.149796e+01,2.160182e+01,2.157414e+01,2.153260e+01,2.159490e+01,2.151875e+01,2.149104e+01,2.145639e+01,2.161566e+01,2.167792e+01,2.158798e+01,2.176777e+01,2.162258e+01,2.160874e+01,2.172631e+01,2.171940e+01,2.164334e+01,2.157414e+01,2.169175e+01,2.172631e+01,2.160874e+01,2.165717e+01,2.171248e+01,2.158106e+01,2.162950e+01,2.175395e+01,2.162258e+01,2.162258e+01,2.165025e+01,2.156721e+01,2.162258e+01,2.164334e+01,2.160874e+01,2.149104e+01,2.160874e+01,2.162258e+01,2.156721e+01,2.156721e+01,2.155337e+01,2.150489e+01,2.147025e+01,2.146332e+01,2.145639e+01,2.147025e+01,2.153260e+01,2.152567e+01,2.144253e+01,2.141480e+01,2.153260e+01,2.153260e+01,2.135239e+01,2.154645e+01,2.141480e+01,2.150489e+01,2.144946e+01,2.162258e+01,2.154645e+01,2.143560e+01,2.141480e+01,2.147718e+01,2.143560e+01,2.151182e+01,2.150489e+01,2.159490e+01,2.156029e+01,2.158798e+01,2.144253e+01,2.147025e+01,2.158798e+01,2.162258e+01,2.158798e+01,2.151182e+01,2.164334e+01,2.166409e+01,2.163642e+01,2.165717e+01,2.158798e+01,2.175395e+01,2.160874e+01,2.169866e+01,2.169175e+01,2.153952e+01,2.181612e+01,2.167100e+01,2.162950e+01,2.187825e+01,2.187135e+01,2.179540e+01,2.171248e+01,2.176086e+01,2.185065e+01,2.175395e+01,2.186445e+01,2.178850e+01,2.180922e+01,2.193345e+01,2.176086e+01,2.189206e+01,2.199551e+01,2.176086e+01,2.185065e+01,2.196793e+01,2.190586e+01,2.196793e+01,2.201619e+01,2.194035e+01,2.200930e+01,2.213329e+01,2.218835e+01,2.221587e+01,2.228463e+01,2.240829e+01,2.249065e+01,2.253866e+01,2.264146e+01,2.276469e+01,2.297657e+01,2.321527e+01,2.318121e+01,2.339224e+01,2.362998e+01,2.363676e+01,2.380623e+01,2.400924e+01,2.402951e+01,2.410383e+01,2.381301e+01,2.388071e+01,2.384687e+01,2.376559e+01,2.375881e+01,2.340584e+01,2.312668e+01,2.270309e+01,2.225026e+01,2.208509e+01,2.202997e+01,2.176777e+01,2.160182e+01,2.151875e+01,2.152567e+01,2.163642e+01,2.165025e+01,2.169175e+01,2.165717e+01,2.171248e+01,2.144946e+01,2.167100e+01,2.157414e+01,2.169175e+01,2.133158e+01,2.133158e+01,2.131076e+01,2.133158e+01,2.139400e+01,2.140787e+01,2.142174e+01,2.144946e+01,2.135933e+01,2.136626e+01,2.135933e+01,2.150489e+01,2.159490e+01,2.160874e+01,2.149104e+01,2.158798e+01,2.140787e+01,2.165025e+01,2.168483e+01,2.171940e+01,2.177468e+01,2.174704e+01,2.176777e+01,2.170557e+01,2.173322e+01,2.169866e+01,2.176086e+01,2.188516e+01,2.174704e+01,2.164334e+01,2.174013e+01,2.162950e+01,2.167792e+01,2.171940e+01,2.164334e+01,2.167100e+01,2.162258e+01,2.170557e+01,2.165025e+01,2.158106e+01,2.149104e+01,2.152567e+01,2.150489e+01,2.146332e+01,2.150489e+01,2.148411e+01,2.144946e+01,2.138707e+01,2.147025e+01,2.154645e+01,2.138707e+01,2.141480e+01,2.139400e+01,2.144946e+01,2.158106e+01,2.197483e+01,2.196104e+01,2.180922e+01,2.194035e+01,2.196104e+01,2.179540e+01,2.178159e+01,2.178159e+01,2.196104e+01,2.172631e+01,2.166409e+01,2.120660e+01,2.124133e+01,2.122050e+01,2.128993e+01,2.131770e+01,2.131076e+01,2.156721e+01,2.165717e+01,2.165025e+01,2.151182e+01,2.132464e+01,2.128993e+01,2.112320e+01,2.117186e+01,2.119966e+01,2.117186e+01,2.133158e+01,2.119966e+01,2.126217e+01,2.130382e+01,2.128299e+01,2.131770e+01,2.132464e+01,2.124828e+01,2.124133e+01,2.138707e+01,2.124133e+01,2.140787e+01,2.156029e+01,2.147718e+01,2.145639e+01,2.163642e+01,2.149796e+01,2.161566e+01,2.163642e+01,2.165717e+01,2.157414e+01,2.162950e+01,2.169175e+01,2.167792e+01,2.164334e+01,2.165025e+01,2.166409e+01,2.174013e+01,2.171248e+01,2.169866e+01,2.154645e+01,2.179540e+01,2.169175e+01,2.175395e+01,2.170557e+01,2.168483e+01,2.171940e+01,2.167100e+01,2.167100e+01,2.165025e+01,2.169175e+01,2.164334e+01,2.162258e+01,2.153952e+01,2.160182e+01,2.157414e+01,2.153260e+01,2.155337e+01,2.171248e+01,2.196104e+01,2.191276e+01,2.198172e+01,2.209886e+01,2.198862e+01,2.198172e+01,2.196793e+01,2.194035e+01,2.194725e+01,2.191965e+01,2.197483e+01,2.186445e+01,2.191276e+01,2.194035e+01,2.194035e+01,2.175395e+01,2.180231e+01,2.173322e+01,2.162258e+01,2.171940e+01,2.167792e+01,2.162258e+01,2.161566e+01,2.146332e+01,2.154645e+01,2.174013e+01,2.169175e+01,2.160182e+01,2.158798e+01,2.162258e+01,2.167100e+01,2.158798e+01,2.164334e+01,2.161566e+01,2.180922e+01,2.163642e+01,2.173322e+01,2.175395e+01,2.173322e+01,2.180231e+01,2.174704e+01,2.171248e+01,2.184374e+01,2.180231e+01,2.176777e+01,2.184374e+01,2.196793e+01,2.196793e+01,2.183684e+01,2.183684e+01,2.194725e+01,2.179540e+01,2.190586e+01,2.200930e+01,2.186445e+01,2.191276e+01,2.191276e+01,2.190586e+01,2.190586e+01,2.198862e+01,2.197483e+01,2.211952e+01,2.209886e+01,2.213329e+01,2.202997e+01,2.202308e+01,2.200241e+01,2.205065e+01,2.214706e+01,2.193345e+01,2.209198e+01,2.183684e+01,2.174704e+01,2.190586e+01,2.183684e+01,2.180922e+01,2.200930e+01,2.205065e+01,2.211263e+01,2.264146e+01,2.380623e+01,2.563914e+01,2.626954e+01,2.650745e+01,2.650745e+01,2.629600e+01,2.637534e+01,2.619674e+01,2.622322e+01,2.619674e+01,2.594486e+01,2.599793e+01,2.593822e+01,2.583862e+01,2.559254e+01,2.559920e+01,2.537925e+01,2.515216e+01,2.507189e+01,2.505851e+01,2.471663e+01,2.452174e+01,2.431299e+01,2.417135e+01,2.396867e+01,2.399571e+01,2.371814e+01,2.348740e+01,2.293560e+01,2.285360e+01,2.286043e+01,2.252494e+01,2.255923e+01,2.236022e+01,2.216082e+01,2.224338e+01,2.205754e+01,2.189896e+01,2.187825e+01,2.184374e+01,2.167100e+01,2.165717e+01,2.149104e+01,2.151182e+01,2.147025e+01,2.141480e+01,2.145639e+01,2.138013e+01,2.134545e+01,2.141480e+01,2.136626e+01,2.124828e+01,2.135933e+01,2.123439e+01,2.122744e+01,2.139400e+01,2.138707e+01,2.148411e+01,2.138013e+01,2.140787e+01,2.142174e+01,2.134545e+01,2.127605e+01,2.133851e+01,2.128993e+01,2.144253e+01,2.129688e+01,2.133158e+01,2.138013e+01,2.142867e+01,2.149104e+01,2.162258e+01,2.144946e+01,2.145639e+01,2.149796e+01,2.147718e+01,2.144946e+01,2.146332e+01,2.142174e+01,2.144946e+01,2.156029e+01,2.151182e+01,2.157414e+01,2.142867e+01,2.157414e+01,2.148411e+01,2.134545e+01,2.160874e+01,2.156721e+01,2.144253e+01,2.134545e+01,2.142867e+01,2.134545e+01,2.144253e+01,2.138707e+01,2.140094e+01,2.137320e+01,2.151182e+01,2.135239e+01,2.138013e+01,2.146332e+01,2.124133e+01,2.148411e+01,2.131770e+01,2.142174e+01,2.138013e+01,2.138707e+01,2.144946e+01,2.139400e+01,2.143560e+01,2.139400e+01,2.141480e+01,2.142867e+01,2.142174e+01,2.124133e+01,2.124828e+01,2.131076e+01,2.123439e+01,2.133158e+01,2.135239e+01,2.124828e+01,2.126911e+01,2.122744e+01,2.132464e+01,2.123439e+01,2.126217e+01,2.103973e+01,2.112320e+01,2.116491e+01,2.117881e+01,2.115101e+01,2.115101e+01,2.115101e+01,2.106756e+01,2.118576e+01,2.101189e+01,2.099797e+01,2.088653e+01,2.111625e+01,2.119271e+01,2.151875e+01,2.170557e+01,2.176777e+01,2.186445e+01,2.196793e+01,2.178159e+01,2.189206e+01,2.185065e+01,2.175395e+01,2.202997e+01,2.188516e+01,2.191965e+01,2.190586e+01,2.197483e+01,2.190586e+01,2.187135e+01,2.192655e+01,2.196104e+01,2.191276e+01,2.185065e+01,2.190586e+01,2.182303e+01,2.190586e+01,2.193345e+01,2.190586e+01,2.189896e+01,2.189206e+01,2.183684e+01,2.181612e+01,2.182303e+01,2.179540e+01,2.182993e+01,2.176086e+01,2.179540e+01,2.180231e+01,2.182303e+01,2.198172e+01,2.183684e+01,2.179540e+01,2.174704e+01,2.177468e+01,2.182993e+01,2.180922e+01,2.190586e+01,2.181612e+01,2.175395e+01,2.179540e+01,2.186445e+01,2.185065e+01,2.190586e+01,2.171248e+01,2.182303e+01,2.180922e+01,2.180231e+01,2.189206e+01,2.182993e+01,2.181612e+01,2.177468e+01,2.187135e+01,2.190586e+01,2.179540e+01,2.182993e+01,2.182993e+01,2.182993e+01,2.182303e+01,2.187825e+01,2.174704e+01,2.172631e+01,2.179540e+01,2.174704e+01,2.179540e+01,2.165717e+01,2.174704e+01,2.172631e+01,2.162258e+01,2.160874e+01,2.165025e+01,2.160874e+01,2.159490e+01,2.171248e+01,2.158798e+01,2.152567e+01,2.153260e+01,2.163642e+01,2.144253e+01,2.160182e+01,2.163642e+01,2.152567e+01,2.150489e+01,2.167100e+01,2.149796e+01,2.156721e+01,2.164334e+01,2.184374e+01,2.168483e+01,2.169866e+01,2.160182e+01,2.182993e+01,2.178159e+01,2.178159e+01,2.172631e+01,2.164334e+01,2.175395e+01,2.157414e+01,2.169175e+01
2.182993e+01,2.167792e+01,2.187825e+01,2.168483e+01,2.174704e+01,2.166409e+01,2.181612e+01,2.158798e+01,2.183684e+01,2.178850e+01,2.167100e+01,2.165717e+01,2.176777e+01,2.165025e+01,2.167792e+01,2.162950e+01,2.142867e+01,2.162950e+01,2.170557e+01,2.156721e+01,2.165025e+01,2.154645e+01,2.192655e+01,2.151182e+01,2.160874e+01,2.157414e+01,2.161566e+01,2.148411e+01,2.160874e+01,2.161566e+01,2.159490e+01,2.154645e+01,2.158798e+01,2.149104e+01,2.147718e+01,2.161566e+01,2.156721e+01,2.158106e+01,2.160874e+01,2.158798e+01,2.158106e+01,2.161566e+01,2.179540e+01,2.156721e+01,2.160874e+01,2.157414e+01,2.155337e+01,2.164334e+01,2.163642e+01,2.165717e+01,2.165717e+01,2.162950e+01,2.154645e+01,2.162258e+01,2.164334e+01,2.154645e+01,2.163642e+01,2.169175e+01,2.162258e+01,2.169866e+01,2.149796e+01,2.158798e+01,2.158106e+01,2.158106e+01,2.160874e+01,2.157414e+01,2.156721e+01,2.155337e+01,2.155337e+01,2.155337e+01,2.163642e+01,2.162258e+01,2.149104e+01,2.160874e+01,2.153260e+01,2.140787e+01,2.155337e+01,2.154645e+01,2.147718e+01,2.151182e+01,2.142174e+01,2.149104e+01,2.145639e+01,2.151875e+01,2.159490e+01,2.147718e+01,2.124828e+01,2.140094e+01,2.149796e+01,2.150489e+01,2.144946e+01,2.149796e+01,2.148411e+01,2.147718e+01,2.148411e+01,2.149796e+01,2.145639e+01,2.162950e+01,2.143560e+01,2.160182e+01,2.151875e+01,2.153952e+01,2.147718e+01,2.166409e+01,2.157414e+01,2.167792e+01,2.156029e+01,2.161566e+01,2.160874e+01,2.165717e+01,2.171940e+01,2.165717e+01,2.168483e+01,2.154645e+01,2.165025e+01,2.162950e+01,2.176086e+01,2.182303e+01,2.171248e+01,2.187135e+01,2.180231e+01,2.184374e+01,2.171248e+01,2.171940e+01,2.176777e+01,2.189896e+01,2.180231e+01,2.186445e+01,2.194035e+01,2.190586e+01,2.187135e+01,2.182303e+01,2.189896e+01,2.190586e+01,2.200241e+01,2.191965e+01,2.189206e+01,2.208509e+01,2.202997e+01,2.209886e+01,2.200930e+01,2.207820e+01,2.219523e+01,2.240142e+01,2.244261e+01,2.243575e+01,2.246320e+01,2.269625e+01,2.294926e+01,2.294926e+01,2.318802e+01,2.318802e+01,2.351457e+01,2.348060e+01,2.359605e+01,2.381978e+01,2.403627e+01,2.404979e+01,2.418485e+01,2.409708e+01,2.415110e+01,2.413085e+01,2.408357e+01,2.388748e+01,2.390102e+01,2.354174e+01,2.312668e+01,2.268255e+01,2.224338e+01,2.205065e+01,2.199551e+01,2.161566e+01,2.157414e+01,2.169175e+01,2.158106e+01,2.155337e+01,2.160874e+01,2.166409e+01,2.160182e+01,2.167792e+01,2.170557e+01,2.161566e+01,2.164334e+01,2.169175e+01,2.162950e+01,2.135933e+01,2.138013e+01,2.128299e+01,2.138013e+01,2.136626e+01,2.133158e+01,2.144253e+01,2.149104e+01,2.127605e+01,2.144253e+01,2.142867e+01,2.158798e+01,2.146332e+01,2.146332e+01,2.161566e+01,2.163642e+01,2.164334e+01,2.160874e+01,2.149796e+01,2.174704e+01,2.174704e+01,2.171940e+01,2.169175e+01,2.184374e+01,2.171248e+01,2.175395e+01,2.176086e+01,2.180922e+01,2.177468e+01,2.165717e+01,2.172631e+01,2.176086e+01,2.164334e+01,2.161566e+01,2.161566e+01,2.161566e+01,2.164334e+01,2.172631e+01,2.162258e+01,2.160182e+01,2.170557e+01,2.144946e+01,2.147025e+01,2.153952e+01,2.154645e+01,2.151875e+01,2.147025e+01,2.153260e+01,2.147718e+01,2.142867e+01,2.135239e+01,2.147718e+01,2.156721e+01,2.168483e+01,2.167100e+01,2.180922e+01,2.197483e+01,2.184374e+01,2.178159e+01,2.144253e+01,2.154645e+01,2.161566e+01,2.194035e+01,2.191276e+01,2.174013e+01,2.157414e+01,2.121355e+01,2.140094e+01,2.126217e+01,2.122744e+01,2.135933e+01,2.151182e+01,2.164334e+01,2.162258e+01,2.143560e+01,2.132464e+01,2.120660e+01,2.123439e+01,2.122744e+01,2.119271e+01,2.131076e+01,2.130382e+01,2.131770e+01,2.133158e+01,2.126911e+01,2.126911e+01,2.135933e+01,2.134545e+01,2.135239e+01,2.144253e+01,2.139400e+01,2.151875e+01,2.156029e+01,2.146332e+01,2.145639e+01,2.153260e+01,2.151875e+01,2.154645e+01,2.164334e+01,2.163642e+01,2.165717e+01,2.160874e+01,2.165025e+01,2.167100e+01,2.163642e+01,2.169866e+01,2.158106e+01,2.171940e+01,2.174013e+01,2.171940e+01,2.176086e+01,2.196793e+01,2.174704e+01,2.175395e+01,2.174013e+01,2.174013e+01,2.171248e+01,2.181612e+01,2.177468e+01,2.168483e+01,2.165717e+01,2.180922e+01,2.167792e+01,2.160182e+01,2.161566e+01,2.162950e+01,2.157414e+01,2.161566e+01,2.162258e+01,2.158798e+01,2.174013e+01,2.198862e+01,2.198862e+01,2.202997e+01,2.202997e+01,2.201619e+01,2.178159e+01,2.178850e+01,2.185755e+01,2.194725e+01,2.185065e+01,2.198172e+01,2.191276e+01,2.193345e+01,2.195414e+01,2.169866e+01,2.178159e+01,2.171248e+01,2.178159e+01,2.169175e+01,2.171248e+01,2.165025e+01,2.174704e+01,2.169175e+01,2.171940e+01,2.158106e+01,2.158798e+01,2.174013e+01,2.158798e+01,2.149796e+01,2.149796e+01,2.173322e+01,2.162950e+01,2.169866e+01,2.168483e+01,2.171248e+01,2.181612e+01,2.175395e+01,2.170557e+01,2.172631e+01,2.171940e+01,2.194035e+01,2.185755e+01,2.184374e+01,2.178159e+01,2.167792e+01,2.180922e+01,2.171940e+01,2.183684e+01,2.188516e+01,2.194035e+01,2.182303e+01,2.195414e+01,2.194725e+01,2.189206e+01,2.180922e+01,2.195414e+01,2.194725e+01,2.185755e+01,2.191965e+01,2.188516e+01,2.208509e+01,2.209198e+01,2.205754e+01,2.212641e+01,2.200930e+01,2.207820e+01,2.197483e+01,2.186445e+01,2.186445e+01,2.182993e+01,2.181612e+01,2.174013e+01,2.179540e+01,2.167792e+01,2.167792e+01,2.166409e+01,2.170557e+01,2.193345e+01,2.200930e+01,2.220899e+01,2.368424e+01,2.552594e+01,2.607087e+01,2.633568e+01,2.628277e+01,2.628938e+01,2.619674e+01,2.619012e+01,2.619012e+01,2.601783e+01,2.610401e+01,2.589839e+01,2.573893e+01,2.573893e+01,2.561917e+01,2.541261e+01,2.537258e+01,2.513210e+01,2.503843e+01,2.493797e+01,2.464275e+01,2.439385e+01,2.415110e+01,2.409708e+01,2.408357e+01,2.371814e+01,2.349419e+01,2.338544e+01,2.307212e+01,2.291510e+01,2.278522e+01,2.243575e+01,2.246320e+01,2.227776e+01,2.211952e+01,2.206442e+01,2.210575e+01,2.196104e+01,2.197483e+01,2.179540e+01,2.161566e+01,2.165025e+01,2.144253e+01,2.146332e+01,2.145639e+01,2.134545e+01,2.138707e+01,2.145639e+01,2.140094e+01,2.140787e+01,2.137320e+01,2.126217e+01,2.135239e+01,2.133851e+01,2.144253e+01,2.138707e+01,2.141480e+01,2.140787e+01,2.130382e+01,2.144946e+01,2.130382e+01,2.128299e+01,2.131770e+01,2.128299e+01,2.149104e+01,2.139400e+01,2.137320e+01,2.145639e+01,2.138013e+01,2.141480e+01,2.144253e+01,2.142174e+01,2.150489e+01,2.158106e+01,2.147718e+01,2.144946e+01,2.142174e+01,2.150489e+01,2.153260e+01,2.154645e+01,2.157414e+01,2.153952e+01,2.157414e+01,2.156029e+01,2.156721e+01,2.153952e+01,2.159490e+01,2.148411e+01,2.156721e+01,2.143560e+01,2.157414e+01,2.133851e+01,2.144946e+01,2.142867e+01,2.132464e+01,2.132464e+01,2.143560e+01,2.148411e+01,2.132464e+01,2.145639e+01,2.133851e+01,2.125522e+01,2.147025e+01,2.144253e+01,2.143560e+01,2.138013e+01,2.157414e+01,2.140094e+01,2.144253e+01,2.148411e+01,2.130382e+01,2.132464e+01,2.128993e+01,2.126217e+01,2.126911e+01,2.127605e+01,2.135933e+01,2.122744e+01,2.126217e+01,2.119966e+01,2.126911e+01,2.124133e+01,2.131770e+01,2.124828e+01,2.119966e+01,2.117186e+01,2.114406e+01,2.119271e+01,2.144946e+01,2.115101e+01,2.124133e+01,2.106061e+01,2.102581e+01,2.106756e+01,2.094923e+01,2.105365e+01,2.087259e+01,2.109539e+01,2.149104e+01,2.169866e+01,2.178850e+01,2.180922e+01,2.178850e+01,2.183684e+01,2.182303e+01,2.185755e+01,2.192655e+01,2.194035e+01,2.191276e+01,2.185755e+01,2.198172e+01,2.193345e+01,2.184374e+01,2.195414e+01,2.188516e+01,2.186445e+01,2.190586e+01,2.201619e+01,2.183684e+01,2.197483e+01,2.194725e+01,2.182303e+01,2.179540e+01,2.190586e+01,2.189206e+01,2.189896e+01,2.184374e+01,2.165025e+01,2.196793e+01,2.191276e+01,2.195414e+01,2.181612e+01,2.176777e+01,2.179540e+01,2.182993e+01,2.189206e+01,2.182303e+01,2.182993e+01,2.179540e+01,2.180231e+01,2.174013e+01,2.185065e+01,2.182993e+01,2.182993e+01,2.185755e+01,2.182303e+01,2.178159e+01,2.187825e+01,2.177468e+01,2.189206e+01,2.191276e+01,2.178850e+01,2.184374e+01,2.178850e+01,2.198172e+01,2.183684e+01,2.184374e+01,2.186445e+01,2.189896e+01,2.182993e+01,2.187135e+01,2.182993e+01,2.173322e+01,2.185755e+01,2.189206e+01,2.178159e+01,2.188516e+01,2.186445e+01,2.188516e+01,2.187825e+01,2.185065e+01,2.175395e+01,2.164334e+01,2.164334e+01,2.165717e+01,2.162950e+01,2.166409e+01,2.149104e+01,2.167100e+01,2.147025e+01,2.155337e+01,2.142174e+01,2.160182e+01,2.160874e+01,2.167100e+01,2.164334e+01,2.162950e+01,2.149104e+01,2.176777e+01,2.154645e+01,2.153952e+01,2.169175e+01,2.176777e+01,2.168483e+01,2.169175e+01,2.176777e+01,2.180231e+01,2.165717e+01,2.177468e+01,2.173322e+01,2.176086e+01,2.169175e+01,2.173322e+01,2.170557e+01
2.178850e+01,2.178850e+01,2.179540e+01,2.180231e+01,2.163642e+01,2.168483e+01,2.172631e+01,2.165717e+01,2.177468e+01,2.180922e+01,2.178850e+01,2.179540e+01,2.160874e+01,2.176086e+01,2.158106e+01,2.162950e+01,2.170557e+01,2.171248e+01,2.175395e+01,2.171248e+01,2.174704e+01,2.153952e+01,2.164334e+01,2.165025e+01,2.154645e+01,2.144253e+01,2.157414e+01,2.154645e+01,2.165025e+01,2.160182e+01,2.171940e+01,2.153260e+01,2.152567e+01,2.144253e+01,2.158798e+01,2.155337e+01,2.150489e+01,2.144946e+01,2.153952e+01,2.157414e+01,2.156029e+01,2.160182e+01,2.159490e+01,2.166409e+01,2.163642e+01,2.162258e+01,2.162258e+01,2.160874e+01,2.171940e+01,2.164334e+01,2.151875e+01,2.155337e+01,2.166409e+01,2.157414e+01,2.162950e+01,2.160182e+01,2.156029e+01,2.164334e+01,2.148411e+01,2.165717e+01,2.160874e+01,2.149104e+01,2.157414e+01,2.157414e+01,2.164334e+01,2.155337e+01,2.162258e+01,2.155337e+01,2.150489e+01,2.147025e+01,2.146332e+01,2.159490e+01,2.155337e+01,2.160874e+01,2.138707e+01,2.149104e+01,2.146332e+01,2.154645e+01,2.144253e+01,2.144946e+01,2.142174e+01,2.142174e+01,2.142174e+01,2.147718e+01,2.142174e+01,2.153260e+01,2.133158e+01,2.151182e+01,2.153260e+01,2.143560e+01,2.156029e+01,2.146332e+01,2.147718e+01,2.151182e+01,2.151875e+01,2.149104e+01,2.146332e+01,2.145639e+01,2.162258e+01,2.149104e+01,2.153260e+01,2.153260e+01,2.154645e+01,2.158106e+01,2.157414e+01,2.165717e+01,2.153952e+01,2.150489e+01,2.165025e+01,2.169866e+01,2.171248e+01,2.167100e+01,2.160874e+01,2.156721e+01,2.172631e+01,2.161566e+01,2.161566e+01,2.160874e+01,2.180231e+01,2.160874e+01,2.160182e+01,2.169175e+01,2.169175e+01,2.185755e+01,2.183684e+01,2.174704e+01,2.176086e+01,2.189896e+01,2.184374e+01,2.181612e+01,2.191965e+01,2.200930e+01,2.182993e+01,2.182303e+01,2.196793e+01,2.196104e+01,2.204376e+01,2.204376e+01,2.201619e+01,2.207131e+01,2.216771e+01,2.211263e+01,2.210575e+01,2.251122e+01,2.251808e+01,2.251808e+01,2.256608e+01,2.287410e+01,2.288777e+01,2.316076e+01,2.322209e+01,2.338544e+01,2.345342e+01,2.384687e+01,2.388748e+01,2.411734e+01,2.421859e+01,2.422533e+01,2.422533e+01,2.425231e+01,2.426580e+01,2.415110e+01,2.413085e+01,2.411734e+01,2.410383e+01,2.382655e+01,2.341944e+01,2.272363e+01,2.230525e+01,2.225713e+01,2.198862e+01,2.178159e+01,2.158106e+01,2.177468e+01,2.154645e+01,2.173322e+01,2.156029e+01,2.168483e+01,2.171248e+01,2.167792e+01,2.160182e+01,2.165025e+01,2.143560e+01,2.163642e+01,2.149104e+01,2.153260e+01,2.153260e+01,2.139400e+01,2.124133e+01,2.126217e+01,2.137320e+01,2.133851e+01,2.135933e+01,2.135933e+01,2.129688e+01,2.143560e+01,2.144253e+01,2.135933e+01,2.154645e+01,2.149104e+01,2.158106e+01,2.156029e+01,2.158106e+01,2.171248e+01,2.166409e+01,2.162950e+01,2.160182e+01,2.167100e+01,2.158798e+01,2.168483e+01,2.169866e+01,2.175395e+01,2.173322e+01,2.171940e+01,2.177468e+01,2.172631e+01,2.165717e+01,2.170557e+01,2.169866e+01,2.177468e+01,2.163642e+01,2.165717e+01,2.162258e+01,2.163642e+01,2.165025e+01,2.153952e+01,2.144946e+01,2.156029e+01,2.155337e+01,2.151182e+01,2.154645e+01,2.146332e+01,2.154645e+01,2.144253e+01,2.135933e+01,2.149104e+01,2.151875e+01,2.149104e+01,2.162950e+01,2.170557e+01,2.190586e+01,2.183684e+01,2.176777e+01,2.147718e+01,2.133158e+01,2.139400e+01,2.140094e+01,2.194725e+01,2.194725e+01,2.192655e+01,2.174013e+01,2.174704e+01,2.152567e+01,2.135239e+01,2.127605e+01,2.128993e+01,2.141480e+01,2.156029e+01,2.144253e+01,2.131770e+01,2.131076e+01,2.128993e+01,2.124828e+01,2.134545e+01,2.122050e+01,2.127605e+01,2.122744e+01,2.131770e+01,2.117186e+01,2.131770e+01,2.133851e+01,2.135239e+01,2.133158e+01,2.144253e+01,2.128299e+01,2.142867e+01,2.147718e+01,2.164334e+01,2.148411e+01,2.144946e+01,2.165717e+01,2.151182e+01,2.162950e+01,2.167100e+01,2.153952e+01,2.151182e+01,2.165025e+01,2.167792e+01,2.162258e+01,2.174013e+01,2.161566e+01,2.162258e+01,2.159490e+01,2.172631e+01,2.180231e+01,2.178159e+01,2.187825e+01,2.178159e+01,2.173322e+01,2.176086e+01,2.176086e+01,2.172631e+01,2.173322e+01,2.169175e+01,2.169866e+01,2.170557e+01,2.178850e+01,2.159490e+01,2.169866e+01,2.165717e+01,2.147718e+01,2.161566e+01,2.159490e+01,2.147025e+01,2.145639e+01,2.156721e+01,2.164334e+01,2.200930e+01,2.197483e+01,2.196793e+01,2.196793e+01,2.209198e+01,2.196104e+01,2.194725e+01,2.205065e+01,2.183684e+01,2.195414e+01,2.191276e+01,2.195414e+01,2.198172e+01,2.168483e+01,2.180922e+01,2.178159e+01,2.175395e+01,2.161566e+01,2.150489e+01,2.155337e+01,2.148411e+01,2.149796e+01,2.158106e+01,2.161566e+01,2.165717e+01,2.159490e+01,2.163642e+01,2.162950e+01,2.169175e+01,2.160874e+01,2.174013e+01,2.162950e+01,2.174704e+01,2.184374e+01,2.168483e+01,2.167100e+01,2.180922e+01,2.182303e+01,2.185065e+01,2.178159e+01,2.184374e+01,2.173322e+01,2.182993e+01,2.185755e+01,2.177468e+01,2.179540e+01,2.170557e+01,2.188516e+01,2.185755e+01,2.191276e+01,2.180922e+01,2.192655e+01,2.189206e+01,2.184374e+01,2.190586e+01,2.192655e+01,2.188516e+01,2.194725e+01,2.191276e+01,2.189206e+01,2.202308e+01,2.191276e+01,2.207131e+01,2.175395e+01,2.190586e+01,2.187825e+01,2.182993e+01,2.185755e+01,2.185065e+01,2.165025e+01,2.164334e+01,2.167792e+01,2.166409e+01,2.167792e+01,2.169175e+01,2.167792e+01,2.167792e+01,2.173322e+01,2.194035e+01,2.212641e+01,2.304483e+01,2.458898e+01,2.596476e+01,2.620998e+01,2.619674e+01,2.624307e+01,2.620998e+01,2.623645e+01,2.598467e+01,2.589839e+01,2.585855e+01,2.588511e+01,2.561252e+01,2.553260e+01,2.569237e+01,2.539927e+01,2.532586e+01,2.511872e+01,2.490447e+01,2.476362e+01,2.444098e+01,2.438038e+01,2.415110e+01,2.429277e+01,2.389425e+01,2.352136e+01,2.337183e+01,2.333782e+01,2.295609e+01,2.275785e+01,2.276469e+01,2.269625e+01,2.242888e+01,2.230525e+01,2.214706e+01,2.203687e+01,2.204376e+01,2.196104e+01,2.187135e+01,2.186445e+01,2.166409e+01,2.151875e+01,2.140787e+01,2.138707e+01,2.136626e+01,2.140094e+01,2.138013e+01,2.133158e+01,2.140787e+01,2.135933e+01,2.136626e+01,2.134545e+01,2.124828e+01,2.151182e+01,2.146332e+01,2.131076e+01,2.143560e+01,2.142174e+01,2.131076e+01,2.126911e+01,2.132464e+01,2.128993e+01,2.127605e+01,2.120660e+01,2.140094e+01,2.140094e+01,2.136626e+01,2.141480e+01,2.142174e+01,2.134545e+01,2.143560e+01,2.147025e+01,2.135239e+01,2.144253e+01,2.147025e+01,2.142867e+01,2.148411e+01,2.147025e+01,2.146332e+01,2.151182e+01,2.142174e+01,2.150489e+01,2.157414e+01,2.151875e+01,2.149796e+01,2.156029e+01,2.146332e+01,2.156721e+01,2.136626e+01,2.144253e+01,2.149104e+01,2.144253e+01,2.122744e+01,2.140787e+01,2.141480e+01,2.132464e+01,2.144253e+01,2.141480e+01,2.133851e+01,2.122744e+01,2.133158e+01,2.140094e+01,2.133158e+01,2.133851e+01,2.132464e+01,2.129688e+01,2.146332e+01,2.135239e+01,2.126911e+01,2.140787e+01,2.122744e+01,2.127605e+01,2.126911e+01,2.115101e+01,2.137320e+01,2.121355e+01,2.126911e+01,2.121355e+01,2.120660e+01,2.131076e+01,2.127605e+01,2.122050e+01,2.116491e+01,2.115796e+01,2.118576e+01,2.124133e+01,2.126911e+01,2.120660e+01,2.101885e+01,2.109539e+01,2.103973e+01,2.105365e+01,2.104669e+01,2.099797e+01,2.093530e+01,2.085168e+01,2.105365e+01,2.119966e+01,2.164334e+01,2.175395e+01,2.192655e+01,2.182303e+01,2.182303e+01,2.181612e+01,2.199551e+01,2.177468e+01,2.186445e+01,2.191965e+01,2.190586e+01,2.195414e+01,2.195414e+01,2.185755e+01,2.189896e+01,2.192655e+01,2.198172e+01,2.183684e+01,2.184374e+01,2.185065e+01,2.191276e+01,2.184374e+01,2.175395e+01,2.190586e+01,2.190586e+01,2.198172e+01,2.190586e+01,2.187825e+01,2.189206e+01,2.187825e+01,2.191965e+01,2.183684e+01,2.177468e+01,2.187825e+01,2.178159e+01,2.179540e+01,2.185065e+01,2.178159e+01,2.182303e+01,2.195414e+01,2.181612e+01,2.190586e+01,2.182303e+01,2.178850e+01,2.198172e+01,2.191965e+01,2.185065e+01,2.178159e+01,2.197483e+01,2.185065e+01,2.187135e+01,2.187135e+01,2.186445e+01,2.198172e+01,2.196793e+01,2.201619e+01,2.182993e+01,2.183684e+01,2.196104e+01,2.192655e+01,2.187825e+01,2.184374e+01,2.181612e+01,2.178850e+01,2.178850e+01,2.180922e+01,2.170557e+01,2.177468e+01,2.169175e+01,2.176086e+01,2.181612e+01,2.164334e+01,2.175395e+01,2.172631e+01,2.169175e+01,2.162258e+01,2.171248e+01,2.169866e+01,2.151875e+01,2.168483e+01,2.173322e+01,2.160182e+01,2.160182e+01,2.164334e+01,2.156721e+01,2.150489e+01,2.149796e+01,2.160874e+01,2.157414e+01,2.169175e+01,2.162258e+01,2.178159e+01,2.164334e+01,2.163642e+01,2.158106e+01,2.174013e+01,2.174013e+01,2.177468e+01,2.176777e+01,2.173322e+01,2.159490e+01,2.173322e+01,2.173322e+01,2.185065e+01,2.177468e+01
2.166409e+01,2.165025e+01,2.163642e+01,2.165717e+01,2.185065e+01,2.172631e+01,2.169175e+01,2.178850e+01,2.181612e+01,2.171940e+01,2.171940e+01,2.174013e+01,2.158798e+01,2.178850e+01,2.161566e+01,2.158106e+01,2.164334e+01,2.172631e+01,2.158106e+01,2.157414e+01,2.153260e+01,2.153260e+01,2.169866e+01,2.149796e+01,2.152567e+01,2.154645e+01,2.142867e+01,2.147718e+01,2.145639e+01,2.151875e+01,2.174013e+01,2.146332e+01,2.152567e+01,2.151182e+01,2.154645e+01,2.156721e+01,2.154645e+01,2.156029e+01,2.153260e+01,2.157414e+01,2.158798e+01,2.159490e+01,2.160874e+01,2.159490e+01,2.157414e+01,2.160182e+01,2.169175e+01,2.161566e+01,2.161566e+01,2.162950e+01,2.159490e+01,2.162258e+01,2.149104e+01,2.150489e+01,2.162258e+01,2.151182e+01,2.144946e+01,2.155337e+01,2.166409e+01,2.162258e+01,2.160874e+01,2.156721e+01,2.149796e+01,2.157414e+01,2.162258e+01,2.146332e+01,2.154645e+01,2.156721e+01,2.155337e+01,2.145639e+01,2.160182e+01,2.157414e+01,2.134545e+01,2.137320e+01,2.156029e+01,2.137320e+01,2.147718e+01,2.159490e+01,2.150489e+01,2.142867e+01,2.144946e+01,2.144253e+01,2.155337e+01,2.149796e+01,2.144253e+01,2.148411e+01,2.138707e+01,2.156029e+01,2.150489e+01,2.158798e+01,2.147718e+01,2.149796e+01,2.147025e+01,2.153260e+01,2.143560e+01,2.149104e+01,2.146332e+01,2.160182e+01,2.150489e+01,2.159490e+01,2.144253e+01,2.162950e+01,2.161566e+01,2.158798e+01,2.161566e+01,2.162258e+01,2.165717e+01,2.152567e+01,2.162258e+01,2.162258e+01,2.153260e+01,2.163642e+01,2.159490e+01,2.155337e+01,2.164334e+01,2.175395e+01,2.165717e+01,2.170557e+01,2.164334e+01,2.167100e+01,2.187135e+01,2.166409e+01,2.184374e+01,2.174704e+01,2.182993e+01,2.187135e+01,2.183684e+01,2.183684e+01,2.189896e+01,2.185065e+01,2.196793e+01,2.188516e+01,2.174704e+01,2.191965e+01,2.181612e+01,2.201619e+01,2.206442e+01,2.207131e+01,2.207131e+01,2.219523e+01,2.216771e+01,2.205754e+01,2.214017e+01,2.241516e+01,2.253180e+01,2.255923e+01,2.288777e+01,2.287410e+01,2.318121e+01,2.318802e+01,2.339224e+01,2.361641e+01,2.365711e+01,2.387395e+01,2.415785e+01,2.422533e+01,2.453519e+01,2.452846e+01,2.454864e+01,2.453519e+01,2.451501e+01,2.424557e+01,2.445445e+01,2.419160e+01,2.418485e+01,2.406330e+01,2.339904e+01,2.294926e+01,2.263461e+01,2.229838e+01,2.203687e+01,2.178159e+01,2.177468e+01,2.171940e+01,2.161566e+01,2.160182e+01,2.169866e+01,2.165025e+01,2.155337e+01,2.169175e+01,2.169175e+01,2.166409e+01,2.177468e+01,2.160182e+01,2.165025e+01,2.165717e+01,2.162950e+01,2.142867e+01,2.135239e+01,2.122744e+01,2.126217e+01,2.133851e+01,2.129688e+01,2.147718e+01,2.137320e+01,2.135239e+01,2.140787e+01,2.147718e+01,2.151182e+01,2.151875e+01,2.149796e+01,2.158106e+01,2.158106e+01,2.160874e+01,2.159490e+01,2.164334e+01,2.158106e+01,2.170557e+01,2.183684e+01,2.165025e+01,2.173322e+01,2.173322e+01,2.173322e+01,2.175395e+01,2.178850e+01,2.174704e+01,2.162950e+01,2.162258e+01,2.176777e+01,2.169866e+01,2.167100e+01,2.167100e+01,2.171248e+01,2.157414e+01,2.163642e+01,2.151182e+01,2.151182e+01,2.162258e+01,2.148411e+01,2.153260e+01,2.143560e+01,2.163642e+01,2.138707e+01,2.150489e+01,2.149104e+01,2.149104e+01,2.138013e+01,2.150489e+01,2.162258e+01,2.175395e+01,2.175395e+01,2.175395e+01,2.173322e+01,2.139400e+01,2.140094e+01,2.138707e+01,2.152567e+01,2.185065e+01,2.193345e+01,2.194725e+01,2.181612e+01,2.187825e+01,2.164334e+01,2.131076e+01,2.118576e+01,2.133851e+01,2.138013e+01,2.154645e+01,2.147025e+01,2.119271e+01,2.118576e+01,2.126217e+01,2.123439e+01,2.127605e+01,2.131770e+01,2.126911e+01,2.153952e+01,2.149796e+01,2.135239e+01,2.133851e+01,2.133158e+01,2.134545e+01,2.154645e+01,2.137320e+01,2.146332e+01,2.153260e+01,2.131076e+01,2.148411e+01,2.145639e+01,2.149796e+01,2.149796e+01,2.151182e+01,2.160874e+01,2.152567e+01,2.166409e+01,2.153952e+01,2.167100e+01,2.162950e+01,2.158106e+01,2.179540e+01,2.165717e+01,2.167100e+01,2.162258e+01,2.170557e+01,2.178850e+01,2.169175e+01,2.164334e+01,2.178159e+01,2.173322e+01,2.180231e+01,2.180922e+01,2.171940e+01,2.174704e+01,2.168483e+01,2.169866e+01,2.182303e+01,2.181612e+01,2.162258e+01,2.169866e+01,2.171940e+01,2.164334e+01,2.186445e+01,2.162258e+01,2.159490e+01,2.147718e+01,2.153260e+01,2.160182e+01,2.184374e+01,2.177468e+01,2.196104e+01,2.196793e+01,2.198862e+01,2.197483e+01,2.194035e+01,2.196104e+01,2.191965e+01,2.194725e+01,2.185755e+01,2.190586e+01,2.202997e+01,2.174704e+01,2.169866e+01,2.166409e+01,2.169175e+01,2.154645e+01,2.148411e+01,2.161566e+01,2.151182e+01,2.156721e+01,2.154645e+01,2.166409e+01,2.160182e+01,2.174013e+01,2.160874e+01,2.176777e+01,2.159490e+01,2.170557e+01,2.169175e+01,2.168483e+01,2.162950e+01,2.170557e+01,2.162258e+01,2.187825e+01,2.185065e+01,2.167792e+01,2.162950e+01,2.169866e+01,2.184374e+01,2.169175e+01,2.168483e+01,2.179540e+01,2.172631e+01,2.181612e+01,2.185755e+01,2.193345e+01,2.185065e+01,2.189206e+01,2.186445e+01,2.193345e+01,2.182303e+01,2.187135e+01,2.194725e+01,2.188516e+01,2.188516e+01,2.193345e+01,2.186445e+01,2.189206e+01,2.202997e+01,2.194035e+01,2.192655e+01,2.191276e+01,2.176086e+01,2.185755e+01,2.180922e+01,2.185065e+01,2.182303e+01,2.167100e+01,2.165025e+01,2.170557e+01,2.167792e+01,2.164334e+01,2.164334e+01,2.153952e+01,2.163642e+01,2.163642e+01,2.168483e+01,2.168483e+01,2.198862e+01,2.248379e+01,2.467634e+01,2.586519e+01,2.589175e+01,2.619674e+01,2.619674e+01,2.623645e+01,2.592495e+01,2.597803e+01,2.583198e+01,2.577217e+01,2.578546e+01,2.571233e+01,2.543262e+01,2.537925e+01,2.539927e+01,2.511872e+01,2.490447e+01,2.485084e+01,2.475691e+01,2.447464e+01,2.433995e+01,2.423882e+01,2.391455e+01,2.380623e+01,2.365033e+01,2.337183e+01,2.296975e+01,2.288094e+01,2.274416e+01,2.275785e+01,2.251808e+01,2.235335e+01,2.218835e+01,2.217459e+01,2.211263e+01,2.198862e+01,2.200241e+01,2.191965e+01,2.168483e+01,2.143560e+01,2.147718e+01,2.136626e+01,2.133158e+01,2.138013e+01,2.134545e+01,2.138707e+01,2.121355e+01,2.131076e+01,2.127605e+01,2.137320e+01,2.143560e+01,2.143560e+01,2.138707e+01,2.144253e+01,2.141480e+01,2.142174e+01,2.128993e+01,2.137320e+01,2.128993e+01,2.136626e+01,2.144253e+01,2.129688e+01,2.131770e+01,2.132464e+01,2.138013e+01,2.138013e+01,2.137320e+01,2.140787e+01,2.141480e+01,2.141480e+01,2.139400e+01,2.144253e+01,2.146332e+01,2.142174e+01,2.133158e+01,2.146332e+01,2.148411e+01,2.149104e+01,2.145639e+01,2.166409e+01,2.143560e+01,2.153260e+01,2.141480e+01,2.151182e+01,2.150489e+01,2.142174e+01,2.149796e+01,2.142867e+01,2.139400e+01,2.133158e+01,2.136626e+01,2.144253e+01,2.118576e+01,2.148411e+01,2.135239e+01,2.124828e+01,2.136626e+01,2.138013e+01,2.127605e+01,2.122744e+01,2.135239e+01,2.131770e+01,2.131076e+01,2.131770e+01,2.141480e+01,2.135933e+01,2.133158e+01,2.132464e+01,2.144253e+01,2.128993e+01,2.129688e+01,2.126217e+01,2.128993e+01,2.116491e+01,2.138013e+01,2.122744e+01,2.131770e+01,2.118576e+01,2.124828e+01,2.118576e+01,2.128299e+01,2.117881e+01,2.117881e+01,2.117186e+01,2.114406e+01,2.110234e+01,2.108843e+01,2.108148e+01,2.110929e+01,2.101885e+01,2.101189e+01,2.111625e+01,2.108843e+01,2.108148e+01,2.088653e+01,2.133158e+01,2.180231e+01,2.181612e+01,2.178850e+01,2.189896e+01,2.182993e+01,2.191276e+01,2.191965e+01,2.189206e+01,2.191965e+01,2.190586e+01,2.187825e+01,2.184374e+01,2.186445e+01,2.182303e+01,2.189896e+01,2.187825e+01,2.186445e+01,2.198172e+01,2.187825e+01,2.195414e+01,2.184374e+01,2.191276e+01,2.182303e+01,2.191965e+01,2.191965e+01,2.198862e+01,2.188516e+01,2.179540e+01,2.184374e+01,2.200241e+01,2.188516e+01,2.199551e+01,2.195414e+01,2.189206e+01,2.171248e+01,2.169866e+01,2.169866e+01,2.191276e+01,2.173322e+01,2.194725e+01,2.183684e+01,2.189896e+01,2.192655e+01,2.185065e+01,2.191276e+01,2.196793e+01,2.191965e+01,2.193345e+01,2.188516e+01,2.193345e+01,2.200241e+01,2.197483e+01,2.185065e+01,2.195414e+01,2.193345e+01,2.198172e+01,2.182993e+01,2.187825e+01,2.189206e+01,2.189206e+01,2.184374e+01,2.186445e+01,2.200241e+01,2.200930e+01,2.185065e+01,2.182303e+01,2.187825e+01,2.191965e+01,2.185755e+01,2.167100e+01,2.178159e+01,2.187825e+01,2.185065e+01,2.173322e+01,2.170557e+01,2.165025e+01,2.169175e+01,2.170557e+01,2.173322e+01,2.174013e+01,2.162950e+01,2.163642e+01,2.162950e+01,2.159490e+01,2.157414e+01,2.158106e+01,2.160874e+01,2.165025e+01,2.159490e+01,2.159490e+01,2.153952e+01,2.169866e+01,2.168483e+01,2.175395e+01,2.170557e+01,2.176777e+01,2.175395e+01,2.176777e+01,2.173322e+01,2.174704e+01,2.174704e+01,2.170557e+01,2.174013e+01,2.172631e+01,2.168483e+01
2.176777e+01,2.173322e+01,2.178159e+01,2.175395e+01,2.178850e+01,2.179540e+01,2.176777e+01,2.182303e+01,2.164334e+01,2.167100e+01,2.177468e+01,2.180231e+01,2.166409e+01,2.177468e+01,2.176086e+01,2.150489e+01,2.154645e+01,2.158106e+01,2.151875e+01,2.159490e+01,2.152567e+01,2.158798e+01,2.151182e+01,2.151182e+01,2.151182e+01,2.163642e+01,2.162258e+01,2.156721e+01,2.169866e+01,2.145639e+01,2.150489e+01,2.159490e+01,2.155337e+01,2.151182e+01,2.155337e+01,2.158798e+01,2.156029e+01,2.156029e+01,2.156721e+01,2.160182e+01,2.158106e+01,2.160182e+01,2.172631e+01,2.157414e+01,2.160874e+01,2.166409e+01,2.164334e+01,2.159490e+01,2.156721e+01,2.162950e+01,2.157414e+01,2.150489e+01,2.153260e+01,2.149104e+01,2.160874e+01,2.160182e+01,2.160874e+01,2.153952e+01,2.156029e+01,2.151875e+01,2.153260e+01,2.160874e+01,2.158106e+01,2.142867e+01,2.160182e+01,2.165025e+01,2.165717e+01,2.167100e+01,2.154645e+01,2.153260e+01,2.151875e+01,2.155337e+01,2.158106e+01,2.155337e+01,2.158106e+01,2.140787e+01,2.138013e+01,2.160874e+01,2.161566e+01,2.150489e+01,2.161566e+01,2.161566e+01,2.149104e+01,2.160874e+01,2.144946e+01,2.153952e+01,2.145639e+01,2.155337e+01,2.143560e+01,2.150489e+01,2.142174e+01,2.153952e+01,2.144946e+01,2.149104e+01,2.149104e+01,2.142867e+01,2.152567e+01,2.156029e+01,2.149796e+01,2.148411e+01,2.149796e+01,2.160874e+01,2.155337e+01,2.165025e+01,2.157414e+01,2.158106e+01,2.163642e+01,2.164334e+01,2.167100e+01,2.163642e+01,2.169866e+01,2.159490e+01,2.156721e+01,2.162950e+01,2.156721e+01,2.171940e+01,2.169866e+01,2.174704e+01,2.171248e+01,2.169866e+01,2.171940e+01,2.167100e+01,2.185065e+01,2.185065e+01,2.177468e+01,2.176777e+01,2.181612e+01,2.184374e+01,2.192655e+01,2.168483e+01,2.187135e+01,2.196793e+01,2.189896e+01,2.198172e+01,2.201619e+01,2.205754e+01,2.200241e+01,2.204376e+01,2.212641e+01,2.206442e+01,2.226401e+01,2.219523e+01,2.227088e+01,2.230525e+01,2.253180e+01,2.273047e+01,2.292194e+01,2.316076e+01,2.320165e+01,2.321527e+01,2.341264e+01,2.373170e+01,2.410383e+01,2.422533e+01,2.429951e+01,2.431973e+01,2.433995e+01,2.455536e+01,2.457554e+01,2.457554e+01,2.457554e+01,2.460243e+01,2.450828e+01,2.442752e+01,2.417135e+01,2.413760e+01,2.373170e+01,2.302436e+01,2.279889e+01,2.234648e+01,2.204376e+01,2.177468e+01,2.178159e+01,2.176086e+01,2.175395e+01,2.158106e+01,2.167792e+01,2.168483e+01,2.169175e+01,2.172631e+01,2.164334e+01,2.163642e+01,2.166409e+01,2.164334e+01,2.165717e+01,2.164334e+01,2.162950e+01,2.162950e+01,2.161566e+01,2.140787e+01,2.127605e+01,2.115101e+01,2.126911e+01,2.122744e+01,2.130382e+01,2.136626e+01,2.132464e+01,2.130382e+01,2.130382e+01,2.142174e+01,2.144253e+01,2.157414e+01,2.156721e+01,2.158106e+01,2.169866e+01,2.160182e+01,2.159490e+01,2.156721e+01,2.169175e+01,2.158106e+01,2.172631e+01,2.173322e+01,2.174704e+01,2.177468e+01,2.178159e+01,2.178159e+01,2.166409e+01,2.165025e+01,2.162950e+01,2.166409e+01,2.167100e+01,2.158798e+01,2.163642e+01,2.158106e+01,2.148411e+01,2.152567e+01,2.145639e+01,2.147718e+01,2.152567e+01,2.153952e+01,2.156029e+01,2.151875e+01,2.148411e+01,2.152567e+01,2.144946e+01,2.152567e+01,2.150489e+01,2.153952e+01,2.144946e+01,2.176086e+01,2.169175e+01,2.176086e+01,2.131076e+01,2.152567e+01,2.138707e+01,2.153260e+01,2.157414e+01,2.192655e+01,2.205754e+01,2.196793e+01,2.198172e+01,2.197483e+01,2.174013e+01,2.147025e+01,2.125522e+01,2.124828e+01,2.127605e+01,2.126911e+01,2.136626e+01,2.134545e+01,2.136626e+01,2.125522e+01,2.119271e+01,2.135933e+01,2.130382e+01,2.135239e+01,2.146332e+01,2.164334e+01,2.160874e+01,2.153260e+01,2.144946e+01,2.147718e+01,2.150489e+01,2.132464e+01,2.143560e+01,2.147025e+01,2.150489e+01,2.147718e+01,2.155337e+01,2.164334e+01,2.153260e+01,2.164334e+01,2.162258e+01,2.152567e+01,2.151875e+01,2.162258e+01,2.156721e+01,2.164334e+01,2.171940e+01,2.170557e+01,2.174704e+01,2.159490e+01,2.166409e+01,2.169866e+01,2.166409e+01,2.171248e+01,2.160874e+01,2.172631e+01,2.183684e+01,2.167100e+01,2.168483e+01,2.174704e+01,2.165025e+01,2.176777e+01,2.182993e+01,2.181612e+01,2.169175e+01,2.163642e+01,2.178159e+01,2.162950e+01,2.171248e+01,2.169866e+01,2.144946e+01,2.169866e+01,2.144253e+01,2.146332e+01,2.146332e+01,2.162950e+01,2.186445e+01,2.200241e+01,2.194725e+01,2.200241e+01,2.199551e+01,2.196793e+01,2.187825e+01,2.194725e+01,2.190586e+01,2.194035e+01,2.180231e+01,2.182993e+01,2.201619e+01,2.176777e+01,2.178850e+01,2.151182e+01,2.151182e+01,2.144253e+01,2.148411e+01,2.160874e+01,2.156721e+01,2.163642e+01,2.162950e+01,2.156721e+01,2.160874e+01,2.162258e+01,2.158798e+01,2.160182e+01,2.170557e+01,2.169175e+01,2.170557e+01,2.172631e+01,2.170557e+01,2.170557e+01,2.171248e+01,2.174704e+01,2.167792e+01,2.165717e+01,2.171940e+01,2.163642e+01,2.176086e+01,2.180231e+01,2.171940e+01,2.170557e+01,2.188516e+01,2.181612e+01,2.182303e+01,2.177468e+01,2.189896e+01,2.184374e+01,2.194725e+01,2.194725e+01,2.182303e+01,2.190586e+01,2.187825e+01,2.191965e+01,2.194035e+01,2.185755e+01,2.194035e+01,2.179540e+01,2.189206e+01,2.181612e+01,2.189206e+01,2.175395e+01,2.182993e+01,2.177468e+01,2.174013e+01,2.178850e+01,2.178850e+01,2.160182e+01,2.166409e+01,2.167100e+01,2.158106e+01,2.165717e+01,2.165025e+01,2.163642e+01,2.149104e+01,2.162258e+01,2.167100e+01,2.169175e+01,2.177468e+01,2.244948e+01,2.436017e+01,2.555258e+01,2.597140e+01,2.600457e+01,2.599130e+01,2.601783e+01,2.591167e+01,2.588511e+01,2.588511e+01,2.581205e+01,2.577882e+01,2.562583e+01,2.563249e+01,2.537258e+01,2.520564e+01,2.524573e+01,2.479718e+01,2.478376e+01,2.436690e+01,2.444098e+01,2.427254e+01,2.402951e+01,2.388748e+01,2.352816e+01,2.346022e+01,2.331060e+01,2.315395e+01,2.282625e+01,2.279889e+01,2.255237e+01,2.251122e+01,2.222962e+01,2.211263e+01,2.215394e+01,2.217459e+01,2.194035e+01,2.186445e+01,2.181612e+01,2.185065e+01,2.149796e+01,2.130382e+01,2.131076e+01,2.138013e+01,2.135239e+01,2.133158e+01,2.132464e+01,2.127605e+01,2.122050e+01,2.127605e+01,2.150489e+01,2.149796e+01,2.152567e+01,2.143560e+01,2.138707e+01,2.137320e+01,2.130382e+01,2.138013e+01,2.147025e+01,2.128993e+01,2.129688e+01,2.129688e+01,2.129688e+01,2.140094e+01,2.143560e+01,2.137320e+01,2.133851e+01,2.141480e+01,2.146332e+01,2.138013e+01,2.140094e+01,2.146332e+01,2.146332e+01,2.147025e+01,2.152567e+01,2.149104e+01,2.149104e+01,2.143560e+01,2.150489e+01,2.142174e+01,2.149104e+01,2.140787e+01,2.153260e+01,2.140094e+01,2.140787e+01,2.140787e+01,2.145639e+01,2.148411e+01,2.140094e+01,2.140787e+01,2.119271e+01,2.137320e+01,2.132464e+01,2.133158e+01,2.128993e+01,2.123439e+01,2.135239e+01,2.117881e+01,2.121355e+01,2.133851e+01,2.125522e+01,2.135239e+01,2.130382e+01,2.127605e+01,2.125522e+01,2.126911e+01,2.130382e+01,2.134545e+01,2.135933e+01,2.124133e+01,2.122744e+01,2.131076e+01,2.122050e+01,2.125522e+01,2.135239e+01,2.114406e+01,2.124828e+01,2.119271e+01,2.121355e+01,2.113015e+01,2.114406e+01,2.111625e+01,2.103973e+01,2.122744e+01,2.108148e+01,2.116491e+01,2.107452e+01,2.108843e+01,2.104669e+01,2.108148e+01,2.098405e+01,2.101885e+01,2.101189e+01,2.094923e+01,2.090743e+01,2.128993e+01,2.164334e+01,2.181612e+01,2.185065e+01,2.187825e+01,2.198172e+01,2.188516e+01,2.189896e+01,2.183684e+01,2.189206e+01,2.178159e+01,2.182303e+01,2.187825e+01,2.180231e+01,2.178850e+01,2.187825e+01,2.198172e+01,2.196793e+01,2.194035e+01,2.194725e+01,2.187135e+01,2.189896e+01,2.191276e+01,2.194725e+01,2.191276e+01,2.192655e+01,2.187135e+01,2.193345e+01,2.187135e+01,2.191276e+01,2.189206e+01,2.182993e+01,2.181612e+01,2.182993e+01,2.191965e+01,2.190586e+01,2.195414e+01,2.181612e+01,2.190586e+01,2.196793e+01,2.189206e+01,2.194725e+01,2.191276e+01,2.191276e+01,2.190586e+01,2.186445e+01,2.191965e+01,2.192655e+01,2.197483e+01,2.184374e+01,2.200241e+01,2.196793e+01,2.195414e+01,2.200930e+01,2.200241e+01,2.196793e+01,2.200241e+01,2.190586e+01,2.191276e+01,2.191965e+01,2.185065e+01,2.209886e+01,2.197483e+01,2.199551e+01,2.187825e+01,2.191965e+01,2.189896e+01,2.191965e+01,2.191965e+01,2.191965e+01,2.196104e+01,2.178850e+01,2.177468e+01,2.171940e+01,2.171248e+01,2.170557e+01,2.174013e+01,2.169866e+01,2.167100e+01,2.167792e+01,2.162258e+01,2.165717e+01,2.169866e+01,2.157414e+01,2.165025e+01,2.176086e+01,2.149796e+01,2.160874e+01,2.167100e+01,2.156721e+01,2.159490e+01,2.162950e+01,2.166409e+01,2.167100e+01,2.167792e+01,2.166409e+01,2.174013e+01,2.176777e+01,2.174013e+01,2.172631e+01,2.171248e+01,2.165717e+01,2.175395e+01,2.175395e+01,2.171248e+01,2.169866e+01
2.171248e+01,2.172631e+01,2.172631e+01,2.171248e+01,2.168483e+01,2.161566e+01,2.180231e+01,2.178159e+01,2.178850e+01,2.178159e+01,2.175395e+01,2.193345e+01,2.160874e+01,2.178159e+01,2.172631e+01,2.157414e+01,2.160182e+01,2.171248e+01,2.162258e+01,2.156721e+01,2.163642e+01,2.160874e+01,2.172631e+01,2.150489e+01,2.150489e+01,2.149104e+01,2.184374e+01,2.149796e+01,2.157414e+01,2.155337e+01,2.140094e+01,2.151875e+01,2.166409e+01,2.158106e+01,2.153260e+01,2.147025e+01,2.158798e+01,2.158106e+01,2.157414e+01,2.149104e+01,2.160182e+01,2.148411e+01,2.156029e+01,2.157414e+01,2.151875e+01,2.160874e+01,2.165025e+01,2.165025e+01,2.162258e+01,2.160182e+01,2.153952e+01,2.151182e+01,2.151875e+01,2.151182e+01,2.151875e+01,2.153952e+01,2.156029e+01,2.159490e+01,2.158798e+01,2.159490e+01,2.155337e+01,2.150489e+01,2.160874e+01,2.151182e+01,2.156029e+01,2.144253e+01,2.121355e+01,2.156029e+01,2.147025e+01,2.154645e+01,2.140094e+01,2.151875e+01,2.152567e+01,2.152567e+01,2.138013e+01,2.149104e+01,2.142174e+01,2.142174e+01,2.158798e+01,2.147025e+01,2.159490e+01,2.159490e+01,2.144253e+01,2.149104e+01,2.140094e+01,2.151182e+01,2.147718e+01,2.145639e+01,2.147025e+01,2.145639e+01,2.149796e+01,2.151182e+01,2.151875e+01,2.145639e+01,2.150489e+01,2.149796e+01,2.151182e+01,2.159490e+01,2.164334e+01,2.150489e+01,2.150489e+01,2.153260e+01,2.153260e+01,2.159490e+01,2.151182e+01,2.153260e+01,2.162950e+01,2.165025e+01,2.167792e+01,2.166409e+01,2.167792e+01,2.162258e+01,2.165717e+01,2.165717e+01,2.153952e+01,2.174013e+01,2.169866e+01,2.169866e+01,2.176086e+01,2.166409e+01,2.188516e+01,2.167100e+01,2.175395e+01,2.185065e+01,2.180231e+01,2.187135e+01,2.182303e+01,2.193345e+01,2.189896e+01,2.171940e+01,2.194035e+01,2.196793e+01,2.196104e+01,2.196793e+01,2.199551e+01,2.195414e+01,2.202997e+01,2.216771e+01,2.206442e+01,2.213329e+01,2.211952e+01,2.242888e+01,2.233274e+01,2.247006e+01,2.279206e+01,2.273732e+01,2.309940e+01,2.313350e+01,2.319484e+01,2.339904e+01,2.369781e+01,2.390778e+01,2.414435e+01,2.433995e+01,2.442078e+01,2.455536e+01,2.468977e+01,2.491787e+01,2.493127e+01,2.491787e+01,2.491787e+01,2.473677e+01,2.481059e+01,2.462259e+01,2.455536e+01,2.423208e+01,2.385364e+01,2.336503e+01,2.283993e+01,2.248379e+01,2.227776e+01,2.179540e+01,2.180922e+01,2.162950e+01,2.160874e+01,2.157414e+01,2.173322e+01,2.170557e+01,2.171940e+01,2.166409e+01,2.174013e+01,2.169866e+01,2.169175e+01,2.171248e+01,2.165025e+01,2.166409e+01,2.161566e+01,2.166409e+01,2.168483e+01,2.146332e+01,2.124133e+01,2.113711e+01,2.111625e+01,2.126911e+01,2.133158e+01,2.128299e+01,2.124133e+01,2.117881e+01,2.135933e+01,2.129688e+01,2.138013e+01,2.138707e+01,2.147025e+01,2.146332e+01,2.160182e+01,2.154645e+01,2.154645e+01,2.157414e+01,2.162258e+01,2.157414e+01,2.171248e+01,2.170557e+01,2.176086e+01,2.176086e+01,2.165717e+01,2.175395e+01,2.164334e+01,2.180922e+01,2.169866e+01,2.149104e+01,2.176086e+01,2.153260e+01,2.144946e+01,2.164334e+01,2.163642e+01,2.150489e+01,2.149796e+01,2.147718e+01,2.150489e+01,2.147025e+01,2.156721e+01,2.156721e+01,2.149796e+01,2.141480e+01,2.141480e+01,2.138707e+01,2.149104e+01,2.149104e+01,2.151182e+01,2.173322e+01,2.153260e+01,2.144946e+01,2.151875e+01,2.138707e+01,2.142867e+01,2.134545e+01,2.171940e+01,2.179540e+01,2.200241e+01,2.196793e+01,2.202308e+01,2.194725e+01,2.180231e+01,2.161566e+01,2.158798e+01,2.126911e+01,2.126911e+01,2.131770e+01,2.116491e+01,2.140787e+01,2.138707e+01,2.136626e+01,2.123439e+01,2.126217e+01,2.126911e+01,2.137320e+01,2.140094e+01,2.162258e+01,2.189896e+01,2.163642e+01,2.184374e+01,2.185065e+01,2.176777e+01,2.148411e+01,2.146332e+01,2.149104e+01,2.147718e+01,2.143560e+01,2.149104e+01,2.150489e+01,2.151182e+01,2.158106e+01,2.151875e+01,2.160874e+01,2.159490e+01,2.149796e+01,2.162258e+01,2.150489e+01,2.167100e+01,2.151182e+01,2.153260e+01,2.169175e+01,2.168483e+01,2.162258e+01,2.159490e+01,2.162950e+01,2.163642e+01,2.176086e+01,2.185755e+01,2.170557e+01,2.172631e+01,2.172631e+01,2.176086e+01,2.171248e+01,2.163642e+01,2.177468e+01,2.174013e+01,2.161566e+01,2.174704e+01,2.160182e+01,2.175395e+01,2.146332e+01,2.149796e+01,2.148411e+01,2.144253e+01,2.143560e+01,2.144946e+01,2.149104e+01,2.144946e+01,2.189206e+01,2.191965e+01,2.200930e+01,2.194725e+01,2.201619e+01,2.196104e+01,2.197483e+01,2.185065e+01,2.198862e+01,2.187825e+01,2.182993e+01,2.182993e+01,2.180922e+01,2.177468e+01,2.143560e+01,2.142174e+01,2.151182e+01,2.152567e+01,2.142174e+01,2.160182e+01,2.169175e+01,2.162950e+01,2.160182e+01,2.163642e+01,2.160874e+01,2.165025e+01,2.169175e+01,2.160182e+01,2.168483e+01,2.166409e+01,2.173322e+01,2.169175e+01,2.166409e+01,2.171248e+01,2.171248e+01,2.167792e+01,2.174013e+01,2.180231e+01,2.177468e+01,2.175395e+01,2.169175e+01,2.189206e+01,2.173322e+01,2.183684e+01,2.196793e+01,2.196793e+01,2.189896e+01,2.191276e+01,2.191965e+01,2.183684e+01,2.188516e+01,2.189206e+01,2.192655e+01,2.185755e+01,2.185065e+01,2.189896e+01,2.189206e+01,2.187825e+01,2.203687e+01,2.188516e+01,2.188516e+01,2.188516e+01,2.185755e+01,2.187135e+01,2.183684e+01,2.180922e+01,2.171940e+01,2.165025e+01,2.160182e+01,2.160874e+01,2.158106e+01,2.156029e+01,2.158106e+01,2.145639e+01,2.144946e+01,2.151875e+01,2.149796e+01,2.151875e+01,2.154645e+01,2.167792e+01,2.189896e+01,2.240829e+01,2.400924e+01,2.531919e+01,2.591167e+01,2.591167e+01,2.600457e+01,2.588511e+01,2.589839e+01,2.579876e+01,2.575223e+01,2.551927e+01,2.549262e+01,2.545262e+01,2.541928e+01,2.523905e+01,2.527913e+01,2.486425e+01,2.477034e+01,2.475691e+01,2.437364e+01,2.425906e+01,2.422533e+01,2.393485e+01,2.384010e+01,2.347381e+01,2.331060e+01,2.319484e+01,2.289461e+01,2.270309e+01,2.254551e+01,2.255237e+01,2.236709e+01,2.240829e+01,2.220211e+01,2.205065e+01,2.208509e+01,2.194035e+01,2.200930e+01,2.162258e+01,2.133851e+01,2.135239e+01,2.133158e+01,2.134545e+01,2.126217e+01,2.122744e+01,2.122744e+01,2.125522e+01,2.125522e+01,2.131076e+01,2.151875e+01,2.154645e+01,2.144253e+01,2.143560e+01,2.142867e+01,2.139400e+01,2.142867e+01,2.140094e+01,2.129688e+01,2.131076e+01,2.130382e+01,2.128299e+01,2.132464e+01,2.143560e+01,2.135239e+01,2.136626e+01,2.135239e+01,2.148411e+01,2.140787e+01,2.140787e+01,2.144946e+01,2.140094e+01,2.148411e+01,2.139400e+01,2.138707e+01,2.157414e+01,2.149104e+01,2.156721e+01,2.144253e+01,2.140787e+01,2.142174e+01,2.147718e+01,2.139400e+01,2.140787e+01,2.138707e+01,2.147025e+01,2.138013e+01,2.141480e+01,2.140094e+01,2.118576e+01,2.120660e+01,2.134545e+01,2.136626e+01,2.133851e+01,2.145639e+01,2.136626e+01,2.131076e+01,2.126217e+01,2.118576e+01,2.133158e+01,2.137320e+01,2.127605e+01,2.130382e+01,2.131770e+01,2.128993e+01,2.132464e+01,2.136626e+01,2.137320e+01,2.131770e+01,2.133851e+01,2.131076e+01,2.128993e+01,2.123439e+01,2.128299e+01,2.134545e+01,2.122050e+01,2.123439e+01,2.126911e+01,2.116491e+01,2.118576e+01,2.091440e+01,2.115101e+01,2.110929e+01,2.121355e+01,2.103973e+01,2.106061e+01,2.110234e+01,2.110234e+01,2.110234e+01,2.100493e+01,2.106756e+01,2.103277e+01,2.086562e+01,2.110929e+01,2.083773e+01,2.121355e+01,2.143560e+01,2.176777e+01,2.185065e+01,2.187825e+01,2.171940e+01,2.177468e+01,2.191276e+01,2.190586e+01,2.190586e+01,2.196104e+01,2.186445e+01,2.194035e+01,2.185755e+01,2.196104e+01,2.189896e+01,2.198172e+01,2.201619e+01,2.199551e+01,2.185065e+01,2.196104e+01,2.187825e+01,2.190586e+01,2.189896e+01,2.192655e+01,2.190586e+01,2.201619e+01,2.189896e+01,2.182993e+01,2.183684e+01,2.185755e+01,2.180231e+01,2.196104e+01,2.196793e+01,2.192655e+01,2.196104e+01,2.180922e+01,2.198172e+01,2.192655e+01,2.188516e+01,2.198172e+01,2.187825e+01,2.182993e+01,2.186445e+01,2.178159e+01,2.189206e+01,2.205065e+01,2.189896e+01,2.205065e+01,2.196793e+01,2.205065e+01,2.206442e+01,2.205754e+01,2.195414e+01,2.206442e+01,2.193345e+01,2.198172e+01,2.194725e+01,2.196104e+01,2.198172e+01,2.198172e+01,2.203687e+01,2.199551e+01,2.200241e+01,2.201619e+01,2.202997e+01,2.216771e+01,2.192655e+01,2.187825e+01,2.183684e+01,2.186445e+01,2.185065e+01,2.187825e+01,2.177468e+01,2.180922e+01,2.182303e+01,2.174013e+01,2.172631e+01,2.165717e+01,2.179540e+01,2.168483e+01,2.180231e+01,2.165025e+01,2.162950e+01,2.149796e+01,2.170557e+01,2.165025e+01,2.159490e+01,2.168483e+01,2.163642e+01,2.171940e+01,2.156029e+01,2.161566e+01,2.161566e+01,2.165025e+01,2.167100e+01,2.167792e+01,2.174013e+01,2.173322e+01,2.171940e+01,2.175395e+01,2.178159e+01,2.180922e+01,2.172631e+01,2.174704e+01,2.170557e+01
2.165717e+01,2.178850e+01,2.176777e+01,2.186445e+01,2.186445e+01,2.163642e+01,2.181612e+01,2.169866e+01,2.180922e+01,2.174013e+01,2.158106e+01,2.183684e+01,2.175395e+01,2.165025e+01,2.174013e+01,2.153952e+01,2.160182e+01,2.164334e+01,2.162258e+01,2.160182e+01,2.160874e+01,2.165717e+01,2.155337e+01,2.167100e+01,2.151875e+01,2.163642e+01,2.157414e+01,2.158106e+01,2.150489e+01,2.142867e+01,2.152567e+01,2.154645e+01,2.150489e+01,2.158106e+01,2.162950e+01,2.143560e+01,2.156721e+01,2.160874e+01,2.157414e+01,2.165717e+01,2.166409e+01,2.171940e+01,2.168483e+01,2.157414e+01,2.161566e+01,2.152567e+01,2.159490e+01,2.147718e+01,2.162950e+01,2.165025e+01,2.160874e+01,2.158798e+01,2.155337e+01,2.149796e+01,2.141480e+01,2.135933e+01,2.149104e+01,2.151182e+01,2.155337e+01,2.147025e+01,2.155337e+01,2.150489e+01,2.144253e+01,2.156721e+01,2.155337e+01,2.149796e+01,2.145639e+01,2.158798e+01,2.150489e+01,2.140787e+01,2.138707e+01,2.146332e+01,2.138013e+01,2.137320e+01,2.143560e+01,2.144946e+01,2.140787e+01,2.144253e+01,2.141480e+01,2.142867e+01,2.144253e+01,2.146332e+01,2.144253e+01,2.158106e+01,2.158106e+01,2.138013e+01,2.146332e+01,2.144946e+01,2.153952e+01,2.166409e+01,2.160182e+01,2.149104e+01,2.156029e+01,2.153260e+01,2.150489e+01,2.151182e+01,2.152567e+01,2.147025e+01,2.168483e+01,2.167792e+01,2.165717e+01,2.169175e+01,2.159490e+01,2.150489e+01,2.147718e+01,2.165025e+01,2.146332e+01,2.162950e+01,2.156029e+01,2.159490e+01,2.156029e+01,2.162258e+01,2.174704e+01,2.164334e+01,2.167792e+01,2.150489e+01,2.169175e+01,2.173322e+01,2.168483e+01,2.180922e+01,2.176777e+01,2.171248e+01,2.180231e+01,2.180231e+01,2.178850e+01,2.180922e+01,2.182993e+01,2.189896e+01,2.191276e+01,2.187135e+01,2.199551e+01,2.197483e+01,2.196793e+01,2.194725e+01,2.197483e+01,2.199551e+01,2.216771e+01,2.209886e+01,2.218835e+01,2.227776e+01,2.207131e+01,2.240829e+01,2.251808e+01,2.276469e+01,2.282625e+01,2.297657e+01,2.303801e+01,2.317439e+01,2.335823e+01,2.375203e+01,2.388748e+01,2.411734e+01,2.438038e+01,2.455536e+01,2.477705e+01,2.491117e+01,2.491117e+01,2.495807e+01,2.497147e+01,2.493127e+01,2.503173e+01,2.497147e+01,2.486425e+01,2.462259e+01,2.449483e+01,2.425906e+01,2.390102e+01,2.337183e+01,2.283309e+01,2.247692e+01,2.213329e+01,2.182303e+01,2.180231e+01,2.171248e+01,2.185755e+01,2.170557e+01,2.161566e+01,2.169866e+01,2.176086e+01,2.167792e+01,2.173322e+01,2.167100e+01,2.171248e+01,2.162950e+01,2.162950e+01,2.162258e+01,2.169175e+01,2.162258e+01,2.158798e+01,2.137320e+01,2.111625e+01,2.111625e+01,2.113711e+01,2.117881e+01,2.113711e+01,2.117881e+01,2.122744e+01,2.115796e+01,2.127605e+01,2.133158e+01,2.122050e+01,2.136626e+01,2.144946e+01,2.135933e+01,2.135933e+01,2.151875e+01,2.152567e+01,2.156721e+01,2.153260e+01,2.167792e+01,2.157414e+01,2.171248e+01,2.173322e+01,2.174013e+01,2.178850e+01,2.169175e+01,2.167792e+01,2.176086e+01,2.174013e+01,2.164334e+01,2.164334e+01,2.165025e+01,2.164334e+01,2.164334e+01,2.150489e+01,2.149104e+01,2.147025e+01,2.149796e+01,2.144253e+01,2.147025e+01,2.149796e+01,2.158798e+01,2.149796e+01,2.143560e+01,2.137320e+01,2.135239e+01,2.144253e+01,2.148411e+01,2.135239e+01,2.143560e+01,2.149796e+01,2.148411e+01,2.137320e+01,2.135933e+01,2.134545e+01,2.133851e+01,2.160182e+01,2.182993e+01,2.197483e+01,2.211263e+01,2.191276e+01,2.210575e+01,2.182993e+01,2.160182e+01,2.154645e+01,2.139400e+01,2.135933e+01,2.124133e+01,2.133158e+01,2.134545e+01,2.132464e+01,2.119271e+01,2.138707e+01,2.133158e+01,2.131076e+01,2.133851e+01,2.138013e+01,2.142174e+01,2.185755e+01,2.185755e+01,2.191276e+01,2.186445e+01,2.187135e+01,2.181612e+01,2.144946e+01,2.142174e+01,2.140787e+01,2.119271e+01,2.135239e+01,2.153952e+01,2.152567e+01,2.141480e+01,2.142867e+01,2.159490e+01,2.145639e+01,2.148411e+01,2.147718e+01,2.157414e+01,2.148411e+01,2.164334e+01,2.151875e+01,2.168483e+01,2.153952e+01,2.164334e+01,2.162950e+01,2.160874e+01,2.156029e+01,2.175395e+01,2.171940e+01,2.163642e+01,2.162950e+01,2.161566e+01,2.174013e+01,2.169175e+01,2.161566e+01,2.176086e+01,2.164334e+01,2.158798e+01,2.166409e+01,2.148411e+01,2.158798e+01,2.153260e+01,2.146332e+01,2.149104e+01,2.149104e+01,2.143560e+01,2.142867e+01,2.142174e+01,2.138707e+01,2.155337e+01,2.158106e+01,2.192655e+01,2.194725e+01,2.189896e+01,2.191965e+01,2.191965e+01,2.191276e+01,2.207820e+01,2.199551e+01,2.185755e+01,2.176777e+01,2.182303e+01,2.147718e+01,2.141480e+01,2.148411e+01,2.143560e+01,2.152567e+01,2.151875e+01,2.149796e+01,2.150489e+01,2.152567e+01,2.151182e+01,2.158798e+01,2.160182e+01,2.163642e+01,2.157414e+01,2.167100e+01,2.164334e+01,2.169175e+01,2.165717e+01,2.174013e+01,2.171248e+01,2.174013e+01,2.168483e+01,2.165717e+01,2.169175e+01,2.161566e+01,2.173322e+01,2.173322e+01,2.168483e+01,2.176086e+01,2.180922e+01,2.182303e+01,2.176777e+01,2.191965e+01,2.180922e+01,2.187135e+01,2.185065e+01,2.193345e+01,2.192655e+01,2.171940e+01,2.187135e+01,2.189896e+01,2.187135e+01,2.194725e+01,2.202997e+01,2.187135e+01,2.179540e+01,2.182993e+01,2.187825e+01,2.185755e+01,2.178159e+01,2.179540e+01,2.182303e+01,2.173322e+01,2.160182e+01,2.162258e+01,2.165717e+01,2.163642e+01,2.152567e+01,2.157414e+01,2.147718e+01,2.162950e+01,2.147025e+01,2.142867e+01,2.153952e+01,2.152567e+01,2.152567e+01,2.151875e+01,2.153260e+01,2.169866e+01,2.207820e+01,2.367068e+01,2.532586e+01,2.588511e+01,2.590503e+01,2.589175e+01,2.587183e+01,2.572563e+01,2.579876e+01,2.566576e+01,2.560586e+01,2.563249e+01,2.539260e+01,2.507189e+01,2.515885e+01,2.507858e+01,2.503843e+01,2.476362e+01,2.436690e+01,2.429951e+01,2.429277e+01,2.395514e+01,2.394161e+01,2.354174e+01,2.344662e+01,2.327656e+01,2.312668e+01,2.290827e+01,2.270309e+01,2.259350e+01,2.251808e+01,2.236709e+01,2.210575e+01,2.218147e+01,2.187135e+01,2.189896e+01,2.186445e+01,2.188516e+01,2.150489e+01,2.140787e+01,2.135933e+01,2.133158e+01,2.138707e+01,2.122744e+01,2.116491e+01,2.128299e+01,2.138707e+01,2.135239e+01,2.138013e+01,2.134545e+01,2.142174e+01,2.144946e+01,2.149796e+01,2.141480e+01,2.132464e+01,2.135239e+01,2.131770e+01,2.139400e+01,2.134545e+01,2.128993e+01,2.137320e+01,2.130382e+01,2.120660e+01,2.139400e+01,2.140787e+01,2.138707e+01,2.138707e+01,2.140094e+01,2.142174e+01,2.135239e+01,2.134545e+01,2.140094e+01,2.142174e+01,2.142867e+01,2.150489e+01,2.140787e+01,2.141480e+01,2.142867e+01,2.141480e+01,2.138013e+01,2.139400e+01,2.135239e+01,2.139400e+01,2.145639e+01,2.138707e+01,2.139400e+01,2.133158e+01,2.140094e+01,2.129688e+01,2.135239e+01,2.131076e+01,2.135239e+01,2.128299e+01,2.122050e+01,2.120660e+01,2.133851e+01,2.124133e+01,2.131076e+01,2.131770e+01,2.124133e+01,2.126217e+01,2.147025e+01,2.131076e+01,2.121355e+01,2.129688e+01,2.126217e+01,2.135239e+01,2.123439e+01,2.133158e+01,2.129688e+01,2.116491e+01,2.119966e+01,2.124133e+01,2.131770e+01,2.124828e+01,2.117186e+01,2.113015e+01,2.110929e+01,2.113015e+01,2.122744e+01,2.108843e+01,2.106061e+01,2.109539e+01,2.109539e+01,2.106061e+01,2.110234e+01,2.104669e+01,2.106756e+01,2.105365e+01,2.104669e+01,2.101885e+01,2.097709e+01,2.079589e+01,2.091440e+01,2.134545e+01,2.164334e+01,2.176777e+01,2.167100e+01,2.187825e+01,2.187135e+01,2.187825e+01,2.187825e+01,2.187825e+01,2.189206e+01,2.193345e+01,2.195414e+01,2.187825e+01,2.188516e+01,2.197483e+01,2.193345e+01,2.193345e+01,2.198862e+01,2.193345e+01,2.190586e+01,2.184374e+01,2.194035e+01,2.182993e+01,2.200930e+01,2.195414e+01,2.186445e+01,2.194035e+01,2.180922e+01,2.181612e+01,2.192655e+01,2.197483e+01,2.189896e+01,2.181612e+01,2.191965e+01,2.185065e+01,2.198172e+01,2.186445e+01,2.197483e+01,2.194035e+01,2.182303e+01,2.194725e+01,2.189896e+01,2.183684e+01,2.210575e+01,2.209886e+01,2.194035e+01,2.192655e+01,2.198862e+01,2.195414e+01,2.197483e+01,2.212641e+01,2.199551e+01,2.201619e+01,2.197483e+01,2.201619e+01,2.201619e+01,2.200930e+01,2.200241e+01,2.207131e+01,2.202997e+01,2.189206e+01,2.205754e+01,2.203687e+01,2.197483e+01,2.200241e+01,2.213329e+01,2.193345e+01,2.194725e+01,2.181612e+01,2.185755e+01,2.196793e+01,2.188516e+01,2.175395e+01,2.199551e+01,2.175395e+01,2.173322e+01,2.170557e+01,2.177468e+01,2.158106e+01,2.165025e+01,2.165025e+01,2.155337e+01,2.177468e+01,2.160874e+01,2.159490e+01,2.151875e+01,2.166409e+01,2.163642e+01,2.150489e+01,2.171940e+01,2.153952e+01,2.172631e+01,2.162258e+01,2.167100e+01,2.175395e+01,2.178159e+01,2.166409e+01,2.183684e+01,2.171248e+01,2.179540e+01,2.174704e+01,2.169175e+01,2.175395e+01,2.171940e+01,2.170557e+01
2.178850e+01,2.169866e+01,2.185065e+01,2.182303e+01,2.174013e+01,2.162258e+01,2.165025e+01,2.158798e+01,2.162950e+01,2.174704e+01,2.182993e+01,2.175395e+01,2.153260e+01,2.173322e+01,2.155337e+01,2.164334e+01,2.166409e+01,2.164334e+01,2.161566e+01,2.162258e+01,2.160182e+01,2.156721e+01,2.154645e+01,2.165717e+01,2.176777e+01,2.153260e+01,2.159490e+01,2.150489e+01,2.155337e+01,2.149104e+01,2.153952e+01,2.153260e+01,2.160874e+01,2.146332e+01,2.166409e+01,2.140094e+01,2.165025e+01,2.158106e+01,2.145639e+01,2.164334e+01,2.141480e+01,2.155337e+01,2.168483e+01,2.152567e+01,2.154645e+01,2.154645e+01,2.151182e+01,2.160874e+01,2.148411e+01,2.162950e+01,2.148411e+01,2.149104e+01,2.158798e+01,2.153952e+01,2.160874e+01,2.133158e+01,2.151182e+01,2.149104e+01,2.158798e+01,2.145639e+01,2.153952e+01,2.158798e+01,2.143560e+01,2.151875e+01,2.153952e+01,2.142174e+01,2.157414e+01,2.153260e+01,2.152567e+01,2.138013e+01,2.141480e+01,2.142867e+01,2.137320e+01,2.150489e+01,2.150489e+01,2.143560e+01,2.149104e+01,2.140094e+01,2.141480e+01,2.141480e+01,2.142174e+01,2.154645e+01,2.148411e+01,2.159490e+01,2.148411e+01,2.142174e+01,2.143560e+01,2.147718e+01,2.157414e+01,2.160182e+01,2.144253e+01,2.149104e+01,2.167100e+01,2.147718e+01,2.150489e+01,2.149104e+01,2.151182e+01,2.147718e+01,2.148411e+01,2.163642e+01,2.164334e+01,2.161566e+01,2.153260e+01,2.162258e+01,2.157414e+01,2.165025e+01,2.156721e+01,2.165025e+01,2.162258e+01,2.174013e+01,2.165025e+01,2.174704e+01,2.156721e+01,2.169866e+01,2.165717e+01,2.162258e+01,2.169866e+01,2.174704e+01,2.177468e+01,2.174704e+01,2.175395e+01,2.187135e+01,2.167100e+01,2.191965e+01,2.189206e+01,2.177468e+01,2.185065e+01,2.190586e+01,2.188516e+01,2.179540e+01,2.180922e+01,2.191965e+01,2.194725e+01,2.194035e+01,2.199551e+01,2.198862e+01,2.204376e+01,2.207131e+01,2.225713e+01,2.221587e+01,2.226401e+01,2.238769e+01,2.262091e+01,2.262091e+01,2.281941e+01,2.306530e+01,2.326976e+01,2.333101e+01,2.361641e+01,2.389425e+01,2.390102e+01,2.439385e+01,2.458898e+01,2.476362e+01,2.479718e+01,2.500495e+01,2.518559e+01,2.502504e+01,2.528580e+01,2.541261e+01,2.513879e+01,2.523905e+01,2.501165e+01,2.492457e+01,2.462931e+01,2.449483e+01,2.417135e+01,2.361641e+01,2.283993e+01,2.260720e+01,2.236709e+01,2.194035e+01,2.183684e+01,2.166409e+01,2.162950e+01,2.166409e+01,2.162258e+01,2.162950e+01,2.172631e+01,2.167100e+01,2.168483e+01,2.167100e+01,2.175395e+01,2.173322e+01,2.169866e+01,2.167100e+01,2.160874e+01,2.159490e+01,2.156721e+01,2.113711e+01,2.108843e+01,2.111625e+01,2.106756e+01,2.113711e+01,2.114406e+01,2.107452e+01,2.109539e+01,2.117186e+01,2.120660e+01,2.115796e+01,2.122744e+01,2.132464e+01,2.132464e+01,2.142174e+01,2.142174e+01,2.146332e+01,2.146332e+01,2.149104e+01,2.166409e+01,2.151875e+01,2.150489e+01,2.161566e+01,2.161566e+01,2.176086e+01,2.172631e+01,2.172631e+01,2.171940e+01,2.174013e+01,2.163642e+01,2.165025e+01,2.174704e+01,2.167792e+01,2.171248e+01,2.151182e+01,2.149104e+01,2.151875e+01,2.176777e+01,2.153952e+01,2.145639e+01,2.157414e+01,2.151182e+01,2.147025e+01,2.153260e+01,2.141480e+01,2.144253e+01,2.146332e+01,2.151182e+01,2.142174e+01,2.151182e+01,2.134545e+01,2.147718e+01,2.138013e+01,2.138013e+01,2.124133e+01,2.137320e+01,2.165717e+01,2.162950e+01,2.191276e+01,2.194035e+01,2.192655e+01,2.198172e+01,2.198862e+01,2.154645e+01,2.161566e+01,2.151875e+01,2.133851e+01,2.127605e+01,2.127605e+01,2.122050e+01,2.152567e+01,2.151182e+01,2.140787e+01,2.127605e+01,2.144946e+01,2.138707e+01,2.142174e+01,2.138707e+01,2.162258e+01,2.186445e+01,2.198862e+01,2.205754e+01,2.202308e+01,2.189896e+01,2.187135e+01,2.150489e+01,2.149796e+01,2.148411e+01,2.124828e+01,2.122050e+01,2.137320e+01,2.148411e+01,2.156721e+01,2.157414e+01,2.149796e+01,2.143560e+01,2.149104e+01,2.141480e+01,2.145639e+01,2.145639e+01,2.159490e+01,2.150489e+01,2.158798e+01,2.162950e+01,2.151182e+01,2.151875e+01,2.158106e+01,2.153952e+01,2.163642e+01,2.157414e+01,2.161566e+01,2.167792e+01,2.162950e+01,2.167792e+01,2.175395e+01,2.151875e+01,2.163642e+01,2.167792e+01,2.159490e+01,2.160182e+01,2.158798e+01,2.153260e+01,2.154645e+01,2.149796e+01,2.155337e+01,2.140787e+01,2.145639e+01,2.144253e+01,2.139400e+01,2.135239e+01,2.141480e+01,2.158798e+01,2.169175e+01,2.190586e+01,2.194035e+01,2.182303e+01,2.198862e+01,2.194035e+01,2.182993e+01,2.178850e+01,2.179540e+01,2.176086e+01,2.176086e+01,2.169866e+01,2.137320e+01,2.151182e+01,2.147718e+01,2.145639e+01,2.142867e+01,2.148411e+01,2.153260e+01,2.147025e+01,2.146332e+01,2.158106e+01,2.173322e+01,2.152567e+01,2.154645e+01,2.179540e+01,2.168483e+01,2.162950e+01,2.167100e+01,2.159490e+01,2.177468e+01,2.160874e+01,2.174013e+01,2.174704e+01,2.160182e+01,2.172631e+01,2.182303e+01,2.175395e+01,2.164334e+01,2.165717e+01,2.175395e+01,2.180231e+01,2.180231e+01,2.180922e+01,2.178850e+01,2.178850e+01,2.185065e+01,2.174704e+01,2.185065e+01,2.185065e+01,2.185065e+01,2.189896e+01,2.192655e+01,2.187135e+01,2.197483e+01,2.189206e+01,2.183684e+01,2.186445e+01,2.191276e+01,2.187135e+01,2.180922e+01,2.180231e+01,2.171248e+01,2.168483e+01,2.161566e+01,2.163642e+01,2.162950e+01,2.152567e+01,2.164334e+01,2.160182e+01,2.145639e+01,2.154645e+01,2.158798e+01,2.141480e+01,2.153952e+01,2.145639e+01,2.150489e+01,2.140787e+01,2.152567e+01,2.149796e+01,2.173322e+01,2.206442e+01,2.331060e+01,2.497817e+01,2.537258e+01,2.567907e+01,2.589175e+01,2.569237e+01,2.567907e+01,2.559254e+01,2.557257e+01,2.544595e+01,2.562583e+01,2.524573e+01,2.517890e+01,2.517222e+01,2.507189e+01,2.473677e+01,2.456881e+01,2.444098e+01,2.423208e+01,2.424557e+01,2.396190e+01,2.375881e+01,2.354853e+01,2.350099e+01,2.326976e+01,2.309940e+01,2.290144e+01,2.251808e+01,2.246320e+01,2.229838e+01,2.221587e+01,2.225713e+01,2.206442e+01,2.207131e+01,2.187825e+01,2.192655e+01,2.177468e+01,2.139400e+01,2.129688e+01,2.119271e+01,2.131076e+01,2.117186e+01,2.120660e+01,2.131770e+01,2.149796e+01,2.146332e+01,2.149104e+01,2.140787e+01,2.143560e+01,2.135933e+01,2.144946e+01,2.153952e+01,2.138013e+01,2.135239e+01,2.135239e+01,2.135239e+01,2.133851e+01,2.128993e+01,2.135933e+01,2.132464e+01,2.140094e+01,2.130382e+01,2.144946e+01,2.136626e+01,2.142174e+01,2.143560e+01,2.143560e+01,2.140787e+01,2.147025e+01,2.150489e+01,2.140094e+01,2.140787e+01,2.149796e+01,2.137320e+01,2.137320e+01,2.144253e+01,2.138707e+01,2.142867e+01,2.138707e+01,2.134545e+01,2.147718e+01,2.128993e+01,2.131076e+01,2.134545e+01,2.128993e+01,2.138707e+01,2.151875e+01,2.134545e+01,2.102581e+01,2.121355e+01,2.134545e+01,2.132464e+01,2.133158e+01,2.131076e+01,2.127605e+01,2.115101e+01,2.117881e+01,2.140094e+01,2.134545e+01,2.135933e+01,2.113711e+01,2.128299e+01,2.127605e+01,2.131770e+01,2.131770e+01,2.121355e+01,2.127605e+01,2.122050e+01,2.118576e+01,2.126911e+01,2.122050e+01,2.119966e+01,2.122050e+01,2.128993e+01,2.113711e+01,2.124828e+01,2.112320e+01,2.122050e+01,2.111625e+01,2.105365e+01,2.108148e+01,2.109539e+01,2.111625e+01,2.106756e+01,2.110929e+01,2.096316e+01,2.099101e+01,2.087956e+01,2.096316e+01,2.086562e+01,2.090743e+01,2.083773e+01,2.107452e+01,2.161566e+01,2.160182e+01,2.185755e+01,2.190586e+01,2.188516e+01,2.189206e+01,2.203687e+01,2.187135e+01,2.198172e+01,2.193345e+01,2.198172e+01,2.194035e+01,2.198862e+01,2.187825e+01,2.191276e+01,2.194035e+01,2.180231e+01,2.184374e+01,2.180231e+01,2.184374e+01,2.194725e+01,2.189206e+01,2.196104e+01,2.189206e+01,2.200930e+01,2.192655e+01,2.203687e+01,2.192655e+01,2.185755e+01,2.189206e+01,2.198862e+01,2.198172e+01,2.197483e+01,2.196104e+01,2.203687e+01,2.204376e+01,2.200241e+01,2.203687e+01,2.196793e+01,2.204376e+01,2.187135e+01,2.205754e+01,2.207820e+01,2.195414e+01,2.207131e+01,2.199551e+01,2.182993e+01,2.193345e+01,2.174704e+01,2.210575e+01,2.200930e+01,2.213329e+01,2.206442e+01,2.224338e+01,2.197483e+01,2.207820e+01,2.205754e+01,2.209198e+01,2.202997e+01,2.202308e+01,2.198172e+01,2.199551e+01,2.201619e+01,2.212641e+01,2.204376e+01,2.213329e+01,2.192655e+01,2.202308e+01,2.191276e+01,2.193345e+01,2.185065e+01,2.171940e+01,2.180922e+01,2.170557e+01,2.173322e+01,2.175395e+01,2.182303e+01,2.152567e+01,2.176777e+01,2.177468e+01,2.173322e+01,2.161566e+01,2.174013e+01,2.144946e+01,2.165717e+01,2.169866e+01,2.155337e+01,2.158798e+01,2.174704e+01,2.165717e+01,2.169175e+01,2.171248e+01,2.177468e+01,2.176777e+01,2.171940e+01,2.178850e+01,2.171248e+01,2.179540e+01,2.187135e+01,2.171248e+01,2.174013e+01,2.191965e+01,2.174704e+01,2.170557e+01
2.168483e+01,2.182303e+01,2.169866e+01,2.169175e+01,2.165025e+01,2.157414e+01,2.166409e+01,2.177468e+01,2.157414e+01,2.171248e+01,2.162950e+01,2.169175e+01,2.160874e+01,2.168483e+01,2.159490e+01,2.149796e+01,2.158798e+01,2.167100e+01,2.151875e+01,2.152567e+01,2.155337e+01,2.159490e+01,2.161566e+01,2.151875e+01,2.164334e+01,2.149104e+01,2.160182e+01,2.151182e+01,2.144253e+01,2.156721e+01,2.151182e+01,2.153952e+01,2.158798e+01,2.150489e+01,2.157414e+01,2.168483e+01,2.168483e+01,2.160874e+01,2.160182e+01,2.173322e+01,2.150489e+01,2.159490e+01,2.150489e+01,2.149796e+01,2.157414e+01,2.149796e+01,2.160182e+01,2.146332e+01,2.156029e+01,2.142867e+01,2.125522e+01,2.156029e+01,2.145639e+01,2.151875e+01,2.151875e+01,2.139400e+01,2.153260e+01,2.158798e+01,2.148411e+01,2.145639e+01,2.164334e+01,2.142174e+01,2.144253e+01,2.155337e+01,2.141480e+01,2.140787e+01,2.144946e+01,2.141480e+01,2.147718e+01,2.152567e+01,2.134545e+01,2.152567e+01,2.148411e+01,2.145639e+01,2.139400e+01,2.145639e+01,2.141480e+01,2.149104e+01,2.140787e+01,2.141480e+01,2.142867e+01,2.152567e+01,2.160182e+01,2.140094e+01,2.151875e+01,2.147718e+01,2.165025e+01,2.152567e+01,2.156029e+01,2.156721e+01,2.155337e+01,2.165025e+01,2.149796e+01,2.149796e+01,2.149796e+01,2.149796e+01,2.150489e+01,2.159490e+01,2.162258e+01,2.158798e+01,2.151182e+01,2.158106e+01,2.151182e+01,2.155337e+01,2.149796e+01,2.169175e+01,2.171248e+01,2.173322e+01,2.171248e+01,2.172631e+01,2.157414e+01,2.167100e+01,2.168483e+01,2.159490e+01,2.167792e+01,2.169866e+01,2.170557e+01,2.178850e+01,2.176777e+01,2.176086e+01,2.193345e+01,2.180922e+01,2.164334e+01,2.172631e+01,2.186445e+01,2.193345e+01,2.187135e+01,2.184374e+01,2.187135e+01,2.187135e+01,2.182993e+01,2.196793e+01,2.187135e+01,2.196104e+01,2.207131e+01,2.202997e+01,2.209886e+01,2.218835e+01,2.228463e+01,2.227776e+01,2.236022e+01,2.243575e+01,2.270994e+01,2.296292e+01,2.314713e+01,2.303118e+01,2.326295e+01,2.358247e+01,2.389425e+01,2.408357e+01,2.410383e+01,2.441405e+01,2.462259e+01,2.479047e+01,2.493127e+01,2.509865e+01,2.537925e+01,2.537258e+01,2.542595e+01,2.544595e+01,2.541261e+01,2.521232e+01,2.505851e+01,2.495807e+01,2.501834e+01,2.469649e+01,2.422533e+01,2.380623e+01,2.312668e+01,2.284676e+01,2.216082e+01,2.196104e+01,2.182993e+01,2.185755e+01,2.165025e+01,2.173322e+01,2.160874e+01,2.166409e+01,2.174013e+01,2.164334e+01,2.165025e+01,2.167792e+01,2.165025e+01,2.169175e+01,2.169175e+01,2.160874e+01,2.179540e+01,2.156721e+01,2.155337e+01,2.113015e+01,2.113015e+01,2.110234e+01,2.090743e+01,2.107452e+01,2.098405e+01,2.116491e+01,2.115796e+01,2.116491e+01,2.122050e+01,2.129688e+01,2.126911e+01,2.133158e+01,2.135239e+01,2.133158e+01,2.141480e+01,2.144253e+01,2.140787e+01,2.144253e+01,2.144946e+01,2.145639e+01,2.153260e+01,2.157414e+01,2.156029e+01,2.163642e+01,2.171248e+01,2.172631e+01,2.174013e+01,2.169866e+01,2.164334e+01,2.158798e+01,2.161566e+01,2.171248e+01,2.158106e+01,2.150489e+01,2.178159e+01,2.151182e+01,2.150489e+01,2.149796e+01,2.151875e+01,2.146332e+01,2.144253e+01,2.134545e+01,2.149104e+01,2.140094e+01,2.154645e+01,2.146332e+01,2.135933e+01,2.144946e+01,2.140094e+01,2.136626e+01,2.145639e+01,2.135933e+01,2.145639e+01,2.153952e+01,2.133851e+01,2.132464e+01,2.176086e+01,2.194035e+01,2.190586e+01,2.207131e+01,2.180922e+01,2.173322e+01,2.157414e+01,2.137320e+01,2.138013e+01,2.133158e+01,2.122050e+01,2.132464e+01,2.142174e+01,2.174704e+01,2.180231e+01,2.153260e+01,2.154645e+01,2.142174e+01,2.138013e+01,2.147025e+01,2.188516e+01,2.210575e+01,2.206442e+01,2.211263e+01,2.198172e+01,2.202997e+01,2.202997e+01,2.199551e+01,2.174704e+01,2.137320e+01,2.139400e+01,2.131076e+01,2.107452e+01,2.119271e+01,2.124828e+01,2.131770e+01,2.119966e+01,2.142174e+01,2.142174e+01,2.142174e+01,2.146332e+01,2.140787e+01,2.140094e+01,2.159490e+01,2.142174e+01,2.160182e+01,2.158106e+01,2.162258e+01,2.165025e+01,2.158798e+01,2.156721e+01,2.153260e+01,2.150489e+01,2.152567e+01,2.164334e+01,2.160182e+01,2.156029e+01,2.148411e+01,2.171248e+01,2.162950e+01,2.155337e+01,2.157414e+01,2.156029e+01,2.149104e+01,2.153952e+01,2.156029e+01,2.149104e+01,2.151182e+01,2.146332e+01,2.135933e+01,2.143560e+01,2.134545e+01,2.136626e+01,2.148411e+01,2.131076e+01,2.154645e+01,2.149104e+01,2.171248e+01,2.196104e+01,2.189206e+01,2.195414e+01,2.182993e+01,2.178850e+01,2.178159e+01,2.177468e+01,2.174013e+01,2.163642e+01,2.141480e+01,2.145639e+01,2.146332e+01,2.139400e+01,2.144946e+01,2.148411e+01,2.151875e+01,2.158106e+01,2.156029e+01,2.156029e+01,2.153260e+01,2.159490e+01,2.161566e+01,2.167100e+01,2.164334e+01,2.162950e+01,2.160874e+01,2.161566e+01,2.153952e+01,2.155337e+01,2.169866e+01,2.160182e+01,2.177468e+01,2.174013e+01,2.176086e+01,2.165717e+01,2.150489e+01,2.178850e+01,2.184374e+01,2.178850e+01,2.194035e+01,2.197483e+01,2.198172e+01,2.182303e+01,2.182993e+01,2.193345e+01,2.189206e+01,2.191965e+01,2.193345e+01,2.177468e+01,2.190586e+01,2.197483e+01,2.184374e+01,2.189896e+01,2.187825e+01,2.185755e+01,2.187825e+01,2.180922e+01,2.185065e+01,2.176086e+01,2.177468e+01,2.176086e+01,2.162258e+01,2.162258e+01,2.155337e+01,2.149104e+01,2.153952e+01,2.148411e+01,2.148411e+01,2.158106e+01,2.142174e+01,2.145639e+01,2.139400e+01,2.142174e+01,2.140094e+01,2.140787e+01,2.127605e+01,2.133158e+01,2.140094e+01,2.165025e+01,2.197483e+01,2.255237e+01,2.414435e+01,2.518559e+01,2.541261e+01,2.558588e+01,2.549928e+01,2.571233e+01,2.563249e+01,2.561917e+01,2.560586e+01,2.539260e+01,2.517890e+01,2.518559e+01,2.503173e+01,2.480388e+01,2.473677e+01,2.448137e+01,2.440732e+01,2.422533e+01,2.394161e+01,2.376559e+01,2.373848e+01,2.354174e+01,2.325614e+01,2.320846e+01,2.292877e+01,2.275785e+01,2.266886e+01,2.251122e+01,2.230525e+01,2.208509e+01,2.208509e+01,2.194035e+01,2.206442e+01,2.182303e+01,2.171248e+01,2.166409e+01,2.152567e+01,2.135933e+01,2.124133e+01,2.123439e+01,2.113015e+01,2.153952e+01,2.157414e+01,2.153260e+01,2.141480e+01,2.144946e+01,2.135933e+01,2.148411e+01,2.138707e+01,2.135239e+01,2.133851e+01,2.130382e+01,2.133851e+01,2.141480e+01,2.133158e+01,2.117881e+01,2.135933e+01,2.140787e+01,2.131770e+01,2.140094e+01,2.138707e+01,2.140094e+01,2.139400e+01,2.140787e+01,2.128993e+01,2.142867e+01,2.151182e+01,2.143560e+01,2.134545e+01,2.137320e+01,2.153260e+01,2.138707e+01,2.127605e+01,2.139400e+01,2.138013e+01,2.140094e+01,2.133158e+01,2.134545e+01,2.144946e+01,2.136626e+01,2.130382e+01,2.124828e+01,2.144253e+01,2.122050e+01,2.148411e+01,2.120660e+01,2.126217e+01,2.122050e+01,2.119966e+01,2.119271e+01,2.127605e+01,2.122744e+01,2.119966e+01,2.130382e+01,2.127605e+01,2.132464e+01,2.123439e+01,2.110929e+01,2.130382e+01,2.126217e+01,2.123439e+01,2.134545e+01,2.122050e+01,2.126911e+01,2.129688e+01,2.126911e+01,2.111625e+01,2.126911e+01,2.118576e+01,2.117881e+01,2.126217e+01,2.112320e+01,2.114406e+01,2.106061e+01,2.108843e+01,2.111625e+01,2.110234e+01,2.114406e+01,2.111625e+01,2.107452e+01,2.110929e+01,2.100493e+01,2.114406e+01,2.087956e+01,2.095619e+01,2.094226e+01,2.097709e+01,2.087956e+01,2.080984e+01,2.083076e+01,2.093530e+01,2.135933e+01,2.164334e+01,2.177468e+01,2.193345e+01,2.187825e+01,2.198172e+01,2.202308e+01,2.190586e+01,2.200930e+01,2.192655e+01,2.185755e+01,2.187825e+01,2.197483e+01,2.194725e+01,2.187825e+01,2.188516e+01,2.196104e+01,2.191965e+01,2.184374e+01,2.197483e+01,2.198172e+01,2.200930e+01,2.199551e+01,2.201619e+01,2.182303e+01,2.194725e+01,2.194035e+01,2.200241e+01,2.197483e+01,2.198862e+01,2.197483e+01,2.191965e+01,2.192655e+01,2.207820e+01,2.185065e+01,2.202308e+01,2.195414e+01,2.186445e+01,2.201619e+01,2.195414e+01,2.196793e+01,2.196793e+01,2.194035e+01,2.200930e+01,2.196793e+01,2.193345e+01,2.218147e+01,2.208509e+01,2.200241e+01,2.207820e+01,2.207820e+01,2.204376e+01,2.207820e+01,2.200241e+01,2.198862e+01,2.210575e+01,2.225026e+01,2.211952e+01,2.202997e+01,2.207820e+01,2.209886e+01,2.201619e+01,2.209198e+01,2.208509e+01,2.207820e+01,2.212641e+01,2.209198e+01,2.205754e+01,2.196793e+01,2.197483e+01,2.189896e+01,2.201619e+01,2.190586e+01,2.167100e+01,2.177468e+01,2.169175e+01,2.174704e+01,2.177468e+01,2.181612e+01,2.176086e+01,2.163642e+01,2.159490e+01,2.162258e+01,2.156029e+01,2.158106e+01,2.156029e+01,2.157414e+01,2.158106e+01,2.175395e+01,2.158798e+01,2.167100e+01,2.164334e+01,2.166409e+01,2.169175e+01,2.174013e+01,2.170557e+01,2.170557e+01,2.168483e+01,2.170557e+01,2.172631e+01,2.179540e+01,2.189206e+01,2.176777e+01,2.167100e+01
2.153260e+01,2.171248e+01,2.174704e+01,2.169175e+01,2.158798e+01,2.160874e+01,2.166409e+01,2.161566e+01,2.172631e+01,2.171940e+01,2.166409e+01,2.160874e+01,2.146332e+01,2.155337e+01,2.160874e+01,2.165717e+01,2.161566e+01,2.158798e+01,2.163642e+01,2.166409e+01,2.156029e+01,2.165717e+01,2.162258e+01,2.151182e+01,2.151875e+01,2.154645e+01,2.158106e+01,2.148411e+01,2.169175e+01,2.151182e+01,2.156029e+01,2.151182e+01,2.171248e+01,2.160874e+01,2.151875e+01,2.154645e+01,2.168483e+01,2.165717e+01,2.151875e+01,2.170557e+01,2.164334e+01,2.162950e+01,2.151182e+01,2.149104e+01,2.148411e+01,2.155337e+01,2.139400e+01,2.158798e+01,2.145639e+01,2.157414e+01,2.149104e+01,2.158106e+01,2.161566e+01,2.133158e+01,2.136626e+01,2.135239e+01,2.140094e+01,2.147718e+01,2.148411e+01,2.143560e+01,2.156029e+01,2.140787e+01,2.145639e+01,2.149796e+01,2.154645e+01,2.155337e+01,2.138013e+01,2.142174e+01,2.153952e+01,2.144946e+01,2.141480e+01,2.142867e+01,2.151875e+01,2.151875e+01,2.149104e+01,2.147718e+01,2.155337e+01,2.143560e+01,2.146332e+01,2.142867e+01,2.159490e+01,2.142867e+01,2.142174e+01,2.149796e+01,2.142174e+01,2.149104e+01,2.147718e+01,2.148411e+01,2.151182e+01,2.150489e+01,2.159490e+01,2.156029e+01,2.151182e+01,2.149796e+01,2.151875e+01,2.156721e+01,2.151182e+01,2.155337e+01,2.156721e+01,2.156029e+01,2.162950e+01,2.163642e+01,2.149796e+01,2.152567e+01,2.161566e+01,2.150489e+01,2.171940e+01,2.169866e+01,2.160182e+01,2.169866e+01,2.156029e+01,2.177468e+01,2.164334e+01,2.168483e+01,2.149796e+01,2.167792e+01,2.171248e+01,2.172631e+01,2.169866e+01,2.172631e+01,2.178159e+01,2.173322e+01,2.164334e+01,2.189896e+01,2.194035e+01,2.188516e+01,2.184374e+01,2.185755e+01,2.192655e+01,2.185755e+01,2.184374e+01,2.199551e+01,2.187135e+01,2.187135e+01,2.196104e+01,2.205754e+01,2.214706e+01,2.222962e+01,2.227776e+01,2.233274e+01,2.257979e+01,2.263461e+01,2.272363e+01,2.300388e+01,2.303801e+01,2.339904e+01,2.337183e+01,2.386041e+01,2.385364e+01,2.395514e+01,2.445445e+01,2.466962e+01,2.484413e+01,2.508527e+01,2.517222e+01,2.530584e+01,2.541928e+01,2.544595e+01,2.544595e+01,2.551927e+01,2.535924e+01,2.543929e+01,2.525241e+01,2.502504e+01,2.497147e+01,2.474349e+01,2.417810e+01,2.402275e+01,2.337864e+01,2.283309e+01,2.215394e+01,2.217459e+01,2.183684e+01,2.180231e+01,2.165717e+01,2.182993e+01,2.167792e+01,2.179540e+01,2.176777e+01,2.163642e+01,2.176086e+01,2.162258e+01,2.169866e+01,2.171940e+01,2.174704e+01,2.167792e+01,2.178159e+01,2.171940e+01,2.151875e+01,2.140094e+01,2.135239e+01,2.111625e+01,2.103277e+01,2.101885e+01,2.117881e+01,2.116491e+01,2.116491e+01,2.114406e+01,2.119966e+01,2.115796e+01,2.124828e+01,2.133851e+01,2.131770e+01,2.150489e+01,2.149104e+01,2.128993e+01,2.144946e+01,2.136626e+01,2.144946e+01,2.143560e+01,2.149796e+01,2.154645e+01,2.160182e+01,2.161566e+01,2.157414e+01,2.148411e+01,2.157414e+01,2.162258e+01,2.160874e+01,2.165025e+01,2.165717e+01,2.158798e+01,2.161566e+01,2.162950e+01,2.148411e+01,2.156029e+01,2.149104e+01,2.148411e+01,2.134545e+01,2.152567e+01,2.144946e+01,2.145639e+01,2.143560e+01,2.148411e+01,2.138707e+01,2.147025e+01,2.150489e+01,2.139400e+01,2.151875e+01,2.139400e+01,2.138013e+01,2.142867e+01,2.147025e+01,2.148411e+01,2.150489e+01,2.163642e+01,2.191965e+01,2.193345e+01,2.173322e+01,2.180231e+01,2.176086e+01,2.153952e+01,2.140094e+01,2.138707e+01,2.138707e+01,2.127605e+01,2.133851e+01,2.155337e+01,2.183684e+01,2.188516e+01,2.196104e+01,2.205065e+01,2.188516e+01,2.192655e+01,2.194035e+01,2.199551e+01,2.211263e+01,2.218835e+01,2.225026e+01,2.222962e+01,2.202308e+01,2.191276e+01,2.204376e+01,2.192655e+01,2.174013e+01,2.156721e+01,2.141480e+01,2.103973e+01,2.106061e+01,2.096316e+01,2.111625e+01,2.133851e+01,2.122050e+01,2.135933e+01,2.113015e+01,2.143560e+01,2.120660e+01,2.147025e+01,2.137320e+01,2.133158e+01,2.141480e+01,2.151182e+01,2.153952e+01,2.145639e+01,2.156029e+01,2.149796e+01,2.153260e+01,2.141480e+01,2.140094e+01,2.158798e+01,2.158798e+01,2.147718e+01,2.152567e+01,2.147718e+01,2.158798e+01,2.154645e+01,2.156029e+01,2.146332e+01,2.138013e+01,2.147025e+01,2.129688e+01,2.151875e+01,2.133158e+01,2.144253e+01,2.146332e+01,2.139400e+01,2.127605e+01,2.138707e+01,2.146332e+01,2.133158e+01,2.137320e+01,2.148411e+01,2.133158e+01,2.167792e+01,2.176086e+01,2.202308e+01,2.191276e+01,2.176086e+01,2.187135e+01,2.187825e+01,2.172631e+01,2.188516e+01,2.153952e+01,2.147025e+01,2.151182e+01,2.142867e+01,2.146332e+01,2.150489e+01,2.148411e+01,2.151875e+01,2.134545e+01,2.158106e+01,2.164334e+01,2.156029e+01,2.163642e+01,2.167792e+01,2.151875e+01,2.151182e+01,2.153952e+01,2.143560e+01,2.161566e+01,2.164334e+01,2.169175e+01,2.156029e+01,2.162950e+01,2.158798e+01,2.176777e+01,2.172631e+01,2.156721e+01,2.182993e+01,2.163642e+01,2.190586e+01,2.184374e+01,2.182303e+01,2.189206e+01,2.176086e+01,2.183684e+01,2.191965e+01,2.196104e+01,2.177468e+01,2.194035e+01,2.194035e+01,2.195414e+01,2.195414e+01,2.187825e+01,2.174013e+01,2.191965e+01,2.186445e+01,2.184374e+01,2.190586e+01,2.185065e+01,2.181612e+01,2.176086e+01,2.167792e+01,2.165717e+01,2.155337e+01,2.158798e+01,2.156029e+01,2.153952e+01,2.158106e+01,2.149104e+01,2.142174e+01,2.138013e+01,2.137320e+01,2.151875e+01,2.146332e+01,2.141480e+01,2.147718e+01,2.141480e+01,2.126217e+01,2.125522e+01,2.141480e+01,2.126217e+01,2.165717e+01,2.180922e+01,2.212641e+01,2.329018e+01,2.458898e+01,2.515885e+01,2.560586e+01,2.565245e+01,2.565245e+01,2.555925e+01,2.535256e+01,2.530584e+01,2.521900e+01,2.515885e+01,2.502504e+01,2.473006e+01,2.473006e+01,2.468306e+01,2.438038e+01,2.431973e+01,2.404303e+01,2.386041e+01,2.362998e+01,2.354853e+01,2.333782e+01,2.303118e+01,2.292877e+01,2.276469e+01,2.289461e+01,2.255923e+01,2.247692e+01,2.220211e+01,2.221587e+01,2.214017e+01,2.198172e+01,2.182993e+01,2.186445e+01,2.180231e+01,2.142174e+01,2.141480e+01,2.116491e+01,2.131770e+01,2.164334e+01,2.154645e+01,2.152567e+01,2.156029e+01,2.149796e+01,2.145639e+01,2.138013e+01,2.140094e+01,2.135933e+01,2.141480e+01,2.138707e+01,2.138013e+01,2.132464e+01,2.131770e+01,2.134545e+01,2.133851e+01,2.135239e+01,2.133851e+01,2.141480e+01,2.126911e+01,2.125522e+01,2.120660e+01,2.141480e+01,2.133158e+01,2.141480e+01,2.135239e+01,2.139400e+01,2.131076e+01,2.140094e+01,2.141480e+01,2.133851e+01,2.135933e+01,2.144253e+01,2.129688e+01,2.142174e+01,2.131076e+01,2.128299e+01,2.131770e+01,2.131770e+01,2.130382e+01,2.132464e+01,2.135933e+01,2.132464e+01,2.124828e+01,2.132464e+01,2.124133e+01,2.117881e+01,2.121355e+01,2.117881e+01,2.117186e+01,2.118576e+01,2.117881e+01,2.110929e+01,2.132464e+01,2.122744e+01,2.133851e+01,2.126217e+01,2.123439e+01,2.106061e+01,2.114406e+01,2.117186e+01,2.132464e+01,2.119966e+01,2.129688e+01,2.129688e+01,2.120660e+01,2.122744e+01,2.117881e+01,2.128299e+01,2.126911e+01,2.121355e+01,2.111625e+01,2.113015e+01,2.107452e+01,2.102581e+01,2.113015e+01,2.110929e+01,2.108843e+01,2.110234e+01,2.110929e+01,2.110929e+01,2.085168e+01,2.108843e+01,2.079589e+01,2.115101e+01,2.091440e+01,2.088653e+01,2.097709e+01,2.079589e+01,2.085865e+01,2.083076e+01,2.116491e+01,2.174704e+01,2.175395e+01,2.182993e+01,2.177468e+01,2.187135e+01,2.187135e+01,2.192655e+01,2.179540e+01,2.186445e+01,2.196104e+01,2.189206e+01,2.195414e+01,2.190586e+01,2.197483e+01,2.197483e+01,2.202997e+01,2.186445e+01,2.180231e+01,2.198172e+01,2.181612e+01,2.200930e+01,2.195414e+01,2.194035e+01,2.194725e+01,2.200241e+01,2.191276e+01,2.192655e+01,2.196104e+01,2.186445e+01,2.195414e+01,2.205754e+01,2.194725e+01,2.198172e+01,2.197483e+01,2.191965e+01,2.193345e+01,2.204376e+01,2.197483e+01,2.200930e+01,2.211263e+01,2.192655e+01,2.194035e+01,2.199551e+01,2.205754e+01,2.213329e+01,2.214017e+01,2.202308e+01,2.202308e+01,2.214017e+01,2.211263e+01,2.202308e+01,2.208509e+01,2.212641e+01,2.205754e+01,2.202997e+01,2.209198e+01,2.207131e+01,2.204376e+01,2.208509e+01,2.214017e+01,2.201619e+01,2.204376e+01,2.198862e+01,2.203687e+01,2.216771e+01,2.205065e+01,2.202997e+01,2.196104e+01,2.209886e+01,2.200930e+01,2.194725e+01,2.182303e+01,2.162950e+01,2.176086e+01,2.174704e+01,2.176777e+01,2.178159e+01,2.168483e+01,2.165025e+01,2.156721e+01,2.159490e+01,2.166409e+01,2.169866e+01,2.156721e+01,2.158106e+01,2.174013e+01,2.170557e+01,2.160874e+01,2.162258e+01,2.165025e+01,2.176086e+01,2.171248e+01,2.179540e+01,2.182993e+01,2.180231e+01,2.175395e+01,2.174013e+01,2.176777e+01,2.190586e+01,2.169175e+01,2.167792e+01,2.170557e+01,2.172631e+01
2.167792e+01,2.166409e+01,2.167792e+01,2.168483e+01,2.167100e+01,2.167792e+01,2.162258e+01,2.169866e+01,2.162258e+01,2.164334e+01,2.166409e+01,2.167100e+01,2.171248e+01,2.163642e+01,2.171940e+01,2.169866e+01,2.170557e+01,2.163642e+01,2.160874e+01,2.169175e+01,2.153952e+01,2.151875e+01,2.160874e+01,2.162950e+01,2.140787e+01,2.169175e+01,2.145639e+01,2.148411e+01,2.146332e+01,2.155337e+01,2.149104e+01,2.155337e+01,2.157414e+01,2.147718e+01,2.155337e+01,2.150489e+01,2.151182e+01,2.153952e+01,2.155337e+01,2.149796e+01,2.150489e+01,2.149104e+01,2.149104e+01,2.150489e+01,2.158106e+01,2.156029e+01,2.144253e+01,2.144253e+01,2.144253e+01,2.142174e+01,2.142867e+01,2.148411e+01,2.145639e+01,2.135239e+01,2.156029e+01,2.148411e+01,2.147718e+01,2.138013e+01,2.150489e+01,2.149796e+01,2.150489e+01,2.143560e+01,2.144253e+01,2.143560e+01,2.135933e+01,2.144253e+01,2.140094e+01,2.138707e+01,2.135239e+01,2.142174e+01,2.131076e+01,2.130382e+01,2.147718e+01,2.135933e+01,2.141480e+01,2.152567e+01,2.142867e+01,2.139400e+01,2.135239e+01,2.137320e+01,2.144946e+01,2.146332e+01,2.146332e+01,2.151182e+01,2.159490e+01,2.145639e+01,2.147718e+01,2.162950e+01,2.154645e+01,2.160182e+01,2.149104e+01,2.156721e+01,2.153952e+01,2.135239e+01,2.149104e+01,2.149104e+01,2.156029e+01,2.139400e+01,2.153952e+01,2.153952e+01,2.155337e+01,2.160874e+01,2.151875e+01,2.152567e+01,2.167792e+01,2.161566e+01,2.183684e+01,2.165025e+01,2.169175e+01,2.171940e+01,2.162950e+01,2.167792e+01,2.177468e+01,2.171248e+01,2.170557e+01,2.162258e+01,2.196793e+01,2.169175e+01,2.181612e+01,2.173322e+01,2.171940e+01,2.171940e+01,2.169866e+01,2.187135e+01,2.181612e+01,2.183684e+01,2.184374e+01,2.195414e+01,2.194035e+01,2.189896e+01,2.188516e+01,2.198172e+01,2.196104e+01,2.193345e+01,2.197483e+01,2.201619e+01,2.228463e+01,2.240829e+01,2.228463e+01,2.242202e+01,2.258665e+01,2.265516e+01,2.289461e+01,2.310622e+01,2.331060e+01,2.352816e+01,2.357569e+01,2.413760e+01,2.411059e+01,2.427929e+01,2.468306e+01,2.487766e+01,2.497817e+01,2.515885e+01,2.528580e+01,2.554592e+01,2.542595e+01,2.579211e+01,2.579876e+01,2.568572e+01,2.557257e+01,2.543262e+01,2.541928e+01,2.526577e+01,2.503843e+01,2.501165e+01,2.454192e+01,2.400247e+01,2.357569e+01,2.284676e+01,2.262091e+01,2.218835e+01,2.205065e+01,2.181612e+01,2.177468e+01,2.182993e+01,2.175395e+01,2.166409e+01,2.162258e+01,2.165025e+01,2.171248e+01,2.167792e+01,2.170557e+01,2.176086e+01,2.169175e+01,2.178850e+01,2.181612e+01,2.180231e+01,2.167100e+01,2.163642e+01,2.164334e+01,2.162950e+01,2.162950e+01,2.155337e+01,2.146332e+01,2.147718e+01,2.128299e+01,2.131076e+01,2.138013e+01,2.117186e+01,2.118576e+01,2.134545e+01,2.140094e+01,2.131770e+01,2.139400e+01,2.144946e+01,2.150489e+01,2.149796e+01,2.148411e+01,2.149104e+01,2.146332e+01,2.152567e+01,2.165717e+01,2.153952e+01,2.155337e+01,2.157414e+01,2.165025e+01,2.164334e+01,2.160874e+01,2.167792e+01,2.160874e+01,2.150489e+01,2.162950e+01,2.155337e+01,2.158798e+01,2.150489e+01,2.153260e+01,2.151182e+01,2.148411e+01,2.147025e+01,2.138707e+01,2.144253e+01,2.135933e+01,2.150489e+01,2.149796e+01,2.153260e+01,2.141480e+01,2.151182e+01,2.145639e+01,2.148411e+01,2.136626e+01,2.139400e+01,2.144253e+01,2.140094e+01,2.151875e+01,2.181612e+01,2.191965e+01,2.196793e+01,2.190586e+01,2.174013e+01,2.148411e+01,2.141480e+01,2.140787e+01,2.140094e+01,2.144253e+01,2.151875e+01,2.149104e+01,2.191965e+01,2.198172e+01,2.204376e+01,2.198862e+01,2.209886e+01,2.204376e+01,2.222275e+01,2.216082e+01,2.201619e+01,2.214017e+01,2.227088e+01,2.227088e+01,2.233274e+01,2.211952e+01,2.213329e+01,2.196104e+01,2.197483e+01,2.166409e+01,2.162950e+01,2.132464e+01,2.120660e+01,2.106756e+01,2.100493e+01,2.099797e+01,2.099797e+01,2.101189e+01,2.101189e+01,2.097012e+01,2.115101e+01,2.116491e+01,2.122050e+01,2.130382e+01,2.137320e+01,2.129688e+01,2.137320e+01,2.159490e+01,2.133851e+01,2.138707e+01,2.138707e+01,2.151875e+01,2.153260e+01,2.134545e+01,2.162258e+01,2.158798e+01,2.137320e+01,2.138707e+01,2.153260e+01,2.156029e+01,2.144253e+01,2.147718e+01,2.149104e+01,2.142867e+01,2.140094e+01,2.128299e+01,2.128299e+01,2.115796e+01,2.133851e+01,2.131770e+01,2.136626e+01,2.136626e+01,2.124828e+01,2.133158e+01,2.122050e+01,2.131076e+01,2.138707e+01,2.121355e+01,2.158106e+01,2.174704e+01,2.200241e+01,2.177468e+01,2.180231e+01,2.173322e+01,2.181612e+01,2.174704e+01,2.169175e+01,2.142867e+01,2.139400e+01,2.140787e+01,2.139400e+01,2.153260e+01,2.144253e+01,2.149796e+01,2.149104e+01,2.136626e+01,2.156721e+01,2.155337e+01,2.154645e+01,2.153952e+01,2.159490e+01,2.149104e+01,2.157414e+01,2.158798e+01,2.162950e+01,2.166409e+01,2.156029e+01,2.166409e+01,2.163642e+01,2.172631e+01,2.174013e+01,2.163642e+01,2.169175e+01,2.166409e+01,2.172631e+01,2.166409e+01,2.181612e+01,2.174013e+01,2.195414e+01,2.187135e+01,2.191276e+01,2.188516e+01,2.188516e+01,2.195414e+01,2.193345e+01,2.187135e+01,2.194725e+01,2.188516e+01,2.193345e+01,2.191965e+01,2.183684e+01,2.186445e+01,2.196104e+01,2.182303e+01,2.189206e+01,2.183684e+01,2.184374e+01,2.178850e+01,2.180231e+01,2.171940e+01,2.166409e+01,2.174704e+01,2.164334e+01,2.149796e+01,2.161566e+01,2.150489e+01,2.154645e+01,2.144946e+01,2.154645e+01,2.137320e+01,2.140094e+01,2.141480e+01,2.140094e+01,2.126911e+01,2.140787e+01,2.128299e+01,2.126217e+01,2.130382e+01,2.143560e+01,2.145639e+01,2.158798e+01,2.209198e+01,2.274416e+01,2.411059e+01,2.488436e+01,2.521232e+01,2.539260e+01,2.538593e+01,2.536591e+01,2.532586e+01,2.533921e+01,2.508527e+01,2.509865e+01,2.497817e+01,2.489776e+01,2.473006e+01,2.466291e+01,2.423882e+01,2.421859e+01,2.405655e+01,2.384010e+01,2.361641e+01,2.350099e+01,2.330379e+01,2.316758e+01,2.296975e+01,2.286043e+01,2.266886e+01,2.260720e+01,2.247006e+01,2.231212e+01,2.206442e+01,2.206442e+01,2.190586e+01,2.194035e+01,2.181612e+01,2.177468e+01,2.157414e+01,2.159490e+01,2.163642e+01,2.158798e+01,2.167100e+01,2.157414e+01,2.146332e+01,2.153952e+01,2.152567e+01,2.139400e+01,2.141480e+01,2.142174e+01,2.141480e+01,2.135239e+01,2.141480e+01,2.138013e+01,2.137320e+01,2.133158e+01,2.139400e+01,2.140094e+01,2.132464e+01,2.138707e+01,2.140094e+01,2.135239e+01,2.131076e+01,2.135933e+01,2.135239e+01,2.140094e+01,2.131076e+01,2.138707e+01,2.142867e+01,2.133158e+01,2.135933e+01,2.133158e+01,2.130382e+01,2.128299e+01,2.128299e+01,2.139400e+01,2.131076e+01,2.138013e+01,2.130382e+01,2.131770e+01,2.133158e+01,2.135239e+01,2.136626e+01,2.122744e+01,2.131076e+01,2.121355e+01,2.127605e+01,2.126911e+01,2.115101e+01,2.117186e+01,2.114406e+01,2.110234e+01,2.131076e+01,2.116491e+01,2.127605e+01,2.123439e+01,2.128299e+01,2.131076e+01,2.122050e+01,2.114406e+01,2.125522e+01,2.123439e+01,2.121355e+01,2.124828e+01,2.121355e+01,2.121355e+01,2.122050e+01,2.117881e+01,2.119966e+01,2.119966e+01,2.119271e+01,2.117186e+01,2.126911e+01,2.129688e+01,2.108148e+01,2.117186e+01,2.110234e+01,2.108148e+01,2.109539e+01,2.114406e+01,2.102581e+01,2.107452e+01,2.097709e+01,2.097012e+01,2.091440e+01,2.092137e+01,2.085865e+01,2.085168e+01,2.085865e+01,2.081681e+01,2.085168e+01,2.090047e+01,2.084470e+01,2.163642e+01,2.177468e+01,2.188516e+01,2.178850e+01,2.189896e+01,2.203687e+01,2.194035e+01,2.187135e+01,2.194725e+01,2.194035e+01,2.200930e+01,2.201619e+01,2.189206e+01,2.200241e+01,2.196793e+01,2.191965e+01,2.201619e+01,2.204376e+01,2.186445e+01,2.202997e+01,2.200930e+01,2.184374e+01,2.194035e+01,2.180231e+01,2.201619e+01,2.188516e+01,2.203687e+01,2.191276e+01,2.187135e+01,2.201619e+01,2.204376e+01,2.209198e+01,2.196793e+01,2.208509e+01,2.239456e+01,2.210575e+01,2.211952e+01,2.211952e+01,2.207820e+01,2.194035e+01,2.213329e+01,2.206442e+01,2.209198e+01,2.203687e+01,2.220211e+01,2.205754e+01,2.209198e+01,2.212641e+01,2.213329e+01,2.211263e+01,2.224338e+01,2.212641e+01,2.211952e+01,2.211263e+01,2.222962e+01,2.208509e+01,2.203687e+01,2.208509e+01,2.215394e+01,2.214706e+01,2.205754e+01,2.211952e+01,2.205754e+01,2.211263e+01,2.208509e+01,2.206442e+01,2.208509e+01,2.191276e+01,2.189206e+01,2.211952e+01,2.187825e+01,2.195414e+01,2.182303e+01,2.176086e+01,2.185755e+01,2.184374e+01,2.162258e+01,2.172631e+01,2.172631e+01,2.160182e+01,2.156721e+01,2.175395e+01,2.170557e+01,2.152567e+01,2.173322e+01,2.156721e+01,2.174704e+01,2.174704e+01,2.171940e+01,2.166409e+01,2.167100e+01,2.185065e+01,2.169175e+01,2.183684e+01,2.169866e+01,2.176086e+01,2.176086e+01,2.175395e+01,2.182993e+01,2.176777e+01,2.169175e+01,2.179540e+01,2.174704e+01
2.169866e+01,2.169175e+01,2.160874e+01,2.181612e+01,2.162950e+01,2.164334e+01,2.162258e+01,2.160874e+01,2.157414e+01,2.159490e+01,2.158106e+01,2.180231e+01,2.168483e+01,2.167100e+01,2.161566e+01,2.158106e+01,2.172631e+01,2.151875e+01,2.167792e+01,2.168483e+01,2.167100e+01,2.164334e+01,2.163642e+01,2.151182e+01,2.156721e+01,2.153952e+01,2.159490e+01,2.154645e+01,2.166409e+01,2.159490e+01,2.162258e+01,2.162950e+01,2.153260e+01,2.159490e+01,2.149796e+01,2.153260e+01,2.155337e+01,2.155337e+01,2.168483e+01,2.164334e+01,2.156029e+01,2.167100e+01,2.147718e+01,2.162950e+01,2.160182e+01,2.140094e+01,2.151182e+01,2.144253e+01,2.156029e+01,2.144253e+01,2.156721e+01,2.149796e+01,2.160874e+01,2.142174e+01,2.136626e+01,2.140094e+01,2.148411e+01,2.137320e+01,2.144946e+01,2.147718e+01,2.143560e+01,2.140094e+01,2.149796e+01,2.148411e+01,2.158798e+01,2.147025e+01,2.145639e+01,2.147718e+01,2.137320e+01,2.144946e+01,2.138707e+01,2.149796e+01,2.134545e+01,2.139400e+01,2.155337e+01,2.154645e+01,2.138707e+01,2.135933e+01,2.155337e+01,2.143560e+01,2.147718e+01,2.136626e+01,2.142174e+01,2.148411e+01,2.160182e+01,2.158798e+01,2.146332e+01,2.161566e+01,2.149104e+01,2.156721e+01,2.151182e+01,2.154645e+01,2.158106e+01,2.155337e+01,2.168483e+01,2.147025e+01,2.148411e+01,2.151875e+01,2.154645e+01,2.162258e+01,2.154645e+01,2.162258e+01,2.153952e+01,2.155337e+01,2.160874e+01,2.161566e+01,2.161566e+01,2.153952e+01,2.160874e+01,2.166409e+01,2.175395e+01,2.168483e+01,2.171248e+01,2.167792e+01,2.178159e+01,2.173322e+01,2.174704e+01,2.166409e+01,2.176086e+01,2.176086e+01,2.173322e+01,2.176086e+01,2.174704e+01,2.185065e+01,2.186445e+01,2.181612e+01,2.184374e+01,2.192655e+01,2.191965e+01,2.194725e+01,2.189206e+01,2.187825e+01,2.194725e+01,2.193345e+01,2.200930e+01,2.192655e+01,2.229151e+01,2.234648e+01,2.245634e+01,2.260720e+01,2.257979e+01,2.277837e+01,2.305848e+01,2.323571e+01,2.352816e+01,2.362319e+01,2.385364e+01,2.392808e+01,2.417810e+01,2.456881e+01,2.473677e+01,2.502504e+01,2.510534e+01,2.540594e+01,2.574558e+01,2.575887e+01,2.569237e+01,2.579876e+01,2.581205e+01,2.586519e+01,2.574558e+01,2.559920e+01,2.569237e+01,2.525909e+01,2.517222e+01,2.499826e+01,2.472335e+01,2.402951e+01,2.362319e+01,2.286043e+01,2.246320e+01,2.220211e+01,2.208509e+01,2.182303e+01,2.167792e+01,2.172631e+01,2.172631e+01,2.163642e+01,2.183684e+01,2.179540e+01,2.167792e+01,2.167100e+01,2.171940e+01,2.168483e+01,2.181612e+01,2.169866e+01,2.184374e+01,2.174704e+01,2.170557e+01,2.173322e+01,2.163642e+01,2.184374e+01,2.162258e+01,2.162950e+01,2.166409e+01,2.167792e+01,2.155337e+01,2.145639e+01,2.157414e+01,2.140787e+01,2.150489e+01,2.129688e+01,2.138013e+01,2.133851e+01,2.133851e+01,2.144946e+01,2.147718e+01,2.148411e+01,2.134545e+01,2.148411e+01,2.153260e+01,2.156721e+01,2.149104e+01,2.154645e+01,2.157414e+01,2.162258e+01,2.158106e+01,2.167100e+01,2.158798e+01,2.156029e+01,2.164334e+01,2.163642e+01,2.165025e+01,2.160874e+01,2.160182e+01,2.157414e+01,2.153260e+01,2.147025e+01,2.135239e+01,2.154645e+01,2.139400e+01,2.135933e+01,2.138707e+01,2.140094e+01,2.143560e+01,2.152567e+01,2.147025e+01,2.153952e+01,2.144253e+01,2.152567e+01,2.146332e+01,2.148411e+01,2.148411e+01,2.148411e+01,2.167792e+01,2.174704e+01,2.193345e+01,2.174013e+01,2.174013e+01,2.144253e+01,2.127605e+01,2.144946e+01,2.141480e+01,2.147025e+01,2.157414e+01,2.160874e+01,2.183684e+01,2.201619e+01,2.206442e+01,2.211952e+01,2.198172e+01,2.206442e+01,2.225026e+01,2.226401e+01,2.219523e+01,2.227776e+01,2.236022e+01,2.217459e+01,2.207820e+01,2.226401e+01,2.214017e+01,2.205754e+01,2.210575e+01,2.187825e+01,2.169175e+01,2.151875e+01,2.137320e+01,2.112320e+01,2.101885e+01,2.097012e+01,2.096316e+01,2.099797e+01,2.081681e+01,2.087956e+01,2.078891e+01,2.087259e+01,2.113711e+01,2.119966e+01,2.116491e+01,2.119966e+01,2.124828e+01,2.135239e+01,2.139400e+01,2.148411e+01,2.169175e+01,2.167100e+01,2.153952e+01,2.167100e+01,2.158106e+01,2.167100e+01,2.153260e+01,2.165717e+01,2.141480e+01,2.144946e+01,2.152567e+01,2.153952e+01,2.141480e+01,2.150489e+01,2.135933e+01,2.133158e+01,2.158798e+01,2.156029e+01,2.158106e+01,2.160874e+01,2.144253e+01,2.163642e+01,2.139400e+01,2.131770e+01,2.132464e+01,2.126217e+01,2.126217e+01,2.120660e+01,2.122744e+01,2.125522e+01,2.171940e+01,2.172631e+01,2.174704e+01,2.176777e+01,2.171248e+01,2.161566e+01,2.171248e+01,2.153952e+01,2.135239e+01,2.139400e+01,2.126217e+01,2.136626e+01,2.140094e+01,2.140787e+01,2.138707e+01,2.152567e+01,2.140094e+01,2.153952e+01,2.153260e+01,2.144946e+01,2.153952e+01,2.159490e+01,2.154645e+01,2.158798e+01,2.158798e+01,2.155337e+01,2.165025e+01,2.162258e+01,2.169866e+01,2.163642e+01,2.169175e+01,2.158798e+01,2.158798e+01,2.171940e+01,2.167792e+01,2.165025e+01,2.174704e+01,2.171940e+01,2.171940e+01,2.178159e+01,2.189896e+01,2.181612e+01,2.180922e+01,2.188516e+01,2.178159e+01,2.194725e+01,2.193345e+01,2.194035e+01,2.183684e+01,2.178159e+01,2.191276e+01,2.187135e+01,2.185755e+01,2.194035e+01,2.189206e+01,2.192655e+01,2.180231e+01,2.179540e+01,2.177468e+01,2.180231e+01,2.177468e+01,2.176086e+01,2.176777e+01,2.157414e+01,2.165025e+01,2.157414e+01,2.150489e+01,2.151875e+01,2.153260e+01,2.149104e+01,2.147025e+01,2.139400e+01,2.132464e+01,2.140094e+01,2.138013e+01,2.130382e+01,2.124828e+01,2.131770e+01,2.122050e+01,2.130382e+01,2.133158e+01,2.146332e+01,2.173322e+01,2.187135e+01,2.212641e+01,2.290144e+01,2.456881e+01,2.488436e+01,2.521900e+01,2.529916e+01,2.533921e+01,2.513210e+01,2.514547e+01,2.505851e+01,2.504512e+01,2.499156e+01,2.475691e+01,2.450828e+01,2.463603e+01,2.430625e+01,2.412409e+01,2.398895e+01,2.367068e+01,2.339904e+01,2.329018e+01,2.307212e+01,2.284676e+01,2.293560e+01,2.269625e+01,2.266201e+01,2.242202e+01,2.238082e+01,2.207131e+01,2.207131e+01,2.204376e+01,2.205065e+01,2.187825e+01,2.185065e+01,2.179540e+01,2.180922e+01,2.162950e+01,2.156029e+01,2.176777e+01,2.157414e+01,2.157414e+01,2.148411e+01,2.143560e+01,2.146332e+01,2.145639e+01,2.140094e+01,2.142174e+01,2.143560e+01,2.139400e+01,2.140787e+01,2.141480e+01,2.135933e+01,2.140094e+01,2.131076e+01,2.133158e+01,2.135239e+01,2.136626e+01,2.131770e+01,2.128299e+01,2.139400e+01,2.128299e+01,2.139400e+01,2.133158e+01,2.130382e+01,2.128993e+01,2.137320e+01,2.143560e+01,2.138013e+01,2.138707e+01,2.140094e+01,2.138707e+01,2.143560e+01,2.138707e+01,2.135933e+01,2.111625e+01,2.135933e+01,2.126911e+01,2.126217e+01,2.128993e+01,2.124133e+01,2.124133e+01,2.126217e+01,2.125522e+01,2.122050e+01,2.122050e+01,2.119966e+01,2.111625e+01,2.115796e+01,2.122744e+01,2.115796e+01,2.118576e+01,2.124828e+01,2.130382e+01,2.117881e+01,2.117186e+01,2.123439e+01,2.122744e+01,2.115101e+01,2.124133e+01,2.126217e+01,2.121355e+01,2.123439e+01,2.124828e+01,2.118576e+01,2.131076e+01,2.109539e+01,2.108843e+01,2.108843e+01,2.131076e+01,2.106061e+01,2.109539e+01,2.096316e+01,2.119966e+01,2.098405e+01,2.098405e+01,2.100493e+01,2.108148e+01,2.098405e+01,2.099101e+01,2.115101e+01,2.091440e+01,2.092833e+01,2.086562e+01,2.090743e+01,2.088653e+01,2.078193e+01,2.080286e+01,2.086562e+01,2.082378e+01,2.128299e+01,2.177468e+01,2.180922e+01,2.185755e+01,2.180922e+01,2.190586e+01,2.193345e+01,2.187825e+01,2.203687e+01,2.186445e+01,2.190586e+01,2.205754e+01,2.200241e+01,2.191965e+01,2.201619e+01,2.194725e+01,2.180922e+01,2.204376e+01,2.200930e+01,2.191276e+01,2.197483e+01,2.197483e+01,2.197483e+01,2.196104e+01,2.190586e+01,2.202997e+01,2.194725e+01,2.194035e+01,2.204376e+01,2.204376e+01,2.196793e+01,2.196793e+01,2.206442e+01,2.201619e+01,2.200930e+01,2.202308e+01,2.214017e+01,2.208509e+01,2.211263e+01,2.191965e+01,2.210575e+01,2.212641e+01,2.204376e+01,2.207820e+01,2.211952e+01,2.207820e+01,2.228463e+01,2.214017e+01,2.227776e+01,2.196104e+01,2.216771e+01,2.213329e+01,2.211952e+01,2.218147e+01,2.210575e+01,2.212641e+01,2.210575e+01,2.213329e+01,2.212641e+01,2.215394e+01,2.208509e+01,2.213329e+01,2.203687e+01,2.205754e+01,2.209198e+01,2.194725e+01,2.197483e+01,2.194725e+01,2.198862e+01,2.196104e+01,2.191965e+01,2.182993e+01,2.189206e+01,2.176777e+01,2.176777e+01,2.178850e+01,2.182993e+01,2.170557e+01,2.180922e+01,2.161566e+01,2.177468e+01,2.176086e+01,2.168483e+01,2.163642e+01,2.173322e+01,2.157414e+01,2.176777e+01,2.169866e+01,2.166409e+01,2.173322e+01,2.170557e+01,2.170557e+01,2.172631e+01,2.169175e+01,2.174013e+01,2.171248e+01,2.178159e+01,2.176086e+01,2.179540e+01,2.187135e+01,2.179540e+01,2.173322e+01,2.176777e+01
2.171248e+01,2.167792e+01,2.172631e+01,2.164334e+01,2.162258e+01,2.164334e+01,2.149104e+01,2.162258e+01,2.159490e+01,2.166409e+01,2.163642e+01,2.163642e+01,2.169175e+01,2.160874e+01,2.171940e+01,2.159490e+01,2.173322e+01,2.168483e+01,2.164334e+01,2.147025e+01,2.153260e+01,2.158798e+01,2.158106e+01,2.163642e+01,2.162950e+01,2.170557e+01,2.150489e+01,2.153260e+01,2.149796e+01,2.156029e+01,2.161566e+01,2.157414e+01,2.157414e+01,2.156029e+01,2.158106e+01,2.160182e+01,2.156721e+01,2.143560e+01,2.178850e+01,2.157414e+01,2.154645e+01,2.156029e+01,2.160182e+01,2.149104e+01,2.144946e+01,2.147718e+01,2.148411e+01,2.135239e+01,2.150489e+01,2.150489e+01,2.151875e+01,2.153260e+01,2.152567e+01,2.138013e+01,2.161566e+01,2.147025e+01,2.135933e+01,2.147025e+01,2.141480e+01,2.150489e+01,2.148411e+01,2.149796e+01,2.150489e+01,2.149104e+01,2.136626e+01,2.143560e+01,2.148411e+01,2.142174e+01,2.140787e+01,2.149104e+01,2.135239e+01,2.147718e+01,2.142174e+01,2.152567e+01,2.155337e+01,2.152567e+01,2.130382e+01,2.140787e+01,2.152567e+01,2.148411e+01,2.156029e+01,2.158798e+01,2.145639e+01,2.150489e+01,2.146332e+01,2.147718e+01,2.159490e+01,2.157414e+01,2.162950e+01,2.148411e+01,2.147718e+01,2.162258e+01,2.158106e+01,2.156721e+01,2.158798e+01,2.153952e+01,2.157414e+01,2.161566e+01,2.156029e+01,2.157414e+01,2.159490e+01,2.165717e+01,2.153952e+01,2.158798e+01,2.160182e+01,2.153260e+01,2.164334e+01,2.162950e+01,2.158798e+01,2.165717e+01,2.164334e+01,2.162258e+01,2.167100e+01,2.169175e+01,2.169175e+01,2.167100e+01,2.179540e+01,2.180922e+01,2.166409e+01,2.180922e+01,2.176777e+01,2.194725e+01,2.187135e+01,2.189896e+01,2.165717e+01,2.188516e+01,2.187135e+01,2.188516e+01,2.196104e+01,2.189206e+01,2.189206e+01,2.204376e+01,2.201619e+01,2.204376e+01,2.220211e+01,2.218147e+01,2.222962e+01,2.245634e+01,2.245634e+01,2.249751e+01,2.257979e+01,2.282625e+01,2.326976e+01,2.324933e+01,2.351457e+01,2.371814e+01,2.391455e+01,2.425906e+01,2.444771e+01,2.484413e+01,2.496477e+01,2.512541e+01,2.531251e+01,2.552594e+01,2.581205e+01,2.583862e+01,2.587183e+01,2.596476e+01,2.619674e+01,2.587183e+01,2.598467e+01,2.582533e+01,2.549262e+01,2.547262e+01,2.523237e+01,2.495807e+01,2.468977e+01,2.426580e+01,2.365033e+01,2.307212e+01,2.296975e+01,2.247006e+01,2.201619e+01,2.187825e+01,2.170557e+01,2.181612e+01,2.171248e+01,2.183684e+01,2.165717e+01,2.173322e+01,2.165717e+01,2.169866e+01,2.170557e+01,2.182993e+01,2.168483e+01,2.180922e+01,2.173322e+01,2.164334e+01,2.180231e+01,2.176777e+01,2.174013e+01,2.178159e+01,2.177468e+01,2.182993e+01,2.174704e+01,2.170557e+01,2.178850e+01,2.165717e+01,2.153260e+01,2.162258e+01,2.155337e+01,2.162258e+01,2.156029e+01,2.144946e+01,2.150489e+01,2.151875e+01,2.153952e+01,2.154645e+01,2.135933e+01,2.158106e+01,2.156721e+01,2.150489e+01,2.157414e+01,2.153260e+01,2.156721e+01,2.154645e+01,2.156029e+01,2.161566e+01,2.159490e+01,2.161566e+01,2.158798e+01,2.165717e+01,2.164334e+01,2.153952e+01,2.160874e+01,2.156721e+01,2.167792e+01,2.155337e+01,2.149104e+01,2.159490e+01,2.150489e+01,2.137320e+01,2.135933e+01,2.149104e+01,2.139400e+01,2.153260e+01,2.147718e+01,2.141480e+01,2.143560e+01,2.149796e+01,2.145639e+01,2.138707e+01,2.146332e+01,2.150489e+01,2.145639e+01,2.191276e+01,2.196793e+01,2.164334e+01,2.147025e+01,2.144253e+01,2.145639e+01,2.143560e+01,2.147718e+01,2.145639e+01,2.180922e+01,2.201619e+01,2.202308e+01,2.202308e+01,2.201619e+01,2.157414e+01,2.156721e+01,2.172631e+01,2.225713e+01,2.225713e+01,2.227088e+01,2.233274e+01,2.229151e+01,2.224338e+01,2.226401e+01,2.225026e+01,2.227776e+01,2.213329e+01,2.201619e+01,2.198172e+01,2.167792e+01,2.146332e+01,2.147025e+01,2.112320e+01,2.108843e+01,2.090743e+01,2.094923e+01,2.090047e+01,2.078891e+01,2.086562e+01,2.078193e+01,2.096316e+01,2.087956e+01,2.108843e+01,2.106061e+01,2.127605e+01,2.114406e+01,2.136626e+01,2.131770e+01,2.167100e+01,2.165717e+01,2.167100e+01,2.184374e+01,2.180922e+01,2.185755e+01,2.178159e+01,2.168483e+01,2.170557e+01,2.176777e+01,2.165717e+01,2.171940e+01,2.177468e+01,2.152567e+01,2.171248e+01,2.173322e+01,2.160182e+01,2.167100e+01,2.167100e+01,2.175395e+01,2.175395e+01,2.164334e+01,2.174013e+01,2.168483e+01,2.173322e+01,2.167100e+01,2.166409e+01,2.138013e+01,2.119966e+01,2.112320e+01,2.121355e+01,2.138707e+01,2.177468e+01,2.178159e+01,2.170557e+01,2.172631e+01,2.165717e+01,2.166409e+01,2.142867e+01,2.147025e+01,2.131770e+01,2.141480e+01,2.149104e+01,2.145639e+01,2.140094e+01,2.149104e+01,2.144946e+01,2.141480e+01,2.154645e+01,2.149796e+01,2.150489e+01,2.151875e+01,2.156721e+01,2.158106e+01,2.162950e+01,2.160874e+01,2.151182e+01,2.156721e+01,2.174013e+01,2.161566e+01,2.165025e+01,2.153952e+01,2.158798e+01,2.158106e+01,2.160874e+01,2.158798e+01,2.167100e+01,2.165717e+01,2.171248e+01,2.169175e+01,2.185755e+01,2.186445e+01,2.189206e+01,2.194725e+01,2.189896e+01,2.194035e+01,2.194035e+01,2.185065e+01,2.182303e+01,2.184374e+01,2.189206e+01,2.185065e+01,2.189206e+01,2.190586e+01,2.187825e+01,2.182993e+01,2.180922e+01,2.180231e+01,2.178850e+01,2.180231e+01,2.171940e+01,2.180231e+01,2.181612e+01,2.163642e+01,2.156029e+01,2.189896e+01,2.167100e+01,2.160874e+01,2.149104e+01,2.151875e+01,2.148411e+01,2.138707e+01,2.143560e+01,2.135239e+01,2.142174e+01,2.138707e+01,2.142174e+01,2.124133e+01,2.130382e+01,2.130382e+01,2.133158e+01,2.120660e+01,2.129688e+01,2.138013e+01,2.145639e+01,2.160874e+01,2.187825e+01,2.245634e+01,2.371136e+01,2.481059e+01,2.519227e+01,2.509196e+01,2.513210e+01,2.509865e+01,2.507858e+01,2.502504e+01,2.501165e+01,2.489776e+01,2.480388e+01,2.453519e+01,2.433321e+01,2.417810e+01,2.412409e+01,2.404979e+01,2.373170e+01,2.352816e+01,2.320846e+01,2.308576e+01,2.281941e+01,2.272363e+01,2.266201e+01,2.257979e+01,2.233961e+01,2.222962e+01,2.206442e+01,2.205754e+01,2.199551e+01,2.207131e+01,2.185755e+01,2.182303e+01,2.178159e+01,2.180231e+01,2.171940e+01,2.177468e+01,2.175395e+01,2.161566e+01,2.152567e+01,2.151875e+01,2.169175e+01,2.143560e+01,2.142867e+01,2.137320e+01,2.140094e+01,2.139400e+01,2.140787e+01,2.135933e+01,2.117186e+01,2.131770e+01,2.133851e+01,2.138013e+01,2.129688e+01,2.130382e+01,2.128993e+01,2.133851e+01,2.130382e+01,2.142867e+01,2.128299e+01,2.138707e+01,2.128299e+01,2.132464e+01,2.136626e+01,2.128299e+01,2.128993e+01,2.128993e+01,2.140094e+01,2.130382e+01,2.130382e+01,2.139400e+01,2.127605e+01,2.131770e+01,2.135933e+01,2.135933e+01,2.135239e+01,2.130382e+01,2.121355e+01,2.128299e+01,2.125522e+01,2.122744e+01,2.109539e+01,2.110929e+01,2.109539e+01,2.124828e+01,2.123439e+01,2.121355e+01,2.117881e+01,2.117186e+01,2.115796e+01,2.130382e+01,2.127605e+01,2.130382e+01,2.124133e+01,2.119271e+01,2.117186e+01,2.121355e+01,2.125522e+01,2.119271e+01,2.116491e+01,2.113711e+01,2.124133e+01,2.124828e+01,2.121355e+01,2.109539e+01,2.108148e+01,2.120660e+01,2.112320e+01,2.113711e+01,2.095619e+01,2.115796e+01,2.113015e+01,2.097709e+01,2.109539e+01,2.104669e+01,2.109539e+01,2.092833e+01,2.097012e+01,2.094226e+01,2.092833e+01,2.090743e+01,2.078193e+01,2.090047e+01,2.081681e+01,2.105365e+01,2.084470e+01,2.083773e+01,2.126217e+01,2.186445e+01,2.178850e+01,2.181612e+01,2.201619e+01,2.178159e+01,2.191965e+01,2.206442e+01,2.200930e+01,2.212641e+01,2.189896e+01,2.194035e+01,2.203687e+01,2.200241e+01,2.198172e+01,2.181612e+01,2.187825e+01,2.203687e+01,2.193345e+01,2.191276e+01,2.199551e+01,2.192655e+01,2.198862e+01,2.196104e+01,2.196793e+01,2.188516e+01,2.200241e+01,2.204376e+01,2.194035e+01,2.211952e+01,2.192655e+01,2.214017e+01,2.196793e+01,2.198862e+01,2.207131e+01,2.209198e+01,2.197483e+01,2.188516e+01,2.204376e+01,2.212641e+01,2.205065e+01,2.212641e+01,2.213329e+01,2.211952e+01,2.213329e+01,2.209198e+01,2.222962e+01,2.213329e+01,2.227088e+01,2.221587e+01,2.211952e+01,2.222962e+01,2.217459e+01,2.214706e+01,2.210575e+01,2.211952e+01,2.211263e+01,2.201619e+01,2.216771e+01,2.212641e+01,2.218835e+01,2.220211e+01,2.213329e+01,2.204376e+01,2.218147e+01,2.215394e+01,2.220211e+01,2.196104e+01,2.195414e+01,2.196793e+01,2.193345e+01,2.185755e+01,2.185065e+01,2.185755e+01,2.181612e+01,2.154645e+01,2.178159e+01,2.176777e+01,2.165717e+01,2.178850e+01,2.178159e+01,2.178850e+01,2.169866e+01,2.177468e+01,2.169175e+01,2.173322e+01,2.179540e+01,2.166409e+01,2.167792e+01,2.165025e+01,2.174704e+01,2.169866e+01,2.162950e+01,2.175395e+01,2.174013e+01,2.171940e+01,2.182993e+01,2.185065e+01,2.185065e+01,2.180922e+01,2.188516e+01,2.196104e+01,2.189206e+01
2.171248e+01,2.174704e+01,2.167100e+01,2.166409e+01,2.162258e+01,2.163642e+01,2.154645e+01,2.162258e+01,2.162258e+01,2.167792e+01,2.166409e+01,2.168483e+01,2.169866e+01,2.165025e+01,2.165717e+01,2.165717e+01,2.166409e+01,2.165025e+01,2.154645e+01,2.167792e+01,2.157414e+01,2.161566e+01,2.165717e+01,2.140787e+01,2.153952e+01,2.147025e+01,2.149796e+01,2.153260e+01,2.145639e+01,2.148411e+01,2.157414e+01,2.157414e+01,2.161566e+01,2.160182e+01,2.155337e+01,2.160874e+01,2.160874e+01,2.147718e+01,2.167100e+01,2.138707e+01,2.159490e+01,2.156029e+01,2.150489e+01,2.147025e+01,2.140787e+01,2.147718e+01,2.144946e+01,2.136626e+01,2.147718e+01,2.146332e+01,2.140787e+01,2.153260e+01,2.138707e+01,2.140787e+01,2.131770e+01,2.132464e+01,2.156721e+01,2.140094e+01,2.146332e+01,2.147718e+01,2.142174e+01,2.138707e+01,2.151875e+01,2.145639e+01,2.151875e+01,2.138013e+01,2.142174e+01,2.151182e+01,2.140787e+01,2.146332e+01,2.135239e+01,2.135933e+01,2.134545e+01,2.158798e+01,2.142174e+01,2.141480e+01,2.131076e+01,2.128993e+01,2.154645e+01,2.135239e+01,2.157414e+01,2.156721e+01,2.144946e+01,2.144253e+01,2.149104e+01,2.158798e+01,2.142174e+01,2.118576e+01,2.160182e+01,2.144253e+01,2.166409e+01,2.157414e+01,2.162258e+01,2.157414e+01,2.150489e+01,2.153260e+01,2.145639e+01,2.148411e+01,2.151875e+01,2.155337e+01,2.152567e+01,2.156721e+01,2.168483e+01,2.160874e+01,2.162258e+01,2.156029e+01,2.165717e+01,2.158106e+01,2.150489e+01,2.167100e+01,2.157414e+01,2.176777e+01,2.165025e+01,2.154645e+01,2.171248e+01,2.168483e+01,2.178850e+01,2.160182e+01,2.180231e+01,2.175395e+01,2.180922e+01,2.174013e+01,2.186445e+01,2.174013e+01,2.167100e+01,2.188516e+01,2.192655e+01,2.189896e+01,2.189206e+01,2.196104e+01,2.198862e+01,2.198862e+01,2.198862e+01,2.217459e+01,2.216082e+01,2.233961e+01,2.226401e+01,2.247692e+01,2.252494e+01,2.259350e+01,2.289461e+01,2.305848e+01,2.322890e+01,2.354174e+01,2.365711e+01,2.394838e+01,2.401600e+01,2.430625e+01,2.475020e+01,2.485084e+01,2.518559e+01,2.527913e+01,2.547262e+01,2.575887e+01,2.585855e+01,2.602446e+01,2.607750e+01,2.620998e+01,2.616363e+01,2.623645e+01,2.618349e+01,2.599793e+01,2.569903e+01,2.569237e+01,2.543929e+01,2.502504e+01,2.500495e+01,2.438711e+01,2.376559e+01,2.323571e+01,2.291510e+01,2.227776e+01,2.209886e+01,2.191276e+01,2.187825e+01,2.165717e+01,2.167100e+01,2.164334e+01,2.166409e+01,2.171248e+01,2.165025e+01,2.167100e+01,2.173322e+01,2.178159e+01,2.170557e+01,2.171248e+01,2.180922e+01,2.173322e+01,2.179540e+01,2.173322e+01,2.176086e+01,2.176086e+01,2.178850e+01,2.181612e+01,2.176777e+01,2.185065e+01,2.176777e+01,2.176086e+01,2.174013e+01,2.161566e+01,2.165717e+01,2.169866e+01,2.158798e+01,2.157414e+01,2.152567e+01,2.140094e+01,2.153260e+01,2.138707e+01,2.153260e+01,2.149104e+01,2.149796e+01,2.149796e+01,2.144946e+01,2.147025e+01,2.162950e+01,2.149104e+01,2.153260e+01,2.156721e+01,2.156721e+01,2.153260e+01,2.159490e+01,2.153260e+01,2.166409e+01,2.169175e+01,2.163642e+01,2.160182e+01,2.151182e+01,2.160182e+01,2.151182e+01,2.151875e+01,2.137320e+01,2.153952e+01,2.147025e+01,2.136626e+01,2.155337e+01,2.141480e+01,2.153952e+01,2.142867e+01,2.149796e+01,2.144946e+01,2.142867e+01,2.147025e+01,2.148411e+01,2.162950e+01,2.193345e+01,2.176777e+01,2.151875e+01,2.149104e+01,2.156029e+01,2.146332e+01,2.141480e+01,2.144253e+01,2.152567e+01,2.153952e+01,2.182303e+01,2.204376e+01,2.201619e+01,2.202308e+01,2.156029e+01,2.149104e+01,2.148411e+01,2.153260e+01,2.210575e+01,2.221587e+01,2.229838e+01,2.226401e+01,2.241516e+01,2.222275e+01,2.235335e+01,2.216771e+01,2.209198e+01,2.216082e+01,2.200930e+01,2.194725e+01,2.171248e+01,2.158798e+01,2.131076e+01,2.124133e+01,2.114406e+01,2.083773e+01,2.083773e+01,2.087259e+01,2.079589e+01,2.081681e+01,2.078891e+01,2.085168e+01,2.075403e+01,2.085168e+01,2.097709e+01,2.098405e+01,2.108148e+01,2.117186e+01,2.117881e+01,2.167100e+01,2.147025e+01,2.164334e+01,2.169866e+01,2.170557e+01,2.170557e+01,2.182993e+01,2.178159e+01,2.184374e+01,2.169866e+01,2.174704e+01,2.170557e+01,2.171940e+01,2.171940e+01,2.171940e+01,2.171940e+01,2.169866e+01,2.177468e+01,2.172631e+01,2.169175e+01,2.171940e+01,2.170557e+01,2.174704e+01,2.174704e+01,2.174704e+01,2.165025e+01,2.170557e+01,2.169175e+01,2.151875e+01,2.140094e+01,2.131770e+01,2.143560e+01,2.170557e+01,2.176086e+01,2.174704e+01,2.174013e+01,2.169175e+01,2.152567e+01,2.138013e+01,2.138013e+01,2.140787e+01,2.131076e+01,2.133158e+01,2.142867e+01,2.146332e+01,2.135933e+01,2.135239e+01,2.151182e+01,2.151875e+01,2.153260e+01,2.149104e+01,2.144253e+01,2.145639e+01,2.147025e+01,2.145639e+01,2.137320e+01,2.151875e+01,2.162950e+01,2.149104e+01,2.153952e+01,2.150489e+01,2.159490e+01,2.148411e+01,2.158106e+01,2.158106e+01,2.167100e+01,2.171940e+01,2.171248e+01,2.165717e+01,2.174013e+01,2.184374e+01,2.187135e+01,2.162950e+01,2.180922e+01,2.195414e+01,2.186445e+01,2.189896e+01,2.188516e+01,2.180922e+01,2.187825e+01,2.182993e+01,2.176777e+01,2.192655e+01,2.191965e+01,2.181612e+01,2.191276e+01,2.183684e+01,2.180231e+01,2.178850e+01,2.176777e+01,2.174704e+01,2.167792e+01,2.176777e+01,2.176086e+01,2.164334e+01,2.160182e+01,2.151875e+01,2.161566e+01,2.156721e+01,2.154645e+01,2.151875e+01,2.144946e+01,2.134545e+01,2.133158e+01,2.133851e+01,2.131770e+01,2.147025e+01,2.134545e+01,2.130382e+01,2.133158e+01,2.112320e+01,2.118576e+01,2.114406e+01,2.124828e+01,2.129688e+01,2.141480e+01,2.140787e+01,2.187825e+01,2.218835e+01,2.335143e+01,2.476362e+01,2.503173e+01,2.503173e+01,2.512541e+01,2.507858e+01,2.508527e+01,2.499826e+01,2.484413e+01,2.474349e+01,2.470321e+01,2.421859e+01,2.438038e+01,2.423208e+01,2.408357e+01,2.384687e+01,2.360283e+01,2.323571e+01,2.320846e+01,2.302436e+01,2.283993e+01,2.262776e+01,2.263461e+01,2.239456e+01,2.238769e+01,2.225713e+01,2.222962e+01,2.212641e+01,2.198862e+01,2.201619e+01,2.185755e+01,2.174013e+01,2.172631e+01,2.179540e+01,2.170557e+01,2.177468e+01,2.151875e+01,2.162950e+01,2.147025e+01,2.152567e+01,2.143560e+01,2.142867e+01,2.144946e+01,2.145639e+01,2.140787e+01,2.138013e+01,2.122744e+01,2.121355e+01,2.133158e+01,2.124133e+01,2.125522e+01,2.135933e+01,2.135239e+01,2.133158e+01,2.129688e+01,2.128299e+01,2.127605e+01,2.133158e+01,2.132464e+01,2.138707e+01,2.110234e+01,2.140787e+01,2.133158e+01,2.129688e+01,2.130382e+01,2.133851e+01,2.135239e+01,2.137320e+01,2.135239e+01,2.138707e+01,2.132464e+01,2.132464e+01,2.135933e+01,2.131076e+01,2.128993e+01,2.131076e+01,2.118576e+01,2.126911e+01,2.128299e+01,2.112320e+01,2.108148e+01,2.109539e+01,2.109539e+01,2.126217e+01,2.106061e+01,2.110929e+01,2.131076e+01,2.110234e+01,2.112320e+01,2.126217e+01,2.115796e+01,2.125522e+01,2.126911e+01,2.117186e+01,2.122744e+01,2.119966e+01,2.115796e+01,2.124133e+01,2.117186e+01,2.114406e+01,2.113015e+01,2.113015e+01,2.118576e+01,2.110929e+01,2.099797e+01,2.101885e+01,2.106061e+01,2.107452e+01,2.114406e+01,2.109539e+01,2.103973e+01,2.094226e+01,2.095619e+01,2.094923e+01,2.092833e+01,2.092137e+01,2.083773e+01,2.096316e+01,2.089350e+01,2.092833e+01,2.097012e+01,2.083076e+01,2.087259e+01,2.080984e+01,2.087259e+01,2.128993e+01,2.172631e+01,2.178850e+01,2.194725e+01,2.189206e+01,2.197483e+01,2.195414e+01,2.196793e+01,2.190586e+01,2.189896e+01,2.194725e+01,2.196793e+01,2.202308e+01,2.198862e+01,2.194035e+01,2.196104e+01,2.192655e+01,2.197483e+01,2.192655e+01,2.182993e+01,2.211263e+01,2.190586e+01,2.195414e+01,2.190586e+01,2.208509e+01,2.197483e+01,2.196793e+01,2.194725e+01,2.211263e+01,2.207131e+01,2.200930e+01,2.197483e+01,2.204376e+01,2.196104e+01,2.209886e+01,2.202997e+01,2.205065e+01,2.206442e+01,2.203687e+01,2.211952e+01,2.210575e+01,2.206442e+01,2.214706e+01,2.213329e+01,2.223650e+01,2.227088e+01,2.227776e+01,2.215394e+01,2.218147e+01,2.227088e+01,2.220211e+01,2.195414e+01,2.212641e+01,2.221587e+01,2.218147e+01,2.213329e+01,2.215394e+01,2.209886e+01,2.216771e+01,2.211263e+01,2.217459e+01,2.207820e+01,2.221587e+01,2.213329e+01,2.216082e+01,2.211263e+01,2.192655e+01,2.222275e+01,2.194035e+01,2.187825e+01,2.192655e+01,2.174704e+01,2.178159e+01,2.185755e+01,2.186445e+01,2.176777e+01,2.169866e+01,2.174013e+01,2.180922e+01,2.178159e+01,2.178159e+01,2.179540e+01,2.164334e+01,2.164334e+01,2.163642e+01,2.172631e+01,2.169866e+01,2.165717e+01,2.171248e+01,2.169175e+01,2.167792e+01,2.171248e+01,2.173322e+01,2.164334e+01,2.174013e+01,2.175395e+01,2.169866e+01,2.180922e+01,2.187135e+01,2.179540e+01,2.184374e+01,2.174704e+01,2.174013e+01
2.162950e+01,2.167792e+01,2.163642e+01,2.163642e+01,2.160874e+01,2.161566e+01,2.160182e+01,2.162950e+01,2.162950e+01,2.160874e+01,2.166409e+01,2.169866e+01,2.160182e+01,2.161566e+01,2.164334e+01,2.162950e+01,2.158106e+01,2.158106e+01,2.152567e+01,2.162258e+01,2.156721e+01,2.158106e+01,2.149796e+01,2.164334e+01,2.158798e+01,2.149104e+01,2.144253e+01,2.149796e+01,2.147718e+01,2.153260e+01,2.158106e+01,2.152567e+01,2.153260e+01,2.160874e+01,2.151875e+01,2.152567e+01,2.167792e+01,2.160874e+01,2.140094e+01,2.144253e+01,2.159490e+01,2.144253e+01,2.157414e+01,2.139400e+01,2.142867e+01,2.140094e+01,2.136626e+01,2.140094e+01,2.144253e+01,2.144253e+01,2.144253e+01,2.142867e+01,2.144946e+01,2.135239e+01,2.130382e+01,2.134545e+01,2.133158e+01,2.135239e+01,2.138707e+01,2.140787e+01,2.138707e+01,2.144946e+01,2.139400e+01,2.140094e+01,2.149796e+01,2.138707e+01,2.137320e+01,2.131770e+01,2.138707e+01,2.139400e+01,2.140094e+01,2.139400e+01,2.151875e+01,2.136626e+01,2.142867e+01,2.146332e+01,2.141480e+01,2.152567e+01,2.158106e+01,2.148411e+01,2.158798e+01,2.143560e+01,2.140787e+01,2.142867e+01,2.156029e+01,2.149104e+01,2.140094e+01,2.160182e+01,2.154645e+01,2.147025e+01,2.149104e+01,2.146332e+01,2.156721e+01,2.160182e+01,2.160182e+01,2.156721e+01,2.154645e+01,2.150489e+01,2.154645e+01,2.151875e+01,2.157414e+01,2.154645e+01,2.159490e+01,2.160182e+01,2.147718e+01,2.161566e+01,2.163642e+01,2.167100e+01,2.162950e+01,2.160874e+01,2.171248e+01,2.175395e+01,2.170557e+01,2.167100e+01,2.172631e+01,2.181612e+01,2.165717e+01,2.178159e+01,2.177468e+01,2.178159e+01,2.174013e+01,2.187825e+01,2.185065e+01,2.184374e+01,2.166409e+01,2.185755e+01,2.187825e+01,2.189206e+01,2.192655e+01,2.194725e+01,2.197483e+01,2.199551e+01,2.194725e+01,2.203687e+01,2.211952e+01,2.233274e+01,2.242202e+01,2.247692e+01,2.259350e+01,2.275785e+01,2.290144e+01,2.307212e+01,2.325614e+01,2.349419e+01,2.373848e+01,2.388071e+01,2.429277e+01,2.431973e+01,2.484413e+01,2.503173e+01,2.527245e+01,2.547929e+01,2.572563e+01,2.582533e+01,2.591167e+01,2.593158e+01,2.620998e+01,2.632907e+01,2.633568e+01,2.621660e+01,2.613713e+01,2.611726e+01,2.597140e+01,2.571233e+01,2.543262e+01,2.523905e+01,2.487766e+01,2.466291e+01,2.381301e+01,2.345342e+01,2.297657e+01,2.235335e+01,2.209886e+01,2.183684e+01,2.174704e+01,2.171940e+01,2.166409e+01,2.168483e+01,2.170557e+01,2.161566e+01,2.164334e+01,2.175395e+01,2.171940e+01,2.169866e+01,2.177468e+01,2.171940e+01,2.169866e+01,2.174704e+01,2.179540e+01,2.166409e+01,2.169175e+01,2.175395e+01,2.169175e+01,2.164334e+01,2.176777e+01,2.185755e+01,2.178850e+01,2.173322e+01,2.171248e+01,2.170557e+01,2.167792e+01,2.164334e+01,2.142867e+01,2.146332e+01,2.131076e+01,2.141480e+01,2.133851e+01,2.133158e+01,2.138707e+01,2.148411e+01,2.148411e+01,2.142174e+01,2.142174e+01,2.145639e+01,2.140787e+01,2.161566e+01,2.162950e+01,2.153952e+01,2.160874e+01,2.153952e+01,2.148411e+01,2.153260e+01,2.153260e+01,2.164334e+01,2.160874e+01,2.150489e+01,2.159490e+01,2.153952e+01,2.154645e+01,2.153952e+01,2.156721e+01,2.157414e+01,2.147718e+01,2.139400e+01,2.135933e+01,2.138707e+01,2.142867e+01,2.150489e+01,2.135239e+01,2.144946e+01,2.144946e+01,2.144253e+01,2.153260e+01,2.151182e+01,2.160874e+01,2.175395e+01,2.145639e+01,2.142174e+01,2.144253e+01,2.156029e+01,2.142867e+01,2.147025e+01,2.176086e+01,2.184374e+01,2.199551e+01,2.186445e+01,2.185065e+01,2.160874e+01,2.123439e+01,2.139400e+01,2.129688e+01,2.170557e+01,2.211952e+01,2.218835e+01,2.232587e+01,2.237395e+01,2.224338e+01,2.237395e+01,2.218147e+01,2.213329e+01,2.218835e+01,2.212641e+01,2.196793e+01,2.189896e+01,2.149796e+01,2.149104e+01,2.136626e+01,2.103973e+01,2.103973e+01,2.083076e+01,2.090743e+01,2.082378e+01,2.070517e+01,2.090047e+01,2.076100e+01,2.074007e+01,2.082378e+01,2.079589e+01,2.094226e+01,2.101189e+01,2.096316e+01,2.109539e+01,2.118576e+01,2.150489e+01,2.169866e+01,2.150489e+01,2.187135e+01,2.175395e+01,2.171248e+01,2.179540e+01,2.178159e+01,2.180231e+01,2.172631e+01,2.176777e+01,2.170557e+01,2.171940e+01,2.172631e+01,2.171248e+01,2.176777e+01,2.171940e+01,2.169175e+01,2.177468e+01,2.163642e+01,2.153952e+01,2.172631e+01,2.174704e+01,2.174013e+01,2.167100e+01,2.169175e+01,2.169866e+01,2.170557e+01,2.169175e+01,2.171248e+01,2.145639e+01,2.159490e+01,2.174013e+01,2.174013e+01,2.172631e+01,2.169175e+01,2.149104e+01,2.138013e+01,2.133851e+01,2.134545e+01,2.131770e+01,2.135239e+01,2.142174e+01,2.136626e+01,2.149104e+01,2.151182e+01,2.140787e+01,2.136626e+01,2.141480e+01,2.142867e+01,2.152567e+01,2.156029e+01,2.146332e+01,2.137320e+01,2.152567e+01,2.156029e+01,2.135239e+01,2.154645e+01,2.153260e+01,2.149796e+01,2.142867e+01,2.153952e+01,2.157414e+01,2.170557e+01,2.153260e+01,2.178159e+01,2.169175e+01,2.155337e+01,2.175395e+01,2.187135e+01,2.174704e+01,2.182993e+01,2.187135e+01,2.180922e+01,2.170557e+01,2.178850e+01,2.179540e+01,2.177468e+01,2.185755e+01,2.182303e+01,2.187135e+01,2.185755e+01,2.188516e+01,2.194035e+01,2.175395e+01,2.181612e+01,2.181612e+01,2.176086e+01,2.174704e+01,2.178159e+01,2.171940e+01,2.171248e+01,2.169866e+01,2.163642e+01,2.159490e+01,2.149796e+01,2.158798e+01,2.149796e+01,2.136626e+01,2.161566e+01,2.161566e+01,2.139400e+01,2.144253e+01,2.131076e+01,2.142867e+01,2.131770e+01,2.138013e+01,2.132464e+01,2.128299e+01,2.132464e+01,2.123439e+01,2.123439e+01,2.134545e+01,2.128299e+01,2.131770e+01,2.134545e+01,2.140094e+01,2.139400e+01,2.157414e+01,2.205065e+01,2.320846e+01,2.432647e+01,2.503843e+01,2.501834e+01,2.508527e+01,2.499156e+01,2.487095e+01,2.487766e+01,2.471663e+01,2.472335e+01,2.440058e+01,2.433321e+01,2.409708e+01,2.409032e+01,2.379946e+01,2.373170e+01,2.346701e+01,2.339904e+01,2.318121e+01,2.318802e+01,2.281257e+01,2.266201e+01,2.257294e+01,2.241516e+01,2.231212e+01,2.206442e+01,2.210575e+01,2.205065e+01,2.185755e+01,2.184374e+01,2.176086e+01,2.176777e+01,2.176086e+01,2.178850e+01,2.155337e+01,2.153260e+01,2.153952e+01,2.150489e+01,2.156029e+01,2.151875e+01,2.153260e+01,2.142867e+01,2.142174e+01,2.138707e+01,2.140787e+01,2.124133e+01,2.133158e+01,2.132464e+01,2.131770e+01,2.122050e+01,2.120660e+01,2.133158e+01,2.131770e+01,2.115101e+01,2.127605e+01,2.127605e+01,2.126911e+01,2.126217e+01,2.126911e+01,2.131770e+01,2.139400e+01,2.128993e+01,2.118576e+01,2.128299e+01,2.131770e+01,2.131770e+01,2.127605e+01,2.134545e+01,2.117881e+01,2.138013e+01,2.127605e+01,2.128993e+01,2.119966e+01,2.133158e+01,2.120660e+01,2.124133e+01,2.117881e+01,2.110929e+01,2.110929e+01,2.110929e+01,2.114406e+01,2.103973e+01,2.121355e+01,2.108148e+01,2.118576e+01,2.115796e+01,2.112320e+01,2.121355e+01,2.126911e+01,2.116491e+01,2.128299e+01,2.128299e+01,2.120660e+01,2.121355e+01,2.118576e+01,2.117186e+01,2.125522e+01,2.116491e+01,2.112320e+01,2.120660e+01,2.101189e+01,2.111625e+01,2.092833e+01,2.114406e+01,2.108843e+01,2.092833e+01,2.112320e+01,2.101189e+01,2.113711e+01,2.093530e+01,2.090047e+01,2.097012e+01,2.094923e+01,2.093530e+01,2.093530e+01,2.085865e+01,2.076798e+01,2.092833e+01,2.076100e+01,2.059340e+01,2.083076e+01,2.087259e+01,2.106061e+01,2.082378e+01,2.127605e+01,2.176777e+01,2.182993e+01,2.175395e+01,2.198172e+01,2.175395e+01,2.196104e+01,2.192655e+01,2.207820e+01,2.192655e+01,2.190586e+01,2.209886e+01,2.189206e+01,2.197483e+01,2.196793e+01,2.188516e+01,2.192655e+01,2.191965e+01,2.197483e+01,2.209886e+01,2.187135e+01,2.194035e+01,2.190586e+01,2.193345e+01,2.195414e+01,2.198172e+01,2.199551e+01,2.196104e+01,2.205754e+01,2.200930e+01,2.185065e+01,2.202308e+01,2.214706e+01,2.204376e+01,2.207131e+01,2.205065e+01,2.180231e+01,2.207131e+01,2.204376e+01,2.204376e+01,2.211952e+01,2.207820e+01,2.208509e+01,2.214017e+01,2.214017e+01,2.216082e+01,2.222275e+01,2.227776e+01,2.220211e+01,2.216771e+01,2.222275e+01,2.212641e+01,2.222275e+01,2.222275e+01,2.212641e+01,2.216082e+01,2.222275e+01,2.222962e+01,2.220211e+01,2.200930e+01,2.217459e+01,2.220211e+01,2.213329e+01,2.218147e+01,2.202308e+01,2.220211e+01,2.212641e+01,2.194035e+01,2.191965e+01,2.191965e+01,2.200930e+01,2.196104e+01,2.196793e+01,2.185065e+01,2.180922e+01,2.183684e+01,2.177468e+01,2.174013e+01,2.178850e+01,2.167792e+01,2.162258e+01,2.165025e+01,2.180231e+01,2.161566e+01,2.169866e+01,2.176086e+01,2.171248e+01,2.179540e+01,2.165025e+01,2.167100e+01,2.166409e+01,2.157414e+01,2.153952e+01,2.178850e+01,2.154645e+01,2.189206e+01,2.176086e+01,2.178850e+01,2.178159e+01,2.191276e+01,2.178850e+01,2.160874e+01,2.182303e+01
2.159490e+01,2.170557e+01,2.161566e+01,2.162258e+01,2.151182e+01,2.153952e+01,2.158798e+01,2.162950e+01,2.157414e+01,2.163642e+01,2.168483e+01,2.167792e+01,2.167100e+01,2.155337e+01,2.167100e+01,2.147718e+01,2.158798e+01,2.160874e+01,2.161566e+01,2.153260e+01,2.158798e+01,2.153952e+01,2.162950e+01,2.166409e+01,2.143560e+01,2.168483e+01,2.160874e+01,2.160182e+01,2.154645e+01,2.160182e+01,2.156029e+01,2.152567e+01,2.152567e+01,2.157414e+01,2.155337e+01,2.167792e+01,2.153952e+01,2.146332e+01,2.140094e+01,2.154645e+01,2.147718e+01,2.159490e+01,2.146332e+01,2.148411e+01,2.151875e+01,2.131770e+01,2.139400e+01,2.138013e+01,2.143560e+01,2.142174e+01,2.128299e+01,2.141480e+01,2.140094e+01,2.151875e+01,2.142174e+01,2.133851e+01,2.126911e+01,2.121355e+01,2.136626e+01,2.137320e+01,2.146332e+01,2.135933e+01,2.138707e+01,2.142867e+01,2.138013e+01,2.145639e+01,2.136626e+01,2.156721e+01,2.143560e+01,2.141480e+01,2.154645e+01,2.139400e+01,2.153260e+01,2.147718e+01,2.148411e+01,2.140787e+01,2.154645e+01,2.144253e+01,2.131076e+01,2.152567e+01,2.151875e+01,2.156721e+01,2.140094e+01,2.156029e+01,2.151875e+01,2.152567e+01,2.159490e+01,2.152567e+01,2.149796e+01,2.149104e+01,2.141480e+01,2.149104e+01,2.157414e+01,2.158798e+01,2.154645e+01,2.164334e+01,2.165717e+01,2.156721e+01,2.157414e+01,2.157414e+01,2.158106e+01,2.151182e+01,2.158798e+01,2.163642e+01,2.157414e+01,2.161566e+01,2.152567e+01,2.167792e+01,2.153260e+01,2.171248e+01,2.156721e+01,2.178159e+01,2.171940e+01,2.161566e+01,2.176086e+01,2.172631e+01,2.168483e+01,2.176086e+01,2.180231e+01,2.183684e+01,2.169175e+01,2.180922e+01,2.167792e+01,2.185755e+01,2.183684e+01,2.201619e+01,2.186445e+01,2.189206e+01,2.186445e+01,2.193345e+01,2.204376e+01,2.200930e+01,2.198172e+01,2.209886e+01,2.233961e+01,2.230525e+01,2.240142e+01,2.260035e+01,2.268255e+01,2.288777e+01,2.292194e+01,2.324933e+01,2.339904e+01,2.379946e+01,2.391455e+01,2.428603e+01,2.436690e+01,2.484413e+01,2.502504e+01,2.529248e+01,2.527913e+01,2.569903e+01,2.582533e+01,2.597140e+01,2.622983e+01,2.630261e+01,2.615701e+01,2.644141e+01,2.624969e+01,2.629600e+01,2.628277e+01,2.620336e+01,2.599793e+01,2.578546e+01,2.545262e+01,2.548595e+01,2.485754e+01,2.465619e+01,2.407006e+01,2.348060e+01,2.300388e+01,2.261406e+01,2.225713e+01,2.195414e+01,2.179540e+01,2.187825e+01,2.169175e+01,2.161566e+01,2.171940e+01,2.174704e+01,2.166409e+01,2.176086e+01,2.175395e+01,2.180231e+01,2.178159e+01,2.172631e+01,2.178850e+01,2.173322e+01,2.178850e+01,2.175395e+01,2.179540e+01,2.181612e+01,2.183684e+01,2.183684e+01,2.176777e+01,2.167792e+01,2.165717e+01,2.189206e+01,2.171248e+01,2.173322e+01,2.176086e+01,2.127605e+01,2.128993e+01,2.128299e+01,2.144946e+01,2.127605e+01,2.139400e+01,2.140787e+01,2.139400e+01,2.140787e+01,2.143560e+01,2.139400e+01,2.146332e+01,2.147718e+01,2.142867e+01,2.146332e+01,2.138013e+01,2.143560e+01,2.145639e+01,2.146332e+01,2.152567e+01,2.149104e+01,2.152567e+01,2.158798e+01,2.153952e+01,2.165717e+01,2.159490e+01,2.151182e+01,2.152567e+01,2.158106e+01,2.158798e+01,2.162258e+01,2.158106e+01,2.141480e+01,2.153952e+01,2.144253e+01,2.133158e+01,2.141480e+01,2.152567e+01,2.133851e+01,2.150489e+01,2.146332e+01,2.161566e+01,2.197483e+01,2.153260e+01,2.150489e+01,2.133851e+01,2.143560e+01,2.147025e+01,2.131770e+01,2.144946e+01,2.180922e+01,2.194035e+01,2.200930e+01,2.199551e+01,2.198172e+01,2.167100e+01,2.126911e+01,2.149796e+01,2.129688e+01,2.139400e+01,2.171940e+01,2.219523e+01,2.225713e+01,2.234648e+01,2.227776e+01,2.234648e+01,2.234648e+01,2.225026e+01,2.233961e+01,2.224338e+01,2.200241e+01,2.194725e+01,2.176777e+01,2.178850e+01,2.152567e+01,2.133158e+01,2.115101e+01,2.102581e+01,2.085168e+01,2.088653e+01,2.086562e+01,2.081681e+01,2.090047e+01,2.075403e+01,2.068422e+01,2.086562e+01,2.079589e+01,2.092833e+01,2.084470e+01,2.096316e+01,2.128993e+01,2.117186e+01,2.140094e+01,2.154645e+01,2.174013e+01,2.187135e+01,2.181612e+01,2.182993e+01,2.180231e+01,2.180231e+01,2.179540e+01,2.181612e+01,2.181612e+01,2.182993e+01,2.174013e+01,2.172631e+01,2.178159e+01,2.176086e+01,2.180231e+01,2.170557e+01,2.166409e+01,2.173322e+01,2.164334e+01,2.169175e+01,2.165717e+01,2.167792e+01,2.174704e+01,2.169866e+01,2.171248e+01,2.165025e+01,2.176086e+01,2.171940e+01,2.175395e+01,2.173322e+01,2.174704e+01,2.173322e+01,2.174704e+01,2.166409e+01,2.140094e+01,2.142867e+01,2.138013e+01,2.130382e+01,2.130382e+01,2.131770e+01,2.128993e+01,2.131770e+01,2.135933e+01,2.138013e+01,2.140787e+01,2.135933e+01,2.132464e+01,2.142867e+01,2.142867e+01,2.141480e+01,2.135933e+01,2.137320e+01,2.135239e+01,2.143560e+01,2.138707e+01,2.151875e+01,2.140094e+01,2.149796e+01,2.147025e+01,2.139400e+01,2.152567e+01,2.150489e+01,2.170557e+01,2.152567e+01,2.159490e+01,2.160874e+01,2.174704e+01,2.186445e+01,2.173322e+01,2.189206e+01,2.178159e+01,2.191965e+01,2.173322e+01,2.185755e+01,2.170557e+01,2.179540e+01,2.197483e+01,2.177468e+01,2.181612e+01,2.172631e+01,2.174704e+01,2.178850e+01,2.176086e+01,2.181612e+01,2.177468e+01,2.180922e+01,2.173322e+01,2.177468e+01,2.169175e+01,2.162258e+01,2.169175e+01,2.159490e+01,2.157414e+01,2.156721e+01,2.155337e+01,2.151875e+01,2.153260e+01,2.146332e+01,2.147718e+01,2.136626e+01,2.142174e+01,2.145639e+01,2.138707e+01,2.138707e+01,2.142174e+01,2.142867e+01,2.130382e+01,2.117186e+01,2.131076e+01,2.115101e+01,2.127605e+01,2.116491e+01,2.138707e+01,2.127605e+01,2.135933e+01,2.137320e+01,2.138707e+01,2.165025e+01,2.193345e+01,2.273732e+01,2.414435e+01,2.495807e+01,2.501834e+01,2.499156e+01,2.498486e+01,2.493797e+01,2.470321e+01,2.481730e+01,2.442078e+01,2.442078e+01,2.422533e+01,2.394161e+01,2.395514e+01,2.375881e+01,2.350099e+01,2.351457e+01,2.318802e+01,2.299023e+01,2.290827e+01,2.266201e+01,2.268940e+01,2.255237e+01,2.248379e+01,2.222962e+01,2.216082e+01,2.187135e+01,2.200930e+01,2.194725e+01,2.177468e+01,2.181612e+01,2.174704e+01,2.172631e+01,2.159490e+01,2.175395e+01,2.168483e+01,2.153952e+01,2.157414e+01,2.144253e+01,2.142174e+01,2.144946e+01,2.142867e+01,2.140094e+01,2.136626e+01,2.133851e+01,2.134545e+01,2.126911e+01,2.131076e+01,2.128993e+01,2.128299e+01,2.142867e+01,2.131770e+01,2.131770e+01,2.132464e+01,2.125522e+01,2.128993e+01,2.136626e+01,2.125522e+01,2.138707e+01,2.141480e+01,2.130382e+01,2.131770e+01,2.137320e+01,2.126217e+01,2.131076e+01,2.133851e+01,2.133158e+01,2.127605e+01,2.120660e+01,2.125522e+01,2.130382e+01,2.128299e+01,2.127605e+01,2.129688e+01,2.129688e+01,2.124828e+01,2.113711e+01,2.110929e+01,2.122744e+01,2.118576e+01,2.119271e+01,2.117186e+01,2.110929e+01,2.112320e+01,2.108148e+01,2.117881e+01,2.112320e+01,2.116491e+01,2.115101e+01,2.115796e+01,2.117186e+01,2.117881e+01,2.110234e+01,2.114406e+01,2.119966e+01,2.125522e+01,2.117186e+01,2.106756e+01,2.126217e+01,2.103277e+01,2.117186e+01,2.115101e+01,2.111625e+01,2.108843e+01,2.110929e+01,2.106061e+01,2.101885e+01,2.106061e+01,2.106061e+01,2.094923e+01,2.108148e+01,2.093530e+01,2.107452e+01,2.094923e+01,2.096316e+01,2.078193e+01,2.087956e+01,2.083773e+01,2.085865e+01,2.088653e+01,2.079589e+01,2.081681e+01,2.101885e+01,2.146332e+01,2.157414e+01,2.181612e+01,2.191965e+01,2.178159e+01,2.182993e+01,2.196104e+01,2.192655e+01,2.199551e+01,2.194035e+01,2.206442e+01,2.204376e+01,2.189206e+01,2.191965e+01,2.194035e+01,2.192655e+01,2.191965e+01,2.191965e+01,2.193345e+01,2.189896e+01,2.196104e+01,2.190586e+01,2.204376e+01,2.197483e+01,2.187135e+01,2.203687e+01,2.190586e+01,2.205065e+01,2.200241e+01,2.207820e+01,2.201619e+01,2.201619e+01,2.214017e+01,2.214706e+01,2.215394e+01,2.197483e+01,2.209886e+01,2.202308e+01,2.212641e+01,2.196793e+01,2.201619e+01,2.205754e+01,2.202308e+01,2.211952e+01,2.218835e+01,2.217459e+01,2.215394e+01,2.216082e+01,2.220211e+01,2.217459e+01,2.218835e+01,2.222275e+01,2.201619e+01,2.216771e+01,2.214706e+01,2.210575e+01,2.216082e+01,2.219523e+01,2.216082e+01,2.212641e+01,2.214017e+01,2.204376e+01,2.204376e+01,2.212641e+01,2.202997e+01,2.207131e+01,2.187825e+01,2.209198e+01,2.201619e+01,2.186445e+01,2.200241e+01,2.202997e+01,2.187825e+01,2.191276e+01,2.185755e+01,2.182303e+01,2.185755e+01,2.167100e+01,2.176777e+01,2.162950e+01,2.166409e+01,2.182303e+01,2.163642e+01,2.169175e+01,2.156029e+01,2.176086e+01,2.169175e+01,2.169866e+01,2.171940e+01,2.171248e+01,2.158106e+01,2.162258e+01,2.168483e+01,2.171248e+01,2.172631e+01,2.190586e+01,2.174704e+01,2.178850e+01,2.178850e+01,2.176086e+01,2.182303e+01,2.172631e+01,2.182303e+01
2.169866e+01,2.169175e+01,2.175395e+01,2.179540e+01,2.154645e+01,2.176777e+01,2.162950e+01,2.165717e+01,2.161566e+01,2.158798e+01,2.169866e+01,2.166409e+01,2.166409e+01,2.165025e+01,2.159490e+01,2.162950e+01,2.153260e+01,2.161566e+01,2.159490e+01,2.153952e+01,2.160874e+01,2.161566e+01,2.168483e+01,2.149796e+01,2.158798e+01,2.153260e+01,2.147025e+01,2.147025e+01,2.147718e+01,2.147025e+01,2.150489e+01,2.149104e+01,2.151182e+01,2.158798e+01,2.163642e+01,2.151875e+01,2.154645e+01,2.146332e+01,2.153260e+01,2.141480e+01,2.124828e+01,2.140094e+01,2.165717e+01,2.140094e+01,2.150489e+01,2.144946e+01,2.137320e+01,2.137320e+01,2.138013e+01,2.144253e+01,2.149796e+01,2.134545e+01,2.139400e+01,2.140094e+01,2.140094e+01,2.143560e+01,2.143560e+01,2.144253e+01,2.136626e+01,2.140787e+01,2.138013e+01,2.158798e+01,2.142174e+01,2.139400e+01,2.143560e+01,2.140094e+01,2.141480e+01,2.158106e+01,2.148411e+01,2.140787e+01,2.141480e+01,2.139400e+01,2.142174e+01,2.140787e+01,2.156721e+01,2.140787e+01,2.140094e+01,2.158798e+01,2.135239e+01,2.152567e+01,2.151875e+01,2.154645e+01,2.153260e+01,2.162950e+01,2.156721e+01,2.144946e+01,2.159490e+01,2.163642e+01,2.159490e+01,2.147718e+01,2.163642e+01,2.155337e+01,2.165717e+01,2.158106e+01,2.147025e+01,2.164334e+01,2.161566e+01,2.156029e+01,2.161566e+01,2.157414e+01,2.157414e+01,2.158798e+01,2.160874e+01,2.156029e+01,2.165025e+01,2.167792e+01,2.151875e+01,2.158798e+01,2.152567e+01,2.156029e+01,2.167792e+01,2.167792e+01,2.152567e+01,2.165717e+01,2.174013e+01,2.176086e+01,2.173322e+01,2.178159e+01,2.175395e+01,2.180922e+01,2.182993e+01,2.174704e+01,2.182993e+01,2.182993e+01,2.189206e+01,2.190586e+01,2.183684e+01,2.190586e+01,2.173322e+01,2.188516e+01,2.195414e+01,2.196793e+01,2.211263e+01,2.219523e+01,2.228463e+01,2.241516e+01,2.247006e+01,2.270994e+01,2.287410e+01,2.283309e+01,2.307894e+01,2.321527e+01,2.369781e+01,2.377914e+01,2.413760e+01,2.425906e+01,2.461587e+01,2.485754e+01,2.503843e+01,2.550595e+01,2.572563e+01,2.583198e+01,2.590503e+01,2.597140e+01,2.626954e+01,2.640838e+01,2.634229e+01,2.661301e+01,2.646783e+01,2.644141e+01,2.640838e+01,2.628277e+01,2.608413e+01,2.599793e+01,2.578546e+01,2.547262e+01,2.519895e+01,2.483742e+01,2.434669e+01,2.362319e+01,2.303118e+01,2.268940e+01,2.248379e+01,2.199551e+01,2.186445e+01,2.198172e+01,2.178850e+01,2.171940e+01,2.175395e+01,2.171940e+01,2.171940e+01,2.174013e+01,2.171940e+01,2.175395e+01,2.174013e+01,2.178850e+01,2.169175e+01,2.186445e+01,2.174704e+01,2.181612e+01,2.173322e+01,2.178159e+01,2.174704e+01,2.180922e+01,2.182993e+01,2.182303e+01,2.177468e+01,2.175395e+01,2.177468e+01,2.187135e+01,2.167792e+01,2.126217e+01,2.126911e+01,2.122744e+01,2.128993e+01,2.124133e+01,2.137320e+01,2.142867e+01,2.141480e+01,2.142867e+01,2.141480e+01,2.137320e+01,2.132464e+01,2.134545e+01,2.138707e+01,2.135239e+01,2.141480e+01,2.147718e+01,2.148411e+01,2.150489e+01,2.149104e+01,2.148411e+01,2.147718e+01,2.152567e+01,2.180231e+01,2.166409e+01,2.160182e+01,2.155337e+01,2.171940e+01,2.166409e+01,2.165717e+01,2.167100e+01,2.162950e+01,2.139400e+01,2.142174e+01,2.149796e+01,2.141480e+01,2.147718e+01,2.138013e+01,2.140094e+01,2.142174e+01,2.151182e+01,2.162950e+01,2.151182e+01,2.149104e+01,2.148411e+01,2.154645e+01,2.144253e+01,2.151182e+01,2.148411e+01,2.180231e+01,2.199551e+01,2.196793e+01,2.195414e+01,2.197483e+01,2.156721e+01,2.143560e+01,2.134545e+01,2.128299e+01,2.138013e+01,2.139400e+01,2.184374e+01,2.207131e+01,2.230525e+01,2.233274e+01,2.227088e+01,2.237395e+01,2.235335e+01,2.237395e+01,2.228463e+01,2.220899e+01,2.208509e+01,2.192655e+01,2.176777e+01,2.163642e+01,2.142867e+01,2.120660e+01,2.117186e+01,2.108843e+01,2.105365e+01,2.080286e+01,2.074007e+01,2.078193e+01,2.085168e+01,2.077496e+01,2.085865e+01,2.069818e+01,2.085168e+01,2.074007e+01,2.106756e+01,2.096316e+01,2.103973e+01,2.124133e+01,2.129688e+01,2.146332e+01,2.171248e+01,2.169866e+01,2.174013e+01,2.162950e+01,2.171248e+01,2.178159e+01,2.182303e+01,2.178159e+01,2.168483e+01,2.174013e+01,2.179540e+01,2.180231e+01,2.181612e+01,2.168483e+01,2.174704e+01,2.172631e+01,2.176086e+01,2.176086e+01,2.172631e+01,2.170557e+01,2.174704e+01,2.169866e+01,2.167792e+01,2.169175e+01,2.169175e+01,2.183684e+01,2.169866e+01,2.162950e+01,2.173322e+01,2.174013e+01,2.171248e+01,2.171248e+01,2.166409e+01,2.158106e+01,2.144253e+01,2.140094e+01,2.126911e+01,2.122050e+01,2.122744e+01,2.117186e+01,2.124828e+01,2.142174e+01,2.140787e+01,2.141480e+01,2.144946e+01,2.151182e+01,2.138707e+01,2.115101e+01,2.140787e+01,2.147718e+01,2.145639e+01,2.140787e+01,2.136626e+01,2.148411e+01,2.142174e+01,2.148411e+01,2.151875e+01,2.147025e+01,2.143560e+01,2.142867e+01,2.139400e+01,2.149104e+01,2.147718e+01,2.170557e+01,2.179540e+01,2.160874e+01,2.167792e+01,2.172631e+01,2.169175e+01,2.189206e+01,2.189896e+01,2.165025e+01,2.173322e+01,2.181612e+01,2.170557e+01,2.198862e+01,2.181612e+01,2.169175e+01,2.181612e+01,2.178850e+01,2.179540e+01,2.176777e+01,2.174704e+01,2.178159e+01,2.185755e+01,2.188516e+01,2.176086e+01,2.178850e+01,2.171940e+01,2.182993e+01,2.160874e+01,2.157414e+01,2.160182e+01,2.159490e+01,2.151875e+01,2.157414e+01,2.157414e+01,2.146332e+01,2.147718e+01,2.139400e+01,2.144946e+01,2.140094e+01,2.144946e+01,2.135239e+01,2.142174e+01,2.135239e+01,2.128299e+01,2.131076e+01,2.133158e+01,2.128993e+01,2.133851e+01,2.119271e+01,2.116491e+01,2.131076e+01,2.131076e+01,2.147025e+01,2.135933e+01,2.138707e+01,2.156721e+01,2.196104e+01,2.359605e+01,2.466291e+01,2.497817e+01,2.501834e+01,2.493797e+01,2.497817e+01,2.485084e+01,2.457554e+01,2.457554e+01,2.455536e+01,2.448810e+01,2.408357e+01,2.414435e+01,2.369781e+01,2.368424e+01,2.350099e+01,2.329018e+01,2.327656e+01,2.293560e+01,2.273047e+01,2.263461e+01,2.249751e+01,2.244261e+01,2.244948e+01,2.210575e+01,2.211952e+01,2.196104e+01,2.182993e+01,2.185755e+01,2.177468e+01,2.171940e+01,2.174704e+01,2.168483e+01,2.162258e+01,2.153260e+01,2.160182e+01,2.140787e+01,2.144946e+01,2.151182e+01,2.154645e+01,2.153260e+01,2.138707e+01,2.127605e+01,2.128299e+01,2.135239e+01,2.132464e+01,2.133851e+01,2.129688e+01,2.124828e+01,2.124828e+01,2.141480e+01,2.130382e+01,2.131770e+01,2.131076e+01,2.129688e+01,2.134545e+01,2.127605e+01,2.107452e+01,2.136626e+01,2.126217e+01,2.115101e+01,2.133158e+01,2.133851e+01,2.113015e+01,2.125522e+01,2.126911e+01,2.127605e+01,2.117881e+01,2.135933e+01,2.122050e+01,2.128299e+01,2.153260e+01,2.128299e+01,2.115796e+01,2.114406e+01,2.111625e+01,2.119271e+01,2.120660e+01,2.105365e+01,2.108148e+01,2.115796e+01,2.110234e+01,2.111625e+01,2.113711e+01,2.113711e+01,2.112320e+01,2.115101e+01,2.114406e+01,2.127605e+01,2.117881e+01,2.119966e+01,2.117186e+01,2.113015e+01,2.119966e+01,2.113711e+01,2.114406e+01,2.124828e+01,2.119966e+01,2.110929e+01,2.099797e+01,2.119271e+01,2.115796e+01,2.094923e+01,2.109539e+01,2.104669e+01,2.098405e+01,2.093530e+01,2.092137e+01,2.106756e+01,2.100493e+01,2.092833e+01,2.098405e+01,2.094226e+01,2.092137e+01,2.075403e+01,2.090743e+01,2.089350e+01,2.080286e+01,2.083076e+01,2.080984e+01,2.085168e+01,2.106061e+01,2.145639e+01,2.178850e+01,2.180922e+01,2.190586e+01,2.180922e+01,2.198862e+01,2.191276e+01,2.200930e+01,2.202997e+01,2.205065e+01,2.208509e+01,2.198862e+01,2.197483e+01,2.188516e+01,2.191965e+01,2.188516e+01,2.196104e+01,2.215394e+01,2.190586e+01,2.198862e+01,2.209886e+01,2.202997e+01,2.193345e+01,2.196104e+01,2.192655e+01,2.200930e+01,2.205065e+01,2.212641e+01,2.191276e+01,2.187825e+01,2.199551e+01,2.201619e+01,2.205754e+01,2.202308e+01,2.213329e+01,2.207820e+01,2.204376e+01,2.206442e+01,2.198172e+01,2.214017e+01,2.217459e+01,2.199551e+01,2.216771e+01,2.208509e+01,2.215394e+01,2.219523e+01,2.214017e+01,2.217459e+01,2.214017e+01,2.216082e+01,2.218147e+01,2.202997e+01,2.211952e+01,2.226401e+01,2.223650e+01,2.222962e+01,2.216082e+01,2.220899e+01,2.204376e+01,2.223650e+01,2.207820e+01,2.216082e+01,2.208509e+01,2.212641e+01,2.217459e+01,2.200930e+01,2.194035e+01,2.198172e+01,2.196793e+01,2.194725e+01,2.200241e+01,2.180922e+01,2.192655e+01,2.201619e+01,2.174013e+01,2.168483e+01,2.189896e+01,2.181612e+01,2.182303e+01,2.176777e+01,2.166409e+01,2.188516e+01,2.167100e+01,2.171940e+01,2.153952e+01,2.175395e+01,2.153260e+01,2.168483e+01,2.169175e+01,2.166409e+01,2.169175e+01,2.182303e+01,2.156721e+01,2.172631e+01,2.167792e+01,2.170557e+01,2.177468e+01,2.176086e+01,2.177468e+01,2.175395e+01,2.193345e+01,2.183684e+01,2.178159e+01
2.160874e+01,2.169175e+01,2.167100e+01,2.179540e+01,2.182303e+01,2.169175e+01,2.165025e+01,2.171248e+01,2.149796e+01,2.162258e+01,2.167100e+01,2.166409e+01,2.153952e+01,2.154645e+01,2.165025e+01,2.168483e+01,2.150489e+01,2.162950e+01,2.163642e+01,2.160182e+01,2.165717e+01,2.151875e+01,2.159490e+01,2.147718e+01,2.164334e+01,2.147025e+01,2.153260e+01,2.151182e+01,2.148411e+01,2.156029e+01,2.153260e+01,2.153260e+01,2.140787e+01,2.156029e+01,2.156029e+01,2.146332e+01,2.151182e+01,2.153260e+01,2.145639e+01,2.146332e+01,2.140094e+01,2.142867e+01,2.159490e+01,2.133851e+01,2.144253e+01,2.142867e+01,2.134545e+01,2.137320e+01,2.135933e+01,2.142867e+01,2.132464e+01,2.134545e+01,2.125522e+01,2.130382e+01,2.145639e+01,2.134545e+01,2.145639e+01,2.144253e+01,2.139400e+01,2.139400e+01,2.140787e+01,2.124828e+01,2.137320e+01,2.141480e+01,2.138013e+01,2.125522e+01,2.141480e+01,2.133851e+01,2.136626e+01,2.138707e+01,2.147025e+01,2.138707e+01,2.157414e+01,2.144253e+01,2.143560e+01,2.157414e+01,2.157414e+01,2.141480e+01,2.136626e+01,2.135933e+01,2.151875e+01,2.153260e+01,2.139400e+01,2.153952e+01,2.151182e+01,2.159490e+01,2.154645e+01,2.167100e+01,2.144946e+01,2.151875e+01,2.154645e+01,2.159490e+01,2.160874e+01,2.165025e+01,2.151875e+01,2.151875e+01,2.162950e+01,2.160182e+01,2.158798e+01,2.153260e+01,2.155337e+01,2.157414e+01,2.161566e+01,2.156721e+01,2.171940e+01,2.155337e+01,2.163642e+01,2.158106e+01,2.158798e+01,2.162258e+01,2.165025e+01,2.162950e+01,2.175395e+01,2.167792e+01,2.162258e+01,2.171248e+01,2.176086e+01,2.174704e+01,2.175395e+01,2.175395e+01,2.183684e+01,2.176086e+01,2.183684e+01,2.178159e+01,2.182303e+01,2.189896e+01,2.191276e+01,2.195414e+01,2.188516e+01,2.190586e+01,2.189896e+01,2.217459e+01,2.214706e+01,2.220211e+01,2.225026e+01,2.241516e+01,2.242888e+01,2.273732e+01,2.300388e+01,2.307212e+01,2.329018e+01,2.341944e+01,2.367068e+01,2.381978e+01,2.425231e+01,2.448810e+01,2.451501e+01,2.505182e+01,2.515216e+01,2.559920e+01,2.572563e+01,2.581869e+01,2.628938e+01,2.626292e+01,2.646783e+01,2.641499e+01,2.666576e+01,2.669871e+01,2.646123e+01,2.673824e+01,2.656684e+01,2.626954e+01,2.628277e+01,2.602446e+01,2.584526e+01,2.551927e+01,2.524573e+01,2.487766e+01,2.417810e+01,2.373170e+01,2.304483e+01,2.275101e+01,2.249065e+01,2.197483e+01,2.191276e+01,2.175395e+01,2.182993e+01,2.170557e+01,2.176777e+01,2.176086e+01,2.174704e+01,2.165717e+01,2.171248e+01,2.173322e+01,2.183684e+01,2.177468e+01,2.179540e+01,2.167100e+01,2.174013e+01,2.176086e+01,2.174704e+01,2.174013e+01,2.180231e+01,2.175395e+01,2.171248e+01,2.175395e+01,2.182993e+01,2.185755e+01,2.178850e+01,2.169866e+01,2.173322e+01,2.126217e+01,2.113711e+01,2.130382e+01,2.119271e+01,2.114406e+01,2.138707e+01,2.116491e+01,2.138013e+01,2.139400e+01,2.128299e+01,2.133158e+01,2.127605e+01,2.148411e+01,2.138707e+01,2.135933e+01,2.137320e+01,2.143560e+01,2.142174e+01,2.133851e+01,2.144946e+01,2.145639e+01,2.157414e+01,2.171940e+01,2.162950e+01,2.155337e+01,2.156721e+01,2.151875e+01,2.155337e+01,2.155337e+01,2.165717e+01,2.164334e+01,2.167792e+01,2.169175e+01,2.156029e+01,2.147025e+01,2.141480e+01,2.142174e+01,2.140094e+01,2.138707e+01,2.138707e+01,2.156029e+01,2.144946e+01,2.157414e+01,2.150489e+01,2.150489e+01,2.147718e+01,2.147718e+01,2.147025e+01,2.180231e+01,2.180922e+01,2.198172e+01,2.198172e+01,2.171248e+01,2.131076e+01,2.142174e+01,2.129688e+01,2.120660e+01,2.135933e+01,2.130382e+01,2.148411e+01,2.195414e+01,2.229838e+01,2.230525e+01,2.234648e+01,2.235335e+01,2.232587e+01,2.238082e+01,2.230525e+01,2.226401e+01,2.225026e+01,2.204376e+01,2.190586e+01,2.174704e+01,2.167792e+01,2.151182e+01,2.138013e+01,2.112320e+01,2.090047e+01,2.083773e+01,2.086562e+01,2.083773e+01,2.083076e+01,2.082378e+01,2.079589e+01,2.068422e+01,2.062135e+01,2.085168e+01,2.085865e+01,2.094226e+01,2.094226e+01,2.103277e+01,2.122744e+01,2.134545e+01,2.133158e+01,2.163642e+01,2.158106e+01,2.169866e+01,2.178850e+01,2.168483e+01,2.182993e+01,2.167792e+01,2.179540e+01,2.171248e+01,2.176086e+01,2.172631e+01,2.164334e+01,2.166409e+01,2.182993e+01,2.164334e+01,2.161566e+01,2.181612e+01,2.165025e+01,2.173322e+01,2.164334e+01,2.169175e+01,2.169175e+01,2.168483e+01,2.169175e+01,2.167792e+01,2.169866e+01,2.171940e+01,2.167100e+01,2.167792e+01,2.174013e+01,2.157414e+01,2.170557e+01,2.154645e+01,2.150489e+01,2.120660e+01,2.109539e+01,2.128993e+01,2.131770e+01,2.115796e+01,2.132464e+01,2.136626e+01,2.124828e+01,2.142174e+01,2.138013e+01,2.131076e+01,2.128299e+01,2.135239e+01,2.133851e+01,2.135239e+01,2.131076e+01,2.140787e+01,2.132464e+01,2.133158e+01,2.135239e+01,2.133851e+01,2.119271e+01,2.149104e+01,2.137320e+01,2.138707e+01,2.150489e+01,2.150489e+01,2.151875e+01,2.155337e+01,2.157414e+01,2.171940e+01,2.159490e+01,2.166409e+01,2.191965e+01,2.171940e+01,2.167792e+01,2.185065e+01,2.185065e+01,2.172631e+01,2.169175e+01,2.169866e+01,2.170557e+01,2.169175e+01,2.171940e+01,2.174704e+01,2.178159e+01,2.176086e+01,2.173322e+01,2.183684e+01,2.174704e+01,2.180922e+01,2.175395e+01,2.184374e+01,2.175395e+01,2.169175e+01,2.171940e+01,2.169866e+01,2.162258e+01,2.155337e+01,2.156029e+01,2.155337e+01,2.147718e+01,2.150489e+01,2.149796e+01,2.142867e+01,2.144253e+01,2.140787e+01,2.140787e+01,2.141480e+01,2.135933e+01,2.133158e+01,2.141480e+01,2.130382e+01,2.119966e+01,2.131076e+01,2.119271e+01,2.118576e+01,2.118576e+01,2.116491e+01,2.135239e+01,2.117186e+01,2.133158e+01,2.135239e+01,2.141480e+01,2.154645e+01,2.236022e+01,2.398895e+01,2.467634e+01,2.503843e+01,2.507858e+01,2.499156e+01,2.497147e+01,2.489776e+01,2.492457e+01,2.456209e+01,2.452846e+01,2.446791e+01,2.418485e+01,2.412409e+01,2.378591e+01,2.375881e+01,2.358247e+01,2.335823e+01,2.326295e+01,2.305165e+01,2.293560e+01,2.271679e+01,2.253866e+01,2.247006e+01,2.229838e+01,2.225026e+01,2.218835e+01,2.211952e+01,2.192655e+01,2.207820e+01,2.180922e+01,2.181612e+01,2.193345e+01,2.168483e+01,2.170557e+01,2.165717e+01,2.160874e+01,2.153952e+01,2.162258e+01,2.138013e+01,2.146332e+01,2.142174e+01,2.142867e+01,2.135933e+01,2.124828e+01,2.138013e+01,2.133851e+01,2.134545e+01,2.131770e+01,2.133158e+01,2.125522e+01,2.131770e+01,2.129688e+01,2.122050e+01,2.129688e+01,2.124133e+01,2.127605e+01,2.113015e+01,2.127605e+01,2.130382e+01,2.133158e+01,2.112320e+01,2.119966e+01,2.113015e+01,2.133851e+01,2.133158e+01,2.131076e+01,2.118576e+01,2.118576e+01,2.123439e+01,2.116491e+01,2.130382e+01,2.122744e+01,2.126911e+01,2.122744e+01,2.112320e+01,2.110929e+01,2.108843e+01,2.118576e+01,2.113015e+01,2.103277e+01,2.107452e+01,2.115101e+01,2.110234e+01,2.110929e+01,2.112320e+01,2.114406e+01,2.131770e+01,2.113711e+01,2.113015e+01,2.113711e+01,2.108843e+01,2.108843e+01,2.119966e+01,2.113711e+01,2.119271e+01,2.115101e+01,2.102581e+01,2.110234e+01,2.101885e+01,2.114406e+01,2.112320e+01,2.105365e+01,2.103973e+01,2.106061e+01,2.095619e+01,2.099101e+01,2.103277e+01,2.110929e+01,2.095619e+01,2.091440e+01,2.087956e+01,2.092833e+01,2.094226e+01,2.088653e+01,2.082378e+01,2.113015e+01,2.078891e+01,2.088653e+01,2.074007e+01,2.081681e+01,2.083076e+01,2.099797e+01,2.149796e+01,2.179540e+01,2.180231e+01,2.176086e+01,2.187135e+01,2.184374e+01,2.192655e+01,2.180231e+01,2.196793e+01,2.196104e+01,2.190586e+01,2.191965e+01,2.193345e+01,2.198862e+01,2.196793e+01,2.209886e+01,2.206442e+01,2.198172e+01,2.202308e+01,2.193345e+01,2.195414e+01,2.193345e+01,2.194035e+01,2.200241e+01,2.185065e+01,2.200930e+01,2.192655e+01,2.205065e+01,2.178850e+01,2.203687e+01,2.203687e+01,2.216082e+01,2.205754e+01,2.204376e+01,2.218147e+01,2.209198e+01,2.214706e+01,2.218147e+01,2.216771e+01,2.214706e+01,2.207131e+01,2.205065e+01,2.204376e+01,2.222275e+01,2.215394e+01,2.217459e+01,2.205754e+01,2.212641e+01,2.217459e+01,2.201619e+01,2.212641e+01,2.220899e+01,2.212641e+01,2.214706e+01,2.200930e+01,2.211952e+01,2.216082e+01,2.216082e+01,2.212641e+01,2.215394e+01,2.208509e+01,2.205065e+01,2.212641e+01,2.205065e+01,2.191965e+01,2.209198e+01,2.199551e+01,2.196104e+01,2.195414e+01,2.198172e+01,2.196104e+01,2.193345e+01,2.180231e+01,2.181612e+01,2.190586e+01,2.174704e+01,2.183684e+01,2.167792e+01,2.168483e+01,2.166409e+01,2.168483e+01,2.171940e+01,2.165717e+01,2.163642e+01,2.174013e+01,2.176086e+01,2.162950e+01,2.156721e+01,2.167792e+01,2.174704e+01,2.165717e+01,2.168483e+01,2.182993e+01,2.182303e+01,2.156029e+01,2.187825e+01,2.171940e+01,2.172631e+01,2.180922e+01,2.178159e+01,2.172631e+01,2.174013e+01,2.176086e+01
2.165025e+01,2.151875e+01,2.169175e+01,2.165025e+01,2.149104e+01,2.165025e+01,2.165717e+01,2.168483e+01,2.149796e+01,2.149796e+01,2.166409e+01,2.164334e+01,2.166409e+01,2.165717e+01,2.158106e+01,2.165025e+01,2.160874e+01,2.158798e+01,2.161566e+01,2.160874e+01,2.148411e+01,2.147025e+01,2.149796e+01,2.154645e+01,2.149796e+01,2.154645e+01,2.150489e+01,2.149796e+01,2.149796e+01,2.158106e+01,2.148411e+01,2.142867e+01,2.139400e+01,2.153260e+01,2.149104e+01,2.152567e+01,2.147025e+01,2.146332e+01,2.152567e+01,2.162950e+01,2.140094e+01,2.145639e+01,2.154645e+01,2.151182e+01,2.144253e+01,2.142867e+01,2.142867e+01,2.145639e+01,2.142867e+01,2.154645e+01,2.129688e+01,2.131076e+01,2.127605e+01,2.152567e+01,2.133851e+01,2.141480e+01,2.146332e+01,2.144253e+01,2.135239e+01,2.140787e+01,2.139400e+01,2.140787e+01,2.129688e+01,2.141480e+01,2.144946e+01,2.143560e+01,2.140787e+01,2.160182e+01,2.135239e+01,2.156029e+01,2.138707e+01,2.149104e+01,2.138013e+01,2.143560e+01,2.138707e+01,2.142174e+01,2.138013e+01,2.134545e+01,2.138013e+01,2.149796e+01,2.138013e+01,2.151875e+01,2.152567e+01,2.146332e+01,2.149104e+01,2.153952e+01,2.144253e+01,2.147718e+01,2.149104e+01,2.160182e+01,2.149796e+01,2.155337e+01,2.162258e+01,2.152567e+01,2.162258e+01,2.151182e+01,2.160182e+01,2.162258e+01,2.169175e+01,2.156029e+01,2.156029e+01,2.160182e+01,2.159490e+01,2.166409e+01,2.170557e+01,2.168483e+01,2.177468e+01,2.156721e+01,2.150489e+01,2.168483e+01,2.175395e+01,2.165717e+01,2.170557e+01,2.165717e+01,2.174013e+01,2.167792e+01,2.171248e+01,2.180231e+01,2.174704e+01,2.169866e+01,2.176086e+01,2.185065e+01,2.187135e+01,2.184374e+01,2.182303e+01,2.186445e+01,2.205754e+01,2.206442e+01,2.187135e+01,2.198172e+01,2.196793e+01,2.213329e+01,2.218835e+01,2.233274e+01,2.223650e+01,2.262091e+01,2.268255e+01,2.285360e+01,2.292194e+01,2.309258e+01,2.330379e+01,2.381301e+01,2.392808e+01,2.403627e+01,2.452174e+01,2.449483e+01,2.501834e+01,2.503843e+01,2.533921e+01,2.578546e+01,2.589839e+01,2.623645e+01,2.632245e+01,2.645462e+01,2.660642e+01,2.676458e+01,2.683041e+01,2.683699e+01,2.684357e+01,2.671189e+01,2.673824e+01,2.648764e+01,2.628277e+01,2.604436e+01,2.583198e+01,2.552594e+01,2.526577e+01,2.489106e+01,2.458898e+01,2.373848e+01,2.331740e+01,2.281941e+01,2.264146e+01,2.222962e+01,2.186445e+01,2.188516e+01,2.178159e+01,2.176777e+01,2.169866e+01,2.171940e+01,2.173322e+01,2.180922e+01,2.176777e+01,2.165717e+01,2.180231e+01,2.178850e+01,2.169866e+01,2.174704e+01,2.173322e+01,2.176777e+01,2.181612e+01,2.173322e+01,2.177468e+01,2.174704e+01,2.181612e+01,2.185065e+01,2.184374e+01,2.180922e+01,2.180231e+01,2.179540e+01,2.181612e+01,2.167100e+01,2.170557e+01,2.165025e+01,2.169866e+01,2.171248e+01,2.141480e+01,2.154645e+01,2.143560e+01,2.145639e+01,2.134545e+01,2.126217e+01,2.142867e+01,2.143560e+01,2.126911e+01,2.140094e+01,2.153260e+01,2.150489e+01,2.154645e+01,2.160182e+01,2.182303e+01,2.170557e+01,2.182303e+01,2.173322e+01,2.178850e+01,2.160874e+01,2.156029e+01,2.158798e+01,2.162258e+01,2.163642e+01,2.171940e+01,2.180922e+01,2.178159e+01,2.170557e+01,2.173322e+01,2.153260e+01,2.148411e+01,2.147025e+01,2.142867e+01,2.166409e+01,2.138013e+01,2.151182e+01,2.144253e+01,2.147025e+01,2.145639e+01,2.153952e+01,2.146332e+01,2.151182e+01,2.164334e+01,2.184374e+01,2.198862e+01,2.198172e+01,2.181612e+01,2.142867e+01,2.142174e+01,2.138013e+01,2.135239e+01,2.130382e+01,2.131770e+01,2.131770e+01,2.143560e+01,2.199551e+01,2.227776e+01,2.229838e+01,2.229838e+01,2.228463e+01,2.227776e+01,2.226401e+01,2.227776e+01,2.222962e+01,2.231212e+01,2.198862e+01,2.190586e+01,2.173322e+01,2.175395e+01,2.144253e+01,2.117186e+01,2.117186e+01,2.115101e+01,2.114406e+01,2.087956e+01,2.082378e+01,2.074705e+01,2.078193e+01,2.067723e+01,2.082378e+01,2.074705e+01,2.080984e+01,2.078193e+01,2.088653e+01,2.098405e+01,2.100493e+01,2.119271e+01,2.126911e+01,2.150489e+01,2.166409e+01,2.157414e+01,2.169866e+01,2.165717e+01,2.183684e+01,2.180231e+01,2.174704e+01,2.184374e+01,2.174704e+01,2.174704e+01,2.169866e+01,2.177468e+01,2.180231e+01,2.160182e+01,2.175395e+01,2.165717e+01,2.161566e+01,2.171248e+01,2.171940e+01,2.165717e+01,2.167792e+01,2.173322e+01,2.168483e+01,2.170557e+01,2.168483e+01,2.174704e+01,2.178850e+01,2.173322e+01,2.171940e+01,2.166409e+01,2.169866e+01,2.162950e+01,2.150489e+01,2.125522e+01,2.121355e+01,2.123439e+01,2.125522e+01,2.117881e+01,2.137320e+01,2.125522e+01,2.115796e+01,2.129688e+01,2.135239e+01,2.134545e+01,2.134545e+01,2.130382e+01,2.129688e+01,2.127605e+01,2.129688e+01,2.140787e+01,2.141480e+01,2.130382e+01,2.137320e+01,2.136626e+01,2.144946e+01,2.142867e+01,2.147025e+01,2.152567e+01,2.139400e+01,2.144946e+01,2.151182e+01,2.153260e+01,2.149104e+01,2.161566e+01,2.167792e+01,2.170557e+01,2.177468e+01,2.174013e+01,2.180231e+01,2.179540e+01,2.186445e+01,2.180922e+01,2.189896e+01,2.177468e+01,2.169866e+01,2.177468e+01,2.176777e+01,2.169866e+01,2.179540e+01,2.180231e+01,2.185755e+01,2.186445e+01,2.175395e+01,2.177468e+01,2.174704e+01,2.182303e+01,2.179540e+01,2.167792e+01,2.183684e+01,2.164334e+01,2.174704e+01,2.160874e+01,2.156721e+01,2.153260e+01,2.160874e+01,2.155337e+01,2.147025e+01,2.149104e+01,2.142174e+01,2.140787e+01,2.145639e+01,2.142867e+01,2.138707e+01,2.135933e+01,2.133158e+01,2.131076e+01,2.133851e+01,2.131076e+01,2.137320e+01,2.124133e+01,2.146332e+01,2.135239e+01,2.143560e+01,2.142867e+01,2.140787e+01,2.144946e+01,2.147025e+01,2.167100e+01,2.259350e+01,2.398219e+01,2.447464e+01,2.512541e+01,2.505851e+01,2.511203e+01,2.509196e+01,2.492457e+01,2.495137e+01,2.489106e+01,2.482401e+01,2.452846e+01,2.447464e+01,2.416460e+01,2.417810e+01,2.398895e+01,2.389425e+01,2.373170e+01,2.345342e+01,2.337183e+01,2.320165e+01,2.296975e+01,2.275101e+01,2.288777e+01,2.255237e+01,2.246320e+01,2.218147e+01,2.216771e+01,2.211952e+01,2.207131e+01,2.191965e+01,2.189896e+01,2.196793e+01,2.191965e+01,2.169866e+01,2.161566e+01,2.167100e+01,2.159490e+01,2.161566e+01,2.159490e+01,2.147025e+01,2.156029e+01,2.145639e+01,2.142174e+01,2.143560e+01,2.126217e+01,2.142867e+01,2.125522e+01,2.122744e+01,2.130382e+01,2.128993e+01,2.132464e+01,2.131076e+01,2.129688e+01,2.119966e+01,2.117881e+01,2.118576e+01,2.120660e+01,2.132464e+01,2.125522e+01,2.144253e+01,2.128299e+01,2.131770e+01,2.115101e+01,2.132464e+01,2.128993e+01,2.133158e+01,2.123439e+01,2.124828e+01,2.128299e+01,2.128299e+01,2.122050e+01,2.128299e+01,2.125522e+01,2.122744e+01,2.112320e+01,2.113711e+01,2.110234e+01,2.128299e+01,2.107452e+01,2.115101e+01,2.111625e+01,2.112320e+01,2.110929e+01,2.114406e+01,2.115101e+01,2.114406e+01,2.110929e+01,2.111625e+01,2.128993e+01,2.117881e+01,2.119966e+01,2.119271e+01,2.118576e+01,2.118576e+01,2.108148e+01,2.117186e+01,2.128299e+01,2.106756e+01,2.109539e+01,2.100493e+01,2.108148e+01,2.117186e+01,2.108843e+01,2.101189e+01,2.096316e+01,2.102581e+01,2.104669e+01,2.092137e+01,2.103277e+01,2.097709e+01,2.099797e+01,2.094923e+01,2.094226e+01,2.094226e+01,2.092137e+01,2.092833e+01,2.085865e+01,2.082378e+01,2.094226e+01,2.080984e+01,2.082378e+01,2.090047e+01,2.094226e+01,2.147718e+01,2.179540e+01,2.189206e+01,2.175395e+01,2.186445e+01,2.209198e+01,2.192655e+01,2.182303e+01,2.198172e+01,2.198172e+01,2.204376e+01,2.198172e+01,2.197483e+01,2.218147e+01,2.202997e+01,2.197483e+01,2.188516e+01,2.198172e+01,2.194035e+01,2.203687e+01,2.195414e+01,2.206442e+01,2.197483e+01,2.198862e+01,2.194725e+01,2.207820e+01,2.178850e+01,2.206442e+01,2.197483e+01,2.207131e+01,2.212641e+01,2.214706e+01,2.200930e+01,2.196793e+01,2.202997e+01,2.216771e+01,2.216082e+01,2.216082e+01,2.218147e+01,2.222275e+01,2.218147e+01,2.222962e+01,2.214017e+01,2.222275e+01,2.216082e+01,2.210575e+01,2.217459e+01,2.226401e+01,2.232587e+01,2.222275e+01,2.220899e+01,2.218835e+01,2.211263e+01,2.209198e+01,2.234648e+01,2.218147e+01,2.218835e+01,2.201619e+01,2.205065e+01,2.211952e+01,2.211263e+01,2.199551e+01,2.215394e+01,2.202997e+01,2.210575e+01,2.215394e+01,2.216771e+01,2.223650e+01,2.201619e+01,2.197483e+01,2.198862e+01,2.199551e+01,2.194725e+01,2.187825e+01,2.187825e+01,2.194035e+01,2.168483e+01,2.176086e+01,2.174013e+01,2.171248e+01,2.169866e+01,2.171248e+01,2.170557e+01,2.171940e+01,2.172631e+01,2.176777e+01,2.157414e+01,2.158106e+01,2.171940e+01,2.148411e+01,2.171940e+01,2.154645e+01,2.142867e+01,2.176777e+01,2.169175e+01,2.184374e+01,2.171248e+01,2.189896e+01,2.185065e+01,2.174704e+01,2.161566e+01,2.181612e+01,2.176086e+01
2.169866e+01,2.158106e+01,2.169866e+01,2.162258e+01,2.149104e+01,2.162258e+01,2.169866e+01,2.150489e+01,2.163642e+01,2.165025e+01,2.175395e+01,2.171248e+01,2.158106e+01,2.153260e+01,2.152567e+01,2.158798e+01,2.159490e+01,2.157414e+01,2.161566e+01,2.158798e+01,2.156721e+01,2.150489e+01,2.156029e+01,2.153260e+01,2.150489e+01,2.152567e+01,2.153260e+01,2.151875e+01,2.163642e+01,2.144946e+01,2.151182e+01,2.146332e+01,2.146332e+01,2.150489e+01,2.139400e+01,2.140787e+01,2.143560e+01,2.138013e+01,2.137320e+01,2.142867e+01,2.138707e+01,2.133158e+01,2.145639e+01,2.131076e+01,2.132464e+01,2.152567e+01,2.151875e+01,2.144253e+01,2.135933e+01,2.139400e+01,2.144253e+01,2.138013e+01,2.128299e+01,2.128993e+01,2.140787e+01,2.142174e+01,2.141480e+01,2.133851e+01,2.142867e+01,2.139400e+01,2.141480e+01,2.139400e+01,2.160874e+01,2.142174e+01,2.132464e+01,2.138013e+01,2.138013e+01,2.140094e+01,2.149104e+01,2.139400e+01,2.134545e+01,2.148411e+01,2.149104e+01,2.142867e+01,2.139400e+01,2.144253e+01,2.152567e+01,2.139400e+01,2.138013e+01,2.135933e+01,2.145639e+01,2.146332e+01,2.151182e+01,2.152567e+01,2.143560e+01,2.145639e+01,2.149104e+01,2.145639e+01,2.154645e+01,2.158106e+01,2.158798e+01,2.155337e+01,2.150489e+01,2.153952e+01,2.162950e+01,2.160874e+01,2.159490e+01,2.128299e+01,2.167792e+01,2.160874e+01,2.148411e+01,2.167792e+01,2.160182e+01,2.151875e+01,2.156721e+01,2.152567e+01,2.165717e+01,2.171248e+01,2.171248e+01,2.171248e+01,2.170557e+01,2.169175e+01,2.173322e+01,2.164334e+01,2.168483e+01,2.166409e+01,2.178850e+01,2.178159e+01,2.175395e+01,2.175395e+01,2.181612e+01,2.180922e+01,2.179540e+01,2.187135e+01,2.177468e+01,2.196104e+01,2.207131e+01,2.192655e+01,2.185065e+01,2.190586e+01,2.192655e+01,2.216082e+01,2.219523e+01,2.225026e+01,2.247692e+01,2.260035e+01,2.279889e+01,2.287410e+01,2.296292e+01,2.324252e+01,2.339904e+01,2.382655e+01,2.398895e+01,2.413760e+01,2.439385e+01,2.458226e+01,2.491117e+01,2.535924e+01,2.538593e+01,2.585191e+01,2.601120e+01,2.630923e+01,2.649424e+01,2.659323e+01,2.659982e+01,2.675800e+01,2.683699e+01,2.685673e+01,2.693566e+01,2.676458e+01,2.685015e+01,2.645462e+01,2.634229e+01,2.609738e+01,2.594486e+01,2.556591e+01,2.518559e+01,2.503843e+01,2.463603e+01,2.410383e+01,2.330379e+01,2.294926e+01,2.245634e+01,2.222962e+01,2.199551e+01,2.177468e+01,2.170557e+01,2.182993e+01,2.172631e+01,2.145639e+01,2.168483e+01,2.169866e+01,2.175395e+01,2.178159e+01,2.166409e+01,2.178850e+01,2.178159e+01,2.176086e+01,2.177468e+01,2.172631e+01,2.175395e+01,2.167792e+01,2.171248e+01,2.187135e+01,2.175395e+01,2.182303e+01,2.185755e+01,2.180922e+01,2.187135e+01,2.177468e+01,2.174704e+01,2.176086e+01,2.174013e+01,2.178159e+01,2.173322e+01,2.170557e+01,2.174704e+01,2.186445e+01,2.173322e+01,2.146332e+01,2.137320e+01,2.145639e+01,2.146332e+01,2.148411e+01,2.147025e+01,2.140094e+01,2.176086e+01,2.179540e+01,2.184374e+01,2.183684e+01,2.180922e+01,2.184374e+01,2.177468e+01,2.178159e+01,2.166409e+01,2.153952e+01,2.151182e+01,2.156721e+01,2.158106e+01,2.162950e+01,2.187825e+01,2.177468e+01,2.177468e+01,2.180231e+01,2.178159e+01,2.182303e+01,2.168483e+01,2.151182e+01,2.140787e+01,2.138707e+01,2.148411e+01,2.147718e+01,2.144946e+01,2.144253e+01,2.151875e+01,2.146332e+01,2.158106e+01,2.175395e+01,2.171940e+01,2.184374e+01,2.195414e+01,2.149104e+01,2.147025e+01,2.136626e+01,2.139400e+01,2.133851e+01,2.131770e+01,2.133158e+01,2.133158e+01,2.133851e+01,2.185065e+01,2.207131e+01,2.207820e+01,2.227776e+01,2.227776e+01,2.234648e+01,2.236022e+01,2.231212e+01,2.225026e+01,2.226401e+01,2.202997e+01,2.191276e+01,2.199551e+01,2.169866e+01,2.161566e+01,2.144253e+01,2.118576e+01,2.116491e+01,2.092137e+01,2.090743e+01,2.089350e+01,2.091440e+01,2.071215e+01,2.080984e+01,2.068422e+01,2.080286e+01,2.079589e+01,2.083076e+01,2.078193e+01,2.074705e+01,2.080286e+01,2.098405e+01,2.101189e+01,2.121355e+01,2.135239e+01,2.136626e+01,2.138707e+01,2.174704e+01,2.176086e+01,2.178850e+01,2.177468e+01,2.175395e+01,2.182993e+01,2.176086e+01,2.170557e+01,2.167100e+01,2.163642e+01,2.172631e+01,2.159490e+01,2.159490e+01,2.160874e+01,2.165717e+01,2.171940e+01,2.176777e+01,2.155337e+01,2.167100e+01,2.166409e+01,2.165025e+01,2.165025e+01,2.165717e+01,2.168483e+01,2.182303e+01,2.162950e+01,2.167792e+01,2.174704e+01,2.167100e+01,2.152567e+01,2.147718e+01,2.124828e+01,2.121355e+01,2.116491e+01,2.117186e+01,2.121355e+01,2.120660e+01,2.128993e+01,2.133158e+01,2.128299e+01,2.123439e+01,2.118576e+01,2.128993e+01,2.128993e+01,2.126217e+01,2.131076e+01,2.113711e+01,2.125522e+01,2.128993e+01,2.127605e+01,2.134545e+01,2.122050e+01,2.127605e+01,2.135933e+01,2.132464e+01,2.131076e+01,2.134545e+01,2.142174e+01,2.139400e+01,2.156029e+01,2.146332e+01,2.160874e+01,2.162950e+01,2.171248e+01,2.161566e+01,2.173322e+01,2.164334e+01,2.175395e+01,2.185755e+01,2.187825e+01,2.176777e+01,2.173322e+01,2.181612e+01,2.171940e+01,2.169175e+01,2.165717e+01,2.182993e+01,2.168483e+01,2.173322e+01,2.176777e+01,2.171248e+01,2.184374e+01,2.177468e+01,2.171248e+01,2.175395e+01,2.184374e+01,2.167100e+01,2.176777e+01,2.171940e+01,2.158106e+01,2.159490e+01,2.151182e+01,2.156029e+01,2.138013e+01,2.143560e+01,2.140094e+01,2.140787e+01,2.141480e+01,2.136626e+01,2.122744e+01,2.130382e+01,2.131770e+01,2.133158e+01,2.138013e+01,2.130382e+01,2.126217e+01,2.135933e+01,2.186445e+01,2.207131e+01,2.206442e+01,2.208509e+01,2.235335e+01,2.206442e+01,2.236022e+01,2.276469e+01,2.394161e+01,2.434669e+01,2.470321e+01,2.483072e+01,2.511872e+01,2.515216e+01,2.512541e+01,2.511872e+01,2.502504e+01,2.495137e+01,2.485754e+01,2.480388e+01,2.463603e+01,2.461587e+01,2.446118e+01,2.412409e+01,2.404979e+01,2.379269e+01,2.372492e+01,2.356890e+01,2.334462e+01,2.329699e+01,2.304483e+01,2.292194e+01,2.286043e+01,2.262091e+01,2.251122e+01,2.247692e+01,2.214706e+01,2.214017e+01,2.217459e+01,2.185755e+01,2.180922e+01,2.182993e+01,2.182993e+01,2.165025e+01,2.167100e+01,2.161566e+01,2.161566e+01,2.162950e+01,2.157414e+01,2.144946e+01,2.144253e+01,2.144253e+01,2.151182e+01,2.142174e+01,2.129688e+01,2.130382e+01,2.135239e+01,2.129688e+01,2.137320e+01,2.122744e+01,2.133158e+01,2.127605e+01,2.126911e+01,2.124133e+01,2.126911e+01,2.115796e+01,2.126911e+01,2.115101e+01,2.128299e+01,2.128299e+01,2.128993e+01,2.117186e+01,2.112320e+01,2.129688e+01,2.120660e+01,2.128993e+01,2.120660e+01,2.120660e+01,2.128993e+01,2.128299e+01,2.119966e+01,2.128299e+01,2.125522e+01,2.123439e+01,2.115101e+01,2.113711e+01,2.112320e+01,2.110234e+01,2.115796e+01,2.113711e+01,2.111625e+01,2.110234e+01,2.109539e+01,2.112320e+01,2.113015e+01,2.104669e+01,2.113015e+01,2.113711e+01,2.110929e+01,2.109539e+01,2.122050e+01,2.105365e+01,2.104669e+01,2.097012e+01,2.110234e+01,2.092833e+01,2.113015e+01,2.108148e+01,2.106756e+01,2.107452e+01,2.105365e+01,2.108843e+01,2.107452e+01,2.103277e+01,2.099797e+01,2.098405e+01,2.114406e+01,2.097709e+01,2.101189e+01,2.086562e+01,2.097012e+01,2.085865e+01,2.084470e+01,2.092833e+01,2.090047e+01,2.089350e+01,2.082378e+01,2.067025e+01,2.080984e+01,2.080984e+01,2.085865e+01,2.072611e+01,2.097709e+01,2.160182e+01,2.175395e+01,2.188516e+01,2.181612e+01,2.187825e+01,2.201619e+01,2.179540e+01,2.200930e+01,2.185065e+01,2.206442e+01,2.202308e+01,2.203687e+01,2.195414e+01,2.189896e+01,2.202997e+01,2.188516e+01,2.187825e+01,2.189206e+01,2.196104e+01,2.192655e+01,2.204376e+01,2.203687e+01,2.185755e+01,2.194035e+01,2.183684e+01,2.206442e+01,2.195414e+01,2.207820e+01,2.207820e+01,2.208509e+01,2.202308e+01,2.200241e+01,2.217459e+01,2.206442e+01,2.210575e+01,2.205065e+01,2.194035e+01,2.205754e+01,2.205754e+01,2.218835e+01,2.215394e+01,2.217459e+01,2.212641e+01,2.209198e+01,2.208509e+01,2.225713e+01,2.207820e+01,2.209886e+01,2.207820e+01,2.212641e+01,2.216771e+01,2.211952e+01,2.214706e+01,2.215394e+01,2.210575e+01,2.201619e+01,2.214017e+01,2.205065e+01,2.211263e+01,2.211952e+01,2.205065e+01,2.211952e+01,2.201619e+01,2.212641e+01,2.204376e+01,2.200241e+01,2.198862e+01,2.198172e+01,2.196104e+01,2.196793e+01,2.197483e+01,2.194035e+01,2.194725e+01,2.195414e+01,2.190586e+01,2.181612e+01,2.174704e+01,2.178159e+01,2.181612e+01,2.165717e+01,2.174013e+01,2.169866e+01,2.164334e+01,2.171940e+01,2.178159e+01,2.170557e+01,2.174704e+01,2.170557e+01,2.173322e+01,2.160182e+01,2.160182e+01,2.169866e+01,2.177468e+01,2.168483e+01,2.156029e+01,2.185755e+01,2.185065e+01,2.178850e+01,2.175395e+01,2.173322e+01,2.168483e+01,2.178159e+01,2.183684e+01
2.158798e+01,2.163642e+01,2.168483e+01,2.164334e+01,2.149104e+01,2.154645e+01,2.152567e+01,2.150489e+01,2.158106e+01,2.178159e+01,2.152567e+01,2.153260e+01,2.160182e+01,2.177468e+01,2.178850e+01,2.159490e+01,2.158106e+01,2.151182e+01,2.150489e+01,2.153260e+01,2.153952e+01,2.150489e+01,2.147718e+01,2.149796e+01,2.149104e+01,2.166409e+01,2.147718e+01,2.152567e+01,2.151182e+01,2.150489e+01,2.151182e+01,2.145639e+01,2.148411e+01,2.151182e+01,2.144946e+01,2.144946e+01,2.144253e+01,2.147718e+01,2.132464e+01,2.153952e+01,2.145639e+01,2.136626e+01,2.147718e+01,2.140787e+01,2.146332e+01,2.140094e+01,2.130382e+01,2.129688e+01,2.140787e+01,2.135239e+01,2.130382e+01,2.132464e+01,2.153260e+01,2.126217e+01,2.140094e+01,2.145639e+01,2.141480e+01,2.144946e+01,2.139400e+01,2.138707e+01,2.143560e+01,2.138707e+01,2.144253e+01,2.140787e+01,2.151182e+01,2.140787e+01,2.142174e+01,2.139400e+01,2.135933e+01,2.140094e+01,2.142174e+01,2.135239e+01,2.143560e+01,2.145639e+01,2.138707e+01,2.147025e+01,2.135933e+01,2.151182e+01,2.149104e+01,2.142867e+01,2.132464e+01,2.139400e+01,2.130382e+01,2.148411e+01,2.147718e+01,2.156721e+01,2.146332e+01,2.151875e+01,2.148411e+01,2.154645e+01,2.163642e+01,2.161566e+01,2.151875e+01,2.165025e+01,2.155337e+01,2.158798e+01,2.157414e+01,2.151875e+01,2.156029e+01,2.158106e+01,2.165717e+01,2.169866e+01,2.156721e+01,2.169866e+01,2.171248e+01,2.165025e+01,2.160182e+01,2.167792e+01,2.164334e+01,2.167100e+01,2.167792e+01,2.174013e+01,2.167792e+01,2.169866e+01,2.166409e+01,2.174013e+01,2.171940e+01,2.175395e+01,2.182303e+01,2.173322e+01,2.176086e+01,2.179540e+01,2.180231e+01,2.179540e+01,2.185755e+01,2.180922e+01,2.197483e+01,2.195414e+01,2.189896e+01,2.211952e+01,2.212641e+01,2.220899e+01,2.219523e+01,2.230525e+01,2.244948e+01,2.266201e+01,2.290827e+01,2.321527e+01,2.323571e+01,2.339224e+01,2.377236e+01,2.382655e+01,2.413085e+01,2.428603e+01,2.459571e+01,2.502504e+01,2.529916e+01,2.549928e+01,2.549928e+01,2.588511e+01,2.630261e+01,2.631584e+01,2.651405e+01,2.661961e+01,2.671189e+01,2.674482e+01,2.701453e+01,2.700138e+01,2.685015e+01,2.683699e+01,2.681725e+01,2.669871e+01,2.666576e+01,2.631584e+01,2.599793e+01,2.568572e+01,2.527245e+01,2.498486e+01,2.466962e+01,2.406330e+01,2.320846e+01,2.294243e+01,2.262776e+01,2.220211e+01,2.179540e+01,2.182993e+01,2.174013e+01,2.176086e+01,2.170557e+01,2.170557e+01,2.176086e+01,2.167792e+01,2.177468e+01,2.180231e+01,2.172631e+01,2.176086e+01,2.182993e+01,2.176086e+01,2.181612e+01,2.174013e+01,2.185755e+01,2.176777e+01,2.182303e+01,2.183684e+01,2.179540e+01,2.186445e+01,2.188516e+01,2.182303e+01,2.180922e+01,2.175395e+01,2.176086e+01,2.185065e+01,2.186445e+01,2.192655e+01,2.179540e+01,2.178159e+01,2.176086e+01,2.191965e+01,2.184374e+01,2.178159e+01,2.175395e+01,2.175395e+01,2.176777e+01,2.189896e+01,2.196104e+01,2.178159e+01,2.195414e+01,2.178159e+01,2.185755e+01,2.190586e+01,2.183684e+01,2.185755e+01,2.194035e+01,2.175395e+01,2.153952e+01,2.153260e+01,2.151182e+01,2.156029e+01,2.160182e+01,2.171940e+01,2.182303e+01,2.186445e+01,2.190586e+01,2.178159e+01,2.195414e+01,2.185065e+01,2.185065e+01,2.181612e+01,2.163642e+01,2.150489e+01,2.146332e+01,2.145639e+01,2.145639e+01,2.147718e+01,2.148411e+01,2.143560e+01,2.165717e+01,2.164334e+01,2.176777e+01,2.172631e+01,2.146332e+01,2.142867e+01,2.139400e+01,2.122050e+01,2.129688e+01,2.138707e+01,2.133851e+01,2.136626e+01,2.133158e+01,2.150489e+01,2.199551e+01,2.227088e+01,2.227088e+01,2.227776e+01,2.227776e+01,2.227776e+01,2.227776e+01,2.226401e+01,2.225026e+01,2.223650e+01,2.205065e+01,2.195414e+01,2.190586e+01,2.173322e+01,2.170557e+01,2.142867e+01,2.119966e+01,2.115796e+01,2.105365e+01,2.098405e+01,2.087259e+01,2.083076e+01,2.081681e+01,2.084470e+01,2.080984e+01,2.080984e+01,2.081681e+01,2.070517e+01,2.074705e+01,2.075403e+01,2.098405e+01,2.101189e+01,2.101885e+01,2.110234e+01,2.119966e+01,2.150489e+01,2.140787e+01,2.149104e+01,2.163642e+01,2.170557e+01,2.165717e+01,2.180231e+01,2.166409e+01,2.167792e+01,2.180922e+01,2.168483e+01,2.174013e+01,2.168483e+01,2.171940e+01,2.169175e+01,2.171940e+01,2.169175e+01,2.165717e+01,2.167792e+01,2.172631e+01,2.169866e+01,2.163642e+01,2.169866e+01,2.161566e+01,2.165717e+01,2.171940e+01,2.169175e+01,2.167792e+01,2.176086e+01,2.170557e+01,2.160874e+01,2.159490e+01,2.126217e+01,2.117881e+01,2.121355e+01,2.108148e+01,2.113711e+01,2.126911e+01,2.117186e+01,2.120660e+01,2.115796e+01,2.130382e+01,2.121355e+01,2.130382e+01,2.127605e+01,2.124133e+01,2.120660e+01,2.126911e+01,2.124828e+01,2.125522e+01,2.127605e+01,2.129688e+01,2.126911e+01,2.131076e+01,2.140094e+01,2.141480e+01,2.158106e+01,2.158106e+01,2.138013e+01,2.144253e+01,2.140094e+01,2.153952e+01,2.159490e+01,2.163642e+01,2.160182e+01,2.169175e+01,2.163642e+01,2.170557e+01,2.174013e+01,2.167100e+01,2.181612e+01,2.189896e+01,2.167792e+01,2.172631e+01,2.174704e+01,2.171940e+01,2.172631e+01,2.174013e+01,2.180922e+01,2.176777e+01,2.173322e+01,2.185755e+01,2.174704e+01,2.176777e+01,2.178159e+01,2.175395e+01,2.181612e+01,2.170557e+01,2.170557e+01,2.162950e+01,2.164334e+01,2.160182e+01,2.161566e+01,2.142174e+01,2.153952e+01,2.158798e+01,2.162950e+01,2.139400e+01,2.146332e+01,2.140787e+01,2.147718e+01,2.130382e+01,2.145639e+01,2.134545e+01,2.136626e+01,2.133158e+01,2.154645e+01,2.135933e+01,2.257979e+01,2.434669e+01,2.447464e+01,2.453519e+01,2.487766e+01,2.488436e+01,2.466962e+01,2.468977e+01,2.469649e+01,2.489106e+01,2.512541e+01,2.513879e+01,2.515885e+01,2.514547e+01,2.522569e+01,2.532586e+01,2.523905e+01,2.510534e+01,2.494467e+01,2.491117e+01,2.483742e+01,2.459571e+01,2.475691e+01,2.453519e+01,2.417810e+01,2.415110e+01,2.389425e+01,2.377914e+01,2.366390e+01,2.338544e+01,2.336503e+01,2.305165e+01,2.291510e+01,2.291510e+01,2.262091e+01,2.249751e+01,2.249065e+01,2.226401e+01,2.216082e+01,2.212641e+01,2.196793e+01,2.194725e+01,2.191276e+01,2.191965e+01,2.180231e+01,2.175395e+01,2.165717e+01,2.160874e+01,2.168483e+01,2.160182e+01,2.134545e+01,2.142867e+01,2.146332e+01,2.142867e+01,2.147025e+01,2.122744e+01,2.133158e+01,2.133851e+01,2.136626e+01,2.136626e+01,2.135239e+01,2.135933e+01,2.136626e+01,2.132464e+01,2.135933e+01,2.126217e+01,2.126217e+01,2.121355e+01,2.123439e+01,2.114406e+01,2.123439e+01,2.119271e+01,2.122050e+01,2.131770e+01,2.127605e+01,2.131076e+01,2.122744e+01,2.124133e+01,2.127605e+01,2.120660e+01,2.118576e+01,2.106061e+01,2.118576e+01,2.126217e+01,2.118576e+01,2.112320e+01,2.114406e+01,2.113015e+01,2.110929e+01,2.110929e+01,2.108843e+01,2.113711e+01,2.113015e+01,2.114406e+01,2.108843e+01,2.113015e+01,2.107452e+01,2.106756e+01,2.110929e+01,2.107452e+01,2.099797e+01,2.099101e+01,2.117881e+01,2.110929e+01,2.094923e+01,2.117186e+01,2.094226e+01,2.097012e+01,2.111625e+01,2.107452e+01,2.108148e+01,2.108843e+01,2.108148e+01,2.108148e+01,2.097709e+01,2.099797e+01,2.099101e+01,2.099797e+01,2.094923e+01,2.103973e+01,2.103277e+01,2.103277e+01,2.090047e+01,2.093530e+01,2.095619e+01,2.096316e+01,2.102581e+01,2.087259e+01,2.090047e+01,2.088653e+01,2.076798e+01,2.074007e+01,2.065628e+01,2.093530e+01,2.153260e+01,2.180231e+01,2.189896e+01,2.189896e+01,2.187825e+01,2.187825e+01,2.187135e+01,2.200241e+01,2.205754e+01,2.198172e+01,2.198172e+01,2.195414e+01,2.209886e+01,2.206442e+01,2.198862e+01,2.202308e+01,2.197483e+01,2.198862e+01,2.205754e+01,2.194725e+01,2.190586e+01,2.192655e+01,2.202308e+01,2.187825e+01,2.200930e+01,2.202997e+01,2.206442e+01,2.205065e+01,2.214706e+01,2.205065e+01,2.207131e+01,2.212641e+01,2.207820e+01,2.209886e+01,2.206442e+01,2.210575e+01,2.218147e+01,2.214017e+01,2.205065e+01,2.205065e+01,2.209886e+01,2.205065e+01,2.205754e+01,2.204376e+01,2.221587e+01,2.217459e+01,2.206442e+01,2.222275e+01,2.208509e+01,2.220211e+01,2.225713e+01,2.225026e+01,2.215394e+01,2.208509e+01,2.202997e+01,2.214706e+01,2.203687e+01,2.203687e+01,2.221587e+01,2.205065e+01,2.214706e+01,2.211952e+01,2.205065e+01,2.202308e+01,2.205065e+01,2.208509e+01,2.198862e+01,2.199551e+01,2.188516e+01,2.200241e+01,2.195414e+01,2.199551e+01,2.189206e+01,2.201619e+01,2.191965e+01,2.174704e+01,2.182993e+01,2.176086e+01,2.173322e+01,2.170557e+01,2.187135e+01,2.171248e+01,2.170557e+01,2.169866e+01,2.167100e+01,2.179540e+01,2.160874e+01,2.162258e+01,2.171940e+01,2.164334e+01,2.161566e+01,2.176086e+01,2.160874e+01,2.178159e+01,2.182303e+01,2.174013e+01,2.171248e+01,2.182303e+01,2.169866e+01,2.192655e+01,2.165025e+01,2.185065e+01,2.176086e+01
2.164334e+01,2.162258e+01,2.166409e+01,2.153260e+01,2.158106e+01,2.178850e+01,2.157414e+01,2.166409e+01,2.171940e+01,2.163642e+01,2.167100e+01,2.154645e+01,2.157414e+01,2.151182e+01,2.149796e+01,2.156721e+01,2.148411e+01,2.156721e+01,2.153260e+01,2.160182e+01,2.149104e+01,2.156029e+01,2.153260e+01,2.151182e+01,2.153260e+01,2.151182e+01,2.147718e+01,2.149104e+01,2.153260e+01,2.149104e+01,2.159490e+01,2.154645e+01,2.147718e+01,2.138013e+01,2.147718e+01,2.151182e+01,2.135933e+01,2.135933e+01,2.137320e+01,2.141480e+01,2.141480e+01,2.144253e+01,2.144253e+01,2.131076e+01,2.130382e+01,2.153952e+01,2.141480e+01,2.139400e+01,2.131770e+01,2.142867e+01,2.133851e+01,2.129688e+01,2.139400e+01,2.137320e+01,2.135239e+01,2.148411e+01,2.128299e+01,2.133851e+01,2.141480e+01,2.139400e+01,2.138707e+01,2.140094e+01,2.128993e+01,2.142867e+01,2.137320e+01,2.144946e+01,2.141480e+01,2.144253e+01,2.138707e+01,2.159490e+01,2.144253e+01,2.144946e+01,2.142174e+01,2.143560e+01,2.149104e+01,2.141480e+01,2.149796e+01,2.147718e+01,2.135933e+01,2.149796e+01,2.139400e+01,2.150489e+01,2.151182e+01,2.149796e+01,2.149796e+01,2.146332e+01,2.151875e+01,2.153952e+01,2.156721e+01,2.166409e+01,2.153952e+01,2.160182e+01,2.167100e+01,2.162258e+01,2.154645e+01,2.155337e+01,2.163642e+01,2.162258e+01,2.156721e+01,2.165025e+01,2.162258e+01,2.158106e+01,2.175395e+01,2.168483e+01,2.162950e+01,2.165717e+01,2.162950e+01,2.172631e+01,2.168483e+01,2.169175e+01,2.172631e+01,2.169866e+01,2.171248e+01,2.174704e+01,2.178159e+01,2.173322e+01,2.170557e+01,2.178850e+01,2.170557e+01,2.181612e+01,2.179540e+01,2.178159e+01,2.194035e+01,2.177468e+01,2.182993e+01,2.188516e+01,2.189206e+01,2.192655e+01,2.209886e+01,2.209198e+01,2.199551e+01,2.230525e+01,2.232587e+01,2.245634e+01,2.253866e+01,2.247692e+01,2.289461e+01,2.305165e+01,2.339904e+01,2.339904e+01,2.381978e+01,2.414435e+01,2.415785e+01,2.450828e+01,2.475020e+01,2.513210e+01,2.531919e+01,2.546596e+01,2.581869e+01,2.601120e+01,2.607750e+01,2.647444e+01,2.634890e+01,2.669871e+01,2.692908e+01,2.699481e+01,2.702766e+01,2.694881e+01,2.702766e+01,2.700796e+01,2.680408e+01,2.681725e+01,2.644141e+01,2.634229e+01,2.609738e+01,2.574558e+01,2.546596e+01,2.501165e+01,2.468977e+01,2.401600e+01,2.375881e+01,2.329699e+01,2.277837e+01,2.238082e+01,2.185065e+01,2.191965e+01,2.177468e+01,2.170557e+01,2.169175e+01,2.176777e+01,2.174013e+01,2.177468e+01,2.178159e+01,2.196104e+01,2.186445e+01,2.177468e+01,2.180231e+01,2.182993e+01,2.178159e+01,2.178159e+01,2.186445e+01,2.174013e+01,2.186445e+01,2.169866e+01,2.186445e+01,2.170557e+01,2.186445e+01,2.184374e+01,2.187135e+01,2.182993e+01,2.182993e+01,2.184374e+01,2.192655e+01,2.185755e+01,2.175395e+01,2.194035e+01,2.172631e+01,2.183684e+01,2.195414e+01,2.182303e+01,2.181612e+01,2.175395e+01,2.178159e+01,2.197483e+01,2.179540e+01,2.180922e+01,2.194725e+01,2.191276e+01,2.180922e+01,2.196793e+01,2.193345e+01,2.191276e+01,2.176086e+01,2.154645e+01,2.156029e+01,2.160182e+01,2.156029e+01,2.160874e+01,2.198172e+01,2.180922e+01,2.198862e+01,2.181612e+01,2.187135e+01,2.185065e+01,2.183684e+01,2.191276e+01,2.195414e+01,2.183684e+01,2.185755e+01,2.157414e+01,2.149104e+01,2.151875e+01,2.149796e+01,2.151182e+01,2.143560e+01,2.149104e+01,2.153952e+01,2.141480e+01,2.150489e+01,2.151182e+01,2.138707e+01,2.140094e+01,2.144946e+01,2.129688e+01,2.135933e+01,2.142174e+01,2.122744e+01,2.131076e+01,2.131076e+01,2.179540e+01,2.198862e+01,2.225026e+01,2.234648e+01,2.228463e+01,2.227088e+01,2.225713e+01,2.228463e+01,2.229838e+01,2.225713e+01,2.221587e+01,2.222275e+01,2.204376e+01,2.193345e+01,2.178850e+01,2.148411e+01,2.140094e+01,2.122744e+01,2.091440e+01,2.094226e+01,2.092833e+01,2.092137e+01,2.085168e+01,2.081681e+01,2.079589e+01,2.079589e+01,2.080286e+01,2.080286e+01,2.077496e+01,2.075403e+01,2.072611e+01,2.091440e+01,2.100493e+01,2.100493e+01,2.111625e+01,2.129688e+01,2.131076e+01,2.146332e+01,2.165717e+01,2.155337e+01,2.167100e+01,2.167100e+01,2.169175e+01,2.169866e+01,2.164334e+01,2.168483e+01,2.169866e+01,2.173322e+01,2.159490e+01,2.171940e+01,2.155337e+01,2.167100e+01,2.164334e+01,2.167792e+01,2.170557e+01,2.167792e+01,2.168483e+01,2.174013e+01,2.165717e+01,2.176086e+01,2.174704e+01,2.163642e+01,2.162258e+01,2.180922e+01,2.167792e+01,2.165025e+01,2.163642e+01,2.164334e+01,2.110929e+01,2.112320e+01,2.111625e+01,2.100493e+01,2.113711e+01,2.107452e+01,2.103973e+01,2.124828e+01,2.123439e+01,2.123439e+01,2.111625e+01,2.119966e+01,2.121355e+01,2.115101e+01,2.122050e+01,2.122050e+01,2.120660e+01,2.119271e+01,2.119966e+01,2.127605e+01,2.135239e+01,2.133158e+01,2.160874e+01,2.156721e+01,2.161566e+01,2.155337e+01,2.140094e+01,2.160182e+01,2.158106e+01,2.166409e+01,2.160874e+01,2.167792e+01,2.162258e+01,2.160874e+01,2.167100e+01,2.170557e+01,2.169175e+01,2.169866e+01,2.165025e+01,2.169175e+01,2.182993e+01,2.182303e+01,2.174704e+01,2.165025e+01,2.170557e+01,2.159490e+01,2.170557e+01,2.158798e+01,2.178159e+01,2.180231e+01,2.172631e+01,2.180231e+01,2.178159e+01,2.171248e+01,2.179540e+01,2.173322e+01,2.165717e+01,2.172631e+01,2.163642e+01,2.157414e+01,2.159490e+01,2.155337e+01,2.161566e+01,2.141480e+01,2.144253e+01,2.138707e+01,2.159490e+01,2.135933e+01,2.141480e+01,2.143560e+01,2.139400e+01,2.136626e+01,2.135933e+01,2.137320e+01,2.138707e+01,2.146332e+01,2.196104e+01,2.400924e+01,2.495137e+01,2.536591e+01,2.536591e+01,2.537925e+01,2.535256e+01,2.562583e+01,2.531251e+01,2.529916e+01,2.545262e+01,2.530584e+01,2.543929e+01,2.536591e+01,2.529248e+01,2.553926e+01,2.518559e+01,2.515885e+01,2.505851e+01,2.497147e+01,2.493797e+01,2.481059e+01,2.462259e+01,2.442752e+01,2.440732e+01,2.424557e+01,2.411059e+01,2.378591e+01,2.374526e+01,2.367746e+01,2.349419e+01,2.331740e+01,2.308576e+01,2.296292e+01,2.264146e+01,2.273732e+01,2.248379e+01,2.241516e+01,2.221587e+01,2.211952e+01,2.208509e+01,2.191965e+01,2.184374e+01,2.186445e+01,2.174013e+01,2.174013e+01,2.179540e+01,2.176777e+01,2.160182e+01,2.160874e+01,2.155337e+01,2.138707e+01,2.147025e+01,2.146332e+01,2.137320e+01,2.134545e+01,2.133851e+01,2.126911e+01,2.137320e+01,2.124133e+01,2.131770e+01,2.135933e+01,2.129688e+01,2.122744e+01,2.129688e+01,2.131076e+01,2.122744e+01,2.128299e+01,2.119271e+01,2.116491e+01,2.131770e+01,2.122744e+01,2.130382e+01,2.131770e+01,2.123439e+01,2.122744e+01,2.129688e+01,2.129688e+01,2.119271e+01,2.113711e+01,2.120660e+01,2.128299e+01,2.120660e+01,2.112320e+01,2.112320e+01,2.118576e+01,2.116491e+01,2.109539e+01,2.109539e+01,2.109539e+01,2.109539e+01,2.114406e+01,2.106061e+01,2.103973e+01,2.113711e+01,2.112320e+01,2.114406e+01,2.110234e+01,2.113015e+01,2.115796e+01,2.111625e+01,2.114406e+01,2.104669e+01,2.119966e+01,2.103277e+01,2.108148e+01,2.103973e+01,2.091440e+01,2.104669e+01,2.105365e+01,2.084470e+01,2.106061e+01,2.110234e+01,2.096316e+01,2.108843e+01,2.097709e+01,2.105365e+01,2.094923e+01,2.100493e+01,2.090047e+01,2.105365e+01,2.090047e+01,2.094923e+01,2.094226e+01,2.097709e+01,2.105365e+01,2.095619e+01,2.087259e+01,2.087259e+01,2.085168e+01,2.087956e+01,2.074007e+01,2.066327e+01,2.088653e+01,2.149104e+01,2.172631e+01,2.185065e+01,2.185065e+01,2.197483e+01,2.191276e+01,2.206442e+01,2.207820e+01,2.200241e+01,2.205754e+01,2.198862e+01,2.201619e+01,2.213329e+01,2.205754e+01,2.192655e+01,2.200241e+01,2.196104e+01,2.191965e+01,2.207131e+01,2.197483e+01,2.196793e+01,2.204376e+01,2.205754e+01,2.198862e+01,2.196104e+01,2.212641e+01,2.208509e+01,2.197483e+01,2.217459e+01,2.216771e+01,2.214706e+01,2.205065e+01,2.210575e+01,2.213329e+01,2.194035e+01,2.214017e+01,2.216771e+01,2.215394e+01,2.227088e+01,2.216082e+01,2.201619e+01,2.222275e+01,2.214017e+01,2.207820e+01,2.218835e+01,2.200930e+01,2.207820e+01,2.226401e+01,2.208509e+01,2.227088e+01,2.215394e+01,2.209886e+01,2.211952e+01,2.214706e+01,2.211263e+01,2.216082e+01,2.205065e+01,2.211952e+01,2.207820e+01,2.224338e+01,2.220211e+01,2.209886e+01,2.205065e+01,2.207131e+01,2.211263e+01,2.206442e+01,2.213329e+01,2.200930e+01,2.198862e+01,2.199551e+01,2.195414e+01,2.198862e+01,2.197483e+01,2.174704e+01,2.194725e+01,2.192655e+01,2.181612e+01,2.176086e+01,2.187135e+01,2.173322e+01,2.169175e+01,2.171248e+01,2.166409e+01,2.176086e+01,2.169175e+01,2.172631e+01,2.167100e+01,2.167100e+01,2.174013e+01,2.179540e+01,2.176086e+01,2.178159e+01,2.174704e+01,2.184374e+01,2.185065e+01,2.182993e+01,2.182303e+01,2.174013e+01,2.171940e+01,2.171940e+01,2.176777e+01,2.180231e+01,2.175395e+01
2.161566e+01,2.149796e+01,2.153952e+01,2.151182e+01,2.156721e+01,2.173322e+01,2.167100e+01,2.153260e+01,2.169866e+01,2.164334e+01,2.158798e+01,2.163642e+01,2.158798e+01,2.147025e+01,2.153952e+01,2.154645e+01,2.150489e+01,2.162950e+01,2.157414e+01,2.164334e+01,2.151875e+01,2.158106e+01,2.154645e+01,2.152567e+01,2.148411e+01,2.151875e+01,2.147025e+01,2.149104e+01,2.149104e+01,2.142174e+01,2.144253e+01,2.143560e+01,2.145639e+01,2.145639e+01,2.140094e+01,2.142174e+01,2.150489e+01,2.142174e+01,2.141480e+01,2.150489e+01,2.147025e+01,2.151875e+01,2.138707e+01,2.137320e+01,2.141480e+01,2.129688e+01,2.126911e+01,2.128299e+01,2.135239e+01,2.138013e+01,2.144253e+01,2.136626e+01,2.125522e+01,2.140787e+01,2.135933e+01,2.142174e+01,2.142867e+01,2.141480e+01,2.133851e+01,2.140094e+01,2.120660e+01,2.140094e+01,2.142174e+01,2.149796e+01,2.147025e+01,2.135239e+01,2.144253e+01,2.142174e+01,2.140787e+01,2.144253e+01,2.137320e+01,2.144946e+01,2.129688e+01,2.142867e+01,2.142867e+01,2.133158e+01,2.149104e+01,2.148411e+01,2.134545e+01,2.153260e+01,2.150489e+01,2.151875e+01,2.149796e+01,2.142867e+01,2.151875e+01,2.151182e+01,2.151182e+01,2.157414e+01,2.151875e+01,2.157414e+01,2.157414e+01,2.151875e+01,2.149796e+01,2.149796e+01,2.158798e+01,2.156029e+01,2.159490e+01,2.163642e+01,2.155337e+01,2.154645e+01,2.150489e+01,2.156029e+01,2.167100e+01,2.162950e+01,2.161566e+01,2.163642e+01,2.171940e+01,2.162950e+01,2.161566e+01,2.169866e+01,2.169175e+01,2.160874e+01,2.165717e+01,2.166409e+01,2.172631e+01,2.169175e+01,2.168483e+01,2.176086e+01,2.182303e+01,2.174704e+01,2.178850e+01,2.177468e+01,2.174013e+01,2.190586e+01,2.196104e+01,2.191965e+01,2.194725e+01,2.209886e+01,2.208509e+01,2.211952e+01,2.211263e+01,2.219523e+01,2.231900e+01,2.249751e+01,2.257979e+01,2.270309e+01,2.292877e+01,2.317439e+01,2.363676e+01,2.367068e+01,2.381301e+01,2.410383e+01,2.434669e+01,2.460243e+01,2.505182e+01,2.514547e+01,2.529248e+01,2.570568e+01,2.581869e+01,2.605761e+01,2.640178e+01,2.645462e+01,2.676458e+01,2.674482e+01,2.698167e+01,2.702110e+01,2.701453e+01,2.698824e+01,2.715240e+01,2.713928e+01,2.686989e+01,2.669212e+01,2.665257e+01,2.615701e+01,2.609738e+01,2.599130e+01,2.536591e+01,2.519227e+01,2.462259e+01,2.427929e+01,2.352136e+01,2.311986e+01,2.281257e+01,2.242202e+01,2.192655e+01,2.200241e+01,2.189896e+01,2.182303e+01,2.171940e+01,2.177468e+01,2.175395e+01,2.176086e+01,2.190586e+01,2.177468e+01,2.175395e+01,2.196793e+01,2.179540e+01,2.172631e+01,2.180231e+01,2.174013e+01,2.185065e+01,2.178159e+01,2.184374e+01,2.178159e+01,2.187135e+01,2.185065e+01,2.190586e+01,2.190586e+01,2.186445e+01,2.188516e+01,2.188516e+01,2.185065e+01,2.181612e+01,2.200241e+01,2.174704e+01,2.197483e+01,2.175395e+01,2.196793e+01,2.190586e+01,2.192655e+01,2.192655e+01,2.194035e+01,2.189206e+01,2.194035e+01,2.193345e+01,2.194035e+01,2.191276e+01,2.186445e+01,2.188516e+01,2.184374e+01,2.193345e+01,2.200241e+01,2.187825e+01,2.170557e+01,2.149104e+01,2.149796e+01,2.184374e+01,2.176777e+01,2.194035e+01,2.211952e+01,2.196104e+01,2.194725e+01,2.189896e+01,2.194725e+01,2.200241e+01,2.195414e+01,2.196104e+01,2.191965e+01,2.163642e+01,2.147025e+01,2.146332e+01,2.141480e+01,2.143560e+01,2.149104e+01,2.147718e+01,2.140094e+01,2.152567e+01,2.149104e+01,2.138013e+01,2.124133e+01,2.128993e+01,2.147718e+01,2.128299e+01,2.133851e+01,2.132464e+01,2.127605e+01,2.144946e+01,2.134545e+01,2.156029e+01,2.206442e+01,2.210575e+01,2.222275e+01,2.218147e+01,2.238082e+01,2.216771e+01,2.224338e+01,2.228463e+01,2.223650e+01,2.209198e+01,2.216082e+01,2.211263e+01,2.207131e+01,2.186445e+01,2.169175e+01,2.156721e+01,2.142867e+01,2.103277e+01,2.106061e+01,2.094226e+01,2.090743e+01,2.088653e+01,2.090743e+01,2.084470e+01,2.080984e+01,2.067723e+01,2.073309e+01,2.080286e+01,2.076798e+01,2.071913e+01,2.083076e+01,2.083773e+01,2.092833e+01,2.100493e+01,2.107452e+01,2.102581e+01,2.137320e+01,2.139400e+01,2.154645e+01,2.165025e+01,2.165717e+01,2.165717e+01,2.167100e+01,2.163642e+01,2.167100e+01,2.166409e+01,2.171248e+01,2.161566e+01,2.164334e+01,2.161566e+01,2.157414e+01,2.160874e+01,2.173322e+01,2.164334e+01,2.164334e+01,2.162258e+01,2.164334e+01,2.167100e+01,2.165025e+01,2.165025e+01,2.177468e+01,2.167100e+01,2.177468e+01,2.167792e+01,2.167100e+01,2.159490e+01,2.158106e+01,2.133851e+01,2.117186e+01,2.111625e+01,2.095619e+01,2.115101e+01,2.113015e+01,2.112320e+01,2.104669e+01,2.102581e+01,2.103973e+01,2.125522e+01,2.121355e+01,2.118576e+01,2.125522e+01,2.128993e+01,2.126217e+01,2.117186e+01,2.122050e+01,2.128993e+01,2.131770e+01,2.132464e+01,2.160182e+01,2.155337e+01,2.160182e+01,2.160182e+01,2.152567e+01,2.164334e+01,2.144253e+01,2.143560e+01,2.146332e+01,2.142174e+01,2.159490e+01,2.167100e+01,2.160182e+01,2.162258e+01,2.162258e+01,2.169175e+01,2.167100e+01,2.167100e+01,2.181612e+01,2.157414e+01,2.177468e+01,2.164334e+01,2.163642e+01,2.156721e+01,2.171248e+01,2.174013e+01,2.169175e+01,2.164334e+01,2.160874e+01,2.180231e+01,2.178159e+01,2.176777e+01,2.182993e+01,2.175395e+01,2.179540e+01,2.168483e+01,2.176086e+01,2.163642e+01,2.165025e+01,2.160182e+01,2.156029e+01,2.154645e+01,2.154645e+01,2.150489e+01,2.146332e+01,2.144253e+01,2.147718e+01,2.135933e+01,2.138013e+01,2.145639e+01,2.123439e+01,2.130382e+01,2.133851e+01,2.137320e+01,2.130382e+01,2.133851e+01,2.142174e+01,2.197483e+01,2.347381e+01,2.491787e+01,2.537925e+01,2.558588e+01,2.565911e+01,2.564580e+01,2.554592e+01,2.563914e+01,2.548595e+01,2.561252e+01,2.542595e+01,2.538593e+01,2.538593e+01,2.535924e+01,2.517890e+01,2.513210e+01,2.505851e+01,2.483072e+01,2.493127e+01,2.487095e+01,2.450155e+01,2.468306e+01,2.438711e+01,2.417810e+01,2.400247e+01,2.394161e+01,2.386718e+01,2.369102e+01,2.342623e+01,2.321527e+01,2.311304e+01,2.305165e+01,2.275101e+01,2.274416e+01,2.246320e+01,2.243575e+01,2.227776e+01,2.214017e+01,2.204376e+01,2.198172e+01,2.194725e+01,2.188516e+01,2.189896e+01,2.168483e+01,2.170557e+01,2.168483e+01,2.162950e+01,2.143560e+01,2.162258e+01,2.145639e+01,2.149104e+01,2.149796e+01,2.147025e+01,2.133851e+01,2.129688e+01,2.141480e+01,2.138013e+01,2.140787e+01,2.116491e+01,2.127605e+01,2.135933e+01,2.123439e+01,2.123439e+01,2.137320e+01,2.122050e+01,2.124133e+01,2.127605e+01,2.119271e+01,2.118576e+01,2.131076e+01,2.124828e+01,2.115796e+01,2.129688e+01,2.124133e+01,2.120660e+01,2.121355e+01,2.113711e+01,2.123439e+01,2.119966e+01,2.115101e+01,2.113015e+01,2.120660e+01,2.106756e+01,2.108148e+01,2.106061e+01,2.099101e+01,2.107452e+01,2.103973e+01,2.106061e+01,2.096316e+01,2.101885e+01,2.101189e+01,2.101885e+01,2.109539e+01,2.111625e+01,2.111625e+01,2.110929e+01,2.107452e+01,2.105365e+01,2.118576e+01,2.108843e+01,2.106061e+01,2.106756e+01,2.110929e+01,2.092137e+01,2.094226e+01,2.094226e+01,2.092137e+01,2.097012e+01,2.073309e+01,2.109539e+01,2.110234e+01,2.108843e+01,2.108843e+01,2.098405e+01,2.100493e+01,2.088653e+01,2.102581e+01,2.103277e+01,2.090743e+01,2.101885e+01,2.098405e+01,2.097012e+01,2.097709e+01,2.098405e+01,2.084470e+01,2.087956e+01,2.078193e+01,2.079589e+01,2.079589e+01,2.083773e+01,2.083076e+01,2.145639e+01,2.160182e+01,2.185065e+01,2.187135e+01,2.187135e+01,2.197483e+01,2.197483e+01,2.197483e+01,2.198172e+01,2.207820e+01,2.210575e+01,2.212641e+01,2.203687e+01,2.198862e+01,2.199551e+01,2.196104e+01,2.196104e+01,2.194035e+01,2.208509e+01,2.192655e+01,2.192655e+01,2.203687e+01,2.200241e+01,2.202997e+01,2.202997e+01,2.194035e+01,2.199551e+01,2.187135e+01,2.216771e+01,2.216082e+01,2.210575e+01,2.213329e+01,2.210575e+01,2.208509e+01,2.203687e+01,2.207820e+01,2.213329e+01,2.233274e+01,2.220211e+01,2.217459e+01,2.220899e+01,2.222962e+01,2.218835e+01,2.218147e+01,2.219523e+01,2.202997e+01,2.224338e+01,2.224338e+01,2.222962e+01,2.224338e+01,2.214017e+01,2.212641e+01,2.208509e+01,2.217459e+01,2.215394e+01,2.207131e+01,2.207820e+01,2.221587e+01,2.226401e+01,2.222275e+01,2.212641e+01,2.209886e+01,2.203687e+01,2.203687e+01,2.200930e+01,2.210575e+01,2.204376e+01,2.195414e+01,2.202308e+01,2.200241e+01,2.192655e+01,2.198172e+01,2.194035e+01,2.185065e+01,2.189896e+01,2.191965e+01,2.190586e+01,2.172631e+01,2.178850e+01,2.177468e+01,2.175395e+01,2.170557e+01,2.174013e+01,2.188516e+01,2.171248e+01,2.171940e+01,2.169175e+01,2.174704e+01,2.174013e+01,2.179540e+01,2.168483e+01,2.174013e+01,2.162950e+01,2.176777e+01,2.178850e+01,2.180922e+01,2.182303e+01,2.171248e+01,2.182993e+01,2.173322e+01,2.178159e+01,2.189206e+01,2.171248e+01
2.161566e+01,2.158798e+01,2.161566e+01,2.162950e+01,2.175395e+01,2.155337e+01,2.160182e+01,2.153260e+01,2.166409e+01,2.153952e+01,2.167100e+01,2.171248e+01,2.160874e+01,2.162950e+01,2.153260e+01,2.157414e+01,2.158798e+01,2.154645e+01,2.155337e+01,2.153260e+01,2.149796e+01,2.156721e+01,2.154645e+01,2.156029e+01,2.143560e+01,2.156721e+01,2.140094e+01,2.142174e+01,2.155337e+01,2.159490e+01,2.150489e+01,2.147718e+01,2.142867e+01,2.151182e+01,2.144253e+01,2.142867e+01,2.140787e+01,2.140787e+01,2.134545e+01,2.149104e+01,2.137320e+01,2.133851e+01,2.141480e+01,2.128993e+01,2.125522e+01,2.140094e+01,2.137320e+01,2.130382e+01,2.148411e+01,2.140094e+01,2.137320e+01,2.138013e+01,2.141480e+01,2.141480e+01,2.138707e+01,2.137320e+01,2.141480e+01,2.143560e+01,2.151182e+01,2.140787e+01,2.137320e+01,2.140094e+01,2.138707e+01,2.134545e+01,2.140787e+01,2.141480e+01,2.138707e+01,2.146332e+01,2.148411e+01,2.145639e+01,2.151875e+01,2.147718e+01,2.138013e+01,2.144946e+01,2.138013e+01,2.148411e+01,2.148411e+01,2.138013e+01,2.136626e+01,2.160182e+01,2.158798e+01,2.144946e+01,2.144253e+01,2.151875e+01,2.151182e+01,2.147025e+01,2.157414e+01,2.151182e+01,2.156721e+01,2.156029e+01,2.152567e+01,2.157414e+01,2.168483e+01,2.170557e+01,2.156029e+01,2.158106e+01,2.167100e+01,2.162258e+01,2.148411e+01,2.154645e+01,2.165025e+01,2.155337e+01,2.162258e+01,2.149104e+01,2.162258e+01,2.165717e+01,2.161566e+01,2.162258e+01,2.160182e+01,2.165025e+01,2.154645e+01,2.163642e+01,2.174704e+01,2.177468e+01,2.177468e+01,2.181612e+01,2.169175e+01,2.167792e+01,2.163642e+01,2.184374e+01,2.178850e+01,2.178850e+01,2.174013e+01,2.178159e+01,2.191965e+01,2.178159e+01,2.184374e+01,2.200241e+01,2.205754e+01,2.202997e+01,2.226401e+01,2.227776e+01,2.232587e+01,2.253180e+01,2.269625e+01,2.294243e+01,2.296292e+01,2.347381e+01,2.342623e+01,2.367746e+01,2.401600e+01,2.419835e+01,2.450155e+01,2.496477e+01,2.511872e+01,2.529916e+01,2.566576e+01,2.583862e+01,2.595149e+01,2.638856e+01,2.642820e+01,2.663939e+01,2.683699e+01,2.688963e+01,2.708677e+01,2.700138e+01,2.699481e+01,2.719832e+01,2.712615e+01,2.698824e+01,2.703423e+01,2.671189e+01,2.667894e+01,2.639517e+01,2.604436e+01,2.575887e+01,2.553260e+01,2.521232e+01,2.460243e+01,2.433321e+01,2.382655e+01,2.348740e+01,2.283993e+01,2.256608e+01,2.197483e+01,2.199551e+01,2.189896e+01,2.182303e+01,2.180922e+01,2.186445e+01,2.177468e+01,2.175395e+01,2.180231e+01,2.174013e+01,2.184374e+01,2.184374e+01,2.172631e+01,2.184374e+01,2.177468e+01,2.187825e+01,2.180922e+01,2.176777e+01,2.176086e+01,2.177468e+01,2.180922e+01,2.186445e+01,2.173322e+01,2.183684e+01,2.189206e+01,2.190586e+01,2.188516e+01,2.169175e+01,2.191276e+01,2.193345e+01,2.172631e+01,2.205754e+01,2.194035e+01,2.195414e+01,2.183684e+01,2.193345e+01,2.196104e+01,2.193345e+01,2.196793e+01,2.194035e+01,2.171248e+01,2.193345e+01,2.192655e+01,2.191276e+01,2.190586e+01,2.192655e+01,2.194035e+01,2.193345e+01,2.191276e+01,2.169866e+01,2.149796e+01,2.173322e+01,2.192655e+01,2.191965e+01,2.200241e+01,2.199551e+01,2.200241e+01,2.197483e+01,2.198862e+01,2.182993e+01,2.194725e+01,2.189896e+01,2.193345e+01,2.188516e+01,2.153260e+01,2.149796e+01,2.145639e+01,2.135933e+01,2.158106e+01,2.178159e+01,2.146332e+01,2.146332e+01,2.149796e+01,2.136626e+01,2.158798e+01,2.133158e+01,2.145639e+01,2.140094e+01,2.131076e+01,2.138707e+01,2.128993e+01,2.134545e+01,2.133158e+01,2.142174e+01,2.185755e+01,2.207820e+01,2.205065e+01,2.209198e+01,2.216082e+01,2.212641e+01,2.212641e+01,2.212641e+01,2.198172e+01,2.189206e+01,2.182303e+01,2.206442e+01,2.219523e+01,2.202308e+01,2.174013e+01,2.174704e+01,2.147718e+01,2.132464e+01,2.119966e+01,2.112320e+01,2.107452e+01,2.087956e+01,2.090047e+01,2.090743e+01,2.094923e+01,2.088653e+01,2.081681e+01,2.083773e+01,2.067723e+01,2.070517e+01,2.067025e+01,2.069120e+01,2.085168e+01,2.086562e+01,2.101189e+01,2.122050e+01,2.113711e+01,2.135933e+01,2.143560e+01,2.145639e+01,2.158106e+01,2.154645e+01,2.165717e+01,2.165025e+01,2.163642e+01,2.165717e+01,2.166409e+01,2.170557e+01,2.185065e+01,2.165025e+01,2.159490e+01,2.165025e+01,2.172631e+01,2.158798e+01,2.155337e+01,2.167100e+01,2.167100e+01,2.164334e+01,2.164334e+01,2.165717e+01,2.163642e+01,2.164334e+01,2.167100e+01,2.158798e+01,2.167100e+01,2.160874e+01,2.164334e+01,2.158106e+01,2.138707e+01,2.118576e+01,2.113711e+01,2.117881e+01,2.095619e+01,2.099797e+01,2.098405e+01,2.111625e+01,2.119966e+01,2.106756e+01,2.104669e+01,2.115101e+01,2.115796e+01,2.119271e+01,2.135239e+01,2.134545e+01,2.140094e+01,2.167792e+01,2.160182e+01,2.158798e+01,2.165717e+01,2.157414e+01,2.175395e+01,2.171940e+01,2.160874e+01,2.141480e+01,2.147718e+01,2.151875e+01,2.148411e+01,2.144253e+01,2.165025e+01,2.154645e+01,2.158798e+01,2.159490e+01,2.158798e+01,2.168483e+01,2.166409e+01,2.166409e+01,2.169175e+01,2.181612e+01,2.171940e+01,2.174704e+01,2.169866e+01,2.160182e+01,2.158106e+01,2.169866e+01,2.169175e+01,2.156029e+01,2.182993e+01,2.178159e+01,2.175395e+01,2.174704e+01,2.175395e+01,2.178850e+01,2.183684e+01,2.169175e+01,2.166409e+01,2.169866e+01,2.167100e+01,2.171940e+01,2.165025e+01,2.158106e+01,2.156721e+01,2.156029e+01,2.154645e+01,2.148411e+01,2.150489e+01,2.152567e+01,2.142174e+01,2.135239e+01,2.141480e+01,2.142174e+01,2.124133e+01,2.126217e+01,2.132464e+01,2.149796e+01,2.135239e+01,2.138013e+01,2.161566e+01,2.191276e+01,2.340584e+01,2.496477e+01,2.539260e+01,2.569903e+01,2.572563e+01,2.569903e+01,2.560586e+01,2.574558e+01,2.553260e+01,2.553926e+01,2.547262e+01,2.560586e+01,2.536591e+01,2.535256e+01,2.532586e+01,2.511872e+01,2.495807e+01,2.495137e+01,2.493797e+01,2.476362e+01,2.476362e+01,2.447464e+01,2.445445e+01,2.436690e+01,2.417810e+01,2.388071e+01,2.372492e+01,2.352816e+01,2.335143e+01,2.314713e+01,2.311986e+01,2.287410e+01,2.267571e+01,2.270994e+01,2.268940e+01,2.230525e+01,2.227088e+01,2.218835e+01,2.209886e+01,2.194725e+01,2.184374e+01,2.187825e+01,2.180922e+01,2.176777e+01,2.165025e+01,2.174013e+01,2.159490e+01,2.149796e+01,2.154645e+01,2.150489e+01,2.144253e+01,2.143560e+01,2.132464e+01,2.134545e+01,2.126217e+01,2.138707e+01,2.128993e+01,2.141480e+01,2.122744e+01,2.131770e+01,2.129688e+01,2.130382e+01,2.119966e+01,2.134545e+01,2.119271e+01,2.124828e+01,2.129688e+01,2.130382e+01,2.121355e+01,2.114406e+01,2.130382e+01,2.113711e+01,2.124133e+01,2.130382e+01,2.121355e+01,2.119271e+01,2.117186e+01,2.123439e+01,2.119966e+01,2.104669e+01,2.104669e+01,2.117186e+01,2.107452e+01,2.116491e+01,2.098405e+01,2.096316e+01,2.117881e+01,2.093530e+01,2.115101e+01,2.108843e+01,2.106061e+01,2.110234e+01,2.115101e+01,2.100493e+01,2.097709e+01,2.112320e+01,2.109539e+01,2.103973e+01,2.122050e+01,2.108148e+01,2.103973e+01,2.106061e+01,2.101885e+01,2.101885e+01,2.095619e+01,2.104669e+01,2.097012e+01,2.103277e+01,2.108148e+01,2.106061e+01,2.097709e+01,2.106756e+01,2.108843e+01,2.099101e+01,2.103277e+01,2.087259e+01,2.100493e+01,2.091440e+01,2.100493e+01,2.083773e+01,2.094226e+01,2.095619e+01,2.079589e+01,2.097709e+01,2.079589e+01,2.083773e+01,2.090047e+01,2.077496e+01,2.071913e+01,2.087259e+01,2.083773e+01,2.156029e+01,2.184374e+01,2.185755e+01,2.191965e+01,2.177468e+01,2.216771e+01,2.214017e+01,2.198172e+01,2.199551e+01,2.202997e+01,2.207131e+01,2.207131e+01,2.200930e+01,2.202997e+01,2.202308e+01,2.206442e+01,2.191965e+01,2.210575e+01,2.215394e+01,2.203687e+01,2.204376e+01,2.202997e+01,2.222275e+01,2.218147e+01,2.200241e+01,2.210575e+01,2.208509e+01,2.209198e+01,2.214706e+01,2.213329e+01,2.212641e+01,2.214017e+01,2.210575e+01,2.214017e+01,2.225026e+01,2.224338e+01,2.205065e+01,2.205065e+01,2.214706e+01,2.214017e+01,2.212641e+01,2.208509e+01,2.222275e+01,2.218147e+01,2.216082e+01,2.216771e+01,2.214706e+01,2.218835e+01,2.213329e+01,2.209886e+01,2.223650e+01,2.214706e+01,2.209886e+01,2.205754e+01,2.206442e+01,2.217459e+01,2.218147e+01,2.211263e+01,2.229151e+01,2.215394e+01,2.214706e+01,2.209198e+01,2.200241e+01,2.212641e+01,2.200241e+01,2.205065e+01,2.204376e+01,2.202997e+01,2.205065e+01,2.180922e+01,2.187135e+01,2.185755e+01,2.185755e+01,2.195414e+01,2.187135e+01,2.200241e+01,2.168483e+01,2.185065e+01,2.199551e+01,2.173322e+01,2.174013e+01,2.171940e+01,2.168483e+01,2.168483e+01,2.169175e+01,2.164334e+01,2.171940e+01,2.165717e+01,2.173322e+01,2.168483e+01,2.185065e+01,2.175395e+01,2.157414e+01,2.179540e+01,2.172631e+01,2.180922e+01,2.173322e+01,2.182303e+01,2.179540e+01,2.175395e+01,2.178850e+01,2.174704e+01,2.174013e+01
2.168483e+01,2.146332e+01,2.178159e+01,2.174704e+01,2.151875e+01,2.160874e+01,2.155337e+01,2.160874e+01,2.152567e+01,2.164334e+01,2.156029e+01,2.165025e+01,2.160182e+01,2.154645e+01,2.153260e+01,2.153952e+01,2.161566e+01,2.148411e+01,2.154645e+01,2.160182e+01,2.153952e+01,2.158798e+01,2.158798e+01,2.141480e+01,2.156721e+01,2.167792e+01,2.142174e+01,2.149796e+01,2.142174e+01,2.151875e+01,2.137320e+01,2.139400e+01,2.160182e+01,2.131770e+01,2.117881e+01,2.133158e+01,2.155337e+01,2.135239e+01,2.157414e+01,2.135933e+01,2.131770e+01,2.148411e+01,2.135933e+01,2.130382e+01,2.140094e+01,2.135239e+01,2.130382e+01,2.128993e+01,2.135239e+01,2.133851e+01,2.136626e+01,2.138707e+01,2.133851e+01,2.140787e+01,2.149796e+01,2.119966e+01,2.139400e+01,2.141480e+01,2.142867e+01,2.142867e+01,2.142174e+01,2.138013e+01,2.144946e+01,2.144946e+01,2.136626e+01,2.153260e+01,2.155337e+01,2.136626e+01,2.149104e+01,2.138707e+01,2.149104e+01,2.153260e+01,2.144946e+01,2.149796e+01,2.126217e+01,2.136626e+01,2.151875e+01,2.151182e+01,2.134545e+01,2.134545e+01,2.151182e+01,2.144946e+01,2.153952e+01,2.146332e+01,2.149104e+01,2.144253e+01,2.150489e+01,2.160874e+01,2.153952e+01,2.167792e+01,2.161566e+01,2.153952e+01,2.170557e+01,2.155337e+01,2.161566e+01,2.159490e+01,2.156721e+01,2.163642e+01,2.151182e+01,2.160874e+01,2.160874e+01,2.161566e+01,2.163642e+01,2.167100e+01,2.161566e+01,2.166409e+01,2.167100e+01,2.176777e+01,2.158106e+01,2.168483e+01,2.166409e+01,2.174704e+01,2.169175e+01,2.168483e+01,2.166409e+01,2.169866e+01,2.180922e+01,2.171248e+01,2.173322e+01,2.191276e+01,2.178850e+01,2.184374e+01,2.196104e+01,2.187135e+01,2.172631e+01,2.198862e+01,2.187135e+01,2.197483e+01,2.220211e+01,2.216771e+01,2.227088e+01,2.230525e+01,2.255923e+01,2.263461e+01,2.292194e+01,2.294243e+01,2.309940e+01,2.346022e+01,2.362319e+01,2.376559e+01,2.403627e+01,2.452846e+01,2.460915e+01,2.485084e+01,2.520564e+01,2.529916e+01,2.588511e+01,2.600457e+01,2.629600e+01,2.641499e+01,2.665916e+01,2.681725e+01,2.685015e+01,2.696853e+01,2.696853e+01,2.720488e+01,2.723767e+01,2.719832e+01,2.717208e+01,2.708020e+01,2.690936e+01,2.675800e+01,2.674482e+01,2.643481e+01,2.610401e+01,2.577882e+01,2.575223e+01,2.516553e+01,2.484413e+01,2.437364e+01,2.385364e+01,2.349419e+01,2.298340e+01,2.256608e+01,2.220211e+01,2.196104e+01,2.198172e+01,2.182303e+01,2.171940e+01,2.171940e+01,2.173322e+01,2.175395e+01,2.174704e+01,2.185065e+01,2.180922e+01,2.182303e+01,2.163642e+01,2.176086e+01,2.178850e+01,2.178850e+01,2.178159e+01,2.188516e+01,2.179540e+01,2.182993e+01,2.180231e+01,2.176777e+01,2.189896e+01,2.189206e+01,2.189896e+01,2.185755e+01,2.191965e+01,2.184374e+01,2.182993e+01,2.183684e+01,2.187135e+01,2.183684e+01,2.194035e+01,2.189206e+01,2.195414e+01,2.194725e+01,2.192655e+01,2.190586e+01,2.176777e+01,2.180922e+01,2.162258e+01,2.183684e+01,2.177468e+01,2.176777e+01,2.189896e+01,2.172631e+01,2.190586e+01,2.191965e+01,2.191276e+01,2.189896e+01,2.171248e+01,2.182993e+01,2.194035e+01,2.191965e+01,2.195414e+01,2.196104e+01,2.199551e+01,2.194725e+01,2.188516e+01,2.201619e+01,2.212641e+01,2.197483e+01,2.167100e+01,2.157414e+01,2.153952e+01,2.156029e+01,2.144253e+01,2.169175e+01,2.176777e+01,2.176777e+01,2.168483e+01,2.166409e+01,2.143560e+01,2.136626e+01,2.148411e+01,2.146332e+01,2.135239e+01,2.131770e+01,2.154645e+01,2.131770e+01,2.155337e+01,2.155337e+01,2.161566e+01,2.187135e+01,2.205065e+01,2.205754e+01,2.181612e+01,2.184374e+01,2.172631e+01,2.169866e+01,2.191965e+01,2.173322e+01,2.154645e+01,2.181612e+01,2.177468e+01,2.152567e+01,2.147025e+01,2.151182e+01,2.158106e+01,2.147025e+01,2.141480e+01,2.138013e+01,2.105365e+01,2.112320e+01,2.106061e+01,2.089350e+01,2.102581e+01,2.099797e+01,2.092833e+01,2.085865e+01,2.077496e+01,2.067723e+01,2.071913e+01,2.067723e+01,2.080984e+01,2.086562e+01,2.086562e+01,2.090047e+01,2.094226e+01,2.104669e+01,2.113015e+01,2.117881e+01,2.133851e+01,2.145639e+01,2.161566e+01,2.158798e+01,2.166409e+01,2.165717e+01,2.162950e+01,2.158106e+01,2.165717e+01,2.156721e+01,2.170557e+01,2.172631e+01,2.161566e+01,2.158798e+01,2.165717e+01,2.156721e+01,2.162950e+01,2.162258e+01,2.160182e+01,2.166409e+01,2.166409e+01,2.160874e+01,2.165717e+01,2.167100e+01,2.164334e+01,2.174704e+01,2.166409e+01,2.159490e+01,2.167792e+01,2.154645e+01,2.117186e+01,2.116491e+01,2.094226e+01,2.092137e+01,2.113711e+01,2.097709e+01,2.107452e+01,2.103973e+01,2.105365e+01,2.119966e+01,2.116491e+01,2.119271e+01,2.140094e+01,2.157414e+01,2.158798e+01,2.162950e+01,2.152567e+01,2.164334e+01,2.174013e+01,2.167100e+01,2.161566e+01,2.169175e+01,2.168483e+01,2.158798e+01,2.152567e+01,2.149104e+01,2.142867e+01,2.142867e+01,2.142174e+01,2.141480e+01,2.144946e+01,2.160874e+01,2.146332e+01,2.158798e+01,2.166409e+01,2.167792e+01,2.174704e+01,2.169175e+01,2.180231e+01,2.175395e+01,2.167792e+01,2.171248e+01,2.164334e+01,2.159490e+01,2.167100e+01,2.169866e+01,2.162950e+01,2.169175e+01,2.169866e+01,2.172631e+01,2.166409e+01,2.175395e+01,2.176086e+01,2.180922e+01,2.168483e+01,2.181612e+01,2.176086e+01,2.163642e+01,2.169866e+01,2.158106e+01,2.162950e+01,2.156029e+01,2.154645e+01,2.152567e+01,2.153260e+01,2.156029e+01,2.140787e+01,2.147025e+01,2.151875e+01,2.150489e+01,2.147025e+01,2.135933e+01,2.140094e+01,2.138707e+01,2.136626e+01,2.135239e+01,2.148411e+01,2.140094e+01,2.138013e+01,2.141480e+01,2.189206e+01,2.335823e+01,2.444771e+01,2.521232e+01,2.571233e+01,2.571233e+01,2.570568e+01,2.577882e+01,2.575887e+01,2.557923e+01,2.542595e+01,2.557257e+01,2.555925e+01,2.535256e+01,2.534589e+01,2.507189e+01,2.505182e+01,2.510534e+01,2.488436e+01,2.485754e+01,2.469649e+01,2.477705e+01,2.440732e+01,2.438038e+01,2.413760e+01,2.389425e+01,2.372492e+01,2.369102e+01,2.357569e+01,2.328337e+01,2.320165e+01,2.309940e+01,2.282625e+01,2.270309e+01,2.245634e+01,2.227776e+01,2.221587e+01,2.208509e+01,2.200930e+01,2.208509e+01,2.196793e+01,2.193345e+01,2.180231e+01,2.176086e+01,2.178159e+01,2.171940e+01,2.157414e+01,2.157414e+01,2.143560e+01,2.147025e+01,2.153952e+01,2.137320e+01,2.135239e+01,2.132464e+01,2.124828e+01,2.140787e+01,2.142174e+01,2.128299e+01,2.135933e+01,2.133851e+01,2.129688e+01,2.137320e+01,2.133851e+01,2.133851e+01,2.130382e+01,2.115101e+01,2.131076e+01,2.113711e+01,2.108148e+01,2.113711e+01,2.119271e+01,2.110929e+01,2.124133e+01,2.118576e+01,2.124133e+01,2.118576e+01,2.121355e+01,2.110929e+01,2.125522e+01,2.124133e+01,2.103973e+01,2.122050e+01,2.106756e+01,2.102581e+01,2.102581e+01,2.109539e+01,2.092833e+01,2.101885e+01,2.108843e+01,2.110234e+01,2.110929e+01,2.098405e+01,2.104669e+01,2.108148e+01,2.108148e+01,2.115101e+01,2.109539e+01,2.113015e+01,2.107452e+01,2.104669e+01,2.103277e+01,2.107452e+01,2.100493e+01,2.106756e+01,2.101885e+01,2.108148e+01,2.093530e+01,2.095619e+01,2.085865e+01,2.098405e+01,2.095619e+01,2.109539e+01,2.105365e+01,2.099101e+01,2.092137e+01,2.099797e+01,2.110234e+01,2.096316e+01,2.092833e+01,2.101189e+01,2.092137e+01,2.098405e+01,2.101189e+01,2.080984e+01,2.094226e+01,2.089350e+01,2.087956e+01,2.080286e+01,2.080286e+01,2.100493e+01,2.083773e+01,2.143560e+01,2.159490e+01,2.188516e+01,2.195414e+01,2.191965e+01,2.189896e+01,2.196793e+01,2.201619e+01,2.197483e+01,2.219523e+01,2.203687e+01,2.203687e+01,2.198862e+01,2.202997e+01,2.203687e+01,2.200241e+01,2.212641e+01,2.192655e+01,2.216771e+01,2.194725e+01,2.221587e+01,2.207131e+01,2.219523e+01,2.217459e+01,2.218147e+01,2.197483e+01,2.211952e+01,2.214017e+01,2.205754e+01,2.211952e+01,2.212641e+01,2.210575e+01,2.218147e+01,2.209886e+01,2.220211e+01,2.209198e+01,2.225713e+01,2.219523e+01,2.220211e+01,2.220211e+01,2.219523e+01,2.218147e+01,2.216082e+01,2.218835e+01,2.213329e+01,2.206442e+01,2.216082e+01,2.216771e+01,2.220899e+01,2.223650e+01,2.211952e+01,2.215394e+01,2.208509e+01,2.211263e+01,2.205065e+01,2.208509e+01,2.215394e+01,2.209886e+01,2.197483e+01,2.203687e+01,2.208509e+01,2.196793e+01,2.207131e+01,2.200241e+01,2.211263e+01,2.200930e+01,2.198172e+01,2.202997e+01,2.200930e+01,2.201619e+01,2.182303e+01,2.197483e+01,2.189206e+01,2.191276e+01,2.183684e+01,2.175395e+01,2.175395e+01,2.174704e+01,2.182303e+01,2.187135e+01,2.174704e+01,2.184374e+01,2.169175e+01,2.184374e+01,2.175395e+01,2.172631e+01,2.167100e+01,2.165025e+01,2.163642e+01,2.175395e+01,2.186445e+01,2.172631e+01,2.180231e+01,2.185065e+01,2.178159e+01,2.178850e+01,2.181612e+01,2.175395e+01,2.182993e+01,2.185755e+01,2.174704e+01,2.176777e+01,2.182993e+01
2.167100e+01,2.169866e+01,2.156029e+01,2.167792e+01,2.163642e+01,2.167100e+01,2.157414e+01,2.153260e+01,2.159490e+01,2.148411e+01,2.171940e+01,2.164334e+01,2.162950e+01,2.154645e+01,2.165717e+01,2.153260e+01,2.149104e+01,2.154645e+01,2.191965e+01,2.159490e+01,2.156029e+01,2.149796e+01,2.153952e+01,2.145639e+01,2.142867e+01,2.143560e+01,2.154645e+01,2.149796e+01,2.139400e+01,2.147025e+01,2.160874e+01,2.139400e+01,2.138707e+01,2.140787e+01,2.136626e+01,2.146332e+01,2.146332e+01,2.147025e+01,2.156029e+01,2.138013e+01,2.135239e+01,2.140787e+01,2.139400e+01,2.139400e+01,2.131770e+01,2.135239e+01,2.135239e+01,2.150489e+01,2.140787e+01,2.129688e+01,2.139400e+01,2.142174e+01,2.138707e+01,2.138013e+01,2.140094e+01,2.144253e+01,2.142174e+01,2.144253e+01,2.142174e+01,2.141480e+01,2.142174e+01,2.135239e+01,2.147025e+01,2.137320e+01,2.138707e+01,2.135239e+01,2.142174e+01,2.135239e+01,2.151875e+01,2.135933e+01,2.148411e+01,2.139400e+01,2.152567e+01,2.143560e+01,2.147718e+01,2.148411e+01,2.150489e+01,2.136626e+01,2.147025e+01,2.149104e+01,2.148411e+01,2.151875e+01,2.143560e+01,2.150489e+01,2.160874e+01,2.152567e+01,2.148411e+01,2.153952e+01,2.149796e+01,2.158798e+01,2.167100e+01,2.172631e+01,2.153952e+01,2.138707e+01,2.158106e+01,2.155337e+01,2.156721e+01,2.162950e+01,2.157414e+01,2.160182e+01,2.173322e+01,2.160182e+01,2.167792e+01,2.168483e+01,2.167792e+01,2.174013e+01,2.162258e+01,2.164334e+01,2.163642e+01,2.162950e+01,2.168483e+01,2.166409e+01,2.166409e+01,2.164334e+01,2.176086e+01,2.178850e+01,2.167792e+01,2.167792e+01,2.170557e+01,2.173322e+01,2.180231e+01,2.178850e+01,2.177468e+01,2.185065e+01,2.201619e+01,2.197483e+01,2.195414e+01,2.201619e+01,2.201619e+01,2.208509e+01,2.229151e+01,2.236022e+01,2.257979e+01,2.261406e+01,2.274416e+01,2.298340e+01,2.317439e+01,2.351457e+01,2.371814e+01,2.392132e+01,2.431973e+01,2.438711e+01,2.481059e+01,2.502504e+01,2.521900e+01,2.536591e+01,2.570568e+01,2.600457e+01,2.640178e+01,2.659323e+01,2.665257e+01,2.681725e+01,2.696853e+01,2.706050e+01,2.699481e+01,2.709333e+01,2.717864e+01,2.720488e+01,2.719176e+01,2.696195e+01,2.691593e+01,2.679750e+01,2.682383e+01,2.658663e+01,2.607750e+01,2.595149e+01,2.555925e+01,2.517890e+01,2.496477e+01,2.438038e+01,2.386718e+01,2.336503e+01,2.305165e+01,2.255923e+01,2.230525e+01,2.198172e+01,2.191965e+01,2.180231e+01,2.178850e+01,2.178159e+01,2.170557e+01,2.196104e+01,2.178159e+01,2.174013e+01,2.167792e+01,2.171248e+01,2.182303e+01,2.198172e+01,2.176777e+01,2.176777e+01,2.189896e+01,2.181612e+01,2.180231e+01,2.177468e+01,2.184374e+01,2.191965e+01,2.189896e+01,2.189206e+01,2.189206e+01,2.191965e+01,2.186445e+01,2.187825e+01,2.182993e+01,2.183684e+01,2.191965e+01,2.201619e+01,2.191965e+01,2.184374e+01,2.188516e+01,2.185755e+01,2.187825e+01,2.186445e+01,2.155337e+01,2.133851e+01,2.133851e+01,2.167792e+01,2.166409e+01,2.159490e+01,2.185065e+01,2.186445e+01,2.183684e+01,2.189206e+01,2.183684e+01,2.189896e+01,2.200241e+01,2.196104e+01,2.199551e+01,2.198862e+01,2.207820e+01,2.191965e+01,2.193345e+01,2.196104e+01,2.199551e+01,2.195414e+01,2.197483e+01,2.177468e+01,2.153952e+01,2.160874e+01,2.161566e+01,2.142867e+01,2.158798e+01,2.192655e+01,2.178159e+01,2.191276e+01,2.182993e+01,2.167100e+01,2.148411e+01,2.151182e+01,2.138013e+01,2.135239e+01,2.135933e+01,2.148411e+01,2.154645e+01,2.144253e+01,2.153260e+01,2.156721e+01,2.166409e+01,2.167792e+01,2.162258e+01,2.164334e+01,2.168483e+01,2.154645e+01,2.171248e+01,2.165717e+01,2.169175e+01,2.169175e+01,2.151875e+01,2.151875e+01,2.144946e+01,2.144946e+01,2.144946e+01,2.142867e+01,2.143560e+01,2.142867e+01,2.121355e+01,2.120660e+01,2.110929e+01,2.109539e+01,2.101885e+01,2.102581e+01,2.090743e+01,2.086562e+01,2.099797e+01,2.071913e+01,2.078193e+01,2.064930e+01,2.071215e+01,2.081681e+01,2.076100e+01,2.082378e+01,2.084470e+01,2.086562e+01,2.090743e+01,2.101885e+01,2.120660e+01,2.123439e+01,2.138707e+01,2.150489e+01,2.155337e+01,2.159490e+01,2.163642e+01,2.152567e+01,2.142867e+01,2.160182e+01,2.160182e+01,2.161566e+01,2.165025e+01,2.158798e+01,2.174704e+01,2.161566e+01,2.163642e+01,2.160182e+01,2.160874e+01,2.165717e+01,2.165717e+01,2.153260e+01,2.160182e+01,2.160182e+01,2.163642e+01,2.167100e+01,2.182303e+01,2.173322e+01,2.167792e+01,2.156029e+01,2.157414e+01,2.166409e+01,2.127605e+01,2.113711e+01,2.092137e+01,2.091440e+01,2.109539e+01,2.105365e+01,2.108148e+01,2.140787e+01,2.142174e+01,2.153952e+01,2.168483e+01,2.155337e+01,2.159490e+01,2.157414e+01,2.159490e+01,2.162258e+01,2.178850e+01,2.167792e+01,2.180231e+01,2.173322e+01,2.170557e+01,2.169175e+01,2.152567e+01,2.161566e+01,2.148411e+01,2.143560e+01,2.124828e+01,2.144253e+01,2.142867e+01,2.142867e+01,2.157414e+01,2.149104e+01,2.163642e+01,2.162950e+01,2.161566e+01,2.169866e+01,2.176086e+01,2.168483e+01,2.173322e+01,2.170557e+01,2.170557e+01,2.167792e+01,2.160182e+01,2.160182e+01,2.161566e+01,2.158106e+01,2.176086e+01,2.164334e+01,2.168483e+01,2.171248e+01,2.174704e+01,2.173322e+01,2.171248e+01,2.166409e+01,2.182993e+01,2.171248e+01,2.167100e+01,2.162950e+01,2.168483e+01,2.169175e+01,2.170557e+01,2.164334e+01,2.164334e+01,2.156029e+01,2.158798e+01,2.158106e+01,2.154645e+01,2.158798e+01,2.139400e+01,2.144253e+01,2.133158e+01,2.135933e+01,2.135933e+01,2.134545e+01,2.135933e+01,2.134545e+01,2.134545e+01,2.139400e+01,2.143560e+01,2.149796e+01,2.151875e+01,2.185065e+01,2.281941e+01,2.466962e+01,2.531251e+01,2.563914e+01,2.578546e+01,2.554592e+01,2.564580e+01,2.546596e+01,2.553260e+01,2.553260e+01,2.541261e+01,2.535256e+01,2.553926e+01,2.525909e+01,2.511872e+01,2.504512e+01,2.493127e+01,2.496477e+01,2.494467e+01,2.462259e+01,2.451501e+01,2.438038e+01,2.413760e+01,2.417810e+01,2.390102e+01,2.371136e+01,2.356890e+01,2.333101e+01,2.323571e+01,2.307894e+01,2.281257e+01,2.271679e+01,2.242888e+01,2.241516e+01,2.225713e+01,2.216771e+01,2.216082e+01,2.200930e+01,2.194035e+01,2.196104e+01,2.185065e+01,2.189206e+01,2.186445e+01,2.162258e+01,2.170557e+01,2.144946e+01,2.141480e+01,2.149796e+01,2.138013e+01,2.140094e+01,2.148411e+01,2.152567e+01,2.132464e+01,2.140094e+01,2.135239e+01,2.143560e+01,2.135239e+01,2.135239e+01,2.134545e+01,2.131770e+01,2.128299e+01,2.128993e+01,2.136626e+01,2.118576e+01,2.118576e+01,2.126911e+01,2.117186e+01,2.111625e+01,2.121355e+01,2.112320e+01,2.117881e+01,2.115796e+01,2.115101e+01,2.112320e+01,2.113015e+01,2.119271e+01,2.123439e+01,2.102581e+01,2.108843e+01,2.108843e+01,2.102581e+01,2.105365e+01,2.107452e+01,2.094226e+01,2.094923e+01,2.095619e+01,2.109539e+01,2.104669e+01,2.099797e+01,2.099797e+01,2.098405e+01,2.094923e+01,2.106756e+01,2.097709e+01,2.108843e+01,2.101885e+01,2.123439e+01,2.094923e+01,2.097012e+01,2.094923e+01,2.100493e+01,2.096316e+01,2.099797e+01,2.099797e+01,2.101885e+01,2.096316e+01,2.099101e+01,2.102581e+01,2.088653e+01,2.106061e+01,2.096316e+01,2.098405e+01,2.106756e+01,2.101885e+01,2.080984e+01,2.111625e+01,2.094923e+01,2.099797e+01,2.090047e+01,2.089350e+01,2.089350e+01,2.090743e+01,2.090743e+01,2.085168e+01,2.087259e+01,2.078193e+01,2.085865e+01,2.083773e+01,2.091440e+01,2.117186e+01,2.160182e+01,2.191965e+01,2.203687e+01,2.187825e+01,2.195414e+01,2.195414e+01,2.194725e+01,2.205065e+01,2.202308e+01,2.198862e+01,2.200241e+01,2.202308e+01,2.197483e+01,2.199551e+01,2.197483e+01,2.201619e+01,2.200930e+01,2.211263e+01,2.209198e+01,2.219523e+01,2.203687e+01,2.204376e+01,2.217459e+01,2.220211e+01,2.204376e+01,2.199551e+01,2.200930e+01,2.210575e+01,2.203687e+01,2.212641e+01,2.211952e+01,2.227088e+01,2.221587e+01,2.209198e+01,2.216082e+01,2.209886e+01,2.202308e+01,2.208509e+01,2.220899e+01,2.220211e+01,2.237395e+01,2.220211e+01,2.217459e+01,2.215394e+01,2.220899e+01,2.216771e+01,2.216082e+01,2.215394e+01,2.216771e+01,2.207131e+01,2.213329e+01,2.220899e+01,2.211952e+01,2.218147e+01,2.209886e+01,2.198862e+01,2.209198e+01,2.206442e+01,2.197483e+01,2.203687e+01,2.209886e+01,2.214017e+01,2.198172e+01,2.206442e+01,2.191965e+01,2.202308e+01,2.188516e+01,2.196793e+01,2.187825e+01,2.198862e+01,2.196793e+01,2.190586e+01,2.180231e+01,2.180922e+01,2.182303e+01,2.177468e+01,2.188516e+01,2.181612e+01,2.177468e+01,2.174013e+01,2.178850e+01,2.180231e+01,2.172631e+01,2.186445e+01,2.169866e+01,2.167792e+01,2.181612e+01,2.165717e+01,2.178159e+01,2.172631e+01,2.173322e+01,2.189206e+01,2.178850e+01,2.173322e+01,2.182303e+01,2.178159e+01,2.187135e+01,2.183684e+01,2.185065e+01,2.186445e+01,2.174013e+01,2.192655e+01
2.168483e+01,2.159490e+01,2.147718e+01,2.158106e+01,2.165717e+01,2.160182e+01,2.161566e+01,2.162950e+01,2.160874e+01,2.161566e+01,2.152567e+01,2.158106e+01,2.153260e+01,2.153952e+01,2.153260e+01,2.151875e+01,2.158106e+01,2.152567e+01,2.146332e+01,2.159490e+01,2.149104e+01,2.156721e+01,2.158106e+01,2.165025e+01,2.140094e+01,2.147718e+01,2.146332e+01,2.139400e+01,2.142174e+01,2.130382e+01,2.158798e+01,2.161566e+01,2.141480e+01,2.129688e+01,2.156721e+01,2.128299e+01,2.130382e+01,2.143560e+01,2.124828e+01,2.133851e+01,2.130382e+01,2.138707e+01,2.138013e+01,2.129688e+01,2.131770e+01,2.126217e+01,2.132464e+01,2.131770e+01,2.152567e+01,2.136626e+01,2.135239e+01,2.112320e+01,2.146332e+01,2.136626e+01,2.135239e+01,2.138707e+01,2.147025e+01,2.131076e+01,2.144253e+01,2.139400e+01,2.146332e+01,2.145639e+01,2.134545e+01,2.128993e+01,2.146332e+01,2.140787e+01,2.149796e+01,2.142174e+01,2.144253e+01,2.135933e+01,2.140094e+01,2.138707e+01,2.143560e+01,2.149796e+01,2.150489e+01,2.144946e+01,2.142867e+01,2.147718e+01,2.151875e+01,2.153260e+01,2.151875e+01,2.146332e+01,2.156029e+01,2.147025e+01,2.153260e+01,2.156721e+01,2.152567e+01,2.158798e+01,2.156721e+01,2.157414e+01,2.158106e+01,2.158106e+01,2.157414e+01,2.154645e+01,2.165025e+01,2.170557e+01,2.164334e+01,2.161566e+01,2.162950e+01,2.164334e+01,2.160874e+01,2.162950e+01,2.167100e+01,2.156721e+01,2.175395e+01,2.162258e+01,2.167792e+01,2.166409e+01,2.158106e+01,2.163642e+01,2.162258e+01,2.179540e+01,2.165025e+01,2.164334e+01,2.171248e+01,2.169175e+01,2.167100e+01,2.179540e+01,2.178850e+01,2.174704e+01,2.180231e+01,2.188516e+01,2.184374e+01,2.199551e+01,2.189896e+01,2.195414e+01,2.202308e+01,2.196104e+01,2.224338e+01,2.225026e+01,2.230525e+01,2.242202e+01,2.257294e+01,2.261406e+01,2.292877e+01,2.315395e+01,2.333101e+01,2.364355e+01,2.381978e+01,2.402275e+01,2.407006e+01,2.464275e+01,2.489776e+01,2.525241e+01,2.559254e+01,2.564580e+01,2.596476e+01,2.617025e+01,2.637534e+01,2.647444e+01,2.681725e+01,2.683699e+01,2.709333e+01,2.716552e+01,2.700138e+01,2.719832e+01,2.717208e+01,2.717208e+01,2.717864e+01,2.713928e+01,2.705394e+01,2.671847e+01,2.670530e+01,2.646123e+01,2.610401e+01,2.577882e+01,2.557923e+01,2.505851e+01,2.484413e+01,2.442078e+01,2.397543e+01,2.348060e+01,2.303118e+01,2.254551e+01,2.236709e+01,2.198172e+01,2.180231e+01,2.178159e+01,2.173322e+01,2.171940e+01,2.180922e+01,2.167792e+01,2.169175e+01,2.173322e+01,2.172631e+01,2.169175e+01,2.186445e+01,2.180231e+01,2.171248e+01,2.184374e+01,2.178850e+01,2.182303e+01,2.178850e+01,2.181612e+01,2.181612e+01,2.191965e+01,2.182303e+01,2.191276e+01,2.191276e+01,2.186445e+01,2.191965e+01,2.184374e+01,2.183684e+01,2.164334e+01,2.187135e+01,2.183684e+01,2.193345e+01,2.178850e+01,2.191965e+01,2.185065e+01,2.172631e+01,2.150489e+01,2.131076e+01,2.128993e+01,2.136626e+01,2.139400e+01,2.140787e+01,2.146332e+01,2.151875e+01,2.175395e+01,2.178159e+01,2.189896e+01,2.191965e+01,2.194725e+01,2.194035e+01,2.190586e+01,2.198862e+01,2.196793e+01,2.195414e+01,2.197483e+01,2.199551e+01,2.194725e+01,2.195414e+01,2.191276e+01,2.200930e+01,2.177468e+01,2.174013e+01,2.171248e+01,2.153952e+01,2.156029e+01,2.180922e+01,2.197483e+01,2.201619e+01,2.199551e+01,2.176086e+01,2.166409e+01,2.155337e+01,2.148411e+01,2.152567e+01,2.152567e+01,2.141480e+01,2.158106e+01,2.143560e+01,2.135239e+01,2.158106e+01,2.157414e+01,2.160874e+01,2.169866e+01,2.163642e+01,2.150489e+01,2.153260e+01,2.171248e+01,2.156029e+01,2.153952e+01,2.162258e+01,2.154645e+01,2.153260e+01,2.162258e+01,2.139400e+01,2.144253e+01,2.136626e+01,2.134545e+01,2.131770e+01,2.110929e+01,2.122050e+01,2.123439e+01,2.117881e+01,2.113015e+01,2.111625e+01,2.103277e+01,2.101189e+01,2.098405e+01,2.099101e+01,2.097012e+01,2.076100e+01,2.076798e+01,2.071215e+01,2.076100e+01,2.081681e+01,2.085865e+01,2.082378e+01,2.087259e+01,2.093530e+01,2.101885e+01,2.128299e+01,2.140094e+01,2.139400e+01,2.140787e+01,2.147025e+01,2.161566e+01,2.152567e+01,2.154645e+01,2.160874e+01,2.159490e+01,2.157414e+01,2.167100e+01,2.164334e+01,2.160874e+01,2.165025e+01,2.159490e+01,2.153952e+01,2.156029e+01,2.151875e+01,2.166409e+01,2.167792e+01,2.159490e+01,2.156029e+01,2.155337e+01,2.167792e+01,2.165717e+01,2.165025e+01,2.172631e+01,2.168483e+01,2.169866e+01,2.168483e+01,2.169175e+01,2.154645e+01,2.126911e+01,2.129688e+01,2.134545e+01,2.145639e+01,2.145639e+01,2.135933e+01,2.149796e+01,2.144946e+01,2.157414e+01,2.171248e+01,2.169175e+01,2.170557e+01,2.162258e+01,2.163642e+01,2.165025e+01,2.163642e+01,2.166409e+01,2.171940e+01,2.171940e+01,2.162258e+01,2.173322e+01,2.178850e+01,2.160874e+01,2.144253e+01,2.147718e+01,2.142174e+01,2.149104e+01,2.144946e+01,2.142867e+01,2.164334e+01,2.161566e+01,2.174013e+01,2.167100e+01,2.173322e+01,2.162950e+01,2.171248e+01,2.172631e+01,2.168483e+01,2.176086e+01,2.169175e+01,2.160182e+01,2.156029e+01,2.161566e+01,2.168483e+01,2.166409e+01,2.164334e+01,2.174013e+01,2.168483e+01,2.172631e+01,2.171940e+01,2.174704e+01,2.165025e+01,2.170557e+01,2.162258e+01,2.170557e+01,2.167100e+01,2.178850e+01,2.169866e+01,2.158798e+01,2.157414e+01,2.157414e+01,2.157414e+01,2.152567e+01,2.154645e+01,2.159490e+01,2.159490e+01,2.147025e+01,2.154645e+01,2.140787e+01,2.137320e+01,2.134545e+01,2.146332e+01,2.132464e+01,2.135239e+01,2.133851e+01,2.132464e+01,2.143560e+01,2.124133e+01,2.137320e+01,2.147718e+01,2.172631e+01,2.185065e+01,2.253866e+01,2.409032e+01,2.521232e+01,2.552594e+01,2.564580e+01,2.568572e+01,2.553926e+01,2.547929e+01,2.551927e+01,2.537925e+01,2.546596e+01,2.535256e+01,2.512541e+01,2.510534e+01,2.503173e+01,2.501834e+01,2.490447e+01,2.464947e+01,2.465619e+01,2.464275e+01,2.444771e+01,2.413760e+01,2.388071e+01,2.404303e+01,2.386718e+01,2.351457e+01,2.350099e+01,2.324252e+01,2.320846e+01,2.283309e+01,2.282625e+01,2.263461e+01,2.240142e+01,2.225713e+01,2.214706e+01,2.213329e+01,2.218147e+01,2.198172e+01,2.193345e+01,2.171940e+01,2.180922e+01,2.165717e+01,2.164334e+01,2.162950e+01,2.166409e+01,2.164334e+01,2.146332e+01,2.136626e+01,2.144253e+01,2.144253e+01,2.138013e+01,2.130382e+01,2.151875e+01,2.129688e+01,2.135239e+01,2.134545e+01,2.128993e+01,2.133158e+01,2.128299e+01,2.127605e+01,2.128993e+01,2.133851e+01,2.130382e+01,2.115796e+01,2.115101e+01,2.115101e+01,2.109539e+01,2.120660e+01,2.115796e+01,2.115796e+01,2.097709e+01,2.108843e+01,2.124828e+01,2.129688e+01,2.128299e+01,2.110929e+01,2.105365e+01,2.106756e+01,2.106756e+01,2.103277e+01,2.115101e+01,2.117186e+01,2.099101e+01,2.095619e+01,2.094923e+01,2.095619e+01,2.110234e+01,2.101189e+01,2.101189e+01,2.098405e+01,2.098405e+01,2.105365e+01,2.110234e+01,2.106061e+01,2.103277e+01,2.104669e+01,2.106061e+01,2.108148e+01,2.097012e+01,2.105365e+01,2.091440e+01,2.090743e+01,2.090743e+01,2.099101e+01,2.093530e+01,2.095619e+01,2.093530e+01,2.102581e+01,2.092833e+01,2.106756e+01,2.110929e+01,2.094226e+01,2.091440e+01,2.114406e+01,2.106756e+01,2.095619e+01,2.089350e+01,2.099101e+01,2.087956e+01,2.090047e+01,2.092137e+01,2.094226e+01,2.090047e+01,2.088653e+01,2.071215e+01,2.072611e+01,2.081681e+01,2.073309e+01,2.111625e+01,2.166409e+01,2.183684e+01,2.189896e+01,2.194035e+01,2.191965e+01,2.197483e+01,2.195414e+01,2.194035e+01,2.205754e+01,2.195414e+01,2.202308e+01,2.195414e+01,2.205065e+01,2.201619e+01,2.196104e+01,2.206442e+01,2.198862e+01,2.197483e+01,2.211263e+01,2.207820e+01,2.202308e+01,2.205754e+01,2.217459e+01,2.200241e+01,2.202308e+01,2.211263e+01,2.211952e+01,2.209198e+01,2.210575e+01,2.214017e+01,2.214017e+01,2.207131e+01,2.210575e+01,2.222275e+01,2.201619e+01,2.208509e+01,2.215394e+01,2.209198e+01,2.214706e+01,2.208509e+01,2.220211e+01,2.209198e+01,2.205754e+01,2.223650e+01,2.223650e+01,2.210575e+01,2.205754e+01,2.220211e+01,2.220211e+01,2.206442e+01,2.210575e+01,2.217459e+01,2.209886e+01,2.216771e+01,2.218147e+01,2.219523e+01,2.214017e+01,2.204376e+01,2.211952e+01,2.205754e+01,2.212641e+01,2.203687e+01,2.192655e+01,2.202308e+01,2.191276e+01,2.194725e+01,2.197483e+01,2.200241e+01,2.196793e+01,2.187825e+01,2.186445e+01,2.186445e+01,2.181612e+01,2.183684e+01,2.185755e+01,2.177468e+01,2.174704e+01,2.200930e+01,2.183684e+01,2.185755e+01,2.182993e+01,2.174013e+01,2.176777e+01,2.172631e+01,2.175395e+01,2.163642e+01,2.178159e+01,2.165025e+01,2.166409e+01,2.165717e+01,2.177468e+01,2.174013e+01,2.158106e+01,2.170557e+01,2.182993e+01,2.176777e+01,2.169866e+01,2.187135e+01,2.189896e+01,2.173322e+01,2.182303e+01,2.187825e+01
2.145639e+01,2.173322e+01,2.157414e+01,2.156721e+01,2.156721e+01,2.160182e+01,2.156029e+01,2.161566e+01,2.154645e+01,2.149104e+01,2.155337e+01,2.154645e+01,2.156029e+01,2.153260e+01,2.139400e+01,2.151875e+01,2.155337e+01,2.154645e+01,2.149104e+01,2.149104e+01,2.156029e+01,2.160874e+01,2.153952e+01,2.148411e+01,2.142867e+01,2.144946e+01,2.146332e+01,2.142174e+01,2.152567e+01,2.146332e+01,2.133851e+01,2.130382e+01,2.162258e+01,2.126911e+01,2.151182e+01,2.126217e+01,2.142867e+01,2.153952e+01,2.133851e+01,2.138013e+01,2.147025e+01,2.138013e+01,2.136626e+01,2.128299e+01,2.149104e+01,2.128993e+01,2.131770e+01,2.133851e+01,2.158106e+01,2.134545e+01,2.132464e+01,2.139400e+01,2.128299e+01,2.141480e+01,2.151875e+01,2.140787e+01,2.140787e+01,2.147025e+01,2.144253e+01,2.135933e+01,2.144946e+01,2.144946e+01,2.147718e+01,2.135933e+01,2.144946e+01,2.141480e+01,2.140787e+01,2.138707e+01,2.142867e+01,2.136626e+01,2.154645e+01,2.140094e+01,2.146332e+01,2.142867e+01,2.156029e+01,2.150489e+01,2.147718e+01,2.141480e+01,2.153260e+01,2.145639e+01,2.147718e+01,2.147025e+01,2.146332e+01,2.152567e+01,2.165025e+01,2.144253e+01,2.140787e+01,2.147025e+01,2.159490e+01,2.159490e+01,2.158798e+01,2.162950e+01,2.165717e+01,2.165717e+01,2.160182e+01,2.161566e+01,2.163642e+01,2.162258e+01,2.163642e+01,2.162950e+01,2.168483e+01,2.167792e+01,2.167100e+01,2.169175e+01,2.160874e+01,2.182993e+01,2.171940e+01,2.168483e+01,2.165025e+01,2.165025e+01,2.176777e+01,2.177468e+01,2.175395e+01,2.166409e+01,2.166409e+01,2.173322e+01,2.177468e+01,2.171940e+01,2.178850e+01,2.165025e+01,2.169175e+01,2.185755e+01,2.179540e+01,2.187825e+01,2.191965e+01,2.189206e+01,2.197483e+01,2.214017e+01,2.225713e+01,2.229151e+01,2.233961e+01,2.237395e+01,2.253866e+01,2.281257e+01,2.307894e+01,2.312668e+01,2.355532e+01,2.363676e+01,2.381301e+01,2.422533e+01,2.434669e+01,2.476362e+01,2.507189e+01,2.528580e+01,2.557257e+01,2.563914e+01,2.619012e+01,2.624969e+01,2.659982e+01,2.671189e+01,2.682383e+01,2.685673e+01,2.699481e+01,2.704737e+01,2.723767e+01,2.718520e+01,2.723767e+01,2.723111e+01,2.721799e+01,2.715240e+01,2.713928e+01,2.671847e+01,2.666576e+01,2.648764e+01,2.613051e+01,2.585191e+01,2.563249e+01,2.517890e+01,2.485754e+01,2.447464e+01,2.401600e+01,2.348060e+01,2.302436e+01,2.276469e+01,2.231212e+01,2.220211e+01,2.196793e+01,2.180231e+01,2.186445e+01,2.181612e+01,2.164334e+01,2.169175e+01,2.182993e+01,2.178850e+01,2.168483e+01,2.189206e+01,2.177468e+01,2.186445e+01,2.177468e+01,2.178850e+01,2.169866e+01,2.183684e+01,2.189896e+01,2.186445e+01,2.184374e+01,2.189896e+01,2.187135e+01,2.182993e+01,2.181612e+01,2.179540e+01,2.178850e+01,2.186445e+01,2.185065e+01,2.158798e+01,2.171940e+01,2.138013e+01,2.143560e+01,2.141480e+01,2.129688e+01,2.129688e+01,2.146332e+01,2.129688e+01,2.131076e+01,2.133158e+01,2.132464e+01,2.137320e+01,2.136626e+01,2.156029e+01,2.152567e+01,2.152567e+01,2.153260e+01,2.149796e+01,2.166409e+01,2.188516e+01,2.187825e+01,2.195414e+01,2.188516e+01,2.196104e+01,2.189896e+01,2.207131e+01,2.208509e+01,2.192655e+01,2.194035e+01,2.178850e+01,2.165025e+01,2.174704e+01,2.167792e+01,2.169175e+01,2.171940e+01,2.173322e+01,2.176777e+01,2.206442e+01,2.195414e+01,2.194725e+01,2.194035e+01,2.163642e+01,2.156721e+01,2.153260e+01,2.158798e+01,2.154645e+01,2.137320e+01,2.141480e+01,2.139400e+01,2.158798e+01,2.159490e+01,2.155337e+01,2.158798e+01,2.160874e+01,2.157414e+01,2.167100e+01,2.153260e+01,2.168483e+01,2.160874e+01,2.155337e+01,2.159490e+01,2.149796e+01,2.155337e+01,2.152567e+01,2.131076e+01,2.140094e+01,2.136626e+01,2.119966e+01,2.139400e+01,2.127605e+01,2.126217e+01,2.124828e+01,2.117881e+01,2.115796e+01,2.105365e+01,2.099797e+01,2.096316e+01,2.102581e+01,2.097709e+01,2.088653e+01,2.080984e+01,2.082378e+01,2.076100e+01,2.083773e+01,2.080984e+01,2.082378e+01,2.074705e+01,2.087259e+01,2.093530e+01,2.097012e+01,2.112320e+01,2.108843e+01,2.140094e+01,2.140787e+01,2.129688e+01,2.155337e+01,2.150489e+01,2.160874e+01,2.157414e+01,2.152567e+01,2.158106e+01,2.159490e+01,2.168483e+01,2.157414e+01,2.158798e+01,2.165025e+01,2.164334e+01,2.166409e+01,2.142867e+01,2.169866e+01,2.163642e+01,2.161566e+01,2.159490e+01,2.156721e+01,2.162258e+01,2.163642e+01,2.164334e+01,2.169175e+01,2.155337e+01,2.169175e+01,2.167792e+01,2.158798e+01,2.161566e+01,2.146332e+01,2.144253e+01,2.156721e+01,2.137320e+01,2.147025e+01,2.149104e+01,2.153952e+01,2.166409e+01,2.169866e+01,2.171940e+01,2.165025e+01,2.171940e+01,2.167792e+01,2.165025e+01,2.180231e+01,2.165025e+01,2.176086e+01,2.175395e+01,2.172631e+01,2.171940e+01,2.161566e+01,2.153260e+01,2.150489e+01,2.148411e+01,2.147718e+01,2.145639e+01,2.147718e+01,2.146332e+01,2.143560e+01,2.144253e+01,2.150489e+01,2.157414e+01,2.160182e+01,2.171940e+01,2.165025e+01,2.175395e+01,2.168483e+01,2.151182e+01,2.167792e+01,2.165717e+01,2.171940e+01,2.154645e+01,2.163642e+01,2.158106e+01,2.166409e+01,2.172631e+01,2.167100e+01,2.158106e+01,2.173322e+01,2.169866e+01,2.157414e+01,2.178159e+01,2.171940e+01,2.175395e+01,2.167100e+01,2.153260e+01,2.161566e+01,2.169866e+01,2.158798e+01,2.160874e+01,2.155337e+01,2.168483e+01,2.152567e+01,2.153260e+01,2.159490e+01,2.148411e+01,2.161566e+01,2.153260e+01,2.139400e+01,2.139400e+01,2.135239e+01,2.133158e+01,2.133158e+01,2.127605e+01,2.133851e+01,2.134545e+01,2.138013e+01,2.138707e+01,2.146332e+01,2.147718e+01,2.147718e+01,2.151875e+01,2.185065e+01,2.223650e+01,2.351457e+01,2.460915e+01,2.531251e+01,2.550595e+01,2.556591e+01,2.553926e+01,2.555925e+01,2.550595e+01,2.536591e+01,2.537258e+01,2.545929e+01,2.515216e+01,2.505851e+01,2.509865e+01,2.493797e+01,2.475020e+01,2.463603e+01,2.459571e+01,2.460243e+01,2.442078e+01,2.409708e+01,2.407006e+01,2.388748e+01,2.366390e+01,2.353495e+01,2.335143e+01,2.326295e+01,2.305848e+01,2.281257e+01,2.266201e+01,2.257294e+01,2.242888e+01,2.229838e+01,2.222275e+01,2.199551e+01,2.214017e+01,2.183684e+01,2.180922e+01,2.171940e+01,2.174013e+01,2.167792e+01,2.165025e+01,2.165717e+01,2.167100e+01,2.158106e+01,2.137320e+01,2.154645e+01,2.146332e+01,2.146332e+01,2.129688e+01,2.138707e+01,2.135933e+01,2.129688e+01,2.135933e+01,2.126911e+01,2.128299e+01,2.135239e+01,2.128299e+01,2.135239e+01,2.134545e+01,2.117186e+01,2.133851e+01,2.127605e+01,2.116491e+01,2.106756e+01,2.106756e+01,2.121355e+01,2.117186e+01,2.113015e+01,2.103277e+01,2.111625e+01,2.108148e+01,2.106756e+01,2.108843e+01,2.101189e+01,2.106756e+01,2.102581e+01,2.107452e+01,2.101189e+01,2.097709e+01,2.108843e+01,2.106756e+01,2.103277e+01,2.102581e+01,2.103277e+01,2.106756e+01,2.086562e+01,2.094923e+01,2.103277e+01,2.094923e+01,2.108843e+01,2.107452e+01,2.107452e+01,2.099797e+01,2.092833e+01,2.101189e+01,2.101885e+01,2.094226e+01,2.079589e+01,2.096316e+01,2.106061e+01,2.099101e+01,2.093530e+01,2.098405e+01,2.103973e+01,2.103277e+01,2.099797e+01,2.098405e+01,2.092833e+01,2.092833e+01,2.079589e+01,2.092833e+01,2.099101e+01,2.091440e+01,2.080984e+01,2.083773e+01,2.088653e+01,2.090743e+01,2.088653e+01,2.093530e+01,2.081681e+01,2.078891e+01,2.062135e+01,2.078193e+01,2.101189e+01,2.071913e+01,2.115796e+01,2.162258e+01,2.171248e+01,2.182303e+01,2.190586e+01,2.198862e+01,2.202997e+01,2.198172e+01,2.211263e+01,2.205754e+01,2.196793e+01,2.208509e+01,2.196104e+01,2.205065e+01,2.209198e+01,2.205754e+01,2.207820e+01,2.206442e+01,2.198862e+01,2.197483e+01,2.211952e+01,2.196793e+01,2.199551e+01,2.211952e+01,2.206442e+01,2.217459e+01,2.227776e+01,2.209886e+01,2.227088e+01,2.231900e+01,2.213329e+01,2.211263e+01,2.211952e+01,2.204376e+01,2.216771e+01,2.205065e+01,2.211952e+01,2.216771e+01,2.209198e+01,2.220899e+01,2.207820e+01,2.214706e+01,2.202997e+01,2.213329e+01,2.214017e+01,2.214017e+01,2.209198e+01,2.221587e+01,2.216771e+01,2.211952e+01,2.211952e+01,2.213329e+01,2.204376e+01,2.203687e+01,2.220211e+01,2.216771e+01,2.205065e+01,2.203687e+01,2.212641e+01,2.202997e+01,2.198862e+01,2.198862e+01,2.197483e+01,2.185065e+01,2.197483e+01,2.203687e+01,2.187825e+01,2.189896e+01,2.191276e+01,2.191276e+01,2.196793e+01,2.181612e+01,2.180922e+01,2.182993e+01,2.182303e+01,2.185065e+01,2.190586e+01,2.185755e+01,2.179540e+01,2.178850e+01,2.182303e+01,2.179540e+01,2.176777e+01,2.177468e+01,2.175395e+01,2.184374e+01,2.178850e+01,2.180231e+01,2.173322e+01,2.171940e+01,2.181612e+01,2.171248e+01,2.178850e+01,2.177468e+01,2.176086e+01,2.175395e+01,2.178159e+01,2.173322e+01,2.187135e+01,2.176777e+01,2.189896e+01,2.182993e+01,2.167792e+01
2.172631e+01,2.155337e+01,2.150489e+01,2.162950e+01,2.155337e+01,2.156029e+01,2.161566e+01,2.136626e+01,2.140094e+01,2.153260e+01,2.155337e+01,2.164334e+01,2.154645e+01,2.155337e+01,2.153260e+01,2.176086e+01,2.156721e+01,2.155337e+01,2.149796e+01,2.152567e+01,2.156721e+01,2.149796e+01,2.156721e+01,2.150489e+01,2.144946e+01,2.134545e+01,2.143560e+01,2.148411e+01,2.138013e+01,2.133158e+01,2.131076e+01,2.130382e+01,2.128993e+01,2.142174e+01,2.138707e+01,2.126217e+01,2.124133e+01,2.133851e+01,2.139400e+01,2.128299e+01,2.132464e+01,2.142867e+01,2.140094e+01,2.129688e+01,2.151875e+01,2.128993e+01,2.133158e+01,2.125522e+01,2.127605e+01,2.144946e+01,2.138013e+01,2.147025e+01,2.135933e+01,2.133158e+01,2.121355e+01,2.134545e+01,2.157414e+01,2.140094e+01,2.135933e+01,2.140787e+01,2.138707e+01,2.139400e+01,2.141480e+01,2.138707e+01,2.135239e+01,2.146332e+01,2.149796e+01,2.146332e+01,2.149796e+01,2.135933e+01,2.151875e+01,2.154645e+01,2.148411e+01,2.149796e+01,2.153260e+01,2.151182e+01,2.150489e+01,2.168483e+01,2.159490e+01,2.142867e+01,2.149796e+01,2.148411e+01,2.147025e+01,2.153260e+01,2.155337e+01,2.147718e+01,2.153952e+01,2.162258e+01,2.160874e+01,2.160182e+01,2.161566e+01,2.160182e+01,2.162258e+01,2.152567e+01,2.154645e+01,2.160874e+01,2.163642e+01,2.165717e+01,2.174013e+01,2.162258e+01,2.167100e+01,2.169866e+01,2.155337e+01,2.165717e+01,2.168483e+01,2.158798e+01,2.162258e+01,2.170557e+01,2.167100e+01,2.172631e+01,2.167792e+01,2.178850e+01,2.180231e+01,2.167100e+01,2.182303e+01,2.168483e+01,2.173322e+01,2.175395e+01,2.173322e+01,2.179540e+01,2.174704e+01,2.179540e+01,2.180231e+01,2.187135e+01,2.190586e+01,2.203687e+01,2.201619e+01,2.192655e+01,2.226401e+01,2.232587e+01,2.234648e+01,2.236022e+01,2.268940e+01,2.297657e+01,2.298340e+01,2.314031e+01,2.352136e+01,2.393485e+01,2.402951e+01,2.437364e+01,2.442752e+01,2.478376e+01,2.508527e+01,2.535924e+01,2.559254e+01,2.585855e+01,2.615701e+01,2.628277e+01,2.667894e+01,2.669212e+01,2.690278e+01,2.705394e+01,2.719176e+01,2.724422e+01,2.740144e+01,2.717864e+01,2.727699e+01,2.724422e+01,2.716552e+01,2.687647e+01,2.688963e+01,2.655364e+01,2.650745e+01,2.646783e+01,2.613713e+01,2.584526e+01,2.554592e+01,2.533921e+01,2.484413e+01,2.448810e+01,2.400247e+01,2.348740e+01,2.314031e+01,2.253180e+01,2.236709e+01,2.200241e+01,2.191965e+01,2.186445e+01,2.187135e+01,2.185065e+01,2.167792e+01,2.187135e+01,2.165025e+01,2.171940e+01,2.183684e+01,2.169866e+01,2.175395e+01,2.182993e+01,2.169175e+01,2.177468e+01,2.179540e+01,2.183684e+01,2.187135e+01,2.183684e+01,2.183684e+01,2.187825e+01,2.187135e+01,2.189896e+01,2.178850e+01,2.190586e+01,2.186445e+01,2.185755e+01,2.140787e+01,2.123439e+01,2.119271e+01,2.113711e+01,2.123439e+01,2.126911e+01,2.128299e+01,2.117881e+01,2.128993e+01,2.128299e+01,2.130382e+01,2.131076e+01,2.128993e+01,2.148411e+01,2.146332e+01,2.136626e+01,2.156721e+01,2.158798e+01,2.162950e+01,2.163642e+01,2.175395e+01,2.163642e+01,2.179540e+01,2.189206e+01,2.198172e+01,2.200930e+01,2.205754e+01,2.194725e+01,2.193345e+01,2.189206e+01,2.181612e+01,2.176086e+01,2.151182e+01,2.153952e+01,2.158106e+01,2.173322e+01,2.171940e+01,2.189896e+01,2.187135e+01,2.188516e+01,2.201619e+01,2.196793e+01,2.193345e+01,2.165717e+01,2.163642e+01,2.165025e+01,2.156029e+01,2.158106e+01,2.151182e+01,2.153952e+01,2.151875e+01,2.155337e+01,2.159490e+01,2.148411e+01,2.160182e+01,2.160182e+01,2.163642e+01,2.152567e+01,2.153260e+01,2.145639e+01,2.142174e+01,2.160182e+01,2.166409e+01,2.148411e+01,2.149796e+01,2.149104e+01,2.138013e+01,2.133851e+01,2.133158e+01,2.113711e+01,2.132464e+01,2.127605e+01,2.115101e+01,2.107452e+01,2.116491e+01,2.103973e+01,2.113711e+01,2.101885e+01,2.103277e+01,2.100493e+01,2.101189e+01,2.089350e+01,2.075403e+01,2.080984e+01,2.075403e+01,2.070517e+01,2.073309e+01,2.071215e+01,2.075403e+01,2.096316e+01,2.092137e+01,2.110234e+01,2.107452e+01,2.134545e+01,2.129688e+01,2.142174e+01,2.151182e+01,2.151182e+01,2.168483e+01,2.156721e+01,2.164334e+01,2.150489e+01,2.164334e+01,2.167100e+01,2.172631e+01,2.153952e+01,2.167100e+01,2.167100e+01,2.165025e+01,2.167792e+01,2.164334e+01,2.159490e+01,2.177468e+01,2.161566e+01,2.162258e+01,2.166409e+01,2.163642e+01,2.168483e+01,2.169175e+01,2.152567e+01,2.169175e+01,2.175395e+01,2.147025e+01,2.149796e+01,2.160874e+01,2.169866e+01,2.151182e+01,2.151182e+01,2.156029e+01,2.148411e+01,2.165025e+01,2.158106e+01,2.154645e+01,2.157414e+01,2.172631e+01,2.163642e+01,2.174704e+01,2.172631e+01,2.165025e+01,2.167792e+01,2.168483e+01,2.181612e+01,2.171940e+01,2.171248e+01,2.162950e+01,2.162950e+01,2.144946e+01,2.140787e+01,2.124828e+01,2.149796e+01,2.149796e+01,2.147025e+01,2.146332e+01,2.157414e+01,2.149796e+01,2.151182e+01,2.160182e+01,2.157414e+01,2.167100e+01,2.158798e+01,2.161566e+01,2.162258e+01,2.167100e+01,2.153952e+01,2.162950e+01,2.157414e+01,2.166409e+01,2.163642e+01,2.154645e+01,2.168483e+01,2.165717e+01,2.162950e+01,2.176777e+01,2.178850e+01,2.166409e+01,2.176777e+01,2.154645e+01,2.155337e+01,2.170557e+01,2.156721e+01,2.159490e+01,2.156029e+01,2.161566e+01,2.155337e+01,2.173322e+01,2.165717e+01,2.154645e+01,2.158106e+01,2.153260e+01,2.158106e+01,2.153260e+01,2.167100e+01,2.159490e+01,2.138013e+01,2.137320e+01,2.132464e+01,2.135239e+01,2.150489e+01,2.135239e+01,2.133851e+01,2.131770e+01,2.136626e+01,2.131076e+01,2.138707e+01,2.132464e+01,2.142174e+01,2.144946e+01,2.144253e+01,2.159490e+01,2.188516e+01,2.303801e+01,2.446791e+01,2.534589e+01,2.542595e+01,2.555258e+01,2.559254e+01,2.543262e+01,2.545929e+01,2.545929e+01,2.546596e+01,2.525241e+01,2.506520e+01,2.520564e+01,2.501165e+01,2.499826e+01,2.469649e+01,2.466962e+01,2.448810e+01,2.446118e+01,2.411734e+01,2.409032e+01,2.406330e+01,2.386718e+01,2.358247e+01,2.349419e+01,2.327656e+01,2.301071e+01,2.295609e+01,2.282625e+01,2.265516e+01,2.247692e+01,2.233274e+01,2.211952e+01,2.213329e+01,2.208509e+01,2.202308e+01,2.194725e+01,2.178159e+01,2.167792e+01,2.165025e+01,2.168483e+01,2.163642e+01,2.140787e+01,2.166409e+01,2.144946e+01,2.146332e+01,2.138707e+01,2.131770e+01,2.133851e+01,2.135239e+01,2.138013e+01,2.140787e+01,2.131076e+01,2.146332e+01,2.135933e+01,2.131076e+01,2.130382e+01,2.126911e+01,2.128993e+01,2.134545e+01,2.135239e+01,2.124828e+01,2.110234e+01,2.097709e+01,2.106061e+01,2.108148e+01,2.112320e+01,2.103973e+01,2.108148e+01,2.106756e+01,2.118576e+01,2.120660e+01,2.116491e+01,2.107452e+01,2.099797e+01,2.108148e+01,2.117186e+01,2.099101e+01,2.092137e+01,2.106061e+01,2.111625e+01,2.097709e+01,2.103973e+01,2.097709e+01,2.085168e+01,2.097012e+01,2.075403e+01,2.117186e+01,2.084470e+01,2.098405e+01,2.100493e+01,2.100493e+01,2.092833e+01,2.091440e+01,2.090743e+01,2.101189e+01,2.092137e+01,2.091440e+01,2.098405e+01,2.096316e+01,2.090743e+01,2.092833e+01,2.093530e+01,2.100493e+01,2.097012e+01,2.102581e+01,2.091440e+01,2.097709e+01,2.094923e+01,2.092137e+01,2.091440e+01,2.100493e+01,2.098405e+01,2.094226e+01,2.094923e+01,2.096316e+01,2.085865e+01,2.088653e+01,2.081681e+01,2.088653e+01,2.080286e+01,2.090743e+01,2.079589e+01,2.080984e+01,2.079589e+01,2.094923e+01,2.154645e+01,2.165025e+01,2.167792e+01,2.188516e+01,2.200241e+01,2.195414e+01,2.202308e+01,2.213329e+01,2.222962e+01,2.202997e+01,2.205065e+01,2.201619e+01,2.196793e+01,2.200930e+01,2.199551e+01,2.207820e+01,2.196104e+01,2.209198e+01,2.206442e+01,2.211263e+01,2.209198e+01,2.214017e+01,2.212641e+01,2.209198e+01,2.216771e+01,2.205065e+01,2.205065e+01,2.214017e+01,2.216771e+01,2.213329e+01,2.207820e+01,2.237395e+01,2.207820e+01,2.204376e+01,2.211263e+01,2.218147e+01,2.205065e+01,2.209886e+01,2.212641e+01,2.206442e+01,2.214706e+01,2.210575e+01,2.211263e+01,2.212641e+01,2.205065e+01,2.220899e+01,2.216082e+01,2.211263e+01,2.210575e+01,2.219523e+01,2.215394e+01,2.207131e+01,2.192655e+01,2.199551e+01,2.213329e+01,2.199551e+01,2.218147e+01,2.199551e+01,2.200241e+01,2.189896e+01,2.203687e+01,2.203687e+01,2.189206e+01,2.190586e+01,2.184374e+01,2.184374e+01,2.187825e+01,2.195414e+01,2.187135e+01,2.192655e+01,2.176086e+01,2.187825e+01,2.182993e+01,2.205065e+01,2.183684e+01,2.169866e+01,2.180922e+01,2.199551e+01,2.183684e+01,2.179540e+01,2.172631e+01,2.193345e+01,2.176777e+01,2.165025e+01,2.178159e+01,2.175395e+01,2.169866e+01,2.185755e+01,2.178850e+01,2.182303e+01,2.175395e+01,2.180231e+01,2.178159e+01,2.181612e+01,2.184374e+01,2.198862e+01,2.186445e+01,2.166409e+01,2.188516e+01,2.188516e+01,2.171248e+01,2.194725e+01
2.158798e+01,2.163642e+01,2.154645e+01,2.144253e+01,2.155337e+01,2.153952e+01,2.168483e+01,2.167792e+01,2.167792e+01,2.156029e+01,2.151875e+01,2.153952e+01,2.149104e+01,2.144946e+01,2.153260e+01,2.158106e+01,2.153952e+01,2.152567e+01,2.160874e+01,2.155337e+01,2.149104e+01,2.151875e+01,2.144253e+01,2.122050e+01,2.152567e+01,2.142174e+01,2.149796e+01,2.133158e+01,2.136626e+01,2.145639e+01,2.145639e+01,2.130382e+01,2.130382e+01,2.128299e+01,2.143560e+01,2.141480e+01,2.138707e+01,2.126911e+01,2.143560e+01,2.131076e+01,2.141480e+01,2.141480e+01,2.140094e+01,2.140094e+01,2.140094e+01,2.131076e+01,2.144253e+01,2.167792e+01,2.136626e+01,2.136626e+01,2.142174e+01,2.132464e+01,2.133851e+01,2.131076e+01,2.133158e+01,2.135933e+01,2.136626e+01,2.150489e+01,2.138013e+01,2.133158e+01,2.144253e+01,2.135933e+01,2.139400e+01,2.147025e+01,2.151182e+01,2.139400e+01,2.144946e+01,2.143560e+01,2.123439e+01,2.149796e+01,2.141480e+01,2.136626e+01,2.144946e+01,2.149796e+01,2.149796e+01,2.141480e+01,2.156029e+01,2.156721e+01,2.142174e+01,2.148411e+01,2.149104e+01,2.149104e+01,2.149104e+01,2.155337e+01,2.153952e+01,2.153260e+01,2.151182e+01,2.164334e+01,2.160182e+01,2.155337e+01,2.158106e+01,2.161566e+01,2.160182e+01,2.160182e+01,2.164334e+01,2.156721e+01,2.165717e+01,2.154645e+01,2.171248e+01,2.167100e+01,2.163642e+01,2.173322e+01,2.158798e+01,2.160874e+01,2.162258e+01,2.158106e+01,2.160874e+01,2.169175e+01,2.164334e+01,2.167792e+01,2.158798e+01,2.167792e+01,2.167792e+01,2.167792e+01,2.168483e+01,2.182993e+01,2.171940e+01,2.185755e+01,2.171940e+01,2.188516e+01,2.170557e+01,2.187825e+01,2.195414e+01,2.187825e+01,2.193345e+01,2.190586e+01,2.229838e+01,2.204376e+01,2.232587e+01,2.228463e+01,2.255923e+01,2.257979e+01,2.279206e+01,2.301071e+01,2.312668e+01,2.336503e+01,2.381978e+01,2.396867e+01,2.409032e+01,2.436017e+01,2.466291e+01,2.491787e+01,2.531919e+01,2.543262e+01,2.574558e+01,2.600457e+01,2.628938e+01,2.650084e+01,2.667894e+01,2.686331e+01,2.689620e+01,2.680408e+01,2.718520e+01,2.705394e+01,2.727699e+01,2.725078e+01,2.717208e+01,2.721144e+01,2.721144e+01,2.715896e+01,2.688305e+01,2.685015e+01,2.659323e+01,2.652065e+01,2.604436e+01,2.582533e+01,2.558588e+01,2.521232e+01,2.483742e+01,2.464275e+01,2.417810e+01,2.366390e+01,2.315395e+01,2.283309e+01,2.238082e+01,2.231900e+01,2.185065e+01,2.187135e+01,2.177468e+01,2.179540e+01,2.161566e+01,2.174013e+01,2.179540e+01,2.168483e+01,2.174704e+01,2.168483e+01,2.183684e+01,2.171248e+01,2.170557e+01,2.185065e+01,2.187135e+01,2.187135e+01,2.187135e+01,2.185065e+01,2.185755e+01,2.184374e+01,2.187825e+01,2.188516e+01,2.187135e+01,2.199551e+01,2.184374e+01,2.171940e+01,2.137320e+01,2.106756e+01,2.118576e+01,2.116491e+01,2.120660e+01,2.115101e+01,2.118576e+01,2.126911e+01,2.117881e+01,2.119271e+01,2.128299e+01,2.129688e+01,2.133851e+01,2.146332e+01,2.137320e+01,2.147718e+01,2.160874e+01,2.158106e+01,2.163642e+01,2.163642e+01,2.164334e+01,2.163642e+01,2.162950e+01,2.171248e+01,2.194725e+01,2.195414e+01,2.191276e+01,2.191276e+01,2.199551e+01,2.175395e+01,2.179540e+01,2.154645e+01,2.169175e+01,2.153260e+01,2.159490e+01,2.155337e+01,2.153260e+01,2.192655e+01,2.181612e+01,2.176777e+01,2.194035e+01,2.209198e+01,2.198862e+01,2.188516e+01,2.163642e+01,2.162950e+01,2.160874e+01,2.161566e+01,2.156721e+01,2.156721e+01,2.146332e+01,2.147025e+01,2.147025e+01,2.165717e+01,2.162258e+01,2.163642e+01,2.156029e+01,2.150489e+01,2.151875e+01,2.160182e+01,2.151875e+01,2.155337e+01,2.152567e+01,2.151182e+01,2.145639e+01,2.151182e+01,2.143560e+01,2.128993e+01,2.131076e+01,2.130382e+01,2.113711e+01,2.124828e+01,2.127605e+01,2.119271e+01,2.106756e+01,2.110929e+01,2.121355e+01,2.103973e+01,2.078891e+01,2.092137e+01,2.078891e+01,2.096316e+01,2.080286e+01,2.074705e+01,2.059340e+01,2.073309e+01,2.087956e+01,2.080984e+01,2.091440e+01,2.092833e+01,2.094226e+01,2.090047e+01,2.095619e+01,2.124828e+01,2.126911e+01,2.139400e+01,2.158798e+01,2.140094e+01,2.152567e+01,2.154645e+01,2.153260e+01,2.162258e+01,2.152567e+01,2.166409e+01,2.155337e+01,2.160874e+01,2.165717e+01,2.168483e+01,2.158106e+01,2.160874e+01,2.169175e+01,2.151182e+01,2.166409e+01,2.165717e+01,2.156029e+01,2.161566e+01,2.156029e+01,2.158798e+01,2.167792e+01,2.167100e+01,2.170557e+01,2.169175e+01,2.155337e+01,2.169175e+01,2.165025e+01,2.162258e+01,2.152567e+01,2.165025e+01,2.167792e+01,2.154645e+01,2.153260e+01,2.165717e+01,2.166409e+01,2.162258e+01,2.158798e+01,2.162950e+01,2.170557e+01,2.166409e+01,2.159490e+01,2.170557e+01,2.178850e+01,2.180922e+01,2.176777e+01,2.172631e+01,2.172631e+01,2.169866e+01,2.134545e+01,2.144946e+01,2.142174e+01,2.135239e+01,2.138013e+01,2.149104e+01,2.143560e+01,2.149104e+01,2.153952e+01,2.152567e+01,2.152567e+01,2.160182e+01,2.169175e+01,2.162258e+01,2.167100e+01,2.169866e+01,2.165717e+01,2.162258e+01,2.169175e+01,2.160182e+01,2.153260e+01,2.162950e+01,2.168483e+01,2.152567e+01,2.167100e+01,2.150489e+01,2.149104e+01,2.169866e+01,2.178850e+01,2.156721e+01,2.174704e+01,2.171940e+01,2.171940e+01,2.172631e+01,2.161566e+01,2.155337e+01,2.155337e+01,2.156721e+01,2.154645e+01,2.154645e+01,2.169175e+01,2.147718e+01,2.154645e+01,2.157414e+01,2.158106e+01,2.159490e+01,2.151182e+01,2.140787e+01,2.139400e+01,2.136626e+01,2.134545e+01,2.134545e+01,2.135239e+01,2.140787e+01,2.137320e+01,2.133158e+01,2.119271e+01,2.131770e+01,2.126217e+01,2.123439e+01,2.141480e+01,2.139400e+01,2.142867e+01,2.158106e+01,2.189206e+01,2.283309e+01,2.446118e+01,2.526577e+01,2.559920e+01,2.559920e+01,2.554592e+01,2.547262e+01,2.549262e+01,2.549262e+01,2.515885e+01,2.522569e+01,2.519227e+01,2.495807e+01,2.491787e+01,2.470992e+01,2.468977e+01,2.459571e+01,2.448137e+01,2.416460e+01,2.418485e+01,2.406330e+01,2.383332e+01,2.364355e+01,2.355532e+01,2.322209e+01,2.325614e+01,2.299706e+01,2.293560e+01,2.267571e+01,2.251808e+01,2.239456e+01,2.216771e+01,2.218147e+01,2.216771e+01,2.200241e+01,2.197483e+01,2.180231e+01,2.169866e+01,2.169866e+01,2.165717e+01,2.164334e+01,2.165025e+01,2.144253e+01,2.144946e+01,2.149796e+01,2.151875e+01,2.137320e+01,2.125522e+01,2.132464e+01,2.129688e+01,2.140787e+01,2.132464e+01,2.132464e+01,2.129688e+01,2.133851e+01,2.134545e+01,2.124133e+01,2.122744e+01,2.125522e+01,2.131076e+01,2.129688e+01,2.126911e+01,2.108148e+01,2.090743e+01,2.107452e+01,2.098405e+01,2.108148e+01,2.099101e+01,2.101189e+01,2.112320e+01,2.112320e+01,2.109539e+01,2.108843e+01,2.094226e+01,2.102581e+01,2.105365e+01,2.100493e+01,2.100493e+01,2.107452e+01,2.108148e+01,2.106061e+01,2.104669e+01,2.103277e+01,2.096316e+01,2.096316e+01,2.094226e+01,2.105365e+01,2.097709e+01,2.088653e+01,2.093530e+01,2.103277e+01,2.091440e+01,2.110929e+01,2.093530e+01,2.087956e+01,2.106756e+01,2.089350e+01,2.092137e+01,2.095619e+01,2.083773e+01,2.092833e+01,2.098405e+01,2.097709e+01,2.101885e+01,2.089350e+01,2.090743e+01,2.092137e+01,2.090047e+01,2.101189e+01,2.099797e+01,2.101189e+01,2.089350e+01,2.111625e+01,2.082378e+01,2.084470e+01,2.093530e+01,2.087259e+01,2.082378e+01,2.076798e+01,2.078891e+01,2.078891e+01,2.088653e+01,2.080286e+01,2.091440e+01,2.094226e+01,2.131076e+01,2.169866e+01,2.181612e+01,2.180922e+01,2.181612e+01,2.194035e+01,2.190586e+01,2.197483e+01,2.214706e+01,2.192655e+01,2.208509e+01,2.206442e+01,2.211263e+01,2.197483e+01,2.205754e+01,2.195414e+01,2.194725e+01,2.202997e+01,2.196793e+01,2.199551e+01,2.212641e+01,2.210575e+01,2.204376e+01,2.202308e+01,2.209198e+01,2.222962e+01,2.210575e+01,2.213329e+01,2.214706e+01,2.214706e+01,2.209886e+01,2.221587e+01,2.200930e+01,2.206442e+01,2.220899e+01,2.215394e+01,2.214706e+01,2.208509e+01,2.215394e+01,2.207131e+01,2.209198e+01,2.201619e+01,2.217459e+01,2.213329e+01,2.225026e+01,2.211952e+01,2.208509e+01,2.210575e+01,2.217459e+01,2.207820e+01,2.207131e+01,2.211263e+01,2.205065e+01,2.194725e+01,2.199551e+01,2.196104e+01,2.216771e+01,2.214706e+01,2.198862e+01,2.205065e+01,2.190586e+01,2.207820e+01,2.194035e+01,2.197483e+01,2.185755e+01,2.178850e+01,2.184374e+01,2.191276e+01,2.182303e+01,2.191276e+01,2.167792e+01,2.182993e+01,2.181612e+01,2.169866e+01,2.176086e+01,2.177468e+01,2.181612e+01,2.178159e+01,2.166409e+01,2.167792e+01,2.178159e+01,2.168483e+01,2.182303e+01,2.197483e+01,2.167100e+01,2.177468e+01,2.158798e+01,2.165717e+01,2.176777e+01,2.178159e+01,2.178159e+01,2.180922e+01,2.173322e+01,2.178850e+01,2.160182e+01,2.184374e+01,2.167100e+01,2.185755e+01,2.170557e+01,2.182993e+01,2.166409e+01,2.172631e+01
2.156029e+01,2.165717e+01,2.167100e+01,2.171940e+01,2.149104e+01,2.147025e+01,2.149796e+01,2.156029e+01,2.149796e+01,2.157414e+01,2.153260e+01,2.150489e+01,2.158106e+01,2.153952e+01,2.138707e+01,2.138707e+01,2.152567e+01,2.137320e+01,2.128993e+01,2.138013e+01,2.147718e+01,2.135239e+01,2.151182e+01,2.140787e+01,2.144946e+01,2.138013e+01,2.135239e+01,2.143560e+01,2.142174e+01,2.131076e+01,2.133158e+01,2.133851e+01,2.119271e+01,2.131770e+01,2.146332e+01,2.138013e+01,2.136626e+01,2.133851e+01,2.131076e+01,2.133158e+01,2.128993e+01,2.142867e+01,2.141480e+01,2.141480e+01,2.153260e+01,2.148411e+01,2.140787e+01,2.138707e+01,2.140787e+01,2.131076e+01,2.141480e+01,2.124133e+01,2.128993e+01,2.133851e+01,2.137320e+01,2.138013e+01,2.142867e+01,2.103277e+01,2.136626e+01,2.139400e+01,2.140787e+01,2.139400e+01,2.138013e+01,2.146332e+01,2.156721e+01,2.139400e+01,2.141480e+01,2.145639e+01,2.140094e+01,2.148411e+01,2.137320e+01,2.145639e+01,2.133158e+01,2.129688e+01,2.147718e+01,2.136626e+01,2.150489e+01,2.142867e+01,2.137320e+01,2.142174e+01,2.155337e+01,2.149796e+01,2.157414e+01,2.151875e+01,2.150489e+01,2.152567e+01,2.163642e+01,2.156721e+01,2.152567e+01,2.158798e+01,2.149104e+01,2.160182e+01,2.146332e+01,2.146332e+01,2.163642e+01,2.178159e+01,2.172631e+01,2.167792e+01,2.167100e+01,2.158798e+01,2.150489e+01,2.149796e+01,2.170557e+01,2.171248e+01,2.161566e+01,2.170557e+01,2.165025e+01,2.165717e+01,2.169175e+01,2.165025e+01,2.178850e+01,2.169175e+01,2.171940e+01,2.167792e+01,2.148411e+01,2.167792e+01,2.171248e+01,2.175395e+01,2.184374e+01,2.171248e+01,2.177468e+01,2.174013e+01,2.181612e+01,2.185065e+01,2.197483e+01,2.194035e+01,2.194035e+01,2.205065e+01,2.232587e+01,2.218835e+01,2.260035e+01,2.256608e+01,2.260035e+01,2.296292e+01,2.334462e+01,2.340584e+01,2.363676e+01,2.391455e+01,2.427929e+01,2.457554e+01,2.471663e+01,2.496477e+01,2.514547e+01,2.560586e+01,2.563914e+01,2.614376e+01,2.638856e+01,2.650084e+01,2.669212e+01,2.671189e+01,2.688305e+01,2.686989e+01,2.711303e+01,2.726389e+01,2.727044e+01,2.723111e+01,2.729665e+01,2.726389e+01,2.715240e+01,2.712615e+01,2.709990e+01,2.671847e+01,2.654045e+01,2.637534e+01,2.631584e+01,2.582533e+01,2.569903e+01,2.529916e+01,2.489106e+01,2.454864e+01,2.401600e+01,2.367068e+01,2.329018e+01,2.301071e+01,2.261406e+01,2.220211e+01,2.183684e+01,2.171940e+01,2.182303e+01,2.176086e+01,2.183684e+01,2.174704e+01,2.176086e+01,2.179540e+01,2.180922e+01,2.184374e+01,2.181612e+01,2.182303e+01,2.177468e+01,2.183684e+01,2.182993e+01,2.166409e+01,2.194035e+01,2.187825e+01,2.183684e+01,2.191276e+01,2.186445e+01,2.196793e+01,2.182993e+01,2.173322e+01,2.187825e+01,2.177468e+01,2.138707e+01,2.108843e+01,2.107452e+01,2.111625e+01,2.114406e+01,2.113015e+01,2.123439e+01,2.115101e+01,2.131076e+01,2.126911e+01,2.128299e+01,2.130382e+01,2.140787e+01,2.140787e+01,2.154645e+01,2.133158e+01,2.144946e+01,2.147025e+01,2.156721e+01,2.155337e+01,2.149104e+01,2.156721e+01,2.158798e+01,2.168483e+01,2.179540e+01,2.194035e+01,2.199551e+01,2.199551e+01,2.189206e+01,2.186445e+01,2.167100e+01,2.157414e+01,2.156029e+01,2.157414e+01,2.156721e+01,2.155337e+01,2.174013e+01,2.181612e+01,2.194725e+01,2.199551e+01,2.198172e+01,2.192655e+01,2.184374e+01,2.165717e+01,2.162950e+01,2.174013e+01,2.163642e+01,2.161566e+01,2.158106e+01,2.162258e+01,2.161566e+01,2.155337e+01,2.153260e+01,2.160874e+01,2.161566e+01,2.147718e+01,2.153260e+01,2.147025e+01,2.154645e+01,2.147718e+01,2.153952e+01,2.147025e+01,2.152567e+01,2.147025e+01,2.142867e+01,2.149796e+01,2.132464e+01,2.132464e+01,2.133158e+01,2.124828e+01,2.119966e+01,2.127605e+01,2.123439e+01,2.115101e+01,2.106061e+01,2.120660e+01,2.099797e+01,2.094923e+01,2.119271e+01,2.090743e+01,2.080984e+01,2.071215e+01,2.083076e+01,2.072611e+01,2.076100e+01,2.064930e+01,2.063532e+01,2.065628e+01,2.079589e+01,2.093530e+01,2.094226e+01,2.094226e+01,2.097012e+01,2.133851e+01,2.135239e+01,2.148411e+01,2.141480e+01,2.146332e+01,2.152567e+01,2.154645e+01,2.149796e+01,2.147718e+01,2.158106e+01,2.161566e+01,2.153260e+01,2.155337e+01,2.156029e+01,2.163642e+01,2.164334e+01,2.166409e+01,2.171248e+01,2.163642e+01,2.162258e+01,2.171940e+01,2.165025e+01,2.168483e+01,2.169175e+01,2.155337e+01,2.171248e+01,2.153952e+01,2.155337e+01,2.154645e+01,2.168483e+01,2.158798e+01,2.160874e+01,2.163642e+01,2.154645e+01,2.165025e+01,2.165717e+01,2.160874e+01,2.161566e+01,2.160182e+01,2.158798e+01,2.153952e+01,2.169866e+01,2.169866e+01,2.163642e+01,2.158106e+01,2.168483e+01,2.165025e+01,2.182303e+01,2.162258e+01,2.165717e+01,2.167100e+01,2.167100e+01,2.142867e+01,2.136626e+01,2.119271e+01,2.151182e+01,2.140787e+01,2.148411e+01,2.151182e+01,2.151875e+01,2.155337e+01,2.151182e+01,2.159490e+01,2.154645e+01,2.157414e+01,2.166409e+01,2.166409e+01,2.166409e+01,2.172631e+01,2.161566e+01,2.165025e+01,2.162950e+01,2.155337e+01,2.153952e+01,2.153260e+01,2.151875e+01,2.153260e+01,2.154645e+01,2.169175e+01,2.156029e+01,2.158106e+01,2.172631e+01,2.173322e+01,2.177468e+01,2.166409e+01,2.171940e+01,2.171248e+01,2.158106e+01,2.149104e+01,2.157414e+01,2.163642e+01,2.152567e+01,2.160874e+01,2.152567e+01,2.151182e+01,2.149796e+01,2.155337e+01,2.153260e+01,2.159490e+01,2.157414e+01,2.167100e+01,2.140094e+01,2.146332e+01,2.139400e+01,2.134545e+01,2.137320e+01,2.135933e+01,2.120660e+01,2.136626e+01,2.116491e+01,2.125522e+01,2.138013e+01,2.115796e+01,2.124133e+01,2.148411e+01,2.140787e+01,2.132464e+01,2.132464e+01,2.201619e+01,2.369102e+01,2.500495e+01,2.551927e+01,2.556591e+01,2.558588e+01,2.549928e+01,2.551927e+01,2.531919e+01,2.525241e+01,2.515216e+01,2.501834e+01,2.471663e+01,2.499826e+01,2.495807e+01,2.471663e+01,2.462259e+01,2.450155e+01,2.442752e+01,2.419160e+01,2.408357e+01,2.389425e+01,2.379946e+01,2.352136e+01,2.346701e+01,2.320165e+01,2.294243e+01,2.284676e+01,2.289461e+01,2.259350e+01,2.252494e+01,2.229838e+01,2.236022e+01,2.220899e+01,2.200241e+01,2.187825e+01,2.178159e+01,2.174704e+01,2.174013e+01,2.160182e+01,2.158106e+01,2.165025e+01,2.144946e+01,2.136626e+01,2.149104e+01,2.140094e+01,2.132464e+01,2.138013e+01,2.133851e+01,2.138013e+01,2.126911e+01,2.129688e+01,2.140094e+01,2.140787e+01,2.126911e+01,2.139400e+01,2.131076e+01,2.129688e+01,2.123439e+01,2.125522e+01,2.128299e+01,2.151182e+01,2.106756e+01,2.100493e+01,2.108148e+01,2.103277e+01,2.102581e+01,2.104669e+01,2.095619e+01,2.107452e+01,2.101885e+01,2.105365e+01,2.096316e+01,2.110929e+01,2.104669e+01,2.101189e+01,2.096316e+01,2.096316e+01,2.095619e+01,2.091440e+01,2.113015e+01,2.109539e+01,2.092833e+01,2.098405e+01,2.099101e+01,2.092833e+01,2.094923e+01,2.097012e+01,2.090047e+01,2.096316e+01,2.092137e+01,2.092833e+01,2.092833e+01,2.092833e+01,2.090047e+01,2.090743e+01,2.093530e+01,2.093530e+01,2.099797e+01,2.096316e+01,2.085168e+01,2.085168e+01,2.092137e+01,2.091440e+01,2.099101e+01,2.094923e+01,2.090047e+01,2.092137e+01,2.094226e+01,2.100493e+01,2.127605e+01,2.094923e+01,2.090047e+01,2.097012e+01,2.089350e+01,2.096316e+01,2.089350e+01,2.085168e+01,2.086562e+01,2.080984e+01,2.076100e+01,2.084470e+01,2.083773e+01,2.081681e+01,2.076798e+01,2.090743e+01,2.171940e+01,2.185065e+01,2.184374e+01,2.191276e+01,2.195414e+01,2.204376e+01,2.218147e+01,2.212641e+01,2.196793e+01,2.207820e+01,2.218147e+01,2.202997e+01,2.198172e+01,2.200930e+01,2.212641e+01,2.206442e+01,2.198172e+01,2.206442e+01,2.202308e+01,2.213329e+01,2.213329e+01,2.213329e+01,2.205065e+01,2.202997e+01,2.207131e+01,2.211263e+01,2.211263e+01,2.210575e+01,2.214017e+01,2.218835e+01,2.213329e+01,2.216082e+01,2.220211e+01,2.210575e+01,2.208509e+01,2.216082e+01,2.216082e+01,2.214706e+01,2.202997e+01,2.215394e+01,2.204376e+01,2.227776e+01,2.228463e+01,2.198862e+01,2.202308e+01,2.201619e+01,2.198862e+01,2.209886e+01,2.206442e+01,2.209198e+01,2.198172e+01,2.196793e+01,2.202997e+01,2.202308e+01,2.201619e+01,2.180922e+01,2.197483e+01,2.187825e+01,2.186445e+01,2.191276e+01,2.186445e+01,2.198862e+01,2.191965e+01,2.190586e+01,2.189896e+01,2.188516e+01,2.182993e+01,2.175395e+01,2.165717e+01,2.170557e+01,2.170557e+01,2.180231e+01,2.171248e+01,2.185755e+01,2.180231e+01,2.174013e+01,2.165717e+01,2.167100e+01,2.183684e+01,2.172631e+01,2.174013e+01,2.176086e+01,2.162950e+01,2.186445e+01,2.178850e+01,2.171248e+01,2.181612e+01,2.185065e+01,2.180922e+01,2.178850e+01,2.176777e+01,2.180231e+01,2.164334e+01,2.184374e+01,2.162950e+01,2.187135e+01,2.170557e+01,2.186445e+01,2.167792e+01,2.179540e+01,2.200241e+01
2.151875e+01,2.156029e+01,2.153260e+01,2.155337e+01,2.153952e+01,2.154645e+01,2.151182e+01,2.142174e+01,2.155337e+01,2.146332e+01,2.147025e+01,2.167100e+01,2.153260e+01,2.167100e+01,2.149104e+01,2.156029e+01,2.150489e+01,2.149796e+01,2.144253e+01,2.143560e+01,2.146332e+01,2.126911e+01,2.148411e+01,2.143560e+01,2.144946e+01,2.145639e+01,2.143560e+01,2.140094e+01,2.141480e+01,2.144253e+01,2.140787e+01,2.136626e+01,2.134545e+01,2.138707e+01,2.127605e+01,2.148411e+01,2.136626e+01,2.140787e+01,2.131076e+01,2.130382e+01,2.142867e+01,2.130382e+01,2.135239e+01,2.132464e+01,2.156029e+01,2.148411e+01,2.147025e+01,2.139400e+01,2.151182e+01,2.126911e+01,2.143560e+01,2.147718e+01,2.140787e+01,2.132464e+01,2.135933e+01,2.135933e+01,2.137320e+01,2.142867e+01,2.137320e+01,2.133158e+01,2.137320e+01,2.144946e+01,2.142867e+01,2.142867e+01,2.148411e+01,2.139400e+01,2.147025e+01,2.160874e+01,2.143560e+01,2.139400e+01,2.142867e+01,2.142174e+01,2.155337e+01,2.146332e+01,2.144946e+01,2.147025e+01,2.144253e+01,2.133851e+01,2.152567e+01,2.147718e+01,2.156721e+01,2.141480e+01,2.149104e+01,2.153260e+01,2.154645e+01,2.149796e+01,2.158798e+01,2.156721e+01,2.148411e+01,2.159490e+01,2.150489e+01,2.161566e+01,2.145639e+01,2.156721e+01,2.155337e+01,2.153952e+01,2.170557e+01,2.165025e+01,2.167792e+01,2.161566e+01,2.164334e+01,2.162258e+01,2.176086e+01,2.168483e+01,2.165717e+01,2.170557e+01,2.158798e+01,2.163642e+01,2.168483e+01,2.174013e+01,2.165717e+01,2.164334e+01,2.180231e+01,2.177468e+01,2.173322e+01,2.169866e+01,2.174704e+01,2.174013e+01,2.180231e+01,2.171940e+01,2.175395e+01,2.183684e+01,2.194035e+01,2.185065e+01,2.205065e+01,2.206442e+01,2.208509e+01,2.207820e+01,2.226401e+01,2.248379e+01,2.253180e+01,2.270994e+01,2.300388e+01,2.314713e+01,2.337183e+01,2.362998e+01,2.389425e+01,2.403627e+01,2.426580e+01,2.468977e+01,2.497817e+01,2.509196e+01,2.540594e+01,2.572563e+01,2.598467e+01,2.621660e+01,2.652065e+01,2.655364e+01,2.669871e+01,2.686331e+01,2.694881e+01,2.701453e+01,2.722455e+01,2.723767e+01,2.729665e+01,2.732286e+01,2.738835e+01,2.718520e+01,2.718520e+01,2.712615e+01,2.683699e+01,2.682383e+01,2.658663e+01,2.639517e+01,2.611063e+01,2.577217e+01,2.568572e+01,2.523237e+01,2.485084e+01,2.460915e+01,2.412409e+01,2.366390e+01,2.322209e+01,2.287410e+01,2.263461e+01,2.202308e+01,2.202308e+01,2.176086e+01,2.180231e+01,2.178850e+01,2.179540e+01,2.174013e+01,2.175395e+01,2.181612e+01,2.189896e+01,2.180922e+01,2.181612e+01,2.182993e+01,2.172631e+01,2.181612e+01,2.185065e+01,2.183684e+01,2.184374e+01,2.183684e+01,2.186445e+01,2.183684e+01,2.198862e+01,2.194725e+01,2.185065e+01,2.189206e+01,2.184374e+01,2.175395e+01,2.138707e+01,2.112320e+01,2.129688e+01,2.115101e+01,2.115101e+01,2.138013e+01,2.118576e+01,2.133158e+01,2.128299e+01,2.127605e+01,2.139400e+01,2.139400e+01,2.141480e+01,2.136626e+01,2.134545e+01,2.144946e+01,2.150489e+01,2.158798e+01,2.156029e+01,2.151875e+01,2.151182e+01,2.160182e+01,2.156029e+01,2.158106e+01,2.174704e+01,2.196104e+01,2.198172e+01,2.192655e+01,2.186445e+01,2.183684e+01,2.164334e+01,2.167792e+01,2.156721e+01,2.174704e+01,2.171940e+01,2.178850e+01,2.194035e+01,2.195414e+01,2.204376e+01,2.202997e+01,2.200241e+01,2.203687e+01,2.167100e+01,2.165717e+01,2.160182e+01,2.159490e+01,2.161566e+01,2.152567e+01,2.150489e+01,2.163642e+01,2.160874e+01,2.158106e+01,2.159490e+01,2.161566e+01,2.153260e+01,2.152567e+01,2.154645e+01,2.148411e+01,2.162258e+01,2.165025e+01,2.160874e+01,2.153260e+01,2.156721e+01,2.149104e+01,2.151182e+01,2.136626e+01,2.129688e+01,2.133851e+01,2.139400e+01,2.131770e+01,2.128993e+01,2.121355e+01,2.121355e+01,2.127605e+01,2.118576e+01,2.113015e+01,2.110929e+01,2.091440e+01,2.087956e+01,2.086562e+01,2.091440e+01,2.078193e+01,2.087956e+01,2.079589e+01,2.072611e+01,2.078193e+01,2.072611e+01,2.068422e+01,2.069120e+01,2.085168e+01,2.092833e+01,2.088653e+01,2.090743e+01,2.113711e+01,2.138707e+01,2.138707e+01,2.147025e+01,2.149796e+01,2.153952e+01,2.156721e+01,2.158106e+01,2.152567e+01,2.154645e+01,2.155337e+01,2.158106e+01,2.159490e+01,2.154645e+01,2.167100e+01,2.158106e+01,2.163642e+01,2.155337e+01,2.156721e+01,2.165025e+01,2.157414e+01,2.162258e+01,2.159490e+01,2.162950e+01,2.171940e+01,2.173322e+01,2.153952e+01,2.170557e+01,2.169866e+01,2.171940e+01,2.169866e+01,2.173322e+01,2.169175e+01,2.172631e+01,2.165025e+01,2.161566e+01,2.152567e+01,2.165025e+01,2.158798e+01,2.162950e+01,2.163642e+01,2.161566e+01,2.168483e+01,2.169175e+01,2.167792e+01,2.167792e+01,2.177468e+01,2.176777e+01,2.161566e+01,2.178850e+01,2.165025e+01,2.162258e+01,2.120660e+01,2.144253e+01,2.144946e+01,2.149104e+01,2.147718e+01,2.154645e+01,2.149104e+01,2.153952e+01,2.155337e+01,2.149104e+01,2.153260e+01,2.164334e+01,2.162258e+01,2.165025e+01,2.152567e+01,2.156029e+01,2.167792e+01,2.160182e+01,2.164334e+01,2.162950e+01,2.160874e+01,2.153952e+01,2.162258e+01,2.156029e+01,2.151875e+01,2.154645e+01,2.182993e+01,2.158106e+01,2.160874e+01,2.169175e+01,2.168483e+01,2.160182e+01,2.162950e+01,2.162950e+01,2.166409e+01,2.156721e+01,2.166409e+01,2.157414e+01,2.156029e+01,2.159490e+01,2.161566e+01,2.151182e+01,2.147025e+01,2.144253e+01,2.154645e+01,2.137320e+01,2.159490e+01,2.150489e+01,2.148411e+01,2.149796e+01,2.139400e+01,2.141480e+01,2.138013e+01,2.126217e+01,2.133158e+01,2.129688e+01,2.122050e+01,2.121355e+01,2.115101e+01,2.134545e+01,2.128299e+01,2.126911e+01,2.127605e+01,2.123439e+01,2.123439e+01,2.151875e+01,2.176777e+01,2.338544e+01,2.515216e+01,2.529248e+01,2.559254e+01,2.550595e+01,2.557257e+01,2.553260e+01,2.539927e+01,2.526577e+01,2.526577e+01,2.523905e+01,2.503173e+01,2.511203e+01,2.470321e+01,2.489776e+01,2.468977e+01,2.471663e+01,2.443425e+01,2.415110e+01,2.411734e+01,2.409708e+01,2.378591e+01,2.352136e+01,2.351457e+01,2.341944e+01,2.317439e+01,2.293560e+01,2.291510e+01,2.265516e+01,2.242202e+01,2.253180e+01,2.231900e+01,2.202997e+01,2.211952e+01,2.192655e+01,2.176777e+01,2.180231e+01,2.171940e+01,2.167792e+01,2.159490e+01,2.160874e+01,2.151182e+01,2.155337e+01,2.130382e+01,2.149796e+01,2.141480e+01,2.137320e+01,2.137320e+01,2.138013e+01,2.131076e+01,2.138013e+01,2.128299e+01,2.125522e+01,2.140094e+01,2.128299e+01,2.133851e+01,2.125522e+01,2.130382e+01,2.133851e+01,2.122744e+01,2.133158e+01,2.127605e+01,2.126217e+01,2.102581e+01,2.101885e+01,2.097012e+01,2.101189e+01,2.094226e+01,2.092833e+01,2.090047e+01,2.101885e+01,2.108148e+01,2.093530e+01,2.103277e+01,2.113015e+01,2.099797e+01,2.101885e+01,2.089350e+01,2.102581e+01,2.092137e+01,2.117186e+01,2.098405e+01,2.100493e+01,2.092833e+01,2.095619e+01,2.113711e+01,2.097012e+01,2.096316e+01,2.103277e+01,2.089350e+01,2.101885e+01,2.087956e+01,2.099797e+01,2.085865e+01,2.090047e+01,2.092833e+01,2.094923e+01,2.083773e+01,2.099101e+01,2.092833e+01,2.090743e+01,2.083773e+01,2.087956e+01,2.089350e+01,2.087956e+01,2.087956e+01,2.108148e+01,2.087259e+01,2.089350e+01,2.086562e+01,2.090743e+01,2.091440e+01,2.089350e+01,2.090047e+01,2.087259e+01,2.085865e+01,2.080286e+01,2.076100e+01,2.075403e+01,2.072611e+01,2.071215e+01,2.072611e+01,2.074705e+01,2.071215e+01,2.090047e+01,2.142867e+01,2.183684e+01,2.187825e+01,2.189896e+01,2.186445e+01,2.200930e+01,2.216082e+01,2.206442e+01,2.199551e+01,2.202308e+01,2.206442e+01,2.197483e+01,2.205065e+01,2.198862e+01,2.197483e+01,2.209198e+01,2.204376e+01,2.198172e+01,2.210575e+01,2.185065e+01,2.209886e+01,2.211952e+01,2.205065e+01,2.207131e+01,2.197483e+01,2.199551e+01,2.211263e+01,2.213329e+01,2.218835e+01,2.212641e+01,2.224338e+01,2.211952e+01,2.201619e+01,2.218835e+01,2.205065e+01,2.198172e+01,2.206442e+01,2.214706e+01,2.212641e+01,2.210575e+01,2.214017e+01,2.202997e+01,2.198862e+01,2.206442e+01,2.211263e+01,2.222275e+01,2.202308e+01,2.200241e+01,2.198172e+01,2.208509e+01,2.202997e+01,2.211952e+01,2.206442e+01,2.194035e+01,2.203687e+01,2.191965e+01,2.198862e+01,2.197483e+01,2.198172e+01,2.190586e+01,2.193345e+01,2.200930e+01,2.178159e+01,2.176777e+01,2.179540e+01,2.188516e+01,2.187135e+01,2.171248e+01,2.185755e+01,2.172631e+01,2.175395e+01,2.174013e+01,2.185755e+01,2.179540e+01,2.178159e+01,2.171248e+01,2.167100e+01,2.176777e+01,2.175395e+01,2.173322e+01,2.173322e+01,2.176086e+01,2.197483e+01,2.171248e+01,2.182303e+01,2.175395e+01,2.177468e+01,2.184374e+01,2.176777e+01,2.182303e+01,2.178159e+01,2.184374e+01,2.163642e+01,2.179540e+01,2.177468e+01,2.183684e+01,2.182993e+01,2.180922e+01,2.185755e+01,2.174704e+01,2.170557e+01
2.155337e+01,2.158798e+01,2.151875e+01,2.147718e+01,2.141480e+01,2.158106e+01,2.150489e+01,2.147718e+01,2.144253e+01,2.151875e+01,2.154645e+01,2.150489e+01,2.152567e+01,2.148411e+01,2.160874e+01,2.144946e+01,2.144253e+01,2.147718e+01,2.136626e+01,2.144253e+01,2.145639e+01,2.154645e+01,2.126911e+01,2.115101e+01,2.139400e+01,2.141480e+01,2.144253e+01,2.142867e+01,2.140094e+01,2.136626e+01,2.136626e+01,2.128993e+01,2.117186e+01,2.134545e+01,2.139400e+01,2.144253e+01,2.144946e+01,2.138013e+01,2.132464e+01,2.133851e+01,2.131770e+01,2.136626e+01,2.142174e+01,2.131076e+01,2.135933e+01,2.135239e+01,2.149104e+01,2.136626e+01,2.142867e+01,2.132464e+01,2.140094e+01,2.139400e+01,2.142867e+01,2.137320e+01,2.138707e+01,2.143560e+01,2.143560e+01,2.147025e+01,2.144946e+01,2.134545e+01,2.144946e+01,2.144253e+01,2.143560e+01,2.126217e+01,2.140787e+01,2.142174e+01,2.153260e+01,2.140787e+01,2.151875e+01,2.143560e+01,2.151875e+01,2.155337e+01,2.151875e+01,2.143560e+01,2.138707e+01,2.145639e+01,2.152567e+01,2.130382e+01,2.140787e+01,2.139400e+01,2.158106e+01,2.157414e+01,2.152567e+01,2.147718e+01,2.155337e+01,2.149104e+01,2.138707e+01,2.135239e+01,2.164334e+01,2.158798e+01,2.159490e+01,2.144253e+01,2.153952e+01,2.155337e+01,2.153260e+01,2.155337e+01,2.156721e+01,2.160874e+01,2.168483e+01,2.166409e+01,2.168483e+01,2.154645e+01,2.156721e+01,2.169175e+01,2.164334e+01,2.156721e+01,2.160874e+01,2.176086e+01,2.173322e+01,2.164334e+01,2.170557e+01,2.163642e+01,2.171248e+01,2.167100e+01,2.176777e+01,2.162950e+01,2.167100e+01,2.180922e+01,2.182303e+01,2.182303e+01,2.189896e+01,2.187825e+01,2.187135e+01,2.195414e+01,2.198172e+01,2.205065e+01,2.218835e+01,2.220211e+01,2.229838e+01,2.239456e+01,2.252494e+01,2.265516e+01,2.304483e+01,2.315395e+01,2.336503e+01,2.357569e+01,2.393485e+01,2.421184e+01,2.435343e+01,2.471663e+01,2.499826e+01,2.537925e+01,2.551927e+01,2.589839e+01,2.595813e+01,2.626292e+01,2.651405e+01,2.660642e+01,2.672506e+01,2.687647e+01,2.684357e+01,2.715896e+01,2.719832e+01,2.718520e+01,2.726389e+01,2.726389e+01,2.727044e+01,2.726389e+01,2.721799e+01,2.698824e+01,2.694223e+01,2.683041e+01,2.681725e+01,2.648104e+01,2.605099e+01,2.604436e+01,2.561917e+01,2.525241e+01,2.501834e+01,2.462259e+01,2.418485e+01,2.362998e+01,2.338544e+01,2.293560e+01,2.242202e+01,2.212641e+01,2.205065e+01,2.187825e+01,2.185065e+01,2.174704e+01,2.171248e+01,2.172631e+01,2.178159e+01,2.180922e+01,2.173322e+01,2.181612e+01,2.185065e+01,2.182303e+01,2.179540e+01,2.185065e+01,2.171940e+01,2.182993e+01,2.177468e+01,2.182303e+01,2.178159e+01,2.191276e+01,2.194725e+01,2.178850e+01,2.184374e+01,2.181612e+01,2.182993e+01,2.178850e+01,2.152567e+01,2.143560e+01,2.118576e+01,2.124133e+01,2.110234e+01,2.125522e+01,2.123439e+01,2.128993e+01,2.131076e+01,2.133158e+01,2.124828e+01,2.138013e+01,2.141480e+01,2.142867e+01,2.156029e+01,2.136626e+01,2.146332e+01,2.158798e+01,2.150489e+01,2.146332e+01,2.159490e+01,2.159490e+01,2.162950e+01,2.156721e+01,2.168483e+01,2.187135e+01,2.196104e+01,2.189206e+01,2.185065e+01,2.167100e+01,2.162258e+01,2.172631e+01,2.157414e+01,2.169175e+01,2.202997e+01,2.192655e+01,2.196104e+01,2.202308e+01,2.207820e+01,2.213329e+01,2.200930e+01,2.181612e+01,2.142867e+01,2.167792e+01,2.175395e+01,2.164334e+01,2.158798e+01,2.156029e+01,2.158798e+01,2.160874e+01,2.160874e+01,2.163642e+01,2.165025e+01,2.161566e+01,2.166409e+01,2.163642e+01,2.165717e+01,2.167100e+01,2.171248e+01,2.163642e+01,2.156029e+01,2.156721e+01,2.153260e+01,2.158798e+01,2.139400e+01,2.158106e+01,2.147025e+01,2.130382e+01,2.128993e+01,2.123439e+01,2.126217e+01,2.127605e+01,2.126911e+01,2.117186e+01,2.118576e+01,2.114406e+01,2.097012e+01,2.083076e+01,2.086562e+01,2.087259e+01,2.076100e+01,2.076798e+01,2.082378e+01,2.073309e+01,2.071913e+01,2.057942e+01,2.069818e+01,2.062135e+01,2.089350e+01,2.092137e+01,2.091440e+01,2.091440e+01,2.103277e+01,2.117881e+01,2.115796e+01,2.151875e+01,2.144253e+01,2.152567e+01,2.142174e+01,2.151875e+01,2.149796e+01,2.158106e+01,2.149796e+01,2.154645e+01,2.153260e+01,2.154645e+01,2.156721e+01,2.150489e+01,2.147025e+01,2.160182e+01,2.150489e+01,2.175395e+01,2.153952e+01,2.159490e+01,2.169175e+01,2.173322e+01,2.155337e+01,2.173322e+01,2.155337e+01,2.160182e+01,2.154645e+01,2.171248e+01,2.170557e+01,2.170557e+01,2.171940e+01,2.156721e+01,2.176777e+01,2.163642e+01,2.165717e+01,2.173322e+01,2.163642e+01,2.164334e+01,2.160874e+01,2.159490e+01,2.163642e+01,2.156721e+01,2.167792e+01,2.158106e+01,2.170557e+01,2.169866e+01,2.177468e+01,2.161566e+01,2.178159e+01,2.147025e+01,2.145639e+01,2.124133e+01,2.121355e+01,2.138707e+01,2.152567e+01,2.149104e+01,2.143560e+01,2.156029e+01,2.143560e+01,2.155337e+01,2.146332e+01,2.163642e+01,2.162950e+01,2.145639e+01,2.165025e+01,2.163642e+01,2.155337e+01,2.151182e+01,2.163642e+01,2.167792e+01,2.159490e+01,2.162258e+01,2.147025e+01,2.157414e+01,2.154645e+01,2.149104e+01,2.156029e+01,2.155337e+01,2.153952e+01,2.152567e+01,2.164334e+01,2.158798e+01,2.160182e+01,2.162950e+01,2.166409e+01,2.158106e+01,2.147025e+01,2.162258e+01,2.160874e+01,2.163642e+01,2.153952e+01,2.156721e+01,2.146332e+01,2.140787e+01,2.155337e+01,2.136626e+01,2.150489e+01,2.157414e+01,2.141480e+01,2.138707e+01,2.140787e+01,2.142174e+01,2.139400e+01,2.138013e+01,2.149104e+01,2.118576e+01,2.135239e+01,2.119271e+01,2.122744e+01,2.115796e+01,2.119966e+01,2.117881e+01,2.121355e+01,2.124133e+01,2.127605e+01,2.146332e+01,2.154645e+01,2.229151e+01,2.423208e+01,2.511203e+01,2.537258e+01,2.557257e+01,2.555925e+01,2.559254e+01,2.555258e+01,2.543929e+01,2.529916e+01,2.529248e+01,2.518559e+01,2.517222e+01,2.511203e+01,2.490447e+01,2.487766e+01,2.474349e+01,2.456209e+01,2.448137e+01,2.436690e+01,2.426580e+01,2.411059e+01,2.365033e+01,2.368424e+01,2.351457e+01,2.330379e+01,2.322890e+01,2.292194e+01,2.292194e+01,2.254551e+01,2.257294e+01,2.251122e+01,2.230525e+01,2.209198e+01,2.211952e+01,2.195414e+01,2.188516e+01,2.202997e+01,2.172631e+01,2.176086e+01,2.164334e+01,2.151875e+01,2.155337e+01,2.156721e+01,2.148411e+01,2.137320e+01,2.135933e+01,2.135933e+01,2.137320e+01,2.135239e+01,2.133158e+01,2.134545e+01,2.114406e+01,2.118576e+01,2.124133e+01,2.131076e+01,2.138013e+01,2.122744e+01,2.124828e+01,2.131770e+01,2.128993e+01,2.126911e+01,2.124133e+01,2.121355e+01,2.102581e+01,2.108843e+01,2.099797e+01,2.100493e+01,2.099797e+01,2.106756e+01,2.098405e+01,2.091440e+01,2.099797e+01,2.096316e+01,2.093530e+01,2.087259e+01,2.094226e+01,2.091440e+01,2.097012e+01,2.097012e+01,2.100493e+01,2.134545e+01,2.149796e+01,2.142174e+01,2.097012e+01,2.090743e+01,2.103973e+01,2.094226e+01,2.087956e+01,2.098405e+01,2.085865e+01,2.097709e+01,2.094923e+01,2.085865e+01,2.094226e+01,2.090047e+01,2.090047e+01,2.081681e+01,2.080984e+01,2.082378e+01,2.092833e+01,2.085168e+01,2.090743e+01,2.085168e+01,2.094923e+01,2.088653e+01,2.088653e+01,2.094226e+01,2.083773e+01,2.092833e+01,2.090047e+01,2.102581e+01,2.085168e+01,2.075403e+01,2.085168e+01,2.078891e+01,2.092137e+01,2.077496e+01,2.072611e+01,2.073309e+01,2.072611e+01,2.082378e+01,2.077496e+01,2.082378e+01,2.079589e+01,2.071215e+01,2.111625e+01,2.182303e+01,2.172631e+01,2.191276e+01,2.188516e+01,2.187825e+01,2.202997e+01,2.204376e+01,2.194035e+01,2.211952e+01,2.209198e+01,2.205065e+01,2.207131e+01,2.207131e+01,2.189206e+01,2.207820e+01,2.200930e+01,2.207820e+01,2.217459e+01,2.205065e+01,2.212641e+01,2.214706e+01,2.206442e+01,2.206442e+01,2.223650e+01,2.200241e+01,2.211952e+01,2.208509e+01,2.200930e+01,2.196793e+01,2.207131e+01,2.207131e+01,2.214706e+01,2.202308e+01,2.202308e+01,2.209198e+01,2.205065e+01,2.208509e+01,2.225713e+01,2.207131e+01,2.204376e+01,2.204376e+01,2.202997e+01,2.225026e+01,2.198862e+01,2.194725e+01,2.196793e+01,2.200241e+01,2.196104e+01,2.187825e+01,2.194725e+01,2.188516e+01,2.201619e+01,2.192655e+01,2.189206e+01,2.203687e+01,2.198172e+01,2.180922e+01,2.185065e+01,2.181612e+01,2.189206e+01,2.186445e+01,2.172631e+01,2.184374e+01,2.182303e+01,2.172631e+01,2.186445e+01,2.173322e+01,2.174704e+01,2.170557e+01,2.169866e+01,2.173322e+01,2.172631e+01,2.169175e+01,2.170557e+01,2.170557e+01,2.180922e+01,2.167100e+01,2.175395e+01,2.172631e+01,2.169175e+01,2.177468e+01,2.180922e+01,2.160182e+01,2.167100e+01,2.165717e+01,2.165025e+01,2.158106e+01,2.178850e+01,2.169866e+01,2.187135e+01,2.180922e+01,2.182303e+01,2.184374e+01,2.178159e+01,2.184374e+01,2.178159e+01,2.176777e+01,2.170557e+01,2.182993e+01,2.198172e+01
2.153952e+01,2.144253e+01,2.142174e+01,2.146332e+01,2.153260e+01,2.151182e+01,2.142174e+01,2.147718e+01,2.150489e+01,2.145639e+01,2.152567e+01,2.156721e+01,2.144946e+01,2.146332e+01,2.145639e+01,2.126911e+01,2.163642e+01,2.143560e+01,2.148411e+01,2.153260e+01,2.149796e+01,2.156029e+01,2.136626e+01,2.146332e+01,2.153952e+01,2.142867e+01,2.147025e+01,2.144253e+01,2.143560e+01,2.123439e+01,2.138013e+01,2.116491e+01,2.134545e+01,2.135933e+01,2.128299e+01,2.142174e+01,2.136626e+01,2.134545e+01,2.138013e+01,2.137320e+01,2.135239e+01,2.140787e+01,2.140094e+01,2.129688e+01,2.149796e+01,2.140787e+01,2.131076e+01,2.141480e+01,2.142174e+01,2.142867e+01,2.140787e+01,2.135933e+01,2.156029e+01,2.133851e+01,2.140787e+01,2.129688e+01,2.144946e+01,2.139400e+01,2.138013e+01,2.158798e+01,2.131770e+01,2.159490e+01,2.143560e+01,2.131076e+01,2.145639e+01,2.149104e+01,2.149796e+01,2.149796e+01,2.145639e+01,2.148411e+01,2.142174e+01,2.140094e+01,2.143560e+01,2.147718e+01,2.151875e+01,2.145639e+01,2.145639e+01,2.156721e+01,2.139400e+01,2.144253e+01,2.148411e+01,2.160874e+01,2.154645e+01,2.155337e+01,2.143560e+01,2.153952e+01,2.156721e+01,2.158798e+01,2.174704e+01,2.155337e+01,2.160182e+01,2.165025e+01,2.158106e+01,2.155337e+01,2.172631e+01,2.173322e+01,2.169866e+01,2.172631e+01,2.170557e+01,2.162950e+01,2.165717e+01,2.169175e+01,2.168483e+01,2.162950e+01,2.156029e+01,2.158798e+01,2.167100e+01,2.177468e+01,2.171940e+01,2.162258e+01,2.167792e+01,2.171940e+01,2.166409e+01,2.165717e+01,2.171940e+01,2.162950e+01,2.177468e+01,2.173322e+01,2.173322e+01,2.182993e+01,2.182993e+01,2.180231e+01,2.189206e+01,2.190586e+01,2.198172e+01,2.207131e+01,2.219523e+01,2.228463e+01,2.237395e+01,2.251122e+01,2.268940e+01,2.281257e+01,2.275101e+01,2.333101e+01,2.339904e+01,2.365033e+01,2.392132e+01,2.424557e+01,2.444098e+01,2.488436e+01,2.511203e+01,2.544595e+01,2.557923e+01,2.598467e+01,2.599793e+01,2.630261e+01,2.651405e+01,2.680408e+01,2.673165e+01,2.725733e+01,2.708020e+01,2.699481e+01,2.725733e+01,2.726389e+01,2.737525e+01,2.744071e+01,2.729665e+01,2.722455e+01,2.715240e+01,2.717864e+01,2.702110e+01,2.683041e+01,2.648104e+01,2.663280e+01,2.614376e+01,2.600457e+01,2.548595e+01,2.521232e+01,2.489776e+01,2.458226e+01,2.423208e+01,2.364355e+01,2.342623e+01,2.297657e+01,2.262776e+01,2.231900e+01,2.187825e+01,2.180922e+01,2.171940e+01,2.180922e+01,2.177468e+01,2.171248e+01,2.174013e+01,2.178850e+01,2.180922e+01,2.179540e+01,2.176086e+01,2.181612e+01,2.180922e+01,2.182303e+01,2.182993e+01,2.184374e+01,2.182303e+01,2.196104e+01,2.181612e+01,2.191965e+01,2.185065e+01,2.198862e+01,2.185065e+01,2.185065e+01,2.185755e+01,2.181612e+01,2.185065e+01,2.154645e+01,2.142867e+01,2.125522e+01,2.106756e+01,2.118576e+01,2.128299e+01,2.133158e+01,2.133851e+01,2.142867e+01,2.135933e+01,2.140094e+01,2.147025e+01,2.140787e+01,2.157414e+01,2.145639e+01,2.159490e+01,2.157414e+01,2.153952e+01,2.158798e+01,2.156721e+01,2.165717e+01,2.157414e+01,2.157414e+01,2.173322e+01,2.187825e+01,2.190586e+01,2.183684e+01,2.169866e+01,2.171940e+01,2.163642e+01,2.180231e+01,2.161566e+01,2.185755e+01,2.187825e+01,2.207131e+01,2.207131e+01,2.208509e+01,2.210575e+01,2.218147e+01,2.202308e+01,2.181612e+01,2.168483e+01,2.162258e+01,2.151875e+01,2.164334e+01,2.169175e+01,2.160182e+01,2.164334e+01,2.168483e+01,2.164334e+01,2.171248e+01,2.165717e+01,2.163642e+01,2.160874e+01,2.165717e+01,2.167100e+01,2.167792e+01,2.162258e+01,2.170557e+01,2.159490e+01,2.154645e+01,2.155337e+01,2.160874e+01,2.145639e+01,2.147025e+01,2.143560e+01,2.140094e+01,2.143560e+01,2.131076e+01,2.131076e+01,2.127605e+01,2.126911e+01,2.106756e+01,2.095619e+01,2.110234e+01,2.091440e+01,2.081681e+01,2.081681e+01,2.089350e+01,2.078891e+01,2.081681e+01,2.071913e+01,2.079589e+01,2.076798e+01,2.060737e+01,2.071913e+01,2.069818e+01,2.089350e+01,2.097012e+01,2.092833e+01,2.097012e+01,2.093530e+01,2.108843e+01,2.111625e+01,2.144253e+01,2.130382e+01,2.148411e+01,2.153260e+01,2.164334e+01,2.149796e+01,2.153952e+01,2.153952e+01,2.156029e+01,2.162258e+01,2.156721e+01,2.159490e+01,2.163642e+01,2.158798e+01,2.144946e+01,2.160874e+01,2.165717e+01,2.165025e+01,2.177468e+01,2.173322e+01,2.181612e+01,2.149796e+01,2.160182e+01,2.174704e+01,2.167100e+01,2.165025e+01,2.166409e+01,2.177468e+01,2.174704e+01,2.172631e+01,2.157414e+01,2.162950e+01,2.162258e+01,2.166409e+01,2.163642e+01,2.162950e+01,2.167792e+01,2.160874e+01,2.160182e+01,2.168483e+01,2.171248e+01,2.170557e+01,2.169175e+01,2.172631e+01,2.167100e+01,2.180231e+01,2.176777e+01,2.172631e+01,2.151875e+01,2.127605e+01,2.140094e+01,2.144253e+01,2.125522e+01,2.140094e+01,2.140787e+01,2.152567e+01,2.155337e+01,2.149796e+01,2.151875e+01,2.159490e+01,2.161566e+01,2.145639e+01,2.159490e+01,2.163642e+01,2.163642e+01,2.159490e+01,2.167792e+01,2.176777e+01,2.160874e+01,2.156721e+01,2.161566e+01,2.151182e+01,2.157414e+01,2.160182e+01,2.156029e+01,2.154645e+01,2.153952e+01,2.157414e+01,2.155337e+01,2.160182e+01,2.165717e+01,2.156029e+01,2.160182e+01,2.171248e+01,2.167100e+01,2.165025e+01,2.162950e+01,2.154645e+01,2.147025e+01,2.149104e+01,2.158798e+01,2.157414e+01,2.157414e+01,2.156029e+01,2.153952e+01,2.147025e+01,2.147025e+01,2.148411e+01,2.140787e+01,2.159490e+01,2.137320e+01,2.139400e+01,2.141480e+01,2.144946e+01,2.128299e+01,2.130382e+01,2.124133e+01,2.122744e+01,2.134545e+01,2.126217e+01,2.135933e+01,2.133851e+01,2.128993e+01,2.151182e+01,2.222962e+01,2.332421e+01,2.454864e+01,2.513210e+01,2.551261e+01,2.556591e+01,2.553926e+01,2.557257e+01,2.569237e+01,2.558588e+01,2.559254e+01,2.553926e+01,2.547929e+01,2.527913e+01,2.527245e+01,2.523237e+01,2.511872e+01,2.503173e+01,2.470321e+01,2.474349e+01,2.475691e+01,2.460243e+01,2.426580e+01,2.430625e+01,2.390778e+01,2.391455e+01,2.371814e+01,2.349419e+01,2.341264e+01,2.318121e+01,2.304483e+01,2.275101e+01,2.281257e+01,2.232587e+01,2.231900e+01,2.221587e+01,2.213329e+01,2.208509e+01,2.198172e+01,2.199551e+01,2.175395e+01,2.171940e+01,2.161566e+01,2.154645e+01,2.159490e+01,2.149796e+01,2.145639e+01,2.147718e+01,2.141480e+01,2.140094e+01,2.135933e+01,2.129688e+01,2.129688e+01,2.131770e+01,2.124828e+01,2.127605e+01,2.138707e+01,2.124133e+01,2.131076e+01,2.123439e+01,2.126911e+01,2.124133e+01,2.108148e+01,2.133158e+01,2.126217e+01,2.129688e+01,2.127605e+01,2.097709e+01,2.110234e+01,2.099101e+01,2.097709e+01,2.098405e+01,2.104669e+01,2.094226e+01,2.094226e+01,2.102581e+01,2.096316e+01,2.101885e+01,2.113711e+01,2.091440e+01,2.096316e+01,2.123439e+01,2.144946e+01,2.152567e+01,2.160874e+01,2.163642e+01,2.139400e+01,2.106061e+01,2.103973e+01,2.099797e+01,2.103973e+01,2.101885e+01,2.100493e+01,2.092137e+01,2.085865e+01,2.089350e+01,2.090743e+01,2.094923e+01,2.092137e+01,2.085865e+01,2.097012e+01,2.078891e+01,2.079589e+01,2.074007e+01,2.089350e+01,2.090047e+01,2.086562e+01,2.087956e+01,2.085865e+01,2.087956e+01,2.094923e+01,2.092833e+01,2.089350e+01,2.091440e+01,2.086562e+01,2.082378e+01,2.083076e+01,2.082378e+01,2.085168e+01,2.076100e+01,2.078891e+01,2.080286e+01,2.072611e+01,2.071913e+01,2.087259e+01,2.073309e+01,2.082378e+01,2.076798e+01,2.119966e+01,2.185755e+01,2.186445e+01,2.188516e+01,2.198862e+01,2.198862e+01,2.200930e+01,2.208509e+01,2.209198e+01,2.215394e+01,2.202997e+01,2.202308e+01,2.200930e+01,2.198172e+01,2.202308e+01,2.207820e+01,2.201619e+01,2.206442e+01,2.212641e+01,2.214017e+01,2.220211e+01,2.202997e+01,2.214017e+01,2.205754e+01,2.209886e+01,2.209886e+01,2.214017e+01,2.220211e+01,2.205754e+01,2.220899e+01,2.207820e+01,2.201619e+01,2.206442e+01,2.218835e+01,2.220211e+01,2.209886e+01,2.205754e+01,2.216082e+01,2.216771e+01,2.202308e+01,2.202997e+01,2.203687e+01,2.202308e+01,2.205065e+01,2.200930e+01,2.201619e+01,2.198172e+01,2.198172e+01,2.190586e+01,2.198172e+01,2.189206e+01,2.205754e+01,2.209198e+01,2.209198e+01,2.190586e+01,2.198862e+01,2.176777e+01,2.203687e+01,2.187825e+01,2.196793e+01,2.185755e+01,2.191965e+01,2.176777e+01,2.187825e+01,2.191276e+01,2.184374e+01,2.180231e+01,2.182993e+01,2.173322e+01,2.171248e+01,2.185755e+01,2.174704e+01,2.175395e+01,2.181612e+01,2.171940e+01,2.177468e+01,2.168483e+01,2.174704e+01,2.177468e+01,2.174013e+01,2.176086e+01,2.177468e+01,2.174704e+01,2.171940e+01,2.172631e+01,2.186445e+01,2.177468e+01,2.176777e+01,2.174013e+01,2.181612e+01,2.170557e+01,2.188516e+01,2.180231e+01,2.187135e+01,2.180231e+01,2.184374e+01,2.181612e+01,2.189896e+01,2.195414e+01,2.192655e+01,2.190586e+01
2.144946e+01,2.153260e+01,2.148411e+01,2.149796e+01,2.156721e+01,2.140094e+01,2.147718e+01,2.151875e+01,2.153260e+01,2.153260e+01,2.151875e+01,2.150489e+01,2.142867e+01,2.146332e+01,2.165717e+01,2.143560e+01,2.160182e+01,2.142867e+01,2.128993e+01,2.139400e+01,2.136626e+01,2.152567e+01,2.141480e+01,2.140787e+01,2.132464e+01,2.130382e+01,2.145639e+01,2.132464e+01,2.138013e+01,2.133851e+01,2.129688e+01,2.127605e+01,2.140094e+01,2.135239e+01,2.147718e+01,2.124828e+01,2.137320e+01,2.134545e+01,2.138013e+01,2.140787e+01,2.143560e+01,2.146332e+01,2.140787e+01,2.143560e+01,2.140094e+01,2.142174e+01,2.139400e+01,2.140094e+01,2.149104e+01,2.140787e+01,2.138707e+01,2.137320e+01,2.138707e+01,2.142867e+01,2.135239e+01,2.139400e+01,2.144946e+01,2.141480e+01,2.144253e+01,2.148411e+01,2.143560e+01,2.159490e+01,2.157414e+01,2.156721e+01,2.145639e+01,2.144946e+01,2.145639e+01,2.156029e+01,2.149104e+01,2.162950e+01,2.143560e+01,2.153260e+01,2.153260e+01,2.143560e+01,2.146332e+01,2.153260e+01,2.131770e+01,2.158106e+01,2.154645e+01,2.156029e+01,2.160874e+01,2.161566e+01,2.150489e+01,2.156721e+01,2.156721e+01,2.152567e+01,2.169175e+01,2.161566e+01,2.172631e+01,2.167100e+01,2.154645e+01,2.158106e+01,2.155337e+01,2.165717e+01,2.165025e+01,2.169175e+01,2.165717e+01,2.171248e+01,2.161566e+01,2.173322e+01,2.164334e+01,2.165025e+01,2.161566e+01,2.171248e+01,2.172631e+01,2.165717e+01,2.167100e+01,2.157414e+01,2.170557e+01,2.174013e+01,2.171248e+01,2.163642e+01,2.176777e+01,2.165717e+01,2.176777e+01,2.177468e+01,2.182993e+01,2.176086e+01,2.184374e+01,2.178850e+01,2.182993e+01,2.190586e+01,2.186445e+01,2.195414e+01,2.204376e+01,2.195414e+01,2.209198e+01,2.237395e+01,2.217459e+01,2.257294e+01,2.256608e+01,2.284676e+01,2.332421e+01,2.332421e+01,2.358926e+01,2.363676e+01,2.415110e+01,2.440732e+01,2.475020e+01,2.498486e+01,2.512541e+01,2.537258e+01,2.570568e+01,2.595813e+01,2.623645e+01,2.635551e+01,2.662620e+01,2.684357e+01,2.658663e+01,2.681725e+01,2.709990e+01,2.731631e+01,2.740799e+01,2.736216e+01,2.727699e+01,2.746034e+01,2.729010e+01,2.728355e+01,2.721144e+01,2.710646e+01,2.715896e+01,2.683699e+01,2.648104e+01,2.648764e+01,2.613713e+01,2.583862e+01,2.571233e+01,2.526577e+01,2.490447e+01,2.468977e+01,2.423882e+01,2.398219e+01,2.361641e+01,2.314031e+01,2.288777e+01,2.227776e+01,2.216082e+01,2.193345e+01,2.186445e+01,2.164334e+01,2.175395e+01,2.182303e+01,2.174704e+01,2.180231e+01,2.180922e+01,2.177468e+01,2.178159e+01,2.178159e+01,2.182303e+01,2.182303e+01,2.189896e+01,2.175395e+01,2.179540e+01,2.187135e+01,2.199551e+01,2.187135e+01,2.196104e+01,2.193345e+01,2.191276e+01,2.192655e+01,2.188516e+01,2.180231e+01,2.188516e+01,2.176086e+01,2.164334e+01,2.186445e+01,2.124133e+01,2.131076e+01,2.129688e+01,2.140787e+01,2.135933e+01,2.128993e+01,2.142174e+01,2.148411e+01,2.137320e+01,2.147025e+01,2.148411e+01,2.153260e+01,2.144253e+01,2.160182e+01,2.159490e+01,2.156029e+01,2.165717e+01,2.159490e+01,2.156721e+01,2.157414e+01,2.180922e+01,2.182303e+01,2.180231e+01,2.178159e+01,2.168483e+01,2.154645e+01,2.159490e+01,2.170557e+01,2.189206e+01,2.203687e+01,2.196793e+01,2.204376e+01,2.207820e+01,2.215394e+01,2.207131e+01,2.196793e+01,2.194725e+01,2.189896e+01,2.187825e+01,2.180922e+01,2.181612e+01,2.169175e+01,2.168483e+01,2.166409e+01,2.167100e+01,2.171248e+01,2.167100e+01,2.160874e+01,2.168483e+01,2.178159e+01,2.173322e+01,2.178850e+01,2.172631e+01,2.176086e+01,2.170557e+01,2.165025e+01,2.160874e+01,2.169866e+01,2.158106e+01,2.149796e+01,2.158798e+01,2.152567e+01,2.156029e+01,2.139400e+01,2.139400e+01,2.132464e+01,2.125522e+01,2.125522e+01,2.121355e+01,2.107452e+01,2.097709e+01,2.108843e+01,2.080286e+01,2.088653e+01,2.087956e+01,2.082378e+01,2.084470e+01,2.076100e+01,2.083773e+01,2.069818e+01,2.071913e+01,2.071913e+01,2.064231e+01,2.068422e+01,2.069818e+01,2.083773e+01,2.097709e+01,2.091440e+01,2.095619e+01,2.114406e+01,2.137320e+01,2.133851e+01,2.147718e+01,2.143560e+01,2.138013e+01,2.160874e+01,2.156721e+01,2.151182e+01,2.154645e+01,2.152567e+01,2.171940e+01,2.157414e+01,2.153952e+01,2.151182e+01,2.156721e+01,2.157414e+01,2.176086e+01,2.157414e+01,2.159490e+01,2.165717e+01,2.159490e+01,2.165025e+01,2.166409e+01,2.158106e+01,2.170557e+01,2.168483e+01,2.169866e+01,2.164334e+01,2.171940e+01,2.175395e+01,2.160182e+01,2.167100e+01,2.166409e+01,2.165717e+01,2.177468e+01,2.169175e+01,2.171248e+01,2.163642e+01,2.178159e+01,2.161566e+01,2.162258e+01,2.161566e+01,2.163642e+01,2.169175e+01,2.163642e+01,2.180922e+01,2.171940e+01,2.171940e+01,2.147025e+01,2.151875e+01,2.144253e+01,2.133851e+01,2.124828e+01,2.137320e+01,2.147718e+01,2.147718e+01,2.147025e+01,2.147025e+01,2.153952e+01,2.152567e+01,2.160182e+01,2.152567e+01,2.165025e+01,2.165717e+01,2.166409e+01,2.165025e+01,2.151182e+01,2.166409e+01,2.155337e+01,2.147025e+01,2.156721e+01,2.162258e+01,2.151182e+01,2.162258e+01,2.158798e+01,2.156029e+01,2.143560e+01,2.147025e+01,2.155337e+01,2.156721e+01,2.157414e+01,2.165717e+01,2.165025e+01,2.160182e+01,2.160182e+01,2.166409e+01,2.158798e+01,2.159490e+01,2.160874e+01,2.152567e+01,2.155337e+01,2.151875e+01,2.163642e+01,2.157414e+01,2.154645e+01,2.156029e+01,2.147718e+01,2.142174e+01,2.140787e+01,2.145639e+01,2.133158e+01,2.134545e+01,2.131770e+01,2.135933e+01,2.135933e+01,2.125522e+01,2.130382e+01,2.125522e+01,2.128299e+01,2.123439e+01,2.119966e+01,2.119966e+01,2.134545e+01,2.135239e+01,2.310622e+01,2.454864e+01,2.494467e+01,2.514547e+01,2.543262e+01,2.550595e+01,2.566576e+01,2.572563e+01,2.571233e+01,2.569237e+01,2.570568e+01,2.557923e+01,2.546596e+01,2.533921e+01,2.531251e+01,2.525909e+01,2.511203e+01,2.516553e+01,2.510534e+01,2.494467e+01,2.473677e+01,2.470992e+01,2.452846e+01,2.433995e+01,2.434669e+01,2.409708e+01,2.392132e+01,2.384687e+01,2.369102e+01,2.333101e+01,2.330379e+01,2.319484e+01,2.283309e+01,2.287410e+01,2.250437e+01,2.253180e+01,2.211952e+01,2.211263e+01,2.198172e+01,2.197483e+01,2.187825e+01,2.167100e+01,2.174013e+01,2.159490e+01,2.162258e+01,2.153952e+01,2.154645e+01,2.153952e+01,2.148411e+01,2.138013e+01,2.149796e+01,2.137320e+01,2.128299e+01,2.135933e+01,2.138013e+01,2.140094e+01,2.136626e+01,2.133851e+01,2.122050e+01,2.140787e+01,2.130382e+01,2.127605e+01,2.133851e+01,2.134545e+01,2.133158e+01,2.135933e+01,2.126911e+01,2.124133e+01,2.123439e+01,2.094923e+01,2.113015e+01,2.096316e+01,2.087259e+01,2.090047e+01,2.086562e+01,2.102581e+01,2.103973e+01,2.101885e+01,2.095619e+01,2.097709e+01,2.105365e+01,2.103277e+01,2.137320e+01,2.154645e+01,2.151875e+01,2.167100e+01,2.167792e+01,2.163642e+01,2.164334e+01,2.124133e+01,2.104669e+01,2.103277e+01,2.103277e+01,2.105365e+01,2.092137e+01,2.085865e+01,2.080286e+01,2.086562e+01,2.071913e+01,2.092137e+01,2.095619e+01,2.088653e+01,2.094923e+01,2.079589e+01,2.091440e+01,2.087259e+01,2.090047e+01,2.085168e+01,2.092137e+01,2.087956e+01,2.087956e+01,2.090047e+01,2.083076e+01,2.101189e+01,2.101885e+01,2.088653e+01,2.091440e+01,2.096316e+01,2.087259e+01,2.090047e+01,2.088653e+01,2.076100e+01,2.082378e+01,2.076798e+01,2.071215e+01,2.084470e+01,2.097709e+01,2.072611e+01,2.083773e+01,2.109539e+01,2.167100e+01,2.186445e+01,2.189896e+01,2.187825e+01,2.194035e+01,2.204376e+01,2.202997e+01,2.198862e+01,2.212641e+01,2.210575e+01,2.200241e+01,2.202997e+01,2.208509e+01,2.201619e+01,2.200241e+01,2.213329e+01,2.198172e+01,2.209886e+01,2.211263e+01,2.201619e+01,2.203687e+01,2.209886e+01,2.213329e+01,2.205754e+01,2.209886e+01,2.209198e+01,2.209198e+01,2.216771e+01,2.205065e+01,2.207131e+01,2.209886e+01,2.218835e+01,2.202308e+01,2.216771e+01,2.206442e+01,2.218835e+01,2.206442e+01,2.206442e+01,2.205754e+01,2.196793e+01,2.198862e+01,2.204376e+01,2.202997e+01,2.199551e+01,2.199551e+01,2.201619e+01,2.198172e+01,2.191276e+01,2.216082e+01,2.191276e+01,2.190586e+01,2.192655e+01,2.195414e+01,2.187135e+01,2.204376e+01,2.178850e+01,2.179540e+01,2.183684e+01,2.188516e+01,2.187825e+01,2.190586e+01,2.187825e+01,2.189896e+01,2.192655e+01,2.182303e+01,2.176086e+01,2.174013e+01,2.191276e+01,2.175395e+01,2.176086e+01,2.169866e+01,2.177468e+01,2.177468e+01,2.166409e+01,2.178159e+01,2.177468e+01,2.175395e+01,2.179540e+01,2.171248e+01,2.179540e+01,2.180922e+01,2.180231e+01,2.173322e+01,2.170557e+01,2.185065e+01,2.174013e+01,2.191965e+01,2.192655e+01,2.189896e+01,2.185065e+01,2.193345e+01,2.186445e+01,2.193345e+01,2.189206e+01,2.182303e+01,2.178159e+01,2.187825e+01,2.176777e+01,2.180231e+01,2.181612e+01
2.143560e+01,2.154645e+01,2.144253e+01,2.153260e+01,2.150489e+01,2.153952e+01,2.147718e+01,2.165025e+01,2.140094e+01,2.157414e+01,2.144253e+01,2.150489e+01,2.150489e+01,2.146332e+01,2.148411e+01,2.133158e+01,2.142867e+01,2.138707e+01,2.143560e+01,2.143560e+01,2.144253e+01,2.142174e+01,2.140787e+01,2.131770e+01,2.142174e+01,2.138707e+01,2.142174e+01,2.133158e+01,2.140787e+01,2.136626e+01,2.129688e+01,2.140094e+01,2.141480e+01,2.122050e+01,2.129688e+01,2.138013e+01,2.124133e+01,2.139400e+01,2.139400e+01,2.138013e+01,2.137320e+01,2.142174e+01,2.140094e+01,2.142174e+01,2.140094e+01,2.136626e+01,2.135239e+01,2.147718e+01,2.148411e+01,2.141480e+01,2.155337e+01,2.140787e+01,2.139400e+01,2.140787e+01,2.140094e+01,2.139400e+01,2.126217e+01,2.140787e+01,2.142867e+01,2.152567e+01,2.142174e+01,2.148411e+01,2.144946e+01,2.149796e+01,2.143560e+01,2.147718e+01,2.149796e+01,2.144253e+01,2.149104e+01,2.156721e+01,2.144253e+01,2.153260e+01,2.138013e+01,2.141480e+01,2.145639e+01,2.150489e+01,2.158106e+01,2.144946e+01,2.167792e+01,2.150489e+01,2.148411e+01,2.157414e+01,2.151875e+01,2.161566e+01,2.160874e+01,2.156029e+01,2.158798e+01,2.158798e+01,2.152567e+01,2.162258e+01,2.168483e+01,2.171248e+01,2.158106e+01,2.176086e+01,2.156721e+01,2.155337e+01,2.159490e+01,2.160182e+01,2.159490e+01,2.162258e+01,2.169866e+01,2.158798e+01,2.165025e+01,2.174704e+01,2.160874e+01,2.160182e+01,2.170557e+01,2.158106e+01,2.165025e+01,2.156721e+01,2.167100e+01,2.167100e+01,2.153952e+01,2.158106e+01,2.161566e+01,2.176086e+01,2.176086e+01,2.180922e+01,2.182303e+01,2.187135e+01,2.187825e+01,2.190586e+01,2.195414e+01,2.192655e+01,2.211263e+01,2.193345e+01,2.202997e+01,2.227088e+01,2.242202e+01,2.256608e+01,2.266886e+01,2.277837e+01,2.316076e+01,2.336503e+01,2.366390e+01,2.387395e+01,2.440058e+01,2.468977e+01,2.491787e+01,2.500495e+01,2.536591e+01,2.561252e+01,2.574558e+01,2.616363e+01,2.624969e+01,2.652065e+01,2.654705e+01,2.677775e+01,2.696853e+01,2.700796e+01,2.714584e+01,2.716552e+01,2.736871e+01,2.740144e+01,2.728355e+01,2.740799e+01,2.749959e+01,2.729665e+01,2.717864e+01,2.728355e+01,2.704080e+01,2.665916e+01,2.667894e+01,2.643481e+01,2.604436e+01,2.616363e+01,2.559254e+01,2.523905e+01,2.518559e+01,2.468306e+01,2.426580e+01,2.381301e+01,2.343983e+01,2.311304e+01,2.273732e+01,2.236709e+01,2.198862e+01,2.181612e+01,2.181612e+01,2.167100e+01,2.171940e+01,2.162950e+01,2.181612e+01,2.176777e+01,2.175395e+01,2.180922e+01,2.176086e+01,2.178850e+01,2.151875e+01,2.176086e+01,2.178159e+01,2.188516e+01,2.176086e+01,2.176777e+01,2.185755e+01,2.185065e+01,2.188516e+01,2.189896e+01,2.194035e+01,2.187135e+01,2.187135e+01,2.171940e+01,2.171940e+01,2.187825e+01,2.180231e+01,2.162950e+01,2.136626e+01,2.134545e+01,2.129688e+01,2.126911e+01,2.148411e+01,2.147718e+01,2.138707e+01,2.137320e+01,2.153260e+01,2.151182e+01,2.147025e+01,2.149104e+01,2.147025e+01,2.144946e+01,2.160182e+01,2.156029e+01,2.164334e+01,2.158106e+01,2.166409e+01,2.158106e+01,2.168483e+01,2.178159e+01,2.182993e+01,2.168483e+01,2.164334e+01,2.171940e+01,2.160182e+01,2.169175e+01,2.191276e+01,2.198172e+01,2.196104e+01,2.176777e+01,2.208509e+01,2.210575e+01,2.197483e+01,2.192655e+01,2.209886e+01,2.196104e+01,2.196793e+01,2.165025e+01,2.171940e+01,2.165717e+01,2.170557e+01,2.176777e+01,2.167100e+01,2.165717e+01,2.166409e+01,2.169175e+01,2.178850e+01,2.166409e+01,2.168483e+01,2.170557e+01,2.167100e+01,2.171248e+01,2.171940e+01,2.170557e+01,2.171940e+01,2.165717e+01,2.162258e+01,2.163642e+01,2.154645e+01,2.163642e+01,2.140787e+01,2.143560e+01,2.135933e+01,2.140094e+01,2.136626e+01,2.118576e+01,2.126217e+01,2.106061e+01,2.094923e+01,2.094226e+01,2.093530e+01,2.085865e+01,2.087259e+01,2.081681e+01,2.094226e+01,2.071913e+01,2.071913e+01,2.053047e+01,2.068422e+01,2.069120e+01,2.060039e+01,2.064930e+01,2.067025e+01,2.083773e+01,2.106756e+01,2.099101e+01,2.106061e+01,2.113015e+01,2.136626e+01,2.139400e+01,2.144253e+01,2.149104e+01,2.156029e+01,2.151182e+01,2.153260e+01,2.159490e+01,2.162950e+01,2.154645e+01,2.146332e+01,2.149796e+01,2.156029e+01,2.158798e+01,2.162950e+01,2.160182e+01,2.151875e+01,2.162258e+01,2.177468e+01,2.169175e+01,2.164334e+01,2.171248e+01,2.158798e+01,2.164334e+01,2.160182e+01,2.169866e+01,2.155337e+01,2.169175e+01,2.169175e+01,2.176777e+01,2.167100e+01,2.160874e+01,2.163642e+01,2.172631e+01,2.162258e+01,2.167792e+01,2.160874e+01,2.160874e+01,2.163642e+01,2.169175e+01,2.161566e+01,2.171940e+01,2.176777e+01,2.175395e+01,2.173322e+01,2.171940e+01,2.168483e+01,2.173322e+01,2.169175e+01,2.165025e+01,2.138013e+01,2.139400e+01,2.131076e+01,2.146332e+01,2.147025e+01,2.138013e+01,2.136626e+01,2.151182e+01,2.150489e+01,2.153260e+01,2.149796e+01,2.162258e+01,2.165717e+01,2.165717e+01,2.168483e+01,2.162258e+01,2.157414e+01,2.153952e+01,2.156721e+01,2.147718e+01,2.166409e+01,2.150489e+01,2.155337e+01,2.156721e+01,2.147718e+01,2.156721e+01,2.152567e+01,2.145639e+01,2.157414e+01,2.165025e+01,2.158106e+01,2.160874e+01,2.160874e+01,2.164334e+01,2.179540e+01,2.176777e+01,2.164334e+01,2.158798e+01,2.160874e+01,2.154645e+01,2.157414e+01,2.149104e+01,2.138013e+01,2.142867e+01,2.140787e+01,2.144253e+01,2.144946e+01,2.143560e+01,2.145639e+01,2.142174e+01,2.150489e+01,2.147718e+01,2.131076e+01,2.136626e+01,2.132464e+01,2.133158e+01,2.125522e+01,2.126217e+01,2.126217e+01,2.126217e+01,2.133158e+01,2.133851e+01,2.135933e+01,2.151182e+01,2.374526e+01,2.511203e+01,2.553260e+01,2.559254e+01,2.563914e+01,2.576552e+01,2.573228e+01,2.569237e+01,2.565911e+01,2.565245e+01,2.566576e+01,2.564580e+01,2.552594e+01,2.543262e+01,2.525241e+01,2.525909e+01,2.523237e+01,2.503173e+01,2.502504e+01,2.499826e+01,2.489106e+01,2.471663e+01,2.454864e+01,2.436017e+01,2.438038e+01,2.407006e+01,2.402275e+01,2.384010e+01,2.366390e+01,2.360283e+01,2.324252e+01,2.299023e+01,2.295609e+01,2.270309e+01,2.252494e+01,2.247006e+01,2.222962e+01,2.211263e+01,2.202997e+01,2.202997e+01,2.196793e+01,2.194725e+01,2.173322e+01,2.170557e+01,2.155337e+01,2.173322e+01,2.156029e+01,2.147718e+01,2.149104e+01,2.151875e+01,2.131770e+01,2.136626e+01,2.132464e+01,2.132464e+01,2.130382e+01,2.130382e+01,2.136626e+01,2.116491e+01,2.122744e+01,2.138707e+01,2.137320e+01,2.130382e+01,2.131770e+01,2.132464e+01,2.136626e+01,2.124828e+01,2.128299e+01,2.126217e+01,2.116491e+01,2.119271e+01,2.109539e+01,2.108148e+01,2.103973e+01,2.105365e+01,2.104669e+01,2.092833e+01,2.102581e+01,2.097012e+01,2.101885e+01,2.092137e+01,2.094923e+01,2.115796e+01,2.152567e+01,2.162258e+01,2.167792e+01,2.162258e+01,2.176777e+01,2.171248e+01,2.162950e+01,2.160874e+01,2.126911e+01,2.104669e+01,2.103973e+01,2.090743e+01,2.089350e+01,2.088653e+01,2.096316e+01,2.097012e+01,2.085168e+01,2.085865e+01,2.081681e+01,2.096316e+01,2.090743e+01,2.093530e+01,2.090047e+01,2.071913e+01,2.086562e+01,2.087956e+01,2.079589e+01,2.089350e+01,2.092137e+01,2.092137e+01,2.085865e+01,2.086562e+01,2.080984e+01,2.090743e+01,2.083076e+01,2.086562e+01,2.082378e+01,2.077496e+01,2.086562e+01,2.088653e+01,2.077496e+01,2.084470e+01,2.070517e+01,2.087259e+01,2.088653e+01,2.088653e+01,2.098405e+01,2.111625e+01,2.155337e+01,2.186445e+01,2.188516e+01,2.190586e+01,2.198862e+01,2.199551e+01,2.209886e+01,2.198172e+01,2.198862e+01,2.207131e+01,2.214017e+01,2.194725e+01,2.186445e+01,2.196793e+01,2.198172e+01,2.210575e+01,2.200241e+01,2.196104e+01,2.202997e+01,2.206442e+01,2.204376e+01,2.207131e+01,2.211952e+01,2.214017e+01,2.212641e+01,2.211263e+01,2.205754e+01,2.207820e+01,2.208509e+01,2.220211e+01,2.211263e+01,2.213329e+01,2.207820e+01,2.208509e+01,2.202308e+01,2.210575e+01,2.196793e+01,2.200930e+01,2.198862e+01,2.197483e+01,2.170557e+01,2.201619e+01,2.190586e+01,2.205754e+01,2.199551e+01,2.196793e+01,2.199551e+01,2.190586e+01,2.180922e+01,2.191276e+01,2.205065e+01,2.191965e+01,2.184374e+01,2.197483e+01,2.184374e+01,2.178159e+01,2.182993e+01,2.182303e+01,2.179540e+01,2.187825e+01,2.184374e+01,2.189896e+01,2.187825e+01,2.189206e+01,2.171940e+01,2.189896e+01,2.178159e+01,2.176777e+01,2.162950e+01,2.173322e+01,2.171940e+01,2.177468e+01,2.178850e+01,2.180922e+01,2.170557e+01,2.177468e+01,2.174704e+01,2.183684e+01,2.167100e+01,2.178159e+01,2.182303e+01,2.174704e+01,2.185065e+01,2.169866e+01,2.172631e+01,2.171248e+01,2.194035e+01,2.187135e+01,2.188516e+01,2.176777e+01,2.188516e+01,2.183684e+01,2.185065e+01,2.179540e+01,2.178159e+01,2.184374e+01,2.174704e+01,2.183684e+01,2.194035e+01,2.179540e+01
2.142174e+01,2.147025e+01,2.155337e+01,2.156721e+01,2.146332e+01,2.142174e+01,2.145639e+01,2.150489e+01,2.140094e+01,2.140094e+01,2.156721e+01,2.158106e+01,2.144253e+01,2.140094e+01,2.147718e+01,2.143560e+01,2.142867e+01,2.140787e+01,2.128299e+01,2.138707e+01,2.128299e+01,2.140094e+01,2.144253e+01,2.147025e+01,2.140094e+01,2.130382e+01,2.128993e+01,2.131076e+01,2.140787e+01,2.139400e+01,2.122050e+01,2.138707e+01,2.131076e+01,2.140787e+01,2.107452e+01,2.139400e+01,2.140787e+01,2.138707e+01,2.139400e+01,2.144253e+01,2.145639e+01,2.138013e+01,2.142867e+01,2.134545e+01,2.144253e+01,2.128299e+01,2.143560e+01,2.142174e+01,2.146332e+01,2.149104e+01,2.139400e+01,2.140094e+01,2.125522e+01,2.132464e+01,2.140094e+01,2.137320e+01,2.138707e+01,2.133851e+01,2.145639e+01,2.139400e+01,2.140787e+01,2.146332e+01,2.155337e+01,2.157414e+01,2.148411e+01,2.151875e+01,2.138013e+01,2.154645e+01,2.147718e+01,2.142867e+01,2.149104e+01,2.149796e+01,2.149796e+01,2.134545e+01,2.142174e+01,2.152567e+01,2.146332e+01,2.148411e+01,2.149104e+01,2.158106e+01,2.165025e+01,2.150489e+01,2.151875e+01,2.157414e+01,2.156029e+01,2.157414e+01,2.156029e+01,2.158106e+01,2.163642e+01,2.166409e+01,2.160182e+01,2.167792e+01,2.156721e+01,2.171940e+01,2.158798e+01,2.162950e+01,2.173322e+01,2.168483e+01,2.159490e+01,2.178159e+01,2.173322e+01,2.171248e+01,2.171940e+01,2.163642e+01,2.165717e+01,2.165717e+01,2.158798e+01,2.160182e+01,2.164334e+01,2.171248e+01,2.166409e+01,2.178850e+01,2.169175e+01,2.164334e+01,2.174704e+01,2.163642e+01,2.171248e+01,2.169866e+01,2.180231e+01,2.180231e+01,2.182993e+01,2.183684e+01,2.182993e+01,2.198862e+01,2.202308e+01,2.217459e+01,2.228463e+01,2.241516e+01,2.242202e+01,2.268940e+01,2.282625e+01,2.320165e+01,2.329018e+01,2.333101e+01,2.358926e+01,2.389425e+01,2.438038e+01,2.470321e+01,2.489106e+01,2.515216e+01,2.539927e+01,2.562583e+01,2.577217e+01,2.617687e+01,2.628277e+01,2.652065e+01,2.665257e+01,2.668553e+01,2.701453e+01,2.715896e+01,2.702766e+01,2.727044e+01,2.738180e+01,2.732941e+01,2.730976e+01,2.746688e+01,2.734251e+01,2.739490e+01,2.719832e+01,2.725733e+01,2.706707e+01,2.680408e+01,2.649424e+01,2.642160e+01,2.615038e+01,2.591831e+01,2.549262e+01,2.521232e+01,2.484413e+01,2.468306e+01,2.415785e+01,2.394838e+01,2.359605e+01,2.308576e+01,2.286043e+01,2.254551e+01,2.213329e+01,2.187135e+01,2.180231e+01,2.163642e+01,2.180231e+01,2.182303e+01,2.178159e+01,2.176777e+01,2.167100e+01,2.173322e+01,2.175395e+01,2.174704e+01,2.174704e+01,2.180231e+01,2.178159e+01,2.174013e+01,2.172631e+01,2.171940e+01,2.184374e+01,2.169175e+01,2.161566e+01,2.159490e+01,2.153952e+01,2.164334e+01,2.137320e+01,2.131076e+01,2.131076e+01,2.134545e+01,2.142867e+01,2.138013e+01,2.146332e+01,2.149796e+01,2.141480e+01,2.133851e+01,2.121355e+01,2.138707e+01,2.153260e+01,2.142867e+01,2.147025e+01,2.152567e+01,2.149104e+01,2.156721e+01,2.144946e+01,2.151875e+01,2.146332e+01,2.155337e+01,2.163642e+01,2.156721e+01,2.171940e+01,2.168483e+01,2.176777e+01,2.177468e+01,2.178850e+01,2.178159e+01,2.163642e+01,2.165025e+01,2.174704e+01,2.172631e+01,2.188516e+01,2.173322e+01,2.174013e+01,2.178850e+01,2.204376e+01,2.198862e+01,2.198862e+01,2.209886e+01,2.222275e+01,2.203687e+01,2.172631e+01,2.169175e+01,2.173322e+01,2.177468e+01,2.171248e+01,2.162950e+01,2.174704e+01,2.170557e+01,2.178850e+01,2.169866e+01,2.190586e+01,2.178159e+01,2.171940e+01,2.187825e+01,2.170557e+01,2.167792e+01,2.176086e+01,2.165717e+01,2.169866e+01,2.164334e+01,2.162258e+01,2.167100e+01,2.150489e+01,2.156721e+01,2.142174e+01,2.140094e+01,2.151182e+01,2.141480e+01,2.128299e+01,2.142174e+01,2.138013e+01,2.131770e+01,2.099101e+01,2.109539e+01,2.092833e+01,2.086562e+01,2.087956e+01,2.094923e+01,2.085865e+01,2.084470e+01,2.085865e+01,2.052348e+01,2.080286e+01,2.069818e+01,2.064930e+01,2.064231e+01,2.073309e+01,2.089350e+01,2.087259e+01,2.099101e+01,2.108843e+01,2.123439e+01,2.106756e+01,2.142174e+01,2.142867e+01,2.142174e+01,2.147718e+01,2.145639e+01,2.159490e+01,2.147025e+01,2.152567e+01,2.152567e+01,2.147718e+01,2.167792e+01,2.145639e+01,2.156029e+01,2.153952e+01,2.155337e+01,2.158798e+01,2.159490e+01,2.163642e+01,2.156721e+01,2.167792e+01,2.151182e+01,2.159490e+01,2.158798e+01,2.162258e+01,2.167792e+01,2.171248e+01,2.164334e+01,2.163642e+01,2.182303e+01,2.158106e+01,2.171248e+01,2.162258e+01,2.165025e+01,2.161566e+01,2.159490e+01,2.163642e+01,2.160874e+01,2.162950e+01,2.160874e+01,2.166409e+01,2.174704e+01,2.160874e+01,2.168483e+01,2.174013e+01,2.168483e+01,2.176086e+01,2.171940e+01,2.167792e+01,2.147025e+01,2.162950e+01,2.149796e+01,2.136626e+01,2.143560e+01,2.146332e+01,2.151182e+01,2.148411e+01,2.135239e+01,2.150489e+01,2.155337e+01,2.151875e+01,2.158106e+01,2.147718e+01,2.168483e+01,2.147025e+01,2.160182e+01,2.164334e+01,2.159490e+01,2.157414e+01,2.156029e+01,2.144253e+01,2.160182e+01,2.154645e+01,2.158798e+01,2.154645e+01,2.150489e+01,2.151875e+01,2.153260e+01,2.154645e+01,2.160182e+01,2.153260e+01,2.162258e+01,2.157414e+01,2.162950e+01,2.163642e+01,2.166409e+01,2.158798e+01,2.149104e+01,2.160182e+01,2.155337e+01,2.158106e+01,2.149796e+01,2.151875e+01,2.147025e+01,2.145639e+01,2.165717e+01,2.147718e+01,2.144253e+01,2.146332e+01,2.137320e+01,2.135239e+01,2.129688e+01,2.128299e+01,2.133158e+01,2.133158e+01,2.127605e+01,2.128299e+01,2.125522e+01,2.125522e+01,2.124828e+01,2.129688e+01,2.135933e+01,2.122050e+01,2.162258e+01,2.356211e+01,2.512541e+01,2.561917e+01,2.583862e+01,2.581869e+01,2.575887e+01,2.577882e+01,2.590503e+01,2.571233e+01,2.566576e+01,2.569237e+01,2.564580e+01,2.551927e+01,2.553926e+01,2.547929e+01,2.525241e+01,2.532586e+01,2.526577e+01,2.524573e+01,2.496477e+01,2.495807e+01,2.466962e+01,2.462259e+01,2.458898e+01,2.450828e+01,2.407006e+01,2.394161e+01,2.403627e+01,2.365033e+01,2.362998e+01,2.332421e+01,2.314031e+01,2.306530e+01,2.279889e+01,2.269625e+01,2.263461e+01,2.242888e+01,2.227776e+01,2.216082e+01,2.189206e+01,2.196104e+01,2.194725e+01,2.168483e+01,2.165717e+01,2.153952e+01,2.162258e+01,2.160182e+01,2.160874e+01,2.145639e+01,2.151875e+01,2.131076e+01,2.137320e+01,2.140787e+01,2.138707e+01,2.141480e+01,2.130382e+01,2.123439e+01,2.140094e+01,2.133158e+01,2.134545e+01,2.126217e+01,2.136626e+01,2.138013e+01,2.128993e+01,2.138013e+01,2.130382e+01,2.129688e+01,2.119966e+01,2.123439e+01,2.122744e+01,2.122744e+01,2.090743e+01,2.086562e+01,2.085168e+01,2.103277e+01,2.096316e+01,2.103277e+01,2.095619e+01,2.090743e+01,2.091440e+01,2.091440e+01,2.124133e+01,2.158106e+01,2.149796e+01,2.167792e+01,2.169866e+01,2.164334e+01,2.167792e+01,2.162258e+01,2.176086e+01,2.162258e+01,2.147718e+01,2.104669e+01,2.092137e+01,2.087956e+01,2.101885e+01,2.087259e+01,2.081681e+01,2.099101e+01,2.085168e+01,2.080286e+01,2.078891e+01,2.072611e+01,2.076100e+01,2.086562e+01,2.078891e+01,2.083773e+01,2.085168e+01,2.084470e+01,2.084470e+01,2.079589e+01,2.083773e+01,2.087956e+01,2.082378e+01,2.094226e+01,2.092137e+01,2.090047e+01,2.078193e+01,2.088653e+01,2.065628e+01,2.080286e+01,2.073309e+01,2.076798e+01,2.078193e+01,2.085168e+01,2.085865e+01,2.076798e+01,2.069818e+01,2.079589e+01,2.085168e+01,2.149796e+01,2.172631e+01,2.170557e+01,2.190586e+01,2.198172e+01,2.198172e+01,2.196104e+01,2.206442e+01,2.199551e+01,2.201619e+01,2.206442e+01,2.198862e+01,2.203687e+01,2.213329e+01,2.198172e+01,2.205754e+01,2.211952e+01,2.209198e+01,2.203687e+01,2.212641e+01,2.205754e+01,2.211952e+01,2.207820e+01,2.202308e+01,2.209198e+01,2.212641e+01,2.210575e+01,2.227088e+01,2.207820e+01,2.204376e+01,2.223650e+01,2.213329e+01,2.211952e+01,2.215394e+01,2.209886e+01,2.202997e+01,2.189206e+01,2.200930e+01,2.200930e+01,2.198172e+01,2.204376e+01,2.205065e+01,2.200241e+01,2.202308e+01,2.198862e+01,2.197483e+01,2.191276e+01,2.190586e+01,2.192655e+01,2.179540e+01,2.177468e+01,2.181612e+01,2.184374e+01,2.185755e+01,2.179540e+01,2.175395e+01,2.177468e+01,2.183684e+01,2.182303e+01,2.180922e+01,2.185065e+01,2.176086e+01,2.172631e+01,2.173322e+01,2.188516e+01,2.171940e+01,2.185755e+01,2.172631e+01,2.174704e+01,2.176086e+01,2.167792e+01,2.180231e+01,2.167100e+01,2.176086e+01,2.178159e+01,2.165717e+01,2.171940e+01,2.176086e+01,2.173322e+01,2.158798e+01,2.183684e+01,2.178159e+01,2.180922e+01,2.183684e+01,2.182993e+01,2.184374e+01,2.171248e+01,2.192655e+01,2.172631e+01,2.173322e+01,2.182993e+01,2.193345e+01,2.185755e+01,2.189206e+01,2.184374e+01,2.178850e+01,2.189896e+01,2.174704e+01,2.193345e+01,2.191276e+01
2.144946e+01,2.149104e+01,2.146332e+01,2.145639e+01,2.145639e+01,2.144253e+01,2.141480e+01,2.141480e+01,2.149104e+01,2.139400e+01,2.151182e+01,2.149796e+01,2.160874e+01,2.140094e+01,2.149796e+01,2.144946e+01,2.145639e+01,2.135933e+01,2.129688e+01,2.138013e+01,2.142174e+01,2.140094e+01,2.141480e+01,2.133851e+01,2.141480e+01,2.148411e+01,2.133158e+01,2.149796e+01,2.132464e+01,2.140094e+01,2.131076e+01,2.139400e+01,2.131770e+01,2.135239e+01,2.138707e+01,2.137320e+01,2.142174e+01,2.137320e+01,2.138013e+01,2.138707e+01,2.140787e+01,2.140787e+01,2.138707e+01,2.141480e+01,2.153260e+01,2.140787e+01,2.140787e+01,2.142174e+01,2.151182e+01,2.142867e+01,2.160874e+01,2.141480e+01,2.138013e+01,2.149104e+01,2.144946e+01,2.148411e+01,2.143560e+01,2.143560e+01,2.147025e+01,2.138707e+01,2.147718e+01,2.140787e+01,2.144946e+01,2.145639e+01,2.150489e+01,2.146332e+01,2.142174e+01,2.158106e+01,2.158106e+01,2.157414e+01,2.147025e+01,2.145639e+01,2.142174e+01,2.132464e+01,2.144253e+01,2.144253e+01,2.136626e+01,2.151182e+01,2.164334e+01,2.159490e+01,2.152567e+01,2.143560e+01,2.162950e+01,2.168483e+01,2.153260e+01,2.153952e+01,2.155337e+01,2.156029e+01,2.164334e+01,2.161566e+01,2.151182e+01,2.157414e+01,2.158106e+01,2.173322e+01,2.158106e+01,2.158798e+01,2.167792e+01,2.158798e+01,2.178850e+01,2.159490e+01,2.167100e+01,2.168483e+01,2.178850e+01,2.171248e+01,2.172631e+01,2.162258e+01,2.164334e+01,2.157414e+01,2.161566e+01,2.169866e+01,2.166409e+01,2.159490e+01,2.171248e+01,2.175395e+01,2.166409e+01,2.173322e+01,2.174704e+01,2.173322e+01,2.171248e+01,2.180922e+01,2.182993e+01,2.197483e+01,2.194035e+01,2.216771e+01,2.200241e+01,2.216771e+01,2.216771e+01,2.242202e+01,2.252494e+01,2.270309e+01,2.279206e+01,2.288777e+01,2.334462e+01,2.358926e+01,2.386718e+01,2.396867e+01,2.438711e+01,2.471663e+01,2.489106e+01,2.515216e+01,2.538593e+01,2.565245e+01,2.595813e+01,2.617025e+01,2.628277e+01,2.652725e+01,2.678433e+01,2.677117e+01,2.687647e+01,2.706707e+01,2.715240e+01,2.717864e+01,2.718520e+01,2.734251e+01,2.737525e+01,2.738835e+01,2.736216e+01,2.729665e+01,2.722455e+01,2.698824e+01,2.705394e+01,2.689620e+01,2.662620e+01,2.630261e+01,2.634229e+01,2.593822e+01,2.574558e+01,2.541928e+01,2.486425e+01,2.467634e+01,2.429951e+01,2.380623e+01,2.357569e+01,2.313350e+01,2.288777e+01,2.240142e+01,2.213329e+01,2.184374e+01,2.180231e+01,2.170557e+01,2.173322e+01,2.174704e+01,2.167792e+01,2.162258e+01,2.157414e+01,2.169866e+01,2.153260e+01,2.151182e+01,2.151875e+01,2.149796e+01,2.151182e+01,2.138013e+01,2.128299e+01,2.128299e+01,2.124828e+01,2.101885e+01,2.124133e+01,2.117881e+01,2.119966e+01,2.117186e+01,2.131770e+01,2.113711e+01,2.125522e+01,2.130382e+01,2.127605e+01,2.124133e+01,2.133851e+01,2.128993e+01,2.133851e+01,2.138707e+01,2.143560e+01,2.149796e+01,2.144253e+01,2.144946e+01,2.143560e+01,2.153260e+01,2.153952e+01,2.147718e+01,2.144253e+01,2.144946e+01,2.160874e+01,2.149104e+01,2.167792e+01,2.155337e+01,2.171248e+01,2.156029e+01,2.161566e+01,2.154645e+01,2.162258e+01,2.165717e+01,2.174704e+01,2.178159e+01,2.158798e+01,2.160874e+01,2.158798e+01,2.169866e+01,2.174704e+01,2.175395e+01,2.179540e+01,2.182993e+01,2.185755e+01,2.187825e+01,2.188516e+01,2.181612e+01,2.165717e+01,2.174013e+01,2.172631e+01,2.174704e+01,2.178850e+01,2.166409e+01,2.174013e+01,2.174013e+01,2.171940e+01,2.168483e+01,2.185755e+01,2.189896e+01,2.170557e+01,2.172631e+01,2.171248e+01,2.171248e+01,2.169175e+01,2.169175e+01,2.171248e+01,2.168483e+01,2.165717e+01,2.165717e+01,2.164334e+01,2.142867e+01,2.146332e+01,2.149104e+01,2.148411e+01,2.147718e+01,2.147025e+01,2.144253e+01,2.141480e+01,2.125522e+01,2.122050e+01,2.096316e+01,2.093530e+01,2.087956e+01,2.073309e+01,2.089350e+01,2.083076e+01,2.086562e+01,2.076100e+01,2.067723e+01,2.069120e+01,2.065628e+01,2.064930e+01,2.067723e+01,2.073309e+01,2.071913e+01,2.099101e+01,2.091440e+01,2.098405e+01,2.101189e+01,2.115101e+01,2.111625e+01,2.139400e+01,2.147025e+01,2.149104e+01,2.149104e+01,2.147025e+01,2.161566e+01,2.148411e+01,2.149104e+01,2.152567e+01,2.153952e+01,2.149104e+01,2.161566e+01,2.154645e+01,2.153952e+01,2.147025e+01,2.160182e+01,2.160874e+01,2.163642e+01,2.161566e+01,2.153260e+01,2.170557e+01,2.151875e+01,2.164334e+01,2.168483e+01,2.169175e+01,2.153260e+01,2.169175e+01,2.169175e+01,2.158106e+01,2.162950e+01,2.162950e+01,2.162258e+01,2.156029e+01,2.160874e+01,2.158106e+01,2.160182e+01,2.158798e+01,2.161566e+01,2.180922e+01,2.170557e+01,2.153952e+01,2.167792e+01,2.162258e+01,2.165025e+01,2.165025e+01,2.169866e+01,2.159490e+01,2.152567e+01,2.162950e+01,2.160874e+01,2.149104e+01,2.134545e+01,2.129688e+01,2.145639e+01,2.136626e+01,2.135239e+01,2.151182e+01,2.152567e+01,2.149796e+01,2.154645e+01,2.160874e+01,2.153952e+01,2.165025e+01,2.153260e+01,2.151182e+01,2.167100e+01,2.160182e+01,2.156721e+01,2.142174e+01,2.143560e+01,2.142174e+01,2.154645e+01,2.152567e+01,2.147025e+01,2.153260e+01,2.155337e+01,2.160874e+01,2.147025e+01,2.158798e+01,2.162258e+01,2.165025e+01,2.165025e+01,2.144946e+01,2.166409e+01,2.158798e+01,2.161566e+01,2.137320e+01,2.143560e+01,2.151182e+01,2.149796e+01,2.144253e+01,2.144946e+01,2.145639e+01,2.148411e+01,2.153952e+01,2.142867e+01,2.128993e+01,2.146332e+01,2.134545e+01,2.137320e+01,2.133158e+01,2.129688e+01,2.131770e+01,2.137320e+01,2.126217e+01,2.133158e+01,2.124133e+01,2.116491e+01,2.138707e+01,2.122744e+01,2.121355e+01,2.144946e+01,2.327656e+01,2.505851e+01,2.559254e+01,2.579211e+01,2.585191e+01,2.573228e+01,2.595149e+01,2.583198e+01,2.577217e+01,2.581869e+01,2.567241e+01,2.560586e+01,2.560586e+01,2.557923e+01,2.531919e+01,2.528580e+01,2.529248e+01,2.524573e+01,2.501834e+01,2.496477e+01,2.494467e+01,2.470321e+01,2.464275e+01,2.456881e+01,2.447464e+01,2.441405e+01,2.404979e+01,2.402951e+01,2.365033e+01,2.365033e+01,2.334462e+01,2.330379e+01,2.285360e+01,2.281257e+01,2.265516e+01,2.242202e+01,2.255237e+01,2.225026e+01,2.208509e+01,2.195414e+01,2.196793e+01,2.170557e+01,2.169866e+01,2.178159e+01,2.162258e+01,2.160874e+01,2.151182e+01,2.153260e+01,2.150489e+01,2.142867e+01,2.140094e+01,2.143560e+01,2.133158e+01,2.138707e+01,2.127605e+01,2.138013e+01,2.138013e+01,2.126911e+01,2.131770e+01,2.124828e+01,2.134545e+01,2.136626e+01,2.138013e+01,2.135239e+01,2.128993e+01,2.116491e+01,2.136626e+01,2.119966e+01,2.124133e+01,2.118576e+01,2.120660e+01,2.119271e+01,2.114406e+01,2.087259e+01,2.107452e+01,2.090047e+01,2.092833e+01,2.094923e+01,2.096316e+01,2.090047e+01,2.119271e+01,2.145639e+01,2.168483e+01,2.161566e+01,2.167100e+01,2.170557e+01,2.163642e+01,2.166409e+01,2.168483e+01,2.175395e+01,2.167100e+01,2.164334e+01,2.161566e+01,2.118576e+01,2.097012e+01,2.090743e+01,2.085865e+01,2.094226e+01,2.090743e+01,2.084470e+01,2.090743e+01,2.080984e+01,2.072611e+01,2.088653e+01,2.083076e+01,2.084470e+01,2.083076e+01,2.079589e+01,2.080984e+01,2.083773e+01,2.083076e+01,2.088653e+01,2.099797e+01,2.085865e+01,2.084470e+01,2.085865e+01,2.087956e+01,2.076798e+01,2.090047e+01,2.074007e+01,2.081681e+01,2.084470e+01,2.078193e+01,2.080984e+01,2.081681e+01,2.086562e+01,2.083076e+01,2.070517e+01,2.090743e+01,2.092833e+01,2.118576e+01,2.168483e+01,2.187135e+01,2.190586e+01,2.194035e+01,2.214706e+01,2.214017e+01,2.194035e+01,2.209886e+01,2.209886e+01,2.202308e+01,2.200241e+01,2.209198e+01,2.198862e+01,2.195414e+01,2.195414e+01,2.205065e+01,2.215394e+01,2.205065e+01,2.207131e+01,2.207131e+01,2.205754e+01,2.200241e+01,2.222275e+01,2.206442e+01,2.211263e+01,2.209886e+01,2.209886e+01,2.214706e+01,2.205065e+01,2.204376e+01,2.207820e+01,2.206442e+01,2.197483e+01,2.205065e+01,2.202997e+01,2.202997e+01,2.199551e+01,2.197483e+01,2.193345e+01,2.202997e+01,2.204376e+01,2.196793e+01,2.198862e+01,2.200241e+01,2.191965e+01,2.194035e+01,2.193345e+01,2.189206e+01,2.189206e+01,2.187135e+01,2.184374e+01,2.191276e+01,2.197483e+01,2.175395e+01,2.182993e+01,2.200930e+01,2.172631e+01,2.187825e+01,2.189896e+01,2.189206e+01,2.182993e+01,2.191965e+01,2.178850e+01,2.168483e+01,2.176777e+01,2.165025e+01,2.183684e+01,2.173322e+01,2.178159e+01,2.175395e+01,2.177468e+01,2.176086e+01,2.180922e+01,2.177468e+01,2.171248e+01,2.177468e+01,2.174704e+01,2.190586e+01,2.174013e+01,2.174013e+01,2.184374e+01,2.174013e+01,2.184374e+01,2.185065e+01,2.182303e+01,2.185755e+01,2.181612e+01,2.193345e+01,2.175395e+01,2.193345e+01,2.174013e+01,2.198862e+01,2.191965e+01,2.182993e+01,2.192655e+01,2.178159e+01,2.182303e+01,2.174013e+01,2.171940e+01
2.161566e+01,2.156029e+01,2.151875e+01,2.143560e+01,2.145639e+01,2.147718e+01,2.137320e+01,2.159490e+01,2.146332e+01,2.148411e+01,2.149796e+01,2.152567e+01,2.142867e+01,2.144253e+01,2.147718e+01,2.142174e+01,2.147025e+01,2.142174e+01,2.144946e+01,2.146332e+01,2.134545e+01,2.147025e+01,2.131770e+01,2.119271e+01,2.147718e+01,2.148411e+01,2.150489e+01,2.131076e+01,2.154645e+01,2.142867e+01,2.137320e+01,2.145639e+01,2.149104e+01,2.140094e+01,2.132464e+01,2.149796e+01,2.141480e+01,2.138707e+01,2.142174e+01,2.143560e+01,2.145639e+01,2.135239e+01,2.152567e+01,2.153260e+01,2.154645e+01,2.139400e+01,2.142174e+01,2.124828e+01,2.142867e+01,2.153260e+01,2.124133e+01,2.140094e+01,2.140787e+01,2.142867e+01,2.144946e+01,2.146332e+01,2.157414e+01,2.143560e+01,2.142174e+01,2.146332e+01,2.150489e+01,2.143560e+01,2.152567e+01,2.147718e+01,2.151182e+01,2.151182e+01,2.146332e+01,2.158798e+01,2.151875e+01,2.161566e+01,2.144946e+01,2.151182e+01,2.141480e+01,2.137320e+01,2.149796e+01,2.148411e+01,2.151875e+01,2.153952e+01,2.165717e+01,2.165025e+01,2.149104e+01,2.153952e+01,2.151182e+01,2.165025e+01,2.162258e+01,2.161566e+01,2.153260e+01,2.154645e+01,2.158798e+01,2.156029e+01,2.156029e+01,2.158798e+01,2.159490e+01,2.174013e+01,2.178850e+01,2.180922e+01,2.162950e+01,2.169175e+01,2.158106e+01,2.162950e+01,2.172631e+01,2.168483e+01,2.178850e+01,2.168483e+01,2.169175e+01,2.176086e+01,2.162258e+01,2.171248e+01,2.166409e+01,2.167100e+01,2.163642e+01,2.162950e+01,2.174704e+01,2.174013e+01,2.168483e+01,2.171248e+01,2.176777e+01,2.178159e+01,2.173322e+01,2.193345e+01,2.182993e+01,2.186445e+01,2.196793e+01,2.213329e+01,2.218835e+01,2.217459e+01,2.249065e+01,2.246320e+01,2.255237e+01,2.276469e+01,2.288777e+01,2.316758e+01,2.333101e+01,2.360283e+01,2.396190e+01,2.417810e+01,2.448137e+01,2.487095e+01,2.497147e+01,2.530584e+01,2.535924e+01,2.580540e+01,2.616363e+01,2.617025e+01,2.656024e+01,2.664598e+01,2.679092e+01,2.680408e+01,2.705394e+01,2.713928e+01,2.717864e+01,2.725733e+01,2.745380e+01,2.738180e+01,2.741453e+01,2.734251e+01,2.739490e+01,2.736871e+01,2.729010e+01,2.706707e+01,2.703423e+01,2.685015e+01,2.675800e+01,2.631584e+01,2.631584e+01,2.593158e+01,2.578546e+01,2.537925e+01,2.489776e+01,2.490447e+01,2.429951e+01,2.379946e+01,2.365711e+01,2.335823e+01,2.298340e+01,2.254551e+01,2.214017e+01,2.187825e+01,2.179540e+01,2.177468e+01,2.163642e+01,2.158106e+01,2.161566e+01,2.166409e+01,2.156029e+01,2.126911e+01,2.101189e+01,2.106061e+01,2.108843e+01,2.103973e+01,2.093530e+01,2.100493e+01,2.104669e+01,2.099797e+01,2.102581e+01,2.103277e+01,2.100493e+01,2.121355e+01,2.117186e+01,2.110929e+01,2.121355e+01,2.122050e+01,2.123439e+01,2.121355e+01,2.117881e+01,2.130382e+01,2.127605e+01,2.140094e+01,2.148411e+01,2.125522e+01,2.135239e+01,2.138013e+01,2.139400e+01,2.143560e+01,2.151182e+01,2.142867e+01,2.145639e+01,2.153952e+01,2.154645e+01,2.168483e+01,2.167792e+01,2.148411e+01,2.156029e+01,2.156721e+01,2.156721e+01,2.156721e+01,2.167100e+01,2.153260e+01,2.167100e+01,2.174013e+01,2.160874e+01,2.173322e+01,2.172631e+01,2.193345e+01,2.184374e+01,2.176086e+01,2.160874e+01,2.195414e+01,2.189896e+01,2.178159e+01,2.180231e+01,2.182303e+01,2.179540e+01,2.179540e+01,2.181612e+01,2.169175e+01,2.153260e+01,2.162258e+01,2.191965e+01,2.174013e+01,2.174013e+01,2.181612e+01,2.182303e+01,2.170557e+01,2.190586e+01,2.172631e+01,2.190586e+01,2.186445e+01,2.173322e+01,2.169866e+01,2.174704e+01,2.167792e+01,2.165025e+01,2.169866e+01,2.166409e+01,2.168483e+01,2.165717e+01,2.162258e+01,2.153260e+01,2.156029e+01,2.158798e+01,2.156721e+01,2.162950e+01,2.151875e+01,2.142867e+01,2.144946e+01,2.144946e+01,2.138707e+01,2.113711e+01,2.105365e+01,2.085865e+01,2.117881e+01,2.089350e+01,2.083773e+01,2.083076e+01,2.078193e+01,2.067025e+01,2.066327e+01,2.069818e+01,2.068422e+01,2.065628e+01,2.081681e+01,2.083076e+01,2.097012e+01,2.096316e+01,2.125522e+01,2.124133e+01,2.123439e+01,2.144253e+01,2.142867e+01,2.136626e+01,2.151182e+01,2.144946e+01,2.147718e+01,2.151182e+01,2.150489e+01,2.156029e+01,2.165025e+01,2.142174e+01,2.159490e+01,2.157414e+01,2.163642e+01,2.163642e+01,2.163642e+01,2.161566e+01,2.158798e+01,2.162258e+01,2.167100e+01,2.164334e+01,2.165025e+01,2.167100e+01,2.161566e+01,2.164334e+01,2.163642e+01,2.153260e+01,2.167100e+01,2.161566e+01,2.155337e+01,2.161566e+01,2.169866e+01,2.163642e+01,2.159490e+01,2.158798e+01,2.160182e+01,2.162258e+01,2.169866e+01,2.171940e+01,2.186445e+01,2.176086e+01,2.170557e+01,2.153260e+01,2.168483e+01,2.170557e+01,2.170557e+01,2.169175e+01,2.164334e+01,2.165717e+01,2.146332e+01,2.149796e+01,2.141480e+01,2.146332e+01,2.135239e+01,2.139400e+01,2.139400e+01,2.156029e+01,2.153952e+01,2.150489e+01,2.154645e+01,2.162950e+01,2.157414e+01,2.164334e+01,2.162258e+01,2.160182e+01,2.148411e+01,2.156721e+01,2.159490e+01,2.151182e+01,2.144946e+01,2.155337e+01,2.154645e+01,2.153952e+01,2.147025e+01,2.153260e+01,2.154645e+01,2.145639e+01,2.161566e+01,2.162258e+01,2.161566e+01,2.157414e+01,2.165717e+01,2.165025e+01,2.164334e+01,2.153952e+01,2.149796e+01,2.143560e+01,2.146332e+01,2.159490e+01,2.145639e+01,2.143560e+01,2.144946e+01,2.147718e+01,2.141480e+01,2.163642e+01,2.142174e+01,2.131076e+01,2.135239e+01,2.135933e+01,2.144253e+01,2.133158e+01,2.127605e+01,2.124133e+01,2.134545e+01,2.129688e+01,2.123439e+01,2.124828e+01,2.129688e+01,2.123439e+01,2.119966e+01,2.130382e+01,2.139400e+01,2.269625e+01,2.478376e+01,2.566576e+01,2.586519e+01,2.597140e+01,2.595149e+01,2.598467e+01,2.594486e+01,2.597140e+01,2.577217e+01,2.567907e+01,2.568572e+01,2.555258e+01,2.562583e+01,2.543929e+01,2.558588e+01,2.521232e+01,2.528580e+01,2.523905e+01,2.505851e+01,2.491117e+01,2.499156e+01,2.488436e+01,2.464275e+01,2.440058e+01,2.440058e+01,2.436690e+01,2.400924e+01,2.385364e+01,2.375203e+01,2.353495e+01,2.329699e+01,2.298340e+01,2.299023e+01,2.283993e+01,2.262776e+01,2.238082e+01,2.242202e+01,2.225713e+01,2.198862e+01,2.196793e+01,2.181612e+01,2.181612e+01,2.164334e+01,2.179540e+01,2.160182e+01,2.150489e+01,2.139400e+01,2.154645e+01,2.152567e+01,2.137320e+01,2.151875e+01,2.140787e+01,2.137320e+01,2.147025e+01,2.135933e+01,2.134545e+01,2.124828e+01,2.131076e+01,2.134545e+01,2.128993e+01,2.135239e+01,2.131770e+01,2.138013e+01,2.124133e+01,2.116491e+01,2.140094e+01,2.122744e+01,2.131770e+01,2.128299e+01,2.121355e+01,2.140094e+01,2.120660e+01,2.122744e+01,2.103277e+01,2.102581e+01,2.094923e+01,2.097012e+01,2.087259e+01,2.089350e+01,2.117881e+01,2.151182e+01,2.165025e+01,2.164334e+01,2.168483e+01,2.167100e+01,2.175395e+01,2.169175e+01,2.167792e+01,2.175395e+01,2.187135e+01,2.170557e+01,2.162950e+01,2.126217e+01,2.124133e+01,2.118576e+01,2.097709e+01,2.092137e+01,2.093530e+01,2.085168e+01,2.076798e+01,2.083076e+01,2.087259e+01,2.085168e+01,2.083773e+01,2.088653e+01,2.081681e+01,2.077496e+01,2.084470e+01,2.080286e+01,2.087956e+01,2.080286e+01,2.093530e+01,2.094226e+01,2.087259e+01,2.088653e+01,2.093530e+01,2.080984e+01,2.089350e+01,2.088653e+01,2.083773e+01,2.083076e+01,2.083076e+01,2.080286e+01,2.078193e+01,2.087259e+01,2.087259e+01,2.085865e+01,2.090743e+01,2.085865e+01,2.118576e+01,2.173322e+01,2.194725e+01,2.189896e+01,2.198862e+01,2.205754e+01,2.213329e+01,2.216771e+01,2.199551e+01,2.205754e+01,2.198862e+01,2.205065e+01,2.200930e+01,2.202308e+01,2.211263e+01,2.209198e+01,2.211263e+01,2.210575e+01,2.207820e+01,2.205754e+01,2.205754e+01,2.201619e+01,2.204376e+01,2.205754e+01,2.201619e+01,2.209198e+01,2.208509e+01,2.221587e+01,2.220211e+01,2.205754e+01,2.225713e+01,2.226401e+01,2.205065e+01,2.196793e+01,2.198172e+01,2.204376e+01,2.201619e+01,2.200241e+01,2.200930e+01,2.199551e+01,2.200930e+01,2.195414e+01,2.196104e+01,2.189206e+01,2.199551e+01,2.197483e+01,2.195414e+01,2.194035e+01,2.185755e+01,2.196793e+01,2.196104e+01,2.199551e+01,2.186445e+01,2.190586e+01,2.189206e+01,2.196104e+01,2.175395e+01,2.176777e+01,2.171940e+01,2.181612e+01,2.178850e+01,2.171940e+01,2.187135e+01,2.172631e+01,2.180922e+01,2.190586e+01,2.185065e+01,2.186445e+01,2.175395e+01,2.179540e+01,2.185065e+01,2.175395e+01,2.171248e+01,2.176777e+01,2.165025e+01,2.181612e+01,2.173322e+01,2.175395e+01,2.181612e+01,2.184374e+01,2.178159e+01,2.179540e+01,2.183684e+01,2.185065e+01,2.186445e+01,2.185065e+01,2.181612e+01,2.191965e+01,2.183684e+01,2.189896e+01,2.192655e+01,2.178159e+01,2.169175e+01,2.186445e+01,2.198862e+01,2.187825e+01,2.181612e+01,2.185065e+01,2.185755e+01,2.191965e+01
2.140787e+01,2.142174e+01,2.143560e+01,2.154645e+01,2.150489e+01,2.156721e+01,2.148411e+01,2.142867e+01,2.156721e+01,2.148411e+01,2.150489e+01,2.138013e+01,2.147718e+01,2.145639e+01,2.139400e+01,2.135933e+01,2.147025e+01,2.145639e+01,2.127605e+01,2.135239e+01,2.139400e+01,2.143560e+01,2.131076e+01,2.142867e+01,2.128299e+01,2.135933e+01,2.137320e+01,2.142174e+01,2.129688e+01,2.140094e+01,2.147718e+01,2.141480e+01,2.144946e+01,2.124133e+01,2.146332e+01,2.148411e+01,2.147718e+01,2.144946e+01,2.144253e+01,2.139400e+01,2.139400e+01,2.147718e+01,2.135933e+01,2.141480e+01,2.142867e+01,2.149796e+01,2.145639e+01,2.152567e+01,2.144253e+01,2.147025e+01,2.158106e+01,2.151875e+01,2.135933e+01,2.153952e+01,2.153952e+01,2.145639e+01,2.147025e+01,2.153952e+01,2.149796e+01,2.158798e+01,2.153952e+01,2.149104e+01,2.144253e+01,2.153952e+01,2.150489e+01,2.144253e+01,2.169866e+01,2.165717e+01,2.155337e+01,2.165025e+01,2.156721e+01,2.152567e+01,2.153260e+01,2.146332e+01,2.168483e+01,2.160874e+01,2.153952e+01,2.176086e+01,2.153952e+01,2.161566e+01,2.140787e+01,2.159490e+01,2.162950e+01,2.159490e+01,2.162258e+01,2.158798e+01,2.160182e+01,2.152567e+01,2.166409e+01,2.151182e+01,2.167100e+01,2.160182e+01,2.156029e+01,2.154645e+01,2.161566e+01,2.164334e+01,2.169175e+01,2.159490e+01,2.176777e+01,2.152567e+01,2.160182e+01,2.161566e+01,2.164334e+01,2.169866e+01,2.164334e+01,2.156721e+01,2.171248e+01,2.167100e+01,2.162950e+01,2.165025e+01,2.166409e+01,2.164334e+01,2.178159e+01,2.165025e+01,2.168483e+01,2.176777e+01,2.177468e+01,2.171940e+01,2.192655e+01,2.182993e+01,2.191965e+01,2.192655e+01,2.214017e+01,2.216771e+01,2.225713e+01,2.219523e+01,2.253180e+01,2.247692e+01,2.266201e+01,2.288094e+01,2.295609e+01,2.337183e+01,2.356211e+01,2.366390e+01,2.395514e+01,2.419160e+01,2.466291e+01,2.477705e+01,2.525241e+01,2.529916e+01,2.575223e+01,2.581205e+01,2.615701e+01,2.650745e+01,2.650084e+01,2.670530e+01,2.686989e+01,2.680408e+01,2.721799e+01,2.711303e+01,2.725078e+01,2.736871e+01,2.749305e+01,2.734906e+01,2.747997e+01,2.742108e+01,2.732941e+01,2.736216e+01,2.722455e+01,2.719832e+01,2.703423e+01,2.676458e+01,2.679092e+01,2.631584e+01,2.630923e+01,2.579876e+01,2.576552e+01,2.551927e+01,2.509196e+01,2.471663e+01,2.433321e+01,2.401600e+01,2.367746e+01,2.343983e+01,2.292877e+01,2.283993e+01,2.229838e+01,2.214706e+01,2.193345e+01,2.170557e+01,2.169866e+01,2.158798e+01,2.171248e+01,2.156721e+01,2.131076e+01,2.096316e+01,2.101189e+01,2.103973e+01,2.101885e+01,2.092833e+01,2.097012e+01,2.101189e+01,2.099797e+01,2.100493e+01,2.110929e+01,2.090743e+01,2.104669e+01,2.117186e+01,2.099797e+01,2.126911e+01,2.110929e+01,2.120660e+01,2.122050e+01,2.121355e+01,2.119271e+01,2.118576e+01,2.124828e+01,2.138707e+01,2.136626e+01,2.133851e+01,2.135239e+01,2.136626e+01,2.135239e+01,2.140787e+01,2.142867e+01,2.151875e+01,2.146332e+01,2.156721e+01,2.146332e+01,2.146332e+01,2.146332e+01,2.149796e+01,2.170557e+01,2.164334e+01,2.153260e+01,2.151182e+01,2.170557e+01,2.160182e+01,2.160874e+01,2.166409e+01,2.165025e+01,2.162950e+01,2.164334e+01,2.176777e+01,2.188516e+01,2.206442e+01,2.185065e+01,2.191965e+01,2.196104e+01,2.177468e+01,2.180922e+01,2.179540e+01,2.176086e+01,2.172631e+01,2.172631e+01,2.171248e+01,2.175395e+01,2.171248e+01,2.180922e+01,2.180922e+01,2.171940e+01,2.176777e+01,2.178850e+01,2.176777e+01,2.187825e+01,2.175395e+01,2.180231e+01,2.169866e+01,2.174704e+01,2.169866e+01,2.171940e+01,2.167792e+01,2.171940e+01,2.169175e+01,2.178850e+01,2.176086e+01,2.155337e+01,2.168483e+01,2.148411e+01,2.148411e+01,2.168483e+01,2.163642e+01,2.149796e+01,2.141480e+01,2.158798e+01,2.140094e+01,2.146332e+01,2.157414e+01,2.132464e+01,2.128993e+01,2.134545e+01,2.128299e+01,2.134545e+01,2.111625e+01,2.103277e+01,2.101885e+01,2.082378e+01,2.068422e+01,2.069818e+01,2.067025e+01,2.072611e+01,2.074007e+01,2.085168e+01,2.094923e+01,2.089350e+01,2.123439e+01,2.097709e+01,2.118576e+01,2.128299e+01,2.129688e+01,2.149796e+01,2.142867e+01,2.142867e+01,2.151182e+01,2.159490e+01,2.149796e+01,2.149796e+01,2.148411e+01,2.152567e+01,2.144946e+01,2.152567e+01,2.162258e+01,2.160182e+01,2.162258e+01,2.160182e+01,2.165025e+01,2.166409e+01,2.165717e+01,2.150489e+01,2.162258e+01,2.168483e+01,2.166409e+01,2.173322e+01,2.158798e+01,2.153952e+01,2.162258e+01,2.165025e+01,2.153260e+01,2.161566e+01,2.159490e+01,2.166409e+01,2.160874e+01,2.161566e+01,2.174704e+01,2.182993e+01,2.160874e+01,2.169866e+01,2.159490e+01,2.170557e+01,2.174704e+01,2.174013e+01,2.159490e+01,2.171248e+01,2.156721e+01,2.163642e+01,2.168483e+01,2.170557e+01,2.148411e+01,2.144946e+01,2.142174e+01,2.144946e+01,2.133851e+01,2.142174e+01,2.140094e+01,2.158106e+01,2.156721e+01,2.151875e+01,2.159490e+01,2.157414e+01,2.151875e+01,2.157414e+01,2.158798e+01,2.147718e+01,2.160874e+01,2.151875e+01,2.138013e+01,2.135239e+01,2.156029e+01,2.148411e+01,2.152567e+01,2.154645e+01,2.157414e+01,2.158798e+01,2.152567e+01,2.156029e+01,2.156721e+01,2.162258e+01,2.162258e+01,2.162950e+01,2.165717e+01,2.161566e+01,2.147025e+01,2.159490e+01,2.143560e+01,2.137320e+01,2.144946e+01,2.161566e+01,2.147025e+01,2.142867e+01,2.146332e+01,2.146332e+01,2.142174e+01,2.140094e+01,2.140094e+01,2.143560e+01,2.142867e+01,2.137320e+01,2.130382e+01,2.131770e+01,2.124133e+01,2.130382e+01,2.128299e+01,2.122050e+01,2.127605e+01,2.126911e+01,2.125522e+01,2.123439e+01,2.125522e+01,2.124828e+01,2.142174e+01,2.216082e+01,2.400924e+01,2.515885e+01,2.562583e+01,2.599130e+01,2.595813e+01,2.595813e+01,2.593822e+01,2.595813e+01,2.574558e+01,2.572563e+01,2.561252e+01,2.561917e+01,2.547929e+01,2.533921e+01,2.545262e+01,2.529248e+01,2.529916e+01,2.540594e+01,2.500495e+01,2.511203e+01,2.500495e+01,2.492457e+01,2.473677e+01,2.456209e+01,2.435343e+01,2.411734e+01,2.409708e+01,2.394161e+01,2.368424e+01,2.349419e+01,2.334462e+01,2.323571e+01,2.290827e+01,2.292877e+01,2.265516e+01,2.240142e+01,2.243575e+01,2.218835e+01,2.209886e+01,2.199551e+01,2.188516e+01,2.171248e+01,2.163642e+01,2.160874e+01,2.153260e+01,2.163642e+01,2.149104e+01,2.157414e+01,2.149796e+01,2.137320e+01,2.135239e+01,2.141480e+01,2.141480e+01,2.142174e+01,2.132464e+01,2.134545e+01,2.133158e+01,2.128993e+01,2.130382e+01,2.137320e+01,2.133158e+01,2.117186e+01,2.115796e+01,2.133851e+01,2.124133e+01,2.153952e+01,2.120660e+01,2.124828e+01,2.128993e+01,2.122050e+01,2.119271e+01,2.119271e+01,2.156029e+01,2.122050e+01,2.088653e+01,2.088653e+01,2.096316e+01,2.091440e+01,2.116491e+01,2.140787e+01,2.144946e+01,2.160874e+01,2.167792e+01,2.169866e+01,2.169175e+01,2.172631e+01,2.173322e+01,2.163642e+01,2.167792e+01,2.176777e+01,2.174704e+01,2.172631e+01,2.173322e+01,2.158798e+01,2.167100e+01,2.120660e+01,2.099101e+01,2.092833e+01,2.080984e+01,2.071215e+01,2.090047e+01,2.083773e+01,2.075403e+01,2.071215e+01,2.089350e+01,2.082378e+01,2.077496e+01,2.076100e+01,2.085168e+01,2.086562e+01,2.080286e+01,2.092833e+01,2.087259e+01,2.083076e+01,2.083773e+01,2.093530e+01,2.087956e+01,2.083076e+01,2.084470e+01,2.078193e+01,2.074705e+01,2.075403e+01,2.079589e+01,2.077496e+01,2.070517e+01,2.086562e+01,2.081681e+01,2.083076e+01,2.078891e+01,2.115101e+01,2.166409e+01,2.191276e+01,2.198172e+01,2.194725e+01,2.192655e+01,2.213329e+01,2.216082e+01,2.213329e+01,2.201619e+01,2.204376e+01,2.205065e+01,2.205754e+01,2.207131e+01,2.204376e+01,2.198862e+01,2.209198e+01,2.211952e+01,2.210575e+01,2.201619e+01,2.199551e+01,2.205754e+01,2.209198e+01,2.209886e+01,2.202308e+01,2.199551e+01,2.218835e+01,2.204376e+01,2.213329e+01,2.205065e+01,2.202308e+01,2.203687e+01,2.201619e+01,2.201619e+01,2.198862e+01,2.201619e+01,2.193345e+01,2.199551e+01,2.190586e+01,2.196793e+01,2.201619e+01,2.196793e+01,2.189896e+01,2.194035e+01,2.195414e+01,2.189206e+01,2.182303e+01,2.198862e+01,2.187825e+01,2.191276e+01,2.191965e+01,2.174013e+01,2.180231e+01,2.177468e+01,2.191276e+01,2.171940e+01,2.176777e+01,2.173322e+01,2.170557e+01,2.174013e+01,2.190586e+01,2.167100e+01,2.179540e+01,2.174013e+01,2.176777e+01,2.196104e+01,2.180922e+01,2.185755e+01,2.171248e+01,2.178159e+01,2.175395e+01,2.200241e+01,2.172631e+01,2.171940e+01,2.165717e+01,2.178159e+01,2.177468e+01,2.178850e+01,2.176086e+01,2.178159e+01,2.175395e+01,2.178159e+01,2.174704e+01,2.176777e+01,2.181612e+01,2.184374e+01,2.203687e+01,2.185065e+01,2.186445e+01,2.194725e+01,2.191965e+01,2.185065e+01,2.180231e+01,2.180922e+01,2.200930e+01,2.181612e+01,2.188516e+01,2.181612e+01,2.195414e+01,2.184374e+01
2.141480e+01,2.145639e+01,2.142174e+01,2.158106e+01,2.151875e+01,2.132464e+01,2.150489e+01,2.145639e+01,2.137320e+01,2.149104e+01,2.151875e+01,2.144253e+01,2.141480e+01,2.145639e+01,2.149796e+01,2.148411e+01,2.147718e+01,2.148411e+01,2.146332e+01,2.144946e+01,2.140787e+01,2.142867e+01,2.138013e+01,2.145639e+01,2.128299e+01,2.145639e+01,2.136626e+01,2.142174e+01,2.141480e+01,2.133158e+01,2.144946e+01,2.141480e+01,2.142174e+01,2.139400e+01,2.147718e+01,2.151182e+01,2.135933e+01,2.117881e+01,2.143560e+01,2.144946e+01,2.138013e+01,2.148411e+01,2.138707e+01,2.143560e+01,2.144946e+01,2.142867e+01,2.149796e+01,2.140787e+01,2.155337e+01,2.124828e+01,2.143560e+01,2.157414e+01,2.142867e+01,2.152567e+01,2.148411e+01,2.146332e+01,2.158798e+01,2.151875e+01,2.164334e+01,2.158798e+01,2.147718e+01,2.148411e+01,2.149796e+01,2.147718e+01,2.153260e+01,2.175395e+01,2.147718e+01,2.149796e+01,2.144946e+01,2.156029e+01,2.151875e+01,2.151875e+01,2.156721e+01,2.152567e+01,2.151875e+01,2.153260e+01,2.160874e+01,2.156721e+01,2.158106e+01,2.140787e+01,2.170557e+01,2.154645e+01,2.160182e+01,2.160182e+01,2.161566e+01,2.157414e+01,2.156029e+01,2.172631e+01,2.153952e+01,2.168483e+01,2.156721e+01,2.155337e+01,2.158106e+01,2.168483e+01,2.159490e+01,2.162258e+01,2.159490e+01,2.171248e+01,2.171940e+01,2.163642e+01,2.185755e+01,2.168483e+01,2.170557e+01,2.152567e+01,2.156029e+01,2.169175e+01,2.164334e+01,2.167792e+01,2.171940e+01,2.171248e+01,2.174013e+01,2.176086e+01,2.168483e+01,2.176086e+01,2.162258e+01,2.164334e+01,2.175395e+01,2.188516e+01,2.169866e+01,2.192655e+01,2.190586e+01,2.191276e+01,2.190586e+01,2.201619e+01,2.227088e+01,2.226401e+01,2.233961e+01,2.258665e+01,2.266886e+01,2.282625e+01,2.285360e+01,2.335143e+01,2.356211e+01,2.373170e+01,2.415785e+01,2.442752e+01,2.471663e+01,2.485084e+01,2.531919e+01,2.552594e+01,2.575887e+01,2.583198e+01,2.610401e+01,2.623645e+01,2.650745e+01,2.665916e+01,2.681725e+01,2.690936e+01,2.710646e+01,2.723767e+01,2.738180e+01,2.728355e+01,2.747997e+01,2.755189e+01,2.740799e+01,2.741453e+01,2.738180e+01,2.734251e+01,2.719176e+01,2.717864e+01,2.699481e+01,2.672506e+01,2.673165e+01,2.639517e+01,2.634229e+01,2.614376e+01,2.575223e+01,2.551261e+01,2.515885e+01,2.470321e+01,2.432647e+01,2.403627e+01,2.367746e+01,2.343983e+01,2.302436e+01,2.269625e+01,2.219523e+01,2.196104e+01,2.185065e+01,2.180231e+01,2.158798e+01,2.178159e+01,2.176086e+01,2.156721e+01,2.088653e+01,2.100493e+01,2.087956e+01,2.099797e+01,2.077496e+01,2.091440e+01,2.088653e+01,2.091440e+01,2.103973e+01,2.096316e+01,2.102581e+01,2.092833e+01,2.098405e+01,2.104669e+01,2.108843e+01,2.121355e+01,2.119271e+01,2.110234e+01,2.120660e+01,2.121355e+01,2.127605e+01,2.117881e+01,2.091440e+01,2.135239e+01,2.133851e+01,2.120660e+01,2.125522e+01,2.136626e+01,2.149104e+01,2.137320e+01,2.141480e+01,2.153952e+01,2.144946e+01,2.141480e+01,2.147025e+01,2.161566e+01,2.146332e+01,2.146332e+01,2.155337e+01,2.164334e+01,2.162950e+01,2.165025e+01,2.173322e+01,2.160182e+01,2.174704e+01,2.162950e+01,2.178850e+01,2.167100e+01,2.171248e+01,2.176777e+01,2.178850e+01,2.176777e+01,2.182303e+01,2.193345e+01,2.185755e+01,2.169866e+01,2.178159e+01,2.177468e+01,2.176777e+01,2.167100e+01,2.179540e+01,2.177468e+01,2.175395e+01,2.167100e+01,2.176777e+01,2.179540e+01,2.176086e+01,2.188516e+01,2.182303e+01,2.187135e+01,2.187825e+01,2.183684e+01,2.186445e+01,2.187825e+01,2.178159e+01,2.194725e+01,2.180922e+01,2.174013e+01,2.176086e+01,2.180231e+01,2.173322e+01,2.171940e+01,2.171248e+01,2.151875e+01,2.169866e+01,2.170557e+01,2.164334e+01,2.167792e+01,2.167792e+01,2.148411e+01,2.149104e+01,2.142174e+01,2.146332e+01,2.145639e+01,2.129688e+01,2.157414e+01,2.152567e+01,2.131076e+01,2.135933e+01,2.114406e+01,2.133851e+01,2.110929e+01,2.108843e+01,2.095619e+01,2.071913e+01,2.067025e+01,2.069818e+01,2.084470e+01,2.071913e+01,2.085168e+01,2.087259e+01,2.105365e+01,2.120660e+01,2.131076e+01,2.126217e+01,2.133158e+01,2.146332e+01,2.140094e+01,2.147025e+01,2.145639e+01,2.139400e+01,2.154645e+01,2.141480e+01,2.142867e+01,2.151182e+01,2.158106e+01,2.158106e+01,2.158798e+01,2.164334e+01,2.151182e+01,2.147025e+01,2.144946e+01,2.149104e+01,2.165717e+01,2.151875e+01,2.158106e+01,2.166409e+01,2.168483e+01,2.167792e+01,2.167100e+01,2.162950e+01,2.156029e+01,2.171248e+01,2.153260e+01,2.164334e+01,2.168483e+01,2.171248e+01,2.171940e+01,2.161566e+01,2.171940e+01,2.171248e+01,2.165717e+01,2.173322e+01,2.163642e+01,2.186445e+01,2.174704e+01,2.171248e+01,2.174704e+01,2.176777e+01,2.161566e+01,2.169175e+01,2.160874e+01,2.167100e+01,2.144253e+01,2.135933e+01,2.131770e+01,2.134545e+01,2.139400e+01,2.142867e+01,2.144253e+01,2.154645e+01,2.156721e+01,2.158798e+01,2.141480e+01,2.162258e+01,2.153952e+01,2.156029e+01,2.148411e+01,2.146332e+01,2.145639e+01,2.149104e+01,2.147025e+01,2.142867e+01,2.156029e+01,2.152567e+01,2.155337e+01,2.153260e+01,2.154645e+01,2.156029e+01,2.144946e+01,2.155337e+01,2.158798e+01,2.162950e+01,2.161566e+01,2.162950e+01,2.155337e+01,2.153952e+01,2.153952e+01,2.136626e+01,2.156721e+01,2.149796e+01,2.133158e+01,2.162950e+01,2.155337e+01,2.145639e+01,2.142867e+01,2.144946e+01,2.142174e+01,2.144253e+01,2.138707e+01,2.152567e+01,2.140787e+01,2.130382e+01,2.131076e+01,2.130382e+01,2.131770e+01,2.147718e+01,2.129688e+01,2.140094e+01,2.129688e+01,2.122050e+01,2.115796e+01,2.114406e+01,2.121355e+01,2.133158e+01,2.126911e+01,2.142867e+01,2.301753e+01,2.480388e+01,2.562583e+01,2.593822e+01,2.597803e+01,2.596476e+01,2.603772e+01,2.591831e+01,2.599793e+01,2.576552e+01,2.575223e+01,2.573228e+01,2.559254e+01,2.564580e+01,2.549262e+01,2.557923e+01,2.527245e+01,2.523905e+01,2.525241e+01,2.507189e+01,2.489776e+01,2.484413e+01,2.487095e+01,2.487095e+01,2.450828e+01,2.432647e+01,2.413085e+01,2.410383e+01,2.402951e+01,2.365033e+01,2.325614e+01,2.323571e+01,2.303801e+01,2.293560e+01,2.277153e+01,2.253866e+01,2.249065e+01,2.223650e+01,2.221587e+01,2.198862e+01,2.212641e+01,2.198862e+01,2.177468e+01,2.174013e+01,2.162258e+01,2.162258e+01,2.165025e+01,2.160182e+01,2.162950e+01,2.140094e+01,2.138013e+01,2.144946e+01,2.140094e+01,2.135933e+01,2.140094e+01,2.142867e+01,2.130382e+01,2.127605e+01,2.134545e+01,2.135239e+01,2.124133e+01,2.133158e+01,2.129688e+01,2.121355e+01,2.139400e+01,2.137320e+01,2.125522e+01,2.125522e+01,2.128993e+01,2.122050e+01,2.143560e+01,2.123439e+01,2.126217e+01,2.125522e+01,2.101885e+01,2.097012e+01,2.094923e+01,2.125522e+01,2.133158e+01,2.146332e+01,2.143560e+01,2.146332e+01,2.167100e+01,2.156721e+01,2.163642e+01,2.169175e+01,2.174704e+01,2.175395e+01,2.166409e+01,2.186445e+01,2.184374e+01,2.173322e+01,2.208509e+01,2.180922e+01,2.171248e+01,2.148411e+01,2.147025e+01,2.114406e+01,2.091440e+01,2.105365e+01,2.094226e+01,2.087259e+01,2.083076e+01,2.082378e+01,2.069120e+01,2.080984e+01,2.073309e+01,2.080286e+01,2.083076e+01,2.084470e+01,2.088653e+01,2.085168e+01,2.086562e+01,2.085168e+01,2.085865e+01,2.088653e+01,2.082378e+01,2.078193e+01,2.078193e+01,2.076798e+01,2.076798e+01,2.078193e+01,2.080984e+01,2.067025e+01,2.070517e+01,2.087259e+01,2.078891e+01,2.059340e+01,2.073309e+01,2.115796e+01,2.171248e+01,2.180231e+01,2.190586e+01,2.185065e+01,2.199551e+01,2.215394e+01,2.194725e+01,2.216771e+01,2.220211e+01,2.211952e+01,2.209886e+01,2.206442e+01,2.208509e+01,2.205754e+01,2.199551e+01,2.207131e+01,2.202997e+01,2.199551e+01,2.215394e+01,2.205754e+01,2.205065e+01,2.207820e+01,2.202308e+01,2.214017e+01,2.202308e+01,2.209886e+01,2.198172e+01,2.203687e+01,2.204376e+01,2.202997e+01,2.204376e+01,2.200241e+01,2.195414e+01,2.201619e+01,2.196793e+01,2.191965e+01,2.188516e+01,2.191276e+01,2.196104e+01,2.194035e+01,2.198862e+01,2.200930e+01,2.196104e+01,2.193345e+01,2.171940e+01,2.187825e+01,2.189206e+01,2.187825e+01,2.177468e+01,2.175395e+01,2.183684e+01,2.195414e+01,2.194035e+01,2.182993e+01,2.193345e+01,2.171248e+01,2.171940e+01,2.176777e+01,2.176777e+01,2.178850e+01,2.175395e+01,2.169175e+01,2.179540e+01,2.182993e+01,2.172631e+01,2.178159e+01,2.180231e+01,2.183684e+01,2.178850e+01,2.184374e+01,2.183684e+01,2.180922e+01,2.194725e+01,2.167792e+01,2.185065e+01,2.177468e+01,2.187825e+01,2.181612e+01,2.185755e+01,2.187825e+01,2.180231e+01,2.181612e+01,2.180922e+01,2.178159e+01,2.191276e+01,2.181612e+01,2.191276e+01,2.180922e+01,2.194035e+01,2.191965e+01,2.189896e+01,2.191965e+01,2.188516e+01,2.186445e+01,2.179540e+01,2.188516e+01,2.198862e+01,2.188516e+01,2.174013e+01
2.144253e+01,2.142867e+01,2.151875e+01,2.144253e+01,2.138013e+01,2.133158e+01,2.135933e+01,2.141480e+01,2.153952e+01,2.141480e+01,2.149104e+01,2.149104e+01,2.162950e+01,2.144946e+01,2.144946e+01,2.138013e+01,2.134545e+01,2.133851e+01,2.131076e+01,2.142174e+01,2.143560e+01,2.142174e+01,2.132464e+01,2.134545e+01,2.142867e+01,2.138013e+01,2.139400e+01,2.133851e+01,2.144946e+01,2.141480e+01,2.128299e+01,2.140094e+01,2.144253e+01,2.143560e+01,2.149104e+01,2.135239e+01,2.149104e+01,2.142174e+01,2.140094e+01,2.142867e+01,2.137320e+01,2.144946e+01,2.151182e+01,2.140094e+01,2.154645e+01,2.145639e+01,2.148411e+01,2.147025e+01,2.148411e+01,2.142867e+01,2.144946e+01,2.148411e+01,2.147025e+01,2.153952e+01,2.151875e+01,2.154645e+01,2.156721e+01,2.151875e+01,2.158106e+01,2.153260e+01,2.153952e+01,2.151182e+01,2.157414e+01,2.160874e+01,2.142174e+01,2.162258e+01,2.158106e+01,2.153952e+01,2.151182e+01,2.154645e+01,2.156721e+01,2.157414e+01,2.148411e+01,2.163642e+01,2.151875e+01,2.160182e+01,2.159490e+01,2.157414e+01,2.157414e+01,2.166409e+01,2.162950e+01,2.159490e+01,2.161566e+01,2.160182e+01,2.159490e+01,2.159490e+01,2.155337e+01,2.153952e+01,2.162258e+01,2.171248e+01,2.159490e+01,2.166409e+01,2.165025e+01,2.182993e+01,2.168483e+01,2.171248e+01,2.162258e+01,2.162950e+01,2.162258e+01,2.176777e+01,2.159490e+01,2.162950e+01,2.165717e+01,2.165025e+01,2.153952e+01,2.168483e+01,2.166409e+01,2.176777e+01,2.158798e+01,2.164334e+01,2.165717e+01,2.176777e+01,2.174704e+01,2.165717e+01,2.174013e+01,2.179540e+01,2.178850e+01,2.176086e+01,2.185065e+01,2.194725e+01,2.196793e+01,2.193345e+01,2.225026e+01,2.214706e+01,2.218835e+01,2.233961e+01,2.243575e+01,2.259350e+01,2.279206e+01,2.287410e+01,2.314031e+01,2.341264e+01,2.354174e+01,2.388748e+01,2.405655e+01,2.439385e+01,2.473677e+01,2.503173e+01,2.512541e+01,2.555258e+01,2.579211e+01,2.605761e+01,2.610401e+01,2.646783e+01,2.661301e+01,2.685015e+01,2.690278e+01,2.692251e+01,2.710646e+01,2.724422e+01,2.732941e+01,2.738180e+01,2.740144e+01,2.741453e+01,2.737525e+01,2.745380e+01,2.742108e+01,2.743417e+01,2.739490e+01,2.719176e+01,2.717864e+01,2.687647e+01,2.685673e+01,2.658003e+01,2.634229e+01,2.594486e+01,2.573228e+01,2.553260e+01,2.517890e+01,2.474349e+01,2.453519e+01,2.407681e+01,2.394161e+01,2.342623e+01,2.322209e+01,2.267571e+01,2.234648e+01,2.210575e+01,2.196104e+01,2.178850e+01,2.152567e+01,2.176777e+01,2.140094e+01,2.108148e+01,2.086562e+01,2.083773e+01,2.092137e+01,2.076100e+01,2.090743e+01,2.087956e+01,2.088653e+01,2.097012e+01,2.090743e+01,2.092833e+01,2.108148e+01,2.100493e+01,2.099101e+01,2.103973e+01,2.104669e+01,2.099797e+01,2.107452e+01,2.109539e+01,2.107452e+01,2.121355e+01,2.120660e+01,2.116491e+01,2.120660e+01,2.132464e+01,2.135239e+01,2.128993e+01,2.135933e+01,2.136626e+01,2.123439e+01,2.140094e+01,2.145639e+01,2.147025e+01,2.141480e+01,2.153260e+01,2.141480e+01,2.149104e+01,2.156721e+01,2.147718e+01,2.153952e+01,2.159490e+01,2.165025e+01,2.172631e+01,2.162950e+01,2.169866e+01,2.165717e+01,2.167100e+01,2.182303e+01,2.176086e+01,2.176086e+01,2.174704e+01,2.189896e+01,2.180231e+01,2.187825e+01,2.185755e+01,2.193345e+01,2.187825e+01,2.182303e+01,2.176777e+01,2.178159e+01,2.172631e+01,2.174013e+01,2.172631e+01,2.176086e+01,2.178159e+01,2.180922e+01,2.174704e+01,2.175395e+01,2.173322e+01,2.180231e+01,2.185065e+01,2.178159e+01,2.182303e+01,2.185065e+01,2.184374e+01,2.194725e+01,2.187135e+01,2.176777e+01,2.177468e+01,2.176777e+01,2.176086e+01,2.178159e+01,2.170557e+01,2.174013e+01,2.169866e+01,2.157414e+01,2.167792e+01,2.164334e+01,2.164334e+01,2.162950e+01,2.165025e+01,2.162258e+01,2.158798e+01,2.158106e+01,2.153260e+01,2.157414e+01,2.147025e+01,2.135933e+01,2.136626e+01,2.140787e+01,2.135933e+01,2.108148e+01,2.110234e+01,2.100493e+01,2.101885e+01,2.091440e+01,2.089350e+01,2.075403e+01,2.077496e+01,2.085865e+01,2.085865e+01,2.087259e+01,2.099797e+01,2.115796e+01,2.128299e+01,2.121355e+01,2.136626e+01,2.135933e+01,2.142174e+01,2.139400e+01,2.154645e+01,2.145639e+01,2.144253e+01,2.160182e+01,2.150489e+01,2.147718e+01,2.144946e+01,2.162950e+01,2.155337e+01,2.158106e+01,2.158798e+01,2.154645e+01,2.165025e+01,2.151182e+01,2.162258e+01,2.160874e+01,2.154645e+01,2.168483e+01,2.160182e+01,2.165025e+01,2.159490e+01,2.151875e+01,2.163642e+01,2.161566e+01,2.164334e+01,2.165717e+01,2.152567e+01,2.161566e+01,2.167100e+01,2.168483e+01,2.171248e+01,2.162258e+01,2.167792e+01,2.174013e+01,2.167100e+01,2.151182e+01,2.175395e+01,2.171248e+01,2.172631e+01,2.178850e+01,2.159490e+01,2.162950e+01,2.173322e+01,2.151182e+01,2.138013e+01,2.142174e+01,2.135933e+01,2.137320e+01,2.134545e+01,2.145639e+01,2.135239e+01,2.158798e+01,2.149796e+01,2.153952e+01,2.155337e+01,2.155337e+01,2.152567e+01,2.151875e+01,2.153260e+01,2.145639e+01,2.142867e+01,2.147025e+01,2.144946e+01,2.147718e+01,2.156029e+01,2.149104e+01,2.153260e+01,2.151875e+01,2.149796e+01,2.151875e+01,2.160182e+01,2.158106e+01,2.151875e+01,2.153260e+01,2.159490e+01,2.157414e+01,2.149104e+01,2.167100e+01,2.145639e+01,2.156721e+01,2.153952e+01,2.159490e+01,2.141480e+01,2.149796e+01,2.141480e+01,2.147025e+01,2.142867e+01,2.139400e+01,2.139400e+01,2.139400e+01,2.140094e+01,2.124133e+01,2.124133e+01,2.126911e+01,2.125522e+01,2.125522e+01,2.129688e+01,2.138013e+01,2.128299e+01,2.125522e+01,2.122050e+01,2.126217e+01,2.112320e+01,2.120660e+01,2.123439e+01,2.127605e+01,2.131076e+01,2.131770e+01,2.199551e+01,2.382655e+01,2.537925e+01,2.596476e+01,2.591831e+01,2.606424e+01,2.597803e+01,2.591831e+01,2.595149e+01,2.579211e+01,2.574558e+01,2.573893e+01,2.540594e+01,2.547929e+01,2.561917e+01,2.529248e+01,2.527245e+01,2.533254e+01,2.537258e+01,2.527913e+01,2.508527e+01,2.507189e+01,2.468977e+01,2.467634e+01,2.466291e+01,2.446791e+01,2.412409e+01,2.411734e+01,2.381301e+01,2.362998e+01,2.343303e+01,2.339224e+01,2.304483e+01,2.287410e+01,2.279889e+01,2.256608e+01,2.255237e+01,2.242202e+01,2.222275e+01,2.207820e+01,2.196793e+01,2.190586e+01,2.191276e+01,2.185755e+01,2.160874e+01,2.162950e+01,2.162950e+01,2.155337e+01,2.143560e+01,2.139400e+01,2.138013e+01,2.138707e+01,2.142174e+01,2.138707e+01,2.145639e+01,2.128993e+01,2.125522e+01,2.135239e+01,2.135239e+01,2.129688e+01,2.124828e+01,2.135933e+01,2.119271e+01,2.122050e+01,2.126217e+01,2.128299e+01,2.117186e+01,2.124828e+01,2.123439e+01,2.126217e+01,2.124133e+01,2.125522e+01,2.128299e+01,2.147718e+01,2.126911e+01,2.122050e+01,2.112320e+01,2.130382e+01,2.135933e+01,2.144253e+01,2.144946e+01,2.166409e+01,2.153952e+01,2.169866e+01,2.170557e+01,2.178850e+01,2.167100e+01,2.176086e+01,2.167792e+01,2.175395e+01,2.175395e+01,2.178850e+01,2.170557e+01,2.185755e+01,2.170557e+01,2.178159e+01,2.175395e+01,2.165717e+01,2.142174e+01,2.092833e+01,2.084470e+01,2.080984e+01,2.072611e+01,2.080984e+01,2.067025e+01,2.080286e+01,2.078891e+01,2.076798e+01,2.088653e+01,2.084470e+01,2.078193e+01,2.071215e+01,2.092833e+01,2.080984e+01,2.086562e+01,2.090743e+01,2.095619e+01,2.080286e+01,2.083076e+01,2.083076e+01,2.085865e+01,2.083773e+01,2.083076e+01,2.078891e+01,2.079589e+01,2.086562e+01,2.087956e+01,2.069818e+01,2.073309e+01,2.090047e+01,2.158106e+01,2.172631e+01,2.169175e+01,2.202308e+01,2.205065e+01,2.207820e+01,2.196793e+01,2.218147e+01,2.190586e+01,2.215394e+01,2.203687e+01,2.209886e+01,2.209886e+01,2.208509e+01,2.209198e+01,2.218835e+01,2.198172e+01,2.216082e+01,2.208509e+01,2.205065e+01,2.205065e+01,2.210575e+01,2.209198e+01,2.216771e+01,2.211952e+01,2.217459e+01,2.196104e+01,2.231212e+01,2.206442e+01,2.211952e+01,2.209886e+01,2.201619e+01,2.198862e+01,2.198862e+01,2.190586e+01,2.193345e+01,2.189206e+01,2.183684e+01,2.191965e+01,2.180922e+01,2.202997e+01,2.189896e+01,2.187135e+01,2.189206e+01,2.182303e+01,2.186445e+01,2.184374e+01,2.180922e+01,2.177468e+01,2.182303e+01,2.194035e+01,2.191965e+01,2.175395e+01,2.188516e+01,2.183684e+01,2.196793e+01,2.190586e+01,2.179540e+01,2.176777e+01,2.178159e+01,2.172631e+01,2.171248e+01,2.191276e+01,2.188516e+01,2.180231e+01,2.185065e+01,2.182303e+01,2.184374e+01,2.186445e+01,2.173322e+01,2.184374e+01,2.182993e+01,2.169175e+01,2.186445e+01,2.167100e+01,2.173322e+01,2.185755e+01,2.188516e+01,2.194035e+01,2.184374e+01,2.182303e+01,2.180922e+01,2.185065e+01,2.191965e+01,2.194725e+01,2.190586e+01,2.190586e+01,2.192655e+01,2.173322e+01,2.193345e+01,2.192655e+01,2.193345e+01,2.176777e+01,2.197483e+01,2.175395e+01,2.184374e+01,2.189896e+01,2.192655e+01,2.177468e+01
2.144253e+01,2.138013e+01,2.143560e+01,2.151182e+01,2.153952e+01,2.140094e+01,2.146332e+01,2.143560e+01,2.127605e+01,2.138707e+01,2.140787e+01,2.142867e+01,2.142867e+01,2.140787e+01,2.137320e+01,2.143560e+01,2.150489e+01,2.135933e+01,2.137320e+01,2.143560e+01,2.147025e+01,2.145639e+01,2.136626e+01,2.145639e+01,2.142867e+01,2.137320e+01,2.138013e+01,2.133851e+01,2.142174e+01,2.137320e+01,2.144253e+01,2.140787e+01,2.156029e+01,2.136626e+01,2.135239e+01,2.139400e+01,2.132464e+01,2.143560e+01,2.162258e+01,2.148411e+01,2.137320e+01,2.139400e+01,2.153260e+01,2.146332e+01,2.147718e+01,2.135933e+01,2.151875e+01,2.147025e+01,2.148411e+01,2.153952e+01,2.149104e+01,2.145639e+01,2.147025e+01,2.148411e+01,2.162950e+01,2.151875e+01,2.181612e+01,2.153952e+01,2.151182e+01,2.154645e+01,2.156721e+01,2.154645e+01,2.140094e+01,2.151875e+01,2.160182e+01,2.151875e+01,2.151182e+01,2.153260e+01,2.151875e+01,2.153260e+01,2.152567e+01,2.150489e+01,2.149796e+01,2.149796e+01,2.165025e+01,2.165025e+01,2.159490e+01,2.140787e+01,2.158798e+01,2.163642e+01,2.157414e+01,2.140094e+01,2.158798e+01,2.160874e+01,2.158798e+01,2.160182e+01,2.161566e+01,2.160874e+01,2.169175e+01,2.169175e+01,2.156721e+01,2.165717e+01,2.165025e+01,2.165025e+01,2.164334e+01,2.169175e+01,2.172631e+01,2.172631e+01,2.169866e+01,2.161566e+01,2.174013e+01,2.164334e+01,2.165025e+01,2.177468e+01,2.162258e+01,2.160874e+01,2.158106e+01,2.167100e+01,2.171940e+01,2.173322e+01,2.174704e+01,2.164334e+01,2.166409e+01,2.176086e+01,2.185755e+01,2.178850e+01,2.175395e+01,2.170557e+01,2.188516e+01,2.183684e+01,2.184374e+01,2.196104e+01,2.187825e+01,2.202308e+01,2.231212e+01,2.238082e+01,2.254551e+01,2.270309e+01,2.286043e+01,2.294243e+01,2.303118e+01,2.332421e+01,2.358247e+01,2.399571e+01,2.417135e+01,2.454864e+01,2.476362e+01,2.511872e+01,2.541261e+01,2.569903e+01,2.591167e+01,2.624307e+01,2.626292e+01,2.648764e+01,2.659982e+01,2.669212e+01,2.689620e+01,2.694223e+01,2.716552e+01,2.730976e+01,2.727044e+01,2.736871e+01,2.734251e+01,2.741453e+01,2.748651e+01,2.742762e+01,2.744725e+01,2.740144e+01,2.729665e+01,2.711303e+01,2.719176e+01,2.688305e+01,2.690278e+01,2.649424e+01,2.639517e+01,2.621660e+01,2.587183e+01,2.551927e+01,2.519227e+01,2.480388e+01,2.448810e+01,2.413760e+01,2.380623e+01,2.357569e+01,2.324252e+01,2.272363e+01,2.235335e+01,2.211263e+01,2.194035e+01,2.167792e+01,2.147718e+01,2.142174e+01,2.105365e+01,2.088653e+01,2.083773e+01,2.073309e+01,2.087956e+01,2.082378e+01,2.076798e+01,2.083076e+01,2.081681e+01,2.085865e+01,2.094923e+01,2.092833e+01,2.092137e+01,2.112320e+01,2.094226e+01,2.107452e+01,2.101885e+01,2.106756e+01,2.101885e+01,2.107452e+01,2.103277e+01,2.100493e+01,2.113015e+01,2.108843e+01,2.092833e+01,2.117881e+01,2.123439e+01,2.125522e+01,2.132464e+01,2.128299e+01,2.124828e+01,2.141480e+01,2.145639e+01,2.135239e+01,2.147718e+01,2.151182e+01,2.155337e+01,2.145639e+01,2.144253e+01,2.153952e+01,2.172631e+01,2.167792e+01,2.158798e+01,2.166409e+01,2.169175e+01,2.169866e+01,2.167100e+01,2.178850e+01,2.166409e+01,2.179540e+01,2.162258e+01,2.189896e+01,2.167100e+01,2.176777e+01,2.187135e+01,2.171940e+01,2.184374e+01,2.169866e+01,2.187825e+01,2.178850e+01,2.168483e+01,2.165025e+01,2.170557e+01,2.173322e+01,2.162950e+01,2.178850e+01,2.177468e+01,2.177468e+01,2.177468e+01,2.182303e+01,2.185065e+01,2.178159e+01,2.185755e+01,2.185065e+01,2.200930e+01,2.186445e+01,2.174013e+01,2.187135e+01,2.177468e+01,2.180231e+01,2.178159e+01,2.179540e+01,2.169175e+01,2.176777e+01,2.179540e+01,2.174013e+01,2.170557e+01,2.166409e+01,2.170557e+01,2.167792e+01,2.169866e+01,2.158106e+01,2.166409e+01,2.158798e+01,2.155337e+01,2.156029e+01,2.163642e+01,2.149104e+01,2.138707e+01,2.141480e+01,2.132464e+01,2.136626e+01,2.131770e+01,2.119271e+01,2.106756e+01,2.099797e+01,2.090743e+01,2.078193e+01,2.071913e+01,2.085865e+01,2.089350e+01,2.091440e+01,2.083773e+01,2.097709e+01,2.100493e+01,2.135239e+01,2.128993e+01,2.138013e+01,2.133851e+01,2.149796e+01,2.139400e+01,2.147718e+01,2.152567e+01,2.138013e+01,2.157414e+01,2.157414e+01,2.161566e+01,2.142867e+01,2.148411e+01,2.154645e+01,2.149104e+01,2.149796e+01,2.142867e+01,2.165025e+01,2.159490e+01,2.154645e+01,2.146332e+01,2.164334e+01,2.164334e+01,2.160874e+01,2.161566e+01,2.160874e+01,2.146332e+01,2.159490e+01,2.166409e+01,2.153260e+01,2.163642e+01,2.159490e+01,2.159490e+01,2.167792e+01,2.162950e+01,2.162258e+01,2.165717e+01,2.162950e+01,2.167792e+01,2.167100e+01,2.174013e+01,2.159490e+01,2.172631e+01,2.172631e+01,2.170557e+01,2.165025e+01,2.154645e+01,2.150489e+01,2.139400e+01,2.122050e+01,2.137320e+01,2.122050e+01,2.147025e+01,2.145639e+01,2.133851e+01,2.151182e+01,2.136626e+01,2.149104e+01,2.150489e+01,2.151182e+01,2.144253e+01,2.158798e+01,2.146332e+01,2.147025e+01,2.153952e+01,2.143560e+01,2.140094e+01,2.148411e+01,2.147718e+01,2.155337e+01,2.156721e+01,2.147718e+01,2.149796e+01,2.153952e+01,2.156029e+01,2.159490e+01,2.159490e+01,2.158106e+01,2.152567e+01,2.153260e+01,2.159490e+01,2.146332e+01,2.151182e+01,2.151182e+01,2.148411e+01,2.149796e+01,2.145639e+01,2.149104e+01,2.144253e+01,2.149104e+01,2.142174e+01,2.141480e+01,2.142867e+01,2.139400e+01,2.131770e+01,2.119271e+01,2.124828e+01,2.125522e+01,2.125522e+01,2.130382e+01,2.127605e+01,2.131770e+01,2.130382e+01,2.129688e+01,2.131770e+01,2.129688e+01,2.127605e+01,2.122744e+01,2.108843e+01,2.113015e+01,2.114406e+01,2.119271e+01,2.127605e+01,2.169866e+01,2.255237e+01,2.464947e+01,2.565911e+01,2.595149e+01,2.616363e+01,2.593822e+01,2.589175e+01,2.579876e+01,2.582533e+01,2.589839e+01,2.570568e+01,2.573893e+01,2.554592e+01,2.549262e+01,2.541261e+01,2.547929e+01,2.537925e+01,2.530584e+01,2.507189e+01,2.506520e+01,2.502504e+01,2.473006e+01,2.468306e+01,2.467634e+01,2.462931e+01,2.430625e+01,2.410383e+01,2.400247e+01,2.362319e+01,2.352136e+01,2.336503e+01,2.328337e+01,2.296292e+01,2.287410e+01,2.252494e+01,2.250437e+01,2.226401e+01,2.231900e+01,2.211263e+01,2.211263e+01,2.191965e+01,2.180231e+01,2.178850e+01,2.166409e+01,2.169175e+01,2.151875e+01,2.167100e+01,2.151875e+01,2.147718e+01,2.150489e+01,2.143560e+01,2.140094e+01,2.140094e+01,2.133158e+01,2.125522e+01,2.133851e+01,2.129688e+01,2.129688e+01,2.132464e+01,2.128299e+01,2.132464e+01,2.126217e+01,2.133851e+01,2.115101e+01,2.144946e+01,2.137320e+01,2.127605e+01,2.124828e+01,2.128993e+01,2.125522e+01,2.131770e+01,2.126217e+01,2.140787e+01,2.125522e+01,2.124828e+01,2.127605e+01,2.142867e+01,2.140094e+01,2.149104e+01,2.145639e+01,2.147718e+01,2.174013e+01,2.160874e+01,2.175395e+01,2.175395e+01,2.178850e+01,2.159490e+01,2.174704e+01,2.178850e+01,2.182993e+01,2.186445e+01,2.176777e+01,2.169866e+01,2.176086e+01,2.194725e+01,2.179540e+01,2.176086e+01,2.178850e+01,2.144253e+01,2.106061e+01,2.097012e+01,2.073309e+01,2.080984e+01,2.084470e+01,2.081681e+01,2.090743e+01,2.078193e+01,2.084470e+01,2.054446e+01,2.074705e+01,2.085168e+01,2.080984e+01,2.087956e+01,2.090047e+01,2.085168e+01,2.077496e+01,2.073309e+01,2.087956e+01,2.079589e+01,2.077496e+01,2.076100e+01,2.076100e+01,2.079589e+01,2.067025e+01,2.076798e+01,2.087259e+01,2.059340e+01,2.072611e+01,2.079589e+01,2.157414e+01,2.182303e+01,2.185065e+01,2.189206e+01,2.194035e+01,2.204376e+01,2.204376e+01,2.200930e+01,2.196793e+01,2.215394e+01,2.218835e+01,2.220211e+01,2.212641e+01,2.200241e+01,2.200241e+01,2.198172e+01,2.197483e+01,2.206442e+01,2.204376e+01,2.216082e+01,2.218835e+01,2.205754e+01,2.202308e+01,2.205065e+01,2.214017e+01,2.201619e+01,2.205065e+01,2.196104e+01,2.198862e+01,2.198172e+01,2.201619e+01,2.187825e+01,2.198862e+01,2.195414e+01,2.194725e+01,2.192655e+01,2.189896e+01,2.194035e+01,2.198862e+01,2.189896e+01,2.193345e+01,2.184374e+01,2.192655e+01,2.187825e+01,2.194035e+01,2.211952e+01,2.180922e+01,2.185065e+01,2.191965e+01,2.176777e+01,2.181612e+01,2.189896e+01,2.177468e+01,2.184374e+01,2.177468e+01,2.191276e+01,2.167792e+01,2.187825e+01,2.165717e+01,2.185755e+01,2.178850e+01,2.180231e+01,2.176777e+01,2.171248e+01,2.187135e+01,2.185065e+01,2.182303e+01,2.171248e+01,2.187135e+01,2.187135e+01,2.189206e+01,2.182303e+01,2.180922e+01,2.176777e+01,2.171940e+01,2.178159e+01,2.174013e+01,2.179540e+01,2.179540e+01,2.180922e+01,2.182303e+01,2.178850e+01,2.177468e+01,2.180231e+01,2.195414e+01,2.180922e+01,2.192655e+01,2.187825e+01,2.191965e+01,2.176086e+01,2.179540e+01,2.191276e+01,2.183684e+01,2.194725e+01,2.193345e+01,2.193345e+01,2.172631e+01,2.171940e+01,2.177468e+01
2.133851e+01,2.150489e+01,2.141480e+01,2.140094e+01,2.133851e+01,2.131076e+01,2.130382e+01,2.151875e+01,2.138707e+01,2.141480e+01,2.148411e+01,2.144253e+01,2.141480e+01,2.131770e+01,2.142174e+01,2.146332e+01,2.146332e+01,2.134545e+01,2.133158e+01,2.138013e+01,2.143560e+01,2.149796e+01,2.147718e+01,2.137320e+01,2.137320e+01,2.142867e+01,2.145639e+01,2.129688e+01,2.162258e+01,2.148411e+01,2.143560e+01,2.148411e+01,2.142174e+01,2.140787e+01,2.151182e+01,2.148411e+01,2.135933e+01,2.136626e+01,2.150489e+01,2.145639e+01,2.149104e+01,2.144946e+01,2.151182e+01,2.154645e+01,2.154645e+01,2.144253e+01,2.153952e+01,2.153952e+01,2.143560e+01,2.154645e+01,2.152567e+01,2.150489e+01,2.149796e+01,2.151182e+01,2.157414e+01,2.130382e+01,2.158798e+01,2.135239e+01,2.153260e+01,2.156029e+01,2.171940e+01,2.156029e+01,2.156029e+01,2.159490e+01,2.158106e+01,2.160182e+01,2.151182e+01,2.152567e+01,2.155337e+01,2.146332e+01,2.144946e+01,2.145639e+01,2.170557e+01,2.140094e+01,2.168483e+01,2.162950e+01,2.156721e+01,2.153952e+01,2.155337e+01,2.157414e+01,2.169175e+01,2.158798e+01,2.165025e+01,2.158798e+01,2.148411e+01,2.168483e+01,2.167792e+01,2.157414e+01,2.142174e+01,2.162258e+01,2.158106e+01,2.165717e+01,2.160182e+01,2.160182e+01,2.164334e+01,2.169175e+01,2.160874e+01,2.169866e+01,2.162950e+01,2.171248e+01,2.158798e+01,2.181612e+01,2.157414e+01,2.160182e+01,2.172631e+01,2.166409e+01,2.164334e+01,2.157414e+01,2.161566e+01,2.169866e+01,2.173322e+01,2.168483e+01,2.187825e+01,2.161566e+01,2.178159e+01,2.181612e+01,2.180231e+01,2.181612e+01,2.189206e+01,2.186445e+01,2.186445e+01,2.188516e+01,2.200241e+01,2.214017e+01,2.235335e+01,2.236709e+01,2.260720e+01,2.278522e+01,2.281941e+01,2.300388e+01,2.332421e+01,2.337183e+01,2.399571e+01,2.400924e+01,2.432647e+01,2.457554e+01,2.493797e+01,2.503843e+01,2.542595e+01,2.570568e+01,2.581869e+01,2.613713e+01,2.634229e+01,2.647444e+01,2.665916e+01,2.680408e+01,2.689620e+01,2.690278e+01,2.717208e+01,2.729010e+01,2.749959e+01,2.735561e+01,2.741453e+01,2.742108e+01,2.738180e+01,2.749959e+01,2.737525e+01,2.743417e+01,2.730321e+01,2.729010e+01,2.719176e+01,2.694881e+01,2.666576e+01,2.652065e+01,2.638856e+01,2.613051e+01,2.579211e+01,2.549928e+01,2.525909e+01,2.482401e+01,2.448137e+01,2.419835e+01,2.379946e+01,2.358247e+01,2.335143e+01,2.275101e+01,2.234648e+01,2.189206e+01,2.164334e+01,2.123439e+01,2.096316e+01,2.106061e+01,2.078891e+01,2.073309e+01,2.083076e+01,2.074705e+01,2.087956e+01,2.089350e+01,2.082378e+01,2.089350e+01,2.076798e+01,2.098405e+01,2.080286e+01,2.087259e+01,2.092137e+01,2.090047e+01,2.094923e+01,2.103973e+01,2.082378e+01,2.101885e+01,2.108843e+01,2.104669e+01,2.107452e+01,2.105365e+01,2.110929e+01,2.115101e+01,2.108843e+01,2.131076e+01,2.119271e+01,2.125522e+01,2.123439e+01,2.121355e+01,2.133158e+01,2.133851e+01,2.143560e+01,2.146332e+01,2.147025e+01,2.141480e+01,2.149796e+01,2.143560e+01,2.160874e+01,2.153952e+01,2.165717e+01,2.154645e+01,2.165025e+01,2.165025e+01,2.165025e+01,2.167792e+01,2.166409e+01,2.170557e+01,2.174704e+01,2.175395e+01,2.174704e+01,2.165025e+01,2.187135e+01,2.181612e+01,2.182303e+01,2.188516e+01,2.176086e+01,2.182993e+01,2.169866e+01,2.170557e+01,2.170557e+01,2.166409e+01,2.169866e+01,2.162950e+01,2.158798e+01,2.172631e+01,2.165025e+01,2.175395e+01,2.175395e+01,2.189206e+01,2.182303e+01,2.187135e+01,2.180922e+01,2.184374e+01,2.182303e+01,2.187825e+01,2.176086e+01,2.199551e+01,2.169175e+01,2.180922e+01,2.187135e+01,2.182993e+01,2.180231e+01,2.184374e+01,2.176086e+01,2.177468e+01,2.171940e+01,2.174704e+01,2.166409e+01,2.168483e+01,2.176086e+01,2.165025e+01,2.160874e+01,2.159490e+01,2.161566e+01,2.149796e+01,2.156721e+01,2.146332e+01,2.151875e+01,2.137320e+01,2.147025e+01,2.130382e+01,2.116491e+01,2.126911e+01,2.110234e+01,2.115101e+01,2.088653e+01,2.074007e+01,2.087259e+01,2.083076e+01,2.088653e+01,2.075403e+01,2.087259e+01,2.101189e+01,2.106061e+01,2.133851e+01,2.116491e+01,2.123439e+01,2.151182e+01,2.147718e+01,2.134545e+01,2.144946e+01,2.139400e+01,2.150489e+01,2.143560e+01,2.156721e+01,2.144253e+01,2.138013e+01,2.144253e+01,2.151875e+01,2.148411e+01,2.146332e+01,2.141480e+01,2.148411e+01,2.166409e+01,2.160874e+01,2.161566e+01,2.160182e+01,2.160182e+01,2.160182e+01,2.162258e+01,2.159490e+01,2.158106e+01,2.160874e+01,2.164334e+01,2.153260e+01,2.160874e+01,2.160182e+01,2.162950e+01,2.146332e+01,2.164334e+01,2.162950e+01,2.165025e+01,2.144253e+01,2.165025e+01,2.167792e+01,2.169175e+01,2.168483e+01,2.169866e+01,2.173322e+01,2.162950e+01,2.162258e+01,2.160874e+01,2.163642e+01,2.147718e+01,2.129688e+01,2.133851e+01,2.120660e+01,2.133158e+01,2.137320e+01,2.138013e+01,2.150489e+01,2.151875e+01,2.142867e+01,2.149796e+01,2.146332e+01,2.149796e+01,2.156029e+01,2.140787e+01,2.143560e+01,2.149796e+01,2.144253e+01,2.147718e+01,2.141480e+01,2.144946e+01,2.146332e+01,2.150489e+01,2.156721e+01,2.158106e+01,2.153260e+01,2.152567e+01,2.153952e+01,2.145639e+01,2.159490e+01,2.146332e+01,2.149796e+01,2.147025e+01,2.144946e+01,2.145639e+01,2.145639e+01,2.153260e+01,2.140094e+01,2.141480e+01,2.142174e+01,2.138707e+01,2.143560e+01,2.146332e+01,2.148411e+01,2.122744e+01,2.140787e+01,2.132464e+01,2.115101e+01,2.129688e+01,2.147718e+01,2.120660e+01,2.131076e+01,2.130382e+01,2.134545e+01,2.133158e+01,2.123439e+01,2.124133e+01,2.117186e+01,2.121355e+01,2.108148e+01,2.122050e+01,2.113015e+01,2.113711e+01,2.125522e+01,2.128299e+01,2.129688e+01,2.177468e+01,2.388071e+01,2.515216e+01,2.583862e+01,2.585855e+01,2.611063e+01,2.596476e+01,2.598467e+01,2.589175e+01,2.577217e+01,2.574558e+01,2.552594e+01,2.558588e+01,2.562583e+01,2.551927e+01,2.536591e+01,2.529916e+01,2.526577e+01,2.525241e+01,2.507858e+01,2.508527e+01,2.497147e+01,2.470321e+01,2.465619e+01,2.462259e+01,2.432647e+01,2.406330e+01,2.397543e+01,2.386041e+01,2.348740e+01,2.342623e+01,2.317439e+01,2.288777e+01,2.286043e+01,2.277837e+01,2.253866e+01,2.229151e+01,2.220211e+01,2.209198e+01,2.205065e+01,2.189206e+01,2.174704e+01,2.171940e+01,2.167100e+01,2.167792e+01,2.156721e+01,2.153260e+01,2.157414e+01,2.142174e+01,2.145639e+01,2.142174e+01,2.124133e+01,2.142867e+01,2.140094e+01,2.132464e+01,2.131076e+01,2.128299e+01,2.133158e+01,2.122744e+01,2.134545e+01,2.133158e+01,2.122050e+01,2.123439e+01,2.113711e+01,2.116491e+01,2.126217e+01,2.123439e+01,2.124133e+01,2.113015e+01,2.125522e+01,2.126217e+01,2.125522e+01,2.140094e+01,2.142174e+01,2.133158e+01,2.133851e+01,2.117881e+01,2.137320e+01,2.151182e+01,2.146332e+01,2.152567e+01,2.160874e+01,2.147718e+01,2.151182e+01,2.164334e+01,2.165025e+01,2.167792e+01,2.171248e+01,2.176777e+01,2.169866e+01,2.178159e+01,2.180231e+01,2.178159e+01,2.173322e+01,2.178159e+01,2.175395e+01,2.174704e+01,2.176086e+01,2.171248e+01,2.145639e+01,2.131770e+01,2.115101e+01,2.091440e+01,2.067025e+01,2.085865e+01,2.076100e+01,2.076798e+01,2.078193e+01,2.074007e+01,2.065628e+01,2.084470e+01,2.082378e+01,2.086562e+01,2.087956e+01,2.082378e+01,2.083773e+01,2.085865e+01,2.080984e+01,2.087259e+01,2.071215e+01,2.078891e+01,2.078193e+01,2.069818e+01,2.069120e+01,2.078193e+01,2.076798e+01,2.048150e+01,2.057942e+01,2.083773e+01,2.141480e+01,2.185755e+01,2.189896e+01,2.194725e+01,2.198172e+01,2.216082e+01,2.199551e+01,2.204376e+01,2.204376e+01,2.214017e+01,2.198862e+01,2.203687e+01,2.209886e+01,2.205754e+01,2.202308e+01,2.214706e+01,2.208509e+01,2.210575e+01,2.208509e+01,2.207131e+01,2.205754e+01,2.203687e+01,2.211263e+01,2.198862e+01,2.206442e+01,2.191276e+01,2.198862e+01,2.202308e+01,2.202308e+01,2.202308e+01,2.191276e+01,2.202308e+01,2.197483e+01,2.194035e+01,2.189206e+01,2.196793e+01,2.196793e+01,2.187825e+01,2.189896e+01,2.197483e+01,2.200930e+01,2.181612e+01,2.194035e+01,2.189896e+01,2.199551e+01,2.180231e+01,2.177468e+01,2.192655e+01,2.191965e+01,2.179540e+01,2.174013e+01,2.178159e+01,2.180922e+01,2.178159e+01,2.180231e+01,2.187825e+01,2.180231e+01,2.178850e+01,2.184374e+01,2.177468e+01,2.175395e+01,2.169175e+01,2.169175e+01,2.185065e+01,2.188516e+01,2.185065e+01,2.167792e+01,2.184374e+01,2.170557e+01,2.170557e+01,2.171940e+01,2.178159e+01,2.174704e+01,2.176086e+01,2.185755e+01,2.183684e+01,2.180922e+01,2.189206e+01,2.181612e+01,2.183684e+01,2.183684e+01,2.198172e+01,2.182303e+01,2.178850e+01,2.182303e+01,2.178850e+01,2.197483e+01,2.185755e+01,2.189206e+01,2.180231e+01,2.180231e+01,2.185065e+01,2.174013e+01,2.189896e+01,2.197483e+01,2.189896e+01,2.179540e+01,2.193345e+01,2.183684e+01
2.141480e+01,2.135933e+01,2.143560e+01,2.156721e+01,2.138013e+01,2.145639e+01,2.152567e+01,2.145639e+01,2.142867e+01,2.149796e+01,2.158798e+01,2.153260e+01,2.144946e+01,2.144253e+01,2.133158e+01,2.168483e+01,2.148411e+01,2.134545e+01,2.150489e+01,2.147025e+01,2.145639e+01,2.154645e+01,2.156029e+01,2.147718e+01,2.141480e+01,2.146332e+01,2.137320e+01,2.140094e+01,2.144946e+01,2.137320e+01,2.153952e+01,2.143560e+01,2.143560e+01,2.120660e+01,2.143560e+01,2.152567e+01,2.138013e+01,2.147718e+01,2.138707e+01,2.145639e+01,2.146332e+01,2.152567e+01,2.146332e+01,2.147718e+01,2.140787e+01,2.142174e+01,2.157414e+01,2.136626e+01,2.152567e+01,2.153952e+01,2.159490e+01,2.152567e+01,2.151182e+01,2.162950e+01,2.158798e+01,2.163642e+01,2.154645e+01,2.156029e+01,2.164334e+01,2.156721e+01,2.160182e+01,2.149104e+01,2.159490e+01,2.160182e+01,2.157414e+01,2.160182e+01,2.173322e+01,2.157414e+01,2.155337e+01,2.171940e+01,2.156029e+01,2.149796e+01,2.161566e+01,2.135239e+01,2.161566e+01,2.152567e+01,2.162950e+01,2.156029e+01,2.160182e+01,2.158798e+01,2.174704e+01,2.166409e+01,2.163642e+01,2.153260e+01,2.164334e+01,2.160182e+01,2.161566e+01,2.163642e+01,2.165717e+01,2.167100e+01,2.156029e+01,2.157414e+01,2.164334e+01,2.162950e+01,2.165717e+01,2.172631e+01,2.181612e+01,2.169175e+01,2.171940e+01,2.170557e+01,2.171248e+01,2.176086e+01,2.169866e+01,2.155337e+01,2.160874e+01,2.169175e+01,2.167100e+01,2.165717e+01,2.166409e+01,2.170557e+01,2.170557e+01,2.167100e+01,2.165717e+01,2.174704e+01,2.178159e+01,2.184374e+01,2.168483e+01,2.187825e+01,2.187135e+01,2.185755e+01,2.185755e+01,2.191965e+01,2.198862e+01,2.216082e+01,2.237395e+01,2.220211e+01,2.254551e+01,2.277153e+01,2.283309e+01,2.319484e+01,2.326295e+01,2.341944e+01,2.396190e+01,2.424557e+01,2.443425e+01,2.474349e+01,2.493797e+01,2.511872e+01,2.544595e+01,2.557923e+01,2.591831e+01,2.634229e+01,2.616363e+01,2.645462e+01,2.665257e+01,2.687647e+01,2.687647e+01,2.693566e+01,2.723111e+01,2.721799e+01,2.736216e+01,2.742108e+01,2.745380e+01,2.752574e+01,2.750613e+01,2.748651e+01,2.740799e+01,2.733596e+01,2.736216e+01,2.737525e+01,2.709990e+01,2.696853e+01,2.688305e+01,2.649424e+01,2.640178e+01,2.605761e+01,2.585855e+01,2.543929e+01,2.519227e+01,2.512541e+01,2.448137e+01,2.417135e+01,2.383332e+01,2.337183e+01,2.309258e+01,2.236709e+01,2.162258e+01,2.127605e+01,2.105365e+01,2.104669e+01,2.083076e+01,2.088653e+01,2.080984e+01,2.083076e+01,2.076798e+01,2.094923e+01,2.090743e+01,2.091440e+01,2.092137e+01,2.076100e+01,2.087956e+01,2.080984e+01,2.076798e+01,2.104669e+01,2.084470e+01,2.098405e+01,2.097709e+01,2.097012e+01,2.106756e+01,2.106061e+01,2.105365e+01,2.106061e+01,2.109539e+01,2.106061e+01,2.104669e+01,2.107452e+01,2.109539e+01,2.122050e+01,2.103973e+01,2.125522e+01,2.120660e+01,2.128993e+01,2.133158e+01,2.120660e+01,2.127605e+01,2.140094e+01,2.145639e+01,2.140094e+01,2.137320e+01,2.153260e+01,2.159490e+01,2.152567e+01,2.160874e+01,2.167100e+01,2.168483e+01,2.158106e+01,2.169866e+01,2.170557e+01,2.175395e+01,2.185065e+01,2.178159e+01,2.182993e+01,2.178159e+01,2.166409e+01,2.186445e+01,2.179540e+01,2.181612e+01,2.184374e+01,2.185065e+01,2.180231e+01,2.167792e+01,2.166409e+01,2.163642e+01,2.164334e+01,2.153952e+01,2.162950e+01,2.165717e+01,2.163642e+01,2.165717e+01,2.174704e+01,2.171248e+01,2.188516e+01,2.187135e+01,2.184374e+01,2.180922e+01,2.180231e+01,2.186445e+01,2.179540e+01,2.196104e+01,2.190586e+01,2.177468e+01,2.179540e+01,2.185755e+01,2.182993e+01,2.184374e+01,2.188516e+01,2.180231e+01,2.180231e+01,2.180922e+01,2.176086e+01,2.169175e+01,2.169175e+01,2.167792e+01,2.180922e+01,2.161566e+01,2.161566e+01,2.160874e+01,2.158798e+01,2.142867e+01,2.149104e+01,2.142867e+01,2.140787e+01,2.143560e+01,2.135933e+01,2.115796e+01,2.128299e+01,2.118576e+01,2.107452e+01,2.085168e+01,2.066327e+01,2.068422e+01,2.073309e+01,2.088653e+01,2.094923e+01,2.086562e+01,2.114406e+01,2.108148e+01,2.114406e+01,2.115796e+01,2.135933e+01,2.143560e+01,2.140094e+01,2.140787e+01,2.142867e+01,2.151875e+01,2.134545e+01,2.157414e+01,2.149104e+01,2.149104e+01,2.144253e+01,2.168483e+01,2.155337e+01,2.153260e+01,2.153260e+01,2.145639e+01,2.159490e+01,2.162258e+01,2.149796e+01,2.158798e+01,2.147025e+01,2.160182e+01,2.159490e+01,2.161566e+01,2.162950e+01,2.151182e+01,2.156029e+01,2.169866e+01,2.160874e+01,2.156721e+01,2.160182e+01,2.151875e+01,2.159490e+01,2.162258e+01,2.160182e+01,2.165025e+01,2.159490e+01,2.164334e+01,2.165717e+01,2.169866e+01,2.166409e+01,2.168483e+01,2.173322e+01,2.161566e+01,2.165717e+01,2.176777e+01,2.156721e+01,2.140787e+01,2.132464e+01,2.140094e+01,2.133851e+01,2.128993e+01,2.147025e+01,2.143560e+01,2.140787e+01,2.131770e+01,2.147718e+01,2.149104e+01,2.138707e+01,2.140787e+01,2.149796e+01,2.158798e+01,2.140787e+01,2.142867e+01,2.143560e+01,2.142174e+01,2.151875e+01,2.148411e+01,2.148411e+01,2.151182e+01,2.147718e+01,2.156721e+01,2.147718e+01,2.152567e+01,2.139400e+01,2.154645e+01,2.156029e+01,2.150489e+01,2.143560e+01,2.143560e+01,2.144946e+01,2.157414e+01,2.149104e+01,2.140787e+01,2.144253e+01,2.138707e+01,2.142867e+01,2.146332e+01,2.141480e+01,2.147025e+01,2.130382e+01,2.135239e+01,2.124828e+01,2.135239e+01,2.133851e+01,2.119271e+01,2.126217e+01,2.130382e+01,2.120660e+01,2.128299e+01,2.123439e+01,2.123439e+01,2.126911e+01,2.125522e+01,2.119271e+01,2.130382e+01,2.109539e+01,2.112320e+01,2.120660e+01,2.123439e+01,2.117881e+01,2.110929e+01,2.119271e+01,2.147025e+01,2.302436e+01,2.507858e+01,2.579876e+01,2.599793e+01,2.614376e+01,2.607087e+01,2.595149e+01,2.588511e+01,2.586519e+01,2.586519e+01,2.571898e+01,2.567907e+01,2.569237e+01,2.557923e+01,2.539260e+01,2.543929e+01,2.531919e+01,2.517890e+01,2.517222e+01,2.509196e+01,2.505182e+01,2.490447e+01,2.466291e+01,2.450828e+01,2.442752e+01,2.414435e+01,2.397543e+01,2.386718e+01,2.377914e+01,2.348060e+01,2.332421e+01,2.312668e+01,2.288777e+01,2.266201e+01,2.241516e+01,2.241516e+01,2.237395e+01,2.218835e+01,2.211952e+01,2.188516e+01,2.190586e+01,2.180231e+01,2.178850e+01,2.175395e+01,2.161566e+01,2.168483e+01,2.145639e+01,2.148411e+01,2.142174e+01,2.136626e+01,2.145639e+01,2.144253e+01,2.140094e+01,2.138013e+01,2.137320e+01,2.136626e+01,2.131770e+01,2.131770e+01,2.131770e+01,2.139400e+01,2.115796e+01,2.125522e+01,2.127605e+01,2.147718e+01,2.124133e+01,2.124828e+01,2.137320e+01,2.119271e+01,2.125522e+01,2.134545e+01,2.138013e+01,2.132464e+01,2.131770e+01,2.140787e+01,2.138707e+01,2.139400e+01,2.144946e+01,2.142867e+01,2.149104e+01,2.147025e+01,2.147718e+01,2.162258e+01,2.157414e+01,2.167792e+01,2.161566e+01,2.176777e+01,2.177468e+01,2.165025e+01,2.180231e+01,2.185065e+01,2.169866e+01,2.183684e+01,2.176086e+01,2.187135e+01,2.178159e+01,2.176086e+01,2.171248e+01,2.174013e+01,2.176086e+01,2.147718e+01,2.149104e+01,2.123439e+01,2.094226e+01,2.110234e+01,2.083076e+01,2.082378e+01,2.095619e+01,2.083773e+01,2.085168e+01,2.086562e+01,2.087956e+01,2.083076e+01,2.084470e+01,2.082378e+01,2.075403e+01,2.077496e+01,2.087956e+01,2.084470e+01,2.080286e+01,2.085865e+01,2.082378e+01,2.077496e+01,2.072611e+01,2.079589e+01,2.078193e+01,2.076798e+01,2.078891e+01,2.067723e+01,2.100493e+01,2.171940e+01,2.198172e+01,2.192655e+01,2.197483e+01,2.213329e+01,2.195414e+01,2.222275e+01,2.203687e+01,2.218147e+01,2.211952e+01,2.200241e+01,2.217459e+01,2.202997e+01,2.205065e+01,2.197483e+01,2.207131e+01,2.209886e+01,2.209198e+01,2.198862e+01,2.209886e+01,2.197483e+01,2.223650e+01,2.209198e+01,2.204376e+01,2.206442e+01,2.213329e+01,2.214706e+01,2.214706e+01,2.192655e+01,2.196104e+01,2.192655e+01,2.194035e+01,2.194725e+01,2.197483e+01,2.195414e+01,2.198172e+01,2.189896e+01,2.196104e+01,2.200241e+01,2.216771e+01,2.196104e+01,2.202997e+01,2.197483e+01,2.194725e+01,2.183684e+01,2.189206e+01,2.194725e+01,2.189206e+01,2.194035e+01,2.196104e+01,2.180231e+01,2.176086e+01,2.181612e+01,2.182303e+01,2.178159e+01,2.181612e+01,2.182993e+01,2.186445e+01,2.185755e+01,2.192655e+01,2.190586e+01,2.180231e+01,2.180922e+01,2.171940e+01,2.184374e+01,2.185065e+01,2.169175e+01,2.178850e+01,2.175395e+01,2.191276e+01,2.185065e+01,2.183684e+01,2.175395e+01,2.177468e+01,2.178850e+01,2.178850e+01,2.191965e+01,2.180231e+01,2.191965e+01,2.194035e+01,2.177468e+01,2.180231e+01,2.187135e+01,2.196793e+01,2.207820e+01,2.182303e+01,2.188516e+01,2.196104e+01,2.194725e+01,2.184374e+01,2.187825e+01,2.190586e+01,2.186445e+01,2.187135e+01,2.202308e+01,2.193345e+01,2.172631e+01,2.196104e+01
2.140787e+01,2.139400e+01,2.140094e+01,2.143560e+01,2.161566e+01,2.147718e+01,2.155337e+01,2.140094e+01,2.149104e+01,2.142174e+01,2.144946e+01,2.143560e+01,2.155337e+01,2.139400e+01,2.140787e+01,2.146332e+01,2.153260e+01,2.145639e+01,2.151182e+01,2.149104e+01,2.140094e+01,2.147718e+01,2.152567e+01,2.142867e+01,2.133158e+01,2.149104e+01,2.135239e+01,2.142174e+01,2.140094e+01,2.153952e+01,2.153260e+01,2.142867e+01,2.136626e+01,2.149796e+01,2.150489e+01,2.158106e+01,2.142867e+01,2.150489e+01,2.144946e+01,2.141480e+01,2.144253e+01,2.159490e+01,2.152567e+01,2.160182e+01,2.153952e+01,2.142867e+01,2.158106e+01,2.151875e+01,2.157414e+01,2.150489e+01,2.156721e+01,2.153952e+01,2.142867e+01,2.156029e+01,2.159490e+01,2.178850e+01,2.151182e+01,2.162950e+01,2.155337e+01,2.174013e+01,2.173322e+01,2.162950e+01,2.156721e+01,2.160182e+01,2.156029e+01,2.156029e+01,2.171940e+01,2.153952e+01,2.157414e+01,2.147718e+01,2.158106e+01,2.156721e+01,2.166409e+01,2.147718e+01,2.158106e+01,2.167100e+01,2.165025e+01,2.155337e+01,2.170557e+01,2.170557e+01,2.158106e+01,2.172631e+01,2.161566e+01,2.156721e+01,2.162258e+01,2.160874e+01,2.156029e+01,2.154645e+01,2.155337e+01,2.165025e+01,2.181612e+01,2.158106e+01,2.160874e+01,2.162950e+01,2.177468e+01,2.170557e+01,2.166409e+01,2.162258e+01,2.171248e+01,2.170557e+01,2.162950e+01,2.174704e+01,2.164334e+01,2.160182e+01,2.167792e+01,2.171940e+01,2.160182e+01,2.169866e+01,2.168483e+01,2.167792e+01,2.176086e+01,2.169866e+01,2.166409e+01,2.182993e+01,2.181612e+01,2.186445e+01,2.189206e+01,2.184374e+01,2.187135e+01,2.189896e+01,2.195414e+01,2.193345e+01,2.211952e+01,2.217459e+01,2.237395e+01,2.238082e+01,2.258665e+01,2.258665e+01,2.299023e+01,2.324252e+01,2.339904e+01,2.364355e+01,2.392132e+01,2.404979e+01,2.440732e+01,2.475020e+01,2.499826e+01,2.525909e+01,2.569903e+01,2.581205e+01,2.595149e+01,2.632907e+01,2.634229e+01,2.658663e+01,2.667235e+01,2.689620e+01,2.687647e+01,2.717208e+01,2.715896e+01,2.726389e+01,2.733596e+01,2.749305e+01,2.744071e+01,2.754536e+01,2.738835e+01,2.763031e+01,2.747342e+01,2.732941e+01,2.738180e+01,2.726389e+01,2.725078e+01,2.694223e+01,2.688963e+01,2.676458e+01,2.632907e+01,2.630923e+01,2.586519e+01,2.569903e+01,2.529248e+01,2.509865e+01,2.452846e+01,2.407006e+01,2.359605e+01,2.279206e+01,2.193345e+01,2.146332e+01,2.140787e+01,2.103973e+01,2.103277e+01,2.098405e+01,2.090047e+01,2.087956e+01,2.083773e+01,2.083076e+01,2.098405e+01,2.076798e+01,2.090047e+01,2.080984e+01,2.082378e+01,2.086562e+01,2.083773e+01,2.090743e+01,2.080286e+01,2.085865e+01,2.084470e+01,2.090743e+01,2.093530e+01,2.100493e+01,2.099797e+01,2.105365e+01,2.110929e+01,2.105365e+01,2.123439e+01,2.108148e+01,2.107452e+01,2.108843e+01,2.104669e+01,2.122050e+01,2.105365e+01,2.123439e+01,2.120660e+01,2.119271e+01,2.134545e+01,2.133158e+01,2.131076e+01,2.138013e+01,2.150489e+01,2.147718e+01,2.139400e+01,2.158106e+01,2.151875e+01,2.158106e+01,2.157414e+01,2.158798e+01,2.168483e+01,2.155337e+01,2.172631e+01,2.180922e+01,2.175395e+01,2.179540e+01,2.180922e+01,2.185065e+01,2.178159e+01,2.178850e+01,2.189206e+01,2.186445e+01,2.191276e+01,2.183684e+01,2.181612e+01,2.179540e+01,2.176777e+01,2.183684e+01,2.168483e+01,2.163642e+01,2.157414e+01,2.162258e+01,2.161566e+01,2.174013e+01,2.172631e+01,2.167792e+01,2.180231e+01,2.171940e+01,2.188516e+01,2.185065e+01,2.186445e+01,2.184374e+01,2.193345e+01,2.185065e+01,2.202997e+01,2.208509e+01,2.180922e+01,2.185755e+01,2.194035e+01,2.179540e+01,2.186445e+01,2.191965e+01,2.186445e+01,2.179540e+01,2.178850e+01,2.177468e+01,2.182303e+01,2.178850e+01,2.175395e+01,2.163642e+01,2.170557e+01,2.169866e+01,2.166409e+01,2.159490e+01,2.164334e+01,2.169175e+01,2.160182e+01,2.148411e+01,2.151182e+01,2.148411e+01,2.123439e+01,2.117881e+01,2.087956e+01,2.069818e+01,2.069120e+01,2.091440e+01,2.068422e+01,2.075403e+01,2.083773e+01,2.098405e+01,2.094923e+01,2.113711e+01,2.113711e+01,2.128299e+01,2.126217e+01,2.136626e+01,2.138013e+01,2.130382e+01,2.147025e+01,2.144946e+01,2.150489e+01,2.143560e+01,2.144946e+01,2.151182e+01,2.138707e+01,2.149104e+01,2.151182e+01,2.150489e+01,2.156029e+01,2.142174e+01,2.144253e+01,2.160874e+01,2.160182e+01,2.160182e+01,2.158106e+01,2.159490e+01,2.159490e+01,2.162950e+01,2.163642e+01,2.162258e+01,2.153260e+01,2.169175e+01,2.161566e+01,2.156029e+01,2.163642e+01,2.161566e+01,2.158106e+01,2.162258e+01,2.164334e+01,2.160874e+01,2.165717e+01,2.165717e+01,2.163642e+01,2.167100e+01,2.169175e+01,2.160874e+01,2.166409e+01,2.174013e+01,2.178159e+01,2.153952e+01,2.165025e+01,2.151182e+01,2.131770e+01,2.134545e+01,2.132464e+01,2.133158e+01,2.135239e+01,2.135239e+01,2.139400e+01,2.122744e+01,2.150489e+01,2.153260e+01,2.136626e+01,2.140094e+01,2.158106e+01,2.143560e+01,2.144253e+01,2.145639e+01,2.141480e+01,2.151875e+01,2.154645e+01,2.139400e+01,2.144253e+01,2.146332e+01,2.147718e+01,2.144946e+01,2.156029e+01,2.157414e+01,2.153260e+01,2.139400e+01,2.153952e+01,2.153952e+01,2.144253e+01,2.152567e+01,2.144946e+01,2.148411e+01,2.151182e+01,2.150489e+01,2.157414e+01,2.144946e+01,2.147025e+01,2.131770e+01,2.146332e+01,2.144946e+01,2.130382e+01,2.133158e+01,2.133158e+01,2.135933e+01,2.131770e+01,2.134545e+01,2.113711e+01,2.133158e+01,2.123439e+01,2.124828e+01,2.124828e+01,2.126911e+01,2.130382e+01,2.116491e+01,2.120660e+01,2.122744e+01,2.128299e+01,2.107452e+01,2.114406e+01,2.113015e+01,2.117881e+01,2.120660e+01,2.111625e+01,2.119271e+01,2.133158e+01,2.213329e+01,2.463603e+01,2.569903e+01,2.577217e+01,2.597140e+01,2.602446e+01,2.601783e+01,2.599130e+01,2.584526e+01,2.591167e+01,2.580540e+01,2.577217e+01,2.572563e+01,2.548595e+01,2.550595e+01,2.551927e+01,2.542595e+01,2.535256e+01,2.515216e+01,2.516553e+01,2.501165e+01,2.505851e+01,2.489776e+01,2.459571e+01,2.449483e+01,2.448810e+01,2.414435e+01,2.393485e+01,2.374526e+01,2.359605e+01,2.343983e+01,2.324933e+01,2.290827e+01,2.286043e+01,2.270994e+01,2.241516e+01,2.258665e+01,2.227776e+01,2.207820e+01,2.202997e+01,2.192655e+01,2.171940e+01,2.174013e+01,2.153260e+01,2.174013e+01,2.159490e+01,2.149796e+01,2.151182e+01,2.155337e+01,2.147025e+01,2.147025e+01,2.140787e+01,2.144946e+01,2.140094e+01,2.131770e+01,2.136626e+01,2.133851e+01,2.138013e+01,2.119271e+01,2.126911e+01,2.121355e+01,2.128299e+01,2.126217e+01,2.126217e+01,2.117186e+01,2.145639e+01,2.128993e+01,2.134545e+01,2.123439e+01,2.136626e+01,2.123439e+01,2.142174e+01,2.128993e+01,2.143560e+01,2.132464e+01,2.145639e+01,2.152567e+01,2.152567e+01,2.149796e+01,2.153952e+01,2.152567e+01,2.153952e+01,2.163642e+01,2.161566e+01,2.170557e+01,2.171248e+01,2.171248e+01,2.168483e+01,2.179540e+01,2.177468e+01,2.175395e+01,2.177468e+01,2.173322e+01,2.187135e+01,2.176086e+01,2.177468e+01,2.179540e+01,2.176086e+01,2.178850e+01,2.169175e+01,2.174013e+01,2.146332e+01,2.162950e+01,2.135933e+01,2.099101e+01,2.097012e+01,2.082378e+01,2.080984e+01,2.083773e+01,2.091440e+01,2.094923e+01,2.090743e+01,2.078193e+01,2.086562e+01,2.085168e+01,2.085865e+01,2.065628e+01,2.085168e+01,2.077496e+01,2.073309e+01,2.078193e+01,2.077496e+01,2.061436e+01,2.074007e+01,2.073309e+01,2.076798e+01,2.070517e+01,2.070517e+01,2.099101e+01,2.171248e+01,2.166409e+01,2.186445e+01,2.214706e+01,2.213329e+01,2.216771e+01,2.200930e+01,2.196793e+01,2.200241e+01,2.211952e+01,2.218147e+01,2.198172e+01,2.222275e+01,2.198862e+01,2.203687e+01,2.201619e+01,2.196793e+01,2.209198e+01,2.214017e+01,2.208509e+01,2.226401e+01,2.207131e+01,2.207131e+01,2.205754e+01,2.200930e+01,2.206442e+01,2.195414e+01,2.201619e+01,2.197483e+01,2.193345e+01,2.202308e+01,2.201619e+01,2.198172e+01,2.195414e+01,2.197483e+01,2.196793e+01,2.196793e+01,2.197483e+01,2.200241e+01,2.195414e+01,2.202308e+01,2.200930e+01,2.191276e+01,2.202997e+01,2.185755e+01,2.185065e+01,2.185755e+01,2.187135e+01,2.187825e+01,2.192655e+01,2.190586e+01,2.191965e+01,2.167792e+01,2.182993e+01,2.193345e+01,2.181612e+01,2.182303e+01,2.188516e+01,2.190586e+01,2.181612e+01,2.169866e+01,2.191276e+01,2.187135e+01,2.185065e+01,2.185065e+01,2.171940e+01,2.183684e+01,2.176086e+01,2.184374e+01,2.170557e+01,2.189896e+01,2.191276e+01,2.178159e+01,2.191965e+01,2.176086e+01,2.179540e+01,2.183684e+01,2.191276e+01,2.191965e+01,2.196104e+01,2.187825e+01,2.191965e+01,2.183684e+01,2.185065e+01,2.179540e+01,2.182993e+01,2.191965e+01,2.189206e+01,2.185755e+01,2.189206e+01,2.202308e+01,2.180231e+01,2.191965e+01,2.198862e+01,2.180922e+01,2.198172e+01,2.193345e+01,2.180231e+01
2.140787e+01,2.164334e+01,2.138707e+01,2.141480e+01,2.156029e+01,2.144253e+01,2.136626e+01,2.140787e+01,2.139400e+01,2.139400e+01,2.145639e+01,2.140787e+01,2.142174e+01,2.135933e+01,2.145639e+01,2.133851e+01,2.146332e+01,2.171248e+01,2.146332e+01,2.147718e+01,2.150489e+01,2.150489e+01,2.135933e+01,2.144946e+01,2.165025e+01,2.140094e+01,2.152567e+01,2.156721e+01,2.151875e+01,2.149796e+01,2.139400e+01,2.146332e+01,2.144946e+01,2.160874e+01,2.174704e+01,2.144253e+01,2.150489e+01,2.156029e+01,2.149104e+01,2.151182e+01,2.151875e+01,2.141480e+01,2.158106e+01,2.156029e+01,2.160874e+01,2.161566e+01,2.160874e+01,2.159490e+01,2.155337e+01,2.162950e+01,2.159490e+01,2.159490e+01,2.149104e+01,2.156721e+01,2.139400e+01,2.163642e+01,2.154645e+01,2.157414e+01,2.154645e+01,2.147718e+01,2.165025e+01,2.152567e+01,2.181612e+01,2.162258e+01,2.163642e+01,2.158798e+01,2.166409e+01,2.166409e+01,2.162258e+01,2.162950e+01,2.167792e+01,2.152567e+01,2.169175e+01,2.148411e+01,2.171940e+01,2.166409e+01,2.164334e+01,2.153952e+01,2.166409e+01,2.158106e+01,2.161566e+01,2.161566e+01,2.161566e+01,2.160874e+01,2.162950e+01,2.153260e+01,2.153260e+01,2.157414e+01,2.151875e+01,2.164334e+01,2.167792e+01,2.184374e+01,2.153952e+01,2.160182e+01,2.163642e+01,2.168483e+01,2.169175e+01,2.160874e+01,2.175395e+01,2.162950e+01,2.160182e+01,2.160182e+01,2.185065e+01,2.184374e+01,2.183684e+01,2.170557e+01,2.156029e+01,2.172631e+01,2.167100e+01,2.166409e+01,2.166409e+01,2.169175e+01,2.168483e+01,2.171940e+01,2.165717e+01,2.187825e+01,2.168483e+01,2.187135e+01,2.189896e+01,2.191965e+01,2.176086e+01,2.188516e+01,2.214017e+01,2.221587e+01,2.220211e+01,2.254551e+01,2.253866e+01,2.277153e+01,2.301753e+01,2.322890e+01,2.330379e+01,2.370458e+01,2.396867e+01,2.417810e+01,2.474349e+01,2.495137e+01,2.501834e+01,2.541928e+01,2.542595e+01,2.591167e+01,2.597803e+01,2.631584e+01,2.657344e+01,2.647444e+01,2.682383e+01,2.683699e+01,2.688305e+01,2.711959e+01,2.725078e+01,2.725733e+01,2.748651e+01,2.760418e+01,2.752574e+01,2.768908e+01,2.768908e+01,2.744725e+01,2.751266e+01,2.749305e+01,2.747997e+01,2.714584e+01,2.717864e+01,2.705394e+01,2.699481e+01,2.673824e+01,2.644802e+01,2.634229e+01,2.589839e+01,2.570568e+01,2.539260e+01,2.511203e+01,2.433995e+01,2.330379e+01,2.194725e+01,2.142174e+01,2.135933e+01,2.110234e+01,2.092137e+01,2.102581e+01,2.085168e+01,2.088653e+01,2.088653e+01,2.086562e+01,2.093530e+01,2.088653e+01,2.077496e+01,2.080286e+01,2.090047e+01,2.084470e+01,2.078193e+01,2.078891e+01,2.111625e+01,2.087259e+01,2.086562e+01,2.097012e+01,2.080984e+01,2.099797e+01,2.094226e+01,2.103277e+01,2.103973e+01,2.103973e+01,2.100493e+01,2.107452e+01,2.124828e+01,2.122050e+01,2.105365e+01,2.101189e+01,2.113711e+01,2.123439e+01,2.113711e+01,2.126911e+01,2.137320e+01,2.124828e+01,2.138707e+01,2.137320e+01,2.143560e+01,2.135239e+01,2.144946e+01,2.144946e+01,2.137320e+01,2.155337e+01,2.158106e+01,2.162258e+01,2.156029e+01,2.165025e+01,2.162258e+01,2.173322e+01,2.185755e+01,2.179540e+01,2.167792e+01,2.183684e+01,2.187825e+01,2.180922e+01,2.178159e+01,2.177468e+01,2.178850e+01,2.182993e+01,2.178850e+01,2.180231e+01,2.171940e+01,2.176086e+01,2.167792e+01,2.169866e+01,2.167100e+01,2.165717e+01,2.159490e+01,2.151875e+01,2.165025e+01,2.159490e+01,2.158106e+01,2.167100e+01,2.168483e+01,2.171248e+01,2.175395e+01,2.172631e+01,2.177468e+01,2.182303e+01,2.193345e+01,2.186445e+01,2.196793e+01,2.195414e+01,2.185755e+01,2.194035e+01,2.185755e+01,2.176086e+01,2.187135e+01,2.191276e+01,2.180231e+01,2.180922e+01,2.179540e+01,2.180922e+01,2.170557e+01,2.173322e+01,2.171940e+01,2.170557e+01,2.175395e+01,2.176086e+01,2.171940e+01,2.164334e+01,2.159490e+01,2.154645e+01,2.147718e+01,2.151875e+01,2.151182e+01,2.153260e+01,2.144253e+01,2.115796e+01,2.071913e+01,2.077496e+01,2.085865e+01,2.067025e+01,2.074705e+01,2.095619e+01,2.094923e+01,2.094923e+01,2.095619e+01,2.098405e+01,2.116491e+01,2.114406e+01,2.119966e+01,2.147025e+01,2.141480e+01,2.149104e+01,2.137320e+01,2.144253e+01,2.143560e+01,2.143560e+01,2.151182e+01,2.133851e+01,2.147025e+01,2.148411e+01,2.147718e+01,2.161566e+01,2.138707e+01,2.160874e+01,2.150489e+01,2.150489e+01,2.143560e+01,2.158798e+01,2.144253e+01,2.152567e+01,2.156029e+01,2.155337e+01,2.162950e+01,2.155337e+01,2.168483e+01,2.162258e+01,2.161566e+01,2.161566e+01,2.162258e+01,2.160182e+01,2.153260e+01,2.160874e+01,2.167100e+01,2.165717e+01,2.165717e+01,2.164334e+01,2.164334e+01,2.173322e+01,2.178850e+01,2.172631e+01,2.158106e+01,2.177468e+01,2.165025e+01,2.156029e+01,2.170557e+01,2.143560e+01,2.132464e+01,2.131076e+01,2.130382e+01,2.135933e+01,2.142174e+01,2.131770e+01,2.149104e+01,2.150489e+01,2.121355e+01,2.143560e+01,2.155337e+01,2.136626e+01,2.140094e+01,2.152567e+01,2.145639e+01,2.132464e+01,2.142174e+01,2.139400e+01,2.138013e+01,2.140787e+01,2.151182e+01,2.142174e+01,2.147718e+01,2.144946e+01,2.155337e+01,2.149104e+01,2.140787e+01,2.151875e+01,2.147718e+01,2.139400e+01,2.146332e+01,2.147718e+01,2.149104e+01,2.152567e+01,2.149796e+01,2.142174e+01,2.143560e+01,2.139400e+01,2.142867e+01,2.143560e+01,2.146332e+01,2.130382e+01,2.128993e+01,2.126217e+01,2.124828e+01,2.126911e+01,2.136626e+01,2.122744e+01,2.110929e+01,2.117881e+01,2.121355e+01,2.110929e+01,2.117186e+01,2.113015e+01,2.117186e+01,2.121355e+01,2.112320e+01,2.122050e+01,2.110234e+01,2.105365e+01,2.109539e+01,2.114406e+01,2.094923e+01,2.106061e+01,2.116491e+01,2.119271e+01,2.105365e+01,2.167100e+01,2.309940e+01,2.514547e+01,2.590503e+01,2.602446e+01,2.603109e+01,2.599130e+01,2.602446e+01,2.595149e+01,2.583862e+01,2.578546e+01,2.573228e+01,2.555925e+01,2.555258e+01,2.557257e+01,2.549262e+01,2.539260e+01,2.531251e+01,2.517222e+01,2.515216e+01,2.494467e+01,2.489776e+01,2.490447e+01,2.466291e+01,2.436690e+01,2.435343e+01,2.415110e+01,2.416460e+01,2.393485e+01,2.362319e+01,2.342623e+01,2.317439e+01,2.312668e+01,2.275101e+01,2.260035e+01,2.261406e+01,2.240142e+01,2.233961e+01,2.205754e+01,2.195414e+01,2.185065e+01,2.174013e+01,2.174704e+01,2.166409e+01,2.170557e+01,2.174013e+01,2.165025e+01,2.149796e+01,2.142174e+01,2.147718e+01,2.149104e+01,2.142867e+01,2.130382e+01,2.146332e+01,2.129688e+01,2.131076e+01,2.136626e+01,2.134545e+01,2.135933e+01,2.133851e+01,2.122744e+01,2.122744e+01,2.124828e+01,2.127605e+01,2.122050e+01,2.122744e+01,2.128993e+01,2.131076e+01,2.135239e+01,2.119966e+01,2.122744e+01,2.128299e+01,2.145639e+01,2.134545e+01,2.143560e+01,2.136626e+01,2.139400e+01,2.151875e+01,2.155337e+01,2.144253e+01,2.154645e+01,2.156721e+01,2.171940e+01,2.176086e+01,2.162950e+01,2.174704e+01,2.169175e+01,2.166409e+01,2.161566e+01,2.174704e+01,2.181612e+01,2.173322e+01,2.179540e+01,2.185755e+01,2.170557e+01,2.185065e+01,2.173322e+01,2.182993e+01,2.176086e+01,2.169866e+01,2.179540e+01,2.164334e+01,2.169175e+01,2.169866e+01,2.165025e+01,2.135239e+01,2.122050e+01,2.105365e+01,2.084470e+01,2.092137e+01,2.081681e+01,2.080984e+01,2.078891e+01,2.078891e+01,2.067723e+01,2.083076e+01,2.077496e+01,2.078193e+01,2.078193e+01,2.080286e+01,2.085168e+01,2.065628e+01,2.057243e+01,2.075403e+01,2.067723e+01,2.051648e+01,2.085865e+01,2.072611e+01,2.097012e+01,2.168483e+01,2.189896e+01,2.177468e+01,2.217459e+01,2.198862e+01,2.198862e+01,2.207131e+01,2.207131e+01,2.220211e+01,2.205065e+01,2.214017e+01,2.205754e+01,2.200930e+01,2.201619e+01,2.208509e+01,2.220899e+01,2.209198e+01,2.212641e+01,2.197483e+01,2.191276e+01,2.189896e+01,2.204376e+01,2.199551e+01,2.205754e+01,2.217459e+01,2.218147e+01,2.197483e+01,2.202308e+01,2.200241e+01,2.206442e+01,2.197483e+01,2.198172e+01,2.202997e+01,2.201619e+01,2.197483e+01,2.196104e+01,2.198172e+01,2.197483e+01,2.182303e+01,2.207131e+01,2.193345e+01,2.195414e+01,2.190586e+01,2.188516e+01,2.184374e+01,2.205065e+01,2.188516e+01,2.189896e+01,2.189206e+01,2.194035e+01,2.178159e+01,2.195414e+01,2.182993e+01,2.194035e+01,2.183684e+01,2.182303e+01,2.181612e+01,2.180231e+01,2.195414e+01,2.199551e+01,2.190586e+01,2.174704e+01,2.187825e+01,2.188516e+01,2.183684e+01,2.180922e+01,2.182303e+01,2.182993e+01,2.190586e+01,2.179540e+01,2.184374e+01,2.185755e+01,2.173322e+01,2.182993e+01,2.187825e+01,2.180922e+01,2.189896e+01,2.189206e+01,2.189206e+01,2.186445e+01,2.189896e+01,2.195414e+01,2.183684e+01,2.180922e+01,2.202308e+01,2.194035e+01,2.187135e+01,2.185755e+01,2.192655e+01,2.187825e+01,2.191965e+01,2.192655e+01,2.198172e+01,2.185065e+01,2.176777e+01,2.193345e+01,2.184374e+01,2.185755e+01
2.144253e+01,2.149796e+01,2.147718e+01,2.147025e+01,2.140787e+01,2.152567e+01,2.144946e+01,2.138707e+01,2.136626e+01,2.139400e+01,2.146332e+01,2.147718e+01,2.141480e+01,2.142867e+01,2.138013e+01,2.138013e+01,2.151875e+01,2.150489e+01,2.151875e+01,2.126911e+01,2.142867e+01,2.155337e+01,2.156721e+01,2.150489e+01,2.140094e+01,2.155337e+01,2.142867e+01,2.147025e+01,2.154645e+01,2.156721e+01,2.142174e+01,2.149796e+01,2.154645e+01,2.141480e+01,2.147718e+01,2.148411e+01,2.160182e+01,2.148411e+01,2.162258e+01,2.167100e+01,2.160182e+01,2.161566e+01,2.151182e+01,2.163642e+01,2.162950e+01,2.163642e+01,2.155337e+01,2.160182e+01,2.159490e+01,2.158798e+01,2.162950e+01,2.174704e+01,2.161566e+01,2.159490e+01,2.159490e+01,2.160874e+01,2.168483e+01,2.176777e+01,2.160874e+01,2.161566e+01,2.165717e+01,2.167792e+01,2.162950e+01,2.162258e+01,2.154645e+01,2.175395e+01,2.173322e+01,2.167792e+01,2.174704e+01,2.176777e+01,2.177468e+01,2.163642e+01,2.157414e+01,2.171940e+01,2.171248e+01,2.155337e+01,2.153260e+01,2.167792e+01,2.176086e+01,2.163642e+01,2.155337e+01,2.159490e+01,2.166409e+01,2.158798e+01,2.160874e+01,2.157414e+01,2.159490e+01,2.163642e+01,2.153260e+01,2.161566e+01,2.163642e+01,2.169866e+01,2.160874e+01,2.167792e+01,2.169175e+01,2.172631e+01,2.166409e+01,2.166409e+01,2.161566e+01,2.160182e+01,2.171940e+01,2.176777e+01,2.180231e+01,2.175395e+01,2.169866e+01,2.184374e+01,2.171940e+01,2.170557e+01,2.171940e+01,2.166409e+01,2.174704e+01,2.178159e+01,2.178159e+01,2.170557e+01,2.180922e+01,2.170557e+01,2.190586e+01,2.181612e+01,2.189896e+01,2.194725e+01,2.193345e+01,2.214017e+01,2.235335e+01,2.225026e+01,2.238769e+01,2.255923e+01,2.277837e+01,2.300388e+01,2.299706e+01,2.322890e+01,2.329699e+01,2.370458e+01,2.421859e+01,2.424557e+01,2.474349e+01,2.497147e+01,2.517222e+01,2.539927e+01,2.563914e+01,2.591831e+01,2.603772e+01,2.632907e+01,2.643481e+01,2.660642e+01,2.680408e+01,2.698824e+01,2.705394e+01,2.708677e+01,2.713272e+01,2.735561e+01,2.759764e+01,2.750613e+01,2.752574e+01,2.765643e+01,2.769561e+01,2.765643e+01,2.751266e+01,2.744071e+01,2.746034e+01,2.740799e+01,2.718520e+01,2.702110e+01,2.685673e+01,2.665916e+01,2.649424e+01,2.632245e+01,2.611063e+01,2.585191e+01,2.553926e+01,2.482401e+01,2.341944e+01,2.171248e+01,2.136626e+01,2.103277e+01,2.101885e+01,2.103973e+01,2.099797e+01,2.095619e+01,2.089350e+01,2.093530e+01,2.094226e+01,2.085865e+01,2.084470e+01,2.081681e+01,2.085168e+01,2.078193e+01,2.094923e+01,2.088653e+01,2.089350e+01,2.090047e+01,2.091440e+01,2.088653e+01,2.097012e+01,2.099101e+01,2.084470e+01,2.086562e+01,2.105365e+01,2.099797e+01,2.098405e+01,2.106061e+01,2.103277e+01,2.108843e+01,2.110929e+01,2.117186e+01,2.106061e+01,2.106061e+01,2.110234e+01,2.117881e+01,2.119966e+01,2.124133e+01,2.127605e+01,2.128993e+01,2.132464e+01,2.138707e+01,2.135239e+01,2.138707e+01,2.151875e+01,2.153260e+01,2.156721e+01,2.152567e+01,2.157414e+01,2.155337e+01,2.165025e+01,2.169175e+01,2.158798e+01,2.159490e+01,2.180231e+01,2.181612e+01,2.180922e+01,2.178850e+01,2.187135e+01,2.187135e+01,2.178850e+01,2.185755e+01,2.189206e+01,2.178850e+01,2.179540e+01,2.172631e+01,2.178159e+01,2.162950e+01,2.167792e+01,2.169866e+01,2.161566e+01,2.151875e+01,2.165025e+01,2.150489e+01,2.161566e+01,2.164334e+01,2.165025e+01,2.174704e+01,2.178850e+01,2.174013e+01,2.182993e+01,2.178159e+01,2.182993e+01,2.185065e+01,2.185755e+01,2.180922e+01,2.183684e+01,2.186445e+01,2.194725e+01,2.194035e+01,2.191965e+01,2.176777e+01,2.190586e+01,2.182993e+01,2.191276e+01,2.192655e+01,2.182303e+01,2.180231e+01,2.173322e+01,2.188516e+01,2.176086e+01,2.182303e+01,2.177468e+01,2.176777e+01,2.178159e+01,2.174013e+01,2.165717e+01,2.159490e+01,2.154645e+01,2.160182e+01,2.154645e+01,2.150489e+01,2.158106e+01,2.137320e+01,2.128993e+01,2.086562e+01,2.078891e+01,2.080286e+01,2.082378e+01,2.096316e+01,2.092833e+01,2.094226e+01,2.101885e+01,2.112320e+01,2.118576e+01,2.122744e+01,2.138013e+01,2.140787e+01,2.125522e+01,2.144946e+01,2.141480e+01,2.140787e+01,2.149104e+01,2.143560e+01,2.151182e+01,2.152567e+01,2.149104e+01,2.144946e+01,2.150489e+01,2.142174e+01,2.160182e+01,2.158798e+01,2.144253e+01,2.162258e+01,2.158106e+01,2.158106e+01,2.156721e+01,2.159490e+01,2.138013e+01,2.159490e+01,2.157414e+01,2.164334e+01,2.151875e+01,2.167792e+01,2.158798e+01,2.160874e+01,2.163642e+01,2.164334e+01,2.167100e+01,2.164334e+01,2.158798e+01,2.171940e+01,2.171940e+01,2.160182e+01,2.169175e+01,2.169175e+01,2.169175e+01,2.169866e+01,2.170557e+01,2.164334e+01,2.165717e+01,2.168483e+01,2.176777e+01,2.154645e+01,2.141480e+01,2.131770e+01,2.133158e+01,2.132464e+01,2.136626e+01,2.140787e+01,2.142174e+01,2.140787e+01,2.142174e+01,2.141480e+01,2.140094e+01,2.142867e+01,2.144946e+01,2.143560e+01,2.147718e+01,2.146332e+01,2.148411e+01,2.142174e+01,2.137320e+01,2.142174e+01,2.151875e+01,2.156029e+01,2.153952e+01,2.151182e+01,2.153260e+01,2.151875e+01,2.143560e+01,2.147025e+01,2.173322e+01,2.148411e+01,2.140094e+01,2.149104e+01,2.149104e+01,2.150489e+01,2.149104e+01,2.151875e+01,2.147718e+01,2.147718e+01,2.131770e+01,2.145639e+01,2.145639e+01,2.131076e+01,2.140787e+01,2.138013e+01,2.134545e+01,2.133158e+01,2.125522e+01,2.121355e+01,2.125522e+01,2.128299e+01,2.115796e+01,2.123439e+01,2.115796e+01,2.116491e+01,2.114406e+01,2.120660e+01,2.115796e+01,2.115796e+01,2.110234e+01,2.110234e+01,2.113015e+01,2.110234e+01,2.120660e+01,2.115796e+01,2.106061e+01,2.116491e+01,2.107452e+01,2.153260e+01,2.259350e+01,2.478376e+01,2.574558e+01,2.598467e+01,2.600457e+01,2.617025e+01,2.588511e+01,2.599793e+01,2.586519e+01,2.581869e+01,2.573893e+01,2.579876e+01,2.571898e+01,2.553926e+01,2.547262e+01,2.545262e+01,2.535256e+01,2.525241e+01,2.539260e+01,2.503173e+01,2.495807e+01,2.492457e+01,2.475020e+01,2.456209e+01,2.466291e+01,2.434669e+01,2.419835e+01,2.392132e+01,2.351457e+01,2.348060e+01,2.334462e+01,2.317439e+01,2.301071e+01,2.277153e+01,2.260720e+01,2.231212e+01,2.227776e+01,2.207820e+01,2.203687e+01,2.191276e+01,2.176777e+01,2.176086e+01,2.158106e+01,2.158106e+01,2.163642e+01,2.160182e+01,2.164334e+01,2.156721e+01,2.151182e+01,2.143560e+01,2.134545e+01,2.136626e+01,2.133158e+01,2.138013e+01,2.138707e+01,2.131770e+01,2.133158e+01,2.132464e+01,2.124828e+01,2.123439e+01,2.158798e+01,2.127605e+01,2.131770e+01,2.129688e+01,2.127605e+01,2.135933e+01,2.129688e+01,2.129688e+01,2.119966e+01,2.138707e+01,2.147025e+01,2.135933e+01,2.135239e+01,2.138013e+01,2.133158e+01,2.138707e+01,2.139400e+01,2.151182e+01,2.152567e+01,2.153260e+01,2.147025e+01,2.170557e+01,2.161566e+01,2.162950e+01,2.165025e+01,2.177468e+01,2.180231e+01,2.181612e+01,2.165025e+01,2.182993e+01,2.171940e+01,2.185755e+01,2.186445e+01,2.178159e+01,2.174704e+01,2.183684e+01,2.167100e+01,2.174013e+01,2.186445e+01,2.180922e+01,2.171248e+01,2.180922e+01,2.166409e+01,2.164334e+01,2.167100e+01,2.162258e+01,2.149796e+01,2.113015e+01,2.118576e+01,2.091440e+01,2.097012e+01,2.069120e+01,2.092833e+01,2.069818e+01,2.083076e+01,2.074705e+01,2.085168e+01,2.076100e+01,2.078193e+01,2.082378e+01,2.079589e+01,2.077496e+01,2.065628e+01,2.060737e+01,2.070517e+01,2.071913e+01,2.089350e+01,2.090047e+01,2.158106e+01,2.172631e+01,2.203687e+01,2.202997e+01,2.200241e+01,2.218835e+01,2.202308e+01,2.216082e+01,2.199551e+01,2.204376e+01,2.200930e+01,2.220211e+01,2.199551e+01,2.196793e+01,2.197483e+01,2.195414e+01,2.198862e+01,2.211263e+01,2.198862e+01,2.202997e+01,2.201619e+01,2.206442e+01,2.205065e+01,2.203687e+01,2.201619e+01,2.202308e+01,2.199551e+01,2.213329e+01,2.198172e+01,2.201619e+01,2.207131e+01,2.200241e+01,2.200930e+01,2.199551e+01,2.185065e+01,2.197483e+01,2.197483e+01,2.198172e+01,2.199551e+01,2.202997e+01,2.188516e+01,2.197483e+01,2.209198e+01,2.207820e+01,2.187825e+01,2.185755e+01,2.194725e+01,2.198172e+01,2.190586e+01,2.200930e+01,2.189896e+01,2.184374e+01,2.183684e+01,2.200930e+01,2.185755e+01,2.196104e+01,2.186445e+01,2.194725e+01,2.186445e+01,2.192655e+01,2.191965e+01,2.191276e+01,2.186445e+01,2.183684e+01,2.181612e+01,2.194035e+01,2.182993e+01,2.183684e+01,2.186445e+01,2.187825e+01,2.185755e+01,2.180922e+01,2.182993e+01,2.187825e+01,2.189206e+01,2.191276e+01,2.179540e+01,2.180231e+01,2.185755e+01,2.186445e+01,2.185755e+01,2.183684e+01,2.183684e+01,2.199551e+01,2.180922e+01,2.200930e+01,2.204376e+01,2.187825e+01,2.189206e+01,2.194725e+01,2.194035e+01,2.193345e+01,2.196104e+01,2.201619e+01,2.183684e+01,2.183684e+01,2.194725e+01,2.186445e+01
2.142174e+01,2.144946e+01,2.139400e+01,2.150489e+01,2.145639e+01,2.151182e+01,2.138013e+01,2.155337e+01,2.144946e+01,2.154645e+01,2.153952e+01,2.138707e+01,2.140787e+01,2.158106e+01,2.156029e+01,2.137320e+01,2.150489e+01,2.169866e+01,2.149796e+01,2.152567e+01,2.156029e+01,2.154645e+01,2.161566e+01,2.153952e+01,2.149796e+01,2.154645e+01,2.148411e+01,2.156029e+01,2.154645e+01,2.151182e+01,2.155337e+01,2.156721e+01,2.161566e+01,2.150489e+01,2.159490e+01,2.163642e+01,2.160874e+01,2.160874e+01,2.157414e+01,2.158798e+01,2.167792e+01,2.161566e+01,2.165717e+01,2.161566e+01,2.144253e+01,2.160182e+01,2.169866e+01,2.174704e+01,2.160874e+01,2.156721e+01,2.158106e+01,2.169866e+01,2.169175e+01,2.169175e+01,2.158798e+01,2.169175e+01,2.167100e+01,2.164334e+01,2.159490e+01,2.147025e+01,2.173322e+01,2.174013e+01,2.171940e+01,2.169866e+01,2.165717e+01,2.171248e+01,2.166409e+01,2.162950e+01,2.152567e+01,2.159490e+01,2.160874e+01,2.166409e+01,2.158798e+01,2.151182e+01,2.155337e+01,2.172631e+01,2.171940e+01,2.160182e+01,2.154645e+01,2.159490e+01,2.160182e+01,2.153952e+01,2.151182e+01,2.158798e+01,2.158798e+01,2.153952e+01,2.169175e+01,2.153260e+01,2.170557e+01,2.158106e+01,2.152567e+01,2.163642e+01,2.173322e+01,2.169866e+01,2.170557e+01,2.170557e+01,2.161566e+01,2.171248e+01,2.167100e+01,2.162950e+01,2.178850e+01,2.162950e+01,2.173322e+01,2.174704e+01,2.172631e+01,2.178159e+01,2.167100e+01,2.169175e+01,2.174704e+01,2.170557e+01,2.171248e+01,2.169175e+01,2.166409e+01,2.182303e+01,2.174704e+01,2.175395e+01,2.179540e+01,2.191276e+01,2.193345e+01,2.189206e+01,2.207820e+01,2.216082e+01,2.199551e+01,2.217459e+01,2.247692e+01,2.243575e+01,2.273047e+01,2.292877e+01,2.318121e+01,2.335143e+01,2.349419e+01,2.393485e+01,2.410383e+01,2.439385e+01,2.472335e+01,2.512541e+01,2.538593e+01,2.539927e+01,2.559254e+01,2.596476e+01,2.621660e+01,2.630261e+01,2.652725e+01,2.658663e+01,2.668553e+01,2.679092e+01,2.701453e+01,2.710646e+01,2.711959e+01,2.732286e+01,2.741453e+01,2.744725e+01,2.757804e+01,2.766296e+01,2.763031e+01,2.764990e+01,2.757150e+01,2.753228e+01,2.746034e+01,2.741453e+01,2.733596e+01,2.717864e+01,2.690936e+01,2.667235e+01,2.647444e+01,2.617687e+01,2.605761e+01,2.585855e+01,2.553926e+01,2.486425e+01,2.329699e+01,2.149104e+01,2.110234e+01,2.104669e+01,2.116491e+01,2.103973e+01,2.102581e+01,2.098405e+01,2.099797e+01,2.088653e+01,2.085865e+01,2.083773e+01,2.086562e+01,2.088653e+01,2.080286e+01,2.092137e+01,2.103277e+01,2.097012e+01,2.092833e+01,2.094226e+01,2.097012e+01,2.094923e+01,2.097709e+01,2.092833e+01,2.081681e+01,2.103973e+01,2.096316e+01,2.107452e+01,2.104669e+01,2.107452e+01,2.103973e+01,2.103973e+01,2.101885e+01,2.119966e+01,2.110929e+01,2.123439e+01,2.108843e+01,2.123439e+01,2.119966e+01,2.122744e+01,2.135239e+01,2.128993e+01,2.133158e+01,2.144253e+01,2.152567e+01,2.149104e+01,2.156721e+01,2.154645e+01,2.147718e+01,2.160874e+01,2.151182e+01,2.157414e+01,2.158106e+01,2.169866e+01,2.162950e+01,2.176777e+01,2.179540e+01,2.184374e+01,2.180231e+01,2.179540e+01,2.177468e+01,2.180231e+01,2.179540e+01,2.179540e+01,2.178850e+01,2.179540e+01,2.176086e+01,2.180231e+01,2.187135e+01,2.158798e+01,2.170557e+01,2.170557e+01,2.143560e+01,2.138707e+01,2.151182e+01,2.165025e+01,2.147718e+01,2.162950e+01,2.172631e+01,2.169866e+01,2.167792e+01,2.178159e+01,2.178850e+01,2.178159e+01,2.182303e+01,2.182303e+01,2.182303e+01,2.181612e+01,2.186445e+01,2.199551e+01,2.190586e+01,2.190586e+01,2.190586e+01,2.178850e+01,2.187825e+01,2.189206e+01,2.191965e+01,2.176086e+01,2.183684e+01,2.185065e+01,2.185755e+01,2.178850e+01,2.190586e+01,2.181612e+01,2.171248e+01,2.170557e+01,2.176086e+01,2.178850e+01,2.166409e+01,2.188516e+01,2.159490e+01,2.158106e+01,2.161566e+01,2.162258e+01,2.160874e+01,2.142867e+01,2.136626e+01,2.122744e+01,2.096316e+01,2.093530e+01,2.074705e+01,2.076100e+01,2.098405e+01,2.100493e+01,2.104669e+01,2.108843e+01,2.122744e+01,2.107452e+01,2.121355e+01,2.133158e+01,2.144946e+01,2.156721e+01,2.140787e+01,2.133851e+01,2.154645e+01,2.139400e+01,2.141480e+01,2.152567e+01,2.157414e+01,2.153952e+01,2.143560e+01,2.155337e+01,2.149796e+01,2.146332e+01,2.160182e+01,2.160182e+01,2.156029e+01,2.161566e+01,2.165025e+01,2.153260e+01,2.163642e+01,2.164334e+01,2.153260e+01,2.156721e+01,2.158798e+01,2.156029e+01,2.162258e+01,2.159490e+01,2.162258e+01,2.163642e+01,2.163642e+01,2.156029e+01,2.167100e+01,2.167792e+01,2.185065e+01,2.171940e+01,2.169175e+01,2.167792e+01,2.169175e+01,2.168483e+01,2.173322e+01,2.171248e+01,2.169175e+01,2.168483e+01,2.163642e+01,2.129688e+01,2.128299e+01,2.127605e+01,2.138013e+01,2.144253e+01,2.124828e+01,2.141480e+01,2.145639e+01,2.141480e+01,2.147718e+01,2.144253e+01,2.139400e+01,2.143560e+01,2.142867e+01,2.145639e+01,2.137320e+01,2.149104e+01,2.138013e+01,2.138013e+01,2.158798e+01,2.139400e+01,2.138707e+01,2.140094e+01,2.147025e+01,2.156029e+01,2.138707e+01,2.148411e+01,2.151182e+01,2.139400e+01,2.141480e+01,2.138013e+01,2.145639e+01,2.150489e+01,2.147718e+01,2.142174e+01,2.150489e+01,2.147025e+01,2.144253e+01,2.145639e+01,2.135239e+01,2.151875e+01,2.151182e+01,2.132464e+01,2.133851e+01,2.133851e+01,2.133158e+01,2.135933e+01,2.123439e+01,2.121355e+01,2.124828e+01,2.124828e+01,2.117881e+01,2.118576e+01,2.115796e+01,2.126911e+01,2.110929e+01,2.108148e+01,2.110929e+01,2.108843e+01,2.106756e+01,2.105365e+01,2.102581e+01,2.116491e+01,2.109539e+01,2.113711e+01,2.110929e+01,2.113711e+01,2.097709e+01,2.123439e+01,2.189206e+01,2.409708e+01,2.565245e+01,2.593158e+01,2.600457e+01,2.601783e+01,2.599130e+01,2.605761e+01,2.591167e+01,2.582533e+01,2.593822e+01,2.579211e+01,2.583862e+01,2.558588e+01,2.553926e+01,2.549928e+01,2.535924e+01,2.525241e+01,2.525909e+01,2.500495e+01,2.499826e+01,2.480388e+01,2.485084e+01,2.464275e+01,2.456209e+01,2.452846e+01,2.416460e+01,2.390102e+01,2.362998e+01,2.345342e+01,2.336503e+01,2.310622e+01,2.292194e+01,2.283993e+01,2.255923e+01,2.236709e+01,2.229838e+01,2.216082e+01,2.198172e+01,2.179540e+01,2.181612e+01,2.175395e+01,2.159490e+01,2.165025e+01,2.168483e+01,2.155337e+01,2.150489e+01,2.138013e+01,2.148411e+01,2.139400e+01,2.147718e+01,2.135239e+01,2.137320e+01,2.144946e+01,2.139400e+01,2.137320e+01,2.139400e+01,2.117186e+01,2.131076e+01,2.126911e+01,2.133158e+01,2.128993e+01,2.133158e+01,2.132464e+01,2.128299e+01,2.133851e+01,2.136626e+01,2.133851e+01,2.128993e+01,2.127605e+01,2.128299e+01,2.131076e+01,2.144253e+01,2.141480e+01,2.142867e+01,2.139400e+01,2.141480e+01,2.153260e+01,2.151182e+01,2.160874e+01,2.151875e+01,2.167100e+01,2.153260e+01,2.161566e+01,2.164334e+01,2.166409e+01,2.162258e+01,2.174704e+01,2.173322e+01,2.168483e+01,2.176086e+01,2.178850e+01,2.182993e+01,2.181612e+01,2.185065e+01,2.180231e+01,2.180231e+01,2.183684e+01,2.169866e+01,2.180231e+01,2.185755e+01,2.171940e+01,2.184374e+01,2.175395e+01,2.178850e+01,2.167792e+01,2.179540e+01,2.161566e+01,2.143560e+01,2.135933e+01,2.092137e+01,2.078891e+01,2.094226e+01,2.086562e+01,2.082378e+01,2.080286e+01,2.080286e+01,2.075403e+01,2.075403e+01,2.078193e+01,2.070517e+01,2.065628e+01,2.078891e+01,2.065628e+01,2.070517e+01,2.071215e+01,2.085168e+01,2.106061e+01,2.148411e+01,2.189206e+01,2.201619e+01,2.201619e+01,2.202308e+01,2.204376e+01,2.202997e+01,2.198172e+01,2.214706e+01,2.218835e+01,2.218835e+01,2.207131e+01,2.212641e+01,2.211263e+01,2.213329e+01,2.197483e+01,2.196104e+01,2.217459e+01,2.200241e+01,2.210575e+01,2.202997e+01,2.206442e+01,2.204376e+01,2.205754e+01,2.199551e+01,2.204376e+01,2.196793e+01,2.203687e+01,2.203687e+01,2.201619e+01,2.201619e+01,2.207131e+01,2.196104e+01,2.197483e+01,2.203687e+01,2.199551e+01,2.200241e+01,2.195414e+01,2.205065e+01,2.198862e+01,2.187825e+01,2.191276e+01,2.190586e+01,2.203687e+01,2.194725e+01,2.191276e+01,2.190586e+01,2.190586e+01,2.202308e+01,2.210575e+01,2.178159e+01,2.182303e+01,2.186445e+01,2.183684e+01,2.182993e+01,2.194725e+01,2.188516e+01,2.200241e+01,2.194035e+01,2.204376e+01,2.196104e+01,2.183684e+01,2.194725e+01,2.183684e+01,2.189896e+01,2.180922e+01,2.192655e+01,2.184374e+01,2.189896e+01,2.188516e+01,2.187135e+01,2.176777e+01,2.179540e+01,2.187135e+01,2.189206e+01,2.189206e+01,2.187825e+01,2.185065e+01,2.191965e+01,2.199551e+01,2.194035e+01,2.198862e+01,2.194035e+01,2.199551e+01,2.186445e+01,2.188516e+01,2.198172e+01,2.199551e+01,2.188516e+01,2.197483e+01,2.190586e+01,2.198862e+01,2.196793e+01,2.196104e+01,2.197483e+01,2.196793e+01,2.186445e+01,2.186445e+01
2.142867e+01,2.147025e+01,2.150489e+01,2.168483e+01,2.137320e+01,2.156029e+01,2.140094e+01,2.153260e+01,2.138707e+01,2.147718e+01,2.150489e+01,2.131076e+01,2.138013e+01,2.140094e+01,2.152567e+01,2.142867e+01,2.138707e+01,2.146332e+01,2.149796e+01,2.151182e+01,2.153260e+01,2.151182e+01,2.150489e+01,2.159490e+01,2.144253e+01,2.153260e+01,2.148411e+01,2.144946e+01,2.155337e+01,2.150489e+01,2.167100e+01,2.151875e+01,2.152567e+01,2.162258e+01,2.161566e+01,2.163642e+01,2.153952e+01,2.161566e+01,2.160182e+01,2.152567e+01,2.160182e+01,2.162950e+01,2.169866e+01,2.155337e+01,2.163642e+01,2.152567e+01,2.165025e+01,2.165025e+01,2.160182e+01,2.167100e+01,2.171248e+01,2.169175e+01,2.160874e+01,2.160182e+01,2.165717e+01,2.170557e+01,2.167100e+01,2.175395e+01,2.161566e+01,2.164334e+01,2.164334e+01,2.175395e+01,2.174013e+01,2.161566e+01,2.163642e+01,2.174704e+01,2.168483e+01,2.169175e+01,2.160874e+01,2.156029e+01,2.159490e+01,2.157414e+01,2.152567e+01,2.166409e+01,2.162258e+01,2.170557e+01,2.162950e+01,2.160182e+01,2.156029e+01,2.149104e+01,2.158106e+01,2.173322e+01,2.151875e+01,2.160182e+01,2.165717e+01,2.157414e+01,2.172631e+01,2.153260e+01,2.153260e+01,2.179540e+01,2.147718e+01,2.169175e+01,2.163642e+01,2.167100e+01,2.169866e+01,2.169175e+01,2.156721e+01,2.177468e+01,2.176086e+01,2.161566e+01,2.164334e+01,2.183684e+01,2.170557e+01,2.179540e+01,2.153952e+01,2.179540e+01,2.167792e+01,2.158798e+01,2.170557e+01,2.172631e+01,2.169866e+01,2.167100e+01,2.175395e+01,2.178850e+01,2.174704e+01,2.165717e+01,2.185065e+01,2.187135e+01,2.200241e+01,2.185065e+01,2.182993e+01,2.216082e+01,2.209198e+01,2.219523e+01,2.249065e+01,2.266886e+01,2.274416e+01,2.298340e+01,2.317439e+01,2.335143e+01,2.359605e+01,2.398219e+01,2.400924e+01,2.440058e+01,2.474349e+01,2.498486e+01,2.535924e+01,2.558588e+01,2.592495e+01,2.591831e+01,2.626292e+01,2.634229e+01,2.656024e+01,2.661961e+01,2.685015e+01,2.686331e+01,2.702110e+01,2.725733e+01,2.732941e+01,2.737525e+01,2.723767e+01,2.757150e+01,2.762378e+01,2.757804e+01,2.748651e+01,2.761724e+01,2.764990e+01,2.750613e+01,2.753228e+01,2.730976e+01,2.713928e+01,2.718520e+01,2.711303e+01,2.674482e+01,2.654045e+01,2.630261e+01,2.606424e+01,2.589175e+01,2.553260e+01,2.512541e+01,2.396867e+01,2.212641e+01,2.119271e+01,2.105365e+01,2.106756e+01,2.103973e+01,2.094226e+01,2.094226e+01,2.089350e+01,2.083773e+01,2.086562e+01,2.085168e+01,2.102581e+01,2.106061e+01,2.090047e+01,2.086562e+01,2.097709e+01,2.095619e+01,2.095619e+01,2.097012e+01,2.092833e+01,2.096316e+01,2.096316e+01,2.100493e+01,2.098405e+01,2.101189e+01,2.103973e+01,2.094923e+01,2.109539e+01,2.095619e+01,2.105365e+01,2.105365e+01,2.115101e+01,2.110234e+01,2.112320e+01,2.108843e+01,2.116491e+01,2.119966e+01,2.123439e+01,2.122744e+01,2.126217e+01,2.128993e+01,2.130382e+01,2.126911e+01,2.138013e+01,2.132464e+01,2.137320e+01,2.157414e+01,2.145639e+01,2.166409e+01,2.160874e+01,2.162258e+01,2.158106e+01,2.160874e+01,2.180231e+01,2.185065e+01,2.178850e+01,2.174704e+01,2.171248e+01,2.180922e+01,2.174013e+01,2.169175e+01,2.180922e+01,2.180231e+01,2.180922e+01,2.178159e+01,2.169175e+01,2.171940e+01,2.165025e+01,2.168483e+01,2.159490e+01,2.157414e+01,2.160874e+01,2.136626e+01,2.152567e+01,2.155337e+01,2.145639e+01,2.156721e+01,2.156721e+01,2.165717e+01,2.172631e+01,2.172631e+01,2.170557e+01,2.179540e+01,2.182993e+01,2.172631e+01,2.181612e+01,2.165025e+01,2.191276e+01,2.191965e+01,2.192655e+01,2.189896e+01,2.191965e+01,2.190586e+01,2.181612e+01,2.179540e+01,2.187825e+01,2.182993e+01,2.180922e+01,2.184374e+01,2.175395e+01,2.171940e+01,2.174704e+01,2.169866e+01,2.173322e+01,2.176086e+01,2.167792e+01,2.175395e+01,2.153952e+01,2.169175e+01,2.160874e+01,2.165717e+01,2.153260e+01,2.161566e+01,2.142867e+01,2.135933e+01,2.118576e+01,2.131076e+01,2.132464e+01,2.093530e+01,2.098405e+01,2.082378e+01,2.106061e+01,2.094226e+01,2.110929e+01,2.115796e+01,2.120660e+01,2.122050e+01,2.139400e+01,2.124828e+01,2.137320e+01,2.123439e+01,2.148411e+01,2.140094e+01,2.149104e+01,2.144253e+01,2.154645e+01,2.141480e+01,2.149796e+01,2.151182e+01,2.158106e+01,2.171248e+01,2.153952e+01,2.147718e+01,2.150489e+01,2.160182e+01,2.151182e+01,2.158798e+01,2.151875e+01,2.156721e+01,2.157414e+01,2.165025e+01,2.164334e+01,2.163642e+01,2.151182e+01,2.158798e+01,2.155337e+01,2.175395e+01,2.158798e+01,2.168483e+01,2.167100e+01,2.159490e+01,2.163642e+01,2.165717e+01,2.163642e+01,2.164334e+01,2.164334e+01,2.165717e+01,2.166409e+01,2.168483e+01,2.160182e+01,2.166409e+01,2.161566e+01,2.173322e+01,2.157414e+01,2.122744e+01,2.126217e+01,2.124133e+01,2.139400e+01,2.146332e+01,2.132464e+01,2.154645e+01,2.145639e+01,2.147718e+01,2.142174e+01,2.146332e+01,2.143560e+01,2.131770e+01,2.146332e+01,2.135239e+01,2.133851e+01,2.141480e+01,2.135239e+01,2.135933e+01,2.144253e+01,2.145639e+01,2.152567e+01,2.137320e+01,2.140787e+01,2.140094e+01,2.140094e+01,2.135933e+01,2.146332e+01,2.138013e+01,2.150489e+01,2.149104e+01,2.148411e+01,2.133158e+01,2.147718e+01,2.148411e+01,2.139400e+01,2.142867e+01,2.140787e+01,2.135239e+01,2.135933e+01,2.128299e+01,2.153952e+01,2.131076e+01,2.136626e+01,2.135239e+01,2.128993e+01,2.128299e+01,2.132464e+01,2.125522e+01,2.116491e+01,2.115796e+01,2.126217e+01,2.113015e+01,2.095619e+01,2.124828e+01,2.113711e+01,2.110929e+01,2.103973e+01,2.103277e+01,2.097709e+01,2.110929e+01,2.107452e+01,2.115101e+01,2.110929e+01,2.121355e+01,2.105365e+01,2.104669e+01,2.097012e+01,2.098405e+01,2.156029e+01,2.352816e+01,2.524573e+01,2.593822e+01,2.605761e+01,2.609738e+01,2.620998e+01,2.593158e+01,2.587183e+01,2.588511e+01,2.583198e+01,2.583198e+01,2.562583e+01,2.561917e+01,2.557923e+01,2.548595e+01,2.540594e+01,2.517222e+01,2.531251e+01,2.499156e+01,2.512541e+01,2.503843e+01,2.481059e+01,2.474349e+01,2.457554e+01,2.448137e+01,2.426580e+01,2.392132e+01,2.387395e+01,2.349419e+01,2.338544e+01,2.319484e+01,2.294243e+01,2.284676e+01,2.281257e+01,2.237395e+01,2.240142e+01,2.234648e+01,2.198172e+01,2.197483e+01,2.195414e+01,2.182303e+01,2.169175e+01,2.163642e+01,2.173322e+01,2.153260e+01,2.167100e+01,2.148411e+01,2.152567e+01,2.149104e+01,2.136626e+01,2.142174e+01,2.133158e+01,2.136626e+01,2.131076e+01,2.127605e+01,2.131770e+01,2.131770e+01,2.136626e+01,2.120660e+01,2.126217e+01,2.119966e+01,2.119966e+01,2.118576e+01,2.119271e+01,2.132464e+01,2.131076e+01,2.128299e+01,2.129688e+01,2.134545e+01,2.137320e+01,2.140094e+01,2.128299e+01,2.135239e+01,2.135239e+01,2.135933e+01,2.141480e+01,2.144946e+01,2.147718e+01,2.151182e+01,2.169175e+01,2.154645e+01,2.158798e+01,2.168483e+01,2.149104e+01,2.167100e+01,2.166409e+01,2.165025e+01,2.170557e+01,2.174013e+01,2.175395e+01,2.180922e+01,2.183684e+01,2.180922e+01,2.182303e+01,2.179540e+01,2.181612e+01,2.184374e+01,2.177468e+01,2.174704e+01,2.179540e+01,2.172631e+01,2.184374e+01,2.180922e+01,2.180231e+01,2.185755e+01,2.180922e+01,2.164334e+01,2.149104e+01,2.165717e+01,2.163642e+01,2.109539e+01,2.098405e+01,2.096316e+01,2.072611e+01,2.099101e+01,2.071215e+01,2.080984e+01,2.068422e+01,2.071913e+01,2.070517e+01,2.078193e+01,2.072611e+01,2.066327e+01,2.067025e+01,2.066327e+01,2.070517e+01,2.086562e+01,2.142174e+01,2.165025e+01,2.182303e+01,2.200241e+01,2.207820e+01,2.198862e+01,2.205065e+01,2.194725e+01,2.198172e+01,2.210575e+01,2.206442e+01,2.191965e+01,2.211952e+01,2.203687e+01,2.194035e+01,2.194725e+01,2.201619e+01,2.199551e+01,2.199551e+01,2.205065e+01,2.205065e+01,2.197483e+01,2.218147e+01,2.205065e+01,2.202308e+01,2.207131e+01,2.205754e+01,2.200241e+01,2.202308e+01,2.209886e+01,2.201619e+01,2.209198e+01,2.200241e+01,2.207131e+01,2.201619e+01,2.196793e+01,2.198172e+01,2.198172e+01,2.200241e+01,2.192655e+01,2.194035e+01,2.187825e+01,2.205754e+01,2.207131e+01,2.192655e+01,2.191276e+01,2.190586e+01,2.198172e+01,2.178159e+01,2.191276e+01,2.187135e+01,2.202308e+01,2.187825e+01,2.182993e+01,2.199551e+01,2.180231e+01,2.198172e+01,2.197483e+01,2.195414e+01,2.206442e+01,2.175395e+01,2.189896e+01,2.194035e+01,2.172631e+01,2.189206e+01,2.186445e+01,2.194725e+01,2.183684e+01,2.188516e+01,2.185065e+01,2.190586e+01,2.180922e+01,2.191965e+01,2.168483e+01,2.189206e+01,2.189206e+01,2.195414e+01,2.194725e+01,2.202997e+01,2.178850e+01,2.193345e+01,2.194035e+01,2.191965e+01,2.195414e+01,2.192655e+01,2.183684e+01,2.180231e+01,2.198172e+01,2.197483e+01,2.191965e+01,2.197483e+01,2.194725e+01,2.194035e+01,2.189896e+01,2.185065e+01,2.188516e+01,2.188516e+01,2.187135e+01
2.147025e+01,2.151182e+01,2.148411e+01,2.158798e+01,2.142867e+01,2.142867e+01,2.142867e+01,2.140094e+01,2.158106e+01,2.145639e+01,2.149796e+01,2.158798e+01,2.156721e+01,2.147025e+01,2.143560e+01,2.162950e+01,2.149104e+01,2.147025e+01,2.151182e+01,2.154645e+01,2.149104e+01,2.156721e+01,2.169175e+01,2.154645e+01,2.156721e+01,2.149104e+01,2.149796e+01,2.150489e+01,2.158106e+01,2.158106e+01,2.152567e+01,2.165717e+01,2.145639e+01,2.147718e+01,2.150489e+01,2.167792e+01,2.160874e+01,2.162258e+01,2.156029e+01,2.162950e+01,2.161566e+01,2.159490e+01,2.162950e+01,2.160182e+01,2.156029e+01,2.153952e+01,2.169175e+01,2.161566e+01,2.171940e+01,2.169866e+01,2.159490e+01,2.161566e+01,2.169175e+01,2.169866e+01,2.170557e+01,2.164334e+01,2.163642e+01,2.178159e+01,2.169175e+01,2.163642e+01,2.159490e+01,2.169175e+01,2.171248e+01,2.173322e+01,2.160182e+01,2.162950e+01,2.153260e+01,2.154645e+01,2.153260e+01,2.171248e+01,2.157414e+01,2.166409e+01,2.171248e+01,2.161566e+01,2.160874e+01,2.159490e+01,2.152567e+01,2.160874e+01,2.181612e+01,2.180922e+01,2.152567e+01,2.161566e+01,2.161566e+01,2.165717e+01,2.144946e+01,2.152567e+01,2.156029e+01,2.165025e+01,2.153260e+01,2.157414e+01,2.149796e+01,2.147025e+01,2.171248e+01,2.169866e+01,2.155337e+01,2.168483e+01,2.165025e+01,2.176086e+01,2.180922e+01,2.171248e+01,2.183684e+01,2.166409e+01,2.176086e+01,2.170557e+01,2.171940e+01,2.167100e+01,2.174013e+01,2.171940e+01,2.174704e+01,2.167792e+01,2.156721e+01,2.171248e+01,2.174704e+01,2.176086e+01,2.171248e+01,2.175395e+01,2.189896e+01,2.189206e+01,2.182303e+01,2.202308e+01,2.207820e+01,2.219523e+01,2.216771e+01,2.231212e+01,2.231212e+01,2.271679e+01,2.277837e+01,2.316076e+01,2.317439e+01,2.325614e+01,2.365711e+01,2.394838e+01,2.419160e+01,2.466291e+01,2.462259e+01,2.499826e+01,2.531919e+01,2.557257e+01,2.586519e+01,2.590503e+01,2.621660e+01,2.648104e+01,2.652725e+01,2.658663e+01,2.677775e+01,2.692251e+01,2.698167e+01,2.702766e+01,2.738180e+01,2.737525e+01,2.738835e+01,2.769561e+01,2.755189e+01,2.768255e+01,2.761071e+01,2.763684e+01,2.763684e+01,2.756497e+01,2.747997e+01,2.744071e+01,2.714584e+01,2.709990e+01,2.708020e+01,2.681067e+01,2.669212e+01,2.635551e+01,2.626954e+01,2.589175e+01,2.553926e+01,2.513210e+01,2.460915e+01,2.360283e+01,2.213329e+01,2.117186e+01,2.101885e+01,2.096316e+01,2.093530e+01,2.093530e+01,2.092137e+01,2.088653e+01,2.085865e+01,2.090743e+01,2.087956e+01,2.101189e+01,2.101189e+01,2.095619e+01,2.093530e+01,2.081681e+01,2.097709e+01,2.097012e+01,2.097709e+01,2.096316e+01,2.097709e+01,2.099101e+01,2.091440e+01,2.097012e+01,2.101189e+01,2.104669e+01,2.107452e+01,2.110929e+01,2.101189e+01,2.109539e+01,2.101885e+01,2.111625e+01,2.113711e+01,2.116491e+01,2.122050e+01,2.121355e+01,2.122744e+01,2.127605e+01,2.121355e+01,2.136626e+01,2.128993e+01,2.134545e+01,2.128993e+01,2.132464e+01,2.151875e+01,2.154645e+01,2.149796e+01,2.161566e+01,2.153952e+01,2.156721e+01,2.171248e+01,2.174013e+01,2.174013e+01,2.167100e+01,2.180922e+01,2.172631e+01,2.174704e+01,2.180922e+01,2.177468e+01,2.183684e+01,2.177468e+01,2.164334e+01,2.164334e+01,2.160182e+01,2.172631e+01,2.173322e+01,2.174704e+01,2.162950e+01,2.156029e+01,2.157414e+01,2.138013e+01,2.144946e+01,2.142867e+01,2.140787e+01,2.155337e+01,2.144253e+01,2.147025e+01,2.151182e+01,2.170557e+01,2.176777e+01,2.181612e+01,2.173322e+01,2.182303e+01,2.186445e+01,2.183684e+01,2.186445e+01,2.196104e+01,2.191276e+01,2.171248e+01,2.185755e+01,2.177468e+01,2.179540e+01,2.186445e+01,2.191276e+01,2.183684e+01,2.185755e+01,2.176777e+01,2.176086e+01,2.177468e+01,2.171940e+01,2.183684e+01,2.172631e+01,2.170557e+01,2.176086e+01,2.165717e+01,2.168483e+01,2.171248e+01,2.165025e+01,2.152567e+01,2.164334e+01,2.153952e+01,2.154645e+01,2.159490e+01,2.140787e+01,2.131076e+01,2.137320e+01,2.138013e+01,2.121355e+01,2.103973e+01,2.094226e+01,2.087259e+01,2.094923e+01,2.106061e+01,2.100493e+01,2.105365e+01,2.110234e+01,2.132464e+01,2.120660e+01,2.138013e+01,2.137320e+01,2.141480e+01,2.140094e+01,2.146332e+01,2.140787e+01,2.140787e+01,2.147025e+01,2.123439e+01,2.151182e+01,2.153952e+01,2.145639e+01,2.158798e+01,2.138013e+01,2.146332e+01,2.160874e+01,2.164334e+01,2.158798e+01,2.160182e+01,2.150489e+01,2.162950e+01,2.161566e+01,2.160182e+01,2.163642e+01,2.164334e+01,2.170557e+01,2.156029e+01,2.165717e+01,2.165025e+01,2.161566e+01,2.162950e+01,2.167792e+01,2.167792e+01,2.163642e+01,2.162258e+01,2.162950e+01,2.169175e+01,2.171940e+01,2.174013e+01,2.169175e+01,2.169866e+01,2.169175e+01,2.169175e+01,2.167100e+01,2.162258e+01,2.123439e+01,2.129688e+01,2.121355e+01,2.139400e+01,2.135933e+01,2.124133e+01,2.149104e+01,2.135933e+01,2.141480e+01,2.140787e+01,2.130382e+01,2.143560e+01,2.123439e+01,2.147718e+01,2.135933e+01,2.126217e+01,2.140787e+01,2.140787e+01,2.128299e+01,2.160182e+01,2.138013e+01,2.142867e+01,2.138013e+01,2.132464e+01,2.135239e+01,2.136626e+01,2.138013e+01,2.140787e+01,2.145639e+01,2.138707e+01,2.147718e+01,2.134545e+01,2.138707e+01,2.138013e+01,2.139400e+01,2.145639e+01,2.142174e+01,2.132464e+01,2.125522e+01,2.146332e+01,2.130382e+01,2.139400e+01,2.138707e+01,2.126911e+01,2.135239e+01,2.135239e+01,2.133851e+01,2.137320e+01,2.129688e+01,2.122050e+01,2.121355e+01,2.110929e+01,2.113015e+01,2.113711e+01,2.117881e+01,2.112320e+01,2.100493e+01,2.108843e+01,2.105365e+01,2.108843e+01,2.113015e+01,2.117186e+01,2.108843e+01,2.091440e+01,2.097012e+01,2.097709e+01,2.094923e+01,2.095619e+01,2.113015e+01,2.138707e+01,2.228463e+01,2.443425e+01,2.550595e+01,2.592495e+01,2.591167e+01,2.600457e+01,2.588511e+01,2.609738e+01,2.595813e+01,2.590503e+01,2.567907e+01,2.564580e+01,2.575887e+01,2.557257e+01,2.561252e+01,2.547929e+01,2.531919e+01,2.535924e+01,2.522569e+01,2.519227e+01,2.501165e+01,2.485754e+01,2.478376e+01,2.454192e+01,2.448137e+01,2.423208e+01,2.392132e+01,2.380623e+01,2.350099e+01,2.337864e+01,2.328337e+01,2.311304e+01,2.281257e+01,2.254551e+01,2.235335e+01,2.239456e+01,2.235335e+01,2.194035e+01,2.184374e+01,2.187825e+01,2.183684e+01,2.181612e+01,2.164334e+01,2.169175e+01,2.171940e+01,2.149796e+01,2.151875e+01,2.147718e+01,2.138707e+01,2.138707e+01,2.133158e+01,2.142867e+01,2.127605e+01,2.127605e+01,2.128299e+01,2.131076e+01,2.133851e+01,2.129688e+01,2.126911e+01,2.119271e+01,2.123439e+01,2.126217e+01,2.120660e+01,2.129688e+01,2.136626e+01,2.136626e+01,2.131076e+01,2.130382e+01,2.110929e+01,2.133851e+01,2.126911e+01,2.128993e+01,2.133158e+01,2.133851e+01,2.125522e+01,2.138013e+01,2.115101e+01,2.144946e+01,2.153260e+01,2.154645e+01,2.153260e+01,2.169866e+01,2.152567e+01,2.168483e+01,2.167792e+01,2.168483e+01,2.170557e+01,2.173322e+01,2.169175e+01,2.179540e+01,2.196793e+01,2.178850e+01,2.186445e+01,2.175395e+01,2.179540e+01,2.167792e+01,2.177468e+01,2.176777e+01,2.178159e+01,2.174704e+01,2.196104e+01,2.182993e+01,2.168483e+01,2.184374e+01,2.161566e+01,2.185065e+01,2.171248e+01,2.174704e+01,2.180231e+01,2.142174e+01,2.164334e+01,2.118576e+01,2.108843e+01,2.086562e+01,2.086562e+01,2.078193e+01,2.076798e+01,2.074007e+01,2.069818e+01,2.071215e+01,2.068422e+01,2.071913e+01,2.076798e+01,2.069120e+01,2.070517e+01,2.063532e+01,2.071913e+01,2.141480e+01,2.169175e+01,2.174704e+01,2.179540e+01,2.191965e+01,2.221587e+01,2.221587e+01,2.196104e+01,2.202997e+01,2.202997e+01,2.200241e+01,2.209198e+01,2.212641e+01,2.194035e+01,2.202997e+01,2.202997e+01,2.214017e+01,2.196104e+01,2.198172e+01,2.197483e+01,2.199551e+01,2.210575e+01,2.204376e+01,2.195414e+01,2.205754e+01,2.199551e+01,2.216771e+01,2.193345e+01,2.208509e+01,2.209886e+01,2.207820e+01,2.197483e+01,2.202997e+01,2.196104e+01,2.202997e+01,2.202997e+01,2.199551e+01,2.200241e+01,2.198172e+01,2.191965e+01,2.205065e+01,2.194035e+01,2.210575e+01,2.196793e+01,2.195414e+01,2.191965e+01,2.189206e+01,2.201619e+01,2.189896e+01,2.191276e+01,2.182993e+01,2.192655e+01,2.180922e+01,2.176086e+01,2.187135e+01,2.194725e+01,2.183684e+01,2.182993e+01,2.185755e+01,2.198172e+01,2.181612e+01,2.179540e+01,2.176086e+01,2.192655e+01,2.196104e+01,2.180231e+01,2.183684e+01,2.185755e+01,2.183684e+01,2.181612e+01,2.182303e+01,2.189206e+01,2.169866e+01,2.186445e+01,2.179540e+01,2.182303e+01,2.176777e+01,2.178159e+01,2.197483e+01,2.191965e+01,2.191276e+01,2.178159e+01,2.194725e+01,2.194725e+01,2.192655e+01,2.196793e+01,2.198862e+01,2.196104e+01,2.196104e+01,2.198172e+01,2.191276e+01,2.194725e+01,2.196104e+01,2.189206e+01,2.187825e+01,2.191276e+01,2.191276e+01,2.169175e+01
2.154645e+01,2.140094e+01,2.128993e+01,2.147025e+01,2.143560e+01,2.131770e+01,2.150489e+01,2.153260e+01,2.133851e+01,2.153260e+01,2.151875e+01,2.149104e+01,2.157414e+01,2.159490e+01,2.164334e+01,2.138013e+01,2.151875e+01,2.141480e+01,2.147025e+01,2.158798e+01,2.149104e+01,2.140094e+01,2.152567e+01,2.167792e+01,2.153952e+01,2.149104e+01,2.147025e+01,2.155337e+01,2.163642e+01,2.154645e+01,2.173322e+01,2.156029e+01,2.149104e+01,2.156029e+01,2.154645e+01,2.165025e+01,2.163642e+01,2.165717e+01,2.167792e+01,2.150489e+01,2.168483e+01,2.154645e+01,2.161566e+01,2.154645e+01,2.160874e+01,2.163642e+01,2.159490e+01,2.164334e+01,2.164334e+01,2.156721e+01,2.157414e+01,2.173322e+01,2.156721e+01,2.169866e+01,2.176777e+01,2.170557e+01,2.172631e+01,2.165717e+01,2.172631e+01,2.179540e+01,2.162258e+01,2.154645e+01,2.168483e+01,2.153260e+01,2.175395e+01,2.153952e+01,2.155337e+01,2.169866e+01,2.148411e+01,2.153952e+01,2.156721e+01,2.156721e+01,2.169866e+01,2.173322e+01,2.159490e+01,2.158798e+01,2.148411e+01,2.155337e+01,2.152567e+01,2.149104e+01,2.155337e+01,2.160182e+01,2.165717e+01,2.153260e+01,2.151182e+01,2.155337e+01,2.149796e+01,2.151875e+01,2.151182e+01,2.148411e+01,2.156721e+01,2.167100e+01,2.173322e+01,2.171940e+01,2.167100e+01,2.170557e+01,2.171940e+01,2.162950e+01,2.168483e+01,2.166409e+01,2.162950e+01,2.155337e+01,2.168483e+01,2.161566e+01,2.159490e+01,2.158798e+01,2.175395e+01,2.176086e+01,2.167100e+01,2.171940e+01,2.158798e+01,2.165717e+01,2.169866e+01,2.178159e+01,2.184374e+01,2.182303e+01,2.178850e+01,2.200241e+01,2.180922e+01,2.182993e+01,2.205065e+01,2.207820e+01,2.215394e+01,2.233961e+01,2.233961e+01,2.250437e+01,2.293560e+01,2.290827e+01,2.316758e+01,2.339224e+01,2.356211e+01,2.410383e+01,2.434669e+01,2.445445e+01,2.466291e+01,2.509865e+01,2.531251e+01,2.557923e+01,2.557923e+01,2.601783e+01,2.620998e+01,2.636873e+01,2.647444e+01,2.658003e+01,2.681725e+01,2.685015e+01,2.695538e+01,2.707364e+01,2.740144e+01,2.736871e+01,2.740799e+01,2.752574e+01,2.761071e+01,2.768908e+01,2.761724e+01,2.758457e+01,2.761724e+01,2.751266e+01,2.749305e+01,2.742762e+01,2.715896e+01,2.717864e+01,2.683041e+01,2.677775e+01,2.659323e+01,2.643481e+01,2.634890e+01,2.591831e+01,2.554592e+01,2.525241e+01,2.487095e+01,2.448137e+01,2.360962e+01,2.259350e+01,2.126911e+01,2.115101e+01,2.103277e+01,2.091440e+01,2.094923e+01,2.087956e+01,2.087956e+01,2.087259e+01,2.095619e+01,2.090743e+01,2.088653e+01,2.092137e+01,2.087259e+01,2.100493e+01,2.093530e+01,2.094923e+01,2.097012e+01,2.097709e+01,2.103277e+01,2.096316e+01,2.094923e+01,2.097012e+01,2.094226e+01,2.107452e+01,2.108843e+01,2.115796e+01,2.115101e+01,2.117881e+01,2.117881e+01,2.119271e+01,2.117186e+01,2.115796e+01,2.119271e+01,2.122050e+01,2.122050e+01,2.123439e+01,2.134545e+01,2.123439e+01,2.128299e+01,2.145639e+01,2.138013e+01,2.145639e+01,2.129688e+01,2.151875e+01,2.157414e+01,2.153260e+01,2.151182e+01,2.151182e+01,2.167792e+01,2.182993e+01,2.178159e+01,2.175395e+01,2.185755e+01,2.165717e+01,2.174013e+01,2.171940e+01,2.179540e+01,2.171940e+01,2.165025e+01,2.165717e+01,2.165025e+01,2.161566e+01,2.164334e+01,2.174704e+01,2.168483e+01,2.174013e+01,2.153260e+01,2.154645e+01,2.146332e+01,2.133851e+01,2.138707e+01,2.130382e+01,2.147718e+01,2.157414e+01,2.147025e+01,2.138707e+01,2.145639e+01,2.128993e+01,2.167792e+01,2.182303e+01,2.185755e+01,2.181612e+01,2.183684e+01,2.182303e+01,2.190586e+01,2.175395e+01,2.191965e+01,2.194725e+01,2.178159e+01,2.183684e+01,2.186445e+01,2.182303e+01,2.181612e+01,2.180231e+01,2.182303e+01,2.183684e+01,2.204376e+01,2.182993e+01,2.182993e+01,2.173322e+01,2.176777e+01,2.176777e+01,2.165717e+01,2.169175e+01,2.165025e+01,2.161566e+01,2.155337e+01,2.152567e+01,2.163642e+01,2.156029e+01,2.156721e+01,2.143560e+01,2.135933e+01,2.136626e+01,2.133158e+01,2.122744e+01,2.106756e+01,2.092833e+01,2.098405e+01,2.095619e+01,2.099797e+01,2.117186e+01,2.125522e+01,2.126217e+01,2.122744e+01,2.126217e+01,2.128993e+01,2.139400e+01,2.131076e+01,2.135933e+01,2.135933e+01,2.143560e+01,2.131770e+01,2.135933e+01,2.143560e+01,2.123439e+01,2.156721e+01,2.153260e+01,2.155337e+01,2.152567e+01,2.150489e+01,2.149796e+01,2.149796e+01,2.150489e+01,2.164334e+01,2.149796e+01,2.167792e+01,2.161566e+01,2.155337e+01,2.159490e+01,2.165717e+01,2.166409e+01,2.174013e+01,2.158798e+01,2.166409e+01,2.178159e+01,2.163642e+01,2.164334e+01,2.162258e+01,2.165025e+01,2.162950e+01,2.169866e+01,2.188516e+01,2.171248e+01,2.172631e+01,2.164334e+01,2.164334e+01,2.156721e+01,2.167100e+01,2.149104e+01,2.131076e+01,2.124828e+01,2.142867e+01,2.122744e+01,2.122744e+01,2.119966e+01,2.124828e+01,2.140094e+01,2.141480e+01,2.140094e+01,2.135239e+01,2.142174e+01,2.142174e+01,2.139400e+01,2.140787e+01,2.126911e+01,2.135239e+01,2.138707e+01,2.137320e+01,2.140094e+01,2.144253e+01,2.142867e+01,2.134545e+01,2.133851e+01,2.135239e+01,2.135933e+01,2.140094e+01,2.131770e+01,2.137320e+01,2.135239e+01,2.149104e+01,2.133158e+01,2.135933e+01,2.142867e+01,2.135239e+01,2.147718e+01,2.138707e+01,2.143560e+01,2.135933e+01,2.130382e+01,2.138013e+01,2.134545e+01,2.134545e+01,2.137320e+01,2.138013e+01,2.137320e+01,2.121355e+01,2.127605e+01,2.117881e+01,2.122744e+01,2.118576e+01,2.123439e+01,2.113015e+01,2.122050e+01,2.120660e+01,2.108843e+01,2.107452e+01,2.100493e+01,2.098405e+01,2.098405e+01,2.099101e+01,2.098405e+01,2.104669e+01,2.097012e+01,2.092833e+01,2.103973e+01,2.093530e+01,2.087956e+01,2.096316e+01,2.106061e+01,2.113015e+01,2.141480e+01,2.312668e+01,2.481059e+01,2.549928e+01,2.592495e+01,2.618349e+01,2.610401e+01,2.597140e+01,2.605099e+01,2.587183e+01,2.575887e+01,2.565245e+01,2.571898e+01,2.573228e+01,2.541261e+01,2.547929e+01,2.526577e+01,2.528580e+01,2.515885e+01,2.511203e+01,2.515885e+01,2.501165e+01,2.458898e+01,2.460915e+01,2.438711e+01,2.446118e+01,2.401600e+01,2.390778e+01,2.354853e+01,2.356211e+01,2.342623e+01,2.294243e+01,2.281941e+01,2.279206e+01,2.243575e+01,2.235335e+01,2.239456e+01,2.225713e+01,2.194035e+01,2.185755e+01,2.169175e+01,2.178159e+01,2.179540e+01,2.174704e+01,2.158106e+01,2.156029e+01,2.144253e+01,2.150489e+01,2.138707e+01,2.138013e+01,2.135933e+01,2.143560e+01,2.128993e+01,2.122050e+01,2.127605e+01,2.128299e+01,2.128299e+01,2.132464e+01,2.109539e+01,2.136626e+01,2.120660e+01,2.129688e+01,2.133851e+01,2.119271e+01,2.119966e+01,2.135239e+01,2.142174e+01,2.124828e+01,2.131770e+01,2.134545e+01,2.131770e+01,2.126911e+01,2.134545e+01,2.126217e+01,2.131770e+01,2.142174e+01,2.140094e+01,2.151182e+01,2.143560e+01,2.152567e+01,2.153952e+01,2.153952e+01,2.157414e+01,2.164334e+01,2.162258e+01,2.165717e+01,2.167100e+01,2.169866e+01,2.171940e+01,2.176777e+01,2.177468e+01,2.165025e+01,2.176086e+01,2.178159e+01,2.179540e+01,2.176086e+01,2.187825e+01,2.190586e+01,2.180231e+01,2.173322e+01,2.176777e+01,2.179540e+01,2.183684e+01,2.185755e+01,2.183684e+01,2.177468e+01,2.170557e+01,2.178159e+01,2.169866e+01,2.173322e+01,2.165025e+01,2.169175e+01,2.165025e+01,2.108843e+01,2.108148e+01,2.073309e+01,2.067723e+01,2.077496e+01,2.066327e+01,2.066327e+01,2.064930e+01,2.073309e+01,2.070517e+01,2.056544e+01,2.061436e+01,2.073309e+01,2.065628e+01,2.140787e+01,2.178850e+01,2.177468e+01,2.189896e+01,2.204376e+01,2.200241e+01,2.226401e+01,2.208509e+01,2.211263e+01,2.208509e+01,2.198172e+01,2.211263e+01,2.202997e+01,2.192655e+01,2.189206e+01,2.198172e+01,2.199551e+01,2.206442e+01,2.198862e+01,2.199551e+01,2.192655e+01,2.201619e+01,2.209886e+01,2.183684e+01,2.206442e+01,2.200241e+01,2.207131e+01,2.209198e+01,2.202308e+01,2.203687e+01,2.203687e+01,2.206442e+01,2.192655e+01,2.195414e+01,2.201619e+01,2.200930e+01,2.198862e+01,2.171940e+01,2.198172e+01,2.190586e+01,2.195414e+01,2.185755e+01,2.198172e+01,2.192655e+01,2.199551e+01,2.191965e+01,2.191965e+01,2.189896e+01,2.191276e+01,2.180922e+01,2.193345e+01,2.190586e+01,2.176086e+01,2.189896e+01,2.189206e+01,2.192655e+01,2.196793e+01,2.200241e+01,2.181612e+01,2.180922e+01,2.202308e+01,2.180922e+01,2.195414e+01,2.187825e+01,2.167792e+01,2.191965e+01,2.212641e+01,2.188516e+01,2.195414e+01,2.191276e+01,2.198172e+01,2.173322e+01,2.189896e+01,2.192655e+01,2.193345e+01,2.190586e+01,2.194035e+01,2.176777e+01,2.178159e+01,2.196104e+01,2.187825e+01,2.198172e+01,2.191965e+01,2.195414e+01,2.191276e+01,2.194725e+01,2.187135e+01,2.178159e+01,2.192655e+01,2.189896e+01,2.193345e+01,2.178850e+01,2.180922e+01,2.189206e+01,2.189206e+01,2.187825e+01,2.189896e+01,2.189896e+01
2.156721e+01,2.151182e+01,2.149104e+01,2.127605e+01,2.158106e+01,2.141480e+01,2.138707e+01,2.171940e+01,2.151182e+01,2.140094e+01,2.147718e+01,2.146332e+01,2.153260e+01,2.159490e+01,2.152567e+01,2.162950e+01,2.161566e+01,2.141480e+01,2.158106e+01,2.158798e+01,2.158106e+01,2.164334e+01,2.167100e+01,2.150489e+01,2.160874e+01,2.145639e+01,2.154645e+01,2.153952e+01,2.159490e+01,2.155337e+01,2.168483e+01,2.160182e+01,2.156029e+01,2.156029e+01,2.151182e+01,2.164334e+01,2.165025e+01,2.170557e+01,2.162950e+01,2.168483e+01,2.151875e+01,2.171940e+01,2.167792e+01,2.171248e+01,2.154645e+01,2.156029e+01,2.169175e+01,2.167100e+01,2.178159e+01,2.163642e+01,2.160874e+01,2.169175e+01,2.157414e+01,2.169866e+01,2.160874e+01,2.171248e+01,2.158798e+01,2.162950e+01,2.173322e+01,2.170557e+01,2.156721e+01,2.165025e+01,2.178159e+01,2.160182e+01,2.172631e+01,2.176086e+01,2.167792e+01,2.178850e+01,2.179540e+01,2.161566e+01,2.166409e+01,2.167100e+01,2.174704e+01,2.168483e+01,2.143560e+01,2.155337e+01,2.149796e+01,2.178159e+01,2.154645e+01,2.156721e+01,2.156029e+01,2.160182e+01,2.163642e+01,2.161566e+01,2.163642e+01,2.162950e+01,2.160874e+01,2.151182e+01,2.160874e+01,2.171940e+01,2.158798e+01,2.161566e+01,2.179540e+01,2.176777e+01,2.172631e+01,2.172631e+01,2.171940e+01,2.167100e+01,2.161566e+01,2.162258e+01,2.172631e+01,2.165717e+01,2.183684e+01,2.180922e+01,2.161566e+01,2.167100e+01,2.172631e+01,2.149104e+01,2.168483e+01,2.172631e+01,2.176777e+01,2.168483e+01,2.176777e+01,2.179540e+01,2.180231e+01,2.178850e+01,2.184374e+01,2.189206e+01,2.198862e+01,2.185755e+01,2.205754e+01,2.211952e+01,2.214017e+01,2.231212e+01,2.244948e+01,2.273047e+01,2.292194e+01,2.331740e+01,2.320846e+01,2.342623e+01,2.367746e+01,2.409708e+01,2.421184e+01,2.446791e+01,2.481059e+01,2.505851e+01,2.523237e+01,2.558588e+01,2.583198e+01,2.622983e+01,2.609738e+01,2.634229e+01,2.658003e+01,2.656684e+01,2.671847e+01,2.682383e+01,2.691593e+01,2.711959e+01,2.724422e+01,2.731631e+01,2.732286e+01,2.761071e+01,2.763031e+01,2.764337e+01,2.769561e+01,2.765643e+01,2.769561e+01,2.757804e+01,2.761071e+01,2.743417e+01,2.750613e+01,2.724422e+01,2.709990e+01,2.708677e+01,2.664598e+01,2.644802e+01,2.622322e+01,2.593158e+01,2.573228e+01,2.555925e+01,2.489776e+01,2.450155e+01,2.431299e+01,2.360283e+01,2.288094e+01,2.186445e+01,2.147718e+01,2.097012e+01,2.091440e+01,2.090047e+01,2.087956e+01,2.093530e+01,2.103973e+01,2.103973e+01,2.093530e+01,2.099101e+01,2.085865e+01,2.092137e+01,2.092137e+01,2.093530e+01,2.093530e+01,2.104669e+01,2.099101e+01,2.095619e+01,2.097709e+01,2.094923e+01,2.094226e+01,2.095619e+01,2.099797e+01,2.098405e+01,2.110234e+01,2.120660e+01,2.113711e+01,2.120660e+01,2.120660e+01,2.118576e+01,2.113711e+01,2.118576e+01,2.121355e+01,2.123439e+01,2.124133e+01,2.122744e+01,2.140094e+01,2.137320e+01,2.142867e+01,2.137320e+01,2.149796e+01,2.148411e+01,2.140787e+01,2.162950e+01,2.150489e+01,2.153952e+01,2.171940e+01,2.176777e+01,2.167792e+01,2.167792e+01,2.170557e+01,2.177468e+01,2.172631e+01,2.165025e+01,2.173322e+01,2.175395e+01,2.160182e+01,2.174013e+01,2.161566e+01,2.157414e+01,2.158798e+01,2.161566e+01,2.160874e+01,2.160874e+01,2.157414e+01,2.142867e+01,2.149796e+01,2.140787e+01,2.135933e+01,2.142174e+01,2.131770e+01,2.145639e+01,2.142867e+01,2.141480e+01,2.144946e+01,2.128299e+01,2.158798e+01,2.178159e+01,2.174013e+01,2.178159e+01,2.171248e+01,2.173322e+01,2.177468e+01,2.187825e+01,2.183684e+01,2.182303e+01,2.190586e+01,2.187135e+01,2.185065e+01,2.181612e+01,2.182993e+01,2.175395e+01,2.189206e+01,2.178850e+01,2.178159e+01,2.179540e+01,2.175395e+01,2.182993e+01,2.162258e+01,2.176777e+01,2.157414e+01,2.162258e+01,2.165717e+01,2.161566e+01,2.160874e+01,2.156721e+01,2.153260e+01,2.142174e+01,2.143560e+01,2.135933e+01,2.137320e+01,2.134545e+01,2.129688e+01,2.117186e+01,2.103277e+01,2.101189e+01,2.093530e+01,2.102581e+01,2.099797e+01,2.103973e+01,2.119966e+01,2.121355e+01,2.122050e+01,2.128299e+01,2.131076e+01,2.128299e+01,2.130382e+01,2.143560e+01,2.140094e+01,2.144253e+01,2.138013e+01,2.144253e+01,2.147718e+01,2.148411e+01,2.150489e+01,2.150489e+01,2.154645e+01,2.154645e+01,2.151875e+01,2.154645e+01,2.151875e+01,2.151182e+01,2.153260e+01,2.152567e+01,2.162950e+01,2.161566e+01,2.162258e+01,2.156721e+01,2.165025e+01,2.167100e+01,2.181612e+01,2.171248e+01,2.167792e+01,2.166409e+01,2.171248e+01,2.168483e+01,2.161566e+01,2.171940e+01,2.167792e+01,2.167792e+01,2.167792e+01,2.166409e+01,2.169175e+01,2.176777e+01,2.168483e+01,2.147025e+01,2.163642e+01,2.165025e+01,2.126217e+01,2.125522e+01,2.124133e+01,2.126911e+01,2.124133e+01,2.133158e+01,2.117881e+01,2.132464e+01,2.133851e+01,2.139400e+01,2.125522e+01,2.140094e+01,2.129688e+01,2.131076e+01,2.140094e+01,2.126911e+01,2.134545e+01,2.135239e+01,2.134545e+01,2.139400e+01,2.127605e+01,2.138707e+01,2.116491e+01,2.132464e+01,2.128299e+01,2.128993e+01,2.129688e+01,2.137320e+01,2.133158e+01,2.123439e+01,2.137320e+01,2.142867e+01,2.136626e+01,2.146332e+01,2.133158e+01,2.143560e+01,2.142867e+01,2.135933e+01,2.137320e+01,2.135239e+01,2.140787e+01,2.142867e+01,2.139400e+01,2.135239e+01,2.134545e+01,2.135933e+01,2.130382e+01,2.132464e+01,2.140094e+01,2.123439e+01,2.121355e+01,2.113711e+01,2.119966e+01,2.112320e+01,2.117186e+01,2.107452e+01,2.115101e+01,2.113711e+01,2.099797e+01,2.110234e+01,2.100493e+01,2.106756e+01,2.093530e+01,2.098405e+01,2.091440e+01,2.088653e+01,2.096316e+01,2.095619e+01,2.099101e+01,2.100493e+01,2.112320e+01,2.140094e+01,2.227776e+01,2.443425e+01,2.546596e+01,2.593822e+01,2.597803e+01,2.612389e+01,2.603772e+01,2.609076e+01,2.592495e+01,2.583862e+01,2.567907e+01,2.556591e+01,2.568572e+01,2.553926e+01,2.565245e+01,2.535924e+01,2.534589e+01,2.518559e+01,2.507189e+01,2.499156e+01,2.483742e+01,2.472335e+01,2.448810e+01,2.446118e+01,2.426580e+01,2.406330e+01,2.405655e+01,2.370458e+01,2.356211e+01,2.324252e+01,2.311304e+01,2.287410e+01,2.275785e+01,2.270994e+01,2.236709e+01,2.235335e+01,2.216082e+01,2.187135e+01,2.182993e+01,2.178850e+01,2.183684e+01,2.180922e+01,2.165025e+01,2.163642e+01,2.157414e+01,2.150489e+01,2.149796e+01,2.149796e+01,2.135239e+01,2.135933e+01,2.149796e+01,2.133158e+01,2.124828e+01,2.133851e+01,2.131076e+01,2.125522e+01,2.128993e+01,2.126911e+01,2.126217e+01,2.126911e+01,2.121355e+01,2.126217e+01,2.116491e+01,2.119966e+01,2.120660e+01,2.119271e+01,2.108843e+01,2.132464e+01,2.123439e+01,2.128993e+01,2.126911e+01,2.136626e+01,2.122744e+01,2.139400e+01,2.141480e+01,2.140094e+01,2.169866e+01,2.132464e+01,2.141480e+01,2.155337e+01,2.145639e+01,2.142867e+01,2.160874e+01,2.157414e+01,2.171940e+01,2.169175e+01,2.173322e+01,2.171248e+01,2.180922e+01,2.177468e+01,2.178159e+01,2.182303e+01,2.168483e+01,2.173322e+01,2.176777e+01,2.185065e+01,2.184374e+01,2.181612e+01,2.178159e+01,2.187825e+01,2.180231e+01,2.187135e+01,2.181612e+01,2.174013e+01,2.182993e+01,2.182303e+01,2.165025e+01,2.165717e+01,2.172631e+01,2.180231e+01,2.180231e+01,2.162258e+01,2.177468e+01,2.144946e+01,2.117881e+01,2.087956e+01,2.086562e+01,2.085168e+01,2.083773e+01,2.062834e+01,2.067723e+01,2.074705e+01,2.076100e+01,2.064930e+01,2.064930e+01,2.071913e+01,2.139400e+01,2.165717e+01,2.182303e+01,2.195414e+01,2.182303e+01,2.194725e+01,2.186445e+01,2.194725e+01,2.202308e+01,2.198862e+01,2.208509e+01,2.208509e+01,2.211263e+01,2.212641e+01,2.195414e+01,2.201619e+01,2.196104e+01,2.201619e+01,2.191965e+01,2.198862e+01,2.200241e+01,2.202997e+01,2.208509e+01,2.196793e+01,2.215394e+01,2.197483e+01,2.207131e+01,2.200930e+01,2.202997e+01,2.205754e+01,2.201619e+01,2.195414e+01,2.198862e+01,2.198172e+01,2.202997e+01,2.200241e+01,2.200241e+01,2.203687e+01,2.194035e+01,2.194035e+01,2.205065e+01,2.202308e+01,2.194725e+01,2.197483e+01,2.194035e+01,2.190586e+01,2.194725e+01,2.191965e+01,2.188516e+01,2.180231e+01,2.195414e+01,2.192655e+01,2.198862e+01,2.189896e+01,2.196104e+01,2.183684e+01,2.198172e+01,2.192655e+01,2.189206e+01,2.189896e+01,2.176777e+01,2.199551e+01,2.188516e+01,2.189896e+01,2.186445e+01,2.191276e+01,2.191965e+01,2.188516e+01,2.191965e+01,2.189206e+01,2.193345e+01,2.189206e+01,2.187825e+01,2.198862e+01,2.182303e+01,2.176777e+01,2.188516e+01,2.205065e+01,2.195414e+01,2.188516e+01,2.180922e+01,2.195414e+01,2.210575e+01,2.196104e+01,2.193345e+01,2.176086e+01,2.191965e+01,2.189206e+01,2.174704e+01,2.177468e+01,2.185065e+01,2.180231e+01,2.191965e+01,2.184374e+01,2.191276e+01,2.190586e+01,2.187135e+01,2.190586e+01
2.153260e+01,2.151875e+01,2.145639e+01,2.152567e+01,2.152567e+01,2.156721e+01,2.129688e+01,2.152567e+01,2.140787e+01,2.148411e+01,2.160874e+01,2.159490e+01,2.154645e+01,2.160874e+01,2.163642e+01,2.164334e+01,2.142174e+01,2.152567e+01,2.160182e+01,2.158798e+01,2.160874e+01,2.167100e+01,2.174013e+01,2.164334e+01,2.162950e+01,2.154645e+01,2.151182e+01,2.160874e+01,2.161566e+01,2.158106e+01,2.158106e+01,2.165025e+01,2.169175e+01,2.168483e+01,2.169175e+01,2.167100e+01,2.165717e+01,2.164334e+01,2.167100e+01,2.177468e+01,2.169866e+01,2.173322e+01,2.161566e+01,2.167792e+01,2.167100e+01,2.160874e+01,2.177468e+01,2.179540e+01,2.165025e+01,2.171940e+01,2.170557e+01,2.167792e+01,2.173322e+01,2.167100e+01,2.180231e+01,2.174013e+01,2.169175e+01,2.160182e+01,2.178159e+01,2.178850e+01,2.176086e+01,2.170557e+01,2.171940e+01,2.172631e+01,2.174013e+01,2.158106e+01,2.156029e+01,2.176086e+01,2.167792e+01,2.172631e+01,2.160874e+01,2.170557e+01,2.162258e+01,2.169866e+01,2.172631e+01,2.160874e+01,2.165025e+01,2.174704e+01,2.151182e+01,2.164334e+01,2.156721e+01,2.176086e+01,2.142867e+01,2.149796e+01,2.161566e+01,2.153260e+01,2.158106e+01,2.149796e+01,2.172631e+01,2.162950e+01,2.167792e+01,2.162950e+01,2.153260e+01,2.155337e+01,2.173322e+01,2.166409e+01,2.166409e+01,2.165025e+01,2.165025e+01,2.161566e+01,2.167792e+01,2.162950e+01,2.165717e+01,2.157414e+01,2.165717e+01,2.173322e+01,2.167792e+01,2.174704e+01,2.176086e+01,2.174013e+01,2.155337e+01,2.176777e+01,2.163642e+01,2.179540e+01,2.180922e+01,2.176777e+01,2.172631e+01,2.207820e+01,2.195414e+01,2.189206e+01,2.207131e+01,2.219523e+01,2.235335e+01,2.221587e+01,2.249751e+01,2.275785e+01,2.275785e+01,2.318802e+01,2.323571e+01,2.349419e+01,2.408357e+01,2.416460e+01,2.440058e+01,2.456881e+01,2.479047e+01,2.536591e+01,2.518559e+01,2.557923e+01,2.579876e+01,2.607750e+01,2.611063e+01,2.638856e+01,2.640838e+01,2.669212e+01,2.671189e+01,2.683699e+01,2.713272e+01,2.714584e+01,2.733596e+01,2.731631e+01,2.738835e+01,2.759764e+01,2.758457e+01,2.764990e+01,2.765643e+01,2.770214e+01,2.774129e+01,2.771519e+01,2.763031e+01,2.732941e+01,2.736871e+01,2.723111e+01,2.711303e+01,2.675141e+01,2.663939e+01,2.642820e+01,2.620998e+01,2.595813e+01,2.587183e+01,2.558588e+01,2.522569e+01,2.477034e+01,2.445445e+01,2.392808e+01,2.359605e+01,2.318121e+01,2.256608e+01,2.179540e+01,2.144253e+01,2.108843e+01,2.096316e+01,2.095619e+01,2.097012e+01,2.091440e+01,2.084470e+01,2.092833e+01,2.090743e+01,2.093530e+01,2.090743e+01,2.095619e+01,2.097012e+01,2.101189e+01,2.099797e+01,2.097709e+01,2.097012e+01,2.094226e+01,2.097012e+01,2.096316e+01,2.112320e+01,2.114406e+01,2.112320e+01,2.109539e+01,2.111625e+01,2.108843e+01,2.112320e+01,2.113015e+01,2.116491e+01,2.116491e+01,2.120660e+01,2.122050e+01,2.128299e+01,2.121355e+01,2.131770e+01,2.130382e+01,2.138707e+01,2.141480e+01,2.147025e+01,2.152567e+01,2.149796e+01,2.153260e+01,2.156721e+01,2.158798e+01,2.163642e+01,2.173322e+01,2.176777e+01,2.180231e+01,2.174704e+01,2.167792e+01,2.162950e+01,2.164334e+01,2.174704e+01,2.175395e+01,2.162950e+01,2.172631e+01,2.158798e+01,2.160182e+01,2.158106e+01,2.157414e+01,2.151182e+01,2.153952e+01,2.134545e+01,2.145639e+01,2.138013e+01,2.132464e+01,2.148411e+01,2.133851e+01,2.126217e+01,2.140787e+01,2.142174e+01,2.131076e+01,2.128299e+01,2.122744e+01,2.157414e+01,2.160874e+01,2.172631e+01,2.188516e+01,2.185065e+01,2.187825e+01,2.176086e+01,2.183684e+01,2.174704e+01,2.193345e+01,2.179540e+01,2.191965e+01,2.184374e+01,2.185065e+01,2.179540e+01,2.186445e+01,2.178159e+01,2.175395e+01,2.188516e+01,2.180231e+01,2.173322e+01,2.178159e+01,2.174704e+01,2.175395e+01,2.162258e+01,2.192655e+01,2.166409e+01,2.167100e+01,2.156029e+01,2.158798e+01,2.135239e+01,2.151875e+01,2.155337e+01,2.137320e+01,2.155337e+01,2.140094e+01,2.137320e+01,2.121355e+01,2.138013e+01,2.111625e+01,2.106756e+01,2.097012e+01,2.104669e+01,2.100493e+01,2.101885e+01,2.108148e+01,2.110929e+01,2.119966e+01,2.131076e+01,2.144253e+01,2.139400e+01,2.137320e+01,2.140094e+01,2.148411e+01,2.142174e+01,2.150489e+01,2.151875e+01,2.149796e+01,2.158106e+01,2.150489e+01,2.153952e+01,2.143560e+01,2.158798e+01,2.147025e+01,2.160874e+01,2.159490e+01,2.152567e+01,2.158798e+01,2.156721e+01,2.163642e+01,2.160182e+01,2.161566e+01,2.169866e+01,2.172631e+01,2.167792e+01,2.168483e+01,2.169175e+01,2.188516e+01,2.170557e+01,2.167792e+01,2.172631e+01,2.174013e+01,2.169866e+01,2.169866e+01,2.173322e+01,2.173322e+01,2.160182e+01,2.166409e+01,2.170557e+01,2.165025e+01,2.169866e+01,2.158106e+01,2.126217e+01,2.122050e+01,2.127605e+01,2.117186e+01,2.123439e+01,2.135239e+01,2.119271e+01,2.128993e+01,2.116491e+01,2.137320e+01,2.124133e+01,2.134545e+01,2.123439e+01,2.132464e+01,2.122050e+01,2.136626e+01,2.129688e+01,2.135239e+01,2.136626e+01,2.128993e+01,2.143560e+01,2.140094e+01,2.129688e+01,2.130382e+01,2.126911e+01,2.133158e+01,2.137320e+01,2.142867e+01,2.127605e+01,2.126217e+01,2.133158e+01,2.146332e+01,2.136626e+01,2.135933e+01,2.135239e+01,2.136626e+01,2.143560e+01,2.135239e+01,2.138707e+01,2.138013e+01,2.128993e+01,2.133158e+01,2.140094e+01,2.134545e+01,2.128299e+01,2.135239e+01,2.123439e+01,2.138013e+01,2.128299e+01,2.122050e+01,2.121355e+01,2.115796e+01,2.110929e+01,2.115101e+01,2.113015e+01,2.111625e+01,2.122744e+01,2.122744e+01,2.107452e+01,2.111625e+01,2.101189e+01,2.113015e+01,2.093530e+01,2.105365e+01,2.105365e+01,2.095619e+01,2.104669e+01,2.098405e+01,2.097012e+01,2.113711e+01,2.101189e+01,2.117186e+01,2.173322e+01,2.394838e+01,2.543929e+01,2.587847e+01,2.603772e+01,2.613051e+01,2.614376e+01,2.605761e+01,2.599130e+01,2.587847e+01,2.592495e+01,2.571233e+01,2.568572e+01,2.556591e+01,2.561917e+01,2.551927e+01,2.529916e+01,2.531919e+01,2.521232e+01,2.525909e+01,2.484413e+01,2.466962e+01,2.474349e+01,2.460915e+01,2.431973e+01,2.396867e+01,2.395514e+01,2.362998e+01,2.354174e+01,2.333782e+01,2.309258e+01,2.299023e+01,2.264831e+01,2.264831e+01,2.258665e+01,2.231900e+01,2.207131e+01,2.198862e+01,2.187825e+01,2.179540e+01,2.181612e+01,2.174013e+01,2.178850e+01,2.168483e+01,2.162258e+01,2.166409e+01,2.145639e+01,2.165025e+01,2.143560e+01,2.124828e+01,2.144946e+01,2.131770e+01,2.134545e+01,2.128993e+01,2.129688e+01,2.138013e+01,2.120660e+01,2.124133e+01,2.130382e+01,2.139400e+01,2.126911e+01,2.122744e+01,2.126217e+01,2.119271e+01,2.129688e+01,2.119966e+01,2.109539e+01,2.124133e+01,2.126217e+01,2.127605e+01,2.126217e+01,2.126911e+01,2.128993e+01,2.132464e+01,2.126911e+01,2.125522e+01,2.136626e+01,2.143560e+01,2.147025e+01,2.156029e+01,2.154645e+01,2.155337e+01,2.164334e+01,2.154645e+01,2.170557e+01,2.171940e+01,2.171940e+01,2.171248e+01,2.183684e+01,2.175395e+01,2.180231e+01,2.174704e+01,2.173322e+01,2.194035e+01,2.179540e+01,2.192655e+01,2.163642e+01,2.176777e+01,2.178159e+01,2.176777e+01,2.182303e+01,2.178159e+01,2.185065e+01,2.185755e+01,2.184374e+01,2.176086e+01,2.184374e+01,2.195414e+01,2.189206e+01,2.189206e+01,2.180231e+01,2.187135e+01,2.169866e+01,2.161566e+01,2.160182e+01,2.149104e+01,2.095619e+01,2.071215e+01,2.087259e+01,2.067723e+01,2.071913e+01,2.077496e+01,2.067723e+01,2.080286e+01,2.041851e+01,2.085168e+01,2.121355e+01,2.169175e+01,2.182993e+01,2.189896e+01,2.192655e+01,2.196793e+01,2.205065e+01,2.197483e+01,2.203687e+01,2.202997e+01,2.211952e+01,2.207820e+01,2.198862e+01,2.207131e+01,2.198172e+01,2.199551e+01,2.190586e+01,2.200930e+01,2.203687e+01,2.196104e+01,2.202997e+01,2.198862e+01,2.205065e+01,2.196104e+01,2.198862e+01,2.212641e+01,2.192655e+01,2.205065e+01,2.205754e+01,2.199551e+01,2.200930e+01,2.205754e+01,2.193345e+01,2.196793e+01,2.199551e+01,2.202997e+01,2.197483e+01,2.196793e+01,2.196104e+01,2.207820e+01,2.209198e+01,2.198862e+01,2.202308e+01,2.200930e+01,2.195414e+01,2.191276e+01,2.198172e+01,2.214017e+01,2.191965e+01,2.194725e+01,2.193345e+01,2.192655e+01,2.191276e+01,2.178159e+01,2.203687e+01,2.198862e+01,2.182993e+01,2.182303e+01,2.180922e+01,2.187135e+01,2.202308e+01,2.200930e+01,2.188516e+01,2.190586e+01,2.193345e+01,2.189206e+01,2.176086e+01,2.196104e+01,2.189206e+01,2.182303e+01,2.197483e+01,2.191276e+01,2.196793e+01,2.188516e+01,2.178850e+01,2.189896e+01,2.185065e+01,2.192655e+01,2.195414e+01,2.202308e+01,2.187135e+01,2.196793e+01,2.196104e+01,2.183684e+01,2.193345e+01,2.190586e+01,2.196793e+01,2.187825e+01,2.196793e+01,2.183684e+01,2.196104e+01,2.194725e+01,2.181612e+01,2.191965e+01,2.194035e+01,2.191965e+01,2.191965e+01,2.194035e+01
2.157414e+01,2.133851e+01,2.148411e+01,2.158798e+01,2.149104e+01,2.157414e+01,2.151875e+01,2.161566e+01,2.153260e+01,2.162950e+01,2.147718e+01,2.164334e+01,2.158106e+01,2.162258e+01,2.160874e+01,2.160182e+01,2.167100e+01,2.152567e+01,2.170557e+01,2.160874e+01,2.171940e+01,2.167792e+01,2.167100e+01,2.168483e+01,2.167792e+01,2.162950e+01,2.161566e+01,2.163642e+01,2.158106e+01,2.165025e+01,2.165717e+01,2.162950e+01,2.160874e+01,2.169175e+01,2.176777e+01,2.182993e+01,2.167792e+01,2.171248e+01,2.171248e+01,2.165025e+01,2.171940e+01,2.177468e+01,2.168483e+01,2.182303e+01,2.167792e+01,2.168483e+01,2.175395e+01,2.169866e+01,2.163642e+01,2.162258e+01,2.170557e+01,2.177468e+01,2.173322e+01,2.171248e+01,2.179540e+01,2.178850e+01,2.169866e+01,2.184374e+01,2.185065e+01,2.184374e+01,2.172631e+01,2.178850e+01,2.176086e+01,2.177468e+01,2.161566e+01,2.180231e+01,2.175395e+01,2.162950e+01,2.176777e+01,2.167792e+01,2.166409e+01,2.168483e+01,2.158798e+01,2.163642e+01,2.172631e+01,2.175395e+01,2.172631e+01,2.159490e+01,2.167792e+01,2.166409e+01,2.158798e+01,2.160182e+01,2.165025e+01,2.161566e+01,2.156029e+01,2.153952e+01,2.158798e+01,2.154645e+01,2.157414e+01,2.153260e+01,2.167100e+01,2.169866e+01,2.162258e+01,2.172631e+01,2.169866e+01,2.169175e+01,2.151182e+01,2.166409e+01,2.156721e+01,2.167792e+01,2.169866e+01,2.161566e+01,2.167792e+01,2.163642e+01,2.169175e+01,2.167792e+01,2.165025e+01,2.168483e+01,2.168483e+01,2.169175e+01,2.163642e+01,2.167792e+01,2.176086e+01,2.170557e+01,2.186445e+01,2.182993e+01,2.193345e+01,2.199551e+01,2.202997e+01,2.202997e+01,2.194725e+01,2.214706e+01,2.222962e+01,2.232587e+01,2.251808e+01,2.276469e+01,2.295609e+01,2.306530e+01,2.343983e+01,2.353495e+01,2.387395e+01,2.439385e+01,2.442752e+01,2.465619e+01,2.494467e+01,2.515216e+01,2.557257e+01,2.559920e+01,2.578546e+01,2.601783e+01,2.607750e+01,2.633568e+01,2.656684e+01,2.650084e+01,2.668553e+01,2.688963e+01,2.711303e+01,2.713272e+01,2.715240e+01,2.743417e+01,2.745380e+01,2.746688e+01,2.765643e+01,2.770214e+01,2.772172e+01,2.772172e+01,2.766296e+01,2.770866e+01,2.764337e+01,2.740144e+01,2.735561e+01,2.736216e+01,2.730321e+01,2.711959e+01,2.673165e+01,2.666576e+01,2.640838e+01,2.622322e+01,2.591831e+01,2.558588e+01,2.519227e+01,2.474349e+01,2.452846e+01,2.431299e+01,2.384687e+01,2.357569e+01,2.318802e+01,2.259350e+01,2.220899e+01,2.174013e+01,2.153952e+01,2.141480e+01,2.120660e+01,2.096316e+01,2.096316e+01,2.107452e+01,2.106061e+01,2.106061e+01,2.101885e+01,2.122050e+01,2.101885e+01,2.097709e+01,2.117186e+01,2.115101e+01,2.118576e+01,2.094923e+01,2.094226e+01,2.094923e+01,2.109539e+01,2.115796e+01,2.112320e+01,2.121355e+01,2.117881e+01,2.098405e+01,2.120660e+01,2.113015e+01,2.109539e+01,2.118576e+01,2.119966e+01,2.122744e+01,2.119966e+01,2.125522e+01,2.125522e+01,2.138707e+01,2.140787e+01,2.132464e+01,2.147718e+01,2.162950e+01,2.144253e+01,2.165025e+01,2.157414e+01,2.164334e+01,2.156721e+01,2.175395e+01,2.174704e+01,2.174704e+01,2.171940e+01,2.171248e+01,2.176777e+01,2.161566e+01,2.162950e+01,2.174704e+01,2.166409e+01,2.162258e+01,2.172631e+01,2.167100e+01,2.164334e+01,2.156029e+01,2.150489e+01,2.154645e+01,2.142174e+01,2.145639e+01,2.134545e+01,2.135239e+01,2.128299e+01,2.130382e+01,2.126217e+01,2.135239e+01,2.126911e+01,2.138707e+01,2.123439e+01,2.121355e+01,2.159490e+01,2.180231e+01,2.171940e+01,2.174013e+01,2.165717e+01,2.173322e+01,2.171940e+01,2.187135e+01,2.171248e+01,2.173322e+01,2.165717e+01,2.188516e+01,2.194725e+01,2.185065e+01,2.184374e+01,2.184374e+01,2.180922e+01,2.187135e+01,2.181612e+01,2.177468e+01,2.176086e+01,2.180922e+01,2.176086e+01,2.182303e+01,2.168483e+01,2.156029e+01,2.161566e+01,2.159490e+01,2.160874e+01,2.164334e+01,2.152567e+01,2.155337e+01,2.151182e+01,2.134545e+01,2.137320e+01,2.138013e+01,2.136626e+01,2.137320e+01,2.138013e+01,2.128299e+01,2.117186e+01,2.095619e+01,2.093530e+01,2.103973e+01,2.097012e+01,2.102581e+01,2.101885e+01,2.119271e+01,2.119271e+01,2.122050e+01,2.131076e+01,2.157414e+01,2.138707e+01,2.139400e+01,2.145639e+01,2.147025e+01,2.153260e+01,2.150489e+01,2.152567e+01,2.150489e+01,2.144253e+01,2.161566e+01,2.152567e+01,2.155337e+01,2.160874e+01,2.156721e+01,2.162258e+01,2.166409e+01,2.162950e+01,2.158798e+01,2.166409e+01,2.160874e+01,2.175395e+01,2.167100e+01,2.170557e+01,2.168483e+01,2.170557e+01,2.174704e+01,2.166409e+01,2.171248e+01,2.171248e+01,2.176777e+01,2.177468e+01,2.179540e+01,2.194035e+01,2.176086e+01,2.168483e+01,2.163642e+01,2.167792e+01,2.160874e+01,2.171940e+01,2.153260e+01,2.128299e+01,2.140787e+01,2.127605e+01,2.118576e+01,2.128299e+01,2.126217e+01,2.126911e+01,2.129688e+01,2.130382e+01,2.132464e+01,2.132464e+01,2.126911e+01,2.128993e+01,2.124133e+01,2.133158e+01,2.134545e+01,2.133158e+01,2.133158e+01,2.136626e+01,2.129688e+01,2.139400e+01,2.127605e+01,2.125522e+01,2.129688e+01,2.133158e+01,2.131770e+01,2.135933e+01,2.130382e+01,2.140094e+01,2.125522e+01,2.129688e+01,2.131770e+01,2.146332e+01,2.136626e+01,2.151182e+01,2.135933e+01,2.138013e+01,2.147718e+01,2.135933e+01,2.128993e+01,2.142867e+01,2.142867e+01,2.138707e+01,2.136626e+01,2.139400e+01,2.140787e+01,2.135933e+01,2.128993e+01,2.129688e+01,2.121355e+01,2.122744e+01,2.122050e+01,2.122050e+01,2.113711e+01,2.126911e+01,2.121355e+01,2.113015e+01,2.108148e+01,2.111625e+01,2.108148e+01,2.109539e+01,2.098405e+01,2.108148e+01,2.094923e+01,2.108148e+01,2.101885e+01,2.101885e+01,2.102581e+01,2.105365e+01,2.101885e+01,2.103973e+01,2.110234e+01,2.139400e+01,2.273732e+01,2.479718e+01,2.566576e+01,2.602446e+01,2.604436e+01,2.611063e+01,2.606424e+01,2.601783e+01,2.601783e+01,2.594486e+01,2.570568e+01,2.577217e+01,2.564580e+01,2.546596e+01,2.554592e+01,2.535256e+01,2.532586e+01,2.543929e+01,2.521900e+01,2.478376e+01,2.482401e+01,2.458226e+01,2.459571e+01,2.439385e+01,2.411734e+01,2.402951e+01,2.376559e+01,2.367068e+01,2.330379e+01,2.329018e+01,2.305165e+01,2.262776e+01,2.262091e+01,2.238769e+01,2.235335e+01,2.231212e+01,2.200241e+01,2.200241e+01,2.178850e+01,2.182303e+01,2.174704e+01,2.185065e+01,2.169175e+01,2.155337e+01,2.171940e+01,2.169866e+01,2.143560e+01,2.142867e+01,2.126911e+01,2.133851e+01,2.145639e+01,2.131076e+01,2.141480e+01,2.135239e+01,2.131076e+01,2.131076e+01,2.128993e+01,2.126217e+01,2.124133e+01,2.124133e+01,2.117186e+01,2.136626e+01,2.113711e+01,2.128993e+01,2.119966e+01,2.125522e+01,2.119966e+01,2.120660e+01,2.133158e+01,2.138013e+01,2.125522e+01,2.144946e+01,2.140094e+01,2.126217e+01,2.145639e+01,2.142867e+01,2.131770e+01,2.149104e+01,2.155337e+01,2.149796e+01,2.147025e+01,2.145639e+01,2.161566e+01,2.169175e+01,2.166409e+01,2.167792e+01,2.169866e+01,2.172631e+01,2.174704e+01,2.181612e+01,2.183684e+01,2.173322e+01,2.200241e+01,2.182303e+01,2.176777e+01,2.182303e+01,2.177468e+01,2.185065e+01,2.178850e+01,2.176777e+01,2.179540e+01,2.185065e+01,2.185065e+01,2.191965e+01,2.176777e+01,2.185065e+01,2.180922e+01,2.171940e+01,2.182303e+01,2.178850e+01,2.185065e+01,2.177468e+01,2.173322e+01,2.189896e+01,2.178850e+01,2.162258e+01,2.122744e+01,2.085168e+01,2.074007e+01,2.077496e+01,2.080286e+01,2.069120e+01,2.078891e+01,2.080286e+01,2.071913e+01,2.117186e+01,2.184374e+01,2.187825e+01,2.196793e+01,2.196793e+01,2.198172e+01,2.197483e+01,2.196793e+01,2.202308e+01,2.187135e+01,2.202308e+01,2.198862e+01,2.198862e+01,2.200241e+01,2.202308e+01,2.211952e+01,2.210575e+01,2.208509e+01,2.199551e+01,2.223650e+01,2.210575e+01,2.220211e+01,2.231900e+01,2.191276e+01,2.195414e+01,2.199551e+01,2.197483e+01,2.202308e+01,2.203687e+01,2.206442e+01,2.200241e+01,2.202308e+01,2.193345e+01,2.198862e+01,2.202997e+01,2.198862e+01,2.198172e+01,2.196104e+01,2.198862e+01,2.211263e+01,2.190586e+01,2.196793e+01,2.195414e+01,2.193345e+01,2.199551e+01,2.211263e+01,2.203687e+01,2.190586e+01,2.194035e+01,2.213329e+01,2.192655e+01,2.199551e+01,2.199551e+01,2.212641e+01,2.194725e+01,2.200241e+01,2.194725e+01,2.191276e+01,2.196104e+01,2.189896e+01,2.199551e+01,2.198862e+01,2.200930e+01,2.196793e+01,2.203687e+01,2.192655e+01,2.196793e+01,2.192655e+01,2.193345e+01,2.202308e+01,2.202308e+01,2.196104e+01,2.199551e+01,2.192655e+01,2.211263e+01,2.191965e+01,2.198862e+01,2.201619e+01,2.202308e+01,2.186445e+01,2.189206e+01,2.191965e+01,2.202308e+01,2.194725e+01,2.189206e+01,2.191965e+01,2.178850e+01,2.188516e+01,2.189206e+01,2.189896e+01,2.173322e+01,2.193345e+01,2.187825e+01,2.186445e+01,2.191276e+01,2.199551e+01,2.203687e+01,2.195414e+01
2.144946e+01,2.153952e+01,2.152567e+01,2.145639e+01,2.156721e+01,2.158798e+01,2.171940e+01,2.155337e+01,2.156029e+01,2.155337e+01,2.169866e+01,2.169175e+01,2.157414e+01,2.168483e+01,2.163642e+01,2.171248e+01,2.167792e+01,2.162950e+01,2.173322e+01,2.174013e+01,2.167100e+01,2.169175e+01,2.172631e+01,2.171248e+01,2.172631e+01,2.175395e+01,2.163642e+01,2.164334e+01,2.157414e+01,2.159490e+01,2.159490e+01,2.169866e+01,2.167792e+01,2.152567e+01,2.167792e+01,2.180231e+01,2.178850e+01,2.181612e+01,2.179540e+01,2.166409e+01,2.175395e+01,2.179540e+01,2.170557e+01,2.174704e+01,2.173322e+01,2.176777e+01,2.174704e+01,2.178159e+01,2.167792e+01,2.174013e+01,2.174704e+01,2.169866e+01,2.165025e+01,2.168483e+01,2.165717e+01,2.167100e+01,2.168483e+01,2.178850e+01,2.185065e+01,2.188516e+01,2.176086e+01,2.177468e+01,2.172631e+01,2.171248e+01,2.165717e+01,2.178159e+01,2.172631e+01,2.175395e+01,2.161566e+01,2.170557e+01,2.165025e+01,2.175395e+01,2.172631e+01,2.161566e+01,2.160874e+01,2.162950e+01,2.165717e+01,2.151182e+01,2.161566e+01,2.163642e+01,2.160874e+01,2.160874e+01,2.154645e+01,2.164334e+01,2.151875e+01,2.155337e+01,2.157414e+01,2.158106e+01,2.158798e+01,2.154645e+01,2.147025e+01,2.156029e+01,2.149796e+01,2.160182e+01,2.157414e+01,2.169866e+01,2.151875e+01,2.166409e+01,2.165025e+01,2.156029e+01,2.160874e+01,2.160182e+01,2.167792e+01,2.177468e+01,2.172631e+01,2.175395e+01,2.169866e+01,2.172631e+01,2.173322e+01,2.170557e+01,2.170557e+01,2.174013e+01,2.167792e+01,2.169866e+01,2.180231e+01,2.190586e+01,2.180231e+01,2.172631e+01,2.193345e+01,2.199551e+01,2.207131e+01,2.218835e+01,2.225713e+01,2.243575e+01,2.257979e+01,2.277837e+01,2.294926e+01,2.327656e+01,2.350099e+01,2.357569e+01,2.398219e+01,2.435343e+01,2.446118e+01,2.460915e+01,2.495807e+01,2.521232e+01,2.540594e+01,2.558588e+01,2.576552e+01,2.599793e+01,2.633568e+01,2.641499e+01,2.655364e+01,2.658003e+01,2.682383e+01,2.679092e+01,2.713272e+01,2.713928e+01,2.718520e+01,2.729010e+01,2.732941e+01,2.761724e+01,2.749305e+01,2.772824e+01,2.771519e+01,2.775434e+01,2.772172e+01,2.768908e+01,2.762378e+01,2.737525e+01,2.735561e+01,2.732941e+01,2.711303e+01,2.706707e+01,2.694881e+01,2.667235e+01,2.638195e+01,2.620998e+01,2.585855e+01,2.558588e+01,2.527245e+01,2.513210e+01,2.461587e+01,2.441405e+01,2.390102e+01,2.358247e+01,2.319484e+01,2.299023e+01,2.256608e+01,2.201619e+01,2.174013e+01,2.151875e+01,2.156721e+01,2.143560e+01,2.148411e+01,2.127605e+01,2.154645e+01,2.128299e+01,2.123439e+01,2.133851e+01,2.136626e+01,2.138013e+01,2.135933e+01,2.135239e+01,2.136626e+01,2.119271e+01,2.112320e+01,2.106756e+01,2.108843e+01,2.115101e+01,2.101885e+01,2.113711e+01,2.098405e+01,2.108843e+01,2.109539e+01,2.112320e+01,2.109539e+01,2.117881e+01,2.113711e+01,2.113015e+01,2.120660e+01,2.119966e+01,2.142867e+01,2.134545e+01,2.142867e+01,2.136626e+01,2.142867e+01,2.147718e+01,2.155337e+01,2.165717e+01,2.153260e+01,2.170557e+01,2.169866e+01,2.171248e+01,2.172631e+01,2.179540e+01,2.182303e+01,2.176086e+01,2.174704e+01,2.165025e+01,2.162950e+01,2.177468e+01,2.174704e+01,2.162258e+01,2.173322e+01,2.169175e+01,2.165025e+01,2.165025e+01,2.167100e+01,2.161566e+01,2.154645e+01,2.162258e+01,2.164334e+01,2.149796e+01,2.108843e+01,2.128299e+01,2.123439e+01,2.138707e+01,2.130382e+01,2.126217e+01,2.122050e+01,2.122744e+01,2.157414e+01,2.160874e+01,2.160182e+01,2.171940e+01,2.167792e+01,2.167792e+01,2.170557e+01,2.169866e+01,2.161566e+01,2.185755e+01,2.172631e+01,2.171248e+01,2.171248e+01,2.184374e+01,2.177468e+01,2.182993e+01,2.172631e+01,2.177468e+01,2.176777e+01,2.177468e+01,2.178159e+01,2.178850e+01,2.169866e+01,2.175395e+01,2.171940e+01,2.163642e+01,2.167792e+01,2.158798e+01,2.162258e+01,2.147025e+01,2.156029e+01,2.151182e+01,2.141480e+01,2.147718e+01,2.131076e+01,2.133851e+01,2.125522e+01,2.133851e+01,2.126911e+01,2.119966e+01,2.118576e+01,2.114406e+01,2.100493e+01,2.083076e+01,2.092137e+01,2.089350e+01,2.102581e+01,2.100493e+01,2.127605e+01,2.131076e+01,2.110929e+01,2.139400e+01,2.138013e+01,2.144946e+01,2.142174e+01,2.144946e+01,2.151875e+01,2.153260e+01,2.152567e+01,2.160874e+01,2.158798e+01,2.146332e+01,2.153952e+01,2.155337e+01,2.167792e+01,2.161566e+01,2.155337e+01,2.165717e+01,2.162258e+01,2.160874e+01,2.172631e+01,2.162258e+01,2.165025e+01,2.168483e+01,2.167792e+01,2.183684e+01,2.178159e+01,2.173322e+01,2.174704e+01,2.174013e+01,2.171248e+01,2.174704e+01,2.174013e+01,2.167100e+01,2.179540e+01,2.176086e+01,2.171248e+01,2.173322e+01,2.165717e+01,2.178159e+01,2.170557e+01,2.151875e+01,2.130382e+01,2.113711e+01,2.125522e+01,2.128299e+01,2.122744e+01,2.115796e+01,2.126217e+01,2.128993e+01,2.135933e+01,2.128299e+01,2.135239e+01,2.123439e+01,2.122744e+01,2.124133e+01,2.133158e+01,2.123439e+01,2.128993e+01,2.128299e+01,2.124828e+01,2.124828e+01,2.122744e+01,2.132464e+01,2.119271e+01,2.128993e+01,2.122050e+01,2.129688e+01,2.126217e+01,2.129688e+01,2.135933e+01,2.130382e+01,2.142174e+01,2.131076e+01,2.128299e+01,2.145639e+01,2.148411e+01,2.133851e+01,2.147025e+01,2.142174e+01,2.142867e+01,2.137320e+01,2.140094e+01,2.127605e+01,2.124133e+01,2.134545e+01,2.128993e+01,2.122744e+01,2.133158e+01,2.119271e+01,2.136626e+01,2.113711e+01,2.119271e+01,2.120660e+01,2.113015e+01,2.109539e+01,2.108843e+01,2.112320e+01,2.111625e+01,2.108148e+01,2.102581e+01,2.101189e+01,2.103277e+01,2.097012e+01,2.106061e+01,2.094923e+01,2.099101e+01,2.101885e+01,2.101189e+01,2.103973e+01,2.105365e+01,2.101885e+01,2.100493e+01,2.106756e+01,2.116491e+01,2.200930e+01,2.436017e+01,2.550595e+01,2.597140e+01,2.593822e+01,2.616363e+01,2.605099e+01,2.607750e+01,2.601783e+01,2.592495e+01,2.595813e+01,2.571898e+01,2.577217e+01,2.557923e+01,2.555258e+01,2.532586e+01,2.534589e+01,2.524573e+01,2.522569e+01,2.518559e+01,2.472335e+01,2.475691e+01,2.455536e+01,2.438038e+01,2.431299e+01,2.413085e+01,2.384010e+01,2.356890e+01,2.330379e+01,2.311986e+01,2.306530e+01,2.277837e+01,2.264146e+01,2.239456e+01,2.236022e+01,2.231212e+01,2.211952e+01,2.212641e+01,2.198172e+01,2.198862e+01,2.184374e+01,2.175395e+01,2.167792e+01,2.167792e+01,2.166409e+01,2.151182e+01,2.150489e+01,2.140094e+01,2.140787e+01,2.146332e+01,2.142867e+01,2.136626e+01,2.126217e+01,2.130382e+01,2.124828e+01,2.136626e+01,2.120660e+01,2.125522e+01,2.134545e+01,2.122050e+01,2.124828e+01,2.130382e+01,2.111625e+01,2.119966e+01,2.114406e+01,2.121355e+01,2.120660e+01,2.121355e+01,2.121355e+01,2.121355e+01,2.119966e+01,2.127605e+01,2.126217e+01,2.138707e+01,2.142174e+01,2.131076e+01,2.147025e+01,2.144253e+01,2.143560e+01,2.155337e+01,2.153952e+01,2.156721e+01,2.146332e+01,2.161566e+01,2.157414e+01,2.171940e+01,2.159490e+01,2.177468e+01,2.171248e+01,2.175395e+01,2.189206e+01,2.174704e+01,2.174013e+01,2.168483e+01,2.170557e+01,2.174013e+01,2.169866e+01,2.185755e+01,2.163642e+01,2.182303e+01,2.177468e+01,2.176086e+01,2.182993e+01,2.171248e+01,2.176777e+01,2.182303e+01,2.193345e+01,2.191276e+01,2.167792e+01,2.183684e+01,2.184374e+01,2.182993e+01,2.185065e+01,2.174704e+01,2.151875e+01,2.165717e+01,2.166409e+01,2.145639e+01,2.113015e+01,2.113711e+01,2.076100e+01,2.080286e+01,2.078193e+01,2.069818e+01,2.069818e+01,2.144253e+01,2.173322e+01,2.185065e+01,2.190586e+01,2.191276e+01,2.198172e+01,2.192655e+01,2.200930e+01,2.200241e+01,2.205065e+01,2.198172e+01,2.206442e+01,2.196793e+01,2.202308e+01,2.197483e+01,2.203687e+01,2.203687e+01,2.214017e+01,2.209198e+01,2.206442e+01,2.211263e+01,2.197483e+01,2.207820e+01,2.199551e+01,2.197483e+01,2.218835e+01,2.207131e+01,2.198172e+01,2.201619e+01,2.207131e+01,2.185065e+01,2.200241e+01,2.199551e+01,2.209198e+01,2.201619e+01,2.200930e+01,2.202997e+01,2.212641e+01,2.198862e+01,2.187135e+01,2.198862e+01,2.200930e+01,2.189206e+01,2.209198e+01,2.196104e+01,2.197483e+01,2.208509e+01,2.201619e+01,2.199551e+01,2.202308e+01,2.204376e+01,2.197483e+01,2.196793e+01,2.196104e+01,2.195414e+01,2.200241e+01,2.189896e+01,2.198862e+01,2.191276e+01,2.201619e+01,2.185065e+01,2.192655e+01,2.203687e+01,2.202308e+01,2.202997e+01,2.194035e+01,2.185755e+01,2.192655e+01,2.183684e+01,2.185065e+01,2.185065e+01,2.182993e+01,2.189896e+01,2.192655e+01,2.188516e+01,2.190586e+01,2.185065e+01,2.188516e+01,2.189206e+01,2.186445e+01,2.184374e+01,2.190586e+01,2.198862e+01,2.182993e+01,2.188516e+01,2.177468e+01,2.196104e+01,2.182303e+01,2.175395e+01,2.194035e+01,2.194035e+01,2.195414e+01,2.180231e+01,2.197483e+01,2.194035e+01,2.177468e+01,2.206442e+01,2.182303e+01
2.178159e+01,2.151182e+01,2.156029e+01,2.156721e+01,2.156721e+01,2.148411e+01,2.147718e+01,2.169866e+01,2.160182e+01,2.151875e+01,2.160874e+01,2.156721e+01,2.160182e+01,2.187825e+01,2.160182e+01,2.163642e+01,2.170557e+01,2.171940e+01,2.151875e+01,2.175395e+01,2.173322e+01,2.168483e+01,2.174013e+01,2.165025e+01,2.174013e+01,2.171940e+01,2.167100e+01,2.173322e+01,2.167792e+01,2.164334e+01,2.167792e+01,2.165717e+01,2.185065e+01,2.167792e+01,2.177468e+01,2.169866e+01,2.174013e+01,2.167100e+01,2.168483e+01,2.179540e+01,2.167792e+01,2.178159e+01,2.176777e+01,2.172631e+01,2.176086e+01,2.179540e+01,2.167792e+01,2.171248e+01,2.166409e+01,2.170557e+01,2.183684e+01,2.168483e+01,2.180231e+01,2.166409e+01,2.182993e+01,2.165717e+01,2.183684e+01,2.167792e+01,2.177468e+01,2.185755e+01,2.183684e+01,2.174013e+01,2.183684e+01,2.182993e+01,2.170557e+01,2.179540e+01,2.175395e+01,2.177468e+01,2.165025e+01,2.174704e+01,2.173322e+01,2.177468e+01,2.161566e+01,2.160874e+01,2.160874e+01,2.162258e+01,2.160874e+01,2.161566e+01,2.162258e+01,2.167100e+01,2.166409e+01,2.160874e+01,2.169175e+01,2.157414e+01,2.153260e+01,2.158798e+01,2.151875e+01,2.165025e+01,2.155337e+01,2.150489e+01,2.153952e+01,2.171940e+01,2.153260e+01,2.154645e+01,2.156721e+01,2.176086e+01,2.168483e+01,2.167792e+01,2.166409e+01,2.160874e+01,2.177468e+01,2.169866e+01,2.164334e+01,2.169866e+01,2.171940e+01,2.165717e+01,2.164334e+01,2.169175e+01,2.172631e+01,2.172631e+01,2.168483e+01,2.174704e+01,2.177468e+01,2.170557e+01,2.171248e+01,2.196104e+01,2.189896e+01,2.196104e+01,2.199551e+01,2.208509e+01,2.207131e+01,2.230525e+01,2.225713e+01,2.256608e+01,2.251808e+01,2.294243e+01,2.299023e+01,2.323571e+01,2.355532e+01,2.357569e+01,2.390778e+01,2.438038e+01,2.445445e+01,2.473006e+01,2.495137e+01,2.521900e+01,2.545262e+01,2.571898e+01,2.584526e+01,2.595813e+01,2.623645e+01,2.634890e+01,2.648764e+01,2.652065e+01,2.680408e+01,2.688305e+01,2.690936e+01,2.709333e+01,2.717208e+01,2.739490e+01,2.742762e+01,2.761071e+01,2.767602e+01,2.769561e+01,2.764990e+01,2.774782e+01,2.772172e+01,2.774782e+01,2.774129e+01,2.760418e+01,2.737525e+01,2.721799e+01,2.729010e+01,2.707364e+01,2.686331e+01,2.659982e+01,2.658663e+01,2.623645e+01,2.601783e+01,2.556591e+01,2.531251e+01,2.513879e+01,2.462259e+01,2.426580e+01,2.402275e+01,2.386041e+01,2.356211e+01,2.302436e+01,2.253866e+01,2.227776e+01,2.195414e+01,2.161566e+01,2.153952e+01,2.157414e+01,2.153952e+01,2.151875e+01,2.158798e+01,2.160182e+01,2.137320e+01,2.133851e+01,2.137320e+01,2.136626e+01,2.131076e+01,2.122050e+01,2.119271e+01,2.115796e+01,2.109539e+01,2.104669e+01,2.104669e+01,2.099101e+01,2.104669e+01,2.110234e+01,2.103973e+01,2.101189e+01,2.105365e+01,2.104669e+01,2.110929e+01,2.113711e+01,2.135239e+01,2.112320e+01,2.113711e+01,2.127605e+01,2.122050e+01,2.141480e+01,2.141480e+01,2.143560e+01,2.156721e+01,2.148411e+01,2.146332e+01,2.146332e+01,2.159490e+01,2.151182e+01,2.171940e+01,2.171940e+01,2.164334e+01,2.171248e+01,2.174013e+01,2.177468e+01,2.168483e+01,2.175395e+01,2.161566e+01,2.170557e+01,2.159490e+01,2.162950e+01,2.155337e+01,2.165717e+01,2.165717e+01,2.159490e+01,2.161566e+01,2.140094e+01,2.147718e+01,2.146332e+01,2.144253e+01,2.147718e+01,2.117186e+01,2.114406e+01,2.124828e+01,2.126911e+01,2.137320e+01,2.141480e+01,2.144253e+01,2.140787e+01,2.150489e+01,2.164334e+01,2.153952e+01,2.162258e+01,2.153952e+01,2.162950e+01,2.168483e+01,2.186445e+01,2.162950e+01,2.183684e+01,2.163642e+01,2.182993e+01,2.177468e+01,2.176777e+01,2.178159e+01,2.175395e+01,2.178159e+01,2.167100e+01,2.172631e+01,2.169175e+01,2.170557e+01,2.174013e+01,2.172631e+01,2.165717e+01,2.170557e+01,2.163642e+01,2.159490e+01,2.167100e+01,2.151182e+01,2.154645e+01,2.152567e+01,2.152567e+01,2.152567e+01,2.143560e+01,2.135239e+01,2.118576e+01,2.133851e+01,2.122050e+01,2.127605e+01,2.126217e+01,2.119271e+01,2.087259e+01,2.094226e+01,2.090047e+01,2.083773e+01,2.091440e+01,2.084470e+01,2.082378e+01,2.103277e+01,2.100493e+01,2.100493e+01,2.126217e+01,2.142867e+01,2.132464e+01,2.143560e+01,2.140094e+01,2.142174e+01,2.153952e+01,2.156721e+01,2.146332e+01,2.153260e+01,2.156029e+01,2.154645e+01,2.151875e+01,2.162950e+01,2.157414e+01,2.157414e+01,2.158106e+01,2.162950e+01,2.171248e+01,2.169866e+01,2.171940e+01,2.174704e+01,2.169175e+01,2.169866e+01,2.167792e+01,2.178850e+01,2.175395e+01,2.176777e+01,2.175395e+01,2.178159e+01,2.176086e+01,2.184374e+01,2.176777e+01,2.178850e+01,2.177468e+01,2.166409e+01,2.176086e+01,2.160182e+01,2.169175e+01,2.174013e+01,2.145639e+01,2.113015e+01,2.117186e+01,2.131076e+01,2.126911e+01,2.126911e+01,2.106756e+01,2.113711e+01,2.131076e+01,2.136626e+01,2.128993e+01,2.125522e+01,2.126217e+01,2.119966e+01,2.121355e+01,2.128299e+01,2.124133e+01,2.123439e+01,2.119966e+01,2.124133e+01,2.124133e+01,2.137320e+01,2.127605e+01,2.113015e+01,2.128993e+01,2.126217e+01,2.129688e+01,2.130382e+01,2.128299e+01,2.128299e+01,2.124828e+01,2.125522e+01,2.139400e+01,2.133851e+01,2.142867e+01,2.135933e+01,2.131770e+01,2.129688e+01,2.130382e+01,2.144946e+01,2.133158e+01,2.132464e+01,2.137320e+01,2.124133e+01,2.128993e+01,2.128299e+01,2.132464e+01,2.131076e+01,2.124828e+01,2.121355e+01,2.123439e+01,2.120660e+01,2.123439e+01,2.123439e+01,2.110929e+01,2.118576e+01,2.113015e+01,2.106756e+01,2.105365e+01,2.103973e+01,2.110234e+01,2.108843e+01,2.101885e+01,2.093530e+01,2.103277e+01,2.093530e+01,2.099101e+01,2.103277e+01,2.091440e+01,2.105365e+01,2.106756e+01,2.103277e+01,2.106756e+01,2.121355e+01,2.171940e+01,2.344662e+01,2.535924e+01,2.579876e+01,2.597140e+01,2.603772e+01,2.607087e+01,2.601783e+01,2.609076e+01,2.587847e+01,2.571233e+01,2.570568e+01,2.569903e+01,2.555925e+01,2.556591e+01,2.543929e+01,2.539260e+01,2.521232e+01,2.501165e+01,2.499826e+01,2.494467e+01,2.477034e+01,2.480388e+01,2.449483e+01,2.432647e+01,2.418485e+01,2.386718e+01,2.365033e+01,2.355532e+01,2.317439e+01,2.314031e+01,2.301753e+01,2.266201e+01,2.240829e+01,2.247006e+01,2.221587e+01,2.215394e+01,2.214017e+01,2.205065e+01,2.200930e+01,2.175395e+01,2.166409e+01,2.170557e+01,2.149104e+01,2.149796e+01,2.153260e+01,2.144946e+01,2.152567e+01,2.146332e+01,2.139400e+01,2.136626e+01,2.128993e+01,2.135239e+01,2.130382e+01,2.131076e+01,2.133158e+01,2.128993e+01,2.119966e+01,2.123439e+01,2.125522e+01,2.117881e+01,2.113015e+01,2.133851e+01,2.126217e+01,2.115101e+01,2.127605e+01,2.123439e+01,2.129688e+01,2.122050e+01,2.124828e+01,2.134545e+01,2.128299e+01,2.144946e+01,2.138707e+01,2.126911e+01,2.140094e+01,2.143560e+01,2.144253e+01,2.155337e+01,2.155337e+01,2.160182e+01,2.156721e+01,2.144946e+01,2.160874e+01,2.159490e+01,2.167792e+01,2.162258e+01,2.176086e+01,2.158798e+01,2.160182e+01,2.178159e+01,2.153260e+01,2.180922e+01,2.171248e+01,2.183684e+01,2.169866e+01,2.162950e+01,2.171248e+01,2.182993e+01,2.183684e+01,2.170557e+01,2.175395e+01,2.174704e+01,2.179540e+01,2.166409e+01,2.180231e+01,2.178850e+01,2.187825e+01,2.182993e+01,2.191965e+01,2.179540e+01,2.179540e+01,2.175395e+01,2.170557e+01,2.165025e+01,2.171940e+01,2.171248e+01,2.166409e+01,2.165717e+01,2.166409e+01,2.144253e+01,2.119966e+01,2.083773e+01,2.076798e+01,2.080984e+01,2.147025e+01,2.169866e+01,2.176777e+01,2.191965e+01,2.202997e+01,2.200930e+01,2.201619e+01,2.196793e+01,2.204376e+01,2.203687e+01,2.202997e+01,2.196104e+01,2.198862e+01,2.203687e+01,2.202997e+01,2.203687e+01,2.205754e+01,2.209886e+01,2.205754e+01,2.208509e+01,2.194725e+01,2.207131e+01,2.216082e+01,2.197483e+01,2.205065e+01,2.202308e+01,2.202308e+01,2.200241e+01,2.210575e+01,2.200930e+01,2.208509e+01,2.202997e+01,2.196104e+01,2.216771e+01,2.201619e+01,2.196104e+01,2.203687e+01,2.200241e+01,2.197483e+01,2.202997e+01,2.193345e+01,2.202308e+01,2.198172e+01,2.200241e+01,2.197483e+01,2.207131e+01,2.200930e+01,2.202997e+01,2.207131e+01,2.198862e+01,2.201619e+01,2.212641e+01,2.197483e+01,2.189206e+01,2.205065e+01,2.189896e+01,2.192655e+01,2.201619e+01,2.200241e+01,2.198172e+01,2.196793e+01,2.191276e+01,2.198172e+01,2.198862e+01,2.191276e+01,2.193345e+01,2.191965e+01,2.216771e+01,2.186445e+01,2.193345e+01,2.189896e+01,2.185755e+01,2.185755e+01,2.195414e+01,2.189896e+01,2.188516e+01,2.208509e+01,2.201619e+01,2.193345e+01,2.190586e+01,2.197483e+01,2.190586e+01,2.189206e+01,2.186445e+01,2.196104e+01,2.192655e+01,2.196793e+01,2.198862e+01,2.178850e+01,2.200241e+01,2.198172e+01,2.198862e+01,2.207820e+01,2.182993e+01,2.198172e+01,2.185065e+01,2.201619e+01,2.189896e+01
2.144946e+01,2.143560e+01,2.157414e+01,2.151182e+01,2.161566e+01,2.161566e+01,2.162950e+01,2.168483e+01,2.161566e+01,2.159490e+01,2.160182e+01,2.156721e+01,2.158106e+01,2.158106e+01,2.163642e+01,2.163642e+01,2.165025e+01,2.156721e+01,2.174704e+01,2.165025e+01,2.174013e+01,2.170557e+01,2.180231e+01,2.169866e+01,2.170557e+01,2.180231e+01,2.170557e+01,2.170557e+01,2.169866e+01,2.165717e+01,2.171940e+01,2.170557e+01,2.182303e+01,2.178159e+01,2.174013e+01,2.170557e+01,2.182993e+01,2.174013e+01,2.173322e+01,2.178159e+01,2.176777e+01,2.177468e+01,2.189896e+01,2.174013e+01,2.177468e+01,2.163642e+01,2.178159e+01,2.180922e+01,2.180922e+01,2.184374e+01,2.172631e+01,2.170557e+01,2.171248e+01,2.167100e+01,2.191276e+01,2.180231e+01,2.174013e+01,2.172631e+01,2.178159e+01,2.184374e+01,2.169866e+01,2.176777e+01,2.183684e+01,2.178850e+01,2.180231e+01,2.178159e+01,2.178850e+01,2.174013e+01,2.171940e+01,2.170557e+01,2.160182e+01,2.171940e+01,2.164334e+01,2.162258e+01,2.166409e+01,2.168483e+01,2.175395e+01,2.171940e+01,2.150489e+01,2.161566e+01,2.160874e+01,2.164334e+01,2.160874e+01,2.162258e+01,2.157414e+01,2.162258e+01,2.155337e+01,2.153952e+01,2.158106e+01,2.153952e+01,2.151875e+01,2.150489e+01,2.157414e+01,2.169175e+01,2.169175e+01,2.164334e+01,2.165025e+01,2.164334e+01,2.157414e+01,2.153952e+01,2.153952e+01,2.169866e+01,2.169866e+01,2.165717e+01,2.168483e+01,2.171940e+01,2.171248e+01,2.171248e+01,2.171940e+01,2.172631e+01,2.180231e+01,2.176777e+01,2.182993e+01,2.178850e+01,2.187825e+01,2.181612e+01,2.194035e+01,2.196104e+01,2.194725e+01,2.191965e+01,2.214706e+01,2.222275e+01,2.225026e+01,2.262776e+01,2.258665e+01,2.281257e+01,2.299023e+01,2.324252e+01,2.356211e+01,2.356211e+01,2.396867e+01,2.413760e+01,2.445445e+01,2.465619e+01,2.494467e+01,2.522569e+01,2.539260e+01,2.568572e+01,2.593822e+01,2.613051e+01,2.623645e+01,2.637534e+01,2.634890e+01,2.648764e+01,2.658663e+01,2.686331e+01,2.684357e+01,2.705394e+01,2.712615e+01,2.742108e+01,2.738835e+01,2.744725e+01,2.755843e+01,2.776087e+01,2.772824e+01,2.772172e+01,2.770214e+01,2.766296e+01,2.761071e+01,2.759111e+01,2.740144e+01,2.736216e+01,2.729665e+01,2.704080e+01,2.685015e+01,2.674482e+01,2.657344e+01,2.633568e+01,2.615701e+01,2.563914e+01,2.534589e+01,2.511872e+01,2.485754e+01,2.450155e+01,2.390778e+01,2.376559e+01,2.354174e+01,2.314713e+01,2.270309e+01,2.225713e+01,2.200241e+01,2.180231e+01,2.174704e+01,2.174704e+01,2.163642e+01,2.159490e+01,2.158106e+01,2.157414e+01,2.156721e+01,2.137320e+01,2.125522e+01,2.122050e+01,2.119966e+01,2.112320e+01,2.100493e+01,2.113711e+01,2.103277e+01,2.103277e+01,2.107452e+01,2.110234e+01,2.103277e+01,2.107452e+01,2.074705e+01,2.107452e+01,2.095619e+01,2.103277e+01,2.113711e+01,2.113711e+01,2.123439e+01,2.124828e+01,2.126911e+01,2.131076e+01,2.122050e+01,2.126217e+01,2.137320e+01,2.145639e+01,2.144253e+01,2.156029e+01,2.144946e+01,2.149104e+01,2.152567e+01,2.163642e+01,2.171248e+01,2.167792e+01,2.158798e+01,2.173322e+01,2.170557e+01,2.172631e+01,2.172631e+01,2.156721e+01,2.158106e+01,2.167100e+01,2.153952e+01,2.163642e+01,2.166409e+01,2.156721e+01,2.160874e+01,2.164334e+01,2.162258e+01,2.162258e+01,2.144253e+01,2.138013e+01,2.137320e+01,2.144253e+01,2.113711e+01,2.124133e+01,2.126911e+01,2.167100e+01,2.163642e+01,2.170557e+01,2.169175e+01,2.165717e+01,2.155337e+01,2.151182e+01,2.162258e+01,2.165717e+01,2.164334e+01,2.169175e+01,2.166409e+01,2.165025e+01,2.167792e+01,2.167100e+01,2.158798e+01,2.177468e+01,2.163642e+01,2.172631e+01,2.184374e+01,2.174013e+01,2.167100e+01,2.173322e+01,2.177468e+01,2.177468e+01,2.169175e+01,2.166409e+01,2.182993e+01,2.151875e+01,2.174013e+01,2.167792e+01,2.153952e+01,2.157414e+01,2.149796e+01,2.149104e+01,2.148411e+01,2.144253e+01,2.139400e+01,2.145639e+01,2.140787e+01,2.133158e+01,2.129688e+01,2.125522e+01,2.123439e+01,2.117881e+01,2.115796e+01,2.115796e+01,2.086562e+01,2.090047e+01,2.091440e+01,2.083076e+01,2.067723e+01,2.082378e+01,2.083773e+01,2.095619e+01,2.101885e+01,2.105365e+01,2.124828e+01,2.143560e+01,2.149796e+01,2.157414e+01,2.153260e+01,2.139400e+01,2.156721e+01,2.149104e+01,2.160874e+01,2.153260e+01,2.151182e+01,2.137320e+01,2.161566e+01,2.165025e+01,2.157414e+01,2.157414e+01,2.165025e+01,2.171248e+01,2.160182e+01,2.167792e+01,2.159490e+01,2.170557e+01,2.169866e+01,2.179540e+01,2.169175e+01,2.169175e+01,2.177468e+01,2.177468e+01,2.175395e+01,2.167100e+01,2.168483e+01,2.170557e+01,2.171248e+01,2.162258e+01,2.167100e+01,2.161566e+01,2.160874e+01,2.153260e+01,2.154645e+01,2.130382e+01,2.141480e+01,2.115101e+01,2.130382e+01,2.123439e+01,2.122744e+01,2.124828e+01,2.121355e+01,2.134545e+01,2.122744e+01,2.124828e+01,2.131076e+01,2.114406e+01,2.138707e+01,2.119271e+01,2.121355e+01,2.120660e+01,2.122050e+01,2.124133e+01,2.122744e+01,2.123439e+01,2.116491e+01,2.121355e+01,2.121355e+01,2.130382e+01,2.130382e+01,2.128993e+01,2.120660e+01,2.126217e+01,2.120660e+01,2.140094e+01,2.132464e+01,2.130382e+01,2.124828e+01,2.140094e+01,2.137320e+01,2.144253e+01,2.133851e+01,2.130382e+01,2.131770e+01,2.135933e+01,2.133851e+01,2.125522e+01,2.128299e+01,2.124828e+01,2.131076e+01,2.128993e+01,2.128299e+01,2.125522e+01,2.125522e+01,2.130382e+01,2.117186e+01,2.123439e+01,2.122050e+01,2.108148e+01,2.097709e+01,2.104669e+01,2.117881e+01,2.110929e+01,2.103973e+01,2.109539e+01,2.090047e+01,2.101189e+01,2.090743e+01,2.101189e+01,2.093530e+01,2.100493e+01,2.110234e+01,2.102581e+01,2.108843e+01,2.096316e+01,2.090743e+01,2.110234e+01,2.110234e+01,2.126217e+01,2.279889e+01,2.500495e+01,2.575887e+01,2.603109e+01,2.620336e+01,2.611726e+01,2.595149e+01,2.617025e+01,2.601120e+01,2.595813e+01,2.578546e+01,2.567241e+01,2.566576e+01,2.555258e+01,2.557257e+01,2.554592e+01,2.527245e+01,2.523237e+01,2.500495e+01,2.493797e+01,2.488436e+01,2.454192e+01,2.453519e+01,2.439385e+01,2.416460e+01,2.381978e+01,2.368424e+01,2.365033e+01,2.322209e+01,2.305848e+01,2.277837e+01,2.280573e+01,2.260035e+01,2.236709e+01,2.220211e+01,2.214706e+01,2.211263e+01,2.196793e+01,2.195414e+01,2.185755e+01,2.182993e+01,2.168483e+01,2.161566e+01,2.168483e+01,2.169175e+01,2.135933e+01,2.151182e+01,2.140094e+01,2.142174e+01,2.133851e+01,2.137320e+01,2.136626e+01,2.127605e+01,2.131770e+01,2.119271e+01,2.128993e+01,2.134545e+01,2.116491e+01,2.130382e+01,2.119271e+01,2.136626e+01,2.132464e+01,2.128299e+01,2.119966e+01,2.130382e+01,2.119966e+01,2.124133e+01,2.134545e+01,2.130382e+01,2.132464e+01,2.126217e+01,2.124828e+01,2.126217e+01,2.132464e+01,2.124133e+01,2.135239e+01,2.139400e+01,2.144253e+01,2.149104e+01,2.144253e+01,2.151875e+01,2.144253e+01,2.158798e+01,2.153952e+01,2.163642e+01,2.165025e+01,2.169175e+01,2.176086e+01,2.184374e+01,2.183684e+01,2.165025e+01,2.171248e+01,2.182303e+01,2.168483e+01,2.166409e+01,2.168483e+01,2.183684e+01,2.165025e+01,2.163642e+01,2.168483e+01,2.171940e+01,2.170557e+01,2.180231e+01,2.172631e+01,2.176086e+01,2.170557e+01,2.182303e+01,2.184374e+01,2.180231e+01,2.181612e+01,2.180231e+01,2.207820e+01,2.176777e+01,2.174013e+01,2.174013e+01,2.174704e+01,2.181612e+01,2.180231e+01,2.176777e+01,2.157414e+01,2.162258e+01,2.154645e+01,2.134545e+01,2.160182e+01,2.152567e+01,2.178159e+01,2.190586e+01,2.179540e+01,2.191965e+01,2.200930e+01,2.202997e+01,2.203687e+01,2.200930e+01,2.204376e+01,2.197483e+01,2.201619e+01,2.196793e+01,2.198862e+01,2.195414e+01,2.204376e+01,2.204376e+01,2.207131e+01,2.205754e+01,2.205754e+01,2.207131e+01,2.209886e+01,2.204376e+01,2.198862e+01,2.198172e+01,2.204376e+01,2.205065e+01,2.205754e+01,2.192655e+01,2.202308e+01,2.183684e+01,2.204376e+01,2.203687e+01,2.203687e+01,2.194035e+01,2.205065e+01,2.196793e+01,2.190586e+01,2.207131e+01,2.199551e+01,2.196793e+01,2.186445e+01,2.199551e+01,2.198172e+01,2.201619e+01,2.189896e+01,2.205065e+01,2.190586e+01,2.202308e+01,2.203687e+01,2.188516e+01,2.200930e+01,2.193345e+01,2.207820e+01,2.196793e+01,2.195414e+01,2.193345e+01,2.189896e+01,2.184374e+01,2.193345e+01,2.194725e+01,2.203687e+01,2.188516e+01,2.194725e+01,2.184374e+01,2.194725e+01,2.196793e+01,2.189206e+01,2.187825e+01,2.182993e+01,2.185755e+01,2.196104e+01,2.194725e+01,2.189896e+01,2.185065e+01,2.189206e+01,2.194725e+01,2.185755e+01,2.189896e+01,2.200241e+01,2.187825e+01,2.193345e+01,2.196104e+01,2.192655e+01,2.179540e+01,2.192655e+01,2.190586e+01,2.190586e+01,2.194035e+01,2.204376e+01,2.203687e+01,2.187135e+01,2.205065e+01,2.191965e+01,2.197483e+01,2.194725e+01,2.185755e+01,2.189896e+01
2.141480e+01,2.145639e+01,2.148411e+01,2.159490e+01,2.158798e+01,2.153952e+01,2.159490e+01,2.166409e+01,2.166409e+01,2.161566e+01,2.169866e+01,2.156721e+01,2.176777e+01,2.159490e+01,2.175395e+01,2.167100e+01,2.166409e+01,2.175395e+01,2.178159e+01,2.178159e+01,2.174704e+01,2.177468e+01,2.170557e+01,2.180231e+01,2.171940e+01,2.162950e+01,2.167792e+01,2.171940e+01,2.181612e+01,2.169175e+01,2.171940e+01,2.172631e+01,2.171940e+01,2.165025e+01,2.174013e+01,2.176777e+01,2.171940e+01,2.184374e+01,2.169866e+01,2.174013e+01,2.164334e+01,2.178159e+01,2.183684e+01,2.181612e+01,2.177468e+01,2.182993e+01,2.185755e+01,2.181612e+01,2.174013e+01,2.186445e+01,2.170557e+01,2.180922e+01,2.172631e+01,2.167100e+01,2.179540e+01,2.174013e+01,2.185065e+01,2.171940e+01,2.188516e+01,2.176086e+01,2.178159e+01,2.167792e+01,2.176086e+01,2.178159e+01,2.170557e+01,2.168483e+01,2.179540e+01,2.165025e+01,2.172631e+01,2.173322e+01,2.160182e+01,2.160182e+01,2.176777e+01,2.176086e+01,2.165025e+01,2.167100e+01,2.160874e+01,2.178159e+01,2.159490e+01,2.160874e+01,2.156721e+01,2.155337e+01,2.174013e+01,2.164334e+01,2.155337e+01,2.155337e+01,2.153952e+01,2.151182e+01,2.155337e+01,2.167100e+01,2.156721e+01,2.168483e+01,2.156721e+01,2.185065e+01,2.170557e+01,2.157414e+01,2.166409e+01,2.165025e+01,2.148411e+01,2.163642e+01,2.156029e+01,2.170557e+01,2.169866e+01,2.166409e+01,2.167792e+01,2.162950e+01,2.174704e+01,2.171940e+01,2.147025e+01,2.171248e+01,2.170557e+01,2.169866e+01,2.180231e+01,2.169866e+01,2.173322e+01,2.175395e+01,2.185755e+01,2.180922e+01,2.191276e+01,2.210575e+01,2.207820e+01,2.217459e+01,2.224338e+01,2.254551e+01,2.257979e+01,2.278522e+01,2.296975e+01,2.324933e+01,2.356211e+01,2.356890e+01,2.400924e+01,2.431299e+01,2.442752e+01,2.477705e+01,2.497147e+01,2.533921e+01,2.557257e+01,2.565911e+01,2.570568e+01,2.591167e+01,2.620336e+01,2.615701e+01,2.650745e+01,2.647444e+01,2.658663e+01,2.681725e+01,2.665916e+01,2.694223e+01,2.722455e+01,2.730976e+01,2.743417e+01,2.745380e+01,2.763031e+01,2.774782e+01,2.772824e+01,2.763031e+01,2.768255e+01,2.765643e+01,2.761724e+01,2.734251e+01,2.771519e+01,2.738180e+01,2.729665e+01,2.706050e+01,2.696195e+01,2.674482e+01,2.633568e+01,2.636873e+01,2.599130e+01,2.585855e+01,2.552594e+01,2.524573e+01,2.480388e+01,2.442752e+01,2.425231e+01,2.375881e+01,2.356890e+01,2.329018e+01,2.275101e+01,2.257294e+01,2.207131e+01,2.185755e+01,2.156721e+01,2.170557e+01,2.170557e+01,2.158798e+01,2.149796e+01,2.136626e+01,2.122050e+01,2.130382e+01,2.125522e+01,2.119271e+01,2.118576e+01,2.108843e+01,2.118576e+01,2.110234e+01,2.112320e+01,2.106061e+01,2.102581e+01,2.092833e+01,2.108148e+01,2.106756e+01,2.101885e+01,2.107452e+01,2.103973e+01,2.107452e+01,2.106756e+01,2.114406e+01,2.101189e+01,2.106756e+01,2.113015e+01,2.112320e+01,2.140094e+01,2.139400e+01,2.124828e+01,2.142174e+01,2.135933e+01,2.149104e+01,2.160874e+01,2.154645e+01,2.155337e+01,2.158106e+01,2.156029e+01,2.174013e+01,2.153260e+01,2.165025e+01,2.163642e+01,2.164334e+01,2.162950e+01,2.162258e+01,2.147718e+01,2.147718e+01,2.145639e+01,2.147025e+01,2.154645e+01,2.155337e+01,2.162950e+01,2.162258e+01,2.159490e+01,2.133158e+01,2.143560e+01,2.151875e+01,2.135933e+01,2.156721e+01,2.148411e+01,2.140094e+01,2.167100e+01,2.162950e+01,2.172631e+01,2.169866e+01,2.160874e+01,2.157414e+01,2.147718e+01,2.169175e+01,2.149104e+01,2.174013e+01,2.157414e+01,2.162258e+01,2.164334e+01,2.163642e+01,2.162950e+01,2.165025e+01,2.169175e+01,2.169175e+01,2.165717e+01,2.167792e+01,2.174013e+01,2.175395e+01,2.176086e+01,2.164334e+01,2.170557e+01,2.168483e+01,2.174013e+01,2.176086e+01,2.163642e+01,2.158106e+01,2.151182e+01,2.161566e+01,2.168483e+01,2.151182e+01,2.154645e+01,2.149796e+01,2.148411e+01,2.149104e+01,2.145639e+01,2.148411e+01,2.118576e+01,2.135239e+01,2.135933e+01,2.119271e+01,2.106756e+01,2.123439e+01,2.116491e+01,2.109539e+01,2.101189e+01,2.078193e+01,2.065628e+01,2.075403e+01,2.077496e+01,2.082378e+01,2.080286e+01,2.089350e+01,2.088653e+01,2.110234e+01,2.122050e+01,2.131770e+01,2.110929e+01,2.140094e+01,2.141480e+01,2.137320e+01,2.155337e+01,2.153260e+01,2.156029e+01,2.160182e+01,2.154645e+01,2.160874e+01,2.151182e+01,2.160182e+01,2.157414e+01,2.161566e+01,2.167792e+01,2.167792e+01,2.166409e+01,2.172631e+01,2.169866e+01,2.160874e+01,2.169866e+01,2.171248e+01,2.168483e+01,2.182303e+01,2.176777e+01,2.170557e+01,2.174704e+01,2.177468e+01,2.169866e+01,2.169175e+01,2.167100e+01,2.168483e+01,2.166409e+01,2.158798e+01,2.169175e+01,2.174704e+01,2.156721e+01,2.117186e+01,2.110929e+01,2.115796e+01,2.124133e+01,2.111625e+01,2.123439e+01,2.117186e+01,2.110929e+01,2.122744e+01,2.130382e+01,2.118576e+01,2.115101e+01,2.117881e+01,2.115796e+01,2.117881e+01,2.116491e+01,2.115796e+01,2.110234e+01,2.124133e+01,2.123439e+01,2.118576e+01,2.122050e+01,2.121355e+01,2.120660e+01,2.128299e+01,2.127605e+01,2.126911e+01,2.120660e+01,2.130382e+01,2.130382e+01,2.127605e+01,2.120660e+01,2.123439e+01,2.128299e+01,2.135933e+01,2.133851e+01,2.142174e+01,2.136626e+01,2.131770e+01,2.124133e+01,2.126217e+01,2.131770e+01,2.126911e+01,2.125522e+01,2.129688e+01,2.128993e+01,2.133158e+01,2.128993e+01,2.133158e+01,2.127605e+01,2.122050e+01,2.123439e+01,2.127605e+01,2.129688e+01,2.122050e+01,2.117186e+01,2.110234e+01,2.103277e+01,2.111625e+01,2.108843e+01,2.097709e+01,2.098405e+01,2.099797e+01,2.087259e+01,2.110234e+01,2.102581e+01,2.099101e+01,2.101189e+01,2.099797e+01,2.099797e+01,2.099101e+01,2.102581e+01,2.106756e+01,2.107452e+01,2.128299e+01,2.225713e+01,2.466291e+01,2.549262e+01,2.601120e+01,2.609076e+01,2.601783e+01,2.622983e+01,2.607087e+01,2.598467e+01,2.595813e+01,2.570568e+01,2.580540e+01,2.559920e+01,2.561252e+01,2.555925e+01,2.524573e+01,2.543262e+01,2.511872e+01,2.505182e+01,2.494467e+01,2.483742e+01,2.468306e+01,2.456881e+01,2.452174e+01,2.410383e+01,2.384687e+01,2.368424e+01,2.362998e+01,2.322209e+01,2.321527e+01,2.297657e+01,2.284676e+01,2.250437e+01,2.247692e+01,2.218147e+01,2.214017e+01,2.207131e+01,2.188516e+01,2.185065e+01,2.169866e+01,2.183684e+01,2.180231e+01,2.158798e+01,2.164334e+01,2.152567e+01,2.133851e+01,2.141480e+01,2.139400e+01,2.137320e+01,2.138013e+01,2.128993e+01,2.135933e+01,2.126911e+01,2.122744e+01,2.137320e+01,2.117186e+01,2.126217e+01,2.114406e+01,2.135933e+01,2.117186e+01,2.115796e+01,2.118576e+01,2.113711e+01,2.117186e+01,2.131076e+01,2.124828e+01,2.125522e+01,2.127605e+01,2.130382e+01,2.126911e+01,2.128993e+01,2.129688e+01,2.125522e+01,2.126217e+01,2.144946e+01,2.143560e+01,2.146332e+01,2.146332e+01,2.144946e+01,2.150489e+01,2.145639e+01,2.159490e+01,2.144946e+01,2.160182e+01,2.160874e+01,2.174013e+01,2.169175e+01,2.170557e+01,2.167792e+01,2.170557e+01,2.174013e+01,2.180922e+01,2.169866e+01,2.170557e+01,2.167100e+01,2.165717e+01,2.164334e+01,2.183684e+01,2.159490e+01,2.168483e+01,2.187825e+01,2.188516e+01,2.174013e+01,2.174013e+01,2.177468e+01,2.183684e+01,2.175395e+01,2.183684e+01,2.182993e+01,2.182993e+01,2.183684e+01,2.176777e+01,2.185065e+01,2.171940e+01,2.171940e+01,2.182993e+01,2.183684e+01,2.169175e+01,2.169175e+01,2.184374e+01,2.183684e+01,2.174704e+01,2.178159e+01,2.166409e+01,2.180922e+01,2.187825e+01,2.191965e+01,2.190586e+01,2.203687e+01,2.193345e+01,2.202308e+01,2.200930e+01,2.204376e+01,2.190586e+01,2.200241e+01,2.196793e+01,2.191965e+01,2.198172e+01,2.191965e+01,2.198172e+01,2.204376e+01,2.205754e+01,2.200241e+01,2.204376e+01,2.204376e+01,2.205754e+01,2.198862e+01,2.204376e+01,2.187825e+01,2.197483e+01,2.194725e+01,2.196793e+01,2.196793e+01,2.194035e+01,2.202308e+01,2.194035e+01,2.200241e+01,2.190586e+01,2.196793e+01,2.196793e+01,2.189896e+01,2.199551e+01,2.199551e+01,2.195414e+01,2.202997e+01,2.198862e+01,2.201619e+01,2.199551e+01,2.174704e+01,2.192655e+01,2.200930e+01,2.189896e+01,2.199551e+01,2.187135e+01,2.186445e+01,2.200930e+01,2.202997e+01,2.192655e+01,2.195414e+01,2.191276e+01,2.189896e+01,2.195414e+01,2.187825e+01,2.196793e+01,2.195414e+01,2.190586e+01,2.206442e+01,2.205754e+01,2.189206e+01,2.187135e+01,2.217459e+01,2.194035e+01,2.182303e+01,2.192655e+01,2.198172e+01,2.194725e+01,2.192655e+01,2.191965e+01,2.189206e+01,2.187135e+01,2.187135e+01,2.196104e+01,2.194035e+01,2.196104e+01,2.200241e+01,2.196104e+01,2.191965e+01,2.178850e+01,2.179540e+01,2.182303e+01,2.177468e+01,2.197483e+01,2.194035e+01,2.191965e+01,2.179540e+01,2.189206e+01,2.198172e+01,2.185065e+01,2.182303e+01,2.187135e+01,2.189896e+01,2.194035e+01
2.140787e+01,2.162950e+01,2.166409e+01,2.156721e+01,2.175395e+01,2.155337e+01,2.165025e+01,2.167792e+01,2.156721e+01,2.167792e+01,2.160182e+01,2.174013e+01,2.178159e+01,2.182993e+01,2.163642e+01,2.181612e+01,2.168483e+01,2.180922e+01,2.178850e+01,2.174704e+01,2.177468e+01,2.162950e+01,2.176086e+01,2.169866e+01,2.171248e+01,2.180922e+01,2.194035e+01,2.171940e+01,2.174704e+01,2.182993e+01,2.169866e+01,2.186445e+01,2.170557e+01,2.171940e+01,2.176086e+01,2.184374e+01,2.181612e+01,2.182993e+01,2.169866e+01,2.169866e+01,2.182303e+01,2.166409e+01,2.182993e+01,2.181612e+01,2.183684e+01,2.161566e+01,2.189896e+01,2.193345e+01,2.169175e+01,2.187825e+01,2.178159e+01,2.186445e+01,2.189896e+01,2.182303e+01,2.180231e+01,2.165717e+01,2.189896e+01,2.180231e+01,2.185065e+01,2.167100e+01,2.183684e+01,2.170557e+01,2.180922e+01,2.180922e+01,2.181612e+01,2.176777e+01,2.184374e+01,2.176086e+01,2.175395e+01,2.168483e+01,2.173322e+01,2.167792e+01,2.178159e+01,2.162950e+01,2.178850e+01,2.176086e+01,2.165717e+01,2.163642e+01,2.165717e+01,2.160182e+01,2.170557e+01,2.160182e+01,2.156721e+01,2.171940e+01,2.162950e+01,2.162950e+01,2.162258e+01,2.161566e+01,2.150489e+01,2.167792e+01,2.153260e+01,2.154645e+01,2.147718e+01,2.157414e+01,2.168483e+01,2.156029e+01,2.160874e+01,2.164334e+01,2.149796e+01,2.162258e+01,2.148411e+01,2.161566e+01,2.159490e+01,2.162258e+01,2.167100e+01,2.149796e+01,2.163642e+01,2.171940e+01,2.167792e+01,2.158798e+01,2.164334e+01,2.172631e+01,2.178850e+01,2.174013e+01,2.178159e+01,2.172631e+01,2.194035e+01,2.191276e+01,2.210575e+01,2.199551e+01,2.210575e+01,2.216771e+01,2.226401e+01,2.253180e+01,2.272363e+01,2.283993e+01,2.294926e+01,2.320846e+01,2.356890e+01,2.362319e+01,2.400247e+01,2.431299e+01,2.465619e+01,2.467634e+01,2.499826e+01,2.527245e+01,2.530584e+01,2.567907e+01,2.589175e+01,2.583198e+01,2.602446e+01,2.630923e+01,2.639517e+01,2.653385e+01,2.672506e+01,2.677117e+01,2.694223e+01,2.704737e+01,2.701453e+01,2.722455e+01,2.744725e+01,2.747342e+01,2.753882e+01,2.768255e+01,2.768908e+01,2.778696e+01,2.766949e+01,2.770214e+01,2.761724e+01,2.744071e+01,2.757150e+01,2.741453e+01,2.730321e+01,2.708677e+01,2.692251e+01,2.675141e+01,2.671189e+01,2.626292e+01,2.612389e+01,2.586519e+01,2.554592e+01,2.525909e+01,2.481730e+01,2.464275e+01,2.428603e+01,2.397543e+01,2.378591e+01,2.323571e+01,2.310622e+01,2.259350e+01,2.203687e+01,2.186445e+01,2.174704e+01,2.171248e+01,2.160874e+01,2.151182e+01,2.126911e+01,2.119271e+01,2.127605e+01,2.135239e+01,2.124133e+01,2.119966e+01,2.122050e+01,2.114406e+01,2.107452e+01,2.113711e+01,2.101885e+01,2.116491e+01,2.105365e+01,2.113015e+01,2.104669e+01,2.100493e+01,2.098405e+01,2.102581e+01,2.104669e+01,2.099797e+01,2.112320e+01,2.111625e+01,2.102581e+01,2.124828e+01,2.113711e+01,2.139400e+01,2.139400e+01,2.140787e+01,2.140787e+01,2.138707e+01,2.152567e+01,2.144253e+01,2.158106e+01,2.149104e+01,2.149104e+01,2.153952e+01,2.149796e+01,2.153952e+01,2.168483e+01,2.170557e+01,2.166409e+01,2.162258e+01,2.162258e+01,2.173322e+01,2.157414e+01,2.164334e+01,2.149796e+01,2.141480e+01,2.139400e+01,2.153260e+01,2.149796e+01,2.156029e+01,2.156029e+01,2.139400e+01,2.144253e+01,2.129688e+01,2.137320e+01,2.144253e+01,2.146332e+01,2.169175e+01,2.175395e+01,2.171248e+01,2.166409e+01,2.166409e+01,2.162258e+01,2.146332e+01,2.149796e+01,2.145639e+01,2.149796e+01,2.144946e+01,2.154645e+01,2.160874e+01,2.166409e+01,2.157414e+01,2.152567e+01,2.163642e+01,2.169175e+01,2.158106e+01,2.164334e+01,2.173322e+01,2.162258e+01,2.164334e+01,2.163642e+01,2.165025e+01,2.165717e+01,2.165717e+01,2.170557e+01,2.158106e+01,2.156029e+01,2.154645e+01,2.165717e+01,2.161566e+01,2.165717e+01,2.149104e+01,2.151875e+01,2.162950e+01,2.151182e+01,2.147025e+01,2.140094e+01,2.149104e+01,2.135933e+01,2.142174e+01,2.138013e+01,2.128299e+01,2.115101e+01,2.121355e+01,2.110234e+01,2.113015e+01,2.106061e+01,2.090743e+01,2.067723e+01,2.083773e+01,2.080286e+01,2.080286e+01,2.088653e+01,2.080984e+01,2.087956e+01,2.101885e+01,2.117186e+01,2.130382e+01,2.146332e+01,2.140787e+01,2.142867e+01,2.140787e+01,2.154645e+01,2.155337e+01,2.140787e+01,2.148411e+01,2.153952e+01,2.157414e+01,2.160182e+01,2.156721e+01,2.159490e+01,2.166409e+01,2.169175e+01,2.176086e+01,2.172631e+01,2.171248e+01,2.174013e+01,2.172631e+01,2.173322e+01,2.170557e+01,2.169866e+01,2.181612e+01,2.178159e+01,2.176086e+01,2.175395e+01,2.168483e+01,2.167100e+01,2.172631e+01,2.170557e+01,2.162950e+01,2.169175e+01,2.163642e+01,2.169866e+01,2.159490e+01,2.151875e+01,2.110929e+01,2.113015e+01,2.113015e+01,2.113711e+01,2.117881e+01,2.114406e+01,2.121355e+01,2.111625e+01,2.121355e+01,2.117881e+01,2.138013e+01,2.116491e+01,2.119271e+01,2.115796e+01,2.115101e+01,2.115796e+01,2.120660e+01,2.117186e+01,2.118576e+01,2.118576e+01,2.106756e+01,2.119271e+01,2.124828e+01,2.118576e+01,2.129688e+01,2.128993e+01,2.132464e+01,2.125522e+01,2.131770e+01,2.135239e+01,2.131770e+01,2.132464e+01,2.131770e+01,2.135239e+01,2.136626e+01,2.140787e+01,2.131076e+01,2.130382e+01,2.131770e+01,2.133851e+01,2.131770e+01,2.122744e+01,2.128993e+01,2.129688e+01,2.135933e+01,2.116491e+01,2.126911e+01,2.126911e+01,2.126217e+01,2.126911e+01,2.128993e+01,2.128993e+01,2.108843e+01,2.123439e+01,2.125522e+01,2.096316e+01,2.106061e+01,2.098405e+01,2.105365e+01,2.107452e+01,2.085168e+01,2.109539e+01,2.093530e+01,2.097709e+01,2.114406e+01,2.151182e+01,2.115796e+01,2.113015e+01,2.104669e+01,2.097709e+01,2.108843e+01,2.103973e+01,2.108148e+01,2.108843e+01,2.139400e+01,2.207820e+01,2.466291e+01,2.565245e+01,2.600457e+01,2.609738e+01,2.622322e+01,2.603772e+01,2.604436e+01,2.604436e+01,2.595149e+01,2.573228e+01,2.574558e+01,2.568572e+01,2.545929e+01,2.549928e+01,2.541928e+01,2.543262e+01,2.508527e+01,2.511872e+01,2.494467e+01,2.471663e+01,2.462931e+01,2.452846e+01,2.436690e+01,2.413760e+01,2.394161e+01,2.380623e+01,2.355532e+01,2.327656e+01,2.320846e+01,2.292877e+01,2.277153e+01,2.266201e+01,2.249065e+01,2.233274e+01,2.214017e+01,2.210575e+01,2.200930e+01,2.196104e+01,2.194725e+01,2.182303e+01,2.182303e+01,2.165025e+01,2.151182e+01,2.152567e+01,2.158106e+01,2.148411e+01,2.135933e+01,2.136626e+01,2.133851e+01,2.134545e+01,2.125522e+01,2.126911e+01,2.129688e+01,2.120660e+01,2.128299e+01,2.116491e+01,2.130382e+01,2.136626e+01,2.117186e+01,2.122050e+01,2.128299e+01,2.124133e+01,2.124133e+01,2.122744e+01,2.120660e+01,2.139400e+01,2.128299e+01,2.131076e+01,2.133851e+01,2.128993e+01,2.134545e+01,2.144253e+01,2.141480e+01,2.124133e+01,2.132464e+01,2.142174e+01,2.142174e+01,2.148411e+01,2.147025e+01,2.153952e+01,2.149796e+01,2.156721e+01,2.157414e+01,2.173322e+01,2.162258e+01,2.169175e+01,2.161566e+01,2.163642e+01,2.172631e+01,2.162258e+01,2.167100e+01,2.173322e+01,2.167792e+01,2.166409e+01,2.171248e+01,2.173322e+01,2.169866e+01,2.178850e+01,2.161566e+01,2.189896e+01,2.175395e+01,2.183684e+01,2.186445e+01,2.174013e+01,2.174013e+01,2.180231e+01,2.177468e+01,2.182993e+01,2.158798e+01,2.175395e+01,2.167100e+01,2.167792e+01,2.167792e+01,2.173322e+01,2.184374e+01,2.186445e+01,2.162258e+01,2.183684e+01,2.188516e+01,2.165025e+01,2.182993e+01,2.186445e+01,2.183684e+01,2.176086e+01,2.188516e+01,2.191965e+01,2.182303e+01,2.213329e+01,2.202997e+01,2.201619e+01,2.213329e+01,2.202997e+01,2.193345e+01,2.202308e+01,2.196793e+01,2.198172e+01,2.199551e+01,2.203687e+01,2.202308e+01,2.203687e+01,2.200241e+01,2.193345e+01,2.202997e+01,2.202997e+01,2.206442e+01,2.187135e+01,2.200930e+01,2.198172e+01,2.205065e+01,2.198172e+01,2.202308e+01,2.205754e+01,2.198862e+01,2.186445e+01,2.200930e+01,2.205754e+01,2.201619e+01,2.207820e+01,2.209886e+01,2.200241e+01,2.209198e+01,2.195414e+01,2.206442e+01,2.201619e+01,2.191276e+01,2.202308e+01,2.200930e+01,2.201619e+01,2.199551e+01,2.201619e+01,2.202308e+01,2.202308e+01,2.200241e+01,2.202997e+01,2.206442e+01,2.189206e+01,2.201619e+01,2.189206e+01,2.205065e+01,2.189896e+01,2.194035e+01,2.192655e+01,2.197483e+01,2.184374e+01,2.183684e+01,2.202308e+01,2.192655e+01,2.180231e+01,2.189896e+01,2.182993e+01,2.200241e+01,2.194035e+01,2.194725e+01,2.194035e+01,2.187825e+01,2.187135e+01,2.191965e+01,2.189896e+01,2.189206e+01,2.195414e+01,2.191276e+01,2.190586e+01,2.191965e+01,2.189896e+01,2.192655e+01,2.194035e+01,2.197483e+01,2.193345e+01,2.181612e+01,2.194725e+01,2.180231e+01,2.189896e+01,2.181612e+01,2.204376e+01,2.187135e+01,2.191965e+01,2.187135e+01,2.188516e+01,2.184374e+01,2.188516e+01,2.194725e+01
2.142867e+01,2.163642e+01,2.156029e+01,2.167100e+01,2.162950e+01,2.156029e+01,2.154645e+01,2.159490e+01,2.177468e+01,2.179540e+01,2.178159e+01,2.165025e+01,2.164334e+01,2.172631e+01,2.181612e+01,2.170557e+01,2.165717e+01,2.171248e+01,2.173322e+01,2.164334e+01,2.182303e+01,2.178850e+01,2.171940e+01,2.169175e+01,2.176777e+01,2.191276e+01,2.170557e+01,2.176777e+01,2.180922e+01,2.182303e+01,2.178850e+01,2.189896e+01,2.163642e+01,2.185065e+01,2.179540e+01,2.187825e+01,2.176777e+01,2.171248e+01,2.182993e+01,2.174013e+01,2.174013e+01,2.178159e+01,2.184374e+01,2.182303e+01,2.181612e+01,2.180922e+01,2.183684e+01,2.177468e+01,2.189206e+01,2.177468e+01,2.187135e+01,2.183684e+01,2.181612e+01,2.182993e+01,2.190586e+01,2.189896e+01,2.191276e+01,2.161566e+01,2.189896e+01,2.192655e+01,2.180922e+01,2.180922e+01,2.180922e+01,2.178850e+01,2.176086e+01,2.182993e+01,2.175395e+01,2.185065e+01,2.172631e+01,2.174013e+01,2.176777e+01,2.174013e+01,2.168483e+01,2.161566e+01,2.169866e+01,2.160182e+01,2.173322e+01,2.177468e+01,2.155337e+01,2.155337e+01,2.175395e+01,2.172631e+01,2.172631e+01,2.165025e+01,2.160182e+01,2.159490e+01,2.156721e+01,2.162258e+01,2.164334e+01,2.152567e+01,2.160874e+01,2.161566e+01,2.168483e+01,2.165025e+01,2.161566e+01,2.163642e+01,2.173322e+01,2.152567e+01,2.157414e+01,2.163642e+01,2.162950e+01,2.162950e+01,2.165025e+01,2.164334e+01,2.162950e+01,2.170557e+01,2.171940e+01,2.171248e+01,2.162258e+01,2.175395e+01,2.157414e+01,2.169175e+01,2.176777e+01,2.177468e+01,2.179540e+01,2.172631e+01,2.189206e+01,2.196104e+01,2.189206e+01,2.193345e+01,2.208509e+01,2.227776e+01,2.255923e+01,2.253180e+01,2.262091e+01,2.292877e+01,2.293560e+01,2.324933e+01,2.356211e+01,2.373848e+01,2.400924e+01,2.449483e+01,2.463603e+01,2.475691e+01,2.504512e+01,2.523905e+01,2.554592e+01,2.563914e+01,2.589839e+01,2.587847e+01,2.613713e+01,2.637534e+01,2.641499e+01,2.648104e+01,2.661301e+01,2.682383e+01,2.681067e+01,2.702110e+01,2.703423e+01,2.730321e+01,2.742108e+01,2.749959e+01,2.754536e+01,2.764990e+01,2.770866e+01,2.754536e+01,2.766296e+01,2.783261e+01,2.760418e+01,2.755843e+01,2.756497e+01,2.741453e+01,2.714584e+01,2.719832e+01,2.689620e+01,2.688963e+01,2.661961e+01,2.642160e+01,2.609076e+01,2.587847e+01,2.573228e+01,2.535256e+01,2.495137e+01,2.469649e+01,2.431299e+01,2.397543e+01,2.358926e+01,2.316758e+01,2.289461e+01,2.257979e+01,2.223650e+01,2.185755e+01,2.170557e+01,2.138707e+01,2.124133e+01,2.123439e+01,2.122744e+01,2.124828e+01,2.120660e+01,2.125522e+01,2.123439e+01,2.128299e+01,2.127605e+01,2.119271e+01,2.106756e+01,2.106061e+01,2.108148e+01,2.108843e+01,2.101885e+01,2.102581e+01,2.117881e+01,2.105365e+01,2.115796e+01,2.118576e+01,2.112320e+01,2.106061e+01,2.104669e+01,2.114406e+01,2.122050e+01,2.110234e+01,2.138013e+01,2.131770e+01,2.134545e+01,2.140094e+01,2.144253e+01,2.151875e+01,2.129688e+01,2.156721e+01,2.145639e+01,2.152567e+01,2.149104e+01,2.147025e+01,2.155337e+01,2.155337e+01,2.153952e+01,2.153952e+01,2.165025e+01,2.165717e+01,2.163642e+01,2.156721e+01,2.157414e+01,2.147718e+01,2.162258e+01,2.149796e+01,2.156721e+01,2.158106e+01,2.153260e+01,2.153952e+01,2.144946e+01,2.143560e+01,2.144946e+01,2.142174e+01,2.140787e+01,2.140094e+01,2.154645e+01,2.171248e+01,2.167792e+01,2.171940e+01,2.176086e+01,2.168483e+01,2.177468e+01,2.162950e+01,2.139400e+01,2.138707e+01,2.149796e+01,2.147718e+01,2.158106e+01,2.154645e+01,2.160182e+01,2.156721e+01,2.160182e+01,2.182303e+01,2.162950e+01,2.159490e+01,2.159490e+01,2.145639e+01,2.164334e+01,2.165025e+01,2.165717e+01,2.180922e+01,2.167100e+01,2.163642e+01,2.168483e+01,2.165717e+01,2.169866e+01,2.154645e+01,2.148411e+01,2.162950e+01,2.168483e+01,2.153952e+01,2.144253e+01,2.149796e+01,2.144946e+01,2.144253e+01,2.135933e+01,2.143560e+01,2.142867e+01,2.137320e+01,2.109539e+01,2.131076e+01,2.112320e+01,2.125522e+01,2.109539e+01,2.110929e+01,2.106061e+01,2.102581e+01,2.074705e+01,2.068422e+01,2.085168e+01,2.067025e+01,2.077496e+01,2.085168e+01,2.083773e+01,2.097012e+01,2.097012e+01,2.124133e+01,2.133158e+01,2.142174e+01,2.140787e+01,2.154645e+01,2.150489e+01,2.149796e+01,2.156721e+01,2.160182e+01,2.154645e+01,2.162258e+01,2.160182e+01,2.167100e+01,2.158798e+01,2.169175e+01,2.169866e+01,2.171940e+01,2.172631e+01,2.167792e+01,2.171248e+01,2.173322e+01,2.177468e+01,2.174013e+01,2.180231e+01,2.175395e+01,2.174013e+01,2.178159e+01,2.176777e+01,2.178159e+01,2.171248e+01,2.167100e+01,2.171248e+01,2.175395e+01,2.171940e+01,2.169175e+01,2.163642e+01,2.159490e+01,2.154645e+01,2.110929e+01,2.114406e+01,2.115796e+01,2.115101e+01,2.113711e+01,2.102581e+01,2.108843e+01,2.113711e+01,2.120660e+01,2.115101e+01,2.114406e+01,2.120660e+01,2.117186e+01,2.116491e+01,2.117186e+01,2.123439e+01,2.115796e+01,2.120660e+01,2.120660e+01,2.135239e+01,2.124133e+01,2.124133e+01,2.126911e+01,2.126911e+01,2.130382e+01,2.108843e+01,2.127605e+01,2.119271e+01,2.126911e+01,2.121355e+01,2.123439e+01,2.128993e+01,2.125522e+01,2.131770e+01,2.135239e+01,2.126911e+01,2.136626e+01,2.141480e+01,2.138013e+01,2.135239e+01,2.129688e+01,2.129688e+01,2.125522e+01,2.122050e+01,2.135239e+01,2.124133e+01,2.127605e+01,2.115796e+01,2.124133e+01,2.117881e+01,2.117881e+01,2.122050e+01,2.114406e+01,2.123439e+01,2.104669e+01,2.110234e+01,2.124133e+01,2.117186e+01,2.103973e+01,2.108148e+01,2.103277e+01,2.096316e+01,2.101885e+01,2.110929e+01,2.211263e+01,2.425906e+01,2.413085e+01,2.308576e+01,2.204376e+01,2.151182e+01,2.131770e+01,2.131770e+01,2.108843e+01,2.128993e+01,2.142174e+01,2.229838e+01,2.487095e+01,2.564580e+01,2.603772e+01,2.607087e+01,2.630923e+01,2.607087e+01,2.598467e+01,2.604436e+01,2.603772e+01,2.592495e+01,2.578546e+01,2.566576e+01,2.563914e+01,2.548595e+01,2.551927e+01,2.527913e+01,2.542595e+01,2.515885e+01,2.487766e+01,2.489776e+01,2.472335e+01,2.459571e+01,2.449483e+01,2.411059e+01,2.402275e+01,2.375203e+01,2.363676e+01,2.334462e+01,2.330379e+01,2.292877e+01,2.290144e+01,2.253866e+01,2.251122e+01,2.240142e+01,2.207131e+01,2.200930e+01,2.207131e+01,2.196104e+01,2.185065e+01,2.184374e+01,2.182303e+01,2.176086e+01,2.162950e+01,2.147718e+01,2.145639e+01,2.145639e+01,2.153260e+01,2.136626e+01,2.144946e+01,2.132464e+01,2.126911e+01,2.144946e+01,2.115796e+01,2.134545e+01,2.126911e+01,2.133158e+01,2.115101e+01,2.119966e+01,2.126217e+01,2.123439e+01,2.131076e+01,2.113711e+01,2.131076e+01,2.125522e+01,2.133158e+01,2.141480e+01,2.128299e+01,2.131076e+01,2.127605e+01,2.125522e+01,2.133851e+01,2.137320e+01,2.128299e+01,2.122744e+01,2.142174e+01,2.144253e+01,2.143560e+01,2.142867e+01,2.144253e+01,2.143560e+01,2.138707e+01,2.160874e+01,2.160182e+01,2.149796e+01,2.165717e+01,2.173322e+01,2.163642e+01,2.171940e+01,2.160182e+01,2.165025e+01,2.165717e+01,2.169866e+01,2.166409e+01,2.168483e+01,2.182993e+01,2.157414e+01,2.174704e+01,2.161566e+01,2.159490e+01,2.189206e+01,2.165025e+01,2.179540e+01,2.175395e+01,2.171940e+01,2.184374e+01,2.174013e+01,2.193345e+01,2.182993e+01,2.180922e+01,2.188516e+01,2.176086e+01,2.180231e+01,2.189206e+01,2.178159e+01,2.182993e+01,2.182303e+01,2.180231e+01,2.182993e+01,2.180922e+01,2.186445e+01,2.182303e+01,2.191965e+01,2.188516e+01,2.195414e+01,2.203687e+01,2.202997e+01,2.201619e+01,2.185065e+01,2.198862e+01,2.198862e+01,2.202308e+01,2.211263e+01,2.201619e+01,2.206442e+01,2.200241e+01,2.207131e+01,2.185755e+01,2.202997e+01,2.207131e+01,2.195414e+01,2.198172e+01,2.204376e+01,2.207820e+01,2.201619e+01,2.198862e+01,2.202997e+01,2.198172e+01,2.203687e+01,2.196793e+01,2.196104e+01,2.213329e+01,2.203687e+01,2.205065e+01,2.187825e+01,2.200930e+01,2.189896e+01,2.189206e+01,2.198862e+01,2.196104e+01,2.201619e+01,2.197483e+01,2.196793e+01,2.206442e+01,2.196793e+01,2.197483e+01,2.203687e+01,2.191965e+01,2.194725e+01,2.203687e+01,2.202308e+01,2.203687e+01,2.202997e+01,2.205754e+01,2.209198e+01,2.201619e+01,2.203687e+01,2.209198e+01,2.195414e+01,2.195414e+01,2.204376e+01,2.197483e+01,2.194725e+01,2.195414e+01,2.197483e+01,2.198172e+01,2.197483e+01,2.189896e+01,2.185065e+01,2.193345e+01,2.208509e+01,2.200241e+01,2.196104e+01,2.176086e+01,2.197483e+01,2.189206e+01,2.199551e+01,2.191965e+01,2.186445e+01,2.181612e+01,2.192655e+01,2.190586e+01,2.193345e+01,2.200930e+01,2.190586e+01,2.196793e+01,2.198172e+01,2.194725e+01,2.194725e+01,2.207820e+01,2.196104e+01,2.189896e+01,2.195414e+01,2.185755e+01,2.187135e+01,2.184374e+01,2.189206e+01,2.187135e+01,2.188516e+01,2.203687e+01,2.188516e+01,2.187135e+01
2.149796e+01,2.167100e+01,2.149796e+01,2.158106e+01,2.161566e+01,2.167792e+01,2.160874e+01,2.160874e+01,2.164334e+01,2.160874e+01,2.173322e+01,2.170557e+01,2.180922e+01,2.158798e+01,2.182303e+01,2.172631e+01,2.172631e+01,2.182303e+01,2.176777e+01,2.177468e+01,2.177468e+01,2.170557e+01,2.168483e+01,2.178159e+01,2.175395e+01,2.174704e+01,2.168483e+01,2.172631e+01,2.176086e+01,2.178159e+01,2.178159e+01,2.177468e+01,2.176777e+01,2.187135e+01,2.195414e+01,2.184374e+01,2.173322e+01,2.190586e+01,2.169175e+01,2.182303e+01,2.181612e+01,2.171940e+01,2.176086e+01,2.170557e+01,2.182993e+01,2.184374e+01,2.181612e+01,2.181612e+01,2.185755e+01,2.185065e+01,2.185755e+01,2.185065e+01,2.185065e+01,2.175395e+01,2.189206e+01,2.184374e+01,2.190586e+01,2.167792e+01,2.191276e+01,2.185755e+01,2.181612e+01,2.180922e+01,2.185065e+01,2.175395e+01,2.182303e+01,2.182993e+01,2.175395e+01,2.173322e+01,2.174013e+01,2.169175e+01,2.176777e+01,2.170557e+01,2.171248e+01,2.174704e+01,2.169866e+01,2.178159e+01,2.175395e+01,2.163642e+01,2.170557e+01,2.173322e+01,2.172631e+01,2.157414e+01,2.165025e+01,2.151875e+01,2.162258e+01,2.151875e+01,2.164334e+01,2.156029e+01,2.156029e+01,2.150489e+01,2.164334e+01,2.171940e+01,2.149796e+01,2.158798e+01,2.160874e+01,2.162950e+01,2.156029e+01,2.162258e+01,2.147718e+01,2.151875e+01,2.156721e+01,2.165025e+01,2.162950e+01,2.169866e+01,2.160182e+01,2.158798e+01,2.147025e+01,2.159490e+01,2.170557e+01,2.158798e+01,2.168483e+01,2.176086e+01,2.171248e+01,2.163642e+01,2.183684e+01,2.185755e+01,2.202997e+01,2.178159e+01,2.213329e+01,2.196104e+01,2.213329e+01,2.217459e+01,2.216771e+01,2.253866e+01,2.264146e+01,2.292194e+01,2.319484e+01,2.328337e+01,2.357569e+01,2.368424e+01,2.400924e+01,2.429951e+01,2.465619e+01,2.480388e+01,2.504512e+01,2.529248e+01,2.533921e+01,2.567907e+01,2.568572e+01,2.588511e+01,2.605099e+01,2.622983e+01,2.634890e+01,2.648764e+01,2.658663e+01,2.658663e+01,2.683041e+01,2.704737e+01,2.713928e+01,2.711959e+01,2.740144e+01,2.744071e+01,2.751921e+01,2.765643e+01,2.763684e+01,2.760418e+01,2.766296e+01,2.771519e+01,2.763684e+01,2.759764e+01,2.747342e+01,2.736871e+01,2.723767e+01,2.703423e+01,2.709333e+01,2.685673e+01,2.661301e+01,2.653385e+01,2.605099e+01,2.600457e+01,2.567907e+01,2.537925e+01,2.501165e+01,2.476362e+01,2.421859e+01,2.377236e+01,2.325614e+01,2.278522e+01,2.257294e+01,2.191276e+01,2.147025e+01,2.147718e+01,2.126217e+01,2.140094e+01,2.123439e+01,2.120660e+01,2.120660e+01,2.125522e+01,2.126911e+01,2.127605e+01,2.117186e+01,2.110234e+01,2.104669e+01,2.099101e+01,2.106756e+01,2.114406e+01,2.107452e+01,2.109539e+01,2.110234e+01,2.108148e+01,2.110234e+01,2.100493e+01,2.096316e+01,2.101885e+01,2.113711e+01,2.124133e+01,2.117186e+01,2.125522e+01,2.115101e+01,2.115101e+01,2.122050e+01,2.135933e+01,2.138013e+01,2.139400e+01,2.143560e+01,2.126911e+01,2.141480e+01,2.141480e+01,2.142174e+01,2.149104e+01,2.142867e+01,2.145639e+01,2.147025e+01,2.144253e+01,2.151875e+01,2.137320e+01,2.167792e+01,2.153260e+01,2.156029e+01,2.153952e+01,2.156721e+01,2.149104e+01,2.139400e+01,2.153260e+01,2.141480e+01,2.156029e+01,2.151875e+01,2.140094e+01,2.136626e+01,2.126911e+01,2.126217e+01,2.142174e+01,2.124828e+01,2.122050e+01,2.123439e+01,2.158798e+01,2.168483e+01,2.168483e+01,2.166409e+01,2.181612e+01,2.161566e+01,2.169866e+01,2.154645e+01,2.140094e+01,2.142174e+01,2.151182e+01,2.155337e+01,2.134545e+01,2.153952e+01,2.160874e+01,2.145639e+01,2.147718e+01,2.146332e+01,2.159490e+01,2.156721e+01,2.142867e+01,2.158798e+01,2.161566e+01,2.160182e+01,2.164334e+01,2.166409e+01,2.169866e+01,2.171940e+01,2.167100e+01,2.160874e+01,2.166409e+01,2.168483e+01,2.158106e+01,2.162258e+01,2.158798e+01,2.144253e+01,2.158106e+01,2.142174e+01,2.140094e+01,2.140787e+01,2.139400e+01,2.121355e+01,2.137320e+01,2.107452e+01,2.122744e+01,2.108843e+01,2.123439e+01,2.110234e+01,2.107452e+01,2.107452e+01,2.101885e+01,2.083773e+01,2.074007e+01,2.064930e+01,2.068422e+01,2.087259e+01,2.074007e+01,2.088653e+01,2.095619e+01,2.118576e+01,2.117881e+01,2.124828e+01,2.130382e+01,2.136626e+01,2.142867e+01,2.151182e+01,2.149796e+01,2.150489e+01,2.149796e+01,2.156721e+01,2.156029e+01,2.151875e+01,2.161566e+01,2.167100e+01,2.167792e+01,2.162258e+01,2.164334e+01,2.175395e+01,2.166409e+01,2.174704e+01,2.166409e+01,2.169866e+01,2.167100e+01,2.180922e+01,2.181612e+01,2.180231e+01,2.160874e+01,2.177468e+01,2.169866e+01,2.162258e+01,2.161566e+01,2.171940e+01,2.165025e+01,2.179540e+01,2.161566e+01,2.169866e+01,2.174013e+01,2.113015e+01,2.115101e+01,2.111625e+01,2.114406e+01,2.112320e+01,2.113015e+01,2.108148e+01,2.111625e+01,2.110234e+01,2.119271e+01,2.113015e+01,2.113711e+01,2.118576e+01,2.116491e+01,2.122050e+01,2.118576e+01,2.124133e+01,2.117881e+01,2.115796e+01,2.122050e+01,2.115796e+01,2.113711e+01,2.119271e+01,2.123439e+01,2.128299e+01,2.128299e+01,2.121355e+01,2.133158e+01,2.115796e+01,2.120660e+01,2.124828e+01,2.126217e+01,2.125522e+01,2.118576e+01,2.130382e+01,2.132464e+01,2.135239e+01,2.122050e+01,2.138707e+01,2.135239e+01,2.135933e+01,2.126911e+01,2.133851e+01,2.113015e+01,2.132464e+01,2.123439e+01,2.130382e+01,2.136626e+01,2.114406e+01,2.113711e+01,2.113711e+01,2.113711e+01,2.113015e+01,2.124133e+01,2.112320e+01,2.110929e+01,2.128299e+01,2.108843e+01,2.111625e+01,2.097709e+01,2.109539e+01,2.106061e+01,2.108843e+01,2.111625e+01,2.108843e+01,2.192655e+01,2.493797e+01,2.555925e+01,2.569903e+01,2.507189e+01,2.409032e+01,2.340584e+01,2.262776e+01,2.228463e+01,2.228463e+01,2.264146e+01,2.385364e+01,2.545262e+01,2.591167e+01,2.599793e+01,2.615701e+01,2.615038e+01,2.605099e+01,2.607087e+01,2.603109e+01,2.599130e+01,2.594486e+01,2.561252e+01,2.581869e+01,2.567907e+01,2.559254e+01,2.544595e+01,2.533921e+01,2.537925e+01,2.515216e+01,2.495137e+01,2.485084e+01,2.474349e+01,2.465619e+01,2.446118e+01,2.404303e+01,2.407681e+01,2.372492e+01,2.352136e+01,2.348060e+01,2.319484e+01,2.292877e+01,2.283993e+01,2.260720e+01,2.253866e+01,2.251122e+01,2.220211e+01,2.210575e+01,2.201619e+01,2.193345e+01,2.187135e+01,2.185065e+01,2.171248e+01,2.171940e+01,2.169175e+01,2.157414e+01,2.156721e+01,2.150489e+01,2.149796e+01,2.144946e+01,2.131076e+01,2.147718e+01,2.140094e+01,2.134545e+01,2.133158e+01,2.124828e+01,2.135239e+01,2.113015e+01,2.131770e+01,2.124133e+01,2.133851e+01,2.125522e+01,2.123439e+01,2.135933e+01,2.120660e+01,2.116491e+01,2.128299e+01,2.131770e+01,2.128299e+01,2.135239e+01,2.126911e+01,2.136626e+01,2.133851e+01,2.138707e+01,2.140094e+01,2.142174e+01,2.143560e+01,2.144946e+01,2.146332e+01,2.144253e+01,2.144946e+01,2.141480e+01,2.142867e+01,2.142174e+01,2.153952e+01,2.152567e+01,2.150489e+01,2.172631e+01,2.171248e+01,2.169175e+01,2.167100e+01,2.169866e+01,2.169866e+01,2.169866e+01,2.172631e+01,2.171940e+01,2.171248e+01,2.159490e+01,2.165717e+01,2.169175e+01,2.180922e+01,2.174704e+01,2.158798e+01,2.185755e+01,2.185755e+01,2.182993e+01,2.179540e+01,2.183684e+01,2.178159e+01,2.171940e+01,2.171940e+01,2.176777e+01,2.180922e+01,2.178159e+01,2.189896e+01,2.181612e+01,2.191965e+01,2.181612e+01,2.180231e+01,2.184374e+01,2.183684e+01,2.182303e+01,2.185755e+01,2.189896e+01,2.190586e+01,2.184374e+01,2.192655e+01,2.199551e+01,2.187135e+01,2.202997e+01,2.194725e+01,2.191276e+01,2.192655e+01,2.192655e+01,2.193345e+01,2.195414e+01,2.191276e+01,2.186445e+01,2.224338e+01,2.199551e+01,2.202308e+01,2.209198e+01,2.208509e+01,2.203687e+01,2.205065e+01,2.200930e+01,2.207820e+01,2.212641e+01,2.198172e+01,2.196104e+01,2.203687e+01,2.207820e+01,2.205754e+01,2.198862e+01,2.200930e+01,2.198862e+01,2.199551e+01,2.198862e+01,2.196104e+01,2.200930e+01,2.204376e+01,2.195414e+01,2.197483e+01,2.197483e+01,2.196793e+01,2.206442e+01,2.193345e+01,2.186445e+01,2.201619e+01,2.198172e+01,2.200241e+01,2.200930e+01,2.202308e+01,2.196793e+01,2.209198e+01,2.211263e+01,2.208509e+01,2.203687e+01,2.207820e+01,2.200930e+01,2.194725e+01,2.195414e+01,2.182303e+01,2.191965e+01,2.187135e+01,2.196793e+01,2.207131e+01,2.196793e+01,2.194725e+01,2.198862e+01,2.185755e+01,2.193345e+01,2.202308e+01,2.176777e+01,2.196793e+01,2.191276e+01,2.189206e+01,2.187825e+01,2.187825e+01,2.207131e+01,2.191965e+01,2.188516e+01,2.190586e+01,2.194035e+01,2.187135e+01,2.182993e+01,2.196793e+01,2.187825e+01,2.200241e+01,2.192655e+01,2.192655e+01,2.206442e+01,2.195414e+01,2.189896e+01,2.186445e+01,2.186445e+01,2.188516e+01,2.194725e+01,2.185065e+01,2.186445e+01,2.189896e+01,2.163642e+01,2.164334e+01
2.146332e+01,2.166409e+01,2.170557e+01,2.160182e+01,2.174013e+01,2.173322e+01,2.173322e+01,2.163642e+01,2.173322e+01,2.165717e+01,2.175395e+01,2.162950e+01,2.163642e+01,2.185065e+01,2.183684e+01,2.181612e+01,2.167792e+01,2.176777e+01,2.180231e+01,2.173322e+01,2.184374e+01,2.187825e+01,2.180231e+01,2.183684e+01,2.169175e+01,2.178159e+01,2.174704e+01,2.173322e+01,2.176086e+01,2.176777e+01,2.176777e+01,2.179540e+01,2.183684e+01,2.185755e+01,2.199551e+01,2.191965e+01,2.167792e+01,2.175395e+01,2.180922e+01,2.174704e+01,2.191965e+01,2.181612e+01,2.186445e+01,2.197483e+01,2.182303e+01,2.185065e+01,2.180231e+01,2.189896e+01,2.183684e+01,2.178159e+01,2.183684e+01,2.182993e+01,2.186445e+01,2.178850e+01,2.185065e+01,2.186445e+01,2.189896e+01,2.185065e+01,2.188516e+01,2.182303e+01,2.180231e+01,2.186445e+01,2.180922e+01,2.177468e+01,2.183684e+01,2.180922e+01,2.178850e+01,2.175395e+01,2.175395e+01,2.175395e+01,2.173322e+01,2.176086e+01,2.169866e+01,2.170557e+01,2.173322e+01,2.180231e+01,2.178850e+01,2.174013e+01,2.165025e+01,2.177468e+01,2.172631e+01,2.193345e+01,2.162258e+01,2.167100e+01,2.149796e+01,2.156029e+01,2.156721e+01,2.166409e+01,2.166409e+01,2.169175e+01,2.156721e+01,2.156029e+01,2.151182e+01,2.169866e+01,2.165025e+01,2.161566e+01,2.157414e+01,2.157414e+01,2.159490e+01,2.175395e+01,2.161566e+01,2.162950e+01,2.169175e+01,2.162258e+01,2.160182e+01,2.162258e+01,2.152567e+01,2.169866e+01,2.174704e+01,2.163642e+01,2.164334e+01,2.173322e+01,2.176777e+01,2.182993e+01,2.191276e+01,2.179540e+01,2.200930e+01,2.193345e+01,2.209198e+01,2.212641e+01,2.218835e+01,2.219523e+01,2.227088e+01,2.266201e+01,2.266201e+01,2.292194e+01,2.291510e+01,2.332421e+01,2.335143e+01,2.392808e+01,2.401600e+01,2.444098e+01,2.466291e+01,2.467634e+01,2.511203e+01,2.521232e+01,2.527245e+01,2.567241e+01,2.566576e+01,2.591831e+01,2.598467e+01,2.626292e+01,2.631584e+01,2.633568e+01,2.659323e+01,2.667894e+01,2.676458e+01,2.684357e+01,2.715896e+01,2.730976e+01,2.725078e+01,2.751921e+01,2.774782e+01,2.773477e+01,2.766949e+01,2.771519e+01,2.772172e+01,2.764990e+01,2.761071e+01,2.763684e+01,2.749959e+01,2.747342e+01,2.737525e+01,2.727699e+01,2.707364e+01,2.683041e+01,2.684357e+01,2.638195e+01,2.607750e+01,2.602446e+01,2.573228e+01,2.521900e+01,2.499156e+01,2.438711e+01,2.381978e+01,2.285360e+01,2.216082e+01,2.173322e+01,2.151875e+01,2.149796e+01,2.138707e+01,2.142867e+01,2.133851e+01,2.133851e+01,2.126911e+01,2.126911e+01,2.123439e+01,2.119271e+01,2.129688e+01,2.117881e+01,2.122050e+01,2.120660e+01,2.109539e+01,2.106061e+01,2.103277e+01,2.115101e+01,2.102581e+01,2.110234e+01,2.106061e+01,2.100493e+01,2.117881e+01,2.115101e+01,2.117186e+01,2.109539e+01,2.106061e+01,2.112320e+01,2.110234e+01,2.107452e+01,2.121355e+01,2.125522e+01,2.128993e+01,2.132464e+01,2.120660e+01,2.140787e+01,2.135933e+01,2.147718e+01,2.140094e+01,2.149104e+01,2.151182e+01,2.148411e+01,2.140787e+01,2.151875e+01,2.136626e+01,2.149796e+01,2.166409e+01,2.144253e+01,2.155337e+01,2.135239e+01,2.156721e+01,2.158106e+01,2.144946e+01,2.143560e+01,2.160182e+01,2.143560e+01,2.153260e+01,2.141480e+01,2.150489e+01,2.138013e+01,2.129688e+01,2.139400e+01,2.129688e+01,2.125522e+01,2.144253e+01,2.146332e+01,2.121355e+01,2.142867e+01,2.162258e+01,2.165717e+01,2.180231e+01,2.170557e+01,2.165025e+01,2.148411e+01,2.162258e+01,2.138707e+01,2.138707e+01,2.149796e+01,2.153260e+01,2.151182e+01,2.138707e+01,2.155337e+01,2.146332e+01,2.153260e+01,2.152567e+01,2.144253e+01,2.156721e+01,2.159490e+01,2.145639e+01,2.158798e+01,2.175395e+01,2.165717e+01,2.173322e+01,2.161566e+01,2.164334e+01,2.165717e+01,2.167792e+01,2.159490e+01,2.160874e+01,2.174013e+01,2.149104e+01,2.156029e+01,2.156029e+01,2.147025e+01,2.149796e+01,2.151875e+01,2.143560e+01,2.136626e+01,2.135239e+01,2.138707e+01,2.122050e+01,2.110929e+01,2.124133e+01,2.109539e+01,2.113711e+01,2.106756e+01,2.102581e+01,2.085865e+01,2.074007e+01,2.063532e+01,2.066327e+01,2.070517e+01,2.080286e+01,2.090743e+01,2.096316e+01,2.097012e+01,2.089350e+01,2.111625e+01,2.129688e+01,2.128993e+01,2.132464e+01,2.140787e+01,2.158106e+01,2.162258e+01,2.141480e+01,2.156029e+01,2.158798e+01,2.160182e+01,2.155337e+01,2.178850e+01,2.166409e+01,2.169866e+01,2.166409e+01,2.175395e+01,2.184374e+01,2.174013e+01,2.165025e+01,2.170557e+01,2.172631e+01,2.179540e+01,2.176086e+01,2.180922e+01,2.178159e+01,2.174704e+01,2.179540e+01,2.176777e+01,2.176086e+01,2.174013e+01,2.161566e+01,2.179540e+01,2.176086e+01,2.177468e+01,2.162258e+01,2.157414e+01,2.131770e+01,2.117186e+01,2.113711e+01,2.101885e+01,2.111625e+01,2.101885e+01,2.106756e+01,2.116491e+01,2.097709e+01,2.112320e+01,2.114406e+01,2.111625e+01,2.113711e+01,2.112320e+01,2.128993e+01,2.140094e+01,2.133851e+01,2.135239e+01,2.110929e+01,2.118576e+01,2.119966e+01,2.119271e+01,2.120660e+01,2.107452e+01,2.119966e+01,2.128993e+01,2.118576e+01,2.128993e+01,2.120660e+01,2.120660e+01,2.118576e+01,2.109539e+01,2.128993e+01,2.108843e+01,2.124828e+01,2.126217e+01,2.119966e+01,2.126217e+01,2.135933e+01,2.118576e+01,2.131076e+01,2.131770e+01,2.134545e+01,2.132464e+01,2.133851e+01,2.121355e+01,2.122050e+01,2.122744e+01,2.126217e+01,2.115796e+01,2.115796e+01,2.114406e+01,2.113015e+01,2.111625e+01,2.110929e+01,2.108843e+01,2.117186e+01,2.111625e+01,2.101189e+01,2.096316e+01,2.110234e+01,2.103973e+01,2.102581e+01,2.109539e+01,2.106061e+01,2.171940e+01,2.421859e+01,2.572563e+01,2.620998e+01,2.617687e+01,2.594486e+01,2.571898e+01,2.540594e+01,2.540594e+01,2.521232e+01,2.541928e+01,2.564580e+01,2.593822e+01,2.619012e+01,2.628277e+01,2.638856e+01,2.630923e+01,2.608413e+01,2.614376e+01,2.604436e+01,2.595813e+01,2.593158e+01,2.597140e+01,2.564580e+01,2.564580e+01,2.556591e+01,2.554592e+01,2.546596e+01,2.526577e+01,2.538593e+01,2.517890e+01,2.491117e+01,2.477705e+01,2.449483e+01,2.445445e+01,2.427929e+01,2.401600e+01,2.396190e+01,2.352816e+01,2.346022e+01,2.323571e+01,2.323571e+01,2.285360e+01,2.267571e+01,2.266886e+01,2.263461e+01,2.230525e+01,2.209886e+01,2.203687e+01,2.195414e+01,2.189896e+01,2.187825e+01,2.176777e+01,2.181612e+01,2.165025e+01,2.156721e+01,2.157414e+01,2.153260e+01,2.152567e+01,2.151875e+01,2.140094e+01,2.144946e+01,2.142174e+01,2.142174e+01,2.139400e+01,2.128299e+01,2.117881e+01,2.133158e+01,2.124133e+01,2.128993e+01,2.135239e+01,2.131770e+01,2.127605e+01,2.133158e+01,2.122050e+01,2.132464e+01,2.122050e+01,2.124133e+01,2.130382e+01,2.123439e+01,2.129688e+01,2.126217e+01,2.124828e+01,2.135933e+01,2.121355e+01,2.138013e+01,2.141480e+01,2.144946e+01,2.138013e+01,2.140787e+01,2.140094e+01,2.148411e+01,2.147718e+01,2.149104e+01,2.149104e+01,2.161566e+01,2.169866e+01,2.151875e+01,2.169866e+01,2.153952e+01,2.176086e+01,2.170557e+01,2.169866e+01,2.171248e+01,2.168483e+01,2.168483e+01,2.165717e+01,2.170557e+01,2.168483e+01,2.169866e+01,2.180922e+01,2.180231e+01,2.169866e+01,2.185065e+01,2.186445e+01,2.184374e+01,2.178850e+01,2.177468e+01,2.174704e+01,2.176777e+01,2.176777e+01,2.165717e+01,2.189206e+01,2.185755e+01,2.176777e+01,2.172631e+01,2.182993e+01,2.180922e+01,2.184374e+01,2.180922e+01,2.186445e+01,2.180231e+01,2.185065e+01,2.178850e+01,2.190586e+01,2.198172e+01,2.189206e+01,2.198172e+01,2.186445e+01,2.190586e+01,2.196793e+01,2.196104e+01,2.207820e+01,2.206442e+01,2.199551e+01,2.210575e+01,2.187825e+01,2.192655e+01,2.198172e+01,2.182303e+01,2.196793e+01,2.210575e+01,2.200241e+01,2.203687e+01,2.211263e+01,2.198172e+01,2.211263e+01,2.218147e+01,2.195414e+01,2.200930e+01,2.205065e+01,2.205754e+01,2.208509e+01,2.213329e+01,2.207820e+01,2.206442e+01,2.202997e+01,2.209886e+01,2.207820e+01,2.207131e+01,2.198172e+01,2.196104e+01,2.207131e+01,2.196793e+01,2.197483e+01,2.200241e+01,2.200930e+01,2.198172e+01,2.199551e+01,2.201619e+01,2.198862e+01,2.207820e+01,2.194035e+01,2.202308e+01,2.194725e+01,2.209886e+01,2.210575e+01,2.208509e+01,2.187825e+01,2.187825e+01,2.205754e+01,2.197483e+01,2.211263e+01,2.198862e+01,2.198172e+01,2.201619e+01,2.179540e+01,2.200241e+01,2.197483e+01,2.198172e+01,2.201619e+01,2.200241e+01,2.191965e+01,2.189206e+01,2.193345e+01,2.191965e+01,2.192655e+01,2.192655e+01,2.195414e+01,2.193345e+01,2.193345e+01,2.194035e+01,2.185065e+01,2.188516e+01,2.194725e+01,2.196793e+01,2.209198e+01,2.207131e+01,2.187825e+01,2.205754e+01,2.190586e+01,2.188516e+01,2.186445e+01,2.186445e+01,2.189896e+01,2.181612e+01,2.191276e+01,2.203687e+01,2.187825e+01,2.201619e+01,2.190586e+01,2.200930e+01,2.171940e+01
2.155337e+01,2.144946e+01,2.171248e+01,2.153952e+01,2.168483e+01,2.171248e+01,2.169866e+01,2.171940e+01,2.173322e+01,2.173322e+01,2.174704e+01,2.174704e+01,2.173322e+01,2.167792e+01,2.161566e+01,2.184374e+01,2.164334e+01,2.182993e+01,2.181612e+01,2.182993e+01,2.188516e+01,2.177468e+01,2.183684e+01,2.165717e+01,2.165025e+01,2.176777e+01,2.158106e+01,2.169175e+01,2.188516e+01,2.180231e+01,2.179540e+01,2.185065e+01,2.182303e+01,2.185065e+01,2.188516e+01,2.186445e+01,2.171248e+01,2.185755e+01,2.187135e+01,2.172631e+01,2.178850e+01,2.178850e+01,2.186445e+01,2.191276e+01,2.183684e+01,2.180231e+01,2.184374e+01,2.178850e+01,2.182303e+01,2.191965e+01,2.187825e+01,2.188516e+01,2.179540e+01,2.181612e+01,2.180231e+01,2.185065e+01,2.186445e+01,2.191965e+01,2.180922e+01,2.191276e+01,2.194725e+01,2.183684e+01,2.189206e+01,2.180231e+01,2.186445e+01,2.182303e+01,2.178850e+01,2.176086e+01,2.181612e+01,2.182303e+01,2.171248e+01,2.182993e+01,2.176086e+01,2.176777e+01,2.177468e+01,2.174013e+01,2.158798e+01,2.164334e+01,2.189896e+01,2.169866e+01,2.175395e+01,2.169866e+01,2.160182e+01,2.167792e+01,2.167792e+01,2.150489e+01,2.167100e+01,2.163642e+01,2.153260e+01,2.158106e+01,2.156721e+01,2.167792e+01,2.167100e+01,2.151182e+01,2.157414e+01,2.161566e+01,2.161566e+01,2.165025e+01,2.155337e+01,2.154645e+01,2.150489e+01,2.158106e+01,2.158798e+01,2.156721e+01,2.167792e+01,2.160182e+01,2.160874e+01,2.156029e+01,2.157414e+01,2.156029e+01,2.176777e+01,2.167792e+01,2.165025e+01,2.159490e+01,2.188516e+01,2.185755e+01,2.187135e+01,2.204376e+01,2.202997e+01,2.205754e+01,2.216771e+01,2.222275e+01,2.252494e+01,2.258665e+01,2.271679e+01,2.274416e+01,2.318121e+01,2.318802e+01,2.359605e+01,2.362998e+01,2.403627e+01,2.443425e+01,2.466291e+01,2.481059e+01,2.499826e+01,2.517890e+01,2.544595e+01,2.565245e+01,2.579876e+01,2.602446e+01,2.610401e+01,2.608413e+01,2.632907e+01,2.632245e+01,2.655364e+01,2.665257e+01,2.675800e+01,2.701453e+01,2.703423e+01,2.706050e+01,2.726389e+01,2.739490e+01,2.736216e+01,2.752574e+01,2.763684e+01,2.768908e+01,2.768255e+01,2.764990e+01,2.771519e+01,2.751921e+01,2.755189e+01,2.738835e+01,2.725078e+01,2.725078e+01,2.692251e+01,2.690278e+01,2.662620e+01,2.647444e+01,2.611063e+01,2.582533e+01,2.567907e+01,2.519227e+01,2.439385e+01,2.305848e+01,2.199551e+01,2.158798e+01,2.151875e+01,2.149104e+01,2.145639e+01,2.138013e+01,2.137320e+01,2.133851e+01,2.130382e+01,2.126217e+01,2.120660e+01,2.120660e+01,2.122050e+01,2.130382e+01,2.119966e+01,2.120660e+01,2.118576e+01,2.125522e+01,2.101885e+01,2.105365e+01,2.113015e+01,2.107452e+01,2.105365e+01,2.117881e+01,2.106061e+01,2.115796e+01,2.128299e+01,2.106061e+01,2.110929e+01,2.121355e+01,2.119966e+01,2.106756e+01,2.116491e+01,2.131076e+01,2.118576e+01,2.126217e+01,2.129688e+01,2.119966e+01,2.141480e+01,2.139400e+01,2.138013e+01,2.150489e+01,2.144946e+01,2.144253e+01,2.150489e+01,2.148411e+01,2.142867e+01,2.139400e+01,2.140094e+01,2.153952e+01,2.140787e+01,2.143560e+01,2.135933e+01,2.137320e+01,2.149796e+01,2.142174e+01,2.141480e+01,2.137320e+01,2.143560e+01,2.139400e+01,2.149104e+01,2.136626e+01,2.142867e+01,2.136626e+01,2.135239e+01,2.142867e+01,2.115796e+01,2.123439e+01,2.126911e+01,2.122050e+01,2.121355e+01,2.124133e+01,2.167100e+01,2.167100e+01,2.163642e+01,2.166409e+01,2.167792e+01,2.169866e+01,2.158798e+01,2.134545e+01,2.131076e+01,2.131076e+01,2.133851e+01,2.133158e+01,2.131770e+01,2.132464e+01,2.142174e+01,2.132464e+01,2.144253e+01,2.144946e+01,2.140787e+01,2.138013e+01,2.140094e+01,2.159490e+01,2.144946e+01,2.153952e+01,2.169175e+01,2.158798e+01,2.168483e+01,2.165717e+01,2.151182e+01,2.149104e+01,2.149796e+01,2.152567e+01,2.147718e+01,2.148411e+01,2.156029e+01,2.150489e+01,2.142867e+01,2.138707e+01,2.135239e+01,2.135239e+01,2.130382e+01,2.126217e+01,2.124133e+01,2.122050e+01,2.109539e+01,2.108148e+01,2.109539e+01,2.084470e+01,2.103973e+01,2.101885e+01,2.083076e+01,2.064930e+01,2.063532e+01,2.070517e+01,2.070517e+01,2.079589e+01,2.067025e+01,2.095619e+01,2.092833e+01,2.092833e+01,2.113711e+01,2.128993e+01,2.135239e+01,2.143560e+01,2.148411e+01,2.137320e+01,2.146332e+01,2.157414e+01,2.155337e+01,2.143560e+01,2.165717e+01,2.152567e+01,2.169866e+01,2.165717e+01,2.162950e+01,2.166409e+01,2.168483e+01,2.159490e+01,2.166409e+01,2.167792e+01,2.174013e+01,2.174704e+01,2.170557e+01,2.182303e+01,2.180922e+01,2.172631e+01,2.169175e+01,2.164334e+01,2.160874e+01,2.160874e+01,2.165717e+01,2.170557e+01,2.162258e+01,2.164334e+01,2.162258e+01,2.137320e+01,2.115101e+01,2.096316e+01,2.099101e+01,2.113015e+01,2.106061e+01,2.110929e+01,2.105365e+01,2.106756e+01,2.106756e+01,2.114406e+01,2.112320e+01,2.085865e+01,2.113015e+01,2.108843e+01,2.132464e+01,2.149796e+01,2.156721e+01,2.132464e+01,2.118576e+01,2.115101e+01,2.108148e+01,2.119966e+01,2.110929e+01,2.115101e+01,2.120660e+01,2.119271e+01,2.119271e+01,2.113711e+01,2.113015e+01,2.116491e+01,2.113711e+01,2.119271e+01,2.122744e+01,2.111625e+01,2.112320e+01,2.117881e+01,2.123439e+01,2.126217e+01,2.122744e+01,2.106061e+01,2.117881e+01,2.115796e+01,2.125522e+01,2.129688e+01,2.127605e+01,2.132464e+01,2.124133e+01,2.117881e+01,2.115101e+01,2.112320e+01,2.110929e+01,2.114406e+01,2.115101e+01,2.114406e+01,2.126217e+01,2.106061e+01,2.112320e+01,2.098405e+01,2.107452e+01,2.087259e+01,2.106756e+01,2.089350e+01,2.093530e+01,2.105365e+01,2.122050e+01,2.156721e+01,2.346701e+01,2.589839e+01,2.628938e+01,2.628277e+01,2.628938e+01,2.635551e+01,2.616363e+01,2.621660e+01,2.613713e+01,2.605099e+01,2.614376e+01,2.615701e+01,2.626292e+01,2.621660e+01,2.638195e+01,2.634890e+01,2.614376e+01,2.615701e+01,2.606424e+01,2.605761e+01,2.598467e+01,2.571233e+01,2.561252e+01,2.565911e+01,2.556591e+01,2.537925e+01,2.533254e+01,2.539260e+01,2.521232e+01,2.515885e+01,2.487766e+01,2.475691e+01,2.479047e+01,2.444771e+01,2.425906e+01,2.409032e+01,2.389425e+01,2.360962e+01,2.337864e+01,2.321527e+01,2.294926e+01,2.288777e+01,2.278522e+01,2.265516e+01,2.230525e+01,2.247692e+01,2.205065e+01,2.191276e+01,2.191965e+01,2.189896e+01,2.171248e+01,2.186445e+01,2.169866e+01,2.158106e+01,2.166409e+01,2.160874e+01,2.148411e+01,2.149796e+01,2.147025e+01,2.133158e+01,2.138707e+01,2.131076e+01,2.131770e+01,2.119966e+01,2.129688e+01,2.126911e+01,2.131076e+01,2.129688e+01,2.121355e+01,2.119966e+01,2.135933e+01,2.133158e+01,2.122050e+01,2.121355e+01,2.129688e+01,2.138707e+01,2.124133e+01,2.124828e+01,2.124133e+01,2.126911e+01,2.131770e+01,2.126217e+01,2.121355e+01,2.125522e+01,2.126911e+01,2.138013e+01,2.142174e+01,2.115101e+01,2.140094e+01,2.140094e+01,2.138013e+01,2.140787e+01,2.146332e+01,2.146332e+01,2.147718e+01,2.148411e+01,2.168483e+01,2.152567e+01,2.165025e+01,2.172631e+01,2.176777e+01,2.165025e+01,2.165717e+01,2.167792e+01,2.169175e+01,2.168483e+01,2.174013e+01,2.174704e+01,2.167792e+01,2.175395e+01,2.181612e+01,2.178850e+01,2.165025e+01,2.175395e+01,2.176777e+01,2.174704e+01,2.176777e+01,2.180922e+01,2.170557e+01,2.167100e+01,2.180922e+01,2.166409e+01,2.146332e+01,2.171248e+01,2.185065e+01,2.174704e+01,2.182303e+01,2.169866e+01,2.178850e+01,2.187825e+01,2.186445e+01,2.181612e+01,2.194725e+01,2.182303e+01,2.195414e+01,2.194725e+01,2.185065e+01,2.185755e+01,2.197483e+01,2.202308e+01,2.205754e+01,2.207820e+01,2.200241e+01,2.195414e+01,2.194035e+01,2.200930e+01,2.200930e+01,2.204376e+01,2.197483e+01,2.197483e+01,2.189206e+01,2.207131e+01,2.194725e+01,2.215394e+01,2.191965e+01,2.202997e+01,2.197483e+01,2.194035e+01,2.202997e+01,2.195414e+01,2.209198e+01,2.202997e+01,2.187825e+01,2.201619e+01,2.198862e+01,2.200241e+01,2.182993e+01,2.190586e+01,2.193345e+01,2.204376e+01,2.193345e+01,2.200930e+01,2.201619e+01,2.203687e+01,2.202308e+01,2.198172e+01,2.193345e+01,2.196104e+01,2.196104e+01,2.202997e+01,2.207820e+01,2.199551e+01,2.189206e+01,2.190586e+01,2.198172e+01,2.190586e+01,2.189896e+01,2.200241e+01,2.190586e+01,2.191965e+01,2.207820e+01,2.194035e+01,2.197483e+01,2.189896e+01,2.195414e+01,2.184374e+01,2.196793e+01,2.199551e+01,2.187825e+01,2.196793e+01,2.197483e+01,2.202308e+01,2.182993e+01,2.190586e+01,2.198172e+01,2.191276e+01,2.207820e+01,2.193345e+01,2.191276e+01,2.188516e+01,2.191965e+01,2.196793e+01,2.183684e+01,2.191276e+01,2.192655e+01,2.184374e+01,2.194725e+01,2.191965e+01,2.195414e+01,2.187135e+01,2.185065e+01,2.199551e+01,2.193345e+01,2.197483e+01,2.185065e+01,2.181612e+01,2.182303e+01,2.187825e+01,2.185755e+01,2.187825e+01,2.187135e+01,2.191276e+01
2.153260e+01,2.156721e+01,2.171940e+01,2.165717e+01,2.171248e+01,2.167792e+01,2.179540e+01,2.171940e+01,2.170557e+01,2.178159e+01,2.176777e+01,2.187135e+01,2.178850e+01,2.171940e+01,2.180231e+01,2.179540e+01,2.179540e+01,2.183684e+01,2.176086e+01,2.187135e+01,2.181612e+01,2.178850e+01,2.181612e+01,2.181612e+01,2.178850e+01,2.171940e+01,2.185755e+01,2.164334e+01,2.176777e+01,2.183684e+01,2.185065e+01,2.180922e+01,2.189896e+01,2.187825e+01,2.172631e+01,2.172631e+01,2.185755e+01,2.171940e+01,2.185065e+01,2.165717e+01,2.180231e+01,2.196104e+01,2.193345e+01,2.191276e+01,2.193345e+01,2.181612e+01,2.198862e+01,2.182993e+01,2.191965e+01,2.183684e+01,2.189206e+01,2.180231e+01,2.175395e+01,2.175395e+01,2.179540e+01,2.174704e+01,2.179540e+01,2.196793e+01,2.178850e+01,2.184374e+01,2.180231e+01,2.180231e+01,2.196104e+01,2.189896e+01,2.182303e+01,2.178850e+01,2.194035e+01,2.176777e+01,2.189206e+01,2.178159e+01,2.180922e+01,2.178159e+01,2.165025e+01,2.178159e+01,2.180922e+01,2.174704e+01,2.183684e+01,2.162950e+01,2.164334e+01,2.160874e+01,2.166409e+01,2.165025e+01,2.167792e+01,2.169175e+01,2.157414e+01,2.161566e+01,2.177468e+01,2.156721e+01,2.162258e+01,2.165717e+01,2.157414e+01,2.165025e+01,2.167100e+01,2.155337e+01,2.156029e+01,2.167100e+01,2.161566e+01,2.148411e+01,2.154645e+01,2.149796e+01,2.151875e+01,2.161566e+01,2.156721e+01,2.160182e+01,2.147025e+01,2.160874e+01,2.169175e+01,2.167792e+01,2.162258e+01,2.169175e+01,2.163642e+01,2.174013e+01,2.165025e+01,2.180922e+01,2.180922e+01,2.177468e+01,2.187135e+01,2.198862e+01,2.203687e+01,2.202997e+01,2.210575e+01,2.214017e+01,2.222275e+01,2.268940e+01,2.288777e+01,2.288094e+01,2.318802e+01,2.335823e+01,2.361641e+01,2.399571e+01,2.413085e+01,2.440058e+01,2.457554e+01,2.467634e+01,2.492457e+01,2.519227e+01,2.531919e+01,2.549928e+01,2.566576e+01,2.581869e+01,2.594486e+01,2.615701e+01,2.617687e+01,2.631584e+01,2.634229e+01,2.652065e+01,2.663280e+01,2.690278e+01,2.706050e+01,2.726389e+01,2.725733e+01,2.736871e+01,2.741453e+01,2.752574e+01,2.758457e+01,2.756497e+01,2.766949e+01,2.751921e+01,2.755843e+01,2.759764e+01,2.734906e+01,2.751266e+01,2.736871e+01,2.723767e+01,2.702110e+01,2.692908e+01,2.683041e+01,2.648764e+01,2.608413e+01,2.574558e+01,2.500495e+01,2.419835e+01,2.272363e+01,2.187135e+01,2.156029e+01,2.152567e+01,2.141480e+01,2.141480e+01,2.139400e+01,2.131770e+01,2.144253e+01,2.127605e+01,2.125522e+01,2.126911e+01,2.131770e+01,2.123439e+01,2.122744e+01,2.119271e+01,2.120660e+01,2.115101e+01,2.117186e+01,2.117881e+01,2.125522e+01,2.118576e+01,2.105365e+01,2.101885e+01,2.105365e+01,2.113711e+01,2.113015e+01,2.104669e+01,2.115101e+01,2.110929e+01,2.120660e+01,2.109539e+01,2.122744e+01,2.110929e+01,2.125522e+01,2.137320e+01,2.122744e+01,2.115796e+01,2.129688e+01,2.122050e+01,2.133851e+01,2.135933e+01,2.137320e+01,2.139400e+01,2.132464e+01,2.140787e+01,2.151182e+01,2.150489e+01,2.147718e+01,2.141480e+01,2.128993e+01,2.138707e+01,2.131770e+01,2.134545e+01,2.134545e+01,2.138707e+01,2.135933e+01,2.143560e+01,2.142174e+01,2.138013e+01,2.131076e+01,2.136626e+01,2.140787e+01,2.149796e+01,2.135239e+01,2.132464e+01,2.144946e+01,2.122050e+01,2.133851e+01,2.128299e+01,2.116491e+01,2.119966e+01,2.124133e+01,2.119966e+01,2.129688e+01,2.163642e+01,2.168483e+01,2.168483e+01,2.181612e+01,2.162258e+01,2.156029e+01,2.122744e+01,2.135933e+01,2.127605e+01,2.131770e+01,2.128299e+01,2.147718e+01,2.140094e+01,2.147025e+01,2.148411e+01,2.133851e+01,2.149796e+01,2.147025e+01,2.142867e+01,2.162258e+01,2.160874e+01,2.142867e+01,2.147025e+01,2.153260e+01,2.151875e+01,2.153952e+01,2.153952e+01,2.165717e+01,2.156721e+01,2.158798e+01,2.158106e+01,2.156029e+01,2.153952e+01,2.147025e+01,2.135239e+01,2.139400e+01,2.136626e+01,2.147025e+01,2.131770e+01,2.132464e+01,2.130382e+01,2.124133e+01,2.109539e+01,2.112320e+01,2.108843e+01,2.103277e+01,2.094923e+01,2.083773e+01,2.092137e+01,2.080984e+01,2.067723e+01,2.061436e+01,2.059340e+01,2.074007e+01,2.059340e+01,2.087259e+01,2.089350e+01,2.091440e+01,2.094226e+01,2.123439e+01,2.126217e+01,2.131770e+01,2.138013e+01,2.149796e+01,2.131076e+01,2.151875e+01,2.147025e+01,2.153260e+01,2.154645e+01,2.157414e+01,2.173322e+01,2.155337e+01,2.154645e+01,2.162258e+01,2.168483e+01,2.166409e+01,2.178159e+01,2.166409e+01,2.169175e+01,2.169866e+01,2.169866e+01,2.170557e+01,2.177468e+01,2.167792e+01,2.176777e+01,2.177468e+01,2.174704e+01,2.172631e+01,2.169175e+01,2.163642e+01,2.163642e+01,2.165025e+01,2.148411e+01,2.160182e+01,2.124133e+01,2.101885e+01,2.113015e+01,2.092833e+01,2.097012e+01,2.107452e+01,2.104669e+01,2.092137e+01,2.099101e+01,2.108843e+01,2.110929e+01,2.114406e+01,2.111625e+01,2.111625e+01,2.143560e+01,2.153260e+01,2.156029e+01,2.156029e+01,2.131076e+01,2.116491e+01,2.099797e+01,2.119271e+01,2.102581e+01,2.111625e+01,2.118576e+01,2.115101e+01,2.119966e+01,2.120660e+01,2.109539e+01,2.117881e+01,2.115796e+01,2.117186e+01,2.108148e+01,2.117881e+01,2.115101e+01,2.123439e+01,2.118576e+01,2.119271e+01,2.117881e+01,2.117881e+01,2.126217e+01,2.120660e+01,2.124828e+01,2.121355e+01,2.117186e+01,2.117881e+01,2.119271e+01,2.115101e+01,2.111625e+01,2.117881e+01,2.112320e+01,2.106756e+01,2.108843e+01,2.115101e+01,2.106756e+01,2.110234e+01,2.123439e+01,2.101885e+01,2.105365e+01,2.109539e+01,2.086562e+01,2.108843e+01,2.087259e+01,2.106061e+01,2.092833e+01,2.104669e+01,2.134545e+01,2.277153e+01,2.565245e+01,2.628938e+01,2.657344e+01,2.642820e+01,2.657344e+01,2.644141e+01,2.647444e+01,2.645462e+01,2.646783e+01,2.640178e+01,2.642160e+01,2.634890e+01,2.620998e+01,2.632245e+01,2.630261e+01,2.615701e+01,2.625631e+01,2.598467e+01,2.592495e+01,2.588511e+01,2.571233e+01,2.567241e+01,2.557923e+01,2.562583e+01,2.551261e+01,2.553260e+01,2.531251e+01,2.523905e+01,2.515216e+01,2.483072e+01,2.477034e+01,2.452174e+01,2.452174e+01,2.427254e+01,2.404979e+01,2.380623e+01,2.357569e+01,2.367068e+01,2.319484e+01,2.314031e+01,2.288094e+01,2.266201e+01,2.257294e+01,2.251808e+01,2.228463e+01,2.227776e+01,2.204376e+01,2.196793e+01,2.188516e+01,2.188516e+01,2.169866e+01,2.170557e+01,2.176086e+01,2.153260e+01,2.155337e+01,2.151875e+01,2.151182e+01,2.133158e+01,2.131770e+01,2.135239e+01,2.133158e+01,2.130382e+01,2.132464e+01,2.130382e+01,2.136626e+01,2.138013e+01,2.122050e+01,2.135933e+01,2.119966e+01,2.126217e+01,2.123439e+01,2.122050e+01,2.124133e+01,2.125522e+01,2.126911e+01,2.124133e+01,2.126217e+01,2.129688e+01,2.134545e+01,2.118576e+01,2.133158e+01,2.135933e+01,2.124133e+01,2.138707e+01,2.140787e+01,2.131770e+01,2.142867e+01,2.147025e+01,2.143560e+01,2.146332e+01,2.149104e+01,2.149796e+01,2.143560e+01,2.152567e+01,2.149104e+01,2.169175e+01,2.157414e+01,2.152567e+01,2.156721e+01,2.170557e+01,2.163642e+01,2.168483e+01,2.167100e+01,2.160182e+01,2.167792e+01,2.165025e+01,2.172631e+01,2.174704e+01,2.172631e+01,2.177468e+01,2.185065e+01,2.182303e+01,2.169866e+01,2.167792e+01,2.163642e+01,2.171940e+01,2.180922e+01,2.161566e+01,2.180922e+01,2.198862e+01,2.182993e+01,2.176086e+01,2.185755e+01,2.164334e+01,2.185065e+01,2.173322e+01,2.170557e+01,2.177468e+01,2.174013e+01,2.176777e+01,2.198172e+01,2.179540e+01,2.183684e+01,2.194035e+01,2.194725e+01,2.186445e+01,2.218835e+01,2.206442e+01,2.183684e+01,2.205065e+01,2.202308e+01,2.202997e+01,2.196104e+01,2.198172e+01,2.182303e+01,2.198862e+01,2.197483e+01,2.198862e+01,2.198172e+01,2.201619e+01,2.198862e+01,2.205065e+01,2.203687e+01,2.196104e+01,2.202997e+01,2.205065e+01,2.214017e+01,2.194725e+01,2.191965e+01,2.203687e+01,2.204376e+01,2.209198e+01,2.198862e+01,2.181612e+01,2.198862e+01,2.207820e+01,2.189896e+01,2.207820e+01,2.210575e+01,2.200241e+01,2.188516e+01,2.203687e+01,2.196104e+01,2.202997e+01,2.214706e+01,2.202308e+01,2.209886e+01,2.199551e+01,2.192655e+01,2.209198e+01,2.201619e+01,2.176777e+01,2.209198e+01,2.198172e+01,2.198172e+01,2.205065e+01,2.197483e+01,2.198862e+01,2.195414e+01,2.196104e+01,2.195414e+01,2.201619e+01,2.209886e+01,2.187825e+01,2.201619e+01,2.197483e+01,2.194725e+01,2.190586e+01,2.202997e+01,2.191276e+01,2.183684e+01,2.189896e+01,2.191276e+01,2.191276e+01,2.188516e+01,2.198172e+01,2.197483e+01,2.200241e+01,2.189206e+01,2.190586e+01,2.201619e+01,2.191965e+01,2.193345e+01,2.191965e+01,2.197483e+01,2.192655e+01,2.192655e+01,2.199551e+01,2.185755e+01,2.193345e+01,2.187135e+01,2.189206e+01,2.205754e+01,2.204376e+01,2.184374e+01,2.203687e+01,2.191276e+01,2.197483e+01,2.198862e+01,2.192655e+01,2.189896e+01
2.172631e+01,2.173322e+01,2.169175e+01,2.157414e+01,2.153260e+01,2.164334e+01,2.171940e+01,2.157414e+01,2.179540e+01,2.176777e+01,2.177468e+01,2.170557e+01,2.181612e+01,2.177468e+01,2.179540e+01,2.179540e+01,2.184374e+01,2.180231e+01,2.178159e+01,2.181612e+01,2.174013e+01,2.181612e+01,2.180231e+01,2.171248e+01,2.167100e+01,2.194035e+01,2.185065e+01,2.182303e+01,2.182993e+01,2.185755e+01,2.185065e+01,2.187135e+01,2.177468e+01,2.186445e+01,2.187825e+01,2.172631e+01,2.191276e+01,2.172631e+01,2.191276e+01,2.182993e+01,2.178159e+01,2.204376e+01,2.178159e+01,2.178159e+01,2.202997e+01,2.187135e+01,2.185755e+01,2.178159e+01,2.189206e+01,2.191965e+01,2.191276e+01,2.187135e+01,2.197483e+01,2.182993e+01,2.180922e+01,2.189206e+01,2.201619e+01,2.178159e+01,2.190586e+01,2.182993e+01,2.188516e+01,2.192655e+01,2.184374e+01,2.191965e+01,2.179540e+01,2.181612e+01,2.182993e+01,2.192655e+01,2.176777e+01,2.167792e+01,2.184374e+01,2.180231e+01,2.178850e+01,2.177468e+01,2.180922e+01,2.165717e+01,2.172631e+01,2.153260e+01,2.170557e+01,2.174704e+01,2.170557e+01,2.172631e+01,2.158106e+01,2.178850e+01,2.162258e+01,2.169866e+01,2.154645e+01,2.161566e+01,2.154645e+01,2.158106e+01,2.167792e+01,2.167792e+01,2.157414e+01,2.159490e+01,2.149796e+01,2.160874e+01,2.173322e+01,2.159490e+01,2.164334e+01,2.158798e+01,2.153952e+01,2.174013e+01,2.158106e+01,2.156721e+01,2.147718e+01,2.168483e+01,2.167100e+01,2.162950e+01,2.153952e+01,2.171248e+01,2.162950e+01,2.169175e+01,2.171940e+01,2.180922e+01,2.188516e+01,2.194035e+01,2.205754e+01,2.204376e+01,2.187135e+01,2.209886e+01,2.221587e+01,2.225026e+01,2.250437e+01,2.252494e+01,2.279206e+01,2.279889e+01,2.292194e+01,2.333782e+01,2.362319e+01,2.384687e+01,2.400924e+01,2.446118e+01,2.473677e+01,2.482401e+01,2.496477e+01,2.513210e+01,2.534589e+01,2.538593e+01,2.578546e+01,2.581869e+01,2.585191e+01,2.596476e+01,2.595149e+01,2.632245e+01,2.632245e+01,2.661301e+01,2.662620e+01,2.682383e+01,2.698824e+01,2.706050e+01,2.719832e+01,2.736871e+01,2.737525e+01,2.756497e+01,2.766949e+01,2.768908e+01,2.768255e+01,2.763684e+01,2.759764e+01,2.764337e+01,2.749305e+01,2.745380e+01,2.726389e+01,2.727044e+01,2.686989e+01,2.685673e+01,2.648764e+01,2.605761e+01,2.540594e+01,2.440732e+01,2.265516e+01,2.204376e+01,2.184374e+01,2.139400e+01,2.152567e+01,2.138013e+01,2.138707e+01,2.135239e+01,2.135239e+01,2.132464e+01,2.133158e+01,2.130382e+01,2.131076e+01,2.140094e+01,2.133851e+01,2.135239e+01,2.123439e+01,2.122744e+01,2.124133e+01,2.109539e+01,2.121355e+01,2.124828e+01,2.113711e+01,2.115796e+01,2.103973e+01,2.110929e+01,2.110929e+01,2.117881e+01,2.106061e+01,2.111625e+01,2.119271e+01,2.113711e+01,2.115101e+01,2.113711e+01,2.123439e+01,2.117881e+01,2.106756e+01,2.119271e+01,2.125522e+01,2.123439e+01,2.133158e+01,2.133851e+01,2.134545e+01,2.135933e+01,2.140787e+01,2.135239e+01,2.135239e+01,2.140787e+01,2.149796e+01,2.152567e+01,2.145639e+01,2.126911e+01,2.133158e+01,2.134545e+01,2.137320e+01,2.127605e+01,2.133851e+01,2.124828e+01,2.138707e+01,2.132464e+01,2.139400e+01,2.133851e+01,2.135933e+01,2.138707e+01,2.126217e+01,2.126911e+01,2.126217e+01,2.126217e+01,2.137320e+01,2.135239e+01,2.117881e+01,2.135239e+01,2.111625e+01,2.116491e+01,2.111625e+01,2.118576e+01,2.119271e+01,2.162258e+01,2.164334e+01,2.178850e+01,2.175395e+01,2.165025e+01,2.177468e+01,2.137320e+01,2.138707e+01,2.135239e+01,2.135933e+01,2.124133e+01,2.131770e+01,2.130382e+01,2.142867e+01,2.139400e+01,2.125522e+01,2.144253e+01,2.140094e+01,2.140787e+01,2.143560e+01,2.145639e+01,2.140787e+01,2.147718e+01,2.150489e+01,2.151182e+01,2.149796e+01,2.151875e+01,2.144946e+01,2.147718e+01,2.149796e+01,2.145639e+01,2.133851e+01,2.152567e+01,2.149796e+01,2.140094e+01,2.136626e+01,2.128299e+01,2.138013e+01,2.134545e+01,2.122744e+01,2.130382e+01,2.131770e+01,2.114406e+01,2.125522e+01,2.101885e+01,2.102581e+01,2.098405e+01,2.098405e+01,2.082378e+01,2.089350e+01,2.060737e+01,2.048850e+01,2.061436e+01,2.071215e+01,2.062135e+01,2.078891e+01,2.070517e+01,2.089350e+01,2.097012e+01,2.116491e+01,2.123439e+01,2.124133e+01,2.129688e+01,2.151182e+01,2.151875e+01,2.160874e+01,2.136626e+01,2.153260e+01,2.155337e+01,2.159490e+01,2.158106e+01,2.153952e+01,2.167100e+01,2.165717e+01,2.163642e+01,2.167100e+01,2.164334e+01,2.173322e+01,2.164334e+01,2.171940e+01,2.173322e+01,2.170557e+01,2.175395e+01,2.169866e+01,2.180231e+01,2.170557e+01,2.165025e+01,2.176777e+01,2.171248e+01,2.161566e+01,2.166409e+01,2.165717e+01,2.164334e+01,2.161566e+01,2.103277e+01,2.090047e+01,2.120660e+01,2.095619e+01,2.097012e+01,2.096316e+01,2.095619e+01,2.103277e+01,2.106756e+01,2.103973e+01,2.101189e+01,2.092137e+01,2.111625e+01,2.147025e+01,2.160182e+01,2.143560e+01,2.158106e+01,2.160182e+01,2.131076e+01,2.110929e+01,2.108843e+01,2.110234e+01,2.115796e+01,2.102581e+01,2.114406e+01,2.113711e+01,2.106756e+01,2.113711e+01,2.110234e+01,2.110929e+01,2.107452e+01,2.116491e+01,2.118576e+01,2.110929e+01,2.111625e+01,2.110929e+01,2.114406e+01,2.112320e+01,2.120660e+01,2.105365e+01,2.122050e+01,2.120660e+01,2.117881e+01,2.125522e+01,2.122050e+01,2.110234e+01,2.115101e+01,2.117186e+01,2.119271e+01,2.115101e+01,2.109539e+01,2.114406e+01,2.112320e+01,2.109539e+01,2.105365e+01,2.103973e+01,2.112320e+01,2.101189e+01,2.108148e+01,2.110929e+01,2.109539e+01,2.106756e+01,2.087956e+01,2.100493e+01,2.098405e+01,2.106756e+01,2.133158e+01,2.196104e+01,2.481730e+01,2.629600e+01,2.657344e+01,2.658003e+01,2.667894e+01,2.649424e+01,2.663939e+01,2.646783e+01,2.663939e+01,2.663939e+01,2.650084e+01,2.638195e+01,2.638195e+01,2.632245e+01,2.621660e+01,2.620998e+01,2.613713e+01,2.611726e+01,2.603772e+01,2.589839e+01,2.571233e+01,2.551927e+01,2.567241e+01,2.553926e+01,2.544595e+01,2.550595e+01,2.535924e+01,2.519895e+01,2.503843e+01,2.501165e+01,2.480388e+01,2.454864e+01,2.440732e+01,2.437364e+01,2.412409e+01,2.379946e+01,2.379269e+01,2.333782e+01,2.311986e+01,2.318121e+01,2.287410e+01,2.266201e+01,2.253866e+01,2.252494e+01,2.235335e+01,2.226401e+01,2.207820e+01,2.193345e+01,2.198862e+01,2.181612e+01,2.184374e+01,2.170557e+01,2.154645e+01,2.155337e+01,2.153260e+01,2.140787e+01,2.146332e+01,2.142174e+01,2.157414e+01,2.131770e+01,2.131770e+01,2.143560e+01,2.133851e+01,2.128993e+01,2.133158e+01,2.116491e+01,2.117881e+01,2.139400e+01,2.128993e+01,2.120660e+01,2.123439e+01,2.122744e+01,2.126911e+01,2.125522e+01,2.124828e+01,2.131770e+01,2.122050e+01,2.127605e+01,2.124828e+01,2.124133e+01,2.124828e+01,2.126217e+01,2.133851e+01,2.134545e+01,2.126911e+01,2.138013e+01,2.146332e+01,2.116491e+01,2.147718e+01,2.139400e+01,2.138707e+01,2.140787e+01,2.153260e+01,2.145639e+01,2.155337e+01,2.151875e+01,2.159490e+01,2.174704e+01,2.176086e+01,2.161566e+01,2.175395e+01,2.166409e+01,2.160874e+01,2.162258e+01,2.169866e+01,2.166409e+01,2.172631e+01,2.169866e+01,2.177468e+01,2.176777e+01,2.166409e+01,2.174704e+01,2.160874e+01,2.167100e+01,2.178159e+01,2.183684e+01,2.177468e+01,2.178159e+01,2.175395e+01,2.172631e+01,2.176086e+01,2.182993e+01,2.185755e+01,2.167792e+01,2.178159e+01,2.178850e+01,2.169866e+01,2.170557e+01,2.174704e+01,2.176086e+01,2.179540e+01,2.185065e+01,2.200930e+01,2.201619e+01,2.185755e+01,2.186445e+01,2.181612e+01,2.186445e+01,2.202308e+01,2.184374e+01,2.201619e+01,2.194035e+01,2.199551e+01,2.196793e+01,2.195414e+01,2.226401e+01,2.200241e+01,2.196793e+01,2.196104e+01,2.182993e+01,2.203687e+01,2.209198e+01,2.199551e+01,2.200930e+01,2.190586e+01,2.215394e+01,2.198172e+01,2.194725e+01,2.191276e+01,2.196104e+01,2.189896e+01,2.189206e+01,2.200241e+01,2.189896e+01,2.171940e+01,2.205065e+01,2.191276e+01,2.191276e+01,2.195414e+01,2.207131e+01,2.194725e+01,2.198172e+01,2.198862e+01,2.194725e+01,2.190586e+01,2.214017e+01,2.215394e+01,2.206442e+01,2.186445e+01,2.187825e+01,2.189206e+01,2.196104e+01,2.184374e+01,2.191965e+01,2.198862e+01,2.204376e+01,2.197483e+01,2.195414e+01,2.196793e+01,2.207131e+01,2.203687e+01,2.193345e+01,2.202997e+01,2.207820e+01,2.202997e+01,2.186445e+01,2.187825e+01,2.198172e+01,2.199551e+01,2.202997e+01,2.201619e+01,2.198862e+01,2.184374e+01,2.189896e+01,2.200241e+01,2.205065e+01,2.188516e+01,2.187825e+01,2.191276e+01,2.187825e+01,2.182993e+01,2.200241e+01,2.182993e+01,2.195414e+01,2.192655e+01,2.192655e+01,2.187135e+01,2.191276e+01,2.194725e+01,2.186445e+01,2.199551e+01,2.190586e+01,2.187825e+01,2.205065e+01,2.192655e+01,2.190586e+01,2.194725e+01,2.205065e+01,2.191276e+01,2.178159e+01,2.184374e+01
2.153952e+01,2.173322e+01,2.170557e+01,2.167792e+01,2.162950e+01,2.171248e+01,2.166409e+01,2.170557e+01,2.178159e+01,2.182303e+01,2.187135e+01,2.176086e+01,2.148411e+01,2.172631e+01,2.175395e+01,2.209886e+01,2.185065e+01,2.182303e+01,2.179540e+01,2.196104e+01,2.178850e+01,2.185755e+01,2.180231e+01,2.183684e+01,2.185065e+01,2.182993e+01,2.183684e+01,2.183684e+01,2.171940e+01,2.185755e+01,2.184374e+01,2.185755e+01,2.189206e+01,2.192655e+01,2.192655e+01,2.191965e+01,2.189896e+01,2.189206e+01,2.193345e+01,2.186445e+01,2.192655e+01,2.188516e+01,2.191965e+01,2.185755e+01,2.200930e+01,2.181612e+01,2.191965e+01,2.181612e+01,2.187135e+01,2.192655e+01,2.198862e+01,2.191965e+01,2.195414e+01,2.191965e+01,2.178159e+01,2.174013e+01,2.181612e+01,2.191276e+01,2.192655e+01,2.193345e+01,2.190586e+01,2.192655e+01,2.192655e+01,2.183684e+01,2.189206e+01,2.181612e+01,2.178850e+01,2.187825e+01,2.187825e+01,2.178159e+01,2.180231e+01,2.179540e+01,2.177468e+01,2.181612e+01,2.162950e+01,2.184374e+01,2.184374e+01,2.187135e+01,2.167100e+01,2.170557e+01,2.191965e+01,2.191276e+01,2.169175e+01,2.158106e+01,2.176777e+01,2.170557e+01,2.162258e+01,2.158106e+01,2.149796e+01,2.160182e+01,2.160182e+01,2.162258e+01,2.163642e+01,2.166409e+01,2.149796e+01,2.158798e+01,2.156721e+01,2.153952e+01,2.149104e+01,2.178159e+01,2.158106e+01,2.160182e+01,2.157414e+01,2.167100e+01,2.167792e+01,2.161566e+01,2.169866e+01,2.169866e+01,2.165717e+01,2.171940e+01,2.169866e+01,2.158798e+01,2.190586e+01,2.171940e+01,2.169175e+01,2.184374e+01,2.186445e+01,2.190586e+01,2.209886e+01,2.214706e+01,2.220899e+01,2.248379e+01,2.249751e+01,2.252494e+01,2.270994e+01,2.289461e+01,2.315395e+01,2.334462e+01,2.371814e+01,2.400924e+01,2.400924e+01,2.433995e+01,2.470321e+01,2.482401e+01,2.501834e+01,2.522569e+01,2.554592e+01,2.534589e+01,2.553260e+01,2.583862e+01,2.583862e+01,2.613713e+01,2.603772e+01,2.630261e+01,2.646123e+01,2.656684e+01,2.667235e+01,2.690936e+01,2.704080e+01,2.703423e+01,2.727699e+01,2.728355e+01,2.740144e+01,2.738835e+01,2.766949e+01,2.768908e+01,2.753228e+01,2.761071e+01,2.755189e+01,2.762378e+01,2.733596e+01,2.729665e+01,2.735561e+01,2.709990e+01,2.683041e+01,2.648764e+01,2.595813e+01,2.491787e+01,2.343303e+01,2.214706e+01,2.185755e+01,2.160182e+01,2.148411e+01,2.133158e+01,2.135239e+01,2.128299e+01,2.135933e+01,2.128993e+01,2.135239e+01,2.133851e+01,2.127605e+01,2.131770e+01,2.127605e+01,2.135933e+01,2.130382e+01,2.134545e+01,2.126217e+01,2.126217e+01,2.125522e+01,2.122050e+01,2.118576e+01,2.110234e+01,2.109539e+01,2.119966e+01,2.112320e+01,2.113015e+01,2.109539e+01,2.106756e+01,2.113015e+01,2.110929e+01,2.115796e+01,2.113015e+01,2.106061e+01,2.116491e+01,2.120660e+01,2.118576e+01,2.115796e+01,2.108843e+01,2.124828e+01,2.111625e+01,2.108843e+01,2.135933e+01,2.138013e+01,2.121355e+01,2.140094e+01,2.131076e+01,2.146332e+01,2.145639e+01,2.138013e+01,2.148411e+01,2.151182e+01,2.129688e+01,2.137320e+01,2.145639e+01,2.132464e+01,2.138707e+01,2.124133e+01,2.133851e+01,2.136626e+01,2.133158e+01,2.129688e+01,2.135933e+01,2.132464e+01,2.128299e+01,2.135933e+01,2.123439e+01,2.124828e+01,2.124828e+01,2.123439e+01,2.135933e+01,2.117881e+01,2.115101e+01,2.113015e+01,2.101885e+01,2.110234e+01,2.117881e+01,2.106756e+01,2.128993e+01,2.160874e+01,2.172631e+01,2.174704e+01,2.175395e+01,2.173322e+01,2.138707e+01,2.135933e+01,2.118576e+01,2.123439e+01,2.115796e+01,2.128993e+01,2.128299e+01,2.128993e+01,2.124828e+01,2.123439e+01,2.134545e+01,2.140094e+01,2.139400e+01,2.142174e+01,2.163642e+01,2.174013e+01,2.147025e+01,2.149796e+01,2.148411e+01,2.145639e+01,2.146332e+01,2.149104e+01,2.156721e+01,2.154645e+01,2.155337e+01,2.153952e+01,2.153260e+01,2.147025e+01,2.142174e+01,2.135933e+01,2.138013e+01,2.138013e+01,2.128993e+01,2.120660e+01,2.131076e+01,2.113711e+01,2.119966e+01,2.121355e+01,2.116491e+01,2.104669e+01,2.101189e+01,2.099101e+01,2.080984e+01,2.092833e+01,2.060737e+01,2.060737e+01,2.060737e+01,2.059340e+01,2.062834e+01,2.062135e+01,2.074705e+01,2.077496e+01,2.085168e+01,2.097709e+01,2.121355e+01,2.130382e+01,2.137320e+01,2.140094e+01,2.144253e+01,2.136626e+01,2.156721e+01,2.153260e+01,2.153260e+01,2.165717e+01,2.158798e+01,2.154645e+01,2.160182e+01,2.164334e+01,2.163642e+01,2.162258e+01,2.158106e+01,2.181612e+01,2.174013e+01,2.174704e+01,2.174704e+01,2.174013e+01,2.178850e+01,2.172631e+01,2.177468e+01,2.172631e+01,2.176777e+01,2.174704e+01,2.180231e+01,2.176777e+01,2.164334e+01,2.161566e+01,2.164334e+01,2.162258e+01,2.110929e+01,2.090047e+01,2.099101e+01,2.090743e+01,2.092137e+01,2.081681e+01,2.093530e+01,2.097012e+01,2.089350e+01,2.103973e+01,2.109539e+01,2.110234e+01,2.152567e+01,2.150489e+01,2.146332e+01,2.167792e+01,2.164334e+01,2.134545e+01,2.114406e+01,2.111625e+01,2.110234e+01,2.110234e+01,2.102581e+01,2.113015e+01,2.101885e+01,2.101189e+01,2.105365e+01,2.100493e+01,2.116491e+01,2.108843e+01,2.112320e+01,2.118576e+01,2.117881e+01,2.119966e+01,2.122050e+01,2.117881e+01,2.118576e+01,2.125522e+01,2.122050e+01,2.115796e+01,2.116491e+01,2.121355e+01,2.106756e+01,2.124133e+01,2.122744e+01,2.123439e+01,2.112320e+01,2.113015e+01,2.113015e+01,2.115101e+01,2.109539e+01,2.111625e+01,2.109539e+01,2.110234e+01,2.106756e+01,2.104669e+01,2.101885e+01,2.103277e+01,2.103973e+01,2.106756e+01,2.107452e+01,2.108148e+01,2.105365e+01,2.097012e+01,2.107452e+01,2.110929e+01,2.122050e+01,2.169866e+01,2.417810e+01,2.603109e+01,2.658003e+01,2.677117e+01,2.682383e+01,2.683041e+01,2.684357e+01,2.671847e+01,2.668553e+01,2.659323e+01,2.663280e+01,2.653385e+01,2.633568e+01,2.640838e+01,2.614376e+01,2.623645e+01,2.609738e+01,2.609076e+01,2.609738e+01,2.597140e+01,2.575223e+01,2.569903e+01,2.569237e+01,2.579211e+01,2.553926e+01,2.553260e+01,2.539927e+01,2.514547e+01,2.509196e+01,2.485084e+01,2.478376e+01,2.454192e+01,2.442752e+01,2.417810e+01,2.412409e+01,2.381301e+01,2.375881e+01,2.338544e+01,2.314713e+01,2.286727e+01,2.297657e+01,2.286727e+01,2.266201e+01,2.238082e+01,2.227088e+01,2.220899e+01,2.201619e+01,2.196104e+01,2.199551e+01,2.199551e+01,2.184374e+01,2.176086e+01,2.174013e+01,2.179540e+01,2.165717e+01,2.157414e+01,2.134545e+01,2.149104e+01,2.155337e+01,2.133851e+01,2.129688e+01,2.131770e+01,2.133158e+01,2.135933e+01,2.140787e+01,2.139400e+01,2.139400e+01,2.120660e+01,2.122050e+01,2.130382e+01,2.121355e+01,2.127605e+01,2.128299e+01,2.129688e+01,2.126217e+01,2.134545e+01,2.126217e+01,2.122744e+01,2.127605e+01,2.127605e+01,2.124133e+01,2.135239e+01,2.133851e+01,2.131770e+01,2.132464e+01,2.131770e+01,2.128993e+01,2.140094e+01,2.139400e+01,2.147718e+01,2.144253e+01,2.143560e+01,2.144946e+01,2.153952e+01,2.171248e+01,2.155337e+01,2.160874e+01,2.160874e+01,2.156721e+01,2.161566e+01,2.167100e+01,2.166409e+01,2.166409e+01,2.165025e+01,2.161566e+01,2.168483e+01,2.143560e+01,2.172631e+01,2.167100e+01,2.164334e+01,2.169866e+01,2.173322e+01,2.169866e+01,2.173322e+01,2.172631e+01,2.180231e+01,2.170557e+01,2.178850e+01,2.178159e+01,2.180922e+01,2.184374e+01,2.178159e+01,2.167792e+01,2.187135e+01,2.177468e+01,2.176086e+01,2.174013e+01,2.190586e+01,2.191965e+01,2.184374e+01,2.189896e+01,2.189896e+01,2.183684e+01,2.191965e+01,2.187135e+01,2.181612e+01,2.173322e+01,2.199551e+01,2.194035e+01,2.187135e+01,2.191276e+01,2.187135e+01,2.194725e+01,2.193345e+01,2.196793e+01,2.189896e+01,2.198172e+01,2.191965e+01,2.207131e+01,2.209886e+01,2.205065e+01,2.198172e+01,2.205754e+01,2.200930e+01,2.195414e+01,2.221587e+01,2.193345e+01,2.199551e+01,2.202997e+01,2.194725e+01,2.180231e+01,2.205754e+01,2.207820e+01,2.194725e+01,2.199551e+01,2.198172e+01,2.194035e+01,2.189206e+01,2.194725e+01,2.203687e+01,2.196793e+01,2.196104e+01,2.199551e+01,2.196104e+01,2.199551e+01,2.200930e+01,2.190586e+01,2.190586e+01,2.195414e+01,2.198172e+01,2.200241e+01,2.194035e+01,2.202308e+01,2.196793e+01,2.198172e+01,2.194035e+01,2.204376e+01,2.196104e+01,2.200241e+01,2.198862e+01,2.197483e+01,2.201619e+01,2.207131e+01,2.194725e+01,2.202997e+01,2.196793e+01,2.196793e+01,2.189896e+01,2.198862e+01,2.192655e+01,2.194035e+01,2.204376e+01,2.187825e+01,2.192655e+01,2.191276e+01,2.208509e+01,2.200241e+01,2.187825e+01,2.191965e+01,2.200930e+01,2.186445e+01,2.189206e+01,2.194725e+01,2.205754e+01,2.205754e+01,2.193345e+01,2.207131e+01,2.190586e+01,2.191276e+01,2.204376e+01,2.201619e+01,2.196104e+01,2.185755e+01,2.198172e+01,2.189896e+01,2.178850e+01,2.207820e+01,2.192655e+01,2.188516e+01,2.187135e+01,2.198862e+01
2.173322e+01,2.174013e+01,2.171248e+01,2.183684e+01,2.170557e+01,2.182303e+01,2.178850e+01,2.189896e+01,2.171248e+01,2.187135e+01,2.180231e+01,2.183684e+01,2.176086e+01,2.177468e+01,2.177468e+01,2.209886e+01,2.177468e+01,2.178159e+01,2.176777e+01,2.178159e+01,2.178850e+01,2.174013e+01,2.181612e+01,2.177468e+01,2.188516e+01,2.177468e+01,2.173322e+01,2.197483e+01,2.187825e+01,2.185065e+01,2.185755e+01,2.186445e+01,2.177468e+01,2.191276e+01,2.191965e+01,2.175395e+01,2.186445e+01,2.192655e+01,2.193345e+01,2.185065e+01,2.194035e+01,2.196793e+01,2.187825e+01,2.187825e+01,2.188516e+01,2.203687e+01,2.199551e+01,2.188516e+01,2.189206e+01,2.191965e+01,2.196104e+01,2.191965e+01,2.198862e+01,2.200930e+01,2.193345e+01,2.203687e+01,2.196104e+01,2.196793e+01,2.180922e+01,2.189896e+01,2.189206e+01,2.183684e+01,2.185755e+01,2.194035e+01,2.189896e+01,2.185755e+01,2.174013e+01,2.200241e+01,2.198862e+01,2.189896e+01,2.182303e+01,2.178850e+01,2.180231e+01,2.180231e+01,2.171248e+01,2.181612e+01,2.182303e+01,2.187825e+01,2.184374e+01,2.185755e+01,2.174013e+01,2.174013e+01,2.176086e+01,2.168483e+01,2.160182e+01,2.173322e+01,2.162950e+01,2.172631e+01,2.158798e+01,2.172631e+01,2.171248e+01,2.166409e+01,2.159490e+01,2.153952e+01,2.158106e+01,2.162950e+01,2.167792e+01,2.149796e+01,2.154645e+01,2.161566e+01,2.164334e+01,2.158106e+01,2.157414e+01,2.175395e+01,2.163642e+01,2.158798e+01,2.175395e+01,2.162258e+01,2.159490e+01,2.161566e+01,2.157414e+01,2.166409e+01,2.172631e+01,2.165717e+01,2.195414e+01,2.182993e+01,2.189206e+01,2.194725e+01,2.214706e+01,2.214706e+01,2.213329e+01,2.235335e+01,2.249065e+01,2.270994e+01,2.282625e+01,2.290827e+01,2.312668e+01,2.333101e+01,2.360283e+01,2.392808e+01,2.429277e+01,2.432647e+01,2.454864e+01,2.479718e+01,2.501165e+01,2.533921e+01,2.546596e+01,2.554592e+01,2.548595e+01,2.579211e+01,2.587183e+01,2.587847e+01,2.620336e+01,2.622322e+01,2.626954e+01,2.660642e+01,2.661301e+01,2.679750e+01,2.696195e+01,2.704080e+01,2.725733e+01,2.728355e+01,2.737525e+01,2.738180e+01,2.741453e+01,2.766949e+01,2.764337e+01,2.766296e+01,2.763031e+01,2.743417e+01,2.746034e+01,2.737525e+01,2.713272e+01,2.611726e+01,2.601120e+01,2.563249e+01,2.367068e+01,2.218835e+01,2.198862e+01,2.158106e+01,2.158106e+01,2.150489e+01,2.118576e+01,2.149104e+01,2.150489e+01,2.120660e+01,2.131076e+01,2.128993e+01,2.133158e+01,2.131076e+01,2.128993e+01,2.131770e+01,2.117186e+01,2.127605e+01,2.124828e+01,2.126217e+01,2.126217e+01,2.126217e+01,2.133158e+01,2.131770e+01,2.121355e+01,2.133158e+01,2.111625e+01,2.107452e+01,2.132464e+01,2.109539e+01,2.111625e+01,2.109539e+01,2.109539e+01,2.115101e+01,2.114406e+01,2.133851e+01,2.113711e+01,2.116491e+01,2.115101e+01,2.111625e+01,2.120660e+01,2.116491e+01,2.110929e+01,2.114406e+01,2.134545e+01,2.131076e+01,2.135933e+01,2.135933e+01,2.144946e+01,2.136626e+01,2.147718e+01,2.125522e+01,2.138707e+01,2.131770e+01,2.128299e+01,2.128299e+01,2.143560e+01,2.134545e+01,2.119966e+01,2.122744e+01,2.119966e+01,2.124828e+01,2.123439e+01,2.119966e+01,2.136626e+01,2.128299e+01,2.138707e+01,2.134545e+01,2.129688e+01,2.131770e+01,2.135239e+01,2.131770e+01,2.132464e+01,2.124828e+01,2.133158e+01,2.117881e+01,2.109539e+01,2.112320e+01,2.106756e+01,2.114406e+01,2.113015e+01,2.114406e+01,2.142174e+01,2.167100e+01,2.176086e+01,2.165025e+01,2.170557e+01,2.171940e+01,2.135933e+01,2.115796e+01,2.110929e+01,2.114406e+01,2.135239e+01,2.121355e+01,2.128299e+01,2.128299e+01,2.129688e+01,2.146332e+01,2.129688e+01,2.140787e+01,2.141480e+01,2.141480e+01,2.147025e+01,2.139400e+01,2.156721e+01,2.147718e+01,2.149104e+01,2.147718e+01,2.154645e+01,2.147025e+01,2.157414e+01,2.144253e+01,2.140094e+01,2.133851e+01,2.132464e+01,2.140787e+01,2.127605e+01,2.138707e+01,2.126217e+01,2.139400e+01,2.131770e+01,2.129688e+01,2.122744e+01,2.103973e+01,2.113015e+01,2.106061e+01,2.099797e+01,2.098405e+01,2.095619e+01,2.096316e+01,2.087956e+01,2.080286e+01,2.059340e+01,2.060737e+01,2.041851e+01,2.058641e+01,2.061436e+01,2.063532e+01,2.074705e+01,2.110929e+01,2.091440e+01,2.113015e+01,2.124133e+01,2.130382e+01,2.140787e+01,2.148411e+01,2.138707e+01,2.149796e+01,2.158798e+01,2.158106e+01,2.156029e+01,2.154645e+01,2.168483e+01,2.162950e+01,2.167792e+01,2.173322e+01,2.156721e+01,2.170557e+01,2.161566e+01,2.169866e+01,2.162258e+01,2.176086e+01,2.185065e+01,2.189206e+01,2.188516e+01,2.159490e+01,2.178850e+01,2.175395e+01,2.180922e+01,2.180231e+01,2.180231e+01,2.179540e+01,2.165717e+01,2.162950e+01,2.157414e+01,2.108148e+01,2.090047e+01,2.090743e+01,2.095619e+01,2.087259e+01,2.092137e+01,2.090047e+01,2.103277e+01,2.096316e+01,2.108843e+01,2.098405e+01,2.147025e+01,2.151875e+01,2.160182e+01,2.160182e+01,2.187135e+01,2.162258e+01,2.161566e+01,2.114406e+01,2.099101e+01,2.113711e+01,2.106756e+01,2.112320e+01,2.108148e+01,2.106061e+01,2.109539e+01,2.111625e+01,2.114406e+01,2.110929e+01,2.114406e+01,2.112320e+01,2.107452e+01,2.108148e+01,2.117881e+01,2.112320e+01,2.113015e+01,2.113711e+01,2.113711e+01,2.130382e+01,2.119271e+01,2.110929e+01,2.124133e+01,2.124133e+01,2.125522e+01,2.126911e+01,2.126911e+01,2.119271e+01,2.120660e+01,2.113711e+01,2.101885e+01,2.102581e+01,2.105365e+01,2.110234e+01,2.105365e+01,2.099101e+01,2.106756e+01,2.101885e+01,2.103973e+01,2.103973e+01,2.108148e+01,2.097709e+01,2.110929e+01,2.109539e+01,2.106756e+01,2.095619e+01,2.103973e+01,2.113015e+01,2.136626e+01,2.326295e+01,2.568572e+01,2.634229e+01,2.658663e+01,2.674482e+01,2.682383e+01,2.683699e+01,2.683041e+01,2.670530e+01,2.669212e+01,2.669212e+01,2.653385e+01,2.655364e+01,2.654705e+01,2.625631e+01,2.624307e+01,2.608413e+01,2.613713e+01,2.609738e+01,2.593158e+01,2.572563e+01,2.565245e+01,2.567241e+01,2.559254e+01,2.557923e+01,2.534589e+01,2.535924e+01,2.535256e+01,2.505182e+01,2.495807e+01,2.482401e+01,2.456209e+01,2.448137e+01,2.434669e+01,2.386041e+01,2.379269e+01,2.372492e+01,2.336503e+01,2.316076e+01,2.315395e+01,2.286043e+01,2.263461e+01,2.244261e+01,2.268255e+01,2.224338e+01,2.222275e+01,2.198862e+01,2.204376e+01,2.191276e+01,2.176777e+01,2.182993e+01,2.183684e+01,2.154645e+01,2.168483e+01,2.160182e+01,2.159490e+01,2.149104e+01,2.151875e+01,2.153260e+01,2.143560e+01,2.132464e+01,2.138013e+01,2.138707e+01,2.133158e+01,2.128993e+01,2.127605e+01,2.126217e+01,2.140787e+01,2.131770e+01,2.123439e+01,2.126217e+01,2.138707e+01,2.133158e+01,2.117186e+01,2.135239e+01,2.134545e+01,2.126911e+01,2.127605e+01,2.130382e+01,2.126217e+01,2.133851e+01,2.124828e+01,2.128993e+01,2.134545e+01,2.149796e+01,2.131770e+01,2.129688e+01,2.138013e+01,2.138707e+01,2.136626e+01,2.141480e+01,2.144946e+01,2.155337e+01,2.151182e+01,2.155337e+01,2.149796e+01,2.164334e+01,2.157414e+01,2.160182e+01,2.160874e+01,2.170557e+01,2.159490e+01,2.165025e+01,2.158106e+01,2.165717e+01,2.159490e+01,2.165025e+01,2.167100e+01,2.164334e+01,2.169175e+01,2.169866e+01,2.178850e+01,2.168483e+01,2.178159e+01,2.179540e+01,2.184374e+01,2.182303e+01,2.182993e+01,2.182303e+01,2.182993e+01,2.181612e+01,2.182303e+01,2.162950e+01,2.180922e+01,2.171940e+01,2.173322e+01,2.152567e+01,2.191276e+01,2.179540e+01,2.187135e+01,2.190586e+01,2.182303e+01,2.194725e+01,2.186445e+01,2.185065e+01,2.200930e+01,2.197483e+01,2.198862e+01,2.195414e+01,2.198862e+01,2.191276e+01,2.195414e+01,2.194035e+01,2.191276e+01,2.191965e+01,2.198862e+01,2.199551e+01,2.187135e+01,2.196793e+01,2.200241e+01,2.202308e+01,2.202308e+01,2.201619e+01,2.196104e+01,2.187135e+01,2.200241e+01,2.220899e+01,2.198862e+01,2.195414e+01,2.207820e+01,2.202308e+01,2.205754e+01,2.206442e+01,2.195414e+01,2.194725e+01,2.191276e+01,2.196793e+01,2.207131e+01,2.196793e+01,2.193345e+01,2.204376e+01,2.198172e+01,2.194725e+01,2.198862e+01,2.205065e+01,2.202308e+01,2.199551e+01,2.201619e+01,2.204376e+01,2.202308e+01,2.198172e+01,2.199551e+01,2.216082e+01,2.198862e+01,2.202308e+01,2.207131e+01,2.196104e+01,2.197483e+01,2.194035e+01,2.192655e+01,2.199551e+01,2.207131e+01,2.191965e+01,2.207820e+01,2.196793e+01,2.209198e+01,2.196104e+01,2.200241e+01,2.198172e+01,2.214706e+01,2.198172e+01,2.195414e+01,2.194035e+01,2.185755e+01,2.191276e+01,2.205754e+01,2.201619e+01,2.194725e+01,2.189896e+01,2.201619e+01,2.195414e+01,2.200241e+01,2.198172e+01,2.199551e+01,2.191276e+01,2.181612e+01,2.194725e+01,2.199551e+01,2.195414e+01,2.198862e+01,2.189206e+01,2.196104e+01,2.191276e+01,2.198862e+01,2.189896e+01,2.193345e+01,2.209198e+01,2.178159e+01,2.181612e+01,2.180231e+01,2.198172e+01
2.173322e+01,2.161566e+01,2.178159e+01,2.178159e+01,2.167100e+01,2.176777e+01,2.172631e+01,2.164334e+01,2.189206e+01,2.189896e+01,2.183684e+01,2.183684e+01,2.178159e+01,2.178850e+01,2.180922e+01,2.176777e+01,2.178159e+01,2.176777e+01,2.178850e+01,2.181612e+01,2.179540e+01,2.177468e+01,2.178159e+01,2.181612e+01,2.183684e+01,2.194035e+01,2.197483e+01,2.182993e+01,2.182993e+01,2.192655e+01,2.187825e+01,2.189896e+01,2.185065e+01,2.191965e+01,2.186445e+01,2.193345e+01,2.189206e+01,2.194725e+01,2.187825e+01,2.194035e+01,2.180231e+01,2.187825e+01,2.188516e+01,2.193345e+01,2.205754e+01,2.190586e+01,2.197483e+01,2.191276e+01,2.199551e+01,2.195414e+01,2.193345e+01,2.192655e+01,2.177468e+01,2.201619e+01,2.179540e+01,2.189896e+01,2.189896e+01,2.186445e+01,2.198862e+01,2.191965e+01,2.185755e+01,2.193345e+01,2.192655e+01,2.186445e+01,2.198172e+01,2.185755e+01,2.190586e+01,2.197483e+01,2.184374e+01,2.189206e+01,2.189896e+01,2.184374e+01,2.186445e+01,2.196793e+01,2.185065e+01,2.182993e+01,2.177468e+01,2.175395e+01,2.171940e+01,2.180231e+01,2.179540e+01,2.171940e+01,2.175395e+01,2.176086e+01,2.171248e+01,2.174013e+01,2.173322e+01,2.174704e+01,2.160182e+01,2.156721e+01,2.173322e+01,2.167100e+01,2.163642e+01,2.149796e+01,2.167100e+01,2.161566e+01,2.174704e+01,2.156029e+01,2.165025e+01,2.160874e+01,2.163642e+01,2.158798e+01,2.159490e+01,2.155337e+01,2.168483e+01,2.163642e+01,2.168483e+01,2.165717e+01,2.165717e+01,2.171940e+01,2.158106e+01,2.167792e+01,2.158798e+01,2.165025e+01,2.176777e+01,2.189206e+01,2.194725e+01,2.202308e+01,2.213329e+01,2.214017e+01,2.217459e+01,2.237395e+01,2.251122e+01,2.268255e+01,2.291510e+01,2.288094e+01,2.320846e+01,2.319484e+01,2.360283e+01,2.400247e+01,2.414435e+01,2.431973e+01,2.462931e+01,2.485084e+01,2.502504e+01,2.525909e+01,2.529248e+01,2.548595e+01,2.550595e+01,2.585855e+01,2.584526e+01,2.597803e+01,2.622983e+01,2.632245e+01,2.634229e+01,2.656684e+01,2.659982e+01,2.681725e+01,2.685015e+01,2.698824e+01,2.710646e+01,2.725078e+01,2.730321e+01,2.747342e+01,2.753228e+01,2.746034e+01,2.756497e+01,2.754536e+01,2.761724e+01,2.733596e+01,2.721144e+01,2.712615e+01,2.682383e+01,2.605099e+01,2.394838e+01,2.257979e+01,2.220211e+01,2.174013e+01,2.157414e+01,2.144946e+01,2.129688e+01,2.140787e+01,2.131076e+01,2.143560e+01,2.131076e+01,2.138013e+01,2.124133e+01,2.132464e+01,2.138013e+01,2.119966e+01,2.132464e+01,2.110234e+01,2.120660e+01,2.124133e+01,2.123439e+01,2.124133e+01,2.124133e+01,2.125522e+01,2.127605e+01,2.124133e+01,2.128993e+01,2.118576e+01,2.121355e+01,2.127605e+01,2.113015e+01,2.133158e+01,2.106756e+01,2.124133e+01,2.119966e+01,2.121355e+01,2.110929e+01,2.113711e+01,2.127605e+01,2.119966e+01,2.131770e+01,2.117881e+01,2.110929e+01,2.120660e+01,2.110234e+01,2.116491e+01,2.112320e+01,2.133158e+01,2.133851e+01,2.138707e+01,2.141480e+01,2.143560e+01,2.141480e+01,2.147718e+01,2.144946e+01,2.137320e+01,2.131770e+01,2.125522e+01,2.126217e+01,2.142174e+01,2.126911e+01,2.131076e+01,2.122744e+01,2.118576e+01,2.122050e+01,2.131770e+01,2.132464e+01,2.131770e+01,2.122744e+01,2.115101e+01,2.128993e+01,2.128993e+01,2.124133e+01,2.128299e+01,2.132464e+01,2.135239e+01,2.124828e+01,2.104669e+01,2.103973e+01,2.114406e+01,2.112320e+01,2.108843e+01,2.101189e+01,2.106756e+01,2.129688e+01,2.158106e+01,2.174704e+01,2.174013e+01,2.169866e+01,2.173322e+01,2.134545e+01,2.115101e+01,2.110929e+01,2.113711e+01,2.119271e+01,2.127605e+01,2.116491e+01,2.131770e+01,2.133851e+01,2.126217e+01,2.138707e+01,2.130382e+01,2.138707e+01,2.136626e+01,2.156721e+01,2.140787e+01,2.135239e+01,2.145639e+01,2.145639e+01,2.135933e+01,2.151182e+01,2.143560e+01,2.148411e+01,2.153952e+01,2.153952e+01,2.136626e+01,2.142174e+01,2.152567e+01,2.144946e+01,2.136626e+01,2.142174e+01,2.139400e+01,2.119271e+01,2.122050e+01,2.106756e+01,2.117186e+01,2.098405e+01,2.117881e+01,2.099797e+01,2.099101e+01,2.097012e+01,2.095619e+01,2.097012e+01,2.082378e+01,2.072611e+01,2.064231e+01,2.056544e+01,2.058641e+01,2.058641e+01,2.074705e+01,2.076798e+01,2.084470e+01,2.101885e+01,2.101189e+01,2.132464e+01,2.134545e+01,2.139400e+01,2.132464e+01,2.146332e+01,2.146332e+01,2.145639e+01,2.162950e+01,2.167792e+01,2.162258e+01,2.169866e+01,2.160182e+01,2.169866e+01,2.173322e+01,2.178850e+01,2.156721e+01,2.167100e+01,2.167100e+01,2.182303e+01,2.182993e+01,2.167792e+01,2.176777e+01,2.174013e+01,2.182993e+01,2.174013e+01,2.176777e+01,2.171248e+01,2.178159e+01,2.180231e+01,2.171940e+01,2.169175e+01,2.173322e+01,2.152567e+01,2.111625e+01,2.092137e+01,2.094923e+01,2.090743e+01,2.090047e+01,2.094226e+01,2.085168e+01,2.098405e+01,2.103973e+01,2.110234e+01,2.146332e+01,2.174013e+01,2.167792e+01,2.183684e+01,2.171248e+01,2.170557e+01,2.162258e+01,2.161566e+01,2.095619e+01,2.116491e+01,2.109539e+01,2.103277e+01,2.109539e+01,2.095619e+01,2.111625e+01,2.108148e+01,2.112320e+01,2.110234e+01,2.107452e+01,2.111625e+01,2.105365e+01,2.110929e+01,2.106756e+01,2.100493e+01,2.119271e+01,2.121355e+01,2.111625e+01,2.119271e+01,2.114406e+01,2.116491e+01,2.118576e+01,2.126911e+01,2.122050e+01,2.126217e+01,2.124828e+01,2.126911e+01,2.122744e+01,2.124133e+01,2.117881e+01,2.108843e+01,2.106061e+01,2.108843e+01,2.107452e+01,2.110929e+01,2.115796e+01,2.093530e+01,2.103277e+01,2.099101e+01,2.105365e+01,2.100493e+01,2.108843e+01,2.106756e+01,2.097012e+01,2.097709e+01,2.101885e+01,2.103973e+01,2.111625e+01,2.150489e+01,2.229838e+01,2.483072e+01,2.603772e+01,2.655364e+01,2.682383e+01,2.676458e+01,2.683699e+01,2.683699e+01,2.677775e+01,2.668553e+01,2.659323e+01,2.654045e+01,2.659323e+01,2.638195e+01,2.624307e+01,2.620336e+01,2.622322e+01,2.611726e+01,2.595813e+01,2.586519e+01,2.593822e+01,2.576552e+01,2.565245e+01,2.556591e+01,2.549928e+01,2.556591e+01,2.533921e+01,2.509865e+01,2.502504e+01,2.491117e+01,2.482401e+01,2.459571e+01,2.445445e+01,2.444098e+01,2.400924e+01,2.379946e+01,2.370458e+01,2.341944e+01,2.318802e+01,2.315395e+01,2.286727e+01,2.265516e+01,2.266886e+01,2.240142e+01,2.239456e+01,2.227776e+01,2.223650e+01,2.199551e+01,2.197483e+01,2.196793e+01,2.184374e+01,2.183684e+01,2.166409e+01,2.162950e+01,2.158798e+01,2.144946e+01,2.157414e+01,2.140787e+01,2.134545e+01,2.133158e+01,2.135933e+01,2.131076e+01,2.129688e+01,2.131076e+01,2.135239e+01,2.128993e+01,2.133158e+01,2.142174e+01,2.126217e+01,2.127605e+01,2.128299e+01,2.131770e+01,2.137320e+01,2.131770e+01,2.127605e+01,2.132464e+01,2.124133e+01,2.126911e+01,2.133851e+01,2.131770e+01,2.131770e+01,2.133851e+01,2.133158e+01,2.119271e+01,2.122744e+01,2.137320e+01,2.138707e+01,2.145639e+01,2.129688e+01,2.138707e+01,2.153952e+01,2.153260e+01,2.153952e+01,2.149796e+01,2.153260e+01,2.155337e+01,2.158106e+01,2.160874e+01,2.161566e+01,2.162258e+01,2.174013e+01,2.162258e+01,2.159490e+01,2.136626e+01,2.178159e+01,2.162950e+01,2.163642e+01,2.167792e+01,2.175395e+01,2.168483e+01,2.177468e+01,2.178159e+01,2.168483e+01,2.180231e+01,2.170557e+01,2.184374e+01,2.184374e+01,2.171940e+01,2.176777e+01,2.187825e+01,2.180922e+01,2.183684e+01,2.178850e+01,2.185755e+01,2.169866e+01,2.173322e+01,2.174704e+01,2.172631e+01,2.174704e+01,2.194725e+01,2.190586e+01,2.185065e+01,2.192655e+01,2.184374e+01,2.191276e+01,2.213329e+01,2.196104e+01,2.189206e+01,2.192655e+01,2.198172e+01,2.200241e+01,2.204376e+01,2.190586e+01,2.193345e+01,2.203687e+01,2.187825e+01,2.199551e+01,2.214017e+01,2.202308e+01,2.202308e+01,2.202308e+01,2.192655e+01,2.201619e+01,2.196793e+01,2.201619e+01,2.200241e+01,2.196104e+01,2.198862e+01,2.207820e+01,2.196793e+01,2.206442e+01,2.206442e+01,2.204376e+01,2.209886e+01,2.198172e+01,2.214706e+01,2.191276e+01,2.205754e+01,2.185755e+01,2.197483e+01,2.199551e+01,2.194725e+01,2.200930e+01,2.205065e+01,2.193345e+01,2.195414e+01,2.198862e+01,2.204376e+01,2.209886e+01,2.206442e+01,2.197483e+01,2.193345e+01,2.191276e+01,2.197483e+01,2.191276e+01,2.216771e+01,2.205065e+01,2.218147e+01,2.217459e+01,2.208509e+01,2.202997e+01,2.189206e+01,2.190586e+01,2.203687e+01,2.189896e+01,2.200930e+01,2.200241e+01,2.201619e+01,2.197483e+01,2.201619e+01,2.198172e+01,2.205065e+01,2.192655e+01,2.204376e+01,2.200241e+01,2.196793e+01,2.206442e+01,2.204376e+01,2.202308e+01,2.191965e+01,2.200241e+01,2.194035e+01,2.197483e+01,2.191276e+01,2.193345e+01,2.209886e+01,2.207131e+01,2.189896e+01,2.196793e+01,2.196793e+01,2.199551e+01,2.198862e+01,2.210575e+01,2.200241e+01,2.179540e+01,2.195414e+01,2.211952e+01,2.186445e+01,2.192655e+01,2.185755e+01,2.198172e+01
2.156721e+01,2.184374e+01,2.171940e+01,2.168483e+01,2.175395e+01,2.169866e+01,2.156029e+01,2.155337e+01,2.171940e+01,2.174013e+01,2.178159e+01,2.166409e+01,2.180922e+01,2.178159e+01,2.180231e+01,2.180922e+01,2.179540e+01,2.180231e+01,2.177468e+01,2.176777e+01,2.175395e+01,2.174704e+01,2.179540e+01,2.188516e+01,2.196104e+01,2.196793e+01,2.182303e+01,2.174704e+01,2.176086e+01,2.182303e+01,2.190586e+01,2.184374e+01,2.176777e+01,2.183684e+01,2.181612e+01,2.198862e+01,2.198172e+01,2.183684e+01,2.189896e+01,2.199551e+01,2.187135e+01,2.199551e+01,2.196104e+01,2.190586e+01,2.189896e+01,2.193345e+01,2.190586e+01,2.202997e+01,2.194035e+01,2.196104e+01,2.187825e+01,2.196104e+01,2.200241e+01,2.202308e+01,2.192655e+01,2.190586e+01,2.205065e+01,2.182993e+01,2.190586e+01,2.192655e+01,2.207131e+01,2.193345e+01,2.191276e+01,2.181612e+01,2.191276e+01,2.191965e+01,2.192655e+01,2.187135e+01,2.202997e+01,2.190586e+01,2.186445e+01,2.190586e+01,2.181612e+01,2.182303e+01,2.184374e+01,2.180231e+01,2.176777e+01,2.174013e+01,2.187135e+01,2.181612e+01,2.171940e+01,2.173322e+01,2.176777e+01,2.172631e+01,2.165025e+01,2.175395e+01,2.174704e+01,2.176086e+01,2.151875e+01,2.162950e+01,2.166409e+01,2.162950e+01,2.156721e+01,2.151182e+01,2.161566e+01,2.151875e+01,2.150489e+01,2.164334e+01,2.159490e+01,2.162950e+01,2.159490e+01,2.151875e+01,2.148411e+01,2.153952e+01,2.158106e+01,2.148411e+01,2.162950e+01,2.166409e+01,2.162950e+01,2.165717e+01,2.157414e+01,2.160182e+01,2.174704e+01,2.173322e+01,2.170557e+01,2.179540e+01,2.187825e+01,2.200241e+01,2.209198e+01,2.217459e+01,2.216771e+01,2.218147e+01,2.241516e+01,2.243575e+01,2.279206e+01,2.286043e+01,2.311986e+01,2.343303e+01,2.385364e+01,2.396867e+01,2.406330e+01,2.429951e+01,2.471663e+01,2.472335e+01,2.481730e+01,2.501165e+01,2.544595e+01,2.551261e+01,2.547929e+01,2.573893e+01,2.568572e+01,2.613713e+01,2.600457e+01,2.606424e+01,2.633568e+01,2.659323e+01,2.659323e+01,2.687647e+01,2.688305e+01,2.688963e+01,2.727699e+01,2.721799e+01,2.731631e+01,2.731631e+01,2.748651e+01,2.757804e+01,2.757804e+01,2.737525e+01,2.730976e+01,2.719832e+01,2.709333e+01,2.667894e+01,2.541928e+01,2.335823e+01,2.231212e+01,2.172631e+01,2.172631e+01,2.131770e+01,2.149104e+01,2.128299e+01,2.122744e+01,2.118576e+01,2.113015e+01,2.118576e+01,2.124828e+01,2.113711e+01,2.130382e+01,2.110234e+01,2.123439e+01,2.127605e+01,2.124133e+01,2.126217e+01,2.122744e+01,2.106061e+01,2.123439e+01,2.123439e+01,2.126217e+01,2.128993e+01,2.116491e+01,2.119271e+01,2.126911e+01,2.115101e+01,2.114406e+01,2.117186e+01,2.109539e+01,2.106061e+01,2.118576e+01,2.106756e+01,2.119966e+01,2.108148e+01,2.111625e+01,2.115796e+01,2.111625e+01,2.108843e+01,2.110234e+01,2.083773e+01,2.108148e+01,2.111625e+01,2.113015e+01,2.108148e+01,2.115101e+01,2.113015e+01,2.126217e+01,2.138013e+01,2.138013e+01,2.140094e+01,2.144253e+01,2.140787e+01,2.111625e+01,2.141480e+01,2.135239e+01,2.128299e+01,2.142867e+01,2.119966e+01,2.117186e+01,2.115101e+01,2.121355e+01,2.119966e+01,2.119271e+01,2.121355e+01,2.120660e+01,2.123439e+01,2.121355e+01,2.126217e+01,2.116491e+01,2.115101e+01,2.122050e+01,2.129688e+01,2.126911e+01,2.115101e+01,2.117881e+01,2.117186e+01,2.109539e+01,2.114406e+01,2.106756e+01,2.107452e+01,2.101189e+01,2.111625e+01,2.104669e+01,2.138707e+01,2.175395e+01,2.163642e+01,2.174704e+01,2.163642e+01,2.149104e+01,2.110929e+01,2.106061e+01,2.113015e+01,2.099101e+01,2.114406e+01,2.128993e+01,2.119966e+01,2.126217e+01,2.130382e+01,2.116491e+01,2.135933e+01,2.138013e+01,2.148411e+01,2.142867e+01,2.141480e+01,2.138013e+01,2.135239e+01,2.147718e+01,2.147025e+01,2.148411e+01,2.145639e+01,2.144946e+01,2.128993e+01,2.147025e+01,2.140787e+01,2.136626e+01,2.138013e+01,2.138707e+01,2.148411e+01,2.126911e+01,2.127605e+01,2.126911e+01,2.121355e+01,2.105365e+01,2.111625e+01,2.118576e+01,2.097012e+01,2.091440e+01,2.099101e+01,2.082378e+01,2.084470e+01,2.082378e+01,2.069120e+01,2.067723e+01,2.053047e+01,2.060039e+01,2.055145e+01,2.070517e+01,2.070517e+01,2.067025e+01,2.076798e+01,2.084470e+01,2.115796e+01,2.127605e+01,2.132464e+01,2.147025e+01,2.138707e+01,2.148411e+01,2.148411e+01,2.160874e+01,2.148411e+01,2.142174e+01,2.151875e+01,2.158798e+01,2.154645e+01,2.171248e+01,2.156721e+01,2.175395e+01,2.170557e+01,2.176777e+01,2.170557e+01,2.169866e+01,2.177468e+01,2.176777e+01,2.174704e+01,2.176086e+01,2.177468e+01,2.173322e+01,2.175395e+01,2.178159e+01,2.178850e+01,2.174013e+01,2.160182e+01,2.175395e+01,2.177468e+01,2.161566e+01,2.142867e+01,2.093530e+01,2.090743e+01,2.090743e+01,2.090047e+01,2.090743e+01,2.093530e+01,2.107452e+01,2.133851e+01,2.164334e+01,2.153952e+01,2.171248e+01,2.156029e+01,2.168483e+01,2.175395e+01,2.164334e+01,2.158798e+01,2.161566e+01,2.101189e+01,2.107452e+01,2.092833e+01,2.093530e+01,2.103973e+01,2.106756e+01,2.111625e+01,2.094923e+01,2.101885e+01,2.115101e+01,2.113015e+01,2.105365e+01,2.102581e+01,2.104669e+01,2.098405e+01,2.098405e+01,2.096316e+01,2.107452e+01,2.108843e+01,2.113015e+01,2.120660e+01,2.113711e+01,2.120660e+01,2.124133e+01,2.111625e+01,2.115101e+01,2.120660e+01,2.111625e+01,2.110234e+01,2.125522e+01,2.121355e+01,2.108843e+01,2.110234e+01,2.108843e+01,2.108843e+01,2.097709e+01,2.100493e+01,2.115796e+01,2.116491e+01,2.094226e+01,2.099797e+01,2.110929e+01,2.106061e+01,2.092833e+01,2.107452e+01,2.101885e+01,2.094226e+01,2.093530e+01,2.107452e+01,2.121355e+01,2.178159e+01,2.438711e+01,2.578546e+01,2.624969e+01,2.669871e+01,2.672506e+01,2.681725e+01,2.667894e+01,2.671189e+01,2.652725e+01,2.661301e+01,2.667235e+01,2.660642e+01,2.645462e+01,2.625631e+01,2.620336e+01,2.607750e+01,2.595149e+01,2.594486e+01,2.592495e+01,2.589839e+01,2.567241e+01,2.569237e+01,2.556591e+01,2.553926e+01,2.532586e+01,2.531919e+01,2.506520e+01,2.500495e+01,2.481059e+01,2.474349e+01,2.458226e+01,2.411059e+01,2.401600e+01,2.398219e+01,2.373848e+01,2.369102e+01,2.351457e+01,2.329018e+01,2.303118e+01,2.287410e+01,2.271679e+01,2.257979e+01,2.240829e+01,2.241516e+01,2.225713e+01,2.204376e+01,2.199551e+01,2.188516e+01,2.200930e+01,2.186445e+01,2.184374e+01,2.158106e+01,2.157414e+01,2.155337e+01,2.160182e+01,2.156029e+01,2.139400e+01,2.142867e+01,2.143560e+01,2.141480e+01,2.134545e+01,2.122744e+01,2.128993e+01,2.126911e+01,2.126217e+01,2.126217e+01,2.142174e+01,2.118576e+01,2.128299e+01,2.138013e+01,2.119271e+01,2.139400e+01,2.131076e+01,2.133158e+01,2.124828e+01,2.130382e+01,2.124133e+01,2.113711e+01,2.124133e+01,2.126911e+01,2.126911e+01,2.134545e+01,2.126217e+01,2.123439e+01,2.137320e+01,2.134545e+01,2.135239e+01,2.131076e+01,2.140787e+01,2.149796e+01,2.141480e+01,2.157414e+01,2.153952e+01,2.153260e+01,2.156029e+01,2.160874e+01,2.158798e+01,2.145639e+01,2.165025e+01,2.167792e+01,2.164334e+01,2.162258e+01,2.135239e+01,2.164334e+01,2.162258e+01,2.171248e+01,2.178159e+01,2.169175e+01,2.171248e+01,2.162950e+01,2.163642e+01,2.172631e+01,2.169175e+01,2.164334e+01,2.175395e+01,2.182993e+01,2.170557e+01,2.182303e+01,2.173322e+01,2.176777e+01,2.182303e+01,2.171248e+01,2.142867e+01,2.181612e+01,2.194035e+01,2.189206e+01,2.180922e+01,2.178850e+01,2.194035e+01,2.181612e+01,2.197483e+01,2.185755e+01,2.178159e+01,2.191965e+01,2.192655e+01,2.185065e+01,2.191965e+01,2.187825e+01,2.194725e+01,2.195414e+01,2.188516e+01,2.189206e+01,2.191276e+01,2.190586e+01,2.190586e+01,2.208509e+01,2.194725e+01,2.195414e+01,2.190586e+01,2.202308e+01,2.198862e+01,2.191965e+01,2.192655e+01,2.188516e+01,2.200241e+01,2.198172e+01,2.195414e+01,2.207820e+01,2.203687e+01,2.204376e+01,2.207131e+01,2.200241e+01,2.202308e+01,2.200241e+01,2.203687e+01,2.203687e+01,2.199551e+01,2.205754e+01,2.212641e+01,2.201619e+01,2.192655e+01,2.202997e+01,2.202997e+01,2.202308e+01,2.200930e+01,2.212641e+01,2.204376e+01,2.211263e+01,2.198862e+01,2.197483e+01,2.199551e+01,2.199551e+01,2.188516e+01,2.200930e+01,2.200241e+01,2.207131e+01,2.192655e+01,2.207820e+01,2.194035e+01,2.189206e+01,2.189896e+01,2.207131e+01,2.189896e+01,2.194035e+01,2.205754e+01,2.209198e+01,2.194725e+01,2.191965e+01,2.184374e+01,2.203687e+01,2.198862e+01,2.180922e+01,2.208509e+01,2.195414e+01,2.191965e+01,2.189896e+01,2.207820e+01,2.205065e+01,2.187135e+01,2.185065e+01,2.180922e+01,2.185755e+01,2.187825e+01,2.184374e+01,2.216082e+01,2.184374e+01,2.182993e+01,2.201619e+01,2.202308e+01,2.187135e+01,2.196793e+01,2.189206e+01,2.194725e+01,2.185755e+01,2.206442e+01,2.199551e+01,2.196104e+01,2.192655e+01,2.197483e+01,2.189206e+01
2.161566e+01,2.165025e+01,2.171940e+01,2.196104e+01,2.177468e+01,2.171940e+01,2.174704e+01,2.170557e+01,2.176086e+01,2.178850e+01,2.182993e+01,2.178850e+01,2.178159e+01,2.175395e+01,2.180922e+01,2.178850e+01,2.176086e+01,2.177468e+01,2.185065e+01,2.175395e+01,2.180231e+01,2.176086e+01,2.189896e+01,2.180922e+01,2.177468e+01,2.182303e+01,2.184374e+01,2.193345e+01,2.180922e+01,2.175395e+01,2.177468e+01,2.191276e+01,2.193345e+01,2.179540e+01,2.189206e+01,2.183684e+01,2.176086e+01,2.182303e+01,2.184374e+01,2.185755e+01,2.187825e+01,2.187135e+01,2.187135e+01,2.192655e+01,2.210575e+01,2.193345e+01,2.202308e+01,2.186445e+01,2.194035e+01,2.197483e+01,2.198172e+01,2.200241e+01,2.192655e+01,2.201619e+01,2.196104e+01,2.192655e+01,2.188516e+01,2.192655e+01,2.205065e+01,2.184374e+01,2.185755e+01,2.191276e+01,2.191276e+01,2.182993e+01,2.182993e+01,2.185755e+01,2.194035e+01,2.194725e+01,2.193345e+01,2.198172e+01,2.187825e+01,2.189206e+01,2.191965e+01,2.193345e+01,2.194725e+01,2.181612e+01,2.179540e+01,2.180922e+01,2.182303e+01,2.176086e+01,2.178159e+01,2.160874e+01,2.175395e+01,2.159490e+01,2.174013e+01,2.164334e+01,2.173322e+01,2.167792e+01,2.167792e+01,2.162258e+01,2.153952e+01,2.149796e+01,2.159490e+01,2.172631e+01,2.155337e+01,2.169175e+01,2.156029e+01,2.160874e+01,2.163642e+01,2.160874e+01,2.159490e+01,2.160874e+01,2.151875e+01,2.158106e+01,2.163642e+01,2.166409e+01,2.167792e+01,2.165025e+01,2.162950e+01,2.159490e+01,2.163642e+01,2.174704e+01,2.183684e+01,2.172631e+01,2.181612e+01,2.196104e+01,2.187825e+01,2.188516e+01,2.205065e+01,2.213329e+01,2.217459e+01,2.219523e+01,2.244261e+01,2.263461e+01,2.279206e+01,2.306530e+01,2.316758e+01,2.356890e+01,2.362319e+01,2.394161e+01,2.411734e+01,2.425231e+01,2.460243e+01,2.470321e+01,2.501165e+01,2.518559e+01,2.510534e+01,2.550595e+01,2.547262e+01,2.565245e+01,2.571898e+01,2.601783e+01,2.598467e+01,2.626292e+01,2.634229e+01,2.656684e+01,2.635551e+01,2.669212e+01,2.675141e+01,2.694881e+01,2.698167e+01,2.714584e+01,2.736871e+01,2.725078e+01,2.732286e+01,2.747997e+01,2.750613e+01,2.723767e+01,2.725733e+01,2.666576e+01,2.581869e+01,2.429277e+01,2.255237e+01,2.199551e+01,2.174013e+01,2.143560e+01,2.144946e+01,2.143560e+01,2.128993e+01,2.126911e+01,2.124133e+01,2.123439e+01,2.108148e+01,2.126217e+01,2.115101e+01,2.121355e+01,2.118576e+01,2.124133e+01,2.126911e+01,2.106756e+01,2.124828e+01,2.115101e+01,2.123439e+01,2.119966e+01,2.117881e+01,2.117881e+01,2.122050e+01,2.123439e+01,2.122050e+01,2.113015e+01,2.117186e+01,2.108148e+01,2.120660e+01,2.113711e+01,2.107452e+01,2.108148e+01,2.103973e+01,2.107452e+01,2.113711e+01,2.117186e+01,2.101885e+01,2.101189e+01,2.097012e+01,2.094923e+01,2.090047e+01,2.106061e+01,2.100493e+01,2.115101e+01,2.119271e+01,2.120660e+01,2.119966e+01,2.103277e+01,2.126911e+01,2.144946e+01,2.137320e+01,2.140094e+01,2.138013e+01,2.130382e+01,2.127605e+01,2.115101e+01,2.125522e+01,2.114406e+01,2.115796e+01,2.108843e+01,2.110929e+01,2.110929e+01,2.120660e+01,2.113015e+01,2.103277e+01,2.090047e+01,2.115101e+01,2.129688e+01,2.121355e+01,2.124133e+01,2.115101e+01,2.114406e+01,2.119966e+01,2.122050e+01,2.107452e+01,2.112320e+01,2.112320e+01,2.106061e+01,2.101189e+01,2.104669e+01,2.105365e+01,2.106756e+01,2.097012e+01,2.094226e+01,2.088653e+01,2.133158e+01,2.140787e+01,2.171248e+01,2.158798e+01,2.147718e+01,2.148411e+01,2.122050e+01,2.109539e+01,2.103277e+01,2.098405e+01,2.117186e+01,2.109539e+01,2.129688e+01,2.134545e+01,2.128299e+01,2.110234e+01,2.114406e+01,2.126217e+01,2.133158e+01,2.134545e+01,2.133851e+01,2.135239e+01,2.132464e+01,2.133851e+01,2.137320e+01,2.137320e+01,2.144253e+01,2.144946e+01,2.131076e+01,2.131076e+01,2.138013e+01,2.135933e+01,2.144946e+01,2.133158e+01,2.126217e+01,2.127605e+01,2.132464e+01,2.124828e+01,2.124133e+01,2.118576e+01,2.115101e+01,2.104669e+01,2.094923e+01,2.096316e+01,2.099797e+01,2.088653e+01,2.085168e+01,2.085865e+01,2.086562e+01,2.067723e+01,2.066327e+01,2.065628e+01,2.067723e+01,2.064930e+01,2.076798e+01,2.063532e+01,2.105365e+01,2.093530e+01,2.102581e+01,2.108148e+01,2.126911e+01,2.135239e+01,2.140787e+01,2.135239e+01,2.140787e+01,2.138013e+01,2.147718e+01,2.148411e+01,2.161566e+01,2.151875e+01,2.168483e+01,2.159490e+01,2.170557e+01,2.170557e+01,2.172631e+01,2.187135e+01,2.169866e+01,2.169866e+01,2.176777e+01,2.175395e+01,2.174704e+01,2.185755e+01,2.177468e+01,2.182303e+01,2.182993e+01,2.178850e+01,2.180231e+01,2.177468e+01,2.180922e+01,2.177468e+01,2.165025e+01,2.163642e+01,2.152567e+01,2.110929e+01,2.110929e+01,2.101885e+01,2.098405e+01,2.103973e+01,2.145639e+01,2.142867e+01,2.153952e+01,2.178850e+01,2.166409e+01,2.167792e+01,2.171940e+01,2.173322e+01,2.165025e+01,2.182303e+01,2.178850e+01,2.165717e+01,2.133158e+01,2.102581e+01,2.097012e+01,2.094226e+01,2.101189e+01,2.104669e+01,2.103973e+01,2.105365e+01,2.111625e+01,2.103973e+01,2.096316e+01,2.102581e+01,2.107452e+01,2.103973e+01,2.101189e+01,2.098405e+01,2.108148e+01,2.108148e+01,2.120660e+01,2.106756e+01,2.113711e+01,2.101885e+01,2.110929e+01,2.119966e+01,2.124133e+01,2.118576e+01,2.115101e+01,2.122050e+01,2.111625e+01,2.124133e+01,2.118576e+01,2.120660e+01,2.108148e+01,2.113711e+01,2.109539e+01,2.110929e+01,2.096316e+01,2.094923e+01,2.097709e+01,2.103973e+01,2.101885e+01,2.097709e+01,2.100493e+01,2.107452e+01,2.103973e+01,2.095619e+01,2.092833e+01,2.097012e+01,2.106061e+01,2.122744e+01,2.149104e+01,2.342623e+01,2.548595e+01,2.622322e+01,2.623645e+01,2.676458e+01,2.679750e+01,2.670530e+01,2.669212e+01,2.651405e+01,2.656684e+01,2.656684e+01,2.651405e+01,2.640838e+01,2.640838e+01,2.610401e+01,2.606424e+01,2.594486e+01,2.597140e+01,2.593158e+01,2.582533e+01,2.546596e+01,2.573893e+01,2.557923e+01,2.546596e+01,2.531251e+01,2.522569e+01,2.499826e+01,2.503173e+01,2.498486e+01,2.474349e+01,2.458226e+01,2.429951e+01,2.403627e+01,2.407006e+01,2.373170e+01,2.347381e+01,2.342623e+01,2.322209e+01,2.301753e+01,2.292194e+01,2.253866e+01,2.249751e+01,2.249065e+01,2.243575e+01,2.227088e+01,2.217459e+01,2.209886e+01,2.182993e+01,2.183684e+01,2.183684e+01,2.175395e+01,2.165717e+01,2.168483e+01,2.151182e+01,2.164334e+01,2.147718e+01,2.138013e+01,2.144253e+01,2.150489e+01,2.133851e+01,2.127605e+01,2.133851e+01,2.131770e+01,2.133158e+01,2.141480e+01,2.131076e+01,2.124828e+01,2.132464e+01,2.142174e+01,2.144253e+01,2.133851e+01,2.129688e+01,2.125522e+01,2.136626e+01,2.130382e+01,2.128993e+01,2.123439e+01,2.126911e+01,2.128299e+01,2.124133e+01,2.131076e+01,2.133851e+01,2.119966e+01,2.122744e+01,2.122744e+01,2.130382e+01,2.131770e+01,2.131770e+01,2.132464e+01,2.144253e+01,2.130382e+01,2.146332e+01,2.153260e+01,2.156029e+01,2.156029e+01,2.165025e+01,2.160182e+01,2.143560e+01,2.162950e+01,2.162950e+01,2.158106e+01,2.167792e+01,2.161566e+01,2.165025e+01,2.164334e+01,2.167792e+01,2.161566e+01,2.178159e+01,2.170557e+01,2.169175e+01,2.167792e+01,2.164334e+01,2.166409e+01,2.170557e+01,2.182993e+01,2.176777e+01,2.185755e+01,2.180922e+01,2.176086e+01,2.172631e+01,2.171248e+01,2.171248e+01,2.160874e+01,2.167792e+01,2.182303e+01,2.180922e+01,2.171940e+01,2.177468e+01,2.194035e+01,2.195414e+01,2.193345e+01,2.178159e+01,2.196104e+01,2.171940e+01,2.191965e+01,2.182993e+01,2.193345e+01,2.193345e+01,2.190586e+01,2.190586e+01,2.180231e+01,2.187825e+01,2.189206e+01,2.188516e+01,2.189206e+01,2.187135e+01,2.195414e+01,2.197483e+01,2.194725e+01,2.198862e+01,2.191276e+01,2.189896e+01,2.201619e+01,2.192655e+01,2.189896e+01,2.198172e+01,2.192655e+01,2.190586e+01,2.191276e+01,2.196793e+01,2.191965e+01,2.198172e+01,2.189896e+01,2.192655e+01,2.196793e+01,2.187825e+01,2.202308e+01,2.207820e+01,2.197483e+01,2.203687e+01,2.200241e+01,2.193345e+01,2.199551e+01,2.196104e+01,2.200241e+01,2.191276e+01,2.190586e+01,2.195414e+01,2.201619e+01,2.202997e+01,2.196104e+01,2.199551e+01,2.199551e+01,2.198172e+01,2.207820e+01,2.208509e+01,2.205065e+01,2.206442e+01,2.214017e+01,2.189206e+01,2.207820e+01,2.206442e+01,2.185065e+01,2.186445e+01,2.203687e+01,2.207820e+01,2.203687e+01,2.200241e+01,2.198172e+01,2.196793e+01,2.196104e+01,2.196793e+01,2.188516e+01,2.203687e+01,2.183684e+01,2.221587e+01,2.191965e+01,2.203687e+01,2.202997e+01,2.200241e+01,2.183684e+01,2.186445e+01,2.178159e+01,2.185065e+01,2.186445e+01,2.189206e+01,2.189896e+01,2.227088e+01,2.185755e+01,2.196104e+01,2.180922e+01,2.183684e+01,2.196793e+01,2.180231e+01,2.196793e+01,2.194725e+01,2.183684e+01,2.180231e+01,2.183684e+01,2.198862e+01
2.181612e+01,2.166409e+01,2.171248e+01,2.171248e+01,2.167100e+01,2.162258e+01,2.174013e+01,2.167100e+01,2.179540e+01,2.169866e+01,2.179540e+01,2.170557e+01,2.178850e+01,2.181612e+01,2.175395e+01,2.181612e+01,2.182993e+01,2.182993e+01,2.175395e+01,2.178159e+01,2.187135e+01,2.185755e+01,2.180231e+01,2.181612e+01,2.178850e+01,2.176777e+01,2.173322e+01,2.173322e+01,2.184374e+01,2.182993e+01,2.178850e+01,2.186445e+01,2.187825e+01,2.191965e+01,2.185065e+01,2.185065e+01,2.197483e+01,2.182993e+01,2.187135e+01,2.185065e+01,2.192655e+01,2.188516e+01,2.213329e+01,2.187825e+01,2.190586e+01,2.218147e+01,2.190586e+01,2.196104e+01,2.196793e+01,2.200241e+01,2.189896e+01,2.198862e+01,2.183684e+01,2.192655e+01,2.201619e+01,2.203687e+01,2.189896e+01,2.182303e+01,2.205065e+01,2.187825e+01,2.185065e+01,2.204376e+01,2.197483e+01,2.187135e+01,2.190586e+01,2.183684e+01,2.185755e+01,2.192655e+01,2.194725e+01,2.191276e+01,2.189896e+01,2.184374e+01,2.183684e+01,2.184374e+01,2.184374e+01,2.182303e+01,2.181612e+01,2.173322e+01,2.178159e+01,2.162258e+01,2.171940e+01,2.184374e+01,2.183684e+01,2.161566e+01,2.178159e+01,2.170557e+01,2.171248e+01,2.169175e+01,2.171940e+01,2.151875e+01,2.153260e+01,2.152567e+01,2.174013e+01,2.178159e+01,2.169175e+01,2.153260e+01,2.167792e+01,2.155337e+01,2.162258e+01,2.153260e+01,2.150489e+01,2.157414e+01,2.166409e+01,2.162258e+01,2.151875e+01,2.155337e+01,2.163642e+01,2.165717e+01,2.165025e+01,2.175395e+01,2.162258e+01,2.171940e+01,2.174013e+01,2.169175e+01,2.174704e+01,2.187825e+01,2.186445e+01,2.188516e+01,2.193345e+01,2.211952e+01,2.218147e+01,2.240142e+01,2.234648e+01,2.264831e+01,2.275785e+01,2.284676e+01,2.318121e+01,2.346022e+01,2.380623e+01,2.384687e+01,2.405655e+01,2.423882e+01,2.453519e+01,2.481730e+01,2.495137e+01,2.510534e+01,2.525241e+01,2.545262e+01,2.549262e+01,2.543929e+01,2.569237e+01,2.569237e+01,2.600457e+01,2.600457e+01,2.628277e+01,2.636212e+01,2.665916e+01,2.670530e+01,2.671847e+01,2.686989e+01,2.710646e+01,2.693566e+01,2.717864e+01,2.726389e+01,2.744071e+01,2.742762e+01,2.727044e+01,2.700138e+01,2.665257e+01,2.577217e+01,2.361641e+01,2.218147e+01,2.194035e+01,2.151875e+01,2.151182e+01,2.133851e+01,2.126217e+01,2.131076e+01,2.128299e+01,2.108148e+01,2.124828e+01,2.111625e+01,2.122050e+01,2.110929e+01,2.117186e+01,2.103277e+01,2.122050e+01,2.110234e+01,2.128299e+01,2.119271e+01,2.122744e+01,2.117881e+01,2.119271e+01,2.113711e+01,2.110929e+01,2.104669e+01,2.117186e+01,2.122050e+01,2.121355e+01,2.119966e+01,2.121355e+01,2.112320e+01,2.115796e+01,2.099797e+01,2.119271e+01,2.121355e+01,2.108148e+01,2.101885e+01,2.097012e+01,2.107452e+01,2.106061e+01,2.097709e+01,2.102581e+01,2.097012e+01,2.106061e+01,2.100493e+01,2.118576e+01,2.101885e+01,2.101885e+01,2.116491e+01,2.124828e+01,2.117881e+01,2.128299e+01,2.117881e+01,2.128993e+01,2.125522e+01,2.116491e+01,2.119271e+01,2.137320e+01,2.115796e+01,2.103277e+01,2.121355e+01,2.103277e+01,2.112320e+01,2.108843e+01,2.114406e+01,2.108148e+01,2.108148e+01,2.112320e+01,2.107452e+01,2.108843e+01,2.110234e+01,2.124133e+01,2.113015e+01,2.113015e+01,2.108843e+01,2.109539e+01,2.091440e+01,2.108843e+01,2.101885e+01,2.101885e+01,2.113711e+01,2.098405e+01,2.105365e+01,2.100493e+01,2.093530e+01,2.091440e+01,2.110234e+01,2.099101e+01,2.112320e+01,2.116491e+01,2.189896e+01,2.162258e+01,2.160874e+01,2.149796e+01,2.106061e+01,2.095619e+01,2.097709e+01,2.095619e+01,2.106756e+01,2.135933e+01,2.142174e+01,2.132464e+01,2.108843e+01,2.123439e+01,2.121355e+01,2.132464e+01,2.133851e+01,2.140094e+01,2.133158e+01,2.132464e+01,2.134545e+01,2.133158e+01,2.135933e+01,2.133851e+01,2.149104e+01,2.139400e+01,2.134545e+01,2.133158e+01,2.147718e+01,2.127605e+01,2.155337e+01,2.123439e+01,2.128299e+01,2.141480e+01,2.124133e+01,2.130382e+01,2.124133e+01,2.115796e+01,2.111625e+01,2.111625e+01,2.105365e+01,2.096316e+01,2.106061e+01,2.097012e+01,2.090743e+01,2.084470e+01,2.085865e+01,2.067025e+01,2.055145e+01,2.059340e+01,2.055844e+01,2.064231e+01,2.063532e+01,2.071215e+01,2.075403e+01,2.073309e+01,2.103973e+01,2.111625e+01,2.122050e+01,2.124133e+01,2.142174e+01,2.133851e+01,2.138707e+01,2.142174e+01,2.158798e+01,2.144946e+01,2.156029e+01,2.163642e+01,2.166409e+01,2.161566e+01,2.169866e+01,2.172631e+01,2.168483e+01,2.171940e+01,2.176086e+01,2.177468e+01,2.173322e+01,2.175395e+01,2.173322e+01,2.173322e+01,2.174013e+01,2.182993e+01,2.182303e+01,2.182993e+01,2.183684e+01,2.178159e+01,2.168483e+01,2.176086e+01,2.166409e+01,2.161566e+01,2.167792e+01,2.163642e+01,2.153952e+01,2.160874e+01,2.157414e+01,2.155337e+01,2.166409e+01,2.162950e+01,2.164334e+01,2.162258e+01,2.165717e+01,2.174704e+01,2.165717e+01,2.173322e+01,2.169866e+01,2.166409e+01,2.163642e+01,2.162950e+01,2.118576e+01,2.103973e+01,2.094226e+01,2.094923e+01,2.096316e+01,2.099797e+01,2.096316e+01,2.112320e+01,2.096316e+01,2.092137e+01,2.103973e+01,2.101189e+01,2.106061e+01,2.102581e+01,2.086562e+01,2.105365e+01,2.106061e+01,2.104669e+01,2.108843e+01,2.115796e+01,2.118576e+01,2.110929e+01,2.111625e+01,2.119271e+01,2.119271e+01,2.120660e+01,2.112320e+01,2.113711e+01,2.116491e+01,2.112320e+01,2.111625e+01,2.110929e+01,2.119271e+01,2.112320e+01,2.110929e+01,2.099101e+01,2.096316e+01,2.100493e+01,2.099797e+01,2.094923e+01,2.094226e+01,2.097709e+01,2.108843e+01,2.108843e+01,2.092833e+01,2.087259e+01,2.085865e+01,2.089350e+01,2.088653e+01,2.099101e+01,2.145639e+01,2.273732e+01,2.516553e+01,2.580540e+01,2.624307e+01,2.659982e+01,2.675141e+01,2.674482e+01,2.659982e+01,2.653385e+01,2.659323e+01,2.658663e+01,2.648764e+01,2.640178e+01,2.640178e+01,2.606424e+01,2.621660e+01,2.605761e+01,2.597803e+01,2.579211e+01,2.568572e+01,2.557257e+01,2.567241e+01,2.548595e+01,2.547929e+01,2.525241e+01,2.523237e+01,2.508527e+01,2.498486e+01,2.477034e+01,2.451501e+01,2.450828e+01,2.434669e+01,2.427254e+01,2.375203e+01,2.374526e+01,2.360283e+01,2.335823e+01,2.318121e+01,2.283993e+01,2.288777e+01,2.263461e+01,2.259350e+01,2.242888e+01,2.244948e+01,2.210575e+01,2.205754e+01,2.207820e+01,2.191965e+01,2.194725e+01,2.174013e+01,2.174704e+01,2.167792e+01,2.163642e+01,2.168483e+01,2.162950e+01,2.143560e+01,2.154645e+01,2.162258e+01,2.139400e+01,2.149796e+01,2.145639e+01,2.144253e+01,2.138013e+01,2.131770e+01,2.131770e+01,2.126217e+01,2.128299e+01,2.120660e+01,2.126911e+01,2.126217e+01,2.126217e+01,2.133158e+01,2.121355e+01,2.131076e+01,2.133851e+01,2.122050e+01,2.114406e+01,2.123439e+01,2.133851e+01,2.130382e+01,2.140787e+01,2.136626e+01,2.123439e+01,2.134545e+01,2.136626e+01,2.126217e+01,2.135933e+01,2.131076e+01,2.135933e+01,2.138707e+01,2.137320e+01,2.129688e+01,2.149104e+01,2.147718e+01,2.161566e+01,2.146332e+01,2.160874e+01,2.159490e+01,2.160182e+01,2.157414e+01,2.163642e+01,2.162258e+01,2.156721e+01,2.163642e+01,2.158798e+01,2.166409e+01,2.162950e+01,2.152567e+01,2.169866e+01,2.172631e+01,2.176086e+01,2.168483e+01,2.173322e+01,2.179540e+01,2.169866e+01,2.169866e+01,2.180922e+01,2.163642e+01,2.170557e+01,2.172631e+01,2.167792e+01,2.163642e+01,2.176777e+01,2.165025e+01,2.163642e+01,2.168483e+01,2.187135e+01,2.169175e+01,2.175395e+01,2.178159e+01,2.177468e+01,2.176086e+01,2.191965e+01,2.169175e+01,2.193345e+01,2.193345e+01,2.194725e+01,2.191965e+01,2.200930e+01,2.191965e+01,2.187825e+01,2.191276e+01,2.186445e+01,2.189206e+01,2.196793e+01,2.190586e+01,2.185755e+01,2.197483e+01,2.188516e+01,2.194725e+01,2.195414e+01,2.191965e+01,2.192655e+01,2.198862e+01,2.191276e+01,2.190586e+01,2.200930e+01,2.198862e+01,2.200930e+01,2.191276e+01,2.194725e+01,2.198862e+01,2.180231e+01,2.190586e+01,2.196793e+01,2.199551e+01,2.188516e+01,2.198172e+01,2.191276e+01,2.197483e+01,2.186445e+01,2.200241e+01,2.197483e+01,2.197483e+01,2.189206e+01,2.198862e+01,2.192655e+01,2.195414e+01,2.196793e+01,2.189206e+01,2.196793e+01,2.194725e+01,2.200241e+01,2.200930e+01,2.197483e+01,2.213329e+01,2.196793e+01,2.194035e+01,2.201619e+01,2.190586e+01,2.205754e+01,2.209886e+01,2.190586e+01,2.207820e+01,2.189206e+01,2.189896e+01,2.194725e+01,2.208509e+01,2.191965e+01,2.187825e+01,2.189896e+01,2.187135e+01,2.198172e+01,2.189896e+01,2.194035e+01,2.188516e+01,2.182303e+01,2.187825e+01,2.200241e+01,2.186445e+01,2.193345e+01,2.192655e+01,2.181612e+01,2.181612e+01,2.202308e+01,2.189206e+01,2.186445e+01,2.198862e+01,2.187825e+01,2.203687e+01,2.202997e+01,2.185755e+01,2.196793e+01,2.180922e+01,2.185755e+01,2.192655e+01,2.187825e+01,2.194725e+01,2.181612e+01,2.191965e+01
2.176777e+01,2.180231e+01,2.169175e+01,2.172631e+01,2.174013e+01,2.177468e+01,2.172631e+01,2.186445e+01,2.171940e+01,2.174013e+01,2.186445e+01,2.178159e+01,2.178850e+01,2.180922e+01,2.182993e+01,2.181612e+01,2.200930e+01,2.177468e+01,2.177468e+01,2.189206e+01,2.185755e+01,2.189896e+01,2.181612e+01,2.186445e+01,2.185755e+01,2.185755e+01,2.185065e+01,2.180231e+01,2.192655e+01,2.174013e+01,2.183684e+01,2.181612e+01,2.188516e+01,2.189206e+01,2.194725e+01,2.183684e+01,2.199551e+01,2.189896e+01,2.198172e+01,2.188516e+01,2.187825e+01,2.203687e+01,2.186445e+01,2.185755e+01,2.198172e+01,2.190586e+01,2.191276e+01,2.194725e+01,2.197483e+01,2.201619e+01,2.177468e+01,2.194725e+01,2.194035e+01,2.190586e+01,2.200241e+01,2.200241e+01,2.200241e+01,2.194035e+01,2.200930e+01,2.191276e+01,2.185755e+01,2.191965e+01,2.202997e+01,2.204376e+01,2.206442e+01,2.203687e+01,2.190586e+01,2.171248e+01,2.190586e+01,2.192655e+01,2.193345e+01,2.191965e+01,2.191276e+01,2.194035e+01,2.198172e+01,2.182303e+01,2.186445e+01,2.180231e+01,2.171248e+01,2.163642e+01,2.170557e+01,2.184374e+01,2.176777e+01,2.178850e+01,2.162950e+01,2.172631e+01,2.167792e+01,2.165025e+01,2.161566e+01,2.171248e+01,2.150489e+01,2.174704e+01,2.173322e+01,2.156721e+01,2.160182e+01,2.163642e+01,2.173322e+01,2.162950e+01,2.171248e+01,2.163642e+01,2.156721e+01,2.158106e+01,2.167792e+01,2.161566e+01,2.155337e+01,2.164334e+01,2.165025e+01,2.152567e+01,2.163642e+01,2.165025e+01,2.145639e+01,2.161566e+01,2.167792e+01,2.165717e+01,2.171940e+01,2.186445e+01,2.193345e+01,2.207131e+01,2.198172e+01,2.221587e+01,2.211263e+01,2.234648e+01,2.242202e+01,2.264146e+01,2.285360e+01,2.287410e+01,2.318802e+01,2.329699e+01,2.351457e+01,2.380623e+01,2.400924e+01,2.436690e+01,2.460243e+01,2.481059e+01,2.479047e+01,2.496477e+01,2.541261e+01,2.542595e+01,2.543262e+01,2.553926e+01,2.575223e+01,2.576552e+01,2.595813e+01,2.603109e+01,2.621660e+01,2.631584e+01,2.642820e+01,2.656024e+01,2.663280e+01,2.675800e+01,2.693566e+01,2.694223e+01,2.717208e+01,2.718520e+01,2.718520e+01,2.699481e+01,2.686989e+01,2.595149e+01,2.472335e+01,2.294243e+01,2.222275e+01,2.174704e+01,2.135933e+01,2.144946e+01,2.134545e+01,2.134545e+01,2.122050e+01,2.124828e+01,2.124828e+01,2.123439e+01,2.108148e+01,2.109539e+01,2.112320e+01,2.115796e+01,2.114406e+01,2.128993e+01,2.128299e+01,2.128299e+01,2.113711e+01,2.123439e+01,2.120660e+01,2.117186e+01,2.113711e+01,2.116491e+01,2.114406e+01,2.121355e+01,2.113711e+01,2.119271e+01,2.117186e+01,2.114406e+01,2.114406e+01,2.115796e+01,2.106756e+01,2.119966e+01,2.104669e+01,2.108148e+01,2.105365e+01,2.098405e+01,2.093530e+01,2.103277e+01,2.103277e+01,2.097012e+01,2.097012e+01,2.089350e+01,2.097012e+01,2.105365e+01,2.110234e+01,2.104669e+01,2.119966e+01,2.119966e+01,2.127605e+01,2.124828e+01,2.119271e+01,2.125522e+01,2.123439e+01,2.124828e+01,2.117186e+01,2.114406e+01,2.140094e+01,2.131076e+01,2.115101e+01,2.113015e+01,2.114406e+01,2.114406e+01,2.111625e+01,2.107452e+01,2.117881e+01,2.112320e+01,2.105365e+01,2.108843e+01,2.113015e+01,2.106061e+01,2.123439e+01,2.119271e+01,2.113711e+01,2.111625e+01,2.110234e+01,2.101189e+01,2.108843e+01,2.099101e+01,2.094923e+01,2.105365e+01,2.099101e+01,2.097709e+01,2.114406e+01,2.088653e+01,2.097012e+01,2.097709e+01,2.089350e+01,2.111625e+01,2.110929e+01,2.162950e+01,2.149104e+01,2.164334e+01,2.159490e+01,2.142867e+01,2.087956e+01,2.083773e+01,2.113711e+01,2.126217e+01,2.153952e+01,2.147718e+01,2.162258e+01,2.108148e+01,2.125522e+01,2.117881e+01,2.125522e+01,2.112320e+01,2.131770e+01,2.115796e+01,2.131770e+01,2.124133e+01,2.133158e+01,2.142867e+01,2.134545e+01,2.126911e+01,2.135933e+01,2.138707e+01,2.126911e+01,2.131770e+01,2.138707e+01,2.142174e+01,2.135239e+01,2.126217e+01,2.132464e+01,2.135239e+01,2.130382e+01,2.125522e+01,2.115796e+01,2.125522e+01,2.113711e+01,2.103973e+01,2.094923e+01,2.099101e+01,2.094923e+01,2.090047e+01,2.086562e+01,2.083076e+01,2.059340e+01,2.054446e+01,2.061436e+01,2.057942e+01,2.060737e+01,2.059340e+01,2.069120e+01,2.063532e+01,2.076798e+01,2.100493e+01,2.124133e+01,2.106756e+01,2.133158e+01,2.128993e+01,2.144253e+01,2.143560e+01,2.151875e+01,2.151875e+01,2.140094e+01,2.151182e+01,2.155337e+01,2.156721e+01,2.163642e+01,2.164334e+01,2.177468e+01,2.165717e+01,2.171940e+01,2.171248e+01,2.170557e+01,2.196104e+01,2.170557e+01,2.177468e+01,2.176086e+01,2.181612e+01,2.174013e+01,2.167100e+01,2.176086e+01,2.172631e+01,2.171940e+01,2.176086e+01,2.177468e+01,2.177468e+01,2.176777e+01,2.161566e+01,2.172631e+01,2.163642e+01,2.171940e+01,2.171248e+01,2.167100e+01,2.165025e+01,2.153952e+01,2.151875e+01,2.162950e+01,2.178159e+01,2.177468e+01,2.160874e+01,2.165025e+01,2.184374e+01,2.169866e+01,2.160182e+01,2.151875e+01,2.148411e+01,2.091440e+01,2.103277e+01,2.099797e+01,2.089350e+01,2.097012e+01,2.101189e+01,2.094923e+01,2.101885e+01,2.115796e+01,2.092137e+01,2.097012e+01,2.098405e+01,2.087259e+01,2.104669e+01,2.104669e+01,2.110929e+01,2.113015e+01,2.112320e+01,2.107452e+01,2.108843e+01,2.109539e+01,2.109539e+01,2.117881e+01,2.120660e+01,2.115101e+01,2.113711e+01,2.115101e+01,2.104669e+01,2.107452e+01,2.111625e+01,2.115101e+01,2.106061e+01,2.113711e+01,2.109539e+01,2.106061e+01,2.097709e+01,2.105365e+01,2.103973e+01,2.099101e+01,2.088653e+01,2.091440e+01,2.093530e+01,2.087956e+01,2.091440e+01,2.087956e+01,2.096316e+01,2.090743e+01,2.090743e+01,2.106756e+01,2.109539e+01,2.202997e+01,2.439385e+01,2.583862e+01,2.598467e+01,2.630923e+01,2.662620e+01,2.675141e+01,2.661301e+01,2.670530e+01,2.658003e+01,2.651405e+01,2.645462e+01,2.636873e+01,2.630261e+01,2.605761e+01,2.600457e+01,2.601120e+01,2.601120e+01,2.603109e+01,2.561917e+01,2.568572e+01,2.551261e+01,2.546596e+01,2.548595e+01,2.517222e+01,2.525909e+01,2.501165e+01,2.501165e+01,2.483742e+01,2.446791e+01,2.443425e+01,2.425906e+01,2.403627e+01,2.389425e+01,2.375881e+01,2.351457e+01,2.311986e+01,2.309940e+01,2.305848e+01,2.273732e+01,2.273047e+01,2.266201e+01,2.248379e+01,2.214017e+01,2.218147e+01,2.211952e+01,2.202308e+01,2.196793e+01,2.189206e+01,2.191276e+01,2.174704e+01,2.178159e+01,2.169175e+01,2.164334e+01,2.144253e+01,2.165025e+01,2.168483e+01,2.147025e+01,2.143560e+01,2.135933e+01,2.153260e+01,2.125522e+01,2.138707e+01,2.127605e+01,2.119271e+01,2.135933e+01,2.122744e+01,2.121355e+01,2.133158e+01,2.128993e+01,2.122744e+01,2.134545e+01,2.136626e+01,2.129688e+01,2.137320e+01,2.138013e+01,2.131076e+01,2.128299e+01,2.121355e+01,2.137320e+01,2.133158e+01,2.124828e+01,2.122050e+01,2.120660e+01,2.138707e+01,2.126911e+01,2.142174e+01,2.131076e+01,2.144253e+01,2.151875e+01,2.137320e+01,2.149796e+01,2.151182e+01,2.136626e+01,2.151182e+01,2.158798e+01,2.141480e+01,2.168483e+01,2.160874e+01,2.160874e+01,2.157414e+01,2.175395e+01,2.161566e+01,2.162258e+01,2.160874e+01,2.172631e+01,2.160874e+01,2.174013e+01,2.168483e+01,2.165717e+01,2.171248e+01,2.169866e+01,2.171248e+01,2.166409e+01,2.177468e+01,2.174013e+01,2.181612e+01,2.169866e+01,2.178159e+01,2.173322e+01,2.187825e+01,2.160874e+01,2.167100e+01,2.177468e+01,2.176086e+01,2.174704e+01,2.174704e+01,2.177468e+01,2.177468e+01,2.175395e+01,2.178850e+01,2.175395e+01,2.178159e+01,2.177468e+01,2.197483e+01,2.194035e+01,2.190586e+01,2.203687e+01,2.193345e+01,2.196104e+01,2.197483e+01,2.179540e+01,2.188516e+01,2.191965e+01,2.182303e+01,2.191276e+01,2.189896e+01,2.196104e+01,2.185755e+01,2.191965e+01,2.190586e+01,2.201619e+01,2.205065e+01,2.198862e+01,2.197483e+01,2.186445e+01,2.198172e+01,2.202997e+01,2.192655e+01,2.188516e+01,2.205065e+01,2.194725e+01,2.194035e+01,2.189896e+01,2.198862e+01,2.191965e+01,2.195414e+01,2.209198e+01,2.188516e+01,2.199551e+01,2.195414e+01,2.195414e+01,2.194035e+01,2.191965e+01,2.201619e+01,2.197483e+01,2.194725e+01,2.206442e+01,2.200930e+01,2.196104e+01,2.195414e+01,2.191965e+01,2.196104e+01,2.196793e+01,2.194725e+01,2.202308e+01,2.198862e+01,2.205065e+01,2.207131e+01,2.209198e+01,2.194725e+01,2.198862e+01,2.191276e+01,2.189896e+01,2.198862e+01,2.188516e+01,2.197483e+01,2.204376e+01,2.184374e+01,2.200930e+01,2.192655e+01,2.174013e+01,2.187825e+01,2.188516e+01,2.189206e+01,2.191276e+01,2.209198e+01,2.184374e+01,2.190586e+01,2.191276e+01,2.187825e+01,2.182303e+01,2.199551e+01,2.193345e+01,2.196104e+01,2.200930e+01,2.188516e+01,2.193345e+01,2.218835e+01,2.200930e+01,2.186445e+01,2.193345e+01,2.185065e+01,2.186445e+01,2.205065e+01,2.194725e+01,2.182303e+01,2.178159e+01,2.177468e+01,2.196104e+01
2.165717e+01,2.179540e+01,2.169175e+01,2.177468e+01,2.171248e+01,2.174013e+01,2.172631e+01,2.172631e+01,2.173322e+01,2.185065e+01,2.176777e+01,2.186445e+01,2.178159e+01,2.187135e+01,2.180231e+01,2.183684e+01,2.183684e+01,2.175395e+01,2.174013e+01,2.193345e+01,2.175395e+01,2.180922e+01,2.182993e+01,2.177468e+01,2.178850e+01,2.179540e+01,2.176777e+01,2.182303e+01,2.185755e+01,2.187135e+01,2.185755e+01,2.188516e+01,2.182303e+01,2.187825e+01,2.186445e+01,2.194725e+01,2.186445e+01,2.186445e+01,2.196104e+01,2.196104e+01,2.198172e+01,2.189206e+01,2.187825e+01,2.196104e+01,2.195414e+01,2.194725e+01,2.187135e+01,2.195414e+01,2.195414e+01,2.197483e+01,2.198862e+01,2.180922e+01,2.191276e+01,2.198862e+01,2.204376e+01,2.196104e+01,2.198862e+01,2.190586e+01,2.189896e+01,2.202308e+01,2.202308e+01,2.203687e+01,2.206442e+01,2.185065e+01,2.201619e+01,2.193345e+01,2.198862e+01,2.170557e+01,2.191276e+01,2.193345e+01,2.191965e+01,2.192655e+01,2.195414e+01,2.188516e+01,2.190586e+01,2.171248e+01,2.187825e+01,2.183684e+01,2.183684e+01,2.178850e+01,2.177468e+01,2.174013e+01,2.174013e+01,2.179540e+01,2.175395e+01,2.174013e+01,2.169866e+01,2.169866e+01,2.171940e+01,2.168483e+01,2.183684e+01,2.169175e+01,2.171940e+01,2.152567e+01,2.169175e+01,2.171248e+01,2.169175e+01,2.156029e+01,2.173322e+01,2.170557e+01,2.165025e+01,2.161566e+01,2.167100e+01,2.167792e+01,2.162950e+01,2.161566e+01,2.165717e+01,2.165717e+01,2.163642e+01,2.167100e+01,2.166409e+01,2.174704e+01,2.167792e+01,2.178850e+01,2.174704e+01,2.171248e+01,2.169866e+01,2.202308e+01,2.204376e+01,2.227088e+01,2.208509e+01,2.236709e+01,2.250437e+01,2.265516e+01,2.284676e+01,2.289461e+01,2.326976e+01,2.354174e+01,2.376559e+01,2.390102e+01,2.403627e+01,2.435343e+01,2.450828e+01,2.470321e+01,2.498486e+01,2.476362e+01,2.517890e+01,2.540594e+01,2.546596e+01,2.546596e+01,2.571898e+01,2.579876e+01,2.585855e+01,2.613051e+01,2.620336e+01,2.628277e+01,2.641499e+01,2.663939e+01,2.663939e+01,2.691593e+01,2.694881e+01,2.701453e+01,2.715240e+01,2.693566e+01,2.690936e+01,2.645462e+01,2.551927e+01,2.373170e+01,2.225026e+01,2.177468e+01,2.168483e+01,2.150489e+01,2.131770e+01,2.123439e+01,2.117881e+01,2.124828e+01,2.106756e+01,2.106756e+01,2.110929e+01,2.125522e+01,2.110234e+01,2.112320e+01,2.111625e+01,2.110929e+01,2.126217e+01,2.113015e+01,2.103277e+01,2.113015e+01,2.119966e+01,2.102581e+01,2.116491e+01,2.117186e+01,2.108843e+01,2.127605e+01,2.108148e+01,2.103973e+01,2.115101e+01,2.110234e+01,2.113711e+01,2.108148e+01,2.106061e+01,2.113015e+01,2.111625e+01,2.108843e+01,2.099101e+01,2.095619e+01,2.092833e+01,2.101189e+01,2.096316e+01,2.089350e+01,2.102581e+01,2.091440e+01,2.093530e+01,2.089350e+01,2.096316e+01,2.099101e+01,2.104669e+01,2.101885e+01,2.109539e+01,2.115796e+01,2.126217e+01,2.116491e+01,2.103973e+01,2.126217e+01,2.125522e+01,2.126217e+01,2.112320e+01,2.119271e+01,2.114406e+01,2.140787e+01,2.111625e+01,2.104669e+01,2.113711e+01,2.114406e+01,2.104669e+01,2.106061e+01,2.113015e+01,2.095619e+01,2.091440e+01,2.114406e+01,2.126217e+01,2.105365e+01,2.106061e+01,2.104669e+01,2.106061e+01,2.115101e+01,2.104669e+01,2.110929e+01,2.101885e+01,2.106756e+01,2.104669e+01,2.099797e+01,2.098405e+01,2.099797e+01,2.094923e+01,2.095619e+01,2.090743e+01,2.092137e+01,2.103277e+01,2.103277e+01,2.117881e+01,2.154645e+01,2.161566e+01,2.161566e+01,2.162258e+01,2.156721e+01,2.119966e+01,2.116491e+01,2.119966e+01,2.146332e+01,2.158106e+01,2.149104e+01,2.165025e+01,2.135239e+01,2.125522e+01,2.122744e+01,2.122050e+01,2.128299e+01,2.118576e+01,2.126911e+01,2.128299e+01,2.133158e+01,2.126911e+01,2.126217e+01,2.131076e+01,2.150489e+01,2.133851e+01,2.131076e+01,2.131770e+01,2.127605e+01,2.122744e+01,2.138013e+01,2.135239e+01,2.140787e+01,2.135239e+01,2.135239e+01,2.130382e+01,2.132464e+01,2.122744e+01,2.115101e+01,2.121355e+01,2.111625e+01,2.113015e+01,2.095619e+01,2.089350e+01,2.095619e+01,2.088653e+01,2.083773e+01,2.061436e+01,2.076798e+01,2.070517e+01,2.057243e+01,2.053747e+01,2.052348e+01,2.058641e+01,2.077496e+01,2.094923e+01,2.103973e+01,2.101885e+01,2.103277e+01,2.139400e+01,2.142174e+01,2.141480e+01,2.140094e+01,2.147025e+01,2.159490e+01,2.149796e+01,2.143560e+01,2.162258e+01,2.162950e+01,2.162258e+01,2.178850e+01,2.178159e+01,2.171940e+01,2.176777e+01,2.172631e+01,2.168483e+01,2.172631e+01,2.175395e+01,2.178850e+01,2.177468e+01,2.178850e+01,2.167100e+01,2.175395e+01,2.182993e+01,2.183684e+01,2.181612e+01,2.174704e+01,2.173322e+01,2.177468e+01,2.174704e+01,2.176777e+01,2.167792e+01,2.165717e+01,2.170557e+01,2.175395e+01,2.158798e+01,2.161566e+01,2.177468e+01,2.160182e+01,2.185755e+01,2.160874e+01,2.167100e+01,2.172631e+01,2.165025e+01,2.177468e+01,2.167100e+01,2.157414e+01,2.160182e+01,2.146332e+01,2.107452e+01,2.094226e+01,2.101189e+01,2.099101e+01,2.088653e+01,2.098405e+01,2.094226e+01,2.099797e+01,2.106756e+01,2.091440e+01,2.090743e+01,2.100493e+01,2.100493e+01,2.091440e+01,2.090743e+01,2.103973e+01,2.110929e+01,2.106061e+01,2.115101e+01,2.117186e+01,2.101189e+01,2.117186e+01,2.115796e+01,2.099797e+01,2.094226e+01,2.110929e+01,2.111625e+01,2.099797e+01,2.108148e+01,2.104669e+01,2.103277e+01,2.108843e+01,2.101885e+01,2.095619e+01,2.090743e+01,2.103277e+01,2.094226e+01,2.096316e+01,2.091440e+01,2.095619e+01,2.119966e+01,2.092833e+01,2.097012e+01,2.087259e+01,2.094923e+01,2.086562e+01,2.079589e+01,2.084470e+01,2.102581e+01,2.109539e+01,2.168483e+01,2.398219e+01,2.557923e+01,2.585855e+01,2.627615e+01,2.642160e+01,2.654705e+01,2.659982e+01,2.655364e+01,2.644802e+01,2.653385e+01,2.638856e+01,2.636212e+01,2.633568e+01,2.604436e+01,2.621660e+01,2.598467e+01,2.602446e+01,2.569237e+01,2.563914e+01,2.551261e+01,2.544595e+01,2.549928e+01,2.534589e+01,2.520564e+01,2.521900e+01,2.505851e+01,2.479718e+01,2.468306e+01,2.440732e+01,2.434669e+01,2.444098e+01,2.402275e+01,2.382655e+01,2.350778e+01,2.350099e+01,2.309258e+01,2.322890e+01,2.307212e+01,2.292877e+01,2.251808e+01,2.252494e+01,2.245634e+01,2.227088e+01,2.213329e+01,2.209886e+01,2.211263e+01,2.196793e+01,2.205754e+01,2.181612e+01,2.178850e+01,2.175395e+01,2.177468e+01,2.167100e+01,2.162950e+01,2.144253e+01,2.149796e+01,2.142174e+01,2.140787e+01,2.140094e+01,2.142867e+01,2.149796e+01,2.141480e+01,2.135933e+01,2.138013e+01,2.130382e+01,2.115796e+01,2.128299e+01,2.128299e+01,2.125522e+01,2.131770e+01,2.115796e+01,2.130382e+01,2.140787e+01,2.135239e+01,2.138707e+01,2.125522e+01,2.117186e+01,2.140094e+01,2.118576e+01,2.139400e+01,2.117186e+01,2.130382e+01,2.133158e+01,2.135933e+01,2.131076e+01,2.135933e+01,2.136626e+01,2.145639e+01,2.142174e+01,2.144946e+01,2.133158e+01,2.150489e+01,2.154645e+01,2.156029e+01,2.162950e+01,2.167792e+01,2.169175e+01,2.147718e+01,2.156029e+01,2.157414e+01,2.167792e+01,2.156721e+01,2.176086e+01,2.159490e+01,2.157414e+01,2.170557e+01,2.161566e+01,2.164334e+01,2.161566e+01,2.171940e+01,2.162950e+01,2.170557e+01,2.173322e+01,2.175395e+01,2.162950e+01,2.180922e+01,2.170557e+01,2.173322e+01,2.163642e+01,2.178159e+01,2.166409e+01,2.169175e+01,2.162950e+01,2.176086e+01,2.176777e+01,2.180922e+01,2.176777e+01,2.176086e+01,2.193345e+01,2.191276e+01,2.184374e+01,2.200930e+01,2.200930e+01,2.171940e+01,2.191965e+01,2.194725e+01,2.198172e+01,2.200930e+01,2.200930e+01,2.175395e+01,2.190586e+01,2.184374e+01,2.196104e+01,2.185065e+01,2.189206e+01,2.195414e+01,2.182993e+01,2.200241e+01,2.203687e+01,2.191965e+01,2.195414e+01,2.196793e+01,2.189896e+01,2.189896e+01,2.200241e+01,2.191965e+01,2.178850e+01,2.203687e+01,2.194725e+01,2.198172e+01,2.199551e+01,2.194035e+01,2.200930e+01,2.198172e+01,2.194725e+01,2.190586e+01,2.199551e+01,2.193345e+01,2.194725e+01,2.191965e+01,2.195414e+01,2.194725e+01,2.195414e+01,2.196793e+01,2.196793e+01,2.208509e+01,2.187825e+01,2.197483e+01,2.202997e+01,2.202997e+01,2.198862e+01,2.200930e+01,2.191965e+01,2.203687e+01,2.193345e+01,2.202308e+01,2.191965e+01,2.191276e+01,2.205754e+01,2.205065e+01,2.197483e+01,2.193345e+01,2.195414e+01,2.189896e+01,2.198172e+01,2.200930e+01,2.196793e+01,2.203687e+01,2.204376e+01,2.202997e+01,2.202997e+01,2.191276e+01,2.189206e+01,2.188516e+01,2.173322e+01,2.189206e+01,2.185755e+01,2.180922e+01,2.182303e+01,2.181612e+01,2.184374e+01,2.189206e+01,2.182303e+01,2.199551e+01,2.198172e+01,2.194725e+01,2.190586e+01,2.198862e+01,2.187135e+01,2.187825e+01,2.191965e+01,2.182303e+01,2.193345e+01,2.191276e+01,2.187825e+01,2.185755e+01,2.189896e+01,2.187135e+01,2.182303e+01
2.164334e+01,2.169866e+01,2.172631e+01,2.170557e+01,2.176777e+01,2.162950e+01,2.172631e+01,2.171940e+01,2.193345e+01,2.191965e+01,2.181612e+01,2.175395e+01,2.191965e+01,2.188516e+01,2.180231e+01,2.184374e+01,2.176086e+01,2.186445e+01,2.188516e+01,2.176777e+01,2.185065e+01,2.184374e+01,2.187825e+01,2.184374e+01,2.186445e+01,2.185755e+01,2.169175e+01,2.184374e+01,2.187135e+01,2.190586e+01,2.187135e+01,2.187135e+01,2.187135e+01,2.191965e+01,2.192655e+01,2.196104e+01,2.189896e+01,2.186445e+01,2.197483e+01,2.187825e+01,2.185065e+01,2.189896e+01,2.198172e+01,2.186445e+01,2.189896e+01,2.201619e+01,2.198862e+01,2.198172e+01,2.198172e+01,2.178850e+01,2.199551e+01,2.198172e+01,2.186445e+01,2.199551e+01,2.189896e+01,2.192655e+01,2.200930e+01,2.207820e+01,2.199551e+01,2.195414e+01,2.196793e+01,2.196104e+01,2.198862e+01,2.198862e+01,2.203687e+01,2.183684e+01,2.192655e+01,2.194035e+01,2.185065e+01,2.196104e+01,2.196793e+01,2.191965e+01,2.191965e+01,2.193345e+01,2.186445e+01,2.186445e+01,2.186445e+01,2.182993e+01,2.181612e+01,2.185755e+01,2.178159e+01,2.176086e+01,2.177468e+01,2.192655e+01,2.186445e+01,2.176777e+01,2.168483e+01,2.164334e+01,2.171248e+01,2.181612e+01,2.168483e+01,2.168483e+01,2.166409e+01,2.165025e+01,2.165717e+01,2.169175e+01,2.169866e+01,2.167792e+01,2.171940e+01,2.160874e+01,2.158106e+01,2.166409e+01,2.149104e+01,2.165025e+01,2.167100e+01,2.158798e+01,2.162950e+01,2.173322e+01,2.171248e+01,2.167100e+01,2.158106e+01,2.169175e+01,2.175395e+01,2.173322e+01,2.175395e+01,2.180231e+01,2.195414e+01,2.200241e+01,2.214706e+01,2.209886e+01,2.220211e+01,2.242888e+01,2.244948e+01,2.266201e+01,2.283993e+01,2.308576e+01,2.320165e+01,2.345342e+01,2.375203e+01,2.392808e+01,2.403627e+01,2.435343e+01,2.455536e+01,2.475020e+01,2.477705e+01,2.502504e+01,2.519227e+01,2.521232e+01,2.550595e+01,2.545929e+01,2.569237e+01,2.569903e+01,2.581869e+01,2.608413e+01,2.615038e+01,2.622322e+01,2.632245e+01,2.644802e+01,2.661301e+01,2.688305e+01,2.679092e+01,2.696853e+01,2.675800e+01,2.688305e+01,2.647444e+01,2.583198e+01,2.351457e+01,2.200930e+01,2.176777e+01,2.131076e+01,2.131076e+01,2.127605e+01,2.105365e+01,2.105365e+01,2.103973e+01,2.109539e+01,2.110234e+01,2.110234e+01,2.107452e+01,2.108148e+01,2.093530e+01,2.104669e+01,2.109539e+01,2.113711e+01,2.108843e+01,2.106061e+01,2.108843e+01,2.110929e+01,2.106756e+01,2.104669e+01,2.098405e+01,2.115796e+01,2.116491e+01,2.110234e+01,2.116491e+01,2.099797e+01,2.111625e+01,2.109539e+01,2.099101e+01,2.097709e+01,2.098405e+01,2.098405e+01,2.102581e+01,2.097012e+01,2.094923e+01,2.099797e+01,2.096316e+01,2.090743e+01,2.099101e+01,2.085865e+01,2.094226e+01,2.086562e+01,2.089350e+01,2.101189e+01,2.098405e+01,2.103973e+01,2.107452e+01,2.104669e+01,2.112320e+01,2.101885e+01,2.103277e+01,2.119271e+01,2.098405e+01,2.126911e+01,2.125522e+01,2.108148e+01,2.106061e+01,2.108148e+01,2.119966e+01,2.108148e+01,2.113015e+01,2.104669e+01,2.110929e+01,2.114406e+01,2.102581e+01,2.097709e+01,2.099797e+01,2.093530e+01,2.114406e+01,2.108843e+01,2.105365e+01,2.115796e+01,2.105365e+01,2.113711e+01,2.103973e+01,2.105365e+01,2.099797e+01,2.102581e+01,2.101885e+01,2.103973e+01,2.094226e+01,2.089350e+01,2.101885e+01,2.086562e+01,2.092833e+01,2.091440e+01,2.093530e+01,2.103277e+01,2.113015e+01,2.137320e+01,2.157414e+01,2.162950e+01,2.162258e+01,2.153260e+01,2.156029e+01,2.156721e+01,2.156721e+01,2.157414e+01,2.155337e+01,2.169175e+01,2.151875e+01,2.171248e+01,2.163642e+01,2.155337e+01,2.127605e+01,2.128299e+01,2.122050e+01,2.118576e+01,2.127605e+01,2.129688e+01,2.128993e+01,2.136626e+01,2.141480e+01,2.128993e+01,2.133851e+01,2.133158e+01,2.119966e+01,2.123439e+01,2.124828e+01,2.130382e+01,2.135239e+01,2.127605e+01,2.124828e+01,2.131076e+01,2.138013e+01,2.131770e+01,2.134545e+01,2.131770e+01,2.126217e+01,2.118576e+01,2.121355e+01,2.113711e+01,2.111625e+01,2.094923e+01,2.098405e+01,2.090743e+01,2.088653e+01,2.086562e+01,2.062834e+01,2.069120e+01,2.059340e+01,2.052348e+01,2.050249e+01,2.055844e+01,2.068422e+01,2.067723e+01,2.076100e+01,2.085168e+01,2.099797e+01,2.123439e+01,2.114406e+01,2.123439e+01,2.136626e+01,2.147025e+01,2.151182e+01,2.152567e+01,2.157414e+01,2.156029e+01,2.161566e+01,2.161566e+01,2.161566e+01,2.165025e+01,2.174013e+01,2.174704e+01,2.157414e+01,2.169866e+01,2.156721e+01,2.171940e+01,2.171248e+01,2.180922e+01,2.167100e+01,2.182303e+01,2.182993e+01,2.180922e+01,2.174013e+01,2.174704e+01,2.174013e+01,2.171248e+01,2.196104e+01,2.176086e+01,2.161566e+01,2.171248e+01,2.157414e+01,2.174013e+01,2.177468e+01,2.171940e+01,2.162258e+01,2.181612e+01,2.167792e+01,2.169175e+01,2.164334e+01,2.174013e+01,2.175395e+01,2.171940e+01,2.167792e+01,2.179540e+01,2.182993e+01,2.178159e+01,2.166409e+01,2.157414e+01,2.115101e+01,2.090743e+01,2.098405e+01,2.091440e+01,2.099101e+01,2.094923e+01,2.093530e+01,2.087259e+01,2.092833e+01,2.092137e+01,2.101885e+01,2.101885e+01,2.099101e+01,2.083076e+01,2.106756e+01,2.102581e+01,2.097709e+01,2.106756e+01,2.105365e+01,2.097709e+01,2.113711e+01,2.114406e+01,2.106061e+01,2.119271e+01,2.107452e+01,2.110234e+01,2.110234e+01,2.106756e+01,2.115796e+01,2.108148e+01,2.114406e+01,2.108148e+01,2.107452e+01,2.103973e+01,2.095619e+01,2.095619e+01,2.099101e+01,2.094226e+01,2.093530e+01,2.087956e+01,2.093530e+01,2.090047e+01,2.090743e+01,2.083773e+01,2.086562e+01,2.090047e+01,2.081681e+01,2.099101e+01,2.101885e+01,2.104669e+01,2.153260e+01,2.347381e+01,2.522569e+01,2.584526e+01,2.596476e+01,2.632907e+01,2.648764e+01,2.657344e+01,2.650745e+01,2.665916e+01,2.650745e+01,2.646783e+01,2.632907e+01,2.619674e+01,2.605761e+01,2.607087e+01,2.602446e+01,2.598467e+01,2.570568e+01,2.564580e+01,2.565911e+01,2.563914e+01,2.555258e+01,2.543262e+01,2.519895e+01,2.499156e+01,2.485754e+01,2.484413e+01,2.463603e+01,2.426580e+01,2.421859e+01,2.394161e+01,2.389425e+01,2.385364e+01,2.354174e+01,2.309258e+01,2.325614e+01,2.305848e+01,2.282625e+01,2.277153e+01,2.256608e+01,2.260720e+01,2.256608e+01,2.243575e+01,2.214706e+01,2.206442e+01,2.179540e+01,2.198172e+01,2.185755e+01,2.178850e+01,2.178159e+01,2.176777e+01,2.162950e+01,2.162258e+01,2.165717e+01,2.162950e+01,2.147025e+01,2.147718e+01,2.148411e+01,2.141480e+01,2.139400e+01,2.133158e+01,2.131770e+01,2.133851e+01,2.127605e+01,2.135239e+01,2.126911e+01,2.113015e+01,2.131076e+01,2.125522e+01,2.127605e+01,2.126217e+01,2.136626e+01,2.127605e+01,2.131076e+01,2.131770e+01,2.137320e+01,2.137320e+01,2.131770e+01,2.129688e+01,2.126217e+01,2.137320e+01,2.131770e+01,2.133158e+01,2.141480e+01,2.142174e+01,2.140787e+01,2.144946e+01,2.145639e+01,2.148411e+01,2.149104e+01,2.150489e+01,2.134545e+01,2.153952e+01,2.144946e+01,2.131076e+01,2.144253e+01,2.151182e+01,2.142867e+01,2.156721e+01,2.158106e+01,2.161566e+01,2.161566e+01,2.162258e+01,2.161566e+01,2.156721e+01,2.165717e+01,2.159490e+01,2.167100e+01,2.168483e+01,2.169866e+01,2.169866e+01,2.166409e+01,2.178159e+01,2.162258e+01,2.165717e+01,2.176086e+01,2.175395e+01,2.181612e+01,2.178159e+01,2.161566e+01,2.180922e+01,2.156029e+01,2.177468e+01,2.170557e+01,2.183684e+01,2.183684e+01,2.175395e+01,2.175395e+01,2.181612e+01,2.174013e+01,2.176777e+01,2.190586e+01,2.179540e+01,2.192655e+01,2.192655e+01,2.189896e+01,2.196104e+01,2.188516e+01,2.185065e+01,2.191965e+01,2.191965e+01,2.191965e+01,2.184374e+01,2.197483e+01,2.198172e+01,2.188516e+01,2.200930e+01,2.194035e+01,2.200241e+01,2.190586e+01,2.180922e+01,2.196793e+01,2.198862e+01,2.197483e+01,2.198862e+01,2.198172e+01,2.185065e+01,2.191965e+01,2.200930e+01,2.193345e+01,2.198862e+01,2.191965e+01,2.194725e+01,2.198862e+01,2.194035e+01,2.191965e+01,2.196793e+01,2.213329e+01,2.198862e+01,2.181612e+01,2.197483e+01,2.183684e+01,2.185755e+01,2.196104e+01,2.196104e+01,2.199551e+01,2.194725e+01,2.194035e+01,2.196793e+01,2.202308e+01,2.194725e+01,2.194725e+01,2.196104e+01,2.202308e+01,2.189896e+01,2.203687e+01,2.196793e+01,2.199551e+01,2.189896e+01,2.202997e+01,2.205065e+01,2.191965e+01,2.180231e+01,2.194725e+01,2.201619e+01,2.192655e+01,2.194725e+01,2.193345e+01,2.187825e+01,2.203687e+01,2.180922e+01,2.185065e+01,2.178850e+01,2.187825e+01,2.182993e+01,2.178159e+01,2.198862e+01,2.189206e+01,2.182993e+01,2.185065e+01,2.189896e+01,2.190586e+01,2.182303e+01,2.189896e+01,2.198862e+01,2.186445e+01,2.189896e+01,2.185065e+01,2.189896e+01,2.187135e+01,2.200930e+01,2.175395e+01,2.185755e+01,2.187825e+01,2.188516e+01,2.177468e+01,2.183684e+01,2.192655e+01,2.184374e+01
2.171940e+01,2.175395e+01,2.176086e+01,2.178850e+01,2.171940e+01,2.189206e+01,2.174013e+01,2.174013e+01,2.173322e+01,2.196104e+01,2.174013e+01,2.196793e+01,2.180922e+01,2.172631e+01,2.179540e+01,2.191965e+01,2.178850e+01,2.176086e+01,2.188516e+01,2.190586e+01,2.193345e+01,2.183684e+01,2.194725e+01,2.172631e+01,2.183684e+01,2.184374e+01,2.186445e+01,2.185065e+01,2.202308e+01,2.189206e+01,2.187135e+01,2.187825e+01,2.189206e+01,2.190586e+01,2.191276e+01,2.182303e+01,2.192655e+01,2.187135e+01,2.188516e+01,2.194035e+01,2.193345e+01,2.194035e+01,2.183684e+01,2.194035e+01,2.191276e+01,2.185755e+01,2.193345e+01,2.186445e+01,2.201619e+01,2.185065e+01,2.200241e+01,2.200241e+01,2.196793e+01,2.199551e+01,2.203687e+01,2.199551e+01,2.195414e+01,2.205065e+01,2.203687e+01,2.194725e+01,2.193345e+01,2.200241e+01,2.196104e+01,2.194035e+01,2.202308e+01,2.194725e+01,2.200930e+01,2.194725e+01,2.194725e+01,2.195414e+01,2.196104e+01,2.191965e+01,2.189206e+01,2.189206e+01,2.176086e+01,2.178850e+01,2.187825e+01,2.189206e+01,2.186445e+01,2.185755e+01,2.184374e+01,2.188516e+01,2.181612e+01,2.175395e+01,2.174013e+01,2.171248e+01,2.168483e+01,2.174704e+01,2.158106e+01,2.171248e+01,2.169175e+01,2.186445e+01,2.154645e+01,2.187135e+01,2.165717e+01,2.169175e+01,2.157414e+01,2.167792e+01,2.167792e+01,2.168483e+01,2.160182e+01,2.162950e+01,2.165717e+01,2.172631e+01,2.171940e+01,2.169866e+01,2.161566e+01,2.166409e+01,2.174013e+01,2.167100e+01,2.158798e+01,2.179540e+01,2.182303e+01,2.169175e+01,2.184374e+01,2.187135e+01,2.190586e+01,2.215394e+01,2.209886e+01,2.217459e+01,2.233274e+01,2.236022e+01,2.251122e+01,2.258665e+01,2.282625e+01,2.287410e+01,2.319484e+01,2.334462e+01,2.374526e+01,2.384687e+01,2.417810e+01,2.434669e+01,2.447464e+01,2.454192e+01,2.483742e+01,2.509865e+01,2.510534e+01,2.537258e+01,2.539260e+01,2.562583e+01,2.557923e+01,2.575887e+01,2.582533e+01,2.609738e+01,2.608413e+01,2.630923e+01,2.634890e+01,2.644141e+01,2.668553e+01,2.662620e+01,2.665916e+01,2.669871e+01,2.673824e+01,2.649424e+01,2.575223e+01,2.401600e+01,2.220211e+01,2.151875e+01,2.122744e+01,2.113711e+01,2.122050e+01,2.097012e+01,2.104669e+01,2.099101e+01,2.103277e+01,2.106061e+01,2.106061e+01,2.106756e+01,2.101885e+01,2.107452e+01,2.108843e+01,2.110929e+01,2.106756e+01,2.113015e+01,2.107452e+01,2.110234e+01,2.107452e+01,2.104669e+01,2.112320e+01,2.113015e+01,2.103277e+01,2.102581e+01,2.115101e+01,2.120660e+01,2.113015e+01,2.108843e+01,2.108843e+01,2.109539e+01,2.102581e+01,2.101189e+01,2.092137e+01,2.097709e+01,2.098405e+01,2.096316e+01,2.095619e+01,2.089350e+01,2.101885e+01,2.087259e+01,2.079589e+01,2.086562e+01,2.095619e+01,2.090743e+01,2.099101e+01,2.088653e+01,2.095619e+01,2.101885e+01,2.106061e+01,2.108148e+01,2.106061e+01,2.109539e+01,2.118576e+01,2.112320e+01,2.128993e+01,2.118576e+01,2.111625e+01,2.111625e+01,2.106061e+01,2.109539e+01,2.115796e+01,2.110929e+01,2.112320e+01,2.103973e+01,2.111625e+01,2.106756e+01,2.104669e+01,2.124828e+01,2.103277e+01,2.108843e+01,2.103973e+01,2.111625e+01,2.104669e+01,2.104669e+01,2.107452e+01,2.111625e+01,2.101885e+01,2.109539e+01,2.135239e+01,2.104669e+01,2.092137e+01,2.085168e+01,2.094923e+01,2.089350e+01,2.089350e+01,2.099797e+01,2.094226e+01,2.084470e+01,2.085168e+01,2.101885e+01,2.140094e+01,2.157414e+01,2.156721e+01,2.149104e+01,2.160182e+01,2.167100e+01,2.174704e+01,2.171940e+01,2.164334e+01,2.164334e+01,2.164334e+01,2.162258e+01,2.165717e+01,2.166409e+01,2.142174e+01,2.149796e+01,2.140094e+01,2.116491e+01,2.115796e+01,2.119271e+01,2.128299e+01,2.128299e+01,2.130382e+01,2.128299e+01,2.131076e+01,2.126911e+01,2.124133e+01,2.124133e+01,2.131770e+01,2.131076e+01,2.132464e+01,2.128299e+01,2.131076e+01,2.137320e+01,2.140094e+01,2.131076e+01,2.132464e+01,2.130382e+01,2.130382e+01,2.106061e+01,2.111625e+01,2.117881e+01,2.113711e+01,2.113711e+01,2.113015e+01,2.101189e+01,2.090743e+01,2.090743e+01,2.089350e+01,2.080984e+01,2.072611e+01,2.069818e+01,2.051648e+01,2.046751e+01,2.052348e+01,2.039750e+01,2.069818e+01,2.076798e+01,2.076100e+01,2.075403e+01,2.093530e+01,2.105365e+01,2.144946e+01,2.138013e+01,2.153260e+01,2.146332e+01,2.150489e+01,2.145639e+01,2.147025e+01,2.159490e+01,2.161566e+01,2.166409e+01,2.161566e+01,2.149104e+01,2.165025e+01,2.171248e+01,2.165717e+01,2.171248e+01,2.172631e+01,2.170557e+01,2.171940e+01,2.172631e+01,2.187825e+01,2.179540e+01,2.174704e+01,2.179540e+01,2.182993e+01,2.180231e+01,2.172631e+01,2.182993e+01,2.167792e+01,2.180922e+01,2.177468e+01,2.174704e+01,2.177468e+01,2.187135e+01,2.178159e+01,2.178159e+01,2.180231e+01,2.175395e+01,2.161566e+01,2.174704e+01,2.179540e+01,2.174704e+01,2.173322e+01,2.183684e+01,2.177468e+01,2.174704e+01,2.179540e+01,2.176086e+01,2.163642e+01,2.155337e+01,2.094226e+01,2.090743e+01,2.092137e+01,2.092833e+01,2.089350e+01,2.090743e+01,2.085168e+01,2.085865e+01,2.087956e+01,2.089350e+01,2.087259e+01,2.101189e+01,2.090047e+01,2.101189e+01,2.098405e+01,2.102581e+01,2.104669e+01,2.101885e+01,2.108843e+01,2.106756e+01,2.111625e+01,2.111625e+01,2.110929e+01,2.101885e+01,2.101189e+01,2.107452e+01,2.107452e+01,2.108843e+01,2.111625e+01,2.106061e+01,2.094923e+01,2.103277e+01,2.101189e+01,2.094226e+01,2.092137e+01,2.093530e+01,2.094923e+01,2.090047e+01,2.089350e+01,2.088653e+01,2.086562e+01,2.090743e+01,2.093530e+01,2.088653e+01,2.091440e+01,2.083076e+01,2.082378e+01,2.085865e+01,2.092137e+01,2.105365e+01,2.130382e+01,2.273047e+01,2.487766e+01,2.546596e+01,2.585191e+01,2.630923e+01,2.634229e+01,2.654705e+01,2.650745e+01,2.637534e+01,2.651405e+01,2.634890e+01,2.632907e+01,2.628938e+01,2.615701e+01,2.607750e+01,2.605761e+01,2.601120e+01,2.567241e+01,2.556591e+01,2.550595e+01,2.553260e+01,2.541261e+01,2.525909e+01,2.519227e+01,2.504512e+01,2.486425e+01,2.464275e+01,2.442078e+01,2.438038e+01,2.408357e+01,2.424557e+01,2.390778e+01,2.383332e+01,2.349419e+01,2.334462e+01,2.307894e+01,2.307212e+01,2.287410e+01,2.268940e+01,2.270994e+01,2.240829e+01,2.246320e+01,2.229151e+01,2.218147e+01,2.205754e+01,2.195414e+01,2.199551e+01,2.184374e+01,2.179540e+01,2.177468e+01,2.176086e+01,2.172631e+01,2.169175e+01,2.173322e+01,2.163642e+01,2.169175e+01,2.144253e+01,2.147025e+01,2.138013e+01,2.131076e+01,2.140094e+01,2.136626e+01,2.138013e+01,2.124828e+01,2.122744e+01,2.120660e+01,2.117881e+01,2.141480e+01,2.123439e+01,2.146332e+01,2.137320e+01,2.137320e+01,2.138013e+01,2.127605e+01,2.128299e+01,2.132464e+01,2.129688e+01,2.138707e+01,2.139400e+01,2.133851e+01,2.132464e+01,2.131076e+01,2.133851e+01,2.140787e+01,2.133158e+01,2.149796e+01,2.136626e+01,2.138707e+01,2.144946e+01,2.144253e+01,2.162950e+01,2.142174e+01,2.151875e+01,2.153260e+01,2.167100e+01,2.147718e+01,2.153260e+01,2.157414e+01,2.158106e+01,2.155337e+01,2.166409e+01,2.153952e+01,2.162258e+01,2.156029e+01,2.162258e+01,2.158106e+01,2.176777e+01,2.180922e+01,2.171248e+01,2.176777e+01,2.161566e+01,2.180231e+01,2.160182e+01,2.165717e+01,2.165025e+01,2.168483e+01,2.175395e+01,2.169866e+01,2.159490e+01,2.166409e+01,2.174013e+01,2.164334e+01,2.176777e+01,2.175395e+01,2.162950e+01,2.178850e+01,2.174704e+01,2.181612e+01,2.172631e+01,2.176777e+01,2.189206e+01,2.179540e+01,2.195414e+01,2.192655e+01,2.178850e+01,2.191965e+01,2.201619e+01,2.198172e+01,2.194035e+01,2.189206e+01,2.182993e+01,2.196104e+01,2.190586e+01,2.182303e+01,2.196793e+01,2.196793e+01,2.196104e+01,2.194035e+01,2.197483e+01,2.193345e+01,2.193345e+01,2.200241e+01,2.199551e+01,2.198172e+01,2.193345e+01,2.194725e+01,2.195414e+01,2.202308e+01,2.205754e+01,2.202997e+01,2.196793e+01,2.189206e+01,2.189206e+01,2.199551e+01,2.180922e+01,2.193345e+01,2.199551e+01,2.194035e+01,2.180231e+01,2.189896e+01,2.188516e+01,2.191276e+01,2.183684e+01,2.189206e+01,2.194725e+01,2.194725e+01,2.188516e+01,2.195414e+01,2.189896e+01,2.193345e+01,2.196793e+01,2.195414e+01,2.194035e+01,2.193345e+01,2.203687e+01,2.198862e+01,2.203687e+01,2.198172e+01,2.200241e+01,2.205754e+01,2.193345e+01,2.195414e+01,2.199551e+01,2.203687e+01,2.194035e+01,2.197483e+01,2.200930e+01,2.195414e+01,2.191276e+01,2.194725e+01,2.185065e+01,2.205754e+01,2.184374e+01,2.190586e+01,2.188516e+01,2.185065e+01,2.187825e+01,2.189206e+01,2.188516e+01,2.196104e+01,2.156029e+01,2.198862e+01,2.183684e+01,2.186445e+01,2.205754e+01,2.205754e+01,2.194725e+01,2.194725e+01,2.184374e+01,2.192655e+01,2.178850e+01,2.185065e+01,2.177468e+01,2.182993e+01,2.177468e+01,2.177468e+01,2.178159e+01,2.180922e+01,2.182303e+01
2.171248e+01,2.173322e+01,2.176086e+01,2.171248e+01,2.175395e+01,2.171248e+01,2.172631e+01,2.194725e+01,2.173322e+01,2.192655e+01,2.193345e+01,2.183684e+01,2.186445e+01,2.184374e+01,2.182993e+01,2.186445e+01,2.188516e+01,2.183684e+01,2.189206e+01,2.191276e+01,2.185755e+01,2.188516e+01,2.181612e+01,2.187135e+01,2.185755e+01,2.186445e+01,2.189206e+01,2.185755e+01,2.187135e+01,2.187825e+01,2.185755e+01,2.187825e+01,2.180231e+01,2.187135e+01,2.182303e+01,2.188516e+01,2.191276e+01,2.185065e+01,2.191276e+01,2.189206e+01,2.182993e+01,2.205065e+01,2.199551e+01,2.210575e+01,2.195414e+01,2.200930e+01,2.181612e+01,2.200241e+01,2.200930e+01,2.195414e+01,2.200241e+01,2.195414e+01,2.198862e+01,2.199551e+01,2.194035e+01,2.194035e+01,2.187825e+01,2.205754e+01,2.196104e+01,2.211263e+01,2.195414e+01,2.193345e+01,2.198172e+01,2.196793e+01,2.191276e+01,2.197483e+01,2.185065e+01,2.196104e+01,2.187825e+01,2.196104e+01,2.195414e+01,2.195414e+01,2.191276e+01,2.182993e+01,2.194035e+01,2.180231e+01,2.188516e+01,2.187825e+01,2.187825e+01,2.178850e+01,2.178159e+01,2.175395e+01,2.191276e+01,2.172631e+01,2.173322e+01,2.175395e+01,2.178850e+01,2.180231e+01,2.161566e+01,2.160182e+01,2.169175e+01,2.167100e+01,2.170557e+01,2.177468e+01,2.161566e+01,2.166409e+01,2.159490e+01,2.167100e+01,2.171248e+01,2.155337e+01,2.164334e+01,2.160874e+01,2.159490e+01,2.167100e+01,2.181612e+01,2.159490e+01,2.159490e+01,2.176777e+01,2.189896e+01,2.174013e+01,2.174013e+01,2.167792e+01,2.169866e+01,2.170557e+01,2.169866e+01,2.187135e+01,2.202997e+01,2.204376e+01,2.205754e+01,2.224338e+01,2.238769e+01,2.247006e+01,2.241516e+01,2.262091e+01,2.277837e+01,2.286043e+01,2.315395e+01,2.341944e+01,2.373848e+01,2.377914e+01,2.396190e+01,2.431973e+01,2.447464e+01,2.466962e+01,2.476362e+01,2.503843e+01,2.526577e+01,2.521900e+01,2.538593e+01,2.545262e+01,2.551261e+01,2.563914e+01,2.574558e+01,2.610401e+01,2.609076e+01,2.615038e+01,2.634890e+01,2.637534e+01,2.641499e+01,2.665257e+01,2.654705e+01,2.655364e+01,2.651405e+01,2.640838e+01,2.527245e+01,2.244948e+01,2.158798e+01,2.129688e+01,2.125522e+01,2.101885e+01,2.099797e+01,2.106061e+01,2.092137e+01,2.103973e+01,2.089350e+01,2.101189e+01,2.098405e+01,2.097709e+01,2.094226e+01,2.108843e+01,2.099101e+01,2.094923e+01,2.099101e+01,2.108148e+01,2.106756e+01,2.119271e+01,2.112320e+01,2.113015e+01,2.102581e+01,2.113015e+01,2.112320e+01,2.115101e+01,2.110929e+01,2.097012e+01,2.103277e+01,2.081681e+01,2.103973e+01,2.107452e+01,2.087259e+01,2.100493e+01,2.083076e+01,2.094923e+01,2.090743e+01,2.074007e+01,2.083076e+01,2.081681e+01,2.090047e+01,2.081681e+01,2.090743e+01,2.083773e+01,2.088653e+01,2.085865e+01,2.084470e+01,2.091440e+01,2.108843e+01,2.103277e+01,2.107452e+01,2.098405e+01,2.106756e+01,2.122744e+01,2.108843e+01,2.110929e+01,2.111625e+01,2.118576e+01,2.103973e+01,2.119966e+01,2.103973e+01,2.104669e+01,2.121355e+01,2.110929e+01,2.110234e+01,2.109539e+01,2.097709e+01,2.108843e+01,2.099101e+01,2.106061e+01,2.101885e+01,2.108843e+01,2.103277e+01,2.104669e+01,2.094923e+01,2.103277e+01,2.091440e+01,2.104669e+01,2.099797e+01,2.098405e+01,2.110929e+01,2.100493e+01,2.108148e+01,2.104669e+01,2.078891e+01,2.080984e+01,2.085168e+01,2.084470e+01,2.083773e+01,2.083773e+01,2.098405e+01,2.092137e+01,2.133851e+01,2.167792e+01,2.168483e+01,2.163642e+01,2.167100e+01,2.172631e+01,2.160874e+01,2.158106e+01,2.160182e+01,2.165717e+01,2.155337e+01,2.147718e+01,2.168483e+01,2.164334e+01,2.162258e+01,2.176777e+01,2.140787e+01,2.115101e+01,2.112320e+01,2.119966e+01,2.114406e+01,2.122050e+01,2.120660e+01,2.121355e+01,2.128299e+01,2.132464e+01,2.124133e+01,2.131076e+01,2.128299e+01,2.123439e+01,2.126911e+01,2.119271e+01,2.123439e+01,2.132464e+01,2.137320e+01,2.134545e+01,2.124133e+01,2.129688e+01,2.122744e+01,2.128993e+01,2.125522e+01,2.106756e+01,2.105365e+01,2.112320e+01,2.113015e+01,2.110929e+01,2.103973e+01,2.089350e+01,2.092137e+01,2.068422e+01,2.069120e+01,2.067723e+01,2.050249e+01,2.056544e+01,2.051648e+01,2.046751e+01,2.063532e+01,2.072611e+01,2.079589e+01,2.099101e+01,2.096316e+01,2.122744e+01,2.123439e+01,2.132464e+01,2.129688e+01,2.140094e+01,2.150489e+01,2.152567e+01,2.148411e+01,2.145639e+01,2.142174e+01,2.151182e+01,2.158798e+01,2.165025e+01,2.157414e+01,2.162950e+01,2.160874e+01,2.171940e+01,2.167792e+01,2.171248e+01,2.171940e+01,2.171940e+01,2.171940e+01,2.174013e+01,2.183684e+01,2.178850e+01,2.182993e+01,2.185755e+01,2.180231e+01,2.179540e+01,2.170557e+01,2.174704e+01,2.179540e+01,2.184374e+01,2.182993e+01,2.174013e+01,2.182303e+01,2.169866e+01,2.176086e+01,2.178159e+01,2.176777e+01,2.173322e+01,2.178850e+01,2.176086e+01,2.174013e+01,2.163642e+01,2.172631e+01,2.179540e+01,2.173322e+01,2.175395e+01,2.163642e+01,2.157414e+01,2.109539e+01,2.113711e+01,2.089350e+01,2.081681e+01,2.110234e+01,2.090047e+01,2.087259e+01,2.090743e+01,2.085865e+01,2.110929e+01,2.087956e+01,2.097012e+01,2.101885e+01,2.097012e+01,2.100493e+01,2.092833e+01,2.103277e+01,2.108148e+01,2.097012e+01,2.104669e+01,2.114406e+01,2.106756e+01,2.119271e+01,2.115796e+01,2.094923e+01,2.106061e+01,2.100493e+01,2.101885e+01,2.092833e+01,2.106061e+01,2.103973e+01,2.097012e+01,2.093530e+01,2.092833e+01,2.099101e+01,2.091440e+01,2.097012e+01,2.090743e+01,2.087956e+01,2.087259e+01,2.095619e+01,2.085865e+01,2.085168e+01,2.080984e+01,2.085168e+01,2.078193e+01,2.101189e+01,2.080286e+01,2.102581e+01,2.102581e+01,2.129688e+01,2.273732e+01,2.487766e+01,2.546596e+01,2.571233e+01,2.610401e+01,2.635551e+01,2.646783e+01,2.652725e+01,2.652725e+01,2.632907e+01,2.650745e+01,2.633568e+01,2.618349e+01,2.617687e+01,2.598467e+01,2.589175e+01,2.577217e+01,2.568572e+01,2.560586e+01,2.565245e+01,2.545929e+01,2.528580e+01,2.513210e+01,2.508527e+01,2.494467e+01,2.476362e+01,2.464947e+01,2.425906e+01,2.415110e+01,2.407681e+01,2.392132e+01,2.390778e+01,2.341264e+01,2.337183e+01,2.329018e+01,2.311304e+01,2.305848e+01,2.281941e+01,2.267571e+01,2.264146e+01,2.255237e+01,2.243575e+01,2.239456e+01,2.238082e+01,2.233274e+01,2.205754e+01,2.189206e+01,2.202997e+01,2.182303e+01,2.178159e+01,2.175395e+01,2.178159e+01,2.145639e+01,2.162258e+01,2.168483e+01,2.158106e+01,2.152567e+01,2.138013e+01,2.146332e+01,2.127605e+01,2.134545e+01,2.135239e+01,2.134545e+01,2.135239e+01,2.140787e+01,2.126911e+01,2.116491e+01,2.141480e+01,2.133158e+01,2.131076e+01,2.123439e+01,2.124828e+01,2.134545e+01,2.136626e+01,2.129688e+01,2.138013e+01,2.134545e+01,2.129688e+01,2.142867e+01,2.128993e+01,2.131076e+01,2.141480e+01,2.125522e+01,2.131770e+01,2.145639e+01,2.127605e+01,2.136626e+01,2.139400e+01,2.137320e+01,2.138013e+01,2.138707e+01,2.147718e+01,2.162258e+01,2.163642e+01,2.161566e+01,2.149796e+01,2.167100e+01,2.150489e+01,2.155337e+01,2.162258e+01,2.155337e+01,2.162258e+01,2.164334e+01,2.152567e+01,2.161566e+01,2.155337e+01,2.165025e+01,2.181612e+01,2.164334e+01,2.180922e+01,2.181612e+01,2.176086e+01,2.167792e+01,2.165717e+01,2.176777e+01,2.170557e+01,2.179540e+01,2.174013e+01,2.174013e+01,2.171940e+01,2.167792e+01,2.176777e+01,2.164334e+01,2.169866e+01,2.176777e+01,2.176777e+01,2.186445e+01,2.188516e+01,2.184374e+01,2.194035e+01,2.189206e+01,2.188516e+01,2.187825e+01,2.188516e+01,2.176086e+01,2.192655e+01,2.180922e+01,2.197483e+01,2.187135e+01,2.180231e+01,2.201619e+01,2.196104e+01,2.197483e+01,2.189896e+01,2.198862e+01,2.193345e+01,2.191276e+01,2.180231e+01,2.194725e+01,2.197483e+01,2.189206e+01,2.191965e+01,2.198172e+01,2.191276e+01,2.205065e+01,2.187825e+01,2.196104e+01,2.197483e+01,2.198172e+01,2.195414e+01,2.198172e+01,2.182303e+01,2.194035e+01,2.198862e+01,2.188516e+01,2.185755e+01,2.203687e+01,2.181612e+01,2.180231e+01,2.191276e+01,2.187825e+01,2.189206e+01,2.188516e+01,2.191965e+01,2.202308e+01,2.199551e+01,2.191276e+01,2.191965e+01,2.187825e+01,2.182993e+01,2.202308e+01,2.196793e+01,2.208509e+01,2.191965e+01,2.190586e+01,2.210575e+01,2.187135e+01,2.186445e+01,2.189206e+01,2.188516e+01,2.202997e+01,2.190586e+01,2.180231e+01,2.203687e+01,2.192655e+01,2.194725e+01,2.193345e+01,2.194725e+01,2.195414e+01,2.188516e+01,2.202997e+01,2.190586e+01,2.184374e+01,2.187825e+01,2.189206e+01,2.200241e+01,2.187135e+01,2.189896e+01,2.190586e+01,2.194725e+01,2.182303e+01,2.200930e+01,2.198862e+01,2.199551e+01,2.194035e+01,2.198862e+01,2.193345e+01,2.188516e+01,2.196793e+01,2.196793e+01,2.187825e+01,2.184374e+01,2.187825e+01,2.173322e+01,2.189206e+01,2.184374e+01,2.181612e+01,2.175395e+01,2.185755e+01
2.169866e+01,2.172631e+01,2.175395e+01,2.173322e+01,2.169866e+01,2.178850e+01,2.165025e+01,2.169866e+01,2.171940e+01,2.176086e+01,2.181612e+01,2.184374e+01,2.176777e+01,2.176086e+01,2.179540e+01,2.176086e+01,2.190586e+01,2.190586e+01,2.190586e+01,2.184374e+01,2.200930e+01,2.187135e+01,2.187135e+01,2.177468e+01,2.196104e+01,2.191965e+01,2.183684e+01,2.191965e+01,2.189206e+01,2.190586e+01,2.176086e+01,2.198172e+01,2.192655e+01,2.184374e+01,2.165717e+01,2.189896e+01,2.185065e+01,2.225026e+01,2.189896e+01,2.195414e+01,2.187135e+01,2.204376e+01,2.192655e+01,2.188516e+01,2.202308e+01,2.196793e+01,2.194725e+01,2.182993e+01,2.179540e+01,2.179540e+01,2.180231e+01,2.180231e+01,2.192655e+01,2.191276e+01,2.189896e+01,2.195414e+01,2.188516e+01,2.196104e+01,2.198862e+01,2.195414e+01,2.195414e+01,2.201619e+01,2.192655e+01,2.200930e+01,2.197483e+01,2.198172e+01,2.196104e+01,2.193345e+01,2.187825e+01,2.189896e+01,2.193345e+01,2.196104e+01,2.192655e+01,2.189206e+01,2.187135e+01,2.170557e+01,2.189206e+01,2.190586e+01,2.187135e+01,2.177468e+01,2.182993e+01,2.188516e+01,2.187825e+01,2.188516e+01,2.172631e+01,2.186445e+01,2.176777e+01,2.182303e+01,2.177468e+01,2.183684e+01,2.175395e+01,2.182303e+01,2.169866e+01,2.164334e+01,2.187135e+01,2.166409e+01,2.178850e+01,2.158106e+01,2.162950e+01,2.156721e+01,2.165025e+01,2.157414e+01,2.173322e+01,2.168483e+01,2.166409e+01,2.170557e+01,2.157414e+01,2.158106e+01,2.158106e+01,2.161566e+01,2.175395e+01,2.177468e+01,2.170557e+01,2.176086e+01,2.181612e+01,2.186445e+01,2.196104e+01,2.204376e+01,2.213329e+01,2.220211e+01,2.233274e+01,2.240142e+01,2.245634e+01,2.264146e+01,2.274416e+01,2.295609e+01,2.347381e+01,2.320165e+01,2.373170e+01,2.394838e+01,2.389425e+01,2.439385e+01,2.454864e+01,2.470992e+01,2.481059e+01,2.501165e+01,2.523905e+01,2.517890e+01,2.515216e+01,2.556591e+01,2.549928e+01,2.559254e+01,2.567907e+01,2.577217e+01,2.607087e+01,2.617025e+01,2.629600e+01,2.640838e+01,2.654705e+01,2.663939e+01,2.654705e+01,2.656024e+01,2.646783e+01,2.642820e+01,2.501834e+01,2.221587e+01,2.131770e+01,2.105365e+01,2.108843e+01,2.097012e+01,2.097012e+01,2.095619e+01,2.090743e+01,2.078891e+01,2.094226e+01,2.106061e+01,2.097012e+01,2.092833e+01,2.113015e+01,2.097709e+01,2.111625e+01,2.096316e+01,2.099797e+01,2.094923e+01,2.120660e+01,2.104669e+01,2.114406e+01,2.102581e+01,2.106061e+01,2.099101e+01,2.103277e+01,2.109539e+01,2.105365e+01,2.113015e+01,2.106756e+01,2.099101e+01,2.101885e+01,2.090047e+01,2.086562e+01,2.092833e+01,2.088653e+01,2.094923e+01,2.078891e+01,2.084470e+01,2.078891e+01,2.083076e+01,2.089350e+01,2.087259e+01,2.090743e+01,2.084470e+01,2.080984e+01,2.084470e+01,2.106756e+01,2.106756e+01,2.095619e+01,2.111625e+01,2.110929e+01,2.107452e+01,2.108148e+01,2.108148e+01,2.103973e+01,2.099797e+01,2.088653e+01,2.112320e+01,2.104669e+01,2.121355e+01,2.119966e+01,2.101189e+01,2.117186e+01,2.113015e+01,2.111625e+01,2.099101e+01,2.113711e+01,2.106756e+01,2.099101e+01,2.105365e+01,2.103277e+01,2.091440e+01,2.107452e+01,2.102581e+01,2.086562e+01,2.099797e+01,2.090743e+01,2.094923e+01,2.097012e+01,2.095619e+01,2.110929e+01,2.106061e+01,2.101885e+01,2.089350e+01,2.085865e+01,2.087259e+01,2.080984e+01,2.079589e+01,2.081681e+01,2.087956e+01,2.086562e+01,2.094226e+01,2.131770e+01,2.160182e+01,2.165025e+01,2.155337e+01,2.170557e+01,2.169866e+01,2.175395e+01,2.160874e+01,2.157414e+01,2.158798e+01,2.162258e+01,2.162950e+01,2.174013e+01,2.169866e+01,2.171940e+01,2.160874e+01,2.151182e+01,2.124133e+01,2.121355e+01,2.119966e+01,2.121355e+01,2.115796e+01,2.116491e+01,2.116491e+01,2.130382e+01,2.111625e+01,2.113015e+01,2.117186e+01,2.110929e+01,2.127605e+01,2.126911e+01,2.117186e+01,2.117881e+01,2.140094e+01,2.119271e+01,2.127605e+01,2.125522e+01,2.118576e+01,2.117186e+01,2.122050e+01,2.110234e+01,2.122050e+01,2.118576e+01,2.110929e+01,2.106756e+01,2.108843e+01,2.095619e+01,2.094226e+01,2.095619e+01,2.087956e+01,2.070517e+01,2.072611e+01,2.052348e+01,2.052348e+01,2.053047e+01,2.056544e+01,2.057942e+01,2.058641e+01,2.074705e+01,2.085168e+01,2.109539e+01,2.115101e+01,2.124133e+01,2.148411e+01,2.149796e+01,2.149796e+01,2.147025e+01,2.144946e+01,2.147025e+01,2.158798e+01,2.162950e+01,2.167100e+01,2.168483e+01,2.168483e+01,2.163642e+01,2.165025e+01,2.165717e+01,2.166409e+01,2.170557e+01,2.167792e+01,2.162950e+01,2.173322e+01,2.169175e+01,2.168483e+01,2.176777e+01,2.179540e+01,2.177468e+01,2.158106e+01,2.185755e+01,2.180231e+01,2.174704e+01,2.184374e+01,2.181612e+01,2.184374e+01,2.182303e+01,2.186445e+01,2.165717e+01,2.165025e+01,2.163642e+01,2.174013e+01,2.172631e+01,2.179540e+01,2.174013e+01,2.169175e+01,2.167100e+01,2.176777e+01,2.175395e+01,2.174013e+01,2.182303e+01,2.162950e+01,2.165717e+01,2.156029e+01,2.113711e+01,2.080984e+01,2.091440e+01,2.078891e+01,2.089350e+01,2.094226e+01,2.074705e+01,2.087259e+01,2.086562e+01,2.097012e+01,2.090743e+01,2.089350e+01,2.097709e+01,2.101885e+01,2.108148e+01,2.096316e+01,2.110234e+01,2.110234e+01,2.107452e+01,2.108148e+01,2.106756e+01,2.094226e+01,2.101885e+01,2.107452e+01,2.101885e+01,2.104669e+01,2.103277e+01,2.103277e+01,2.101189e+01,2.112320e+01,2.100493e+01,2.090743e+01,2.089350e+01,2.091440e+01,2.083773e+01,2.083773e+01,2.090743e+01,2.090743e+01,2.090047e+01,2.093530e+01,2.083773e+01,2.087956e+01,2.095619e+01,2.095619e+01,2.084470e+01,2.084470e+01,2.083773e+01,2.082378e+01,2.084470e+01,2.099797e+01,2.126217e+01,2.233274e+01,2.437364e+01,2.519895e+01,2.546596e+01,2.595149e+01,2.611726e+01,2.646123e+01,2.638856e+01,2.636873e+01,2.647444e+01,2.646783e+01,2.630923e+01,2.619012e+01,2.606424e+01,2.599130e+01,2.608413e+01,2.579876e+01,2.573228e+01,2.567907e+01,2.557923e+01,2.539260e+01,2.519895e+01,2.515885e+01,2.513879e+01,2.490447e+01,2.470992e+01,2.468306e+01,2.429277e+01,2.417135e+01,2.404303e+01,2.375203e+01,2.375881e+01,2.348060e+01,2.341264e+01,2.320165e+01,2.297657e+01,2.288094e+01,2.284676e+01,2.263461e+01,2.248379e+01,2.239456e+01,2.237395e+01,2.238769e+01,2.213329e+01,2.216771e+01,2.209198e+01,2.196793e+01,2.202997e+01,2.179540e+01,2.178850e+01,2.177468e+01,2.173322e+01,2.157414e+01,2.157414e+01,2.154645e+01,2.162258e+01,2.157414e+01,2.144946e+01,2.141480e+01,2.137320e+01,2.128993e+01,2.140094e+01,2.132464e+01,2.128299e+01,2.131076e+01,2.126217e+01,2.125522e+01,2.125522e+01,2.124133e+01,2.129688e+01,2.129688e+01,2.126911e+01,2.124828e+01,2.126217e+01,2.128993e+01,2.137320e+01,2.126911e+01,2.126217e+01,2.147718e+01,2.128993e+01,2.129688e+01,2.131770e+01,2.128993e+01,2.135239e+01,2.140787e+01,2.138013e+01,2.136626e+01,2.139400e+01,2.142174e+01,2.142174e+01,2.143560e+01,2.140094e+01,2.159490e+01,2.137320e+01,2.152567e+01,2.139400e+01,2.152567e+01,2.157414e+01,2.156721e+01,2.159490e+01,2.158798e+01,2.160182e+01,2.159490e+01,2.158798e+01,2.153260e+01,2.165025e+01,2.165717e+01,2.156029e+01,2.167792e+01,2.158798e+01,2.178159e+01,2.164334e+01,2.175395e+01,2.163642e+01,2.164334e+01,2.178159e+01,2.175395e+01,2.171248e+01,2.178159e+01,2.177468e+01,2.174704e+01,2.172631e+01,2.171248e+01,2.171940e+01,2.172631e+01,2.180231e+01,2.174704e+01,2.180231e+01,2.175395e+01,2.189206e+01,2.187135e+01,2.169866e+01,2.180922e+01,2.181612e+01,2.175395e+01,2.190586e+01,2.180231e+01,2.181612e+01,2.187135e+01,2.194725e+01,2.194725e+01,2.196104e+01,2.194035e+01,2.191965e+01,2.195414e+01,2.198172e+01,2.196104e+01,2.194035e+01,2.191965e+01,2.191276e+01,2.195414e+01,2.200930e+01,2.169175e+01,2.186445e+01,2.204376e+01,2.180922e+01,2.187135e+01,2.186445e+01,2.197483e+01,2.182303e+01,2.190586e+01,2.189896e+01,2.191965e+01,2.188516e+01,2.178850e+01,2.191276e+01,2.181612e+01,2.181612e+01,2.187135e+01,2.201619e+01,2.193345e+01,2.190586e+01,2.191276e+01,2.189896e+01,2.196793e+01,2.190586e+01,2.198172e+01,2.188516e+01,2.200930e+01,2.213329e+01,2.198172e+01,2.204376e+01,2.193345e+01,2.196793e+01,2.211263e+01,2.187825e+01,2.202997e+01,2.200241e+01,2.202997e+01,2.197483e+01,2.189896e+01,2.200930e+01,2.199551e+01,2.194725e+01,2.194725e+01,2.185065e+01,2.195414e+01,2.197483e+01,2.179540e+01,2.191276e+01,2.203687e+01,2.185755e+01,2.193345e+01,2.198862e+01,2.191276e+01,2.187825e+01,2.188516e+01,2.192655e+01,2.187135e+01,2.196104e+01,2.194035e+01,2.191276e+01,2.191276e+01,2.196104e+01,2.194725e+01,2.191965e+01,2.188516e+01,2.185755e+01,2.188516e+01,2.191965e+01,2.187825e+01,2.188516e+01,2.176086e+01,2.185755e+01,2.185065e+01,2.174013e+01,2.176777e+01,2.180922e+01,2.189896e+01
2.174013e+01,2.173322e+01,2.176777e+01,2.187135e+01,2.174013e+01,2.176777e+01,2.191965e+01,2.167792e+01,2.171940e+01,2.168483e+01,2.171248e+01,2.196793e+01,2.178850e+01,2.174013e+01,2.179540e+01,2.190586e+01,2.191965e+01,2.179540e+01,2.189896e+01,2.189896e+01,2.196793e+01,2.196793e+01,2.185065e+01,2.202997e+01,2.176777e+01,2.186445e+01,2.185755e+01,2.185755e+01,2.188516e+01,2.186445e+01,2.192655e+01,2.178850e+01,2.181612e+01,2.184374e+01,2.180231e+01,2.184374e+01,2.194035e+01,2.175395e+01,2.187825e+01,2.187825e+01,2.185755e+01,2.188516e+01,2.197483e+01,2.182993e+01,2.187135e+01,2.182993e+01,2.185755e+01,2.183684e+01,2.178850e+01,2.200241e+01,2.187135e+01,2.191276e+01,2.197483e+01,2.196793e+01,2.189206e+01,2.208509e+01,2.190586e+01,2.196793e+01,2.196104e+01,2.189896e+01,2.191276e+01,2.194725e+01,2.202308e+01,2.196793e+01,2.194035e+01,2.197483e+01,2.200930e+01,2.193345e+01,2.185755e+01,2.191276e+01,2.197483e+01,2.197483e+01,2.188516e+01,2.194035e+01,2.194035e+01,2.191276e+01,2.191965e+01,2.188516e+01,2.189896e+01,2.187825e+01,2.186445e+01,2.187135e+01,2.191276e+01,2.202308e+01,2.169866e+01,2.167792e+01,2.158798e+01,2.174013e+01,2.184374e+01,2.181612e+01,2.164334e+01,2.174013e+01,2.169866e+01,2.162950e+01,2.163642e+01,2.160874e+01,2.159490e+01,2.169175e+01,2.169866e+01,2.159490e+01,2.165717e+01,2.158798e+01,2.154645e+01,2.169866e+01,2.180231e+01,2.149104e+01,2.178159e+01,2.171248e+01,2.162950e+01,2.168483e+01,2.169175e+01,2.170557e+01,2.166409e+01,2.176777e+01,2.187135e+01,2.189206e+01,2.201619e+01,2.200930e+01,2.214017e+01,2.215394e+01,2.237395e+01,2.241516e+01,2.250437e+01,2.262776e+01,2.265516e+01,2.296975e+01,2.340584e+01,2.349419e+01,2.373848e+01,2.392132e+01,2.418485e+01,2.419160e+01,2.447464e+01,2.460915e+01,2.483742e+01,2.492457e+01,2.501165e+01,2.516553e+01,2.537925e+01,2.516553e+01,2.548595e+01,2.557923e+01,2.576552e+01,2.599130e+01,2.609738e+01,2.619012e+01,2.630923e+01,2.642820e+01,2.634890e+01,2.656684e+01,2.655364e+01,2.654045e+01,2.640178e+01,2.617025e+01,2.545262e+01,2.281941e+01,2.126911e+01,2.100493e+01,2.099101e+01,2.098405e+01,2.094226e+01,2.087259e+01,2.098405e+01,2.083773e+01,2.083773e+01,2.090743e+01,2.103973e+01,2.106061e+01,2.097709e+01,2.110234e+01,2.097709e+01,2.095619e+01,2.096316e+01,2.119271e+01,2.097709e+01,2.112320e+01,2.094923e+01,2.109539e+01,2.099797e+01,2.112320e+01,2.097012e+01,2.088653e+01,2.108148e+01,2.108148e+01,2.086562e+01,2.088653e+01,2.080984e+01,2.086562e+01,2.083076e+01,2.077496e+01,2.076100e+01,2.079589e+01,2.079589e+01,2.085865e+01,2.078193e+01,2.074007e+01,2.087259e+01,2.088653e+01,2.083773e+01,2.076100e+01,2.092833e+01,2.090743e+01,2.091440e+01,2.093530e+01,2.110929e+01,2.110929e+01,2.099797e+01,2.099797e+01,2.092137e+01,2.108148e+01,2.107452e+01,2.108843e+01,2.107452e+01,2.094923e+01,2.110234e+01,2.114406e+01,2.115796e+01,2.113711e+01,2.120660e+01,2.118576e+01,2.100493e+01,2.108843e+01,2.101189e+01,2.096316e+01,2.108843e+01,2.101189e+01,2.103277e+01,2.108843e+01,2.094923e+01,2.087956e+01,2.090743e+01,2.101885e+01,2.092137e+01,2.103277e+01,2.097012e+01,2.101189e+01,2.105365e+01,2.106756e+01,2.101885e+01,2.087956e+01,2.076798e+01,2.093530e+01,2.079589e+01,2.083076e+01,2.082378e+01,2.091440e+01,2.087956e+01,2.094923e+01,2.104669e+01,2.166409e+01,2.164334e+01,2.167792e+01,2.165717e+01,2.162258e+01,2.168483e+01,2.167792e+01,2.156721e+01,2.165025e+01,2.166409e+01,2.166409e+01,2.156721e+01,2.144253e+01,2.160874e+01,2.149796e+01,2.157414e+01,2.149104e+01,2.107452e+01,2.109539e+01,2.111625e+01,2.115796e+01,2.111625e+01,2.115101e+01,2.115101e+01,2.117881e+01,2.125522e+01,2.128993e+01,2.119966e+01,2.109539e+01,2.117186e+01,2.125522e+01,2.116491e+01,2.124828e+01,2.117186e+01,2.110234e+01,2.125522e+01,2.126217e+01,2.113711e+01,2.123439e+01,2.122744e+01,2.107452e+01,2.124133e+01,2.104669e+01,2.103973e+01,2.111625e+01,2.089350e+01,2.085168e+01,2.096316e+01,2.075403e+01,2.059340e+01,2.073309e+01,2.062834e+01,2.048150e+01,2.055145e+01,2.054446e+01,2.062135e+01,2.060737e+01,2.083773e+01,2.100493e+01,2.103973e+01,2.117881e+01,2.135933e+01,2.140094e+01,2.141480e+01,2.151182e+01,2.147718e+01,2.151875e+01,2.154645e+01,2.149104e+01,2.157414e+01,2.156029e+01,2.169866e+01,2.162258e+01,2.158798e+01,2.160874e+01,2.168483e+01,2.165717e+01,2.169175e+01,2.170557e+01,2.173322e+01,2.172631e+01,2.171940e+01,2.179540e+01,2.182993e+01,2.174013e+01,2.172631e+01,2.185065e+01,2.183684e+01,2.183684e+01,2.186445e+01,2.171248e+01,2.188516e+01,2.175395e+01,2.183684e+01,2.182993e+01,2.165717e+01,2.169866e+01,2.175395e+01,2.175395e+01,2.175395e+01,2.167792e+01,2.175395e+01,2.169866e+01,2.174013e+01,2.172631e+01,2.165025e+01,2.171248e+01,2.182303e+01,2.180922e+01,2.169175e+01,2.160874e+01,2.115796e+01,2.087259e+01,2.073309e+01,2.088653e+01,2.092833e+01,2.090047e+01,2.080286e+01,2.086562e+01,2.087956e+01,2.085168e+01,2.086562e+01,2.087956e+01,2.089350e+01,2.082378e+01,2.101189e+01,2.100493e+01,2.097012e+01,2.110234e+01,2.103973e+01,2.100493e+01,2.094226e+01,2.105365e+01,2.091440e+01,2.091440e+01,2.108148e+01,2.110234e+01,2.101189e+01,2.108843e+01,2.101885e+01,2.101189e+01,2.101189e+01,2.097709e+01,2.088653e+01,2.096316e+01,2.091440e+01,2.087956e+01,2.090743e+01,2.090743e+01,2.067025e+01,2.085168e+01,2.086562e+01,2.082378e+01,2.083076e+01,2.079589e+01,2.079589e+01,2.078193e+01,2.074007e+01,2.078193e+01,2.080286e+01,2.101885e+01,2.123439e+01,2.255923e+01,2.431299e+01,2.514547e+01,2.548595e+01,2.575887e+01,2.608413e+01,2.616363e+01,2.640178e+01,2.630923e+01,2.634229e+01,2.622983e+01,2.626292e+01,2.622983e+01,2.600457e+01,2.605761e+01,2.603109e+01,2.593822e+01,2.567241e+01,2.574558e+01,2.532586e+01,2.537925e+01,2.523905e+01,2.512541e+01,2.481730e+01,2.474349e+01,2.456209e+01,2.449483e+01,2.431973e+01,2.404303e+01,2.396190e+01,2.371136e+01,2.364355e+01,2.352136e+01,2.321527e+01,2.308576e+01,2.292877e+01,2.288777e+01,2.283309e+01,2.247692e+01,2.254551e+01,2.242888e+01,2.240142e+01,2.220899e+01,2.209886e+01,2.210575e+01,2.202997e+01,2.198172e+01,2.202997e+01,2.180231e+01,2.173322e+01,2.178850e+01,2.166409e+01,2.164334e+01,2.164334e+01,2.156029e+01,2.159490e+01,2.160874e+01,2.147025e+01,2.147025e+01,2.133158e+01,2.134545e+01,2.137320e+01,2.144946e+01,2.140094e+01,2.131770e+01,2.133158e+01,2.129688e+01,2.126911e+01,2.142174e+01,2.125522e+01,2.125522e+01,2.126217e+01,2.128299e+01,2.130382e+01,2.131770e+01,2.137320e+01,2.124828e+01,2.124828e+01,2.133158e+01,2.129688e+01,2.137320e+01,2.126911e+01,2.133158e+01,2.127605e+01,2.134545e+01,2.133851e+01,2.150489e+01,2.144946e+01,2.134545e+01,2.140787e+01,2.132464e+01,2.146332e+01,2.137320e+01,2.151875e+01,2.147718e+01,2.160182e+01,2.152567e+01,2.165025e+01,2.157414e+01,2.160874e+01,2.157414e+01,2.156029e+01,2.158106e+01,2.153952e+01,2.160182e+01,2.165717e+01,2.174704e+01,2.169866e+01,2.165717e+01,2.162258e+01,2.164334e+01,2.175395e+01,2.182993e+01,2.176086e+01,2.177468e+01,2.172631e+01,2.167792e+01,2.162258e+01,2.164334e+01,2.167792e+01,2.169175e+01,2.167100e+01,2.174013e+01,2.171248e+01,2.174013e+01,2.173322e+01,2.171940e+01,2.171248e+01,2.169866e+01,2.183684e+01,2.183684e+01,2.182303e+01,2.173322e+01,2.181612e+01,2.189206e+01,2.191965e+01,2.191276e+01,2.195414e+01,2.189206e+01,2.200241e+01,2.180231e+01,2.191276e+01,2.171248e+01,2.191965e+01,2.196104e+01,2.193345e+01,2.196104e+01,2.185755e+01,2.193345e+01,2.193345e+01,2.186445e+01,2.193345e+01,2.184374e+01,2.189206e+01,2.199551e+01,2.198172e+01,2.191276e+01,2.184374e+01,2.197483e+01,2.188516e+01,2.196104e+01,2.193345e+01,2.178850e+01,2.191965e+01,2.196104e+01,2.205754e+01,2.184374e+01,2.188516e+01,2.195414e+01,2.191276e+01,2.189896e+01,2.200241e+01,2.189206e+01,2.189896e+01,2.197483e+01,2.191276e+01,2.191276e+01,2.200930e+01,2.189206e+01,2.216082e+01,2.186445e+01,2.198862e+01,2.189206e+01,2.194035e+01,2.181612e+01,2.200241e+01,2.195414e+01,2.190586e+01,2.194725e+01,2.192655e+01,2.194035e+01,2.190586e+01,2.207131e+01,2.197483e+01,2.196104e+01,2.192655e+01,2.194035e+01,2.192655e+01,2.191276e+01,2.181612e+01,2.187135e+01,2.193345e+01,2.178850e+01,2.196104e+01,2.204376e+01,2.197483e+01,2.192655e+01,2.191276e+01,2.198172e+01,2.186445e+01,2.199551e+01,2.192655e+01,2.196104e+01,2.189896e+01,2.183684e+01,2.181612e+01,2.181612e+01,2.190586e+01,2.189896e+01,2.179540e+01,2.188516e+01,2.184374e+01,2.183684e+01,2.189896e+01,2.182993e+01,2.206442e+01,2.165717e+01,2.176086e+01,2.185065e+01
2.175395e+01,2.174704e+01,2.180922e+01,2.179540e+01,2.169866e+01,2.174704e+01,2.181612e+01,2.168483e+01,2.179540e+01,2.178159e+01,2.176086e+01,2.178850e+01,2.175395e+01,2.187135e+01,2.191965e+01,2.189896e+01,2.177468e+01,2.191965e+01,2.190586e+01,2.187135e+01,2.181612e+01,2.191276e+01,2.187135e+01,2.191276e+01,2.184374e+01,2.191965e+01,2.184374e+01,2.180231e+01,2.176777e+01,2.187825e+01,2.182993e+01,2.186445e+01,2.198172e+01,2.185065e+01,2.194035e+01,2.181612e+01,2.197483e+01,2.189206e+01,2.163642e+01,2.194725e+01,2.192655e+01,2.194725e+01,2.187825e+01,2.200930e+01,2.185065e+01,2.176086e+01,2.194035e+01,2.196104e+01,2.190586e+01,2.185065e+01,2.176086e+01,2.189206e+01,2.196793e+01,2.194035e+01,2.189896e+01,2.191965e+01,2.194725e+01,2.188516e+01,2.189896e+01,2.209198e+01,2.199551e+01,2.194725e+01,2.206442e+01,2.177468e+01,2.201619e+01,2.203687e+01,2.199551e+01,2.201619e+01,2.200930e+01,2.193345e+01,2.199551e+01,2.192655e+01,2.192655e+01,2.188516e+01,2.191276e+01,2.191276e+01,2.182993e+01,2.189206e+01,2.180922e+01,2.186445e+01,2.185755e+01,2.187825e+01,2.184374e+01,2.184374e+01,2.180922e+01,2.169175e+01,2.169866e+01,2.185065e+01,2.184374e+01,2.157414e+01,2.160182e+01,2.180231e+01,2.164334e+01,2.169866e+01,2.173322e+01,2.165025e+01,2.165025e+01,2.173322e+01,2.169175e+01,2.162950e+01,2.158798e+01,2.138013e+01,2.159490e+01,2.161566e+01,2.177468e+01,2.157414e+01,2.169866e+01,2.156721e+01,2.172631e+01,2.170557e+01,2.164334e+01,2.163642e+01,2.172631e+01,2.171248e+01,2.169175e+01,2.195414e+01,2.199551e+01,2.192655e+01,2.216771e+01,2.222275e+01,2.236709e+01,2.239456e+01,2.255923e+01,2.255923e+01,2.297657e+01,2.305848e+01,2.322890e+01,2.344662e+01,2.369781e+01,2.396190e+01,2.394838e+01,2.423208e+01,2.442078e+01,2.473006e+01,2.478376e+01,2.513210e+01,2.492457e+01,2.515885e+01,2.529916e+01,2.542595e+01,2.545929e+01,2.556591e+01,2.568572e+01,2.595149e+01,2.605099e+01,2.598467e+01,2.620998e+01,2.619012e+01,2.640838e+01,2.643481e+01,2.656024e+01,2.657344e+01,2.643481e+01,2.615701e+01,2.575887e+01,2.478376e+01,2.222962e+01,2.131770e+01,2.097012e+01,2.091440e+01,2.092833e+01,2.079589e+01,2.083773e+01,2.089350e+01,2.097709e+01,2.093530e+01,2.098405e+01,2.097012e+01,2.099797e+01,2.098405e+01,2.089350e+01,2.099797e+01,2.095619e+01,2.094226e+01,2.097709e+01,2.097012e+01,2.101189e+01,2.104669e+01,2.086562e+01,2.088653e+01,2.095619e+01,2.090743e+01,2.103973e+01,2.084470e+01,2.077496e+01,2.080286e+01,2.082378e+01,2.082378e+01,2.084470e+01,2.080984e+01,2.075403e+01,2.077496e+01,2.076100e+01,2.083773e+01,2.083773e+01,2.074007e+01,2.072611e+01,2.083076e+01,2.091440e+01,2.089350e+01,2.099797e+01,2.087259e+01,2.091440e+01,2.109539e+01,2.096316e+01,2.093530e+01,2.113015e+01,2.093530e+01,2.108843e+01,2.105365e+01,2.097709e+01,2.107452e+01,2.103973e+01,2.110929e+01,2.110929e+01,2.095619e+01,2.103973e+01,2.094923e+01,2.107452e+01,2.106756e+01,2.104669e+01,2.104669e+01,2.103277e+01,2.103973e+01,2.099797e+01,2.099101e+01,2.088653e+01,2.092137e+01,2.101885e+01,2.100493e+01,2.092833e+01,2.076798e+01,2.099101e+01,2.092137e+01,2.092137e+01,2.088653e+01,2.094226e+01,2.076798e+01,2.094226e+01,2.099797e+01,2.070517e+01,2.083773e+01,2.090047e+01,2.081681e+01,2.076100e+01,2.087956e+01,2.090743e+01,2.063532e+01,2.097709e+01,2.153952e+01,2.158106e+01,2.162258e+01,2.158798e+01,2.162258e+01,2.163642e+01,2.173322e+01,2.177468e+01,2.171940e+01,2.161566e+01,2.166409e+01,2.165717e+01,2.154645e+01,2.161566e+01,2.156029e+01,2.152567e+01,2.160182e+01,2.153952e+01,2.124828e+01,2.108843e+01,2.113711e+01,2.108148e+01,2.110929e+01,2.106061e+01,2.109539e+01,2.117186e+01,2.112320e+01,2.108148e+01,2.109539e+01,2.113711e+01,2.101885e+01,2.101189e+01,2.116491e+01,2.114406e+01,2.110929e+01,2.108843e+01,2.110234e+01,2.124133e+01,2.115796e+01,2.114406e+01,2.123439e+01,2.120660e+01,2.104669e+01,2.105365e+01,2.108843e+01,2.101885e+01,2.100493e+01,2.101189e+01,2.076798e+01,2.073309e+01,2.062834e+01,2.051648e+01,2.039050e+01,2.051648e+01,2.051648e+01,2.060039e+01,2.062834e+01,2.081681e+01,2.101885e+01,2.080984e+01,2.112320e+01,2.117186e+01,2.131076e+01,2.152567e+01,2.149104e+01,2.147025e+01,2.149796e+01,2.144253e+01,2.158106e+01,2.167100e+01,2.165717e+01,2.156721e+01,2.160874e+01,2.159490e+01,2.172631e+01,2.165717e+01,2.165717e+01,2.165025e+01,2.168483e+01,2.179540e+01,2.180922e+01,2.180922e+01,2.169866e+01,2.180231e+01,2.180231e+01,2.185755e+01,2.180231e+01,2.185065e+01,2.184374e+01,2.184374e+01,2.198862e+01,2.174704e+01,2.172631e+01,2.191276e+01,2.176777e+01,2.180922e+01,2.173322e+01,2.167100e+01,2.166409e+01,2.177468e+01,2.179540e+01,2.167100e+01,2.159490e+01,2.171940e+01,2.173322e+01,2.162950e+01,2.165717e+01,2.168483e+01,2.162258e+01,2.169866e+01,2.157414e+01,2.115101e+01,2.092137e+01,2.070517e+01,2.087259e+01,2.084470e+01,2.071215e+01,2.088653e+01,2.094226e+01,2.087259e+01,2.080286e+01,2.081681e+01,2.080984e+01,2.094226e+01,2.088653e+01,2.099797e+01,2.100493e+01,2.101189e+01,2.099797e+01,2.102581e+01,2.100493e+01,2.104669e+01,2.094226e+01,2.113015e+01,2.097709e+01,2.094923e+01,2.112320e+01,2.110234e+01,2.103973e+01,2.102581e+01,2.097709e+01,2.089350e+01,2.099101e+01,2.080286e+01,2.098405e+01,2.080984e+01,2.087956e+01,2.078891e+01,2.087259e+01,2.072611e+01,2.077496e+01,2.099797e+01,2.082378e+01,2.071913e+01,2.080984e+01,2.084470e+01,2.083076e+01,2.083773e+01,2.078193e+01,2.084470e+01,2.120660e+01,2.189896e+01,2.343983e+01,2.431299e+01,2.501834e+01,2.551261e+01,2.573228e+01,2.593822e+01,2.630923e+01,2.626292e+01,2.628277e+01,2.634890e+01,2.633568e+01,2.627615e+01,2.611726e+01,2.603772e+01,2.591831e+01,2.587183e+01,2.561917e+01,2.576552e+01,2.527245e+01,2.537258e+01,2.535924e+01,2.503173e+01,2.503843e+01,2.475020e+01,2.481059e+01,2.451501e+01,2.446791e+01,2.401600e+01,2.399571e+01,2.395514e+01,2.360962e+01,2.349419e+01,2.336503e+01,2.317439e+01,2.293560e+01,2.290144e+01,2.283309e+01,2.256608e+01,2.253866e+01,2.252494e+01,2.240829e+01,2.225026e+01,2.235335e+01,2.231212e+01,2.214706e+01,2.191965e+01,2.199551e+01,2.190586e+01,2.173322e+01,2.183684e+01,2.186445e+01,2.172631e+01,2.166409e+01,2.163642e+01,2.158798e+01,2.156721e+01,2.150489e+01,2.142174e+01,2.142867e+01,2.142867e+01,2.133158e+01,2.136626e+01,2.131770e+01,2.135239e+01,2.133851e+01,2.134545e+01,2.127605e+01,2.128993e+01,2.138707e+01,2.123439e+01,2.126911e+01,2.138013e+01,2.131770e+01,2.130382e+01,2.138013e+01,2.124828e+01,2.135239e+01,2.120660e+01,2.126911e+01,2.124133e+01,2.124828e+01,2.131076e+01,2.125522e+01,2.134545e+01,2.135933e+01,2.138013e+01,2.149104e+01,2.145639e+01,2.141480e+01,2.143560e+01,2.143560e+01,2.135239e+01,2.140094e+01,2.150489e+01,2.147718e+01,2.156721e+01,2.145639e+01,2.169175e+01,2.158798e+01,2.158106e+01,2.160182e+01,2.156721e+01,2.158798e+01,2.161566e+01,2.160182e+01,2.162950e+01,2.161566e+01,2.169866e+01,2.170557e+01,2.168483e+01,2.177468e+01,2.165025e+01,2.179540e+01,2.184374e+01,2.174013e+01,2.153260e+01,2.167792e+01,2.156029e+01,2.171248e+01,2.169175e+01,2.162258e+01,2.170557e+01,2.164334e+01,2.172631e+01,2.165717e+01,2.174013e+01,2.182303e+01,2.174013e+01,2.184374e+01,2.171940e+01,2.185755e+01,2.182993e+01,2.187135e+01,2.181612e+01,2.183684e+01,2.184374e+01,2.199551e+01,2.189896e+01,2.200241e+01,2.190586e+01,2.179540e+01,2.200930e+01,2.182303e+01,2.194725e+01,2.189206e+01,2.182993e+01,2.185065e+01,2.194725e+01,2.200241e+01,2.182993e+01,2.187135e+01,2.194035e+01,2.185065e+01,2.198862e+01,2.197483e+01,2.200930e+01,2.180231e+01,2.182303e+01,2.188516e+01,2.199551e+01,2.200241e+01,2.179540e+01,2.199551e+01,2.190586e+01,2.192655e+01,2.189206e+01,2.184374e+01,2.189896e+01,2.195414e+01,2.186445e+01,2.190586e+01,2.184374e+01,2.188516e+01,2.196104e+01,2.200241e+01,2.193345e+01,2.190586e+01,2.189896e+01,2.194035e+01,2.199551e+01,2.187825e+01,2.188516e+01,2.200241e+01,2.197483e+01,2.193345e+01,2.197483e+01,2.196793e+01,2.187135e+01,2.191276e+01,2.190586e+01,2.188516e+01,2.180231e+01,2.191965e+01,2.182303e+01,2.200241e+01,2.185755e+01,2.194035e+01,2.184374e+01,2.196104e+01,2.187135e+01,2.183684e+01,2.197483e+01,2.206442e+01,2.187135e+01,2.197483e+01,2.194725e+01,2.191965e+01,2.197483e+01,2.186445e+01,2.181612e+01,2.187135e+01,2.190586e+01,2.187135e+01,2.194035e+01,2.198862e+01,2.199551e+01,2.185755e+01,2.190586e+01,2.189896e+01,2.189206e+01,2.180231e+01,2.187135e+01,2.188516e+01,2.184374e+01,2.196793e+01,2.191276e+01,2.179540e+01,2.182303e+01,2.182303e+01
2.176086e+01,2.176086e+01,2.181612e+01,2.178850e+01,2.182303e+01,2.186445e+01,2.174704e+01,2.171940e+01,2.175395e+01,2.191276e+01,2.188516e+01,2.185755e+01,2.176086e+01,2.179540e+01,2.185065e+01,2.191276e+01,2.188516e+01,2.194035e+01,2.180231e+01,2.171248e+01,2.199551e+01,2.190586e+01,2.191276e+01,2.182303e+01,2.185755e+01,2.180922e+01,2.191276e+01,2.178850e+01,2.188516e+01,2.189206e+01,2.182303e+01,2.190586e+01,2.194725e+01,2.183684e+01,2.189896e+01,2.183684e+01,2.181612e+01,2.183684e+01,2.187135e+01,2.190586e+01,2.198862e+01,2.200241e+01,2.198172e+01,2.187135e+01,2.202997e+01,2.200930e+01,2.190586e+01,2.195414e+01,2.198862e+01,2.202997e+01,2.196104e+01,2.194035e+01,2.190586e+01,2.191965e+01,2.206442e+01,2.205754e+01,2.186445e+01,2.191965e+01,2.197483e+01,2.173322e+01,2.196104e+01,2.193345e+01,2.200241e+01,2.182993e+01,2.184374e+01,2.194035e+01,2.190586e+01,2.198862e+01,2.184374e+01,2.191276e+01,2.196793e+01,2.200930e+01,2.196104e+01,2.190586e+01,2.192655e+01,2.192655e+01,2.194725e+01,2.194035e+01,2.187135e+01,2.182303e+01,2.200930e+01,2.184374e+01,2.185065e+01,2.183684e+01,2.193345e+01,2.185755e+01,2.188516e+01,2.186445e+01,2.185755e+01,2.180231e+01,2.174704e+01,2.182303e+01,2.182303e+01,2.178159e+01,2.171248e+01,2.178159e+01,2.153952e+01,2.167100e+01,2.156721e+01,2.167100e+01,2.166409e+01,2.167792e+01,2.155337e+01,2.160182e+01,2.167792e+01,2.164334e+01,2.150489e+01,2.171248e+01,2.166409e+01,2.187135e+01,2.173322e+01,2.176086e+01,2.182303e+01,2.183684e+01,2.180231e+01,2.185065e+01,2.209886e+01,2.212641e+01,2.199551e+01,2.208509e+01,2.236022e+01,2.240142e+01,2.249751e+01,2.262091e+01,2.296975e+01,2.321527e+01,2.321527e+01,2.346701e+01,2.349419e+01,2.373848e+01,2.421184e+01,2.422533e+01,2.452846e+01,2.476362e+01,2.482401e+01,2.490447e+01,2.515885e+01,2.513210e+01,2.505182e+01,2.537925e+01,2.558588e+01,2.566576e+01,2.582533e+01,2.573893e+01,2.600457e+01,2.604436e+01,2.620336e+01,2.639517e+01,2.630261e+01,2.656684e+01,2.652725e+01,2.648104e+01,2.669212e+01,2.639517e+01,2.603772e+01,2.543929e+01,2.479047e+01,2.334462e+01,2.163642e+01,2.115101e+01,2.091440e+01,2.085865e+01,2.092137e+01,2.102581e+01,2.089350e+01,2.094923e+01,2.095619e+01,2.101885e+01,2.099797e+01,2.099797e+01,2.099101e+01,2.098405e+01,2.117186e+01,2.083773e+01,2.097012e+01,2.101189e+01,2.104669e+01,2.099101e+01,2.099797e+01,2.083076e+01,2.072611e+01,2.079589e+01,2.092137e+01,2.091440e+01,2.080286e+01,2.081681e+01,2.074007e+01,2.086562e+01,2.078891e+01,2.078891e+01,2.085865e+01,2.073309e+01,2.078193e+01,2.077496e+01,2.092833e+01,2.077496e+01,2.080286e+01,2.088653e+01,2.097012e+01,2.099101e+01,2.098405e+01,2.124828e+01,2.110234e+01,2.096316e+01,2.102581e+01,2.101885e+01,2.094923e+01,2.096316e+01,2.096316e+01,2.092833e+01,2.106061e+01,2.095619e+01,2.097709e+01,2.093530e+01,2.104669e+01,2.108843e+01,2.099797e+01,2.105365e+01,2.100493e+01,2.100493e+01,2.109539e+01,2.101885e+01,2.101189e+01,2.103277e+01,2.101885e+01,2.101885e+01,2.096316e+01,2.099797e+01,2.083076e+01,2.088653e+01,2.087259e+01,2.089350e+01,2.089350e+01,2.092833e+01,2.089350e+01,2.109539e+01,2.107452e+01,2.097012e+01,2.099797e+01,2.098405e+01,2.090047e+01,2.071913e+01,2.078891e+01,2.089350e+01,2.085865e+01,2.083076e+01,2.082378e+01,2.103277e+01,2.096316e+01,2.144253e+01,2.161566e+01,2.160182e+01,2.164334e+01,2.171248e+01,2.161566e+01,2.167100e+01,2.171940e+01,2.166409e+01,2.171940e+01,2.158798e+01,2.167792e+01,2.167792e+01,2.158106e+01,2.160874e+01,2.167100e+01,2.165025e+01,2.148411e+01,2.150489e+01,2.136626e+01,2.124133e+01,2.106756e+01,2.107452e+01,2.105365e+01,2.111625e+01,2.107452e+01,2.110929e+01,2.109539e+01,2.105365e+01,2.105365e+01,2.110234e+01,2.103277e+01,2.114406e+01,2.101189e+01,2.115101e+01,2.123439e+01,2.111625e+01,2.115101e+01,2.113015e+01,2.110234e+01,2.124828e+01,2.115796e+01,2.107452e+01,2.115101e+01,2.108843e+01,2.106756e+01,2.099797e+01,2.091440e+01,2.080286e+01,2.080286e+01,2.074007e+01,2.057942e+01,2.061436e+01,2.059340e+01,2.060737e+01,2.056544e+01,2.058641e+01,2.071215e+01,2.082378e+01,2.104669e+01,2.107452e+01,2.131770e+01,2.128299e+01,2.143560e+01,2.153260e+01,2.153260e+01,2.147025e+01,2.152567e+01,2.162258e+01,2.168483e+01,2.165025e+01,2.160874e+01,2.167100e+01,2.162258e+01,2.161566e+01,2.164334e+01,2.167792e+01,2.170557e+01,2.167792e+01,2.179540e+01,2.171248e+01,2.181612e+01,2.174013e+01,2.179540e+01,2.175395e+01,2.184374e+01,2.185065e+01,2.185065e+01,2.173322e+01,2.181612e+01,2.185755e+01,2.182993e+01,2.187825e+01,2.187825e+01,2.183684e+01,2.172631e+01,2.171248e+01,2.174013e+01,2.173322e+01,2.178850e+01,2.171940e+01,2.172631e+01,2.157414e+01,2.174704e+01,2.171940e+01,2.182303e+01,2.162950e+01,2.181612e+01,2.178850e+01,2.159490e+01,2.154645e+01,2.132464e+01,2.090047e+01,2.098405e+01,2.090047e+01,2.085168e+01,2.093530e+01,2.083773e+01,2.082378e+01,2.087956e+01,2.084470e+01,2.080286e+01,2.084470e+01,2.086562e+01,2.091440e+01,2.099101e+01,2.104669e+01,2.096316e+01,2.106756e+01,2.110234e+01,2.107452e+01,2.094226e+01,2.103277e+01,2.109539e+01,2.097012e+01,2.111625e+01,2.110929e+01,2.098405e+01,2.103277e+01,2.106061e+01,2.097012e+01,2.093530e+01,2.098405e+01,2.095619e+01,2.080984e+01,2.080984e+01,2.097012e+01,2.081681e+01,2.083076e+01,2.084470e+01,2.086562e+01,2.063532e+01,2.087956e+01,2.081681e+01,2.078193e+01,2.084470e+01,2.078193e+01,2.077496e+01,2.093530e+01,2.153260e+01,2.226401e+01,2.299706e+01,2.351457e+01,2.430625e+01,2.502504e+01,2.543262e+01,2.559920e+01,2.595813e+01,2.608413e+01,2.620336e+01,2.624307e+01,2.622983e+01,2.620998e+01,2.620336e+01,2.614376e+01,2.607087e+01,2.600457e+01,2.593158e+01,2.571898e+01,2.561917e+01,2.552594e+01,2.533921e+01,2.529248e+01,2.524573e+01,2.491117e+01,2.477034e+01,2.454192e+01,2.433321e+01,2.420509e+01,2.427929e+01,2.401600e+01,2.362319e+01,2.367746e+01,2.340584e+01,2.320846e+01,2.309940e+01,2.292877e+01,2.291510e+01,2.281941e+01,2.273732e+01,2.260035e+01,2.236709e+01,2.244948e+01,2.228463e+01,2.231900e+01,2.230525e+01,2.217459e+01,2.194725e+01,2.193345e+01,2.198862e+01,2.191965e+01,2.178159e+01,2.176086e+01,2.178159e+01,2.165025e+01,2.161566e+01,2.160182e+01,2.147718e+01,2.151875e+01,2.146332e+01,2.151182e+01,2.138013e+01,2.151875e+01,2.128299e+01,2.138013e+01,2.124133e+01,2.125522e+01,2.134545e+01,2.128993e+01,2.125522e+01,2.128993e+01,2.130382e+01,2.137320e+01,2.133851e+01,2.113711e+01,2.137320e+01,2.133158e+01,2.131076e+01,2.140787e+01,2.131076e+01,2.128299e+01,2.126217e+01,2.112320e+01,2.124133e+01,2.133851e+01,2.133158e+01,2.136626e+01,2.133158e+01,2.138013e+01,2.132464e+01,2.142867e+01,2.138707e+01,2.138013e+01,2.141480e+01,2.142174e+01,2.149796e+01,2.132464e+01,2.140787e+01,2.141480e+01,2.144253e+01,2.155337e+01,2.151875e+01,2.151182e+01,2.149104e+01,2.160182e+01,2.155337e+01,2.151875e+01,2.158798e+01,2.156029e+01,2.168483e+01,2.158106e+01,2.174704e+01,2.159490e+01,2.175395e+01,2.179540e+01,2.163642e+01,2.169866e+01,2.170557e+01,2.159490e+01,2.170557e+01,2.156029e+01,2.168483e+01,2.176086e+01,2.171248e+01,2.172631e+01,2.167100e+01,2.169866e+01,2.179540e+01,2.183684e+01,2.170557e+01,2.178850e+01,2.164334e+01,2.173322e+01,2.176777e+01,2.178850e+01,2.182993e+01,2.185755e+01,2.205065e+01,2.204376e+01,2.190586e+01,2.198172e+01,2.185755e+01,2.182993e+01,2.175395e+01,2.198862e+01,2.172631e+01,2.189896e+01,2.211263e+01,2.186445e+01,2.191965e+01,2.197483e+01,2.184374e+01,2.184374e+01,2.188516e+01,2.191965e+01,2.189206e+01,2.189896e+01,2.200241e+01,2.191276e+01,2.199551e+01,2.194725e+01,2.181612e+01,2.191276e+01,2.187135e+01,2.187135e+01,2.184374e+01,2.188516e+01,2.190586e+01,2.192655e+01,2.191276e+01,2.169866e+01,2.186445e+01,2.193345e+01,2.198172e+01,2.207820e+01,2.184374e+01,2.196793e+01,2.195414e+01,2.191276e+01,2.198862e+01,2.201619e+01,2.202997e+01,2.204376e+01,2.202997e+01,2.201619e+01,2.196793e+01,2.196793e+01,2.196793e+01,2.195414e+01,2.196793e+01,2.176086e+01,2.194725e+01,2.201619e+01,2.185065e+01,2.199551e+01,2.197483e+01,2.197483e+01,2.216771e+01,2.218147e+01,2.194725e+01,2.196793e+01,2.187135e+01,2.193345e+01,2.182303e+01,2.182303e+01,2.200930e+01,2.191276e+01,2.171940e+01,2.194035e+01,2.191276e+01,2.194035e+01,2.191965e+01,2.180231e+01,2.191965e+01,2.192655e+01,2.181612e+01,2.194725e+01,2.202308e+01,2.179540e+01,2.189896e+01,2.176777e+01,2.194035e+01,2.189896e+01,2.185755e+01,2.196104e+01,2.194725e+01,2.186445e+01,2.163642e+01,2.191276e+01,2.182993e+01,2.175395e+01
2.176777e+01,2.178159e+01,2.179540e+01,2.180231e+01,2.172631e+01,2.171248e+01,2.174013e+01,2.173322e+01,2.174013e+01,2.179540e+01,2.174013e+01,2.172631e+01,2.175395e+01,2.187135e+01,2.185755e+01,2.190586e+01,2.194035e+01,2.197483e+01,2.189896e+01,2.186445e+01,2.196793e+01,2.178159e+01,2.180922e+01,2.182993e+01,2.193345e+01,2.184374e+01,2.191965e+01,2.189896e+01,2.191276e+01,2.188516e+01,2.182993e+01,2.187135e+01,2.187135e+01,2.183684e+01,2.202308e+01,2.187825e+01,2.180922e+01,2.190586e+01,2.194035e+01,2.191276e+01,2.188516e+01,2.200930e+01,2.194035e+01,2.202308e+01,2.202308e+01,2.185755e+01,2.196793e+01,2.194035e+01,2.200241e+01,2.200930e+01,2.203687e+01,2.198862e+01,2.201619e+01,2.201619e+01,2.192655e+01,2.192655e+01,2.199551e+01,2.187825e+01,2.192655e+01,2.193345e+01,2.209886e+01,2.209198e+01,2.190586e+01,2.197483e+01,2.227088e+01,2.185755e+01,2.198172e+01,2.196104e+01,2.196793e+01,2.187135e+01,2.200241e+01,2.190586e+01,2.199551e+01,2.191965e+01,2.191965e+01,2.196793e+01,2.196793e+01,2.191276e+01,2.192655e+01,2.191276e+01,2.187135e+01,2.187135e+01,2.183684e+01,2.191276e+01,2.163642e+01,2.184374e+01,2.187135e+01,2.186445e+01,2.185065e+01,2.162258e+01,2.167100e+01,2.162950e+01,2.180922e+01,2.182993e+01,2.164334e+01,2.168483e+01,2.162258e+01,2.165717e+01,2.172631e+01,2.167100e+01,2.168483e+01,2.170557e+01,2.166409e+01,2.156721e+01,2.168483e+01,2.163642e+01,2.162258e+01,2.176086e+01,2.180922e+01,2.162950e+01,2.171248e+01,2.171940e+01,2.181612e+01,2.180922e+01,2.188516e+01,2.184374e+01,2.195414e+01,2.191276e+01,2.219523e+01,2.225026e+01,2.234648e+01,2.239456e+01,2.255237e+01,2.268255e+01,2.277837e+01,2.296292e+01,2.321527e+01,2.350778e+01,2.370458e+01,2.375881e+01,2.409708e+01,2.425231e+01,2.456881e+01,2.456881e+01,2.485754e+01,2.485084e+01,2.502504e+01,2.502504e+01,2.512541e+01,2.534589e+01,2.549928e+01,2.542595e+01,2.561252e+01,2.574558e+01,2.587847e+01,2.606424e+01,2.612389e+01,2.620336e+01,2.652065e+01,2.650084e+01,2.644141e+01,2.661961e+01,2.658003e+01,2.658663e+01,2.632907e+01,2.603772e+01,2.560586e+01,2.514547e+01,2.422533e+01,2.250437e+01,2.132464e+01,2.115796e+01,2.101189e+01,2.094226e+01,2.087259e+01,2.101189e+01,2.099797e+01,2.087956e+01,2.099101e+01,2.097709e+01,2.099101e+01,2.097709e+01,2.099797e+01,2.099101e+01,2.099797e+01,2.098405e+01,2.099797e+01,2.083773e+01,2.123439e+01,2.083773e+01,2.082378e+01,2.074705e+01,2.082378e+01,2.082378e+01,2.074705e+01,2.080984e+01,2.074007e+01,2.086562e+01,2.074007e+01,2.070517e+01,2.076100e+01,2.078891e+01,2.071215e+01,2.087259e+01,2.101189e+01,2.076798e+01,2.070517e+01,2.102581e+01,2.085865e+01,2.092137e+01,2.097709e+01,2.094226e+01,2.097012e+01,2.095619e+01,2.096316e+01,2.094226e+01,2.099797e+01,2.105365e+01,2.100493e+01,2.098405e+01,2.104669e+01,2.095619e+01,2.094923e+01,2.093530e+01,2.095619e+01,2.091440e+01,2.090743e+01,2.092137e+01,2.104669e+01,2.097709e+01,2.102581e+01,2.107452e+01,2.097012e+01,2.100493e+01,2.099797e+01,2.101189e+01,2.097709e+01,2.092833e+01,2.090047e+01,2.113711e+01,2.090047e+01,2.088653e+01,2.088653e+01,2.091440e+01,2.090047e+01,2.077496e+01,2.090743e+01,2.080984e+01,2.097012e+01,2.097709e+01,2.088653e+01,2.090743e+01,2.080286e+01,2.069818e+01,2.069120e+01,2.078891e+01,2.071215e+01,2.082378e+01,2.096316e+01,2.114406e+01,2.158106e+01,2.149104e+01,2.167792e+01,2.151875e+01,2.162950e+01,2.162258e+01,2.158798e+01,2.151182e+01,2.158798e+01,2.167792e+01,2.162258e+01,2.157414e+01,2.158798e+01,2.161566e+01,2.156029e+01,2.164334e+01,2.140787e+01,2.147718e+01,2.154645e+01,2.118576e+01,2.112320e+01,2.110929e+01,2.110234e+01,2.113711e+01,2.110929e+01,2.116491e+01,2.113015e+01,2.099797e+01,2.102581e+01,2.106061e+01,2.113015e+01,2.113711e+01,2.099101e+01,2.115796e+01,2.117186e+01,2.097709e+01,2.096316e+01,2.119966e+01,2.111625e+01,2.105365e+01,2.109539e+01,2.099101e+01,2.103973e+01,2.103973e+01,2.100493e+01,2.097709e+01,2.089350e+01,2.092833e+01,2.080984e+01,2.069818e+01,2.060039e+01,2.057942e+01,2.058641e+01,2.057942e+01,2.069120e+01,2.078193e+01,2.063532e+01,2.078891e+01,2.080984e+01,2.102581e+01,2.104669e+01,2.148411e+01,2.135933e+01,2.149104e+01,2.152567e+01,2.149104e+01,2.144946e+01,2.161566e+01,2.154645e+01,2.154645e+01,2.158798e+01,2.167792e+01,2.171940e+01,2.156721e+01,2.163642e+01,2.162258e+01,2.167792e+01,2.166409e+01,2.174704e+01,2.171940e+01,2.174704e+01,2.178159e+01,2.171248e+01,2.177468e+01,2.188516e+01,2.178159e+01,2.172631e+01,2.185065e+01,2.187135e+01,2.187135e+01,2.173322e+01,2.192655e+01,2.189206e+01,2.175395e+01,2.182303e+01,2.178850e+01,2.170557e+01,2.178159e+01,2.174704e+01,2.180231e+01,2.176777e+01,2.174704e+01,2.174704e+01,2.172631e+01,2.170557e+01,2.174013e+01,2.168483e+01,2.162950e+01,2.156029e+01,2.157414e+01,2.141480e+01,2.096316e+01,2.083076e+01,2.072611e+01,2.089350e+01,2.070517e+01,2.093530e+01,2.089350e+01,2.078891e+01,2.088653e+01,2.079589e+01,2.085865e+01,2.069120e+01,2.092137e+01,2.094923e+01,2.103973e+01,2.091440e+01,2.097012e+01,2.102581e+01,2.105365e+01,2.102581e+01,2.101885e+01,2.098405e+01,2.092137e+01,2.095619e+01,2.094923e+01,2.099797e+01,2.092833e+01,2.100493e+01,2.098405e+01,2.088653e+01,2.100493e+01,2.091440e+01,2.088653e+01,2.085168e+01,2.078891e+01,2.083076e+01,2.094226e+01,2.067723e+01,2.083076e+01,2.086562e+01,2.060737e+01,2.081681e+01,2.068422e+01,2.075403e+01,2.077496e+01,2.086562e+01,2.131770e+01,2.220211e+01,2.246320e+01,2.301071e+01,2.370458e+01,2.414435e+01,2.466962e+01,2.514547e+01,2.549262e+01,2.565245e+01,2.588511e+01,2.616363e+01,2.619674e+01,2.623645e+01,2.620998e+01,2.620336e+01,2.599130e+01,2.601783e+01,2.592495e+01,2.590503e+01,2.574558e+01,2.567907e+01,2.527245e+01,2.549262e+01,2.523905e+01,2.495137e+01,2.495807e+01,2.479718e+01,2.452846e+01,2.429277e+01,2.417810e+01,2.393485e+01,2.378591e+01,2.358247e+01,2.340584e+01,2.335823e+01,2.316076e+01,2.294243e+01,2.291510e+01,2.267571e+01,2.275785e+01,2.265516e+01,2.264146e+01,2.245634e+01,2.228463e+01,2.229838e+01,2.211952e+01,2.220211e+01,2.181612e+01,2.191965e+01,2.182303e+01,2.194035e+01,2.193345e+01,2.178159e+01,2.185755e+01,2.176086e+01,2.169175e+01,2.166409e+01,2.159490e+01,2.139400e+01,2.158798e+01,2.153952e+01,2.153952e+01,2.139400e+01,2.140094e+01,2.138013e+01,2.128993e+01,2.123439e+01,2.127605e+01,2.135239e+01,2.139400e+01,2.139400e+01,2.116491e+01,2.119966e+01,2.126217e+01,2.130382e+01,2.133851e+01,2.133158e+01,2.134545e+01,2.128993e+01,2.126217e+01,2.126217e+01,2.125522e+01,2.126911e+01,2.128299e+01,2.128993e+01,2.126911e+01,2.128299e+01,2.135933e+01,2.124828e+01,2.128993e+01,2.122050e+01,2.121355e+01,2.142867e+01,2.139400e+01,2.137320e+01,2.142174e+01,2.137320e+01,2.144253e+01,2.144946e+01,2.151182e+01,2.152567e+01,2.158106e+01,2.153952e+01,2.160182e+01,2.159490e+01,2.158798e+01,2.165025e+01,2.146332e+01,2.149104e+01,2.156029e+01,2.161566e+01,2.171940e+01,2.160182e+01,2.161566e+01,2.165025e+01,2.164334e+01,2.169866e+01,2.165717e+01,2.171248e+01,2.165025e+01,2.142867e+01,2.165717e+01,2.168483e+01,2.182993e+01,2.168483e+01,2.158798e+01,2.171940e+01,2.176086e+01,2.171940e+01,2.165025e+01,2.176777e+01,2.178159e+01,2.171940e+01,2.184374e+01,2.180922e+01,2.178850e+01,2.182993e+01,2.187135e+01,2.197483e+01,2.189896e+01,2.202308e+01,2.194725e+01,2.188516e+01,2.191965e+01,2.185755e+01,2.190586e+01,2.195414e+01,2.191965e+01,2.191965e+01,2.179540e+01,2.193345e+01,2.191965e+01,2.201619e+01,2.205065e+01,2.196104e+01,2.197483e+01,2.191965e+01,2.189206e+01,2.201619e+01,2.194035e+01,2.184374e+01,2.180922e+01,2.201619e+01,2.188516e+01,2.182993e+01,2.183684e+01,2.187825e+01,2.188516e+01,2.169175e+01,2.191276e+01,2.183684e+01,2.182993e+01,2.186445e+01,2.181612e+01,2.185065e+01,2.200930e+01,2.189896e+01,2.183684e+01,2.189896e+01,2.193345e+01,2.189896e+01,2.171940e+01,2.204376e+01,2.187825e+01,2.184374e+01,2.171940e+01,2.191276e+01,2.195414e+01,2.198172e+01,2.192655e+01,2.204376e+01,2.191276e+01,2.220899e+01,2.194725e+01,2.187825e+01,2.194035e+01,2.204376e+01,2.186445e+01,2.217459e+01,2.192655e+01,2.188516e+01,2.190586e+01,2.187825e+01,2.191965e+01,2.174013e+01,2.182303e+01,2.178850e+01,2.182303e+01,2.189206e+01,2.191276e+01,2.194035e+01,2.188516e+01,2.187135e+01,2.192655e+01,2.181612e+01,2.182303e+01,2.180922e+01,2.182303e+01,2.182303e+01,2.199551e+01,2.179540e+01,2.197483e+01,2.185065e+01,2.182993e+01,2.189206e+01,2.171940e+01,2.185065e+01,2.202997e+01,2.188516e+01,2.180922e+01,2.185755e+01,2.162950e+01
2.177468e+01,2.179540e+01,2.182303e+01,2.175395e+01,2.175395e+01,2.185065e+01,2.175395e+01,2.192655e+01,2.177468e+01,2.185755e+01,2.186445e+01,2.189896e+01,2.183684e+01,2.194725e+01,2.185755e+01,2.198172e+01,2.210575e+01,2.194035e+01,2.192655e+01,2.182993e+01,2.177468e+01,2.189896e+01,2.189206e+01,2.191965e+01,2.189206e+01,2.189896e+01,2.191276e+01,2.179540e+01,2.178159e+01,2.179540e+01,2.186445e+01,2.182993e+01,2.195414e+01,2.188516e+01,2.186445e+01,2.187825e+01,2.185065e+01,2.180231e+01,2.196104e+01,2.198862e+01,2.186445e+01,2.199551e+01,2.186445e+01,2.191276e+01,2.186445e+01,2.186445e+01,2.191276e+01,2.198172e+01,2.196793e+01,2.186445e+01,2.191276e+01,2.198862e+01,2.187135e+01,2.189206e+01,2.201619e+01,2.200241e+01,2.189896e+01,2.191965e+01,2.196104e+01,2.194725e+01,2.202997e+01,2.207820e+01,2.194035e+01,2.183684e+01,2.201619e+01,2.200930e+01,2.199551e+01,2.200241e+01,2.202308e+01,2.194725e+01,2.198172e+01,2.194725e+01,2.192655e+01,2.195414e+01,2.188516e+01,2.181612e+01,2.191965e+01,2.194035e+01,2.181612e+01,2.179540e+01,2.184374e+01,2.196793e+01,2.188516e+01,2.191276e+01,2.182993e+01,2.164334e+01,2.184374e+01,2.184374e+01,2.185065e+01,2.176086e+01,2.191965e+01,2.180231e+01,2.181612e+01,2.174013e+01,2.180231e+01,2.166409e+01,2.178850e+01,2.169175e+01,2.171940e+01,2.167100e+01,2.173322e+01,2.168483e+01,2.173322e+01,2.174704e+01,2.165025e+01,2.172631e+01,2.172631e+01,2.162258e+01,2.162950e+01,2.166409e+01,2.171248e+01,2.182993e+01,2.195414e+01,2.181612e+01,2.198172e+01,2.182993e+01,2.202997e+01,2.195414e+01,2.226401e+01,2.213329e+01,2.233274e+01,2.260720e+01,2.259350e+01,2.263461e+01,2.305848e+01,2.302436e+01,2.316758e+01,2.354174e+01,2.376559e+01,2.372492e+01,2.415785e+01,2.440058e+01,2.446118e+01,2.461587e+01,2.483072e+01,2.479047e+01,2.495137e+01,2.514547e+01,2.525909e+01,2.532586e+01,2.533921e+01,2.537925e+01,2.574558e+01,2.579211e+01,2.601783e+01,2.602446e+01,2.624969e+01,2.626954e+01,2.640178e+01,2.655364e+01,2.662620e+01,2.654045e+01,2.661301e+01,2.660642e+01,2.646783e+01,2.644141e+01,2.626954e+01,2.614376e+01,2.560586e+01,2.495137e+01,2.394161e+01,2.260035e+01,2.154645e+01,2.106756e+01,2.103277e+01,2.099797e+01,2.101189e+01,2.113711e+01,2.093530e+01,2.099797e+01,2.108843e+01,2.099797e+01,2.090743e+01,2.098405e+01,2.093530e+01,2.099797e+01,2.098405e+01,2.091440e+01,2.094923e+01,2.092833e+01,2.089350e+01,2.084470e+01,2.067025e+01,2.081681e+01,2.080286e+01,2.093530e+01,2.078891e+01,2.086562e+01,2.093530e+01,2.071215e+01,2.078193e+01,2.079589e+01,2.069818e+01,2.094226e+01,2.086562e+01,2.101885e+01,2.100493e+01,2.098405e+01,2.102581e+01,2.104669e+01,2.117881e+01,2.099797e+01,2.102581e+01,2.102581e+01,2.090743e+01,2.102581e+01,2.097709e+01,2.099101e+01,2.096316e+01,2.093530e+01,2.089350e+01,2.100493e+01,2.094226e+01,2.084470e+01,2.085865e+01,2.089350e+01,2.092137e+01,2.092137e+01,2.097709e+01,2.103973e+01,2.100493e+01,2.099797e+01,2.103277e+01,2.091440e+01,2.097709e+01,2.092833e+01,2.099101e+01,2.088653e+01,2.085168e+01,2.094923e+01,2.088653e+01,2.090047e+01,2.106756e+01,2.092137e+01,2.092833e+01,2.080984e+01,2.085168e+01,2.082378e+01,2.079589e+01,2.080984e+01,2.076798e+01,2.066327e+01,2.077496e+01,2.077496e+01,2.067723e+01,2.067723e+01,2.079589e+01,2.094226e+01,2.076100e+01,2.094923e+01,2.141480e+01,2.176086e+01,2.158798e+01,2.165025e+01,2.177468e+01,2.162950e+01,2.171940e+01,2.158106e+01,2.156721e+01,2.160874e+01,2.166409e+01,2.158798e+01,2.160182e+01,2.163642e+01,2.158798e+01,2.156029e+01,2.152567e+01,2.156721e+01,2.140787e+01,2.144946e+01,2.140094e+01,2.115101e+01,2.107452e+01,2.108148e+01,2.110929e+01,2.110929e+01,2.110234e+01,2.109539e+01,2.097709e+01,2.099797e+01,2.097709e+01,2.098405e+01,2.122744e+01,2.116491e+01,2.115796e+01,2.099797e+01,2.116491e+01,2.108843e+01,2.101885e+01,2.118576e+01,2.108843e+01,2.111625e+01,2.107452e+01,2.099797e+01,2.101885e+01,2.097012e+01,2.097709e+01,2.081681e+01,2.088653e+01,2.085168e+01,2.062834e+01,2.060039e+01,2.048150e+01,2.069120e+01,2.060737e+01,2.061436e+01,2.074007e+01,2.089350e+01,2.080984e+01,2.106061e+01,2.120660e+01,2.146332e+01,2.135933e+01,2.143560e+01,2.160182e+01,2.146332e+01,2.152567e+01,2.144253e+01,2.150489e+01,2.167100e+01,2.162258e+01,2.160182e+01,2.160182e+01,2.156721e+01,2.173322e+01,2.167792e+01,2.169866e+01,2.167792e+01,2.176086e+01,2.174704e+01,2.174704e+01,2.172631e+01,2.174704e+01,2.178850e+01,2.181612e+01,2.183684e+01,2.173322e+01,2.182303e+01,2.184374e+01,2.187135e+01,2.190586e+01,2.187825e+01,2.180922e+01,2.183684e+01,2.182993e+01,2.170557e+01,2.174704e+01,2.178850e+01,2.181612e+01,2.177468e+01,2.176777e+01,2.176777e+01,2.169175e+01,2.177468e+01,2.173322e+01,2.160874e+01,2.166409e+01,2.160182e+01,2.162258e+01,2.157414e+01,2.140094e+01,2.099101e+01,2.090047e+01,2.069120e+01,2.068422e+01,2.092137e+01,2.076100e+01,2.097709e+01,2.074705e+01,2.081681e+01,2.091440e+01,2.077496e+01,2.078891e+01,2.094923e+01,2.099101e+01,2.095619e+01,2.066327e+01,2.099101e+01,2.096316e+01,2.098405e+01,2.092137e+01,2.099797e+01,2.092833e+01,2.099797e+01,2.092137e+01,2.086562e+01,2.101189e+01,2.087259e+01,2.092137e+01,2.101189e+01,2.101885e+01,2.090743e+01,2.089350e+01,2.079589e+01,2.096316e+01,2.082378e+01,2.083076e+01,2.082378e+01,2.066327e+01,2.085865e+01,2.059340e+01,2.086562e+01,2.083076e+01,2.083076e+01,2.083076e+01,2.085168e+01,2.101885e+01,2.181612e+01,2.218835e+01,2.269625e+01,2.303118e+01,2.354853e+01,2.419835e+01,2.464275e+01,2.493127e+01,2.543929e+01,2.566576e+01,2.610401e+01,2.614376e+01,2.617687e+01,2.619674e+01,2.619674e+01,2.605761e+01,2.618349e+01,2.617025e+01,2.599793e+01,2.565911e+01,2.573228e+01,2.559254e+01,2.534589e+01,2.535924e+01,2.524573e+01,2.496477e+01,2.484413e+01,2.455536e+01,2.448137e+01,2.425906e+01,2.403627e+01,2.394161e+01,2.366390e+01,2.350778e+01,2.345342e+01,2.324252e+01,2.312668e+01,2.294243e+01,2.276469e+01,2.268940e+01,2.266201e+01,2.253866e+01,2.253866e+01,2.252494e+01,2.219523e+01,2.222275e+01,2.229151e+01,2.215394e+01,2.222275e+01,2.211952e+01,2.199551e+01,2.193345e+01,2.191276e+01,2.187135e+01,2.175395e+01,2.187825e+01,2.162258e+01,2.162950e+01,2.160182e+01,2.160874e+01,2.157414e+01,2.144946e+01,2.141480e+01,2.141480e+01,2.136626e+01,2.149104e+01,2.123439e+01,2.131076e+01,2.126217e+01,2.139400e+01,2.127605e+01,2.126911e+01,2.123439e+01,2.133158e+01,2.134545e+01,2.138707e+01,2.134545e+01,2.138707e+01,2.126217e+01,2.125522e+01,2.126911e+01,2.126911e+01,2.126217e+01,2.140787e+01,2.138013e+01,2.126217e+01,2.140094e+01,2.129688e+01,2.134545e+01,2.131076e+01,2.138013e+01,2.117881e+01,2.142867e+01,2.138707e+01,2.144946e+01,2.142867e+01,2.134545e+01,2.137320e+01,2.137320e+01,2.147025e+01,2.142867e+01,2.143560e+01,2.154645e+01,2.160182e+01,2.156029e+01,2.158106e+01,2.165025e+01,2.160182e+01,2.162258e+01,2.158798e+01,2.155337e+01,2.155337e+01,2.169866e+01,2.158106e+01,2.165025e+01,2.173322e+01,2.161566e+01,2.159490e+01,2.176777e+01,2.171940e+01,2.155337e+01,2.147718e+01,2.165717e+01,2.167792e+01,2.166409e+01,2.177468e+01,2.167792e+01,2.175395e+01,2.175395e+01,2.162258e+01,2.191276e+01,2.176777e+01,2.178159e+01,2.183684e+01,2.180231e+01,2.184374e+01,2.180922e+01,2.189896e+01,2.174013e+01,2.185065e+01,2.194725e+01,2.178850e+01,2.189206e+01,2.181612e+01,2.194725e+01,2.187825e+01,2.185065e+01,2.188516e+01,2.208509e+01,2.192655e+01,2.203687e+01,2.192655e+01,2.184374e+01,2.188516e+01,2.196793e+01,2.191965e+01,2.177468e+01,2.197483e+01,2.190586e+01,2.198172e+01,2.192655e+01,2.190586e+01,2.195414e+01,2.182303e+01,2.196104e+01,2.182993e+01,2.189206e+01,2.185065e+01,2.191965e+01,2.187135e+01,2.183684e+01,2.193345e+01,2.182993e+01,2.181612e+01,2.183684e+01,2.186445e+01,2.198172e+01,2.194725e+01,2.198172e+01,2.198862e+01,2.194725e+01,2.191965e+01,2.208509e+01,2.174704e+01,2.200930e+01,2.199551e+01,2.189206e+01,2.192655e+01,2.201619e+01,2.194725e+01,2.187135e+01,2.189896e+01,2.193345e+01,2.194035e+01,2.194035e+01,2.185755e+01,2.209198e+01,2.193345e+01,2.185755e+01,2.188516e+01,2.191965e+01,2.191276e+01,2.188516e+01,2.185755e+01,2.188516e+01,2.199551e+01,2.188516e+01,2.196793e+01,2.172631e+01,2.198862e+01,2.190586e+01,2.187135e+01,2.178850e+01,2.193345e+01,2.187135e+01,2.180231e+01,2.178850e+01,2.183684e+01,2.182303e+01,2.184374e+01,2.195414e+01,2.180922e+01,2.199551e+01,2.196793e+01,2.194035e+01,2.184374e+01,2.186445e+01,2.182993e+01,2.196793e+01,2.195414e+01,2.166409e+01,2.178850e+01,2.160874e+01
2.181612e+01,2.176777e+01,2.185755e+01,2.178159e+01,2.182993e+01,2.180231e+01,2.182303e+01,2.178850e+01,2.180231e+01,2.189896e+01,2.193345e+01,2.196104e+01,2.192655e+01,2.191276e+01,2.181612e+01,2.205065e+01,2.190586e+01,2.205754e+01,2.201619e+01,2.191276e+01,2.192655e+01,2.189896e+01,2.196793e+01,2.189896e+01,2.191965e+01,2.189896e+01,2.179540e+01,2.179540e+01,2.191276e+01,2.179540e+01,2.183684e+01,2.180922e+01,2.191276e+01,2.198862e+01,2.199551e+01,2.200930e+01,2.183684e+01,2.190586e+01,2.199551e+01,2.194035e+01,2.189206e+01,2.187825e+01,2.198862e+01,2.185065e+01,2.191276e+01,2.200241e+01,2.189206e+01,2.196793e+01,2.199551e+01,2.185755e+01,2.189206e+01,2.194035e+01,2.184374e+01,2.188516e+01,2.192655e+01,2.187825e+01,2.200930e+01,2.201619e+01,2.206442e+01,2.198862e+01,2.191276e+01,2.191965e+01,2.194725e+01,2.196793e+01,2.194725e+01,2.193345e+01,2.204376e+01,2.200241e+01,2.197483e+01,2.198172e+01,2.196104e+01,2.198172e+01,2.201619e+01,2.198862e+01,2.191965e+01,2.188516e+01,2.194035e+01,2.185755e+01,2.187825e+01,2.187135e+01,2.185755e+01,2.187825e+01,2.183684e+01,2.192655e+01,2.188516e+01,2.193345e+01,2.191276e+01,2.198172e+01,2.190586e+01,2.187825e+01,2.181612e+01,2.185755e+01,2.173322e+01,2.177468e+01,2.176086e+01,2.180922e+01,2.171248e+01,2.180231e+01,2.167792e+01,2.176777e+01,2.165025e+01,2.164334e+01,2.169866e+01,2.164334e+01,2.169866e+01,2.170557e+01,2.167792e+01,2.165025e+01,2.167100e+01,2.162258e+01,2.165717e+01,2.177468e+01,2.180231e+01,2.187135e+01,2.184374e+01,2.183684e+01,2.194725e+01,2.210575e+01,2.232587e+01,2.221587e+01,2.240142e+01,2.234648e+01,2.277837e+01,2.262091e+01,2.290827e+01,2.313350e+01,2.338544e+01,2.337864e+01,2.375203e+01,2.371814e+01,2.394838e+01,2.433321e+01,2.456209e+01,2.452174e+01,2.463603e+01,2.477705e+01,2.505182e+01,2.523237e+01,2.522569e+01,2.534589e+01,2.557257e+01,2.538593e+01,2.557923e+01,2.573893e+01,2.590503e+01,2.596476e+01,2.613713e+01,2.628938e+01,2.647444e+01,2.652065e+01,2.663280e+01,2.664598e+01,2.667894e+01,2.677117e+01,2.679092e+01,2.658663e+01,2.648764e+01,2.642820e+01,2.626292e+01,2.598467e+01,2.607750e+01,2.518559e+01,2.445445e+01,2.332421e+01,2.254551e+01,2.154645e+01,2.136626e+01,2.136626e+01,2.117881e+01,2.103973e+01,2.129688e+01,2.102581e+01,2.101885e+01,2.101189e+01,2.104669e+01,2.124133e+01,2.156029e+01,2.123439e+01,2.094923e+01,2.085168e+01,2.080984e+01,2.071913e+01,2.068422e+01,2.070517e+01,2.087956e+01,2.080984e+01,2.090047e+01,2.080984e+01,2.085168e+01,2.082378e+01,2.078193e+01,2.079589e+01,2.085865e+01,2.085168e+01,2.091440e+01,2.086562e+01,2.095619e+01,2.094226e+01,2.091440e+01,2.100493e+01,2.100493e+01,2.106756e+01,2.102581e+01,2.102581e+01,2.095619e+01,2.104669e+01,2.099101e+01,2.100493e+01,2.095619e+01,2.101189e+01,2.090047e+01,2.087956e+01,2.082378e+01,2.097012e+01,2.082378e+01,2.090047e+01,2.085168e+01,2.097709e+01,2.099101e+01,2.095619e+01,2.096316e+01,2.098405e+01,2.096316e+01,2.099101e+01,2.096316e+01,2.093530e+01,2.091440e+01,2.083076e+01,2.089350e+01,2.089350e+01,2.088653e+01,2.089350e+01,2.095619e+01,2.133851e+01,2.133851e+01,2.112320e+01,2.078193e+01,2.077496e+01,2.096316e+01,2.097709e+01,2.093530e+01,2.080984e+01,2.081681e+01,2.071215e+01,2.076100e+01,2.074705e+01,2.071215e+01,2.071215e+01,2.097709e+01,2.093530e+01,2.147025e+01,2.151875e+01,2.180231e+01,2.175395e+01,2.160874e+01,2.162950e+01,2.151182e+01,2.160182e+01,2.169175e+01,2.167100e+01,2.158106e+01,2.163642e+01,2.162258e+01,2.159490e+01,2.164334e+01,2.166409e+01,2.149104e+01,2.159490e+01,2.162950e+01,2.158798e+01,2.143560e+01,2.147025e+01,2.113015e+01,2.109539e+01,2.107452e+01,2.085168e+01,2.105365e+01,2.097012e+01,2.111625e+01,2.097709e+01,2.097012e+01,2.102581e+01,2.099101e+01,2.095619e+01,2.103277e+01,2.115101e+01,2.113015e+01,2.117186e+01,2.105365e+01,2.107452e+01,2.094923e+01,2.108148e+01,2.116491e+01,2.110234e+01,2.090743e+01,2.102581e+01,2.096316e+01,2.085865e+01,2.067025e+01,2.068422e+01,2.071215e+01,2.053047e+01,2.055145e+01,2.048850e+01,2.080286e+01,2.055145e+01,2.077496e+01,2.085168e+01,2.103277e+01,2.103277e+01,2.115101e+01,2.132464e+01,2.129688e+01,2.142174e+01,2.144253e+01,2.160182e+01,2.155337e+01,2.156029e+01,2.158106e+01,2.157414e+01,2.167792e+01,2.167792e+01,2.162258e+01,2.160874e+01,2.166409e+01,2.171940e+01,2.176777e+01,2.169866e+01,2.182303e+01,2.163642e+01,2.175395e+01,2.178159e+01,2.175395e+01,2.176777e+01,2.182303e+01,2.175395e+01,2.185065e+01,2.176086e+01,2.185065e+01,2.172631e+01,2.182993e+01,2.192655e+01,2.174013e+01,2.168483e+01,2.180231e+01,2.185065e+01,2.182993e+01,2.182993e+01,2.177468e+01,2.175395e+01,2.180231e+01,2.179540e+01,2.156721e+01,2.180231e+01,2.178850e+01,2.174013e+01,2.174704e+01,2.155337e+01,2.159490e+01,2.151182e+01,2.160182e+01,2.126911e+01,2.081681e+01,2.067723e+01,2.079589e+01,2.078193e+01,2.069818e+01,2.080286e+01,2.070517e+01,2.084470e+01,2.085865e+01,2.085865e+01,2.085865e+01,2.078891e+01,2.083773e+01,2.097709e+01,2.077496e+01,2.092833e+01,2.093530e+01,2.098405e+01,2.106061e+01,2.099797e+01,2.085865e+01,2.091440e+01,2.090743e+01,2.108843e+01,2.098405e+01,2.090743e+01,2.097012e+01,2.101189e+01,2.087956e+01,2.089350e+01,2.100493e+01,2.089350e+01,2.084470e+01,2.080984e+01,2.083773e+01,2.081681e+01,2.087956e+01,2.080286e+01,2.087259e+01,2.066327e+01,2.081681e+01,2.069818e+01,2.080984e+01,2.085865e+01,2.128993e+01,2.185755e+01,2.222275e+01,2.255923e+01,2.303118e+01,2.350778e+01,2.404303e+01,2.459571e+01,2.487766e+01,2.540594e+01,2.571233e+01,2.583198e+01,2.601783e+01,2.617025e+01,2.604436e+01,2.619012e+01,2.617687e+01,2.617025e+01,2.595813e+01,2.573228e+01,2.568572e+01,2.571233e+01,2.546596e+01,2.535924e+01,2.525909e+01,2.490447e+01,2.499156e+01,2.477034e+01,2.450828e+01,2.433995e+01,2.417135e+01,2.411734e+01,2.398219e+01,2.368424e+01,2.340584e+01,2.335823e+01,2.317439e+01,2.309940e+01,2.292194e+01,2.268255e+01,2.264146e+01,2.252494e+01,2.254551e+01,2.246320e+01,2.233961e+01,2.234648e+01,2.222962e+01,2.214706e+01,2.219523e+01,2.199551e+01,2.198862e+01,2.198172e+01,2.190586e+01,2.189896e+01,2.175395e+01,2.182993e+01,2.173322e+01,2.160182e+01,2.156029e+01,2.162950e+01,2.161566e+01,2.166409e+01,2.155337e+01,2.158798e+01,2.148411e+01,2.136626e+01,2.138013e+01,2.142174e+01,2.135239e+01,2.120660e+01,2.122744e+01,2.126911e+01,2.128993e+01,2.130382e+01,2.118576e+01,2.138707e+01,2.135239e+01,2.136626e+01,2.127605e+01,2.135239e+01,2.125522e+01,2.138013e+01,2.117186e+01,2.128993e+01,2.126217e+01,2.120660e+01,2.131770e+01,2.131076e+01,2.133851e+01,2.142174e+01,2.130382e+01,2.136626e+01,2.117881e+01,2.149796e+01,2.140094e+01,2.122050e+01,2.138013e+01,2.137320e+01,2.149796e+01,2.144946e+01,2.141480e+01,2.151875e+01,2.132464e+01,2.160874e+01,2.150489e+01,2.160874e+01,2.165025e+01,2.151182e+01,2.155337e+01,2.154645e+01,2.155337e+01,2.169175e+01,2.156029e+01,2.167100e+01,2.150489e+01,2.170557e+01,2.171248e+01,2.158798e+01,2.160874e+01,2.167792e+01,2.161566e+01,2.173322e+01,2.162258e+01,2.171940e+01,2.168483e+01,2.169866e+01,2.159490e+01,2.158106e+01,2.169866e+01,2.174013e+01,2.174704e+01,2.180231e+01,2.179540e+01,2.180922e+01,2.179540e+01,2.183684e+01,2.185065e+01,2.182993e+01,2.206442e+01,2.178159e+01,2.191965e+01,2.202308e+01,2.188516e+01,2.198172e+01,2.188516e+01,2.188516e+01,2.199551e+01,2.202308e+01,2.187135e+01,2.189206e+01,2.191276e+01,2.185065e+01,2.185755e+01,2.196104e+01,2.192655e+01,2.192655e+01,2.196793e+01,2.187135e+01,2.205065e+01,2.192655e+01,2.190586e+01,2.187135e+01,2.205065e+01,2.189896e+01,2.189896e+01,2.180231e+01,2.189206e+01,2.187135e+01,2.191276e+01,2.185755e+01,2.182303e+01,2.196793e+01,2.190586e+01,2.186445e+01,2.198862e+01,2.181612e+01,2.180231e+01,2.188516e+01,2.186445e+01,2.180922e+01,2.182303e+01,2.194725e+01,2.191276e+01,2.191965e+01,2.187825e+01,2.202308e+01,2.191965e+01,2.187135e+01,2.191276e+01,2.198862e+01,2.203687e+01,2.202308e+01,2.190586e+01,2.186445e+01,2.187135e+01,2.191276e+01,2.191276e+01,2.198862e+01,2.184374e+01,2.185065e+01,2.189896e+01,2.201619e+01,2.187135e+01,2.191965e+01,2.200930e+01,2.180231e+01,2.194035e+01,2.189896e+01,2.190586e+01,2.183684e+01,2.184374e+01,2.202308e+01,2.190586e+01,2.185755e+01,2.188516e+01,2.187825e+01,2.188516e+01,2.189896e+01,2.189206e+01,2.188516e+01,2.191965e+01,2.190586e+01,2.182993e+01,2.196104e+01,2.191965e+01,2.186445e+01,2.185755e+01,2.196104e+01,2.163642e+01,2.180231e+01,2.182993e+01,2.180922e+01,2.185065e+01,2.158106e+01
2.179540e+01,2.179540e+01,2.180231e+01,2.178159e+01,2.180231e+01,2.182303e+01,2.174013e+01,2.179540e+01,2.181612e+01,2.185755e+01,2.184374e+01,2.178159e+01,2.177468e+01,2.185755e+01,2.188516e+01,2.188516e+01,2.184374e+01,2.198172e+01,2.208509e+01,2.194035e+01,2.192655e+01,2.198172e+01,2.188516e+01,2.188516e+01,2.197483e+01,2.186445e+01,2.187135e+01,2.182993e+01,2.184374e+01,2.189896e+01,2.195414e+01,2.181612e+01,2.191965e+01,2.179540e+01,2.188516e+01,2.197483e+01,2.182993e+01,2.183684e+01,2.183684e+01,2.182993e+01,2.189896e+01,2.189896e+01,2.200241e+01,2.195414e+01,2.189896e+01,2.193345e+01,2.189896e+01,2.188516e+01,2.199551e+01,2.197483e+01,2.192655e+01,2.189206e+01,2.203687e+01,2.191965e+01,2.194035e+01,2.200241e+01,2.198172e+01,2.185755e+01,2.201619e+01,2.205065e+01,2.177468e+01,2.191276e+01,2.198862e+01,2.191965e+01,2.197483e+01,2.199551e+01,2.184374e+01,2.200241e+01,2.187825e+01,2.191965e+01,2.202997e+01,2.186445e+01,2.196104e+01,2.207131e+01,2.189896e+01,2.207131e+01,2.187135e+01,2.194035e+01,2.188516e+01,2.187825e+01,2.202997e+01,2.188516e+01,2.187135e+01,2.192655e+01,2.192655e+01,2.180922e+01,2.186445e+01,2.178850e+01,2.182303e+01,2.187825e+01,2.172631e+01,2.182993e+01,2.179540e+01,2.182303e+01,2.171940e+01,2.171248e+01,2.175395e+01,2.179540e+01,2.182993e+01,2.171248e+01,2.170557e+01,2.180231e+01,2.179540e+01,2.176777e+01,2.177468e+01,2.166409e+01,2.165717e+01,2.140787e+01,2.176777e+01,2.167100e+01,2.167792e+01,2.176086e+01,2.180922e+01,2.187135e+01,2.189896e+01,2.196104e+01,2.199551e+01,2.200930e+01,2.222275e+01,2.233274e+01,2.217459e+01,2.245634e+01,2.270309e+01,2.275101e+01,2.287410e+01,2.305848e+01,2.334462e+01,2.335823e+01,2.358247e+01,2.377236e+01,2.400924e+01,2.421184e+01,2.431973e+01,2.458226e+01,2.467634e+01,2.482401e+01,2.509196e+01,2.525909e+01,2.507189e+01,2.532586e+01,2.539260e+01,2.540594e+01,2.544595e+01,2.577217e+01,2.595813e+01,2.597803e+01,2.608413e+01,2.616363e+01,2.630923e+01,2.647444e+01,2.658003e+01,2.658663e+01,2.682383e+01,2.674482e+01,2.677775e+01,2.680408e+01,2.683041e+01,2.683699e+01,2.663280e+01,2.679750e+01,2.638195e+01,2.615701e+01,2.599793e+01,2.601120e+01,2.554592e+01,2.485754e+01,2.421859e+01,2.296975e+01,2.229151e+01,2.167792e+01,2.167792e+01,2.178850e+01,2.196793e+01,2.190586e+01,2.199551e+01,2.240829e+01,2.209886e+01,2.118576e+01,2.092833e+01,2.094923e+01,2.085168e+01,2.078891e+01,2.087259e+01,2.084470e+01,2.067025e+01,2.084470e+01,2.089350e+01,2.082378e+01,2.094226e+01,2.094923e+01,2.072611e+01,2.083773e+01,2.087259e+01,2.091440e+01,2.100493e+01,2.092833e+01,2.098405e+01,2.094923e+01,2.095619e+01,2.113015e+01,2.103973e+01,2.094923e+01,2.102581e+01,2.102581e+01,2.085168e+01,2.104669e+01,2.105365e+01,2.084470e+01,2.088653e+01,2.097012e+01,2.095619e+01,2.089350e+01,2.085168e+01,2.088653e+01,2.087259e+01,2.082378e+01,2.087259e+01,2.087259e+01,2.090743e+01,2.097709e+01,2.114406e+01,2.092137e+01,2.095619e+01,2.094923e+01,2.094923e+01,2.090047e+01,2.087956e+01,2.090047e+01,2.091440e+01,2.083773e+01,2.080286e+01,2.092833e+01,2.094226e+01,2.135239e+01,2.135933e+01,2.136626e+01,2.102581e+01,2.096316e+01,2.082378e+01,2.080984e+01,2.083076e+01,2.081681e+01,2.078193e+01,2.076100e+01,2.068422e+01,2.065628e+01,2.078193e+01,2.078891e+01,2.076798e+01,2.094226e+01,2.119966e+01,2.151182e+01,2.163642e+01,2.152567e+01,2.167792e+01,2.174013e+01,2.163642e+01,2.167792e+01,2.168483e+01,2.168483e+01,2.165025e+01,2.156029e+01,2.165025e+01,2.161566e+01,2.165717e+01,2.165717e+01,2.149104e+01,2.168483e+01,2.168483e+01,2.156029e+01,2.154645e+01,2.152567e+01,2.140787e+01,2.124133e+01,2.108843e+01,2.106756e+01,2.103277e+01,2.090743e+01,2.097709e+01,2.093530e+01,2.092137e+01,2.100493e+01,2.090047e+01,2.092833e+01,2.097012e+01,2.086562e+01,2.100493e+01,2.093530e+01,2.102581e+01,2.103973e+01,2.117186e+01,2.096316e+01,2.101189e+01,2.096316e+01,2.094226e+01,2.078891e+01,2.087956e+01,2.097012e+01,2.080984e+01,2.069818e+01,2.071215e+01,2.057243e+01,2.064930e+01,2.054446e+01,2.057243e+01,2.075403e+01,2.092137e+01,2.077496e+01,2.108843e+01,2.119271e+01,2.131076e+01,2.139400e+01,2.145639e+01,2.147025e+01,2.157414e+01,2.158106e+01,2.157414e+01,2.151875e+01,2.160874e+01,2.158106e+01,2.164334e+01,2.168483e+01,2.165717e+01,2.173322e+01,2.162950e+01,2.169866e+01,2.170557e+01,2.172631e+01,2.173322e+01,2.174013e+01,2.178159e+01,2.173322e+01,2.178159e+01,2.169866e+01,2.180922e+01,2.199551e+01,2.176777e+01,2.178159e+01,2.185065e+01,2.180922e+01,2.180231e+01,2.183684e+01,2.180922e+01,2.167792e+01,2.185755e+01,2.182303e+01,2.184374e+01,2.185755e+01,2.180231e+01,2.181612e+01,2.171940e+01,2.171248e+01,2.176086e+01,2.174013e+01,2.168483e+01,2.163642e+01,2.162950e+01,2.151875e+01,2.164334e+01,2.151182e+01,2.149104e+01,2.131076e+01,2.071913e+01,2.080984e+01,2.070517e+01,2.069818e+01,2.071913e+01,2.080286e+01,2.085865e+01,2.080286e+01,2.084470e+01,2.092137e+01,2.091440e+01,2.103973e+01,2.084470e+01,2.098405e+01,2.106061e+01,2.099101e+01,2.103277e+01,2.100493e+01,2.087956e+01,2.092137e+01,2.087259e+01,2.099797e+01,2.090743e+01,2.094923e+01,2.091440e+01,2.084470e+01,2.094923e+01,2.096316e+01,2.089350e+01,2.103277e+01,2.075403e+01,2.094226e+01,2.084470e+01,2.084470e+01,2.084470e+01,2.078193e+01,2.062834e+01,2.080984e+01,2.078193e+01,2.060039e+01,2.083773e+01,2.075403e+01,2.080286e+01,2.089350e+01,2.130382e+01,2.188516e+01,2.220899e+01,2.272363e+01,2.305165e+01,2.343983e+01,2.362998e+01,2.446118e+01,2.485084e+01,2.527245e+01,2.549928e+01,2.584526e+01,2.609076e+01,2.611063e+01,2.611063e+01,2.614376e+01,2.598467e+01,2.602446e+01,2.593822e+01,2.590503e+01,2.575223e+01,2.562583e+01,2.566576e+01,2.535256e+01,2.526577e+01,2.498486e+01,2.483742e+01,2.471663e+01,2.459571e+01,2.427254e+01,2.407006e+01,2.377236e+01,2.371814e+01,2.366390e+01,2.341944e+01,2.333101e+01,2.313350e+01,2.311304e+01,2.281941e+01,2.284676e+01,2.262776e+01,2.260035e+01,2.262776e+01,2.249751e+01,2.227088e+01,2.221587e+01,2.220899e+01,2.215394e+01,2.219523e+01,2.199551e+01,2.198172e+01,2.189896e+01,2.196104e+01,2.189896e+01,2.190586e+01,2.166409e+01,2.176777e+01,2.164334e+01,2.166409e+01,2.172631e+01,2.163642e+01,2.149104e+01,2.144946e+01,2.147718e+01,2.145639e+01,2.155337e+01,2.138707e+01,2.143560e+01,2.136626e+01,2.140094e+01,2.122050e+01,2.118576e+01,2.134545e+01,2.131770e+01,2.126217e+01,2.131770e+01,2.110234e+01,2.126911e+01,2.119966e+01,2.116491e+01,2.133851e+01,2.127605e+01,2.128993e+01,2.128993e+01,2.132464e+01,2.119966e+01,2.131076e+01,2.137320e+01,2.128993e+01,2.140787e+01,2.136626e+01,2.144253e+01,2.128993e+01,2.119966e+01,2.149104e+01,2.136626e+01,2.139400e+01,2.144253e+01,2.139400e+01,2.148411e+01,2.147025e+01,2.149104e+01,2.143560e+01,2.145639e+01,2.158106e+01,2.149796e+01,2.153260e+01,2.161566e+01,2.155337e+01,2.151182e+01,2.152567e+01,2.159490e+01,2.151182e+01,2.166409e+01,2.149104e+01,2.156721e+01,2.172631e+01,2.156029e+01,2.162950e+01,2.170557e+01,2.160874e+01,2.169866e+01,2.159490e+01,2.163642e+01,2.171940e+01,2.165025e+01,2.153952e+01,2.167100e+01,2.180231e+01,2.183684e+01,2.174704e+01,2.177468e+01,2.174704e+01,2.176777e+01,2.176777e+01,2.199551e+01,2.176777e+01,2.174013e+01,2.175395e+01,2.185755e+01,2.176777e+01,2.174704e+01,2.186445e+01,2.200930e+01,2.185065e+01,2.186445e+01,2.190586e+01,2.178159e+01,2.185065e+01,2.187825e+01,2.174013e+01,2.185755e+01,2.188516e+01,2.190586e+01,2.191965e+01,2.189206e+01,2.180231e+01,2.188516e+01,2.205065e+01,2.195414e+01,2.191965e+01,2.189896e+01,2.184374e+01,2.197483e+01,2.180231e+01,2.200241e+01,2.182303e+01,2.185755e+01,2.182993e+01,2.187825e+01,2.187135e+01,2.185755e+01,2.185755e+01,2.185755e+01,2.185755e+01,2.185755e+01,2.182303e+01,2.198862e+01,2.186445e+01,2.183684e+01,2.185065e+01,2.198862e+01,2.197483e+01,2.200930e+01,2.194035e+01,2.187825e+01,2.186445e+01,2.191965e+01,2.196793e+01,2.194725e+01,2.196793e+01,2.193345e+01,2.187135e+01,2.185065e+01,2.190586e+01,2.178850e+01,2.189896e+01,2.217459e+01,2.184374e+01,2.187135e+01,2.187825e+01,2.189206e+01,2.194725e+01,2.198172e+01,2.189896e+01,2.185755e+01,2.200241e+01,2.189206e+01,2.182303e+01,2.192655e+01,2.190586e+01,2.196793e+01,2.184374e+01,2.185755e+01,2.183684e+01,2.172631e+01,2.186445e+01,2.187135e+01,2.189896e+01,2.190586e+01,2.181612e+01,2.180922e+01,2.177468e+01,2.182303e+01,2.189206e+01,2.178159e+01,2.185755e+01,2.157414e+01,2.187825e+01,2.169175e+01,2.185065e+01,2.177468e+01,2.185065e+01,2.185755e+01
2.185065e+01,2.195414e+01,2.187135e+01,2.184374e+01,2.178159e+01,2.170557e+01,2.191276e+01,2.185755e+01,2.186445e+01,2.187825e+01,2.189896e+01,2.199551e+01,2.187135e+01,2.188516e+01,2.187135e+01,2.187825e+01,2.184374e+01,2.188516e+01,2.189206e+01,2.195414e+01,2.192655e+01,2.191276e+01,2.189896e+01,2.184374e+01,2.171248e+01,2.189896e+01,2.192655e+01,2.183684e+01,2.178850e+01,2.200241e+01,2.196104e+01,2.189206e+01,2.189896e+01,2.195414e+01,2.196793e+01,2.199551e+01,2.182993e+01,2.195414e+01,2.195414e+01,2.185755e+01,2.191965e+01,2.190586e+01,2.196793e+01,2.182993e+01,2.191965e+01,2.197483e+01,2.190586e+01,2.192655e+01,2.196104e+01,2.203687e+01,2.191276e+01,2.189206e+01,2.205065e+01,2.193345e+01,2.191965e+01,2.190586e+01,2.198862e+01,2.173322e+01,2.198172e+01,2.181612e+01,2.198862e+01,2.200241e+01,2.199551e+01,2.199551e+01,2.160874e+01,2.187825e+01,2.199551e+01,2.206442e+01,2.200930e+01,2.194035e+01,2.193345e+01,2.191965e+01,2.198172e+01,2.191965e+01,2.191276e+01,2.192655e+01,2.187825e+01,2.189206e+01,2.209198e+01,2.185755e+01,2.187135e+01,2.185755e+01,2.189206e+01,2.182993e+01,2.185065e+01,2.182303e+01,2.182993e+01,2.184374e+01,2.183684e+01,2.185065e+01,2.187135e+01,2.178159e+01,2.174704e+01,2.180231e+01,2.180231e+01,2.182303e+01,2.180922e+01,2.175395e+01,2.186445e+01,2.171940e+01,2.167792e+01,2.171248e+01,2.170557e+01,2.165025e+01,2.176777e+01,2.169866e+01,2.172631e+01,2.168483e+01,2.167100e+01,2.169175e+01,2.159490e+01,2.182303e+01,2.172631e+01,2.169866e+01,2.182993e+01,2.200930e+01,2.194725e+01,2.191965e+01,2.201619e+01,2.220899e+01,2.220899e+01,2.244261e+01,2.270994e+01,2.275101e+01,2.278522e+01,2.307894e+01,2.331060e+01,2.362319e+01,2.363676e+01,2.379269e+01,2.407681e+01,2.432647e+01,2.437364e+01,2.456209e+01,2.469649e+01,2.473006e+01,2.473006e+01,2.504512e+01,2.503173e+01,2.532586e+01,2.539927e+01,2.551261e+01,2.577217e+01,2.575887e+01,2.581869e+01,2.579876e+01,2.595149e+01,2.615038e+01,2.630923e+01,2.654705e+01,2.681725e+01,2.664598e+01,2.677117e+01,2.679750e+01,2.686989e+01,2.696853e+01,2.692908e+01,2.685673e+01,2.709990e+01,2.693566e+01,2.692908e+01,2.672506e+01,2.665916e+01,2.614376e+01,2.618349e+01,2.617025e+01,2.593822e+01,2.567907e+01,2.495807e+01,2.451501e+01,2.447464e+01,2.454192e+01,2.447464e+01,2.343983e+01,2.260035e+01,2.156029e+01,2.103277e+01,2.099101e+01,2.095619e+01,2.093530e+01,2.074007e+01,2.094226e+01,2.092137e+01,2.080984e+01,2.080984e+01,2.067025e+01,2.082378e+01,2.082378e+01,2.083076e+01,2.076100e+01,2.092833e+01,2.086562e+01,2.085865e+01,2.097012e+01,2.090047e+01,2.090743e+01,2.089350e+01,2.087956e+01,2.097012e+01,2.099101e+01,2.101189e+01,2.100493e+01,2.103277e+01,2.102581e+01,2.105365e+01,2.103277e+01,2.085865e+01,2.086562e+01,2.085865e+01,2.090743e+01,2.096316e+01,2.081681e+01,2.087259e+01,2.089350e+01,2.074705e+01,2.087259e+01,2.084470e+01,2.086562e+01,2.072611e+01,2.083076e+01,2.089350e+01,2.089350e+01,2.091440e+01,2.090743e+01,2.104669e+01,2.085168e+01,2.092137e+01,2.087956e+01,2.090047e+01,2.089350e+01,2.080286e+01,2.092137e+01,2.092833e+01,2.115101e+01,2.146332e+01,2.152567e+01,2.139400e+01,2.109539e+01,2.095619e+01,2.069120e+01,2.069818e+01,2.075403e+01,2.071215e+01,2.070517e+01,2.076798e+01,2.074705e+01,2.066327e+01,2.076798e+01,2.083773e+01,2.100493e+01,2.119271e+01,2.153952e+01,2.162950e+01,2.151875e+01,2.164334e+01,2.158798e+01,2.169175e+01,2.169175e+01,2.165717e+01,2.165717e+01,2.165717e+01,2.161566e+01,2.166409e+01,2.164334e+01,2.164334e+01,2.165717e+01,2.166409e+01,2.164334e+01,2.161566e+01,2.156721e+01,2.155337e+01,2.155337e+01,2.144946e+01,2.129688e+01,2.122744e+01,2.106756e+01,2.109539e+01,2.100493e+01,2.089350e+01,2.089350e+01,2.081681e+01,2.083076e+01,2.087259e+01,2.083076e+01,2.106756e+01,2.091440e+01,2.085168e+01,2.101885e+01,2.112320e+01,2.079589e+01,2.095619e+01,2.100493e+01,2.100493e+01,2.092833e+01,2.094923e+01,2.092833e+01,2.099101e+01,2.080286e+01,2.076100e+01,2.072611e+01,2.075403e+01,2.067723e+01,2.067723e+01,2.057942e+01,2.072611e+01,2.079589e+01,2.077496e+01,2.108843e+01,2.103973e+01,2.108148e+01,2.127605e+01,2.124828e+01,2.147025e+01,2.155337e+01,2.151875e+01,2.136626e+01,2.155337e+01,2.166409e+01,2.156029e+01,2.169175e+01,2.167792e+01,2.160874e+01,2.158798e+01,2.170557e+01,2.171248e+01,2.170557e+01,2.174704e+01,2.171940e+01,2.162950e+01,2.171940e+01,2.175395e+01,2.176777e+01,2.164334e+01,2.176777e+01,2.178159e+01,2.180922e+01,2.175395e+01,2.174704e+01,2.186445e+01,2.175395e+01,2.175395e+01,2.182303e+01,2.182303e+01,2.180922e+01,2.182993e+01,2.171940e+01,2.167792e+01,2.179540e+01,2.180231e+01,2.178159e+01,2.182993e+01,2.178850e+01,2.182993e+01,2.180922e+01,2.160182e+01,2.171248e+01,2.152567e+01,2.160874e+01,2.153260e+01,2.162950e+01,2.151182e+01,2.137320e+01,2.092137e+01,2.083076e+01,2.069120e+01,2.069120e+01,2.068422e+01,2.083076e+01,2.081681e+01,2.084470e+01,2.087259e+01,2.087259e+01,2.082378e+01,2.078193e+01,2.077496e+01,2.087259e+01,2.086562e+01,2.094226e+01,2.090743e+01,2.100493e+01,2.099101e+01,2.087956e+01,2.080984e+01,2.090047e+01,2.096316e+01,2.090047e+01,2.089350e+01,2.097012e+01,2.094923e+01,2.089350e+01,2.097012e+01,2.091440e+01,2.087956e+01,2.083773e+01,2.086562e+01,2.083076e+01,2.083076e+01,2.080286e+01,2.063532e+01,2.081681e+01,2.076100e+01,2.066327e+01,2.080286e+01,2.071215e+01,2.089350e+01,2.107452e+01,2.151182e+01,2.188516e+01,2.214017e+01,2.251808e+01,2.273732e+01,2.323571e+01,2.364355e+01,2.429951e+01,2.456881e+01,2.524573e+01,2.539260e+01,2.557257e+01,2.571898e+01,2.594486e+01,2.619012e+01,2.611063e+01,2.604436e+01,2.588511e+01,2.584526e+01,2.570568e+01,2.562583e+01,2.560586e+01,2.546596e+01,2.526577e+01,2.499826e+01,2.500495e+01,2.483742e+01,2.458226e+01,2.432647e+01,2.411059e+01,2.405655e+01,2.373848e+01,2.374526e+01,2.340584e+01,2.320846e+01,2.317439e+01,2.311304e+01,2.282625e+01,2.272363e+01,2.266201e+01,2.264146e+01,2.239456e+01,2.225026e+01,2.236022e+01,2.238082e+01,2.209886e+01,2.220211e+01,2.202997e+01,2.205065e+01,2.216771e+01,2.187825e+01,2.191276e+01,2.189896e+01,2.172631e+01,2.188516e+01,2.168483e+01,2.164334e+01,2.169866e+01,2.168483e+01,2.162950e+01,2.163642e+01,2.170557e+01,2.147718e+01,2.145639e+01,2.144946e+01,2.142174e+01,2.138707e+01,2.135239e+01,2.142174e+01,2.119966e+01,2.126217e+01,2.128299e+01,2.118576e+01,2.123439e+01,2.126911e+01,2.131770e+01,2.128993e+01,2.124828e+01,2.138707e+01,2.122744e+01,2.125522e+01,2.122744e+01,2.126911e+01,2.114406e+01,2.133851e+01,2.131770e+01,2.135239e+01,2.129688e+01,2.138013e+01,2.138013e+01,2.117186e+01,2.119271e+01,2.129688e+01,2.124828e+01,2.146332e+01,2.128299e+01,2.127605e+01,2.135933e+01,2.144946e+01,2.138707e+01,2.142174e+01,2.144946e+01,2.161566e+01,2.149796e+01,2.148411e+01,2.147718e+01,2.150489e+01,2.153260e+01,2.151875e+01,2.153260e+01,2.155337e+01,2.128993e+01,2.147025e+01,2.149104e+01,2.157414e+01,2.160874e+01,2.167792e+01,2.166409e+01,2.168483e+01,2.165025e+01,2.175395e+01,2.167792e+01,2.169866e+01,2.159490e+01,2.162258e+01,2.167792e+01,2.168483e+01,2.162258e+01,2.165025e+01,2.164334e+01,2.162950e+01,2.184374e+01,2.180922e+01,2.179540e+01,2.175395e+01,2.173322e+01,2.176777e+01,2.189206e+01,2.177468e+01,2.181612e+01,2.196793e+01,2.188516e+01,2.194035e+01,2.184374e+01,2.185065e+01,2.184374e+01,2.183684e+01,2.182993e+01,2.180231e+01,2.181612e+01,2.182993e+01,2.185065e+01,2.185065e+01,2.193345e+01,2.184374e+01,2.196793e+01,2.190586e+01,2.190586e+01,2.194035e+01,2.190586e+01,2.185065e+01,2.180922e+01,2.182303e+01,2.184374e+01,2.181612e+01,2.188516e+01,2.171248e+01,2.168483e+01,2.185065e+01,2.187825e+01,2.182303e+01,2.183684e+01,2.188516e+01,2.187825e+01,2.178850e+01,2.182303e+01,2.181612e+01,2.188516e+01,2.184374e+01,2.189896e+01,2.185065e+01,2.188516e+01,2.187135e+01,2.179540e+01,2.182993e+01,2.200241e+01,2.199551e+01,2.196793e+01,2.185755e+01,2.184374e+01,2.191965e+01,2.182993e+01,2.189896e+01,2.186445e+01,2.182993e+01,2.194725e+01,2.196793e+01,2.197483e+01,2.196104e+01,2.195414e+01,2.186445e+01,2.186445e+01,2.186445e+01,2.188516e+01,2.185065e+01,2.191276e+01,2.180231e+01,2.178159e+01,2.187825e+01,2.185755e+01,2.182993e+01,2.188516e+01,2.185065e+01,2.180231e+01,2.172631e+01,2.183684e+01,2.187135e+01,2.182303e+01,2.175395e+01,2.186445e+01,2.181612e+01,2.187825e+01,2.187135e+01,2.187825e+01,2.182303e+01,2.162950e+01,2.176086e+01,2.187135e+01,2.161566e+01,2.181612e+01,2.182303e+01,2.171248e+01,2.167100e+01,2.174704e+01
2.178159e+01,2.181612e+01,2.178850e+01,2.182993e+01,2.182993e+01,2.168483e+01,2.174013e+01,2.189896e+01,2.187825e+01,2.187825e+01,2.182303e+01,2.185065e+01,2.179540e+01,2.189206e+01,2.194035e+01,2.187825e+01,2.188516e+01,2.171940e+01,2.192655e+01,2.189896e+01,2.179540e+01,2.182993e+01,2.187825e+01,2.191276e+01,2.188516e+01,2.200930e+01,2.194725e+01,2.185065e+01,2.192655e+01,2.182303e+01,2.186445e+01,2.180922e+01,2.182303e+01,2.180922e+01,2.180231e+01,2.193345e+01,2.198172e+01,2.187135e+01,2.191276e+01,2.195414e+01,2.193345e+01,2.186445e+01,2.195414e+01,2.194725e+01,2.186445e+01,2.194725e+01,2.182993e+01,2.181612e+01,2.194725e+01,2.191276e+01,2.191965e+01,2.191965e+01,2.190586e+01,2.202997e+01,2.194035e+01,2.204376e+01,2.196104e+01,2.189206e+01,2.199551e+01,2.199551e+01,2.199551e+01,2.200241e+01,2.188516e+01,2.200241e+01,2.195414e+01,2.198862e+01,2.200930e+01,2.191276e+01,2.198862e+01,2.194725e+01,2.209886e+01,2.197483e+01,2.191965e+01,2.199551e+01,2.192655e+01,2.188516e+01,2.192655e+01,2.194725e+01,2.196104e+01,2.184374e+01,2.196793e+01,2.198172e+01,2.198862e+01,2.185065e+01,2.182993e+01,2.192655e+01,2.181612e+01,2.185065e+01,2.186445e+01,2.165717e+01,2.175395e+01,2.182303e+01,2.178159e+01,2.173322e+01,2.174013e+01,2.169175e+01,2.189896e+01,2.178850e+01,2.188516e+01,2.158798e+01,2.170557e+01,2.178850e+01,2.162258e+01,2.167100e+01,2.175395e+01,2.174013e+01,2.174704e+01,2.167100e+01,2.168483e+01,2.162258e+01,2.158106e+01,2.174704e+01,2.183684e+01,2.185065e+01,2.187135e+01,2.195414e+01,2.189896e+01,2.198172e+01,2.191276e+01,2.229838e+01,2.225026e+01,2.240829e+01,2.270994e+01,2.271679e+01,2.277837e+01,2.301071e+01,2.337183e+01,2.339904e+01,2.355532e+01,2.377914e+01,2.402275e+01,2.425906e+01,2.445445e+01,2.452846e+01,2.479718e+01,2.474349e+01,2.497147e+01,2.503843e+01,2.518559e+01,2.521900e+01,2.533254e+01,2.535256e+01,2.560586e+01,2.585191e+01,2.585855e+01,2.582533e+01,2.614376e+01,2.628938e+01,2.619674e+01,2.654705e+01,2.648104e+01,2.656024e+01,2.666576e+01,2.683041e+01,2.689620e+01,2.690278e+01,2.691593e+01,2.706707e+01,2.711959e+01,2.694223e+01,2.701453e+01,2.694223e+01,2.681725e+01,2.673824e+01,2.669871e+01,2.653385e+01,2.653385e+01,2.623645e+01,2.619674e+01,2.583198e+01,2.497147e+01,2.450155e+01,2.348060e+01,2.196793e+01,2.124828e+01,2.122050e+01,2.097709e+01,2.100493e+01,2.101189e+01,2.097012e+01,2.069120e+01,2.096316e+01,2.085865e+01,2.079589e+01,2.077496e+01,2.085865e+01,2.080984e+01,2.077496e+01,2.097709e+01,2.089350e+01,2.083773e+01,2.089350e+01,2.094923e+01,2.094923e+01,2.109539e+01,2.091440e+01,2.090743e+01,2.097012e+01,2.101189e+01,2.097012e+01,2.107452e+01,2.101189e+01,2.097012e+01,2.128299e+01,2.093530e+01,2.090743e+01,2.101885e+01,2.090743e+01,2.099797e+01,2.083773e+01,2.094923e+01,2.080984e+01,2.083076e+01,2.076100e+01,2.085865e+01,2.074705e+01,2.066327e+01,2.083076e+01,2.089350e+01,2.090047e+01,2.093530e+01,2.085865e+01,2.080984e+01,2.089350e+01,2.089350e+01,2.087259e+01,2.087259e+01,2.093530e+01,2.092833e+01,2.090743e+01,2.092137e+01,2.092137e+01,2.095619e+01,2.097012e+01,2.149104e+01,2.141480e+01,2.144253e+01,2.131770e+01,2.126911e+01,2.100493e+01,2.072611e+01,2.069120e+01,2.083076e+01,2.071215e+01,2.067025e+01,2.067025e+01,2.068422e+01,2.076100e+01,2.071913e+01,2.075403e+01,2.118576e+01,2.149796e+01,2.162950e+01,2.158106e+01,2.169175e+01,2.152567e+01,2.168483e+01,2.167100e+01,2.151182e+01,2.167792e+01,2.165025e+01,2.164334e+01,2.162950e+01,2.162950e+01,2.162950e+01,2.156721e+01,2.162950e+01,2.165025e+01,2.161566e+01,2.158798e+01,2.150489e+01,2.151182e+01,2.152567e+01,2.144253e+01,2.140787e+01,2.142174e+01,2.117881e+01,2.110234e+01,2.092137e+01,2.089350e+01,2.090047e+01,2.084470e+01,2.083076e+01,2.085865e+01,2.082378e+01,2.082378e+01,2.078193e+01,2.090743e+01,2.092833e+01,2.101189e+01,2.080286e+01,2.101189e+01,2.098405e+01,2.097012e+01,2.112320e+01,2.078891e+01,2.078193e+01,2.077496e+01,2.089350e+01,2.074705e+01,2.067025e+01,2.068422e+01,2.066327e+01,2.065628e+01,2.074007e+01,2.072611e+01,2.079589e+01,2.080984e+01,2.103973e+01,2.110234e+01,2.119271e+01,2.137320e+01,2.137320e+01,2.144946e+01,2.140787e+01,2.152567e+01,2.160182e+01,2.158106e+01,2.164334e+01,2.160182e+01,2.165025e+01,2.158798e+01,2.176086e+01,2.176086e+01,2.167100e+01,2.167792e+01,2.178159e+01,2.171248e+01,2.174013e+01,2.176086e+01,2.174704e+01,2.167792e+01,2.176086e+01,2.185065e+01,2.177468e+01,2.175395e+01,2.181612e+01,2.175395e+01,2.174013e+01,2.180922e+01,2.183684e+01,2.180922e+01,2.182303e+01,2.182993e+01,2.177468e+01,2.164334e+01,2.165717e+01,2.164334e+01,2.171248e+01,2.169866e+01,2.183684e+01,2.156721e+01,2.169866e+01,2.180922e+01,2.175395e+01,2.165717e+01,2.162950e+01,2.155337e+01,2.146332e+01,2.159490e+01,2.147718e+01,2.136626e+01,2.092137e+01,2.072611e+01,2.072611e+01,2.074007e+01,2.074705e+01,2.084470e+01,2.079589e+01,2.080984e+01,2.072611e+01,2.072611e+01,2.079589e+01,2.074705e+01,2.089350e+01,2.085865e+01,2.087956e+01,2.080286e+01,2.087956e+01,2.087956e+01,2.095619e+01,2.090743e+01,2.098405e+01,2.091440e+01,2.092137e+01,2.090047e+01,2.090047e+01,2.095619e+01,2.084470e+01,2.097012e+01,2.092137e+01,2.088653e+01,2.069818e+01,2.071913e+01,2.076100e+01,2.080286e+01,2.062834e+01,2.082378e+01,2.077496e+01,2.066327e+01,2.075403e+01,2.073309e+01,2.071215e+01,2.068422e+01,2.076798e+01,2.108148e+01,2.147718e+01,2.185755e+01,2.211263e+01,2.240829e+01,2.272363e+01,2.325614e+01,2.365711e+01,2.414435e+01,2.454864e+01,2.507189e+01,2.529916e+01,2.552594e+01,2.561252e+01,2.595149e+01,2.606424e+01,2.613051e+01,2.606424e+01,2.591831e+01,2.593158e+01,2.577882e+01,2.566576e+01,2.555925e+01,2.533921e+01,2.523237e+01,2.503843e+01,2.483742e+01,2.451501e+01,2.433995e+01,2.425231e+01,2.402275e+01,2.402275e+01,2.366390e+01,2.371136e+01,2.339224e+01,2.324933e+01,2.294243e+01,2.299706e+01,2.279206e+01,2.277153e+01,2.268255e+01,2.252494e+01,2.247692e+01,2.244261e+01,2.227776e+01,2.227776e+01,2.216082e+01,2.191965e+01,2.213329e+01,2.191965e+01,2.189206e+01,2.190586e+01,2.197483e+01,2.187135e+01,2.170557e+01,2.187135e+01,2.168483e+01,2.176086e+01,2.165025e+01,2.170557e+01,2.170557e+01,2.160182e+01,2.167100e+01,2.142867e+01,2.148411e+01,2.144253e+01,2.139400e+01,2.140094e+01,2.124828e+01,2.138013e+01,2.126217e+01,2.128993e+01,2.124133e+01,2.133158e+01,2.132464e+01,2.122744e+01,2.119271e+01,2.119271e+01,2.135239e+01,2.125522e+01,2.120660e+01,2.129688e+01,2.119271e+01,2.124133e+01,2.133158e+01,2.115101e+01,2.118576e+01,2.135239e+01,2.135933e+01,2.135933e+01,2.134545e+01,2.124828e+01,2.128299e+01,2.120660e+01,2.143560e+01,2.144946e+01,2.134545e+01,2.148411e+01,2.135933e+01,2.140787e+01,2.137320e+01,2.149104e+01,2.158106e+01,2.144253e+01,2.154645e+01,2.148411e+01,2.155337e+01,2.153260e+01,2.150489e+01,2.153260e+01,2.153260e+01,2.156721e+01,2.156029e+01,2.146332e+01,2.165717e+01,2.159490e+01,2.164334e+01,2.154645e+01,2.167792e+01,2.165025e+01,2.156029e+01,2.171940e+01,2.160874e+01,2.171940e+01,2.166409e+01,2.167792e+01,2.170557e+01,2.173322e+01,2.169175e+01,2.159490e+01,2.162258e+01,2.166409e+01,2.164334e+01,2.180922e+01,2.177468e+01,2.179540e+01,2.174704e+01,2.181612e+01,2.187135e+01,2.176086e+01,2.178159e+01,2.181612e+01,2.178159e+01,2.181612e+01,2.182993e+01,2.185065e+01,2.186445e+01,2.183684e+01,2.182993e+01,2.182303e+01,2.197483e+01,2.184374e+01,2.186445e+01,2.178159e+01,2.195414e+01,2.191965e+01,2.182993e+01,2.191276e+01,2.189896e+01,2.196104e+01,2.192655e+01,2.189206e+01,2.189206e+01,2.179540e+01,2.191276e+01,2.175395e+01,2.163642e+01,2.185755e+01,2.178159e+01,2.180231e+01,2.185065e+01,2.178850e+01,2.176777e+01,2.178850e+01,2.185065e+01,2.180231e+01,2.187825e+01,2.185065e+01,2.185755e+01,2.184374e+01,2.186445e+01,2.190586e+01,2.189206e+01,2.192655e+01,2.193345e+01,2.190586e+01,2.187825e+01,2.191965e+01,2.190586e+01,2.189896e+01,2.186445e+01,2.196104e+01,2.209886e+01,2.194725e+01,2.182303e+01,2.194725e+01,2.178159e+01,2.179540e+01,2.194725e+01,2.197483e+01,2.193345e+01,2.178159e+01,2.194035e+01,2.181612e+01,2.175395e+01,2.178850e+01,2.176777e+01,2.177468e+01,2.180231e+01,2.189896e+01,2.189206e+01,2.180922e+01,2.182303e+01,2.180231e+01,2.180922e+01,2.176777e+01,2.199551e+01,2.184374e+01,2.179540e+01,2.173322e+01,2.185755e+01,2.162258e+01,2.171940e+01,2.184374e+01,2.181612e+01,2.185755e+01,2.174704e+01,2.165717e+01,2.170557e+01,2.178850e+01,2.167792e+01,2.168483e+01,2.184374e+01,2.183684e+01,2.169866e+01
2.160874e+01,2.196793e+01,2.184374e+01,2.176086e+01,2.179540e+01,2.193345e+01,2.200930e+01,2.190586e+01,2.187825e+01,2.189206e+01,2.187135e+01,2.186445e+01,2.189896e+01,2.188516e+01,2.189896e+01,2.187135e+01,2.191965e+01,2.187135e+01,2.200930e+01,2.194035e+01,2.211263e+01,2.183684e+01,2.189896e+01,2.186445e+01,2.187825e+01,2.191276e+01,2.189896e+01,2.190586e+01,2.185065e+01,2.186445e+01,2.192655e+01,2.198862e+01,2.188516e+01,2.183684e+01,2.180231e+01,2.178850e+01,2.190586e+01,2.182993e+01,2.198172e+01,2.190586e+01,2.192655e+01,2.189206e+01,2.189206e+01,2.191965e+01,2.169175e+01,2.194035e+01,2.194035e+01,2.184374e+01,2.195414e+01,2.193345e+01,2.194035e+01,2.196793e+01,2.188516e+01,2.193345e+01,2.194035e+01,2.191965e+01,2.194725e+01,2.192655e+01,2.197483e+01,2.194725e+01,2.199551e+01,2.198172e+01,2.191965e+01,2.196104e+01,2.194725e+01,2.199551e+01,2.199551e+01,2.200930e+01,2.201619e+01,2.184374e+01,2.191965e+01,2.190586e+01,2.191276e+01,2.180922e+01,2.190586e+01,2.186445e+01,2.192655e+01,2.193345e+01,2.196793e+01,2.188516e+01,2.199551e+01,2.183684e+01,2.185065e+01,2.187135e+01,2.191276e+01,2.189896e+01,2.178850e+01,2.176777e+01,2.184374e+01,2.181612e+01,2.187135e+01,2.180922e+01,2.196793e+01,2.175395e+01,2.187135e+01,2.194035e+01,2.182993e+01,2.186445e+01,2.174704e+01,2.176777e+01,2.173322e+01,2.168483e+01,2.165717e+01,2.174704e+01,2.166409e+01,2.176086e+01,2.170557e+01,2.175395e+01,2.163642e+01,2.168483e+01,2.174704e+01,2.174704e+01,2.181612e+01,2.180922e+01,2.180922e+01,2.197483e+01,2.198172e+01,2.200241e+01,2.207820e+01,2.221587e+01,2.222275e+01,2.240829e+01,2.252494e+01,2.274416e+01,2.277153e+01,2.308576e+01,2.330379e+01,2.350778e+01,2.362998e+01,2.358926e+01,2.397543e+01,2.407681e+01,2.444098e+01,2.456881e+01,2.474349e+01,2.476362e+01,2.492457e+01,2.499826e+01,2.494467e+01,2.523237e+01,2.537925e+01,2.535256e+01,2.538593e+01,2.585191e+01,2.585855e+01,2.601783e+01,2.599130e+01,2.624307e+01,2.628277e+01,2.632245e+01,2.653385e+01,2.670530e+01,2.685015e+01,2.709990e+01,2.699481e+01,2.708020e+01,2.717208e+01,2.709990e+01,2.725078e+01,2.716552e+01,2.705394e+01,2.702766e+01,2.700796e+01,2.700796e+01,2.679092e+01,2.685015e+01,2.682383e+01,2.654045e+01,2.621660e+01,2.582533e+01,2.498486e+01,2.289461e+01,2.158798e+01,2.131076e+01,2.120660e+01,2.114406e+01,2.105365e+01,2.101189e+01,2.099797e+01,2.094923e+01,2.092833e+01,2.078891e+01,2.092833e+01,2.083773e+01,2.091440e+01,2.080984e+01,2.077496e+01,2.101885e+01,2.085865e+01,2.096316e+01,2.113015e+01,2.101189e+01,2.106061e+01,2.087956e+01,2.094226e+01,2.095619e+01,2.099797e+01,2.101189e+01,2.092833e+01,2.098405e+01,2.099101e+01,2.097709e+01,2.096316e+01,2.099797e+01,2.096316e+01,2.083773e+01,2.085865e+01,2.090047e+01,2.089350e+01,2.085168e+01,2.086562e+01,2.085168e+01,2.081681e+01,2.062834e+01,2.071215e+01,2.076798e+01,2.076100e+01,2.071215e+01,2.079589e+01,2.090743e+01,2.076100e+01,2.092833e+01,2.076100e+01,2.080984e+01,2.087259e+01,2.085168e+01,2.091440e+01,2.094226e+01,2.074007e+01,2.094226e+01,2.077496e+01,2.095619e+01,2.088653e+01,2.108148e+01,2.138707e+01,2.144946e+01,2.149104e+01,2.148411e+01,2.139400e+01,2.099797e+01,2.073309e+01,2.078891e+01,2.069120e+01,2.067723e+01,2.073309e+01,2.064930e+01,2.067723e+01,2.067025e+01,2.069818e+01,2.084470e+01,2.093530e+01,2.153952e+01,2.158798e+01,2.153260e+01,2.165025e+01,2.160874e+01,2.172631e+01,2.161566e+01,2.152567e+01,2.172631e+01,2.162258e+01,2.156029e+01,2.161566e+01,2.162950e+01,2.160874e+01,2.165717e+01,2.169866e+01,2.162950e+01,2.166409e+01,2.155337e+01,2.147025e+01,2.156029e+01,2.167100e+01,2.160874e+01,2.149104e+01,2.144946e+01,2.142867e+01,2.124133e+01,2.142867e+01,2.113015e+01,2.091440e+01,2.080984e+01,2.088653e+01,2.087956e+01,2.083773e+01,2.069120e+01,2.093530e+01,2.076798e+01,2.078891e+01,2.094226e+01,2.091440e+01,2.095619e+01,2.093530e+01,2.076798e+01,2.087259e+01,2.086562e+01,2.086562e+01,2.091440e+01,2.083773e+01,2.074007e+01,2.077496e+01,2.063532e+01,2.068422e+01,2.070517e+01,2.071913e+01,2.076798e+01,2.080286e+01,2.087259e+01,2.101189e+01,2.113015e+01,2.125522e+01,2.135933e+01,2.140094e+01,2.138013e+01,2.153260e+01,2.152567e+01,2.158798e+01,2.153952e+01,2.160874e+01,2.158106e+01,2.151875e+01,2.166409e+01,2.159490e+01,2.172631e+01,2.164334e+01,2.162258e+01,2.169175e+01,2.169175e+01,2.173322e+01,2.176086e+01,2.174704e+01,2.166409e+01,2.162950e+01,2.178850e+01,2.178850e+01,2.174013e+01,2.179540e+01,2.185755e+01,2.180922e+01,2.181612e+01,2.177468e+01,2.192655e+01,2.179540e+01,2.183684e+01,2.170557e+01,2.180231e+01,2.167100e+01,2.168483e+01,2.187825e+01,2.185755e+01,2.179540e+01,2.176086e+01,2.166409e+01,2.158798e+01,2.160182e+01,2.174704e+01,2.158106e+01,2.158106e+01,2.151875e+01,2.137320e+01,2.154645e+01,2.146332e+01,2.131076e+01,2.074705e+01,2.075403e+01,2.067025e+01,2.079589e+01,2.060039e+01,2.074705e+01,2.075403e+01,2.081681e+01,2.085865e+01,2.089350e+01,2.083076e+01,2.089350e+01,2.090047e+01,2.080286e+01,2.090047e+01,2.087259e+01,2.083076e+01,2.092137e+01,2.085865e+01,2.096316e+01,2.087259e+01,2.087956e+01,2.077496e+01,2.076798e+01,2.090047e+01,2.098405e+01,2.093530e+01,2.092137e+01,2.069818e+01,2.084470e+01,2.090743e+01,2.072611e+01,2.062135e+01,2.097012e+01,2.066327e+01,2.079589e+01,2.064930e+01,2.070517e+01,2.067723e+01,2.077496e+01,2.072611e+01,2.080984e+01,2.128299e+01,2.178850e+01,2.182303e+01,2.196104e+01,2.238769e+01,2.272363e+01,2.319484e+01,2.341944e+01,2.385364e+01,2.432647e+01,2.481730e+01,2.510534e+01,2.539927e+01,2.564580e+01,2.585855e+01,2.583862e+01,2.591831e+01,2.593822e+01,2.589175e+01,2.596476e+01,2.559254e+01,2.561917e+01,2.559920e+01,2.526577e+01,2.505182e+01,2.485084e+01,2.481059e+01,2.462931e+01,2.452174e+01,2.423882e+01,2.381301e+01,2.379946e+01,2.343983e+01,2.343303e+01,2.342623e+01,2.297657e+01,2.307894e+01,2.273047e+01,2.277153e+01,2.265516e+01,2.238769e+01,2.242202e+01,2.239456e+01,2.235335e+01,2.238769e+01,2.221587e+01,2.225713e+01,2.223650e+01,2.212641e+01,2.208509e+01,2.195414e+01,2.183684e+01,2.195414e+01,2.180922e+01,2.185755e+01,2.171248e+01,2.167792e+01,2.182303e+01,2.165717e+01,2.170557e+01,2.157414e+01,2.163642e+01,2.158106e+01,2.144946e+01,2.143560e+01,2.138707e+01,2.138707e+01,2.131076e+01,2.129688e+01,2.131770e+01,2.123439e+01,2.128299e+01,2.122050e+01,2.127605e+01,2.125522e+01,2.124828e+01,2.127605e+01,2.129688e+01,2.122744e+01,2.120660e+01,2.122744e+01,2.115101e+01,2.113711e+01,2.117186e+01,2.124133e+01,2.134545e+01,2.135933e+01,2.124133e+01,2.135239e+01,2.112320e+01,2.130382e+01,2.126911e+01,2.134545e+01,2.138707e+01,2.140787e+01,2.142867e+01,2.137320e+01,2.138707e+01,2.138013e+01,2.140787e+01,2.143560e+01,2.122050e+01,2.143560e+01,2.142174e+01,2.142867e+01,2.142867e+01,2.150489e+01,2.151875e+01,2.158798e+01,2.140787e+01,2.155337e+01,2.151182e+01,2.143560e+01,2.162950e+01,2.156029e+01,2.164334e+01,2.146332e+01,2.171248e+01,2.163642e+01,2.166409e+01,2.169175e+01,2.161566e+01,2.161566e+01,2.162950e+01,2.168483e+01,2.169866e+01,2.171248e+01,2.167100e+01,2.165025e+01,2.167792e+01,2.174013e+01,2.173322e+01,2.177468e+01,2.165025e+01,2.174704e+01,2.176086e+01,2.174013e+01,2.176086e+01,2.185755e+01,2.174013e+01,2.182303e+01,2.191965e+01,2.183684e+01,2.193345e+01,2.182993e+01,2.182303e+01,2.183684e+01,2.193345e+01,2.189896e+01,2.182993e+01,2.169175e+01,2.185065e+01,2.193345e+01,2.194035e+01,2.189206e+01,2.185065e+01,2.189896e+01,2.181612e+01,2.190586e+01,2.193345e+01,2.187825e+01,2.187825e+01,2.184374e+01,2.191965e+01,2.194725e+01,2.178159e+01,2.166409e+01,2.173322e+01,2.183684e+01,2.183684e+01,2.187135e+01,2.186445e+01,2.193345e+01,2.196793e+01,2.180922e+01,2.191276e+01,2.181612e+01,2.186445e+01,2.188516e+01,2.190586e+01,2.187135e+01,2.183684e+01,2.185755e+01,2.189206e+01,2.187135e+01,2.182993e+01,2.191276e+01,2.189206e+01,2.190586e+01,2.196104e+01,2.185755e+01,2.187825e+01,2.203687e+01,2.198862e+01,2.190586e+01,2.180922e+01,2.187135e+01,2.182303e+01,2.189896e+01,2.194035e+01,2.185755e+01,2.182993e+01,2.193345e+01,2.194725e+01,2.175395e+01,2.194725e+01,2.183684e+01,2.196104e+01,2.173322e+01,2.179540e+01,2.190586e+01,2.174013e+01,2.178159e+01,2.183684e+01,2.174704e+01,2.183684e+01,2.191276e+01,2.169866e+01,2.194035e+01,2.177468e+01,2.188516e+01,2.164334e+01,2.187135e+01,2.185755e+01,2.183684e+01,2.162950e+01,2.166409e+01,2.176777e+01,2.180231e+01,2.169175e+01,2.155337e+01,2.183684e+01,2.165717e+01,2.186445e+01,2.168483e+01
2.176086e+01,2.178850e+01,2.194035e+01,2.179540e+01,2.185065e+01,2.185755e+01,2.177468e+01,2.187825e+01,2.191276e+01,2.187135e+01,2.184374e+01,2.187825e+01,2.199551e+01,2.179540e+01,2.189896e+01,2.199551e+01,2.191965e+01,2.176086e+01,2.192655e+01,2.194035e+01,2.184374e+01,2.211952e+01,2.194035e+01,2.189896e+01,2.192655e+01,2.187825e+01,2.190586e+01,2.187135e+01,2.189896e+01,2.185755e+01,2.205754e+01,2.184374e+01,2.185755e+01,2.197483e+01,2.187135e+01,2.199551e+01,2.180922e+01,2.196104e+01,2.196793e+01,2.198862e+01,2.198172e+01,2.200241e+01,2.191276e+01,2.196104e+01,2.198172e+01,2.182303e+01,2.195414e+01,2.189206e+01,2.181612e+01,2.190586e+01,2.196104e+01,2.192655e+01,2.187825e+01,2.195414e+01,2.194035e+01,2.215394e+01,2.189206e+01,2.189896e+01,2.189896e+01,2.198172e+01,2.207820e+01,2.199551e+01,2.197483e+01,2.191276e+01,2.198172e+01,2.198172e+01,2.200241e+01,2.193345e+01,2.189896e+01,2.189896e+01,2.190586e+01,2.194035e+01,2.185755e+01,2.194035e+01,2.196104e+01,2.185755e+01,2.182303e+01,2.189896e+01,2.195414e+01,2.196104e+01,2.196104e+01,2.185755e+01,2.198172e+01,2.189206e+01,2.184374e+01,2.185065e+01,2.186445e+01,2.187135e+01,2.191965e+01,2.180922e+01,2.187135e+01,2.185065e+01,2.183684e+01,2.178850e+01,2.176777e+01,2.172631e+01,2.176777e+01,2.174704e+01,2.176086e+01,2.178850e+01,2.174013e+01,2.174704e+01,2.165025e+01,2.168483e+01,2.176086e+01,2.171940e+01,2.175395e+01,2.172631e+01,2.168483e+01,2.176777e+01,2.175395e+01,2.169866e+01,2.184374e+01,2.195414e+01,2.188516e+01,2.201619e+01,2.179540e+01,2.225713e+01,2.200930e+01,2.227776e+01,2.225713e+01,2.240142e+01,2.251122e+01,2.277837e+01,2.295609e+01,2.305165e+01,2.331740e+01,2.345342e+01,2.365033e+01,2.389425e+01,2.399571e+01,2.426580e+01,2.450828e+01,2.452846e+01,2.456209e+01,2.475691e+01,2.477034e+01,2.523905e+01,2.509865e+01,2.499826e+01,2.529916e+01,2.547929e+01,2.559254e+01,2.572563e+01,2.595149e+01,2.597803e+01,2.600457e+01,2.625631e+01,2.629600e+01,2.633568e+01,2.657344e+01,2.657344e+01,2.677117e+01,2.703423e+01,2.702110e+01,2.715896e+01,2.710646e+01,2.721144e+01,2.724422e+01,2.717208e+01,2.725078e+01,2.728355e+01,2.726389e+01,2.706050e+01,2.708677e+01,2.698824e+01,2.702766e+01,2.656024e+01,2.627615e+01,2.499156e+01,2.289461e+01,2.160182e+01,2.128993e+01,2.116491e+01,2.119271e+01,2.102581e+01,2.092137e+01,2.097012e+01,2.097709e+01,2.072611e+01,2.094923e+01,2.091440e+01,2.091440e+01,2.083773e+01,2.090047e+01,2.084470e+01,2.089350e+01,2.096316e+01,2.090743e+01,2.092833e+01,2.086562e+01,2.087956e+01,2.085865e+01,2.097709e+01,2.077496e+01,2.087956e+01,2.087956e+01,2.085865e+01,2.100493e+01,2.100493e+01,2.107452e+01,2.096316e+01,2.079589e+01,2.072611e+01,2.083773e+01,2.083773e+01,2.083773e+01,2.085865e+01,2.076798e+01,2.085168e+01,2.079589e+01,2.069120e+01,2.081681e+01,2.071913e+01,2.072611e+01,2.080984e+01,2.078891e+01,2.069120e+01,2.073309e+01,2.079589e+01,2.078193e+01,2.078891e+01,2.088653e+01,2.089350e+01,2.086562e+01,2.090743e+01,2.091440e+01,2.083076e+01,2.090743e+01,2.094923e+01,2.087956e+01,2.091440e+01,2.078891e+01,2.096316e+01,2.131770e+01,2.138013e+01,2.149796e+01,2.149104e+01,2.154645e+01,2.131076e+01,2.090743e+01,2.074007e+01,2.065628e+01,2.072611e+01,2.067723e+01,2.071913e+01,2.068422e+01,2.065628e+01,2.075403e+01,2.097012e+01,2.109539e+01,2.151182e+01,2.150489e+01,2.160182e+01,2.160182e+01,2.166409e+01,2.163642e+01,2.154645e+01,2.169175e+01,2.160874e+01,2.162950e+01,2.145639e+01,2.164334e+01,2.168483e+01,2.165025e+01,2.162950e+01,2.167792e+01,2.165717e+01,2.162950e+01,2.150489e+01,2.156721e+01,2.153952e+01,2.156721e+01,2.162258e+01,2.160874e+01,2.143560e+01,2.145639e+01,2.144946e+01,2.124828e+01,2.133851e+01,2.118576e+01,2.114406e+01,2.083773e+01,2.083076e+01,2.078193e+01,2.075403e+01,2.080286e+01,2.081681e+01,2.072611e+01,2.079589e+01,2.079589e+01,2.090047e+01,2.078891e+01,2.091440e+01,2.093530e+01,2.078891e+01,2.092137e+01,2.094923e+01,2.071913e+01,2.065628e+01,2.071215e+01,2.070517e+01,2.071913e+01,2.074705e+01,2.077496e+01,2.082378e+01,2.085865e+01,2.085865e+01,2.094923e+01,2.118576e+01,2.130382e+01,2.126217e+01,2.141480e+01,2.148411e+01,2.147718e+01,2.162950e+01,2.151182e+01,2.159490e+01,2.164334e+01,2.155337e+01,2.165717e+01,2.160874e+01,2.157414e+01,2.165717e+01,2.172631e+01,2.169175e+01,2.169175e+01,2.182303e+01,2.176777e+01,2.160182e+01,2.171248e+01,2.169175e+01,2.169866e+01,2.164334e+01,2.165025e+01,2.170557e+01,2.172631e+01,2.177468e+01,2.182303e+01,2.178159e+01,2.178850e+01,2.176777e+01,2.180922e+01,2.174704e+01,2.171940e+01,2.180231e+01,2.169866e+01,2.169175e+01,2.178850e+01,2.179540e+01,2.171940e+01,2.170557e+01,2.167100e+01,2.168483e+01,2.160182e+01,2.154645e+01,2.161566e+01,2.159490e+01,2.158106e+01,2.153952e+01,2.132464e+01,2.136626e+01,2.131076e+01,2.096316e+01,2.082378e+01,2.065628e+01,2.067723e+01,2.080286e+01,2.073309e+01,2.083076e+01,2.064930e+01,2.082378e+01,2.071913e+01,2.076100e+01,2.089350e+01,2.070517e+01,2.087259e+01,2.083773e+01,2.084470e+01,2.092833e+01,2.096316e+01,2.096316e+01,2.087956e+01,2.095619e+01,2.094226e+01,2.080984e+01,2.094923e+01,2.084470e+01,2.095619e+01,2.095619e+01,2.093530e+01,2.092137e+01,2.092833e+01,2.078193e+01,2.073309e+01,2.061436e+01,2.076798e+01,2.078193e+01,2.064930e+01,2.080286e+01,2.072611e+01,2.064930e+01,2.069120e+01,2.083076e+01,2.071215e+01,2.121355e+01,2.146332e+01,2.177468e+01,2.196104e+01,2.225026e+01,2.268940e+01,2.296975e+01,2.341944e+01,2.385364e+01,2.433321e+01,2.454192e+01,2.501165e+01,2.527245e+01,2.563914e+01,2.579211e+01,2.592495e+01,2.594486e+01,2.577882e+01,2.590503e+01,2.584526e+01,2.566576e+01,2.571233e+01,2.546596e+01,2.532586e+01,2.503173e+01,2.483742e+01,2.477705e+01,2.454864e+01,2.442078e+01,2.412409e+01,2.396190e+01,2.381301e+01,2.346701e+01,2.342623e+01,2.320846e+01,2.298340e+01,2.299023e+01,2.292194e+01,2.272363e+01,2.272363e+01,2.240829e+01,2.239456e+01,2.231900e+01,2.241516e+01,2.224338e+01,2.217459e+01,2.219523e+01,2.212641e+01,2.196104e+01,2.210575e+01,2.185755e+01,2.185755e+01,2.189896e+01,2.187135e+01,2.190586e+01,2.188516e+01,2.174704e+01,2.166409e+01,2.183684e+01,2.154645e+01,2.163642e+01,2.165025e+01,2.160874e+01,2.165717e+01,2.160182e+01,2.142867e+01,2.144253e+01,2.127605e+01,2.131076e+01,2.135239e+01,2.125522e+01,2.126911e+01,2.120660e+01,2.124133e+01,2.130382e+01,2.132464e+01,2.122744e+01,2.127605e+01,2.124828e+01,2.132464e+01,2.124133e+01,2.138013e+01,2.129688e+01,2.128299e+01,2.129688e+01,2.115796e+01,2.112320e+01,2.131770e+01,2.135239e+01,2.113711e+01,2.133851e+01,2.128299e+01,2.135239e+01,2.124133e+01,2.140787e+01,2.126911e+01,2.124828e+01,2.132464e+01,2.134545e+01,2.153260e+01,2.153260e+01,2.144253e+01,2.145639e+01,2.144253e+01,2.146332e+01,2.152567e+01,2.146332e+01,2.151875e+01,2.153260e+01,2.144946e+01,2.153260e+01,2.156721e+01,2.145639e+01,2.143560e+01,2.151182e+01,2.153952e+01,2.158798e+01,2.160182e+01,2.171248e+01,2.171940e+01,2.172631e+01,2.166409e+01,2.162258e+01,2.161566e+01,2.165717e+01,2.172631e+01,2.160182e+01,2.170557e+01,2.168483e+01,2.169866e+01,2.166409e+01,2.169175e+01,2.174013e+01,2.154645e+01,2.170557e+01,2.181612e+01,2.168483e+01,2.178159e+01,2.184374e+01,2.182993e+01,2.189896e+01,2.177468e+01,2.180922e+01,2.184374e+01,2.187135e+01,2.190586e+01,2.185065e+01,2.194725e+01,2.190586e+01,2.187135e+01,2.187825e+01,2.185755e+01,2.182303e+01,2.194725e+01,2.205065e+01,2.193345e+01,2.189206e+01,2.204376e+01,2.181612e+01,2.189896e+01,2.178850e+01,2.191965e+01,2.179540e+01,2.214017e+01,2.187135e+01,2.180231e+01,2.173322e+01,2.179540e+01,2.177468e+01,2.182993e+01,2.188516e+01,2.174704e+01,2.185065e+01,2.183684e+01,2.182993e+01,2.182993e+01,2.180922e+01,2.179540e+01,2.191276e+01,2.190586e+01,2.186445e+01,2.185065e+01,2.185755e+01,2.190586e+01,2.185065e+01,2.187135e+01,2.181612e+01,2.187825e+01,2.190586e+01,2.192655e+01,2.189896e+01,2.187825e+01,2.189206e+01,2.179540e+01,2.185755e+01,2.184374e+01,2.198172e+01,2.166409e+01,2.193345e+01,2.177468e+01,2.196104e+01,2.177468e+01,2.180231e+01,2.182993e+01,2.174704e+01,2.181612e+01,2.182993e+01,2.174013e+01,2.182303e+01,2.178850e+01,2.166409e+01,2.162258e+01,2.178850e+01,2.171940e+01,2.176777e+01,2.175395e+01,2.193345e+01,2.176086e+01,2.194035e+01,2.195414e+01,2.168483e+01,2.173322e+01,2.176086e+01,2.189896e+01,2.165025e+01,2.175395e+01,2.185755e+01,2.186445e+01,2.175395e+01,2.182303e+01,2.194035e+01,2.169175e+01,2.168483e+01,2.165717e+01,2.180231e+01
2.185755e+01,2.183684e+01,2.177468e+01,2.181612e+01,2.193345e+01,2.180922e+01,2.182993e+01,2.190586e+01,2.194035e+01,2.188516e+01,2.189896e+01,2.192655e+01,2.183684e+01,2.189206e+01,2.191276e+01,2.198862e+01,2.196104e+01,2.181612e+01,2.182303e+01,2.191276e+01,2.178850e+01,2.191965e+01,2.194725e+01,2.198172e+01,2.191276e+01,2.192655e+01,2.195414e+01,2.187825e+01,2.190586e+01,2.185755e+01,2.193345e+01,2.191965e+01,2.194035e+01,2.177468e+01,2.198172e+01,2.195414e+01,2.198172e+01,2.196793e+01,2.198862e+01,2.198172e+01,2.180922e+01,2.187135e+01,2.188516e+01,2.189896e+01,2.198172e+01,2.187135e+01,2.190586e+01,2.200930e+01,2.197483e+01,2.189206e+01,2.188516e+01,2.194725e+01,2.194725e+01,2.194725e+01,2.187135e+01,2.193345e+01,2.192655e+01,2.189896e+01,2.191965e+01,2.194035e+01,2.192655e+01,2.196104e+01,2.196793e+01,2.196793e+01,2.192655e+01,2.190586e+01,2.194725e+01,2.207131e+01,2.187135e+01,2.202308e+01,2.197483e+01,2.200241e+01,2.189206e+01,2.180231e+01,2.198172e+01,2.196793e+01,2.185755e+01,2.191276e+01,2.189206e+01,2.189206e+01,2.189896e+01,2.191965e+01,2.196104e+01,2.181612e+01,2.186445e+01,2.179540e+01,2.180922e+01,2.205754e+01,2.188516e+01,2.180231e+01,2.198172e+01,2.182303e+01,2.185065e+01,2.181612e+01,2.176777e+01,2.158798e+01,2.177468e+01,2.196104e+01,2.176086e+01,2.171248e+01,2.161566e+01,2.171940e+01,2.182993e+01,2.174704e+01,2.179540e+01,2.178159e+01,2.178159e+01,2.190586e+01,2.172631e+01,2.163642e+01,2.175395e+01,2.173322e+01,2.194035e+01,2.183684e+01,2.183684e+01,2.198862e+01,2.199551e+01,2.202308e+01,2.207131e+01,2.233961e+01,2.227088e+01,2.249065e+01,2.247006e+01,2.275785e+01,2.291510e+01,2.308576e+01,2.324933e+01,2.339224e+01,2.388071e+01,2.367746e+01,2.400247e+01,2.436017e+01,2.452174e+01,2.451501e+01,2.444098e+01,2.456881e+01,2.483072e+01,2.509865e+01,2.521232e+01,2.528580e+01,2.531919e+01,2.548595e+01,2.559920e+01,2.557257e+01,2.590503e+01,2.598467e+01,2.598467e+01,2.622322e+01,2.626954e+01,2.652065e+01,2.654705e+01,2.663939e+01,2.686331e+01,2.701453e+01,2.701453e+01,2.707364e+01,2.715896e+01,2.731631e+01,2.721144e+01,2.728355e+01,2.729665e+01,2.732941e+01,2.727044e+01,2.733596e+01,2.708677e+01,2.706707e+01,2.684357e+01,2.656684e+01,2.567241e+01,2.332421e+01,2.162950e+01,2.127605e+01,2.100493e+01,2.096316e+01,2.113015e+01,2.090743e+01,2.098405e+01,2.087259e+01,2.095619e+01,2.093530e+01,2.095619e+01,2.092833e+01,2.092137e+01,2.095619e+01,2.083773e+01,2.101189e+01,2.092137e+01,2.080984e+01,2.094923e+01,2.094923e+01,2.088653e+01,2.088653e+01,2.088653e+01,2.074007e+01,2.095619e+01,2.090047e+01,2.103973e+01,2.098405e+01,2.106061e+01,2.099101e+01,2.107452e+01,2.098405e+01,2.098405e+01,2.082378e+01,2.079589e+01,2.080286e+01,2.078891e+01,2.083773e+01,2.084470e+01,2.072611e+01,2.070517e+01,2.069818e+01,2.094923e+01,2.076798e+01,2.067025e+01,2.067025e+01,2.067025e+01,2.073309e+01,2.074007e+01,2.090047e+01,2.077496e+01,2.085168e+01,2.080286e+01,2.088653e+01,2.090047e+01,2.082378e+01,2.080286e+01,2.075403e+01,2.085168e+01,2.092137e+01,2.072611e+01,2.074705e+01,2.074705e+01,2.090743e+01,2.110929e+01,2.135239e+01,2.146332e+01,2.153952e+01,2.140094e+01,2.133158e+01,2.125522e+01,2.105365e+01,2.074705e+01,2.067025e+01,2.071913e+01,2.064930e+01,2.074007e+01,2.073309e+01,2.067025e+01,2.075403e+01,2.111625e+01,2.151182e+01,2.152567e+01,2.158798e+01,2.165025e+01,2.162258e+01,2.161566e+01,2.158106e+01,2.161566e+01,2.163642e+01,2.158798e+01,2.159490e+01,2.173322e+01,2.160874e+01,2.169866e+01,2.171940e+01,2.167100e+01,2.158798e+01,2.161566e+01,2.166409e+01,2.158106e+01,2.157414e+01,2.162258e+01,2.147025e+01,2.163642e+01,2.142867e+01,2.148411e+01,2.145639e+01,2.140787e+01,2.150489e+01,2.127605e+01,2.131076e+01,2.116491e+01,2.118576e+01,2.083773e+01,2.080286e+01,2.073309e+01,2.074705e+01,2.069818e+01,2.101189e+01,2.079589e+01,2.087956e+01,2.088653e+01,2.081681e+01,2.073309e+01,2.075403e+01,2.076798e+01,2.076798e+01,2.074705e+01,2.073309e+01,2.091440e+01,2.070517e+01,2.073309e+01,2.073309e+01,2.074007e+01,2.074007e+01,2.074705e+01,2.098405e+01,2.101189e+01,2.125522e+01,2.124828e+01,2.142867e+01,2.144253e+01,2.144253e+01,2.142867e+01,2.148411e+01,2.155337e+01,2.153260e+01,2.156721e+01,2.180231e+01,2.158106e+01,2.167100e+01,2.182303e+01,2.169175e+01,2.169866e+01,2.165717e+01,2.167100e+01,2.160874e+01,2.163642e+01,2.178159e+01,2.178159e+01,2.169866e+01,2.174013e+01,2.174704e+01,2.172631e+01,2.169866e+01,2.173322e+01,2.175395e+01,2.187135e+01,2.176086e+01,2.183684e+01,2.182993e+01,2.183684e+01,2.175395e+01,2.180231e+01,2.180231e+01,2.176777e+01,2.177468e+01,2.176086e+01,2.183684e+01,2.169175e+01,2.165025e+01,2.164334e+01,2.168483e+01,2.156721e+01,2.160182e+01,2.158106e+01,2.162950e+01,2.144253e+01,2.158798e+01,2.152567e+01,2.146332e+01,2.141480e+01,2.101189e+01,2.078193e+01,2.078193e+01,2.072611e+01,2.053747e+01,2.076100e+01,2.074705e+01,2.067723e+01,2.082378e+01,2.083076e+01,2.085168e+01,2.087956e+01,2.072611e+01,2.085865e+01,2.085865e+01,2.090743e+01,2.090047e+01,2.085168e+01,2.091440e+01,2.087956e+01,2.088653e+01,2.093530e+01,2.090047e+01,2.093530e+01,2.073309e+01,2.079589e+01,2.092137e+01,2.050249e+01,2.070517e+01,2.069818e+01,2.072611e+01,2.074705e+01,2.069818e+01,2.076100e+01,2.071913e+01,2.064231e+01,2.064930e+01,2.067025e+01,2.088653e+01,2.075403e+01,2.071215e+01,2.084470e+01,2.117881e+01,2.155337e+01,2.177468e+01,2.196104e+01,2.220211e+01,2.269625e+01,2.296292e+01,2.306530e+01,2.375881e+01,2.430625e+01,2.436017e+01,2.485084e+01,2.513879e+01,2.535924e+01,2.568572e+01,2.571898e+01,2.592495e+01,2.575223e+01,2.584526e+01,2.577217e+01,2.563914e+01,2.564580e+01,2.547929e+01,2.523905e+01,2.512541e+01,2.486425e+01,2.451501e+01,2.445445e+01,2.429277e+01,2.412409e+01,2.398895e+01,2.358247e+01,2.342623e+01,2.323571e+01,2.300388e+01,2.286043e+01,2.286043e+01,2.283309e+01,2.276469e+01,2.257979e+01,2.251122e+01,2.238082e+01,2.238082e+01,2.222275e+01,2.218835e+01,2.222962e+01,2.213329e+01,2.211952e+01,2.198172e+01,2.196793e+01,2.194035e+01,2.220211e+01,2.193345e+01,2.187825e+01,2.181612e+01,2.186445e+01,2.171248e+01,2.176086e+01,2.165025e+01,2.166409e+01,2.165025e+01,2.158106e+01,2.153952e+01,2.153260e+01,2.158106e+01,2.145639e+01,2.145639e+01,2.130382e+01,2.140787e+01,2.134545e+01,2.123439e+01,2.140094e+01,2.123439e+01,2.126911e+01,2.131770e+01,2.126217e+01,2.127605e+01,2.126217e+01,2.133851e+01,2.124133e+01,2.123439e+01,2.133851e+01,2.128993e+01,2.129688e+01,2.131076e+01,2.135933e+01,2.123439e+01,2.117186e+01,2.134545e+01,2.123439e+01,2.130382e+01,2.126217e+01,2.124828e+01,2.124828e+01,2.135239e+01,2.125522e+01,2.136626e+01,2.137320e+01,2.135239e+01,2.133851e+01,2.138707e+01,2.137320e+01,2.147025e+01,2.153260e+01,2.153952e+01,2.144253e+01,2.162950e+01,2.151875e+01,2.155337e+01,2.152567e+01,2.140787e+01,2.149796e+01,2.156029e+01,2.142174e+01,2.158106e+01,2.160874e+01,2.156721e+01,2.171248e+01,2.149104e+01,2.171940e+01,2.168483e+01,2.167792e+01,2.158798e+01,2.162950e+01,2.175395e+01,2.165025e+01,2.157414e+01,2.160182e+01,2.168483e+01,2.162950e+01,2.176086e+01,2.174013e+01,2.184374e+01,2.171248e+01,2.167100e+01,2.174704e+01,2.174013e+01,2.182303e+01,2.182993e+01,2.178159e+01,2.188516e+01,2.186445e+01,2.180231e+01,2.180231e+01,2.184374e+01,2.180231e+01,2.182303e+01,2.191965e+01,2.185065e+01,2.189896e+01,2.176086e+01,2.195414e+01,2.182303e+01,2.181612e+01,2.191965e+01,2.189206e+01,2.191276e+01,2.191276e+01,2.176777e+01,2.196104e+01,2.188516e+01,2.183684e+01,2.191276e+01,2.186445e+01,2.180231e+01,2.189206e+01,2.181612e+01,2.200930e+01,2.174704e+01,2.187825e+01,2.191965e+01,2.175395e+01,2.183684e+01,2.181612e+01,2.183684e+01,2.185755e+01,2.183684e+01,2.177468e+01,2.183684e+01,2.187825e+01,2.185755e+01,2.182993e+01,2.179540e+01,2.169866e+01,2.193345e+01,2.191276e+01,2.184374e+01,2.188516e+01,2.180231e+01,2.182303e+01,2.195414e+01,2.191276e+01,2.189896e+01,2.193345e+01,2.185065e+01,2.191276e+01,2.190586e+01,2.177468e+01,2.185065e+01,2.191965e+01,2.191965e+01,2.183684e+01,2.190586e+01,2.182993e+01,2.183684e+01,2.182303e+01,2.180922e+01,2.176086e+01,2.175395e+01,2.188516e+01,2.189896e+01,2.184374e+01,2.173322e+01,2.181612e+01,2.184374e+01,2.171248e+01,2.164334e+01,2.180231e+01,2.167792e+01,2.181612e+01,2.174013e+01,2.180922e+01,2.185755e+01,2.189206e+01,2.157414e+01,2.177468e+01,2.186445e+01,2.174013e+01,2.174704e+01,2.179540e+01,2.165025e+01,2.163642e+01,2.171248e+01,2.171248e+01,2.180231e+01
2.178850e+01,2.180922e+01,2.178159e+01,2.178159e+01,2.177468e+01,2.196793e+01,2.196104e+01,2.193345e+01,2.188516e+01,2.191965e+01,2.187135e+01,2.186445e+01,2.215394e+01,2.182993e+01,2.187135e+01,2.184374e+01,2.194725e+01,2.194035e+01,2.196104e+01,2.202997e+01,2.191276e+01,2.200241e+01,2.191276e+01,2.200241e+01,2.193345e+01,2.203687e+01,2.201619e+01,2.188516e+01,2.174704e+01,2.200241e+01,2.194725e+01,2.191276e+01,2.182993e+01,2.198172e+01,2.196793e+01,2.178159e+01,2.195414e+01,2.191276e+01,2.196793e+01,2.185065e+01,2.186445e+01,2.200930e+01,2.192655e+01,2.191965e+01,2.184374e+01,2.194035e+01,2.185755e+01,2.204376e+01,2.199551e+01,2.188516e+01,2.189206e+01,2.193345e+01,2.183684e+01,2.196104e+01,2.191965e+01,2.189206e+01,2.188516e+01,2.196793e+01,2.195414e+01,2.196793e+01,2.194725e+01,2.183684e+01,2.194725e+01,2.190586e+01,2.196104e+01,2.192655e+01,2.194725e+01,2.190586e+01,2.192655e+01,2.199551e+01,2.200241e+01,2.194725e+01,2.185755e+01,2.196104e+01,2.199551e+01,2.200930e+01,2.198172e+01,2.184374e+01,2.192655e+01,2.189206e+01,2.188516e+01,2.193345e+01,2.183684e+01,2.191965e+01,2.184374e+01,2.182993e+01,2.185755e+01,2.185755e+01,2.194035e+01,2.194035e+01,2.194035e+01,2.181612e+01,2.185755e+01,2.181612e+01,2.182993e+01,2.169175e+01,2.176086e+01,2.177468e+01,2.193345e+01,2.179540e+01,2.178159e+01,2.185755e+01,2.182303e+01,2.178850e+01,2.167100e+01,2.169866e+01,2.178159e+01,2.161566e+01,2.167100e+01,2.183684e+01,2.183684e+01,2.182993e+01,2.178159e+01,2.182993e+01,2.185065e+01,2.194035e+01,2.205754e+01,2.209886e+01,2.201619e+01,2.228463e+01,2.227088e+01,2.252494e+01,2.263461e+01,2.287410e+01,2.292194e+01,2.313350e+01,2.307212e+01,2.346701e+01,2.356890e+01,2.390778e+01,2.403627e+01,2.433321e+01,2.452846e+01,2.461587e+01,2.458226e+01,2.483072e+01,2.483072e+01,2.498486e+01,2.513210e+01,2.529248e+01,2.537258e+01,2.538593e+01,2.541928e+01,2.559920e+01,2.584526e+01,2.595149e+01,2.613051e+01,2.609738e+01,2.620336e+01,2.636212e+01,2.650745e+01,2.652065e+01,2.669871e+01,2.689620e+01,2.694223e+01,2.707364e+01,2.713272e+01,2.722455e+01,2.730976e+01,2.742108e+01,2.742108e+01,2.736216e+01,2.739490e+01,2.738835e+01,2.710646e+01,2.690936e+01,2.646123e+01,2.593822e+01,2.439385e+01,2.207131e+01,2.152567e+01,2.124828e+01,2.124133e+01,2.112320e+01,2.101885e+01,2.086562e+01,2.093530e+01,2.098405e+01,2.093530e+01,2.098405e+01,2.103277e+01,2.094923e+01,2.085865e+01,2.087259e+01,2.092137e+01,2.097709e+01,2.101189e+01,2.097709e+01,2.079589e+01,2.087259e+01,2.089350e+01,2.083773e+01,2.075403e+01,2.088653e+01,2.089350e+01,2.092833e+01,2.097012e+01,2.091440e+01,2.103973e+01,2.099101e+01,2.093530e+01,2.099797e+01,2.083773e+01,2.088653e+01,2.080984e+01,2.078193e+01,2.068422e+01,2.078891e+01,2.080286e+01,2.076100e+01,2.087259e+01,2.084470e+01,2.076100e+01,2.065628e+01,2.080286e+01,2.076100e+01,2.063532e+01,2.074705e+01,2.076798e+01,2.078891e+01,2.080286e+01,2.092833e+01,2.076798e+01,2.093530e+01,2.093530e+01,2.083773e+01,2.074705e+01,2.082378e+01,2.074007e+01,2.082378e+01,2.077496e+01,2.080984e+01,2.077496e+01,2.095619e+01,2.115796e+01,2.133158e+01,2.143560e+01,2.153260e+01,2.154645e+01,2.154645e+01,2.151182e+01,2.139400e+01,2.097012e+01,2.071215e+01,2.052348e+01,2.094226e+01,2.074007e+01,2.073309e+01,2.071215e+01,2.076100e+01,2.116491e+01,2.153952e+01,2.156029e+01,2.156721e+01,2.158798e+01,2.165025e+01,2.174013e+01,2.162258e+01,2.166409e+01,2.164334e+01,2.162950e+01,2.164334e+01,2.164334e+01,2.163642e+01,2.158106e+01,2.165717e+01,2.168483e+01,2.167100e+01,2.171940e+01,2.164334e+01,2.153260e+01,2.159490e+01,2.144253e+01,2.156721e+01,2.157414e+01,2.142867e+01,2.158798e+01,2.145639e+01,2.151875e+01,2.152567e+01,2.152567e+01,2.154645e+01,2.141480e+01,2.117881e+01,2.119966e+01,2.084470e+01,2.092137e+01,2.087956e+01,2.069120e+01,2.085168e+01,2.072611e+01,2.080984e+01,2.092137e+01,2.090047e+01,2.082378e+01,2.080286e+01,2.078193e+01,2.078193e+01,2.074007e+01,2.075403e+01,2.071913e+01,2.072611e+01,2.081681e+01,2.072611e+01,2.083773e+01,2.077496e+01,2.079589e+01,2.094923e+01,2.099101e+01,2.101885e+01,2.125522e+01,2.141480e+01,2.135933e+01,2.143560e+01,2.151875e+01,2.146332e+01,2.154645e+01,2.152567e+01,2.152567e+01,2.160874e+01,2.153952e+01,2.161566e+01,2.169175e+01,2.164334e+01,2.171940e+01,2.160874e+01,2.163642e+01,2.165025e+01,2.160182e+01,2.171940e+01,2.166409e+01,2.166409e+01,2.169175e+01,2.169866e+01,2.169866e+01,2.169175e+01,2.173322e+01,2.179540e+01,2.174013e+01,2.174704e+01,2.176777e+01,2.183684e+01,2.169175e+01,2.171248e+01,2.176777e+01,2.179540e+01,2.167100e+01,2.171940e+01,2.172631e+01,2.174704e+01,2.171248e+01,2.168483e+01,2.146332e+01,2.164334e+01,2.162258e+01,2.155337e+01,2.147718e+01,2.152567e+01,2.150489e+01,2.153952e+01,2.153952e+01,2.126217e+01,2.149104e+01,2.128299e+01,2.078193e+01,2.064930e+01,2.068422e+01,2.070517e+01,2.067025e+01,2.072611e+01,2.076798e+01,2.063532e+01,2.080286e+01,2.080286e+01,2.072611e+01,2.089350e+01,2.088653e+01,2.082378e+01,2.087259e+01,2.081681e+01,2.083076e+01,2.080286e+01,2.088653e+01,2.076798e+01,2.091440e+01,2.082378e+01,2.082378e+01,2.076100e+01,2.085865e+01,2.072611e+01,2.071215e+01,2.070517e+01,2.080286e+01,2.060737e+01,2.071913e+01,2.064231e+01,2.082378e+01,2.062834e+01,2.069818e+01,2.066327e+01,2.068422e+01,2.067723e+01,2.067723e+01,2.066327e+01,2.077496e+01,2.116491e+01,2.149796e+01,2.173322e+01,2.180231e+01,2.237395e+01,2.246320e+01,2.277153e+01,2.326976e+01,2.347381e+01,2.383332e+01,2.452846e+01,2.477705e+01,2.500495e+01,2.536591e+01,2.561917e+01,2.575223e+01,2.583198e+01,2.583198e+01,2.579211e+01,2.576552e+01,2.565911e+01,2.552594e+01,2.544595e+01,2.529916e+01,2.501165e+01,2.468306e+01,2.458898e+01,2.443425e+01,2.433995e+01,2.396190e+01,2.383332e+01,2.354174e+01,2.346701e+01,2.338544e+01,2.311304e+01,2.299023e+01,2.281257e+01,2.275785e+01,2.261406e+01,2.247006e+01,2.247006e+01,2.229151e+01,2.223650e+01,2.223650e+01,2.223650e+01,2.216771e+01,2.213329e+01,2.207820e+01,2.202997e+01,2.197483e+01,2.198862e+01,2.196793e+01,2.185065e+01,2.186445e+01,2.178159e+01,2.184374e+01,2.174013e+01,2.186445e+01,2.170557e+01,2.165025e+01,2.167792e+01,2.164334e+01,2.159490e+01,2.148411e+01,2.152567e+01,2.145639e+01,2.142174e+01,2.142174e+01,2.138013e+01,2.141480e+01,2.122050e+01,2.129688e+01,2.124133e+01,2.131770e+01,2.133851e+01,2.128993e+01,2.128993e+01,2.126217e+01,2.124133e+01,2.134545e+01,2.133158e+01,2.122050e+01,2.129688e+01,2.131770e+01,2.134545e+01,2.132464e+01,2.134545e+01,2.124133e+01,2.134545e+01,2.128993e+01,2.130382e+01,2.126217e+01,2.125522e+01,2.124828e+01,2.125522e+01,2.124828e+01,2.128299e+01,2.132464e+01,2.131076e+01,2.138013e+01,2.142174e+01,2.151182e+01,2.153952e+01,2.144253e+01,2.140787e+01,2.144253e+01,2.154645e+01,2.145639e+01,2.151875e+01,2.142867e+01,2.152567e+01,2.143560e+01,2.150489e+01,2.153952e+01,2.147025e+01,2.158106e+01,2.159490e+01,2.157414e+01,2.164334e+01,2.153952e+01,2.165717e+01,2.158106e+01,2.169175e+01,2.162258e+01,2.160874e+01,2.171940e+01,2.162950e+01,2.166409e+01,2.170557e+01,2.172631e+01,2.163642e+01,2.171940e+01,2.172631e+01,2.177468e+01,2.179540e+01,2.179540e+01,2.182993e+01,2.185065e+01,2.181612e+01,2.184374e+01,2.180231e+01,2.177468e+01,2.186445e+01,2.185065e+01,2.185065e+01,2.191276e+01,2.174704e+01,2.177468e+01,2.191965e+01,2.189206e+01,2.187825e+01,2.165717e+01,2.166409e+01,2.181612e+01,2.189896e+01,2.186445e+01,2.192655e+01,2.193345e+01,2.180922e+01,2.194725e+01,2.187825e+01,2.189896e+01,2.187825e+01,2.184374e+01,2.193345e+01,2.182303e+01,2.188516e+01,2.176086e+01,2.175395e+01,2.161566e+01,2.167100e+01,2.189896e+01,2.165025e+01,2.185065e+01,2.185065e+01,2.174704e+01,2.182993e+01,2.180231e+01,2.187135e+01,2.178159e+01,2.186445e+01,2.185065e+01,2.185755e+01,2.191276e+01,2.181612e+01,2.170557e+01,2.187825e+01,2.189896e+01,2.187135e+01,2.187135e+01,2.176086e+01,2.185755e+01,2.191276e+01,2.187825e+01,2.185065e+01,2.189206e+01,2.179540e+01,2.179540e+01,2.190586e+01,2.194725e+01,2.182993e+01,2.191276e+01,2.182993e+01,2.182993e+01,2.185065e+01,2.181612e+01,2.185755e+01,2.178159e+01,2.182303e+01,2.182993e+01,2.174704e+01,2.175395e+01,2.174013e+01,2.171248e+01,2.182993e+01,2.181612e+01,2.178850e+01,2.176777e+01,2.191965e+01,2.174013e+01,2.184374e+01,2.176086e+01,2.179540e+01,2.180922e+01,2.156721e+01,2.174704e+01,2.178159e+01,2.176777e+01,2.167100e+01,2.175395e+01,2.169175e+01,2.171248e+01,2.166409e+01,2.175395e+01,2.180922e+01
2.193345e+01,2.181612e+01,2.183684e+01,2.189896e+01,2.182303e+01,2.190586e+01,2.190586e+01,2.179540e+01,2.209886e+01,2.187135e+01,2.187825e+01,2.189206e+01,2.191276e+01,2.188516e+01,2.189206e+01,2.182993e+01,2.194035e+01,2.196104e+01,2.198172e+01,2.195414e+01,2.190586e+01,2.198172e+01,2.196793e+01,2.202308e+01,2.196104e+01,2.194035e+01,2.186445e+01,2.185065e+01,2.189896e+01,2.185065e+01,2.198172e+01,2.175395e+01,2.191965e+01,2.198862e+01,2.177468e+01,2.193345e+01,2.199551e+01,2.195414e+01,2.193345e+01,2.192655e+01,2.198862e+01,2.182993e+01,2.197483e+01,2.187135e+01,2.194725e+01,2.196104e+01,2.185065e+01,2.202997e+01,2.186445e+01,2.189206e+01,2.196793e+01,2.182303e+01,2.195414e+01,2.182993e+01,2.216082e+01,2.198862e+01,2.188516e+01,2.191276e+01,2.185065e+01,2.183684e+01,2.187135e+01,2.187825e+01,2.215394e+01,2.218835e+01,2.207820e+01,2.207820e+01,2.205754e+01,2.198172e+01,2.198862e+01,2.185755e+01,2.182303e+01,2.187825e+01,2.200241e+01,2.184374e+01,2.199551e+01,2.189896e+01,2.187135e+01,2.189896e+01,2.189896e+01,2.187825e+01,2.192655e+01,2.187825e+01,2.194035e+01,2.178850e+01,2.178159e+01,2.185065e+01,2.185755e+01,2.182303e+01,2.191965e+01,2.183684e+01,2.196104e+01,2.199551e+01,2.191965e+01,2.180922e+01,2.178850e+01,2.195414e+01,2.175395e+01,2.195414e+01,2.178159e+01,2.160182e+01,2.176777e+01,2.175395e+01,2.182303e+01,2.180231e+01,2.175395e+01,2.174704e+01,2.176086e+01,2.187825e+01,2.174704e+01,2.178159e+01,2.185755e+01,2.187825e+01,2.186445e+01,2.183684e+01,2.197483e+01,2.185755e+01,2.224338e+01,2.199551e+01,2.219523e+01,2.232587e+01,2.210575e+01,2.255923e+01,2.262776e+01,2.283309e+01,2.288094e+01,2.291510e+01,2.331060e+01,2.340584e+01,2.368424e+01,2.386718e+01,2.400247e+01,2.427929e+01,2.448810e+01,2.453519e+01,2.450155e+01,2.483742e+01,2.489106e+01,2.508527e+01,2.510534e+01,2.512541e+01,2.516553e+01,2.535924e+01,2.557257e+01,2.565911e+01,2.596476e+01,2.598467e+01,2.603772e+01,2.608413e+01,2.607087e+01,2.654045e+01,2.654705e+01,2.662620e+01,2.681067e+01,2.682383e+01,2.702766e+01,2.704080e+01,2.722455e+01,2.727699e+01,2.732941e+01,2.733596e+01,2.732286e+01,2.736871e+01,2.729010e+01,2.729665e+01,2.709990e+01,2.696853e+01,2.615701e+01,2.466291e+01,2.247692e+01,2.156029e+01,2.121355e+01,2.116491e+01,2.097012e+01,2.103277e+01,2.102581e+01,2.094923e+01,2.099797e+01,2.101189e+01,2.091440e+01,2.095619e+01,2.105365e+01,2.096316e+01,2.095619e+01,2.091440e+01,2.087259e+01,2.096316e+01,2.099797e+01,2.090743e+01,2.088653e+01,2.080984e+01,2.088653e+01,2.081681e+01,2.105365e+01,2.088653e+01,2.087956e+01,2.099797e+01,2.097012e+01,2.092137e+01,2.102581e+01,2.110929e+01,2.107452e+01,2.086562e+01,2.081681e+01,2.089350e+01,2.073309e+01,2.073309e+01,2.069120e+01,2.076798e+01,2.082378e+01,2.069120e+01,2.090743e+01,2.066327e+01,2.075403e+01,2.069120e+01,2.079589e+01,2.067723e+01,2.072611e+01,2.062834e+01,2.080286e+01,2.091440e+01,2.073309e+01,2.082378e+01,2.078891e+01,2.080984e+01,2.080984e+01,2.078891e+01,2.090743e+01,2.075403e+01,2.088653e+01,2.080286e+01,2.080286e+01,2.091440e+01,2.087956e+01,2.075403e+01,2.110234e+01,2.109539e+01,2.158798e+01,2.160182e+01,2.157414e+01,2.153952e+01,2.154645e+01,2.147718e+01,2.134545e+01,2.101885e+01,2.097012e+01,2.074705e+01,2.077496e+01,2.064930e+01,2.075403e+01,2.078193e+01,2.116491e+01,2.157414e+01,2.149796e+01,2.153260e+01,2.158798e+01,2.155337e+01,2.158798e+01,2.166409e+01,2.167792e+01,2.166409e+01,2.165025e+01,2.162258e+01,2.171248e+01,2.165025e+01,2.160182e+01,2.167100e+01,2.162258e+01,2.165025e+01,2.164334e+01,2.164334e+01,2.153260e+01,2.165717e+01,2.162258e+01,2.163642e+01,2.162258e+01,2.159490e+01,2.159490e+01,2.149796e+01,2.156029e+01,2.146332e+01,2.154645e+01,2.155337e+01,2.155337e+01,2.138013e+01,2.124133e+01,2.121355e+01,2.096316e+01,2.094226e+01,2.080286e+01,2.080984e+01,2.085168e+01,2.084470e+01,2.088653e+01,2.086562e+01,2.082378e+01,2.079589e+01,2.084470e+01,2.082378e+01,2.072611e+01,2.073309e+01,2.072611e+01,2.069818e+01,2.074007e+01,2.078891e+01,2.080984e+01,2.084470e+01,2.093530e+01,2.094923e+01,2.100493e+01,2.124133e+01,2.135239e+01,2.138707e+01,2.144253e+01,2.145639e+01,2.143560e+01,2.143560e+01,2.141480e+01,2.153260e+01,2.153952e+01,2.173322e+01,2.159490e+01,2.161566e+01,2.173322e+01,2.178159e+01,2.163642e+01,2.173322e+01,2.165717e+01,2.178850e+01,2.176777e+01,2.171940e+01,2.177468e+01,2.169866e+01,2.181612e+01,2.168483e+01,2.168483e+01,2.176777e+01,2.170557e+01,2.174704e+01,2.179540e+01,2.171940e+01,2.187825e+01,2.182303e+01,2.195414e+01,2.187135e+01,2.187825e+01,2.178159e+01,2.174704e+01,2.172631e+01,2.171940e+01,2.167792e+01,2.160874e+01,2.166409e+01,2.163642e+01,2.164334e+01,2.144946e+01,2.153260e+01,2.162258e+01,2.149104e+01,2.148411e+01,2.161566e+01,2.154645e+01,2.157414e+01,2.143560e+01,2.126911e+01,2.082378e+01,2.076100e+01,2.068422e+01,2.070517e+01,2.069818e+01,2.074705e+01,2.074007e+01,2.061436e+01,2.075403e+01,2.083076e+01,2.080286e+01,2.090743e+01,2.088653e+01,2.082378e+01,2.084470e+01,2.079589e+01,2.082378e+01,2.083773e+01,2.083076e+01,2.080286e+01,2.096316e+01,2.070517e+01,2.083773e+01,2.072611e+01,2.084470e+01,2.070517e+01,2.089350e+01,2.067025e+01,2.078193e+01,2.078193e+01,2.073309e+01,2.072611e+01,2.073309e+01,2.069818e+01,2.056544e+01,2.064231e+01,2.069120e+01,2.067025e+01,2.067025e+01,2.068422e+01,2.082378e+01,2.115796e+01,2.141480e+01,2.158798e+01,2.201619e+01,2.210575e+01,2.245634e+01,2.277837e+01,2.301071e+01,2.329699e+01,2.381978e+01,2.441405e+01,2.472335e+01,2.502504e+01,2.523905e+01,2.561252e+01,2.571898e+01,2.571898e+01,2.573228e+01,2.578546e+01,2.563249e+01,2.562583e+01,2.549928e+01,2.533254e+01,2.504512e+01,2.489776e+01,2.470321e+01,2.455536e+01,2.433321e+01,2.409032e+01,2.394161e+01,2.384010e+01,2.352816e+01,2.322890e+01,2.311304e+01,2.292877e+01,2.281257e+01,2.264146e+01,2.250437e+01,2.252494e+01,2.248379e+01,2.244261e+01,2.224338e+01,2.214706e+01,2.222962e+01,2.222962e+01,2.215394e+01,2.199551e+01,2.209198e+01,2.206442e+01,2.207131e+01,2.197483e+01,2.196104e+01,2.176086e+01,2.183684e+01,2.179540e+01,2.174013e+01,2.173322e+01,2.191965e+01,2.165717e+01,2.165025e+01,2.164334e+01,2.165025e+01,2.158106e+01,2.142867e+01,2.159490e+01,2.165717e+01,2.141480e+01,2.140787e+01,2.140094e+01,2.136626e+01,2.135933e+01,2.156721e+01,2.140094e+01,2.144253e+01,2.132464e+01,2.134545e+01,2.131770e+01,2.122050e+01,2.138707e+01,2.121355e+01,2.124828e+01,2.126911e+01,2.132464e+01,2.127605e+01,2.131770e+01,2.132464e+01,2.116491e+01,2.131076e+01,2.134545e+01,2.131076e+01,2.126217e+01,2.128299e+01,2.133851e+01,2.124828e+01,2.135933e+01,2.147025e+01,2.126911e+01,2.133851e+01,2.128993e+01,2.138013e+01,2.147718e+01,2.173322e+01,2.150489e+01,2.150489e+01,2.155337e+01,2.138013e+01,2.153952e+01,2.155337e+01,2.153260e+01,2.141480e+01,2.153952e+01,2.149796e+01,2.151182e+01,2.150489e+01,2.149796e+01,2.151875e+01,2.163642e+01,2.158798e+01,2.163642e+01,2.167100e+01,2.157414e+01,2.154645e+01,2.152567e+01,2.161566e+01,2.175395e+01,2.165717e+01,2.169175e+01,2.173322e+01,2.160182e+01,2.151875e+01,2.172631e+01,2.170557e+01,2.169866e+01,2.171248e+01,2.167792e+01,2.178850e+01,2.185755e+01,2.184374e+01,2.186445e+01,2.183684e+01,2.185755e+01,2.191965e+01,2.185065e+01,2.200930e+01,2.180231e+01,2.194725e+01,2.183684e+01,2.187135e+01,2.192655e+01,2.190586e+01,2.188516e+01,2.189206e+01,2.184374e+01,2.189206e+01,2.185065e+01,2.188516e+01,2.188516e+01,2.194035e+01,2.193345e+01,2.187825e+01,2.178850e+01,2.189206e+01,2.192655e+01,2.193345e+01,2.188516e+01,2.188516e+01,2.194035e+01,2.176777e+01,2.181612e+01,2.169866e+01,2.180231e+01,2.191965e+01,2.186445e+01,2.183684e+01,2.182303e+01,2.185065e+01,2.184374e+01,2.181612e+01,2.182303e+01,2.184374e+01,2.187825e+01,2.187825e+01,2.171940e+01,2.182993e+01,2.182993e+01,2.178159e+01,2.178159e+01,2.187135e+01,2.176777e+01,2.194035e+01,2.187135e+01,2.181612e+01,2.186445e+01,2.176086e+01,2.198172e+01,2.178850e+01,2.188516e+01,2.189206e+01,2.176086e+01,2.196793e+01,2.178850e+01,2.187825e+01,2.180231e+01,2.189896e+01,2.179540e+01,2.180231e+01,2.179540e+01,2.181612e+01,2.169866e+01,2.172631e+01,2.167792e+01,2.185755e+01,2.185755e+01,2.171940e+01,2.167100e+01,2.192655e+01,2.182303e+01,2.178850e+01,2.177468e+01,2.188516e+01,2.183684e+01,2.182303e+01,2.171248e+01,2.186445e+01,2.154645e+01,2.178850e+01,2.170557e+01,2.185755e+01,2.162258e+01,2.176086e+01,2.167100e+01,2.169175e+01,2.173322e+01,2.169866e+01,2.163642e+01
2.189896e+01,2.185755e+01,2.180922e+01,2.180231e+01,2.189206e+01,2.198172e+01,2.191965e+01,2.194725e+01,2.189896e+01,2.188516e+01,2.183684e+01,2.191965e+01,2.191965e+01,2.176777e+01,2.183684e+01,2.193345e+01,2.194725e+01,2.206442e+01,2.189206e+01,2.209886e+01,2.196793e+01,2.203687e+01,2.202308e+01,2.193345e+01,2.205065e+01,2.187825e+01,2.202308e+01,2.189896e+01,2.191965e+01,2.187825e+01,2.187135e+01,2.190586e+01,2.202997e+01,2.203687e+01,2.194035e+01,2.180231e+01,2.183684e+01,2.196793e+01,2.192655e+01,2.194035e+01,2.192655e+01,2.195414e+01,2.194035e+01,2.194725e+01,2.201619e+01,2.180922e+01,2.182993e+01,2.198862e+01,2.193345e+01,2.183684e+01,2.185065e+01,2.194035e+01,2.182303e+01,2.180922e+01,2.189896e+01,2.193345e+01,2.191276e+01,2.187135e+01,2.200241e+01,2.185755e+01,2.192655e+01,2.183684e+01,2.199551e+01,2.191965e+01,2.189206e+01,2.191276e+01,2.199551e+01,2.198862e+01,2.201619e+01,2.186445e+01,2.196104e+01,2.194725e+01,2.200930e+01,2.191965e+01,2.202308e+01,2.197483e+01,2.186445e+01,2.185755e+01,2.188516e+01,2.185755e+01,2.184374e+01,2.187135e+01,2.180922e+01,2.184374e+01,2.184374e+01,2.196104e+01,2.182993e+01,2.185065e+01,2.186445e+01,2.184374e+01,2.191965e+01,2.180922e+01,2.178850e+01,2.182993e+01,2.186445e+01,2.180922e+01,2.187825e+01,2.194035e+01,2.178850e+01,2.179540e+01,2.162950e+01,2.185065e+01,2.161566e+01,2.186445e+01,2.168483e+01,2.161566e+01,2.172631e+01,2.175395e+01,2.175395e+01,2.175395e+01,2.177468e+01,2.187135e+01,2.188516e+01,2.187135e+01,2.193345e+01,2.206442e+01,2.193345e+01,2.208509e+01,2.199551e+01,2.222962e+01,2.235335e+01,2.255923e+01,2.257294e+01,2.271679e+01,2.278522e+01,2.307212e+01,2.326295e+01,2.354174e+01,2.369781e+01,2.405655e+01,2.381301e+01,2.402275e+01,2.436017e+01,2.433995e+01,2.448810e+01,2.470992e+01,2.491117e+01,2.494467e+01,2.490447e+01,2.529916e+01,2.537925e+01,2.539260e+01,2.549928e+01,2.573893e+01,2.584526e+01,2.575223e+01,2.597803e+01,2.606424e+01,2.638195e+01,2.636212e+01,2.659982e+01,2.665257e+01,2.685015e+01,2.685673e+01,2.689620e+01,2.711303e+01,2.728355e+01,2.730976e+01,2.734906e+01,2.739490e+01,2.744071e+01,2.744725e+01,2.732286e+01,2.709990e+01,2.710646e+01,2.668553e+01,2.583198e+01,2.343303e+01,2.161566e+01,2.136626e+01,2.122050e+01,2.119271e+01,2.108843e+01,2.086562e+01,2.095619e+01,2.095619e+01,2.095619e+01,2.094226e+01,2.094923e+01,2.093530e+01,2.092833e+01,2.099797e+01,2.091440e+01,2.094923e+01,2.087259e+01,2.097012e+01,2.094923e+01,2.078193e+01,2.081681e+01,2.085865e+01,2.086562e+01,2.090743e+01,2.081681e+01,2.083773e+01,2.088653e+01,2.092137e+01,2.086562e+01,2.084470e+01,2.099101e+01,2.098405e+01,2.099101e+01,2.086562e+01,2.077496e+01,2.076100e+01,2.075403e+01,2.078193e+01,2.064231e+01,2.072611e+01,2.066327e+01,2.067723e+01,2.064231e+01,2.076100e+01,2.064231e+01,2.069120e+01,2.074705e+01,2.066327e+01,2.071215e+01,2.062135e+01,2.068422e+01,2.077496e+01,2.078193e+01,2.078891e+01,2.081681e+01,2.085865e+01,2.076100e+01,2.093530e+01,2.078891e+01,2.086562e+01,2.085168e+01,2.080984e+01,2.083773e+01,2.087956e+01,2.078891e+01,2.079589e+01,2.089350e+01,2.105365e+01,2.151875e+01,2.163642e+01,2.151875e+01,2.141480e+01,2.157414e+01,2.154645e+01,2.144946e+01,2.137320e+01,2.138707e+01,2.102581e+01,2.078891e+01,2.064930e+01,2.078193e+01,2.078193e+01,2.124133e+01,2.145639e+01,2.160874e+01,2.151875e+01,2.157414e+01,2.174013e+01,2.169175e+01,2.160874e+01,2.159490e+01,2.160874e+01,2.162950e+01,2.161566e+01,2.160874e+01,2.178159e+01,2.160182e+01,2.166409e+01,2.148411e+01,2.164334e+01,2.150489e+01,2.154645e+01,2.158798e+01,2.164334e+01,2.151875e+01,2.158106e+01,2.162950e+01,2.165717e+01,2.164334e+01,2.156029e+01,2.153952e+01,2.154645e+01,2.157414e+01,2.139400e+01,2.148411e+01,2.150489e+01,2.139400e+01,2.119271e+01,2.116491e+01,2.107452e+01,2.088653e+01,2.076798e+01,2.075403e+01,2.081681e+01,2.080286e+01,2.078193e+01,2.087956e+01,2.078193e+01,2.083076e+01,2.076100e+01,2.082378e+01,2.069120e+01,2.073309e+01,2.072611e+01,2.073309e+01,2.078193e+01,2.076798e+01,2.076100e+01,2.091440e+01,2.090743e+01,2.101189e+01,2.133158e+01,2.137320e+01,2.143560e+01,2.137320e+01,2.144253e+01,2.146332e+01,2.153952e+01,2.162258e+01,2.154645e+01,2.166409e+01,2.154645e+01,2.163642e+01,2.162258e+01,2.158798e+01,2.174704e+01,2.168483e+01,2.156029e+01,2.172631e+01,2.158798e+01,2.159490e+01,2.171940e+01,2.183684e+01,2.169866e+01,2.183684e+01,2.178850e+01,2.179540e+01,2.169175e+01,2.173322e+01,2.178850e+01,2.176777e+01,2.183684e+01,2.173322e+01,2.178159e+01,2.187135e+01,2.187135e+01,2.174013e+01,2.190586e+01,2.178850e+01,2.176777e+01,2.162258e+01,2.166409e+01,2.167792e+01,2.155337e+01,2.159490e+01,2.167792e+01,2.149796e+01,2.147718e+01,2.148411e+01,2.147718e+01,2.152567e+01,2.146332e+01,2.149796e+01,2.144946e+01,2.138707e+01,2.136626e+01,2.094226e+01,2.096316e+01,2.074007e+01,2.093530e+01,2.067723e+01,2.073309e+01,2.071913e+01,2.083076e+01,2.082378e+01,2.079589e+01,2.082378e+01,2.078891e+01,2.086562e+01,2.079589e+01,2.078193e+01,2.083076e+01,2.081681e+01,2.083076e+01,2.078891e+01,2.079589e+01,2.087956e+01,2.082378e+01,2.071913e+01,2.075403e+01,2.078193e+01,2.076100e+01,2.074007e+01,2.071913e+01,2.073309e+01,2.069818e+01,2.068422e+01,2.067025e+01,2.065628e+01,2.070517e+01,2.057942e+01,2.072611e+01,2.071913e+01,2.051648e+01,2.065628e+01,2.068422e+01,2.091440e+01,2.116491e+01,2.158798e+01,2.160182e+01,2.178850e+01,2.216771e+01,2.223650e+01,2.246320e+01,2.303801e+01,2.329699e+01,2.374526e+01,2.419835e+01,2.468306e+01,2.491117e+01,2.515885e+01,2.519895e+01,2.557257e+01,2.574558e+01,2.573228e+01,2.561252e+01,2.557923e+01,2.557257e+01,2.551261e+01,2.529916e+01,2.502504e+01,2.472335e+01,2.454864e+01,2.450828e+01,2.435343e+01,2.394161e+01,2.385364e+01,2.355532e+01,2.348740e+01,2.324252e+01,2.290827e+01,2.289461e+01,2.273047e+01,2.268255e+01,2.251122e+01,2.244948e+01,2.247006e+01,2.238082e+01,2.231900e+01,2.223650e+01,2.221587e+01,2.215394e+01,2.196793e+01,2.205754e+01,2.200241e+01,2.203687e+01,2.187135e+01,2.199551e+01,2.185065e+01,2.182303e+01,2.178850e+01,2.182303e+01,2.173322e+01,2.178850e+01,2.193345e+01,2.167100e+01,2.165025e+01,2.157414e+01,2.163642e+01,2.160874e+01,2.151182e+01,2.164334e+01,2.154645e+01,2.165717e+01,2.150489e+01,2.158106e+01,2.141480e+01,2.131076e+01,2.119966e+01,2.142867e+01,2.133851e+01,2.128993e+01,2.133158e+01,2.140787e+01,2.123439e+01,2.130382e+01,2.122744e+01,2.124828e+01,2.131770e+01,2.126911e+01,2.134545e+01,2.120660e+01,2.133158e+01,2.130382e+01,2.162950e+01,2.102581e+01,2.124133e+01,2.128993e+01,2.119966e+01,2.133851e+01,2.133158e+01,2.127605e+01,2.130382e+01,2.130382e+01,2.129688e+01,2.139400e+01,2.146332e+01,2.133851e+01,2.150489e+01,2.144253e+01,2.150489e+01,2.131770e+01,2.153952e+01,2.150489e+01,2.138707e+01,2.142174e+01,2.146332e+01,2.148411e+01,2.146332e+01,2.152567e+01,2.152567e+01,2.147025e+01,2.162258e+01,2.148411e+01,2.158106e+01,2.144946e+01,2.162950e+01,2.158798e+01,2.166409e+01,2.156721e+01,2.147718e+01,2.160182e+01,2.173322e+01,2.163642e+01,2.170557e+01,2.169175e+01,2.168483e+01,2.169175e+01,2.168483e+01,2.169175e+01,2.174013e+01,2.184374e+01,2.176086e+01,2.185755e+01,2.181612e+01,2.177468e+01,2.185755e+01,2.194035e+01,2.182993e+01,2.189206e+01,2.178850e+01,2.184374e+01,2.181612e+01,2.182303e+01,2.178159e+01,2.178850e+01,2.187135e+01,2.191965e+01,2.184374e+01,2.182993e+01,2.181612e+01,2.184374e+01,2.185755e+01,2.187135e+01,2.180922e+01,2.190586e+01,2.195414e+01,2.185755e+01,2.186445e+01,2.187825e+01,2.191276e+01,2.185755e+01,2.175395e+01,2.174704e+01,2.186445e+01,2.185065e+01,2.178850e+01,2.168483e+01,2.184374e+01,2.176086e+01,2.180922e+01,2.191276e+01,2.185065e+01,2.173322e+01,2.186445e+01,2.186445e+01,2.187825e+01,2.181612e+01,2.184374e+01,2.179540e+01,2.186445e+01,2.187825e+01,2.176777e+01,2.180922e+01,2.179540e+01,2.176777e+01,2.178159e+01,2.181612e+01,2.176086e+01,2.193345e+01,2.176777e+01,2.188516e+01,2.187825e+01,2.196793e+01,2.189896e+01,2.172631e+01,2.182303e+01,2.186445e+01,2.192655e+01,2.171940e+01,2.187135e+01,2.185755e+01,2.186445e+01,2.172631e+01,2.171940e+01,2.173322e+01,2.183684e+01,2.179540e+01,2.185755e+01,2.184374e+01,2.171940e+01,2.179540e+01,2.188516e+01,2.185755e+01,2.188516e+01,2.176777e+01,2.161566e+01,2.183684e+01,2.175395e+01,2.181612e+01,2.185755e+01,2.180231e+01,2.176777e+01,2.172631e+01,2.178159e+01,2.167100e+01,2.169175e+01,2.162258e+01,2.172631e+01,2.173322e+01,2.144946e+01,2.167100e+01
2.189206e+01,2.177468e+01,2.182993e+01,2.174704e+01,2.185755e+01,2.186445e+01,2.191276e+01,2.174704e+01,2.197483e+01,2.189896e+01,2.202997e+01,2.195414e+01,2.187135e+01,2.189896e+01,2.185755e+01,2.187825e+01,2.185755e+01,2.189896e+01,2.184374e+01,2.207820e+01,2.186445e+01,2.202997e+01,2.186445e+01,2.194725e+01,2.195414e+01,2.186445e+01,2.201619e+01,2.182993e+01,2.200930e+01,2.196104e+01,2.196793e+01,2.174013e+01,2.180922e+01,2.202997e+01,2.185755e+01,2.196104e+01,2.194035e+01,2.199551e+01,2.189896e+01,2.180231e+01,2.200241e+01,2.185755e+01,2.190586e+01,2.196793e+01,2.184374e+01,2.185065e+01,2.188516e+01,2.174704e+01,2.194035e+01,2.194725e+01,2.194035e+01,2.202308e+01,2.182993e+01,2.196793e+01,2.188516e+01,2.199551e+01,2.196793e+01,2.198172e+01,2.198862e+01,2.195414e+01,2.187135e+01,2.205065e+01,2.193345e+01,2.191276e+01,2.191276e+01,2.205754e+01,2.188516e+01,2.187135e+01,2.189896e+01,2.188516e+01,2.191965e+01,2.193345e+01,2.190586e+01,2.192655e+01,2.207131e+01,2.182993e+01,2.191276e+01,2.180922e+01,2.205754e+01,2.188516e+01,2.185065e+01,2.187825e+01,2.192655e+01,2.187825e+01,2.194035e+01,2.178159e+01,2.188516e+01,2.186445e+01,2.189896e+01,2.188516e+01,2.194725e+01,2.189896e+01,2.174013e+01,2.179540e+01,2.196104e+01,2.178850e+01,2.186445e+01,2.191276e+01,2.177468e+01,2.181612e+01,2.191276e+01,2.184374e+01,2.179540e+01,2.178159e+01,2.178159e+01,2.176086e+01,2.172631e+01,2.174013e+01,2.175395e+01,2.173322e+01,2.178159e+01,2.179540e+01,2.182993e+01,2.176086e+01,2.197483e+01,2.204376e+01,2.201619e+01,2.203687e+01,2.218835e+01,2.218147e+01,2.236709e+01,2.236709e+01,2.246320e+01,2.292194e+01,2.301071e+01,2.294243e+01,2.335143e+01,2.345342e+01,2.370458e+01,2.382655e+01,2.397543e+01,2.408357e+01,2.424557e+01,2.448810e+01,2.460243e+01,2.491117e+01,2.491117e+01,2.495807e+01,2.499826e+01,2.535256e+01,2.529248e+01,2.542595e+01,2.547929e+01,2.572563e+01,2.577217e+01,2.573893e+01,2.581869e+01,2.607750e+01,2.634890e+01,2.652725e+01,2.648764e+01,2.656024e+01,2.680408e+01,2.681725e+01,2.690936e+01,2.691593e+01,2.713272e+01,2.732941e+01,2.749305e+01,2.731631e+01,2.746688e+01,2.736216e+01,2.713928e+01,2.708020e+01,2.686331e+01,2.622322e+01,2.432647e+01,2.187135e+01,2.155337e+01,2.129688e+01,2.109539e+01,2.097709e+01,2.094226e+01,2.093530e+01,2.102581e+01,2.092833e+01,2.092137e+01,2.095619e+01,2.097012e+01,2.099101e+01,2.097012e+01,2.096316e+01,2.090743e+01,2.095619e+01,2.087259e+01,2.094923e+01,2.084470e+01,2.092833e+01,2.090047e+01,2.098405e+01,2.087956e+01,2.086562e+01,2.087259e+01,2.102581e+01,2.085865e+01,2.084470e+01,2.101189e+01,2.085168e+01,2.093530e+01,2.104669e+01,2.088653e+01,2.090047e+01,2.082378e+01,2.077496e+01,2.074007e+01,2.071913e+01,2.068422e+01,2.073309e+01,2.056544e+01,2.066327e+01,2.066327e+01,2.076798e+01,2.079589e+01,2.071215e+01,2.066327e+01,2.066327e+01,2.063532e+01,2.057942e+01,2.076798e+01,2.078193e+01,2.078891e+01,2.074705e+01,2.089350e+01,2.081681e+01,2.086562e+01,2.080286e+01,2.087956e+01,2.085168e+01,2.083076e+01,2.085865e+01,2.069818e+01,2.087259e+01,2.065628e+01,2.078891e+01,2.093530e+01,2.100493e+01,2.147718e+01,2.155337e+01,2.159490e+01,2.156721e+01,2.156029e+01,2.158798e+01,2.140094e+01,2.158106e+01,2.149796e+01,2.152567e+01,2.138013e+01,2.104669e+01,2.104669e+01,2.106061e+01,2.137320e+01,2.156029e+01,2.153260e+01,2.157414e+01,2.156721e+01,2.164334e+01,2.162258e+01,2.160182e+01,2.167792e+01,2.166409e+01,2.167100e+01,2.160874e+01,2.176086e+01,2.158798e+01,2.157414e+01,2.163642e+01,2.164334e+01,2.159490e+01,2.155337e+01,2.169866e+01,2.156029e+01,2.158106e+01,2.165717e+01,2.158798e+01,2.162258e+01,2.158798e+01,2.158106e+01,2.158798e+01,2.160182e+01,2.160874e+01,2.147025e+01,2.156029e+01,2.153952e+01,2.142174e+01,2.121355e+01,2.131076e+01,2.134545e+01,2.115101e+01,2.097012e+01,2.091440e+01,2.080286e+01,2.083773e+01,2.081681e+01,2.060039e+01,2.080984e+01,2.080286e+01,2.064231e+01,2.078193e+01,2.076100e+01,2.070517e+01,2.071913e+01,2.074007e+01,2.074705e+01,2.071215e+01,2.076100e+01,2.092137e+01,2.074007e+01,2.099797e+01,2.102581e+01,2.123439e+01,2.140094e+01,2.140787e+01,2.142174e+01,2.137320e+01,2.139400e+01,2.159490e+01,2.159490e+01,2.158106e+01,2.151182e+01,2.162950e+01,2.155337e+01,2.159490e+01,2.162950e+01,2.162950e+01,2.157414e+01,2.178850e+01,2.172631e+01,2.164334e+01,2.162950e+01,2.174704e+01,2.170557e+01,2.164334e+01,2.174704e+01,2.181612e+01,2.165717e+01,2.181612e+01,2.179540e+01,2.163642e+01,2.186445e+01,2.160182e+01,2.171248e+01,2.191276e+01,2.172631e+01,2.174704e+01,2.174704e+01,2.174704e+01,2.175395e+01,2.171248e+01,2.173322e+01,2.174704e+01,2.166409e+01,2.151182e+01,2.162950e+01,2.145639e+01,2.147718e+01,2.145639e+01,2.147025e+01,2.149104e+01,2.149796e+01,2.146332e+01,2.139400e+01,2.150489e+01,2.140094e+01,2.140787e+01,2.133851e+01,2.122050e+01,2.123439e+01,2.122050e+01,2.096316e+01,2.072611e+01,2.078193e+01,2.074705e+01,2.060737e+01,2.088653e+01,2.068422e+01,2.087259e+01,2.085865e+01,2.082378e+01,2.085865e+01,2.079589e+01,2.084470e+01,2.071215e+01,2.085168e+01,2.069120e+01,2.076100e+01,2.076798e+01,2.067025e+01,2.063532e+01,2.084470e+01,2.062834e+01,2.066327e+01,2.067723e+01,2.064930e+01,2.064231e+01,2.060039e+01,2.061436e+01,2.063532e+01,2.061436e+01,2.062834e+01,2.069818e+01,2.061436e+01,2.062135e+01,2.050949e+01,2.055844e+01,2.083076e+01,2.140787e+01,2.154645e+01,2.158106e+01,2.173322e+01,2.198862e+01,2.223650e+01,2.257294e+01,2.279206e+01,2.326976e+01,2.367068e+01,2.413085e+01,2.460243e+01,2.483742e+01,2.511872e+01,2.519227e+01,2.536591e+01,2.558588e+01,2.575887e+01,2.559254e+01,2.557923e+01,2.543929e+01,2.538593e+01,2.503173e+01,2.497147e+01,2.477034e+01,2.449483e+01,2.433321e+01,2.425906e+01,2.393485e+01,2.359605e+01,2.355532e+01,2.354174e+01,2.318802e+01,2.290144e+01,2.290827e+01,2.260035e+01,2.256608e+01,2.252494e+01,2.247692e+01,2.233274e+01,2.226401e+01,2.236022e+01,2.213329e+01,2.216771e+01,2.215394e+01,2.204376e+01,2.205065e+01,2.188516e+01,2.194725e+01,2.200930e+01,2.192655e+01,2.180922e+01,2.185065e+01,2.170557e+01,2.169175e+01,2.170557e+01,2.169866e+01,2.172631e+01,2.165717e+01,2.162950e+01,2.158798e+01,2.180922e+01,2.160182e+01,2.144946e+01,2.145639e+01,2.145639e+01,2.149796e+01,2.122744e+01,2.140094e+01,2.138707e+01,2.138707e+01,2.130382e+01,2.135239e+01,2.129688e+01,2.131076e+01,2.129688e+01,2.126911e+01,2.124133e+01,2.133158e+01,2.115101e+01,2.121355e+01,2.128299e+01,2.130382e+01,2.120660e+01,2.120660e+01,2.123439e+01,2.139400e+01,2.126217e+01,2.117881e+01,2.135239e+01,2.135239e+01,2.123439e+01,2.136626e+01,2.132464e+01,2.131770e+01,2.129688e+01,2.132464e+01,2.133851e+01,2.125522e+01,2.136626e+01,2.138707e+01,2.147025e+01,2.138707e+01,2.135933e+01,2.144253e+01,2.148411e+01,2.141480e+01,2.139400e+01,2.137320e+01,2.142867e+01,2.149104e+01,2.159490e+01,2.157414e+01,2.145639e+01,2.163642e+01,2.149796e+01,2.159490e+01,2.145639e+01,2.165025e+01,2.160874e+01,2.171940e+01,2.149796e+01,2.157414e+01,2.189896e+01,2.160182e+01,2.163642e+01,2.158106e+01,2.164334e+01,2.165717e+01,2.169175e+01,2.171248e+01,2.171940e+01,2.185065e+01,2.178159e+01,2.174013e+01,2.178850e+01,2.177468e+01,2.184374e+01,2.178850e+01,2.192655e+01,2.186445e+01,2.182993e+01,2.187135e+01,2.183684e+01,2.174704e+01,2.181612e+01,2.185755e+01,2.191965e+01,2.192655e+01,2.184374e+01,2.177468e+01,2.190586e+01,2.179540e+01,2.186445e+01,2.185755e+01,2.186445e+01,2.185065e+01,2.182993e+01,2.180231e+01,2.188516e+01,2.185065e+01,2.191276e+01,2.173322e+01,2.189896e+01,2.189206e+01,2.180231e+01,2.178159e+01,2.179540e+01,2.180231e+01,2.170557e+01,2.180231e+01,2.167792e+01,2.180922e+01,2.180922e+01,2.189206e+01,2.191276e+01,2.186445e+01,2.168483e+01,2.180922e+01,2.174013e+01,2.174013e+01,2.183684e+01,2.182303e+01,2.171940e+01,2.185065e+01,2.174013e+01,2.180231e+01,2.173322e+01,2.189206e+01,2.181612e+01,2.176086e+01,2.185065e+01,2.191965e+01,2.181612e+01,2.179540e+01,2.182303e+01,2.183684e+01,2.174704e+01,2.196793e+01,2.190586e+01,2.170557e+01,2.178159e+01,2.180231e+01,2.182993e+01,2.174704e+01,2.172631e+01,2.187825e+01,2.194035e+01,2.189896e+01,2.175395e+01,2.173322e+01,2.185755e+01,2.191965e+01,2.163642e+01,2.174013e+01,2.178159e+01,2.160182e+01,2.178159e+01,2.175395e+01,2.182993e+01,2.177468e+01,2.174013e+01,2.175395e+01,2.182303e+01,2.180922e+01,2.168483e+01,2.172631e+01,2.183684e+01,2.167792e+01,2.171940e+01,2.170557e+01,2.170557e+01,2.169866e+01,2.154645e+01,2.167792e+01
2.189206e+01,2.178159e+01,2.181612e+01,2.182993e+01,2.169175e+01,2.176777e+01,2.206442e+01,2.185755e+01,2.174013e+01,2.191965e+01,2.192655e+01,2.191965e+01,2.189896e+01,2.191276e+01,2.188516e+01,2.186445e+01,2.185065e+01,2.192655e+01,2.198172e+01,2.214706e+01,2.204376e+01,2.198172e+01,2.186445e+01,2.200241e+01,2.180231e+01,2.200930e+01,2.186445e+01,2.185755e+01,2.189896e+01,2.183684e+01,2.185065e+01,2.187825e+01,2.189896e+01,2.176086e+01,2.182303e+01,2.190586e+01,2.196793e+01,2.193345e+01,2.195414e+01,2.193345e+01,2.185065e+01,2.193345e+01,2.185065e+01,2.178850e+01,2.182303e+01,2.178159e+01,2.187135e+01,2.189896e+01,2.196793e+01,2.190586e+01,2.192655e+01,2.189206e+01,2.191965e+01,2.193345e+01,2.187825e+01,2.187825e+01,2.196793e+01,2.187135e+01,2.180922e+01,2.190586e+01,2.200241e+01,2.192655e+01,2.193345e+01,2.191965e+01,2.190586e+01,2.188516e+01,2.194725e+01,2.202997e+01,2.182993e+01,2.189896e+01,2.185755e+01,2.193345e+01,2.178850e+01,2.183684e+01,2.182303e+01,2.191965e+01,2.189206e+01,2.182993e+01,2.180922e+01,2.187825e+01,2.180922e+01,2.182993e+01,2.182993e+01,2.189206e+01,2.177468e+01,2.191965e+01,2.181612e+01,2.181612e+01,2.189206e+01,2.189206e+01,2.191965e+01,2.191965e+01,2.191276e+01,2.164334e+01,2.190586e+01,2.169175e+01,2.185755e+01,2.174704e+01,2.188516e+01,2.183684e+01,2.178159e+01,2.187135e+01,2.185755e+01,2.178850e+01,2.184374e+01,2.166409e+01,2.161566e+01,2.176777e+01,2.187825e+01,2.153952e+01,2.178159e+01,2.180231e+01,2.187135e+01,2.183684e+01,2.170557e+01,2.198862e+01,2.194725e+01,2.212641e+01,2.211263e+01,2.214017e+01,2.220899e+01,2.254551e+01,2.240829e+01,2.269625e+01,2.258665e+01,2.296975e+01,2.317439e+01,2.328337e+01,2.371136e+01,2.371814e+01,2.400247e+01,2.421859e+01,2.433321e+01,2.440732e+01,2.444098e+01,2.464947e+01,2.485084e+01,2.503173e+01,2.495137e+01,2.498486e+01,2.515885e+01,2.533921e+01,2.554592e+01,2.557257e+01,2.573893e+01,2.589175e+01,2.609076e+01,2.605099e+01,2.617025e+01,2.636873e+01,2.646123e+01,2.660642e+01,2.681067e+01,2.667235e+01,2.693566e+01,2.714584e+01,2.702766e+01,2.720488e+01,2.729665e+01,2.715896e+01,2.728355e+01,2.724422e+01,2.723767e+01,2.685015e+01,2.623645e+01,2.494467e+01,2.247692e+01,2.161566e+01,2.114406e+01,2.112320e+01,2.104669e+01,2.117881e+01,2.090743e+01,2.092137e+01,2.092137e+01,2.097709e+01,2.092833e+01,2.100493e+01,2.100493e+01,2.090743e+01,2.094923e+01,2.089350e+01,2.085865e+01,2.094226e+01,2.062135e+01,2.078891e+01,2.092137e+01,2.080286e+01,2.093530e+01,2.098405e+01,2.078193e+01,2.089350e+01,2.073309e+01,2.087956e+01,2.091440e+01,2.088653e+01,2.089350e+01,2.083076e+01,2.094226e+01,2.091440e+01,2.094226e+01,2.071215e+01,2.052348e+01,2.089350e+01,2.076798e+01,2.072611e+01,2.053047e+01,2.066327e+01,2.075403e+01,2.053747e+01,2.062135e+01,2.069818e+01,2.061436e+01,2.066327e+01,2.070517e+01,2.064930e+01,2.063532e+01,2.064231e+01,2.069120e+01,2.074705e+01,2.064930e+01,2.076100e+01,2.079589e+01,2.087956e+01,2.082378e+01,2.071913e+01,2.074007e+01,2.075403e+01,2.071215e+01,2.062135e+01,2.074705e+01,2.076100e+01,2.074007e+01,2.076100e+01,2.078891e+01,2.087259e+01,2.106756e+01,2.156029e+01,2.184374e+01,2.162258e+01,2.160874e+01,2.161566e+01,2.158798e+01,2.159490e+01,2.155337e+01,2.144253e+01,2.151182e+01,2.146332e+01,2.140094e+01,2.147025e+01,2.159490e+01,2.148411e+01,2.162258e+01,2.157414e+01,2.158106e+01,2.164334e+01,2.163642e+01,2.162950e+01,2.162258e+01,2.155337e+01,2.161566e+01,2.157414e+01,2.159490e+01,2.161566e+01,2.147718e+01,2.164334e+01,2.163642e+01,2.159490e+01,2.170557e+01,2.169175e+01,2.158798e+01,2.156721e+01,2.160182e+01,2.159490e+01,2.162258e+01,2.158106e+01,2.158106e+01,2.151182e+01,2.155337e+01,2.146332e+01,2.149104e+01,2.143560e+01,2.145639e+01,2.156029e+01,2.138707e+01,2.142867e+01,2.127605e+01,2.116491e+01,2.107452e+01,2.095619e+01,2.087956e+01,2.080984e+01,2.085865e+01,2.082378e+01,2.059340e+01,2.067025e+01,2.078193e+01,2.070517e+01,2.066327e+01,2.064930e+01,2.062135e+01,2.069818e+01,2.071913e+01,2.069818e+01,2.101189e+01,2.092833e+01,2.096316e+01,2.100493e+01,2.104669e+01,2.103973e+01,2.128993e+01,2.147718e+01,2.151182e+01,2.144946e+01,2.147025e+01,2.152567e+01,2.156029e+01,2.157414e+01,2.155337e+01,2.165717e+01,2.155337e+01,2.153260e+01,2.160182e+01,2.160874e+01,2.163642e+01,2.162950e+01,2.167792e+01,2.168483e+01,2.161566e+01,2.168483e+01,2.166409e+01,2.162258e+01,2.181612e+01,2.169866e+01,2.166409e+01,2.171248e+01,2.176086e+01,2.168483e+01,2.178159e+01,2.166409e+01,2.184374e+01,2.169866e+01,2.172631e+01,2.176777e+01,2.176777e+01,2.180231e+01,2.168483e+01,2.161566e+01,2.163642e+01,2.162950e+01,2.165717e+01,2.164334e+01,2.165717e+01,2.142867e+01,2.153260e+01,2.162258e+01,2.149796e+01,2.145639e+01,2.147025e+01,2.147025e+01,2.144946e+01,2.143560e+01,2.140094e+01,2.139400e+01,2.128993e+01,2.130382e+01,2.122744e+01,2.131770e+01,2.123439e+01,2.125522e+01,2.093530e+01,2.079589e+01,2.078193e+01,2.078891e+01,2.079589e+01,2.077496e+01,2.062135e+01,2.074007e+01,2.078891e+01,2.075403e+01,2.080984e+01,2.072611e+01,2.079589e+01,2.069120e+01,2.068422e+01,2.069818e+01,2.071913e+01,2.073309e+01,2.060737e+01,2.069120e+01,2.067723e+01,2.062834e+01,2.061436e+01,2.068422e+01,2.053047e+01,2.060737e+01,2.041851e+01,2.057243e+01,2.058641e+01,2.046751e+01,2.069818e+01,2.057942e+01,2.051648e+01,2.069818e+01,2.091440e+01,2.123439e+01,2.158106e+01,2.144253e+01,2.188516e+01,2.186445e+01,2.198862e+01,2.240829e+01,2.278522e+01,2.303118e+01,2.338544e+01,2.398895e+01,2.441405e+01,2.447464e+01,2.475020e+01,2.513879e+01,2.544595e+01,2.554592e+01,2.552594e+01,2.553260e+01,2.538593e+01,2.533921e+01,2.529248e+01,2.501834e+01,2.493797e+01,2.473677e+01,2.438711e+01,2.425906e+01,2.395514e+01,2.389425e+01,2.376559e+01,2.354853e+01,2.317439e+01,2.314713e+01,2.270309e+01,2.291510e+01,2.262776e+01,2.247006e+01,2.232587e+01,2.231900e+01,2.245634e+01,2.216082e+01,2.218147e+01,2.215394e+01,2.202997e+01,2.206442e+01,2.208509e+01,2.188516e+01,2.202997e+01,2.194725e+01,2.191276e+01,2.185065e+01,2.183684e+01,2.182303e+01,2.167792e+01,2.178850e+01,2.172631e+01,2.182993e+01,2.174704e+01,2.168483e+01,2.167792e+01,2.153260e+01,2.144253e+01,2.151875e+01,2.158798e+01,2.153952e+01,2.158106e+01,2.141480e+01,2.145639e+01,2.135933e+01,2.140094e+01,2.141480e+01,2.142867e+01,2.128299e+01,2.129688e+01,2.128993e+01,2.112320e+01,2.124133e+01,2.127605e+01,2.125522e+01,2.117881e+01,2.122744e+01,2.124133e+01,2.118576e+01,2.131770e+01,2.134545e+01,2.117186e+01,2.110234e+01,2.124828e+01,2.119966e+01,2.119271e+01,2.131770e+01,2.134545e+01,2.119966e+01,2.124828e+01,2.122744e+01,2.128299e+01,2.124133e+01,2.129688e+01,2.133158e+01,2.123439e+01,2.150489e+01,2.133851e+01,2.147025e+01,2.135239e+01,2.146332e+01,2.144946e+01,2.145639e+01,2.135239e+01,2.145639e+01,2.144253e+01,2.138707e+01,2.147025e+01,2.160182e+01,2.148411e+01,2.150489e+01,2.147718e+01,2.153260e+01,2.149104e+01,2.149104e+01,2.160874e+01,2.157414e+01,2.153260e+01,2.167792e+01,2.162258e+01,2.160182e+01,2.142174e+01,2.161566e+01,2.165025e+01,2.166409e+01,2.165025e+01,2.163642e+01,2.169866e+01,2.171248e+01,2.171248e+01,2.175395e+01,2.174704e+01,2.171940e+01,2.168483e+01,2.170557e+01,2.184374e+01,2.179540e+01,2.172631e+01,2.188516e+01,2.181612e+01,2.183684e+01,2.187825e+01,2.174704e+01,2.166409e+01,2.182303e+01,2.191276e+01,2.171248e+01,2.161566e+01,2.178159e+01,2.175395e+01,2.176777e+01,2.180231e+01,2.171248e+01,2.183684e+01,2.178850e+01,2.174704e+01,2.184374e+01,2.183684e+01,2.178159e+01,2.174704e+01,2.189206e+01,2.170557e+01,2.176777e+01,2.177468e+01,2.178850e+01,2.179540e+01,2.171940e+01,2.176086e+01,2.171940e+01,2.183684e+01,2.172631e+01,2.174013e+01,2.165717e+01,2.178159e+01,2.176777e+01,2.184374e+01,2.162950e+01,2.185065e+01,2.167792e+01,2.185755e+01,2.182303e+01,2.178159e+01,2.180922e+01,2.180231e+01,2.189896e+01,2.176777e+01,2.176086e+01,2.178159e+01,2.190586e+01,2.178159e+01,2.189896e+01,2.180922e+01,2.180922e+01,2.175395e+01,2.180922e+01,2.170557e+01,2.167100e+01,2.167100e+01,2.166409e+01,2.166409e+01,2.172631e+01,2.171248e+01,2.177468e+01,2.169866e+01,2.167100e+01,2.167792e+01,2.168483e+01,2.170557e+01,2.175395e+01,2.191276e+01,2.186445e+01,2.163642e+01,2.160182e+01,2.169175e+01,2.168483e+01,2.169175e+01,2.181612e+01,2.172631e+01,2.164334e+01,2.180231e+01,2.156029e+01,2.176086e+01,2.160182e+01,2.167792e+01,2.166409e+01,2.161566e+01,2.151182e+01,2.165717e+01,2.153260e+01,2.155337e+01,2.147025e+01
2.185065e+01,2.180922e+01,2.180922e+01,2.196793e+01,2.181612e+01,2.202997e+01,2.192655e+01,2.189896e+01,2.202997e+01,2.213329e+01,2.191276e+01,2.194725e+01,2.191276e+01,2.193345e+01,2.193345e+01,2.192655e+01,2.200930e+01,2.193345e+01,2.182303e+01,2.207131e+01,2.212641e+01,2.191276e+01,2.178850e+01,2.194725e+01,2.200930e+01,2.202308e+01,2.201619e+01,2.188516e+01,2.190586e+01,2.196104e+01,2.200930e+01,2.187135e+01,2.194035e+01,2.192655e+01,2.192655e+01,2.185065e+01,2.180922e+01,2.182303e+01,2.196793e+01,2.183684e+01,2.191276e+01,2.186445e+01,2.178159e+01,2.171940e+01,2.173322e+01,2.189896e+01,2.176086e+01,2.186445e+01,2.186445e+01,2.190586e+01,2.197483e+01,2.173322e+01,2.182993e+01,2.195414e+01,2.197483e+01,2.182303e+01,2.187135e+01,2.188516e+01,2.176777e+01,2.189896e+01,2.210575e+01,2.183684e+01,2.191965e+01,2.189896e+01,2.188516e+01,2.196104e+01,2.189896e+01,2.187825e+01,2.192655e+01,2.189896e+01,2.176086e+01,2.194725e+01,2.193345e+01,2.181612e+01,2.182303e+01,2.192655e+01,2.196104e+01,2.189206e+01,2.195414e+01,2.191276e+01,2.189206e+01,2.178159e+01,2.189896e+01,2.190586e+01,2.196104e+01,2.198172e+01,2.193345e+01,2.194035e+01,2.196793e+01,2.172631e+01,2.182993e+01,2.185065e+01,2.189896e+01,2.168483e+01,2.159490e+01,2.187825e+01,2.188516e+01,2.187825e+01,2.165717e+01,2.168483e+01,2.189206e+01,2.183684e+01,2.180231e+01,2.179540e+01,2.161566e+01,2.182993e+01,2.189896e+01,2.175395e+01,2.176777e+01,2.176777e+01,2.181612e+01,2.182303e+01,2.182303e+01,2.192655e+01,2.170557e+01,2.200930e+01,2.199551e+01,2.202997e+01,2.202997e+01,2.230525e+01,2.238769e+01,2.228463e+01,2.263461e+01,2.262091e+01,2.291510e+01,2.309258e+01,2.329699e+01,2.344662e+01,2.353495e+01,2.369102e+01,2.377236e+01,2.416460e+01,2.420509e+01,2.427929e+01,2.465619e+01,2.467634e+01,2.491787e+01,2.491787e+01,2.499156e+01,2.517222e+01,2.527245e+01,2.531251e+01,2.558588e+01,2.557923e+01,2.573893e+01,2.574558e+01,2.590503e+01,2.602446e+01,2.613051e+01,2.635551e+01,2.652725e+01,2.650745e+01,2.654045e+01,2.685673e+01,2.690936e+01,2.696853e+01,2.699481e+01,2.725733e+01,2.730321e+01,2.729010e+01,2.717864e+01,2.717208e+01,2.700138e+01,2.685015e+01,2.610401e+01,2.344662e+01,2.174013e+01,2.129688e+01,2.116491e+01,2.112320e+01,2.103277e+01,2.106061e+01,2.096316e+01,2.101885e+01,2.101885e+01,2.101189e+01,2.096316e+01,2.098405e+01,2.109539e+01,2.101189e+01,2.086562e+01,2.085168e+01,2.085865e+01,2.087956e+01,2.078891e+01,2.089350e+01,2.079589e+01,2.084470e+01,2.089350e+01,2.087259e+01,2.087956e+01,2.088653e+01,2.085865e+01,2.094226e+01,2.089350e+01,2.106061e+01,2.090743e+01,2.090047e+01,2.083076e+01,2.089350e+01,2.087956e+01,2.087956e+01,2.072611e+01,2.071913e+01,2.071215e+01,2.070517e+01,2.071215e+01,2.062834e+01,2.065628e+01,2.062135e+01,2.058641e+01,2.060039e+01,2.062135e+01,2.070517e+01,2.070517e+01,2.067025e+01,2.063532e+01,2.068422e+01,2.076100e+01,2.074007e+01,2.078891e+01,2.072611e+01,2.078891e+01,2.080984e+01,2.087956e+01,2.074705e+01,2.085168e+01,2.080984e+01,2.085168e+01,2.076798e+01,2.082378e+01,2.057942e+01,2.078193e+01,2.070517e+01,2.074007e+01,2.084470e+01,2.107452e+01,2.147025e+01,2.162950e+01,2.142174e+01,2.159490e+01,2.165025e+01,2.158106e+01,2.163642e+01,2.154645e+01,2.151182e+01,2.159490e+01,2.133851e+01,2.157414e+01,2.134545e+01,2.138707e+01,2.153260e+01,2.155337e+01,2.164334e+01,2.162258e+01,2.142174e+01,2.161566e+01,2.163642e+01,2.165717e+01,2.156721e+01,2.169866e+01,2.151182e+01,2.155337e+01,2.166409e+01,2.160874e+01,2.167100e+01,2.170557e+01,2.159490e+01,2.160874e+01,2.160874e+01,2.158798e+01,2.158106e+01,2.180922e+01,2.165025e+01,2.158798e+01,2.155337e+01,2.165717e+01,2.164334e+01,2.142174e+01,2.158798e+01,2.159490e+01,2.153260e+01,2.147718e+01,2.138707e+01,2.135239e+01,2.135239e+01,2.122050e+01,2.119966e+01,2.117881e+01,2.118576e+01,2.080984e+01,2.082378e+01,2.089350e+01,2.096316e+01,2.080286e+01,2.074705e+01,2.077496e+01,2.077496e+01,2.070517e+01,2.064231e+01,2.069120e+01,2.071913e+01,2.072611e+01,2.064231e+01,2.080984e+01,2.089350e+01,2.093530e+01,2.103277e+01,2.131076e+01,2.110929e+01,2.140787e+01,2.136626e+01,2.142867e+01,2.155337e+01,2.144253e+01,2.142174e+01,2.149104e+01,2.151875e+01,2.156029e+01,2.163642e+01,2.154645e+01,2.170557e+01,2.168483e+01,2.169175e+01,2.167100e+01,2.165025e+01,2.168483e+01,2.167792e+01,2.166409e+01,2.171940e+01,2.163642e+01,2.172631e+01,2.167792e+01,2.164334e+01,2.163642e+01,2.162258e+01,2.186445e+01,2.174013e+01,2.176086e+01,2.188516e+01,2.171940e+01,2.170557e+01,2.161566e+01,2.171248e+01,2.177468e+01,2.180231e+01,2.182303e+01,2.165717e+01,2.163642e+01,2.167100e+01,2.163642e+01,2.160182e+01,2.155337e+01,2.140787e+01,2.147718e+01,2.159490e+01,2.151875e+01,2.149796e+01,2.146332e+01,2.144253e+01,2.144946e+01,2.136626e+01,2.136626e+01,2.140094e+01,2.143560e+01,2.140094e+01,2.128993e+01,2.127605e+01,2.122744e+01,2.123439e+01,2.119966e+01,2.081681e+01,2.080286e+01,2.092137e+01,2.072611e+01,2.076798e+01,2.079589e+01,2.080286e+01,2.080286e+01,2.077496e+01,2.071913e+01,2.071215e+01,2.071913e+01,2.075403e+01,2.075403e+01,2.070517e+01,2.064930e+01,2.066327e+01,2.076100e+01,2.074705e+01,2.053747e+01,2.057243e+01,2.064930e+01,2.050249e+01,2.057942e+01,2.054446e+01,2.058641e+01,2.059340e+01,2.055844e+01,2.061436e+01,2.057942e+01,2.063532e+01,2.060737e+01,2.068422e+01,2.101189e+01,2.133158e+01,2.147718e+01,2.157414e+01,2.182303e+01,2.187825e+01,2.199551e+01,2.236709e+01,2.281257e+01,2.301071e+01,2.343983e+01,2.361641e+01,2.425231e+01,2.446118e+01,2.478376e+01,2.518559e+01,2.534589e+01,2.519895e+01,2.542595e+01,2.553260e+01,2.541261e+01,2.529248e+01,2.507858e+01,2.492457e+01,2.485754e+01,2.470321e+01,2.436017e+01,2.415785e+01,2.395514e+01,2.389425e+01,2.339904e+01,2.354853e+01,2.326976e+01,2.315395e+01,2.283993e+01,2.268255e+01,2.249065e+01,2.251122e+01,2.244948e+01,2.247006e+01,2.228463e+01,2.229838e+01,2.214706e+01,2.217459e+01,2.206442e+01,2.193345e+01,2.203687e+01,2.187825e+01,2.194725e+01,2.187135e+01,2.199551e+01,2.196104e+01,2.178850e+01,2.186445e+01,2.167100e+01,2.178159e+01,2.176777e+01,2.179540e+01,2.175395e+01,2.168483e+01,2.168483e+01,2.164334e+01,2.162258e+01,2.160182e+01,2.153260e+01,2.156029e+01,2.148411e+01,2.143560e+01,2.136626e+01,2.132464e+01,2.139400e+01,2.143560e+01,2.136626e+01,2.124828e+01,2.138013e+01,2.121355e+01,2.126911e+01,2.124133e+01,2.140787e+01,2.130382e+01,2.121355e+01,2.133158e+01,2.124133e+01,2.124133e+01,2.128299e+01,2.106756e+01,2.119271e+01,2.122050e+01,2.126911e+01,2.116491e+01,2.120660e+01,2.127605e+01,2.119966e+01,2.133851e+01,2.118576e+01,2.134545e+01,2.120660e+01,2.126217e+01,2.119966e+01,2.126217e+01,2.133851e+01,2.142867e+01,2.138707e+01,2.133851e+01,2.140787e+01,2.145639e+01,2.138013e+01,2.144946e+01,2.144946e+01,2.134545e+01,2.135933e+01,2.143560e+01,2.149796e+01,2.133851e+01,2.158798e+01,2.135239e+01,2.151182e+01,2.149104e+01,2.160874e+01,2.153952e+01,2.158106e+01,2.159490e+01,2.162950e+01,2.166409e+01,2.165717e+01,2.147025e+01,2.167100e+01,2.162950e+01,2.165025e+01,2.171248e+01,2.170557e+01,2.162950e+01,2.167792e+01,2.165025e+01,2.174704e+01,2.179540e+01,2.168483e+01,2.191276e+01,2.161566e+01,2.176086e+01,2.180231e+01,2.188516e+01,2.173322e+01,2.187825e+01,2.182993e+01,2.169866e+01,2.173322e+01,2.176086e+01,2.189206e+01,2.178159e+01,2.179540e+01,2.180231e+01,2.190586e+01,2.175395e+01,2.173322e+01,2.182303e+01,2.183684e+01,2.182993e+01,2.174013e+01,2.184374e+01,2.179540e+01,2.184374e+01,2.185755e+01,2.175395e+01,2.187825e+01,2.173322e+01,2.175395e+01,2.173322e+01,2.174704e+01,2.176086e+01,2.174704e+01,2.182303e+01,2.170557e+01,2.183684e+01,2.175395e+01,2.175395e+01,2.169175e+01,2.174013e+01,2.178850e+01,2.171248e+01,2.171248e+01,2.174013e+01,2.162258e+01,2.184374e+01,2.173322e+01,2.172631e+01,2.167792e+01,2.171248e+01,2.177468e+01,2.171248e+01,2.184374e+01,2.169866e+01,2.179540e+01,2.177468e+01,2.178159e+01,2.188516e+01,2.176777e+01,2.185065e+01,2.167100e+01,2.176086e+01,2.172631e+01,2.165025e+01,2.173322e+01,2.167100e+01,2.184374e+01,2.171248e+01,2.174013e+01,2.171248e+01,2.189206e+01,2.186445e+01,2.185755e+01,2.171248e+01,2.175395e+01,2.163642e+01,2.175395e+01,2.188516e+01,2.174013e+01,2.158798e+01,2.159490e+01,2.176777e+01,2.174013e+01,2.173322e+01,2.181612e+01,2.171248e+01,2.165025e+01,2.161566e+01,2.165717e+01,2.165025e+01,2.166409e+01,2.167792e+01,2.180922e+01,2.169175e+01,2.158106e+01,2.161566e+01,2.153952e+01,2.160182e+01
2.180231e+01,2.193345e+01,2.195414e+01,2.190586e+01,2.186445e+01,2.194725e+01,2.196793e+01,2.192655e+01,2.190586e+01,2.189896e+01,2.187825e+01,2.188516e+01,2.194725e+01,2.194035e+01,2.188516e+01,2.199551e+01,2.205065e+01,2.202997e+01,2.201619e+01,2.202308e+01,2.176086e+01,2.180922e+01,2.196104e+01,2.197483e+01,2.203687e+01,2.193345e+01,2.180231e+01,2.180922e+01,2.198862e+01,2.198862e+01,2.195414e+01,2.194725e+01,2.186445e+01,2.198172e+01,2.199551e+01,2.198862e+01,2.192655e+01,2.185065e+01,2.191965e+01,2.174704e+01,2.193345e+01,2.190586e+01,2.184374e+01,2.187825e+01,2.180231e+01,2.180231e+01,2.191965e+01,2.190586e+01,2.189896e+01,2.184374e+01,2.185755e+01,2.187135e+01,2.183684e+01,2.177468e+01,2.175395e+01,2.183684e+01,2.187135e+01,2.195414e+01,2.187825e+01,2.189206e+01,2.188516e+01,2.184374e+01,2.195414e+01,2.201619e+01,2.182303e+01,2.188516e+01,2.189206e+01,2.185755e+01,2.184374e+01,2.187825e+01,2.185065e+01,2.188516e+01,2.193345e+01,2.198172e+01,2.181612e+01,2.205754e+01,2.182303e+01,2.198862e+01,2.200930e+01,2.192655e+01,2.194035e+01,2.196793e+01,2.196793e+01,2.193345e+01,2.189206e+01,2.193345e+01,2.180922e+01,2.189206e+01,2.189896e+01,2.185065e+01,2.190586e+01,2.184374e+01,2.191276e+01,2.187825e+01,2.191965e+01,2.190586e+01,2.186445e+01,2.187135e+01,2.177468e+01,2.176777e+01,2.183684e+01,2.178159e+01,2.182993e+01,2.189896e+01,2.171248e+01,2.162950e+01,2.185065e+01,2.184374e+01,2.182303e+01,2.183684e+01,2.182303e+01,2.180922e+01,2.182303e+01,2.184374e+01,2.184374e+01,2.185065e+01,2.214706e+01,2.205065e+01,2.219523e+01,2.227776e+01,2.218147e+01,2.250437e+01,2.261406e+01,2.274416e+01,2.285360e+01,2.299023e+01,2.303801e+01,2.331740e+01,2.363676e+01,2.376559e+01,2.381978e+01,2.411734e+01,2.438711e+01,2.446791e+01,2.466291e+01,2.466291e+01,2.477034e+01,2.479047e+01,2.497817e+01,2.512541e+01,2.522569e+01,2.539260e+01,2.547929e+01,2.559920e+01,2.573228e+01,2.572563e+01,2.589839e+01,2.604436e+01,2.622322e+01,2.635551e+01,2.649424e+01,2.658003e+01,2.669871e+01,2.680408e+01,2.690278e+01,2.694881e+01,2.703423e+01,2.721144e+01,2.724422e+01,2.742762e+01,2.721799e+01,2.696853e+01,2.708677e+01,2.612389e+01,2.490447e+01,2.257294e+01,2.174013e+01,2.123439e+01,2.105365e+01,2.103277e+01,2.099797e+01,2.101885e+01,2.102581e+01,2.094923e+01,2.101885e+01,2.100493e+01,2.102581e+01,2.099797e+01,2.107452e+01,2.092137e+01,2.087956e+01,2.082378e+01,2.083076e+01,2.081681e+01,2.079589e+01,2.082378e+01,2.081681e+01,2.097709e+01,2.077496e+01,2.086562e+01,2.088653e+01,2.099101e+01,2.090743e+01,2.079589e+01,2.086562e+01,2.084470e+01,2.092833e+01,2.083076e+01,2.087956e+01,2.104669e+01,2.083076e+01,2.072611e+01,2.072611e+01,2.071215e+01,2.074007e+01,2.068422e+01,2.064231e+01,2.065628e+01,2.067025e+01,2.062135e+01,2.067723e+01,2.058641e+01,2.067025e+01,2.058641e+01,2.059340e+01,2.067723e+01,2.066327e+01,2.079589e+01,2.060039e+01,2.071215e+01,2.076798e+01,2.059340e+01,2.090047e+01,2.074007e+01,2.079589e+01,2.068422e+01,2.074007e+01,2.079589e+01,2.063532e+01,2.080286e+01,2.074705e+01,2.066327e+01,2.078193e+01,2.074705e+01,2.070517e+01,2.073309e+01,2.106061e+01,2.148411e+01,2.154645e+01,2.159490e+01,2.166409e+01,2.165025e+01,2.152567e+01,2.160182e+01,2.158798e+01,2.161566e+01,2.158106e+01,2.153260e+01,2.139400e+01,2.163642e+01,2.147025e+01,2.169175e+01,2.155337e+01,2.160182e+01,2.160182e+01,2.158106e+01,2.162950e+01,2.160182e+01,2.159490e+01,2.166409e+01,2.165025e+01,2.161566e+01,2.158798e+01,2.158106e+01,2.161566e+01,2.171940e+01,2.169866e+01,2.164334e+01,2.162950e+01,2.163642e+01,2.156029e+01,2.165025e+01,2.165025e+01,2.165025e+01,2.161566e+01,2.158106e+01,2.162258e+01,2.160874e+01,2.142867e+01,2.148411e+01,2.165025e+01,2.162258e+01,2.157414e+01,2.156029e+01,2.153260e+01,2.125522e+01,2.122744e+01,2.122050e+01,2.122050e+01,2.098405e+01,2.086562e+01,2.088653e+01,2.075403e+01,2.083773e+01,2.087956e+01,2.070517e+01,2.080984e+01,2.074705e+01,2.065628e+01,2.073309e+01,2.052348e+01,2.063532e+01,2.063532e+01,2.078193e+01,2.085168e+01,2.106061e+01,2.080984e+01,2.101189e+01,2.109539e+01,2.137320e+01,2.131770e+01,2.147718e+01,2.149796e+01,2.142867e+01,2.151182e+01,2.147718e+01,2.160874e+01,2.167100e+01,2.153260e+01,2.165717e+01,2.157414e+01,2.167100e+01,2.172631e+01,2.171248e+01,2.171248e+01,2.162950e+01,2.164334e+01,2.169175e+01,2.169866e+01,2.168483e+01,2.180231e+01,2.169866e+01,2.165717e+01,2.171248e+01,2.169175e+01,2.168483e+01,2.175395e+01,2.189896e+01,2.174013e+01,2.164334e+01,2.165025e+01,2.176086e+01,2.185065e+01,2.180231e+01,2.169866e+01,2.168483e+01,2.162258e+01,2.171940e+01,2.162950e+01,2.162950e+01,2.164334e+01,2.156029e+01,2.153952e+01,2.157414e+01,2.150489e+01,2.147718e+01,2.142174e+01,2.135239e+01,2.127605e+01,2.146332e+01,2.146332e+01,2.140787e+01,2.142174e+01,2.134545e+01,2.135239e+01,2.140094e+01,2.136626e+01,2.121355e+01,2.138013e+01,2.122744e+01,2.119966e+01,2.082378e+01,2.080286e+01,2.074705e+01,2.072611e+01,2.076100e+01,2.064930e+01,2.070517e+01,2.074007e+01,2.062135e+01,2.078891e+01,2.063532e+01,2.068422e+01,2.064930e+01,2.068422e+01,2.084470e+01,2.069818e+01,2.052348e+01,2.083076e+01,2.066327e+01,2.069120e+01,2.063532e+01,2.060039e+01,2.061436e+01,2.053747e+01,2.046051e+01,2.057243e+01,2.048150e+01,2.068422e+01,2.055145e+01,2.055844e+01,2.060039e+01,2.058641e+01,2.067723e+01,2.103973e+01,2.144253e+01,2.141480e+01,2.150489e+01,2.171940e+01,2.180231e+01,2.200241e+01,2.236709e+01,2.241516e+01,2.303118e+01,2.305165e+01,2.381978e+01,2.398895e+01,2.445445e+01,2.474349e+01,2.489776e+01,2.516553e+01,2.535924e+01,2.534589e+01,2.537258e+01,2.535256e+01,2.525241e+01,2.500495e+01,2.496477e+01,2.468977e+01,2.450828e+01,2.434669e+01,2.425906e+01,2.396867e+01,2.356890e+01,2.354853e+01,2.316758e+01,2.316076e+01,2.286727e+01,2.264146e+01,2.278522e+01,2.238769e+01,2.228463e+01,2.227088e+01,2.231212e+01,2.217459e+01,2.196793e+01,2.194725e+01,2.212641e+01,2.205754e+01,2.199551e+01,2.198862e+01,2.191965e+01,2.187135e+01,2.200930e+01,2.187825e+01,2.191965e+01,2.180922e+01,2.182303e+01,2.186445e+01,2.189206e+01,2.177468e+01,2.171940e+01,2.169175e+01,2.168483e+01,2.167792e+01,2.155337e+01,2.165025e+01,2.160874e+01,2.149796e+01,2.144946e+01,2.151875e+01,2.138013e+01,2.136626e+01,2.134545e+01,2.125522e+01,2.127605e+01,2.129688e+01,2.131770e+01,2.126217e+01,2.123439e+01,2.126911e+01,2.131076e+01,2.131770e+01,2.127605e+01,2.128993e+01,2.126217e+01,2.126911e+01,2.126911e+01,2.113015e+01,2.124828e+01,2.111625e+01,2.116491e+01,2.118576e+01,2.101885e+01,2.126217e+01,2.119966e+01,2.121355e+01,2.119271e+01,2.122744e+01,2.134545e+01,2.126217e+01,2.131076e+01,2.127605e+01,2.123439e+01,2.137320e+01,2.151875e+01,2.140094e+01,2.128299e+01,2.138707e+01,2.149796e+01,2.144946e+01,2.130382e+01,2.134545e+01,2.142174e+01,2.147025e+01,2.142174e+01,2.149104e+01,2.154645e+01,2.148411e+01,2.158798e+01,2.149796e+01,2.151182e+01,2.151182e+01,2.158798e+01,2.160874e+01,2.161566e+01,2.166409e+01,2.154645e+01,2.166409e+01,2.165025e+01,2.165717e+01,2.166409e+01,2.167100e+01,2.162258e+01,2.166409e+01,2.171940e+01,2.164334e+01,2.165717e+01,2.167792e+01,2.171248e+01,2.162950e+01,2.184374e+01,2.162950e+01,2.182993e+01,2.171940e+01,2.185755e+01,2.177468e+01,2.190586e+01,2.186445e+01,2.171248e+01,2.187825e+01,2.171248e+01,2.187135e+01,2.167792e+01,2.174013e+01,2.176086e+01,2.178850e+01,2.180231e+01,2.173322e+01,2.171248e+01,2.176777e+01,2.169866e+01,2.184374e+01,2.185755e+01,2.185065e+01,2.170557e+01,2.174013e+01,2.175395e+01,2.174704e+01,2.176086e+01,2.169175e+01,2.174704e+01,2.173322e+01,2.198862e+01,2.178159e+01,2.171940e+01,2.176777e+01,2.173322e+01,2.171940e+01,2.177468e+01,2.167792e+01,2.180922e+01,2.169175e+01,2.178159e+01,2.169175e+01,2.166409e+01,2.173322e+01,2.166409e+01,2.179540e+01,2.181612e+01,2.174013e+01,2.181612e+01,2.182993e+01,2.169866e+01,2.178159e+01,2.178850e+01,2.180231e+01,2.176086e+01,2.176777e+01,2.168483e+01,2.165717e+01,2.185065e+01,2.185065e+01,2.183684e+01,2.175395e+01,2.174704e+01,2.166409e+01,2.164334e+01,2.171248e+01,2.174704e+01,2.184374e+01,2.167100e+01,2.174704e+01,2.156721e+01,2.165025e+01,2.166409e+01,2.175395e+01,2.171940e+01,2.163642e+01,2.164334e+01,2.162258e+01,2.164334e+01,2.165025e+01,2.169866e+01,2.168483e+01,2.173322e+01,2.167100e+01,2.179540e+01,2.182303e+01,2.178850e+01,2.162258e+01,2.168483e+01,2.170557e+01,2.166409e+01,2.160874e+01,2.157414e+01,2.169866e+01,2.174704e+01,2.150489e+01,2.150489e+01
2.182993e+01,2.190586e+01,2.190586e+01,2.194725e+01,2.194725e+01,2.193345e+01,2.191965e+01,2.186445e+01,2.195414e+01,2.197483e+01,2.195414e+01,2.191965e+01,2.199551e+01,2.194035e+01,2.199551e+01,2.200241e+01,2.196793e+01,2.207131e+01,2.192655e+01,2.201619e+01,2.185065e+01,2.187135e+01,2.220899e+01,2.198172e+01,2.199551e+01,2.199551e+01,2.201619e+01,2.196104e+01,2.195414e+01,2.193345e+01,2.185755e+01,2.196104e+01,2.194035e+01,2.195414e+01,2.205754e+01,2.206442e+01,2.180231e+01,2.195414e+01,2.190586e+01,2.189896e+01,2.185065e+01,2.190586e+01,2.187135e+01,2.189896e+01,2.168483e+01,2.179540e+01,2.198172e+01,2.182303e+01,2.205754e+01,2.185755e+01,2.185755e+01,2.192655e+01,2.180231e+01,2.182993e+01,2.187135e+01,2.182993e+01,2.193345e+01,2.191276e+01,2.179540e+01,2.191276e+01,2.176086e+01,2.184374e+01,2.187825e+01,2.194035e+01,2.188516e+01,2.184374e+01,2.197483e+01,2.197483e+01,2.187825e+01,2.180231e+01,2.208509e+01,2.185065e+01,2.193345e+01,2.177468e+01,2.182303e+01,2.193345e+01,2.180922e+01,2.196104e+01,2.199551e+01,2.189896e+01,2.185755e+01,2.191276e+01,2.188516e+01,2.177468e+01,2.198172e+01,2.185755e+01,2.187825e+01,2.187825e+01,2.189206e+01,2.196104e+01,2.186445e+01,2.193345e+01,2.190586e+01,2.188516e+01,2.191965e+01,2.183684e+01,2.189896e+01,2.183684e+01,2.185065e+01,2.185755e+01,2.179540e+01,2.187825e+01,2.180231e+01,2.191276e+01,2.191965e+01,2.187135e+01,2.181612e+01,2.181612e+01,2.181612e+01,2.184374e+01,2.181612e+01,2.178850e+01,2.196104e+01,2.194725e+01,2.194725e+01,2.194725e+01,2.200241e+01,2.207820e+01,2.212641e+01,2.217459e+01,2.238082e+01,2.233274e+01,2.272363e+01,2.282625e+01,2.283993e+01,2.301753e+01,2.310622e+01,2.346022e+01,2.369102e+01,2.374526e+01,2.381978e+01,2.427254e+01,2.436017e+01,2.445445e+01,2.446118e+01,2.466291e+01,2.487766e+01,2.498486e+01,2.488436e+01,2.523905e+01,2.525241e+01,2.551927e+01,2.555925e+01,2.550595e+01,2.570568e+01,2.582533e+01,2.607087e+01,2.596476e+01,2.611063e+01,2.631584e+01,2.641499e+01,2.674482e+01,2.685015e+01,2.685673e+01,2.688305e+01,2.717864e+01,2.709333e+01,2.716552e+01,2.721799e+01,2.719176e+01,2.708020e+01,2.696853e+01,2.663939e+01,2.571898e+01,2.344662e+01,2.181612e+01,2.126217e+01,2.115796e+01,2.102581e+01,2.108148e+01,2.097709e+01,2.101189e+01,2.102581e+01,2.101885e+01,2.103973e+01,2.099797e+01,2.099101e+01,2.094923e+01,2.083076e+01,2.089350e+01,2.087259e+01,2.098405e+01,2.089350e+01,2.080984e+01,2.093530e+01,2.083076e+01,2.078891e+01,2.096316e+01,2.078193e+01,2.079589e+01,2.080984e+01,2.087259e+01,2.088653e+01,2.090047e+01,2.094226e+01,2.090743e+01,2.088653e+01,2.092137e+01,2.091440e+01,2.076798e+01,2.091440e+01,2.073309e+01,2.078193e+01,2.069818e+01,2.066327e+01,2.068422e+01,2.063532e+01,2.061436e+01,2.065628e+01,2.060737e+01,2.071913e+01,2.066327e+01,2.058641e+01,2.062834e+01,2.064231e+01,2.062135e+01,2.074007e+01,2.063532e+01,2.069120e+01,2.075403e+01,2.072611e+01,2.080984e+01,2.067723e+01,2.070517e+01,2.085168e+01,2.074705e+01,2.074705e+01,2.078891e+01,2.073309e+01,2.066327e+01,2.076100e+01,2.081681e+01,2.079589e+01,2.067723e+01,2.073309e+01,2.072611e+01,2.069120e+01,2.122050e+01,2.165717e+01,2.162950e+01,2.156029e+01,2.165025e+01,2.155337e+01,2.153952e+01,2.163642e+01,2.152567e+01,2.142867e+01,2.157414e+01,2.137320e+01,2.167792e+01,2.158798e+01,2.169175e+01,2.157414e+01,2.154645e+01,2.158798e+01,2.159490e+01,2.158798e+01,2.169175e+01,2.158106e+01,2.165025e+01,2.163642e+01,2.156029e+01,2.159490e+01,2.175395e+01,2.166409e+01,2.158106e+01,2.162258e+01,2.162258e+01,2.167792e+01,2.164334e+01,2.167792e+01,2.169866e+01,2.166409e+01,2.164334e+01,2.162258e+01,2.166409e+01,2.161566e+01,2.158106e+01,2.156721e+01,2.149104e+01,2.155337e+01,2.153260e+01,2.148411e+01,2.127605e+01,2.151182e+01,2.136626e+01,2.141480e+01,2.123439e+01,2.124828e+01,2.101189e+01,2.094226e+01,2.092137e+01,2.092833e+01,2.087259e+01,2.085168e+01,2.074007e+01,2.082378e+01,2.074007e+01,2.063532e+01,2.062834e+01,2.048150e+01,2.060039e+01,2.080984e+01,2.078891e+01,2.071913e+01,2.081681e+01,2.093530e+01,2.091440e+01,2.112320e+01,2.134545e+01,2.133851e+01,2.151182e+01,2.150489e+01,2.149796e+01,2.162258e+01,2.149796e+01,2.147718e+01,2.159490e+01,2.153952e+01,2.158798e+01,2.160874e+01,2.152567e+01,2.166409e+01,2.167792e+01,2.170557e+01,2.169866e+01,2.166409e+01,2.162950e+01,2.165025e+01,2.171940e+01,2.174704e+01,2.167792e+01,2.165717e+01,2.170557e+01,2.160874e+01,2.167100e+01,2.176777e+01,2.188516e+01,2.165025e+01,2.166409e+01,2.166409e+01,2.174013e+01,2.171248e+01,2.172631e+01,2.180922e+01,2.167100e+01,2.178159e+01,2.171248e+01,2.169175e+01,2.169175e+01,2.163642e+01,2.161566e+01,2.157414e+01,2.159490e+01,2.153952e+01,2.153952e+01,2.151182e+01,2.144946e+01,2.145639e+01,2.149796e+01,2.138013e+01,2.139400e+01,2.138013e+01,2.131076e+01,2.140094e+01,2.139400e+01,2.135239e+01,2.135933e+01,2.138013e+01,2.125522e+01,2.119966e+01,2.119271e+01,2.087259e+01,2.073309e+01,2.075403e+01,2.077496e+01,2.071215e+01,2.070517e+01,2.067025e+01,2.067025e+01,2.067723e+01,2.061436e+01,2.071215e+01,2.075403e+01,2.052348e+01,2.076100e+01,2.068422e+01,2.069818e+01,2.072611e+01,2.065628e+01,2.065628e+01,2.067723e+01,2.048150e+01,2.060737e+01,2.057243e+01,2.050249e+01,2.057243e+01,2.042551e+01,2.051648e+01,2.064930e+01,2.064930e+01,2.053747e+01,2.070517e+01,2.115101e+01,2.107452e+01,2.122744e+01,2.144946e+01,2.142867e+01,2.178850e+01,2.183684e+01,2.197483e+01,2.235335e+01,2.242888e+01,2.263461e+01,2.305165e+01,2.360962e+01,2.385364e+01,2.444771e+01,2.477705e+01,2.474349e+01,2.503173e+01,2.531919e+01,2.533921e+01,2.512541e+01,2.541261e+01,2.518559e+01,2.501834e+01,2.490447e+01,2.466291e+01,2.438711e+01,2.426580e+01,2.415110e+01,2.372492e+01,2.367068e+01,2.357569e+01,2.332421e+01,2.309940e+01,2.281257e+01,2.262776e+01,2.257979e+01,2.264146e+01,2.225713e+01,2.231212e+01,2.218835e+01,2.219523e+01,2.226401e+01,2.214017e+01,2.213329e+01,2.215394e+01,2.199551e+01,2.200241e+01,2.196793e+01,2.196104e+01,2.188516e+01,2.189896e+01,2.189206e+01,2.185065e+01,2.186445e+01,2.188516e+01,2.176777e+01,2.173322e+01,2.183684e+01,2.171940e+01,2.169866e+01,2.170557e+01,2.176086e+01,2.170557e+01,2.158106e+01,2.151182e+01,2.168483e+01,2.140787e+01,2.137320e+01,2.135239e+01,2.139400e+01,2.131076e+01,2.140094e+01,2.129688e+01,2.132464e+01,2.124133e+01,2.128299e+01,2.123439e+01,2.122744e+01,2.117881e+01,2.126911e+01,2.103277e+01,2.135933e+01,2.126217e+01,2.116491e+01,2.115101e+01,2.127605e+01,2.123439e+01,2.121355e+01,2.119271e+01,2.115101e+01,2.121355e+01,2.121355e+01,2.124828e+01,2.119966e+01,2.122744e+01,2.123439e+01,2.133851e+01,2.133158e+01,2.130382e+01,2.135933e+01,2.136626e+01,2.145639e+01,2.130382e+01,2.140094e+01,2.143560e+01,2.133851e+01,2.139400e+01,2.144253e+01,2.145639e+01,2.138707e+01,2.142867e+01,2.147025e+01,2.144253e+01,2.144253e+01,2.153260e+01,2.133851e+01,2.150489e+01,2.152567e+01,2.151875e+01,2.149104e+01,2.153952e+01,2.160874e+01,2.144253e+01,2.153952e+01,2.167792e+01,2.167792e+01,2.157414e+01,2.160182e+01,2.171940e+01,2.167100e+01,2.163642e+01,2.172631e+01,2.165025e+01,2.169866e+01,2.165717e+01,2.166409e+01,2.176086e+01,2.167792e+01,2.180922e+01,2.165717e+01,2.173322e+01,2.185755e+01,2.175395e+01,2.189896e+01,2.189896e+01,2.168483e+01,2.174704e+01,2.180922e+01,2.180922e+01,2.175395e+01,2.171248e+01,2.189896e+01,2.186445e+01,2.173322e+01,2.165717e+01,2.191965e+01,2.169866e+01,2.185755e+01,2.184374e+01,2.187135e+01,2.183684e+01,2.181612e+01,2.187135e+01,2.177468e+01,2.188516e+01,2.177468e+01,2.163642e+01,2.171248e+01,2.167100e+01,2.144946e+01,2.176777e+01,2.173322e+01,2.182993e+01,2.180922e+01,2.181612e+01,2.175395e+01,2.169175e+01,2.171940e+01,2.187825e+01,2.182303e+01,2.171248e+01,2.180231e+01,2.164334e+01,2.176086e+01,2.180231e+01,2.171940e+01,2.180922e+01,2.175395e+01,2.180231e+01,2.173322e+01,2.178850e+01,2.176086e+01,2.171940e+01,2.176777e+01,2.167792e+01,2.191965e+01,2.206442e+01,2.170557e+01,2.168483e+01,2.171940e+01,2.175395e+01,2.173322e+01,2.160874e+01,2.167792e+01,2.168483e+01,2.167100e+01,2.174013e+01,2.155337e+01,2.169175e+01,2.167792e+01,2.165025e+01,2.169175e+01,2.185755e+01,2.178850e+01,2.166409e+01,2.162258e+01,2.165717e+01,2.161566e+01,2.174013e+01,2.178850e+01,2.198862e+01,2.176086e+01,2.167792e+01,2.154645e+01,2.168483e+01,2.169175e+01,2.169866e+01,2.167792e+01,2.190586e+01,2.158798e+01,2.164334e+01,2.172631e+01,2.152567e+01,2.170557e+01,2.158798e+01,2.139400e+01
2.173322e+01,2.188516e+01,2.189206e+01,2.185065e+01,2.189896e+01,2.196104e+01,2.195414e+01,2.185065e+01,2.192655e+01,2.191276e+01,2.188516e+01,2.207820e+01,2.198862e+01,2.189896e+01,2.194725e+01,2.186445e+01,2.193345e+01,2.201619e+01,2.184374e+01,2.184374e+01,2.196104e+01,2.187135e+01,2.198862e+01,2.200241e+01,2.192655e+01,2.194035e+01,2.196104e+01,2.202997e+01,2.195414e+01,2.187135e+01,2.201619e+01,2.181612e+01,2.177468e+01,2.179540e+01,2.202308e+01,2.185755e+01,2.198862e+01,2.180231e+01,2.191965e+01,2.183684e+01,2.196793e+01,2.187135e+01,2.187825e+01,2.188516e+01,2.182993e+01,2.186445e+01,2.190586e+01,2.189206e+01,2.182993e+01,2.189896e+01,2.185755e+01,2.193345e+01,2.196793e+01,2.191965e+01,2.187825e+01,2.189206e+01,2.191965e+01,2.188516e+01,2.186445e+01,2.190586e+01,2.188516e+01,2.184374e+01,2.185065e+01,2.182993e+01,2.183684e+01,2.176777e+01,2.189206e+01,2.201619e+01,2.182993e+01,2.195414e+01,2.180922e+01,2.191276e+01,2.200241e+01,2.189206e+01,2.194035e+01,2.186445e+01,2.192655e+01,2.198172e+01,2.200241e+01,2.187825e+01,2.196104e+01,2.194725e+01,2.180231e+01,2.185065e+01,2.198862e+01,2.189206e+01,2.194035e+01,2.176777e+01,2.197483e+01,2.197483e+01,2.192655e+01,2.194035e+01,2.194035e+01,2.188516e+01,2.186445e+01,2.185755e+01,2.183684e+01,2.187135e+01,2.167792e+01,2.182303e+01,2.175395e+01,2.178850e+01,2.178159e+01,2.180231e+01,2.180922e+01,2.180922e+01,2.180922e+01,2.183684e+01,2.184374e+01,2.179540e+01,2.179540e+01,2.184374e+01,2.191276e+01,2.196104e+01,2.185065e+01,2.185065e+01,2.201619e+01,2.212641e+01,2.211952e+01,2.219523e+01,2.238769e+01,2.240142e+01,2.271679e+01,2.291510e+01,2.290144e+01,2.306530e+01,2.312668e+01,2.341944e+01,2.358926e+01,2.384010e+01,2.381978e+01,2.415785e+01,2.419160e+01,2.454192e+01,2.460243e+01,2.477705e+01,2.482401e+01,2.495137e+01,2.499156e+01,2.519227e+01,2.519895e+01,2.547929e+01,2.531919e+01,2.571898e+01,2.561917e+01,2.581869e+01,2.612389e+01,2.603109e+01,2.621660e+01,2.625631e+01,2.636873e+01,2.667235e+01,2.685015e+01,2.680408e+01,2.683041e+01,2.714584e+01,2.710646e+01,2.706707e+01,2.703423e+01,2.724422e+01,2.702766e+01,2.663280e+01,2.606424e+01,2.407681e+01,2.220211e+01,2.166409e+01,2.124133e+01,2.104669e+01,2.102581e+01,2.102581e+01,2.103277e+01,2.101189e+01,2.099101e+01,2.094923e+01,2.102581e+01,2.105365e+01,2.102581e+01,2.097012e+01,2.091440e+01,2.085865e+01,2.087956e+01,2.078193e+01,2.083773e+01,2.098405e+01,2.075403e+01,2.071913e+01,2.079589e+01,2.082378e+01,2.080286e+01,2.086562e+01,2.094226e+01,2.092833e+01,2.087259e+01,2.097012e+01,2.094923e+01,2.092833e+01,2.090743e+01,2.091440e+01,2.069120e+01,2.106756e+01,2.082378e+01,2.072611e+01,2.089350e+01,2.070517e+01,2.069818e+01,2.078891e+01,2.066327e+01,2.067025e+01,2.066327e+01,2.064930e+01,2.060039e+01,2.061436e+01,2.055145e+01,2.060737e+01,2.071913e+01,2.059340e+01,2.062135e+01,2.070517e+01,2.064930e+01,2.067025e+01,2.071215e+01,2.070517e+01,2.070517e+01,2.079589e+01,2.067723e+01,2.071215e+01,2.074007e+01,2.069120e+01,2.065628e+01,2.063532e+01,2.063532e+01,2.069818e+01,2.067025e+01,2.069818e+01,2.062834e+01,2.091440e+01,2.072611e+01,2.105365e+01,2.148411e+01,2.154645e+01,2.160874e+01,2.158106e+01,2.162258e+01,2.164334e+01,2.170557e+01,2.164334e+01,2.158106e+01,2.156721e+01,2.166409e+01,2.171940e+01,2.165717e+01,2.156721e+01,2.162258e+01,2.160874e+01,2.160182e+01,2.160182e+01,2.157414e+01,2.163642e+01,2.171248e+01,2.160874e+01,2.180922e+01,2.160874e+01,2.156721e+01,2.160182e+01,2.161566e+01,2.173322e+01,2.166409e+01,2.144253e+01,2.158798e+01,2.172631e+01,2.171940e+01,2.166409e+01,2.169866e+01,2.165717e+01,2.170557e+01,2.160182e+01,2.169175e+01,2.157414e+01,2.149104e+01,2.148411e+01,2.160874e+01,2.158106e+01,2.154645e+01,2.150489e+01,2.152567e+01,2.152567e+01,2.151875e+01,2.135239e+01,2.129688e+01,2.124828e+01,2.092833e+01,2.093530e+01,2.092137e+01,2.087956e+01,2.088653e+01,2.080286e+01,2.080984e+01,2.079589e+01,2.069818e+01,2.078891e+01,2.061436e+01,2.063532e+01,2.079589e+01,2.083076e+01,2.080984e+01,2.089350e+01,2.082378e+01,2.113015e+01,2.124828e+01,2.127605e+01,2.140787e+01,2.151875e+01,2.143560e+01,2.147025e+01,2.153260e+01,2.160874e+01,2.164334e+01,2.146332e+01,2.153260e+01,2.158798e+01,2.153260e+01,2.171248e+01,2.173322e+01,2.169175e+01,2.176086e+01,2.156721e+01,2.166409e+01,2.170557e+01,2.165717e+01,2.167792e+01,2.167792e+01,2.168483e+01,2.176086e+01,2.169175e+01,2.164334e+01,2.168483e+01,2.168483e+01,2.165025e+01,2.182993e+01,2.177468e+01,2.158798e+01,2.166409e+01,2.174704e+01,2.164334e+01,2.174704e+01,2.169866e+01,2.180922e+01,2.160874e+01,2.160182e+01,2.164334e+01,2.157414e+01,2.152567e+01,2.158798e+01,2.148411e+01,2.151875e+01,2.140787e+01,2.153952e+01,2.143560e+01,2.141480e+01,2.145639e+01,2.146332e+01,2.136626e+01,2.140787e+01,2.141480e+01,2.137320e+01,2.136626e+01,2.132464e+01,2.142174e+01,2.141480e+01,2.134545e+01,2.127605e+01,2.122744e+01,2.113015e+01,2.085865e+01,2.071913e+01,2.080984e+01,2.071913e+01,2.084470e+01,2.066327e+01,2.067025e+01,2.051648e+01,2.076798e+01,2.058641e+01,2.075403e+01,2.057243e+01,2.057243e+01,2.054446e+01,2.071913e+01,2.069120e+01,2.068422e+01,2.063532e+01,2.055844e+01,2.053747e+01,2.058641e+01,2.052348e+01,2.050949e+01,2.053047e+01,2.053047e+01,2.056544e+01,2.058641e+01,2.055844e+01,2.067025e+01,2.069818e+01,2.117186e+01,2.143560e+01,2.122050e+01,2.147718e+01,2.144253e+01,2.172631e+01,2.186445e+01,2.196104e+01,2.211263e+01,2.238082e+01,2.263461e+01,2.303801e+01,2.335143e+01,2.382655e+01,2.417810e+01,2.452174e+01,2.474349e+01,2.496477e+01,2.519227e+01,2.530584e+01,2.521900e+01,2.518559e+01,2.512541e+01,2.490447e+01,2.486425e+01,2.458226e+01,2.421859e+01,2.422533e+01,2.400247e+01,2.376559e+01,2.361641e+01,2.337183e+01,2.331060e+01,2.301071e+01,2.284676e+01,2.261406e+01,2.254551e+01,2.242888e+01,2.225713e+01,2.221587e+01,2.218835e+01,2.204376e+01,2.211952e+01,2.196793e+01,2.204376e+01,2.215394e+01,2.198862e+01,2.196104e+01,2.194035e+01,2.192655e+01,2.191965e+01,2.186445e+01,2.187135e+01,2.189206e+01,2.187135e+01,2.185065e+01,2.174704e+01,2.191965e+01,2.171940e+01,2.173322e+01,2.160874e+01,2.163642e+01,2.171248e+01,2.164334e+01,2.164334e+01,2.157414e+01,2.155337e+01,2.157414e+01,2.152567e+01,2.147718e+01,2.147025e+01,2.131076e+01,2.144253e+01,2.140787e+01,2.127605e+01,2.130382e+01,2.129688e+01,2.118576e+01,2.119271e+01,2.124133e+01,2.128299e+01,2.109539e+01,2.128993e+01,2.126911e+01,2.128299e+01,2.124828e+01,2.113711e+01,2.112320e+01,2.115796e+01,2.115796e+01,2.127605e+01,2.118576e+01,2.142867e+01,2.144253e+01,2.131076e+01,2.121355e+01,2.122050e+01,2.128993e+01,2.117881e+01,2.128299e+01,2.122050e+01,2.146332e+01,2.131076e+01,2.149104e+01,2.146332e+01,2.128993e+01,2.132464e+01,2.147718e+01,2.138707e+01,2.142174e+01,2.145639e+01,2.134545e+01,2.145639e+01,2.135239e+01,2.133851e+01,2.147718e+01,2.150489e+01,2.152567e+01,2.151182e+01,2.152567e+01,2.149104e+01,2.147025e+01,2.162950e+01,2.163642e+01,2.165717e+01,2.168483e+01,2.167100e+01,2.167100e+01,2.165717e+01,2.167100e+01,2.167792e+01,2.169175e+01,2.160182e+01,2.176777e+01,2.164334e+01,2.165717e+01,2.171248e+01,2.153952e+01,2.176086e+01,2.164334e+01,2.191965e+01,2.193345e+01,2.194725e+01,2.173322e+01,2.174013e+01,2.185065e+01,2.185065e+01,2.176777e+01,2.175395e+01,2.179540e+01,2.175395e+01,2.176086e+01,2.177468e+01,2.171248e+01,2.180231e+01,2.174704e+01,2.179540e+01,2.182993e+01,2.180922e+01,2.182993e+01,2.184374e+01,2.169866e+01,2.168483e+01,2.174704e+01,2.169866e+01,2.177468e+01,2.180231e+01,2.169866e+01,2.182303e+01,2.169866e+01,2.173322e+01,2.171248e+01,2.175395e+01,2.160182e+01,2.165717e+01,2.169866e+01,2.167100e+01,2.172631e+01,2.171940e+01,2.169175e+01,2.161566e+01,2.167100e+01,2.165025e+01,2.169175e+01,2.170557e+01,2.182303e+01,2.175395e+01,2.160182e+01,2.169866e+01,2.178159e+01,2.165025e+01,2.174704e+01,2.180231e+01,2.180231e+01,2.174704e+01,2.173322e+01,2.176777e+01,2.176086e+01,2.166409e+01,2.174013e+01,2.167792e+01,2.174704e+01,2.170557e+01,2.160182e+01,2.160874e+01,2.178850e+01,2.160874e+01,2.171248e+01,2.171248e+01,2.182993e+01,2.165025e+01,2.165025e+01,2.172631e+01,2.160874e+01,2.166409e+01,2.160874e+01,2.161566e+01,2.168483e+01,2.164334e+01,2.164334e+01,2.156721e+01,2.171940e+01,2.167792e+01,2.172631e+01,2.165717e+01,2.165025e+01,2.166409e+01,2.166409e+01,2.174013e+01,2.158798e+01,2.179540e+01,2.167792e+01,2.180922e+01,2.165025e+01,2.147025e+01,2.168483e+01,2.158106e+01
2.190586e+01,2.192655e+01,2.190586e+01,2.191965e+01,2.194725e+01,2.200241e+01,2.184374e+01,2.192655e+01,2.197483e+01,2.191276e+01,2.189896e+01,2.198862e+01,2.213329e+01,2.194725e+01,2.194725e+01,2.196793e+01,2.198172e+01,2.192655e+01,2.194725e+01,2.200930e+01,2.200241e+01,2.194035e+01,2.200241e+01,2.191965e+01,2.198172e+01,2.194035e+01,2.202308e+01,2.195414e+01,2.194035e+01,2.185755e+01,2.196793e+01,2.197483e+01,2.193345e+01,2.198172e+01,2.176086e+01,2.205754e+01,2.190586e+01,2.182303e+01,2.179540e+01,2.193345e+01,2.188516e+01,2.179540e+01,2.186445e+01,2.185755e+01,2.176777e+01,2.184374e+01,2.182993e+01,2.186445e+01,2.185065e+01,2.187825e+01,2.190586e+01,2.179540e+01,2.185755e+01,2.194725e+01,2.178850e+01,2.181612e+01,2.185065e+01,2.187135e+01,2.187135e+01,2.180922e+01,2.185065e+01,2.191276e+01,2.184374e+01,2.182993e+01,2.189206e+01,2.189206e+01,2.182303e+01,2.184374e+01,2.181612e+01,2.185755e+01,2.194035e+01,2.181612e+01,2.180231e+01,2.186445e+01,2.178850e+01,2.179540e+01,2.185065e+01,2.185755e+01,2.188516e+01,2.187135e+01,2.191276e+01,2.182993e+01,2.182993e+01,2.186445e+01,2.188516e+01,2.178159e+01,2.183684e+01,2.196104e+01,2.189206e+01,2.198172e+01,2.198172e+01,2.198172e+01,2.178850e+01,2.190586e+01,2.193345e+01,2.176086e+01,2.165717e+01,2.165717e+01,2.178850e+01,2.178850e+01,2.177468e+01,2.178159e+01,2.178159e+01,2.179540e+01,2.165025e+01,2.189206e+01,2.181612e+01,2.180231e+01,2.178159e+01,2.182993e+01,2.181612e+01,2.183684e+01,2.185755e+01,2.187135e+01,2.196793e+01,2.194725e+01,2.210575e+01,2.208509e+01,2.194035e+01,2.229838e+01,2.237395e+01,2.240142e+01,2.273047e+01,2.271679e+01,2.279889e+01,2.290827e+01,2.307894e+01,2.348740e+01,2.365711e+01,2.377914e+01,2.391455e+01,2.419160e+01,2.446791e+01,2.442752e+01,2.464947e+01,2.463603e+01,2.483742e+01,2.492457e+01,2.501834e+01,2.509865e+01,2.516553e+01,2.537258e+01,2.561252e+01,2.557923e+01,2.593822e+01,2.569237e+01,2.607087e+01,2.604436e+01,2.617687e+01,2.623645e+01,2.645462e+01,2.658663e+01,2.672506e+01,2.679092e+01,2.675141e+01,2.697510e+01,2.712615e+01,2.706050e+01,2.717208e+01,2.710646e+01,2.699481e+01,2.652065e+01,2.515216e+01,2.270994e+01,2.162258e+01,2.127605e+01,2.119966e+01,2.101885e+01,2.094226e+01,2.094923e+01,2.097709e+01,2.099797e+01,2.118576e+01,2.113711e+01,2.095619e+01,2.095619e+01,2.097709e+01,2.090743e+01,2.102581e+01,2.105365e+01,2.080984e+01,2.071913e+01,2.078891e+01,2.069120e+01,2.064930e+01,2.075403e+01,2.076798e+01,2.084470e+01,2.089350e+01,2.077496e+01,2.079589e+01,2.078193e+01,2.084470e+01,2.083773e+01,2.086562e+01,2.092137e+01,2.083076e+01,2.089350e+01,2.085168e+01,2.096316e+01,2.087259e+01,2.069818e+01,2.078193e+01,2.073309e+01,2.049550e+01,2.063532e+01,2.057243e+01,2.055145e+01,2.051648e+01,2.055145e+01,2.057243e+01,2.068422e+01,2.058641e+01,2.064231e+01,2.067025e+01,2.062135e+01,2.070517e+01,2.065628e+01,2.079589e+01,2.072611e+01,2.068422e+01,2.069120e+01,2.072611e+01,2.073309e+01,2.069818e+01,2.067025e+01,2.070517e+01,2.064231e+01,2.069818e+01,2.057243e+01,2.071215e+01,2.071913e+01,2.063532e+01,2.076798e+01,2.069818e+01,2.076100e+01,2.076100e+01,2.099101e+01,2.157414e+01,2.161566e+01,2.166409e+01,2.158106e+01,2.162950e+01,2.158798e+01,2.160874e+01,2.169175e+01,2.165717e+01,2.153952e+01,2.163642e+01,2.156721e+01,2.165717e+01,2.153260e+01,2.151875e+01,2.166409e+01,2.171248e+01,2.164334e+01,2.156029e+01,2.156721e+01,2.168483e+01,2.165717e+01,2.152567e+01,2.151182e+01,2.158106e+01,2.162258e+01,2.167100e+01,2.169175e+01,2.165717e+01,2.158106e+01,2.162258e+01,2.165717e+01,2.170557e+01,2.162950e+01,2.162258e+01,2.165717e+01,2.163642e+01,2.162258e+01,2.161566e+01,2.156721e+01,2.164334e+01,2.171940e+01,2.160182e+01,2.158106e+01,2.156029e+01,2.156721e+01,2.153952e+01,2.151182e+01,2.151875e+01,2.147025e+01,2.133158e+01,2.122744e+01,2.126217e+01,2.094923e+01,2.091440e+01,2.081681e+01,2.089350e+01,2.079589e+01,2.065628e+01,2.068422e+01,2.080286e+01,2.083076e+01,2.079589e+01,2.081681e+01,2.088653e+01,2.080984e+01,2.085168e+01,2.087259e+01,2.106061e+01,2.104669e+01,2.116491e+01,2.140094e+01,2.150489e+01,2.150489e+01,2.149796e+01,2.147718e+01,2.160874e+01,2.144946e+01,2.155337e+01,2.152567e+01,2.156029e+01,2.165717e+01,2.165717e+01,2.163642e+01,2.171248e+01,2.162950e+01,2.165717e+01,2.162950e+01,2.169866e+01,2.172631e+01,2.171248e+01,2.168483e+01,2.171940e+01,2.171248e+01,2.165717e+01,2.163642e+01,2.168483e+01,2.173322e+01,2.174013e+01,2.176777e+01,2.169866e+01,2.169175e+01,2.170557e+01,2.169866e+01,2.169866e+01,2.174704e+01,2.178850e+01,2.170557e+01,2.163642e+01,2.142174e+01,2.166409e+01,2.165025e+01,2.151875e+01,2.160182e+01,2.170557e+01,2.147025e+01,2.156029e+01,2.144253e+01,2.147025e+01,2.138013e+01,2.147718e+01,2.138013e+01,2.139400e+01,2.131076e+01,2.137320e+01,2.147718e+01,2.138013e+01,2.134545e+01,2.135933e+01,2.135239e+01,2.142174e+01,2.142174e+01,2.139400e+01,2.131076e+01,2.114406e+01,2.068422e+01,2.082378e+01,2.069818e+01,2.067723e+01,2.080286e+01,2.067723e+01,2.052348e+01,2.067723e+01,2.068422e+01,2.053747e+01,2.073309e+01,2.053747e+01,2.053747e+01,2.063532e+01,2.059340e+01,2.076100e+01,2.077496e+01,2.053747e+01,2.050249e+01,2.064231e+01,2.053047e+01,2.057942e+01,2.049550e+01,2.055844e+01,2.051648e+01,2.053047e+01,2.054446e+01,2.055844e+01,2.080286e+01,2.115796e+01,2.126217e+01,2.124133e+01,2.124133e+01,2.141480e+01,2.148411e+01,2.167792e+01,2.167792e+01,2.176777e+01,2.200930e+01,2.226401e+01,2.257979e+01,2.301753e+01,2.336503e+01,2.375203e+01,2.410383e+01,2.446791e+01,2.475691e+01,2.491787e+01,2.500495e+01,2.517890e+01,2.494467e+01,2.523237e+01,2.505182e+01,2.494467e+01,2.462931e+01,2.448137e+01,2.427254e+01,2.417135e+01,2.392132e+01,2.380623e+01,2.355532e+01,2.325614e+01,2.324933e+01,2.290144e+01,2.286727e+01,2.275101e+01,2.260035e+01,2.229151e+01,2.229151e+01,2.224338e+01,2.217459e+01,2.217459e+01,2.214706e+01,2.189896e+01,2.207820e+01,2.201619e+01,2.212641e+01,2.197483e+01,2.198172e+01,2.197483e+01,2.192655e+01,2.185755e+01,2.176777e+01,2.164334e+01,2.189896e+01,2.176086e+01,2.173322e+01,2.170557e+01,2.173322e+01,2.173322e+01,2.169175e+01,2.164334e+01,2.169175e+01,2.168483e+01,2.159490e+01,2.158798e+01,2.156029e+01,2.153952e+01,2.140787e+01,2.136626e+01,2.137320e+01,2.131076e+01,2.131076e+01,2.134545e+01,2.130382e+01,2.132464e+01,2.126217e+01,2.129688e+01,2.119966e+01,2.134545e+01,2.126911e+01,2.121355e+01,2.121355e+01,2.128993e+01,2.117186e+01,2.126217e+01,2.126217e+01,2.128299e+01,2.130382e+01,2.128299e+01,2.111625e+01,2.115101e+01,2.119966e+01,2.132464e+01,2.117881e+01,2.123439e+01,2.137320e+01,2.122744e+01,2.119271e+01,2.123439e+01,2.130382e+01,2.144253e+01,2.128993e+01,2.124133e+01,2.139400e+01,2.137320e+01,2.138707e+01,2.144946e+01,2.142867e+01,2.134545e+01,2.147718e+01,2.113711e+01,2.144946e+01,2.156721e+01,2.142867e+01,2.156721e+01,2.147718e+01,2.151875e+01,2.151875e+01,2.156721e+01,2.159490e+01,2.160182e+01,2.153260e+01,2.161566e+01,2.158106e+01,2.156721e+01,2.153260e+01,2.168483e+01,2.163642e+01,2.152567e+01,2.167792e+01,2.169866e+01,2.178850e+01,2.174704e+01,2.178159e+01,2.165717e+01,2.167792e+01,2.165025e+01,2.165717e+01,2.164334e+01,2.166409e+01,2.173322e+01,2.175395e+01,2.188516e+01,2.184374e+01,2.173322e+01,2.174704e+01,2.177468e+01,2.171940e+01,2.164334e+01,2.175395e+01,2.182303e+01,2.176777e+01,2.171940e+01,2.178850e+01,2.178159e+01,2.161566e+01,2.173322e+01,2.168483e+01,2.182303e+01,2.187135e+01,2.192655e+01,2.179540e+01,2.171248e+01,2.180922e+01,2.169866e+01,2.167100e+01,2.176777e+01,2.167792e+01,2.174704e+01,2.175395e+01,2.167100e+01,2.164334e+01,2.166409e+01,2.171248e+01,2.176086e+01,2.171248e+01,2.174013e+01,2.166409e+01,2.166409e+01,2.171248e+01,2.165025e+01,2.174704e+01,2.177468e+01,2.170557e+01,2.178850e+01,2.178850e+01,2.179540e+01,2.171248e+01,2.166409e+01,2.171248e+01,2.174704e+01,2.175395e+01,2.174013e+01,2.166409e+01,2.178850e+01,2.178159e+01,2.165717e+01,2.169175e+01,2.180922e+01,2.168483e+01,2.177468e+01,2.176086e+01,2.182993e+01,2.166409e+01,2.167100e+01,2.156721e+01,2.168483e+01,2.171940e+01,2.171248e+01,2.156029e+01,2.162258e+01,2.162258e+01,2.169866e+01,2.181612e+01,2.168483e+01,2.168483e+01,2.164334e+01,2.162258e+01,2.160874e+01,2.165025e+01,2.171248e+01,2.151182e+01,2.177468e+01,2.165025e+01,2.151182e+01,2.156721e+01,2.166409e+01,2.165717e+01,2.164334e+01,2.174013e+01,2.153260e+01,2.174013e+01,2.160874e+01,2.171248e+01,2.169175e+01,2.148411e+01
2.190586e+01,2.178159e+01,2.189896e+01,2.190586e+01,2.196793e+01,2.193345e+01,2.192655e+01,2.198172e+01,2.194725e+01,2.185755e+01,2.209886e+01,2.202308e+01,2.199551e+01,2.194035e+01,2.200930e+01,2.199551e+01,2.208509e+01,2.194725e+01,2.196104e+01,2.198862e+01,2.195414e+01,2.195414e+01,2.182993e+01,2.199551e+01,2.190586e+01,2.185755e+01,2.198862e+01,2.188516e+01,2.196104e+01,2.182303e+01,2.196104e+01,2.196793e+01,2.177468e+01,2.181612e+01,2.187135e+01,2.191276e+01,2.190586e+01,2.187825e+01,2.199551e+01,2.188516e+01,2.185755e+01,2.188516e+01,2.183684e+01,2.182993e+01,2.186445e+01,2.167100e+01,2.189206e+01,2.187135e+01,2.183684e+01,2.185755e+01,2.189896e+01,2.187825e+01,2.181612e+01,2.179540e+01,2.180922e+01,2.180922e+01,2.187135e+01,2.187825e+01,2.188516e+01,2.185755e+01,2.176086e+01,2.187825e+01,2.185755e+01,2.198172e+01,2.183684e+01,2.187825e+01,2.193345e+01,2.196104e+01,2.185755e+01,2.189896e+01,2.188516e+01,2.182993e+01,2.189206e+01,2.194725e+01,2.184374e+01,2.190586e+01,2.182303e+01,2.185065e+01,2.185755e+01,2.184374e+01,2.198172e+01,2.198172e+01,2.188516e+01,2.186445e+01,2.191276e+01,2.200930e+01,2.187825e+01,2.197483e+01,2.188516e+01,2.180922e+01,2.179540e+01,2.188516e+01,2.192655e+01,2.180922e+01,2.189896e+01,2.198862e+01,2.182993e+01,2.180922e+01,2.165717e+01,2.187135e+01,2.172631e+01,2.178850e+01,2.178850e+01,2.178850e+01,2.180922e+01,2.180231e+01,2.180922e+01,2.181612e+01,2.179540e+01,2.180231e+01,2.180231e+01,2.198862e+01,2.191276e+01,2.188516e+01,2.198862e+01,2.200241e+01,2.194035e+01,2.203687e+01,2.229151e+01,2.220899e+01,2.208509e+01,2.233961e+01,2.266201e+01,2.290827e+01,2.295609e+01,2.280573e+01,2.334462e+01,2.346701e+01,2.362998e+01,2.367746e+01,2.388071e+01,2.417135e+01,2.418485e+01,2.432647e+01,2.442078e+01,2.468306e+01,2.484413e+01,2.498486e+01,2.503843e+01,2.513210e+01,2.529916e+01,2.545262e+01,2.549928e+01,2.553260e+01,2.566576e+01,2.586519e+01,2.584526e+01,2.608413e+01,2.627615e+01,2.618349e+01,2.646783e+01,2.676458e+01,2.673165e+01,2.675800e+01,2.690278e+01,2.711303e+01,2.711303e+01,2.711303e+01,2.706707e+01,2.706707e+01,2.665257e+01,2.616363e+01,2.451501e+01,2.213329e+01,2.139400e+01,2.131076e+01,2.103277e+01,2.102581e+01,2.099101e+01,2.099797e+01,2.095619e+01,2.102581e+01,2.092137e+01,2.094226e+01,2.083076e+01,2.090047e+01,2.099797e+01,2.087259e+01,2.078891e+01,2.085865e+01,2.083076e+01,2.076798e+01,2.068422e+01,2.070517e+01,2.074705e+01,2.073309e+01,2.074705e+01,2.085168e+01,2.078891e+01,2.077496e+01,2.080984e+01,2.079589e+01,2.094923e+01,2.092833e+01,2.086562e+01,2.086562e+01,2.079589e+01,2.078891e+01,2.083773e+01,2.074007e+01,2.075403e+01,2.070517e+01,2.089350e+01,2.068422e+01,2.067723e+01,2.065628e+01,2.059340e+01,2.062834e+01,2.062834e+01,2.056544e+01,2.056544e+01,2.060737e+01,2.060737e+01,2.064930e+01,2.076798e+01,2.071215e+01,2.085168e+01,2.110234e+01,2.078891e+01,2.068422e+01,2.067723e+01,2.070517e+01,2.074007e+01,2.068422e+01,2.071913e+01,2.069120e+01,2.069120e+01,2.067025e+01,2.057243e+01,2.066327e+01,2.055145e+01,2.062834e+01,2.060039e+01,2.054446e+01,2.056544e+01,2.060039e+01,2.057243e+01,2.094923e+01,2.117881e+01,2.146332e+01,2.157414e+01,2.168483e+01,2.158106e+01,2.156029e+01,2.163642e+01,2.170557e+01,2.162950e+01,2.165717e+01,2.169175e+01,2.170557e+01,2.164334e+01,2.164334e+01,2.167792e+01,2.145639e+01,2.171248e+01,2.151875e+01,2.167100e+01,2.162950e+01,2.167792e+01,2.176086e+01,2.162258e+01,2.152567e+01,2.171248e+01,2.170557e+01,2.162258e+01,2.167100e+01,2.164334e+01,2.158798e+01,2.163642e+01,2.174013e+01,2.165717e+01,2.144946e+01,2.165025e+01,2.168483e+01,2.165717e+01,2.170557e+01,2.160182e+01,2.168483e+01,2.162258e+01,2.159490e+01,2.166409e+01,2.149104e+01,2.168483e+01,2.147025e+01,2.150489e+01,2.148411e+01,2.143560e+01,2.136626e+01,2.131076e+01,2.135933e+01,2.110929e+01,2.103277e+01,2.091440e+01,2.087956e+01,2.078193e+01,2.094923e+01,2.095619e+01,2.078193e+01,2.075403e+01,2.082378e+01,2.078193e+01,2.098405e+01,2.084470e+01,2.081681e+01,2.083076e+01,2.084470e+01,2.101189e+01,2.113711e+01,2.124133e+01,2.141480e+01,2.146332e+01,2.148411e+01,2.155337e+01,2.148411e+01,2.147025e+01,2.158106e+01,2.160874e+01,2.156721e+01,2.160874e+01,2.158798e+01,2.165717e+01,2.158798e+01,2.168483e+01,2.170557e+01,2.159490e+01,2.178159e+01,2.169175e+01,2.175395e+01,2.167792e+01,2.169866e+01,2.162258e+01,2.177468e+01,2.167100e+01,2.171940e+01,2.171940e+01,2.169175e+01,2.171940e+01,2.169866e+01,2.160874e+01,2.171248e+01,2.174704e+01,2.174013e+01,2.163642e+01,2.171940e+01,2.171940e+01,2.169175e+01,2.159490e+01,2.161566e+01,2.155337e+01,2.157414e+01,2.162258e+01,2.148411e+01,2.152567e+01,2.145639e+01,2.147025e+01,2.144946e+01,2.151182e+01,2.143560e+01,2.139400e+01,2.136626e+01,2.158798e+01,2.135933e+01,2.138013e+01,2.140094e+01,2.137320e+01,2.140787e+01,2.149796e+01,2.136626e+01,2.136626e+01,2.132464e+01,2.115796e+01,2.116491e+01,2.122744e+01,2.081681e+01,2.084470e+01,2.071913e+01,2.065628e+01,2.069120e+01,2.067025e+01,2.074007e+01,2.079589e+01,2.075403e+01,2.066327e+01,2.055145e+01,2.057942e+01,2.074007e+01,2.077496e+01,2.072611e+01,2.067723e+01,2.054446e+01,2.059340e+01,2.057942e+01,2.059340e+01,2.046751e+01,2.050249e+01,2.058641e+01,2.055844e+01,2.062135e+01,2.055145e+01,2.055145e+01,2.076798e+01,2.091440e+01,2.121355e+01,2.134545e+01,2.134545e+01,2.130382e+01,2.166409e+01,2.148411e+01,2.162950e+01,2.164334e+01,2.193345e+01,2.212641e+01,2.222962e+01,2.260720e+01,2.285360e+01,2.301753e+01,2.349419e+01,2.396190e+01,2.423882e+01,2.458226e+01,2.475691e+01,2.496477e+01,2.492457e+01,2.498486e+01,2.491117e+01,2.503843e+01,2.493797e+01,2.476362e+01,2.433995e+01,2.427929e+01,2.400247e+01,2.384010e+01,2.349419e+01,2.351457e+01,2.335143e+01,2.307212e+01,2.299023e+01,2.275785e+01,2.256608e+01,2.255237e+01,2.224338e+01,2.219523e+01,2.218835e+01,2.214017e+01,2.203687e+01,2.218147e+01,2.198172e+01,2.202997e+01,2.200241e+01,2.191276e+01,2.178159e+01,2.194035e+01,2.193345e+01,2.185065e+01,2.193345e+01,2.178159e+01,2.177468e+01,2.182303e+01,2.174704e+01,2.172631e+01,2.174013e+01,2.151875e+01,2.152567e+01,2.162950e+01,2.169866e+01,2.168483e+01,2.166409e+01,2.152567e+01,2.144946e+01,2.150489e+01,2.156029e+01,2.139400e+01,2.144946e+01,2.151875e+01,2.137320e+01,2.140787e+01,2.133851e+01,2.129688e+01,2.127605e+01,2.118576e+01,2.128299e+01,2.112320e+01,2.132464e+01,2.127605e+01,2.119966e+01,2.132464e+01,2.128299e+01,2.128993e+01,2.119271e+01,2.116491e+01,2.133851e+01,2.113711e+01,2.130382e+01,2.124828e+01,2.127605e+01,2.126217e+01,2.125522e+01,2.111625e+01,2.128993e+01,2.120660e+01,2.119966e+01,2.139400e+01,2.116491e+01,2.122050e+01,2.116491e+01,2.120660e+01,2.135933e+01,2.141480e+01,2.124828e+01,2.140094e+01,2.142174e+01,2.134545e+01,2.133851e+01,2.133851e+01,2.143560e+01,2.144946e+01,2.147718e+01,2.144946e+01,2.147718e+01,2.134545e+01,2.148411e+01,2.151182e+01,2.150489e+01,2.149104e+01,2.155337e+01,2.158106e+01,2.155337e+01,2.138013e+01,2.167100e+01,2.151182e+01,2.169866e+01,2.156029e+01,2.153952e+01,2.170557e+01,2.166409e+01,2.173322e+01,2.171940e+01,2.174013e+01,2.174704e+01,2.165717e+01,2.165717e+01,2.187135e+01,2.167100e+01,2.167100e+01,2.176086e+01,2.181612e+01,2.176777e+01,2.176777e+01,2.177468e+01,2.180922e+01,2.176086e+01,2.179540e+01,2.174704e+01,2.176777e+01,2.178850e+01,2.189206e+01,2.189896e+01,2.186445e+01,2.169175e+01,2.189206e+01,2.173322e+01,2.176777e+01,2.171940e+01,2.165025e+01,2.171248e+01,2.176777e+01,2.168483e+01,2.180922e+01,2.177468e+01,2.169175e+01,2.168483e+01,2.180231e+01,2.166409e+01,2.174704e+01,2.166409e+01,2.168483e+01,2.165717e+01,2.167792e+01,2.157414e+01,2.171248e+01,2.162258e+01,2.189206e+01,2.165717e+01,2.177468e+01,2.177468e+01,2.181612e+01,2.184374e+01,2.171940e+01,2.179540e+01,2.174704e+01,2.163642e+01,2.167100e+01,2.171248e+01,2.162258e+01,2.182993e+01,2.165025e+01,2.169175e+01,2.178159e+01,2.176777e+01,2.178159e+01,2.159490e+01,2.164334e+01,2.161566e+01,2.169175e+01,2.170557e+01,2.151875e+01,2.172631e+01,2.162950e+01,2.163642e+01,2.165025e+01,2.165025e+01,2.166409e+01,2.174704e+01,2.153260e+01,2.156029e+01,2.159490e+01,2.159490e+01,2.167100e+01,2.159490e+01,2.157414e+01,2.159490e+01,2.163642e+01,2.158798e+01,2.167100e+01,2.167792e+01,2.176777e+01,2.167100e+01,2.149796e+01,2.149104e+01,2.164334e+01,2.147025e+01,2.139400e+01,2.160874e+01,2.156721e+01,2.167792e+01,2.160182e+01,2.140094e+01,2.162258e+01,2.159490e+01,2.142174e+01
2.190586e+01,2.186445e+01,2.182303e+01,2.189206e+01,2.197483e+01,2.196104e+01,2.198172e+01,2.194725e+01,2.204376e+01,2.192655e+01,2.167792e+01,2.194035e+01,2.196793e+01,2.194035e+01,2.205754e+01,2.196104e+01,2.194725e+01,2.201619e+01,2.192655e+01,2.199551e+01,2.197483e+01,2.196104e+01,2.203687e+01,2.202308e+01,2.198862e+01,2.192655e+01,2.195414e+01,2.200241e+01,2.185755e+01,2.196793e+01,2.185755e+01,2.202997e+01,2.190586e+01,2.186445e+01,2.197483e+01,2.194035e+01,2.189206e+01,2.182993e+01,2.185065e+01,2.185755e+01,2.199551e+01,2.201619e+01,2.174704e+01,2.182993e+01,2.184374e+01,2.185065e+01,2.182303e+01,2.189206e+01,2.181612e+01,2.178159e+01,2.187825e+01,2.196104e+01,2.188516e+01,2.189896e+01,2.178850e+01,2.182303e+01,2.189206e+01,2.184374e+01,2.185065e+01,2.185755e+01,2.181612e+01,2.186445e+01,2.182993e+01,2.180922e+01,2.187135e+01,2.183684e+01,2.183684e+01,2.189206e+01,2.192655e+01,2.182993e+01,2.182303e+01,2.186445e+01,2.181612e+01,2.182303e+01,2.189206e+01,2.189206e+01,2.179540e+01,2.188516e+01,2.194725e+01,2.179540e+01,2.194725e+01,2.185065e+01,2.190586e+01,2.190586e+01,2.191276e+01,2.193345e+01,2.186445e+01,2.177468e+01,2.194035e+01,2.190586e+01,2.183684e+01,2.191965e+01,2.192655e+01,2.189206e+01,2.187825e+01,2.187825e+01,2.186445e+01,2.193345e+01,2.178850e+01,2.178159e+01,2.191965e+01,2.180231e+01,2.180231e+01,2.178850e+01,2.191965e+01,2.192655e+01,2.182303e+01,2.183684e+01,2.185065e+01,2.180922e+01,2.178850e+01,2.185065e+01,2.189206e+01,2.188516e+01,2.198862e+01,2.198862e+01,2.192655e+01,2.195414e+01,2.207820e+01,2.225026e+01,2.219523e+01,2.240142e+01,2.267571e+01,2.269625e+01,2.281257e+01,2.294243e+01,2.335143e+01,2.340584e+01,2.357569e+01,2.360283e+01,2.400924e+01,2.404979e+01,2.412409e+01,2.439385e+01,2.460915e+01,2.444771e+01,2.483742e+01,2.491787e+01,2.522569e+01,2.517890e+01,2.512541e+01,2.547262e+01,2.535256e+01,2.554592e+01,2.552594e+01,2.581869e+01,2.583198e+01,2.606424e+01,2.630923e+01,2.628938e+01,2.657344e+01,2.658003e+01,2.675141e+01,2.674482e+01,2.693566e+01,2.696853e+01,2.697510e+01,2.701453e+01,2.713928e+01,2.699481e+01,2.667235e+01,2.609076e+01,2.441405e+01,2.178159e+01,2.120660e+01,2.102581e+01,2.094226e+01,2.096316e+01,2.086562e+01,2.101885e+01,2.099797e+01,2.079589e+01,2.094923e+01,2.099797e+01,2.090743e+01,2.103277e+01,2.087259e+01,2.101885e+01,2.084470e+01,2.073309e+01,2.075403e+01,2.071913e+01,2.071913e+01,2.089350e+01,2.070517e+01,2.059340e+01,2.069818e+01,2.083076e+01,2.073309e+01,2.088653e+01,2.084470e+01,2.089350e+01,2.086562e+01,2.084470e+01,2.085865e+01,2.106061e+01,2.090743e+01,2.086562e+01,2.077496e+01,2.089350e+01,2.084470e+01,2.083773e+01,2.087956e+01,2.068422e+01,2.067025e+01,2.064930e+01,2.062135e+01,2.053747e+01,2.055145e+01,2.055145e+01,2.063532e+01,2.070517e+01,2.067723e+01,2.060039e+01,2.064231e+01,2.061436e+01,2.103973e+01,2.118576e+01,2.085168e+01,2.063532e+01,2.074007e+01,2.067723e+01,2.074007e+01,2.077496e+01,2.071913e+01,2.059340e+01,2.073309e+01,2.078193e+01,2.076100e+01,2.064231e+01,2.061436e+01,2.060737e+01,2.060737e+01,2.069818e+01,2.057243e+01,2.066327e+01,2.060737e+01,2.069120e+01,2.120660e+01,2.164334e+01,2.165025e+01,2.158106e+01,2.160182e+01,2.156721e+01,2.156029e+01,2.160182e+01,2.153260e+01,2.160874e+01,2.161566e+01,2.160874e+01,2.165025e+01,2.171940e+01,2.162258e+01,2.166409e+01,2.161566e+01,2.162258e+01,2.171940e+01,2.155337e+01,2.170557e+01,2.164334e+01,2.153260e+01,2.156029e+01,2.153952e+01,2.159490e+01,2.168483e+01,2.168483e+01,2.167100e+01,2.176777e+01,2.167792e+01,2.167792e+01,2.164334e+01,2.169866e+01,2.147718e+01,2.171940e+01,2.171248e+01,2.168483e+01,2.171940e+01,2.158798e+01,2.157414e+01,2.151182e+01,2.171248e+01,2.158798e+01,2.171248e+01,2.149104e+01,2.149104e+01,2.144253e+01,2.147025e+01,2.138707e+01,2.144946e+01,2.136626e+01,2.126911e+01,2.119966e+01,2.100493e+01,2.082378e+01,2.078891e+01,2.080286e+01,2.088653e+01,2.080984e+01,2.078891e+01,2.081681e+01,2.080286e+01,2.082378e+01,2.082378e+01,2.072611e+01,2.080286e+01,2.102581e+01,2.103277e+01,2.126911e+01,2.125522e+01,2.139400e+01,2.147718e+01,2.150489e+01,2.147025e+01,2.160182e+01,2.159490e+01,2.168483e+01,2.151182e+01,2.155337e+01,2.153952e+01,2.167100e+01,2.173322e+01,2.162950e+01,2.163642e+01,2.170557e+01,2.162950e+01,2.170557e+01,2.177468e+01,2.162258e+01,2.174704e+01,2.167100e+01,2.165717e+01,2.171248e+01,2.175395e+01,2.164334e+01,2.177468e+01,2.171248e+01,2.170557e+01,2.168483e+01,2.158798e+01,2.168483e+01,2.172631e+01,2.167792e+01,2.176086e+01,2.173322e+01,2.172631e+01,2.162258e+01,2.167792e+01,2.161566e+01,2.157414e+01,2.151182e+01,2.170557e+01,2.149796e+01,2.149796e+01,2.158106e+01,2.137320e+01,2.144946e+01,2.140094e+01,2.149796e+01,2.143560e+01,2.137320e+01,2.136626e+01,2.143560e+01,2.143560e+01,2.148411e+01,2.134545e+01,2.139400e+01,2.137320e+01,2.142867e+01,2.134545e+01,2.140787e+01,2.133158e+01,2.135933e+01,2.132464e+01,2.091440e+01,2.071913e+01,2.071913e+01,2.066327e+01,2.062834e+01,2.067025e+01,2.062834e+01,2.067723e+01,2.074007e+01,2.074705e+01,2.053747e+01,2.061436e+01,2.063532e+01,2.066327e+01,2.057942e+01,2.076798e+01,2.075403e+01,2.062834e+01,2.044651e+01,2.058641e+01,2.049550e+01,2.050949e+01,2.046751e+01,2.058641e+01,2.058641e+01,2.060737e+01,2.073309e+01,2.068422e+01,2.097709e+01,2.115796e+01,2.115101e+01,2.137320e+01,2.131770e+01,2.137320e+01,2.146332e+01,2.140787e+01,2.153260e+01,2.182993e+01,2.209886e+01,2.242202e+01,2.245634e+01,2.267571e+01,2.295609e+01,2.349419e+01,2.390778e+01,2.407006e+01,2.446791e+01,2.487095e+01,2.495807e+01,2.485754e+01,2.480388e+01,2.507189e+01,2.507189e+01,2.473677e+01,2.450828e+01,2.438711e+01,2.431299e+01,2.394161e+01,2.380623e+01,2.358247e+01,2.325614e+01,2.326295e+01,2.296975e+01,2.276469e+01,2.268940e+01,2.274416e+01,2.245634e+01,2.229151e+01,2.225026e+01,2.216771e+01,2.216771e+01,2.220899e+01,2.207820e+01,2.200930e+01,2.189896e+01,2.199551e+01,2.196793e+01,2.200241e+01,2.193345e+01,2.196104e+01,2.191276e+01,2.177468e+01,2.186445e+01,2.181612e+01,2.176777e+01,2.180922e+01,2.176777e+01,2.177468e+01,2.180922e+01,2.180231e+01,2.164334e+01,2.162258e+01,2.167792e+01,2.151875e+01,2.149104e+01,2.163642e+01,2.155337e+01,2.158106e+01,2.138013e+01,2.153260e+01,2.142174e+01,2.130382e+01,2.138707e+01,2.136626e+01,2.138707e+01,2.128993e+01,2.126911e+01,2.113015e+01,2.122744e+01,2.108843e+01,2.124828e+01,2.132464e+01,2.128299e+01,2.128993e+01,2.126217e+01,2.119271e+01,2.120660e+01,2.117186e+01,2.117881e+01,2.128993e+01,2.108843e+01,2.113015e+01,2.111625e+01,2.116491e+01,2.122050e+01,2.119966e+01,2.125522e+01,2.132464e+01,2.120660e+01,2.121355e+01,2.111625e+01,2.122744e+01,2.117186e+01,2.135239e+01,2.133851e+01,2.131770e+01,2.123439e+01,2.135239e+01,2.138707e+01,2.135933e+01,2.135239e+01,2.135239e+01,2.140094e+01,2.144253e+01,2.165717e+01,2.145639e+01,2.149796e+01,2.141480e+01,2.144946e+01,2.153952e+01,2.147718e+01,2.147025e+01,2.156721e+01,2.160182e+01,2.159490e+01,2.152567e+01,2.156029e+01,2.165717e+01,2.168483e+01,2.165025e+01,2.165025e+01,2.167100e+01,2.165025e+01,2.167100e+01,2.169866e+01,2.165717e+01,2.170557e+01,2.167792e+01,2.167792e+01,2.186445e+01,2.180231e+01,2.176086e+01,2.176777e+01,2.176777e+01,2.174013e+01,2.174704e+01,2.185065e+01,2.184374e+01,2.173322e+01,2.178850e+01,2.179540e+01,2.154645e+01,2.172631e+01,2.180922e+01,2.178850e+01,2.186445e+01,2.186445e+01,2.164334e+01,2.180231e+01,2.181612e+01,2.174013e+01,2.175395e+01,2.165717e+01,2.191276e+01,2.171940e+01,2.168483e+01,2.173322e+01,2.167792e+01,2.171940e+01,2.187135e+01,2.171940e+01,2.174013e+01,2.180922e+01,2.165025e+01,2.166409e+01,2.155337e+01,2.164334e+01,2.169866e+01,2.158798e+01,2.166409e+01,2.168483e+01,2.170557e+01,2.180231e+01,2.169175e+01,2.175395e+01,2.186445e+01,2.171248e+01,2.169866e+01,2.158798e+01,2.173322e+01,2.177468e+01,2.162950e+01,2.176777e+01,2.177468e+01,2.170557e+01,2.177468e+01,2.163642e+01,2.151182e+01,2.158106e+01,2.158106e+01,2.176777e+01,2.170557e+01,2.170557e+01,2.175395e+01,2.161566e+01,2.164334e+01,2.169866e+01,2.159490e+01,2.159490e+01,2.165025e+01,2.174704e+01,2.156721e+01,2.165717e+01,2.167100e+01,2.166409e+01,2.160874e+01,2.158798e+01,2.162258e+01,2.164334e+01,2.145639e+01,2.152567e+01,2.153952e+01,2.174704e+01,2.144946e+01,2.150489e+01,2.151182e+01,2.147718e+01,2.162258e+01,2.150489e+01,2.150489e+01,2.162950e+01,2.156029e+01,2.159490e+01,2.158106e+01,2.144253e+01,2.160182e+01,2.142174e+01
2.191276e+01,2.198862e+01,2.186445e+01,2.185755e+01,2.199551e+01,2.197483e+01,2.191965e+01,2.202308e+01,2.190586e+01,2.191965e+01,2.196793e+01,2.195414e+01,2.196104e+01,2.191965e+01,2.194035e+01,2.192655e+01,2.194725e+01,2.209198e+01,2.201619e+01,2.196793e+01,2.197483e+01,2.196104e+01,2.196793e+01,2.191276e+01,2.196104e+01,2.191276e+01,2.196104e+01,2.196793e+01,2.190586e+01,2.197483e+01,2.196793e+01,2.175395e+01,2.182303e+01,2.186445e+01,2.183684e+01,2.180922e+01,2.184374e+01,2.187825e+01,2.179540e+01,2.180922e+01,2.185065e+01,2.182993e+01,2.184374e+01,2.192655e+01,2.187135e+01,2.182303e+01,2.180231e+01,2.181612e+01,2.182303e+01,2.187135e+01,2.164334e+01,2.187825e+01,2.180231e+01,2.189206e+01,2.176086e+01,2.180231e+01,2.185065e+01,2.176086e+01,2.176086e+01,2.185755e+01,2.182993e+01,2.189896e+01,2.186445e+01,2.189896e+01,2.200930e+01,2.185755e+01,2.195414e+01,2.173322e+01,2.180922e+01,2.185755e+01,2.185065e+01,2.190586e+01,2.187825e+01,2.188516e+01,2.185065e+01,2.186445e+01,2.191965e+01,2.182303e+01,2.184374e+01,2.189206e+01,2.186445e+01,2.183684e+01,2.191965e+01,2.185755e+01,2.205065e+01,2.189896e+01,2.187135e+01,2.169175e+01,2.203687e+01,2.184374e+01,2.196104e+01,2.187825e+01,2.194035e+01,2.190586e+01,2.192655e+01,2.191276e+01,2.182993e+01,2.178159e+01,2.188516e+01,2.182993e+01,2.179540e+01,2.179540e+01,2.178850e+01,2.180922e+01,2.178159e+01,2.185755e+01,2.182303e+01,2.186445e+01,2.180922e+01,2.193345e+01,2.170557e+01,2.182303e+01,2.180922e+01,2.191965e+01,2.187825e+01,2.188516e+01,2.197483e+01,2.211263e+01,2.201619e+01,2.215394e+01,2.229838e+01,2.254551e+01,2.256608e+01,2.271679e+01,2.270994e+01,2.303118e+01,2.314031e+01,2.337183e+01,2.357569e+01,2.360283e+01,2.379946e+01,2.406330e+01,2.422533e+01,2.454864e+01,2.472335e+01,2.479047e+01,2.473006e+01,2.481059e+01,2.503173e+01,2.513879e+01,2.529248e+01,2.548595e+01,2.541928e+01,2.571233e+01,2.550595e+01,2.585191e+01,2.586519e+01,2.609738e+01,2.609076e+01,2.630261e+01,2.634890e+01,2.658663e+01,2.671189e+01,2.676458e+01,2.699481e+01,2.703423e+01,2.710646e+01,2.707364e+01,2.700138e+01,2.683041e+01,2.660642e+01,2.615038e+01,2.427929e+01,2.142174e+01,2.137320e+01,2.119966e+01,2.092833e+01,2.096316e+01,2.087259e+01,2.084470e+01,2.091440e+01,2.092833e+01,2.080286e+01,2.090743e+01,2.090047e+01,2.071215e+01,2.085865e+01,2.087956e+01,2.086562e+01,2.092137e+01,2.074007e+01,2.070517e+01,2.069120e+01,2.071215e+01,2.074705e+01,2.087259e+01,2.083773e+01,2.078193e+01,2.074705e+01,2.087956e+01,2.099101e+01,2.085865e+01,2.086562e+01,2.089350e+01,2.087259e+01,2.079589e+01,2.078891e+01,2.076798e+01,2.080984e+01,2.076798e+01,2.060737e+01,2.089350e+01,2.076798e+01,2.080286e+01,2.065628e+01,2.062834e+01,2.062135e+01,2.065628e+01,2.053047e+01,2.052348e+01,2.055844e+01,2.060039e+01,2.060737e+01,2.060039e+01,2.062834e+01,2.071913e+01,2.098405e+01,2.128993e+01,2.129688e+01,2.078891e+01,2.067025e+01,2.057942e+01,2.062135e+01,2.072611e+01,2.078193e+01,2.062135e+01,2.069120e+01,2.055844e+01,2.054446e+01,2.053047e+01,2.061436e+01,2.056544e+01,2.056544e+01,2.060737e+01,2.053047e+01,2.051648e+01,2.069120e+01,2.064231e+01,2.115796e+01,2.167792e+01,2.153952e+01,2.176777e+01,2.149796e+01,2.158798e+01,2.151875e+01,2.161566e+01,2.158798e+01,2.159490e+01,2.161566e+01,2.163642e+01,2.164334e+01,2.162950e+01,2.171248e+01,2.165717e+01,2.166409e+01,2.162258e+01,2.165717e+01,2.168483e+01,2.162950e+01,2.164334e+01,2.151182e+01,2.159490e+01,2.151875e+01,2.165025e+01,2.158798e+01,2.166409e+01,2.159490e+01,2.166409e+01,2.169175e+01,2.168483e+01,2.165717e+01,2.146332e+01,2.169866e+01,2.173322e+01,2.170557e+01,2.162950e+01,2.174013e+01,2.169175e+01,2.166409e+01,2.154645e+01,2.168483e+01,2.147025e+01,2.159490e+01,2.147025e+01,2.159490e+01,2.149796e+01,2.151182e+01,2.144253e+01,2.137320e+01,2.137320e+01,2.132464e+01,2.134545e+01,2.118576e+01,2.096316e+01,2.086562e+01,2.077496e+01,2.076100e+01,2.081681e+01,2.074007e+01,2.069120e+01,2.076798e+01,2.080286e+01,2.083076e+01,2.082378e+01,2.086562e+01,2.088653e+01,2.107452e+01,2.124133e+01,2.137320e+01,2.136626e+01,2.136626e+01,2.162258e+01,2.164334e+01,2.149796e+01,2.148411e+01,2.152567e+01,2.145639e+01,2.171940e+01,2.151182e+01,2.165717e+01,2.152567e+01,2.166409e+01,2.156721e+01,2.156029e+01,2.169866e+01,2.156029e+01,2.160874e+01,2.170557e+01,2.176086e+01,2.173322e+01,2.161566e+01,2.165025e+01,2.181612e+01,2.174704e+01,2.162950e+01,2.169175e+01,2.164334e+01,2.158798e+01,2.173322e+01,2.169175e+01,2.156029e+01,2.173322e+01,2.171248e+01,2.171248e+01,2.172631e+01,2.164334e+01,2.166409e+01,2.158106e+01,2.162258e+01,2.160874e+01,2.141480e+01,2.149796e+01,2.160182e+01,2.152567e+01,2.139400e+01,2.136626e+01,2.140094e+01,2.138707e+01,2.138707e+01,2.135239e+01,2.143560e+01,2.140094e+01,2.134545e+01,2.137320e+01,2.148411e+01,2.156721e+01,2.156721e+01,2.131770e+01,2.121355e+01,2.138013e+01,2.128993e+01,2.136626e+01,2.126217e+01,2.112320e+01,2.118576e+01,2.071215e+01,2.071913e+01,2.067025e+01,2.064231e+01,2.064930e+01,2.041851e+01,2.058641e+01,2.060737e+01,2.058641e+01,2.057942e+01,2.055844e+01,2.046751e+01,2.066327e+01,2.060039e+01,2.052348e+01,2.059340e+01,2.036248e+01,2.046751e+01,2.058641e+01,2.038350e+01,2.048850e+01,2.043951e+01,2.055145e+01,2.059340e+01,2.093530e+01,2.100493e+01,2.119271e+01,2.115796e+01,2.132464e+01,2.138013e+01,2.136626e+01,2.144253e+01,2.144946e+01,2.150489e+01,2.160182e+01,2.175395e+01,2.191965e+01,2.211263e+01,2.243575e+01,2.263461e+01,2.289461e+01,2.342623e+01,2.354853e+01,2.417810e+01,2.423208e+01,2.424557e+01,2.466962e+01,2.470321e+01,2.489106e+01,2.487766e+01,2.466291e+01,2.469649e+01,2.466291e+01,2.431299e+01,2.400924e+01,2.388748e+01,2.376559e+01,2.349419e+01,2.341264e+01,2.307212e+01,2.296975e+01,2.272363e+01,2.273047e+01,2.239456e+01,2.232587e+01,2.246320e+01,2.213329e+01,2.211263e+01,2.208509e+01,2.195414e+01,2.193345e+01,2.192655e+01,2.209886e+01,2.199551e+01,2.201619e+01,2.188516e+01,2.196104e+01,2.183684e+01,2.191276e+01,2.194035e+01,2.173322e+01,2.187825e+01,2.173322e+01,2.161566e+01,2.180231e+01,2.156029e+01,2.155337e+01,2.156721e+01,2.158106e+01,2.159490e+01,2.158106e+01,2.161566e+01,2.167100e+01,2.156029e+01,2.164334e+01,2.154645e+01,2.136626e+01,2.136626e+01,2.143560e+01,2.132464e+01,2.137320e+01,2.136626e+01,2.131076e+01,2.128993e+01,2.117186e+01,2.124828e+01,2.134545e+01,2.110234e+01,2.122050e+01,2.122744e+01,2.132464e+01,2.122744e+01,2.125522e+01,2.122744e+01,2.122744e+01,2.121355e+01,2.119966e+01,2.123439e+01,2.128993e+01,2.119966e+01,2.113015e+01,2.123439e+01,2.127605e+01,2.126911e+01,2.126911e+01,2.124828e+01,2.117186e+01,2.121355e+01,2.122050e+01,2.126911e+01,2.133158e+01,2.136626e+01,2.137320e+01,2.126217e+01,2.129688e+01,2.134545e+01,2.133851e+01,2.135933e+01,2.138013e+01,2.134545e+01,2.133851e+01,2.142174e+01,2.156029e+01,2.141480e+01,2.147025e+01,2.137320e+01,2.153260e+01,2.164334e+01,2.141480e+01,2.159490e+01,2.156721e+01,2.156029e+01,2.156029e+01,2.155337e+01,2.158798e+01,2.157414e+01,2.150489e+01,2.151875e+01,2.164334e+01,2.160874e+01,2.165025e+01,2.162258e+01,2.171940e+01,2.171940e+01,2.166409e+01,2.166409e+01,2.171940e+01,2.189206e+01,2.173322e+01,2.169175e+01,2.185065e+01,2.177468e+01,2.185065e+01,2.181612e+01,2.172631e+01,2.187135e+01,2.178159e+01,2.169175e+01,2.171940e+01,2.180231e+01,2.167792e+01,2.156721e+01,2.155337e+01,2.178850e+01,2.156029e+01,2.169866e+01,2.180922e+01,2.168483e+01,2.184374e+01,2.162950e+01,2.166409e+01,2.162950e+01,2.169175e+01,2.171940e+01,2.165025e+01,2.165717e+01,2.167100e+01,2.169866e+01,2.164334e+01,2.167792e+01,2.176777e+01,2.158106e+01,2.158798e+01,2.165717e+01,2.162950e+01,2.167792e+01,2.156029e+01,2.168483e+01,2.156721e+01,2.154645e+01,2.169175e+01,2.169866e+01,2.170557e+01,2.163642e+01,2.158798e+01,2.165025e+01,2.175395e+01,2.167100e+01,2.165717e+01,2.165025e+01,2.165717e+01,2.175395e+01,2.155337e+01,2.180922e+01,2.168483e+01,2.173322e+01,2.162950e+01,2.159490e+01,2.168483e+01,2.160182e+01,2.165025e+01,2.158798e+01,2.164334e+01,2.161566e+01,2.169175e+01,2.163642e+01,2.160874e+01,2.149796e+01,2.154645e+01,2.166409e+01,2.174704e+01,2.162258e+01,2.163642e+01,2.151875e+01,2.160874e+01,2.165025e+01,2.159490e+01,2.154645e+01,2.143560e+01,2.153260e+01,2.152567e+01,2.167100e+01,2.177468e+01,2.149796e+01,2.147025e+01,2.149104e+01,2.151182e+01,2.142174e+01,2.147718e+01,2.153952e+01,2.144946e+01,2.162950e+01,2.142174e+01,2.142867e+01,2.141480e+01
2.198172e+01,2.186445e+01,2.185065e+01,2.187825e+01,2.206442e+01,2.186445e+01,2.194725e+01,2.188516e+01,2.200241e+01,2.190586e+01,2.198862e+01,2.193345e+01,2.192655e+01,2.205065e+01,2.199551e+01,2.194035e+01,2.195414e+01,2.198172e+01,2.194725e+01,2.194035e+01,2.199551e+01,2.200930e+01,2.198172e+01,2.198862e+01,2.196104e+01,2.191965e+01,2.190586e+01,2.194725e+01,2.184374e+01,2.188516e+01,2.187825e+01,2.189896e+01,2.199551e+01,2.182993e+01,2.180922e+01,2.181612e+01,2.180231e+01,2.182303e+01,2.187135e+01,2.191276e+01,2.179540e+01,2.185755e+01,2.191276e+01,2.189896e+01,2.186445e+01,2.190586e+01,2.187825e+01,2.176086e+01,2.201619e+01,2.179540e+01,2.184374e+01,2.186445e+01,2.182993e+01,2.187825e+01,2.188516e+01,2.173322e+01,2.176086e+01,2.176777e+01,2.185755e+01,2.174013e+01,2.180922e+01,2.185065e+01,2.200241e+01,2.182303e+01,2.187135e+01,2.187825e+01,2.189896e+01,2.189206e+01,2.187135e+01,2.179540e+01,2.185755e+01,2.183684e+01,2.203687e+01,2.188516e+01,2.176086e+01,2.182303e+01,2.181612e+01,2.191965e+01,2.185065e+01,2.190586e+01,2.194035e+01,2.194725e+01,2.196104e+01,2.182303e+01,2.185065e+01,2.187825e+01,2.185755e+01,2.190586e+01,2.186445e+01,2.186445e+01,2.196793e+01,2.177468e+01,2.187135e+01,2.188516e+01,2.189206e+01,2.187135e+01,2.175395e+01,2.176086e+01,2.190586e+01,2.179540e+01,2.179540e+01,2.180231e+01,2.180231e+01,2.182303e+01,2.181612e+01,2.179540e+01,2.181612e+01,2.181612e+01,2.185065e+01,2.179540e+01,2.180231e+01,2.179540e+01,2.179540e+01,2.186445e+01,2.179540e+01,2.191965e+01,2.199551e+01,2.202308e+01,2.202308e+01,2.225026e+01,2.229838e+01,2.232587e+01,2.256608e+01,2.269625e+01,2.270309e+01,2.301753e+01,2.319484e+01,2.343983e+01,2.362319e+01,2.365033e+01,2.386041e+01,2.409032e+01,2.428603e+01,2.444771e+01,2.470321e+01,2.474349e+01,2.480388e+01,2.492457e+01,2.502504e+01,2.516553e+01,2.537925e+01,2.543262e+01,2.550595e+01,2.553260e+01,2.567241e+01,2.586519e+01,2.603109e+01,2.593158e+01,2.615038e+01,2.622322e+01,2.634229e+01,2.656024e+01,2.663280e+01,2.675800e+01,2.674482e+01,2.690278e+01,2.699481e+01,2.697510e+01,2.688305e+01,2.692251e+01,2.659982e+01,2.577882e+01,2.408357e+01,2.160182e+01,2.115101e+01,2.104669e+01,2.094226e+01,2.087956e+01,2.086562e+01,2.088653e+01,2.086562e+01,2.085865e+01,2.087259e+01,2.079589e+01,2.081681e+01,2.085865e+01,2.086562e+01,2.070517e+01,2.096316e+01,2.053047e+01,2.082378e+01,2.076100e+01,2.070517e+01,2.074007e+01,2.074007e+01,2.092137e+01,2.076100e+01,2.080286e+01,2.082378e+01,2.087956e+01,2.087259e+01,2.097012e+01,2.087956e+01,2.080286e+01,2.088653e+01,2.067025e+01,2.082378e+01,2.078193e+01,2.083773e+01,2.082378e+01,2.079589e+01,2.071913e+01,2.073309e+01,2.067025e+01,2.061436e+01,2.062834e+01,2.064930e+01,2.051648e+01,2.052348e+01,2.052348e+01,2.060039e+01,2.059340e+01,2.057243e+01,2.067025e+01,2.056544e+01,2.092137e+01,2.132464e+01,2.132464e+01,2.131770e+01,2.097709e+01,2.074705e+01,2.068422e+01,2.065628e+01,2.075403e+01,2.056544e+01,2.057243e+01,2.072611e+01,2.079589e+01,2.056544e+01,2.078193e+01,2.063532e+01,2.055145e+01,2.060039e+01,2.052348e+01,2.052348e+01,2.061436e+01,2.064930e+01,2.067025e+01,2.097012e+01,2.149796e+01,2.150489e+01,2.154645e+01,2.158798e+01,2.156721e+01,2.158798e+01,2.151875e+01,2.161566e+01,2.159490e+01,2.150489e+01,2.160182e+01,2.172631e+01,2.162258e+01,2.171940e+01,2.170557e+01,2.169866e+01,2.164334e+01,2.171940e+01,2.169175e+01,2.167100e+01,2.165717e+01,2.156721e+01,2.167100e+01,2.166409e+01,2.166409e+01,2.166409e+01,2.167792e+01,2.168483e+01,2.169175e+01,2.164334e+01,2.168483e+01,2.161566e+01,2.165717e+01,2.165025e+01,2.159490e+01,2.174013e+01,2.163642e+01,2.167100e+01,2.156029e+01,2.162258e+01,2.148411e+01,2.167792e+01,2.164334e+01,2.149104e+01,2.159490e+01,2.158798e+01,2.160182e+01,2.156029e+01,2.140787e+01,2.144946e+01,2.147718e+01,2.135239e+01,2.119966e+01,2.130382e+01,2.098405e+01,2.087956e+01,2.076798e+01,2.093530e+01,2.074705e+01,2.076798e+01,2.080984e+01,2.076100e+01,2.072611e+01,2.081681e+01,2.100493e+01,2.090743e+01,2.106061e+01,2.126911e+01,2.128299e+01,2.139400e+01,2.140787e+01,2.142867e+01,2.150489e+01,2.158106e+01,2.149104e+01,2.153260e+01,2.161566e+01,2.160874e+01,2.158798e+01,2.169175e+01,2.151875e+01,2.158798e+01,2.167100e+01,2.176086e+01,2.165025e+01,2.162258e+01,2.171248e+01,2.165025e+01,2.162258e+01,2.162258e+01,2.161566e+01,2.181612e+01,2.173322e+01,2.165717e+01,2.167100e+01,2.173322e+01,2.175395e+01,2.160874e+01,2.174704e+01,2.170557e+01,2.157414e+01,2.162950e+01,2.153260e+01,2.168483e+01,2.160874e+01,2.144253e+01,2.169175e+01,2.159490e+01,2.159490e+01,2.157414e+01,2.149796e+01,2.148411e+01,2.158106e+01,2.150489e+01,2.147025e+01,2.133158e+01,2.142174e+01,2.138707e+01,2.146332e+01,2.136626e+01,2.137320e+01,2.135933e+01,2.131770e+01,2.149796e+01,2.138013e+01,2.136626e+01,2.140787e+01,2.133851e+01,2.130382e+01,2.140094e+01,2.138013e+01,2.133158e+01,2.131076e+01,2.128993e+01,2.124828e+01,2.117881e+01,2.089350e+01,2.078891e+01,2.067723e+01,2.067723e+01,2.058641e+01,2.062135e+01,2.057243e+01,2.055844e+01,2.056544e+01,2.048150e+01,2.040450e+01,2.056544e+01,2.062834e+01,2.055145e+01,2.058641e+01,2.058641e+01,2.055145e+01,2.052348e+01,2.055145e+01,2.041851e+01,2.050249e+01,2.048850e+01,2.047451e+01,2.064231e+01,2.103277e+01,2.098405e+01,2.116491e+01,2.135239e+01,2.134545e+01,2.132464e+01,2.144946e+01,2.149104e+01,2.144253e+01,2.153260e+01,2.149104e+01,2.164334e+01,2.186445e+01,2.211263e+01,2.244948e+01,2.251122e+01,2.284676e+01,2.314031e+01,2.353495e+01,2.417810e+01,2.385364e+01,2.436690e+01,2.448137e+01,2.464275e+01,2.463603e+01,2.478376e+01,2.477705e+01,2.456209e+01,2.442752e+01,2.428603e+01,2.402275e+01,2.367746e+01,2.365711e+01,2.343983e+01,2.345342e+01,2.296292e+01,2.297657e+01,2.275101e+01,2.251122e+01,2.246320e+01,2.244261e+01,2.228463e+01,2.219523e+01,2.227776e+01,2.211952e+01,2.198862e+01,2.199551e+01,2.194035e+01,2.192655e+01,2.187825e+01,2.194725e+01,2.189896e+01,2.195414e+01,2.198862e+01,2.189896e+01,2.184374e+01,2.174704e+01,2.173322e+01,2.172631e+01,2.181612e+01,2.176086e+01,2.185065e+01,2.187825e+01,2.169175e+01,2.166409e+01,2.162950e+01,2.158106e+01,2.164334e+01,2.159490e+01,2.149104e+01,2.152567e+01,2.140094e+01,2.142174e+01,2.140094e+01,2.144253e+01,2.145639e+01,2.142174e+01,2.137320e+01,2.127605e+01,2.131076e+01,2.128993e+01,2.117881e+01,2.130382e+01,2.124133e+01,2.125522e+01,2.128299e+01,2.124828e+01,2.124828e+01,2.124133e+01,2.126217e+01,2.124828e+01,2.127605e+01,2.121355e+01,2.121355e+01,2.120660e+01,2.107452e+01,2.125522e+01,2.123439e+01,2.108148e+01,2.124133e+01,2.128299e+01,2.124133e+01,2.122744e+01,2.124828e+01,2.135239e+01,2.135933e+01,2.124828e+01,2.135933e+01,2.137320e+01,2.121355e+01,2.135239e+01,2.133851e+01,2.140787e+01,2.143560e+01,2.140787e+01,2.140094e+01,2.142174e+01,2.131770e+01,2.138707e+01,2.130382e+01,2.147718e+01,2.151182e+01,2.152567e+01,2.159490e+01,2.152567e+01,2.148411e+01,2.154645e+01,2.151875e+01,2.169175e+01,2.158106e+01,2.146332e+01,2.159490e+01,2.160182e+01,2.158106e+01,2.165717e+01,2.164334e+01,2.171248e+01,2.164334e+01,2.162258e+01,2.169175e+01,2.169866e+01,2.170557e+01,2.168483e+01,2.156721e+01,2.173322e+01,2.169175e+01,2.180231e+01,2.177468e+01,2.185755e+01,2.175395e+01,2.167100e+01,2.191276e+01,2.176086e+01,2.176777e+01,2.162258e+01,2.167100e+01,2.163642e+01,2.171248e+01,2.158798e+01,2.178159e+01,2.173322e+01,2.181612e+01,2.156721e+01,2.183684e+01,2.180231e+01,2.165025e+01,2.176086e+01,2.171248e+01,2.167100e+01,2.173322e+01,2.171248e+01,2.162950e+01,2.165717e+01,2.178850e+01,2.171248e+01,2.166409e+01,2.158798e+01,2.163642e+01,2.158798e+01,2.160182e+01,2.155337e+01,2.158106e+01,2.190586e+01,2.156029e+01,2.164334e+01,2.167100e+01,2.164334e+01,2.170557e+01,2.174704e+01,2.175395e+01,2.161566e+01,2.165717e+01,2.157414e+01,2.165717e+01,2.170557e+01,2.169866e+01,2.160874e+01,2.178159e+01,2.178159e+01,2.173322e+01,2.159490e+01,2.165025e+01,2.165717e+01,2.160874e+01,2.161566e+01,2.158798e+01,2.158798e+01,2.146332e+01,2.158106e+01,2.170557e+01,2.161566e+01,2.155337e+01,2.170557e+01,2.153952e+01,2.154645e+01,2.168483e+01,2.170557e+01,2.162950e+01,2.158106e+01,2.156029e+01,2.151875e+01,2.143560e+01,2.154645e+01,2.150489e+01,2.138013e+01,2.148411e+01,2.135239e+01,2.162950e+01,2.169175e+01,2.168483e+01,2.158106e+01,2.144253e+01,2.148411e+01,2.142867e+01,2.161566e+01,2.150489e+01,2.147718e+01,2.147718e+01,2.176086e+01,2.151182e+01,2.176086e+01
2.195414e+01,2.189896e+01,2.183684e+01,2.200241e+01,2.200930e+01,2.205065e+01,2.204376e+01,2.195414e+01,2.189896e+01,2.192655e+01,2.205754e+01,2.199551e+01,2.204376e+01,2.192655e+01,2.192655e+01,2.206442e+01,2.193345e+01,2.207131e+01,2.197483e+01,2.199551e+01,2.205754e+01,2.205754e+01,2.207820e+01,2.196793e+01,2.197483e+01,2.197483e+01,2.190586e+01,2.191276e+01,2.193345e+01,2.191965e+01,2.186445e+01,2.190586e+01,2.189896e+01,2.178850e+01,2.175395e+01,2.189206e+01,2.189206e+01,2.182303e+01,2.185065e+01,2.178850e+01,2.182303e+01,2.174704e+01,2.180231e+01,2.185065e+01,2.185755e+01,2.185755e+01,2.182303e+01,2.179540e+01,2.178159e+01,2.191276e+01,2.185065e+01,2.180231e+01,2.187135e+01,2.191276e+01,2.184374e+01,2.178159e+01,2.174704e+01,2.174013e+01,2.178159e+01,2.190586e+01,2.181612e+01,2.192655e+01,2.199551e+01,2.189206e+01,2.182993e+01,2.185065e+01,2.190586e+01,2.187135e+01,2.193345e+01,2.187825e+01,2.188516e+01,2.185755e+01,2.190586e+01,2.189896e+01,2.187135e+01,2.192655e+01,2.187135e+01,2.189206e+01,2.184374e+01,2.180231e+01,2.191965e+01,2.196104e+01,2.185755e+01,2.190586e+01,2.185065e+01,2.189896e+01,2.189206e+01,2.189206e+01,2.185755e+01,2.190586e+01,2.179540e+01,2.197483e+01,2.188516e+01,2.195414e+01,2.189206e+01,2.184374e+01,2.182303e+01,2.174013e+01,2.189206e+01,2.182303e+01,2.183684e+01,2.183684e+01,2.181612e+01,2.175395e+01,2.179540e+01,2.180231e+01,2.180922e+01,2.181612e+01,2.183684e+01,2.175395e+01,2.180231e+01,2.173322e+01,2.190586e+01,2.180231e+01,2.189896e+01,2.192655e+01,2.194725e+01,2.206442e+01,2.218835e+01,2.220899e+01,2.233274e+01,2.240829e+01,2.254551e+01,2.270994e+01,2.290827e+01,2.289461e+01,2.316076e+01,2.343983e+01,2.349419e+01,2.375881e+01,2.369781e+01,2.402951e+01,2.419160e+01,2.446791e+01,2.449483e+01,2.481730e+01,2.470992e+01,2.500495e+01,2.495807e+01,2.513879e+01,2.513210e+01,2.544595e+01,2.547262e+01,2.547929e+01,2.583198e+01,2.584526e+01,2.597140e+01,2.605099e+01,2.626292e+01,2.630261e+01,2.638195e+01,2.655364e+01,2.644802e+01,2.670530e+01,2.692908e+01,2.700796e+01,2.683699e+01,2.695538e+01,2.686989e+01,2.677117e+01,2.642820e+01,2.606424e+01,2.413760e+01,2.146332e+01,2.107452e+01,2.098405e+01,2.090743e+01,2.096316e+01,2.085865e+01,2.085865e+01,2.082378e+01,2.087956e+01,2.087259e+01,2.086562e+01,2.089350e+01,2.079589e+01,2.073309e+01,2.070517e+01,2.075403e+01,2.071215e+01,2.078891e+01,2.088653e+01,2.069818e+01,2.080286e+01,2.088653e+01,2.077496e+01,2.080286e+01,2.091440e+01,2.086562e+01,2.071913e+01,2.087956e+01,2.085168e+01,2.086562e+01,2.086562e+01,2.084470e+01,2.089350e+01,2.092137e+01,2.081681e+01,2.078891e+01,2.078193e+01,2.067723e+01,2.070517e+01,2.079589e+01,2.069818e+01,2.061436e+01,2.061436e+01,2.060039e+01,2.051648e+01,2.050949e+01,2.066327e+01,2.055145e+01,2.070517e+01,2.062834e+01,2.049550e+01,2.071913e+01,2.098405e+01,2.137320e+01,2.147718e+01,2.131770e+01,2.096316e+01,2.085865e+01,2.052348e+01,2.061436e+01,2.058641e+01,2.060737e+01,2.065628e+01,2.063532e+01,2.063532e+01,2.063532e+01,2.060039e+01,2.053747e+01,2.069818e+01,2.064930e+01,2.059340e+01,2.057942e+01,2.053047e+01,2.062135e+01,2.063532e+01,2.110929e+01,2.178850e+01,2.161566e+01,2.175395e+01,2.152567e+01,2.162950e+01,2.160874e+01,2.162258e+01,2.158106e+01,2.160874e+01,2.169175e+01,2.162258e+01,2.173322e+01,2.169175e+01,2.156721e+01,2.165717e+01,2.165025e+01,2.163642e+01,2.169866e+01,2.175395e+01,2.176086e+01,2.173322e+01,2.163642e+01,2.167792e+01,2.167792e+01,2.169175e+01,2.167100e+01,2.168483e+01,2.169866e+01,2.160874e+01,2.162258e+01,2.171940e+01,2.167100e+01,2.154645e+01,2.160182e+01,2.163642e+01,2.164334e+01,2.167792e+01,2.167792e+01,2.167792e+01,2.169175e+01,2.153260e+01,2.166409e+01,2.170557e+01,2.147718e+01,2.151182e+01,2.149796e+01,2.156721e+01,2.165717e+01,2.142174e+01,2.149104e+01,2.144946e+01,2.139400e+01,2.138013e+01,2.140094e+01,2.105365e+01,2.090743e+01,2.089350e+01,2.081681e+01,2.080286e+01,2.076798e+01,2.078193e+01,2.080984e+01,2.083773e+01,2.086562e+01,2.069818e+01,2.098405e+01,2.110929e+01,2.136626e+01,2.142174e+01,2.139400e+01,2.143560e+01,2.146332e+01,2.148411e+01,2.152567e+01,2.160874e+01,2.156721e+01,2.166409e+01,2.156029e+01,2.170557e+01,2.167792e+01,2.159490e+01,2.157414e+01,2.162258e+01,2.165025e+01,2.168483e+01,2.158798e+01,2.171940e+01,2.171940e+01,2.158798e+01,2.170557e+01,2.164334e+01,2.163642e+01,2.166409e+01,2.180922e+01,2.174704e+01,2.162950e+01,2.171940e+01,2.164334e+01,2.176777e+01,2.174013e+01,2.167792e+01,2.176086e+01,2.165025e+01,2.152567e+01,2.162258e+01,2.162258e+01,2.168483e+01,2.159490e+01,2.158798e+01,2.153952e+01,2.153260e+01,2.158798e+01,2.162950e+01,2.160874e+01,2.151875e+01,2.153952e+01,2.134545e+01,2.137320e+01,2.146332e+01,2.140094e+01,2.139400e+01,2.137320e+01,2.136626e+01,2.140094e+01,2.144253e+01,2.140787e+01,2.141480e+01,2.131076e+01,2.133851e+01,2.131770e+01,2.140787e+01,2.133158e+01,2.135239e+01,2.138013e+01,2.122744e+01,2.110929e+01,2.108843e+01,2.085168e+01,2.067025e+01,2.068422e+01,2.067723e+01,2.060039e+01,2.057942e+01,2.056544e+01,2.056544e+01,2.053047e+01,2.042551e+01,2.055145e+01,2.053047e+01,2.038350e+01,2.061436e+01,2.057243e+01,2.060737e+01,2.060039e+01,2.053047e+01,2.046051e+01,2.040450e+01,2.039750e+01,2.056544e+01,2.099797e+01,2.131770e+01,2.124828e+01,2.128993e+01,2.137320e+01,2.113015e+01,2.135239e+01,2.146332e+01,2.151182e+01,2.145639e+01,2.135239e+01,2.151875e+01,2.178159e+01,2.179540e+01,2.213329e+01,2.226401e+01,2.246320e+01,2.268255e+01,2.293560e+01,2.341944e+01,2.371136e+01,2.396867e+01,2.421184e+01,2.438038e+01,2.448137e+01,2.461587e+01,2.462259e+01,2.468977e+01,2.436017e+01,2.430625e+01,2.418485e+01,2.394161e+01,2.372492e+01,2.359605e+01,2.341264e+01,2.320165e+01,2.300388e+01,2.320846e+01,2.281941e+01,2.274416e+01,2.245634e+01,2.233274e+01,2.218835e+01,2.214706e+01,2.221587e+01,2.218147e+01,2.205754e+01,2.190586e+01,2.197483e+01,2.189206e+01,2.198172e+01,2.180922e+01,2.203687e+01,2.183684e+01,2.184374e+01,2.200241e+01,2.177468e+01,2.188516e+01,2.173322e+01,2.185065e+01,2.173322e+01,2.180231e+01,2.186445e+01,2.186445e+01,2.186445e+01,2.158798e+01,2.167100e+01,2.160182e+01,2.162950e+01,2.160874e+01,2.153952e+01,2.153260e+01,2.153260e+01,2.146332e+01,2.144253e+01,2.140787e+01,2.154645e+01,2.138707e+01,2.142174e+01,2.140094e+01,2.141480e+01,2.125522e+01,2.132464e+01,2.125522e+01,2.115796e+01,2.122050e+01,2.126217e+01,2.129688e+01,2.121355e+01,2.120660e+01,2.128299e+01,2.122050e+01,2.122050e+01,2.126217e+01,2.131076e+01,2.114406e+01,2.124133e+01,2.119966e+01,2.109539e+01,2.124133e+01,2.124133e+01,2.121355e+01,2.124828e+01,2.124133e+01,2.125522e+01,2.136626e+01,2.122744e+01,2.129688e+01,2.129688e+01,2.137320e+01,2.136626e+01,2.141480e+01,2.143560e+01,2.136626e+01,2.140094e+01,2.139400e+01,2.137320e+01,2.135239e+01,2.152567e+01,2.145639e+01,2.149796e+01,2.156029e+01,2.154645e+01,2.147718e+01,2.160874e+01,2.153952e+01,2.156721e+01,2.154645e+01,2.173322e+01,2.157414e+01,2.158106e+01,2.148411e+01,2.152567e+01,2.162258e+01,2.147025e+01,2.153952e+01,2.162950e+01,2.165717e+01,2.165717e+01,2.176086e+01,2.158798e+01,2.162950e+01,2.163642e+01,2.167792e+01,2.174013e+01,2.167792e+01,2.172631e+01,2.182303e+01,2.174704e+01,2.179540e+01,2.176777e+01,2.141480e+01,2.180231e+01,2.166409e+01,2.160874e+01,2.177468e+01,2.165717e+01,2.161566e+01,2.188516e+01,2.161566e+01,2.163642e+01,2.169175e+01,2.159490e+01,2.160182e+01,2.185755e+01,2.185755e+01,2.165717e+01,2.174013e+01,2.167100e+01,2.182303e+01,2.180231e+01,2.169175e+01,2.167792e+01,2.164334e+01,2.175395e+01,2.170557e+01,2.176086e+01,2.171940e+01,2.174704e+01,2.164334e+01,2.160874e+01,2.161566e+01,2.158798e+01,2.160874e+01,2.166409e+01,2.160874e+01,2.155337e+01,2.157414e+01,2.175395e+01,2.174704e+01,2.172631e+01,2.172631e+01,2.171940e+01,2.152567e+01,2.166409e+01,2.167792e+01,2.163642e+01,2.167792e+01,2.172631e+01,2.166409e+01,2.158106e+01,2.165025e+01,2.162258e+01,2.161566e+01,2.161566e+01,2.165717e+01,2.165025e+01,2.169866e+01,2.154645e+01,2.167100e+01,2.165717e+01,2.168483e+01,2.158798e+01,2.156029e+01,2.154645e+01,2.169175e+01,2.160182e+01,2.152567e+01,2.149796e+01,2.156029e+01,2.158798e+01,2.153260e+01,2.140787e+01,2.163642e+01,2.165025e+01,2.144253e+01,2.146332e+01,2.169175e+01,2.147718e+01,2.167100e+01,2.166409e+01,2.158798e+01,2.144253e+01,2.160182e+01,2.175395e+01,2.156721e+01,2.147718e+01,2.178850e+01,2.162950e+01,2.149796e+01,2.146332e+01,2.164334e+01
2.192655e+01,2.189896e+01,2.205065e+01,2.213329e+01,2.182993e+01,2.192655e+01,2.195414e+01,2.200241e+01,2.198862e+01,2.197483e+01,2.197483e+01,2.206442e+01,2.191276e+01,2.202308e+01,2.197483e+01,2.197483e+01,2.205065e+01,2.201619e+01,2.201619e+01,2.198862e+01,2.199551e+01,2.200930e+01,2.202308e+01,2.197483e+01,2.192655e+01,2.198172e+01,2.189896e+01,2.191965e+01,2.176777e+01,2.191965e+01,2.183684e+01,2.189206e+01,2.182303e+01,2.173322e+01,2.186445e+01,2.182993e+01,2.174704e+01,2.187135e+01,2.180922e+01,2.183684e+01,2.180922e+01,2.177468e+01,2.187135e+01,2.181612e+01,2.188516e+01,2.172631e+01,2.193345e+01,2.180231e+01,2.179540e+01,2.188516e+01,2.159490e+01,2.179540e+01,2.177468e+01,2.189206e+01,2.184374e+01,2.191276e+01,2.188516e+01,2.173322e+01,2.176086e+01,2.185065e+01,2.194725e+01,2.185065e+01,2.182993e+01,2.180231e+01,2.196104e+01,2.191276e+01,2.189896e+01,2.194035e+01,2.187825e+01,2.183684e+01,2.201619e+01,2.185755e+01,2.177468e+01,2.189206e+01,2.187825e+01,2.188516e+01,2.179540e+01,2.182993e+01,2.190586e+01,2.194035e+01,2.193345e+01,2.196104e+01,2.183684e+01,2.185065e+01,2.192655e+01,2.185065e+01,2.190586e+01,2.178850e+01,2.187135e+01,2.180231e+01,2.202308e+01,2.185065e+01,2.196104e+01,2.180231e+01,2.191965e+01,2.182303e+01,2.197483e+01,2.179540e+01,2.174013e+01,2.171940e+01,2.191965e+01,2.165025e+01,2.182993e+01,2.180231e+01,2.180922e+01,2.171940e+01,2.187825e+01,2.184374e+01,2.198862e+01,2.181612e+01,2.187825e+01,2.200241e+01,2.191276e+01,2.187135e+01,2.198862e+01,2.195414e+01,2.202308e+01,2.202308e+01,2.219523e+01,2.201619e+01,2.223650e+01,2.255923e+01,2.269625e+01,2.254551e+01,2.278522e+01,2.285360e+01,2.314031e+01,2.336503e+01,2.350099e+01,2.361641e+01,2.382655e+01,2.393485e+01,2.418485e+01,2.446791e+01,2.447464e+01,2.473006e+01,2.470992e+01,2.491787e+01,2.504512e+01,2.504512e+01,2.519227e+01,2.541928e+01,2.539260e+01,2.553926e+01,2.557257e+01,2.585855e+01,2.593158e+01,2.589839e+01,2.599130e+01,2.624969e+01,2.629600e+01,2.646783e+01,2.665916e+01,2.664598e+01,2.686989e+01,2.686989e+01,2.705394e+01,2.696195e+01,2.683041e+01,2.681067e+01,2.658663e+01,2.607087e+01,2.444098e+01,2.165717e+01,2.103277e+01,2.085865e+01,2.092833e+01,2.087956e+01,2.080286e+01,2.081681e+01,2.084470e+01,2.085168e+01,2.077496e+01,2.076798e+01,2.083773e+01,2.075403e+01,2.067723e+01,2.071215e+01,2.090047e+01,2.074705e+01,2.083773e+01,2.074705e+01,2.070517e+01,2.084470e+01,2.083076e+01,2.079589e+01,2.090743e+01,2.087956e+01,2.088653e+01,2.083773e+01,2.079589e+01,2.086562e+01,2.075403e+01,2.087259e+01,2.085168e+01,2.085168e+01,2.084470e+01,2.078193e+01,2.069120e+01,2.069818e+01,2.066327e+01,2.071215e+01,2.071913e+01,2.061436e+01,2.057942e+01,2.059340e+01,2.063532e+01,2.061436e+01,2.052348e+01,2.055844e+01,2.052348e+01,2.053047e+01,2.057243e+01,2.074705e+01,2.093530e+01,2.144946e+01,2.135933e+01,2.148411e+01,2.140787e+01,2.131770e+01,2.084470e+01,2.069120e+01,2.068422e+01,2.060039e+01,2.057942e+01,2.058641e+01,2.059340e+01,2.057243e+01,2.051648e+01,2.052348e+01,2.050249e+01,2.053047e+01,2.049550e+01,2.053047e+01,2.053747e+01,2.053047e+01,2.059340e+01,2.057243e+01,2.095619e+01,2.147718e+01,2.158106e+01,2.169866e+01,2.151182e+01,2.157414e+01,2.167792e+01,2.167100e+01,2.166409e+01,2.168483e+01,2.165717e+01,2.164334e+01,2.167100e+01,2.160874e+01,2.165025e+01,2.168483e+01,2.161566e+01,2.172631e+01,2.170557e+01,2.162258e+01,2.176086e+01,2.158798e+01,2.169866e+01,2.171940e+01,2.171248e+01,2.189896e+01,2.167100e+01,2.171940e+01,2.167100e+01,2.170557e+01,2.180922e+01,2.162258e+01,2.166409e+01,2.167792e+01,2.165025e+01,2.164334e+01,2.167792e+01,2.160182e+01,2.163642e+01,2.168483e+01,2.165025e+01,2.154645e+01,2.166409e+01,2.174704e+01,2.147025e+01,2.160182e+01,2.147718e+01,2.167100e+01,2.148411e+01,2.150489e+01,2.149104e+01,2.165717e+01,2.142174e+01,2.149796e+01,2.138013e+01,2.124133e+01,2.122050e+01,2.094923e+01,2.081681e+01,2.092137e+01,2.090047e+01,2.070517e+01,2.068422e+01,2.083076e+01,2.091440e+01,2.100493e+01,2.107452e+01,2.115101e+01,2.143560e+01,2.140094e+01,2.141480e+01,2.145639e+01,2.158798e+01,2.149796e+01,2.153260e+01,2.156029e+01,2.163642e+01,2.153952e+01,2.160182e+01,2.165717e+01,2.158798e+01,2.156029e+01,2.169866e+01,2.164334e+01,2.174704e+01,2.173322e+01,2.169866e+01,2.165025e+01,2.170557e+01,2.162950e+01,2.167100e+01,2.169175e+01,2.167792e+01,2.165025e+01,2.165025e+01,2.180922e+01,2.176086e+01,2.172631e+01,2.162950e+01,2.172631e+01,2.162258e+01,2.161566e+01,2.155337e+01,2.165717e+01,2.165025e+01,2.165025e+01,2.165717e+01,2.161566e+01,2.161566e+01,2.168483e+01,2.156721e+01,2.160182e+01,2.148411e+01,2.162258e+01,2.151182e+01,2.143560e+01,2.150489e+01,2.149796e+01,2.140094e+01,2.133851e+01,2.138013e+01,2.134545e+01,2.138013e+01,2.138013e+01,2.133851e+01,2.141480e+01,2.117186e+01,2.138707e+01,2.138707e+01,2.140094e+01,2.137320e+01,2.130382e+01,2.135933e+01,2.138707e+01,2.133851e+01,2.130382e+01,2.119966e+01,2.101885e+01,2.097012e+01,2.068422e+01,2.069818e+01,2.058641e+01,2.062135e+01,2.060039e+01,2.057243e+01,2.041151e+01,2.053047e+01,2.037649e+01,2.050949e+01,2.044651e+01,2.048850e+01,2.057942e+01,2.049550e+01,2.060039e+01,2.053047e+01,2.038350e+01,2.053047e+01,2.047451e+01,2.049550e+01,2.060737e+01,2.095619e+01,2.113015e+01,2.103277e+01,2.126217e+01,2.135239e+01,2.122744e+01,2.122050e+01,2.137320e+01,2.143560e+01,2.146332e+01,2.167100e+01,2.155337e+01,2.154645e+01,2.177468e+01,2.166409e+01,2.211263e+01,2.247006e+01,2.279889e+01,2.282625e+01,2.335823e+01,2.355532e+01,2.379269e+01,2.396190e+01,2.405655e+01,2.444098e+01,2.448810e+01,2.451501e+01,2.455536e+01,2.443425e+01,2.425906e+01,2.396867e+01,2.392132e+01,2.364355e+01,2.345342e+01,2.329699e+01,2.326295e+01,2.296292e+01,2.295609e+01,2.275101e+01,2.253866e+01,2.242888e+01,2.240829e+01,2.247692e+01,2.217459e+01,2.231212e+01,2.201619e+01,2.209886e+01,2.194725e+01,2.191965e+01,2.187135e+01,2.187135e+01,2.199551e+01,2.198862e+01,2.195414e+01,2.195414e+01,2.180231e+01,2.182303e+01,2.174013e+01,2.176777e+01,2.176086e+01,2.176777e+01,2.170557e+01,2.178159e+01,2.160182e+01,2.174704e+01,2.165025e+01,2.165025e+01,2.161566e+01,2.152567e+01,2.153952e+01,2.150489e+01,2.165717e+01,2.147718e+01,2.148411e+01,2.142174e+01,2.145639e+01,2.144253e+01,2.142867e+01,2.142174e+01,2.122744e+01,2.133158e+01,2.142174e+01,2.128993e+01,2.124828e+01,2.138707e+01,2.113015e+01,2.133851e+01,2.130382e+01,2.129688e+01,2.129688e+01,2.120660e+01,2.112320e+01,2.125522e+01,2.114406e+01,2.115796e+01,2.111625e+01,2.112320e+01,2.109539e+01,2.117186e+01,2.106756e+01,2.115796e+01,2.118576e+01,2.119966e+01,2.138013e+01,2.116491e+01,2.124828e+01,2.139400e+01,2.122050e+01,2.137320e+01,2.140787e+01,2.119271e+01,2.139400e+01,2.131076e+01,2.134545e+01,2.136626e+01,2.132464e+01,2.133851e+01,2.128299e+01,2.132464e+01,2.148411e+01,2.141480e+01,2.138707e+01,2.153260e+01,2.147025e+01,2.153260e+01,2.160182e+01,2.156029e+01,2.155337e+01,2.156721e+01,2.151875e+01,2.156721e+01,2.147718e+01,2.150489e+01,2.163642e+01,2.147718e+01,2.164334e+01,2.165717e+01,2.161566e+01,2.158798e+01,2.162950e+01,2.159490e+01,2.168483e+01,2.170557e+01,2.166409e+01,2.170557e+01,2.160874e+01,2.179540e+01,2.157414e+01,2.169866e+01,2.173322e+01,2.174704e+01,2.179540e+01,2.177468e+01,2.176086e+01,2.160874e+01,2.169866e+01,2.162258e+01,2.163642e+01,2.164334e+01,2.183684e+01,2.161566e+01,2.177468e+01,2.170557e+01,2.175395e+01,2.178850e+01,2.182303e+01,2.165717e+01,2.168483e+01,2.169866e+01,2.176086e+01,2.168483e+01,2.156721e+01,2.171248e+01,2.162258e+01,2.176777e+01,2.174013e+01,2.167792e+01,2.174013e+01,2.162258e+01,2.160182e+01,2.158798e+01,2.159490e+01,2.158106e+01,2.162950e+01,2.154645e+01,2.153952e+01,2.167100e+01,2.153260e+01,2.174704e+01,2.162950e+01,2.158106e+01,2.151875e+01,2.160182e+01,2.170557e+01,2.158106e+01,2.162258e+01,2.156029e+01,2.161566e+01,2.138013e+01,2.154645e+01,2.147718e+01,2.157414e+01,2.160182e+01,2.164334e+01,2.160182e+01,2.152567e+01,2.158106e+01,2.158106e+01,2.165717e+01,2.156721e+01,2.155337e+01,2.138013e+01,2.159490e+01,2.154645e+01,2.150489e+01,2.163642e+01,2.149796e+01,2.153260e+01,2.159490e+01,2.156721e+01,2.160874e+01,2.128299e+01,2.151875e+01,2.140787e+01,2.148411e+01,2.155337e+01,2.153260e+01,2.164334e+01,2.144253e+01,2.150489e+01,2.165025e+01,2.171248e+01,2.152567e+01,2.168483e+01,2.157414e+01,2.152567e+01,2.157414e+01,2.151182e+01,2.159490e+01,2.146332e+01,2.152567e+01,2.149796e+01
2.187135e+01,2.197483e+01,2.195414e+01,2.175395e+01,2.191276e+01,2.175395e+01,2.195414e+01,2.201619e+01,2.178850e+01,2.200241e+01,2.205754e+01,2.193345e+01,2.196104e+01,2.195414e+01,2.211263e+01,2.188516e+01,2.199551e+01,2.196104e+01,2.196104e+01,2.197483e+01,2.198862e+01,2.196104e+01,2.185065e+01,2.194035e+01,2.198172e+01,2.189206e+01,2.191276e+01,2.164334e+01,2.186445e+01,2.191276e+01,2.185065e+01,2.192655e+01,2.185755e+01,2.174704e+01,2.187135e+01,2.189896e+01,2.188516e+01,2.186445e+01,2.184374e+01,2.184374e+01,2.181612e+01,2.185065e+01,2.174704e+01,2.179540e+01,2.169175e+01,2.180922e+01,2.178159e+01,2.180231e+01,2.161566e+01,2.194725e+01,2.156721e+01,2.176777e+01,2.169866e+01,2.190586e+01,2.171248e+01,2.171248e+01,2.200930e+01,2.179540e+01,2.181612e+01,2.172631e+01,2.180922e+01,2.197483e+01,2.174704e+01,2.194035e+01,2.182993e+01,2.186445e+01,2.183684e+01,2.185755e+01,2.182993e+01,2.180922e+01,2.180231e+01,2.174013e+01,2.186445e+01,2.192655e+01,2.190586e+01,2.182303e+01,2.182303e+01,2.186445e+01,2.185065e+01,2.182303e+01,2.192655e+01,2.192655e+01,2.181612e+01,2.192655e+01,2.192655e+01,2.171940e+01,2.188516e+01,2.175395e+01,2.185065e+01,2.177468e+01,2.182303e+01,2.182993e+01,2.178850e+01,2.194725e+01,2.183684e+01,2.184374e+01,2.196104e+01,2.178159e+01,2.176086e+01,2.186445e+01,2.183684e+01,2.182303e+01,2.185065e+01,2.182303e+01,2.182303e+01,2.158106e+01,2.194725e+01,2.177468e+01,2.178850e+01,2.176086e+01,2.182993e+01,2.182993e+01,2.202308e+01,2.196104e+01,2.193345e+01,2.194035e+01,2.182303e+01,2.194725e+01,2.205065e+01,2.196104e+01,2.218835e+01,2.229151e+01,2.255923e+01,2.270309e+01,2.284676e+01,2.289461e+01,2.314031e+01,2.346701e+01,2.354174e+01,2.350099e+01,2.384010e+01,2.388748e+01,2.407006e+01,2.442078e+01,2.444771e+01,2.473006e+01,2.487095e+01,2.495137e+01,2.491117e+01,2.508527e+01,2.514547e+01,2.529248e+01,2.531919e+01,2.535924e+01,2.531251e+01,2.575887e+01,2.589839e+01,2.603772e+01,2.613051e+01,2.630261e+01,2.648764e+01,2.663939e+01,2.663280e+01,2.666576e+01,2.666576e+01,2.688305e+01,2.685015e+01,2.696195e+01,2.678433e+01,2.660642e+01,2.634890e+01,2.604436e+01,2.423882e+01,2.160182e+01,2.101189e+01,2.103973e+01,2.090047e+01,2.087259e+01,2.083076e+01,2.076798e+01,2.076100e+01,2.080984e+01,2.081681e+01,2.083076e+01,2.084470e+01,2.065628e+01,2.071913e+01,2.074705e+01,2.073309e+01,2.071215e+01,2.074007e+01,2.071215e+01,2.071215e+01,2.074007e+01,2.078891e+01,2.078193e+01,2.077496e+01,2.077496e+01,2.078891e+01,2.084470e+01,2.080286e+01,2.069818e+01,2.086562e+01,2.083076e+01,2.077496e+01,2.078193e+01,2.078193e+01,2.078891e+01,2.080984e+01,2.069818e+01,2.066327e+01,2.057243e+01,2.060737e+01,2.064231e+01,2.047451e+01,2.058641e+01,2.051648e+01,2.051648e+01,2.053747e+01,2.052348e+01,2.051648e+01,2.059340e+01,2.055145e+01,2.077496e+01,2.094226e+01,2.144253e+01,2.151182e+01,2.144946e+01,2.128993e+01,2.126911e+01,2.114406e+01,2.059340e+01,2.081681e+01,2.054446e+01,2.055844e+01,2.055145e+01,2.055844e+01,2.051648e+01,2.057942e+01,2.046051e+01,2.050249e+01,2.041851e+01,2.049550e+01,2.048850e+01,2.060039e+01,2.065628e+01,2.068422e+01,2.058641e+01,2.109539e+01,2.139400e+01,2.154645e+01,2.182993e+01,2.162950e+01,2.161566e+01,2.165025e+01,2.171940e+01,2.169866e+01,2.166409e+01,2.167100e+01,2.167792e+01,2.171248e+01,2.168483e+01,2.177468e+01,2.170557e+01,2.167100e+01,2.166409e+01,2.174704e+01,2.153260e+01,2.151875e+01,2.162950e+01,2.156029e+01,2.167100e+01,2.166409e+01,2.169175e+01,2.171940e+01,2.167100e+01,2.169175e+01,2.169175e+01,2.167792e+01,2.178159e+01,2.164334e+01,2.169866e+01,2.143560e+01,2.166409e+01,2.161566e+01,2.163642e+01,2.169866e+01,2.160874e+01,2.165025e+01,2.160182e+01,2.166409e+01,2.156721e+01,2.156029e+01,2.155337e+01,2.149796e+01,2.151875e+01,2.151182e+01,2.151182e+01,2.155337e+01,2.144253e+01,2.136626e+01,2.144946e+01,2.148411e+01,2.135239e+01,2.134545e+01,2.112320e+01,2.099101e+01,2.099101e+01,2.079589e+01,2.068422e+01,2.074007e+01,2.090743e+01,2.094226e+01,2.108148e+01,2.122744e+01,2.123439e+01,2.137320e+01,2.147025e+01,2.142867e+01,2.147025e+01,2.149104e+01,2.148411e+01,2.150489e+01,2.156721e+01,2.159490e+01,2.163642e+01,2.169866e+01,2.157414e+01,2.158798e+01,2.159490e+01,2.163642e+01,2.161566e+01,2.176777e+01,2.166409e+01,2.157414e+01,2.166409e+01,2.160874e+01,2.169175e+01,2.194035e+01,2.162258e+01,2.165717e+01,2.163642e+01,2.165025e+01,2.165025e+01,2.167100e+01,2.166409e+01,2.162258e+01,2.157414e+01,2.167100e+01,2.162258e+01,2.177468e+01,2.162950e+01,2.161566e+01,2.152567e+01,2.160874e+01,2.160182e+01,2.158798e+01,2.158798e+01,2.158106e+01,2.156721e+01,2.148411e+01,2.152567e+01,2.145639e+01,2.152567e+01,2.150489e+01,2.149796e+01,2.148411e+01,2.134545e+01,2.135933e+01,2.133851e+01,2.135933e+01,2.134545e+01,2.134545e+01,2.138707e+01,2.138707e+01,2.141480e+01,2.142174e+01,2.132464e+01,2.127605e+01,2.135239e+01,2.134545e+01,2.133851e+01,2.109539e+01,2.126217e+01,2.124133e+01,2.114406e+01,2.108148e+01,2.080984e+01,2.058641e+01,2.053047e+01,2.063532e+01,2.054446e+01,2.046051e+01,2.054446e+01,2.036248e+01,2.053747e+01,2.052348e+01,2.057243e+01,2.050949e+01,2.052348e+01,2.036949e+01,2.041151e+01,2.038350e+01,2.047451e+01,2.041851e+01,2.054446e+01,2.053747e+01,2.090743e+01,2.092833e+01,2.124133e+01,2.126217e+01,2.125522e+01,2.109539e+01,2.121355e+01,2.128993e+01,2.126911e+01,2.133851e+01,2.133851e+01,2.147025e+01,2.138707e+01,2.153260e+01,2.174013e+01,2.180922e+01,2.222275e+01,2.227088e+01,2.248379e+01,2.278522e+01,2.314031e+01,2.333101e+01,2.373848e+01,2.392808e+01,2.411059e+01,2.420509e+01,2.428603e+01,2.423208e+01,2.423208e+01,2.440732e+01,2.425231e+01,2.395514e+01,2.393485e+01,2.375203e+01,2.340584e+01,2.322890e+01,2.313350e+01,2.298340e+01,2.279889e+01,2.262776e+01,2.241516e+01,2.240142e+01,2.225026e+01,2.216771e+01,2.214706e+01,2.208509e+01,2.201619e+01,2.198172e+01,2.184374e+01,2.189206e+01,2.192655e+01,2.189896e+01,2.191965e+01,2.189896e+01,2.187135e+01,2.187135e+01,2.187135e+01,2.187135e+01,2.178159e+01,2.173322e+01,2.171940e+01,2.175395e+01,2.178850e+01,2.176777e+01,2.162258e+01,2.162258e+01,2.167792e+01,2.150489e+01,2.161566e+01,2.165717e+01,2.150489e+01,2.159490e+01,2.163642e+01,2.171248e+01,2.146332e+01,2.143560e+01,2.144946e+01,2.136626e+01,2.140094e+01,2.138707e+01,2.124133e+01,2.133851e+01,2.133158e+01,2.131770e+01,2.114406e+01,2.111625e+01,2.130382e+01,2.133158e+01,2.137320e+01,2.133851e+01,2.132464e+01,2.113711e+01,2.115796e+01,2.112320e+01,2.126217e+01,2.113015e+01,2.126217e+01,2.104669e+01,2.114406e+01,2.115101e+01,2.103277e+01,2.110234e+01,2.110234e+01,2.135239e+01,2.125522e+01,2.134545e+01,2.130382e+01,2.132464e+01,2.138707e+01,2.132464e+01,2.124828e+01,2.136626e+01,2.134545e+01,2.122744e+01,2.136626e+01,2.133158e+01,2.133851e+01,2.147718e+01,2.142867e+01,2.144253e+01,2.142867e+01,2.138707e+01,2.147025e+01,2.149796e+01,2.160874e+01,2.145639e+01,2.151875e+01,2.155337e+01,2.150489e+01,2.152567e+01,2.135933e+01,2.167792e+01,2.146332e+01,2.152567e+01,2.147025e+01,2.165717e+01,2.167100e+01,2.164334e+01,2.164334e+01,2.163642e+01,2.165025e+01,2.168483e+01,2.169175e+01,2.156029e+01,2.158798e+01,2.159490e+01,2.171940e+01,2.168483e+01,2.170557e+01,2.174013e+01,2.175395e+01,2.178159e+01,2.166409e+01,2.163642e+01,2.179540e+01,2.176777e+01,2.175395e+01,2.167792e+01,2.175395e+01,2.158798e+01,2.178159e+01,2.160182e+01,2.177468e+01,2.158106e+01,2.180922e+01,2.165025e+01,2.174013e+01,2.158798e+01,2.165717e+01,2.167100e+01,2.162258e+01,2.167792e+01,2.174704e+01,2.162258e+01,2.177468e+01,2.161566e+01,2.168483e+01,2.158798e+01,2.167792e+01,2.160874e+01,2.160874e+01,2.159490e+01,2.162258e+01,2.160874e+01,2.164334e+01,2.158106e+01,2.166409e+01,2.169866e+01,2.158106e+01,2.165025e+01,2.172631e+01,2.160182e+01,2.163642e+01,2.167792e+01,2.156029e+01,2.153260e+01,2.160182e+01,2.163642e+01,2.160182e+01,2.167100e+01,2.151875e+01,2.162258e+01,2.167100e+01,2.167100e+01,2.163642e+01,2.158106e+01,2.162950e+01,2.158106e+01,2.160874e+01,2.167100e+01,2.158798e+01,2.141480e+01,2.164334e+01,2.153260e+01,2.153260e+01,2.152567e+01,2.151182e+01,2.165717e+01,2.158106e+01,2.144946e+01,2.142174e+01,2.147025e+01,2.140787e+01,2.151875e+01,2.147025e+01,2.144946e+01,2.160874e+01,2.157414e+01,2.165717e+01,2.156721e+01,2.145639e+01,2.173322e+01,2.149796e+01,2.145639e+01,2.160182e+01,2.148411e+01,2.150489e+01,2.126911e+01,2.163642e+01,2.153952e+01,2.165717e+01,2.144253e+01,2.159490e+01
2.191276e+01,2.190586e+01,2.201619e+01,2.191965e+01,2.195414e+01,2.194725e+01,2.196104e+01,2.193345e+01,2.207820e+01,2.196793e+01,2.197483e+01,2.194035e+01,2.194725e+01,2.187825e+01,2.192655e+01,2.194035e+01,2.197483e+01,2.197483e+01,2.191276e+01,2.194035e+01,2.183684e+01,2.194035e+01,2.200930e+01,2.202997e+01,2.200930e+01,2.189206e+01,2.194035e+01,2.178850e+01,2.188516e+01,2.187825e+01,2.189206e+01,2.188516e+01,2.193345e+01,2.172631e+01,2.188516e+01,2.191965e+01,2.190586e+01,2.189896e+01,2.189206e+01,2.175395e+01,2.180922e+01,2.183684e+01,2.178159e+01,2.182303e+01,2.173322e+01,2.170557e+01,2.170557e+01,2.177468e+01,2.194035e+01,2.157414e+01,2.180922e+01,2.180922e+01,2.191965e+01,2.177468e+01,2.167100e+01,2.184374e+01,2.183684e+01,2.182303e+01,2.168483e+01,2.170557e+01,2.176777e+01,2.198172e+01,2.174704e+01,2.187825e+01,2.181612e+01,2.184374e+01,2.193345e+01,2.196793e+01,2.188516e+01,2.189206e+01,2.198862e+01,2.185065e+01,2.184374e+01,2.186445e+01,2.182993e+01,2.194725e+01,2.180922e+01,2.184374e+01,2.185065e+01,2.175395e+01,2.187825e+01,2.191965e+01,2.190586e+01,2.183684e+01,2.187825e+01,2.194725e+01,2.189206e+01,2.191965e+01,2.188516e+01,2.176086e+01,2.191965e+01,2.191965e+01,2.191965e+01,2.204376e+01,2.199551e+01,2.183684e+01,2.189896e+01,2.187135e+01,2.191276e+01,2.169175e+01,2.189206e+01,2.186445e+01,2.182993e+01,2.178159e+01,2.203687e+01,2.186445e+01,2.173322e+01,2.192655e+01,2.176777e+01,2.180922e+01,2.189896e+01,2.185755e+01,2.183684e+01,2.185065e+01,2.185755e+01,2.202997e+01,2.192655e+01,2.207131e+01,2.222275e+01,2.220899e+01,2.225713e+01,2.223650e+01,2.229838e+01,2.246320e+01,2.285360e+01,2.300388e+01,2.321527e+01,2.338544e+01,2.360283e+01,2.367068e+01,2.366390e+01,2.395514e+01,2.434669e+01,2.438711e+01,2.456881e+01,2.470321e+01,2.495137e+01,2.495137e+01,2.499156e+01,2.523905e+01,2.526577e+01,2.531251e+01,2.530584e+01,2.550595e+01,2.574558e+01,2.583862e+01,2.586519e+01,2.615038e+01,2.596476e+01,2.613051e+01,2.633568e+01,2.639517e+01,2.665916e+01,2.669871e+01,2.667235e+01,2.692251e+01,2.682383e+01,2.705394e+01,2.690936e+01,2.663280e+01,2.634890e+01,2.542595e+01,2.411059e+01,2.159490e+01,2.094923e+01,2.083773e+01,2.077496e+01,2.078891e+01,2.079589e+01,2.077496e+01,2.076100e+01,2.074007e+01,2.084470e+01,2.078193e+01,2.076798e+01,2.072611e+01,2.079589e+01,2.078891e+01,2.075403e+01,2.069818e+01,2.089350e+01,2.080286e+01,2.068422e+01,2.074705e+01,2.080984e+01,2.074705e+01,2.080984e+01,2.078891e+01,2.065628e+01,2.078193e+01,2.084470e+01,2.076100e+01,2.078193e+01,2.080286e+01,2.075403e+01,2.073309e+01,2.069818e+01,2.078193e+01,2.069120e+01,2.067723e+01,2.068422e+01,2.048850e+01,2.054446e+01,2.057942e+01,2.045351e+01,2.054446e+01,2.053047e+01,2.057243e+01,2.052348e+01,2.050949e+01,2.066327e+01,2.051648e+01,2.071215e+01,2.078891e+01,2.129688e+01,2.142867e+01,2.151182e+01,2.147718e+01,2.146332e+01,2.144253e+01,2.133158e+01,2.081681e+01,2.063532e+01,2.053047e+01,2.057942e+01,2.057243e+01,2.061436e+01,2.066327e+01,2.051648e+01,2.054446e+01,2.052348e+01,2.053047e+01,2.056544e+01,2.052348e+01,2.055844e+01,2.045351e+01,2.055145e+01,2.074705e+01,2.090743e+01,2.143560e+01,2.149796e+01,2.159490e+01,2.165025e+01,2.169866e+01,2.181612e+01,2.172631e+01,2.165717e+01,2.165717e+01,2.171940e+01,2.166409e+01,2.171940e+01,2.167792e+01,2.169175e+01,2.194035e+01,2.159490e+01,2.160874e+01,2.165717e+01,2.167100e+01,2.179540e+01,2.172631e+01,2.175395e+01,2.168483e+01,2.167100e+01,2.168483e+01,2.169175e+01,2.171248e+01,2.169175e+01,2.171248e+01,2.169175e+01,2.172631e+01,2.169175e+01,2.159490e+01,2.162258e+01,2.169175e+01,2.169866e+01,2.169866e+01,2.169175e+01,2.168483e+01,2.155337e+01,2.160874e+01,2.155337e+01,2.155337e+01,2.153260e+01,2.156029e+01,2.151182e+01,2.151182e+01,2.156721e+01,2.159490e+01,2.162258e+01,2.145639e+01,2.145639e+01,2.159490e+01,2.149796e+01,2.131076e+01,2.128993e+01,2.115796e+01,2.113711e+01,2.148411e+01,2.108843e+01,2.090047e+01,2.092137e+01,2.081681e+01,2.109539e+01,2.108148e+01,2.121355e+01,2.139400e+01,2.128993e+01,2.151875e+01,2.158798e+01,2.167100e+01,2.150489e+01,2.147718e+01,2.148411e+01,2.156721e+01,2.156029e+01,2.159490e+01,2.151182e+01,2.157414e+01,2.168483e+01,2.163642e+01,2.171940e+01,2.161566e+01,2.162258e+01,2.159490e+01,2.171248e+01,2.171248e+01,2.165025e+01,2.158106e+01,2.171248e+01,2.165717e+01,2.167100e+01,2.163642e+01,2.174704e+01,2.164334e+01,2.140094e+01,2.166409e+01,2.165025e+01,2.164334e+01,2.143560e+01,2.170557e+01,2.149796e+01,2.166409e+01,2.157414e+01,2.158798e+01,2.158106e+01,2.160874e+01,2.153952e+01,2.159490e+01,2.162258e+01,2.158106e+01,2.153260e+01,2.167100e+01,2.148411e+01,2.142867e+01,2.153952e+01,2.151875e+01,2.149796e+01,2.138707e+01,2.144253e+01,2.136626e+01,2.135933e+01,2.136626e+01,2.140094e+01,2.138013e+01,2.126911e+01,2.143560e+01,2.134545e+01,2.128299e+01,2.133851e+01,2.140094e+01,2.131770e+01,2.128993e+01,2.133158e+01,2.135239e+01,2.128299e+01,2.125522e+01,2.123439e+01,2.098405e+01,2.076100e+01,2.054446e+01,2.053047e+01,2.054446e+01,2.044651e+01,2.046051e+01,2.054446e+01,2.036949e+01,2.046751e+01,2.050949e+01,2.056544e+01,2.045351e+01,2.049550e+01,2.045351e+01,2.043251e+01,2.041851e+01,2.045351e+01,2.049550e+01,2.063532e+01,2.090743e+01,2.117881e+01,2.125522e+01,2.122050e+01,2.116491e+01,2.112320e+01,2.113711e+01,2.127605e+01,2.137320e+01,2.138707e+01,2.145639e+01,2.138013e+01,2.143560e+01,2.148411e+01,2.179540e+01,2.182993e+01,2.198862e+01,2.220211e+01,2.247692e+01,2.270309e+01,2.285360e+01,2.332421e+01,2.370458e+01,2.405655e+01,2.388748e+01,2.399571e+01,2.407006e+01,2.407681e+01,2.423882e+01,2.411734e+01,2.394161e+01,2.388748e+01,2.368424e+01,2.358926e+01,2.338544e+01,2.326295e+01,2.321527e+01,2.296292e+01,2.281257e+01,2.266201e+01,2.246320e+01,2.237395e+01,2.222962e+01,2.220211e+01,2.215394e+01,2.196104e+01,2.194035e+01,2.202308e+01,2.187825e+01,2.190586e+01,2.182993e+01,2.187135e+01,2.197483e+01,2.194725e+01,2.202308e+01,2.184374e+01,2.176777e+01,2.176777e+01,2.187825e+01,2.189896e+01,2.178159e+01,2.170557e+01,2.171940e+01,2.169175e+01,2.169175e+01,2.162950e+01,2.160874e+01,2.162258e+01,2.161566e+01,2.160874e+01,2.161566e+01,2.149796e+01,2.148411e+01,2.159490e+01,2.148411e+01,2.156029e+01,2.142174e+01,2.144946e+01,2.136626e+01,2.124133e+01,2.136626e+01,2.142867e+01,2.126911e+01,2.127605e+01,2.137320e+01,2.136626e+01,2.135933e+01,2.127605e+01,2.121355e+01,2.131076e+01,2.129688e+01,2.121355e+01,2.113711e+01,2.113015e+01,2.126217e+01,2.126911e+01,2.129688e+01,2.116491e+01,2.114406e+01,2.129688e+01,2.119966e+01,2.117186e+01,2.106756e+01,2.117186e+01,2.127605e+01,2.116491e+01,2.126911e+01,2.130382e+01,2.131770e+01,2.131770e+01,2.135933e+01,2.140094e+01,2.134545e+01,2.133851e+01,2.135239e+01,2.156721e+01,2.134545e+01,2.149104e+01,2.136626e+01,2.149104e+01,2.142867e+01,2.143560e+01,2.143560e+01,2.148411e+01,2.149796e+01,2.158106e+01,2.153260e+01,2.158798e+01,2.158798e+01,2.153952e+01,2.152567e+01,2.149796e+01,2.158106e+01,2.169175e+01,2.151875e+01,2.142174e+01,2.164334e+01,2.153260e+01,2.165025e+01,2.164334e+01,2.142867e+01,2.165717e+01,2.166409e+01,2.160874e+01,2.154645e+01,2.171940e+01,2.185755e+01,2.167792e+01,2.178850e+01,2.166409e+01,2.173322e+01,2.170557e+01,2.161566e+01,2.170557e+01,2.176086e+01,2.176086e+01,2.160874e+01,2.171940e+01,2.161566e+01,2.161566e+01,2.171940e+01,2.173322e+01,2.166409e+01,2.173322e+01,2.167792e+01,2.159490e+01,2.156721e+01,2.160182e+01,2.160182e+01,2.165717e+01,2.165025e+01,2.167100e+01,2.165717e+01,2.173322e+01,2.158106e+01,2.157414e+01,2.156721e+01,2.143560e+01,2.163642e+01,2.153260e+01,2.160182e+01,2.162258e+01,2.157414e+01,2.158798e+01,2.160874e+01,2.155337e+01,2.156721e+01,2.153260e+01,2.153260e+01,2.171248e+01,2.162950e+01,2.165717e+01,2.164334e+01,2.156029e+01,2.148411e+01,2.156721e+01,2.146332e+01,2.159490e+01,2.160182e+01,2.161566e+01,2.148411e+01,2.167792e+01,2.149796e+01,2.165717e+01,2.156029e+01,2.144946e+01,2.160874e+01,2.159490e+01,2.156029e+01,2.151875e+01,2.140094e+01,2.146332e+01,2.157414e+01,2.138707e+01,2.135239e+01,2.149796e+01,2.149104e+01,2.149796e+01,2.153952e+01,2.152567e+01,2.138013e+01,2.147025e+01,2.144946e+01,2.153260e+01,2.143560e+01,2.140787e+01,2.144946e+01,2.152567e+01,2.143560e+01,2.129688e+01,2.151182e+01,2.158106e+01,2.149796e+01,2.147025e+01,2.148411e+01,2.165025e+01,2.149104e+01,2.156029e+01,2.147718e+01,2.155337e+01,2.153952e+01,2.191965e+01,2.247692e+01
2.188516e+01,2.185065e+01,2.189896e+01,2.194725e+01,2.178159e+01,2.194725e+01,2.191276e+01,2.193345e+01,2.190586e+01,2.210575e+01,2.200241e+01,2.198862e+01,2.186445e+01,2.200930e+01,2.205754e+01,2.189896e+01,2.199551e+01,2.192655e+01,2.212641e+01,2.192655e+01,2.196793e+01,2.195414e+01,2.205754e+01,2.194035e+01,2.190586e+01,2.201619e+01,2.193345e+01,2.197483e+01,2.189896e+01,2.173322e+01,2.184374e+01,2.185065e+01,2.185065e+01,2.188516e+01,2.171940e+01,2.191276e+01,2.173322e+01,2.190586e+01,2.202997e+01,2.191965e+01,2.185755e+01,2.182303e+01,2.174013e+01,2.176777e+01,2.172631e+01,2.173322e+01,2.177468e+01,2.178850e+01,2.184374e+01,2.157414e+01,2.181612e+01,2.183684e+01,2.185065e+01,2.182993e+01,2.167792e+01,2.196793e+01,2.179540e+01,2.181612e+01,2.181612e+01,2.180231e+01,2.184374e+01,2.173322e+01,2.196793e+01,2.178159e+01,2.199551e+01,2.187825e+01,2.177468e+01,2.187135e+01,2.178159e+01,2.177468e+01,2.196793e+01,2.183684e+01,2.172631e+01,2.188516e+01,2.182993e+01,2.178159e+01,2.193345e+01,2.182303e+01,2.189206e+01,2.187135e+01,2.192655e+01,2.187825e+01,2.185755e+01,2.196104e+01,2.204376e+01,2.192655e+01,2.185065e+01,2.187135e+01,2.213329e+01,2.175395e+01,2.176086e+01,2.194725e+01,2.182993e+01,2.194725e+01,2.197483e+01,2.187135e+01,2.185755e+01,2.192655e+01,2.189896e+01,2.182993e+01,2.178159e+01,2.194725e+01,2.190586e+01,2.186445e+01,2.182303e+01,2.180231e+01,2.185755e+01,2.190586e+01,2.191965e+01,2.180922e+01,2.187825e+01,2.182303e+01,2.185065e+01,2.189206e+01,2.189896e+01,2.194035e+01,2.219523e+01,2.205065e+01,2.192655e+01,2.220211e+01,2.218835e+01,2.229151e+01,2.260035e+01,2.277153e+01,2.283993e+01,2.289461e+01,2.296292e+01,2.314713e+01,2.344662e+01,2.351457e+01,2.369781e+01,2.390778e+01,2.435343e+01,2.427929e+01,2.452846e+01,2.469649e+01,2.475691e+01,2.493127e+01,2.508527e+01,2.505182e+01,2.524573e+01,2.531919e+01,2.535924e+01,2.556591e+01,2.566576e+01,2.581205e+01,2.594486e+01,2.593158e+01,2.615701e+01,2.615701e+01,2.629600e+01,2.650745e+01,2.660642e+01,2.663939e+01,2.665916e+01,2.692908e+01,2.680408e+01,2.668553e+01,2.683699e+01,2.658003e+01,2.635551e+01,2.567907e+01,2.407681e+01,2.158798e+01,2.082378e+01,2.088653e+01,2.080984e+01,2.076100e+01,2.076798e+01,2.061436e+01,2.082378e+01,2.070517e+01,2.076798e+01,2.074007e+01,2.079589e+01,2.071913e+01,2.078193e+01,2.071215e+01,2.082378e+01,2.082378e+01,2.072611e+01,2.079589e+01,2.080984e+01,2.074007e+01,2.075403e+01,2.082378e+01,2.072611e+01,2.080984e+01,2.085865e+01,2.082378e+01,2.081681e+01,2.075403e+01,2.073309e+01,2.078193e+01,2.074007e+01,2.073309e+01,2.083773e+01,2.085865e+01,2.073309e+01,2.054446e+01,2.075403e+01,2.069818e+01,2.055145e+01,2.049550e+01,2.071913e+01,2.055145e+01,2.053747e+01,2.055145e+01,2.059340e+01,2.067025e+01,2.051648e+01,2.071215e+01,2.077496e+01,2.094226e+01,2.138013e+01,2.140787e+01,2.144253e+01,2.155337e+01,2.156721e+01,2.152567e+01,2.142174e+01,2.123439e+01,2.109539e+01,2.075403e+01,2.065628e+01,2.052348e+01,2.052348e+01,2.066327e+01,2.055844e+01,2.051648e+01,2.067025e+01,2.067025e+01,2.058641e+01,2.053747e+01,2.051648e+01,2.052348e+01,2.052348e+01,2.058641e+01,2.089350e+01,2.142867e+01,2.155337e+01,2.158106e+01,2.157414e+01,2.169175e+01,2.168483e+01,2.166409e+01,2.166409e+01,2.180922e+01,2.167792e+01,2.166409e+01,2.171248e+01,2.171940e+01,2.178159e+01,2.167792e+01,2.164334e+01,2.156029e+01,2.160182e+01,2.164334e+01,2.169175e+01,2.164334e+01,2.160874e+01,2.166409e+01,2.172631e+01,2.168483e+01,2.166409e+01,2.182303e+01,2.169866e+01,2.176777e+01,2.172631e+01,2.162950e+01,2.176086e+01,2.164334e+01,2.164334e+01,2.169175e+01,2.141480e+01,2.169866e+01,2.160874e+01,2.147025e+01,2.178850e+01,2.171248e+01,2.169175e+01,2.162258e+01,2.156721e+01,2.156721e+01,2.151875e+01,2.165025e+01,2.153952e+01,2.162950e+01,2.162258e+01,2.149796e+01,2.158106e+01,2.165025e+01,2.147718e+01,2.157414e+01,2.143560e+01,2.130382e+01,2.127605e+01,2.135239e+01,2.131076e+01,2.118576e+01,2.125522e+01,2.135933e+01,2.113015e+01,2.130382e+01,2.130382e+01,2.152567e+01,2.139400e+01,2.150489e+01,2.147025e+01,2.160874e+01,2.149796e+01,2.146332e+01,2.157414e+01,2.153952e+01,2.151875e+01,2.167792e+01,2.158798e+01,2.162258e+01,2.158106e+01,2.151182e+01,2.162258e+01,2.167100e+01,2.162258e+01,2.166409e+01,2.165025e+01,2.171248e+01,2.175395e+01,2.154645e+01,2.171248e+01,2.175395e+01,2.172631e+01,2.165717e+01,2.167100e+01,2.168483e+01,2.163642e+01,2.159490e+01,2.163642e+01,2.162950e+01,2.143560e+01,2.171940e+01,2.168483e+01,2.161566e+01,2.165025e+01,2.159490e+01,2.161566e+01,2.156029e+01,2.156721e+01,2.160182e+01,2.154645e+01,2.137320e+01,2.160182e+01,2.156721e+01,2.141480e+01,2.148411e+01,2.151875e+01,2.145639e+01,2.150489e+01,2.148411e+01,2.127605e+01,2.139400e+01,2.151875e+01,2.135239e+01,2.139400e+01,2.133851e+01,2.141480e+01,2.139400e+01,2.133158e+01,2.131076e+01,2.137320e+01,2.139400e+01,2.133851e+01,2.138013e+01,2.128993e+01,2.132464e+01,2.133851e+01,2.124133e+01,2.131076e+01,2.122744e+01,2.087956e+01,2.085865e+01,2.050249e+01,2.046751e+01,2.042551e+01,2.055844e+01,2.053047e+01,2.037649e+01,2.039750e+01,2.050249e+01,2.040450e+01,2.048850e+01,2.037649e+01,2.043951e+01,2.053747e+01,2.041151e+01,2.046751e+01,2.049550e+01,2.095619e+01,2.106061e+01,2.117881e+01,2.125522e+01,2.131076e+01,2.124133e+01,2.126217e+01,2.128299e+01,2.126911e+01,2.145639e+01,2.128299e+01,2.135933e+01,2.142867e+01,2.148411e+01,2.151182e+01,2.182303e+01,2.177468e+01,2.221587e+01,2.220899e+01,2.252494e+01,2.261406e+01,2.282625e+01,2.330379e+01,2.354174e+01,2.355532e+01,2.373848e+01,2.400924e+01,2.390778e+01,2.406330e+01,2.405655e+01,2.415785e+01,2.390778e+01,2.377914e+01,2.363676e+01,2.354174e+01,2.339224e+01,2.315395e+01,2.314031e+01,2.301753e+01,2.277153e+01,2.266886e+01,2.240829e+01,2.240829e+01,2.230525e+01,2.207131e+01,2.205754e+01,2.207820e+01,2.196104e+01,2.194725e+01,2.188516e+01,2.189896e+01,2.198172e+01,2.187825e+01,2.181612e+01,2.182993e+01,2.187135e+01,2.174013e+01,2.169175e+01,2.182993e+01,2.167792e+01,2.185755e+01,2.172631e+01,2.168483e+01,2.178850e+01,2.172631e+01,2.177468e+01,2.153952e+01,2.163642e+01,2.163642e+01,2.160182e+01,2.153260e+01,2.160182e+01,2.151182e+01,2.150489e+01,2.150489e+01,2.128993e+01,2.147718e+01,2.148411e+01,2.144946e+01,2.146332e+01,2.138013e+01,2.136626e+01,2.124133e+01,2.132464e+01,2.134545e+01,2.135933e+01,2.128299e+01,2.116491e+01,2.136626e+01,2.121355e+01,2.123439e+01,2.131770e+01,2.122744e+01,2.129688e+01,2.126217e+01,2.114406e+01,2.126911e+01,2.127605e+01,2.116491e+01,2.105365e+01,2.114406e+01,2.115101e+01,2.107452e+01,2.120660e+01,2.122050e+01,2.125522e+01,2.128993e+01,2.119966e+01,2.130382e+01,2.131076e+01,2.132464e+01,2.138707e+01,2.135933e+01,2.135933e+01,2.139400e+01,2.141480e+01,2.132464e+01,2.143560e+01,2.140094e+01,2.149104e+01,2.149104e+01,2.144253e+01,2.160182e+01,2.144946e+01,2.158106e+01,2.151182e+01,2.150489e+01,2.153952e+01,2.142174e+01,2.153260e+01,2.163642e+01,2.147718e+01,2.150489e+01,2.162258e+01,2.156721e+01,2.143560e+01,2.146332e+01,2.160874e+01,2.159490e+01,2.160874e+01,2.161566e+01,2.165025e+01,2.153952e+01,2.156029e+01,2.177468e+01,2.168483e+01,2.159490e+01,2.174704e+01,2.159490e+01,2.174013e+01,2.167792e+01,2.177468e+01,2.180231e+01,2.176777e+01,2.181612e+01,2.177468e+01,2.154645e+01,2.174704e+01,2.164334e+01,2.156029e+01,2.161566e+01,2.174704e+01,2.170557e+01,2.176086e+01,2.167100e+01,2.164334e+01,2.168483e+01,2.168483e+01,2.164334e+01,2.168483e+01,2.164334e+01,2.159490e+01,2.162950e+01,2.166409e+01,2.168483e+01,2.160874e+01,2.183684e+01,2.157414e+01,2.160182e+01,2.163642e+01,2.158798e+01,2.176777e+01,2.161566e+01,2.157414e+01,2.169175e+01,2.153260e+01,2.132464e+01,2.151182e+01,2.150489e+01,2.156721e+01,2.167100e+01,2.167100e+01,2.174013e+01,2.160874e+01,2.163642e+01,2.156721e+01,2.153952e+01,2.180922e+01,2.155337e+01,2.153952e+01,2.158798e+01,2.156721e+01,2.153260e+01,2.149104e+01,2.149104e+01,2.158798e+01,2.147025e+01,2.162950e+01,2.157414e+01,2.157414e+01,2.157414e+01,2.157414e+01,2.155337e+01,2.156721e+01,2.153260e+01,2.148411e+01,2.150489e+01,2.150489e+01,2.143560e+01,2.156029e+01,2.151182e+01,2.149104e+01,2.145639e+01,2.144253e+01,2.149104e+01,2.148411e+01,2.148411e+01,2.148411e+01,2.147718e+01,2.142174e+01,2.149796e+01,2.154645e+01,2.150489e+01,2.160874e+01,2.147718e+01,2.145639e+01,2.158106e+01,2.153260e+01,2.151875e+01,2.156029e+01,2.152567e+01,2.146332e+01,2.140787e+01,2.152567e+01
2.184374e+01,2.194725e+01,2.180231e+01,2.182303e+01,2.192655e+01,2.180922e+01,2.189896e+01,2.196793e+01,2.192655e+01,2.194035e+01,2.198862e+01,2.195414e+01,2.197483e+01,2.209886e+01,2.194725e+01,2.194035e+01,2.196104e+01,2.195414e+01,2.218147e+01,2.189896e+01,2.209198e+01,2.196104e+01,2.198862e+01,2.191276e+01,2.190586e+01,2.209886e+01,2.193345e+01,2.184374e+01,2.198172e+01,2.176777e+01,2.174013e+01,2.176777e+01,2.172631e+01,2.187825e+01,2.189206e+01,2.176777e+01,2.182993e+01,2.187825e+01,2.174013e+01,2.196104e+01,2.177468e+01,2.172631e+01,2.186445e+01,2.187135e+01,2.178159e+01,2.170557e+01,2.165717e+01,2.172631e+01,2.189896e+01,2.170557e+01,2.180922e+01,2.180231e+01,2.182993e+01,2.189206e+01,2.187825e+01,2.189896e+01,2.181612e+01,2.171248e+01,2.180231e+01,2.188516e+01,2.196793e+01,2.182993e+01,2.196793e+01,2.171940e+01,2.182993e+01,2.187135e+01,2.174013e+01,2.174704e+01,2.180922e+01,2.190586e+01,2.183684e+01,2.174704e+01,2.174013e+01,2.187825e+01,2.162258e+01,2.191276e+01,2.196793e+01,2.187135e+01,2.198862e+01,2.190586e+01,2.188516e+01,2.197483e+01,2.187825e+01,2.169866e+01,2.193345e+01,2.193345e+01,2.194035e+01,2.196793e+01,2.203687e+01,2.183684e+01,2.185065e+01,2.191276e+01,2.183684e+01,2.198172e+01,2.188516e+01,2.191276e+01,2.202997e+01,2.194035e+01,2.172631e+01,2.197483e+01,2.185755e+01,2.188516e+01,2.191276e+01,2.187135e+01,2.181612e+01,2.181612e+01,2.179540e+01,2.189896e+01,2.178159e+01,2.189206e+01,2.190586e+01,2.182993e+01,2.189206e+01,2.178850e+01,2.185755e+01,2.196793e+01,2.185755e+01,2.196793e+01,2.191965e+01,2.223650e+01,2.224338e+01,2.226401e+01,2.229151e+01,2.251122e+01,2.283993e+01,2.294926e+01,2.296975e+01,2.332421e+01,2.344662e+01,2.358247e+01,2.392808e+01,2.400924e+01,2.429951e+01,2.420509e+01,2.439385e+01,2.481059e+01,2.473006e+01,2.492457e+01,2.506520e+01,2.507858e+01,2.504512e+01,2.538593e+01,2.542595e+01,2.548595e+01,2.562583e+01,2.568572e+01,2.571233e+01,2.599130e+01,2.612389e+01,2.607750e+01,2.632245e+01,2.640838e+01,2.659982e+01,2.667894e+01,2.665916e+01,2.684357e+01,2.685673e+01,2.690278e+01,2.680408e+01,2.662620e+01,2.635551e+01,2.577882e+01,2.409708e+01,2.171248e+01,2.083076e+01,2.077496e+01,2.081681e+01,2.081681e+01,2.080286e+01,2.070517e+01,2.068422e+01,2.083773e+01,2.074007e+01,2.078891e+01,2.070517e+01,2.070517e+01,2.058641e+01,2.071215e+01,2.079589e+01,2.082378e+01,2.074007e+01,2.075403e+01,2.070517e+01,2.080984e+01,2.078193e+01,2.086562e+01,2.064231e+01,2.066327e+01,2.076100e+01,2.082378e+01,2.076100e+01,2.083773e+01,2.072611e+01,2.062834e+01,2.072611e+01,2.076798e+01,2.078193e+01,2.068422e+01,2.069120e+01,2.057243e+01,2.070517e+01,2.070517e+01,2.057243e+01,2.054446e+01,2.057243e+01,2.055844e+01,2.057243e+01,2.053747e+01,2.048850e+01,2.054446e+01,2.050249e+01,2.064930e+01,2.076798e+01,2.130382e+01,2.141480e+01,2.147025e+01,2.136626e+01,2.153260e+01,2.155337e+01,2.151875e+01,2.153260e+01,2.137320e+01,2.140787e+01,2.085865e+01,2.062834e+01,2.057243e+01,2.048850e+01,2.060039e+01,2.036248e+01,2.050249e+01,2.055844e+01,2.045351e+01,2.044651e+01,2.056544e+01,2.058641e+01,2.060039e+01,2.069818e+01,2.062834e+01,2.076798e+01,2.115796e+01,2.155337e+01,2.167792e+01,2.158106e+01,2.171248e+01,2.167100e+01,2.170557e+01,2.165025e+01,2.166409e+01,2.167792e+01,2.169866e+01,2.163642e+01,2.177468e+01,2.177468e+01,2.165025e+01,2.169175e+01,2.172631e+01,2.163642e+01,2.160182e+01,2.178159e+01,2.172631e+01,2.170557e+01,2.171248e+01,2.168483e+01,2.171940e+01,2.169175e+01,2.167792e+01,2.167792e+01,2.169175e+01,2.176086e+01,2.178850e+01,2.161566e+01,2.162950e+01,2.171940e+01,2.172631e+01,2.166409e+01,2.167100e+01,2.169175e+01,2.169175e+01,2.163642e+01,2.160182e+01,2.180231e+01,2.161566e+01,2.157414e+01,2.157414e+01,2.170557e+01,2.171940e+01,2.159490e+01,2.166409e+01,2.156721e+01,2.153260e+01,2.152567e+01,2.158106e+01,2.156029e+01,2.157414e+01,2.155337e+01,2.135933e+01,2.140094e+01,2.133158e+01,2.144946e+01,2.136626e+01,2.141480e+01,2.126217e+01,2.142867e+01,2.125522e+01,2.151182e+01,2.139400e+01,2.153260e+01,2.165025e+01,2.151182e+01,2.153260e+01,2.150489e+01,2.155337e+01,2.156029e+01,2.147718e+01,2.167792e+01,2.165717e+01,2.159490e+01,2.160182e+01,2.167792e+01,2.165717e+01,2.168483e+01,2.160874e+01,2.159490e+01,2.165717e+01,2.169866e+01,2.161566e+01,2.158798e+01,2.180922e+01,2.166409e+01,2.171940e+01,2.171248e+01,2.149796e+01,2.151182e+01,2.165717e+01,2.163642e+01,2.162950e+01,2.161566e+01,2.160874e+01,2.162258e+01,2.171940e+01,2.158106e+01,2.158106e+01,2.161566e+01,2.160182e+01,2.161566e+01,2.151875e+01,2.160182e+01,2.152567e+01,2.154645e+01,2.144946e+01,2.152567e+01,2.165717e+01,2.147718e+01,2.143560e+01,2.142867e+01,2.144253e+01,2.140787e+01,2.149796e+01,2.138013e+01,2.144946e+01,2.128299e+01,2.140094e+01,2.128299e+01,2.138707e+01,2.140787e+01,2.133158e+01,2.140094e+01,2.137320e+01,2.142174e+01,2.138707e+01,2.132464e+01,2.138013e+01,2.134545e+01,2.132464e+01,2.135239e+01,2.121355e+01,2.135933e+01,2.109539e+01,2.126217e+01,2.069120e+01,2.067025e+01,2.053047e+01,2.042551e+01,2.038350e+01,2.045351e+01,2.039750e+01,2.042551e+01,2.041851e+01,2.046051e+01,2.048850e+01,2.048850e+01,2.044651e+01,2.041151e+01,2.046051e+01,2.062135e+01,2.090743e+01,2.110929e+01,2.107452e+01,2.101885e+01,2.115101e+01,2.112320e+01,2.122050e+01,2.134545e+01,2.125522e+01,2.127605e+01,2.132464e+01,2.134545e+01,2.134545e+01,2.137320e+01,2.151182e+01,2.156721e+01,2.153260e+01,2.176086e+01,2.177468e+01,2.196793e+01,2.219523e+01,2.247692e+01,2.278522e+01,2.320165e+01,2.330379e+01,2.356890e+01,2.371814e+01,2.381301e+01,2.388071e+01,2.404303e+01,2.405655e+01,2.401600e+01,2.379946e+01,2.377914e+01,2.376559e+01,2.346701e+01,2.324252e+01,2.331060e+01,2.298340e+01,2.287410e+01,2.276469e+01,2.270994e+01,2.238769e+01,2.237395e+01,2.236709e+01,2.215394e+01,2.197483e+01,2.185755e+01,2.195414e+01,2.191965e+01,2.196793e+01,2.196793e+01,2.193345e+01,2.185755e+01,2.191965e+01,2.181612e+01,2.188516e+01,2.187135e+01,2.178159e+01,2.183684e+01,2.200241e+01,2.160874e+01,2.174704e+01,2.178850e+01,2.174013e+01,2.176086e+01,2.174013e+01,2.164334e+01,2.149796e+01,2.153952e+01,2.160182e+01,2.144253e+01,2.160182e+01,2.158798e+01,2.162258e+01,2.154645e+01,2.148411e+01,2.147025e+01,2.147025e+01,2.131770e+01,2.145639e+01,2.140094e+01,2.126217e+01,2.131076e+01,2.133158e+01,2.132464e+01,2.131770e+01,2.129688e+01,2.123439e+01,2.124828e+01,2.133851e+01,2.133851e+01,2.135239e+01,2.129688e+01,2.116491e+01,2.119271e+01,2.126217e+01,2.126911e+01,2.125522e+01,2.127605e+01,2.117881e+01,2.122050e+01,2.115796e+01,2.124828e+01,2.123439e+01,2.129688e+01,2.116491e+01,2.129688e+01,2.118576e+01,2.140787e+01,2.131076e+01,2.128299e+01,2.130382e+01,2.133158e+01,2.128299e+01,2.136626e+01,2.144253e+01,2.131770e+01,2.144253e+01,2.140787e+01,2.142867e+01,2.149104e+01,2.135933e+01,2.156721e+01,2.144946e+01,2.160874e+01,2.151182e+01,2.152567e+01,2.157414e+01,2.147718e+01,2.147025e+01,2.156721e+01,2.167792e+01,2.160182e+01,2.148411e+01,2.149796e+01,2.157414e+01,2.160874e+01,2.162258e+01,2.162950e+01,2.144946e+01,2.169866e+01,2.158106e+01,2.159490e+01,2.151182e+01,2.164334e+01,2.172631e+01,2.173322e+01,2.165717e+01,2.161566e+01,2.168483e+01,2.166409e+01,2.173322e+01,2.167100e+01,2.169866e+01,2.171248e+01,2.163642e+01,2.166409e+01,2.177468e+01,2.167100e+01,2.174704e+01,2.173322e+01,2.158106e+01,2.164334e+01,2.167792e+01,2.158106e+01,2.158106e+01,2.168483e+01,2.155337e+01,2.169175e+01,2.158106e+01,2.175395e+01,2.162950e+01,2.167792e+01,2.159490e+01,2.159490e+01,2.155337e+01,2.152567e+01,2.163642e+01,2.185755e+01,2.162258e+01,2.178850e+01,2.160182e+01,2.158798e+01,2.160182e+01,2.159490e+01,2.157414e+01,2.157414e+01,2.143560e+01,2.137320e+01,2.150489e+01,2.165717e+01,2.160182e+01,2.167100e+01,2.161566e+01,2.158106e+01,2.156029e+01,2.156029e+01,2.151875e+01,2.153260e+01,2.153260e+01,2.149104e+01,2.145639e+01,2.164334e+01,2.149796e+01,2.147025e+01,2.165025e+01,2.153952e+01,2.155337e+01,2.155337e+01,2.156029e+01,2.156029e+01,2.148411e+01,2.158106e+01,2.154645e+01,2.149796e+01,2.161566e+01,2.149104e+01,2.126911e+01,2.150489e+01,2.149104e+01,2.137320e+01,2.144946e+01,2.144253e+01,2.138707e+01,2.138707e+01,2.146332e+01,2.153260e+01,2.124828e+01,2.149796e+01,2.156721e+01,2.161566e+01,2.138013e+01,2.144946e+01,2.152567e+01,2.150489e+01,2.147025e+01,2.167100e+01,2.147025e+01,2.158798e+01,2.153952e+01,2.157414e+01,2.142867e+01,2.160182e+01,2.144253e+01
2.196104e+01,2.200930e+01,2.187135e+01,2.201619e+01,2.180231e+01,2.193345e+01,2.187825e+01,2.196104e+01,2.195414e+01,2.193345e+01,2.195414e+01,2.200241e+01,2.209886e+01,2.194035e+01,2.191276e+01,2.191965e+01,2.194725e+01,2.190586e+01,2.189206e+01,2.194035e+01,2.192655e+01,2.194035e+01,2.198862e+01,2.196104e+01,2.198862e+01,2.191965e+01,2.198862e+01,2.181612e+01,2.192655e+01,2.178850e+01,2.186445e+01,2.199551e+01,2.193345e+01,2.180231e+01,2.186445e+01,2.185065e+01,2.188516e+01,2.190586e+01,2.176086e+01,2.180922e+01,2.173322e+01,2.178159e+01,2.182993e+01,2.171248e+01,2.170557e+01,2.185755e+01,2.185065e+01,2.180922e+01,2.178159e+01,2.178850e+01,2.185755e+01,2.164334e+01,2.167792e+01,2.178850e+01,2.176086e+01,2.185065e+01,2.173322e+01,2.186445e+01,2.173322e+01,2.185755e+01,2.176777e+01,2.194725e+01,2.169175e+01,2.192655e+01,2.187135e+01,2.186445e+01,2.185755e+01,2.179540e+01,2.189206e+01,2.190586e+01,2.187825e+01,2.187825e+01,2.187135e+01,2.174704e+01,2.185065e+01,2.187825e+01,2.194035e+01,2.196104e+01,2.176777e+01,2.187825e+01,2.181612e+01,2.187135e+01,2.197483e+01,2.183684e+01,2.182303e+01,2.185755e+01,2.196104e+01,2.194035e+01,2.191965e+01,2.186445e+01,2.191276e+01,2.194035e+01,2.190586e+01,2.185065e+01,2.193345e+01,2.194035e+01,2.200241e+01,2.187825e+01,2.189896e+01,2.187825e+01,2.185755e+01,2.193345e+01,2.180231e+01,2.178159e+01,2.188516e+01,2.190586e+01,2.186445e+01,2.176777e+01,2.186445e+01,2.180231e+01,2.180922e+01,2.184374e+01,2.185755e+01,2.189206e+01,2.187825e+01,2.189206e+01,2.205754e+01,2.202997e+01,2.203687e+01,2.225713e+01,2.202308e+01,2.222962e+01,2.253180e+01,2.254551e+01,2.259350e+01,2.285360e+01,2.296975e+01,2.335143e+01,2.344662e+01,2.342623e+01,2.364355e+01,2.371814e+01,2.417135e+01,2.440058e+01,2.447464e+01,2.446791e+01,2.480388e+01,2.503843e+01,2.507858e+01,2.508527e+01,2.526577e+01,2.526577e+01,2.545929e+01,2.549928e+01,2.550595e+01,2.576552e+01,2.589175e+01,2.596476e+01,2.601783e+01,2.612389e+01,2.629600e+01,2.638195e+01,2.636212e+01,2.652725e+01,2.665916e+01,2.690936e+01,2.674482e+01,2.683041e+01,2.678433e+01,2.667235e+01,2.646123e+01,2.589175e+01,2.475020e+01,2.192655e+01,2.089350e+01,2.079589e+01,2.080984e+01,2.076100e+01,2.071215e+01,2.067723e+01,2.068422e+01,2.064231e+01,2.075403e+01,2.046751e+01,2.071913e+01,2.076798e+01,2.071215e+01,2.066327e+01,2.080286e+01,2.072611e+01,2.074007e+01,2.069120e+01,2.074007e+01,2.071215e+01,2.081681e+01,2.068422e+01,2.092137e+01,2.072611e+01,2.072611e+01,2.068422e+01,2.067723e+01,2.074007e+01,2.072611e+01,2.074007e+01,2.083773e+01,2.070517e+01,2.070517e+01,2.085168e+01,2.065628e+01,2.089350e+01,2.063532e+01,2.068422e+01,2.053747e+01,2.049550e+01,2.051648e+01,2.055844e+01,2.041851e+01,2.062135e+01,2.052348e+01,2.069120e+01,2.069120e+01,2.074705e+01,2.091440e+01,2.133158e+01,2.134545e+01,2.153952e+01,2.156029e+01,2.153260e+01,2.156721e+01,2.152567e+01,2.138707e+01,2.133851e+01,2.133158e+01,2.128993e+01,2.072611e+01,2.056544e+01,2.052348e+01,2.052348e+01,2.053747e+01,2.057942e+01,2.055844e+01,2.051648e+01,2.053047e+01,2.056544e+01,2.061436e+01,2.069120e+01,2.056544e+01,2.065628e+01,2.071215e+01,2.124828e+01,2.137320e+01,2.169175e+01,2.156029e+01,2.160874e+01,2.156721e+01,2.172631e+01,2.165717e+01,2.169175e+01,2.167100e+01,2.175395e+01,2.162258e+01,2.170557e+01,2.165025e+01,2.165717e+01,2.152567e+01,2.163642e+01,2.153260e+01,2.175395e+01,2.158106e+01,2.165025e+01,2.171940e+01,2.166409e+01,2.167792e+01,2.168483e+01,2.168483e+01,2.160874e+01,2.165717e+01,2.175395e+01,2.171248e+01,2.177468e+01,2.171940e+01,2.164334e+01,2.158798e+01,2.173322e+01,2.169175e+01,2.169866e+01,2.167100e+01,2.168483e+01,2.165025e+01,2.173322e+01,2.159490e+01,2.165025e+01,2.166409e+01,2.161566e+01,2.150489e+01,2.163642e+01,2.153952e+01,2.167792e+01,2.156029e+01,2.166409e+01,2.159490e+01,2.159490e+01,2.156721e+01,2.150489e+01,2.131770e+01,2.151182e+01,2.147718e+01,2.134545e+01,2.152567e+01,2.149104e+01,2.139400e+01,2.149104e+01,2.147025e+01,2.144946e+01,2.139400e+01,2.159490e+01,2.151875e+01,2.158798e+01,2.152567e+01,2.165025e+01,2.149796e+01,2.151182e+01,2.148411e+01,2.159490e+01,2.149796e+01,2.159490e+01,2.155337e+01,2.168483e+01,2.164334e+01,2.153260e+01,2.169175e+01,2.165025e+01,2.158798e+01,2.167792e+01,2.171248e+01,2.168483e+01,2.170557e+01,2.172631e+01,2.151182e+01,2.170557e+01,2.170557e+01,2.162950e+01,2.165717e+01,2.163642e+01,2.155337e+01,2.159490e+01,2.163642e+01,2.161566e+01,2.161566e+01,2.172631e+01,2.158106e+01,2.160874e+01,2.158106e+01,2.160182e+01,2.151182e+01,2.153952e+01,2.154645e+01,2.150489e+01,2.156029e+01,2.140787e+01,2.145639e+01,2.145639e+01,2.146332e+01,2.140787e+01,2.132464e+01,2.140094e+01,2.116491e+01,2.147025e+01,2.138707e+01,2.139400e+01,2.126911e+01,2.128299e+01,2.141480e+01,2.139400e+01,2.142867e+01,2.136626e+01,2.131076e+01,2.138707e+01,2.135933e+01,2.138707e+01,2.127605e+01,2.130382e+01,2.138707e+01,2.122744e+01,2.126911e+01,2.122744e+01,2.119271e+01,2.113711e+01,2.127605e+01,2.108148e+01,2.085865e+01,2.059340e+01,2.048150e+01,2.044651e+01,2.049550e+01,2.048150e+01,2.037649e+01,2.036949e+01,2.046751e+01,2.048150e+01,2.051648e+01,2.051648e+01,2.036949e+01,2.055844e+01,2.051648e+01,2.084470e+01,2.103973e+01,2.102581e+01,2.119966e+01,2.108148e+01,2.112320e+01,2.132464e+01,2.113015e+01,2.119271e+01,2.128993e+01,2.136626e+01,2.124828e+01,2.135933e+01,2.138013e+01,2.140094e+01,2.144946e+01,2.169175e+01,2.175395e+01,2.202308e+01,2.214706e+01,2.236709e+01,2.242202e+01,2.279206e+01,2.306530e+01,2.311986e+01,2.354174e+01,2.351457e+01,2.381301e+01,2.387395e+01,2.386718e+01,2.406330e+01,2.392808e+01,2.386718e+01,2.371136e+01,2.348740e+01,2.348060e+01,2.320846e+01,2.309258e+01,2.307894e+01,2.274416e+01,2.271679e+01,2.251122e+01,2.250437e+01,2.236709e+01,2.220211e+01,2.216771e+01,2.202308e+01,2.197483e+01,2.198172e+01,2.185755e+01,2.187135e+01,2.197483e+01,2.180922e+01,2.178850e+01,2.193345e+01,2.179540e+01,2.180231e+01,2.189896e+01,2.186445e+01,2.186445e+01,2.186445e+01,2.182993e+01,2.156721e+01,2.162950e+01,2.175395e+01,2.174013e+01,2.174013e+01,2.176777e+01,2.148411e+01,2.161566e+01,2.155337e+01,2.161566e+01,2.164334e+01,2.160182e+01,2.158106e+01,2.156721e+01,2.147718e+01,2.140787e+01,2.145639e+01,2.131076e+01,2.126911e+01,2.138013e+01,2.140094e+01,2.134545e+01,2.135933e+01,2.130382e+01,2.126911e+01,2.136626e+01,2.136626e+01,2.124133e+01,2.129688e+01,2.129688e+01,2.123439e+01,2.128299e+01,2.124828e+01,2.138707e+01,2.124133e+01,2.119271e+01,2.129688e+01,2.124828e+01,2.119966e+01,2.127605e+01,2.120660e+01,2.124828e+01,2.127605e+01,2.136626e+01,2.119966e+01,2.130382e+01,2.127605e+01,2.113711e+01,2.124133e+01,2.129688e+01,2.132464e+01,2.129688e+01,2.126911e+01,2.126217e+01,2.137320e+01,2.139400e+01,2.133158e+01,2.144946e+01,2.148411e+01,2.147718e+01,2.132464e+01,2.134545e+01,2.158106e+01,2.157414e+01,2.150489e+01,2.153952e+01,2.154645e+01,2.153952e+01,2.143560e+01,2.151875e+01,2.144946e+01,2.162950e+01,2.160874e+01,2.154645e+01,2.159490e+01,2.159490e+01,2.159490e+01,2.151182e+01,2.163642e+01,2.160874e+01,2.166409e+01,2.164334e+01,2.153952e+01,2.153952e+01,2.161566e+01,2.174013e+01,2.173322e+01,2.160182e+01,2.162258e+01,2.169866e+01,2.170557e+01,2.163642e+01,2.164334e+01,2.179540e+01,2.185065e+01,2.163642e+01,2.164334e+01,2.167100e+01,2.172631e+01,2.170557e+01,2.172631e+01,2.175395e+01,2.169866e+01,2.175395e+01,2.152567e+01,2.173322e+01,2.171248e+01,2.160182e+01,2.154645e+01,2.154645e+01,2.161566e+01,2.160874e+01,2.161566e+01,2.160182e+01,2.155337e+01,2.163642e+01,2.157414e+01,2.146332e+01,2.144946e+01,2.155337e+01,2.145639e+01,2.148411e+01,2.160874e+01,2.158798e+01,2.157414e+01,2.157414e+01,2.151182e+01,2.160874e+01,2.158106e+01,2.167792e+01,2.156029e+01,2.154645e+01,2.158798e+01,2.158106e+01,2.144946e+01,2.156029e+01,2.145639e+01,2.156029e+01,2.149796e+01,2.147025e+01,2.154645e+01,2.145639e+01,2.151875e+01,2.156029e+01,2.140787e+01,2.147718e+01,2.156029e+01,2.152567e+01,2.149796e+01,2.139400e+01,2.138013e+01,2.157414e+01,2.146332e+01,2.153260e+01,2.147025e+01,2.130382e+01,2.141480e+01,2.149796e+01,2.147718e+01,2.146332e+01,2.153260e+01,2.150489e+01,2.135933e+01,2.147025e+01,2.147025e+01,2.129688e+01,2.144946e+01,2.153952e+01,2.143560e+01,2.145639e+01,2.153260e+01,2.142867e+01,2.140787e+01,2.153260e+01,2.144946e+01,2.151182e+01,2.148411e+01,2.157414e+01,2.149104e+01,2.151182e+01,2.140094e+01,2.154645e+01,2.149104e+01
2.202308e+01,2.200241e+01,2.199551e+01,2.207131e+01,2.203687e+01,2.194035e+01,2.191965e+01,2.194725e+01,2.196793e+01,2.201619e+01,2.199551e+01,2.196104e+01,2.196793e+01,2.202308e+01,2.209886e+01,2.209886e+01,2.201619e+01,2.209886e+01,2.197483e+01,2.193345e+01,2.194725e+01,2.187825e+01,2.194725e+01,2.190586e+01,2.191965e+01,2.187825e+01,2.172631e+01,2.182303e+01,2.201619e+01,2.176086e+01,2.176777e+01,2.198862e+01,2.180231e+01,2.201619e+01,2.184374e+01,2.186445e+01,2.178850e+01,2.176086e+01,2.178850e+01,2.195414e+01,2.180922e+01,2.177468e+01,2.188516e+01,2.182993e+01,2.176086e+01,2.180231e+01,2.190586e+01,2.192655e+01,2.180231e+01,2.177468e+01,2.186445e+01,2.175395e+01,2.177468e+01,2.186445e+01,2.175395e+01,2.189896e+01,2.189896e+01,2.171940e+01,2.182303e+01,2.174013e+01,2.179540e+01,2.169866e+01,2.190586e+01,2.187825e+01,2.194725e+01,2.185065e+01,2.189896e+01,2.188516e+01,2.188516e+01,2.195414e+01,2.187135e+01,2.187135e+01,2.181612e+01,2.182303e+01,2.182993e+01,2.182303e+01,2.185755e+01,2.192655e+01,2.187135e+01,2.204376e+01,2.175395e+01,2.177468e+01,2.185755e+01,2.184374e+01,2.183684e+01,2.186445e+01,2.187135e+01,2.188516e+01,2.193345e+01,2.191276e+01,2.185065e+01,2.187135e+01,2.191276e+01,2.163642e+01,2.191965e+01,2.185755e+01,2.194035e+01,2.193345e+01,2.188516e+01,2.185065e+01,2.195414e+01,2.175395e+01,2.194035e+01,2.191276e+01,2.190586e+01,2.186445e+01,2.186445e+01,2.180231e+01,2.192655e+01,2.174704e+01,2.182303e+01,2.189896e+01,2.179540e+01,2.180922e+01,2.178159e+01,2.188516e+01,2.185755e+01,2.202308e+01,2.218147e+01,2.208509e+01,2.230525e+01,2.247006e+01,2.247006e+01,2.256608e+01,2.286727e+01,2.278522e+01,2.318121e+01,2.316076e+01,2.346701e+01,2.338544e+01,2.365711e+01,2.391455e+01,2.413760e+01,2.430625e+01,2.448810e+01,2.477705e+01,2.488436e+01,2.506520e+01,2.491117e+01,2.509865e+01,2.527913e+01,2.534589e+01,2.555258e+01,2.543929e+01,2.573228e+01,2.561917e+01,2.593822e+01,2.591831e+01,2.599793e+01,2.590503e+01,2.633568e+01,2.639517e+01,2.646123e+01,2.655364e+01,2.664598e+01,2.653385e+01,2.678433e+01,2.675141e+01,2.675800e+01,2.659982e+01,2.638195e+01,2.574558e+01,2.457554e+01,2.176777e+01,2.076798e+01,2.069120e+01,2.073309e+01,2.071913e+01,2.072611e+01,2.077496e+01,2.070517e+01,2.067025e+01,2.071913e+01,2.074705e+01,2.074705e+01,2.070517e+01,2.078891e+01,2.071913e+01,2.071913e+01,2.066327e+01,2.072611e+01,2.072611e+01,2.073309e+01,2.076798e+01,2.068422e+01,2.087259e+01,2.077496e+01,2.064930e+01,2.070517e+01,2.076100e+01,2.074007e+01,2.074007e+01,2.062834e+01,2.071215e+01,2.085168e+01,2.061436e+01,2.057942e+01,2.065628e+01,2.064231e+01,2.060039e+01,2.053047e+01,2.051648e+01,2.062135e+01,2.053747e+01,2.049550e+01,2.070517e+01,2.053047e+01,2.055145e+01,2.046751e+01,2.066327e+01,2.067723e+01,2.094226e+01,2.132464e+01,2.137320e+01,2.142174e+01,2.147718e+01,2.153260e+01,2.147025e+01,2.137320e+01,2.156721e+01,2.144946e+01,2.146332e+01,2.141480e+01,2.126217e+01,2.124828e+01,2.070517e+01,2.050949e+01,2.071913e+01,2.052348e+01,2.051648e+01,2.041151e+01,2.044651e+01,2.057243e+01,2.059340e+01,2.053747e+01,2.060737e+01,2.045351e+01,2.067723e+01,2.071215e+01,2.110234e+01,2.159490e+01,2.171940e+01,2.171248e+01,2.169866e+01,2.162950e+01,2.167100e+01,2.171248e+01,2.171248e+01,2.165717e+01,2.164334e+01,2.177468e+01,2.174013e+01,2.162258e+01,2.169866e+01,2.174013e+01,2.173322e+01,2.171940e+01,2.166409e+01,2.168483e+01,2.174013e+01,2.166409e+01,2.164334e+01,2.169866e+01,2.167100e+01,2.152567e+01,2.164334e+01,2.167100e+01,2.151182e+01,2.162258e+01,2.156721e+01,2.170557e+01,2.171248e+01,2.171940e+01,2.165025e+01,2.169866e+01,2.171248e+01,2.157414e+01,2.164334e+01,2.180922e+01,2.167792e+01,2.160874e+01,2.167100e+01,2.159490e+01,2.172631e+01,2.159490e+01,2.158798e+01,2.147718e+01,2.162950e+01,2.171248e+01,2.160874e+01,2.160182e+01,2.156029e+01,2.151182e+01,2.158106e+01,2.154645e+01,2.150489e+01,2.128993e+01,2.141480e+01,2.145639e+01,2.144253e+01,2.154645e+01,2.151182e+01,2.128993e+01,2.149796e+01,2.142174e+01,2.135239e+01,2.153952e+01,2.153260e+01,2.167100e+01,2.160874e+01,2.156721e+01,2.151875e+01,2.156721e+01,2.158798e+01,2.153952e+01,2.158798e+01,2.167792e+01,2.159490e+01,2.162950e+01,2.161566e+01,2.169175e+01,2.162258e+01,2.163642e+01,2.171248e+01,2.169866e+01,2.163642e+01,2.160182e+01,2.174704e+01,2.169866e+01,2.167792e+01,2.174013e+01,2.167100e+01,2.177468e+01,2.165025e+01,2.166409e+01,2.159490e+01,2.170557e+01,2.158106e+01,2.167100e+01,2.158798e+01,2.156721e+01,2.145639e+01,2.156721e+01,2.152567e+01,2.158798e+01,2.149104e+01,2.162258e+01,2.161566e+01,2.148411e+01,2.146332e+01,2.165717e+01,2.145639e+01,2.137320e+01,2.142174e+01,2.147025e+01,2.140787e+01,2.142867e+01,2.137320e+01,2.146332e+01,2.126911e+01,2.138707e+01,2.126911e+01,2.142867e+01,2.146332e+01,2.124133e+01,2.130382e+01,2.133851e+01,2.140787e+01,2.131076e+01,2.128299e+01,2.130382e+01,2.127605e+01,2.128993e+01,2.126911e+01,2.131076e+01,2.122050e+01,2.117186e+01,2.121355e+01,2.119271e+01,2.103277e+01,2.108843e+01,2.071215e+01,2.055145e+01,2.059340e+01,2.040450e+01,2.052348e+01,2.044651e+01,2.048150e+01,2.049550e+01,2.041151e+01,2.043251e+01,2.046751e+01,2.055145e+01,2.054446e+01,2.067025e+01,2.101189e+01,2.106061e+01,2.103973e+01,2.124133e+01,2.119966e+01,2.129688e+01,2.131076e+01,2.123439e+01,2.120660e+01,2.138707e+01,2.125522e+01,2.140787e+01,2.118576e+01,2.139400e+01,2.142867e+01,2.153952e+01,2.146332e+01,2.165717e+01,2.175395e+01,2.186445e+01,2.217459e+01,2.243575e+01,2.260720e+01,2.280573e+01,2.309258e+01,2.337864e+01,2.351457e+01,2.366390e+01,2.365711e+01,2.373848e+01,2.390778e+01,2.370458e+01,2.366390e+01,2.347381e+01,2.362319e+01,2.335823e+01,2.322209e+01,2.307894e+01,2.301071e+01,2.297657e+01,2.267571e+01,2.260035e+01,2.236022e+01,2.233961e+01,2.223650e+01,2.218835e+01,2.209198e+01,2.190586e+01,2.187135e+01,2.198172e+01,2.184374e+01,2.181612e+01,2.189896e+01,2.187135e+01,2.197483e+01,2.185755e+01,2.181612e+01,2.183684e+01,2.165717e+01,2.169175e+01,2.165717e+01,2.185065e+01,2.183684e+01,2.178850e+01,2.165025e+01,2.174704e+01,2.174704e+01,2.158106e+01,2.167792e+01,2.164334e+01,2.156721e+01,2.152567e+01,2.158106e+01,2.156721e+01,2.153260e+01,2.151875e+01,2.142867e+01,2.147025e+01,2.138707e+01,2.144253e+01,2.133158e+01,2.131770e+01,2.143560e+01,2.140094e+01,2.133158e+01,2.153260e+01,2.133158e+01,2.124133e+01,2.149104e+01,2.142174e+01,2.128993e+01,2.128993e+01,2.128993e+01,2.124828e+01,2.124828e+01,2.132464e+01,2.122744e+01,2.125522e+01,2.124133e+01,2.121355e+01,2.124828e+01,2.127605e+01,2.120660e+01,2.129688e+01,2.132464e+01,2.135239e+01,2.124133e+01,2.122744e+01,2.121355e+01,2.128993e+01,2.129688e+01,2.146332e+01,2.144946e+01,2.142174e+01,2.125522e+01,2.138707e+01,2.143560e+01,2.148411e+01,2.133158e+01,2.143560e+01,2.131076e+01,2.147025e+01,2.144253e+01,2.153260e+01,2.144946e+01,2.161566e+01,2.149104e+01,2.149104e+01,2.158106e+01,2.143560e+01,2.156721e+01,2.156029e+01,2.153952e+01,2.162950e+01,2.149104e+01,2.148411e+01,2.157414e+01,2.158798e+01,2.160874e+01,2.147718e+01,2.158798e+01,2.160182e+01,2.149796e+01,2.162258e+01,2.157414e+01,2.153952e+01,2.162258e+01,2.157414e+01,2.167100e+01,2.153260e+01,2.168483e+01,2.165717e+01,2.176086e+01,2.157414e+01,2.178159e+01,2.178159e+01,2.167100e+01,2.162950e+01,2.167100e+01,2.172631e+01,2.166409e+01,2.164334e+01,2.171940e+01,2.174704e+01,2.171248e+01,2.170557e+01,2.165025e+01,2.158106e+01,2.167792e+01,2.156029e+01,2.171940e+01,2.168483e+01,2.163642e+01,2.169175e+01,2.171940e+01,2.160182e+01,2.162950e+01,2.162950e+01,2.154645e+01,2.149104e+01,2.160182e+01,2.156029e+01,2.162950e+01,2.161566e+01,2.146332e+01,2.158106e+01,2.162950e+01,2.138707e+01,2.159490e+01,2.163642e+01,2.151875e+01,2.162950e+01,2.133851e+01,2.162258e+01,2.164334e+01,2.153260e+01,2.151875e+01,2.143560e+01,2.162258e+01,2.151182e+01,2.156029e+01,2.158106e+01,2.156029e+01,2.153952e+01,2.153260e+01,2.150489e+01,2.135239e+01,2.159490e+01,2.156721e+01,2.157414e+01,2.140787e+01,2.135933e+01,2.154645e+01,2.153952e+01,2.140094e+01,2.144253e+01,2.142867e+01,2.150489e+01,2.146332e+01,2.143560e+01,2.139400e+01,2.139400e+01,2.144946e+01,2.142867e+01,2.138707e+01,2.135933e+01,2.140787e+01,2.141480e+01,2.137320e+01,2.147718e+01,2.142174e+01,2.141480e+01,2.144946e+01,2.146332e+01,2.140094e+01,2.157414e+01,2.153952e+01,2.153952e+01,2.155337e+01,2.154645e+01,2.153260e+01,2.147025e+01,2.154645e+01,2.167792e+01,2.155337e+01
2.197483e+01,2.200930e+01,2.201619e+01,2.187135e+01,2.189206e+01,2.183684e+01,2.191965e+01,2.202997e+01,2.194035e+01,2.200241e+01,2.191276e+01,2.189896e+01,2.195414e+01,2.182303e+01,2.189206e+01,2.203687e+01,2.195414e+01,2.206442e+01,2.209198e+01,2.187135e+01,2.188516e+01,2.185755e+01,2.196104e+01,2.196793e+01,2.190586e+01,2.210575e+01,2.179540e+01,2.185755e+01,2.178159e+01,2.178850e+01,2.182303e+01,2.186445e+01,2.176777e+01,2.190586e+01,2.181612e+01,2.162950e+01,2.185065e+01,2.178159e+01,2.175395e+01,2.183684e+01,2.183684e+01,2.184374e+01,2.180231e+01,2.185065e+01,2.174013e+01,2.175395e+01,2.174704e+01,2.190586e+01,2.172631e+01,2.178159e+01,2.174704e+01,2.172631e+01,2.182303e+01,2.176777e+01,2.177468e+01,2.183684e+01,2.189206e+01,2.189206e+01,2.182303e+01,2.179540e+01,2.180922e+01,2.177468e+01,2.173322e+01,2.183684e+01,2.191965e+01,2.177468e+01,2.186445e+01,2.178159e+01,2.180922e+01,2.189896e+01,2.188516e+01,2.183684e+01,2.185065e+01,2.183684e+01,2.193345e+01,2.180231e+01,2.183684e+01,2.178159e+01,2.178159e+01,2.194035e+01,2.191276e+01,2.205754e+01,2.189896e+01,2.189206e+01,2.180922e+01,2.196104e+01,2.191276e+01,2.187135e+01,2.190586e+01,2.195414e+01,2.193345e+01,2.192655e+01,2.184374e+01,2.193345e+01,2.186445e+01,2.189206e+01,2.194725e+01,2.193345e+01,2.172631e+01,2.189896e+01,2.189206e+01,2.191965e+01,2.176777e+01,2.187135e+01,2.185065e+01,2.175395e+01,2.179540e+01,2.187825e+01,2.181612e+01,2.194035e+01,2.198172e+01,2.186445e+01,2.176777e+01,2.181612e+01,2.196793e+01,2.196104e+01,2.207820e+01,2.207820e+01,2.196793e+01,2.209886e+01,2.214706e+01,2.237395e+01,2.237395e+01,2.255237e+01,2.286043e+01,2.282625e+01,2.286043e+01,2.325614e+01,2.329018e+01,2.346701e+01,2.369102e+01,2.400247e+01,2.396190e+01,2.433321e+01,2.436690e+01,2.456209e+01,2.482401e+01,2.484413e+01,2.485084e+01,2.509196e+01,2.513879e+01,2.526577e+01,2.533254e+01,2.548595e+01,2.559254e+01,2.569237e+01,2.565245e+01,2.588511e+01,2.591167e+01,2.610401e+01,2.609076e+01,2.643481e+01,2.639517e+01,2.655364e+01,2.670530e+01,2.669871e+01,2.674482e+01,2.658003e+01,2.668553e+01,2.658663e+01,2.628938e+01,2.606424e+01,2.521900e+01,2.239456e+01,2.090743e+01,2.066327e+01,2.056544e+01,2.070517e+01,2.057942e+01,2.071215e+01,2.069120e+01,2.082378e+01,2.080286e+01,2.076798e+01,2.080286e+01,2.071215e+01,2.071913e+01,2.067723e+01,2.071913e+01,2.073309e+01,2.074007e+01,2.076798e+01,2.071215e+01,2.080984e+01,2.075403e+01,2.066327e+01,2.074007e+01,2.069818e+01,2.067723e+01,2.074007e+01,2.060737e+01,2.072611e+01,2.071215e+01,2.064231e+01,2.064930e+01,2.065628e+01,2.064930e+01,2.058641e+01,2.047451e+01,2.082378e+01,2.068422e+01,2.053047e+01,2.053047e+01,2.062135e+01,2.049550e+01,2.073309e+01,2.048850e+01,2.046051e+01,2.041851e+01,2.051648e+01,2.070517e+01,2.125522e+01,2.145639e+01,2.151182e+01,2.152567e+01,2.147718e+01,2.152567e+01,2.153260e+01,2.152567e+01,2.171940e+01,2.143560e+01,2.157414e+01,2.135239e+01,2.145639e+01,2.127605e+01,2.114406e+01,2.062834e+01,2.060039e+01,2.040450e+01,2.038350e+01,2.057243e+01,2.034146e+01,2.055844e+01,2.050249e+01,2.053047e+01,2.048850e+01,2.058641e+01,2.069818e+01,2.067723e+01,2.126217e+01,2.138013e+01,2.167100e+01,2.157414e+01,2.152567e+01,2.177468e+01,2.180231e+01,2.164334e+01,2.167792e+01,2.167100e+01,2.160874e+01,2.159490e+01,2.176086e+01,2.165717e+01,2.160182e+01,2.167792e+01,2.156029e+01,2.156721e+01,2.154645e+01,2.162950e+01,2.167100e+01,2.174704e+01,2.171248e+01,2.170557e+01,2.154645e+01,2.154645e+01,2.165717e+01,2.179540e+01,2.162950e+01,2.175395e+01,2.169175e+01,2.166409e+01,2.169175e+01,2.170557e+01,2.159490e+01,2.157414e+01,2.158798e+01,2.167100e+01,2.169866e+01,2.172631e+01,2.162258e+01,2.171248e+01,2.169175e+01,2.174013e+01,2.165717e+01,2.156029e+01,2.157414e+01,2.155337e+01,2.162258e+01,2.158798e+01,2.169866e+01,2.147718e+01,2.160182e+01,2.156029e+01,2.159490e+01,2.139400e+01,2.147718e+01,2.153952e+01,2.151875e+01,2.159490e+01,2.149104e+01,2.146332e+01,2.134545e+01,2.152567e+01,2.151875e+01,2.160874e+01,2.155337e+01,2.139400e+01,2.161566e+01,2.153952e+01,2.153952e+01,2.153952e+01,2.156029e+01,2.155337e+01,2.161566e+01,2.165025e+01,2.162950e+01,2.160182e+01,2.167100e+01,2.162258e+01,2.160874e+01,2.162950e+01,2.170557e+01,2.167100e+01,2.168483e+01,2.169866e+01,2.169866e+01,2.168483e+01,2.163642e+01,2.170557e+01,2.169866e+01,2.169175e+01,2.168483e+01,2.164334e+01,2.160874e+01,2.156029e+01,2.158798e+01,2.156721e+01,2.156721e+01,2.157414e+01,2.143560e+01,2.151182e+01,2.153260e+01,2.153260e+01,2.153952e+01,2.151182e+01,2.148411e+01,2.151875e+01,2.147025e+01,2.149104e+01,2.158798e+01,2.149104e+01,2.143560e+01,2.140094e+01,2.143560e+01,2.134545e+01,2.124828e+01,2.128993e+01,2.142867e+01,2.132464e+01,2.140787e+01,2.139400e+01,2.135933e+01,2.141480e+01,2.140787e+01,2.125522e+01,2.128993e+01,2.126911e+01,2.131076e+01,2.131770e+01,2.133158e+01,2.128299e+01,2.128299e+01,2.128993e+01,2.128299e+01,2.119966e+01,2.124133e+01,2.119271e+01,2.122744e+01,2.120660e+01,2.122050e+01,2.122050e+01,2.101885e+01,2.048850e+01,2.034847e+01,2.042551e+01,2.048850e+01,2.027137e+01,2.036949e+01,2.047451e+01,2.051648e+01,2.039050e+01,2.050949e+01,2.067723e+01,2.060737e+01,2.094923e+01,2.106061e+01,2.101885e+01,2.101189e+01,2.128299e+01,2.123439e+01,2.131076e+01,2.124133e+01,2.123439e+01,2.106061e+01,2.117881e+01,2.135239e+01,2.125522e+01,2.138707e+01,2.137320e+01,2.155337e+01,2.156721e+01,2.160874e+01,2.160874e+01,2.162258e+01,2.187825e+01,2.214706e+01,2.233961e+01,2.244948e+01,2.279889e+01,2.314713e+01,2.335143e+01,2.335143e+01,2.333782e+01,2.375203e+01,2.362319e+01,2.367068e+01,2.367068e+01,2.370458e+01,2.346022e+01,2.345342e+01,2.330379e+01,2.300388e+01,2.294926e+01,2.298340e+01,2.279889e+01,2.267571e+01,2.251808e+01,2.254551e+01,2.219523e+01,2.216771e+01,2.217459e+01,2.214017e+01,2.209198e+01,2.185755e+01,2.189206e+01,2.185065e+01,2.185755e+01,2.196104e+01,2.182303e+01,2.193345e+01,2.188516e+01,2.189896e+01,2.184374e+01,2.183684e+01,2.175395e+01,2.159490e+01,2.177468e+01,2.160874e+01,2.185065e+01,2.180922e+01,2.167792e+01,2.162258e+01,2.166409e+01,2.151875e+01,2.175395e+01,2.151875e+01,2.158106e+01,2.148411e+01,2.154645e+01,2.151875e+01,2.156029e+01,2.143560e+01,2.140094e+01,2.142174e+01,2.140787e+01,2.143560e+01,2.130382e+01,2.140787e+01,2.131076e+01,2.126217e+01,2.131076e+01,2.139400e+01,2.140787e+01,2.137320e+01,2.129688e+01,2.128993e+01,2.128299e+01,2.122050e+01,2.125522e+01,2.118576e+01,2.132464e+01,2.117881e+01,2.116491e+01,2.135239e+01,2.120660e+01,2.121355e+01,2.120660e+01,2.120660e+01,2.120660e+01,2.122050e+01,2.124133e+01,2.122744e+01,2.116491e+01,2.123439e+01,2.122744e+01,2.128299e+01,2.129688e+01,2.135933e+01,2.126217e+01,2.123439e+01,2.142867e+01,2.129688e+01,2.135933e+01,2.139400e+01,2.135933e+01,2.147718e+01,2.132464e+01,2.125522e+01,2.151875e+01,2.142867e+01,2.147025e+01,2.145639e+01,2.153952e+01,2.158106e+01,2.157414e+01,2.146332e+01,2.157414e+01,2.154645e+01,2.154645e+01,2.144946e+01,2.151875e+01,2.147025e+01,2.154645e+01,2.159490e+01,2.162258e+01,2.162258e+01,2.158798e+01,2.161566e+01,2.153260e+01,2.154645e+01,2.151875e+01,2.176086e+01,2.174013e+01,2.157414e+01,2.164334e+01,2.170557e+01,2.169175e+01,2.160182e+01,2.160182e+01,2.156721e+01,2.160182e+01,2.163642e+01,2.160874e+01,2.159490e+01,2.164334e+01,2.171248e+01,2.158106e+01,2.163642e+01,2.155337e+01,2.162258e+01,2.164334e+01,2.169866e+01,2.152567e+01,2.155337e+01,2.153952e+01,2.159490e+01,2.158106e+01,2.160874e+01,2.164334e+01,2.158106e+01,2.159490e+01,2.164334e+01,2.168483e+01,2.150489e+01,2.147025e+01,2.148411e+01,2.153952e+01,2.157414e+01,2.164334e+01,2.149796e+01,2.157414e+01,2.158798e+01,2.158798e+01,2.151875e+01,2.162258e+01,2.167792e+01,2.153260e+01,2.142174e+01,2.155337e+01,2.157414e+01,2.158106e+01,2.144253e+01,2.153260e+01,2.144946e+01,2.162258e+01,2.156029e+01,2.148411e+01,2.147718e+01,2.147718e+01,2.153952e+01,2.146332e+01,2.151875e+01,2.144946e+01,2.154645e+01,2.144253e+01,2.143560e+01,2.156029e+01,2.135933e+01,2.142867e+01,2.138707e+01,2.136626e+01,2.142867e+01,2.144253e+01,2.131076e+01,2.144946e+01,2.139400e+01,2.145639e+01,2.147718e+01,2.122050e+01,2.144946e+01,2.131770e+01,2.139400e+01,2.136626e+01,2.143560e+01,2.147718e+01,2.129688e+01,2.137320e+01,2.144253e+01,2.138707e+01,2.133851e+01,2.149104e+01,2.152567e+01,2.156029e+01,2.133851e+01,2.147718e+01,2.153260e+01,2.144946e+01,2.150489e+01,2.147025e+01,2.146332e+01
2.188516e+01,2.197483e+01,2.182993e+01,2.196793e+01,2.194725e+01,2.187825e+01,2.198862e+01,2.183684e+01,2.198862e+01,2.202308e+01,2.189896e+01,2.219523e+01,2.209886e+01,2.200241e+01,2.204376e+01,2.208509e+01,2.206442e+01,2.185065e+01,2.209198e+01,2.184374e+01,2.190586e+01,2.197483e+01,2.188516e+01,2.187825e+01,2.191965e+01,2.184374e+01,2.191276e+01,2.194725e+01,2.176777e+01,2.178850e+01,2.182993e+01,2.177468e+01,2.179540e+01,2.167792e+01,2.190586e+01,2.179540e+01,2.179540e+01,2.179540e+01,2.159490e+01,2.174704e+01,2.180922e+01,2.178850e+01,2.182303e+01,2.174013e+01,2.176086e+01,2.172631e+01,2.186445e+01,2.181612e+01,2.177468e+01,2.180922e+01,2.179540e+01,2.180922e+01,2.181612e+01,2.178850e+01,2.174704e+01,2.188516e+01,2.171940e+01,2.176777e+01,2.177468e+01,2.178850e+01,2.176777e+01,2.174704e+01,2.177468e+01,2.172631e+01,2.173322e+01,2.180922e+01,2.178850e+01,2.189206e+01,2.184374e+01,2.184374e+01,2.180231e+01,2.178850e+01,2.182303e+01,2.193345e+01,2.171940e+01,2.176777e+01,2.171940e+01,2.177468e+01,2.190586e+01,2.189206e+01,2.197483e+01,2.188516e+01,2.191276e+01,2.196104e+01,2.178159e+01,2.189896e+01,2.188516e+01,2.178850e+01,2.194035e+01,2.189206e+01,2.178850e+01,2.191965e+01,2.189206e+01,2.195414e+01,2.197483e+01,2.189206e+01,2.194035e+01,2.191276e+01,2.187825e+01,2.178850e+01,2.193345e+01,2.193345e+01,2.191965e+01,2.191965e+01,2.191965e+01,2.185065e+01,2.188516e+01,2.178850e+01,2.189206e+01,2.194725e+01,2.178850e+01,2.182303e+01,2.186445e+01,2.189896e+01,2.171248e+01,2.174013e+01,2.185755e+01,2.204376e+01,2.214706e+01,2.207820e+01,2.218147e+01,2.234648e+01,2.253866e+01,2.254551e+01,2.255923e+01,2.286043e+01,2.286727e+01,2.326295e+01,2.339224e+01,2.362998e+01,2.362998e+01,2.394838e+01,2.398895e+01,2.429951e+01,2.454192e+01,2.456209e+01,2.469649e+01,2.483072e+01,2.493797e+01,2.507189e+01,2.512541e+01,2.535256e+01,2.537258e+01,2.547929e+01,2.543929e+01,2.554592e+01,2.581205e+01,2.590503e+01,2.593822e+01,2.610401e+01,2.615701e+01,2.615701e+01,2.651405e+01,2.647444e+01,2.651405e+01,2.665257e+01,2.676458e+01,2.675141e+01,2.673165e+01,2.659982e+01,2.648104e+01,2.606424e+01,2.521900e+01,2.306530e+01,2.108148e+01,2.062135e+01,2.064930e+01,2.060039e+01,2.067025e+01,2.058641e+01,2.058641e+01,2.063532e+01,2.060039e+01,2.071913e+01,2.076798e+01,2.072611e+01,2.070517e+01,2.069818e+01,2.071215e+01,2.073309e+01,2.091440e+01,2.069120e+01,2.075403e+01,2.068422e+01,2.073309e+01,2.079589e+01,2.076798e+01,2.068422e+01,2.074705e+01,2.065628e+01,2.072611e+01,2.065628e+01,2.064231e+01,2.052348e+01,2.064231e+01,2.056544e+01,2.059340e+01,2.060737e+01,2.084470e+01,2.051648e+01,2.064930e+01,2.048850e+01,2.050249e+01,2.048850e+01,2.062135e+01,2.057942e+01,2.062834e+01,2.066327e+01,2.063532e+01,2.085168e+01,2.096316e+01,2.135239e+01,2.136626e+01,2.151875e+01,2.150489e+01,2.156721e+01,2.162258e+01,2.138707e+01,2.149104e+01,2.169175e+01,2.151182e+01,2.147718e+01,2.160874e+01,2.144253e+01,2.155337e+01,2.118576e+01,2.072611e+01,2.067723e+01,2.065628e+01,2.060039e+01,2.062135e+01,2.065628e+01,2.055844e+01,2.055844e+01,2.053747e+01,2.046751e+01,2.055145e+01,2.067025e+01,2.069120e+01,2.107452e+01,2.141480e+01,2.165717e+01,2.158798e+01,2.162258e+01,2.165717e+01,2.175395e+01,2.171248e+01,2.162950e+01,2.168483e+01,2.175395e+01,2.176086e+01,2.163642e+01,2.174013e+01,2.175395e+01,2.158106e+01,2.162950e+01,2.161566e+01,2.168483e+01,2.169866e+01,2.164334e+01,2.174013e+01,2.170557e+01,2.174013e+01,2.171248e+01,2.158106e+01,2.153952e+01,2.171940e+01,2.154645e+01,2.155337e+01,2.153260e+01,2.160182e+01,2.167100e+01,2.169866e+01,2.168483e+01,2.156029e+01,2.154645e+01,2.169175e+01,2.178159e+01,2.166409e+01,2.171940e+01,2.180922e+01,2.163642e+01,2.161566e+01,2.163642e+01,2.162950e+01,2.162258e+01,2.160182e+01,2.158798e+01,2.158798e+01,2.168483e+01,2.167100e+01,2.162258e+01,2.158798e+01,2.147718e+01,2.156029e+01,2.153260e+01,2.157414e+01,2.149796e+01,2.160182e+01,2.163642e+01,2.156721e+01,2.151875e+01,2.152567e+01,2.152567e+01,2.158106e+01,2.151875e+01,2.153952e+01,2.164334e+01,2.164334e+01,2.165717e+01,2.166409e+01,2.160182e+01,2.154645e+01,2.154645e+01,2.162258e+01,2.144946e+01,2.167100e+01,2.156721e+01,2.162258e+01,2.162258e+01,2.167792e+01,2.167100e+01,2.166409e+01,2.165025e+01,2.167792e+01,2.170557e+01,2.156029e+01,2.165025e+01,2.168483e+01,2.151875e+01,2.153952e+01,2.169866e+01,2.167100e+01,2.151182e+01,2.160874e+01,2.156029e+01,2.159490e+01,2.153260e+01,2.155337e+01,2.156029e+01,2.153952e+01,2.156721e+01,2.153952e+01,2.147718e+01,2.158106e+01,2.159490e+01,2.138707e+01,2.152567e+01,2.149796e+01,2.144946e+01,2.144253e+01,2.131076e+01,2.141480e+01,2.144946e+01,2.140787e+01,2.144253e+01,2.143560e+01,2.124828e+01,2.141480e+01,2.135933e+01,2.139400e+01,2.129688e+01,2.141480e+01,2.123439e+01,2.121355e+01,2.127605e+01,2.126911e+01,2.137320e+01,2.126217e+01,2.131770e+01,2.138707e+01,2.136626e+01,2.106061e+01,2.125522e+01,2.126911e+01,2.123439e+01,2.122744e+01,2.119271e+01,2.124133e+01,2.125522e+01,2.099101e+01,2.111625e+01,2.099101e+01,2.058641e+01,2.043251e+01,2.047451e+01,2.050249e+01,2.039750e+01,2.033446e+01,2.050249e+01,2.050249e+01,2.046751e+01,2.053747e+01,2.057942e+01,2.099101e+01,2.107452e+01,2.107452e+01,2.115796e+01,2.106061e+01,2.128993e+01,2.117186e+01,2.124828e+01,2.122744e+01,2.128299e+01,2.133158e+01,2.116491e+01,2.135239e+01,2.143560e+01,2.143560e+01,2.142867e+01,2.147718e+01,2.147025e+01,2.167100e+01,2.169175e+01,2.174704e+01,2.215394e+01,2.219523e+01,2.242888e+01,2.279206e+01,2.306530e+01,2.319484e+01,2.327656e+01,2.348060e+01,2.338544e+01,2.352136e+01,2.345342e+01,2.355532e+01,2.355532e+01,2.337864e+01,2.323571e+01,2.302436e+01,2.301753e+01,2.275101e+01,2.287410e+01,2.272363e+01,2.262091e+01,2.253180e+01,2.247006e+01,2.225713e+01,2.218147e+01,2.208509e+01,2.207131e+01,2.185065e+01,2.185065e+01,2.184374e+01,2.198172e+01,2.188516e+01,2.185065e+01,2.199551e+01,2.179540e+01,2.190586e+01,2.184374e+01,2.185065e+01,2.173322e+01,2.184374e+01,2.167100e+01,2.167792e+01,2.184374e+01,2.178159e+01,2.167100e+01,2.165025e+01,2.169866e+01,2.162258e+01,2.162950e+01,2.149104e+01,2.150489e+01,2.159490e+01,2.153260e+01,2.156029e+01,2.152567e+01,2.144253e+01,2.142174e+01,2.128993e+01,2.149104e+01,2.142867e+01,2.140094e+01,2.138707e+01,2.138707e+01,2.143560e+01,2.135933e+01,2.126911e+01,2.141480e+01,2.135933e+01,2.127605e+01,2.142174e+01,2.122744e+01,2.124828e+01,2.126217e+01,2.126911e+01,2.135239e+01,2.130382e+01,2.115101e+01,2.135933e+01,2.116491e+01,2.124133e+01,2.126911e+01,2.135239e+01,2.123439e+01,2.117881e+01,2.115796e+01,2.117881e+01,2.123439e+01,2.138013e+01,2.142174e+01,2.135239e+01,2.132464e+01,2.128299e+01,2.127605e+01,2.134545e+01,2.140094e+01,2.142174e+01,2.126911e+01,2.141480e+01,2.135933e+01,2.128993e+01,2.152567e+01,2.129688e+01,2.140787e+01,2.133851e+01,2.144253e+01,2.144253e+01,2.156029e+01,2.142867e+01,2.162950e+01,2.160182e+01,2.153952e+01,2.153260e+01,2.149104e+01,2.145639e+01,2.161566e+01,2.151182e+01,2.160182e+01,2.154645e+01,2.155337e+01,2.162950e+01,2.140787e+01,2.157414e+01,2.158106e+01,2.154645e+01,2.151875e+01,2.158106e+01,2.172631e+01,2.160874e+01,2.158798e+01,2.159490e+01,2.160874e+01,2.167792e+01,2.159490e+01,2.165717e+01,2.167792e+01,2.166409e+01,2.144946e+01,2.160874e+01,2.166409e+01,2.169866e+01,2.161566e+01,2.164334e+01,2.158798e+01,2.171940e+01,2.163642e+01,2.160182e+01,2.169866e+01,2.151875e+01,2.149104e+01,2.157414e+01,2.166409e+01,2.159490e+01,2.163642e+01,2.163642e+01,2.166409e+01,2.149104e+01,2.165025e+01,2.170557e+01,2.159490e+01,2.155337e+01,2.149796e+01,2.146332e+01,2.155337e+01,2.165025e+01,2.156721e+01,2.157414e+01,2.161566e+01,2.144946e+01,2.145639e+01,2.160182e+01,2.162950e+01,2.149796e+01,2.148411e+01,2.156029e+01,2.147718e+01,2.148411e+01,2.155337e+01,2.155337e+01,2.145639e+01,2.156721e+01,2.149796e+01,2.151182e+01,2.137320e+01,2.152567e+01,2.147718e+01,2.126911e+01,2.136626e+01,2.147025e+01,2.147025e+01,2.140787e+01,2.149104e+01,2.142174e+01,2.153952e+01,2.139400e+01,2.149104e+01,2.131770e+01,2.138707e+01,2.136626e+01,2.136626e+01,2.142174e+01,2.142174e+01,2.128993e+01,2.132464e+01,2.142174e+01,2.122050e+01,2.122050e+01,2.133158e+01,2.143560e+01,2.131076e+01,2.160182e+01,2.147025e+01,2.148411e+01,2.147025e+01,2.128993e+01,2.142867e+01,2.157414e+01,2.151182e+01,2.149796e+01,2.148411e+01,2.152567e+01,2.139400e+01,2.149104e+01,2.133158e+01,2.151875e+01,2.132464e+01
2.193345e+01,2.172631e+01,2.165025e+01,2.190586e+01,2.204376e+01,2.185065e+01,2.209198e+01,2.180922e+01,2.202997e+01,2.205065e+01,2.196104e+01,2.188516e+01,2.190586e+01,2.188516e+01,2.203687e+01,2.185065e+01,2.182303e+01,2.198862e+01,2.202308e+01,2.196104e+01,2.191965e+01,2.190586e+01,2.183684e+01,2.189206e+01,2.193345e+01,2.187825e+01,2.176086e+01,2.185755e+01,2.188516e+01,2.175395e+01,2.185065e+01,2.176086e+01,2.174013e+01,2.182303e+01,2.167792e+01,2.165025e+01,2.178850e+01,2.169866e+01,2.180922e+01,2.180922e+01,2.170557e+01,2.179540e+01,2.180231e+01,2.183684e+01,2.165025e+01,2.176086e+01,2.182303e+01,2.174013e+01,2.181612e+01,2.180231e+01,2.182303e+01,2.176086e+01,2.174704e+01,2.174704e+01,2.161566e+01,2.187135e+01,2.172631e+01,2.167100e+01,2.180231e+01,2.180231e+01,2.174704e+01,2.169175e+01,2.171940e+01,2.176777e+01,2.178159e+01,2.174704e+01,2.186445e+01,2.180922e+01,2.178850e+01,2.185755e+01,2.183684e+01,2.200241e+01,2.176086e+01,2.193345e+01,2.185065e+01,2.182993e+01,2.183684e+01,2.199551e+01,2.185755e+01,2.184374e+01,2.181612e+01,2.185755e+01,2.205754e+01,2.173322e+01,2.176777e+01,2.187825e+01,2.188516e+01,2.195414e+01,2.171940e+01,2.180922e+01,2.172631e+01,2.196104e+01,2.189896e+01,2.191965e+01,2.189206e+01,2.169175e+01,2.191965e+01,2.181612e+01,2.176777e+01,2.178850e+01,2.167100e+01,2.176086e+01,2.189206e+01,2.187825e+01,2.182993e+01,2.188516e+01,2.178850e+01,2.189206e+01,2.189896e+01,2.192655e+01,2.189206e+01,2.180231e+01,2.191965e+01,2.191965e+01,2.196104e+01,2.196793e+01,2.191276e+01,2.198862e+01,2.203687e+01,2.223650e+01,2.211263e+01,2.215394e+01,2.240829e+01,2.249065e+01,2.261406e+01,2.260035e+01,2.282625e+01,2.322890e+01,2.327656e+01,2.338544e+01,2.365033e+01,2.379946e+01,2.404303e+01,2.419835e+01,2.430625e+01,2.460243e+01,2.484413e+01,2.477705e+01,2.493127e+01,2.491117e+01,2.511872e+01,2.525909e+01,2.527913e+01,2.517890e+01,2.537925e+01,2.579876e+01,2.575223e+01,2.579211e+01,2.605099e+01,2.605761e+01,2.615038e+01,2.609738e+01,2.638856e+01,2.637534e+01,2.650084e+01,2.650084e+01,2.658663e+01,2.665916e+01,2.667894e+01,2.633568e+01,2.634229e+01,2.605761e+01,2.557923e+01,2.327656e+01,2.108148e+01,2.052348e+01,2.062834e+01,2.058641e+01,2.067025e+01,2.057942e+01,2.062135e+01,2.060737e+01,2.061436e+01,2.064930e+01,2.075403e+01,2.062834e+01,2.069818e+01,2.062834e+01,2.062135e+01,2.070517e+01,2.071215e+01,2.074705e+01,2.065628e+01,2.071215e+01,2.063532e+01,2.065628e+01,2.066327e+01,2.071913e+01,2.067025e+01,2.069818e+01,2.062135e+01,2.060737e+01,2.077496e+01,2.067025e+01,2.050249e+01,2.062834e+01,2.061436e+01,2.060039e+01,2.056544e+01,2.049550e+01,2.065628e+01,2.062834e+01,2.068422e+01,2.048850e+01,2.050249e+01,2.046751e+01,2.062834e+01,2.058641e+01,2.072611e+01,2.087956e+01,2.130382e+01,2.145639e+01,2.149796e+01,2.151875e+01,2.149796e+01,2.155337e+01,2.161566e+01,2.156721e+01,2.151875e+01,2.161566e+01,2.151182e+01,2.149796e+01,2.138013e+01,2.159490e+01,2.157414e+01,2.145639e+01,2.131770e+01,2.066327e+01,2.061436e+01,2.056544e+01,2.048150e+01,2.045351e+01,2.052348e+01,2.048850e+01,2.057942e+01,2.058641e+01,2.045351e+01,2.053747e+01,2.067025e+01,2.109539e+01,2.147025e+01,2.167792e+01,2.158106e+01,2.156721e+01,2.165025e+01,2.169175e+01,2.156029e+01,2.165717e+01,2.169866e+01,2.166409e+01,2.160874e+01,2.177468e+01,2.171248e+01,2.160182e+01,2.163642e+01,2.166409e+01,2.168483e+01,2.165025e+01,2.167792e+01,2.165025e+01,2.161566e+01,2.137320e+01,2.175395e+01,2.169866e+01,2.159490e+01,2.160874e+01,2.169175e+01,2.163642e+01,2.159490e+01,2.171940e+01,2.167792e+01,2.168483e+01,2.156029e+01,2.166409e+01,2.165717e+01,2.162258e+01,2.170557e+01,2.165025e+01,2.178850e+01,2.157414e+01,2.158106e+01,2.157414e+01,2.157414e+01,2.159490e+01,2.162950e+01,2.162950e+01,2.161566e+01,2.166409e+01,2.158106e+01,2.161566e+01,2.166409e+01,2.157414e+01,2.156721e+01,2.145639e+01,2.158106e+01,2.152567e+01,2.148411e+01,2.151875e+01,2.149104e+01,2.147718e+01,2.165717e+01,2.157414e+01,2.155337e+01,2.140787e+01,2.153260e+01,2.151875e+01,2.151182e+01,2.152567e+01,2.151182e+01,2.155337e+01,2.155337e+01,2.156721e+01,2.172631e+01,2.167792e+01,2.168483e+01,2.150489e+01,2.162258e+01,2.160182e+01,2.169175e+01,2.160182e+01,2.159490e+01,2.167100e+01,2.167100e+01,2.162258e+01,2.182303e+01,2.160874e+01,2.161566e+01,2.168483e+01,2.167100e+01,2.168483e+01,2.168483e+01,2.160182e+01,2.165717e+01,2.151875e+01,2.149796e+01,2.155337e+01,2.156029e+01,2.150489e+01,2.142174e+01,2.166409e+01,2.150489e+01,2.151875e+01,2.150489e+01,2.152567e+01,2.149104e+01,2.153260e+01,2.153260e+01,2.149104e+01,2.149796e+01,2.151182e+01,2.142174e+01,2.144253e+01,2.144253e+01,2.131770e+01,2.128993e+01,2.128299e+01,2.125522e+01,2.129688e+01,2.135239e+01,2.131076e+01,2.130382e+01,2.120660e+01,2.128299e+01,2.133158e+01,2.126911e+01,2.138707e+01,2.135239e+01,2.127605e+01,2.122744e+01,2.120660e+01,2.130382e+01,2.136626e+01,2.119966e+01,2.138707e+01,2.119271e+01,2.120660e+01,2.140094e+01,2.128993e+01,2.119271e+01,2.117881e+01,2.104669e+01,2.110929e+01,2.103277e+01,2.072611e+01,2.036949e+01,2.033446e+01,2.039050e+01,2.041151e+01,2.055145e+01,2.041151e+01,2.038350e+01,2.043251e+01,2.044651e+01,2.089350e+01,2.100493e+01,2.101885e+01,2.106061e+01,2.108843e+01,2.112320e+01,2.118576e+01,2.113015e+01,2.123439e+01,2.123439e+01,2.127605e+01,2.136626e+01,2.135933e+01,2.131076e+01,2.133158e+01,2.136626e+01,2.158106e+01,2.140094e+01,2.160874e+01,2.156029e+01,2.172631e+01,2.181612e+01,2.202308e+01,2.203687e+01,2.226401e+01,2.249065e+01,2.273047e+01,2.296292e+01,2.316076e+01,2.337864e+01,2.340584e+01,2.345342e+01,2.362319e+01,2.335143e+01,2.333782e+01,2.327656e+01,2.319484e+01,2.301753e+01,2.294926e+01,2.285360e+01,2.277837e+01,2.273047e+01,2.253180e+01,2.231900e+01,2.228463e+01,2.224338e+01,2.209198e+01,2.209886e+01,2.186445e+01,2.187825e+01,2.182993e+01,2.185755e+01,2.183684e+01,2.183684e+01,2.195414e+01,2.185755e+01,2.185065e+01,2.186445e+01,2.177468e+01,2.176086e+01,2.168483e+01,2.176777e+01,2.167792e+01,2.185065e+01,2.157414e+01,2.166409e+01,2.172631e+01,2.169175e+01,2.151875e+01,2.153952e+01,2.163642e+01,2.142174e+01,2.155337e+01,2.160874e+01,2.155337e+01,2.142174e+01,2.146332e+01,2.156029e+01,2.152567e+01,2.150489e+01,2.131076e+01,2.144946e+01,2.143560e+01,2.131770e+01,2.134545e+01,2.132464e+01,2.143560e+01,2.127605e+01,2.122744e+01,2.142174e+01,2.123439e+01,2.122744e+01,2.128993e+01,2.132464e+01,2.129688e+01,2.128993e+01,2.121355e+01,2.132464e+01,2.115796e+01,2.122050e+01,2.113711e+01,2.115101e+01,2.123439e+01,2.119271e+01,2.117881e+01,2.128993e+01,2.122050e+01,2.122050e+01,2.116491e+01,2.119271e+01,2.129688e+01,2.126217e+01,2.126217e+01,2.131770e+01,2.140094e+01,2.127605e+01,2.129688e+01,2.141480e+01,2.122744e+01,2.138013e+01,2.140094e+01,2.146332e+01,2.138707e+01,2.132464e+01,2.149796e+01,2.149104e+01,2.147025e+01,2.155337e+01,2.144253e+01,2.152567e+01,2.142867e+01,2.151875e+01,2.154645e+01,2.153260e+01,2.144253e+01,2.153952e+01,2.159490e+01,2.151875e+01,2.157414e+01,2.153260e+01,2.155337e+01,2.154645e+01,2.155337e+01,2.139400e+01,2.147025e+01,2.156029e+01,2.158798e+01,2.157414e+01,2.159490e+01,2.167100e+01,2.154645e+01,2.167792e+01,2.161566e+01,2.171248e+01,2.175395e+01,2.156029e+01,2.156029e+01,2.143560e+01,2.153952e+01,2.150489e+01,2.162258e+01,2.148411e+01,2.164334e+01,2.167792e+01,2.161566e+01,2.147718e+01,2.162950e+01,2.160182e+01,2.165717e+01,2.164334e+01,2.162258e+01,2.149796e+01,2.161566e+01,2.156721e+01,2.162258e+01,2.166409e+01,2.162950e+01,2.164334e+01,2.157414e+01,2.160874e+01,2.167792e+01,2.162258e+01,2.150489e+01,2.153952e+01,2.149796e+01,2.147025e+01,2.162950e+01,2.160182e+01,2.155337e+01,2.150489e+01,2.147718e+01,2.151875e+01,2.148411e+01,2.149796e+01,2.151182e+01,2.164334e+01,2.158106e+01,2.153260e+01,2.126217e+01,2.146332e+01,2.150489e+01,2.158106e+01,2.148411e+01,2.129688e+01,2.150489e+01,2.147718e+01,2.146332e+01,2.150489e+01,2.144253e+01,2.146332e+01,2.150489e+01,2.135239e+01,2.150489e+01,2.150489e+01,2.151875e+01,2.133158e+01,2.148411e+01,2.133851e+01,2.129688e+01,2.121355e+01,2.133851e+01,2.133851e+01,2.140787e+01,2.142174e+01,2.135933e+01,2.137320e+01,2.123439e+01,2.134545e+01,2.124133e+01,2.127605e+01,2.143560e+01,2.142867e+01,2.144946e+01,2.135933e+01,2.136626e+01,2.149104e+01,2.134545e+01,2.149104e+01,2.131770e+01,2.143560e+01,2.142867e+01,2.142174e+01,2.157414e+01,2.122744e+01,2.140787e+01,2.118576e+01,2.136626e+01
2.189206e+01,2.208509e+01,2.206442e+01,2.183684e+01,2.208509e+01,2.189896e+01,2.189896e+01,2.191965e+01,2.198862e+01,2.201619e+01,2.198862e+01,2.187135e+01,2.188516e+01,2.185065e+01,2.184374e+01,2.195414e+01,2.202997e+01,2.182993e+01,2.205754e+01,2.207820e+01,2.193345e+01,2.199551e+01,2.209198e+01,2.183684e+01,2.194035e+01,2.191965e+01,2.182303e+01,2.183684e+01,2.178159e+01,2.186445e+01,2.156029e+01,2.177468e+01,2.171940e+01,2.177468e+01,2.180231e+01,2.181612e+01,2.180231e+01,2.180231e+01,2.182993e+01,2.180231e+01,2.180922e+01,2.176777e+01,2.166409e+01,2.184374e+01,2.174013e+01,2.176086e+01,2.178159e+01,2.174704e+01,2.177468e+01,2.170557e+01,2.176777e+01,2.175395e+01,2.184374e+01,2.174704e+01,2.174704e+01,2.167792e+01,2.169175e+01,2.177468e+01,2.175395e+01,2.172631e+01,2.177468e+01,2.182993e+01,2.191965e+01,2.171940e+01,2.178850e+01,2.171940e+01,2.184374e+01,2.183684e+01,2.180922e+01,2.162258e+01,2.178159e+01,2.187825e+01,2.184374e+01,2.184374e+01,2.186445e+01,2.191965e+01,2.190586e+01,2.182303e+01,2.186445e+01,2.182993e+01,2.190586e+01,2.196793e+01,2.191965e+01,2.176777e+01,2.193345e+01,2.187825e+01,2.183684e+01,2.175395e+01,2.189206e+01,2.185755e+01,2.182303e+01,2.194725e+01,2.187825e+01,2.194035e+01,2.190586e+01,2.200241e+01,2.196104e+01,2.185755e+01,2.187825e+01,2.193345e+01,2.193345e+01,2.183684e+01,2.189896e+01,2.179540e+01,2.183684e+01,2.190586e+01,2.190586e+01,2.190586e+01,2.192655e+01,2.189896e+01,2.189896e+01,2.175395e+01,2.196104e+01,2.196793e+01,2.198172e+01,2.193345e+01,2.200241e+01,2.191276e+01,2.202997e+01,2.216082e+01,2.231212e+01,2.227776e+01,2.244261e+01,2.255237e+01,2.257979e+01,2.288094e+01,2.285360e+01,2.326295e+01,2.324933e+01,2.334462e+01,2.342623e+01,2.373170e+01,2.401600e+01,2.429277e+01,2.462259e+01,2.441405e+01,2.481059e+01,2.462931e+01,2.486425e+01,2.507858e+01,2.509865e+01,2.529248e+01,2.515885e+01,2.533921e+01,2.533254e+01,2.555258e+01,2.557257e+01,2.575223e+01,2.582533e+01,2.612389e+01,2.614376e+01,2.636212e+01,2.637534e+01,2.628277e+01,2.645462e+01,2.660642e+01,2.652065e+01,2.672506e+01,2.668553e+01,2.660642e+01,2.632907e+01,2.605099e+01,2.519895e+01,2.371136e+01,2.114406e+01,2.090743e+01,2.057942e+01,2.059340e+01,2.058641e+01,2.057942e+01,2.059340e+01,2.060737e+01,2.063532e+01,2.063532e+01,2.074705e+01,2.074705e+01,2.066327e+01,2.069120e+01,2.073309e+01,2.069818e+01,2.070517e+01,2.077496e+01,2.080984e+01,2.063532e+01,2.078193e+01,2.066327e+01,2.080286e+01,2.064231e+01,2.063532e+01,2.063532e+01,2.062135e+01,2.065628e+01,2.061436e+01,2.060039e+01,2.060737e+01,2.062834e+01,2.057243e+01,2.060039e+01,2.059340e+01,2.062834e+01,2.044651e+01,2.048850e+01,2.068422e+01,2.049550e+01,2.061436e+01,2.064231e+01,2.055844e+01,2.055145e+01,2.076100e+01,2.122744e+01,2.143560e+01,2.147718e+01,2.149796e+01,2.158106e+01,2.158106e+01,2.146332e+01,2.156721e+01,2.162258e+01,2.153260e+01,2.153260e+01,2.151182e+01,2.149104e+01,2.157414e+01,2.139400e+01,2.154645e+01,2.139400e+01,2.152567e+01,2.107452e+01,2.076100e+01,2.051648e+01,2.043951e+01,2.046051e+01,2.054446e+01,2.047451e+01,2.056544e+01,2.048850e+01,2.046751e+01,2.051648e+01,2.053747e+01,2.095619e+01,2.142867e+01,2.165025e+01,2.159490e+01,2.153952e+01,2.163642e+01,2.163642e+01,2.165717e+01,2.170557e+01,2.170557e+01,2.157414e+01,2.166409e+01,2.158106e+01,2.177468e+01,2.165717e+01,2.166409e+01,2.165025e+01,2.148411e+01,2.158106e+01,2.165717e+01,2.157414e+01,2.169175e+01,2.160182e+01,2.158106e+01,2.176777e+01,2.170557e+01,2.164334e+01,2.165025e+01,2.160182e+01,2.170557e+01,2.171248e+01,2.170557e+01,2.165717e+01,2.166409e+01,2.154645e+01,2.162258e+01,2.165717e+01,2.171248e+01,2.169866e+01,2.158798e+01,2.166409e+01,2.156029e+01,2.171940e+01,2.169175e+01,2.180231e+01,2.165717e+01,2.164334e+01,2.165717e+01,2.160182e+01,2.160874e+01,2.165717e+01,2.161566e+01,2.157414e+01,2.157414e+01,2.144946e+01,2.153260e+01,2.160182e+01,2.158798e+01,2.145639e+01,2.153952e+01,2.160182e+01,2.147025e+01,2.156029e+01,2.162258e+01,2.151875e+01,2.155337e+01,2.154645e+01,2.151875e+01,2.154645e+01,2.167100e+01,2.153260e+01,2.173322e+01,2.162950e+01,2.157414e+01,2.153260e+01,2.163642e+01,2.166409e+01,2.156029e+01,2.156721e+01,2.169175e+01,2.162258e+01,2.162258e+01,2.162950e+01,2.167100e+01,2.167100e+01,2.167100e+01,2.155337e+01,2.156721e+01,2.155337e+01,2.164334e+01,2.164334e+01,2.159490e+01,2.154645e+01,2.160874e+01,2.156029e+01,2.158798e+01,2.159490e+01,2.160182e+01,2.137320e+01,2.158798e+01,2.153952e+01,2.152567e+01,2.145639e+01,2.149104e+01,2.154645e+01,2.152567e+01,2.151182e+01,2.143560e+01,2.149796e+01,2.138707e+01,2.140094e+01,2.151875e+01,2.142174e+01,2.136626e+01,2.143560e+01,2.131770e+01,2.129688e+01,2.139400e+01,2.129688e+01,2.146332e+01,2.133158e+01,2.141480e+01,2.140787e+01,2.131076e+01,2.131770e+01,2.133158e+01,2.128993e+01,2.130382e+01,2.128993e+01,2.128993e+01,2.134545e+01,2.122050e+01,2.120660e+01,2.135239e+01,2.124828e+01,2.120660e+01,2.139400e+01,2.126217e+01,2.129688e+01,2.127605e+01,2.127605e+01,2.118576e+01,2.127605e+01,2.105365e+01,2.072611e+01,2.054446e+01,2.044651e+01,2.036949e+01,2.034847e+01,2.040450e+01,2.039750e+01,2.039050e+01,2.043251e+01,2.069818e+01,2.087956e+01,2.115101e+01,2.106061e+01,2.110234e+01,2.115101e+01,2.116491e+01,2.120660e+01,2.129688e+01,2.123439e+01,2.131076e+01,2.121355e+01,2.132464e+01,2.132464e+01,2.131770e+01,2.128299e+01,2.135239e+01,2.127605e+01,2.131076e+01,2.156029e+01,2.165717e+01,2.171940e+01,2.176777e+01,2.191965e+01,2.218147e+01,2.231900e+01,2.260720e+01,2.271679e+01,2.291510e+01,2.307894e+01,2.312668e+01,2.303801e+01,2.318121e+01,2.326295e+01,2.333101e+01,2.331060e+01,2.334462e+01,2.312668e+01,2.292877e+01,2.289461e+01,2.273732e+01,2.253180e+01,2.269625e+01,2.233961e+01,2.248379e+01,2.225026e+01,2.205065e+01,2.214017e+01,2.204376e+01,2.188516e+01,2.184374e+01,2.192655e+01,2.184374e+01,2.187825e+01,2.183684e+01,2.182303e+01,2.165717e+01,2.165025e+01,2.171940e+01,2.178850e+01,2.179540e+01,2.186445e+01,2.183684e+01,2.175395e+01,2.185065e+01,2.165025e+01,2.173322e+01,2.174704e+01,2.147025e+01,2.171940e+01,2.159490e+01,2.150489e+01,2.151182e+01,2.152567e+01,2.135239e+01,2.153260e+01,2.153952e+01,2.165717e+01,2.142867e+01,2.144946e+01,2.149104e+01,2.137320e+01,2.138013e+01,2.140094e+01,2.135239e+01,2.139400e+01,2.142867e+01,2.140787e+01,2.133851e+01,2.134545e+01,2.127605e+01,2.131076e+01,2.124133e+01,2.137320e+01,2.136626e+01,2.126911e+01,2.121355e+01,2.131770e+01,2.132464e+01,2.133158e+01,2.131770e+01,2.115796e+01,2.126911e+01,2.128993e+01,2.125522e+01,2.118576e+01,2.117881e+01,2.118576e+01,2.126217e+01,2.122050e+01,2.124828e+01,2.121355e+01,2.118576e+01,2.133158e+01,2.131770e+01,2.134545e+01,2.126911e+01,2.135933e+01,2.139400e+01,2.138013e+01,2.142174e+01,2.133158e+01,2.147025e+01,2.140094e+01,2.133851e+01,2.140787e+01,2.140787e+01,2.153952e+01,2.151875e+01,2.156029e+01,2.153260e+01,2.151182e+01,2.156721e+01,2.154645e+01,2.146332e+01,2.158106e+01,2.145639e+01,2.158106e+01,2.153952e+01,2.154645e+01,2.169175e+01,2.156721e+01,2.151875e+01,2.156721e+01,2.156029e+01,2.151875e+01,2.156721e+01,2.158106e+01,2.146332e+01,2.159490e+01,2.161566e+01,2.162258e+01,2.166409e+01,2.160182e+01,2.165717e+01,2.149104e+01,2.180231e+01,2.149796e+01,2.157414e+01,2.158106e+01,2.159490e+01,2.151875e+01,2.156029e+01,2.160874e+01,2.151182e+01,2.153260e+01,2.160182e+01,2.161566e+01,2.148411e+01,2.164334e+01,2.166409e+01,2.150489e+01,2.161566e+01,2.160182e+01,2.162950e+01,2.155337e+01,2.163642e+01,2.159490e+01,2.136626e+01,2.169866e+01,2.167100e+01,2.150489e+01,2.160182e+01,2.163642e+01,2.146332e+01,2.149796e+01,2.159490e+01,2.160874e+01,2.153260e+01,2.153260e+01,2.147025e+01,2.150489e+01,2.155337e+01,2.153260e+01,2.158798e+01,2.146332e+01,2.160182e+01,2.155337e+01,2.152567e+01,2.144253e+01,2.139400e+01,2.141480e+01,2.139400e+01,2.140094e+01,2.143560e+01,2.144946e+01,2.151182e+01,2.151182e+01,2.147718e+01,2.141480e+01,2.132464e+01,2.145639e+01,2.149104e+01,2.131770e+01,2.133158e+01,2.141480e+01,2.135239e+01,2.133851e+01,2.135933e+01,2.122744e+01,2.127605e+01,2.142867e+01,2.132464e+01,2.145639e+01,2.132464e+01,2.129688e+01,2.146332e+01,2.133851e+01,2.115796e+01,2.141480e+01,2.143560e+01,2.140094e+01,2.144946e+01,2.141480e+01,2.140787e+01,2.147718e+01,2.147025e+01,2.144253e+01,2.135933e+01,2.144946e+01,2.128299e+01,2.141480e+01,2.142174e+01,2.155337e+01,2.140787e+01,2.147718e+01,2.147025e+01,2.128993e+01
2.200241e+01,2.195414e+01,2.200241e+01,2.205754e+01,2.190586e+01,2.188516e+01,2.207820e+01,2.194035e+01,2.196793e+01,2.205065e+01,2.198172e+01,2.196793e+01,2.200930e+01,2.190586e+01,2.187825e+01,2.184374e+01,2.199551e+01,2.200241e+01,2.199551e+01,2.204376e+01,2.189206e+01,2.210575e+01,2.194725e+01,2.184374e+01,2.171940e+01,2.186445e+01,2.191965e+01,2.187135e+01,2.178850e+01,2.185065e+01,2.176086e+01,2.180231e+01,2.184374e+01,2.175395e+01,2.160874e+01,2.184374e+01,2.185755e+01,2.168483e+01,2.184374e+01,2.172631e+01,2.170557e+01,2.178159e+01,2.174704e+01,2.177468e+01,2.157414e+01,2.169175e+01,2.177468e+01,2.184374e+01,2.180922e+01,2.171940e+01,2.169866e+01,2.178850e+01,2.175395e+01,2.171248e+01,2.171248e+01,2.169866e+01,2.171248e+01,2.174013e+01,2.175395e+01,2.176777e+01,2.174704e+01,2.172631e+01,2.174704e+01,2.171940e+01,2.177468e+01,2.189896e+01,2.180231e+01,2.187135e+01,2.184374e+01,2.182993e+01,2.201619e+01,2.178850e+01,2.177468e+01,2.185065e+01,2.182993e+01,2.185755e+01,2.199551e+01,2.186445e+01,2.187135e+01,2.196793e+01,2.181612e+01,2.178159e+01,2.194035e+01,2.194725e+01,2.177468e+01,2.178850e+01,2.167792e+01,2.178159e+01,2.188516e+01,2.188516e+01,2.183684e+01,2.196793e+01,2.192655e+01,2.200930e+01,2.193345e+01,2.192655e+01,2.198862e+01,2.187825e+01,2.194725e+01,2.193345e+01,2.185755e+01,2.190586e+01,2.191276e+01,2.179540e+01,2.187825e+01,2.187825e+01,2.181612e+01,2.176086e+01,2.189206e+01,2.177468e+01,2.193345e+01,2.198862e+01,2.193345e+01,2.179540e+01,2.180231e+01,2.192655e+01,2.196104e+01,2.191965e+01,2.227776e+01,2.205754e+01,2.225713e+01,2.222275e+01,2.242202e+01,2.242888e+01,2.260720e+01,2.272363e+01,2.291510e+01,2.307894e+01,2.321527e+01,2.334462e+01,2.366390e+01,2.380623e+01,2.394161e+01,2.413760e+01,2.427254e+01,2.442752e+01,2.463603e+01,2.464275e+01,2.471663e+01,2.487766e+01,2.509196e+01,2.513210e+01,2.531919e+01,2.541261e+01,2.545262e+01,2.555258e+01,2.563914e+01,2.569237e+01,2.573893e+01,2.613051e+01,2.615038e+01,2.613713e+01,2.631584e+01,2.632907e+01,2.636212e+01,2.652065e+01,2.656024e+01,2.664598e+01,2.661301e+01,2.657344e+01,2.640838e+01,2.621660e+01,2.574558e+01,2.440058e+01,2.180922e+01,2.071215e+01,2.076100e+01,2.075403e+01,2.059340e+01,2.060737e+01,2.059340e+01,2.067723e+01,2.060737e+01,2.039750e+01,2.062834e+01,2.061436e+01,2.064231e+01,2.066327e+01,2.070517e+01,2.065628e+01,2.071215e+01,2.053747e+01,2.071913e+01,2.067723e+01,2.080984e+01,2.066327e+01,2.067723e+01,2.064231e+01,2.064231e+01,2.064231e+01,2.058641e+01,2.071215e+01,2.060039e+01,2.071913e+01,2.056544e+01,2.052348e+01,2.057243e+01,2.055145e+01,2.059340e+01,2.057243e+01,2.057942e+01,2.053747e+01,2.043951e+01,2.041851e+01,2.051648e+01,2.054446e+01,2.058641e+01,2.064231e+01,2.090743e+01,2.126911e+01,2.142867e+01,2.137320e+01,2.150489e+01,2.152567e+01,2.156721e+01,2.156721e+01,2.163642e+01,2.160874e+01,2.151875e+01,2.157414e+01,2.176777e+01,2.152567e+01,2.146332e+01,2.144253e+01,2.149796e+01,2.138707e+01,2.142867e+01,2.133158e+01,2.103973e+01,2.060039e+01,2.050949e+01,2.045351e+01,2.054446e+01,2.049550e+01,2.043951e+01,2.044651e+01,2.044651e+01,2.060737e+01,2.085168e+01,2.110929e+01,2.158798e+01,2.155337e+01,2.142174e+01,2.161566e+01,2.156721e+01,2.165025e+01,2.165717e+01,2.167792e+01,2.171940e+01,2.165717e+01,2.171940e+01,2.158798e+01,2.165717e+01,2.167100e+01,2.167100e+01,2.169175e+01,2.169175e+01,2.157414e+01,2.171248e+01,2.179540e+01,2.166409e+01,2.173322e+01,2.165025e+01,2.162950e+01,2.162258e+01,2.171940e+01,2.165717e+01,2.169175e+01,2.169175e+01,2.171940e+01,2.169175e+01,2.174704e+01,2.165717e+01,2.166409e+01,2.164334e+01,2.163642e+01,2.167100e+01,2.163642e+01,2.152567e+01,2.168483e+01,2.158106e+01,2.180922e+01,2.166409e+01,2.172631e+01,2.171940e+01,2.165717e+01,2.166409e+01,2.166409e+01,2.165025e+01,2.160874e+01,2.160874e+01,2.170557e+01,2.156721e+01,2.160874e+01,2.153260e+01,2.153952e+01,2.164334e+01,2.165717e+01,2.160182e+01,2.156029e+01,2.164334e+01,2.152567e+01,2.167792e+01,2.151875e+01,2.156029e+01,2.162950e+01,2.151875e+01,2.156029e+01,2.170557e+01,2.153952e+01,2.156029e+01,2.159490e+01,2.162258e+01,2.166409e+01,2.160874e+01,2.156029e+01,2.160874e+01,2.167792e+01,2.175395e+01,2.158798e+01,2.162258e+01,2.159490e+01,2.165717e+01,2.157414e+01,2.160182e+01,2.162258e+01,2.158798e+01,2.158798e+01,2.159490e+01,2.144946e+01,2.160874e+01,2.133851e+01,2.162258e+01,2.164334e+01,2.150489e+01,2.160182e+01,2.153952e+01,2.157414e+01,2.148411e+01,2.142174e+01,2.155337e+01,2.156721e+01,2.151875e+01,2.149796e+01,2.149796e+01,2.149104e+01,2.137320e+01,2.151875e+01,2.145639e+01,2.141480e+01,2.144946e+01,2.132464e+01,2.133851e+01,2.138013e+01,2.132464e+01,2.138013e+01,2.128993e+01,2.128993e+01,2.134545e+01,2.148411e+01,2.131076e+01,2.132464e+01,2.126911e+01,2.130382e+01,2.133851e+01,2.129688e+01,2.131076e+01,2.129688e+01,2.128299e+01,2.131770e+01,2.128299e+01,2.127605e+01,2.128993e+01,2.140094e+01,2.125522e+01,2.124133e+01,2.120660e+01,2.121355e+01,2.134545e+01,2.119271e+01,2.124133e+01,2.124828e+01,2.105365e+01,2.099797e+01,2.070517e+01,2.062834e+01,2.043251e+01,2.043951e+01,2.042551e+01,2.045351e+01,2.023630e+01,2.045351e+01,2.076798e+01,2.115796e+01,2.104669e+01,2.117186e+01,2.107452e+01,2.119271e+01,2.104669e+01,2.124133e+01,2.119271e+01,2.130382e+01,2.112320e+01,2.121355e+01,2.125522e+01,2.130382e+01,2.122050e+01,2.126217e+01,2.131076e+01,2.133158e+01,2.141480e+01,2.133851e+01,2.170557e+01,2.173322e+01,2.183684e+01,2.178850e+01,2.207820e+01,2.221587e+01,2.251122e+01,2.257979e+01,2.269625e+01,2.291510e+01,2.314713e+01,2.316758e+01,2.315395e+01,2.319484e+01,2.319484e+01,2.325614e+01,2.299023e+01,2.302436e+01,2.290144e+01,2.299706e+01,2.279889e+01,2.264146e+01,2.251122e+01,2.248379e+01,2.242888e+01,2.232587e+01,2.210575e+01,2.214706e+01,2.189206e+01,2.187825e+01,2.189206e+01,2.190586e+01,2.185065e+01,2.187825e+01,2.185065e+01,2.184374e+01,2.182303e+01,2.182303e+01,2.180922e+01,2.186445e+01,2.177468e+01,2.182993e+01,2.178850e+01,2.170557e+01,2.169175e+01,2.165717e+01,2.168483e+01,2.165025e+01,2.158106e+01,2.162950e+01,2.167792e+01,2.164334e+01,2.151875e+01,2.160874e+01,2.152567e+01,2.153952e+01,2.153260e+01,2.155337e+01,2.155337e+01,2.144946e+01,2.146332e+01,2.142867e+01,2.136626e+01,2.145639e+01,2.141480e+01,2.144946e+01,2.140094e+01,2.128993e+01,2.137320e+01,2.149104e+01,2.134545e+01,2.127605e+01,2.122744e+01,2.143560e+01,2.130382e+01,2.131770e+01,2.122744e+01,2.132464e+01,2.135239e+01,2.128299e+01,2.117881e+01,2.128299e+01,2.123439e+01,2.124828e+01,2.120660e+01,2.129688e+01,2.117186e+01,2.126217e+01,2.117881e+01,2.109539e+01,2.126217e+01,2.132464e+01,2.136626e+01,2.131770e+01,2.133851e+01,2.139400e+01,2.123439e+01,2.143560e+01,2.134545e+01,2.142867e+01,2.142174e+01,2.135239e+01,2.147718e+01,2.138013e+01,2.149796e+01,2.145639e+01,2.145639e+01,2.144946e+01,2.151182e+01,2.150489e+01,2.149104e+01,2.149104e+01,2.156029e+01,2.150489e+01,2.147025e+01,2.149104e+01,2.163642e+01,2.160874e+01,2.151875e+01,2.158798e+01,2.167100e+01,2.141480e+01,2.156721e+01,2.154645e+01,2.162258e+01,2.153952e+01,2.158106e+01,2.146332e+01,2.159490e+01,2.153952e+01,2.160874e+01,2.153260e+01,2.169866e+01,2.169175e+01,2.157414e+01,2.167792e+01,2.179540e+01,2.155337e+01,2.151875e+01,2.145639e+01,2.155337e+01,2.162258e+01,2.164334e+01,2.162950e+01,2.162258e+01,2.156721e+01,2.162258e+01,2.142867e+01,2.157414e+01,2.169866e+01,2.161566e+01,2.158798e+01,2.155337e+01,2.165717e+01,2.162258e+01,2.162950e+01,2.162950e+01,2.131076e+01,2.151875e+01,2.156029e+01,2.154645e+01,2.144253e+01,2.149104e+01,2.147718e+01,2.148411e+01,2.152567e+01,2.155337e+01,2.150489e+01,2.155337e+01,2.152567e+01,2.156029e+01,2.148411e+01,2.146332e+01,2.141480e+01,2.150489e+01,2.143560e+01,2.147025e+01,2.147025e+01,2.143560e+01,2.143560e+01,2.147025e+01,2.151182e+01,2.131076e+01,2.147718e+01,2.129688e+01,2.143560e+01,2.150489e+01,2.138013e+01,2.146332e+01,2.153260e+01,2.124828e+01,2.145639e+01,2.135239e+01,2.133851e+01,2.130382e+01,2.135239e+01,2.133158e+01,2.128993e+01,2.126217e+01,2.126911e+01,2.132464e+01,2.138013e+01,2.135239e+01,2.123439e+01,2.139400e+01,2.138013e+01,2.115796e+01,2.132464e+01,2.139400e+01,2.142867e+01,2.128993e+01,2.130382e+01,2.128993e+01,2.142174e+01,2.140094e+01,2.143560e+01,2.133158e+01,2.128299e+01,2.141480e+01,2.136626e+01,2.142867e+01,2.140094e+01,2.129688e+01,2.138013e+01,2.127605e+01,2.142867e+01,2.141480e+01,2.147718e+01
2.205754e+01,2.197483e+01,2.205754e+01,2.202997e+01,2.189206e+01,2.207131e+01,2.181612e+01,2.212641e+01,2.207820e+01,2.198862e+01,2.196793e+01,2.193345e+01,2.193345e+01,2.190586e+01,2.208509e+01,2.210575e+01,2.202997e+01,2.193345e+01,2.195414e+01,2.200241e+01,2.196793e+01,2.207131e+01,2.191965e+01,2.188516e+01,2.182993e+01,2.181612e+01,2.181612e+01,2.176086e+01,2.171940e+01,2.176086e+01,2.174704e+01,2.178159e+01,2.177468e+01,2.184374e+01,2.182993e+01,2.187825e+01,2.174013e+01,2.182303e+01,2.186445e+01,2.180922e+01,2.173322e+01,2.182303e+01,2.183684e+01,2.181612e+01,2.176777e+01,2.173322e+01,2.182993e+01,2.169175e+01,2.177468e+01,2.172631e+01,2.170557e+01,2.170557e+01,2.170557e+01,2.171248e+01,2.174704e+01,2.174704e+01,2.171940e+01,2.165025e+01,2.175395e+01,2.176777e+01,2.170557e+01,2.169175e+01,2.179540e+01,2.178850e+01,2.180922e+01,2.171248e+01,2.187135e+01,2.187825e+01,2.179540e+01,2.181612e+01,2.186445e+01,2.203687e+01,2.182303e+01,2.175395e+01,2.187825e+01,2.180922e+01,2.180922e+01,2.187825e+01,2.185065e+01,2.178159e+01,2.202308e+01,2.187825e+01,2.189206e+01,2.184374e+01,2.183684e+01,2.179540e+01,2.194725e+01,2.189206e+01,2.176777e+01,2.182993e+01,2.185065e+01,2.189206e+01,2.198172e+01,2.196793e+01,2.194725e+01,2.185755e+01,2.193345e+01,2.190586e+01,2.198172e+01,2.196104e+01,2.195414e+01,2.188516e+01,2.183684e+01,2.179540e+01,2.183684e+01,2.178159e+01,2.192655e+01,2.187825e+01,2.191965e+01,2.193345e+01,2.178159e+01,2.193345e+01,2.187135e+01,2.188516e+01,2.174013e+01,2.188516e+01,2.199551e+01,2.195414e+01,2.198862e+01,2.213329e+01,2.210575e+01,2.216771e+01,2.241516e+01,2.242202e+01,2.261406e+01,2.273732e+01,2.273732e+01,2.298340e+01,2.324252e+01,2.320846e+01,2.329018e+01,2.388748e+01,2.384010e+01,2.394838e+01,2.423208e+01,2.435343e+01,2.467634e+01,2.468977e+01,2.482401e+01,2.503843e+01,2.500495e+01,2.531251e+01,2.526577e+01,2.530584e+01,2.556591e+01,2.549262e+01,2.560586e+01,2.567241e+01,2.571898e+01,2.583198e+01,2.610401e+01,2.627615e+01,2.628277e+01,2.635551e+01,2.634229e+01,2.658663e+01,2.663939e+01,2.674482e+01,2.660642e+01,2.648104e+01,2.634890e+01,2.599793e+01,2.574558e+01,2.441405e+01,2.224338e+01,2.083076e+01,2.071913e+01,2.059340e+01,2.069818e+01,2.069818e+01,2.065628e+01,2.065628e+01,2.063532e+01,2.062135e+01,2.065628e+01,2.065628e+01,2.060737e+01,2.071215e+01,2.074705e+01,2.056544e+01,2.056544e+01,2.059340e+01,2.059340e+01,2.062834e+01,2.071913e+01,2.067723e+01,2.064930e+01,2.049550e+01,2.047451e+01,2.062834e+01,2.069818e+01,2.059340e+01,2.050949e+01,2.058641e+01,2.057942e+01,2.057243e+01,2.054446e+01,2.058641e+01,2.062135e+01,2.055844e+01,2.063532e+01,2.045351e+01,2.056544e+01,2.067025e+01,2.061436e+01,2.074705e+01,2.074007e+01,2.103973e+01,2.119271e+01,2.155337e+01,2.147025e+01,2.152567e+01,2.152567e+01,2.156721e+01,2.148411e+01,2.152567e+01,2.148411e+01,2.151182e+01,2.156721e+01,2.154645e+01,2.150489e+01,2.149796e+01,2.156029e+01,2.153952e+01,2.158798e+01,2.160874e+01,2.138707e+01,2.151182e+01,2.135933e+01,2.134545e+01,2.060039e+01,2.051648e+01,2.046751e+01,2.053047e+01,2.050949e+01,2.051648e+01,2.049550e+01,2.060737e+01,2.065628e+01,2.108148e+01,2.153952e+01,2.162950e+01,2.167100e+01,2.165025e+01,2.167100e+01,2.166409e+01,2.164334e+01,2.164334e+01,2.166409e+01,2.158106e+01,2.165717e+01,2.164334e+01,2.161566e+01,2.165025e+01,2.170557e+01,2.166409e+01,2.171248e+01,2.180231e+01,2.171940e+01,2.183684e+01,2.165717e+01,2.178159e+01,2.167100e+01,2.176086e+01,2.162258e+01,2.164334e+01,2.178159e+01,2.155337e+01,2.168483e+01,2.176086e+01,2.162950e+01,2.165717e+01,2.164334e+01,2.163642e+01,2.174013e+01,2.164334e+01,2.162258e+01,2.167792e+01,2.158798e+01,2.180231e+01,2.194035e+01,2.165717e+01,2.167792e+01,2.185755e+01,2.172631e+01,2.165025e+01,2.164334e+01,2.164334e+01,2.158106e+01,2.165025e+01,2.166409e+01,2.165025e+01,2.167100e+01,2.158798e+01,2.165025e+01,2.165717e+01,2.160182e+01,2.156029e+01,2.161566e+01,2.152567e+01,2.160182e+01,2.152567e+01,2.158798e+01,2.147025e+01,2.156029e+01,2.172631e+01,2.158106e+01,2.168483e+01,2.151182e+01,2.174013e+01,2.174013e+01,2.155337e+01,2.160182e+01,2.158798e+01,2.158798e+01,2.177468e+01,2.175395e+01,2.169866e+01,2.167100e+01,2.162258e+01,2.153952e+01,2.168483e+01,2.158798e+01,2.164334e+01,2.158798e+01,2.151182e+01,2.158798e+01,2.158798e+01,2.157414e+01,2.148411e+01,2.165025e+01,2.156029e+01,2.147718e+01,2.158106e+01,2.158798e+01,2.152567e+01,2.158106e+01,2.165025e+01,2.158798e+01,2.147025e+01,2.142867e+01,2.149104e+01,2.153952e+01,2.166409e+01,2.162950e+01,2.149104e+01,2.139400e+01,2.148411e+01,2.138707e+01,2.139400e+01,2.131076e+01,2.140787e+01,2.143560e+01,2.131076e+01,2.134545e+01,2.148411e+01,2.138013e+01,2.144253e+01,2.144253e+01,2.131770e+01,2.132464e+01,2.129688e+01,2.134545e+01,2.134545e+01,2.137320e+01,2.127605e+01,2.126911e+01,2.131076e+01,2.129688e+01,2.132464e+01,2.127605e+01,2.126217e+01,2.128299e+01,2.135933e+01,2.130382e+01,2.145639e+01,2.123439e+01,2.127605e+01,2.125522e+01,2.132464e+01,2.114406e+01,2.128993e+01,2.106061e+01,2.122050e+01,2.097709e+01,2.068422e+01,2.050249e+01,2.050249e+01,2.053047e+01,2.037649e+01,2.043951e+01,2.071215e+01,2.097012e+01,2.116491e+01,2.106756e+01,2.108148e+01,2.110929e+01,2.106061e+01,2.122744e+01,2.120660e+01,2.122050e+01,2.114406e+01,2.122744e+01,2.123439e+01,2.123439e+01,2.131076e+01,2.128993e+01,2.122744e+01,2.132464e+01,2.136626e+01,2.141480e+01,2.139400e+01,2.169175e+01,2.177468e+01,2.171248e+01,2.197483e+01,2.195414e+01,2.214017e+01,2.237395e+01,2.257979e+01,2.262776e+01,2.289461e+01,2.321527e+01,2.308576e+01,2.324252e+01,2.320165e+01,2.323571e+01,2.307894e+01,2.290144e+01,2.314031e+01,2.281257e+01,2.275101e+01,2.267571e+01,2.266201e+01,2.256608e+01,2.246320e+01,2.238769e+01,2.228463e+01,2.214706e+01,2.216082e+01,2.196793e+01,2.206442e+01,2.189896e+01,2.188516e+01,2.201619e+01,2.187825e+01,2.184374e+01,2.182993e+01,2.184374e+01,2.182303e+01,2.187825e+01,2.178850e+01,2.181612e+01,2.176777e+01,2.177468e+01,2.169175e+01,2.174704e+01,2.172631e+01,2.174013e+01,2.165717e+01,2.169175e+01,2.172631e+01,2.161566e+01,2.171940e+01,2.153260e+01,2.153260e+01,2.151182e+01,2.147025e+01,2.144253e+01,2.160182e+01,2.152567e+01,2.135239e+01,2.145639e+01,2.145639e+01,2.142174e+01,2.146332e+01,2.139400e+01,2.137320e+01,2.136626e+01,2.151182e+01,2.131770e+01,2.136626e+01,2.127605e+01,2.138707e+01,2.122744e+01,2.129688e+01,2.130382e+01,2.135239e+01,2.131770e+01,2.126217e+01,2.147025e+01,2.129688e+01,2.133851e+01,2.117881e+01,2.143560e+01,2.130382e+01,2.129688e+01,2.119966e+01,2.117186e+01,2.127605e+01,2.131770e+01,2.124133e+01,2.138707e+01,2.135933e+01,2.137320e+01,2.128993e+01,2.124828e+01,2.131076e+01,2.120660e+01,2.128993e+01,2.138013e+01,2.135239e+01,2.144946e+01,2.132464e+01,2.133851e+01,2.142867e+01,2.136626e+01,2.142174e+01,2.149104e+01,2.147025e+01,2.133158e+01,2.135933e+01,2.151182e+01,2.153260e+01,2.128993e+01,2.158106e+01,2.162258e+01,2.160874e+01,2.159490e+01,2.158106e+01,2.156029e+01,2.155337e+01,2.147718e+01,2.158798e+01,2.148411e+01,2.154645e+01,2.158798e+01,2.153260e+01,2.153952e+01,2.145639e+01,2.153260e+01,2.152567e+01,2.159490e+01,2.157414e+01,2.159490e+01,2.158106e+01,2.163642e+01,2.165717e+01,2.153952e+01,2.153260e+01,2.163642e+01,2.160182e+01,2.157414e+01,2.161566e+01,2.150489e+01,2.160182e+01,2.167100e+01,2.164334e+01,2.156721e+01,2.160874e+01,2.159490e+01,2.164334e+01,2.164334e+01,2.166409e+01,2.158798e+01,2.153952e+01,2.157414e+01,2.148411e+01,2.150489e+01,2.157414e+01,2.155337e+01,2.140094e+01,2.140094e+01,2.145639e+01,2.158798e+01,2.153952e+01,2.152567e+01,2.147025e+01,2.150489e+01,2.158798e+01,2.158106e+01,2.146332e+01,2.144253e+01,2.145639e+01,2.135933e+01,2.154645e+01,2.135933e+01,2.154645e+01,2.150489e+01,2.144253e+01,2.151875e+01,2.156029e+01,2.144946e+01,2.141480e+01,2.135933e+01,2.150489e+01,2.131770e+01,2.140094e+01,2.147718e+01,2.135239e+01,2.143560e+01,2.132464e+01,2.133851e+01,2.151182e+01,2.140787e+01,2.126217e+01,2.136626e+01,2.128299e+01,2.108843e+01,2.131770e+01,2.124133e+01,2.131770e+01,2.130382e+01,2.121355e+01,2.126217e+01,2.136626e+01,2.136626e+01,2.131076e+01,2.128993e+01,2.135239e+01,2.119271e+01,2.129688e+01,2.142867e+01,2.129688e+01,2.129688e+01,2.129688e+01,2.140787e+01,2.133158e+01,2.132464e+01,2.133158e+01,2.125522e+01,2.139400e+01,2.128993e+01,2.128993e+01,2.137320e+01,2.131076e+01,2.136626e+01,2.133158e+01,2.133158e+01,2.142867e+01
2.196104e+01,2.185755e+01,2.185755e+01,2.187825e+01,2.199551e+01,2.211263e+01,2.195414e+01,2.177468e+01,2.193345e+01,2.211952e+01,2.198172e+01,2.198172e+01,2.194035e+01,2.189896e+01,2.185065e+01,2.214017e+01,2.204376e+01,2.194725e+01,2.200241e+01,2.187825e+01,2.187825e+01,2.194725e+01,2.194035e+01,2.187825e+01,2.189206e+01,2.196104e+01,2.187135e+01,2.187135e+01,2.174704e+01,2.177468e+01,2.182993e+01,2.185065e+01,2.183684e+01,2.187135e+01,2.181612e+01,2.185065e+01,2.184374e+01,2.188516e+01,2.171248e+01,2.179540e+01,2.173322e+01,2.178159e+01,2.182303e+01,2.180231e+01,2.176086e+01,2.169866e+01,2.178159e+01,2.176777e+01,2.173322e+01,2.174013e+01,2.170557e+01,2.173322e+01,2.177468e+01,2.180922e+01,2.168483e+01,2.184374e+01,2.164334e+01,2.176777e+01,2.168483e+01,2.178159e+01,2.173322e+01,2.174013e+01,2.174013e+01,2.174013e+01,2.171940e+01,2.174704e+01,2.187135e+01,2.187825e+01,2.167100e+01,2.175395e+01,2.180231e+01,2.168483e+01,2.183684e+01,2.184374e+01,2.186445e+01,2.184374e+01,2.186445e+01,2.180922e+01,2.192655e+01,2.185065e+01,2.184374e+01,2.194725e+01,2.191276e+01,2.181612e+01,2.186445e+01,2.182993e+01,2.185755e+01,2.189896e+01,2.201619e+01,2.187135e+01,2.182303e+01,2.196793e+01,2.182993e+01,2.193345e+01,2.198862e+01,2.200241e+01,2.198172e+01,2.196104e+01,2.191276e+01,2.180922e+01,2.189206e+01,2.191965e+01,2.187135e+01,2.185065e+01,2.179540e+01,2.181612e+01,2.187825e+01,2.186445e+01,2.202997e+01,2.182993e+01,2.182303e+01,2.193345e+01,2.191965e+01,2.193345e+01,2.171248e+01,2.195414e+01,2.177468e+01,2.195414e+01,2.195414e+01,2.202308e+01,2.214706e+01,2.233274e+01,2.242202e+01,2.247692e+01,2.261406e+01,2.267571e+01,2.276469e+01,2.301753e+01,2.307894e+01,2.326295e+01,2.354174e+01,2.369781e+01,2.378591e+01,2.415110e+01,2.422533e+01,2.439385e+01,2.468977e+01,2.472335e+01,2.489776e+01,2.488436e+01,2.505182e+01,2.513210e+01,2.507858e+01,2.537258e+01,2.542595e+01,2.548595e+01,2.544595e+01,2.564580e+01,2.575887e+01,2.578546e+01,2.601120e+01,2.609738e+01,2.624969e+01,2.617687e+01,2.630261e+01,2.652065e+01,2.661961e+01,2.659323e+01,2.650084e+01,2.655364e+01,2.654705e+01,2.628938e+01,2.574558e+01,2.470992e+01,2.270309e+01,2.109539e+01,2.072611e+01,2.071215e+01,2.065628e+01,2.062135e+01,2.055844e+01,2.065628e+01,2.063532e+01,2.062834e+01,2.065628e+01,2.061436e+01,2.062135e+01,2.061436e+01,2.062135e+01,2.053747e+01,2.053047e+01,2.055145e+01,2.058641e+01,2.053047e+01,2.070517e+01,2.064930e+01,2.062135e+01,2.058641e+01,2.063532e+01,2.042551e+01,2.063532e+01,2.057942e+01,2.056544e+01,2.059340e+01,2.057942e+01,2.049550e+01,2.053747e+01,2.061436e+01,2.053047e+01,2.055145e+01,2.062834e+01,2.060737e+01,2.071913e+01,2.068422e+01,2.076100e+01,2.120660e+01,2.117186e+01,2.135239e+01,2.138707e+01,2.140094e+01,2.154645e+01,2.156721e+01,2.157414e+01,2.147025e+01,2.154645e+01,2.160182e+01,2.160182e+01,2.159490e+01,2.153260e+01,2.158798e+01,2.163642e+01,2.160182e+01,2.147025e+01,2.149796e+01,2.148411e+01,2.160874e+01,2.153260e+01,2.147025e+01,2.150489e+01,2.139400e+01,2.125522e+01,2.065628e+01,2.053047e+01,2.051648e+01,2.052348e+01,2.045351e+01,2.057243e+01,2.057942e+01,2.081681e+01,2.108843e+01,2.142174e+01,2.159490e+01,2.161566e+01,2.163642e+01,2.162950e+01,2.178159e+01,2.168483e+01,2.167100e+01,2.160182e+01,2.167792e+01,2.171248e+01,2.168483e+01,2.165717e+01,2.167100e+01,2.162258e+01,2.169175e+01,2.167100e+01,2.165025e+01,2.163642e+01,2.161566e+01,2.161566e+01,2.158798e+01,2.158106e+01,2.172631e+01,2.172631e+01,2.180922e+01,2.169175e+01,2.170557e+01,2.171940e+01,2.178850e+01,2.163642e+01,2.154645e+01,2.166409e+01,2.167100e+01,2.173322e+01,2.171248e+01,2.170557e+01,2.179540e+01,2.167792e+01,2.171248e+01,2.166409e+01,2.168483e+01,2.165717e+01,2.176086e+01,2.178159e+01,2.163642e+01,2.165025e+01,2.160182e+01,2.164334e+01,2.163642e+01,2.163642e+01,2.162258e+01,2.172631e+01,2.165025e+01,2.162258e+01,2.165717e+01,2.156721e+01,2.157414e+01,2.162258e+01,2.153260e+01,2.141480e+01,2.154645e+01,2.153952e+01,2.156029e+01,2.156721e+01,2.159490e+01,2.165717e+01,2.171248e+01,2.171940e+01,2.163642e+01,2.172631e+01,2.159490e+01,2.156029e+01,2.159490e+01,2.162258e+01,2.165717e+01,2.166409e+01,2.162258e+01,2.156029e+01,2.151875e+01,2.165717e+01,2.158798e+01,2.156721e+01,2.151182e+01,2.176086e+01,2.157414e+01,2.153952e+01,2.158106e+01,2.151182e+01,2.150489e+01,2.156029e+01,2.155337e+01,2.155337e+01,2.143560e+01,2.145639e+01,2.149796e+01,2.149796e+01,2.152567e+01,2.160182e+01,2.148411e+01,2.147718e+01,2.142174e+01,2.149104e+01,2.138707e+01,2.147718e+01,2.151875e+01,2.140787e+01,2.138707e+01,2.133851e+01,2.139400e+01,2.137320e+01,2.131770e+01,2.151875e+01,2.133851e+01,2.134545e+01,2.130382e+01,2.140787e+01,2.140787e+01,2.135933e+01,2.133158e+01,2.142174e+01,2.140787e+01,2.137320e+01,2.128299e+01,2.138707e+01,2.128993e+01,2.143560e+01,2.129688e+01,2.142867e+01,2.144946e+01,2.127605e+01,2.132464e+01,2.124828e+01,2.132464e+01,2.129688e+01,2.128299e+01,2.149796e+01,2.124828e+01,2.123439e+01,2.116491e+01,2.119271e+01,2.108843e+01,2.120660e+01,2.101189e+01,2.098405e+01,2.098405e+01,2.054446e+01,2.046751e+01,2.036248e+01,2.047451e+01,2.057942e+01,2.070517e+01,2.099101e+01,2.106061e+01,2.109539e+01,2.117881e+01,2.106756e+01,2.115796e+01,2.110929e+01,2.119271e+01,2.113711e+01,2.124828e+01,2.123439e+01,2.130382e+01,2.120660e+01,2.133158e+01,2.133158e+01,2.136626e+01,2.136626e+01,2.144946e+01,2.137320e+01,2.140094e+01,2.145639e+01,2.162950e+01,2.162258e+01,2.188516e+01,2.211263e+01,2.212641e+01,2.214706e+01,2.240829e+01,2.260035e+01,2.281941e+01,2.281257e+01,2.286727e+01,2.296292e+01,2.320165e+01,2.298340e+01,2.313350e+01,2.296975e+01,2.281257e+01,2.277837e+01,2.275785e+01,2.258665e+01,2.249065e+01,2.240829e+01,2.237395e+01,2.219523e+01,2.224338e+01,2.209886e+01,2.195414e+01,2.214706e+01,2.194725e+01,2.195414e+01,2.181612e+01,2.189206e+01,2.191965e+01,2.200930e+01,2.201619e+01,2.190586e+01,2.182993e+01,2.193345e+01,2.180231e+01,2.178850e+01,2.180231e+01,2.178850e+01,2.177468e+01,2.175395e+01,2.162950e+01,2.169866e+01,2.169175e+01,2.169175e+01,2.155337e+01,2.164334e+01,2.165717e+01,2.164334e+01,2.150489e+01,2.165717e+01,2.151875e+01,2.151182e+01,2.156029e+01,2.148411e+01,2.135933e+01,2.140094e+01,2.156721e+01,2.144253e+01,2.142867e+01,2.140094e+01,2.141480e+01,2.133158e+01,2.136626e+01,2.136626e+01,2.133851e+01,2.132464e+01,2.131770e+01,2.119271e+01,2.123439e+01,2.134545e+01,2.120660e+01,2.129688e+01,2.120660e+01,2.116491e+01,2.128993e+01,2.126911e+01,2.126911e+01,2.119966e+01,2.122744e+01,2.128299e+01,2.118576e+01,2.118576e+01,2.116491e+01,2.119966e+01,2.128299e+01,2.122050e+01,2.126217e+01,2.128993e+01,2.130382e+01,2.133158e+01,2.129688e+01,2.126911e+01,2.130382e+01,2.136626e+01,2.142174e+01,2.133158e+01,2.133851e+01,2.133158e+01,2.133158e+01,2.133851e+01,2.147718e+01,2.133851e+01,2.143560e+01,2.147025e+01,2.135239e+01,2.149104e+01,2.154645e+01,2.149104e+01,2.160182e+01,2.147025e+01,2.161566e+01,2.148411e+01,2.159490e+01,2.146332e+01,2.155337e+01,2.149104e+01,2.148411e+01,2.156721e+01,2.153952e+01,2.160182e+01,2.153952e+01,2.155337e+01,2.151875e+01,2.177468e+01,2.158798e+01,2.161566e+01,2.150489e+01,2.160874e+01,2.162950e+01,2.165025e+01,2.166409e+01,2.162258e+01,2.152567e+01,2.154645e+01,2.160182e+01,2.159490e+01,2.147718e+01,2.143560e+01,2.147025e+01,2.157414e+01,2.151182e+01,2.147718e+01,2.156029e+01,2.156721e+01,2.155337e+01,2.155337e+01,2.151875e+01,2.161566e+01,2.159490e+01,2.154645e+01,2.154645e+01,2.150489e+01,2.160182e+01,2.149796e+01,2.168483e+01,2.154645e+01,2.151875e+01,2.150489e+01,2.156721e+01,2.156029e+01,2.156721e+01,2.153260e+01,2.152567e+01,2.143560e+01,2.152567e+01,2.147718e+01,2.148411e+01,2.149104e+01,2.155337e+01,2.152567e+01,2.155337e+01,2.149796e+01,2.147718e+01,2.147718e+01,2.136626e+01,2.138013e+01,2.138707e+01,2.133851e+01,2.138013e+01,2.142174e+01,2.142174e+01,2.129688e+01,2.142174e+01,2.136626e+01,2.133851e+01,2.134545e+01,2.145639e+01,2.137320e+01,2.131770e+01,2.127605e+01,2.131770e+01,2.127605e+01,2.127605e+01,2.122050e+01,2.128993e+01,2.119271e+01,2.124133e+01,2.124133e+01,2.132464e+01,2.134545e+01,2.131770e+01,2.134545e+01,2.138707e+01,2.140787e+01,2.138013e+01,2.131770e+01,2.135239e+01,2.126217e+01,2.138707e+01,2.141480e+01,2.138013e+01,2.119271e+01,2.139400e+01,2.138013e+01,2.131076e+01,2.135239e+01,2.130382e+01,2.126217e+01,2.135933e+01,2.128299e+01,2.139400e+01,2.133158e+01,2.131076e+01
2.202997e+01,2.188516e+01,2.189206e+01,2.198172e+01,2.181612e+01,2.191276e+01,2.191965e+01,2.191276e+01,2.194035e+01,2.200241e+01,2.187135e+01,2.194725e+01,2.195414e+01,2.194725e+01,2.191965e+01,2.198172e+01,2.185755e+01,2.196793e+01,2.187135e+01,2.202308e+01,2.190586e+01,2.193345e+01,2.195414e+01,2.191965e+01,2.192655e+01,2.185065e+01,2.180231e+01,2.158106e+01,2.176086e+01,2.171248e+01,2.171248e+01,2.178850e+01,2.174013e+01,2.180922e+01,2.178850e+01,2.174704e+01,2.178850e+01,2.182303e+01,2.182993e+01,2.182303e+01,2.167792e+01,2.174013e+01,2.179540e+01,2.168483e+01,2.169175e+01,2.176777e+01,2.178159e+01,2.182303e+01,2.171940e+01,2.178159e+01,2.172631e+01,2.172631e+01,2.176086e+01,2.178850e+01,2.180922e+01,2.168483e+01,2.166409e+01,2.174013e+01,2.164334e+01,2.169866e+01,2.181612e+01,2.179540e+01,2.169175e+01,2.163642e+01,2.178850e+01,2.171940e+01,2.169866e+01,2.175395e+01,2.170557e+01,2.187825e+01,2.179540e+01,2.177468e+01,2.160874e+01,2.182303e+01,2.178850e+01,2.187135e+01,2.177468e+01,2.191965e+01,2.194035e+01,2.178159e+01,2.181612e+01,2.186445e+01,2.194725e+01,2.193345e+01,2.176086e+01,2.191276e+01,2.184374e+01,2.192655e+01,2.185065e+01,2.171248e+01,2.194725e+01,2.181612e+01,2.177468e+01,2.194725e+01,2.198172e+01,2.194725e+01,2.185065e+01,2.194035e+01,2.191965e+01,2.184374e+01,2.189206e+01,2.197483e+01,2.181612e+01,2.187135e+01,2.189896e+01,2.186445e+01,2.193345e+01,2.183684e+01,2.203687e+01,2.195414e+01,2.190586e+01,2.187135e+01,2.189206e+01,2.169866e+01,2.165717e+01,2.181612e+01,2.195414e+01,2.194725e+01,2.196104e+01,2.202308e+01,2.212641e+01,2.225713e+01,2.229838e+01,2.242202e+01,2.248379e+01,2.270994e+01,2.275785e+01,2.290827e+01,2.310622e+01,2.322209e+01,2.329018e+01,2.361641e+01,2.369102e+01,2.392808e+01,2.423208e+01,2.425231e+01,2.444771e+01,2.473677e+01,2.479047e+01,2.469649e+01,2.505182e+01,2.504512e+01,2.504512e+01,2.518559e+01,2.531251e+01,2.544595e+01,2.559920e+01,2.565911e+01,2.581205e+01,2.585191e+01,2.582533e+01,2.611726e+01,2.621660e+01,2.622983e+01,2.632907e+01,2.636873e+01,2.650084e+01,2.658663e+01,2.661961e+01,2.650084e+01,2.653385e+01,2.632907e+01,2.601783e+01,2.559920e+01,2.400247e+01,2.147718e+01,2.074705e+01,2.063532e+01,2.064231e+01,2.055844e+01,2.056544e+01,2.064231e+01,2.060039e+01,2.069818e+01,2.062834e+01,2.044651e+01,2.063532e+01,2.058641e+01,2.063532e+01,2.060039e+01,2.057243e+01,2.053047e+01,2.048850e+01,2.064231e+01,2.052348e+01,2.060737e+01,2.057243e+01,2.058641e+01,2.060039e+01,2.062834e+01,2.054446e+01,2.055844e+01,2.057942e+01,2.053047e+01,2.047451e+01,2.057243e+01,2.046751e+01,2.043251e+01,2.055844e+01,2.057243e+01,2.057243e+01,2.053747e+01,2.071215e+01,2.071913e+01,2.099797e+01,2.125522e+01,2.138707e+01,2.135933e+01,2.139400e+01,2.141480e+01,2.153260e+01,2.162950e+01,2.147025e+01,2.148411e+01,2.151875e+01,2.157414e+01,2.156029e+01,2.151875e+01,2.159490e+01,2.156721e+01,2.158106e+01,2.144946e+01,2.154645e+01,2.161566e+01,2.151182e+01,2.155337e+01,2.159490e+01,2.135933e+01,2.147025e+01,2.137320e+01,2.133851e+01,2.080286e+01,2.078193e+01,2.051648e+01,2.053047e+01,2.051648e+01,2.054446e+01,2.055844e+01,2.056544e+01,2.108148e+01,2.140094e+01,2.142867e+01,2.147025e+01,2.153260e+01,2.158106e+01,2.165717e+01,2.161566e+01,2.159490e+01,2.172631e+01,2.164334e+01,2.167100e+01,2.160874e+01,2.163642e+01,2.169866e+01,2.163642e+01,2.168483e+01,2.162950e+01,2.165025e+01,2.165717e+01,2.165717e+01,2.156721e+01,2.167792e+01,2.172631e+01,2.165025e+01,2.166409e+01,2.167792e+01,2.162950e+01,2.159490e+01,2.163642e+01,2.159490e+01,2.160182e+01,2.149104e+01,2.166409e+01,2.170557e+01,2.163642e+01,2.157414e+01,2.158106e+01,2.170557e+01,2.167100e+01,2.163642e+01,2.159490e+01,2.169175e+01,2.174013e+01,2.158798e+01,2.160874e+01,2.165717e+01,2.158106e+01,2.160874e+01,2.160182e+01,2.163642e+01,2.160874e+01,2.161566e+01,2.168483e+01,2.168483e+01,2.155337e+01,2.160182e+01,2.151875e+01,2.157414e+01,2.158106e+01,2.142867e+01,2.169866e+01,2.167792e+01,2.161566e+01,2.154645e+01,2.165025e+01,2.158798e+01,2.158798e+01,2.157414e+01,2.156721e+01,2.172631e+01,2.153952e+01,2.153260e+01,2.157414e+01,2.160182e+01,2.157414e+01,2.157414e+01,2.159490e+01,2.152567e+01,2.159490e+01,2.152567e+01,2.164334e+01,2.153952e+01,2.159490e+01,2.151182e+01,2.153952e+01,2.159490e+01,2.160182e+01,2.156721e+01,2.153952e+01,2.155337e+01,2.158106e+01,2.160182e+01,2.147025e+01,2.147718e+01,2.140094e+01,2.147025e+01,2.147025e+01,2.146332e+01,2.151182e+01,2.150489e+01,2.140787e+01,2.144253e+01,2.150489e+01,2.144253e+01,2.139400e+01,2.165025e+01,2.164334e+01,2.140787e+01,2.138707e+01,2.138013e+01,2.140094e+01,2.133158e+01,2.133851e+01,2.144253e+01,2.140787e+01,2.125522e+01,2.131770e+01,2.128299e+01,2.135933e+01,2.131770e+01,2.139400e+01,2.132464e+01,2.129688e+01,2.137320e+01,2.137320e+01,2.129688e+01,2.140787e+01,2.133851e+01,2.126217e+01,2.137320e+01,2.128299e+01,2.133158e+01,2.112320e+01,2.113015e+01,2.130382e+01,2.127605e+01,2.128993e+01,2.129688e+01,2.122744e+01,2.117186e+01,2.119271e+01,2.118576e+01,2.113015e+01,2.103277e+01,2.110929e+01,2.106061e+01,2.099101e+01,2.074705e+01,2.057243e+01,2.043251e+01,2.071913e+01,2.099101e+01,2.108843e+01,2.108843e+01,2.107452e+01,2.114406e+01,2.107452e+01,2.117186e+01,2.117186e+01,2.121355e+01,2.115796e+01,2.125522e+01,2.124133e+01,2.115101e+01,2.115101e+01,2.117881e+01,2.121355e+01,2.128993e+01,2.125522e+01,2.129688e+01,2.138013e+01,2.133851e+01,2.137320e+01,2.167100e+01,2.153952e+01,2.187135e+01,2.188516e+01,2.195414e+01,2.212641e+01,2.244948e+01,2.257979e+01,2.259350e+01,2.273732e+01,2.275101e+01,2.284676e+01,2.291510e+01,2.292877e+01,2.302436e+01,2.278522e+01,2.290827e+01,2.286727e+01,2.273047e+01,2.257294e+01,2.237395e+01,2.239456e+01,2.237395e+01,2.222275e+01,2.216771e+01,2.210575e+01,2.213329e+01,2.203687e+01,2.196793e+01,2.193345e+01,2.191276e+01,2.202308e+01,2.200930e+01,2.184374e+01,2.187135e+01,2.183684e+01,2.179540e+01,2.193345e+01,2.194035e+01,2.170557e+01,2.168483e+01,2.162950e+01,2.163642e+01,2.162950e+01,2.171248e+01,2.156721e+01,2.157414e+01,2.171940e+01,2.156029e+01,2.151182e+01,2.153952e+01,2.151182e+01,2.151875e+01,2.151875e+01,2.141480e+01,2.144253e+01,2.153260e+01,2.147025e+01,2.142867e+01,2.137320e+01,2.126911e+01,2.144946e+01,2.141480e+01,2.135239e+01,2.151182e+01,2.141480e+01,2.141480e+01,2.133851e+01,2.138707e+01,2.139400e+01,2.117881e+01,2.142867e+01,2.128993e+01,2.119271e+01,2.128993e+01,2.130382e+01,2.123439e+01,2.118576e+01,2.119966e+01,2.127605e+01,2.140787e+01,2.115101e+01,2.121355e+01,2.128993e+01,2.120660e+01,2.119271e+01,2.123439e+01,2.120660e+01,2.123439e+01,2.129688e+01,2.125522e+01,2.142174e+01,2.124828e+01,2.127605e+01,2.125522e+01,2.128299e+01,2.137320e+01,2.133851e+01,2.125522e+01,2.124133e+01,2.144253e+01,2.139400e+01,2.131770e+01,2.147718e+01,2.140094e+01,2.142867e+01,2.150489e+01,2.128299e+01,2.154645e+01,2.156029e+01,2.151875e+01,2.143560e+01,2.140094e+01,2.142867e+01,2.142174e+01,2.160874e+01,2.139400e+01,2.149104e+01,2.148411e+01,2.149796e+01,2.155337e+01,2.156721e+01,2.151875e+01,2.158798e+01,2.152567e+01,2.153260e+01,2.153952e+01,2.155337e+01,2.158798e+01,2.153952e+01,2.155337e+01,2.159490e+01,2.154645e+01,2.152567e+01,2.157414e+01,2.149104e+01,2.156721e+01,2.151182e+01,2.144253e+01,2.155337e+01,2.149796e+01,2.158798e+01,2.147025e+01,2.149796e+01,2.170557e+01,2.151182e+01,2.153260e+01,2.157414e+01,2.161566e+01,2.149104e+01,2.155337e+01,2.143560e+01,2.138707e+01,2.150489e+01,2.140787e+01,2.152567e+01,2.149796e+01,2.158798e+01,2.131076e+01,2.153952e+01,2.146332e+01,2.152567e+01,2.141480e+01,2.151182e+01,2.147025e+01,2.151182e+01,2.143560e+01,2.145639e+01,2.148411e+01,2.142174e+01,2.158106e+01,2.154645e+01,2.140094e+01,2.141480e+01,2.145639e+01,2.138013e+01,2.144253e+01,2.136626e+01,2.132464e+01,2.134545e+01,2.136626e+01,2.138013e+01,2.144253e+01,2.137320e+01,2.132464e+01,2.143560e+01,2.122050e+01,2.134545e+01,2.128993e+01,2.133158e+01,2.145639e+01,2.136626e+01,2.122050e+01,2.133851e+01,2.117881e+01,2.126911e+01,2.126911e+01,2.119966e+01,2.118576e+01,2.121355e+01,2.131770e+01,2.122744e+01,2.135933e+01,2.135933e+01,2.124133e+01,2.129688e+01,2.135239e+01,2.140094e+01,2.124828e+01,2.129688e+01,2.114406e+01,2.138013e+01,2.135933e+01,2.115796e+01,2.130382e+01,2.128993e+01,2.133158e+01,2.131076e+01,2.138707e+01,2.130382e+01,2.132464e+01,2.119271e+01,2.133851e+01,2.130382e+01,2.137320e+01,2.125522e+01,2.134545e+01
2.189896e+01,2.188516e+01,2.191276e+01,2.194035e+01,2.185065e+01,2.186445e+01,2.187825e+01,2.191276e+01,2.191276e+01,2.196104e+01,2.194035e+01,2.194725e+01,2.194725e+01,2.183684e+01,2.199551e+01,2.191276e+01,2.183684e+01,2.204376e+01,2.200241e+01,2.198172e+01,2.187825e+01,2.192655e+01,2.194725e+01,2.175395e+01,2.194725e+01,2.174704e+01,2.173322e+01,2.174013e+01,2.174013e+01,2.146332e+01,2.171248e+01,2.166409e+01,2.171940e+01,2.183684e+01,2.188516e+01,2.181612e+01,2.174704e+01,2.179540e+01,2.179540e+01,2.171248e+01,2.176086e+01,2.166409e+01,2.177468e+01,2.165717e+01,2.174013e+01,2.161566e+01,2.180922e+01,2.176086e+01,2.182993e+01,2.176086e+01,2.174704e+01,2.175395e+01,2.173322e+01,2.170557e+01,2.167100e+01,2.184374e+01,2.152567e+01,2.169866e+01,2.174013e+01,2.162950e+01,2.176777e+01,2.182303e+01,2.168483e+01,2.181612e+01,2.183684e+01,2.180231e+01,2.176777e+01,2.173322e+01,2.174704e+01,2.177468e+01,2.176777e+01,2.180922e+01,2.182993e+01,2.180922e+01,2.185755e+01,2.176086e+01,2.187825e+01,2.180231e+01,2.185755e+01,2.195414e+01,2.187825e+01,2.186445e+01,2.190586e+01,2.194725e+01,2.192655e+01,2.180231e+01,2.188516e+01,2.189206e+01,2.198862e+01,2.187135e+01,2.189896e+01,2.184374e+01,2.184374e+01,2.196104e+01,2.193345e+01,2.191276e+01,2.194725e+01,2.194035e+01,2.185065e+01,2.182303e+01,2.194035e+01,2.186445e+01,2.187825e+01,2.182993e+01,2.179540e+01,2.173322e+01,2.176777e+01,2.184374e+01,2.171248e+01,2.175395e+01,2.197483e+01,2.189206e+01,2.192655e+01,2.188516e+01,2.193345e+01,2.187825e+01,2.195414e+01,2.198172e+01,2.197483e+01,2.218835e+01,2.211263e+01,2.216082e+01,2.229151e+01,2.227776e+01,2.247006e+01,2.274416e+01,2.273732e+01,2.278522e+01,2.312668e+01,2.313350e+01,2.318802e+01,2.369102e+01,2.370458e+01,2.379269e+01,2.400924e+01,2.441405e+01,2.429951e+01,2.470992e+01,2.475691e+01,2.479047e+01,2.465619e+01,2.501834e+01,2.507189e+01,2.516553e+01,2.541928e+01,2.540594e+01,2.547929e+01,2.578546e+01,2.572563e+01,2.575887e+01,2.583862e+01,2.592495e+01,2.618349e+01,2.617025e+01,2.616363e+01,2.643481e+01,2.651405e+01,2.650084e+01,2.655364e+01,2.663280e+01,2.648104e+01,2.629600e+01,2.579211e+01,2.576552e+01,2.477034e+01,2.192655e+01,2.070517e+01,2.068422e+01,2.069818e+01,2.060039e+01,2.057942e+01,2.057243e+01,2.057243e+01,2.060039e+01,2.059340e+01,2.061436e+01,2.064930e+01,2.053047e+01,2.062834e+01,2.057243e+01,2.057243e+01,2.055145e+01,2.052348e+01,2.048150e+01,2.052348e+01,2.062135e+01,2.060039e+01,2.060039e+01,2.062135e+01,2.055145e+01,2.062135e+01,2.049550e+01,2.048150e+01,2.051648e+01,2.058641e+01,2.057942e+01,2.046751e+01,2.051648e+01,2.046051e+01,2.048150e+01,2.064231e+01,2.058641e+01,2.055145e+01,2.096316e+01,2.135239e+01,2.131076e+01,2.140787e+01,2.140787e+01,2.156029e+01,2.166409e+01,2.149104e+01,2.147718e+01,2.157414e+01,2.146332e+01,2.159490e+01,2.160874e+01,2.155337e+01,2.150489e+01,2.150489e+01,2.152567e+01,2.156721e+01,2.158798e+01,2.162258e+01,2.154645e+01,2.158798e+01,2.151875e+01,2.151875e+01,2.150489e+01,2.151182e+01,2.121355e+01,2.140094e+01,2.128993e+01,2.128299e+01,2.097709e+01,2.064231e+01,2.057942e+01,2.054446e+01,2.058641e+01,2.079589e+01,2.135239e+01,2.144253e+01,2.160182e+01,2.161566e+01,2.161566e+01,2.162950e+01,2.162258e+01,2.163642e+01,2.161566e+01,2.168483e+01,2.157414e+01,2.167100e+01,2.160182e+01,2.169175e+01,2.167792e+01,2.160874e+01,2.168483e+01,2.169175e+01,2.166409e+01,2.163642e+01,2.158106e+01,2.158106e+01,2.153260e+01,2.165717e+01,2.157414e+01,2.166409e+01,2.169866e+01,2.166409e+01,2.166409e+01,2.158798e+01,2.158798e+01,2.162258e+01,2.156721e+01,2.165717e+01,2.176777e+01,2.166409e+01,2.156721e+01,2.182993e+01,2.165717e+01,2.174704e+01,2.169866e+01,2.172631e+01,2.169175e+01,2.170557e+01,2.173322e+01,2.171248e+01,2.159490e+01,2.156029e+01,2.165025e+01,2.161566e+01,2.165025e+01,2.161566e+01,2.164334e+01,2.151182e+01,2.170557e+01,2.165025e+01,2.172631e+01,2.154645e+01,2.171248e+01,2.157414e+01,2.156721e+01,2.175395e+01,2.165717e+01,2.151875e+01,2.164334e+01,2.161566e+01,2.167792e+01,2.162950e+01,2.173322e+01,2.146332e+01,2.144946e+01,2.159490e+01,2.169866e+01,2.161566e+01,2.160874e+01,2.154645e+01,2.158798e+01,2.173322e+01,2.155337e+01,2.162258e+01,2.153260e+01,2.154645e+01,2.151182e+01,2.150489e+01,2.151875e+01,2.156721e+01,2.153952e+01,2.149796e+01,2.159490e+01,2.158106e+01,2.147025e+01,2.156721e+01,2.148411e+01,2.148411e+01,2.147025e+01,2.140787e+01,2.149104e+01,2.147025e+01,2.144253e+01,2.144253e+01,2.148411e+01,2.148411e+01,2.149104e+01,2.151182e+01,2.144253e+01,2.139400e+01,2.146332e+01,2.144253e+01,2.141480e+01,2.140787e+01,2.140787e+01,2.137320e+01,2.136626e+01,2.132464e+01,2.149104e+01,2.132464e+01,2.131770e+01,2.131076e+01,2.124828e+01,2.130382e+01,2.140094e+01,2.138013e+01,2.141480e+01,2.127605e+01,2.142174e+01,2.128299e+01,2.133851e+01,2.138707e+01,2.133158e+01,2.117881e+01,2.122050e+01,2.116491e+01,2.128299e+01,2.126217e+01,2.115796e+01,2.133851e+01,2.112320e+01,2.117186e+01,2.136626e+01,2.128299e+01,2.109539e+01,2.123439e+01,2.122050e+01,2.113711e+01,2.097709e+01,2.099101e+01,2.106756e+01,2.113711e+01,2.076100e+01,2.076100e+01,2.089350e+01,2.090743e+01,2.100493e+01,2.103973e+01,2.114406e+01,2.113711e+01,2.115101e+01,2.106756e+01,2.113711e+01,2.111625e+01,2.119271e+01,2.113711e+01,2.108148e+01,2.106061e+01,2.117881e+01,2.112320e+01,2.117881e+01,2.115796e+01,2.116491e+01,2.124828e+01,2.124828e+01,2.131076e+01,2.137320e+01,2.143560e+01,2.164334e+01,2.173322e+01,2.187135e+01,2.167100e+01,2.191965e+01,2.215394e+01,2.233961e+01,2.242202e+01,2.258665e+01,2.263461e+01,2.262091e+01,2.273732e+01,2.296292e+01,2.277837e+01,2.277837e+01,2.275785e+01,2.266201e+01,2.270994e+01,2.266886e+01,2.249065e+01,2.241516e+01,2.229838e+01,2.224338e+01,2.218835e+01,2.220899e+01,2.209198e+01,2.194725e+01,2.192655e+01,2.186445e+01,2.189896e+01,2.186445e+01,2.183684e+01,2.179540e+01,2.182303e+01,2.185065e+01,2.186445e+01,2.184374e+01,2.178850e+01,2.182303e+01,2.174013e+01,2.174704e+01,2.163642e+01,2.174013e+01,2.162258e+01,2.175395e+01,2.174013e+01,2.161566e+01,2.156721e+01,2.165025e+01,2.149796e+01,2.146332e+01,2.153952e+01,2.150489e+01,2.151875e+01,2.154645e+01,2.143560e+01,2.151182e+01,2.138013e+01,2.125522e+01,2.146332e+01,2.146332e+01,2.140094e+01,2.138707e+01,2.144253e+01,2.139400e+01,2.140787e+01,2.151875e+01,2.135933e+01,2.139400e+01,2.136626e+01,2.142174e+01,2.135933e+01,2.137320e+01,2.124828e+01,2.124828e+01,2.133158e+01,2.123439e+01,2.122050e+01,2.125522e+01,2.118576e+01,2.131770e+01,2.118576e+01,2.128993e+01,2.124133e+01,2.122050e+01,2.119966e+01,2.124133e+01,2.122744e+01,2.118576e+01,2.124828e+01,2.124828e+01,2.127605e+01,2.123439e+01,2.122744e+01,2.125522e+01,2.117186e+01,2.119271e+01,2.131076e+01,2.124133e+01,2.122744e+01,2.126911e+01,2.155337e+01,2.140094e+01,2.137320e+01,2.146332e+01,2.142174e+01,2.141480e+01,2.145639e+01,2.145639e+01,2.135239e+01,2.148411e+01,2.146332e+01,2.145639e+01,2.134545e+01,2.161566e+01,2.155337e+01,2.155337e+01,2.144253e+01,2.146332e+01,2.146332e+01,2.154645e+01,2.151875e+01,2.150489e+01,2.153952e+01,2.151182e+01,2.156721e+01,2.146332e+01,2.151875e+01,2.160874e+01,2.154645e+01,2.157414e+01,2.147718e+01,2.168483e+01,2.151182e+01,2.158798e+01,2.167792e+01,2.156721e+01,2.157414e+01,2.140787e+01,2.152567e+01,2.147025e+01,2.147718e+01,2.162258e+01,2.146332e+01,2.148411e+01,2.151875e+01,2.153952e+01,2.151182e+01,2.147718e+01,2.147718e+01,2.159490e+01,2.151182e+01,2.167100e+01,2.145639e+01,2.150489e+01,2.139400e+01,2.158798e+01,2.150489e+01,2.158106e+01,2.140094e+01,2.149796e+01,2.157414e+01,2.142867e+01,2.142174e+01,2.144253e+01,2.153260e+01,2.142867e+01,2.141480e+01,2.145639e+01,2.132464e+01,2.149796e+01,2.160874e+01,2.135239e+01,2.143560e+01,2.144946e+01,2.144253e+01,2.151182e+01,2.149104e+01,2.130382e+01,2.135239e+01,2.135239e+01,2.115796e+01,2.150489e+01,2.138013e+01,2.120660e+01,2.135239e+01,2.124133e+01,2.133158e+01,2.129688e+01,2.128299e+01,2.115101e+01,2.127605e+01,2.131076e+01,2.119271e+01,2.125522e+01,2.121355e+01,2.125522e+01,2.115101e+01,2.128299e+01,2.122050e+01,2.118576e+01,2.128993e+01,2.137320e+01,2.124133e+01,2.129688e+01,2.127605e+01,2.134545e+01,2.126911e+01,2.119966e+01,2.121355e+01,2.124133e+01,2.118576e+01,2.129688e+01,2.117881e+01,2.108148e+01,2.117186e+01,2.126911e+01,2.128993e+01,2.129688e+01,2.122744e+01,2.133851e+01,2.132464e+01,2.103973e+01,2.110929e+01,2.131076e+01,2.122744e+01,2.127605e+01
2.183684e+01,2.184374e+01,2.185065e+01,2.194035e+01,2.190586e+01,2.189896e+01,2.187825e+01,2.190586e+01,2.191965e+01,2.183684e+01,2.189896e+01,2.200930e+01,2.207820e+01,2.188516e+01,2.186445e+01,2.198862e+01,2.192655e+01,2.197483e+01,2.184374e+01,2.180922e+01,2.195414e+01,2.191965e+01,2.195414e+01,2.191965e+01,2.189896e+01,2.171940e+01,2.174013e+01,2.171940e+01,2.174013e+01,2.171940e+01,2.180922e+01,2.169866e+01,2.169866e+01,2.167792e+01,2.169175e+01,2.181612e+01,2.162950e+01,2.174704e+01,2.180922e+01,2.176777e+01,2.178850e+01,2.165025e+01,2.178850e+01,2.165717e+01,2.179540e+01,2.179540e+01,2.179540e+01,2.171940e+01,2.178159e+01,2.169866e+01,2.176777e+01,2.176086e+01,2.179540e+01,2.192655e+01,2.180922e+01,2.169175e+01,2.169866e+01,2.182303e+01,2.169866e+01,2.162258e+01,2.176777e+01,2.160182e+01,2.182303e+01,2.168483e+01,2.180231e+01,2.179540e+01,2.170557e+01,2.185755e+01,2.181612e+01,2.190586e+01,2.183684e+01,2.182303e+01,2.174704e+01,2.182303e+01,2.184374e+01,2.194725e+01,2.167100e+01,2.174704e+01,2.177468e+01,2.180231e+01,2.189896e+01,2.192655e+01,2.171248e+01,2.193345e+01,2.194725e+01,2.184374e+01,2.193345e+01,2.198862e+01,2.184374e+01,2.189896e+01,2.185065e+01,2.195414e+01,2.201619e+01,2.183684e+01,2.180231e+01,2.187825e+01,2.185755e+01,2.194035e+01,2.188516e+01,2.191276e+01,2.185755e+01,2.185755e+01,2.183684e+01,2.185065e+01,2.174704e+01,2.189206e+01,2.183684e+01,2.192655e+01,2.189896e+01,2.191965e+01,2.169866e+01,2.167792e+01,2.185755e+01,2.187135e+01,2.186445e+01,2.188516e+01,2.190586e+01,2.194725e+01,2.211263e+01,2.195414e+01,2.220211e+01,2.216771e+01,2.217459e+01,2.228463e+01,2.247006e+01,2.262091e+01,2.277153e+01,2.279889e+01,2.291510e+01,2.326295e+01,2.326976e+01,2.347381e+01,2.354853e+01,2.384010e+01,2.395514e+01,2.433995e+01,2.440732e+01,2.442078e+01,2.465619e+01,2.478376e+01,2.477705e+01,2.505851e+01,2.499156e+01,2.505851e+01,2.512541e+01,2.513210e+01,2.540594e+01,2.563249e+01,2.561917e+01,2.567907e+01,2.580540e+01,2.606424e+01,2.583862e+01,2.619012e+01,2.617025e+01,2.646123e+01,2.642160e+01,2.651405e+01,2.650084e+01,2.650084e+01,2.653385e+01,2.642160e+01,2.603109e+01,2.578546e+01,2.527913e+01,2.264146e+01,2.083773e+01,2.066327e+01,2.069818e+01,2.054446e+01,2.054446e+01,2.060039e+01,2.048850e+01,2.061436e+01,2.055145e+01,2.054446e+01,2.052348e+01,2.061436e+01,2.062135e+01,2.064930e+01,2.053747e+01,2.052348e+01,2.046051e+01,2.049550e+01,2.046751e+01,2.053747e+01,2.046051e+01,2.063532e+01,2.055145e+01,2.060737e+01,2.062135e+01,2.046751e+01,2.046751e+01,2.042551e+01,2.057942e+01,2.055844e+01,2.049550e+01,2.055844e+01,2.053047e+01,2.072611e+01,2.069818e+01,2.075403e+01,2.103973e+01,2.129688e+01,2.131770e+01,2.135239e+01,2.141480e+01,2.138013e+01,2.142174e+01,2.164334e+01,2.154645e+01,2.147718e+01,2.145639e+01,2.147718e+01,2.162258e+01,2.147718e+01,2.157414e+01,2.145639e+01,2.151182e+01,2.151875e+01,2.157414e+01,2.153952e+01,2.147718e+01,2.165025e+01,2.167100e+01,2.149796e+01,2.166409e+01,2.151875e+01,2.133851e+01,2.143560e+01,2.129688e+01,2.126911e+01,2.120660e+01,2.128993e+01,2.119271e+01,2.095619e+01,2.078193e+01,2.058641e+01,2.104669e+01,2.134545e+01,2.162950e+01,2.145639e+01,2.162258e+01,2.151875e+01,2.156721e+01,2.159490e+01,2.162258e+01,2.162258e+01,2.171940e+01,2.169866e+01,2.159490e+01,2.171940e+01,2.159490e+01,2.167100e+01,2.180922e+01,2.178850e+01,2.156029e+01,2.162258e+01,2.160182e+01,2.153260e+01,2.172631e+01,2.158106e+01,2.154645e+01,2.158106e+01,2.160874e+01,2.171940e+01,2.158798e+01,2.163642e+01,2.167100e+01,2.169175e+01,2.160874e+01,2.174704e+01,2.180922e+01,2.162258e+01,2.165025e+01,2.158106e+01,2.159490e+01,2.167792e+01,2.160874e+01,2.165025e+01,2.156721e+01,2.173322e+01,2.171248e+01,2.169175e+01,2.161566e+01,2.164334e+01,2.160874e+01,2.165025e+01,2.164334e+01,2.164334e+01,2.159490e+01,2.169175e+01,2.172631e+01,2.156721e+01,2.165025e+01,2.171940e+01,2.166409e+01,2.160182e+01,2.160874e+01,2.165025e+01,2.158106e+01,2.160874e+01,2.154645e+01,2.149796e+01,2.157414e+01,2.156721e+01,2.169866e+01,2.160874e+01,2.153260e+01,2.154645e+01,2.149104e+01,2.158798e+01,2.159490e+01,2.155337e+01,2.152567e+01,2.156029e+01,2.158798e+01,2.149104e+01,2.161566e+01,2.153260e+01,2.162950e+01,2.153260e+01,2.156721e+01,2.150489e+01,2.158798e+01,2.149796e+01,2.158798e+01,2.148411e+01,2.153260e+01,2.149796e+01,2.155337e+01,2.149796e+01,2.149104e+01,2.144946e+01,2.151182e+01,2.151182e+01,2.149796e+01,2.142867e+01,2.138013e+01,2.148411e+01,2.138013e+01,2.141480e+01,2.149796e+01,2.151182e+01,2.144253e+01,2.144253e+01,2.143560e+01,2.146332e+01,2.149104e+01,2.145639e+01,2.138707e+01,2.153952e+01,2.135239e+01,2.132464e+01,2.135933e+01,2.141480e+01,2.139400e+01,2.132464e+01,2.134545e+01,2.127605e+01,2.133851e+01,2.124828e+01,2.130382e+01,2.138707e+01,2.131770e+01,2.131770e+01,2.141480e+01,2.131076e+01,2.125522e+01,2.123439e+01,2.119966e+01,2.121355e+01,2.124133e+01,2.119966e+01,2.114406e+01,2.108843e+01,2.130382e+01,2.124133e+01,2.106756e+01,2.123439e+01,2.122050e+01,2.113015e+01,2.114406e+01,2.113015e+01,2.101189e+01,2.112320e+01,2.116491e+01,2.107452e+01,2.111625e+01,2.108843e+01,2.097012e+01,2.101189e+01,2.115101e+01,2.108148e+01,2.110234e+01,2.111625e+01,2.114406e+01,2.106756e+01,2.110234e+01,2.112320e+01,2.113015e+01,2.111625e+01,2.112320e+01,2.109539e+01,2.113711e+01,2.119271e+01,2.119271e+01,2.113711e+01,2.119966e+01,2.129688e+01,2.126217e+01,2.125522e+01,2.165025e+01,2.135933e+01,2.155337e+01,2.164334e+01,2.186445e+01,2.189206e+01,2.214706e+01,2.212641e+01,2.219523e+01,2.244948e+01,2.263461e+01,2.259350e+01,2.263461e+01,2.273732e+01,2.280573e+01,2.271679e+01,2.266886e+01,2.268940e+01,2.269625e+01,2.252494e+01,2.244948e+01,2.229151e+01,2.225026e+01,2.213329e+01,2.207820e+01,2.200241e+01,2.202308e+01,2.198862e+01,2.197483e+01,2.192655e+01,2.198172e+01,2.176777e+01,2.179540e+01,2.185755e+01,2.187825e+01,2.185755e+01,2.191276e+01,2.180922e+01,2.182303e+01,2.178159e+01,2.183684e+01,2.181612e+01,2.178159e+01,2.159490e+01,2.162950e+01,2.176086e+01,2.153260e+01,2.158106e+01,2.156029e+01,2.156029e+01,2.151875e+01,2.159490e+01,2.157414e+01,2.153952e+01,2.162258e+01,2.149104e+01,2.151182e+01,2.148411e+01,2.150489e+01,2.134545e+01,2.147025e+01,2.147025e+01,2.147025e+01,2.139400e+01,2.144253e+01,2.147718e+01,2.144253e+01,2.128993e+01,2.145639e+01,2.133851e+01,2.146332e+01,2.126911e+01,2.132464e+01,2.125522e+01,2.120660e+01,2.123439e+01,2.120660e+01,2.120660e+01,2.131770e+01,2.122050e+01,2.119271e+01,2.119966e+01,2.130382e+01,2.126911e+01,2.120660e+01,2.117881e+01,2.116491e+01,2.107452e+01,2.121355e+01,2.124828e+01,2.112320e+01,2.117881e+01,2.114406e+01,2.117186e+01,2.126217e+01,2.128993e+01,2.125522e+01,2.133851e+01,2.132464e+01,2.133158e+01,2.124828e+01,2.132464e+01,2.122744e+01,2.144253e+01,2.143560e+01,2.123439e+01,2.144253e+01,2.138707e+01,2.143560e+01,2.144946e+01,2.148411e+01,2.149104e+01,2.150489e+01,2.135239e+01,2.148411e+01,2.150489e+01,2.132464e+01,2.142174e+01,2.146332e+01,2.139400e+01,2.149104e+01,2.143560e+01,2.156029e+01,2.155337e+01,2.156721e+01,2.150489e+01,2.154645e+01,2.156029e+01,2.152567e+01,2.153260e+01,2.157414e+01,2.153260e+01,2.153952e+01,2.156721e+01,2.149104e+01,2.149104e+01,2.144253e+01,2.144946e+01,2.155337e+01,2.151875e+01,2.147718e+01,2.149796e+01,2.152567e+01,2.153260e+01,2.169866e+01,2.146332e+01,2.161566e+01,2.147025e+01,2.150489e+01,2.146332e+01,2.156029e+01,2.150489e+01,2.147025e+01,2.156029e+01,2.146332e+01,2.141480e+01,2.148411e+01,2.151182e+01,2.152567e+01,2.151875e+01,2.152567e+01,2.144253e+01,2.155337e+01,2.126217e+01,2.142867e+01,2.143560e+01,2.153952e+01,2.139400e+01,2.142174e+01,2.142867e+01,2.148411e+01,2.134545e+01,2.151182e+01,2.137320e+01,2.144253e+01,2.132464e+01,2.147025e+01,2.142174e+01,2.135933e+01,2.127605e+01,2.134545e+01,2.135933e+01,2.135239e+01,2.120660e+01,2.128993e+01,2.127605e+01,2.131076e+01,2.118576e+01,2.126911e+01,2.128299e+01,2.126911e+01,2.127605e+01,2.120660e+01,2.117186e+01,2.120660e+01,2.119966e+01,2.115101e+01,2.126217e+01,2.142174e+01,2.124828e+01,2.117881e+01,2.120660e+01,2.119271e+01,2.112320e+01,2.128299e+01,2.124828e+01,2.121355e+01,2.127605e+01,2.138013e+01,2.117881e+01,2.121355e+01,2.117881e+01,2.122744e+01,2.133851e+01,2.132464e+01,2.124133e+01,2.115796e+01,2.119966e+01,2.131770e+01,2.125522e+01,2.119271e+01,2.115796e+01,2.133851e+01,2.131770e+01,2.115101e+01,2.115796e+01,2.116491e+01,2.128993e+01
2.184374e+01,2.185065e+01,2.182993e+01,2.192655e+01,2.197483e+01,2.176777e+01,2.194725e+01,2.188516e+01,2.174704e+01,2.196793e+01,2.194725e+01,2.207820e+01,2.197483e+01,2.208509e+01,2.188516e+01,2.193345e+01,2.205065e+01,2.200241e+01,2.194725e+01,2.186445e+01,2.182993e+01,2.209198e+01,2.196793e+01,2.183684e+01,2.179540e+01,2.174704e+01,2.170557e+01,2.174704e+01,2.172631e+01,2.185065e+01,2.176777e+01,2.178159e+01,2.178850e+01,2.177468e+01,2.160182e+01,2.178159e+01,2.162258e+01,2.183684e+01,2.182303e+01,2.182303e+01,2.180922e+01,2.177468e+01,2.178850e+01,2.179540e+01,2.178159e+01,2.162950e+01,2.170557e+01,2.180922e+01,2.169175e+01,2.176086e+01,2.176777e+01,2.175395e+01,2.165717e+01,2.172631e+01,2.168483e+01,2.169175e+01,2.175395e+01,2.178159e+01,2.180231e+01,2.178159e+01,2.180922e+01,2.162950e+01,2.178159e+01,2.179540e+01,2.182993e+01,2.174704e+01,2.176086e+01,2.180231e+01,2.188516e+01,2.174704e+01,2.199551e+01,2.178850e+01,2.181612e+01,2.156029e+01,2.179540e+01,2.189206e+01,2.178850e+01,2.184374e+01,2.176086e+01,2.186445e+01,2.189206e+01,2.173322e+01,2.179540e+01,2.192655e+01,2.178850e+01,2.191276e+01,2.186445e+01,2.190586e+01,2.189206e+01,2.193345e+01,2.185755e+01,2.196104e+01,2.177468e+01,2.189206e+01,2.194725e+01,2.184374e+01,2.195414e+01,2.197483e+01,2.192655e+01,2.181612e+01,2.194725e+01,2.188516e+01,2.194035e+01,2.176086e+01,2.179540e+01,2.191276e+01,2.189206e+01,2.178159e+01,2.193345e+01,2.188516e+01,2.185755e+01,2.185065e+01,2.187825e+01,2.180922e+01,2.183684e+01,2.185755e+01,2.194725e+01,2.196793e+01,2.201619e+01,2.221587e+01,2.215394e+01,2.212641e+01,2.211263e+01,2.214017e+01,2.245634e+01,2.275785e+01,2.275101e+01,2.290144e+01,2.305848e+01,2.288094e+01,2.316076e+01,2.350778e+01,2.357569e+01,2.392132e+01,2.400924e+01,2.407006e+01,2.440732e+01,2.457554e+01,2.458226e+01,2.475020e+01,2.477034e+01,2.505182e+01,2.509865e+01,2.511872e+01,2.506520e+01,2.513210e+01,2.545929e+01,2.539927e+01,2.557923e+01,2.573893e+01,2.574558e+01,2.582533e+01,2.611726e+01,2.615701e+01,2.617025e+01,2.625631e+01,2.624969e+01,2.649424e+01,2.643481e+01,2.654045e+01,2.652725e+01,2.654705e+01,2.605761e+01,2.603772e+01,2.546596e+01,2.363676e+01,2.108148e+01,2.086562e+01,2.069818e+01,2.056544e+01,2.055145e+01,2.056544e+01,2.057942e+01,2.060737e+01,2.062135e+01,2.063532e+01,2.048850e+01,2.053047e+01,2.062135e+01,2.057942e+01,2.056544e+01,2.040450e+01,2.040450e+01,2.040450e+01,2.044651e+01,2.049550e+01,2.056544e+01,2.051648e+01,2.055145e+01,2.048850e+01,2.057942e+01,2.049550e+01,2.047451e+01,2.055844e+01,2.048150e+01,2.034146e+01,2.036248e+01,2.053047e+01,2.040450e+01,2.077496e+01,2.088653e+01,2.108148e+01,2.108148e+01,2.139400e+01,2.141480e+01,2.144946e+01,2.147025e+01,2.139400e+01,2.140094e+01,2.147718e+01,2.149796e+01,2.146332e+01,2.145639e+01,2.152567e+01,2.157414e+01,2.154645e+01,2.156721e+01,2.156721e+01,2.153952e+01,2.151875e+01,2.152567e+01,2.160182e+01,2.159490e+01,2.158106e+01,2.149796e+01,2.156721e+01,2.152567e+01,2.151875e+01,2.149104e+01,2.157414e+01,2.154645e+01,2.140787e+01,2.122744e+01,2.138707e+01,2.144946e+01,2.136626e+01,2.122050e+01,2.117186e+01,2.136626e+01,2.142174e+01,2.140787e+01,2.167792e+01,2.144253e+01,2.158798e+01,2.162258e+01,2.156721e+01,2.160874e+01,2.164334e+01,2.171940e+01,2.163642e+01,2.158106e+01,2.178159e+01,2.153952e+01,2.161566e+01,2.172631e+01,2.169175e+01,2.166409e+01,2.156029e+01,2.160874e+01,2.159490e+01,2.157414e+01,2.154645e+01,2.156721e+01,2.174704e+01,2.160874e+01,2.165717e+01,2.155337e+01,2.162950e+01,2.163642e+01,2.160874e+01,2.162950e+01,2.162950e+01,2.165025e+01,2.167100e+01,2.165025e+01,2.160874e+01,2.170557e+01,2.169175e+01,2.169175e+01,2.166409e+01,2.174013e+01,2.162258e+01,2.172631e+01,2.165025e+01,2.164334e+01,2.169866e+01,2.167792e+01,2.176086e+01,2.174704e+01,2.162258e+01,2.160182e+01,2.169175e+01,2.167792e+01,2.163642e+01,2.169866e+01,2.175395e+01,2.160182e+01,2.153260e+01,2.162258e+01,2.161566e+01,2.150489e+01,2.168483e+01,2.166409e+01,2.153952e+01,2.170557e+01,2.165025e+01,2.169175e+01,2.160182e+01,2.157414e+01,2.156029e+01,2.157414e+01,2.153260e+01,2.155337e+01,2.153260e+01,2.150489e+01,2.156721e+01,2.158798e+01,2.150489e+01,2.149104e+01,2.153952e+01,2.153952e+01,2.154645e+01,2.157414e+01,2.157414e+01,2.152567e+01,2.153260e+01,2.153952e+01,2.149104e+01,2.153952e+01,2.150489e+01,2.151182e+01,2.147718e+01,2.153260e+01,2.151875e+01,2.148411e+01,2.149104e+01,2.147718e+01,2.147718e+01,2.142174e+01,2.153260e+01,2.142867e+01,2.161566e+01,2.151875e+01,2.142867e+01,2.133851e+01,2.147025e+01,2.144253e+01,2.131076e+01,2.133851e+01,2.134545e+01,2.133851e+01,2.133158e+01,2.136626e+01,2.131076e+01,2.133851e+01,2.127605e+01,2.130382e+01,2.134545e+01,2.136626e+01,2.123439e+01,2.134545e+01,2.133851e+01,2.124828e+01,2.135239e+01,2.139400e+01,2.133851e+01,2.133158e+01,2.123439e+01,2.122744e+01,2.128993e+01,2.122744e+01,2.125522e+01,2.114406e+01,2.116491e+01,2.115796e+01,2.115796e+01,2.130382e+01,2.129688e+01,2.113711e+01,2.123439e+01,2.121355e+01,2.109539e+01,2.113015e+01,2.098405e+01,2.110929e+01,2.115101e+01,2.102581e+01,2.099101e+01,2.102581e+01,2.108843e+01,2.095619e+01,2.094923e+01,2.113711e+01,2.113015e+01,2.113711e+01,2.115101e+01,2.108843e+01,2.106061e+01,2.102581e+01,2.101885e+01,2.114406e+01,2.115101e+01,2.115796e+01,2.107452e+01,2.108843e+01,2.115796e+01,2.116491e+01,2.121355e+01,2.123439e+01,2.108148e+01,2.126217e+01,2.119271e+01,2.128993e+01,2.156721e+01,2.161566e+01,2.144946e+01,2.181612e+01,2.182993e+01,2.205065e+01,2.218835e+01,2.216082e+01,2.218835e+01,2.237395e+01,2.249065e+01,2.258665e+01,2.262776e+01,2.281257e+01,2.275785e+01,2.265516e+01,2.266886e+01,2.261406e+01,2.251122e+01,2.245634e+01,2.242202e+01,2.206442e+01,2.224338e+01,2.202308e+01,2.196104e+01,2.195414e+01,2.195414e+01,2.195414e+01,2.189896e+01,2.182993e+01,2.182303e+01,2.182993e+01,2.186445e+01,2.197483e+01,2.188516e+01,2.185755e+01,2.180231e+01,2.199551e+01,2.183684e+01,2.178159e+01,2.176777e+01,2.171248e+01,2.189206e+01,2.167792e+01,2.174013e+01,2.159490e+01,2.160182e+01,2.148411e+01,2.158106e+01,2.165025e+01,2.153260e+01,2.159490e+01,2.156029e+01,2.156721e+01,2.155337e+01,2.151875e+01,2.151182e+01,2.148411e+01,2.137320e+01,2.149796e+01,2.144253e+01,2.141480e+01,2.145639e+01,2.135239e+01,2.141480e+01,2.137320e+01,2.135239e+01,2.135239e+01,2.139400e+01,2.134545e+01,2.143560e+01,2.146332e+01,2.139400e+01,2.142867e+01,2.122744e+01,2.122050e+01,2.124828e+01,2.121355e+01,2.127605e+01,2.118576e+01,2.124828e+01,2.124828e+01,2.124133e+01,2.126217e+01,2.112320e+01,2.122744e+01,2.117186e+01,2.117186e+01,2.118576e+01,2.117186e+01,2.135239e+01,2.124828e+01,2.123439e+01,2.125522e+01,2.124828e+01,2.126217e+01,2.128299e+01,2.127605e+01,2.120660e+01,2.121355e+01,2.122744e+01,2.118576e+01,2.128299e+01,2.136626e+01,2.133851e+01,2.128993e+01,2.158798e+01,2.138013e+01,2.147025e+01,2.144253e+01,2.151182e+01,2.148411e+01,2.148411e+01,2.147025e+01,2.162950e+01,2.132464e+01,2.148411e+01,2.145639e+01,2.141480e+01,2.138707e+01,2.150489e+01,2.139400e+01,2.153260e+01,2.155337e+01,2.156029e+01,2.131076e+01,2.152567e+01,2.153260e+01,2.145639e+01,2.150489e+01,2.152567e+01,2.153952e+01,2.160182e+01,2.151875e+01,2.147718e+01,2.149104e+01,2.162258e+01,2.155337e+01,2.153260e+01,2.151182e+01,2.138013e+01,2.144946e+01,2.146332e+01,2.138707e+01,2.146332e+01,2.149796e+01,2.144253e+01,2.146332e+01,2.144946e+01,2.156721e+01,2.159490e+01,2.157414e+01,2.148411e+01,2.147025e+01,2.149796e+01,2.133158e+01,2.145639e+01,2.138013e+01,2.138707e+01,2.139400e+01,2.140787e+01,2.146332e+01,2.142867e+01,2.147718e+01,2.142867e+01,2.142867e+01,2.149796e+01,2.145639e+01,2.141480e+01,2.131076e+01,2.139400e+01,2.140787e+01,2.144253e+01,2.139400e+01,2.127605e+01,2.146332e+01,2.148411e+01,2.160182e+01,2.133851e+01,2.133851e+01,2.123439e+01,2.120660e+01,2.134545e+01,2.117186e+01,2.125522e+01,2.120660e+01,2.135239e+01,2.131770e+01,2.128993e+01,2.126217e+01,2.107452e+01,2.128299e+01,2.103277e+01,2.111625e+01,2.119271e+01,2.115796e+01,2.121355e+01,2.124133e+01,2.110929e+01,2.110234e+01,2.124828e+01,2.113015e+01,2.126217e+01,2.122744e+01,2.123439e+01,2.119966e+01,2.119966e+01,2.140094e+01,2.117186e+01,2.127605e+01,2.118576e+01,2.117881e+01,2.120660e+01,2.110929e+01,2.128993e+01,2.116491e+01,2.120660e+01,2.133851e+01,2.132464e+01,2.124828e+01,2.132464e+01,2.110929e+01,2.132464e+01,2.115796e+01,2.114406e+01,2.111625e+01,2.126217e+01
2.187135e+01,2.182993e+01,2.195414e+01,2.191276e+01,2.192655e+01,2.200241e+01,2.189896e+01,2.178850e+01,2.197483e+01,2.196104e+01,2.206442e+01,2.197483e+01,2.209886e+01,2.206442e+01,2.200930e+01,2.196104e+01,2.192655e+01,2.198862e+01,2.215394e+01,2.185065e+01,2.192655e+01,2.205065e+01,2.183684e+01,2.180922e+01,2.176086e+01,2.198172e+01,2.201619e+01,2.182303e+01,2.171940e+01,2.180231e+01,2.177468e+01,2.167792e+01,2.167792e+01,2.176086e+01,2.176086e+01,2.180231e+01,2.174704e+01,2.178159e+01,2.165717e+01,2.180231e+01,2.167792e+01,2.167792e+01,2.179540e+01,2.165025e+01,2.178159e+01,2.179540e+01,2.180922e+01,2.184374e+01,2.181612e+01,2.180922e+01,2.168483e+01,2.169866e+01,2.166409e+01,2.165025e+01,2.165717e+01,2.174013e+01,2.168483e+01,2.174013e+01,2.174013e+01,2.178159e+01,2.177468e+01,2.182303e+01,2.180922e+01,2.174704e+01,2.178850e+01,2.169175e+01,2.169866e+01,2.182993e+01,2.177468e+01,2.178159e+01,2.178850e+01,2.174013e+01,2.176086e+01,2.181612e+01,2.179540e+01,2.175395e+01,2.178159e+01,2.185755e+01,2.180922e+01,2.178159e+01,2.186445e+01,2.185065e+01,2.188516e+01,2.189896e+01,2.171940e+01,2.179540e+01,2.188516e+01,2.189896e+01,2.188516e+01,2.185065e+01,2.189896e+01,2.182993e+01,2.211952e+01,2.198862e+01,2.192655e+01,2.196793e+01,2.181612e+01,2.189206e+01,2.200241e+01,2.196793e+01,2.188516e+01,2.186445e+01,2.196793e+01,2.198172e+01,2.202997e+01,2.176777e+01,2.192655e+01,2.190586e+01,2.176086e+01,2.187135e+01,2.193345e+01,2.185065e+01,2.203687e+01,2.182303e+01,2.187135e+01,2.186445e+01,2.189206e+01,2.187825e+01,2.205065e+01,2.206442e+01,2.211952e+01,2.212641e+01,2.229838e+01,2.227088e+01,2.249751e+01,2.260035e+01,2.248379e+01,2.282625e+01,2.278522e+01,2.301071e+01,2.327656e+01,2.344662e+01,2.346701e+01,2.363676e+01,2.403627e+01,2.401600e+01,2.437364e+01,2.435343e+01,2.449483e+01,2.452846e+01,2.474349e+01,2.483742e+01,2.503173e+01,2.511203e+01,2.513879e+01,2.515216e+01,2.538593e+01,2.516553e+01,2.553260e+01,2.561252e+01,2.581205e+01,2.605099e+01,2.603109e+01,2.607750e+01,2.614376e+01,2.611063e+01,2.644802e+01,2.637534e+01,2.647444e+01,2.646783e+01,2.650084e+01,2.644141e+01,2.638195e+01,2.597803e+01,2.557257e+01,2.428603e+01,2.149104e+01,2.071913e+01,2.062834e+01,2.064231e+01,2.053747e+01,2.055844e+01,2.062135e+01,2.062135e+01,2.065628e+01,2.063532e+01,2.062834e+01,2.060737e+01,2.067025e+01,2.058641e+01,2.055844e+01,2.053747e+01,2.053047e+01,2.047451e+01,2.049550e+01,2.057243e+01,2.048850e+01,2.050249e+01,2.053047e+01,2.057942e+01,2.050949e+01,2.051648e+01,2.057942e+01,2.055145e+01,2.056544e+01,2.042551e+01,2.056544e+01,2.064930e+01,2.087259e+01,2.099101e+01,2.110234e+01,2.139400e+01,2.134545e+01,2.144946e+01,2.142174e+01,2.147025e+01,2.150489e+01,2.147025e+01,2.146332e+01,2.156721e+01,2.147025e+01,2.154645e+01,2.156029e+01,2.157414e+01,2.161566e+01,2.157414e+01,2.156029e+01,2.158106e+01,2.158798e+01,2.156721e+01,2.166409e+01,2.149104e+01,2.151182e+01,2.148411e+01,2.165025e+01,2.158798e+01,2.169866e+01,2.151182e+01,2.145639e+01,2.151182e+01,2.147718e+01,2.158106e+01,2.159490e+01,2.146332e+01,2.142867e+01,2.165025e+01,2.151182e+01,2.135239e+01,2.154645e+01,2.142867e+01,2.157414e+01,2.160874e+01,2.161566e+01,2.154645e+01,2.162950e+01,2.161566e+01,2.151182e+01,2.163642e+01,2.162950e+01,2.147025e+01,2.170557e+01,2.174704e+01,2.173322e+01,2.165025e+01,2.178159e+01,2.160874e+01,2.158106e+01,2.157414e+01,2.165025e+01,2.158106e+01,2.160874e+01,2.163642e+01,2.153952e+01,2.166409e+01,2.161566e+01,2.165025e+01,2.174013e+01,2.156721e+01,2.176086e+01,2.165717e+01,2.164334e+01,2.167792e+01,2.163642e+01,2.176086e+01,2.169866e+01,2.171248e+01,2.155337e+01,2.179540e+01,2.173322e+01,2.176777e+01,2.169866e+01,2.174013e+01,2.171248e+01,2.172631e+01,2.171248e+01,2.177468e+01,2.162950e+01,2.172631e+01,2.169175e+01,2.167792e+01,2.160182e+01,2.165717e+01,2.168483e+01,2.155337e+01,2.176086e+01,2.167100e+01,2.169866e+01,2.162950e+01,2.165025e+01,2.161566e+01,2.162258e+01,2.159490e+01,2.160182e+01,2.167792e+01,2.163642e+01,2.160874e+01,2.159490e+01,2.161566e+01,2.162258e+01,2.151875e+01,2.158106e+01,2.156029e+01,2.154645e+01,2.157414e+01,2.158106e+01,2.156721e+01,2.162258e+01,2.165717e+01,2.160874e+01,2.153260e+01,2.154645e+01,2.154645e+01,2.157414e+01,2.155337e+01,2.159490e+01,2.155337e+01,2.153260e+01,2.145639e+01,2.146332e+01,2.152567e+01,2.151182e+01,2.139400e+01,2.154645e+01,2.147718e+01,2.147025e+01,2.162950e+01,2.145639e+01,2.152567e+01,2.141480e+01,2.138013e+01,2.149104e+01,2.139400e+01,2.140094e+01,2.142867e+01,2.145639e+01,2.143560e+01,2.134545e+01,2.140787e+01,2.149796e+01,2.135933e+01,2.131770e+01,2.132464e+01,2.141480e+01,2.133851e+01,2.135239e+01,2.129688e+01,2.133851e+01,2.135933e+01,2.126911e+01,2.133158e+01,2.133851e+01,2.133851e+01,2.124133e+01,2.136626e+01,2.133851e+01,2.143560e+01,2.144253e+01,2.133158e+01,2.130382e+01,2.125522e+01,2.124828e+01,2.121355e+01,2.125522e+01,2.121355e+01,2.117186e+01,2.132464e+01,2.119966e+01,2.104669e+01,2.122050e+01,2.114406e+01,2.119271e+01,2.110234e+01,2.110929e+01,2.114406e+01,2.110234e+01,2.116491e+01,2.117186e+01,2.112320e+01,2.112320e+01,2.107452e+01,2.109539e+01,2.115796e+01,2.115796e+01,2.119966e+01,2.115101e+01,2.113711e+01,2.114406e+01,2.111625e+01,2.124133e+01,2.109539e+01,2.101189e+01,2.117881e+01,2.110929e+01,2.112320e+01,2.113711e+01,2.117186e+01,2.122050e+01,2.119966e+01,2.123439e+01,2.119966e+01,2.130382e+01,2.122744e+01,2.147718e+01,2.153260e+01,2.147718e+01,2.151182e+01,2.187825e+01,2.181612e+01,2.182303e+01,2.217459e+01,2.227088e+01,2.238082e+01,2.223650e+01,2.249065e+01,2.263461e+01,2.243575e+01,2.272363e+01,2.256608e+01,2.279206e+01,2.259350e+01,2.244261e+01,2.257294e+01,2.244261e+01,2.229838e+01,2.227776e+01,2.222962e+01,2.195414e+01,2.193345e+01,2.192655e+01,2.194035e+01,2.196793e+01,2.183684e+01,2.188516e+01,2.173322e+01,2.180231e+01,2.205065e+01,2.184374e+01,2.180231e+01,2.178850e+01,2.184374e+01,2.180231e+01,2.180231e+01,2.165717e+01,2.176777e+01,2.176086e+01,2.177468e+01,2.173322e+01,2.167792e+01,2.167100e+01,2.159490e+01,2.158798e+01,2.165717e+01,2.165025e+01,2.162258e+01,2.160182e+01,2.137320e+01,2.151182e+01,2.162950e+01,2.149796e+01,2.140094e+01,2.151182e+01,2.149104e+01,2.153952e+01,2.140787e+01,2.136626e+01,2.150489e+01,2.153952e+01,2.146332e+01,2.135239e+01,2.151875e+01,2.128993e+01,2.134545e+01,2.138013e+01,2.142174e+01,2.129688e+01,2.134545e+01,2.124133e+01,2.142174e+01,2.124133e+01,2.121355e+01,2.127605e+01,2.121355e+01,2.119271e+01,2.128993e+01,2.124828e+01,2.132464e+01,2.110929e+01,2.135239e+01,2.110929e+01,2.117881e+01,2.117186e+01,2.117881e+01,2.122050e+01,2.142867e+01,2.126911e+01,2.125522e+01,2.126911e+01,2.118576e+01,2.121355e+01,2.125522e+01,2.119271e+01,2.130382e+01,2.131770e+01,2.120660e+01,2.117881e+01,2.140787e+01,2.128993e+01,2.139400e+01,2.142174e+01,2.142174e+01,2.140787e+01,2.140094e+01,2.138707e+01,2.142867e+01,2.146332e+01,2.144253e+01,2.147718e+01,2.149104e+01,2.147025e+01,2.135239e+01,2.159490e+01,2.146332e+01,2.151875e+01,2.140787e+01,2.141480e+01,2.152567e+01,2.150489e+01,2.155337e+01,2.157414e+01,2.153260e+01,2.134545e+01,2.151875e+01,2.157414e+01,2.149104e+01,2.153952e+01,2.151182e+01,2.151875e+01,2.149104e+01,2.154645e+01,2.149796e+01,2.148411e+01,2.159490e+01,2.162950e+01,2.148411e+01,2.148411e+01,2.139400e+01,2.140094e+01,2.162258e+01,2.157414e+01,2.147718e+01,2.145639e+01,2.145639e+01,2.150489e+01,2.155337e+01,2.142867e+01,2.142174e+01,2.158106e+01,2.133851e+01,2.147718e+01,2.138707e+01,2.131076e+01,2.153952e+01,2.151182e+01,2.142867e+01,2.143560e+01,2.142867e+01,2.142867e+01,2.156721e+01,2.147025e+01,2.151875e+01,2.144253e+01,2.133851e+01,2.133851e+01,2.131076e+01,2.148411e+01,2.138013e+01,2.133158e+01,2.145639e+01,2.155337e+01,2.131076e+01,2.128299e+01,2.117186e+01,2.135239e+01,2.133158e+01,2.119966e+01,2.122050e+01,2.128299e+01,2.124828e+01,2.128299e+01,2.110929e+01,2.124828e+01,2.119271e+01,2.120660e+01,2.131770e+01,2.119966e+01,2.108148e+01,2.113711e+01,2.117881e+01,2.114406e+01,2.130382e+01,2.113711e+01,2.116491e+01,2.108843e+01,2.124133e+01,2.124133e+01,2.123439e+01,2.117186e+01,2.133158e+01,2.127605e+01,2.139400e+01,2.136626e+01,2.125522e+01,2.120660e+01,2.117186e+01,2.116491e+01,2.128299e+01,2.127605e+01,2.120660e+01,2.124133e+01,2.110234e+01,2.122744e+01,2.124133e+01,2.117881e+01,2.102581e+01,2.128299e+01,2.113015e+01,2.128299e+01,2.112320e+01,2.113711e+01,2.115796e+01
2.185755e+01,2.198862e+01,2.198172e+01,2.196793e+01,2.188516e+01,2.191965e+01,2.203687e+01,2.196793e+01,2.196793e+01,2.194725e+01,2.186445e+01,2.191276e+01,2.188516e+01,2.178850e+01,2.196793e+01,2.198172e+01,2.198172e+01,2.195414e+01,2.202308e+01,2.194725e+01,2.181612e+01,2.185065e+01,2.182303e+01,2.187135e+01,2.180231e+01,2.200241e+01,2.180922e+01,2.177468e+01,2.171940e+01,2.168483e+01,2.188516e+01,2.177468e+01,2.181612e+01,2.168483e+01,2.167792e+01,2.173322e+01,2.180231e+01,2.176777e+01,2.180922e+01,2.178159e+01,2.156721e+01,2.180922e+01,2.166409e+01,2.180922e+01,2.171248e+01,2.185755e+01,2.178159e+01,2.177468e+01,2.172631e+01,2.177468e+01,2.167792e+01,2.182993e+01,2.171940e+01,2.167792e+01,2.167792e+01,2.167100e+01,2.179540e+01,2.158106e+01,2.157414e+01,2.158106e+01,2.177468e+01,2.154645e+01,2.171248e+01,2.176086e+01,2.183684e+01,2.167792e+01,2.173322e+01,2.197483e+01,2.180231e+01,2.177468e+01,2.176777e+01,2.167792e+01,2.178159e+01,2.176777e+01,2.177468e+01,2.171248e+01,2.187135e+01,2.181612e+01,2.189206e+01,2.176777e+01,2.176086e+01,2.189896e+01,2.184374e+01,2.182993e+01,2.186445e+01,2.193345e+01,2.182303e+01,2.191965e+01,2.183684e+01,2.190586e+01,2.184374e+01,2.182303e+01,2.203687e+01,2.183684e+01,2.198862e+01,2.192655e+01,2.198172e+01,2.201619e+01,2.185755e+01,2.199551e+01,2.180231e+01,2.194035e+01,2.187135e+01,2.194035e+01,2.198172e+01,2.188516e+01,2.177468e+01,2.183684e+01,2.179540e+01,2.180922e+01,2.178850e+01,2.180922e+01,2.186445e+01,2.202997e+01,2.182993e+01,2.194035e+01,2.182993e+01,2.189896e+01,2.187825e+01,2.197483e+01,2.203687e+01,2.214017e+01,2.228463e+01,2.241516e+01,2.249751e+01,2.246320e+01,2.259350e+01,2.278522e+01,2.282625e+01,2.286043e+01,2.315395e+01,2.322890e+01,2.358926e+01,2.370458e+01,2.398219e+01,2.402951e+01,2.438711e+01,2.449483e+01,2.461587e+01,2.459571e+01,2.458898e+01,2.487095e+01,2.506520e+01,2.510534e+01,2.516553e+01,2.517222e+01,2.516553e+01,2.532586e+01,2.545262e+01,2.546596e+01,2.575887e+01,2.586519e+01,2.585191e+01,2.611063e+01,2.609076e+01,2.614376e+01,2.636212e+01,2.645462e+01,2.647444e+01,2.646123e+01,2.648104e+01,2.641499e+01,2.634890e+01,2.599793e+01,2.578546e+01,2.473006e+01,2.221587e+01,2.089350e+01,2.063532e+01,2.052348e+01,2.053047e+01,2.071215e+01,2.053047e+01,2.056544e+01,2.068422e+01,2.063532e+01,2.057942e+01,2.055844e+01,2.056544e+01,2.064231e+01,2.054446e+01,2.042551e+01,2.065628e+01,2.053747e+01,2.053047e+01,2.050949e+01,2.046051e+01,2.044651e+01,2.027137e+01,2.062135e+01,2.064930e+01,2.048150e+01,2.051648e+01,2.058641e+01,2.055844e+01,2.055145e+01,2.061436e+01,2.097709e+01,2.094923e+01,2.135933e+01,2.156029e+01,2.134545e+01,2.131076e+01,2.146332e+01,2.150489e+01,2.145639e+01,2.149104e+01,2.147718e+01,2.151182e+01,2.138013e+01,2.153952e+01,2.155337e+01,2.156721e+01,2.158798e+01,2.149104e+01,2.153952e+01,2.147025e+01,2.146332e+01,2.153260e+01,2.151875e+01,2.156721e+01,2.152567e+01,2.156029e+01,2.162258e+01,2.144253e+01,2.153952e+01,2.150489e+01,2.151182e+01,2.152567e+01,2.157414e+01,2.165025e+01,2.161566e+01,2.134545e+01,2.139400e+01,2.154645e+01,2.155337e+01,2.150489e+01,2.162258e+01,2.144946e+01,2.147025e+01,2.164334e+01,2.162950e+01,2.162950e+01,2.171248e+01,2.171248e+01,2.169175e+01,2.149104e+01,2.160874e+01,2.167792e+01,2.169866e+01,2.149104e+01,2.156029e+01,2.160182e+01,2.173322e+01,2.159490e+01,2.156721e+01,2.163642e+01,2.164334e+01,2.162950e+01,2.160182e+01,2.167792e+01,2.166409e+01,2.155337e+01,2.169866e+01,2.169175e+01,2.169175e+01,2.172631e+01,2.163642e+01,2.164334e+01,2.159490e+01,2.161566e+01,2.162258e+01,2.174704e+01,2.174704e+01,2.171248e+01,2.171248e+01,2.167100e+01,2.167100e+01,2.180922e+01,2.178850e+01,2.175395e+01,2.176086e+01,2.171940e+01,2.176777e+01,2.155337e+01,2.168483e+01,2.162950e+01,2.169866e+01,2.156721e+01,2.169866e+01,2.166409e+01,2.172631e+01,2.169175e+01,2.158798e+01,2.171940e+01,2.147718e+01,2.165025e+01,2.166409e+01,2.160874e+01,2.169175e+01,2.162950e+01,2.161566e+01,2.165717e+01,2.173322e+01,2.162258e+01,2.156721e+01,2.163642e+01,2.159490e+01,2.166409e+01,2.156721e+01,2.156721e+01,2.153260e+01,2.163642e+01,2.160182e+01,2.154645e+01,2.159490e+01,2.157414e+01,2.158798e+01,2.158106e+01,2.155337e+01,2.157414e+01,2.153952e+01,2.158798e+01,2.150489e+01,2.158798e+01,2.149796e+01,2.142867e+01,2.161566e+01,2.154645e+01,2.146332e+01,2.140094e+01,2.154645e+01,2.140094e+01,2.139400e+01,2.140094e+01,2.152567e+01,2.135933e+01,2.147718e+01,2.136626e+01,2.157414e+01,2.132464e+01,2.138013e+01,2.160874e+01,2.138707e+01,2.141480e+01,2.147718e+01,2.133158e+01,2.133851e+01,2.132464e+01,2.138013e+01,2.140094e+01,2.133158e+01,2.133158e+01,2.133851e+01,2.138013e+01,2.137320e+01,2.137320e+01,2.135239e+01,2.133158e+01,2.125522e+01,2.131770e+01,2.117881e+01,2.139400e+01,2.124828e+01,2.133851e+01,2.129688e+01,2.131076e+01,2.130382e+01,2.127605e+01,2.135933e+01,2.131076e+01,2.120660e+01,2.113015e+01,2.121355e+01,2.119966e+01,2.121355e+01,2.121355e+01,2.118576e+01,2.123439e+01,2.114406e+01,2.124133e+01,2.110234e+01,2.110234e+01,2.115796e+01,2.112320e+01,2.110929e+01,2.103973e+01,2.113711e+01,2.103973e+01,2.105365e+01,2.112320e+01,2.098405e+01,2.111625e+01,2.113711e+01,2.101189e+01,2.101885e+01,2.129688e+01,2.104669e+01,2.098405e+01,2.106061e+01,2.107452e+01,2.106061e+01,2.108843e+01,2.103973e+01,2.115101e+01,2.113711e+01,2.111625e+01,2.120660e+01,2.103973e+01,2.124133e+01,2.125522e+01,2.124133e+01,2.123439e+01,2.131076e+01,2.144946e+01,2.151875e+01,2.175395e+01,2.166409e+01,2.189896e+01,2.212641e+01,2.224338e+01,2.209198e+01,2.249065e+01,2.245634e+01,2.252494e+01,2.244948e+01,2.262776e+01,2.255923e+01,2.245634e+01,2.258665e+01,2.236709e+01,2.236022e+01,2.222275e+01,2.228463e+01,2.222275e+01,2.205065e+01,2.211952e+01,2.200930e+01,2.191965e+01,2.194035e+01,2.199551e+01,2.163642e+01,2.185065e+01,2.185755e+01,2.182993e+01,2.187135e+01,2.182303e+01,2.185755e+01,2.176086e+01,2.169866e+01,2.174704e+01,2.175395e+01,2.174704e+01,2.178850e+01,2.174704e+01,2.166409e+01,2.172631e+01,2.162950e+01,2.160874e+01,2.165025e+01,2.147025e+01,2.147025e+01,2.157414e+01,2.160874e+01,2.150489e+01,2.151875e+01,2.157414e+01,2.149796e+01,2.151182e+01,2.142174e+01,2.149796e+01,2.150489e+01,2.151182e+01,2.135933e+01,2.135239e+01,2.152567e+01,2.150489e+01,2.133851e+01,2.135239e+01,2.134545e+01,2.136626e+01,2.138013e+01,2.135239e+01,2.133851e+01,2.140094e+01,2.123439e+01,2.124133e+01,2.126217e+01,2.118576e+01,2.121355e+01,2.122744e+01,2.126217e+01,2.117881e+01,2.124133e+01,2.121355e+01,2.126217e+01,2.128299e+01,2.113711e+01,2.112320e+01,2.122744e+01,2.110234e+01,2.130382e+01,2.118576e+01,2.126911e+01,2.115101e+01,2.113015e+01,2.123439e+01,2.119966e+01,2.119966e+01,2.133851e+01,2.116491e+01,2.126911e+01,2.113711e+01,2.117186e+01,2.127605e+01,2.121355e+01,2.125522e+01,2.130382e+01,2.130382e+01,2.140787e+01,2.135933e+01,2.138013e+01,2.141480e+01,2.146332e+01,2.147718e+01,2.137320e+01,2.142174e+01,2.143560e+01,2.158106e+01,2.133158e+01,2.147718e+01,2.143560e+01,2.139400e+01,2.152567e+01,2.158798e+01,2.142867e+01,2.144253e+01,2.148411e+01,2.150489e+01,2.147718e+01,2.147025e+01,2.149796e+01,2.156721e+01,2.137320e+01,2.144253e+01,2.156029e+01,2.153952e+01,2.153260e+01,2.144946e+01,2.159490e+01,2.165025e+01,2.140787e+01,2.148411e+01,2.156029e+01,2.164334e+01,2.152567e+01,2.140094e+01,2.145639e+01,2.154645e+01,2.152567e+01,2.155337e+01,2.144253e+01,2.155337e+01,2.140787e+01,2.148411e+01,2.157414e+01,2.153260e+01,2.131770e+01,2.137320e+01,2.143560e+01,2.142174e+01,2.141480e+01,2.140787e+01,2.131770e+01,2.125522e+01,2.140787e+01,2.153260e+01,2.151182e+01,2.127605e+01,2.144946e+01,2.148411e+01,2.134545e+01,2.142867e+01,2.138707e+01,2.112320e+01,2.138707e+01,2.129688e+01,2.129688e+01,2.147718e+01,2.149104e+01,2.124133e+01,2.128993e+01,2.142174e+01,2.120660e+01,2.113015e+01,2.121355e+01,2.119271e+01,2.140787e+01,2.127605e+01,2.122744e+01,2.124828e+01,2.110234e+01,2.117881e+01,2.108148e+01,2.121355e+01,2.110929e+01,2.113711e+01,2.114406e+01,2.115101e+01,2.130382e+01,2.104669e+01,2.117186e+01,2.113015e+01,2.117186e+01,2.104669e+01,2.122744e+01,2.129688e+01,2.121355e+01,2.120660e+01,2.115796e+01,2.110234e+01,2.119271e+01,2.122744e+01,2.106756e+01,2.122050e+01,2.117881e+01,2.132464e+01,2.121355e+01,2.130382e+01,2.126217e+01,2.124133e+01,2.122744e+01,2.124828e+01,2.113711e+01,2.099797e+01,2.113015e+01,2.138707e+01,2.120660e+01,2.115796e+01,2.120660e+01
2.199551e+01,2.198172e+01,2.198172e+01,2.180922e+01,2.211263e+01,2.198172e+01,2.199551e+01,2.198172e+01,2.218147e+01,2.201619e+01,2.191276e+01,2.194725e+01,2.200241e+01,2.180922e+01,2.180231e+01,2.200930e+01,2.193345e+01,2.192655e+01,2.189896e+01,2.197483e+01,2.192655e+01,2.178850e+01,2.180922e+01,2.194035e+01,2.181612e+01,2.180922e+01,2.184374e+01,2.160874e+01,2.185755e+01,2.187135e+01,2.181612e+01,2.173322e+01,2.175395e+01,2.170557e+01,2.175395e+01,2.168483e+01,2.173322e+01,2.176777e+01,2.173322e+01,2.179540e+01,2.169175e+01,2.180922e+01,2.185065e+01,2.189206e+01,2.174704e+01,2.176086e+01,2.161566e+01,2.176086e+01,2.166409e+01,2.172631e+01,2.174013e+01,2.170557e+01,2.176777e+01,2.168483e+01,2.174013e+01,2.174013e+01,2.172631e+01,2.167792e+01,2.172631e+01,2.173322e+01,2.177468e+01,2.171940e+01,2.176777e+01,2.178850e+01,2.182993e+01,2.178159e+01,2.174013e+01,2.180231e+01,2.183684e+01,2.180231e+01,2.171940e+01,2.175395e+01,2.169175e+01,2.171940e+01,2.185065e+01,2.174704e+01,2.180231e+01,2.183684e+01,2.182993e+01,2.184374e+01,2.181612e+01,2.186445e+01,2.191276e+01,2.176086e+01,2.188516e+01,2.187825e+01,2.185755e+01,2.180231e+01,2.179540e+01,2.185065e+01,2.185065e+01,2.190586e+01,2.194035e+01,2.172631e+01,2.198172e+01,2.194725e+01,2.191965e+01,2.184374e+01,2.196793e+01,2.185065e+01,2.179540e+01,2.198172e+01,2.198172e+01,2.198172e+01,2.182993e+01,2.183684e+01,2.195414e+01,2.185065e+01,2.183684e+01,2.186445e+01,2.184374e+01,2.182303e+01,2.184374e+01,2.182993e+01,2.180231e+01,2.182303e+01,2.182303e+01,2.195414e+01,2.191276e+01,2.187135e+01,2.200930e+01,2.211952e+01,2.229838e+01,2.229838e+01,2.225713e+01,2.262091e+01,2.258665e+01,2.247692e+01,2.275785e+01,2.285360e+01,2.294926e+01,2.323571e+01,2.358247e+01,2.364355e+01,2.359605e+01,2.405655e+01,2.410383e+01,2.438711e+01,2.456881e+01,2.454192e+01,2.459571e+01,2.472335e+01,2.479047e+01,2.485754e+01,2.508527e+01,2.516553e+01,2.514547e+01,2.531919e+01,2.544595e+01,2.556591e+01,2.561252e+01,2.569903e+01,2.580540e+01,2.604436e+01,2.613051e+01,2.624307e+01,2.634229e+01,2.629600e+01,2.649424e+01,2.635551e+01,2.633568e+01,2.639517e+01,2.640178e+01,2.605761e+01,2.580540e+01,2.501834e+01,2.292194e+01,2.089350e+01,2.078891e+01,2.054446e+01,2.053747e+01,2.074705e+01,2.051648e+01,2.061436e+01,2.057942e+01,2.049550e+01,2.060039e+01,2.044651e+01,2.046751e+01,2.054446e+01,2.045351e+01,2.043251e+01,2.055145e+01,2.055145e+01,2.057942e+01,2.046751e+01,2.046051e+01,2.049550e+01,2.069818e+01,2.048850e+01,2.049550e+01,2.051648e+01,2.056544e+01,2.050949e+01,2.085168e+01,2.087956e+01,2.088653e+01,2.111625e+01,2.135239e+01,2.135239e+01,2.151182e+01,2.137320e+01,2.137320e+01,2.142867e+01,2.149104e+01,2.147025e+01,2.144946e+01,2.152567e+01,2.149104e+01,2.151182e+01,2.152567e+01,2.152567e+01,2.154645e+01,2.142867e+01,2.162258e+01,2.156029e+01,2.152567e+01,2.149104e+01,2.153260e+01,2.158106e+01,2.155337e+01,2.153952e+01,2.156721e+01,2.151182e+01,2.154645e+01,2.151875e+01,2.156721e+01,2.159490e+01,2.154645e+01,2.162258e+01,2.165025e+01,2.148411e+01,2.160182e+01,2.160182e+01,2.153952e+01,2.149104e+01,2.153952e+01,2.153952e+01,2.158798e+01,2.149796e+01,2.153260e+01,2.151182e+01,2.164334e+01,2.156029e+01,2.164334e+01,2.162950e+01,2.160874e+01,2.166409e+01,2.163642e+01,2.162950e+01,2.168483e+01,2.173322e+01,2.171940e+01,2.176777e+01,2.164334e+01,2.153952e+01,2.165025e+01,2.160182e+01,2.167100e+01,2.174704e+01,2.161566e+01,2.162950e+01,2.162950e+01,2.159490e+01,2.169866e+01,2.155337e+01,2.167100e+01,2.164334e+01,2.169175e+01,2.171940e+01,2.169175e+01,2.171248e+01,2.176086e+01,2.176777e+01,2.182993e+01,2.171248e+01,2.180922e+01,2.169866e+01,2.169175e+01,2.174013e+01,2.160874e+01,2.162950e+01,2.160874e+01,2.174704e+01,2.175395e+01,2.173322e+01,2.178850e+01,2.161566e+01,2.169175e+01,2.167792e+01,2.166409e+01,2.161566e+01,2.171248e+01,2.159490e+01,2.164334e+01,2.175395e+01,2.156029e+01,2.167100e+01,2.165717e+01,2.162258e+01,2.160182e+01,2.162950e+01,2.164334e+01,2.161566e+01,2.156721e+01,2.162258e+01,2.165025e+01,2.162258e+01,2.165717e+01,2.162950e+01,2.154645e+01,2.158106e+01,2.169175e+01,2.150489e+01,2.156029e+01,2.151182e+01,2.162950e+01,2.162950e+01,2.160182e+01,2.140787e+01,2.149104e+01,2.147025e+01,2.149104e+01,2.155337e+01,2.158798e+01,2.153260e+01,2.140787e+01,2.144253e+01,2.151182e+01,2.146332e+01,2.138707e+01,2.137320e+01,2.141480e+01,2.146332e+01,2.144253e+01,2.135933e+01,2.144946e+01,2.144946e+01,2.156721e+01,2.139400e+01,2.141480e+01,2.135933e+01,2.140787e+01,2.143560e+01,2.140787e+01,2.132464e+01,2.137320e+01,2.136626e+01,2.141480e+01,2.140787e+01,2.129688e+01,2.133851e+01,2.130382e+01,2.133851e+01,2.135933e+01,2.137320e+01,2.133158e+01,2.132464e+01,2.145639e+01,2.119966e+01,2.122050e+01,2.134545e+01,2.124828e+01,2.131076e+01,2.129688e+01,2.126911e+01,2.144946e+01,2.140787e+01,2.144946e+01,2.124828e+01,2.124828e+01,2.115101e+01,2.123439e+01,2.129688e+01,2.111625e+01,2.122744e+01,2.121355e+01,2.124133e+01,2.125522e+01,2.117881e+01,2.117881e+01,2.146332e+01,2.117186e+01,2.118576e+01,2.113015e+01,2.115796e+01,2.102581e+01,2.113015e+01,2.117186e+01,2.117881e+01,2.113015e+01,2.110929e+01,2.097012e+01,2.101885e+01,2.110234e+01,2.103277e+01,2.101189e+01,2.106061e+01,2.106756e+01,2.100493e+01,2.104669e+01,2.108148e+01,2.106756e+01,2.105365e+01,2.105365e+01,2.113015e+01,2.113711e+01,2.102581e+01,2.114406e+01,2.124828e+01,2.122050e+01,2.127605e+01,2.125522e+01,2.143560e+01,2.146332e+01,2.154645e+01,2.178850e+01,2.163642e+01,2.179540e+01,2.185065e+01,2.211952e+01,2.211263e+01,2.222275e+01,2.238769e+01,2.244261e+01,2.248379e+01,2.260720e+01,2.223650e+01,2.257979e+01,2.247692e+01,2.247692e+01,2.245634e+01,2.225713e+01,2.225026e+01,2.208509e+01,2.211952e+01,2.201619e+01,2.189896e+01,2.189206e+01,2.198172e+01,2.185065e+01,2.191965e+01,2.194035e+01,2.183684e+01,2.187135e+01,2.187825e+01,2.187135e+01,2.193345e+01,2.176086e+01,2.169866e+01,2.180922e+01,2.181612e+01,2.166409e+01,2.179540e+01,2.166409e+01,2.175395e+01,2.166409e+01,2.169866e+01,2.174704e+01,2.169866e+01,2.156721e+01,2.167100e+01,2.150489e+01,2.149104e+01,2.157414e+01,2.155337e+01,2.152567e+01,2.157414e+01,2.151875e+01,2.142174e+01,2.147718e+01,2.149796e+01,2.150489e+01,2.151182e+01,2.152567e+01,2.148411e+01,2.134545e+01,2.149796e+01,2.148411e+01,2.135933e+01,2.129688e+01,2.122050e+01,2.136626e+01,2.125522e+01,2.134545e+01,2.122050e+01,2.128993e+01,2.118576e+01,2.122050e+01,2.143560e+01,2.119271e+01,2.122744e+01,2.122744e+01,2.131076e+01,2.131770e+01,2.122744e+01,2.109539e+01,2.110929e+01,2.112320e+01,2.113015e+01,2.119966e+01,2.115796e+01,2.125522e+01,2.126911e+01,2.122744e+01,2.121355e+01,2.131076e+01,2.133851e+01,2.131770e+01,2.131076e+01,2.123439e+01,2.119271e+01,2.136626e+01,2.131076e+01,2.127605e+01,2.124133e+01,2.113015e+01,2.129688e+01,2.142867e+01,2.135239e+01,2.153952e+01,2.138707e+01,2.136626e+01,2.140094e+01,2.149796e+01,2.134545e+01,2.144946e+01,2.149796e+01,2.131770e+01,2.151182e+01,2.133851e+01,2.138013e+01,2.138013e+01,2.155337e+01,2.142867e+01,2.140094e+01,2.146332e+01,2.145639e+01,2.143560e+01,2.150489e+01,2.153260e+01,2.147718e+01,2.149104e+01,2.157414e+01,2.139400e+01,2.154645e+01,2.152567e+01,2.138013e+01,2.138707e+01,2.153260e+01,2.151182e+01,2.133158e+01,2.151875e+01,2.137320e+01,2.156029e+01,2.140094e+01,2.155337e+01,2.147025e+01,2.143560e+01,2.148411e+01,2.141480e+01,2.153952e+01,2.138707e+01,2.143560e+01,2.142867e+01,2.128299e+01,2.147025e+01,2.135933e+01,2.129688e+01,2.156029e+01,2.138707e+01,2.142174e+01,2.122744e+01,2.144946e+01,2.144946e+01,2.147718e+01,2.131770e+01,2.139400e+01,2.133158e+01,2.147025e+01,2.147718e+01,2.142174e+01,2.131076e+01,2.133851e+01,2.133158e+01,2.129688e+01,2.130382e+01,2.128993e+01,2.130382e+01,2.127605e+01,2.127605e+01,2.126911e+01,2.127605e+01,2.117881e+01,2.112320e+01,2.122744e+01,2.127605e+01,2.124828e+01,2.112320e+01,2.108843e+01,2.109539e+01,2.117186e+01,2.110234e+01,2.122744e+01,2.119966e+01,2.123439e+01,2.112320e+01,2.115796e+01,2.115101e+01,2.119271e+01,2.116491e+01,2.126217e+01,2.110929e+01,2.120660e+01,2.119271e+01,2.114406e+01,2.122050e+01,2.122744e+01,2.116491e+01,2.094923e+01,2.108148e+01,2.110929e+01,2.112320e+01,2.095619e+01,2.109539e+01,2.115796e+01,2.101885e+01,2.095619e+01,2.122050e+01,2.115796e+01,2.118576e+01,2.135933e+01,2.122744e+01,2.119271e+01,2.117186e+01,2.113711e+01,2.117881e+01,2.106061e+01,2.119966e+01,2.111625e+01
2.198172e+01,2.195414e+01,2.203687e+01,2.197483e+01,2.186445e+01,2.196793e+01,2.194035e+01,2.202997e+01,2.196793e+01,2.198862e+01,2.182993e+01,2.198172e+01,2.183684e+01,2.198172e+01,2.191965e+01,2.191965e+01,2.211263e+01,2.195414e+01,2.194035e+01,2.198172e+01,2.186445e+01,2.196104e+01,2.192655e+01,2.179540e+01,2.202997e+01,2.155337e+01,2.179540e+01,2.178159e+01,2.180922e+01,2.166409e+01,2.181612e+01,2.169866e+01,2.184374e+01,2.168483e+01,2.179540e+01,2.170557e+01,2.168483e+01,2.172631e+01,2.172631e+01,2.175395e+01,2.179540e+01,2.181612e+01,2.178850e+01,2.185065e+01,2.174013e+01,2.167100e+01,2.165717e+01,2.182303e+01,2.163642e+01,2.158798e+01,2.172631e+01,2.177468e+01,2.171940e+01,2.157414e+01,2.160182e+01,2.165717e+01,2.174704e+01,2.183684e+01,2.172631e+01,2.174704e+01,2.169175e+01,2.175395e+01,2.174013e+01,2.174704e+01,2.170557e+01,2.182993e+01,2.179540e+01,2.182993e+01,2.182303e+01,2.174704e+01,2.172631e+01,2.180922e+01,2.167792e+01,2.176086e+01,2.191276e+01,2.178159e+01,2.178850e+01,2.185755e+01,2.187135e+01,2.186445e+01,2.187135e+01,2.177468e+01,2.176777e+01,2.195414e+01,2.189896e+01,2.188516e+01,2.182993e+01,2.189206e+01,2.192655e+01,2.191965e+01,2.189896e+01,2.188516e+01,2.198172e+01,2.195414e+01,2.198862e+01,2.196793e+01,2.185755e+01,2.185065e+01,2.196793e+01,2.194035e+01,2.190586e+01,2.190586e+01,2.197483e+01,2.191276e+01,2.197483e+01,2.183684e+01,2.182303e+01,2.184374e+01,2.186445e+01,2.179540e+01,2.190586e+01,2.186445e+01,2.206442e+01,2.187135e+01,2.181612e+01,2.183684e+01,2.187135e+01,2.180231e+01,2.195414e+01,2.188516e+01,2.191276e+01,2.199551e+01,2.222275e+01,2.221587e+01,2.237395e+01,2.256608e+01,2.249751e+01,2.277837e+01,2.282625e+01,2.312668e+01,2.319484e+01,2.327656e+01,2.324252e+01,2.351457e+01,2.367746e+01,2.403627e+01,2.427254e+01,2.412409e+01,2.429951e+01,2.450155e+01,2.459571e+01,2.471663e+01,2.489776e+01,2.497817e+01,2.491117e+01,2.515216e+01,2.515216e+01,2.546596e+01,2.526577e+01,2.547262e+01,2.569903e+01,2.569903e+01,2.575223e+01,2.599130e+01,2.591831e+01,2.603109e+01,2.622983e+01,2.628277e+01,2.636873e+01,2.642160e+01,2.644141e+01,2.637534e+01,2.634229e+01,2.613051e+01,2.580540e+01,2.522569e+01,2.348060e+01,2.128299e+01,2.057942e+01,2.079589e+01,2.073309e+01,2.071215e+01,2.057942e+01,2.060039e+01,2.071215e+01,2.059340e+01,2.061436e+01,2.056544e+01,2.057243e+01,2.064930e+01,2.057942e+01,2.048150e+01,2.050249e+01,2.057243e+01,2.055145e+01,2.057942e+01,2.053047e+01,2.050949e+01,2.051648e+01,2.076100e+01,2.050949e+01,2.057942e+01,2.091440e+01,2.113711e+01,2.165025e+01,2.163642e+01,2.179540e+01,2.158106e+01,2.156029e+01,2.152567e+01,2.150489e+01,2.164334e+01,2.165717e+01,2.149104e+01,2.131770e+01,2.156029e+01,2.147025e+01,2.149104e+01,2.153260e+01,2.152567e+01,2.148411e+01,2.151182e+01,2.154645e+01,2.139400e+01,2.149796e+01,2.151182e+01,2.147718e+01,2.151182e+01,2.145639e+01,2.152567e+01,2.144253e+01,2.152567e+01,2.151182e+01,2.151182e+01,2.143560e+01,2.149796e+01,2.158106e+01,2.151875e+01,2.151875e+01,2.147025e+01,2.149796e+01,2.150489e+01,2.162258e+01,2.148411e+01,2.162258e+01,2.140787e+01,2.153260e+01,2.162258e+01,2.155337e+01,2.154645e+01,2.160874e+01,2.166409e+01,2.167100e+01,2.158106e+01,2.157414e+01,2.165717e+01,2.161566e+01,2.154645e+01,2.160182e+01,2.165717e+01,2.174013e+01,2.172631e+01,2.149796e+01,2.156029e+01,2.158798e+01,2.159490e+01,2.167100e+01,2.151875e+01,2.163642e+01,2.162258e+01,2.158106e+01,2.163642e+01,2.165025e+01,2.158798e+01,2.167792e+01,2.169175e+01,2.169866e+01,2.168483e+01,2.156721e+01,2.170557e+01,2.169175e+01,2.166409e+01,2.167792e+01,2.171940e+01,2.180922e+01,2.176777e+01,2.171248e+01,2.175395e+01,2.178850e+01,2.178159e+01,2.187135e+01,2.175395e+01,2.177468e+01,2.162258e+01,2.173322e+01,2.169866e+01,2.153952e+01,2.165717e+01,2.187135e+01,2.165025e+01,2.167792e+01,2.166409e+01,2.166409e+01,2.163642e+01,2.159490e+01,2.168483e+01,2.166409e+01,2.156029e+01,2.160874e+01,2.156721e+01,2.157414e+01,2.158798e+01,2.165717e+01,2.160182e+01,2.158798e+01,2.167100e+01,2.150489e+01,2.154645e+01,2.158106e+01,2.162258e+01,2.152567e+01,2.157414e+01,2.158106e+01,2.152567e+01,2.160874e+01,2.149104e+01,2.154645e+01,2.155337e+01,2.150489e+01,2.162258e+01,2.155337e+01,2.148411e+01,2.142174e+01,2.157414e+01,2.158798e+01,2.156721e+01,2.146332e+01,2.144253e+01,2.153260e+01,2.151875e+01,2.146332e+01,2.141480e+01,2.140094e+01,2.144946e+01,2.138707e+01,2.140787e+01,2.133158e+01,2.143560e+01,2.135933e+01,2.136626e+01,2.134545e+01,2.163642e+01,2.135933e+01,2.141480e+01,2.139400e+01,2.137320e+01,2.137320e+01,2.136626e+01,2.135933e+01,2.133158e+01,2.119271e+01,2.130382e+01,2.139400e+01,2.140094e+01,2.132464e+01,2.130382e+01,2.131076e+01,2.137320e+01,2.136626e+01,2.128993e+01,2.138707e+01,2.129688e+01,2.130382e+01,2.141480e+01,2.127605e+01,2.139400e+01,2.130382e+01,2.126911e+01,2.122744e+01,2.120660e+01,2.123439e+01,2.122744e+01,2.118576e+01,2.123439e+01,2.122744e+01,2.110234e+01,2.117881e+01,2.105365e+01,2.121355e+01,2.103277e+01,2.109539e+01,2.114406e+01,2.112320e+01,2.108148e+01,2.115796e+01,2.116491e+01,2.097709e+01,2.105365e+01,2.110929e+01,2.104669e+01,2.101189e+01,2.105365e+01,2.103973e+01,2.097012e+01,2.103973e+01,2.105365e+01,2.103973e+01,2.108843e+01,2.108843e+01,2.108148e+01,2.106756e+01,2.101189e+01,2.103277e+01,2.106061e+01,2.101885e+01,2.100493e+01,2.103973e+01,2.109539e+01,2.099101e+01,2.126217e+01,2.123439e+01,2.140094e+01,2.121355e+01,2.142174e+01,2.137320e+01,2.158798e+01,2.151182e+01,2.172631e+01,2.181612e+01,2.182993e+01,2.209198e+01,2.218147e+01,2.223650e+01,2.231212e+01,2.236709e+01,2.236709e+01,2.256608e+01,2.233961e+01,2.244261e+01,2.237395e+01,2.242888e+01,2.237395e+01,2.216771e+01,2.218147e+01,2.214706e+01,2.206442e+01,2.206442e+01,2.202997e+01,2.194035e+01,2.197483e+01,2.177468e+01,2.191276e+01,2.198172e+01,2.181612e+01,2.172631e+01,2.186445e+01,2.178850e+01,2.176777e+01,2.176086e+01,2.178159e+01,2.172631e+01,2.172631e+01,2.175395e+01,2.174013e+01,2.173322e+01,2.168483e+01,2.167792e+01,2.162950e+01,2.154645e+01,2.168483e+01,2.147718e+01,2.160874e+01,2.154645e+01,2.156721e+01,2.150489e+01,2.152567e+01,2.152567e+01,2.149796e+01,2.140787e+01,2.150489e+01,2.140094e+01,2.149104e+01,2.149796e+01,2.156029e+01,2.135933e+01,2.152567e+01,2.149104e+01,2.142867e+01,2.133851e+01,2.147718e+01,2.128993e+01,2.123439e+01,2.140094e+01,2.124133e+01,2.129688e+01,2.130382e+01,2.126217e+01,2.119966e+01,2.122050e+01,2.113015e+01,2.115101e+01,2.122744e+01,2.119271e+01,2.126217e+01,2.123439e+01,2.125522e+01,2.124133e+01,2.113015e+01,2.122744e+01,2.120660e+01,2.119966e+01,2.121355e+01,2.124133e+01,2.126217e+01,2.121355e+01,2.119966e+01,2.117881e+01,2.120660e+01,2.127605e+01,2.115101e+01,2.126911e+01,2.126911e+01,2.129688e+01,2.131770e+01,2.110234e+01,2.110234e+01,2.121355e+01,2.147718e+01,2.132464e+01,2.133158e+01,2.133158e+01,2.136626e+01,2.134545e+01,2.140094e+01,2.141480e+01,2.131076e+01,2.145639e+01,2.142867e+01,2.152567e+01,2.153952e+01,2.131770e+01,2.135239e+01,2.151875e+01,2.151875e+01,2.141480e+01,2.151182e+01,2.149796e+01,2.141480e+01,2.149104e+01,2.144946e+01,2.153952e+01,2.147718e+01,2.140094e+01,2.150489e+01,2.138013e+01,2.157414e+01,2.147025e+01,2.160182e+01,2.160182e+01,2.153952e+01,2.164334e+01,2.138707e+01,2.146332e+01,2.142174e+01,2.135239e+01,2.142174e+01,2.154645e+01,2.148411e+01,2.148411e+01,2.155337e+01,2.143560e+01,2.138707e+01,2.140094e+01,2.149104e+01,2.138013e+01,2.143560e+01,2.140787e+01,2.141480e+01,2.131076e+01,2.129688e+01,2.134545e+01,2.140787e+01,2.147718e+01,2.143560e+01,2.142867e+01,2.133158e+01,2.126911e+01,2.129688e+01,2.138013e+01,2.150489e+01,2.146332e+01,2.132464e+01,2.128993e+01,2.130382e+01,2.131076e+01,2.133851e+01,2.119271e+01,2.132464e+01,2.126911e+01,2.131076e+01,2.137320e+01,2.113711e+01,2.131076e+01,2.113711e+01,2.123439e+01,2.121355e+01,2.112320e+01,2.119271e+01,2.126217e+01,2.109539e+01,2.119271e+01,2.107452e+01,2.124828e+01,2.122050e+01,2.121355e+01,2.119271e+01,2.094226e+01,2.113711e+01,2.104669e+01,2.113015e+01,2.112320e+01,2.114406e+01,2.097709e+01,2.097012e+01,2.120660e+01,2.119271e+01,2.109539e+01,2.117881e+01,2.113015e+01,2.115796e+01,2.115101e+01,2.121355e+01,2.095619e+01,2.110929e+01,2.124828e+01,2.104669e+01,2.130382e+01,2.129688e+01,2.119966e+01,2.123439e+01,2.121355e+01,2.106756e+01,2.107452e+01,2.116491e+01,2.114406e+01,2.123439e+01,2.119966e+01,2.138013e+01,2.118576e+01,2.118576e+01
2.181612e+01,2.198862e+01,2.200241e+01,2.200241e+01,2.186445e+01,2.194725e+01,2.196793e+01,2.191965e+01,2.192655e+01,2.187825e+01,2.198172e+01,2.193345e+01,2.191965e+01,2.182993e+01,2.197483e+01,2.186445e+01,2.190586e+01,2.192655e+01,2.199551e+01,2.165025e+01,2.180922e+01,2.198862e+01,2.198172e+01,2.185065e+01,2.182993e+01,2.193345e+01,2.191965e+01,2.182993e+01,2.180231e+01,2.171248e+01,2.178159e+01,2.165025e+01,2.163642e+01,2.185755e+01,2.180231e+01,2.185755e+01,2.171248e+01,2.178850e+01,2.176777e+01,2.174704e+01,2.143560e+01,2.169866e+01,2.176086e+01,2.165717e+01,2.168483e+01,2.167100e+01,2.178159e+01,2.165717e+01,2.164334e+01,2.174704e+01,2.175395e+01,2.171940e+01,2.156029e+01,2.173322e+01,2.164334e+01,2.161566e+01,2.159490e+01,2.179540e+01,2.168483e+01,2.162950e+01,2.173322e+01,2.165025e+01,2.176086e+01,2.180231e+01,2.175395e+01,2.164334e+01,2.173322e+01,2.183684e+01,2.181612e+01,2.175395e+01,2.169175e+01,2.169175e+01,2.167100e+01,2.182993e+01,2.185755e+01,2.173322e+01,2.178159e+01,2.171940e+01,2.175395e+01,2.176086e+01,2.180231e+01,2.182303e+01,2.178850e+01,2.178850e+01,2.179540e+01,2.189896e+01,2.187825e+01,2.177468e+01,2.190586e+01,2.182993e+01,2.193345e+01,2.184374e+01,2.195414e+01,2.189206e+01,2.176777e+01,2.198172e+01,2.185755e+01,2.182993e+01,2.188516e+01,2.178850e+01,2.180231e+01,2.185065e+01,2.192655e+01,2.180922e+01,2.185065e+01,2.182303e+01,2.175395e+01,2.188516e+01,2.175395e+01,2.177468e+01,2.170557e+01,2.180922e+01,2.190586e+01,2.183684e+01,2.180231e+01,2.179540e+01,2.182993e+01,2.182993e+01,2.194725e+01,2.174013e+01,2.198862e+01,2.205754e+01,2.198172e+01,2.231900e+01,2.238082e+01,2.251122e+01,2.257294e+01,2.253180e+01,2.249751e+01,2.292877e+01,2.294243e+01,2.322209e+01,2.329018e+01,2.346022e+01,2.365711e+01,2.388071e+01,2.403627e+01,2.421184e+01,2.432647e+01,2.451501e+01,2.456881e+01,2.450155e+01,2.492457e+01,2.491117e+01,2.506520e+01,2.505851e+01,2.505182e+01,2.513210e+01,2.533254e+01,2.531251e+01,2.551927e+01,2.548595e+01,2.562583e+01,2.582533e+01,2.582533e+01,2.615701e+01,2.617025e+01,2.636212e+01,2.622322e+01,2.632245e+01,2.622983e+01,2.636873e+01,2.624307e+01,2.618349e+01,2.590503e+01,2.548595e+01,2.439385e+01,2.189206e+01,2.073309e+01,2.077496e+01,2.058641e+01,2.059340e+01,2.060039e+01,2.053747e+01,2.076100e+01,2.062135e+01,2.054446e+01,2.068422e+01,2.051648e+01,2.066327e+01,2.053747e+01,2.060737e+01,2.062135e+01,2.059340e+01,2.062834e+01,2.053047e+01,2.057942e+01,2.071215e+01,2.085168e+01,2.124828e+01,2.142867e+01,2.178850e+01,2.249751e+01,2.254551e+01,2.251808e+01,2.207131e+01,2.187825e+01,2.150489e+01,2.157414e+01,2.155337e+01,2.147025e+01,2.151182e+01,2.161566e+01,2.147025e+01,2.150489e+01,2.147718e+01,2.148411e+01,2.149796e+01,2.146332e+01,2.150489e+01,2.147025e+01,2.147025e+01,2.133851e+01,2.160874e+01,2.144946e+01,2.153260e+01,2.143560e+01,2.150489e+01,2.147025e+01,2.149796e+01,2.154645e+01,2.152567e+01,2.167100e+01,2.142867e+01,2.148411e+01,2.158798e+01,2.151182e+01,2.155337e+01,2.149796e+01,2.169866e+01,2.162950e+01,2.166409e+01,2.148411e+01,2.135239e+01,2.155337e+01,2.158798e+01,2.151182e+01,2.162258e+01,2.151875e+01,2.151875e+01,2.150489e+01,2.160874e+01,2.146332e+01,2.151182e+01,2.155337e+01,2.160182e+01,2.154645e+01,2.157414e+01,2.154645e+01,2.153952e+01,2.159490e+01,2.156721e+01,2.164334e+01,2.165025e+01,2.154645e+01,2.151875e+01,2.165717e+01,2.173322e+01,2.149796e+01,2.158798e+01,2.167100e+01,2.157414e+01,2.162950e+01,2.167100e+01,2.167100e+01,2.164334e+01,2.162258e+01,2.165717e+01,2.169175e+01,2.171940e+01,2.172631e+01,2.170557e+01,2.169175e+01,2.174013e+01,2.165717e+01,2.159490e+01,2.171940e+01,2.167100e+01,2.163642e+01,2.163642e+01,2.154645e+01,2.174704e+01,2.162258e+01,2.159490e+01,2.178850e+01,2.178159e+01,2.167100e+01,2.160182e+01,2.166409e+01,2.162258e+01,2.169175e+01,2.162950e+01,2.160182e+01,2.175395e+01,2.167792e+01,2.160874e+01,2.161566e+01,2.154645e+01,2.158798e+01,2.166409e+01,2.151182e+01,2.159490e+01,2.167792e+01,2.147718e+01,2.160874e+01,2.159490e+01,2.157414e+01,2.157414e+01,2.153260e+01,2.154645e+01,2.147718e+01,2.169175e+01,2.154645e+01,2.158798e+01,2.161566e+01,2.152567e+01,2.146332e+01,2.151875e+01,2.142867e+01,2.142867e+01,2.148411e+01,2.149104e+01,2.138707e+01,2.156029e+01,2.127605e+01,2.138013e+01,2.147718e+01,2.138013e+01,2.144253e+01,2.136626e+01,2.142174e+01,2.124133e+01,2.146332e+01,2.144946e+01,2.142174e+01,2.146332e+01,2.151875e+01,2.139400e+01,2.151182e+01,2.133158e+01,2.138707e+01,2.133851e+01,2.135239e+01,2.133158e+01,2.133851e+01,2.128299e+01,2.133851e+01,2.139400e+01,2.135933e+01,2.124133e+01,2.130382e+01,2.119966e+01,2.143560e+01,2.138707e+01,2.137320e+01,2.131076e+01,2.131076e+01,2.132464e+01,2.124133e+01,2.143560e+01,2.122744e+01,2.125522e+01,2.122744e+01,2.125522e+01,2.123439e+01,2.129688e+01,2.124133e+01,2.123439e+01,2.135933e+01,2.122744e+01,2.119966e+01,2.121355e+01,2.115796e+01,2.110234e+01,2.116491e+01,2.114406e+01,2.118576e+01,2.113711e+01,2.120660e+01,2.118576e+01,2.111625e+01,2.110234e+01,2.108148e+01,2.108148e+01,2.107452e+01,2.094923e+01,2.104669e+01,2.120660e+01,2.100493e+01,2.110929e+01,2.093530e+01,2.109539e+01,2.098405e+01,2.110234e+01,2.113015e+01,2.103973e+01,2.101885e+01,2.103277e+01,2.090743e+01,2.097012e+01,2.106061e+01,2.108148e+01,2.101885e+01,2.102581e+01,2.100493e+01,2.101189e+01,2.101189e+01,2.106061e+01,2.092833e+01,2.113711e+01,2.108843e+01,2.126911e+01,2.132464e+01,2.128299e+01,2.140094e+01,2.140094e+01,2.167792e+01,2.167792e+01,2.183684e+01,2.182993e+01,2.195414e+01,2.211263e+01,2.220899e+01,2.204376e+01,2.227088e+01,2.229151e+01,2.238082e+01,2.233961e+01,2.238082e+01,2.233961e+01,2.220899e+01,2.223650e+01,2.218835e+01,2.203687e+01,2.202997e+01,2.208509e+01,2.189206e+01,2.198862e+01,2.174704e+01,2.189896e+01,2.196793e+01,2.188516e+01,2.185065e+01,2.167792e+01,2.195414e+01,2.188516e+01,2.189896e+01,2.184374e+01,2.185065e+01,2.163642e+01,2.172631e+01,2.178159e+01,2.165717e+01,2.164334e+01,2.172631e+01,2.169175e+01,2.170557e+01,2.159490e+01,2.156029e+01,2.148411e+01,2.154645e+01,2.151875e+01,2.149796e+01,2.151875e+01,2.155337e+01,2.138013e+01,2.153260e+01,2.141480e+01,2.149104e+01,2.135239e+01,2.149796e+01,2.151182e+01,2.154645e+01,2.153952e+01,2.148411e+01,2.136626e+01,2.130382e+01,2.127605e+01,2.125522e+01,2.144946e+01,2.142174e+01,2.130382e+01,2.144253e+01,2.142174e+01,2.129688e+01,2.127605e+01,2.119966e+01,2.122050e+01,2.115796e+01,2.139400e+01,2.144253e+01,2.120660e+01,2.124828e+01,2.124828e+01,2.122050e+01,2.124133e+01,2.115796e+01,2.110929e+01,2.121355e+01,2.118576e+01,2.108843e+01,2.119271e+01,2.115796e+01,2.118576e+01,2.098405e+01,2.114406e+01,2.117186e+01,2.126911e+01,2.113015e+01,2.126217e+01,2.122050e+01,2.132464e+01,2.110929e+01,2.111625e+01,2.114406e+01,2.136626e+01,2.132464e+01,2.133851e+01,2.127605e+01,2.134545e+01,2.133158e+01,2.135239e+01,2.137320e+01,2.132464e+01,2.141480e+01,2.143560e+01,2.139400e+01,2.127605e+01,2.145639e+01,2.138013e+01,2.160182e+01,2.138707e+01,2.131770e+01,2.139400e+01,2.142867e+01,2.152567e+01,2.151182e+01,2.147025e+01,2.147025e+01,2.147025e+01,2.158798e+01,2.142867e+01,2.143560e+01,2.151182e+01,2.137320e+01,2.153260e+01,2.144253e+01,2.150489e+01,2.149796e+01,2.149104e+01,2.156721e+01,2.135933e+01,2.140094e+01,2.152567e+01,2.139400e+01,2.152567e+01,2.135933e+01,2.153952e+01,2.144946e+01,2.145639e+01,2.138013e+01,2.140787e+01,2.138013e+01,2.144946e+01,2.147025e+01,2.144253e+01,2.146332e+01,2.140094e+01,2.133158e+01,2.134545e+01,2.138707e+01,2.118576e+01,2.120660e+01,2.123439e+01,2.117186e+01,2.127605e+01,2.125522e+01,2.130382e+01,2.126217e+01,2.136626e+01,2.120660e+01,2.123439e+01,2.133851e+01,2.128993e+01,2.126217e+01,2.132464e+01,2.123439e+01,2.112320e+01,2.132464e+01,2.124828e+01,2.095619e+01,2.141480e+01,2.122744e+01,2.108148e+01,2.115101e+01,2.099797e+01,2.106756e+01,2.108148e+01,2.106756e+01,2.116491e+01,2.094226e+01,2.102581e+01,2.096316e+01,2.118576e+01,2.116491e+01,2.098405e+01,2.093530e+01,2.112320e+01,2.109539e+01,2.092137e+01,2.115796e+01,2.106061e+01,2.099101e+01,2.103973e+01,2.112320e+01,2.111625e+01,2.116491e+01,2.111625e+01,2.112320e+01,2.113015e+01,2.092833e+01,2.119271e+01,2.110234e+01,2.108843e+01,2.124133e+01,2.110234e+01,2.107452e+01,2.124133e+01,2.103973e+01,2.105365e+01,2.103973e+01,2.119271e+01,2.106756e+01,2.099797e+01,2.113015e+01,2.118576e+01,2.105365e+01,2.120660e+01,2.120660e+01,2.110234e+01
2.202308e+01,2.191276e+01,2.180922e+01,2.198172e+01,2.178159e+01,2.180231e+01,2.192655e+01,2.194035e+01,2.178159e+01,2.185065e+01,2.195414e+01,2.184374e+01,2.193345e+01,2.180922e+01,2.196793e+01,2.190586e+01,2.191965e+01,2.197483e+01,2.205754e+01,2.189896e+01,2.178159e+01,2.194035e+01,2.181612e+01,2.174704e+01,2.182303e+01,2.197483e+01,2.180922e+01,2.172631e+01,2.186445e+01,2.182993e+01,2.179540e+01,2.180922e+01,2.175395e+01,2.168483e+01,2.179540e+01,2.179540e+01,2.173322e+01,2.182303e+01,2.182993e+01,2.171248e+01,2.173322e+01,2.166409e+01,2.163642e+01,2.176777e+01,2.166409e+01,2.169866e+01,2.166409e+01,2.182303e+01,2.167100e+01,2.166409e+01,2.165717e+01,2.171940e+01,2.174013e+01,2.174013e+01,2.168483e+01,2.174013e+01,2.165717e+01,2.179540e+01,2.171248e+01,2.166409e+01,2.171248e+01,2.180231e+01,2.167792e+01,2.178850e+01,2.178850e+01,2.164334e+01,2.184374e+01,2.187135e+01,2.183684e+01,2.180922e+01,2.183684e+01,2.179540e+01,2.185065e+01,2.181612e+01,2.184374e+01,2.178159e+01,2.176777e+01,2.175395e+01,2.162950e+01,2.180231e+01,2.180922e+01,2.176777e+01,2.187825e+01,2.198862e+01,2.183684e+01,2.189206e+01,2.192655e+01,2.153260e+01,2.184374e+01,2.192655e+01,2.187825e+01,2.184374e+01,2.192655e+01,2.183684e+01,2.184374e+01,2.193345e+01,2.196793e+01,2.189896e+01,2.191965e+01,2.198172e+01,2.182993e+01,2.187825e+01,2.181612e+01,2.180922e+01,2.183684e+01,2.178159e+01,2.178850e+01,2.188516e+01,2.189206e+01,2.179540e+01,2.175395e+01,2.180922e+01,2.178159e+01,2.178159e+01,2.185755e+01,2.173322e+01,2.185065e+01,2.194035e+01,2.199551e+01,2.196793e+01,2.198172e+01,2.198172e+01,2.202997e+01,2.220899e+01,2.231900e+01,2.230525e+01,2.251808e+01,2.271679e+01,2.278522e+01,2.277837e+01,2.291510e+01,2.321527e+01,2.322890e+01,2.327656e+01,2.357569e+01,2.369102e+01,2.374526e+01,2.415110e+01,2.432647e+01,2.436017e+01,2.446791e+01,2.458226e+01,2.458898e+01,2.495137e+01,2.493127e+01,2.492457e+01,2.496477e+01,2.515216e+01,2.515885e+01,2.522569e+01,2.527245e+01,2.551261e+01,2.574558e+01,2.581205e+01,2.584526e+01,2.593158e+01,2.624969e+01,2.612389e+01,2.630261e+01,2.636212e+01,2.632245e+01,2.622322e+01,2.622983e+01,2.603772e+01,2.587183e+01,2.573228e+01,2.522569e+01,2.314031e+01,2.103277e+01,2.083076e+01,2.064231e+01,2.069818e+01,2.062135e+01,2.067723e+01,2.077496e+01,2.068422e+01,2.052348e+01,2.059340e+01,2.050949e+01,2.062834e+01,2.065628e+01,2.062135e+01,2.062135e+01,2.087956e+01,2.087956e+01,2.120660e+01,2.144253e+01,2.191965e+01,2.293560e+01,2.356211e+01,2.379946e+01,2.377236e+01,2.375881e+01,2.346701e+01,2.294243e+01,2.250437e+01,2.220899e+01,2.189206e+01,2.158798e+01,2.153952e+01,2.160182e+01,2.154645e+01,2.169866e+01,2.156721e+01,2.146332e+01,2.158798e+01,2.151182e+01,2.146332e+01,2.144946e+01,2.140787e+01,2.133851e+01,2.149796e+01,2.144946e+01,2.140787e+01,2.161566e+01,2.153260e+01,2.152567e+01,2.151875e+01,2.149796e+01,2.142867e+01,2.147718e+01,2.165717e+01,2.148411e+01,2.148411e+01,2.144253e+01,2.153260e+01,2.143560e+01,2.150489e+01,2.150489e+01,2.153260e+01,2.151875e+01,2.149796e+01,2.169175e+01,2.147718e+01,2.161566e+01,2.160182e+01,2.164334e+01,2.150489e+01,2.163642e+01,2.164334e+01,2.153260e+01,2.164334e+01,2.158798e+01,2.151875e+01,2.153260e+01,2.160874e+01,2.153260e+01,2.154645e+01,2.156029e+01,2.156721e+01,2.165717e+01,2.147025e+01,2.154645e+01,2.151875e+01,2.167792e+01,2.151875e+01,2.168483e+01,2.160874e+01,2.167792e+01,2.160874e+01,2.147718e+01,2.153260e+01,2.160874e+01,2.171248e+01,2.161566e+01,2.156721e+01,2.162258e+01,2.165025e+01,2.171248e+01,2.169866e+01,2.156029e+01,2.148411e+01,2.167792e+01,2.165717e+01,2.159490e+01,2.162258e+01,2.165025e+01,2.166409e+01,2.165717e+01,2.167792e+01,2.161566e+01,2.158106e+01,2.171248e+01,2.165717e+01,2.178159e+01,2.165717e+01,2.164334e+01,2.174013e+01,2.170557e+01,2.166409e+01,2.163642e+01,2.167792e+01,2.160182e+01,2.167100e+01,2.155337e+01,2.158106e+01,2.156029e+01,2.149104e+01,2.151182e+01,2.156029e+01,2.168483e+01,2.149104e+01,2.160874e+01,2.156721e+01,2.153260e+01,2.148411e+01,2.157414e+01,2.162258e+01,2.156721e+01,2.153952e+01,2.158106e+01,2.154645e+01,2.169175e+01,2.148411e+01,2.152567e+01,2.156029e+01,2.142867e+01,2.135239e+01,2.147025e+01,2.147718e+01,2.143560e+01,2.140787e+01,2.138013e+01,2.142867e+01,2.143560e+01,2.135239e+01,2.134545e+01,2.141480e+01,2.139400e+01,2.144253e+01,2.132464e+01,2.137320e+01,2.138013e+01,2.138707e+01,2.136626e+01,2.126911e+01,2.140094e+01,2.133851e+01,2.128299e+01,2.113711e+01,2.125522e+01,2.107452e+01,2.129688e+01,2.137320e+01,2.138013e+01,2.137320e+01,2.124133e+01,2.127605e+01,2.137320e+01,2.133158e+01,2.128299e+01,2.144253e+01,2.131076e+01,2.133851e+01,2.128993e+01,2.130382e+01,2.131770e+01,2.123439e+01,2.124133e+01,2.131770e+01,2.121355e+01,2.131770e+01,2.127605e+01,2.121355e+01,2.122744e+01,2.130382e+01,2.135933e+01,2.117881e+01,2.118576e+01,2.117881e+01,2.116491e+01,2.113015e+01,2.111625e+01,2.111625e+01,2.101189e+01,2.113015e+01,2.108148e+01,2.103277e+01,2.106756e+01,2.111625e+01,2.125522e+01,2.113711e+01,2.107452e+01,2.110929e+01,2.109539e+01,2.099101e+01,2.102581e+01,2.097012e+01,2.097709e+01,2.095619e+01,2.106756e+01,2.082378e+01,2.101885e+01,2.097709e+01,2.098405e+01,2.087259e+01,2.102581e+01,2.110234e+01,2.097709e+01,2.098405e+01,2.095619e+01,2.101189e+01,2.109539e+01,2.087956e+01,2.107452e+01,2.098405e+01,2.094226e+01,2.094226e+01,2.092137e+01,2.102581e+01,2.125522e+01,2.099797e+01,2.130382e+01,2.126217e+01,2.129688e+01,2.150489e+01,2.148411e+01,2.160182e+01,2.173322e+01,2.177468e+01,2.204376e+01,2.207820e+01,2.219523e+01,2.230525e+01,2.225026e+01,2.226401e+01,2.237395e+01,2.229151e+01,2.225713e+01,2.217459e+01,2.233274e+01,2.220211e+01,2.222275e+01,2.211952e+01,2.212641e+01,2.195414e+01,2.182993e+01,2.186445e+01,2.187135e+01,2.186445e+01,2.189206e+01,2.191276e+01,2.193345e+01,2.183684e+01,2.190586e+01,2.186445e+01,2.178159e+01,2.178850e+01,2.168483e+01,2.174704e+01,2.178850e+01,2.184374e+01,2.174704e+01,2.160874e+01,2.168483e+01,2.168483e+01,2.168483e+01,2.167100e+01,2.167100e+01,2.159490e+01,2.171248e+01,2.161566e+01,2.180922e+01,2.157414e+01,2.150489e+01,2.153260e+01,2.154645e+01,2.150489e+01,2.153952e+01,2.151182e+01,2.147718e+01,2.140787e+01,2.148411e+01,2.156029e+01,2.154645e+01,2.153952e+01,2.144253e+01,2.124828e+01,2.130382e+01,2.132464e+01,2.144946e+01,2.125522e+01,2.139400e+01,2.154645e+01,2.124133e+01,2.137320e+01,2.132464e+01,2.126911e+01,2.119966e+01,2.123439e+01,2.122050e+01,2.113711e+01,2.117881e+01,2.117881e+01,2.122050e+01,2.124133e+01,2.118576e+01,2.118576e+01,2.112320e+01,2.122744e+01,2.117186e+01,2.113711e+01,2.122050e+01,2.115101e+01,2.121355e+01,2.115796e+01,2.122744e+01,2.113711e+01,2.114406e+01,2.113015e+01,2.114406e+01,2.117186e+01,2.135933e+01,2.113711e+01,2.115796e+01,2.115796e+01,2.125522e+01,2.133158e+01,2.114406e+01,2.154645e+01,2.122050e+01,2.133158e+01,2.131770e+01,2.140094e+01,2.144946e+01,2.148411e+01,2.141480e+01,2.142867e+01,2.140787e+01,2.128299e+01,2.133158e+01,2.137320e+01,2.137320e+01,2.120660e+01,2.134545e+01,2.147718e+01,2.137320e+01,2.143560e+01,2.157414e+01,2.140787e+01,2.140094e+01,2.146332e+01,2.149796e+01,2.135239e+01,2.148411e+01,2.146332e+01,2.148411e+01,2.140094e+01,2.134545e+01,2.135239e+01,2.140094e+01,2.138707e+01,2.142867e+01,2.141480e+01,2.140787e+01,2.140094e+01,2.149796e+01,2.139400e+01,2.134545e+01,2.148411e+01,2.143560e+01,2.139400e+01,2.140094e+01,2.147718e+01,2.145639e+01,2.144253e+01,2.142867e+01,2.135933e+01,2.135933e+01,2.134545e+01,2.139400e+01,2.123439e+01,2.124133e+01,2.144253e+01,2.138013e+01,2.153952e+01,2.141480e+01,2.136626e+01,2.134545e+01,2.125522e+01,2.127605e+01,2.115796e+01,2.132464e+01,2.136626e+01,2.134545e+01,2.133851e+01,2.131770e+01,2.130382e+01,2.119966e+01,2.129688e+01,2.117186e+01,2.122744e+01,2.119966e+01,2.135933e+01,2.111625e+01,2.117186e+01,2.128299e+01,2.103277e+01,2.087259e+01,2.123439e+01,2.102581e+01,2.097012e+01,2.103973e+01,2.098405e+01,2.098405e+01,2.094923e+01,2.101189e+01,2.112320e+01,2.104669e+01,2.090743e+01,2.097012e+01,2.097012e+01,2.096316e+01,2.099101e+01,2.112320e+01,2.110234e+01,2.101885e+01,2.115796e+01,2.107452e+01,2.111625e+01,2.110234e+01,2.112320e+01,2.106756e+01,2.121355e+01,2.113015e+01,2.124828e+01,2.113711e+01,2.117186e+01,2.110929e+01,2.106061e+01,2.099797e+01,2.106061e+01,2.106061e+01,2.103277e+01,2.103973e+01,2.105365e+01,2.103277e+01,2.108148e+01,2.090743e+01,2.099101e+01
2.178850e+01,2.180231e+01,2.202997e+01,2.179540e+01,2.179540e+01,2.191965e+01,2.182993e+01,2.169866e+01,2.169175e+01,2.194035e+01,2.185065e+01,2.187135e+01,2.185065e+01,2.193345e+01,2.187135e+01,2.184374e+01,2.187825e+01,2.187135e+01,2.194725e+01,2.169175e+01,2.167792e+01,2.187825e+01,2.195414e+01,2.198172e+01,2.177468e+01,2.180922e+01,2.175395e+01,2.173322e+01,2.174704e+01,2.176086e+01,2.181612e+01,2.165025e+01,2.178159e+01,2.160874e+01,2.176086e+01,2.176086e+01,2.178159e+01,2.168483e+01,2.167792e+01,2.183684e+01,2.169866e+01,2.169175e+01,2.175395e+01,2.177468e+01,2.174704e+01,2.166409e+01,2.168483e+01,2.184374e+01,2.166409e+01,2.160182e+01,2.167100e+01,2.169175e+01,2.181612e+01,2.169866e+01,2.165025e+01,2.169175e+01,2.181612e+01,2.164334e+01,2.182993e+01,2.179540e+01,2.174704e+01,2.174013e+01,2.170557e+01,2.162950e+01,2.181612e+01,2.166409e+01,2.182993e+01,2.172631e+01,2.173322e+01,2.179540e+01,2.171248e+01,2.176777e+01,2.170557e+01,2.212641e+01,2.169866e+01,2.178159e+01,2.169866e+01,2.171248e+01,2.178850e+01,2.179540e+01,2.200930e+01,2.187135e+01,2.176777e+01,2.189896e+01,2.177468e+01,2.191276e+01,2.179540e+01,2.180231e+01,2.185755e+01,2.174013e+01,2.188516e+01,2.171940e+01,2.176086e+01,2.191965e+01,2.190586e+01,2.199551e+01,2.187135e+01,2.183684e+01,2.189206e+01,2.180231e+01,2.182993e+01,2.182303e+01,2.194035e+01,2.179540e+01,2.187135e+01,2.180231e+01,2.182303e+01,2.182303e+01,2.208509e+01,2.188516e+01,2.176086e+01,2.174704e+01,2.191276e+01,2.178159e+01,2.185755e+01,2.178159e+01,2.185065e+01,2.160182e+01,2.184374e+01,2.176777e+01,2.192655e+01,2.198862e+01,2.198172e+01,2.206442e+01,2.219523e+01,2.237395e+01,2.252494e+01,2.252494e+01,2.281257e+01,2.275785e+01,2.286727e+01,2.314713e+01,2.320165e+01,2.334462e+01,2.364355e+01,2.360283e+01,2.371814e+01,2.407681e+01,2.402951e+01,2.435343e+01,2.437364e+01,2.445445e+01,2.456209e+01,2.461587e+01,2.480388e+01,2.495807e+01,2.507858e+01,2.507858e+01,2.513879e+01,2.518559e+01,2.532586e+01,2.556591e+01,2.574558e+01,2.548595e+01,2.579211e+01,2.587847e+01,2.616363e+01,2.620336e+01,2.624307e+01,2.633568e+01,2.644802e+01,2.631584e+01,2.630261e+01,2.621660e+01,2.597140e+01,2.598467e+01,2.543929e+01,2.476362e+01,2.242202e+01,2.106756e+01,2.072611e+01,2.078891e+01,2.060039e+01,2.062135e+01,2.060737e+01,2.080286e+01,2.064231e+01,2.084470e+01,2.078193e+01,2.100493e+01,2.096316e+01,2.129688e+01,2.153952e+01,2.194035e+01,2.254551e+01,2.356890e+01,2.396190e+01,2.444771e+01,2.487766e+01,2.505182e+01,2.475020e+01,2.453519e+01,2.411059e+01,2.394838e+01,2.333101e+01,2.270994e+01,2.229151e+01,2.196104e+01,2.170557e+01,2.170557e+01,2.164334e+01,2.151182e+01,2.149796e+01,2.159490e+01,2.152567e+01,2.149104e+01,2.150489e+01,2.145639e+01,2.144253e+01,2.151182e+01,2.144253e+01,2.149796e+01,2.146332e+01,2.147718e+01,2.147718e+01,2.131076e+01,2.141480e+01,2.147718e+01,2.142867e+01,2.142174e+01,2.145639e+01,2.143560e+01,2.144253e+01,2.147025e+01,2.148411e+01,2.147025e+01,2.151875e+01,2.159490e+01,2.156721e+01,2.156029e+01,2.147025e+01,2.153952e+01,2.149104e+01,2.165717e+01,2.149104e+01,2.167792e+01,2.153952e+01,2.161566e+01,2.153260e+01,2.146332e+01,2.160874e+01,2.159490e+01,2.157414e+01,2.156029e+01,2.156029e+01,2.164334e+01,2.146332e+01,2.149104e+01,2.151875e+01,2.157414e+01,2.162258e+01,2.155337e+01,2.156029e+01,2.150489e+01,2.166409e+01,2.163642e+01,2.165025e+01,2.153260e+01,2.152567e+01,2.159490e+01,2.148411e+01,2.156721e+01,2.156721e+01,2.158106e+01,2.165717e+01,2.169866e+01,2.159490e+01,2.166409e+01,2.168483e+01,2.150489e+01,2.156721e+01,2.153260e+01,2.152567e+01,2.151182e+01,2.160874e+01,2.158798e+01,2.166409e+01,2.159490e+01,2.163642e+01,2.160182e+01,2.167792e+01,2.160182e+01,2.162258e+01,2.169866e+01,2.158106e+01,2.162950e+01,2.164334e+01,2.171940e+01,2.167100e+01,2.166409e+01,2.161566e+01,2.153952e+01,2.146332e+01,2.159490e+01,2.158798e+01,2.162258e+01,2.148411e+01,2.163642e+01,2.157414e+01,2.151182e+01,2.156721e+01,2.153260e+01,2.161566e+01,2.148411e+01,2.157414e+01,2.152567e+01,2.148411e+01,2.160182e+01,2.152567e+01,2.141480e+01,2.151875e+01,2.165717e+01,2.144253e+01,2.138707e+01,2.137320e+01,2.136626e+01,2.140787e+01,2.135239e+01,2.143560e+01,2.146332e+01,2.135239e+01,2.146332e+01,2.137320e+01,2.138013e+01,2.131076e+01,2.133851e+01,2.140787e+01,2.134545e+01,2.138013e+01,2.140787e+01,2.126217e+01,2.134545e+01,2.125522e+01,2.127605e+01,2.135239e+01,2.122050e+01,2.132464e+01,2.131076e+01,2.131770e+01,2.130382e+01,2.126217e+01,2.131076e+01,2.138013e+01,2.134545e+01,2.119966e+01,2.135933e+01,2.135933e+01,2.131770e+01,2.133158e+01,2.131076e+01,2.131076e+01,2.137320e+01,2.118576e+01,2.134545e+01,2.136626e+01,2.128993e+01,2.119271e+01,2.117186e+01,2.131770e+01,2.130382e+01,2.132464e+01,2.126911e+01,2.129688e+01,2.135239e+01,2.126911e+01,2.131076e+01,2.120660e+01,2.109539e+01,2.112320e+01,2.117881e+01,2.115796e+01,2.113015e+01,2.132464e+01,2.115796e+01,2.099797e+01,2.115796e+01,2.107452e+01,2.108843e+01,2.097709e+01,2.101189e+01,2.108843e+01,2.110234e+01,2.109539e+01,2.097709e+01,2.106756e+01,2.092137e+01,2.102581e+01,2.095619e+01,2.106061e+01,2.103277e+01,2.096316e+01,2.101189e+01,2.098405e+01,2.096316e+01,2.098405e+01,2.099101e+01,2.108843e+01,2.095619e+01,2.096316e+01,2.096316e+01,2.094226e+01,2.098405e+01,2.099101e+01,2.092833e+01,2.094923e+01,2.090047e+01,2.090743e+01,2.094923e+01,2.094923e+01,2.094923e+01,2.097709e+01,2.097012e+01,2.118576e+01,2.130382e+01,2.144253e+01,2.137320e+01,2.155337e+01,2.154645e+01,2.170557e+01,2.178850e+01,2.182993e+01,2.205065e+01,2.219523e+01,2.209198e+01,2.222962e+01,2.225713e+01,2.222275e+01,2.234648e+01,2.239456e+01,2.210575e+01,2.218835e+01,2.217459e+01,2.214017e+01,2.232587e+01,2.196793e+01,2.198172e+01,2.187825e+01,2.183684e+01,2.175395e+01,2.185065e+01,2.188516e+01,2.189896e+01,2.190586e+01,2.187135e+01,2.185755e+01,2.189896e+01,2.179540e+01,2.176777e+01,2.178850e+01,2.188516e+01,2.172631e+01,2.162258e+01,2.175395e+01,2.156721e+01,2.163642e+01,2.167792e+01,2.159490e+01,2.166409e+01,2.162258e+01,2.153952e+01,2.145639e+01,2.158106e+01,2.159490e+01,2.143560e+01,2.148411e+01,2.149104e+01,2.149104e+01,2.150489e+01,2.136626e+01,2.148411e+01,2.133158e+01,2.146332e+01,2.145639e+01,2.140094e+01,2.145639e+01,2.147025e+01,2.137320e+01,2.148411e+01,2.136626e+01,2.125522e+01,2.138013e+01,2.123439e+01,2.143560e+01,2.128993e+01,2.135933e+01,2.135239e+01,2.128993e+01,2.113015e+01,2.131076e+01,2.108148e+01,2.122050e+01,2.124133e+01,2.123439e+01,2.124828e+01,2.117881e+01,2.117186e+01,2.119271e+01,2.119271e+01,2.119966e+01,2.114406e+01,2.105365e+01,2.108148e+01,2.115796e+01,2.134545e+01,2.117186e+01,2.117186e+01,2.113711e+01,2.114406e+01,2.110929e+01,2.118576e+01,2.115101e+01,2.119271e+01,2.112320e+01,2.112320e+01,2.123439e+01,2.119271e+01,2.116491e+01,2.121355e+01,2.131076e+01,2.117881e+01,2.117881e+01,2.137320e+01,2.127605e+01,2.131770e+01,2.139400e+01,2.135239e+01,2.156029e+01,2.135933e+01,2.144946e+01,2.144253e+01,2.139400e+01,2.141480e+01,2.127605e+01,2.142867e+01,2.142867e+01,2.151875e+01,2.142174e+01,2.133851e+01,2.149796e+01,2.138013e+01,2.142867e+01,2.147718e+01,2.145639e+01,2.136626e+01,2.146332e+01,2.142174e+01,2.149796e+01,2.146332e+01,2.149104e+01,2.140094e+01,2.137320e+01,2.136626e+01,2.135933e+01,2.147025e+01,2.138707e+01,2.152567e+01,2.145639e+01,2.145639e+01,2.140094e+01,2.152567e+01,2.144946e+01,2.138013e+01,2.147025e+01,2.140094e+01,2.140094e+01,2.128993e+01,2.144253e+01,2.133158e+01,2.138707e+01,2.138013e+01,2.131770e+01,2.132464e+01,2.119966e+01,2.128299e+01,2.121355e+01,2.140094e+01,2.126217e+01,2.131076e+01,2.135933e+01,2.132464e+01,2.153260e+01,2.131076e+01,2.135933e+01,2.131770e+01,2.133158e+01,2.132464e+01,2.113711e+01,2.112320e+01,2.114406e+01,2.109539e+01,2.111625e+01,2.103973e+01,2.110234e+01,2.111625e+01,2.098405e+01,2.130382e+01,2.108843e+01,2.108148e+01,2.104669e+01,2.106061e+01,2.096316e+01,2.117186e+01,2.087956e+01,2.113711e+01,2.104669e+01,2.097709e+01,2.113711e+01,2.099101e+01,2.108148e+01,2.100493e+01,2.097709e+01,2.101189e+01,2.099101e+01,2.102581e+01,2.109539e+01,2.101885e+01,2.101885e+01,2.115101e+01,2.108148e+01,2.097709e+01,2.105365e+01,2.108843e+01,2.107452e+01,2.115796e+01,2.122744e+01,2.125522e+01,2.118576e+01,2.103277e+01,2.110929e+01,2.123439e+01,2.109539e+01,2.107452e+01,2.113015e+01,2.106061e+01,2.110234e+01,2.114406e+01,2.093530e+01,2.102581e+01,2.105365e+01,2.098405e+01
2.179540e+01,2.200241e+01,2.184374e+01,2.198862e+01,2.192655e+01,2.196104e+01,2.200930e+01,2.196104e+01,2.193345e+01,2.194725e+01,2.218835e+01,2.189896e+01,2.191276e+01,2.196793e+01,2.187135e+01,2.182303e+01,2.171940e+01,2.185755e+01,2.196104e+01,2.194035e+01,2.186445e+01,2.185065e+01,2.189206e+01,2.192655e+01,2.171248e+01,2.194035e+01,2.177468e+01,2.179540e+01,2.176777e+01,2.178159e+01,2.169175e+01,2.165717e+01,2.164334e+01,2.162258e+01,2.176777e+01,2.165025e+01,2.162950e+01,2.168483e+01,2.162950e+01,2.180922e+01,2.175395e+01,2.170557e+01,2.171248e+01,2.184374e+01,2.167792e+01,2.171248e+01,2.186445e+01,2.169866e+01,2.166409e+01,2.177468e+01,2.174013e+01,2.172631e+01,2.162258e+01,2.164334e+01,2.162258e+01,2.164334e+01,2.164334e+01,2.178850e+01,2.177468e+01,2.171248e+01,2.175395e+01,2.174704e+01,2.179540e+01,2.176086e+01,2.165025e+01,2.173322e+01,2.161566e+01,2.176086e+01,2.170557e+01,2.174013e+01,2.185755e+01,2.180231e+01,2.181612e+01,2.156029e+01,2.183684e+01,2.178159e+01,2.176086e+01,2.200930e+01,2.169866e+01,2.180922e+01,2.180231e+01,2.181612e+01,2.185755e+01,2.176086e+01,2.178159e+01,2.189206e+01,2.186445e+01,2.176086e+01,2.180922e+01,2.187825e+01,2.204376e+01,2.197483e+01,2.203687e+01,2.196793e+01,2.182993e+01,2.184374e+01,2.182993e+01,2.180231e+01,2.181612e+01,2.198172e+01,2.178159e+01,2.189206e+01,2.194725e+01,2.185755e+01,2.192655e+01,2.178159e+01,2.187135e+01,2.188516e+01,2.178850e+01,2.191276e+01,2.176086e+01,2.188516e+01,2.190586e+01,2.182303e+01,2.189206e+01,2.181612e+01,2.182303e+01,2.192655e+01,2.196104e+01,2.194725e+01,2.200930e+01,2.196104e+01,2.198862e+01,2.204376e+01,2.216082e+01,2.248379e+01,2.267571e+01,2.253866e+01,2.265516e+01,2.256608e+01,2.293560e+01,2.309258e+01,2.309258e+01,2.308576e+01,2.362998e+01,2.377914e+01,2.392808e+01,2.402951e+01,2.411734e+01,2.425906e+01,2.443425e+01,2.431299e+01,2.455536e+01,2.455536e+01,2.457554e+01,2.491117e+01,2.500495e+01,2.497147e+01,2.506520e+01,2.515216e+01,2.528580e+01,2.547929e+01,2.555258e+01,2.568572e+01,2.576552e+01,2.586519e+01,2.601120e+01,2.602446e+01,2.615701e+01,2.627615e+01,2.636212e+01,2.625631e+01,2.632245e+01,2.613713e+01,2.628938e+01,2.599793e+01,2.587847e+01,2.542595e+01,2.445445e+01,2.275785e+01,2.176086e+01,2.090743e+01,2.090047e+01,2.090047e+01,2.088653e+01,2.094226e+01,2.112320e+01,2.158798e+01,2.185755e+01,2.243575e+01,2.309940e+01,2.365033e+01,2.436017e+01,2.461587e+01,2.486425e+01,2.525909e+01,2.547262e+01,2.543929e+01,2.547262e+01,2.545929e+01,2.505851e+01,2.497147e+01,2.454192e+01,2.407006e+01,2.335143e+01,2.291510e+01,2.251122e+01,2.191965e+01,2.187135e+01,2.167792e+01,2.171248e+01,2.171940e+01,2.149104e+01,2.143560e+01,2.154645e+01,2.145639e+01,2.153952e+01,2.146332e+01,2.145639e+01,2.142174e+01,2.142867e+01,2.143560e+01,2.149796e+01,2.148411e+01,2.147718e+01,2.145639e+01,2.140094e+01,2.156721e+01,2.146332e+01,2.149796e+01,2.144946e+01,2.144253e+01,2.147718e+01,2.147718e+01,2.148411e+01,2.140787e+01,2.152567e+01,2.143560e+01,2.153260e+01,2.147025e+01,2.147025e+01,2.147718e+01,2.149796e+01,2.149104e+01,2.146332e+01,2.159490e+01,2.158798e+01,2.151875e+01,2.158798e+01,2.160182e+01,2.153952e+01,2.154645e+01,2.163642e+01,2.155337e+01,2.156721e+01,2.156721e+01,2.152567e+01,2.151875e+01,2.149796e+01,2.157414e+01,2.158798e+01,2.150489e+01,2.149796e+01,2.157414e+01,2.158798e+01,2.153952e+01,2.157414e+01,2.156029e+01,2.174013e+01,2.160182e+01,2.156029e+01,2.156029e+01,2.156721e+01,2.168483e+01,2.165717e+01,2.165025e+01,2.162950e+01,2.158106e+01,2.173322e+01,2.171248e+01,2.162258e+01,2.165025e+01,2.169175e+01,2.166409e+01,2.165717e+01,2.158798e+01,2.150489e+01,2.165717e+01,2.160182e+01,2.166409e+01,2.162950e+01,2.162950e+01,2.169866e+01,2.154645e+01,2.187135e+01,2.165717e+01,2.171940e+01,2.164334e+01,2.162950e+01,2.167100e+01,2.164334e+01,2.160874e+01,2.156029e+01,2.166409e+01,2.154645e+01,2.160182e+01,2.152567e+01,2.143560e+01,2.156029e+01,2.160182e+01,2.144253e+01,2.157414e+01,2.158106e+01,2.156029e+01,2.157414e+01,2.158798e+01,2.161566e+01,2.132464e+01,2.140787e+01,2.146332e+01,2.165717e+01,2.149796e+01,2.138707e+01,2.136626e+01,2.136626e+01,2.140094e+01,2.149104e+01,2.142174e+01,2.132464e+01,2.131076e+01,2.145639e+01,2.147718e+01,2.139400e+01,2.138013e+01,2.138013e+01,2.144253e+01,2.135239e+01,2.142867e+01,2.135239e+01,2.134545e+01,2.140094e+01,2.135239e+01,2.131770e+01,2.133851e+01,2.136626e+01,2.136626e+01,2.131076e+01,2.129688e+01,2.126911e+01,2.139400e+01,2.128299e+01,2.115101e+01,2.122050e+01,2.133158e+01,2.134545e+01,2.126217e+01,2.129688e+01,2.138013e+01,2.135933e+01,2.126911e+01,2.130382e+01,2.128299e+01,2.129688e+01,2.117186e+01,2.126217e+01,2.122050e+01,2.130382e+01,2.131076e+01,2.126911e+01,2.131076e+01,2.131770e+01,2.131076e+01,2.124133e+01,2.124828e+01,2.126911e+01,2.118576e+01,2.112320e+01,2.115101e+01,2.113711e+01,2.108148e+01,2.111625e+01,2.113711e+01,2.108148e+01,2.111625e+01,2.098405e+01,2.101189e+01,2.114406e+01,2.115101e+01,2.115101e+01,2.116491e+01,2.114406e+01,2.099101e+01,2.097709e+01,2.106061e+01,2.094226e+01,2.101189e+01,2.094226e+01,2.098405e+01,2.090743e+01,2.096316e+01,2.106061e+01,2.097709e+01,2.099797e+01,2.101189e+01,2.104669e+01,2.097012e+01,2.099797e+01,2.103973e+01,2.091440e+01,2.097012e+01,2.085168e+01,2.097012e+01,2.094923e+01,2.097709e+01,2.093530e+01,2.087259e+01,2.095619e+01,2.092137e+01,2.094226e+01,2.095619e+01,2.121355e+01,2.097709e+01,2.124133e+01,2.135239e+01,2.136626e+01,2.144946e+01,2.162258e+01,2.158106e+01,2.153260e+01,2.176777e+01,2.187825e+01,2.201619e+01,2.206442e+01,2.205065e+01,2.218147e+01,2.227088e+01,2.229838e+01,2.220211e+01,2.223650e+01,2.214706e+01,2.215394e+01,2.207131e+01,2.214017e+01,2.227776e+01,2.198862e+01,2.177468e+01,2.202308e+01,2.192655e+01,2.185065e+01,2.181612e+01,2.182303e+01,2.190586e+01,2.185755e+01,2.180922e+01,2.189206e+01,2.188516e+01,2.178159e+01,2.189206e+01,2.185755e+01,2.184374e+01,2.177468e+01,2.176086e+01,2.169866e+01,2.182993e+01,2.169866e+01,2.165025e+01,2.153952e+01,2.163642e+01,2.165717e+01,2.168483e+01,2.157414e+01,2.158106e+01,2.150489e+01,2.153952e+01,2.144946e+01,2.151182e+01,2.152567e+01,2.153260e+01,2.148411e+01,2.169175e+01,2.150489e+01,2.142867e+01,2.144946e+01,2.138013e+01,2.149796e+01,2.149104e+01,2.134545e+01,2.144253e+01,2.143560e+01,2.137320e+01,2.135933e+01,2.138707e+01,2.147718e+01,2.133158e+01,2.120660e+01,2.118576e+01,2.133158e+01,2.132464e+01,2.124133e+01,2.134545e+01,2.121355e+01,2.119966e+01,2.126911e+01,2.120660e+01,2.119966e+01,2.117186e+01,2.115101e+01,2.112320e+01,2.117881e+01,2.117186e+01,2.117186e+01,2.099101e+01,2.119966e+01,2.122744e+01,2.122050e+01,2.109539e+01,2.122050e+01,2.117186e+01,2.113711e+01,2.108148e+01,2.120660e+01,2.114406e+01,2.116491e+01,2.133158e+01,2.114406e+01,2.128299e+01,2.121355e+01,2.119966e+01,2.115101e+01,2.122744e+01,2.128993e+01,2.131076e+01,2.132464e+01,2.128993e+01,2.133158e+01,2.127605e+01,2.127605e+01,2.133851e+01,2.149104e+01,2.138013e+01,2.115101e+01,2.126911e+01,2.131770e+01,2.131076e+01,2.135239e+01,2.135933e+01,2.135239e+01,2.138707e+01,2.147025e+01,2.137320e+01,2.144253e+01,2.146332e+01,2.146332e+01,2.147025e+01,2.147025e+01,2.147718e+01,2.145639e+01,2.142174e+01,2.140787e+01,2.151875e+01,2.140787e+01,2.136626e+01,2.139400e+01,2.145639e+01,2.132464e+01,2.138013e+01,2.138707e+01,2.138013e+01,2.151182e+01,2.133851e+01,2.140787e+01,2.137320e+01,2.132464e+01,2.144253e+01,2.130382e+01,2.135239e+01,2.152567e+01,2.143560e+01,2.136626e+01,2.131076e+01,2.124133e+01,2.122050e+01,2.131770e+01,2.124133e+01,2.138013e+01,2.138707e+01,2.132464e+01,2.135933e+01,2.119271e+01,2.124133e+01,2.128299e+01,2.124828e+01,2.131076e+01,2.130382e+01,2.106756e+01,2.134545e+01,2.115796e+01,2.118576e+01,2.109539e+01,2.114406e+01,2.138013e+01,2.093530e+01,2.130382e+01,2.112320e+01,2.121355e+01,2.110234e+01,2.105365e+01,2.106756e+01,2.102581e+01,2.097012e+01,2.102581e+01,2.100493e+01,2.114406e+01,2.106756e+01,2.096316e+01,2.092833e+01,2.104669e+01,2.107452e+01,2.095619e+01,2.094226e+01,2.111625e+01,2.098405e+01,2.103277e+01,2.111625e+01,2.110234e+01,2.114406e+01,2.090743e+01,2.101885e+01,2.090047e+01,2.119966e+01,2.119966e+01,2.105365e+01,2.103973e+01,2.099101e+01,2.094923e+01,2.107452e+01,2.106756e+01,2.106756e+01,2.112320e+01,2.109539e+01,2.106061e+01,2.108843e+01,2.109539e+01,2.109539e+01,2.103277e+01,2.116491e+01,2.106061e+01,2.100493e+01,2.101189e+01,2.106756e+01
2.194725e+01,2.184374e+01,2.196104e+01,2.183684e+01,2.193345e+01,2.194035e+01,2.197483e+01,2.185755e+01,2.193345e+01,2.193345e+01,2.193345e+01,2.206442e+01,2.180922e+01,2.191965e+01,2.186445e+01,2.180922e+01,2.178159e+01,2.174704e+01,2.191965e+01,2.191276e+01,2.185065e+01,2.185065e+01,2.186445e+01,2.180922e+01,2.178850e+01,2.194035e+01,2.169866e+01,2.167792e+01,2.180922e+01,2.180231e+01,2.164334e+01,2.167100e+01,2.160182e+01,2.162258e+01,2.167100e+01,2.167100e+01,2.167792e+01,2.169175e+01,2.173322e+01,2.168483e+01,2.165025e+01,2.180231e+01,2.166409e+01,2.167100e+01,2.169866e+01,2.171940e+01,2.166409e+01,2.154645e+01,2.167792e+01,2.177468e+01,2.169175e+01,2.171248e+01,2.162258e+01,2.162258e+01,2.167100e+01,2.164334e+01,2.167792e+01,2.171248e+01,2.172631e+01,2.178850e+01,2.173322e+01,2.161566e+01,2.168483e+01,2.174013e+01,2.164334e+01,2.174704e+01,2.165025e+01,2.164334e+01,2.165717e+01,2.177468e+01,2.183684e+01,2.182303e+01,2.180231e+01,2.170557e+01,2.176086e+01,2.175395e+01,2.177468e+01,2.176086e+01,2.180922e+01,2.172631e+01,2.176086e+01,2.189896e+01,2.176086e+01,2.160182e+01,2.191276e+01,2.175395e+01,2.182303e+01,2.176086e+01,2.180922e+01,2.172631e+01,2.198172e+01,2.191276e+01,2.175395e+01,2.185065e+01,2.185065e+01,2.196104e+01,2.196104e+01,2.181612e+01,2.194725e+01,2.198862e+01,2.185755e+01,2.187825e+01,2.191276e+01,2.189896e+01,2.189896e+01,2.178850e+01,2.172631e+01,2.184374e+01,2.184374e+01,2.176777e+01,2.188516e+01,2.182993e+01,2.187825e+01,2.185755e+01,2.185755e+01,2.187825e+01,2.192655e+01,2.194035e+01,2.195414e+01,2.205754e+01,2.192655e+01,2.200241e+01,2.211952e+01,2.208509e+01,2.210575e+01,2.235335e+01,2.250437e+01,2.254551e+01,2.255237e+01,2.263461e+01,2.273732e+01,2.306530e+01,2.301753e+01,2.308576e+01,2.337864e+01,2.358247e+01,2.371136e+01,2.394161e+01,2.394838e+01,2.435343e+01,2.427254e+01,2.437364e+01,2.444771e+01,2.450828e+01,2.462931e+01,2.459571e+01,2.483742e+01,2.505851e+01,2.495807e+01,2.526577e+01,2.518559e+01,2.520564e+01,2.554592e+01,2.557923e+01,2.576552e+01,2.574558e+01,2.599793e+01,2.601120e+01,2.601783e+01,2.624307e+01,2.624969e+01,2.629600e+01,2.626954e+01,2.633568e+01,2.624307e+01,2.611063e+01,2.599793e+01,2.588511e+01,2.555258e+01,2.494467e+01,2.425906e+01,2.334462e+01,2.207820e+01,2.190586e+01,2.208509e+01,2.305165e+01,2.344662e+01,2.426580e+01,2.487095e+01,2.473006e+01,2.529916e+01,2.550595e+01,2.573893e+01,2.563249e+01,2.572563e+01,2.589839e+01,2.572563e+01,2.579876e+01,2.592495e+01,2.564580e+01,2.535256e+01,2.526577e+01,2.485084e+01,2.435343e+01,2.356890e+01,2.327656e+01,2.274416e+01,2.227776e+01,2.190586e+01,2.163642e+01,2.160874e+01,2.160874e+01,2.144946e+01,2.165717e+01,2.158106e+01,2.153952e+01,2.151182e+01,2.128299e+01,2.142174e+01,2.150489e+01,2.147718e+01,2.142867e+01,2.151875e+01,2.144946e+01,2.147025e+01,2.148411e+01,2.146332e+01,2.151875e+01,2.153260e+01,2.149796e+01,2.149104e+01,2.147718e+01,2.149796e+01,2.135239e+01,2.144946e+01,2.150489e+01,2.146332e+01,2.142174e+01,2.144253e+01,2.145639e+01,2.144946e+01,2.152567e+01,2.157414e+01,2.149796e+01,2.142174e+01,2.150489e+01,2.162950e+01,2.160874e+01,2.157414e+01,2.158106e+01,2.156721e+01,2.156029e+01,2.167792e+01,2.156721e+01,2.156029e+01,2.158106e+01,2.149796e+01,2.158798e+01,2.152567e+01,2.148411e+01,2.158798e+01,2.147718e+01,2.160874e+01,2.151875e+01,2.147718e+01,2.153260e+01,2.158106e+01,2.157414e+01,2.157414e+01,2.156721e+01,2.149104e+01,2.153952e+01,2.153952e+01,2.156029e+01,2.154645e+01,2.162258e+01,2.169175e+01,2.152567e+01,2.170557e+01,2.155337e+01,2.162258e+01,2.166409e+01,2.174013e+01,2.172631e+01,2.164334e+01,2.160874e+01,2.165717e+01,2.160874e+01,2.157414e+01,2.163642e+01,2.164334e+01,2.164334e+01,2.165025e+01,2.167100e+01,2.162258e+01,2.158798e+01,2.161566e+01,2.167100e+01,2.165025e+01,2.166409e+01,2.158798e+01,2.158798e+01,2.165025e+01,2.156029e+01,2.159490e+01,2.156029e+01,2.151182e+01,2.149104e+01,2.148411e+01,2.162950e+01,2.158106e+01,2.147025e+01,2.156721e+01,2.156029e+01,2.151875e+01,2.152567e+01,2.149104e+01,2.151875e+01,2.147718e+01,2.157414e+01,2.151182e+01,2.144946e+01,2.144946e+01,2.142174e+01,2.144946e+01,2.138707e+01,2.150489e+01,2.134545e+01,2.144253e+01,2.135239e+01,2.147718e+01,2.140094e+01,2.125522e+01,2.131770e+01,2.125522e+01,2.129688e+01,2.135933e+01,2.133158e+01,2.133851e+01,2.131770e+01,2.135933e+01,2.134545e+01,2.135933e+01,2.136626e+01,2.121355e+01,2.133851e+01,2.137320e+01,2.138707e+01,2.128993e+01,2.131770e+01,2.118576e+01,2.127605e+01,2.119966e+01,2.121355e+01,2.119271e+01,2.126217e+01,2.134545e+01,2.126911e+01,2.128993e+01,2.129688e+01,2.128993e+01,2.120660e+01,2.129688e+01,2.130382e+01,2.121355e+01,2.122744e+01,2.122050e+01,2.124828e+01,2.129688e+01,2.128993e+01,2.133851e+01,2.122744e+01,2.128299e+01,2.124133e+01,2.110234e+01,2.124133e+01,2.108843e+01,2.108148e+01,2.110234e+01,2.110929e+01,2.114406e+01,2.111625e+01,2.103973e+01,2.110929e+01,2.109539e+01,2.113711e+01,2.104669e+01,2.105365e+01,2.116491e+01,2.115101e+01,2.114406e+01,2.110234e+01,2.106061e+01,2.090743e+01,2.106756e+01,2.108843e+01,2.083773e+01,2.083773e+01,2.101189e+01,2.092833e+01,2.100493e+01,2.089350e+01,2.083773e+01,2.087259e+01,2.090047e+01,2.104669e+01,2.085168e+01,2.080984e+01,2.088653e+01,2.099101e+01,2.087259e+01,2.082378e+01,2.082378e+01,2.101885e+01,2.085865e+01,2.090743e+01,2.089350e+01,2.113015e+01,2.089350e+01,2.098405e+01,2.097012e+01,2.113711e+01,2.117881e+01,2.118576e+01,2.135239e+01,2.153260e+01,2.136626e+01,2.141480e+01,2.170557e+01,2.182303e+01,2.179540e+01,2.189896e+01,2.190586e+01,2.212641e+01,2.211952e+01,2.223650e+01,2.227088e+01,2.226401e+01,2.220211e+01,2.216771e+01,2.214706e+01,2.210575e+01,2.205754e+01,2.202997e+01,2.187135e+01,2.200241e+01,2.183684e+01,2.187135e+01,2.175395e+01,2.183684e+01,2.191276e+01,2.187135e+01,2.187825e+01,2.186445e+01,2.171940e+01,2.185065e+01,2.176086e+01,2.168483e+01,2.162950e+01,2.180231e+01,2.174013e+01,2.174013e+01,2.155337e+01,2.167100e+01,2.171248e+01,2.165025e+01,2.167792e+01,2.145639e+01,2.158106e+01,2.163642e+01,2.156721e+01,2.140094e+01,2.158798e+01,2.149104e+01,2.145639e+01,2.156721e+01,2.144253e+01,2.151182e+01,2.156029e+01,2.157414e+01,2.151182e+01,2.143560e+01,2.145639e+01,2.147718e+01,2.144253e+01,2.148411e+01,2.151182e+01,2.130382e+01,2.122050e+01,2.122050e+01,2.139400e+01,2.125522e+01,2.126911e+01,2.133158e+01,2.131770e+01,2.133158e+01,2.122050e+01,2.132464e+01,2.121355e+01,2.118576e+01,2.119966e+01,2.126217e+01,2.127605e+01,2.123439e+01,2.119271e+01,2.124133e+01,2.117881e+01,2.115101e+01,2.118576e+01,2.117186e+01,2.117186e+01,2.103973e+01,2.115101e+01,2.122050e+01,2.114406e+01,2.111625e+01,2.108843e+01,2.110234e+01,2.114406e+01,2.114406e+01,2.113015e+01,2.110234e+01,2.117881e+01,2.117186e+01,2.114406e+01,2.128993e+01,2.115796e+01,2.119271e+01,2.119271e+01,2.118576e+01,2.119966e+01,2.127605e+01,2.131770e+01,2.129688e+01,2.128993e+01,2.131770e+01,2.147025e+01,2.135933e+01,2.140787e+01,2.138013e+01,2.131076e+01,2.138707e+01,2.144253e+01,2.147025e+01,2.131770e+01,2.141480e+01,2.137320e+01,2.138013e+01,2.140787e+01,2.140094e+01,2.142867e+01,2.144253e+01,2.146332e+01,2.147718e+01,2.142174e+01,2.151875e+01,2.141480e+01,2.146332e+01,2.141480e+01,2.134545e+01,2.141480e+01,2.135933e+01,2.148411e+01,2.141480e+01,2.140787e+01,2.136626e+01,2.124133e+01,2.136626e+01,2.143560e+01,2.142867e+01,2.142174e+01,2.153952e+01,2.126217e+01,2.131770e+01,2.117881e+01,2.133158e+01,2.135239e+01,2.126217e+01,2.138013e+01,2.136626e+01,2.122744e+01,2.143560e+01,2.120660e+01,2.126217e+01,2.135933e+01,2.120660e+01,2.138013e+01,2.126217e+01,2.131076e+01,2.131770e+01,2.109539e+01,2.115101e+01,2.110929e+01,2.118576e+01,2.126217e+01,2.127605e+01,2.110234e+01,2.125522e+01,2.126911e+01,2.101189e+01,2.091440e+01,2.108843e+01,2.123439e+01,2.093530e+01,2.099101e+01,2.106756e+01,2.099101e+01,2.100493e+01,2.098405e+01,2.101885e+01,2.112320e+01,2.090047e+01,2.098405e+01,2.087956e+01,2.107452e+01,2.096316e+01,2.099101e+01,2.106061e+01,2.106061e+01,2.099797e+01,2.100493e+01,2.103973e+01,2.102581e+01,2.101885e+01,2.108148e+01,2.096316e+01,2.097012e+01,2.094226e+01,2.106756e+01,2.103973e+01,2.103277e+01,2.122050e+01,2.087956e+01,2.099797e+01,2.097709e+01,2.099101e+01,2.124133e+01,2.103277e+01,2.122050e+01,2.106756e+01,2.103277e+01,2.108843e+01,2.105365e+01,2.103277e+01,2.113711e+01,2.087259e+01,2.113711e+01,2.101885e+01,2.101885e+01,2.108148e+01
2.184374e+01,2.183684e+01,2.201619e+01,2.185755e+01,2.198862e+01,2.177468e+01,2.187825e+01,2.196104e+01,2.196793e+01,2.187825e+01,2.192655e+01,2.191965e+01,2.189206e+01,2.194725e+01,2.183684e+01,2.196104e+01,2.187825e+01,2.182303e+01,2.187825e+01,2.185065e+01,2.178850e+01,2.178159e+01,2.186445e+01,2.184374e+01,2.189206e+01,2.175395e+01,2.178159e+01,2.165717e+01,2.175395e+01,2.165025e+01,2.167100e+01,2.182303e+01,2.180231e+01,2.160874e+01,2.167792e+01,2.165717e+01,2.172631e+01,2.182993e+01,2.175395e+01,2.176086e+01,2.175395e+01,2.174704e+01,2.172631e+01,2.168483e+01,2.166409e+01,2.169866e+01,2.171248e+01,2.167792e+01,2.163642e+01,2.180231e+01,2.175395e+01,2.169175e+01,2.162258e+01,2.180231e+01,2.175395e+01,2.172631e+01,2.171940e+01,2.174013e+01,2.177468e+01,2.180231e+01,2.153952e+01,2.156721e+01,2.170557e+01,2.169866e+01,2.169175e+01,2.171248e+01,2.171940e+01,2.172631e+01,2.176086e+01,2.175395e+01,2.176777e+01,2.180231e+01,2.163642e+01,2.178159e+01,2.176777e+01,2.171248e+01,2.188516e+01,2.178850e+01,2.174704e+01,2.176086e+01,2.178850e+01,2.189896e+01,2.176777e+01,2.167792e+01,2.168483e+01,2.176777e+01,2.176086e+01,2.171940e+01,2.190586e+01,2.201619e+01,2.185065e+01,2.187135e+01,2.187825e+01,2.199551e+01,2.194725e+01,2.180231e+01,2.180922e+01,2.180922e+01,2.198172e+01,2.197483e+01,2.174704e+01,2.174013e+01,2.178850e+01,2.178159e+01,2.187825e+01,2.188516e+01,2.191965e+01,2.178850e+01,2.178159e+01,2.176086e+01,2.178159e+01,2.180231e+01,2.182303e+01,2.187825e+01,2.178850e+01,2.177468e+01,2.189896e+01,2.194035e+01,2.187825e+01,2.180231e+01,2.194035e+01,2.188516e+01,2.196793e+01,2.208509e+01,2.210575e+01,2.229151e+01,2.216771e+01,2.249065e+01,2.260035e+01,2.247692e+01,2.276469e+01,2.288094e+01,2.314031e+01,2.312668e+01,2.342623e+01,2.362998e+01,2.360962e+01,2.385364e+01,2.391455e+01,2.398219e+01,2.427929e+01,2.427254e+01,2.458898e+01,2.456209e+01,2.464275e+01,2.467634e+01,2.462931e+01,2.489776e+01,2.495807e+01,2.495807e+01,2.529248e+01,2.543929e+01,2.543262e+01,2.553926e+01,2.556591e+01,2.575887e+01,2.597803e+01,2.600457e+01,2.617025e+01,2.620336e+01,2.615038e+01,2.630923e+01,2.630923e+01,2.625631e+01,2.632245e+01,2.632245e+01,2.610401e+01,2.610401e+01,2.586519e+01,2.571233e+01,2.555258e+01,2.522569e+01,2.493127e+01,2.456209e+01,2.458226e+01,2.514547e+01,2.531919e+01,2.567907e+01,2.601120e+01,2.601783e+01,2.592495e+01,2.628938e+01,2.620998e+01,2.632245e+01,2.630261e+01,2.627615e+01,2.626292e+01,2.607750e+01,2.591831e+01,2.584526e+01,2.560586e+01,2.538593e+01,2.503843e+01,2.480388e+01,2.405655e+01,2.354853e+01,2.277153e+01,2.233961e+01,2.194035e+01,2.169866e+01,2.167100e+01,2.165717e+01,2.164334e+01,2.146332e+01,2.148411e+01,2.144946e+01,2.153260e+01,2.151875e+01,2.153952e+01,2.142867e+01,2.148411e+01,2.155337e+01,2.140094e+01,2.156029e+01,2.130382e+01,2.153952e+01,2.144946e+01,2.151875e+01,2.140094e+01,2.146332e+01,2.153952e+01,2.135239e+01,2.152567e+01,2.146332e+01,2.174704e+01,2.145639e+01,2.144253e+01,2.148411e+01,2.147718e+01,2.146332e+01,2.149104e+01,2.147025e+01,2.147025e+01,2.155337e+01,2.148411e+01,2.145639e+01,2.149104e+01,2.158798e+01,2.159490e+01,2.151182e+01,2.155337e+01,2.150489e+01,2.158798e+01,2.156029e+01,2.157414e+01,2.154645e+01,2.158798e+01,2.151875e+01,2.140787e+01,2.158106e+01,2.150489e+01,2.149796e+01,2.162950e+01,2.163642e+01,2.162950e+01,2.160874e+01,2.153952e+01,2.150489e+01,2.151182e+01,2.147025e+01,2.164334e+01,2.153260e+01,2.161566e+01,2.167100e+01,2.153952e+01,2.153260e+01,2.166409e+01,2.162950e+01,2.155337e+01,2.173322e+01,2.144946e+01,2.171940e+01,2.156721e+01,2.158106e+01,2.164334e+01,2.164334e+01,2.155337e+01,2.152567e+01,2.162258e+01,2.162950e+01,2.155337e+01,2.168483e+01,2.154645e+01,2.153260e+01,2.154645e+01,2.156721e+01,2.162950e+01,2.151182e+01,2.154645e+01,2.157414e+01,2.147718e+01,2.159490e+01,2.156721e+01,2.150489e+01,2.163642e+01,2.155337e+01,2.154645e+01,2.148411e+01,2.160182e+01,2.158798e+01,2.156721e+01,2.145639e+01,2.156721e+01,2.153952e+01,2.155337e+01,2.160874e+01,2.151875e+01,2.148411e+01,2.158798e+01,2.141480e+01,2.133851e+01,2.146332e+01,2.140094e+01,2.134545e+01,2.133851e+01,2.138013e+01,2.140094e+01,2.123439e+01,2.144253e+01,2.132464e+01,2.148411e+01,2.138707e+01,2.131076e+01,2.139400e+01,2.133158e+01,2.131770e+01,2.133158e+01,2.140094e+01,2.135239e+01,2.136626e+01,2.137320e+01,2.129688e+01,2.125522e+01,2.137320e+01,2.119966e+01,2.125522e+01,2.120660e+01,2.134545e+01,2.126911e+01,2.127605e+01,2.131770e+01,2.132464e+01,2.135239e+01,2.132464e+01,2.124133e+01,2.110234e+01,2.133851e+01,2.124828e+01,2.123439e+01,2.124133e+01,2.128299e+01,2.128993e+01,2.128299e+01,2.126217e+01,2.117881e+01,2.114406e+01,2.138013e+01,2.115796e+01,2.126911e+01,2.131076e+01,2.122050e+01,2.118576e+01,2.117186e+01,2.114406e+01,2.115101e+01,2.113711e+01,2.110234e+01,2.107452e+01,2.113015e+01,2.110234e+01,2.108843e+01,2.107452e+01,2.108843e+01,2.108843e+01,2.100493e+01,2.101885e+01,2.111625e+01,2.101885e+01,2.113711e+01,2.103973e+01,2.103277e+01,2.089350e+01,2.092137e+01,2.110234e+01,2.106061e+01,2.096316e+01,2.106756e+01,2.087259e+01,2.101885e+01,2.099797e+01,2.097709e+01,2.094226e+01,2.100493e+01,2.094226e+01,2.109539e+01,2.085865e+01,2.093530e+01,2.080286e+01,2.088653e+01,2.083076e+01,2.087259e+01,2.089350e+01,2.090743e+01,2.088653e+01,2.089350e+01,2.085168e+01,2.088653e+01,2.091440e+01,2.108843e+01,2.104669e+01,2.103973e+01,2.126217e+01,2.114406e+01,2.135933e+01,2.129688e+01,2.138013e+01,2.138013e+01,2.147718e+01,2.151182e+01,2.167792e+01,2.179540e+01,2.178159e+01,2.208509e+01,2.199551e+01,2.209886e+01,2.202308e+01,2.197483e+01,2.214706e+01,2.209886e+01,2.215394e+01,2.207131e+01,2.203687e+01,2.203687e+01,2.184374e+01,2.205754e+01,2.193345e+01,2.184374e+01,2.184374e+01,2.174704e+01,2.188516e+01,2.187825e+01,2.194725e+01,2.191276e+01,2.180922e+01,2.175395e+01,2.178159e+01,2.175395e+01,2.188516e+01,2.179540e+01,2.180231e+01,2.177468e+01,2.169175e+01,2.163642e+01,2.156721e+01,2.172631e+01,2.171248e+01,2.173322e+01,2.167100e+01,2.138707e+01,2.153260e+01,2.136626e+01,2.148411e+01,2.153260e+01,2.152567e+01,2.149104e+01,2.147025e+01,2.169866e+01,2.160182e+01,2.152567e+01,2.158106e+01,2.153952e+01,2.142867e+01,2.146332e+01,2.143560e+01,2.149104e+01,2.143560e+01,2.142867e+01,2.144946e+01,2.135933e+01,2.137320e+01,2.128993e+01,2.135239e+01,2.131770e+01,2.131770e+01,2.149104e+01,2.124828e+01,2.110234e+01,2.127605e+01,2.123439e+01,2.122050e+01,2.128993e+01,2.120660e+01,2.117881e+01,2.124133e+01,2.120660e+01,2.115796e+01,2.122744e+01,2.123439e+01,2.115796e+01,2.116491e+01,2.117881e+01,2.117881e+01,2.105365e+01,2.106756e+01,2.110929e+01,2.113711e+01,2.109539e+01,2.113711e+01,2.108148e+01,2.119271e+01,2.118576e+01,2.103973e+01,2.117186e+01,2.112320e+01,2.111625e+01,2.119966e+01,2.114406e+01,2.108843e+01,2.116491e+01,2.117881e+01,2.132464e+01,2.122744e+01,2.136626e+01,2.133851e+01,2.135239e+01,2.128993e+01,2.138013e+01,2.117881e+01,2.130382e+01,2.141480e+01,2.136626e+01,2.148411e+01,2.135933e+01,2.140787e+01,2.135933e+01,2.124133e+01,2.134545e+01,2.151182e+01,2.130382e+01,2.138707e+01,2.130382e+01,2.136626e+01,2.146332e+01,2.143560e+01,2.146332e+01,2.140094e+01,2.144946e+01,2.143560e+01,2.133158e+01,2.146332e+01,2.153260e+01,2.143560e+01,2.140094e+01,2.145639e+01,2.121355e+01,2.145639e+01,2.142174e+01,2.133158e+01,2.140787e+01,2.134545e+01,2.142867e+01,2.137320e+01,2.128299e+01,2.138013e+01,2.141480e+01,2.128993e+01,2.134545e+01,2.138013e+01,2.139400e+01,2.133851e+01,2.119271e+01,2.135239e+01,2.123439e+01,2.129688e+01,2.128993e+01,2.134545e+01,2.129688e+01,2.129688e+01,2.132464e+01,2.135239e+01,2.124828e+01,2.142174e+01,2.128299e+01,2.116491e+01,2.113015e+01,2.124133e+01,2.122744e+01,2.115101e+01,2.112320e+01,2.113711e+01,2.110234e+01,2.102581e+01,2.100493e+01,2.103973e+01,2.101885e+01,2.109539e+01,2.096316e+01,2.110929e+01,2.067723e+01,2.109539e+01,2.104669e+01,2.093530e+01,2.098405e+01,2.099101e+01,2.101885e+01,2.081681e+01,2.095619e+01,2.103973e+01,2.092137e+01,2.100493e+01,2.096316e+01,2.093530e+01,2.101885e+01,2.101189e+01,2.097012e+01,2.106061e+01,2.095619e+01,2.103973e+01,2.103973e+01,2.086562e+01,2.097012e+01,2.101189e+01,2.101189e+01,2.098405e+01,2.093530e+01,2.099797e+01,2.102581e+01,2.119966e+01,2.105365e+01,2.102581e+01,2.104669e+01,2.103973e+01,2.103973e+01,2.115101e+01,2.101885e+01,2.107452e+01,2.111625e+01,2.095619e+01,2.084470e+01,2.108843e+01
2.191965e+01,2.196793e+01,2.185065e+01,2.188516e+01,2.187825e+01,2.185755e+01,2.180231e+01,2.187825e+01,2.174704e+01,2.184374e+01,2.194725e+01,2.191965e+01,2.186445e+01,2.185065e+01,2.180922e+01,2.182993e+01,2.180922e+01,2.183684e+01,2.182303e+01,2.175395e+01,2.184374e+01,2.178850e+01,2.193345e+01,2.176777e+01,2.176086e+01,2.171940e+01,2.185065e+01,2.174704e+01,2.164334e+01,2.162950e+01,2.169866e+01,2.184374e+01,2.170557e+01,2.159490e+01,2.165025e+01,2.176777e+01,2.169866e+01,2.173322e+01,2.171940e+01,2.174704e+01,2.189206e+01,2.171248e+01,2.167100e+01,2.174013e+01,2.172631e+01,2.178159e+01,2.180922e+01,2.167792e+01,2.175395e+01,2.174013e+01,2.173322e+01,2.183684e+01,2.177468e+01,2.171248e+01,2.165717e+01,2.175395e+01,2.174013e+01,2.170557e+01,2.155337e+01,2.171248e+01,2.174704e+01,2.174704e+01,2.180231e+01,2.161566e+01,2.162950e+01,2.178850e+01,2.173322e+01,2.169175e+01,2.169866e+01,2.165717e+01,2.171248e+01,2.180231e+01,2.177468e+01,2.168483e+01,2.188516e+01,2.182303e+01,2.172631e+01,2.174013e+01,2.165717e+01,2.202997e+01,2.153952e+01,2.181612e+01,2.182993e+01,2.177468e+01,2.162258e+01,2.189896e+01,2.174013e+01,2.173322e+01,2.174704e+01,2.187825e+01,2.183684e+01,2.182993e+01,2.191965e+01,2.184374e+01,2.177468e+01,2.179540e+01,2.197483e+01,2.196104e+01,2.182993e+01,2.186445e+01,2.194725e+01,2.185755e+01,2.189206e+01,2.179540e+01,2.166409e+01,2.188516e+01,2.187135e+01,2.190586e+01,2.192655e+01,2.184374e+01,2.178159e+01,2.182993e+01,2.182993e+01,2.182303e+01,2.185065e+01,2.172631e+01,2.185755e+01,2.176777e+01,2.192655e+01,2.195414e+01,2.189206e+01,2.195414e+01,2.201619e+01,2.209198e+01,2.212641e+01,2.227088e+01,2.242888e+01,2.269625e+01,2.247006e+01,2.263461e+01,2.266886e+01,2.288777e+01,2.296292e+01,2.313350e+01,2.327656e+01,2.346022e+01,2.365711e+01,2.385364e+01,2.389425e+01,2.397543e+01,2.419835e+01,2.425906e+01,2.436690e+01,2.426580e+01,2.466291e+01,2.468977e+01,2.475020e+01,2.479047e+01,2.481730e+01,2.488436e+01,2.513879e+01,2.509865e+01,2.523237e+01,2.541261e+01,2.555258e+01,2.570568e+01,2.576552e+01,2.615701e+01,2.619012e+01,2.619674e+01,2.624307e+01,2.626292e+01,2.635551e+01,2.633568e+01,2.644802e+01,2.652725e+01,2.631584e+01,2.630923e+01,2.630923e+01,2.594486e+01,2.601120e+01,2.590503e+01,2.587847e+01,2.585855e+01,2.585191e+01,2.615038e+01,2.619674e+01,2.615701e+01,2.632245e+01,2.652725e+01,2.634229e+01,2.666576e+01,2.659982e+01,2.658003e+01,2.654045e+01,2.658003e+01,2.646123e+01,2.638856e+01,2.630261e+01,2.610401e+01,2.582533e+01,2.562583e+01,2.505851e+01,2.465619e+01,2.407681e+01,2.355532e+01,2.300388e+01,2.249065e+01,2.210575e+01,2.185755e+01,2.167100e+01,2.161566e+01,2.161566e+01,2.151875e+01,2.155337e+01,2.158106e+01,2.151182e+01,2.158798e+01,2.150489e+01,2.147025e+01,2.139400e+01,2.155337e+01,2.158106e+01,2.145639e+01,2.144946e+01,2.146332e+01,2.147718e+01,2.147025e+01,2.151875e+01,2.134545e+01,2.145639e+01,2.144946e+01,2.149796e+01,2.148411e+01,2.136626e+01,2.151875e+01,2.145639e+01,2.147718e+01,2.139400e+01,2.147718e+01,2.143560e+01,2.138707e+01,2.158798e+01,2.147025e+01,2.147718e+01,2.162950e+01,2.160182e+01,2.163642e+01,2.153952e+01,2.150489e+01,2.151875e+01,2.151875e+01,2.160874e+01,2.154645e+01,2.149104e+01,2.156721e+01,2.150489e+01,2.158798e+01,2.156029e+01,2.151182e+01,2.151875e+01,2.154645e+01,2.138707e+01,2.156029e+01,2.156721e+01,2.165025e+01,2.151875e+01,2.154645e+01,2.151182e+01,2.148411e+01,2.155337e+01,2.160874e+01,2.155337e+01,2.158798e+01,2.149796e+01,2.156721e+01,2.167100e+01,2.171248e+01,2.143560e+01,2.157414e+01,2.140094e+01,2.162950e+01,2.147025e+01,2.148411e+01,2.164334e+01,2.153260e+01,2.151875e+01,2.162950e+01,2.155337e+01,2.161566e+01,2.160874e+01,2.165717e+01,2.160182e+01,2.158106e+01,2.162950e+01,2.162258e+01,2.168483e+01,2.167792e+01,2.157414e+01,2.162258e+01,2.164334e+01,2.154645e+01,2.149104e+01,2.159490e+01,2.152567e+01,2.137320e+01,2.153952e+01,2.152567e+01,2.152567e+01,2.153952e+01,2.154645e+01,2.147025e+01,2.156029e+01,2.156029e+01,2.147025e+01,2.149104e+01,2.156721e+01,2.146332e+01,2.149104e+01,2.147025e+01,2.148411e+01,2.150489e+01,2.131770e+01,2.132464e+01,2.131076e+01,2.133851e+01,2.131770e+01,2.133158e+01,2.132464e+01,2.144253e+01,2.131770e+01,2.130382e+01,2.135239e+01,2.131770e+01,2.132464e+01,2.131770e+01,2.130382e+01,2.124133e+01,2.135933e+01,2.124828e+01,2.134545e+01,2.117881e+01,2.113015e+01,2.130382e+01,2.133851e+01,2.117186e+01,2.108843e+01,2.108148e+01,2.126911e+01,2.124828e+01,2.127605e+01,2.110929e+01,2.111625e+01,2.120660e+01,2.131770e+01,2.120660e+01,2.124828e+01,2.126911e+01,2.133851e+01,2.128299e+01,2.127605e+01,2.127605e+01,2.128993e+01,2.125522e+01,2.130382e+01,2.120660e+01,2.119966e+01,2.103277e+01,2.118576e+01,2.124828e+01,2.125522e+01,2.113711e+01,2.120660e+01,2.104669e+01,2.111625e+01,2.110929e+01,2.105365e+01,2.106756e+01,2.111625e+01,2.103277e+01,2.108843e+01,2.106756e+01,2.110234e+01,2.097709e+01,2.097709e+01,2.110234e+01,2.102581e+01,2.102581e+01,2.106756e+01,2.111625e+01,2.106061e+01,2.099797e+01,2.099797e+01,2.092833e+01,2.094923e+01,2.093530e+01,2.104669e+01,2.089350e+01,2.085865e+01,2.091440e+01,2.101885e+01,2.105365e+01,2.117881e+01,2.089350e+01,2.093530e+01,2.085865e+01,2.084470e+01,2.074705e+01,2.085168e+01,2.087259e+01,2.081681e+01,2.085865e+01,2.083773e+01,2.074007e+01,2.080286e+01,2.099797e+01,2.101885e+01,2.093530e+01,2.092137e+01,2.106061e+01,2.103973e+01,2.125522e+01,2.116491e+01,2.115796e+01,2.126911e+01,2.136626e+01,2.147025e+01,2.150489e+01,2.154645e+01,2.173322e+01,2.182993e+01,2.183684e+01,2.213329e+01,2.197483e+01,2.196793e+01,2.200241e+01,2.207131e+01,2.219523e+01,2.210575e+01,2.203687e+01,2.204376e+01,2.201619e+01,2.187825e+01,2.194725e+01,2.202997e+01,2.185065e+01,2.180231e+01,2.180922e+01,2.185065e+01,2.178159e+01,2.186445e+01,2.195414e+01,2.192655e+01,2.185755e+01,2.175395e+01,2.174704e+01,2.190586e+01,2.178850e+01,2.174704e+01,2.176777e+01,2.178850e+01,2.173322e+01,2.167100e+01,2.171940e+01,2.147718e+01,2.148411e+01,2.154645e+01,2.171248e+01,2.162258e+01,2.149104e+01,2.161566e+01,2.162950e+01,2.147718e+01,2.156029e+01,2.147718e+01,2.162258e+01,2.144253e+01,2.144946e+01,2.143560e+01,2.140787e+01,2.142174e+01,2.153952e+01,2.147025e+01,2.156721e+01,2.143560e+01,2.145639e+01,2.137320e+01,2.147718e+01,2.148411e+01,2.136626e+01,2.143560e+01,2.132464e+01,2.133158e+01,2.131770e+01,2.131770e+01,2.129688e+01,2.132464e+01,2.130382e+01,2.115101e+01,2.115796e+01,2.128299e+01,2.126217e+01,2.115796e+01,2.124133e+01,2.113015e+01,2.122744e+01,2.122050e+01,2.117881e+01,2.103973e+01,2.109539e+01,2.111625e+01,2.107452e+01,2.109539e+01,2.117186e+01,2.106061e+01,2.117186e+01,2.115101e+01,2.115796e+01,2.120660e+01,2.115796e+01,2.116491e+01,2.121355e+01,2.117186e+01,2.115101e+01,2.117881e+01,2.117881e+01,2.115796e+01,2.103277e+01,2.113015e+01,2.111625e+01,2.111625e+01,2.131076e+01,2.115101e+01,2.131076e+01,2.117186e+01,2.126217e+01,2.126217e+01,2.128299e+01,2.132464e+01,2.131770e+01,2.124133e+01,2.129688e+01,2.128993e+01,2.129688e+01,2.131076e+01,2.131770e+01,2.142174e+01,2.133851e+01,2.136626e+01,2.140787e+01,2.131770e+01,2.135933e+01,2.147025e+01,2.131770e+01,2.135933e+01,2.130382e+01,2.140787e+01,2.138707e+01,2.140094e+01,2.132464e+01,2.144946e+01,2.141480e+01,2.139400e+01,2.122744e+01,2.140787e+01,2.138707e+01,2.124133e+01,2.133851e+01,2.129688e+01,2.133158e+01,2.141480e+01,2.140094e+01,2.137320e+01,2.129688e+01,2.133851e+01,2.131076e+01,2.135239e+01,2.136626e+01,2.135933e+01,2.138013e+01,2.124133e+01,2.131076e+01,2.124828e+01,2.135239e+01,2.134545e+01,2.136626e+01,2.113711e+01,2.131770e+01,2.135239e+01,2.125522e+01,2.111625e+01,2.136626e+01,2.126911e+01,2.113015e+01,2.125522e+01,2.115101e+01,2.117186e+01,2.118576e+01,2.117186e+01,2.115796e+01,2.107452e+01,2.105365e+01,2.109539e+01,2.098405e+01,2.098405e+01,2.103277e+01,2.089350e+01,2.092833e+01,2.094226e+01,2.103973e+01,2.077496e+01,2.101189e+01,2.102581e+01,2.100493e+01,2.099101e+01,2.102581e+01,2.084470e+01,2.083773e+01,2.083076e+01,2.084470e+01,2.094226e+01,2.087259e+01,2.104669e+01,2.094226e+01,2.104669e+01,2.103277e+01,2.091440e+01,2.085865e+01,2.106061e+01,2.106756e+01,2.103277e+01,2.103973e+01,2.094226e+01,2.103973e+01,2.103277e+01,2.098405e+01,2.105365e+01,2.098405e+01,2.105365e+01,2.097709e+01,2.103277e+01,2.108148e+01,2.102581e+01,2.103973e+01,2.107452e+01,2.106061e+01,2.110234e+01,2.086562e+01,2.104669e+01,2.106061e+01
2.189206e+01,2.194035e+01,2.194035e+01,2.183684e+01,2.180231e+01,2.181612e+01,2.189896e+01,2.180922e+01,2.182303e+01,2.192655e+01,2.195414e+01,2.188516e+01,2.176777e+01,2.198862e+01,2.185755e+01,2.183684e+01,2.186445e+01,2.190586e+01,2.187135e+01,2.174013e+01,2.183684e+01,2.176777e+01,2.179540e+01,2.190586e+01,2.175395e+01,2.172631e+01,2.174013e+01,2.173322e+01,2.160874e+01,2.182303e+01,2.161566e+01,2.165025e+01,2.184374e+01,2.166409e+01,2.174013e+01,2.187135e+01,2.176086e+01,2.169866e+01,2.175395e+01,2.176086e+01,2.174704e+01,2.177468e+01,2.175395e+01,2.176086e+01,2.180231e+01,2.169175e+01,2.167100e+01,2.176777e+01,2.156721e+01,2.169866e+01,2.168483e+01,2.166409e+01,2.176086e+01,2.169866e+01,2.177468e+01,2.172631e+01,2.187135e+01,2.180231e+01,2.160182e+01,2.167792e+01,2.167100e+01,2.172631e+01,2.170557e+01,2.171940e+01,2.174013e+01,2.169866e+01,2.168483e+01,2.171940e+01,2.194035e+01,2.170557e+01,2.174704e+01,2.174013e+01,2.176086e+01,2.167792e+01,2.175395e+01,2.170557e+01,2.171248e+01,2.184374e+01,2.170557e+01,2.200930e+01,2.179540e+01,2.165717e+01,2.162950e+01,2.178159e+01,2.171940e+01,2.167792e+01,2.167100e+01,2.176777e+01,2.181612e+01,2.190586e+01,2.198862e+01,2.185065e+01,2.186445e+01,2.191965e+01,2.194725e+01,2.187135e+01,2.184374e+01,2.183684e+01,2.196793e+01,2.194035e+01,2.186445e+01,2.185065e+01,2.182303e+01,2.185755e+01,2.187825e+01,2.185065e+01,2.187135e+01,2.189206e+01,2.181612e+01,2.183684e+01,2.177468e+01,2.179540e+01,2.184374e+01,2.187135e+01,2.185065e+01,2.186445e+01,2.184374e+01,2.176777e+01,2.170557e+01,2.193345e+01,2.193345e+01,2.202308e+01,2.207131e+01,2.200930e+01,2.209886e+01,2.227776e+01,2.219523e+01,2.244261e+01,2.255923e+01,2.260035e+01,2.262776e+01,2.282625e+01,2.299706e+01,2.292194e+01,2.330379e+01,2.335823e+01,2.342623e+01,2.375881e+01,2.366390e+01,2.396190e+01,2.410383e+01,2.423208e+01,2.425231e+01,2.420509e+01,2.442078e+01,2.454192e+01,2.463603e+01,2.475020e+01,2.472335e+01,2.481730e+01,2.485084e+01,2.525241e+01,2.535256e+01,2.532586e+01,2.553260e+01,2.553926e+01,2.570568e+01,2.573893e+01,2.593158e+01,2.625631e+01,2.613713e+01,2.613051e+01,2.632907e+01,2.623645e+01,2.632907e+01,2.640838e+01,2.654705e+01,2.648764e+01,2.631584e+01,2.628938e+01,2.631584e+01,2.631584e+01,2.634890e+01,2.635551e+01,2.638195e+01,2.654045e+01,2.654045e+01,2.680408e+01,2.683699e+01,2.668553e+01,2.683041e+01,2.676458e+01,2.683041e+01,2.675141e+01,2.675800e+01,2.670530e+01,2.659323e+01,2.642160e+01,2.611726e+01,2.603109e+01,2.579876e+01,2.562583e+01,2.534589e+01,2.488436e+01,2.433995e+01,2.370458e+01,2.320165e+01,2.244948e+01,2.219523e+01,2.182993e+01,2.171248e+01,2.156029e+01,2.168483e+01,2.163642e+01,2.153952e+01,2.147718e+01,2.148411e+01,2.147718e+01,2.140094e+01,2.137320e+01,2.156029e+01,2.147718e+01,2.133158e+01,2.154645e+01,2.150489e+01,2.145639e+01,2.134545e+01,2.148411e+01,2.141480e+01,2.155337e+01,2.134545e+01,2.144946e+01,2.147025e+01,2.134545e+01,2.142867e+01,2.146332e+01,2.147025e+01,2.147025e+01,2.142174e+01,2.144946e+01,2.143560e+01,2.150489e+01,2.139400e+01,2.139400e+01,2.153952e+01,2.164334e+01,2.147718e+01,2.156721e+01,2.152567e+01,2.158106e+01,2.149104e+01,2.156029e+01,2.155337e+01,2.152567e+01,2.156721e+01,2.156721e+01,2.140787e+01,2.147718e+01,2.156721e+01,2.132464e+01,2.151875e+01,2.144253e+01,2.134545e+01,2.158798e+01,2.152567e+01,2.151875e+01,2.146332e+01,2.149796e+01,2.159490e+01,2.147025e+01,2.142174e+01,2.161566e+01,2.148411e+01,2.153952e+01,2.172631e+01,2.154645e+01,2.163642e+01,2.165717e+01,2.154645e+01,2.154645e+01,2.161566e+01,2.158106e+01,2.156029e+01,2.157414e+01,2.164334e+01,2.162258e+01,2.158106e+01,2.160874e+01,2.158106e+01,2.149796e+01,2.168483e+01,2.154645e+01,2.158798e+01,2.165717e+01,2.157414e+01,2.167792e+01,2.157414e+01,2.171940e+01,2.159490e+01,2.152567e+01,2.162258e+01,2.157414e+01,2.157414e+01,2.155337e+01,2.155337e+01,2.152567e+01,2.153260e+01,2.149796e+01,2.149796e+01,2.149796e+01,2.138013e+01,2.153260e+01,2.153260e+01,2.153260e+01,2.153260e+01,2.153952e+01,2.147718e+01,2.137320e+01,2.138707e+01,2.147025e+01,2.131076e+01,2.131770e+01,2.131770e+01,2.131076e+01,2.131076e+01,2.133158e+01,2.136626e+01,2.130382e+01,2.135239e+01,2.112320e+01,2.138013e+01,2.120660e+01,2.125522e+01,2.132464e+01,2.133158e+01,2.130382e+01,2.128993e+01,2.116491e+01,2.130382e+01,2.109539e+01,2.126911e+01,2.105365e+01,2.122050e+01,2.131076e+01,2.102581e+01,2.113711e+01,2.122050e+01,2.109539e+01,2.122050e+01,2.122050e+01,2.125522e+01,2.125522e+01,2.115796e+01,2.129688e+01,2.128299e+01,2.126217e+01,2.123439e+01,2.120660e+01,2.124828e+01,2.123439e+01,2.123439e+01,2.116491e+01,2.117186e+01,2.122744e+01,2.126911e+01,2.120660e+01,2.130382e+01,2.124133e+01,2.122744e+01,2.110234e+01,2.121355e+01,2.110234e+01,2.114406e+01,2.113015e+01,2.114406e+01,2.110929e+01,2.111625e+01,2.112320e+01,2.106756e+01,2.108148e+01,2.103973e+01,2.108843e+01,2.096316e+01,2.099797e+01,2.108148e+01,2.101885e+01,2.094226e+01,2.106756e+01,2.115101e+01,2.115101e+01,2.096316e+01,2.092137e+01,2.090047e+01,2.089350e+01,2.094226e+01,2.106756e+01,2.110234e+01,2.086562e+01,2.092833e+01,2.086562e+01,2.086562e+01,2.087956e+01,2.083076e+01,2.090047e+01,2.093530e+01,2.079589e+01,2.083076e+01,2.082378e+01,2.084470e+01,2.084470e+01,2.083076e+01,2.103973e+01,2.079589e+01,2.078193e+01,2.086562e+01,2.082378e+01,2.092137e+01,2.080984e+01,2.094923e+01,2.106061e+01,2.119966e+01,2.113015e+01,2.107452e+01,2.125522e+01,2.128299e+01,2.140787e+01,2.152567e+01,2.142867e+01,2.156029e+01,2.153952e+01,2.165025e+01,2.173322e+01,2.197483e+01,2.199551e+01,2.203687e+01,2.196104e+01,2.191276e+01,2.203687e+01,2.209886e+01,2.200241e+01,2.204376e+01,2.207820e+01,2.204376e+01,2.187135e+01,2.183684e+01,2.185065e+01,2.182993e+01,2.174704e+01,2.174013e+01,2.176086e+01,2.185755e+01,2.182993e+01,2.170557e+01,2.184374e+01,2.194035e+01,2.191276e+01,2.172631e+01,2.172631e+01,2.175395e+01,2.171248e+01,2.165717e+01,2.171248e+01,2.160182e+01,2.163642e+01,2.169175e+01,2.165025e+01,2.157414e+01,2.152567e+01,2.162950e+01,2.153260e+01,2.167100e+01,2.144946e+01,2.150489e+01,2.149104e+01,2.159490e+01,2.164334e+01,2.153952e+01,2.157414e+01,2.140094e+01,2.148411e+01,2.146332e+01,2.153260e+01,2.147025e+01,2.142174e+01,2.149104e+01,2.146332e+01,2.150489e+01,2.144253e+01,2.150489e+01,2.132464e+01,2.149104e+01,2.128299e+01,2.129688e+01,2.128299e+01,2.111625e+01,2.131076e+01,2.124133e+01,2.120660e+01,2.119271e+01,2.115796e+01,2.123439e+01,2.119966e+01,2.122744e+01,2.117186e+01,2.107452e+01,2.116491e+01,2.131076e+01,2.109539e+01,2.115796e+01,2.117881e+01,2.104669e+01,2.127605e+01,2.120660e+01,2.119966e+01,2.117186e+01,2.116491e+01,2.127605e+01,2.113711e+01,2.110929e+01,2.119271e+01,2.115101e+01,2.119966e+01,2.113015e+01,2.117186e+01,2.109539e+01,2.105365e+01,2.117186e+01,2.109539e+01,2.110929e+01,2.117881e+01,2.125522e+01,2.114406e+01,2.115101e+01,2.123439e+01,2.121355e+01,2.135239e+01,2.112320e+01,2.131770e+01,2.124133e+01,2.122744e+01,2.128993e+01,2.135239e+01,2.135239e+01,2.124133e+01,2.128993e+01,2.127605e+01,2.126217e+01,2.129688e+01,2.116491e+01,2.134545e+01,2.131076e+01,2.139400e+01,2.149796e+01,2.156029e+01,2.138013e+01,2.138013e+01,2.125522e+01,2.137320e+01,2.143560e+01,2.152567e+01,2.136626e+01,2.140094e+01,2.140094e+01,2.131770e+01,2.124828e+01,2.128993e+01,2.128299e+01,2.142867e+01,2.140094e+01,2.131770e+01,2.131770e+01,2.133158e+01,2.124133e+01,2.129688e+01,2.143560e+01,2.117186e+01,2.133158e+01,2.115796e+01,2.131770e+01,2.142174e+01,2.128299e+01,2.122050e+01,2.125522e+01,2.112320e+01,2.126217e+01,2.136626e+01,2.132464e+01,2.124133e+01,2.110929e+01,2.142867e+01,2.130382e+01,2.126217e+01,2.113711e+01,2.131770e+01,2.117186e+01,2.106061e+01,2.116491e+01,2.113711e+01,2.092137e+01,2.083076e+01,2.107452e+01,2.101885e+01,2.099101e+01,2.103277e+01,2.092137e+01,2.098405e+01,2.097709e+01,2.094923e+01,2.097012e+01,2.097709e+01,2.099797e+01,2.100493e+01,2.097012e+01,2.080286e+01,2.097709e+01,2.097709e+01,2.083076e+01,2.098405e+01,2.101885e+01,2.102581e+01,2.086562e+01,2.090047e+01,2.100493e+01,2.098405e+01,2.095619e+01,2.093530e+01,2.091440e+01,2.102581e+01,2.089350e+01,2.095619e+01,2.103973e+01,2.097012e+01,2.101189e+01,2.102581e+01,2.096316e+01,2.101885e+01,2.117186e+01,2.074007e+01,2.099101e+01,2.093530e+01,2.083773e+01,2.100493e+01,2.100493e+01,2.100493e+01,2.102581e+01,2.085865e+01,2.083773e+01,2.097709e+01,2.084470e+01,2.106061e+01
2.194035e+01,2.195414e+01,2.199551e+01,2.196793e+01,2.189896e+01,2.182303e+01,2.184374e+01,2.197483e+01,2.191965e+01,2.180922e+01,2.197483e+01,2.185065e+01,2.187135e+01,2.189896e+01,2.185755e+01,2.187825e+01,2.185755e+01,2.187825e+01,2.178159e+01,2.184374e+01,2.178850e+01,2.176777e+01,2.176777e+01,2.185755e+01,2.189896e+01,2.175395e+01,2.178850e+01,2.173322e+01,2.184374e+01,2.173322e+01,2.174013e+01,2.173322e+01,2.175395e+01,2.174704e+01,2.195414e+01,2.169175e+01,2.175395e+01,2.190586e+01,2.171248e+01,2.176777e+01,2.181612e+01,2.175395e+01,2.172631e+01,2.189896e+01,2.162258e+01,2.162258e+01,2.172631e+01,2.156721e+01,2.174704e+01,2.173322e+01,2.182993e+01,2.170557e+01,2.167792e+01,2.169866e+01,2.172631e+01,2.177468e+01,2.174013e+01,2.169175e+01,2.171248e+01,2.168483e+01,2.165025e+01,2.169866e+01,2.171940e+01,2.185065e+01,2.173322e+01,2.169866e+01,2.170557e+01,2.169866e+01,2.171940e+01,2.176777e+01,2.170557e+01,2.179540e+01,2.171248e+01,2.166409e+01,2.174013e+01,2.178850e+01,2.175395e+01,2.171248e+01,2.171248e+01,2.166409e+01,2.181612e+01,2.172631e+01,2.180231e+01,2.171248e+01,2.164334e+01,2.173322e+01,2.170557e+01,2.170557e+01,2.179540e+01,2.180231e+01,2.188516e+01,2.190586e+01,2.185065e+01,2.192655e+01,2.197483e+01,2.194725e+01,2.180922e+01,2.191276e+01,2.182993e+01,2.180922e+01,2.178159e+01,2.186445e+01,2.184374e+01,2.182303e+01,2.181612e+01,2.190586e+01,2.180231e+01,2.185755e+01,2.185065e+01,2.180231e+01,2.180231e+01,2.179540e+01,2.180922e+01,2.184374e+01,2.196104e+01,2.193345e+01,2.191965e+01,2.191965e+01,2.190586e+01,2.191276e+01,2.191276e+01,2.198862e+01,2.209886e+01,2.197483e+01,2.216082e+01,2.226401e+01,2.229838e+01,2.239456e+01,2.224338e+01,2.275101e+01,2.280573e+01,2.259350e+01,2.281941e+01,2.284676e+01,2.323571e+01,2.326295e+01,2.338544e+01,2.371136e+01,2.367746e+01,2.390778e+01,2.396867e+01,2.407681e+01,2.407006e+01,2.423882e+01,2.428603e+01,2.436017e+01,2.456881e+01,2.483072e+01,2.477705e+01,2.473677e+01,2.505851e+01,2.517222e+01,2.525241e+01,2.523905e+01,2.545929e+01,2.553926e+01,2.556591e+01,2.573893e+01,2.581869e+01,2.592495e+01,2.590503e+01,2.622322e+01,2.624307e+01,2.647444e+01,2.642160e+01,2.654705e+01,2.654705e+01,2.656024e+01,2.656024e+01,2.671189e+01,2.660642e+01,2.658003e+01,2.669212e+01,2.670530e+01,2.669871e+01,2.682383e+01,2.685015e+01,2.682383e+01,2.679092e+01,2.704737e+01,2.700138e+01,2.686331e+01,2.700796e+01,2.675141e+01,2.673165e+01,2.681725e+01,2.675141e+01,2.652725e+01,2.634229e+01,2.613713e+01,2.614376e+01,2.573228e+01,2.533921e+01,2.511872e+01,2.464947e+01,2.388748e+01,2.340584e+01,2.272363e+01,2.229151e+01,2.176086e+01,2.181612e+01,2.161566e+01,2.162950e+01,2.149104e+01,2.148411e+01,2.151182e+01,2.148411e+01,2.144253e+01,2.150489e+01,2.145639e+01,2.140094e+01,2.135933e+01,2.151875e+01,2.151875e+01,2.147718e+01,2.143560e+01,2.147025e+01,2.138707e+01,2.144946e+01,2.138013e+01,2.146332e+01,2.131076e+01,2.138013e+01,2.136626e+01,2.138013e+01,2.142174e+01,2.141480e+01,2.140787e+01,2.137320e+01,2.149796e+01,2.142867e+01,2.139400e+01,2.139400e+01,2.155337e+01,2.148411e+01,2.151875e+01,2.152567e+01,2.156029e+01,2.156029e+01,2.156029e+01,2.166409e+01,2.162950e+01,2.150489e+01,2.155337e+01,2.153260e+01,2.156721e+01,2.158106e+01,2.155337e+01,2.151875e+01,2.151182e+01,2.157414e+01,2.158106e+01,2.154645e+01,2.152567e+01,2.151875e+01,2.154645e+01,2.158106e+01,2.144253e+01,2.160874e+01,2.157414e+01,2.146332e+01,2.136626e+01,2.148411e+01,2.150489e+01,2.159490e+01,2.155337e+01,2.156721e+01,2.160182e+01,2.149104e+01,2.161566e+01,2.156721e+01,2.154645e+01,2.158106e+01,2.158106e+01,2.161566e+01,2.154645e+01,2.162950e+01,2.156029e+01,2.155337e+01,2.155337e+01,2.154645e+01,2.157414e+01,2.156721e+01,2.160874e+01,2.172631e+01,2.150489e+01,2.149104e+01,2.154645e+01,2.154645e+01,2.152567e+01,2.157414e+01,2.145639e+01,2.155337e+01,2.153260e+01,2.152567e+01,2.153952e+01,2.138707e+01,2.151875e+01,2.152567e+01,2.152567e+01,2.144253e+01,2.151875e+01,2.151182e+01,2.153952e+01,2.151182e+01,2.134545e+01,2.133158e+01,2.142867e+01,2.133158e+01,2.139400e+01,2.133158e+01,2.131770e+01,2.119271e+01,2.133158e+01,2.130382e+01,2.127605e+01,2.130382e+01,2.135239e+01,2.130382e+01,2.138707e+01,2.140094e+01,2.132464e+01,2.125522e+01,2.138707e+01,2.132464e+01,2.131770e+01,2.120660e+01,2.131076e+01,2.119271e+01,2.116491e+01,2.115796e+01,2.124133e+01,2.119966e+01,2.114406e+01,2.116491e+01,2.120660e+01,2.123439e+01,2.113711e+01,2.126217e+01,2.115101e+01,2.127605e+01,2.120660e+01,2.116491e+01,2.120660e+01,2.123439e+01,2.127605e+01,2.119271e+01,2.122050e+01,2.116491e+01,2.128299e+01,2.124828e+01,2.126217e+01,2.120660e+01,2.107452e+01,2.129688e+01,2.106756e+01,2.111625e+01,2.128993e+01,2.108843e+01,2.110929e+01,2.102581e+01,2.119271e+01,2.110929e+01,2.113711e+01,2.111625e+01,2.112320e+01,2.112320e+01,2.109539e+01,2.097012e+01,2.099101e+01,2.092137e+01,2.106756e+01,2.102581e+01,2.105365e+01,2.094226e+01,2.106756e+01,2.107452e+01,2.115796e+01,2.101885e+01,2.113711e+01,2.092833e+01,2.097012e+01,2.090047e+01,2.095619e+01,2.093530e+01,2.106756e+01,2.078891e+01,2.090047e+01,2.094923e+01,2.090047e+01,2.089350e+01,2.086562e+01,2.085168e+01,2.087956e+01,2.078193e+01,2.078193e+01,2.091440e+01,2.081681e+01,2.085168e+01,2.077496e+01,2.085168e+01,2.090047e+01,2.083076e+01,2.086562e+01,2.091440e+01,2.078891e+01,2.094923e+01,2.094923e+01,2.106756e+01,2.111625e+01,2.107452e+01,2.115796e+01,2.122744e+01,2.127605e+01,2.126217e+01,2.134545e+01,2.129688e+01,2.152567e+01,2.153952e+01,2.152567e+01,2.177468e+01,2.174013e+01,2.197483e+01,2.202997e+01,2.209886e+01,2.216771e+01,2.200930e+01,2.207131e+01,2.208509e+01,2.192655e+01,2.194035e+01,2.193345e+01,2.195414e+01,2.190586e+01,2.183684e+01,2.176086e+01,2.185065e+01,2.188516e+01,2.171248e+01,2.189896e+01,2.185065e+01,2.196793e+01,2.191276e+01,2.183684e+01,2.179540e+01,2.171940e+01,2.194035e+01,2.174013e+01,2.182303e+01,2.171940e+01,2.173322e+01,2.155337e+01,2.167100e+01,2.169866e+01,2.163642e+01,2.160874e+01,2.159490e+01,2.158798e+01,2.169866e+01,2.156721e+01,2.147025e+01,2.133158e+01,2.147025e+01,2.150489e+01,2.153260e+01,2.151875e+01,2.152567e+01,2.138013e+01,2.147025e+01,2.144946e+01,2.150489e+01,2.143560e+01,2.147718e+01,2.155337e+01,2.153952e+01,2.142867e+01,2.138707e+01,2.130382e+01,2.139400e+01,2.150489e+01,2.135239e+01,2.157414e+01,2.124133e+01,2.129688e+01,2.131076e+01,2.138013e+01,2.132464e+01,2.126911e+01,2.114406e+01,2.113711e+01,2.128299e+01,2.124828e+01,2.110929e+01,2.113015e+01,2.113015e+01,2.116491e+01,2.117881e+01,2.113015e+01,2.124133e+01,2.095619e+01,2.112320e+01,2.118576e+01,2.101885e+01,2.115101e+01,2.103277e+01,2.115101e+01,2.114406e+01,2.119271e+01,2.101189e+01,2.116491e+01,2.108148e+01,2.113015e+01,2.114406e+01,2.109539e+01,2.113015e+01,2.119966e+01,2.106756e+01,2.114406e+01,2.106756e+01,2.110234e+01,2.115101e+01,2.110929e+01,2.120660e+01,2.120660e+01,2.121355e+01,2.122744e+01,2.124828e+01,2.121355e+01,2.122050e+01,2.132464e+01,2.119966e+01,2.126217e+01,2.125522e+01,2.132464e+01,2.128299e+01,2.126217e+01,2.140787e+01,2.140094e+01,2.130382e+01,2.140787e+01,2.126217e+01,2.130382e+01,2.138013e+01,2.130382e+01,2.148411e+01,2.147025e+01,2.142867e+01,2.138013e+01,2.138013e+01,2.140094e+01,2.140787e+01,2.141480e+01,2.138013e+01,2.138013e+01,2.122744e+01,2.142867e+01,2.126911e+01,2.128993e+01,2.131076e+01,2.127605e+01,2.121355e+01,2.148411e+01,2.126217e+01,2.138707e+01,2.138013e+01,2.134545e+01,2.137320e+01,2.131770e+01,2.133851e+01,2.131076e+01,2.128993e+01,2.134545e+01,2.125522e+01,2.128299e+01,2.139400e+01,2.126217e+01,2.131076e+01,2.125522e+01,2.133158e+01,2.134545e+01,2.111625e+01,2.111625e+01,2.113015e+01,2.105365e+01,2.113015e+01,2.105365e+01,2.108843e+01,2.085168e+01,2.107452e+01,2.093530e+01,2.097709e+01,2.097709e+01,2.108148e+01,2.101885e+01,2.106061e+01,2.094923e+01,2.092833e+01,2.087259e+01,2.101189e+01,2.098405e+01,2.079589e+01,2.097709e+01,2.098405e+01,2.083076e+01,2.093530e+01,2.084470e+01,2.095619e+01,2.092833e+01,2.094226e+01,2.085865e+01,2.102581e+01,2.085168e+01,2.090047e+01,2.108843e+01,2.087956e+01,2.090047e+01,2.087259e+01,2.083773e+01,2.094226e+01,2.090047e+01,2.105365e+01,2.088653e+01,2.088653e+01,2.094226e+01,2.079589e+01,2.101189e+01,2.094923e+01,2.097012e+01,2.101189e+01,2.099101e+01,2.101189e+01,2.096316e+01,2.101189e+01,2.087956e+01,2.107452e+01,2.103973e+01,2.105365e+01,2.106756e+01,2.103973e+01,2.083076e+01
2.193345e+01,2.188516e+01,2.200930e+01,2.200241e+01,2.195414e+01,2.196104e+01,2.182993e+01,2.182993e+01,2.194725e+01,2.195414e+01,2.179540e+01,2.176086e+01,2.171940e+01,2.180231e+01,2.174013e+01,2.184374e+01,2.184374e+01,2.190586e+01,2.180231e+01,2.183684e+01,2.177468e+01,2.185065e+01,2.185065e+01,2.188516e+01,2.181612e+01,2.180231e+01,2.175395e+01,2.161566e+01,2.172631e+01,2.180922e+01,2.181612e+01,2.180922e+01,2.175395e+01,2.168483e+01,2.175395e+01,2.170557e+01,2.172631e+01,2.178850e+01,2.174013e+01,2.174013e+01,2.177468e+01,2.176086e+01,2.171248e+01,2.174013e+01,2.178850e+01,2.171940e+01,2.185065e+01,2.176086e+01,2.164334e+01,2.173322e+01,2.159490e+01,2.169175e+01,2.176086e+01,2.178159e+01,2.171248e+01,2.165025e+01,2.181612e+01,2.169866e+01,2.171940e+01,2.175395e+01,2.180922e+01,2.172631e+01,2.169175e+01,2.182993e+01,2.176777e+01,2.178850e+01,2.172631e+01,2.168483e+01,2.170557e+01,2.176086e+01,2.165717e+01,2.177468e+01,2.174704e+01,2.189896e+01,2.189206e+01,2.171248e+01,2.180231e+01,2.180922e+01,2.176777e+01,2.164334e+01,2.163642e+01,2.175395e+01,2.172631e+01,2.180231e+01,2.177468e+01,2.176086e+01,2.178159e+01,2.165025e+01,2.167100e+01,2.188516e+01,2.184374e+01,2.191965e+01,2.185755e+01,2.187135e+01,2.187135e+01,2.185065e+01,2.181612e+01,2.178850e+01,2.157414e+01,2.191276e+01,2.191276e+01,2.187135e+01,2.187135e+01,2.185065e+01,2.190586e+01,2.184374e+01,2.184374e+01,2.182303e+01,2.197483e+01,2.180231e+01,2.181612e+01,2.182993e+01,2.172631e+01,2.185065e+01,2.184374e+01,2.198172e+01,2.187135e+01,2.187135e+01,2.191276e+01,2.191965e+01,2.188516e+01,2.192655e+01,2.200241e+01,2.197483e+01,2.222275e+01,2.217459e+01,2.222275e+01,2.240829e+01,2.251808e+01,2.240829e+01,2.254551e+01,2.252494e+01,2.280573e+01,2.291510e+01,2.311304e+01,2.326976e+01,2.333101e+01,2.344662e+01,2.352136e+01,2.382655e+01,2.386718e+01,2.400924e+01,2.415785e+01,2.404979e+01,2.423882e+01,2.433321e+01,2.446791e+01,2.458226e+01,2.464275e+01,2.467634e+01,2.485084e+01,2.511203e+01,2.513210e+01,2.525909e+01,2.549928e+01,2.551261e+01,2.572563e+01,2.569903e+01,2.573228e+01,2.584526e+01,2.599793e+01,2.621660e+01,2.622322e+01,2.625631e+01,2.630923e+01,2.643481e+01,2.660642e+01,2.659323e+01,2.658663e+01,2.665257e+01,2.677775e+01,2.687647e+01,2.676458e+01,2.676458e+01,2.698824e+01,2.692908e+01,2.708020e+01,2.717208e+01,2.714584e+01,2.719176e+01,2.706707e+01,2.721144e+01,2.700138e+01,2.702110e+01,2.676458e+01,2.679750e+01,2.656024e+01,2.652725e+01,2.633568e+01,2.634229e+01,2.613713e+01,2.575223e+01,2.539260e+01,2.513210e+01,2.467634e+01,2.416460e+01,2.342623e+01,2.292194e+01,2.227776e+01,2.207820e+01,2.187825e+01,2.162950e+01,2.145639e+01,2.149796e+01,2.147025e+01,2.156721e+01,2.147025e+01,2.147025e+01,2.129688e+01,2.138013e+01,2.149104e+01,2.142174e+01,2.132464e+01,2.149796e+01,2.142867e+01,2.147025e+01,2.148411e+01,2.142867e+01,2.143560e+01,2.144253e+01,2.146332e+01,2.132464e+01,2.135239e+01,2.136626e+01,2.133158e+01,2.135933e+01,2.146332e+01,2.154645e+01,2.135239e+01,2.128993e+01,2.140094e+01,2.146332e+01,2.165025e+01,2.149104e+01,2.144253e+01,2.152567e+01,2.157414e+01,2.156721e+01,2.148411e+01,2.158798e+01,2.155337e+01,2.163642e+01,2.144253e+01,2.155337e+01,2.155337e+01,2.151875e+01,2.157414e+01,2.158106e+01,2.158798e+01,2.151875e+01,2.158106e+01,2.155337e+01,2.151875e+01,2.151875e+01,2.150489e+01,2.149104e+01,2.165025e+01,2.147025e+01,2.149796e+01,2.162258e+01,2.153952e+01,2.136626e+01,2.154645e+01,2.152567e+01,2.141480e+01,2.149104e+01,2.159490e+01,2.158798e+01,2.148411e+01,2.153260e+01,2.154645e+01,2.147718e+01,2.155337e+01,2.159490e+01,2.147718e+01,2.145639e+01,2.142174e+01,2.162950e+01,2.161566e+01,2.156029e+01,2.153260e+01,2.153260e+01,2.165025e+01,2.163642e+01,2.158106e+01,2.160182e+01,2.153260e+01,2.147718e+01,2.151875e+01,2.147718e+01,2.150489e+01,2.157414e+01,2.151875e+01,2.150489e+01,2.149796e+01,2.147718e+01,2.147025e+01,2.151182e+01,2.150489e+01,2.147718e+01,2.149796e+01,2.153260e+01,2.153260e+01,2.152567e+01,2.153952e+01,2.130382e+01,2.152567e+01,2.143560e+01,2.131076e+01,2.144946e+01,2.135239e+01,2.135239e+01,2.129688e+01,2.132464e+01,2.137320e+01,2.131770e+01,2.131076e+01,2.126217e+01,2.133851e+01,2.131770e+01,2.125522e+01,2.135239e+01,2.119966e+01,2.133158e+01,2.129688e+01,2.132464e+01,2.129688e+01,2.128993e+01,2.125522e+01,2.124828e+01,2.132464e+01,2.118576e+01,2.115796e+01,2.118576e+01,2.120660e+01,2.115796e+01,2.124828e+01,2.110929e+01,2.114406e+01,2.124828e+01,2.128299e+01,2.126217e+01,2.116491e+01,2.128299e+01,2.126911e+01,2.117881e+01,2.119271e+01,2.124133e+01,2.123439e+01,2.122744e+01,2.122744e+01,2.122744e+01,2.128299e+01,2.116491e+01,2.115101e+01,2.114406e+01,2.115796e+01,2.113015e+01,2.108148e+01,2.115101e+01,2.100493e+01,2.110929e+01,2.106756e+01,2.113711e+01,2.112320e+01,2.103973e+01,2.099797e+01,2.103277e+01,2.103277e+01,2.097012e+01,2.104669e+01,2.095619e+01,2.099797e+01,2.098405e+01,2.094226e+01,2.094923e+01,2.085168e+01,2.091440e+01,2.092137e+01,2.093530e+01,2.094923e+01,2.092137e+01,2.090743e+01,2.095619e+01,2.083773e+01,2.089350e+01,2.090743e+01,2.085168e+01,2.088653e+01,2.084470e+01,2.080984e+01,2.084470e+01,2.081681e+01,2.073309e+01,2.083773e+01,2.089350e+01,2.077496e+01,2.069120e+01,2.085865e+01,2.083773e+01,2.068422e+01,2.091440e+01,2.078193e+01,2.088653e+01,2.092137e+01,2.086562e+01,2.090047e+01,2.106061e+01,2.096316e+01,2.110929e+01,2.108148e+01,2.108148e+01,2.125522e+01,2.124828e+01,2.126911e+01,2.138707e+01,2.140094e+01,2.143560e+01,2.151182e+01,2.156029e+01,2.179540e+01,2.184374e+01,2.182993e+01,2.194035e+01,2.199551e+01,2.203687e+01,2.208509e+01,2.205754e+01,2.194725e+01,2.207820e+01,2.200241e+01,2.196793e+01,2.195414e+01,2.196793e+01,2.187825e+01,2.172631e+01,2.184374e+01,2.185065e+01,2.181612e+01,2.180231e+01,2.196104e+01,2.180231e+01,2.175395e+01,2.172631e+01,2.192655e+01,2.174704e+01,2.169175e+01,2.172631e+01,2.170557e+01,2.165025e+01,2.163642e+01,2.167792e+01,2.172631e+01,2.166409e+01,2.167100e+01,2.162258e+01,2.163642e+01,2.162950e+01,2.161566e+01,2.161566e+01,2.149104e+01,2.144946e+01,2.164334e+01,2.156029e+01,2.165717e+01,2.150489e+01,2.156721e+01,2.143560e+01,2.156721e+01,2.147025e+01,2.131770e+01,2.154645e+01,2.165025e+01,2.135933e+01,2.140094e+01,2.148411e+01,2.135239e+01,2.135239e+01,2.125522e+01,2.142867e+01,2.133851e+01,2.142174e+01,2.133851e+01,2.135239e+01,2.135239e+01,2.124133e+01,2.130382e+01,2.134545e+01,2.131770e+01,2.119271e+01,2.122744e+01,2.125522e+01,2.125522e+01,2.119966e+01,2.107452e+01,2.115796e+01,2.117881e+01,2.119271e+01,2.114406e+01,2.115101e+01,2.119966e+01,2.119271e+01,2.118576e+01,2.119271e+01,2.117186e+01,2.113711e+01,2.123439e+01,2.110929e+01,2.101885e+01,2.108843e+01,2.114406e+01,2.102581e+01,2.118576e+01,2.119271e+01,2.107452e+01,2.102581e+01,2.110929e+01,2.114406e+01,2.115796e+01,2.108148e+01,2.112320e+01,2.115101e+01,2.122050e+01,2.124828e+01,2.119966e+01,2.121355e+01,2.126217e+01,2.121355e+01,2.122744e+01,2.134545e+01,2.122744e+01,2.126217e+01,2.131770e+01,2.129688e+01,2.138707e+01,2.128299e+01,2.126217e+01,2.132464e+01,2.131076e+01,2.138013e+01,2.142174e+01,2.121355e+01,2.141480e+01,2.121355e+01,2.143560e+01,2.147718e+01,2.132464e+01,2.139400e+01,2.141480e+01,2.129688e+01,2.134545e+01,2.138707e+01,2.134545e+01,2.133158e+01,2.135933e+01,2.126217e+01,2.140787e+01,2.131770e+01,2.131770e+01,2.131770e+01,2.128993e+01,2.135933e+01,2.122050e+01,2.131770e+01,2.131770e+01,2.135239e+01,2.136626e+01,2.138707e+01,2.132464e+01,2.119271e+01,2.127605e+01,2.128993e+01,2.124133e+01,2.126911e+01,2.123439e+01,2.118576e+01,2.127605e+01,2.128993e+01,2.119271e+01,2.122050e+01,2.109539e+01,2.113711e+01,2.108843e+01,2.110929e+01,2.110234e+01,2.100493e+01,2.112320e+01,2.087259e+01,2.098405e+01,2.103973e+01,2.085865e+01,2.099101e+01,2.098405e+01,2.103277e+01,2.082378e+01,2.097709e+01,2.101885e+01,2.077496e+01,2.091440e+01,2.074007e+01,2.074705e+01,2.071215e+01,2.088653e+01,2.092137e+01,2.085168e+01,2.075403e+01,2.093530e+01,2.087259e+01,2.099797e+01,2.083076e+01,2.094226e+01,2.088653e+01,2.097012e+01,2.085865e+01,2.092137e+01,2.085168e+01,2.101885e+01,2.096316e+01,2.079589e+01,2.090743e+01,2.092137e+01,2.091440e+01,2.094923e+01,2.095619e+01,2.094226e+01,2.099797e+01,2.100493e+01,2.092833e+01,2.097709e+01,2.102581e+01,2.110234e+01,2.102581e+01,2.115101e+01,2.104669e+01,2.094226e+01,2.103973e+01,2.096316e+01,2.089350e+01,2.093530e+01,2.078891e+01
2.187825e+01,2.195414e+01,2.198862e+01,2.194035e+01,2.183684e+01,2.199551e+01,2.188516e+01,2.185065e+01,2.200930e+01,2.200241e+01,2.182303e+01,2.186445e+01,2.180922e+01,2.176777e+01,2.176777e+01,2.183684e+01,2.180922e+01,2.186445e+01,2.186445e+01,2.185755e+01,2.182303e+01,2.181612e+01,2.181612e+01,2.188516e+01,2.191276e+01,2.181612e+01,2.180922e+01,2.173322e+01,2.180922e+01,2.175395e+01,2.173322e+01,2.176777e+01,2.174013e+01,2.163642e+01,2.175395e+01,2.172631e+01,2.189206e+01,2.178159e+01,2.171248e+01,2.171248e+01,2.182303e+01,2.167792e+01,2.165025e+01,2.173322e+01,2.175395e+01,2.173322e+01,2.158106e+01,2.169866e+01,2.170557e+01,2.166409e+01,2.168483e+01,2.168483e+01,2.177468e+01,2.176086e+01,2.158798e+01,2.174704e+01,2.170557e+01,2.183684e+01,2.173322e+01,2.167100e+01,2.196793e+01,2.180231e+01,2.187135e+01,2.167100e+01,2.171940e+01,2.184374e+01,2.179540e+01,2.163642e+01,2.176086e+01,2.179540e+01,2.166409e+01,2.176086e+01,2.172631e+01,2.174704e+01,2.180231e+01,2.174013e+01,2.171940e+01,2.187135e+01,2.180922e+01,2.178159e+01,2.181612e+01,2.178159e+01,2.179540e+01,2.176777e+01,2.178159e+01,2.174704e+01,2.178850e+01,2.185065e+01,2.181612e+01,2.184374e+01,2.183684e+01,2.180922e+01,2.189896e+01,2.188516e+01,2.190586e+01,2.191276e+01,2.188516e+01,2.182993e+01,2.176777e+01,2.180922e+01,2.187135e+01,2.188516e+01,2.187135e+01,2.185755e+01,2.184374e+01,2.188516e+01,2.198172e+01,2.194725e+01,2.179540e+01,2.180922e+01,2.186445e+01,2.185065e+01,2.185065e+01,2.179540e+01,2.187135e+01,2.188516e+01,2.184374e+01,2.190586e+01,2.188516e+01,2.192655e+01,2.202308e+01,2.193345e+01,2.192655e+01,2.184374e+01,2.191276e+01,2.215394e+01,2.218147e+01,2.233274e+01,2.249751e+01,2.242202e+01,2.247006e+01,2.265516e+01,2.276469e+01,2.292877e+01,2.313350e+01,2.316758e+01,2.331740e+01,2.346701e+01,2.369102e+01,2.377236e+01,2.388748e+01,2.401600e+01,2.421859e+01,2.418485e+01,2.431299e+01,2.440732e+01,2.444771e+01,2.456209e+01,2.467634e+01,2.467634e+01,2.485084e+01,2.485754e+01,2.519227e+01,2.505851e+01,2.541928e+01,2.547929e+01,2.562583e+01,2.559254e+01,2.588511e+01,2.589839e+01,2.622322e+01,2.617025e+01,2.628938e+01,2.628938e+01,2.636873e+01,2.630261e+01,2.656684e+01,2.654045e+01,2.664598e+01,2.677117e+01,2.677117e+01,2.699481e+01,2.702110e+01,2.696195e+01,2.698824e+01,2.718520e+01,2.712615e+01,2.692251e+01,2.717208e+01,2.719832e+01,2.704080e+01,2.713272e+01,2.704737e+01,2.692251e+01,2.686331e+01,2.681067e+01,2.679092e+01,2.658003e+01,2.653385e+01,2.628938e+01,2.575223e+01,2.575223e+01,2.541928e+01,2.512541e+01,2.462259e+01,2.416460e+01,2.343303e+01,2.289461e+01,2.239456e+01,2.210575e+01,2.169866e+01,2.166409e+01,2.146332e+01,2.160874e+01,2.149796e+01,2.147718e+01,2.150489e+01,2.147718e+01,2.139400e+01,2.134545e+01,2.149796e+01,2.148411e+01,2.147025e+01,2.134545e+01,2.159490e+01,2.140787e+01,2.127605e+01,2.129688e+01,2.134545e+01,2.133158e+01,2.147718e+01,2.147718e+01,2.144253e+01,2.133158e+01,2.145639e+01,2.141480e+01,2.151182e+01,2.133158e+01,2.131076e+01,2.150489e+01,2.168483e+01,2.138013e+01,2.155337e+01,2.160182e+01,2.135239e+01,2.170557e+01,2.156721e+01,2.149796e+01,2.142174e+01,2.146332e+01,2.146332e+01,2.149104e+01,2.156029e+01,2.165025e+01,2.174013e+01,2.155337e+01,2.156721e+01,2.145639e+01,2.156029e+01,2.154645e+01,2.158798e+01,2.148411e+01,2.157414e+01,2.137320e+01,2.151875e+01,2.159490e+01,2.158106e+01,2.153260e+01,2.151875e+01,2.150489e+01,2.159490e+01,2.152567e+01,2.156029e+01,2.142867e+01,2.142174e+01,2.155337e+01,2.147025e+01,2.149104e+01,2.159490e+01,2.142174e+01,2.156029e+01,2.155337e+01,2.149104e+01,2.155337e+01,2.147025e+01,2.142867e+01,2.162950e+01,2.153260e+01,2.134545e+01,2.151875e+01,2.163642e+01,2.156721e+01,2.156029e+01,2.162258e+01,2.153260e+01,2.151875e+01,2.149104e+01,2.164334e+01,2.158106e+01,2.159490e+01,2.153952e+01,2.155337e+01,2.160874e+01,2.146332e+01,2.150489e+01,2.148411e+01,2.142174e+01,2.151182e+01,2.150489e+01,2.148411e+01,2.138707e+01,2.153260e+01,2.128299e+01,2.152567e+01,2.149796e+01,2.127605e+01,2.151875e+01,2.147025e+01,2.139400e+01,2.139400e+01,2.133851e+01,2.128993e+01,2.131770e+01,2.139400e+01,2.131770e+01,2.126911e+01,2.131076e+01,2.128299e+01,2.135933e+01,2.131770e+01,2.133158e+01,2.113711e+01,2.117186e+01,2.132464e+01,2.119271e+01,2.129688e+01,2.105365e+01,2.121355e+01,2.129688e+01,2.122744e+01,2.116491e+01,2.122744e+01,2.119271e+01,2.114406e+01,2.115796e+01,2.129688e+01,2.118576e+01,2.120660e+01,2.114406e+01,2.117186e+01,2.122744e+01,2.113711e+01,2.115101e+01,2.116491e+01,2.119271e+01,2.116491e+01,2.124828e+01,2.114406e+01,2.126911e+01,2.115796e+01,2.124133e+01,2.124828e+01,2.128993e+01,2.120660e+01,2.104669e+01,2.092833e+01,2.103277e+01,2.100493e+01,2.105365e+01,2.108148e+01,2.112320e+01,2.125522e+01,2.124828e+01,2.104669e+01,2.097709e+01,2.101885e+01,2.108843e+01,2.090743e+01,2.106756e+01,2.094226e+01,2.094923e+01,2.095619e+01,2.092833e+01,2.091440e+01,2.092137e+01,2.085168e+01,2.097709e+01,2.086562e+01,2.098405e+01,2.087259e+01,2.092833e+01,2.087956e+01,2.095619e+01,2.097709e+01,2.081681e+01,2.081681e+01,2.094923e+01,2.090743e+01,2.092833e+01,2.085865e+01,2.069818e+01,2.076798e+01,2.087956e+01,2.076100e+01,2.084470e+01,2.076100e+01,2.082378e+01,2.076798e+01,2.080286e+01,2.087956e+01,2.083773e+01,2.087956e+01,2.092137e+01,2.090743e+01,2.092137e+01,2.091440e+01,2.089350e+01,2.110234e+01,2.108843e+01,2.104669e+01,2.108148e+01,2.119966e+01,2.130382e+01,2.140787e+01,2.112320e+01,2.135933e+01,2.125522e+01,2.147025e+01,2.150489e+01,2.156029e+01,2.180231e+01,2.182993e+01,2.198172e+01,2.181612e+01,2.201619e+01,2.208509e+01,2.200930e+01,2.200241e+01,2.188516e+01,2.199551e+01,2.198862e+01,2.196793e+01,2.197483e+01,2.194725e+01,2.185755e+01,2.184374e+01,2.183684e+01,2.174704e+01,2.178159e+01,2.180922e+01,2.177468e+01,2.193345e+01,2.181612e+01,2.176086e+01,2.176086e+01,2.194035e+01,2.169175e+01,2.172631e+01,2.167792e+01,2.162950e+01,2.165025e+01,2.172631e+01,2.164334e+01,2.158106e+01,2.149796e+01,2.155337e+01,2.151875e+01,2.153260e+01,2.164334e+01,2.174013e+01,2.165717e+01,2.172631e+01,2.144946e+01,2.149104e+01,2.157414e+01,2.153952e+01,2.149796e+01,2.155337e+01,2.151182e+01,2.155337e+01,2.144946e+01,2.140094e+01,2.144253e+01,2.138013e+01,2.137320e+01,2.138013e+01,2.151182e+01,2.149104e+01,2.144946e+01,2.153260e+01,2.132464e+01,2.137320e+01,2.142867e+01,2.137320e+01,2.131770e+01,2.133851e+01,2.129688e+01,2.138013e+01,2.122050e+01,2.117881e+01,2.124133e+01,2.124133e+01,2.122050e+01,2.122050e+01,2.122050e+01,2.116491e+01,2.118576e+01,2.119271e+01,2.113711e+01,2.121355e+01,2.117881e+01,2.115101e+01,2.111625e+01,2.116491e+01,2.113015e+01,2.118576e+01,2.115796e+01,2.110234e+01,2.108843e+01,2.119271e+01,2.107452e+01,2.103277e+01,2.111625e+01,2.116491e+01,2.104669e+01,2.109539e+01,2.110234e+01,2.113015e+01,2.109539e+01,2.116491e+01,2.112320e+01,2.110929e+01,2.115101e+01,2.110234e+01,2.119271e+01,2.119271e+01,2.122050e+01,2.126217e+01,2.117186e+01,2.118576e+01,2.131076e+01,2.127605e+01,2.135239e+01,2.122744e+01,2.127605e+01,2.128993e+01,2.122050e+01,2.141480e+01,2.121355e+01,2.144946e+01,2.142867e+01,2.119271e+01,2.138013e+01,2.144946e+01,2.128299e+01,2.139400e+01,2.144946e+01,2.138013e+01,2.133158e+01,2.137320e+01,2.139400e+01,2.142174e+01,2.138707e+01,2.124133e+01,2.134545e+01,2.131770e+01,2.143560e+01,2.124828e+01,2.128993e+01,2.130382e+01,2.129688e+01,2.132464e+01,2.132464e+01,2.138707e+01,2.128299e+01,2.131770e+01,2.131076e+01,2.131076e+01,2.122050e+01,2.126911e+01,2.128299e+01,2.125522e+01,2.117881e+01,2.102581e+01,2.125522e+01,2.117186e+01,2.126217e+01,2.120660e+01,2.122050e+01,2.113015e+01,2.124133e+01,2.135933e+01,2.101885e+01,2.099797e+01,2.105365e+01,2.108843e+01,2.087956e+01,2.101189e+01,2.097012e+01,2.107452e+01,2.094923e+01,2.101189e+01,2.084470e+01,2.104669e+01,2.085168e+01,2.088653e+01,2.092137e+01,2.091440e+01,2.095619e+01,2.084470e+01,2.102581e+01,2.089350e+01,2.090743e+01,2.090047e+01,2.089350e+01,2.077496e+01,2.100493e+01,2.099797e+01,2.099797e+01,2.090743e+01,2.085865e+01,2.089350e+01,2.097012e+01,2.075403e+01,2.078193e+01,2.099797e+01,2.084470e+01,2.099797e+01,2.086562e+01,2.082378e+01,2.085168e+01,2.099797e+01,2.090047e+01,2.099101e+01,2.098405e+01,2.100493e+01,2.095619e+01,2.087956e+01,2.091440e+01,2.097709e+01,2.114406e+01,2.102581e+01,2.098405e+01,2.095619e+01,2.087956e+01,2.114406e+01,2.093530e+01,2.090743e+01,2.108843e+01,2.106756e+01
2.200241e+01,2.194035e+01,2.200241e+01,2.196104e+01,2.187135e+01,2.183684e+01,2.200241e+01,2.195414e+01,2.182993e+01,2.180231e+01,2.187825e+01,2.189206e+01,2.191276e+01,2.198172e+01,2.169175e+01,2.182303e+01,2.186445e+01,2.182993e+01,2.178159e+01,2.185755e+01,2.178850e+01,2.187135e+01,2.190586e+01,2.189896e+01,2.181612e+01,2.180231e+01,2.176777e+01,2.169866e+01,2.174013e+01,2.168483e+01,2.187135e+01,2.180922e+01,2.189206e+01,2.176086e+01,2.174704e+01,2.176086e+01,2.177468e+01,2.176777e+01,2.171940e+01,2.171940e+01,2.161566e+01,2.170557e+01,2.170557e+01,2.184374e+01,2.172631e+01,2.180231e+01,2.160874e+01,2.163642e+01,2.171248e+01,2.189206e+01,2.170557e+01,2.173322e+01,2.173322e+01,2.174013e+01,2.165717e+01,2.175395e+01,2.169866e+01,2.162258e+01,2.173322e+01,2.178850e+01,2.171940e+01,2.175395e+01,2.169866e+01,2.172631e+01,2.169866e+01,2.183684e+01,2.181612e+01,2.160874e+01,2.182303e+01,2.185755e+01,2.185065e+01,2.183684e+01,2.183684e+01,2.186445e+01,2.182303e+01,2.183684e+01,2.170557e+01,2.180231e+01,2.182993e+01,2.179540e+01,2.180231e+01,2.180231e+01,2.178159e+01,2.177468e+01,2.173322e+01,2.177468e+01,2.176777e+01,2.188516e+01,2.174013e+01,2.178850e+01,2.178850e+01,2.178159e+01,2.176086e+01,2.181612e+01,2.202997e+01,2.187825e+01,2.207131e+01,2.182303e+01,2.196793e+01,2.186445e+01,2.186445e+01,2.202308e+01,2.186445e+01,2.182303e+01,2.176086e+01,2.194725e+01,2.194725e+01,2.185755e+01,2.182303e+01,2.183684e+01,2.180922e+01,2.185065e+01,2.186445e+01,2.188516e+01,2.191276e+01,2.190586e+01,2.187135e+01,2.182993e+01,2.184374e+01,2.187825e+01,2.191965e+01,2.191276e+01,2.189206e+01,2.191276e+01,2.194035e+01,2.212641e+01,2.204376e+01,2.218835e+01,2.220211e+01,2.249751e+01,2.250437e+01,2.267571e+01,2.268940e+01,2.283993e+01,2.295609e+01,2.307894e+01,2.332421e+01,2.342623e+01,2.341944e+01,2.354853e+01,2.390102e+01,2.393485e+01,2.400247e+01,2.419835e+01,2.421184e+01,2.423882e+01,2.444771e+01,2.460915e+01,2.452174e+01,2.461587e+01,2.489776e+01,2.491117e+01,2.489106e+01,2.492457e+01,2.517222e+01,2.542595e+01,2.543262e+01,2.558588e+01,2.567907e+01,2.588511e+01,2.603772e+01,2.599130e+01,2.623645e+01,2.627615e+01,2.628938e+01,2.648104e+01,2.652725e+01,2.661961e+01,2.669212e+01,2.694223e+01,2.682383e+01,2.673165e+01,2.701453e+01,2.699481e+01,2.701453e+01,2.700138e+01,2.715240e+01,2.717864e+01,2.723767e+01,2.719832e+01,2.718520e+01,2.700138e+01,2.692251e+01,2.708677e+01,2.673165e+01,2.684357e+01,2.672506e+01,2.654045e+01,2.637534e+01,2.630261e+01,2.592495e+01,2.575887e+01,2.547262e+01,2.509865e+01,2.489776e+01,2.421184e+01,2.371136e+01,2.302436e+01,2.251122e+01,2.212641e+01,2.200930e+01,2.165717e+01,2.157414e+01,2.153952e+01,2.149104e+01,2.146332e+01,2.149796e+01,2.149104e+01,2.140787e+01,2.133158e+01,2.147025e+01,2.144253e+01,2.134545e+01,2.144253e+01,2.156029e+01,2.135239e+01,2.127605e+01,2.143560e+01,2.134545e+01,2.149104e+01,2.150489e+01,2.139400e+01,2.149104e+01,2.153952e+01,2.140094e+01,2.141480e+01,2.147025e+01,2.133158e+01,2.133851e+01,2.146332e+01,2.143560e+01,2.151182e+01,2.149796e+01,2.150489e+01,2.149796e+01,2.144253e+01,2.156721e+01,2.156721e+01,2.156721e+01,2.156029e+01,2.151875e+01,2.160182e+01,2.152567e+01,2.142867e+01,2.155337e+01,2.157414e+01,2.162950e+01,2.156721e+01,2.151182e+01,2.157414e+01,2.127605e+01,2.156029e+01,2.158798e+01,2.154645e+01,2.153952e+01,2.158798e+01,2.160182e+01,2.160874e+01,2.149796e+01,2.159490e+01,2.154645e+01,2.149104e+01,2.148411e+01,2.149104e+01,2.159490e+01,2.159490e+01,2.153260e+01,2.154645e+01,2.156029e+01,2.155337e+01,2.147025e+01,2.153260e+01,2.151875e+01,2.140094e+01,2.151875e+01,2.153952e+01,2.148411e+01,2.141480e+01,2.152567e+01,2.156029e+01,2.151182e+01,2.155337e+01,2.153260e+01,2.151875e+01,2.135933e+01,2.163642e+01,2.151875e+01,2.159490e+01,2.156721e+01,2.144946e+01,2.144946e+01,2.150489e+01,2.158106e+01,2.145639e+01,2.142174e+01,2.148411e+01,2.147025e+01,2.149104e+01,2.145639e+01,2.138707e+01,2.148411e+01,2.142174e+01,2.148411e+01,2.139400e+01,2.129688e+01,2.136626e+01,2.142174e+01,2.135933e+01,2.133851e+01,2.135933e+01,2.135933e+01,2.133851e+01,2.123439e+01,2.120660e+01,2.126911e+01,2.126911e+01,2.120660e+01,2.134545e+01,2.128299e+01,2.118576e+01,2.120660e+01,2.128299e+01,2.117186e+01,2.118576e+01,2.099101e+01,2.128993e+01,2.117186e+01,2.115796e+01,2.126217e+01,2.112320e+01,2.121355e+01,2.113711e+01,2.116491e+01,2.120660e+01,2.120660e+01,2.118576e+01,2.115101e+01,2.124133e+01,2.113711e+01,2.123439e+01,2.116491e+01,2.115101e+01,2.108148e+01,2.114406e+01,2.117881e+01,2.121355e+01,2.118576e+01,2.124828e+01,2.123439e+01,2.106756e+01,2.124133e+01,2.099797e+01,2.117186e+01,2.115796e+01,2.106061e+01,2.110234e+01,2.111625e+01,2.097709e+01,2.102581e+01,2.101189e+01,2.109539e+01,2.099797e+01,2.101189e+01,2.115101e+01,2.113711e+01,2.103973e+01,2.090743e+01,2.101189e+01,2.101885e+01,2.105365e+01,2.099101e+01,2.100493e+01,2.092137e+01,2.092137e+01,2.083076e+01,2.092137e+01,2.091440e+01,2.097012e+01,2.094226e+01,2.097012e+01,2.096316e+01,2.095619e+01,2.088653e+01,2.094226e+01,2.085865e+01,2.094923e+01,2.093530e+01,2.087956e+01,2.088653e+01,2.082378e+01,2.081681e+01,2.086562e+01,2.083076e+01,2.087956e+01,2.076100e+01,2.077496e+01,2.074705e+01,2.074007e+01,2.080286e+01,2.076100e+01,2.082378e+01,2.071913e+01,2.091440e+01,2.080984e+01,2.092833e+01,2.094226e+01,2.099101e+01,2.109539e+01,2.097709e+01,2.094923e+01,2.119271e+01,2.109539e+01,2.127605e+01,2.113015e+01,2.130382e+01,2.124133e+01,2.144253e+01,2.147025e+01,2.150489e+01,2.162950e+01,2.174704e+01,2.182303e+01,2.200930e+01,2.184374e+01,2.191965e+01,2.193345e+01,2.194725e+01,2.198172e+01,2.198172e+01,2.199551e+01,2.198172e+01,2.182993e+01,2.193345e+01,2.204376e+01,2.187825e+01,2.180922e+01,2.185755e+01,2.179540e+01,2.178850e+01,2.199551e+01,2.189206e+01,2.176086e+01,2.178850e+01,2.173322e+01,2.174704e+01,2.171248e+01,2.168483e+01,2.173322e+01,2.168483e+01,2.166409e+01,2.160874e+01,2.157414e+01,2.157414e+01,2.169866e+01,2.152567e+01,2.150489e+01,2.150489e+01,2.149796e+01,2.157414e+01,2.160874e+01,2.160182e+01,2.148411e+01,2.153952e+01,2.140094e+01,2.158798e+01,2.147718e+01,2.152567e+01,2.152567e+01,2.150489e+01,2.154645e+01,2.131770e+01,2.138013e+01,2.151182e+01,2.156029e+01,2.137320e+01,2.151182e+01,2.131076e+01,2.132464e+01,2.135239e+01,2.138013e+01,2.144946e+01,2.143560e+01,2.137320e+01,2.129688e+01,2.137320e+01,2.137320e+01,2.138013e+01,2.135933e+01,2.133158e+01,2.116491e+01,2.119271e+01,2.121355e+01,2.119966e+01,2.118576e+01,2.124133e+01,2.126911e+01,2.110234e+01,2.119966e+01,2.121355e+01,2.115796e+01,2.105365e+01,2.115796e+01,2.116491e+01,2.099101e+01,2.116491e+01,2.106756e+01,2.115101e+01,2.112320e+01,2.106756e+01,2.121355e+01,2.113015e+01,2.110929e+01,2.098405e+01,2.102581e+01,2.103277e+01,2.117186e+01,2.118576e+01,2.113711e+01,2.109539e+01,2.098405e+01,2.111625e+01,2.115101e+01,2.110929e+01,2.118576e+01,2.121355e+01,2.119271e+01,2.123439e+01,2.126217e+01,2.115101e+01,2.124828e+01,2.128299e+01,2.114406e+01,2.123439e+01,2.117186e+01,2.127605e+01,2.130382e+01,2.144946e+01,2.133851e+01,2.122744e+01,2.122050e+01,2.116491e+01,2.130382e+01,2.138013e+01,2.097709e+01,2.126911e+01,2.142867e+01,2.137320e+01,2.137320e+01,2.136626e+01,2.116491e+01,2.142867e+01,2.138013e+01,2.141480e+01,2.122050e+01,2.137320e+01,2.135239e+01,2.129688e+01,2.127605e+01,2.126911e+01,2.128993e+01,2.127605e+01,2.127605e+01,2.121355e+01,2.123439e+01,2.135239e+01,2.134545e+01,2.131770e+01,2.128993e+01,2.131076e+01,2.118576e+01,2.098405e+01,2.122050e+01,2.115796e+01,2.124133e+01,2.112320e+01,2.124133e+01,2.110929e+01,2.113015e+01,2.112320e+01,2.111625e+01,2.117186e+01,2.119271e+01,2.104669e+01,2.108148e+01,2.108148e+01,2.104669e+01,2.085865e+01,2.095619e+01,2.099797e+01,2.078891e+01,2.079589e+01,2.093530e+01,2.099101e+01,2.085168e+01,2.087259e+01,2.087956e+01,2.081681e+01,2.093530e+01,2.097709e+01,2.104669e+01,2.095619e+01,2.084470e+01,2.069120e+01,2.086562e+01,2.088653e+01,2.092137e+01,2.096316e+01,2.080286e+01,2.090743e+01,2.091440e+01,2.089350e+01,2.095619e+01,2.083773e+01,2.096316e+01,2.078891e+01,2.090047e+01,2.085168e+01,2.080984e+01,2.080286e+01,2.094923e+01,2.104669e+01,2.090743e+01,2.090743e+01,2.092137e+01,2.092137e+01,2.105365e+01,2.092833e+01,2.096316e+01,2.097709e+01,2.092833e+01,2.106756e+01,2.098405e+01,2.090743e+01,2.097709e+01,2.100493e+01,2.094923e+01,2.090743e+01,2.092137e+01,2.097709e+01,2.087956e+01
2.200930e+01,2.206442e+01,2.198862e+01,2.208509e+01,2.194035e+01,2.185065e+01,2.202997e+01,2.184374e+01,2.202308e+01,2.207131e+01,2.178159e+01,2.191276e+01,2.174704e+01,2.190586e+01,2.187825e+01,2.179540e+01,2.185065e+01,2.174013e+01,2.189896e+01,2.191276e+01,2.175395e+01,2.186445e+01,2.183684e+01,2.187135e+01,2.179540e+01,2.180231e+01,2.176777e+01,2.177468e+01,2.178159e+01,2.172631e+01,2.171940e+01,2.173322e+01,2.173322e+01,2.171248e+01,2.178850e+01,2.166409e+01,2.167100e+01,2.169175e+01,2.176086e+01,2.176777e+01,2.170557e+01,2.174013e+01,2.173322e+01,2.176086e+01,2.171248e+01,2.178159e+01,2.162950e+01,2.174704e+01,2.170557e+01,2.170557e+01,2.165025e+01,2.173322e+01,2.171248e+01,2.171248e+01,2.171248e+01,2.166409e+01,2.169175e+01,2.178159e+01,2.180231e+01,2.180922e+01,2.173322e+01,2.182993e+01,2.164334e+01,2.173322e+01,2.176777e+01,2.171940e+01,2.187825e+01,2.173322e+01,2.179540e+01,2.169866e+01,2.174013e+01,2.171940e+01,2.184374e+01,2.174704e+01,2.169175e+01,2.171940e+01,2.169866e+01,2.177468e+01,2.175395e+01,2.165025e+01,2.181612e+01,2.174704e+01,2.178159e+01,2.175395e+01,2.183684e+01,2.180231e+01,2.186445e+01,2.184374e+01,2.187135e+01,2.174013e+01,2.185065e+01,2.174704e+01,2.185755e+01,2.182993e+01,2.183684e+01,2.179540e+01,2.180231e+01,2.182303e+01,2.185065e+01,2.191965e+01,2.185755e+01,2.205065e+01,2.181612e+01,2.178850e+01,2.204376e+01,2.191965e+01,2.185065e+01,2.183684e+01,2.181612e+01,2.180231e+01,2.194035e+01,2.194725e+01,2.184374e+01,2.191276e+01,2.188516e+01,2.188516e+01,2.189206e+01,2.193345e+01,2.188516e+01,2.200930e+01,2.193345e+01,2.191276e+01,2.201619e+01,2.188516e+01,2.196793e+01,2.218835e+01,2.215394e+01,2.215394e+01,2.252494e+01,2.234648e+01,2.237395e+01,2.257979e+01,2.267571e+01,2.278522e+01,2.283309e+01,2.306530e+01,2.317439e+01,2.337183e+01,2.354174e+01,2.350099e+01,2.383332e+01,2.381301e+01,2.395514e+01,2.394161e+01,2.402275e+01,2.423882e+01,2.423208e+01,2.434669e+01,2.443425e+01,2.457554e+01,2.454192e+01,2.487095e+01,2.492457e+01,2.501165e+01,2.517890e+01,2.531919e+01,2.539927e+01,2.541261e+01,2.569903e+01,2.580540e+01,2.585191e+01,2.589175e+01,2.607087e+01,2.605099e+01,2.611726e+01,2.630261e+01,2.646123e+01,2.664598e+01,2.665916e+01,2.667894e+01,2.681067e+01,2.683041e+01,2.691593e+01,2.686331e+01,2.697510e+01,2.707364e+01,2.711303e+01,2.715896e+01,2.715240e+01,2.719832e+01,2.716552e+01,2.718520e+01,2.695538e+01,2.697510e+01,2.683699e+01,2.684357e+01,2.677775e+01,2.655364e+01,2.634229e+01,2.616363e+01,2.613051e+01,2.570568e+01,2.565911e+01,2.523905e+01,2.486425e+01,2.429277e+01,2.386718e+01,2.323571e+01,2.281257e+01,2.219523e+01,2.205754e+01,2.167100e+01,2.169175e+01,2.158798e+01,2.149104e+01,2.140094e+01,2.131770e+01,2.144946e+01,2.147718e+01,2.133158e+01,2.140094e+01,2.145639e+01,2.149796e+01,2.135933e+01,2.133158e+01,2.144946e+01,2.138707e+01,2.145639e+01,2.147025e+01,2.133158e+01,2.144946e+01,2.138707e+01,2.135239e+01,2.154645e+01,2.144253e+01,2.148411e+01,2.142174e+01,2.165717e+01,2.149796e+01,2.163642e+01,2.153952e+01,2.147718e+01,2.149104e+01,2.147025e+01,2.148411e+01,2.156721e+01,2.157414e+01,2.155337e+01,2.180231e+01,2.151875e+01,2.162258e+01,2.150489e+01,2.158106e+01,2.151875e+01,2.151875e+01,2.143560e+01,2.145639e+01,2.148411e+01,2.150489e+01,2.149796e+01,2.149796e+01,2.155337e+01,2.157414e+01,2.148411e+01,2.147025e+01,2.156721e+01,2.149796e+01,2.149796e+01,2.147718e+01,2.149104e+01,2.151875e+01,2.149104e+01,2.160182e+01,2.144253e+01,2.145639e+01,2.158106e+01,2.161566e+01,2.154645e+01,2.160874e+01,2.153260e+01,2.156721e+01,2.153260e+01,2.153260e+01,2.153952e+01,2.147025e+01,2.152567e+01,2.137320e+01,2.147025e+01,2.132464e+01,2.130382e+01,2.161566e+01,2.153952e+01,2.161566e+01,2.149104e+01,2.150489e+01,2.165025e+01,2.153260e+01,2.158798e+01,2.157414e+01,2.158798e+01,2.145639e+01,2.145639e+01,2.161566e+01,2.147718e+01,2.149104e+01,2.155337e+01,2.150489e+01,2.135239e+01,2.149104e+01,2.138013e+01,2.134545e+01,2.130382e+01,2.131770e+01,2.128299e+01,2.148411e+01,2.133851e+01,2.138013e+01,2.145639e+01,2.135933e+01,2.128993e+01,2.135933e+01,2.121355e+01,2.123439e+01,2.121355e+01,2.127605e+01,2.119271e+01,2.126911e+01,2.133851e+01,2.132464e+01,2.125522e+01,2.116491e+01,2.128993e+01,2.119271e+01,2.110234e+01,2.117186e+01,2.124828e+01,2.120660e+01,2.110234e+01,2.122050e+01,2.124828e+01,2.126911e+01,2.109539e+01,2.119966e+01,2.117881e+01,2.118576e+01,2.122050e+01,2.117186e+01,2.108843e+01,2.113015e+01,2.117881e+01,2.120660e+01,2.117881e+01,2.105365e+01,2.106061e+01,2.123439e+01,2.110929e+01,2.110234e+01,2.122744e+01,2.125522e+01,2.101885e+01,2.107452e+01,2.119966e+01,2.111625e+01,2.108843e+01,2.113711e+01,2.101189e+01,2.097709e+01,2.107452e+01,2.102581e+01,2.121355e+01,2.119271e+01,2.101885e+01,2.106061e+01,2.098405e+01,2.114406e+01,2.092833e+01,2.092137e+01,2.092137e+01,2.088653e+01,2.097709e+01,2.093530e+01,2.079589e+01,2.103973e+01,2.091440e+01,2.094923e+01,2.092137e+01,2.094923e+01,2.093530e+01,2.096316e+01,2.095619e+01,2.093530e+01,2.092137e+01,2.067723e+01,2.092137e+01,2.083773e+01,2.078193e+01,2.074007e+01,2.076100e+01,2.083773e+01,2.084470e+01,2.081681e+01,2.077496e+01,2.084470e+01,2.072611e+01,2.072611e+01,2.073309e+01,2.075403e+01,2.073309e+01,2.083076e+01,2.071913e+01,2.087259e+01,2.089350e+01,2.090047e+01,2.085865e+01,2.092137e+01,2.094923e+01,2.092833e+01,2.098405e+01,2.095619e+01,2.105365e+01,2.119966e+01,2.120660e+01,2.123439e+01,2.126217e+01,2.127605e+01,2.128993e+01,2.129688e+01,2.140094e+01,2.166409e+01,2.147718e+01,2.166409e+01,2.180231e+01,2.179540e+01,2.191276e+01,2.191965e+01,2.191965e+01,2.194035e+01,2.195414e+01,2.180231e+01,2.197483e+01,2.179540e+01,2.187135e+01,2.200241e+01,2.178159e+01,2.186445e+01,2.180922e+01,2.177468e+01,2.177468e+01,2.182303e+01,2.184374e+01,2.180922e+01,2.178159e+01,2.176086e+01,2.186445e+01,2.176777e+01,2.172631e+01,2.171940e+01,2.168483e+01,2.171940e+01,2.158798e+01,2.160874e+01,2.169866e+01,2.166409e+01,2.165025e+01,2.140787e+01,2.149104e+01,2.151182e+01,2.163642e+01,2.167100e+01,2.150489e+01,2.146332e+01,2.143560e+01,2.161566e+01,2.161566e+01,2.144253e+01,2.147025e+01,2.149104e+01,2.153260e+01,2.149104e+01,2.144253e+01,2.149104e+01,2.151875e+01,2.142867e+01,2.151182e+01,2.149104e+01,2.151875e+01,2.149796e+01,2.153260e+01,2.133851e+01,2.134545e+01,2.145639e+01,2.137320e+01,2.138013e+01,2.140094e+01,2.137320e+01,2.142867e+01,2.133158e+01,2.141480e+01,2.114406e+01,2.122050e+01,2.137320e+01,2.117186e+01,2.125522e+01,2.115796e+01,2.120660e+01,2.124828e+01,2.122744e+01,2.113015e+01,2.117881e+01,2.113711e+01,2.103973e+01,2.117881e+01,2.117881e+01,2.108843e+01,2.115101e+01,2.114406e+01,2.115101e+01,2.108148e+01,2.102581e+01,2.111625e+01,2.113015e+01,2.112320e+01,2.112320e+01,2.109539e+01,2.099101e+01,2.116491e+01,2.101885e+01,2.107452e+01,2.108843e+01,2.112320e+01,2.111625e+01,2.107452e+01,2.103277e+01,2.110234e+01,2.117881e+01,2.119271e+01,2.125522e+01,2.115796e+01,2.119966e+01,2.115101e+01,2.120660e+01,2.116491e+01,2.113711e+01,2.127605e+01,2.123439e+01,2.117186e+01,2.110234e+01,2.122050e+01,2.119966e+01,2.133851e+01,2.131770e+01,2.117186e+01,2.134545e+01,2.133851e+01,2.140787e+01,2.141480e+01,2.128299e+01,2.141480e+01,2.137320e+01,2.135239e+01,2.146332e+01,2.138013e+01,2.142174e+01,2.124828e+01,2.128299e+01,2.135933e+01,2.140094e+01,2.128299e+01,2.134545e+01,2.122744e+01,2.126911e+01,2.135933e+01,2.118576e+01,2.131076e+01,2.118576e+01,2.122744e+01,2.138013e+01,2.126217e+01,2.130382e+01,2.127605e+01,2.114406e+01,2.122744e+01,2.125522e+01,2.115101e+01,2.117186e+01,2.106756e+01,2.110234e+01,2.116491e+01,2.115796e+01,2.108148e+01,2.108148e+01,2.117186e+01,2.103973e+01,2.099797e+01,2.100493e+01,2.088653e+01,2.101189e+01,2.108843e+01,2.095619e+01,2.097012e+01,2.101189e+01,2.099101e+01,2.105365e+01,2.101885e+01,2.096316e+01,2.109539e+01,2.087259e+01,2.085865e+01,2.089350e+01,2.086562e+01,2.083076e+01,2.092833e+01,2.085865e+01,2.084470e+01,2.086562e+01,2.087259e+01,2.094923e+01,2.092833e+01,2.087956e+01,2.092137e+01,2.094226e+01,2.079589e+01,2.092137e+01,2.098405e+01,2.094226e+01,2.096316e+01,2.107452e+01,2.094226e+01,2.099797e+01,2.079589e+01,2.095619e+01,2.090047e+01,2.092137e+01,2.089350e+01,2.103277e+01,2.084470e+01,2.092833e+01,2.100493e+01,2.094226e+01,2.093530e+01,2.097012e+01,2.096316e+01,2.094923e+01,2.092833e+01,2.093530e+01,2.089350e+01,2.109539e+01,2.090743e+01,2.085168e+01,2.088653e+01
2.183684e+01,2.207131e+01,2.200241e+01,2.210575e+01,2.202997e+01,2.181612e+01,2.178850e+01,2.189206e+01,2.190586e+01,2.194035e+01,2.180922e+01,2.183684e+01,2.186445e+01,2.186445e+01,2.194725e+01,2.185755e+01,2.185065e+01,2.182303e+01,2.171940e+01,2.176777e+01,2.187135e+01,2.185065e+01,2.182993e+01,2.197483e+01,2.175395e+01,2.191276e+01,2.171248e+01,2.172631e+01,2.191276e+01,2.171248e+01,2.174013e+01,2.167792e+01,2.172631e+01,2.178850e+01,2.167792e+01,2.176777e+01,2.180922e+01,2.176086e+01,2.176777e+01,2.178159e+01,2.173322e+01,2.174013e+01,2.169175e+01,2.151875e+01,2.174013e+01,2.175395e+01,2.165717e+01,2.173322e+01,2.161566e+01,2.176777e+01,2.170557e+01,2.172631e+01,2.174013e+01,2.176086e+01,2.175395e+01,2.179540e+01,2.180231e+01,2.170557e+01,2.168483e+01,2.175395e+01,2.181612e+01,2.165717e+01,2.175395e+01,2.184374e+01,2.166409e+01,2.166409e+01,2.164334e+01,2.185065e+01,2.162258e+01,2.188516e+01,2.166409e+01,2.163642e+01,2.176086e+01,2.180922e+01,2.174704e+01,2.174013e+01,2.178850e+01,2.182303e+01,2.185065e+01,2.186445e+01,2.179540e+01,2.182993e+01,2.176777e+01,2.174013e+01,2.173322e+01,2.184374e+01,2.185755e+01,2.200241e+01,2.176777e+01,2.182303e+01,2.191276e+01,2.177468e+01,2.182303e+01,2.186445e+01,2.184374e+01,2.189896e+01,2.184374e+01,2.191276e+01,2.186445e+01,2.183684e+01,2.185755e+01,2.184374e+01,2.184374e+01,2.190586e+01,2.189206e+01,2.189206e+01,2.185065e+01,2.176777e+01,2.190586e+01,2.191276e+01,2.187135e+01,2.187135e+01,2.194725e+01,2.200241e+01,2.180231e+01,2.187135e+01,2.195414e+01,2.190586e+01,2.199551e+01,2.194035e+01,2.187135e+01,2.205754e+01,2.203687e+01,2.191965e+01,2.206442e+01,2.201619e+01,2.212641e+01,2.220211e+01,2.225713e+01,2.233961e+01,2.237395e+01,2.256608e+01,2.251808e+01,2.279206e+01,2.286727e+01,2.294926e+01,2.298340e+01,2.328337e+01,2.333101e+01,2.368424e+01,2.357569e+01,2.378591e+01,2.396190e+01,2.400247e+01,2.399571e+01,2.418485e+01,2.417135e+01,2.438711e+01,2.423208e+01,2.450155e+01,2.453519e+01,2.475020e+01,2.499826e+01,2.504512e+01,2.502504e+01,2.514547e+01,2.538593e+01,2.524573e+01,2.546596e+01,2.546596e+01,2.578546e+01,2.581869e+01,2.593158e+01,2.605099e+01,2.630261e+01,2.626292e+01,2.632907e+01,2.640838e+01,2.661301e+01,2.661961e+01,2.663939e+01,2.684357e+01,2.665257e+01,2.704080e+01,2.690278e+01,2.692251e+01,2.690278e+01,2.696853e+01,2.700138e+01,2.694881e+01,2.698824e+01,2.698824e+01,2.681067e+01,2.696195e+01,2.679092e+01,2.673165e+01,2.667894e+01,2.654045e+01,2.625631e+01,2.613713e+01,2.593822e+01,2.571898e+01,2.548595e+01,2.515216e+01,2.495137e+01,2.455536e+01,2.387395e+01,2.346022e+01,2.283309e+01,2.220899e+01,2.199551e+01,2.176086e+01,2.142867e+01,2.140094e+01,2.142174e+01,2.136626e+01,2.151875e+01,2.130382e+01,2.132464e+01,2.135933e+01,2.147718e+01,2.140787e+01,2.138013e+01,2.133851e+01,2.137320e+01,2.144946e+01,2.130382e+01,2.137320e+01,2.153952e+01,2.147718e+01,2.144946e+01,2.152567e+01,2.146332e+01,2.125522e+01,2.156721e+01,2.152567e+01,2.133158e+01,2.147025e+01,2.142867e+01,2.153952e+01,2.140094e+01,2.149104e+01,2.151182e+01,2.160182e+01,2.157414e+01,2.149796e+01,2.158798e+01,2.152567e+01,2.159490e+01,2.155337e+01,2.152567e+01,2.145639e+01,2.152567e+01,2.167792e+01,2.146332e+01,2.149104e+01,2.151182e+01,2.159490e+01,2.152567e+01,2.147718e+01,2.149796e+01,2.153952e+01,2.154645e+01,2.160182e+01,2.143560e+01,2.153952e+01,2.150489e+01,2.150489e+01,2.154645e+01,2.156721e+01,2.144946e+01,2.171940e+01,2.162258e+01,2.151182e+01,2.145639e+01,2.161566e+01,2.152567e+01,2.142174e+01,2.140787e+01,2.149796e+01,2.159490e+01,2.156721e+01,2.144253e+01,2.155337e+01,2.142867e+01,2.153952e+01,2.156029e+01,2.131076e+01,2.138013e+01,2.147718e+01,2.151875e+01,2.147718e+01,2.148411e+01,2.153952e+01,2.148411e+01,2.147718e+01,2.157414e+01,2.163642e+01,2.144253e+01,2.142174e+01,2.144253e+01,2.150489e+01,2.155337e+01,2.144946e+01,2.141480e+01,2.138013e+01,2.150489e+01,2.122050e+01,2.144946e+01,2.158798e+01,2.133851e+01,2.138013e+01,2.142867e+01,2.131770e+01,2.129688e+01,2.140094e+01,2.127605e+01,2.136626e+01,2.112320e+01,2.126217e+01,2.131076e+01,2.131076e+01,2.126217e+01,2.124828e+01,2.127605e+01,2.129688e+01,2.133158e+01,2.110234e+01,2.131076e+01,2.113711e+01,2.130382e+01,2.106061e+01,2.119271e+01,2.114406e+01,2.133158e+01,2.125522e+01,2.117881e+01,2.118576e+01,2.113015e+01,2.100493e+01,2.119966e+01,2.115796e+01,2.120660e+01,2.110234e+01,2.115796e+01,2.110929e+01,2.111625e+01,2.117186e+01,2.115101e+01,2.104669e+01,2.109539e+01,2.119271e+01,2.108843e+01,2.110234e+01,2.105365e+01,2.101189e+01,2.116491e+01,2.105365e+01,2.102581e+01,2.103277e+01,2.100493e+01,2.114406e+01,2.120660e+01,2.114406e+01,2.109539e+01,2.108843e+01,2.096316e+01,2.097012e+01,2.102581e+01,2.098405e+01,2.101189e+01,2.099101e+01,2.119966e+01,2.103277e+01,2.094226e+01,2.103277e+01,2.094226e+01,2.090047e+01,2.092137e+01,2.092833e+01,2.092137e+01,2.090047e+01,2.089350e+01,2.082378e+01,2.084470e+01,2.088653e+01,2.092833e+01,2.090047e+01,2.096316e+01,2.086562e+01,2.087956e+01,2.090047e+01,2.088653e+01,2.087259e+01,2.090047e+01,2.089350e+01,2.078891e+01,2.078193e+01,2.078193e+01,2.082378e+01,2.073309e+01,2.083773e+01,2.069818e+01,2.074007e+01,2.089350e+01,2.086562e+01,2.075403e+01,2.085168e+01,2.083773e+01,2.074705e+01,2.085865e+01,2.080286e+01,2.089350e+01,2.084470e+01,2.102581e+01,2.103973e+01,2.101189e+01,2.099101e+01,2.099101e+01,2.103973e+01,2.113015e+01,2.122744e+01,2.111625e+01,2.127605e+01,2.132464e+01,2.138013e+01,2.137320e+01,2.135933e+01,2.140787e+01,2.165025e+01,2.170557e+01,2.174013e+01,2.185755e+01,2.209198e+01,2.191276e+01,2.194035e+01,2.190586e+01,2.195414e+01,2.189206e+01,2.179540e+01,2.196793e+01,2.196104e+01,2.187135e+01,2.186445e+01,2.179540e+01,2.186445e+01,2.174704e+01,2.180231e+01,2.179540e+01,2.178850e+01,2.162950e+01,2.178850e+01,2.176086e+01,2.188516e+01,2.168483e+01,2.179540e+01,2.165717e+01,2.174704e+01,2.165717e+01,2.162258e+01,2.157414e+01,2.165025e+01,2.161566e+01,2.165717e+01,2.150489e+01,2.171940e+01,2.167100e+01,2.151875e+01,2.165717e+01,2.162258e+01,2.161566e+01,2.133851e+01,2.153260e+01,2.146332e+01,2.162950e+01,2.147718e+01,2.147025e+01,2.153952e+01,2.148411e+01,2.153952e+01,2.146332e+01,2.143560e+01,2.151182e+01,2.139400e+01,2.146332e+01,2.152567e+01,2.147718e+01,2.150489e+01,2.153260e+01,2.138707e+01,2.135239e+01,2.141480e+01,2.130382e+01,2.136626e+01,2.133158e+01,2.138707e+01,2.143560e+01,2.132464e+01,2.135239e+01,2.131076e+01,2.128299e+01,2.122050e+01,2.121355e+01,2.115796e+01,2.118576e+01,2.133851e+01,2.128299e+01,2.110929e+01,2.124133e+01,2.120660e+01,2.117186e+01,2.115796e+01,2.118576e+01,2.112320e+01,2.107452e+01,2.109539e+01,2.110234e+01,2.119271e+01,2.118576e+01,2.113711e+01,2.115101e+01,2.113711e+01,2.111625e+01,2.113711e+01,2.108148e+01,2.110929e+01,2.094923e+01,2.108148e+01,2.111625e+01,2.111625e+01,2.108843e+01,2.111625e+01,2.101885e+01,2.108843e+01,2.122050e+01,2.109539e+01,2.109539e+01,2.125522e+01,2.117881e+01,2.137320e+01,2.117881e+01,2.113015e+01,2.112320e+01,2.117881e+01,2.115101e+01,2.118576e+01,2.129688e+01,2.122050e+01,2.119271e+01,2.110234e+01,2.127605e+01,2.131770e+01,2.130382e+01,2.128299e+01,2.125522e+01,2.126911e+01,2.137320e+01,2.135933e+01,2.135239e+01,2.117881e+01,2.144946e+01,2.144946e+01,2.129688e+01,2.128993e+01,2.123439e+01,2.145639e+01,2.136626e+01,2.131770e+01,2.124133e+01,2.116491e+01,2.124828e+01,2.133851e+01,2.118576e+01,2.120660e+01,2.133158e+01,2.139400e+01,2.128993e+01,2.128993e+01,2.140094e+01,2.132464e+01,2.123439e+01,2.115796e+01,2.111625e+01,2.124133e+01,2.124133e+01,2.121355e+01,2.119966e+01,2.119271e+01,2.106756e+01,2.120660e+01,2.104669e+01,2.111625e+01,2.102581e+01,2.098405e+01,2.083773e+01,2.097012e+01,2.104669e+01,2.090047e+01,2.105365e+01,2.097012e+01,2.099101e+01,2.098405e+01,2.086562e+01,2.083773e+01,2.083076e+01,2.081681e+01,2.082378e+01,2.092833e+01,2.083773e+01,2.124133e+01,2.086562e+01,2.084470e+01,2.094226e+01,2.084470e+01,2.088653e+01,2.085865e+01,2.088653e+01,2.080286e+01,2.093530e+01,2.083773e+01,2.090047e+01,2.087259e+01,2.092833e+01,2.092833e+01,2.090743e+01,2.092833e+01,2.093530e+01,2.087956e+01,2.083773e+01,2.080286e+01,2.082378e+01,2.082378e+01,2.093530e+01,2.110234e+01,2.098405e+01,2.092137e+01,2.092833e+01,2.093530e+01,2.106756e+01,2.098405e+01,2.094226e+01,2.103277e+01,2.102581e+01,2.095619e+01,2.092137e+01,2.092137e+01,2.084470e+01,2.085865e+01,2.090047e+01,2.081681e+01
2.186445e+01,2.194035e+01,2.185755e+01,2.183684e+01,2.190586e+01,2.175395e+01,2.204376e+01,2.194035e+01,2.191965e+01,2.190586e+01,2.178159e+01,2.206442e+01,2.189206e+01,2.183684e+01,2.169866e+01,2.191276e+01,2.183684e+01,2.184374e+01,2.170557e+01,2.181612e+01,2.179540e+01,2.184374e+01,2.201619e+01,2.178159e+01,2.182993e+01,2.187825e+01,2.158106e+01,2.174704e+01,2.171940e+01,2.169866e+01,2.165717e+01,2.173322e+01,2.167100e+01,2.176777e+01,2.159490e+01,2.160874e+01,2.171248e+01,2.163642e+01,2.178159e+01,2.176086e+01,2.178850e+01,2.168483e+01,2.174704e+01,2.169866e+01,2.167100e+01,2.174013e+01,2.169175e+01,2.162950e+01,2.176777e+01,2.171940e+01,2.180231e+01,2.171248e+01,2.164334e+01,2.172631e+01,2.174704e+01,2.179540e+01,2.176777e+01,2.155337e+01,2.180922e+01,2.155337e+01,2.167792e+01,2.180231e+01,2.181612e+01,2.165025e+01,2.180922e+01,2.182993e+01,2.165717e+01,2.185755e+01,2.168483e+01,2.187825e+01,2.188516e+01,2.169175e+01,2.166409e+01,2.181612e+01,2.180922e+01,2.179540e+01,2.182303e+01,2.171248e+01,2.171940e+01,2.159490e+01,2.164334e+01,2.170557e+01,2.176086e+01,2.177468e+01,2.171248e+01,2.182303e+01,2.180231e+01,2.188516e+01,2.190586e+01,2.190586e+01,2.178850e+01,2.176777e+01,2.176086e+01,2.181612e+01,2.188516e+01,2.198172e+01,2.190586e+01,2.194035e+01,2.192655e+01,2.197483e+01,2.190586e+01,2.186445e+01,2.187825e+01,2.182993e+01,2.188516e+01,2.182993e+01,2.180922e+01,2.185755e+01,2.192655e+01,2.178159e+01,2.189206e+01,2.177468e+01,2.182303e+01,2.177468e+01,2.182303e+01,2.185755e+01,2.195414e+01,2.194035e+01,2.201619e+01,2.189896e+01,2.209886e+01,2.188516e+01,2.188516e+01,2.184374e+01,2.200241e+01,2.198862e+01,2.208509e+01,2.220211e+01,2.213329e+01,2.225026e+01,2.231900e+01,2.240829e+01,2.262091e+01,2.260720e+01,2.285360e+01,2.293560e+01,2.311986e+01,2.329018e+01,2.326976e+01,2.339904e+01,2.342623e+01,2.373170e+01,2.392132e+01,2.389425e+01,2.411059e+01,2.395514e+01,2.425231e+01,2.431299e+01,2.434669e+01,2.440058e+01,2.473006e+01,2.464275e+01,2.495137e+01,2.489776e+01,2.503843e+01,2.505851e+01,2.525241e+01,2.523905e+01,2.531919e+01,2.543262e+01,2.557923e+01,2.584526e+01,2.589175e+01,2.586519e+01,2.615038e+01,2.632245e+01,2.617687e+01,2.638856e+01,2.636212e+01,2.652725e+01,2.655364e+01,2.660642e+01,2.681725e+01,2.680408e+01,2.675141e+01,2.686989e+01,2.687647e+01,2.688305e+01,2.696195e+01,2.698824e+01,2.683699e+01,2.696853e+01,2.679092e+01,2.685015e+01,2.669871e+01,2.652065e+01,2.649424e+01,2.640838e+01,2.620998e+01,2.618349e+01,2.602446e+01,2.569237e+01,2.569237e+01,2.519227e+01,2.493127e+01,2.460243e+01,2.411059e+01,2.347381e+01,2.301071e+01,2.244948e+01,2.196104e+01,2.174013e+01,2.162950e+01,2.148411e+01,2.140787e+01,2.144253e+01,2.149796e+01,2.144946e+01,2.144253e+01,2.149796e+01,2.141480e+01,2.134545e+01,2.133851e+01,2.146332e+01,2.145639e+01,2.141480e+01,2.147718e+01,2.131076e+01,2.135933e+01,2.129688e+01,2.128993e+01,2.135933e+01,2.133158e+01,2.141480e+01,2.138013e+01,2.144253e+01,2.141480e+01,2.147025e+01,2.140787e+01,2.148411e+01,2.152567e+01,2.146332e+01,2.149796e+01,2.142867e+01,2.152567e+01,2.154645e+01,2.154645e+01,2.160182e+01,2.153952e+01,2.145639e+01,2.156029e+01,2.159490e+01,2.139400e+01,2.144946e+01,2.142867e+01,2.152567e+01,2.142174e+01,2.158106e+01,2.148411e+01,2.149104e+01,2.146332e+01,2.143560e+01,2.162950e+01,2.140094e+01,2.157414e+01,2.149796e+01,2.149796e+01,2.152567e+01,2.153952e+01,2.145639e+01,2.149104e+01,2.157414e+01,2.149796e+01,2.146332e+01,2.143560e+01,2.158106e+01,2.147025e+01,2.144946e+01,2.148411e+01,2.153952e+01,2.150489e+01,2.151182e+01,2.147025e+01,2.152567e+01,2.153260e+01,2.149796e+01,2.140787e+01,2.156029e+01,2.152567e+01,2.151875e+01,2.153260e+01,2.154645e+01,2.142867e+01,2.149796e+01,2.156721e+01,2.149796e+01,2.143560e+01,2.139400e+01,2.165717e+01,2.142867e+01,2.138013e+01,2.143560e+01,2.155337e+01,2.157414e+01,2.140787e+01,2.142867e+01,2.149104e+01,2.145639e+01,2.135933e+01,2.121355e+01,2.134545e+01,2.127605e+01,2.133158e+01,2.131076e+01,2.137320e+01,2.135933e+01,2.140787e+01,2.126911e+01,2.125522e+01,2.129688e+01,2.135933e+01,2.130382e+01,2.129688e+01,2.121355e+01,2.116491e+01,2.115101e+01,2.114406e+01,2.120660e+01,2.110929e+01,2.110234e+01,2.129688e+01,2.121355e+01,2.117186e+01,2.122744e+01,2.118576e+01,2.115796e+01,2.110929e+01,2.122050e+01,2.119966e+01,2.112320e+01,2.119966e+01,2.111625e+01,2.109539e+01,2.107452e+01,2.117881e+01,2.108148e+01,2.110929e+01,2.116491e+01,2.110929e+01,2.103973e+01,2.121355e+01,2.104669e+01,2.123439e+01,2.108148e+01,2.101189e+01,2.110234e+01,2.105365e+01,2.105365e+01,2.108843e+01,2.100493e+01,2.101189e+01,2.105365e+01,2.099797e+01,2.090743e+01,2.099797e+01,2.099101e+01,2.098405e+01,2.092833e+01,2.095619e+01,2.097709e+01,2.094923e+01,2.099797e+01,2.098405e+01,2.100493e+01,2.096316e+01,2.089350e+01,2.101885e+01,2.095619e+01,2.090743e+01,2.092137e+01,2.088653e+01,2.089350e+01,2.092833e+01,2.092137e+01,2.077496e+01,2.066327e+01,2.094923e+01,2.091440e+01,2.085865e+01,2.091440e+01,2.090743e+01,2.087956e+01,2.080286e+01,2.090047e+01,2.070517e+01,2.080286e+01,2.085168e+01,2.076798e+01,2.064231e+01,2.071913e+01,2.085168e+01,2.085168e+01,2.087956e+01,2.067723e+01,2.069818e+01,2.081681e+01,2.074007e+01,2.083076e+01,2.083773e+01,2.076798e+01,2.077496e+01,2.082378e+01,2.086562e+01,2.091440e+01,2.084470e+01,2.099101e+01,2.114406e+01,2.102581e+01,2.113711e+01,2.102581e+01,2.115796e+01,2.123439e+01,2.125522e+01,2.125522e+01,2.140094e+01,2.133158e+01,2.139400e+01,2.133158e+01,2.137320e+01,2.162258e+01,2.168483e+01,2.182303e+01,2.191965e+01,2.176777e+01,2.185755e+01,2.189206e+01,2.191276e+01,2.190586e+01,2.191965e+01,2.194725e+01,2.192655e+01,2.194035e+01,2.179540e+01,2.180922e+01,2.174013e+01,2.174013e+01,2.171940e+01,2.176086e+01,2.178159e+01,2.176777e+01,2.185065e+01,2.185065e+01,2.185065e+01,2.183684e+01,2.182303e+01,2.181612e+01,2.168483e+01,2.158106e+01,2.162950e+01,2.165025e+01,2.165025e+01,2.165717e+01,2.162950e+01,2.166409e+01,2.152567e+01,2.157414e+01,2.145639e+01,2.165717e+01,2.151182e+01,2.149796e+01,2.160874e+01,2.147025e+01,2.156721e+01,2.144253e+01,2.148411e+01,2.149796e+01,2.144946e+01,2.136626e+01,2.147718e+01,2.145639e+01,2.150489e+01,2.149104e+01,2.151875e+01,2.147718e+01,2.153260e+01,2.152567e+01,2.149104e+01,2.149104e+01,2.147025e+01,2.144946e+01,2.135933e+01,2.117881e+01,2.145639e+01,2.138707e+01,2.140094e+01,2.115796e+01,2.119966e+01,2.142174e+01,2.129688e+01,2.127605e+01,2.129688e+01,2.115101e+01,2.110234e+01,2.122744e+01,2.122744e+01,2.123439e+01,2.117881e+01,2.121355e+01,2.117186e+01,2.103973e+01,2.113711e+01,2.114406e+01,2.113711e+01,2.107452e+01,2.112320e+01,2.117881e+01,2.115101e+01,2.108148e+01,2.119966e+01,2.115101e+01,2.110234e+01,2.114406e+01,2.114406e+01,2.093530e+01,2.115796e+01,2.110234e+01,2.110234e+01,2.123439e+01,2.113015e+01,2.113015e+01,2.106756e+01,2.113015e+01,2.113015e+01,2.113711e+01,2.114406e+01,2.124133e+01,2.125522e+01,2.111625e+01,2.116491e+01,2.115101e+01,2.113015e+01,2.116491e+01,2.119271e+01,2.116491e+01,2.106756e+01,2.109539e+01,2.116491e+01,2.110929e+01,2.115101e+01,2.125522e+01,2.126911e+01,2.122744e+01,2.126217e+01,2.131076e+01,2.138707e+01,2.144253e+01,2.121355e+01,2.122050e+01,2.128993e+01,2.149796e+01,2.128299e+01,2.122744e+01,2.131076e+01,2.129688e+01,2.135239e+01,2.138013e+01,2.135239e+01,2.138707e+01,2.138707e+01,2.131770e+01,2.133158e+01,2.129688e+01,2.130382e+01,2.127605e+01,2.119966e+01,2.130382e+01,2.133851e+01,2.138707e+01,2.133851e+01,2.142174e+01,2.121355e+01,2.108843e+01,2.124133e+01,2.123439e+01,2.122744e+01,2.110929e+01,2.103277e+01,2.113711e+01,2.106061e+01,2.119966e+01,2.107452e+01,2.099101e+01,2.101885e+01,2.100493e+01,2.086562e+01,2.099797e+01,2.093530e+01,2.093530e+01,2.087259e+01,2.099101e+01,2.095619e+01,2.074007e+01,2.087956e+01,2.092137e+01,2.085168e+01,2.086562e+01,2.084470e+01,2.078891e+01,2.083076e+01,2.099797e+01,2.105365e+01,2.096316e+01,2.086562e+01,2.086562e+01,2.075403e+01,2.074007e+01,2.090047e+01,2.107452e+01,2.094226e+01,2.099101e+01,2.077496e+01,2.098405e+01,2.101885e+01,2.085865e+01,2.085168e+01,2.086562e+01,2.099797e+01,2.082378e+01,2.100493e+01,2.105365e+01,2.090743e+01,2.097012e+01,2.110929e+01,2.104669e+01,2.098405e+01,2.090743e+01,2.101189e+01,2.093530e+01,2.093530e+01,2.095619e+01,2.087956e+01,2.111625e+01,2.092137e+01,2.113711e+01,2.089350e+01,2.091440e+01,2.088653e+01,2.089350e+01,2.106756e+01,2.085865e+01
2.182303e+01,2.192655e+01,2.187135e+01,2.191965e+01,2.204376e+01,2.185065e+01,2.184374e+01,2.178850e+01,2.173322e+01,2.194035e+01,2.168483e+01,2.192655e+01,2.202308e+01,2.182993e+01,2.180922e+01,2.190586e+01,2.180922e+01,2.191965e+01,2.180922e+01,2.185065e+01,2.169866e+01,2.185065e+01,2.174013e+01,2.184374e+01,2.169866e+01,2.193345e+01,2.168483e+01,2.168483e+01,2.185065e+01,2.183684e+01,2.178159e+01,2.176777e+01,2.178850e+01,2.169175e+01,2.173322e+01,2.174013e+01,2.180231e+01,2.175395e+01,2.172631e+01,2.176086e+01,2.176777e+01,2.171248e+01,2.171940e+01,2.174704e+01,2.174013e+01,2.169866e+01,2.162950e+01,2.170557e+01,2.180231e+01,2.167792e+01,2.170557e+01,2.176086e+01,2.172631e+01,2.170557e+01,2.174704e+01,2.172631e+01,2.176086e+01,2.159490e+01,2.167792e+01,2.169175e+01,2.169866e+01,2.169866e+01,2.180231e+01,2.149104e+01,2.179540e+01,2.169866e+01,2.165025e+01,2.178159e+01,2.167792e+01,2.177468e+01,2.180231e+01,2.180231e+01,2.169866e+01,2.177468e+01,2.167792e+01,2.172631e+01,2.167792e+01,2.178159e+01,2.182303e+01,2.165025e+01,2.171248e+01,2.173322e+01,2.167792e+01,2.178850e+01,2.179540e+01,2.168483e+01,2.163642e+01,2.178850e+01,2.167100e+01,2.174704e+01,2.178850e+01,2.182303e+01,2.165025e+01,2.182993e+01,2.176086e+01,2.189206e+01,2.187135e+01,2.169866e+01,2.189206e+01,2.165717e+01,2.187135e+01,2.183684e+01,2.184374e+01,2.182993e+01,2.194035e+01,2.185755e+01,2.185065e+01,2.179540e+01,2.182993e+01,2.186445e+01,2.185065e+01,2.178159e+01,2.191276e+01,2.174704e+01,2.182993e+01,2.188516e+01,2.185755e+01,2.185755e+01,2.173322e+01,2.188516e+01,2.195414e+01,2.198172e+01,2.195414e+01,2.185755e+01,2.202308e+01,2.207820e+01,2.210575e+01,2.214017e+01,2.216771e+01,2.235335e+01,2.233961e+01,2.244948e+01,2.255237e+01,2.242202e+01,2.258665e+01,2.296292e+01,2.292194e+01,2.314031e+01,2.318802e+01,2.339224e+01,2.341944e+01,2.349419e+01,2.371814e+01,2.379269e+01,2.404979e+01,2.417810e+01,2.404979e+01,2.425906e+01,2.435343e+01,2.448137e+01,2.439385e+01,2.450828e+01,2.477034e+01,2.468977e+01,2.478376e+01,2.489776e+01,2.501165e+01,2.509865e+01,2.527913e+01,2.531919e+01,2.533254e+01,2.569903e+01,2.577882e+01,2.574558e+01,2.607087e+01,2.588511e+01,2.612389e+01,2.623645e+01,2.627615e+01,2.640178e+01,2.632907e+01,2.655364e+01,2.656024e+01,2.664598e+01,2.665257e+01,2.661961e+01,2.686989e+01,2.677775e+01,2.678433e+01,2.675141e+01,2.685015e+01,2.675800e+01,2.665257e+01,2.674482e+01,2.670530e+01,2.639517e+01,2.650084e+01,2.632245e+01,2.620998e+01,2.600457e+01,2.576552e+01,2.572563e+01,2.569903e+01,2.512541e+01,2.490447e+01,2.454864e+01,2.413760e+01,2.374526e+01,2.301753e+01,2.244261e+01,2.223650e+01,2.174013e+01,2.165717e+01,2.164334e+01,2.138013e+01,2.116491e+01,2.147718e+01,2.149104e+01,2.143560e+01,2.137320e+01,2.144253e+01,2.133851e+01,2.144946e+01,2.138707e+01,2.135239e+01,2.140787e+01,2.136626e+01,2.155337e+01,2.133158e+01,2.142174e+01,2.129688e+01,2.137320e+01,2.140094e+01,2.142867e+01,2.142174e+01,2.143560e+01,2.135239e+01,2.142174e+01,2.146332e+01,2.144253e+01,2.144946e+01,2.144946e+01,2.150489e+01,2.151182e+01,2.146332e+01,2.146332e+01,2.142867e+01,2.158106e+01,2.151875e+01,2.156029e+01,2.152567e+01,2.156029e+01,2.156029e+01,2.148411e+01,2.142867e+01,2.146332e+01,2.150489e+01,2.139400e+01,2.147025e+01,2.131770e+01,2.147025e+01,2.147025e+01,2.133851e+01,2.142867e+01,2.142867e+01,2.153260e+01,2.143560e+01,2.151875e+01,2.150489e+01,2.149104e+01,2.147718e+01,2.145639e+01,2.153260e+01,2.145639e+01,2.144946e+01,2.148411e+01,2.144946e+01,2.140094e+01,2.152567e+01,2.144946e+01,2.149796e+01,2.134545e+01,2.149104e+01,2.143560e+01,2.153260e+01,2.152567e+01,2.145639e+01,2.149796e+01,2.154645e+01,2.137320e+01,2.144253e+01,2.142174e+01,2.140787e+01,2.140787e+01,2.144253e+01,2.153952e+01,2.158106e+01,2.144253e+01,2.149104e+01,2.141480e+01,2.144253e+01,2.145639e+01,2.143560e+01,2.147025e+01,2.135239e+01,2.134545e+01,2.135239e+01,2.141480e+01,2.136626e+01,2.142867e+01,2.144253e+01,2.126217e+01,2.142174e+01,2.119271e+01,2.119966e+01,2.122744e+01,2.125522e+01,2.126911e+01,2.115796e+01,2.126217e+01,2.119271e+01,2.134545e+01,2.118576e+01,2.103973e+01,2.112320e+01,2.118576e+01,2.114406e+01,2.112320e+01,2.113015e+01,2.121355e+01,2.113015e+01,2.106061e+01,2.113711e+01,2.113711e+01,2.122744e+01,2.115101e+01,2.124828e+01,2.094226e+01,2.110234e+01,2.114406e+01,2.113711e+01,2.109539e+01,2.111625e+01,2.104669e+01,2.106061e+01,2.102581e+01,2.115796e+01,2.105365e+01,2.101189e+01,2.115796e+01,2.103277e+01,2.112320e+01,2.106756e+01,2.102581e+01,2.105365e+01,2.102581e+01,2.105365e+01,2.095619e+01,2.099797e+01,2.091440e+01,2.097012e+01,2.094226e+01,2.112320e+01,2.092833e+01,2.089350e+01,2.087956e+01,2.087259e+01,2.090743e+01,2.087259e+01,2.103973e+01,2.093530e+01,2.083076e+01,2.095619e+01,2.097012e+01,2.082378e+01,2.091440e+01,2.076798e+01,2.085168e+01,2.095619e+01,2.091440e+01,2.077496e+01,2.074705e+01,2.076100e+01,2.092137e+01,2.091440e+01,2.065628e+01,2.091440e+01,2.090743e+01,2.085865e+01,2.094226e+01,2.088653e+01,2.090047e+01,2.084470e+01,2.078193e+01,2.078193e+01,2.070517e+01,2.085865e+01,2.078193e+01,2.083773e+01,2.086562e+01,2.082378e+01,2.076798e+01,2.084470e+01,2.076798e+01,2.069818e+01,2.069818e+01,2.085865e+01,2.083773e+01,2.078891e+01,2.083773e+01,2.079589e+01,2.083076e+01,2.084470e+01,2.086562e+01,2.094923e+01,2.087956e+01,2.103277e+01,2.101885e+01,2.113711e+01,2.103277e+01,2.111625e+01,2.115796e+01,2.123439e+01,2.144946e+01,2.128299e+01,2.123439e+01,2.131076e+01,2.128993e+01,2.144946e+01,2.163642e+01,2.162258e+01,2.181612e+01,2.178850e+01,2.179540e+01,2.178850e+01,2.194725e+01,2.180922e+01,2.194035e+01,2.191965e+01,2.177468e+01,2.191276e+01,2.189896e+01,2.181612e+01,2.186445e+01,2.167792e+01,2.174704e+01,2.177468e+01,2.167792e+01,2.182993e+01,2.182303e+01,2.176086e+01,2.185065e+01,2.177468e+01,2.185755e+01,2.179540e+01,2.164334e+01,2.178159e+01,2.162950e+01,2.160874e+01,2.176777e+01,2.167792e+01,2.161566e+01,2.158106e+01,2.165717e+01,2.171940e+01,2.164334e+01,2.161566e+01,2.150489e+01,2.165025e+01,2.149796e+01,2.145639e+01,2.152567e+01,2.156029e+01,2.169175e+01,2.149796e+01,2.158106e+01,2.151182e+01,2.141480e+01,2.144253e+01,2.150489e+01,2.126911e+01,2.136626e+01,2.149796e+01,2.138707e+01,2.150489e+01,2.167792e+01,2.138707e+01,2.138013e+01,2.134545e+01,2.135933e+01,2.138707e+01,2.144946e+01,2.143560e+01,2.132464e+01,2.128993e+01,2.131076e+01,2.116491e+01,2.129688e+01,2.105365e+01,2.135239e+01,2.128993e+01,2.127605e+01,2.122050e+01,2.126217e+01,2.108148e+01,2.117186e+01,2.131770e+01,2.128299e+01,2.116491e+01,2.133851e+01,2.115101e+01,2.111625e+01,2.128993e+01,2.113015e+01,2.109539e+01,2.110234e+01,2.112320e+01,2.127605e+01,2.113015e+01,2.113711e+01,2.114406e+01,2.106061e+01,2.115101e+01,2.109539e+01,2.112320e+01,2.113015e+01,2.113015e+01,2.111625e+01,2.105365e+01,2.112320e+01,2.102581e+01,2.114406e+01,2.102581e+01,2.121355e+01,2.105365e+01,2.108843e+01,2.108148e+01,2.100493e+01,2.105365e+01,2.099101e+01,2.124133e+01,2.124828e+01,2.101189e+01,2.116491e+01,2.110929e+01,2.110929e+01,2.113711e+01,2.107452e+01,2.109539e+01,2.116491e+01,2.111625e+01,2.117881e+01,2.123439e+01,2.127605e+01,2.124828e+01,2.116491e+01,2.129688e+01,2.117881e+01,2.118576e+01,2.126217e+01,2.133851e+01,2.125522e+01,2.121355e+01,2.124133e+01,2.127605e+01,2.124133e+01,2.126217e+01,2.128993e+01,2.120660e+01,2.124133e+01,2.116491e+01,2.124828e+01,2.128299e+01,2.133851e+01,2.127605e+01,2.127605e+01,2.133851e+01,2.113711e+01,2.120660e+01,2.112320e+01,2.113015e+01,2.125522e+01,2.108843e+01,2.121355e+01,2.114406e+01,2.114406e+01,2.099797e+01,2.120660e+01,2.113711e+01,2.122050e+01,2.099101e+01,2.104669e+01,2.106061e+01,2.101189e+01,2.097709e+01,2.088653e+01,2.092833e+01,2.090743e+01,2.102581e+01,2.092833e+01,2.092137e+01,2.090743e+01,2.088653e+01,2.078193e+01,2.088653e+01,2.074705e+01,2.073309e+01,2.103277e+01,2.078193e+01,2.084470e+01,2.082378e+01,2.083773e+01,2.074007e+01,2.072611e+01,2.086562e+01,2.080984e+01,2.087259e+01,2.102581e+01,2.080984e+01,2.080984e+01,2.087259e+01,2.080984e+01,2.086562e+01,2.085865e+01,2.098405e+01,2.085865e+01,2.105365e+01,2.072611e+01,2.099797e+01,2.097709e+01,2.092833e+01,2.100493e+01,2.085168e+01,2.097709e+01,2.101885e+01,2.104669e+01,2.095619e+01,2.085865e+01,2.087956e+01,2.093530e+01,2.088653e+01,2.094226e+01,2.094226e+01,2.094923e+01,2.097012e+01,2.097012e+01,2.103277e+01,2.101189e+01,2.095619e+01,2.085865e+01
2.189206e+01,2.190586e+01,2.194725e+01,2.196793e+01,2.202308e+01,2.199551e+01,2.191965e+01,2.199551e+01,2.193345e+01,2.191276e+01,2.182303e+01,2.171940e+01,2.185065e+01,2.186445e+01,2.191276e+01,2.184374e+01,2.181612e+01,2.185755e+01,2.187135e+01,2.174704e+01,2.183684e+01,2.185065e+01,2.183684e+01,2.167100e+01,2.167792e+01,2.168483e+01,2.174013e+01,2.178159e+01,2.179540e+01,2.169175e+01,2.178159e+01,2.162950e+01,2.175395e+01,2.174704e+01,2.180922e+01,2.178159e+01,2.171940e+01,2.161566e+01,2.174704e+01,2.175395e+01,2.173322e+01,2.175395e+01,2.167100e+01,2.168483e+01,2.176086e+01,2.180922e+01,2.180922e+01,2.178850e+01,2.180922e+01,2.177468e+01,2.179540e+01,2.176777e+01,2.175395e+01,2.178159e+01,2.178850e+01,2.178850e+01,2.171248e+01,2.171248e+01,2.183684e+01,2.171248e+01,2.167792e+01,2.179540e+01,2.177468e+01,2.181612e+01,2.169866e+01,2.178850e+01,2.167100e+01,2.172631e+01,2.182993e+01,2.181612e+01,2.179540e+01,2.171248e+01,2.181612e+01,2.167792e+01,2.171940e+01,2.175395e+01,2.173322e+01,2.168483e+01,2.177468e+01,2.182303e+01,2.179540e+01,2.176086e+01,2.175395e+01,2.178850e+01,2.177468e+01,2.177468e+01,2.179540e+01,2.178159e+01,2.169866e+01,2.180231e+01,2.189206e+01,2.191965e+01,2.179540e+01,2.182993e+01,2.172631e+01,2.172631e+01,2.188516e+01,2.184374e+01,2.192655e+01,2.171940e+01,2.188516e+01,2.177468e+01,2.187825e+01,2.182993e+01,2.187135e+01,2.187135e+01,2.186445e+01,2.186445e+01,2.181612e+01,2.187825e+01,2.193345e+01,2.182303e+01,2.175395e+01,2.182993e+01,2.196104e+01,2.173322e+01,2.191965e+01,2.191965e+01,2.178850e+01,2.188516e+01,2.190586e+01,2.182303e+01,2.181612e+01,2.182993e+01,2.187825e+01,2.189206e+01,2.217459e+01,2.222275e+01,2.222962e+01,2.233961e+01,2.229151e+01,2.237395e+01,2.229838e+01,2.242202e+01,2.280573e+01,2.283993e+01,2.294926e+01,2.316758e+01,2.312668e+01,2.318121e+01,2.335823e+01,2.367746e+01,2.362998e+01,2.379946e+01,2.392808e+01,2.397543e+01,2.413760e+01,2.415110e+01,2.444771e+01,2.436690e+01,2.452174e+01,2.438038e+01,2.466962e+01,2.464275e+01,2.461587e+01,2.473006e+01,2.511203e+01,2.499156e+01,2.535256e+01,2.524573e+01,2.534589e+01,2.529916e+01,2.575887e+01,2.578546e+01,2.593158e+01,2.605099e+01,2.611726e+01,2.615038e+01,2.621660e+01,2.624307e+01,2.628938e+01,2.655364e+01,2.636873e+01,2.642820e+01,2.661301e+01,2.664598e+01,2.669871e+01,2.668553e+01,2.674482e+01,2.676458e+01,2.673165e+01,2.675800e+01,2.645462e+01,2.659323e+01,2.672506e+01,2.638856e+01,2.642160e+01,2.622983e+01,2.620336e+01,2.599130e+01,2.586519e+01,2.565911e+01,2.547262e+01,2.511203e+01,2.493127e+01,2.460915e+01,2.427929e+01,2.343983e+01,2.321527e+01,2.262091e+01,2.227088e+01,2.175395e+01,2.170557e+01,2.170557e+01,2.145639e+01,2.146332e+01,2.125522e+01,2.144946e+01,2.148411e+01,2.143560e+01,2.136626e+01,2.137320e+01,2.144946e+01,2.144253e+01,2.153260e+01,2.147025e+01,2.149104e+01,2.145639e+01,2.147718e+01,2.144946e+01,2.142867e+01,2.133158e+01,2.138707e+01,2.138013e+01,2.140787e+01,2.145639e+01,2.144253e+01,2.144946e+01,2.142174e+01,2.142867e+01,2.161566e+01,2.146332e+01,2.149104e+01,2.147718e+01,2.145639e+01,2.151182e+01,2.155337e+01,2.161566e+01,2.142174e+01,2.155337e+01,2.156721e+01,2.177468e+01,2.156721e+01,2.153952e+01,2.151875e+01,2.161566e+01,2.143560e+01,2.147718e+01,2.146332e+01,2.148411e+01,2.154645e+01,2.142174e+01,2.154645e+01,2.145639e+01,2.147718e+01,2.149104e+01,2.153952e+01,2.149104e+01,2.154645e+01,2.152567e+01,2.147718e+01,2.149796e+01,2.146332e+01,2.147025e+01,2.151182e+01,2.143560e+01,2.155337e+01,2.147718e+01,2.145639e+01,2.143560e+01,2.144253e+01,2.144253e+01,2.144253e+01,2.158798e+01,2.145639e+01,2.158106e+01,2.138013e+01,2.142867e+01,2.147718e+01,2.153260e+01,2.149104e+01,2.142174e+01,2.147718e+01,2.157414e+01,2.161566e+01,2.140094e+01,2.158798e+01,2.170557e+01,2.147718e+01,2.153260e+01,2.145639e+01,2.159490e+01,2.142174e+01,2.143560e+01,2.136626e+01,2.131770e+01,2.132464e+01,2.135933e+01,2.138707e+01,2.134545e+01,2.137320e+01,2.132464e+01,2.128993e+01,2.128993e+01,2.123439e+01,2.128993e+01,2.126911e+01,2.115101e+01,2.113711e+01,2.117186e+01,2.119966e+01,2.117186e+01,2.125522e+01,2.103973e+01,2.111625e+01,2.115796e+01,2.112320e+01,2.117881e+01,2.113711e+01,2.124828e+01,2.111625e+01,2.116491e+01,2.124828e+01,2.124133e+01,2.108843e+01,2.113711e+01,2.098405e+01,2.108148e+01,2.112320e+01,2.117186e+01,2.109539e+01,2.108843e+01,2.099101e+01,2.107452e+01,2.119271e+01,2.099797e+01,2.122050e+01,2.098405e+01,2.114406e+01,2.115796e+01,2.105365e+01,2.121355e+01,2.109539e+01,2.098405e+01,2.106756e+01,2.099101e+01,2.108148e+01,2.104669e+01,2.103277e+01,2.089350e+01,2.092833e+01,2.108148e+01,2.107452e+01,2.107452e+01,2.097012e+01,2.087956e+01,2.091440e+01,2.091440e+01,2.089350e+01,2.096316e+01,2.090743e+01,2.099797e+01,2.100493e+01,2.099101e+01,2.101885e+01,2.086562e+01,2.089350e+01,2.093530e+01,2.089350e+01,2.092137e+01,2.082378e+01,2.090047e+01,2.094226e+01,2.090743e+01,2.090743e+01,2.088653e+01,2.085168e+01,2.085865e+01,2.091440e+01,2.087956e+01,2.090047e+01,2.086562e+01,2.094226e+01,2.083076e+01,2.086562e+01,2.082378e+01,2.086562e+01,2.085168e+01,2.074007e+01,2.090047e+01,2.083076e+01,2.088653e+01,2.085865e+01,2.083773e+01,2.080984e+01,2.080286e+01,2.078891e+01,2.070517e+01,2.101885e+01,2.083773e+01,2.083773e+01,2.082378e+01,2.104669e+01,2.085865e+01,2.101189e+01,2.097012e+01,2.116491e+01,2.103973e+01,2.113015e+01,2.105365e+01,2.112320e+01,2.124133e+01,2.124828e+01,2.122744e+01,2.129688e+01,2.129688e+01,2.144253e+01,2.155337e+01,2.130382e+01,2.149104e+01,2.181612e+01,2.180231e+01,2.180922e+01,2.178159e+01,2.194725e+01,2.194035e+01,2.179540e+01,2.185755e+01,2.185065e+01,2.192655e+01,2.180922e+01,2.180231e+01,2.187135e+01,2.182993e+01,2.175395e+01,2.170557e+01,2.180922e+01,2.175395e+01,2.185755e+01,2.177468e+01,2.162950e+01,2.182993e+01,2.178850e+01,2.183684e+01,2.175395e+01,2.165025e+01,2.165025e+01,2.164334e+01,2.166409e+01,2.165025e+01,2.166409e+01,2.167792e+01,2.153260e+01,2.165717e+01,2.151182e+01,2.160182e+01,2.142174e+01,2.147025e+01,2.147718e+01,2.153952e+01,2.157414e+01,2.158798e+01,2.142867e+01,2.156029e+01,2.149796e+01,2.150489e+01,2.151875e+01,2.152567e+01,2.157414e+01,2.149796e+01,2.141480e+01,2.139400e+01,2.150489e+01,2.155337e+01,2.135933e+01,2.139400e+01,2.140787e+01,2.150489e+01,2.147718e+01,2.140787e+01,2.140787e+01,2.130382e+01,2.131076e+01,2.126911e+01,2.137320e+01,2.138707e+01,2.126217e+01,2.122744e+01,2.125522e+01,2.126911e+01,2.125522e+01,2.127605e+01,2.124133e+01,2.125522e+01,2.129688e+01,2.118576e+01,2.116491e+01,2.113711e+01,2.130382e+01,2.121355e+01,2.114406e+01,2.113015e+01,2.110929e+01,2.127605e+01,2.130382e+01,2.122744e+01,2.120660e+01,2.128299e+01,2.131770e+01,2.127605e+01,2.117881e+01,2.126217e+01,2.115796e+01,2.103973e+01,2.106756e+01,2.127605e+01,2.131076e+01,2.106061e+01,2.108148e+01,2.113711e+01,2.138013e+01,2.114406e+01,2.110234e+01,2.103277e+01,2.111625e+01,2.098405e+01,2.129688e+01,2.108843e+01,2.106756e+01,2.122050e+01,2.117881e+01,2.115101e+01,2.121355e+01,2.103973e+01,2.097709e+01,2.116491e+01,2.115101e+01,2.116491e+01,2.114406e+01,2.114406e+01,2.117186e+01,2.123439e+01,2.113015e+01,2.126217e+01,2.124133e+01,2.124828e+01,2.130382e+01,2.128993e+01,2.128299e+01,2.122744e+01,2.120660e+01,2.133851e+01,2.126217e+01,2.122050e+01,2.122744e+01,2.127605e+01,2.123439e+01,2.122050e+01,2.125522e+01,2.128993e+01,2.125522e+01,2.144946e+01,2.123439e+01,2.123439e+01,2.117186e+01,2.124828e+01,2.122050e+01,2.112320e+01,2.129688e+01,2.115796e+01,2.112320e+01,2.106756e+01,2.117881e+01,2.125522e+01,2.094923e+01,2.103277e+01,2.115101e+01,2.115101e+01,2.108148e+01,2.108843e+01,2.092833e+01,2.103973e+01,2.106061e+01,2.106756e+01,2.094226e+01,2.092137e+01,2.092137e+01,2.090743e+01,2.083773e+01,2.094226e+01,2.093530e+01,2.087259e+01,2.090047e+01,2.075403e+01,2.077496e+01,2.087259e+01,2.071913e+01,2.085168e+01,2.083076e+01,2.084470e+01,2.085168e+01,2.080984e+01,2.088653e+01,2.074705e+01,2.082378e+01,2.076100e+01,2.091440e+01,2.106061e+01,2.089350e+01,2.110929e+01,2.078193e+01,2.096316e+01,2.113711e+01,2.087956e+01,2.087259e+01,2.103973e+01,2.082378e+01,2.082378e+01,2.085865e+01,2.093530e+01,2.109539e+01,2.100493e+01,2.097709e+01,2.076100e+01,2.097709e+01,2.110234e+01,2.092137e+01,2.101885e+01,2.097012e+01,2.088653e+01,2.090743e+01,2.094923e+01,2.092833e+01,2.097709e+01,2.114406e+01,2.093530e+01,2.089350e+01,2.084470e+01,2.100493e+01,2.076100e+01
2.189206e+01,2.180922e+01,2.189896e+01,2.184374e+01,2.184374e+01,2.181612e+01,2.190586e+01,2.188516e+01,2.181612e+01,2.198862e+01,2.198862e+01,2.186445e+01,2.176777e+01,2.190586e+01,2.182303e+01,2.180922e+01,2.185065e+01,2.198172e+01,2.186445e+01,2.182303e+01,2.183684e+01,2.174013e+01,2.185065e+01,2.168483e+01,2.185065e+01,2.189206e+01,2.182303e+01,2.178850e+01,2.178850e+01,2.160182e+01,2.178850e+01,2.176086e+01,2.176086e+01,2.169175e+01,2.175395e+01,2.174704e+01,2.180922e+01,2.158798e+01,2.173322e+01,2.174704e+01,2.177468e+01,2.178159e+01,2.184374e+01,2.161566e+01,2.175395e+01,2.165717e+01,2.165025e+01,2.180922e+01,2.173322e+01,2.168483e+01,2.162950e+01,2.161566e+01,2.172631e+01,2.162258e+01,2.180922e+01,2.175395e+01,2.175395e+01,2.171940e+01,2.170557e+01,2.178159e+01,2.182993e+01,2.176777e+01,2.178159e+01,2.168483e+01,2.181612e+01,2.160874e+01,2.171248e+01,2.171248e+01,2.167792e+01,2.171940e+01,2.167100e+01,2.166409e+01,2.176086e+01,2.163642e+01,2.169175e+01,2.171248e+01,2.169866e+01,2.172631e+01,2.177468e+01,2.177468e+01,2.176777e+01,2.174013e+01,2.191276e+01,2.169866e+01,2.166409e+01,2.179540e+01,2.179540e+01,2.170557e+01,2.176086e+01,2.184374e+01,2.174013e+01,2.174704e+01,2.174013e+01,2.187135e+01,2.174704e+01,2.172631e+01,2.193345e+01,2.195414e+01,2.180922e+01,2.176086e+01,2.165025e+01,2.185755e+01,2.166409e+01,2.187825e+01,2.188516e+01,2.188516e+01,2.186445e+01,2.185755e+01,2.181612e+01,2.175395e+01,2.196104e+01,2.184374e+01,2.195414e+01,2.192655e+01,2.195414e+01,2.199551e+01,2.186445e+01,2.188516e+01,2.176086e+01,2.184374e+01,2.182993e+01,2.178159e+01,2.198172e+01,2.198862e+01,2.196793e+01,2.191276e+01,2.201619e+01,2.201619e+01,2.209886e+01,2.210575e+01,2.229151e+01,2.238082e+01,2.238769e+01,2.238769e+01,2.256608e+01,2.255237e+01,2.278522e+01,2.275101e+01,2.314031e+01,2.318121e+01,2.341944e+01,2.350099e+01,2.349419e+01,2.367068e+01,2.367746e+01,2.369102e+01,2.398219e+01,2.398895e+01,2.413760e+01,2.425906e+01,2.426580e+01,2.436017e+01,2.443425e+01,2.466291e+01,2.450155e+01,2.475020e+01,2.492457e+01,2.492457e+01,2.507858e+01,2.521232e+01,2.523237e+01,2.531919e+01,2.555258e+01,2.557257e+01,2.555925e+01,2.579876e+01,2.593822e+01,2.593822e+01,2.600457e+01,2.604436e+01,2.630261e+01,2.636873e+01,2.640838e+01,2.644141e+01,2.657344e+01,2.646123e+01,2.642160e+01,2.667235e+01,2.666576e+01,2.662620e+01,2.662620e+01,2.669212e+01,2.648104e+01,2.643481e+01,2.639517e+01,2.638195e+01,2.619674e+01,2.617687e+01,2.599793e+01,2.593822e+01,2.585855e+01,2.567907e+01,2.529248e+01,2.509196e+01,2.484413e+01,2.460243e+01,2.408357e+01,2.370458e+01,2.311304e+01,2.268940e+01,2.214706e+01,2.192655e+01,2.144253e+01,2.162950e+01,2.146332e+01,2.143560e+01,2.145639e+01,2.146332e+01,2.134545e+01,2.139400e+01,2.142174e+01,2.126217e+01,2.155337e+01,2.136626e+01,2.142174e+01,2.146332e+01,2.133158e+01,2.141480e+01,2.129688e+01,2.140094e+01,2.138707e+01,2.135933e+01,2.140787e+01,2.144946e+01,2.149796e+01,2.138013e+01,2.137320e+01,2.142174e+01,2.140094e+01,2.144253e+01,2.135933e+01,2.142867e+01,2.153260e+01,2.147718e+01,2.149796e+01,2.151182e+01,2.123439e+01,2.151875e+01,2.153260e+01,2.153260e+01,2.160874e+01,2.156721e+01,2.161566e+01,2.135239e+01,2.154645e+01,2.131076e+01,2.133851e+01,2.145639e+01,2.156029e+01,2.149104e+01,2.137320e+01,2.152567e+01,2.129688e+01,2.148411e+01,2.142174e+01,2.155337e+01,2.149796e+01,2.153260e+01,2.149796e+01,2.148411e+01,2.126911e+01,2.148411e+01,2.147025e+01,2.146332e+01,2.131076e+01,2.143560e+01,2.148411e+01,2.131770e+01,2.131770e+01,2.126911e+01,2.137320e+01,2.142867e+01,2.141480e+01,2.135933e+01,2.140787e+01,2.137320e+01,2.129688e+01,2.151875e+01,2.139400e+01,2.141480e+01,2.152567e+01,2.144946e+01,2.142174e+01,2.140094e+01,2.142174e+01,2.142174e+01,2.147025e+01,2.144946e+01,2.129688e+01,2.144946e+01,2.143560e+01,2.141480e+01,2.144253e+01,2.140787e+01,2.134545e+01,2.132464e+01,2.137320e+01,2.135239e+01,2.135933e+01,2.126911e+01,2.135239e+01,2.122050e+01,2.129688e+01,2.120660e+01,2.124133e+01,2.119271e+01,2.123439e+01,2.117881e+01,2.106061e+01,2.111625e+01,2.117881e+01,2.103277e+01,2.113711e+01,2.111625e+01,2.113711e+01,2.113711e+01,2.110234e+01,2.104669e+01,2.108148e+01,2.112320e+01,2.113015e+01,2.100493e+01,2.108148e+01,2.108148e+01,2.117881e+01,2.110929e+01,2.103973e+01,2.111625e+01,2.108843e+01,2.109539e+01,2.117186e+01,2.108843e+01,2.102581e+01,2.101189e+01,2.118576e+01,2.097709e+01,2.117881e+01,2.100493e+01,2.106061e+01,2.098405e+01,2.101885e+01,2.101189e+01,2.096316e+01,2.097709e+01,2.109539e+01,2.100493e+01,2.094923e+01,2.094923e+01,2.083076e+01,2.097012e+01,2.090047e+01,2.092137e+01,2.093530e+01,2.092833e+01,2.106756e+01,2.094226e+01,2.087259e+01,2.086562e+01,2.090743e+01,2.087259e+01,2.086562e+01,2.101885e+01,2.095619e+01,2.084470e+01,2.099101e+01,2.083076e+01,2.099101e+01,2.092833e+01,2.085168e+01,2.087956e+01,2.092137e+01,2.103973e+01,2.085865e+01,2.088653e+01,2.088653e+01,2.087956e+01,2.087956e+01,2.087259e+01,2.090047e+01,2.087259e+01,2.087956e+01,2.089350e+01,2.081681e+01,2.082378e+01,2.083076e+01,2.069120e+01,2.087956e+01,2.080286e+01,2.082378e+01,2.076798e+01,2.068422e+01,2.090047e+01,2.086562e+01,2.087259e+01,2.071215e+01,2.076798e+01,2.079589e+01,2.074007e+01,2.097709e+01,2.087956e+01,2.080286e+01,2.085865e+01,2.101885e+01,2.089350e+01,2.088653e+01,2.101189e+01,2.116491e+01,2.106756e+01,2.104669e+01,2.111625e+01,2.097709e+01,2.117881e+01,2.119271e+01,2.133158e+01,2.127605e+01,2.127605e+01,2.146332e+01,2.137320e+01,2.134545e+01,2.165025e+01,2.160874e+01,2.179540e+01,2.178159e+01,2.180922e+01,2.178850e+01,2.184374e+01,2.185065e+01,2.187825e+01,2.178850e+01,2.176086e+01,2.189206e+01,2.183684e+01,2.179540e+01,2.178159e+01,2.182993e+01,2.183684e+01,2.172631e+01,2.182993e+01,2.173322e+01,2.180922e+01,2.165717e+01,2.177468e+01,2.166409e+01,2.185065e+01,2.185065e+01,2.182303e+01,2.169175e+01,2.162258e+01,2.163642e+01,2.157414e+01,2.162950e+01,2.162258e+01,2.147025e+01,2.152567e+01,2.153260e+01,2.141480e+01,2.141480e+01,2.142867e+01,2.152567e+01,2.149796e+01,2.147025e+01,2.154645e+01,2.156029e+01,2.155337e+01,2.153260e+01,2.139400e+01,2.158798e+01,2.157414e+01,2.160874e+01,2.155337e+01,2.154645e+01,2.149796e+01,2.135239e+01,2.150489e+01,2.155337e+01,2.145639e+01,2.139400e+01,2.142174e+01,2.143560e+01,2.132464e+01,2.134545e+01,2.130382e+01,2.139400e+01,2.142174e+01,2.131770e+01,2.132464e+01,2.130382e+01,2.133851e+01,2.127605e+01,2.122050e+01,2.120660e+01,2.124133e+01,2.128299e+01,2.129688e+01,2.120660e+01,2.116491e+01,2.128299e+01,2.130382e+01,2.114406e+01,2.119966e+01,2.113015e+01,2.122744e+01,2.133851e+01,2.119271e+01,2.112320e+01,2.132464e+01,2.117881e+01,2.115796e+01,2.110929e+01,2.121355e+01,2.119271e+01,2.124828e+01,2.117186e+01,2.108843e+01,2.124133e+01,2.110929e+01,2.115796e+01,2.108843e+01,2.113015e+01,2.107452e+01,2.115796e+01,2.107452e+01,2.113015e+01,2.113711e+01,2.098405e+01,2.116491e+01,2.101885e+01,2.116491e+01,2.103973e+01,2.102581e+01,2.111625e+01,2.101885e+01,2.101885e+01,2.096316e+01,2.091440e+01,2.110234e+01,2.111625e+01,2.106756e+01,2.113711e+01,2.113015e+01,2.113015e+01,2.119271e+01,2.115796e+01,2.121355e+01,2.117186e+01,2.125522e+01,2.119271e+01,2.122744e+01,2.116491e+01,2.119966e+01,2.132464e+01,2.122050e+01,2.135239e+01,2.122050e+01,2.133158e+01,2.120660e+01,2.123439e+01,2.115796e+01,2.128299e+01,2.129688e+01,2.126911e+01,2.127605e+01,2.123439e+01,2.140094e+01,2.124828e+01,2.116491e+01,2.120660e+01,2.115796e+01,2.118576e+01,2.134545e+01,2.113711e+01,2.112320e+01,2.106061e+01,2.094923e+01,2.105365e+01,2.101885e+01,2.106756e+01,2.110929e+01,2.098405e+01,2.091440e+01,2.108843e+01,2.094226e+01,2.079589e+01,2.085168e+01,2.094226e+01,2.083076e+01,2.092137e+01,2.091440e+01,2.088653e+01,2.092137e+01,2.103277e+01,2.079589e+01,2.072611e+01,2.094226e+01,2.079589e+01,2.091440e+01,2.079589e+01,2.069818e+01,2.082378e+01,2.081681e+01,2.085168e+01,2.082378e+01,2.100493e+01,2.083076e+01,2.074007e+01,2.076100e+01,2.085865e+01,2.092833e+01,2.081681e+01,2.094226e+01,2.082378e+01,2.097709e+01,2.097709e+01,2.073309e+01,2.100493e+01,2.091440e+01,2.103277e+01,2.092137e+01,2.072611e+01,2.096316e+01,2.092137e+01,2.099101e+01,2.097709e+01,2.098405e+01,2.104669e+01,2.099101e+01,2.104669e+01,2.088653e+01,2.087956e+01,2.092137e+01,2.091440e+01,2.097012e+01,2.101885e+01,2.095619e+01,2.100493e+01,2.092833e+01,2.099101e+01,2.090047e+01,2.091440e+01,2.091440e+01
2.187825e+01,2.189206e+01,2.180231e+01,2.199551e+01,2.198862e+01,2.181612e+01,2.192655e+01,2.192655e+01,2.194725e+01,2.196104e+01,2.191965e+01,2.197483e+01,2.200930e+01,2.197483e+01,2.191965e+01,2.195414e+01,2.182993e+01,2.182993e+01,2.189896e+01,2.187135e+01,2.176086e+01,2.186445e+01,2.171248e+01,2.186445e+01,2.184374e+01,2.172631e+01,2.175395e+01,2.166409e+01,2.181612e+01,2.180922e+01,2.175395e+01,2.166409e+01,2.175395e+01,2.165717e+01,2.174013e+01,2.176777e+01,2.173322e+01,2.169175e+01,2.170557e+01,2.174013e+01,2.177468e+01,2.171940e+01,2.170557e+01,2.169175e+01,2.167792e+01,2.156029e+01,2.174013e+01,2.176777e+01,2.174704e+01,2.174704e+01,2.174704e+01,2.176086e+01,2.160874e+01,2.156029e+01,2.178159e+01,2.173322e+01,2.174013e+01,2.176086e+01,2.165717e+01,2.170557e+01,2.184374e+01,2.169866e+01,2.176086e+01,2.163642e+01,2.168483e+01,2.173322e+01,2.167792e+01,2.174013e+01,2.178850e+01,2.180231e+01,2.170557e+01,2.167100e+01,2.181612e+01,2.178159e+01,2.165025e+01,2.169175e+01,2.174013e+01,2.165717e+01,2.177468e+01,2.171940e+01,2.180231e+01,2.185065e+01,2.174013e+01,2.171940e+01,2.186445e+01,2.178159e+01,2.169175e+01,2.176086e+01,2.177468e+01,2.173322e+01,2.176777e+01,2.174013e+01,2.187825e+01,2.180922e+01,2.182993e+01,2.182303e+01,2.191276e+01,2.193345e+01,2.176777e+01,2.176777e+01,2.163642e+01,2.185755e+01,2.181612e+01,2.187135e+01,2.184374e+01,2.192655e+01,2.185755e+01,2.189896e+01,2.182993e+01,2.185755e+01,2.191965e+01,2.189206e+01,2.180922e+01,2.170557e+01,2.175395e+01,2.175395e+01,2.180922e+01,2.182993e+01,2.180231e+01,2.183684e+01,2.185065e+01,2.184374e+01,2.189896e+01,2.187825e+01,2.191965e+01,2.195414e+01,2.211952e+01,2.198862e+01,2.213329e+01,2.225713e+01,2.226401e+01,2.233961e+01,2.246320e+01,2.222275e+01,2.249065e+01,2.275101e+01,2.270309e+01,2.293560e+01,2.300388e+01,2.311304e+01,2.321527e+01,2.339904e+01,2.348060e+01,2.369781e+01,2.374526e+01,2.398895e+01,2.373170e+01,2.404303e+01,2.418485e+01,2.413760e+01,2.419835e+01,2.423882e+01,2.430625e+01,2.450828e+01,2.452846e+01,2.473006e+01,2.485084e+01,2.489776e+01,2.499826e+01,2.495137e+01,2.504512e+01,2.522569e+01,2.529916e+01,2.551261e+01,2.555925e+01,2.545929e+01,2.598467e+01,2.589839e+01,2.590503e+01,2.605761e+01,2.626954e+01,2.607087e+01,2.630261e+01,2.626954e+01,2.630923e+01,2.641499e+01,2.635551e+01,2.640178e+01,2.635551e+01,2.628277e+01,2.636873e+01,2.651405e+01,2.634229e+01,2.639517e+01,2.618349e+01,2.615701e+01,2.613051e+01,2.607750e+01,2.596476e+01,2.593822e+01,2.561252e+01,2.545262e+01,2.531251e+01,2.509196e+01,2.487095e+01,2.443425e+01,2.417135e+01,2.371814e+01,2.333101e+01,2.289461e+01,2.248379e+01,2.199551e+01,2.174704e+01,2.158106e+01,2.165717e+01,2.146332e+01,2.142174e+01,2.144946e+01,2.144946e+01,2.136626e+01,2.137320e+01,2.137320e+01,2.148411e+01,2.142174e+01,2.144946e+01,2.133851e+01,2.142174e+01,2.138013e+01,2.133158e+01,2.142867e+01,2.147025e+01,2.135239e+01,2.140787e+01,2.140094e+01,2.139400e+01,2.142174e+01,2.138707e+01,2.139400e+01,2.137320e+01,2.138707e+01,2.158798e+01,2.152567e+01,2.137320e+01,2.153952e+01,2.150489e+01,2.148411e+01,2.163642e+01,2.135933e+01,2.130382e+01,2.149796e+01,2.151182e+01,2.152567e+01,2.150489e+01,2.135933e+01,2.132464e+01,2.133158e+01,2.131770e+01,2.131770e+01,2.156721e+01,2.145639e+01,2.142174e+01,2.142867e+01,2.153952e+01,2.145639e+01,2.126217e+01,2.138013e+01,2.153260e+01,2.152567e+01,2.152567e+01,2.148411e+01,2.146332e+01,2.148411e+01,2.149796e+01,2.145639e+01,2.154645e+01,2.131770e+01,2.140094e+01,2.136626e+01,2.132464e+01,2.149104e+01,2.138013e+01,2.140787e+01,2.142174e+01,2.140787e+01,2.142867e+01,2.141480e+01,2.142867e+01,2.139400e+01,2.144946e+01,2.147718e+01,2.141480e+01,2.141480e+01,2.145639e+01,2.150489e+01,2.140787e+01,2.144253e+01,2.139400e+01,2.138707e+01,2.128993e+01,2.149796e+01,2.140787e+01,2.144253e+01,2.164334e+01,2.140787e+01,2.133851e+01,2.124133e+01,2.135239e+01,2.131770e+01,2.134545e+01,2.132464e+01,2.119966e+01,2.122050e+01,2.125522e+01,2.121355e+01,2.122050e+01,2.115796e+01,2.115796e+01,2.110234e+01,2.113015e+01,2.116491e+01,2.104669e+01,2.108843e+01,2.119966e+01,2.110929e+01,2.126217e+01,2.121355e+01,2.114406e+01,2.125522e+01,2.110234e+01,2.101189e+01,2.108148e+01,2.103973e+01,2.108843e+01,2.092137e+01,2.103973e+01,2.110929e+01,2.107452e+01,2.113015e+01,2.107452e+01,2.103973e+01,2.104669e+01,2.091440e+01,2.122744e+01,2.096316e+01,2.099101e+01,2.097012e+01,2.115101e+01,2.097709e+01,2.103277e+01,2.101189e+01,2.084470e+01,2.103973e+01,2.096316e+01,2.093530e+01,2.101885e+01,2.093530e+01,2.102581e+01,2.091440e+01,2.090047e+01,2.090047e+01,2.092833e+01,2.094923e+01,2.091440e+01,2.094923e+01,2.100493e+01,2.081681e+01,2.082378e+01,2.083773e+01,2.085168e+01,2.090047e+01,2.082378e+01,2.092137e+01,2.099797e+01,2.094923e+01,2.080984e+01,2.080984e+01,2.090743e+01,2.072611e+01,2.092833e+01,2.092833e+01,2.090047e+01,2.092137e+01,2.089350e+01,2.094923e+01,2.091440e+01,2.062135e+01,2.087259e+01,2.086562e+01,2.088653e+01,2.075403e+01,2.087956e+01,2.087956e+01,2.087259e+01,2.094226e+01,2.093530e+01,2.085168e+01,2.083076e+01,2.083773e+01,2.088653e+01,2.089350e+01,2.087259e+01,2.087956e+01,2.090047e+01,2.090047e+01,2.078891e+01,2.076798e+01,2.075403e+01,2.078193e+01,2.078891e+01,2.093530e+01,2.083076e+01,2.083773e+01,2.091440e+01,2.104669e+01,2.089350e+01,2.085168e+01,2.103973e+01,2.103973e+01,2.106756e+01,2.117186e+01,2.120660e+01,2.128299e+01,2.124828e+01,2.131076e+01,2.125522e+01,2.132464e+01,2.144253e+01,2.141480e+01,2.144946e+01,2.158106e+01,2.161566e+01,2.176777e+01,2.182993e+01,2.181612e+01,2.187135e+01,2.183684e+01,2.185065e+01,2.189206e+01,2.196104e+01,2.174013e+01,2.185065e+01,2.187135e+01,2.182303e+01,2.187825e+01,2.180231e+01,2.182993e+01,2.185755e+01,2.184374e+01,2.181612e+01,2.181612e+01,2.180231e+01,2.181612e+01,2.174013e+01,2.180231e+01,2.181612e+01,2.166409e+01,2.155337e+01,2.170557e+01,2.168483e+01,2.159490e+01,2.164334e+01,2.165717e+01,2.144946e+01,2.160182e+01,2.157414e+01,2.160182e+01,2.158106e+01,2.153952e+01,2.170557e+01,2.150489e+01,2.168483e+01,2.151875e+01,2.144946e+01,2.150489e+01,2.139400e+01,2.142174e+01,2.158798e+01,2.143560e+01,2.142867e+01,2.149104e+01,2.154645e+01,2.156721e+01,2.147025e+01,2.144946e+01,2.152567e+01,2.138013e+01,2.150489e+01,2.139400e+01,2.144253e+01,2.140787e+01,2.141480e+01,2.132464e+01,2.134545e+01,2.135933e+01,2.135933e+01,2.138013e+01,2.133158e+01,2.131076e+01,2.119271e+01,2.125522e+01,2.131770e+01,2.131076e+01,2.134545e+01,2.131770e+01,2.128993e+01,2.120660e+01,2.134545e+01,2.119271e+01,2.118576e+01,2.121355e+01,2.115796e+01,2.113015e+01,2.124828e+01,2.118576e+01,2.130382e+01,2.112320e+01,2.120660e+01,2.110929e+01,2.124828e+01,2.117881e+01,2.108843e+01,2.130382e+01,2.127605e+01,2.115796e+01,2.127605e+01,2.110929e+01,2.117186e+01,2.114406e+01,2.115796e+01,2.118576e+01,2.108843e+01,2.117186e+01,2.113711e+01,2.113015e+01,2.115796e+01,2.113015e+01,2.124133e+01,2.108843e+01,2.107452e+01,2.105365e+01,2.119271e+01,2.100493e+01,2.100493e+01,2.111625e+01,2.122744e+01,2.104669e+01,2.112320e+01,2.113015e+01,2.113711e+01,2.110929e+01,2.113015e+01,2.108148e+01,2.122050e+01,2.110929e+01,2.132464e+01,2.117881e+01,2.114406e+01,2.122050e+01,2.128299e+01,2.119271e+01,2.127605e+01,2.126217e+01,2.118576e+01,2.122050e+01,2.118576e+01,2.122050e+01,2.121355e+01,2.123439e+01,2.119271e+01,2.115101e+01,2.131076e+01,2.126911e+01,2.118576e+01,2.123439e+01,2.124828e+01,2.113015e+01,2.119966e+01,2.109539e+01,2.122050e+01,2.122744e+01,2.110234e+01,2.109539e+01,2.097012e+01,2.097012e+01,2.108148e+01,2.105365e+01,2.108843e+01,2.095619e+01,2.094226e+01,2.090047e+01,2.090743e+01,2.078193e+01,2.083076e+01,2.103973e+01,2.081681e+01,2.091440e+01,2.092833e+01,2.085168e+01,2.083076e+01,2.094923e+01,2.095619e+01,2.101885e+01,2.095619e+01,2.085865e+01,2.084470e+01,2.078193e+01,2.076100e+01,2.092833e+01,2.093530e+01,2.081681e+01,2.094923e+01,2.083773e+01,2.083773e+01,2.070517e+01,2.072611e+01,2.088653e+01,2.099797e+01,2.079589e+01,2.091440e+01,2.097709e+01,2.091440e+01,2.079589e+01,2.087259e+01,2.088653e+01,2.103973e+01,2.099797e+01,2.082378e+01,2.090743e+01,2.083773e+01,2.087956e+01,2.099797e+01,2.110929e+01,2.101885e+01,2.097012e+01,2.082378e+01,2.097709e+01,2.092137e+01,2.100493e+01,2.106061e+01,2.120660e+01,2.108843e+01,2.096316e+01,2.116491e+01,2.115101e+01,2.108148e+01,2.098405e+01,2.093530e+01,2.100493e+01,2.103277e+01,2.100493e+01
2.185065e+01,2.197483e+01,2.181612e+01,2.194035e+01,2.184374e+01,2.186445e+01,2.195414e+01,2.184374e+01,2.194725e+01,2.193345e+01,2.189896e+01,2.198862e+01,2.192655e+01,2.193345e+01,2.182303e+01,2.183684e+01,2.179540e+01,2.160182e+01,2.184374e+01,2.178850e+01,2.173322e+01,2.175395e+01,2.187825e+01,2.175395e+01,2.176777e+01,2.174704e+01,2.175395e+01,2.174013e+01,2.165717e+01,2.158106e+01,2.178159e+01,2.179540e+01,2.165025e+01,2.176777e+01,2.179540e+01,2.184374e+01,2.169866e+01,2.167100e+01,2.169175e+01,2.173322e+01,2.169866e+01,2.179540e+01,2.174013e+01,2.181612e+01,2.177468e+01,2.173322e+01,2.165025e+01,2.180231e+01,2.162950e+01,2.180922e+01,2.158106e+01,2.165717e+01,2.172631e+01,2.168483e+01,2.165717e+01,2.173322e+01,2.169866e+01,2.171248e+01,2.170557e+01,2.169175e+01,2.169866e+01,2.174013e+01,2.166409e+01,2.180231e+01,2.169175e+01,2.181612e+01,2.166409e+01,2.178159e+01,2.182303e+01,2.181612e+01,2.174013e+01,2.180231e+01,2.163642e+01,2.165025e+01,2.180231e+01,2.182303e+01,2.180922e+01,2.191276e+01,2.182303e+01,2.178159e+01,2.182993e+01,2.168483e+01,2.176086e+01,2.178850e+01,2.178159e+01,2.176086e+01,2.181612e+01,2.180231e+01,2.173322e+01,2.171940e+01,2.180922e+01,2.187825e+01,2.185755e+01,2.175395e+01,2.182303e+01,2.185755e+01,2.171248e+01,2.194725e+01,2.181612e+01,2.196793e+01,2.171940e+01,2.176086e+01,2.185065e+01,2.178850e+01,2.189206e+01,2.188516e+01,2.183684e+01,2.178850e+01,2.185065e+01,2.182993e+01,2.182303e+01,2.189206e+01,2.178159e+01,2.188516e+01,2.192655e+01,2.184374e+01,2.188516e+01,2.186445e+01,2.183684e+01,2.184374e+01,2.187135e+01,2.192655e+01,2.184374e+01,2.189206e+01,2.187135e+01,2.191965e+01,2.195414e+01,2.184374e+01,2.218835e+01,2.221587e+01,2.232587e+01,2.235335e+01,2.225026e+01,2.236022e+01,2.247006e+01,2.260035e+01,2.280573e+01,2.294926e+01,2.281257e+01,2.295609e+01,2.329018e+01,2.334462e+01,2.334462e+01,2.360962e+01,2.362319e+01,2.394161e+01,2.379269e+01,2.396867e+01,2.394161e+01,2.398895e+01,2.406330e+01,2.424557e+01,2.435343e+01,2.442752e+01,2.437364e+01,2.446791e+01,2.470992e+01,2.471663e+01,2.476362e+01,2.500495e+01,2.488436e+01,2.515885e+01,2.525909e+01,2.544595e+01,2.531251e+01,2.544595e+01,2.543929e+01,2.581205e+01,2.563249e+01,2.595813e+01,2.604436e+01,2.607087e+01,2.609738e+01,2.619674e+01,2.626954e+01,2.626954e+01,2.615038e+01,2.628938e+01,2.614376e+01,2.642820e+01,2.628938e+01,2.630923e+01,2.626954e+01,2.623645e+01,2.617687e+01,2.620336e+01,2.603772e+01,2.603772e+01,2.597803e+01,2.592495e+01,2.547262e+01,2.532586e+01,2.523905e+01,2.508527e+01,2.487766e+01,2.448810e+01,2.412409e+01,2.373170e+01,2.337183e+01,2.291510e+01,2.248379e+01,2.192655e+01,2.171248e+01,2.173322e+01,2.146332e+01,2.144946e+01,2.144946e+01,2.130382e+01,2.128299e+01,2.140094e+01,2.148411e+01,2.140787e+01,2.150489e+01,2.145639e+01,2.140787e+01,2.137320e+01,2.138707e+01,2.144253e+01,2.138707e+01,2.140094e+01,2.135239e+01,2.134545e+01,2.142174e+01,2.136626e+01,2.145639e+01,2.151875e+01,2.138707e+01,2.146332e+01,2.138707e+01,2.138707e+01,2.140094e+01,2.140094e+01,2.146332e+01,2.155337e+01,2.147025e+01,2.148411e+01,2.143560e+01,2.151875e+01,2.151182e+01,2.149796e+01,2.148411e+01,2.146332e+01,2.149104e+01,2.156029e+01,2.126911e+01,2.147025e+01,2.148411e+01,2.146332e+01,2.140787e+01,2.147025e+01,2.147025e+01,2.148411e+01,2.149796e+01,2.149796e+01,2.139400e+01,2.142174e+01,2.140094e+01,2.129688e+01,2.147025e+01,2.143560e+01,2.154645e+01,2.150489e+01,2.136626e+01,2.136626e+01,2.135933e+01,2.145639e+01,2.144253e+01,2.131076e+01,2.146332e+01,2.141480e+01,2.149796e+01,2.138707e+01,2.149796e+01,2.157414e+01,2.142867e+01,2.149104e+01,2.140787e+01,2.153952e+01,2.138707e+01,2.141480e+01,2.147718e+01,2.142867e+01,2.165717e+01,2.138707e+01,2.139400e+01,2.134545e+01,2.135239e+01,2.144253e+01,2.147025e+01,2.143560e+01,2.138013e+01,2.117186e+01,2.127605e+01,2.139400e+01,2.110234e+01,2.123439e+01,2.132464e+01,2.133158e+01,2.123439e+01,2.130382e+01,2.115101e+01,2.118576e+01,2.124133e+01,2.118576e+01,2.121355e+01,2.119271e+01,2.139400e+01,2.108148e+01,2.113015e+01,2.108843e+01,2.107452e+01,2.106756e+01,2.115796e+01,2.115101e+01,2.111625e+01,2.097709e+01,2.111625e+01,2.100493e+01,2.114406e+01,2.101885e+01,2.110929e+01,2.105365e+01,2.106756e+01,2.108843e+01,2.109539e+01,2.110234e+01,2.105365e+01,2.114406e+01,2.113015e+01,2.108148e+01,2.113015e+01,2.106756e+01,2.099797e+01,2.092137e+01,2.103277e+01,2.096316e+01,2.097012e+01,2.113711e+01,2.084470e+01,2.098405e+01,2.097709e+01,2.094923e+01,2.093530e+01,2.092137e+01,2.091440e+01,2.083773e+01,2.087956e+01,2.091440e+01,2.076798e+01,2.092137e+01,2.087259e+01,2.090047e+01,2.090047e+01,2.095619e+01,2.088653e+01,2.078891e+01,2.097709e+01,2.093530e+01,2.085865e+01,2.091440e+01,2.093530e+01,2.083076e+01,2.092137e+01,2.086562e+01,2.092137e+01,2.081681e+01,2.078193e+01,2.086562e+01,2.068422e+01,2.087956e+01,2.070517e+01,2.088653e+01,2.090743e+01,2.092137e+01,2.087956e+01,2.086562e+01,2.085168e+01,2.087956e+01,2.090743e+01,2.090743e+01,2.086562e+01,2.084470e+01,2.094226e+01,2.083773e+01,2.074007e+01,2.074007e+01,2.083076e+01,2.083076e+01,2.076798e+01,2.092137e+01,2.091440e+01,2.090743e+01,2.091440e+01,2.093530e+01,2.083773e+01,2.075403e+01,2.080286e+01,2.098405e+01,2.083076e+01,2.078193e+01,2.089350e+01,2.094923e+01,2.105365e+01,2.105365e+01,2.108843e+01,2.115796e+01,2.096316e+01,2.099797e+01,2.115796e+01,2.119271e+01,2.117881e+01,2.107452e+01,2.129688e+01,2.128993e+01,2.128299e+01,2.127605e+01,2.129688e+01,2.136626e+01,2.135239e+01,2.153952e+01,2.159490e+01,2.171940e+01,2.176086e+01,2.166409e+01,2.185065e+01,2.164334e+01,2.182993e+01,2.186445e+01,2.198172e+01,2.187825e+01,2.184374e+01,2.174704e+01,2.169175e+01,2.176777e+01,2.189896e+01,2.180231e+01,2.176086e+01,2.175395e+01,2.180231e+01,2.171940e+01,2.174704e+01,2.174013e+01,2.169175e+01,2.172631e+01,2.179540e+01,2.177468e+01,2.160874e+01,2.164334e+01,2.161566e+01,2.161566e+01,2.156721e+01,2.159490e+01,2.152567e+01,2.155337e+01,2.156721e+01,2.157414e+01,2.147025e+01,2.145639e+01,2.158798e+01,2.140094e+01,2.138707e+01,2.155337e+01,2.142867e+01,2.172631e+01,2.158798e+01,2.156029e+01,2.151182e+01,2.147025e+01,2.142174e+01,2.146332e+01,2.141480e+01,2.136626e+01,2.147718e+01,2.149796e+01,2.151182e+01,2.146332e+01,2.126217e+01,2.143560e+01,2.144946e+01,2.140094e+01,2.133158e+01,2.144946e+01,2.140094e+01,2.144253e+01,2.132464e+01,2.125522e+01,2.135239e+01,2.125522e+01,2.137320e+01,2.141480e+01,2.123439e+01,2.128299e+01,2.122744e+01,2.132464e+01,2.130382e+01,2.118576e+01,2.128299e+01,2.135933e+01,2.119271e+01,2.123439e+01,2.119966e+01,2.119966e+01,2.113711e+01,2.120660e+01,2.122050e+01,2.118576e+01,2.114406e+01,2.114406e+01,2.124828e+01,2.129688e+01,2.117881e+01,2.124133e+01,2.117881e+01,2.110234e+01,2.108843e+01,2.109539e+01,2.113711e+01,2.114406e+01,2.111625e+01,2.114406e+01,2.107452e+01,2.108843e+01,2.110929e+01,2.113711e+01,2.115101e+01,2.109539e+01,2.110234e+01,2.095619e+01,2.118576e+01,2.122744e+01,2.112320e+01,2.091440e+01,2.115101e+01,2.111625e+01,2.115101e+01,2.113015e+01,2.112320e+01,2.117186e+01,2.109539e+01,2.114406e+01,2.113711e+01,2.120660e+01,2.124828e+01,2.112320e+01,2.108843e+01,2.134545e+01,2.128993e+01,2.117186e+01,2.121355e+01,2.099797e+01,2.121355e+01,2.106756e+01,2.120660e+01,2.122050e+01,2.119966e+01,2.118576e+01,2.120660e+01,2.115101e+01,2.129688e+01,2.112320e+01,2.119966e+01,2.133158e+01,2.113015e+01,2.108843e+01,2.108843e+01,2.124828e+01,2.125522e+01,2.121355e+01,2.124133e+01,2.114406e+01,2.113015e+01,2.103277e+01,2.091440e+01,2.092137e+01,2.104669e+01,2.105365e+01,2.106756e+01,2.088653e+01,2.090743e+01,2.088653e+01,2.088653e+01,2.091440e+01,2.091440e+01,2.083076e+01,2.090047e+01,2.090047e+01,2.087956e+01,2.086562e+01,2.087956e+01,2.083773e+01,2.091440e+01,2.071215e+01,2.092137e+01,2.093530e+01,2.078891e+01,2.091440e+01,2.081681e+01,2.086562e+01,2.094923e+01,2.105365e+01,2.098405e+01,2.089350e+01,2.098405e+01,2.090047e+01,2.106061e+01,2.094226e+01,2.108148e+01,2.092833e+01,2.087956e+01,2.079589e+01,2.094923e+01,2.099797e+01,2.106061e+01,2.095619e+01,2.096316e+01,2.092833e+01,2.097012e+01,2.104669e+01,2.087259e+01,2.089350e+01,2.104669e+01,2.092833e+01,2.103277e+01,2.094226e+01,2.094923e+01,2.120660e+01,2.108148e+01,2.105365e+01,2.098405e+01,2.109539e+01,2.101189e+01,2.099101e+01,2.103277e+01,2.101189e+01,2.095619e+01,2.091440e+01,2.088653e+01,2.117881e+01,2.106061e+01,2.098405e+01
2.183684e+01,2.189896e+01,2.183684e+01,2.198862e+01,2.189896e+01,2.202308e+01,2.216082e+01,2.189206e+01,2.196793e+01,2.186445e+01,2.194035e+01,2.200241e+01,2.191965e+01,2.183684e+01,2.185755e+01,2.187135e+01,2.185755e+01,2.186445e+01,2.176086e+01,2.187825e+01,2.158798e+01,2.186445e+01,2.178850e+01,2.189206e+01,2.173322e+01,2.174013e+01,2.172631e+01,2.172631e+01,2.169175e+01,2.185065e+01,2.188516e+01,2.175395e+01,2.178159e+01,2.173322e+01,2.171248e+01,2.179540e+01,2.164334e+01,2.180922e+01,2.171940e+01,2.182303e+01,2.169175e+01,2.170557e+01,2.174704e+01,2.167100e+01,2.182303e+01,2.169175e+01,2.160874e+01,2.163642e+01,2.169175e+01,2.174013e+01,2.172631e+01,2.168483e+01,2.172631e+01,2.160874e+01,2.172631e+01,2.162258e+01,2.173322e+01,2.169175e+01,2.167792e+01,2.167792e+01,2.164334e+01,2.171248e+01,2.177468e+01,2.180231e+01,2.178850e+01,2.167100e+01,2.174013e+01,2.172631e+01,2.155337e+01,2.157414e+01,2.182993e+01,2.166409e+01,2.167100e+01,2.174704e+01,2.178159e+01,2.184374e+01,2.162258e+01,2.162258e+01,2.178159e+01,2.177468e+01,2.176777e+01,2.175395e+01,2.187825e+01,2.183684e+01,2.157414e+01,2.185755e+01,2.167100e+01,2.182303e+01,2.173322e+01,2.174013e+01,2.171248e+01,2.178850e+01,2.176777e+01,2.187825e+01,2.174013e+01,2.168483e+01,2.187825e+01,2.195414e+01,2.190586e+01,2.195414e+01,2.180231e+01,2.191965e+01,2.185065e+01,2.182303e+01,2.173322e+01,2.187135e+01,2.183684e+01,2.194035e+01,2.188516e+01,2.186445e+01,2.184374e+01,2.192655e+01,2.180922e+01,2.184374e+01,2.190586e+01,2.185755e+01,2.185755e+01,2.179540e+01,2.173322e+01,2.185065e+01,2.170557e+01,2.185065e+01,2.185755e+01,2.179540e+01,2.177468e+01,2.200930e+01,2.194035e+01,2.200241e+01,2.200930e+01,2.220211e+01,2.218147e+01,2.225713e+01,2.226401e+01,2.244948e+01,2.240829e+01,2.262091e+01,2.260035e+01,2.263461e+01,2.290144e+01,2.292877e+01,2.301753e+01,2.324933e+01,2.331060e+01,2.342623e+01,2.345342e+01,2.353495e+01,2.355532e+01,2.371814e+01,2.390102e+01,2.396867e+01,2.402951e+01,2.420509e+01,2.420509e+01,2.432647e+01,2.437364e+01,2.437364e+01,2.446118e+01,2.470321e+01,2.473006e+01,2.476362e+01,2.484413e+01,2.493127e+01,2.501165e+01,2.540594e+01,2.521232e+01,2.545929e+01,2.544595e+01,2.581869e+01,2.574558e+01,2.573228e+01,2.577217e+01,2.579876e+01,2.578546e+01,2.591167e+01,2.604436e+01,2.611063e+01,2.610401e+01,2.595813e+01,2.595149e+01,2.622983e+01,2.625631e+01,2.622983e+01,2.617025e+01,2.623645e+01,2.607087e+01,2.611726e+01,2.594486e+01,2.590503e+01,2.563914e+01,2.563249e+01,2.566576e+01,2.532586e+01,2.500495e+01,2.487766e+01,2.477705e+01,2.444098e+01,2.424557e+01,2.379269e+01,2.333782e+01,2.309940e+01,2.257979e+01,2.211952e+01,2.195414e+01,2.146332e+01,2.143560e+01,2.146332e+01,2.138013e+01,2.147718e+01,2.130382e+01,2.147718e+01,2.142867e+01,2.137320e+01,2.146332e+01,2.144946e+01,2.144253e+01,2.143560e+01,2.141480e+01,2.142174e+01,2.133158e+01,2.139400e+01,2.138013e+01,2.142174e+01,2.142867e+01,2.135933e+01,2.156721e+01,2.131770e+01,2.135239e+01,2.134545e+01,2.142174e+01,2.139400e+01,2.149104e+01,2.140787e+01,2.144253e+01,2.156721e+01,2.146332e+01,2.147025e+01,2.144946e+01,2.142867e+01,2.148411e+01,2.144253e+01,2.140094e+01,2.143560e+01,2.147025e+01,2.142174e+01,2.153260e+01,2.133158e+01,2.149104e+01,2.151875e+01,2.131770e+01,2.140787e+01,2.145639e+01,2.137320e+01,2.140787e+01,2.143560e+01,2.140094e+01,2.136626e+01,2.139400e+01,2.141480e+01,2.174704e+01,2.131076e+01,2.142867e+01,2.142174e+01,2.138013e+01,2.139400e+01,2.140787e+01,2.143560e+01,2.131770e+01,2.137320e+01,2.146332e+01,2.142867e+01,2.135239e+01,2.134545e+01,2.139400e+01,2.139400e+01,2.144946e+01,2.138013e+01,2.136626e+01,2.157414e+01,2.135933e+01,2.126217e+01,2.129688e+01,2.150489e+01,2.137320e+01,2.137320e+01,2.138013e+01,2.140094e+01,2.135933e+01,2.138013e+01,2.146332e+01,2.138013e+01,2.136626e+01,2.142174e+01,2.142867e+01,2.124828e+01,2.120660e+01,2.126911e+01,2.133851e+01,2.131076e+01,2.123439e+01,2.132464e+01,2.120660e+01,2.114406e+01,2.112320e+01,2.124133e+01,2.107452e+01,2.122050e+01,2.105365e+01,2.106756e+01,2.107452e+01,2.101885e+01,2.107452e+01,2.104669e+01,2.105365e+01,2.091440e+01,2.104669e+01,2.113015e+01,2.108843e+01,2.096316e+01,2.104669e+01,2.101885e+01,2.105365e+01,2.099101e+01,2.103277e+01,2.115796e+01,2.110929e+01,2.115101e+01,2.101189e+01,2.101885e+01,2.107452e+01,2.108843e+01,2.101189e+01,2.101885e+01,2.095619e+01,2.100493e+01,2.094226e+01,2.086562e+01,2.098405e+01,2.101189e+01,2.106756e+01,2.106061e+01,2.093530e+01,2.096316e+01,2.094226e+01,2.092137e+01,2.087259e+01,2.088653e+01,2.088653e+01,2.090743e+01,2.088653e+01,2.087259e+01,2.082378e+01,2.090047e+01,2.088653e+01,2.085865e+01,2.090743e+01,2.101189e+01,2.083076e+01,2.078193e+01,2.087956e+01,2.092833e+01,2.078193e+01,2.096316e+01,2.081681e+01,2.094923e+01,2.088653e+01,2.085865e+01,2.082378e+01,2.088653e+01,2.083076e+01,2.093530e+01,2.082378e+01,2.093530e+01,2.085168e+01,2.079589e+01,2.083076e+01,2.090047e+01,2.088653e+01,2.085865e+01,2.095619e+01,2.080984e+01,2.098405e+01,2.077496e+01,2.095619e+01,2.087259e+01,2.071913e+01,2.085865e+01,2.084470e+01,2.092833e+01,2.092137e+01,2.091440e+01,2.090047e+01,2.086562e+01,2.089350e+01,2.113711e+01,2.076100e+01,2.076100e+01,2.091440e+01,2.090743e+01,2.079589e+01,2.101189e+01,2.094226e+01,2.097012e+01,2.103973e+01,2.101885e+01,2.099101e+01,2.099797e+01,2.103973e+01,2.110234e+01,2.097709e+01,2.110234e+01,2.109539e+01,2.110929e+01,2.108148e+01,2.113711e+01,2.129688e+01,2.136626e+01,2.133158e+01,2.139400e+01,2.133158e+01,2.176777e+01,2.165025e+01,2.175395e+01,2.184374e+01,2.179540e+01,2.182993e+01,2.182303e+01,2.176777e+01,2.184374e+01,2.179540e+01,2.190586e+01,2.175395e+01,2.182303e+01,2.171248e+01,2.164334e+01,2.184374e+01,2.180231e+01,2.178850e+01,2.173322e+01,2.179540e+01,2.174013e+01,2.169175e+01,2.172631e+01,2.178850e+01,2.182303e+01,2.165025e+01,2.167100e+01,2.161566e+01,2.170557e+01,2.164334e+01,2.163642e+01,2.158106e+01,2.159490e+01,2.158106e+01,2.160874e+01,2.156029e+01,2.147025e+01,2.162258e+01,2.149796e+01,2.153260e+01,2.162950e+01,2.164334e+01,2.129688e+01,2.157414e+01,2.148411e+01,2.158106e+01,2.147025e+01,2.146332e+01,2.136626e+01,2.153260e+01,2.143560e+01,2.142174e+01,2.147025e+01,2.138013e+01,2.142867e+01,2.149796e+01,2.146332e+01,2.143560e+01,2.150489e+01,2.143560e+01,2.140094e+01,2.138013e+01,2.138707e+01,2.140787e+01,2.143560e+01,2.138013e+01,2.135933e+01,2.128993e+01,2.131076e+01,2.131770e+01,2.128299e+01,2.128299e+01,2.117881e+01,2.126911e+01,2.131770e+01,2.131076e+01,2.129688e+01,2.124133e+01,2.121355e+01,2.101885e+01,2.138013e+01,2.122744e+01,2.124133e+01,2.105365e+01,2.132464e+01,2.119966e+01,2.118576e+01,2.120660e+01,2.122050e+01,2.132464e+01,2.121355e+01,2.111625e+01,2.124828e+01,2.117881e+01,2.122744e+01,2.126911e+01,2.119271e+01,2.122050e+01,2.122050e+01,2.113015e+01,2.113711e+01,2.113015e+01,2.107452e+01,2.102581e+01,2.116491e+01,2.120660e+01,2.100493e+01,2.119271e+01,2.117186e+01,2.117881e+01,2.102581e+01,2.107452e+01,2.093530e+01,2.101885e+01,2.101189e+01,2.111625e+01,2.113711e+01,2.107452e+01,2.109539e+01,2.104669e+01,2.113015e+01,2.113015e+01,2.116491e+01,2.117186e+01,2.106756e+01,2.103973e+01,2.121355e+01,2.120660e+01,2.116491e+01,2.117881e+01,2.121355e+01,2.120660e+01,2.118576e+01,2.106756e+01,2.119271e+01,2.114406e+01,2.127605e+01,2.089350e+01,2.112320e+01,2.135239e+01,2.134545e+01,2.114406e+01,2.123439e+01,2.117881e+01,2.112320e+01,2.117881e+01,2.120660e+01,2.123439e+01,2.124133e+01,2.123439e+01,2.122744e+01,2.109539e+01,2.106061e+01,2.101885e+01,2.095619e+01,2.099101e+01,2.099101e+01,2.099797e+01,2.094226e+01,2.089350e+01,2.092137e+01,2.094923e+01,2.087259e+01,2.090743e+01,2.091440e+01,2.083773e+01,2.091440e+01,2.076798e+01,2.082378e+01,2.085168e+01,2.090047e+01,2.085865e+01,2.091440e+01,2.080286e+01,2.096316e+01,2.078891e+01,2.087956e+01,2.074007e+01,2.080984e+01,2.083773e+01,2.094226e+01,2.080286e+01,2.080984e+01,2.081681e+01,2.099101e+01,2.097012e+01,2.097012e+01,2.094226e+01,2.091440e+01,2.092833e+01,2.097012e+01,2.094226e+01,2.079589e+01,2.099101e+01,2.094923e+01,2.089350e+01,2.085168e+01,2.104669e+01,2.117881e+01,2.117881e+01,2.098405e+01,2.108843e+01,2.113711e+01,2.090743e+01,2.095619e+01,2.106061e+01,2.101885e+01,2.105365e+01,2.101885e+01,2.118576e+01,2.090047e+01,2.104669e+01,2.101885e+01,2.110929e+01,2.101885e+01,2.099101e+01,2.115101e+01,2.099797e+01,2.108843e+01,2.106756e+01,2.093530e+01
2.196793e+01,2.174704e+01,2.191965e+01,2.181612e+01,2.184374e+01,2.182993e+01,2.185755e+01,2.194725e+01,2.185065e+01,2.202308e+01,2.200241e+01,2.201619e+01,2.196793e+01,2.198862e+01,2.178159e+01,2.191965e+01,2.189206e+01,2.184374e+01,2.185065e+01,2.185065e+01,2.183684e+01,2.185755e+01,2.176086e+01,2.184374e+01,2.174704e+01,2.182303e+01,2.175395e+01,2.187135e+01,2.170557e+01,2.175395e+01,2.172631e+01,2.175395e+01,2.189896e+01,2.140787e+01,2.176777e+01,2.171940e+01,2.176086e+01,2.175395e+01,2.164334e+01,2.178850e+01,2.167792e+01,2.169175e+01,2.165025e+01,2.170557e+01,2.169175e+01,2.163642e+01,2.182303e+01,2.182303e+01,2.164334e+01,2.171248e+01,2.172631e+01,2.174704e+01,2.176777e+01,2.165717e+01,2.168483e+01,2.171940e+01,2.170557e+01,2.165025e+01,2.166409e+01,2.169175e+01,2.168483e+01,2.168483e+01,2.174704e+01,2.165025e+01,2.162950e+01,2.170557e+01,2.160874e+01,2.165025e+01,2.171940e+01,2.164334e+01,2.168483e+01,2.165717e+01,2.180922e+01,2.164334e+01,2.161566e+01,2.162258e+01,2.178850e+01,2.176777e+01,2.167100e+01,2.169866e+01,2.165717e+01,2.175395e+01,2.171940e+01,2.156029e+01,2.179540e+01,2.180231e+01,2.184374e+01,2.169866e+01,2.176777e+01,2.167100e+01,2.174013e+01,2.174704e+01,2.171248e+01,2.180231e+01,2.197483e+01,2.174704e+01,2.191276e+01,2.179540e+01,2.163642e+01,2.178159e+01,2.184374e+01,2.191965e+01,2.184374e+01,2.185755e+01,2.190586e+01,2.193345e+01,2.187135e+01,2.199551e+01,2.185065e+01,2.187825e+01,2.185065e+01,2.187825e+01,2.189896e+01,2.178850e+01,2.171940e+01,2.188516e+01,2.187135e+01,2.186445e+01,2.190586e+01,2.185755e+01,2.185065e+01,2.185755e+01,2.185755e+01,2.178159e+01,2.189896e+01,2.191276e+01,2.192655e+01,2.199551e+01,2.194035e+01,2.201619e+01,2.231900e+01,2.222962e+01,2.231212e+01,2.247692e+01,2.229151e+01,2.257979e+01,2.276469e+01,2.277837e+01,2.277153e+01,2.281257e+01,2.290827e+01,2.327656e+01,2.310622e+01,2.333782e+01,2.356211e+01,2.341264e+01,2.371814e+01,2.381301e+01,2.375881e+01,2.387395e+01,2.395514e+01,2.415785e+01,2.425231e+01,2.432647e+01,2.433995e+01,2.431973e+01,2.442752e+01,2.473677e+01,2.447464e+01,2.475020e+01,2.473677e+01,2.482401e+01,2.501834e+01,2.499826e+01,2.506520e+01,2.523237e+01,2.543929e+01,2.545262e+01,2.550595e+01,2.552594e+01,2.549928e+01,2.566576e+01,2.559920e+01,2.587183e+01,2.591167e+01,2.593158e+01,2.605761e+01,2.595149e+01,2.587847e+01,2.612389e+01,2.585191e+01,2.616363e+01,2.609076e+01,2.613713e+01,2.581869e+01,2.577217e+01,2.561917e+01,2.563249e+01,2.560586e+01,2.561252e+01,2.527913e+01,2.506520e+01,2.494467e+01,2.493127e+01,2.471663e+01,2.462931e+01,2.419835e+01,2.384687e+01,2.344662e+01,2.311986e+01,2.247006e+01,2.214706e+01,2.169866e+01,2.153952e+01,2.131770e+01,2.150489e+01,2.134545e+01,2.145639e+01,2.148411e+01,2.147025e+01,2.136626e+01,2.142867e+01,2.143560e+01,2.137320e+01,2.141480e+01,2.140787e+01,2.142174e+01,2.139400e+01,2.128993e+01,2.138707e+01,2.140787e+01,2.135933e+01,2.144946e+01,2.144946e+01,2.140094e+01,2.146332e+01,2.144253e+01,2.147025e+01,2.141480e+01,2.143560e+01,2.140787e+01,2.141480e+01,2.138013e+01,2.149104e+01,2.149104e+01,2.149104e+01,2.138013e+01,2.148411e+01,2.133851e+01,2.140787e+01,2.135933e+01,2.138707e+01,2.149796e+01,2.135933e+01,2.147025e+01,2.148411e+01,2.138707e+01,2.144946e+01,2.143560e+01,2.147718e+01,2.140787e+01,2.142174e+01,2.145639e+01,2.158798e+01,2.132464e+01,2.131076e+01,2.135933e+01,2.138013e+01,2.142867e+01,2.129688e+01,2.135239e+01,2.135933e+01,2.138013e+01,2.134545e+01,2.139400e+01,2.130382e+01,2.138707e+01,2.143560e+01,2.151182e+01,2.140787e+01,2.137320e+01,2.138707e+01,2.142174e+01,2.140094e+01,2.139400e+01,2.138013e+01,2.132464e+01,2.135933e+01,2.133158e+01,2.142174e+01,2.124828e+01,2.137320e+01,2.142174e+01,2.136626e+01,2.140094e+01,2.135933e+01,2.122744e+01,2.138013e+01,2.145639e+01,2.138707e+01,2.138013e+01,2.124133e+01,2.140787e+01,2.142867e+01,2.124133e+01,2.120660e+01,2.130382e+01,2.126217e+01,2.118576e+01,2.114406e+01,2.117881e+01,2.108148e+01,2.116491e+01,2.134545e+01,2.115101e+01,2.114406e+01,2.104669e+01,2.102581e+01,2.110929e+01,2.102581e+01,2.107452e+01,2.103277e+01,2.103973e+01,2.097709e+01,2.106756e+01,2.103973e+01,2.095619e+01,2.104669e+01,2.100493e+01,2.103973e+01,2.108148e+01,2.105365e+01,2.091440e+01,2.097709e+01,2.104669e+01,2.102581e+01,2.108843e+01,2.099797e+01,2.106061e+01,2.101885e+01,2.098405e+01,2.108148e+01,2.094226e+01,2.093530e+01,2.093530e+01,2.091440e+01,2.085865e+01,2.090047e+01,2.110234e+01,2.110234e+01,2.093530e+01,2.107452e+01,2.092137e+01,2.091440e+01,2.099797e+01,2.103973e+01,2.090047e+01,2.086562e+01,2.094226e+01,2.094923e+01,2.092137e+01,2.090743e+01,2.085865e+01,2.090743e+01,2.095619e+01,2.094226e+01,2.086562e+01,2.084470e+01,2.085168e+01,2.081681e+01,2.084470e+01,2.078891e+01,2.076100e+01,2.085865e+01,2.091440e+01,2.093530e+01,2.097709e+01,2.096316e+01,2.079589e+01,2.082378e+01,2.089350e+01,2.093530e+01,2.077496e+01,2.078891e+01,2.091440e+01,2.100493e+01,2.085865e+01,2.088653e+01,2.087956e+01,2.085168e+01,2.083076e+01,2.079589e+01,2.093530e+01,2.084470e+01,2.089350e+01,2.090743e+01,2.079589e+01,2.090743e+01,2.087956e+01,2.091440e+01,2.090743e+01,2.093530e+01,2.090743e+01,2.087956e+01,2.081681e+01,2.083773e+01,2.076798e+01,2.083076e+01,2.097012e+01,2.097012e+01,2.110234e+01,2.099101e+01,2.108843e+01,2.105365e+01,2.102581e+01,2.114406e+01,2.096316e+01,2.106756e+01,2.107452e+01,2.099101e+01,2.109539e+01,2.115796e+01,2.114406e+01,2.131076e+01,2.130382e+01,2.133158e+01,2.141480e+01,2.138013e+01,2.148411e+01,2.147718e+01,2.169866e+01,2.172631e+01,2.181612e+01,2.169866e+01,2.182993e+01,2.182303e+01,2.177468e+01,2.191276e+01,2.178159e+01,2.190586e+01,2.189206e+01,2.191965e+01,2.172631e+01,2.160182e+01,2.181612e+01,2.180231e+01,2.180922e+01,2.177468e+01,2.173322e+01,2.173322e+01,2.168483e+01,2.169866e+01,2.165025e+01,2.180922e+01,2.183684e+01,2.167100e+01,2.160182e+01,2.161566e+01,2.160874e+01,2.156721e+01,2.158798e+01,2.154645e+01,2.153952e+01,2.156721e+01,2.162950e+01,2.165025e+01,2.162258e+01,2.152567e+01,2.142867e+01,2.154645e+01,2.155337e+01,2.154645e+01,2.154645e+01,2.157414e+01,2.144946e+01,2.146332e+01,2.149796e+01,2.146332e+01,2.131770e+01,2.141480e+01,2.142174e+01,2.155337e+01,2.140787e+01,2.147718e+01,2.140787e+01,2.149796e+01,2.141480e+01,2.143560e+01,2.136626e+01,2.140094e+01,2.132464e+01,2.140094e+01,2.141480e+01,2.140787e+01,2.140787e+01,2.142174e+01,2.131770e+01,2.135933e+01,2.125522e+01,2.128993e+01,2.122744e+01,2.126911e+01,2.117881e+01,2.119271e+01,2.114406e+01,2.122744e+01,2.130382e+01,2.124828e+01,2.135239e+01,2.121355e+01,2.119966e+01,2.124828e+01,2.130382e+01,2.117881e+01,2.118576e+01,2.115101e+01,2.134545e+01,2.123439e+01,2.131076e+01,2.119271e+01,2.115796e+01,2.115101e+01,2.124828e+01,2.127605e+01,2.114406e+01,2.105365e+01,2.122744e+01,2.121355e+01,2.115101e+01,2.115796e+01,2.110929e+01,2.110234e+01,2.113015e+01,2.117186e+01,2.119966e+01,2.110234e+01,2.107452e+01,2.100493e+01,2.103277e+01,2.104669e+01,2.114406e+01,2.105365e+01,2.102581e+01,2.098405e+01,2.101885e+01,2.105365e+01,2.103277e+01,2.108148e+01,2.112320e+01,2.110234e+01,2.109539e+01,2.107452e+01,2.116491e+01,2.117881e+01,2.115101e+01,2.117881e+01,2.113711e+01,2.116491e+01,2.110929e+01,2.115796e+01,2.137320e+01,2.115796e+01,2.118576e+01,2.117186e+01,2.131076e+01,2.117881e+01,2.120660e+01,2.114406e+01,2.132464e+01,2.127605e+01,2.113015e+01,2.110929e+01,2.110929e+01,2.119966e+01,2.122744e+01,2.115796e+01,2.123439e+01,2.100493e+01,2.110929e+01,2.120660e+01,2.107452e+01,2.106756e+01,2.102581e+01,2.112320e+01,2.091440e+01,2.090047e+01,2.096316e+01,2.083773e+01,2.087956e+01,2.085865e+01,2.087259e+01,2.083773e+01,2.083773e+01,2.091440e+01,2.089350e+01,2.091440e+01,2.078891e+01,2.095619e+01,2.080286e+01,2.083773e+01,2.092137e+01,2.087259e+01,2.084470e+01,2.091440e+01,2.078891e+01,2.092833e+01,2.088653e+01,2.083773e+01,2.083076e+01,2.078891e+01,2.087956e+01,2.075403e+01,2.090743e+01,2.094226e+01,2.076798e+01,2.085865e+01,2.109539e+01,2.101885e+01,2.102581e+01,2.094226e+01,2.099101e+01,2.107452e+01,2.110234e+01,2.097709e+01,2.110234e+01,2.106756e+01,2.105365e+01,2.106061e+01,2.101885e+01,2.097012e+01,2.099101e+01,2.108148e+01,2.113711e+01,2.095619e+01,2.109539e+01,2.108148e+01,2.115101e+01,2.110929e+01,2.112320e+01,2.105365e+01,2.108148e+01,2.105365e+01,2.102581e+01,2.134545e+01,2.106061e+01,2.114406e+01,2.119271e+01,2.108148e+01,2.116491e+01,2.096316e+01
2.205754e+01,2.184374e+01,2.185755e+01,2.197483e+01,2.195414e+01,2.183684e+01,2.188516e+01,2.199551e+01,2.202308e+01,2.189896e+01,2.196793e+01,2.169866e+01,2.204376e+01,2.177468e+01,2.180231e+01,2.189206e+01,2.188516e+01,2.189206e+01,2.162258e+01,2.186445e+01,2.182303e+01,2.189896e+01,2.185065e+01,2.180922e+01,2.178850e+01,2.169175e+01,2.170557e+01,2.169175e+01,2.174013e+01,2.176086e+01,2.171940e+01,2.164334e+01,2.173322e+01,2.171248e+01,2.174013e+01,2.171940e+01,2.170557e+01,2.160874e+01,2.146332e+01,2.162258e+01,2.180231e+01,2.173322e+01,2.173322e+01,2.165025e+01,2.181612e+01,2.164334e+01,2.189206e+01,2.156721e+01,2.171248e+01,2.174013e+01,2.170557e+01,2.172631e+01,2.167792e+01,2.162258e+01,2.169175e+01,2.156029e+01,2.164334e+01,2.166409e+01,2.169175e+01,2.159490e+01,2.171940e+01,2.168483e+01,2.166409e+01,2.169866e+01,2.161566e+01,2.175395e+01,2.174704e+01,2.165025e+01,2.156721e+01,2.180922e+01,2.166409e+01,2.162950e+01,2.169866e+01,2.162258e+01,2.167792e+01,2.159490e+01,2.176086e+01,2.189206e+01,2.178850e+01,2.171940e+01,2.174704e+01,2.162258e+01,2.169866e+01,2.182303e+01,2.183684e+01,2.172631e+01,2.181612e+01,2.176086e+01,2.171248e+01,2.169866e+01,2.175395e+01,2.169866e+01,2.179540e+01,2.178850e+01,2.181612e+01,2.178159e+01,2.175395e+01,2.183684e+01,2.173322e+01,2.176777e+01,2.171248e+01,2.176086e+01,2.182993e+01,2.180231e+01,2.185065e+01,2.187825e+01,2.183684e+01,2.184374e+01,2.182993e+01,2.185065e+01,2.183684e+01,2.174013e+01,2.184374e+01,2.174704e+01,2.181612e+01,2.183684e+01,2.185755e+01,2.184374e+01,2.188516e+01,2.185755e+01,2.171940e+01,2.169175e+01,2.182303e+01,2.175395e+01,2.196104e+01,2.179540e+01,2.187135e+01,2.197483e+01,2.194725e+01,2.191965e+01,2.202308e+01,2.212641e+01,2.226401e+01,2.225026e+01,2.226401e+01,2.248379e+01,2.251808e+01,2.257294e+01,2.270994e+01,2.267571e+01,2.287410e+01,2.291510e+01,2.293560e+01,2.329018e+01,2.342623e+01,2.335143e+01,2.358247e+01,2.377236e+01,2.373170e+01,2.390102e+01,2.397543e+01,2.401600e+01,2.383332e+01,2.424557e+01,2.425231e+01,2.415110e+01,2.427929e+01,2.444098e+01,2.462931e+01,2.461587e+01,2.451501e+01,2.460915e+01,2.482401e+01,2.481730e+01,2.491787e+01,2.522569e+01,2.497147e+01,2.521232e+01,2.533921e+01,2.547929e+01,2.549928e+01,2.551261e+01,2.575223e+01,2.581869e+01,2.559254e+01,2.573228e+01,2.573893e+01,2.573228e+01,2.586519e+01,2.593158e+01,2.587183e+01,2.573893e+01,2.576552e+01,2.583198e+01,2.567907e+01,2.582533e+01,2.558588e+01,2.547929e+01,2.553260e+01,2.534589e+01,2.529916e+01,2.501834e+01,2.494467e+01,2.466291e+01,2.464275e+01,2.456209e+01,2.411059e+01,2.393485e+01,2.332421e+01,2.316758e+01,2.248379e+01,2.225026e+01,2.194035e+01,2.153260e+01,2.146332e+01,2.142867e+01,2.134545e+01,2.133158e+01,2.151182e+01,2.131076e+01,2.131076e+01,2.140094e+01,2.133158e+01,2.144946e+01,2.133158e+01,2.148411e+01,2.142174e+01,2.144253e+01,2.150489e+01,2.135933e+01,2.140094e+01,2.124828e+01,2.127605e+01,2.127605e+01,2.146332e+01,2.133158e+01,2.135239e+01,2.140094e+01,2.144253e+01,2.138013e+01,2.134545e+01,2.133851e+01,2.147718e+01,2.149104e+01,2.150489e+01,2.126217e+01,2.138707e+01,2.142174e+01,2.139400e+01,2.148411e+01,2.142174e+01,2.140787e+01,2.140787e+01,2.142174e+01,2.142174e+01,2.147718e+01,2.143560e+01,2.137320e+01,2.135239e+01,2.139400e+01,2.133158e+01,2.139400e+01,2.135933e+01,2.133851e+01,2.135239e+01,2.142174e+01,2.140094e+01,2.140787e+01,2.142174e+01,2.140094e+01,2.142174e+01,2.129688e+01,2.144946e+01,2.127605e+01,2.138707e+01,2.138707e+01,2.137320e+01,2.128993e+01,2.132464e+01,2.129688e+01,2.134545e+01,2.137320e+01,2.137320e+01,2.145639e+01,2.130382e+01,2.124828e+01,2.134545e+01,2.131770e+01,2.126911e+01,2.124828e+01,2.120660e+01,2.138707e+01,2.134545e+01,2.119966e+01,2.135933e+01,2.140094e+01,2.122744e+01,2.138013e+01,2.127605e+01,2.126217e+01,2.122744e+01,2.125522e+01,2.120660e+01,2.112320e+01,2.125522e+01,2.113015e+01,2.119966e+01,2.122744e+01,2.116491e+01,2.115101e+01,2.117881e+01,2.130382e+01,2.119966e+01,2.108148e+01,2.109539e+01,2.110929e+01,2.102581e+01,2.106756e+01,2.098405e+01,2.099797e+01,2.097709e+01,2.106756e+01,2.104669e+01,2.103277e+01,2.103973e+01,2.097709e+01,2.106061e+01,2.095619e+01,2.100493e+01,2.101189e+01,2.101189e+01,2.101885e+01,2.102581e+01,2.100493e+01,2.094226e+01,2.094226e+01,2.097012e+01,2.108148e+01,2.093530e+01,2.108843e+01,2.101189e+01,2.078193e+01,2.095619e+01,2.093530e+01,2.091440e+01,2.084470e+01,2.089350e+01,2.089350e+01,2.086562e+01,2.092137e+01,2.092137e+01,2.083076e+01,2.083773e+01,2.093530e+01,2.098405e+01,2.085168e+01,2.090743e+01,2.086562e+01,2.082378e+01,2.084470e+01,2.090047e+01,2.087956e+01,2.089350e+01,2.089350e+01,2.089350e+01,2.087259e+01,2.089350e+01,2.087956e+01,2.083773e+01,2.092137e+01,2.103277e+01,2.090743e+01,2.092137e+01,2.085865e+01,2.098405e+01,2.092833e+01,2.087259e+01,2.083773e+01,2.080286e+01,2.081681e+01,2.083076e+01,2.080286e+01,2.091440e+01,2.078891e+01,2.092137e+01,2.078193e+01,2.079589e+01,2.082378e+01,2.087956e+01,2.083773e+01,2.072611e+01,2.079589e+01,2.084470e+01,2.086562e+01,2.082378e+01,2.085865e+01,2.083076e+01,2.085865e+01,2.086562e+01,2.076100e+01,2.090743e+01,2.087956e+01,2.077496e+01,2.080286e+01,2.090743e+01,2.089350e+01,2.090743e+01,2.090047e+01,2.087259e+01,2.093530e+01,2.096316e+01,2.096316e+01,2.099101e+01,2.100493e+01,2.097709e+01,2.098405e+01,2.104669e+01,2.108843e+01,2.097709e+01,2.106756e+01,2.115796e+01,2.112320e+01,2.115101e+01,2.113711e+01,2.111625e+01,2.123439e+01,2.130382e+01,2.142174e+01,2.157414e+01,2.145639e+01,2.161566e+01,2.149104e+01,2.163642e+01,2.176777e+01,2.174704e+01,2.162258e+01,2.189896e+01,2.178159e+01,2.176777e+01,2.175395e+01,2.178850e+01,2.175395e+01,2.175395e+01,2.171248e+01,2.181612e+01,2.173322e+01,2.180231e+01,2.182303e+01,2.176777e+01,2.171940e+01,2.172631e+01,2.169175e+01,2.162950e+01,2.165717e+01,2.161566e+01,2.159490e+01,2.149796e+01,2.156721e+01,2.156721e+01,2.157414e+01,2.168483e+01,2.151875e+01,2.144946e+01,2.146332e+01,2.162258e+01,2.150489e+01,2.150489e+01,2.150489e+01,2.156029e+01,2.144946e+01,2.159490e+01,2.150489e+01,2.155337e+01,2.142867e+01,2.142867e+01,2.142174e+01,2.135933e+01,2.140787e+01,2.131770e+01,2.141480e+01,2.142867e+01,2.132464e+01,2.142867e+01,2.137320e+01,2.150489e+01,2.149104e+01,2.139400e+01,2.138707e+01,2.140094e+01,2.135239e+01,2.139400e+01,2.140094e+01,2.137320e+01,2.138013e+01,2.133158e+01,2.133158e+01,2.133851e+01,2.135239e+01,2.135239e+01,2.142867e+01,2.121355e+01,2.106756e+01,2.123439e+01,2.113015e+01,2.124133e+01,2.122744e+01,2.123439e+01,2.117186e+01,2.123439e+01,2.141480e+01,2.135239e+01,2.122050e+01,2.109539e+01,2.118576e+01,2.114406e+01,2.107452e+01,2.137320e+01,2.135239e+01,2.122744e+01,2.116491e+01,2.116491e+01,2.120660e+01,2.116491e+01,2.117881e+01,2.120660e+01,2.110929e+01,2.118576e+01,2.103973e+01,2.117186e+01,2.110929e+01,2.123439e+01,2.108148e+01,2.106061e+01,2.111625e+01,2.110929e+01,2.101885e+01,2.098405e+01,2.106756e+01,2.117881e+01,2.108148e+01,2.109539e+01,2.101189e+01,2.106061e+01,2.094923e+01,2.097012e+01,2.105365e+01,2.099797e+01,2.113711e+01,2.096316e+01,2.115101e+01,2.104669e+01,2.103277e+01,2.103973e+01,2.105365e+01,2.103277e+01,2.105365e+01,2.119271e+01,2.122744e+01,2.106061e+01,2.121355e+01,2.113015e+01,2.122744e+01,2.118576e+01,2.115101e+01,2.110929e+01,2.130382e+01,2.115796e+01,2.110234e+01,2.124133e+01,2.126217e+01,2.122050e+01,2.122744e+01,2.110234e+01,2.114406e+01,2.122744e+01,2.116491e+01,2.112320e+01,2.099797e+01,2.106756e+01,2.103973e+01,2.103973e+01,2.115796e+01,2.094226e+01,2.094226e+01,2.101885e+01,2.101189e+01,2.099101e+01,2.080984e+01,2.090047e+01,2.092137e+01,2.090047e+01,2.078193e+01,2.083076e+01,2.087259e+01,2.078891e+01,2.083076e+01,2.078891e+01,2.073309e+01,2.073309e+01,2.080984e+01,2.088653e+01,2.086562e+01,2.085168e+01,2.092137e+01,2.083076e+01,2.090047e+01,2.084470e+01,2.085168e+01,2.081681e+01,2.088653e+01,2.091440e+01,2.074007e+01,2.104669e+01,2.099101e+01,2.102581e+01,2.096316e+01,2.082378e+01,2.103277e+01,2.102581e+01,2.106061e+01,2.110234e+01,2.106756e+01,2.096316e+01,2.108148e+01,2.103973e+01,2.101885e+01,2.117186e+01,2.102581e+01,2.113015e+01,2.106061e+01,2.089350e+01,2.106756e+01,2.110234e+01,2.100493e+01,2.109539e+01,2.107452e+01,2.113711e+01,2.112320e+01,2.111625e+01,2.104669e+01,2.098405e+01,2.110234e+01,2.107452e+01,2.099101e+01,2.099797e+01,2.101885e+01,2.121355e+01,2.099797e+01,2.103277e+01,2.117881e+01
2.195414e+01,2.186445e+01,2.186445e+01,2.187825e+01,2.187825e+01,2.191276e+01,2.199551e+01,2.200241e+01,2.195414e+01,2.201619e+01,2.199551e+01,2.194725e+01,2.189896e+01,2.193345e+01,2.192655e+01,2.190586e+01,2.191965e+01,2.188516e+01,2.189206e+01,2.183684e+01,2.180231e+01,2.185755e+01,2.178159e+01,2.175395e+01,2.174704e+01,2.191276e+01,2.180231e+01,2.173322e+01,2.162258e+01,2.166409e+01,2.169866e+01,2.176777e+01,2.188516e+01,2.174013e+01,2.175395e+01,2.171940e+01,2.175395e+01,2.167100e+01,2.184374e+01,2.169866e+01,2.176086e+01,2.185065e+01,2.171940e+01,2.169866e+01,2.163642e+01,2.173322e+01,2.162258e+01,2.160874e+01,2.160182e+01,2.169866e+01,2.167792e+01,2.165025e+01,2.165025e+01,2.169866e+01,2.169175e+01,2.169175e+01,2.167792e+01,2.169866e+01,2.162950e+01,2.156029e+01,2.162258e+01,2.165717e+01,2.156029e+01,2.174704e+01,2.174013e+01,2.171940e+01,2.173322e+01,2.171940e+01,2.178159e+01,2.173322e+01,2.169175e+01,2.169175e+01,2.171248e+01,2.164334e+01,2.174013e+01,2.161566e+01,2.177468e+01,2.174013e+01,2.173322e+01,2.172631e+01,2.181612e+01,2.185065e+01,2.180231e+01,2.167792e+01,2.167792e+01,2.178850e+01,2.169866e+01,2.178850e+01,2.170557e+01,2.185065e+01,2.180922e+01,2.180231e+01,2.182303e+01,2.186445e+01,2.181612e+01,2.174704e+01,2.169866e+01,2.185065e+01,2.170557e+01,2.178159e+01,2.180231e+01,2.162950e+01,2.180231e+01,2.167100e+01,2.186445e+01,2.186445e+01,2.184374e+01,2.187825e+01,2.183684e+01,2.185755e+01,2.181612e+01,2.185065e+01,2.186445e+01,2.178159e+01,2.188516e+01,2.194035e+01,2.200241e+01,2.185755e+01,2.187825e+01,2.185065e+01,2.184374e+01,2.182303e+01,2.180231e+01,2.180922e+01,2.184374e+01,2.196793e+01,2.184374e+01,2.198172e+01,2.200241e+01,2.201619e+01,2.194035e+01,2.192655e+01,2.225713e+01,2.225026e+01,2.216771e+01,2.229151e+01,2.231212e+01,2.252494e+01,2.262091e+01,2.266201e+01,2.268255e+01,2.284676e+01,2.309258e+01,2.322209e+01,2.334462e+01,2.338544e+01,2.356890e+01,2.362319e+01,2.372492e+01,2.372492e+01,2.392808e+01,2.392808e+01,2.392808e+01,2.409708e+01,2.412409e+01,2.411734e+01,2.425906e+01,2.419835e+01,2.444098e+01,2.431973e+01,2.462931e+01,2.462259e+01,2.466291e+01,2.478376e+01,2.481059e+01,2.490447e+01,2.523905e+01,2.509865e+01,2.507858e+01,2.524573e+01,2.539260e+01,2.535924e+01,2.537258e+01,2.554592e+01,2.553926e+01,2.540594e+01,2.571898e+01,2.569237e+01,2.569237e+01,2.573228e+01,2.569903e+01,2.569903e+01,2.569903e+01,2.565245e+01,2.546596e+01,2.545929e+01,2.555925e+01,2.533921e+01,2.524573e+01,2.522569e+01,2.494467e+01,2.498486e+01,2.484413e+01,2.458898e+01,2.450828e+01,2.425906e+01,2.417135e+01,2.393485e+01,2.356211e+01,2.313350e+01,2.257979e+01,2.240829e+01,2.202308e+01,2.173322e+01,2.149796e+01,2.140094e+01,2.130382e+01,2.133851e+01,2.131076e+01,2.149104e+01,2.141480e+01,2.131076e+01,2.145639e+01,2.133158e+01,2.132464e+01,2.141480e+01,2.133851e+01,2.143560e+01,2.132464e+01,2.131076e+01,2.149104e+01,2.144946e+01,2.144946e+01,2.138013e+01,2.124828e+01,2.138013e+01,2.142174e+01,2.143560e+01,2.138013e+01,2.143560e+01,2.144253e+01,2.144946e+01,2.141480e+01,2.144253e+01,2.141480e+01,2.147718e+01,2.143560e+01,2.147718e+01,2.138707e+01,2.141480e+01,2.138013e+01,2.140787e+01,2.140787e+01,2.141480e+01,2.136626e+01,2.138013e+01,2.140094e+01,2.141480e+01,2.138013e+01,2.135933e+01,2.139400e+01,2.140787e+01,2.134545e+01,2.150489e+01,2.133158e+01,2.136626e+01,2.132464e+01,2.142867e+01,2.135933e+01,2.146332e+01,2.136626e+01,2.136626e+01,2.127605e+01,2.138013e+01,2.136626e+01,2.134545e+01,2.143560e+01,2.135933e+01,2.131076e+01,2.130382e+01,2.136626e+01,2.123439e+01,2.127605e+01,2.137320e+01,2.131770e+01,2.135239e+01,2.128299e+01,2.144253e+01,2.124828e+01,2.131076e+01,2.121355e+01,2.125522e+01,2.119271e+01,2.122050e+01,2.123439e+01,2.119966e+01,2.129688e+01,2.115796e+01,2.108148e+01,2.138013e+01,2.117881e+01,2.134545e+01,2.124133e+01,2.115101e+01,2.117186e+01,2.114406e+01,2.123439e+01,2.119966e+01,2.113015e+01,2.117186e+01,2.113711e+01,2.118576e+01,2.119271e+01,2.113015e+01,2.090743e+01,2.108148e+01,2.106061e+01,2.100493e+01,2.099797e+01,2.100493e+01,2.105365e+01,2.097709e+01,2.107452e+01,2.094226e+01,2.106756e+01,2.097709e+01,2.095619e+01,2.098405e+01,2.106061e+01,2.103277e+01,2.088653e+01,2.091440e+01,2.098405e+01,2.110929e+01,2.095619e+01,2.092833e+01,2.093530e+01,2.097012e+01,2.108148e+01,2.087956e+01,2.093530e+01,2.094923e+01,2.098405e+01,2.083773e+01,2.060039e+01,2.090743e+01,2.089350e+01,2.090047e+01,2.090743e+01,2.088653e+01,2.092137e+01,2.090743e+01,2.085168e+01,2.087956e+01,2.099797e+01,2.080286e+01,2.094923e+01,2.087956e+01,2.084470e+01,2.087956e+01,2.084470e+01,2.084470e+01,2.087956e+01,2.087259e+01,2.090743e+01,2.089350e+01,2.085865e+01,2.087956e+01,2.086562e+01,2.086562e+01,2.090047e+01,2.086562e+01,2.099797e+01,2.089350e+01,2.090047e+01,2.083773e+01,2.088653e+01,2.090047e+01,2.059340e+01,2.080984e+01,2.080286e+01,2.079589e+01,2.080286e+01,2.091440e+01,2.084470e+01,2.079589e+01,2.085865e+01,2.097709e+01,2.079589e+01,2.085865e+01,2.082378e+01,2.103277e+01,2.087259e+01,2.085865e+01,2.084470e+01,2.085865e+01,2.082378e+01,2.078891e+01,2.081681e+01,2.094226e+01,2.103277e+01,2.092833e+01,2.104669e+01,2.079589e+01,2.090047e+01,2.090047e+01,2.090047e+01,2.090047e+01,2.087956e+01,2.094226e+01,2.099101e+01,2.101189e+01,2.099797e+01,2.103973e+01,2.104669e+01,2.124133e+01,2.108843e+01,2.114406e+01,2.110234e+01,2.110929e+01,2.110929e+01,2.115101e+01,2.122050e+01,2.111625e+01,2.115796e+01,2.132464e+01,2.127605e+01,2.134545e+01,2.147718e+01,2.153952e+01,2.165717e+01,2.165025e+01,2.173322e+01,2.170557e+01,2.173322e+01,2.178159e+01,2.182303e+01,2.179540e+01,2.191965e+01,2.176777e+01,2.182303e+01,2.174704e+01,2.181612e+01,2.170557e+01,2.187825e+01,2.187135e+01,2.179540e+01,2.163642e+01,2.179540e+01,2.172631e+01,2.170557e+01,2.162258e+01,2.179540e+01,2.180231e+01,2.162950e+01,2.162258e+01,2.158106e+01,2.160874e+01,2.165025e+01,2.155337e+01,2.167100e+01,2.152567e+01,2.169866e+01,2.151875e+01,2.153260e+01,2.152567e+01,2.153260e+01,2.156029e+01,2.146332e+01,2.151182e+01,2.145639e+01,2.157414e+01,2.144253e+01,2.142867e+01,2.147718e+01,2.152567e+01,2.140094e+01,2.147718e+01,2.154645e+01,2.142867e+01,2.128299e+01,2.126217e+01,2.144253e+01,2.133851e+01,2.137320e+01,2.131076e+01,2.142174e+01,2.148411e+01,2.138707e+01,2.138013e+01,2.140094e+01,2.138707e+01,2.134545e+01,2.124133e+01,2.135239e+01,2.126911e+01,2.137320e+01,2.127605e+01,2.133851e+01,2.134545e+01,2.139400e+01,2.131076e+01,2.113015e+01,2.142174e+01,2.113711e+01,2.113015e+01,2.131076e+01,2.126217e+01,2.117881e+01,2.126217e+01,2.136626e+01,2.120660e+01,2.118576e+01,2.128299e+01,2.119271e+01,2.128299e+01,2.132464e+01,2.110929e+01,2.128299e+01,2.123439e+01,2.124828e+01,2.123439e+01,2.116491e+01,2.098405e+01,2.106061e+01,2.105365e+01,2.121355e+01,2.110929e+01,2.121355e+01,2.117186e+01,2.107452e+01,2.106756e+01,2.114406e+01,2.105365e+01,2.108148e+01,2.115101e+01,2.116491e+01,2.119966e+01,2.109539e+01,2.113015e+01,2.111625e+01,2.098405e+01,2.107452e+01,2.105365e+01,2.101189e+01,2.107452e+01,2.106756e+01,2.097709e+01,2.099797e+01,2.101885e+01,2.096316e+01,2.103973e+01,2.094226e+01,2.094923e+01,2.103277e+01,2.102581e+01,2.103973e+01,2.110234e+01,2.113711e+01,2.110234e+01,2.115101e+01,2.112320e+01,2.113711e+01,2.113015e+01,2.110234e+01,2.115796e+01,2.110234e+01,2.117186e+01,2.116491e+01,2.114406e+01,2.108148e+01,2.122744e+01,2.122050e+01,2.108148e+01,2.119966e+01,2.116491e+01,2.099101e+01,2.100493e+01,2.097709e+01,2.105365e+01,2.096316e+01,2.105365e+01,2.100493e+01,2.095619e+01,2.098405e+01,2.080984e+01,2.088653e+01,2.087259e+01,2.094923e+01,2.078891e+01,2.081681e+01,2.085168e+01,2.082378e+01,2.065628e+01,2.076798e+01,2.093530e+01,2.076100e+01,2.080984e+01,2.073309e+01,2.092833e+01,2.090743e+01,2.084470e+01,2.087956e+01,2.088653e+01,2.090047e+01,2.094226e+01,2.090047e+01,2.088653e+01,2.092833e+01,2.083076e+01,2.098405e+01,2.098405e+01,2.087956e+01,2.098405e+01,2.099797e+01,2.082378e+01,2.108843e+01,2.101189e+01,2.112320e+01,2.115101e+01,2.106061e+01,2.115796e+01,2.108148e+01,2.096316e+01,2.104669e+01,2.113015e+01,2.106061e+01,2.115101e+01,2.105365e+01,2.115796e+01,2.099101e+01,2.113711e+01,2.113711e+01,2.130382e+01,2.128993e+01,2.100493e+01,2.109539e+01,2.120660e+01,2.118576e+01,2.117881e+01,2.106061e+01,2.120660e+01,2.119271e+01,2.096316e+01,2.114406e+01,2.110929e+01,2.092833e+01,2.111625e+01,2.122050e+01,2.122050e+01
2.192655e+01,2.194725e+01,2.196793e+01,2.186445e+01,2.179540e+01,2.191276e+01,2.191965e+01,2.188516e+01,2.189206e+01,2.178850e+01,2.197483e+01,2.198862e+01,2.188516e+01,2.198172e+01,2.193345e+01,2.182993e+01,2.183684e+01,2.187135e+01,2.188516e+01,2.189206e+01,2.187825e+01,2.183684e+01,2.175395e+01,2.176777e+01,2.175395e+01,2.173322e+01,2.175395e+01,2.166409e+01,2.160874e+01,2.174704e+01,2.170557e+01,2.165717e+01,2.172631e+01,2.175395e+01,2.177468e+01,2.176086e+01,2.174704e+01,2.179540e+01,2.163642e+01,2.151875e+01,2.172631e+01,2.180231e+01,2.163642e+01,2.168483e+01,2.180922e+01,2.175395e+01,2.175395e+01,2.170557e+01,2.167792e+01,2.162950e+01,2.163642e+01,2.162950e+01,2.150489e+01,2.162258e+01,2.172631e+01,2.173322e+01,2.170557e+01,2.180922e+01,2.170557e+01,2.171940e+01,2.167100e+01,2.175395e+01,2.178850e+01,2.185065e+01,2.166409e+01,2.176777e+01,2.165717e+01,2.170557e+01,2.157414e+01,2.176086e+01,2.169866e+01,2.164334e+01,2.168483e+01,2.172631e+01,2.175395e+01,2.173322e+01,2.174013e+01,2.176086e+01,2.173322e+01,2.174704e+01,2.173322e+01,2.172631e+01,2.180231e+01,2.174704e+01,2.177468e+01,2.179540e+01,2.189896e+01,2.180922e+01,2.182303e+01,2.179540e+01,2.174704e+01,2.164334e+01,2.184374e+01,2.185065e+01,2.176777e+01,2.173322e+01,2.172631e+01,2.178850e+01,2.180231e+01,2.182993e+01,2.165717e+01,2.177468e+01,2.186445e+01,2.182993e+01,2.190586e+01,2.187135e+01,2.203687e+01,2.185755e+01,2.205754e+01,2.180922e+01,2.187825e+01,2.200930e+01,2.184374e+01,2.196793e+01,2.178850e+01,2.184374e+01,2.177468e+01,2.192655e+01,2.182993e+01,2.182303e+01,2.182993e+01,2.190586e+01,2.176777e+01,2.187825e+01,2.175395e+01,2.185755e+01,2.182303e+01,2.189896e+01,2.205065e+01,2.200930e+01,2.205754e+01,2.205065e+01,2.203687e+01,2.218835e+01,2.227776e+01,2.230525e+01,2.233961e+01,2.255237e+01,2.262091e+01,2.256608e+01,2.281941e+01,2.275785e+01,2.307212e+01,2.310622e+01,2.322890e+01,2.332421e+01,2.339904e+01,2.350778e+01,2.362998e+01,2.360962e+01,2.364355e+01,2.367746e+01,2.398219e+01,2.390778e+01,2.391455e+01,2.408357e+01,2.413085e+01,2.419160e+01,2.427254e+01,2.432647e+01,2.444771e+01,2.462931e+01,2.442078e+01,2.467634e+01,2.473006e+01,2.471663e+01,2.489776e+01,2.493797e+01,2.507189e+01,2.506520e+01,2.525909e+01,2.533254e+01,2.512541e+01,2.535256e+01,2.533254e+01,2.541928e+01,2.524573e+01,2.569237e+01,2.543262e+01,2.567907e+01,2.541928e+01,2.550595e+01,2.569903e+01,2.546596e+01,2.555258e+01,2.531919e+01,2.544595e+01,2.536591e+01,2.517890e+01,2.521900e+01,2.511872e+01,2.507189e+01,2.491117e+01,2.467634e+01,2.433995e+01,2.418485e+01,2.405655e+01,2.390778e+01,2.352816e+01,2.316758e+01,2.280573e+01,2.241516e+01,2.202308e+01,2.173322e+01,2.165717e+01,2.133851e+01,2.139400e+01,2.135239e+01,2.153952e+01,2.133851e+01,2.134545e+01,2.144946e+01,2.136626e+01,2.131770e+01,2.134545e+01,2.131770e+01,2.140787e+01,2.133851e+01,2.149104e+01,2.135933e+01,2.151182e+01,2.120660e+01,2.131770e+01,2.148411e+01,2.129688e+01,2.145639e+01,2.137320e+01,2.137320e+01,2.144946e+01,2.144946e+01,2.141480e+01,2.119966e+01,2.138707e+01,2.146332e+01,2.153260e+01,2.147025e+01,2.141480e+01,2.150489e+01,2.153260e+01,2.138707e+01,2.140094e+01,2.140094e+01,2.145639e+01,2.138013e+01,2.139400e+01,2.138013e+01,2.136626e+01,2.133158e+01,2.138013e+01,2.134545e+01,2.126217e+01,2.135933e+01,2.135933e+01,2.130382e+01,2.140094e+01,2.135933e+01,2.135933e+01,2.137320e+01,2.139400e+01,2.144253e+01,2.143560e+01,2.129688e+01,2.138013e+01,2.124828e+01,2.139400e+01,2.124133e+01,2.129688e+01,2.146332e+01,2.139400e+01,2.136626e+01,2.129688e+01,2.126911e+01,2.133158e+01,2.132464e+01,2.132464e+01,2.119271e+01,2.126911e+01,2.139400e+01,2.124828e+01,2.126911e+01,2.124133e+01,2.133158e+01,2.135933e+01,2.134545e+01,2.129688e+01,2.118576e+01,2.120660e+01,2.118576e+01,2.117186e+01,2.122050e+01,2.129688e+01,2.117881e+01,2.118576e+01,2.117881e+01,2.117881e+01,2.113711e+01,2.119271e+01,2.115101e+01,2.112320e+01,2.114406e+01,2.114406e+01,2.117186e+01,2.119271e+01,2.101189e+01,2.096316e+01,2.094923e+01,2.099101e+01,2.101885e+01,2.097709e+01,2.092833e+01,2.100493e+01,2.096316e+01,2.093530e+01,2.092833e+01,2.099797e+01,2.102581e+01,2.096316e+01,2.095619e+01,2.097012e+01,2.097709e+01,2.090047e+01,2.115101e+01,2.088653e+01,2.097709e+01,2.106061e+01,2.097709e+01,2.087956e+01,2.103277e+01,2.102581e+01,2.103277e+01,2.090047e+01,2.090047e+01,2.094923e+01,2.089350e+01,2.085168e+01,2.087259e+01,2.091440e+01,2.088653e+01,2.090047e+01,2.094226e+01,2.086562e+01,2.096316e+01,2.098405e+01,2.081681e+01,2.094226e+01,2.099101e+01,2.092137e+01,2.090743e+01,2.088653e+01,2.085865e+01,2.088653e+01,2.087956e+01,2.087956e+01,2.091440e+01,2.092137e+01,2.087956e+01,2.090743e+01,2.086562e+01,2.092137e+01,2.089350e+01,2.101885e+01,2.095619e+01,2.089350e+01,2.090743e+01,2.085865e+01,2.095619e+01,2.087956e+01,2.085168e+01,2.083773e+01,2.085865e+01,2.078193e+01,2.091440e+01,2.080984e+01,2.086562e+01,2.086562e+01,2.080286e+01,2.083773e+01,2.092833e+01,2.099797e+01,2.084470e+01,2.085865e+01,2.085865e+01,2.101885e+01,2.090047e+01,2.094923e+01,2.089350e+01,2.088653e+01,2.088653e+01,2.094226e+01,2.080984e+01,2.101885e+01,2.090047e+01,2.092137e+01,2.097012e+01,2.085168e+01,2.096316e+01,2.094923e+01,2.093530e+01,2.087956e+01,2.098405e+01,2.103277e+01,2.097012e+01,2.085865e+01,2.103277e+01,2.126217e+01,2.101189e+01,2.107452e+01,2.113015e+01,2.108843e+01,2.110234e+01,2.113711e+01,2.119966e+01,2.128299e+01,2.124828e+01,2.126911e+01,2.131076e+01,2.127605e+01,2.144946e+01,2.147025e+01,2.163642e+01,2.160182e+01,2.153952e+01,2.161566e+01,2.167792e+01,2.176086e+01,2.174013e+01,2.194035e+01,2.180231e+01,2.174704e+01,2.176086e+01,2.192655e+01,2.182993e+01,2.182993e+01,2.171940e+01,2.184374e+01,2.146332e+01,2.175395e+01,2.174704e+01,2.167792e+01,2.171248e+01,2.162950e+01,2.158798e+01,2.163642e+01,2.158798e+01,2.158798e+01,2.161566e+01,2.162258e+01,2.158106e+01,2.160874e+01,2.137320e+01,2.156721e+01,2.164334e+01,2.135239e+01,2.161566e+01,2.158798e+01,2.141480e+01,2.151875e+01,2.152567e+01,2.152567e+01,2.147718e+01,2.152567e+01,2.144946e+01,2.169866e+01,2.142174e+01,2.147025e+01,2.142174e+01,2.144946e+01,2.143560e+01,2.162258e+01,2.143560e+01,2.147025e+01,2.149104e+01,2.144253e+01,2.137320e+01,2.143560e+01,2.142174e+01,2.142174e+01,2.129688e+01,2.135933e+01,2.138013e+01,2.136626e+01,2.142174e+01,2.142867e+01,2.138013e+01,2.119966e+01,2.129688e+01,2.138013e+01,2.128993e+01,2.124133e+01,2.127605e+01,2.130382e+01,2.119271e+01,2.134545e+01,2.129688e+01,2.114406e+01,2.131076e+01,2.113711e+01,2.126217e+01,2.124133e+01,2.118576e+01,2.117186e+01,2.135933e+01,2.114406e+01,2.123439e+01,2.113015e+01,2.125522e+01,2.117881e+01,2.130382e+01,2.124133e+01,2.126911e+01,2.126217e+01,2.117186e+01,2.116491e+01,2.111625e+01,2.130382e+01,2.121355e+01,2.121355e+01,2.117186e+01,2.106061e+01,2.129688e+01,2.110234e+01,2.128299e+01,2.117881e+01,2.108148e+01,2.111625e+01,2.104669e+01,2.115101e+01,2.117186e+01,2.116491e+01,2.117186e+01,2.103973e+01,2.101885e+01,2.107452e+01,2.106061e+01,2.112320e+01,2.110234e+01,2.106061e+01,2.112320e+01,2.092833e+01,2.107452e+01,2.091440e+01,2.092833e+01,2.098405e+01,2.106061e+01,2.101189e+01,2.112320e+01,2.103277e+01,2.113711e+01,2.112320e+01,2.122050e+01,2.115101e+01,2.109539e+01,2.109539e+01,2.117186e+01,2.108843e+01,2.106756e+01,2.112320e+01,2.101189e+01,2.121355e+01,2.107452e+01,2.125522e+01,2.122050e+01,2.119966e+01,2.100493e+01,2.115101e+01,2.115796e+01,2.103973e+01,2.107452e+01,2.098405e+01,2.107452e+01,2.106061e+01,2.109539e+01,2.097012e+01,2.099101e+01,2.118576e+01,2.066327e+01,2.091440e+01,2.106061e+01,2.094226e+01,2.086562e+01,2.093530e+01,2.087259e+01,2.094923e+01,2.082378e+01,2.082378e+01,2.081681e+01,2.074705e+01,2.077496e+01,2.080984e+01,2.092137e+01,2.080286e+01,2.087259e+01,2.087956e+01,2.088653e+01,2.080286e+01,2.092833e+01,2.094226e+01,2.093530e+01,2.103973e+01,2.094226e+01,2.101885e+01,2.091440e+01,2.110234e+01,2.100493e+01,2.099797e+01,2.097709e+01,2.115796e+01,2.103277e+01,2.117186e+01,2.101189e+01,2.108148e+01,2.110234e+01,2.105365e+01,2.110234e+01,2.101885e+01,2.106061e+01,2.114406e+01,2.106756e+01,2.117186e+01,2.113711e+01,2.117186e+01,2.108148e+01,2.101189e+01,2.122050e+01,2.127605e+01,2.126911e+01,2.099101e+01,2.122050e+01,2.116491e+01,2.110929e+01,2.121355e+01,2.128299e+01,2.120660e+01,2.126217e+01,2.117881e+01,2.126911e+01,2.116491e+01,2.117186e+01,2.120660e+01,2.115796e+01
2.182993e+01,2.182303e+01,2.179540e+01,2.185065e+01,2.191965e+01,2.186445e+01,2.188516e+01,2.189206e+01,2.175395e+01,2.180231e+01,2.198862e+01,2.196104e+01,2.182303e+01,2.192655e+01,2.185755e+01,2.198862e+01,2.186445e+01,2.188516e+01,2.187825e+01,2.182303e+01,2.189896e+01,2.184374e+01,2.170557e+01,2.182303e+01,2.187825e+01,2.169866e+01,2.165717e+01,2.166409e+01,2.171940e+01,2.184374e+01,2.174704e+01,2.169175e+01,2.184374e+01,2.179540e+01,2.162950e+01,2.181612e+01,2.173322e+01,2.182993e+01,2.162950e+01,2.159490e+01,2.183684e+01,2.178850e+01,2.173322e+01,2.165717e+01,2.164334e+01,2.161566e+01,2.165717e+01,2.171248e+01,2.177468e+01,2.160874e+01,2.171940e+01,2.189206e+01,2.172631e+01,2.170557e+01,2.165717e+01,2.178159e+01,2.169866e+01,2.171248e+01,2.165717e+01,2.173322e+01,2.168483e+01,2.169866e+01,2.162258e+01,2.153952e+01,2.167792e+01,2.173322e+01,2.165717e+01,2.160182e+01,2.165717e+01,2.180922e+01,2.176777e+01,2.174013e+01,2.176777e+01,2.163642e+01,2.171940e+01,2.171940e+01,2.170557e+01,2.175395e+01,2.178850e+01,2.173322e+01,2.178850e+01,2.185065e+01,2.180231e+01,2.171940e+01,2.172631e+01,2.178159e+01,2.181612e+01,2.171248e+01,2.170557e+01,2.174704e+01,2.194725e+01,2.187825e+01,2.179540e+01,2.179540e+01,2.174704e+01,2.169866e+01,2.176086e+01,2.183684e+01,2.169866e+01,2.180231e+01,2.178850e+01,2.181612e+01,2.182303e+01,2.181612e+01,2.185755e+01,2.185755e+01,2.189206e+01,2.183684e+01,2.181612e+01,2.178850e+01,2.175395e+01,2.191276e+01,2.180231e+01,2.181612e+01,2.197483e+01,2.181612e+01,2.179540e+01,2.193345e+01,2.180922e+01,2.177468e+01,2.194725e+01,2.189206e+01,2.179540e+01,2.175395e+01,2.185065e+01,2.180922e+01,2.191965e+01,2.194035e+01,2.205754e+01,2.205065e+01,2.204376e+01,2.194035e+01,2.222275e+01,2.227088e+01,2.227088e+01,2.232587e+01,2.233961e+01,2.241516e+01,2.255237e+01,2.251808e+01,2.253866e+01,2.285360e+01,2.292194e+01,2.324252e+01,2.310622e+01,2.339224e+01,2.339224e+01,2.348740e+01,2.354174e+01,2.368424e+01,2.362319e+01,2.358926e+01,2.393485e+01,2.373170e+01,2.406330e+01,2.398219e+01,2.413760e+01,2.415110e+01,2.423208e+01,2.427929e+01,2.434669e+01,2.430625e+01,2.450828e+01,2.470992e+01,2.467634e+01,2.470992e+01,2.485754e+01,2.472335e+01,2.493797e+01,2.503173e+01,2.499156e+01,2.506520e+01,2.511203e+01,2.529916e+01,2.523237e+01,2.523237e+01,2.545262e+01,2.549928e+01,2.548595e+01,2.543262e+01,2.539260e+01,2.550595e+01,2.539927e+01,2.535256e+01,2.535924e+01,2.535256e+01,2.517890e+01,2.527245e+01,2.526577e+01,2.490447e+01,2.479047e+01,2.473677e+01,2.477034e+01,2.433321e+01,2.440732e+01,2.419160e+01,2.398895e+01,2.398219e+01,2.353495e+01,2.323571e+01,2.281941e+01,2.231212e+01,2.211263e+01,2.200930e+01,2.170557e+01,2.151182e+01,2.139400e+01,2.132464e+01,2.130382e+01,2.131770e+01,2.135239e+01,2.129688e+01,2.133851e+01,2.143560e+01,2.136626e+01,2.146332e+01,2.139400e+01,2.150489e+01,2.129688e+01,2.135239e+01,2.138707e+01,2.144253e+01,2.142867e+01,2.151182e+01,2.140094e+01,2.138707e+01,2.133851e+01,2.142867e+01,2.133158e+01,2.151182e+01,2.142867e+01,2.138707e+01,2.140787e+01,2.149796e+01,2.151182e+01,2.139400e+01,2.136626e+01,2.142174e+01,2.145639e+01,2.150489e+01,2.138707e+01,2.140787e+01,2.141480e+01,2.141480e+01,2.140094e+01,2.126911e+01,2.115796e+01,2.137320e+01,2.132464e+01,2.128299e+01,2.131770e+01,2.133851e+01,2.135239e+01,2.135239e+01,2.133158e+01,2.134545e+01,2.126217e+01,2.142174e+01,2.142867e+01,2.156721e+01,2.138707e+01,2.121355e+01,2.126217e+01,2.128299e+01,2.143560e+01,2.124133e+01,2.124828e+01,2.129688e+01,2.116491e+01,2.138013e+01,2.120660e+01,2.134545e+01,2.127605e+01,2.116491e+01,2.119966e+01,2.128299e+01,2.131076e+01,2.117186e+01,2.123439e+01,2.124828e+01,2.122744e+01,2.123439e+01,2.122744e+01,2.120660e+01,2.124828e+01,2.124828e+01,2.118576e+01,2.115101e+01,2.117186e+01,2.117881e+01,2.117186e+01,2.118576e+01,2.122744e+01,2.118576e+01,2.117186e+01,2.116491e+01,2.116491e+01,2.117881e+01,2.110234e+01,2.109539e+01,2.110234e+01,2.107452e+01,2.107452e+01,2.101885e+01,2.103973e+01,2.098405e+01,2.100493e+01,2.100493e+01,2.099101e+01,2.098405e+01,2.095619e+01,2.095619e+01,2.100493e+01,2.087956e+01,2.104669e+01,2.099797e+01,2.100493e+01,2.095619e+01,2.102581e+01,2.097012e+01,2.116491e+01,2.094226e+01,2.073309e+01,2.099101e+01,2.089350e+01,2.099797e+01,2.098405e+01,2.097012e+01,2.101189e+01,2.097709e+01,2.083773e+01,2.092833e+01,2.097012e+01,2.078193e+01,2.089350e+01,2.095619e+01,2.089350e+01,2.091440e+01,2.090743e+01,2.092833e+01,2.088653e+01,2.088653e+01,2.081681e+01,2.078193e+01,2.090047e+01,2.090743e+01,2.086562e+01,2.096316e+01,2.085168e+01,2.087259e+01,2.087956e+01,2.083076e+01,2.089350e+01,2.083076e+01,2.091440e+01,2.090743e+01,2.079589e+01,2.099101e+01,2.096316e+01,2.094923e+01,2.094226e+01,2.093530e+01,2.092833e+01,2.097012e+01,2.088653e+01,2.080984e+01,2.092833e+01,2.092137e+01,2.092137e+01,2.085168e+01,2.092833e+01,2.087259e+01,2.094923e+01,2.093530e+01,2.090047e+01,2.079589e+01,2.091440e+01,2.090743e+01,2.103973e+01,2.087259e+01,2.087259e+01,2.086562e+01,2.066327e+01,2.094226e+01,2.089350e+01,2.092833e+01,2.091440e+01,2.094923e+01,2.096316e+01,2.099797e+01,2.093530e+01,2.090743e+01,2.089350e+01,2.099101e+01,2.094923e+01,2.092833e+01,2.094226e+01,2.099101e+01,2.087259e+01,2.104669e+01,2.104669e+01,2.087259e+01,2.103277e+01,2.095619e+01,2.104669e+01,2.107452e+01,2.110234e+01,2.108843e+01,2.109539e+01,2.113015e+01,2.115101e+01,2.119271e+01,2.113711e+01,2.117881e+01,2.126911e+01,2.125522e+01,2.125522e+01,2.147025e+01,2.149796e+01,2.159490e+01,2.162950e+01,2.171248e+01,2.168483e+01,2.174704e+01,2.169866e+01,2.181612e+01,2.185755e+01,2.176777e+01,2.176086e+01,2.189896e+01,2.181612e+01,2.182993e+01,2.176086e+01,2.183684e+01,2.184374e+01,2.184374e+01,2.183684e+01,2.161566e+01,2.177468e+01,2.170557e+01,2.167100e+01,2.165717e+01,2.162950e+01,2.165025e+01,2.160182e+01,2.160874e+01,2.165025e+01,2.157414e+01,2.160874e+01,2.156029e+01,2.157414e+01,2.161566e+01,2.153260e+01,2.154645e+01,2.158106e+01,2.155337e+01,2.180231e+01,2.157414e+01,2.134545e+01,2.150489e+01,2.151875e+01,2.152567e+01,2.142867e+01,2.152567e+01,2.147718e+01,2.153260e+01,2.164334e+01,2.157414e+01,2.146332e+01,2.148411e+01,2.153952e+01,2.147718e+01,2.147025e+01,2.142174e+01,2.142867e+01,2.150489e+01,2.138707e+01,2.138013e+01,2.138707e+01,2.140787e+01,2.141480e+01,2.139400e+01,2.143560e+01,2.142174e+01,2.142174e+01,2.135933e+01,2.126217e+01,2.133851e+01,2.125522e+01,2.133158e+01,2.128299e+01,2.117881e+01,2.124133e+01,2.128993e+01,2.113711e+01,2.129688e+01,2.117881e+01,2.139400e+01,2.122050e+01,2.133851e+01,2.112320e+01,2.120660e+01,2.120660e+01,2.128299e+01,2.131770e+01,2.128299e+01,2.122744e+01,2.124828e+01,2.118576e+01,2.122050e+01,2.117881e+01,2.119966e+01,2.125522e+01,2.126217e+01,2.133158e+01,2.119271e+01,2.127605e+01,2.125522e+01,2.113015e+01,2.124133e+01,2.126911e+01,2.112320e+01,2.119271e+01,2.122050e+01,2.106061e+01,2.117881e+01,2.107452e+01,2.106756e+01,2.112320e+01,2.113015e+01,2.113711e+01,2.106061e+01,2.108843e+01,2.109539e+01,2.109539e+01,2.105365e+01,2.103973e+01,2.107452e+01,2.104669e+01,2.096316e+01,2.110234e+01,2.117881e+01,2.115101e+01,2.103277e+01,2.096316e+01,2.094226e+01,2.101189e+01,2.108148e+01,2.126217e+01,2.103973e+01,2.103277e+01,2.124828e+01,2.115796e+01,2.103973e+01,2.125522e+01,2.102581e+01,2.100493e+01,2.110234e+01,2.120660e+01,2.112320e+01,2.111625e+01,2.116491e+01,2.105365e+01,2.111625e+01,2.110234e+01,2.115101e+01,2.095619e+01,2.099797e+01,2.098405e+01,2.106061e+01,2.103973e+01,2.107452e+01,2.111625e+01,2.090743e+01,2.094226e+01,2.090743e+01,2.094923e+01,2.094923e+01,2.086562e+01,2.083076e+01,2.095619e+01,2.092137e+01,2.080286e+01,2.092833e+01,2.090047e+01,2.092137e+01,2.086562e+01,2.091440e+01,2.092137e+01,2.092137e+01,2.083076e+01,2.083076e+01,2.078891e+01,2.092137e+01,2.090743e+01,2.087956e+01,2.095619e+01,2.103973e+01,2.109539e+01,2.091440e+01,2.090743e+01,2.098405e+01,2.110234e+01,2.099101e+01,2.104669e+01,2.093530e+01,2.112320e+01,2.114406e+01,2.113711e+01,2.115796e+01,2.114406e+01,2.114406e+01,2.116491e+01,2.103277e+01,2.100493e+01,2.112320e+01,2.128299e+01,2.115101e+01,2.116491e+01,2.098405e+01,2.133851e+01,2.134545e+01,2.120660e+01,2.115796e+01,2.106756e+01,2.111625e+01,2.117186e+01,2.119966e+01,2.101885e+01,2.112320e+01,2.118576e+01,2.114406e+01,2.103277e+01,2.110234e+01,2.113015e+01,2.124133e+01,2.120660e+01,2.117186e+01,2.114406e+01,2.118576e+01
2.180922e+01,2.191276e+01,2.189206e+01,2.180922e+01,2.191276e+01,2.187825e+01,2.169866e+01,2.195414e+01,2.194725e+01,2.194035e+01,2.194035e+01,2.185065e+01,2.200930e+01,2.205065e+01,2.194725e+01,2.199551e+01,2.189206e+01,2.178850e+01,2.169175e+01,2.186445e+01,2.177468e+01,2.185755e+01,2.187825e+01,2.214017e+01,2.192655e+01,2.194725e+01,2.178850e+01,2.172631e+01,2.171248e+01,2.167100e+01,2.169866e+01,2.176777e+01,2.171248e+01,2.189896e+01,2.169175e+01,2.166409e+01,2.173322e+01,2.162950e+01,2.162950e+01,2.174704e+01,2.171248e+01,2.177468e+01,2.179540e+01,2.168483e+01,2.175395e+01,2.167792e+01,2.173322e+01,2.162950e+01,2.171940e+01,2.165717e+01,2.156721e+01,2.165025e+01,2.173322e+01,2.190586e+01,2.155337e+01,2.174013e+01,2.171940e+01,2.176086e+01,2.167100e+01,2.171248e+01,2.171248e+01,2.162258e+01,2.169866e+01,2.181612e+01,2.181612e+01,2.165717e+01,2.176777e+01,2.157414e+01,2.161566e+01,2.177468e+01,2.176086e+01,2.160182e+01,2.180231e+01,2.160874e+01,2.173322e+01,2.171940e+01,2.171940e+01,2.171940e+01,2.160874e+01,2.168483e+01,2.176777e+01,2.156721e+01,2.175395e+01,2.170557e+01,2.185755e+01,2.180922e+01,2.174013e+01,2.175395e+01,2.178159e+01,2.181612e+01,2.179540e+01,2.178159e+01,2.187135e+01,2.190586e+01,2.186445e+01,2.189896e+01,2.181612e+01,2.189896e+01,2.176086e+01,2.191965e+01,2.176777e+01,2.187825e+01,2.174704e+01,2.169175e+01,2.187135e+01,2.187825e+01,2.176777e+01,2.179540e+01,2.182993e+01,2.193345e+01,2.181612e+01,2.192655e+01,2.191965e+01,2.179540e+01,2.201619e+01,2.175395e+01,2.189206e+01,2.187135e+01,2.194035e+01,2.187135e+01,2.183684e+01,2.189896e+01,2.175395e+01,2.185755e+01,2.170557e+01,2.185755e+01,2.180231e+01,2.195414e+01,2.198862e+01,2.190586e+01,2.205754e+01,2.194035e+01,2.209886e+01,2.233961e+01,2.238769e+01,2.229151e+01,2.236709e+01,2.256608e+01,2.255923e+01,2.253866e+01,2.257979e+01,2.275785e+01,2.273732e+01,2.311304e+01,2.305848e+01,2.332421e+01,2.310622e+01,2.339904e+01,2.339904e+01,2.350778e+01,2.364355e+01,2.365711e+01,2.371814e+01,2.379946e+01,2.377236e+01,2.379946e+01,2.396867e+01,2.398219e+01,2.411734e+01,2.423208e+01,2.430625e+01,2.429277e+01,2.430625e+01,2.450828e+01,2.475020e+01,2.466962e+01,2.471663e+01,2.471663e+01,2.454864e+01,2.498486e+01,2.499826e+01,2.505182e+01,2.505182e+01,2.513210e+01,2.520564e+01,2.517222e+01,2.526577e+01,2.521900e+01,2.516553e+01,2.535256e+01,2.523237e+01,2.507858e+01,2.515885e+01,2.511203e+01,2.539260e+01,2.524573e+01,2.521232e+01,2.528580e+01,2.497817e+01,2.491117e+01,2.477705e+01,2.465619e+01,2.456881e+01,2.463603e+01,2.427929e+01,2.417810e+01,2.399571e+01,2.357569e+01,2.356890e+01,2.316076e+01,2.298340e+01,2.234648e+01,2.230525e+01,2.206442e+01,2.153952e+01,2.153260e+01,2.138707e+01,2.128993e+01,2.144946e+01,2.129688e+01,2.135933e+01,2.138707e+01,2.136626e+01,2.138013e+01,2.136626e+01,2.131770e+01,2.135239e+01,2.150489e+01,2.135239e+01,2.140094e+01,2.145639e+01,2.133851e+01,2.136626e+01,2.130382e+01,2.140787e+01,2.147025e+01,2.149796e+01,2.129688e+01,2.142867e+01,2.145639e+01,2.133158e+01,2.136626e+01,2.135239e+01,2.135933e+01,2.149796e+01,2.135933e+01,2.135239e+01,2.134545e+01,2.142867e+01,2.128299e+01,2.145639e+01,2.140094e+01,2.124828e+01,2.128993e+01,2.135239e+01,2.135933e+01,2.139400e+01,2.117881e+01,2.137320e+01,2.134545e+01,2.128993e+01,2.133851e+01,2.133158e+01,2.135239e+01,2.131770e+01,2.138707e+01,2.123439e+01,2.139400e+01,2.143560e+01,2.130382e+01,2.128299e+01,2.127605e+01,2.127605e+01,2.124133e+01,2.125522e+01,2.135239e+01,2.133851e+01,2.126911e+01,2.128299e+01,2.137320e+01,2.130382e+01,2.129688e+01,2.121355e+01,2.126217e+01,2.119271e+01,2.128993e+01,2.124828e+01,2.122744e+01,2.126217e+01,2.120660e+01,2.120660e+01,2.109539e+01,2.122050e+01,2.111625e+01,2.117186e+01,2.116491e+01,2.126911e+01,2.120660e+01,2.118576e+01,2.119966e+01,2.112320e+01,2.119966e+01,2.122744e+01,2.115796e+01,2.117881e+01,2.117881e+01,2.119271e+01,2.128993e+01,2.099101e+01,2.110234e+01,2.103277e+01,2.113015e+01,2.107452e+01,2.106756e+01,2.099797e+01,2.092137e+01,2.097709e+01,2.106756e+01,2.099797e+01,2.089350e+01,2.100493e+01,2.094226e+01,2.089350e+01,2.087956e+01,2.087259e+01,2.087956e+01,2.100493e+01,2.096316e+01,2.097709e+01,2.093530e+01,2.096316e+01,2.096316e+01,2.101189e+01,2.100493e+01,2.093530e+01,2.087259e+01,2.094923e+01,2.087956e+01,2.101885e+01,2.093530e+01,2.083076e+01,2.099797e+01,2.084470e+01,2.087956e+01,2.095619e+01,2.093530e+01,2.090743e+01,2.090047e+01,2.089350e+01,2.097012e+01,2.099797e+01,2.083773e+01,2.099797e+01,2.087956e+01,2.096316e+01,2.091440e+01,2.090743e+01,2.097709e+01,2.086562e+01,2.085865e+01,2.092833e+01,2.081681e+01,2.090047e+01,2.094923e+01,2.092137e+01,2.091440e+01,2.085865e+01,2.092833e+01,2.092833e+01,2.095619e+01,2.083076e+01,2.094923e+01,2.107452e+01,2.092833e+01,2.099797e+01,2.097709e+01,2.091440e+01,2.085865e+01,2.090743e+01,2.081681e+01,2.092137e+01,2.090047e+01,2.091440e+01,2.090047e+01,2.094923e+01,2.089350e+01,2.083773e+01,2.095619e+01,2.082378e+01,2.092833e+01,2.090047e+01,2.090743e+01,2.096316e+01,2.098405e+01,2.088653e+01,2.092833e+01,2.093530e+01,2.100493e+01,2.096316e+01,2.090743e+01,2.092137e+01,2.101885e+01,2.108148e+01,2.093530e+01,2.100493e+01,2.103973e+01,2.101885e+01,2.105365e+01,2.101189e+01,2.102581e+01,2.099797e+01,2.104669e+01,2.106061e+01,2.108843e+01,2.102581e+01,2.105365e+01,2.106061e+01,2.109539e+01,2.110234e+01,2.115101e+01,2.131770e+01,2.110234e+01,2.118576e+01,2.115101e+01,2.117186e+01,2.136626e+01,2.132464e+01,2.158798e+01,2.153260e+01,2.144946e+01,2.161566e+01,2.162950e+01,2.172631e+01,2.167100e+01,2.170557e+01,2.181612e+01,2.185755e+01,2.187825e+01,2.181612e+01,2.178159e+01,2.179540e+01,2.184374e+01,2.187825e+01,2.182303e+01,2.180231e+01,2.183684e+01,2.174704e+01,2.174704e+01,2.166409e+01,2.182303e+01,2.167792e+01,2.138013e+01,2.156721e+01,2.163642e+01,2.160182e+01,2.162950e+01,2.160874e+01,2.162950e+01,2.155337e+01,2.144946e+01,2.154645e+01,2.163642e+01,2.153260e+01,2.151182e+01,2.153260e+01,2.147025e+01,2.150489e+01,2.155337e+01,2.158106e+01,2.153260e+01,2.153260e+01,2.158798e+01,2.150489e+01,2.150489e+01,2.145639e+01,2.149796e+01,2.145639e+01,2.144946e+01,2.155337e+01,2.144253e+01,2.148411e+01,2.140787e+01,2.150489e+01,2.147718e+01,2.142867e+01,2.140787e+01,2.140787e+01,2.141480e+01,2.142867e+01,2.141480e+01,2.136626e+01,2.140094e+01,2.140787e+01,2.128993e+01,2.143560e+01,2.147025e+01,2.135239e+01,2.122744e+01,2.136626e+01,2.133158e+01,2.133851e+01,2.138013e+01,2.131770e+01,2.126911e+01,2.135239e+01,2.119271e+01,2.131076e+01,2.115796e+01,2.138707e+01,2.120660e+01,2.117881e+01,2.119966e+01,2.131076e+01,2.130382e+01,2.124133e+01,2.120660e+01,2.129688e+01,2.118576e+01,2.121355e+01,2.136626e+01,2.133851e+01,2.126911e+01,2.122050e+01,2.134545e+01,2.124828e+01,2.131076e+01,2.118576e+01,2.138707e+01,2.135239e+01,2.134545e+01,2.123439e+01,2.112320e+01,2.106756e+01,2.105365e+01,2.104669e+01,2.123439e+01,2.119271e+01,2.104669e+01,2.124133e+01,2.105365e+01,2.102581e+01,2.095619e+01,2.111625e+01,2.104669e+01,2.108148e+01,2.110929e+01,2.108148e+01,2.111625e+01,2.106756e+01,2.099797e+01,2.094226e+01,2.118576e+01,2.127605e+01,2.119271e+01,2.103277e+01,2.114406e+01,2.103277e+01,2.109539e+01,2.117186e+01,2.110234e+01,2.110929e+01,2.105365e+01,2.115796e+01,2.103277e+01,2.101189e+01,2.099797e+01,2.110234e+01,2.105365e+01,2.108843e+01,2.109539e+01,2.105365e+01,2.102581e+01,2.106061e+01,2.101885e+01,2.116491e+01,2.099101e+01,2.100493e+01,2.101885e+01,2.113711e+01,2.112320e+01,2.108148e+01,2.108148e+01,2.104669e+01,2.085168e+01,2.087956e+01,2.085865e+01,2.099101e+01,2.091440e+01,2.078891e+01,2.080984e+01,2.096316e+01,2.085168e+01,2.085168e+01,2.085168e+01,2.090743e+01,2.094226e+01,2.094226e+01,2.083076e+01,2.092137e+01,2.093530e+01,2.094923e+01,2.090047e+01,2.094923e+01,2.099101e+01,2.097012e+01,2.096316e+01,2.100493e+01,2.092833e+01,2.102581e+01,2.103277e+01,2.103277e+01,2.113015e+01,2.114406e+01,2.108843e+01,2.111625e+01,2.119271e+01,2.114406e+01,2.122744e+01,2.115101e+01,2.117881e+01,2.113015e+01,2.119271e+01,2.119271e+01,2.125522e+01,2.104669e+01,2.115796e+01,2.119966e+01,2.100493e+01,2.122744e+01,2.136626e+01,2.128299e+01,2.114406e+01,2.126217e+01,2.110929e+01,2.111625e+01,2.138013e+01,2.148411e+01,2.122050e+01,2.123439e+01,2.141480e+01,2.119271e+01,2.131770e+01,2.119966e+01,2.113015e+01,2.134545e+01,2.115101e+01,2.117881e+01,2.120660e+01,2.130382e+01,2.119966e+01
2.179540e+01,2.180231e+01,2.200241e+01,2.181612e+01,2.197483e+01,2.188516e+01,2.179540e+01,2.180922e+01,2.196793e+01,2.191276e+01,2.196104e+01,2.172631e+01,2.195414e+01,2.186445e+01,2.196793e+01,2.198172e+01,2.190586e+01,2.196793e+01,2.192655e+01,2.176777e+01,2.175395e+01,2.183684e+01,2.183684e+01,2.187825e+01,2.184374e+01,2.188516e+01,2.194035e+01,2.193345e+01,2.170557e+01,2.176086e+01,2.177468e+01,2.163642e+01,2.191276e+01,2.167792e+01,2.175395e+01,2.178850e+01,2.174013e+01,2.163642e+01,2.160874e+01,2.173322e+01,2.172631e+01,2.163642e+01,2.162258e+01,2.162258e+01,2.169866e+01,2.158106e+01,2.178159e+01,2.157414e+01,2.173322e+01,2.177468e+01,2.176086e+01,2.137320e+01,2.144253e+01,2.169866e+01,2.180231e+01,2.170557e+01,2.176777e+01,2.176777e+01,2.169175e+01,2.171248e+01,2.170557e+01,2.166409e+01,2.166409e+01,2.162950e+01,2.180922e+01,2.156029e+01,2.159490e+01,2.181612e+01,2.174013e+01,2.158798e+01,2.169175e+01,2.160874e+01,2.171248e+01,2.176777e+01,2.171248e+01,2.153952e+01,2.176777e+01,2.166409e+01,2.172631e+01,2.173322e+01,2.169866e+01,2.168483e+01,2.171940e+01,2.178159e+01,2.187825e+01,2.173322e+01,2.173322e+01,2.171940e+01,2.176777e+01,2.187825e+01,2.182303e+01,2.170557e+01,2.178159e+01,2.185755e+01,2.171940e+01,2.162258e+01,2.178850e+01,2.191276e+01,2.182303e+01,2.186445e+01,2.171940e+01,2.174704e+01,2.187825e+01,2.173322e+01,2.191276e+01,2.184374e+01,2.182993e+01,2.186445e+01,2.192655e+01,2.187135e+01,2.194035e+01,2.188516e+01,2.180922e+01,2.189206e+01,2.187825e+01,2.173322e+01,2.172631e+01,2.187135e+01,2.175395e+01,2.188516e+01,2.187825e+01,2.175395e+01,2.179540e+01,2.171940e+01,2.176086e+01,2.171248e+01,2.179540e+01,2.202997e+01,2.186445e+01,2.187825e+01,2.202997e+01,2.202997e+01,2.203687e+01,2.198862e+01,2.207131e+01,2.208509e+01,2.213329e+01,2.238769e+01,2.252494e+01,2.247692e+01,2.249065e+01,2.255237e+01,2.282625e+01,2.306530e+01,2.301753e+01,2.306530e+01,2.316758e+01,2.314713e+01,2.332421e+01,2.333782e+01,2.365033e+01,2.366390e+01,2.358247e+01,2.370458e+01,2.361641e+01,2.392132e+01,2.375203e+01,2.385364e+01,2.394838e+01,2.401600e+01,2.427929e+01,2.403627e+01,2.428603e+01,2.426580e+01,2.450155e+01,2.458898e+01,2.451501e+01,2.451501e+01,2.473677e+01,2.475020e+01,2.481059e+01,2.481730e+01,2.501834e+01,2.521232e+01,2.507858e+01,2.492457e+01,2.487766e+01,2.515216e+01,2.505182e+01,2.498486e+01,2.503173e+01,2.504512e+01,2.501834e+01,2.505851e+01,2.485084e+01,2.507858e+01,2.491787e+01,2.479047e+01,2.491787e+01,2.470992e+01,2.470321e+01,2.438711e+01,2.436690e+01,2.434669e+01,2.407006e+01,2.404979e+01,2.379269e+01,2.363676e+01,2.325614e+01,2.324252e+01,2.283993e+01,2.236022e+01,2.207131e+01,2.202997e+01,2.153952e+01,2.148411e+01,2.152567e+01,2.140094e+01,2.131770e+01,2.131076e+01,2.132464e+01,2.144946e+01,2.131770e+01,2.152567e+01,2.146332e+01,2.135239e+01,2.131076e+01,2.131076e+01,2.133158e+01,2.130382e+01,2.141480e+01,2.133851e+01,2.150489e+01,2.144253e+01,2.142867e+01,2.138707e+01,2.151875e+01,2.144253e+01,2.129688e+01,2.147025e+01,2.136626e+01,2.138707e+01,2.134545e+01,2.134545e+01,2.133158e+01,2.137320e+01,2.146332e+01,2.152567e+01,2.158106e+01,2.144946e+01,2.126217e+01,2.142867e+01,2.124828e+01,2.125522e+01,2.129688e+01,2.131770e+01,2.111625e+01,2.127605e+01,2.135239e+01,2.122050e+01,2.130382e+01,2.133851e+01,2.132464e+01,2.132464e+01,2.129688e+01,2.126217e+01,2.140787e+01,2.142174e+01,2.140094e+01,2.123439e+01,2.123439e+01,2.129688e+01,2.126217e+01,2.126911e+01,2.122050e+01,2.127605e+01,2.133851e+01,2.128299e+01,2.132464e+01,2.128993e+01,2.121355e+01,2.128993e+01,2.127605e+01,2.120660e+01,2.122050e+01,2.120660e+01,2.125522e+01,2.118576e+01,2.120660e+01,2.121355e+01,2.124133e+01,2.115101e+01,2.120660e+01,2.124133e+01,2.114406e+01,2.109539e+01,2.113015e+01,2.113711e+01,2.116491e+01,2.110929e+01,2.126217e+01,2.112320e+01,2.118576e+01,2.119271e+01,2.103973e+01,2.116491e+01,2.117881e+01,2.099797e+01,2.117881e+01,2.098405e+01,2.106061e+01,2.108843e+01,2.107452e+01,2.106756e+01,2.104669e+01,2.099797e+01,2.102581e+01,2.100493e+01,2.075403e+01,2.103277e+01,2.097012e+01,2.090743e+01,2.110929e+01,2.089350e+01,2.096316e+01,2.098405e+01,2.095619e+01,2.099797e+01,2.097012e+01,2.096316e+01,2.113015e+01,2.115101e+01,2.094923e+01,2.094923e+01,2.099101e+01,2.094226e+01,2.085865e+01,2.102581e+01,2.090047e+01,2.100493e+01,2.093530e+01,2.083076e+01,2.090743e+01,2.094226e+01,2.098405e+01,2.108148e+01,2.095619e+01,2.087956e+01,2.090047e+01,2.090743e+01,2.087259e+01,2.080984e+01,2.085865e+01,2.095619e+01,2.087956e+01,2.088653e+01,2.085865e+01,2.094923e+01,2.084470e+01,2.087956e+01,2.090047e+01,2.095619e+01,2.086562e+01,2.088653e+01,2.097012e+01,2.101885e+01,2.086562e+01,2.094923e+01,2.087259e+01,2.095619e+01,2.094923e+01,2.098405e+01,2.092137e+01,2.092137e+01,2.094226e+01,2.092833e+01,2.092137e+01,2.092137e+01,2.092137e+01,2.086562e+01,2.083773e+01,2.087956e+01,2.087259e+01,2.076100e+01,2.093530e+01,2.092137e+01,2.081681e+01,2.089350e+01,2.095619e+01,2.094226e+01,2.091440e+01,2.090047e+01,2.082378e+01,2.092833e+01,2.096316e+01,2.096316e+01,2.089350e+01,2.094923e+01,2.098405e+01,2.090047e+01,2.087956e+01,2.088653e+01,2.101885e+01,2.089350e+01,2.103973e+01,2.108148e+01,2.106756e+01,2.103973e+01,2.104669e+01,2.099797e+01,2.101885e+01,2.104669e+01,2.108148e+01,2.103277e+01,2.094923e+01,2.107452e+01,2.109539e+01,2.107452e+01,2.108843e+01,2.112320e+01,2.114406e+01,2.126217e+01,2.123439e+01,2.115796e+01,2.113711e+01,2.122744e+01,2.137320e+01,2.133158e+01,2.133851e+01,2.161566e+01,2.163642e+01,2.158106e+01,2.162950e+01,2.167792e+01,2.175395e+01,2.171248e+01,2.192655e+01,2.179540e+01,2.182993e+01,2.169866e+01,2.185065e+01,2.185755e+01,2.187135e+01,2.171248e+01,2.180231e+01,2.182993e+01,2.173322e+01,2.169866e+01,2.175395e+01,2.166409e+01,2.165717e+01,2.165025e+01,2.161566e+01,2.162258e+01,2.160182e+01,2.164334e+01,2.165025e+01,2.162950e+01,2.155337e+01,2.163642e+01,2.156721e+01,2.165025e+01,2.160182e+01,2.153952e+01,2.163642e+01,2.155337e+01,2.155337e+01,2.153952e+01,2.152567e+01,2.152567e+01,2.152567e+01,2.152567e+01,2.149796e+01,2.152567e+01,2.146332e+01,2.144946e+01,2.152567e+01,2.143560e+01,2.147718e+01,2.146332e+01,2.135933e+01,2.132464e+01,2.148411e+01,2.141480e+01,2.141480e+01,2.139400e+01,2.140787e+01,2.145639e+01,2.135239e+01,2.126911e+01,2.142867e+01,2.130382e+01,2.142174e+01,2.137320e+01,2.132464e+01,2.140787e+01,2.126911e+01,2.121355e+01,2.144946e+01,2.133851e+01,2.130382e+01,2.130382e+01,2.131076e+01,2.128299e+01,2.128993e+01,2.134545e+01,2.126217e+01,2.134545e+01,2.130382e+01,2.124828e+01,2.117881e+01,2.121355e+01,2.152567e+01,2.125522e+01,2.118576e+01,2.128299e+01,2.121355e+01,2.127605e+01,2.128299e+01,2.119966e+01,2.126911e+01,2.112320e+01,2.122744e+01,2.126217e+01,2.135933e+01,2.126217e+01,2.127605e+01,2.126217e+01,2.111625e+01,2.121355e+01,2.126217e+01,2.117186e+01,2.105365e+01,2.115101e+01,2.109539e+01,2.106061e+01,2.105365e+01,2.119966e+01,2.121355e+01,2.119271e+01,2.117881e+01,2.118576e+01,2.106061e+01,2.104669e+01,2.108843e+01,2.108843e+01,2.096316e+01,2.106756e+01,2.094923e+01,2.108148e+01,2.094226e+01,2.104669e+01,2.099101e+01,2.125522e+01,2.111625e+01,2.114406e+01,2.107452e+01,2.109539e+01,2.110234e+01,2.112320e+01,2.106061e+01,2.103973e+01,2.106756e+01,2.109539e+01,2.101189e+01,2.112320e+01,2.106061e+01,2.108843e+01,2.102581e+01,2.119966e+01,2.110234e+01,2.105365e+01,2.094226e+01,2.097709e+01,2.098405e+01,2.115796e+01,2.099101e+01,2.110234e+01,2.084470e+01,2.095619e+01,2.092833e+01,2.090047e+01,2.103973e+01,2.103277e+01,2.084470e+01,2.101885e+01,2.088653e+01,2.087259e+01,2.072611e+01,2.087259e+01,2.097012e+01,2.088653e+01,2.085168e+01,2.095619e+01,2.084470e+01,2.082378e+01,2.093530e+01,2.079589e+01,2.079589e+01,2.081681e+01,2.090743e+01,2.117186e+01,2.103973e+01,2.091440e+01,2.083076e+01,2.101189e+01,2.096316e+01,2.101885e+01,2.100493e+01,2.106756e+01,2.115796e+01,2.121355e+01,2.115796e+01,2.122744e+01,2.124133e+01,2.119271e+01,2.113711e+01,2.114406e+01,2.113711e+01,2.113015e+01,2.117186e+01,2.120660e+01,2.121355e+01,2.119966e+01,2.124828e+01,2.125522e+01,2.119271e+01,2.122744e+01,2.127605e+01,2.126217e+01,2.122050e+01,2.119271e+01,2.124828e+01,2.130382e+01,2.114406e+01,2.113711e+01,2.117881e+01,2.136626e+01,2.120660e+01,2.137320e+01,2.124133e+01,2.138707e+01,2.118576e+01,2.131770e+01,2.125522e+01,2.128299e+01,2.122744e+01,2.131076e+01,2.116491e+01,2.119271e+01
2.177468e+01,2.184374e+01,2.190586e+01,2.169866e+01,2.187135e+01,2.197483e+01,2.176086e+01,2.182993e+01,2.190586e+01,2.182303e+01,2.195414e+01,2.189896e+01,2.189206e+01,2.191276e+01,2.188516e+01,2.211952e+01,2.197483e+01,2.183684e+01,2.183684e+01,2.191276e+01,2.178850e+01,2.173322e+01,2.153952e+01,2.182993e+01,2.189206e+01,2.179540e+01,2.166409e+01,2.187825e+01,2.175395e+01,2.174704e+01,2.180231e+01,2.163642e+01,2.176777e+01,2.169866e+01,2.174013e+01,2.163642e+01,2.174013e+01,2.172631e+01,2.174013e+01,2.162950e+01,2.166409e+01,2.160874e+01,2.160874e+01,2.172631e+01,2.174013e+01,2.158106e+01,2.164334e+01,2.181612e+01,2.162258e+01,2.167100e+01,2.162950e+01,2.142174e+01,2.144253e+01,2.173322e+01,2.161566e+01,2.173322e+01,2.161566e+01,2.161566e+01,2.180922e+01,2.153952e+01,2.153260e+01,2.178850e+01,2.171940e+01,2.168483e+01,2.162258e+01,2.175395e+01,2.180231e+01,2.172631e+01,2.160874e+01,2.192655e+01,2.160182e+01,2.172631e+01,2.165717e+01,2.176777e+01,2.175395e+01,2.179540e+01,2.167792e+01,2.167792e+01,2.167792e+01,2.169175e+01,2.168483e+01,2.168483e+01,2.169866e+01,2.173322e+01,2.162950e+01,2.170557e+01,2.182303e+01,2.173322e+01,2.178159e+01,2.178850e+01,2.174013e+01,2.172631e+01,2.187825e+01,2.175395e+01,2.188516e+01,2.181612e+01,2.193345e+01,2.178850e+01,2.162950e+01,2.205754e+01,2.171940e+01,2.183684e+01,2.174704e+01,2.179540e+01,2.189896e+01,2.186445e+01,2.181612e+01,2.182993e+01,2.189896e+01,2.185065e+01,2.197483e+01,2.180922e+01,2.188516e+01,2.198172e+01,2.186445e+01,2.191276e+01,2.175395e+01,2.171248e+01,2.182993e+01,2.189206e+01,2.184374e+01,2.189206e+01,2.186445e+01,2.190586e+01,2.187135e+01,2.173322e+01,2.176777e+01,2.191276e+01,2.188516e+01,2.189206e+01,2.194725e+01,2.202308e+01,2.204376e+01,2.205754e+01,2.205754e+01,2.240829e+01,2.207820e+01,2.247692e+01,2.253180e+01,2.251808e+01,2.259350e+01,2.250437e+01,2.249751e+01,2.275101e+01,2.278522e+01,2.306530e+01,2.326976e+01,2.325614e+01,2.316758e+01,2.323571e+01,2.331740e+01,2.343303e+01,2.365711e+01,2.358247e+01,2.371136e+01,2.374526e+01,2.380623e+01,2.377914e+01,2.374526e+01,2.373170e+01,2.402951e+01,2.400924e+01,2.425231e+01,2.425906e+01,2.415110e+01,2.447464e+01,2.449483e+01,2.458226e+01,2.445445e+01,2.475691e+01,2.460915e+01,2.459571e+01,2.457554e+01,2.468977e+01,2.496477e+01,2.478376e+01,2.485754e+01,2.501165e+01,2.497147e+01,2.484413e+01,2.497147e+01,2.501834e+01,2.487766e+01,2.490447e+01,2.487095e+01,2.483742e+01,2.487095e+01,2.481730e+01,2.469649e+01,2.462931e+01,2.461587e+01,2.439385e+01,2.433995e+01,2.417135e+01,2.414435e+01,2.401600e+01,2.359605e+01,2.379946e+01,2.352136e+01,2.315395e+01,2.284676e+01,2.248379e+01,2.233274e+01,2.195414e+01,2.164334e+01,2.154645e+01,2.148411e+01,2.141480e+01,2.130382e+01,2.131076e+01,2.131076e+01,2.141480e+01,2.133158e+01,2.129688e+01,2.136626e+01,2.138707e+01,2.127605e+01,2.126217e+01,2.124828e+01,2.150489e+01,2.142174e+01,2.129688e+01,2.140787e+01,2.147025e+01,2.132464e+01,2.147718e+01,2.133851e+01,2.141480e+01,2.140094e+01,2.154645e+01,2.138013e+01,2.140094e+01,2.134545e+01,2.133851e+01,2.134545e+01,2.129688e+01,2.135933e+01,2.131076e+01,2.129688e+01,2.126217e+01,2.135239e+01,2.126217e+01,2.124133e+01,2.126911e+01,2.120660e+01,2.134545e+01,2.128299e+01,2.134545e+01,2.133158e+01,2.133851e+01,2.135239e+01,2.127605e+01,2.126911e+01,2.126217e+01,2.130382e+01,2.116491e+01,2.126217e+01,2.124828e+01,2.141480e+01,2.133851e+01,2.126911e+01,2.134545e+01,2.126911e+01,2.126217e+01,2.115796e+01,2.103973e+01,2.132464e+01,2.126911e+01,2.128993e+01,2.132464e+01,2.129688e+01,2.112320e+01,2.119966e+01,2.109539e+01,2.116491e+01,2.122744e+01,2.099101e+01,2.117881e+01,2.106756e+01,2.116491e+01,2.119271e+01,2.117881e+01,2.113015e+01,2.110234e+01,2.112320e+01,2.111625e+01,2.114406e+01,2.113015e+01,2.101885e+01,2.114406e+01,2.106061e+01,2.113015e+01,2.113711e+01,2.116491e+01,2.130382e+01,2.106061e+01,2.101885e+01,2.100493e+01,2.114406e+01,2.106756e+01,2.102581e+01,2.108843e+01,2.108148e+01,2.091440e+01,2.092137e+01,2.104669e+01,2.074705e+01,2.083076e+01,2.097709e+01,2.082378e+01,2.106061e+01,2.090743e+01,2.092833e+01,2.092137e+01,2.089350e+01,2.088653e+01,2.088653e+01,2.094923e+01,2.094226e+01,2.095619e+01,2.108148e+01,2.092137e+01,2.097012e+01,2.098405e+01,2.099101e+01,2.097709e+01,2.086562e+01,2.084470e+01,2.076798e+01,2.101885e+01,2.101885e+01,2.101189e+01,2.090743e+01,2.083076e+01,2.088653e+01,2.085168e+01,2.094226e+01,2.087956e+01,2.094226e+01,2.094923e+01,2.086562e+01,2.093530e+01,2.088653e+01,2.095619e+01,2.090743e+01,2.078193e+01,2.087956e+01,2.083076e+01,2.080984e+01,2.083773e+01,2.093530e+01,2.075403e+01,2.096316e+01,2.091440e+01,2.082378e+01,2.083773e+01,2.085168e+01,2.101189e+01,2.096316e+01,2.099101e+01,2.092137e+01,2.094923e+01,2.094226e+01,2.091440e+01,2.094226e+01,2.094226e+01,2.096316e+01,2.096316e+01,2.102581e+01,2.094923e+01,2.092833e+01,2.079589e+01,2.085865e+01,2.076798e+01,2.088653e+01,2.093530e+01,2.094226e+01,2.089350e+01,2.094923e+01,2.096316e+01,2.083076e+01,2.100493e+01,2.078891e+01,2.085168e+01,2.088653e+01,2.095619e+01,2.094923e+01,2.091440e+01,2.087956e+01,2.098405e+01,2.101885e+01,2.097709e+01,2.094923e+01,2.106061e+01,2.104669e+01,2.102581e+01,2.101885e+01,2.106756e+01,2.106061e+01,2.106061e+01,2.110234e+01,2.106756e+01,2.097012e+01,2.095619e+01,2.103277e+01,2.110929e+01,2.123439e+01,2.108843e+01,2.103277e+01,2.103973e+01,2.115796e+01,2.124828e+01,2.115796e+01,2.119966e+01,2.128299e+01,2.123439e+01,2.130382e+01,2.138707e+01,2.139400e+01,2.148411e+01,2.156029e+01,2.172631e+01,2.170557e+01,2.180231e+01,2.172631e+01,2.178850e+01,2.202308e+01,2.188516e+01,2.183684e+01,2.181612e+01,2.182993e+01,2.178159e+01,2.182993e+01,2.178850e+01,2.180231e+01,2.170557e+01,2.172631e+01,2.164334e+01,2.169175e+01,2.162258e+01,2.162950e+01,2.164334e+01,2.160182e+01,2.147718e+01,2.163642e+01,2.148411e+01,2.157414e+01,2.147025e+01,2.158798e+01,2.154645e+01,2.162950e+01,2.148411e+01,2.149104e+01,2.154645e+01,2.153260e+01,2.157414e+01,2.156721e+01,2.160874e+01,2.147718e+01,2.158106e+01,2.153952e+01,2.151182e+01,2.139400e+01,2.153952e+01,2.152567e+01,2.146332e+01,2.156721e+01,2.137320e+01,2.145639e+01,2.147025e+01,2.144253e+01,2.142867e+01,2.147718e+01,2.132464e+01,2.143560e+01,2.141480e+01,2.134545e+01,2.133158e+01,2.145639e+01,2.126217e+01,2.127605e+01,2.136626e+01,2.138707e+01,2.132464e+01,2.140094e+01,2.137320e+01,2.145639e+01,2.144946e+01,2.131770e+01,2.137320e+01,2.141480e+01,2.122050e+01,2.124133e+01,2.128993e+01,2.119966e+01,2.124828e+01,2.127605e+01,2.130382e+01,2.103277e+01,2.140094e+01,2.133851e+01,2.133158e+01,2.133851e+01,2.114406e+01,2.133851e+01,2.134545e+01,2.120660e+01,2.138707e+01,2.126911e+01,2.123439e+01,2.126217e+01,2.122050e+01,2.115796e+01,2.125522e+01,2.120660e+01,2.125522e+01,2.120660e+01,2.138707e+01,2.131770e+01,2.126217e+01,2.122744e+01,2.126217e+01,2.124828e+01,2.113015e+01,2.114406e+01,2.122050e+01,2.113015e+01,2.121355e+01,2.122744e+01,2.119271e+01,2.117186e+01,2.113015e+01,2.084470e+01,2.108148e+01,2.106756e+01,2.099101e+01,2.092833e+01,2.109539e+01,2.108148e+01,2.102581e+01,2.110234e+01,2.091440e+01,2.093530e+01,2.101885e+01,2.106061e+01,2.112320e+01,2.110234e+01,2.117881e+01,2.117881e+01,2.101885e+01,2.113711e+01,2.103277e+01,2.108148e+01,2.103973e+01,2.090047e+01,2.108148e+01,2.094226e+01,2.104669e+01,2.115101e+01,2.109539e+01,2.092137e+01,2.109539e+01,2.099797e+01,2.095619e+01,2.092137e+01,2.096316e+01,2.099101e+01,2.094226e+01,2.096316e+01,2.091440e+01,2.078193e+01,2.099101e+01,2.106756e+01,2.095619e+01,2.106756e+01,2.085865e+01,2.102581e+01,2.099101e+01,2.090743e+01,2.097709e+01,2.085865e+01,2.087259e+01,2.083773e+01,2.098405e+01,2.083076e+01,2.080286e+01,2.087956e+01,2.084470e+01,2.084470e+01,2.083773e+01,2.091440e+01,2.106061e+01,2.099101e+01,2.099797e+01,2.103973e+01,2.096316e+01,2.111625e+01,2.103277e+01,2.105365e+01,2.104669e+01,2.098405e+01,2.114406e+01,2.110234e+01,2.117881e+01,2.104669e+01,2.113711e+01,2.115101e+01,2.113015e+01,2.114406e+01,2.119966e+01,2.119966e+01,2.137320e+01,2.119271e+01,2.125522e+01,2.126217e+01,2.125522e+01,2.131076e+01,2.126217e+01,2.123439e+01,2.135239e+01,2.115796e+01,2.131770e+01,2.147025e+01,2.134545e+01,2.133851e+01,2.126911e+01,2.127605e+01,2.126217e+01,2.128993e+01,2.124828e+01,2.123439e+01,2.146332e+01,2.135933e+01,2.133158e+01,2.113015e+01,2.151182e+01,2.142867e+01,2.110234e+01,2.128299e+01,2.128299e+01
2.182303e+01,2.194725e+01,2.179540e+01,2.174013e+01,2.191276e+01,2.189206e+01,2.200930e+01,2.191276e+01,2.174704e+01,2.189896e+01,2.183684e+01,2.191276e+01,2.191965e+01,2.187825e+01,2.205754e+01,2.174704e+01,2.175395e+01,2.190586e+01,2.190586e+01,2.188516e+01,2.184374e+01,2.181612e+01,2.189206e+01,2.196793e+01,2.191965e+01,2.181612e+01,2.183684e+01,2.187825e+01,2.181612e+01,2.180922e+01,2.172631e+01,2.167100e+01,2.171248e+01,2.167792e+01,2.180231e+01,2.176086e+01,2.165025e+01,2.180922e+01,2.171248e+01,2.163642e+01,2.163642e+01,2.176086e+01,2.166409e+01,2.153260e+01,2.171940e+01,2.173322e+01,2.164334e+01,2.164334e+01,2.170557e+01,2.165717e+01,2.174704e+01,2.160874e+01,2.178850e+01,2.172631e+01,2.170557e+01,2.169866e+01,2.169866e+01,2.158798e+01,2.162950e+01,2.162950e+01,2.178159e+01,2.178159e+01,2.173322e+01,2.176086e+01,2.176086e+01,2.177468e+01,2.177468e+01,2.177468e+01,2.173322e+01,2.176777e+01,2.168483e+01,2.158798e+01,2.178850e+01,2.167792e+01,2.169866e+01,2.174704e+01,2.179540e+01,2.170557e+01,2.170557e+01,2.173322e+01,2.167100e+01,2.167100e+01,2.184374e+01,2.182303e+01,2.176086e+01,2.194035e+01,2.174013e+01,2.176086e+01,2.174013e+01,2.185065e+01,2.174704e+01,2.178850e+01,2.184374e+01,2.172631e+01,2.176086e+01,2.182993e+01,2.185755e+01,2.185065e+01,2.187825e+01,2.183684e+01,2.175395e+01,2.191965e+01,2.176777e+01,2.177468e+01,2.200241e+01,2.185065e+01,2.190586e+01,2.185755e+01,2.190586e+01,2.187825e+01,2.188516e+01,2.182993e+01,2.196793e+01,2.186445e+01,2.180231e+01,2.191965e+01,2.187825e+01,2.185755e+01,2.185755e+01,2.180231e+01,2.189206e+01,2.181612e+01,2.183684e+01,2.174013e+01,2.178159e+01,2.188516e+01,2.194725e+01,2.185755e+01,2.189206e+01,2.197483e+01,2.196104e+01,2.202997e+01,2.205754e+01,2.201619e+01,2.204376e+01,2.227088e+01,2.237395e+01,2.238082e+01,2.244261e+01,2.249065e+01,2.243575e+01,2.251808e+01,2.258665e+01,2.274416e+01,2.284676e+01,2.278522e+01,2.294243e+01,2.327656e+01,2.329018e+01,2.326976e+01,2.352816e+01,2.324252e+01,2.356211e+01,2.348740e+01,2.363676e+01,2.369781e+01,2.373170e+01,2.373848e+01,2.378591e+01,2.375881e+01,2.398895e+01,2.398219e+01,2.393485e+01,2.399571e+01,2.423882e+01,2.422533e+01,2.419160e+01,2.422533e+01,2.445445e+01,2.446791e+01,2.442752e+01,2.444771e+01,2.448137e+01,2.459571e+01,2.464947e+01,2.468306e+01,2.479718e+01,2.484413e+01,2.499156e+01,2.479047e+01,2.489776e+01,2.472335e+01,2.468306e+01,2.478376e+01,2.462931e+01,2.483072e+01,2.462259e+01,2.465619e+01,2.468306e+01,2.469649e+01,2.440058e+01,2.437364e+01,2.416460e+01,2.403627e+01,2.399571e+01,2.404979e+01,2.362998e+01,2.353495e+01,2.333782e+01,2.307212e+01,2.292194e+01,2.244948e+01,2.227776e+01,2.200930e+01,2.185755e+01,2.142867e+01,2.147025e+01,2.140787e+01,2.133158e+01,2.134545e+01,2.132464e+01,2.143560e+01,2.126911e+01,2.122744e+01,2.145639e+01,2.147718e+01,2.146332e+01,2.140787e+01,2.135933e+01,2.131076e+01,2.138013e+01,2.143560e+01,2.143560e+01,2.142174e+01,2.148411e+01,2.149104e+01,2.147025e+01,2.130382e+01,2.122050e+01,2.129688e+01,2.138707e+01,2.131770e+01,2.135239e+01,2.149796e+01,2.132464e+01,2.148411e+01,2.143560e+01,2.141480e+01,2.136626e+01,2.131076e+01,2.138707e+01,2.131770e+01,2.126217e+01,2.121355e+01,2.131770e+01,2.135933e+01,2.138707e+01,2.126911e+01,2.138013e+01,2.124828e+01,2.135239e+01,2.137320e+01,2.135239e+01,2.111625e+01,2.122744e+01,2.130382e+01,2.127605e+01,2.122050e+01,2.124828e+01,2.119271e+01,2.120660e+01,2.120660e+01,2.117186e+01,2.121355e+01,2.128299e+01,2.128299e+01,2.114406e+01,2.114406e+01,2.128993e+01,2.131076e+01,2.107452e+01,2.107452e+01,2.117186e+01,2.121355e+01,2.108148e+01,2.111625e+01,2.113711e+01,2.119966e+01,2.106061e+01,2.116491e+01,2.106756e+01,2.111625e+01,2.105365e+01,2.108148e+01,2.110929e+01,2.114406e+01,2.110234e+01,2.109539e+01,2.106061e+01,2.110234e+01,2.108843e+01,2.127605e+01,2.115796e+01,2.113711e+01,2.113015e+01,2.111625e+01,2.102581e+01,2.108843e+01,2.122744e+01,2.101885e+01,2.104669e+01,2.108148e+01,2.095619e+01,2.106061e+01,2.105365e+01,2.101885e+01,2.097012e+01,2.087259e+01,2.104669e+01,2.113711e+01,2.099797e+01,2.095619e+01,2.096316e+01,2.092833e+01,2.094923e+01,2.092137e+01,2.088653e+01,2.114406e+01,2.094226e+01,2.117186e+01,2.097012e+01,2.097709e+01,2.099101e+01,2.098405e+01,2.100493e+01,2.087956e+01,2.100493e+01,2.101189e+01,2.101885e+01,2.094226e+01,2.105365e+01,2.097012e+01,2.087956e+01,2.081681e+01,2.085865e+01,2.095619e+01,2.092137e+01,2.082378e+01,2.094923e+01,2.092137e+01,2.092137e+01,2.096316e+01,2.088653e+01,2.094923e+01,2.108148e+01,2.090047e+01,2.092137e+01,2.090743e+01,2.092137e+01,2.093530e+01,2.080984e+01,2.092833e+01,2.099101e+01,2.094226e+01,2.095619e+01,2.083773e+01,2.090743e+01,2.094226e+01,2.096316e+01,2.091440e+01,2.097709e+01,2.101885e+01,2.101885e+01,2.097012e+01,2.093530e+01,2.092137e+01,2.101189e+01,2.094923e+01,2.093530e+01,2.079589e+01,2.076100e+01,2.092137e+01,2.088653e+01,2.088653e+01,2.092137e+01,2.084470e+01,2.101189e+01,2.093530e+01,2.097709e+01,2.109539e+01,2.094923e+01,2.097709e+01,2.100493e+01,2.102581e+01,2.105365e+01,2.100493e+01,2.092137e+01,2.100493e+01,2.104669e+01,2.110929e+01,2.086562e+01,2.112320e+01,2.110929e+01,2.106756e+01,2.107452e+01,2.105365e+01,2.106756e+01,2.110234e+01,2.090047e+01,2.109539e+01,2.103973e+01,2.110234e+01,2.103973e+01,2.110234e+01,2.103277e+01,2.114406e+01,2.114406e+01,2.106756e+01,2.106756e+01,2.119271e+01,2.116491e+01,2.115796e+01,2.115796e+01,2.127605e+01,2.117186e+01,2.132464e+01,2.128993e+01,2.147025e+01,2.156029e+01,2.165717e+01,2.154645e+01,2.171248e+01,2.178159e+01,2.174704e+01,2.178850e+01,2.178159e+01,2.200930e+01,2.179540e+01,2.177468e+01,2.183684e+01,2.184374e+01,2.180231e+01,2.182993e+01,2.172631e+01,2.187825e+01,2.185755e+01,2.174013e+01,2.166409e+01,2.171248e+01,2.165717e+01,2.172631e+01,2.157414e+01,2.162258e+01,2.164334e+01,2.160874e+01,2.161566e+01,2.162258e+01,2.142867e+01,2.163642e+01,2.153952e+01,2.151182e+01,2.165717e+01,2.159490e+01,2.162258e+01,2.144253e+01,2.152567e+01,2.158798e+01,2.153260e+01,2.147718e+01,2.157414e+01,2.153260e+01,2.154645e+01,2.140787e+01,2.150489e+01,2.150489e+01,2.142867e+01,2.161566e+01,2.139400e+01,2.148411e+01,2.161566e+01,2.151875e+01,2.151182e+01,2.149104e+01,2.166409e+01,2.144946e+01,2.141480e+01,2.138013e+01,2.146332e+01,2.144946e+01,2.128299e+01,2.141480e+01,2.160874e+01,2.126911e+01,2.138013e+01,2.140787e+01,2.142174e+01,2.137320e+01,2.122744e+01,2.123439e+01,2.138013e+01,2.133158e+01,2.133851e+01,2.145639e+01,2.129688e+01,2.128299e+01,2.126217e+01,2.128299e+01,2.128299e+01,2.128299e+01,2.129688e+01,2.134545e+01,2.133158e+01,2.120660e+01,2.137320e+01,2.133158e+01,2.120660e+01,2.127605e+01,2.126911e+01,2.126911e+01,2.117186e+01,2.131770e+01,2.130382e+01,2.121355e+01,2.118576e+01,2.124133e+01,2.116491e+01,2.124828e+01,2.142174e+01,2.130382e+01,2.120660e+01,2.103973e+01,2.140787e+01,2.123439e+01,2.107452e+01,2.116491e+01,2.127605e+01,2.126217e+01,2.120660e+01,2.120660e+01,2.118576e+01,2.119966e+01,2.108148e+01,2.104669e+01,2.114406e+01,2.116491e+01,2.109539e+01,2.097012e+01,2.108843e+01,2.116491e+01,2.113015e+01,2.106756e+01,2.104669e+01,2.099797e+01,2.097709e+01,2.106756e+01,2.108148e+01,2.107452e+01,2.080984e+01,2.104669e+01,2.105365e+01,2.106756e+01,2.103277e+01,2.103973e+01,2.089350e+01,2.099101e+01,2.093530e+01,2.101885e+01,2.112320e+01,2.097709e+01,2.101189e+01,2.113015e+01,2.111625e+01,2.104669e+01,2.101885e+01,2.095619e+01,2.087956e+01,2.110929e+01,2.101189e+01,2.087259e+01,2.097709e+01,2.103277e+01,2.090743e+01,2.087259e+01,2.093530e+01,2.092833e+01,2.087259e+01,2.082378e+01,2.085865e+01,2.119966e+01,2.083773e+01,2.076798e+01,2.099101e+01,2.083076e+01,2.079589e+01,2.083773e+01,2.087259e+01,2.080286e+01,2.090047e+01,2.091440e+01,2.085865e+01,2.091440e+01,2.103277e+01,2.110929e+01,2.094923e+01,2.088653e+01,2.098405e+01,2.101885e+01,2.097012e+01,2.114406e+01,2.108148e+01,2.111625e+01,2.117881e+01,2.115101e+01,2.113711e+01,2.115796e+01,2.113015e+01,2.117186e+01,2.115101e+01,2.113711e+01,2.115796e+01,2.100493e+01,2.151182e+01,2.120660e+01,2.127605e+01,2.122744e+01,2.128993e+01,2.136626e+01,2.133158e+01,2.147025e+01,2.095619e+01,2.122744e+01,2.140094e+01,2.128299e+01,2.119966e+01,2.132464e+01,2.136626e+01,2.109539e+01,2.143560e+01,2.124828e+01,2.136626e+01,2.110929e+01,2.116491e+01,2.135239e+01,2.142174e+01,2.123439e+01,2.133158e+01,2.125522e+01,2.142867e+01,2.126217e+01,2.134545e+01
2.189206e+01,2.184374e+01,2.196793e+01,2.169866e+01,2.196104e+01,2.196104e+01,2.202308e+01,2.188516e+01,2.201619e+01,2.190586e+01,2.189206e+01,2.185755e+01,2.196793e+01,2.198862e+01,2.185065e+01,2.186445e+01,2.190586e+01,2.179540e+01,2.189206e+01,2.189206e+01,2.185065e+01,2.191965e+01,2.183684e+01,2.180922e+01,2.185065e+01,2.187825e+01,2.188516e+01,2.182303e+01,2.179540e+01,2.192655e+01,2.175395e+01,2.174013e+01,2.176777e+01,2.179540e+01,2.178159e+01,2.177468e+01,2.169175e+01,2.176086e+01,2.171248e+01,2.168483e+01,2.182303e+01,2.153952e+01,2.169175e+01,2.184374e+01,2.171248e+01,2.167792e+01,2.174704e+01,2.168483e+01,2.179540e+01,2.171940e+01,2.171940e+01,2.157414e+01,2.152567e+01,2.171940e+01,2.167792e+01,2.169175e+01,2.155337e+01,2.164334e+01,2.165025e+01,2.165717e+01,2.182303e+01,2.168483e+01,2.131770e+01,2.169866e+01,2.161566e+01,2.157414e+01,2.181612e+01,2.157414e+01,2.158106e+01,2.165717e+01,2.169175e+01,2.170557e+01,2.172631e+01,2.164334e+01,2.179540e+01,2.171940e+01,2.178159e+01,2.167100e+01,2.168483e+01,2.187825e+01,2.169175e+01,2.182993e+01,2.179540e+01,2.174704e+01,2.170557e+01,2.174704e+01,2.174013e+01,2.180231e+01,2.173322e+01,2.182303e+01,2.182303e+01,2.174704e+01,2.182303e+01,2.190586e+01,2.167792e+01,2.180922e+01,2.184374e+01,2.176086e+01,2.185755e+01,2.180922e+01,2.174013e+01,2.180231e+01,2.167100e+01,2.183684e+01,2.187135e+01,2.188516e+01,2.209886e+01,2.182993e+01,2.180231e+01,2.196793e+01,2.180922e+01,2.185065e+01,2.180231e+01,2.182993e+01,2.185755e+01,2.187135e+01,2.181612e+01,2.181612e+01,2.158106e+01,2.189206e+01,2.189896e+01,2.176086e+01,2.177468e+01,2.183684e+01,2.186445e+01,2.180922e+01,2.173322e+01,2.180231e+01,2.186445e+01,2.180922e+01,2.200241e+01,2.189206e+01,2.196104e+01,2.209886e+01,2.214017e+01,2.231900e+01,2.203687e+01,2.227776e+01,2.238082e+01,2.240829e+01,2.238082e+01,2.242888e+01,2.249065e+01,2.247006e+01,2.269625e+01,2.277153e+01,2.281257e+01,2.315395e+01,2.324252e+01,2.323571e+01,2.318121e+01,2.348060e+01,2.344662e+01,2.344662e+01,2.352136e+01,2.345342e+01,2.371814e+01,2.373170e+01,2.375881e+01,2.373848e+01,2.387395e+01,2.391455e+01,2.398219e+01,2.386718e+01,2.411059e+01,2.409032e+01,2.419835e+01,2.421184e+01,2.404979e+01,2.445445e+01,2.445445e+01,2.446118e+01,2.460915e+01,2.448137e+01,2.444771e+01,2.438038e+01,2.467634e+01,2.475020e+01,2.451501e+01,2.470992e+01,2.464947e+01,2.465619e+01,2.440732e+01,2.453519e+01,2.463603e+01,2.474349e+01,2.463603e+01,2.458898e+01,2.436690e+01,2.438711e+01,2.437364e+01,2.433995e+01,2.414435e+01,2.401600e+01,2.367068e+01,2.392132e+01,2.358926e+01,2.334462e+01,2.331740e+01,2.320846e+01,2.308576e+01,2.252494e+01,2.241516e+01,2.195414e+01,2.185065e+01,2.158106e+01,2.151875e+01,2.141480e+01,2.153952e+01,2.129688e+01,2.131076e+01,2.140094e+01,2.131770e+01,2.131076e+01,2.142174e+01,2.119966e+01,2.147025e+01,2.141480e+01,2.140787e+01,2.137320e+01,2.131076e+01,2.128993e+01,2.142174e+01,2.131076e+01,2.141480e+01,2.128299e+01,2.136626e+01,2.135239e+01,2.156029e+01,2.135933e+01,2.139400e+01,2.139400e+01,2.152567e+01,2.131770e+01,2.146332e+01,2.151182e+01,2.136626e+01,2.128993e+01,2.126911e+01,2.130382e+01,2.125522e+01,2.124828e+01,2.127605e+01,2.126217e+01,2.118576e+01,2.119271e+01,2.142174e+01,2.124133e+01,2.133851e+01,2.126911e+01,2.131770e+01,2.133158e+01,2.130382e+01,2.116491e+01,2.115101e+01,2.126217e+01,2.114406e+01,2.126911e+01,2.112320e+01,2.121355e+01,2.117881e+01,2.114406e+01,2.118576e+01,2.119966e+01,2.118576e+01,2.112320e+01,2.111625e+01,2.113711e+01,2.119966e+01,2.131076e+01,2.112320e+01,2.113711e+01,2.107452e+01,2.115101e+01,2.117881e+01,2.112320e+01,2.106756e+01,2.116491e+01,2.107452e+01,2.101885e+01,2.108843e+01,2.115796e+01,2.106061e+01,2.108148e+01,2.109539e+01,2.108148e+01,2.110234e+01,2.110234e+01,2.113711e+01,2.109539e+01,2.109539e+01,2.105365e+01,2.108148e+01,2.116491e+01,2.103973e+01,2.116491e+01,2.110929e+01,2.101885e+01,2.116491e+01,2.109539e+01,2.106756e+01,2.110234e+01,2.113711e+01,2.119966e+01,2.106756e+01,2.088653e+01,2.104669e+01,2.100493e+01,2.083773e+01,2.092833e+01,2.093530e+01,2.113711e+01,2.096316e+01,2.090047e+01,2.091440e+01,2.090047e+01,2.094226e+01,2.097012e+01,2.097012e+01,2.089350e+01,2.097709e+01,2.100493e+01,2.101189e+01,2.109539e+01,2.101885e+01,2.098405e+01,2.110929e+01,2.092137e+01,2.111625e+01,2.103277e+01,2.099797e+01,2.099101e+01,2.090743e+01,2.094226e+01,2.094226e+01,2.095619e+01,2.089350e+01,2.087956e+01,2.091440e+01,2.094923e+01,2.094923e+01,2.095619e+01,2.099797e+01,2.082378e+01,2.106756e+01,2.097709e+01,2.089350e+01,2.087259e+01,2.092833e+01,2.119271e+01,2.091440e+01,2.094923e+01,2.092137e+01,2.097709e+01,2.094923e+01,2.087259e+01,2.093530e+01,2.095619e+01,2.100493e+01,2.096316e+01,2.097012e+01,2.103973e+01,2.104669e+01,2.093530e+01,2.098405e+01,2.104669e+01,2.087956e+01,2.096316e+01,2.095619e+01,2.092833e+01,2.092833e+01,2.092833e+01,2.094923e+01,2.085865e+01,2.087956e+01,2.086562e+01,2.102581e+01,2.095619e+01,2.096316e+01,2.099101e+01,2.100493e+01,2.103973e+01,2.110929e+01,2.100493e+01,2.104669e+01,2.103277e+01,2.113711e+01,2.107452e+01,2.113015e+01,2.111625e+01,2.097709e+01,2.106756e+01,2.121355e+01,2.101885e+01,2.108843e+01,2.119966e+01,2.110929e+01,2.108148e+01,2.108843e+01,2.106061e+01,2.099101e+01,2.103277e+01,2.101885e+01,2.105365e+01,2.115796e+01,2.104669e+01,2.106756e+01,2.109539e+01,2.122744e+01,2.115796e+01,2.117186e+01,2.117186e+01,2.117186e+01,2.115101e+01,2.124828e+01,2.133158e+01,2.136626e+01,2.133851e+01,2.144253e+01,2.163642e+01,2.151875e+01,2.160182e+01,2.174013e+01,2.178159e+01,2.182993e+01,2.178850e+01,2.164334e+01,2.184374e+01,2.184374e+01,2.178850e+01,2.182993e+01,2.178159e+01,2.184374e+01,2.180231e+01,2.179540e+01,2.170557e+01,2.182303e+01,2.164334e+01,2.166409e+01,2.161566e+01,2.160874e+01,2.159490e+01,2.156721e+01,2.162950e+01,2.156721e+01,2.162950e+01,2.154645e+01,2.162258e+01,2.156029e+01,2.149796e+01,2.154645e+01,2.150489e+01,2.144946e+01,2.150489e+01,2.146332e+01,2.162950e+01,2.154645e+01,2.142174e+01,2.142174e+01,2.149796e+01,2.152567e+01,2.149796e+01,2.155337e+01,2.151875e+01,2.145639e+01,2.151875e+01,2.141480e+01,2.156721e+01,2.146332e+01,2.157414e+01,2.142174e+01,2.158106e+01,2.147025e+01,2.164334e+01,2.134545e+01,2.143560e+01,2.144946e+01,2.135239e+01,2.142174e+01,2.142867e+01,2.129688e+01,2.135239e+01,2.140787e+01,2.136626e+01,2.139400e+01,2.120660e+01,2.135933e+01,2.137320e+01,2.136626e+01,2.138707e+01,2.138707e+01,2.133158e+01,2.135239e+01,2.130382e+01,2.133158e+01,2.128299e+01,2.128299e+01,2.133851e+01,2.117881e+01,2.121355e+01,2.131770e+01,2.127605e+01,2.134545e+01,2.115101e+01,2.143560e+01,2.123439e+01,2.122744e+01,2.144946e+01,2.122744e+01,2.136626e+01,2.128993e+01,2.124828e+01,2.137320e+01,2.123439e+01,2.126217e+01,2.138013e+01,2.115796e+01,2.139400e+01,2.109539e+01,2.127605e+01,2.131076e+01,2.110929e+01,2.128993e+01,2.124828e+01,2.121355e+01,2.127605e+01,2.113015e+01,2.115796e+01,2.124133e+01,2.108843e+01,2.111625e+01,2.113015e+01,2.119966e+01,2.110929e+01,2.096316e+01,2.111625e+01,2.101885e+01,2.110234e+01,2.102581e+01,2.103973e+01,2.099797e+01,2.097012e+01,2.107452e+01,2.101189e+01,2.108843e+01,2.113015e+01,2.108148e+01,2.116491e+01,2.109539e+01,2.105365e+01,2.105365e+01,2.093530e+01,2.105365e+01,2.091440e+01,2.108148e+01,2.087259e+01,2.108843e+01,2.101189e+01,2.110234e+01,2.100493e+01,2.100493e+01,2.097709e+01,2.095619e+01,2.091440e+01,2.091440e+01,2.087956e+01,2.093530e+01,2.093530e+01,2.090047e+01,2.098405e+01,2.078891e+01,2.099797e+01,2.101189e+01,2.084470e+01,2.090047e+01,2.094923e+01,2.092137e+01,2.088653e+01,2.084470e+01,2.092833e+01,2.093530e+01,2.092137e+01,2.086562e+01,2.087259e+01,2.090047e+01,2.080286e+01,2.092833e+01,2.086562e+01,2.087956e+01,2.086562e+01,2.096316e+01,2.095619e+01,2.085865e+01,2.097012e+01,2.101189e+01,2.113015e+01,2.114406e+01,2.113015e+01,2.115101e+01,2.105365e+01,2.123439e+01,2.118576e+01,2.126217e+01,2.109539e+01,2.103973e+01,2.116491e+01,2.117881e+01,2.104669e+01,2.114406e+01,2.124828e+01,2.122050e+01,2.120660e+01,2.122744e+01,2.129688e+01,2.129688e+01,2.123439e+01,2.136626e+01,2.124133e+01,2.133851e+01,2.135933e+01,2.128299e+01,2.139400e+01,2.150489e+01,2.128299e+01,2.133851e+01,2.142867e+01,2.136626e+01,2.145639e+01,2.136626e+01,2.152567e+01,2.122050e+01,2.148411e+01,2.117186e+01,2.121355e+01,2.122050e+01,2.124133e+01,2.131770e+01,2.138707e+01,2.133158e+01,2.137320e+01
2.176777e+01,2.178159e+01,2.187135e+01,2.174704e+01,2.183684e+01,2.178850e+01,2.190586e+01,2.174704e+01,2.192655e+01,2.174704e+01,2.207131e+01,2.200930e+01,2.208509e+01,2.195414e+01,2.191965e+01,2.193345e+01,2.187825e+01,2.191276e+01,2.189896e+01,2.178850e+01,2.171248e+01,2.196793e+01,2.184374e+01,2.191276e+01,2.182303e+01,2.198862e+01,2.181612e+01,2.187825e+01,2.179540e+01,2.186445e+01,2.171940e+01,2.185755e+01,2.187135e+01,2.167792e+01,2.177468e+01,2.171940e+01,2.172631e+01,2.163642e+01,2.187825e+01,2.167792e+01,2.191965e+01,2.167792e+01,2.157414e+01,2.155337e+01,2.157414e+01,2.170557e+01,2.187135e+01,2.167792e+01,2.164334e+01,2.159490e+01,2.167792e+01,2.171248e+01,2.157414e+01,2.169866e+01,2.162258e+01,2.153952e+01,2.154645e+01,2.174013e+01,2.178159e+01,2.161566e+01,2.164334e+01,2.159490e+01,2.160874e+01,2.176086e+01,2.166409e+01,2.173322e+01,2.170557e+01,2.158798e+01,2.158798e+01,2.169866e+01,2.167100e+01,2.165025e+01,2.164334e+01,2.167100e+01,2.180922e+01,2.164334e+01,2.178159e+01,2.175395e+01,2.171248e+01,2.170557e+01,2.168483e+01,2.184374e+01,2.166409e+01,2.169175e+01,2.173322e+01,2.174013e+01,2.174013e+01,2.171940e+01,2.174013e+01,2.176086e+01,2.176777e+01,2.173322e+01,2.186445e+01,2.193345e+01,2.174013e+01,2.182303e+01,2.174704e+01,2.182303e+01,2.180231e+01,2.178159e+01,2.171940e+01,2.173322e+01,2.185065e+01,2.188516e+01,2.187825e+01,2.199551e+01,2.187135e+01,2.178159e+01,2.180231e+01,2.182993e+01,2.186445e+01,2.174013e+01,2.181612e+01,2.191276e+01,2.173322e+01,2.191276e+01,2.187135e+01,2.189206e+01,2.176086e+01,2.172631e+01,2.183684e+01,2.176086e+01,2.180922e+01,2.187825e+01,2.190586e+01,2.180231e+01,2.189896e+01,2.184374e+01,2.181612e+01,2.197483e+01,2.187135e+01,2.192655e+01,2.202308e+01,2.191276e+01,2.200241e+01,2.220899e+01,2.220899e+01,2.218147e+01,2.235335e+01,2.229151e+01,2.220211e+01,2.229838e+01,2.247006e+01,2.246320e+01,2.245634e+01,2.269625e+01,2.282625e+01,2.281257e+01,2.287410e+01,2.325614e+01,2.303118e+01,2.318121e+01,2.336503e+01,2.340584e+01,2.350778e+01,2.343983e+01,2.350099e+01,2.350099e+01,2.364355e+01,2.373848e+01,2.383332e+01,2.364355e+01,2.361641e+01,2.384687e+01,2.390778e+01,2.398219e+01,2.395514e+01,2.426580e+01,2.417810e+01,2.425231e+01,2.416460e+01,2.412409e+01,2.448137e+01,2.434669e+01,2.449483e+01,2.436690e+01,2.459571e+01,2.434669e+01,2.436690e+01,2.432647e+01,2.436690e+01,2.438711e+01,2.439385e+01,2.458226e+01,2.440058e+01,2.429951e+01,2.454192e+01,2.438711e+01,2.458226e+01,2.418485e+01,2.438038e+01,2.406330e+01,2.398895e+01,2.410383e+01,2.373848e+01,2.377914e+01,2.371814e+01,2.350099e+01,2.334462e+01,2.307212e+01,2.298340e+01,2.270994e+01,2.243575e+01,2.205754e+01,2.180231e+01,2.154645e+01,2.140094e+01,2.138013e+01,2.136626e+01,2.135239e+01,2.142174e+01,2.156029e+01,2.133158e+01,2.135239e+01,2.138013e+01,2.129688e+01,2.138707e+01,2.142867e+01,2.132464e+01,2.144253e+01,2.140787e+01,2.151182e+01,2.145639e+01,2.133851e+01,2.144253e+01,2.141480e+01,2.127605e+01,2.140094e+01,2.132464e+01,2.138707e+01,2.133158e+01,2.135239e+01,2.120660e+01,2.127605e+01,2.128299e+01,2.146332e+01,2.128993e+01,2.129688e+01,2.117186e+01,2.136626e+01,2.128299e+01,2.118576e+01,2.123439e+01,2.124828e+01,2.123439e+01,2.119966e+01,2.140094e+01,2.129688e+01,2.128299e+01,2.105365e+01,2.133158e+01,2.131770e+01,2.130382e+01,2.124828e+01,2.122744e+01,2.110929e+01,2.122050e+01,2.120660e+01,2.119966e+01,2.118576e+01,2.115796e+01,2.116491e+01,2.108148e+01,2.124828e+01,2.104669e+01,2.117881e+01,2.111625e+01,2.140094e+01,2.110234e+01,2.114406e+01,2.117186e+01,2.101885e+01,2.119966e+01,2.123439e+01,2.108148e+01,2.113015e+01,2.110234e+01,2.110234e+01,2.108148e+01,2.106756e+01,2.106756e+01,2.106061e+01,2.105365e+01,2.110234e+01,2.111625e+01,2.107452e+01,2.099101e+01,2.117186e+01,2.112320e+01,2.107452e+01,2.113711e+01,2.108148e+01,2.114406e+01,2.103277e+01,2.117186e+01,2.113711e+01,2.113711e+01,2.107452e+01,2.107452e+01,2.105365e+01,2.100493e+01,2.110929e+01,2.103973e+01,2.092137e+01,2.108148e+01,2.107452e+01,2.105365e+01,2.103277e+01,2.108148e+01,2.108843e+01,2.094226e+01,2.097709e+01,2.095619e+01,2.092137e+01,2.089350e+01,2.091440e+01,2.094226e+01,2.101189e+01,2.094923e+01,2.087259e+01,2.106061e+01,2.097012e+01,2.099797e+01,2.099101e+01,2.097709e+01,2.099101e+01,2.091440e+01,2.107452e+01,2.088653e+01,2.091440e+01,2.101189e+01,2.094226e+01,2.097012e+01,2.100493e+01,2.096316e+01,2.099797e+01,2.092833e+01,2.093530e+01,2.101189e+01,2.093530e+01,2.094923e+01,2.097012e+01,2.096316e+01,2.099797e+01,2.090743e+01,2.103277e+01,2.098405e+01,2.094923e+01,2.092833e+01,2.095619e+01,2.081681e+01,2.088653e+01,2.094923e+01,2.093530e+01,2.092137e+01,2.092833e+01,2.090743e+01,2.094923e+01,2.094226e+01,2.094226e+01,2.093530e+01,2.105365e+01,2.094226e+01,2.110234e+01,2.098405e+01,2.093530e+01,2.101189e+01,2.097709e+01,2.099797e+01,2.088653e+01,2.096316e+01,2.089350e+01,2.089350e+01,2.113711e+01,2.099797e+01,2.084470e+01,2.101885e+01,2.100493e+01,2.103973e+01,2.101189e+01,2.113015e+01,2.113015e+01,2.107452e+01,2.109539e+01,2.117186e+01,2.112320e+01,2.117186e+01,2.113015e+01,2.108148e+01,2.112320e+01,2.117186e+01,2.101189e+01,2.110929e+01,2.119966e+01,2.113015e+01,2.106756e+01,2.108843e+01,2.109539e+01,2.109539e+01,2.103973e+01,2.114406e+01,2.110929e+01,2.119966e+01,2.119271e+01,2.115796e+01,2.110929e+01,2.103277e+01,2.110234e+01,2.114406e+01,2.121355e+01,2.119966e+01,2.117186e+01,2.128299e+01,2.124133e+01,2.130382e+01,2.138013e+01,2.136626e+01,2.147718e+01,2.135933e+01,2.171940e+01,2.171248e+01,2.176086e+01,2.178850e+01,2.181612e+01,2.184374e+01,2.176086e+01,2.183684e+01,2.186445e+01,2.180231e+01,2.182993e+01,2.179540e+01,2.172631e+01,2.182303e+01,2.176086e+01,2.176086e+01,2.167792e+01,2.187825e+01,2.166409e+01,2.155337e+01,2.161566e+01,2.156721e+01,2.156029e+01,2.156721e+01,2.160182e+01,2.160182e+01,2.155337e+01,2.162258e+01,2.163642e+01,2.153952e+01,2.154645e+01,2.144946e+01,2.154645e+01,2.156721e+01,2.154645e+01,2.143560e+01,2.147025e+01,2.143560e+01,2.160874e+01,2.148411e+01,2.145639e+01,2.163642e+01,2.143560e+01,2.145639e+01,2.152567e+01,2.149796e+01,2.140094e+01,2.151182e+01,2.153260e+01,2.140787e+01,2.149104e+01,2.137320e+01,2.143560e+01,2.135933e+01,2.137320e+01,2.154645e+01,2.139400e+01,2.142867e+01,2.139400e+01,2.140094e+01,2.152567e+01,2.149104e+01,2.130382e+01,2.133158e+01,2.142867e+01,2.138013e+01,2.142174e+01,2.140787e+01,2.126911e+01,2.122744e+01,2.130382e+01,2.146332e+01,2.131076e+01,2.131076e+01,2.134545e+01,2.119966e+01,2.136626e+01,2.129688e+01,2.132464e+01,2.135933e+01,2.130382e+01,2.133158e+01,2.135239e+01,2.134545e+01,2.122744e+01,2.124133e+01,2.132464e+01,2.128299e+01,2.131770e+01,2.126911e+01,2.133158e+01,2.118576e+01,2.128993e+01,2.139400e+01,2.138707e+01,2.135239e+01,2.135933e+01,2.135239e+01,2.124133e+01,2.140094e+01,2.128299e+01,2.134545e+01,2.135239e+01,2.120660e+01,2.119271e+01,2.125522e+01,2.128993e+01,2.124133e+01,2.110234e+01,2.113015e+01,2.109539e+01,2.112320e+01,2.121355e+01,2.117186e+01,2.113711e+01,2.106061e+01,2.106756e+01,2.111625e+01,2.106061e+01,2.105365e+01,2.106756e+01,2.112320e+01,2.099797e+01,2.105365e+01,2.119271e+01,2.106061e+01,2.107452e+01,2.108843e+01,2.121355e+01,2.110929e+01,2.110929e+01,2.115796e+01,2.090047e+01,2.102581e+01,2.095619e+01,2.096316e+01,2.094923e+01,2.108843e+01,2.108148e+01,2.103973e+01,2.103973e+01,2.101885e+01,2.094923e+01,2.094923e+01,2.092833e+01,2.095619e+01,2.085865e+01,2.088653e+01,2.092137e+01,2.090047e+01,2.084470e+01,2.093530e+01,2.097012e+01,2.081681e+01,2.099797e+01,2.087259e+01,2.090047e+01,2.085168e+01,2.103277e+01,2.104669e+01,2.081681e+01,2.083773e+01,2.101885e+01,2.101885e+01,2.078193e+01,2.087956e+01,2.084470e+01,2.087956e+01,2.072611e+01,2.094226e+01,2.100493e+01,2.106061e+01,2.109539e+01,2.109539e+01,2.105365e+01,2.115101e+01,2.101885e+01,2.116491e+01,2.103277e+01,2.100493e+01,2.130382e+01,2.126911e+01,2.116491e+01,2.120660e+01,2.113711e+01,2.130382e+01,2.122744e+01,2.118576e+01,2.124133e+01,2.124133e+01,2.131076e+01,2.149796e+01,2.120660e+01,2.131076e+01,2.143560e+01,2.131770e+01,2.126911e+01,2.125522e+01,2.128993e+01,2.135933e+01,2.139400e+01,2.126217e+01,2.137320e+01,2.140094e+01,2.137320e+01,2.131770e+01,2.140787e+01,2.142174e+01,2.135239e+01,2.156029e+01,2.145639e+01,2.119966e+01,2.123439e+01,2.141480e+01,2.142174e+01,2.153260e+01,2.147718e+01,2.132464e+01,2.137320e+01,2.133158e+01,2.143560e+01
2.178159e+01,2.185755e+01,2.185065e+01,2.176777e+01,2.174013e+01,2.174013e+01,2.196104e+01,2.198862e+01,2.196793e+01,2.194725e+01,2.185755e+01,2.179540e+01,2.195414e+01,2.186445e+01,2.203687e+01,2.195414e+01,2.182303e+01,2.206442e+01,2.172631e+01,2.186445e+01,2.194035e+01,2.193345e+01,2.179540e+01,2.187135e+01,2.175395e+01,2.181612e+01,2.169175e+01,2.187825e+01,2.189206e+01,2.166409e+01,2.182993e+01,2.178159e+01,2.167100e+01,2.174704e+01,2.169175e+01,2.168483e+01,2.174704e+01,2.169866e+01,2.167792e+01,2.182303e+01,2.168483e+01,2.156721e+01,2.164334e+01,2.154645e+01,2.161566e+01,2.184374e+01,2.165025e+01,2.165717e+01,2.167100e+01,2.165717e+01,2.170557e+01,2.172631e+01,2.167792e+01,2.171940e+01,2.166409e+01,2.151875e+01,2.169866e+01,2.165025e+01,2.166409e+01,2.178159e+01,2.169866e+01,2.180231e+01,2.165717e+01,2.172631e+01,2.186445e+01,2.168483e+01,2.171248e+01,2.171248e+01,2.160182e+01,2.173322e+01,2.167100e+01,2.165025e+01,2.165025e+01,2.160182e+01,2.161566e+01,2.165025e+01,2.163642e+01,2.172631e+01,2.172631e+01,2.179540e+01,2.165717e+01,2.163642e+01,2.165717e+01,2.166409e+01,2.181612e+01,2.180922e+01,2.183684e+01,2.176777e+01,2.169175e+01,2.181612e+01,2.185065e+01,2.171940e+01,2.196104e+01,2.187825e+01,2.180922e+01,2.181612e+01,2.171248e+01,2.181612e+01,2.181612e+01,2.178850e+01,2.185065e+01,2.191276e+01,2.181612e+01,2.187825e+01,2.198862e+01,2.187135e+01,2.181612e+01,2.168483e+01,2.176086e+01,2.183684e+01,2.183684e+01,2.196793e+01,2.182993e+01,2.173322e+01,2.190586e+01,2.190586e+01,2.182993e+01,2.191276e+01,2.182303e+01,2.186445e+01,2.178159e+01,2.181612e+01,2.177468e+01,2.172631e+01,2.180231e+01,2.192655e+01,2.185065e+01,2.183684e+01,2.186445e+01,2.187135e+01,2.196104e+01,2.180922e+01,2.198862e+01,2.189206e+01,2.192655e+01,2.211952e+01,2.220211e+01,2.202308e+01,2.221587e+01,2.229151e+01,2.244948e+01,2.227776e+01,2.247692e+01,2.253180e+01,2.255237e+01,2.262091e+01,2.274416e+01,2.278522e+01,2.283993e+01,2.296292e+01,2.303801e+01,2.320846e+01,2.327656e+01,2.311986e+01,2.341264e+01,2.336503e+01,2.347381e+01,2.340584e+01,2.360962e+01,2.348060e+01,2.354174e+01,2.363676e+01,2.372492e+01,2.377914e+01,2.374526e+01,2.391455e+01,2.373848e+01,2.399571e+01,2.402951e+01,2.415110e+01,2.416460e+01,2.418485e+01,2.419835e+01,2.426580e+01,2.436690e+01,2.436690e+01,2.438038e+01,2.431973e+01,2.444098e+01,2.430625e+01,2.429951e+01,2.435343e+01,2.432647e+01,2.424557e+01,2.433995e+01,2.427254e+01,2.436017e+01,2.429277e+01,2.437364e+01,2.433995e+01,2.432647e+01,2.404303e+01,2.412409e+01,2.389425e+01,2.377236e+01,2.375881e+01,2.370458e+01,2.333101e+01,2.336503e+01,2.317439e+01,2.290144e+01,2.242202e+01,2.240142e+01,2.207820e+01,2.174704e+01,2.151182e+01,2.159490e+01,2.135933e+01,2.144253e+01,2.133851e+01,2.138013e+01,2.137320e+01,2.137320e+01,2.140094e+01,2.133851e+01,2.138707e+01,2.138013e+01,2.138707e+01,2.122050e+01,2.137320e+01,2.133158e+01,2.131770e+01,2.140787e+01,2.135933e+01,2.142867e+01,2.134545e+01,2.123439e+01,2.120660e+01,2.138707e+01,2.133851e+01,2.137320e+01,2.133158e+01,2.126217e+01,2.121355e+01,2.133851e+01,2.123439e+01,2.137320e+01,2.129688e+01,2.128993e+01,2.128993e+01,2.122050e+01,2.117881e+01,2.125522e+01,2.131076e+01,2.122050e+01,2.124133e+01,2.124828e+01,2.128299e+01,2.117881e+01,2.129688e+01,2.117186e+01,2.115101e+01,2.135239e+01,2.120660e+01,2.119271e+01,2.122744e+01,2.122050e+01,2.128299e+01,2.115101e+01,2.126911e+01,2.122744e+01,2.108148e+01,2.106756e+01,2.110929e+01,2.110929e+01,2.108843e+01,2.108843e+01,2.115101e+01,2.110929e+01,2.112320e+01,2.114406e+01,2.099797e+01,2.103973e+01,2.119966e+01,2.106061e+01,2.107452e+01,2.104669e+01,2.110929e+01,2.096316e+01,2.109539e+01,2.107452e+01,2.110234e+01,2.103277e+01,2.101189e+01,2.106061e+01,2.110234e+01,2.103277e+01,2.107452e+01,2.103973e+01,2.102581e+01,2.103277e+01,2.113015e+01,2.108148e+01,2.122050e+01,2.107452e+01,2.101189e+01,2.103277e+01,2.108148e+01,2.112320e+01,2.110929e+01,2.108148e+01,2.097012e+01,2.097012e+01,2.106061e+01,2.094923e+01,2.099101e+01,2.103277e+01,2.092833e+01,2.094923e+01,2.086562e+01,2.096316e+01,2.091440e+01,2.090743e+01,2.087956e+01,2.090047e+01,2.093530e+01,2.083076e+01,2.085168e+01,2.089350e+01,2.099101e+01,2.105365e+01,2.108843e+01,2.102581e+01,2.110929e+01,2.103973e+01,2.097709e+01,2.090047e+01,2.105365e+01,2.095619e+01,2.103277e+01,2.099101e+01,2.087259e+01,2.095619e+01,2.097709e+01,2.098405e+01,2.083773e+01,2.100493e+01,2.087956e+01,2.099797e+01,2.097012e+01,2.099101e+01,2.092833e+01,2.097012e+01,2.102581e+01,2.103277e+01,2.096316e+01,2.094923e+01,2.082378e+01,2.094923e+01,2.093530e+01,2.091440e+01,2.092137e+01,2.085865e+01,2.095619e+01,2.107452e+01,2.090047e+01,2.094226e+01,2.094923e+01,2.093530e+01,2.094226e+01,2.104669e+01,2.097012e+01,2.095619e+01,2.093530e+01,2.085168e+01,2.092833e+01,2.087956e+01,2.089350e+01,2.094226e+01,2.091440e+01,2.092137e+01,2.091440e+01,2.085168e+01,2.081681e+01,2.099797e+01,2.092137e+01,2.103973e+01,2.102581e+01,2.117881e+01,2.108148e+01,2.116491e+01,2.106061e+01,2.108148e+01,2.121355e+01,2.110929e+01,2.116491e+01,2.114406e+01,2.136626e+01,2.111625e+01,2.103277e+01,2.117186e+01,2.113711e+01,2.110234e+01,2.113015e+01,2.117186e+01,2.116491e+01,2.109539e+01,2.106061e+01,2.100493e+01,2.111625e+01,2.120660e+01,2.107452e+01,2.115796e+01,2.119966e+01,2.101189e+01,2.107452e+01,2.117881e+01,2.117186e+01,2.121355e+01,2.104669e+01,2.114406e+01,2.115101e+01,2.117881e+01,2.122744e+01,2.131770e+01,2.135239e+01,2.134545e+01,2.154645e+01,2.140787e+01,2.177468e+01,2.172631e+01,2.178159e+01,2.181612e+01,2.173322e+01,2.180231e+01,2.170557e+01,2.175395e+01,2.180231e+01,2.185065e+01,2.171940e+01,2.181612e+01,2.179540e+01,2.173322e+01,2.179540e+01,2.161566e+01,2.166409e+01,2.164334e+01,2.149796e+01,2.162950e+01,2.157414e+01,2.172631e+01,2.154645e+01,2.159490e+01,2.156029e+01,2.151182e+01,2.151182e+01,2.148411e+01,2.150489e+01,2.146332e+01,2.138013e+01,2.144253e+01,2.153952e+01,2.146332e+01,2.156721e+01,2.143560e+01,2.162950e+01,2.157414e+01,2.159490e+01,2.153952e+01,2.137320e+01,2.123439e+01,2.151875e+01,2.166409e+01,2.143560e+01,2.145639e+01,2.142174e+01,2.149104e+01,2.162258e+01,2.154645e+01,2.140787e+01,2.149104e+01,2.147718e+01,2.167792e+01,2.146332e+01,2.149796e+01,2.150489e+01,2.151182e+01,2.148411e+01,2.145639e+01,2.131770e+01,2.137320e+01,2.144253e+01,2.142867e+01,2.127605e+01,2.131770e+01,2.139400e+01,2.138707e+01,2.122050e+01,2.127605e+01,2.124133e+01,2.132464e+01,2.122744e+01,2.140787e+01,2.143560e+01,2.132464e+01,2.136626e+01,2.129688e+01,2.133158e+01,2.122050e+01,2.122050e+01,2.131076e+01,2.130382e+01,2.131076e+01,2.135239e+01,2.119966e+01,2.119966e+01,2.121355e+01,2.124828e+01,2.140094e+01,2.128993e+01,2.139400e+01,2.138707e+01,2.135239e+01,2.140787e+01,2.117881e+01,2.112320e+01,2.130382e+01,2.136626e+01,2.140787e+01,2.131076e+01,2.128299e+01,2.133158e+01,2.123439e+01,2.120660e+01,2.114406e+01,2.116491e+01,2.129688e+01,2.119271e+01,2.129688e+01,2.111625e+01,2.128993e+01,2.107452e+01,2.111625e+01,2.121355e+01,2.116491e+01,2.111625e+01,2.113015e+01,2.113015e+01,2.101885e+01,2.101189e+01,2.102581e+01,2.103277e+01,2.108843e+01,2.106061e+01,2.108843e+01,2.110234e+01,2.112320e+01,2.108148e+01,2.109539e+01,2.107452e+01,2.103277e+01,2.099101e+01,2.089350e+01,2.097709e+01,2.097709e+01,2.104669e+01,2.097709e+01,2.103973e+01,2.110234e+01,2.108148e+01,2.096316e+01,2.103973e+01,2.103973e+01,2.092137e+01,2.079589e+01,2.085168e+01,2.083773e+01,2.092137e+01,2.094226e+01,2.089350e+01,2.096316e+01,2.100493e+01,2.094923e+01,2.089350e+01,2.101189e+01,2.099797e+01,2.073309e+01,2.099101e+01,2.099797e+01,2.094923e+01,2.096316e+01,2.103277e+01,2.087259e+01,2.080286e+01,2.085168e+01,2.086562e+01,2.108843e+01,2.091440e+01,2.090047e+01,2.105365e+01,2.101189e+01,2.087259e+01,2.110929e+01,2.112320e+01,2.117186e+01,2.117881e+01,2.122050e+01,2.126217e+01,2.123439e+01,2.119271e+01,2.112320e+01,2.118576e+01,2.115796e+01,2.124133e+01,2.113015e+01,2.113711e+01,2.128993e+01,2.123439e+01,2.138013e+01,2.119271e+01,2.147718e+01,2.110929e+01,2.123439e+01,2.140787e+01,2.127605e+01,2.147718e+01,2.136626e+01,2.141480e+01,2.125522e+01,2.133158e+01,2.136626e+01,2.129688e+01,2.132464e+01,2.135933e+01,2.136626e+01,2.144253e+01,2.136626e+01,2.141480e+01,2.124828e+01,2.131076e+01,2.131076e+01,2.138707e+01,2.144253e+01,2.141480e+01,2.140787e+01,2.140787e+01,2.145639e+01,2.144253e+01,2.145639e+01,2.149104e+01
2.197483e+01,2.196104e+01,2.182303e+01,2.191965e+01,2.171940e+01,2.196793e+01,2.196104e+01,2.187135e+01,2.186445e+01,2.200241e+01,2.180922e+01,2.209886e+01,2.198862e+01,2.201619e+01,2.209886e+01,2.196793e+01,2.187825e+01,2.178159e+01,2.195414e+01,2.196793e+01,2.191276e+01,2.183684e+01,2.188516e+01,2.181612e+01,2.175395e+01,2.189896e+01,2.187135e+01,2.177468e+01,2.187135e+01,2.181612e+01,2.176777e+01,2.194725e+01,2.189206e+01,2.174704e+01,2.184374e+01,2.169175e+01,2.162950e+01,2.174013e+01,2.170557e+01,2.176086e+01,2.173322e+01,2.168483e+01,2.163642e+01,2.164334e+01,2.175395e+01,2.183684e+01,2.164334e+01,2.185755e+01,2.165025e+01,2.181612e+01,2.170557e+01,2.167100e+01,2.169175e+01,2.172631e+01,2.170557e+01,2.167792e+01,2.154645e+01,2.168483e+01,2.174704e+01,2.165717e+01,2.160874e+01,2.170557e+01,2.167792e+01,2.166409e+01,2.169175e+01,2.169175e+01,2.164334e+01,2.174013e+01,2.169175e+01,2.178159e+01,2.170557e+01,2.159490e+01,2.169866e+01,2.162258e+01,2.170557e+01,2.167100e+01,2.177468e+01,2.174013e+01,2.178850e+01,2.180231e+01,2.173322e+01,2.167792e+01,2.167792e+01,2.168483e+01,2.190586e+01,2.183684e+01,2.176777e+01,2.176777e+01,2.176777e+01,2.187825e+01,2.185755e+01,2.186445e+01,2.179540e+01,2.185065e+01,2.177468e+01,2.191965e+01,2.188516e+01,2.180922e+01,2.181612e+01,2.181612e+01,2.189206e+01,2.191276e+01,2.174704e+01,2.191965e+01,2.180231e+01,2.199551e+01,2.183684e+01,2.177468e+01,2.182993e+01,2.195414e+01,2.198172e+01,2.192655e+01,2.193345e+01,2.192655e+01,2.172631e+01,2.191276e+01,2.187135e+01,2.178159e+01,2.180922e+01,2.186445e+01,2.179540e+01,2.177468e+01,2.171248e+01,2.175395e+01,2.178159e+01,2.178159e+01,2.187825e+01,2.189896e+01,2.185755e+01,2.182303e+01,2.187135e+01,2.195414e+01,2.194725e+01,2.189896e+01,2.187135e+01,2.212641e+01,2.202308e+01,2.214706e+01,2.214706e+01,2.224338e+01,2.230525e+01,2.231212e+01,2.230525e+01,2.232587e+01,2.251122e+01,2.251808e+01,2.270309e+01,2.262776e+01,2.288094e+01,2.325614e+01,2.304483e+01,2.303118e+01,2.311304e+01,2.339904e+01,2.329699e+01,2.331740e+01,2.335143e+01,2.341944e+01,2.354853e+01,2.342623e+01,2.359605e+01,2.373170e+01,2.362998e+01,2.354853e+01,2.394161e+01,2.378591e+01,2.386041e+01,2.397543e+01,2.379946e+01,2.414435e+01,2.415785e+01,2.394161e+01,2.403627e+01,2.413760e+01,2.434669e+01,2.431973e+01,2.421184e+01,2.425906e+01,2.425231e+01,2.428603e+01,2.429277e+01,2.423882e+01,2.429951e+01,2.426580e+01,2.425231e+01,2.430625e+01,2.400247e+01,2.428603e+01,2.429951e+01,2.420509e+01,2.416460e+01,2.389425e+01,2.396867e+01,2.391455e+01,2.375881e+01,2.362998e+01,2.358926e+01,2.341264e+01,2.337183e+01,2.317439e+01,2.288777e+01,2.263461e+01,2.241516e+01,2.209198e+01,2.165717e+01,2.167792e+01,2.161566e+01,2.153260e+01,2.140094e+01,2.136626e+01,2.138707e+01,2.133851e+01,2.126911e+01,2.137320e+01,2.135239e+01,2.139400e+01,2.145639e+01,2.138013e+01,2.138707e+01,2.137320e+01,2.135933e+01,2.132464e+01,2.126217e+01,2.133158e+01,2.135933e+01,2.134545e+01,2.140787e+01,2.133158e+01,2.124828e+01,2.138013e+01,2.135933e+01,2.133851e+01,2.134545e+01,2.133851e+01,2.132464e+01,2.127605e+01,2.123439e+01,2.119271e+01,2.128299e+01,2.130382e+01,2.128299e+01,2.128299e+01,2.123439e+01,2.126217e+01,2.124133e+01,2.126911e+01,2.132464e+01,2.130382e+01,2.125522e+01,2.128993e+01,2.120660e+01,2.099797e+01,2.126911e+01,2.126911e+01,2.115796e+01,2.122744e+01,2.119966e+01,2.105365e+01,2.119966e+01,2.122744e+01,2.106756e+01,2.125522e+01,2.107452e+01,2.132464e+01,2.112320e+01,2.110929e+01,2.110929e+01,2.114406e+01,2.116491e+01,2.114406e+01,2.106756e+01,2.100493e+01,2.106061e+01,2.111625e+01,2.109539e+01,2.114406e+01,2.112320e+01,2.110234e+01,2.108148e+01,2.111625e+01,2.099797e+01,2.103973e+01,2.103973e+01,2.103277e+01,2.094226e+01,2.115101e+01,2.115101e+01,2.117881e+01,2.116491e+01,2.098405e+01,2.100493e+01,2.103973e+01,2.102581e+01,2.109539e+01,2.104669e+01,2.103277e+01,2.103277e+01,2.107452e+01,2.120660e+01,2.108843e+01,2.095619e+01,2.094226e+01,2.105365e+01,2.095619e+01,2.097709e+01,2.110929e+01,2.092137e+01,2.095619e+01,2.081681e+01,2.080286e+01,2.096316e+01,2.096316e+01,2.085168e+01,2.090047e+01,2.094923e+01,2.090047e+01,2.090743e+01,2.097012e+01,2.101189e+01,2.091440e+01,2.094226e+01,2.092137e+01,2.108148e+01,2.103973e+01,2.103277e+01,2.095619e+01,2.090743e+01,2.104669e+01,2.106061e+01,2.100493e+01,2.098405e+01,2.099797e+01,2.097012e+01,2.107452e+01,2.097709e+01,2.091440e+01,2.101885e+01,2.087956e+01,2.092137e+01,2.097709e+01,2.099101e+01,2.094923e+01,2.099101e+01,2.091440e+01,2.093530e+01,2.088653e+01,2.094226e+01,2.099797e+01,2.097012e+01,2.099797e+01,2.095619e+01,2.089350e+01,2.096316e+01,2.094226e+01,2.092137e+01,2.094226e+01,2.096316e+01,2.096316e+01,2.097709e+01,2.096316e+01,2.104669e+01,2.094226e+01,2.096316e+01,2.092137e+01,2.092137e+01,2.108843e+01,2.102581e+01,2.100493e+01,2.086562e+01,2.092137e+01,2.102581e+01,2.097709e+01,2.090743e+01,2.087259e+01,2.115796e+01,2.102581e+01,2.117186e+01,2.115796e+01,2.117881e+01,2.109539e+01,2.124133e+01,2.116491e+01,2.133851e+01,2.128993e+01,2.122744e+01,2.121355e+01,2.122744e+01,2.120660e+01,2.115101e+01,2.134545e+01,2.115101e+01,2.114406e+01,2.142174e+01,2.119966e+01,2.110234e+01,2.122050e+01,2.113015e+01,2.117881e+01,2.116491e+01,2.118576e+01,2.102581e+01,2.111625e+01,2.125522e+01,2.121355e+01,2.119271e+01,2.108843e+01,2.116491e+01,2.108843e+01,2.108148e+01,2.115101e+01,2.119966e+01,2.116491e+01,2.126217e+01,2.131770e+01,2.128993e+01,2.138013e+01,2.137320e+01,2.139400e+01,2.151875e+01,2.158798e+01,2.174704e+01,2.178850e+01,2.169866e+01,2.175395e+01,2.181612e+01,2.180922e+01,2.182303e+01,2.184374e+01,2.183684e+01,2.179540e+01,2.178850e+01,2.185065e+01,2.168483e+01,2.180922e+01,2.182993e+01,2.155337e+01,2.165025e+01,2.169866e+01,2.160182e+01,2.158798e+01,2.172631e+01,2.151875e+01,2.168483e+01,2.154645e+01,2.156029e+01,2.151875e+01,2.150489e+01,2.149104e+01,2.140787e+01,2.156721e+01,2.156721e+01,2.160182e+01,2.156721e+01,2.162950e+01,2.151875e+01,2.165025e+01,2.148411e+01,2.158798e+01,2.127605e+01,2.152567e+01,2.164334e+01,2.156721e+01,2.141480e+01,2.153952e+01,2.149796e+01,2.155337e+01,2.140787e+01,2.140787e+01,2.152567e+01,2.154645e+01,2.152567e+01,2.140094e+01,2.138013e+01,2.134545e+01,2.152567e+01,2.139400e+01,2.144946e+01,2.147025e+01,2.131770e+01,2.138013e+01,2.131770e+01,2.130382e+01,2.123439e+01,2.122050e+01,2.133851e+01,2.138707e+01,2.134545e+01,2.128993e+01,2.131770e+01,2.131770e+01,2.123439e+01,2.139400e+01,2.139400e+01,2.138707e+01,2.129688e+01,2.131076e+01,2.135239e+01,2.156721e+01,2.133851e+01,2.131770e+01,2.117881e+01,2.131076e+01,2.132464e+01,2.138013e+01,2.138013e+01,2.140094e+01,2.122050e+01,2.139400e+01,2.137320e+01,2.141480e+01,2.128299e+01,2.127605e+01,2.141480e+01,2.142174e+01,2.122050e+01,2.151875e+01,2.130382e+01,2.138707e+01,2.138707e+01,2.141480e+01,2.131076e+01,2.137320e+01,2.133851e+01,2.129688e+01,2.125522e+01,2.135239e+01,2.123439e+01,2.130382e+01,2.128993e+01,2.126217e+01,2.109539e+01,2.121355e+01,2.122744e+01,2.117186e+01,2.115796e+01,2.110929e+01,2.119271e+01,2.110929e+01,2.122050e+01,2.114406e+01,2.107452e+01,2.110929e+01,2.128299e+01,2.109539e+01,2.122744e+01,2.103277e+01,2.118576e+01,2.113711e+01,2.106061e+01,2.104669e+01,2.112320e+01,2.101885e+01,2.101885e+01,2.106061e+01,2.092833e+01,2.106061e+01,2.094226e+01,2.102581e+01,2.093530e+01,2.102581e+01,2.092833e+01,2.096316e+01,2.109539e+01,2.095619e+01,2.093530e+01,2.099101e+01,2.092833e+01,2.092833e+01,2.085168e+01,2.090047e+01,2.087956e+01,2.084470e+01,2.096316e+01,2.097012e+01,2.096316e+01,2.103277e+01,2.074007e+01,2.099797e+01,2.104669e+01,2.086562e+01,2.090743e+01,2.100493e+01,2.099797e+01,2.090743e+01,2.088653e+01,2.108843e+01,2.108148e+01,2.124828e+01,2.106061e+01,2.106756e+01,2.102581e+01,2.122050e+01,2.117881e+01,2.115796e+01,2.120660e+01,2.119271e+01,2.124133e+01,2.113015e+01,2.130382e+01,2.117186e+01,2.124828e+01,2.130382e+01,2.110929e+01,2.117881e+01,2.125522e+01,2.126217e+01,2.126911e+01,2.126217e+01,2.140787e+01,2.130382e+01,2.144946e+01,2.133158e+01,2.128299e+01,2.131770e+01,2.140094e+01,2.136626e+01,2.138013e+01,2.142174e+01,2.140787e+01,2.147025e+01,2.148411e+01,2.135933e+01,2.138013e+01,2.132464e+01,2.149104e+01,2.152567e+01,2.149104e+01,2.149104e+01,2.152567e+01,2.136626e+01,2.158798e+01,2.142174e+01,2.153260e+01,2.134545e+01,2.159490e+01,2.140094e+01,2.136626e+01,2.125522e+01,2.143560e+01,2.147718e+01
2.178159e+01,2.194035e+01,2.185065e+01,2.197483e+01,2.204376e+01,2.188516e+01,2.185065e+01,2.178850e+01,2.198862e+01,2.198172e+01,2.213329e+01,2.187825e+01,2.211263e+01,2.208509e+01,2.185755e+01,2.178850e+01,2.185065e+01,2.198172e+01,2.192655e+01,2.184374e+01,2.184374e+01,2.191965e+01,2.177468e+01,2.198862e+01,2.187135e+01,2.190586e+01,2.184374e+01,2.180922e+01,2.183684e+01,2.180231e+01,2.168483e+01,2.174013e+01,2.189206e+01,2.187135e+01,2.182303e+01,2.187825e+01,2.167792e+01,2.172631e+01,2.166409e+01,2.167792e+01,2.182993e+01,2.167100e+01,2.167792e+01,2.160182e+01,2.157414e+01,2.166409e+01,2.167792e+01,2.168483e+01,2.167792e+01,2.167100e+01,2.162258e+01,2.164334e+01,2.162950e+01,2.169866e+01,2.171940e+01,2.169866e+01,2.169175e+01,2.163642e+01,2.177468e+01,2.162258e+01,2.178850e+01,2.171248e+01,2.180231e+01,2.170557e+01,2.174013e+01,2.174013e+01,2.178159e+01,2.174704e+01,2.168483e+01,2.182993e+01,2.157414e+01,2.171248e+01,2.171248e+01,2.171248e+01,2.185065e+01,2.166409e+01,2.171940e+01,2.178159e+01,2.178159e+01,2.178159e+01,2.180922e+01,2.176086e+01,2.161566e+01,2.174704e+01,2.173322e+01,2.174013e+01,2.183684e+01,2.184374e+01,2.186445e+01,2.186445e+01,2.185755e+01,2.166409e+01,2.174013e+01,2.179540e+01,2.180231e+01,2.181612e+01,2.176777e+01,2.171248e+01,2.185065e+01,2.177468e+01,2.185755e+01,2.178159e+01,2.187825e+01,2.177468e+01,2.178159e+01,2.187825e+01,2.185755e+01,2.184374e+01,2.187825e+01,2.180922e+01,2.182993e+01,2.182993e+01,2.193345e+01,2.189896e+01,2.196104e+01,2.185065e+01,2.183684e+01,2.180231e+01,2.187825e+01,2.183684e+01,2.178850e+01,2.180231e+01,2.180231e+01,2.190586e+01,2.187135e+01,2.176086e+01,2.174704e+01,2.187135e+01,2.189206e+01,2.177468e+01,2.189206e+01,2.182993e+01,2.194725e+01,2.188516e+01,2.191276e+01,2.209198e+01,2.207131e+01,2.202308e+01,2.229838e+01,2.220899e+01,2.224338e+01,2.231900e+01,2.234648e+01,2.236709e+01,2.243575e+01,2.251122e+01,2.252494e+01,2.267571e+01,2.275101e+01,2.280573e+01,2.292877e+01,2.295609e+01,2.326976e+01,2.309940e+01,2.317439e+01,2.326295e+01,2.326976e+01,2.333101e+01,2.339224e+01,2.353495e+01,2.354174e+01,2.348740e+01,2.352816e+01,2.367068e+01,2.351457e+01,2.364355e+01,2.369781e+01,2.375203e+01,2.379269e+01,2.394161e+01,2.396867e+01,2.393485e+01,2.408357e+01,2.395514e+01,2.421184e+01,2.418485e+01,2.411734e+01,2.424557e+01,2.424557e+01,2.409708e+01,2.411734e+01,2.423208e+01,2.417135e+01,2.412409e+01,2.419160e+01,2.407006e+01,2.428603e+01,2.407681e+01,2.419160e+01,2.393485e+01,2.415785e+01,2.397543e+01,2.393485e+01,2.383332e+01,2.365033e+01,2.352816e+01,2.358247e+01,2.349419e+01,2.316758e+01,2.312668e+01,2.290144e+01,2.256608e+01,2.246320e+01,2.216082e+01,2.187825e+01,2.149796e+01,2.163642e+01,2.140094e+01,2.140787e+01,2.131076e+01,2.140787e+01,2.135933e+01,2.138707e+01,2.136626e+01,2.131770e+01,2.139400e+01,2.138013e+01,2.139400e+01,2.128993e+01,2.130382e+01,2.130382e+01,2.132464e+01,2.128993e+01,2.128993e+01,2.135933e+01,2.129688e+01,2.134545e+01,2.136626e+01,2.122744e+01,2.108148e+01,2.129688e+01,2.131770e+01,2.131076e+01,2.130382e+01,2.124828e+01,2.138707e+01,2.120660e+01,2.129688e+01,2.131770e+01,2.119966e+01,2.137320e+01,2.124133e+01,2.124133e+01,2.120660e+01,2.128993e+01,2.136626e+01,2.128299e+01,2.119966e+01,2.117186e+01,2.111625e+01,2.115796e+01,2.130382e+01,2.116491e+01,2.120660e+01,2.113015e+01,2.113711e+01,2.113711e+01,2.118576e+01,2.131770e+01,2.119271e+01,2.113015e+01,2.107452e+01,2.104669e+01,2.106756e+01,2.110234e+01,2.108843e+01,2.101189e+01,2.092833e+01,2.114406e+01,2.102581e+01,2.107452e+01,2.103973e+01,2.104669e+01,2.103277e+01,2.096316e+01,2.103973e+01,2.110929e+01,2.110929e+01,2.103277e+01,2.098405e+01,2.115101e+01,2.099101e+01,2.112320e+01,2.115796e+01,2.096316e+01,2.103973e+01,2.094226e+01,2.110929e+01,2.110234e+01,2.098405e+01,2.112320e+01,2.093530e+01,2.099797e+01,2.100493e+01,2.126217e+01,2.087956e+01,2.102581e+01,2.107452e+01,2.109539e+01,2.100493e+01,2.101885e+01,2.090743e+01,2.099797e+01,2.111625e+01,2.110234e+01,2.094923e+01,2.099797e+01,2.105365e+01,2.094923e+01,2.096316e+01,2.098405e+01,2.091440e+01,2.083773e+01,2.092137e+01,2.090047e+01,2.093530e+01,2.080984e+01,2.094923e+01,2.088653e+01,2.097012e+01,2.097709e+01,2.091440e+01,2.094226e+01,2.098405e+01,2.101885e+01,2.097012e+01,2.101885e+01,2.105365e+01,2.098405e+01,2.092833e+01,2.107452e+01,2.097709e+01,2.101189e+01,2.108148e+01,2.099797e+01,2.106756e+01,2.106061e+01,2.101885e+01,2.109539e+01,2.106061e+01,2.093530e+01,2.099101e+01,2.090047e+01,2.090743e+01,2.093530e+01,2.093530e+01,2.098405e+01,2.099797e+01,2.087259e+01,2.099797e+01,2.095619e+01,2.092137e+01,2.097012e+01,2.090743e+01,2.095619e+01,2.094923e+01,2.096316e+01,2.094923e+01,2.092833e+01,2.096316e+01,2.096316e+01,2.100493e+01,2.095619e+01,2.090743e+01,2.094226e+01,2.088653e+01,2.092137e+01,2.101189e+01,2.086562e+01,2.087259e+01,2.091440e+01,2.093530e+01,2.108148e+01,2.112320e+01,2.085168e+01,2.103973e+01,2.121355e+01,2.116491e+01,2.119966e+01,2.109539e+01,2.138013e+01,2.124828e+01,2.134545e+01,2.133158e+01,2.121355e+01,2.115101e+01,2.127605e+01,2.120660e+01,2.119271e+01,2.118576e+01,2.110234e+01,2.113711e+01,2.116491e+01,2.115101e+01,2.113711e+01,2.113711e+01,2.119271e+01,2.117881e+01,2.115101e+01,2.115796e+01,2.115101e+01,2.128993e+01,2.115101e+01,2.118576e+01,2.117881e+01,2.108148e+01,2.110234e+01,2.112320e+01,2.112320e+01,2.119271e+01,2.108148e+01,2.126911e+01,2.117186e+01,2.121355e+01,2.137320e+01,2.132464e+01,2.153952e+01,2.151875e+01,2.152567e+01,2.151875e+01,2.180922e+01,2.178850e+01,2.181612e+01,2.184374e+01,2.178850e+01,2.182993e+01,2.175395e+01,2.177468e+01,2.171940e+01,2.182993e+01,2.170557e+01,2.181612e+01,2.165025e+01,2.165025e+01,2.167100e+01,2.166409e+01,2.164334e+01,2.167100e+01,2.162258e+01,2.151182e+01,2.160182e+01,2.156029e+01,2.160182e+01,2.163642e+01,2.167100e+01,2.156029e+01,2.153952e+01,2.162950e+01,2.158106e+01,2.151875e+01,2.160874e+01,2.151182e+01,2.156029e+01,2.164334e+01,2.161566e+01,2.159490e+01,2.149796e+01,2.149104e+01,2.162950e+01,2.147718e+01,2.155337e+01,2.151875e+01,2.156029e+01,2.157414e+01,2.144946e+01,2.143560e+01,2.162258e+01,2.163642e+01,2.149104e+01,2.151182e+01,2.144253e+01,2.140094e+01,2.150489e+01,2.139400e+01,2.133158e+01,2.151875e+01,2.152567e+01,2.135239e+01,2.146332e+01,2.128299e+01,2.141480e+01,2.140787e+01,2.146332e+01,2.140094e+01,2.143560e+01,2.133158e+01,2.130382e+01,2.133851e+01,2.128993e+01,2.136626e+01,2.125522e+01,2.124133e+01,2.131076e+01,2.129688e+01,2.138013e+01,2.132464e+01,2.130382e+01,2.125522e+01,2.132464e+01,2.133158e+01,2.135239e+01,2.133158e+01,2.131770e+01,2.133851e+01,2.115101e+01,2.133851e+01,2.142867e+01,2.143560e+01,2.119966e+01,2.140094e+01,2.141480e+01,2.140094e+01,2.131770e+01,2.129688e+01,2.128299e+01,2.142174e+01,2.142867e+01,2.130382e+01,2.132464e+01,2.122744e+01,2.134545e+01,2.149796e+01,2.131770e+01,2.136626e+01,2.133851e+01,2.126911e+01,2.135933e+01,2.112320e+01,2.136626e+01,2.131076e+01,2.138707e+01,2.119271e+01,2.114406e+01,2.119966e+01,2.116491e+01,2.108148e+01,2.122050e+01,2.122744e+01,2.113711e+01,2.122744e+01,2.113711e+01,2.122050e+01,2.109539e+01,2.110234e+01,2.114406e+01,2.117881e+01,2.081681e+01,2.122050e+01,2.109539e+01,2.112320e+01,2.117186e+01,2.099101e+01,2.102581e+01,2.107452e+01,2.106061e+01,2.103973e+01,2.093530e+01,2.104669e+01,2.106061e+01,2.105365e+01,2.099797e+01,2.105365e+01,2.102581e+01,2.080984e+01,2.109539e+01,2.080286e+01,2.117186e+01,2.094923e+01,2.081681e+01,2.099101e+01,2.110234e+01,2.078193e+01,2.087259e+01,2.085168e+01,2.081681e+01,2.105365e+01,2.085168e+01,2.083076e+01,2.103973e+01,2.094226e+01,2.101885e+01,2.099101e+01,2.090743e+01,2.090047e+01,2.087956e+01,2.101885e+01,2.107452e+01,2.098405e+01,2.110234e+01,2.116491e+01,2.117186e+01,2.106061e+01,2.110929e+01,2.106061e+01,2.120660e+01,2.119966e+01,2.126217e+01,2.124828e+01,2.129688e+01,2.117186e+01,2.139400e+01,2.126217e+01,2.131076e+01,2.128993e+01,2.126217e+01,2.128993e+01,2.128299e+01,2.132464e+01,2.135933e+01,2.133158e+01,2.137320e+01,2.131076e+01,2.144946e+01,2.151875e+01,2.147718e+01,2.135933e+01,2.137320e+01,2.138707e+01,2.151875e+01,2.156029e+01,2.132464e+01,2.133158e+01,2.138707e+01,2.146332e+01,2.136626e+01,2.149104e+01,2.156029e+01,2.155337e+01,2.147718e+01,2.149104e+01,2.157414e+01,2.151875e+01,2.166409e+01,2.141480e+01,2.145639e+01,2.139400e+01,2.149796e+01,2.136626e+01,2.142174e+01,2.159490e+01
2.177468e+01,2.176086e+01,2.187135e+01,2.180231e+01,2.191965e+01,2.191276e+01,2.198862e+01,2.191965e+01,2.194035e+01,2.182993e+01,2.195414e+01,2.196104e+01,2.194725e+01,2.189206e+01,2.202308e+01,2.203687e+01,2.188516e+01,2.185755e+01,2.187825e+01,2.187135e+01,2.187825e+01,2.187825e+01,2.199551e+01,2.188516e+01,2.211952e+01,2.184374e+01,2.184374e+01,2.174704e+01,2.180231e+01,2.167792e+01,2.167792e+01,2.177468e+01,2.184374e+01,2.171248e+01,2.184374e+01,2.162258e+01,2.177468e+01,2.165717e+01,2.160874e+01,2.169866e+01,2.175395e+01,2.180231e+01,2.176777e+01,2.165717e+01,2.180922e+01,2.180922e+01,2.178159e+01,2.167792e+01,2.167100e+01,2.168483e+01,2.171940e+01,2.169175e+01,2.163642e+01,2.175395e+01,2.167100e+01,2.165025e+01,2.172631e+01,2.173322e+01,2.174704e+01,2.161566e+01,2.162950e+01,2.169175e+01,2.175395e+01,2.162950e+01,2.171940e+01,2.171940e+01,2.164334e+01,2.174013e+01,2.176777e+01,2.177468e+01,2.174704e+01,2.152567e+01,2.174704e+01,2.169866e+01,2.176777e+01,2.171940e+01,2.169866e+01,2.174013e+01,2.174704e+01,2.180231e+01,2.172631e+01,2.172631e+01,2.173322e+01,2.181612e+01,2.178159e+01,2.174013e+01,2.180231e+01,2.173322e+01,2.185065e+01,2.172631e+01,2.176086e+01,2.176777e+01,2.182303e+01,2.178850e+01,2.178159e+01,2.183684e+01,2.181612e+01,2.183684e+01,2.184374e+01,2.182993e+01,2.180231e+01,2.183684e+01,2.178850e+01,2.175395e+01,2.176086e+01,2.184374e+01,2.178850e+01,2.180922e+01,2.176086e+01,2.194725e+01,2.168483e+01,2.179540e+01,2.176777e+01,2.194035e+01,2.176086e+01,2.178159e+01,2.180922e+01,2.182303e+01,2.184374e+01,2.189896e+01,2.185065e+01,2.178850e+01,2.182303e+01,2.178850e+01,2.178850e+01,2.192655e+01,2.180922e+01,2.193345e+01,2.186445e+01,2.191276e+01,2.177468e+01,2.182993e+01,2.207820e+01,2.193345e+01,2.191276e+01,2.187825e+01,2.196793e+01,2.199551e+01,2.202308e+01,2.218147e+01,2.233274e+01,2.227776e+01,2.235335e+01,2.235335e+01,2.240829e+01,2.235335e+01,2.239456e+01,2.232587e+01,2.272363e+01,2.274416e+01,2.286043e+01,2.308576e+01,2.309940e+01,2.308576e+01,2.318121e+01,2.324252e+01,2.325614e+01,2.328337e+01,2.332421e+01,2.340584e+01,2.345342e+01,2.349419e+01,2.350099e+01,2.358247e+01,2.373170e+01,2.363676e+01,2.365711e+01,2.366390e+01,2.370458e+01,2.388748e+01,2.381301e+01,2.415110e+01,2.394161e+01,2.395514e+01,2.394161e+01,2.396867e+01,2.409708e+01,2.395514e+01,2.401600e+01,2.409708e+01,2.396867e+01,2.401600e+01,2.409708e+01,2.417810e+01,2.402275e+01,2.409032e+01,2.399571e+01,2.386041e+01,2.387395e+01,2.390778e+01,2.380623e+01,2.381978e+01,2.384687e+01,2.390102e+01,2.365033e+01,2.373170e+01,2.346022e+01,2.343983e+01,2.320165e+01,2.312668e+01,2.290827e+01,2.257979e+01,2.242888e+01,2.216082e+01,2.202308e+01,2.152567e+01,2.141480e+01,2.149796e+01,2.144253e+01,2.122744e+01,2.139400e+01,2.135239e+01,2.137320e+01,2.128993e+01,2.141480e+01,2.137320e+01,2.137320e+01,2.135933e+01,2.133158e+01,2.135239e+01,2.130382e+01,2.132464e+01,2.127605e+01,2.129688e+01,2.130382e+01,2.135239e+01,2.131770e+01,2.136626e+01,2.125522e+01,2.132464e+01,2.136626e+01,2.128299e+01,2.128993e+01,2.121355e+01,2.128993e+01,2.121355e+01,2.135933e+01,2.117186e+01,2.122744e+01,2.118576e+01,2.125522e+01,2.117881e+01,2.125522e+01,2.123439e+01,2.127605e+01,2.123439e+01,2.119966e+01,2.134545e+01,2.122050e+01,2.129688e+01,2.125522e+01,2.116491e+01,2.119966e+01,2.097709e+01,2.123439e+01,2.113711e+01,2.115101e+01,2.118576e+01,2.116491e+01,2.108843e+01,2.117186e+01,2.114406e+01,2.109539e+01,2.109539e+01,2.110929e+01,2.105365e+01,2.113015e+01,2.102581e+01,2.112320e+01,2.098405e+01,2.105365e+01,2.096316e+01,2.103973e+01,2.102581e+01,2.106756e+01,2.095619e+01,2.094226e+01,2.097709e+01,2.094226e+01,2.104669e+01,2.103277e+01,2.110234e+01,2.115101e+01,2.092137e+01,2.103973e+01,2.097012e+01,2.113015e+01,2.112320e+01,2.099797e+01,2.107452e+01,2.099797e+01,2.099101e+01,2.098405e+01,2.121355e+01,2.088653e+01,2.106061e+01,2.104669e+01,2.099101e+01,2.090743e+01,2.108148e+01,2.097709e+01,2.099797e+01,2.096316e+01,2.094923e+01,2.100493e+01,2.094226e+01,2.096316e+01,2.092137e+01,2.094226e+01,2.094923e+01,2.106756e+01,2.099797e+01,2.090047e+01,2.093530e+01,2.092833e+01,2.083076e+01,2.095619e+01,2.094923e+01,2.101189e+01,2.099101e+01,2.096316e+01,2.104669e+01,2.092833e+01,2.105365e+01,2.099101e+01,2.092137e+01,2.097012e+01,2.107452e+01,2.105365e+01,2.094923e+01,2.105365e+01,2.102581e+01,2.097709e+01,2.106061e+01,2.100493e+01,2.098405e+01,2.109539e+01,2.108148e+01,2.110929e+01,2.095619e+01,2.108843e+01,2.097709e+01,2.092137e+01,2.091440e+01,2.091440e+01,2.095619e+01,2.091440e+01,2.093530e+01,2.096316e+01,2.097012e+01,2.088653e+01,2.106756e+01,2.094226e+01,2.091440e+01,2.095619e+01,2.097012e+01,2.108843e+01,2.095619e+01,2.096316e+01,2.092833e+01,2.109539e+01,2.093530e+01,2.094923e+01,2.101189e+01,2.091440e+01,2.098405e+01,2.095619e+01,2.103277e+01,2.091440e+01,2.090743e+01,2.092137e+01,2.089350e+01,2.091440e+01,2.091440e+01,2.113015e+01,2.099101e+01,2.115101e+01,2.113015e+01,2.112320e+01,2.134545e+01,2.117186e+01,2.129688e+01,2.119271e+01,2.116491e+01,2.114406e+01,2.126911e+01,2.127605e+01,2.135239e+01,2.125522e+01,2.131076e+01,2.102581e+01,2.125522e+01,2.107452e+01,2.116491e+01,2.112320e+01,2.122050e+01,2.122744e+01,2.122050e+01,2.117186e+01,2.117881e+01,2.118576e+01,2.120660e+01,2.117186e+01,2.119271e+01,2.110234e+01,2.107452e+01,2.112320e+01,2.108843e+01,2.113015e+01,2.111625e+01,2.116491e+01,2.121355e+01,2.123439e+01,2.140094e+01,2.124828e+01,2.131076e+01,2.132464e+01,2.140094e+01,2.151182e+01,2.169175e+01,2.164334e+01,2.174704e+01,2.180922e+01,2.190586e+01,2.176086e+01,2.175395e+01,2.180231e+01,2.174704e+01,2.178159e+01,2.174013e+01,2.171248e+01,2.165717e+01,2.166409e+01,2.178850e+01,2.160182e+01,2.167100e+01,2.150489e+01,2.155337e+01,2.156029e+01,2.159490e+01,2.161566e+01,2.165025e+01,2.156029e+01,2.150489e+01,2.165025e+01,2.156029e+01,2.147025e+01,2.154645e+01,2.148411e+01,2.156029e+01,2.155337e+01,2.160182e+01,2.158798e+01,2.171940e+01,2.169175e+01,2.144946e+01,2.145639e+01,2.147718e+01,2.155337e+01,2.151875e+01,2.151182e+01,2.160874e+01,2.159490e+01,2.153952e+01,2.154645e+01,2.148411e+01,2.140787e+01,2.151875e+01,2.139400e+01,2.141480e+01,2.160874e+01,2.142174e+01,2.155337e+01,2.151875e+01,2.140787e+01,2.135933e+01,2.150489e+01,2.146332e+01,2.143560e+01,2.144946e+01,2.143560e+01,2.138707e+01,2.135239e+01,2.144946e+01,2.135239e+01,2.147025e+01,2.132464e+01,2.147718e+01,2.148411e+01,2.127605e+01,2.122050e+01,2.131770e+01,2.135239e+01,2.134545e+01,2.127605e+01,2.131076e+01,2.150489e+01,2.129688e+01,2.129688e+01,2.131770e+01,2.135933e+01,2.130382e+01,2.128299e+01,2.135239e+01,2.134545e+01,2.113711e+01,2.143560e+01,2.146332e+01,2.136626e+01,2.138707e+01,2.123439e+01,2.124133e+01,2.142867e+01,2.131076e+01,2.137320e+01,2.146332e+01,2.145639e+01,2.142174e+01,2.146332e+01,2.138013e+01,2.135239e+01,2.132464e+01,2.133851e+01,2.133851e+01,2.140094e+01,2.138707e+01,2.134545e+01,2.135239e+01,2.127605e+01,2.133851e+01,2.134545e+01,2.127605e+01,2.125522e+01,2.122744e+01,2.124133e+01,2.122744e+01,2.122744e+01,2.118576e+01,2.114406e+01,2.117881e+01,2.110929e+01,2.117881e+01,2.121355e+01,2.116491e+01,2.118576e+01,2.108148e+01,2.109539e+01,2.108148e+01,2.110929e+01,2.111625e+01,2.109539e+01,2.099797e+01,2.097012e+01,2.097709e+01,2.103277e+01,2.105365e+01,2.106756e+01,2.105365e+01,2.104669e+01,2.094923e+01,2.099797e+01,2.098405e+01,2.097012e+01,2.101885e+01,2.105365e+01,2.110234e+01,2.094923e+01,2.085865e+01,2.103973e+01,2.081681e+01,2.089350e+01,2.094226e+01,2.094923e+01,2.081681e+01,2.092137e+01,2.087956e+01,2.097709e+01,2.099797e+01,2.078891e+01,2.095619e+01,2.094923e+01,2.094226e+01,2.087259e+01,2.089350e+01,2.095619e+01,2.098405e+01,2.095619e+01,2.096316e+01,2.115101e+01,2.118576e+01,2.108843e+01,2.126217e+01,2.110929e+01,2.119271e+01,2.121355e+01,2.122050e+01,2.124828e+01,2.114406e+01,2.133158e+01,2.128993e+01,2.139400e+01,2.116491e+01,2.138013e+01,2.132464e+01,2.129688e+01,2.133851e+01,2.147025e+01,2.127605e+01,2.146332e+01,2.125522e+01,2.136626e+01,2.142174e+01,2.140787e+01,2.142174e+01,2.151182e+01,2.143560e+01,2.149796e+01,2.136626e+01,2.138707e+01,2.150489e+01,2.151875e+01,2.151875e+01,2.152567e+01,2.141480e+01,2.149796e+01,2.131076e+01,2.140787e+01,2.149796e+01,2.153260e+01,2.142174e+01,2.136626e+01,2.141480e+01,2.156721e+01,2.166409e+01,2.152567e+01,2.146332e+01,2.142867e+01,2.144253e+01,2.146332e+01,2.159490e+01
2.181612e+01,2.174013e+01,2.187825e+01,2.181612e+01,2.191276e+01,2.173322e+01,2.187135e+01,2.200241e+01,2.189896e+01,2.189206e+01,2.207820e+01,2.189896e+01,2.189896e+01,2.186445e+01,2.194035e+01,2.195414e+01,2.185755e+01,2.179540e+01,2.187825e+01,2.181612e+01,2.171248e+01,2.188516e+01,2.196104e+01,2.189206e+01,2.187135e+01,2.185755e+01,2.182993e+01,2.184374e+01,2.174013e+01,2.181612e+01,2.175395e+01,2.177468e+01,2.180922e+01,2.178850e+01,2.182303e+01,2.182303e+01,2.180922e+01,2.186445e+01,2.162258e+01,2.175395e+01,2.173322e+01,2.170557e+01,2.187825e+01,2.171940e+01,2.165025e+01,2.176777e+01,2.167792e+01,2.170557e+01,2.167792e+01,2.169175e+01,2.169175e+01,2.174013e+01,2.163642e+01,2.171940e+01,2.173322e+01,2.168483e+01,2.172631e+01,2.175395e+01,2.170557e+01,2.171248e+01,2.162258e+01,2.172631e+01,2.177468e+01,2.174013e+01,2.167100e+01,2.171248e+01,2.180922e+01,2.180922e+01,2.182303e+01,2.183684e+01,2.146332e+01,2.174013e+01,2.183684e+01,2.160874e+01,2.159490e+01,2.173322e+01,2.176777e+01,2.176086e+01,2.177468e+01,2.177468e+01,2.180231e+01,2.181612e+01,2.173322e+01,2.182993e+01,2.178850e+01,2.174013e+01,2.180231e+01,2.174704e+01,2.177468e+01,2.178159e+01,2.169175e+01,2.169175e+01,2.183684e+01,2.185065e+01,2.177468e+01,2.162258e+01,2.202997e+01,2.169866e+01,2.180922e+01,2.182303e+01,2.179540e+01,2.183684e+01,2.181612e+01,2.185065e+01,2.185755e+01,2.189206e+01,2.194725e+01,2.187825e+01,2.180231e+01,2.180922e+01,2.176777e+01,2.185065e+01,2.178159e+01,2.184374e+01,2.178850e+01,2.189896e+01,2.170557e+01,2.178850e+01,2.180922e+01,2.181612e+01,2.183684e+01,2.185755e+01,2.191276e+01,2.177468e+01,2.187825e+01,2.178850e+01,2.181612e+01,2.187135e+01,2.191965e+01,2.180231e+01,2.192655e+01,2.191965e+01,2.189206e+01,2.187135e+01,2.202997e+01,2.198172e+01,2.194725e+01,2.208509e+01,2.211263e+01,2.214706e+01,2.223650e+01,2.211952e+01,2.235335e+01,2.234648e+01,2.237395e+01,2.237395e+01,2.231900e+01,2.255237e+01,2.271679e+01,2.255923e+01,2.291510e+01,2.307212e+01,2.296292e+01,2.308576e+01,2.299706e+01,2.323571e+01,2.319484e+01,2.303801e+01,2.329018e+01,2.320165e+01,2.347381e+01,2.344662e+01,2.346022e+01,2.360283e+01,2.362998e+01,2.356211e+01,2.348740e+01,2.383332e+01,2.359605e+01,2.377914e+01,2.367746e+01,2.373170e+01,2.388748e+01,2.415785e+01,2.386041e+01,2.392808e+01,2.400247e+01,2.385364e+01,2.384010e+01,2.400924e+01,2.390778e+01,2.408357e+01,2.388748e+01,2.388071e+01,2.379946e+01,2.395514e+01,2.396190e+01,2.396867e+01,2.390102e+01,2.379946e+01,2.384010e+01,2.374526e+01,2.366390e+01,2.377236e+01,2.362319e+01,2.356890e+01,2.333101e+01,2.328337e+01,2.309940e+01,2.307212e+01,2.291510e+01,2.258665e+01,2.249751e+01,2.216082e+01,2.188516e+01,2.163642e+01,2.149104e+01,2.140787e+01,2.138707e+01,2.133158e+01,2.128993e+01,2.123439e+01,2.135933e+01,2.131770e+01,2.134545e+01,2.128993e+01,2.145639e+01,2.130382e+01,2.126217e+01,2.130382e+01,2.128993e+01,2.129688e+01,2.126217e+01,2.124828e+01,2.133158e+01,2.128299e+01,2.133851e+01,2.131770e+01,2.122744e+01,2.122050e+01,2.129688e+01,2.116491e+01,2.122050e+01,2.123439e+01,2.126911e+01,2.136626e+01,2.135239e+01,2.129688e+01,2.119966e+01,2.126911e+01,2.118576e+01,2.122744e+01,2.122744e+01,2.119966e+01,2.124133e+01,2.121355e+01,2.122050e+01,2.119271e+01,2.105365e+01,2.104669e+01,2.114406e+01,2.103973e+01,2.115101e+01,2.115101e+01,2.115101e+01,2.111625e+01,2.116491e+01,2.115101e+01,2.113711e+01,2.120660e+01,2.107452e+01,2.108148e+01,2.115796e+01,2.112320e+01,2.099797e+01,2.092833e+01,2.088653e+01,2.091440e+01,2.097709e+01,2.092833e+01,2.106061e+01,2.099797e+01,2.099797e+01,2.103973e+01,2.106756e+01,2.099797e+01,2.108843e+01,2.097709e+01,2.097709e+01,2.106756e+01,2.109539e+01,2.101885e+01,2.101885e+01,2.104669e+01,2.106061e+01,2.101189e+01,2.104669e+01,2.101189e+01,2.101189e+01,2.103277e+01,2.101885e+01,2.103973e+01,2.103277e+01,2.092833e+01,2.101189e+01,2.103973e+01,2.087956e+01,2.099797e+01,2.090743e+01,2.097012e+01,2.097012e+01,2.092833e+01,2.098405e+01,2.101189e+01,2.102581e+01,2.099101e+01,2.094923e+01,2.093530e+01,2.095619e+01,2.088653e+01,2.097709e+01,2.101189e+01,2.091440e+01,2.086562e+01,2.087259e+01,2.087259e+01,2.090047e+01,2.093530e+01,2.092137e+01,2.096316e+01,2.095619e+01,2.097709e+01,2.092833e+01,2.106756e+01,2.091440e+01,2.102581e+01,2.095619e+01,2.099101e+01,2.107452e+01,2.094923e+01,2.117186e+01,2.092137e+01,2.097012e+01,2.105365e+01,2.097709e+01,2.108148e+01,2.103277e+01,2.106061e+01,2.110929e+01,2.109539e+01,2.105365e+01,2.078193e+01,2.090743e+01,2.094923e+01,2.085168e+01,2.081681e+01,2.095619e+01,2.083773e+01,2.095619e+01,2.099797e+01,2.087956e+01,2.092833e+01,2.092833e+01,2.097709e+01,2.099101e+01,2.106756e+01,2.098405e+01,2.105365e+01,2.099101e+01,2.095619e+01,2.098405e+01,2.106756e+01,2.108843e+01,2.106756e+01,2.106061e+01,2.103973e+01,2.106756e+01,2.095619e+01,2.097012e+01,2.099797e+01,2.105365e+01,2.090743e+01,2.103277e+01,2.097012e+01,2.099101e+01,2.116491e+01,2.122050e+01,2.117881e+01,2.137320e+01,2.126911e+01,2.123439e+01,2.118576e+01,2.117186e+01,2.122050e+01,2.118576e+01,2.127605e+01,2.126217e+01,2.122050e+01,2.131076e+01,2.124133e+01,2.119966e+01,2.124133e+01,2.098405e+01,2.118576e+01,2.106756e+01,2.117881e+01,2.113711e+01,2.115796e+01,2.117881e+01,2.099797e+01,2.106061e+01,2.095619e+01,2.119966e+01,2.101189e+01,2.115101e+01,2.113015e+01,2.115796e+01,2.116491e+01,2.112320e+01,2.107452e+01,2.117881e+01,2.135933e+01,2.147025e+01,2.129688e+01,2.128299e+01,2.131770e+01,2.147025e+01,2.167100e+01,2.131770e+01,2.165025e+01,2.171940e+01,2.162950e+01,2.179540e+01,2.162258e+01,2.180231e+01,2.179540e+01,2.174013e+01,2.179540e+01,2.176086e+01,2.171248e+01,2.171940e+01,2.166409e+01,2.165025e+01,2.173322e+01,2.169175e+01,2.176086e+01,2.167100e+01,2.156721e+01,2.156721e+01,2.151182e+01,2.156721e+01,2.153952e+01,2.156721e+01,2.158106e+01,2.149796e+01,2.147718e+01,2.164334e+01,2.161566e+01,2.151875e+01,2.161566e+01,2.149104e+01,2.144946e+01,2.143560e+01,2.141480e+01,2.169866e+01,2.162258e+01,2.153952e+01,2.153952e+01,2.160874e+01,2.155337e+01,2.157414e+01,2.143560e+01,2.135239e+01,2.154645e+01,2.147025e+01,2.149796e+01,2.143560e+01,2.144253e+01,2.160182e+01,2.144253e+01,2.144946e+01,2.142867e+01,2.145639e+01,2.135239e+01,2.142867e+01,2.144253e+01,2.134545e+01,2.143560e+01,2.140787e+01,2.137320e+01,2.140094e+01,2.146332e+01,2.140787e+01,2.140094e+01,2.137320e+01,2.148411e+01,2.149104e+01,2.133158e+01,2.149104e+01,2.128299e+01,2.129688e+01,2.126911e+01,2.139400e+01,2.140094e+01,2.138013e+01,2.145639e+01,2.133851e+01,2.131076e+01,2.120660e+01,2.137320e+01,2.129688e+01,2.141480e+01,2.135933e+01,2.115101e+01,2.135933e+01,2.141480e+01,2.138707e+01,2.138013e+01,2.135239e+01,2.126911e+01,2.131770e+01,2.144253e+01,2.141480e+01,2.124828e+01,2.144946e+01,2.140787e+01,2.143560e+01,2.142174e+01,2.138707e+01,2.127605e+01,2.147025e+01,2.135239e+01,2.130382e+01,2.124828e+01,2.138013e+01,2.147025e+01,2.133851e+01,2.138707e+01,2.134545e+01,2.128299e+01,2.123439e+01,2.126911e+01,2.127605e+01,2.133158e+01,2.124133e+01,2.119271e+01,2.128993e+01,2.123439e+01,2.124828e+01,2.111625e+01,2.113711e+01,2.115101e+01,2.118576e+01,2.101189e+01,2.118576e+01,2.117881e+01,2.130382e+01,2.110234e+01,2.110234e+01,2.105365e+01,2.106756e+01,2.103973e+01,2.108148e+01,2.108148e+01,2.097012e+01,2.106756e+01,2.097012e+01,2.103973e+01,2.105365e+01,2.103277e+01,2.098405e+01,2.102581e+01,2.110929e+01,2.095619e+01,2.096316e+01,2.107452e+01,2.099101e+01,2.101189e+01,2.103973e+01,2.092137e+01,2.095619e+01,2.088653e+01,2.101885e+01,2.101885e+01,2.091440e+01,2.098405e+01,2.103277e+01,2.110234e+01,2.101885e+01,2.098405e+01,2.094923e+01,2.100493e+01,2.103277e+01,2.110929e+01,2.103973e+01,2.120660e+01,2.100493e+01,2.094923e+01,2.096316e+01,2.093530e+01,2.113015e+01,2.114406e+01,2.124133e+01,2.125522e+01,2.126911e+01,2.128993e+01,2.119966e+01,2.126217e+01,2.128993e+01,2.140787e+01,2.140094e+01,2.141480e+01,2.122744e+01,2.142867e+01,2.144253e+01,2.132464e+01,2.147718e+01,2.130382e+01,2.130382e+01,2.138707e+01,2.138013e+01,2.149104e+01,2.141480e+01,2.140787e+01,2.144253e+01,2.148411e+01,2.140787e+01,2.152567e+01,2.150489e+01,2.136626e+01,2.133851e+01,2.153952e+01,2.134545e+01,2.131076e+01,2.142867e+01,2.151875e+01,2.153260e+01,2.158106e+01,2.155337e+01,2.177468e+01,2.157414e+01,2.158106e+01,2.160874e+01,2.164334e+01,2.149796e+01,2.158106e+01,2.144253e+01,2.138707e+01,2.161566e+01,2.159490e+01
2.172631e+01,2.179540e+01,2.182303e+01,2.185065e+01,2.191965e+01,2.184374e+01,2.185755e+01,2.199551e+01,2.185065e+01,2.198862e+01,2.191965e+01,2.188516e+01,2.190586e+01,2.178159e+01,2.205754e+01,2.191965e+01,2.185755e+01,2.185065e+01,2.196104e+01,2.178850e+01,2.176777e+01,2.192655e+01,2.193345e+01,2.185755e+01,2.187135e+01,2.183684e+01,2.180231e+01,2.180231e+01,2.181612e+01,2.174704e+01,2.187825e+01,2.179540e+01,2.176777e+01,2.180922e+01,2.182303e+01,2.169866e+01,2.185065e+01,2.176777e+01,2.171940e+01,2.180922e+01,2.171248e+01,2.182303e+01,2.176777e+01,2.169866e+01,2.178159e+01,2.172631e+01,2.174013e+01,2.169866e+01,2.171940e+01,2.171248e+01,2.164334e+01,2.167792e+01,2.174013e+01,2.158798e+01,2.164334e+01,2.165025e+01,2.166409e+01,2.172631e+01,2.165717e+01,2.169866e+01,2.170557e+01,2.169866e+01,2.158798e+01,2.156029e+01,2.180922e+01,2.160874e+01,2.174704e+01,2.180231e+01,2.171248e+01,2.162258e+01,2.169175e+01,2.171248e+01,2.172631e+01,2.182993e+01,2.174013e+01,2.155337e+01,2.175395e+01,2.171940e+01,2.160182e+01,2.176086e+01,2.176777e+01,2.178159e+01,2.176777e+01,2.172631e+01,2.171940e+01,2.177468e+01,2.174704e+01,2.180231e+01,2.186445e+01,2.174013e+01,2.187135e+01,2.184374e+01,2.178850e+01,2.185755e+01,2.180922e+01,2.180922e+01,2.178850e+01,2.182303e+01,2.167100e+01,2.175395e+01,2.183684e+01,2.183684e+01,2.169866e+01,2.176086e+01,2.185065e+01,2.179540e+01,2.183684e+01,2.193345e+01,2.168483e+01,2.177468e+01,2.172631e+01,2.171248e+01,2.171940e+01,2.178159e+01,2.168483e+01,2.179540e+01,2.180231e+01,2.183684e+01,2.160874e+01,2.181612e+01,2.182993e+01,2.186445e+01,2.180922e+01,2.178850e+01,2.182993e+01,2.182993e+01,2.182303e+01,2.187825e+01,2.189896e+01,2.187135e+01,2.192655e+01,2.185755e+01,2.184374e+01,2.191965e+01,2.198172e+01,2.191965e+01,2.189896e+01,2.194035e+01,2.198172e+01,2.205754e+01,2.211263e+01,2.216082e+01,2.209198e+01,2.231900e+01,2.232587e+01,2.214706e+01,2.236709e+01,2.232587e+01,2.244948e+01,2.253866e+01,2.264146e+01,2.282625e+01,2.300388e+01,2.290827e+01,2.307212e+01,2.294243e+01,2.324933e+01,2.300388e+01,2.309258e+01,2.324252e+01,2.329699e+01,2.329018e+01,2.344662e+01,2.342623e+01,2.337183e+01,2.351457e+01,2.346022e+01,2.339224e+01,2.351457e+01,2.379946e+01,2.363676e+01,2.365711e+01,2.365033e+01,2.392132e+01,2.389425e+01,2.372492e+01,2.393485e+01,2.378591e+01,2.396867e+01,2.393485e+01,2.379946e+01,2.398219e+01,2.375203e+01,2.375203e+01,2.377236e+01,2.390778e+01,2.386718e+01,2.384010e+01,2.379946e+01,2.371136e+01,2.375881e+01,2.375881e+01,2.367068e+01,2.362998e+01,2.344662e+01,2.344662e+01,2.341264e+01,2.339224e+01,2.303118e+01,2.292877e+01,2.293560e+01,2.275785e+01,2.235335e+01,2.225713e+01,2.187825e+01,2.168483e+01,2.140787e+01,2.154645e+01,2.140094e+01,2.125522e+01,2.133158e+01,2.132464e+01,2.140094e+01,2.136626e+01,2.131076e+01,2.135239e+01,2.132464e+01,2.126911e+01,2.116491e+01,2.128299e+01,2.124828e+01,2.117186e+01,2.130382e+01,2.120660e+01,2.122744e+01,2.128993e+01,2.131076e+01,2.129688e+01,2.130382e+01,2.120660e+01,2.119271e+01,2.122050e+01,2.123439e+01,2.119271e+01,2.121355e+01,2.122744e+01,2.122050e+01,2.118576e+01,2.121355e+01,2.119966e+01,2.113015e+01,2.122744e+01,2.123439e+01,2.114406e+01,2.116491e+01,2.110234e+01,2.114406e+01,2.108148e+01,2.107452e+01,2.117881e+01,2.108148e+01,2.101189e+01,2.108843e+01,2.121355e+01,2.110234e+01,2.100493e+01,2.105365e+01,2.109539e+01,2.106061e+01,2.100493e+01,2.111625e+01,2.092833e+01,2.093530e+01,2.091440e+01,2.099101e+01,2.098405e+01,2.097012e+01,2.102581e+01,2.101885e+01,2.106061e+01,2.094226e+01,2.098405e+01,2.099101e+01,2.097012e+01,2.100493e+01,2.093530e+01,2.093530e+01,2.097012e+01,2.108148e+01,2.097709e+01,2.097709e+01,2.108148e+01,2.104669e+01,2.109539e+01,2.092833e+01,2.095619e+01,2.093530e+01,2.101885e+01,2.106061e+01,2.090743e+01,2.101189e+01,2.105365e+01,2.094226e+01,2.107452e+01,2.092137e+01,2.088653e+01,2.089350e+01,2.097012e+01,2.098405e+01,2.092833e+01,2.098405e+01,2.097012e+01,2.101885e+01,2.092137e+01,2.103277e+01,2.099101e+01,2.092137e+01,2.096316e+01,2.081681e+01,2.097012e+01,2.085168e+01,2.090047e+01,2.096316e+01,2.088653e+01,2.089350e+01,2.092137e+01,2.087956e+01,2.092137e+01,2.094923e+01,2.093530e+01,2.084470e+01,2.090743e+01,2.090047e+01,2.104669e+01,2.108148e+01,2.100493e+01,2.094226e+01,2.103277e+01,2.097012e+01,2.095619e+01,2.105365e+01,2.100493e+01,2.105365e+01,2.099101e+01,2.105365e+01,2.097709e+01,2.092137e+01,2.095619e+01,2.101885e+01,2.100493e+01,2.099797e+01,2.093530e+01,2.099101e+01,2.091440e+01,2.085168e+01,2.095619e+01,2.092833e+01,2.094226e+01,2.085168e+01,2.088653e+01,2.085168e+01,2.096316e+01,2.085865e+01,2.103277e+01,2.105365e+01,2.094923e+01,2.100493e+01,2.094923e+01,2.103973e+01,2.105365e+01,2.102581e+01,2.102581e+01,2.107452e+01,2.110929e+01,2.099101e+01,2.094226e+01,2.113015e+01,2.094226e+01,2.093530e+01,2.098405e+01,2.102581e+01,2.099101e+01,2.100493e+01,2.111625e+01,2.094923e+01,2.104669e+01,2.105365e+01,2.119966e+01,2.117186e+01,2.117881e+01,2.126217e+01,2.121355e+01,2.097709e+01,2.120660e+01,2.128299e+01,2.117186e+01,2.120660e+01,2.120660e+01,2.108843e+01,2.125522e+01,2.109539e+01,2.122744e+01,2.117881e+01,2.121355e+01,2.115101e+01,2.119966e+01,2.106756e+01,2.106061e+01,2.117881e+01,2.105365e+01,2.106756e+01,2.113711e+01,2.104669e+01,2.111625e+01,2.106061e+01,2.113711e+01,2.110929e+01,2.117881e+01,2.110234e+01,2.116491e+01,2.115101e+01,2.106061e+01,2.112320e+01,2.126217e+01,2.133158e+01,2.137320e+01,2.161566e+01,2.154645e+01,2.159490e+01,2.151875e+01,2.167100e+01,2.158798e+01,2.178159e+01,2.180231e+01,2.180922e+01,2.179540e+01,2.173322e+01,2.176777e+01,2.176086e+01,2.173322e+01,2.169866e+01,2.173322e+01,2.158106e+01,2.162258e+01,2.167792e+01,2.160182e+01,2.154645e+01,2.163642e+01,2.152567e+01,2.151182e+01,2.156721e+01,2.166409e+01,2.162258e+01,2.147718e+01,2.149104e+01,2.149796e+01,2.148411e+01,2.160874e+01,2.147718e+01,2.155337e+01,2.147025e+01,2.145639e+01,2.162950e+01,2.162950e+01,2.137320e+01,2.155337e+01,2.151875e+01,2.147025e+01,2.147025e+01,2.153952e+01,2.144946e+01,2.159490e+01,2.147025e+01,2.139400e+01,2.135933e+01,2.155337e+01,2.149104e+01,2.142174e+01,2.131076e+01,2.142867e+01,2.144946e+01,2.132464e+01,2.151875e+01,2.139400e+01,2.140787e+01,2.140787e+01,2.149104e+01,2.146332e+01,2.137320e+01,2.141480e+01,2.133158e+01,2.138707e+01,2.146332e+01,2.131770e+01,2.135933e+01,2.133851e+01,2.144253e+01,2.129688e+01,2.130382e+01,2.129688e+01,2.129688e+01,2.144253e+01,2.131076e+01,2.127605e+01,2.125522e+01,2.133158e+01,2.130382e+01,2.126217e+01,2.138013e+01,2.130382e+01,2.128993e+01,2.129688e+01,2.131076e+01,2.140094e+01,2.130382e+01,2.137320e+01,2.138013e+01,2.138013e+01,2.143560e+01,2.133851e+01,2.131770e+01,2.125522e+01,2.147025e+01,2.144253e+01,2.134545e+01,2.147025e+01,2.128299e+01,2.136626e+01,2.142867e+01,2.138013e+01,2.153260e+01,2.131076e+01,2.142174e+01,2.147025e+01,2.138013e+01,2.135239e+01,2.147718e+01,2.143560e+01,2.120660e+01,2.155337e+01,2.128299e+01,2.135933e+01,2.133851e+01,2.133851e+01,2.132464e+01,2.126911e+01,2.128993e+01,2.123439e+01,2.110929e+01,2.115796e+01,2.115101e+01,2.119966e+01,2.116491e+01,2.124828e+01,2.119966e+01,2.115796e+01,2.115101e+01,2.107452e+01,2.108843e+01,2.106756e+01,2.103277e+01,2.119271e+01,2.102581e+01,2.108843e+01,2.096316e+01,2.118576e+01,2.101885e+01,2.110929e+01,2.096316e+01,2.108843e+01,2.106061e+01,2.109539e+01,2.108843e+01,2.110929e+01,2.110929e+01,2.094923e+01,2.097012e+01,2.084470e+01,2.085168e+01,2.099101e+01,2.089350e+01,2.090743e+01,2.097012e+01,2.083773e+01,2.089350e+01,2.111625e+01,2.099797e+01,2.093530e+01,2.103973e+01,2.094923e+01,2.096316e+01,2.112320e+01,2.100493e+01,2.094226e+01,2.094923e+01,2.102581e+01,2.092833e+01,2.097709e+01,2.118576e+01,2.117881e+01,2.112320e+01,2.119966e+01,2.120660e+01,2.117881e+01,2.124828e+01,2.129688e+01,2.122744e+01,2.125522e+01,2.121355e+01,2.138707e+01,2.142174e+01,2.142174e+01,2.137320e+01,2.138707e+01,2.143560e+01,2.139400e+01,2.139400e+01,2.133851e+01,2.139400e+01,2.142867e+01,2.150489e+01,2.142174e+01,2.142174e+01,2.141480e+01,2.120660e+01,2.147025e+01,2.147718e+01,2.139400e+01,2.147718e+01,2.135933e+01,2.144946e+01,2.135933e+01,2.152567e+01,2.151875e+01,2.156029e+01,2.151875e+01,2.161566e+01,2.143560e+01,2.151182e+01,2.142174e+01,2.157414e+01,2.166409e+01,2.162950e+01,2.156721e+01,2.159490e+01,2.162950e+01,2.163642e+01,2.140094e+01,2.137320e+01,2.138013e+01
2.179540e+01,2.160874e+01,2.182993e+01,2.179540e+01,2.185755e+01,2.194035e+01,2.180922e+01,2.178159e+01,2.187135e+01,2.181612e+01,2.191276e+01,2.191276e+01,2.178159e+01,2.196793e+01,2.187135e+01,2.187135e+01,2.194725e+01,2.192655e+01,2.189206e+01,2.199551e+01,2.185755e+01,2.190586e+01,2.189206e+01,2.189896e+01,2.193345e+01,2.185755e+01,2.181612e+01,2.182993e+01,2.180231e+01,2.185755e+01,2.184374e+01,2.181612e+01,2.179540e+01,2.180231e+01,2.180231e+01,2.178850e+01,2.187825e+01,2.189896e+01,2.177468e+01,2.185065e+01,2.179540e+01,2.168483e+01,2.179540e+01,2.175395e+01,2.176086e+01,2.169175e+01,2.167792e+01,2.174704e+01,2.169866e+01,2.171940e+01,2.174013e+01,2.174704e+01,2.177468e+01,2.151875e+01,2.167792e+01,2.152567e+01,2.165025e+01,2.174013e+01,2.176777e+01,2.167100e+01,2.176777e+01,2.174013e+01,2.163642e+01,2.174704e+01,2.174704e+01,2.159490e+01,2.169866e+01,2.164334e+01,2.166409e+01,2.177468e+01,2.167100e+01,2.162258e+01,2.167792e+01,2.171940e+01,2.156029e+01,2.169866e+01,2.171940e+01,2.169175e+01,2.171248e+01,2.175395e+01,2.167100e+01,2.176777e+01,2.174704e+01,2.182993e+01,2.174013e+01,2.171248e+01,2.173322e+01,2.175395e+01,2.178850e+01,2.181612e+01,2.165717e+01,2.172631e+01,2.166409e+01,2.187135e+01,2.178850e+01,2.180922e+01,2.188516e+01,2.182303e+01,2.180231e+01,2.189896e+01,2.183684e+01,2.164334e+01,2.181612e+01,2.178850e+01,2.191276e+01,2.182303e+01,2.184374e+01,2.184374e+01,2.185065e+01,2.194035e+01,2.180231e+01,2.179540e+01,2.175395e+01,2.171940e+01,2.185755e+01,2.186445e+01,2.177468e+01,2.189206e+01,2.187825e+01,2.194035e+01,2.184374e+01,2.178850e+01,2.176777e+01,2.167100e+01,2.181612e+01,2.182303e+01,2.178159e+01,2.185065e+01,2.183684e+01,2.178159e+01,2.187825e+01,2.191965e+01,2.187825e+01,2.187825e+01,2.187135e+01,2.188516e+01,2.188516e+01,2.196793e+01,2.211263e+01,2.205754e+01,2.211263e+01,2.210575e+01,2.209886e+01,2.228463e+01,2.236022e+01,2.228463e+01,2.218147e+01,2.242202e+01,2.251122e+01,2.253866e+01,2.263461e+01,2.275785e+01,2.279889e+01,2.284676e+01,2.290827e+01,2.320165e+01,2.304483e+01,2.309258e+01,2.308576e+01,2.325614e+01,2.339224e+01,2.302436e+01,2.326976e+01,2.349419e+01,2.326295e+01,2.326976e+01,2.341264e+01,2.348740e+01,2.352816e+01,2.350099e+01,2.367746e+01,2.365033e+01,2.366390e+01,2.371136e+01,2.360283e+01,2.371136e+01,2.367068e+01,2.388071e+01,2.390778e+01,2.373848e+01,2.383332e+01,2.377914e+01,2.377236e+01,2.381301e+01,2.382655e+01,2.373848e+01,2.390778e+01,2.365033e+01,2.379269e+01,2.377914e+01,2.374526e+01,2.358247e+01,2.353495e+01,2.365711e+01,2.345342e+01,2.336503e+01,2.333101e+01,2.322209e+01,2.317439e+01,2.286727e+01,2.292194e+01,2.279206e+01,2.255923e+01,2.202997e+01,2.202308e+01,2.167100e+01,2.147025e+01,2.140787e+01,2.135933e+01,2.124133e+01,2.135933e+01,2.121355e+01,2.133851e+01,2.126911e+01,2.108843e+01,2.132464e+01,2.128993e+01,2.130382e+01,2.135933e+01,2.131770e+01,2.128299e+01,2.122050e+01,2.126911e+01,2.126217e+01,2.125522e+01,2.126911e+01,2.126911e+01,2.129688e+01,2.127605e+01,2.115796e+01,2.113711e+01,2.122050e+01,2.122050e+01,2.119271e+01,2.113711e+01,2.118576e+01,2.122050e+01,2.119271e+01,2.119271e+01,2.119966e+01,2.111625e+01,2.122050e+01,2.131076e+01,2.114406e+01,2.126217e+01,2.123439e+01,2.125522e+01,2.117186e+01,2.109539e+01,2.110929e+01,2.106756e+01,2.110234e+01,2.099101e+01,2.110929e+01,2.106061e+01,2.094923e+01,2.102581e+01,2.109539e+01,2.103277e+01,2.104669e+01,2.092137e+01,2.105365e+01,2.107452e+01,2.091440e+01,2.103973e+01,2.092137e+01,2.101189e+01,2.097012e+01,2.101885e+01,2.113015e+01,2.076100e+01,2.103277e+01,2.105365e+01,2.101189e+01,2.100493e+01,2.103277e+01,2.092833e+01,2.099101e+01,2.113015e+01,2.101189e+01,2.112320e+01,2.103973e+01,2.102581e+01,2.107452e+01,2.115796e+01,2.094226e+01,2.099101e+01,2.092833e+01,2.089350e+01,2.102581e+01,2.103973e+01,2.086562e+01,2.085168e+01,2.098405e+01,2.096316e+01,2.098405e+01,2.090047e+01,2.103973e+01,2.098405e+01,2.106061e+01,2.101189e+01,2.100493e+01,2.091440e+01,2.099797e+01,2.104669e+01,2.094226e+01,2.097709e+01,2.091440e+01,2.087956e+01,2.085168e+01,2.096316e+01,2.101885e+01,2.109539e+01,2.092137e+01,2.090047e+01,2.100493e+01,2.084470e+01,2.106061e+01,2.092137e+01,2.091440e+01,2.090047e+01,2.089350e+01,2.092833e+01,2.093530e+01,2.104669e+01,2.100493e+01,2.106756e+01,2.111625e+01,2.117186e+01,2.090047e+01,2.099797e+01,2.110929e+01,2.092137e+01,2.088653e+01,2.104669e+01,2.096316e+01,2.089350e+01,2.107452e+01,2.109539e+01,2.094923e+01,2.094226e+01,2.097012e+01,2.093530e+01,2.097709e+01,2.106061e+01,2.101189e+01,2.097709e+01,2.087259e+01,2.085865e+01,2.097709e+01,2.101885e+01,2.091440e+01,2.092137e+01,2.106756e+01,2.106061e+01,2.112320e+01,2.113711e+01,2.100493e+01,2.116491e+01,2.103973e+01,2.108843e+01,2.115796e+01,2.102581e+01,2.102581e+01,2.106756e+01,2.113711e+01,2.114406e+01,2.095619e+01,2.115796e+01,2.099101e+01,2.101189e+01,2.110234e+01,2.115101e+01,2.105365e+01,2.099797e+01,2.117186e+01,2.117881e+01,2.116491e+01,2.121355e+01,2.125522e+01,2.114406e+01,2.132464e+01,2.124828e+01,2.122050e+01,2.122050e+01,2.120660e+01,2.118576e+01,2.117881e+01,2.120660e+01,2.122744e+01,2.124828e+01,2.106756e+01,2.128993e+01,2.109539e+01,2.117186e+01,2.112320e+01,2.113711e+01,2.113711e+01,2.115796e+01,2.120660e+01,2.118576e+01,2.119271e+01,2.122050e+01,2.112320e+01,2.112320e+01,2.108148e+01,2.115796e+01,2.117881e+01,2.113711e+01,2.112320e+01,2.107452e+01,2.123439e+01,2.146332e+01,2.118576e+01,2.138707e+01,2.124828e+01,2.155337e+01,2.157414e+01,2.162258e+01,2.165717e+01,2.171940e+01,2.162950e+01,2.177468e+01,2.173322e+01,2.182303e+01,2.176777e+01,2.182303e+01,2.178850e+01,2.174013e+01,2.167100e+01,2.167792e+01,2.171248e+01,2.165717e+01,2.162258e+01,2.156029e+01,2.173322e+01,2.151875e+01,2.153952e+01,2.151182e+01,2.153260e+01,2.162950e+01,2.160874e+01,2.164334e+01,2.158106e+01,2.154645e+01,2.159490e+01,2.148411e+01,2.149104e+01,2.156721e+01,2.145639e+01,2.160182e+01,2.145639e+01,2.157414e+01,2.148411e+01,2.162950e+01,2.162950e+01,2.159490e+01,2.146332e+01,2.147025e+01,2.147718e+01,2.151182e+01,2.149796e+01,2.145639e+01,2.156721e+01,2.150489e+01,2.155337e+01,2.158106e+01,2.143560e+01,2.145639e+01,2.147025e+01,2.144946e+01,2.145639e+01,2.160182e+01,2.142174e+01,2.142174e+01,2.138707e+01,2.143560e+01,2.136626e+01,2.142174e+01,2.141480e+01,2.137320e+01,2.115796e+01,2.141480e+01,2.138707e+01,2.140094e+01,2.147718e+01,2.134545e+01,2.126217e+01,2.135933e+01,2.128299e+01,2.134545e+01,2.146332e+01,2.143560e+01,2.142174e+01,2.138707e+01,2.124828e+01,2.136626e+01,2.126911e+01,2.135933e+01,2.136626e+01,2.118576e+01,2.128299e+01,2.135239e+01,2.142867e+01,2.122050e+01,2.133851e+01,2.125522e+01,2.138013e+01,2.149796e+01,2.142867e+01,2.138013e+01,2.131770e+01,2.133851e+01,2.151182e+01,2.142174e+01,2.140094e+01,2.145639e+01,2.140787e+01,2.145639e+01,2.142174e+01,2.155337e+01,2.142867e+01,2.131770e+01,2.135933e+01,2.140094e+01,2.135933e+01,2.140094e+01,2.139400e+01,2.133158e+01,2.140094e+01,2.153260e+01,2.126911e+01,2.120660e+01,2.126217e+01,2.141480e+01,2.131076e+01,2.127605e+01,2.120660e+01,2.117186e+01,2.118576e+01,2.126217e+01,2.128993e+01,2.116491e+01,2.107452e+01,2.129688e+01,2.117186e+01,2.111625e+01,2.106756e+01,2.106061e+01,2.124828e+01,2.094923e+01,2.108148e+01,2.106756e+01,2.107452e+01,2.127605e+01,2.107452e+01,2.103277e+01,2.110234e+01,2.108843e+01,2.110234e+01,2.100493e+01,2.111625e+01,2.110234e+01,2.110929e+01,2.112320e+01,2.085168e+01,2.090047e+01,2.101189e+01,2.087956e+01,2.091440e+01,2.103277e+01,2.088653e+01,2.097709e+01,2.088653e+01,2.108148e+01,2.105365e+01,2.106756e+01,2.097709e+01,2.108843e+01,2.115101e+01,2.107452e+01,2.113711e+01,2.099101e+01,2.099797e+01,2.126911e+01,2.116491e+01,2.128299e+01,2.113015e+01,2.104669e+01,2.115796e+01,2.127605e+01,2.111625e+01,2.132464e+01,2.135239e+01,2.124133e+01,2.153260e+01,2.128993e+01,2.148411e+01,2.140787e+01,2.129688e+01,2.144946e+01,2.126217e+01,2.119271e+01,2.156029e+01,2.145639e+01,2.158106e+01,2.146332e+01,2.133851e+01,2.154645e+01,2.138707e+01,2.160874e+01,2.142867e+01,2.139400e+01,2.169866e+01,2.141480e+01,2.149104e+01,2.158106e+01,2.149104e+01,2.151875e+01,2.156721e+01,2.136626e+01,2.153952e+01,2.152567e+01,2.153952e+01,2.156029e+01,2.156029e+01,2.166409e+01,2.158106e+01,2.159490e+01,2.153952e+01,2.161566e+01,2.167792e+01,2.169866e+01,2.151875e+01,2.167792e+01,2.147718e+01,2.162950e+01,2.166409e+01,2.149104e+01,2.161566e+01
2.180922e+01,2.158798e+01,2.172631e+01,2.183684e+01,2.185065e+01,2.186445e+01,2.157414e+01,2.182993e+01,2.208509e+01,2.189896e+01,2.179540e+01,2.181612e+01,2.185755e+01,2.196104e+01,2.194725e+01,2.194035e+01,2.196104e+01,2.190586e+01,2.179540e+01,2.193345e+01,2.191965e+01,2.189896e+01,2.189896e+01,2.187825e+01,2.191276e+01,2.171940e+01,2.178159e+01,2.186445e+01,2.179540e+01,2.177468e+01,2.186445e+01,2.180922e+01,2.181612e+01,2.180922e+01,2.175395e+01,2.182993e+01,2.180231e+01,2.185065e+01,2.183684e+01,2.171248e+01,2.176086e+01,2.178850e+01,2.175395e+01,2.171940e+01,2.178850e+01,2.168483e+01,2.174013e+01,2.174013e+01,2.169866e+01,2.172631e+01,2.171248e+01,2.179540e+01,2.174704e+01,2.169866e+01,2.162950e+01,2.176086e+01,2.160182e+01,2.165717e+01,2.171940e+01,2.162258e+01,2.165025e+01,2.174704e+01,2.169866e+01,2.155337e+01,2.180231e+01,2.160182e+01,2.174013e+01,2.169175e+01,2.185755e+01,2.168483e+01,2.171940e+01,2.161566e+01,2.175395e+01,2.173322e+01,2.171940e+01,2.167792e+01,2.168483e+01,2.173322e+01,2.176777e+01,2.159490e+01,2.149796e+01,2.172631e+01,2.165717e+01,2.175395e+01,2.180922e+01,2.174013e+01,2.183684e+01,2.177468e+01,2.178850e+01,2.178159e+01,2.174704e+01,2.176777e+01,2.171940e+01,2.181612e+01,2.169866e+01,2.189206e+01,2.169175e+01,2.159490e+01,2.185065e+01,2.188516e+01,2.174704e+01,2.182303e+01,2.200930e+01,2.199551e+01,2.185755e+01,2.167100e+01,2.183684e+01,2.183684e+01,2.182303e+01,2.179540e+01,2.183684e+01,2.176086e+01,2.183684e+01,2.182303e+01,2.181612e+01,2.176777e+01,2.181612e+01,2.189206e+01,2.186445e+01,2.180231e+01,2.183684e+01,2.180922e+01,2.189206e+01,2.178850e+01,2.187825e+01,2.183684e+01,2.191276e+01,2.188516e+01,2.172631e+01,2.187135e+01,2.174013e+01,2.189896e+01,2.182303e+01,2.185065e+01,2.186445e+01,2.195414e+01,2.187135e+01,2.194725e+01,2.191965e+01,2.203687e+01,2.216082e+01,2.211952e+01,2.212641e+01,2.215394e+01,2.214706e+01,2.217459e+01,2.228463e+01,2.220211e+01,2.237395e+01,2.246320e+01,2.236022e+01,2.244948e+01,2.253866e+01,2.281257e+01,2.283993e+01,2.289461e+01,2.292877e+01,2.305848e+01,2.296292e+01,2.309940e+01,2.316758e+01,2.311986e+01,2.329699e+01,2.335823e+01,2.324933e+01,2.326295e+01,2.331740e+01,2.328337e+01,2.346022e+01,2.349419e+01,2.350778e+01,2.358926e+01,2.367068e+01,2.360962e+01,2.356211e+01,2.369102e+01,2.378591e+01,2.369102e+01,2.368424e+01,2.384010e+01,2.368424e+01,2.350099e+01,2.367746e+01,2.358247e+01,2.371814e+01,2.358247e+01,2.356890e+01,2.380623e+01,2.363676e+01,2.356211e+01,2.350778e+01,2.347381e+01,2.350099e+01,2.353495e+01,2.351457e+01,2.323571e+01,2.329699e+01,2.303801e+01,2.295609e+01,2.293560e+01,2.291510e+01,2.261406e+01,2.250437e+01,2.226401e+01,2.202997e+01,2.171248e+01,2.170557e+01,2.136626e+01,2.140094e+01,2.139400e+01,2.151875e+01,2.131076e+01,2.127605e+01,2.114406e+01,2.128299e+01,2.126217e+01,2.128299e+01,2.122050e+01,2.135239e+01,2.131076e+01,2.125522e+01,2.126911e+01,2.122744e+01,2.124828e+01,2.129688e+01,2.135239e+01,2.130382e+01,2.128993e+01,2.103277e+01,2.108843e+01,2.125522e+01,2.117881e+01,2.114406e+01,2.106756e+01,2.120660e+01,2.119271e+01,2.119271e+01,2.117186e+01,2.121355e+01,2.102581e+01,2.102581e+01,2.122744e+01,2.119271e+01,2.110929e+01,2.113015e+01,2.117186e+01,2.109539e+01,2.106756e+01,2.109539e+01,2.119271e+01,2.098405e+01,2.118576e+01,2.105365e+01,2.114406e+01,2.095619e+01,2.099797e+01,2.109539e+01,2.103973e+01,2.100493e+01,2.106061e+01,2.099101e+01,2.090047e+01,2.099101e+01,2.090047e+01,2.103973e+01,2.097709e+01,2.089350e+01,2.105365e+01,2.110234e+01,2.097012e+01,2.110234e+01,2.102581e+01,2.105365e+01,2.109539e+01,2.101885e+01,2.093530e+01,2.091440e+01,2.098405e+01,2.103277e+01,2.114406e+01,2.109539e+01,2.109539e+01,2.099101e+01,2.106061e+01,2.095619e+01,2.095619e+01,2.108148e+01,2.103277e+01,2.115796e+01,2.106756e+01,2.087259e+01,2.094923e+01,2.096316e+01,2.101885e+01,2.095619e+01,2.109539e+01,2.109539e+01,2.094226e+01,2.110929e+01,2.101885e+01,2.101189e+01,2.101189e+01,2.099797e+01,2.090743e+01,2.098405e+01,2.093530e+01,2.104669e+01,2.083076e+01,2.104669e+01,2.094226e+01,2.083076e+01,2.112320e+01,2.088653e+01,2.097012e+01,2.084470e+01,2.094923e+01,2.097012e+01,2.108843e+01,2.090743e+01,2.103973e+01,2.095619e+01,2.106061e+01,2.093530e+01,2.097709e+01,2.106756e+01,2.087956e+01,2.085168e+01,2.106756e+01,2.106061e+01,2.087956e+01,2.103973e+01,2.110234e+01,2.092137e+01,2.093530e+01,2.101885e+01,2.099797e+01,2.092833e+01,2.092137e+01,2.096316e+01,2.097709e+01,2.097012e+01,2.096316e+01,2.096316e+01,2.097709e+01,2.110929e+01,2.099797e+01,2.104669e+01,2.103973e+01,2.105365e+01,2.125522e+01,2.106061e+01,2.097012e+01,2.111625e+01,2.106061e+01,2.106061e+01,2.108148e+01,2.106061e+01,2.115101e+01,2.102581e+01,2.106061e+01,2.106061e+01,2.110234e+01,2.106061e+01,2.104669e+01,2.109539e+01,2.106061e+01,2.098405e+01,2.096316e+01,2.113015e+01,2.111625e+01,2.109539e+01,2.110929e+01,2.115101e+01,2.122744e+01,2.120660e+01,2.119966e+01,2.121355e+01,2.102581e+01,2.113015e+01,2.107452e+01,2.108148e+01,2.110929e+01,2.115796e+01,2.122744e+01,2.117881e+01,2.115796e+01,2.117881e+01,2.113711e+01,2.108843e+01,2.114406e+01,2.117186e+01,2.119271e+01,2.119271e+01,2.117186e+01,2.108843e+01,2.110234e+01,2.113015e+01,2.110929e+01,2.108843e+01,2.115101e+01,2.117186e+01,2.115796e+01,2.122744e+01,2.111625e+01,2.115796e+01,2.116491e+01,2.117186e+01,2.120660e+01,2.118576e+01,2.119966e+01,2.127605e+01,2.118576e+01,2.123439e+01,2.135933e+01,2.135933e+01,2.151875e+01,2.137320e+01,2.159490e+01,2.153260e+01,2.156029e+01,2.171940e+01,2.177468e+01,2.172631e+01,2.174013e+01,2.174013e+01,2.174013e+01,2.180231e+01,2.182303e+01,2.169175e+01,2.169866e+01,2.166409e+01,2.166409e+01,2.167100e+01,2.153260e+01,2.159490e+01,2.167792e+01,2.162258e+01,2.156029e+01,2.170557e+01,2.166409e+01,2.163642e+01,2.154645e+01,2.160182e+01,2.165717e+01,2.153260e+01,2.156029e+01,2.149104e+01,2.165025e+01,2.147025e+01,2.152567e+01,2.148411e+01,2.165025e+01,2.149104e+01,2.149796e+01,2.149104e+01,2.161566e+01,2.149104e+01,2.147718e+01,2.147718e+01,2.149796e+01,2.144253e+01,2.144946e+01,2.158798e+01,2.147025e+01,2.135239e+01,2.147718e+01,2.159490e+01,2.164334e+01,2.147718e+01,2.137320e+01,2.144253e+01,2.144253e+01,2.142867e+01,2.149104e+01,2.143560e+01,2.143560e+01,2.142867e+01,2.138013e+01,2.139400e+01,2.147025e+01,2.139400e+01,2.141480e+01,2.098405e+01,2.140094e+01,2.142174e+01,2.132464e+01,2.134545e+01,2.137320e+01,2.144946e+01,2.138707e+01,2.128993e+01,2.128299e+01,2.128299e+01,2.130382e+01,2.147718e+01,2.138707e+01,2.126217e+01,2.135933e+01,2.131076e+01,2.153260e+01,2.127605e+01,2.135239e+01,2.138707e+01,2.131770e+01,2.141480e+01,2.131770e+01,2.140787e+01,2.138707e+01,2.148411e+01,2.146332e+01,2.140787e+01,2.141480e+01,2.135239e+01,2.149104e+01,2.139400e+01,2.145639e+01,2.141480e+01,2.140094e+01,2.134545e+01,2.139400e+01,2.147718e+01,2.151875e+01,2.134545e+01,2.147025e+01,2.146332e+01,2.143560e+01,2.147718e+01,2.133851e+01,2.138707e+01,2.131770e+01,2.138707e+01,2.135933e+01,2.142174e+01,2.125522e+01,2.126911e+01,2.122744e+01,2.130382e+01,2.122744e+01,2.134545e+01,2.134545e+01,2.114406e+01,2.111625e+01,2.118576e+01,2.121355e+01,2.119271e+01,2.127605e+01,2.128993e+01,2.126217e+01,2.131076e+01,2.131076e+01,2.106756e+01,2.113711e+01,2.110929e+01,2.106756e+01,2.126911e+01,2.105365e+01,2.119271e+01,2.102581e+01,2.106061e+01,2.108148e+01,2.108843e+01,2.100493e+01,2.108148e+01,2.108843e+01,2.085865e+01,2.090743e+01,2.094923e+01,2.085168e+01,2.100493e+01,2.110929e+01,2.093530e+01,2.096316e+01,2.098405e+01,2.095619e+01,2.102581e+01,2.103973e+01,2.092833e+01,2.094923e+01,2.097709e+01,2.108843e+01,2.098405e+01,2.092137e+01,2.108843e+01,2.115101e+01,2.118576e+01,2.124828e+01,2.115796e+01,2.118576e+01,2.118576e+01,2.126911e+01,2.124828e+01,2.130382e+01,2.125522e+01,2.128993e+01,2.142174e+01,2.129688e+01,2.149104e+01,2.134545e+01,2.129688e+01,2.138707e+01,2.144253e+01,2.131770e+01,2.137320e+01,2.150489e+01,2.156721e+01,2.119966e+01,2.141480e+01,2.153260e+01,2.152567e+01,2.153260e+01,2.162950e+01,2.161566e+01,2.153952e+01,2.144253e+01,2.158798e+01,2.149104e+01,2.149796e+01,2.152567e+01,2.155337e+01,2.159490e+01,2.155337e+01,2.148411e+01,2.149104e+01,2.142174e+01,2.159490e+01,2.158798e+01,2.158106e+01,2.160874e+01,2.156721e+01,2.168483e+01,2.156721e+01,2.180922e+01,2.166409e+01,2.148411e+01,2.164334e+01,2.169866e+01,2.167100e+01,2.163642e+01,2.161566e+01,2.139400e+01
2.169175e+01,2.182303e+01,2.187825e+01,2.183684e+01,2.184374e+01,2.185755e+01,2.185755e+01,2.181612e+01,2.194725e+01,2.184374e+01,2.190586e+01,2.200241e+01,2.204376e+01,2.205754e+01,2.196104e+01,2.189206e+01,2.193345e+01,2.192655e+01,2.197483e+01,2.194725e+01,2.189896e+01,2.199551e+01,2.194035e+01,2.185755e+01,2.189206e+01,2.194725e+01,2.216771e+01,2.176086e+01,2.182993e+01,2.180922e+01,2.185755e+01,2.182303e+01,2.185755e+01,2.178850e+01,2.185065e+01,2.179540e+01,2.178850e+01,2.182303e+01,2.184374e+01,2.194725e+01,2.181612e+01,2.182303e+01,2.185065e+01,2.191276e+01,2.177468e+01,2.175395e+01,2.174013e+01,2.180231e+01,2.169175e+01,2.167792e+01,2.180922e+01,2.176086e+01,2.172631e+01,2.177468e+01,2.171940e+01,2.178850e+01,2.158106e+01,2.185065e+01,2.174704e+01,2.176777e+01,2.164334e+01,2.171248e+01,2.171940e+01,2.148411e+01,2.175395e+01,2.178159e+01,2.188516e+01,2.186445e+01,2.181612e+01,2.181612e+01,2.178159e+01,2.184374e+01,2.182993e+01,2.184374e+01,2.190586e+01,2.168483e+01,2.172631e+01,2.171940e+01,2.169866e+01,2.176777e+01,2.167792e+01,2.180231e+01,2.171248e+01,2.175395e+01,2.185065e+01,2.178159e+01,2.175395e+01,2.175395e+01,2.180231e+01,2.180922e+01,2.172631e+01,2.180922e+01,2.186445e+01,2.174013e+01,2.187135e+01,2.182993e+01,2.176777e+01,2.196793e+01,2.184374e+01,2.187825e+01,2.181612e+01,2.167792e+01,2.182303e+01,2.182303e+01,2.183684e+01,2.181612e+01,2.186445e+01,2.177468e+01,2.191965e+01,2.183684e+01,2.189896e+01,2.189206e+01,2.187825e+01,2.187825e+01,2.187825e+01,2.189896e+01,2.195414e+01,2.191965e+01,2.187135e+01,2.189896e+01,2.196793e+01,2.177468e+01,2.186445e+01,2.180231e+01,2.176777e+01,2.181612e+01,2.178850e+01,2.187135e+01,2.184374e+01,2.186445e+01,2.177468e+01,2.191276e+01,2.190586e+01,2.189206e+01,2.195414e+01,2.199551e+01,2.198862e+01,2.194035e+01,2.202997e+01,2.211263e+01,2.221587e+01,2.215394e+01,2.214706e+01,2.224338e+01,2.218147e+01,2.216082e+01,2.218835e+01,2.223650e+01,2.239456e+01,2.233274e+01,2.238082e+01,2.240829e+01,2.266886e+01,2.281941e+01,2.273732e+01,2.283309e+01,2.288777e+01,2.292194e+01,2.292194e+01,2.309940e+01,2.313350e+01,2.307894e+01,2.304483e+01,2.321527e+01,2.318802e+01,2.330379e+01,2.331740e+01,2.323571e+01,2.343983e+01,2.356211e+01,2.341944e+01,2.346701e+01,2.338544e+01,2.352816e+01,2.372492e+01,2.351457e+01,2.356890e+01,2.354853e+01,2.383332e+01,2.351457e+01,2.355532e+01,2.357569e+01,2.369781e+01,2.352816e+01,2.354853e+01,2.381301e+01,2.357569e+01,2.350099e+01,2.356890e+01,2.351457e+01,2.361641e+01,2.347381e+01,2.344662e+01,2.337864e+01,2.337864e+01,2.314713e+01,2.329018e+01,2.328337e+01,2.296292e+01,2.302436e+01,2.287410e+01,2.270994e+01,2.257294e+01,2.238082e+01,2.203687e+01,2.197483e+01,2.161566e+01,2.158798e+01,2.141480e+01,2.138707e+01,2.126911e+01,2.128299e+01,2.125522e+01,2.139400e+01,2.131770e+01,2.138707e+01,2.132464e+01,2.132464e+01,2.131076e+01,2.133158e+01,2.132464e+01,2.117881e+01,2.128299e+01,2.119966e+01,2.132464e+01,2.108843e+01,2.126911e+01,2.124133e+01,2.124133e+01,2.103973e+01,2.119271e+01,2.119271e+01,2.119271e+01,2.117186e+01,2.117881e+01,2.119271e+01,2.133851e+01,2.115101e+01,2.119966e+01,2.121355e+01,2.123439e+01,2.119271e+01,2.118576e+01,2.108148e+01,2.122744e+01,2.109539e+01,2.110234e+01,2.106061e+01,2.105365e+01,2.110234e+01,2.097709e+01,2.106756e+01,2.110234e+01,2.097709e+01,2.101885e+01,2.101189e+01,2.099101e+01,2.101189e+01,2.106061e+01,2.097709e+01,2.092833e+01,2.094226e+01,2.096316e+01,2.104669e+01,2.094226e+01,2.094226e+01,2.092137e+01,2.099101e+01,2.108148e+01,2.099101e+01,2.101189e+01,2.108843e+01,2.107452e+01,2.115101e+01,2.112320e+01,2.101189e+01,2.113711e+01,2.097012e+01,2.097012e+01,2.106061e+01,2.113015e+01,2.114406e+01,2.113015e+01,2.101885e+01,2.108843e+01,2.103973e+01,2.103973e+01,2.106756e+01,2.099797e+01,2.105365e+01,2.100493e+01,2.092833e+01,2.106756e+01,2.101885e+01,2.097012e+01,2.110234e+01,2.094226e+01,2.105365e+01,2.099797e+01,2.101885e+01,2.097012e+01,2.103973e+01,2.097012e+01,2.105365e+01,2.105365e+01,2.106061e+01,2.094226e+01,2.091440e+01,2.080984e+01,2.102581e+01,2.101189e+01,2.108148e+01,2.097709e+01,2.089350e+01,2.093530e+01,2.090743e+01,2.091440e+01,2.101189e+01,2.106061e+01,2.096316e+01,2.090047e+01,2.097012e+01,2.101885e+01,2.091440e+01,2.097012e+01,2.103973e+01,2.083773e+01,2.099797e+01,2.099797e+01,2.091440e+01,2.102581e+01,2.092137e+01,2.087956e+01,2.102581e+01,2.092137e+01,2.090047e+01,2.090047e+01,2.092833e+01,2.097709e+01,2.086562e+01,2.099101e+01,2.103973e+01,2.108843e+01,2.106061e+01,2.117186e+01,2.110929e+01,2.100493e+01,2.118576e+01,2.114406e+01,2.116491e+01,2.115796e+01,2.107452e+01,2.128299e+01,2.117186e+01,2.113015e+01,2.121355e+01,2.113015e+01,2.110234e+01,2.106756e+01,2.118576e+01,2.113015e+01,2.117186e+01,2.111625e+01,2.119966e+01,2.106061e+01,2.110929e+01,2.113711e+01,2.130382e+01,2.114406e+01,2.103973e+01,2.115796e+01,2.114406e+01,2.123439e+01,2.117881e+01,2.123439e+01,2.105365e+01,2.106756e+01,2.123439e+01,2.106061e+01,2.133158e+01,2.106061e+01,2.119966e+01,2.124133e+01,2.122744e+01,2.121355e+01,2.117186e+01,2.126217e+01,2.114406e+01,2.112320e+01,2.117186e+01,2.115101e+01,2.103973e+01,2.112320e+01,2.110929e+01,2.106061e+01,2.110929e+01,2.114406e+01,2.115101e+01,2.101189e+01,2.106756e+01,2.122744e+01,2.119966e+01,2.119966e+01,2.114406e+01,2.118576e+01,2.098405e+01,2.119271e+01,2.110234e+01,2.122744e+01,2.110929e+01,2.126911e+01,2.132464e+01,2.122744e+01,2.137320e+01,2.137320e+01,2.132464e+01,2.161566e+01,2.162258e+01,2.160182e+01,2.167792e+01,2.166409e+01,2.167792e+01,2.171248e+01,2.169866e+01,2.176777e+01,2.180922e+01,2.177468e+01,2.172631e+01,2.165717e+01,2.169866e+01,2.176086e+01,2.167792e+01,2.174013e+01,2.156721e+01,2.162950e+01,2.162950e+01,2.174704e+01,2.161566e+01,2.162258e+01,2.160182e+01,2.173322e+01,2.156721e+01,2.169175e+01,2.159490e+01,2.162950e+01,2.159490e+01,2.161566e+01,2.160182e+01,2.163642e+01,2.160182e+01,2.157414e+01,2.160874e+01,2.149104e+01,2.146332e+01,2.165717e+01,2.156721e+01,2.152567e+01,2.147025e+01,2.153952e+01,2.151182e+01,2.146332e+01,2.153260e+01,2.144946e+01,2.152567e+01,2.154645e+01,2.150489e+01,2.154645e+01,2.140094e+01,2.156721e+01,2.151182e+01,2.157414e+01,2.144253e+01,2.149796e+01,2.142174e+01,2.144253e+01,2.152567e+01,2.141480e+01,2.155337e+01,2.135239e+01,2.134545e+01,2.119966e+01,2.144253e+01,2.145639e+01,2.141480e+01,2.140787e+01,2.150489e+01,2.148411e+01,2.133158e+01,2.145639e+01,2.148411e+01,2.132464e+01,2.139400e+01,2.131076e+01,2.138707e+01,2.126217e+01,2.122744e+01,2.133158e+01,2.132464e+01,2.132464e+01,2.138013e+01,2.135239e+01,2.131770e+01,2.148411e+01,2.144946e+01,2.141480e+01,2.148411e+01,2.135239e+01,2.137320e+01,2.163642e+01,2.144253e+01,2.144946e+01,2.133158e+01,2.133158e+01,2.147718e+01,2.137320e+01,2.138013e+01,2.145639e+01,2.160182e+01,2.146332e+01,2.153260e+01,2.156721e+01,2.154645e+01,2.144946e+01,2.147025e+01,2.149104e+01,2.150489e+01,2.150489e+01,2.134545e+01,2.144946e+01,2.133158e+01,2.142867e+01,2.133851e+01,2.137320e+01,2.138013e+01,2.124828e+01,2.140094e+01,2.138707e+01,2.135933e+01,2.124133e+01,2.134545e+01,2.122744e+01,2.126217e+01,2.136626e+01,2.131076e+01,2.129688e+01,2.128299e+01,2.125522e+01,2.117186e+01,2.115796e+01,2.143560e+01,2.129688e+01,2.127605e+01,2.122744e+01,2.124133e+01,2.110234e+01,2.100493e+01,2.099101e+01,2.109539e+01,2.107452e+01,2.106756e+01,2.107452e+01,2.096316e+01,2.110234e+01,2.099797e+01,2.105365e+01,2.111625e+01,2.097709e+01,2.113711e+01,2.099101e+01,2.105365e+01,2.099101e+01,2.123439e+01,2.102581e+01,2.102581e+01,2.107452e+01,2.108843e+01,2.107452e+01,2.110234e+01,2.110929e+01,2.103277e+01,2.110234e+01,2.094923e+01,2.115796e+01,2.115101e+01,2.111625e+01,2.115101e+01,2.126911e+01,2.131770e+01,2.119966e+01,2.126911e+01,2.126911e+01,2.112320e+01,2.133158e+01,2.120660e+01,2.153952e+01,2.132464e+01,2.120660e+01,2.136626e+01,2.148411e+01,2.143560e+01,2.148411e+01,2.138707e+01,2.137320e+01,2.155337e+01,2.158106e+01,2.156721e+01,2.159490e+01,2.163642e+01,2.153260e+01,2.160182e+01,2.146332e+01,2.153952e+01,2.162258e+01,2.160182e+01,2.164334e+01,2.167100e+01,2.155337e+01,2.184374e+01,2.158106e+01,2.151875e+01,2.147718e+01,2.153952e+01,2.149796e+01,2.149104e+01,2.160182e+01,2.186445e+01,2.157414e+01,2.175395e+01,2.159490e+01,2.165025e+01,2.156029e+01,2.162950e+01,2.167792e+01,2.151182e+01,2.169866e+01,2.166409e+01,2.178850e+01,2.170557e+01,2.158106e+01,2.149104e+01
2.180922e+01,2.187135e+01,2.186445e+01,2.187135e+01,2.185065e+01,2.186445e+01,2.185065e+01,2.180231e+01,2.181612e+01,2.185755e+01,2.191965e+01,2.179540e+01,2.194725e+01,2.197483e+01,2.198172e+01,2.189206e+01,2.194035e+01,2.188516e+01,2.193345e+01,2.196793e+01,2.211952e+01,2.180922e+01,2.180922e+01,2.188516e+01,2.187825e+01,2.176086e+01,2.176777e+01,2.180231e+01,2.180922e+01,2.178850e+01,2.186445e+01,2.178850e+01,2.182303e+01,2.182303e+01,2.182993e+01,2.170557e+01,2.196793e+01,2.172631e+01,2.182993e+01,2.173322e+01,2.182303e+01,2.174704e+01,2.182993e+01,2.178850e+01,2.199551e+01,2.178159e+01,2.178850e+01,2.175395e+01,2.175395e+01,2.170557e+01,2.169175e+01,2.165717e+01,2.161566e+01,2.176086e+01,2.174013e+01,2.173322e+01,2.156721e+01,2.171940e+01,2.160874e+01,2.162950e+01,2.174704e+01,2.167792e+01,2.179540e+01,2.167792e+01,2.186445e+01,2.184374e+01,2.171248e+01,2.169175e+01,2.168483e+01,2.171248e+01,2.167792e+01,2.177468e+01,2.175395e+01,2.169175e+01,2.165025e+01,2.165717e+01,2.174013e+01,2.185065e+01,2.169175e+01,2.176086e+01,2.166409e+01,2.181612e+01,2.175395e+01,2.167792e+01,2.189206e+01,2.175395e+01,2.178159e+01,2.184374e+01,2.172631e+01,2.184374e+01,2.176777e+01,2.181612e+01,2.181612e+01,2.178850e+01,2.169175e+01,2.185755e+01,2.169175e+01,2.173322e+01,2.184374e+01,2.170557e+01,2.176777e+01,2.182993e+01,2.185755e+01,2.167100e+01,2.180922e+01,2.184374e+01,2.171940e+01,2.187825e+01,2.180922e+01,2.169866e+01,2.178159e+01,2.178850e+01,2.185755e+01,2.181612e+01,2.178850e+01,2.194035e+01,2.187825e+01,2.178850e+01,2.187825e+01,2.187135e+01,2.198172e+01,2.178159e+01,2.195414e+01,2.189206e+01,2.178159e+01,2.192655e+01,2.176086e+01,2.184374e+01,2.171940e+01,2.188516e+01,2.178159e+01,2.171248e+01,2.169866e+01,2.172631e+01,2.183684e+01,2.183684e+01,2.181612e+01,2.191965e+01,2.188516e+01,2.200930e+01,2.202997e+01,2.214017e+01,2.210575e+01,2.214017e+01,2.205065e+01,2.218835e+01,2.231212e+01,2.224338e+01,2.223650e+01,2.228463e+01,2.237395e+01,2.240142e+01,2.231212e+01,2.262776e+01,2.279206e+01,2.282625e+01,2.279889e+01,2.290144e+01,2.288777e+01,2.296292e+01,2.302436e+01,2.303118e+01,2.298340e+01,2.304483e+01,2.316076e+01,2.316076e+01,2.318121e+01,2.325614e+01,2.335143e+01,2.333782e+01,2.339904e+01,2.339904e+01,2.338544e+01,2.360962e+01,2.346022e+01,2.360283e+01,2.356890e+01,2.345342e+01,2.348060e+01,2.346022e+01,2.348740e+01,2.350099e+01,2.363676e+01,2.341264e+01,2.346022e+01,2.353495e+01,2.352816e+01,2.354853e+01,2.343983e+01,2.349419e+01,2.344662e+01,2.343303e+01,2.322890e+01,2.341264e+01,2.326976e+01,2.318802e+01,2.313350e+01,2.303118e+01,2.302436e+01,2.303118e+01,2.275101e+01,2.257979e+01,2.249065e+01,2.239456e+01,2.204376e+01,2.185755e+01,2.178159e+01,2.162950e+01,2.149796e+01,2.133158e+01,2.133158e+01,2.126911e+01,2.125522e+01,2.118576e+01,2.122744e+01,2.123439e+01,2.111625e+01,2.131770e+01,2.126911e+01,2.131076e+01,2.124133e+01,2.117881e+01,2.119966e+01,2.106061e+01,2.112320e+01,2.108843e+01,2.108148e+01,2.110929e+01,2.110234e+01,2.110234e+01,2.103973e+01,2.122050e+01,2.105365e+01,2.147718e+01,2.120660e+01,2.106756e+01,2.120660e+01,2.116491e+01,2.119271e+01,2.124133e+01,2.108148e+01,2.121355e+01,2.106061e+01,2.106756e+01,2.107452e+01,2.108148e+01,2.105365e+01,2.108148e+01,2.107452e+01,2.107452e+01,2.084470e+01,2.106756e+01,2.097709e+01,2.099797e+01,2.105365e+01,2.101885e+01,2.101189e+01,2.099101e+01,2.099101e+01,2.099101e+01,2.101885e+01,2.101885e+01,2.098405e+01,2.102581e+01,2.095619e+01,2.097012e+01,2.104669e+01,2.099101e+01,2.103973e+01,2.099101e+01,2.108148e+01,2.098405e+01,2.107452e+01,2.102581e+01,2.099797e+01,2.098405e+01,2.093530e+01,2.107452e+01,2.108843e+01,2.103277e+01,2.112320e+01,2.113015e+01,2.098405e+01,2.083076e+01,2.098405e+01,2.098405e+01,2.106061e+01,2.095619e+01,2.099101e+01,2.116491e+01,2.095619e+01,2.098405e+01,2.101885e+01,2.097709e+01,2.104669e+01,2.097709e+01,2.097012e+01,2.096316e+01,2.099101e+01,2.097012e+01,2.087259e+01,2.100493e+01,2.088653e+01,2.101189e+01,2.096316e+01,2.104669e+01,2.093530e+01,2.104669e+01,2.101885e+01,2.094226e+01,2.099101e+01,2.101189e+01,2.101885e+01,2.094226e+01,2.092833e+01,2.090047e+01,2.097709e+01,2.100493e+01,2.101885e+01,2.093530e+01,2.097012e+01,2.092137e+01,2.097012e+01,2.098405e+01,2.107452e+01,2.090047e+01,2.084470e+01,2.089350e+01,2.090047e+01,2.076798e+01,2.093530e+01,2.092137e+01,2.087956e+01,2.119271e+01,2.094226e+01,2.092137e+01,2.086562e+01,2.094226e+01,2.098405e+01,2.099797e+01,2.102581e+01,2.101885e+01,2.100493e+01,2.106061e+01,2.118576e+01,2.117881e+01,2.119966e+01,2.122050e+01,2.119271e+01,2.118576e+01,2.132464e+01,2.129688e+01,2.110234e+01,2.116491e+01,2.125522e+01,2.116491e+01,2.128299e+01,2.117186e+01,2.121355e+01,2.122744e+01,2.108843e+01,2.108843e+01,2.106756e+01,2.122050e+01,2.117881e+01,2.106756e+01,2.113015e+01,2.116491e+01,2.112320e+01,2.110234e+01,2.124828e+01,2.117881e+01,2.102581e+01,2.106756e+01,2.122050e+01,2.120660e+01,2.112320e+01,2.122050e+01,2.119966e+01,2.106756e+01,2.119966e+01,2.108843e+01,2.118576e+01,2.103277e+01,2.115796e+01,2.124828e+01,2.115101e+01,2.110234e+01,2.105365e+01,2.122744e+01,2.115796e+01,2.110929e+01,2.114406e+01,2.109539e+01,2.103973e+01,2.105365e+01,2.109539e+01,2.113015e+01,2.114406e+01,2.116491e+01,2.118576e+01,2.118576e+01,2.114406e+01,2.119966e+01,2.101189e+01,2.097012e+01,2.110929e+01,2.117881e+01,2.112320e+01,2.121355e+01,2.126911e+01,2.136626e+01,2.131770e+01,2.127605e+01,2.131770e+01,2.138013e+01,2.139400e+01,2.153952e+01,2.155337e+01,2.159490e+01,2.170557e+01,2.158798e+01,2.160182e+01,2.170557e+01,2.180231e+01,2.170557e+01,2.176086e+01,2.160874e+01,2.180922e+01,2.160182e+01,2.156721e+01,2.165025e+01,2.176086e+01,2.164334e+01,2.155337e+01,2.157414e+01,2.154645e+01,2.156029e+01,2.151182e+01,2.165025e+01,2.162258e+01,2.163642e+01,2.156029e+01,2.165717e+01,2.160182e+01,2.155337e+01,2.156029e+01,2.161566e+01,2.153260e+01,2.153952e+01,2.174013e+01,2.160182e+01,2.149104e+01,2.160874e+01,2.160182e+01,2.156029e+01,2.152567e+01,2.153952e+01,2.149796e+01,2.153260e+01,2.154645e+01,2.144253e+01,2.147025e+01,2.167100e+01,2.146332e+01,2.151182e+01,2.157414e+01,2.132464e+01,2.148411e+01,2.149796e+01,2.153260e+01,2.146332e+01,2.153952e+01,2.140094e+01,2.139400e+01,2.144253e+01,2.140094e+01,2.144253e+01,2.149104e+01,2.145639e+01,2.140094e+01,2.144946e+01,2.145639e+01,2.143560e+01,2.142174e+01,2.138707e+01,2.137320e+01,2.144253e+01,2.138013e+01,2.129688e+01,2.133158e+01,2.128299e+01,2.137320e+01,2.126911e+01,2.130382e+01,2.127605e+01,2.126911e+01,2.151182e+01,2.126217e+01,2.133158e+01,2.129688e+01,2.137320e+01,2.140094e+01,2.133851e+01,2.133851e+01,2.133851e+01,2.137320e+01,2.144946e+01,2.137320e+01,2.142174e+01,2.134545e+01,2.143560e+01,2.137320e+01,2.141480e+01,2.135933e+01,2.151875e+01,2.138707e+01,2.136626e+01,2.159490e+01,2.155337e+01,2.146332e+01,2.142174e+01,2.129688e+01,2.151182e+01,2.144946e+01,2.160182e+01,2.149104e+01,2.138707e+01,2.144946e+01,2.145639e+01,2.132464e+01,2.132464e+01,2.147718e+01,2.126217e+01,2.140787e+01,2.141480e+01,2.138013e+01,2.122050e+01,2.132464e+01,2.119271e+01,2.125522e+01,2.132464e+01,2.128299e+01,2.124828e+01,2.143560e+01,2.128993e+01,2.117881e+01,2.127605e+01,2.114406e+01,2.122744e+01,2.108843e+01,2.106061e+01,2.113711e+01,2.107452e+01,2.131076e+01,2.118576e+01,2.108843e+01,2.121355e+01,2.110929e+01,2.113015e+01,2.109539e+01,2.109539e+01,2.110929e+01,2.122744e+01,2.103973e+01,2.109539e+01,2.117881e+01,2.111625e+01,2.117881e+01,2.126217e+01,2.103277e+01,2.100493e+01,2.103973e+01,2.101885e+01,2.090047e+01,2.113015e+01,2.103973e+01,2.124828e+01,2.106061e+01,2.120660e+01,2.111625e+01,2.119271e+01,2.115796e+01,2.135933e+01,2.124133e+01,2.119271e+01,2.126217e+01,2.133158e+01,2.130382e+01,2.117881e+01,2.137320e+01,2.134545e+01,2.144946e+01,2.134545e+01,2.150489e+01,2.137320e+01,2.135933e+01,2.151875e+01,2.141480e+01,2.144946e+01,2.140094e+01,2.153260e+01,2.156029e+01,2.152567e+01,2.152567e+01,2.153260e+01,2.156721e+01,2.141480e+01,2.153952e+01,2.150489e+01,2.151182e+01,2.143560e+01,2.147025e+01,2.160182e+01,2.138707e+01,2.154645e+01,2.156721e+01,2.154645e+01,2.154645e+01,2.157414e+01,2.158106e+01,2.180922e+01,2.153952e+01,2.158798e+01,2.165717e+01,2.160182e+01,2.147025e+01,2.169866e+01,2.167792e+01,2.170557e+01,2.162950e+01,2.157414e+01,2.164334e+01,2.151182e+01,2.169866e+01,2.163642e+01,2.162258e+01,2.163642e+01,2.158798e+01,2.156029e+01
2.197483e+01,2.189896e+01,2.191965e+01,2.160182e+01,2.194725e+01,2.180922e+01,2.189206e+01,2.179540e+01,2.175395e+01,2.195414e+01,2.193345e+01,2.196104e+01,2.203687e+01,2.196104e+01,2.189206e+01,2.196104e+01,2.191276e+01,2.177468e+01,2.191276e+01,2.178159e+01,2.188516e+01,2.179540e+01,2.176777e+01,2.171940e+01,2.186445e+01,2.196793e+01,2.187825e+01,2.190586e+01,2.188516e+01,2.180231e+01,2.181612e+01,2.171940e+01,2.176086e+01,2.175395e+01,2.169175e+01,2.182993e+01,2.171248e+01,2.170557e+01,2.173322e+01,2.173322e+01,2.184374e+01,2.178159e+01,2.196793e+01,2.175395e+01,2.197483e+01,2.175395e+01,2.180922e+01,2.179540e+01,2.148411e+01,2.176777e+01,2.182993e+01,2.171940e+01,2.174013e+01,2.169175e+01,2.156721e+01,2.187135e+01,2.167792e+01,2.174704e+01,2.173322e+01,2.174013e+01,2.171248e+01,2.165025e+01,2.176086e+01,2.163642e+01,2.173322e+01,2.174704e+01,2.167792e+01,2.174704e+01,2.166409e+01,2.187135e+01,2.170557e+01,2.176086e+01,2.167792e+01,2.171940e+01,2.169175e+01,2.170557e+01,2.171940e+01,2.176777e+01,2.163642e+01,2.174704e+01,2.164334e+01,2.178159e+01,2.181612e+01,2.177468e+01,2.178159e+01,2.180922e+01,2.181612e+01,2.176777e+01,2.178850e+01,2.185065e+01,2.168483e+01,2.185755e+01,2.180922e+01,2.180922e+01,2.164334e+01,2.184374e+01,2.167792e+01,2.179540e+01,2.176086e+01,2.189206e+01,2.180922e+01,2.182993e+01,2.176777e+01,2.172631e+01,2.184374e+01,2.169866e+01,2.173322e+01,2.173322e+01,2.174013e+01,2.178850e+01,2.173322e+01,2.182303e+01,2.188516e+01,2.184374e+01,2.186445e+01,2.192655e+01,2.178159e+01,2.183684e+01,2.196104e+01,2.180231e+01,2.191965e+01,2.179540e+01,2.178850e+01,2.179540e+01,2.178159e+01,2.176777e+01,2.187135e+01,2.179540e+01,2.180231e+01,2.179540e+01,2.182303e+01,2.182993e+01,2.185065e+01,2.179540e+01,2.183684e+01,2.176777e+01,2.190586e+01,2.185755e+01,2.200241e+01,2.196793e+01,2.207131e+01,2.200241e+01,2.194035e+01,2.214017e+01,2.205065e+01,2.221587e+01,2.207131e+01,2.220211e+01,2.229151e+01,2.227088e+01,2.238082e+01,2.236022e+01,2.238082e+01,2.242202e+01,2.275101e+01,2.266201e+01,2.280573e+01,2.281257e+01,2.279889e+01,2.288094e+01,2.292877e+01,2.299023e+01,2.308576e+01,2.300388e+01,2.303118e+01,2.316758e+01,2.326976e+01,2.317439e+01,2.313350e+01,2.327656e+01,2.332421e+01,2.325614e+01,2.339224e+01,2.339224e+01,2.346022e+01,2.331740e+01,2.336503e+01,2.347381e+01,2.340584e+01,2.334462e+01,2.336503e+01,2.342623e+01,2.326295e+01,2.334462e+01,2.345342e+01,2.346701e+01,2.339224e+01,2.341264e+01,2.340584e+01,2.341944e+01,2.324933e+01,2.330379e+01,2.324252e+01,2.304483e+01,2.320846e+01,2.304483e+01,2.299706e+01,2.301071e+01,2.302436e+01,2.289461e+01,2.252494e+01,2.264831e+01,2.244948e+01,2.233961e+01,2.194035e+01,2.185065e+01,2.175395e+01,2.162950e+01,2.143560e+01,2.131076e+01,2.129688e+01,2.103277e+01,2.135239e+01,2.122050e+01,2.119966e+01,2.116491e+01,2.129688e+01,2.117186e+01,2.108148e+01,2.122050e+01,2.122744e+01,2.113711e+01,2.118576e+01,2.123439e+01,2.111625e+01,2.108843e+01,2.111625e+01,2.124133e+01,2.108843e+01,2.108148e+01,2.108148e+01,2.108843e+01,2.099101e+01,2.115101e+01,2.115796e+01,2.108843e+01,2.113015e+01,2.115796e+01,2.109539e+01,2.104669e+01,2.106756e+01,2.106061e+01,2.106756e+01,2.107452e+01,2.101189e+01,2.106061e+01,2.108148e+01,2.103973e+01,2.101189e+01,2.104669e+01,2.103277e+01,2.099101e+01,2.106756e+01,2.091440e+01,2.101885e+01,2.105365e+01,2.096316e+01,2.103277e+01,2.101189e+01,2.098405e+01,2.108148e+01,2.097709e+01,2.109539e+01,2.100493e+01,2.098405e+01,2.103973e+01,2.101189e+01,2.095619e+01,2.110929e+01,2.103277e+01,2.096316e+01,2.108843e+01,2.102581e+01,2.101885e+01,2.103277e+01,2.097709e+01,2.098405e+01,2.103277e+01,2.107452e+01,2.099797e+01,2.108843e+01,2.108148e+01,2.096316e+01,2.110929e+01,2.094226e+01,2.095619e+01,2.100493e+01,2.097012e+01,2.097012e+01,2.117186e+01,2.101189e+01,2.104669e+01,2.104669e+01,2.104669e+01,2.095619e+01,2.096316e+01,2.092137e+01,2.103973e+01,2.103277e+01,2.105365e+01,2.105365e+01,2.107452e+01,2.095619e+01,2.090743e+01,2.108148e+01,2.097709e+01,2.102581e+01,2.086562e+01,2.099101e+01,2.098405e+01,2.092833e+01,2.097012e+01,2.088653e+01,2.089350e+01,2.096316e+01,2.094923e+01,2.085865e+01,2.089350e+01,2.085865e+01,2.097012e+01,2.088653e+01,2.096316e+01,2.087956e+01,2.097012e+01,2.094226e+01,2.087259e+01,2.088653e+01,2.089350e+01,2.085168e+01,2.094226e+01,2.096316e+01,2.089350e+01,2.096316e+01,2.092833e+01,2.087956e+01,2.095619e+01,2.096316e+01,2.097012e+01,2.096316e+01,2.100493e+01,2.101189e+01,2.099101e+01,2.103973e+01,2.103277e+01,2.114406e+01,2.112320e+01,2.119271e+01,2.119966e+01,2.110234e+01,2.116491e+01,2.131770e+01,2.131770e+01,2.133158e+01,2.112320e+01,2.126911e+01,2.120660e+01,2.117186e+01,2.108843e+01,2.113711e+01,2.108843e+01,2.108148e+01,2.110929e+01,2.108843e+01,2.109539e+01,2.117186e+01,2.124828e+01,2.110929e+01,2.117881e+01,2.109539e+01,2.108843e+01,2.108843e+01,2.104669e+01,2.101189e+01,2.105365e+01,2.119271e+01,2.122050e+01,2.108148e+01,2.119966e+01,2.112320e+01,2.113711e+01,2.107452e+01,2.119271e+01,2.113015e+01,2.108843e+01,2.113711e+01,2.114406e+01,2.122744e+01,2.109539e+01,2.107452e+01,2.104669e+01,2.119966e+01,2.114406e+01,2.116491e+01,2.101885e+01,2.103277e+01,2.113015e+01,2.113711e+01,2.112320e+01,2.103973e+01,2.099797e+01,2.120660e+01,2.101189e+01,2.106756e+01,2.097709e+01,2.103973e+01,2.109539e+01,2.108148e+01,2.103277e+01,2.115101e+01,2.110234e+01,2.117881e+01,2.128299e+01,2.129688e+01,2.120660e+01,2.134545e+01,2.149796e+01,2.145639e+01,2.153260e+01,2.149104e+01,2.174704e+01,2.164334e+01,2.163642e+01,2.162258e+01,2.168483e+01,2.180231e+01,2.169866e+01,2.169175e+01,2.165717e+01,2.176777e+01,2.169175e+01,2.166409e+01,2.160874e+01,2.157414e+01,2.162950e+01,2.156029e+01,2.156029e+01,2.156721e+01,2.165717e+01,2.168483e+01,2.162950e+01,2.153260e+01,2.148411e+01,2.169866e+01,2.151182e+01,2.156721e+01,2.151182e+01,2.157414e+01,2.163642e+01,2.156029e+01,2.152567e+01,2.154645e+01,2.151182e+01,2.159490e+01,2.158798e+01,2.158106e+01,2.131076e+01,2.159490e+01,2.151182e+01,2.148411e+01,2.147718e+01,2.147025e+01,2.160182e+01,2.145639e+01,2.148411e+01,2.146332e+01,2.154645e+01,2.135239e+01,2.146332e+01,2.144253e+01,2.156721e+01,2.149796e+01,2.145639e+01,2.151875e+01,2.144253e+01,2.142174e+01,2.142867e+01,2.145639e+01,2.144946e+01,2.162258e+01,2.135933e+01,2.138013e+01,2.142867e+01,2.138013e+01,2.141480e+01,2.122744e+01,2.137320e+01,2.138707e+01,2.132464e+01,2.132464e+01,2.135239e+01,2.142867e+01,2.140787e+01,2.134545e+01,2.146332e+01,2.131076e+01,2.142174e+01,2.135933e+01,2.131770e+01,2.140787e+01,2.137320e+01,2.137320e+01,2.147025e+01,2.133158e+01,2.138013e+01,2.128993e+01,2.144253e+01,2.145639e+01,2.148411e+01,2.147718e+01,2.153952e+01,2.149104e+01,2.135933e+01,2.138013e+01,2.145639e+01,2.142867e+01,2.133851e+01,2.148411e+01,2.151182e+01,2.160874e+01,2.153260e+01,2.146332e+01,2.154645e+01,2.151182e+01,2.139400e+01,2.167100e+01,2.150489e+01,2.141480e+01,2.140787e+01,2.147718e+01,2.135933e+01,2.146332e+01,2.131770e+01,2.143560e+01,2.137320e+01,2.128993e+01,2.143560e+01,2.142867e+01,2.130382e+01,2.141480e+01,2.128299e+01,2.121355e+01,2.129688e+01,2.135239e+01,2.131076e+01,2.126217e+01,2.120660e+01,2.126911e+01,2.130382e+01,2.124133e+01,2.126217e+01,2.126911e+01,2.126911e+01,2.128299e+01,2.126217e+01,2.123439e+01,2.124828e+01,2.121355e+01,2.108843e+01,2.128299e+01,2.108843e+01,2.106061e+01,2.106756e+01,2.115101e+01,2.110929e+01,2.101885e+01,2.103973e+01,2.106061e+01,2.104669e+01,2.103973e+01,2.104669e+01,2.110929e+01,2.113711e+01,2.115796e+01,2.103277e+01,2.113015e+01,2.110929e+01,2.117186e+01,2.117881e+01,2.116491e+01,2.136626e+01,2.114406e+01,2.116491e+01,2.111625e+01,2.119966e+01,2.110929e+01,2.115101e+01,2.122050e+01,2.117881e+01,2.126911e+01,2.144946e+01,2.144946e+01,2.152567e+01,2.133851e+01,2.138707e+01,2.130382e+01,2.128299e+01,2.137320e+01,2.145639e+01,2.149796e+01,2.155337e+01,2.138707e+01,2.142867e+01,2.136626e+01,2.144946e+01,2.149796e+01,2.149796e+01,2.147718e+01,2.160182e+01,2.158106e+01,2.159490e+01,2.152567e+01,2.151182e+01,2.150489e+01,2.156029e+01,2.162258e+01,2.156029e+01,2.155337e+01,2.150489e+01,2.151875e+01,2.143560e+01,2.147025e+01,2.151875e+01,2.158798e+01,2.153952e+01,2.162950e+01,2.156029e+01,2.164334e+01,2.172631e+01,2.153952e+01,2.159490e+01,2.165025e+01,2.160874e+01,2.153952e+01,2.161566e+01,2.161566e+01,2.165025e+01,2.160182e+01,2.162950e+01,2.159490e+01,2.158798e+01
2.198172e+01,2.190586e+01,2.182303e+01,2.170557e+01,2.163642e+01,2.176086e+01,2.194035e+01,2.208509e+01,2.194725e+01,2.182993e+01,2.192655e+01,2.191965e+01,2.191276e+01,2.200930e+01,2.187825e+01,2.195414e+01,2.195414e+01,2.187825e+01,2.186445e+01,2.187135e+01,2.196793e+01,2.186445e+01,2.176086e+01,2.176777e+01,2.184374e+01,2.178850e+01,2.185065e+01,2.181612e+01,2.178850e+01,2.189206e+01,2.187825e+01,2.179540e+01,2.180922e+01,2.176777e+01,2.171248e+01,2.179540e+01,2.176777e+01,2.184374e+01,2.174013e+01,2.181612e+01,2.185755e+01,2.178850e+01,2.181612e+01,2.194725e+01,2.171940e+01,2.176777e+01,2.182303e+01,2.171248e+01,2.170557e+01,2.174013e+01,2.165025e+01,2.190586e+01,2.167100e+01,2.173322e+01,2.179540e+01,2.177468e+01,2.187825e+01,2.171248e+01,2.174013e+01,2.175395e+01,2.172631e+01,2.168483e+01,2.175395e+01,2.176086e+01,2.181612e+01,2.178850e+01,2.172631e+01,2.170557e+01,2.162950e+01,2.169175e+01,2.162950e+01,2.151182e+01,2.170557e+01,2.180231e+01,2.180922e+01,2.180231e+01,2.169175e+01,2.163642e+01,2.166409e+01,2.173322e+01,2.176777e+01,2.179540e+01,2.175395e+01,2.168483e+01,2.170557e+01,2.176086e+01,2.176086e+01,2.160874e+01,2.177468e+01,2.172631e+01,2.181612e+01,2.163642e+01,2.180922e+01,2.187135e+01,2.180231e+01,2.180231e+01,2.186445e+01,2.171940e+01,2.174704e+01,2.173322e+01,2.182303e+01,2.181612e+01,2.180231e+01,2.168483e+01,2.187135e+01,2.178159e+01,2.180922e+01,2.178850e+01,2.180922e+01,2.175395e+01,2.187135e+01,2.172631e+01,2.182993e+01,2.185065e+01,2.188516e+01,2.186445e+01,2.182993e+01,2.178850e+01,2.181612e+01,2.183684e+01,2.200241e+01,2.176777e+01,2.176086e+01,2.182303e+01,2.202308e+01,2.202308e+01,2.185065e+01,2.178850e+01,2.180231e+01,2.182303e+01,2.180231e+01,2.180922e+01,2.177468e+01,2.193345e+01,2.194725e+01,2.192655e+01,2.195414e+01,2.185065e+01,2.183684e+01,2.198172e+01,2.200930e+01,2.197483e+01,2.211952e+01,2.207820e+01,2.207131e+01,2.217459e+01,2.202997e+01,2.202308e+01,2.223650e+01,2.231212e+01,2.230525e+01,2.237395e+01,2.231212e+01,2.239456e+01,2.242888e+01,2.274416e+01,2.257979e+01,2.264831e+01,2.277837e+01,2.290827e+01,2.287410e+01,2.289461e+01,2.292877e+01,2.296975e+01,2.299706e+01,2.299706e+01,2.301753e+01,2.321527e+01,2.304483e+01,2.324252e+01,2.310622e+01,2.326976e+01,2.334462e+01,2.330379e+01,2.326976e+01,2.335823e+01,2.331060e+01,2.335823e+01,2.339224e+01,2.351457e+01,2.333101e+01,2.339904e+01,2.329018e+01,2.326976e+01,2.335823e+01,2.324933e+01,2.340584e+01,2.336503e+01,2.323571e+01,2.326976e+01,2.336503e+01,2.333782e+01,2.324252e+01,2.314031e+01,2.314713e+01,2.300388e+01,2.302436e+01,2.298340e+01,2.301071e+01,2.290827e+01,2.270309e+01,2.258665e+01,2.246320e+01,2.208509e+01,2.206442e+01,2.200241e+01,2.178159e+01,2.156721e+01,2.144946e+01,2.129688e+01,2.131770e+01,2.117186e+01,2.127605e+01,2.113711e+01,2.116491e+01,2.116491e+01,2.124133e+01,2.112320e+01,2.111625e+01,2.108148e+01,2.118576e+01,2.115796e+01,2.108148e+01,2.122744e+01,2.106061e+01,2.090047e+01,2.126217e+01,2.111625e+01,2.106756e+01,2.110234e+01,2.099101e+01,2.100493e+01,2.114406e+01,2.117186e+01,2.111625e+01,2.106061e+01,2.118576e+01,2.109539e+01,2.120660e+01,2.102581e+01,2.103973e+01,2.103277e+01,2.099797e+01,2.104669e+01,2.087956e+01,2.101885e+01,2.103973e+01,2.107452e+01,2.103973e+01,2.097012e+01,2.100493e+01,2.093530e+01,2.106061e+01,2.099101e+01,2.103973e+01,2.098405e+01,2.099101e+01,2.101189e+01,2.097709e+01,2.099797e+01,2.115101e+01,2.096316e+01,2.109539e+01,2.109539e+01,2.103277e+01,2.106061e+01,2.098405e+01,2.099797e+01,2.116491e+01,2.101189e+01,2.106061e+01,2.098405e+01,2.106061e+01,2.108843e+01,2.103973e+01,2.100493e+01,2.115796e+01,2.094923e+01,2.098405e+01,2.097012e+01,2.099797e+01,2.096316e+01,2.090047e+01,2.087259e+01,2.097012e+01,2.099797e+01,2.101885e+01,2.108148e+01,2.103973e+01,2.099797e+01,2.099101e+01,2.113711e+01,2.105365e+01,2.094226e+01,2.094226e+01,2.097012e+01,2.090047e+01,2.095619e+01,2.101189e+01,2.091440e+01,2.108148e+01,2.089350e+01,2.103277e+01,2.100493e+01,2.098405e+01,2.082378e+01,2.098405e+01,2.080984e+01,2.097709e+01,2.093530e+01,2.097709e+01,2.090743e+01,2.090047e+01,2.094923e+01,2.080984e+01,2.087956e+01,2.091440e+01,2.094226e+01,2.090047e+01,2.087956e+01,2.098405e+01,2.092137e+01,2.086562e+01,2.096316e+01,2.088653e+01,2.095619e+01,2.099101e+01,2.092833e+01,2.099101e+01,2.091440e+01,2.091440e+01,2.095619e+01,2.092833e+01,2.094923e+01,2.096316e+01,2.097709e+01,2.101189e+01,2.100493e+01,2.112320e+01,2.101189e+01,2.106756e+01,2.104669e+01,2.104669e+01,2.115101e+01,2.115101e+01,2.121355e+01,2.122050e+01,2.122744e+01,2.126911e+01,2.133158e+01,2.119966e+01,2.119271e+01,2.116491e+01,2.113015e+01,2.099101e+01,2.131076e+01,2.116491e+01,2.110234e+01,2.108843e+01,2.109539e+01,2.119271e+01,2.109539e+01,2.113711e+01,2.107452e+01,2.111625e+01,2.112320e+01,2.117186e+01,2.121355e+01,2.106756e+01,2.107452e+01,2.107452e+01,2.108843e+01,2.123439e+01,2.113711e+01,2.113015e+01,2.108843e+01,2.111625e+01,2.113015e+01,2.122744e+01,2.112320e+01,2.119966e+01,2.119271e+01,2.113015e+01,2.107452e+01,2.122744e+01,2.108843e+01,2.115101e+01,2.104669e+01,2.117881e+01,2.111625e+01,2.103277e+01,2.106756e+01,2.116491e+01,2.114406e+01,2.112320e+01,2.114406e+01,2.103973e+01,2.111625e+01,2.103973e+01,2.111625e+01,2.103973e+01,2.101885e+01,2.094923e+01,2.114406e+01,2.104669e+01,2.120660e+01,2.108843e+01,2.104669e+01,2.118576e+01,2.117881e+01,2.119966e+01,2.128993e+01,2.124828e+01,2.135933e+01,2.134545e+01,2.134545e+01,2.133851e+01,2.165717e+01,2.173322e+01,2.160874e+01,2.160874e+01,2.173322e+01,2.163642e+01,2.165025e+01,2.164334e+01,2.178159e+01,2.167792e+01,2.173322e+01,2.163642e+01,2.149104e+01,2.162950e+01,2.155337e+01,2.162950e+01,2.158106e+01,2.155337e+01,2.156721e+01,2.162950e+01,2.155337e+01,2.162258e+01,2.162258e+01,2.153260e+01,2.158106e+01,2.163642e+01,2.167100e+01,2.163642e+01,2.150489e+01,2.155337e+01,2.162950e+01,2.155337e+01,2.153952e+01,2.152567e+01,2.158106e+01,2.162258e+01,2.158798e+01,2.156721e+01,2.165025e+01,2.155337e+01,2.153260e+01,2.155337e+01,2.149104e+01,2.156721e+01,2.147718e+01,2.150489e+01,2.142174e+01,2.148411e+01,2.160182e+01,2.144253e+01,2.151875e+01,2.147718e+01,2.154645e+01,2.145639e+01,2.143560e+01,2.143560e+01,2.145639e+01,2.144946e+01,2.142867e+01,2.142174e+01,2.144946e+01,2.151182e+01,2.144253e+01,2.145639e+01,2.128299e+01,2.139400e+01,2.145639e+01,2.138707e+01,2.142867e+01,2.149796e+01,2.138707e+01,2.133851e+01,2.140787e+01,2.136626e+01,2.128993e+01,2.140094e+01,2.135239e+01,2.128299e+01,2.128299e+01,2.137320e+01,2.139400e+01,2.125522e+01,2.136626e+01,2.135933e+01,2.130382e+01,2.149104e+01,2.131076e+01,2.149796e+01,2.147718e+01,2.150489e+01,2.135239e+01,2.134545e+01,2.135239e+01,2.148411e+01,2.147025e+01,2.148411e+01,2.133851e+01,2.140787e+01,2.140787e+01,2.132464e+01,2.147718e+01,2.151182e+01,2.156721e+01,2.140094e+01,2.154645e+01,2.151182e+01,2.151875e+01,2.146332e+01,2.149796e+01,2.149796e+01,2.149104e+01,2.144253e+01,2.136626e+01,2.146332e+01,2.132464e+01,2.139400e+01,2.148411e+01,2.138013e+01,2.143560e+01,2.142174e+01,2.142174e+01,2.143560e+01,2.121355e+01,2.146332e+01,2.148411e+01,2.142174e+01,2.131076e+01,2.126911e+01,2.147718e+01,2.148411e+01,2.134545e+01,2.149796e+01,2.140094e+01,2.124133e+01,2.106061e+01,2.124828e+01,2.119966e+01,2.128299e+01,2.128299e+01,2.131076e+01,2.126911e+01,2.122050e+01,2.117186e+01,2.108843e+01,2.103973e+01,2.118576e+01,2.106061e+01,2.105365e+01,2.105365e+01,2.108148e+01,2.112320e+01,2.106756e+01,2.110234e+01,2.103973e+01,2.122050e+01,2.108148e+01,2.115101e+01,2.109539e+01,2.113015e+01,2.100493e+01,2.124133e+01,2.108148e+01,2.130382e+01,2.124828e+01,2.108148e+01,2.108148e+01,2.130382e+01,2.135933e+01,2.133851e+01,2.133851e+01,2.145639e+01,2.128993e+01,2.136626e+01,2.127605e+01,2.140094e+01,2.140787e+01,2.123439e+01,2.148411e+01,2.146332e+01,2.153260e+01,2.153952e+01,2.141480e+01,2.152567e+01,2.151875e+01,2.140094e+01,2.145639e+01,2.156029e+01,2.156721e+01,2.149104e+01,2.160874e+01,2.144946e+01,2.147025e+01,2.147025e+01,2.145639e+01,2.162258e+01,2.156721e+01,2.153260e+01,2.152567e+01,2.153952e+01,2.147025e+01,2.151875e+01,2.142174e+01,2.182993e+01,2.158106e+01,2.160874e+01,2.162258e+01,2.192655e+01,2.158106e+01,2.172631e+01,2.169866e+01,2.170557e+01,2.171940e+01,2.165025e+01,2.161566e+01,2.167792e+01,2.167100e+01,2.171940e+01,2.160874e+01,2.169175e+01,2.167100e+01,2.158798e+01,2.137320e+01,2.158106e+01
2.171248e+01,2.186445e+01,2.184374e+01,2.173322e+01,2.185755e+01,2.191276e+01,2.170557e+01,2.193345e+01,2.171940e+01,2.185755e+01,2.183684e+01,2.193345e+01,2.189206e+01,2.187825e+01,2.185755e+01,2.192655e+01,2.194035e+01,2.188516e+01,2.196104e+01,2.176086e+01,2.192655e+01,2.187825e+01,2.185755e+01,2.191276e+01,2.178159e+01,2.179540e+01,2.172631e+01,2.177468e+01,2.182993e+01,2.176777e+01,2.174013e+01,2.174013e+01,2.190586e+01,2.171248e+01,2.180922e+01,2.183684e+01,2.183684e+01,2.182993e+01,2.169866e+01,2.187825e+01,2.186445e+01,2.191965e+01,2.177468e+01,2.189206e+01,2.174013e+01,2.178850e+01,2.178850e+01,2.178159e+01,2.165717e+01,2.174704e+01,2.167100e+01,2.171940e+01,2.174704e+01,2.174013e+01,2.171940e+01,2.171248e+01,2.187135e+01,2.173322e+01,2.166409e+01,2.171248e+01,2.172631e+01,2.167792e+01,2.170557e+01,2.169866e+01,2.158798e+01,2.163642e+01,2.171248e+01,2.167100e+01,2.169175e+01,2.169866e+01,2.181612e+01,2.174013e+01,2.167100e+01,2.182993e+01,2.170557e+01,2.162258e+01,2.167792e+01,2.182993e+01,2.173322e+01,2.174704e+01,2.182303e+01,2.182303e+01,2.166409e+01,2.176086e+01,2.190586e+01,2.182303e+01,2.177468e+01,2.176086e+01,2.173322e+01,2.174704e+01,2.176086e+01,2.178850e+01,2.176086e+01,2.181612e+01,2.192655e+01,2.176777e+01,2.169866e+01,2.179540e+01,2.190586e+01,2.178159e+01,2.178159e+01,2.174704e+01,2.178159e+01,2.171940e+01,2.176086e+01,2.170557e+01,2.171940e+01,2.181612e+01,2.189206e+01,2.180231e+01,2.171248e+01,2.173322e+01,2.181612e+01,2.176086e+01,2.180231e+01,2.187825e+01,2.195414e+01,2.202997e+01,2.177468e+01,2.192655e+01,2.176777e+01,2.169866e+01,2.180922e+01,2.180231e+01,2.186445e+01,2.191965e+01,2.183684e+01,2.186445e+01,2.180922e+01,2.178159e+01,2.179540e+01,2.180922e+01,2.184374e+01,2.169175e+01,2.181612e+01,2.182993e+01,2.183684e+01,2.179540e+01,2.181612e+01,2.187135e+01,2.183684e+01,2.198862e+01,2.199551e+01,2.205065e+01,2.231212e+01,2.192655e+01,2.214706e+01,2.207131e+01,2.211952e+01,2.207820e+01,2.215394e+01,2.232587e+01,2.228463e+01,2.231212e+01,2.255923e+01,2.236022e+01,2.264146e+01,2.268255e+01,2.259350e+01,2.270309e+01,2.254551e+01,2.288094e+01,2.296975e+01,2.295609e+01,2.277837e+01,2.290144e+01,2.295609e+01,2.287410e+01,2.301753e+01,2.305848e+01,2.307894e+01,2.314031e+01,2.309940e+01,2.337864e+01,2.327656e+01,2.312668e+01,2.331060e+01,2.331740e+01,2.330379e+01,2.319484e+01,2.331740e+01,2.326295e+01,2.339224e+01,2.329699e+01,2.293560e+01,2.333101e+01,2.311304e+01,2.323571e+01,2.309258e+01,2.330379e+01,2.322890e+01,2.322209e+01,2.313350e+01,2.299706e+01,2.299706e+01,2.296292e+01,2.285360e+01,2.293560e+01,2.285360e+01,2.270309e+01,2.251808e+01,2.257294e+01,2.232587e+01,2.230525e+01,2.211952e+01,2.181612e+01,2.164334e+01,2.141480e+01,2.147025e+01,2.128299e+01,2.122050e+01,2.114406e+01,2.119966e+01,2.116491e+01,2.120660e+01,2.119271e+01,2.110234e+01,2.101189e+01,2.111625e+01,2.115796e+01,2.108148e+01,2.095619e+01,2.113711e+01,2.108148e+01,2.090743e+01,2.119271e+01,2.098405e+01,2.107452e+01,2.113015e+01,2.108148e+01,2.099101e+01,2.097709e+01,2.101885e+01,2.101885e+01,2.101885e+01,2.111625e+01,2.108843e+01,2.104669e+01,2.097709e+01,2.102581e+01,2.103277e+01,2.107452e+01,2.092137e+01,2.103277e+01,2.102581e+01,2.101885e+01,2.095619e+01,2.128993e+01,2.099797e+01,2.101885e+01,2.101885e+01,2.099797e+01,2.097012e+01,2.090743e+01,2.094226e+01,2.097709e+01,2.102581e+01,2.100493e+01,2.099101e+01,2.112320e+01,2.101885e+01,2.091440e+01,2.099101e+01,2.098405e+01,2.099101e+01,2.096316e+01,2.094923e+01,2.099797e+01,2.101885e+01,2.103277e+01,2.106061e+01,2.094923e+01,2.089350e+01,2.099101e+01,2.083076e+01,2.099101e+01,2.097709e+01,2.092833e+01,2.097012e+01,2.113015e+01,2.096316e+01,2.100493e+01,2.101885e+01,2.106756e+01,2.097012e+01,2.093530e+01,2.106756e+01,2.105365e+01,2.116491e+01,2.094226e+01,2.101189e+01,2.097012e+01,2.103277e+01,2.104669e+01,2.091440e+01,2.097709e+01,2.099101e+01,2.088653e+01,2.087259e+01,2.101885e+01,2.099797e+01,2.107452e+01,2.095619e+01,2.099797e+01,2.100493e+01,2.102581e+01,2.083773e+01,2.097709e+01,2.099797e+01,2.097012e+01,2.085168e+01,2.082378e+01,2.091440e+01,2.069818e+01,2.088653e+01,2.087956e+01,2.097012e+01,2.097709e+01,2.088653e+01,2.088653e+01,2.088653e+01,2.089350e+01,2.090743e+01,2.087956e+01,2.094923e+01,2.086562e+01,2.089350e+01,2.089350e+01,2.102581e+01,2.092137e+01,2.096316e+01,2.089350e+01,2.092833e+01,2.092137e+01,2.094923e+01,2.096316e+01,2.099797e+01,2.102581e+01,2.109539e+01,2.103973e+01,2.105365e+01,2.104669e+01,2.105365e+01,2.102581e+01,2.106061e+01,2.111625e+01,2.118576e+01,2.124133e+01,2.124133e+01,2.128993e+01,2.122050e+01,2.113015e+01,2.130382e+01,2.112320e+01,2.122050e+01,2.098405e+01,2.119271e+01,2.126911e+01,2.109539e+01,2.110234e+01,2.108148e+01,2.111625e+01,2.108843e+01,2.116491e+01,2.111625e+01,2.099797e+01,2.114406e+01,2.117186e+01,2.110234e+01,2.107452e+01,2.110929e+01,2.113711e+01,2.108148e+01,2.103277e+01,2.104669e+01,2.107452e+01,2.097709e+01,2.119271e+01,2.113711e+01,2.104669e+01,2.120660e+01,2.111625e+01,2.106061e+01,2.109539e+01,2.117186e+01,2.121355e+01,2.102581e+01,2.106756e+01,2.121355e+01,2.109539e+01,2.119966e+01,2.107452e+01,2.114406e+01,2.108148e+01,2.113711e+01,2.113711e+01,2.112320e+01,2.113015e+01,2.109539e+01,2.113711e+01,2.114406e+01,2.100493e+01,2.110929e+01,2.103973e+01,2.101885e+01,2.103973e+01,2.109539e+01,2.103973e+01,2.115101e+01,2.119966e+01,2.119271e+01,2.122744e+01,2.125522e+01,2.138707e+01,2.135933e+01,2.135933e+01,2.144946e+01,2.154645e+01,2.165025e+01,2.173322e+01,2.160874e+01,2.151182e+01,2.158106e+01,2.156029e+01,2.178159e+01,2.177468e+01,2.165025e+01,2.160874e+01,2.167792e+01,2.153952e+01,2.152567e+01,2.161566e+01,2.162258e+01,2.147025e+01,2.160874e+01,2.159490e+01,2.157414e+01,2.171940e+01,2.156029e+01,2.160874e+01,2.167792e+01,2.156721e+01,2.162258e+01,2.155337e+01,2.153952e+01,2.153952e+01,2.160874e+01,2.153952e+01,2.164334e+01,2.150489e+01,2.158106e+01,2.156029e+01,2.164334e+01,2.158798e+01,2.158798e+01,2.156029e+01,2.171248e+01,2.158798e+01,2.153260e+01,2.149104e+01,2.161566e+01,2.152567e+01,2.158798e+01,2.156721e+01,2.147025e+01,2.150489e+01,2.151182e+01,2.159490e+01,2.144253e+01,2.142867e+01,2.147718e+01,2.144946e+01,2.143560e+01,2.140094e+01,2.142867e+01,2.140787e+01,2.142174e+01,2.142174e+01,2.143560e+01,2.135239e+01,2.140094e+01,2.130382e+01,2.134545e+01,2.139400e+01,2.127605e+01,2.135239e+01,2.147025e+01,2.132464e+01,2.134545e+01,2.140094e+01,2.140787e+01,2.139400e+01,2.140787e+01,2.133158e+01,2.139400e+01,2.138707e+01,2.132464e+01,2.135933e+01,2.124133e+01,2.131770e+01,2.128299e+01,2.149796e+01,2.137320e+01,2.142867e+01,2.131076e+01,2.143560e+01,2.147025e+01,2.144253e+01,2.140094e+01,2.134545e+01,2.148411e+01,2.137320e+01,2.146332e+01,2.151875e+01,2.147718e+01,2.155337e+01,2.135239e+01,2.145639e+01,2.133158e+01,2.151182e+01,2.146332e+01,2.147718e+01,2.147718e+01,2.133158e+01,2.151182e+01,2.135933e+01,2.149796e+01,2.147718e+01,2.149796e+01,2.135933e+01,2.147025e+01,2.137320e+01,2.140787e+01,2.145639e+01,2.128299e+01,2.138707e+01,2.138707e+01,2.141480e+01,2.134545e+01,2.140787e+01,2.142174e+01,2.142867e+01,2.127605e+01,2.141480e+01,2.133158e+01,2.134545e+01,2.129688e+01,2.126217e+01,2.124133e+01,2.135933e+01,2.129688e+01,2.115796e+01,2.117881e+01,2.125522e+01,2.122744e+01,2.108843e+01,2.109539e+01,2.117186e+01,2.122744e+01,2.113711e+01,2.114406e+01,2.122050e+01,2.122744e+01,2.112320e+01,2.124133e+01,2.107452e+01,2.098405e+01,2.114406e+01,2.108843e+01,2.122744e+01,2.119966e+01,2.108148e+01,2.113015e+01,2.108843e+01,2.115101e+01,2.117186e+01,2.111625e+01,2.098405e+01,2.094923e+01,2.124828e+01,2.126217e+01,2.125522e+01,2.124828e+01,2.125522e+01,2.116491e+01,2.119966e+01,2.132464e+01,2.147025e+01,2.138707e+01,2.123439e+01,2.129688e+01,2.149796e+01,2.145639e+01,2.127605e+01,2.140787e+01,2.139400e+01,2.138707e+01,2.151182e+01,2.159490e+01,2.153260e+01,2.156721e+01,2.144946e+01,2.153952e+01,2.153260e+01,2.150489e+01,2.156721e+01,2.140094e+01,2.149796e+01,2.156029e+01,2.158798e+01,2.165025e+01,2.154645e+01,2.156029e+01,2.156029e+01,2.153952e+01,2.151182e+01,2.153260e+01,2.160874e+01,2.158798e+01,2.163642e+01,2.165717e+01,2.160182e+01,2.167100e+01,2.165717e+01,2.168483e+01,2.163642e+01,2.168483e+01,2.165025e+01,2.167792e+01,2.166409e+01,2.162258e+01,2.169175e+01,2.165717e+01,2.160182e+01,2.161566e+01,2.158798e+01,2.187825e+01,2.158798e+01,2.158106e+01,2.158106e+01
2.171248e+01,2.178159e+01,2.182993e+01,2.182993e+01,2.175395e+01,2.181612e+01,2.194725e+01,2.175395e+01,2.193345e+01,2.193345e+01,2.188516e+01,2.189206e+01,2.196104e+01,2.200241e+01,2.189896e+01,2.194725e+01,2.199551e+01,2.185065e+01,2.180922e+01,2.194035e+01,2.183684e+01,2.211263e+01,2.196793e+01,2.191276e+01,2.198862e+01,2.201619e+01,2.178850e+01,2.183684e+01,2.184374e+01,2.187135e+01,2.181612e+01,2.178159e+01,2.179540e+01,2.184374e+01,2.198862e+01,2.187825e+01,2.174013e+01,2.180922e+01,2.180922e+01,2.187825e+01,2.183684e+01,2.174704e+01,2.178159e+01,2.181612e+01,2.169866e+01,2.189206e+01,2.184374e+01,2.182993e+01,2.178850e+01,2.170557e+01,2.178159e+01,2.177468e+01,2.189206e+01,2.178850e+01,2.167792e+01,2.174704e+01,2.178159e+01,2.160182e+01,2.174013e+01,2.178159e+01,2.173322e+01,2.182993e+01,2.188516e+01,2.170557e+01,2.172631e+01,2.167100e+01,2.169866e+01,2.167792e+01,2.175395e+01,2.176086e+01,2.165717e+01,2.181612e+01,2.169866e+01,2.174704e+01,2.172631e+01,2.170557e+01,2.173322e+01,2.184374e+01,2.163642e+01,2.182993e+01,2.178159e+01,2.187135e+01,2.176086e+01,2.187825e+01,2.194035e+01,2.169866e+01,2.178159e+01,2.166409e+01,2.175395e+01,2.176777e+01,2.180231e+01,2.182993e+01,2.182993e+01,2.177468e+01,2.178850e+01,2.176086e+01,2.173322e+01,2.182993e+01,2.169866e+01,2.189896e+01,2.185065e+01,2.178850e+01,2.178159e+01,2.175395e+01,2.180231e+01,2.192655e+01,2.175395e+01,2.180231e+01,2.180922e+01,2.182303e+01,2.197483e+01,2.184374e+01,2.167792e+01,2.173322e+01,2.176086e+01,2.166409e+01,2.196104e+01,2.191276e+01,2.178850e+01,2.178159e+01,2.201619e+01,2.176777e+01,2.174013e+01,2.172631e+01,2.173322e+01,2.180231e+01,2.183684e+01,2.175395e+01,2.176086e+01,2.185065e+01,2.182303e+01,2.174013e+01,2.181612e+01,2.181612e+01,2.182303e+01,2.180231e+01,2.176777e+01,2.194725e+01,2.181612e+01,2.178850e+01,2.196793e+01,2.195414e+01,2.203687e+01,2.208509e+01,2.206442e+01,2.207131e+01,2.210575e+01,2.207820e+01,2.201619e+01,2.214017e+01,2.208509e+01,2.225026e+01,2.231900e+01,2.227776e+01,2.231900e+01,2.241516e+01,2.253866e+01,2.252494e+01,2.253180e+01,2.268255e+01,2.270309e+01,2.269625e+01,2.268255e+01,2.264146e+01,2.293560e+01,2.296292e+01,2.295609e+01,2.306530e+01,2.308576e+01,2.310622e+01,2.310622e+01,2.299023e+01,2.299706e+01,2.311304e+01,2.306530e+01,2.330379e+01,2.349419e+01,2.329699e+01,2.326976e+01,2.310622e+01,2.322209e+01,2.318802e+01,2.325614e+01,2.300388e+01,2.328337e+01,2.329699e+01,2.303801e+01,2.310622e+01,2.307212e+01,2.313350e+01,2.314713e+01,2.312668e+01,2.314031e+01,2.306530e+01,2.285360e+01,2.300388e+01,2.297657e+01,2.286043e+01,2.269625e+01,2.292194e+01,2.262776e+01,2.260720e+01,2.251808e+01,2.225713e+01,2.233274e+01,2.200930e+01,2.174704e+01,2.168483e+01,2.154645e+01,2.130382e+01,2.127605e+01,2.117186e+01,2.117881e+01,2.119271e+01,2.111625e+01,2.113015e+01,2.109539e+01,2.113015e+01,2.107452e+01,2.106061e+01,2.119966e+01,2.099797e+01,2.109539e+01,2.099797e+01,2.098405e+01,2.097012e+01,2.095619e+01,2.098405e+01,2.106756e+01,2.099797e+01,2.104669e+01,2.107452e+01,2.097709e+01,2.115101e+01,2.112320e+01,2.099797e+01,2.122050e+01,2.099101e+01,2.104669e+01,2.113015e+01,2.101885e+01,2.101885e+01,2.100493e+01,2.097709e+01,2.102581e+01,2.095619e+01,2.096316e+01,2.100493e+01,2.099101e+01,2.104669e+01,2.099797e+01,2.090743e+01,2.091440e+01,2.098405e+01,2.090047e+01,2.097709e+01,2.100493e+01,2.106756e+01,2.105365e+01,2.099101e+01,2.104669e+01,2.097012e+01,2.097709e+01,2.094923e+01,2.102581e+01,2.099101e+01,2.094226e+01,2.105365e+01,2.101189e+01,2.101885e+01,2.068422e+01,2.113711e+01,2.091440e+01,2.090047e+01,2.087259e+01,2.099101e+01,2.107452e+01,2.097709e+01,2.096316e+01,2.090047e+01,2.096316e+01,2.089350e+01,2.087259e+01,2.098405e+01,2.086562e+01,2.106756e+01,2.087259e+01,2.108843e+01,2.097012e+01,2.108148e+01,2.106061e+01,2.106061e+01,2.097012e+01,2.090047e+01,2.094226e+01,2.109539e+01,2.085865e+01,2.097709e+01,2.096316e+01,2.100493e+01,2.099797e+01,2.108148e+01,2.103973e+01,2.088653e+01,2.097709e+01,2.110929e+01,2.094923e+01,2.087259e+01,2.097012e+01,2.101189e+01,2.094226e+01,2.099101e+01,2.085865e+01,2.097012e+01,2.092137e+01,2.097012e+01,2.090047e+01,2.086562e+01,2.080984e+01,2.096316e+01,2.090047e+01,2.092137e+01,2.088653e+01,2.090743e+01,2.097709e+01,2.108148e+01,2.101885e+01,2.095619e+01,2.089350e+01,2.091440e+01,2.087259e+01,2.097709e+01,2.099101e+01,2.097709e+01,2.094923e+01,2.098405e+01,2.108148e+01,2.103973e+01,2.103277e+01,2.113711e+01,2.112320e+01,2.105365e+01,2.107452e+01,2.107452e+01,2.103973e+01,2.110234e+01,2.110929e+01,2.121355e+01,2.113015e+01,2.115101e+01,2.124133e+01,2.116491e+01,2.115101e+01,2.116491e+01,2.115101e+01,2.124828e+01,2.111625e+01,2.118576e+01,2.122050e+01,2.109539e+01,2.117881e+01,2.110929e+01,2.115796e+01,2.115101e+01,2.106756e+01,2.117881e+01,2.108843e+01,2.112320e+01,2.117881e+01,2.108148e+01,2.099797e+01,2.115101e+01,2.107452e+01,2.110234e+01,2.109539e+01,2.103973e+01,2.113711e+01,2.101189e+01,2.115796e+01,2.106756e+01,2.124133e+01,2.106061e+01,2.119966e+01,2.120660e+01,2.110234e+01,2.109539e+01,2.108148e+01,2.117881e+01,2.116491e+01,2.115796e+01,2.106061e+01,2.111625e+01,2.105365e+01,2.109539e+01,2.110234e+01,2.127605e+01,2.094226e+01,2.120660e+01,2.110929e+01,2.104669e+01,2.119271e+01,2.095619e+01,2.104669e+01,2.113015e+01,2.101885e+01,2.120660e+01,2.124828e+01,2.121355e+01,2.108148e+01,2.119271e+01,2.113015e+01,2.131770e+01,2.115101e+01,2.125522e+01,2.132464e+01,2.157414e+01,2.156721e+01,2.152567e+01,2.150489e+01,2.157414e+01,2.161566e+01,2.152567e+01,2.162950e+01,2.161566e+01,2.167100e+01,2.162950e+01,2.162950e+01,2.169175e+01,2.165717e+01,2.151182e+01,2.150489e+01,2.167100e+01,2.161566e+01,2.160182e+01,2.158798e+01,2.157414e+01,2.158798e+01,2.167792e+01,2.172631e+01,2.174704e+01,2.170557e+01,2.171248e+01,2.152567e+01,2.158106e+01,2.158106e+01,2.160182e+01,2.165025e+01,2.165025e+01,2.162258e+01,2.170557e+01,2.156721e+01,2.155337e+01,2.153260e+01,2.153952e+01,2.157414e+01,2.158798e+01,2.149796e+01,2.156029e+01,2.151182e+01,2.154645e+01,2.154645e+01,2.147718e+01,2.162258e+01,2.159490e+01,2.155337e+01,2.146332e+01,2.154645e+01,2.147025e+01,2.142867e+01,2.150489e+01,2.141480e+01,2.144253e+01,2.147718e+01,2.148411e+01,2.143560e+01,2.142174e+01,2.145639e+01,2.135933e+01,2.138707e+01,2.144946e+01,2.138707e+01,2.153260e+01,2.131770e+01,2.132464e+01,2.145639e+01,2.144253e+01,2.126911e+01,2.145639e+01,2.140787e+01,2.137320e+01,2.141480e+01,2.140787e+01,2.126911e+01,2.133851e+01,2.138707e+01,2.138707e+01,2.126217e+01,2.128299e+01,2.142867e+01,2.140094e+01,2.143560e+01,2.139400e+01,2.137320e+01,2.132464e+01,2.142867e+01,2.144946e+01,2.151875e+01,2.138707e+01,2.138013e+01,2.145639e+01,2.148411e+01,2.147718e+01,2.142867e+01,2.153260e+01,2.149104e+01,2.139400e+01,2.162258e+01,2.150489e+01,2.134545e+01,2.159490e+01,2.153952e+01,2.160182e+01,2.135933e+01,2.145639e+01,2.133851e+01,2.145639e+01,2.140094e+01,2.151182e+01,2.155337e+01,2.154645e+01,2.136626e+01,2.155337e+01,2.144946e+01,2.150489e+01,2.145639e+01,2.145639e+01,2.142867e+01,2.142174e+01,2.147718e+01,2.151182e+01,2.151875e+01,2.144253e+01,2.147718e+01,2.135239e+01,2.136626e+01,2.133158e+01,2.127605e+01,2.149104e+01,2.131076e+01,2.128299e+01,2.128299e+01,2.124133e+01,2.126911e+01,2.126217e+01,2.126911e+01,2.123439e+01,2.124133e+01,2.129688e+01,2.130382e+01,2.124133e+01,2.123439e+01,2.123439e+01,2.136626e+01,2.121355e+01,2.126217e+01,2.120660e+01,2.117881e+01,2.109539e+01,2.121355e+01,2.121355e+01,2.119966e+01,2.122050e+01,2.109539e+01,2.105365e+01,2.110234e+01,2.125522e+01,2.119271e+01,2.122744e+01,2.126217e+01,2.126911e+01,2.101189e+01,2.130382e+01,2.125522e+01,2.133158e+01,2.126911e+01,2.134545e+01,2.132464e+01,2.140094e+01,2.135239e+01,2.149796e+01,2.151182e+01,2.136626e+01,2.140094e+01,2.135933e+01,2.138707e+01,2.182303e+01,2.137320e+01,2.140787e+01,2.155337e+01,2.149796e+01,2.154645e+01,2.158798e+01,2.150489e+01,2.162258e+01,2.159490e+01,2.149104e+01,2.145639e+01,2.149796e+01,2.147718e+01,2.147025e+01,2.162258e+01,2.154645e+01,2.161566e+01,2.160874e+01,2.160874e+01,2.159490e+01,2.153260e+01,2.178159e+01,2.153952e+01,2.142867e+01,2.164334e+01,2.166409e+01,2.153260e+01,2.165717e+01,2.162950e+01,2.162258e+01,2.170557e+01,2.165717e+01,2.167100e+01,2.166409e+01,2.165717e+01,2.162258e+01,2.172631e+01,2.165025e+01,2.162950e+01,2.160182e+01,2.163642e+01,2.182993e+01,2.180231e+01,2.160182e+01
2.189206e+01,2.181612e+01,2.171940e+01,2.180231e+01,2.180231e+01,2.174013e+01,2.180922e+01,2.179540e+01,2.187135e+01,2.185065e+01,2.187825e+01,2.180231e+01,2.186445e+01,2.191276e+01,2.195414e+01,2.191965e+01,2.178159e+01,2.179540e+01,2.186445e+01,2.184374e+01,2.193345e+01,2.198862e+01,2.182303e+01,2.186445e+01,2.182993e+01,2.185755e+01,2.180231e+01,2.185065e+01,2.183684e+01,2.180231e+01,2.186445e+01,2.178159e+01,2.185065e+01,2.181612e+01,2.181612e+01,2.182993e+01,2.185755e+01,2.190586e+01,2.165025e+01,2.186445e+01,2.186445e+01,2.177468e+01,2.174704e+01,2.191276e+01,2.169175e+01,2.186445e+01,2.181612e+01,2.180922e+01,2.189206e+01,2.193345e+01,2.183684e+01,2.177468e+01,2.172631e+01,2.176086e+01,2.172631e+01,2.168483e+01,2.167100e+01,2.167100e+01,2.171248e+01,2.186445e+01,2.173322e+01,2.178159e+01,2.180922e+01,2.178850e+01,2.175395e+01,2.176086e+01,2.171248e+01,2.162950e+01,2.173322e+01,2.174013e+01,2.161566e+01,2.165717e+01,2.175395e+01,2.174013e+01,2.172631e+01,2.171940e+01,2.182993e+01,2.167100e+01,2.183684e+01,2.185755e+01,2.174704e+01,2.174704e+01,2.174013e+01,2.154645e+01,2.181612e+01,2.184374e+01,2.175395e+01,2.171248e+01,2.169175e+01,2.176086e+01,2.177468e+01,2.185755e+01,2.173322e+01,2.182303e+01,2.175395e+01,2.184374e+01,2.178159e+01,2.187825e+01,2.182993e+01,2.175395e+01,2.180922e+01,2.174704e+01,2.161566e+01,2.163642e+01,2.161566e+01,2.182993e+01,2.174013e+01,2.180231e+01,2.179540e+01,2.180922e+01,2.181612e+01,2.181612e+01,2.191965e+01,2.167792e+01,2.189896e+01,2.190586e+01,2.191276e+01,2.172631e+01,2.187135e+01,2.176777e+01,2.172631e+01,2.171940e+01,2.187135e+01,2.176086e+01,2.191965e+01,2.172631e+01,2.174013e+01,2.174013e+01,2.182993e+01,2.178159e+01,2.182303e+01,2.180231e+01,2.180231e+01,2.178159e+01,2.170557e+01,2.173322e+01,2.174704e+01,2.184374e+01,2.188516e+01,2.196104e+01,2.194725e+01,2.191276e+01,2.196104e+01,2.196793e+01,2.202308e+01,2.226401e+01,2.212641e+01,2.208509e+01,2.227088e+01,2.221587e+01,2.212641e+01,2.211263e+01,2.210575e+01,2.218835e+01,2.232587e+01,2.231900e+01,2.230525e+01,2.245634e+01,2.251808e+01,2.264831e+01,2.260720e+01,2.258665e+01,2.263461e+01,2.270994e+01,2.275101e+01,2.273732e+01,2.292194e+01,2.291510e+01,2.283309e+01,2.279206e+01,2.288777e+01,2.311304e+01,2.288777e+01,2.292194e+01,2.299023e+01,2.304483e+01,2.307894e+01,2.305165e+01,2.309258e+01,2.298340e+01,2.303801e+01,2.299023e+01,2.301753e+01,2.300388e+01,2.314031e+01,2.299706e+01,2.319484e+01,2.294926e+01,2.313350e+01,2.289461e+01,2.301753e+01,2.314031e+01,2.299706e+01,2.308576e+01,2.286043e+01,2.264831e+01,2.282625e+01,2.275785e+01,2.288094e+01,2.268255e+01,2.253180e+01,2.253180e+01,2.241516e+01,2.215394e+01,2.207131e+01,2.207131e+01,2.178159e+01,2.157414e+01,2.149796e+01,2.149796e+01,2.122744e+01,2.125522e+01,2.117186e+01,2.110234e+01,2.117881e+01,2.101885e+01,2.124133e+01,2.104669e+01,2.105365e+01,2.115101e+01,2.106756e+01,2.099797e+01,2.106756e+01,2.108148e+01,2.103277e+01,2.094923e+01,2.103277e+01,2.102581e+01,2.094226e+01,2.098405e+01,2.101885e+01,2.099797e+01,2.102581e+01,2.095619e+01,2.097012e+01,2.099797e+01,2.110929e+01,2.108148e+01,2.105365e+01,2.102581e+01,2.092137e+01,2.096316e+01,2.110929e+01,2.074007e+01,2.089350e+01,2.102581e+01,2.097709e+01,2.099101e+01,2.092833e+01,2.102581e+01,2.103973e+01,2.095619e+01,2.091440e+01,2.092137e+01,2.100493e+01,2.090743e+01,2.111625e+01,2.092833e+01,2.091440e+01,2.102581e+01,2.101885e+01,2.085865e+01,2.097709e+01,2.095619e+01,2.100493e+01,2.099101e+01,2.099797e+01,2.100493e+01,2.098405e+01,2.089350e+01,2.076798e+01,2.102581e+01,2.099101e+01,2.098405e+01,2.103973e+01,2.097709e+01,2.101189e+01,2.097709e+01,2.085168e+01,2.106756e+01,2.097012e+01,2.109539e+01,2.100493e+01,2.110929e+01,2.087956e+01,2.110929e+01,2.108148e+01,2.097709e+01,2.098405e+01,2.097012e+01,2.088653e+01,2.110234e+01,2.101189e+01,2.095619e+01,2.094923e+01,2.096316e+01,2.103973e+01,2.087259e+01,2.098405e+01,2.108843e+01,2.097012e+01,2.106756e+01,2.099101e+01,2.086562e+01,2.094226e+01,2.099101e+01,2.086562e+01,2.090047e+01,2.083773e+01,2.100493e+01,2.094923e+01,2.090047e+01,2.089350e+01,2.086562e+01,2.091440e+01,2.085865e+01,2.085168e+01,2.091440e+01,2.085168e+01,2.099101e+01,2.090047e+01,2.096316e+01,2.091440e+01,2.087259e+01,2.091440e+01,2.099797e+01,2.103277e+01,2.103973e+01,2.087956e+01,2.102581e+01,2.097709e+01,2.104669e+01,2.101885e+01,2.085168e+01,2.092833e+01,2.092833e+01,2.105365e+01,2.104669e+01,2.106756e+01,2.112320e+01,2.110929e+01,2.107452e+01,2.112320e+01,2.107452e+01,2.115796e+01,2.110234e+01,2.109539e+01,2.110929e+01,2.113015e+01,2.115796e+01,2.108843e+01,2.114406e+01,2.113711e+01,2.117881e+01,2.121355e+01,2.122744e+01,2.126911e+01,2.109539e+01,2.108843e+01,2.108148e+01,2.109539e+01,2.115796e+01,2.113711e+01,2.108843e+01,2.117881e+01,2.104669e+01,2.101189e+01,2.105365e+01,2.107452e+01,2.108148e+01,2.110929e+01,2.109539e+01,2.111625e+01,2.106756e+01,2.110234e+01,2.101885e+01,2.110234e+01,2.117186e+01,2.106756e+01,2.103973e+01,2.108148e+01,2.111625e+01,2.106061e+01,2.129688e+01,2.117186e+01,2.109539e+01,2.106756e+01,2.105365e+01,2.099797e+01,2.093530e+01,2.101189e+01,2.112320e+01,2.093530e+01,2.108148e+01,2.107452e+01,2.103973e+01,2.117186e+01,2.113015e+01,2.103277e+01,2.106061e+01,2.108843e+01,2.105365e+01,2.116491e+01,2.101885e+01,2.101189e+01,2.103973e+01,2.121355e+01,2.108148e+01,2.104669e+01,2.115101e+01,2.108148e+01,2.118576e+01,2.149796e+01,2.131076e+01,2.135933e+01,2.154645e+01,2.141480e+01,2.157414e+01,2.142174e+01,2.160874e+01,2.158798e+01,2.178159e+01,2.147718e+01,2.176777e+01,2.161566e+01,2.166409e+01,2.161566e+01,2.167100e+01,2.169866e+01,2.151875e+01,2.167100e+01,2.149104e+01,2.154645e+01,2.162258e+01,2.162258e+01,2.162258e+01,2.162258e+01,2.158798e+01,2.151875e+01,2.161566e+01,2.158798e+01,2.161566e+01,2.166409e+01,2.157414e+01,2.158106e+01,2.164334e+01,2.165717e+01,2.160874e+01,2.162258e+01,2.144946e+01,2.152567e+01,2.157414e+01,2.146332e+01,2.151875e+01,2.149796e+01,2.145639e+01,2.147025e+01,2.149796e+01,2.161566e+01,2.160182e+01,2.160182e+01,2.156029e+01,2.162258e+01,2.153260e+01,2.143560e+01,2.153260e+01,2.159490e+01,2.151875e+01,2.158106e+01,2.146332e+01,2.144253e+01,2.141480e+01,2.144253e+01,2.151875e+01,2.142174e+01,2.147718e+01,2.144946e+01,2.142867e+01,2.144946e+01,2.145639e+01,2.129688e+01,2.138013e+01,2.152567e+01,2.150489e+01,2.132464e+01,2.133851e+01,2.131770e+01,2.140787e+01,2.134545e+01,2.140787e+01,2.140094e+01,2.122050e+01,2.136626e+01,2.138707e+01,2.139400e+01,2.138707e+01,2.135239e+01,2.131770e+01,2.133158e+01,2.143560e+01,2.129688e+01,2.131076e+01,2.131076e+01,2.126911e+01,2.135239e+01,2.135239e+01,2.139400e+01,2.138013e+01,2.141480e+01,2.144946e+01,2.147718e+01,2.147718e+01,2.147718e+01,2.144946e+01,2.142174e+01,2.144253e+01,2.159490e+01,2.156029e+01,2.151182e+01,2.156721e+01,2.153260e+01,2.150489e+01,2.153260e+01,2.144253e+01,2.158798e+01,2.151182e+01,2.149104e+01,2.157414e+01,2.155337e+01,2.153952e+01,2.151875e+01,2.156029e+01,2.155337e+01,2.144253e+01,2.151182e+01,2.151875e+01,2.147718e+01,2.138013e+01,2.139400e+01,2.142867e+01,2.131770e+01,2.138707e+01,2.140094e+01,2.136626e+01,2.133851e+01,2.139400e+01,2.147718e+01,2.150489e+01,2.130382e+01,2.131076e+01,2.135239e+01,2.124133e+01,2.130382e+01,2.131076e+01,2.128993e+01,2.133851e+01,2.117881e+01,2.128299e+01,2.117881e+01,2.123439e+01,2.129688e+01,2.139400e+01,2.118576e+01,2.125522e+01,2.116491e+01,2.110929e+01,2.115796e+01,2.115101e+01,2.119271e+01,2.131076e+01,2.122050e+01,2.124133e+01,2.109539e+01,2.126911e+01,2.120660e+01,2.108843e+01,2.121355e+01,2.132464e+01,2.124133e+01,2.131076e+01,2.123439e+01,2.127605e+01,2.125522e+01,2.131770e+01,2.128299e+01,2.131076e+01,2.133158e+01,2.137320e+01,2.140094e+01,2.136626e+01,2.135239e+01,2.151875e+01,2.130382e+01,2.143560e+01,2.143560e+01,2.153260e+01,2.141480e+01,2.153952e+01,2.174013e+01,2.153260e+01,2.159490e+01,2.156029e+01,2.144946e+01,2.142867e+01,2.159490e+01,2.157414e+01,2.169866e+01,2.150489e+01,2.162258e+01,2.161566e+01,2.156721e+01,2.149796e+01,2.157414e+01,2.159490e+01,2.158798e+01,2.156029e+01,2.159490e+01,2.163642e+01,2.160874e+01,2.157414e+01,2.164334e+01,2.171940e+01,2.162258e+01,2.164334e+01,2.167792e+01,2.166409e+01,2.169175e+01,2.164334e+01,2.170557e+01,2.169866e+01,2.174013e+01,2.162258e+01,2.176086e+01,2.185065e+01,2.167792e+01,2.167100e+01,2.166409e+01,2.162950e+01,2.158106e+01,2.164334e+01
2.185755e+01,2.182993e+01,2.187135e+01,2.164334e+01,2.187825e+01,2.171940e+01,2.173322e+01,2.193345e+01,2.187825e+01,2.194725e+01,2.184374e+01,2.189896e+01,2.189896e+01,2.200930e+01,2.182993e+01,2.194725e+01,2.182303e+01,2.189206e+01,2.186445e+01,2.186445e+01,2.184374e+01,2.183684e+01,2.182993e+01,2.176777e+01,2.182993e+01,2.208509e+01,2.188516e+01,2.167100e+01,2.175395e+01,2.174704e+01,2.187825e+01,2.188516e+01,2.174704e+01,2.189206e+01,2.185065e+01,2.185755e+01,2.185755e+01,2.182993e+01,2.191276e+01,2.187825e+01,2.185065e+01,2.182993e+01,2.178850e+01,2.180231e+01,2.170557e+01,2.200930e+01,2.175395e+01,2.182993e+01,2.179540e+01,2.182303e+01,2.174013e+01,2.182993e+01,2.179540e+01,2.180231e+01,2.184374e+01,2.173322e+01,2.187825e+01,2.189206e+01,2.174704e+01,2.181612e+01,2.162950e+01,2.178159e+01,2.176086e+01,2.194035e+01,2.160874e+01,2.162258e+01,2.179540e+01,2.161566e+01,2.169866e+01,2.174013e+01,2.161566e+01,2.170557e+01,2.171248e+01,2.174013e+01,2.165717e+01,2.170557e+01,2.165025e+01,2.164334e+01,2.167100e+01,2.174013e+01,2.169866e+01,2.174013e+01,2.178850e+01,2.191276e+01,2.191276e+01,2.177468e+01,2.177468e+01,2.176086e+01,2.172631e+01,2.186445e+01,2.189206e+01,2.176777e+01,2.175395e+01,2.177468e+01,2.180231e+01,2.178159e+01,2.193345e+01,2.183684e+01,2.166409e+01,2.187825e+01,2.171940e+01,2.165025e+01,2.171248e+01,2.183684e+01,2.174013e+01,2.187825e+01,2.182993e+01,2.187135e+01,2.180922e+01,2.169866e+01,2.180922e+01,2.204376e+01,2.171940e+01,2.196793e+01,2.184374e+01,2.197483e+01,2.173322e+01,2.194725e+01,2.177468e+01,2.178850e+01,2.180231e+01,2.207820e+01,2.172631e+01,2.178159e+01,2.200930e+01,2.189896e+01,2.176086e+01,2.176777e+01,2.176777e+01,2.165025e+01,2.182303e+01,2.188516e+01,2.166409e+01,2.180231e+01,2.180922e+01,2.182303e+01,2.182993e+01,2.175395e+01,2.169866e+01,2.182303e+01,2.178159e+01,2.198172e+01,2.188516e+01,2.197483e+01,2.199551e+01,2.207131e+01,2.209886e+01,2.208509e+01,2.222275e+01,2.217459e+01,2.207131e+01,2.225713e+01,2.207131e+01,2.208509e+01,2.227088e+01,2.230525e+01,2.235335e+01,2.226401e+01,2.260720e+01,2.250437e+01,2.253866e+01,2.263461e+01,2.264146e+01,2.260035e+01,2.290144e+01,2.276469e+01,2.288094e+01,2.292877e+01,2.289461e+01,2.283309e+01,2.288777e+01,2.291510e+01,2.282625e+01,2.295609e+01,2.294243e+01,2.309940e+01,2.302436e+01,2.289461e+01,2.301071e+01,2.294243e+01,2.297657e+01,2.300388e+01,2.299706e+01,2.299023e+01,2.299023e+01,2.302436e+01,2.303118e+01,2.291510e+01,2.289461e+01,2.281257e+01,2.285360e+01,2.305848e+01,2.280573e+01,2.281941e+01,2.284676e+01,2.283993e+01,2.279889e+01,2.285360e+01,2.268940e+01,2.255923e+01,2.259350e+01,2.255237e+01,2.249065e+01,2.229838e+01,2.209198e+01,2.204376e+01,2.178159e+01,2.174013e+01,2.148411e+01,2.149104e+01,2.119966e+01,2.122744e+01,2.115796e+01,2.116491e+01,2.095619e+01,2.106756e+01,2.106061e+01,2.110234e+01,2.101885e+01,2.103973e+01,2.104669e+01,2.096316e+01,2.095619e+01,2.094226e+01,2.106756e+01,2.102581e+01,2.106756e+01,2.101189e+01,2.122050e+01,2.103277e+01,2.107452e+01,2.106756e+01,2.109539e+01,2.105365e+01,2.106756e+01,2.109539e+01,2.103277e+01,2.092137e+01,2.106061e+01,2.103973e+01,2.097709e+01,2.101189e+01,2.098405e+01,2.094226e+01,2.097012e+01,2.091440e+01,2.103973e+01,2.089350e+01,2.098405e+01,2.090743e+01,2.090743e+01,2.099797e+01,2.089350e+01,2.094923e+01,2.089350e+01,2.093530e+01,2.097709e+01,2.099101e+01,2.093530e+01,2.108843e+01,2.091440e+01,2.092137e+01,2.106756e+01,2.087956e+01,2.089350e+01,2.087956e+01,2.100493e+01,2.089350e+01,2.098405e+01,2.092137e+01,2.099101e+01,2.092137e+01,2.096316e+01,2.089350e+01,2.106061e+01,2.102581e+01,2.097709e+01,2.128299e+01,2.107452e+01,2.090047e+01,2.124828e+01,2.095619e+01,2.090047e+01,2.087259e+01,2.108148e+01,2.106061e+01,2.088653e+01,2.105365e+01,2.094923e+01,2.106756e+01,2.097709e+01,2.085168e+01,2.101189e+01,2.091440e+01,2.090743e+01,2.105365e+01,2.099797e+01,2.096316e+01,2.097012e+01,2.101885e+01,2.095619e+01,2.110929e+01,2.109539e+01,2.101189e+01,2.097709e+01,2.094923e+01,2.090047e+01,2.096316e+01,2.087956e+01,2.098405e+01,2.080286e+01,2.091440e+01,2.088653e+01,2.094226e+01,2.087259e+01,2.094226e+01,2.086562e+01,2.093530e+01,2.091440e+01,2.088653e+01,2.090743e+01,2.092137e+01,2.087956e+01,2.124828e+01,2.090047e+01,2.104669e+01,2.121355e+01,2.099101e+01,2.108148e+01,2.105365e+01,2.095619e+01,2.103973e+01,2.099101e+01,2.093530e+01,2.110929e+01,2.089350e+01,2.115796e+01,2.106756e+01,2.107452e+01,2.108148e+01,2.116491e+01,2.117186e+01,2.118576e+01,2.106756e+01,2.121355e+01,2.110929e+01,2.108843e+01,2.115101e+01,2.113015e+01,2.113711e+01,2.119271e+01,2.115796e+01,2.120660e+01,2.116491e+01,2.124828e+01,2.122050e+01,2.124828e+01,2.110929e+01,2.109539e+01,2.115796e+01,2.106756e+01,2.118576e+01,2.111625e+01,2.107452e+01,2.105365e+01,2.102581e+01,2.101189e+01,2.118576e+01,2.103277e+01,2.110234e+01,2.105365e+01,2.103277e+01,2.106756e+01,2.105365e+01,2.110929e+01,2.115101e+01,2.094226e+01,2.106061e+01,2.105365e+01,2.107452e+01,2.113015e+01,2.112320e+01,2.108148e+01,2.112320e+01,2.113015e+01,2.113711e+01,2.113711e+01,2.112320e+01,2.110234e+01,2.114406e+01,2.117881e+01,2.110234e+01,2.110234e+01,2.116491e+01,2.112320e+01,2.113015e+01,2.103973e+01,2.096316e+01,2.108843e+01,2.098405e+01,2.113711e+01,2.100493e+01,2.101189e+01,2.111625e+01,2.117881e+01,2.106756e+01,2.103277e+01,2.103973e+01,2.123439e+01,2.125522e+01,2.112320e+01,2.119271e+01,2.133851e+01,2.132464e+01,2.142867e+01,2.150489e+01,2.146332e+01,2.141480e+01,2.142174e+01,2.157414e+01,2.158106e+01,2.153952e+01,2.156029e+01,2.165025e+01,2.166409e+01,2.177468e+01,2.161566e+01,2.157414e+01,2.153952e+01,2.158798e+01,2.161566e+01,2.155337e+01,2.155337e+01,2.149104e+01,2.162950e+01,2.160874e+01,2.158798e+01,2.172631e+01,2.161566e+01,2.168483e+01,2.161566e+01,2.162950e+01,2.150489e+01,2.162950e+01,2.178159e+01,2.162258e+01,2.167100e+01,2.167100e+01,2.154645e+01,2.162950e+01,2.143560e+01,2.164334e+01,2.172631e+01,2.156029e+01,2.159490e+01,2.162258e+01,2.173322e+01,2.160182e+01,2.160182e+01,2.138013e+01,2.155337e+01,2.151182e+01,2.134545e+01,2.160874e+01,2.159490e+01,2.153260e+01,2.144946e+01,2.160874e+01,2.151875e+01,2.142867e+01,2.148411e+01,2.117186e+01,2.141480e+01,2.156029e+01,2.144253e+01,2.142867e+01,2.144253e+01,2.128993e+01,2.138707e+01,2.151875e+01,2.139400e+01,2.143560e+01,2.128299e+01,2.139400e+01,2.128993e+01,2.138707e+01,2.147718e+01,2.138707e+01,2.141480e+01,2.142867e+01,2.160874e+01,2.123439e+01,2.151875e+01,2.145639e+01,2.135933e+01,2.134545e+01,2.142867e+01,2.138707e+01,2.138707e+01,2.140787e+01,2.140094e+01,2.137320e+01,2.122050e+01,2.131770e+01,2.139400e+01,2.130382e+01,2.139400e+01,2.141480e+01,2.146332e+01,2.148411e+01,2.148411e+01,2.149796e+01,2.148411e+01,2.150489e+01,2.144946e+01,2.144946e+01,2.142174e+01,2.140787e+01,2.159490e+01,2.158798e+01,2.145639e+01,2.149796e+01,2.155337e+01,2.138707e+01,2.151875e+01,2.153260e+01,2.144253e+01,2.154645e+01,2.154645e+01,2.154645e+01,2.156721e+01,2.146332e+01,2.156029e+01,2.156029e+01,2.144253e+01,2.156721e+01,2.147025e+01,2.137320e+01,2.147025e+01,2.140094e+01,2.135239e+01,2.144946e+01,2.130382e+01,2.144946e+01,2.144253e+01,2.156029e+01,2.138013e+01,2.156721e+01,2.145639e+01,2.147025e+01,2.133158e+01,2.116491e+01,2.127605e+01,2.128299e+01,2.147718e+01,2.126217e+01,2.147718e+01,2.145639e+01,2.127605e+01,2.130382e+01,2.110234e+01,2.142174e+01,2.131770e+01,2.120660e+01,2.128993e+01,2.115101e+01,2.115101e+01,2.119271e+01,2.106061e+01,2.122744e+01,2.107452e+01,2.122744e+01,2.103277e+01,2.123439e+01,2.108843e+01,2.123439e+01,2.123439e+01,2.120660e+01,2.126217e+01,2.128993e+01,2.130382e+01,2.128299e+01,2.131770e+01,2.144253e+01,2.128299e+01,2.132464e+01,2.133158e+01,2.141480e+01,2.133158e+01,2.137320e+01,2.134545e+01,2.153260e+01,2.154645e+01,2.140787e+01,2.157414e+01,2.131770e+01,2.151875e+01,2.141480e+01,2.147025e+01,2.158798e+01,2.158106e+01,2.147025e+01,2.138707e+01,2.153260e+01,2.147718e+01,2.155337e+01,2.162258e+01,2.156029e+01,2.153260e+01,2.162950e+01,2.145639e+01,2.161566e+01,2.158106e+01,2.161566e+01,2.155337e+01,2.161566e+01,2.159490e+01,2.157414e+01,2.162258e+01,2.161566e+01,2.167792e+01,2.163642e+01,2.165025e+01,2.149104e+01,2.165717e+01,2.172631e+01,2.165717e+01,2.164334e+01,2.171940e+01,2.158798e+01,2.159490e+01,2.163642e+01,2.182303e+01,2.185065e+01,2.160874e+01,2.162950e+01,2.165025e+01,2.160874e+01,2.168483e+01,2.160182e+01
2.182993e+01,2.181612e+01,2.190586e+01,2.180922e+01,2.178850e+01,2.176086e+01,2.179540e+01,2.191965e+01,2.174704e+01,2.188516e+01,2.179540e+01,2.180922e+01,2.182303e+01,2.200241e+01,2.183684e+01,2.182303e+01,2.180922e+01,2.189206e+01,2.179540e+01,2.191965e+01,2.194725e+01,2.198862e+01,2.196104e+01,2.182993e+01,2.203687e+01,2.185755e+01,2.182993e+01,2.172631e+01,2.183684e+01,2.176777e+01,2.180231e+01,2.180922e+01,2.187135e+01,2.185755e+01,2.182993e+01,2.194035e+01,2.192655e+01,2.181612e+01,2.185755e+01,2.190586e+01,2.174013e+01,2.174704e+01,2.197483e+01,2.187135e+01,2.192655e+01,2.197483e+01,2.184374e+01,2.182303e+01,2.186445e+01,2.173322e+01,2.184374e+01,2.178159e+01,2.183684e+01,2.181612e+01,2.168483e+01,2.189896e+01,2.180922e+01,2.171248e+01,2.176086e+01,2.182303e+01,2.174704e+01,2.176777e+01,2.184374e+01,2.162258e+01,2.160874e+01,2.160874e+01,2.160874e+01,2.165717e+01,2.162258e+01,2.170557e+01,2.171248e+01,2.170557e+01,2.171940e+01,2.160874e+01,2.159490e+01,2.171248e+01,2.170557e+01,2.171248e+01,2.172631e+01,2.174704e+01,2.178850e+01,2.182993e+01,2.175395e+01,2.173322e+01,2.182303e+01,2.169175e+01,2.167792e+01,2.179540e+01,2.172631e+01,2.180231e+01,2.174013e+01,2.174013e+01,2.175395e+01,2.183684e+01,2.180922e+01,2.176086e+01,2.171248e+01,2.180231e+01,2.169175e+01,2.183684e+01,2.178159e+01,2.174704e+01,2.178850e+01,2.182993e+01,2.171940e+01,2.176086e+01,2.162258e+01,2.180231e+01,2.180922e+01,2.182303e+01,2.180922e+01,2.178159e+01,2.179540e+01,2.180922e+01,2.169175e+01,2.178850e+01,2.168483e+01,2.189206e+01,2.180231e+01,2.191276e+01,2.176777e+01,2.208509e+01,2.176777e+01,2.178850e+01,2.190586e+01,2.182303e+01,2.187825e+01,2.182993e+01,2.172631e+01,2.176777e+01,2.187135e+01,2.184374e+01,2.166409e+01,2.164334e+01,2.183684e+01,2.174013e+01,2.180231e+01,2.174013e+01,2.178159e+01,2.190586e+01,2.189206e+01,2.200241e+01,2.191965e+01,2.200241e+01,2.200241e+01,2.185755e+01,2.205065e+01,2.215394e+01,2.209886e+01,2.222275e+01,2.211263e+01,2.210575e+01,2.216082e+01,2.224338e+01,2.209198e+01,2.228463e+01,2.222962e+01,2.224338e+01,2.226401e+01,2.245634e+01,2.251808e+01,2.254551e+01,2.259350e+01,2.255923e+01,2.250437e+01,2.277837e+01,2.274416e+01,2.262776e+01,2.279206e+01,2.281941e+01,2.290144e+01,2.292194e+01,2.290144e+01,2.294243e+01,2.288777e+01,2.288777e+01,2.296292e+01,2.286727e+01,2.294926e+01,2.284676e+01,2.290144e+01,2.288094e+01,2.300388e+01,2.283993e+01,2.295609e+01,2.289461e+01,2.286727e+01,2.299023e+01,2.297657e+01,2.294243e+01,2.281941e+01,2.281257e+01,2.283993e+01,2.282625e+01,2.281257e+01,2.273047e+01,2.270309e+01,2.270994e+01,2.260035e+01,2.273732e+01,2.255923e+01,2.254551e+01,2.254551e+01,2.227088e+01,2.209886e+01,2.208509e+01,2.202308e+01,2.176086e+01,2.175395e+01,2.149796e+01,2.122744e+01,2.118576e+01,2.123439e+01,2.074007e+01,2.101189e+01,2.114406e+01,2.100493e+01,2.098405e+01,2.094226e+01,2.103973e+01,2.111625e+01,2.097012e+01,2.098405e+01,2.102581e+01,2.099101e+01,2.092833e+01,2.103973e+01,2.102581e+01,2.103973e+01,2.101189e+01,2.102581e+01,2.103973e+01,2.109539e+01,2.111625e+01,2.103973e+01,2.111625e+01,2.113015e+01,2.108843e+01,2.103973e+01,2.110234e+01,2.106061e+01,2.105365e+01,2.092833e+01,2.090047e+01,2.075403e+01,2.095619e+01,2.092137e+01,2.091440e+01,2.093530e+01,2.094226e+01,2.097012e+01,2.105365e+01,2.101189e+01,2.088653e+01,2.098405e+01,2.087956e+01,2.102581e+01,2.093530e+01,2.100493e+01,2.089350e+01,2.094226e+01,2.094226e+01,2.091440e+01,2.093530e+01,2.085865e+01,2.096316e+01,2.101189e+01,2.099101e+01,2.094923e+01,2.092137e+01,2.088653e+01,2.090743e+01,2.096316e+01,2.105365e+01,2.095619e+01,2.113015e+01,2.112320e+01,2.105365e+01,2.087259e+01,2.086562e+01,2.098405e+01,2.099101e+01,2.112320e+01,2.120660e+01,2.102581e+01,2.103973e+01,2.097012e+01,2.092137e+01,2.091440e+01,2.092137e+01,2.102581e+01,2.092137e+01,2.107452e+01,2.097709e+01,2.099797e+01,2.097709e+01,2.094923e+01,2.097709e+01,2.101189e+01,2.097709e+01,2.079589e+01,2.096316e+01,2.106756e+01,2.099101e+01,2.092137e+01,2.086562e+01,2.083076e+01,2.090743e+01,2.087956e+01,2.097709e+01,2.100493e+01,2.087956e+01,2.090047e+01,2.090743e+01,2.087956e+01,2.095619e+01,2.097012e+01,2.088653e+01,2.093530e+01,2.093530e+01,2.095619e+01,2.099797e+01,2.092137e+01,2.105365e+01,2.092833e+01,2.105365e+01,2.107452e+01,2.106756e+01,2.111625e+01,2.101189e+01,2.100493e+01,2.120660e+01,2.088653e+01,2.102581e+01,2.107452e+01,2.133158e+01,2.091440e+01,2.107452e+01,2.108843e+01,2.105365e+01,2.110929e+01,2.113711e+01,2.106061e+01,2.119966e+01,2.122050e+01,2.113711e+01,2.111625e+01,2.110234e+01,2.111625e+01,2.112320e+01,2.106756e+01,2.115101e+01,2.111625e+01,2.124133e+01,2.115796e+01,2.097012e+01,2.123439e+01,2.097012e+01,2.107452e+01,2.107452e+01,2.106061e+01,2.107452e+01,2.120660e+01,2.106061e+01,2.110234e+01,2.113711e+01,2.117186e+01,2.102581e+01,2.102581e+01,2.108843e+01,2.108148e+01,2.099797e+01,2.106756e+01,2.096316e+01,2.118576e+01,2.105365e+01,2.105365e+01,2.105365e+01,2.115796e+01,2.110929e+01,2.111625e+01,2.113015e+01,2.112320e+01,2.108843e+01,2.107452e+01,2.103277e+01,2.115796e+01,2.096316e+01,2.119966e+01,2.112320e+01,2.122744e+01,2.108843e+01,2.105365e+01,2.107452e+01,2.114406e+01,2.103973e+01,2.107452e+01,2.100493e+01,2.098405e+01,2.118576e+01,2.103973e+01,2.110929e+01,2.114406e+01,2.111625e+01,2.113711e+01,2.112320e+01,2.123439e+01,2.105365e+01,2.106756e+01,2.124828e+01,2.129688e+01,2.135239e+01,2.127605e+01,2.125522e+01,2.130382e+01,2.124828e+01,2.138707e+01,2.146332e+01,2.140094e+01,2.159490e+01,2.160874e+01,2.158106e+01,2.154645e+01,2.171940e+01,2.159490e+01,2.161566e+01,2.158106e+01,2.158798e+01,2.163642e+01,2.153952e+01,2.153260e+01,2.163642e+01,2.149796e+01,2.149796e+01,2.160182e+01,2.175395e+01,2.163642e+01,2.154645e+01,2.169866e+01,2.165025e+01,2.167792e+01,2.153260e+01,2.162258e+01,2.167100e+01,2.160182e+01,2.160874e+01,2.173322e+01,2.161566e+01,2.165025e+01,2.162258e+01,2.159490e+01,2.166409e+01,2.167100e+01,2.153952e+01,2.157414e+01,2.151182e+01,2.151875e+01,2.150489e+01,2.149104e+01,2.164334e+01,2.139400e+01,2.157414e+01,2.147718e+01,2.158798e+01,2.158798e+01,2.156721e+01,2.154645e+01,2.153260e+01,2.150489e+01,2.138707e+01,2.145639e+01,2.142867e+01,2.141480e+01,2.147025e+01,2.148411e+01,2.142174e+01,2.148411e+01,2.136626e+01,2.149796e+01,2.145639e+01,2.131076e+01,2.155337e+01,2.140787e+01,2.144946e+01,2.136626e+01,2.142174e+01,2.144253e+01,2.131770e+01,2.140094e+01,2.140787e+01,2.140787e+01,2.142867e+01,2.140094e+01,2.133851e+01,2.141480e+01,2.134545e+01,2.131770e+01,2.142867e+01,2.128299e+01,2.128993e+01,2.138707e+01,2.128993e+01,2.147718e+01,2.147718e+01,2.143560e+01,2.136626e+01,2.143560e+01,2.144253e+01,2.142174e+01,2.148411e+01,2.144946e+01,2.148411e+01,2.143560e+01,2.142174e+01,2.150489e+01,2.149796e+01,2.135933e+01,2.148411e+01,2.154645e+01,2.153952e+01,2.149796e+01,2.149104e+01,2.150489e+01,2.152567e+01,2.139400e+01,2.158106e+01,2.151182e+01,2.160182e+01,2.158106e+01,2.149796e+01,2.147025e+01,2.146332e+01,2.149796e+01,2.146332e+01,2.144253e+01,2.144946e+01,2.145639e+01,2.140787e+01,2.152567e+01,2.139400e+01,2.149796e+01,2.140094e+01,2.135239e+01,2.135239e+01,2.144253e+01,2.145639e+01,2.139400e+01,2.137320e+01,2.138013e+01,2.133158e+01,2.133851e+01,2.131076e+01,2.119271e+01,2.124828e+01,2.136626e+01,2.127605e+01,2.126911e+01,2.133158e+01,2.129688e+01,2.126217e+01,2.127605e+01,2.136626e+01,2.122744e+01,2.119271e+01,2.117881e+01,2.119271e+01,2.129688e+01,2.116491e+01,2.119966e+01,2.124828e+01,2.129688e+01,2.126911e+01,2.125522e+01,2.127605e+01,2.106061e+01,2.138013e+01,2.107452e+01,2.133851e+01,2.132464e+01,2.134545e+01,2.128993e+01,2.128299e+01,2.129688e+01,2.151182e+01,2.108148e+01,2.153260e+01,2.133158e+01,2.135933e+01,2.149796e+01,2.136626e+01,2.139400e+01,2.154645e+01,2.135239e+01,2.155337e+01,2.156721e+01,2.155337e+01,2.157414e+01,2.151875e+01,2.157414e+01,2.154645e+01,2.153952e+01,2.154645e+01,2.161566e+01,2.153952e+01,2.160874e+01,2.158106e+01,2.155337e+01,2.166409e+01,2.156721e+01,2.170557e+01,2.172631e+01,2.159490e+01,2.156029e+01,2.174704e+01,2.161566e+01,2.160874e+01,2.171248e+01,2.164334e+01,2.169866e+01,2.157414e+01,2.147025e+01,2.170557e+01,2.156029e+01,2.160874e+01,2.169866e+01,2.161566e+01,2.171248e+01,2.171248e+01,2.169175e+01,2.162258e+01,2.163642e+01,2.159490e+01,2.164334e+01,2.166409e+01,2.149104e+01,2.171248e+01,2.169175e+01,2.166409e+01,2.165717e+01,2.165717e+01
